data/validation/pwv_sim_epoch_fit_4/13070214.ecsv
# %ECSV 0.9
# ---
# datatype:
# - {name: time, datatype: float64}
# - {name: band, datatype: string}
# - {name: flux, datatype: float64}
# - {name: fluxerr, datatype: float64}
# - {name: zp, datatype: float64}
# - {name: zpsys, datatype: string}
# - {name: pwv, datatype: float64}
# - {name: airmass, datatype: float64}
# meta: {SNID: '13070214', alt: 1024.0, c: -0.017504313960671425, dec: -28.630989, lat: -30.244573, lon: -70.7499537, ra: 63.105469, t0: 61383.17578125,
#   x0: 1.8189450015613286e-05, x1: 0.5661147236824036, z: 0.3573136627674103}
# schema: astropy-2.0
time band flux fluxerr zp zpsys pwv airmass
61260.3588 lsst_hardware_u 2.2049329033397167 2.6700000762939453 28.25 AB 3.397141629684708 1.3374573345215386
61260.3775 lsst_hardware_g 8.879113579319888 15.59000015258789 31.40999984741211 AB 1.727239936740776 1.2337428119576972
61261.3603 lsst_hardware_r 15.763427199019274 23.239999771118164 31.440000534057617 AB 6.496376081629939 1.3113836587753467
61261.3783 lsst_hardware_i -24.18719087691315 31.709999084472656 31.229999542236328 AB 4.824242210706169 1.2172183878989493
61263.3542 lsst_hardware_z 16.997465362469736 45.099998474121094 30.920000076293945 AB 7.102198264729964 1.3152219008759192
61263.373 lsst_hardware_u -2.6269059001930035 2.5399999618530273 28.260000228881836 AB 6.569043330674156 1.2164895056803993
61268.3571 lsst_hardware_i -36.99195876314784 31.520000457763672 31.219999313354492 AB 6.6861705298418865 1.2268953201740571
61268.3749 lsst_hardware_z -14.630055272592195 42.310001373291016 30.940000534057617 AB 6.2913402608299815 1.153457237822523
61271.2966 lsst_hardware_z 37.65503562700842 48.560001373291016 30.889999389648438 AB 4.318360656933576 1.6034509525095275
61272.3092 lsst_hardware_u 0.3002859308988373 2.430000066757202 28.100000381469727 AB 3.574946016965508 1.459757458949128
61274.3558 lsst_hardware_z 70.64216008177823 42.52000045776367 30.940000534057617 AB 2.3040851326010445 1.163434529400906
61274.3735 lsst_hardware_g 20.320679938157085 13.350000381469727 31.389999389648438 AB 2.1419269188316687 1.1055106677840871
61278.3304 lsst_hardware_i -49.615947987823844 57.130001068115234 31.290000915527344 AB 3.34623714464081 1.224083823182835
61278.3477 lsst_hardware_z 62.10032138459126 54.560001373291016 30.959999084472656 AB 2.8004872411657638 1.1530965857119533
61286.3331 lsst_hardware_r 41.85957750229877 41.189998626708984 31.59000015258789 AB 1.7229944786960523 1.128537402126119
61286.3511 lsst_hardware_i -49.720066111138195 39.880001068115234 31.280000686645508 AB 1.080849246855917 1.0786021590246155
61297.2843 lsst_hardware_z 18.058737716844075 42.81999969482422 30.93000030517578 AB 2.4441625270029586 1.198314688839496
61297.308 lsst_hardware_r 20.40246732939534 22.030000686645508 31.469999313354492 AB 1.7956512127118014 1.113351997134526
61299.323 lsst_hardware_i -16.691808875361374 30.030000686645508 31.239999771118164 AB 2.786149759029903 1.0621996793859942
61299.3396 lsst_hardware_z -34.48214862064483 40.619998931884766 30.950000762939453 AB 4.273415209977616 1.0330368550137032
61307.252 lsst_hardware_y -18.513620185778965 73.16000366210938 30.739999771118164 AB 4.962175370994347 1.2205071831584031
61309.242 lsst_hardware_r 2.9961709162939427 90.02999877929688 31.610000610351562 AB 3.8407350564326643 1.2421523468412607
61309.2586 lsst_hardware_i -51.77517959270884 69.18000030517578 31.309999465942383 AB 3.7388999280083848 1.1696855710959306
61311.2028 lsst_hardware_r 111.11694387125863 93.66999816894531 31.559999465942383 AB 6.525486616041479 1.4591603352743456
61311.2229 lsst_hardware_i -32.13766271236565 72.5 31.280000686645508 AB 4.8907255929509255 1.3167760178463341
61315.202 lsst_hardware_u 2.497127530618483 3.640000104904175 28.440000534057617 AB 6.226228763818872 1.381968503363171
61315.2222 lsst_hardware_g 25.830331472139388 28.56999969482422 31.559999465942383 AB 4.267655097030381 1.259452588764937
61317.2052 lsst_hardware_r 40.915793372254996 23.06999969482422 31.440000534057617 AB 2.9373855153507575 1.324837487191077
61317.2251 lsst_hardware_z -93.0908524412229 43.45000076293945 30.93000030517578 AB 3.1904625771820707 1.2186640860130622
61321.1966 lsst_hardware_g 6.919876024067398 13.289999961853027 31.309999465942383 AB 5.415635844635954 1.3107630120135427
61321.2165 lsst_hardware_r -16.188790190798823 22.639999389648438 31.459999084472656 AB 3.961950571093877 1.2082187256194796
61323.204 lsst_hardware_i -63.94094479065695 31.65999984741211 31.229999542236328 AB 4.2547684190861474 1.2410603069771495
61323.2225 lsst_hardware_z 45.913217163502914 42.459999084472656 30.940000534057617 AB 3.0218806624215695 1.161666067050834
61325.2046 lsst_hardware_r 6.095554300733714 22.459999084472656 31.450000762939453 AB 7.510739342865308 1.2125830388868757
61325.2221 lsst_hardware_u 0.26599688152868295 2.619999885559082 28.3799991607666 AB 6.289601154702079 1.1435638463094688
61326.1922 lsst_hardware_u -5.5868150191311505 2.5299999713897705 28.260000228881836 AB 8.384344836777862 1.2592888009581593
61326.2128 lsst_hardware_g -8.655023346534403 13.149999618530273 31.360000610351562 AB 6.801241344304117 1.1673445774390245
61330.1989 lsst_hardware_y -64.0115840106306 48.66999816894531 30.0 AB 7.619902873842557 1.1789431986348375
61330.2182 lsst_hardware_g -13.73396122691926 13.149999618530273 31.3799991607666 AB 5.830528809467922 1.1124840315718885
61332.1993 lsst_hardware_r 26.860336600274174 31.700000762939453 31.549999237060547 AB 2.9886065634658148 1.1566187880669272
61332.2183 lsst_hardware_i 49.00808013412997 33.790000915527344 31.260000228881836 AB 2.455996434808115 1.0968350285718131
61334.1823 lsst_hardware_i -108.28543844675139 42.33000183105469 31.270000457763672 AB 3.0264356700186803 1.2025572198749723
61334.2021 lsst_hardware_z 55.38760086418368 46.88999938964844 30.950000762939453 AB 2.8785283774654937 1.1283921511036823
61337.1838 lsst_hardware_r 108.54666502772608 76.01000213623047 31.6200008392334 AB 2.757371077069396 1.163447711843627
61337.2015 lsst_hardware_z 73.44283794717002 57.25 30.979999542236328 AB 2.520679469048583 1.1055207641753169
61340.184 lsst_hardware_z -54.20725603053899 65.70999908447266 30.979999542236328 AB 2.7314460292189344 1.1339682529193653
61340.2007 lsst_hardware_i -91.30033663609832 72.33000183105469 31.329999923706055 AB 2.6422146543353673 1.0858416387679592
61342.1899 lsst_hardware_z -70.36454835845008 53.900001525878906 30.969999313354492 AB 2.2705605282483665 1.0998113481461291
61342.2084 lsst_hardware_r -88.96568438766775 62.029998779296875 31.649999618530273 AB 3.441754511746425 1.0565631655398946
61345.2073 lsst_hardware_r 20.1752311297493 22.1200008392334 31.5 AB 4.63535552842867 1.0436072484267176
61345.2265 lsst_hardware_i -68.99972929800526 32.7400016784668 31.280000686645508 AB 5.003034206757007 1.0175145413128837
61355.1314 lsst_hardware_z 13.315347375794666 42.880001068115234 30.93000030517578 AB 3.0198364653282823 1.1759487793334433
61355.1485 lsst_hardware_r 33.8377435133987 22.360000610351562 31.469999313354492 AB 3.1270012292519795 1.1167861533042784
61360.1164 lsst_hardware_g -2.632867672522276 19.61938003367402 31.479999542236328 AB 6.818921284589295 1.181311073151694
61360.135 lsst_hardware_r 146.50215708644694 27.75213708248767 31.5 AB 6.478431828981263 1.1163294363551861
61362.1186 lsst_hardware_i 304.9944898457136 40.39138867642806 31.260000228881836 AB 6.438733800907297 1.1522601686806415
61362.1356 lsst_hardware_r 341.0434491397755 38.96165423680654 31.56999969482422 AB 5.290197079497828 1.098976282419912
61363.0972 lsst_hardware_z 296.924094439672 51.12589018097239 30.93000030517578 AB 5.518267689848334 1.2294235690872124
61363.115 lsst_hardware_r 669.9891324994313 47.78092425999483 31.56999969482422 AB 5.195784697407841 1.1553890810335428
61365.1028 lsst_hardware_i 905.9505345002879 59.956196007372796 31.290000915527344 AB 3.834451620785767 1.18110322525336
61365.1202 lsst_hardware_z 725.859227480448 57.73953157449253 30.959999084472656 AB 3.754179342092 1.1198148671415362
61367.0998 lsst_hardware_r 2215.011165218895 98.18825514944884 31.6200008392334 AB 8.008317633175196 1.1714060752102438
61367.1174 lsst_hardware_z 1026.9280244222305 69.71696573072121 30.979999542236328 AB 7.63803578166083 1.11183606123374
61369.1074 lsst_hardware_g 2043.0270459763642 107.79583999563135 31.700000762939453 AB 5.778277478393434 1.1256567434653357
61369.1245 lsst_hardware_i 2085.065028768433 85.18043359307501 31.329999923706055 AB 5.574145083788534 1.0785884450056509
61371.1057 lsst_hardware_z 1679.9306060026956 63.403924742277994 30.959999084472656 AB 4.248937530419467 1.1141344804876103
61371.1238 lsst_hardware_r 3949.851258170835 77.47618838407722 31.6299991607666 AB 4.067490032416664 1.0677695219855028
61373.1249 lsst_hardware_r 3973.2032543150895 67.70930072605013 31.489999771118164 AB 5.283795706224801 1.0543517048522144
61373.1419 lsst_hardware_u 18.974174200596842 6.273229176049557 28.5 AB 5.227679115032212 1.0270489420495088
61375.1242 lsst_hardware_g 3147.2256654045796 57.48828112293783 31.399999618530273 AB 9.27927373009079 1.0456501527006241
61375.1414 lsst_hardware_r 4905.224867746819 72.70711691414802 31.5 AB 8.25907108824138 1.0209829101996624
61378.0255 lsst_hardware_y 762.2279046722715 81.86197694611012 29.950000762939453 AB 6.308985691038155 1.4147293846929376
61378.0467 lsst_hardware_r 5282.984380575954 76.07082382906431 31.450000762939453 AB 4.409730087346922 1.2780591500378282
61380.0271 lsst_hardware_y 703.3604435988512 80.74868872818595 29.959999084472656 AB 4.398947674343143 1.364226290694193
61380.0481 lsst_hardware_z 2523.39432719114 67.11207740955737 30.93000030517578 AB 4.235037111969787 1.2424017930237732
61384.0294 lsst_hardware_y 751.4940515191468 78.56024797630174 29.979999542236328 AB 9.308953569294664 1.2831086932175697
61384.0496 lsst_hardware_r 5683.4300268377 79.09112234146232 31.479999542236328 AB 8.803059427137022 1.18646277447795
61386.0324 lsst_hardware_y 797.5506388938462 70.17144472301682 30.0 AB 16.493076328498056 1.2390483866325472
61386.0525 lsst_hardware_r 5459.038871755799 77.88243331410044 31.479999542236328 AB 15.69739321025427 1.1543049643543195
61388.0339 lsst_hardware_z 2771.0541363277885 79.10676845494879 30.959999084472656 AB 10.001585203599388 1.2067549714767603
61388.0552 lsst_hardware_g 2693.9567966753452 53.910480307989836 31.420000076293945 AB 8.90072506645992 1.1266740590455595
61391.0357 lsst_hardware_y 822.3900455202904 67.4192437364522 30.020000457763672 AB 11.808558881565038 1.1659319590802761
61391.0564 lsst_hardware_i 4379.690737603067 73.49204541833437 31.260000228881836 AB 12.009028699362279 1.0990234006920623
61393.039 lsst_hardware_y 605.8707163808651 64.7417462358923 30.040000915527344 AB 4.162519126630467 1.1349229646360075
61393.0605 lsst_hardware_r 5024.114190631707 84.47627088799062 31.6200008392334 AB 4.477942033623386 1.0750070900549884
61395.0385 lsst_hardware_y 1341.6531685227553 97.73294758883044 30.790000915527344 AB 5.036224653790217 1.1191610341756038
61395.0594 lsst_hardware_z 4619.308464584709 101.06560691268275 31.729999542236328 AB 4.754233759721458 1.0653347235706885
61404.0441 lsst_hardware_y 467.3174366043895 56.075012660389994 30.049999237060547 AB 8.920015820031296 1.0472575074884047
61404.0657 lsst_hardware_z 1554.3617953047865 56.34461110258688 30.950000762939453 AB 8.587628385730618 1.0172102956210891
61406.0449 lsst_hardware_y 471.2224036528635 56.82241278109148 30.059999465942383 AB 7.146127476432121 1.0368735723737643
61406.0679 lsst_hardware_u 3.634273131604923 3.636988097100215 28.479999542236328 AB 6.964014510755707 1.0102980127397831
61624.3575 lsst_hardware_g 2.636396142352241 13.630000114440918 31.309999465942383 AB 5.881323246482558 1.368598335358957
61624.3753 lsst_hardware_r 8.572920445529107 23.079999923706055 31.450000762939453 AB 3.8062602438283633 1.261918025305715
61626.3591 lsst_hardware_i -12.49912049604441 32.72999954223633 31.209999084472656 AB 6.499934864360282 1.322827799544186
61626.3774 lsst_hardware_r -22.19407119778489 23.139999389648438 31.459999084472656 AB 4.792898756390189 1.224552569338321
61629.3417 lsst_hardware_g 16.81998027333655 13.5600004196167 31.299999237060547 AB 4.322881591306826 1.3835434761743721
61629.3601 lsst_hardware_r 12.452154882177389 23.15999984741211 31.459999084472656 AB 3.961058995332021 1.2701129741338246
61631.3528 lsst_hardware_z -28.886943564647794 52.47999954223633 30.940000534057617 AB 4.480324303170062 1.2800926580485892
61631.3716 lsst_hardware_r 2.6741439552125335 48.619998931884766 31.59000015258789 AB 4.1649310635151355 1.1899803038614674
61649.338 lsst_hardware_i 43.21482536461061 30.799999237060547 31.229999542236328 AB 0.913708701052519 1.1325797348032463
61649.3552 lsst_hardware_u -3.158006530144007 2.609999895095825 28.389999389648438 AB 0.8761420252254062 1.0835519223647194
61651.3268 lsst_hardware_u -5.415832392238525 2.5399999618530273 28.299999237060547 AB 1.7902295320385426 1.1521992161149106
61651.3437 lsst_hardware_g -0.06992355959022549 13.109999656677246 31.360000610351562 AB 1.121643588981871 1.0992015571892568
61653.3219 lsst_hardware_r -9.950365007433824 22.280000686645508 31.469999313354492 AB 2.142451482293186 1.1502065939297705
61653.3386 lsst_hardware_i -18.31814373735367 30.280000686645508 31.229999542236328 AB 1.324731274112332 1.098222817916959
61655.322 lsst_hardware_z 20.452541926515078 42.029998779296875 30.940000534057617 AB 2.115607619379636 1.1313409729302866
61655.3383 lsst_hardware_u -1.9696459111153954 2.5899999141693115 28.3700008392334 AB 2.588055728882311 1.0848354319752598
61678.1607 lsst_hardware_r -0.5290585190949172 34.36000061035156 32.08000183105469 AB 7.821987889444469 1.8875453401169084
61678.1903 lsst_hardware_u -3.3987835113593734 3.369999885559082 28.81999969482422 AB 6.452629769752761 1.527038815884062
61682.203 lsst_hardware_u -1.5581182440271766 2.4700000286102295 28.18000030517578 AB 2.9710980926518453 1.3430715404135765
61682.2234 lsst_hardware_g -0.49551873019342857 13.140000343322754 31.329999923706055 AB 3.224863954138756 1.2298079718328747
61684.204 lsst_hardware_r -22.9079720088419 23.0 31.43000030517578 AB 6.266017864716892 1.3033838512149938
61684.2242 lsst_hardware_i -54.43908883098876 31.25 31.219999313354492 AB 5.895071915468529 1.2014412871199447
61686.203 lsst_hardware_z -17.819432158590224 46.150001525878906 30.93000030517578 AB 5.290481944823471 1.2781514664364306
61686.2216 lsst_hardware_r 57.69958913712249 30.489999771118164 31.530000686645508 AB 3.7682329198626916 1.189342320840796
61689.1965 lsst_hardware_r -64.2600349462743 52.470001220703125 31.56999969482422 AB 4.902862326821233 1.2690209206215854
61689.2156 lsst_hardware_z -37.06376773482032 49.290000915527344 30.940000534057617 AB 4.2495255341082485 1.1804237594745135
61692.1985 lsst_hardware_r 76.97458429119615 84.2300033569336 31.610000610351562 AB 9.931677123308226 1.2186106899764695
61692.2161 lsst_hardware_y -51.65290686260913 53.66999816894531 30.020000457763672 AB 7.231341194171678 1.1478319355828062
61694.2003 lsst_hardware_z -42.058536987795904 67.47000122070312 30.969999313354492 AB 8.990882457619309 1.1871110688390072
61694.2196 lsst_hardware_r 16.49259559098535 94.23999786376953 31.639999389648438 AB 7.983793965288698 1.1185309047373535
61696.1994 lsst_hardware_i 51.09259719181881 61.060001373291016 31.299999237060547 AB 6.791225787389737 1.1690198165118897
61696.2187 lsst_hardware_z -43.60560997769271 57.02000045776367 30.969999313354492 AB 5.523473400666265 1.1051551614504096
61698.2021 lsst_hardware_r 61.42895441685188 48.22999954223633 31.610000610351562 AB 2.523443171964542 1.139637878272346
61698.2203 lsst_hardware_z -0.1279929260354646 49.43000030517578 30.969999313354492 AB 1.2231335207812204 1.086344626554263
61702.1841 lsst_hardware_r -39.80508077432256 22.6200008392334 31.469999313354492 AB 2.8087956232043156 1.1649114356276973
61702.2025 lsst_hardware_z 36.57541901610057 41.970001220703125 30.940000534057617 AB 2.7472494165883012 1.104643914993883
61707.1876 lsst_hardware_g 10.467688547635943 13.220000267028809 31.3799991607666 AB 2.336081120581122 1.1081978750384829
61707.206 lsst_hardware_r 21.389085587853305 22.0 31.479999542236328 AB 2.2032017161809696 1.0628083531987311
61709.186 lsst_hardware_i -20.376970353957756 30.540000915527344 31.239999771118164 AB 3.7038789644915475 1.0974456191086066
61709.2044 lsst_hardware_z 60.31051039863504 41.09000015258789 30.950000762939453 AB 3.5133579435851625 1.05506244552107
