data/validation/pwv_sim_epoch_fit_4/13109192.ecsv
# %ECSV 0.9
# ---
# datatype:
# - {name: time, datatype: float64}
# - {name: band, datatype: string}
# - {name: flux, datatype: float64}
# - {name: fluxerr, datatype: float64}
# - {name: zp, datatype: float64}
# - {name: zpsys, datatype: string}
# - {name: pwv, datatype: float64}
# - {name: airmass, datatype: float64}
# meta: {SNID: '13109192', alt: 1024.0, c: -0.07894182950258255, dec: -36.238361, lat: -30.244573, lon: -70.7499537, ra: 86.835938, t0: 62790.84765625,
#   x0: 4.430280151595461e-06, x1: 1.0394561290740967, z: 0.644084095954895}
# schema: astropy-2.0
time band flux fluxerr zp zpsys pwv airmass
62755.3318 lsst_hardware_r 18.292534203481566 79.77999877929688 31.59000015258789 AB 3.1761340143099415 1.3092061064756562
62755.3504 lsst_hardware_z 74.8485481605434 57.689998626708984 30.959999084472656 AB 3.736030229478763 1.2177412742759983
62762.3058 lsst_hardware_g 97.50548422517144 41.21238218248234 31.559999465942383 AB 2.678265495464493 1.3497054403480269
62762.323 lsst_hardware_r -23.371851066306835 43.3348355140463 31.559999465942383 AB 2.482217650636447 1.2555476229827853
62764.3122 lsst_hardware_i 85.86249653575759 36.82492518674853 31.229999542236328 AB 8.551202676901973 1.2823598115825994
62764.329 lsst_hardware_z 93.57676974678884 45.38431105892872 30.940000534057617 AB 7.853824697254504 1.204420400857112
62765.3187 lsst_hardware_r 68.69902855402097 27.57827082773108 31.489999771118164 AB 3.8076448413780097 1.237252588587493
62765.3351 lsst_hardware_g 60.991357067288696 20.29371687050358 31.510000228881836 AB 2.7339514140500873 1.1703559135488388
62772.2731 lsst_hardware_z 348.0939461465903 49.50615167767214 30.90999984741211 AB 4.798547780632569 1.3843628649501833
62772.2935 lsst_hardware_r 643.0601342015763 33.614292779144044 31.43000030517578 AB 4.781307925413142 1.266347998255445
62776.2929 lsst_hardware_r 2971.690222700978 67.19135961649133 32.650001525878906 AB 3.8785948287232417 1.2184705467480477
62776.3249 lsst_hardware_z 1537.8046530706586 82.90770486755879 32.13999938964844 AB 3.533726810259098 1.1082435178399643
62781.2844 lsst_hardware_z 823.0875124564596 54.87390460102967 30.950000762939453 AB 5.267147646630742 1.197079010597896
62781.3053 lsst_hardware_r 1631.997269444929 53.73956865205202 31.579999923706055 AB 5.160573446460494 1.1249615128167616
62785.3133 lsst_hardware_r 1860.470269775161 90.03472009572653 31.649999618530273 AB 4.84990512013938 1.0768991625496838
62785.3338 lsst_hardware_y 445.4418175490556 54.8428895030817 30.059999465942383 AB 4.545191620847917 1.040089615754598
62787.266 lsst_hardware_y 457.8025160948433 56.51813453086164 30.0 AB 6.722657602620458 1.2052813487038412
62787.285 lsst_hardware_r 1891.7810394209066 88.24000758695931 31.6299991607666 AB 6.364799782051281 1.1368420663344752
62789.2707 lsst_hardware_i 1415.0888919638196 65.4686676326116 31.290000915527344 AB 7.396120243369421 1.166335193971132
62789.2899 lsst_hardware_z 960.8858739019221 60.94612306753085 30.969999313354492 AB 7.036778315186225 1.1069338233736392
62791.2559 lsst_hardware_z 830.8416558398058 58.19848860163132 30.950000762939453 AB 7.2675195422580305 1.2019216707382456
62791.2744 lsst_hardware_r 1672.3659890916178 63.42528792069923 31.600000381469727 AB 7.005133559357692 1.135844810186499
62794.2831 lsst_hardware_i 2482.9898261211424 68.72685451814117 32.0099983215332 AB 1.3101590425463507 1.0896803791624763
62794.3193 lsst_hardware_z 2915.7597276320266 89.81807395761427 32.150001525878906 AB 1.2382189655217195 1.0271414064888902
62794.3445 lsst_hardware_y 425.6029330571862 51.0094474308773 30.059999465942383 AB 0.6842043238202138 1.0081596127016903
62796.2676 lsst_hardware_u -1.3746450304361522 2.7308452857605108 28.399999618530273 AB 3.1126246775374673 1.1156360851388771
62796.2852 lsst_hardware_g 239.47538988569767 20.54718814716357 31.389999389648438 AB 3.053710049571687 1.0727946775241008
62799.2441 lsst_hardware_g 221.90536346069655 19.26433053810466 31.34000015258789 AB 5.155876892920735 1.1638548291017459
62799.2614 lsst_hardware_r 1195.2684919861026 40.975827620052726 31.469999313354492 AB 4.2185898598362055 1.1101552262726857
62801.248 lsst_hardware_i 1019.0984200107497 45.00612916554436 31.239999771118164 AB 3.457833986404955 1.1330659413139854
62801.2655 lsst_hardware_z 819.3640771972757 50.60785172116222 30.940000534057617 AB 3.5776244533940256 1.086130833119884
62809.1432 lsst_hardware_z 1263.2740945685682 82.64081432990258 31.639999389648438 AB 8.288176056655612 1.6251325601285513
62827.1936 lsst_hardware_z 996.8323958994307 65.01781431544909 31.700000762939453 AB 4.119665401103302 1.0882751026557396
62827.2079 lsst_hardware_u 0.7767662770960659 4.0162734655783145 29.170000076293945 AB 3.919430272519065 1.058447278563252
62831.2055 lsst_hardware_r 158.52503030527853 25.252702410240225 31.469999313354492 AB 4.832629992456647 1.0441404376930967
62831.2214 lsst_hardware_i 227.0338816021175 33.793380378783816 31.239999771118164 AB 5.368702888850251 1.0237801084763614
62833.2136 lsst_hardware_z 372.0062976953199 44.40582913425242 30.950000762939453 AB 4.092291511866444 1.0262800029757508
62833.2304 lsst_hardware_i 267.9233368628748 33.468970119031496 31.25 AB 3.945614868855909 1.0119555960134745
62835.1364 lsst_hardware_r 142.9955261463335 26.218625084104485 31.479999542236328 AB 6.258369639439141 1.1993809197852652
62835.1543 lsst_hardware_z 271.7479405183689 45.5709936696311 30.940000534057617 AB 5.969290500842435 1.1357637826841906
62838.1312 lsst_hardware_z 270.54381774962474 48.93668183486791 30.940000534057617 AB 7.677784162265586 1.187567299069358
62838.1479 lsst_hardware_r 150.78183598197114 37.789092049287895 31.56999969482422 AB 7.308898097323915 1.1302776442625115
62840.145 lsst_hardware_i 99.16602355321754 46.79458260625742 31.290000915527344 AB 2.9115052977795206 1.1226884181669103
62840.1668 lsst_hardware_z 248.7734483907544 50.403105489220756 30.969999313354492 AB 2.569658225079015 1.0692429938953563
62842.1505 lsst_hardware_r 219.88242953601724 69.0531182067473 31.639999389648438 AB 4.985471232073206 1.0934249878436686
62842.1731 lsst_hardware_z 263.99044782500755 55.91179365895415 30.979999542236328 AB 4.2910252267923745 1.0478694082521063
62844.1321 lsst_hardware_i 220.79993607904987 72.67165860223085 31.31999969482422 AB 6.192700697579089 1.1285275155423418
62844.1544 lsst_hardware_z 328.8162543558948 64.61508732842923 30.979999542236328 AB 5.892179944448808 1.0722802446676427
62849.1583 lsst_hardware_z 204.33704602745792 51.237297198012676 30.969999313354492 AB 7.408007046347606 1.0412181800270714
62849.1798 lsst_hardware_g -83.95028244403447 56.202197528042866 31.729999542236328 AB 7.7280144730044595 1.01684400960585
62849.214 lsst_hardware_r 43.03942691330629 55.90898682238796 31.639999389648438 AB 7.8309356515458575 1.0059543736932002
62849.2271 lsst_hardware_z 199.50925132271934 51.40114915551221 30.969999313354492 AB 7.842768866610934 1.0105033166837116
62851.1538 lsst_hardware_r 142.40661072216864 31.39826344070388 31.559999465942383 AB 10.598453369344181 1.039819853916285
62851.1763 lsst_hardware_i 193.25491900685398 38.12188609444025 31.280000686645508 AB 10.447222287827847 1.015317445446949
62853.049 lsst_hardware_z 236.2893326666217 48.05054052235644 30.920000076293945 AB 5.692098247714915 1.404502682799313
62853.0698 lsst_hardware_g 29.500081025546326 13.306078597179201 31.34000015258789 AB 5.1972583890217905 1.279325141913056
62855.0508 lsst_hardware_y 25.421499719382645 52.10899186188771 29.940000534057617 AB 7.387894363926221 1.356510326174197
62855.0723 lsst_hardware_i 150.6954164338056 33.43629979557876 31.229999542236328 AB 6.446991893931578 1.2404024807949166
62863.0506 lsst_hardware_y 82.44630816449452 51.7150409833483 29.979999542236328 AB 7.688869051273028 1.239740253349408
62863.0712 lsst_hardware_z 144.31865745052943 44.23766459191006 30.940000534057617 AB 7.224968669238695 1.1574765570712424
62865.0608 lsst_hardware_y 108.18400738456585 70.76443687355271 30.75 AB 10.050379607099218 1.175036343740592
62866.0504 lsst_hardware_z 162.57981248775135 47.14784928846083 30.940000534057617 AB 9.056763631245726 1.204917665302415
62866.0718 lsst_hardware_r 40.67828510939555 29.097147400031936 31.540000915527344 AB 8.486208257158662 1.1292234404797301
62868.0504 lsst_hardware_y 120.2576812624662 51.52105642686717 30.010000228881836 AB 8.207410587611738 1.1833060247421767
62868.0725 lsst_hardware_z 81.02912156104028 46.68214404721101 30.950000762939453 AB 7.991328604408162 1.1115534965330354
62870.0516 lsst_hardware_y 110.1169211920015 52.25278039578159 30.010000228881836 AB 2.641127697338205 1.1591519408989246
62870.0749 lsst_hardware_z 146.9776827161265 51.17617752458475 30.959999084472656 AB 2.472758288533128 1.0913641348485614
62872.0497 lsst_hardware_y 24.868113943996157 55.58419490529638 30.020000457763672 AB 11.327956249924629 1.1471735332761912
62872.0719 lsst_hardware_i 107.08695960282611 61.33531357170498 31.31999969482422 AB 10.70071452800958 1.0855587577447836
62874.0478 lsst_hardware_y -151.31931122617348 59.41999816894531 30.030000686645508 AB 9.012389878351007 1.1358127071868687
62874.0668 lsst_hardware_r 16.92860178873202 91.7699966430664 31.649999618530273 AB 8.884187595702652 1.0847272788623945
62879.0464 lsst_hardware_y 27.936331950373166 52.119998931884766 30.030000686645508 AB 2.479738450190497 1.1011271981307715
62879.0645 lsst_hardware_g -10.530920013773459 12.9399995803833 31.389999389648438 AB 2.348174752457998 1.0610821294432886
62881.1508 lsst_hardware_g -20.556477051960396 22.8799991607666 31.610000610351562 AB 5.603652880868035 1.0181826169376984
62881.1637 lsst_hardware_r 78.45508867554271 31.329999923706055 31.579999923706055 AB 5.69516913344341 1.0317179632149425
62883.0433 lsst_hardware_y -64.705344397354 54.029998779296875 30.049999237060547 AB 3.01767409878305 1.082282470647557
62883.06 lsst_hardware_r -40.38055035388383 21.610000610351562 31.479999542236328 AB 2.9372208143256113 1.0497572603022272
62889.0934 lsst_hardware_g -9.66728703414023 12.630000114440918 31.3799991607666 AB 8.276128409236238 1.0059206607059208
62889.108 lsst_hardware_r -1.0905285062562542 21.200000762939453 31.479999542236328 AB 8.547207084033014 1.0066294864943406
62891.0403 lsst_hardware_y -50.432898060170515 74.86000061035156 30.809999465942383 AB 6.980935089227282 1.0462901526350763
62891.0592 lsst_hardware_r 3.255101351863806 30.440000534057617 32.25 AB 7.279922378893326 1.0221499607647475
62891.0927 lsst_hardware_i -4.075124727855565 29.420000076293945 31.260000228881836 AB 8.049586826628603 1.0054966004928059
62891.109 lsst_hardware_r -20.484715626428592 21.350000381469727 31.489999771118164 AB 7.969184313249171 1.0088532852168461
62908.0676 lsst_hardware_g 15.876044145588665 33.459999084472656 31.68000030517578 AB 1.0299429603965777 1.0114006157740663
62908.095 lsst_hardware_r 51.43388179593467 47.619998931884766 31.6299991607666 AB 1.6655785046995792 1.0383905889647997
62910.0716 lsst_hardware_i 0.5049454071396776 29.440000534057617 31.25 AB 2.5384795026463567 1.0181748122119219
62910.0851 lsst_hardware_r -1.702398474733947 21.399999618530273 31.479999542236328 AB 3.5296326363470594 1.0324588444852942
63124.3462 lsst_hardware_u 0.48621350366159877 2.5899999141693115 28.329999923706055 AB 1.5978816282759498 1.192894086059124
63124.3653 lsst_hardware_g -0.027953291412062355 13.149999618530273 31.3700008392334 AB 1.5229945499168123 1.1271700135071263
63126.3488 lsst_hardware_u -0.5298160045602777 2.630000114440918 28.3799991607666 AB 1.4466435721638014 1.1628967621889705
63126.3662 lsst_hardware_g -8.272029844958006 13.170000076293945 31.389999389648438 AB 1.3126764030978904 1.1091477846201017
63129.304 lsst_hardware_r 35.21606072617517 22.809999465942383 31.440000534057617 AB 8.684007505264988 1.3317327803603374
63129.3208 lsst_hardware_g 1.3766778518694667 13.140000343322754 31.34000015258789 AB 8.26917296124356 1.2433288502057727
63133.2975 lsst_hardware_i -30.89975811964007 32.439998626708984 31.209999084472656 AB 5.8726745377703615 1.3063935646829248
63133.3127 lsst_hardware_z -27.0137303373255 43.779998779296875 30.93000030517578 AB 5.465941421029375 1.2304443516304273
63137.2798 lsst_hardware_z -44.03117863050005 54.310001373291016 30.940000534057617 AB 4.644126956728263 1.345928693443925
63137.2994 lsst_hardware_r 9.862617613403737 58.91999816894531 31.59000015258789 AB 4.705290840859791 1.2412831975535854
63143.272 lsst_hardware_z -10.418564272979308 54.959999084472656 30.950000762939453 AB 3.5913636011936374 1.2965211556657184
63143.2925 lsst_hardware_r 108.94590256185495 61.66999816894531 31.610000610351562 AB 3.2393466896079737 1.2002025526522215
63145.2807 lsst_hardware_z 21.181896693873124 50.040000915527344 30.940000534057617 AB 7.278497974052257 1.2270578208573628
63145.302 lsst_hardware_r 49.31970584848911 47.7599983215332 31.600000381469727 AB 6.557928708538933 1.1457565736192883
63153.2685 lsst_hardware_i -46.583756461825324 31.170000076293945 31.219999313354492 AB 6.842174487441461 1.1871561529350383
63153.2865 lsst_hardware_z 27.01595835131144 42.09000015258789 30.940000534057617 AB 6.471806733530638 1.1260701611258668
63155.2684 lsst_hardware_r -23.49845916252464 22.200000762939453 31.469999313354492 AB 8.49532529729655 1.1672475991568132
63155.2866 lsst_hardware_g -1.8028951290817379 12.84000015258789 31.360000610351562 AB 8.096556306571452 1.1103087294454943
63161.268 lsst_hardware_u -1.963545582786811 2.5299999713897705 28.329999923706055 AB 3.1902218437534997 1.1164380905524058
63161.2862 lsst_hardware_g -1.0256017566839284 12.770000457763672 31.3700008392334 AB 2.9864479757734848 1.0721407200766415
63163.3054 lsst_hardware_r 0.9985034164356578 21.299999237060547 31.469999313354492 AB 3.319149090813973 1.031485706990981
63163.3241 lsst_hardware_u 0.5406813073464531 2.5199999809265137 28.3700008392334 AB 3.197695233724913 1.013586106098847
63165.1744 lsst_hardware_i -7.748925156011196 47.709999084472656 31.219999313354492 AB 2.0073169365884818 1.566584497857816
63165.1943 lsst_hardware_z 23.6618633374952 51.25 30.93000030517578 AB 1.7381394534866483 1.405124861347801
63166.2429 lsst_hardware_r 29.678510398594142 55.630001068115234 31.610000610351562 AB 3.6292383696762927 1.1515907884103507
63166.2607 lsst_hardware_z -14.228812498012974 49.349998474121094 30.959999084472656 AB 3.61282471158194 1.0994597418082592
63168.1947 lsst_hardware_r -87.92495507788765 83.6500015258789 31.579999923706055 AB 2.7205325474567834 1.3488014613072798
63168.2139 lsst_hardware_z -51.71807773694827 60.150001525878906 30.950000762939453 AB 4.04316909479412 1.2453292899776551
63170.194 lsst_hardware_z 5.766233413638034 65.69000244140625 30.950000762939453 AB 4.494178504498993 1.3204579122958697
63170.2115 lsst_hardware_i 77.0345662443835 70.11000061035156 31.299999237060547 AB 4.7005403842749764 1.2312869095042946
63172.2027 lsst_hardware_z -9.01479875073919 57.939998626708984 30.950000762939453 AB 4.397842889327787 1.2466424461279249
63172.2219 lsst_hardware_r 79.50682397173372 70.4800033569336 31.6200008392334 AB 5.197995939769638 1.1675642272615792
63186.2042 lsst_hardware_z -85.16269265153795 41.47999954223633 30.940000534057617 AB 6.128069157840289 1.1043555880050568
63186.2224 lsst_hardware_r 16.85433183064864 21.6200008392334 31.479999542236328 AB 8.054119661622007 1.0632501203459652
63189.2075 lsst_hardware_i -46.14925182185327 30.100000381469727 31.239999771118164 AB 5.808229632170782 1.076927620303606
63189.2257 lsst_hardware_z 29.7918334797923 40.709999084472656 30.940000534057617 AB 5.544595510002018 1.0435248764119434
63193.2088 lsst_hardware_y -62.49666973536444 47.65999984741211 30.030000686645508 AB 6.508924865404802 1.053224088253169
63193.2263 lsst_hardware_r 8.076067536295053 30.540000915527344 31.559999465942383 AB 6.353152079978255 1.028129045200926
63195.3267 lsst_hardware_r -10.346754648934198 21.700000762939453 31.479999542236328 AB 7.135540968010008 1.0692351791428796
63195.3379 lsst_hardware_i 9.73660594589683 30.719999313354492 31.239999771118164 AB 6.091960737075524 1.0942986773981542
63197.2377 lsst_hardware_z -77.31219158470023 56.22999954223633 30.979999542236328 AB 3.828977202024641 1.0098179473922704
63197.2559 lsst_hardware_r 166.74012796584003 73.9800033569336 31.65999984741211 AB 4.40209580450594 1.005484699432234
63199.2043 lsst_hardware_r -161.1633806457092 92.79000091552734 31.65999984741211 AB 4.512044223890552 1.035109938951721
63199.222 lsst_hardware_i 4.635890455440764 71.3499984741211 31.34000015258789 AB 5.041321274629183 1.0163954182718855
63201.2114 lsst_hardware_z 44.18663978835908 58.52000045776367 30.979999542236328 AB 7.748945171442099 1.0208517264327375
63201.23 lsst_hardware_i -49.357778412565494 62.599998474121094 31.329999923706055 AB 7.7631172998926425 1.008371661745667
63204.1456 lsst_hardware_r -50.491128588424154 37.09000015258789 31.56999969482422 AB 3.6469841384939636 1.1310523779993167
63204.1671 lsst_hardware_z 3.8553412236821165 47.16999816894531 30.950000762939453 AB 3.9724298146493178 1.0757375437409296
63208.1551 lsst_hardware_i 36.99280723879723 29.969999313354492 31.239999771118164 AB 3.988861791255694 1.0780707543934307
63208.1762 lsst_hardware_z -2.755126695090318 40.56999969482422 30.950000762939453 AB 4.6386831383253755 1.0400051876745418
63208.2197 lsst_hardware_u -0.7192312154876459 2.609999895095825 28.43000030517578 AB 4.963171695407986 1.0059123825312597
63208.2324 lsst_hardware_g -3.783679978552566 15.050000190734863 31.459999084472656 AB 5.064183529384709 1.0061958135077904
63211.1381 lsst_hardware_z 15.194575393003563 41.439998626708984 30.940000534057617 AB 10.521349526980682 1.0988067702650772
63211.1594 lsst_hardware_r -1.3390454588452538 21.649999618530273 31.489999771118164 AB 10.109585569308315 1.0536672008033958
63216.154 lsst_hardware_z -11.720184991287471 40.790000915527344 30.950000762939453 AB 10.60978586550182 1.0405244673055114
63216.1755 lsst_hardware_i -44.95777529171227 29.600000381469727 31.260000228881836 AB 10.457271107697302 1.0164651999530545
63218.1361 lsst_hardware_r 9.651513850284788 21.65999984741211 31.469999313354492 AB 3.092146574022473 1.0612257654302784
63218.1597 lsst_hardware_u -6.563480407412822 2.5299999713897705 28.360000610351562 AB 2.995828111436855 1.0262614141378428
63220.0516 lsst_hardware_y 18.67096013552365 51.33000183105469 29.93000030517578 AB 7.311124778198278 1.3557950446357492
63220.0742 lsst_hardware_r 7.83615990279254 26.950000762939453 31.489999771118164 AB 6.313133696019006 1.2348427767278087
63222.0605 lsst_hardware_z -103.09515345943214 67.3499984741211 31.690000534057617 AB 6.980544040221654 1.2745196348771555
63224.0513 lsst_hardware_y -38.10714135929208 53.29999923706055 29.959999084472656 AB 8.309054420824248 1.2941108536222583
63224.0734 lsst_hardware_i 19.899191451392667 47.9900016784668 31.280000686645508 AB 7.682135408865548 1.1920452182272172
63226.0498 lsst_hardware_y -8.929345728675715 55.7400016784668 29.979999542236328 AB 12.10930398511165 1.2733901871929807
63226.0706 lsst_hardware_r -11.27808321618432 76.0 31.6200008392334 AB 11.20362341630339 1.1817856508323505
63229.0529 lsst_hardware_y 48.495668397516155 57.20000076293945 29.989999771118164 AB 10.012721655401739 1.2203195192446674
63229.0764 lsst_hardware_g 61.33790328938113 97.80999755859375 31.690000534057617 AB 9.230182357645518 1.133929036565875
