data/validation/pwv_sim_epoch_fit_4/13102465.ecsv
# %ECSV 0.9
# ---
# datatype:
# - {name: time, datatype: float64}
# - {name: band, datatype: string}
# - {name: flux, datatype: float64}
# - {name: fluxerr, datatype: float64}
# - {name: zp, datatype: float64}
# - {name: zpsys, datatype: string}
# - {name: pwv, datatype: float64}
# - {name: airmass, datatype: float64}
# meta: {SNID: '13102465', alt: 1024.0, c: -0.13978610932826996, dec: -35.136116, lat: -30.244573, lon: -70.7499537, ra: 87.890625, t0: 62760.74609375,
#   x0: 1.5067698034850487e-05, x1: -0.823384165763855, z: 0.38668689131736755}
# schema: astropy-2.0
time band flux fluxerr zp zpsys pwv airmass
62755.3327 lsst_hardware_r 4936.683789393182 107.89550781315224 31.579999923706055 AB 3.1274891948811177 1.3233381642656352
62755.3513 lsst_hardware_z 1993.7438414537896 73.34195438536771 30.959999084472656 AB 3.826916314702887 1.227624994023595
62762.3058 lsst_hardware_g 3045.134163193643 69.1811306281321 31.559999465942383 AB 2.721837230140152 1.371663311006006
62762.323 lsst_hardware_r 5248.923355828043 84.21759307669156 31.559999465942383 AB 2.51423276070357 1.2717414065271102
62765.3187 lsst_hardware_r 4636.351746472562 72.2585885916912 31.489999771118164 AB 3.854131512558966 1.2523579244708256
62765.3351 lsst_hardware_g 2412.515315247274 53.29214161156664 31.510000228881836 AB 2.7600560822199003 1.1815308571146834
62767.3389 lsst_hardware_i 3216.3144242208004 64.5861668661229 31.229999542236328 AB 2.0058314702610374 1.1483767959509754
62767.356 lsst_hardware_z 2104.9965362584476 61.66485581653984 30.940000534057617 AB 1.9498606717290772 1.0981006223365026
62772.2731 lsst_hardware_z 1575.3283693616036 60.69452971302089 30.90999984741211 AB 4.882298325754598 1.4085245800953823
62772.2935 lsst_hardware_r 3118.427131845257 59.54686659721798 31.43000030517578 AB 4.8448910416495234 1.2831882338614435
62774.2781 lsst_hardware_u 8.257452529703556 3.759547297289284 28.1200008392334 AB 3.4038407827627104 1.339655276915465
62774.2967 lsst_hardware_g 979.5084523787721 34.09711488929887 31.309999465942383 AB 4.620101909880896 1.2401293544172007
62776.2942 lsst_hardware_r 9403.254227784015 107.54029738957587 32.970001220703125 AB 3.8938125643326367 1.2265908219665345
62776.3261 lsst_hardware_z 5751.265835479783 111.85528443460076 32.45000076293945 AB 3.557236862355505 1.1123607126583988
62787.267 lsst_hardware_y 332.2424622261858 56.38432777869223 29.989999771118164 AB 6.743503795357968 1.2141706509466543
62787.286 lsst_hardware_r 1158.0285137334283 85.14653045851904 31.6299991607666 AB 6.370924189459411 1.1427666707550515
62789.2707 lsst_hardware_i 1380.9047654637748 65.95207718141508 31.290000915527344 AB 7.465488796626669 1.177274305607577
62789.2899 lsst_hardware_z 1092.4902874525962 62.26149899269568 30.969999313354492 AB 7.083933621262134 1.114351678663227
62791.2559 lsst_hardware_z 1005.3426260993847 59.1429144952634 30.950000762939453 AB 7.346261937456777 1.2149442970476623
62791.2744 lsst_hardware_r 927.9477792714439 56.81060201454696 31.600000381469727 AB 7.0615467524582 1.1449919066788514
62794.2831 lsst_hardware_i 2268.8870374398102 66.72346778545575 32.0099983215332 AB 1.317800868929194 1.0960362092563298
62794.3118 lsst_hardware_z 1857.0157912052643 73.84639286365106 31.709999084472656 AB 1.2506287290424554 1.0391597250046536
62796.2686 lsst_hardware_u 16.35760134894515 4.487366439011144 28.3799991607666 AB 3.233597861012408 1.1206369298258216
62796.2863 lsst_hardware_g 195.90909148633398 18.864789405871427 31.389999389648438 AB 3.0591388497542114 1.0756465716432995
62799.2441 lsst_hardware_g 159.7450725458741 18.242642470523155 31.34000015258789 AB 5.203692695630039 1.1746484640248394
62799.2614 lsst_hardware_r 449.4549656203573 31.306563714259667 31.469999313354492 AB 4.247518591889621 1.1177680504972687
62801.248 lsst_hardware_i 885.7438601734899 42.150166000361146 31.239999771118164 AB 3.4852459909328877 1.1420483299526132
62801.2655 lsst_hardware_z 645.6234381760288 48.98430459247597 30.940000534057617 AB 3.5978256328478264 1.0922637082038928
62803.1973 lsst_hardware_i 768.239939299227 42.31601434926115 31.209999084472656 AB 2.862706785378268 1.3496967399237472
62803.2173 lsst_hardware_z 610.3257276316891 50.11645311922229 30.940000534057617 AB 4.042576160363623 1.2411962420520797
62807.1791 lsst_hardware_z 508.2960224425168 51.84281872457977 30.90999984741211 AB 4.925920958756386 1.3976226298073349
62807.1969 lsst_hardware_r 394.67889590263087 32.510229887820884 31.469999313354492 AB 4.5312998468297385 1.2887655992120985
62809.1432 lsst_hardware_z 935.144363738467 79.95312364976398 31.639999389648438 AB 8.497051982486134 1.6660886240168893
62813.2091 lsst_hardware_i 462.90878335132277 63.782004861036974 31.299999237060547 AB 5.566103661907384 1.1629160098698677
62813.2232 lsst_hardware_z 410.46843361081636 59.36881710050012 30.969999313354492 AB 5.333694788577423 1.1177063681008366
62817.2036 lsst_hardware_z 306.98719729462834 64.38668032498893 30.969999313354492 AB 3.889310430948471 1.1443916624912747
62817.2212 lsst_hardware_r 346.3807337986273 83.94181709433526 31.639999389648438 AB 7.54582921841709 1.0937965890078138
62822.2107 lsst_hardware_i 454.0949059138637 41.914973622990374 31.270000457763672 AB 6.11934803521684 1.0861462611314703
62822.228 lsst_hardware_z 330.84601906769274 47.93457551931447 30.950000762939453 AB 6.078934611082262 1.0509157554494395
62827.1943 lsst_hardware_z 310.08860656361827 45.12816227842577 30.940000534057617 AB 4.0493669012004965 1.0927990557822629
62827.2085 lsst_hardware_u 1.108590330359679 3.206036003963618 28.40999984741211 AB 3.311649174440575 1.0615961450362477
62831.2055 lsst_hardware_r 31.133867426198307 21.489999771118164 31.469999313354492 AB 4.847811851598222 1.047420637723685
62831.2214 lsst_hardware_i -19.697865689382358 29.459999084472656 31.239999771118164 AB 5.376849381470388 1.025333596771582
62833.2136 lsst_hardware_z -6.7716429114433225 40.40999984741211 30.950000762939453 AB 4.099442761971045 1.0280734199298827
62833.2304 lsst_hardware_i 36.529381376068635 29.3799991607666 31.25 AB 3.946226189569 1.0121123851166012
62835.1364 lsst_hardware_r 20.059441651875566 23.360000610351562 31.479999542236328 AB 6.325538477252766 1.2122534452382412
62835.1543 lsst_hardware_z -88.56052257111601 41.9900016784668 30.940000534057617 AB 6.0173339645269905 1.1449049069166133
62838.1312 lsst_hardware_z 36.054037796596425 45.959999084472656 30.940000534057617 AB 7.756532203517402 1.1997477142360207
62838.1479 lsst_hardware_r 4.699135193970528 35.95000076293945 31.56999969482422 AB 7.365906883874938 1.1390937142236932
62840.1461 lsst_hardware_i 1.505321005062269 44.79999923706055 31.290000915527344 AB 2.9221356313961575 1.1276934419278626
62840.1679 lsst_hardware_z 69.0317456245144 47.630001068115234 30.959999084472656 AB 2.591754264776741 1.071932555914464
62842.1514 lsst_hardware_r -63.999042316304525 68.02999877929688 31.6299991607666 AB 4.873768103627931 1.0976955188351198
62842.1741 lsst_hardware_z -43.65581257281109 53.54999923706055 30.979999542236328 AB 4.23173827946138 1.04971182721869
62844.1321 lsst_hardware_i -99.55576580916531 71.45999908447266 31.31999969482422 AB 6.240506915607668 1.137239487118872
62844.1544 lsst_hardware_z 13.532064973316535 62.7400016784668 30.979999542236328 AB 5.920989754627266 1.077523158257899
62849.1594 lsst_hardware_z 126.80753622527511 50.11000061035156 30.969999313354492 AB 7.41878309045858 1.0425496192325154
62849.1809 lsst_hardware_g -76.96745715700597 57.130001068115234 31.729999542236328 AB 7.726730174363677 1.0166750229425892
62851.1538 lsst_hardware_r -8.73351257027358 29.84000015258789 31.559999465942383 AB 10.628481360695863 1.0427659159965335
62851.1763 lsst_hardware_i -58.613929561525076 36.349998474121094 31.280000686645508 AB 10.453596313877597 1.015936907698995
62853.1548 lsst_hardware_z 19.052338379090735 40.65999984741211 30.950000762939453 AB 3.1080097084477716 1.0334196869319274
62853.1766 lsst_hardware_u 5.68383333185727 2.6700000762939453 28.489999771118164 AB 3.3526518555864717 1.0115614569807316
62855.0508 lsst_hardware_y 41.98093812748002 51.45000076293945 29.940000534057617 AB 7.509808735515312 1.378895338171276
62855.0723 lsst_hardware_i 19.01645151140839 31.639999389648438 31.229999542236328 AB 6.526462580036169 1.255692656091615
62858.052 lsst_hardware_y 67.4339239653138 50.63999938964844 29.950000762939453 AB 6.43858844126166 1.3203749623203898
62858.0743 lsst_hardware_r 25.036367335311503 22.450000762939453 31.459999084472656 AB 5.906059468783757 1.2092875189893113
62860.0515 lsst_hardware_y 7.998193812571556 50.810001373291016 29.959999084472656 AB 9.218638999135266 1.2925137634905548
62860.0734 lsst_hardware_g -22.499622178242415 13.039999961853027 31.34000015258789 AB 8.466485153224085 1.1906180780796762
62863.0506 lsst_hardware_y -13.113052028859745 51.15999984741211 29.979999542236328 AB 7.783454604683931 1.254991068152843
62863.0712 lsst_hardware_z 14.065480467358851 42.72999954223633 30.940000534057617 AB 7.289999774200448 1.1678948693047817
62865.0608 lsst_hardware_y 61.71768535099596 70.0 30.75 AB 10.14828521348779 1.1864829408105446
62866.0504 lsst_hardware_z 6.196236997006769 45.810001373291016 30.940000534057617 AB 9.155957325886572 1.218114458309911
62866.0718 lsst_hardware_r 17.89563358874915 28.010000228881836 31.540000915527344 AB 8.5519866215815 1.1379762861243121
62874.0478 lsst_hardware_y 46.3591501430127 59.41999816894531 30.030000686645508 AB 9.084938682318585 1.1449558816999381
62874.0668 lsst_hardware_r 18.825637848505252 91.7699966430664 31.649999618530273 AB 8.933674998328772 1.0907695123261008
62883.0443 lsst_hardware_y 45.75340933753699 52.0 30.040000915527344 AB 2.988911350840684 1.0857910637873782
62883.0611 lsst_hardware_r -0.1032101831216457 21.709999084472656 31.489999771118164 AB 2.9355894463886796 1.051523039809682
62889.042 lsst_hardware_y 70.74332744589768 52.70000076293945 30.040000915527344 AB 7.937534746668681 1.0563660828677879
62889.0599 lsst_hardware_u 1.1784588552363966 2.5299999713897705 28.350000381469727 AB 7.499215859352135 1.0290519189505338
62891.0403 lsst_hardware_y 76.69149244304967 74.86000061035156 30.809999465942383 AB 7.003886916577916 1.0497301317546368
62891.0592 lsst_hardware_r 34.38636304619693 30.440000534057617 32.25 AB 7.289807353270804 1.0235378775097659
62893.0476 lsst_hardware_z 23.725379619204862 62.86000061035156 31.709999084472656 AB 11.750901170982113 1.0307808044721152
63122.3304 lsst_hardware_u -4.2399385732081445 2.559999942779541 28.270000457763672 AB 3.6006579514808776 1.309092147420788
63122.3465 lsst_hardware_g -8.153732976209467 13.420000076293945 31.360000610351562 AB 3.4260150266656706 1.2277423496385713
63124.3457 lsst_hardware_u -3.305410635349072 2.609999895095825 28.34000015258789 AB 1.6051486904373775 1.2074839697374329
63124.3648 lsst_hardware_g 2.3738310224088863 13.34000015258789 31.3799991607666 AB 1.5252352263228768 1.1373864476682418
63126.3488 lsst_hardware_u 1.1668818207961835 2.630000114440918 28.3799991607666 AB 1.460003684002439 1.1736364019306353
63126.3662 lsst_hardware_g -20.05263133160409 13.170000076293945 31.389999389648438 AB 1.3216161246732938 1.1167014150175698
63129.305 lsst_hardware_r -10.67672092148828 23.079999923706055 31.43000030517578 AB 9.015927492065504 1.3463306359482674
63129.3218 lsst_hardware_g -10.39244948048043 13.25 31.329999923706055 AB 8.211961180020921 1.253894059807439
63131.305 lsst_hardware_z 29.40332012506351 44.61000061035156 30.920000076293945 AB 2.7559445628881454 1.3138143474761308
63131.3139 lsst_hardware_r -43.89487043572914 22.719999313354492 31.440000534057617 AB 2.422241347986219 1.2659797985995485
63133.2975 lsst_hardware_i 14.932710877102116 32.439998626708984 31.209999084472656 AB 5.959303204359269 1.3256643640131016
63133.3127 lsst_hardware_z 52.15418814101508 43.779998779296875 30.93000030517578 AB 5.5312600305927635 1.2451482988561349
63137.2798 lsst_hardware_z -41.242271361715154 54.310001373291016 30.940000534057617 AB 4.7190809934119695 1.3676513529668077
63137.2994 lsst_hardware_r -31.03957181935858 58.91999816894531 31.59000015258789 AB 4.763462676128636 1.256629267357185
63143.273 lsst_hardware_z -30.93893650118875 56.59000015258789 30.940000534057617 AB 3.5581983139103266 1.309485072742633
63143.2935 lsst_hardware_r 62.36063379717877 63.2400016784668 31.600000381469727 AB 3.2198311983395977 1.2088722351565977
63145.2807 lsst_hardware_z 24.914767164363273 50.040000915527344 30.940000534057617 AB 7.364528342487486 1.2415613951931699
63145.302 lsst_hardware_r -26.074415690738732 47.7599983215332 31.600000381469727 AB 6.613638406022984 1.155489791978857
63147.3018 lsst_hardware_z 6.083606228115499 45.27000045776367 30.940000534057617 AB 4.079917386153776 1.138052269498567
63147.3206 lsst_hardware_i 41.08256880829624 36.36000061035156 31.270000457763672 AB 4.011050004146979 1.086122394840774
63149.299 lsst_hardware_r 8.12111053381047 23.700000762939453 31.489999771118164 AB 3.1434236405196883 1.1297458350425666
63149.3198 lsst_hardware_z 14.569766925088173 41.68000030517578 30.950000762939453 AB 2.9890800093075645 1.0755310378318073
63151.2514 lsst_hardware_u -0.5345370993525099 2.4800000190734863 28.190000534057617 AB 7.168530532011062 1.3081260094910696
63151.2698 lsst_hardware_g 4.577489440737495 13.0 31.309999465942383 AB 6.646944975385907 1.2168320321072597
63153.2685 lsst_hardware_i -40.122744863874125 31.170000076293945 31.219999313354492 AB 6.912253491022324 1.1993152582670168
63153.2865 lsst_hardware_z 62.267140768545005 42.09000015258789 30.940000534057617 AB 6.5210522153687736 1.1346386907423156
63155.2689 lsst_hardware_r 36.518220873003976 22.200000762939453 31.459999084472656 AB 8.555651782854365 1.1763580067172235
63155.287 lsst_hardware_g 2.468962901443506 12.859999656677246 31.360000610351562 AB 8.127213902488615 1.1167846146695446
63159.2484 lsst_hardware_i -10.749245594966775 31.280000686645508 31.229999542236328 AB 1.3634523259091067 1.2149274456753012
63159.2662 lsst_hardware_z -24.214933679981563 42.16999816894531 30.940000534057617 AB 1.4023766039158039 1.1472947400456537
63161.268 lsst_hardware_u 2.419718145590221 2.5299999713897705 28.329999923706055 AB 3.213060537541378 1.1244306343101935
63161.2862 lsst_hardware_g 20.696233872655718 12.770000457763672 31.3700008392334 AB 3.0010330570189665 1.0773767930421707
63165.2484 lsst_hardware_g -17.490909005954247 48.7400016784668 31.65999984741211 AB 1.549238799593411 1.152064547011274
63165.264 lsst_hardware_r -66.09539235171675 42.4900016784668 31.600000381469727 AB 1.546849098737773 1.1048922133841237
63166.2429 lsst_hardware_r -39.02166756743449 55.630001068115234 31.610000610351562 AB 3.660992084170381 1.1616665347197523
63166.2607 lsst_hardware_z 3.90223265781545 49.349998474121094 30.959999084472656 AB 3.6357028326477208 1.106422042802106
63168.1952 lsst_hardware_r -81.76693274526797 83.88999938964844 31.56999969482422 AB 2.7998383879399658 1.3674424361119009
63168.2144 lsst_hardware_z -53.981427874896845 60.29999923706055 30.950000762939453 AB 4.138589657950858 1.2584399932953367
63170.194 lsst_hardware_z -52.3697671327227 65.69000244140625 30.950000762939453 AB 4.562709938641751 1.34059348865631
63170.2115 lsst_hardware_i 35.42947163737201 70.11000061035156 31.299999237060547 AB 4.756860859865611 1.2460398227148257
63181.2066 lsst_hardware_u 5.700717572396604 2.5299999713897705 28.31999969482422 AB 0.8278137422758823 1.145762965087234
63181.2254 lsst_hardware_g -22.189072030701563 12.829999923706055 31.3700008392334 AB 2.5473028094589893 1.0918571836515172
63183.2051 lsst_hardware_r -7.7696739874869545 21.860000610351562 31.459999084472656 AB 4.798545654234442 1.1330686314603167
63183.2232 lsst_hardware_i -7.107441081495007 29.989999771118164 31.229999542236328 AB 7.247966092950912 1.0840511655624887
63186.2042 lsst_hardware_z 16.013744983148154 41.47999954223633 30.940000534057617 AB 6.168361411149077 1.1116167617856996
63186.2224 lsst_hardware_r -14.845776344432355 21.6200008392334 31.479999542236328 AB 8.08929329566257 1.0678935043777218
63189.2075 lsst_hardware_i -33.31052421926933 30.100000381469727 31.239999771118164 AB 5.838143578133275 1.0824740874165528
63189.2257 lsst_hardware_z -25.025435717483127 40.709999084472656 30.940000534057617 AB 5.561780389174208 1.0467591698571488
63193.2088 lsst_hardware_y -15.377132463075432 47.65999984741211 30.030000686645508 AB 6.533319924521303 1.0571715088221818
63193.2263 lsst_hardware_r -65.84039889057487 30.540000915527344 31.559999465942383 AB 6.365292392016666 1.030093708924911
63195.2156 lsst_hardware_i -49.47166621231799 45.83000183105469 31.309999465942383 AB 6.455205314262592 1.037133497183687
63195.2332 lsst_hardware_z -4.379952619615838 47.720001220703125 30.969999313354492 AB 6.319710563220993 1.0169025793640472
63197.2377 lsst_hardware_z 68.85063812002085 56.22999954223633 30.979999542236328 AB 3.828232799470508 1.0096216257586887
63197.2559 lsst_hardware_r -97.27603884254566 73.9800033569336 31.65999984741211 AB 4.394379673851642 1.0037222545295639
63199.2043 lsst_hardware_r -161.4068918350625 92.79000091552734 31.65999984741211 AB 4.523237149878023 1.0376777127501773
63199.222 lsst_hardware_i -81.4102581028225 71.3499984741211 31.34000015258789 AB 5.045061133046844 1.0171494219851236
63206.146 lsst_hardware_r 26.779008443068907 22.040000915527344 31.469999313354492 AB 6.093006881831458 1.1218941045537578
63206.1677 lsst_hardware_u -0.5960217556060269 2.680000066757202 28.469999313354492 AB 5.554068722167767 1.0680901388784168
63208.1551 lsst_hardware_i 3.395615874802137 29.969999313354492 31.239999771118164 AB 4.009654067326001 1.0836902884664867
63208.1762 lsst_hardware_z -18.508811846314963 40.56999969482422 30.950000762939453 AB 4.651892074517251 1.042966666558433
63211.1381 lsst_hardware_z -13.460039709395158 41.439998626708984 30.940000534057617 AB 10.587618408214894 1.1057276215466847
63211.1594 lsst_hardware_r -14.627794312610026 21.649999618530273 31.489999771118164 AB 10.147756182304093 1.0576455164991758
63213.1556 lsst_hardware_r 20.45916772802986 21.65999984741211 31.479999542236328 AB 10.911913000866589 1.0546137788566685
63213.1752 lsst_hardware_i 17.99674831621214 29.579999923706055 31.25 AB 11.3702840454013 1.0258748631209917
63216.154 lsst_hardware_z 32.04041670739481 40.790000915527344 30.950000762939453 AB 10.640394575263327 1.0435263291548689
63216.1755 lsst_hardware_i -54.70162934046198 29.600000381469727 31.260000228881836 AB 10.465107018546849 1.0172268643114202
63218.1361 lsst_hardware_r 9.2339263139958 21.65999984741211 31.469999313354492 AB 3.1052718008016162 1.0657303477654625
63218.1597 lsst_hardware_u -4.601462060472718 2.5299999713897705 28.360000610351562 AB 3.001057182394321 1.028052703075599
63220.0516 lsst_hardware_y 57.814511131509164 51.33000183105469 29.93000030517578 AB 7.43160491313691 1.3781372115228392
63220.0742 lsst_hardware_r 0.1772973599787719 26.950000762939453 31.489999771118164 AB 6.389628548209397 1.2498050950046624
63224.0513 lsst_hardware_y 10.567426748246117 53.29999923706055 29.959999084472656 AB 8.427955803496348 1.3126293952075707
63224.0734 lsst_hardware_i 14.214338377419104 47.9900016784668 31.280000686645508 AB 7.762328815896652 1.2044889154932736
63226.0498 lsst_hardware_y -59.752848830290425 55.7400016784668 29.979999542236328 AB 12.273473379818004 1.2906539123842478
63226.0706 lsst_hardware_r 172.04488840158876 76.0 31.6200008392334 AB 11.315898233432172 1.1936286736565145
