data/validation/pwv_sim_epoch_fit_4/13129319.ecsv
# %ECSV 0.9
# ---
# datatype:
# - {name: time, datatype: float64}
# - {name: band, datatype: string}
# - {name: flux, datatype: float64}
# - {name: fluxerr, datatype: float64}
# - {name: zp, datatype: float64}
# - {name: zpsys, datatype: string}
# - {name: pwv, datatype: float64}
# - {name: airmass, datatype: float64}
# meta: {SNID: '13129319', alt: 1024.0, c: 0.015104083344340324, dec: 0.596842, lat: -30.244573, lon: -70.7499537, ra: 17.753906, t0: 60226.83984375,
#   x0: 6.974001580320531e-06, x1: 0.9613617062568665, z: 0.5346898436546326}
# schema: astropy-2.0
time band flux fluxerr zp zpsys pwv airmass
60137.4185 lsst_hardware_u 1.6738736972918509 27.030000686645508 29.3799991607666 AB 10.3064399968358 1.178058370437682
60137.4382 lsst_hardware_y -235.2213084547293 111.72000122070312 30.030000686645508 AB 10.209868983409777 1.1663978275030211
60139.4085 lsst_hardware_i 2.2861681329570205 86.7699966430664 31.309999465942383 AB 7.022882108408128 1.1833991251846199
60139.4285 lsst_hardware_y 52.50210135705229 111.62000274658203 30.030000686645508 AB 8.015676517357145 1.1673598656312743
60143.4237 lsst_hardware_g 29.626589697687482 87.37999725341797 31.68000030517578 AB 2.498971487838385 1.1662450065749084
60143.4439 lsst_hardware_y 160.9998960579318 111.47000122070312 30.030000686645508 AB 2.4898474469196246 1.1750105931664108
60145.404 lsst_hardware_i -37.06242541435912 86.86000061035156 31.309999465942383 AB 5.536117002719315 1.1715616618046345
60145.43 lsst_hardware_z -33.70104908655348 105.2699966430664 30.979999542236328 AB 6.078456061716229 1.1690087944835366
60148.4147 lsst_hardware_r 36.93159377479844 82.19999694824219 31.6299991607666 AB 5.958242674740586 1.1665673371983527
60148.4333 lsst_hardware_y -93.38174375312585 111.75 30.030000686645508 AB 6.0079368761569745 1.178026838462152
60151.3828 lsst_hardware_r 107.3434378663028 82.04000091552734 31.6200008392334 AB 7.841342059303786 1.1755400676074474
60151.403 lsst_hardware_y 70.05605390971236 111.68000030517578 30.030000686645508 AB 7.894921244123212 1.16623444241372
60159.3389 lsst_hardware_r 29.967498799734326 115.56999969482422 32.36000061035156 AB 2.7555164274546655 1.2085598366029233
60159.3626 lsst_hardware_z 284.68949160321273 148.97000122070312 31.739999771118164 AB 2.646346582755898 1.1740668069014633
60161.3813 lsst_hardware_y -113.58574383337938 111.31999969482422 30.030000686645508 AB 1.7190618402488549 1.1670480924975253
60161.4016 lsst_hardware_r -69.21806232158511 81.72000122070312 31.610000610351562 AB 1.7482032358358777 1.1824167979951827
60163.3509 lsst_hardware_i -35.10199526419636 86.9000015258789 31.309999465942383 AB 5.000736182032768 1.1747549857953123
60163.3721 lsst_hardware_z -124.06232029253975 105.4000015258789 30.989999771118164 AB 4.98360871596913 1.1663475561030847
60177.3455 lsst_hardware_r -144.90480771411654 115.9800033569336 32.369998931884766 AB 2.2017613919714214 1.1706826489280455
60177.3654 lsst_hardware_u 16.911112332117735 37.88999938964844 30.110000610351562 AB 2.2103897248040774 1.1931928339023359
60180.3199 lsst_hardware_g 31.034005666821294 87.25 31.68000030517578 AB 3.629255056617494 1.1665566838831964
60180.3388 lsst_hardware_r -38.436915168097244 81.94000244140625 31.6200008392334 AB 3.7615470814378185 1.1716998488540604
60182.2755 lsst_hardware_i 67.54034716190775 86.58999633789062 31.309999465942383 AB 2.6698202716371213 1.20984265169916
60182.2926 lsst_hardware_z -112.07024796315794 105.22000122070312 30.979999542236328 AB 3.233515065910772 1.1815523992365793
60184.2857 lsst_hardware_r -19.512657116517325 81.9800033569336 31.6200008392334 AB 4.312140845394611 1.1833536897350743
60184.3035 lsst_hardware_z -148.43646610748127 105.41000366210938 30.989999771118164 AB 3.5953042552944603 1.1681915700079477
60187.2428 lsst_hardware_z 1.5182657658684084 104.5199966430664 30.969999313354492 AB 5.3703777223555935 1.2608000287253418
60187.2597 lsst_hardware_r 91.48530752929716 81.41000366210938 31.600000381469727 AB 5.862251287132571 1.2145128870824704
60195.24 lsst_hardware_u -9.936344264667785 26.469999313354492 29.34000015258789 AB 2.904883505531067 1.2098640172974042
60195.257 lsst_hardware_g 12.509649471667705 87.0 31.670000076293945 AB 3.3351184464969355 1.1816883594532663
60196.2334 lsst_hardware_r 18.989711008326655 81.57265047595213 31.610000610351562 AB 3.8107315241763984 1.2184593202799814
60196.253 lsst_hardware_i 15.274561552688183 86.81265465466204 31.309999465942383 AB 5.088094992963575 1.1832779053403664
60199.2296 lsst_hardware_z -31.444670560973158 105.19298416597697 30.979999542236328 AB 3.65835217350779 1.2087732276581993
60199.247 lsst_hardware_r 6.88178329668495 82.09926427800501 31.6200008392334 AB 3.596857254896617 1.1805877204255855
60201.2338 lsst_hardware_u 55.86807460352753 26.859263057354923 29.360000610351562 AB 1.4413270467135217 1.1911793774492934
60201.2515 lsst_hardware_r 111.35041086490106 82.47633094528129 31.6200008392334 AB 2.3805051901762555 1.1713163146679058
60206.1935 lsst_hardware_g 139.10060673748205 86.61334948008107 31.639999389648438 AB 7.656076485407885 1.25259615827577
60206.2126 lsst_hardware_i 367.39538615748603 89.09118334192269 31.299999237060547 AB 7.140269475412575 1.2044988993610115
60209.2331 lsst_hardware_y 245.5214854146964 112.50458638802532 30.030000686645508 AB 2.3153499586615798 1.1692210370713245
60209.2531 lsst_hardware_g 436.9308870089593 89.26059774179951 31.68000030517578 AB 1.9208395281016541 1.168038630648619
60211.1902 lsst_hardware_r 1340.2020408749102 89.44387569804186 31.610000610351562 AB 4.59615638618125 1.2238467277809213
60211.2079 lsst_hardware_i 1255.0565254765816 92.4586660010822 31.309999465942383 AB 4.514770232538448 1.1890361423591544
60215.1844 lsst_hardware_i 3099.591499258859 134.0030565555896 32.060001373291016 AB 5.542872600338537 1.2119983819982225
60215.2054 lsst_hardware_z 2475.8372670563026 155.55913534161851 31.739999771118164 AB 5.320786209165866 1.1782512365751066
60221.1291 lsst_hardware_g 934.4809330886993 89.38323497388564 31.59000015258789 AB 2.4324337286315516 1.3452486286098695
60221.1514 lsst_hardware_i 2116.0620558503765 96.59084190975798 31.290000915527344 AB 2.294657292812433 1.2561992478900181
60227.1876 lsst_hardware_r 2782.6926124901192 97.13819844507039 31.6200008392334 AB 4.002578823549701 1.1676134257729582
60227.2068 lsst_hardware_i 1986.8842521175077 98.31534572501428 31.31999969482422 AB 4.019206333428493 1.1693937542708692
60236.1502 lsst_hardware_g 583.8224093038449 89.91066577875716 31.670000076293945 AB 4.509067118075922 1.176073844046928
60236.1686 lsst_hardware_i 1988.0811375116987 96.9803822428811 31.309999465942383 AB 3.0297054167475226 1.1663554265493654
60238.1371 lsst_hardware_z 1337.7797099371123 111.72279416103727 30.989999771118164 AB 3.1419491247466236 1.18489596156378
60238.1548 lsst_hardware_r 2007.7926628350963 93.31777338629448 31.6200008392334 AB 3.139335747000192 1.1687772699181653
60242.1352 lsst_hardware_r 1654.4704535970793 91.6089535042544 31.6299991607666 AB 5.158573994814681 1.1747838980087986
60242.1514 lsst_hardware_i 1613.0113239461186 95.75702897174324 31.31999969482422 AB 5.10127169002044 1.1664493193644296
60246.1039 lsst_hardware_r 1312.9931017123813 89.02989514320888 31.610000610351562 AB 3.477309973639284 1.203499067941607
60246.1194 lsst_hardware_z 1126.6890558473208 110.0449283738418 30.979999542236328 AB 3.510943439831455 1.1797524999433653
60248.11 lsst_hardware_g 81.04152509420193 88.35535667129336 31.68000030517578 AB 6.036831749457894 1.184621614885772
60248.127 lsst_hardware_i 1214.1229809114564 93.87023295129006 31.31999969482422 AB 4.276286515562056 1.1690231043089272
60260.0912 lsst_hardware_r 347.05053422863386 84.63055400723766 31.6200008392334 AB 4.022720494870033 1.1707852329179596
60260.1096 lsst_hardware_u 32.554987597607045 27.054965044945835 29.3799991607666 AB 3.961126725301974 1.1667244472063483
60264.0866 lsst_hardware_i 679.3627789125549 90.10835367765802 31.309999465942383 AB 6.762936484892579 1.167600463538557
60264.1048 lsst_hardware_z 677.4354556769301 108.71125284406898 30.989999771118164 AB 6.754390543917305 1.168883022223294
60267.0644 lsst_hardware_z 434.25444299499543 108.42887356211162 30.979999542236328 AB 5.53961234274002 1.1772215788212836
60267.0843 lsst_hardware_r 171.76689833440497 83.94307848236528 31.6200008392334 AB 5.19567349839154 1.1663221277044817
60269.0722 lsst_hardware_z 1123.1812020506782 153.34877374029267 31.739999771118164 AB 4.5457723054229735 1.1678784718908042
60269.1012 lsst_hardware_g -142.23941150028296 123.36336120348798 32.41999816894531 AB 3.85760459902317 1.1762782738290714
60271.0658 lsst_hardware_r 177.66892437797327 83.79504669949493 31.6299991607666 AB 7.9495543887858595 1.1682646826946337
60271.0856 lsst_hardware_z 689.9576472156489 108.37685585599515 30.989999771118164 AB 7.981710982170102 1.1688392432245638
60273.0609 lsst_hardware_r 339.46060945469844 83.53423226075664 31.6200008392334 AB 6.021767670532497 1.1680278674294906
60273.0794 lsst_hardware_y 103.28102171967174 112.73711483948945 30.040000915527344 AB 6.06445003582854 1.1684874828186012
60275.0667 lsst_hardware_g -126.64490655036542 87.84243204991822 31.690000534057617 AB 4.201384228474165 1.1664031728136168
60275.0846 lsst_hardware_r 160.90249767330883 83.41874066080256 31.6200008392334 AB 4.485023837080538 1.1760655124219985
60277.0299 lsst_hardware_y 182.56822411990865 112.06342760431646 30.030000686645508 AB 7.328422323648727 1.1858608361037881
60277.0492 lsst_hardware_i 361.5012438925128 88.74011203691214 31.309999465942383 AB 6.244876156077542 1.1683584950567385
60279.0321 lsst_hardware_y 246.3713159587432 112.48154116524942 30.030000686645508 AB 8.73832951162284 1.1767473250980665
60279.0513 lsst_hardware_r 149.4911881291863 83.20767786873891 31.6200008392334 AB 9.704721902838948 1.1663394643264209
60281.0318 lsst_hardware_y 253.9450474742452 112.38950089680064 30.030000686645508 AB 7.867922709720869 1.1722280212728613
60281.0502 lsst_hardware_g -5.761043769977188 87.55177195533129 31.68000030517578 AB 7.7370867445411236 1.166389005745589
60283.0341 lsst_hardware_y 221.1063419404036 111.99447519778244 30.030000686645508 AB 2.5612376277217597 1.1678262608352121
60283.0549 lsst_hardware_z 359.05196942203526 107.14000489990313 30.979999542236328 AB 1.7087196822708823 1.1699552771454176
60285.0324 lsst_hardware_y 23.445445329943976 112.13522668251275 30.030000686645508 AB 6.326404424470423 1.1667130752531172
60285.051 lsst_hardware_u 45.10223011949841 27.018216884181122 29.3700008392334 AB 5.27681237510012 1.1709336236769379
60501.4186 lsst_hardware_r -16.031467114581304 26.059999465942383 31.5 AB 10.876751673453528 1.1819451419594769
60501.4382 lsst_hardware_y -1.805139473513898 55.939998626708984 30.020000457763672 AB 10.753632275437356 1.1671815060170792
60503.419 lsst_hardware_r 22.99832549826895 25.989999771118164 31.510000228881836 AB 7.564360705882879 1.175594172955611
60503.4375 lsst_hardware_y 28.372768452203204 53.369998931884766 30.010000228881836 AB 7.464592934494579 1.1663426460147779
60506.4136 lsst_hardware_g 16.452952557154685 16.059999465942383 31.43000030517578 AB 4.086505588774241 1.1731594991696384
60506.4323 lsst_hardware_z 24.701291997837988 44.9900016784668 30.940000534057617 AB 3.35813739891086 1.166357417856118
60508.4161 lsst_hardware_i -63.32385999275748 33.4900016784668 31.229999542236328 AB 2.107824140607047 1.1682550315128428
60508.4344 lsst_hardware_y -66.43323748777011 52.08000183105469 30.0 AB 2.5514687005817627 1.168254899533774
60511.4086 lsst_hardware_r 207.59454522500545 70.5999984741211 31.610000610351562 AB 6.675842673745088 1.1679731747793534
60511.4289 lsst_hardware_y 142.3220957336867 53.25 30.0 AB 7.348465629771736 1.169579122994069
60516.3701 lsst_hardware_r 251.89746228996304 125.88999938964844 32.369998931884766 AB 8.560179463167467 1.1926685114946312
60516.3917 lsst_hardware_z -7.525122258640133 96.97000122070312 31.719999313354492 AB 7.809405607441734 1.1695103867378112
60520.371 lsst_hardware_r 9.793225123531684 31.280000686645508 31.540000915527344 AB 5.636831867731076 1.1771602522149058
60520.3931 lsst_hardware_y -21.601430607606922 49.150001525878906 30.010000228881836 AB 5.461761557721572 1.16631619703993
60527.3278 lsst_hardware_i -64.9660384978152 32.93000030517578 31.229999542236328 AB 3.40903229702099 1.2164977864949411
60527.3484 lsst_hardware_z 26.087880186875697 43.630001068115234 30.93000030517578 AB 3.096918582775078 1.18101576233195
60529.3837 lsst_hardware_r -9.38005178400043 24.829999923706055 31.489999771118164 AB 1.6410046710717268 1.172146193622662
60529.4008 lsst_hardware_u -3.4986345063844153 2.7300000190734863 28.350000381469727 AB 1.6687889924030568 1.191992137430755
60531.3768 lsst_hardware_g -3.24231827995709 15.5600004196167 31.43000030517578 AB 6.089864380065156 1.1711277653971452
60531.3969 lsst_hardware_i -26.153526595581006 32.970001220703125 31.239999771118164 AB 6.211597657321433 1.1945380110233526
60535.3183 lsst_hardware_r 6.665879398972647 24.989999771118164 31.489999771118164 AB 4.045372178753057 1.1925629181210802
60535.3374 lsst_hardware_u -4.519104583441386 2.859999895095825 28.459999084472656 AB 4.098473137503774 1.1709923250010783
60537.3072 lsst_hardware_g -31.338340631717077 43.189998626708984 32.34000015258789 AB 5.775296284886695 1.2024769306076333
60537.3293 lsst_hardware_r 13.78317166043876 36.869998931884766 32.25 AB 5.647278097745937 1.172912009501207
60543.315 lsst_hardware_z 14.555911815501581 82.69000244140625 30.979999542236328 AB 2.11198957055351 1.1713752471178647
60543.3368 lsst_hardware_i -152.25079408766774 94.7300033569336 31.31999969482422 AB 2.2411097425232915 1.167498020849989
60546.3213 lsst_hardware_z -44.52194414317754 89.38999938964844 31.729999542236328 AB 2.869151889208001 1.1663219061821142
60546.3416 lsst_hardware_r -165.6421901457624 106.7699966430664 32.380001068115234 AB 2.322796229065327 1.1758016851760704
60553.2486 lsst_hardware_g 2.5315655668660395 15.210000038146973 31.389999389648438 AB 2.0862869934366746 1.2372346884724534
60553.2651 lsst_hardware_r 3.902457052823626 24.809999465942383 31.479999542236328 AB 1.9480407774000745 1.1995324983990607
60557.2407 lsst_hardware_z -22.752766680351836 44.630001068115234 30.93000030517578 AB 2.160024031836925 1.229148728283531
60557.2586 lsst_hardware_r 7.6893805803249 24.700000762939453 31.479999542236328 AB 2.7457529114441837 1.1919917132381959
60559.2279 lsst_hardware_u -1.314650563020921 2.690000057220459 28.31999969482422 AB 2.335015111134067 1.2497850728639075
60559.2452 lsst_hardware_g 2.5431290757292833 15.1899995803833 31.40999984741211 AB 2.272839751852658 1.2062838134556346
60566.2072 lsst_hardware_r -25.578724098581525 43.56999969482422 31.56999969482422 AB 1.1256787306054725 1.2547041396308443
60566.2208 lsst_hardware_y -12.83856912610135 50.560001373291016 30.0 AB 1.4672476930945293 1.217717153132019
60571.2212 lsst_hardware_r 34.65973956847985 157.8699951171875 31.6299991607666 AB 7.050159954426421 1.1907042652298476
60571.2415 lsst_hardware_i -117.10938863605408 123.79000091552734 31.31999969482422 AB 6.933521668304669 1.1695566491377007
60580.1876 lsst_hardware_u -1.9711715516893737 3.8299999237060547 29.079999923706055 AB 5.442780126484431 1.206824861748211
60580.2064 lsst_hardware_g -1.2996654898714484 22.020000457763672 32.15999984741211 AB 5.2597818989609895 1.1780026649410078
60584.1789 lsst_hardware_z -36.909576544826265 44.029998779296875 30.93000030517578 AB 5.398219100458219 1.2024545070816863
60584.1975 lsst_hardware_r 22.76456861813426 24.93000030517578 31.489999771118164 AB 5.406313560015451 1.1759672766856013
60586.1738 lsst_hardware_u -0.4242908897743475 2.740000009536743 28.350000381469727 AB 2.666327279283932 1.2017701078503298
60586.1929 lsst_hardware_g -0.8415631255815987 15.619999885559082 31.43000030517578 AB 2.6249172234144975 1.1751606730699946
60588.1785 lsst_hardware_r -40.09888016385592 25.059999465942383 31.479999542236328 AB 5.6503774930939095 1.185310990789576
60588.1973 lsst_hardware_z -48.31530675609545 43.84000015258789 30.940000534057617 AB 5.633119366575836 1.1684545460642681
60590.1736 lsst_hardware_r -16.123273652947752 25.309999465942383 31.489999771118164 AB 4.942566890414798 1.1845576729577048
60590.1912 lsst_hardware_u -0.9035736872530105 2.7899999618530273 28.389999389648438 AB 4.681815430643702 1.1687494314070925
60592.1724 lsst_hardware_g -20.689043148030894 17.280000686645508 31.469999313354492 AB 4.078574237890822 1.1793467675828884
60592.19 lsst_hardware_r -19.067551222982935 25.290000915527344 31.510000228881836 AB 4.080346100310827 1.1671470538647912
60594.1733 lsst_hardware_i -28.23368957137005 37.68000030517578 31.260000228881836 AB 7.351445578278257 1.1732278292815603
60594.1929 lsst_hardware_z -11.076597206494178 46.15999984741211 30.950000762939453 AB 7.191679068491241 1.1664704371474652
60599.151 lsst_hardware_z -216.15182170939633 147.9499969482422 31.739999771118164 AB 7.565008472219373 1.182032573784277
60605.1372 lsst_hardware_g -17.753320076721316 15.720000267028809 31.420000076293945 AB 5.751061658591642 1.1790197133819609
60605.1537 lsst_hardware_r 31.394758986234542 25.209999084472656 31.5 AB 5.561517810331615 1.1673846616869175
60607.1366 lsst_hardware_i -20.18771800353399 32.83000183105469 31.25 AB 5.157442609861816 1.1742365445744656
60607.1531 lsst_hardware_z 133.20949340769118 43.63999938964844 30.950000762939453 AB 5.104118976334531 1.166411375064546
60611.1086 lsst_hardware_u 3.538847675232058 2.950000047683716 28.510000228881836 AB 3.580365071533845 1.1962462651297527
60611.1249 lsst_hardware_g -1.2219550621466997 15.779999732971191 31.450000762939453 AB 3.4711199985938066 1.1749249684961547
60613.1048 lsst_hardware_r 2.7277727862908203 24.850000381469727 31.510000228881836 AB 5.93266130978069 1.1934542968780306
60613.1214 lsst_hardware_z -20.303266680479773 43.470001220703125 30.950000762939453 AB 5.786445589746405 1.1732452533953117
60615.1191 lsst_hardware_r 11.093083229598063 24.770000457763672 31.5 AB 6.586459999529919 1.1709262221386523
60615.1369 lsst_hardware_u 1.2859459868567698 2.759999990463257 28.389999389648438 AB 4.549986569301141 1.1666632228977285
60622.0909 lsst_hardware_z -74.21585242262704 44.36000061035156 30.940000534057617 AB 7.51826691966781 1.178889088267353
60622.1096 lsst_hardware_r 6.743051289058653 28.420000076293945 31.530000686645508 AB 7.451550043665757 1.1667810655947863
60624.0886 lsst_hardware_z -2.308771890367983 48.7599983215332 30.950000762939453 AB 2.2460113553242183 1.1756657039868232
60624.1068 lsst_hardware_g 21.23854884093561 41.61000061035156 31.649999618530273 AB 2.308012680151744 1.1663993329888789
60626.0881 lsst_hardware_r -35.42080135088101 88.0199966430664 31.6200008392334 AB 4.185184657540925 1.171582240196214
60626.106 lsst_hardware_z 67.80007978027282 68.3499984741211 30.969999313354492 AB 4.005658200616173 1.1665266807603265
60631.0619 lsst_hardware_u 9.366457389924372 11.640000343322754 29.190000534057617 AB 7.782744902952245 1.184227769773622
60631.0822 lsst_hardware_g -65.46692076677844 77.13999938964844 31.68000030517578 AB 7.685959682017769 1.1675466629223408
60640.0633 lsst_hardware_u 4.227788523558397 3.8499999046325684 29.1200008392334 AB 4.298894203136879 1.1663817137931298
60640.0851 lsst_hardware_g -16.78087441281158 21.549999237060547 32.16999816894531 AB 4.490561857407105 1.1759502070723913
60646.033 lsst_hardware_z 13.182827369394637 48.959999084472656 30.950000762939453 AB 7.870377131591578 1.1719285447890906
60646.0523 lsst_hardware_g 10.68509229949924 15.5600004196167 31.440000534057617 AB 7.7330881324922975 1.166665594667701
60648.0317 lsst_hardware_y 29.45694679365583 59.15999984741211 30.020000457763672 AB 2.5426718728961513 1.1693133469285588
60648.0509 lsst_hardware_i 37.021530003583656 32.66999816894531 31.239999771118164 AB 1.7861144576118437 1.167776696706011
60650.0328 lsst_hardware_y -64.72030468695861 59.02000045776367 30.020000457763672 AB 6.20598665997241 1.166849567078779
60650.0519 lsst_hardware_r -19.908858085716044 26.260000228881836 31.510000228881836 AB 5.2127567160729 1.1711428254488654
60652.033 lsst_hardware_y -5.508301481149702 59.709999084472656 30.020000457763672 AB 5.745013287198374 1.1663422793256493
60652.052 lsst_hardware_g -8.022605479823328 30.75 31.610000610351562 AB 6.292761278982176 1.175631077154473
60654.0348 lsst_hardware_y -10.026456848225118 65.7699966430664 30.030000686645508 AB 11.304900451063403 1.1678817250018028
60654.0546 lsst_hardware_z -58.1365984866137 62.84000015258789 30.969999313354492 AB 11.855233382350262 1.1848124507645674
