data/validation/pwv_sim_epoch_fit_4/13155570.ecsv
# %ECSV 0.9
# ---
# datatype:
# - {name: time, datatype: float64}
# - {name: band, datatype: string}
# - {name: flux, datatype: float64}
# - {name: fluxerr, datatype: float64}
# - {name: zp, datatype: float64}
# - {name: zpsys, datatype: string}
# - {name: pwv, datatype: float64}
# - {name: airmass, datatype: float64}
# meta: {SNID: '13155570', alt: 1024.0, c: -0.0371306911110878, dec: -24.132875, lat: -30.244573, lon: -70.7499537, ra: 149.765625, t0: 60741.67578125,
#   x0: 3.8971161161860185e-06, x1: -0.5376895666122437, z: 0.6793279647827148}
# schema: astropy-2.0
time band flux fluxerr zp zpsys pwv airmass
60647.2246 lsst_hardware_u 0.008535597650893236 2.009999990463257 27.6299991607666 AB 8.561351721037077 1.963049979028138
60647.2442 lsst_hardware_r 6.257487670614345 24.860000610351562 31.3700008392334 AB 7.245869721975482 1.675926846761994
60653.2399 lsst_hardware_i -6.100517554327919 34.41999816894531 31.18000030517578 AB 14.427085137962042 1.5441598135461887
60653.2622 lsst_hardware_r -5.588394604016919 23.959999084472656 31.440000534057617 AB 12.645703053535122 1.3611434318427555
60657.2362 lsst_hardware_r -50.89351726130311 68.05999755859375 31.520000457763672 AB 11.517486651082066 1.4774690236034507
60657.2603 lsst_hardware_i -84.81217013178933 54.290000915527344 31.260000228881836 AB 10.219228345714445 1.303722439971328
60659.2398 lsst_hardware_z -139.01445301637273 64.36000061035156 30.93000030517578 AB 14.5917534813767 1.4042372655782094
60659.2621 lsst_hardware_r -26.77719850200281 83.02999877929688 31.59000015258789 AB 13.241569371500539 1.2629942433961394
60661.2516 lsst_hardware_z 6.632137242146451 89.01000213623047 31.700000762939453 AB 6.786046771610492 1.2907773468698627
60667.2477 lsst_hardware_g -41.07509094328092 26.979999542236328 31.56999969482422 AB 8.794704286707729 1.2257142858527414
60667.2691 lsst_hardware_r -45.726364036076326 33.720001220703125 31.559999465942383 AB 6.310729959489381 1.1396352071312652
60668.3287 lsst_hardware_r -22.023443537369353 28.079999923706055 31.559999465942383 AB 6.785504701884983 1.015705420218058
60668.3494 lsst_hardware_y 87.17309491249051 53.4900016784668 30.06999969482422 AB 6.451420949947906 1.0058342609835076
60669.2507 lsst_hardware_i -6.425896407893473 32.08000183105469 31.229999542236328 AB 9.50569116899212 1.188211396124015
60669.2718 lsst_hardware_z 33.327928475409124 42.369998931884766 30.940000534057617 AB 8.91047001294627 1.1138087516182837
60670.3399 lsst_hardware_z 26.617577474693075 61.77000045776367 31.709999084472656 AB 6.417848542320884 1.0066818622518152
60674.3155 lsst_hardware_i 10.713407491382958 29.93000030517578 31.25 AB 5.097248753649253 1.013285596683256
60674.3356 lsst_hardware_y -35.483824456938834 46.650001525878906 30.059999465942383 AB 5.885053294613487 1.005562288699407
60675.2526 lsst_hardware_z 107.10535901388646 42.099998474121094 30.940000534057617 AB 7.888432896837422 1.1223394395137585
60675.275 lsst_hardware_r 19.87365424978418 22.440000534057617 31.489999771118164 AB 7.480542284747745 1.0648458768324192
60677.258 lsst_hardware_u -0.8415470651418905 2.549999952316284 28.31999969482422 AB 5.267706455315298 1.0916018074149263
60677.2793 lsst_hardware_g -19.19880698023047 13.420000076293945 31.389999389648438 AB 5.084992952601576 1.0465101775265644
60679.2533 lsst_hardware_r -22.49630296873388 22.520000457763672 31.489999771118164 AB 2.8680720562036095 1.0896585301390949
60679.2772 lsst_hardware_i -21.98840621462123 30.110000610351562 31.25 AB 2.724945284312382 1.0410488192215404
60683.1281 lsst_hardware_r 29.077533215469064 60.4900016784668 32.150001525878906 AB 13.69238703451134 1.9320654776305641
60683.1506 lsst_hardware_i 24.899084241786518 59.540000915527344 31.950000762939453 AB 11.477192806362758 1.6214732181489433
60683.2565 lsst_hardware_u -1.812532017606258 2.640000104904175 28.40999984741211 AB 9.417472818397782 1.0581430133031215
60683.2798 lsst_hardware_r 12.709875688320379 22.110000610351562 31.489999771118164 AB 9.106682855715952 1.0232227927770732
60687.2039 lsst_hardware_z 120.91156648431298 56.75 30.959999084472656 AB 7.360347903120749 1.1786614556081043
60687.2213 lsst_hardware_r -77.44796689274783 70.61000061035156 31.6299991607666 AB 5.734630430384915 1.1178616823362408
60689.2098 lsst_hardware_y 44.886929755553645 79.30999755859375 30.770000457763672 AB 8.959876171972102 1.137064172927359
60693.216 lsst_hardware_z 12.399632807187892 58.459999084472656 30.979999542236328 AB 7.224965506511112 1.0873330249590316
60693.2344 lsst_hardware_r 48.40013602670582 70.54000091552734 31.649999618530273 AB 6.943067016115129 1.0485904675969284
60694.2533 lsst_hardware_z 4.268540268371543 73.20999908447266 31.719999313354492 AB 6.460968079144462 1.0196162144888683
60698.212 lsst_hardware_i -12.00267498504622 31.399999618530273 31.25 AB 9.679741572879658 1.0652686984093498
60698.229 lsst_hardware_z -42.754317760722216 41.41999816894531 30.950000762939453 AB 9.434333675686252 1.0355545767961092
60701.2199 lsst_hardware_g 4.271234833613202 13.789999961853027 31.450000762939453 AB 14.654560828449727 1.036867076693646
60701.2403 lsst_hardware_r 3.107780278530991 22.3799991607666 31.510000228881836 AB 14.248335496856205 1.0143690952804048
60702.1135 lsst_hardware_i -6.097318300504076 33.529998779296875 31.200000762939453 AB 16.835077826528476 1.4760706534833243
60702.1304 lsst_hardware_r -30.677665286782165 23.489999771118164 31.450000762939453 AB 14.82611443779498 1.347828585254089
60706.1131 lsst_hardware_r 13.121199680745226 23.8799991607666 31.43000030517578 AB 12.35626881306827 1.3922164235450571
60706.1325 lsst_hardware_i -16.27499185868994 32.349998474121094 31.219999313354492 AB 11.553825902856895 1.2698372548567807
60708.113 lsst_hardware_z 30.904704080209772 45.40015985109763 30.93000030517578 AB 8.083674175001246 1.354616535400263
60708.1319 lsst_hardware_r 51.830760697619915 23.481237913230053 31.469999313354492 AB 8.945561638899527 1.2445133053560877
60710.1163 lsst_hardware_z 0.32407783948060764 44.75784617014695 30.93000030517578 AB 13.632945190473208 1.2995721639420317
60710.1365 lsst_hardware_g -1.2932656365202515 13.86014472041937 31.389999389648438 AB 12.273616306321161 1.1977473279485826
60712.1124 lsst_hardware_r 7.742890998750944 35.4179591181946 31.530000686645508 AB 5.608200040379618 1.290526971016235
60712.1308 lsst_hardware_z -9.78195551941925 45.549891311200675 30.940000534057617 AB 4.684621849132211 1.19877728898337
60719.1192 lsst_hardware_i 204.21517916626456 95.03100887879636 31.309999465942383 AB 4.001664411201331 1.1681986312075072
60719.1375 lsst_hardware_z 118.10333900432376 79.97338359721753 30.979999542236328 AB 3.986574295389393 1.1073817487192759
60721.1051 lsst_hardware_r 340.1252516998391 94.60818321057393 31.6200008392334 AB 1.7834487633915086 1.2036774556073173
60721.1238 lsst_hardware_z 16.386932036730432 70.05942479605399 30.979999542236328 AB 1.6882336955145743 1.1325360211412814
60723.113 lsst_hardware_g 97.04565203171067 53.538088218611044 31.670000076293945 AB 2.7384904762375144 1.150747127319071
60723.1319 lsst_hardware_i 449.7868159139121 56.3471228461881 31.309999465942383 AB 3.2350015217121477 1.0929059194972994
60730.1098 lsst_hardware_r 868.2774472419877 38.2212859847542 31.5 AB 8.58767295524738 1.1008660983118101
60730.13 lsst_hardware_i 771.8982926360889 42.05059836445 31.260000228881836 AB 9.705745313654608 1.0546666162331146
60732.104 lsst_hardware_z 684.0274523879511 48.73321854910104 30.940000534057617 AB 6.299978215103756 1.101796088045545
60732.1238 lsst_hardware_r 1037.5838362508073 39.65598116051209 31.489999771118164 AB 6.029377992023578 1.056056397481939
60737.1076 lsst_hardware_i 1131.07753249292 46.1039344689521 31.25 AB 6.136904467605819 1.0610139121033573
60737.1279 lsst_hardware_z 743.3020022022811 49.26044215926744 30.950000762939453 AB 5.0827854928427705 1.0283835089211473
60739.005 lsst_hardware_y 261.04419867860247 73.36684799964083 29.90999984741211 AB 17.76521814127591 1.545070285377971
60739.0242 lsst_hardware_r 1224.6804030703036 43.567679643909 31.469999313354492 AB 15.69572254810538 1.383492511952876
60740.1271 lsst_hardware_r 1184.6526535909718 41.68766310688241 31.5 AB 7.805527077547756 1.020196977852275
60740.1472 lsst_hardware_y 346.21003852122675 49.79273454789582 30.059999465942383 AB 7.739573840347611 1.007145029974951
60741.0037 lsst_hardware_y 577.8857801807427 83.62854930138911 29.90999984741211 AB 9.72354065412058 1.505599915475644
60741.0235 lsst_hardware_r 1216.4885526430496 48.98285821404571 31.510000228881836 AB 8.69431930146552 1.3505738720722973
60743.0114 lsst_hardware_z 1677.070567229537 96.36947584084963 31.690000534057617 AB 15.293460388360272 1.3971734321542364
60749.9969 lsst_hardware_y 172.0860772110762 78.67453389073496 29.959999084472656 AB 10.40488406439159 1.3642767566947016
60750.0175 lsst_hardware_i 1053.4457506860697 73.14891417659304 31.290000915527344 AB 10.19190372335353 1.243117221095324
60751.9942 lsst_hardware_y 296.95364535418815 82.42694269038844 29.969999313354492 AB 8.989971851660785 1.3457034431047328
60752.011 lsst_hardware_r 732.3038407319837 36.31466184291381 31.469999313354492 AB 9.64350282381769 1.248349880105875
60755.9922 lsst_hardware_y 342.70963808149605 74.84579008534764 29.989999771118164 AB 6.476926647419394 1.2908672939550696
60756.0102 lsst_hardware_z 630.7407282496881 50.43286571668522 30.950000762939453 AB 6.278403594897509 1.2007657009238673
60757.9904 lsst_hardware_y 312.70600744001706 72.71739463806004 29.989999771118164 AB 7.074377836004745 1.2704659388215644
60758.0084 lsst_hardware_u 5.628733954610063 2.9908617228464465 28.489999771118164 AB 5.538345148051606 1.1853066127451273
60761.9875 lsst_hardware_y 183.56180941615457 68.99604250506955 30.0 AB 7.6234255626733844 1.2295847681731265
60762.0055 lsst_hardware_z 496.37849283633955 49.130569807076114 30.950000762939453 AB 7.997879275898881 1.1543727605338774
60763.0691 lsst_hardware_g 69.77184356476863 15.147696193998353 31.450000762939453 AB 6.836819204439937 1.0158720957563057
60763.0871 lsst_hardware_i 527.7775898827588 38.37160825603276 31.270000457763672 AB 6.93104482616362 1.0063831800346437
60763.9863 lsst_hardware_y 211.6721952901106 65.8105080203169 30.020000457763672 AB 8.083326743390172 1.2098373692960744
60764.002 lsst_hardware_u 6.674977173055371 3.0108793839874117 28.520000457763672 AB 6.667095943874369 1.1473891596846664
60766.9848 lsst_hardware_y 286.70413424249375 62.39527886558843 30.020000457763672 AB 9.094317258616508 1.1813358638601619
60767.0035 lsst_hardware_i 427.03439624527203 37.53361474641968 31.25 AB 8.692519035934517 1.115951605092586
60768.9827 lsst_hardware_y 203.92316398989738 66.8211744720571 30.020000457763672 AB 7.331302881189559 1.1681024307810346
60768.9997 lsst_hardware_r 216.05781375105877 30.593925425896423 31.520000457763672 AB 6.989063236270389 1.111050510495253
60770.9821 lsst_hardware_y 184.07294896894206 60.94999605317039 30.020000457763672 AB 9.646118159515614 1.1501616430101467
60770.9991 lsst_hardware_g 21.07524216326695 38.53761311772458 31.670000076293945 AB 9.251202763719368 1.0974794191493409
60772.9814 lsst_hardware_z 335.0695806731055 64.95603799802794 30.979999542236328 AB 9.88638788527471 1.1338901118562474
60772.9998 lsst_hardware_i 370.45785119047247 56.776953257723285 31.309999465942383 AB 9.451665691558642 1.0818595194366996
60777.978 lsst_hardware_y 145.34469723615342 66.24515538955112 30.049999237060547 AB 8.568971989168086 1.1028869402050414
60777.9965 lsst_hardware_r 145.73872814222577 96.6715888759021 31.65999984741211 AB 8.16607552380653 1.0593255098176138
60779.9776 lsst_hardware_y 79.87872421692202 57.77116793758262 30.049999237060547 AB 12.373089562460283 1.0894681308849417
60779.9963 lsst_hardware_z 218.6180400127623 54.563521958900004 30.979999542236328 AB 11.891361532253494 1.0495464723966015
60781.9761 lsst_hardware_y 189.9043178141311 56.07568955366956 30.040000915527344 AB 15.535310200155084 1.0797782936684448
60781.9945 lsst_hardware_u 0.16915941548796384 2.886939215498116 28.489999771118164 AB 14.884754849606907 1.0433726937898908
60800.9734 lsst_hardware_z 158.53355512241913 50.568111149124746 30.969999313354492 AB 6.790906722318527 1.010326076369639
60800.9913 lsst_hardware_i 63.07979829086241 46.76924229168706 31.309999465942383 AB 7.087346231766956 1.0054875009600335
60810.9533 lsst_hardware_y 115.73458822313691 70.32864977322797 30.079999923706055 AB 7.736602802582883 1.0071515907029138
60810.9744 lsst_hardware_r 60.4073362206205 23.657987537539004 31.510000228881836 AB 7.397928189967127 1.0073431631218854
61015.2388 lsst_hardware_z -27.715368905817968 93.94000244140625 31.649999618530273 AB 8.801070690728036 1.6509230333385925
61020.2362 lsst_hardware_r 47.3674097886464 44.900001525878906 31.5 AB 14.628955086758658 1.5337281888649452
61020.2584 lsst_hardware_z 0.42437825584246147 52.310001373291016 30.93000030517578 AB 12.793753900511673 1.3545530863432158
61022.2311 lsst_hardware_g 26.99944793808338 22.459999084472656 32.06999969482422 AB 16.53800036254112 1.530269065908681
61022.2548 lsst_hardware_i -2.0589296338927285 49.66999816894531 31.969999313354492 AB 14.05449428674373 1.3422303778763947
61024.2373 lsst_hardware_z 22.595701860641658 45.83000183105469 30.90999984741211 AB 11.53125249440673 1.4287843251844996
61024.2607 lsst_hardware_r -12.686294553884899 23.309999465942383 31.450000762939453 AB 10.402790573410659 1.2742408861572099
61028.2417 lsst_hardware_r 14.921243804624869 23.6299991607666 31.440000534057617 AB 6.8360052791838 1.3213502037660771
61028.2626 lsst_hardware_i -25.264369077065073 31.8700008392334 31.229999542236328 AB 5.260994154780848 1.210537081173688
61031.322 lsst_hardware_i 13.670888161740205 30.1299991607666 31.25 AB 6.238756685904096 1.0289318338489437
61031.3431 lsst_hardware_z 84.07552746987459 41.7599983215332 30.959999084472656 AB 6.572095557034595 1.0101074169323496
61032.2495 lsst_hardware_u -1.005064649899281 2.609999895095825 28.309999465942383 AB 8.216394012519986 1.2204982193284653
61032.2707 lsst_hardware_r -40.54607309758171 22.8700008392334 31.479999542236328 AB 7.615032882346092 1.136572071991954
61034.2456 lsst_hardware_i -46.38380353437089 31.920000076293945 31.229999542236328 AB 7.981195164550066 1.21333175365292
61034.2686 lsst_hardware_z 11.786558279009965 42.38999938964844 30.950000762939453 AB 7.094497179248695 1.1256788553462869
61036.2483 lsst_hardware_r 3.8255462264597773 22.68000030517578 31.459999084472656 AB 5.907757451915415 1.1785461975793288
61036.2701 lsst_hardware_u 3.0639629972225637 2.5999999046325684 28.3700008392334 AB 6.939866441230028 1.1049569750392967
61038.2489 lsst_hardware_g 17.265421133089834 13.579999923706055 31.3799991607666 AB 8.224383205640327 1.1554345610621422
61038.2715 lsst_hardware_r -11.575952154649304 22.389999389648438 31.489999771118164 AB 7.805234285005942 1.0868150917263817
61040.2563 lsst_hardware_i -42.45836399169444 40.33000183105469 31.280000686645508 AB 6.244140000033091 1.113235870927612
61040.2781 lsst_hardware_z 19.827221230651467 41.209999084472656 30.950000762939453 AB 5.961300156728722 1.0599594286586653
61041.3256 lsst_hardware_r 36.34375556183566 22.15999984741211 31.5 AB 7.155402265020801 1.0063212923815426
61041.3456 lsst_hardware_y 28.071984070840127 47.81999969482422 30.059999465942383 AB 7.203963912101005 1.0080556577268687
61042.2583 lsst_hardware_r -151.38431744259984 72.2300033569336 31.6299991607666 AB 5.265971006368654 1.0926006652677198
61042.2795 lsst_hardware_z 64.2338161541159 54.790000915527344 30.969999313354492 AB 5.123560936294841 1.047334614941709
61043.2549 lsst_hardware_r -42.191416298488036 85.44999694824219 31.639999389648438 AB 4.793052495868045 1.0943458645765927
61043.2776 lsst_hardware_i 144.68275313883305 66.44999694824219 31.329999923706055 AB 4.562347995074414 1.0459303060693292
61045.256 lsst_hardware_z -19.449199534185027 63.33000183105469 30.979999542236328 AB 11.267803945903648 1.0781211914814999
61045.2786 lsst_hardware_i 78.74042010266925 68.8499984741211 31.329999923706055 AB 10.870915386246969 1.0358843235632222
61048.2712 lsst_hardware_z -43.57024233711823 75.06999969482422 31.729999542236328 AB 9.20936351367753 1.0347599453570258
61056.2072 lsst_hardware_i -17.08973261509045 30.899999618530273 31.239999771118164 AB 5.866052540338422 1.1299340345446252
61056.2254 lsst_hardware_z 37.52806022563761 41.40999984741211 30.940000534057617 AB 5.469564794891267 1.0794483510738635
