data/validation/pwv_sim_epoch_fit_4/13168789.ecsv
# %ECSV 0.9
# ---
# datatype:
# - {name: time, datatype: float64}
# - {name: band, datatype: string}
# - {name: flux, datatype: float64}
# - {name: fluxerr, datatype: float64}
# - {name: zp, datatype: float64}
# - {name: zpsys, datatype: string}
# - {name: pwv, datatype: float64}
# - {name: airmass, datatype: float64}
# meta: {SNID: '13168789', alt: 1024.0, c: -0.05764499679207802, dec: -13.401351, lat: -30.244573, lon: -70.7499537, ra: 193.710938, t0: 62489.109375,
#   x0: 2.267647262880797e-05, x1: -0.2982272505760193, z: 0.32504501938819885}
# schema: astropy-2.0
time band flux fluxerr zp zpsys pwv airmass
62530.3701 lsst_hardware_g 243.99495178115555 26.735296901475365 31.559999465942383 AB 12.120220512825659 1.0451469255095425
62532.3668 lsst_hardware_z 1063.8000892730493 53.44475745651516 30.950000762939453 AB 12.089763028616332 1.0445847740461243
62534.3691 lsst_hardware_u 1.1312989912528166 4.105637380685949 28.670000076293945 AB 10.254378804608873 1.0439683181072876
62536.3582 lsst_hardware_r 642.4593021118054 34.83190731851459 31.510000228881836 AB 8.709769072169728 1.04416988557022
62536.3767 lsst_hardware_z 952.2002528043989 54.34014736235363 30.959999084472656 AB 7.884098885134338 1.047883244596195
62538.3611 lsst_hardware_z 722.751100504743 50.24436858501852 30.940000534057617 AB 4.50485915432142 1.0443023249658465
62538.3791 lsst_hardware_y 436.6468340041754 55.84806455821943 30.040000915527344 AB 4.6172022475669445 1.0532740280359543
62540.3591 lsst_hardware_u 12.6850538131435 4.08770378096865 28.43000030517578 AB 8.595779277429177 1.0451007247274524
62540.3777 lsst_hardware_y 328.26135257813047 52.282497348713456 30.040000915527344 AB 7.042607358274651 1.0569724385824262
62542.336 lsst_hardware_g 151.7316163582621 20.015977874445035 31.450000762939453 AB 3.5680306810455935 1.045576756350357
62542.3543 lsst_hardware_i 931.6491580818351 43.794749012815366 31.25 AB 3.5694458564668397 1.0453022494961135
62544.3363 lsst_hardware_r 555.6889461129921 33.335361842815445 31.520000457763672 AB 6.4543991083366326 1.0441758695540369
62544.3532 lsst_hardware_u 20.005515375376472 4.694754688933001 28.56999969482422 AB 6.461614765210397 1.0470370690089226
62545.3322 lsst_hardware_g 184.49043304215692 19.858656246055382 31.469999313354492 AB 5.953073959870155 1.0443989403280973
62547.3265 lsst_hardware_i 813.3953860738485 42.645546333144274 31.260000228881836 AB 4.161675713732431 1.0444443911908394
62547.3434 lsst_hardware_z 598.1960082942711 47.85030302481258 30.950000762939453 AB 4.221092929419708 1.0463141672974425
62549.3354 lsst_hardware_r 363.86641720859365 86.6558238105441 31.65999984741211 AB 4.229036056459814 1.0453679536422726
62549.353 lsst_hardware_z 643.7759854545246 64.99739625500533 30.979999542236328 AB 4.380876551436802 1.0568425430159343
62551.3301 lsst_hardware_r 536.2243046476339 116.87020053666062 31.65999984741211 AB 2.709380606566068 1.0454201697361556
62551.3492 lsst_hardware_i 892.3164592353066 95.74345232533548 31.34000015258789 AB 3.2505656558451093 1.0585288431517317
62553.3102 lsst_hardware_i 666.0695676654259 96.34837265494235 31.34000015258789 AB 6.77946329477981 1.0444270927728772
62553.3279 lsst_hardware_z 474.77896114324926 82.38212652671078 31.0 AB 6.786950988971478 1.0466959499763193
62555.3121 lsst_hardware_r 422.8796600512703 70.21061363705367 31.639999389648438 AB 11.507327149281476 1.0439852256095692
62555.3299 lsst_hardware_z 610.3256346491003 60.740086153779245 30.979999542236328 AB 11.603535217119965 1.0510924604483867
62558.3115 lsst_hardware_g -33.72683269432891 21.270000457763672 31.579999923706055 AB 6.8698929484808895 1.045592757619755
62558.3293 lsst_hardware_r 27.81500616287823 27.860000610351562 31.549999237060547 AB 6.937534895109418 1.057712287712994
62560.3014 lsst_hardware_i 15.176143405887773 31.59000015258789 31.260000228881836 AB 5.451557281403128 1.0443596324527065
62560.3194 lsst_hardware_z 7.373288717840281 42.0099983215332 30.950000762939453 AB 5.564973032767742 1.0535730845830635
62562.3 lsst_hardware_r -36.873906970601794 24.0 31.510000228881836 AB 3.658881678682377 1.045394765337822
62562.319 lsst_hardware_g -36.06410629844677 15.15999984741211 31.459999084472656 AB 3.6129428890134294 1.0583501688798036
62564.2997 lsst_hardware_r -15.356282041006551 23.899999618530273 31.5 AB 7.467685534561213 1.0475816138824736
62564.3182 lsst_hardware_i 12.139587322404672 31.440000534057617 31.239999771118164 AB 7.682589052450058 1.0636285549563973
62565.274 lsst_hardware_i -14.404756884209391 31.290000915527344 31.25 AB 10.797659429160646 1.0453056983923954
62565.2925 lsst_hardware_z 33.35945520673836 41.58000183105469 30.940000534057617 AB 10.143310566412714 1.0456302556263535
62567.2789 lsst_hardware_r 0.2277095239124897 23.989999771118164 31.510000228881836 AB 10.097466155893748 1.0439534916663047
62567.2975 lsst_hardware_u -0.7808221845784645 2.700000047683716 28.389999389648438 AB 9.459398572731654 1.0513557986883257
62569.2751 lsst_hardware_g -15.06330239138957 15.069999694824219 31.440000534057617 AB 8.079240138997061 1.0440992684152628
62569.2941 lsst_hardware_r -25.010346762060628 23.969999313354492 31.5 AB 7.5813427333690315 1.0529642685234766
62573.2641 lsst_hardware_i -48.16540778872593 31.350000381469727 31.25 AB 15.91470235568614 1.0440891153572958
62573.2827 lsst_hardware_z 14.940020077031583 41.79999923706055 30.950000762939453 AB 16.037733292074343 1.052574926191709
62577.2675 lsst_hardware_r -126.18543676803635 70.1500015258789 31.649999618530273 AB 8.290957570589022 1.0494883000745596
62577.2888 lsst_hardware_i 30.21442157886829 59.4900016784668 31.31999969482422 AB 8.46747910305961 1.0718327978556468
62585.2015 lsst_hardware_z -71.60828473718134 65.38999938964844 31.700000762939453 AB 7.309231896439785 1.0569474333587885
62590.056 lsst_hardware_r -10.312831830325605 45.40999984741211 32.560001373291016 AB 8.681457579405146 1.7457183952151911
62590.0772 lsst_hardware_g 24.998885670462112 15.390000343322754 31.299999237060547 AB 7.4154464592823395 1.508737835052358
62595.213 lsst_hardware_u -0.1076868489327138 2.759999990463257 28.420000076293945 AB 5.756217542422679 1.0465850077132144
62595.2327 lsst_hardware_g 9.554563234536047 15.640000343322754 31.450000762939453 AB 5.844203343791437 1.0625824261438976
62597.2024 lsst_hardware_r 16.677815608235427 24.690000534057617 31.520000457763672 AB 14.343966048736197 1.0447932150000636
62597.2209 lsst_hardware_i 2.21982576502444 31.959999084472656 31.260000228881836 AB 15.715917802979025 1.055822492642199
62599.2033 lsst_hardware_z 39.4658422029634 41.970001220703125 30.950000762939453 AB 8.739362982555322 1.0471528286636431
62599.2221 lsst_hardware_u 3.5665068635112527 2.759999990463257 28.40999984741211 AB 9.827833697206868 1.0629664740822946
62601.1996 lsst_hardware_g 4.281742699219531 15.710000038146973 31.459999084472656 AB 5.162611421892669 1.0480686358097113
62601.2165 lsst_hardware_r 8.410184839904044 24.700000762939453 31.510000228881836 AB 5.161660262973308 1.0627989559999949
62603.1968 lsst_hardware_i -31.066160231083483 35.970001220703125 31.290000915527344 AB 6.82286008010305 1.0496707815543154
62603.2147 lsst_hardware_z 38.04816689158564 42.77000045776367 30.959999084472656 AB 7.352059136794149 1.067449602438352
62605.1846 lsst_hardware_i 65.52180692177234 53.439998626708984 31.329999923706055 AB 5.77693795740636 1.0461203236735677
62605.2021 lsst_hardware_z 44.67336407060793 53.83000183105469 30.979999542236328 AB 5.834643168311525 1.058870862177129
62607.1437 lsst_hardware_z -151.63396115326145 80.9000015258789 31.0 AB 17.615206134585314 1.054802762550019
62607.1611 lsst_hardware_r 14.220890135067966 116.08000183105469 31.65999984741211 AB 17.448009970332926 1.0447910161876004
62609.1884 lsst_hardware_i -111.05987059677817 134.47000122070312 31.34000015258789 AB 13.623330077499473 1.0560720990309669
62609.2047 lsst_hardware_r 185.73813725616432 169.8699951171875 31.65999984741211 AB 13.891502361883365 1.0768606482080127
62613.1683 lsst_hardware_z -159.65011200979643 68.30000305175781 31.719999313354492 AB 9.730279324645123 1.048917083452285
62615.0836 lsst_hardware_g -7.995655219016744 15.319999694824219 31.43000030517578 AB 10.086022595671876 1.1193632535011624
62615.0943 lsst_hardware_r 34.790865162488494 24.420000076293945 31.510000228881836 AB 9.957202523076248 1.094859807914261
62617.1521 lsst_hardware_i 28.628298732938713 31.5 31.25 AB 9.210984295903609 1.0462272030785562
62617.1687 lsst_hardware_z -6.181073041323438 42.099998474121094 30.950000762939453 AB 6.79410826289591 1.0582036362483083
62619.1593 lsst_hardware_i -12.425366943157298 31.43000030517578 31.25 AB 2.198378359996259 1.0544202534056162
62619.1752 lsst_hardware_u -5.657251221307971 2.7100000381469727 28.3799991607666 AB 2.442325406686825 1.0734316697887376
62621.1464 lsst_hardware_g -4.303603949847052 15.270000457763672 31.450000762939453 AB 10.99648245657608 1.0488823403830676
62621.1634 lsst_hardware_r -16.021215350691733 24.25 31.510000228881836 AB 11.141279341860697 1.0646483998051264
62624.1488 lsst_hardware_i 54.390376975097645 31.6200008392334 31.260000228881836 AB 11.978227349455903 1.0574000131934942
62624.1655 lsst_hardware_r 29.247474167614527 24.40999984741211 31.520000457763672 AB 12.220850013324158 1.0797473119363998
62626.1185 lsst_hardware_z -14.682471078567756 41.79999923706055 30.950000762939453 AB 9.683749821942488 1.0439950215915283
62626.1371 lsst_hardware_u -0.20387719606739227 2.869999885559082 28.520000457763672 AB 9.008822526146608 1.051869329250881
62628.1189 lsst_hardware_g 18.791070102415002 15.220000267028809 31.450000762939453 AB 6.91755470859762 1.0451057121313578
62628.1366 lsst_hardware_r 38.37851611894611 24.170000076293945 31.5 AB 6.4755802433394685 1.0561455219103189
62638.0851 lsst_hardware_z -43.31902042816568 116.43000030517578 31.739999771118164 AB 8.93203326291152 1.0439496567217577
62640.0262 lsst_hardware_r 38.89279317164591 72.91999816894531 31.639999389648438 AB 8.887224476452303 1.094530704436016
62640.0382 lsst_hardware_i 43.939298402495595 61.65999984741211 31.31999969482422 AB 8.743934140787287 1.0733143380671792
62643.0433 lsst_hardware_i -24.867075507989707 31.399999618530273 31.25 AB 5.368894328835155 1.05678228403218
62643.0637 lsst_hardware_z -51.56310491920831 41.599998474121094 30.940000534057617 AB 5.2224459534575045 1.0445762387113937
62645.0401 lsst_hardware_i 10.670380702198317 31.540000915527344 31.25 AB 7.904678590441402 1.054660252227005
62645.0596 lsst_hardware_u -1.340348952972467 2.809999942779541 28.479999542236328 AB 8.667757237045441 1.0443081008488482
62647.0417 lsst_hardware_g 3.959656189959069 15.390000343322754 31.479999542236328 AB 5.481974174665689 1.0492820699905616
62647.0619 lsst_hardware_r -39.167808604242694 24.239999771118164 31.520000457763672 AB 5.434016167379468 1.0440661266900582
62651.0308 lsst_hardware_i -6.067204361158654 31.549999237060547 31.260000228881836 AB 9.996817961257358 1.0492684754969281
62651.0511 lsst_hardware_r 21.172461924492914 24.190000534057617 31.520000457763672 AB 11.28911600988809 1.0440800934000845
62653.0265 lsst_hardware_u 0.3482810850142167 2.759999990463257 28.440000534057617 AB 7.130235178454015 1.0485639968314728
62653.0447 lsst_hardware_g 29.8461373333375 15.3100004196167 31.459999084472656 AB 7.6329508142261195 1.0439888959003834
62656.0288 lsst_hardware_r 42.711709284328194 24.200000762939453 31.510000228881836 AB 11.748331143990372 1.0444508351450676
62656.0485 lsst_hardware_i -19.409531584732875 31.600000381469727 31.260000228881836 AB 12.03398020842594 1.0475717265223838
62658.0058 lsst_hardware_i 42.87997369245156 31.770000457763672 31.25 AB 4.640039370871336 1.0536165241254192
62658.0272 lsst_hardware_z -40.51347793337573 41.77000045776367 30.950000762939453 AB 4.595987893002342 1.0439495498017937
62672.9591 lsst_hardware_y 46.846982630292096 52.470001220703125 30.049999237060547 AB 5.72387510747885 1.059126955063008
62672.973 lsst_hardware_i -16.752390294737484 32.060001373291016 31.260000228881836 AB 5.679297127347615 1.0479374716022465
62676.9678 lsst_hardware_y 3.3383283427460126 47.79999923706055 30.040000915527344 AB 5.282722623184381 1.0454281387613802
62676.988 lsst_hardware_g -28.053177854061886 15.949999809265137 31.469999313354492 AB 5.244717271405256 1.0461189331614935
62678.9551 lsst_hardware_y 64.97655255226836 61.31999969482422 30.059999465942383 AB 8.037349317402343 1.0488059135366259
62678.9747 lsst_hardware_i -18.14841492453107 32.099998474121094 31.260000228881836 AB 7.948294870083194 1.0440881255035568
