data/validation/pwv_sim_epoch_fit_4/13356840.ecsv
# %ECSV 0.9
# ---
# datatype:
# - {name: time, datatype: float64}
# - {name: band, datatype: string}
# - {name: flux, datatype: float64}
# - {name: fluxerr, datatype: float64}
# - {name: zp, datatype: float64}
# - {name: zpsys, datatype: string}
# - {name: pwv, datatype: float64}
# - {name: airmass, datatype: float64}
# meta: {SNID: '13356840', alt: 1024.0, c: -0.07401223480701447, dec: -43.804489, lat: -30.244573, lon: -70.7499537, ra: 108.109756, t0: 61437.40625,
#   x0: 9.93478236261752e-06, x1: 0.6088740229606628, z: 0.46114614605903625}
# schema: astropy-2.0
time band flux fluxerr zp zpsys pwv airmass
61363.3532 lsst_hardware_z 13.876874748431028 51.41999816894531 30.969999313354492 AB 6.006599816993179 1.0330676747680754
61371.3524 lsst_hardware_z 83.66458740334845 63.970001220703125 30.989999771118164 AB 4.113688997624506 1.04900905205266
61373.3416 lsst_hardware_r 2.2655425245615994 45.20000076293945 31.6200008392334 AB 4.792994966878289 1.0438085659783578
61373.3543 lsst_hardware_i 7.2986004770615 54.349998474121094 31.31999969482422 AB 4.848972894593811 1.0575154887070088
61375.3477 lsst_hardware_z -75.03760260192523 77.58000183105469 31.729999542236328 AB 7.67183215354282 1.0560958317179123
61378.3367 lsst_hardware_r -15.15811562655575 22.790000915527344 31.5 AB 4.52335038314877 1.0527580410741901
61378.349 lsst_hardware_g 43.3185023019421 24.540000915527344 31.600000381469727 AB 4.628878745682009 1.0691074168176686
61380.3303 lsst_hardware_r -34.33049148497097 21.68000030517578 31.479999542236328 AB 4.543577976842429 1.0516932994254395
61380.342 lsst_hardware_i -15.180702757812478 31.920000076293945 31.260000228881836 AB 4.554221270068124 1.0668121972519222
61382.3043 lsst_hardware_z -71.86809781689914 57.310001373291016 31.700000762939453 AB 5.720795338330403 1.0345954133882636
61382.3175 lsst_hardware_i 37.25431571737419 41.869998931884766 32.0 AB 5.744009619002046 1.0442388108717422
61386.3075 lsst_hardware_r 9.958914213094172 21.3700008392334 31.479999542236328 AB 10.97625631215063 1.0450923237416494
61386.3195 lsst_hardware_i -17.651548781290334 29.68000030517578 31.239999771118164 AB 11.160492392937227 1.0584016304865551
61388.288 lsst_hardware_i 15.976362687755822 29.450000762939453 31.239999771118164 AB 8.2352386650288 1.034642711857378
61388.2994 lsst_hardware_z 26.279752736399306 40.540000915527344 30.940000534057617 AB 7.51727665072102 1.042714534499864
61391.2948 lsst_hardware_r 15.80143617434288 21.489999771118164 31.489999771118164 AB 6.968968134718311 1.045998969563724
61391.3058 lsst_hardware_g 3.6629907012063088 12.739999771118164 31.389999389648438 AB 6.997484124177028 1.0583407001440401
61393.282 lsst_hardware_r 24.92934728104642 21.450000762939453 31.489999771118164 AB 4.504891816402123 1.0396703938153988
61393.2953 lsst_hardware_i -32.21910250589503 29.739999771118164 31.25 AB 5.159902850095805 1.0522539970285785
61395.2844 lsst_hardware_z 168.76944970341185 45.20000076293945 30.969999313354492 AB 5.639975739398952 1.0465071263110375
61395.2958 lsst_hardware_i -31.321887897991548 29.950000762939453 31.260000228881836 AB 6.303353731238345 1.0595355760591139
61404.2283 lsst_hardware_z 42.694821413258005 42.72999954223633 30.959999084472656 AB 9.25800276733948 1.0291910992456574
61404.2402 lsst_hardware_r -19.875853516908165 32.529998779296875 31.579999923706055 AB 9.283829313735632 1.0325978715608293
61406.2254 lsst_hardware_u -1.763726616080357 2.890000104904175 28.540000915527344 AB 7.2453362458416635 1.0296102222748802
61406.2385 lsst_hardware_g 15.977938886749362 15.489999771118164 31.479999542236328 AB 7.278563177283923 1.0344554715850791
61408.2248 lsst_hardware_r 45.773099957618015 21.3160295738091 31.479999542236328 AB 3.6359106934774226 1.0308791305578175
61408.2373 lsst_hardware_i 16.64740694414182 29.584497675988597 31.239999771118164 AB 3.6575640465868964 1.0370184424686408
61410.2274 lsst_hardware_z 26.0284644432067 40.392413391905826 30.940000534057617 AB 12.105381117146306 1.0343606363314712
61410.2401 lsst_hardware_r 9.39281153620435 21.738454679141288 31.479999542236328 AB 12.13363451707944 1.043394489386828
61412.2254 lsst_hardware_u 2.94504101862972 3.075250277524711 28.420000076293945 AB 9.049744880102455 1.0363885570433413
61412.2383 lsst_hardware_r 72.3698357504286 22.8336947570941 31.479999542236328 AB 9.032703287009358 1.0468249193010923
61414.1905 lsst_hardware_g 4.343567977372469 12.947635818166525 31.3799991607666 AB 7.72583437382559 1.0292763923251926
61414.2032 lsst_hardware_i 138.74703573836837 31.66112250369694 31.239999771118164 AB 7.736345511079826 1.0295451596167093
61416.1883 lsst_hardware_z 217.87982100886424 42.960104258512054 30.950000762939453 AB 7.004187114074047 1.0289430914586177
61416.2017 lsst_hardware_r 505.42653295752547 29.739115123841238 31.489999771118164 AB 7.059234030033726 1.0304949681329958
61419.1767 lsst_hardware_u -0.34235320121770474 3.052347836533361 28.459999084472656 AB 8.183278353959448 1.029300031943247
61419.1908 lsst_hardware_g 330.5797932194305 23.04443829353141 31.389999389648438 AB 8.144879194792352 1.0298024479771193
61421.1772 lsst_hardware_r 1428.4851138868682 43.23915870667494 31.489999771118164 AB 5.342448658370381 1.028877931318321
61421.1909 lsst_hardware_i 867.8162067951938 42.35907058398669 31.25 AB 5.29358936567215 1.0314363808606615
61423.1846 lsst_hardware_z 816.4086978503232 52.853201118649764 30.959999084472656 AB 6.421072046096777 1.0311386204689286
61423.1977 lsst_hardware_r 2077.3848262621086 57.171644937301295 31.600000381469727 AB 6.45375706202439 1.0379430769599898
61425.1789 lsst_hardware_z 1050.7651842397408 60.01109441379952 30.979999542236328 AB 9.30151660009248 1.0310578554639844
61425.1915 lsst_hardware_r 2641.9335828180183 79.60986312874948 31.649999618530273 AB 9.278147574180558 1.0374372986411358
61427.1819 lsst_hardware_i 2003.3101511903533 79.72585172394604 31.329999923706055 AB 10.123133263788887 1.034873570209457
61427.1953 lsst_hardware_z 1297.3033580905762 69.7972933166944 30.979999542236328 AB 10.158490046721933 1.0448702766048963
61429.1691 lsst_hardware_z 1589.3932992235777 67.44625430051467 30.979999542236328 AB 11.784382434301195 1.0314557929366415
61429.1822 lsst_hardware_r 3585.6786396683547 96.80890582631399 31.65999984741211 AB 11.91413232753547 1.0385703031412643
61431.1709 lsst_hardware_y 1181.0280964573387 75.17272132822103 30.809999465942383 AB 14.44365325410545 1.0348309693072149
61433.1577 lsst_hardware_r 3747.255750585158 69.34651223940784 31.56999969482422 AB 12.239624799574715 1.0312842128556141
61433.1706 lsst_hardware_i 2368.662101586488 59.58688595455788 31.280000686645508 AB 11.105140432397432 1.0380899665719097
61435.1565 lsst_hardware_z 3493.796832565842 81.36645245270905 31.700000762939453 AB 12.414310396224463 1.0330408701012692
61435.1687 lsst_hardware_r 3677.162264474898 64.37299286571412 31.5 AB 12.824779657906324 1.0407611814085067
61437.1525 lsst_hardware_u 4.105314129508477 3.5973760557350225 28.43000030517578 AB 8.586368702092116 1.0337549605215646
61437.1652 lsst_hardware_r 3548.065751719339 63.670723569206565 31.479999542236328 AB 8.709618082833012 1.042381435322005
61439.1489 lsst_hardware_i 2328.8285117112096 56.727061526337536 31.25 AB 7.732318948962584 1.0347469375897829
61439.1617 lsst_hardware_z 1949.5008984947592 58.384783560388215 30.950000762939453 AB 7.803839308214433 1.0441082807288793
61441.157 lsst_hardware_r 3432.7629978163195 62.285065688057955 31.489999771118164 AB 6.675624968267314 1.044807747537664
61441.1703 lsst_hardware_u 8.031023369282645 3.3067021050587115 28.459999084472656 AB 7.088225825752604 1.0596839326883845
61444.1514 lsst_hardware_g 1016.2432394636162 33.695926700161 31.3799991607666 AB 8.916099381452279 1.0473100291447468
61444.1636 lsst_hardware_r 3199.6274790070884 59.7949995147279 31.479999542236328 AB 9.22109250062692 1.0616753178942004
61449.1465 lsst_hardware_r 5087.642420529097 77.72012886665235 32.22999954223633 AB 3.902305204632844 1.0571771634630123
61449.1592 lsst_hardware_g 1300.4933764331631 40.85573740746529 32.119998931884766 AB 4.005479695664261 1.0755371749378189
61451.0927 lsst_hardware_r 2483.7613098128663 60.586948954224894 31.59000015258789 AB 1.5346050838902543 1.028957982158074
61451.1045 lsst_hardware_z 1447.7412977802987 56.51904097923963 30.959999084472656 AB 1.52140884842339 1.0300669251343197
61453.0864 lsst_hardware_z 1273.627522340984 59.14536175304707 30.969999313354492 AB 2.3852652133555843 1.0290186425175083
61453.0981 lsst_hardware_i 1717.2200977032583 61.726095856582916 31.309999465942383 AB 2.3982530884387776 1.0298456633124113
61455.0894 lsst_hardware_z 1131.2946548845846 65.19487768376119 30.979999542236328 AB 3.470315517271221 1.0292581860418846
61455.1007 lsst_hardware_r 2221.2899730173053 87.04672904148337 31.649999618530273 AB 3.441697868114711 1.0325093604344133
61459.0879 lsst_hardware_r 1655.1857142235804 75.42751964324901 31.649999618530273 AB 6.792437017920737 1.0317364650901097
61459.1018 lsst_hardware_i 1517.992997207799 65.95996847654679 31.329999923706055 AB 6.846013701534789 1.0397034033843886
61463.0716 lsst_hardware_u 3.8094494808558372 3.300086280394945 28.440000534057617 AB 8.09506426226022 1.0300374427102965
61463.0835 lsst_hardware_r 1064.9397343708445 38.74609854542773 31.479999542236328 AB 6.833495135239531 1.0348292776920618
61465.0754 lsst_hardware_i 1116.6986668655602 44.56527552488781 31.25 AB 3.876959338794168 1.033442446699765
61465.0897 lsst_hardware_z 932.4691207029497 49.5309932248724 30.940000534057617 AB 4.196347329975139 1.043218727153546
61467.0733 lsst_hardware_r 750.7661029966212 35.22940829299455 31.479999542236328 AB 6.517630320425245 1.0352428734344987
61467.0844 lsst_hardware_u 3.188632021586256 3.088076929406541 28.389999389648438 AB 6.122445188030855 1.0433614839861716
61469.0719 lsst_hardware_g 138.65431744416742 16.883280808128237 31.3700008392334 AB 11.104714542916064 1.037823789057576
61469.0868 lsst_hardware_r 690.19054459636 33.810738497116176 31.479999542236328 AB 10.860967216313448 1.051180025129945
61471.0545 lsst_hardware_r 656.3968642439193 32.50902881847364 31.479999542236328 AB 6.696497151182174 1.0314998692517212
61471.0666 lsst_hardware_i 842.002690588334 41.85816607188867 31.25 AB 6.676695340525165 1.0379358493924329
61473.0536 lsst_hardware_z 636.9728693847967 48.08267933430382 30.940000534057617 AB 11.254533085207512 1.03346620413442
61473.0658 lsst_hardware_r 587.7154421102159 31.23685152448665 31.459999084472656 AB 11.318628784381431 1.0414718047201408
61475.0529 lsst_hardware_u 2.8544172778476815 4.221992778885617 29.149999618530273 AB 7.438417222539066 1.0361115109746626
61475.0671 lsst_hardware_r 910.058770683454 43.35957153995431 32.22999954223633 AB 7.507865348162139 1.0476700293964074
61478.0533 lsst_hardware_i 766.7019298806063 39.78299624732004 31.239999771118164 AB 13.546941419447787 1.042439943783856
61478.0684 lsst_hardware_z 681.7851698157024 47.89417993603743 30.940000534057617 AB 13.738176973315442 1.0585674803019554
61480.0357 lsst_hardware_r 837.9615185353049 53.45165913957099 32.31999969482422 AB 8.42158600836009 1.034084725977431
61480.0514 lsst_hardware_z 1202.1135656180463 69.76148258457204 31.700000762939453 AB 8.128264103811683 1.045660047660165
61486.0268 lsst_hardware_i 605.2434844231958 67.91014124754658 31.329999923706055 AB 5.377328631392647 1.0387627748987311
61486.0411 lsst_hardware_z 585.8438543584872 63.079032515556726 30.979999542236328 AB 5.563617362371103 1.0519886604760689
61488.0288 lsst_hardware_r 700.879911186807 96.43845497157538 32.400001525878906 AB 4.955149611093464 1.044949306430507
61488.0456 lsst_hardware_g 62.060965060518946 108.25019229528907 32.470001220703125 AB 4.4951255689856 1.0646700252210706
61491.0184 lsst_hardware_r 275.93805491076137 26.725504520831947 31.5 AB 5.7134140365008825 1.042958584024379
61491.0318 lsst_hardware_i 414.876718618455 36.08315404542995 31.25 AB 5.797790166341949 1.057171019983033
61722.3005 lsst_hardware_z 0.09842353254514007 54.91999816894531 30.969999313354492 AB 4.281403780948282 1.0649595873261493
61722.3084 lsst_hardware_y -62.58185968887736 51.02000045776367 30.040000915527344 AB 4.28567005724421 1.054609672653143
61736.3552 lsst_hardware_g -35.79953239955411 30.5 31.649999618530273 AB 4.118141087259848 1.0513060683129425
61740.3526 lsst_hardware_r -26.408365391250488 30.40999984741211 31.559999465942383 AB 7.668667462506851 1.0615541891620779
61742.3469 lsst_hardware_r 40.383093472470364 25.549999237060547 31.530000686645508 AB 6.434381281508406 1.0612310927898405
61744.3277 lsst_hardware_i 36.64390970091291 29.59000015258789 31.239999771118164 AB 3.184803937409892 1.0454834427279087
61744.3394 lsst_hardware_z 18.30603372364172 41.70000076293945 30.950000762939453 AB 4.328041054119045 1.0585458309437858
61746.3334 lsst_hardware_r -25.7228714171741 21.709999084472656 31.479999542236328 AB 4.616221335582597 1.0578565077245317
61746.3452 lsst_hardware_u 5.276853653639295 5.309999942779541 28.8799991607666 AB 4.647816331876153 1.0749502935822268
61748.3062 lsst_hardware_g 11.729739103214952 12.649999618530273 31.3799991607666 AB 6.827300394101476 1.0369926552650808
61748.3195 lsst_hardware_r 6.715744897467224 21.43000030517578 31.479999542236328 AB 6.9189844982066395 1.0481721706115195
61750.2996 lsst_hardware_i -5.8568483820719575 40.959999084472656 31.290000915527344 AB 8.587585445284857 1.0362615047857437
61750.313 lsst_hardware_z 12.059174581850924 40.52000045776367 30.950000762939453 AB 8.684040349952461 1.0471214963919535
61752.2966 lsst_hardware_z 96.00887594127326 56.84000015258789 30.979999542236328 AB 10.393054204279695 1.037886974895612
61752.3093 lsst_hardware_r 9.790163644300053 76.0999984741211 31.649999618530273 AB 10.520853102653277 1.048921065052398
61756.2972 lsst_hardware_i 29.636550922873415 48.70000076293945 31.309999465942383 AB 6.926923904803316 1.0477083725029595
61756.3093 lsst_hardware_z -71.08131846946716 50.11000061035156 30.969999313354492 AB 7.057796089026532 1.062081349689809
61758.2839 lsst_hardware_r -14.918320054733726 38.06999969482422 31.600000381469727 AB 4.49135052671751 1.0406280182385335
61758.2956 lsst_hardware_z -113.56721770419743 44.630001068115234 30.959999084472656 AB 5.151527073596034 1.0518329286590962
61764.287 lsst_hardware_i -21.886877699121722 29.770000457763672 31.25 AB 6.711271578744215 1.061462185587989
61764.2991 lsst_hardware_z 1.694431219094841 41.11000061035156 30.940000534057617 AB 7.228003069382562 1.0800691957337196
61766.2315 lsst_hardware_i 24.486061766479157 29.420000076293945 31.25 AB 5.197675453533673 1.0288861193713055
61766.2446 lsst_hardware_z -23.81983947571152 40.43000030517578 30.950000762939453 AB 5.193359253115095 1.030888641380659
61768.2277 lsst_hardware_r 1.4256054111101173 21.270000457763672 31.479999542236328 AB 7.379469187867627 1.0288917965585844
61768.2396 lsst_hardware_u 1.5839990467326548 2.549999952316284 28.389999389648438 AB 7.385611774092285 1.0310420233960793
61770.2265 lsst_hardware_g -6.23999321045544 12.680000305175781 31.389999389648438 AB 6.8769214041614894 1.0292352966479736
61770.2377 lsst_hardware_i -48.31488430734019 29.5 31.25 AB 6.960775158046145 1.0324113104744181
61772.2224 lsst_hardware_z -15.022513165677319 40.34000015258789 30.950000762939453 AB 5.679108972337153 1.0294457351668551
61772.2358 lsst_hardware_r -0.27931997336332315 21.360000610351562 31.479999542236328 AB 5.755898484218315 1.0341175860974332
61776.2187 lsst_hardware_r 45.779306862794506 21.3700008392334 31.489999771118164 AB 7.240681485408303 1.031374892574036
61776.2317 lsst_hardware_i -41.85338851359275 29.479999542236328 31.239999771118164 AB 7.294838274500932 1.0383372392713588
61778.2282 lsst_hardware_z -54.22063502222308 44.4900016784668 30.959999084472656 AB 8.36298443240269 1.0397842139006217
61778.2408 lsst_hardware_r -55.03821891325046 33.33000183105469 31.579999923706055 AB 8.427453550032913 1.05162421463521
61782.1863 lsst_hardware_z -42.3587476125529 61.22999954223633 30.979999542236328 AB 6.463186997188041 1.0289514429825994
61782.1991 lsst_hardware_i -19.517503427513 68.55000305175781 31.329999923706055 AB 6.475057795163084 1.0303491956446853
61786.188 lsst_hardware_y -27.85253616054812 68.58000183105469 30.799999237060547 AB 5.336704857863018 1.0303016280444033
61788.18 lsst_hardware_r 12.209064693530154 29.170000076293945 31.559999465942383 AB 6.384797637130823 1.029695350574802
61788.1929 lsst_hardware_i -23.27067533035088 34.310001373291016 31.270000457763672 AB 6.449018627922842 1.034546595570742
