data/validation/pwv_sim_epoch_fit_4/13374551.ecsv
# %ECSV 0.9
# ---
# datatype:
# - {name: time, datatype: float64}
# - {name: band, datatype: string}
# - {name: flux, datatype: float64}
# - {name: fluxerr, datatype: float64}
# - {name: zp, datatype: float64}
# - {name: zpsys, datatype: string}
# - {name: pwv, datatype: float64}
# - {name: airmass, datatype: float64}
# meta: {SNID: '13374551', alt: 1024.0, c: -0.014747854322195053, dec: -46.768478, lat: -30.244573, lon: -70.7499537, ra: 275.259735,
#   t0: 61904.26171875, x0: 3.120498622071456e-06, x1: 0.8305350542068481, z: 0.7436803579330444}
# schema: astropy-2.0
time band flux fluxerr zp zpsys pwv airmass
[from data line 135]
62332.1406 lsst_hardware_r 6.256630987691325 23.100000381469727 31.5 AB 7.205377453144456 1.0437029771345356
62343.1071 lsst_hardware_z 22.40610327800151 72.7699966430664 30.989999771118164 AB 7.665114382884793 1.0445188289324163
62343.1198 lsst_hardware_r -76.59031807229975 108.38999938964844 31.65999984741211 AB 7.748901937611039 1.043037837928575
62347.1116 lsst_hardware_r 40.9154176095498 36.119998931884766 31.600000381469727 AB 5.424942557677235 1.043258184168699
62347.1236 lsst_hardware_i -4.514289297948937 39.65999984741211 31.290000915527344 AB 5.441755445265441 1.0464914317818155
62348.1119 lsst_hardware_z -12.988548764306284 40.9900016784668 30.940000534057617 AB 4.060788812474961 1.0437257057423648
62348.1252 lsst_hardware_r 25.210576338385856 22.90999984741211 31.5 AB 3.879717245150917 1.0485722284191668
62351.109 lsst_hardware_u 5.541777393927286 2.75 28.479999542236328 AB 1.8239731297189985 1.0451070790541888
62351.1188 lsst_hardware_r 35.647617921966585 22.899999618530273 31.5 AB 1.8608993278718786 1.0495766090647933
62352.1084 lsst_hardware_i 5.903552004691184 30.530000686645508 31.239999771118164 AB 1.7871249439564796 1.0458668289436452
62352.1195 lsst_hardware_z -8.961519335301622 41.369998931884766 30.940000534057617 AB 1.7868974056820173 1.0517347885120762
62354.1073 lsst_hardware_r -40.60751882119916 22.860000610351562 31.5 AB 2.051919433502098 1.0477886468946884
62354.1194 lsst_hardware_u -3.486642339455986 2.6700000762939453 28.420000076293945 AB 2.098797967407396 1.0557333840077445
62358.0536 lsst_hardware_g 13.958513654428051 14.199999809265137 31.440000534057617 AB 3.3691226631540134 1.0500616060944408
62358.0654 lsst_hardware_r -4.265919499619477 22.950000762939453 31.510000228881836 AB 3.442405509201028 1.0447361181186732
62362.0952 lsst_hardware_u -3.9558241399536684 2.690000057220459 28.40999984741211 AB 3.8576531152999296 1.0538836057734582
62362.1071 lsst_hardware_r -22.190243404899253 22.899999618530273 31.489999771118164 AB 3.872693160706964 1.064779881509533
62364.0456 lsst_hardware_g -30.692346666539958 24.979999542236328 31.6200008392334 AB 6.0687025698783055 1.0459072620000527
62364.0576 lsst_hardware_i 16.58358996926965 34.20000076293945 31.270000457763672 AB 6.073744129809242 1.0431207001046328
62366.049 lsst_hardware_z 25.493695908692615 51.86000061035156 30.969999313354492 AB 3.0077814546682853 1.043492944462674
62366.0606 lsst_hardware_r -91.84061976506113 56.2400016784668 31.639999389648438 AB 3.0010007766184237 1.0433727167730287
62367.0342 lsst_hardware_r -94.80498022286666 67.0199966430664 31.649999618530273 AB 2.512777216834472 1.0472814185195076
62367.0461 lsst_hardware_y 25.256823960233024 52.66999816894531 30.059999465942383 AB 2.7937648062254357 1.0435203310207994
62369.0432 lsst_hardware_r 39.714121195736176 90.81999969482422 31.65999984741211 AB 3.2526572471737203 1.0431870581057472
62369.0553 lsst_hardware_i -3.1659720505768902 74.02999877929688 31.329999923706055 AB 3.173914703508704 1.0438791986544003
62371.0482 lsst_hardware_z 0.8607169553818977 67.44999694824219 30.989999771118164 AB 2.252016585776779 1.0435665365045312
62371.0603 lsst_hardware_r 151.4410454940738 98.55000305175781 31.65999984741211 AB 2.2199298149148046 1.0475072855559653
62378.0657 lsst_hardware_z 94.38164917839538 41.369998931884766 30.940000534057617 AB 4.436877330757458 1.067326757459095
62378.0704 lsst_hardware_r 2.1429829270622474 22.920000076293945 31.489999771118164 AB 4.454624776145322 1.0730157235084479
62380.0165 lsst_hardware_r 20.355770942582396 22.950000762939453 31.489999771118164 AB 1.8026611653444449 1.0430054958598525
62380.0274 lsst_hardware_u 1.87427726300883 2.6600000858306885 28.399999618530273 AB 1.8349974046453341 1.044392376007589
62382.0153 lsst_hardware_g 0.9655181119865915 14.029999732971191 31.40999984741211 AB 1.744293669815067 1.043185847883419
62382.027 lsst_hardware_r -28.59899370942173 22.8799991607666 31.489999771118164 AB 1.7591469212135207 1.0460734913063552
62385.0191 lsst_hardware_i 4.181009482742587 30.739999771118164 31.260000228881836 AB 0.9258790845342052 1.0461910559708534
62385.0305 lsst_hardware_z -4.942045192834947 41.209999084472656 30.950000762939453 AB 0.932343310383327 1.0525042073941602
62387.0152 lsst_hardware_r -11.984388169446754 23.229999542236328 31.5 AB 2.512452839386315 1.0468553497442978
62387.027 lsst_hardware_u 1.1421340550677685 2.7200000286102295 28.43000030517578 AB 2.529446994026779 1.053936247511158
62389.0132 lsst_hardware_g 14.781449865341763 14.220000267028809 31.420000076293945 AB 3.369352218977333 1.0485535951174272
62389.0245 lsst_hardware_i 37.869836885629056 30.889999389648438 31.25 AB 3.4040812513247993 1.0562933134023995
