data/validation/pwv_sim_epoch_fit_4/13473485.ecsv
# %ECSV 0.9
# ---
# datatype:
# - {name: time, datatype: float64}
# - {name: band, datatype: string}
# - {name: flux, datatype: float64}
# - {name: fluxerr, datatype: float64}
# - {name: zp, datatype: float64}
# - {name: zpsys, datatype: string}
# - {name: pwv, datatype: float64}
# - {name: airmass, datatype: float64}
# meta: {SNID: '13473485', alt: 1024.0, c: -0.0035419047344475985, dec: -1.940072, lat: -30.244573, lon: -70.7499537, ra: 13.710938, t0: 61334.90234375,
#   x0: 3.2708750947215035e-06, x1: -0.5370355248451233, z: 0.7298434376716614}
# schema: astropy-2.0
time band flux fluxerr zp zpsys pwv airmass
61232.4133 lsst_hardware_r -34.09541599487358 25.84000015258789 31.510000228881836 AB 10.427729089468047 1.145002553608116
61232.4335 lsst_hardware_y -25.506782833435498 50.04999923706055 30.020000457763672 AB 10.477326769297251 1.1374180936109548
61234.4098 lsst_hardware_g -0.4655842587310128 16.290000915527344 31.450000762939453 AB 7.021251908432734 1.1434642921284512
61234.4304 lsst_hardware_z 6.82144506000442 44.56999969482422 30.950000762939453 AB 7.319704240041461 1.1377189119799356
61236.4117 lsst_hardware_i -45.73858581835706 32.650001525878906 31.25 AB 5.380050859314157 1.1392378738621827
61236.4304 lsst_hardware_y 15.741729556673496 49.45000076293945 30.020000457763672 AB 5.221886049871883 1.139362024045649
61239.4134 lsst_hardware_r 3.4077463836190875 25.299999237060547 31.489999771118164 AB 2.1209122968262752 1.1373708522997303
61239.4329 lsst_hardware_y 55.996234448589114 50.849998474121094 30.0 AB 2.4666017337002395 1.146456766767483
61247.3684 lsst_hardware_r -119.90965236268117 64.31999969482422 32.34000015258789 AB 8.256107720740081 1.1486492214543544
61247.3896 lsst_hardware_y 38.4711254932071 70.19000244140625 30.760000228881836 AB 7.664654589165668 1.13740005033065
61250.3714 lsst_hardware_z -62.71665266098445 63.29999923706055 30.969999313354492 AB 4.820733223673068 1.14019234240136
61250.3906 lsst_hardware_r -29.763425620342506 88.33000183105469 31.6299991607666 AB 5.3521645352209894 1.1387584117491467
61252.3706 lsst_hardware_i -39.97181312928796 79.19999694824219 31.309999465942383 AB 4.495111461876076 1.1383391200462776
61252.392 lsst_hardware_z -74.8402812920508 69.97000122070312 30.979999542236328 AB 5.122891704529098 1.142227804800245
61254.3697 lsst_hardware_r -7.318458325897646 96.33999633789062 31.639999389648438 AB 1.5988923358627962 1.137461941567083
61254.3886 lsst_hardware_z 16.362367018520185 71.95999908447266 30.979999542236328 AB 2.1682356009274733 1.1436847125771288
61259.361 lsst_hardware_z -8.791245880560005 44.310001373291016 30.940000534057617 AB 4.863049092285466 1.1375553432246706
61259.3824 lsst_hardware_r 29.793119048345755 29.209999084472656 31.530000686645508 AB 3.592583693251632 1.1505779262595635
61265.3251 lsst_hardware_g 13.907098159299125 15.369999885559082 31.440000534057617 AB 4.199042218901027 1.1435300160405846
61265.3444 lsst_hardware_r 44.46817086427326 24.65999984741211 31.5 AB 5.332748455750491 1.137531667182272
61267.321 lsst_hardware_i 17.161543701387973 32.20000076293945 31.239999771118164 AB 5.396314831269866 1.142560836601758
61267.3418 lsst_hardware_z -60.31868370778452 43.02000045776367 30.940000534057617 AB 6.339523781652337 1.1380529183470671
61269.319 lsst_hardware_r 10.675304609690999 24.690000534057617 31.5 AB 4.770308625898188 1.1404718488788925
61269.3379 lsst_hardware_u 1.7764837810614498 2.7799999713897705 28.40999984741211 AB 5.066853008954208 1.1384907333904524
61273.3227 lsst_hardware_g 20.430732203808038 15.079999923706055 31.420000076293945 AB 1.6331444923751515 1.137551306506955
61273.3434 lsst_hardware_i 16.507673938925617 32.09000015258789 31.239999771118164 AB 2.108917675877757 1.149743860366775
61275.3175 lsst_hardware_z 59.165844764159516 46.75 30.940000534057617 AB 2.275551514464076 1.1375861595387815
61275.3366 lsst_hardware_r 14.1011157330562 34.65999984741211 31.559999465942383 AB 2.30572470131419 1.1483645893488121
61277.2774 lsst_hardware_r -34.3495404134847 65.1500015258789 31.610000610351562 AB 3.77756212887836 1.1598287162659995
61277.2969 lsst_hardware_y -51.652771562749415 51.83000183105469 30.020000457763672 AB 2.8271981161732587 1.1406124729047573
61279.2502 lsst_hardware_z 24.90486867675051 103.12000274658203 31.719999313354492 AB 3.1288515711474214 1.203404450441316
61279.2676 lsst_hardware_r -157.23490198896127 149.60000610351562 32.380001068115234 AB 3.0330754072697017 1.1665674643345005
61285.259 lsst_hardware_i -2.834715446117713 57.0099983215332 31.299999237060547 AB 3.370992794319427 1.1551418810312437
61285.2761 lsst_hardware_z 59.954478678526165 56.40999984741211 30.969999313354492 AB 3.3086036825297116 1.140078799435938
61287.2453 lsst_hardware_z -67.57364764391401 44.970001220703125 30.940000534057617 AB 1.9887511155491255 1.1673358142530574
61287.2641 lsst_hardware_r 3.2272883108894304 30.31999969482422 31.540000915527344 AB 2.5337577038478893 1.1442530651127
61306.1839 lsst_hardware_z 24.97861308247666 57.66482844084001 30.959999084472656 AB 2.4188579236336167 1.1857146684478512
61306.2036 lsst_hardware_r 30.740182193422612 69.83547555771743 31.6200008392334 AB 2.1984088173378193 1.152759703214063
61310.1783 lsst_hardware_i 222.5009412156776 136.82830360603154 31.31999969482422 AB 4.688699797117407 1.1748673536314238
61310.1981 lsst_hardware_z -74.20590513500385 111.7166889122811 30.989999771118164 AB 4.533567359203478 1.1470126145992354
61312.1769 lsst_hardware_z 35.28425734957806 74.2171329301169 30.969999313354492 AB 4.683560649925164 1.167582013443202
61312.1967 lsst_hardware_r -34.323689727312406 99.49931008868388 31.6299991607666 AB 4.631197691491184 1.1435997262715318
61314.1757 lsst_hardware_i 218.97390445997232 46.367182349603645 31.280000686645508 AB 5.525556677337022 1.1608312347346685
61314.1943 lsst_hardware_r 207.26805349067408 49.10721765336541 31.600000381469727 AB 5.425381099220254 1.1415246119027107
61316.1767 lsst_hardware_u 6.874907619400747 3.853042082200907 28.3700008392334 AB 3.3423957097332173 1.1522853515513276
61316.1963 lsst_hardware_g 83.82825620934167 18.326417570236668 31.440000534057617 AB 3.232580560359302 1.1382325916758107
61318.1714 lsst_hardware_r 340.88340141616595 31.488384797379535 31.5 AB 7.350389182549713 1.1520986179545005
61318.19 lsst_hardware_i 428.6904956393973 38.8815604187235 31.239999771118164 AB 6.956107417604368 1.138479119083992
61320.173 lsst_hardware_z 252.4360768897609 47.46561850093052 30.940000534057617 AB 5.234391547527638 1.1450678802358722
61320.1911 lsst_hardware_r 468.4922895006105 33.40667318155901 31.5 AB 5.223931914421451 1.1373887865927137
61322.1391 lsst_hardware_i 671.3843344117838 42.45408555103567 31.229999542236328 AB 4.167147236522648 1.188180555012873
61322.1573 lsst_hardware_u 1.8995561829589307 3.432114315034439 28.350000381469727 AB 4.070182145802581 1.1560280650800228
61324.1427 lsst_hardware_g 156.4957699883279 20.313326079514233 31.43000030517578 AB 5.22510988665881 1.170062675224146
61324.1617 lsst_hardware_r 695.6653276297918 36.70699036436166 31.5 AB 5.035879388219666 1.1453857592614858
61327.145 lsst_hardware_i 1002.8535981044787 45.214625690422075 31.239999771118164 AB 9.586825192705831 1.1542974625990325
61327.1621 lsst_hardware_r 853.1257519559073 38.08185297365684 31.5 AB 9.518923197085053 1.139763304380569
61331.1375 lsst_hardware_r 941.3151916129817 43.030304179985045 31.549999237060547 AB 7.016871544285435 1.1503068105385958
61331.1564 lsst_hardware_i 1197.7518134243676 48.6384878875508 31.260000228881836 AB 7.003049514734463 1.137967096966926
61333.1365 lsst_hardware_z 689.6016231257682 55.17373931551838 30.950000762939453 AB 3.815555014487967 1.1459270240728703
61333.1535 lsst_hardware_r 973.3449817063416 54.08771175852145 31.600000381469727 AB 3.8167909415564663 1.1375295871914761
61336.1089 lsst_hardware_i 1126.258495686352 90.88943127032594 31.309999465942383 AB 6.276778775904548 1.1719153801166524
61336.1261 lsst_hardware_z 849.741729704634 79.06293946054696 30.979999542236328 AB 5.6083595076368145 1.1479797712860003
61341.11 lsst_hardware_i 1137.662025894532 74.04145366190262 31.309999465942383 AB 4.368903950199266 1.150518947559498
61341.1262 lsst_hardware_r 870.840729635026 84.9057749026133 31.6299991607666 AB 3.2563369119630337 1.1388116149435026
61344.1042 lsst_hardware_u -2.871685002647589 2.903387966891153 28.510000228881836 AB 5.686214689231741 1.1480344617871474
61344.1208 lsst_hardware_g 53.75327197953151 17.269984018241363 31.450000762939453 AB 5.770176929864273 1.1379897307688722
61351.0715 lsst_hardware_i 704.9090635808765 41.499723107619985 31.239999771118164 AB 4.250413649132152 1.1657744512153556
61351.0955 lsst_hardware_z 521.0222298784175 48.90751979927767 30.940000534057617 AB 5.230650626721525 1.1402791759738304
61356.0867 lsst_hardware_i 516.1244873834387 39.01607298410793 31.239999771118164 AB 3.962361855752102 1.1383371383534888
61356.1053 lsst_hardware_u -3.009439477387391 2.6652297160390503 28.329999923706055 AB 3.9762099346527604 1.1405952051211514
61359.0572 lsst_hardware_r 190.06604157387238 30.0815373516082 31.510000228881836 AB 6.21644693696505 1.154829451414648
61359.0752 lsst_hardware_i 423.5026447343678 38.72254287724056 31.25 AB 6.09714155972709 1.1395461283483408
61364.0592 lsst_hardware_z 257.17585690729913 66.78815361267179 30.969999313354492 AB 7.444398182945281 1.1406999795100912
61364.08 lsst_hardware_r 118.68437257772787 80.80680975518163 31.6299991607666 AB 7.628706201422542 1.1390095358717016
61368.0641 lsst_hardware_i 55.15095329718825 85.90944598606652 31.31999969482422 AB 8.56508909969253 1.1376634773345253
61368.0832 lsst_hardware_z 230.72780864732349 76.00798614173755 30.979999542236328 AB 8.684093150574812 1.1488921966716292
61370.0289 lsst_hardware_y 234.23701303116107 55.564033144502716 30.010000228881836 AB 5.456873178899283 1.152698178897338
61370.0479 lsst_hardware_g 18.9157524208535 32.9212674118197 31.6200008392334 AB 4.931260949717515 1.138508761670967
61372.0303 lsst_hardware_y 128.59069136166553 54.16727469778094 30.020000457763672 AB 5.064143931820304 1.1456691209366674
61372.0493 lsst_hardware_i 180.80462215630132 34.91220995810888 31.239999771118164 AB 4.362604210744924 1.13737834641837
61374.0317 lsst_hardware_z 166.92878887372913 50.51794042224447 30.950000762939453 AB 6.359418959420803 1.1408052667361743
61374.0515 lsst_hardware_u 2.3350618796369376 2.882785630804604 28.450000762939453 AB 5.635139259430827 1.1385844844029258
61376.0292 lsst_hardware_y 269.42086280558516 59.157668414704254 30.030000686645508 AB 7.863880752418129 1.139362612636714
61376.0479 lsst_hardware_r 45.00941675390179 25.969109451739072 31.5 AB 7.138293274974409 1.1392711509774553
61379.0317 lsst_hardware_y 135.90508875870103 56.997753152225535 30.030000686645508 AB 2.4732944154546583 1.1374083308598106
61379.0514 lsst_hardware_z 194.23834252825517 45.17455865883867 30.950000762939453 AB 1.7895652967156392 1.1471572414839275
61597.3529 lsst_hardware_i -19.69807467297241 34.369998931884766 31.219999313354492 AB 12.142925649725418 1.2939801775748603
61597.375 lsst_hardware_y 29.828512408786008 49.63999938964844 29.989999771118164 AB 11.055675502114852 1.214909395836797
61599.4368 lsst_hardware_r 16.321248537771776 27.6200008392334 31.510000228881836 AB 7.329623950269124 1.1395264348875376
61606.4113 lsst_hardware_z -110.53164233968413 64.62999725341797 30.969999313354492 AB 5.307621629037409 1.1376725412340831
61606.434 lsst_hardware_y 6.901367729503725 59.189998626708984 30.020000457763672 AB 5.9726905340146 1.1526396553316156
61609.3419 lsst_hardware_r 172.6399680993089 128.10000610351562 32.369998931884766 AB 5.380292263715381 1.215885257336809
61609.3641 lsst_hardware_z 73.41176230780363 68.44999694824219 30.979999542236328 AB 5.173090021568007 1.1662047766074783
61610.3857 lsst_hardware_r 118.62053891204073 84.02999877929688 31.6299991607666 AB 6.091350060195029 1.1402751891042735
61610.4036 lsst_hardware_y -101.36131128017472 57.36000061035156 30.020000457763672 AB 6.0382721889992155 1.1383837845122715
61616.3719 lsst_hardware_g -11.14924037028552 15.739999771118164 31.440000534057617 AB 5.461729286010289 1.1391259634337367
61616.3935 lsst_hardware_r -4.682535059347888 25.170000076293945 31.5 AB 5.407869574703914 1.1411013697282744
61618.3645 lsst_hardware_i 49.51161011486367 32.459999084472656 31.239999771118164 AB 5.948720580379137 1.1399656174472956
61618.3867 lsst_hardware_z -19.796922712253377 43.400001525878906 30.940000534057617 AB 7.154905143463168 1.1403753715175722
61621.3676 lsst_hardware_r 6.321089814858663 24.75 31.5 AB 2.1194282034115495 1.1374391073765024
61621.3877 lsst_hardware_u 5.296627924707626 2.8299999237060547 28.450000762939453 AB 2.3519281057708485 1.1470022461696407
61623.3592 lsst_hardware_g 13.735908956061675 15.399999618530273 31.43000030517578 AB 2.9858858315979777 1.1375525423574744
61623.3801 lsst_hardware_i 20.880260175624645 32.5099983215332 31.239999771118164 AB 3.2998435714268095 1.1451163347924151
61625.3278 lsst_hardware_r 19.620086039923898 24.579999923706055 31.479999542236328 AB 3.0067095214484927 1.1553898506911078
61625.3477 lsst_hardware_z -4.187466132484368 43.06999969482422 30.93000030517578 AB 2.900435712798318 1.1389890880810203
61628.3235 lsst_hardware_r -69.69350647807 24.420000076293945 31.489999771118164 AB 6.472939638953656 1.1507448247029146
61628.3469 lsst_hardware_u -3.3466440234557053 2.700000047683716 28.3700008392334 AB 6.142257775441209 1.1374551436002238
61630.3271 lsst_hardware_z 24.799284309879592 49.29999923706055 30.959999084472656 AB 4.169569964631122 1.1426609933217653
61630.3464 lsst_hardware_r -26.264351452794713 42.459999084472656 31.600000381469727 AB 5.283874933932524 1.1377853001577862
61643.2585 lsst_hardware_r 5.370861722396902 24.56999969482422 31.479999542236328 AB 2.6349957991058184 1.1914970830232052
61643.2718 lsst_hardware_i 12.891627622262872 32.459999084472656 31.229999542236328 AB 2.5813747644713096 1.165362370627731
61648.2349 lsst_hardware_z -19.840460993223083 43.849998474121094 30.93000030517578 AB 5.067497428277299 1.217416799586138
61648.2508 lsst_hardware_r 5.451505958355797 24.43000030517578 31.479999542236328 AB 5.687116258148634 1.1786565879308408
61650.2593 lsst_hardware_u -3.104370194129759 2.700000047683716 28.350000381469727 AB 3.3690122509588956 1.1557173040080828
61650.2763 lsst_hardware_g -23.987325423388537 15.130000114440918 31.40999984741211 AB 3.318916540836193 1.1403905191282302
61652.2371 lsst_hardware_g 25.3837634426152 15.130000114440918 31.399999618530273 AB 1.9562622703262318 1.1844171162419161
61652.2548 lsst_hardware_r -14.04577869052724 24.360000610351562 31.479999542236328 AB 2.5895263931774397 1.1544923732400532
61654.2385 lsst_hardware_i -96.9178961473107 32.599998474121094 31.239999771118164 AB 0.4822299352876031 1.1709346870601451
61654.2573 lsst_hardware_r -20.567458009138438 24.56999969482422 31.5 AB 0.9884360254418441 1.1460127831209785
61681.1752 lsst_hardware_u -2.2350390768446946 2.7799999713897705 28.389999389648438 AB 3.272198666947705 1.155029532985255
61681.1933 lsst_hardware_g -12.548345141281098 15.710000038146973 31.43000030517578 AB 3.208773124975594 1.139613990165526
61683.1716 lsst_hardware_r 27.061651173041216 25.1200008392334 31.5 AB 7.110507344857887 1.1527436927626946
61683.1897 lsst_hardware_i -40.63751328704667 32.75 31.25 AB 6.975600159033654 1.1388734953524333
61685.1802 lsst_hardware_z -22.8267144622011 63.290000915527344 31.690000534057617 AB 5.198167179661084 1.140678543584897
61687.1732 lsst_hardware_z -22.92291026357486 47.810001373291016 30.950000762939453 AB 3.7032181276318763 1.1415592255338707
61687.1909 lsst_hardware_r -58.72013049150473 42.97999954223633 31.59000015258789 AB 3.652016625107878 1.1378180366936996
61690.1393 lsst_hardware_r -66.21832028181731 88.75 31.6299991607666 AB 7.0716677957725365 1.1725855126332794
61690.1584 lsst_hardware_i -2.814725112479983 72.75 31.31999969482422 AB 6.928097509035436 1.1465614412967209
61691.1458 lsst_hardware_z 13.65974552406782 80.75 30.979999542236328 AB 6.74372576205722 1.1578039794647206
61691.164 lsst_hardware_i -74.38570657451812 92.37000274658203 31.31999969482422 AB 6.711845045948835 1.1405811874442957
61693.1469 lsst_hardware_z -35.28189107624594 146.9499969482422 31.739999771118164 AB 7.044561322689408 1.149819584769762
61697.1471 lsst_hardware_z 45.66425415436151 74.0 31.709999084472656 AB 4.32538206798806 1.140860401262896
61701.1368 lsst_hardware_g -23.743033147199192 15.510000228881836 31.440000534057617 AB 5.460172451536691 1.1405258475943916
61701.1557 lsst_hardware_r -19.046483913324714 24.760000228881836 31.5 AB 5.470072850686404 1.1385706342925976
61704.1086 lsst_hardware_r -19.972703669925234 24.59000015258789 31.5 AB 2.666465823382844 1.1602157395334383
61704.1259 lsst_hardware_i -3.542756711629966 32.22999954223633 31.25 AB 2.7722854454652817 1.1421115540230493
61706.1057 lsst_hardware_z 69.09664499361234 43.5099983215332 30.940000534057617 AB 4.332018446539746 1.1566442986487897
61706.1232 lsst_hardware_i 4.708596427574529 32.36000061035156 31.239999771118164 AB 4.270023212264709 1.140497652848354
61708.1105 lsst_hardware_u 0.8511793928315934 2.6600000858306885 28.329999923706055 AB 6.872774937927632 1.1454624896546053
61708.1284 lsst_hardware_g -0.032747958733342006 15.109999656677246 31.420000076293945 AB 6.2927573064251225 1.1374679933887242
61712.0856 lsst_hardware_i 43.05686147692815 32.880001068115234 31.239999771118164 AB 4.653537052388009 1.1619318482865237
61712.1041 lsst_hardware_z 13.398019279802613 43.4900016784668 30.940000534057617 AB 4.645228830193754 1.1420821578906133
61725.0577 lsst_hardware_i -57.591989579318394 41.02000045776367 31.270000457763672 AB 6.892755551342363 1.151832148950163
61725.0748 lsst_hardware_z 64.4195720217782 52.540000915527344 30.959999084472656 AB 6.78547771887955 1.138948870175049
61727.0583 lsst_hardware_r 4.096236302020305 24.25 31.479999542236328 AB 7.528051546270871 1.145734958720169
61727.0785 lsst_hardware_u 3.4862824034046165 2.759999990463257 28.40999984741211 AB 7.431016393398438 1.1374585019743515
61730.0605 lsst_hardware_g 10.331888206552803 15.130000114440918 31.43000030517578 AB 4.429759784136657 1.1391950068501717
61730.0795 lsst_hardware_r -29.62788414089955 24.260000228881836 31.5 AB 4.392436155976339 1.1397083954271767
61735.0298 lsst_hardware_y -83.0572717816698 51.880001068115234 30.020000457763672 AB 5.49867800127347 1.1525210650332154
61735.0488 lsst_hardware_r -22.963568115936127 24.450000762939453 31.489999771118164 AB 4.966924532094905 1.1385065400584287
61739.032 lsst_hardware_y -5.861260607832489 51.959999084472656 30.020000457763672 AB 6.364617489947723 1.1410896115366742
61739.0511 lsst_hardware_z -12.81363778894078 43.290000915527344 30.940000534057617 AB 5.684449670626269 1.1383128251566996
61743.0295 lsst_hardware_y -73.69492355676327 60.400001525878906 30.020000457763672 AB 4.963367497933508 1.1378650843495646
61743.0486 lsst_hardware_r -20.042394310371893 27.540000915527344 31.520000457763672 AB 3.991583775365115 1.1422474675533987
