data/validation/pwv_sim_epoch_fit_4/13478218.ecsv
# %ECSV 0.9
# ---
# datatype:
# - {name: time, datatype: float64}
# - {name: band, datatype: string}
# - {name: flux, datatype: float64}
# - {name: fluxerr, datatype: float64}
# - {name: zp, datatype: float64}
# - {name: zpsys, datatype: string}
# - {name: pwv, datatype: float64}
# - {name: airmass, datatype: float64}
# meta: {SNID: '13478218', alt: 1024.0, c: -0.05585518479347229, dec: -5.229529, lat: -30.244573, lon: -70.7499537, ra: 78.75, t0: 61026.28125,
#   x0: 6.441934520007678e-06, x1: 0.86888188123703, z: 0.5522720813751221}
# schema: astropy-2.0
time band flux fluxerr zp zpsys pwv airmass
60946.33 lsst_hardware_g 9.848246407350095 14.09000015258789 31.3799991607666 AB 4.557853587358996 1.1996456187118558
60946.3478 lsst_hardware_y -29.979964138500033 48.38999938964844 30.010000228881836 AB 5.51232936158486 1.153026065279477
60949.3695 lsst_hardware_i 12.595917134394753 31.049999237060547 31.239999771118164 AB 4.639264038345038 1.1104916711908652
60949.3897 lsst_hardware_y -16.361480376621877 59.93000030517578 30.040000915527344 AB 4.542630691064478 1.1039199735272123
60951.3657 lsst_hardware_i 19.96480625062934 31.25 31.239999771118164 AB 3.2169795647194968 1.1093032981791369
60951.3844 lsst_hardware_y -26.437413438501114 52.689998626708984 30.020000457763672 AB 2.8761214326722686 1.10393606678823
60954.3672 lsst_hardware_z 108.6151190215118 56.31999969482422 30.969999313354492 AB 6.940248069571825 1.1046952756978632
60954.3878 lsst_hardware_y -31.5114703295598 74.63999938964844 30.040000915527344 AB 6.489757543281177 1.1079398281316564
60956.356 lsst_hardware_i 55.054426179565574 70.45999908447266 31.31999969482422 AB 4.87351534714635 1.1069462478373941
60956.375 lsst_hardware_y -12.783047839854618 56.22999954223633 30.030000686645508 AB 4.529478034128326 1.104750740031299
60958.3658 lsst_hardware_z -101.57304315997824 86.11000061035156 31.729999542236328 AB 3.3119791293555423 1.103993043118514
60960.3541 lsst_hardware_r -24.54444035586061 51.45000076293945 31.610000610351562 AB 6.090175422736075 1.1040259996500226
60960.3737 lsst_hardware_y 0.23599840913517603 53.04999923706055 30.030000686645508 AB 6.143999734472294 1.1093923502613308
60962.354 lsst_hardware_z 53.74838792222095 43.90999984741211 30.950000762939453 AB 5.961055161897596 1.1038991040551103
60962.372 lsst_hardware_y 8.927850037123507 51.59000015258789 30.030000686645508 AB 6.00628361457388 1.1122747434396072
60964.3531 lsst_hardware_u 2.0897893349063703 2.9000000953674316 28.5 AB 8.09115657037288 1.1047330023606587
60964.3723 lsst_hardware_y -41.70363823025239 52.09000015258789 30.030000686645508 AB 8.183056218409893 1.1178784023692552
60966.3522 lsst_hardware_r -24.590595284296725 22.8700008392334 31.489999771118164 AB 7.0950202214103495 1.1064359019744128
60966.3718 lsst_hardware_y 4.05732660533821 55.20000076293945 30.030000686645508 AB 7.277590142763112 1.1238798238614933
60973.3294 lsst_hardware_r 11.99691501144928 22.770000457763672 31.489999771118164 AB 4.193431468631006 1.1049885292835326
60973.3478 lsst_hardware_i -23.146399806668466 31.040000915527344 31.239999771118164 AB 4.0762469750106884 1.1179541001994848
60975.3163 lsst_hardware_z -11.530742434690767 41.84000015258789 30.940000534057617 AB 3.4538006827186734 1.1038033501817428
60975.3336 lsst_hardware_r 11.637613789037205 22.75 31.489999771118164 AB 3.437080650822167 1.109988907095733
60990.2667 lsst_hardware_r 23.089400359876382 38.08000183105469 31.579999923706055 AB 1.958200322959777 1.105391093964988
60990.2839 lsst_hardware_i 10.834923087043684 39.439998626708984 31.270000457763672 AB 1.98509707659909 1.1052879045651949
60992.2752 lsst_hardware_z -8.86520582335959 42.5099983215332 30.940000534057617 AB 4.895647878039853 1.104364511175243
60992.2938 lsst_hardware_u 2.170718899081207 3.450000047683716 28.579999923706055 AB 4.492938981930451 1.1157037452024101
60994.2772 lsst_hardware_g 30.927417754319283 14.130000114440918 31.420000076293945 AB 5.001546368527275 1.107149168462042
60994.2945 lsst_hardware_r 5.841873264345844 23.459999084472656 31.489999771118164 AB 5.93863642175701 1.1227570749477582
61000.2615 lsst_hardware_u 0.08874551496378576 3.2281985444222863 28.389999389648438 AB 3.699846177752314 1.1075173152321833
61000.2801 lsst_hardware_g 46.34780662301217 14.46244313572554 31.40999984741211 AB 3.7662884169392155 1.1253849851412
61003.1468 lsst_hardware_r 308.21743283465605 27.831239621111283 31.450000762939453 AB 11.535992035728963 1.312324900259253
61003.1612 lsst_hardware_i 206.78419637539383 34.976110661457135 31.219999313354492 AB 10.987566612382007 1.246533168345568
61005.2659 lsst_hardware_z 324.22928056144957 45.57216158448995 30.940000534057617 AB 6.062166627331346 1.124636688021485
61005.285 lsst_hardware_u -5.699708567596115 2.781529003018001 28.34000015258789 AB 6.146092238370257 1.159056871706737
61016.2225 lsst_hardware_r 2080.9192157468938 94.88006036711131 31.639999389648438 AB 4.665980170666068 1.1105950898126153
61016.2415 lsst_hardware_i 1559.2616149672433 78.9607415193768 31.309999465942383 AB 4.7990128760122195 1.1329560203058553
61019.2332 lsst_hardware_z 2296.93860095753 81.08848898384689 31.700000762939453 AB 10.601310428129894 1.1327800001564001
61021.2212 lsst_hardware_g 917.5578866990262 34.98676855765201 31.5 AB 14.107621383902066 1.1232853382090822
61021.242 lsst_hardware_r 2307.870435834588 55.50844918897221 31.520000457763672 AB 14.587865821397553 1.1606226288008523
61023.1893 lsst_hardware_r 2293.099613856243 53.26994857660323 31.489999771118164 AB 8.391244825695987 1.1041111612757877
61023.2074 lsst_hardware_i 1812.8207190597943 52.08271466003227 31.239999771118164 AB 8.466264963977887 1.1139822321023536
61025.1911 lsst_hardware_z 1295.625088926421 54.99135545692558 30.940000534057617 AB 11.37972561468245 1.1064067367412964
61025.2108 lsst_hardware_i 1887.5932526815532 52.3645463325406 31.239999771118164 AB 11.670581438578836 1.1239681685859568
61027.1574 lsst_hardware_u -4.171800994367338 4.177520838035836 29.1200008392334 AB 3.2800384622112224 1.1098396037370555
61027.177 lsst_hardware_g 1293.0540525612298 41.8565924857372 32.15999984741211 AB 3.6951939340061646 1.1039217090239488
61029.15 lsst_hardware_r 2169.5216246669333 51.85415344341589 31.479999542236328 AB 3.333915780560577 1.111305260186859
61029.1684 lsst_hardware_i 1816.0131977477174 52.31651863006879 31.239999771118164 AB 4.25336006348934 1.1037892943894483
61031.1478 lsst_hardware_z 1297.5173714749717 55.36476423763797 30.940000534057617 AB 3.9111064667103337 1.1089307846920735
61031.1658 lsst_hardware_u 3.0041206071781077 2.8285956919676094 28.350000381469727 AB 3.8686812096189866 1.1038919157158296
61035.1251 lsst_hardware_r 1810.8475824654156 49.13606735652073 31.489999771118164 AB 7.77727831450143 1.11967726957982
61035.1444 lsst_hardware_i 1643.574266872253 50.67752137192668 31.239999771118164 AB 7.716327465269247 1.1051743719950224
61037.1297 lsst_hardware_z 1239.3941011435486 56.24474710965487 30.950000762939453 AB 6.871102587480462 1.1101223988174267
61037.1504 lsst_hardware_i 1591.1947344336172 52.802055523585985 31.260000228881836 AB 6.79017639808691 1.104003966846151
61039.1319 lsst_hardware_z 2291.1321263246327 86.95115135500355 31.709999084472656 AB 8.651489880192088 1.1057630214969438
61044.1328 lsst_hardware_z 1846.2836614657217 107.01697965930379 31.729999542236328 AB 2.793305681759912 1.104255252219369
61047.1286 lsst_hardware_g 231.12214065726423 38.04298911787124 31.649999618530273 AB 8.839938836368844 1.105383844657755
61047.1512 lsst_hardware_r 1084.4802931622867 57.66848271564304 31.600000381469727 AB 8.951520952848226 1.1245864803930015
61055.0843 lsst_hardware_z 752.7653667089703 49.410111635931024 30.940000534057617 AB 5.998138995579065 1.1076725188431815
61055.1033 lsst_hardware_i 786.7766459703192 40.6603035448355 31.239999771118164 AB 5.968628251357532 1.1043641818871386
61059.0776 lsst_hardware_r 325.50477003566016 30.092411873585196 31.469999313354492 AB 4.043296356739056 1.1056320362972534
61059.0972 lsst_hardware_i 611.0712395935608 38.877172165859704 31.229999542236328 AB 4.308845318562112 1.1059191475113432
61061.0749 lsst_hardware_z 684.3861111932349 48.423494764581996 30.940000534057617 AB 13.209024266429314 1.1047028692696195
61061.0945 lsst_hardware_u 0.5378171470204349 2.9653483388871975 28.3799991607666 AB 13.963148795336146 1.1072490586278398
61063.0446 lsst_hardware_y 146.010389355969 52.59603993107984 30.020000457763672 AB 8.240646099860665 1.1247725516768627
61063.0642 lsst_hardware_g 37.70038593781806 15.692747231342592 31.399999618530273 AB 8.359185064761325 1.1067370666968352
61065.0435 lsst_hardware_y 190.96134338450173 53.869812734301405 30.020000457763672 AB 7.73082449016284 1.1193008600414334
61065.0638 lsst_hardware_i 459.2060880034633 38.893217960517724 31.25 AB 7.595906158556247 1.104751950146349
61067.0417 lsst_hardware_y 120.9634239311004 55.896730075161145 30.030000686645508 AB 12.715130627438665 1.1153623357402338
61067.0599 lsst_hardware_i 303.6685741430997 47.381587821243095 31.290000915527344 AB 12.58965189718816 1.1043554295779088
61071.038 lsst_hardware_y 232.28380372821638 62.64641051046792 30.030000686645508 AB 9.502598945517375 1.1093067498050344
61071.0551 lsst_hardware_i 383.0079322307869 76.70598836282475 31.31999969482422 AB 10.055459260996043 1.1037825753014319
61072.0428 lsst_hardware_z 1026.5531230662534 103.89667988862968 31.729999542236328 AB 8.98283182100535 1.1053638968002548
61074.0326 lsst_hardware_y 255.0781868426004 62.49963518754098 30.040000915527344 AB 7.731544188211056 1.1075653024846321
61074.0515 lsst_hardware_r 220.81843631153558 63.959792153922876 31.6299991607666 AB 8.671847053256606 1.1043773508557082
61076.0309 lsst_hardware_y 53.17796319442047 62.15948972309346 30.040000915527344 AB 6.143677396316125 1.1057402999039079
61076.0488 lsst_hardware_z 482.22120219410533 47.085809065502865 30.950000762939453 AB 6.572007296509637 1.1051581776641646
61078.0291 lsst_hardware_y -3.2309305190579862 61.90298035795917 30.040000915527344 AB 5.236411895064465 1.104534061184278
61078.0483 lsst_hardware_u -0.023807615198511916 3.0570019450842527 28.309999465942383 AB 6.943450979153716 1.1073642963444226
61080.029 lsst_hardware_y 252.50976868930206 60.0500699322442 30.040000915527344 AB 6.149879113569736 1.103777286312247
61080.0486 lsst_hardware_r 133.7941716843468 25.80783681674909 31.479999542236328 AB 6.757132891383257 1.1112334648494278
61082.0264 lsst_hardware_y 69.3383445222777 63.28007024272798 30.040000915527344 AB 0.6402404335982933 1.1038628165487814
61082.0433 lsst_hardware_r 121.78609813492716 26.008700212252275 31.489999771118164 AB 1.1157143854319866 1.1113615526839746
61314.3693 lsst_hardware_r -82.92774131806632 64.12999725341797 31.6299991607666 AB 4.64949314139194 1.1111891357810693
61314.388 lsst_hardware_y 79.47837045788762 61.08000183105469 30.040000915527344 AB 4.570348471479178 1.103815595092182
61316.3794 lsst_hardware_z 7.01097646688703 73.37999725341797 31.719999313354492 AB 2.875998936939656 1.1040303020882036
61320.363 lsst_hardware_i -11.473866860615155 31.260000228881836 31.25 AB 3.9794030807317404 1.1053897446477057
61320.382 lsst_hardware_y 18.818934328745566 53.86000061035156 30.030000686645508 AB 4.288811179785258 1.1060288437510337
61324.3604 lsst_hardware_g 16.061059939126284 14.0 31.420000076293945 AB 4.7999507925005105 1.1038175905485823
61324.3808 lsst_hardware_y -38.776912881450755 60.380001068115234 30.040000915527344 AB 5.039798672669502 1.1122109767552792
61327.3571 lsst_hardware_i 20.867571656556745 31.06999969482422 31.239999771118164 AB 5.962887405668977 1.1042384084572179
61327.3753 lsst_hardware_y 9.675173099686253 55.0099983215332 30.030000686645508 AB 6.459321164724688 1.114636956811853
61329.3565 lsst_hardware_u -3.8755037283794724 2.740000009536743 28.43000030517578 AB 8.090282411185516 1.1056452097694667
61329.3739 lsst_hardware_z -26.078383786152074 48.34000015258789 30.950000762939453 AB 8.198542985823737 1.1188985969188978
61333.3224 lsst_hardware_i -2.9834252220634108 30.950000762939453 31.25 AB 1.3708877935281396 1.107788115982335
61333.3404 lsst_hardware_z 44.01121900755468 41.97999954223633 30.950000762939453 AB 0.6919524884523148 1.1041795028494386
61336.3194 lsst_hardware_i 21.41030443904939 43.220001220703125 31.290000915527344 AB 3.4465036612882245 1.1053571716767878
61336.3379 lsst_hardware_z -29.36377847663201 45.36000061035156 30.950000762939453 AB 3.631056797099154 1.105849488990149
61338.3195 lsst_hardware_z 21.734080576178442 61.15999984741211 30.979999542236328 AB 4.170564691409278 1.104005477298847
61338.3375 lsst_hardware_r 2.1943082024388803 74.80999755859375 31.639999389648438 AB 4.101363415254488 1.108476598717429
61351.262 lsst_hardware_i -32.03730468422222 31.200000762939453 31.239999771118164 AB 5.762238708505079 1.1170015588987894
61351.2912 lsst_hardware_z -66.83295403536975 42.02000045776367 30.940000534057617 AB 5.6708963918962185 1.104164409189444
61357.2734 lsst_hardware_u 0.5353203766060431 2.609999895095825 28.350000381469727 AB 4.955672978767304 1.1039592289523958
61357.2913 lsst_hardware_g 9.258108686145787 13.880000114440918 31.389999389648438 AB 4.938952585030069 1.112710855744233
61361.2661 lsst_hardware_i 1.902264101933676 31.030000686645508 31.239999771118164 AB 4.421695208445697 1.1046413478234398
61361.2867 lsst_hardware_z -20.372592896715876 42.22999954223633 30.940000534057617 AB 4.534130147760231 1.1190777822526279
61366.1665 lsst_hardware_r 90.32914830908513 72.95999908447266 31.600000381469727 AB 5.227612232138726 1.250001928577557
61366.1915 lsst_hardware_i 67.16553554705057 59.689998626708984 31.299999237060547 AB 4.315971994000937 1.1688482041981483
61368.2595 lsst_hardware_z 16.287628696303855 76.05999755859375 30.989999771118164 AB 9.84185759216556 1.1112372140195887
61368.2793 lsst_hardware_i 18.355686411093707 87.75 31.31999969482422 AB 9.950616118313363 1.135623397907314
61370.2665 lsst_hardware_z -19.636875309345744 104.86000061035156 31.729999542236328 AB 6.040524947342231 1.124515969098771
61372.2556 lsst_hardware_r -41.117169037307114 61.529998779296875 31.6299991607666 AB 4.944824365724572 1.1178744256644797
61372.2752 lsst_hardware_i -23.910772166163916 54.189998626708984 31.299999237060547 AB 5.061768767252443 1.1482490256343088
61374.2288 lsst_hardware_i -19.608154260610448 37.75 31.270000457763672 AB 6.051899504415184 1.104226889261943
61374.2475 lsst_hardware_z 49.43557708191794 46.0 30.950000762939453 AB 6.131704830117371 1.1151257571745947
61376.2253 lsst_hardware_r 18.631946457105553 24.100000381469727 31.5 AB 6.959462421157647 1.104676574786928
61376.2441 lsst_hardware_g -5.163876872114164 16.639999389648438 31.469999313354492 AB 7.038638211778784 1.117244160599807
61379.2283 lsst_hardware_r -19.383382288678327 23.34000015258789 31.489999771118164 AB 2.9826414612622725 1.110336514197088
61379.2481 lsst_hardware_i -2.4339063615786185 31.530000686645508 31.239999771118164 AB 2.980172664681519 1.1336843232263119
61381.2202 lsst_hardware_z 30.700188655372994 42.18000030517578 30.940000534057617 AB 4.673347477968992 1.108522825373155
61381.2392 lsst_hardware_i 3.0247348215393406 31.510000228881836 31.25 AB 4.795883122620519 1.128354589276312
61383.2224 lsst_hardware_u -5.36626408200685 2.819999933242798 28.479999542236328 AB 6.0351438406264535 1.1146090971532538
61383.2406 lsst_hardware_g -15.031215533150883 14.510000228881836 31.40999984741211 AB 6.34143760342627 1.1395386459984547
61389.1939 lsst_hardware_r -12.648070959166937 23.049999237060547 31.479999542236328 AB 8.823366593261696 1.1061298161518158
61389.2131 lsst_hardware_g 8.049710120796966 14.09000015258789 31.399999618530273 AB 9.061383587226059 1.1225132780882525
61390.1526 lsst_hardware_r -11.875304897905986 25.290000915527344 31.510000228881836 AB 11.423593348918697 1.1202787635694718
61390.1709 lsst_hardware_i -8.60985735707168 31.780000686645508 31.239999771118164 AB 11.383513556985317 1.105744057049175
61394.1729 lsst_hardware_z 129.01297124428206 74.36000061035156 31.719999313354492 AB 4.21749811714504 1.1040089308001502
61405.1258 lsst_hardware_i -29.662310203990728 31.350000381469727 31.25 AB 7.433988567772577 1.107773135308658
61405.147 lsst_hardware_z 46.52785413574812 42.38999938964844 30.950000762939453 AB 7.480301956329935 1.1049190482024045
61407.1271 lsst_hardware_r -11.847866976660558 23.219999313354492 31.479999542236328 AB 5.095722232885839 1.1048235097589765
61407.1483 lsst_hardware_g -14.070720372009207 14.140000343322754 31.399999618530273 AB 5.101306596897561 1.1079560399408288
61409.1229 lsst_hardware_r 6.333556547665629 22.84000015258789 31.479999542236328 AB 2.5403147535208843 1.1044846754438629
61409.145 lsst_hardware_i -8.891625277627957 30.850000381469727 31.239999771118164 AB 2.6697953804283547 1.1093332605657984
61411.1235 lsst_hardware_z 5.275502578703433 59.720001220703125 31.690000534057617 AB 9.47875118009821 1.1037847080172585
61411.1447 lsst_hardware_i 3.5094661720850926 44.2400016784668 31.989999771118164 AB 8.98410106772916 1.1134324748801943
61424.0763 lsst_hardware_z 20.660707348168156 61.59000015258789 30.969999313354492 AB 4.01773437773974 1.1065090547341612
61424.0962 lsst_hardware_i 37.74278601347323 64.43000030517578 31.309999465942383 AB 4.288716019691891 1.1052679646135903
61426.0852 lsst_hardware_z 58.978868964623594 102.80999755859375 31.729999542236328 AB 13.980858187411622 1.1039553223550334
61428.0433 lsst_hardware_y 44.19618585662046 56.27000045776367 30.020000457763672 AB 8.085245345481667 1.1275706499521188
61428.0633 lsst_hardware_r -1.9528245292918671 83.16000366210938 31.6299991607666 AB 7.935347870832351 1.1075926960474873
61430.0529 lsst_hardware_z -24.087646195669123 64.33999633789062 31.709999084472656 AB 7.742085073005862 1.1109054271920404
61432.0416 lsst_hardware_y 28.41219613848692 52.209999084472656 30.030000686645508 AB 12.211884311994373 1.1161749694868799
61432.0602 lsst_hardware_g -5.592006073345954 13.979999542236328 31.420000076293945 AB 12.590768287511429 1.104453358553634
61434.04 lsst_hardware_y -100.83729928870952 51.22999954223633 30.030000686645508 AB 14.34154263088581 1.1125236700710426
61434.0575 lsst_hardware_i 17.034443717694185 31.09000015258789 31.239999771118164 AB 13.915734288436271 1.1039560732311406
61436.0391 lsst_hardware_y -106.46876587923848 51.310001373291016 30.030000686645508 AB 9.498010554961681 1.109040835453344
61436.0572 lsst_hardware_i -22.144971388401842 31.1200008392334 31.25 AB 9.953671266799756 1.1038783705001394
61438.038 lsst_hardware_y -94.45232362658118 51.11000061035156 30.040000915527344 AB 7.494595096859219 1.106539952289868
61438.0565 lsst_hardware_g -34.030668763297186 14.130000114440918 31.43000030517578 AB 7.402095217360333 1.1047903309493035
61440.0317 lsst_hardware_y 19.078188964783145 60.93000030517578 30.049999237060547 AB 10.131986696962846 1.1069580134341486
61440.0509 lsst_hardware_i -25.35915848885358 31.100000381469727 31.25 AB 10.724820388715816 1.1047499434704477
61442.0301 lsst_hardware_z -37.14846319977903 54.43000030517578 30.969999313354492 AB 5.736388416104762 1.1052771514652555
61442.0469 lsst_hardware_u 3.712832426606205 3.009999990463257 28.540000915527344 AB 5.281435144174777 1.1052110374249675
61443.0304 lsst_hardware_y -51.26209501103913 58.150001525878906 30.040000915527344 AB 5.283612821427569 1.1043956428693902
61443.0489 lsst_hardware_r 30.20610412810971 23.049999237060547 31.489999771118164 AB 6.764242756448239 1.1073190150247962
