data/validation/pwv_sim_epoch_fit_4/13481053.ecsv
# %ECSV 0.9
# ---
# datatype:
# - {name: time, datatype: float64}
# - {name: band, datatype: string}
# - {name: flux, datatype: float64}
# - {name: fluxerr, datatype: float64}
# - {name: zp, datatype: float64}
# - {name: zpsys, datatype: string}
# - {name: pwv, datatype: float64}
# - {name: airmass, datatype: float64}
# meta: {SNID: '13481053', alt: 1024.0, c: -0.10803922265768051, dec: 1.044512, lat: -30.244573, lon: -70.7499537, ra: 257.695312, t0: 60023.62109375,
#   x0: 4.6242954611535784e-05, x1: 1.0222561359405518, z: 0.23804868757724762}
# schema: astropy-2.0
time band flux fluxerr zp zpsys pwv airmass
60025.3834 lsst_hardware_u 535.3095187808874 43.557950947589504 29.389999389648438 AB 6.9050834120301285 1.1923303970697394
60025.4036 lsst_hardware_y 1215.6702762268626 159.05793789398538 30.030000686645508 AB 6.580474245206697 1.1724153481282256
60027.3864 lsst_hardware_r 13197.216875897746 152.71170378979352 31.6200008392334 AB 8.110147767735498 1.1815483344603
60027.4067 lsst_hardware_y 974.8692673182197 158.95908332390718 30.030000686645508 AB 8.017296235541556 1.1698958464237177
60029.3321 lsst_hardware_u 396.5800805676383 39.87200753825669 29.290000915527344 AB 8.251790496891019 1.2994263550823082
60029.3504 lsst_hardware_z 3843.839908312539 157.7870001364255 30.979999542236328 AB 9.28847350893474 1.238463134524632
60036.3931 lsst_hardware_z 3025.925272557865 154.82589727370743 30.989999771118164 AB 12.282856673894454 1.1717022146089546
60036.4113 lsst_hardware_y 689.72922756863 156.9875306794028 30.020000457763672 AB 12.530644354199536 1.1873636469551192
60038.3883 lsst_hardware_z 2493.461529801483 153.91612572509962 30.989999771118164 AB 9.70653352987248 1.1719917729885772
60038.4072 lsst_hardware_y 531.4424160958923 157.5059766275321 30.030000686645508 AB 9.85342568639368 1.1891894623023462
60040.3522 lsst_hardware_z 2188.830514473758 152.7184100077464 30.989999771118164 AB 21.27342241446762 1.1802176096792192
60040.3699 lsst_hardware_r 8550.169216994136 136.58518907469005 31.6299991607666 AB 21.190734727253535 1.1700585134452033
60042.3567 lsst_hardware_i 5377.006529355701 137.60088979388615 31.31999969482422 AB 10.845980212789375 1.1726651759962432
60042.3737 lsst_hardware_r 7784.6864593221735 133.62357166169824 31.6299991607666 AB 10.842287124987386 1.1706415711418603
60044.3531 lsst_hardware_z 2221.627078094817 152.68233976251256 30.989999771118164 AB 5.5920329167509895 1.1717812178219893
60044.3709 lsst_hardware_r 7218.83303822666 130.99841420722413 31.6299991607666 AB 5.580995115074434 1.171554996604447
60046.3625 lsst_hardware_i 4727.841998930035 136.35460855896028 31.31999969482422 AB 7.959848944823836 1.170566021297623
60046.38 lsst_hardware_z 1999.426134995747 152.81994624069512 30.989999771118164 AB 7.332910348282391 1.1825367437965475
60051.2843 lsst_hardware_z 2276.078965536963 151.80839020771592 30.979999542236328 AB 16.98301726099662 1.2560783931509751
60051.3018 lsst_hardware_r 4849.621611395638 122.37610119193707 31.6200008392334 AB 16.806795392756356 1.211118719189769
60053.3286 lsst_hardware_u 117.03647218678971 37.58571436846297 29.399999618530273 AB 12.534424720865566 1.1717518396646058
60053.3469 lsst_hardware_g 1558.8526071594615 114.3001175394963 31.68000030517578 AB 12.864754195372928 1.1717956821143667
60056.3255 lsst_hardware_r 4290.9486592373605 118.50819760732168 31.6299991607666 AB 8.136005368668448 1.170185231551321
60056.3423 lsst_hardware_z 2196.969201677598 153.07675374135187 30.989999771118164 AB 7.276674094419051 1.1736571120030728
60060.3254 lsst_hardware_g 1120.8908992252263 111.92821819248672 31.68000030517578 AB 4.390285141447358 1.1708988242291443
60060.3433 lsst_hardware_r 3476.194147142064 115.34692524755452 31.6200008392334 AB 3.880305608358025 1.1842837199322525
60064.2991 lsst_hardware_z 1890.4435252228227 151.6236585438298 30.989999771118164 AB 12.859345240268512 1.1715342085608977
60064.3164 lsst_hardware_r 2855.9462178855915 112.52888795856423 31.6200008392334 AB 12.790372521542885 1.171601403457258
60066.2947 lsst_hardware_z 1598.2354722442337 151.46430695416018 30.989999771118164 AB 10.630774202300428 1.1711340557763397
60066.3127 lsst_hardware_g 857.5380506612074 110.45084241013026 31.68000030517578 AB 10.591447402439963 1.1723984284303701
60068.2438 lsst_hardware_r 2186.1351427408927 109.79630976292866 31.610000610351562 AB 11.791025538431088 1.238813357683451
60068.2624 lsst_hardware_z 1773.9602538403997 150.56746889857308 30.979999542236328 AB 11.04936445597582 1.1980444681832214
60072.2913 lsst_hardware_z 1345.6462678411924 150.1907212693424 30.989999771118164 AB 10.885807559573953 1.1705169418896724
60072.3096 lsst_hardware_r 1908.0567642375083 109.38120811727816 31.6299991607666 AB 11.428823900109375 1.1831999275419287
60085.2897 lsst_hardware_r 1481.3099061641233 107.0465655248847 31.6200008392334 AB 7.134222274868375 1.2071442089456217
60085.3073 lsst_hardware_u 2.595111702498207 35.759818969039955 29.329999923706055 AB 8.408412390047866 1.250321544988588
60100.2019 lsst_hardware_z 159.93543459158735 145.8000030517578 30.989999771118164 AB 9.5701543081707 1.1711386059355984
60100.2206 lsst_hardware_r -2.1043305168941906 99.94999694824219 31.6200008392334 AB 9.359121322738073 1.1727854794947619
60102.2057 lsst_hardware_z -230.5358542065159 206.3000030517578 31.739999771118164 AB 5.248562831284811 1.1699003264621766
60111.1609 lsst_hardware_g 59.05079884430233 106.8499984741211 31.68000030517578 AB 9.213492885490519 1.1778571236524602
60111.1807 lsst_hardware_r -220.1061800107941 100.30000305175781 31.6299991607666 AB 9.194030115753678 1.169872772077068
60121.1529 lsst_hardware_g -135.80469833348758 107.08999633789062 31.690000534057617 AB 7.074671766833996 1.1698506435442737
60121.1773 lsst_hardware_r 156.80326709845286 100.05000305175781 31.6299991607666 AB 7.252566396571444 1.1849630580134702
60123.1493 lsst_hardware_i -8.058267123717346 117.81999969482422 31.31999969482422 AB 7.258143919899688 1.1700078858547092
60123.1727 lsst_hardware_z -141.15696558696442 145.75999450683594 30.989999771118164 AB 6.952972828117526 1.1860250172342224
60125.1461 lsst_hardware_i 8.311386615667365 117.63999938964844 31.31999969482422 AB 3.747384788216409 1.1704176741520758
60125.1701 lsst_hardware_z -19.004339361202067 145.52999877929688 30.989999771118164 AB 3.6884433561816823 1.189820437477962
60128.1457 lsst_hardware_z 177.74869241623017 145.69000244140625 30.989999771118164 AB 7.242352441065456 1.1736742287811543
60128.1679 lsst_hardware_r 94.42032183914668 99.5999984741211 31.6200008392334 AB 7.974812042241515 1.1991296958486883
60132.1787 lsst_hardware_z -367.8812378967557 205.0 31.729999542236328 AB 2.7768688726458852 1.2495285162647187
60141.0651 lsst_hardware_g -128.7651040410796 106.4800033569336 31.68000030517578 AB 4.63703317619471 1.1948037042501187
60141.0978 lsst_hardware_r -75.4531046252422 100.2300033569336 31.6299991607666 AB 4.373464058643173 1.169844605762518
60143.0935 lsst_hardware_i -4.224250160997605 117.77999877929688 31.31999969482422 AB 2.8362196772458614 1.1698967457359528
60143.119 lsst_hardware_r 53.23490104321837 99.80000305175781 31.6200008392334 AB 2.8902229232622534 1.1871936427447147
60145.0866 lsst_hardware_u 15.887634220574675 36.810001373291016 29.389999389648438 AB 3.752659644734453 1.1698424621191208
60145.107 lsst_hardware_g -78.9296753399999 106.08999633789062 31.670000076293945 AB 3.8015852048691574 1.1797616235240997
60148.0558 lsst_hardware_g -82.33202881460839 106.08000183105469 31.670000076293945 AB 5.577800820848135 1.1818417912982717
60148.0767 lsst_hardware_r 138.19919912659816 99.81999969482422 31.6200008392334 AB 5.645763943092868 1.1699044606650737
60154.0608 lsst_hardware_i -184.26426692476664 166.33999633789062 32.06999969482422 AB 4.552571372508277 1.169875722088726
60154.0813 lsst_hardware_z -126.10210962940087 205.9499969482422 31.739999771118164 AB 4.575707517566551 1.1786984846899924
60159.0539 lsst_hardware_g -50.73001530751995 107.05000305175781 31.690000534057617 AB 1.8405524884203106 1.1705867002885164
60159.0747 lsst_hardware_r 258.92683476923 100.01000213623047 31.6200008392334 AB 1.8945026206497635 1.186412245475195
60161.0504 lsst_hardware_i -42.89160789547749 117.52999877929688 31.309999465942383 AB 2.5766289578161157 1.171194980825507
60161.0725 lsst_hardware_r -45.15016675195689 99.56999969482422 31.610000610351562 AB 2.6198040445680313 1.190820020258196
60166.011 lsst_hardware_g 124.94947518620259 106.25 31.670000076293945 AB 3.768435683596088 1.1776361511237774
60166.0313 lsst_hardware_r 7.593702038675035 99.9000015258789 31.6200008392334 AB 3.7110963553027334 1.169954714786486
60169.01 lsst_hardware_i -364.66642893917316 166.7100067138672 32.06999969482422 AB 2.466540547623349 1.1726817183629235
60169.0311 lsst_hardware_z 230.64151286950084 206.52000427246094 31.739999771118164 AB 2.475904418367091 1.1722569745671765
60176.9813 lsst_hardware_y -544.1156904397249 155.8000030517578 30.030000686645508 AB 3.821679798523054 1.1773505232664985
60177.0047 lsst_hardware_g -155.46043041659152 106.58000183105469 31.68000030517578 AB 3.0598888640766475 1.1705772242068277
60179.9796 lsst_hardware_y -132.88399017648612 156.08999633789062 30.030000686645508 AB 3.0339335781278054 1.1728746798600278
60179.9999 lsst_hardware_i -178.00422735612182 117.7699966430664 31.31999969482422 AB 3.0331368128603695 1.1717362055926483
60181.9865 lsst_hardware_z -134.0727658965567 291.3999938964844 32.5 AB 2.9593949870146 1.1698754725319873
60392.3888 lsst_hardware_r -59.16220717960514 23.6200008392334 31.469999313354492 AB 7.977726091251593 1.1797879460590668
60392.4084 lsst_hardware_y -23.048930468110235 58.5 30.010000228881836 AB 7.986848581118265 1.1698057240744437
60395.337 lsst_hardware_r -37.53432015640535 94.1500015258789 31.59000015258789 AB 9.90509467861045 1.2735849492470106
60395.354 lsst_hardware_y -8.750391674700428 56.279998779296875 29.979999542236328 AB 9.525580855035553 1.224039944963609
60397.3987 lsst_hardware_z 24.827632971466787 93.68000030517578 31.719999313354492 AB 10.70229861287091 1.1699911026387555
60399.3917 lsst_hardware_z 35.45436883254583 61.06999969482422 30.959999084472656 AB 5.849161952827869 1.1698323905655736
60399.41 lsst_hardware_y 78.93187193400314 62.349998474121094 30.0 AB 5.8948916267112175 1.1789783253422434
60401.388 lsst_hardware_i -52.016932108277494 46.2599983215332 31.270000457763672 AB 12.362762443433217 1.1700236548854197
60401.4059 lsst_hardware_y -25.80800308004592 52.459999084472656 29.989999771118164 AB 12.38183466460351 1.1802996065872988
60405.2519 lsst_hardware_u 0.7698119034275689 2.4100000858306885 28.040000915527344 AB 23.853619950604784 1.633809585657862
60405.2719 lsst_hardware_g -31.70812778634574 14.239999771118164 31.299999237060547 AB 21.388883685805315 1.4649920332743367
60406.2416 lsst_hardware_r 0.8624637076298881 24.889999389648438 31.3799991607666 AB 14.85949233418784 1.7160418440020604
60406.2607 lsst_hardware_i -3.517921918095617 34.119998931884766 31.190000534057617 AB 12.232312860989403 1.5290391076236753
60413.3797 lsst_hardware_u -0.19929106808406655 2.7899999618530273 28.450000762939453 AB 7.97179733829408 1.1879587718193994
60413.3991 lsst_hardware_g 11.151620957777308 14.329999923706055 31.3799991607666 AB 8.227706464404676 1.2237237249058788
60415.3631 lsst_hardware_r 39.08314609708339 23.530000686645508 31.489999771118164 AB 20.086493233096824 1.176213572624212
60415.3822 lsst_hardware_i -7.769340068963211 32.029998779296875 31.239999771118164 AB 19.219983785760316 1.2001863216377362
60432.2946 lsst_hardware_g -17.575939562907955 22.530000686645508 31.549999237060547 AB 14.61677443424129 1.1705202784863127
60432.3136 lsst_hardware_r -6.05927175925948 28.739999771118164 31.530000686645508 AB 14.672967991902615 1.1740331115374654
60436.2914 lsst_hardware_i 13.835225790324275 31.649999618530273 31.229999542236328 AB 8.734478835417374 1.169900728022686
60436.3082 lsst_hardware_z 48.556187699114986 43.08000183105469 30.940000534057617 AB 8.175590711452163 1.1782653792446431
60443.2303 lsst_hardware_z -46.76566048751674 43.33000183105469 30.93000030517578 AB 8.158155756324206 1.2080489286000453
60443.25 lsst_hardware_i -6.116145302872587 31.709999084472656 31.229999542236328 AB 8.137703646628855 1.1793773400911385
60445.226 lsst_hardware_u -1.3499185962519322 2.640000104904175 28.31999969482422 AB 6.411424355397947 1.2057971392153615
60445.2466 lsst_hardware_g -6.865701414278627 14.40999984741211 31.399999618530273 AB 6.302216216538915 1.1775074673569423
60454.1736 lsst_hardware_i 77.4082852023983 110.61000061035156 31.290000915527344 AB 8.19330127397874 1.2818557161933337
60458.1904 lsst_hardware_z 34.06812200258954 52.7400016784668 30.959999084472656 AB 10.612863446628054 1.206007209844097
60458.2095 lsst_hardware_i 15.308459902258111 50.29999923706055 31.290000915527344 AB 10.500550495408053 1.17895402268803
60462.1916 lsst_hardware_r -9.329293461053819 33.70000076293945 32.220001220703125 AB 12.13326922104088 1.18668582532553
60462.213 lsst_hardware_i -7.740333142275622 31.90999984741211 31.229999542236328 AB 12.375211472746184 1.1704541258627095
60464.1849 lsst_hardware_z 67.09798714720577 43.349998474121094 30.940000534057617 AB 13.640854476962812 1.188314001622884
60464.205 lsst_hardware_u 3.150484551224807 2.680000066757202 28.360000610351562 AB 13.468423166582967 1.1712351295654504
60466.191 lsst_hardware_g 18.988836506020697 14.579999923706055 31.399999618530273 AB 6.403478780210246 1.1761011595831234
60466.2099 lsst_hardware_r 20.816123123802836 23.899999618530273 31.479999542236328 AB 7.4268011274711805 1.169958825463133
60468.1823 lsst_hardware_i -39.73546557294113 31.950000762939453 31.229999542236328 AB 4.032692562508771 1.1788626248503287
60468.2035 lsst_hardware_z -10.165864389811931 43.08000183105469 30.940000534057617 AB 3.990614602494485 1.1698679637937612
60485.1079 lsst_hardware_i -75.03016787535627 70.38999938964844 31.290000915527344 AB 6.353796098841162 1.2249855914992118
60485.1269 lsst_hardware_z 41.320745314372786 63.95000076293945 30.959999084472656 AB 4.658195901486922 1.1892254024730933
60487.1176 lsst_hardware_r 23.59048499133579 44.75 31.59000015258789 AB 9.320168298435446 1.194893371594288
60487.1366 lsst_hardware_z -39.68751581900728 49.72999954223633 30.950000762939453 AB 9.472969552328403 1.1740439831853757
60490.1231 lsst_hardware_g 6.867788239328189 20.190000534057617 32.130001068115234 AB 4.191025095196158 1.178081544679173
60490.1435 lsst_hardware_r 35.83472759394708 33.38999938964844 32.22999954223633 AB 3.75785555772819 1.1698818734171712
60493.1268 lsst_hardware_i 15.85096856602554 31.93000030517578 31.229999542236328 AB 7.223542618747054 1.1709105960416675
60493.1476 lsst_hardware_z 27.43003709435751 43.5 30.940000534057617 AB 7.237522313768977 1.1744140491836486
60495.1 lsst_hardware_r 20.402980495907084 23.639999389648438 31.469999313354492 AB 4.398104953056919 1.1886770143397076
60495.1214 lsst_hardware_g 7.178201010524919 14.25 31.3799991607666 AB 4.266731086634848 1.1708921752565775
60497.1497 lsst_hardware_r 16.459224714149382 23.479999542236328 31.459999084472656 AB 2.1368315623081893 1.1871286457267718
60497.1705 lsst_hardware_i -13.59977821688743 32.279998779296875 31.209999084472656 AB 2.7872973162073205 1.2255447674954127
60499.0962 lsst_hardware_i 14.388024939488957 31.829999923706055 31.229999542236328 AB 3.705501962639983 1.1802841097754366
60499.1184 lsst_hardware_z -2.324887986521142 43.16999816894531 30.940000534057617 AB 3.677815476531424 1.1698506525572718
60503.0974 lsst_hardware_g -2.7675019550106716 17.440000534057617 31.469999313354492 AB 8.15300608048958 1.171689496597305
60503.1186 lsst_hardware_r -0.08293179636257915 24.850000381469727 31.489999771118164 AB 8.20222594482102 1.173366927397981
60506.0986 lsst_hardware_i -5.142401727168385 43.97999954223633 31.270000457763672 AB 4.5430227536252525 1.1698268967748817
60506.118 lsst_hardware_z -10.717421488132008 49.33000183105469 30.940000534057617 AB 4.548559647021709 1.1791470245033595
60508.0989 lsst_hardware_r -34.93789056338146 75.56999969482422 31.6200008392334 AB 2.8737629494387846 1.170734498685002
60508.1195 lsst_hardware_z 81.31112559866614 62.040000915527344 30.959999084472656 AB 2.9016223783783857 1.1869194348425358
60511.0978 lsst_hardware_r -35.69614418619149 111.72000122070312 31.6200008392334 AB 6.628604689313293 1.174000889567546
60511.1174 lsst_hardware_i 82.56367268237949 86.6500015258789 31.299999237060547 AB 6.791513177912495 1.1957240255721988
60514.0529 lsst_hardware_i 8.287128967365714 61.63999938964844 31.290000915527344 AB 7.214908074732752 1.1827718155299594
60514.0734 lsst_hardware_z -85.95962163474515 58.619998931884766 30.959999084472656 AB 7.137118211430451 1.1700193789230249
60516.0496 lsst_hardware_r 34.018120801023244 23.31999969482422 31.469999313354492 AB 10.030080090853213 1.1804723527877459
60516.072 lsst_hardware_u -4.084737327253573 2.5199999809265137 28.239999771118164 AB 9.84239629127516 1.1698569284399953
60520.0562 lsst_hardware_g -11.430547216255727 14.029999732971191 31.3700008392334 AB 5.616708800194852 1.1701476667072608
60520.0773 lsst_hardware_r 32.250633742077625 23.31999969482422 31.469999313354492 AB 5.649426566961736 1.1769638681170285
60529.0145 lsst_hardware_u -2.624371864375731 3.7100000381469727 29.079999923706055 AB 4.546448964994882 1.1800784646984468
60529.0351 lsst_hardware_r 8.785078429081096 33.0099983215332 32.220001220703125 AB 4.518660305011325 1.1698292125503948
60535.0083 lsst_hardware_g -2.485541794901189 40.470001220703125 31.649999618530273 AB 3.6462563917824933 1.1724925425100465
60535.0275 lsst_hardware_r -17.46637181567747 44.45000076293945 31.600000381469727 AB 3.6341470909745124 1.1715496747177667
60539.0144 lsst_hardware_r 95.96714881538229 82.93000030517578 31.6200008392334 AB 2.71271112848018 1.1707859855330947
60539.0351 lsst_hardware_z 21.802363305619526 63.59000015258789 30.969999313354492 AB 2.7971549148935493 1.1872474171874148
60540.9773 lsst_hardware_y -3.4518157761068453 59.27000045776367 30.010000228881836 AB 3.08386246911682 1.1849615635415254
60540.9955 lsst_hardware_r -110.01706798198705 89.33999633789062 31.6200008392334 AB 2.965071966658388 1.1710009412506386
60542.9788 lsst_hardware_y 29.563778425250756 51.380001068115234 30.010000228881836 AB 3.8978954410146347 1.1777305189891771
60542.9987 lsst_hardware_z -47.89859872036085 52.220001220703125 30.959999084472656 AB 3.882964967632178 1.1698907733457062
60545.9811 lsst_hardware_y -41.17009971633243 51.279998779296875 30.010000228881836 AB 5.830838261998043 1.171262644904945
60546.0008 lsst_hardware_u 1.8782283308657726 2.759999990463257 28.43000030517578 AB 5.05718880760618 1.1731575265571375
60548.9775 lsst_hardware_y 65.74469334611275 57.16999816894531 30.010000228881836 AB 4.79028609413138 1.1700747665196338
60548.9941 lsst_hardware_r -6.510607227127433 23.90999984741211 31.479999542236328 AB 4.760764143317716 1.1740478775136167
