data/validation/pwv_sim_epoch_fit_4/13821308.ecsv
# %ECSV 0.9
# ---
# datatype:
# - {name: time, datatype: float64}
# - {name: band, datatype: string}
# - {name: flux, datatype: float64}
# - {name: fluxerr, datatype: float64}
# - {name: zp, datatype: float64}
# - {name: zpsys, datatype: string}
# - {name: pwv, datatype: float64}
# - {name: airmass, datatype: float64}
# meta: {SNID: '13821308', alt: 1024.0, c: -0.05722801387310028, dec: -12.48276, lat: -30.244573, lon: -70.7499537, ra: 174.375, t0: 61124.296875,
#   x0: 2.0704069173249177e-05, x1: -0.7314021587371826, z: 0.33803051710128784}
# schema: astropy-2.0
time band flux fluxerr zp zpsys pwv airmass
[from data line 132]
61466.2615 lsst_hardware_r 16.978487031323652 25.469999313354492 31.520000457763672 AB 3.6764976067979167 1.0594076285077083
61468.2375 lsst_hardware_i 35.88277051273313 31.299999237060547 31.25 AB 5.877810710454622 1.0496090554383253
61468.2563 lsst_hardware_z -29.710059549189527 41.810001373291016 30.940000534057617 AB 6.106690696978116 1.059637462602484
61470.2431 lsst_hardware_r 44.38217120810173 24.030000686645508 31.510000228881836 AB 8.319133924251323 1.0538998257148757
61470.2612 lsst_hardware_u -1.7983296390365995 2.7200000286102295 28.399999618530273 AB 8.333036121233748 1.0709581503336687
61472.2312 lsst_hardware_g -0.6193973988998218 15.170000076293945 31.450000762939453 AB 11.327703204880965 1.0508479645825177
61472.2496 lsst_hardware_i 17.791019082345805 31.559999465942383 31.25 AB 11.474622834774555 1.0637372939649605
61474.2308 lsst_hardware_z -3.7740860408271235 41.61000061035156 30.950000762939453 AB 10.632339167334633 1.053115234521764
61474.2488 lsst_hardware_r 13.661805042497814 23.93000030517578 31.510000228881836 AB 10.787730904068095 1.0690800975226047
61477.2294 lsst_hardware_r -9.167873849010723 24.09000015258789 31.510000228881836 AB 14.574693486845854 1.0576700643574959
61477.2476 lsst_hardware_i -72.9638711827377 31.719999313354492 31.260000228881836 AB 15.100977917660545 1.078744017358327
61479.0406 lsst_hardware_z -54.629215679350246 89.94999694824219 32.04999923706055 AB 17.195268611650054 1.8138269695507034
61481.2157 lsst_hardware_r 3.1027031320231933 29.829999923706055 31.559999465942383 AB 8.7160369353917 1.0555936702666464
61481.2374 lsst_hardware_z 103.45216119244661 42.459999084472656 30.950000762939453 AB 8.925815099546158 1.0798554395603632
61485.1314 lsst_hardware_z -148.7303835685303 91.25 31.0 AB 5.793853487480578 1.1067532927374826
61485.1514 lsst_hardware_i 182.96770822532162 106.86000061035156 31.34000015258789 AB 5.608789346279481 1.071743187187162
61489.2063 lsst_hardware_y -110.04021269746448 76.9800033569336 30.809999465942383 AB 7.42244493891087 1.0672099121367176
61492.1815 lsst_hardware_r 13.034611236240082 41.150001525878906 31.6200008392334 AB 7.549161896164652 1.0530285808571143
61492.1994 lsst_hardware_i 11.0026417926525 40.400001525878906 31.290000915527344 AB 7.608168265776522 1.0687631015793797
61494.1706 lsst_hardware_z -27.86880948212589 42.779998779296875 30.959999084472656 AB 7.118837212487897 1.0506604173054606
61494.1893 lsst_hardware_r 19.24695256183345 27.989999771118164 31.559999465942383 AB 7.215329565286234 1.0634889735728652
61497.1724 lsst_hardware_u -2.401656342293874 2.7699999809265137 28.450000762939453 AB 8.658064835323277 1.0558615652833265
61497.1907 lsst_hardware_r 23.242745153314374 24.15999984741211 31.5 AB 8.817856248895758 1.075348323036068
61499.1713 lsst_hardware_i 14.475595387556817 31.420000076293945 31.25 AB 4.83047440356219 1.0593145621846909
61499.1904 lsst_hardware_z -10.070797719719254 42.290000915527344 30.940000534057617 AB 4.977737494910374 1.0832943405680535
61501.1702 lsst_hardware_r -66.60546701296978 23.940000534057617 31.510000228881836 AB 14.564655410962295 1.0635016729435776
61501.1873 lsst_hardware_u 2.226235610954296 2.7699999809265137 28.450000762939453 AB 15.06356031710804 1.0873076596728528
61503.1687 lsst_hardware_g -7.889343400813093 15.069999694824219 31.440000534057617 AB 9.082046138022713 1.0679525101055614
61503.1867 lsst_hardware_r 8.390778028062146 24.139999389648438 31.5 AB 9.38285789289823 1.0963417206891797
61511.1336 lsst_hardware_z 77.27248065253526 53.5 30.979999542236328 AB 17.62617382599754 1.055459510538775
61511.151 lsst_hardware_r 17.9334719243638 59.81999969482422 31.639999389648438 AB 17.923801725631638 1.0732815404569844
61513.0815 lsst_hardware_z 97.61466918456065 81.86000061035156 31.0 AB 12.114173113230276 1.0639300132379208
61513.0998 lsst_hardware_r 103.9157036775048 111.55000305175781 31.65999984741211 AB 11.875678508995877 1.0509450007960952
61515.1194 lsst_hardware_i 109.61745030657438 108.63999938964844 31.34000015258789 AB 7.175835492800763 1.0534109648856083
61515.1371 lsst_hardware_z 17.65812590457801 92.04000091552734 31.0 AB 6.9059681433756275 1.0693801886638818
61518.1175 lsst_hardware_r -55.28854042356502 78.26000213623047 31.649999618530273 AB 4.76283035028669 1.0577016101014192
61518.1347 lsst_hardware_z -42.89592605403626 58.88999938964844 30.979999542236328 AB 5.88798940280655 1.0773011440502334
61520.1145 lsst_hardware_g -32.07725240232956 51.619998931884766 31.700000762939453 AB 14.346032313049099 1.0597906165759
61520.1306 lsst_hardware_r -20.229563365092886 50.72999954223633 31.6200008392334 AB 15.048941533530122 1.079363921859323
61522.112 lsst_hardware_i -1.9475737197181724 32.150001525878906 31.25 AB 4.747762970442445 1.0626148098573065
61522.1308 lsst_hardware_z 14.039803692122536 44.209999084472656 30.950000762939453 AB 4.987118396970324 1.0887914266104592
61524.1125 lsst_hardware_r -5.268333110572905 23.639999389648438 31.5 AB 9.410257427215592 1.0693474349108627
61524.1318 lsst_hardware_g -10.6757925968113 14.829999923706055 31.440000534057617 AB 9.076436200497282 1.1012753602690306
61526.0883 lsst_hardware_u -1.5676630660237882 2.7300000190734863 28.440000534057617 AB 10.227560485052724 1.052831947814507
61526.106 lsst_hardware_r -9.062668480973482 23.6200008392334 31.5 AB 10.412278057474536 1.068072015743131
61528.0909 lsst_hardware_i 26.135904434554124 31.360000610351562 31.260000228881836 AB 13.931672551198757 1.0582758594096568
61528.1083 lsst_hardware_z 28.79972064101023 42.31999969482422 30.950000762939453 AB 14.3144092011635 1.078663893686259
61532.0744 lsst_hardware_g 1.2542620308488464 14.84000015258789 31.450000762939453 AB 6.565849967793616 1.054246944090176
61532.0908 lsst_hardware_r 24.222967514496197 23.81999969482422 31.510000228881836 AB 7.1511308407205005 1.0695278879372594
61533.074 lsst_hardware_i 64.29372421065766 31.280000686645508 31.25 AB 10.843277560644415 1.0557863322168461
61533.0923 lsst_hardware_z 31.730613730059304 42.220001220703125 30.950000762939453 AB 11.0895989343074 1.0751986556435331
61535.0723 lsst_hardware_r 10.91587952361088 23.850000381469727 31.510000228881836 AB 7.750788918778911 1.0587063131784236
61535.0902 lsst_hardware_g 8.37179353711474 14.859999656677246 31.440000534057617 AB 8.119828860401439 1.0802313314134357
61537.0708 lsst_hardware_r -42.612771849322876 28.18000030517578 31.559999465942383 AB 12.142363851275071 1.0623705193818689
61537.0882 lsst_hardware_i 34.57439877286225 33.439998626708984 31.270000457763672 AB 13.197472502066187 1.0859138098244072
61541.001 lsst_hardware_r -188.19238373126834 91.5 31.649999618530273 AB 5.625368947688004 1.0685476204175144
61541.0196 lsst_hardware_z 9.048253181379746 70.18000030517578 30.989999771118164 AB 5.538890155032178 1.0525706979015017
61547.0052 lsst_hardware_i -14.962707907445989 57.959999084472656 31.31999969482422 AB 4.7775326909392035 1.0516443601076848
61547.024 lsst_hardware_z -62.5623546033477 55.599998474121094 30.979999542236328 AB 4.817742296102157 1.0500936800149419
61550.9913 lsst_hardware_r 1.5555272755184408 23.979999542236328 31.510000228881836 AB 6.087566153720635 1.0530906735764176
61551.0109 lsst_hardware_g -9.720949294367125 15.020000457763672 31.450000762939453 AB 5.959398506849942 1.0496056548544752
61552.9956 lsst_hardware_r -26.41313549627176 24.280000686645508 31.520000457763672 AB 6.794198027553773 1.0495806631218898
61553.0151 lsst_hardware_i 23.72599746278119 31.790000915527344 31.260000228881836 AB 7.417065932079696 1.0531117325116708
61554.9651 lsst_hardware_y -5.156074533871307 48.189998626708984 30.049999237060547 AB 10.110282717504482 1.0658109548286405
61554.9846 lsst_hardware_z 30.228204119394984 41.790000915527344 30.959999084472656 AB 10.005258922621115 1.051138196419721
61559.9648 lsst_hardware_y 20.919219641935577 47.900001525878906 30.040000915527344 AB 11.38539454977855 1.0542031990535694
61559.9859 lsst_hardware_r -13.448756372537668 24.09000015258789 31.510000228881836 AB 11.3349413381141 1.0495316053809352
61561.9728 lsst_hardware_z 89.99421954842576 60.529998779296875 31.709999084472656 AB 4.512084642533996 1.0493220098916272
61570.952 lsst_hardware_y 62.75617182289198 71.5999984741211 30.06999969482422 AB 13.059215987555978 1.049157730241228
61570.9707 lsst_hardware_z 30.618070504224878 59.810001373291016 30.979999542236328 AB 13.685869600262818 1.056117110834134
