data/validation/pwv_sim_epoch_fit_4/13917952.ecsv
# %ECSV 0.9
# ---
# datatype:
# - {name: time, datatype: float64}
# - {name: band, datatype: string}
# - {name: flux, datatype: float64}
# - {name: fluxerr, datatype: float64}
# - {name: zp, datatype: float64}
# - {name: zpsys, datatype: string}
# - {name: pwv, datatype: float64}
# - {name: airmass, datatype: float64}
# meta: {SNID: '13917952', alt: 1024.0, c: 0.020984165370464325, dec: -22.185358, lat: -30.244573, lon: -70.7499537, ra: 94.21875, t0: 60891.20703125,
#   x0: 9.38640959478324e-05, x1: -1.5231190919876099, z: 0.17381608486175537}
# schema: astropy-2.0
time band flux fluxerr zp zpsys pwv airmass
60938.2979 lsst_hardware_r 2754.704491886941 57.64242383686604 31.3700008392334 AB 10.747496978270316 1.6462849596533546
60938.314 lsst_hardware_i 2466.7934206078207 59.73599584960468 31.18000030517578 AB 9.683999813287262 1.482812272036054
60957.3037 lsst_hardware_i -94.64802955264733 57.77000045776367 31.290000915527344 AB 3.3052668382644845 1.215432294277949
60957.3231 lsst_hardware_r -24.176087600064594 68.06999969482422 31.6200008392334 AB 3.103161101813366 1.1392973297157838
60959.2631 lsst_hardware_i -52.415022808847304 52.439998626708984 31.25 AB 6.0357310603085494 1.428998179416052
60959.282 lsst_hardware_z -44.89486887418642 53.52000045776367 30.940000534057617 AB 5.473734234397395 1.2996598894493223
60970.3095 lsst_hardware_i 7.034301663003206 30.110000610351562 31.239999771118164 AB 2.7639353409309084 1.0782582604411866
60970.3291 lsst_hardware_r 7.0763815070540925 21.780000686645508 31.489999771118164 AB 2.559413052969188 1.04161149818969
60973.37 lsst_hardware_i 41.80536039033539 40.279998779296875 31.299999237060547 AB 3.7359276501267487 1.010438419615905
60975.3609 lsst_hardware_r 35.93341096610158 23.260000228881836 31.510000228881836 AB 3.0860961761370374 1.0100134760716863
60977.3415 lsst_hardware_g -16.752191258750827 13.140000343322754 31.420000076293945 AB 3.6158134049705497 1.0123602627075734
60977.3601 lsst_hardware_y 94.10274152469604 50.130001068115234 30.06999969482422 AB 3.6126804382733098 1.0106342143621718
60980.3384 lsst_hardware_r 30.405458816245236 21.43000030517578 31.479999542236328 AB 5.133117025958477 1.010771144410175
60980.3572 lsst_hardware_y -68.38173094486963 48.52000045776367 30.049999237060547 AB 5.159323826546543 1.0121944531039673
60982.2924 lsst_hardware_z 5.717649565771353 49.18000030517578 30.969999313354492 AB 5.029216642823364 1.0477534672548676
60982.3111 lsst_hardware_r -28.825961799826825 46.529998779296875 31.6299991607666 AB 4.913468766421925 1.0236393263379011
60992.3148 lsst_hardware_u 3.3598667072263475 3.930000066757202 28.719999313354492 AB 4.102240649452534 1.0100309367111988
60992.3325 lsst_hardware_g -3.326456719591208 20.190000534057617 31.559999465942383 AB 4.069410150243164 1.0163362013594317
60997.2027 lsst_hardware_r -5.005190630077904 22.469999313354492 31.459999084472656 AB 6.70403944380806 1.1803405860835532
60997.2207 lsst_hardware_u 0.13373558568373667 2.509999990463257 28.290000915527344 AB 5.079187226969346 1.1177788791746683
60998.3096 lsst_hardware_i -10.774697251195724 29.459999084472656 31.239999771118164 AB 6.33948664462628 1.0128188911812566
60998.3293 lsst_hardware_u 0.999104567697978 2.6500000953674316 28.440000534057617 AB 6.429744185846359 1.0278134813325914
61003.1649 lsst_hardware_i -66.21751921535824 45.380001068115234 31.969999313354492 AB 11.23869335938117 1.2822971486543635
61005.2977 lsst_hardware_u -2.8447336901627653 2.5999999046325684 28.40999984741211 AB 5.352722665198393 1.0167902232379182
61005.3177 lsst_hardware_g 32.880550807425934 13.079999923706055 31.3799991607666 AB 5.460842150799059 1.037065674013956
61007.1961 lsst_hardware_g -11.886742467567469 18.290000915527344 31.5 AB 3.565270140318461 1.1098980902228845
61007.2135 lsst_hardware_r 47.70830628577532 23.469999313354492 31.5 AB 4.193757829160131 1.0673855508168666
61010.2689 lsst_hardware_i 2.028712845362802 36.93000030517578 31.290000915527344 AB 7.744856832713279 1.0104183734785752
61010.2879 lsst_hardware_z 78.759980559788 40.540000915527344 30.950000762939453 AB 7.868924891766617 1.0196209772293028
61012.2678 lsst_hardware_i -32.245549044784255 56.66999816894531 31.329999923706055 AB 6.289107901103523 1.0114811860572075
61012.2859 lsst_hardware_z -35.99499927047681 52.33000183105469 30.979999542236328 AB 6.360008960377638 1.0225933587915024
61013.1406 lsst_hardware_r 52.49774371250485 92.58999633789062 31.600000381469727 AB 4.081264584269986 1.2658682057235862
61013.161 lsst_hardware_y -32.87100217946262 55.58000183105469 30.010000228881836 AB 3.7667040552676676 1.1725148810171726
61014.2528 lsst_hardware_z 71.47716263491158 64.2699966430664 30.989999771118164 AB 3.2060227120006686 1.0099564892239525
61014.2724 lsst_hardware_r 102.32093369618967 90.87000274658203 31.65999984741211 AB 3.2416028014544658 1.0163091735454888
61019.256 lsst_hardware_z 59.20623510777192 44.939998626708984 30.969999313354492 AB 9.399280848219304 1.014657618418415
61019.2748 lsst_hardware_g -13.071231398460004 39.75 31.700000762939453 AB 9.523426208210022 1.0310643867493121
61021.234 lsst_hardware_g 0.9249404868868689 18.479999542236328 31.549999237060547 AB 12.67977683660156 1.009958528572975
61021.2543 lsst_hardware_r -18.23210541559592 27.18000030517578 31.549999237060547 AB 12.51723319977904 1.0169791156158707
61023.231 lsst_hardware_i 12.536881746049815 29.790000915527344 31.25 AB 7.839168423882281 1.0100936442241344
61023.2495 lsst_hardware_z 47.71223996032462 40.619998931884766 30.950000762939453 AB 7.949560950950481 1.0174352752924318
61027.2008 lsst_hardware_g -15.11470731041122 13.390000343322754 31.420000076293945 AB 3.354447194170771 1.0142963848724804
61027.22 lsst_hardware_r 20.780680693632988 21.950000762939453 31.5 AB 4.752788541269613 1.0100854083175186
61029.1804 lsst_hardware_i 81.19131379320567 30.030000686645508 31.25 AB 3.9171157546452093 1.0260049123788508
61029.1987 lsst_hardware_r 8.101904223564514 22.100000381469727 31.5 AB 3.8822339041354987 1.0126906256030515
61031.1785 lsst_hardware_u -0.23345876401269489 2.5999999046325684 28.399999618530273 AB 3.7838534418614858 1.0225249133526513
61031.1975 lsst_hardware_g -2.1859014531468426 13.350000381469727 31.40999984741211 AB 3.6463418318231247 1.011187418697222
61034.034 lsst_hardware_y 150.06759402062963 81.69999694824219 29.8700008392334 AB 9.521149953567605 1.6675978550779589
61034.0553 lsst_hardware_g 9.81047470543846 16.09000015258789 31.360000610351562 AB 10.311700903564224 1.453648922075771
61037.1757 lsst_hardware_i -37.88474349881955 32.29999923706055 31.270000457763672 AB 6.146747218212719 1.0132000909141845
61037.1961 lsst_hardware_z -49.19040094477827 40.380001068115234 30.950000762939453 AB 6.07235797594633 1.0105858915658548
61039.1749 lsst_hardware_z 4.969896526325322 46.310001373291016 30.969999313354492 AB 9.406110678772452 1.0114097504056399
61039.1946 lsst_hardware_r -0.5552124225750562 41.220001220703125 31.6200008392334 AB 9.40828730219624 1.0116437959350795
61044.169 lsst_hardware_z -50.4636249552471 90.94999694824219 31.739999771118164 AB 2.55630789942462 1.0099991700610904
61047.1656 lsst_hardware_r -46.09457983951425 50.84000015258789 31.639999389648438 AB 8.032160802818952 1.0101017546669262
61047.1867 lsst_hardware_i -80.76078161796092 46.310001373291016 31.309999465942383 AB 8.185512335431342 1.019472216140904
61050.1352 lsst_hardware_i 32.54844138478982 42.150001525878906 32.0 AB 8.443104343830282 1.0159154930909833
61050.1537 lsst_hardware_z 24.597939533774863 57.06999969482422 31.700000762939453 AB 8.287534904580507 1.0099565233570194
61055.1259 lsst_hardware_i 59.352560329522476 29.950000762939453 31.260000228881836 AB 5.596147784559241 1.013504179276942
61055.1446 lsst_hardware_u -0.8987674173545139 2.7200000286102295 28.5 AB 5.568786479793171 1.0101954279983378
61057.1118 lsst_hardware_g 12.970056515172876 13.180000305175781 31.399999618530273 AB 2.041376170201151 1.0189050013481964
61057.1311 lsst_hardware_r 10.492376408306876 21.739999771118164 31.479999542236328 AB 1.340148313470563 1.0102255017053052
61059.1105 lsst_hardware_i -18.529857347054037 29.709999084472656 31.239999771118164 AB 3.9565303482561514 1.0159928993403466
61059.13 lsst_hardware_r -12.610968155157245 21.809999465942383 31.479999542236328 AB 4.04383560493765 1.0099489522821303
61061.1094 lsst_hardware_u -2.1577701111140914 2.5999999046325684 28.40999984741211 AB 12.850588946021343 1.013559965245137
61061.1289 lsst_hardware_g 15.303278316958664 13.149999618530273 31.389999389648438 AB 12.050384489677135 1.010288502054925
61062.0381 lsst_hardware_y -141.55655309244486 61.90999984741211 30.030000686645508 AB 10.45736313302807 1.1337431232446749
61062.0549 lsst_hardware_z -39.97154653708555 41.5 30.950000762939453 AB 11.731615500302883 1.086260694472489
61065.0905 lsst_hardware_i -40.18543881782793 30.81999969482422 31.25 AB 8.181616634183364 1.0184901979335494
61065.1123 lsst_hardware_z 52.54859518164509 40.630001068115234 30.950000762939453 AB 7.945575992058441 1.009966653652324
61067.0998 lsst_hardware_z 48.61034541391721 43.70000076293945 30.959999084472656 AB 11.455513621695514 1.011018500384989
61067.1177 lsst_hardware_g 29.18512704166298 32.81999969482422 31.670000076293945 AB 11.562726078990433 1.011494087507182
61069.0828 lsst_hardware_z 53.3613476544709 50.20000076293945 30.969999313354492 AB 12.910010252070963 1.0162428368768264
61069.1011 lsst_hardware_r 19.641468181410744 56.349998474121094 31.649999618530273 AB 11.791481914963288 1.0099770376842219
61071.0773 lsst_hardware_i 52.888328827561956 64.33000183105469 31.329999923706055 AB 9.271409449892069 1.016267614807856
61071.096 lsst_hardware_r 65.3128093257689 80.83000183105469 31.65999984741211 AB 8.977054925591917 1.0099628650044346
61072.0875 lsst_hardware_z -2.0975794906980982 89.08999633789062 31.739999771118164 AB 7.6812496344685774 1.0106907413774444
61073.0351 lsst_hardware_y 77.90121488819709 58.470001220703125 30.049999237060547 AB 7.153862410328173 1.0637186375388838
61073.0527 lsst_hardware_i -52.95103739446213 67.9800033569336 31.34000015258789 AB 6.933573000062353 1.0348616418003511
61078.0619 lsst_hardware_u -1.1359997425116182 2.509999990463257 28.329999923706055 AB 6.35571543621257 1.0141020268395762
61078.0796 lsst_hardware_g -6.159093332966272 12.930000305175781 31.3799991607666 AB 6.269277231175249 1.0099927071046209
61084.0524 lsst_hardware_g -11.995974841729058 13.050000190734863 31.399999618530273 AB 2.517355292957361 1.0112906670512647
61084.0697 lsst_hardware_r 19.812746021641956 21.549999237060547 31.479999542236328 AB 2.524713998193344 1.0110314349035616
61088.0323 lsst_hardware_y -19.61611002139054 47.5 30.059999465942383 AB 1.4426916530046314 1.0153841546073654
61088.0492 lsst_hardware_r -53.55156229869117 21.649999618530273 31.489999771118164 AB 1.2936107083952282 1.009975829586385
61090.0304 lsst_hardware_y -24.3909803320811 47.58000183105469 30.059999465942383 AB 6.110866106873598 1.013466654907446
61090.0469 lsst_hardware_g -2.8080100338935434 13.25 31.440000534057617 AB 2.9343729412510986 1.0099952757862891
61092.0314 lsst_hardware_y -117.68717302298107 47.4900016784668 30.059999465942383 AB 3.899627144723213 1.0110518912945847
61092.0499 lsst_hardware_z -49.97336382363386 40.36000061035156 30.950000762939453 AB 3.161971655360265 1.0116420898585112
61094.0381 lsst_hardware_y -9.8535564530476 66.58000183105469 30.809999465942383 AB 7.147344194847448 1.0101896321469133
61103.0056 lsst_hardware_y -16.99771330169577 73.33000183105469 30.079999923706055 AB 3.8023333974970575 1.0102065837882677
61103.0254 lsst_hardware_r -19.488269244447352 72.9000015258789 31.65999984741211 AB 3.7674543434136556 1.0139831364321505
