data/validation/pwv_sim_epoch_fit_4/13956977.ecsv
# %ECSV 0.9
# ---
# datatype:
# - {name: time, datatype: float64}
# - {name: band, datatype: string}
# - {name: flux, datatype: float64}
# - {name: fluxerr, datatype: float64}
# - {name: zp, datatype: float64}
# - {name: zpsys, datatype: string}
# - {name: pwv, datatype: float64}
# - {name: airmass, datatype: float64}
# meta: {SNID: '13956977', alt: 1024.0, c: -0.13782860338687897, dec: -58.540249, lat: -30.244573, lon: -70.7499537, ra: 5.029412, t0: 59861.00390625,
#   x0: 2.1537641672572657e-06, x1: 0.8563861846923828, z: 0.8633062839508057}
# schema: astropy-2.0
time band flux fluxerr zp zpsys pwv airmass
59842.2775 lsst_hardware_u -0.7316286161587521 2.7115868206586438 28.31999969482422 AB 8.159342186994504 1.182513360433986
59842.2895 lsst_hardware_g 4.570036273080955 13.747953581334968 31.34000015258789 AB 8.302005163772462 1.203189154169922
59844.2781 lsst_hardware_r 360.13171896515684 29.770239827265403 31.469999313354492 AB 1.960985564117071 1.1924509359179514
59844.2914 lsst_hardware_z 397.98513094236193 46.73023420986237 30.940000534057617 AB 2.0290651100564143 1.217926236528006
59850.3035 lsst_hardware_g 133.6358071797982 17.46753908054666 31.299999237060547 AB 4.877988931629555 1.2912703427943761
59850.3155 lsst_hardware_r 545.2296725840082 32.968222546761645 31.420000076293945 AB 5.041282439233164 1.3309145349320475
59853.2497 lsst_hardware_g 128.1591762409376 17.52543161009016 31.329999923706055 AB 4.985230981589651 1.186065501785872
59853.2613 lsst_hardware_r 637.4174498386626 33.53398564161715 31.440000534057617 AB 5.694099511692189 1.206717895950644
59858.2491 lsst_hardware_z 517.997472583369 62.2452279256012 30.959999084472656 AB 5.760820205094656 1.2095787104762015
59858.2597 lsst_hardware_r 776.5864250864039 73.16684086903743 31.600000381469727 AB 7.370624848752455 1.2323742257910242
59860.2508 lsst_hardware_i 879.5986626563501 78.12494806456435 31.299999237060547 AB 4.635929447986603 1.2246005409843983
59860.2619 lsst_hardware_r 597.5597065657015 95.0838317009297 31.610000610351562 AB 4.7306669224821505 1.251057895578711
59862.2431 lsst_hardware_z 1190.7321882609203 98.10936531736982 31.719999313354492 AB 3.2284430612686186 1.2197379489713007
59864.2444 lsst_hardware_r 541.5317008738666 71.03440923667436 31.59000015258789 AB 6.791970440919382 1.2349037165307968
59864.2556 lsst_hardware_i 802.5745953387236 62.11241346553361 31.280000686645508 AB 6.9104411208437515 1.2632770204001906
59867.2415 lsst_hardware_z 425.35340772869677 52.93997401497107 30.940000534057617 AB 7.950507680712548 1.247790899405579
59867.2526 lsst_hardware_r 473.17199783817824 48.929209473324875 31.56999969482422 AB 8.081350801204366 1.277885958444713
59869.2262 lsst_hardware_i 643.780966848288 40.51451801165926 31.219999313354492 AB 6.441442121884038 1.2245505673464983
59869.2377 lsst_hardware_u -1.2249906465595561 3.1299067048413676 28.3700008392334 AB 6.541526794417117 1.2520267561925675
59871.1798 lsst_hardware_u 2.491353681391437 2.6749383858637032 28.360000610351562 AB 2.9865524820626472 1.1582518836776292
59871.1897 lsst_hardware_g 44.380146419962884 14.7910132301245 31.350000381469727 AB 3.0393861379633886 1.1701197836240187
59873.1783 lsst_hardware_r 337.2686226026297 28.745880205170995 31.479999542236328 AB 3.0017064898862538 1.1627010290069415
59873.189 lsst_hardware_i 561.9159245819895 39.3563930080562 31.239999771118164 AB 2.9798837196158368 1.1767343897392355
59875.2176 lsst_hardware_u -3.5544312417254535 2.5215406401846496 28.219999313354492 AB 4.384593171249591 1.2426811066366343
59875.2282 lsst_hardware_g 50.42971309615898 14.340117322381191 31.309999465942383 AB 4.447453636973019 1.2705800315130993
59877.2145 lsst_hardware_r 240.71546331725781 27.685152455506234 31.459999084472656 AB 5.611900222604111 1.2485687235103737
59877.2265 lsst_hardware_i 448.8777010014872 38.83438523735201 31.219999313354492 AB 5.724961723350338 1.2814209632209963
59879.1566 lsst_hardware_r 239.25575587207075 27.11219570048604 31.479999542236328 AB 4.309181261302218 1.1568271842422062
59879.1674 lsst_hardware_i 489.7072964789755 38.0945822038463 31.239999771118164 AB 2.8648483726864336 1.169524765172213
59883.1617 lsst_hardware_z 338.49265081909357 47.62023482064402 30.950000762939453 AB 4.2892548963693 1.1767503145046092
59883.1731 lsst_hardware_g 31.12920349015261 18.18388809582747 31.469999313354492 AB 4.114046111300387 1.1950751231083185
59885.2034 lsst_hardware_i 365.32027802982884 47.70404319334891 31.25 AB 4.558698481114633 1.2777516589207858
59885.214 lsst_hardware_r 92.75785696916826 45.75339586200007 31.549999237060547 AB 5.6982715294238915 1.31062538771178
59887.2082 lsst_hardware_z 318.0574243850233 84.5549489039012 31.700000762939453 AB 6.100567153762761 1.3095092631146186
59898.0907 lsst_hardware_u 1.7762268409101143 2.6553983431338124 28.389999389648438 AB 4.807718494459944 1.1446948796333198
59898.0978 lsst_hardware_r 79.04996819134305 23.888377083073554 31.469999313354492 AB 4.831033020490952 1.1502459572597503
59899.051 lsst_hardware_g 33.00215015873029 13.44484007437093 31.360000610351562 AB 6.783133860221158 1.1349992515290017
59899.0635 lsst_hardware_i 188.09524579018552 33.2669428166483 31.229999542236328 AB 6.781476672633292 1.1347219598360128
59901.0535 lsst_hardware_z 166.55419039730802 43.66651833463689 30.940000534057617 AB 7.411075914864859 1.134406232185039
59901.0664 lsst_hardware_r 62.81188205974104 23.56177008228473 31.469999313354492 AB 7.312602388291865 1.136556168525423
59903.0532 lsst_hardware_u -0.5574645514774922 2.5643271098145424 28.299999237060547 AB 7.489336292982041 1.1348052365750083
59903.0649 lsst_hardware_g -24.656365783654092 13.73040219038932 31.360000610351562 AB 7.538923438423563 1.1379936508433355
59905.0567 lsst_hardware_r 50.75952814715358 23.491543082910002 31.459999084472656 AB 4.942378575815509 1.1369630954258605
59905.0704 lsst_hardware_i 152.5132940590029 32.693760403485456 31.229999542236328 AB 5.036552454809092 1.1438910867158307
59907.0574 lsst_hardware_z 144.30514838718094 43.72782804352584 30.940000534057617 AB 8.597015015974852 1.1395327640137474
59907.0706 lsst_hardware_r 36.12389962188402 23.39088915821391 31.469999313354492 AB 8.722563233329137 1.1480581625932265
59911.0995 lsst_hardware_i 153.93951834912434 33.73552834212719 31.229999542236328 AB 4.669797478777701 1.2002563773420223
59911.1116 lsst_hardware_z 180.93710528341316 45.476988787370615 30.93000030517578 AB 4.692496296830817 1.2247684783793675
60127.4444 lsst_hardware_z -103.09502892860185 112.02999877929688 30.989999771118164 AB 8.311708706639408 1.1357896565509134
60133.4087 lsst_hardware_z 24.496304985919057 112.08999633789062 30.989999771118164 AB 1.7907226243725258 1.1349850257471246
60133.4203 lsst_hardware_y 50.18144168861928 120.69999694824219 30.049999237060547 AB 2.499907312726732 1.1344307878054158
60140.4262 lsst_hardware_g 31.843761112446582 91.08000183105469 31.690000534057617 AB 5.238834483918604 1.143871136793305
60140.4374 lsst_hardware_i 1.5019401918827915 90.51000213623047 31.31999969482422 AB 5.290231113096915 1.1529116349847082
60142.4295 lsst_hardware_z 108.32608075608314 112.02999877929688 30.989999771118164 AB 3.1862365628225544 1.1506813155733313
60142.4414 lsst_hardware_r 31.697145900957334 82.58999633789062 31.6200008392334 AB 3.2365048481196066 1.1629553891913784
60144.43 lsst_hardware_u -10.758439331287573 29.850000381469727 29.420000076293945 AB 3.69850786706714 1.1563859928297466
60144.4417 lsst_hardware_g 75.54954003390792 90.7300033569336 31.68000030517578 AB 3.6012434155987525 1.1701847004382624
60147.42 lsst_hardware_z -95.75567993500947 112.01000213623047 30.989999771118164 AB 5.7727999689524125 1.1545599937904825
60147.4317 lsst_hardware_r 59.465294665350335 82.63999938964844 31.6299991607666 AB 5.839098763495334 1.1678197526990668
60153.4283 lsst_hardware_r 111.10174050266207 82.26000213623047 31.6200008392334 AB 4.2721161406006445 1.1866989279446234
60153.4386 lsst_hardware_u -18.8292242332899 28.959999084472656 29.350000381469727 AB 4.337918396570484 1.20497733238069
60158.4021 lsst_hardware_y 166.36655382092647 169.63999938964844 30.790000915527344 AB 2.1912836814834615 1.1683730639741197
60160.1368 lsst_hardware_z -12.164630759525005 214.35000610351562 32.400001525878906 AB 2.5059119901487095 1.8153301468025664
60162.4059 lsst_hardware_z -0.11950559562475767 111.66999816894531 30.979999542236328 AB 3.4257832332028593 1.1903002229039672
60162.4184 lsst_hardware_r -45.71303602135654 82.06999969482422 31.610000610351562 AB 3.4132114725352976 1.2136582218331033
60164.3961 lsst_hardware_z -160.53552467301932 111.68000030517578 30.979999542236328 AB 1.656518003220481 1.1832271451574865
60164.4074 lsst_hardware_r -131.80095079353651 82.0999984741211 31.610000610351562 AB 1.6838473807126433 1.2027481290804596
60165.3987 lsst_hardware_i 161.02594752662975 90.0199966430664 31.309999465942383 AB 4.585974666766938 1.1919878704124773
60165.4099 lsst_hardware_z -69.02586236906146 111.37999725341797 30.979999542236328 AB 4.751012566072023 1.2130244849545593
60168.3049 lsst_hardware_r 151.54025693073177 83.08999633789062 31.639999389648438 AB 2.854663777988384 1.1372784879606261
60168.3175 lsst_hardware_z 66.13807544631233 112.2699966430664 31.0 AB 2.8364120510642086 1.1344135652836456
60176.3692 lsst_hardware_u 31.98553305968844 28.989999771118164 29.350000381469727 AB 3.099167610288814 1.1929051617739854
60176.3799 lsst_hardware_g -16.887294226904427 89.48999786376953 31.649999618530273 AB 1.9776376493768215 1.213088574989616
60178.3291 lsst_hardware_g 116.88081837251441 91.31999969482422 31.700000762939453 AB 2.096108491028398 1.1488673560035068
60178.3394 lsst_hardware_r -19.333321877812818 82.80000305175781 31.6299991607666 AB 2.284652544328471 1.1587417807244993
60179.3721 lsst_hardware_z 226.80382389581752 111.41999816894531 30.979999542236328 AB 2.444267991685029 1.2138896618888526
60179.3828 lsst_hardware_r -41.256696217293246 81.76000213623047 31.600000381469727 AB 2.782416797808584 1.2376381338016138
60181.3786 lsst_hardware_u -12.683593214780805 28.520000457763672 29.31999969482422 AB 2.615960934577539 1.2406739077911022
60181.3906 lsst_hardware_r -143.01283397733155 81.43000030517578 31.59000015258789 AB 2.855524259944596 1.2722317932477594
60183.3645 lsst_hardware_i -91.89947277239395 89.86000061035156 31.299999237060547 AB 3.3541674162589152 1.2208811270051863
60183.3747 lsst_hardware_z -11.245578045354673 111.18000030517578 30.969999313354492 AB 3.3680413964840765 1.2445035336189467
60185.3059 lsst_hardware_r 41.48255056723396 82.52999877929688 31.6200008392334 AB 7.9945816968889325 1.1456701382025531
60185.3162 lsst_hardware_z -161.84275194128426 111.76000213623047 30.989999771118164 AB 8.059150660937172 1.1545096270756512
60193.0874 lsst_hardware_i 84.17300336600677 87.55000305175781 31.25 AB 1.9948282485339688 1.5211246732164723
60198.3018 lsst_hardware_z 56.75679873414078 111.54000091552734 30.979999542236328 AB 2.861838054570352 1.1809510541555786
60198.3129 lsst_hardware_r -68.40685785617389 81.94999694824219 31.610000610351562 AB 2.91751312853495 1.1996353324572133
60200.1172 lsst_hardware_z 101.31757964621167 191.82000732421875 32.15999984741211 AB 3.308458257677203 1.3069161594616643
60200.1266 lsst_hardware_i 147.26855377320072 154.72000122070312 32.47999954223633 AB 4.682590438041514 1.2779414431771245
60202.295 lsst_hardware_r -186.76089507691384 82.5199966430664 31.6200008392334 AB 2.135898690727749 1.1874900059642786
60202.3072 lsst_hardware_z -29.80079507519443 111.69999694824219 30.979999542236328 AB 2.1739207372272116 1.2096378024077965
60204.2988 lsst_hardware_r -40.03846528485753 82.08999633789062 31.610000610351562 AB 1.3355387041686237 1.2039110914981583
60204.3103 lsst_hardware_u -31.880102052602332 28.6299991607666 29.329999923706055 AB 1.3836265235583969 1.2277984384159755
60208.2755 lsst_hardware_u 28.250401446782774 29.1299991607666 29.360000610351562 AB 4.5718621037605125 1.1825055554505044
60208.2881 lsst_hardware_g -132.75328970263388 89.62000274658203 31.649999618530273 AB 4.547874647798027 1.204336219211659
60210.2792 lsst_hardware_r 82.59198615538345 81.94999694824219 31.610000610351562 AB 2.0951838535587988 1.197932449147256
60210.2909 lsst_hardware_i 52.483385780262886 89.66000366210938 31.299999237060547 AB 2.1311006374228305 1.2211444775607392
60214.2733 lsst_hardware_z 200.69783899500507 157.91000366210938 31.739999771118164 AB 4.5983851882932925 1.2074006008385303
60216.2441 lsst_hardware_z -16.17070760782133 157.9199981689453 31.729999542236328 AB 5.385485858117849 1.1688520581916113
60222.2487 lsst_hardware_z -58.07994472164742 111.66999816894531 30.979999542236328 AB 8.059705357761421 1.202118753255075
60222.2606 lsst_hardware_u -42.92644256687063 28.989999771118164 29.350000381469727 AB 8.15360499233208 1.2265671293467217
60228.2436 lsst_hardware_i 93.23606843326745 89.94999694824219 31.299999237060547 AB 4.410706692830403 1.2251963035640008
60228.2543 lsst_hardware_u -4.938762069356911 28.68000030517578 29.329999923706055 AB 5.2202515204962285 1.2507341169203303
60237.0986 lsst_hardware_r 85.84305336450073 117.02999877929688 32.380001068115234 AB 3.6824525620388164 1.1478072351091144
60237.1101 lsst_hardware_i 37.52351792438278 128.1699981689453 32.06999969482422 AB 3.712500702174422 1.1402029183582376
60239.2222 lsst_hardware_g 8.205590528965338 89.4000015258789 31.649999618530273 AB 3.0131329571209107 1.2455251631229303
60239.2333 lsst_hardware_r 29.29736411246297 81.47000122070312 31.59000015258789 AB 3.0920333170129624 1.2752844063984694
60241.2184 lsst_hardware_i -200.56170043998983 89.5199966430664 31.290000915527344 AB 2.1176378786942305 1.2497125279989556
60241.2289 lsst_hardware_z -10.250291633775019 110.8499984741211 30.969999313354492 AB 2.298483543128527 1.2783556969569116
60243.1611 lsst_hardware_i 65.0194333539461 90.41999816894531 31.31999969482422 AB 2.985044334328823 1.1578915183587366
60243.1727 lsst_hardware_z 137.3407257439901 111.75 30.989999771118164 AB 1.4817591251253395 1.1719687253829354
60245.2164 lsst_hardware_z 0.44685391092650617 111.16999816894531 30.969999313354492 AB 3.368796855818988 1.2738077347437564
60245.2275 lsst_hardware_r 16.644002245720603 81.37000274658203 31.59000015258789 AB 3.528386605615361 1.3077785788048037
60247.1629 lsst_hardware_g 155.44381724475704 90.87000274658203 31.68000030517578 AB 6.513618274606882 1.1735191918939278
60247.1745 lsst_hardware_r -111.84222983000564 82.5 31.6200008392334 AB 6.18464000934565 1.1914924240969966
60249.1622 lsst_hardware_i -48.539237675167826 90.19999694824219 31.309999465942383 AB 5.433834772054861 1.1804557960943252
60249.1733 lsst_hardware_z -240.92502791142323 111.55000305175781 30.979999542236328 AB 5.285929519673932 1.1990313076270684
60251.2031 lsst_hardware_g -79.99415511263443 88.4000015258789 31.6200008392334 AB 4.80340809233437 1.2827902503229722
60251.2141 lsst_hardware_r 32.36999468591335 80.87999725341797 31.579999923706055 AB 6.033172945681436 1.3177182364707734
60261.0699 lsst_hardware_r -44.26493837438172 82.88999938964844 31.6299991607666 AB 4.95374185470563 1.1344230502561359
60261.081 lsst_hardware_u 4.087568826547325 30.030000686645508 29.43000030517578 AB 4.959417846111555 1.1365687741747577
60263.1519 lsst_hardware_i 87.03062453517286 89.87999725341797 31.299999237060547 AB 5.175947713756933 1.2340334690670587
60263.1621 lsst_hardware_z 199.83366035248162 111.25 30.979999542236328 AB 5.273977893931021 1.2595827391217485
60265.0517 lsst_hardware_r -119.97990224090522 82.83999633789062 31.6299991607666 AB 4.16782723679453 1.1345657375240317
60265.0639 lsst_hardware_z 33.70606188885583 112.0199966430664 30.989999771118164 AB 4.154188776168338 1.1350242557839878
60268.0567 lsst_hardware_r 47.02636828127298 82.76000213623047 31.6299991607666 AB 7.403300066618919 1.1352143014060785
60268.0698 lsst_hardware_y 252.396857749161 120.43000030517578 30.040000915527344 AB 7.470796021357013 1.1398544469966199
60270.0527 lsst_hardware_z -54.73992391941803 111.9800033569336 30.989999771118164 AB 5.046885261836214 1.1355349897257765
60270.0658 lsst_hardware_r 47.03771814096622 82.72000122070312 31.6299991607666 AB 5.101434412627233 1.1406225629127407
60272.0537 lsst_hardware_i -58.07812309021389 90.5 31.31999969482422 AB 8.619929939838576 1.137544090947711
60272.066 lsst_hardware_z 27.734585120709617 111.93000030517578 30.989999771118164 AB 8.631648761269604 1.1440729117172754
