data/validation/pwv_sim_epoch_fit_4/13996075.ecsv
# %ECSV 0.9
# ---
# datatype:
# - {name: time, datatype: float64}
# - {name: band, datatype: string}
# - {name: flux, datatype: float64}
# - {name: fluxerr, datatype: float64}
# - {name: zp, datatype: float64}
# - {name: zpsys, datatype: string}
# - {name: pwv, datatype: float64}
# - {name: airmass, datatype: float64}
# meta: {SNID: '13996075', alt: 1024.0, c: -0.09483836591243744, dec: -5.829153, lat: -30.244573, lon: -70.7499537, ra: 76.289062, t0: 62826.203125,
#   x0: 5.292538974559914e-06, x1: -0.9607617259025574, z: 0.598884642124176}
# schema: astropy-2.0
time band flux fluxerr zp zpsys pwv airmass
62770.3664 lsst_hardware_r 25.523799795844443 22.90999984741211 31.479999542236328 AB 4.654571645076091 1.115580006010088
62770.3782 lsst_hardware_y 72.08656752684706 48.0 30.020000457763672 AB 3.5656887569456437 1.104384293912547
62775.3678 lsst_hardware_g 15.668802541703585 14.170000076293945 31.420000076293945 AB 4.600541318569001 1.1023441189838066
62775.3871 lsst_hardware_y -48.054856128022664 54.11000061035156 30.040000915527344 AB 4.59220527315535 1.0992711605398804
62777.3587 lsst_hardware_i -12.035406497399325 31.299999237060547 31.239999771118164 AB 3.203506628770113 1.1046574581965907
62777.3766 lsst_hardware_y -76.71931098942856 49.22999954223633 30.030000686645508 AB 2.8642091948721733 1.0985907542819817
62779.3426 lsst_hardware_g -8.06127631987227 13.960000038146973 31.40999984741211 AB 8.47143577801924 1.1146626023709527
62779.3609 lsst_hardware_y 79.39478147022463 47.83000183105469 30.030000686645508 AB 8.363291820406651 1.1004331342640332
62784.3717 lsst_hardware_z -89.94130835232488 78.6500015258789 31.719999313354492 AB 3.3096184203257737 1.1032061401085913
62786.3561 lsst_hardware_r 47.638377037608045 91.63999938964844 31.639999389648438 AB 6.050130011934034 1.0990577998608972
62786.3751 lsst_hardware_y 46.69180443947581 58.34000015258789 30.040000915527344 AB 6.591152006481806 1.1103692733291453
62790.3246 lsst_hardware_i 94.14489648694355 64.68000030517578 31.31999969482422 AB 7.754448437614078 1.1037051506508
62790.3425 lsst_hardware_z 25.422370845734868 60.75 30.979999542236328 AB 8.020670860968993 1.0986718680839678
62792.3211 lsst_hardware_z 69.20477124394634 49.939998626708984 30.969999313354492 AB 6.8278094630077755 1.1025043537877885
62792.3392 lsst_hardware_r 20.364363562359117 49.290000915527344 31.6200008392334 AB 7.171621259484377 1.0989586912759461
62798.3477 lsst_hardware_r -74.89743364646965 23.098612247401615 31.479999542236328 AB 3.998947490906965 1.1163488087024516
62798.3615 lsst_hardware_i -46.81687973991602 32.521327764185415 31.239999771118164 AB 4.055842997176615 1.1377370603140997
62802.3179 lsst_hardware_u 4.932656139814839 2.9558114714509 28.510000228881836 AB 3.174791070645272 1.1007654680072116
62802.3353 lsst_hardware_g -14.286498419734984 14.06933009825315 31.40999984741211 AB 3.699537038084629 1.114570170395309
62808.3072 lsst_hardware_i 338.4331053049119 36.31338672564541 31.25 AB 5.298513575463191 1.1038569948881647
62808.3257 lsst_hardware_r 402.22974021531365 30.72634671341192 31.489999771118164 AB 5.392895807813549 1.123519959961156
62816.1629 lsst_hardware_z 1630.4004102292108 131.24575931843415 31.709999084472656 AB 3.7787382810370205 1.3811177927775247
62816.1886 lsst_hardware_r 3297.173390696822 185.14825885945746 32.36000061035156 AB 0.8812986327560859 1.2478564711590598
62818.2717 lsst_hardware_i 1121.3627952875877 84.3952174315796 31.31999969482422 AB 4.94845512879351 1.0998196315290536
62818.2906 lsst_hardware_z 1079.864846500925 75.53432435749394 30.979999542236328 AB 5.006213408230466 1.1133990825629327
62821.2735 lsst_hardware_z 2112.7895338171925 82.56367544975694 31.700000762939453 AB 6.53050708694879 1.1051096075217413
62828.2606 lsst_hardware_z 1157.6876397013184 53.24909555858903 30.940000534057617 AB 6.868588162595 1.1105235509452511
62828.2801 lsst_hardware_u 4.007346037932064 2.858945624779169 28.329999923706055 AB 6.9687249898012364 1.138680553889091
62830.2226 lsst_hardware_r 1724.0154304389948 47.219019144552774 31.489999771118164 AB 6.840960251079642 1.1000686510098052
62830.2416 lsst_hardware_g 382.5858926814036 23.747602527145236 31.40999984741211 AB 6.834060503061703 1.1008178211058073
62834.1865 lsst_hardware_z 1036.5897893649849 53.08700490317355 30.950000762939453 AB 4.905234782275073 1.1223937416539715
62834.2055 lsst_hardware_i 1233.2567648128268 47.327327575506324 31.25 AB 4.774326305897644 1.1030403479161774
62837.2232 lsst_hardware_z 914.8211080433558 52.098277341298754 30.940000534057617 AB 6.937140559051254 1.1011334220716276
62837.2425 lsst_hardware_g 170.13895548113615 19.390293774239485 31.399999618530273 AB 7.0430741432151835 1.1179482767008229
62839.2185 lsst_hardware_r 1113.2004580870137 50.368868448140226 31.59000015258789 AB 4.80637625526464 1.1014956469037005
62839.2367 lsst_hardware_i 1107.1906094596866 49.83415785605128 31.270000457763672 AB 4.830444484419433 1.1175117372861616
62841.2308 lsst_hardware_z 1654.3854535166208 90.45800428225414 31.719999313354492 AB 5.932982618360651 1.1169544158443723
62843.1484 lsst_hardware_r 1173.5229892197829 117.15690493200384 31.639999389648438 AB 4.240791850639247 1.1461599596322287
62843.1666 lsst_hardware_z 742.2605332219988 82.93269096267062 30.989999771118164 AB 4.1297993462864335 1.1161619854828198
62850.1929 lsst_hardware_z 636.7084333668761 54.43581697619112 30.959999084472656 AB 8.801663936676293 1.1040894935182377
62850.2104 lsst_hardware_i 588.3019062002008 51.5062018965506 31.290000915527344 AB 9.057847018416531 1.1225850753224416
62852.1598 lsst_hardware_u -1.7131131369947445 2.9181977100392538 28.479999542236328 AB 10.328871313728056 1.1011785547427575
62852.1793 lsst_hardware_g 45.99752480135082 22.371976115279303 31.559999465942383 AB 9.378432991174892 1.0999481590587765
62854.1571 lsst_hardware_r 617.9194107282269 40.88761609662387 32.25 AB 3.7277915269246327 1.1000491411069981
62854.1776 lsst_hardware_i 905.5015534087324 53.02158762476321 32.0 AB 5.670607728723045 1.1015166528212814
62856.1567 lsst_hardware_z 536.509444896001 47.706706750433305 30.950000762939453 AB 4.589134179361713 1.0987990373187388
62856.1768 lsst_hardware_u 7.270271556363848 3.4442194428436457 28.479999542236328 AB 5.326311545769911 1.1042802099037312
62859.1298 lsst_hardware_r 201.16020136557452 27.450639829047446 31.489999771118164 AB 6.945719458622286 1.1087428300139335
62859.1494 lsst_hardware_g 96.1390985864398 16.652980708552622 31.420000076293945 AB 6.827241799890538 1.0986871258273059
62862.1307 lsst_hardware_r 144.70118550817392 26.581233098466903 31.489999771118164 AB 5.355000808005642 1.1020787832899037
62862.1518 lsst_hardware_i 227.25349698987185 35.2273501365347 31.25 AB 5.338533938369123 1.099878225777826
62867.1223 lsst_hardware_z 330.2968530684611 48.45743557923074 30.950000762939453 AB 7.621273042961602 1.0998095198389526
62867.1437 lsst_hardware_g 69.33956487040703 29.042800267758334 31.6200008392334 AB 7.678648347408964 1.1023552415823252
62869.1253 lsst_hardware_r 313.9568392400398 81.82855482494415 32.380001068115234 AB 4.197858576704469 1.0985563825199782
62869.147 lsst_hardware_i 323.9087960476853 74.61773747421479 32.04999923706055 AB 4.247091116884321 1.1089010749045218
62871.1348 lsst_hardware_z 564.7551094152379 97.10939442172075 31.729999542236328 AB 12.537174719291786 1.1035759622632613
62873.0887 lsst_hardware_r 244.12355235674684 113.96748584206526 31.639999389648438 AB 9.759569298736347 1.1115788075516677
62873.1101 lsst_hardware_z 139.34761818683518 80.81813494678318 30.989999771118164 AB 9.649096124862039 1.0988190242402862
62875.0884 lsst_hardware_r 93.13438870925694 103.27042725189744 31.649999618530273 AB 7.232756599193621 1.1067299030937794
62875.1093 lsst_hardware_i 138.54816433172655 82.54542192977017 31.329999923706055 AB 7.2008340334626935 1.0985673036290788
62880.0839 lsst_hardware_z 172.88252596672004 44.396632861394735 30.940000534057617 AB 7.622747355805574 1.1009167180539534
62880.1037 lsst_hardware_i 190.00884804839765 32.84256526726035 31.239999771118164 AB 7.54252402795236 1.10024176231922
62882.079 lsst_hardware_u 16.63640425863741 4.353364578369535 28.40999984741211 AB 3.6831299353196196 1.1006738693521463
62882.0981 lsst_hardware_g 29.624072218339883 15.027215773775973 31.399999618530273 AB 4.149088994318958 1.1001893256397632
62884.0767 lsst_hardware_r 90.55078838477085 24.861919410244997 31.5 AB 4.288257569105414 1.0995532228475422
62884.0968 lsst_hardware_i 162.2451569010413 33.18338138151125 31.25 AB 4.347993238665334 1.1020830717103691
62888.0452 lsst_hardware_y 146.87596502061962 51.29658440040919 30.020000457763672 AB 12.0353877297293 1.1143877527527128
62888.0662 lsst_hardware_g 33.53496515311601 15.435968673881632 31.3799991607666 AB 11.87388468826956 1.0994337674323666
62890.0434 lsst_hardware_y 55.15890565560578 51.99200476967216 30.030000686645508 AB 14.362512556050266 1.110424845356342
62890.0626 lsst_hardware_i 126.54918611193736 32.39920427859296 31.239999771118164 AB 14.227654085144398 1.0990000065768901
62898.0405 lsst_hardware_z 235.78524823382648 85.39277223833822 31.729999542236328 AB 9.411703415545619 1.099048685180781
63136.3715 lsst_hardware_z 5.4404511280477905 42.349998474121094 30.940000534057617 AB 5.4806468620421835 1.1080968180433044
63136.3913 lsst_hardware_y 80.71156578969364 56.40999984741211 30.040000915527344 AB 6.194852914745786 1.098637901645623
63139.3262 lsst_hardware_r -30.876227083999872 115.58000183105469 32.369998931884766 AB 4.3868805233462425 1.17304111861655
63139.3472 lsst_hardware_y 17.97504325147605 75.20999908447266 30.780000686645508 AB 3.61896771795785 1.1282243742984777
63146.3728 lsst_hardware_i 70.28484200520266 48.099998474121094 31.299999237060547 AB 3.9587229210143593 1.099645255837322
63148.3587 lsst_hardware_i 56.448609880391615 34.779998779296875 31.260000228881836 AB 3.142620552829457 1.0986263075788252
63148.3773 lsst_hardware_y 17.578907953881075 51.290000915527344 30.030000686645508 AB 3.1582211495300827 1.1046593737425163
63150.3587 lsst_hardware_g 15.624388836960817 16.040000915527344 31.469999313354492 AB 4.770102794349723 1.0989121221792044
63150.3767 lsst_hardware_y 86.24893100149045 52.529998779296875 30.030000686645508 AB 5.212007823041538 1.1086233316168899
63152.3583 lsst_hardware_i 7.446544959313321 31.049999237060547 31.239999771118164 AB 6.040692399836623 1.1002748671569889
63152.3758 lsst_hardware_y -41.96307863291397 53.209999084472656 30.020000457763672 AB 6.242275062496592 1.1132672584186771
63154.3523 lsst_hardware_u 3.4036986692494717 2.630000114440918 28.360000610351562 AB 6.445360245498241 1.1000785535924242
63154.3708 lsst_hardware_z -25.49617358631192 44.63999938964844 30.950000762939453 AB 6.560384801049432 1.1137859371917944
63164.3091 lsst_hardware_i 28.498565575978226 30.739999771118164 31.25 AB 4.171347204608589 1.099700480146383
63164.3277 lsst_hardware_r 6.884813822884849 22.56999969482422 31.479999542236328 AB 4.174289247561722 1.1011776686834327
63167.3106 lsst_hardware_z -148.9487398335473 55.02000045776367 30.969999313354492 AB 3.2067976176489696 1.0986886912715956
63167.3279 lsst_hardware_g 26.961403586723446 52.06999969482422 31.68000030517578 AB 3.185929898886099 1.106545840423338
63169.3116 lsst_hardware_r -151.8713403237616 102.55000305175781 31.639999389648438 AB 4.924886511770534 1.1001645284867365
63169.328 lsst_hardware_i -13.381618301179381 81.37999725341797 31.31999969482422 AB 4.982601710928416 1.11175360315251
63171.3088 lsst_hardware_i -54.1001867483147 86.7300033569336 31.31999969482422 AB 6.012956788215591 1.1012741370358226
63171.3279 lsst_hardware_z -32.62894319702842 75.66999816894531 30.979999542236328 AB 6.078475232242557 1.118051851424222
63180.2743 lsst_hardware_z 36.27012976230803 41.869998931884766 30.940000534057617 AB 10.39386992211346 1.0986209730057945
63180.2921 lsst_hardware_i -11.163044564981805 31.299999237060547 31.25 AB 11.476121434605094 1.1062921323184165
63185.2655 lsst_hardware_r -32.070251463909 23.040000915527344 31.489999771118164 AB 4.994136940140706 1.099404584059711
63185.2834 lsst_hardware_i -2.058891291811182 31.149999618530273 31.239999771118164 AB 5.163816712215417 1.1107968189761586
63188.2659 lsst_hardware_i 5.951366625152783 30.90999984741211 31.239999771118164 AB 4.412747307660215 1.1031868269150538
63188.2859 lsst_hardware_z -26.299393748979472 42.13999938964844 30.940000534057617 AB 4.496791937777626 1.1241979844444066
63190.256 lsst_hardware_r -8.115946207577922 23.15999984741211 31.479999542236328 AB 4.800612789956986 1.1008475727019047
63190.2766 lsst_hardware_g -5.6302607088055625 14.170000076293945 31.399999618530273 AB 4.850909176586149 1.1187951204888293
63192.2569 lsst_hardware_r 2.546336242558137 23.100000381469727 31.489999771118164 AB 3.1984981998492152 1.104453798290475
63192.2767 lsst_hardware_i 27.38427148052613 31.25 31.239999771118164 AB 3.608885086854922 1.1268375583435435
63196.2253 lsst_hardware_r -119.73285051299156 75.58999633789062 31.6299991607666 AB 5.7663034676664395 1.0988667875495837
63196.2438 lsst_hardware_z 15.387585169347707 59.470001220703125 30.969999313354492 AB 5.82617971200044 1.1030253146536235
63198.0929 lsst_hardware_y -79.73394253794159 68.1500015258789 29.860000610351562 AB 6.092417296776263 1.5753535502781273
63200.2296 lsst_hardware_i -145.60422501010197 98.94000244140625 31.329999923706055 AB 6.0277035143700495 1.1012521264948976
63200.2495 lsst_hardware_z 1.3196528541702859 86.18000030517578 30.989999771118164 AB 6.104094562023785 1.11905913505683
63203.2247 lsst_hardware_r 16.525664224868972 65.30999755859375 31.6299991607666 AB 6.958916764310126 1.10302968951552
63203.2425 lsst_hardware_z -53.86026242557809 55.459999084472656 30.969999313354492 AB 7.071521905070095 1.1206728476738437
63205.2206 lsst_hardware_r 41.234307945170166 42.689998626708984 31.600000381469727 AB 2.899661690523804 1.1038970935656083
63205.2391 lsst_hardware_i 5.915659888028503 42.040000915527344 31.280000686645508 AB 3.009612247545282 1.1236185355778538
63209.2221 lsst_hardware_u 3.6036249753636365 2.680000066757202 28.399999618530273 AB 6.0786997275985915 1.1154771417613252
63209.2414 lsst_hardware_g -27.146498647798353 14.180000305175781 31.389999389648438 AB 6.429760294792109 1.1472837021576356
63212.1498 lsst_hardware_g -3.148390524173132 14.229999542236328 31.399999618530273 AB 13.331678138390636 1.1252102129773076
63212.1678 lsst_hardware_r -16.385712252888034 23.209999084472656 31.479999542236328 AB 14.0333343939272 1.1049869601517481
63217.1477 lsst_hardware_r 11.143293136446337 23.3799991607666 31.489999771118164 AB 10.429709678573483 1.1105970747329752
63217.1658 lsst_hardware_g -31.988343210864567 14.300000190734863 31.40999984741211 AB 10.328325420993204 1.099294026803114
63219.1483 lsst_hardware_r -82.48588822614093 23.440000534057617 31.5 AB 3.607329381930052 1.1052713540962904
63219.1676 lsst_hardware_i 4.602387520941131 31.309999465942383 31.25 AB 5.661413949122519 1.098592616259221
63221.1531 lsst_hardware_z 104.16183057898125 43.630001068115234 30.950000762939453 AB 4.588623150660589 1.0997958297466808
63221.171 lsst_hardware_i -58.49441651813995 33.72999954223633 31.260000228881836 AB 5.274464629173233 1.10068126652177
63223.1558 lsst_hardware_z 32.47914449238869 69.41999816894531 31.709999084472656 AB 5.206259770462708 1.0985601766408675
63225.1268 lsst_hardware_y -115.36100366609078 55.18000030517578 30.030000686645508 AB 7.050509515899933 1.1096611474955629
63225.1475 lsst_hardware_r 96.96307908187431 84.08999633789062 31.639999389648438 AB 7.029337577910783 1.0986773332151896
63227.1299 lsst_hardware_i 22.331029869087832 98.18000030517578 31.329999923706055 AB 5.3710369385060295 1.1029389472777922
63227.1507 lsst_hardware_z 57.168371429074035 83.44999694824219 30.989999771118164 AB 5.342863469405276 1.0993546233343487
63230.1196 lsst_hardware_r -102.71714424721856 98.12000274658203 31.649999618530273 AB 8.158695020863227 1.1043046826575267
63230.1397 lsst_hardware_z -99.81354385586981 69.37000274658203 30.989999771118164 AB 8.581589029384448 1.0987950101644621
