data/validation/pwv_sim_epoch_fit_4/14137012.ecsv
# %ECSV 0.9
# ---
# datatype:
# - {name: time, datatype: float64}
# - {name: band, datatype: string}
# - {name: flux, datatype: float64}
# - {name: fluxerr, datatype: float64}
# - {name: zp, datatype: float64}
# - {name: zpsys, datatype: string}
# - {name: pwv, datatype: float64}
# - {name: airmass, datatype: float64}
# meta: {SNID: '14137012', alt: 1024.0, c: 0.015022057108581066, dec: -27.615883, lat: -30.244573, lon: -70.7499537, ra: 347.167969, t0: 62069.7578125,
#   x0: 4.0257997315989346e-05, x1: -0.1977149099111557, z: 0.2534160614013672}
# schema: astropy-2.0
time band flux fluxerr zp zpsys pwv airmass
61926.3583 lsst_hardware_r 33.621561507646454 41.150001525878906 31.579999923706055 AB 6.188854195882951 1.173149835725441
61926.3769 lsst_hardware_z -11.684686682214448 42.2599983215332 30.940000534057617 AB 5.106371713823447 1.1100808073529234
61928.3573 lsst_hardware_r 127.25365140758475 76.83000183105469 31.6200008392334 AB 2.7221426209750517 1.1563083699717034
61928.3759 lsst_hardware_y 63.12627677097123 51.790000915527344 30.030000686645508 AB 1.2310111947076412 1.0975655202088574
61950.2365 lsst_hardware_r -42.33052863702914 24.780000686645508 31.40999984741211 AB 4.2141884487133945 1.5211846163083016
61950.2434 lsst_hardware_u -1.5105352411044284 2.450000047683716 28.09000015258789 AB 4.071355454583397 1.4604886241479473
61958.2679 lsst_hardware_r 36.419544832005826 96.25 31.6200008392334 AB 1.8765324833709731 1.1853031793057658
61958.2885 lsst_hardware_i -74.83674276154228 73.83000183105469 31.31999969482422 AB 1.7678376016264528 1.1131310326118917
61960.2287 lsst_hardware_i 11.37994695204705 91.9800033569336 31.270000457763672 AB 2.924483996974854 1.3654646886774153
61960.2476 lsst_hardware_z 47.835704552781216 76.73999786376953 30.959999084472656 AB 2.6872991505416755 1.2534044545437828
61962.2611 lsst_hardware_z -57.05740346984451 72.37000274658203 30.979999542236328 AB 10.166732714530017 1.1689594658690987
61962.282 lsst_hardware_r -314.18961942717806 95.5999984741211 31.649999618530273 AB 9.549833457219968 1.1005070630223144
61965.2648 lsst_hardware_i -64.20373617456941 49.0 31.290000915527344 AB 7.058229712033644 1.1272426274908
61965.2841 lsst_hardware_z 14.960201022714518 50.63999938964844 30.969999313354492 AB 6.684272219723827 1.074555456912439
61976.2661 lsst_hardware_i -34.363498162346865 30.600000381469727 31.239999771118164 AB 6.292943944353735 1.0498154831263529
61976.2864 lsst_hardware_r -36.90137559966684 22.739999771118164 31.489999771118164 AB 6.01015029259016 1.0202835489910866
61978.2622 lsst_hardware_u -5.700710499216396 2.569999933242798 28.31999969482422 AB 2.0092307915463614 1.0470196933543572
61978.2804 lsst_hardware_g 15.111663895914711 14.229999542236328 31.420000076293945 AB 2.042788991667211 1.020884053806702
61979.2644 lsst_hardware_r 29.690292719340775 22.799999237060547 31.479999542236328 AB 2.614606572863696 1.0387789324051235
61979.2831 lsst_hardware_i 37.313943006064214 30.25 31.239999771118164 AB 2.612572930906813 1.0152814265643888
61981.1493 lsst_hardware_r -30.86146327093793 35.7599983215332 31.469999313354492 AB 8.580630811815043 1.54557226312695
61981.1681 lsst_hardware_z -37.96925452730335 47.720001220703125 30.920000076293945 AB 6.705331951917714 1.3883393450836408
61983.151 lsst_hardware_z 2.355256403178393 52.790000915527344 30.90999984741211 AB 6.042726797228505 1.4800326890382915
61983.1704 lsst_hardware_i -57.49314182172471 45.310001373291016 31.25 AB 6.148867978496128 1.3358392306096303
61986.1788 lsst_hardware_y 73.50262101316848 56.099998474121094 29.989999771118164 AB 1.5149065215187647 1.2424055671285659
61986.1863 lsst_hardware_r -81.15143995625921 90.02999877929688 31.6200008392334 AB 1.471245775894061 1.2072585688408597
61987.1707 lsst_hardware_i 195.17549294731145 88.44000244140625 31.299999237060547 AB 2.0846980965409494 1.2701247541882308
61987.1888 lsst_hardware_z -27.720384996262947 75.8499984741211 30.979999542236328 AB 1.9655257760842275 1.1850034823658928
61990.1549 lsst_hardware_z -80.3781729407303 90.25 30.959999084472656 AB 5.069511090518612 1.3134582668240637
61990.1733 lsst_hardware_r 137.514047847845 126.81999969482422 31.610000610351562 AB 4.009635724565316 1.21660797225679
61992.1565 lsst_hardware_z 206.24255766443696 66.91999816894531 30.950000762939453 AB 5.513742651998043 1.2730876592006564
61992.1743 lsst_hardware_r 18.590957286554453 83.19999694824219 31.610000610351562 AB 4.94929936369087 1.1884974058330753
61994.1544 lsst_hardware_i -28.734490946116104 42.099998474121094 31.260000228881836 AB 3.99195970111675 1.25533323934489
61994.1723 lsst_hardware_z -93.43249068819645 49.06999969482422 30.950000762939453 AB 3.1949378884680817 1.1745375486066105
62009.1611 lsst_hardware_r -4.727905135447751 26.049999237060547 31.530000686645508 AB 2.1596948331962524 1.0813342511935173
62009.1736 lsst_hardware_u -0.6880867397385572 3.1700000762939453 28.610000610351562 AB 2.3310629906412776 1.054302573786195
62011.1727 lsst_hardware_i 2.3741861624970415 37.790000915527344 31.280000686645508 AB 5.638934057634901 1.0459741964604952
62011.19 lsst_hardware_r -36.534413971518774 36.83000183105469 31.600000381469727 AB 5.5135964220757305 1.0212254902900038
62024.0555 lsst_hardware_r 31.175577539676063 24.579999923706055 31.459999084472656 AB 3.2331034749756786 1.3551254523124268
62024.0728 lsst_hardware_u 0.8776131118076133 2.700000047683716 28.350000381469727 AB 2.9415020255687323 1.253748110635138
62030.0799 lsst_hardware_u 1.6240700608460814 2.7699999809265137 28.440000534057617 AB 0.3118243136512591 1.1524150797089958
62030.0955 lsst_hardware_r 20.114277185093723 23.610000610351562 31.5 AB 1.3629377780609269 1.1028491798191118
62035.0678 lsst_hardware_u -2.895249071156628 2.630000114440918 28.31999969482422 AB 2.958753065985928 1.1469146490883115
62035.0837 lsst_hardware_g 8.160310073138772 14.470000267028809 31.420000076293945 AB 3.579243224474112 1.0977590015254977
62037.0692 lsst_hardware_r 16.597046116500234 24.610000610351562 31.489999771118164 AB 3.4297762698790715 1.1241482366040114
62037.0852 lsst_hardware_i 7.991356360703418 31.600000381469727 31.25 AB 3.986404105942708 1.0800092400901382
62039.0729 lsst_hardware_z -10.370804185404502 43.38999938964844 30.940000534057617 AB 3.239064504306828 1.0974299523316375
62039.0895 lsst_hardware_r -2.3615321047249203 30.059999465942383 31.549999237060547 AB 3.8722984929666504 1.0585835136593749
62041.0788 lsst_hardware_z 62.28651898852606 48.220001220703125 30.959999084472656 AB 4.802854319754082 1.0695986162320723
62041.0996 lsst_hardware_r 56.63199200555383 47.400001525878906 31.6200008392334 AB 4.734124900168427 1.0320555691165383
62042.9841 lsst_hardware_y -170.49920367854222 75.62000274658203 29.90999984741211 AB 14.42413237286459 1.5073026148549833
62043.0029 lsst_hardware_z -39.66165043732129 66.68000030517578 30.940000534057617 AB 4.595552595400686 1.3599662427819539
62043.9845 lsst_hardware_y -16.151260483258934 81.05999755859375 29.920000076293945 AB 4.724895526213786 1.4796123777303734
62044.0042 lsst_hardware_r -11.113869849842388 100.73999786376953 31.59000015258789 AB 8.102434302245603 1.3336242782068541
62047.9877 lsst_hardware_z 24.414673774812307 89.44335267930725 30.950000762939453 AB 4.466189331760846 1.370522234525768
62048.0082 lsst_hardware_g -147.14660057741577 97.73933977067128 31.649999618530273 AB 3.4272905252895587 1.24901258210275
62051.9906 lsst_hardware_y 190.2538562664852 69.21862925163083 29.989999771118164 AB 5.846967459462819 1.284530217010557
62052.0082 lsst_hardware_r 1337.688787683667 42.70951295442698 31.489999771118164 AB 4.6869714357220165 1.1981010827508365
62053.9925 lsst_hardware_y 425.42257852188317 69.52464522093337 30.0 AB 2.6202790566591743 1.2455771145583143
62054.0126 lsst_hardware_g 1634.1097462582575 42.975375243420835 31.420000076293945 AB 3.9725327556556973 1.1588485284876597
62054.993 lsst_hardware_y 582.9484924996333 66.66547362373325 30.0 AB 6.47335533716872 1.2297991616563706
62055.0129 lsst_hardware_z 1780.3223827300603 59.5041150635019 30.940000534057617 AB 7.003547888936543 1.1479344187735216
62056.9941 lsst_hardware_y 606.6637266404308 71.22926110590275 30.010000228881836 AB 8.577187416076043 1.2000262212068615
62057.0124 lsst_hardware_u 29.14767025253792 7.476496465310436 28.389999389648438 AB 8.208844671633074 1.1311492916069341
62058.9956 lsst_hardware_z 3515.3249170735176 79.53931744820427 30.959999084472656 AB 8.260543885551652 1.171514484915226
62059.0136 lsst_hardware_r 6141.1901108900065 82.36533433907157 31.5 AB 8.665039352115969 1.110605844863996
62064.0014 lsst_hardware_y 1611.9063915627619 66.27080975145856 30.040000915527344 AB 3.7101751535071514 1.1064140616820533
62064.0215 lsst_hardware_z 4870.2120435065035 80.45677819575846 30.950000762939453 AB 3.530218331884938 1.058060342240353
62065.0013 lsst_hardware_y 1683.1142186863758 67.97919348091997 30.040000915527344 AB 4.593410175973162 1.0990772474014585
62065.0203 lsst_hardware_u 134.20337251947464 13.102861269900867 28.549999237060547 AB 4.376578930628446 1.055063424957639
62067.0026 lsst_hardware_y 1574.6217251968783 67.95580667806446 30.040000915527344 AB 3.090307471274402 1.0816616980309424
62067.0217 lsst_hardware_i 8923.158402931742 98.9619985080401 31.260000228881836 AB 2.9973189377328953 1.0427270613089483
62070.0054 lsst_hardware_y 1393.0626487534291 66.95171970059533 30.049999237060547 AB 4.5294431098481125 1.0574986831818098
62070.0243 lsst_hardware_r 13288.977039557449 124.18717665596357 31.6299991607666 AB 4.398694700809056 1.0267927793823788
62280.3558 lsst_hardware_z 41.41537915771451 45.66999816894531 30.90999984741211 AB 9.1355036924075 1.341910596970259
62280.3761 lsst_hardware_r -2.2002562921826136 24.770000457763672 31.469999313354492 AB 8.223993110712026 1.2289902531574255
62283.3428 lsst_hardware_i -20.193726347420554 66.01000213623047 31.270000457763672 AB 5.239265702534298 1.374173553733423
62283.3635 lsst_hardware_z 84.00823621186564 59.5 30.959999084472656 AB 4.620798092578393 1.250667112751279
62285.3444 lsst_hardware_r -19.92363182801698 83.95999908447266 31.59000015258789 AB 11.292695940996618 1.3276153234183656
62285.3659 lsst_hardware_z 29.456695655764918 60.849998474121094 30.959999084472656 AB 10.33795587280749 1.2130073087550637
62288.3509 lsst_hardware_y 55.10223908753786 54.15999984741211 29.979999542236328 AB 8.317128699850558 1.2453743327161813
62288.3717 lsst_hardware_r 63.97700161914774 68.4000015258789 31.6200008392334 AB 7.717379547974121 1.1561328627960532
62291.3537 lsst_hardware_i -18.330456829607893 41.47999954223633 31.270000457763672 AB 14.317008815702115 1.1947268173490313
62291.3734 lsst_hardware_z -30.946156807018834 47.060001373291016 30.959999084472656 AB 13.435308872071408 1.122743397992041
62302.3419 lsst_hardware_z 84.4099932436588 42.43000030517578 30.940000534057617 AB 12.643567389603207 1.1273800614893632
62302.3564 lsst_hardware_r 3.6687731999583515 23.579999923706055 31.510000228881836 AB 12.253310086523818 1.0861900617430769
62306.3461 lsst_hardware_i -76.60591840406605 44.290000915527344 32.0099983215332 AB 2.8162780860568826 1.0846439769139204
62306.3599 lsst_hardware_z -67.19944930468483 58.75 31.700000762939453 AB 2.719472774164653 1.0543997831979268
62308.367 lsst_hardware_u -3.473910795580879 2.7300000190734863 28.450000762939453 AB 3.4419077118898316 1.0332956205013486
62308.3786 lsst_hardware_g 15.712752569602976 14.510000228881836 31.450000762939453 AB 3.0591841657488383 1.0187658874670051
62310.2336 lsst_hardware_i 29.309016436843265 55.529998779296875 31.190000534057617 AB 5.448892772118227 1.707447793848388
62310.2546 lsst_hardware_r -69.66728759290206 61.560001373291016 31.530000686645508 AB 5.6323491612378325 1.487383418825618
62312.2418 lsst_hardware_z -43.30524658507376 95.19000244140625 31.670000076293945 AB 6.821740198799377 1.5556103298100352
62323.2579 lsst_hardware_g -5.974913103027619 14.34000015258789 31.3799991607666 AB 5.504298952908334 1.2328577615891445
62323.2762 lsst_hardware_i -42.103959384032 31.6200008392334 31.239999771118164 AB 5.179022403816305 1.1559457786957008
62325.2574 lsst_hardware_z 72.95428535989203 44.099998474121094 30.93000030517578 AB 1.9491826779565065 1.2098583838762131
62325.2755 lsst_hardware_r -20.842626168660246 23.729999542236328 31.489999771118164 AB 1.8304702651941214 1.1392377564612548
62327.2515 lsst_hardware_u -0.27580211946684235 2.619999885559082 28.309999465942383 AB 11.529241463415001 1.2118291411789748
62327.2715 lsst_hardware_g -2.7546173428706977 14.279999732971191 31.40999984741211 AB 10.775551710265862 1.1343581556719224
62328.2523 lsst_hardware_r -10.501319641744049 23.479999542236328 31.469999313354492 AB 10.383954779693966 1.1963770700724659
62328.2706 lsst_hardware_i 50.594685246918054 31.15999984741211 31.229999542236328 AB 9.789526972411233 1.1283998546585159
62330.2592 lsst_hardware_z 50.87726608710719 42.939998626708984 30.940000534057617 AB 7.177020102598088 1.1483844635871043
62330.2792 lsst_hardware_r -9.961674742928265 23.170000076293945 31.489999771118164 AB 6.799562782824669 1.0881041419146533
62332.2567 lsst_hardware_u -4.257877365464597 2.630000114440918 28.34000015258789 AB 6.059158335037819 1.1381907269724465
62332.2753 lsst_hardware_r 54.850760116829846 23.170000076293945 31.489999771118164 AB 5.769270174407874 1.0841945359469811
62334.2387 lsst_hardware_g -10.070936402773146 14.420000076293945 31.389999389648438 AB 2.0617065783285824 1.1847753538905752
62334.2589 lsst_hardware_i -75.24500169624271 31.610000610351562 31.25 AB 2.0540951109569803 1.11393444195064
62343.2606 lsst_hardware_r 106.81504880660292 121.91999816894531 31.65999984741211 AB 11.047862102400455 1.051176222873497
62343.2783 lsst_hardware_z -27.307849435827926 79.4000015258789 31.0 AB 10.920949864454965 1.0241590995112504
62345.263 lsst_hardware_y 85.09167667608048 58.0099983215332 30.059999465942383 AB 2.6154968488921413 1.037792619340201
62345.2807 lsst_hardware_r 159.20098029071855 100.37999725341797 31.670000076293945 AB 2.5807300143609364 1.0156355821963543
62348.149 lsst_hardware_g 5.519688460023131 31.25 31.469999313354492 AB 5.56434413074328 1.5038767920927785
62348.1679 lsst_hardware_r 98.65948302926017 47.189998626708984 31.540000915527344 AB 4.9514494363233705 1.3567473452043761
62352.1506 lsst_hardware_i -13.709150933733792 33.369998931884766 31.200000762939453 AB 1.995533003135558 1.4016035140548255
62352.1686 lsst_hardware_u 1.7550681953599447 2.5999999046325684 28.270000457763672 AB 1.5488191603342856 1.2855049055202261
62356.1513 lsst_hardware_i 19.688608432954947 33.33000183105469 31.209999084472656 AB 5.1052112213188945 1.323050592947191
62356.1689 lsst_hardware_r 32.21833924271984 24.06999969482422 31.469999313354492 AB 4.018053873162434 1.2276363804345964
62360.1853 lsst_hardware_r 8.848915778159789 33.709999084472656 32.25 AB 3.0592859693959564 1.1218846570532306
62360.2124 lsst_hardware_i 32.63787420561913 44.119998931884766 32.0099983215332 AB 2.8593036232761313 1.0545423204141002
62362.1563 lsst_hardware_z -9.31995246484797 43.529998779296875 30.93000030517578 AB 3.6754930854678216 1.2102380920210147
62362.1743 lsst_hardware_r -5.22579923842837 23.709999084472656 31.489999771118164 AB 2.7133510958283806 1.1398639296320872
62364.1504 lsst_hardware_z 34.87169189457965 44.630001068115234 30.93000030517578 AB 6.445925406854715 1.2122097615147558
62364.1683 lsst_hardware_g 45.044160791059284 18.649999618530273 31.489999771118164 AB 5.580919548000426 1.1417009252800954
62367.1496 lsst_hardware_r 25.019528975420933 50.279998779296875 31.600000381469727 AB 2.171084588955706 1.180739409357284
62367.1674 lsst_hardware_y -121.06941669163797 49.900001525878906 30.030000686645508 AB 2.694859909465418 1.1181604686416933
62369.149 lsst_hardware_z 24.312055202078913 60.83000183105469 30.969999313354492 AB 2.0505506002186284 1.1618947588358874
62369.1667 lsst_hardware_r -4.9717040401655375 77.11000061035156 31.6299991607666 AB 1.9312846022498402 1.104222185391561
62371.1577 lsst_hardware_i 152.21953718409486 99.61000061035156 31.31999969482422 AB 2.4430355260023915 1.114481137123311
62371.1756 lsst_hardware_z 79.92617915674614 83.62000274658203 30.989999771118164 AB 2.0035565905469324 1.0684210588171883
62376.1818 lsst_hardware_z 148.65848487053213 75.29000091552734 31.719999313354492 AB 4.440379324803425 1.0326463546054478
62380.1561 lsst_hardware_u -2.8070565727043997 2.700000047683716 28.40999984741211 AB 1.3752026386959733 1.057848183612287
62380.1742 lsst_hardware_g 11.555820048528279 14.640000343322754 31.440000534057617 AB 1.7014518584540204 1.028067588190126
62382.0548 lsst_hardware_i 31.814362966261726 34.2400016784668 31.190000534057617 AB 2.111569195840356 1.5163872142480115
62382.072 lsst_hardware_z -61.29427673198801 45.54999923706055 30.920000076293945 AB 1.9059500123744302 1.3777951896682628
62385.0581 lsst_hardware_r -14.086235674429739 24.889999389648438 31.440000534057617 AB 0.8204565618794804 1.4196797033242632
62385.0754 lsst_hardware_g 15.88351724834027 14.770000457763672 31.360000610351562 AB 0.8047921573127199 1.3033071373474423
62387.0603 lsst_hardware_r -11.195328776567214 24.649999618530273 31.440000534057617 AB 3.0644640012681945 1.3643083777997682
62387.0771 lsst_hardware_i 62.59900006377011 32.790000915527344 31.219999313354492 AB 2.8749445731798455 1.263434222447746
62390.0589 lsst_hardware_u -3.0275179024867382 2.5999999046325684 28.25 AB 3.0950357301760967 1.3204077347167649
62390.0747 lsst_hardware_g 6.357975310385006 14.649999618530273 31.3799991607666 AB 2.954244414528955 1.2341920684564962
62399.0664 lsst_hardware_i -51.96250328110073 88.37999725341797 31.31999969482422 AB 6.456682387928873 1.1644852208601264
62399.084 lsst_hardware_z 2.550839277184553 75.97000122070312 30.989999771118164 AB 4.356411102137264 1.1064603726299482
62401.064 lsst_hardware_i 44.276017523848104 103.88999938964844 31.31999969482422 AB 2.9415319553146833 1.153202765976409
62401.0811 lsst_hardware_z 39.57630391420986 86.7699966430664 30.989999771118164 AB 2.7562497555518712 1.0993118977173681
62403.0671 lsst_hardware_g -121.54238007190773 98.5999984741211 31.700000762939453 AB 3.402911781575109 1.124371974748095
62403.0837 lsst_hardware_r -175.37795171147775 95.4000015258789 31.649999618530273 AB 3.97005955205019 1.0787472459887448
62404.0966 lsst_hardware_y 141.555386503969 73.30999755859375 30.799999237060547 AB 5.24724516785168 1.0465883587232025
62404.1038 lsst_hardware_r 228.6428978183603 102.47000122070312 32.400001525878906 AB 5.194583764815716 1.034915081315433
62405.9826 lsst_hardware_z -103.88249991142155 82.83999633789062 30.93000030517578 AB 3.443283427469356 1.58142227226088
62406.0017 lsst_hardware_i 54.03263391031596 33.540000915527344 31.190000534057617 AB 4.414408917242004 1.412535518289799
62415.9991 lsst_hardware_z -186.9495242908978 77.01000213623047 31.690000534057617 AB 7.6866457760893265 1.257254713533134
62417.9904 lsst_hardware_y 27.342463629302255 70.72000122070312 29.979999542236328 AB 5.822102572318776 1.274447845089845
62418.0102 lsst_hardware_g 10.254637143535366 14.569999694824219 31.389999389648438 AB 4.6621846665951345 1.1813466784735507
62419.9929 lsst_hardware_y 126.71984314258518 67.19999694824219 30.0 AB 2.81908358292321 1.2336446282204678
62420.0124 lsst_hardware_i 23.431976555695762 31.989999771118164 31.239999771118164 AB 3.9800850836408337 1.1522006417952264
62422.9953 lsst_hardware_y -17.66162695868855 61.189998626708984 30.010000228881836 AB 8.327023547499193 1.1864251162982833
62423.0168 lsst_hardware_g 1.9766334169218835 27.59000015258789 31.610000610351562 AB 8.083207288988639 1.111284727821088
62424.9965 lsst_hardware_y 99.01660589463616 65.44000244140625 30.020000457763672 AB 8.196463732160245 1.1603969324216388
62425.0159 lsst_hardware_i -79.67910675128884 49.95000076293945 31.299999237060547 AB 8.59239261763496 1.098408575722224
62435.0047 lsst_hardware_y -19.280165460786534 55.29999923706055 30.049999237060547 AB 4.192987430093203 1.0603078594242517
62435.0216 lsst_hardware_u -2.4484949160504876 2.809999942779541 28.479999542236328 AB 4.033870927848148 1.0313728029611322
62437.0075 lsst_hardware_y 61.907426765560466 51.43000030517578 30.049999237060547 AB 3.7586429713807794 1.0448414486788675
62437.0255 lsst_hardware_r 10.403992978014513 22.940000534057617 31.5 AB 3.6572360816011154 1.019722872327092
62438.0076 lsst_hardware_y 38.975985539891575 52.29999923706055 30.049999237060547 AB 3.247984902007898 1.040131800386954
62438.0257 lsst_hardware_r 15.388946226885095 23.09000015258789 31.510000228881836 AB 3.1991552575343514 1.0166806962501898
