data/validation/pwv_sim_epoch_fit_4/1415471.ecsv
# %ECSV 0.9
# ---
# datatype:
# - {name: time, datatype: float64}
# - {name: band, datatype: string}
# - {name: flux, datatype: float64}
# - {name: fluxerr, datatype: float64}
# - {name: zp, datatype: float64}
# - {name: zpsys, datatype: string}
# - {name: pwv, datatype: float64}
# - {name: airmass, datatype: float64}
# meta: {SNID: '1415471', alt: 1024.0, c: -0.03623111546039581, dec: -2.985506, lat: -30.244573, lon: -70.7499537, ra: 134.121094, t0: 59941.51171875,
#   x0: 5.446159014104586e-06, x1: 0.5161758661270142, z: 0.5920597910881042}
# schema: astropy-2.0
time band flux fluxerr zp zpsys pwv airmass
59920.3368 lsst_hardware_z 192.12105334688644 58.87378661708349 30.969999313354492 AB 4.932325272086374 1.1343242159688092
59922.3374 lsst_hardware_r 614.8911332380285 94.74130354530371 31.639999389648438 AB 8.331558500571576 1.129371054908828
59924.3463 lsst_hardware_z 858.2697100612079 110.47683870497353 31.739999771118164 AB 9.498582246238264 1.12409257351939
59929.3322 lsst_hardware_i 1162.4770891994544 86.621521724189 31.31999969482422 AB 11.888794084376338 1.1241194237314298
59929.3507 lsst_hardware_y 77.27823865936355 79.82308388503593 30.040000915527344 AB 12.067773111065819 1.1301661232773885
59931.3056 lsst_hardware_i 1365.6063379841898 86.78065192250399 31.31999969482422 AB 7.92165121336578 1.1354628526426422
59931.327 lsst_hardware_y 469.77758625225806 79.78086572266311 30.040000915527344 AB 7.842099074103177 1.1241003976448722
59933.3154 lsst_hardware_g 1479.205477620145 130.26988159657424 32.45000076293945 AB 4.945720227616298 1.1253060813687372
59933.3345 lsst_hardware_y 377.14209935447434 80.84616506887035 30.040000915527344 AB 5.416703871217144 1.1269148137066596
59935.2851 lsst_hardware_r 2090.8922398419577 96.14686924837788 31.6299991607666 AB 5.341442034183305 1.1472169317404006
59935.3059 lsst_hardware_i 1479.5618690826382 86.92906664924128 31.329999923706055 AB 6.822156475161926 1.126992713507982
59937.2911 lsst_hardware_z 1241.1446637495355 88.58426551067761 30.979999542236328 AB 6.243084623432531 1.1336462961518863
59937.3124 lsst_hardware_u 4.830571154600903 22.832722212955474 29.389999389648438 AB 6.831048776005273 1.1240515771064652
59942.2912 lsst_hardware_i 1591.0259812509985 90.84255536556084 31.31999969482422 AB 8.079456944129099 1.1251811404545728
59942.3133 lsst_hardware_z 1285.4675436363466 90.09224709685749 30.989999771118164 AB 7.893806162953056 1.1288423142197568
59944.2854 lsst_hardware_i 3310.8875968957454 124.8265592210354 32.06999969482422 AB 6.32093667222307 1.12528914438888
59944.306 lsst_hardware_u 37.03573343120865 31.965921313254224 30.15999984741211 AB 5.707226461660504 1.127724642514837
59946.2898 lsst_hardware_g 471.8229355416639 90.27551865396791 31.690000534057617 AB 5.4881371359354 1.1241575452551003
59946.3115 lsst_hardware_r 1929.5860262088095 97.93060730070025 31.6299991607666 AB 5.870362973111774 1.136602595716888
59948.2903 lsst_hardware_i 1538.1199569459056 87.59425129927818 31.31999969482422 AB 3.127900205160904 1.1255150817694939
59948.3122 lsst_hardware_r 1966.9799371690945 95.89077918118429 31.6299991607666 AB 3.7606697821250035 1.1439879686042396
59950.2573 lsst_hardware_z 3476.5603313364495 153.1114832898919 32.16999816894531 AB 8.415608271404578 1.13214461050286
59952.2603 lsst_hardware_z 1253.8970942692804 88.6173478808427 30.989999771118164 AB 10.026611849218936 1.1265856010358355
59952.2794 lsst_hardware_r 1529.9831214369904 96.32691063412946 31.639999389648438 AB 10.01712959175911 1.125520178849338
59954.2524 lsst_hardware_i 1294.3517331619987 84.8631712652945 31.31999969482422 AB 7.480269586878402 1.1278630309289308
59954.2706 lsst_hardware_z 977.9815518482798 86.49215118929301 30.989999771118164 AB 7.504503688888347 1.1245650453509664
59956.2293 lsst_hardware_i 953.6460826710004 86.5991101663529 31.31999969482422 AB 5.890335601959843 1.145032920631743
59956.248 lsst_hardware_z 921.6183105233206 87.98963891530153 30.989999771118164 AB 5.768545095578724 1.127274433646729
59963.1947 lsst_hardware_r 921.2181513800748 91.79552670619913 31.6200008392334 AB 6.799149577019596 1.1722671684516546
59963.2148 lsst_hardware_i 955.9334008537962 84.73043892233174 31.31999969482422 AB 6.788301742437676 1.1391679379824906
59965.2023 lsst_hardware_z 698.7649681526987 85.22305347451582 30.979999542236328 AB 13.20793302200276 1.1485159149567616
59965.2214 lsst_hardware_u 5.780491739403579 22.725241873678414 29.40999984741211 AB 13.347144249522524 1.1284362740549985
59967.1666 lsst_hardware_g 48.807542801739785 85.60306011048935 31.65999984741211 AB 9.332495191087405 1.2174937194843627
59967.182 lsst_hardware_r 531.2040762754734 88.99586106617208 31.6200008392334 AB 10.246472392062111 1.1761781969078333
59974.1754 lsst_hardware_i 409.3054079652564 81.29048083185863 31.31999969482422 AB 14.169947028493043 1.1521218821443242
59974.194 lsst_hardware_z 537.0841736245151 84.69090233486104 30.989999771118164 AB 13.907416027139744 1.1303625819595842
59978.176 lsst_hardware_i 361.06547198926506 80.76518607945893 31.31999969482422 AB 10.4117809142141 1.1367607221414802
59978.1945 lsst_hardware_r 173.68970350859635 87.82578197930832 31.639999389648438 AB 10.360535305793379 1.1247188680072422
59980.1818 lsst_hardware_z 985.3691900604346 119.72708075003827 31.739999771118164 AB 7.680287147445318 1.1276298851042899
59984.1434 lsst_hardware_i 175.02557769979936 81.38115826889694 31.309999465942383 AB 6.497187687830843 1.1602120871126507
59984.1619 lsst_hardware_z 551.4160740719218 85.03372564702074 30.989999771118164 AB 6.352911071209887 1.134448405573194
59986.1672 lsst_hardware_z 1441.5931291576608 120.09459922739363 31.739999771118164 AB 3.0420872197634634 1.1266989702827641
59988.1598 lsst_hardware_r 186.42734759976014 88.746857193329 31.6299991607666 AB 4.173488732320134 1.127715937578079
59988.1759 lsst_hardware_z 434.0083541130081 84.7062597251155 30.989999771118164 AB 4.569702785546031 1.1242272674939495
59992.1255 lsst_hardware_u 6.435207942117813 22.629169730944543 29.3799991607666 AB 3.4225343389968974 1.1533392886256946
59992.1427 lsst_hardware_g 27.523239227835607 87.80555680585226 31.690000534057617 AB 3.3801537153265215 1.1320637617616036
59994.128 lsst_hardware_r -14.72418898443312 86.74928287727029 31.6299991607666 AB 3.453108000753016 1.1417749368741374
59994.1459 lsst_hardware_i 91.644354117565 79.68338983187878 31.31999969482422 AB 3.475067719612001 1.1264401036019451
59996.1295 lsst_hardware_z 365.0710779172214 83.1285490078078 30.989999771118164 AB 5.800904485035562 1.1340966735162388
59996.1479 lsst_hardware_r 97.67963601451294 87.04019859194239 31.639999389648438 AB 5.717648964147243 1.1242305025359154
59998.1232 lsst_hardware_u 4.0890851113362165 22.866832372492315 29.420000076293945 AB 7.474480574343079 1.1349044297514546
59998.1411 lsst_hardware_g 176.84197688859385 86.75291410871989 31.700000762939453 AB 8.579262453007278 1.1244486979268362
60000.1216 lsst_hardware_r 123.65313020430462 87.44556797726055 31.639999389648438 AB 8.622204369694638 1.1314486411252067
60000.1389 lsst_hardware_z 259.3991838926457 83.29045076203741 30.989999771118164 AB 9.816717374352738 1.1240516077503135
60002.1204 lsst_hardware_r 310.28483689097794 88.33377391360523 31.6299991607666 AB 7.498834832376122 1.128407920002426
60002.1371 lsst_hardware_y 131.39004571656636 78.76476844675898 30.040000915527344 AB 8.724840446390957 1.1241540275588284
60004.0949 lsst_hardware_z 344.35153025644615 118.17694995039497 31.729999542236328 AB 4.714259373688835 1.1498894746481045
60006.0886 lsst_hardware_r 89.93937491512321 88.12726516917537 31.6299991607666 AB 6.777674259833449 1.1511973265109892
60006.1076 lsst_hardware_i 212.67395315414544 80.56750533300621 31.31999969482422 AB 6.533880387684746 1.1296473699316643
60009.0844 lsst_hardware_z 258.1990468666658 84.3630343050782 30.979999542236328 AB 8.180321004323895 1.1452754812848465
60009.1029 lsst_hardware_r 158.238689220932 90.01295567307689 31.6299991607666 AB 8.147812322271887 1.1274648047424198
60011.0954 lsst_hardware_z 773.9471484879172 117.83398426752785 31.729999542236328 AB 11.643586183571907 1.1286737176508008
60013.0845 lsst_hardware_r 124.20735233753693 86.74243524413647 31.639999389648438 AB 12.634493332168601 1.132799760804108
60013.1027 lsst_hardware_z 32.192428137375174 82.43576952225223 30.989999771118164 AB 12.569074237946856 1.1240955361934264
60015.0804 lsst_hardware_r 50.20591556240893 85.11244345388047 31.6299991607666 AB 8.789848973816543 1.1316430744764088
60015.0988 lsst_hardware_y -80.08398823758829 77.70109502484996 30.040000915527344 AB 8.950201849664044 1.1240206609591483
60017.078 lsst_hardware_g 22.16377611058657 86.38152022758598 31.690000534057617 AB 14.674603025788608 1.1293440924885574
60017.097 lsst_hardware_r 69.71584319445734 86.60734772242945 31.6299991607666 AB 14.491698918778743 1.1242590317128176
60019.0743 lsst_hardware_i 117.30923268914891 80.50150569145825 31.31999969482422 AB 8.781889027297298 1.1282095381242045
60019.0939 lsst_hardware_z 249.0852726231562 83.29416684214311 30.989999771118164 AB 8.38029187732939 1.1247204237457746
60020.0757 lsst_hardware_r 108.85779970336903 85.34182025292257 31.639999389648438 AB 9.188851616835473 1.1260847569651422
60020.0943 lsst_hardware_u 5.518353419773238 22.58881139829675 29.420000076293945 AB 8.62628449111105 1.1257059234126388
60025.0365 lsst_hardware_r -51.25314395586055 87.61000061035156 31.6299991607666 AB 5.94119913675176 1.1515439598304225
60025.0574 lsst_hardware_z -85.24513197934002 82.3499984741211 30.989999771118164 AB 4.413766563648454 1.128527875136502
60027.0374 lsst_hardware_r -10.438861449897425 86.23999786376953 31.639999389648438 AB 5.405259407190918 1.142398691153068
60027.0572 lsst_hardware_u 27.071276294442843 22.850000381469727 29.43000030517578 AB 4.631862760408346 1.1258325526615385
60036.028 lsst_hardware_r -185.7873085476931 86.25 31.639999389648438 AB 8.741552286173201 1.1281363184427258
60036.0467 lsst_hardware_z 46.45509460972522 81.43000030517578 30.989999771118164 AB 9.756317716681975 1.124539550477223
60038.0219 lsst_hardware_z 108.07622682903353 81.26000213623047 30.989999771118164 AB 5.75549643650521 1.1285287130402373
60038.0409 lsst_hardware_i 95.57048843768577 78.5 31.31999969482422 AB 5.734797327172146 1.1244700641514012
60040.0191 lsst_hardware_z -7.908446725937935 81.51000213623047 30.979999542236328 AB 9.128810238239057 1.1270136096591428
60040.0371 lsst_hardware_r 84.88631431376525 86.68000030517578 31.6299991607666 AB 9.111361398971233 1.1248594319717573
60042.0203 lsst_hardware_u -12.374231446740694 22.770000457763672 29.399999618530273 AB 8.513527497845626 1.12457845752818
60042.0396 lsst_hardware_g -16.64008276520206 87.81999969482422 31.690000534057617 AB 8.619516429083028 1.12839357605407
60044.0145 lsst_hardware_r 65.51959193721669 86.29000091552734 31.639999389648438 AB 6.383919376393792 1.1246554776664148
60044.0336 lsst_hardware_i -56.25108820705791 78.56999969482422 31.31999969482422 AB 6.428004856604143 1.1280664864834191
60046.0115 lsst_hardware_z -99.06437688710096 83.25 30.979999542236328 AB 5.607451517343947 1.1242071373841345
60046.028 lsst_hardware_r -225.120582881421 89.36000061035156 31.6299991607666 AB 5.561431489487616 1.127984076292595
60050.981 lsst_hardware_y -21.165696193624562 77.4000015258789 30.049999237060547 AB 16.226313538414306 1.1325688237882534
60050.9996 lsst_hardware_u -6.424280962992044 22.579999923706055 29.43000030517578 AB 16.099182756535008 1.1240483684087734
60052.9788 lsst_hardware_y 83.29399776080905 77.41000366210938 30.049999237060547 AB 10.545303905097375 1.1299750585881387
60052.9966 lsst_hardware_i 64.5969993022343 77.43000030517578 31.329999923706055 AB 10.512298928945453 1.1240495709313834
60055.9767 lsst_hardware_y -24.14842659912144 77.66999816894531 30.040000915527344 AB 10.220312068101197 1.1263913669588579
60055.9947 lsst_hardware_r -35.773010042354706 86.19000244140625 31.639999389648438 AB 10.436077815322976 1.1252442520160628
60057.9708 lsst_hardware_y -226.5415690198876 78.20999908447266 30.040000915527344 AB 10.820850111481047 1.1265948979062161
60057.9888 lsst_hardware_g -46.49006361515943 87.83000183105469 31.690000534057617 AB 10.812634967055907 1.1251050917820304
60059.9691 lsst_hardware_z -38.486652495213285 81.33999633789062 30.989999771118164 AB 15.312910420888453 1.1251220000652795
60059.9872 lsst_hardware_i 180.19444094508188 78.38999938964844 31.31999969482422 AB 15.391832836638642 1.1266163692459847
60061.9674 lsst_hardware_y -69.6659308768167 77.30999755859375 30.040000915527344 AB 1.158273466832188 1.1242644667140866
60061.9853 lsst_hardware_r 56.98281298317659 84.58999633789062 31.6299991607666 AB 1.2197223583001007 1.1285888117511917
60063.9673 lsst_hardware_y -30.857618076608475 78.2300033569336 30.040000915527344 AB 12.573073242830304 1.1241013180894326
60063.9854 lsst_hardware_r 84.44969297145698 87.63999938964844 31.6299991607666 AB 12.719357471798501 1.1327912250377172
60285.3391 lsst_hardware_g 1.0283577800816281 87.77999877929688 31.690000534057617 AB 4.8954529885541636 1.132813372336958
60291.337 lsst_hardware_i -55.292708923306854 78.41999816894531 31.31999969482422 AB 11.68238702169915 1.1247484295601398
60292.34 lsst_hardware_r 14.881083462318472 24.489999771118164 31.5 AB 9.551886032031641 1.1240157721854132
60294.3306 lsst_hardware_r 37.870748172698164 23.670000076293945 31.5 AB 11.902582229025423 1.12436507536665
60294.3491 lsst_hardware_y -79.50055396202552 57.09000015258789 30.030000686645508 AB 12.047637012341282 1.1285614155306736
60296.3014 lsst_hardware_z 55.162274420966966 60.29999923706055 31.690000534057617 AB 7.955852162954182 1.1408965816856071
60296.3205 lsst_hardware_y 96.26459366776136 48.13999938964844 30.020000457763672 AB 7.872255037302829 1.1256396988624566
60300.2715 lsst_hardware_r 2.0862701941663793 23.690000534057617 31.479999542236328 AB 5.45993000573844 1.1729802901849595
60300.2911 lsst_hardware_u 1.4637919960252543 2.7300000190734863 28.420000076293945 AB 5.24948624422157 1.1401392722423682
60302.2757 lsst_hardware_g -6.708681901258158 62.22999954223633 32.40999984741211 AB 6.426294963263798 1.1544242448977955
60302.2976 lsst_hardware_r -3.367582054987408 41.220001220703125 31.59000015258789 AB 6.844846476348824 1.1290158032244981
60305.2732 lsst_hardware_i -86.25429263308327 117.86000061035156 32.06999969482422 AB 7.201661727572423 1.1456668354394566
60305.2923 lsst_hardware_z 62.41435584171844 71.5199966430664 30.979999542236328 AB 6.7394740583627195 1.1272851147215583
60307.2882 lsst_hardware_r -41.21744368196076 108.41999816894531 31.639999389648438 AB 8.09648073909336 1.1265975054396906
60307.3087 lsst_hardware_z -127.72668101710047 76.0999984741211 30.979999542236328 AB 7.837447914643926 1.1259892126490807
60309.288 lsst_hardware_r -16.362499668179506 85.0999984741211 31.6299991607666 AB 6.305924911735971 1.1247023519393538
60309.3079 lsst_hardware_i -24.376114667057987 71.55000305175781 31.309999465942383 AB 5.7332024724679505 1.1283980592030245
60311.282 lsst_hardware_z 7.657104295433298 51.40999984741211 30.950000762939453 AB 5.499719456641398 1.1248403579168387
60311.3048 lsst_hardware_i 24.85985630386983 49.0 31.290000915527344 AB 5.82731962515789 1.1299824753069403
60313.2537 lsst_hardware_r -26.123366396696664 32.470001220703125 31.549999237060547 AB 3.1258119912935123 1.1425099416868858
60313.281 lsst_hardware_z -23.903973306033215 62.939998626708984 31.690000534057617 AB 3.018316334140392 1.1240703869928836
60313.3107 lsst_hardware_g 35.086755661543016 28.860000610351562 31.600000381469727 AB 3.701766754662858 1.1411118232622868
60317.2573 lsst_hardware_i -9.722668504315441 31.299999237060547 31.239999771118164 AB 10.04440203496522 1.1285844983106987
60317.2777 lsst_hardware_z -68.3583176143925 42.25 30.940000534057617 AB 10.010246437543747 1.1247467907352524
60319.2599 lsst_hardware_r 32.844605623713626 23.280000686645508 31.479999542236328 AB 7.459535842572703 1.1249064418582793
60319.2788 lsst_hardware_g 8.081785352424296 14.220000267028809 31.389999389648438 AB 7.473201439116262 1.1273497419092282
60323.2236 lsst_hardware_z -41.48659153829965 43.040000915527344 30.940000534057617 AB 9.052624767043687 1.1463008980396576
60323.2428 lsst_hardware_i 32.9321325668188 31.809999465942383 31.25 AB 8.877027621344993 1.1274682894565036
60325.2316 lsst_hardware_u -0.235129096610223 2.7100000381469727 28.399999618530273 AB 5.7529237793252666 1.1313517756785185
