data/validation/pwv_sim_epoch_fit_4/14155147.ecsv
# %ECSV 0.9
# ---
# datatype:
# - {name: time, datatype: float64}
# - {name: band, datatype: string}
# - {name: flux, datatype: float64}
# - {name: fluxerr, datatype: float64}
# - {name: zp, datatype: float64}
# - {name: zpsys, datatype: string}
# - {name: pwv, datatype: float64}
# - {name: airmass, datatype: float64}
# meta: {SNID: '14155147', alt: 1024.0, c: -0.07062920928001404, dec: -20.105511, lat: -30.244573, lon: -70.7499537, ra: 36.035156, t0: 62479.59765625,
#   x0: 2.7038317831752177e-06, x1: 0.9368323087692261, z: 0.7878953814506531}
# schema: astropy-2.0
time band flux fluxerr zp zpsys pwv airmass
[from data line 133]
62777.2538 lsst_hardware_r -27.29204669780917 22.59000015258789 31.510000228881836 AB 2.686557678107795 1.0181497011525245
62777.2729 lsst_hardware_u 4.129502806794507 2.75 28.5 AB 2.715513116128406 1.0175542528585084
62779.197 lsst_hardware_z -1.3568494538834068 44.189998626708984 30.950000762939453 AB 6.860768307485692 1.0832792064451093
62779.2155 lsst_hardware_r 32.58319599066175 33.599998474121094 31.59000015258789 AB 7.096862389918587 1.0483455244541091
62782.2312 lsst_hardware_y -37.42834577755668 71.12000274658203 30.809999465942383 AB 3.37895435990457 1.0226343586095217
62784.2068 lsst_hardware_r -166.55852629677784 102.19999694824219 31.65999984741211 AB 3.5789738367699924 1.0413074881496722
62784.2252 lsst_hardware_i -86.53975225806187 79.58000183105469 31.350000381469727 AB 2.676657502653291 1.0229915928351963
62788.1994 lsst_hardware_z 39.841673084327155 61.290000915527344 30.989999771118164 AB 8.547877965370807 1.03686050040888
62788.2166 lsst_hardware_r -51.621895337847576 79.66999816894531 31.65999984741211 AB 6.435599725610663 1.0215237659699465
62790.2467 lsst_hardware_i 0.00487239418156802 48.38999938964844 31.31999969482422 AB 7.330022716343201 1.021677150511239
62790.2641 lsst_hardware_z 49.010033824762466 50.189998626708984 30.969999313354492 AB 7.565673085961322 1.037412037291586
62798.2071 lsst_hardware_z -52.418421101867146 40.939998626708984 30.959999084472656 AB 2.3745358429729513 1.0163152304339058
62798.2237 lsst_hardware_r 29.410016621051444 22.920000076293945 31.520000457763672 AB 1.6780182520117612 1.0210028913974818
62800.1664 lsst_hardware_u -1.296987298456857 2.859999895095825 28.56999969482422 AB 2.467017705177719 1.0371430935448056
62800.1823 lsst_hardware_r 39.01373951201667 22.809999465942383 31.520000457763672 AB 1.2440084971985532 1.0224727374234683
62802.1683 lsst_hardware_i -1.2403104572578738 30.350000381469727 31.260000228881836 AB 2.074607303510424 1.0292412618707707
62802.1849 lsst_hardware_z -60.15494216011466 40.77000045776367 30.959999084472656 AB 2.0791894554370303 1.0183785087854842
62804.1622 lsst_hardware_r -10.224040423551457 22.899999618530273 31.520000457763672 AB 5.75737841203354 1.0298503554303802
62804.178 lsst_hardware_u 3.099225566722835 2.9600000381469727 28.65999984741211 AB 5.2214291396376655 1.0189479879601724
62808.1468 lsst_hardware_y 18.182373078664902 47.68000030517578 30.049999237060547 AB 4.05026134230484 1.0345274921278407
62808.1664 lsst_hardware_g 39.66350677788805 31.229999542236328 31.68000030517578 AB 4.0032362592371085 1.0192403273963344
62814.1256 lsst_hardware_z 105.85457195362133 75.3499984741211 31.0 AB 6.815981872490206 1.0403696668686875
62814.1427 lsst_hardware_r 2.087151759223963 109.66999816894531 31.670000076293945 AB 6.804006491767935 1.0233897107270167
62818.1279 lsst_hardware_r -54.85339951940711 62.97999954223633 31.649999618530273 AB 5.131667489630988 1.0263334979261978
62818.1473 lsst_hardware_z -15.783755136661958 53.09000015258789 30.979999542236328 AB 5.083673781413504 1.0167347562827007
62821.1773 lsst_hardware_z 23.26483557863074 43.459999084472656 30.950000762939453 AB 5.734210833570753 1.0348693076287228
62821.1961 lsst_hardware_r 10.063112415551402 36.16999816894531 31.59000015258789 AB 5.849525031372663 1.0628736315749365
62824.1066 lsst_hardware_r 14.400202119094617 22.309999465942383 31.489999771118164 AB 4.615503192265692 1.0308214834764247
62828.0931 lsst_hardware_g -2.7666738179742247 13.569999694824219 31.420000076293945 AB 7.05866305502869 1.0335170474802693
62828.1136 lsst_hardware_r -20.433968431138275 22.1299991607666 31.5 AB 7.0212218116203315 1.0184909246230303
62830.0917 lsst_hardware_i -23.222060342824673 29.959999084472656 31.239999771118164 AB 5.325481472812004 1.02937691559138
62830.1111 lsst_hardware_z 12.932411788498662 40.439998626708984 30.950000762939453 AB 5.197677572042136 1.017506498711327
62832.0983 lsst_hardware_r -9.486024936466634 22.3700008392334 31.5 AB 3.8821846087396663 1.0204861953709068
62832.1171 lsst_hardware_u 4.665206972791499 2.740000009536743 28.510000228881836 AB 3.876006578570404 1.0164575043782886
62834.0978 lsst_hardware_g 2.625761971261713 14.0 31.43000030517578 AB 5.118773749692872 1.0182730467038188
62834.1171 lsst_hardware_i -0.9192767223493391 30.1200008392334 31.260000228881836 AB 5.100968719086396 1.0174973757715058
62837.0749 lsst_hardware_r -27.00220817395784 33.90999984741211 31.59000015258789 AB 6.448402269176217 1.0272791231462863
62837.0923 lsst_hardware_z -37.8502671314693 43.25 30.959999084472656 AB 6.453485959774704 1.0174185653121084
62839.0752 lsst_hardware_r 8.882817557094704 55.939998626708984 31.639999389648438 AB 3.5631625170817602 1.022868527940856
62839.0946 lsst_hardware_y -11.060725004832701 49.630001068115234 30.059999465942383 AB 2.64240809580101 1.0163108060773114
62841.0771 lsst_hardware_z -16.984844651096704 59.0 30.989999771118164 AB 3.320814593128471 1.0188891901905257
62841.0964 lsst_hardware_r 118.52291683605105 75.54000091552734 31.65999984741211 AB 5.345832106526743 1.0170913444685983
62845.0589 lsst_hardware_r -229.04226228821892 120.41000366210938 32.40999984741211 AB 7.851106538423593 1.0228122118842617
62845.0802 lsst_hardware_z 82.56183487501043 62.77000045776367 30.989999771118164 AB 7.466012922847015 1.0163487093072423
62850.0459 lsst_hardware_y 35.21389994690648 48.18000030517578 30.059999465942383 AB 7.855913206041715 1.0223860386705415
62850.0643 lsst_hardware_g 1.9107092868707474 13.479999542236328 31.420000076293945 AB 7.806388467455966 1.0163138350094136
62852.0484 lsst_hardware_y 68.29698685901545 47.7599983215332 30.059999465942383 AB 11.122805781747928 1.0183621306734256
62852.0689 lsst_hardware_z 40.89061164276641 40.650001525878906 30.950000762939453 AB 11.121249964268022 1.0177770627132714
62854.0481 lsst_hardware_y 85.14043064789658 48.41999816894531 30.059999465942383 AB 4.1260479591460575 1.0168941365732735
62854.0674 lsst_hardware_u 4.043774728147954 2.7799999713897705 28.530000686645508 AB 4.219317882198686 1.0192820104357256
62856.034 lsst_hardware_z -38.084404987124806 65.16999816894531 31.0 AB 4.589347388817242 1.0198549752927204
62856.0549 lsst_hardware_r 12.828334080487277 22.739999771118164 31.520000457763672 AB 4.5045842404253795 1.0169700841928877
62859.0338 lsst_hardware_y 6.728383496378938 71.76000213623047 30.079999923706055 AB 6.793750755498723 1.0170285562123837
62859.0563 lsst_hardware_z 19.868480728374315 41.130001068115234 30.950000762939453 AB 6.549773642920037 1.0205318857774737
