data/validation/pwv_sim_epoch_fit_4/14267446.ecsv
# %ECSV 0.9
# ---
# datatype:
# - {name: time, datatype: float64}
# - {name: band, datatype: string}
# - {name: flux, datatype: float64}
# - {name: fluxerr, datatype: float64}
# - {name: zp, datatype: float64}
# - {name: zpsys, datatype: string}
# - {name: pwv, datatype: float64}
# - {name: airmass, datatype: float64}
# meta: {SNID: '14267446', alt: 1024.0, c: 0.0426977202296257, dec: -35.318771, lat: -30.244573, lon: -70.7499537, ra: 275.097656, t0: 60780.640625,
#   x0: 2.9753271014702736e-06, x1: 1.20354163646698, z: 0.7583568096160889}
# schema: astropy-2.0
time band flux fluxerr zp zpsys pwv airmass
[from data line 133]
61187.1621 lsst_hardware_r 16.233756860672102 57.91999816894531 31.59000015258789 AB 6.648919276366268 1.2424016087884648
61187.1826 lsst_hardware_i 17.271430784467523 49.52000045776367 31.290000915527344 AB 5.754201973509691 1.1590308795843343
61194.1454 lsst_hardware_z 115.20770907773885 91.97000122070312 30.979999542236328 AB 11.161095970968233 1.231274836835504
61194.1711 lsst_hardware_r 41.89915822462092 123.72000122070312 31.639999389648438 AB 10.877555562390766 1.1339055105171236
61196.1708 lsst_hardware_i -14.425330977824151 86.01000213623047 32.060001373291016 AB 9.143742677945461 1.1184436281060655
61196.1956 lsst_hardware_z -45.69359496776796 81.2699966430664 31.729999542236328 AB 8.560801535976676 1.059778392032979
61198.165 lsst_hardware_i -8.896272453739948 37.31999969482422 31.270000457763672 AB 6.0404112460088175 1.1194238780594545
61198.1844 lsst_hardware_z 22.241514390629916 45.41999816894531 30.959999084472656 AB 4.814778725373837 1.0712204224355912
61222.0741 lsst_hardware_y 0.040169029106337184 70.61000061035156 30.010000228881836 AB 9.708014297092369 1.2087674479653796
61223.0746 lsst_hardware_r 37.58083023362489 110.31999969482422 31.6200008392334 AB 10.238676278279131 1.1954669456516622
61223.0943 lsst_hardware_i 159.11394239792074 88.5 31.31999969482422 AB 9.878860917805532 1.1266306572168023
61225.0752 lsst_hardware_z -31.173830441226873 51.349998474121094 30.950000762939453 AB 9.903889852970135 1.1721273274122888
61225.0952 lsst_hardware_r 35.63488315514869 52.869998931884766 31.6200008392334 AB 9.838686402367625 1.1084282667081027
61231.0535 lsst_hardware_r -39.662517530199246 24.719999313354492 31.5 AB 10.003639231142522 1.1924946930811817
61231.0731 lsst_hardware_u 0.5670624621219378 2.8399999141693115 28.479999542236328 AB 9.420838122005382 1.124708326757836
61237.0733 lsst_hardware_g 12.3222977369464 14.989999771118164 31.43000030517578 AB 4.2125616540049355 1.0813223779772663
61237.0928 lsst_hardware_r -43.79257236129976 23.809999465942383 31.5 AB 3.9049804504709056 1.0439728513489923
61238.0727 lsst_hardware_i 27.251959082928234 31.450000762939453 31.25 AB 1.741697125628811 1.0765615281521443
61238.093 lsst_hardware_z -9.316253959975997 41.34000015258789 30.940000534057617 AB 1.7671649840916275 1.0395088141715456
61244.0726 lsst_hardware_r -55.962398398836584 49.75 31.6299991607666 AB 5.012397597033432 1.045701863080688
61244.0909 lsst_hardware_i 33.06427015273133 45.439998626708984 31.309999465942383 AB 6.608208061033298 1.0217166806127294
61247.9772 lsst_hardware_y 71.6850055807767 72.7300033569336 29.969999313354492 AB 5.779250971098585 1.3408934967746138
61247.9968 lsst_hardware_r -297.59514868636603 138.50999450683594 31.6200008392334 AB 5.391958181444073 1.2365931155364436
61248.9765 lsst_hardware_y 2.8248511766784485 74.55000305175781 29.959999084472656 AB 5.470066315675015 1.3286803592514662
61248.9949 lsst_hardware_r -40.561043298553734 147.75999450683594 31.610000610351562 AB 5.068085599697822 1.2327859079393888
61252.9783 lsst_hardware_y -0.3518826881770885 50.47999954223633 29.959999084472656 AB 5.880362073793741 1.2597401568423616
61252.9977 lsst_hardware_i 0.351848334771894 32.36000061035156 31.229999542236328 AB 5.453888274628173 1.176019465877308
61255.9782 lsst_hardware_y 64.39235592928287 49.7599983215332 29.989999771118164 AB 11.68981345849259 1.2219742979015915
61255.9978 lsst_hardware_r -20.609415904124994 24.030000686645508 31.489999771118164 AB 9.426740754613206 1.1468170708883756
61257.9773 lsst_hardware_y 64.59862888643912 50.220001220703125 29.989999771118164 AB 1.0053189286333142 1.2025346036283662
61257.9951 lsst_hardware_g -28.82799182612027 14.880000114440918 31.399999618530273 AB 0.9618741292410139 1.1378637175564046
61259.9781 lsst_hardware_y 0.11473904205057131 50.040000915527344 30.010000228881836 AB 3.862842580569653 1.1778455333969213
61259.9971 lsst_hardware_z 0.3753638727520812 42.63999938964844 30.940000534057617 AB 3.7168298144707674 1.1154672445579394
61260.9785 lsst_hardware_y 53.29150956548977 49.75 30.0 AB 3.9785040939019174 1.1663177096502422
61260.9975 lsst_hardware_u -1.2247586239180053 2.7300000190734863 28.399999618530273 AB 3.7639110761269974 1.106815646773279
61265.9781 lsst_hardware_y -20.535889169733238 50.20000076293945 30.020000457763672 AB 5.612821086682099 1.1230321473978355
61265.9957 lsst_hardware_z 1.722274383249097 41.880001068115234 30.940000534057617 AB 5.640314156111998 1.0777670362002776
61267.9785 lsst_hardware_y -8.907474335380195 50.0099983215332 30.030000686645508 AB 6.70028383969507 1.106509496811913
61267.9968 lsst_hardware_u 0.547254679553273 2.8299999237060547 28.450000762939453 AB 6.426502478233026 1.0640491988906164
61273.9792 lsst_hardware_z -8.811748727166588 89.22000122070312 31.729999542236328 AB 3.545485934986796 1.0664719311134896
61273.997 lsst_hardware_i -33.774371629285994 55.959999084472656 31.31999969482422 AB 3.4436629018640508 1.0362074930383303
61275.9782 lsst_hardware_y -104.33220479607058 64.43000030517578 30.059999465942383 AB 2.7352494328724184 1.0578507539792774
61275.9959 lsst_hardware_r -18.45288287233674 98.80000305175781 31.65999984741211 AB 2.6571709551744997 1.0304104528064397
61277.9794 lsst_hardware_y -41.87765006899497 60.88999938964844 30.059999465942383 AB 2.6994235046796478 1.0462881801083905
61277.997 lsst_hardware_r -41.909888708419125 100.08000183105469 31.670000076293945 AB 2.5638719571329567 1.0228212594945305
