data/validation/pwv_sim_epoch_fit_4/14296594.ecsv
# %ECSV 0.9
# ---
# datatype:
# - {name: time, datatype: float64}
# - {name: band, datatype: string}
# - {name: flux, datatype: float64}
# - {name: fluxerr, datatype: float64}
# - {name: zp, datatype: float64}
# - {name: zpsys, datatype: string}
# - {name: pwv, datatype: float64}
# - {name: airmass, datatype: float64}
# meta: {SNID: '14296594', alt: 1024.0, c: -0.016731349751353264, dec: -7.331168, lat: -30.244573, lon: -70.7499537, ra: 18.632812, t0: 61362.26953125,
#   x0: 5.191174909142194e-05, x1: 0.766774594783783, z: 0.22642937302589417}
# schema: astropy-2.0
time band flux fluxerr zp zpsys pwv airmass
61234.4156 lsst_hardware_g -13.802494363128105 15.529999732971191 31.459999084472656 AB 6.756012478785301 1.0988661897235439
61234.4362 lsst_hardware_z -8.098270702074457 45.470001220703125 30.959999084472656 AB 6.998936946703059 1.0871009262527727
61236.4169 lsst_hardware_i 54.44577560090539 32.11000061035156 31.25 AB 5.022716319391216 1.093082985721701
61236.4356 lsst_hardware_y -29.98034535768521 51.90999984741211 30.030000686645508 AB 4.973643121160211 1.0868381581338893
61239.4188 lsst_hardware_r 5.968918903666001 24.219999313354492 31.5 AB 2.364129294630545 1.0879564172252854
61239.4383 lsst_hardware_y 18.707060806510018 56.900001525878906 30.040000915527344 AB 2.3856278397742763 1.0897009659811698
61243.4107 lsst_hardware_g 22.291863795911734 15.109999656677246 31.43000030517578 AB 5.808159736975383 1.087263148067275
61243.4313 lsst_hardware_y 50.52955562293014 49.91999816894531 30.030000686645508 AB 5.459550049047511 1.0919100098095023
61245.4058 lsst_hardware_z 37.110125669513735 59.849998474121094 31.700000762939453 AB 5.77474392334133 1.0871641028552417
61245.4253 lsst_hardware_y 63.77661935499494 68.55000305175781 30.780000686645508 AB 5.642049357779181 1.0915694041651494
61250.3786 lsst_hardware_z 54.04397233560858 61.22999954223633 30.969999313354492 AB 5.137780543154094 1.0931447964157648
61250.3977 lsst_hardware_r -5.547558097773851 85.05999755859375 31.639999389648438 AB 5.1082399383786905 1.086859561357168
61252.3762 lsst_hardware_i -72.96264778153628 75.55999755859375 31.31999969482422 AB 4.909680067618909 1.0911410466048137
61252.3976 lsst_hardware_z 35.3950806067788 66.76000213623047 30.979999542236328 AB 4.9020813447784 1.0877399433679884
61254.3755 lsst_hardware_r -104.72681129501828 87.7300033569336 31.639999389648438 AB 2.0539935605036654 1.0887853487960062
61254.3944 lsst_hardware_z 68.35817416847854 66.08000183105469 30.979999542236328 AB 2.0550098626566453 1.0884586136952572
61257.3585 lsst_hardware_g -54.652895705316794 46.310001373291016 31.68000030517578 AB 2.2342446834479373 1.0938774459965421
61257.3779 lsst_hardware_i -46.18296663570705 47.349998474121094 31.299999237060547 AB 1.5786239066591174 1.086832293741217
61259.3595 lsst_hardware_z -17.572765220134585 43.59000015258789 30.950000762939453 AB 4.635428194842566 1.0898342150883777
61259.3809 lsst_hardware_r 20.423028486581796 28.6299991607666 31.540000915527344 AB 3.3162519128289296 1.088515083945052
61262.3609 lsst_hardware_u -2.164178086826404 2.759999990463257 28.440000534057617 AB 5.567700488248303 1.0869638319582589
61262.3818 lsst_hardware_g 15.695341994789061 14.920000076293945 31.440000534057617 AB 5.686507561252922 1.0935591463947927
61265.3567 lsst_hardware_r -5.422770820120702 33.900001525878906 32.2599983215332 AB 5.052820494444002 1.0868617970410845
61265.3786 lsst_hardware_i -76.02692665408844 44.849998474121094 32.0099983215332 AB 4.838002543339388 1.0977787750793733
61267.3279 lsst_hardware_i -7.0537567827012975 31.600000381469727 31.25 AB 5.188799754902382 1.0966114311170938
61267.3486 lsst_hardware_z -47.044229010107465 42.18000030517578 30.950000762939453 AB 6.080431334753456 1.0868587603455995
61273.3295 lsst_hardware_g 8.128523029588667 14.5600004196167 31.420000076293945 AB 1.6220265815566963 1.0871491833489921
61273.3501 lsst_hardware_i -5.611553640939625 31.18000030517578 31.239999771118164 AB 2.0165376363629806 1.0923822515509105
61275.3156 lsst_hardware_z 61.969405255852045 45.7599983215332 30.950000762939453 AB 2.206143861393766 1.089947150427156
61275.3347 lsst_hardware_r -32.18334387481212 34.040000915527344 31.56999969482422 AB 2.1796040387582485 1.087717228025409
61277.3216 lsst_hardware_y 48.324454803983436 71.41000366210938 30.790000915527344 AB 2.6874107422995577 1.086847159193674
61279.2792 lsst_hardware_r 23.818915571562833 98.37000274658203 31.639999389648438 AB 2.90257400304451 1.1163746165555808
61279.2965 lsst_hardware_i -93.13196232592232 76.6500015258789 31.329999923706055 AB 3.306287177009986 1.0954318485910663
61287.2754 lsst_hardware_r -4.004832937168526 31.0 31.559999465942383 AB 2.44473658246365 1.0948215774579713
61287.2937 lsst_hardware_z 59.76904036028373 44.529998779296875 30.950000762939453 AB 2.5220127493095035 1.086879259892765
61304.2311 lsst_hardware_z -1.0864550443811167 66.08999633789062 31.709999084472656 AB 3.508827981949584 1.0932063501765614
61306.2161 lsst_hardware_r -95.45149134955393 65.4000015258789 31.6299991607666 AB 2.200855209380864 1.101988755427173
61306.2354 lsst_hardware_i 28.237431020449087 55.29999923706055 31.309999465942383 AB 2.1388828514020286 1.0881208333400179
61308.2125 lsst_hardware_z 69.99253674708409 77.70999908447266 30.989999771118164 AB 6.709840695675151 1.09997388453691
61308.2309 lsst_hardware_r -28.484253421736486 113.44999694824219 31.649999618530273 AB 6.468869232014573 1.087829576986433
61310.1803 lsst_hardware_i 118.03603581960752 121.44999694824219 31.31999969482422 AB 4.514849575807333 1.143916956836511
61310.2001 lsst_hardware_z 26.212391413296753 101.62000274658203 30.989999771118164 AB 4.393104761456732 1.108250444363454
61312.1792 lsst_hardware_z 12.09686685074855 67.55999755859375 30.979999542236328 AB 4.593378102299857 1.13444754317106
61312.1992 lsst_hardware_r 43.26469559144292 90.01000213623047 31.639999389648438 AB 4.4672704612669705 1.1025760085397143
61314.1824 lsst_hardware_i 37.362808752131905 44.029998779296875 31.280000686645508 AB 5.33108861832851 1.118390647365366
61314.2011 lsst_hardware_r 34.72876493927884 48.75 31.610000610351562 AB 5.250602057201455 1.095301602545284
61318.1778 lsst_hardware_r -52.348106667105554 24.350000381469727 31.5 AB 7.047793730693781 1.1088701293867231
61318.1965 lsst_hardware_i -15.78655040582982 31.809999465942383 31.25 AB 6.8533501546243345 1.0908635343610356
61320.1716 lsst_hardware_z 1.725391460997309 42.7599983215332 30.950000762939453 AB 5.067577039316475 1.1098909376126613
61320.1896 lsst_hardware_r -15.50900368271073 24.389999389648438 31.510000228881836 AB 4.955085997347856 1.0917292200160522
61322.1679 lsst_hardware_u -0.09782774310557782 2.740000009536743 28.399999618530273 AB 3.580176605616597 1.1074994655447044
61322.1851 lsst_hardware_g 8.111573256891724 15.15999984741211 31.450000762939453 AB 3.5192955589828 1.0911416573945594
61324.1722 lsst_hardware_r -7.621750626814554 24.290000915527344 31.510000228881836 AB 4.268662568069606 1.0966847395914037
61324.1914 lsst_hardware_z 109.09382552508926 42.209999084472656 30.950000762939453 AB 4.1791292187737845 1.0869939011897025
61327.1464 lsst_hardware_i 3.5144282233976516 32.04999923706055 31.239999771118164 AB 9.414963949078732 1.119230141355056
61327.1636 lsst_hardware_r -15.5513434625091 24.309999465942383 31.5 AB 9.114705643558738 1.0970558447613326
61329.1426 lsst_hardware_u -3.1108191892222616 2.9600000381469727 28.5 AB 8.718118811509248 1.116514682370448
61329.1607 lsst_hardware_g 20.533011626931337 15.979999542236328 31.479999542236328 AB 8.572632692936457 1.0948445329420762
61331.1427 lsst_hardware_r -12.29011637367233 30.0 31.549999237060547 AB 6.779863447571435 1.1083339423324317
61331.1616 lsst_hardware_i -18.650971545534343 34.4900016784668 31.270000457763672 AB 6.66931305865966 1.0905291969247823
61333.1417 lsst_hardware_z -44.81530935824361 47.04999923706055 30.959999084472656 AB 3.641319404271703 1.1027617820327558
61333.1588 lsst_hardware_r -46.54396483506142 42.810001373291016 31.610000610351562 AB 3.6597660849890805 1.0892160967229407
61336.1441 lsst_hardware_z 104.85618932927594 97.20999908447266 31.739999771118164 AB 5.298024937171583 1.0929396466573662
61341.1114 lsst_hardware_i 366.93530743994353 67.68867898988549 31.31999969482422 AB 4.1116610389228745 1.1140700069335823
61341.1277 lsst_hardware_r 217.5349136423437 81.15545389978696 31.649999618530273 AB 3.2141995797079077 1.0950343513185956
61344.1095 lsst_hardware_u 10.668520626565964 4.668339715359826 28.549999237060547 AB 5.482568278077423 1.1053565076767615
61344.1261 lsst_hardware_g 1178.6704160341505 37.47825716206854 31.459999084472656 AB 4.130381576523695 1.0905297891811738
61351.0737 lsst_hardware_i 11535.42258447291 115.91995260423305 31.989999771118164 AB 4.13641123462006 1.1324360014471042
61351.0976 lsst_hardware_z 7832.0558442222045 105.68233505469287 31.700000762939453 AB 5.007472590642683 1.0974881481537149
61356.0852 lsst_hardware_i 8979.08297430467 99.85343129466703 31.239999771118164 AB 3.6863740765915267 1.0963465989020378
61356.1038 lsst_hardware_u 246.85861500901504 15.800911666911064 28.360000610351562 AB 3.6607063509374096 1.0870156441467476
61359.0871 lsst_hardware_i 10207.680835468074 105.38625136579044 31.25 AB 4.57603772102938 1.0895327907212808
61359.1056 lsst_hardware_r 14246.042262077883 121.65670133899798 31.520000457763672 AB 4.568676458284565 1.0877801091153725
61364.0655 lsst_hardware_z 5139.496671028411 92.60168830840594 30.979999542236328 AB 7.286843598525235 1.094545221273421
61364.0864 lsst_hardware_r 16381.339886654267 147.88895598865068 31.639999389648438 AB 6.244364730546198 1.0868585629866903
61368.0616 lsst_hardware_i 11149.909037839283 131.9832356236613 31.329999923706055 AB 8.209011213937458 1.0899811295835629
61368.0807 lsst_hardware_z 4896.142160838233 98.13873188666496 30.989999771118164 AB 8.217131714764184 1.087689513955725
61372.0323 lsst_hardware_y 1176.9167522453374 59.40730758415312 30.030000686645508 AB 4.90917612924848 1.1062932122250095
61372.0513 lsst_hardware_i 8785.078150393703 98.83560302168156 31.239999771118164 AB 4.204688582652164 1.0896739588768007
61374.0346 lsst_hardware_z 3553.927143628017 73.28286338251057 30.950000762939453 AB 6.1320445821253315 1.097670465347554
61374.0545 lsst_hardware_u 64.32592500285942 8.709853197480076 28.479999542236328 AB 5.360151922386343 1.0870314180463077
61376.034 lsst_hardware_y 941.6084276483691 58.60576409320461 30.030000686645508 AB 7.575157705696358 1.0935697568494815
61376.0527 lsst_hardware_r 10310.288897256307 104.1943206552406 31.5 AB 6.8268786511430894 1.086822996281635
61383.0313 lsst_hardware_y 984.2297581617072 66.73072393665619 30.049999237060547 AB 5.364878125746307 1.0868877888464055
61383.0503 lsst_hardware_r 7290.972252099402 88.75720612358624 31.5 AB 5.8434331848586005 1.09274112853835
61599.4434 lsst_hardware_r -19.67821751896061 33.91999816894531 31.56999969482422 AB 7.0044944278355965 1.087007386054201
61606.4098 lsst_hardware_z -12.747462591365611 62.65999984741211 30.979999542236328 AB 5.166209647393863 1.0896494493044322
61606.4325 lsst_hardware_y -78.2608582084454 57.47999954223633 30.040000915527344 AB 5.662742917302336 1.0892683221279178
61609.3794 lsst_hardware_z 122.70526725588294 64.37000274658203 30.979999542236328 AB 5.6800695008046835 1.1104730206851778
61609.4007 lsst_hardware_y -27.927976895657668 55.20000076293945 30.040000915527344 AB 5.603110659182719 1.0900993500355485
61610.4267 lsst_hardware_y -25.49867129924454 80.87999725341797 30.799999237060547 AB 5.65051359655197 1.0920625408056635
61616.3781 lsst_hardware_g 3.132510973370645 15.329999923706055 31.459999084472656 AB 5.110746251588843 1.0921370317703876
61616.3992 lsst_hardware_r 33.72637041471705 24.280000686645508 31.510000228881836 AB 5.0788520948072025 1.0873545965688927
61618.3719 lsst_hardware_i -11.957621577698196 31.719999313354492 31.25 AB 5.601569090404613 1.092633762757727
61618.3935 lsst_hardware_z -68.9630506578577 42.27000045776367 30.940000534057617 AB 6.836818670987804 1.0873091426810195
61621.3656 lsst_hardware_r 5.594608115223691 24.149999618530273 31.510000228881836 AB 2.0211148766002305 1.0914129474935994
61621.3857 lsst_hardware_u 5.729138558800482 2.8399999141693115 28.5 AB 2.192172260785712 1.0873870341198968
61623.3577 lsst_hardware_g 6.908923806659426 15.079999923706055 31.440000534057617 AB 2.850500315990677 1.0930181751681778
61623.3786 lsst_hardware_i -17.37367279824536 31.809999465942383 31.25 AB 3.1510679328998723 1.0871062069056283
61625.36 lsst_hardware_z 15.877373658518474 41.95000076293945 30.940000534057617 AB 2.826418907363402 1.0887592093079361
61625.381 lsst_hardware_r -4.02888137711243 23.68000030517578 31.489999771118164 AB 1.5252182578335096 1.0894416127382212
61628.3602 lsst_hardware_u -4.582250374585993 3.7699999809265137 29.1200008392334 AB 5.869276458414604 1.0869030478545563
61628.3802 lsst_hardware_g 9.259779371532332 14.770000457763672 31.420000076293945 AB 6.582362742131681 1.093930600027424
61630.3286 lsst_hardware_z 35.03325035863505 48.439998626708984 30.959999084472656 AB 3.9740912277704905 1.1021793180467294
61630.3479 lsst_hardware_r -54.831740635398134 41.34000015258789 31.610000610351562 AB 5.077195218724242 1.0882035904960152
61643.2775 lsst_hardware_i -10.12024816264291 32.08000183105469 31.239999771118164 AB 2.476555584661934 1.1251956313775255
61652.2385 lsst_hardware_g -16.24751628218426 14.890000343322754 31.399999618530273 AB 1.9055851864165556 1.1567696396701066
61652.2563 lsst_hardware_r -40.270095491665764 24.100000381469727 31.489999771118164 AB 2.4825826065044407 1.119288821688206
61656.2347 lsst_hardware_z -100.48340319995066 44.459999084472656 30.940000534057617 AB 2.7400726276880074 1.1398762924584376
61656.2525 lsst_hardware_g -11.045878127637188 16.030000686645508 31.459999084472656 AB 3.104981634879622 1.108526110274767
61673.2158 lsst_hardware_g -8.419950472069274 15.0 31.440000534057617 AB 6.659216857195888 1.0974469860103155
61673.2352 lsst_hardware_r 4.823367573397661 23.979999542236328 31.5 AB 6.563538422065353 1.0871135120948536
61677.1827 lsst_hardware_r 30.369229495196766 24.489999771118164 31.5 AB 4.533494889606122 1.1289051395573908
61677.2012 lsst_hardware_i -16.56937726779917 32.02000045776367 31.25 AB 4.4488929186913495 1.101165690860447
61679.1789 lsst_hardware_z -92.82847996876765 42.68000030517578 30.940000534057617 AB 5.31026858964849 1.1257724379158023
61679.1971 lsst_hardware_i -18.217560473075935 31.6299991607666 31.239999771118164 AB 5.233856799459927 1.0997230234721704
61681.1805 lsst_hardware_u 3.832638825516607 2.7799999713897705 28.43000030517578 AB 3.1504786553306814 1.1138993477891175
61681.1986 lsst_hardware_g -7.160726874965732 15.239999771118164 31.440000534057617 AB 3.074016441939259 1.0935668594588426
61683.1774 lsst_hardware_r 9.398924153073581 24.40999984741211 31.5 AB 6.893046892712554 1.1104384845286195
61683.1956 lsst_hardware_i 9.887891752593218 31.889999389648438 31.25 AB 6.927026637045586 1.091873369821976
61687.1712 lsst_hardware_z 30.431653164833172 46.72999954223633 30.950000762939453 AB 3.556818118653543 1.1042589626369275
61687.1889 lsst_hardware_r -65.66300464747282 41.52000045776367 31.600000381469727 AB 3.4792869937124618 1.0895470752754424
61691.1744 lsst_hardware_i -27.11441169100265 84.02999877929688 31.329999923706055 AB 7.251737180243903 1.0914715804099793
61691.1934 lsst_hardware_z 68.60543483861038 73.62000274658203 30.989999771118164 AB 6.9981721594171775 1.0871791454743711
61693.1482 lsst_hardware_z -133.79394880720443 143.74000549316406 31.75 AB 6.868433712561887 1.113198332668053
61695.1442 lsst_hardware_r 49.22505674924999 110.0199966430664 31.639999389648438 AB 7.110767340695986 1.1110573969837478
61695.1618 lsst_hardware_i 45.10354702311239 88.08999633789062 31.329999923706055 AB 6.992348400517064 1.0925544375807912
61697.1529 lsst_hardware_z 57.47789789506705 72.91999816894531 31.719999313354492 AB 4.132321484325598 1.0951382025597876
61701.1354 lsst_hardware_g 23.912894731110168 15.170000076293945 31.440000534057617 AB 5.264800016881816 1.101461002869378
61701.1543 lsst_hardware_r -11.03897731496299 24.209999084472656 31.5 AB 5.219470726218086 1.088126486937632
61704.1363 lsst_hardware_i -14.36768253453808 31.829999923706055 31.25 AB 2.76069808613453 1.0932014596622062
61704.1533 lsst_hardware_z -0.8510359065505023 42.34000015258789 30.950000762939453 AB 2.786039974501228 1.0868816545514934
61706.1076 lsst_hardware_z -48.17385220175531 42.41999816894531 30.940000534057617 AB 4.17474626903379 1.1214397212662401
61706.1251 lsst_hardware_i 63.77185868740657 31.479999542236328 31.25 AB 3.155679693435137 1.0980096358507783
61708.1158 lsst_hardware_u 1.8849824341671764 2.6700000762939453 28.350000381469727 AB 6.612004988616949 1.1020008314361582
61708.1337 lsst_hardware_g -18.359593239403843 14.90999984741211 31.420000076293945 AB 6.031896115439931 1.088642533129918
61710.0579 lsst_hardware_r 9.771899381627957 24.440000534057617 31.479999542236328 AB 5.111315752528328 1.228189608136257
61712.1156 lsst_hardware_z 19.525296540325602 41.939998626708984 30.940000534057617 AB 4.3736270607767 1.0924053935832774
61712.1339 lsst_hardware_u 0.47323202476110554 2.75 28.43000030517578 AB 4.269463682784641 1.0869306728066805
61721.0902 lsst_hardware_r -109.10734115042742 113.91000366210938 31.649999618530273 AB 3.6775768656274894 1.0929718004690634
61721.1077 lsst_hardware_z 79.28511128901971 79.18000030517578 30.989999771118164 AB 3.646895600559039 1.086868178485247
61725.0847 lsst_hardware_z -52.890764798344904 51.95000076293945 30.969999313354492 AB 6.316377650905557 1.0897508671085103
61725.1027 lsst_hardware_i 0.1492158209556889 53.70000076293945 31.309999465942383 AB 6.298014104647554 1.0875990337430284
61727.0642 lsst_hardware_r -14.54142611638658 23.899999618530273 31.489999771118164 AB 7.104774194112984 1.1016861829916242
61727.0845 lsst_hardware_u 2.4587026508326932 2.759999990463257 28.440000534057617 AB 5.964611179570647 1.0877710357878574
61730.0668 lsst_hardware_g -3.1423262952565385 14.779999732971191 31.440000534057617 AB 4.227245702953441 1.092170443858272
61730.0859 lsst_hardware_r -18.848478180268433 23.739999771118164 31.5 AB 3.550795929225431 1.087033806589754
61733.0593 lsst_hardware_i 2.3535707073483203 31.43000030517578 31.25 AB 8.253805839992184 1.0917251232298044
61733.0788 lsst_hardware_z -77.58526539184676 42.0 30.950000762939453 AB 8.195913972661145 1.0871834947817225
61735.0595 lsst_hardware_r -8.127678066864533 23.610000610351562 31.489999771118164 AB 4.68919327496506 1.088821967871144
61735.0815 lsst_hardware_g -6.3067101362266484 14.649999618530273 31.420000076293945 AB 4.720064273115327 1.0898324343374108
61737.0642 lsst_hardware_r -21.831071393505947 23.6299991607666 31.5 AB 4.12936709045285 1.086866228404856
61737.084 lsst_hardware_i 19.97122806796016 31.34000015258789 31.25 AB 4.241062187554667 1.095032839544195
61739.0335 lsst_hardware_y -38.41090417896845 50.540000915527344 30.040000915527344 AB 6.144453620274571 1.099481725020054
61739.0526 lsst_hardware_z -30.93097032685691 42.02000045776367 30.950000762939453 AB 5.3757579692795145 1.0875496599797394
61741.0331 lsst_hardware_y 54.29756986500622 53.41999816894531 30.030000686645508 AB 7.557034743004395 1.0948521866524936
61741.0501 lsst_hardware_u 1.0158042765546438 2.8399999141693115 28.420000076293945 AB 6.809157946454501 1.0870303235080623
61743.0364 lsst_hardware_y 68.23358253969587 51.060001373291016 30.040000915527344 AB 4.723428948972321 1.0893516948738462
61743.0556 lsst_hardware_r -2.7806294473280126 26.290000915527344 31.520000457763672 AB 3.757658671107758 1.088177616035839
61747.0304 lsst_hardware_y 119.95855489170869 65.93000030517578 30.049999237060547 AB 3.9865410716027774 1.087633977338217
61747.0486 lsst_hardware_z 22.844715494113828 58.11000061035156 30.969999313354492 AB 3.178298991064951 1.0897647834953794
