data/validation/pwv_sim_epoch_fit_4/1430374.ecsv
# %ECSV 0.9
# ---
# datatype:
# - {name: time, datatype: float64}
# - {name: band, datatype: string}
# - {name: flux, datatype: float64}
# - {name: fluxerr, datatype: float64}
# - {name: zp, datatype: float64}
# - {name: zpsys, datatype: string}
# - {name: pwv, datatype: float64}
# - {name: airmass, datatype: float64}
# meta: {SNID: '1430374', alt: 1024.0, c: -0.10523375868797302, dec: -32.089951, lat: -30.244573, lon: -70.7499537, ra: 161.542969, t0: 62492.5390625,
#   x0: 3.189910731426071e-06, x1: 0.9733202457427979, z: 0.7363496422767639}
# schema: astropy-2.0
time band flux fluxerr zp zpsys pwv airmass
[from data line 133]
62889.248 lsst_hardware_g -14.779520960874311 13.350000381469727 31.399999618530273 AB 9.645270257807722 1.0516854581226867
62891.2227 lsst_hardware_r 7.683820089783331 22.389999389648438 31.479999542236328 AB 9.430388228420815 1.0954210144622327
62891.2397 lsst_hardware_i 6.2361091508931406 30.229999542236328 31.25 AB 9.092960900492239 1.0570137634980814
62895.23 lsst_hardware_r 17.653554157307653 22.290000915527344 31.5 AB 11.07597125439462 1.054686994546385
62895.2478 lsst_hardware_i -33.697942240783156 30.06999969482422 31.260000228881836 AB 10.918917457205584 1.0267367432235004
62897.2303 lsst_hardware_z -4.357480542281157 40.88999938964844 30.950000762939453 AB 11.188708630915944 1.0444372982994532
62897.2485 lsst_hardware_r 33.80415115542211 22.049999237060547 31.510000228881836 AB 10.807042934922615 1.01953235235119
62906.1269 lsst_hardware_z 87.76288256184377 81.94000244140625 30.959999084472656 AB 7.387617953109731 1.3192174916267378
62908.1185 lsst_hardware_r -156.56086754884223 120.8499984741211 32.33000183105469 AB 2.1881459631643168 1.3370888867487423
62908.1363 lsst_hardware_z 95.25758343660706 67.0999984741211 30.969999313354492 AB 2.5605136569215414 1.23975806500392
62914.1195 lsst_hardware_z 9.028295885747166 43.7599983215332 30.93000030517578 AB 2.897041819187018 1.241766746329647
62919.1139 lsst_hardware_i -11.470257286266785 31.700000762939453 31.229999542236328 AB 7.447945021679524 1.2051690973591462
62919.1345 lsst_hardware_z -12.535311555704544 42.279998779296875 30.940000534057617 AB 7.358333000192567 1.1291559591088338
62921.1148 lsst_hardware_r -9.605503646472167 23.020000457763672 31.469999313354492 AB 9.20040642691746 1.1791613491723756
62921.1342 lsst_hardware_u -1.5763790356244687 2.7699999809265137 28.479999542236328 AB 10.466004668297916 1.1135627041031975
62923.1128 lsst_hardware_g -3.8223805778729854 13.84000015258789 31.389999389648438 AB 6.6768403863852255 1.1660057430928086
62923.1329 lsst_hardware_r 2.239194676971291 22.690000534057617 31.489999771118164 AB 5.94689015942639 1.1018881155135056
62925.1085 lsst_hardware_i -67.93820596376025 32.58000183105469 31.239999771118164 AB 6.04513071653402 1.1617431952597328
62925.1284 lsst_hardware_z -64.84064046590912 42.130001068115234 30.940000534057617 AB 6.695117478916961 1.0993023062093417
62927.1082 lsst_hardware_r -50.25653507652062 34.790000915527344 31.56999969482422 AB 3.3837272462389842 1.1436662616851005
62927.1299 lsst_hardware_g 6.144621862378826 31.040000915527344 31.649999618530273 AB 3.624307800851549 1.081748379808902
62929.1118 lsst_hardware_r -11.148415826506175 48.2599983215332 31.610000610351562 AB 5.054208732565824 1.1151859815171163
62929.1312 lsst_hardware_i -54.57552649379922 43.36000061035156 31.290000915527344 AB 5.785850721916531 1.0665981820876929
62932.1053 lsst_hardware_z -28.994006200550032 66.19999694824219 30.979999542236328 AB 8.112244810235575 1.1103031356679924
62932.1248 lsst_hardware_i 74.85626652178927 72.9000015258789 31.329999923706055 AB 7.742753895217536 1.0628837597534675
62935.1173 lsst_hardware_z 45.266117549846214 156.8699951171875 32.5 AB 11.842967405844755 1.0614831411530659
62937.1024 lsst_hardware_r -18.349722506294366 74.0999984741211 31.639999389648438 AB 8.611186962970798 1.082215277487847
62937.1227 lsst_hardware_i 9.818771581642688 61.36000061035156 31.329999923706055 AB 8.297089603533081 1.0417808065374343
62939.1176 lsst_hardware_z -36.66341106533914 64.37000274658203 31.709999084472656 AB 13.467904342356075 1.041198634894169
62941.1054 lsst_hardware_g -25.026964696144262 13.869999885559082 31.420000076293945 AB 7.705510054649982 1.052833109281987
62941.1267 lsst_hardware_r -28.32416203044745 22.520000457763672 31.5 AB 8.628811460564906 1.0213625717772625
62943.0922 lsst_hardware_i -70.54049942314134 30.670000076293945 31.260000228881836 AB 8.72593797763782 1.0682423918268436
62943.111 lsst_hardware_z 31.483186576775115 40.95000076293945 30.950000762939453 AB 8.367106681071816 1.03457269626854
62946.09 lsst_hardware_i 35.01626981477232 30.59000015258789 31.260000228881836 AB 5.174975706369659 1.0561174910958486
62946.1076 lsst_hardware_u -1.3665966499371318 2.8299999237060547 28.56999969482422 AB 5.037019944045553 1.0279632538868475
62948.0833 lsst_hardware_g -5.453736774298069 13.949999809265137 31.450000762939453 AB 6.340676803669411 1.0585142545287127
62948.1001 lsst_hardware_r 14.598136065250939 22.559999465942383 31.510000228881836 AB 6.287165392367854 1.030682851207845
62950.0837 lsst_hardware_i 16.903568911149936 30.469999313354492 31.25 AB 9.284223719942629 1.0476738477098348
62950.1011 lsst_hardware_r -1.2810026075781449 22.559999465942383 31.510000228881836 AB 9.187883020990915 1.022532773029321
62952.0747 lsst_hardware_u -0.9238271184087342 3.819999933242798 29.200000762939453 AB 6.558598132886762 1.0540698255516414
62952.093 lsst_hardware_g -13.515271564835423 13.84000015258789 31.43000030517578 AB 6.578995922129942 1.025697688262431
62954.0761 lsst_hardware_r -22.415400432297545 24.079999923706055 31.530000686645508 AB 6.9906028374833875 1.0420774416124465
62954.0931 lsst_hardware_i 22.443138525996773 30.90999984741211 31.270000457763672 AB 7.009227301267859 1.0192892256960737
62955.9985 lsst_hardware_y 48.05458624584496 50.79999923706055 29.979999542236328 AB 11.622255757696635 1.2736718638571656
62956.0167 lsst_hardware_r 32.56554715762804 32.119998931884766 31.549999237060547 AB 7.077140604249614 1.1892355241555288
62957.9962 lsst_hardware_y -37.345435494343484 51.959999084472656 29.989999771118164 AB 9.684757563506698 1.257352491205024
62958.0143 lsst_hardware_z 62.971216601710665 49.31999969482422 30.959999084472656 AB 9.208986905530429 1.17711805354035
62959.9933 lsst_hardware_y -39.49283066581468 55.2400016784668 29.989999771118164 AB 7.826802983436964 1.244671090277401
62960.0108 lsst_hardware_z -0.3409756858652339 59.52000045776367 30.969999313354492 AB 5.965158645497869 1.1696389500976214
62961.9927 lsst_hardware_y 90.92035076705746 62.33000183105469 30.0 AB 10.291464852101955 1.221865168988949
62962.0105 lsst_hardware_r 77.01183276669273 109.75 31.6299991607666 AB 9.322868070236195 1.1509713666958266
62972.9855 lsst_hardware_y 32.0667989454177 48.84000015258789 30.020000457763672 AB 16.292024241886292 1.1341077053973714
62973.0081 lsst_hardware_g 37.155030476745836 13.710000038146973 31.40999984741211 AB 14.320894776116512 1.0730075132893653
62978.9783 lsst_hardware_y 62.94790731490291 49.369998931884766 30.030000686645508 AB 7.202698544675352 1.1065469534772017
62978.9989 lsst_hardware_r -15.741773660699177 22.40999984741211 31.5 AB 6.935062800964286 1.0580343980315734
62983.9737 lsst_hardware_y 63.494568116839034 49.650001525878906 30.030000686645508 AB 1.1450988202143364 1.0830918138702639
62983.9928 lsst_hardware_z 37.948721041581756 41.56999969482422 30.950000762939453 AB 1.127650105330742 1.0443622184123564
62987.9743 lsst_hardware_y 1.4067086461513325 51.61000061035156 30.040000915527344 AB 9.809836732113778 1.0580826273222599
62988.0031 lsst_hardware_r 45.123958073599276 58.77000045776367 31.649999618530273 AB 8.919817025740086 1.0163971884122363
62989.9691 lsst_hardware_y -43.992107160111175 57.70000076293945 30.049999237060547 AB 11.667694690710984 1.0575748643291172
62989.9905 lsst_hardware_r -78.59349099489414 82.31999969482422 31.65999984741211 AB 11.3120884895761 1.024158664545945
