data/validation/pwv_sim_epoch_fit_4/14404934.ecsv
# %ECSV 0.9
# ---
# datatype:
# - {name: time, datatype: float64}
# - {name: band, datatype: string}
# - {name: flux, datatype: float64}
# - {name: fluxerr, datatype: float64}
# - {name: zp, datatype: float64}
# - {name: zpsys, datatype: string}
# - {name: pwv, datatype: float64}
# - {name: airmass, datatype: float64}
# meta: {SNID: '14404934', alt: 1024.0, c: -0.014060902409255505, dec: -32.089951, lat: -30.244573, lon: -70.7499537, ra: 242.050781,
#   t0: 60732.09375, x0: 5.616635837442152e-06, x1: -1.9490870237350464, z: 0.5849349498748779}
# schema: astropy-2.0
time band flux fluxerr zp zpsys pwv airmass
[from data line 132]
61149.1714 lsst_hardware_g 0.25829924631843115 14.84000015258789 31.3700008392334 AB 11.277139327167541 1.26255478360586
61149.1906 lsst_hardware_r 0.4092813271085692 24.200000762939453 31.489999771118164 AB 10.538522664999638 1.1767654139914023
61151.1714 lsst_hardware_i -29.549670307645776 32.66999816894531 31.229999542236328 AB 8.36788935683088 1.2356599759053277
61151.1904 lsst_hardware_z -8.908931412360996 43.040000915527344 30.940000534057617 AB 7.850628903744908 1.1571987083274646
61153.1671 lsst_hardware_r -29.032015637955272 24.59000015258789 31.469999313354492 AB 4.986064151023704 1.2302156799959791
61153.1859 lsst_hardware_u -2.0953457091337993 2.759999990463257 28.399999618530273 AB 4.717848187483064 1.1537902145960046
61157.163 lsst_hardware_z 84.19337345696312 50.43000030517578 30.950000762939453 AB 5.479557543653633 1.2000126019498787
61157.1812 lsst_hardware_r 28.244019918101852 51.11000061035156 31.610000610351562 AB 3.962694919192908 1.1328728774345418
61159.1742 lsst_hardware_y 59.10225975854021 75.94999694824219 30.770000457763672 AB 11.092299668022134 1.137866267877121
61161.1627 lsst_hardware_r 117.26600907283597 130.3800048828125 31.6299991607666 AB 10.784786926611357 1.15862669423483
61161.1839 lsst_hardware_i -120.17327301833615 99.16999816894531 31.329999923706055 AB 10.454680390160814 1.093585814870378
61163.1667 lsst_hardware_z 165.22944397927242 107.52999877929688 31.0 AB 12.96195677575745 1.1269306882070467
61163.1879 lsst_hardware_r -138.102160501256 156.80999755859375 31.65999984741211 AB 12.353512271996879 1.0710518702962633
61166.1612 lsst_hardware_z 23.116454552970843 63.4900016784668 30.979999542236328 AB 3.8779793413575208 1.118728564470761
61166.1814 lsst_hardware_r 93.46707325416536 78.31999969482422 31.649999618530273 AB 3.4647933344290553 1.067403984728606
61168.1621 lsst_hardware_i -3.006944788718882 42.31999969482422 31.280000686645508 AB 10.811381675190782 1.100675151457448
61168.1795 lsst_hardware_z 70.1623707107765 47.38999938964844 30.959999084472656 AB 9.353097077833459 1.0600812736975471
61170.157 lsst_hardware_r 3.293234402897321 24.209999084472656 31.489999771118164 AB 7.68511485228323 1.0997063943167036
61170.1778 lsst_hardware_u 4.481483401330553 2.7100000381469727 28.399999618530273 AB 6.635501820735872 1.0528643075161723
61175.1311 lsst_hardware_r 12.792719421894416 24.709999084472656 31.5 AB 7.93799258039563 1.1359598230844619
61175.1555 lsst_hardware_i 35.64795700404217 31.790000915527344 31.260000228881836 AB 7.4539137342191015 1.0702598242372228
61177.1691 lsst_hardware_r 46.46925373200304 24.1200008392334 31.510000228881836 AB 7.057157181806047 1.0355329687169705
61177.1924 lsst_hardware_g 17.42586809749496 15.210000038146973 31.459999084472656 AB 6.886920478531389 1.0097877097624437
61178.1563 lsst_hardware_r 28.276072790704294 24.260000228881836 31.5 AB 8.457855774068577 1.052233860919206
61178.1764 lsst_hardware_i 7.844660406763599 31.31999969482422 31.260000228881836 AB 7.626540084821783 1.022324408153054
61182.1542 lsst_hardware_z 17.14831646639691 41.84000015258789 30.950000762939453 AB 5.15957015193585 1.037412315660169
61182.1752 lsst_hardware_i 62.7883952427533 31.489999771118164 31.270000457763672 AB 5.358459006546198 1.0126062279106531
61187.054 lsst_hardware_i -9.464874419896516 61.470001220703125 31.270000457763672 AB 7.74788751811782 1.339981987712241
61187.0734 lsst_hardware_r -11.725054187401827 70.6500015258789 31.600000381469727 AB 7.131462996192501 1.2342976065410411
61189.0599 lsst_hardware_z 20.64435337088994 122.55000305175781 31.719999313354492 AB 12.274937879838074 1.27449062996374
61194.0677 lsst_hardware_z 38.77059044304794 67.02999877929688 30.969999313354492 AB 10.561944063593975 1.17691662964526
61194.0836 lsst_hardware_r -23.026909810741017 87.23999786376953 31.639999389648438 AB 10.206115540719416 1.1221985805788603
61196.0719 lsst_hardware_r -57.16941475059204 37.88999938964844 31.56999969482422 AB 10.856123228429906 1.1421086297268102
61196.092 lsst_hardware_z -57.624719901101436 48.189998626708984 30.959999084472656 AB 9.743630112042137 1.0844329562651551
61198.0527 lsst_hardware_u -1.0616081553418397 2.7100000381469727 28.350000381469727 AB 4.567213924690805 1.1931850106957886
61198.0728 lsst_hardware_g -34.28646837409704 15.199999809265137 31.43000030517578 AB 4.353540812925252 1.1218297527348065
61219.9872 lsst_hardware_r -123.93724754786845 139.00999450683594 31.6200008392334 AB 4.660915209062127 1.2164198022782313
61220.0007 lsst_hardware_z -109.03394930560613 93.55999755859375 30.989999771118164 AB 5.259639668012372 1.1619233434489775
61221.9676 lsst_hardware_y -9.643330109438047 59.47999954223633 29.959999084472656 AB 10.046138370518156 1.2863173329728241
61221.9858 lsst_hardware_r 26.59213548702217 93.87000274658203 31.610000610351562 AB 9.261883847643501 1.1988717685124755
61224.9676 lsst_hardware_y 84.54639639097564 50.040000915527344 29.989999771118164 AB 10.224232003119958 1.244076090422214
61224.9865 lsst_hardware_g 35.07287142042027 14.84000015258789 31.40999984741211 AB 9.564675229870556 1.1639279873284443
61230.9682 lsst_hardware_y 66.10679180158267 49.959999084472656 30.010000228881836 AB 9.347533728738446 1.1710766385289504
61230.987 lsst_hardware_i 9.516564640277904 31.959999084472656 31.25 AB 8.913577517679617 1.109205763772931
61232.9683 lsst_hardware_y -8.289131444796295 49.88999938964844 30.010000228881836 AB 12.203960303535542 1.150891758881748
61232.987 lsst_hardware_i -8.653773807975366 31.75 31.25 AB 11.625422883376864 1.0943977861845873
61234.9685 lsst_hardware_y 15.713682237374426 50.29999923706055 30.020000457763672 AB 9.655719878914878 1.1320160864724935
61234.9872 lsst_hardware_g 7.171344047804272 15.010000228881836 31.440000534057617 AB 9.351583294409085 1.0804001187362773
61236.969 lsst_hardware_y -80.79843408186719 50.279998779296875 30.030000686645508 AB 4.712685350770442 1.1138466912717804
61236.9887 lsst_hardware_i -23.131415055900888 31.190000534057617 31.25 AB 4.49382435068111 1.064971407855544
61237.968 lsst_hardware_z 87.14562463949784 44.68000030517578 30.940000534057617 AB 2.0676067734613754 1.1088840796217434
61237.9863 lsst_hardware_u 0.6608448310389007 2.7100000381469727 28.3799991607666 AB 1.9724763923165323 1.0642858231923735
61241.9696 lsst_hardware_y -3.1306431760071876 51.38999938964844 30.040000915527344 AB 5.869359644469142 1.0768808594830546
61241.9897 lsst_hardware_r 33.872269745631556 34.90999984741211 31.59000015258789 AB 5.618010669699784 1.0384492919962631
61243.9701 lsst_hardware_y 5.310506923890035 54.099998474121094 30.040000915527344 AB 3.5690542809007115 1.0639072776929783
61243.9901 lsst_hardware_z 27.959074417811348 53.81999969482422 30.969999313354492 AB 3.4523961414151523 1.0299511161739714
61245.9685 lsst_hardware_y -28.190936653567878 60.630001068115234 30.059999465942383 AB 5.18838924726583 1.0562323307296502
61245.9875 lsst_hardware_z 8.06139940240118 71.4800033569336 30.989999771118164 AB 5.028472168184799 1.0262188098336325
61247.97 lsst_hardware_y 26.61549457548994 59.540000915527344 30.049999237060547 AB 4.493814630148668 1.043778560734438
61247.9894 lsst_hardware_r 29.168892069289278 97.48999786376953 31.65999984741211 AB 4.399755782077429 1.0178336941881776
61248.9693 lsst_hardware_y 45.34401946881829 59.630001068115234 30.059999465942383 AB 4.282316424727686 1.040470491338805
61248.9875 lsst_hardware_r -166.22809131931808 97.5 31.65999984741211 AB 4.169682095491476 1.0169956330467016
