data/validation/pwv_sim_epoch_fit_4/14544720.ecsv
# %ECSV 0.9
# ---
# datatype:
# - {name: time, datatype: float64}
# - {name: band, datatype: string}
# - {name: flux, datatype: float64}
# - {name: fluxerr, datatype: float64}
# - {name: zp, datatype: float64}
# - {name: zpsys, datatype: string}
# - {name: pwv, datatype: float64}
# - {name: airmass, datatype: float64}
# meta: {SNID: '14544720', alt: 1024.0, c: -0.008289347402751446, dec: -3.284369, lat: -30.244573, lon: -70.7499537, ra: 18.105469, t0: 60902.23046875,
#   x0: 4.798681907025742e-06, x1: 0.4669143557548523, z: 0.6238228678703308}
# schema: astropy-2.0
time band flux fluxerr zp zpsys pwv airmass
[from data line 132]
61324.1732 lsst_hardware_r 11.780709008059512 24.739999771118164 31.510000228881836 AB 4.382110027798113 1.1317432923032318
61324.1924 lsst_hardware_z -17.6039280580912 42.79999923706055 30.950000762939453 AB 4.358544191402971 1.1233843871479798
61327.1455 lsst_hardware_i 11.365835152566818 32.369998931884766 31.239999771118164 AB 9.63508112401947 1.1572744273555033
61327.1626 lsst_hardware_r -8.919511176386651 24.59000015258789 31.5 AB 9.49334779622721 1.133940252774392
61329.1421 lsst_hardware_u -2.538087839940853 2.9600000381469727 28.489999771118164 AB 9.037955134725742 1.1537201384682612
61329.1603 lsst_hardware_g -16.879437440861015 16.209999084472656 31.469999313354492 AB 8.783544530946125 1.1311105260649301
61331.1417 lsst_hardware_r -31.595097018047422 30.459999084472656 31.549999237060547 AB 7.045968584406558 1.1458722693781624
61331.1606 lsst_hardware_i 3.2206477647072043 34.970001220703125 31.260000228881836 AB 6.9288393225039 1.1270987104520753
61333.136 lsst_hardware_z 66.34185422748511 47.9900016784668 30.950000762939453 AB 3.8398217714956346 1.1462154541778014
61333.153 lsst_hardware_r 57.23789718956871 43.2599983215332 31.600000381469727 AB 3.809159708173639 1.1284170163446547
61336.145 lsst_hardware_z -55.84572966814915 99.9000015258789 31.729999542236328 AB 5.518092825219388 1.1282905176975302
61341.1105 lsst_hardware_i 32.7578160080693 66.70999908447266 31.31999969482422 AB 4.350357556767142 1.1518023713971783
61341.1267 lsst_hardware_r -137.27981480695206 80.44000244140625 31.639999389648438 AB 3.1960515783695826 1.1318131069006372
61344.1085 lsst_hardware_u 3.3510351874910653 2.9000000953674316 28.510000228881836 AB 5.749002639675225 1.1427156906529965
61344.1251 lsst_hardware_g 18.97015575478356 15.350000381469727 31.459999084472656 AB 4.161252343287044 1.1270997679542374
61351.073 lsst_hardware_i -3.092436552680711 32.349998474121094 31.239999771118164 AB 4.151957545900837 1.1708848127185187
61351.0969 lsst_hardware_z -23.386929731984964 42.900001525878906 30.940000534057617 AB 5.204774261559751 1.1341024683816494
61356.0916 lsst_hardware_i -19.91407928059776 31.959999084472656 31.239999771118164 AB 3.7852977346682977 1.1275274987841823
61356.1102 lsst_hardware_u -1.2672513393976577 2.680000066757202 28.360000610351562 AB 3.778904202371114 1.123865533927814
61357.0839 lsst_hardware_g 2.596147479713918 15.1899995803833 31.43000030517578 AB 4.080877811829548 1.1310636950750652
61357.1018 lsst_hardware_r -45.489468392428 24.25 31.5 AB 3.8977083399523176 1.1233937811799641
61359.088 lsst_hardware_i -11.98113362608366 32.849998474121094 31.25 AB 4.725951294183231 1.1252264986150549
61359.1066 lsst_hardware_r -9.633214018504598 25.90999984741211 31.520000457763672 AB 4.726122716260411 1.125267313395336
61361.0725 lsst_hardware_z -85.72303403601174 63.27000045776367 31.690000534057617 AB 4.405910021519764 1.1314612279200869
61364.0646 lsst_hardware_z -42.17514191475883 62.939998626708984 30.969999313354492 AB 7.482148280179737 1.1312164312174073
61364.0855 lsst_hardware_r 62.280066285323315 77.19999694824219 31.6299991607666 AB 6.503105913352267 1.1234526929864848
61372.0308 lsst_hardware_y 30.12606515864344 52.06999969482422 30.020000457763672 AB 5.136320999276267 1.1443928032698516
61372.0498 lsst_hardware_i 21.505801915194183 31.940000534057617 31.239999771118164 AB 4.297845791848226 1.1264666587056331
61374.0322 lsst_hardware_z -58.735823789735164 48.099998474121094 30.950000762939453 AB 6.358546284968643 1.1360294705598624
61374.052 lsst_hardware_u 0.6625488349623246 2.8499999046325684 28.450000762939453 AB 5.539065773428868 1.1237706986059786
61376.033 lsst_hardware_y -33.78778774214799 52.68000030517578 30.020000457763672 AB 7.882921685028308 1.130276014676907
61376.0518 lsst_hardware_r -13.05762451559624 24.520000457763672 31.5 AB 7.042733944456753 1.123392361205421
61379.0323 lsst_hardware_y -40.2615810030485 55.5099983215332 30.030000686645508 AB 2.45305405556826 1.1256844614462378
61379.052 lsst_hardware_z 66.89491466390714 43.209999084472656 30.950000762939453 AB 1.7351614222286553 1.1252668107838233
61381.0322 lsst_hardware_y 10.762068395270097 58.470001220703125 30.020000457763672 AB 6.159192335941524 1.1239060252318709
61381.0519 lsst_hardware_u 4.339470031400432 2.890000104904175 28.440000534057617 AB 5.021036150506282 1.1280692317470864
61383.0333 lsst_hardware_y 40.778427260498205 58.970001220703125 30.030000686645508 AB 5.526872493174898 1.1234241804678293
61383.0523 lsst_hardware_r 18.14296790601297 24.770000457763672 31.5 AB 6.069525292573705 1.1325854249997584
