data/validation/pwv_sim_epoch_fit_4/14655862.ecsv
# %ECSV 0.9
# ---
# datatype:
# - {name: time, datatype: float64}
# - {name: band, datatype: string}
# - {name: flux, datatype: float64}
# - {name: fluxerr, datatype: float64}
# - {name: zp, datatype: float64}
# - {name: zpsys, datatype: string}
# - {name: pwv, datatype: float64}
# - {name: airmass, datatype: float64}
# meta: {SNID: '14655862', alt: 1024.0, c: -0.09144096076488495, dec: -34.953865, lat: -30.244573, lon: -70.7499537, ra: 46.582031, t0: 61355.4296875,
#   x0: 4.070390941708222e-06, x1: 0.6847379207611084, z: 0.666795551776886}
# schema: astropy-2.0
time band flux fluxerr zp zpsys pwv airmass
[from data line 132]
61672.252 lsst_hardware_r 21.067323921535746 21.989999771118164 31.489999771118164 AB 4.347023313764185 1.0692030779119912
61672.2684 lsst_hardware_u -1.2218446559578378 2.6500000953674316 28.450000762939453 AB 4.215215661739241 1.0399166945759934
61678.1793 lsst_hardware_r 46.9920353503175 32.38999938964844 32.20000076293945 AB 5.304359818868829 1.2585230010958723
61678.2049 lsst_hardware_u 0.939356111586816 2.5999999046325684 28.350000381469727 AB 4.852398901177756 1.152565998577484
61680.2149 lsst_hardware_i -30.87258388303972 30.389999389648438 31.239999771118164 AB 3.723084229401221 1.1055108690969404
61680.2368 lsst_hardware_r 31.504064163288536 21.940000534057617 31.489999771118164 AB 3.5401147629884053 1.056198929809325
61682.2164 lsst_hardware_u 0.012052722327221443 2.630000114440918 28.399999618530273 AB 2.858348737242613 1.0877897008407762
61682.2378 lsst_hardware_g -13.889728424076962 13.1899995803833 31.399999618530273 AB 2.7445775276263813 1.045055698287056
61684.2146 lsst_hardware_r -23.03909071642197 22.0 31.469999313354492 AB 5.178297326285216 1.0792616353243247
61684.2356 lsst_hardware_i -38.837986014665695 29.81999969482422 31.25 AB 5.085476539154936 1.0399747523835985
61686.2121 lsst_hardware_z -36.8800892056206 42.970001220703125 30.950000762939453 AB 3.464080027546255 1.0727473633695066
61686.2313 lsst_hardware_r 15.907134820721438 28.139999389648438 31.549999237060547 AB 3.3120246512422766 1.0382522417687388
61688.2225 lsst_hardware_z 77.26869592414053 65.05000305175781 31.709999084472656 AB 2.7140530641197387 1.0433315213171728
61692.2056 lsst_hardware_r -7.015592503252158 87.61000061035156 31.649999618530273 AB 8.446985504709328 1.0533714309401832
61692.2237 lsst_hardware_y 4.572468764996048 53.4900016784668 30.059999465942383 AB 6.4678156893892975 1.0266374110141743
61694.2075 lsst_hardware_z -53.238195688735075 65.0 30.989999771118164 AB 7.911626750722635 1.0411861840747458
61694.2275 lsst_hardware_r 174.0465959679341 92.54000091552734 31.65999984741211 AB 7.223857016497433 1.0170149255944578
61698.1123 lsst_hardware_u -0.6885710325739863 2.5 28.209999084472656 AB 4.326216406253245 1.3256370173904264
61698.1328 lsst_hardware_r 20.283281315086004 22.739999771118164 31.459999084472656 AB 4.023711289707253 1.220662743363511
61700.1883 lsst_hardware_u -0.6318788370163523 2.690000057220459 28.469999313354492 AB 3.0098563962067852 1.0456336273082458
61700.2068 lsst_hardware_g -20.436979441012493 13.220000267028809 31.420000076293945 AB 2.8649058850117184 1.0211747941587426
61702.118 lsst_hardware_r -13.983381685663208 22.850000381469727 31.459999084472656 AB 3.838532773956927 1.2382363786957828
61702.1363 lsst_hardware_u 1.6092640649336483 2.6500000953674316 28.389999389648438 AB 3.341024673240291 1.1633094266155746
61705.1136 lsst_hardware_g -23.814039925819092 13.449999809265137 31.350000381469727 AB 5.133503759636487 1.2210514393585903
61705.1317 lsst_hardware_r -21.589209744011864 22.600000381469727 31.469999313354492 AB 4.079627785614042 1.150811787197191
61707.1174 lsst_hardware_i 3.902836262874354 31.25 31.229999542236328 AB 3.500717237891252 1.182807941623188
61707.1361 lsst_hardware_z 1.9974275104561334 41.95000076293945 30.940000534057617 AB 3.2411623503545672 1.1197658836947892
61709.1171 lsst_hardware_r 12.537594554472756 22.450000762939453 31.459999084472656 AB 5.841975222442817 1.1636241853285718
61709.136 lsst_hardware_g -10.751149975345976 13.199999809265137 31.3700008392334 AB 4.115263147607951 1.1047686302303226
61720.1414 lsst_hardware_i -114.27379132600916 56.060001373291016 31.31999969482422 AB 2.64454742543267 1.0341035292365937
61720.1606 lsst_hardware_z -16.107550706709638 53.88999938964844 30.979999542236328 AB 2.6556273350200508 1.0135982194726614
61724.1224 lsst_hardware_r -23.416472172878617 82.94999694824219 31.649999618530273 AB 4.394220625435733 1.046243006056127
61724.1408 lsst_hardware_i 33.84626025653037 65.80999755859375 31.329999923706055 AB 4.286316315309845 1.0216664173943166
61726.1243 lsst_hardware_z 42.751160052486995 46.68000030517578 30.959999084472656 AB 3.2087946903199263 1.0350950613935246
61726.1427 lsst_hardware_u -7.644195250781015 9.899999618530273 29.280000686645508 AB 2.766118009372452 1.0148098722818075
61728.1054 lsst_hardware_r -30.251897196900423 21.780000686645508 31.479999542236328 AB 4.702413385826141 1.0568408553380084
61728.1231 lsst_hardware_i -43.09840899631443 29.700000762939453 31.25 AB 4.559196814007595 1.0294545445119445
61729.1069 lsst_hardware_z 1.596897432692967 40.9900016784668 30.950000762939453 AB 6.0735174510103285 1.0493292071545142
61729.124 lsst_hardware_r -30.86594568243153 21.75 31.489999771118164 AB 5.909559176305554 1.0251049483313208
61731.0296 lsst_hardware_y 35.16278895515367 51.38999938964844 29.969999313354492 AB 6.009114968538089 1.2841361189311014
61731.0465 lsst_hardware_z -7.816091925852037 42.9900016784668 30.93000030517578 AB 5.287760283573384 1.20436403224556
61734.0322 lsst_hardware_y -30.277706961931894 51.0099983215332 29.989999771118164 AB 7.74830572273719 1.2309970432776345
61734.0501 lsst_hardware_u 0.3800868137125524 2.569999933242798 28.329999923706055 AB 5.9858967552347595 1.1591589378843454
61736.0331 lsst_hardware_y 31.14860342104021 50.310001373291016 30.0 AB 5.808093612477899 1.203313536536572
61736.0516 lsst_hardware_r 39.76796048391118 22.1299991607666 31.469999313354492 AB 4.170395299265794 1.135934800962174
61738.0413 lsst_hardware_z 15.261163239072395 61.70000076293945 31.690000534057617 AB 7.11902701667612 1.1518218665747146
61740.034 lsst_hardware_y 85.1755492207037 52.15999984741211 30.020000457763672 AB 8.66598658792857 1.1581672686840723
61740.0515 lsst_hardware_g 6.002596531811149 13.149999618530273 31.3700008392334 AB 9.20379104879355 1.1043886625354464
61742.0352 lsst_hardware_y 37.39108884601954 52.2400016784668 30.010000228881836 AB 7.627856229133389 1.1359888818695985
61742.0527 lsst_hardware_i -17.17672956659047 30.649999618530273 31.239999771118164 AB 7.21337925686416 1.087505449244939
61746.0379 lsst_hardware_y 135.25813863348404 51.0 30.030000686645508 AB 5.907393097129505 1.0971107989841768
61746.0585 lsst_hardware_g -41.93737822847982 34.810001373291016 31.65999984741211 AB 4.741157358055354 1.0527717015775226
61748.0381 lsst_hardware_y -24.83960597635318 53.70000076293945 30.040000915527344 AB 5.415387076181444 1.083294074051099
61748.0581 lsst_hardware_i 44.92197456185366 47.59000015258789 31.309999465942383 AB 5.587977143980494 1.044253990216556
61750.0491 lsst_hardware_z 56.51246543965737 80.62999725341797 31.729999542236328 AB 10.461967835657342 1.0501172211914285
61752.0401 lsst_hardware_y -3.980959351917646 56.2400016784668 30.049999237060547 AB 11.243425292138385 1.0564150420124387
61752.0622 lsst_hardware_r 143.94987854639098 82.06999969482422 31.65999984741211 AB 11.507490343144825 1.0239802761295207
61754.0398 lsst_hardware_y 16.435863113817256 52.93000030517578 30.049999237060547 AB 7.946272620963868 1.0473764683586038
61754.0613 lsst_hardware_z -47.597062711240056 49.29999923706055 30.979999542236328 AB 7.825858855332555 1.0192389923467546
