data/validation/pwv_sim_epoch_fit_4/14664251.ecsv
# %ECSV 0.9
# ---
# datatype:
# - {name: time, datatype: float64}
# - {name: band, datatype: string}
# - {name: flux, datatype: float64}
# - {name: fluxerr, datatype: float64}
# - {name: zp, datatype: float64}
# - {name: zpsys, datatype: string}
# - {name: pwv, datatype: float64}
# - {name: airmass, datatype: float64}
# meta: {SNID: '14664251', alt: 1024.0, c: -0.1131584495306015, dec: -5.829153, lat: -30.244573, lon: -70.7499537, ra: 332.226562, t0: 60528.59765625,
#   x0: 4.004861643614802e-06, x1: 0.45399022102355957, z: 0.6710906028747559}
# schema: astropy-2.0
time band flux fluxerr zp zpsys pwv airmass
60458.4136 lsst_hardware_z 18.01698480774387 61.09000015258789 30.969999313354492 AB 8.990411931347289 1.1093567421714021
60458.4367 lsst_hardware_y -44.77207948818789 72.37000274658203 30.049999237060547 AB 8.680540904102719 1.0992664716043679
60460.409 lsst_hardware_z 96.59468409643016 54.880001068115234 30.969999313354492 AB 8.203485021741873 1.108579056992145
60460.431 lsst_hardware_y -18.93180394515649 55.880001068115234 30.030000686645508 AB 7.94140767334681 1.0992582023734798
60462.4119 lsst_hardware_r -16.71356984474254 29.889999389648438 31.540000915527344 AB 8.459572901732837 1.102655487712786
60462.4303 lsst_hardware_y -34.81491338480336 52.0099983215332 30.020000457763672 AB 7.113031779421785 1.0998824992340444
60464.4125 lsst_hardware_z -6.596896717757378 61.16999816894531 31.700000762939453 AB 12.762275296960649 1.1001961462897112
60468.404 lsst_hardware_i 23.125531379414937 45.959999084472656 32.0 AB 3.2086627810183215 1.09964167848693
60468.4247 lsst_hardware_y 3.139732452444156 68.93000030517578 30.770000457763672 AB 1.8466290999990325 1.1047736165109205
60485.3196 lsst_hardware_i 95.1145889686811 82.73999786376953 31.31999969482422 AB 4.563460944190829 1.137287519060677
60485.3424 lsst_hardware_z -14.104792999492762 73.12000274658203 30.979999542236328 AB 3.9970283639302004 1.107184514834893
60487.3376 lsst_hardware_r -51.51975935034287 95.93000030517578 31.639999389648438 AB 7.967923233520525 1.1066560046556284
60487.3611 lsst_hardware_z -3.4851870021492197 73.37999725341797 30.979999542236328 AB 7.917809360137036 1.0996957444634772
60493.3305 lsst_hardware_i -35.54976593521155 32.0 31.239999771118164 AB 7.063068591414917 1.1011669883978221
60493.3519 lsst_hardware_z -63.58719911244099 42.650001525878906 30.940000534057617 AB 7.182592164125784 1.1021316808540407
60495.296 lsst_hardware_r -49.38718379051997 24.53182552069576 31.5 AB 5.049520904928343 1.1307851091542196
60495.315 lsst_hardware_g 16.974091120835414 15.382267690249504 31.450000762939453 AB 4.979390819794164 1.107269472936216
60497.339 lsst_hardware_r 32.737584093106136 34.43622200390745 32.25 AB 1.724739759141887 1.1012491811058853
60497.3589 lsst_hardware_i -0.6094360603960336 45.36796032788601 31.989999771118164 AB 1.7257458554672642 1.1177110462871631
60499.3338 lsst_hardware_z 55.02039577907559 42.84260947559406 30.950000762939453 AB 2.4450125367536164 1.1013569985376652
60499.3572 lsst_hardware_i -13.0870240626764 32.43371049235244 31.25 AB 2.556909727175259 1.1227648099422978
60501.3012 lsst_hardware_r 38.93786199461492 24.69475334378444 31.5 AB 9.46162326043648 1.1052975392583722
60501.3224 lsst_hardware_u 4.378502304871889 3.1123404241232495 28.40999984741211 AB 9.381094670317625 1.0996154924914632
60506.3 lsst_hardware_i 277.02457684333734 35.120902961881534 31.239999771118164 AB 3.2991153184825555 1.0997051061608518
60506.3185 lsst_hardware_z 117.97308131407208 44.21814345547259 30.940000534057617 AB 3.2023662265185444 1.103249733527289
60508.2946 lsst_hardware_r 402.2031724603299 47.32084353284729 31.600000381469727 AB 1.9794501758449512 1.099694542136084
60508.3135 lsst_hardware_g 148.96437306206437 34.36788192699733 31.639999389648438 AB 1.9863362563592064 1.1035201424217813
60511.2909 lsst_hardware_r 672.0436573582666 101.03629339679863 31.639999389648438 AB 5.255231926605024 1.0992675902811562
60511.3107 lsst_hardware_i 623.080923048092 80.6835292416389 31.31999969482422 AB 5.507926178970119 1.1073434215862725
60514.2507 lsst_hardware_i 870.566301957049 117.70623444163422 31.31999969482422 AB 6.627803002035887 1.1208235065449639
60514.2736 lsst_hardware_z 328.1101856305063 100.40739064355196 30.989999771118164 AB 6.49896894477394 1.1010069789121917
60516.2516 lsst_hardware_r 1364.2577079507873 91.177002465573 31.6299991607666 AB 11.845755029155796 1.1130438827194749
60516.2727 lsst_hardware_z 525.1827925192914 69.46581953584626 30.979999542236328 AB 11.68843469456872 1.0997084640188848
60520.253 lsst_hardware_g 391.1917561202398 25.581118253833118 31.43000030517578 AB 4.859821103704814 1.1029798431043776
60520.2708 lsst_hardware_r 1345.656425641854 45.08320446549708 31.510000228881836 AB 4.843955714764229 1.099670227911439
60527.2118 lsst_hardware_r 1440.5755220471563 44.885009949067225 31.489999771118164 AB 2.534897001727495 1.1257453099711314
60527.2329 lsst_hardware_g 386.3026240854644 24.480064119942963 31.43000030517578 AB 2.4846466213749454 1.103551686153651
60529.2688 lsst_hardware_r 2720.001265315139 63.09567523747472 32.2599983215332 AB 3.4960197625079354 1.114446848105813
60529.288 lsst_hardware_i 2385.8860825258903 67.46399019643923 31.989999771118164 AB 3.609043717074142 1.144728797739796
60531.222 lsst_hardware_i 1128.189417557286 47.169207579876655 31.239999771118164 AB 4.954893453834577 1.1035397447293045
60531.2421 lsst_hardware_z 735.8207847293025 51.146314882125935 30.950000762939453 AB 5.038605895173782 1.0999521683512103
60535.2049 lsst_hardware_g 250.06875127636727 29.868281096010456 31.600000381469727 AB 2.6043333248558365 1.1080304874411246
60535.2247 lsst_hardware_r 1153.389602214316 45.429709012408125 31.549999237060547 AB 2.6591716309922444 1.0992855026838546
60537.1822 lsst_hardware_i 1230.148736686669 56.41992228958618 31.290000915527344 AB 5.5242933782901344 1.129365916036008
60537.2036 lsst_hardware_z 865.2225962672273 56.20687711029678 30.959999084472656 AB 5.408971514930483 1.1048300086667993
60539.2283 lsst_hardware_r 1154.0706281402884 87.82871561080825 31.639999389648438 AB 2.6729654208380174 1.1032015494430338
60539.2431 lsst_hardware_z 758.4677292375592 67.89059703740931 30.979999542236328 AB 2.8098955222937807 1.116329954230272
60543.1718 lsst_hardware_i 822.024140263798 112.54097957724882 31.329999923706055 AB 2.7842341881541097 1.1204537461970328
60543.1981 lsst_hardware_z 1276.7240306742563 136.7822275264678 31.739999771118164 AB 2.7236266815353676 1.0998997199537073
60543.2244 lsst_hardware_i 997.1056384444851 113.51000644755962 31.329999923706055 AB 2.2113406253250507 1.108256243898288
60546.1746 lsst_hardware_r 603.6666477936694 53.57909607983901 31.610000610351562 AB 4.264965132031535 1.1082629186742838
60546.1951 lsst_hardware_z 596.9972499962827 55.71500104293161 30.959999084472656 AB 4.202174365664934 1.0992782609866414
60549.1521 lsst_hardware_g 77.5105784077134 18.485018889156688 31.469999313354492 AB 4.388260899609782 1.1251951024640467
60549.169 lsst_hardware_r 565.601335902601 34.26646231615465 31.520000457763672 AB 4.756463043432611 1.106154196147119
60553.144 lsst_hardware_i 514.1318218886294 39.664011676639234 31.239999771118164 AB 1.4574731472298625 1.1211331901768173
60553.1615 lsst_hardware_z 561.7871727302879 48.290724367349 30.950000762939453 AB 1.43494835719741 1.1038064286133922
60555.134 lsst_hardware_z 454.611304260585 48.08463481724582 30.940000534057617 AB 1.5789890757851215 1.1278493398465155
60555.1541 lsst_hardware_r 342.4229974529882 30.987700512424418 31.510000228881836 AB 1.5471077069113697 1.1050769335081212
60557.1326 lsst_hardware_u 1.4557672637056465 3.0541434204828115 28.420000076293945 AB 1.7006438322572628 1.1217967231248436
60557.152 lsst_hardware_r 252.1049841937845 30.11418387754592 31.5 AB 1.7007888015386354 1.1029758764841995
60559.1196 lsst_hardware_i 411.4859120531975 37.985778410026015 31.25 AB 1.786058738633141 1.1336456608271286
60559.1396 lsst_hardware_z 473.77868811171 47.329267302392175 30.950000762939453 AB 2.2563924932124544 1.1078396922609326
60568.0964 lsst_hardware_r 260.6677236943736 100.76784950338045 31.639999389648438 AB 4.072641682657339 1.1312893562937052
60568.1203 lsst_hardware_i 486.29965727868563 116.4080293261889 32.08000183105469 AB 3.9742515513266667 1.1039587642574074
60568.145 lsst_hardware_z 240.27445303482912 74.13162758735645 30.989999771118164 AB 3.522390442286935 1.1012058489850776
60571.1054 lsst_hardware_z 309.443361072315 94.2514511625981 30.989999771118164 AB 6.174741554595538 1.109102183198733
60571.126 lsst_hardware_r 75.39405172856826 140.21923676563753 31.649999618530273 AB 8.17389051522424 1.0993061011666438
60573.1 lsst_hardware_z 205.8591585499926 61.2447054477015 30.969999313354492 AB 3.992568384696369 1.109046773526769
60577.1046 lsst_hardware_r 141.1593652124799 37.20657345497476 32.25 AB 5.529469355415176 1.1000635343510203
60580.0725 lsst_hardware_r 122.8456284611563 26.097067367657612 31.489999771118164 AB 5.031112217776836 1.1181905951497153
60580.092 lsst_hardware_i 91.07363244676617 33.91715280022519 31.239999771118164 AB 5.041971766181029 1.1015887625477203
60582.0705 lsst_hardware_z 192.50456072372975 44.83527450095029 30.940000534057617 AB 4.129107484394972 1.1140429843006423
60582.0887 lsst_hardware_r 135.34643489262584 25.981019017752025 31.489999771118164 AB 4.249132799239039 1.1007403145494155
60584.0685 lsst_hardware_u 4.868555176832651 3.359129375421358 28.469999313354492 AB 5.400540004883394 1.110422536215358
60584.0877 lsst_hardware_r 49.49487500289957 25.97602776878367 31.5 AB 4.966349135161335 1.0996012698242743
60586.0645 lsst_hardware_i 36.675870127224734 33.70242444029462 31.25 AB 2.5567306635936857 1.109050316769962
60586.0842 lsst_hardware_z 145.08685073226556 44.31482668750349 30.950000762939453 AB 2.3086573773714827 1.0993606558911821
60590.0643 lsst_hardware_g 17.123046085285647 16.290196813995234 31.459999084472656 AB 5.671330775593933 1.1017641137618543
60590.083 lsst_hardware_r 63.42267227308529 25.972791333943476 31.510000228881836 AB 5.248892285195858 1.1005120631504053
60592.067 lsst_hardware_i 154.92266798988328 34.752812951805964 31.260000228881836 AB 2.689233917465649 1.0994415034610177
60592.0855 lsst_hardware_z 105.539073534589 44.8008435944547 30.950000762939453 AB 3.521298841456018 1.1043747346576815
60596.0368 lsst_hardware_z 202.29472239375886 68.9337782451242 30.979999542236328 AB 8.076980926290291 1.1094119054023535
60596.0541 lsst_hardware_r -150.61191091722395 84.5002049034626 31.639999389648438 AB 7.918208901905662 1.0997512363757864
60601.0329 lsst_hardware_r 36.37810990925867 85.12740372462616 31.639999389648438 AB 4.484283262271814 1.1024215182181534
60601.0521 lsst_hardware_z 121.69717399025704 64.86515984946033 30.979999542236328 AB 4.167475005474789 1.1002508099728834
60603.034 lsst_hardware_g 5.104358887388692 15.787456698385002 31.459999084472656 AB 3.670034563513903 1.0999654019223446
60603.0514 lsst_hardware_r 68.57089008567561 25.686195700403918 31.510000228881836 AB 3.151924013159429 1.1020713332728864
60609.0068 lsst_hardware_y 47.37850418465416 52.41416036285117 30.030000686645508 AB 4.7339923022883985 1.1049757372442115
60611.0028 lsst_hardware_y 47.52647015917768 65.59585641356303 30.049999237060547 AB 3.419862455720959 1.1040124144154608
60611.0214 lsst_hardware_z 160.99415601920296 44.08829419666012 30.950000762939453 AB 3.395336517303325 1.099526074256258
60613.0042 lsst_hardware_y -3.49776004385376 65.22000122070312 30.049999237060547 AB 5.092330671633555 1.100687489816037
60613.0203 lsst_hardware_u 1.5491163062415232 3.1600000858306885 28.59000015258789 AB 5.086986242234272 1.1005432943337707
60615.0079 lsst_hardware_y 85.18411944012227 56.70000076293945 30.040000915527344 AB 9.57044713132192 1.0992932611214434
60615.0276 lsst_hardware_r 25.83871528153417 24.899999618530273 31.5 AB 9.60925676072163 1.108078501005723
60617.0177 lsst_hardware_z -10.392281004257713 68.38999938964844 31.709999084472656 AB 5.226606294433552 1.1046793633439058
60825.4124 lsst_hardware_i -9.780747339670746 33.08000183105469 31.25 AB 14.285041513880806 1.106388391194935
60825.4317 lsst_hardware_y -20.982141949490313 53.97999954223633 30.030000686645508 AB 13.987024745689196 1.0993063815529684
60827.4112 lsst_hardware_g -15.721731570881989 16.350000381469727 31.469999313354492 AB 6.883748068480482 1.1034889633942369
60827.4317 lsst_hardware_y -97.83068512934953 52.029998779296875 30.030000686645508 AB 6.846485669490048 1.1001021401928253
60831.4007 lsst_hardware_i -20.558172346426023 32.43000030517578 31.25 AB 5.074930433874526 1.1032457464944623
60831.4237 lsst_hardware_y -10.481624082806425 48.77000045776367 30.030000686645508 AB 4.844553420057867 1.1010348681949698
60843.3198 lsst_hardware_z 24.443719137807115 64.97000122070312 30.969999313354492 AB 4.492119141134884 1.183434241352688
60843.3522 lsst_hardware_r -17.436528330602897 75.45999908447266 31.639999389648438 AB 3.6935467946262155 1.117563326664513
60845.3809 lsst_hardware_i -17.430934725789264 38.310001373291016 31.280000686645508 AB 3.2133444056074754 1.0997385525280126
60845.4026 lsst_hardware_z 30.014046454680106 45.91999816894531 30.950000762939453 AB 3.250940793039582 1.1137172980608365
60859.3247 lsst_hardware_z 10.262479974322012 73.62999725341797 32.130001068115234 AB 7.066241048605553 1.1030086448731642
60859.347 lsst_hardware_u -1.3120119755510609 4.75 29.59000015258789 AB 7.233252680720579 1.100951701783954
60862.3321 lsst_hardware_g -36.74317143438424 18.940000534057617 31.530000686645508 AB 5.620828612750642 1.0994106592069954
60862.3516 lsst_hardware_r -4.544694472331519 24.459999084472656 31.510000228881836 AB 6.313927073248236 1.1091009877767297
60876.2848 lsst_hardware_z 92.77358535159439 42.79999923706055 30.950000762939453 AB 3.125183549174229 1.1002876009297837
60876.3066 lsst_hardware_u 0.40991389702131775 2.819999933242798 28.459999084472656 AB 3.678846949988237 1.103930067513041
60878.2882 lsst_hardware_g 1.1457326653585238 15.1899995803833 31.43000030517578 AB 5.401710321863984 1.0993983016005393
60878.3105 lsst_hardware_r -39.916311423207 24.3700008392334 31.5 AB 5.408482046714955 1.1115984064772284
60880.2497 lsst_hardware_r -7.990566082124881 24.600000381469727 31.510000228881836 AB 7.038593377133125 1.1194878661541394
60880.2715 lsst_hardware_i 10.478633219603475 32.119998931884766 31.25 AB 6.516474561618209 1.1010813266790367
60882.2491 lsst_hardware_z 47.53917095927594 42.68000030517578 30.940000534057617 AB 11.197108481371414 1.1136045830069865
60882.2684 lsst_hardware_i -41.499327799190105 31.860000610351562 31.239999771118164 AB 11.58024240071774 1.1002954076820555
60885.2491 lsst_hardware_u -5.152132448704278 2.819999933242798 28.459999084472656 AB 4.552038611319815 1.1060270376576857
60885.2675 lsst_hardware_g 19.658194232673754 15.399999618530273 31.450000762939453 AB 4.61678479088662 1.0993217217763205
60887.2537 lsst_hardware_r -12.31502897321613 24.450000762939453 31.5 AB 3.940852599989796 1.100617478527185
60887.274 lsst_hardware_i 11.082316541951466 31.920000076293945 31.25 AB 3.94954230558637 1.1024798824591828
60889.2487 lsst_hardware_z -18.174069118574256 61.09000015258789 31.700000762939453 AB 1.9598481523244806 1.1004715655745527
60892.2543 lsst_hardware_z -59.882926269244834 50.540000915527344 30.959999084472656 AB 0.39852724102141085 1.1001442126194914
60892.274 lsst_hardware_r 41.01031269462612 54.709999084472656 31.6200008392334 AB 0.4380403544758522 1.113426022811908
60893.228 lsst_hardware_i 107.6696026797942 58.5 31.309999465942383 AB 2.5224408786037 1.1054852103007342
60893.2388 lsst_hardware_z -52.06582180997289 56.41999816894531 30.969999313354492 AB 2.4963072197702214 1.100179471031389
60895.2177 lsst_hardware_z 5.836759440339357 82.7699966430664 30.989999771118164 AB 3.4393243868438685 1.1094594796270543
60895.2382 lsst_hardware_i -4.53755767960316 96.58999633789062 31.329999923706055 AB 3.4080582178177 1.099373618650871
60898.225 lsst_hardware_z 4.110808425399871 139.1199951171875 31.739999771118164 AB 7.041412064520806 1.100220635081376
60900.2111 lsst_hardware_r 36.78087204844093 69.91000366210938 31.639999389648438 AB 3.867042919428861 1.104001975427553
60900.2297 lsst_hardware_i 12.25308179024457 59.869998931884766 31.31999969482422 AB 3.852391572284278 1.0995837226442924
60903.1955 lsst_hardware_z 17.45065441433934 42.869998931884766 30.950000762939453 AB 5.4166300915664625 1.1097946200002997
