data/validation/pwv_sim_epoch_fit_4/14680340.ecsv
# %ECSV 0.9
# ---
# datatype:
# - {name: time, datatype: float64}
# - {name: band, datatype: string}
# - {name: flux, datatype: float64}
# - {name: fluxerr, datatype: float64}
# - {name: zp, datatype: float64}
# - {name: zpsys, datatype: string}
# - {name: pwv, datatype: float64}
# - {name: airmass, datatype: float64}
# meta: {SNID: '14680340', alt: 1024.0, c: -0.08768488466739655, dec: -33.689194, lat: -30.244573, lon: -70.7499537, ra: 281.25, t0: 62202.45703125,
#   x0: 4.965926738267438e-05, x1: 0.5621784329414368, z: 0.23076669871807098}
# schema: astropy-2.0
time band flux fluxerr zp zpsys pwv airmass
62224.3467 lsst_hardware_r 6739.709280443078 113.71931157935867 31.610000610351562 AB 10.7603633034789 1.2125036118630794
62224.3634 lsst_hardware_i 5167.794031179926 93.74423618503303 31.309999465942383 AB 10.178652694319892 1.1482165536896112
62226.349 lsst_hardware_z 2428.6661482425316 77.39013637769749 30.969999313354492 AB 4.917276495093674 1.1806658517972577
62226.3666 lsst_hardware_r 6471.056453499073 113.32365434421557 31.6299991607666 AB 4.688561356166396 1.120682341526507
62228.3536 lsst_hardware_z 2339.4826980763232 75.90689911770615 30.969999313354492 AB 10.196935209036468 1.1444478765087598
62228.3714 lsst_hardware_r 5827.8157760181275 107.45661280680262 31.639999389648438 AB 9.93774776938949 1.0925404319909509
62230.3449 lsst_hardware_i 4683.154687343844 93.30734044398743 31.309999465942383 AB 8.83322756821339 1.15552621569967
62230.3629 lsst_hardware_z 2295.7606316906017 77.10663825886358 30.979999542236328 AB 8.435665702714351 1.1003999090417886
62232.3469 lsst_hardware_r 4497.340579540394 79.59644859321808 31.59000015258789 AB 20.41487922158805 1.130809410353843
62232.3659 lsst_hardware_z 2275.145533504502 66.24451357184692 30.959999084472656 AB 19.67440815721283 1.0794792093939798
62234.3432 lsst_hardware_g 1229.1393144081887 40.4857043674804 31.510000228881836 AB 10.4352398753542 1.125376361566705
62234.3599 lsst_hardware_r 3950.667128989643 68.33863229836324 31.530000686645508 AB 10.028248385950615 1.0807272620692054
62236.3523 lsst_hardware_z 2321.5640357058064 63.56217775255763 30.950000762939453 AB 5.169980053480657 1.0857881032197116
62236.3719 lsst_hardware_u 15.62207724481423 4.98093693009485 28.559999465942383 AB 4.932862249836857 1.0459843617126499
62238.3493 lsst_hardware_g 1042.77874366589 34.99150590475326 31.479999542236328 AB 7.326536101134426 1.0799861586056865
62238.3685 lsst_hardware_r 3367.0468801157167 62.19174285928229 31.530000686645508 AB 7.077073306709819 1.0426115314228623
62244.3532 lsst_hardware_i 2902.5979871685263 62.03681862206012 31.260000228881836 AB 13.338456855210602 1.0409013491567205
62244.3721 lsst_hardware_u 10.245751779596565 5.164590262820114 28.520000457763672 AB 13.033677032834765 1.017176592509363
62246.3498 lsst_hardware_g 623.5809240625872 30.583673607289036 31.479999542236328 AB 4.697891794720015 1.0377494576364072
62246.3679 lsst_hardware_r 2178.813553383913 53.198095353661586 31.530000686645508 AB 4.572999459249334 1.0159963250942754
62248.3479 lsst_hardware_i 2560.6159595256827 58.682471625697794 31.260000228881836 AB 6.4023511185469735 1.0326372771849957
62248.3675 lsst_hardware_r 2072.997200373008 51.30845159479334 31.520000457763672 AB 6.272804091904572 1.0117425954684793
62250.2435 lsst_hardware_z 2764.315352785327 87.00360407546678 31.68000030517578 AB 11.230207107704521 1.3906229134070898
62250.2625 lsst_hardware_r 3787.6455479063843 82.785421913822 32.29999923706055 AB 10.715938672791417 1.2757069848561209
62252.2529 lsst_hardware_i 2294.87594875373 71.13863079877368 31.270000457763672 AB 7.781097152337979 1.298111578313023
62252.272 lsst_hardware_z 1201.7836668072584 63.204844793901415 30.950000762939453 AB 7.105770084467338 1.2050486293611973
62257.2493 lsst_hardware_z 1001.4678196115182 83.28995690963374 30.959999084472656 AB 11.422718702369778 1.245956191288721
62257.2691 lsst_hardware_i 2133.381669344785 96.71270300828704 31.309999465942383 AB 10.527708127747603 1.1629614059925548
62259.2485 lsst_hardware_z 948.2784993260259 73.48316900568135 30.969999313354492 AB 14.50705170743272 1.2242237727791323
62259.2684 lsst_hardware_r 1771.4506841863893 88.7050840627134 31.6299991607666 AB 14.54459600535991 1.1463570400672498
62261.2483 lsst_hardware_y 512.0285361076357 53.76150548745745 30.0 AB 10.95307532013887 1.2013902950684565
62261.2672 lsst_hardware_g 610.3600034590962 43.36654937448382 31.649999618530273 AB 10.289650644006498 1.1324731063181266
62264.2499 lsst_hardware_r -0.4346979982513266 24.709999084472656 31.5 AB 10.393086049246612 1.163285787754629
62264.2687 lsst_hardware_i -20.387804440181117 32.15999984741211 31.260000228881836 AB 10.268097209641553 1.1040964741550057
62266.2616 lsst_hardware_r 30.954357128060828 24.459999084472656 31.510000228881836 AB 7.871053942525621 1.1085991468345946
62266.2811 lsst_hardware_g 19.967774388218185 15.359999656677246 31.479999542236328 AB 7.54216888891584 1.0622773082980057
62272.2423 lsst_hardware_r -15.102145338220254 24.18000030517578 31.5 AB 5.863230540240743 1.1169121897782928
62272.2606 lsst_hardware_u 0.15853914195827734 2.7899999618530273 28.459999084472656 AB 5.201428776024538 1.070803659500677
62277.2489 lsst_hardware_g 5.993385326778368 15.130000114440918 31.459999084472656 AB 7.156046951888412 1.0666869152173923
62277.2684 lsst_hardware_r -7.900358690426831 23.950000762939453 31.520000457763672 AB 6.185805447172897 1.033091150783204
62283.1706 lsst_hardware_z 96.60702441801926 109.93000030517578 31.719999313354492 AB 6.335476898318939 1.285325580818301
62288.1642 lsst_hardware_r 26.821350997218687 71.52999877929688 31.600000381469727 AB 8.987998501669114 1.2482175495327905
62288.1859 lsst_hardware_y -7.45574268935182 53.95000076293945 30.010000228881836 AB 8.60650795804503 1.1578391629563152
62302.1646 lsst_hardware_i -7.804276800475028 31.84000015258789 31.239999771118164 AB 13.648613914309433 1.1050614455760392
62302.1877 lsst_hardware_z -46.961536436057145 41.84000015258789 30.950000762939453 AB 12.627102566449528 1.052982472654077
62304.1627 lsst_hardware_r -41.14890490396836 42.349998474121094 32.70000076293945 AB 5.770694910432483 1.0956322214605487
62304.1875 lsst_hardware_u 0.6152497699658791 4.900000095367432 29.690000534057617 AB 5.324025844406614 1.0439266361581596
62306.1636 lsst_hardware_g 11.993244577820892 20.3700008392334 31.559999465942383 AB 4.104417020953465 1.0801097423561752
62306.1885 lsst_hardware_i -20.696252903285927 32.4900016784668 31.270000457763672 AB 3.892893461050042 1.0341063782839373
62308.1567 lsst_hardware_z -10.471173556401016 46.779998779296875 30.959999084472656 AB 3.2526015958451446 1.083478213139622
62308.1812 lsst_hardware_r 27.952882592341265 43.060001373291016 31.6200008392334 AB 3.046777126451498 1.0367595496218927
62312.1553 lsst_hardware_r -15.412619846425848 131.14999389648438 31.65999984741211 AB 4.229288897822745 1.0627021541108725
62312.1754 lsst_hardware_i 65.60877763870288 100.47000122070312 31.350000381469727 AB 3.895681707070772 1.029650246351452
62314.1597 lsst_hardware_z -63.203138790684974 100.91999816894531 31.0 AB 8.446388842731007 1.0447417550999019
62314.1793 lsst_hardware_r 130.6713584968861 150.0399932861328 31.670000076293945 AB 7.569455217212827 1.0188377706727003
62315.0563 lsst_hardware_r 24.661071814012086 118.43000030517578 31.559999465942383 AB 10.175788383780478 1.4633000264280893
62315.0763 lsst_hardware_i 213.2519686110735 96.91999816894531 31.290000915527344 AB 9.22216289686549 1.3246427602507165
62325.0562 lsst_hardware_u -1.8378945090054142 2.6600000858306885 28.260000228881836 AB 2.413150328004103 1.2838751467988667
62325.0756 lsst_hardware_g 19.59349475127684 15.529999732971191 31.40999984741211 AB 2.237226207031156 1.1930282399845857
62332.0732 lsst_hardware_z -9.123596107962069 43.18000030517578 30.940000534057617 AB 7.121825768414778 1.132966237418832
62332.093 lsst_hardware_r -21.07594191155158 24.520000457763672 31.510000228881836 AB 6.837286448188962 1.079216539010425
62334.074 lsst_hardware_z -80.21495043910933 43.20000076293945 30.940000534057617 AB 1.8217335963672276 1.1140965832436414
62334.0944 lsst_hardware_g 17.811728107118803 18.8700008392334 31.540000915527344 AB 1.8094482964536467 1.0643813508550863
62343.0716 lsst_hardware_r -85.15982709842342 119.16000366210938 31.65999984741211 AB 9.06520803116325 1.0608372637497951
62343.0906 lsst_hardware_z -19.212572028648605 78.0 31.0 AB 7.687810973812762 1.0298589143186812
62345.0767 lsst_hardware_r 104.97250459179372 69.47000122070312 31.649999618530273 AB 4.6369345106939654 1.0420858140746045
62345.0972 lsst_hardware_y -11.027219143435541 51.040000915527344 30.049999237060547 AB 3.862228721163435 1.0163759792535356
62347.0737 lsst_hardware_g -21.076845198720008 15.15999984741211 31.459999084472656 AB 4.983718428996395 1.0382746727075824
62347.0931 lsst_hardware_r -17.527824704703104 23.899999618530273 31.520000457763672 AB 5.278721100087055 1.0151386730936645
62347.9776 lsst_hardware_y -9.784212132021121 51.290000915527344 29.950000762939453 AB 5.55011050886703 1.3792521145295802
62347.9958 lsst_hardware_r 47.12006926844801 24.709999084472656 31.469999313354492 AB 5.1869742852752845 1.2712133694817298
62351.9785 lsst_hardware_y -152.20374099305104 50.650001525878906 29.959999084472656 AB 12.934831368265167 1.3058671099189145
62351.9972 lsst_hardware_z -16.988284866201862 43.65999984741211 30.93000030517578 AB 12.96318822382827 1.2126651388853837
62353.9783 lsst_hardware_y 42.33645722960083 50.779998779296875 29.979999542236328 AB 1.2302294080606333 1.2770547488518684
62353.9967 lsst_hardware_u -0.35624465170451947 2.619999885559082 28.290000915527344 AB 0.9550989794221594 1.1918872455351406
62361.9799 lsst_hardware_y 28.04431580962352 50.52000045776367 30.010000228881836 AB 6.269089377640245 1.1722488902482735
62361.9989 lsst_hardware_i -15.976932396121933 32.06999969482422 31.25 AB 5.458763305744876 1.1102569435413308
62365.9802 lsst_hardware_y -27.440962852720016 52.63999938964844 30.030000686645508 AB 3.992990647123962 1.1334868063654706
62365.9985 lsst_hardware_z -15.893881306997335 51.20000076293945 30.969999313354492 AB 3.7772879610611363 1.0830933221680676
62366.9811 lsst_hardware_y 36.66640496358788 57.68000030517578 30.030000686645508 AB 3.3451825516010167 1.122293408052231
62367.0001 lsst_hardware_i -113.8275151172023 66.63999938964844 31.31999969482422 AB 2.545715682702924 1.0732359539219747
62370.9804 lsst_hardware_y 34.79348893407956 62.290000915527344 30.049999237060547 AB 1.531605375397247 1.0940038395694622
62370.9986 lsst_hardware_r -81.18739464270728 105.41999816894531 31.65999984741211 AB 1.4759747135430377 1.0542676525307413
62379.9812 lsst_hardware_y 32.12783842295152 51.720001220703125 30.049999237060547 AB 4.280358363894181 1.0419778956634582
62379.9991 lsst_hardware_r -23.884510520527957 23.850000381469727 31.510000228881836 AB 4.557054599381249 1.018829511356988
