data/validation/pwv_sim_epoch_fit_4/14735825.ecsv
# %ECSV 0.9
# ---
# datatype:
# - {name: time, datatype: float64}
# - {name: band, datatype: string}
# - {name: flux, datatype: float64}
# - {name: fluxerr, datatype: float64}
# - {name: zp, datatype: float64}
# - {name: zpsys, datatype: string}
# - {name: pwv, datatype: float64}
# - {name: airmass, datatype: float64}
# meta: {SNID: '14735825', alt: 1024.0, c: -0.06392980366945267, dec: -10.958863, lat: -30.244573, lon: -70.7499537, ra: 189.84375, t0: 62949.62109375,
#   x0: 2.2638079032408545e-06, x1: 0.5579807162284851, z: 0.8469200134277344}
# schema: astropy-2.0
time band flux fluxerr zp zpsys pwv airmass
62892.3633 lsst_hardware_u -1.4319838152924564 3.4600000381469727 28.6299991607666 AB 14.859007262925818 1.061629388207159
62894.3647 lsst_hardware_z 65.3188054230096 43.47999954223633 30.950000762939453 AB 12.500005124823726 1.0590980830183203
62898.3551 lsst_hardware_r -18.106249755358903 24.559999465942383 31.510000228881836 AB 12.465774990523222 1.058814410293592
62898.3721 lsst_hardware_z -40.06270584480073 45.09000015258789 30.950000762939453 AB 12.472023179863312 1.0610574692904726
62907.3389 lsst_hardware_i -71.05141558234234 91.12000274658203 31.34000015258789 AB 3.6273042275916954 1.0585518173905686
62907.3586 lsst_hardware_z 51.203713129608005 78.9800033569336 30.989999771118164 AB 3.634565376851149 1.068439884427471
62911.3362 lsst_hardware_i -65.49089228428434 44.290000915527344 31.299999237060547 AB 2.591442830293288 1.0608710798458005
62911.3539 lsst_hardware_z 12.747207815548558 48.68000030517578 30.959999084472656 AB 2.597550507876707 1.0747002515005166
62915.2345 lsst_hardware_u 1.821540180002022 2.7888609224075465 28.399999618530273 AB 6.270271755240459 1.1883016592369817
62918.3163 lsst_hardware_r -54.14223406798955 24.387326518341617 31.530000686645508 AB 6.88322363010619 1.0605346869867276
62918.3337 lsst_hardware_i 55.9055594581955 32.06376230522083 31.260000228881836 AB 6.120232296408425 1.0734895499072001
62922.2874 lsst_hardware_u 1.2844671731888193 2.934166192077429 28.5 AB 9.346091724098839 1.0593072963067993
62922.3059 lsst_hardware_r -16.81378634208684 24.816502069557558 31.510000228881836 AB 9.54676369890894 1.0607515221009933
62924.2951 lsst_hardware_i 107.45101341018638 33.72185080165371 31.25 AB 6.442998553304414 1.059006994297241
62924.3141 lsst_hardware_z 19.04082520706868 43.16107829875915 30.950000762939453 AB 6.589194779680482 1.0701956764139162
62926.2776 lsst_hardware_z 180.22025255614213 43.61818098885981 30.940000534057617 AB 4.110080362205294 1.0590261175483882
62926.2959 lsst_hardware_r 88.78251675454538 26.591786681105322 31.510000228881836 AB 4.395858451543099 1.0611607607828846
62931.2755 lsst_hardware_r 349.9802185392731 65.25660436575946 31.639999389648438 AB 8.252267454958472 1.0588993622632978
62931.2917 lsst_hardware_i 510.38073399105315 56.2059379060971 31.309999465942383 AB 7.605797163572285 1.067255618265949
62933.2665 lsst_hardware_z 487.13065638335826 79.37727801902064 30.989999771118164 AB 10.47818697554042 1.0584027248020624
62933.2863 lsst_hardware_r 261.328430545285 116.31601410891146 31.649999618530273 AB 10.566323125674543 1.0673053662297518
62936.2662 lsst_hardware_z 340.4188735257067 99.21602048153866 31.0 AB 9.33247762682768 1.0601574432899339
62936.2853 lsst_hardware_r 797.690466926766 143.83704094559354 31.649999618530273 AB 9.41673224170149 1.0743051471257108
62938.266 lsst_hardware_i 836.9446607015827 71.88555384750292 31.329999923706055 AB 16.163474787476016 1.0626407863435319
62938.2834 lsst_hardware_z 536.7329995835139 65.91247243670946 30.979999542236328 AB 16.318343404571934 1.0785421946181053
62942.2418 lsst_hardware_u -1.9732202971132433 3.6180125610791016 28.639999389648438 AB 8.737817967140813 1.0583917835618584
62942.2621 lsst_hardware_g 136.13254640804692 23.599026138188446 31.559999465942383 AB 8.434162371824625 1.0676154901043828
62945.2375 lsst_hardware_r 620.0218324328871 34.71182848634442 31.530000686645508 AB 5.188823637319355 1.0589435994529295
62945.2564 lsst_hardware_i 814.1773280222343 42.699538957020714 31.260000228881836 AB 5.3203311277485925 1.0698433798006364
62947.2368 lsst_hardware_z 636.0840664652081 48.53012898684463 30.959999084472656 AB 6.129542574544448 1.0603980522530818
62947.2558 lsst_hardware_r 639.0865756945611 34.67833664098133 31.530000686645508 AB 5.6843613589386806 1.0749040531250755
62949.2302 lsst_hardware_u -3.076129419081711 2.965076464173227 28.510000228881836 AB 6.272027632334922 1.0599714332312722
62949.2485 lsst_hardware_r 602.2419148837668 34.1423106223674 31.520000457763672 AB 6.356795934578684 1.072876950983744
62951.1728 lsst_hardware_i 753.7334371671946 42.70784753649232 31.25 AB 8.032724018524572 1.0934579057365013
62951.1909 lsst_hardware_z 538.5418908275988 48.6160072167795 30.950000762939453 AB 7.867788855763861 1.069744003593627
62955.2168 lsst_hardware_g 57.75353264334513 17.4842059018773 31.479999542236328 AB 6.878640061517557 1.061190999925572
62955.2348 lsst_hardware_r 470.58841503334196 32.559397382445376 31.530000686645508 AB 6.927213365707997 1.0758769981944845
62957.2155 lsst_hardware_i 693.451957004832 41.52763771813222 31.260000228881836 AB 4.47947765064076 1.0634616350985067
62957.2333 lsst_hardware_z 481.9993367491501 48.23065814371587 30.950000762939453 AB 4.550184075322494 1.080846607226545
62959.2054 lsst_hardware_r 360.58005867868707 57.975616945553924 31.6299991607666 AB 6.720901642362044 1.0609716337131905
62959.2234 lsst_hardware_z 601.8441959048977 55.7344293266489 30.969999313354492 AB 7.670521734959663 1.0753193474166165
62961.2033 lsst_hardware_r 387.4198038194282 100.6649218244058 31.649999618530273 AB 7.859054245305901 1.0626925566924426
62961.2204 lsst_hardware_i 610.3887997057235 85.2994476758876 31.31999969482422 AB 7.617706294106129 1.0782824800565594
62964.213 lsst_hardware_z 867.8398246657495 157.98633506163796 31.75 AB 10.008236366172643 1.079287864355917
62967.1893 lsst_hardware_r 382.7931874904338 65.92802484882525 31.639999389648438 AB 3.4953710493210695 1.0641748723037634
62967.2058 lsst_hardware_i 507.67337743705065 59.51028015731195 31.309999465942383 AB 3.561694543346107 1.0805838879516922
62969.1946 lsst_hardware_z 662.6623883993404 70.04389916170848 31.709999084472656 AB 10.549378834416107 1.0736370622762557
62971.1895 lsst_hardware_g 12.68285426309133 16.45258084751862 31.469999313354492 AB 10.632934900660782 1.0740338283495738
62971.2054 lsst_hardware_r 129.1482849521635 28.262187694815232 31.520000457763672 AB 10.85949955842511 1.0969191473156676
62974.1616 lsst_hardware_r 140.30895541207744 27.19050749157025 31.530000686645508 AB 12.433458099496107 1.0598503807037656
62974.1781 lsst_hardware_i 289.97190107736395 36.77411567857402 31.270000457763672 AB 13.811849164253656 1.0706859817250896
62976.1632 lsst_hardware_z 221.42590395264838 45.30970690009348 30.950000762939453 AB 6.8611761019198605 1.0631987761239454
62976.1809 lsst_hardware_i 312.04732181687234 36.327705771363995 31.260000228881836 AB 3.412108826388211 1.0801515793035201
62978.1591 lsst_hardware_u -0.5929276787636844 2.97098815074248 28.559999465942383 AB 10.831638395827413 1.0640638927086217
62978.1772 lsst_hardware_g 40.98384612036025 16.542820165062153 31.479999542236328 AB 10.051307347203739 1.0825317552184963
62982.0971 lsst_hardware_r 97.443245805351 26.17385707483849 31.510000228881836 AB 10.5843614037686 1.0800368779355713
62985.1557 lsst_hardware_z 317.84091799261194 63.604381248716116 31.700000762939453 AB 8.875378422754482 1.0793358169469152
62992.1255 lsst_hardware_r 13.547282322662266 143.79693059101433 31.65999984741211 AB 3.792711272818388 1.0675424031576632
62992.1441 lsst_hardware_i 212.09075602781078 116.40031871328871 31.329999923706055 AB 3.867511870698764 1.0902077154894332
62994.1316 lsst_hardware_z 182.4126440838285 99.07421395610093 31.739999771118164 AB 10.642925448688372 1.0799518466451925
63000.0687 lsst_hardware_z 74.25947484393022 43.357726449752164 30.950000762939453 AB 6.750102624302935 1.0614759728952154
63000.0848 lsst_hardware_u 2.71868116984237 2.8117716058411055 28.469999313354492 AB 6.477409429534146 1.0585155402877457
63001.066 lsst_hardware_g 15.245268930618504 15.510905056811465 31.459999084472656 AB 6.8994973306152465 1.061461127786961
63001.0855 lsst_hardware_r 49.01220615604412 24.847424481688467 31.510000228881836 AB 6.927101699018749 1.0591493748737992
63004.0142 lsst_hardware_z 78.006143300273 43.74843449808177 30.940000534057617 AB 8.215026104238412 1.121377695948822
63004.0272 lsst_hardware_i 55.81099714566658 32.745321109344516 31.25 AB 7.8975131183186384 1.0949758222972508
63014.0483 lsst_hardware_z 429.7740248862649 87.42184656216027 32.459999084472656 AB 7.751590617192832 1.0587796642913208
63018.0316 lsst_hardware_i 124.09951912932272 75.54429053543227 31.329999923706055 AB 7.196710396968127 1.0583397642600187
63018.0539 lsst_hardware_z -48.30216254874718 69.66204223536296 30.989999771118164 AB 7.907472220250828 1.067039252462778
63021.0057 lsst_hardware_z 27.135307260359422 71.11292961248948 30.989999771118164 AB 11.999201915577583 1.0648603977734632
63021.0258 lsst_hardware_i 154.24537927313767 81.77995985464976 31.329999923706055 AB 11.872702477010568 1.05836964472107
63032.9957 lsst_hardware_r 8.82383846874464 25.342270471763797 31.520000457763672 AB 9.680366685359406 1.0586577739894185
63033.019 lsst_hardware_i 53.83617568767153 32.91507559326137 31.260000228881836 AB 9.832061513499946 1.0727250573891285
63036.9639 lsst_hardware_y -6.724291686206694 49.210632885849115 30.040000915527344 AB 3.7934888291560775 1.063594998828884
63036.9834 lsst_hardware_g -5.119716332955216 16.171965048548664 31.489999771118164 AB 3.8038986716154315 1.0584761521017614
63042.9557 lsst_hardware_y -41.09330791898269 61.779998779296875 30.059999465942383 AB 5.26030832707058 1.0596914438095448
63042.9774 lsst_hardware_i -26.36660851107766 34.849998474121094 31.270000457763672 AB 6.706503039779639 1.061617482255819
63044.9547 lsst_hardware_y -132.47197497239856 68.81999969482422 30.059999465942383 AB 7.49408328666654 1.0586358647642622
63044.9742 lsst_hardware_i 18.296205111537862 47.97999954223633 31.309999465942383 AB 6.888128241279489 1.0628460704044473
63046.9555 lsst_hardware_y 104.48445916280137 68.08999633789062 30.059999465942383 AB 2.608566914533671 1.0584210642231875
63046.9746 lsst_hardware_z 27.187658230924647 61.439998626708984 30.979999542236328 AB 1.738238175349479 1.0669492636412852
