data/validation/pwv_sim_epoch_fit_4/14845073.ecsv
# %ECSV 0.9
# ---
# datatype:
# - {name: time, datatype: float64}
# - {name: band, datatype: string}
# - {name: flux, datatype: float64}
# - {name: fluxerr, datatype: float64}
# - {name: zp, datatype: float64}
# - {name: zpsys, datatype: string}
# - {name: pwv, datatype: float64}
# - {name: airmass, datatype: float64}
# meta: {SNID: '14845073', alt: 1024.0, c: -0.022550007328391075, dec: -23.643314, lat: -30.244573, lon: -70.7499537, ra: 211.464844,
#   t0: 61900.88671875, x0: 0.0001045433115789009, x1: -1.0159589052200317, z: 0.16547654569149017}
# schema: astropy-2.0
time band flux fluxerr zp zpsys pwv airmass
61800.2994 lsst_hardware_i 10.945701775125883 34.40999984741211 31.219999313354492 AB 14.824312163338949 1.3252558701357948
61800.3165 lsst_hardware_z -38.519698840782326 44.779998779296875 30.93000030517578 AB 13.722170516717071 1.2311019864723176
61802.3067 lsst_hardware_r 55.05412066468054 25.84000015258789 31.489999771118164 AB 12.534477992241785 1.2526961815152693
61802.3237 lsst_hardware_g -8.027531056431851 16.209999084472656 31.450000762939453 AB 11.674458080705918 1.1757939450806645
61804.3052 lsst_hardware_r -4.371154988440221 25.6200008392334 31.479999542236328 AB 11.529781319114793 1.232933895002394
61804.3251 lsst_hardware_i -42.35359635098516 32.90999984741211 31.239999771118164 AB 10.82016083663359 1.1501021297442164
61806.3014 lsst_hardware_z -46.85749783640123 44.18000030517578 30.93000030517578 AB 8.0931780439016 1.2250017220839962
61806.3194 lsst_hardware_i 76.81726129536706 32.540000915527344 31.239999771118164 AB 7.50882254100848 1.150953792306634
61813.3197 lsst_hardware_z 34.20824763350901 90.33000183105469 31.729999542236328 AB 6.5665582192396945 1.0918483944973858
61814.3818 lsst_hardware_y -57.15239221556231 58.11000061035156 30.06999969482422 AB 4.987444531579654 1.0070051045539659
61818.3131 lsst_hardware_r -96.03260243495929 45.720001220703125 31.610000610351562 AB 5.3199958510290175 1.0748552078046358
61818.3301 lsst_hardware_y 36.902607188387435 49.290000915527344 30.049999237060547 AB 5.146000168867197 1.0424038154356294
61821.3186 lsst_hardware_r -29.287978418753262 25.15999984741211 31.530000686645508 AB 3.777253681522523 1.0478303245242562
61821.338 lsst_hardware_z -14.93903778337796 41.47999954223633 30.950000762939453 AB 3.936377372457502 1.0217058912355297
61822.3636 lsst_hardware_z -31.34158871269618 41.349998474121094 30.959999084472656 AB 5.827227468076322 1.0065020455835318
61822.3823 lsst_hardware_y 45.258243879231806 48.529998779296875 30.059999465942383 AB 5.276050501762142 1.0105763131866832
61823.2987 lsst_hardware_i 44.04128756697161 31.860000610351562 31.25 AB 11.995811362126613 1.076557525038847
61823.3172 lsst_hardware_r -63.56854961382262 24.280000686645508 31.520000457763672 AB 11.650843970063635 1.041230079097693
61824.3622 lsst_hardware_u -1.035514697827593 2.799999952316284 28.479999542236328 AB 9.869474734258342 1.006438838939966
61824.3807 lsst_hardware_y -71.2317365589854 47.650001525878906 30.059999465942383 AB 9.82432274173269 1.0128167774982155
61827.21 lsst_hardware_z 95.28336974717973 46.11000061035156 30.90999984741211 AB 7.9043290031312585 1.436802412105779
61827.2293 lsst_hardware_r -20.288654806482207 24.709999084472656 31.459999084472656 AB 7.2062347301323815 1.3032344208576512
61830.346 lsst_hardware_r 2.383972565409222 24.09000015258789 31.520000457763672 AB 4.269854343835157 1.0064476944808858
61830.3651 lsst_hardware_g -7.004513134168099 15.350000381469727 31.469999313354492 AB 4.261046377349191 1.0133285082875603
61831.2043 lsst_hardware_i -9.224904505164245 34.029998779296875 31.200000762939453 AB 5.4259548025757205 1.3965522945951185
61831.2248 lsst_hardware_z 49.30892133050954 44.63999938964844 30.93000030517578 AB 4.093320991250853 1.2670205296896988
61835.2057 lsst_hardware_g 3.2709434717694603 15.130000114440918 31.34000015258789 AB 10.247636704992525 1.3137995775631441
61835.2257 lsst_hardware_r 9.269725394096755 24.770000457763672 31.469999313354492 AB 9.49505728004561 1.2090480407528366
61837.2085 lsst_hardware_i -36.23732744602658 44.93000030517578 31.260000228881836 AB 13.664567521630453 1.266586413461598
61837.2313 lsst_hardware_z 73.3302121557158 47.75 30.950000762939453 AB 12.556756934833363 1.1636323727952305
61839.2126 lsst_hardware_r -110.10899941560558 103.2699966430664 32.36000061035156 AB 12.289512206393177 1.2189557832169389
61839.2329 lsst_hardware_z 66.56838470261624 79.73999786376953 31.719999313354492 AB 11.480714859250277 1.138526835950308
61841.2112 lsst_hardware_r -58.11842214629556 115.29000091552734 31.6200008392334 AB 8.885626296733532 1.2007603103693962
61841.231 lsst_hardware_i 82.71916786321142 88.2300033569336 31.31999969482422 AB 8.339159305004504 1.126913419595203
61843.2724 lsst_hardware_r 67.25246585020132 123.55999755859375 31.670000076293945 AB 11.192224411083902 1.027791795928881
61848.1686 lsst_hardware_g -2.4487302938030724 18.889999389648438 31.440000534057617 AB 8.223008883007243 1.3237119403861684
61848.1861 lsst_hardware_r 48.45437742421617 29.360000610351562 31.520000457763672 AB 7.63052022645185 1.2280056691131522
61853.2787 lsst_hardware_r -20.618718183441036 23.790000915527344 31.510000228881836 AB 6.159324793156887 1.0065215573091477
61853.2991 lsst_hardware_g -0.9638417480021688 15.09000015258789 31.459999084472656 AB 6.083938871151022 1.0113490670722507
61854.1664 lsst_hardware_r 8.574824320162634 24.639999389648438 31.469999313354492 AB 10.493794307148994 1.2442250779166233
61854.1832 lsst_hardware_i 13.696643147558595 32.290000915527344 31.239999771118164 AB 8.104608583054945 1.1700589869665465
61856.1523 lsst_hardware_z 11.294733560871922 44.61000061035156 30.920000076293945 AB 8.904859018702497 1.2905592780728257
61856.17 lsst_hardware_i -16.296141707782446 32.29999923706055 31.229999542236328 AB 8.166062633200253 1.201834178748075
61863.2536 lsst_hardware_z -56.17548462696015 41.040000915527344 30.950000762939453 AB 6.034141196315263 1.0064030682258704
61863.2717 lsst_hardware_u -0.7358877194223582 2.7200000286102295 28.420000076293945 AB 5.992417962733182 1.0112932179112617
61864.1547 lsst_hardware_g 6.83153326852715 21.809999465942383 31.530000686645508 AB 7.019583843333999 1.174727444286503
61864.1721 lsst_hardware_r -28.26551826284324 27.959999084472656 31.520000457763672 AB 5.108220156561138 1.1149667481307732
61865.2572 lsst_hardware_g -26.343263192524994 15.09000015258789 31.459999084472656 AB 7.029948398002075 1.0075408558191095
61865.2758 lsst_hardware_r -18.01154701435819 23.93000030517578 31.520000457763672 AB 7.097914676471931 1.0181574079284592
61866.1695 lsst_hardware_z 125.72719741540087 68.05999755859375 31.709999084472656 AB 15.347418042037283 1.1066785435562176
61866.1883 lsst_hardware_r 79.31407076445142 64.88999938964844 32.369998931884766 AB 14.48309950659421 1.0615773295165198
61873.1581 lsst_hardware_i -21.632507391612503 81.47000122070312 31.329999923706055 AB 9.257358614316278 1.0862788184793948
61873.1759 lsst_hardware_r -76.39773774670016 98.02999877929688 31.65999984741211 AB 10.402506151451897 1.049080374967836
61876.1549 lsst_hardware_z 21.523303519141272 65.19999694824219 31.709999084472656 AB 17.94433950142675 1.0745113473908234
61877.2147 lsst_hardware_r 32.51250936981415 33.560001373291016 31.600000381469727 AB 13.465924742510962 1.006421879111432
61877.2336 lsst_hardware_i -19.535337542522115 36.130001068115234 31.290000915527344 AB 13.538088993252826 1.0113617954020921
61879.1958 lsst_hardware_z 22.640723032307946 41.61664585636616 30.950000762939453 AB 9.15974305102494 1.0098388237721119
61879.2122 lsst_hardware_r 3.088925650083051 24.44452080667521 31.520000457763672 AB 9.05479639252222 1.0064426067529932
61884.1977 lsst_hardware_i 1347.9875025524723 48.1083180678036 31.260000228881836 AB 7.959596458578849 1.0064079309528926
61884.215 lsst_hardware_r 1648.1994302816468 47.99499371095294 31.530000686645508 AB 8.192383120134313 1.0116551148597572
61887.0996 lsst_hardware_r 5130.004277959498 76.6192512909477 31.489999771118164 AB 5.087745560856084 1.146211334464942
61887.1081 lsst_hardware_i 4355.39025073131 73.00319796868396 31.239999771118164 AB 5.003657509498723 1.1185731871678808
61889.0378 lsst_hardware_r 16373.439242630071 132.6067504129294 32.189998626708984 AB 12.44854049148372 1.4608819705423173
61889.0627 lsst_hardware_i 13597.38556598257 124.2450748456117 31.969999313354492 AB 10.934885558626451 1.2877069577680045
61890.1988 lsst_hardware_z 5494.247958106824 83.24118619581998 30.959999084472656 AB 11.164447563921783 1.0117611977937817
61890.2175 lsst_hardware_r 11365.286208002539 109.48604542159363 31.530000686645508 AB 10.181841589680024 1.0285727436791618
61891.0478 lsst_hardware_r 12504.31343836763 115.00600306413124 31.459999084472656 AB 13.37223055948304 1.3454978678354923
61891.0669 lsst_hardware_g 12562.482319014185 112.47360451660136 31.43000030517578 AB 12.453448319003785 1.2366880157898494
61893.137 lsst_hardware_r 18919.074893398905 141.20066174903718 31.56999969482422 AB 11.669020851025046 1.026479666698192
61893.1558 lsst_hardware_z 8204.21050440346 97.45311499122965 30.959999084472656 AB 11.433045097653714 1.0107229294895763
61894.1886 lsst_hardware_r 22227.688111912023 151.983870179012 31.600000381469727 AB 9.39863738462679 1.0121933912095262
61894.2019 lsst_hardware_y 3367.7179579963736 70.3236838598864 30.049999237060547 AB 9.475672850952865 1.023253970442338
61908.0666 lsst_hardware_u 188.61689760743687 14.665301312764015 28.360000610351562 AB 8.971087085937828 1.0766165796389104
61908.0878 lsst_hardware_g 18246.073107328375 136.29604277165097 31.440000534057617 AB 8.930442994858442 1.0372175371496448
61910.0478 lsst_hardware_g 15578.594755724875 126.16900790592751 31.440000534057617 AB 8.07720741797871 1.1111600254013336
61910.067 lsst_hardware_r 22340.591947340923 150.4924921728784 31.510000228881836 AB 7.692194425736918 1.063927306464304
61925.0185 lsst_hardware_r 11435.097588833394 138.03083290638668 31.639999389648438 AB 12.16765042601621 1.0805284179101202
61925.0339 lsst_hardware_i 10036.208866323686 121.46247674199755 31.329999923706055 AB 11.896935487927948 1.0491124768895659
61925.9512 lsst_hardware_y 1998.2489896380634 93.5122426838835 29.959999084472656 AB 16.661251760948712 1.3523651837540636
61925.9704 lsst_hardware_r 10923.031707195156 157.74604645921627 31.610000610351562 AB 14.550702404698832 1.2412980311972046
61927.9611 lsst_hardware_y 4684.971155364885 127.76207170448937 30.739999771118164 AB 5.337592643379976 1.2609479431559631
61943.0318 lsst_hardware_i 3630.198884151977 67.77198954116005 31.260000228881836 AB 3.1047382594224713 1.00664286598767
61943.0524 lsst_hardware_u 10.461475740156738 4.749023800901038 28.530000686645508 AB 3.010713588533823 1.0108153730179026
61943.9579 lsst_hardware_z 3231.1058616814717 73.96650803138999 30.959999084472656 AB 5.825212528479254 1.1028422053164157
61943.9766 lsst_hardware_i 3528.377639788218 66.64532127212738 31.260000228881836 AB 9.628881083143062 1.0590692471058734
61949.9605 lsst_hardware_y 718.0031938354564 58.3380220214251 30.049999237060547 AB 4.083240074924711 1.0585197861112543
61949.9798 lsst_hardware_r 3650.902449266199 66.28276583438783 31.549999237060547 AB 4.128741679066845 1.028329185321622
62164.3046 lsst_hardware_g 11.264038114745002 57.40999984741211 31.610000610351562 AB 15.377226612882673 1.314292872895955
62164.3218 lsst_hardware_r 34.306305750298094 51.970001220703125 31.59000015258789 AB 14.29995073403206 1.2222180114557317
62170.3121 lsst_hardware_z 82.25614290568411 64.04000091552734 30.969999313354492 AB 11.183171960432322 1.1925536614697223
62170.3294 lsst_hardware_r 42.73053359240072 77.93000030517578 31.639999389648438 AB 10.531364056119951 1.1287635644287286
62176.3113 lsst_hardware_r -24.820714550218028 25.489999771118164 31.510000228881836 AB 6.157200776084506 1.1343405998681766
62176.3298 lsst_hardware_i -24.396203938394027 32.540000915527344 31.260000228881836 AB 5.912982152182303 1.082071946597556
62178.3129 lsst_hardware_r 1.9023381424453263 25.020000457763672 31.520000457763672 AB 4.226081843422381 1.1124195428855963
62178.3331 lsst_hardware_u -1.9529385013128824 2.890000104904175 28.510000228881836 AB 4.087957971616355 1.062773423012181
62181.2418 lsst_hardware_i -43.27955170216878 59.7599983215332 32.38999938964844 AB 3.247500410168308 1.4282574646150192
62181.2674 lsst_hardware_z 17.06169986193356 77.68000030517578 32.130001068115234 AB 4.327762140539606 1.2619528512253455
62188.2961 lsst_hardware_i 26.273962400493325 31.719999313354492 31.260000228881836 AB 7.046280851122692 1.08433514425002
62188.3176 lsst_hardware_z 22.305591348949786 41.59000015258789 30.959999084472656 AB 6.751872434912732 1.0416876988808494
62189.3648 lsst_hardware_u -5.137680372414397 2.8399999141693115 28.5 AB 9.39995078292441 1.006580369751503
62189.3834 lsst_hardware_y -37.932042870461906 47.959999084472656 30.059999465942383 AB 8.743319807288856 1.0141591772989829
62195.3366 lsst_hardware_r -53.6794668733434 87.3499984741211 31.670000076293945 AB 4.812361966797188 1.0075080010043314
62195.3549 lsst_hardware_z -15.939871414567559 61.65999984741211 30.989999771118164 AB 4.807706099475283 1.007957670627467
62196.2089 lsst_hardware_r 13.6352550014546 110.0 31.56999969482422 AB 4.866654151301685 1.3685754081275632
62196.2294 lsst_hardware_i 131.59014847013506 83.62000274658203 31.290000915527344 AB 4.37590076485188 1.2466953746016753
62197.3341 lsst_hardware_r -31.141026391946475 109.37000274658203 31.670000076293945 AB 3.2219456872699213 1.0068580272718504
62197.3523 lsst_hardware_i -132.64638435202644 83.81999969482422 31.350000381469727 AB 3.228776951571358 1.0089927973660493
62199.2176 lsst_hardware_z -8.826644526428462 117.0199966430664 31.719999313354492 AB 7.040102004326089 1.2654467353492072
62202.212 lsst_hardware_i 40.88510844476776 41.86000061035156 31.25 AB 12.114901718507031 1.2518843054395494
62202.2327 lsst_hardware_z 43.12540895828003 47.63999938964844 30.950000762939453 AB 11.252524327874717 1.1610016072782445
62206.2036 lsst_hardware_g -8.630569707023833 21.15999984741211 32.130001068115234 AB 11.023584825977506 1.2391967879018078
62206.2257 lsst_hardware_r 14.08438769608878 34.279998779296875 32.2400016784668 AB 9.824847716164165 1.1468693832098247
62208.2121 lsst_hardware_i -23.639075901964713 32.119998931884766 31.239999771118164 AB 16.371255258466086 1.1772235324880087
62208.2316 lsst_hardware_r -14.37312639350956 24.010000228881836 31.510000228881836 AB 15.349320440268418 1.1106599450266916
62211.2062 lsst_hardware_u 2.6191097708130235 2.690000057220459 28.350000381469727 AB 9.231862139185905 1.1682820529420412
62211.2264 lsst_hardware_g 11.138504539792603 14.899999618530273 31.420000076293945 AB 9.141069539421812 1.1022189959109763
62213.1676 lsst_hardware_g -6.821556837301012 15.119999885559082 31.3799991607666 AB 9.158741995694152 1.3344451669297068
62213.1841 lsst_hardware_r 54.374821478517276 24.770000457763672 31.489999771118164 AB 8.546771910635806 1.241120854441532
62218.1561 lsst_hardware_i -27.21775294758393 33.72999954223633 31.219999313354492 AB 9.787307523481427 1.3208836461579143
62218.1723 lsst_hardware_u 3.1176071541625663 2.819999933242798 28.43000030517578 AB 8.426668630075504 1.2320591607684186
62219.2764 lsst_hardware_r 50.934430216134295 24.040000915527344 31.530000686645508 AB 6.166721401087103 1.0065377694919102
62219.2968 lsst_hardware_g -0.8176975157042995 15.289999961853027 31.489999771118164 AB 6.09763272367936 1.011188091597141
62221.2761 lsst_hardware_i -9.862412627329086 37.970001220703125 31.299999237060547 AB 7.145863601238351 1.0064596621462467
62221.2941 lsst_hardware_z 11.457200728171273 41.380001068115234 30.959999084472656 AB 6.411309983423027 1.0128451790557704
62222.1506 lsst_hardware_i 67.65972287321104 53.630001068115234 31.280000686645508 AB 8.891701267761329 1.2886523576465694
62222.1695 lsst_hardware_r -57.89869838607505 60.970001220703125 31.610000610351562 AB 8.020781159243542 1.195228664699496
62225.2737 lsst_hardware_z 62.625001113413234 86.95999908447266 31.010000228881836 AB 6.7887030349164545 1.008185790366663
62225.293 lsst_hardware_r -12.092533464288355 126.4000015258789 31.670000076293945 AB 6.5700021891678535 1.0207810742540848
62228.1581 lsst_hardware_z -135.913429250875 76.0199966430664 30.979999542236328 AB 9.813964520108156 1.1748326474062556
62228.1765 lsst_hardware_r 188.2405528609553 98.83000183105469 31.639999389648438 AB 9.11922532701676 1.1121006496361905
