data/validation/pwv_sim_epoch_fit_4/149063.ecsv
# %ECSV 0.9
# ---
# datatype:
# - {name: time, datatype: float64}
# - {name: band, datatype: string}
# - {name: flux, datatype: float64}
# - {name: fluxerr, datatype: float64}
# - {name: zp, datatype: float64}
# - {name: zpsys, datatype: string}
# - {name: pwv, datatype: float64}
# - {name: airmass, datatype: float64}
# meta: {SNID: '149063', alt: 1024.0, c: 0.15456008911132812, dec: -60.812271, lat: -30.244573, lon: -70.7499537, ra: 105.09494, t0: 60686.79296875,
#   x0: 4.733493056876891e-06, x1: 0.8043548464775085, z: 0.6273674368858337}
# schema: astropy-2.0
time band flux fluxerr zp zpsys pwv airmass
60641.3412 lsst_hardware_u -2.0348916965911386 3.7799999713897705 28.610000610351562 AB 4.522158098572195 1.1780032384593049
60641.3546 lsst_hardware_g 8.706163455022574 32.40999984741211 31.600000381469727 AB 4.560408590032944 1.191796312565841
60643.3366 lsst_hardware_r -12.583715675974421 22.549999237060547 31.459999084472656 AB 7.208906771032486 1.1787605773749092
60643.3483 lsst_hardware_i 24.322935266608845 37.880001068115234 31.25 AB 7.274031952357675 1.1908049361312798
60645.3412 lsst_hardware_z -45.586074271846805 45.70000076293945 30.950000762939453 AB 7.896494699938773 1.1889177852130497
60645.3525 lsst_hardware_r 15.155967296698691 32.54999923706055 31.549999237060547 AB 8.058554122433382 1.2033080666616964
60647.3363 lsst_hardware_r 28.200657408837777 22.56999969482422 31.459999084472656 AB 5.189646426528348 1.1895583190390868
60647.3487 lsst_hardware_u 3.473692784081973 7.039999961853027 28.959999084472656 AB 5.213039859841148 1.2056988342859796
60649.3353 lsst_hardware_g 2.971853571962254 13.670000076293945 31.3700008392334 AB 5.115148693373168 1.1949188094079701
60649.3483 lsst_hardware_i 40.74248845397789 38.459999084472656 31.260000228881836 AB 5.111857022706702 1.213425202707751
60653.2885 lsst_hardware_r 42.62922274113145 22.059999465942383 31.469999313354492 AB 10.796604240277293 1.165373656460352
60653.2993 lsst_hardware_u 4.256125342013499 2.5999999046325684 28.360000610351562 AB 11.767247696908036 1.1710743360194733
60655.2773 lsst_hardware_g 6.132231616023436 12.800391781694007 31.329999923706055 AB 14.23285766800983 1.1634330051095978
60655.2903 lsst_hardware_r 18.79022821796158 22.111732104444517 31.459999084472656 AB 14.222641003480614 1.1689121358393482
60657.2875 lsst_hardware_i -19.079159325661916 47.39813920622032 31.280000686645508 AB 9.364116904718998 1.1705146130898747
60657.3004 lsst_hardware_z -31.575061527490387 50.09261321776431 30.950000762939453 AB 8.539434314647933 1.1806213624564756
60661.2861 lsst_hardware_z 115.31763912152822 55.6365147499857 30.959999084472656 AB 6.149421538611477 1.1775989158581914
60661.299 lsst_hardware_i 28.605284801026738 56.61455504731524 31.290000915527344 AB 8.31356233034616 1.1906425421493743
60666.2891 lsst_hardware_y 169.28893302451507 49.908311567542356 30.0 AB 8.007890892362102 1.1952075958749406
60666.301 lsst_hardware_g 36.46758977170695 32.11305222629254 31.600000381469727 AB 8.213206276864376 1.2120428368632559
60669.226 lsst_hardware_r 546.3604368798166 32.667497733462056 31.459999084472656 AB 8.508703022095379 1.1618091605428456
60669.2389 lsst_hardware_i 557.463842569096 39.53172289723603 31.229999542236328 AB 8.55488539138985 1.1634023651028809
60671.2245 lsst_hardware_z 674.3519038403463 49.017406339272796 30.940000534057617 AB 6.95591675668537 1.1619014626978008
60671.2363 lsst_hardware_r 717.1238409921124 35.30970541488271 31.469999313354492 AB 7.047704840924721 1.1642684208575087
60673.2239 lsst_hardware_u -3.294222527372428 2.581746542228554 28.329999923706055 AB 10.430705503341912 1.1624978271054958
60673.2376 lsst_hardware_g 141.67716445647915 17.591633418206513 31.350000381469727 AB 10.48246360931787 1.167052283379843
60675.2253 lsst_hardware_r 1135.032295700493 39.77989226970158 31.469999313354492 AB 8.140910869136633 1.164247669071974
60675.2371 lsst_hardware_z 840.8368834340621 51.553018160834256 30.940000534057617 AB 8.17654785560982 1.1697624096277675
60677.207 lsst_hardware_i 1227.2177608700674 46.54898579008611 31.229999542236328 AB 5.552084465631998 1.161848032707588
60677.2193 lsst_hardware_r 1228.6043333611856 41.29121669236468 31.459999084472656 AB 6.372141164758784 1.1640740162146102
60679.225 lsst_hardware_g 236.8194984728046 19.424001762273615 31.34000015258789 AB 3.039588119313657 1.1690723535821756
60679.2373 lsst_hardware_r 1322.0705957874497 42.460270745464605 31.459999084472656 AB 3.087519985468985 1.177918224252172
60681.2075 lsst_hardware_r 1393.5676886484473 42.88142536958074 31.459999084472656 AB 7.806810190011261 1.1638059317249925
60681.2209 lsst_hardware_i 1270.8058319856063 47.976209801945004 31.229999542236328 AB 8.214017080590386 1.1698795913249618
60683.2048 lsst_hardware_z 2338.8272294418234 76.27302506595211 31.690000534057617 AB 7.987678635817503 1.1647242105303963
60683.2183 lsst_hardware_r 2767.2777042967887 61.05886582247554 32.209999084472656 AB 9.387483985515619 1.1717145424552213
60685.1925 lsst_hardware_z 2499.3110666381735 83.52105066945825 31.700000762939453 AB 8.838642791897934 1.1627753190534031
60687.1801 lsst_hardware_r 1587.2764496777265 79.77182914121431 31.6200008392334 AB 7.277238379304723 1.1618794644978272
60687.1936 lsst_hardware_z 1172.7519599202847 64.72390949245501 30.959999084472656 AB 7.331538013439298 1.1646296915791423
60689.179 lsst_hardware_r 1522.1322225605272 89.57894944177016 31.6299991607666 AB 9.223974476226148 1.162319581168894
60689.191 lsst_hardware_y 665.4535062020024 57.13308357202564 30.020000457763672 AB 9.235428027298758 1.1657459537129748
60691.1847 lsst_hardware_z 1270.231365025353 64.17561038885971 30.959999084472656 AB 6.046688583994275 1.1654020591682133
60691.1966 lsst_hardware_r 1480.9930344067768 77.04415276954681 31.6200008392334 AB 6.0694515342946085 1.1718219006264328
60693.1651 lsst_hardware_r 1272.8249459225271 61.454923775958406 31.600000381469727 AB 5.195204896593759 1.1619782815016235
60693.1776 lsst_hardware_i 1428.672052463626 58.63017210766695 31.280000686645508 AB 7.265863615160084 1.1647745455530754
60700.1591 lsst_hardware_r 939.8804220886749 37.02919142302374 31.469999313354492 AB 9.095052316189635 1.1650117183052842
60700.1726 lsst_hardware_z 1059.7808803350424 53.18086827772948 30.940000534057617 AB 9.091782027862404 1.1722256353613207
60702.153 lsst_hardware_r 800.3378878618331 35.86350162177616 31.469999313354492 AB 12.812540327373185 1.1647763933975623
60702.164 lsst_hardware_u -1.0787086764235765 2.6043965906255275 28.360000610351562 AB 12.871929135480839 1.1701753759528035
60704.1542 lsst_hardware_g 66.60879755129564 14.715231575387989 31.360000610351562 AB 11.648550367729504 1.167715940827979
60704.1666 lsst_hardware_r 738.910743710626 34.684676753866036 31.469999313354492 AB 11.749531035195995 1.1759134328230716
60706.156 lsst_hardware_i 850.2586803490849 42.301419289519664 31.239999771118164 AB 10.651697309695383 1.1720832589024208
60706.1679 lsst_hardware_z 841.9439916993509 51.467753259016376 30.940000534057617 AB 12.17485282830575 1.1819097979133735
60708.1541 lsst_hardware_r 463.1646008336717 32.23085562619458 31.469999313354492 AB 8.438472075257634 1.1746747819485361
60708.1658 lsst_hardware_u 2.7611339541215143 2.716001955826724 28.420000076293945 AB 8.52329829773112 1.1853004933685645
60710.1571 lsst_hardware_g 54.35697088621054 14.33549470781272 31.360000610351562 AB 12.130313582801772 1.182032554537433
60710.1683 lsst_hardware_i 682.8242385429198 40.674055171903284 31.229999542236328 AB 10.827244861666001 1.1944339183834083
60712.1515 lsst_hardware_z 724.8961501481888 51.46941792337019 30.940000534057617 AB 4.649400056821866 1.181900620299589
60712.1634 lsst_hardware_r 472.6401050549134 34.69461761541235 31.520000457763672 AB 4.712634765619259 1.1951396337003066
60717.1414 lsst_hardware_r 399.3340460285968 77.82081304990778 31.6200008392334 AB 2.600581932742473 1.1854954867387053
60717.1537 lsst_hardware_i 677.8195419230232 64.79056675341424 31.299999237060547 AB 2.563792046890506 1.2003240046305674
60719.0968 lsst_hardware_r 207.60651669002135 81.70297612972695 31.6299991607666 AB 3.969385379857351 1.1623099621358242
60719.1096 lsst_hardware_i 533.3909853572949 67.16353025744093 31.309999465942383 AB 3.980237525226724 1.1659998120919046
60723.0895 lsst_hardware_u 4.253773940551442 5.657615715811605 28.850000381469727 AB 2.708581729408051 1.1629805622190195
60723.1009 lsst_hardware_g 53.866107873939335 38.08532525544214 31.6299991607666 AB 2.7252927734493597 1.1670239903433914
60725.0818 lsst_hardware_r 187.69307677982061 25.569692292987284 31.469999313354492 AB 3.3896614328123555 1.1625350022506578
60725.0956 lsst_hardware_z 493.2195639656011 47.70278309830476 30.940000534057617 AB 3.8256710680324146 1.167104431584822
60728.0836 lsst_hardware_r 164.82555837201565 25.183885719016853 31.469999313354492 AB 7.115139627356097 1.1654133126990864
60728.0958 lsst_hardware_u -0.18141017371259838 2.626700374329645 28.3700008392334 AB 7.166604014367609 1.172019136410746
60730.0807 lsst_hardware_g 16.940298769456913 13.197884200825058 31.360000610351562 AB 9.231434642406503 1.166518003758035
60730.0936 lsst_hardware_r 127.88953317913722 24.823949345205342 31.469999313354492 AB 9.056851949320697 1.174371639654725
60732.0757 lsst_hardware_i 296.973927316428 34.78427031911112 31.229999542236328 AB 7.521545346949848 1.1667340248629547
60732.0882 lsst_hardware_z 429.9729555206922 47.26411418009223 30.93000030517578 AB 6.7098516500025935 1.1744197753796837
60737.0533 lsst_hardware_u -1.7641365980310586 2.5567415254384036 28.309999465942383 AB 7.324685683221095 1.1634949791336706
60737.0652 lsst_hardware_g -4.412595475834523 12.850187691865129 31.31999969482422 AB 7.3497040313424025 1.16833510016173
60739.0506 lsst_hardware_r 84.65150594883085 25.64534405998914 31.479999542236328 AB 12.458353394772777 1.1643320929694185
60739.0644 lsst_hardware_z 353.5538153744701 46.57706345669042 30.940000534057617 AB 12.53097420752927 1.1711190848158197
60741.0478 lsst_hardware_r 80.44684092412295 33.014996357547474 31.530000686645508 AB 7.583403518452109 1.165303004423294
60741.0601 lsst_hardware_y 191.73630038548367 49.86590139018293 29.989999771118164 AB 7.587613317873314 1.171892501730808
60743.0451 lsst_hardware_z 246.88047521234583 50.31060312132787 30.940000534057617 AB 12.55677762180659 1.1664808591509384
60743.0579 lsst_hardware_r 100.48958937875076 45.928717057033076 31.579999923706055 AB 12.666217314534082 1.1742294446501829
60750.0411 lsst_hardware_i 135.19266256536866 58.72948898793552 31.299999237060547 AB 9.636881810153499 1.1760422011333238
60750.0534 lsst_hardware_z 304.7127981365588 58.42985622270754 30.959999084472656 AB 9.238032355105647 1.1878021650426744
60754.0299 lsst_hardware_g 9.441417961130101 13.026501852834839 31.350000381469727 AB 5.666675026187481 1.175821350018152
60754.0424 lsst_hardware_i 119.987191364802 33.10720736266813 31.229999542236328 AB 4.442467254930016 1.1877196118697129
60756.0305 lsst_hardware_z 182.96121941145552 45.19819609359954 30.950000762939453 AB 6.1930205874503255 1.181122807523902
60756.0426 lsst_hardware_r 88.88248930964406 23.736916804578446 31.479999542236328 AB 4.679914204188329 1.1943634719323601
61001.3407 lsst_hardware_i 24.87028736330288 31.290000915527344 31.229999542236328 AB 5.572085900609169 1.1677441635925607
61001.3533 lsst_hardware_z -18.7901984825024 57.70000076293945 30.959999084472656 AB 5.55487406250301 1.1761533083377753
61004.3515 lsst_hardware_r 30.188539035369878 28.239999771118164 31.510000228881836 AB 6.578373829119575 1.181849955825896
61006.3481 lsst_hardware_r 21.62322967227776 25.670000076293945 31.5 AB 4.673430549633337 1.1838962760313063
61009.3404 lsst_hardware_z -48.43957069407786 45.0099983215332 30.940000534057617 AB 7.262350264181215 1.1844006954359145
61009.3522 lsst_hardware_i -75.69908176095015 44.91999816894531 31.280000686645508 AB 7.315391735934231 1.1982623646084323
61011.3403 lsst_hardware_z -31.524766830688577 44.84000015258789 30.940000534057617 AB 7.883464923187206 1.1902713808457837
61011.3522 lsst_hardware_g -25.26239408365022 30.309999465942383 31.59000015258789 AB 8.070261895506896 1.2058665514391513
61013.3363 lsst_hardware_y -5.6971602350211334 52.439998626708984 30.0 AB 5.200279088799472 1.1919955124080788
61013.3485 lsst_hardware_r 19.05124102543269 55.54999923706055 31.59000015258789 AB 5.25690693464531 1.2084843527919102
61015.3366 lsst_hardware_i 60.85817645480103 58.689998626708984 31.290000915527344 AB 5.065285783663938 1.1993099996836598
61015.349 lsst_hardware_z -82.91536027874469 68.30000305175781 30.959999084472656 AB 5.179636692434757 1.2179499600106132
61017.2899 lsst_hardware_z 43.41961539407246 50.09000015258789 30.950000762939453 AB 7.482470703541805 1.1646321963565593
61017.3025 lsst_hardware_r -37.07108232691331 53.59000015258789 31.600000381469727 AB 6.442653065782162 1.1709656608109633
61020.2848 lsst_hardware_z 38.37813797476589 44.720001220703125 30.940000534057617 AB 11.026624263873835 1.1658515821391824
61020.2986 lsst_hardware_r 19.802941573101098 33.59000015258789 31.549999237060547 AB 9.740670175313417 1.1739636837884284
61022.2828 lsst_hardware_i -37.191151888031975 32.16999816894531 31.239999771118164 AB 12.193691573300953 1.1674748981091438
61022.2961 lsst_hardware_z 30.74318691627898 43.18000030517578 30.940000534057617 AB 11.766959132478462 1.1762842137730256
61024.2866 lsst_hardware_r 7.533446457649985 22.290000915527344 31.459999084472656 AB 9.57419550737063 1.1731745076434856
61024.3001 lsst_hardware_u -1.600327928294529 2.5799999237060547 28.299999237060547 AB 9.791904330096884 1.1850947929208135
61026.2874 lsst_hardware_g -37.07584828490164 18.139999389648438 32.09000015258789 AB 8.324616979430335 1.1781646646754698
61026.3002 lsst_hardware_r -9.588187530753501 31.3700008392334 32.209999084472656 AB 7.891984514468827 1.1912878998405159
61028.2862 lsst_hardware_i -24.50804057350694 30.84000015258789 31.229999542236328 AB 5.133540727835923 1.1820944626874497
61028.2989 lsst_hardware_z -27.820051181980705 42.790000915527344 30.93000030517578 AB 5.873645602994682 1.196424280892352
61030.2931 lsst_hardware_r 30.725156209917248 31.25 32.20000076293945 AB 7.336412770264288 1.1959917571413048
61030.3062 lsst_hardware_g -1.8108289390828858 18.15999984741211 32.08000183105469 AB 7.416159552020062 1.2149339880442422
61032.2256 lsst_hardware_r -11.39059601623376 21.989999771118164 31.469999313354492 AB 7.818361982497861 1.1624520659402835
61032.2387 lsst_hardware_u -2.851685038991872 2.5999999046325684 28.3700008392334 AB 7.832732673393794 1.1621696165871782
61034.2211 lsst_hardware_g 4.676733479439772 12.920000076293945 31.360000610351562 AB 7.77725308915562 1.1623019748410264
61034.2331 lsst_hardware_i 13.732762055491143 31.0 31.239999771118164 AB 7.644555066120427 1.162154440912623
61036.2218 lsst_hardware_z 65.81097715335699 42.630001068115234 30.940000534057617 AB 5.861686722407887 1.1618228477098036
61036.2342 lsst_hardware_r 57.18248054047388 22.040000915527344 31.459999084472656 AB 5.903929194889699 1.1634504276065303
61038.2205 lsst_hardware_y 6.956653806037123 48.380001068115234 30.010000228881836 AB 8.343920803718378 1.1619845843008065
61038.2331 lsst_hardware_g 24.336673467621694 12.84000015258789 31.350000381469727 AB 8.301613008821887 1.1648525637663065
61040.2263 lsst_hardware_r 85.24730487715681 64.66999816894531 32.34000015258789 AB 7.833558092148832 1.16437964011527
61040.2401 lsst_hardware_i 10.702093421048488 59.81999969482422 32.02000045776367 AB 7.808738422987903 1.1712522008381436
61042.2307 lsst_hardware_z -19.394494814365864 56.18000030517578 30.959999084472656 AB 6.417745722615439 1.1688463555030548
61042.2433 lsst_hardware_r -18.993477349939187 72.56999969482422 31.610000610351562 AB 6.558919926932222 1.1778259176820696
61043.2258 lsst_hardware_z 0.08216419780847703 58.439998626708984 30.959999084472656 AB 3.995197297758193 1.1676742065638426
61043.2387 lsst_hardware_r 77.98677385283123 79.93000030517578 31.6200008392334 AB 4.141020595446834 1.1762592232486377
61045.2034 lsst_hardware_z -27.148380310189324 54.970001220703125 30.959999084472656 AB 13.357969401373243 1.1622110367123606
61045.2148 lsst_hardware_i 69.1678165632232 56.349998474121094 31.299999237060547 AB 13.534039872420042 1.165170666128883
61048.2052 lsst_hardware_z 18.336371445828252 47.84000015258789 30.950000762939453 AB 7.80663850069816 1.1646484411007252
61048.2182 lsst_hardware_r -28.82544293440052 44.7400016784668 31.59000015258789 AB 9.41781890146961 1.1712248354022663
