data/validation/pwv_sim_epoch_fit_4/14939456.ecsv
# %ECSV 0.9
# ---
# datatype:
# - {name: time, datatype: float64}
# - {name: band, datatype: string}
# - {name: flux, datatype: float64}
# - {name: fluxerr, datatype: float64}
# - {name: zp, datatype: float64}
# - {name: zpsys, datatype: string}
# - {name: pwv, datatype: float64}
# - {name: airmass, datatype: float64}
# meta: {SNID: '14939456', alt: 1024.0, c: -0.10329495370388031, dec: -40.228184, lat: -30.244573, lon: -70.7499537, ra: 190.371094, t0: 61562.2109375,
#   x0: 3.4785057407972497e-06, x1: 1.0157020092010498, z: 0.7108191847801208}
# schema: astropy-2.0
time band flux fluxerr zp zpsys pwv airmass
[from data line 133]
61846.2136 lsst_hardware_z 53.03410920652575 48.150001525878906 30.959999084472656 AB 8.517113660778504 1.0269315642234627
61846.2271 lsst_hardware_r -27.88017367649208 49.04999923706055 31.6299991607666 AB 8.419608170334747 1.0189221154309438
61848.2362 lsst_hardware_i 12.422805609534914 33.65999984741211 31.280000686645508 AB 6.849778758424846 1.0158731613102618
61848.2487 lsst_hardware_r -19.412601471131545 29.8700008392334 31.56999969482422 AB 6.862925349302437 1.0178228985654754
61850.2359 lsst_hardware_u 3.7060527796509364 2.7100000381469727 28.479999542236328 AB 5.769542422089223 1.0161670418896915
61850.2489 lsst_hardware_g 15.389492970916065 14.380000114440918 31.450000762939453 AB 5.786692605142381 1.0201009410874993
61852.2317 lsst_hardware_r -10.358347413204669 22.43000030517578 31.5 AB 6.528513682872714 1.0163483588188114
61852.2451 lsst_hardware_i -7.793602760940339 30.06999969482422 31.25 AB 6.57687012003379 1.0209360633396134
61854.2229 lsst_hardware_z 6.736140283101555 40.52000045776367 30.950000762939453 AB 7.198947228837302 1.015963386405377
61854.2349 lsst_hardware_r 10.15363085278105 22.40999984741211 31.5 AB 7.184341764175056 1.018754518996777
61858.2184 lsst_hardware_r -17.224646436620674 22.3799991607666 31.489999771118164 AB 6.868038776937974 1.0169724623740537
61858.231 lsst_hardware_z -35.229114429723936 40.7400016784668 30.940000534057617 AB 6.833631647881561 1.0222081196502049
61860.2059 lsst_hardware_r -16.546163988274227 22.3799991607666 31.489999771118164 AB 4.720585823350415 1.0159262160405889
61860.2168 lsst_hardware_u -1.8940984513083692 2.5799999237060547 28.360000610351562 AB 3.872151105620312 1.01811637563145
61862.2053 lsst_hardware_g 9.635762801346164 13.789999961853027 31.40999984741211 AB 8.335352027965202 1.0165063448738052
61862.217 lsst_hardware_r 21.891861792202555 22.520000457763672 31.489999771118164 AB 8.721432364524704 1.0205280089544533
61864.2068 lsst_hardware_i 25.29353808366685 30.110000610351562 31.25 AB 4.679269091676539 1.0184501233379868
61864.2193 lsst_hardware_z -49.14931161198639 40.720001220703125 30.950000762939453 AB 5.638985246465619 1.0252700448119307
61866.2038 lsst_hardware_r -62.59727732002914 45.54999923706055 31.6299991607666 AB 13.982816703049787 1.019452952978235
61866.2158 lsst_hardware_z -7.633415049308017 46.66999816894531 30.969999313354492 AB 15.21449671821614 1.0267346789933285
61872.1898 lsst_hardware_z -21.818796736115402 72.13999938964844 31.0 AB 6.633784969762815 1.020582303040433
61872.2012 lsst_hardware_r -101.31548464192133 104.91000366210938 31.670000076293945 AB 6.683044989848052 1.028160767668931
61874.1884 lsst_hardware_y -55.025375892581515 50.38999938964844 30.059999465942383 AB 5.722171347787594 1.0228665768937022
61878.1477 lsst_hardware_r -8.698794382247062 22.68000030517578 31.5 AB 11.929880851172047 1.0165490542652356
61878.1591 lsst_hardware_i 17.517593975338148 30.270000457763672 31.25 AB 11.916498043244001 1.0161302407404924
61883.1429 lsst_hardware_u 3.808453201188227 2.680000066757202 28.440000534057617 AB 5.433651085668534 1.0159205544860306
61883.1546 lsst_hardware_g -25.054248220680293 14.029999732971191 31.440000534057617 AB 5.479403608528126 1.0183345460257633
61885.1714 lsst_hardware_z -38.21116867883885 41.0 30.940000534057617 AB 13.164570700509149 1.033325800667908
61885.1831 lsst_hardware_r -37.79221653000082 22.75 31.489999771118164 AB 13.318989700794733 1.0469189166445274
61888.1197 lsst_hardware_r 45.08481043737324 22.540000915527344 31.489999771118164 AB 2.344147562726196 1.0166897048111303
61888.1329 lsst_hardware_u -0.39224158315746377 2.630000114440918 28.399999618530273 AB 2.117752754138968 1.0162774154070071
61889.1809 lsst_hardware_r 14.882972217639994 22.75 31.489999771118164 AB 10.33940988218191 1.0597820061344356
61891.1166 lsst_hardware_r -2.982341766990448 22.6299991607666 31.510000228881836 AB 9.88814129922462 1.0159745152980977
61891.1265 lsst_hardware_i -34.48640947782668 30.31999969482422 31.260000228881836 AB 9.471431087750815 1.0165842871211843
61895.1129 lsst_hardware_z 76.51225519382392 48.380001068115234 30.969999313354492 AB 9.416746314677413 1.0161590929834263
61895.124 lsst_hardware_r 37.66016723051121 51.279998779296875 31.639999389648438 AB 9.442632543681565 1.019190761878958
61897.1118 lsst_hardware_z 64.70561058959413 113.11000061035156 32.18000030517578 AB 6.764510008715371 1.0169519312534854
61899.1077 lsst_hardware_r 53.31280396134318 125.41000366210938 31.670000076293945 AB 8.786122973284144 1.017304859894006
61899.119 lsst_hardware_z 109.00672564037134 85.08000183105469 31.0 AB 8.751939612678612 1.0221840239055169
61903.1032 lsst_hardware_r 37.35998769056459 57.029998779296875 31.639999389648438 AB 6.540370872388298 1.0196493591001785
61903.1152 lsst_hardware_y 46.141928483879674 49.52000045776367 30.049999237060547 AB 6.582768144567512 1.0270730810262447
61908.0477 lsst_hardware_z -30.448690833677283 40.47999954223633 30.940000534057617 AB 8.539542220798639 1.0244582181947421
61908.0587 lsst_hardware_u 0.0229336040851662 2.5799999237060547 28.3700008392334 AB 8.534715074101019 1.0185839687434084
61910.089 lsst_hardware_r -3.6791780675880297 22.440000534057617 31.510000228881836 AB 8.312923366640364 1.0222064229176426
61910.101 lsst_hardware_i 51.968869355507934 30.1299991607666 31.25 AB 8.407698548254512 1.03128201998379
61912.0867 lsst_hardware_z -45.92826317567565 40.849998474121094 30.950000762939453 AB 4.81717410355886 1.0242042743215152
61928.0248 lsst_hardware_r 3.4552701565799926 103.43000030517578 31.670000076293945 AB 4.6423573379829595 1.0164633079552516
61928.0376 lsst_hardware_i -32.10781941179108 81.5 31.34000015258789 AB 4.6984338776768935 1.020954775679464
61943.9975 lsst_hardware_i -26.593402020149856 30.15999984741211 31.260000228881836 AB 9.58707200030004 1.0230211282955153
61944.0101 lsst_hardware_z -49.492819205040554 40.97999954223633 30.950000762939453 AB 3.3446061083072824 1.0331361537192676
