data/validation/pwv_sim_epoch_fit_4/15116338.ecsv
# %ECSV 0.9
# ---
# datatype:
# - {name: time, datatype: float64}
# - {name: band, datatype: string}
# - {name: flux, datatype: float64}
# - {name: fluxerr, datatype: float64}
# - {name: zp, datatype: float64}
# - {name: zpsys, datatype: string}
# - {name: pwv, datatype: float64}
# - {name: airmass, datatype: float64}
# meta: {SNID: '15116338', alt: 1024.0, c: -0.056487277150154114, dec: -52.60899, lat: -30.244573, lon: -70.7499537, ra: 208.432831, t0: 61802.953125,
#   x0: 6.701401391604911e-06, x1: -0.9046858549118042, z: 0.5435321927070618}
# schema: astropy-2.0
time band flux fluxerr zp zpsys pwv airmass
61809.3663 lsst_hardware_r 1926.272215116827 49.16653742408125 31.479999542236328 AB 8.942333995164313 1.0913714651760873
61809.3785 lsst_hardware_y 509.0221852060578 54.097671032792036 30.030000686645508 AB 7.221686299728266 1.0850976108977577
61811.3728 lsst_hardware_r 1989.896300833209 83.60503576302406 31.639999389648438 AB 3.718844455146585 1.0851867193969034
61811.3852 lsst_hardware_y 414.0896601665711 64.79153294652775 30.049999237060547 AB 4.252742958323515 1.0824901472060535
61813.3693 lsst_hardware_r 1772.9072175277154 86.6961444310595 31.639999389648438 AB 6.689807851514579 1.0845112833775807
61813.3803 lsst_hardware_z 1417.8771859953495 69.63962453579568 30.979999542236328 AB 5.513679289525222 1.0824578148403683
61817.3719 lsst_hardware_z 1117.239668210877 59.148786849473616 30.959999084472656 AB 3.8288238321393324 1.0824040234091314
61817.3834 lsst_hardware_y 339.1780200477872 55.82839871952626 30.040000915527344 AB 3.517947837818571 1.0841133552599602
61819.371 lsst_hardware_i 1179.4701891310478 49.28431533078142 31.270000457763672 AB 5.676040655843899 1.0826973115582068
61819.3824 lsst_hardware_y 286.6298809251914 53.542391685308175 30.030000686645508 AB 4.957878602447346 1.0856470361739505
61821.3747 lsst_hardware_r 898.8521933532305 37.99702282531981 31.510000228881836 AB 4.206740924657526 1.0848173614108536
61821.3869 lsst_hardware_y 233.94597628838017 54.257176780576664 30.040000915527344 AB 2.945283420212185 1.090845711189698
61823.3545 lsst_hardware_u -0.028906911149444697 2.804814871121203 28.389999389648438 AB 10.099980602004564 1.0824113816316112
61823.3667 lsst_hardware_g 91.45079437972299 16.974446258964903 31.389999389648438 AB 10.11016399833209 1.0840255185044863
61825.3601 lsst_hardware_r 1167.2827409367053 46.61178526791761 32.22999954223633 AB 10.938368529970452 1.0837221132731623
61825.3723 lsst_hardware_i 1624.3754379267177 59.56477193878768 31.989999771118164 AB 10.996173683990714 1.0886402459193842
61827.3616 lsst_hardware_z 747.6526489939739 49.286570009799036 30.940000534057617 AB 7.30877082092588 1.0860793254960814
61827.3727 lsst_hardware_r 573.7062410997611 31.524552221783026 31.479999542236328 AB 7.340099343558417 1.0923173248347657
61833.3592 lsst_hardware_r 323.3932558027102 28.379946315987638 31.469999313354492 AB 7.909365096047838 1.0944440989895765
61833.3714 lsst_hardware_u 1.7603460741550707 3.2886735119748756 28.270000457763672 AB 7.952975037368982 1.1058085424595796
61839.3422 lsst_hardware_z 472.6814433376411 56.172749606798405 30.959999084472656 AB 9.106779719989001 1.0939731779673492
61839.355 lsst_hardware_r 317.1871829161417 50.08473273645664 31.600000381469727 AB 9.18064391926968 1.1057908121335225
61844.3343 lsst_hardware_i 286.53195445608725 67.77051800677175 31.309999465942383 AB 9.921975545546942 1.098758850395563
61844.3467 lsst_hardware_z 402.68161837880587 66.108026021322 30.969999313354492 AB 10.063340040660886 1.1120122333044553
61846.2913 lsst_hardware_r 148.08261771507097 56.69593949776067 31.6200008392334 AB 8.551221575808722 1.0824331108618634
61846.3046 lsst_hardware_z 515.6288909683581 55.28345944673892 30.959999084472656 AB 8.760104464531688 1.084238438583021
61848.2911 lsst_hardware_y 78.86417446299691 49.33324506503177 30.030000686645508 AB 6.164875252860811 1.082633364080222
61848.3036 lsst_hardware_g 13.454725071461365 28.303432306332 31.610000610351562 AB 5.971971547853655 1.0858130087006646
61850.2891 lsst_hardware_r 109.73469607786008 26.499984120618752 31.5 AB 4.935836109521673 1.0831327868162548
61850.3017 lsst_hardware_i 249.22023889836083 34.554930049627835 31.25 AB 4.323045767100775 1.0874219009183186
61852.2885 lsst_hardware_z 337.10778983731353 45.30046422638383 30.940000534057617 AB 6.6400571942403355 1.084327014464156
61852.3013 lsst_hardware_r 132.80567638755358 25.01204975453267 31.479999542236328 AB 6.737015114138664 1.09024950601015
61854.2829 lsst_hardware_u 13.41891278442075 4.460668377377122 28.3700008392334 AB 7.068640023933131 1.0842858275239369
61854.2955 lsst_hardware_r 102.14979178361759 24.879845280397745 31.479999542236328 AB 6.670232869974915 1.0900409151407304
61856.2905 lsst_hardware_z 227.4675157094259 44.72002772041866 30.940000534057617 AB 7.556419466225413 1.0903268634005285
61856.3018 lsst_hardware_i 243.2516795735652 33.32566029730129 31.239999771118164 AB 7.633953655683454 1.099003585486191
61858.2394 lsst_hardware_z 335.12478976348916 44.5810693282496 30.940000534057617 AB 7.220047030241779 1.087411069367204
61858.251 lsst_hardware_r 128.34706294125246 24.613792380582336 31.479999542236328 AB 8.628174698105758 1.0833291101896865
61860.2349 lsst_hardware_u 13.107040147273894 3.8123558330666487 28.299999237060547 AB 4.1009660767999385 1.0869484908139506
61860.2481 lsst_hardware_g 25.99327241710383 14.43584119686598 31.3799991607666 AB 4.186658475467906 1.0828731911976985
61862.233 lsst_hardware_r 129.3079255536609 24.560368385353797 31.479999542236328 AB 9.240079561761894 1.0854293981747498
61862.2451 lsst_hardware_i 176.13878103273734 32.9701934677212 31.239999771118164 AB 9.243838911956127 1.0825857563971104
61864.2378 lsst_hardware_z 229.33118084158409 44.244619706975364 30.940000534057617 AB 5.955340423396621 1.0827891678902948
61864.2497 lsst_hardware_r 100.95446189748944 24.441796820989012 31.479999542236328 AB 5.956163597878591 1.0829388359779257
61872.2176 lsst_hardware_r 129.413950137274 107.34507609047596 31.649999618530273 AB 7.3707662802620195 1.0826094903689625
61872.229 lsst_hardware_z 243.24608921570245 74.57767836708096 30.989999771118164 AB 7.376627532848009 1.0831389463955474
61876.1052 lsst_hardware_r 79.54965255292684 24.98980248010737 31.469999313354492 AB 19.599779981840516 1.2300345155224892
61876.1167 lsst_hardware_i 80.86139685659387 38.1985434253532 31.260000228881836 AB 19.154471335871925 1.1973041215071991
61878.2299 lsst_hardware_r 71.784655242747 28.428285926986312 31.530000686645508 AB 12.96011423361445 1.0900088366429075
61878.2422 lsst_hardware_g 1.0923494732247239 21.894033896555683 31.559999465942383 AB 13.079523082497664 1.0994429523387268
61880.195 lsst_hardware_u 1.9280082741939448 2.7100000381469727 28.450000762939453 AB 3.665271311280192 1.0826914074281782
61880.207 lsst_hardware_r 64.42319878731671 22.6299991607666 31.489999771118164 AB 3.4165057742114473 1.0831150082039884
61883.2019 lsst_hardware_i -7.500760462594297 30.649999618530273 31.25 AB 4.3597406617675105 1.0837936679899347
61883.2128 lsst_hardware_z 56.93132573532495 41.66999816894531 30.950000762939453 AB 4.987358503817064 1.0880520324662262
61888.1879 lsst_hardware_g -21.69677940380209 13.65999984741211 31.389999389648438 AB 2.438885075636615 1.0837080984833518
61888.1997 lsst_hardware_r 11.670252812809682 22.579999923706055 31.469999313354492 AB 2.492860921754211 1.0883479247999177
61889.2031 lsst_hardware_i 8.090795839569383 43.4900016784668 31.989999771118164 AB 10.650195153718911 1.0921223517341037
61889.2192 lsst_hardware_z 33.0368233349087 59.349998474121094 31.690000534057617 AB 11.62150296051456 1.1065990249966473
61891.1972 lsst_hardware_r 16.416484380372417 22.889999389648438 31.5 AB 10.569744571559792 1.091821768603921
61891.2084 lsst_hardware_g -12.407021344835666 13.970000267028809 31.420000076293945 AB 10.082896726323535 1.1010534235679537
61899.1366 lsst_hardware_z 219.70526848305227 79.87000274658203 30.989999771118164 AB 8.237957576128476 1.0839417863326943
61899.1497 lsst_hardware_r -106.61383655858296 116.7699966430664 31.649999618530273 AB 8.226995783792471 1.0824994452358516
61903.1377 lsst_hardware_y 40.527927468946125 72.51000213623047 30.780000686645508 AB 7.550446492324544 1.0824624912834253
61910.1295 lsst_hardware_z 49.256690960762384 41.93000030517578 30.950000762939453 AB 8.348091692430984 1.084167752263764
61910.143 lsst_hardware_r -22.996049688375532 22.770000457763672 31.489999771118164 AB 8.395436578833763 1.0903164388095796
61926.1057 lsst_hardware_z 23.851664275399596 63.56999969482422 30.979999542236328 AB 9.888026239839883 1.0948174467436982
61926.1161 lsst_hardware_r -111.39780039359198 84.23999786376953 31.639999389648438 AB 10.041965584600314 1.1043723320826997
61944.0208 lsst_hardware_z -10.63023760069618 41.380001068115234 30.950000762939453 AB 3.47515906717027 1.0826602836607102
61944.0355 lsst_hardware_u -3.5628380219133446 2.700000047683716 28.459999084472656 AB 3.480814845811159 1.0838595191689737
61950.0124 lsst_hardware_i 20.31850320813157 31.739999771118164 31.239999771118164 AB 4.927819102750104 1.0826604154781532
61950.0227 lsst_hardware_z -122.31225968616238 42.0099983215332 30.940000534057617 AB 4.973513380563452 1.084952654415849
61960.0058 lsst_hardware_z 121.87793229194732 79.56999969482422 31.719999313354492 AB 2.6286093806856328 1.089917852466314
61962.0002 lsst_hardware_g -3.4448252818651475 13.470000267028809 31.399999618530273 AB 5.430099359830815 1.0898342919880082
61962.0121 lsst_hardware_r -6.705152661118041 22.3700008392334 31.479999542236328 AB 5.52604051334792 1.0987984450733228
61963.9971 lsst_hardware_i 61.73684230204198 30.610000610351562 31.239999771118164 AB 6.424010387304869 1.0913278401922282
61964.0089 lsst_hardware_z -2.063053055142413 41.880001068115234 30.940000534057617 AB 6.3985034208244285 1.1009124949800757
61965.0016 lsst_hardware_i -54.27158635902516 30.559999465942383 31.25 AB 7.607066628296059 1.0967775986970167
61965.0126 lsst_hardware_u -2.7778171378221366 2.700000047683716 28.440000534057617 AB 7.7425239073099705 1.1076572113462047
62176.3725 lsst_hardware_z 2.2690437328688917 42.2400016784668 30.950000762939453 AB 7.16573837879627 1.0856082787793562
62176.3841 lsst_hardware_y -69.69958140016436 56.650001525878906 30.049999237060547 AB 7.209608556263125 1.0826863727681522
62178.376 lsst_hardware_r -8.882693602427373 23.25 31.5 AB 4.191275756073232 1.0830636348007834
62178.3867 lsst_hardware_y 22.60521521659401 60.04999923706055 30.049999237060547 AB 4.022718934760116 1.0825886346068936
62180.3732 lsst_hardware_z -26.77089343651344 42.18000030517578 30.950000762939453 AB 6.0327287217769845 1.0826864181222104
62180.3837 lsst_hardware_y 43.81065429396868 52.25 30.040000915527344 AB 5.350211254680854 1.0828743115277748
62182.3739 lsst_hardware_u -2.887976068504223 2.950000047683716 28.5 AB 4.34937416793141 1.082472416110356
62182.3851 lsst_hardware_y 22.056515104285424 51.63999938964844 30.040000915527344 AB 3.1318874184237075 1.0844485520857714
62184.3696 lsst_hardware_r -23.282929698057615 22.610000610351562 31.489999771118164 AB 4.424054261034023 1.082536064362641
62184.3818 lsst_hardware_y -28.005809198634864 48.88999938964844 30.030000686645508 AB 3.5811044259305516 1.0851831593728944
62186.3826 lsst_hardware_z -64.65672108242471 61.81999969482422 31.709999084472656 AB 2.330409878008869 1.0879597936549341
62190.3594 lsst_hardware_r -6.8062060038474055 22.56999969482422 31.5 AB 10.629128566773637 1.0834257169176715
62190.3697 lsst_hardware_i 15.998304938780027 30.770000457763672 31.25 AB 10.658554978205144 1.086979125492587
62196.3569 lsst_hardware_r 66.23216250127527 89.04000091552734 31.649999618530273 AB 4.649307225540368 1.0888307319766999
62196.3689 lsst_hardware_i -163.4971247780002 70.1500015258789 31.329999923706055 AB 4.570553121768109 1.0973716979035417
62202.3497 lsst_hardware_r -9.094812410405659 36.47999954223633 31.579999923706055 AB 9.417336111018736 1.0950390826765972
62202.3616 lsst_hardware_i 7.872465004177993 37.939998626708984 31.270000457763672 AB 9.514152818282161 1.1062968393351351
62204.2981 lsst_hardware_i -3.0307008538065756 31.530000686645508 31.239999771118164 AB 7.811073161690792 1.0848712724570544
62204.3093 lsst_hardware_z 20.84567637809668 42.130001068115234 30.940000534057617 AB 7.794385774194276 1.082553579749205
62208.3364 lsst_hardware_r -19.95042472457792 22.260000228881836 31.469999313354492 AB 14.22934392323663 1.0976044371518667
62208.349 lsst_hardware_i 12.75279987419324 30.639999389648438 31.229999542236328 AB 14.333599838598703 1.1106582339776743
62211.3356 lsst_hardware_z -89.96192078924328 41.93000030517578 30.940000534057617 AB 8.364368384738208 1.1047539553889112
62211.3478 lsst_hardware_u 1.3930762492970656 2.6600000858306885 28.399999618530273 AB 8.488479688557506 1.1197414093008615
62213.2896 lsst_hardware_r -2.4416554781395243 22.399999618530273 31.5 AB 6.8749845263070375 1.0825042554411963
62213.302 lsst_hardware_g 3.1888610152546675 13.489999771118164 31.40999984741211 AB 6.715264306083089 1.0849737676782243
62216.2884 lsst_hardware_r -11.965092707789273 22.549999237060547 31.5 AB 4.8435032245641345 1.0834365785849382
62216.3009 lsst_hardware_i -23.12971026043947 30.809999465942383 31.260000228881836 AB 4.313972689497111 1.088081894065732
62218.2816 lsst_hardware_z 5.850305165126753 41.63999938964844 30.950000762939453 AB 6.623568046599879 1.0831673011610596
62218.2946 lsst_hardware_i 9.317020560523172 30.6299991607666 31.25 AB 6.716059578980601 1.0876503407348
62220.2917 lsst_hardware_g -18.327530741257018 13.520000457763672 31.40999984741211 AB 6.723102803695226 1.0890261284028875
62220.3027 lsst_hardware_r 16.19710024981543 22.440000534057617 31.489999771118164 AB 6.720945140606115 1.0968047228764555
62222.2904 lsst_hardware_i -76.17417235038579 45.25 31.299999237060547 AB 7.618528028916184 1.0916099862327666
62222.3007 lsst_hardware_r -80.79010208213158 44.84000015258789 31.610000610351562 AB 7.633245357096426 1.0998912618294439
62224.2367 lsst_hardware_i 61.04617185568215 72.31999969482422 31.329999923706055 AB 7.37612284606876 1.0877900227703714
62224.2493 lsst_hardware_z -2.192079544362249 64.5 30.989999771118164 AB 7.271744282088685 1.083300410734399
62228.2405 lsst_hardware_r -82.92395005848945 79.01000213623047 31.649999618530273 AB 9.218073860686575 1.0829292025947066
62228.252 lsst_hardware_i -98.24879262678574 65.30999755859375 31.329999923706055 AB 8.554206313533752 1.0828109257637661
62230.2322 lsst_hardware_z 71.11917201064836 48.29999923706055 30.950000762939453 AB 5.9590044230952515 1.083455349653682
62230.2446 lsst_hardware_i -13.542068237873517 44.279998779296875 31.290000915527344 AB 5.95433643287001 1.0826066241581835
62232.2287 lsst_hardware_z 74.64759519292319 42.97999954223633 30.950000762939453 AB 16.11360503804338 1.0830734011634922
62232.2417 lsst_hardware_g -11.888123555180952 23.440000534057617 31.59000015258789 AB 16.133025638968522 1.0828987541259656
62234.2254 lsst_hardware_r 24.50878598385541 22.479999542236328 31.489999771118164 AB 9.998212783508393 1.0827607519502267
62234.2387 lsst_hardware_i -35.41097208107227 30.59000015258789 31.25 AB 9.9879407787242 1.08332992285233
62236.2248 lsst_hardware_z -56.29704958467988 41.540000915527344 30.940000534057617 AB 5.229056123990255 1.0824709061531028
62236.2347 lsst_hardware_u -1.177727335244201 2.630000114440918 28.389999389648438 AB 5.385048305584935 1.0836560851055448
62238.2112 lsst_hardware_g 6.377387220926444 13.600000381469727 31.399999618530273 AB 7.371296838313186 1.0832840862134374
62238.2221 lsst_hardware_r -31.13194970917448 22.520000457763672 31.489999771118164 AB 7.396157243175493 1.082562504337451
62242.2146 lsst_hardware_i 38.596463258220844 30.760000228881836 31.25 AB 17.693788398182896 1.0829340309499136
62242.226 lsst_hardware_z 14.27362049417379 41.93000030517578 30.950000762939453 AB 17.749876850609645 1.0862283757831392
62244.2201 lsst_hardware_i -46.20542421220626 30.760000228881836 31.239999771118164 AB 12.90291978854476 1.0860434141079143
62244.2321 lsst_hardware_u 1.5948540697703135 2.7100000381469727 28.440000534057617 AB 12.991152311046305 1.0928490752305005
62246.2166 lsst_hardware_g -28.614487723033722 13.770000457763672 31.40999984741211 AB 2.9435381317406946 1.0869117355187499
62246.2289 lsst_hardware_r -2.005217617083078 22.639999389648438 31.479999542236328 AB 2.9855325448634247 1.0945371666369637
62250.1983 lsst_hardware_z -108.24298959883467 66.80999755859375 31.709999084472656 AB 8.569337617346894 1.0841430391684086
