data/validation/pwv_sim_epoch_fit_4/15319165.ecsv
# %ECSV 0.9
# ---
# datatype:
# - {name: time, datatype: float64}
# - {name: band, datatype: string}
# - {name: flux, datatype: float64}
# - {name: fluxerr, datatype: float64}
# - {name: zp, datatype: float64}
# - {name: zpsys, datatype: string}
# - {name: pwv, datatype: float64}
# - {name: airmass, datatype: float64}
# meta: {SNID: '15319165', alt: 1024.0, c: -0.09359470009803772, dec: -19.78805, lat: -30.244573, lon: -70.7499537, ra: 183.339844, t0: 61102.5625,
#   x0: 1.2035807927375073e-05, x1: -0.6627090573310852, z: 0.42547765374183655}
# schema: astropy-2.0
time band flux fluxerr zp zpsys pwv airmass
61065.3659 lsst_hardware_z -46.84011898371937 43.90999984741211 30.959999084472656 AB 9.890313650885696 1.0169116940333163
61067.3095 lsst_hardware_g 5.221611356134628 14.65999984741211 31.440000534057617 AB 12.41840860606178 1.051813264206249
61067.3254 lsst_hardware_y 55.05434231856735 46.900001525878906 30.049999237060547 AB 12.202657125239117 1.0311523681966468
61069.3584 lsst_hardware_z -11.832756579292829 41.15999984741211 30.950000762939453 AB 11.812014734394143 1.0177287870237282
61069.3777 lsst_hardware_y -61.06335292765546 61.189998626708984 30.059999465942383 AB 12.168622562753031 1.0297774398843194
61071.359 lsst_hardware_y -116.58409051079097 68.36000061035156 30.809999465942383 AB 11.824719100487933 1.0201418397919062
61072.3288 lsst_hardware_z 66.53458712367987 58.869998931884766 30.989999771118164 AB 10.002821421534875 1.0190323371571797
61072.3452 lsst_hardware_r 85.15937810480361 74.93000030517578 31.65999984741211 AB 11.92714970095591 1.016662852759423
61074.3376 lsst_hardware_i 105.10747494966894 78.02312302061279 31.34000015258789 AB 10.847690225592308 1.016462727285636
61074.356 lsst_hardware_z -21.094581263800983 68.07246381954583 30.989999771118164 AB 10.895690653262232 1.0231976447688818
61076.337 lsst_hardware_r -85.03098378001854 93.78382066483053 31.65999984741211 AB 7.004679813363479 1.0171364685426252
61076.3556 lsst_hardware_z -68.96905125760652 70.89593322321565 30.989999771118164 AB 7.069229737954579 1.027068912833171
61078.3235 lsst_hardware_z 25.834741333987395 59.928992069308784 30.979999542236328 AB 3.7735593984718117 1.016446976019375
61078.3415 lsst_hardware_i -68.51486998872774 63.976845662681406 31.329999923706055 AB 4.845877691128976 1.0209908224659419
61080.2753 lsst_hardware_z 53.083330990778634 46.471751952207406 30.959999084472656 AB 5.536255852839767 1.049775937964405
61080.2931 lsst_hardware_r 41.548851724151135 40.668725542029144 31.610000610351562 AB 5.6240340773642545 1.0281128060626579
61084.3096 lsst_hardware_r 610.1428067749584 34.626274294418714 31.510000228881836 AB 5.793642738361167 1.0164285505896784
61084.3258 lsst_hardware_i 518.8216247961781 37.7325617214737 31.25 AB 5.821839955703136 1.0213754308251115
61088.2981 lsst_hardware_u 45.82159098239946 6.734543582882558 28.440000534057617 AB 5.0287049356943045 1.0164133270731341
61088.3144 lsst_hardware_r 1584.296242972646 46.23890297933108 31.510000228881836 AB 5.014968561377351 1.0211012409482865
61090.2977 lsst_hardware_i 1376.484116847384 48.81694877302274 31.270000457763672 AB 2.5876278051578057 1.016916117959511
61090.3163 lsst_hardware_z 1022.3361615661586 52.04680057568527 30.959999084472656 AB 2.615015182673469 1.0261668473538792
61092.2978 lsst_hardware_r 2882.912358629862 58.34700885346012 31.510000228881836 AB 6.592543351645993 1.0184548865140508
61092.316 lsst_hardware_u 35.622829763701446 6.3857348511463465 28.530000686645508 AB 6.688960201763285 1.0308417335057547
61094.282 lsst_hardware_u 15.019228613675486 5.337120231810735 28.360000610351562 AB 10.830271330189966 1.0164178812040887
61094.2991 lsst_hardware_g 1906.7106718264718 45.252731230086624 31.43000030517578 AB 11.293157653761991 1.0217278253652395
61096.2629 lsst_hardware_r 3816.5178832232546 65.99706359558847 31.5 AB 9.00248241042199 1.0191874120255848
61096.2804 lsst_hardware_i 2409.4540551054783 57.20043611129055 31.25 AB 8.981720765371948 1.0167602089021486
61097.1553 lsst_hardware_z 1825.206762998261 63.18624245693259 30.93000030517578 AB 7.087007018541003 1.2981055075631474
61099.2885 lsst_hardware_z 1864.9837560363655 63.04211257403624 30.959999084472656 AB 5.606196207265986 1.0237134714101868
61099.306 lsst_hardware_r 4364.669809229814 69.61297189254036 31.510000228881836 AB 5.481544520076031 1.0414257661396469
61101.2659 lsst_hardware_i 3142.8771437429314 92.56358926317868 31.34000015258789 AB 3.548416530616903 1.016641160524373
61101.2836 lsst_hardware_z 1963.9830176042901 78.80649792600778 30.989999771118164 AB 3.4891524975033557 1.0241128551521443
61105.2677 lsst_hardware_y 551.8954821913322 66.46058809328701 30.06999969482422 AB 7.954557781222638 1.0209385688810513
61105.286 lsst_hardware_r 4670.401673741988 134.28574810985762 31.65999984741211 AB 8.074533987218915 1.03685829691415
61109.2419 lsst_hardware_z 1930.9212243956035 62.23013793815313 30.959999084472656 AB 10.261044354394805 1.016448177750845
61109.2593 lsst_hardware_r 4078.262791331589 75.65155127982968 31.6200008392334 AB 9.66690223651704 1.0224386934098775
61111.2442 lsst_hardware_u -13.110391223520734 4.841483182615066 28.84000015258789 AB 7.532185650458932 1.0178629257376934
61111.2638 lsst_hardware_r 3497.033192778366 65.60302578704932 31.559999465942383 AB 8.233474151041177 1.0305153512087952
61114.2444 lsst_hardware_r 2810.5099587185346 57.99670507063734 31.510000228881836 AB 9.464726035583766 1.0216673181761233
61114.2633 lsst_hardware_u 2.3316143750463443 3.061201443360699 28.420000076293945 AB 9.040683934765521 1.0391590729615543
61118.2271 lsst_hardware_i 1938.2744859182665 53.592583158157744 31.25 AB 6.888760461823493 1.0185577143863516
61118.2475 lsst_hardware_z 1292.175532953914 54.672346596642484 30.950000762939453 AB 7.025236213676207 1.0334269216940581
61120.2256 lsst_hardware_r 1881.0843325722697 49.04068630673685 31.510000228881836 AB 5.790603253256707 1.0203256690465936
61120.2452 lsst_hardware_g 498.6935301090339 26.64807089295211 31.440000534057617 AB 5.902921577062989 1.0370406108594619
61122.2046 lsst_hardware_u -7.2690231688718585 3.331913671943094 28.489999771118164 AB 6.972792076953747 1.016404952728228
61122.2247 lsst_hardware_r 1613.5459820399947 46.243765447941904 31.510000228881836 AB 6.639917872997641 1.0230210111698084
61126.2055 lsst_hardware_z 938.8899357797251 53.7333406311864 30.950000762939453 AB 6.89795520418908 1.018649550212515
61126.2234 lsst_hardware_g 339.7810515029313 22.619055192066472 31.450000762939453 AB 6.495709913206873 1.0310650655883926
61128.2002 lsst_hardware_r 1130.8200822326412 69.24132622907054 31.649999618530273 AB 6.706690652206456 1.0187120304103294
61128.2204 lsst_hardware_i 1434.856617534887 63.958850878725535 31.31999969482422 AB 6.93904371848109 1.0336468708480266
61133.183 lsst_hardware_r 940.2983296439284 144.8210952605167 31.670000076293945 AB 6.3609058998342585 1.0175278713609244
61133.2015 lsst_hardware_z 832.024682971799 99.35896568265967 31.0 AB 6.515256632195692 1.0283999735129137
61137.1823 lsst_hardware_z 768.1648969800054 55.36767409556277 30.959999084472656 AB 10.335868447633125 1.022088350816649
61137.2015 lsst_hardware_i 1037.2069833542516 55.33251185569163 31.299999237060547 AB 10.558082264928975 1.0404357877292225
61139.1789 lsst_hardware_u 16.551526674199568 7.693437372747145 29.040000915527344 AB 8.10255517541155 1.0234375616283378
61139.197 lsst_hardware_g 141.21825567012192 34.500512826537175 31.670000076293945 AB 8.26070328094278 1.0417028097027465
61142.1657 lsst_hardware_r 388.4790217793509 31.504960711038194 31.530000686645508 AB 6.4285802016862625 1.0204095558232162
61142.1822 lsst_hardware_i 758.7265066082496 41.46827508424328 31.270000457763672 AB 6.718874406996509 1.0336729856917706
61148.1503 lsst_hardware_g 66.23688336621967 17.49097877082796 31.469999313354492 AB 12.052144981671487 1.0209356189471823
61148.1679 lsst_hardware_r 354.4273216094986 29.94049813853495 31.520000457763672 AB 13.364790306124922 1.0360302562887536
61150.1451 lsst_hardware_i 494.4076573496427 38.482732357619284 31.260000228881836 AB 6.5219827104416845 1.021080687366927
61150.163 lsst_hardware_z 424.76923580938137 46.47580999107355 30.950000762939453 AB 6.7651923395958296 1.0366919265365406
61152.1467 lsst_hardware_i 454.523608982388 37.91578964933476 31.25 AB 10.387735786123889 1.0258985517874564
61152.1644 lsst_hardware_u 7.862103471780528 4.898343314723211 28.43000030517578 AB 10.648672146107803 1.0457303492200534
61154.1251 lsst_hardware_z 387.0958690175742 46.76382494072281 30.950000762939453 AB 9.768855108543164 1.017377120239863
61154.1444 lsst_hardware_g 88.49136549370678 23.011937729156706 31.56999969482422 AB 10.01253997734158 1.028615161017216
61156.123 lsst_hardware_r 279.2568985011923 55.65631943066581 31.639999389648438 AB 9.980558985492461 1.0184243862747409
61156.1408 lsst_hardware_i 474.30621868320947 52.128056706906555 31.309999465942383 AB 9.197849297126384 1.0303789354510513
61158.1407 lsst_hardware_z 865.2290815922804 101.85415552489982 31.739999771118164 AB 2.1610674048628216 1.0361518642461987
61160.1244 lsst_hardware_z 327.97747464375493 97.55428534089717 31.0 AB 10.69427667462539 1.0255347789245675
61160.142 lsst_hardware_r 101.30658286814375 143.0409671069762 31.65999984741211 AB 10.939386355899664 1.0449313550386536
61162.0639 lsst_hardware_i 419.6194918649887 94.81212291718595 31.350000381469727 AB 8.68019443011615 1.0333564797757322
61162.0829 lsst_hardware_z 360.9511946626933 81.15421519345597 31.0 AB 8.560372351278565 1.0190919465807815
61164.1069 lsst_hardware_i 417.69841208825466 65.02709206980684 31.34000015258789 AB 12.11426722751689 1.021094675279576
61164.1256 lsst_hardware_z 308.7562584132542 60.72298787577955 30.989999771118164 AB 10.454959972324888 1.0376873995508684
61167.1094 lsst_hardware_g 102.71200354584438 34.836098860014815 31.68000030517578 AB 6.878323005844901 1.029072861436999
61167.1283 lsst_hardware_r 276.2728584561529 45.001882744164604 31.610000610351562 AB 6.443873397315574 1.0532073109205515
61169.0687 lsst_hardware_i 351.13890254172145 35.349357866277316 31.25 AB 9.075724029081325 1.0174103260215472
61169.0805 lsst_hardware_r 218.3678204093383 27.23303082587987 31.5 AB 9.05554570317254 1.0166678995001273
61171.0881 lsst_hardware_z 331.92852748578946 44.28821988378411 30.950000762939453 AB 7.916391808831249 1.021272245221086
61171.1068 lsst_hardware_u 4.579800156090808 2.998768682799669 28.450000762939453 AB 8.102667404783388 1.0380715399120348
61174.0485 lsst_hardware_g 3.7758736791133627 14.630000114440918 31.450000762939453 AB 6.501419334415354 1.0198304838298429
61174.0682 lsst_hardware_r 44.240217718552906 23.440000534057617 31.520000457763672 AB 6.480232118565701 1.016879190066801
61176.0447 lsst_hardware_i -43.024214661904686 30.600000381469727 31.25 AB 5.1040615328690775 1.019079870793498
61176.0626 lsst_hardware_z -4.211660503582065 40.959999084472656 30.950000762939453 AB 5.139183355775858 1.016854641032057
61180.0355 lsst_hardware_g 0.7454505317391651 14.600000381469727 31.450000762939453 AB 7.122941662672532 1.018399637226655
61180.0559 lsst_hardware_r -32.182483055652675 23.3799991607666 31.510000228881836 AB 7.3483003434714425 1.0178876153948668
61181.0091 lsst_hardware_i 2.3983246227344104 31.25 31.260000228881836 AB 6.877476624777396 1.0366752857345654
61181.0238 lsst_hardware_r 14.849000128865635 24.139999389648438 31.520000457763672 AB 6.799817737969207 1.0230417860535417
61183.0261 lsst_hardware_z -18.014387084514215 43.29999923706055 30.959999084472656 AB 1.2396204990027815 1.0188661635642766
61183.0474 lsst_hardware_g -16.73282866037905 27.540000915527344 31.639999389648438 AB 1.9931757306890783 1.0177918624794218
61186.005 lsst_hardware_z -31.44359028113666 61.86000061035156 30.989999771118164 AB 5.85327216070424 1.026949908305323
61186.0243 lsst_hardware_r -105.25374158693505 77.19999694824219 31.65999984741211 AB 5.780279703466211 1.0169536329349558
61188.0049 lsst_hardware_i 110.56798038601305 79.44999694824219 31.34000015258789 AB 7.231642110527072 1.0228992694970704
61188.0238 lsst_hardware_z -10.457198722565018 71.83000183105469 31.0 AB 7.188053413939533 1.0164102678081919
61190.0038 lsst_hardware_i -88.7293477012581 78.05999755859375 31.34000015258789 AB 9.762205297964535 1.0203329231750164
61190.0234 lsst_hardware_z 44.34422256461779 68.62000274658203 31.0 AB 9.81700899919242 1.016700825849059
61196.9885 lsst_hardware_i 25.424403847433947 30.639999389648438 31.25 AB 4.380055738326458 1.0186176135642926
61197.0086 lsst_hardware_r 35.74465576704687 23.329999923706055 31.5 AB 4.479321467852764 1.017622869961439
61426.3591 lsst_hardware_g -15.987219899683716 27.610000610351562 31.649999618530273 AB 11.442873134967728 1.0191977734369475
61428.3627 lsst_hardware_i 20.24298275671779 69.7300033569336 31.34000015258789 AB 9.53031745289627 1.0166485268577508
61430.3518 lsst_hardware_z -53.56496006972742 91.33000183105469 31.75 AB 9.826478090225796 1.0178483995054775
61432.3536 lsst_hardware_i -24.09140526835207 65.5199966430664 31.34000015258789 AB 11.178253263728628 1.0164666593269747
61432.3717 lsst_hardware_y -143.94956853407876 58.849998474121094 30.06999969482422 AB 11.176834470833034 1.0206844057258257
61436.3529 lsst_hardware_g 13.712083534680353 20.18000030517578 31.579999923706055 AB 11.781794316496558 1.0174993292404368
61436.3723 lsst_hardware_y 77.74022470599327 50.220001220703125 30.059999465942383 AB 11.93903207272927 1.0291529694185133
61438.3375 lsst_hardware_r -36.0568797634041 24.059999465942383 31.530000686645508 AB 9.961183088810015 1.0164472539602056
61438.3556 lsst_hardware_z 9.784097601397582 41.470001220703125 30.959999084472656 AB 10.075898488851173 1.0208351854158844
61442.3164 lsst_hardware_g -22.039192501771467 14.699999809265137 31.479999542236328 AB 3.513789263306306 1.0187849415211094
61442.3356 lsst_hardware_r -49.48735276430274 23.34000015258789 31.520000457763672 AB 4.495027889584256 1.0172623229610764
61443.3205 lsst_hardware_i -2.843380360508832 30.950000762939453 31.270000457763672 AB 3.719322200096763 1.016833353864196
61443.3398 lsst_hardware_z 13.161276766649038 41.31999969482422 30.959999084472656 AB 4.832025308351419 1.0197373236997824
61445.2756 lsst_hardware_r -14.62531475550695 23.579999923706055 31.510000228881836 AB 5.540978146896382 1.0503726168231615
61445.2932 lsst_hardware_u -1.9645766457612397 2.75 28.459999084472656 AB 5.596793537844421 1.0286332545202097
61447.3094 lsst_hardware_g 15.609862669981576 14.479999542236328 31.450000762939453 AB 3.794936257935746 1.0168639490717433
61447.3262 lsst_hardware_i 30.236660579093975 30.600000381469727 31.260000228881836 AB 3.8915161400166567 1.0185881795620093
61450.3165 lsst_hardware_z -2.9970008216556434 40.959999084472656 30.950000762939453 AB 2.69103766207521 1.0180470348330324
61450.3336 lsst_hardware_r 60.88957656058066 23.170000076293945 31.510000228881836 AB 2.5663661266571114 1.028706734805937
61452.2537 lsst_hardware_u -0.47157623081863004 2.75 28.459999084472656 AB 4.787957941895415 1.0548873664808316
61452.2698 lsst_hardware_g 8.06959955167465 14.510000228881836 31.459999084472656 AB 4.691026329853825 1.0328865313439615
61454.2958 lsst_hardware_r -49.80300795394353 40.310001373291016 31.6200008392334 AB 4.995306358916886 1.0163907337945746
61454.3134 lsst_hardware_i -18.198232157284217 30.690000534057617 31.25 AB 5.072384231845197 1.0216796881706423
61456.2955 lsst_hardware_z -78.89902665658146 65.47000122070312 30.989999771118164 AB 3.6737672181618937 1.0168659551123937
61456.3139 lsst_hardware_r 35.62467009784364 91.94000244140625 31.65999984741211 AB 3.7477686057900708 1.025849070927939
61460.2711 lsst_hardware_z 21.708244712927208 73.2300033569336 31.0 AB 10.071381791578915 1.0174911516256828
61460.2887 lsst_hardware_i 45.8810209361024 85.55999755859375 31.34000015258789 AB 10.05660318402018 1.01788340158269
61462.2823 lsst_hardware_z 1.4287608326796402 51.79999923706055 30.979999542236328 AB 6.593205903228744 1.0176009111092594
61462.2989 lsst_hardware_r 24.36727502156222 57.63999938964844 31.649999618530273 AB 6.787718299588834 1.0269898577146712
61464.2812 lsst_hardware_y 87.17758252468303 47.34000015258789 30.049999237060547 AB 5.56376602075299 1.0191603152043334
61464.3006 lsst_hardware_g 11.359344612131727 29.309999465942383 31.649999618530273 AB 5.403358649927184 1.0339872075639256
61466.2657 lsst_hardware_r 22.128568353907337 24.690000534057617 31.520000457763672 AB 3.5144591798422633 1.0165230948251822
