data/validation/pwv_sim_epoch_fit_4/154141.ecsv
# %ECSV 0.9
# ---
# datatype:
# - {name: time, datatype: float64}
# - {name: band, datatype: string}
# - {name: flux, datatype: float64}
# - {name: fluxerr, datatype: float64}
# - {name: zp, datatype: float64}
# - {name: zpsys, datatype: string}
# - {name: pwv, datatype: float64}
# - {name: airmass, datatype: float64}
# meta: {SNID: '154141', alt: 1024.0, c: 0.07357438653707504, dec: -39.644398, lat: -30.244573, lon: -70.7499537, ra: 168.75, t0: 61825.84375,
#   x0: 2.620477097298086e-05, x1: -1.5580456256866455, z: 0.30567672848701477}
# schema: astropy-2.0
time band flux fluxerr zp zpsys pwv airmass
61783.357 lsst_hardware_r -55.58344119244673 78.2699966430664 31.65999984741211 AB 4.214228192352911 1.0141733175885426
61786.3485 lsst_hardware_y 126.4233587322741 72.47000122070312 30.809999465942383 AB 4.512971839462071 1.014150975160016
61790.3532 lsst_hardware_r 12.171876570035089 26.690000534057617 31.540000915527344 AB 9.909637176723479 1.0185668801237002
61790.3658 lsst_hardware_y -42.90899540270809 54.599998474121094 30.059999465942383 AB 9.901965010972662 1.0270416191855478
61792.3315 lsst_hardware_u -4.613681062377111 2.799999952316284 28.5 AB 9.529124771322795 1.0141142735404411
61792.3441 lsst_hardware_r -6.288818057689398 22.3700008392334 31.489999771118164 AB 9.06604313335066 1.0169425836624424
61794.3377 lsst_hardware_i 31.5702784985833 29.6200008392334 31.239999771118164 AB 7.208334409009715 1.0165827887049628
61794.3508 lsst_hardware_z 43.32955642436689 40.5099983215332 30.940000534057617 AB 7.2070205674535694 1.023809345109595
61796.3279 lsst_hardware_r 14.075342981263827 21.700000762939453 31.479999542236328 AB 12.380760583275185 1.0152325201537666
61796.3404 lsst_hardware_u -0.6110145809588428 2.5199999809265137 28.34000015258789 AB 14.271182385690603 1.0205243348327706
61798.3293 lsst_hardware_r -9.019434603100896 21.790000915527344 31.479999542236328 AB 11.905979554771667 1.0176050901514246
61798.3425 lsst_hardware_i 10.06804900922948 29.670000076293945 31.239999771118164 AB 12.105170267596282 1.0258329087536748
61800.3335 lsst_hardware_z -58.05367802016755 40.40319629564084 30.940000534057617 AB 11.620398379285902 1.0231475570579707
61800.3451 lsst_hardware_u 0.24751108176003436 2.5758253755344076 28.3700008392334 AB 11.776069732853617 1.0332907048423765
61802.3396 lsst_hardware_g -57.69336483373464 15.507443092522921 31.43000030517578 AB 12.139651377081455 1.0332497554754836
61802.3511 lsst_hardware_r -39.770773323702485 22.81943056212889 31.5 AB 12.261076599971249 1.0472093893213879
61804.2878 lsst_hardware_u 2.0223759510896957 2.981498466716276 28.389999389648438 AB 9.291215591176174 1.015156032906435
61804.3005 lsst_hardware_r -67.17995105588821 23.51780941704895 31.489999771118164 AB 9.473632844543967 1.0142532888543405
61806.2841 lsst_hardware_i 148.16987645130922 31.840889992196917 31.25 AB 5.622841775242997 1.014770217513625
61806.2968 lsst_hardware_z 142.59639213412711 41.28955842380895 30.950000762939453 AB 6.6552860430130485 1.0144737629713583
61809.2736 lsst_hardware_r 859.4610649435799 58.0960855024443 31.6299991607666 AB 7.529937729826813 1.0152953185231326
61809.2858 lsst_hardware_z 819.2382519959205 54.253454583710656 30.969999313354492 AB 7.530672466767792 1.0141636882052105
61815.2831 lsst_hardware_r 4547.806168919124 98.43378370779118 31.65999984741211 AB 3.3880207375931475 1.0177037936148032
61815.2939 lsst_hardware_z 2871.9605423809894 79.24446713277742 30.979999542236328 AB 2.781553071776324 1.0241358879883373
61817.267 lsst_hardware_r 5927.768367629149 87.61879535066433 31.6299991607666 AB 4.611971572649248 1.0145120045422893
61817.278 lsst_hardware_i 4292.085962751046 76.81857819840829 31.299999237060547 AB 4.592784211533213 1.017866703697384
61819.2659 lsst_hardware_z 4322.4909083685425 76.66003718524931 30.959999084472656 AB 4.8053504720834335 1.015447297180714
61819.2774 lsst_hardware_i 5029.047233649765 76.75408828941504 31.260000228881836 AB 4.865051050921261 1.0204081696652092
61821.2679 lsst_hardware_u 46.96290597747028 7.134022707752952 28.489999771118164 AB 2.783559197273136 1.0182511391073537
61821.2792 lsst_hardware_g 4864.751295137654 70.34105412807362 31.440000534057617 AB 2.818916310376054 1.0254333613590592
61825.2542 lsst_hardware_i 6120.544659687155 83.72398099729993 31.25 AB 10.043676279255433 1.0170296470310802
61825.265 lsst_hardware_z 4754.808450879944 78.91356411981722 30.950000762939453 AB 10.126493233361996 1.022981435838165
61827.2582 lsst_hardware_r 8045.5465702590645 92.39918417274865 31.489999771118164 AB 6.628446328619741 1.0220671764935867
61827.2699 lsst_hardware_g 4427.401727196914 68.17307821987872 31.40999984741211 AB 6.695150209510104 1.0317824304791665
61829.2576 lsst_hardware_r 7814.512406704371 90.8248659569395 31.489999771118164 AB 5.601299699753625 1.0256286071326217
61829.2693 lsst_hardware_i 6496.995188363194 85.3995537453732 31.25 AB 5.670761363470256 1.036986625851743
61831.2436 lsst_hardware_z 4447.21289041938 77.08522471534648 30.950000762939453 AB 3.4476519518613196 1.0198142235835725
61831.2555 lsst_hardware_i 6167.8913470253565 83.9526262066852 31.239999771118164 AB 3.52598672026169 1.0284842159246543
61833.2467 lsst_hardware_u 10.585849104073136 4.251918327776777 28.34000015258789 AB 5.69267994707146 1.025646498181153
61833.2583 lsst_hardware_g 2918.816240384838 56.21740324779338 31.389999389648438 AB 5.9460023075263475 1.0368975003315677
61837.1893 lsst_hardware_r 6375.025903053366 91.79447345881535 31.6299991607666 AB 10.94919451742452 1.0181745453841236
61837.2026 lsst_hardware_i 5076.331674680913 81.98921701521076 31.299999237060547 AB 10.896607759366526 1.014298404483534
61844.1851 lsst_hardware_i 4005.050140229357 85.46912504530587 31.329999923706055 AB 10.35792541955895 1.0141571885991651
61844.1973 lsst_hardware_z 2594.2345074726263 75.59001553635778 30.979999542236328 AB 10.354993714940663 1.015361370969857
61848.2035 lsst_hardware_r 2494.7821339668476 56.74608785886442 31.549999237060547 AB 6.4054802014847345 1.0239211724765793
61848.2156 lsst_hardware_i 3211.839153664453 65.9863014080053 31.270000457763672 AB 6.962929824694822 1.034956683095362
61850.2032 lsst_hardware_z 2442.417172296095 63.387516069346 30.950000762939453 AB 5.448989495819379 1.028111225626298
61850.215 lsst_hardware_u 14.628071481504808 4.370763868899411 28.469999313354492 AB 5.930384975349466 1.0406009783031174
61852.1989 lsst_hardware_g 416.3756979021963 24.554437135960924 31.420000076293945 AB 7.016807571406481 1.0291592213855207
61852.2102 lsst_hardware_r 1628.3709364215504 46.728358470451894 31.489999771118164 AB 6.741396136345362 1.0414237263114017
61854.1985 lsst_hardware_i 2530.734954743741 59.529770921172386 31.25 AB 7.1746558898188155 1.0341846327666955
61854.2113 lsst_hardware_z 2412.793731838219 63.2340717312079 30.940000534057617 AB 7.4012407653685734 1.0503179894089745
61856.1858 lsst_hardware_i 4871.82555066537 81.28798593338291 32.0 AB 6.967674726617741 1.027226113315309
61856.1978 lsst_hardware_u 0.92413777492838 3.0188025280080693 28.3700008392334 AB 6.957371299436136 1.0396032225087777
61858.1873 lsst_hardware_g 266.61886490748003 21.752716281046418 31.420000076293945 AB 6.779902235019267 1.0338894273907366
61858.1987 lsst_hardware_r 1154.4662388118134 40.458480990406535 31.489999771118164 AB 6.876249970176007 1.0479159742210267
61860.1828 lsst_hardware_i 1956.0681529788797 53.45655561425038 31.239999771118164 AB 4.779868684585613 1.0349209572745899
61860.1951 lsst_hardware_r 914.1799045022473 38.174427423829044 31.479999542236328 AB 4.900631822005904 1.050585641419057
61864.1366 lsst_hardware_r 729.4679709639746 40.50074730442489 31.559999465942383 AB 6.029943337660731 1.0142597635604689
61864.1485 lsst_hardware_g 222.68461656811337 26.566707189623603 31.56999969482422 AB 6.0151529713363745 1.0173620247503694
61866.1285 lsst_hardware_r 808.6634853930484 57.46553264869179 31.639999389648438 AB 11.73002117986976 1.0140936439759454
61866.1417 lsst_hardware_i 1625.9071611227582 59.1526134377813 31.309999465942383 AB 11.842905676510872 1.0168202692977617
61874.1173 lsst_hardware_r 601.5820082505439 58.83333184137825 31.649999618530273 AB 6.1818916934977715 1.015923039194375
61874.1289 lsst_hardware_i 1161.7975467742922 57.29684201163371 31.31999969482422 AB 5.061602026309082 1.0214453167581894
61878.1157 lsst_hardware_g 109.34926742367155 17.89745978702843 31.420000076293945 AB 11.52676619797816 1.0200678051308105
61878.1277 lsst_hardware_r 554.9704295619626 32.50757411412657 31.489999771118164 AB 12.077061939069305 1.028973497407285
61880.1106 lsst_hardware_i 913.7262858386115 43.0762331689361 31.25 AB 6.986346131161862 1.0202769085303924
61880.1215 lsst_hardware_z 687.0422410911282 47.8305493104625 30.950000762939453 AB 7.030020196288838 1.0283069108884426
61883.1117 lsst_hardware_i 1832.951102270353 60.29420099788418 32.0 AB 4.85985177117477 1.026910041452672
61883.1238 lsst_hardware_u 32.91672159997059 6.678881053257912 29.149999618530273 AB 4.7640323251551475 1.0392740674422225
61889.124 lsst_hardware_z 496.131617953041 46.56665352012574 30.940000534057617 AB 9.37729210434447 1.0634764367800478
61889.1364 lsst_hardware_u 0.9510832523653143 2.7157377422084465 28.309999465942383 AB 9.076477174869622 1.0875242241636258
61895.0813 lsst_hardware_i -60.93530069644047 47.90999984741211 31.31999969482422 AB 9.270201328248188 1.0289933764289252
61895.0942 lsst_hardware_z 76.33172525203301 50.09000015258789 30.969999313354492 AB 9.648848944168364 1.043231586568089
61897.0409 lsst_hardware_z -140.54514745609436 62.65999984741211 30.989999771118164 AB 6.500268330603584 1.01413516000888
61897.0519 lsst_hardware_i 41.460244953695195 70.08000183105469 31.34000015258789 AB 6.328730334283843 1.015195754617235
61899.0818 lsst_hardware_z -57.147085664417965 71.16999816894531 30.989999771118164 AB 9.284396886897273 1.0413478268117962
61899.0957 lsst_hardware_r -189.5740073402948 107.02999877929688 31.649999618530273 AB 9.112883442213851 1.0617776264813916
61903.0274 lsst_hardware_g -82.12513976418713 43.47999954223633 32.40999984741211 AB 7.189183599848281 1.0140964981977334
61903.0393 lsst_hardware_r 6.08575985779922 56.31999969482422 32.36000061035156 AB 7.200212630685165 1.0163212558751042
61908.0251 lsst_hardware_i -25.988098796891396 29.559999465942383 31.239999771118164 AB 7.407622919228792 1.0161348311699303
61908.0378 lsst_hardware_z -49.28385238523083 40.31999969482422 30.940000534057617 AB 7.496931118275927 1.0225993000206228
61910.0179 lsst_hardware_r 49.72159007112114 21.899999618530273 31.5 AB 7.092071631796453 1.0155953552776535
61910.0304 lsst_hardware_g 9.405411267337307 13.34000015258789 31.420000076293945 AB 7.1320672155262255 1.0213227831966643
61912.0157 lsst_hardware_r 27.581223869068513 21.860000610351562 31.489999771118164 AB 4.6478999962275465 1.016675172342883
61912.0279 lsst_hardware_i 5.053138675491742 29.760000228881836 31.25 AB 4.685930660880471 1.0233151579720774
61927.9889 lsst_hardware_y 66.0860664673827 53.31999969482422 30.059999465942383 AB 4.64194198727351 1.0269783157683345
61928.0017 lsst_hardware_r 125.37982968622366 87.13999938964844 31.65999984741211 AB 4.705086752773667 1.0402196291920116
62147.3555 lsst_hardware_r 17.807626636124077 23.6200008392334 31.520000457763672 AB 6.570311242317386 1.014132547531142
62147.3678 lsst_hardware_y 121.83746594949368 72.41999816894531 30.079999923706055 AB 6.519809348318204 1.0155070827955615
62149.3488 lsst_hardware_z 1.8125181975817957 58.5 31.709999084472656 AB 4.2408007710291145 1.014222123173417
62151.3484 lsst_hardware_g 39.86684720366411 13.760000228881836 31.43000030517578 AB 5.431126482054477 1.0141212738408136
62151.3605 lsst_hardware_y -102.22535201615676 51.2400016784668 30.059999465942383 AB 5.478469697899361 1.016696612767813
62153.3504 lsst_hardware_i 38.692624332537875 30.09000015258789 31.260000228881836 AB 2.3350486836230466 1.015238558096977
62153.3625 lsst_hardware_y 33.3089803831676 50.7599983215332 30.059999465942383 AB 2.3466480621434047 1.0202817661493064
62155.3318 lsst_hardware_z 52.14287526929258 40.27000045776367 30.940000534057617 AB 6.694272033120301 1.0142836413818639
62155.3452 lsst_hardware_i 6.309265083142768 29.670000076293945 31.239999771118164 AB 6.278816866405754 1.0153052472290647
62157.3361 lsst_hardware_u 3.9385387733212966 2.640000104904175 28.440000534057617 AB 11.374078813241717 1.0145463217591422
62157.3495 lsst_hardware_g -2.669636912958271 13.479999542236328 31.420000076293945 AB 11.506642938171394 1.019128743933463
62159.3385 lsst_hardware_r 16.05477941564597 21.920000076293945 31.489999771118164 AB 9.56301155278209 1.0166386597333852
62159.351 lsst_hardware_i -25.47552786209751 30.010000228881836 31.260000228881836 AB 9.627226552181549 1.0234653220838301
62161.333 lsst_hardware_z 60.29050881090528 40.459999084472656 30.950000762939453 AB 9.962918780772272 1.0166243653849256
62161.3465 lsst_hardware_u 0.33887454080412244 2.75 28.520000457763672 AB 9.916533620187014 1.0241707844241688
62166.2858 lsst_hardware_r 146.24345265091625 89.8499984741211 31.670000076293945 AB 12.721390664062241 1.0194443084493432
62166.2981 lsst_hardware_i 49.17079280421598 68.9000015258789 31.34000015258789 AB 11.294076646984763 1.0148558146229183
62168.2905 lsst_hardware_z 120.78584619365033 63.31999969482422 30.989999771118164 AB 10.78402367365923 1.0153571496803537
62168.3008 lsst_hardware_i -82.47586750654065 69.69000244140625 31.34000015258789 AB 9.880250543157576 1.014087092595461
62170.3023 lsst_hardware_z 18.782464769571927 79.19999694824219 31.739999771118164 AB 9.563006008034021 1.0148579017334287
62172.2791 lsst_hardware_r 33.365391019310856 40.939998626708984 31.6299991607666 AB 5.63493976271016 1.0154874324581293
62172.2907 lsst_hardware_i 3.9059931181617658 39.849998474121094 31.309999465942383 AB 5.6648217389866256 1.0141105870008422
62174.2881 lsst_hardware_z 25.18604465030277 58.16999816894531 31.700000762939453 AB 4.288343531700023 1.0143323355685703
62178.2743 lsst_hardware_i 3.8519720087524068 29.729999542236328 31.25 AB 3.7359027169772276 1.0141116249400903
62178.285 lsst_hardware_z -28.698749340667273 40.43000030517578 30.950000762939453 AB 3.75879098668357 1.0160725319923147
62180.2725 lsst_hardware_i 35.35221803412783 29.84000015258789 31.260000228881836 AB 5.377171239301709 1.01443300955258
62180.284 lsst_hardware_u -0.8701865613486067 2.7300000190734863 28.510000228881836 AB 5.4129818626580475 1.017812600509199
62184.264 lsst_hardware_i 14.634250516946187 29.780000686645508 31.25 AB 4.480967301837832 1.0148458549033497
62184.2749 lsst_hardware_r -19.82757200959514 21.950000762939453 31.5 AB 4.525914466560094 1.0186809265445207
62186.2673 lsst_hardware_u 1.4894065654748023 2.7100000381469727 28.5 AB 2.566058982867479 1.0176716172387383
62186.2788 lsst_hardware_g 18.271133124475632 13.359999656677246 31.420000076293945 AB 2.57139516057084 1.0245962918996574
62188.2652 lsst_hardware_r -30.664537543043604 22.06999969482422 31.510000228881836 AB 5.190860837085347 1.0193148428248102
62188.2762 lsst_hardware_i -39.77131147945791 29.959999084472656 31.260000228881836 AB 5.340720377246389 1.0268970441749186
62190.2508 lsst_hardware_i -13.35036138181433 29.84000015258789 31.260000228881836 AB 10.859973938975608 1.0156310867692326
62190.2623 lsst_hardware_z 30.726504485768242 40.56999969482422 30.950000762939453 AB 10.879102233289597 1.020777115061733
62192.2565 lsst_hardware_i 63.80771358074914 40.84000015258789 31.299999237060547 AB 9.016255951272159 1.0205734281818053
62192.2684 lsst_hardware_z -7.6860943767355385 45.43000030517578 30.959999084472656 AB 9.106279066239402 1.0296755629616947
62194.2528 lsst_hardware_z -141.08423423540728 59.40999984741211 30.989999771118164 AB 6.13239420244427 1.0216683849243522
62194.2631 lsst_hardware_r -104.16155408913771 81.44000244140625 31.65999984741211 AB 6.17792990671018 1.029826622222067
62196.2489 lsst_hardware_i -189.82271496080156 88.08999633789062 31.34000015258789 AB 3.635398561277251 1.0227115232400368
62196.2598 lsst_hardware_r 31.220907628358233 113.72000122070312 31.65999984741211 AB 4.003697524967819 1.0319251320850087
62199.253 lsst_hardware_z 74.59730917540526 78.43000030517578 31.729999542236328 AB 5.934090484809837 1.0333486064302948
62202.2521 lsst_hardware_z -3.925794856832583 42.79999923706055 30.950000762939453 AB 10.092201772323945 1.0417487829809755
62202.2636 lsst_hardware_r 36.977380146937314 31.709999084472656 31.56999969482422 AB 10.263528051875605 1.0583229784963002
