data/validation/pwv_sim_epoch_fit_4/15532750.ecsv
# %ECSV 0.9
# ---
# datatype:
# - {name: time, datatype: float64}
# - {name: band, datatype: string}
# - {name: flux, datatype: float64}
# - {name: fluxerr, datatype: float64}
# - {name: zp, datatype: float64}
# - {name: zpsys, datatype: string}
# - {name: pwv, datatype: float64}
# - {name: airmass, datatype: float64}
# meta: {SNID: '15532750', alt: 1024.0, c: -0.01149858720600605, dec: -12.48276, lat: -30.244573, lon: -70.7499537, ra: 233.4375, t0: 60398.4609375,
#   x0: 5.185273950356132e-06, x1: -0.45878127217292786, z: 0.6043826341629028}
# schema: astropy-2.0
time band flux fluxerr zp zpsys pwv airmass
60370.3895 lsst_hardware_z 43.457805562647415 98.61695620746484 31.739999771118164 AB 3.2325520524447984 1.0526056829843042
60371.3841 lsst_hardware_i 11.827076814419877 62.63122365618985 31.329999923706055 AB 6.436644968022271 1.0540069814724933
60371.4027 lsst_hardware_y 117.68730789137643 81.55322789743137 30.06999969482422 AB 6.413169991680367 1.049747512653823
60380.3858 lsst_hardware_z 590.1387235653821 64.5352352560406 31.700000762939453 AB 7.599158504766927 1.0517138612922414
60383.2755 lsst_hardware_r 716.51445122785 36.83247506153131 31.469999313354492 AB 10.648739133035908 1.2239930037972309
60383.2939 lsst_hardware_u 16.01746693369491 4.553268532499845 28.290000915527344 AB 9.591794952777192 1.155637946117734
60385.3648 lsst_hardware_g 323.9350697562973 23.580693711547497 31.469999313354492 AB 9.256995978011238 1.049784075528605
60385.3831 lsst_hardware_r 983.0009473850346 40.22683753547209 31.510000228881836 AB 9.628358046918793 1.0583326911939464
60389.215 lsst_hardware_r 2864.2029404979717 86.67556206135956 32.2599983215332 AB 8.583642309421212 1.5061663992667507
60389.2364 lsst_hardware_u 6.324146250980906 6.865449056110569 28.829999923706055 AB 7.621383914876353 1.3435275440491805
60392.3444 lsst_hardware_z 995.6878480495827 62.7403735410472 30.969999313354492 AB 7.1376226490652375 1.0496503895684173
60392.3638 lsst_hardware_r 1881.2267915938614 68.89385177729518 31.6299991607666 AB 7.195613831448706 1.0581785046248098
60395.2844 lsst_hardware_y 809.9709345601676 90.31990523607543 30.799999237060547 AB 7.596453129792201 1.0966967944839354
60397.3224 lsst_hardware_r 2127.575847097456 124.84853835157608 31.65999984741211 AB 7.815803945143902 1.0502760060663696
60397.3427 lsst_hardware_i 1611.042369366375 102.06068379730003 31.34000015258789 AB 9.295612597028848 1.0532376961764076
60399.3248 lsst_hardware_z 1198.786352658598 74.3278368031909 30.979999542236328 AB 4.2589912916963915 1.0496158609290511
60399.3435 lsst_hardware_r 1997.0594121580107 98.159850387784 31.649999618530273 AB 4.414715888703677 1.0572481572691812
60401.321 lsst_hardware_z 1224.7224758469388 58.616123404783366 30.959999084472656 AB 9.250028618944796 1.0497677601934707
60401.3404 lsst_hardware_r 1797.9943653605683 63.33726294554031 31.6200008392334 AB 9.543797405484737 1.059147034734272
60405.1989 lsst_hardware_r 1439.2585815213436 44.65700712707024 31.459999084472656 AB 18.1959884869628 1.3064322578232912
60406.2014 lsst_hardware_g 397.44202819209875 28.984426983563484 32.130001068115234 AB 12.855466797585372 1.2778794033385061
60406.2194 lsst_hardware_r 2734.8649376355243 62.5083506136068 32.2400016784668 AB 10.37436026005419 1.1965813448735914
60413.3097 lsst_hardware_i 973.3242715005258 44.582149024371866 31.260000228881836 AB 7.830922917701313 1.0609808627347381
60413.3275 lsst_hardware_z 907.8371572092974 51.765529490091886 30.950000762939453 AB 8.015205071856473 1.0838681638751146
60415.2923 lsst_hardware_r 820.160048489135 37.51943793167331 31.530000686645508 AB 17.98487837846072 1.052609058788511
60415.31 lsst_hardware_g 104.36272402344656 18.50376332428847 31.489999771118164 AB 18.141609435520717 1.066986125834421
60423.2707 lsst_hardware_r 467.5723317106369 126.9321202816046 31.65999984741211 AB 8.904648367518961 1.0527248227678467
60423.2867 lsst_hardware_z 642.8731540430124 87.38502359563535 31.0 AB 9.058956507957982 1.0653418080703232
60426.254 lsst_hardware_y 257.18132553620563 70.53752730288522 30.059999465942383 AB 2.8160509117823795 1.0499490738352821
60426.2719 lsst_hardware_r 296.494667600846 143.80026933402164 31.65999984741211 AB 2.8534865429125658 1.0589385983099575
60429.2509 lsst_hardware_i 382.12751964636436 53.593887649455915 31.309999465942383 AB 11.129269084297338 1.0512864779398599
60429.2703 lsst_hardware_z 540.0310294970277 56.02243265062954 30.959999084472656 AB 11.296313482854993 1.0653214437950702
60432.2527 lsst_hardware_r 266.4190520611147 31.646234173835953 31.549999237060547 AB 13.353791631608424 1.0567216611227683
60432.2709 lsst_hardware_g 61.123063670928836 23.20741406765119 31.579999923706055 AB 13.655722644847508 1.0765252380644468
60436.2233 lsst_hardware_u 1.4989964275728607 2.993274331382091 28.469999313354492 AB 7.141666809612322 1.049589125856983
60436.2425 lsst_hardware_r 202.7601673113983 28.024457074231528 31.520000457763672 AB 7.189719650800662 1.057259886887995
60443.1846 lsst_hardware_i 213.37145234903016 34.93558937995628 31.25 AB 6.243839083361518 1.0558469765982113
60443.2042 lsst_hardware_z 351.97597434487847 45.75462613437485 30.950000762939453 AB 6.218294756985607 1.0495897977864135
60445.1571 lsst_hardware_z 328.0074245448881 46.384963478530146 30.950000762939453 AB 7.224743322347121 1.0804566227759556
60445.1814 lsst_hardware_r 229.59207538104624 38.14792880908035 32.2599983215332 AB 5.63678850512733 1.0543936597694221
60445.2025 lsst_hardware_u 4.913312991914208 3.5751668264464773 28.440000534057617 AB 5.667979234107702 1.0500146784193594
60447.174 lsst_hardware_y 261.9726027798009 70.10086825124547 30.790000915527344 AB 7.8174571521655 1.0556285398913203
60458.1452 lsst_hardware_i 237.67984295466167 46.29234382659347 31.299999237060547 AB 9.590574233141929 1.0548269171688112
60458.1652 lsst_hardware_z 266.3389852641719 50.37045688712231 30.959999084472656 AB 9.542978530801914 1.049746008943373
60460.1436 lsst_hardware_r 83.96521675706907 25.968342716841278 31.510000228881836 AB 8.629494644991881 1.0526876390389708
60460.1616 lsst_hardware_u -0.9312694056887131 3.230607050988744 28.43000030517578 AB 8.601981723515715 1.0500252342907717
60462.1209 lsst_hardware_u 3.848837779645513 3.1285715570850354 28.450000762939453 AB 10.201125236321401 1.0666449077319289
60462.1399 lsst_hardware_g 14.886171272766399 16.223444733149385 31.450000762939453 AB 11.127498029757785 1.0518975308179594
60466.1197 lsst_hardware_z 159.17528820536506 43.83117912202093 30.940000534057617 AB 5.392601397121531 1.0573728229650061
60466.1395 lsst_hardware_r 64.83432194921471 25.643319728351276 31.510000228881836 AB 5.952136036600777 1.0495743319698074
60468.1147 lsst_hardware_u 3.3639904946770685 2.796041458852351 28.43000030517578 AB 2.544785644572425 1.0570241514319523
60468.1332 lsst_hardware_r 76.15797821839622 25.63963018042944 31.510000228881836 AB 3.1796174632910743 1.0496096379701692
60485.0634 lsst_hardware_g -51.46991792162618 74.87000274658203 31.719999313354492 AB 5.056041395534366 1.061134665099785
60485.082 lsst_hardware_i 40.56888357537334 58.34000015258789 31.31999969482422 AB 5.006813291465953 1.0503069627576993
60487.0717 lsst_hardware_z 30.615846795114123 41.86000061035156 30.950000762939453 AB 7.993536368780543 1.0518733707492887
60487.0917 lsst_hardware_r 68.11078805463538 36.15999984741211 31.600000381469727 AB 8.197813019977295 1.0510016692278583
60490.0502 lsst_hardware_r -13.645147936557665 24.040000915527344 31.5 AB 3.331971609486381 1.060715196016357
60490.0698 lsst_hardware_u 1.254786492421674 2.740000009536743 28.43000030517578 AB 3.3643947808443566 1.0500061734755666
60497.0599 lsst_hardware_r -34.88924348825264 34.029998779296875 32.25 AB 3.3378433946717636 1.0499114216529453
60497.0845 lsst_hardware_u -2.0170481916105314 3.890000104904175 29.170000076293945 AB 2.719754195161878 1.0651778832226677
60499.0439 lsst_hardware_g -0.08055119998565412 15.329999923706055 31.469999313354492 AB 2.9607341229039688 1.0502781564043877
60499.0664 lsst_hardware_i -8.378308628602904 31.690000534057617 31.260000228881836 AB 2.970456941033518 1.0544753074311388
60501.0508 lsst_hardware_z 19.838880428572175 41.97999954223633 30.950000762939453 AB 6.939266353181048 1.0502635552073831
60501.0729 lsst_hardware_r 3.095800384397993 24.3700008392334 31.510000228881836 AB 7.0618924592538495 1.0644464340934472
60503.0476 lsst_hardware_y -103.6016207402396 47.529998779296875 30.049999237060547 AB 6.554635664272658 1.0508714724678268
60503.0705 lsst_hardware_g -10.575341223929575 20.110000610351562 31.549999237060547 AB 6.63464981587366 1.0678943824675435
60506.0216 lsst_hardware_g -8.89747478327211 53.4900016784668 31.700000762939453 AB 4.618085105566656 1.0511973380401356
60506.0434 lsst_hardware_r 19.03114917627061 57.72999954223633 31.6299991607666 AB 4.081326577775866 1.0524081684103057
60514.0044 lsst_hardware_g -28.164594692099342 46.369998931884766 31.700000762939453 AB 6.593898633073585 1.049983858769679
60514.0254 lsst_hardware_i -38.506362208873156 51.86000061035156 31.309999465942383 AB 6.573446621985522 1.0544508537031636
60519.9763 lsst_hardware_y 8.128688173102136 83.02999877929688 31.229999542236328 AB 5.57842076842609 1.0545883360815598
60519.9978 lsst_hardware_u 2.14507077938805 4.829999923706055 29.6299991607666 AB 5.536916734066253 1.0500339903724107
60530.9682 lsst_hardware_y -47.52821264339364 62.880001068115234 30.059999465942383 AB 2.2098002370062892 1.050118915099184
60530.9872 lsst_hardware_i 37.299851760460164 32.68000030517578 31.260000228881836 AB 2.310022677324391 1.0606976401581345
60738.3871 lsst_hardware_z -79.03488306101465 42.41999816894531 30.950000762939453 AB 7.2122660829096725 1.0506487768730328
60740.3841 lsst_hardware_u 3.3284129274776726 2.869999885559082 28.450000762939453 AB 7.715654002893202 1.0500583849515293
60740.4016 lsst_hardware_y 31.495862478310308 62.880001068115234 30.059999465942383 AB 7.734657226332341 1.0523104545927313
60742.3742 lsst_hardware_r -9.225072137629002 24.549999237060547 31.510000228881836 AB 8.5968904521003 1.0512859005931274
60742.3916 lsst_hardware_z 67.06130611507882 42.849998474121094 30.950000762939453 AB 8.956161135795984 1.050637707290279
60749.226 lsst_hardware_r -106.37713833859297 113.12999725341797 31.540000915527344 AB 14.189121743140682 1.5374495333341294
60751.3768 lsst_hardware_z -101.58643409072037 71.93000030517578 30.989999771118164 AB 9.561787193609613 1.0551907883328735
60751.3982 lsst_hardware_i 69.79392845800221 82.08999633789062 31.329999923706055 AB 9.762353711522996 1.077998422208799
60753.3512 lsst_hardware_z -103.16711908014788 73.95999908447266 31.0 AB 6.865061618146862 1.0496768611625977
60753.3704 lsst_hardware_r 71.83686225465051 94.33999633789062 31.65999984741211 AB 6.888979234029552 1.0545970149558004
60755.3515 lsst_hardware_y -113.96885075426178 72.01000213623047 30.809999465942383 AB 6.177163545050417 1.0497197839071728
60757.3433 lsst_hardware_r 24.96196798177563 31.799999237060547 31.579999923706055 AB 6.309610666732085 1.049546416057249
60757.3629 lsst_hardware_i 23.87037531420607 35.36000061035156 31.280000686645508 AB 6.393825132091626 1.0569179489365446
60759.3434 lsst_hardware_r -63.79253404626773 25.1200008392334 31.530000686645508 AB 6.977265013590922 1.0501866412850396
60759.3627 lsst_hardware_g 19.879724265110532 16.889999389648438 31.510000228881836 AB 7.022492047703659 1.0613605452586283
60761.3182 lsst_hardware_u -0.9443203319230552 2.8499999046325684 28.510000228881836 AB 7.309444276120875 1.0530823045844797
60761.3362 lsst_hardware_r -2.4262966512500004 24.200000762939453 31.520000457763672 AB 8.168898210511477 1.0498632179813583
60763.3201 lsst_hardware_i -45.56307978105735 31.559999465942383 31.260000228881836 AB 7.853570206732148 1.050316985565091
60763.3376 lsst_hardware_z -2.5416684701243133 41.939998626708984 30.959999084472656 AB 9.31252728571813 1.0517875859180177
60766.3201 lsst_hardware_r 8.06236689017936 24.010000228881836 31.510000228881836 AB 5.349449163194641 1.0495976121375745
60766.3374 lsst_hardware_u 3.57313576563838 2.7699999809265137 28.450000762939453 AB 6.373633058889113 1.0562427905521308
60768.3113 lsst_hardware_g 26.27595897991826 15.109999656677246 31.450000762939453 AB 6.068041288626586 1.0495920125622649
60768.3304 lsst_hardware_r -28.703848164966193 24.1299991607666 31.510000228881836 AB 6.084617977779937 1.0551970595606668
60770.3134 lsst_hardware_i 47.18392700866346 31.290000915527344 31.25 AB 7.277310305719428 1.0501926987112242
60770.3323 lsst_hardware_z 59.72661464591997 41.790000915527344 30.940000534057617 AB 7.347519395847097 1.061013631169232
60772.3105 lsst_hardware_r 18.09646814500341 24.059999465942383 31.510000228881836 AB 8.8213035360177 1.050874531496882
60772.3296 lsst_hardware_g -0.371405386152616 15.170000076293945 31.450000762939453 AB 8.921274479181807 1.0637343999978341
60774.283 lsst_hardware_z 41.27086843410167 49.34000015258789 30.959999084472656 AB 5.3457418663383915 1.0529332019575324
60774.3005 lsst_hardware_r -70.00536103153081 45.0099983215332 31.6200008392334 AB 8.26532015783673 1.0498310882556496
60777.2815 lsst_hardware_z 86.59917288963821 73.7699966430664 31.0 AB 6.20108996339147 1.050409073158545
60777.299 lsst_hardware_i 78.52429218034464 85.27999877929688 31.34000015258789 AB 6.9904826144175045 1.0516352799153792
60781.2352 lsst_hardware_r -77.7771859526875 115.06999969482422 31.649999618530273 AB 17.717489110454597 1.083279593027056
60781.2527 lsst_hardware_i -122.37498622332613 94.70999908447266 31.34000015258789 AB 17.52478194466741 1.0609184819848902
60783.2625 lsst_hardware_i -34.03159298265468 59.099998474121094 31.31999969482422 AB 13.350225404376259 1.0511988507382881
60783.2798 lsst_hardware_z -40.14198454443948 56.970001220703125 30.979999542236328 AB 13.411315357283106 1.050672988153324
60785.2656 lsst_hardware_r 85.28541504933288 39.970001220703125 31.600000381469727 AB 3.753131143440563 1.0495577758916539
60785.2828 lsst_hardware_g -37.63640255486929 37.060001373291016 31.670000076293945 AB 3.7686971418745485 1.0544513908576694
60791.2481 lsst_hardware_r 10.497889997715287 24.3700008392334 31.520000457763672 AB 6.242604279619383 1.0496182059048984
60791.2658 lsst_hardware_i 30.251275932942068 31.729999542236328 31.260000228881836 AB 6.472515118381506 1.0540840255218575
60793.2505 lsst_hardware_z 40.58069766140077 42.0 30.950000762939453 AB 2.863811140158694 1.0501691016350179
60793.2687 lsst_hardware_i -20.52151742453506 31.8799991607666 31.260000228881836 AB 2.9493313915938777 1.0602749160912681
60796.2213 lsst_hardware_r -12.905192377771488 24.440000534057617 31.510000228881836 AB 9.673920994094146 1.0538040298577502
60796.2393 lsst_hardware_u 1.972203116765667 2.740000009536743 28.399999618530273 AB 9.624773438876597 1.049689005421411
60801.222 lsst_hardware_i -4.650316531896742 36.709999084472656 31.280000686645508 AB 2.5609134543456062 1.0495546944040706
60801.2416 lsst_hardware_z -122.19356657393313 42.75 30.950000762939453 AB 2.4807097570021726 1.056070564922168
60803.2239 lsst_hardware_r -20.3928434857036 59.54999923706055 31.639999389648438 AB 9.434056535216833 1.0503291622374564
60803.2434 lsst_hardware_z 22.09682099662816 52.45000076293945 30.969999313354492 AB 9.523028148968537 1.062156333710904
60805.2101 lsst_hardware_r 142.0081029434009 101.12999725341797 31.65999984741211 AB 6.507535250637731 1.049602459780279
60805.2296 lsst_hardware_i -11.213410646152413 81.37000274658203 31.34000015258789 AB 6.543099810101201 1.0553386790485808
60807.1967 lsst_hardware_z -129.52180101059284 108.80000305175781 31.010000228881836 AB 12.247948559171908 1.0512959765819403
60807.2168 lsst_hardware_i 70.1373988257271 129.9499969482422 31.350000381469727 AB 11.835662955247932 1.0515214850408097
60809.2049 lsst_hardware_z 22.246678550235416 131.2899932861328 31.75 AB 6.204553392161039 1.0498250265215257
60811.1648 lsst_hardware_y -33.8881758767167 53.529998779296875 30.049999237060547 AB 7.05994640442081 1.0671825870184883
60811.1854 lsst_hardware_r -6.883117596030887 78.61000061035156 31.649999618530273 AB 5.641651083102039 1.0514352518671672
60813.1722 lsst_hardware_i 30.045525723565266 44.11000061035156 31.299999237060547 AB 7.729079263576739 1.055452582763494
60813.1924 lsst_hardware_z 40.7905605777979 47.88999938964844 30.969999313354492 AB 7.725897491508486 1.049643025814661
60816.1647 lsst_hardware_r -15.498676131723364 24.709999084472656 31.520000457763672 AB 7.498428260968731 1.0550022175123313
