data/validation/pwv_sim_epoch_fit_4/15560760.ecsv
# %ECSV 0.9
# ---
# datatype:
# - {name: time, datatype: float64}
# - {name: band, datatype: string}
# - {name: flux, datatype: float64}
# - {name: fluxerr, datatype: float64}
# - {name: zp, datatype: float64}
# - {name: zpsys, datatype: string}
# - {name: pwv, datatype: float64}
# - {name: airmass, datatype: float64}
# meta: {SNID: '15560760', alt: 1024.0, c: 0.14463703334331512, dec: -17.426323, lat: -30.244573, lon: -70.7499537, ra: 26.71875, t0: 61326.546875,
#   x0: 5.8079216576568825e-06, x1: 0.5640971660614014, z: 0.5768001079559326}
# schema: astropy-2.0
time band flux fluxerr zp zpsys pwv airmass
61243.422 lsst_hardware_g -8.217866700110386 14.4399995803833 31.43000030517578 AB 5.152081641663761 1.0304163283327523
61243.4427 lsst_hardware_y -76.0776163220583 65.4800033569336 30.06999969482422 AB 5.132680842639679 1.0265361685279357
61245.418 lsst_hardware_z 53.45106264293315 40.880001068115234 30.950000762939453 AB 5.420704919352908 1.0296550697622242
61245.4376 lsst_hardware_y 85.75535681153292 55.66999816894531 30.059999465942383 AB 5.348586287297903 1.0266000551435515
61247.4241 lsst_hardware_y 23.494111353186874 68.66999816894531 30.799999237060547 AB 6.227953626217535 1.0262474392317151
61250.4053 lsst_hardware_r 184.78905544530147 112.18000030517578 32.400001525878906 AB 4.837242664731061 1.0292005669640556
61250.4248 lsst_hardware_z -10.93416689084282 82.30999755859375 31.729999542236328 AB 4.6796704263684745 1.026768908001567
61252.406 lsst_hardware_z 21.636488925441913 62.470001220703125 30.989999771118164 AB 4.661777289922415 1.0270117033058377
61252.4264 lsst_hardware_y 17.238270259626855 54.459999084472656 30.059999465942383 AB 3.574513391870756 1.0291305350875497
61254.401 lsst_hardware_z 29.18283272705136 58.869998931884766 30.979999542236328 AB 1.9268091590159302 1.026901310543221
61254.4213 lsst_hardware_y -103.54295108251071 52.400001525878906 30.059999465942383 AB 1.2557432975991323 1.0292977849173215
61257.3706 lsst_hardware_g -6.856446131796942 41.52000045776367 31.690000534057617 AB 2.058470894498898 1.0407268057293775
61257.3902 lsst_hardware_i -2.0100438055303527 41.540000915527344 31.299999237060547 AB 1.5129229149322692 1.0276263643622137
61259.3963 lsst_hardware_r -21.190669486270103 26.68000030517578 31.540000915527344 AB 3.2120175495830994 1.0262036899626514
61259.4171 lsst_hardware_y 29.255666962227817 47.220001220703125 30.049999237060547 AB 3.4165387872818282 1.0353147840247965
61262.3725 lsst_hardware_u -0.44909086103541696 2.75 28.489999771118164 AB 5.249709831894404 1.0292203303936227
61262.3935 lsst_hardware_g -17.683930750572657 13.949999809265137 31.43000030517578 AB 5.341010103986882 1.027117327689785
61265.3692 lsst_hardware_r -16.603468293924358 22.6200008392334 31.510000228881836 AB 4.776235634836023 1.0273683877900672
61265.3911 lsst_hardware_i -14.402015400127247 30.280000686645508 31.260000228881836 AB 4.535860432820934 1.0292204820620443
61267.3566 lsst_hardware_z 100.42227198509337 41.029998779296875 30.950000762939453 AB 5.754524650411866 1.0303535631892329
61267.376 lsst_hardware_r -10.85015931242692 22.670000076293945 31.5 AB 5.053471564510075 1.0263634617514201
61273.3564 lsst_hardware_i -57.31316747322743 29.940000534057617 31.239999771118164 AB 1.8665225545919013 1.0261256484839032
61273.3761 lsst_hardware_z 73.93311216961689 40.630001068115234 30.940000534057617 AB 1.1365402116459398 1.0332183742235814
61275.3475 lsst_hardware_r 15.31394612731123 22.450000762939453 31.5 AB 2.053216780966327 1.026266301715925
61275.3676 lsst_hardware_u -0.9532586934483079 2.7200000286102295 28.479999542236328 AB 2.08138293012404 1.0312384459739257
61279.2891 lsst_hardware_r 34.465166710283 91.72000122070312 31.649999618530273 AB 2.7857153684772538 1.0714289878758667
61279.3066 lsst_hardware_i -28.57226851913373 70.95999908447266 31.329999923706055 AB 3.142947988948566 1.0450367378050456
61287.2719 lsst_hardware_r -9.92167012655065 28.959999084472656 31.549999237060547 AB 2.3504595147053524 1.063235606772626
61287.29 lsst_hardware_z -1.70431717070945 42.79999923706055 30.950000762939453 AB 2.288824628278599 1.039429894767756
61304.2435 lsst_hardware_z 453.18706158708767 67.3166181084684 31.709999084472656 AB 3.3770358645866168 1.0395144257912108
61306.2268 lsst_hardware_r 545.2185494075904 65.69417436285936 31.639999389648438 AB 2.073227350515947 1.052845036233236
61306.2465 lsst_hardware_i 509.3711654639803 56.34466073821001 31.31999969482422 AB 2.027418838323252 1.0325535209183867
61308.2222 lsst_hardware_z 435.04194925673943 72.14328395032072 30.989999771118164 AB 6.3868730579916075 1.051654500615963
61308.2407 lsst_hardware_r 744.4530113336139 102.53892562849782 31.65999984741211 AB 6.19635538045708 1.0327832735913796
61318.2034 lsst_hardware_i 1602.6400005964426 49.95569721741645 31.25 AB 6.587785536294598 1.0414099122057066
61318.222 lsst_hardware_z 1095.059430763922 53.40013976084947 30.950000762939453 AB 6.8718799991227035 1.0282114711903498
61320.2036 lsst_hardware_r 1769.522863305245 47.89192683087672 31.5 AB 4.758632698999904 1.0360807835979107
61320.222 lsst_hardware_u 3.9044975632226686 2.935882262358112 28.440000534057617 AB 4.2263763637260645 1.0266501288404686
61322.1781 lsst_hardware_u 2.246068834576464 2.865996795317894 28.43000030517578 AB 3.3970457901819504 1.060361811522823
61322.1954 lsst_hardware_g 388.88206147131507 24.18276669579157 31.440000534057617 AB 3.3599368378975702 1.038513343673398
61324.1834 lsst_hardware_r 1934.4880792107274 49.03980814567289 31.510000228881836 AB 4.032764305074402 1.045434686992716
61324.2029 lsst_hardware_z 1407.4540501148629 55.467646062836046 30.950000762939453 AB 3.9819630372479615 1.0293743310421821
61327.1833 lsst_hardware_r 1825.1746400942727 48.41788848379884 31.5 AB 8.546750741047154 1.0371011698880175
61327.2011 lsst_hardware_u -4.171406857445064 2.7798843426507305 28.450000762939453 AB 8.49880890651102 1.0270463935360747
61331.1692 lsst_hardware_i 1769.4918652391264 53.614909275975926 31.280000686645508 AB 6.085546783818836 1.040086614906618
61331.1869 lsst_hardware_z 1491.7962222183473 56.3806803799201 30.959999084472656 AB 5.972357667151655 1.028062485738752
61333.1649 lsst_hardware_r 1780.6052369902604 58.23427169551097 31.6200008392334 AB 3.487766359567395 1.0389533391621673
61333.1833 lsst_hardware_z 1433.6893975499813 58.97090991818509 30.959999084472656 AB 2.327750044391929 1.027439604689857
61336.1542 lsst_hardware_z 2841.37589216066 100.49157644219312 31.739999771118164 AB 4.924564242296442 1.0414643633916032
61344.1312 lsst_hardware_g 66.86413859715948 17.178213429137212 31.459999084472656 AB 3.834527241525245 1.0426994538477894
61344.1469 lsst_hardware_r 979.4437950209997 38.38014268669804 31.520000457763672 AB 3.881295823638747 1.0300678937470136
61351.1065 lsst_hardware_z 790.2167688138724 50.549998473068314 30.950000762939453 AB 4.790924072878063 1.049375549858251
61351.1187 lsst_hardware_r 482.4278183971914 32.87673589076706 31.510000228881836 AB 4.724638858749323 1.0362943941690606
61356.1176 lsst_hardware_u -0.7522805527378645 2.75997950944014 28.43000030517578 AB 3.5258999002809923 1.0284588916716555
61356.1362 lsst_hardware_g 53.50070795436588 15.017789594749075 31.43000030517578 AB 4.361784061194774 1.026946490628184
61357.0932 lsst_hardware_g 15.424846272547642 15.151529940894216 31.43000030517578 AB 3.6074773620409486 1.045544593384834
61357.1113 lsst_hardware_r 381.9897475644628 29.584223393468633 31.5 AB 3.5051569494628794 1.0301205768409245
61359.0974 lsst_hardware_i 600.2373605902553 38.856060175775696 31.260000228881836 AB 4.350517414491579 1.035837479640852
61359.1161 lsst_hardware_r 308.6458003117324 29.958726605552933 31.520000457763672 AB 4.31145973483834 1.0265380321043664
61361.0937 lsst_hardware_z 804.6127538035613 50.12529291351056 30.950000762939453 AB 3.2067473363820844 1.034434624639382
61361.1144 lsst_hardware_g -16.467965718160446 26.71411374072177 31.6299991607666 AB 3.1810281827191305 1.026138123457784
61364.0952 lsst_hardware_r 266.37408759988364 66.27305612368146 31.649999618530273 AB 5.950098643776299 1.0286872745327127
61364.114 lsst_hardware_i 498.949729713352 58.871190321648406 31.31999969482422 AB 5.921056895161912 1.0268619062627242
61366.0359 lsst_hardware_z 616.2758382871351 72.27803352352684 30.979999542236328 AB 5.23524198863122 1.1059980962567277
61366.0398 lsst_hardware_r 199.87319552351082 91.8317157758414 31.639999389648438 AB 5.178019741184102 1.0963412536914636
61368.073 lsst_hardware_i 488.02816303355655 76.84190945274074 31.34000015258789 AB 7.791509952386031 1.035691871910887
61368.0923 lsst_hardware_z 598.3699555972105 70.48803400678892 30.989999771118164 AB 8.12304113238099 1.0264140930478887
61372.0579 lsst_hardware_i 331.4277607200838 34.764008868822074 31.25 AB 3.9866045227670797 1.0394414712586937
61372.0768 lsst_hardware_r 156.7080751742343 25.64998845490912 31.489999771118164 AB 3.9436456784603275 1.0274369982963316
61374.062 lsst_hardware_u -1.9876135083488615 2.8396026146326374 28.489999771118164 AB 5.088767463440004 1.0317857792862295
61374.0822 lsst_hardware_g 14.5574968264022 14.510846455619802 31.450000762939453 AB 5.122211566581513 1.0261868309288817
61376.0602 lsst_hardware_r 109.16457123298105 25.313761542483977 31.5 AB 6.468851113677894 1.0297165702403268
61376.0791 lsst_hardware_i 266.98692936716594 34.21149529495831 31.260000228881836 AB 6.449889973037777 1.0264532342641755
61379.0407 lsst_hardware_y 148.77231347906314 50.19475042174781 30.059999465942383 AB 2.2679433885189253 1.0376437647638823
61379.0604 lsst_hardware_z 423.33100920882913 45.86215129063981 30.959999084472656 AB 1.5431926606005375 1.0267416238193863
61387.0304 lsst_hardware_z 265.64468705152336 68.5960149323041 30.989999771118164 AB 10.964698791005729 1.029597520165834
61387.049 lsst_hardware_g 20.733696974641234 15.652866235489107 31.489999771118164 AB 11.712725705620992 1.0264416532837606
61389.0314 lsst_hardware_y 90.06963801714633 72.23400137296878 30.079999923706055 AB 7.795998030986035 1.0271436897987647
61389.05 lsst_hardware_i 166.260972151988 34.34776807147611 31.260000228881836 AB 7.889582113123625 1.0281425924305454
61392.0335 lsst_hardware_y 153.5377911855209 74.46417949700657 30.079999923706055 AB 3.658986858725837 1.026219845386576
61392.0511 lsst_hardware_g 11.853015532037062 44.33994613430147 31.709999084472656 AB 4.139026278495183 1.03314228480379
61609.3916 lsst_hardware_z 20.815943697228516 56.91999816894531 30.979999542236328 AB 5.4351278360660835 1.0606162232541876
61609.4122 lsst_hardware_y -61.7338741541044 51.70000076293945 30.059999465942383 AB 5.292190936667354 1.0357551495582105
61610.4298 lsst_hardware_y -17.979080435411657 51.70000076293945 30.059999465942383 AB 5.329140282013147 1.026314931538401
61616.407 lsst_hardware_r -23.89044168695651 22.969999313354492 31.5 AB 4.818372335449398 1.0277367228118162
61616.4261 lsst_hardware_z -31.59313935945158 42.310001373291016 30.959999084472656 AB 3.9009409006694855 1.0276902482553518
61618.3995 lsst_hardware_z -3.894679446483579 40.83000183105469 30.950000762939453 AB 6.4561608728315605 1.028487819588715
61618.4211 lsst_hardware_y -126.12582349308524 47.029998779296875 30.049999237060547 AB 6.888361328254809 1.0278451640623432
61621.4017 lsst_hardware_u -3.0993380439531015 2.7699999809265137 28.5 AB 2.000001573904192 1.0261680728087181
61621.4209 lsst_hardware_y 8.867255121832297 47.560001373291016 30.049999237060547 AB 1.5037120660168015 1.0317063917782514
61623.3926 lsst_hardware_i 52.35168328100496 30.229999542236328 31.25 AB 2.9581926680273094 1.0265561601020161
61623.4142 lsst_hardware_y 19.728931828362157 46.88999938964844 30.049999237060547 AB 2.9638399530417314 1.030960619064896
61625.3726 lsst_hardware_z -45.3407918254312 57.70000076293945 31.700000762939453 AB 2.569345878320383 1.0326952887139802
61625.3927 lsst_hardware_r -1.1204750848316027 22.600000381469727 31.5 AB 1.4366070792057715 1.0261479137184082
61628.3715 lsst_hardware_u -0.5623240705401482 2.630000114440918 28.389999389648438 AB 5.555410270638676 1.028779679747903
61628.39 lsst_hardware_g -4.7376232829770215 13.819999694824219 31.40999984741211 AB 6.162801621493081 1.0267913398022461
61630.3565 lsst_hardware_r 30.53998023869251 38.09000015258789 31.610000610351562 AB 4.826283925336382 1.0344623138648796
61630.3763 lsst_hardware_i 31.419946380268602 30.31999969482422 31.260000228881836 AB 4.5683770257757566 1.026217227804363
61648.2621 lsst_hardware_r -7.2694171484899135 23.040000915527344 31.479999542236328 AB 5.423064429003753 1.108916642209168
61648.2789 lsst_hardware_u 1.9933464536881673 2.6600000858306885 28.399999618530273 AB 5.350235013033983 1.0714041144851445
61650.2871 lsst_hardware_g -6.498735205175422 13.869999885559082 31.40999984741211 AB 3.057941254223773 1.049786727240317
61650.3037 lsst_hardware_i 21.85272709888389 30.270000457763672 31.25 AB 2.689185728066478 1.0331432283271245
61652.2759 lsst_hardware_r 3.227490218371287 22.709999084472656 31.489999771118164 AB 2.3731797620649386 1.0579596234778452
61652.294 lsst_hardware_z 32.21277167527345 40.970001220703125 30.950000762939453 AB 2.4016784229114303 1.0364347493414308
61654.2804 lsst_hardware_r -4.693906332294057 22.639999389648438 31.489999771118164 AB 0.8884209804057887 1.0445866906593635
61654.2999 lsst_hardware_u -1.4633642836226 2.680000066757202 28.440000534057617 AB 0.7203362798918389 1.0290518284169128
61656.2591 lsst_hardware_g -3.9900584334216362 13.970000267028809 31.420000076293945 AB 2.9968346438304927 1.0676924091789655
61656.2776 lsst_hardware_r -29.95313846608313 22.68000030517578 31.5 AB 2.936421439961115 1.04165357926964
61673.2276 lsst_hardware_g 1.2885604066137029 14.210000038146973 31.43000030517578 AB 6.239511034533275 1.045669689045295
61673.2472 lsst_hardware_r 19.35093824402748 22.93000030517578 31.5 AB 6.2519280374737285 1.029434622927026
61677.2085 lsst_hardware_i -6.893890343639985 30.84000015258789 31.25 AB 4.872785594112822 1.0566595671934995
61677.2275 lsst_hardware_z 5.616286779547777 41.11000061035156 30.950000762939453 AB 4.762003785134633 1.034993215634565
61679.2038 lsst_hardware_i 12.930716216730438 30.829999923706055 31.239999771118164 AB 5.035922994975967 1.0555277709025292
61679.2215 lsst_hardware_u 0.6819716827766388 2.7300000190734863 28.450000762939453 AB 4.367677387702998 1.0354240236361045
61681.2053 lsst_hardware_g -6.999535917923051 14.390000343322754 31.43000030517578 AB 3.040654053269608 1.0462165569225284
61681.2239 lsst_hardware_r -15.550557046902085 23.15999984741211 31.5 AB 3.3150821858956494 1.030168485362228
61683.2023 lsst_hardware_i 31.744167209392813 30.809999465942383 31.260000228881836 AB 6.57842806913308 1.0433668626697987
61683.2213 lsst_hardware_r 46.6201662646196 23.049999237060547 31.5 AB 6.944380602550563 1.0287971263037083
61685.1997 lsst_hardware_z 28.309552253400586 42.04999923706055 30.950000762939453 AB 4.769082106492463 1.040337852716161
61685.2194 lsst_hardware_g -16.924405383077794 17.549999237060547 31.510000228881836 AB 4.140781481905503 1.0274892014653851
61687.1815 lsst_hardware_z -39.422404176438285 45.25 30.959999084472656 AB 3.4125994959704062 1.056205353132283
61687.1993 lsst_hardware_r -12.105760658609631 39.459999084472656 31.610000610351562 AB 3.3512283003060084 1.0357149377685497
61690.1786 lsst_hardware_i -40.343998040447964 60.97999954223633 31.31999969482422 AB 6.595954931795962 1.048863818265021
61690.1961 lsst_hardware_z -77.88096318293944 57.220001220703125 30.979999542236328 AB 6.4875289450149936 1.0320599657993945
61691.1852 lsst_hardware_i -29.340887667592366 73.08999633789062 31.329999923706055 AB 6.846891324655014 1.0385092256417874
61691.2045 lsst_hardware_z -105.72636268508138 64.8499984741211 30.989999771118164 AB 6.597923546739997 1.0270740265784553
61693.1749 lsst_hardware_z -165.93593118542253 81.41000366210938 31.0 AB 6.895970369087116 1.0434737772250549
61693.1925 lsst_hardware_r -6.598693296592892 120.5 31.670000076293945 AB 6.89475589681835 1.0294777867040417
61695.1685 lsst_hardware_i -57.751578139022804 78.6500015258789 31.329999923706055 AB 6.830406901210309 1.0445378210083307
61695.1868 lsst_hardware_r -111.38579882367846 96.08000183105469 31.65999984741211 AB 6.712521963953459 1.0295937057256714
61697.1693 lsst_hardware_z 31.10043206391539 50.95000076293945 30.969999313354492 AB 2.6826087366343483 1.038060844204104
61697.1864 lsst_hardware_g -13.887184231493604 58.04999923706055 31.729999542236328 AB 2.643570968313979 1.0275606251544773
