data/validation/pwv_sim_epoch_fit_4/15667372.ecsv
# %ECSV 0.9
# ---
# datatype:
# - {name: time, datatype: float64}
# - {name: band, datatype: string}
# - {name: flux, datatype: float64}
# - {name: fluxerr, datatype: float64}
# - {name: zp, datatype: float64}
# - {name: zpsys, datatype: string}
# - {name: pwv, datatype: float64}
# - {name: airmass, datatype: float64}
# meta: {SNID: '15667372', alt: 1024.0, c: -0.08567509055137634, dec: -30.17244, lat: -30.244573, lon: -70.7499537, ra: 69.257812, t0: 61308.8203125,
#   x0: 3.210236023166381e-06, x1: -1.5187411308288574, z: 0.7349967360496521}
# schema: astropy-2.0
time band flux fluxerr zp zpsys pwv airmass
61268.3551 lsst_hardware_i 27.094039460550082 32.40999984741211 31.209999084472656 AB 7.179517902155649 1.3230069844267165
61268.373 lsst_hardware_z -4.077068512192533 43.52000045776367 30.93000030517578 AB 6.7215837463385055 1.2272382228114853
61274.3685 lsst_hardware_z -37.439229833068325 43.03131180353842 30.940000534057617 AB 2.2811437208092986 1.176352584860833
61274.3871 lsst_hardware_g -11.729175286889195 13.335790489934153 31.3799991607666 AB 1.407466126412932 1.1129880406560253
61276.3331 lsst_hardware_z -46.32934708027564 50.680355823810466 30.93000030517578 AB 4.136667280642329 1.3239806728644798
61276.3516 lsst_hardware_r 15.545316145984188 41.3836997337651 31.56999969482422 AB 3.929379352928767 1.225187139093312
61278.3408 lsst_hardware_i 38.04881292712736 57.169588751184044 31.290000915527344 AB 3.0815829777713444 1.2509809111385701
61278.3584 lsst_hardware_z -4.2508214979408585 54.3703579070333 30.959999084472656 AB 2.7334670440790667 1.1731618214935784
61281.3367 lsst_hardware_z -59.88908390739793 59.84763685875942 30.959999084472656 AB 8.680905530421862 1.231043091054861
61281.3565 lsst_hardware_r -121.34665370344317 79.58681092001429 31.6299991607666 AB 8.08942376131049 1.1499642847836025
61286.3252 lsst_hardware_r 64.70342465486556 42.19808378416464 31.559999465942383 AB 1.9234361641824118 1.2210354954340021
61286.3429 lsst_hardware_i 3.788067113320528 41.67145093756397 31.270000457763672 AB 1.1691426146205064 1.1497878524378033
61297.2806 lsst_hardware_z 1264.9140849965638 84.50452855015392 32.11000061035156 AB 2.5992319893563045 1.2955135351499094
61297.3042 lsst_hardware_r 1987.6879805306532 58.780112836589254 32.65999984741211 AB 1.949657441692272 1.182327132620999
61303.3161 lsst_hardware_z 562.1042481959037 47.696974349037426 30.940000534057617 AB 7.2911558127104374 1.09053807494111
61303.3326 lsst_hardware_i 1045.4468364814988 43.97319516732183 31.239999771118164 AB 6.85695298848489 1.0538349879845257
61307.3082 lsst_hardware_r 1017.4100380769637 69.01956177001168 31.6299991607666 AB 4.762256166990463 1.0829873029843113
61307.325 lsst_hardware_i 1170.074047239407 61.37223235376651 31.309999465942383 AB 4.714792603329741 1.0477316896288313
61311.2745 lsst_hardware_z 665.3034603463839 65.85464366696763 30.969999313354492 AB 3.9785392793617653 1.1503101231773127
61311.2951 lsst_hardware_r 827.0447600047498 86.05370719055603 31.639999389648438 AB 4.093825799937123 1.0883975008695537
61313.2744 lsst_hardware_z 752.722628344649 59.58896764978018 30.959999084472656 AB 2.656904521437009 1.1322036312946795
61313.2917 lsst_hardware_r 879.9532793612253 67.94069387257312 31.6299991607666 AB 4.036838374664256 1.0832787802668973
61315.2751 lsst_hardware_i 999.2777779593439 51.864601158575844 31.290000915527344 AB 4.058678568717237 1.1131866617436197
61315.293 lsst_hardware_z 733.3135730019118 52.26447759379411 30.959999084472656 AB 3.409152406209653 1.0677235775679803
61317.2761 lsst_hardware_r 575.3701532352828 34.32965430854898 31.5 AB 2.96380352492073 1.0951698937351426
61317.2946 lsst_hardware_u 1.0298381418971696 3.1040887131985473 28.530000686645508 AB 2.804456054227397 1.0534157401549054
61319.2743 lsst_hardware_g 43.44344540817728 14.233524996368548 31.3700008392334 AB 6.427417278336199 1.0857887990433044
61319.2948 lsst_hardware_r 550.594407177447 31.32121285005318 31.479999542236328 AB 5.968546095986762 1.0433001187449547
61321.1957 lsst_hardware_g 10.581350487489196 14.29814770686753 31.280000686645508 AB 5.769271314347062 1.4233399624207868
61321.2156 lsst_hardware_r 389.9510023150335 30.980159763383966 31.450000762939453 AB 4.318220206188494 1.2925578067916683
61323.2174 lsst_hardware_i 681.3221030928842 40.621171747999384 31.229999542236328 AB 3.2850073939557816 1.253739861569636
61323.2367 lsst_hardware_z 543.317521951132 47.96413320082239 30.940000534057617 AB 3.0991152454896285 1.1687423930193443
61325.2175 lsst_hardware_r 308.71746714006383 28.82702903964219 31.450000762939453 AB 6.7468890596074775 1.226707101746814
61325.2358 lsst_hardware_u 0.8443579709614133 2.6573083968373306 28.34000015258789 AB 6.3360014238279705 1.1520002588778129
61326.1781 lsst_hardware_u 1.2405614369828095 2.529671092504851 28.139999389648438 AB 9.32390144840431 1.454359920200329
61326.1982 lsst_hardware_g 51.21664269054393 14.815491457253529 31.31999969482422 AB 8.585027659644721 1.3143030709805146
61328.2038 lsst_hardware_z 425.8040511102958 48.13561589084926 30.93000030517578 AB 8.301399294826494 1.253482881240159
61328.2224 lsst_hardware_r 246.38911760785393 27.547008785419465 31.469999313354492 AB 7.427496684874022 1.1712215534624715
61330.2116 lsst_hardware_y 137.43676628620588 50.260034325154564 29.989999771118164 AB 6.229310658338533 1.1925549264551607
61330.2318 lsst_hardware_g 6.663731812866528 13.522594267074325 31.360000610351562 AB 5.878060144265164 1.1202172841517297
61332.2099 lsst_hardware_r 202.49837870015446 33.65251765561738 31.540000915527344 AB 2.712820744852173 1.177354391979772
61332.2297 lsst_hardware_i 329.44653111568306 38.493818098984875 31.260000228881836 AB 2.481379617578691 1.1102369653595932
61334.1932 lsst_hardware_i 301.08397561469997 45.44555847740851 31.270000457763672 AB 3.119161951441028 1.2254434067997753
61334.2135 lsst_hardware_z 313.14023606432136 50.10246033970784 30.950000762939453 AB 2.0728932308401724 1.1440860440660237
61337.1818 lsst_hardware_r 209.64492327939925 74.80444641553922 31.600000381469727 AB 2.8477485035654158 1.2407138671460995
61337.1996 lsst_hardware_z 297.4597890615259 59.1400567997467 30.969999313354492 AB 2.715744596894742 1.164514388520168
61348.165 lsst_hardware_r 57.199903263057976 23.791070281556117 31.469999313354492 AB 6.029115440675488 1.1821794981716645
61348.1803 lsst_hardware_i 124.25655682686546 32.71360233137938 31.239999771118164 AB 5.306587132982277 1.127541709678124
61355.1964 lsst_hardware_u 2.704174758426878 3.168427578813551 28.360000610351562 AB 0.8180974628374361 1.0434916617824441
61355.2142 lsst_hardware_r 50.93144576701286 22.64232293320789 31.489999771118164 AB 2.394812838197173 1.0189247645145585
61362.1167 lsst_hardware_i -1.7026334500386056 37.8232790150671 31.239999771118164 AB 6.713714626968668 1.2256895713315688
61362.1336 lsst_hardware_r 44.8588760932816 34.308272328411775 31.549999237060547 AB 5.336858513572439 1.1562278099059775
61363.0963 lsst_hardware_z 126.58977371001555 48.941094595371645 30.93000030517578 AB 5.898576540472722 1.3195920672197565
61363.1141 lsst_hardware_r 1.897051922966016 41.02893686601217 31.559999465942383 AB 5.486539985729323 1.2250842884290103
61365.1004 lsst_hardware_i 69.86172011526683 52.1204370977218 31.270000457763672 AB 4.178229461285921 1.2657465802138508
61365.1178 lsst_hardware_z 67.93023834368923 52.79744523288013 30.950000762939453 AB 3.8410933789189086 1.1853397250174074
61367.1099 lsst_hardware_r 199.41138683918538 84.59439052486826 31.610000610351562 AB 8.21089813964131 1.1953991832052324
61367.1279 lsst_hardware_z 99.94322907147487 61.5808701272295 30.969999313354492 AB 7.452780382966339 1.129209148934294
61369.1054 lsst_hardware_g 79.5177851991742 98.86177952085227 31.670000076293945 AB 6.136270576173535 1.191393180501537
61369.1225 lsst_hardware_i -28.48472051730151 73.61909551150039 31.31999969482422 AB 5.760235819383083 1.1290152527211061
61371.1129 lsst_hardware_z 54.156169381489725 50.64075235790735 30.959999084472656 AB 4.36093368365446 1.14265260936839
61371.1315 lsst_hardware_r 127.04514580141073 51.23142050881881 31.6200008392334 AB 3.916298763944109 1.0878607677622525
61373.1239 lsst_hardware_r 36.898719198522706 23.149721531602268 31.489999771118164 AB 5.496632657841149 1.0933495540063285
61373.1409 lsst_hardware_u 3.1338231023203207 3.219786207297791 28.489999771118164 AB 5.332624563801127 1.054955566711908
61375.1232 lsst_hardware_g 82.75763082988877 15.181916793246936 31.389999389648438 AB 9.60934298537752 1.0814025416810047
61375.1404 lsst_hardware_r 18.84837538825075 22.84203197855833 31.489999771118164 AB 8.509969208053707 1.0458790505596527
61378.0236 lsst_hardware_y 39.39000664509454 83.81881493733016 29.889999389648438 AB 7.023805048562027 1.566589728685631
61378.0448 lsst_hardware_r 27.487192508669366 24.353410933544374 31.43000030517578 AB 4.802329664144207 1.3886254450537465
61380.0431 lsst_hardware_y 141.99715765104258 51.65324911588911 29.940000534057617 AB 4.639312207218496 1.3627333729866093
61380.0648 lsst_hardware_z 24.081592389499633 44.333788788625554 30.93000030517578 AB 4.170266237757019 1.238754266376658
61382.0439 lsst_hardware_y -20.473472664058473 51.17871582991113 29.959999084472656 AB 4.050293320879483 1.3227607187716073
61382.0653 lsst_hardware_u 1.2822305676819477 2.642090321335051 28.309999465942383 AB 3.6981688050528154 1.2111245472581678
61384.0285 lsst_hardware_y -93.67533250255673 78.99790556505886 29.959999084472656 AB 9.993189536432464 1.3880393827949808
61384.0487 lsst_hardware_r -6.520431010719292 23.91303487535637 31.469999313354492 AB 9.51700084040847 1.264815767389221
61386.0446 lsst_hardware_y 70.31430459740635 51.26946801491303 29.969999313354492 AB 17.0898676550483 1.2577716628779056
61386.0653 lsst_hardware_r 50.67947787360402 23.19303584069838 31.469999313354492 AB 15.833775817261815 1.1664424487678524
61391.0348 lsst_hardware_y -122.24059678258898 66.87729685849867 30.010000228881836 AB 12.559657432218739 1.2385842771985465
61391.0555 lsst_hardware_i 19.992972519294835 35.22799057175473 31.260000228881836 AB 12.568831820389923 1.1523549821956498
61393.0372 lsst_hardware_y -47.7417256037941 64.4900743077001 30.010000228881836 AB 4.344836567981946 1.2026674390058902
61393.0586 lsst_hardware_r 72.01382429538886 45.226270820932875 31.600000381469727 AB 4.708503336686175 1.1238819278401182
61395.0373 lsst_hardware_y -26.86463430775761 69.62929047371713 30.030000686645508 AB 5.30855476686723 1.1796788370816067
61395.0582 lsst_hardware_z 107.27011452022577 54.954234994661114 30.979999542236328 AB 4.875618892336634 1.1087671829144552
61404.0426 lsst_hardware_y -73.07365571758575 54.75 30.040000915527344 AB 9.110981025556342 1.0848558474565995
61404.0641 lsst_hardware_z -17.750502131348977 40.849998474121094 30.950000762939453 AB 8.8706743247138 1.041016409104442
61406.0434 lsst_hardware_y -20.425740128237038 56.25 30.049999237060547 AB 7.378042126741787 1.0702206250183004
61406.0662 lsst_hardware_u -1.887027171971015 2.680000066757202 28.459999084472656 AB 7.097927511719107 1.0296558584171176
61408.0477 lsst_hardware_z 32.95949471597231 43.59000015258789 30.950000762939453 AB 7.070561441995924 1.0505124283921785
61408.0703 lsst_hardware_r 34.98778340421733 21.520000457763672 31.489999771118164 AB 6.523280985623065 1.0180563632606778
61410.0447 lsst_hardware_y -24.38794543358623 51.93000030517578 30.049999237060547 AB 11.1756053484945 1.046111143732519
61410.0661 lsst_hardware_z -22.96537152744282 40.25 30.950000762939453 AB 10.870574524173174 1.0167492423114797
61412.0458 lsst_hardware_y -13.41926002679851 50.439998626708984 30.049999237060547 AB 10.205073822974507 1.0354436570504042
61412.0698 lsst_hardware_u 0.9816665821075055 2.6700000762939453 28.479999542236328 AB 9.797637452592644 1.008765760884701
61649.337 lsst_hardware_i 18.958842487644702 31.1200008392334 31.219999313354492 AB 0.9840771022874901 1.1962039330885212
61649.3542 lsst_hardware_u 0.8305563920386486 2.609999895095825 28.3700008392334 AB 0.9336615893262028 1.1323973187704097
61651.3254 lsst_hardware_u -3.4171378473156975 2.509999990463257 28.229999542236328 AB 1.8966958865693795 1.2232801590254754
61651.3422 lsst_hardware_g -6.980641039735667 13.220000267028809 31.350000381469727 AB 1.1587558023928175 1.1547143023346462
61653.32 lsst_hardware_r -28.15561228923276 22.790000915527344 31.450000762939453 AB 2.312290983387071 1.2230029883923155
61653.3366 lsst_hardware_i 11.467859402374213 31.010000228881836 31.229999542236328 AB 1.4134075458299566 1.1552166292030703
61671.3301 lsst_hardware_g 30.758994784618142 28.309999465942383 31.639999389648438 AB 2.098294829038086 1.044794105745105
61671.348 lsst_hardware_r -11.4288891876283 32.2599983215332 31.579999923706055 AB 1.8236477041034242 1.019652057088859
61678.2585 lsst_hardware_g 25.40670746107347 13.210000038146973 31.350000381469727 AB 2.882034696943425 1.1933891084651864
61678.2766 lsst_hardware_r 3.0385650053681474 22.149999618530273 31.459999084472656 AB 2.673730066772181 1.1273633450901677
61680.2772 lsst_hardware_u 2.8642726463940065 2.559999942779541 28.350000381469727 AB 4.095296570225465 1.1090850562560501
61680.2966 lsst_hardware_g 2.598490951123092 12.859999656677246 31.3700008392334 AB 3.3898298912798914 1.061588775389078
61682.2746 lsst_hardware_r -20.323908264148937 21.93000030517578 31.479999542236328 AB 3.01552603579297 1.101059255424179
61682.2947 lsst_hardware_i -39.919822604193854 29.829999923706055 31.25 AB 2.838279059785698 1.054534296780865
61684.2752 lsst_hardware_z -62.7090717705156 41.61000061035156 30.940000534057617 AB 6.466810639325433 1.085262956043706
61684.2932 lsst_hardware_r -42.88086637038909 21.670000076293945 31.479999542236328 AB 5.9836226939973844 1.047247423253728
61686.2012 lsst_hardware_z 7.062111714233351 48.060001373291016 30.90999984741211 AB 5.550910830141975 1.3880168777183515
61686.2197 lsst_hardware_r -27.23791831796638 31.6200008392334 31.510000228881836 AB 3.984858929764085 1.2737961416405124
61688.2107 lsst_hardware_z 34.04894776735684 69.3499984741211 31.690000534057617 AB 3.3987421481300593 1.2932808782839904
61689.212 lsst_hardware_r -5.941956489406593 52.04999923706055 31.56999969482422 AB 4.5762363106466974 1.2711767529574158
61689.2319 lsst_hardware_z 8.310524794182669 49.06999969482422 30.940000534057617 AB 4.245994323160874 1.179442867544687
61692.211 lsst_hardware_r 49.22397836590816 81.72000122070312 31.600000381469727 AB 7.7796895199602005 1.234871352374635
61692.2293 lsst_hardware_y -59.50687246057515 53.41999816894531 30.010000228881836 AB 7.296707465763531 1.1582075342481797
61694.1993 lsst_hardware_z -92.09456956857818 67.41000366210938 30.959999084472656 AB 9.602392739913517 1.2661521957537747
61694.2187 lsst_hardware_r -86.08815164758978 93.33999633789062 31.6299991607666 AB 8.433545853403984 1.177663934844385
61698.2002 lsst_hardware_r 15.071022404700646 48.869998931884766 31.579999923706055 AB 2.7114139343082346 1.2092380128483045
61698.2184 lsst_hardware_z -38.20242339766347 50.66999816894531 30.959999084472656 AB 1.2779420660650218 1.1390703998202676
61702.1927 lsst_hardware_r 19.581782221102554 22.459999084472656 31.469999313354492 AB 2.8530710740844416 1.194544952689459
61702.2114 lsst_hardware_z -69.7323575266268 41.779998779296875 30.940000534057617 AB 2.0184071384428353 1.1263432692203321
61705.1786 lsst_hardware_r -27.565537765632897 22.639999389648438 31.459999084472656 AB 3.0423734398327196 1.2204071963226688
61705.1973 lsst_hardware_u -0.06826426864387529 2.630000114440918 28.389999389648438 AB 2.749034232584202 1.145828787461286
61707.1936 lsst_hardware_g 1.9065148789466533 13.109999656677246 31.3700008392334 AB 2.2961995913931235 1.139835984806713
61707.2124 lsst_hardware_r 17.2755951199617 21.860000610351562 31.479999542236328 AB 3.5566409229263436 1.0852792319360252
61711.1723 lsst_hardware_z 108.25286411265927 42.38999938964844 30.93000030517578 AB 4.192885702449198 1.1776114878385615
61711.1899 lsst_hardware_r 12.211120363590553 22.1200008392334 31.469999313354492 AB 3.9451909200033968 1.1169059154938212
61720.1981 lsst_hardware_z 36.702644486968445 51.4900016784668 30.969999313354492 AB 0.8034893094962923 1.0418013737391147
61720.216 lsst_hardware_i -32.75984266843914 50.81999969482422 31.31999969482422 AB 2.363531936231396 1.0177401763591485
61724.1128 lsst_hardware_r 50.27583029954361 93.43000030517578 31.59000015258789 AB 5.422601670427607 1.2910956358160968
61724.1307 lsst_hardware_i 91.74590952585186 73.72000122070312 31.299999237060547 AB 5.03516491973686 1.2027625415407739
61726.1153 lsst_hardware_z 5.218073321723022 52.130001068115234 30.940000534057617 AB 3.871625043787219 1.24891130444749
61726.1332 lsst_hardware_u 6.73087318517183 8.460000038146973 29.059999465942383 AB 3.21163055001788 1.1704192966538787
61728.0984 lsst_hardware_r -4.179147508724859 23.219999313354492 31.440000534057617 AB 5.8126652881311385 1.311152154318195
61728.1158 lsst_hardware_i 37.69695897934579 31.729999542236328 31.219999313354492 AB 5.475128146973504 1.220424217770549
61729.0995 lsst_hardware_z 1.327967201630846 44.25 30.920000076293945 AB 7.41848507841535 1.2891250715503042
61729.1163 lsst_hardware_r -23.91159737189109 22.65999984741211 31.459999084472656 AB 6.971514794081396 1.2060053270812732
61731.0998 lsst_hardware_u 2.6156804806488085 2.430000066757202 28.170000076293945 AB 4.834683211312545 1.2582675140052413
61731.1157 lsst_hardware_g -0.576785581304375 13.140000343322754 31.329999923706055 AB 4.539167741421943 1.1855740226593967
61734.1154 lsst_hardware_r 22.974700820755082 22.299999237060547 31.469999313354492 AB 5.94752383007962 1.1554198795686488
61734.1333 lsst_hardware_z -86.07851827442745 41.470001220703125 30.950000762939453 AB 8.458664662412719 1.099229767372593
61738.1256 lsst_hardware_u 1.763054752846297 2.5999999046325684 28.3799991607666 AB 5.50872351616586 1.0907283469291873
61738.1439 lsst_hardware_g 5.501302205210841 13.109999656677246 31.389999389648438 AB 5.301387266747585 1.0506118245635325
61742.1325 lsst_hardware_z -24.1188133902998 41.08000183105469 30.950000762939453 AB 6.8062441252340005 1.0514943316056395
61742.15 lsst_hardware_r -14.579357039764426 21.790000915527344 31.489999771118164 AB 6.632223548588756 1.0245238142523616
61748.0424 lsst_hardware_y 12.881795008054864 53.560001373291016 29.969999313354492 AB 7.098551264222034 1.31947419639184
61748.0625 lsst_hardware_i -17.796842415756853 46.54999923706055 31.280000686645508 AB 6.558319806992557 1.2145036679615846
61750.0549 lsst_hardware_z -17.515071984559196 81.7300033569336 31.709999084472656 AB 12.218811851954484 1.2242480647873708
61752.046 lsst_hardware_y -61.65583191805385 58.15999984741211 29.989999771118164 AB 14.065650503565658 1.240575983732944
61752.0683 lsst_hardware_r -70.16444750788312 92.08999633789062 31.6299991607666 AB 12.913446288137377 1.1481680704311197
61754.0333 lsst_hardware_y -96.23241205385611 69.68000030517578 29.989999771118164 AB 9.684711602796009 1.2777843778110276
61754.0545 lsst_hardware_z -26.844520309772204 53.59000015258789 30.959999084472656 AB 9.06161145794912 1.1791684436608694
61756.0352 lsst_hardware_y -67.95946572683424 62.9900016784668 29.989999771118164 AB 12.545937287587199 1.2399826004500578
61756.0575 lsst_hardware_u -0.16715033173335056 2.6600000858306885 28.350000381469727 AB 12.511932885165095 1.1477433541920035
61760.0368 lsst_hardware_y 55.57208512367131 65.4800033569336 30.010000228881836 AB 5.329942699054238 1.1844317109009417
61760.0592 lsst_hardware_r -44.98615363772301 22.34000015258789 31.479999542236328 AB 4.792853040715292 1.10787526464139
61764.0473 lsst_hardware_z 2.9305614292235527 44.720001220703125 30.950000762939453 AB 7.90734924638646 1.1106867562112266
61764.0687 lsst_hardware_g 20.799448919222357 13.079999923706055 31.399999618530273 AB 7.535956650290883 1.0586686935552634
61766.0488 lsst_hardware_y -19.100585342168557 49.52000045776367 30.030000686645508 AB 7.003851717082525 1.0916227738594957
61766.0736 lsst_hardware_i 10.933757944553891 29.739999771118164 31.25 AB 6.734316253954574 1.0400086875341559
61768.0475 lsst_hardware_y 113.02446615535625 50.869998931884766 30.040000915527344 AB 8.970016652308097 1.0812459802686556
61768.0701 lsst_hardware_r -18.306512720206722 21.639999389648438 31.489999771118164 AB 8.486102217826954 1.0369137607316223
61770.0469 lsst_hardware_y 44.925386113236385 51.099998474121094 30.040000915527344 AB 8.031011245025306 1.070040581589799
61770.068 lsst_hardware_g -14.854930028515607 12.970000267028809 31.389999389648438 AB 7.746718749725227 1.0319212410135032
61772.0454 lsst_hardware_y -47.10348439228991 51.15999984741211 30.049999237060547 AB 7.369004853343102 1.0616123011923408
61772.0691 lsst_hardware_z -54.70726887949431 40.65999984741211 30.950000762939453 AB 7.24484166957335 1.023282721691152
61774.0575 lsst_hardware_y -83.00476932791531 69.4800033569336 30.799999237060547 AB 2.3679146863311726 1.0313217274961555
