data/validation/pwv_sim_epoch_fit_4/15667620.ecsv
# %ECSV 0.9
# ---
# datatype:
# - {name: time, datatype: float64}
# - {name: band, datatype: string}
# - {name: flux, datatype: float64}
# - {name: fluxerr, datatype: float64}
# - {name: zp, datatype: float64}
# - {name: zpsys, datatype: string}
# - {name: pwv, datatype: float64}
# - {name: airmass, datatype: float64}
# meta: {SNID: '15667620', alt: 1024.0, c: -0.030898189172148705, dec: -48.727589, lat: -30.244573, lon: -70.7499537, ra: 161.877823,
#   t0: 62624.1796875, x0: 2.912385057023212e-06, x1: -0.8847295045852661, z: 0.7650495171546936}
# schema: astropy-2.0
time band flux fluxerr zp zpsys pwv airmass
62505.3484 lsst_hardware_g -9.160341711047964 15.050000190734863 31.440000534057617 AB 2.887876924265785 1.0565725507237849
62505.3593 lsst_hardware_y -102.56795064593553 63.66999816894531 30.049999237060547 AB 2.907300267081005 1.0553771729126074
62507.3456 lsst_hardware_i 2.8966709042535634 30.75 31.25 AB 7.979006427466981 1.0560061445859001
62507.3575 lsst_hardware_y 111.94594878859725 56.56999969482422 30.049999237060547 AB 8.219966919858543 1.055646436625669
62509.3473 lsst_hardware_u -2.980052836516375 3.130000114440918 28.559999465942383 AB 9.202073439760433 1.0553643366955157
62509.3594 lsst_hardware_z -46.0120023543485 50.779998779296875 30.969999313354492 AB 9.280871633274735 1.0572074308863975
62510.3509 lsst_hardware_i -19.462347333020755 30.829999923706055 31.260000228881836 AB 7.753424375081378 1.0558693172901852
62510.3629 lsst_hardware_y -119.29816338958058 61.4900016784668 30.059999465942383 AB 7.770043982189716 1.0595996157356764
62514.3456 lsst_hardware_g -13.159384598451677 13.300000190734863 31.399999618530273 AB 4.388466375808452 1.0571645824407112
62514.3582 lsst_hardware_y -29.581984350607986 50.11000061035156 30.040000915527344 AB 4.433332574773603 1.0629793577622162
62517.3257 lsst_hardware_r -40.19864616223703 21.959999084472656 31.489999771118164 AB 6.100035526101397 1.0553694681836328
62517.3382 lsst_hardware_z 90.63765299515845 41.119998931884766 30.950000762939453 AB 4.709008920502926 1.0574121827476568
62519.3266 lsst_hardware_r 136.39731399601703 61.59000015258789 31.639999389648438 AB 7.685502523589734 1.0559184617146025
62519.3397 lsst_hardware_y 45.52021137825424 49.869998931884766 30.040000915527344 AB 7.101115429978166 1.060263595368146
62521.3312 lsst_hardware_z 10.591325924301568 59.459999084472656 30.979999542236328 AB 11.409746809169686 1.0588682704461323
62521.3436 lsst_hardware_r 90.03096267152075 82.27999877929688 31.649999618530273 AB 10.257354708443387 1.066059158515175
62523.3429 lsst_hardware_i 57.15074483099554 59.959999084472656 31.31999969482422 AB 9.557995901021112 1.0698849932115702
62523.3559 lsst_hardware_z -177.0429246942771 57.08000183105469 30.969999313354492 AB 9.690081724768783 1.083437197857233
62525.3296 lsst_hardware_r -36.88689478010339 59.56999969482422 31.6299991607666 AB 8.384362403723427 1.0639041212731644
62525.3416 lsst_hardware_z -80.42354214752093 52.25 30.969999313354492 AB 7.6125139231753085 1.0737225496380336
62527.3283 lsst_hardware_g -7.402991705626227 35.45000076293945 31.65999984741211 AB 12.938565615721009 1.066878220220244
62527.3425 lsst_hardware_i -19.556286812096317 38.41999816894531 31.270000457763672 AB 15.126588389412275 1.0804963253467184
62529.2835 lsst_hardware_r -40.3884750545356 24.760000228881836 31.510000228881836 AB 12.441660469842903 1.056437163101206
62529.2939 lsst_hardware_z 27.12727346212727 41.439998626708984 30.950000762939453 AB 12.348109861081577 1.0553940052206476
62533.2774 lsst_hardware_g -6.253442085152186 12.949999809265137 31.3799991607666 AB 11.147592328887349 1.055618222001122
62533.2894 lsst_hardware_r 9.681872029571696 21.719999313354492 31.479999542236328 AB 11.222574106061224 1.056109737387737
62537.2802 lsst_hardware_r -19.11891154481829 21.719999313354492 31.479999542236328 AB 5.865045456279847 1.0564794121012064
62537.2923 lsst_hardware_u -1.9295167693564563 2.559999942779541 28.3700008392334 AB 6.988941717453648 1.0611815544266174
62539.2587 lsst_hardware_u 3.134767695168538 2.4600000381469727 28.290000915527344 AB 4.522343285888735 1.0559437944985663
62539.2719 lsst_hardware_g 14.890589723629555 12.770000457763672 31.360000610351562 AB 4.689667323921067 1.0559142878837586
62541.2662 lsst_hardware_r -46.510348060184846 21.65999984741211 31.479999542236328 AB 5.5756463915325005 1.0558769816843152
62541.2785 lsst_hardware_z 4.250815124392016 40.880001068115234 30.950000762939453 AB 5.604718200672937 1.0597267577612435
62543.2749 lsst_hardware_u -1.9845073731958904 2.5799999237060547 28.389999389648438 AB 3.9122781990339965 1.0606451977590303
62543.2854 lsst_hardware_g 19.08279888285673 12.930000305175781 31.3799991607666 AB 3.9314178249518066 1.0674981648961777
62546.2485 lsst_hardware_g -28.565704988216304 35.2599983215332 31.670000076293945 AB 2.38795159131346 1.0554482171551205
62546.2585 lsst_hardware_r -20.574118564759946 37.04999923706055 31.600000381469727 AB 3.6153160743485673 1.0572645340981055
62550.258 lsst_hardware_r -76.69710181116021 97.30000305175781 31.65999984741211 AB 5.076466250616206 1.061855619017143
62550.2688 lsst_hardware_z 8.804639218003704 66.5199966430664 30.989999771118164 AB 5.105056275488755 1.0695697204041057
62554.2561 lsst_hardware_z -21.35553852020087 52.720001220703125 30.969999313354492 AB 9.859989747887111 1.0680906413302882
62554.2665 lsst_hardware_r 44.45112721636355 61.40999984741211 31.6299991607666 AB 10.16823586799454 1.0779524750734086
62566.1865 lsst_hardware_r -0.3115714433908049 21.81999969482422 31.469999313354492 AB 8.234722535291201 1.055733658370667
62566.1977 lsst_hardware_z 27.158195035252774 41.119998931884766 30.940000534057617 AB 8.23566446433416 1.0558544185043797
62568.1805 lsst_hardware_r 4.6631370073816365 21.799999237060547 31.479999542236328 AB 11.380295242038125 1.055808441798736
62568.1925 lsst_hardware_u 4.040842658482807 2.609999895095825 28.399999618530273 AB 11.402619129525604 1.0558958356816004
62575.1805 lsst_hardware_r -43.61390995299173 45.54999923706055 31.6200008392334 AB 10.924767480321341 1.0576620392404685
62575.1926 lsst_hardware_z 36.9736986450559 46.720001220703125 30.959999084472656 AB 10.866606489881072 1.0636156433815347
62578.1957 lsst_hardware_i 33.55191813679146 69.91000366210938 31.329999923706055 AB 7.369503069991721 1.072603784687326
62578.2078 lsst_hardware_z 55.6030767240713 62.970001220703125 30.979999542236328 AB 7.437461601811303 1.086051488497363
62580.143 lsst_hardware_r -135.7372098892971 105.68000030517578 31.65999984741211 AB 4.928541196848581 1.0567764560382915
62580.1556 lsst_hardware_z -108.62043791131363 70.86000061035156 30.989999771118164 AB 5.07757138333797 1.0554635729019322
62582.1392 lsst_hardware_r -52.24438011315732 74.38999938964844 31.649999618530273 AB 5.255293277046261 1.0563757466674784
62582.1522 lsst_hardware_y 10.783892157410106 51.939998626708984 30.049999237060547 AB 5.275508074884477 1.0556294296917412
62587.1334 lsst_hardware_i 36.03572150000602 30.040000915527344 31.239999771118164 AB 7.282397143410677 1.0554198758566198
62587.1453 lsst_hardware_z -49.53911632761799 41.060001373291016 30.940000534057617 AB 7.292756039943594 1.0569211652092165
62589.1315 lsst_hardware_r -10.465016658142488 21.98576531909358 31.479999542236328 AB 6.933558053973362 1.0554967352676758
62589.1428 lsst_hardware_u -0.23305946017827656 2.592277984884913 28.3799991607666 AB 6.988512012280213 1.0578503474867709
62591.1189 lsst_hardware_g -8.729282362124943 13.11546105601579 31.3799991607666 AB 5.346948880102554 1.0556661165059067
62591.131 lsst_hardware_i -3.5671300548944727 30.050661200979246 31.239999771118164 AB 5.319221595495571 1.0561345369791661
62594.1251 lsst_hardware_z -39.89971317881062 40.88839312045031 30.93000030517578 AB 6.59976782428013 1.056639100909416
62594.1368 lsst_hardware_r -30.02039343569437 22.16340687916446 31.469999313354492 AB 6.634882649660082 1.0612840644075792
62596.1181 lsst_hardware_u -4.149343509023533 2.7367758445657238 28.3700008392334 AB 7.400700351760791 1.0562872189581984
62596.1297 lsst_hardware_g -14.895054192716506 13.291330950479189 31.389999389648438 AB 7.430390335581045 1.0604239097446904
62598.1183 lsst_hardware_r -55.38849280270598 22.089567680790555 31.489999771118164 AB 10.887879957512672 1.0578802607982722
62598.1299 lsst_hardware_i 24.317932739134854 30.736684682356543 31.25 AB 10.786190943129625 1.0636919506061233
62600.1179 lsst_hardware_z 36.600794314333896 41.69954615729921 30.940000534057617 AB 7.524889435327365 1.0599928772119123
62600.1305 lsst_hardware_r 43.967908042686034 22.70247285857725 31.469999313354492 AB 7.308571250653819 1.0681141762007773
62602.1148 lsst_hardware_z 125.92423845871184 43.84753120246494 30.950000762939453 AB 4.114283094803622 1.0612027585255668
62602.1259 lsst_hardware_r 93.9059640615558 30.089224951125495 31.549999237060547 AB 3.214926259762306 1.0688215851820937
62604.0956 lsst_hardware_z 128.6734386530203 48.40434318697203 30.969999313354492 AB 7.73081594076632 1.0561584672654558
62604.1061 lsst_hardware_i 228.43872813243175 45.40195149551566 31.299999237060547 AB 7.546074241870597 1.0595814570675182
62606.103 lsst_hardware_r 345.0148195801632 70.6902220244711 31.649999618530273 AB 11.025222500068988 1.0607380118244474
62606.1145 lsst_hardware_z 200.087120691106 57.29246873094252 30.979999542236328 AB 11.086371632552124 1.0684286323896166
62608.102 lsst_hardware_y 199.81470070507098 81.85661418687351 30.809999465942383 AB 15.149385667461168 1.0633137663746082
62612.0504 lsst_hardware_g 57.5508904103898 41.687932480014176 31.690000534057617 AB 7.479413841421689 1.0585074782651387
62612.0615 lsst_hardware_r 605.1764779619631 53.280958813951926 31.6299991607666 AB 7.464013998140354 1.055680637142099
62613.9821 lsst_hardware_i 754.6520152656843 42.13226592448939 31.229999542236328 AB 7.419853434012857 1.1371132436994493
62613.9882 lsst_hardware_z 471.3591263218437 47.4132872702062 30.940000534057617 AB 7.338198499828083 1.12434093460083
62616.0461 lsst_hardware_r 645.5781441891615 34.01290008308902 31.489999771118164 AB 14.467791720170357 1.0564480344782021
62616.0593 lsst_hardware_u -0.49840422782818045 2.8046046695593922 28.40999984741211 AB 14.414456794703186 1.0556368146398276
62618.0426 lsst_hardware_g 161.43844325122495 17.106000554494912 31.3799991607666 AB 4.329808408009176 1.0560508312217503
62618.0547 lsst_hardware_i 1018.6804825365925 43.29412127165905 31.239999771118164 AB 4.328519656636936 1.055736501618765
62620.0428 lsst_hardware_z 582.5789107272111 47.66236155333389 30.950000762939453 AB 8.943236018195373 1.0554462703783904
62620.0549 lsst_hardware_r 809.3664520455249 34.721538010590415 31.489999771118164 AB 8.972601025123481 1.0568538393729991
62622.0263 lsst_hardware_r 736.3695936084948 34.54542764407313 31.489999771118164 AB 11.29204603077942 1.0573736841356598
62622.0377 lsst_hardware_u -0.39731805566799383 2.71567857463874 28.450000762939453 AB 11.275744179877321 1.0554354078604693
62623.0282 lsst_hardware_g 84.27172258728001 16.85827797967556 31.420000076293945 AB 9.279349487572896 1.056191845153799
62623.0398 lsst_hardware_r 715.1435103698484 34.57851732085349 31.5 AB 9.267639508186457 1.0555999212012595
62625.0241 lsst_hardware_i 955.3199136215798 44.030269360296344 31.25 AB 11.559459390181424 1.055947692535071
62625.0363 lsst_hardware_z 685.5001731533425 47.89401542055682 30.950000762939453 AB 11.567722378240154 1.0558344631471481
62627.0218 lsst_hardware_r 597.8272289332897 33.00892361432428 31.479999542236328 AB 3.0611237387165238 1.0555599099022497
62627.0329 lsst_hardware_u -1.8782529813227293 2.758047200142361 28.489999771118164 AB 3.0629372588524304 1.0561852616732519
62631.0232 lsst_hardware_g 84.4862857427168 24.757591423091487 31.600000381469727 AB 7.999397233756367 1.0564444312937622
62631.0353 lsst_hardware_i 951.3531574772443 44.82688481118137 31.260000228881836 AB 8.006806935274824 1.0610429492158995
62633.0201 lsst_hardware_z 677.0376576618788 52.09412720886598 30.959999084472656 AB 10.720604744273983 1.0570503593249836
62633.0311 lsst_hardware_r 537.9946460617232 49.41677433875335 31.610000610351562 AB 10.822026401338452 1.0617376469881485
62639.0159 lsst_hardware_r 343.2242507286878 85.55296067982425 31.649999618530273 AB 7.769443902885497 1.062427517914907
62639.0284 lsst_hardware_i 750.8883582201047 71.18507394506963 31.31999969482422 AB 7.838980041611875 1.07193619166246
62643.9964 lsst_hardware_r 202.9171999256353 26.301547942447183 31.479999542236328 AB 1.940776000724411 1.0593755462471288
62644.0078 lsst_hardware_u -1.0666852124430017 2.6446436219647445 28.40999984741211 AB 1.5004228073602193 1.0661460023879634
62652.0048 lsst_hardware_r 118.61106351098672 24.332979377883444 31.469999313354492 AB 9.585520924933311 1.0848872078471294
62652.012 lsst_hardware_i 263.24830871291175 34.26834575144694 31.229999542236328 AB 9.667962435895658 1.0946515439193454
62653.993 lsst_hardware_z 245.15862242120707 43.651922671156974 30.940000534057617 AB 10.259190645810454 1.0775045971705872
62654.0062 lsst_hardware_r 97.30153437608146 24.027893340373634 31.469999313354492 AB 11.754457340705889 1.0941588495401673
62868.3445 lsst_hardware_i -51.952707973096366 30.920000076293945 31.25 AB 4.72429108971906 1.0603675945800675
62868.3587 lsst_hardware_y -54.717682902602554 63.599998474121094 30.059999465942383 AB 4.709386636396109 1.055797923191595
62870.3448 lsst_hardware_r 8.902907934811536 22.489999771118164 31.489999771118164 AB 2.8959979358324803 1.0578987893451983
62870.3576 lsst_hardware_y 38.30076693510996 59.36000061035156 30.049999237060547 AB 2.8939535555808535 1.0554170516341552
62872.3446 lsst_hardware_g -25.516629852504302 13.760000228881836 31.40999984741211 AB 8.106837581557311 1.0563801821988006
62872.3568 lsst_hardware_y 74.37746299574053 55.189998626708984 30.059999465942383 AB 8.066948562117735 1.0555379211145222
62879.3618 lsst_hardware_y -90.77611421040015 87.37999725341797 30.809999465942383 AB 4.43846417101322 1.0649332197416452
62881.3283 lsst_hardware_r 51.95424456426764 45.790000915527344 31.6200008392334 AB 6.322758806096643 1.0554055595098004
62881.3415 lsst_hardware_i -12.990971196502867 42.91999816894531 31.290000915527344 AB 5.672097715691822 1.0574051978919041
62883.3316 lsst_hardware_z 21.102824185178953 42.790000915527344 30.959999084472656 AB 2.8280932573755226 1.056243980345659
62883.3435 lsst_hardware_r -28.827324952546224 29.34000015258789 31.559999465942383 AB 2.4391156496650974 1.0604850650717816
62891.3301 lsst_hardware_g -6.428206998574551 13.140000343322754 31.40999984741211 AB 10.443824646758145 1.0656963925263412
62891.3434 lsst_hardware_r -11.486829359302392 22.020000457763672 31.489999771118164 AB 10.474423288972764 1.077707960796306
62895.2812 lsst_hardware_z -122.14123438180788 40.95000076293945 30.950000762939453 AB 11.854740134598686 1.0565329690310388
62895.2933 lsst_hardware_r -37.49076994330805 21.860000610351562 31.489999771118164 AB 11.70775454320289 1.0554975321806281
62897.2848 lsst_hardware_u 2.087357566157995 2.799999952316284 28.56999969482422 AB 12.136368110030533 1.0554128365850164
62897.2964 lsst_hardware_r -1.702384572616786 21.90999984741211 31.5 AB 11.398572506452469 1.0569892902867646
62906.238 lsst_hardware_z 40.21700014489779 64.5199966430664 30.989999771118164 AB 5.642251270111318 1.0618709457252828
62906.25 lsst_hardware_i -168.6458888175983 72.79000091552734 31.34000015258789 AB 5.601223440278266 1.0568346113732578
62910.2783 lsst_hardware_y 52.63759105425967 49.290000915527344 30.040000915527344 AB 5.653417491054289 1.0657608969075716
62910.2895 lsst_hardware_r 3.4168457086863535 48.459999084472656 31.6200008392334 AB 5.726035753617275 1.075581194718664
62912.2535 lsst_hardware_r 17.159578085830333 29.540000915527344 31.549999237060547 AB 3.521304950004713 1.0564971347148608
62912.2649 lsst_hardware_i -3.277556281893831 33.75 31.260000228881836 AB 3.5382938206630152 1.06079862709132
62921.2477 lsst_hardware_r 3.0093542399683364 21.8799991607666 31.479999542236328 AB 8.899475380532817 1.0653588771811595
62921.261 lsst_hardware_u -3.1170514411032952 2.619999885559082 28.399999618530273 AB 10.65076197807381 1.0771946374790198
62923.2516 lsst_hardware_g -4.1536263825407325 13.130000114440918 31.399999618530273 AB 6.968081558972686 1.0731958147145857
62923.2629 lsst_hardware_r -21.82177832874639 22.0 31.479999542236328 AB 7.039879793193256 1.0858147286486088
62925.2445 lsst_hardware_i -35.57303271867925 30.030000686645508 31.239999771118164 AB 5.655844005828061 1.071656162286628
