data/validation/pwv_sim_epoch_fit_4/15854149.ecsv
# %ECSV 0.9
# ---
# datatype:
# - {name: time, datatype: float64}
# - {name: band, datatype: string}
# - {name: flux, datatype: float64}
# - {name: fluxerr, datatype: float64}
# - {name: zp, datatype: float64}
# - {name: zpsys, datatype: string}
# - {name: pwv, datatype: float64}
# - {name: airmass, datatype: float64}
# meta: {SNID: '15854149', alt: 1024.0, c: 0.09344244748353958, dec: 3.433834, lat: -30.244573, lon: -70.7499537, ra: 4.921875, t0: 63170.57421875,
#   x0: 5.572803283004696e-06, x1: 0.6593735814094543, z: 0.5867609977722168}
# schema: astropy-2.0
time band flux fluxerr zp zpsys pwv airmass
63049.4079 lsst_hardware_i 46.656652866411335 34.16999816894531 31.239999771118164 AB 9.006190146197012 1.219717420427106
63049.4269 lsst_hardware_y -16.86942837177097 49.9900016784668 29.989999771118164 AB 8.817168649738704 1.205025099048639
63057.4041 lsst_hardware_r 20.775993109277938 70.69999694824219 31.610000610351562 AB 11.467969523817242 1.205336109429693
63057.4243 lsst_hardware_y 83.2704012141424 55.54999923706055 30.0 AB 12.62766282247278 1.208591182492071
63062.3438 lsst_hardware_i -7.967366185418538 34.029998779296875 31.219999313354492 AB 4.673202826453587 1.2789279765882833
63062.3594 lsst_hardware_z -42.15221191593755 44.93000030517578 30.93000030517578 AB 4.5063946116564235 1.2407474151036408
63067.3451 lsst_hardware_i 10.82826529471309 33.56999969482422 31.229999542236328 AB 3.5895216641176084 1.242049018725816
63067.3603 lsst_hardware_r -53.56707434834184 25.549999237060547 31.489999771118164 AB 3.6581099287342838 1.2178476666614344
63069.3855 lsst_hardware_u -0.050703193238405594 2.7699999809265137 28.3700008392334 AB 6.409928082631614 1.2054968419073044
63069.4067 lsst_hardware_g -7.7671099423482906 15.8100004196167 31.420000076293945 AB 6.584116431838762 1.2246101426278735
63077.389 lsst_hardware_i -22.451461601208518 46.91999816894531 31.979999542236328 AB 5.805177425452458 1.2311059309963683
63077.4146 lsst_hardware_z -50.228450607898424 64.04000091552734 31.68000030517578 AB 6.1299127272991685 1.2935716649536626
63079.1797 lsst_hardware_z -209.18516304218844 66.0999984741211 30.760000228881836 AB 12.455195882000698 2.661935431074812
63079.2049 lsst_hardware_r 88.86739792726222 78.91999816894531 31.399999618530273 AB 9.455314710602433 2.0380029551893886
63083.2737 lsst_hardware_z 38.174993604331846 168.88999938964844 32.459999084472656 AB 0.541970082976776 1.3221469802238892
63085.3454 lsst_hardware_r -148.18163469905994 93.02999877929688 31.6200008392334 AB 5.1516188721490055 1.2071277525929094
63085.3675 lsst_hardware_i -21.835028543827313 80.98999786376953 31.299999237060547 AB 5.295438514063208 1.2316882882764477
63088.2815 lsst_hardware_z 46.578989296918266 47.189998626708984 30.940000534057617 AB 5.343971147461538 1.2558536272749048
63088.299 lsst_hardware_r 30.692801733196415 35.40999984741211 31.559999465942383 AB 5.956250869589165 1.2229657524308737
63091.3072 lsst_hardware_i 16.904552596288788 33.130001068115234 31.239999771118164 AB 4.359478224788542 1.2071658366591864
63091.3249 lsst_hardware_u -0.0020196877530442967 2.809999942779541 28.40999984741211 AB 4.394208664347306 1.2053237627358433
63094.3043 lsst_hardware_i -13.188774373267918 33.060001373291016 31.239999771118164 AB 5.8016967522612575 1.2049840079466758
63094.3221 lsst_hardware_r -12.444850670297354 24.959999084472656 31.489999771118164 AB 5.814150816022306 1.2078633345267331
63099.2932 lsst_hardware_u 1.7620959967721725 2.6600000858306885 28.299999237060547 AB 1.7520471344289692 1.2044320355836178
63100.2275 lsst_hardware_r -23.611876910172374 25.260000228881836 31.469999313354492 AB 2.641359367679926 1.3213403540169715
63102.2511 lsst_hardware_z -6.757016046689052 44.5 30.93000030517578 AB 3.476959710210187 1.2390056873800221
63102.2687 lsst_hardware_r 14.111844672632431 24.829999923706055 31.479999542236328 AB 3.4724237221517247 1.2136037473662646
63110.214 lsst_hardware_z -166.54547737631833 91.77999877929688 30.969999313354492 AB 2.060215318335039 1.2753460830549637
63110.2309 lsst_hardware_r 7.442094749859157 136.0500030517578 31.610000610351562 AB 1.965633623356001 1.2359236824873991
63113.2356 lsst_hardware_i 32.592635203771046 97.11000061035156 31.309999465942383 AB 2.0625548115085675 1.2168464964652315
63113.2549 lsst_hardware_r -15.911078899570892 116.12999725341797 31.6200008392334 AB 2.6740807443456833 1.204450451623309
63115.2091 lsst_hardware_z 79.00455409062563 79.63999938964844 31.700000762939453 AB 0.5096725902270652 1.252779820304134
63121.1955 lsst_hardware_i 61.343879989527196 33.310001373291016 31.229999542236328 AB 3.3578030760770172 1.2465933518833092
63121.2139 lsst_hardware_z 31.945014048591336 44.34000015258789 30.940000534057617 AB 3.7149574459429493 1.216689119850311
63123.1951 lsst_hardware_i 6.743640324237231 33.27000045776367 31.229999542236328 AB 1.088938809002791 1.2364937271039957
63123.2137 lsst_hardware_u -5.039380336780122 2.7200000286102295 28.329999923706055 AB 1.4780997839931935 1.2114744490075695
63125.2003 lsst_hardware_g -19.7467289363432 15.729999542236328 31.40999984741211 AB 3.6276766666221416 1.219899677720813
63125.2168 lsst_hardware_r -6.842304379380354 25.309999465942383 31.479999542236328 AB 4.001524690681613 1.2060050303440666
63128.1785 lsst_hardware_r 42.39653042296625 25.469999313354492 31.489999771118164 AB 7.5912906613797215 1.2421999064084417
63132.1783 lsst_hardware_g -12.883125986662925 25.65999984741211 32.209999084472656 AB 2.353240274198746 1.2237869248270836
63132.2008 lsst_hardware_r 42.67589250514956 25.270000457763672 31.479999542236328 AB 2.3109554217589476 1.204930048277531
63144.115 lsst_hardware_g -5.6011701581748765 16.03570294056447 31.389999389648438 AB 4.6554490677400375 1.294258845632482
63144.1416 lsst_hardware_r 96.3513238886051 43.62685347311987 31.56999969482422 AB 5.069885558101015 1.229808504087109
63146.1457 lsst_hardware_i 93.97289768010016 35.051184143034575 31.239999771118164 AB 4.644277269766415 1.2166286944902434
63146.165 lsst_hardware_z 64.45232710392929 45.304616000363396 30.940000534057617 AB 4.466018592337917 1.2044278835860087
63148.1406 lsst_hardware_i 197.12151407751358 36.8357744543697 31.239999771118164 AB 4.286084178862773 1.2162266817932152
63148.1584 lsst_hardware_u 4.57774814802759 2.9648147603345176 28.399999618530273 AB 4.2417992587389275 1.2046288274728938
63150.1387 lsst_hardware_g 66.95891605808943 18.082478160890865 31.40999984741211 AB 5.359366226414883 1.2126177448710047
63150.1572 lsst_hardware_r 373.9353237630389 32.45074818002812 31.479999542236328 AB 5.405292728064969 1.2042089844196426
63152.1408 lsst_hardware_i 616.0651644543336 40.941128165126564 31.229999542236328 AB 7.028875302658672 1.207105597594441
63152.1586 lsst_hardware_r 645.5709691131398 35.39764465544322 31.479999542236328 AB 7.002025433155301 1.2054272318753476
63154.1026 lsst_hardware_z 465.4517894936839 50.17093325176394 30.93000030517578 AB 7.767534877010742 1.2528282059694744
63154.1216 lsst_hardware_u -3.9595171511067657 2.7817740898047463 28.3799991607666 AB 7.559665821718133 1.2193009389867957
63156.1066 lsst_hardware_g 218.9011031332508 21.84673971520295 31.420000076293945 AB 8.502631570305041 1.2336063214080581
63156.1247 lsst_hardware_r 1090.4120020880969 41.03645631787851 31.5 AB 8.349078386421768 1.2105669345479957
63160.1045 lsst_hardware_i 1283.055413444109 49.41250672522233 31.229999542236328 AB 3.3128613411101684 1.2202067554735911
63160.1228 lsst_hardware_u 3.882620271941357 3.2176872135988392 28.399999618530273 AB 3.296289417869581 1.2054082893321643
63162.1084 lsst_hardware_g 410.5243361338183 34.80970835495501 31.56999969482422 AB 6.467105028184341 1.2105016430855575
63162.1257 lsst_hardware_r 1645.0267158377726 52.65722971045744 31.540000915527344 AB 5.788466020252292 1.204257840551613
63164.0995 lsst_hardware_i 1665.0362757022021 66.76083066838738 31.290000915527344 AB 5.51594392527841 1.213540024628684
63164.1162 lsst_hardware_r 1881.1562637483723 73.8418483541201 31.600000381469727 AB 5.466480407408159 1.204380069931662
63167.1144 lsst_hardware_z 2738.418638764487 147.53475876743423 31.729999542236328 AB 4.5500215364340955 1.2045591783710548
63169.0734 lsst_hardware_z 1334.9200183935602 99.90735127579272 30.969999313354492 AB 6.380964369810554 1.229709841936798
63169.0909 lsst_hardware_r 1882.4296602911124 143.85777438131794 31.6200008392334 AB 7.255701036340151 1.2092835060566918
63171.0808 lsst_hardware_i 1673.6491733489058 80.96658333742819 31.299999237060547 AB 4.900081849006656 1.2131417823002877
63171.1 lsst_hardware_z 1422.3880231283433 74.61609336180486 30.969999313354492 AB 6.623151742864186 1.2042094077934884
63180.0505 lsst_hardware_z 1270.779220633554 56.38237616591042 30.940000534057617 AB 10.414576484299829 1.2194340476903074
63180.0696 lsst_hardware_i 1474.4624953851035 49.78398343652974 31.229999542236328 AB 10.333211828486464 1.2049690197057272
63182.051 lsst_hardware_u -0.3292063705310256 2.663890760077184 28.270000457763672 AB 5.507658300761449 1.212917959426269
63182.0701 lsst_hardware_g 111.53403642288198 19.405111761777103 31.399999618530273 AB 5.42296032246304 1.2042102862613613
63185.0513 lsst_hardware_r 1102.061968475613 41.172620340474545 31.479999542236328 AB 6.4418246170118305 1.2067861777842974
63185.0697 lsst_hardware_i 1264.7305916129944 47.50029680137103 31.229999542236328 AB 6.49125266081417 1.2058801153286587
63188.0325 lsst_hardware_z 2106.864350732306 80.37436374730814 31.690000534057617 AB 9.232526746810034 1.2150193121788955
63190.0233 lsst_hardware_y 351.8056865396969 57.923856012302714 30.0 AB 9.13957909532618 1.2193014835508194
63190.0437 lsst_hardware_g 101.03706488776375 22.759011661823077 31.510000228881836 AB 7.898858262638131 1.2046298424306738
63192.0259 lsst_hardware_y 232.2653878305159 58.69482309473532 30.0 AB 5.72729222902729 1.2109720327787905
63192.047 lsst_hardware_i 940.5082483246069 54.83155082585423 31.270000457763672 AB 5.252646756328054 1.2047354945706545
63194.0245 lsst_hardware_y 274.4317134168369 71.4405637289586 30.010000228881836 AB 9.313171370780703 1.2080384863516347
63194.0432 lsst_hardware_i 1015.9212813713203 85.92369303265914 31.309999465942383 AB 9.10477069295593 1.2051849664166867
63198.0249 lsst_hardware_y 459.190788091646 72.3857632913967 30.010000228881836 AB 5.3778009493024035 1.204232424408616
63198.0362 lsst_hardware_i 731.9875119545964 86.10823741847229 31.309999465942383 AB 5.361479761465134 1.2067930361746966
