data/validation/pwv_sim_epoch_fit_4/15900004.ecsv
# %ECSV 0.9
# ---
# datatype:
# - {name: time, datatype: float64}
# - {name: band, datatype: string}
# - {name: flux, datatype: float64}
# - {name: fluxerr, datatype: float64}
# - {name: zp, datatype: float64}
# - {name: zpsys, datatype: string}
# - {name: pwv, datatype: float64}
# - {name: airmass, datatype: float64}
# meta: {SNID: '15900004', alt: 1024.0, c: -0.023207321763038635, dec: -50.091457, lat: -30.244573, lon: -70.7499537, ra: 266.425232,
#   t0: 62661.125, x0: 0.000681216632510881, x1: -0.9373912215232849, z: 0.06907419860363007}
# schema: astropy-2.0
time band flux fluxerr zp zpsys pwv airmass
62591.3952 lsst_hardware_g -7.331633494400732 14.390000343322754 31.40999984741211 AB 5.337404625286713 1.0674809250573427
62591.4071 lsst_hardware_y 67.57262482454728 50.529998779296875 30.040000915527344 AB 5.31871676837474 1.063743353674948
62594.4037 lsst_hardware_z 44.9756392792774 42.150001525878906 30.950000762939453 AB 6.53324098517554 1.0632376562616155
62594.4147 lsst_hardware_y -1.0660312341802765 64.63999938964844 30.059999465942383 AB 6.683405686006282 1.0642365742048219
62596.3934 lsst_hardware_u -4.534887192120135 2.609999895095825 28.350000381469727 AB 8.826215063424979 1.0637518531350723
62596.406 lsst_hardware_y -7.760215359070847 48.810001373291016 30.030000686645508 AB 8.731865201088372 1.0636293563662065
62598.3973 lsst_hardware_r 58.478053256857066 22.950000762939453 31.489999771118164 AB 8.654597754117606 1.0632837095789287
62598.41 lsst_hardware_z 58.17299594666682 43.81999969482422 30.950000762939453 AB 8.740196376925393 1.066137640512978
62600.3969 lsst_hardware_z 11.033042527768677 41.45000076293945 30.940000534057617 AB 7.128386738609149 1.0639383191953953
62600.4079 lsst_hardware_y 96.93262697979996 48.59000015258789 30.040000915527344 AB 7.152713083794157 1.0675691169842025
62602.3823 lsst_hardware_u -1.1982620257730483 2.869999885559082 28.56999969482422 AB 4.74462074355916 1.0632203346911282
62602.3932 lsst_hardware_r -4.159814185917637 23.1200008392334 31.510000228881836 AB 4.726626314107542 1.0643157653923758
62606.3784 lsst_hardware_r -54.17495595717596 22.940000534057617 31.510000228881836 AB 10.131556208417141 1.0635873895635175
62606.3893 lsst_hardware_u -4.043792093347129 2.819999933242798 28.530000686645508 AB 10.083740369144886 1.0665921941801553
62608.3833 lsst_hardware_y 18.523014414313042 52.290000915527344 30.049999237060547 AB 15.644229893059904 1.0663733269527218
62608.3945 lsst_hardware_r 6.805854360168199 67.01000213623047 31.649999618530273 AB 15.621018338861386 1.0724302031347697
62616.34 lsst_hardware_r 50.95814518264788 31.06999969482422 31.56999969482422 AB 16.591729891994948 1.0635724289740351
62616.3539 lsst_hardware_z -10.559734629041627 43.18000030517578 30.950000762939453 AB 16.5995960662472 1.064076670913282
62618.3175 lsst_hardware_g -6.339162575893786 15.1899995803833 31.450000762939453 AB 2.139430074224181 1.069536780981927
62618.3284 lsst_hardware_i -24.677424390404564 31.15999984741211 31.25 AB 2.1538123710836037 1.0648818941536502
62622.326 lsst_hardware_u -0.8164722690351048 2.7899999618530273 28.510000228881836 AB 10.45135948106417 1.063318697839472
62622.3375 lsst_hardware_g 12.222857198190782 14.050000190734863 31.43000030517578 AB 9.470253718629012 1.0640734515313497
62623.3218 lsst_hardware_r 17.310923392543152 22.729999542236328 31.5 AB 9.5491569527237 1.063459457204362
62623.3346 lsst_hardware_i 8.339015816247699 30.690000534057617 31.25 AB 9.522523105977008 1.0640384128548797
62625.3229 lsst_hardware_z 0.13801238133299085 41.36000061035156 30.950000762939453 AB 9.654107464031172 1.06324721056163
62625.3348 lsst_hardware_r -14.369448189104038 22.700000762939453 31.489999771118164 AB 8.84534176376961 1.0655968393257236
62627.3245 lsst_hardware_u -4.126606316910594 2.75 28.479999542236328 AB 3.2267001095579717 1.0642150757117321
62627.336 lsst_hardware_r -9.470751264192824 22.729999542236328 31.5 AB 3.2855190888934334 1.0684614923230678
62633.3058 lsst_hardware_z 37.68925807696133 41.189998626708984 30.940000534057617 AB 9.471645099133667 1.063761651610284
62633.3176 lsst_hardware_r -25.515447362117012 22.739999771118164 31.489999771118164 AB 9.520105819345263 1.0674758907881066
62637.3043 lsst_hardware_y -30.941453947536285 77.30999755859375 30.799999237060547 AB 3.9930403945904747 1.06644598907404
62639.301 lsst_hardware_r 187.9714340741309 126.83999633789062 31.65999984741211 AB 8.475852223549902 1.0673756604323172
62639.312 lsst_hardware_i -8.05686494117191 99.48999786376953 31.34000015258789 AB 8.469889105502682 1.0739504360316166
62642.2778 lsst_hardware_i -237.18256289822642 59.54196291626797 31.31999969482422 AB 6.382499495094129 1.0633363961394118
62642.2894 lsst_hardware_z -1104.5081396832327 64.91792727195869 30.979999542236328 AB 6.313342923349916 1.0659628979091855
62644.2843 lsst_hardware_r 3956.844433654665 73.62975143751835 31.600000381469727 AB 1.7480469560449023 1.0660989770553708
62644.2957 lsst_hardware_z -2050.141869712459 64.65333307002726 30.950000762939453 AB 2.5129655349508453 1.072084272589951
62646.269 lsst_hardware_g 12940.786221526008 115.0465929585958 31.530000686645508 AB 5.746983823380399 1.0635669146627313
62646.28 lsst_hardware_i 10498.665113416431 106.47992458736067 31.260000228881836 AB 5.654891102941279 1.0665581107018633
62652.2822 lsst_hardware_r 81350.24026338299 285.39289083326537 31.5 AB 7.358810833780571 1.078582787831821
62652.2916 lsst_hardware_i 60146.52540474208 243.67475400142538 31.25 AB 7.470256190758105 1.0881126710173974
62654.2906 lsst_hardware_z 44019.94806750185 206.6906738143251 30.940000534057617 AB 10.772754552245072 1.0934771415382996
62654.3023 lsst_hardware_r 108083.59872078957 328.5551068493036 31.479999542236328 AB 10.524399400467573 1.110227269420072
62655.2388 lsst_hardware_r 119408.24825926215 346.5117623080439 31.489999771118164 AB 9.950186646879523 1.0632055827268567
62655.2514 lsst_hardware_u 4682.7329085478 68.62841863744919 28.389999389648438 AB 9.380094421785145 1.065112916932454
62657.2175 lsst_hardware_u 5370.049013763475 73.93801652777306 28.40999984741211 AB 8.741436476049454 1.0664189918323719
62657.2301 lsst_hardware_g 150223.6532679964 386.963690937117 31.43000030517578 AB 8.544052676063526 1.0633544089687645
62675.2007 lsst_hardware_g 64435.31126535956 253.89026532477004 31.43000030517578 AB 3.291976131997972 1.0665149455716971
62675.2134 lsst_hardware_r 96750.88159058122 311.8256922583347 31.489999771118164 AB 3.3200606102006716 1.0737293443582103
62676.1923 lsst_hardware_i 48372.45973796433 220.31467835306248 31.260000228881836 AB 3.9997511753896027 1.064613035770456
62676.2041 lsst_hardware_r 95058.60927541943 308.3687015068109 31.510000228881836 AB 4.046570042279674 1.0694837570997289
62682.1874 lsst_hardware_z 26680.464323879856 166.44948107435465 30.950000762939453 AB 3.314853806253777 1.0693076794367022
62682.2011 lsst_hardware_r 74847.34754733961 274.11958975792766 31.5 AB 3.3458806538582393 1.0793163399542707
62688.1332 lsst_hardware_u 239.9062553517782 15.299457386521478 28.360000610351562 AB 5.16228024863475 1.066293083579242
62688.1452 lsst_hardware_g 19213.959160022117 139.47544395468742 31.40999984741211 AB 5.176919169767763 1.063386340931413
62694.1234 lsst_hardware_r 45696.972131630406 229.61998940152498 31.649999618530273 AB 7.591326493815624 1.0642543801789268
62694.1348 lsst_hardware_i 36096.090598231494 202.88888223709088 31.329999923706055 AB 5.721150513246739 1.0632791190521755
62694.996 lsst_hardware_r 40714.54316381954 229.63974515562109 31.59000015258789 AB 7.799116916432458 1.3244658090230885
62694.9999 lsst_hardware_i 33930.82654042292 201.2972469714643 31.290000915527344 AB 7.696735967353104 1.3070607193048305
62704.1051 lsst_hardware_z 11943.647211806849 115.2012604990346 30.950000762939453 AB 5.190278767800304 1.0632185936088026
62704.1162 lsst_hardware_i 19975.85506816685 142.55267516673248 31.239999771118164 AB 5.196430586777298 1.0647150620883359
62707.1072 lsst_hardware_u 105.1721738422606 10.557198562170191 28.309999465942383 AB 5.647897569784253 1.0645029031446103
62707.119 lsst_hardware_g 8932.105585954463 95.50423949815534 31.389999389648438 AB 5.703847877908366 1.0692375813868487
62709.1096 lsst_hardware_r 22443.949452432174 151.8759511694599 31.479999542236328 AB 3.230795149286686 1.0672670206309596
62709.1215 lsst_hardware_i 15574.959147923097 128.6454158693682 31.239999771118164 AB 3.262513561646865 1.0744322613688926
62711.0195 lsst_hardware_r 21048.822602001335 147.98668847585404 31.469999313354492 AB 4.967272946381931 1.1205217564588161
62711.0226 lsst_hardware_i 14540.920748752442 122.93816648814033 31.229999542236328 AB 4.955646039187959 1.1151318720044914
62716.0527 lsst_hardware_z -86.5793168989895 41.38999938964844 30.940000534057617 AB 1.6990722157122697 1.068095059382222
62716.0642 lsst_hardware_r -40.81093223564354 22.59000015258789 31.479999542236328 AB 1.6757353431322972 1.0640715481843352
62718.0897 lsst_hardware_r -53.10837910353581 25.229999542236328 31.510000228881836 AB 2.561817578327499 1.0696524335396655
62719.0864 lsst_hardware_z -34.71306893604349 43.119998931884766 30.950000762939453 AB 2.0802083570287504 1.0693326029962733
62719.0984 lsst_hardware_i -0.505328017280496 34.380001068115234 31.260000228881836 AB 2.1077197015302387 1.0778418315164724
62722.0463 lsst_hardware_r 16.161486756485374 67.91999816894531 31.639999389648438 AB 4.151211590322226 1.0644132282877503
62722.0584 lsst_hardware_z 20.696441427182037 57.880001068115234 30.979999542236328 AB 4.266447185336223 1.0632890181523298
62725.0453 lsst_hardware_i -13.451735970643185 79.38999938964844 31.329999923706055 AB 3.5089115756284217 1.0633065380692188
62725.0563 lsst_hardware_z 15.632732351461222 69.3499984741211 30.989999771118164 AB 3.511538163863372 1.0641024738979916
62731.0334 lsst_hardware_z 27.309674879192745 41.470001220703125 30.950000762939453 AB 2.51330148999482 1.0632687424621132
62731.0454 lsst_hardware_r -24.162264306546763 22.8700008392334 31.510000228881836 AB 3.073091859263818 1.0656274146438716
62733.0299 lsst_hardware_u 1.0776144723608245 2.6700000762939453 28.420000076293945 AB 2.9453772044971758 1.0634090457612333
62733.0408 lsst_hardware_r 19.04047001988328 22.709999084472656 31.489999771118164 AB 2.9699624907433395 1.0659353937167662
62735.9774 lsst_hardware_z 21.30701457568154 45.93000030517578 30.950000762939453 AB 1.5173951592521933 1.0838536851801381
62735.982 lsst_hardware_r -14.20999337838914 23.8799991607666 31.5 AB 1.511133361056085 1.079380972182918
62738.0112 lsst_hardware_u 2.641035909265192 2.680000066757202 28.420000076293945 AB 4.632814628374517 1.0632427857879436
62738.0225 lsst_hardware_g -22.398016828593782 13.899999618530273 31.40999984741211 AB 4.579461948660643 1.06449603641577
62742.0122 lsst_hardware_z 2.0198463781182476 41.38999938964844 30.950000762939453 AB 5.247168917494864 1.064658398599139
62742.0238 lsst_hardware_r -10.053278105436696 22.850000381469727 31.489999771118164 AB 5.330141396066268 1.0694505208800698
62744.0126 lsst_hardware_u -2.12793942351778 2.5899999141693115 28.34000015258789 AB 2.96530364540057 1.0666559875541617
62744.0237 lsst_hardware_r -40.746441625262875 22.719999313354492 31.479999542236328 AB 2.9940630456325352 1.07282044035803
62747.0148 lsst_hardware_i -10.86818423868799 32.29999923706055 31.25 AB 1.8202857130923613 1.072333262499182
62747.0272 lsst_hardware_z -19.604984430507553 42.400001525878906 30.940000534057617 AB 1.9354376533766098 1.082762323567334
62748.0101 lsst_hardware_r 12.927108166128683 32.13999938964844 31.559999465942383 AB 1.907889358635019 1.0710456728864253
62748.0209 lsst_hardware_z -62.57162840622083 43.95000076293945 30.950000762939453 AB 1.919884816455292 1.0793449424906771
62751.0129 lsst_hardware_y -46.621699542024956 51.439998626708984 30.040000915527344 AB 2.7533165227316267 1.0795202990518042
62751.0244 lsst_hardware_r -119.26268652991997 62.34000015258789 31.6299991607666 AB 2.8234545326856306 1.0918230984863226
62958.3971 lsst_hardware_i -13.467471658665742 31.190000534057617 31.260000228881836 AB 11.216168546283592 1.0649525066693288
62958.4093 lsst_hardware_y 5.537417163458383 51.40999984741211 30.049999237060547 AB 11.189657502454313 1.063192446489978
62960.3916 lsst_hardware_r 15.427321363803063 22.860000610351562 31.489999771118164 AB 8.795720903378818 1.064964694183693
62960.4048 lsst_hardware_y 7.88636951039823 48.33000183105469 30.040000915527344 AB 8.710359699586384 1.063211437239734
62962.4005 lsst_hardware_g -10.833539707641378 41.04999923706055 31.690000534057617 AB 20.49363204458351 1.0632648245500507
62962.412 lsst_hardware_y 53.31995773892556 53.25 30.049999237060547 AB 20.725331998687867 1.0656062932073698
62965.3882 lsst_hardware_i -71.9272841017714 71.20999908447266 31.329999923706055 AB 7.123621660298877 1.0632271134774443
62965.401 lsst_hardware_z -51.58017829640005 64.01000213623047 30.979999542236328 AB 7.133685596167467 1.064729193457831
62968.395 lsst_hardware_r 29.04174987862707 67.44000244140625 31.639999389648438 AB 6.609715146798208 1.0653957361054494
62968.4073 lsst_hardware_z 74.2547743424578 58.61000061035156 30.979999542236328 AB 6.709563558687719 1.0713873946008334
62970.3832 lsst_hardware_r -27.70465801249323 40.52000045776367 31.610000610351562 AB 7.17423587015054 1.0637953544114087
62970.394 lsst_hardware_i -38.584579132206606 40.2599983215332 31.290000915527344 AB 7.204966407489116 1.0671257685028497
62972.3645 lsst_hardware_z -10.333933017950988 42.13999938964844 30.959999084472656 AB 18.175142310290358 1.0636824668046092
62972.376 lsst_hardware_i -26.18955719160976 32.0 31.270000457763672 AB 17.079435834780025 1.0635318873818707
62975.3846 lsst_hardware_r -18.857260293426304 22.920000076293945 31.5 AB 10.371651355332464 1.0692424077662335
62975.396 lsst_hardware_i -38.35156966047854 30.81999969482422 31.25 AB 10.448885662248056 1.0772047074482534
62977.3658 lsst_hardware_z 26.503807211804336 41.5099983215332 30.950000762939453 AB 10.380578980554418 1.0641290600260809
62977.3774 lsst_hardware_u -4.189342236517743 2.799999952316284 28.520000457763672 AB 12.086981956822626 1.0683208376191113
62984.3267 lsst_hardware_u -1.3469466786730189 2.690000057220459 28.440000534057617 AB 3.0878851730719177 1.0647879907144544
62984.3387 lsst_hardware_r 26.038997268008355 22.65999984741211 31.489999771118164 AB 3.892020168325746 1.0631998274428371
62990.3261 lsst_hardware_g -27.242064817087034 41.43000030517578 31.690000534057617 AB 9.76816654403674 1.063442944236252
62990.3389 lsst_hardware_r -25.332242219551844 40.77000045776367 31.610000610351562 AB 8.890913919878829 1.0669096703854595
62995.3055 lsst_hardware_r 186.65393206538948 99.83000183105469 31.65999984741211 AB 8.817631780942177 1.063272686241325
62995.3175 lsst_hardware_i -13.476320002661625 82.55000305175781 31.34000015258789 AB 8.833516439082784 1.0643218328948292
63002.3025 lsst_hardware_i 4.8835487702290346 30.979999542236328 31.25 AB 3.9455783726192237 1.0655086072425664
63002.3154 lsst_hardware_z 56.3577047298243 41.75 30.950000762939453 AB 4.017303803752346 1.071995678119416
63005.3001 lsst_hardware_r -18.85054881043242 22.899999618530273 31.5 AB 7.861869850638143 1.0678986485518391
63005.3136 lsst_hardware_u 0.4273077655034426 2.7200000286102295 28.450000762939453 AB 7.773076453149079 1.0767898116917167
63010.2857 lsst_hardware_u 2.793622255065763 2.6600000858306885 28.399999618530273 AB 7.24434392067072 1.0675425759903803
63010.2975 lsst_hardware_g 8.082308370465093 14.130000114440918 31.420000076293945 AB 7.737326071857718 1.0748276632511957
63013.2442 lsst_hardware_g -2.6957698859637254 14.1899995803833 31.43000030517578 AB 5.220637569966381 1.0658712882741121
63013.2563 lsst_hardware_r -30.71234538583048 23.040000915527344 31.5 AB 3.7214814064964883 1.0632804018561395
63015.2782 lsst_hardware_z 57.66509561312262 41.63999938964844 30.940000534057617 AB 8.919134332954002 1.0708958216145843
63015.2886 lsst_hardware_r -2.9043424761774514 23.15999984741211 31.489999771118164 AB 8.958366346652939 1.078779690515169
63019.2232 lsst_hardware_z 125.63004392758575 73.76000213623047 31.719999313354492 AB 11.259195890303396 1.0678296557571505
63031.2266 lsst_hardware_g 24.886699549913956 14.25 31.40999984741211 AB 14.142076836888538 1.0667629808319279
63031.2403 lsst_hardware_r 7.987286103504588 23.290000915527344 31.489999771118164 AB 14.131649173389421 1.0749362319544686
63044.2048 lsst_hardware_z 19.61803586858962 41.7400016784668 30.950000762939453 AB 8.000741330080789 1.0749350168051577
63044.2169 lsst_hardware_g -18.591043761637703 14.420000076293945 31.43000030517578 AB 7.907670014453207 1.0862184085787372
63046.1849 lsst_hardware_r -11.256264051012822 38.290000915527344 31.59000015258789 AB 6.400978070168091 1.0664593799653526
63046.1989 lsst_hardware_z 2.623549114782174 45.09000015258789 30.950000762939453 AB 6.1044363436220825 1.0745985817900625
63053.1302 lsst_hardware_z -60.76265890866384 66.52999877929688 30.989999771118164 AB 5.196149368991749 1.0679213610313933
63053.1418 lsst_hardware_r -50.08649517021483 94.80000305175781 31.649999618530273 AB 5.150698349665127 1.0639740445497061
63061.1263 lsst_hardware_i -19.248276774691575 30.729999542236328 31.25 AB 7.985288786435209 1.0632402627182826
63061.1381 lsst_hardware_z 31.941878564925524 41.47999954223633 30.950000762939453 AB 8.010358716472776 1.0645348638124557
63063.1274 lsst_hardware_i 56.24372800119548 30.75 31.239999771118164 AB 3.0121902262634435 1.0635326070309625
63063.1394 lsst_hardware_u 2.71661425548597 2.609999895095825 28.350000381469727 AB 3.005300099855626 1.0668441959018908
63068.1122 lsst_hardware_r -14.813192042414522 22.739999771118164 31.479999542236328 AB 6.054467391976738 1.0633687826198825
63068.1241 lsst_hardware_i 35.35499460670594 30.700000762939453 31.25 AB 6.060506581266488 1.0661771971969425
63070.1042 lsst_hardware_z 76.41829910579796 41.34000015258789 30.950000762939453 AB 6.882801382434431 1.0632272159472358
63070.1159 lsst_hardware_u -2.039847118138903 2.7799999713897705 28.510000228881836 AB 6.889561275800237 1.065217622171529
63071.0311 lsst_hardware_r -41.631644819553166 33.279998779296875 32.2400016784668 AB 7.080269420895547 1.125579368485329
63071.039 lsst_hardware_g 17.361666344228396 14.65999984741211 31.420000076293945 AB 6.9288062218030735 1.1117515465266739
63076.0929 lsst_hardware_z 294.8907722195679 72.19999694824219 31.719999313354492 AB 3.8829420579653657 1.0636740331366568
63080.0972 lsst_hardware_z -84.72214654073849 104.29000091552734 31.739999771118164 AB 1.623796038317189 1.068872872178073
63082.0518 lsst_hardware_r 3.2917081224972535 81.33999633789062 31.649999618530273 AB 1.5604100949635606 1.0675553671358453
63082.0639 lsst_hardware_z -31.641787486793614 59.779998779296875 30.979999542236328 AB 1.602719328572703 1.0637517667517942
63084.0492 lsst_hardware_r -20.79273055339186 22.690000534057617 31.489999771118164 AB 1.8678452868674449 1.0663246166704086
63084.0603 lsst_hardware_i 5.606488711489105 33.41999816894531 31.260000228881836 AB 1.8651877810303925 1.0634920351785304
63086.0476 lsst_hardware_z -29.030900192913634 41.2400016784668 30.950000762939453 AB 3.567006499397155 1.0649899978295645
63086.0603 lsst_hardware_i -36.63863036196012 30.579999923706055 31.25 AB 3.631272206223316 1.0632262950100124
63095.0391 lsst_hardware_i 32.43157468631253 30.610000610351562 31.25 AB 4.215631176616832 1.063434393933193
63095.0506 lsst_hardware_z 25.366418071122077 41.47999954223633 30.950000762939453 AB 4.184845371516116 1.0662705577466376
63096.0312 lsst_hardware_r 25.473118285899016 22.690000534057617 31.489999771118164 AB 2.5105608077269426 1.0632337989314737
63096.0422 lsst_hardware_g 15.800090841045336 13.90999984741211 31.420000076293945 AB 3.083206905296291 1.0644594874145281
63101.0305 lsst_hardware_r -0.09540280678898759 24.049999237060547 31.520000457763672 AB 1.3995788306385786 1.0649934031492037
63101.0418 lsst_hardware_i -46.41527555593679 31.360000610351562 31.260000228881836 AB 2.30656943775324 1.0699614694436923
63107.0118 lsst_hardware_i 23.100412014559563 63.79999923706055 31.31999969482422 AB 5.36949250541819 1.064372368386578
63107.0231 lsst_hardware_z 1.1080817392391882 59.869998931884766 30.979999542236328 AB 5.464964570124779 1.0686804341480867
63117.0099 lsst_hardware_r -12.996416724389041 23.100000381469727 31.5 AB 2.5887116121437255 1.078629838393219
63117.0213 lsst_hardware_i 21.803203071382725 30.989999771118164 31.239999771118164 AB 2.6172156037432317 1.09050650155968
