data/validation/pwv_sim_epoch_fit_4/16149777.ecsv
# %ECSV 0.9
# ---
# datatype:
# - {name: time, datatype: float64}
# - {name: band, datatype: string}
# - {name: flux, datatype: float64}
# - {name: fluxerr, datatype: float64}
# - {name: zp, datatype: float64}
# - {name: zpsys, datatype: string}
# - {name: pwv, datatype: float64}
# - {name: airmass, datatype: float64}
# meta: {SNID: '16149777', alt: 1024.0, c: -0.051391277462244034, dec: -25.447729, lat: -30.244573, lon: -70.7499537, ra: 57.304688, t0: 61351.828125,
#   x0: 2.30552096741629e-06, x1: -0.021906346082687378, z: 0.8408944010734558}
# schema: astropy-2.0
time band flux fluxerr zp zpsys pwv airmass
[from data line 132]
61680.2234 lsst_hardware_r -5.564970499295082 22.530000686645508 31.459999084472656 AB 3.9806137609393746 1.1942139836314032
61684.2054 lsst_hardware_r -38.30506938124776 22.59000015258789 31.450000762939453 AB 5.885748394097874 1.2259421774830976
61684.2256 lsst_hardware_i -14.112760088859346 30.670000076293945 31.229999542236328 AB 5.602599902812574 1.1438546147024446
61688.2141 lsst_hardware_z 11.10958368257895 66.75 31.709999084472656 AB 2.9956756746445863 1.1458659982065227
61689.1979 lsst_hardware_r -46.29438402940708 52.2400016784668 31.59000015258789 AB 4.6317695513503265 1.1981813101708183
61689.2171 lsst_hardware_z -25.639766933069325 48.630001068115234 30.950000762939453 AB 4.056368886627761 1.126769135174378
61692.1999 lsst_hardware_r 98.94926654121191 87.95999908447266 31.6299991607666 AB 9.449541656619546 1.1576064751465127
61692.2175 lsst_hardware_y -28.34624149793801 53.81999969482422 30.030000686645508 AB 6.938160442731671 1.1012953083701065
61694.2017 lsst_hardware_z 82.89815712766325 69.76000213623047 30.979999542236328 AB 8.577833469813632 1.1324121723004201
61694.2211 lsst_hardware_r 66.58503874807266 99.62999725341797 31.649999618530273 AB 7.66085386572183 1.0781962444280166
61696.2008 lsst_hardware_i 15.792466056263706 63.380001068115234 31.309999465942383 AB 6.492579257013324 1.1180287444272865
61696.2202 lsst_hardware_z -62.97024852819308 58.34000015258789 30.979999542236328 AB 5.404159007413675 1.0679276754049256
61698.2036 lsst_hardware_r 14.574486791698938 47.970001220703125 31.610000610351562 AB 2.506722983267391 1.094599024751963
61698.2219 lsst_hardware_z 88.83456603814565 48.939998626708984 30.969999313354492 AB 1.1644987563120743 1.0535272222365952
61700.1852 lsst_hardware_u 4.042280243426289 2.690000057220459 28.43000030517578 AB 3.224516248944268 1.1328003685034151
61700.2035 lsst_hardware_g -7.947257866875731 13.529999732971191 31.40999984741211 AB 3.062727892424811 1.0810899726173002
61702.1861 lsst_hardware_r 53.28877484434728 22.479999542236328 31.489999771118164 AB 2.742690026609151 1.1129917932882818
61702.2045 lsst_hardware_z 31.70503928630305 41.22999954223633 30.950000762939453 AB 2.3472958424065413 1.0664678975041078
61705.1815 lsst_hardware_r -45.918301092652044 22.59000015258789 31.489999771118164 AB 2.6616383678652897 1.1026984434449674
61705.2002 lsst_hardware_u -4.189394392071638 2.700000047683716 28.459999084472656 AB 2.602576585162872 1.0584958150130839
61707.189 lsst_hardware_g -11.271952222103078 13.4399995803833 31.389999389648438 AB 2.2495977536439016 1.070472402399827
61707.2075 lsst_hardware_r 21.336845717947497 22.149999618530273 31.489999771118164 AB 2.0812526379042176 1.0364803973626582
61711.1072 lsst_hardware_r -5.962542698409968 23.389999389648438 31.43000030517578 AB 7.749870348983974 1.3664185158358906
61711.1253 lsst_hardware_i 7.7528816311980995 31.81999969482422 31.209999084472656 AB 4.90484089758879 1.2576515122022538
61720.1317 lsst_hardware_i -43.97269225169113 57.22999954223633 31.299999237060547 AB 2.9269026513058396 1.1292062697939196
61720.1507 lsst_hardware_z 16.522717848657457 54.630001068115234 30.969999313354492 AB 3.000748488808523 1.076823620385194
61726.1192 lsst_hardware_z 57.615959082050516 49.08000183105469 30.950000762939453 AB 3.4629828724919984 1.1170912491909673
61726.1372 lsst_hardware_u 2.90578739742757 9.079999923706055 29.190000534057617 AB 2.8999870322094865 1.0703033888944404
61728.1013 lsst_hardware_r 39.48458857337212 22.8700008392334 31.469999313354492 AB 5.17842680532758 1.158743970760255
61728.1187 lsst_hardware_i -43.56782115885005 30.770000457763672 31.239999771118164 AB 4.894627214711204 1.102703962762233
61731.1017 lsst_hardware_u -1.3387677080619806 2.5 28.260000228881836 AB 4.347394799746927 1.1290956972765545
61731.1176 lsst_hardware_g 4.628775010737171 13.329999923706055 31.3700008392334 AB 4.1595188056627705 1.0841491239781331
61736.1082 lsst_hardware_r 21.18243997305479 22.25 31.489999771118164 AB 4.097321064228251 1.0740967487491337
61736.1242 lsst_hardware_u 1.183365778744793 2.630000114440918 28.420000076293945 AB 3.990023160533581 1.0429160951078844
61738.1292 lsst_hardware_u -3.086203503595695 2.6500000953674316 28.450000762939453 AB 5.191245477631365 1.0277658835144678
61738.1478 lsst_hardware_g -4.133863951553048 13.25 31.40999984741211 AB 5.097323239344929 1.0101377096829551
61742.0233 lsst_hardware_y -180.44055143517105 76.77999877929688 29.950000762939453 AB 9.143573700879891 1.3613330031846371
61742.0404 lsst_hardware_i -22.573527540351513 33.150001525878906 31.219999313354492 AB 8.45027020199853 1.2589973341040732
61744.0283 lsst_hardware_y -69.52974204919852 65.62000274658203 29.979999542236328 AB 2.8443150559742834 1.2955695832867635
61744.0491 lsst_hardware_i 0.8133915348176741 33.2599983215332 31.239999771118164 AB 1.7253329501503551 1.1923517278159053
61746.0295 lsst_hardware_y -64.28090714050278 67.2300033569336 30.0 AB 6.721174614669869 1.258882677405686
61746.0496 lsst_hardware_g 21.812091058360874 35.2400016784668 31.6299991607666 AB 5.276585047963438 1.1683553939581375
61748.0311 lsst_hardware_y -13.65160678012359 67.41999816894531 30.0 AB 6.008746202270005 1.2238603168450004
61748.0507 lsst_hardware_i -11.381394264087017 48.79999923706055 31.290000915527344 AB 6.149255393684163 1.1444023685516431
61750.0417 lsst_hardware_z -79.44367727897023 92.58999633789062 31.719999313354492 AB 11.681218584106867 1.1570145190279228
61756.0386 lsst_hardware_y 86.29847628157697 55.720001220703125 30.030000686645508 AB 11.247578752790602 1.113162433265874
61756.0609 lsst_hardware_u 4.545809070928248 2.640000104904175 28.399999618530273 AB 11.562191446318973 1.0585906243053276
61758.0388 lsst_hardware_y 70.12502881980704 55.2400016784668 30.040000915527344 AB 3.9952625864924394 1.0971977077514938
61758.0596 lsst_hardware_r 16.165379808334077 21.8799991607666 31.479999542236328 AB 4.327400091861303 1.0507223726748338
61760.0402 lsst_hardware_y 0.253769409947211 57.599998474121094 30.049999237060547 AB 4.859257839914357 1.0798350755365238
61760.0627 lsst_hardware_r 43.55920373932263 21.969999313354492 31.489999771118164 AB 4.604873202326781 1.0366082958697802
61764.0426 lsst_hardware_z 60.935884098828154 45.970001220703125 30.959999084472656 AB 7.496152060941658 1.051845471600794
61764.0637 lsst_hardware_g -16.789578176657425 13.220000267028809 31.420000076293945 AB 7.271684532251575 1.0213518234353072
61766.0441 lsst_hardware_y 51.86485458981021 52.2400016784668 30.049999237060547 AB 6.689807283141129 1.04000113224129
61766.0684 lsst_hardware_i 22.717775292323932 29.639999389648438 31.25 AB 6.379428445937336 1.0121658713955461
