data/validation/pwv_sim_epoch_fit_4/16270703.ecsv
# %ECSV 0.9
# ---
# datatype:
# - {name: time, datatype: float64}
# - {name: band, datatype: string}
# - {name: flux, datatype: float64}
# - {name: fluxerr, datatype: float64}
# - {name: zp, datatype: float64}
# - {name: zpsys, datatype: string}
# - {name: pwv, datatype: float64}
# - {name: airmass, datatype: float64}
# meta: {SNID: '16270703', alt: 1024.0, c: -0.04931522160768509, dec: -61.566963, lat: -30.244573, lon: -70.7499537, ra: 107.240257, t0: 60661.984375,
#   x0: 2.0099038726488262e-05, x1: 0.24809038639068604, z: 0.3423139750957489}
# schema: astropy-2.0
time band flux fluxerr zp zpsys pwv airmass
[from data line 132]
61062.1595 lsst_hardware_g 15.989243480910238 12.739999771118164 31.329999923706055 AB 11.981431300856476 1.1712054057533212
61062.1738 lsst_hardware_i 7.962910698077635 30.860000610351562 31.229999542236328 AB 11.474851952643165 1.1742582841427718
61064.1591 lsst_hardware_z 16.504722583577646 42.2599983215332 30.93000030517578 AB 16.607015272184764 1.1717636252070722
61064.1711 lsst_hardware_r 41.175027473678405 21.790000915527344 31.450000762939453 AB 13.496304265358878 1.175380297440355
61066.1617 lsst_hardware_y -39.81807020697471 48.33000183105469 29.989999771118164 AB 15.532810932671302 1.1738379695954129
61066.1743 lsst_hardware_g -0.22716250187806505 12.680000305175781 31.31999969482422 AB 16.48233452171834 1.1800208470689804
61070.1526 lsst_hardware_z -67.30767543214678 50.9900016784668 30.950000762939453 AB 14.11649036378056 1.1745145489458824
61070.1659 lsst_hardware_r 3.3755842426326113 57.15999984741211 31.600000381469727 AB 14.20709449335059 1.1817006461465374
61075.1574 lsst_hardware_i -8.837301580832339 55.189998626708984 31.290000915527344 AB 12.17210838511348 1.1855853493182873
61075.1692 lsst_hardware_z 17.091240078587845 54.630001068115234 30.950000762939453 AB 10.616482360469647 1.1968302080457298
61077.1169 lsst_hardware_z 15.70008499444613 48.279998779296875 30.950000762939453 AB 5.059433863379637 1.1711652461526938
61077.1279 lsst_hardware_r 89.59463338902941 47.290000915527344 31.59000015258789 AB 4.610671064652444 1.1727014153418758
61079.1547 lsst_hardware_g -11.333271129707933 27.5 31.579999923706055 AB 10.350510424326762 1.193073646974441
61079.1674 lsst_hardware_r -34.475752581268296 35.5099983215332 31.549999237060547 AB 10.94265433068229 1.2078429299108524
61081.1502 lsst_hardware_i -7.256719874400298 30.8799991607666 31.219999313354492 AB 4.169346140718078 1.194056315806714
61081.1648 lsst_hardware_z 101.29168547938195 42.970001220703125 30.93000030517578 AB 4.216201431576762 1.2117262341074182
61085.0819 lsst_hardware_r 17.749566688106828 21.940000534057617 31.450000762939453 AB 2.946306949305465 1.1728928938317935
61085.0949 lsst_hardware_u 1.198577169773362 2.5 28.270000457763672 AB 3.7347691117587836 1.1711717495781113
61087.087 lsst_hardware_g -8.224020584711926 12.850000381469727 31.350000381469727 AB 3.6838394467549103 1.171207963148012
61087.0988 lsst_hardware_i 21.742850286191953 30.8799991607666 31.229999542236328 AB 3.655939915005989 1.1722765866842437
61089.0831 lsst_hardware_z 101.21562806810137 42.599998474121094 30.93000030517578 AB 5.439117951455656 1.1711719974424524
61089.0955 lsst_hardware_r -3.9236698823611085 22.049999237060547 31.459999084472656 AB 6.522593731874186 1.1728119629370273
61091.0799 lsst_hardware_u 3.4855285906777658 2.5899999141693115 28.350000381469727 AB 3.8886324035609325 1.1712160243645195
61091.0924 lsst_hardware_g -21.35280037243219 12.829999923706055 31.350000381469727 AB 3.7434211714840306 1.173516916790113
61093.0818 lsst_hardware_r -22.54310536217933 21.790000915527344 31.450000762939453 AB 6.378540177405375 1.172148698011738
61093.0944 lsst_hardware_i -18.11480410005051 30.65999984741211 31.229999542236328 AB 7.198248635608765 1.17656891722927
61095.0779 lsst_hardware_z 35.9690748038905 43.650001525878906 30.940000534057617 AB 9.281348952945041 1.1725043418816807
61095.0907 lsst_hardware_r -46.271153230276575 26.170000076293945 31.5 AB 9.150947260469842 1.17747552139865
61102.0519 lsst_hardware_z 16.277169172755737 59.2599983215332 30.959999084472656 AB 7.3729376878368695 1.171361174787407
61102.0644 lsst_hardware_r 99.35378291717079 81.5999984741211 31.6200008392334 AB 7.391022028425005 1.1742342893224071
61104.0514 lsst_hardware_y 73.47317678083726 52.459999084472656 30.0 AB 12.541287288947805 1.1720829242007296
61104.0653 lsst_hardware_g 44.834770793413995 79.41999816894531 31.670000076293945 AB 12.594441789484602 1.1770506345312712
61108.0492 lsst_hardware_z 86.27506172873605 42.83000183105469 30.93000030517578 AB 12.591731984736626 1.1746931805709362
61108.0634 lsst_hardware_r 3.0441943555700477 22.049999237060547 31.440000534057617 AB 12.7120177606636 1.1826324600770868
61112.0503 lsst_hardware_i 3.48002448234298 30.84000015258789 31.229999542236328 AB 12.47555704480625 1.1811178267272189
61112.0643 lsst_hardware_z 26.949191408982006 42.790000915527344 30.940000534057617 AB 12.469899668574742 1.1928162297560534
61117.0354 lsst_hardware_g 8.305583325959537 18.010000228881836 32.08000183105469 AB 9.084773900105295 1.180300623633272
61117.0495 lsst_hardware_r 14.104295258463596 31.110000610351562 32.20000076293945 AB 8.265539692242156 1.1916868068399877
61119.0301 lsst_hardware_i -61.24649444746829 30.520000457763672 31.219999313354492 AB 5.610861670030122 1.1804056809320032
61119.0442 lsst_hardware_z -58.52772042106246 42.369998931884766 30.93000030517578 AB 4.531396043926162 1.1918453561089326
61121.0308 lsst_hardware_r 55.889052525250065 21.969999313354492 31.459999084472656 AB 6.242488698124508 1.1848327277219743
61121.0446 lsst_hardware_g 1.8777233987934265 12.800000190734863 31.34000015258789 AB 4.687241284834054 1.1979914254863295
61127.0326 lsst_hardware_z 18.539818568804513 67.52999877929688 31.690000534057617 AB 8.394701842510212 1.203138999022102
