data/validation/pwv_sim_epoch_fit_4/1628557.ecsv
# %ECSV 0.9
# ---
# datatype:
# - {name: time, datatype: float64}
# - {name: band, datatype: string}
# - {name: flux, datatype: float64}
# - {name: fluxerr, datatype: float64}
# - {name: zp, datatype: float64}
# - {name: zpsys, datatype: string}
# - {name: pwv, datatype: float64}
# - {name: airmass, datatype: float64}
# meta: {SNID: '1628557', alt: 1024.0, c: -0.022012459114193916, dec: -16.334824, lat: -30.244573, lon: -70.7499537, ra: 287.753906, t0: 62312.92578125,
#   x0: 6.203963063642999e-06, x1: 1.0754027366638184, z: 0.5610570311546326}
# schema: astropy-2.0
time band flux fluxerr zp zpsys pwv airmass
[from data line 132]
62705.0056 lsst_hardware_z -23.78113203681188 49.16999816894531 30.8799991607666 AB 7.002736724392504 1.6580738480438437
62710.1177 lsst_hardware_g 7.151449464816557 15.300000190734863 31.440000534057617 AB 3.9753994075807206 1.0461577388370318
62710.1373 lsst_hardware_r -15.442946554861969 24.190000534057617 31.510000228881836 AB 3.8194094415106723 1.0322728220299113
62712.119 lsst_hardware_i -28.900844093703896 31.540000915527344 31.25 AB 5.406925884277194 1.0397934392840757
62712.1382 lsst_hardware_r -23.447141962140993 24.209999084472656 31.510000228881836 AB 5.730753001339131 1.0307109714638725
62717.1077 lsst_hardware_u 1.667511111464969 2.7300000190734863 28.420000076293945 AB 1.8981926205345696 1.0379727248309336
62717.1256 lsst_hardware_g -11.547300423480594 15.25 31.459999084472656 AB 1.4673015003088292 1.0305892890667807
62721.0865 lsst_hardware_z 81.02792303195432 49.560001373291016 30.969999313354492 AB 4.608678522241962 1.047426936873173
62721.1046 lsst_hardware_r 91.7313838030895 51.220001220703125 31.639999389648438 AB 4.5467437073558585 1.0333508425808768
62724.0823 lsst_hardware_i -10.983370669808876 106.66000366210938 31.34000015258789 AB 8.428928720368438 1.0432918478021656
62724.1004 lsst_hardware_z -74.97358631400485 91.08999633789062 31.0 AB 7.721702274847835 1.0318303300391307
62732.0912 lsst_hardware_g 0.6675963112835652 21.549999237060547 32.220001220703125 AB 2.2475351972441335 1.0307036483712158
62732.1133 lsst_hardware_r -17.883731969845577 34.0099983215332 32.2599983215332 AB 2.2892452787607445 1.042263662219863
62734.06 lsst_hardware_r 22.870205141328093 24.09000015258789 31.520000457763672 AB 3.3204539340675416 1.03894053005868
62734.0803 lsst_hardware_i 36.005328629283085 31.309999465942383 31.260000228881836 AB 3.1332440099687764 1.030502881094812
62737.0589 lsst_hardware_z 37.63489853899027 41.540000915527344 30.950000762939453 AB 2.6727124070519785 1.0343314268777006
62737.0789 lsst_hardware_u 0.28243937110835715 2.7799999713897705 28.469999313354492 AB 2.662851915040588 1.0309144076812187
62739.0525 lsst_hardware_g -11.124847671502085 15.25 31.479999542236328 AB 2.0727807557075355 1.0348381206727586
62739.07 lsst_hardware_r 1.4037961235109986 24.059999465942383 31.520000457763672 AB 2.0651309253975674 1.0305044537912014
62741.0408 lsst_hardware_i 56.586867094460295 31.420000076293945 31.260000228881836 AB 3.6460515718986777 1.0390078096125417
62741.0578 lsst_hardware_z 8.655691120591191 41.66999816894531 30.950000762939453 AB 3.6081508196077836 1.0309002341736524
62743.0432 lsst_hardware_i 8.832634548504153 31.420000076293945 31.260000228881836 AB 4.300332144272128 1.0339822419504996
62743.061 lsst_hardware_u -3.0440245653244395 2.819999933242798 28.489999771118164 AB 4.290215393288021 1.030682376765814
62745.0213 lsst_hardware_u 2.5297017748562545 2.819999933242798 28.469999313354492 AB 1.8428258549709045 1.047060144869832
62745.038 lsst_hardware_g -0.12696640864992387 15.449999809265137 31.469999313354492 AB 1.8330218158730138 1.033853252043437
62750.0286 lsst_hardware_z 2.192303534757283 56.029998779296875 30.979999542236328 AB 0.925958912602702 1.0320924160535412
62750.0491 lsst_hardware_r -0.22164085756277474 62.95000076293945 31.649999618530273 AB 0.6823143111730774 1.0325058933262206
62752.0133 lsst_hardware_i -36.70947592039579 82.9800033569336 31.34000015258789 AB 2.4891451475035646 1.0371438114598186
62752.0317 lsst_hardware_z 118.37937443111755 75.87000274658203 31.0 AB 2.4731429168301804 1.0304762153459086
62754.0138 lsst_hardware_i -112.837192698015 78.81999969482422 31.34000015258789 AB 3.318432561923375 1.0336722755446086
62754.0319 lsst_hardware_z 48.82827200573993 69.83999633789062 30.989999771118164 AB 3.3047959327266785 1.030815949072576
62756.0163 lsst_hardware_g -124.29394432842395 92.54000091552734 31.739999771118164 AB 2.151698859053152 1.031000890777744
62756.035 lsst_hardware_r 70.54059673119515 86.9800033569336 31.65999984741211 AB 2.073129751195495 1.0334644821512937
62758.9923 lsst_hardware_y 4.299201260345737 48.040000915527344 30.059999465942383 AB 2.3137949685431844 1.038507616042722
62759.0102 lsst_hardware_i 36.28760665780931 31.799999237060547 31.270000457763672 AB 1.3306787578940853 1.0306683724733947
62760.9932 lsst_hardware_z 14.063022025134318 42.2400016784668 30.950000762939453 AB 6.383743503222866 1.0344188457196621
62761.0121 lsst_hardware_u -1.6599490215585808 2.8499999046325684 28.489999771118164 AB 1.7354664608554164 1.0307150472786437
62762.981 lsst_hardware_y -26.730213652527546 72.9800033569336 30.079999923706055 AB 6.298741640785889 1.0387963454746543
62763.0008 lsst_hardware_r -26.702652157455567 24.81999969482422 31.530000686645508 AB 6.080084133389913 1.0305227344728665
62765.9821 lsst_hardware_y 32.256619484632225 67.33999633789062 30.06999969482422 AB 2.054056729937485 1.0331844221511002
62766.0018 lsst_hardware_z 25.560246206418935 42.099998474121094 30.950000762939453 AB 2.6497476695656146 1.031364645954829
