data/validation/pwv_sim_epoch_fit_4/16304921.ecsv
# %ECSV 0.9
# ---
# datatype:
# - {name: time, datatype: float64}
# - {name: band, datatype: string}
# - {name: flux, datatype: float64}
# - {name: fluxerr, datatype: float64}
# - {name: zp, datatype: float64}
# - {name: zpsys, datatype: string}
# - {name: pwv, datatype: float64}
# - {name: airmass, datatype: float64}
# meta: {SNID: '16304921', alt: 1024.0, c: 0.05017345771193504, dec: -45.783966, lat: -30.244573, lon: -70.7499537, ra: 60.826271, t0: 60277.17578125,
#   x0: 2.9616410574355346e-05, x1: 0.43701690435409546, z: 0.2897678017616272}
# schema: astropy-2.0
time band flux fluxerr zp zpsys pwv airmass
60193.3519 lsst_hardware_z 77.13901210661781 135.5 31.75 AB 0.963982751817285 1.0778785894341614
60200.3476 lsst_hardware_u -2.6716167648707434 26.420000076293945 29.489999771118164 AB 2.95209521970625 1.058857682821467
60200.3595 lsst_hardware_y 10.206232196582391 99.87000274658203 30.06999969482422 AB 2.8926878748938503 1.0480753169905255
60208.3987 lsst_hardware_u -12.677008532015607 26.31999969482422 29.489999771118164 AB 3.3236591352275355 1.0514304068418112
60210.3883 lsst_hardware_g 41.28286338651743 84.66000366210938 31.729999542236328 AB 1.4740452839380662 1.0475271471785381
60210.4 lsst_hardware_r 74.63878106467564 77.22000122070312 31.649999618530273 AB 1.4809973868796327 1.0578552763425948
60214.3711 lsst_hardware_i -25.433385356040535 75.91000366210938 31.329999923706055 AB 5.023461583055605 1.0435109229448418
60214.3826 lsst_hardware_z 0.06520263441512321 90.27999877929688 31.0 AB 5.970694080100139 1.0516722780823808
60216.374 lsst_hardware_z -74.95719817867752 131.83999633789062 31.75 AB 7.2756209190731225 1.0490909979197818
60222.3772 lsst_hardware_z 20.944423604476142 131.2100067138672 31.75 AB 8.46911779329347 1.0696707032893553
60225.3626 lsst_hardware_i 92.47123996520676 78.0 31.329999923706055 AB 4.624955387890764 1.061743661131746
60225.3745 lsst_hardware_z 14.390020494635278 93.0999984741211 31.0 AB 4.653020336174067 1.077420577996052
60233.2913 lsst_hardware_u 43.11285164232064 27.229999542236328 29.520000457763672 AB 7.568393251691481 1.0381409059976427
60233.3033 lsst_hardware_g 136.3990571409284 84.80999755859375 31.729999542236328 AB 7.27534653274239 1.0379759647236795
60237.2934 lsst_hardware_z 56.21974358348324 96.5 31.0 AB 1.2130603945308223 1.0381346979302242
60237.3049 lsst_hardware_u 18.24956306920727 27.1299991607666 29.5 AB 1.2912796627124763 1.0417746371218042
60239.3424 lsst_hardware_g -4.300361573387876 81.37999725341797 31.719999313354492 AB 3.4249547175773714 1.0871434098911574
60239.3532 lsst_hardware_r -6.723312443737374 74.2699966430664 31.639999389648438 AB 3.511653212147135 1.1071949171246878
60241.3325 lsst_hardware_i -58.324297174502895 77.76000213623047 31.329999923706055 AB 3.358019125267066 1.0799804219340907
60241.3437 lsst_hardware_z 113.06583379469106 92.83000183105469 30.989999771118164 AB 3.912408724645664 1.0992485295187366
60243.3322 lsst_hardware_i 45.9074300938442 75.83999633789062 31.329999923706055 AB 1.4272095241609313 1.0883651683992865
60243.3429 lsst_hardware_z 24.064414865643233 90.27999877929688 30.989999771118164 AB 2.6416576722109792 1.1084653495535748
60245.3286 lsst_hardware_z 105.59051449049662 92.91999816894531 30.989999771118164 AB 3.0641936020552 1.0915933865121685
60245.3389 lsst_hardware_r -4.007797605511445 75.66999816894531 31.6299991607666 AB 3.6901966258738783 1.1115050077933368
60247.3324 lsst_hardware_i 15.249234880233443 77.33999633789062 31.31999969482422 AB 4.955122100582915 1.1093349976119682
60247.3437 lsst_hardware_r 54.412819992204156 75.41999816894531 31.6299991607666 AB 5.540573683820097 1.1349758314415637
60251.322 lsst_hardware_g 9.655141483616697 82.52999877929688 31.700000762939453 AB 5.3300142065945 1.1104196263738542
60251.3337 lsst_hardware_r -40.68748510679112 75.41000366210938 31.6299991607666 AB 5.550169183298487 1.137271488816837
60263.3061 lsst_hardware_z 2058.702046519584 105.61216353468708 30.989999771118164 AB 5.99495903329415 1.150737545580808
60263.3176 lsst_hardware_i 2729.4293143149775 94.90197863948275 31.299999237060547 AB 6.246692108283641 1.1845813100411455
60268.2962 lsst_hardware_g 5948.290041984487 112.56019025515086 31.670000076293945 AB 5.598040411656687 1.1611782641893147
60268.3082 lsst_hardware_r 7472.493527577956 113.88898922150939 31.600000381469727 AB 5.802520057561772 1.1985376048391507
60270.2865 lsst_hardware_i 6425.260680951232 110.29134105518949 31.31999969482422 AB 3.541758692539734 1.1494240672456948
60270.298 lsst_hardware_z 4141.3312994602975 111.74253294617061 30.979999542236328 AB 5.323654751387232 1.1830343891971626
60272.2469 lsst_hardware_i 6732.476132215654 114.50795809717268 31.329999923706055 AB 8.129167645593805 1.0785203846092233
60272.2595 lsst_hardware_z 4229.660292536048 115.30129021780895 30.989999771118164 AB 9.743180657242215 1.1000956707463456
60274.2443 lsst_hardware_r 10078.104014180553 125.83061055321258 31.639999389648438 AB 5.705692362498965 1.082982321818158
60274.2567 lsst_hardware_z 4347.449796978048 113.3516802189225 30.989999771118164 AB 5.970874800065752 1.1053081821669293
60276.2436 lsst_hardware_z 4504.452654914367 113.80006765431415 30.989999771118164 AB 4.348064409175987 1.0909708717037536
60276.2552 lsst_hardware_i 7648.69260915158 116.15446340290659 31.31999969482422 AB 4.909000580956341 1.113509762612228
60278.2456 lsst_hardware_z 4433.714191207232 114.08534486515755 30.989999771118164 AB 6.023284159280408 1.1049532196679939
60278.2576 lsst_hardware_r 9923.770662915924 126.03239915613857 31.6299991607666 AB 6.854104949498152 1.13141382461172
60280.2398 lsst_hardware_y 1021.5906818204763 106.90212374705361 30.049999237060547 AB 6.956954537902256 1.1042784980797231
60280.2513 lsst_hardware_g 7006.106635059987 116.76706159191762 31.68000030517578 AB 7.78116907294878 1.1293970302794687
60282.2683 lsst_hardware_r 9467.373786648966 121.82070411786925 31.6200008392334 AB 5.239629625617994 1.1929487251434931
60282.2802 lsst_hardware_i 7306.5157254973055 113.2826366355494 31.299999237060547 AB 5.415380236435147 1.2355889043850026
60284.2625 lsst_hardware_z 4113.804808624056 112.12717599289519 30.979999542236328 AB 6.316709248985138 1.1918319337707808
60284.2739 lsst_hardware_r 8678.409608008871 119.66995329556333 31.600000381469727 AB 6.262003245378881 1.232354351622914
60287.1836 lsst_hardware_g 4788.24540734429 108.67995176277402 31.729999542236328 AB 6.4114631338211625 1.0519649097700747
60290.1703 lsst_hardware_r 7386.605065395458 114.39046632937763 31.649999618530273 AB 13.307822042854982 1.047860003374408
60290.1838 lsst_hardware_z 3174.993088446455 107.69957300274929 31.0 AB 13.465411926833742 1.0602686556562002
60293.1729 lsst_hardware_r 5458.797749676791 76.08364854926397 31.479999542236328 AB 8.429437819824631 1.0573757009676334
60293.1863 lsst_hardware_u 9.465417427481826 4.306166740222045 28.3700008392334 AB 8.555892473350829 1.073748119930556
60295.1163 lsst_hardware_u 8.302369966715604 4.383208625191416 28.5 AB 10.033413830689575 1.0395524604409294
60295.1298 lsst_hardware_g 1857.071418096832 45.202220695015704 31.399999618530273 AB 9.731460317545855 1.037635050119513
60297.1197 lsst_hardware_r 4519.321124274816 71.99844445227642 31.540000915527344 AB 3.2111875224514153 1.0377639305562427
60297.1315 lsst_hardware_i 4007.609146872328 70.93359577267579 31.270000457763672 AB 3.592007109076991 1.038527534247052
60301.1067 lsst_hardware_i 3872.8070387170274 78.74284616966236 31.309999465942383 AB 4.410474790211428 1.0380030101697877
60301.1193 lsst_hardware_z 2429.757365114859 69.57580610076904 30.969999313354492 AB 4.43186848555992 1.0382730433547898
60303.1072 lsst_hardware_i 3626.516963403183 85.07343607539423 31.329999923706055 AB 6.234547771915033 1.0376213317658909
60303.1198 lsst_hardware_z 2471.8661079994945 73.87806272779157 30.979999542236328 AB 6.3039738400917225 1.039830736510028
60304.1071 lsst_hardware_z 2607.2125806664735 75.09070563483837 30.979999542236328 AB 7.821564947912395 1.037744257559205
60304.1189 lsst_hardware_r 3216.7939515237663 97.57325549128662 31.65999984741211 AB 7.767291024962349 1.0404944440672939
60306.1105 lsst_hardware_i 3545.493817482437 82.55126922987154 31.31999969482422 AB 5.533112438709519 1.039472560343701
60306.1233 lsst_hardware_r 2706.1334648586844 89.44800807688782 31.649999618530273 AB 5.559350225168323 1.0455802567554553
60308.1045 lsst_hardware_u 0.17031306981627578 6.691633315085935 29.020000457763672 AB 7.754292074804742 1.0393100220889284
60308.1175 lsst_hardware_g 675.4763876583726 48.30038526785709 31.690000534057617 AB 7.633592478987424 1.045363465420289
60310.1023 lsst_hardware_r 1903.735616584684 48.37863660639857 31.479999542236328 AB 7.209741349838434 1.0404132580012142
60310.1162 lsst_hardware_i 2901.4275736299883 61.82909087732026 31.239999771118164 AB 7.263817138513281 1.0482462486102206
60314.0829 lsst_hardware_i 2747.3784487479784 58.90898721715314 31.239999771118164 AB 11.007206880770461 1.0381219353739943
60314.0942 lsst_hardware_u 10.815215195388248 3.4006457003183144 28.389999389648438 AB 10.830482214068438 1.0415928268963683
60316.0874 lsst_hardware_g 375.34903342852346 22.55509046549171 31.3700008392334 AB 9.148992379707762 1.0410087761252107
60316.0998 lsst_hardware_r 1336.3427214604985 42.857690422879756 31.469999313354492 AB 9.202290558807169 1.0482361618446456
60318.0909 lsst_hardware_i 2264.3515232350373 55.926582923988406 31.25 AB 6.831579669011535 1.0458233639269066
60318.1026 lsst_hardware_r 1278.5938595158734 41.79323051563574 31.489999771118164 AB 6.9051205469330865 1.0553447267206308
60320.0785 lsst_hardware_u 10.198804671026707 3.494083886818288 28.40999984741211 AB 6.459852439567093 1.041911683801144
60320.0913 lsst_hardware_g 341.9698327043529 21.18862017627616 31.3799991607666 AB 6.029840369422902 1.0501289392934348
60322.0776 lsst_hardware_r 1177.5351577818053 39.47170133627463 31.5 AB 2.267262896083483 1.0443403482650915
60322.0907 lsst_hardware_i 1966.6669098659331 53.17363240412829 31.260000228881836 AB 3.299591474093057 1.054407160447274
60324.0679 lsst_hardware_z 1434.00987843 54.81807197156665 30.950000762939453 AB 6.199772874517064 1.0420662029610999
60324.0809 lsst_hardware_r 1008.9287934302334 38.53833239015512 31.489999771118164 AB 6.234277549030527 1.0505586298235712
60326.0708 lsst_hardware_z 1373.2761669223485 54.66672890529177 30.950000762939453 AB 2.9161860893798903 1.0470105338407436
60326.0845 lsst_hardware_g 317.55743131823584 26.17735583138353 31.540000915527344 AB 2.076011166487539 1.0591893706569078
60328.0701 lsst_hardware_r 1019.9027107920759 48.400045096788844 31.59000015258789 AB 3.8433197995570145 1.0506615089002227
60328.0834 lsst_hardware_z 1147.290335483178 55.73848162651358 30.950000762939453 AB 4.127624652450507 1.0641636229327747
60569.3622 lsst_hardware_i -76.6352377504268 52.04999923706055 31.31999969482422 AB 1.3330938591744572 1.0406665567325972
60569.3743 lsst_hardware_y 53.708792866782204 49.59000015258789 30.049999237060547 AB 1.2488917424507386 1.0377164457422008
60572.4022 lsst_hardware_z 49.87414034601497 72.02999877929688 30.989999771118164 AB 6.272138724835723 1.0514901466614792
60575.3825 lsst_hardware_z 16.56340204726489 47.130001068115234 30.959999084472656 AB 1.4635185016311474 1.0433829621895063
60575.3937 lsst_hardware_r 41.255865333129044 48.650001525878906 31.6299991607666 AB 1.5146409277624107 1.0512256294475957
60579.3821 lsst_hardware_i 9.284607453263575 31.489999771118164 31.239999771118164 AB 5.93654426188232 1.050653813087621
60579.3934 lsst_hardware_r 15.852342656745755 29.739999771118164 31.549999237060547 AB 6.03931566057776 1.0618265827658255
60581.3767 lsst_hardware_z 61.49488460235269 41.029998779296875 30.950000762939453 AB 7.56647047345179 1.050704102034594
60581.3886 lsst_hardware_u 6.038028971326365 5.070000171661377 28.8700008392334 AB 7.455841212247906 1.0625901965198916
60583.3782 lsst_hardware_g 2.702884952060692 13.8100004196167 31.40999984741211 AB 4.425341979601512 1.0571767748689709
60583.3895 lsst_hardware_r 9.052754896465922 27.459999084472656 31.530000686645508 AB 4.541443035742452 1.0705900602881782
60585.3792 lsst_hardware_i -42.09648889288387 30.790000915527344 31.260000228881836 AB 2.7935083250667003 1.0643963898139035
60585.39 lsst_hardware_z 35.118076878560004 57.47999954223633 30.979999542236328 AB 2.8069203898446347 1.0791697000555645
60587.383 lsst_hardware_i 27.61973173399897 33.88999938964844 31.270000457763672 AB 8.555493580998917 1.0768512672881716
60589.3697 lsst_hardware_g -9.491861267589687 13.100000381469727 31.399999618530273 AB 3.8381201909957725 1.0661444974988257
60589.3819 lsst_hardware_r 8.181283454741282 24.450000762939453 31.510000228881836 AB 4.21956127718058 1.0836058749821726
60591.334 lsst_hardware_i -3.5312564954067422 29.68000030517578 31.25 AB 2.9810102632202264 1.0410372841698015
60591.3466 lsst_hardware_r 43.6092512242741 21.450000762939453 31.479999542236328 AB 3.0262546510880792 1.0484771859641513
60595.3453 lsst_hardware_r -4.989840416286682 21.649999618530273 31.489999771118164 AB 5.758915762659663 1.05703736963376
60595.3571 lsst_hardware_i -10.673753686410633 30.1200008392334 31.25 AB 5.863997972766938 1.0710824632896068
60597.3517 lsst_hardware_i 8.202067913367927 29.90999984741211 31.239999771118164 AB 6.265957379436789 1.0711648605795032
60597.3633 lsst_hardware_z -103.62196537955369 41.779998779296875 30.940000534057617 AB 6.417349836038961 1.0890092206984123
60598.3456 lsst_hardware_i 33.86591082211395 45.83000183105469 31.299999237060547 AB 7.8132393640118485 1.066738788847161
60598.3577 lsst_hardware_z 51.306865841150554 48.529998779296875 30.959999084472656 AB 7.923313024031138 1.0842095477321816
60600.3397 lsst_hardware_z -154.11113265338744 61.619998931884766 30.979999542236328 AB 6.8369194838659215 1.0661862742871693
60600.3504 lsst_hardware_r 71.14261460703727 84.22000122070312 31.639999389648438 AB 7.009321125782832 1.0812682029745981
60602.3408 lsst_hardware_i -26.712230110518938 57.31999969482422 31.31999969482422 AB 0.5769317348594836 1.075028077379578
60602.3511 lsst_hardware_r -82.7189772473168 70.1500015258789 31.639999389648438 AB 0.5639602510850804 1.09153596984384
60606.3431 lsst_hardware_r 1.5609151001975772 34.84000015258789 31.56999969482422 AB 3.8972062828702008 1.096826197158396
60606.3552 lsst_hardware_i -15.104885551840976 36.880001068115234 31.260000228881836 AB 4.019109323649478 1.121768430101729
60610.3312 lsst_hardware_u 5.034740798618047 2.7899999618530273 28.5 AB 3.1778483653003615 1.0950231265930894
60610.3429 lsst_hardware_g -8.036561837324683 13.930000305175781 31.40999984741211 AB 3.746988955796194 1.1186711317499751
60612.3281 lsst_hardware_r -30.39004037590172 21.950000762939453 31.5 AB 4.86798003339941 1.0994252235106792
60612.338 lsst_hardware_z 37.841609743722316 41.959999084472656 30.950000762939453 AB 5.405864730652732 1.1199222561948896
60614.3254 lsst_hardware_i -24.830850410586613 30.420000076293945 31.25 AB 6.003517920209033 1.1048063894386253
60614.337 lsst_hardware_r 28.11615192626387 22.020000457763672 31.479999542236328 AB 5.7388013268908145 1.1302786226806554
60619.2602 lsst_hardware_g -6.432190288031593 12.770000457763672 31.389999389648438 AB 3.1639542834483536 1.0422601131375608
60619.2709 lsst_hardware_r -11.63673039378938 21.489999771118164 31.479999542236328 AB 3.236346292140484 1.0490587656857322
60621.1821 lsst_hardware_r -55.44394195126386 21.639999389648438 31.479999542236328 AB 5.579767501369713 1.0756351108682318
60621.1929 lsst_hardware_i -11.508184463738004 29.809999465942383 31.25 AB 5.5025357499168415 1.0616165953729177
60623.2754 lsst_hardware_z -11.607404858941914 41.099998474121094 30.950000762939453 AB 10.074011176753139 1.0643434946383556
60623.2867 lsst_hardware_i -21.13066264691325 30.09000015258789 31.239999771118164 AB 10.321728404114213 1.0798669646850092
60625.2329 lsst_hardware_z -35.930331979106036 44.959999084472656 30.959999084472656 AB 7.145268610413888 1.038430705158855
60627.3059 lsst_hardware_i 41.743071340613874 45.119998931884766 31.280000686645508 AB 6.758084229744984 1.141198806086689
60627.3183 lsst_hardware_r 13.084832342357691 41.099998474121094 31.579999923706055 AB 6.943516021526816 1.176086386979311
60628.3113 lsst_hardware_z 23.764357183323636 78.88999938964844 31.709999084472656 AB 6.092944218298387 1.1633676587891522
60630.2668 lsst_hardware_r -57.27715905276075 83.79000091552734 31.649999618530273 AB 4.346475108295604 1.078663632782133
