data/validation/pwv_sim_epoch_fit_4/16461551.ecsv
# %ECSV 0.9
# ---
# datatype:
# - {name: time, datatype: float64}
# - {name: band, datatype: string}
# - {name: flux, datatype: float64}
# - {name: fluxerr, datatype: float64}
# - {name: zp, datatype: float64}
# - {name: zpsys, datatype: string}
# - {name: pwv, datatype: float64}
# - {name: airmass, datatype: float64}
# meta: {SNID: '16461551', alt: 1024.0, c: 0.1177707239985466, dec: -25.778666, lat: -30.244573, lon: -70.7499537, ra: 90.0, t0: 59926.3671875,
#   x0: 1.092836498361572e-05, x1: -0.5532503128051758, z: 0.44358280301094055}
# schema: astropy-2.0
time band flux fluxerr zp zpsys pwv airmass
59842.2986 lsst_hardware_g 22.81452727386318 13.460000038146973 31.25 AB 9.91840631321508 1.4864602942250458
59842.3142 lsst_hardware_i -5.727189108813362 32.66999816894531 31.200000762939453 AB 8.802477016127465 1.3650778520745617
59844.3029 lsst_hardware_z 88.12955544410865 45.11000061035156 30.920000076293945 AB 2.7988219252613358 1.4070323880665379
59844.319 lsst_hardware_r -4.224739168001722 22.940000534057617 31.450000762939453 AB 2.573013853866156 1.2999943685063313
59850.2664 lsst_hardware_u -1.3676837605255785 2.259999990463257 27.93000030517578 AB 5.540609445760148 1.5859009958283559
59850.2837 lsst_hardware_g 16.778261440364755 13.40999984741211 31.270000457763672 AB 4.912286258447648 1.428717009655692
59856.226 lsst_hardware_i -18.510564225612562 62.68000030517578 31.889999389648438 AB 4.962367214989284 1.8999555414419556
59856.2456 lsst_hardware_z 136.29864382403113 72.66999816894531 31.639999389648438 AB 4.288143383801218 1.633941530042125
59858.2698 lsst_hardware_r -2.839093681055805 54.25 31.549999237060547 AB 8.07751953669206 1.370038649332929
59858.2891 lsst_hardware_z 37.76577090772325 50.439998626708984 30.940000534057617 AB 7.480489018557751 1.2542387623682132
59860.2711 lsst_hardware_r -31.716547587519536 76.04000091552734 31.56999969482422 AB 5.027685016635167 1.3255167457512835
59860.2895 lsst_hardware_y 27.770531690011047 53.33000183105469 29.989999771118164 AB 4.540234883506407 1.225324275865349
59862.2603 lsst_hardware_z 25.327899946966994 65.22000122070312 30.950000762939453 AB 4.389553265477156 1.3602933446717502
59862.279 lsst_hardware_r 124.74147014078821 87.29000091552734 31.610000610351562 AB 4.02250712297023 1.250034584375055
59864.2671 lsst_hardware_i 41.83058769671976 63.15999984741211 31.280000686645508 AB 6.987351338611467 1.2844986145707922
59864.2856 lsst_hardware_z 81.78108778931885 58.4900016784668 30.959999084472656 AB 6.532243961295857 1.1939216744429935
59867.2645 lsst_hardware_r 41.230450000355745 52.93000030517578 31.579999923706055 AB 7.909343736782611 1.254389469779437
59867.2834 lsst_hardware_z -2.866706282720107 51.16999816894531 30.950000762939453 AB 7.386510573801775 1.169677050483258
59871.2636 lsst_hardware_z 0.9566557215795364 42.880001068115234 30.940000534057617 AB 4.45376908000969 1.206438576977794
59871.282 lsst_hardware_r 37.60686466494034 22.15999984741211 31.479999542236328 AB 4.0999764110093295 1.1355178390904717
59873.2603 lsst_hardware_u -4.267172166156479 2.609999895095825 28.34000015258789 AB 2.3618357822654468 1.1970278915059698
59873.2784 lsst_hardware_g -0.20071184174071074 13.199999809265137 31.3799991607666 AB 2.2333459011274317 1.1294260530796822
59875.242 lsst_hardware_g 11.151180092954533 13.289999961853027 31.31999969482422 AB 4.47905319531093 1.2578076931513171
59875.2608 lsst_hardware_r 34.6979022197499 22.530000686645508 31.459999084472656 AB 4.313800560136652 1.1726267237882555
59877.2417 lsst_hardware_i 6.103876708772991 31.31999969482422 31.219999313354492 AB 5.541277980265201 1.231942636786394
59877.26 lsst_hardware_z 36.84707963664979 42.209999084472656 30.940000534057617 AB 4.389220757259023 1.1550580940155326
59879.2592 lsst_hardware_u 0.553142303873089 2.619999885559082 28.3799991607666 AB 3.729531828435973 1.13873039390446
59879.2766 lsst_hardware_r 15.483942071944162 21.90999984741211 31.479999542236328 AB 3.581433831001631 1.08764503649389
59881.2586 lsst_hardware_i 2.3210237273573653 30.8700008392334 31.25 AB 2.9235988857105153 1.122949447171403
59881.2751 lsst_hardware_z 19.787568094865485 41.619998931884766 30.950000762939453 AB 2.8415992322537327 1.0779966738443598
59883.2415 lsst_hardware_z -26.12462270270527 42.31999969482422 30.940000534057617 AB 4.439810320184032 1.1628882209365574
59883.2598 lsst_hardware_r 3.4483265408789743 22.040000915527344 31.489999771118164 AB 4.192415385732601 1.103267206771737
59885.1648 lsst_hardware_r -13.991318033250945 39.16999816894531 31.459999084472656 AB 6.445040211260652 1.652574413143757
59885.1829 lsst_hardware_i 5.861491593541244 39.7599983215332 31.209999084472656 AB 5.2225404286630805 1.47176001934976
59896.1938 lsst_hardware_r 69.25772680647083 50.75 31.579999923706055 AB 5.240530126165031 1.213366549239676
59896.211 lsst_hardware_i 28.428413692847492 50.04999923706055 31.290000915527344 AB 7.656174429719192 1.1448485128551884
59901.2021 lsst_hardware_r -11.738349142283669 22.17237050103473 31.469999313354492 AB 6.368173738860009 1.1289586914612435
59901.2203 lsst_hardware_z -27.92649011564972 41.474648331299214 30.940000534057617 AB 4.9369116177136405 1.0784581110182165
59903.2042 lsst_hardware_r 40.40555689668508 22.900844777466112 31.479999542236328 AB 5.561887831970997 1.106072950576076
59903.2215 lsst_hardware_u -3.012841345117442 2.812777084478076 28.440000534057617 AB 5.231462905969225 1.063683811512067
59909.2267 lsst_hardware_u 6.112965791242321 3.540302530467054 28.360000610351562 AB 5.395129525538077 1.0277089705132767
59909.2441 lsst_hardware_r 905.9852045647536 36.49097985398169 31.479999542236328 AB 5.341320055531471 1.0106565857202403
59911.1866 lsst_hardware_u 10.608403201610896 3.9035123772118907 28.43000030517578 AB 3.562235256314004 1.0944447507747077
59911.204 lsst_hardware_g 368.0163985871572 22.44832412988689 31.399999618530273 AB 3.508402696473161 1.0550264968717895
59913.2109 lsst_hardware_z 1034.1138255031472 52.4342830311967 30.959999084472656 AB 5.642850048745846 1.034341499174383
59913.2268 lsst_hardware_r 1874.024025260005 47.986070616376395 31.5 AB 5.555255677719246 1.0157407912940875
59915.1205 lsst_hardware_r 2351.513129483449 65.04146001005037 31.549999237060547 AB 8.385159825817572 1.3282720108484591
59915.1373 lsst_hardware_i 1748.1416592011826 58.082022771565164 31.260000228881836 AB 7.975842181102461 1.235096605755814
59917.1485 lsst_hardware_z 3430.653135804749 92.82389181014936 31.709999084472656 AB 3.7378542506199786 1.1635343970801488
59919.1409 lsst_hardware_z 1982.3387106611872 75.58875246167169 30.969999313354492 AB 6.285738930963341 1.1717287596164812
59919.1616 lsst_hardware_r 3881.1121669557124 102.28627626103047 31.639999389648438 AB 6.014761745566545 1.1030188420257738
59923.1254 lsst_hardware_z 2384.3155672805183 78.60177970220258 30.969999313354492 AB 8.886080367021274 1.1902063175757809
59923.1479 lsst_hardware_g 1460.0671923569944 93.36640751061194 31.700000762939453 AB 8.297342085676402 1.110953595332911
59926.1528 lsst_hardware_z 2579.1401197171563 93.38220120500661 31.0 AB 11.144920080903432 1.0766825073730915
59926.173 lsst_hardware_r 4668.610409560958 98.96690542822569 31.65999984741211 AB 11.509013464560944 1.0379233859008126
59928.1517 lsst_hardware_u 2.1166824176181795 22.93463261831221 29.459999084472656 AB 8.406632530892002 1.0669396598145051
59928.1748 lsst_hardware_g 1335.5726541545623 84.91989999244102 31.729999542236328 AB 8.195154644798551 1.0277382445034091
59930.1302 lsst_hardware_g 1115.7753089326268 82.08836733076643 31.700000762939453 AB 10.395106633351443 1.1068731164114278
59930.1523 lsst_hardware_r 4339.229863136456 96.42151248038581 31.649999618530273 AB 9.89246273959485 1.0546897744650292
59932.139 lsst_hardware_i 3057.3474685423303 89.64292417563576 31.329999923706055 AB 3.6983341713936695 1.0708169877356517
59932.1612 lsst_hardware_z 2603.3083520340706 93.71299292639063 31.0 AB 3.5952918062476535 1.0312776783786743
59934.0326 lsst_hardware_y 706.1314064488627 78.22091500766508 29.860000610351562 AB 7.354847915756653 1.6344106479459228
59934.0546 lsst_hardware_i 2850.7614132059593 85.29867249418328 31.260000228881836 AB 6.288458655115597 1.4268440989541316
59938.0344 lsst_hardware_y 421.0454997075964 78.83555491428062 29.899999618530273 AB 8.477553030298873 1.505247342027499
59938.0565 lsst_hardware_g 483.5438249423059 75.23228692497696 31.600000381469727 AB 9.526276744056732 1.335896332079194
59941.0356 lsst_hardware_y 574.7610564705756 79.36750672480012 29.940000534057617 AB 8.256295483511929 1.4259577691732486
59941.0567 lsst_hardware_i 2334.737387561496 81.88774389253017 31.280000686645508 AB 7.964662742090478 1.2854523470128376
59943.0463 lsst_hardware_z 2952.5430917648973 122.99355139843779 31.709999084472656 AB 11.158863578403192 1.3143537783749342
59945.0372 lsst_hardware_y 594.7669001217783 79.86341496768722 29.959999084472656 AB 9.165210419905717 1.3370948753759488
59945.0588 lsst_hardware_r 1786.3402234479263 81.3861521602403 31.600000381469727 AB 8.400531960211898 1.2189169680216922
59947.0393 lsst_hardware_y 524.0500231021446 82.34830678089676 29.989999771118164 AB 7.280905445368394 1.2912268579682382
59947.0619 lsst_hardware_z 1409.8307535336041 86.83248381245743 30.979999542236328 AB 8.049980894938631 1.1818509682301992
59949.0398 lsst_hardware_y 604.5121077105256 81.20314897270069 29.989999771118164 AB 12.970142539212674 1.258626156158435
59949.0624 lsst_hardware_z 1349.2820896387607 85.42426250274909 30.979999542236328 AB 12.319616684535132 1.1587844315980937
59951.0399 lsst_hardware_y 598.458332324404 82.78883382180751 30.010000228881836 AB 11.960927517605766 1.2307696877118606
59951.063 lsst_hardware_r 1058.3883357798484 78.63136383044767 31.6299991607666 AB 11.191553574013472 1.137439700588306
59953.0408 lsst_hardware_y 495.1112030682251 81.9646221763194 30.020000457763672 AB 8.226436764268119 1.2016706168133644
59953.0632 lsst_hardware_r 1012.2179618068068 77.32208260639766 31.6299991607666 AB 9.521420965870963 1.119289298495803
59957.0385 lsst_hardware_y 320.20286370400424 84.04534531780624 30.030000686645508 AB 4.438918777065974 1.1664993282408833
59957.0544 lsst_hardware_i 1199.8460917927637 77.98110599052691 31.31999969482422 AB 2.2758937601609346 1.112906484186292
59962.0389 lsst_hardware_y 553.4764331615274 82.84752451264224 30.040000915527344 AB 8.157228954860523 1.1184500395147157
59962.0568 lsst_hardware_r 623.6016376328304 74.95490296076458 31.639999389648438 AB 4.178657232070379 1.0714505723257384
59964.0383 lsst_hardware_y 555.6120683313105 84.3478226326074 30.049999237060547 AB 9.835469945794383 1.1042198169033606
59964.0559 lsst_hardware_g 118.220097692767 76.79390593226312 31.719999313354492 AB 8.695869268831343 1.0617126848041523
59968.0394 lsst_hardware_y 400.31445798115027 83.36591477351668 30.059999465942383 AB 15.765695452504126 1.0737380271405126
59968.0568 lsst_hardware_u 14.88425220018645 23.16486605367533 29.489999771118164 AB 13.474658074028689 1.0402932253018633
59973.0362 lsst_hardware_z 630.178032347454 81.07572455392834 30.989999771118164 AB 13.39302622285313 1.0522284071143424
59973.0535 lsst_hardware_r 331.1980732154037 72.6881450440755 31.649999618530273 AB 12.970578604195826 1.0257746563132673
59975.0374 lsst_hardware_y 349.16506338783546 83.05916225356293 30.06999969482422 AB 8.891028431369868 1.040748584855274
59975.0558 lsst_hardware_z 529.2313871612804 81.91171569911427 31.0 AB 9.179859899507244 1.0173280766340382
60204.3392 lsst_hardware_g -91.30605723730133 71.5 31.6299991607666 AB 1.4559758308326374 1.26716782491893
60204.3572 lsst_hardware_r 97.58949397267585 68.94999694824219 31.610000610351562 AB 1.5176364935176099 1.1828811329048132
60208.2968 lsst_hardware_g 202.8033395612808 69.31999969482422 31.530000686645508 AB 4.615569690917771 1.484344650560763
60208.3128 lsst_hardware_r 11.067806666269679 68.54000091552734 31.559999465942383 AB 4.13993641994258 1.3607021922574938
60210.3252 lsst_hardware_z 194.21852172954294 78.62000274658203 30.969999313354492 AB 2.5830117658149487 1.2546505237719967
60210.3423 lsst_hardware_r 132.71685936573706 70.93000030517578 31.6200008392334 AB 2.067863635081623 1.1769286483105423
60214.2888 lsst_hardware_z -60.77293079207725 76.68000030517578 30.940000534057617 AB 5.408813742798077 1.4156727646479002
60214.3039 lsst_hardware_i -2.8284891244255603 67.37000274658203 31.270000457763672 AB 5.681038887612708 1.3127256152536173
60216.2586 lsst_hardware_z 62.30939864830875 75.66000366210938 30.90999984741211 AB 7.433156832791962 1.649247133967749
60216.2778 lsst_hardware_r -125.29714802164321 67.69000244140625 31.540000915527344 AB 6.719508450762703 1.4600221157592606
60225.2636 lsst_hardware_z -46.81096021766996 76.77999877929688 30.940000534057617 AB 5.232738977235947 1.3800630269633267
60225.282 lsst_hardware_r -38.857029924356965 69.08000183105469 31.59000015258789 AB 4.699429281237102 1.2664649518245874
60228.2654 lsst_hardware_u 11.060068912050527 20.100000381469727 29.200000762939453 AB 5.493169275120394 1.3144173739071732
60228.2828 lsst_hardware_g 41.03053846883833 73.04000091552734 31.649999618530273 AB 5.166720639814549 1.2215672875140298
60234.2355 lsst_hardware_u 28.356945641391636 19.31999969482422 29.1200008392334 AB 7.334460135429619 1.4058095999673428
60234.2531 lsst_hardware_g 66.16972118489448 72.12999725341797 31.6200008392334 AB 7.7828202357876854 1.290380132216757
60237.2338 lsst_hardware_r -17.714356626706724 97.5999984741211 32.31999969482422 AB 1.509081895438048 1.3595332391335033
60237.2527 lsst_hardware_i 65.53720264401517 96.68000030517578 32.040000915527344 AB 1.5767905820649573 1.2484486002097839
60239.2466 lsst_hardware_r -93.40242729780132 68.68000030517578 31.59000015258789 AB 3.046864638236131 1.2517074857528703
60239.2638 lsst_hardware_i 137.08886508364537 67.52999877929688 31.299999237060547 AB 3.332577189361497 1.1742696227489418
60241.2616 lsst_hardware_r 33.261566453204196 70.08999633789062 31.6200008392334 AB 3.467090341364652 1.1617637690264666
60241.2787 lsst_hardware_z -68.61129158156707 78.43000030517578 30.989999771118164 AB 3.2744600952379592 1.1058006738013033
60243.2514 lsst_hardware_z 151.51169005661384 110.16999816894531 31.729999542236328 AB 1.6522199573566894 1.1801571123976353
60245.26 lsst_hardware_z -19.57069936492864 79.29000091552734 30.989999771118164 AB 2.4868402530782716 1.1293552466295511
60245.2766 lsst_hardware_r 0.7948225421124698 71.72000122070312 31.639999389648438 AB 2.404966007105532 1.0825865438242321
60247.2445 lsst_hardware_r 0.5020085767693973 70.93000030517578 31.6200008392334 AB 5.8596034137100785 1.1644680869853097
60247.2618 lsst_hardware_y 69.03840545783724 82.22000122070312 30.049999237060547 AB 3.8716034392583234 1.1072796909073748
60249.2486 lsst_hardware_g 111.74336953429852 73.33999633789062 31.68000030517578 AB 5.544553770118472 1.13090689309438
60249.2671 lsst_hardware_r -8.287885917832552 69.66999816894531 31.6299991607666 AB 5.424465443415477 1.0791734692958275
60251.1645 lsst_hardware_r -80.59173681809033 65.06999969482422 31.479999542236328 AB 6.405966066078877 1.6326478802341884
60251.1815 lsst_hardware_g -27.349277207790553 68.5999984741211 31.540000915527344 AB 5.430447379210056 1.4663014389658584
60263.1944 lsst_hardware_i 54.855323580441556 68.18000030517578 31.299999237060547 AB 4.47433513208753 1.1899827478956198
60263.2108 lsst_hardware_u -8.368702761522007 22.020000457763672 29.399999618530273 AB 8.526880638821932 1.1295377717340749
60265.2011 lsst_hardware_g -38.300376519225665 73.37999725341797 31.68000030517578 AB 2.5614084253843337 1.1436986457530047
60265.219 lsst_hardware_r -5.809136149181315 69.69000244140625 31.6299991607666 AB 6.074169694039967 1.0900748699426306
60268.2076 lsst_hardware_i 7.0909473134264465 68.81999969482422 31.31999969482422 AB 5.563763618890436 1.0985448767061796
60268.2255 lsst_hardware_r 27.420339321316035 70.95999908447266 31.649999618530273 AB 5.186507846643753 1.0570148971607993
60270.206 lsst_hardware_z 98.36391482118819 112.19999694824219 31.739999771118164 AB 4.056515852470667 1.0884131613819874
60272.2069 lsst_hardware_r 2.776102462657425 71.81999969482422 31.649999618530273 AB 8.426476330175843 1.0731630578420583
60272.225 lsst_hardware_i -115.03235832934057 70.12999725341797 31.329999923706055 AB 7.790973177845394 1.0387964237127192
60274.206 lsst_hardware_z 12.022267159911047 78.5999984741211 30.989999771118164 AB 4.9428508940499105 1.0632835710705386
