data/validation/pwv_sim_epoch_fit_4/16476504.ecsv
# %ECSV 0.9
# ---
# datatype:
# - {name: time, datatype: float64}
# - {name: band, datatype: string}
# - {name: flux, datatype: float64}
# - {name: fluxerr, datatype: float64}
# - {name: zp, datatype: float64}
# - {name: zpsys, datatype: string}
# - {name: pwv, datatype: float64}
# - {name: airmass, datatype: float64}
# meta: {SNID: '16476504', alt: 1024.0, c: 0.025542931631207466, dec: -7.933337, lat: -30.244573, lon: -70.7499537, ra: 304.804688, t0: 61946.625,
#   x0: 4.78439721368815e-06, x1: -0.8455995917320251, z: 0.62486332654953}
# schema: astropy-2.0
time band flux fluxerr zp zpsys pwv airmass
[from data line 132]
62361.152 lsst_hardware_r 45.1653716006478 24.350000381469727 31.510000228881836 AB 3.5242967855467824 1.0817362754901112
62363.1252 lsst_hardware_z 38.2975944896294 42.529998779296875 30.950000762939453 AB 3.676860423596322 1.0893594322187459
62363.147 lsst_hardware_g -19.645021646170957 15.930000305175781 31.469999313354492 AB 3.602302751678051 1.0817725981015167
62365.122 lsst_hardware_r 42.40978728074961 35.27000045776367 31.59000015258789 AB 4.426867746902542 1.0876824930964477
62365.1418 lsst_hardware_z 11.480485108549665 44.790000915527344 30.959999084472656 AB 4.587901828808935 1.0817971772716188
62368.1055 lsst_hardware_r 55.21072313035829 84.30000305175781 31.639999389648438 AB 2.299261604112873 1.094886478148987
62368.125 lsst_hardware_y 79.1759377715454 55.189998626708984 30.040000915527344 AB 1.9483748431263397 1.082430468403522
62370.1385 lsst_hardware_z -110.92000419982703 102.41000366210938 31.0 AB 2.182731560873234 1.0849465135646927
62370.1563 lsst_hardware_r 205.09806065326057 147.7899932861328 31.649999618530273 AB 2.2110328802431995 1.1005639025600795
62372.0986 lsst_hardware_r -65.51500932135707 132.33999633789062 31.649999618530273 AB 3.1490214147639524 1.0910424997016726
62373.0652 lsst_hardware_z -51.16631520964623 75.0199966430664 30.979999542236328 AB 4.770633315594354 1.138372204401206
62379.0787 lsst_hardware_r 44.50000004476997 23.969999313354492 31.5 AB 4.254609251594898 1.091741922787101
62379.0942 lsst_hardware_z 10.129305534994927 42.189998626708984 30.940000534057617 AB 3.6278935442777094 1.082630123628084
62381.0851 lsst_hardware_r -38.33132865226218 23.81999969482422 31.5 AB 3.1635344698185537 1.0838971458948905
62381.102 lsst_hardware_u 5.5150588377831085 2.7200000286102295 28.40999984741211 AB 3.1648079641945017 1.0824790665355724
62384.0593 lsst_hardware_u -0.39273634917567357 2.75 28.420000076293945 AB 1.300605575894864 1.0976346375088522
62384.0779 lsst_hardware_g -2.4790825070115776 15.069999694824219 31.450000762939453 AB 1.2830441729599251 1.0834996534496202
62386.0581 lsst_hardware_r -27.20219971791393 23.899999618530273 31.5 AB 2.298130433200471 1.0931332328526102
62386.0766 lsst_hardware_i -24.955123155597125 31.56999969482422 31.25 AB 2.3499461418487155 1.082259506531493
62388.0572 lsst_hardware_z 32.49278302854819 42.27000045776367 30.940000534057617 AB 2.8256353326730537 1.0891566231554877
62388.0745 lsst_hardware_r 16.074892801584188 23.860000610351562 31.5 AB 2.7635407414697446 1.0817617724959856
62391.0543 lsst_hardware_u -0.6189317807010614 2.9800000190734863 28.540000915527344 AB 3.1447539650599374 1.0856145559885864
62391.0734 lsst_hardware_g 13.49407593735909 15.569999694824219 31.469999313354492 AB 3.078007085291078 1.082185843470538
62399.9974 lsst_hardware_r -111.14984936690145 107.19999694824219 31.639999389648438 AB 3.851356435159021 1.1258532818979547
62400.0061 lsst_hardware_i 35.82381653753986 85.51000213623047 31.329999923706055 AB 4.3309751991918315 1.110506461331239
62405.0269 lsst_hardware_u 4.7467068237579255 2.799999952316284 28.459999084472656 AB 3.635496703518263 1.0818857365891072
62405.0454 lsst_hardware_g -0.005452287524235051 15.029999732971191 31.440000534057617 AB 3.203054417372749 1.0863335314134006
62407.9961 lsst_hardware_y 42.40529871318674 49.27000045776367 30.030000686645508 AB 4.157454206668947 1.0950755186800265
62408.0146 lsst_hardware_r -5.912540719873828 24.1200008392334 31.5 AB 3.6946087983178835 1.0827485671677033
62409.9974 lsst_hardware_y -5.841675032224178 48.75 30.030000686645508 AB 2.9991420267561417 1.0889471806692792
62410.0166 lsst_hardware_r -9.719089200260267 24.18000030517578 31.5 AB 6.5894126378007485 1.0816797304261214
62411.9973 lsst_hardware_z 60.21923310560814 44.290000915527344 30.959999084472656 AB 2.6916736568858055 1.0854252262459951
62412.0159 lsst_hardware_g 5.908247984185162 15.300000190734863 31.440000534057617 AB 2.227164693677484 1.0821547687629758
62414.9915 lsst_hardware_y -138.54586794669623 60.34000015258789 30.040000915527344 AB 3.6168090927283107 1.0842295556517545
62415.0097 lsst_hardware_i -13.993750597985823 32.0 31.25 AB 3.6850611817946395 1.082620922037336
62416.9924 lsst_hardware_y -46.757808076863064 61.15999984741211 30.049999237060547 AB 4.805183407210505 1.0821672713484618
62417.0118 lsst_hardware_r 8.546980623540776 24.6200008392334 31.510000228881836 AB 4.942462246345083 1.0858378088307619
62418.9934 lsst_hardware_y -128.4520987597102 61.66999816894531 30.049999237060547 AB 3.2007309539518443 1.081723926195458
62419.0124 lsst_hardware_g -18.161741442872188 15.75 31.450000762939453 AB 2.616210985682279 1.0900879107009496
