data/validation/pwv_sim_epoch_fit_4/1648493.ecsv
# %ECSV 0.9
# ---
# datatype:
# - {name: time, datatype: float64}
# - {name: band, datatype: string}
# - {name: flux, datatype: float64}
# - {name: fluxerr, datatype: float64}
# - {name: zp, datatype: float64}
# - {name: zpsys, datatype: string}
# - {name: pwv, datatype: float64}
# - {name: airmass, datatype: float64}
# meta: {SNID: '1648493', alt: 1024.0, c: -0.11645647883415222, dec: -54.148899, lat: -30.244573, lon: -70.7499537, ra: 74.378235, t0: 61428.51953125,
#   x0: 2.498182826649553e-06, x1: 0.9080320596694946, z: 0.8131600022315979}
# schema: astropy-2.0
time band flux fluxerr zp zpsys pwv airmass
61313.3924 lsst_hardware_z -27.719103551584848 63.220001220703125 30.979999542236328 AB 3.47358950233041 1.0958559830681947
61315.3905 lsst_hardware_i 61.07730570529576 48.36000061035156 31.299999237060547 AB 2.2975101102688287 1.0972309198562225
61326.3673 lsst_hardware_i 7.55091348351566 30.670000076293945 31.239999771118164 AB 6.006729926052221 1.1007384874568849
61326.3791 lsst_hardware_z 60.685577046256014 52.72999954223633 30.969999313354492 AB 6.231440640954403 1.109521153947565
61328.3668 lsst_hardware_r -14.464314424668286 22.170000076293945 31.469999313354492 AB 6.48106704637822 1.1040059699136733
61328.3781 lsst_hardware_u -2.735670654555994 9.15999984741211 29.15999984741211 AB 7.89953751457732 1.1137612813108355
61332.3588 lsst_hardware_i 25.560822131474005 30.579999923706055 31.25 AB 4.22575367943123 1.1062182406888634
61332.37 lsst_hardware_z -13.430153277802074 46.08000183105469 30.950000762939453 AB 4.246473318245769 1.1167093228206522
61334.3624 lsst_hardware_r 30.88611488887033 22.389999389648438 31.479999542236328 AB 2.7988623110750726 1.114455577293721
61334.3741 lsst_hardware_g -12.550637527280212 28.239999771118164 31.610000610351562 AB 2.829498866519911 1.128264318410279
61337.3568 lsst_hardware_r -14.526757925229742 43.18000030517578 31.59000015258789 AB 3.98673263966689 1.1172012441269132
61337.3676 lsst_hardware_i 24.809193912960886 35.34000015258789 31.25 AB 4.028581045761215 1.1305653075101632
61340.3518 lsst_hardware_z -34.41095489785264 56.63999938964844 30.969999313354492 AB 3.4400008209562816 1.120825681549698
61340.3617 lsst_hardware_i 33.25954299059412 60.720001220703125 31.309999465942383 AB 3.456228028858953 1.133809085464938
61345.1274 lsst_hardware_z -40.56737166382677 46.43000030517578 30.90999984741211 AB 6.892517887454989 1.4948799842661151
61345.1401 lsst_hardware_u 1.0506232605802381 2.509999990463257 28.219999313354492 AB 6.572131804139409 1.4228473271572655
61345.1759 lsst_hardware_g -9.309519757252946 12.970000267028809 31.34000015258789 AB 5.642339646645474 1.2698915143055944
61345.1912 lsst_hardware_r 5.5516303728826975 22.299999237060547 31.459999084472656 AB 5.42643570185345 1.2224914283452553
61348.1957 lsst_hardware_i 64.64392865232114 53.86000061035156 32.43000030517578 AB 5.543071430215241 1.1898407477566686
61348.2126 lsst_hardware_z 19.50925406274512 73.55999755859375 32.13999938964844 AB 6.43625681127668 1.1546926464434595
61355.3306 lsst_hardware_u 0.3367990230259336 2.569999933242798 28.350000381469727 AB 2.2450759104917775 1.1494543444791079
61355.3412 lsst_hardware_r -30.373755454742348 22.18000030517578 31.459999084472656 AB 2.8555649192973784 1.1694747289023768
61360.3238 lsst_hardware_z -100.06950322962147 42.43000030517578 30.93000030517578 AB 5.665939903540066 1.1620057226292178
61360.3354 lsst_hardware_r -1.3543667200496903 22.149999618530273 31.450000762939453 AB 4.725926090963321 1.1865739024053197
61362.3175 lsst_hardware_u -4.465018778231537 2.5299999713897705 28.309999465942383 AB 5.337034499932917 1.1603930641976716
61362.3295 lsst_hardware_g -14.201180430335352 12.800000190734863 31.34000015258789 AB 5.399062336794404 1.1855648521726843
61363.3106 lsst_hardware_r 31.44410943636993 21.799999237060547 31.450000762939453 AB 7.179847579274737 1.1526947749186816
61363.3222 lsst_hardware_i 27.006870552593558 30.780000686645508 31.219999313354492 AB 7.391743985580208 1.1754383375336261
61365.2965 lsst_hardware_i -14.188332594823095 30.399999618530273 31.219999313354492 AB 4.718857671454133 1.1383770994401994
61365.3089 lsst_hardware_z -60.7831311013809 42.38999938964844 30.93000030517578 AB 4.772980387256554 1.1596162262528074
61367.3175 lsst_hardware_z 66.65865701183705 53.290000915527344 30.950000762939453 AB 7.729098307823896 1.1893970209527331
61367.3295 lsst_hardware_r 31.50949621038921 51.540000915527344 31.59000015258789 AB 7.789966924055957 1.220041804863893
61369.2994 lsst_hardware_z 63.2013351319273 58.790000915527344 30.959999084472656 AB 7.971372830565933 1.1623465778019733
61369.3116 lsst_hardware_i 33.201206728509554 62.88999938964844 31.299999237060547 AB 8.115981307939832 1.188371228924656
61371.2718 lsst_hardware_r 12.603699909021314 57.540000915527344 31.6200008392334 AB 4.940030149291027 1.1265961305135468
61371.2844 lsst_hardware_z -26.522378422336132 50.77000045776367 30.959999084472656 AB 5.032808962303516 1.145208350038725
61373.3012 lsst_hardware_y -60.16926264849964 70.16999816894531 30.75 AB 5.329282383039407 1.1895940883660947
61375.2952 lsst_hardware_r 31.81026857407822 29.940000534057617 31.530000686645508 AB 8.23713069505903 1.1883333534587937
61375.3067 lsst_hardware_i 67.16659603178087 34.540000915527344 31.239999771118164 AB 8.524335204524686 1.2174143394064811
61378.2869 lsst_hardware_i -24.106092321881324 31.06999969482422 31.229999542236328 AB 5.216470858482605 1.1880817321171482
61378.2981 lsst_hardware_z -22.619899945772225 43.18000030517578 30.93000030517578 AB 4.4014921314616755 1.2163017979859552
61380.2854 lsst_hardware_r -5.035558131336644 22.09000015258789 31.459999084472656 AB 6.18262993549808 1.1975651992829444
61380.2974 lsst_hardware_u -0.4095695613109427 2.5399999618530273 28.299999237060547 AB 5.372082805707229 1.229661300304945
61382.1928 lsst_hardware_i -16.09543357566812 30.209999084472656 31.239999771118164 AB 4.898943154453138 1.0935751223735248
61382.2053 lsst_hardware_u 2.219060598811811 2.5899999141693115 28.3799991607666 AB 4.911411823334473 1.096358462712011
61384.1935 lsst_hardware_g 4.517799126038441 12.770000457763672 31.389999389648438 AB 10.63266370330959 1.094477212164517
61384.2051 lsst_hardware_r 9.032782139574664 21.65999984741211 31.479999542236328 AB 10.625914073280095 1.0986642157449693
61386.1936 lsst_hardware_i -9.344848849366539 29.93000030517578 31.239999771118164 AB 13.920190911722157 1.0960780245450519
61386.2051 lsst_hardware_r 4.071363970847345 21.540000915527344 31.469999313354492 AB 13.9925485453844 1.1017754760145198
61391.1938 lsst_hardware_r 9.798030515784292 21.690000534057617 31.479999542236328 AB 9.439125567137516 1.1033460627864509
61391.2065 lsst_hardware_i -7.135220733101394 30.309999465942383 31.239999771118164 AB 9.486153380683998 1.1142156371380412
61393.1939 lsst_hardware_z 21.265294529747052 45.35965736952248 30.959999084472656 AB 5.631053157379593 1.1076029027105647
61393.2057 lsst_hardware_r 14.454915053162498 33.67038148994768 31.56999969482422 AB 5.809644512768497 1.1192482364696565
61395.1735 lsst_hardware_i -74.46909695528218 48.19080129898751 31.299999237060547 AB 5.270001031435415 1.0979168815490448
61395.1853 lsst_hardware_z 33.77463192930669 50.21254595617771 30.959999084472656 AB 5.431970567450021 1.105107263145756
61404.1738 lsst_hardware_g 42.8807888470865 19.271876911416832 31.5 AB 10.38973762753699 1.117176088982472
61404.1878 lsst_hardware_r 142.54383577093887 30.002426073566355 31.520000457763672 AB 10.556275123376526 1.1350833465996264
61406.1797 lsst_hardware_i 293.73803832080307 34.682647101299175 31.239999771118164 AB 7.9175569178160705 1.1313009714495652
61406.1914 lsst_hardware_r 171.67277413348035 25.832886740058115 31.459999084472656 AB 8.050480971176688 1.1495793178299365
61408.1747 lsst_hardware_u -2.1489901825380646 4.132582981463526 29.100000381469727 AB 4.2978254082902065 1.1319499780405267
61408.1892 lsst_hardware_g 65.24628024978578 19.294512169170932 32.099998474121094 AB 4.361377174233496 1.1553827120579707
61410.1088 lsst_hardware_r 356.8463983107136 28.542562283637544 31.469999313354492 AB 11.44049373822163 1.0937374510728142
61410.1223 lsst_hardware_g 22.160782546733106 14.148985049710062 31.360000610351562 AB 11.403460452988728 1.0944520237688338
61412.1164 lsst_hardware_r 372.09809398351445 29.994034107275592 31.469999313354492 AB 9.600100899371508 1.0943611619149034
61412.129 lsst_hardware_i 490.38735561701384 37.98232081804518 31.239999771118164 AB 8.751545552348512 1.0988651943934513
61416.1037 lsst_hardware_u 5.479230816849944 3.011374981029905 28.440000534057617 AB 6.217961640521916 1.0940374136574147
61416.1186 lsst_hardware_g 151.38898155857675 17.70404593762227 31.3700008392334 AB 6.359061899479349 1.0991378272369494
61419.0976 lsst_hardware_r 736.5384646502387 35.241235704763696 31.489999771118164 AB 7.49612140470271 1.0944308066044364
61419.1102 lsst_hardware_i 879.6210786227059 42.18246619131147 31.239999771118164 AB 7.441906295629251 1.0990311552076195
61421.1038 lsst_hardware_z 1134.6191645821436 69.40596503122832 31.700000762939453 AB 4.096517015139222 1.0985564535101158
61425.0743 lsst_hardware_r 788.0897777081148 65.16270743291611 31.6299991607666 AB 8.988457394030293 1.0935417319244032
61425.0884 lsst_hardware_i 953.8574602520409 58.68118180644961 31.309999465942383 AB 8.372699584701405 1.0965848642416953
61427.074 lsst_hardware_z 691.8160944582224 61.55278507260275 30.969999313354492 AB 11.816280821065563 1.0941000760245891
61427.0881 lsst_hardware_i 1024.7152684053144 68.34556326953317 31.309999465942383 AB 12.333834235318006 1.0989049324261506
61429.0782 lsst_hardware_u -23.319388012742976 14.19593096970865 29.34000015258789 AB 14.212172567915493 1.096872159289613
61429.0933 lsst_hardware_g 257.4166026010226 73.19043225931313 31.700000762939453 AB 14.370739372652382 1.1057746402559008
61431.0712 lsst_hardware_r 639.1791356734684 32.802735533699355 31.479999542236328 AB 13.089038378652234 1.0962802779557128
61431.0843 lsst_hardware_i 938.9439431694594 48.331440563279585 31.280000686645508 AB 15.080317749720345 1.1031822687221506
61433.0668 lsst_hardware_z 560.3131858633483 47.52725125743964 30.940000534057617 AB 12.7862402168242 1.0966841252958353
61433.0795 lsst_hardware_u -1.2387624261668226 2.6749324081919843 28.389999389648438 AB 12.903808713189585 1.1036442621612665
61435.0673 lsst_hardware_g 163.42586648682817 22.266965553120592 32.13999938964844 AB 12.354060912037403 1.0994580974536023
61435.0802 lsst_hardware_r 1053.0820090070279 44.319434543875964 32.22999954223633 AB 12.297791823257793 1.1084667353630844
61437.0655 lsst_hardware_i 1505.9465656685009 58.29271674772172 32.0 AB 8.929619408633002 1.1015948197711187
61437.0787 lsst_hardware_z 1197.7186340157336 67.02051957857871 31.690000534057617 AB 9.029413014963021 1.112076567277578
61439.064 lsst_hardware_i 742.9190833334497 40.73444287928011 31.25 AB 8.671088725525697 1.1042807762776052
61439.0768 lsst_hardware_u 1.8655365560716608 2.825426118279678 28.5 AB 8.745434953187559 1.1156670327778904
61678.3203 lsst_hardware_z 42.88709008966813 59.619998931884766 31.690000534057617 AB 4.227526760465763 1.135744982326755
61678.3362 lsst_hardware_y 69.62485778414444 67.77999877929688 30.770000457763672 AB 3.612492027039134 1.1155979289842402
61692.3602 lsst_hardware_y 55.83968746264447 50.63999938964844 30.030000686645508 AB 5.929371058477669 1.0980316774958645
61692.3724 lsst_hardware_g 33.79808366685615 46.68000030517578 31.68000030517578 AB 5.97044790094584 1.1056385001751554
61694.3616 lsst_hardware_r 111.7191123813224 75.26000213623047 31.639999389648438 AB 8.052178813661202 1.1018558369322238
61694.3729 lsst_hardware_i 87.88921794298767 62.63999938964844 31.309999465942383 AB 8.127259394238846 1.1107112581243441
61696.3647 lsst_hardware_z -13.044488761617794 52.43000030517578 30.969999313354492 AB 7.106773834301148 1.1082688240626466
61696.3755 lsst_hardware_r -35.00015812087086 62.529998779296875 31.6299991607666 AB 6.7217024643998045 1.1190248411203736
61698.3621 lsst_hardware_z 75.11903131045675 47.349998474121094 30.950000762939453 AB 0.670197860607124 1.1108251833282492
61698.3733 lsst_hardware_r -26.978677925489453 49.15999984741211 31.610000610351562 AB 0.5996142682034877 1.122873161431493
61700.3605 lsst_hardware_i 60.934231026712396 35.93000030517578 31.260000228881836 AB 3.487330059921872 1.1146080894676378
61700.3722 lsst_hardware_z 12.635999238022897 58.220001220703125 30.969999313354492 AB 3.519872573286171 1.1284656927448853
61707.3606 lsst_hardware_i -52.32541158170893 32.810001373291016 31.239999771118164 AB 4.0958813824333715 1.139327227380763
61709.3533 lsst_hardware_r -2.8841673643630172 22.139999389648438 31.469999313354492 AB 5.424056423871412 1.1365230851483932
61709.3636 lsst_hardware_g 3.6245284754686367 21.229999542236328 31.540000915527344 AB 5.522306060240697 1.153484294567098
61711.3312 lsst_hardware_r -12.323358629255047 21.59000015258789 31.459999084472656 AB 3.3665719843068898 1.1153744840332047
61711.3425 lsst_hardware_u 1.9950068761092759 2.619999885559082 28.3700008392334 AB 2.934810108742243 1.12891785180494
61724.3315 lsst_hardware_y 32.41963002193076 74.58999633789062 30.760000228881836 AB 6.167871138810092 1.1705961546422645
61728.3236 lsst_hardware_i -15.622949754425006 40.2400016784668 31.270000457763672 AB 7.405355286957243 1.176994522502898
61728.3356 lsst_hardware_z -78.56341059033777 47.400001525878906 30.940000534057617 AB 7.019773799897699 1.2053700450565055
61729.3215 lsst_hardware_r -24.212641184064324 34.59000015258789 31.549999237060547 AB 5.687973971607474 1.1783662671655193
61729.333 lsst_hardware_z -32.182199841869775 45.65999984741211 30.93000030517578 AB 5.877011188703449 1.2057056394796106
61731.3147 lsst_hardware_g -8.059065852281298 18.200000762939453 31.479999542236328 AB 5.289608873708797 1.1754686386019548
61731.3272 lsst_hardware_i -15.784870186870362 32.22999954223633 31.229999542236328 AB 5.421756559163077 1.2048347909251282
61736.2695 lsst_hardware_i -46.12204725299057 30.360000610351562 31.229999542236328 AB 4.915391387879616 1.122833637679041
61736.283 lsst_hardware_r -7.252633116569048 21.780000686645508 31.459999084472656 AB 5.016715129766216 1.1418276948806894
61738.2973 lsst_hardware_g -8.52815193216141 12.770000457763672 31.34000015258789 AB 5.282574304438916 1.1791899187705457
61738.3091 lsst_hardware_r 4.754022386117428 22.1200008392334 31.450000762939453 AB 5.425282900378105 1.2074519604684384
61740.3 lsst_hardware_i 73.65819153222678 30.8799991607666 31.219999313354492 AB 8.267789754560773 1.1982303992117063
61740.3111 lsst_hardware_z 22.32693935213524 43.209999084472656 30.93000030517578 AB 8.48564796115421 1.2278466157073797
61742.2966 lsst_hardware_r -5.009086150852936 22.190000534057617 31.450000762939453 AB 7.393852796351667 1.2033972487114506
61742.3086 lsst_hardware_u -1.3091236891684248 2.549999952316284 28.290000915527344 AB 7.599904741782395 1.2365159708045004
61744.2848 lsst_hardware_u 4.189046772548016 2.509999990463257 28.290000915527344 AB 3.7775574632314863 1.187973414717133
61744.2965 lsst_hardware_g -3.1995853390458713 12.699999809265137 31.31999969482422 AB 3.7637191128869887 1.2175395431900877
61746.2911 lsst_hardware_r -23.974958459853045 22.030000686645508 31.450000762939453 AB 5.596276994746863 1.2177070107700563
61746.303 lsst_hardware_z -4.968499446191191 43.369998931884766 30.93000030517578 AB 5.247176826827417 1.2529574147716025
61754.1969 lsst_hardware_i -64.8068685472152 57.209999084472656 31.309999465942383 AB 8.773622946129567 1.1013401963088958
61754.2098 lsst_hardware_z -69.75073497633011 55.189998626708984 30.969999313354492 AB 8.969392561866721 1.111422659518288
61756.1983 lsst_hardware_i 9.763710666756795 44.93000030517578 31.290000915527344 AB 9.489656069919443 1.106181677973999
61756.2124 lsst_hardware_z -45.88656929870657 48.52000045776367 30.959999084472656 AB 9.467898852088519 1.119887101536315
61758.1939 lsst_hardware_g -22.42240507219234 26.8700008392334 31.600000381469727 AB 5.628175744705163 1.1070369285417152
61758.2062 lsst_hardware_r 36.413052657139154 34.09000015258789 31.56999969482422 AB 5.748143659095591 1.1190415948920684
61760.181 lsst_hardware_r 17.367503951656293 21.6200008392334 31.469999313354492 AB 5.2849668523845015 1.1016467869061635
61760.1941 lsst_hardware_i -65.87193727915862 30.299999237060547 31.239999771118164 AB 5.293493138517541 1.1120783904446683
61764.1753 lsst_hardware_z 6.238552404524527 58.70000076293945 31.690000534057617 AB 7.498011834600495 1.105290117501337
