data/validation/pwv_sim_epoch_fit_4/1664531.ecsv
# %ECSV 0.9
# ---
# datatype:
# - {name: time, datatype: float64}
# - {name: band, datatype: string}
# - {name: flux, datatype: float64}
# - {name: fluxerr, datatype: float64}
# - {name: zp, datatype: float64}
# - {name: zpsys, datatype: string}
# - {name: pwv, datatype: float64}
# - {name: airmass, datatype: float64}
# meta: {SNID: '1664531', alt: 1024.0, c: -0.15532951056957245, dec: -37.356377, lat: -30.244573, lon: -70.7499537, ra: 227.8125, t0: 62068.23046875,
#   x0: 0.0002632591699091242, x1: -0.796464204788208, z: 0.10797806084156036}
# schema: astropy-2.0
time band flux fluxerr zp zpsys pwv airmass
61811.3204 lsst_hardware_r -70.70217151335645 80.4800033569336 31.600000381469727 AB 3.657410123967295 1.247269565977263
61811.3403 lsst_hardware_i -56.950217905676936 62.279998779296875 31.299999237060547 AB 3.9964706290064216 1.1666540381948831
61813.3293 lsst_hardware_z 89.67749875851146 83.76000213623047 31.709999084472656 AB 7.20866203520995 1.186855243500313
61817.3246 lsst_hardware_z -7.969192495391023 57.900001525878906 30.969999313354492 AB 5.858775149980751 1.1642842063388095
61817.3444 lsst_hardware_r -23.19197824379596 61.970001220703125 31.6200008392334 AB 3.9132458354895663 1.1048124888451345
61823.3036 lsst_hardware_i -44.74617129519878 32.77000045776367 31.239999771118164 AB 13.220566231873823 1.1808557918740437
61823.3222 lsst_hardware_r 32.54483341349527 24.510000228881836 31.5 AB 12.536464323989478 1.1204776622415407
61825.3017 lsst_hardware_u 0.6795006926009466 2.740000009536743 28.389999389648438 AB 11.592492209147576 1.167989676997623
61825.3233 lsst_hardware_g -14.446781813600957 15.010000228881836 31.440000534057617 AB 10.923622239075453 1.1029227088447335
61829.3279 lsst_hardware_r 8.703777417235376 23.670000076293945 31.5 AB 5.610646241529866 1.0681858622617388
61829.3478 lsst_hardware_u 3.1920878188628277 2.6500000953674316 28.3700008392334 AB 4.889722385932531 1.0361227707649587
61829.3899 lsst_hardware_r 1.1395799042545394 24.6299991607666 31.520000457763672 AB 4.781304681667644 1.0080760450490498
61829.4008 lsst_hardware_y 4.873225725458556 66.44999694824219 30.079999923706055 AB 4.756548029652014 1.0089545421025272
61831.3828 lsst_hardware_z 0.5423640391333359 41.150001525878906 30.950000762939453 AB 3.1030753577730334 1.0082285298588363
61831.396 lsst_hardware_y -47.6940797154377 55.150001525878906 30.06999969482422 AB 3.062155174927262 1.0091135854102034
61833.379 lsst_hardware_u 1.973916588281955 2.7200000286102295 28.40999984741211 AB 6.945216385091662 1.0080749515706071
61833.3911 lsst_hardware_y 31.564397809617777 47.91999816894531 30.049999237060547 AB 6.870103739910861 1.009258063033976
61835.374 lsst_hardware_r 3.040388245347268 23.260000228881836 31.5 AB 7.204757183326548 1.0080460573404413
61835.3865 lsst_hardware_y 95.8062272710524 47.04999923706055 30.049999237060547 AB 7.493579558895607 1.0094968926518324
61837.3875 lsst_hardware_z 137.75965914108505 58.97999954223633 31.700000762939453 AB 8.601573308189959 1.0119498009635246
61839.3043 lsst_hardware_i 56.11416560329443 53.43000030517578 31.309999465942383 AB 9.1699556987389 1.061214639363385
61839.3251 lsst_hardware_z -31.825398008192106 51.08000183105469 30.969999313354492 AB 8.891416832054787 1.0305304626860101
61844.3554 lsst_hardware_z -10.642176093942497 68.2699966430664 30.989999771118164 AB 9.107743576447959 1.0082000933302784
61844.3666 lsst_hardware_i -40.175127891317224 77.05000305175781 31.34000015258789 AB 9.116900901020504 1.0111539318666682
61846.2418 lsst_hardware_r -73.01394939420729 71.16999816894531 31.610000610351562 AB 9.718753918318727 1.1772102980733097
61846.2593 lsst_hardware_z -72.6411390907136 59.400001525878906 30.969999313354492 AB 8.85422141606194 1.1207875210204987
61848.3656 lsst_hardware_i 13.740817574425815 51.90999984741211 32.029998779296875 AB 6.65758935820794 1.016710431653838
61848.3783 lsst_hardware_r 36.83005816222136 49.90999984741211 32.34000015258789 AB 6.471510631658045 1.0279717728492495
61852.3639 lsst_hardware_r 1.250201610340462 23.209999084472656 31.5 AB 6.228431471446949 1.0244130709616823
61852.3754 lsst_hardware_i -50.953998846436896 30.760000228881836 31.25 AB 6.588107699877086 1.0375789747030484
61854.3135 lsst_hardware_r -11.408744427422354 22.81999969482422 31.5 AB 6.194221482285671 1.009570773740623
61854.3257 lsst_hardware_i -21.138202461387227 30.309999465942383 31.25 AB 6.189249992073958 1.0080211713475375
61862.2595 lsst_hardware_i 12.49697917697826 30.549999237060547 31.25 AB 8.167569612496063 1.0338695712020332
61862.277 lsst_hardware_z -9.482379035647634 40.83000183105469 30.950000762939453 AB 8.033775497289934 1.0169336072518904
61864.2989 lsst_hardware_g -40.439560444696276 14.199999809265137 31.43000030517578 AB 7.047589401633969 1.008046543573086
61864.3113 lsst_hardware_r 20.246877865208532 22.790000915527344 31.489999771118164 AB 6.93995575427266 1.0108694534286964
61866.293 lsst_hardware_i -9.47320710382926 30.389999389648438 31.260000228881836 AB 16.797476443448993 1.0080249909803611
61866.3043 lsst_hardware_z 10.871471768438418 40.7599983215332 30.950000762939453 AB 16.904870931207853 1.0102864700188323
61872.2803 lsst_hardware_z -86.20190748742195 82.37999725341797 31.010000228881836 AB 6.009399869470949 1.0083731637672537
61872.2916 lsst_hardware_r -274.5797624735617 126.95999908447266 31.670000076293945 AB 5.917969686953175 1.011791705753663
61876.1329 lsst_hardware_i 39.35639566015884 40.77000045776367 31.25 AB 21.666646690991747 1.2974039934725599
61876.1435 lsst_hardware_z -43.06873767945498 48.66999816894531 30.940000534057617 AB 20.786606063936823 1.2447069499363368
61878.1746 lsst_hardware_i -10.032398867254459 31.440000534057617 31.25 AB 14.363259692113736 1.1134309838847858
61878.1957 lsst_hardware_z -27.529938853544618 41.970001220703125 30.950000762939453 AB 13.740632423820324 1.065165304172118
61880.1651 lsst_hardware_r -21.958740294141194 23.65999984741211 31.489999771118164 AB 7.188029122101548 1.1247111754187995
61880.1834 lsst_hardware_u -3.5350427932726056 2.7799999713897705 28.469999313354492 AB 3.4162472507153527 1.0789568892902812
61883.276 lsst_hardware_u 3.680155291715571 2.690000057220459 28.420000076293945 AB 5.7736526269007005 1.0214033424166824
61883.2883 lsst_hardware_g 29.094231054374127 14.369999885559082 31.43000030517578 AB 5.881348097362984 1.0344166202784166
61885.2233 lsst_hardware_u 0.6586313842913436 2.7899999618530273 28.510000228881836 AB 12.848020941214708 1.0116551922216306
61885.2342 lsst_hardware_g -2.7841305063707087 14.529999732971191 31.459999084472656 AB 12.806537994256127 1.0083888184453644
61888.1578 lsst_hardware_u 3.066542700900968 2.619999885559082 28.329999923706055 AB 2.255088409796256 1.0872699151253593
61888.1782 lsst_hardware_g 8.375603256979655 14.65999984741211 31.43000030517578 AB 2.365911559866873 1.0482550110176665
61888.2169 lsst_hardware_r -33.29708999770749 23.09000015258789 31.5 AB 2.1380347966107816 1.0108911567899674
61888.2287 lsst_hardware_i -31.463775531916806 30.489999771118164 31.25 AB 2.1757118342468913 1.0080907375173827
61889.2673 lsst_hardware_u -3.5205472107844384 2.690000057220459 28.420000076293945 AB 10.973713449448882 1.0289946504242
61889.2815 lsst_hardware_g -5.685661631576243 14.640000343322754 31.440000534057617 AB 11.16087657946313 1.0477974585831558
61891.1655 lsst_hardware_z -28.975618484424434 41.97999954223633 30.959999084472656 AB 9.823776876270276 1.0556295838317526
61891.1851 lsst_hardware_r 21.810825528067035 23.610000610351562 31.520000457763672 AB 9.878939879503815 1.0283421109823818
61899.0691 lsst_hardware_z -119.9285239938084 142.2899932861328 31.719999313354492 AB 11.604834533980569 1.3028161138344805
61903.1933 lsst_hardware_r 15.003537757228841 75.4000015258789 31.65999984741211 AB 5.963641103360114 1.008109726155426
61903.2063 lsst_hardware_i 10.559531991047754 62.380001068115234 31.329999923706055 AB 6.004236729471709 1.011495405908342
61908.1936 lsst_hardware_z -30.03326218200873 41.0099983215332 30.950000762939453 AB 7.401755234676844 1.011929077131336
61908.207 lsst_hardware_u 3.1129936294820566 2.700000047683716 28.420000076293945 AB 7.588356784159265 1.0207636244497262
61910.2022 lsst_hardware_g 16.461057913419857 14.789999961853027 31.459999084472656 AB 8.262587440862044 1.021333429031129
61910.2136 lsst_hardware_r 53.418251775539844 23.610000610351562 31.520000457763672 AB 7.7404664536716385 1.033210205161954
61912.0535 lsst_hardware_i 21.2040701948484 32.540000915527344 31.229999542236328 AB 6.0965240560105345 1.208628591973012
61912.0725 lsst_hardware_z -37.79054110841127 42.970001220703125 30.940000534057617 AB 5.812197322882527 1.1403918880736885
61926.0442 lsst_hardware_z 79.92686669573436 71.08000183105469 30.989999771118164 AB 10.589221159532586 1.1116709001661422
61926.0945 lsst_hardware_r -95.54384777723969 131.64999389648438 32.40999984741211 AB 9.198022465421884 1.0233290337943872
61926.1376 lsst_hardware_z 75.17572743427864 67.55999755859375 30.989999771118164 AB 8.396000451248971 1.0093773083973274
61950.0353 lsst_hardware_z 66.44514497857142 58.40999984741211 31.690000534057617 AB 4.428327913646523 1.0179869152650343
61950.0446 lsst_hardware_r -31.025552357802095 36.369998931884766 32.279998779296875 AB 3.518021793657148 1.0122347269910696
61957.9664 lsst_hardware_y -95.22079841271855 60.630001068115234 30.040000915527344 AB 4.441873966049819 1.087894676965381
61957.9873 lsst_hardware_r 141.13534151517524 104.66000366210938 31.65999984741211 AB 4.258155753007816 1.047903470655301
61959.9761 lsst_hardware_z 65.4619942855969 76.69000244140625 31.729999542236328 AB 3.183103745337262 1.0573631818421356
61964.026 lsst_hardware_z 23.55616412314531 40.77000045776367 30.950000762939453 AB 5.7936653539904635 1.008061481381011
61964.0381 lsst_hardware_r 27.856314200392777 22.940000534057617 31.510000228881836 AB 5.861694148788189 1.0108111999979632
61964.9654 lsst_hardware_y 18.774065583322894 50.09000015258789 30.049999237060547 AB 8.922242737957145 1.052358097655649
61964.9873 lsst_hardware_i -30.244846624108202 30.770000457763672 31.260000228881836 AB 8.605383358685636 1.024003414226207
61965.0302 lsst_hardware_u 0.9141418545998916 2.7300000190734863 28.469999313354492 AB 7.006365474873954 1.0091386388824035
61965.0422 lsst_hardware_g -14.164900504447232 14.40999984741211 31.450000762939453 AB 7.294929690227488 1.0141706784689815
61976.0069 lsst_hardware_i -28.088772386754492 30.56999969482422 31.25 AB 5.247485454583937 1.0114659704286693
61976.0188 lsst_hardware_r -13.425516804992013 23.170000076293945 31.510000228881836 AB 5.278933312988235 1.0187057724793969
61978.0087 lsst_hardware_u 4.8351445121010315 2.890000104904175 28.440000534057617 AB 4.550529365218429 1.0154031831347605
61978.0207 lsst_hardware_g -18.627354058720222 15.930000305175781 31.469999313354492 AB 4.625848855564221 1.025232459123276
62180.323 lsst_hardware_g 31.846502715601 15.430000305175781 31.43000030517578 AB 6.798901899793847 1.1927898069813767
62180.3433 lsst_hardware_i 36.204060961009375 32.22999954223633 31.25 AB 6.288947995172972 1.1245995282400383
62186.3237 lsst_hardware_r 13.69485945826087 34.83000183105469 32.2599983215332 AB 2.943458548011342 1.134098653913505
62186.3454 lsst_hardware_i -14.50419373668727 45.060001373291016 32.0099983215332 AB 3.363989999686702 1.078489981197981
62190.3024 lsst_hardware_r 3.161761286108775 24.34000015258789 31.489999771118164 AB 12.889639427504893 1.1680158966521583
62190.3248 lsst_hardware_u 1.2897543577196766 2.8399999141693115 28.489999771118164 AB 12.080455876808408 1.1009255332915553
62202.3096 lsst_hardware_z 25.985929857617386 47.36000061035156 30.959999084472656 AB 9.50754971177447 1.0628106396140928
62202.331 lsst_hardware_r 28.94724877395993 42.119998931884766 31.6200008392334 AB 9.227424927395873 1.0308436278464148
62204.3212 lsst_hardware_z 20.715034701768445 41.810001373291016 30.950000762939453 AB 7.460200836317358 1.0361390050440775
62204.3558 lsst_hardware_i -119.39441360521052 45.040000915527344 32.0099983215332 AB 6.891538971640149 1.0093918839444396
62204.3822 lsst_hardware_u -2.2883692927983947 3.640000104904175 28.65999984741211 AB 7.599247128985387 1.011704153144425
62211.217 lsst_hardware_u 3.5469753872779193 2.569999933242798 28.229999542236328 AB 10.713271252970184 1.2895126688697702
62211.2376 lsst_hardware_g -7.936103636950725 14.510000228881836 31.389999389648438 AB 9.958549031519453 1.1957911901440266
62218.2486 lsst_hardware_i -26.76746458561745 31.469999313354492 31.260000228881836 AB 7.1430320970364525 1.1003245807426913
62218.2674 lsst_hardware_z -26.742959441255838 41.689998626708984 30.959999084472656 AB 6.488057206981244 1.0601111963695833
62218.3105 lsst_hardware_i 13.260240986399635 30.579999923706055 31.270000457763672 AB 6.26315656372691 1.0120637575708022
62218.3238 lsst_hardware_u -5.363304338710898 2.869999885559082 28.579999923706055 AB 6.232012993942787 1.0081988234376897
62220.2631 lsst_hardware_z 18.073274559540728 41.72999954223633 30.950000762939453 AB 6.852185318478491 1.0580483024093406
62220.2821 lsst_hardware_g -4.365316296476284 14.630000114440918 31.459999084472656 AB 6.7369118227085405 1.030568447606635
62224.2836 lsst_hardware_z 8.578352681906551 109.18000030517578 32.18000030517578 AB 8.143839956580448 1.018648482639278
62224.3219 lsst_hardware_r -24.696907860970125 86.77999877929688 31.670000076293945 AB 7.492350169400026 1.009569282617668
62226.1657 lsst_hardware_r 44.52859734070838 130.05999755859375 31.59000015258789 AB 6.797354736193851 1.3478791862371309
62226.1853 lsst_hardware_i 73.7182714428544 99.91000366210938 31.299999237060547 AB 5.737066138915355 1.2440556147922257
62228.3159 lsst_hardware_r -1.599852406864328 90.52999877929688 31.670000076293945 AB 8.922816485633392 1.0113609754097033
62228.3285 lsst_hardware_z 31.291189218500993 69.7699966430664 30.989999771118164 AB 8.979167396930057 1.0190667974649656
62234.1574 lsst_hardware_r 1.143753196259934 24.280000686645508 31.459999084472656 AB 9.506026260399706 1.2731569356994181
62234.1767 lsst_hardware_u -1.290571874069168 2.680000066757202 28.350000381469727 AB 10.163424698325832 1.188472971934418
62234.299 lsst_hardware_r -6.811301679291366 23.850000381469727 31.520000457763672 AB 10.058068560256087 1.0111406228109363
62234.311 lsst_hardware_u -2.045814323587731 3.009999990463257 28.520000457763672 AB 10.14380637444668 1.0181988832568971
62236.2946 lsst_hardware_r -14.296012871148896 22.969999313354492 31.510000228881836 AB 5.3480774447419686 1.0116002165303766
62236.3067 lsst_hardware_i 1.5822502512759333 30.549999237060547 31.260000228881836 AB 5.269257526555879 1.0191001888706854
62238.1646 lsst_hardware_z 50.16161053339909 43.72999954223633 30.93000030517578 AB 7.515973481783021 1.1930116637750827
62238.2104 lsst_hardware_r 13.427399035291668 33.08000183105469 32.25 AB 7.253845755863678 1.0645242640377173
62238.2501 lsst_hardware_i -19.267842329892847 30.43000030517578 31.260000228881836 AB 5.998414167578682 1.0153036844242862
62242.1658 lsst_hardware_u -2.6249788723166687 2.75 28.43000030517578 AB 19.202404260635202 1.149844566505102
62242.2326 lsst_hardware_r -35.01241681911708 33.11000061035156 32.2599983215332 AB 16.63173446887216 1.0201431896670718
62242.2924 lsst_hardware_u -2.590168947941103 2.799999952316284 28.510000228881836 AB 17.39502471360324 1.0208148146712648
62244.2853 lsst_hardware_g -11.29155293243871 14.520000457763672 31.450000762939453 AB 13.029383833899992 1.019453774927136
62244.297 lsst_hardware_i 28.128535136724928 30.790000915527344 31.260000228881836 AB 13.274679058671461 1.030909582604566
62248.2279 lsst_hardware_r -44.06843404722146 23.25 31.510000228881836 AB 8.472143763378542 1.0124051499755278
62248.2406 lsst_hardware_u 0.9159905823297312 2.799999952316284 28.520000457763672 AB 8.421672886996587 1.0083621823946742
62250.2646 lsst_hardware_r -58.824296017252244 34.54999923706055 31.59000015258789 AB 8.58623233082218 1.0162424347049568
62250.2766 lsst_hardware_i -13.763307608164736 36.810001373291016 31.290000915527344 AB 8.65214776305542 1.0265144067533918
62254.1623 lsst_hardware_r 7.073169285173855 141.6300048828125 31.65999984741211 AB 2.230969009782554 1.0731832004085349
62254.1825 lsst_hardware_i -22.092340913229236 108.56999969482422 31.350000381469727 AB 2.385643374959211 1.03904328177666
62259.2202 lsst_hardware_r 15.377009748834638 50.40999984741211 31.639999389648438 AB 11.929657823144183 1.0082821092951837
