data/validation/pwv_sim_epoch_fit_4/1664772.ecsv
# %ECSV 0.9
# ---
# datatype:
# - {name: time, datatype: float64}
# - {name: band, datatype: string}
# - {name: flux, datatype: float64}
# - {name: fluxerr, datatype: float64}
# - {name: zp, datatype: float64}
# - {name: zpsys, datatype: string}
# - {name: pwv, datatype: float64}
# - {name: airmass, datatype: float64}
# meta: {SNID: '1664772', alt: 1024.0, c: -0.032291922718286514, dec: -62.696659, lat: -30.244573, lon: -70.7499537, ra: 53.209457, t0: 61311.73828125,
#   x0: 4.0137854980290136e-06, x1: 1.0499293804168701, z: 0.6709527969360352}
# schema: astropy-2.0
time band flux fluxerr zp zpsys pwv airmass
61272.3678 lsst_hardware_g -1.437830894029655 12.920000076293945 31.34000015258789 AB 3.1892386792802108 1.2296255028711776
61272.3908 lsst_hardware_y 49.18887659715721 49.099998474121094 30.0 AB 1.9400446374307914 1.2021965220330233
61297.2493 lsst_hardware_i 1581.1006045671452 60.09782739150667 31.959999084472656 AB 1.6284406188566984 1.3390863719783719
61297.2668 lsst_hardware_z 581.1712178568793 49.762393377789685 30.920000076293945 AB 2.6379251720454078 1.2924670122711455
61297.3266 lsst_hardware_r 865.1668742202135 36.80345105956387 31.450000762939453 AB 1.935077335836975 1.1986851140844363
61297.3421 lsst_hardware_y 187.42865360467508 50.47259292790824 29.989999771118164 AB 1.7515588199181031 1.188706358953415
61299.3967 lsst_hardware_u -1.2972559659662075 5.83512836608264 29.3700008392334 AB 5.162542669610052 1.2007774855658757
61305.3846 lsst_hardware_z 774.3190358362234 51.90002017234156 30.93000030517578 AB 1.686657609270275 1.2047554351930536
61305.3974 lsst_hardware_r 1324.8240352557466 46.18636679297623 31.510000228881836 AB 1.7069573248851142 1.219255232060796
61307.3843 lsst_hardware_y 356.92285707408837 52.967047817244584 29.979999542236328 AB 4.543719938605599 1.2101258242507753
61307.3975 lsst_hardware_g 368.6960364790003 33.82305947606839 31.559999465942383 AB 4.65940792724752 1.2268056680483204
61309.3748 lsst_hardware_r 1440.23329010028 87.52459129034563 31.600000381469727 AB 5.039125005163304 1.2058688641558277
61309.3867 lsst_hardware_i 1461.7157331911455 71.93922692674238 31.290000915527344 AB 3.965540566180646 1.2195409224543248
61311.3799 lsst_hardware_i 1452.2112017863835 69.06098211923988 31.290000915527344 AB 4.871322213939654 1.2178305534849134
61311.3924 lsst_hardware_z 877.6298113941382 74.31665497137055 30.969999313354492 AB 4.94219709664646 1.235549274161615
61317.3542 lsst_hardware_r 1118.0229947568484 42.73654701200624 31.5 AB 2.837987247399645 1.2071404710334517
61317.3663 lsst_hardware_z 780.6817182611927 52.424667931967036 30.93000030517578 AB 2.9078322765276 1.221436128476903
61319.3521 lsst_hardware_r 982.4089731142186 38.87806499291819 31.459999084472656 AB 7.553599099327379 1.210755215279784
61319.3637 lsst_hardware_u 3.2823084712301633 2.7341765720883586 28.309999465942383 AB 7.596614006085405 1.2253426718598999
61321.3463 lsst_hardware_g 109.2700193595973 17.33900275775356 31.34000015258789 AB 5.349873826094016 1.2103786936862022
61321.3585 lsst_hardware_r 958.2456885687604 37.656062164737854 31.450000762939453 AB 5.402926560337795 1.2257092922726394
61323.3474 lsst_hardware_i 1005.7361660672209 44.23904662872079 31.219999313354492 AB 3.6545050897843865 1.2181683632614622
61323.358 lsst_hardware_z 789.4387132610043 51.26505977259947 30.93000030517578 AB 3.699021269776777 1.2330070899255923
61326.3428 lsst_hardware_g 97.29295407270457 15.803691396207704 31.329999923706055 AB 6.660830272114116 1.2228812347444906
61326.3546 lsst_hardware_i 843.0360894152427 43.1872065113295 31.219999313354492 AB 6.790743057422393 1.2406582730286173
61328.3433 lsst_hardware_z 680.4277243437214 50.650417080021874 30.93000030517578 AB 7.255708496485226 1.2314160319890333
61328.3546 lsst_hardware_r 704.5538531719187 34.09326704702628 31.440000534057617 AB 7.342560505390535 1.2501167115672558
61330.3408 lsst_hardware_u 1.8538106391750178 2.6600263432099163 28.34000015258789 AB 6.050700953491749 1.2359930452276695
61330.3515 lsst_hardware_g 58.61257194637965 15.245494144296284 31.31999969482422 AB 6.1256078794281414 1.2544549132743603
61332.3152 lsst_hardware_g 70.10530570718664 15.38774112709743 31.350000381469727 AB 4.595032739616655 1.209219142004383
61332.3255 lsst_hardware_r 571.2431315807274 32.230843853249624 31.459999084472656 AB 4.64227142279606 1.221650374420016
61337.3164 lsst_hardware_r 406.3313595962173 66.99722700187006 31.600000381469727 AB 4.044566915042613 1.227983073082195
61337.3271 lsst_hardware_z 571.9669181632773 59.338301858617186 30.950000762939453 AB 3.9661100560189544 1.2449533252825722
61340.3121 lsst_hardware_z 353.3218727663207 62.47323493957237 30.959999084472656 AB 3.872632044083196 1.233813474817426
61340.3228 lsst_hardware_i 538.3489927275406 65.487217681569 31.290000915527344 AB 3.9819077774187908 1.251877003039661
61348.1411 lsst_hardware_g 27.969119081163363 13.627352247420916 31.31999969482422 AB 6.440894808146699 1.2629205506169998
61355.2705 lsst_hardware_z 157.6327901833909 46.43457106757575 30.93000030517578 AB 2.0279133476059306 1.2328365252176485
61355.2824 lsst_hardware_r 163.1496362093717 24.84537109277085 31.440000534057617 AB 2.1018657321524237 1.2529128600580737
61358.2498 lsst_hardware_i 202.86933100749147 34.20142091377734 31.229999542236328 AB 8.719996433770772 1.215669375961246
61358.2614 lsst_hardware_u 1.6648801803552493 2.730996674514417 28.31999969482422 AB 7.176944274431307 1.231459209751163
61360.2654 lsst_hardware_g -16.45693012867861 12.756818095374406 31.299999237060547 AB 7.346512736562767 1.2468887640288986
61360.2775 lsst_hardware_r 102.14324000138492 24.3083341273734 31.43000030517578 AB 7.58241728244481 1.2701398354111144
61365.2382 lsst_hardware_z 272.33173356406326 53.07752258564497 30.950000762939453 AB 4.027870633520187 1.2255184483326753
61365.2508 lsst_hardware_r 48.73947701381608 50.75493831684895 31.579999923706055 AB 4.020471644466113 1.245242095126816
61371.1657 lsst_hardware_z 142.04141572605187 52.67581964596671 30.950000762939453 AB 4.262753101828516 1.1840980838412545
61371.1785 lsst_hardware_g -13.741792697265685 60.705778248359486 31.65999984741211 AB 4.2215310830492605 1.1872128661024404
61375.234 lsst_hardware_u 1.9727630398675784 3.6882579008978262 28.549999237060547 AB 9.647631768822082 1.2649313975117453
61375.2475 lsst_hardware_g 14.045785503710535 22.730058017276534 31.510000228881836 AB 9.966721856258397 1.2948278870940235
61380.201 lsst_hardware_r 23.045159850000736 23.485501279976855 31.440000534057617 AB 6.4011468402215845 1.2309897769656892
61380.2128 lsst_hardware_i 142.80662581166263 33.09667430138902 31.209999084472656 AB 6.726100821996993 1.2504951563089923
61382.167 lsst_hardware_z 140.10325270363793 44.50950525275263 30.93000030517578 AB 5.355003936185044 1.1982555238722408
61382.1793 lsst_hardware_i 111.70901146023593 32.75211866982035 31.219999313354492 AB 5.377324828678046 1.2099510218097644
61384.1666 lsst_hardware_u 0.11104161092373149 2.631252654876002 28.350000381469727 AB 8.938815192058614 1.2026390517613395
61384.1802 lsst_hardware_g 10.01037015338663 13.03518328151638 31.329999923706055 AB 11.857565048292884 1.2174195585137209
61386.1196 lsst_hardware_g 17.681493930594367 12.986341559608153 31.360000610351562 AB 14.797788851179915 1.1838862486942452
61386.1347 lsst_hardware_r 77.24963082552475 23.16119564053839 31.469999313354492 AB 13.910649904390015 1.1862238942929357
61388.1027 lsst_hardware_r 43.614374915457084 23.680376171244646 31.459999084472656 AB 8.761566623489529 1.1854773363311444
61388.116 lsst_hardware_i 135.2117326817243 32.525731530947006 31.229999542236328 AB 8.74766521533354 1.1839034419507195
61391.1006 lsst_hardware_z 110.9772731618966 45.394398428859255 30.940000534057617 AB 11.340897048927165 1.1842732853598397
61391.1148 lsst_hardware_r -8.08414969001574 30.976734952701488 31.530000686645508 AB 11.36966701941741 1.1846488168186295
61393.1041 lsst_hardware_z 123.13284901349314 48.332073140282155 30.950000762939453 AB 3.6510406172478067 1.1839932819958296
61393.117 lsst_hardware_r 110.72060537086772 42.88145461529594 31.59000015258789 AB 3.62421063434587 1.1867094415015143
61395.1041 lsst_hardware_i 135.8420398439413 70.38119099246111 32.040000915527344 AB 3.6725541251428857 1.1846948790783502
61395.1167 lsst_hardware_z 176.5552463411253 52.259682688954825 30.959999084472656 AB 3.685393208351015 1.188836518822908
61404.0838 lsst_hardware_z 39.00682325889319 42.68000030517578 30.93000030517578 AB 8.738693390005587 1.1857114504757729
61404.0965 lsst_hardware_r 4.034067994410136 22.260000228881836 31.459999084472656 AB 8.84730146057985 1.191114598711568
61408.0866 lsst_hardware_r 30.992008458419548 22.309999465942383 31.459999084472656 AB 5.096355233637484 1.1917117347451152
61408.0997 lsst_hardware_i 20.16623673969543 31.1299991607666 31.229999542236328 AB 5.154707542487951 1.2014235036680925
61410.0832 lsst_hardware_z 58.95569271553048 43.16999816894531 30.93000030517578 AB 12.659913880196541 1.1929809536559135
61410.095 lsst_hardware_r 15.761345577249514 22.440000534057617 31.450000762939453 AB 12.615765390923537 1.202112062405368
61412.0888 lsst_hardware_u 1.2810282180087553 2.5399999618530273 28.290000915527344 AB 10.560322442947342 1.2014474317889197
61412.1028 lsst_hardware_r 31.720246096430433 22.420000076293945 31.450000762939453 AB 10.672156521470578 1.2162810277762712
61414.0727 lsst_hardware_i 6.684116355757214 31.190000534057617 31.229999542236328 AB 10.187519608356448 1.1932556568533026
61414.0862 lsst_hardware_z 37.78157559339384 42.97999954223633 30.93000030517578 AB 7.878133578871239 1.2041012691714077
61416.0763 lsst_hardware_r 34.94969987177018 22.579999923706055 31.459999084472656 AB 7.440434028373177 1.2000700045763188
61416.0887 lsst_hardware_u -1.9697102271148437 2.619999885559082 28.34000015258789 AB 6.886419874220635 1.2125045997395212
61655.4137 lsst_hardware_i 7.239649612508776 44.650001525878906 31.270000457763672 AB 2.4360351941032277 1.194281257067399
61671.387 lsst_hardware_i -50.57092719664749 35.91999816894531 31.239999771118164 AB 1.7478717188524997 1.2093208386896332
61671.3977 lsst_hardware_z 11.882782199111054 59.15999984741211 30.959999084472656 AB 1.7330569019419793 1.2223276609439706
61672.3822 lsst_hardware_r 27.950626759174327 26.6200008392334 31.5 AB 4.576815817921388 1.2071253640831832
61672.3944 lsst_hardware_z 50.52616175172288 51.66999816894531 30.940000534057617 AB 4.619955481934105 1.2215641147366751
61680.3769 lsst_hardware_r -5.370493015009698 22.850000381469727 31.459999084472656 AB 2.570983391591974 1.2275903509113355
61680.3881 lsst_hardware_u 8.759852530433465 7.090000152587891 28.940000534057617 AB 2.584435477260683 1.2453610298810665
61682.3746 lsst_hardware_g 7.491297037802999 13.260000228881836 31.34000015258789 AB 2.9256304863965488 1.232276793146912
61682.386 lsst_hardware_r 2.174883763172101 26.979999542236328 31.5 AB 2.393187474932513 1.2513398561738631
61684.3532 lsst_hardware_r -4.425878125587639 22.209999084472656 31.450000762939453 AB 7.543748120328296 1.2111985207912703
61684.3648 lsst_hardware_i -6.2748804769207265 31.43000030517578 31.219999313354492 AB 7.597575835181855 1.2259097757452555
61686.3488 lsst_hardware_z 23.420005356941964 43.5 30.93000030517578 AB 5.365306955167855 1.2124074168048022
61686.3613 lsst_hardware_r 26.775085660945017 22.360000610351562 31.450000762939453 AB 5.43753132427195 1.228728078699367
61688.3481 lsst_hardware_z -8.272124762695492 43.04999923706055 30.93000030517578 AB 3.6545033152670943 1.218167771755698
61688.3597 lsst_hardware_g 0.38951386964401014 12.869999885559082 31.329999923706055 AB 3.7036908988377766 1.2345636329459255
61689.3451 lsst_hardware_r 47.53586687470471 22.170000076293945 31.440000534057617 AB 5.287805170692077 1.2178270775430853
61689.3568 lsst_hardware_z -102.17342214563372 43.59000015258789 30.920000076293945 AB 5.372596777556856 1.2342994147508715
61692.3381 lsst_hardware_r 23.14508644520333 71.68000030517578 31.600000381469727 AB 6.58448292712819 1.219348690208924
61692.3489 lsst_hardware_y 37.73924875265846 53.15999984741211 29.979999542236328 AB 6.667676233500151 1.2347548580555834
61694.3367 lsst_hardware_z -79.69852920356716 59.810001373291016 30.959999084472656 AB 8.972659936368837 1.2247971702471396
61694.3484 lsst_hardware_r 30.355440398838876 78.7699966430664 31.600000381469727 AB 9.100363648334252 1.2428370580537746
61696.3403 lsst_hardware_i 28.229098750961125 51.25 31.270000457763672 AB 8.08455683065346 1.2384589515267659
61696.352 lsst_hardware_z -6.437534844191767 53.369998931884766 30.940000534057617 AB 8.208509331650358 1.2592957297342382
61698.319 lsst_hardware_z -82.53925492149148 48.29999923706055 30.940000534057617 AB 1.4548676417546065 1.2159361819929848
61698.3309 lsst_hardware_r 34.982967036662714 45.900001525878906 31.56999969482422 AB 1.4398986133890759 1.232262399135508
61700.3192 lsst_hardware_z -57.18779872781939 45.38999938964844 30.93000030517578 AB 3.154178530769507 1.2232610163927171
61700.3303 lsst_hardware_g 36.516123267589236 29.549999237060547 31.56999969482422 AB 3.206664677929449 1.2399695851236623
61705.3113 lsst_hardware_r -6.568613083044611 22.190000534057617 31.450000762939453 AB 3.8522184556279147 1.231527639267236
61705.3216 lsst_hardware_u 3.749610420274725 2.5 28.25 AB 3.895826528758171 1.2484622748784395
61707.3209 lsst_hardware_g -7.0264747772116225 12.850000381469727 31.309999465942383 AB 3.8251821968278383 1.257249694931089
61707.332 lsst_hardware_r 9.15207708273855 22.530000686645508 31.440000534057617 AB 3.8977753893674087 1.2801977411979666
61709.314 lsst_hardware_i -9.471650936908773 31.399999618530273 31.219999313354492 AB 4.3078482804334195 1.2545303927874076
61709.3251 lsst_hardware_z 13.579071110325376 43.77000045776367 30.920000076293945 AB 4.387855355716267 1.2770242595216144
61711.3063 lsst_hardware_z -30.642021687481662 43.34000015258789 30.920000076293945 AB 3.8312599080831142 1.2504111971552323
61711.3191 lsst_hardware_r -35.66805595558661 22.290000915527344 31.43000030517578 AB 3.916865590552711 1.2758519838935631
61722.1525 lsst_hardware_r 129.85122431734356 79.56999969482422 31.610000610351562 AB 6.045566136067228 1.2091132272134455
61722.1647 lsst_hardware_z 26.026637156940172 58.79999923706055 30.959999084472656 AB 5.9885032249388885 1.1977006449877776
61726.2663 lsst_hardware_z -27.480359049521983 72.61000061035156 31.700000762939453 AB 5.032886084698244 1.2521693692233151
61728.2414 lsst_hardware_r 9.559435146129957 40.650001525878906 31.559999465942383 AB 6.507594881676321 1.2214718541593546
61728.255 lsst_hardware_g 6.073649219088195 40.709999084472656 31.600000381469727 AB 6.460423589598947 1.2419114935791902
61729.2429 lsst_hardware_r 12.375723499635637 32.75 31.530000686645508 AB 6.034550564292147 1.2273246122420296
61729.255 lsst_hardware_i -66.19628734006267 36.689998626708984 31.239999771118164 AB 5.362440935467966 1.2465961105311039
61731.2358 lsst_hardware_z -32.01031183070789 43.400001525878906 30.920000076293945 AB 3.883575356212618 1.225006026720836
61731.2479 lsst_hardware_i -17.013490748583113 32.2599983215332 31.219999313354492 AB 3.830581719531158 1.2437626666587447
61734.2456 lsst_hardware_u -3.432825213647867 2.490000009536743 28.229999542236328 AB 7.8072568747912845 1.2542953489282391
61734.2576 lsst_hardware_g 12.948391993248086 12.930000305175781 31.299999237060547 AB 8.435283465173837 1.2787190700110926
61736.162 lsst_hardware_g -19.925533104276827 12.739999771118164 31.309999465942383 AB 4.2617710683341326 1.1838252967594811
61736.1742 lsst_hardware_r -2.119835743281499 22.06999969482422 31.440000534057617 AB 4.3024867619527845 1.185530221433434
61738.2405 lsst_hardware_z 9.920472288030085 44.04999923706055 30.920000076293945 AB 6.408571751747664 1.2656407132908958
61738.2521 lsst_hardware_u 0.9116589589026968 2.4700000286102295 28.200000762939453 AB 6.405614581056276 1.2911291672576355
61742.1844 lsst_hardware_u 1.4127621502773122 2.509999990463257 28.290000915527344 AB 7.672717384153381 1.200802162795489
61742.1964 lsst_hardware_r 24.062352699206706 22.030000686645508 31.450000762939453 AB 7.739719658390772 1.213044598455565
61744.2016 lsst_hardware_i -34.09974703654149 31.219999313354492 31.219999313354492 AB 2.8833066150375957 1.226851974344059
61744.2132 lsst_hardware_z -13.422785580456845 43.459999084472656 30.93000030517578 AB 3.312092124753366 1.245147415320669
61746.2041 lsst_hardware_r 31.513327634078472 28.5 31.5 AB 4.996606739448483 1.2390329160476037
61746.2152 lsst_hardware_z -52.12457080878695 44.9900016784668 30.920000076293945 AB 5.31026729635751 1.2588046216327533
61750.166 lsst_hardware_i 46.56844950359851 51.68000030517578 31.290000915527344 AB 11.54472971072237 1.203976470275046
61750.1792 lsst_hardware_z 16.701866522897838 52.86000061035156 30.950000762939453 AB 12.309101261289605 1.2187228971573867
61756.1293 lsst_hardware_i -28.105034215888306 40.959999084472656 31.260000228881836 AB 11.161652215166566 1.189275961233485
61756.1408 lsst_hardware_z 56.26903579996355 48.220001220703125 30.940000534057617 AB 11.241004425595921 1.1964349027198506
61758.1023 lsst_hardware_z -23.853121770191123 42.63999938964844 30.93000030517578 AB 3.6214044855823264 1.183852398032717
61758.1153 lsst_hardware_r -12.934739314954308 22.15999984741211 31.459999084472656 AB 3.615587754824838 1.1858922281171789
61760.1079 lsst_hardware_u 5.31669279379661 2.569999933242798 28.31999969482422 AB 3.67459240979644 1.185352390256916
61760.1217 lsst_hardware_g 13.065828079623863 12.930000305175781 31.329999923706055 AB 3.6922235246988557 1.1910398466770502
61766.1102 lsst_hardware_z -32.008045525071836 42.56999969482422 30.93000030517578 AB 6.002379566937059 1.1940875450215467
61766.1231 lsst_hardware_r -31.277794918322332 22.190000534057617 31.450000762939453 AB 6.109635292366229 1.2047592393131088
61768.0861 lsst_hardware_r -23.024279407669013 22.420000076293945 31.459999084472656 AB 8.890290347423232 1.1853720463230975
61768.0992 lsst_hardware_u 0.33903052656290283 2.559999942779541 28.309999465942383 AB 8.930112294150684 1.1906816392200912
61770.0826 lsst_hardware_g 21.650730813417695 13.039999961853027 31.34000015258789 AB 8.917360845883573 1.1859243965622108
61770.0957 lsst_hardware_i 8.138742549653637 31.209999084472656 31.219999313354492 AB 8.88613672007248 1.1918101824131049
61772.0862 lsst_hardware_z -98.27994038261286 42.9900016784668 30.93000030517578 AB 5.998784602667646 1.1895859605706502
61772.0965 lsst_hardware_r 15.249796395880393 22.850000381469727 31.459999084472656 AB 6.034096433297325 1.195995527138858
61774.0852 lsst_hardware_y -0.9940156618555398 48.70000076293945 29.989999771118164 AB 2.74175618420441 1.1920679061758306
61776.0844 lsst_hardware_r -2.8415354566721915 51.349998474121094 32.310001373291016 AB 10.27186640367023 1.1951442449197442
61776.097 lsst_hardware_i 19.50553755947998 53.439998626708984 32.0 AB 10.343165128212183 1.205965619301848
61778.0829 lsst_hardware_z -55.719649426915474 49.13999938964844 30.950000762939453 AB 9.777507324575275 1.198150520749375
61778.096 lsst_hardware_r 33.111279463272744 49.029998779296875 31.59000015258789 AB 7.012349024266954 1.2106956188306206
61780.0753 lsst_hardware_z -31.756046620070105 53.400001525878906 30.959999084472656 AB 10.762386229660258 1.1964854062990822
61780.0884 lsst_hardware_r 29.546093464517636 64.83999633789062 31.610000610351562 AB 10.245078967067393 1.2083717243275447
61783.0775 lsst_hardware_r 96.00289002296795 72.37999725341797 31.6200008392334 AB 2.4220213384941083 1.2055855343425301
61783.0892 lsst_hardware_z -11.425225488583356 57.22999954223633 30.959999084472656 AB 4.025617816610331 1.2188992177867373
