data/validation/pwv_sim_epoch_fit_4/16747763.ecsv
# %ECSV 0.9
# ---
# datatype:
# - {name: time, datatype: float64}
# - {name: band, datatype: string}
# - {name: flux, datatype: float64}
# - {name: fluxerr, datatype: float64}
# - {name: zp, datatype: float64}
# - {name: zpsys, datatype: string}
# - {name: pwv, datatype: float64}
# - {name: airmass, datatype: float64}
# meta: {SNID: '16747763', alt: 1024.0, c: -0.045570071786642075, dec: -8.989299, lat: -30.244573, lon: -70.7499537, ra: 326.074219, t0: 60411.62109375,
#   x0: 2.8030828732502745e-05, x1: 0.5664119124412537, z: 0.29658475518226624}
# schema: astropy-2.0
time band flux fluxerr zp zpsys pwv airmass
60460.4019 lsst_hardware_z 1078.789833156208 62.52416805368389 30.969999313354492 AB 7.96456716271757 1.0762928598266985
60460.4238 lsst_hardware_y 341.9554015247021 55.84724279133594 30.040000915527344 AB 7.76736464979061 1.0760109876880233
60462.4041 lsst_hardware_r 857.287779629354 41.1013370359687 31.540000915527344 AB 8.217631692840593 1.0740598213097103
60462.4225 lsst_hardware_y 351.3469778258598 52.056319332310025 30.030000686645508 AB 7.111774659760106 1.0780861030459565
60464.4119 lsst_hardware_z 1966.963641449096 73.56929148581723 31.700000762939453 AB 12.492288854813566 1.0756232869651914
60466.3731 lsst_hardware_r 637.6050405900132 36.72573441392914 31.5 AB 5.812178382446717 1.0848676402140396
60466.3957 lsst_hardware_g 305.89920762818343 22.826191880301348 31.450000762939453 AB 4.756347424603147 1.0738291897809382
60468.3688 lsst_hardware_r 675.8909342399784 36.45954467419844 31.5 AB 2.709509857128982 1.0838039428515929
60468.3908 lsst_hardware_i 1065.653631498354 46.47963219622659 31.25 AB 3.1189771868013465 1.0738122576851574
60485.3211 lsst_hardware_i 119.4586965807285 89.72000122070312 31.329999923706055 AB 4.341880769806294 1.0849955069172972
60485.3439 lsst_hardware_z 72.26289181137733 78.2300033569336 30.989999771118164 AB 3.8947931334116683 1.0738332322612663
60490.3271 lsst_hardware_g -50.09434389973616 39.91999816894531 32.380001068115234 AB 3.799015900517122 1.0741544922646842
60490.3485 lsst_hardware_r 82.44376867150315 47.459999084472656 32.31999969482422 AB 3.8327059130183794 1.0796354684558815
60493.3295 lsst_hardware_i 12.40035374392 31.639999389648438 31.239999771118164 AB 6.9269975563965165 1.07461954024147
60493.3509 lsst_hardware_z -19.04516431390365 42.36000061035156 30.940000534057617 AB 7.149699082132773 1.0891045480989532
60495.2646 lsst_hardware_z 13.93724439577413 43.04999923706055 30.940000534057617 AB 4.480693794602122 1.1311312829540752
60495.2848 lsst_hardware_r -0.18764715602929344 24.299999237060547 31.5 AB 4.381731241828475 1.0952046428231972
60497.3103 lsst_hardware_u 4.387777597945781 2.759999990463257 28.43000030517578 AB 1.5819212903331559 1.0738844534704157
60497.3292 lsst_hardware_r -39.03459384865854 24.25 31.510000228881836 AB 1.5928179546798114 1.079510643632539
60501.2924 lsst_hardware_r -21.405400809827086 24.25 31.510000228881836 AB 9.172977662951672 1.075346872946495
60501.3136 lsst_hardware_u -1.2415965932678028 2.759999990463257 28.43000030517578 AB 9.15959067755747 1.0768071332911255
60506.2927 lsst_hardware_i 42.02798872311042 31.690000534057617 31.239999771118164 AB 3.1492151727982325 1.0743285783937568
60506.3113 lsst_hardware_z 60.89093718498051 42.4900016784668 30.940000534057617 AB 3.1736670896443933 1.084890755347901
60514.2522 lsst_hardware_i -121.86536380434832 118.06999969482422 31.34000015258789 AB 6.359456865173842 1.0774175121006084
60514.2751 lsst_hardware_z 65.99995754597636 99.5199966430664 31.0 AB 6.3649919392253675 1.075530912339535
60520.2452 lsst_hardware_g -21.091184789460538 15.539999961853027 31.450000762939453 AB 4.833727828901875 1.0741617397559722
60520.2631 lsst_hardware_r -6.87932484709022 24.8799991607666 31.510000228881836 AB 4.7677372887377345 1.07751563110633
60529.222 lsst_hardware_u -1.728680669273197 4.019999980926514 29.219999313354492 AB 3.329327961276298 1.0739767617020315
60529.255 lsst_hardware_r -3.5419112925607066 35.11000061035156 32.2599983215332 AB 3.4914984905293287 1.0918894476793481
60531.2126 lsst_hardware_i 22.28353086404023 32.0099983215332 31.25 AB 4.877038631892558 1.0747110250975225
60531.2327 lsst_hardware_z -33.220956339959166 42.47999954223633 30.950000762939453 AB 4.986655736077268 1.0773223302354347
60535.1966 lsst_hardware_g -1.9742789233280411 27.010000228881836 31.6299991607666 AB 2.5128636622750076 1.0765570848732628
60535.2164 lsst_hardware_r -49.45015764279747 30.34000015258789 31.559999465942383 AB 2.758633844179285 1.0750716462117245
60537.1807 lsst_hardware_i -94.07426459668018 46.22999954223633 31.299999237060547 AB 5.265071705097507 1.0835710444736586
60537.2021 lsst_hardware_z -18.94002982945786 49.16999816894531 30.959999084472656 AB 5.222349891963861 1.0738394884005267
60539.2278 lsst_hardware_r 6.100508626976601 87.05999755859375 31.649999618530273 AB 2.760526707710746 1.0920164988471717
60539.2425 lsst_hardware_z -34.246272161904095 65.7699966430664 30.979999542236328 AB 2.676953769396337 1.1146233599151993
60541.1796 lsst_hardware_z -99.35651287953452 113.9000015258789 31.0 AB 2.3262698961669153 1.0768521681133736
60541.1974 lsst_hardware_r 139.14712843918718 170.8300018310547 31.65999984741211 AB 2.3300808696246276 1.0743888736021336
60549.1454 lsst_hardware_g -0.3332046298230869 15.770000457763672 31.469999313354492 AB 4.235172398821071 1.0859416407233515
60549.1623 lsst_hardware_r -3.9826047216068927 24.850000381469727 31.520000457763672 AB 4.1926701294130995 1.0750436229264357
60553.1425 lsst_hardware_i -64.5526978105783 31.940000534057617 31.25 AB 1.4031453262037146 1.079342558618242
60553.16 lsst_hardware_z -50.65905793320464 42.209999084472656 30.950000762939453 AB 1.3959887569555154 1.0738375053503963
60555.1245 lsst_hardware_z 68.11654415003267 42.290000915527344 30.940000534057617 AB 0.6937631556047369 1.090822571705561
60555.1445 lsst_hardware_r 22.968417812395185 24.639999389648438 31.510000228881836 AB 1.505729944039954 1.0755213885999673
60557.1259 lsst_hardware_u -0.8955227143251646 2.809999942779541 28.450000762939453 AB 1.6575857431630128 1.0837435391711931
60557.1452 lsst_hardware_r 3.937641700081733 24.56999969482422 31.510000228881836 AB 1.5546444713389436 1.0740203601650733
60559.111 lsst_hardware_i 41.93245247578023 32.0 31.25 AB 1.7230378621649247 1.0939922934380475
60559.1309 lsst_hardware_z 88.94034170317322 42.279998779296875 30.950000762939453 AB 2.2240672358780853 1.0766391072869832
60568.0979 lsst_hardware_r 169.875490188733 107.04000091552734 31.649999618530273 AB 3.8952609616362577 1.0820169337878494
60568.1159 lsst_hardware_i -10.973389961463536 86.9000015258789 31.329999923706055 AB 3.8661878007184933 1.073941055755137
60571.1049 lsst_hardware_z 70.48113918126555 85.33999633789062 30.989999771118164 AB 5.9523109240425285 1.0743597119384465
60571.1255 lsst_hardware_r -66.84818869511038 128.74000549316406 31.649999618530273 AB 8.00247251315713 1.0784640023122039
60573.0702 lsst_hardware_r -72.60636509896717 62.54999923706055 31.6299991607666 AB 4.28870451630368 1.097440115057955
60573.0893 lsst_hardware_z -44.218200399902024 56.880001068115234 30.979999542236328 AB 4.08193938126305 1.0784516198845573
60577.0729 lsst_hardware_z 77.42927221074352 59.939998626708984 31.690000534057617 AB 4.836725126215503 1.0823642681371408
60577.0924 lsst_hardware_r 15.14739905092047 34.27000045776367 32.2599983215332 AB 5.390967607950839 1.0738622770726858
60580.0647 lsst_hardware_r -7.726193776355605 24.15999984741211 31.5 AB 4.867965181343179 1.0823713577194394
60580.0843 lsst_hardware_i -8.184583215290553 31.469999313354492 31.239999771118164 AB 4.923548112338534 1.0738577100285795
60582.0628 lsst_hardware_z -14.357172175585104 42.27000045776367 30.950000762939453 AB 4.023193128454983 1.0796895346406898
60582.0815 lsst_hardware_r -24.658637916658684 24.1200008392334 31.5 AB 3.991829547936381 1.0738663119070229
60592.0293 lsst_hardware_r 34.53862403872461 27.520000457763672 31.540000915527344 AB 2.6032435330284045 1.0846848054285019
60592.048 lsst_hardware_i 11.780355307808895 33.25 31.260000228881836 AB 2.5906092943760295 1.0742729812879153
60594.0332 lsst_hardware_z 3.9630633457239 47.66999816894531 30.959999084472656 AB 6.587097990783198 1.077732001109707
60594.0496 lsst_hardware_r 58.4554636293899 43.36000061035156 31.610000610351562 AB 5.761177415106374 1.0739282171848776
60596.0301 lsst_hardware_z -120.15505382668849 69.70999908447266 30.989999771118164 AB 7.849714933165442 1.0765323336912607
60596.0474 lsst_hardware_r -18.552171030521425 88.75 31.649999618530273 AB 7.735872216742611 1.074426696769807
60599.0054 lsst_hardware_y 81.16507253361506 59.599998474121094 30.049999237060547 AB 7.699622945202806 1.0896206819005188
60599.0241 lsst_hardware_i 89.32585699213892 80.94999694824219 31.329999923706055 AB 7.620020729132063 1.0756157807084266
60601.0315 lsst_hardware_r 105.79398960586173 78.88999938964844 31.649999618530273 AB 4.366500634821782 1.0740377898959002
60601.0506 lsst_hardware_z -110.15205169585356 61.09000015258789 30.979999542236328 AB 4.09122578364578 1.0836966515186492
60603.0063 lsst_hardware_y 14.237579618168816 49.61000061035156 30.040000915527344 AB 3.58054976267807 1.0791289218438356
60603.0244 lsst_hardware_g 5.527143358609053 15.710000038146973 31.479999542236328 AB 3.553824452326669 1.0738792664162646
60605.0067 lsst_hardware_z -72.40828180824896 44.22999954223633 30.950000762939453 AB 4.278781639372806 1.0760170097756332
60605.0241 lsst_hardware_i 31.070426689538436 32.130001068115234 31.260000228881836 AB 4.216719987782127 1.074734290246496
60607.0008 lsst_hardware_y 5.05998346508624 63.130001068115234 30.059999465942383 AB 3.878186397137955 1.0762027788464135
60607.0176 lsst_hardware_r -10.013658023488482 24.950000762939453 31.520000457763672 AB 3.887820580381358 1.0744782810819045
