data/validation/pwv_sim_epoch_fit_4/16822716.ecsv
# %ECSV 0.9
# ---
# datatype:
# - {name: time, datatype: float64}
# - {name: band, datatype: string}
# - {name: flux, datatype: float64}
# - {name: fluxerr, datatype: float64}
# - {name: zp, datatype: float64}
# - {name: zpsys, datatype: string}
# - {name: pwv, datatype: float64}
# - {name: airmass, datatype: float64}
# meta: {SNID: '16822716', alt: 1024.0, c: -0.033319730311632156, dec: -34.953865, lat: -30.244573, lon: -70.7499537, ra: 331.699219,
#   t0: 61176.48828125, x0: 6.835109529947336e-06, x1: -0.10366006940603256, z: 0.5391411781311035}
# schema: astropy-2.0
time band flux fluxerr zp zpsys pwv airmass
61168.3598 lsst_hardware_i 1484.6282756313121 69.3433919689853 31.270000457763672 AB 13.555630699405459 1.2982869761749605
61168.3796 lsst_hardware_z 1293.5536121787725 65.66752319692002 30.950000762939453 AB 12.721529946194316 1.2031522150843446
61170.3555 lsst_hardware_g 1030.0214983012431 48.23874569005079 31.579999923706055 AB 8.849242664467317 1.2919388280747954
61170.3761 lsst_hardware_r 2296.862742344537 64.14431071057236 31.56999969482422 AB 9.326940163697587 1.1951231389682064
61175.3009 lsst_hardware_g 1915.2265594913993 51.452062330668944 32.459999084472656 AB 11.634818306757056 1.5968001701939785
61175.32 lsst_hardware_r 4416.034113008249 75.75363898372389 32.18000030517578 AB 10.313864492177807 1.4314208677152767
61177.3776 lsst_hardware_r 2310.501097779129 53.86136797449498 31.489999771118164 AB 8.178831233351902 1.1233115277231016
61177.3981 lsst_hardware_i 1918.4653946264248 53.120716432627134 31.239999771118164 AB 7.795708183580091 1.071390920265259
61178.3542 lsst_hardware_z 1461.0974888937208 57.146082126803215 30.93000030517578 AB 8.396838099973573 1.1953645241616502
61178.3747 lsst_hardware_r 2349.746833157682 53.546393019097856 31.489999771118164 AB 7.870280890855105 1.1238174479433347
61182.3579 lsst_hardware_u 6.564714037556355 2.802911182783614 28.3799991607666 AB 4.833980090009568 1.1421548609930459
61182.379 lsst_hardware_g 529.5967813838307 26.589567611335504 31.43000030517578 AB 4.4731196712667805 1.0835170782236851
61185.3558 lsst_hardware_r 3613.859688377821 68.6904580084089 32.2400016784668 AB 8.221299943035778 1.1231923415088045
61185.3749 lsst_hardware_z 2882.802801860582 77.86008505126019 31.700000762939453 AB 7.9037827536986525 1.0743092602863888
61187.3543 lsst_hardware_r 1657.9378854122986 46.830283711302116 31.489999771118164 AB 4.1336074015990345 1.111782517912473
61187.3747 lsst_hardware_u -3.051106714632823 2.7252789180673886 28.43000030517578 AB 3.855198515708406 1.0634052544250219
61189.3422 lsst_hardware_z 1213.2213046683216 63.96746756873819 30.969999313354492 AB 9.620178926705682 1.131319918469534
61189.3612 lsst_hardware_r 1540.1682308016284 76.2374008488122 31.639999389648438 AB 9.204836447554616 1.0804961152965864
61196.3794 lsst_hardware_r 1782.1408778835228 120.08726239521567 32.40999984741211 AB 4.693184179142791 1.0202574302484329
61196.3996 lsst_hardware_z 2077.938341393974 98.17308686342282 31.739999771118164 AB 4.628030715689257 1.0060936338454907
61198.3554 lsst_hardware_z 753.2158684178229 58.527477022984044 30.959999084472656 AB 2.4876089382794744 1.044263179855653
61198.374 lsst_hardware_i 1109.4539681826705 58.524346830668755 31.309999465942383 AB 2.4249238057969404 1.0201972327445272
61220.2758 lsst_hardware_z 441.5513482801885 71.70662639489866 30.979999542236328 AB 2.9954221604723203 1.0822589325164196
61220.2887 lsst_hardware_r 384.76511708063066 100.71083770699613 31.65999984741211 AB 2.764947810487843 1.0556257747400373
61222.2611 lsst_hardware_r -17.28297769801909 111.92890174825357 31.639999389648438 AB 9.051587822742466 1.1053349398879553
61222.2817 lsst_hardware_i 328.2947244151293 93.90397830144447 31.34000015258789 AB 8.571590283516555 1.0584823763295328
61223.2758 lsst_hardware_z 1059.7622954036121 114.61536465582985 31.739999771118164 AB 8.817373265850568 1.0646322804266921
61225.2648 lsst_hardware_z 374.0522834461144 70.89605849385552 30.989999771118164 AB 7.492482711047462 1.0762741810022929
61225.2847 lsst_hardware_r 331.9919678885927 89.05427216600408 31.65999984741211 AB 7.185223692000517 1.0396040934674842
61235.1646 lsst_hardware_r 69.76415735450527 26.593437327876856 31.440000534057617 AB 10.310348016635835 1.3724713656542
61235.1832 lsst_hardware_z 309.04003765094484 47.56326261668506 30.93000030517578 AB 9.197249481898089 1.2649802148218534
61237.1663 lsst_hardware_r 78.34862326904627 26.26058877240245 31.43000030517578 AB 3.7559187702818218 1.3276489113756882
61237.1864 lsst_hardware_u 3.5337737636961806 3.0456018895756864 28.239999771118164 AB 3.693786602129149 1.223918688578247
61238.1643 lsst_hardware_g 6.930166962191434 15.134474607942954 31.31999969482422 AB 2.11733454062311 1.3233340878894435
61238.183 lsst_hardware_r 137.88549836547529 25.99088241377262 31.450000762939453 AB 2.683470497638063 1.2269163290275378
61242.1671 lsst_hardware_i 154.531575175355 37.03031427424163 31.229999542236328 AB 7.792956521031751 1.2501233641117708
61242.1857 lsst_hardware_z 251.76228347827254 46.695520498538265 30.940000534057617 AB 7.297254433790021 1.1713088978796182
61244.1599 lsst_hardware_r 145.2126409263321 42.371704340925895 31.549999237060547 AB 7.300047839168077 1.2586289377875997
61244.1785 lsst_hardware_z 243.07631640765797 49.311558849656606 30.940000534057617 AB 6.2944367396638565 1.1778144530791559
61249.1681 lsst_hardware_y 291.8054773863118 84.19115308744885 30.760000228881836 AB 3.7106136800242675 1.1657903956091429
61253.1846 lsst_hardware_r 85.50444821415438 104.5450186808095 31.649999618530273 AB 5.010318620579059 1.0848367696392895
61253.204 lsst_hardware_z 235.40913940192635 74.25421708273137 30.989999771118164 AB 4.805023760596524 1.0462762679578712
61258.16 lsst_hardware_i -59.220094887713145 31.520000457763672 31.229999542236328 AB 2.3367241725990566 1.1130791549376262
61258.1798 lsst_hardware_z -26.257283842083186 41.70000076293945 30.940000534057617 AB 1.7277473745286127 1.0655241286022896
61260.1616 lsst_hardware_r 5.819905436103162 23.68000030517578 31.5 AB 4.233458107386813 1.0942938413028123
61260.1798 lsst_hardware_u 1.0076694888499946 2.7300000190734863 28.43000030517578 AB 3.459039976514181 1.0550678592387315
61261.1589 lsst_hardware_g -21.057213667285396 14.720000267028809 31.43000030517578 AB 4.797051395415771 1.0942179277864443
61261.178 lsst_hardware_r -1.4191621337821951 23.549999237060547 31.510000228881836 AB 3.996485578488069 1.0533930841446948
61263.1592 lsst_hardware_i 15.58417129913103 31.34000015258789 31.25 AB 8.88636313493513 1.080430785013086
61263.1794 lsst_hardware_z 50.60323531830534 41.45000076293945 30.950000762939453 AB 7.778299093310373 1.0419690680924814
61266.1565 lsst_hardware_r -32.33400150294979 23.639999389648438 31.510000228881836 AB 3.183330949604194 1.068500780264897
61266.1756 lsst_hardware_g 26.447609973980104 14.720000267028809 31.459999084472656 AB 2.5097729137253686 1.0354916611553868
61268.1622 lsst_hardware_r -0.20714727987565854 23.479999542236328 31.510000228881836 AB 5.640865660405086 1.0476766433192157
61268.1802 lsst_hardware_i 9.283354596297887 30.860000610351562 31.270000457763672 AB 4.986356315497391 1.0229997056977773
61274.0863 lsst_hardware_z 60.937688703479004 49.939998626708984 30.950000762939453 AB 3.3814395003528923 1.2198555196078256
61274.1049 lsst_hardware_r 19.492287643580244 47.400001525878906 31.600000381469727 AB 3.1802186176896616 1.1481969916742167
61276.0861 lsst_hardware_i -55.21394357068902 59.79999923706055 31.290000915527344 AB 3.4565376906106873 1.19758776634411
61276.1045 lsst_hardware_z 116.83718497159543 59.0099983215332 30.969999313354492 AB 3.1522611772811215 1.1318711588085126
61278.0845 lsst_hardware_r 109.60118172328075 124.36000061035156 31.6299991607666 AB 2.2187636242171918 1.1822896754265675
61278.1037 lsst_hardware_z 0.3680690540006955 85.37000274658203 30.989999771118164 AB 2.102322812679883 1.1179099460344128
61280.0852 lsst_hardware_z -74.74601754126276 94.5 30.989999771118164 AB 4.0689158706808 1.1595931899249436
61280.1041 lsst_hardware_i -110.44748122710746 110.38999938964844 31.329999923706055 AB 3.865078690837914 1.1017374766035195
61281.0834 lsst_hardware_z -65.03728985847691 81.83999633789062 30.979999542236328 AB 5.75713285407297 1.1563410201502564
61281.1012 lsst_hardware_r 53.92517720829585 118.55000305175781 31.649999618530273 AB 5.488788207314828 1.102184750209641
61286.0923 lsst_hardware_u 0.8851175548111591 2.6700000762939453 28.3799991607666 AB 0.685681288135004 1.0901133356677328
61286.1095 lsst_hardware_g -15.427541105399527 14.350000381469727 31.420000076293945 AB 0.6744491968418346 1.0538268700653666
61296.0642 lsst_hardware_g 20.427408453190413 14.210000038146973 31.420000076293945 AB 2.6477252465181427 1.0920706316841173
61296.0824 lsst_hardware_r 3.469734603814259 23.030000686645508 31.5 AB 2.5986282460553936 1.0534623476457146
61299.0861 lsst_hardware_u -2.8621764442446493 3.140000104904175 28.6299991607666 AB 3.724755183720028 1.0346542177000078
61299.1026 lsst_hardware_r -7.864783886989066 23.780000686645508 31.530000686645508 AB 3.6580760961351153 1.0161322489264208
61302.9944 lsst_hardware_y -25.61835915583863 52.54999923706055 29.979999542236328 AB 7.927875013610355 1.2811692006480857
61303.0119 lsst_hardware_i -21.195541143718433 44.25 31.280000686645508 AB 7.534752631448393 1.1995466936077102
61304.9948 lsst_hardware_y 141.71513924367684 57.36000061035156 30.0 AB 2.5604130280164417 1.251525716342492
61305.0124 lsst_hardware_z 75.24546901281828 65.29000091552734 30.969999313354492 AB 3.031050650353819 1.1761174353052042
61306.9956 lsst_hardware_y -32.85099337322106 63.25 29.989999771118164 AB 3.11592023715746 1.222488813375157
61307.0125 lsst_hardware_i -73.57085579485893 88.7300033569336 31.309999465942383 AB 3.2368710373437173 1.156025370479899
61309.0019 lsst_hardware_z 152.6704095116429 107.33999633789062 31.729999542236328 AB 3.9468284991878484 1.1745348177327195
61310.9976 lsst_hardware_y -12.237376142027749 50.18000030517578 30.010000228881836 AB 5.010144185813749 1.1702298783432923
61311.0183 lsst_hardware_r -44.38209131080792 55.7400016784668 31.6200008392334 AB 5.201269025618418 1.1048116314550884
61312.997 lsst_hardware_y -19.616814990767672 49.34000015258789 30.020000457763672 AB 9.834951053398271 1.1529837108312726
61313.0166 lsst_hardware_z 9.058564028147282 41.88999938964844 30.950000762939453 AB 3.658294236111829 1.0950244657853616
61314.9981 lsst_hardware_y -77.3933752238688 49.65999984741211 30.020000457763672 AB 7.884439570913407 1.1316023783152878
61315.0186 lsst_hardware_u 1.711878245784221 2.700000047683716 28.420000076293945 AB 5.384013997619758 1.0773235058851294
61316.9987 lsst_hardware_y 80.58336295891748 49.209999084472656 30.020000457763672 AB 2.4288080799427463 1.1136638630282738
61317.0188 lsst_hardware_r 4.788156386270324 22.959999084472656 31.489999771118164 AB 2.5759897763890813 1.065339030764624
61318.9997 lsst_hardware_y -55.374951551322866 49.720001220703125 30.030000686645508 AB 3.6248472551021766 1.096334485866169
61319.0199 lsst_hardware_r 19.08645530180226 23.079999923706055 31.510000228881836 AB 3.5916214421338806 1.0529269124082419
61323.0003 lsst_hardware_y -26.582668754615376 49.130001068115234 30.049999237060547 AB 2.5672297929792935 1.069679080408039
61323.0212 lsst_hardware_i 8.411394919908377 30.739999771118164 31.270000457763672 AB 2.4810899004084415 1.0337874585035174
61325.9999 lsst_hardware_y 48.30942877310765 50.040000915527344 30.049999237060547 AB 5.251389172111314 1.054513463500657
61326.0202 lsst_hardware_g -7.188431767990037 14.380000114440918 31.450000762939453 AB 5.895245856771982 1.0248145774484108
61328.0015 lsst_hardware_y -64.33501414864682 49.970001220703125 30.049999237060547 AB 7.001683098183376 1.0426282456810447
61328.0226 lsst_hardware_z 33.522758936982136 40.84000015258789 30.950000762939453 AB 6.819684936163168 1.0168516306406314
61536.3624 lsst_hardware_g 0.7964631969813584 14.960000038146973 31.389999389648438 AB 8.518614260008261 1.2464592691236436
61536.3824 lsst_hardware_r 4.657271963675559 24.260000228881836 31.5 AB 8.842186464517878 1.163445587436563
61540.3598 lsst_hardware_i -20.976918286023388 32.560001373291016 31.229999542236328 AB 9.236127810330704 1.208996375460528
61540.3783 lsst_hardware_r -11.271326671463349 24.139999389648438 31.489999771118164 AB 8.67109295817139 1.1402456358342739
61546.3359 lsst_hardware_i 89.74292666824972 69.62000274658203 31.299999237060547 AB 8.753910404091235 1.2426588692016618
61546.3484 lsst_hardware_z -76.83805761497237 62.63999938964844 30.969999313354492 AB 8.373269439521701 1.1886250890086705
61550.3636 lsst_hardware_r -71.25820732526228 71.2300033569336 31.6299991607666 AB 8.065068741110796 1.1032296938538564
61550.3841 lsst_hardware_y 106.31872080743658 52.58000183105469 30.049999237060547 AB 8.27500953876989 1.0571939620266446
61552.3586 lsst_hardware_z 79.07609214957068 54.54999923706055 30.969999313354492 AB 3.9826712632701544 1.1020119710209457
61552.3791 lsst_hardware_r 9.926136807895555 58.279998779296875 31.639999389648438 AB 5.255834002880062 1.0563428806914001
61554.3446 lsst_hardware_r -21.286218627308468 34.95000076293945 31.56999969482422 AB 9.58626646819581 1.1261289426275778
61554.3645 lsst_hardware_i 14.913822350366821 36.970001220703125 31.280000686645508 AB 9.160380714372497 1.0746995480472927
61558.3515 lsst_hardware_r -12.372670907385691 23.459999084472656 31.5 AB 9.424938760156639 1.0793150467790429
61558.3654 lsst_hardware_u 1.9718289564685305 2.7300000190734863 28.450000762939453 AB 9.186897091919366 1.0515334328789812
61561.3418 lsst_hardware_r -13.31063328846311 23.479999542236328 31.5 AB 5.658833316769336 1.082771263672732
61561.3603 lsst_hardware_z 14.613783368624338 41.2599983215332 30.950000762939453 AB 5.4045736833097475 1.0462996563638578
61563.3693 lsst_hardware_u 2.1572608317232707 2.799999952316284 28.520000457763672 AB 2.451989702577469 1.0260444408735094
61563.3873 lsst_hardware_g 11.613637010796245 14.420000076293945 31.459999084472656 AB 1.1323453321050212 1.0099705652787465
61572.244 lsst_hardware_r -97.09113912603539 65.44999694824219 31.579999923706055 AB 10.090236876377366 1.3578572031190481
61572.2625 lsst_hardware_i 3.702636351928355 53.5 31.280000686645508 AB 8.27827287285043 1.2542837686137014
61576.2472 lsst_hardware_z 31.49705186603012 73.0 30.959999084472656 AB 4.212052847912418 1.2763796508825511
61576.2674 lsst_hardware_r 4.493470507067928 106.52999877929688 31.6299991607666 AB 4.159779431056374 1.1850942088905112
61578.2552 lsst_hardware_z -84.32412690580786 74.58999633789062 30.969999313354492 AB 3.121689484685629 1.2126597978772957
61578.275 lsst_hardware_i 13.391427144783947 82.66999816894531 31.31999969482422 AB 2.9609419808012296 1.1388238387697036
61580.2625 lsst_hardware_z 62.12187375539196 87.19999694824219 31.719999313354492 AB 4.41808750903757 1.1626546076414659
61582.2733 lsst_hardware_i -31.85716444421023 43.470001220703125 31.290000915527344 AB 6.430925194120232 1.111222980538322
61582.2939 lsst_hardware_r 7.23130104659456 44.68000030517578 31.610000610351562 AB 5.901750712622232 1.0626126598167505
61585.249 lsst_hardware_z 47.93274870334289 42.900001525878906 30.940000534057617 AB 3.2194567300609043 1.1621189014777127
61585.2682 lsst_hardware_u -5.019370475797989 2.6700000762939453 28.389999389648438 AB 2.952267260141567 1.102826768824087
61587.2683 lsst_hardware_r 27.704316465116804 23.219999313354492 31.5 AB 8.910588837777818 1.0887372831561706
61587.2874 lsst_hardware_i 48.161819872477864 30.760000228881836 31.260000228881836 AB 8.558049400394442 1.0495093897389254
61589.2665 lsst_hardware_z -47.708848997846765 41.7599983215332 30.940000534057617 AB 6.96291096941735 1.0801490741775994
61589.2859 lsst_hardware_r -36.146341235170716 22.969999313354492 31.5 AB 6.71001139990279 1.0430204639805623
61591.2634 lsst_hardware_u 2.3276365235788594 2.690000057220459 28.420000076293945 AB 4.308071086625166 1.0748903844370237
61591.2832 lsst_hardware_g 24.274896063581714 14.130000114440918 31.43000030517578 AB 4.12754412839732 1.0388114417106673
61593.2327 lsst_hardware_g -0.05656394565134322 14.170000076293945 31.399999618530273 AB 2.0577556458327066 1.1431975810181703
61593.2523 lsst_hardware_r -9.730647289812884 23.15999984741211 31.5 AB 1.7182110805264523 1.087819614135139
61600.164 lsst_hardware_z 60.493222650780154 53.689998626708984 30.93000030517578 AB 10.381998467932565 1.381151199130747
