data/validation/pwv_sim_epoch_fit_4/17361515.ecsv
# %ECSV 0.9
# ---
# datatype:
# - {name: time, datatype: float64}
# - {name: band, datatype: string}
# - {name: flux, datatype: float64}
# - {name: fluxerr, datatype: float64}
# - {name: zp, datatype: float64}
# - {name: zpsys, datatype: string}
# - {name: pwv, datatype: float64}
# - {name: airmass, datatype: float64}
# meta: {SNID: '17361515', alt: 1024.0, c: 0.1093861386179924, dec: -29.484461, lat: -30.244573, lon: -70.7499537, ra: 214.453125, t0: 61084.56640625,
#   x0: 5.366033805961837e-06, x1: -0.704789936542511, z: 0.5961333513259888}
# schema: astropy-2.0
time band flux fluxerr zp zpsys pwv airmass
[from data line 132]
61480.2311 lsst_hardware_g -25.6269123899701 14.579999923706055 31.43000030517578 AB 9.251628348296258 1.1026532535413145
61482.1633 lsst_hardware_y -15.824650227885797 52.33000183105469 29.940000534057617 AB 8.508201796449024 1.3923334773062266
61482.1831 lsst_hardware_r -6.026309467556612 47.25 31.579999923706055 AB 8.69958448324982 1.269796066351213
61486.1588 lsst_hardware_i 191.9695475643239 91.47000122070312 31.280000686645508 AB 6.729163541362208 1.3485297678080577
61486.1764 lsst_hardware_z 110.01485323083305 77.31999969482422 30.969999313354492 AB 6.032207483966842 1.2480429277172775
61488.1709 lsst_hardware_r 131.013745340009 135.92999267578125 31.610000610351562 AB 7.444197053830963 1.2482409648008321
61488.1888 lsst_hardware_z 89.23827185168277 90.9800033569336 30.989999771118164 AB 6.937618812866005 1.1697216005506514
61491.1617 lsst_hardware_r -34.71294134774481 76.80000305175781 31.600000381469727 AB 8.64793051642879 1.253323263250549
61491.1816 lsst_hardware_i -87.54787352023973 65.20999908447266 31.309999465942383 AB 7.8935609182919695 1.1659617309146189
61495.1742 lsst_hardware_g -5.994932173922245 14.880000114440918 31.43000030517578 AB 5.326114683362369 1.1530466570512075
61495.1931 lsst_hardware_r 55.25633139549422 23.8799991607666 31.510000228881836 AB 5.074939621893795 1.0946610008938564
61498.1509 lsst_hardware_r 42.262555641768444 24.170000076293945 31.469999313354492 AB 7.567481897720008 1.213661344407989
61498.1681 lsst_hardware_i 9.517757889656412 31.860000610351562 31.239999771118164 AB 7.317971444699017 1.1457005706135237
61500.1739 lsst_hardware_u -3.452205115755452 2.7100000381469727 28.389999389648438 AB 8.183726844537837 1.1100090665346556
61500.1951 lsst_hardware_g -8.80871003332195 14.649999618530273 31.43000030517578 AB 7.812461217309643 1.0585034618340263
61502.1729 lsst_hardware_r 0.5815391239389521 23.899999618530273 31.5 AB 11.135307743217755 1.097561258017619
61502.1902 lsst_hardware_i 20.02018043171921 31.15999984741211 31.25 AB 10.803102455806728 1.0573912893832658
61504.147 lsst_hardware_i 31.98890065146433 32.290000915527344 31.229999542236328 AB 8.068585163537387 1.162620340567399
61504.1653 lsst_hardware_z 7.821156526904902 42.4900016784668 30.940000534057617 AB 7.672618426895363 1.103418196145159
61510.1629 lsst_hardware_r 20.984572814539913 36.38999938964844 31.59000015258789 AB 11.29340179044466 1.0687424804054755
61510.1805 lsst_hardware_z -7.5966709016978955 43.810001373291016 30.959999084472656 AB 10.258026847093095 1.0361643279892014
61512.1578 lsst_hardware_r -7.7307092126394785 57.7400016784668 31.639999389648438 AB 15.58824582524792 1.067956278420237
61512.1773 lsst_hardware_y 3.9548363311241315 49.689998626708984 30.059999465942383 AB 14.106961016219183 1.032796033107789
61514.1572 lsst_hardware_z -44.764216824274435 72.9800033569336 31.0 AB 9.961865568690499 1.0578597821695337
61514.1774 lsst_hardware_r 216.1248892214348 104.83999633789062 31.670000076293945 AB 9.26370758064569 1.0252567739079952
61517.1594 lsst_hardware_i -123.86714387971377 119.06999969482422 31.350000381469727 AB 10.583969250480674 1.0392742783268534
61517.1773 lsst_hardware_z -22.948698344166324 99.83999633789062 31.010000228881836 AB 9.32498014150461 1.0161251107665823
61521.0686 lsst_hardware_z -13.373172587302834 45.220001220703125 30.920000076293945 AB 14.427857556655956 1.3150904709375586
61521.0861 lsst_hardware_i -74.86277898770872 41.5 31.260000228881836 AB 11.98323819423896 1.222779407575404
61523.0686 lsst_hardware_u -0.9321870173156037 2.6700000762939453 28.290000915527344 AB 2.0600731046516554 1.2836679434946445
61523.0856 lsst_hardware_g -30.256653136337864 15.199999809265137 31.40999984741211 AB 2.8186249023652414 1.2006921841811466
61525.0647 lsst_hardware_r -35.116323181348406 24.8700008392334 31.469999313354492 AB 13.621757500141769 1.2751469693556536
61525.0836 lsst_hardware_i 28.442895264621754 32.560001373291016 31.239999771118164 AB 12.34918472805685 1.1862239784887583
61527.0614 lsst_hardware_i -30.736691882289385 32.939998626708984 31.229999542236328 AB 10.614842936888412 1.2636717782010014
61527.0815 lsst_hardware_z 74.14334599461382 43.310001373291016 30.940000534057617 AB 9.852152756136444 1.1728753281114814
61529.0663 lsst_hardware_g -4.996951781110747 15.0 31.399999618530273 AB 13.273914235119149 1.2134855773207414
61529.0857 lsst_hardware_r -10.088303354130428 24.190000534057617 31.489999771118164 AB 13.44769141587273 1.1380916905782608
61534.0517 lsst_hardware_z -48.225484097026154 43.75 30.940000534057617 AB 10.868749417587862 1.217764308892972
61534.0714 lsst_hardware_i -29.39635106642462 31.889999389648438 31.239999771118164 AB 10.180307288634879 1.1402673934402865
61536.0476 lsst_hardware_u 3.9188590331752793 3.0199999809265137 28.479999542236328 AB 9.321571186562347 1.2116427018928526
61536.0669 lsst_hardware_g -19.649041824440342 16.170000076293945 31.469999313354492 AB 8.670010015745072 1.1370504938682449
61540.0429 lsst_hardware_r -10.788650676840293 51.970001220703125 31.600000381469727 AB 7.7036983557715235 1.1851843624263882
61540.063 lsst_hardware_i -57.90689579733463 46.90999984741211 31.299999237060547 AB 7.247232007776607 1.1149587704271704
61542.0834 lsst_hardware_z -13.439593102212863 94.36000061035156 31.739999771118164 AB 9.015398718193293 1.0527395963442567
61545.0464 lsst_hardware_i -119.07787451049353 124.94999694824219 31.329999923706055 AB 8.182250645907375 1.12393552828398
61545.067 lsst_hardware_z -23.276096172732164 102.2300033569336 31.0 AB 7.7323651874211805 1.0694834284123347
61546.0657 lsst_hardware_z -77.03518620464708 119.75 31.75 AB 7.525771315242564 1.0663760601609529
61548.0499 lsst_hardware_g -10.668676378635022 75.2300033569336 31.709999084472656 AB 2.131652047493555 1.0907310493740388
61548.0712 lsst_hardware_r 104.96590778687707 73.37000274658203 31.649999618530273 AB 2.0078154893989755 1.0451928627792688
61550.0701 lsst_hardware_r -21.17320986951666 35.27000045776367 31.59000015258789 AB 5.046074965095768 1.0380022555737316
61550.0878 lsst_hardware_y 91.08077242674382 47.97999954223633 30.059999465942383 AB 5.841837943520267 1.0155302813594553
61552.0442 lsst_hardware_u 1.9241383203235434 2.7100000381469727 28.399999618530273 AB 6.224186834466254 1.077874592512989
61552.0644 lsst_hardware_g -28.909305343176655 14.770000457763672 31.440000534057617 AB 6.016713227741557 1.0383788576899564
61554.0462 lsst_hardware_r 49.83889149438287 33.709999084472656 32.2599983215332 AB 10.252907460036692 1.0614599953450519
61554.0658 lsst_hardware_i -16.419435278952836 44.09000015258789 32.02000045776367 AB 9.886413301296718 1.0283618048416818
61560.9507 lsst_hardware_y -27.139693059572497 72.62000274658203 29.950000762939453 AB 16.877564586755962 1.3706738971377337
61560.9718 lsst_hardware_u -5.326977641707955 2.630000114440918 28.239999771118164 AB 14.634371080335942 1.2471678157222892
61562.9511 lsst_hardware_y -289.984394870366 71.69999694824219 29.969999313354492 AB 6.234358203799925 1.3323650658163995
61562.9686 lsst_hardware_r 15.18226075629566 24.579999923706055 31.479999542236328 AB 5.227436106116704 1.236092718400734
61571.9656 lsst_hardware_z -93.44021791242587 121.0 31.739999771118164 AB 10.52302053342586 1.1472670864210726
61573.9558 lsst_hardware_y 57.538380072977134 72.33000183105469 30.030000686645508 AB 6.669450863687266 1.1628875574189907
61573.9792 lsst_hardware_z -98.83776361997218 75.5999984741211 30.989999771118164 AB 7.280516256490692 1.0899792284588965
61577.9626 lsst_hardware_y 33.530911034116606 49.209999084472656 30.030000686645508 AB 5.720714014945002 1.1052384109244593
61577.983 lsst_hardware_i 23.027450644072026 30.969999313354492 31.25 AB 5.690234017817226 1.056780391460159
61579.9627 lsst_hardware_y 28.90699335855426 49.29999923706055 30.030000686645508 AB 5.143388391418747 1.090278408355975
61579.9829 lsst_hardware_g -9.420871877147608 14.489999771118164 31.43000030517578 AB 4.855428158017715 1.0468044896912072
61581.9575 lsst_hardware_y -5.734919041027755 55.54999923706055 30.040000915527344 AB 5.247560137241745 1.0896096630485352
61581.9769 lsst_hardware_i 15.27301376886819 31.239999771118164 31.260000228881836 AB 6.709498438340262 1.0477588524814316
61584.9617 lsst_hardware_z 5.705240102540391 44.91999816894531 30.959999084472656 AB 4.306543730550105 1.0611606728254879
61584.9813 lsst_hardware_u -5.4929553052034 2.740000009536743 28.459999084472656 AB 3.9995661550096493 1.0281661066862853
61588.9601 lsst_hardware_y 74.6460174023181 53.84000015258789 30.049999237060547 AB 7.619271641409177 1.0437358412889284
61588.9787 lsst_hardware_z -63.18734846217235 41.15999984741211 30.950000762939453 AB 7.432799479467967 1.01819170951616
