data/validation/pwv_sim_epoch_fit_4/17403876.ecsv
# %ECSV 0.9
# ---
# datatype:
# - {name: time, datatype: float64}
# - {name: band, datatype: string}
# - {name: flux, datatype: float64}
# - {name: fluxerr, datatype: float64}
# - {name: zp, datatype: float64}
# - {name: zpsys, datatype: string}
# - {name: pwv, datatype: float64}
# - {name: airmass, datatype: float64}
# meta: {SNID: '17403876', alt: 1024.0, c: -0.059230923652648926, dec: -20.264481, lat: -30.244573, lon: -70.7499537, ra: 333.984375,
#   t0: 62447.49609375, x0: 6.400139387665928e-06, x1: 0.9661669731140137, z: 0.5537244081497192}
# schema: astropy-2.0
time band flux fluxerr zp zpsys pwv airmass
62284.4109 lsst_hardware_i -26.680725600729087 65.06999969482422 31.34000015258789 AB 9.60355875411689 1.031420766203104
62284.4322 lsst_hardware_z -26.596205476921078 67.0 31.0 AB 8.948704345519328 1.0172257369440094
62287.4238 lsst_hardware_r 60.17582458164907 80.5 31.65999984741211 AB 7.343484024159459 1.0172909157960093
62290.4128 lsst_hardware_z 59.70771646124764 51.63999938964844 30.979999542236328 AB 10.944165724758024 1.018298741545282
62290.4344 lsst_hardware_y -107.69913080693682 59.689998626708984 30.06999969482422 AB 10.907007580877757 1.0173182049071408
62301.3822 lsst_hardware_r 43.05362347054602 34.40999984741211 32.27000045776367 AB 12.629855691574399 1.018536749320516
62301.4048 lsst_hardware_u -0.48067606538114205 3.9600000381469727 29.219999313354492 AB 12.61648490687178 1.017458460231595
62303.3808 lsst_hardware_g -15.735507957939381 15.430000305175781 31.469999313354492 AB 7.119621907728983 1.0170888439612833
62303.4 lsst_hardware_r 2.763931663027673 24.18000030517578 31.520000457763672 AB 7.12378141959532 1.0176830599421887
62309.3671 lsst_hardware_r 0.2951390643749635 23.93000030517578 31.520000457763672 AB 2.1075792693348347 1.016435625432814
62309.3872 lsst_hardware_i 20.804740477597033 31.18000030517578 31.260000228881836 AB 2.140226428159321 1.019155441980629
62311.3446 lsst_hardware_i 16.17393292550389 55.38999938964844 31.31999969482422 AB 3.496917907544704 1.0247128248525421
62311.3684 lsst_hardware_z -14.587764792636575 52.779998779296875 30.979999542236328 AB 3.4761518478700784 1.0158493576806447
62311.3875 lsst_hardware_i -15.026371612515248 49.91999816894531 31.31999969482422 AB 3.9874889353344547 1.0224330603421679
62313.3483 lsst_hardware_r -24.861713722913002 100.25 31.670000076293945 AB 5.5114995061482785 1.019044005944009
62313.3686 lsst_hardware_z 47.20470996569059 68.04000091552734 30.989999771118164 AB 5.494159892105565 1.0165271624975605
62318.3168 lsst_hardware_y -48.68780221474196 52.97999954223633 30.059999465942383 AB 9.03087343387369 1.0327785040310709
62318.3369 lsst_hardware_r 20.971545276646925 70.18000030517578 31.65999984741211 AB 8.765053521669671 1.0180873689410335
62320.3514 lsst_hardware_i -4.47433487292476 40.20000076293945 31.299999237060547 AB 6.691843142848451 1.0169974381228408
62320.3674 lsst_hardware_z 82.84289618922254 45.95000076293945 30.969999313354492 AB 6.6984750985510955 1.0257608971403998
62324.3507 lsst_hardware_r -2.1397156630359824 24.079999923706055 31.520000457763672 AB 1.6073030560355703 1.0215909254464042
62324.3702 lsst_hardware_g -0.1923948419219691 15.600000381469727 31.479999542236328 AB 1.6481246140882724 1.0403732440326439
62326.3066 lsst_hardware_u 2.3739535116754897 2.7799999713897705 28.469999313354492 AB 1.7537150763296392 1.0225743885304637
62326.3268 lsst_hardware_r -29.160457332867665 23.90999984741211 31.520000457763672 AB 1.7582521674504334 1.0158414063267436
62329.3019 lsst_hardware_i 8.112466806647586 31.06999969482422 31.25 AB 7.784176243105598 1.0204294834746597
62329.3238 lsst_hardware_z 70.44136831970127 41.13999938964844 30.950000762939453 AB 7.771387764119291 1.0163105184114156
62331.2954 lsst_hardware_r 38.017805164719476 23.940000534057617 31.510000228881836 AB 6.178734018456075 1.021025203413381
62331.315 lsst_hardware_u 0.19401702331717638 2.7699999809265137 28.459999084472656 AB 6.193980510007501 1.0159062670177958
62333.2966 lsst_hardware_g -17.03346291927208 15.140000343322754 31.469999313354492 AB 2.99788751806708 1.0178432044139023
62333.3194 lsst_hardware_r -5.236400337723532 23.850000381469727 31.520000457763672 AB 3.005644495003676 1.0181722544050393
62335.2808 lsst_hardware_i 6.360486825443935 31.149999618530273 31.25 AB 1.9405073589110475 1.02342936346559
62335.3038 lsst_hardware_z 38.27007801632684 41.290000915527344 30.950000762939453 AB 1.82860099872907 1.015889443738372
62344.263 lsst_hardware_z -112.98741772509777 133.10000610351562 31.760000228881836 AB 1.978072631985137 1.019362345779509
62344.282 lsst_hardware_r 176.65604275111448 189.8000030517578 32.41999816894531 AB 2.066897532571333 1.016173811490331
62346.2591 lsst_hardware_z -9.671203259472328 63.970001220703125 30.989999771118164 AB 4.271350854695521 1.0186456189901476
62346.2806 lsst_hardware_r -27.122977496364424 87.19000244140625 31.65999984741211 AB 4.247799249146174 1.017051237849001
62349.2435 lsst_hardware_i -36.38273981366651 39.22999954223633 31.299999237060547 AB 4.577638796710229 1.0227836739503007
62349.2626 lsst_hardware_z -73.18065642399013 45.22999954223633 30.959999084472656 AB 4.4881135904635 1.0158699842606382
62350.2213 lsst_hardware_r -25.7691420516485 28.209999084472656 31.559999465942383 AB 1.8665938203046137 1.0427898437455942
62350.2395 lsst_hardware_z -7.301906382370605 42.81999969482422 30.959999084472656 AB 1.8183984750896864 1.0236808829553499
62355.2211 lsst_hardware_i -31.437396857768732 31.639999389648438 31.270000457763672 AB 3.2845031721309996 1.0275311034353196
62355.2404 lsst_hardware_z -9.766102748213305 41.5 30.959999084472656 AB 3.2211862210863567 1.0166816058136843
62357.2228 lsst_hardware_z -81.37548849010429 41.54999923706055 30.950000762939453 AB 3.3923547883263936 1.022024489968033
62357.2426 lsst_hardware_r -3.915071347877831 24.360000610351562 31.520000457763672 AB 3.3980120059837176 1.0158481333284657
62361.2107 lsst_hardware_u -1.4943240063103826 2.990000009536743 28.600000381469727 AB 3.5941521209393037 1.0228093685086237
62361.2319 lsst_hardware_r -83.60444065312863 24.579999923706055 31.540000915527344 AB 3.5615805233736726 1.0158529730101746
62363.2157 lsst_hardware_i -48.98049991103123 31.530000686645508 31.270000457763672 AB 4.40438961221647 1.017493364904467
62363.2354 lsst_hardware_z 10.665136774522235 41.52000045776367 30.959999084472656 AB 4.409841210271739 1.0174208744762914
62370.205 lsst_hardware_i -36.39817846061795 96.88999938964844 31.350000381469727 AB 2.539368560803591 1.015882875371486
62370.2252 lsst_hardware_z 135.13610524071254 80.7699966430664 31.0 AB 2.03487002858807 1.021649317729723
62373.1379 lsst_hardware_z -86.70811909433581 92.29000091552734 31.0 AB 3.8498746885252433 1.0796059137760077
62373.16 lsst_hardware_r 119.19347821810341 190.91000366210938 32.40999984741211 AB 3.6454557459535026 1.0407658201237635
62373.1881 lsst_hardware_i 21.08487937433371 103.91000366210938 31.350000381469727 AB 3.867872530048399 1.017593404380005
62377.1562 lsst_hardware_i -28.434930490776225 42.209999084472656 31.299999237060547 AB 5.3677639203686685 1.03226229237859
62377.1752 lsst_hardware_z -42.01760633684946 47.7599983215332 30.969999313354492 AB 5.4906085275302186 1.0183351467575867
62379.1494 lsst_hardware_r -21.692476758002126 24.450000762939453 31.520000457763672 AB 4.839190865278431 1.0337206348501347
62379.1667 lsst_hardware_u -3.796688636799026 2.75 28.43000030517578 AB 3.976952105500858 1.0197313091027842
62384.1353 lsst_hardware_r 21.659843146002704 24.229999542236328 31.510000228881836 AB 1.6149392983464004 1.034223053696473
62384.1532 lsst_hardware_i 23.770009688308726 31.34000015258789 31.260000228881836 AB 1.5152060157469753 1.0196541155766994
62386.138 lsst_hardware_z -0.30067965405719305 41.540000915527344 30.950000762939453 AB 2.0731732901390165 1.02619640645416
62386.1584 lsst_hardware_r 0.6886686043429723 24.229999542236328 31.520000457763672 AB 2.0971281154737254 1.016173526577214
62388.1246 lsst_hardware_u -5.392480638551033 3.9200000762939453 29.209999084472656 AB 2.6383556870166327 1.0339734893598822
62388.1433 lsst_hardware_r -61.92928760497521 34.02000045776367 32.2599983215332 AB 3.3672033006535873 1.019155033365527
62391.125 lsst_hardware_i 98.8642662763888 31.350000381469727 31.270000457763672 AB 3.5897959852389922 1.0256559957825693
62391.144 lsst_hardware_z -26.422130864683655 41.34000015258789 30.959999084472656 AB 3.5044340388746704 1.0162934934748555
62394.1199 lsst_hardware_r 45.61003521889896 33.2400016784668 31.59000015258789 AB 1.0459792084749857 1.0232961439507442
62394.1383 lsst_hardware_z -40.152578418252226 43.38999938964844 30.959999084472656 AB 1.415070018560962 1.0159650725578284
62398.0903 lsst_hardware_r 50.29180748928409 103.8499984741211 31.65999984741211 AB 5.841619452365757 1.042711867501551
62402.1015 lsst_hardware_z -34.31013440018417 72.13999938964844 31.0 AB 1.327370040468919 1.0210538772837838
62402.1235 lsst_hardware_r -24.003435089334893 110.63999938964844 31.670000076293945 AB 1.320998041122875 1.0161523393252885
62405.0749 lsst_hardware_g -58.99802713495521 33.04999923706055 31.670000076293945 AB 3.045307228270419 1.037848591043741
62405.0941 lsst_hardware_i 0.146327549679803 43.88999938964844 31.299999237060547 AB 3.8323366677579154 1.0205956505347311
62408.0732 lsst_hardware_z -20.503714669318626 41.38999938964844 30.950000762939453 AB 3.4894743590404067 1.030559468115891
62408.0895 lsst_hardware_r 46.50692977953593 23.809999465942383 31.510000228881836 AB 3.7936117297101823 1.0187839216839014
62410.0744 lsst_hardware_u -3.8244984050903015 2.75 28.459999084472656 AB 5.850004210531169 1.0246387570991071
62410.0937 lsst_hardware_g 15.091070291725249 15.010000228881836 31.469999313354492 AB 6.4426696281175495 1.0160603960758723
62412.0743 lsst_hardware_r -26.09422519957385 23.709999084472656 31.5 AB 2.964448568382417 1.0209914132540214
62412.0924 lsst_hardware_i -22.470418236737903 30.979999542236328 31.260000228881836 AB 3.5964323457699763 1.0158456865936532
62415.0605 lsst_hardware_z 86.83076044813264 41.400001525878906 30.950000762939453 AB 3.8884634975166543 1.024830598278121
62415.0791 lsst_hardware_r 13.476584551519583 23.959999084472656 31.530000686645508 AB 3.8532204047358594 1.0161892852365078
62417.0609 lsst_hardware_u 3.5757269750460954 2.7564134467375094 28.43000030517578 AB 5.547773090346542 1.0208433324762363
62417.0801 lsst_hardware_r -33.56451868146607 23.817495558871265 31.510000228881836 AB 5.353789553621939 1.0158993460383188
62419.0624 lsst_hardware_i 0.16192172561446175 31.331819721953106 31.25 AB 2.465536464371558 1.0176252862508142
62419.079 lsst_hardware_z -0.32243791720739284 41.334913628901674 30.950000762939453 AB 2.475995814003748 1.0164881891222188
62421.0624 lsst_hardware_r 97.46680133570514 25.92212698556516 31.530000686645508 AB 5.44407607877263 1.01623882624664
62421.0816 lsst_hardware_u 3.693811161794776 3.769853839857129 28.600000381469727 AB 5.440239514449451 1.0192486209740372
62424.041 lsst_hardware_y 10.572043495801509 49.6355636876198 30.059999465942383 AB 6.88788189621034 1.0213095607873974
62424.0586 lsst_hardware_g 109.99787558707739 44.84156786737724 31.709999084472656 AB 5.9970376763323205 1.0158444441995969
62426.0436 lsst_hardware_r 581.9570226887889 85.79737042499498 31.65999984741211 AB 6.6187866290503 1.0175182498732174
62426.0622 lsst_hardware_i 239.15629491559417 71.62620537973207 31.34000015258789 AB 6.617315078367772 1.0170574944978066
62428.0299 lsst_hardware_z 309.04038301777734 71.673339869084 30.989999771118164 AB 4.167213492098298 1.0214175804808117
62428.0478 lsst_hardware_r 825.8880795397642 99.38881256236884 31.670000076293945 AB 3.832857387986711 1.015842230179601
62431.0053 lsst_hardware_i 853.5571916402764 77.5238433702953 31.329999923706055 AB 4.2967539192697135 1.036153029042976
62434.0116 lsst_hardware_y 202.22897297217054 51.27486871780118 30.059999465942383 AB 3.689566613732249 1.0226543947149025
62434.0285 lsst_hardware_r 1507.3619613928417 45.91956480157438 31.520000457763672 AB 3.6690182279392682 1.0160201858880145
62436.0123 lsst_hardware_y 318.68248709416736 51.8497812572269 30.049999237060547 AB 4.360652405066 1.0191218178785495
62436.0281 lsst_hardware_g 682.1897322999982 30.918791897814174 31.469999313354492 AB 4.343864372833131 1.0158907928903662
62441.0025 lsst_hardware_y 440.3741727695638 70.67014090692483 30.06999969482422 AB 4.272754347513768 1.0175647410130682
62441.0211 lsst_hardware_r 2266.31000992149 53.29891779601312 31.510000228881836 AB 4.269688909285076 1.0170163542630788
62651.4162 lsst_hardware_r 25.768554093222562 25.06999969482422 31.530000686645508 AB 13.213873167540026 1.0227917798822206
62651.4339 lsst_hardware_y 112.55350283885454 54.86000061035156 30.06999969482422 AB 12.919102474775654 1.0159721983938073
62653.4155 lsst_hardware_z 8.15136760341578 59.65999984741211 31.700000762939453 AB 6.335913996516482 1.01992015612104
62656.4047 lsst_hardware_g 17.871133658844087 15.890000343322754 31.479999542236328 AB 11.85896034790141 1.0213996251583972
62656.4251 lsst_hardware_y -10.5430283284103 48.0 30.049999237060547 AB 11.34186400979888 1.015931924919274
62673.3554 lsst_hardware_z -8.8058327470342 53.08000183105469 30.979999542236328 AB 3.427576585995844 1.0233099226737854
62673.3838 lsst_hardware_i 140.42689757892393 53.08000183105469 31.31999969482422 AB 3.0705475510693807 1.016737599691848
62677.3874 lsst_hardware_u 4.342870163110876 3.140000104904175 28.510000228881836 AB 4.548673045365164 1.0238033676147793
62677.4078 lsst_hardware_g 6.2965265142897024 17.469999313354492 31.5 AB 4.572119170447992 1.046151778918346
62679.3226 lsst_hardware_g 4.0467599166573605 15.1899995803833 31.459999084472656 AB 7.082490144541741 1.039707889686104
62679.3429 lsst_hardware_r 19.375863753385378 23.920000076293945 31.510000228881836 AB 7.349855558486605 1.0208132720120284
62681.3412 lsst_hardware_i -9.493274688751796 31.010000228881836 31.25 AB 2.122841590551373 1.0188824528684293
62681.3629 lsst_hardware_z 4.079190663967815 41.20000076293945 30.950000762939453 AB 2.136677792763064 1.0169813387733213
62683.3418 lsst_hardware_r -17.947140233950496 33.7400016784668 32.2599983215332 AB 8.774235468983667 1.0167721732410409
62683.3629 lsst_hardware_g 21.667643096285214 21.31999969482422 32.209999084472656 AB 8.796815539600212 1.0189755055716805
62687.325 lsst_hardware_r -16.312425020998326 23.709999084472656 31.520000457763672 AB 4.584610421136868 1.018802315808193
62687.3455 lsst_hardware_i -38.45973157337555 30.93000030517578 31.260000228881836 AB 4.650817590012799 1.016720306787029
62689.3279 lsst_hardware_z 4.187642286857415 41.310001373291016 30.959999084472656 AB 1.5083035192528 1.016262898991183
62689.3494 lsst_hardware_i -66.05935081388098 31.110000610351562 31.260000228881836 AB 1.6231679029044574 1.0204324620103462
62696.304 lsst_hardware_r -121.56460200884983 98.37000274658203 31.65999984741211 AB 6.151649450973175 1.0174322019389168
62703.2427 lsst_hardware_r -89.60205751892902 41.5 31.600000381469727 AB 5.991114046314632 1.0622699590090807
62703.266 lsst_hardware_z -94.05964831223785 45.93000030517578 30.959999084472656 AB 4.82818724622472 1.0296105870538927
62705.1259 lsst_hardware_r 5.648003054175806 25.610000610351562 31.360000610351562 AB 9.800732629927214 1.6897814879184854
62708.2474 lsst_hardware_i 16.04338937995394 31.1299991607666 31.25 AB 10.42401973412434 1.0348561473380937
62708.2714 lsst_hardware_z -19.193810786804107 41.04999923706055 30.940000534057617 AB 10.658081702717388 1.0173808421837904
62712.2346 lsst_hardware_g 0.2913039913568665 21.450000762939453 32.20000076293945 AB 4.666858143447696 1.0370795874328214
62712.2572 lsst_hardware_r 8.131739561916477 33.849998474121094 32.2599983215332 AB 4.48475247982395 1.0186060066980995
62717.2153 lsst_hardware_i -27.543833255658935 31.450000762939453 31.25 AB 1.53766029277093 1.0445470429239263
62717.2366 lsst_hardware_z -0.29296468874078335 41.310001373291016 30.940000534057617 AB 1.5957984033174313 1.0224015397655726
62721.218 lsst_hardware_r -38.9183328260289 55.470001220703125 32.36000061035156 AB 3.1884218553159256 1.0285231791341696
62721.2394 lsst_hardware_g 82.53596559737633 45.900001525878906 32.43000030517578 AB 3.1510643744826545 1.0164723788653725
62724.1919 lsst_hardware_z -16.316587652087467 64.31999969482422 30.989999771118164 AB 7.845871317811138 1.051020940095263
62724.2139 lsst_hardware_r -21.563065615398475 88.16999816894531 31.65999984741211 AB 6.669382656170021 1.025007580353999
