data/validation/pwv_sim_epoch_fit_4/17574471.ecsv
# %ECSV 0.9
# ---
# datatype:
# - {name: time, datatype: float64}
# - {name: band, datatype: string}
# - {name: flux, datatype: float64}
# - {name: fluxerr, datatype: float64}
# - {name: zp, datatype: float64}
# - {name: zpsys, datatype: string}
# - {name: pwv, datatype: float64}
# - {name: airmass, datatype: float64}
# meta: {SNID: '17574471', alt: 1024.0, c: -0.14921586215496063, dec: -18.209957, lat: -30.244573, lon: -70.7499537, ra: 236.425781, t0: 60814.42578125,
#   x0: 4.410908622661985e-06, x1: 1.0267174243927002, z: 0.6446207761764526}
# schema: astropy-2.0
time band flux fluxerr zp zpsys pwv airmass
[from data line 132]
61162.2051 lsst_hardware_r -11.082771208961002 161.08999633789062 31.670000076293945 AB 8.258850252504953 1.0467490814328204
61162.224 lsst_hardware_i -43.226852237369144 126.66999816894531 31.350000381469727 AB 8.249103798618744 1.0281712723020546
61164.2446 lsst_hardware_z -53.209058023776066 85.51000213623047 31.0 AB 9.744800709112148 1.0230582886506427
61164.263 lsst_hardware_i 123.68807145835615 98.75 31.350000381469727 AB 9.521977374297212 1.0334810196230761
61171.2345 lsst_hardware_i 3.0021992934769726 31.959999084472656 31.260000228881836 AB 7.724135970851397 1.026690647432618
61171.2567 lsst_hardware_z -1.7460723128166573 42.63999938964844 30.950000762939453 AB 8.278243179336354 1.047878883460298
61174.1909 lsst_hardware_r -47.709760543776106 24.739999771118164 31.520000457763672 AB 6.0907251128762505 1.0283899389978242
61174.2126 lsst_hardware_g 10.465455941145066 15.970000267028809 31.489999771118164 AB 6.885991462929599 1.0222671411712587
61176.1896 lsst_hardware_r 19.039947418246687 24.81999969482422 31.530000686645508 AB 5.515057221114807 1.0259617191172554
61176.2089 lsst_hardware_i -3.3833167933802817 31.719999313354492 31.260000228881836 AB 5.320962637336345 1.0224755260062866
61181.1705 lsst_hardware_g 29.855848389703613 22.559999465942383 32.2400016784668 AB 7.789384777296363 1.029264078924772
61181.2006 lsst_hardware_r 27.546666194186056 35.040000915527344 32.279998779296875 AB 7.6538675351274295 1.023757570322978
61186.1598 lsst_hardware_r 3.7612173976363845 55.779998779296875 31.639999389648438 AB 6.000044911828097 1.0273463121673587
61186.1804 lsst_hardware_z -62.046957262984684 50.560001373291016 30.979999542236328 AB 6.303979256424079 1.0223221671048122
61188.1437 lsst_hardware_r 19.604916485396334 137.49000549316406 32.40999984741211 AB 7.480377274020525 1.0357047108370405
61188.1668 lsst_hardware_i -224.02778983202234 111.52999877929688 32.09000015258789 AB 7.741397430028391 1.02257412720803
61195.0367 lsst_hardware_r 15.522100921962256 45.959999084472656 31.549999237060547 AB 14.732944456666429 1.3004437916881295
61195.0682 lsst_hardware_z -16.703184479818546 54.43000030517578 30.959999084472656 AB 13.280571759446632 1.1562063692602773
61197.1304 lsst_hardware_g 19.527261873660663 29.59000015258789 31.649999618530273 AB 5.802917111134407 1.0269740927589712
61197.1532 lsst_hardware_r 39.91079838054741 40.5099983215332 31.610000610351562 AB 5.77145570252263 1.0227637254160251
61219.0907 lsst_hardware_z -39.1620848503366 90.6500015258789 31.0 AB 7.331405725312505 1.0223686689880047
61219.1145 lsst_hardware_r 45.33059139167566 124.72000122070312 31.65999984741211 AB 7.335164550730214 1.0350168690180184
61221.093 lsst_hardware_z 5.041994344152944 74.77999877929688 31.0 AB 3.7465153942360607 1.024337770126059
61221.1153 lsst_hardware_r -54.14820669368525 112.5 31.65999984741211 AB 3.694308746076955 1.041677356852377
61224.0611 lsst_hardware_g -10.228975809484297 51.77000045776367 31.719999313354492 AB 6.470116695648611 1.0247660575171034
61224.0827 lsst_hardware_i 56.81326635772471 49.95000076293945 31.309999465942383 AB 6.489190570465335 1.0235989069416236
61226.0699 lsst_hardware_z 6.5646762171811615 41.33000183105469 30.950000762939453 AB 4.315951209959441 1.022212420943326
61226.0938 lsst_hardware_r -4.205515996206836 24.229999542236328 31.520000457763672 AB 3.8055508408949867 1.0335553614598008
61232.0521 lsst_hardware_u -1.6988914200302174 2.809999942779541 28.479999542236328 AB 6.771275037711772 1.0221563948542187
61232.0741 lsst_hardware_g 35.8843437001817 15.369999885559082 31.459999084472656 AB 6.819372400631572 1.0307914144150268
61234.0511 lsst_hardware_r -1.6032474515545203 24.200000762939453 31.520000457763672 AB 6.344163297997304 1.022564937219193
61234.0732 lsst_hardware_i 31.854384760350936 31.520000457763672 31.260000228881836 AB 6.444074587944757 1.0346940571523546
61243.0008 lsst_hardware_g -21.833059300564816 47.0 31.709999084472656 AB 6.261848472806767 1.0295565071409358
61243.0225 lsst_hardware_i 62.66808427159581 47.290000915527344 31.309999465942383 AB 6.231808857640071 1.0221665704166327
61245.0028 lsst_hardware_z 38.946056679436325 68.7300033569336 30.989999771118164 AB 6.353773346368011 1.0251879760718567
61245.0243 lsst_hardware_r 104.21913528149994 88.19999694824219 31.65999984741211 AB 6.380870049702142 1.0232859437165993
61247.0094 lsst_hardware_y 62.681760142734696 79.7699966430664 30.809999465942383 AB 9.393161837641959 1.0221809892964988
61249.9761 lsst_hardware_z 26.1778312233723 62.439998626708984 30.989999771118164 AB 4.556541713126766 1.0341087575890533
61249.9949 lsst_hardware_r -179.6776024333465 87.62999725341797 31.65999984741211 AB 4.535806459244266 1.023133470759435
61251.982 lsst_hardware_y -43.88059106060239 49.709999084472656 30.059999465942383 AB 4.114967890125512 1.0260059566469861
61252.0053 lsst_hardware_z -100.88804536911047 52.529998779296875 30.979999542236328 AB 3.3562267346320414 1.0233178549072464
61253.981 lsst_hardware_y 18.815975226629078 47.5099983215332 30.049999237060547 AB 4.033923726190312 1.0240551029042468
61254.0036 lsst_hardware_u 3.121599091119378 2.859999895095825 28.489999771118164 AB 2.7621208044219383 1.0246205339597285
61258.9652 lsst_hardware_y -56.21071452288748 100.98999786376953 30.829999923706055 AB 3.241786467688356 1.0249087789088775
61258.987 lsst_hardware_r 20.39043280872227 35.689998626708984 32.279998779296875 AB 3.1825864010096954 1.0235590912338215
61261.9666 lsst_hardware_y 41.24015295917257 73.1500015258789 30.079999923706055 AB 2.19065992690206 1.022319324991239
61261.9877 lsst_hardware_g 18.509670919702952 16.389999389648438 31.5 AB 2.201535385648537 1.0276743543700693
