data/validation/pwv_sim_epoch_fit_4/17719554.ecsv
# %ECSV 0.9
# ---
# datatype:
# - {name: time, datatype: float64}
# - {name: band, datatype: string}
# - {name: flux, datatype: float64}
# - {name: fluxerr, datatype: float64}
# - {name: zp, datatype: float64}
# - {name: zpsys, datatype: string}
# - {name: pwv, datatype: float64}
# - {name: airmass, datatype: float64}
# meta: {SNID: '17719554', alt: 1024.0, c: -0.029096627607941628, dec: -54.916332, lat: -30.244573, lon: -70.7499537, ra: 184.523804,
#   t0: 60098.37109375, x0: 2.631646860023029e-05, x1: 0.20077672600746155, z: 0.3048756718635559}
# schema: astropy-2.0
time band flux fluxerr zp zpsys pwv airmass
59966.3587 lsst_hardware_z 11.808730436164181 80.76000213623047 30.989999771118164 AB 9.867875840424036 1.1038509805273282
59966.3718 lsst_hardware_y 219.45269820874427 85.91000366210938 30.059999465942383 AB 9.837096806574097 1.1015580306348254
59968.3575 lsst_hardware_u -0.9164362085988306 23.030000686645508 29.420000076293945 AB 7.7347664406247 1.1026563068748496
59968.3707 lsst_hardware_y 5.453824253262026 85.69999694824219 30.049999237060547 AB 7.8896762977316515 1.101704938242189
59973.3576 lsst_hardware_i -24.311195959943202 68.2300033569336 31.31999969482422 AB 12.776728001195039 1.1017586663864651
59973.3686 lsst_hardware_z -98.73859868333824 81.20999908447266 30.989999771118164 AB 12.712665044699332 1.1042888308400014
59975.3648 lsst_hardware_r 20.396294831173673 65.87999725341797 31.639999389648438 AB 12.819885465877967 1.1049244099011393
59975.3774 lsst_hardware_y -209.9787123069114 85.79000091552734 30.049999237060547 AB 13.172093140214024 1.1119209150755744
59979.3391 lsst_hardware_i -154.23012646076208 96.12999725341797 32.08000183105469 AB 9.221930890618557 1.1016083726947454
59979.3515 lsst_hardware_z 41.8537927416994 114.38999938964844 31.739999771118164 AB 9.199223466905085 1.1040393007446994
59983.3467 lsst_hardware_r 26.77597240744555 64.66999816894531 31.6299991607666 AB 8.882522608250335 1.1066035931459481
59983.359 lsst_hardware_z 60.731372193575865 79.12999725341797 30.979999542236328 AB 9.026748399447817 1.114516578627381
59985.3411 lsst_hardware_y 24.591226822459458 84.22000122070312 30.049999237060547 AB 3.7637909511001792 1.1065362817748035
59985.3526 lsst_hardware_r -89.0734042552511 64.75 31.6299991607666 AB 3.8080180379763013 1.1137812336871311
59989.3007 lsst_hardware_z 112.83717053208098 80.37000274658203 30.989999771118164 AB 2.873989139600666 1.1025533783634707
59989.3121 lsst_hardware_r -22.5437196210779 65.68000030517578 31.639999389648438 AB 2.8679134473464742 1.1016312857924997
59991.2962 lsst_hardware_u -7.925256718811475 23.31999969482422 29.440000534057617 AB 5.449230855770106 1.1023579337014962
59991.3072 lsst_hardware_r -2.24533066281436 66.05000305175781 31.6299991607666 AB 5.6880941710386335 1.1016677435111462
59993.2941 lsst_hardware_i -21.41519218101004 66.38999938964844 31.31999969482422 AB 5.423821117087332 1.10184278660992
59993.3052 lsst_hardware_z -87.80055942871928 78.94999694824219 30.989999771118164 AB 5.428419464915627 1.1020493254663084
59995.2914 lsst_hardware_r -6.762687974293725 64.86000061035156 31.6299991607666 AB 3.0353341927073707 1.1016214103704465
59995.3033 lsst_hardware_u -26.38695007976782 22.75 29.43000030517578 AB 3.97997333913367 1.102740246354284
59997.2857 lsst_hardware_g -14.1566116784958 72.29000091552734 31.709999084472656 AB 10.335540420018091 1.1016350906009478
59997.2983 lsst_hardware_r -74.24107968432489 65.83000183105469 31.6299991607666 AB 12.337892185679015 1.1028529965522373
59999.2714 lsst_hardware_r 54.8403587596282 65.7300033569336 31.6299991607666 AB 10.889245623800988 1.1030435194287873
59999.283 lsst_hardware_i -21.51133711979384 67.80000305175781 31.31999969482422 AB 10.898567212348206 1.1015793616079317
60001.2723 lsst_hardware_z 126.37243318759047 78.98999786376953 30.989999771118164 AB 7.139768790659266 1.101844511020232
60001.2842 lsst_hardware_r -12.587222972278068 64.5999984741211 31.6299991607666 AB 7.136871413900167 1.1021911529536177
60003.2719 lsst_hardware_u 7.624337986932477 23.149999618530273 29.440000534057617 AB 6.04694520275555 1.1015809817990436
60003.284 lsst_hardware_r -15.826401127127202 65.80000305175781 31.6299991607666 AB 6.028557399522623 1.1034240687329777
60005.2739 lsst_hardware_i -26.75103963985745 67.97000122070312 31.31999969482422 AB 3.868357723831775 1.102305582398872
60005.2863 lsst_hardware_z 8.126907730910563 81.01000213623047 30.989999771118164 AB 3.8032604947692117 1.1064566994091634
60008.2706 lsst_hardware_r 31.52407520431487 65.48999786376953 31.6299991607666 AB 11.368664809342578 1.1035038802869166
60008.2825 lsst_hardware_z -28.117328638050925 80.18000030517578 30.979999542236328 AB 11.525822224580008 1.1088207630111602
60014.2754 lsst_hardware_r -38.57670486604895 65.9000015258789 31.6299991607666 AB 9.834842939191162 1.1153777078753961
60014.2884 lsst_hardware_z 0.19485079554833032 81.05999755859375 30.989999771118164 AB 9.919298282576547 1.1282079464567252
60016.2461 lsst_hardware_z -50.67825951929598 80.44000244140625 30.989999771118164 AB 15.13908828642861 1.1027890651536325
60016.2582 lsst_hardware_r -40.03684203129117 65.68000030517578 31.639999389648438 AB 16.813996074887882 1.1074468302595863
60021.2298 lsst_hardware_r 58.18710105436145 64.91000366210938 31.6299991607666 AB 6.5032381998190285 1.1022437626811912
60021.242 lsst_hardware_u -16.08284346477778 22.729999542236328 29.43000030517578 AB 6.526439826517568 1.1061762417826386
60023.2266 lsst_hardware_g 41.682791687149134 72.79000091552734 31.709999084472656 AB 5.426959577113385 1.1027043740959839
60023.2391 lsst_hardware_r 82.2071358308812 66.2300033569336 31.639999389648438 AB 5.450362186472319 1.1074595522650246
60026.2166 lsst_hardware_i 55.60498657934275 67.98999786376953 31.329999923706055 AB 7.138134554027064 1.1023294809709
60026.2292 lsst_hardware_z -23.802933409737314 80.87000274658203 30.989999771118164 AB 7.1114915750836065 1.106588590225398
60028.2232 lsst_hardware_r -158.3931693259358 65.7300033569336 31.639999389648438 AB 7.821747857856882 1.1063292585370412
60028.2351 lsst_hardware_g -85.55428450517542 71.97000122070312 31.700000762939453 AB 7.900113292167664 1.113737776151436
60030.2008 lsst_hardware_r 7.337053131565584 64.81999969482422 31.639999389648438 AB 7.475807503272148 1.1017056791185729
60030.2127 lsst_hardware_i 165.03889730058856 66.55999755859375 31.31999969482422 AB 6.956677640102424 1.1042345460480039
60032.2039 lsst_hardware_z 40.66388847452274 79.43000030517578 30.989999771118164 AB 7.219973623415903 1.1031843165044164
60032.216 lsst_hardware_i 217.9537963078812 66.69999694824219 31.31999969482422 AB 7.401252298042908 1.108276068488294
60037.1503 lsst_hardware_z 19.600489617009345 78.93000030517578 30.989999771118164 AB 6.913725230501794 1.1113080539283575
60037.1619 lsst_hardware_r -31.372696690896024 64.66000366210938 31.6299991607666 AB 6.946000025910194 1.1049952316115486
60039.1519 lsst_hardware_y -94.43691565932406 118.94999694824219 30.799999237060547 AB 7.76207918828924 1.1070760466324865
60041.1448 lsst_hardware_r 75.58905271762072 65.87999725341797 31.6299991607666 AB 11.282637536278207 1.1079513128914769
60041.1564 lsst_hardware_i 6.6129624865400904 68.04000091552734 31.31999969482422 AB 11.261117444354916 1.1031658938435571
60043.1488 lsst_hardware_z -157.12931811533946 80.6500015258789 30.989999771118164 AB 7.567691834205946 1.1038056934372733
60043.1621 lsst_hardware_r 81.84960968977988 65.73999786376953 31.6299991607666 AB 7.576340361398363 1.1016125570917286
60045.1393 lsst_hardware_z 99.25490600287402 80.7699966430664 30.989999771118164 AB 3.2906086138525086 1.1053129003843276
60045.1503 lsst_hardware_r -60.98192654376979 65.8499984741211 31.6299991607666 AB 3.340838235155446 1.1021322012883945
60050.1323 lsst_hardware_i 46.64060840182196 66.83999633789062 31.31999969482422 AB 18.42087298469241 1.1030462865085275
60050.1449 lsst_hardware_z 1.7778067042488899 79.5 30.989999771118164 AB 18.397555712499994 1.1016500426646703
60052.1341 lsst_hardware_r 6.258564652670239 66.13999938964844 31.639999389648438 AB 12.92094383851752 1.1017802147561981
60052.1456 lsst_hardware_u 1.6946768493803095 23.389999389648438 29.450000762939453 AB 13.005126573147427 1.1023473488950437
60054.1319 lsst_hardware_g -11.244804161932272 72.30000305175781 31.709999084472656 AB 7.197996738335296 1.1016217842570089
60054.1434 lsst_hardware_r 15.288224567044438 65.8499984741211 31.6299991607666 AB 7.014419325859639 1.1030840147078993
60057.1372 lsst_hardware_r 149.05661231008864 65.75 31.6299991607666 AB 6.0386782171084965 1.103660461867586
60057.1486 lsst_hardware_g -50.0117524624234 72.1500015258789 31.700000762939453 AB 6.070910529424798 1.108791476083247
60059.126 lsst_hardware_r 13.539102032313327 65.9000015258789 31.6299991607666 AB 15.508669488341205 1.1022639089547048
60059.139 lsst_hardware_i -65.23586987230757 67.94999694824219 31.31999969482422 AB 15.507318049887452 1.1065655960958418
60061.1132 lsst_hardware_i -17.026994537378677 67.51000213623047 31.31999969482422 AB 4.891212530451718 1.101624443795432
60061.1249 lsst_hardware_z 50.2068868255902 80.33999633789062 30.989999771118164 AB 4.892111263599057 1.1032556269040374
60063.1083 lsst_hardware_r 33.39344508958824 66.0 31.6299991607666 AB 9.699754347524776 1.1016293185653594
60063.1204 lsst_hardware_z 15.90099050711094 81.12000274658203 30.989999771118164 AB 9.728960961225878 1.1035364154367027
60065.1094 lsst_hardware_y -157.05993155023472 85.76000213623047 30.049999237060547 AB 10.71514772342164 1.102230255461011
60065.1208 lsst_hardware_r -51.53659086296592 65.7300033569336 31.6299991607666 AB 10.747261940268288 1.105723303981785
60067.0998 lsst_hardware_i -17.120135892281816 67.91000366210938 31.31999969482422 AB 14.513130844531435 1.1017331545229967
60067.1113 lsst_hardware_z 54.74341113074739 80.8499984741211 30.989999771118164 AB 14.623088691508714 1.104129318295735
60069.1106 lsst_hardware_r -43.18032631141149 65.98999786376953 31.6299991607666 AB 10.233745000142699 1.1060518778862682
60069.122 lsst_hardware_z -9.842924358168538 81.05000305175781 30.989999771118164 AB 10.298001129535885 1.112896375670292
60071.1065 lsst_hardware_r 113.76781030680402 65.69000244140625 31.639999389648438 AB 7.357638904710651 1.1067031030287144
60071.1184 lsst_hardware_i -4.535880362000619 67.5999984741211 31.31999969482422 AB 7.392672455030275 1.114319245586204
60073.0839 lsst_hardware_i 13.535005676189588 66.41417858224814 31.31999969482422 AB 9.338631909130779 1.1017734673349735
60073.0956 lsst_hardware_z 60.43345891880562 78.95929395274979 30.989999771118164 AB 9.392338862572618 1.104374719280311
60078.0872 lsst_hardware_r 343.81470532454153 69.50254216293202 31.6299991607666 AB 6.847000653464099 1.1066157720284242
60078.0995 lsst_hardware_u 10.202996999205611 23.449019938038127 29.43000030517578 AB 6.80880646908175 1.1144925473180893
60087.0799 lsst_hardware_i 3324.63265554199 88.03179142829167 31.309999465942383 AB 2.1923785703628713 1.1187507588174723
60087.0918 lsst_hardware_z 2319.335330347177 92.91429409643136 30.979999542236328 AB 2.90851829084149 1.1314990433151555
60094.0164 lsst_hardware_i 5653.837722188674 100.73982653257991 31.31999969482422 AB 10.684109959438352 1.1021742676770074
60094.0284 lsst_hardware_z 3596.421298431599 100.0891501285851 30.989999771118164 AB 10.642962814966914 1.1019746307462503
60096.0197 lsst_hardware_r 8832.981334893575 114.7915904883324 31.639999389648438 AB 7.491495641085159 1.1016905354536999
60096.0318 lsst_hardware_z 3918.1114624509937 100.73607845377994 30.989999771118164 AB 7.507436578264957 1.1040347909213173
60101.0198 lsst_hardware_g 6264.2115326130515 107.38165033674662 31.700000762939453 AB 4.883381754743075 1.1046292376421787
60101.0308 lsst_hardware_i 6376.490797167657 103.23837149813819 31.31999969482422 AB 4.889495028336967 1.110260569948031
60119.0031 lsst_hardware_g 1574.6983795427172 82.30589222583441 31.690000534057617 AB 4.601287153655461 1.1299127395556414
60119.0148 lsst_hardware_r 3833.8386245109655 89.42897576184679 31.6200008392334 AB 4.6532677473058435 1.1457017720807199
60330.3568 lsst_hardware_r 31.46077000224375 22.8700008392334 31.479999542236328 AB 12.457037469970533 1.1060141587472727
60330.3705 lsst_hardware_y 21.648410967598437 60.91999816894531 30.040000915527344 AB 12.37029931840584 1.1019656725723077
60334.3669 lsst_hardware_i 18.33301626346305 54.869998931884766 31.299999237060547 AB 10.520721864362844 1.1016462685196695
60336.3571 lsst_hardware_z 9.024108258027704 56.380001068115234 30.969999313354492 AB 12.090806264081992 1.1016847269433394
60336.3681 lsst_hardware_y -65.13311075558416 55.470001220703125 30.030000686645508 AB 12.075479493094925 1.1024646899461275
60338.3582 lsst_hardware_i 44.685174143553745 53.599998474121094 31.299999237060547 AB 12.751541724906138 1.1018037204700004
60338.3697 lsst_hardware_y 25.692420099598497 53.689998626708984 30.030000686645508 AB 12.71729351580211 1.1044910052082604
60340.3603 lsst_hardware_r -34.65927233930714 55.279998779296875 31.6200008392334 AB 12.835443030360437 1.103214671520433
60340.3719 lsst_hardware_y -79.23207931336799 55.43000030517578 30.030000686645508 AB 12.772112439328595 1.1080490838052568
60346.3359 lsst_hardware_r -8.456527999515172 22.739999771118164 31.479999542236328 AB 4.860173388399717 1.101767840952047
60346.3487 lsst_hardware_i -10.581725602528907 30.700000762939453 31.229999542236328 AB 4.856133046300622 1.104817452945428
60350.3601 lsst_hardware_u -1.2196362720411018 2.5899999141693115 28.34000015258789 AB 3.827773159153888 1.1196684357899438
60350.3732 lsst_hardware_r 2.9718055850867144 22.719999313354492 31.469999313354492 AB 3.872336008847109 1.1342519065164394
60352.3494 lsst_hardware_z -45.33961417539947 41.7400016784668 30.940000534057617 AB 6.903050483554489 1.115073845071266
60352.3608 lsst_hardware_i 6.318284524260218 30.56999969482422 31.229999542236328 AB 6.971440028197918 1.1259694788335488
60354.3334 lsst_hardware_r 1.438670024723222 22.139999389648438 31.469999313354492 AB 2.6991339926189175 1.1079051791149994
60354.3451 lsst_hardware_u -0.7902990715281726 2.549999952316284 28.31999969482422 AB 2.725352806520693 1.1160330903033318
60356.2887 lsst_hardware_u 1.291344457837275 2.640000104904175 28.40999984741211 AB 5.01601217009931 1.1048079373222663
60356.2997 lsst_hardware_g -5.919696086575778 13.170000076293945 31.3799991607666 AB 5.6848391497285595 1.1019621651656173
60359.2895 lsst_hardware_r -14.647509565719266 22.270000457763672 31.489999771118164 AB 2.781758246052869 1.1022684900486868
60359.3005 lsst_hardware_i 3.6066024531690464 30.559999465942383 31.25 AB 2.791651465438033 1.101786468845795
60363.3345 lsst_hardware_z 121.15700901504528 56.900001525878906 30.969999313354492 AB 11.129426598209129 1.1302735204680903
60363.3405 lsst_hardware_r 52.313792748422856 72.08999633789062 31.6299991607666 AB 11.16581804868728 1.1379564196172043
60365.2772 lsst_hardware_z 54.61661587757114 62.220001220703125 30.979999542236328 AB 9.700979375547746 1.1017580210729976
60365.2893 lsst_hardware_i 48.9779736041979 69.66999816894531 31.31999969482422 AB 9.73656344502761 1.1025645120348335
60367.2806 lsst_hardware_z -152.06058142845822 59.61000061035156 30.969999313354492 AB 6.605065922106155 1.1020075505432658
60367.2927 lsst_hardware_r 36.39759140081462 78.93000030517578 31.6299991607666 AB 6.796417893124074 1.1053782049482108
60369.2806 lsst_hardware_y -10.19524430535264 73.16000366210938 30.780000686645508 AB 4.27624056150383 1.1030952242749406
60372.2724 lsst_hardware_r 61.32266445194138 36.86000061035156 31.579999923706055 AB 6.368076660454914 1.103095199212688
60372.2857 lsst_hardware_i 26.489179524213434 37.880001068115234 31.270000457763672 AB 6.428470832474721 1.1087393640004692
60375.2768 lsst_hardware_z -57.38974678807668 41.7599983215332 30.940000534057617 AB 10.733741029045069 1.108332765551267
60375.2884 lsst_hardware_r 10.680905758604435 22.700000762939453 31.479999542236328 AB 10.806795960584862 1.1165871787484007
60381.2597 lsst_hardware_z -9.872467161253313 42.0099983215332 30.940000534057617 AB 16.91743729737754 1.107935554753142
60381.2728 lsst_hardware_r -25.80214673215406 22.270000457763672 31.479999542236328 AB 16.853628479329096 1.1172688698896736
60386.2335 lsst_hardware_r 30.529153689581783 22.049999237060547 31.469999313354492 AB 6.507311149140416 1.1029340930746467
60386.248 lsst_hardware_i -25.92059865712654 30.440000534057617 31.239999771118164 AB 6.543461326278406 1.1090612417421026
60390.2264 lsst_hardware_z 5.882625459825851 48.97999954223633 30.959999084472656 AB 6.440348451719747 1.1040597345805525
60390.239 lsst_hardware_r -8.330272732545794 51.5 31.6200008392334 AB 6.422392861724838 1.1102602368464747
60394.208 lsst_hardware_r 214.47899908543113 100.69000244140625 31.639999389648438 AB 8.142092678582774 1.1021942574170664
60394.2196 lsst_hardware_z -3.326762712082435 68.29000091552734 30.979999542236328 AB 7.20074669745302 1.1056667268420952
60398.2122 lsst_hardware_i -121.14438609280162 59.5099983215332 31.309999465942383 AB 7.280560206594863 1.1073656773364728
60398.2233 lsst_hardware_z -59.23891038560775 57.150001525878906 30.969999313354492 AB 7.3191206126075254 1.114700062839978
60402.2039 lsst_hardware_r -26.439058021831784 28.510000228881836 31.520000457763672 AB 7.120152549719424 1.108827743415608
60402.2166 lsst_hardware_i 4.635741621188116 34.29999923706055 31.239999771118164 AB 8.024341955060823 1.1182972552520134
60404.1883 lsst_hardware_i -13.460960455935842 30.56999969482422 31.239999771118164 AB 8.166481518158415 1.1041132329607954
60404.2009 lsst_hardware_z -29.27030303864258 41.939998626708984 30.940000534057617 AB 8.192639088026773 1.1103519166975895
60414.1397 lsst_hardware_z -0.47930855024261737 41.7599983215332 30.940000534057617 AB 11.678344353004618 1.102250528834792
60414.1507 lsst_hardware_r -24.268898611127753 22.459999084472656 31.489999771118164 AB 11.650379446277805 1.1018643864701583
60416.139 lsst_hardware_y 91.1626458735829 48.310001373291016 30.030000686645508 AB 16.120891718220093 1.1017307596113692
60416.1504 lsst_hardware_g 0.7824401516986894 20.68000030517578 31.559999465942383 AB 16.13661449093797 1.102679683677598
60419.1363 lsst_hardware_r -40.05380233809163 52.02000045776367 31.6200008392334 AB 7.158779993215741 1.1018027898444092
60419.1473 lsst_hardware_i -32.61743266774686 46.369998931884766 31.290000915527344 AB 7.042192396420088 1.1041091844188324
60421.1333 lsst_hardware_z 64.29026554302365 57.68000030517578 30.979999542236328 AB 11.224844906227627 1.1020686685380945
60421.1447 lsst_hardware_r 58.390560814863235 75.51000213623047 31.639999389648438 AB 11.263502404269367 1.1051859298699276
60425.1278 lsst_hardware_z -55.77612805946878 70.8499984741211 30.979999542236328 AB 9.476920702273379 1.103164756589327
60425.1408 lsst_hardware_r -105.01450667864789 103.69000244140625 31.639999389648438 AB 9.896712751178102 1.1086683440453438
60428.172 lsst_hardware_r -40.43664480855818 82.68000030517578 32.36000061035156 AB 11.229292080402372 1.1513286480248501
60428.1825 lsst_hardware_z -71.40496310762492 52.529998779296875 30.950000762939453 AB 11.461364610827403 1.1698453263637114
60431.114 lsst_hardware_u -1.6136357385236566 2.7799999713897705 28.510000228881836 AB 9.842064342347891 1.1039376745167517
60431.1265 lsst_hardware_g -17.989882997504214 13.670000076293945 31.420000076293945 AB 8.288633681076464 1.1099362158295492
60444.0923 lsst_hardware_g 1.5496681913947088 23.110000610351562 32.209999084472656 AB 7.387270500536071 1.110784226830414
60444.1049 lsst_hardware_i 75.37151751859923 44.720001220703125 31.989999771118164 AB 7.366502772553176 1.121133756143393
60446.0396 lsst_hardware_r 9.550404289515114 34.189998626708984 31.56999969482422 AB 10.056227410120721 1.1063260716874763
60446.052 lsst_hardware_z -7.837475874320817 44.130001068115234 30.950000762939453 AB 9.758506116789317 1.1023239080641596
60463.0178 lsst_hardware_g 25.802095627579337 13.109999656677246 31.3700008392334 AB 9.954135329290583 1.1019846298398173
60463.0302 lsst_hardware_r -33.43643868093214 22.040000915527344 31.479999542236328 AB 9.884445889462224 1.1052821196808151
60465.0101 lsst_hardware_i 30.373382123296803 30.270000457763672 31.229999542236328 AB 11.155906854477353 1.1017816882878833
60465.0232 lsst_hardware_z -52.65135364398321 41.65999984741211 30.940000534057617 AB 11.2057986581302 1.1046725806516364
60467.0186 lsst_hardware_r 1.7333456840567527 21.989999771118164 31.469999313354492 AB 5.274661138005998 1.1050074833901637
60467.0311 lsst_hardware_u 2.5500654231351083 2.509999990463257 28.299999237060547 AB 5.3075130540048585 1.1118897478755312
60482.9987 lsst_hardware_z 152.33784173150514 88.63999938964844 31.729999542236328 AB 9.621263910533333 1.1214356738164981
