data/validation/pwv_sim_epoch_fit_4/17736989.ecsv
# %ECSV 0.9
# ---
# datatype:
# - {name: time, datatype: float64}
# - {name: band, datatype: string}
# - {name: flux, datatype: float64}
# - {name: fluxerr, datatype: float64}
# - {name: zp, datatype: float64}
# - {name: zpsys, datatype: string}
# - {name: pwv, datatype: float64}
# - {name: airmass, datatype: float64}
# meta: {SNID: '17736989', alt: 1024.0, c: 0.05124937370419502, dec: -60.623394, lat: -30.244573, lon: -70.7499537, ra: 275.94339, t0: 62319.5390625,
#   x0: 6.2060047363572435e-06, x1: 0.8938078880310059, z: 0.5612186789512634}
# schema: astropy-2.0
time band flux fluxerr zp zpsys pwv airmass
62234.3982 lsst_hardware_i 44.316933919274724 45.560001373291016 31.989999771118164 AB 9.822589291510674 1.1632625878150966
62234.4108 lsst_hardware_y -15.385911443944423 73.80999755859375 30.760000228881836 AB 9.835699109773113 1.159459991721456
62236.4049 lsst_hardware_g -24.774288761111613 15.180000305175781 31.43000030517578 AB 5.09025040760982 1.1595323542838292
62236.4153 lsst_hardware_z 30.672769761411647 51.22999954223633 30.959999084472656 AB 5.069959954601274 1.1590025232929209
62238.4017 lsst_hardware_i 14.708932786558663 31.520000457763672 31.239999771118164 AB 7.274618298637271 1.159209353619197
62238.4145 lsst_hardware_y -44.98266226302045 54.15999984741211 30.020000457763672 AB 7.271593429842243 1.1595588311022553
62246.3833 lsst_hardware_r 10.21091140815776 22.719999313354492 31.469999313354492 AB 5.447016378323679 1.1589396549624849
62246.3941 lsst_hardware_z 82.81060071274047 42.630001068115234 30.940000534057617 AB 5.4512016263910565 1.1598301332746928
62248.3835 lsst_hardware_r -40.23346171968611 22.649999618530273 31.469999313354492 AB 7.030386267477426 1.1590777788273723
62248.397 lsst_hardware_u 2.1752357949713548 2.559999942779541 28.290000915527344 AB 7.008887450293718 1.1623362272460263
62250.3757 lsst_hardware_g -5.845193471028983 13.470000267028809 31.3700008392334 AB 11.457991605449898 1.1589337429652629
62250.3869 lsst_hardware_r 9.789466806840704 22.600000381469727 31.469999313354492 AB 11.486004947654944 1.1607496746939578
62252.3912 lsst_hardware_i 78.0425602485012 31.229999542236328 31.229999542236328 AB 4.6812537500958165 1.1646599838523377
62252.4036 lsst_hardware_z 15.901859023978389 43.060001373291016 30.940000534057617 AB 4.692871278980182 1.1728024522098879
62257.3791 lsst_hardware_z -67.68332858034658 63.220001220703125 30.969999313354492 AB 10.363271915667262 1.1654820245919209
62257.3917 lsst_hardware_i 51.52196279511211 67.9000015258789 31.299999237060547 AB 10.421984822361663 1.1742419945199327
62259.324 lsst_hardware_z -43.28687414932851 53.45000076293945 30.959999084472656 AB 14.558590247287935 1.1663278542980806
62259.3367 lsst_hardware_r -69.02473621476697 58.40999984741211 31.610000610351562 AB 13.195178911235494 1.160781078621992
62261.3252 lsst_hardware_i -10.213392556036794 37.650001525878906 31.270000457763672 AB 9.740070483116018 1.1629587753339923
62261.337 lsst_hardware_r -35.18093992379213 35.4900016784668 31.56999969482422 AB 7.742231905923341 1.159479618498903
62264.3292 lsst_hardware_u 2.5882577536983256 2.8299999237060547 28.43000030517578 AB 11.161155645945218 1.1594198977764731
62264.341 lsst_hardware_g 11.48731729794101 15.119999885559082 31.420000076293945 AB 12.030386870203587 1.1592015484626623
62266.3147 lsst_hardware_r -21.187315554026274 22.81999969482422 31.479999542236328 AB 7.899707166562976 1.161721642141614
62266.3266 lsst_hardware_i 49.46852350017946 31.3700008392334 31.239999771118164 AB 7.881733721376008 1.1590784884376484
62270.3029 lsst_hardware_i 33.36461873492748 31.290000915527344 31.239999771118164 AB 7.835095929720998 1.1620461149012293
62270.315 lsst_hardware_u -2.5874093852094293 2.680000066757202 28.399999618530273 AB 7.660783105300371 1.1591440619307567
62272.3023 lsst_hardware_g -27.705095154840688 13.59000015258789 31.3799991607666 AB 4.365151295465063 1.1604815354154094
62272.3145 lsst_hardware_r -39.59590926083286 22.770000457763672 31.469999313354492 AB 4.370264079986609 1.1589138371749161
62277.3039 lsst_hardware_i 8.679655398454825 31.309999465942383 31.229999542236328 AB 7.842136366800012 1.159050601064146
62277.316 lsst_hardware_r -18.396503969120463 22.770000457763672 31.469999313354492 AB 7.744781737731148 1.1616591777007872
62280.3104 lsst_hardware_r -82.34479168416728 37.97999954223633 31.56999969482422 AB 8.33117464177848 1.1626517153712181
62280.3233 lsst_hardware_i -77.61210582734645 38.290000915527344 31.260000228881836 AB 8.41325768716678 1.1698891312197426
62283.3036 lsst_hardware_z -182.23155435612603 148.2899932861328 32.4900016784668 AB 4.656287021425681 1.1632477881731609
62285.2986 lsst_hardware_r 42.9227307796445 154.14999389648438 32.380001068115234 AB 10.00251565216537 1.1634552504772306
62285.3113 lsst_hardware_z -45.31924939217504 106.7300033569336 31.729999542236328 AB 10.060492982178582 1.1710957219670863
62288.2836 lsst_hardware_i 19.37235707110835 50.650001525878906 31.290000915527344 AB 6.9876934688094225 1.1608910526742404
62288.2956 lsst_hardware_r -11.284100219163982 57.5099983215332 31.610000610351562 AB 7.932384766744647 1.166127029952135
62291.2809 lsst_hardware_z 60.48507961296374 44.3314080891574 30.940000534057617 AB 13.333276597130052 1.1628787124374813
62291.2937 lsst_hardware_g 7.437300581915365 25.538652013149267 31.559999465942383 AB 14.114101409952356 1.1702022103805607
62302.2259 lsst_hardware_r 925.2669321866717 37.36043422785045 31.479999542236328 AB 13.44872296403036 1.159372669312962
62302.2381 lsst_hardware_g 195.46980412889326 19.962527081817825 31.3799991607666 AB 13.448151307185778 1.159323388550498
62304.2282 lsst_hardware_r 1148.2730774894303 40.338186641453596 31.469999313354492 AB 5.943498759183263 1.1589532842086896
62304.2397 lsst_hardware_i 987.8941175226067 43.87519904944314 31.229999542236328 AB 6.021833804734461 1.1608354322379684
62306.2278 lsst_hardware_z 889.0694130225295 51.51481568848767 30.940000534057617 AB 4.001330073664502 1.1594137461721647
62306.241 lsst_hardware_i 1129.3032926778612 46.39948982317164 31.239999771118164 AB 3.9813592362013477 1.1633464214087896
62308.2242 lsst_hardware_z 983.3250418468824 57.4849732629313 30.940000534057617 AB 3.333255368496239 1.1597293250784249
62308.2361 lsst_hardware_g 549.8169928754045 43.601120798705274 31.6200008392334 AB 3.3712473165062122 1.163602490812416
62314.2177 lsst_hardware_z 1424.9903538425444 82.35483012808724 30.979999542236328 AB 8.447942547127912 1.1627209084453705
62314.2297 lsst_hardware_r 2304.02527615049 116.78670487508913 31.6299991607666 AB 8.519971420037038 1.1693619846331373
62315.1907 lsst_hardware_r 2384.4667296049333 102.17884107088308 31.6299991607666 AB 6.840492788016508 1.159340057852637
62315.2038 lsst_hardware_i 1982.952574741893 84.09870177970355 31.309999465942383 AB 6.803601338710068 1.1595071303829008
62325.1897 lsst_hardware_u 3.3603906781252646 2.7645257647304375 28.3799991607666 AB 2.207968041705274 1.163619521320271
62325.2016 lsst_hardware_g 334.1094855404885 22.909736895758687 31.3799991607666 AB 2.216038943938883 1.1707522817322618
62328.1855 lsst_hardware_z 1380.9957319945227 55.840408398564726 30.93000030517578 AB 9.09875343847675 1.1656475596165328
62328.1972 lsst_hardware_u -1.8626018401147635 2.6354915818163525 28.25 AB 9.159530938906576 1.1737220091288432
62330.1293 lsst_hardware_z 1258.0597738528788 55.540231370843 30.940000534057617 AB 7.601912953177025 1.1668771561728424
62330.1418 lsst_hardware_r 1561.466961244649 45.347285189731345 31.479999542236328 AB 7.5645455925420615 1.1611413473336754
62334.1286 lsst_hardware_i 1418.2770652969862 48.72171729273415 31.229999542236328 AB 1.8590764330533887 1.161922770658368
62334.1407 lsst_hardware_z 1139.4847283743813 54.79732320590747 30.93000030517578 AB 1.85462194280242 1.1591387142515124
62343.1037 lsst_hardware_z 909.8806963472591 74.87974532946696 30.969999313354492 AB 8.614948536320155 1.1620491938878168
62343.1163 lsst_hardware_r 697.4413890349797 104.39527131282898 31.6299991607666 AB 8.468977226641762 1.1591282302988881
62345.1175 lsst_hardware_y 363.61099426179675 76.6537446731724 30.760000228881836 AB 4.404346678048786 1.1590385994865227
62347.1088 lsst_hardware_r 544.4894106254696 43.24427473875084 31.559999465942383 AB 6.02658652480918 1.1589589470786885
62347.1207 lsst_hardware_i 794.874044497957 49.07407222026536 31.270000457763672 AB 6.034197836491436 1.1604226608637376
62348.1071 lsst_hardware_z 788.5154506133333 50.78181263754122 30.93000030517578 AB 4.490775147420552 1.1589595631865162
62348.1204 lsst_hardware_r 470.98628251027947 31.512877525750913 31.459999084472656 AB 4.490813858884994 1.161117088395672
62351.1108 lsst_hardware_u -0.9716025257148674 2.7949072163733044 28.3700008392334 AB 2.074461409745156 1.1607001872964142
62351.1206 lsst_hardware_r 377.5591477192429 30.08446833656984 31.469999313354492 AB 2.010888140314208 1.1645508268795182
62352.1103 lsst_hardware_i 565.7121398640699 39.0784774835532 31.219999313354492 AB 1.9252846995087494 1.1613842253106617
62352.1213 lsst_hardware_z 727.2398952440544 50.065465046367905 30.93000030517578 AB 2.111221061502267 1.1664204759681034
62354.1091 lsst_hardware_r 345.01435506230825 28.89572080902476 31.469999313354492 AB 2.3101188070402756 1.1630066153919831
62354.1213 lsst_hardware_u 3.4754675410482823 2.712214703846723 28.299999237060547 AB 2.3165223923759055 1.1699608042302554
62362.0904 lsst_hardware_u 0.6980255129950191 2.699485333446005 28.329999923706055 AB 4.216370235850741 1.1644750939058433
62362.1023 lsst_hardware_r 191.0138715537324 26.974772228373926 31.469999313354492 AB 4.216580380154835 1.1720862766239986
62364.0475 lsst_hardware_g 14.605627961092805 24.850769066098103 31.56999969482422 AB 6.850623255742358 1.1616476241932552
62364.0594 lsst_hardware_i 295.16485852501864 39.15838672404355 31.25 AB 6.813981399303404 1.159103209226027
62367.0573 lsst_hardware_y 428.6474094207363 76.85285526900525 30.760000228881836 AB 2.815507992724667 1.1590427414297528
62369.0461 lsst_hardware_r 152.35030462554448 83.05835744974577 31.6200008392334 AB 3.6968821896025315 1.1590789119305631
62369.0582 lsst_hardware_i 227.18801405104912 69.54242349796948 31.309999465942383 AB 3.60953207449258 1.1598753452739652
62371.0506 lsst_hardware_z 414.983443870457 69.20302009650496 30.969999313354492 AB 2.464795937148009 1.1594947369860091
62371.0627 lsst_hardware_r 211.79509400323258 95.15429086985895 31.6299991607666 AB 2.529869389803482 1.163024659144228
62380.0322 lsst_hardware_u -4.0997775745686384 2.6965778503289988 28.280000686645508 AB 2.0764340412614 1.1608837353306374
62380.0437 lsst_hardware_g -9.80384528491388 13.710182660145156 31.360000610351562 AB 1.4679137133744646 1.1657819034079135
62382.0134 lsst_hardware_g 1.3302464947000436 13.624267158568575 31.350000381469727 AB 1.9610804401927575 1.1589739119586449
62382.0252 lsst_hardware_r 86.12803210760669 25.007248959938913 31.459999084472656 AB 2.040955858153759 1.1604581993766931
62385.0168 lsst_hardware_i 195.48296493262134 33.78033815178369 31.239999771118164 AB 1.0101334463208862 1.1604060267902196
62385.0282 lsst_hardware_z 318.90045535313527 45.77185386708189 30.940000534057617 AB 1.0149227039405593 1.1647926977129601
62387.0189 lsst_hardware_r 171.81432623882426 24.962213845832668 31.459999084472656 AB 2.7911627738607447 1.1629844891086436
62387.0307 lsst_hardware_u -0.43428356266874635 2.586495032452679 28.280000686645508 AB 2.80711666310182 1.1696319429590916
62389.015 lsst_hardware_g -5.627177006860523 13.751976975702055 31.360000610351562 AB 3.7249403709007147 1.1636802158390236
62389.0264 lsst_hardware_i 182.37240837142767 33.75798619587497 31.229999542236328 AB 3.776690848626796 1.1704620398636765
62390.0159 lsst_hardware_z 169.67951507486438 45.620209832414716 30.93000030517578 AB 2.3460813161541694 1.1655133841375616
62390.0279 lsst_hardware_r 118.85270670532894 25.006676924764047 31.459999084472656 AB 2.3230511188409517 1.173752144256481
62606.3974 lsst_hardware_u -1.90219309634512 2.75 28.440000534057617 AB 10.898803976473234 1.1589335198730952
62606.412 lsst_hardware_y 75.42530348092873 51.540000915527344 30.010000228881836 AB 11.057371478741672 1.1606758025271173
62608.4026 lsst_hardware_r -84.11334426509787 61.75 31.6200008392334 AB 16.915822005275043 1.1597300154446075
62608.4154 lsst_hardware_y 56.514834488228296 56.630001068115234 30.020000457763672 AB 17.00160927536918 1.1640951232707417
62614.3362 lsst_hardware_r 31.1771232026143 74.37000274658203 32.349998474121094 AB 6.621904762746525 1.1784670861640882
62614.3501 lsst_hardware_z 11.568182620758702 72.29000091552734 31.700000762939453 AB 6.55885103409546 1.1674708141857353
62616.4057 lsst_hardware_r 37.12932994308047 31.299999237060547 31.540000915527344 AB 17.144223779855196 1.1717204998192412
62616.4189 lsst_hardware_i -39.13761327598218 39.459999084472656 31.260000228881836 AB 15.564442758679785 1.1839679566925139
62620.3842 lsst_hardware_u -1.5572120246100585 3.569999933242798 29.010000228881836 AB 14.50397357077388 1.1648842318507653
62620.3966 lsst_hardware_g -6.722890175485537 19.200000762939453 32.099998474121094 AB 14.733739618163032 1.173161845542084
62622.3898 lsst_hardware_r -17.038830703043768 22.739999771118164 31.469999313354492 AB 10.40760561670287 1.1720936558030148
62622.4021 lsst_hardware_i -11.171327416655291 31.479999542236328 31.239999771118164 AB 10.518774736364161 1.1835137955460224
62623.3839 lsst_hardware_z -25.542883335332522 42.560001373291016 30.940000534057617 AB 12.179282032131635 1.1697351164167915
62623.3964 lsst_hardware_u -2.9694205101614757 2.759999990463257 28.469999313354492 AB 12.290551930425616 1.1804218142936627
62625.3859 lsst_hardware_g 2.1519023792729692 13.569999694824219 31.3799991607666 AB 10.47634405026015 1.1756642408551399
62625.3988 lsst_hardware_r -15.866110696808507 22.8700008392334 31.469999313354492 AB 10.657303174111185 1.1890772657815216
62627.3273 lsst_hardware_u 1.6244572870279397 2.6600000858306885 28.3799991607666 AB 3.5288240848609793 1.161370440961382
62627.3388 lsst_hardware_r -43.989234970341315 22.780000686645508 31.479999542236328 AB 3.5689898410993077 1.1590138042106433
62631.3221 lsst_hardware_i -1.2160417050672558 31.020000457763672 31.239999771118164 AB 7.886810312657472 1.15982504597904
62631.3348 lsst_hardware_z 85.49210409998952 42.400001525878906 30.940000534057617 AB 8.045091594785228 1.1590402566502118
62633.3244 lsst_hardware_r -24.91784261527914 22.639999389648438 31.469999313354492 AB 10.319733344604641 1.1589129308158306
62633.3362 lsst_hardware_u -1.0147717932131035 2.569999933242798 28.309999465942383 AB 11.413602550605255 1.1601351082286808
62637.3076 lsst_hardware_y 153.72635506720334 77.5999984741211 30.760000228881836 AB 4.357329222795255 1.1594809001583968
62639.3043 lsst_hardware_r 43.511814154534825 110.16999816894531 31.6299991607666 AB 9.18796845274394 1.159182268127291
62639.3152 lsst_hardware_i 77.25464249476241 86.43000030517578 31.309999465942383 AB 9.220645299805923 1.1592827659664842
62642.2986 lsst_hardware_z -18.056023787999294 56.04999923706055 30.959999084472656 AB 7.668323444245769 1.1589697641118069
62642.3117 lsst_hardware_r -16.81634295893564 65.91999816894531 31.610000610351562 AB 7.83684352542094 1.1601544819276537
62644.3038 lsst_hardware_z 42.874972923330766 46.380001068115234 30.940000534057617 AB 2.700802747587175 1.1596405099129135
62644.3168 lsst_hardware_r 21.578573692851418 40.06999969482422 31.579999923706055 AB 2.7285843155002087 1.1639476657780565
62646.2883 lsst_hardware_i -36.899358368667606 33.209999084472656 31.25 AB 6.167302282835738 1.1589405774378914
62646.2999 lsst_hardware_z -59.93297295934355 43.81999969482422 30.940000534057617 AB 8.467674048112094 1.1599553490564514
62652.3021 lsst_hardware_i 9.952905134731223 31.350000381469727 31.229999542236328 AB 8.702519588173999 1.1679666606058245
62652.315 lsst_hardware_z 50.26243270709776 43.029998779296875 30.940000534057617 AB 8.832160259480853 1.1782497678069441
62654.2934 lsst_hardware_z -25.03987684718875 42.56999969482422 30.940000534057617 AB 11.05143734314301 1.1659991745669054
62655.2425 lsst_hardware_r 21.411857771673983 22.8799991607666 31.469999313354492 AB 10.949332403101954 1.164987842577195
62655.2551 lsst_hardware_u 0.9334241345170063 2.5999999046325684 28.329999923706055 AB 10.17850841603517 1.1601643331347078
62675.2213 lsst_hardware_r -24.253253694203746 24.540000915527344 31.479999542236328 AB 3.654315870127468 1.160100276230942
