data/validation/pwv_sim_epoch_fit_4/17820843.ecsv
# %ECSV 0.9
# ---
# datatype:
# - {name: time, datatype: float64}
# - {name: band, datatype: string}
# - {name: flux, datatype: float64}
# - {name: fluxerr, datatype: float64}
# - {name: zp, datatype: float64}
# - {name: zpsys, datatype: string}
# - {name: pwv, datatype: float64}
# - {name: airmass, datatype: float64}
# meta: {SNID: '17820843', alt: 1024.0, c: 0.007568942848592997, dec: -41.41119, lat: -30.244573, lon: -70.7499537, ra: 19.511719, t0: 60627.32421875,
#   x0: 4.995550344348825e-06, x1: -1.9338687658309937, z: 0.6139101386070251}
# schema: astropy-2.0
time band flux fluxerr zp zpsys pwv airmass
[from data line 132]
60963.2856 lsst_hardware_r -5.000135933361724 22.59000015258789 31.459999084472656 AB 7.370807022990164 1.1690415579682283
60963.2966 lsst_hardware_i -12.471796776012653 32.15999984741211 31.229999542236328 AB 6.80026725815369 1.2084351246570948
60968.2825 lsst_hardware_u -3.4304669945362845 2.5899999141693115 28.31999969482422 AB 1.5622866475419606 1.2067095629829767
60968.2944 lsst_hardware_g -13.088530367933613 13.380000114440918 31.34000015258789 AB 1.5880159623279706 1.256341742348078
60972.1777 lsst_hardware_r 33.05309493611758 21.81999969482422 31.489999771118164 AB 2.434071250053041 1.0228264523807293
60972.1883 lsst_hardware_i 63.20296814445543 29.84000015258789 31.25 AB 2.5252977753794803 1.0292983697752713
60974.2738 lsst_hardware_g 5.450480042974008 13.369999885559082 31.34000015258789 AB 1.7329481638017976 1.2378201170012841
60974.2848 lsst_hardware_r 6.758057003127582 23.1200008392334 31.450000762939453 AB 1.8038354063314648 1.288453861665332
60976.2689 lsst_hardware_i -42.07066249384829 31.549999237060547 31.219999313354492 AB 2.8289473729066317 1.2402224344176376
60976.28 lsst_hardware_z -16.513036455461314 44.08000183105469 30.920000076293945 AB 2.8431286172171575 1.2917440332654055
60979.1346 lsst_hardware_z -101.98983412881854 65.61000061035156 31.719999313354492 AB 3.790722064715429 1.0194223651244936
60979.1432 lsst_hardware_r 9.86643639124085 63.2400016784668 32.380001068115234 AB 3.788154856812051 1.0188689770876953
60981.1789 lsst_hardware_y -24.73183795017888 51.27000045776367 30.049999237060547 AB 3.7409298364908294 1.0440775429780924
60982.219 lsst_hardware_i -48.16927943168671 64.43000030517578 31.309999465942383 AB 5.117479171715861 1.1251534484066426
60982.2301 lsst_hardware_z 99.42076865133319 61.040000915527344 30.969999313354492 AB 5.260183794203044 1.157356170341704
60991.1755 lsst_hardware_i -73.8257515662661 30.139999389648438 31.229999542236328 AB 3.669976752812971 1.0815521263723813
60991.1881 lsst_hardware_z -32.835239934121134 41.630001068115234 30.93000030517578 AB 3.7434191865559105 1.1090790864546065
60993.0727 lsst_hardware_z 9.379666380390981 40.689998626708984 30.950000762939453 AB 3.985207886198391 1.031279535805784
60993.0849 lsst_hardware_r 2.097331974716907 21.729999542236328 31.489999771118164 AB 2.9610524296273897 1.0232578590508312
60995.1601 lsst_hardware_u 0.21322233426625314 2.5199999809265137 28.31999969482422 AB 6.3242675432863225 1.0731223206933804
60995.1722 lsst_hardware_g 10.733965461057656 13.069999694824219 31.360000610351562 AB 6.04473104411088 1.0975121426092502
60997.1609 lsst_hardware_r -15.738350172401601 21.93000030517578 31.469999313354492 AB 5.20876318902514 1.085102481959302
60997.1729 lsst_hardware_z 4.725544655057117 41.709999084472656 30.940000534057617 AB 6.201259881007063 1.1119679413658403
60999.0801 lsst_hardware_i -10.782976670169251 29.6299991607666 31.25 AB 6.699204915451437 1.0194072912175658
60999.0927 lsst_hardware_r 17.823243373970325 21.6299991607666 31.479999542236328 AB 5.894489160378645 1.0193081523553007
61001.0748 lsst_hardware_u -0.6670209942290578 2.609999895095825 28.420000076293945 AB 4.457746860771433 1.0193795702655917
61001.0875 lsst_hardware_g 2.053090729848186 13.109999656677246 31.399999618530273 AB 3.87353551809826 1.019351452131121
61004.0769 lsst_hardware_r -3.525001905166923 22.559999465942383 31.5 AB 5.287384109122107 1.0190255895776898
61004.0895 lsst_hardware_i 7.207557475153654 30.040000915527344 31.25 AB 5.2871379518136 1.0224594762742056
61006.0779 lsst_hardware_z 109.35950490322313 41.56999969482422 30.950000762939453 AB 3.7103192878449596 1.0202527830922223
61006.0911 lsst_hardware_r -10.23693063129205 27.219999313354492 31.540000915527344 AB 3.9012664203969356 1.0262664586615626
61009.1051 lsst_hardware_i 27.942886552538994 46.43000030517578 31.299999237060547 AB 5.2752097199487205 1.0473612944967676
61009.1173 lsst_hardware_z -25.64513159333484 49.43000030517578 30.959999084472656 AB 5.371855479034048 1.0652102873357223
61011.1076 lsst_hardware_z 18.82052410561916 53.689998626708984 30.969999313354492 AB 6.709350180826334 1.0584797298316682
61011.1201 lsst_hardware_r 61.706005221557476 65.69000244140625 31.6299991607666 AB 6.845895859316287 1.0800214334217955
61013.123 lsst_hardware_i -10.336504329348084 63.13999938964844 31.309999465942383 AB 2.853253429690684 1.0974051652656476
61013.1346 lsst_hardware_r -50.020568847456424 80.83000183105469 31.6299991607666 AB 3.617914037868092 1.1258192685843191
61015.1138 lsst_hardware_u 13.194333927616212 20.149999618530273 29.420000076293945 AB 5.687003942277277 1.0893252347613223
61015.1254 lsst_hardware_g 74.93456516394605 78.9800033569336 31.700000762939453 AB 6.028004837594229 1.116090508719667
61017.0722 lsst_hardware_r -21.139074295366818 22.020000457763672 31.489999771118164 AB 3.025555462136197 1.0350856866699272
61017.0855 lsst_hardware_i -13.890672631573095 30.079999923706055 31.25 AB 3.9971806501857623 1.0503003744822341
61020.0715 lsst_hardware_z 19.326266036505935 40.81999969482422 30.950000762939453 AB 10.478102429182728 1.0430123859428495
61020.0828 lsst_hardware_r 10.50002316891029 22.100000381469727 31.479999542236328 AB 10.694980610480133 1.0581406843691181
