data/validation/pwv_sim_epoch_fit_4/17977277.ecsv
# %ECSV 0.9
# ---
# datatype:
# - {name: time, datatype: float64}
# - {name: band, datatype: string}
# - {name: flux, datatype: float64}
# - {name: fluxerr, datatype: float64}
# - {name: zp, datatype: float64}
# - {name: zpsys, datatype: string}
# - {name: pwv, datatype: float64}
# - {name: airmass, datatype: float64}
# meta: {SNID: '17977277', alt: 1024.0, c: -0.028566863387823105, dec: -36.981888, lat: -30.244573, lon: -70.7499537, ra: 150.46875, t0: 62857.11328125,
#   x0: 4.665808081660321e-06, x1: 0.9368111491203308, z: 0.6308753490447998}
# schema: astropy-2.0
time band flux fluxerr zp zpsys pwv airmass
62842.248 lsst_hardware_i 835.2864171154233 63.16753031666388 31.239999771118164 AB 6.130193291813265 1.4555843029355966
62842.2698 lsst_hardware_z 644.1352063052575 59.72636899582881 30.940000534057617 AB 5.956431012058638 1.3127120687732536
62844.2538 lsst_hardware_z 693.5830915568928 66.93468437271804 30.940000534057617 AB 9.362938628596044 1.3762281178730098
62844.2769 lsst_hardware_i 1151.5811429645112 70.54181720042662 31.290000915527344 AB 8.5431553528516 1.2483909429398343
62851.2656 lsst_hardware_y 679.2388461126957 77.08383515555062 30.75 AB 12.731962778827574 1.2137623800083486
62853.2573 lsst_hardware_r 3392.353619105991 76.91533248524425 32.29999923706055 AB 6.579072663464986 1.2259141608940967
62853.2817 lsst_hardware_i 2731.9762504696487 74.31577617268614 32.02000045776367 AB 6.138959202161154 1.1360028131312276
62855.2562 lsst_hardware_z 950.0208916919734 53.58981945470999 30.940000534057617 AB 5.167406219946874 1.2074554500898158
62855.2794 lsst_hardware_r 1672.8497463413241 47.03114680578786 31.5 AB 4.83847908176779 1.1265376209005062
62858.2559 lsst_hardware_u 2.8767286716254925 2.7963175655999657 28.399999618530273 AB 7.884742023766217 1.176827167726301
62858.2788 lsst_hardware_r 1588.0922446574884 45.27915271659724 31.489999771118164 AB 7.407491515801082 1.1055957486270271
62863.2541 lsst_hardware_r 1337.390301084229 43.21814011959519 31.489999771118164 AB 6.963086891360026 1.1369233229422278
62863.279 lsst_hardware_u 1.7792278014550813 2.8038035337023883 28.469999313354492 AB 6.605510856576168 1.0734122862606001
62865.2547 lsst_hardware_g 206.0231033593135 19.250656154324542 31.3799991607666 AB 9.736019613547855 1.119082714200903
62865.2785 lsst_hardware_r 1306.6086344583082 41.62371916243645 31.479999542236328 AB 9.25366019010555 1.063639102310983
62866.3352 lsst_hardware_g 150.532763608941 19.035390867058627 31.40999984741211 AB 5.925664161899487 1.0073948083585107
62866.3482 lsst_hardware_z 1053.504992056994 52.82992863918644 30.959999084472656 AB 5.922814378060055 1.0086536747377122
62870.2539 lsst_hardware_r 1070.764877444454 50.060801044551205 31.59000015258789 AB 3.0350910310818557 1.0864184576119278
62870.278 lsst_hardware_i 998.4409804755002 44.035042025864215 31.25 AB 2.7531623642817036 1.0418450497108398
62872.324 lsst_hardware_z 805.1576789048147 55.00252585260356 30.969999313354492 AB 7.329203190258877 1.0073352225759515
62872.3363 lsst_hardware_g 97.4001314194335 16.866294635803527 31.40999984741211 AB 7.785115935643547 1.010179403413955
62874.2654 lsst_hardware_z 1764.2604472734727 92.73637965792277 31.739999771118164 AB 9.294346698048836 1.044308617758296
62879.3372 lsst_hardware_y 572.3483035070012 75.48643862289565 30.809999465942383 AB 4.294171970039449 1.0239659733024677
62881.3195 lsst_hardware_r 601.5510147900325 52.230249162035356 31.6299991607666 AB 6.039700246434879 1.0141666147601387
62881.3328 lsst_hardware_i 786.6345036154158 50.662673982235205 31.309999465942383 AB 6.097006614362784 1.025022827374729
62883.2167 lsst_hardware_r 425.82858420521717 33.633663400687425 31.530000686645508 AB 3.4913923806808773 1.0903786323175757
62883.2357 lsst_hardware_g 43.6603243408258 22.891490472799404 31.579999923706055 AB 3.4139970919211127 1.052403542515756
62885.2805 lsst_hardware_z 473.4944959508765 46.577867216193425 30.950000762939453 AB 6.405903361536543 1.0077456782700382
62885.2933 lsst_hardware_r 401.044404398371 29.663565567628147 31.5 AB 6.652434614740018 1.0079446385969726
62889.2237 lsst_hardware_u 1.9789923411977883 2.7296134272565973 28.3700008392334 AB 9.518262761892032 1.0454363932332982
62889.2435 lsst_hardware_g 36.631725964269236 13.740593860402523 31.399999618530273 AB 9.336164818618307 1.0215553736064529
62891.2202 lsst_hardware_r 293.0248920948154 27.091285676753554 31.479999542236328 AB 8.973951713939734 1.0425230704998005
62891.2371 lsst_hardware_i 390.81110758625755 35.725205259937965 31.25 AB 8.806005976329638 1.0224185740017964
62895.1286 lsst_hardware_i 329.1880303067626 36.97640631496057 31.219999313354492 AB 12.934596696202656 1.2936429357028236
62895.1467 lsst_hardware_z 443.1517915069977 47.60826510678343 30.93000030517578 AB 12.056624476082874 1.2086639631166938
62897.128 lsst_hardware_r 221.81139057678664 37.248826843022876 31.540000915527344 AB 11.537068495864025 1.2686578202495102
62897.148 lsst_hardware_z 392.64995561948643 49.08520181568376 30.940000534057617 AB 10.750327721264576 1.1821016269911842
62906.1903 lsst_hardware_z 1108.797510908197 125.05921186750436 32.189998626708984 AB 5.756543669541236 1.0283827195035853
62908.1122 lsst_hardware_r 194.71025737170868 73.13199236381475 31.610000610351562 AB 1.9387993290139525 1.2045972842584067
62910.121 lsst_hardware_u 9.75781028970646 4.614333683974299 28.760000228881836 AB 3.9307018626294843 1.1521916642619037
62910.1413 lsst_hardware_g 8.728403714003935 34.531253476634106 31.65999984741211 AB 3.9927142711305024 1.09439404416551
62912.1153 lsst_hardware_r 117.25396492839705 24.785722565779835 31.469999313354492 AB 1.6999802134389836 1.1529849410087494
62912.1345 lsst_hardware_i 129.27007448270857 33.124451221684524 31.239999771118164 AB 3.2198244853604443 1.0976674381910605
62914.1167 lsst_hardware_z 316.36585223466875 44.78930626696355 30.940000534057617 AB 2.632045539385266 1.1313327055169853
62923.183 lsst_hardware_r 61.3103414476597 23.666485734351394 31.5 AB 7.031583419866247 1.0072819424655297
62923.1958 lsst_hardware_u 1.8215271113243945 2.829428601831583 28.489999771118164 AB 7.053038905126489 1.0097045782364968
62927.1057 lsst_hardware_r 62.81595841967222 35.00293728729413 31.579999923706055 AB 3.1629709694387067 1.0705001024724865
62927.1273 lsst_hardware_g 17.313830962955958 30.771594821545463 31.65999984741211 AB 3.522105904985003 1.0351523600249826
62935.02 lsst_hardware_y 13.106551869110842 60.65229873838419 29.979999542236328 AB 13.294413736129522 1.2903856997666807
62935.0433 lsst_hardware_z 130.30409188819712 74.59417132310179 30.979999542236328 AB 11.884534261070971 1.1856671084023516
62939.0151 lsst_hardware_z 3.496276303238937 44.54999923706055 30.93000030517578 AB 17.393540961324007 1.2599450171187372
62939.0369 lsst_hardware_r -5.869755718995204 22.780000686645508 31.459999084472656 AB 16.222666718100946 1.1690607771871928
62941.1602 lsst_hardware_i -0.10037091552456463 30.09000015258789 31.25 AB 8.75969536493421 1.0172877613394693
62941.1723 lsst_hardware_z 22.369467030212796 41.56999969482422 30.950000762939453 AB 8.12647893361274 1.0285597215837072
62943.0091 lsst_hardware_y -83.84188817293054 49.869998931884766 29.989999771118164 AB 9.597176490185507 1.2369089431867122
62943.0273 lsst_hardware_u -2.1779030924524854 2.6700000762939453 28.389999389648438 AB 8.93915579451034 1.1644074240602476
62946.0068 lsst_hardware_y -8.618372430099974 49.75 29.989999771118164 AB 4.443858990084486 1.2113558648179052
62946.0258 lsst_hardware_i 9.856630878416237 31.329999923706055 31.25 AB 4.217901983513567 1.142185851021411
62946.1406 lsst_hardware_g -10.163548394194684 13.5600004196167 31.440000534057617 AB 5.289937971956795 1.0133171947239201
62946.1523 lsst_hardware_i 35.99358149916967 30.06999969482422 31.260000228881836 AB 5.317505411896348 1.02210579757736
62948.0037 lsst_hardware_y 16.509412561540174 50.099998474121094 30.010000228881836 AB 7.357200281373359 1.2016987447117153
62948.0223 lsst_hardware_r -24.425992006554818 22.690000534057617 31.489999771118164 AB 6.952052998965976 1.1360801283853514
62950.0015 lsst_hardware_y 1.074337525226667 49.88999938964844 30.010000228881836 AB 9.990183059279211 1.188882906019141
62950.019 lsst_hardware_g 4.889551941644723 13.699999809265137 31.40999984741211 AB 9.496184832847254 1.129556896972434
62952.0003 lsst_hardware_z 0.09294003222241977 43.59000015258789 30.940000534057617 AB 6.420785030299549 1.1730139356564602
62952.0188 lsst_hardware_i 18.694869921688486 30.969999313354492 31.25 AB 6.119973321838719 1.1145462250662392
62953.9983 lsst_hardware_y 16.166102370733245 49.540000915527344 30.010000228881836 AB 8.782794505843318 1.1608240161040284
62954.0161 lsst_hardware_r -17.383932466333768 24.65999984741211 31.520000457763672 AB 7.196445772121031 1.1071455034032356
62955.9956 lsst_hardware_y -22.64976837551502 49.84000015258789 30.020000457763672 AB 10.096050108390044 1.1515312356304583
62956.0142 lsst_hardware_r 61.81832664483744 31.639999389648438 31.56999969482422 AB 6.5331339598084766 1.0980672239019234
62957.9936 lsst_hardware_y -171.22961211051157 74.30000305175781 30.780000686645508 AB 8.98163514894216 1.1404044205618704
62958.0118 lsst_hardware_z 64.83922303805952 47.7400016784668 30.959999084472656 AB 8.538505588538596 1.0906717519209652
62959.9909 lsst_hardware_y 80.65496645426583 56.029998779296875 30.020000457763672 AB 7.0544763798793975 1.1319309045496104
62960.0083 lsst_hardware_z -91.25530964395662 56.880001068115234 30.969999313354492 AB 5.539247976833988 1.0861270542811743
62969.982 lsst_hardware_y 65.49084474800608 49.560001373291016 30.040000915527344 AB 5.275119654225357 1.0838544594669253
62970.0005 lsst_hardware_i -16.800005103081503 30.049999237060547 31.25 AB 5.257180453528625 1.0486048575902316
62972.9815 lsst_hardware_y 75.6883727832975 48.540000915527344 30.049999237060547 AB 15.26466979220751 1.0677207562835316
62973.0038 lsst_hardware_g 20.682831714709696 13.119999885559082 31.399999618530273 AB 13.689246403614632 1.0325272592860637
62974.9759 lsst_hardware_y -29.30556984505997 75.3499984741211 30.799999237060547 AB 9.877776167504392 1.0679927740190536
62974.9942 lsst_hardware_i -39.55632442206501 42.31999969482422 32.0099983215332 AB 9.57037097103711 1.0378323451755933
62975.0382 lsst_hardware_r 19.093453209664872 21.75 31.5 AB 9.240903353872243 1.0073659179366545
62975.0505 lsst_hardware_u -4.192264377786119 2.759999990463257 28.549999237060547 AB 9.004183079401534 1.0086460265936523
62979.0377 lsst_hardware_i -35.407570530641905 29.6299991607666 31.260000228881836 AB 6.192486737581559 1.0081788819376547
62979.0488 lsst_hardware_z -24.682940092341664 40.40999984741211 30.950000762939453 AB 5.1887629625705225 1.0123757080977867
62990.0302 lsst_hardware_y 26.019603667199494 73.7699966430664 30.809999465942383 AB 11.174512704094779 1.0203636674514704
62995.0068 lsst_hardware_g 11.08312263427885 45.5099983215332 31.719999313354492 AB 9.205253083592671 1.0133200961656352
62995.0186 lsst_hardware_r 39.4294929285773 53.0099983215332 31.639999389648438 AB 9.299554444887061 1.0222005233866571
63004.989 lsst_hardware_z 58.72947310523696 40.45000076293945 30.950000762939453 AB 9.774718952311652 1.0201569628170732
63005.002 lsst_hardware_r 0.07701580097250862 21.860000610351562 31.489999771118164 AB 8.379525935572044 1.0338286645301915
63213.2516 lsst_hardware_r -39.919330024042104 33.45000076293945 32.20000076293945 AB 14.009055699331018 1.3269921094374366
63213.2766 lsst_hardware_u 1.2024799243710045 3.640000104904175 29.049999237060547 AB 12.721350964285657 1.2050157207810606
63216.2543 lsst_hardware_g 21.37304124317502 13.520000457763672 31.34000015258789 AB 13.300992313448777 1.2685548069786152
63216.2784 lsst_hardware_i -1.2813338192694288 31.139999389648438 31.239999771118164 AB 12.24196606733837 1.167130753227764
63220.2556 lsst_hardware_u 3.4965672893927007 2.5 28.239999771118164 AB 5.186677215417132 1.212808639782616
63220.2783 lsst_hardware_g -4.982802764305626 13.319999694824219 31.3700008392334 AB 4.861791164937575 1.1318555432971091
63222.2536 lsst_hardware_r -34.60129153001862 22.6299991607666 31.459999084472656 AB 5.519092333031242 1.1986951909717358
63222.2762 lsst_hardware_i -11.00089406626366 30.700000762939453 31.239999771118164 AB 5.228863338104522 1.1220134838484035
63224.2578 lsst_hardware_z 2.261499010351506 46.84000015258789 30.950000762939453 AB 6.546057053436398 1.1627960127486754
63224.2813 lsst_hardware_r -7.725279083296948 22.34000015258789 31.489999771118164 AB 6.067517264491365 1.0942321486908564
63226.2563 lsst_hardware_z 53.34530509372258 52.779998779296875 30.959999084472656 AB 9.195775507402116 1.1494719384252645
63226.2783 lsst_hardware_r 100.17259902740668 58.77000045776367 31.6299991607666 AB 8.707292150234926 1.0884115187793657
63229.2558 lsst_hardware_i 6.078208640997837 67.33000183105469 31.309999465942383 AB 8.100857162876615 1.1257314274491677
63229.2784 lsst_hardware_z -28.160164438768067 59.970001220703125 30.979999542236328 AB 7.683399769866492 1.0704965486467575
