data/validation/pwv_sim_epoch_fit_4/18120966.ecsv
# %ECSV 0.9
# ---
# datatype:
# - {name: time, datatype: float64}
# - {name: band, datatype: string}
# - {name: flux, datatype: float64}
# - {name: fluxerr, datatype: float64}
# - {name: zp, datatype: float64}
# - {name: zpsys, datatype: string}
# - {name: pwv, datatype: float64}
# - {name: airmass, datatype: float64}
# meta: {SNID: '18120966', alt: 1024.0, c: -0.13033978641033173, dec: -14.169522, lat: -30.244573, lon: -70.7499537, ra: 29.355469, t0: 62772.26171875,
#   x0: 2.229935028727954e-06, x1: -1.3766728639602661, z: 0.8517181277275085}
# schema: astropy-2.0
time band flux fluxerr zp zpsys pwv airmass
62712.4025 lsst_hardware_u -2.676596573036512 3.7100000381469727 29.1200008392334 AB 5.031551994377374 1.0493330540933001
62712.425 lsst_hardware_y 108.11434341347339 67.4800033569336 30.799999237060547 AB 3.9578678600996104 1.0415441737104238
62717.3972 lsst_hardware_r -28.589009273987912 32.38999938964844 32.2400016784668 AB 2.168985012263552 1.0442874397032027
62717.4184 lsst_hardware_z -92.47016243746266 58.45000076293945 31.690000534057617 AB 1.5186073651133962 1.0428801866407666
62724.3608 lsst_hardware_r 53.07663626482686 54.400001525878906 31.6299991607666 AB 5.711224705563774 1.0576342047340321
62724.3841 lsst_hardware_z -4.825775523649112 48.13999938964844 30.959999084472656 AB 6.267671922548339 1.0422380005346166
62730.3554 lsst_hardware_z -35.992226655727706 61.310001373291016 30.989999771118164 AB 4.662470085834006 1.0478638242126093
62730.3788 lsst_hardware_i 12.319339862638344 65.02999877929688 31.329999923706055 AB 4.009523195443568 1.0418856289589176
62732.3616 lsst_hardware_z -92.76083994784692 50.68000030517578 30.969999313354492 AB 2.4772631002654917 1.0423997897182797
62732.3826 lsst_hardware_r 15.628317345417164 54.70000076293945 31.639999389648438 AB 1.9618117305406295 1.044999146239682
62734.3541 lsst_hardware_y -66.9784837165433 47.900001525878906 30.040000915527344 AB 1.9561418063484044 1.0429974973865126
62734.3736 lsst_hardware_g 1.8217851693251137 29.350000381469727 31.639999389648438 AB 1.9739292506551556 1.0434408619823738
62737.3522 lsst_hardware_r 28.902781333296602 23.40445993395465 31.510000228881836 AB 3.3358501963807594 1.0416394055833753
62737.3726 lsst_hardware_i 27.40624029167072 31.027877822623086 31.260000228881836 AB 3.370228990697144 1.0470885430914905
62739.3163 lsst_hardware_z 10.170467584535988 41.62791626282285 30.950000762939453 AB 2.887345682599674 1.0617843892864698
62739.333 lsst_hardware_r -1.3072455743297726 23.139057199958557 31.5 AB 2.838896540299032 1.0464692045090735
62743.2921 lsst_hardware_g -35.50139955883499 14.818800183591073 31.399999618530273 AB 3.2819739351711044 1.0818208274152796
62743.3113 lsst_hardware_i -73.25477121214162 30.555491054146152 31.239999771118164 AB 3.2216837963617158 1.0551366145289462
62746.226 lsst_hardware_u 2.6469111657443345 2.987902497803643 28.309999465942383 AB 2.7871452433469766 1.2737353538031728
62746.2459 lsst_hardware_g 35.01908428681552 16.093602454275743 31.389999389648438 AB 2.5814723256079963 1.1848409985579433
62750.2961 lsst_hardware_i 181.97248196374258 32.95620816207303 31.260000228881836 AB 0.736040419616199 1.0514863137374273
62750.3151 lsst_hardware_z 154.32273790241337 42.24227073393344 30.950000762939453 AB 0.729295816608603 1.0418511665837187
62754.2631 lsst_hardware_z 153.28866193048424 61.35868260512594 30.979999542236328 AB 3.673083294636378 1.08000096872578
62754.2818 lsst_hardware_i 283.24929600849134 67.2664529342368 31.329999923706055 AB 3.6246826148919227 1.054606521644435
62756.263 lsst_hardware_z 266.10643452906237 77.48462291607973 30.989999771118164 AB 3.9347711159515852 1.0712690214951226
62756.2797 lsst_hardware_r 289.6904787880127 113.39269333771881 31.65999984741211 AB 3.8758395301186357 1.0515028567874758
62759.2715 lsst_hardware_y 256.2344864077178 80.59748789689232 30.809999465942383 AB 2.5804074388207683 1.0515107737655942
62763.2515 lsst_hardware_i 638.4219014815568 44.54860706223854 31.270000457763672 AB 5.887190345295423 1.0608983818165973
62763.2713 lsst_hardware_z 380.5593167682506 48.53286354113195 30.950000762939453 AB 5.817497507157302 1.0444340228289593
62766.2461 lsst_hardware_r 607.6644993616684 33.44457199887975 31.5 AB 2.310223920304396 1.0576737645889487
62766.2643 lsst_hardware_u -1.0430617817203787 2.861485496624528 28.479999542236328 AB 1.662426148354549 1.04390966929642
62770.2529 lsst_hardware_r 557.9674965749527 33.26582668947298 31.5 AB 3.3081017897028993 1.0441141892802417
62770.2587 lsst_hardware_u 3.654038440657149 2.768193368483453 28.399999618530273 AB 3.2938633763474288 1.0421969233814943
62773.2248 lsst_hardware_g 56.55985469963723 16.743334207307104 31.43000030517578 AB 4.899250313853601 1.0601760696477178
62773.2434 lsst_hardware_r 536.0403488323681 32.53822509229284 31.5 AB 4.8285908767477 1.0447161264441593
62775.2057 lsst_hardware_i 763.1043425508025 41.55640123104477 31.25 AB 5.140263389050403 1.080114181351209
62775.2237 lsst_hardware_z 596.7180163537399 47.486431380985856 30.950000762939453 AB 4.4527051982936925 1.055372659533554
62777.2392 lsst_hardware_r 458.44473226839654 31.0731610795014 31.510000228881836 AB 3.360852207641269 1.0422863103243745
62777.2584 lsst_hardware_u -0.9574256435297641 2.876100724203381 28.5 AB 2.8040904663210555 1.0443539911810262
62779.1849 lsst_hardware_z 417.87555602650275 50.1747606755646 30.950000762939453 AB 6.821487123833423 1.0995009467562267
62779.2032 lsst_hardware_r 379.20861673694543 40.683816020357455 31.579999923706055 AB 6.661061413214763 1.066907861166096
62784.1846 lsst_hardware_z 545.3109957373874 79.67461909848701 30.989999771118164 AB 3.7017130343762297 1.0743096742893188
62784.2024 lsst_hardware_r 255.07781984441237 113.54003609295185 31.65999984741211 AB 3.6376227302085216 1.052248403300248
62786.1775 lsst_hardware_i 390.8655898742593 103.60422548173278 31.34000015258789 AB 6.776394260617235 1.076985737542614
62786.1958 lsst_hardware_z 451.72218515512657 85.93694587816236 31.0 AB 6.59429236346998 1.0532891646475318
62790.1806 lsst_hardware_g 49.73550628772754 52.35096734716706 31.709999084472656 AB 8.01331268510131 1.0576419914563042
62790.198 lsst_hardware_i 354.05645464612405 53.00950652145567 31.309999465942383 AB 7.930231735223804 1.0442415953153916
62792.1653 lsst_hardware_z 315.3712071162155 45.44881506286969 30.950000762939453 AB 6.584082104628475 1.070379403033865
62792.1829 lsst_hardware_r 109.96653644114502 26.211904785105016 31.510000228881836 AB 6.125472365147359 1.050261021628932
62795.1659 lsst_hardware_u 2.6389848199791768 2.902720514642717 28.56999969482422 AB 2.848567962702463 1.05881599406625
62795.1826 lsst_hardware_g 10.69338117029796 14.77244518956864 31.459999084472656 AB 2.636384069088513 1.045078251488747
62798.1733 lsst_hardware_i 157.63597062774747 34.12991460397557 31.260000228881836 AB 2.5563940579307154 1.045666860795875
62798.1904 lsst_hardware_z 235.13902183106998 44.3377555311234 30.959999084472656 AB 2.3895047700567704 1.0415567468470055
62800.1459 lsst_hardware_r 42.78688693230556 25.0318212254842 31.520000457763672 AB 2.592453916924545 1.0668534637549567
62800.1625 lsst_hardware_u -3.130167964382769 2.89973009282222 28.559999465942383 AB 2.727761512257695 1.0491390431760366
62804.1428 lsst_hardware_z 209.64416676266 43.63232743619052 30.959999084472656 AB 5.835873722839605 1.0571756211837517
62804.1588 lsst_hardware_r 53.21780190200024 24.66714484543341 31.530000686645508 AB 5.818935866779094 1.044692256154236
62814.1131 lsst_hardware_z 79.1891447426668 79.90191130242407 31.0 AB 6.757008917326836 1.0598814034472115
62814.13 lsst_hardware_r 12.507054292219474 114.92035297848486 31.65999984741211 AB 7.002445308680391 1.0454531664198852
62818.1139 lsst_hardware_r 15.99985632757082 57.25878901485945 31.639999389648438 AB 3.768438853227713 1.0487306641635565
62818.133 lsst_hardware_z 108.0595904174046 53.93246154907676 30.979999542236328 AB 5.207502549570756 1.0415005099141512
62821.1089 lsst_hardware_r 37.75196696658597 23.292853198103845 31.479999542236328 AB 6.0409313086890295 1.0465923958227514
62821.1287 lsst_hardware_z 46.960092474442824 41.632964432452845 30.940000534057617 AB 6.14269433709087 1.0416495731659783
62824.0923 lsst_hardware_r 99.56699407163457 23.400785370036203 31.489999771118164 AB 4.670781091852649 1.0530449987267836
62824.1112 lsst_hardware_u 4.978943673508221 2.858522729958172 28.360000610351562 AB 4.6302404278727165 1.0422014355686717
62828.0964 lsst_hardware_g 118.59648787613354 17.512780231752796 31.43000030517578 AB 7.1115107452785375 1.0433554497180477
62828.1171 lsst_hardware_r 31.399886291907325 23.700855655839735 31.5 AB 7.158573564906486 1.043485815372058
62830.0673 lsst_hardware_r 38.954915852157264 23.50329484018012 31.489999771118164 AB 5.479066156141921 1.0624522311696996
62830.087 lsst_hardware_i 38.47944361804984 31.148110908087208 31.239999771118164 AB 5.401019034621204 1.0450888224887487
62832.0731 lsst_hardware_z 69.52534490523165 41.94432968087283 30.950000762939453 AB 3.787874604686054 1.050728045682678
62832.0945 lsst_hardware_r 50.75428158029003 23.524311572363363 31.5 AB 3.980988721825025 1.0415074706091458
62834.0749 lsst_hardware_u 1.4170905667347402 3.0544601726967535 28.440000534057617 AB 5.679812454686222 1.0457171047936797
62834.0943 lsst_hardware_g 117.77332687921987 17.4892383117835 31.440000534057617 AB 5.225346027827954 1.0417875747052694
62837.0626 lsst_hardware_r 40.19250091539975 36.664527888029376 31.600000381469727 AB 6.566617985355751 1.0483106617745452
62837.0799 lsst_hardware_z 27.77372987994867 45.099754347695246 30.959999084472656 AB 6.540837230242973 1.0415622331128171
62839.062 lsst_hardware_r -89.84816573280618 59.56680719068831 31.639999389648438 AB 3.6111917967589413 1.0453083163137953
62839.0811 lsst_hardware_y 7.8090678966193865 50.70889941033537 30.049999237060547 AB 3.6414646842390344 1.0418572364424303
62841.0631 lsst_hardware_z 78.18258299215417 61.76093154625906 30.989999771118164 AB 3.5676239797465312 1.042631396141311
62841.0822 lsst_hardware_r 46.54120070167954 81.69588028110118 31.65999984741211 AB 3.2739656051390646 1.0437167860812064
62852.034 lsst_hardware_y 65.22584392263349 65.10321800398185 30.059999465942383 AB 10.566036161131173 1.0423751947053888
62852.0545 lsst_hardware_z 115.76644780669767 42.11367703986664 30.950000762939453 AB 11.411859533101275 1.044755061164632
63079.318 lsst_hardware_z -43.02554466053316 95.87000274658203 32.13999938964844 AB 6.06245493635471 1.2537606072600482
63079.3593 lsst_hardware_y 26.411484380183218 87.70999908447266 31.219999313354492 AB 5.734677115338172 1.1080609513575086
63083.3539 lsst_hardware_r -2.1493106748373845 80.72000122070312 31.639999389648438 AB 2.1494695386667084 1.0957363833475149
63083.3768 lsst_hardware_z -30.306014711841822 59.86000061035156 30.979999542236328 AB 1.5393193675331935 1.0588611298594623
63085.4264 lsst_hardware_z -51.17327890633497 86.16999816894531 31.729999542236328 AB 3.4723456756510513 1.0522259623185004
63088.3232 lsst_hardware_r 71.38000016361853 36.15999984741211 31.579999923706055 AB 5.529208214312878 1.1386343110199502
63091.3825 lsst_hardware_g -14.182207182148076 15.25 31.469999313354492 AB 4.590455872909764 1.0417070815982823
63091.401 lsst_hardware_i -46.683467879396915 31.079999923706055 31.25 AB 4.66304991181722 1.045722275122531
63100.2783 lsst_hardware_z -41.62812234776942 43.11000061035156 30.940000534057617 AB 2.1107773845086646 1.1786565199676118
63110.283 lsst_hardware_z 41.119009194232824 69.05999755859375 30.979999542236328 AB 1.8250237125333615 1.0900002264782171
63110.2988 lsst_hardware_r -167.3957388325919 100.9800033569336 31.649999618530273 AB 1.6727975853672887 1.0641206013786824
63115.2748 lsst_hardware_z 65.84242175064763 53.689998626708984 30.969999313354492 AB 0.9324741240023566 1.0798773873796834
63118.2597 lsst_hardware_i -74.79009624673819 33.02000045776367 31.25 AB 4.699609018590982 1.0929323299048794
63118.2773 lsst_hardware_z -56.335615730426206 42.779998779296875 30.950000762939453 AB 4.5738051722509105 1.0636756214537002
63123.2618 lsst_hardware_g -7.58111748070955 14.15999984741211 31.43000030517578 AB 2.1703126958851886 1.066143456305369
63123.2784 lsst_hardware_i -18.106905452092036 30.739999771118164 31.25 AB 2.107681002218042 1.0487714391528982
63125.2601 lsst_hardware_z -6.017592637538205 41.38999938964844 30.950000762939453 AB 4.271960102866886 1.061268657552224
63125.2778 lsst_hardware_r -29.23948032352989 22.850000381469727 31.5 AB 4.18021306912543 1.0456632375032344
63132.2543 lsst_hardware_r -33.62202322614976 39.79999923706055 32.68000030517578 AB 1.8132609207117327 1.0484307144907388
63132.2952 lsst_hardware_i 38.859532742629035 61.33000183105469 32.7599983215332 AB 2.163062840166363 1.0498181630739283
63136.2291 lsst_hardware_z 23.714059219548194 70.37000274658203 31.719999313354492 AB 3.5408541267472198 1.0624687317705201
63138.2491 lsst_hardware_r 3.8319334206521023 93.05999755859375 31.65999984741211 AB 4.804924736536901 1.042773118935921
63138.2678 lsst_hardware_z -96.53192726813934 65.58999633789062 30.989999771118164 AB 4.806508898058827 1.043456595569613
63144.1937 lsst_hardware_i -98.35133741781262 52.16999816894531 31.309999465942383 AB 6.829311332461231 1.0833012027697921
63144.2093 lsst_hardware_z -53.16553327935652 52.790000915527344 30.969999313354492 AB 7.127906859639916 1.059977474635095
63146.2121 lsst_hardware_r -47.628983967335444 31.479999542236328 31.559999465942383 AB 4.2741420784950055 1.051557251500699
63146.2312 lsst_hardware_z -65.20536307681667 44.400001525878906 30.959999084472656 AB 4.273816292212634 1.0418648147599405
63148.1806 lsst_hardware_u -0.3678548920734536 2.7300000190734863 28.43000030517578 AB 3.486483894597255 1.0873741224443045
63148.1988 lsst_hardware_g 22.30424192709646 14.59000015258789 31.440000534057617 AB 3.4567431816224383 1.0594840156178296
63150.181 lsst_hardware_r 8.23149781439397 23.3700008392334 31.489999771118164 AB 4.173647813163087 1.0768851328364377
63150.1989 lsst_hardware_z -11.13975100457522 41.54999923706055 30.940000534057617 AB 4.05151322722637 1.0536182109639185
63152.1814 lsst_hardware_r 16.697335972851782 23.200000762939453 31.489999771118164 AB 6.808604401425203 1.0678488709891043
63152.1991 lsst_hardware_u -0.04917507873411686 2.7100000381469727 28.440000534057617 AB 6.928762279665057 1.0488589584720496
63154.1769 lsst_hardware_g -3.944602638872277 14.5600004196167 31.440000534057617 AB 7.0972152553369625 1.066501991885939
63154.1949 lsst_hardware_r 34.24381962984215 23.329999923706055 31.510000228881836 AB 6.928429357689538 1.0479624923399826
63156.1702 lsst_hardware_i 108.81128573574374 31.059999465942383 31.239999771118164 AB 7.008137463161346 1.0682457866998132
63156.1874 lsst_hardware_z 28.271509412322068 41.380001068115234 30.940000534057617 AB 6.8664071222805365 1.0494413228984647
63158.163 lsst_hardware_r -0.7678474677402762 23.450000762939453 31.5 AB 4.1182925063251 1.07079888359987
63158.1812 lsst_hardware_u -1.5999255536521877 2.7200000286102295 28.43000030517578 AB 2.70860283227397 1.0500156351893923
63160.1672 lsst_hardware_g 5.450828357862839 14.529999732971191 31.440000534057617 AB 2.7363897476054433 1.0581553548359943
63160.1847 lsst_hardware_i 51.468609193756414 30.959999084472656 31.25 AB 2.6994737174776637 1.0444185133393076
63162.1684 lsst_hardware_z 5.336686969684425 42.90999984741211 30.950000762939453 AB 3.3779863589904435 1.051567819546813
63162.1865 lsst_hardware_r 2.254393515994855 27.549999237060547 31.540000915527344 AB 3.3654488649510483 1.0420421710035241
63164.1708 lsst_hardware_y -75.41967734853309 69.05999755859375 30.799999237060547 AB 4.806223835640164 1.0459492215897785
63167.1444 lsst_hardware_z 67.5136273241714 71.9800033569336 30.989999771118164 AB 3.1429956068111107 1.0625407730936818
63167.1613 lsst_hardware_r 60.886724522712505 101.80000305175781 31.65999984741211 AB 3.071787996683566 1.0467246694739236
63171.1252 lsst_hardware_z -42.541306865188744 65.75 30.989999771118164 AB 4.950979657208442 1.0743730607515742
63171.1443 lsst_hardware_r -168.20174539727313 91.66999816894531 31.649999618530273 AB 4.8519019061314195 1.051162195987935
63180.1166 lsst_hardware_u 1.802018264281707 2.759999990463257 28.479999542236328 AB 9.978421540308178 1.053984389160078
63180.1343 lsst_hardware_g -12.168388938052223 14.390000343322754 31.450000762939453 AB 9.20813528764814 1.0428042454066333
63188.0945 lsst_hardware_u -1.5873552531598627 2.6600000858306885 28.399999618530273 AB 5.785969177929983 1.0542306428053416
63188.1149 lsst_hardware_g 13.309215391153636 14.029999732971191 31.40999984741211 AB 5.780093920046043 1.0421625278424238
63190.0922 lsst_hardware_r 31.220025218825864 25.43000030517578 31.530000686645508 AB 6.090450050887203 1.0513464613994825
63190.1126 lsst_hardware_i -9.498506459624606 31.709999084472656 31.260000228881836 AB 6.004100034276036 1.0416551065711
63192.0968 lsst_hardware_z 28.889747842418277 44.83000183105469 30.950000762939453 AB 4.0012189701184715 1.0446592324403128
63192.1156 lsst_hardware_r 31.73549660108603 37.77000045776367 31.59000015258789 AB 4.010069850709185 1.042072809747343
63194.0683 lsst_hardware_i 38.835570674742165 57.13999938964844 31.31999969482422 AB 8.009070189295688 1.0656500007933822
63194.0881 lsst_hardware_z 20.00708839060067 55.4900016784668 30.979999542236328 AB 8.267622554301013 1.0464020445894209
63198.0453 lsst_hardware_i -87.2530470622695 83.36000061035156 31.329999923706055 AB 4.1192412033932895 1.0850578286223433
63198.0543 lsst_hardware_r 145.30524359282802 104.52999877929688 31.649999618530273 AB 4.109942529485984 1.0700188829695352
63200.0732 lsst_hardware_z -50.935402318674 59.7599983215332 30.979999542236328 AB 5.183859378371471 1.0455545337578602
63200.0934 lsst_hardware_g 137.9850181551759 88.51000213623047 31.729999542236328 AB 5.255679957790042 1.0420011151154958
63203.0626 lsst_hardware_r 67.8700086374075 22.8799991607666 31.5 AB 6.94076464219112 1.0469691770328928
63203.0818 lsst_hardware_i 23.20461494381507 30.65999984741211 31.260000228881836 AB 6.905895439248492 1.0415650969517776
63205.0633 lsst_hardware_z 76.70701916058565 40.90999984741211 30.950000762939453 AB 1.4837238562219586 1.043773377574364
63205.0822 lsst_hardware_r -14.62800035140478 22.690000534057617 31.5 AB 1.4773266518305852 1.0425735016447322
63207.0401 lsst_hardware_y 51.55201452945963 48.61000061035156 30.040000915527344 AB 5.671844843706855 1.056799859084564
63207.0592 lsst_hardware_u -0.4514609390098973 2.619999885559082 28.3799991607666 AB 4.823486568990778 1.0432543676846124
63209.042 lsst_hardware_y -21.1100110074097 49.130001068115234 30.049999237060547 AB 5.621505288005117 1.0499636324253112
63209.0611 lsst_hardware_r 29.64354285385024 22.59000015258789 31.5 AB 5.618987948524477 1.0416142271804045
63212.0422 lsst_hardware_y -50.198869521804724 50.029998779296875 30.049999237060547 AB 14.203579874893858 1.0446497168310938
63212.0608 lsst_hardware_r -16.150665722815624 22.81999969482422 31.5 AB 14.167185757724072 1.0420304696485352
63217.0327 lsst_hardware_y 5.077625027347579 69.70999908447266 30.06999969482422 AB 10.55058379269807 1.042977226397371
63217.052 lsst_hardware_i 43.34944023245355 31.040000915527344 31.25 AB 11.397804256371078 1.043404618995857
63219.0336 lsst_hardware_y -118.42286215032878 73.1500015258789 30.06999969482422 AB 3.757161287088166 1.0416305204016072
63219.0532 lsst_hardware_r 1.8265559760692824 25.309999465942383 31.520000457763672 AB 4.306082396060881 1.0466899358438335
