data/validation/pwv_sim_epoch_fit_4/18152864.ecsv
# %ECSV 0.9
# ---
# datatype:
# - {name: time, datatype: float64}
# - {name: band, datatype: string}
# - {name: flux, datatype: float64}
# - {name: fluxerr, datatype: float64}
# - {name: zp, datatype: float64}
# - {name: zpsys, datatype: string}
# - {name: pwv, datatype: float64}
# - {name: airmass, datatype: float64}
# meta: {SNID: '18152864', alt: 1024.0, c: -0.07513552159070969, dec: -7.030393, lat: -30.244573, lon: -70.7499537, ra: 145.546875, t0: 61451.63671875,
#   x0: 4.767626807467475e-06, x1: -0.5514362454414368, z: 0.6252548098564148}
# schema: astropy-2.0
time band flux fluxerr zp zpsys pwv airmass
61394.3365 lsst_hardware_r -15.139622750523293 23.889999389648438 31.510000228881836 AB 5.282621660394956 1.0937859742689977
61396.327 lsst_hardware_g 10.104831985567174 14.579999923706055 31.440000534057617 AB 6.65470628516276 1.0971104498262505
61396.3497 lsst_hardware_y -12.535893526363704 54.33000183105469 30.049999237060547 AB 7.1610695028627065 1.0870968782809494
61405.2948 lsst_hardware_r 33.03291385562318 32.630001068115234 31.559999465942383 AB 5.641472689490307 1.1052681187572846
61405.3234 lsst_hardware_i 57.81588266798536 51.029998779296875 32.02000045776367 AB 5.556543124162756 1.0871202003741147
61405.3512 lsst_hardware_z -72.67079700920738 49.630001068115234 30.959999084472656 AB 6.453987951420769 1.101394456853814
61409.2965 lsst_hardware_u 0.09721206478067759 2.7100000381469727 28.399999618530273 AB 3.527409819833528 1.0930925998864358
61409.3166 lsst_hardware_r 5.797051422117782 23.75 31.5 AB 3.552406201723117 1.0872493986094012
61411.2974 lsst_hardware_i -25.64323836095256 31.489999771118164 31.25 AB 7.848732415861987 1.0894712433816522
61411.3181 lsst_hardware_z -26.400340509307366 42.380001068115234 30.940000534057617 AB 7.987080962393389 1.08902365127509
61413.291 lsst_hardware_r -1.6689566048362716 23.360000610351562 31.5 AB 9.700117788336476 1.089900875093986
61413.3114 lsst_hardware_u 3.4153439135526416 2.7899999618530273 28.479999542236328 AB 9.589515198799386 1.0885630996064084
61415.2928 lsst_hardware_g 2.84096988789878 14.210000038146973 31.399999618530273 AB 7.7721925490357195 1.0875015809849182
61415.3148 lsst_hardware_r -25.561179418721895 23.239999771118164 31.479999542236328 AB 7.826375597141419 1.0932219021010492
61418.2591 lsst_hardware_i -26.14561328174778 31.280000686645508 31.25 AB 5.020158893658191 1.105518364602112
61418.2771 lsst_hardware_z -17.079779201015118 41.91999816894531 30.950000762939453 AB 4.985201289502326 1.0900188672793978
61420.2386 lsst_hardware_z -66.71552899304746 42.82000870284108 30.940000534057617 AB 6.098231945010521 1.1293022120389853
61420.2581 lsst_hardware_r 4.647434090298797 23.533252131009707 31.489999771118164 AB 6.159690425718171 1.1004032202200031
61424.2345 lsst_hardware_i -29.98073037480528 42.591052211117216 31.290000915527344 AB 6.651239049692874 1.11722940364382
61424.2542 lsst_hardware_z -13.30329792775652 46.69762656724721 30.959999084472656 AB 7.107046343569777 1.0940650159436145
61426.2272 lsst_hardware_r 44.665821655314225 89.8559906492199 31.639999389648438 AB 13.221972086524579 1.120268763950399
61426.2475 lsst_hardware_z -28.96201072803116 64.75648122279898 30.979999542236328 AB 12.922109946578754 1.0950321970435641
61428.2263 lsst_hardware_y 57.87827391402815 65.61523956057833 30.040000915527344 AB 10.182219622719796 1.1130136224506935
61428.2475 lsst_hardware_r 4.707000603782468 130.110475137922 31.649999618530273 AB 10.035787091394447 1.0912418004415856
61430.2273 lsst_hardware_i 119.10724547726576 85.99806935193143 31.31999969482422 AB 9.519923618217804 1.1043354350928383
61430.2473 lsst_hardware_z 163.59569111984408 75.64246994668474 30.989999771118164 AB 9.38517607818414 1.0887464756888854
61432.2165 lsst_hardware_r 377.9238500814189 59.925835886131075 31.6200008392334 AB 12.085724123997514 1.111373535292302
61432.2329 lsst_hardware_z 260.0399591825283 54.234880579388054 30.969999313354492 AB 11.906471804255697 1.0936579480646986
61434.2113 lsst_hardware_r 593.4257839790977 41.228704564810876 31.579999923706055 AB 11.717345246987506 1.1109998653907243
61434.2288 lsst_hardware_i 499.10935984714104 42.15374829480527 31.280000686645508 AB 11.52614264638374 1.0926979914410244
61438.2128 lsst_hardware_u 28.55890993655871 5.601595514757174 28.540000915527344 AB 11.313503368475654 1.0966682048686056
61438.2302 lsst_hardware_g 296.2676569546831 23.448243787314084 31.459999084472656 AB 11.352944970498966 1.0874555164551727
61440.2106 lsst_hardware_r 1259.4882517620279 41.963407595036436 31.510000228881836 AB 8.282901564293427 1.093993932876794
61440.2283 lsst_hardware_i 913.5109376531657 43.45603812937387 31.260000228881836 AB 8.168075753790209 1.0870837802415794
61442.1777 lsst_hardware_i 1092.9595783328089 45.65000869389213 31.25 AB 6.167748309464617 1.130918782390945
61442.1954 lsst_hardware_z 727.5868964480817 50.69786067115467 30.950000762939453 AB 5.979014942323854 1.103308923694993
61443.181 lsst_hardware_r 1401.2925223558955 45.142749373596466 31.5 AB 5.5692523109185 1.1198979109025737
61443.1988 lsst_hardware_g 474.52215629825304 26.14184499828758 31.43000030517578 AB 5.436623769893589 1.0969781618025634
61447.1913 lsst_hardware_i 1369.82886363026 48.06713848264586 31.25 AB 2.9541605729849136 1.094133545549968
61447.2084 lsst_hardware_u -0.35941822512413396 3.1043624484808623 28.440000534057617 AB 4.045443818584286 1.0871196019037384
61450.1673 lsst_hardware_z 1057.9378011349913 52.801799185853056 30.940000534057617 AB 1.6682776759330376 1.1114441545191465
61450.1842 lsst_hardware_g 413.1972114156251 25.158189310827016 31.43000030517578 AB 1.6921073552355541 1.0933280348280556
61454.1691 lsst_hardware_z 2114.719563539715 93.48787387166897 31.719999313354492 AB 7.079036435871075 1.096674893241065
61456.1531 lsst_hardware_z 1111.612799192103 100.24902789007943 30.989999771118164 AB 4.296096026315867 1.1084077382939608
61456.1699 lsst_hardware_r 1503.6089770015758 144.10370143826307 31.649999618530273 AB 3.930937593781284 1.09192710938369
61458.1544 lsst_hardware_i 1555.9518416487288 106.99752280815567 31.329999923706055 AB 7.0696380488789305 1.10033277025353
61458.1722 lsst_hardware_z 892.9539370305913 90.8430731272761 30.989999771118164 AB 8.71038656316625 1.0882768544030466
61460.1505 lsst_hardware_i 1387.5149160744072 68.17334611772834 31.31999969482422 AB 10.167810537411363 1.0987476266923886
61460.1673 lsst_hardware_z 988.1810224745863 64.29101120103603 30.979999542236328 AB 10.429509099761699 1.0881073656506728
61462.1536 lsst_hardware_g 146.24539079808048 43.42150230203966 31.68000030517578 AB 5.796212582658918 1.0918738970818345
61462.1737 lsst_hardware_r 1243.7659754219364 55.522557516576235 31.610000610351562 AB 7.550237611978649 1.087499566019034
61464.129 lsst_hardware_r 911.6623274590546 39.21775868825629 31.489999771118164 AB 6.748941238536396 1.111546731573384
61464.1465 lsst_hardware_i 1104.287531847262 45.71996519875295 31.260000228881836 AB 6.637506803114407 1.0929535325398332
61466.1278 lsst_hardware_z 849.4226068958164 50.957555013891216 30.950000762939453 AB 3.7906038221573337 1.1058039593020057
61466.1459 lsst_hardware_u -1.9031796198582605 2.869253241046758 28.479999542236328 AB 3.713052103696387 1.0900703423695814
61468.1195 lsst_hardware_g 81.65382951553354 17.87419011448298 31.420000076293945 AB 5.042489952188597 1.1095401097671842
61468.1375 lsst_hardware_r 747.6975027622941 36.08868878279897 31.489999771118164 AB 5.6768235291906395 1.0916968325366614
61470.1248 lsst_hardware_i 696.9743996013359 41.723806377597334 31.239999771118164 AB 7.976082167272565 1.0972233355565395
61470.144 lsst_hardware_z 612.0280113467009 49.84897400425705 30.940000534057617 AB 8.296929238244683 1.0872663134903267
61472.1242 lsst_hardware_i 679.0719289312315 40.587365096666645 31.239999771118164 AB 11.28894635335023 1.093272183360526
61472.1433 lsst_hardware_u -2.565139689745857 2.747040244329862 28.399999618530273 AB 12.493243647828452 1.0871095077367297
61474.1154 lsst_hardware_g 33.9584727582673 16.127698775801594 31.43000030517578 AB 12.239151074047772 1.095879815613888
61474.1339 lsst_hardware_r 434.15002297148817 31.88107876627268 31.5 AB 11.402276935651157 1.0871736208668046
61476.1154 lsst_hardware_i 511.7369001833871 38.76110855791966 31.239999771118164 AB 8.665682413846136 1.091854147061672
61476.1337 lsst_hardware_r 311.4199300273309 30.645834552951033 31.489999771118164 AB 8.958206736388602 1.0872269842088236
61477.1131 lsst_hardware_u 2.810642960550178 2.870551051081473 28.469999313354492 AB 14.3246486833858 1.0915889339800007
61477.1316 lsst_hardware_g 32.12879537336875 15.956399672263036 31.43000030517578 AB 15.222309786857135 1.0873078419183668
61479.0115 lsst_hardware_g 104.41838963487434 25.54535542387808 31.479999542236328 AB 13.187036422817025 1.3922155223086017
61481.0866 lsst_hardware_i 439.33127298099606 48.76143223233401 31.290000915527344 AB 8.441068173589585 1.1061066008896985
61481.1068 lsst_hardware_z 543.1287454658441 52.97882180895415 30.959999084472656 AB 8.346697480654926 1.0892206029825038
61487.1201 lsst_hardware_z 850.8032752765102 108.65490032816092 31.739999771118164 AB 6.6770853651094875 1.0946041582146702
61487.1451 lsst_hardware_r 313.04188896479366 158.23469512906905 32.38999938964844 AB 8.432628297674505 1.127758777328081
61489.0851 lsst_hardware_i 251.72148508259275 56.88685544904892 31.309999465942383 AB 9.660122331275499 1.0891599140794908
61489.1068 lsst_hardware_r 134.84981664437422 66.01773114095468 31.6299991607666 AB 9.687271328198392 1.0897124585278992
61492.0585 lsst_hardware_u 3.5698377296863675 3.3394207222466377 28.520000457763672 AB 7.789640507827763 1.1037393564049054
61492.0771 lsst_hardware_g 30.18368208904563 15.420986259118148 31.440000534057617 AB 7.690273634878017 1.0890810599933265
61494.0668 lsst_hardware_r 132.3525672263365 25.83691535128665 31.5 AB 5.445018569421613 1.0915141965363222
61494.0844 lsst_hardware_i 172.9255938500854 34.20980200998811 31.25 AB 6.437711875870621 1.0872064640628158
61497.0581 lsst_hardware_z 318.71140610353586 45.13754381069087 30.950000762939453 AB 9.474767869196748 1.0918251733841904
61497.0767 lsst_hardware_r 125.55549499098565 25.660028979338396 31.5 AB 9.43111874319292 1.0872651063340861
61499.0562 lsst_hardware_u 8.932866879997624 3.8409275496522297 28.440000534057617 AB 5.409376242641237 1.0898676110089345
61499.0748 lsst_hardware_g 46.99786390905353 15.687698941305577 31.43000030517578 AB 5.406547353306709 1.0879824295626142
61501.0554 lsst_hardware_r 69.4421314688562 25.240120427910682 31.489999771118164 AB 8.577557508762776 1.0880852671848629
61501.074 lsst_hardware_z 323.99910212549463 44.624802237229765 30.940000534057617 AB 8.589434653268174 1.0896955865821405
61503.0252 lsst_hardware_i 152.35646742773665 33.43945655884627 31.239999771118164 AB 8.484538602923218 1.1078228957627647
61503.0441 lsst_hardware_r 133.40236322305543 25.2327959686325 31.5 AB 8.194789086427892 1.0904576295978567
61505.0457 lsst_hardware_g 1.0078354795434963 15.414872763445493 31.440000534057617 AB 6.152387532672088 1.0877630008260408
61505.0626 lsst_hardware_r 60.43684327140124 25.1694567343007 31.510000228881836 AB 6.151198600332851 1.0894790294603294
61511.0169 lsst_hardware_r 165.91708073628206 71.87501909072292 31.639999389648438 AB 17.09151359706672 1.09385687021227
61511.0353 lsst_hardware_i 137.26494794972368 62.8788891282115 31.31999969482422 AB 17.1043591089637 1.0870551031833509
61513.0142 lsst_hardware_z 261.5849228620154 71.3644687313466 30.989999771118164 AB 11.683937831457714 1.091956806678291
61513.031 lsst_hardware_r 148.91227907171165 95.93612536121253 31.649999618530273 AB 11.631807767870336 1.087084838118723
61515.0174 lsst_hardware_z 267.85648088277907 97.60695616238635 31.739999771118164 AB 7.583227539009654 1.0880200206620974
61518.0068 lsst_hardware_r 57.10932695736805 56.30353544634692 31.6299991607666 AB 6.630572162725475 1.0888085985016585
61518.0243 lsst_hardware_z 156.25133879505935 54.29597885359566 30.969999313354492 AB 6.625528048820631 1.088397330365201
61521.9986 lsst_hardware_g 25.829216316582198 15.633693365908206 31.43000030517578 AB 6.917900680321611 1.0879340562721864
61522.0157 lsst_hardware_r 50.63946997553623 24.879885497349505 31.5 AB 5.041506544617183 1.08927040935193
61525.9724 lsst_hardware_y 89.74392325829017 49.564766385996755 30.030000686645508 AB 12.58529066193109 1.0967573561595128
61525.9908 lsst_hardware_r 63.02385046965516 24.724329441769697 31.489999771118164 AB 12.552877618914001 1.08729992368246
61527.9718 lsst_hardware_y -28.875828105066873 49.39413910017993 30.030000686645508 AB 14.409924499516565 1.0929097895587685
61527.9902 lsst_hardware_g 7.855894767985306 15.186659618438647 31.440000534057617 AB 14.339577139674438 1.0870933904193758
61531.962 lsst_hardware_y 104.3771760949218 61.768788852275726 30.049999237060547 AB 4.575425468714155 1.0921607579680508
61531.9796 lsst_hardware_u -1.9602223107759371 2.9169619554322677 28.469999313354492 AB 4.288118942781363 1.0871134346004216
61532.9615 lsst_hardware_z -19.776765902641838 52.11000061035156 30.969999313354492 AB 10.70926919640968 1.0908253928488525
61532.9793 lsst_hardware_r 27.23249290791594 23.81999969482422 31.5 AB 10.672538240917072 1.087397869626539
61534.96 lsst_hardware_y 36.63744478739409 62.290000915527344 30.049999237060547 AB 8.49239625293068 1.088954896511884
61534.9776 lsst_hardware_z -5.780345647507845 42.54999923706055 30.950000762939453 AB 8.44744005882409 1.0883071449142092
61536.9592 lsst_hardware_y 35.92447424763625 61.66999816894531 30.049999237060547 AB 12.616524351069783 1.0875689056148885
61536.977 lsst_hardware_z -0.5315844989369569 44.310001373291016 30.950000762939453 AB 12.653651188703767 1.0903306975560656
61540.9581 lsst_hardware_y 29.373828847756172 66.44999694824219 30.049999237060547 AB 8.26764368497461 1.0875139674189134
61540.9756 lsst_hardware_r 86.81177094524305 73.45999908447266 31.639999389648438 AB 7.792719506695047 1.0971025632401867
61759.3328 lsst_hardware_i -72.2211312459595 41.209999084472656 31.280000686645508 AB 4.889436956027598 1.097393548653933
61759.3536 lsst_hardware_y -91.85857448310973 65.30999755859375 30.040000915527344 AB 5.320706000316546 1.0871155759005848
61762.3322 lsst_hardware_r -35.52698227134263 34.470001220703125 32.25 AB 7.416628411745457 1.0915903073755762
61762.3533 lsst_hardware_y 155.41359820603648 87.41999816894531 30.799999237060547 AB 6.62558912318566 1.0877968186923686
61765.3285 lsst_hardware_z -31.21027001079183 42.029998779296875 30.950000762939453 AB 9.283149452253134 1.0892732176930966
61765.3482 lsst_hardware_y 52.035079387383675 51.72999954223633 30.040000915527344 AB 9.626693638387033 1.0887461703672665
61767.3316 lsst_hardware_u -2.026147878835692 2.740000009536743 28.40999984741211 AB 6.8162610446349925 1.0871229736260675
61767.3506 lsst_hardware_y 120.91343666240701 51.66999816894531 30.040000915527344 AB 6.174417267741592 1.0929139335767044
61769.3244 lsst_hardware_r -18.96725003700538 23.459999084472656 31.489999771118164 AB 10.122219206167884 1.0873194506768709
61769.3459 lsst_hardware_z -62.79181649437398 43.43000030517578 30.940000534057617 AB 9.569059169872492 1.0934505550489018
61771.3251 lsst_hardware_z -38.74303857606937 42.02000045776367 30.950000762939453 AB 7.728929379759143 1.0871667547809813
61771.3463 lsst_hardware_y -43.637259327072485 49.599998474121094 30.030000686645508 AB 7.846760192644306 1.0984014379803895
61773.2982 lsst_hardware_r 15.533127794414494 23.420000076293945 31.489999771118164 AB 5.092961166105357 1.0943191160518602
61773.3178 lsst_hardware_u -0.9795492181814339 2.7100000381469727 28.420000076293945 AB 5.209603348637048 1.0870514212322366
61775.2983 lsst_hardware_g 2.187070796318425 14.289999961853027 31.40999984741211 AB 10.939132552482214 1.0906685164118948
61775.3184 lsst_hardware_i 11.140362463450678 31.079999923706055 31.239999771118164 AB 11.046332479364656 1.087942398309074
61777.2979 lsst_hardware_z 80.64407118360367 42.06999969482422 30.940000534057617 AB 9.012144095598092 1.0884451090720133
61777.3185 lsst_hardware_r 8.867250012744753 23.389999389648438 31.489999771118164 AB 9.06370277530002 1.0900642757281187
61779.2858 lsst_hardware_y 3.876201347139248 47.86000061035156 30.020000457763672 AB 8.632708942023463 1.0915734895395413
61779.3081 lsst_hardware_g -24.53371364637383 14.5 31.43000030517578 AB 8.136833291115762 1.088114999647731
61781.2927 lsst_hardware_r 21.081573970594818 86.26000213623047 31.649999618530273 AB 8.04511848489266 1.0871781736341433
