data/validation/pwv_sim_epoch_fit_4/18477152.ecsv
# %ECSV 0.9
# ---
# datatype:
# - {name: time, datatype: float64}
# - {name: band, datatype: string}
# - {name: flux, datatype: float64}
# - {name: fluxerr, datatype: float64}
# - {name: zp, datatype: float64}
# - {name: zpsys, datatype: string}
# - {name: pwv, datatype: float64}
# - {name: airmass, datatype: float64}
# meta: {SNID: '18477152', alt: 1024.0, c: 0.00752794835716486, dec: -37.356377, lat: -30.244573, lon: -70.7499537, ra: 52.03125, t0: 62456.4375,
#   x0: 3.5551760615408913e-06, x1: 0.536960780620575, z: 0.7053430080413818}
# schema: astropy-2.0
time band flux fluxerr zp zpsys pwv airmass
[from data line 132]
62794.2294 lsst_hardware_g -5.931691745598122 13.210000038146973 31.43000030517578 AB 1.129757212569155 1.0224047172572497
62799.3215 lsst_hardware_r 10.80448702688162 22.040000915527344 31.469999313354492 AB 4.107098271188282 1.0860311419814623
62799.3325 lsst_hardware_u 0.4698227771399524 2.559999942779541 28.329999923706055 AB 4.229545802569319 1.1134290459554192
62803.3179 lsst_hardware_i -3.4853853843704514 30.670000076293945 31.25 AB 3.348319953914129 1.103720455086366
62803.328 lsst_hardware_z 66.3144704331105 42.380001068115234 30.950000762939453 AB 3.409063310895417 1.1317645031467436
62813.149 lsst_hardware_z 15.922692305357039 84.76000213623047 31.739999771118164 AB 6.280785532376293 1.0613767780838956
62817.256 lsst_hardware_z -10.569996975142988 58.150001525878906 30.979999542236328 AB 4.3204595306373 1.0537706172286099
62817.2663 lsst_hardware_r 146.9855115505699 78.30000305175781 31.639999389648438 AB 4.399151187748581 1.0729637043289222
62822.1244 lsst_hardware_i -44.31297728209768 30.010000228881836 31.239999771118164 AB 3.290424005634594 1.0614270985918044
62822.1423 lsst_hardware_u 2.003303600212371 2.5299999713897705 28.350000381469727 AB 2.8583620258999978 1.033952622861276
62831.1056 lsst_hardware_r -7.73113500716769 21.700000762939453 31.479999542236328 AB 3.8030387689015175 1.0514103266173191
62831.1215 lsst_hardware_u -0.9154986134550899 2.619999885559082 28.43000030517578 AB 3.6970850597456426 1.0294702568035203
62831.2286 lsst_hardware_i 24.184057040702097 30.030000686645508 31.239999771118164 AB 5.689398594128785 1.0740456081795733
62831.2408 lsst_hardware_z 1.3678183913533384 41.54999923706055 30.93000030517578 AB 5.830842529069113 1.1020650551083102
62838.0435 lsst_hardware_z -54.897728000377285 66.75 31.700000762939453 AB 7.669832363496129 1.1565289294305199
62838.1844 lsst_hardware_i -37.66725135166751 36.369998931884766 31.290000915527344 AB 6.6009922020453295 1.0330741138964563
62838.1955 lsst_hardware_z 5.196334716750454 43.5 30.959999084472656 AB 6.699821396335445 1.048613730893683
62842.0408 lsst_hardware_y 71.09143169926094 54.33000183105469 30.030000686645508 AB 6.1813365229550215 1.130473798299938
62842.064 lsst_hardware_z -59.292219879102355 57.29999923706055 30.979999542236328 AB 4.882951230956433 1.0726456655402128
62842.2155 lsst_hardware_r -43.56885511858407 73.76000213623047 31.639999389648438 AB 4.694621317195465 1.1145383572655168
62842.2271 lsst_hardware_i 25.4348707453149 61.560001373291016 31.309999465942383 AB 4.854917283164583 1.149228851500727
62844.1627 lsst_hardware_z 47.5180718922645 62.34000015258789 30.989999771118164 AB 5.640023237814358 1.0269992694158252
62844.1767 lsst_hardware_i -23.83932836475233 70.33999633789062 31.34000015258789 AB 6.2949594487219365 1.0448932606393786
62849.1265 lsst_hardware_r 1.7083505714490952 40.27000045776367 31.6200008392334 AB 7.225943974454698 1.010515536755499
62849.1377 lsst_hardware_z -16.459897399359434 45.970001220703125 30.959999084472656 AB 7.24491027605972 1.0168651919098524
62851.1077 lsst_hardware_u -0.8930095598906208 2.5799999237060547 28.420000076293945 AB 10.171266830328241 1.007551255442184
62851.1198 lsst_hardware_g -12.246977035595194 12.760000228881836 31.389999389648438 AB 10.202611958253723 1.0100313907142966
62853.1049 lsst_hardware_r -13.59184932226033 21.420000076293945 31.489999771118164 AB 4.0301523142604045 1.0077480260702718
62853.119 lsst_hardware_i -19.352566605835733 29.440000534057617 31.25 AB 3.974938008040286 1.0120784234345612
62855.043 lsst_hardware_y 89.365754742109 52.119998931884766 30.049999237060547 AB 5.645940725964912 1.0467561021490681
62855.0642 lsst_hardware_i -35.13652194162115 29.719999313354492 31.260000228881836 AB 5.231050264688285 1.0211908764642823
62858.1003 lsst_hardware_u 0.2983279922158955 2.6500000953674316 28.469999313354492 AB 4.289509294976928 1.0098903578521314
62858.1138 lsst_hardware_r -5.9243566419295055 21.40999984741211 31.489999771118164 AB 4.353638931682573 1.0173638257553919
62860.1017 lsst_hardware_i 15.575953503302044 29.469999313354492 31.25 AB 6.15473560126643 1.013041823926713
62860.1137 lsst_hardware_z -25.144446089863674 40.43000030517578 30.950000762939453 AB 6.1922720882891085 1.0217849244320656
62865.0856 lsst_hardware_y -40.39551099637846 46.70000076293945 30.059999465942383 AB 7.5540990867448885 1.0117661592828557
62866.0887 lsst_hardware_r 9.496860257319405 28.68000030517578 31.56999969482422 AB 7.551997496962305 1.0150875361352183
62866.1022 lsst_hardware_i -7.474084659533153 33.0 31.280000686645508 AB 7.691431507819449 1.026550751794345
62870.0808 lsst_hardware_z -14.275304381792298 50.27000045776367 30.969999313354492 AB 2.3275902618100464 1.017192291843132
62870.0921 lsst_hardware_r -27.7558170974636 57.54999923706055 31.639999389648438 AB 2.363075474610292 1.0274241193957794
62872.0793 lsst_hardware_i 113.91828657805362 57.130001068115234 31.329999923706055 AB 9.981072980418363 1.0203509487240212
62874.0727 lsst_hardware_r -106.48302529740812 80.87999725341797 31.65999984741211 AB 8.473987028607615 1.0193963524233998
62874.0865 lsst_hardware_z 20.500560161639605 58.5099983215332 30.989999771118164 AB 6.036745495365879 1.0335713095592762
