data/validation/pwv_sim_epoch_fit_4/18505383.ecsv
# %ECSV 0.9
# ---
# datatype:
# - {name: time, datatype: float64}
# - {name: band, datatype: string}
# - {name: flux, datatype: float64}
# - {name: fluxerr, datatype: float64}
# - {name: zp, datatype: float64}
# - {name: zpsys, datatype: string}
# - {name: pwv, datatype: float64}
# - {name: airmass, datatype: float64}
# meta: {SNID: '18505383', alt: 1024.0, c: -0.10317278653383255, dec: -42.609806, lat: -30.244573, lon: -70.7499537, ra: 186.964279, t0: 60787.25,
#   x0: 5.094836444267876e-06, x1: 0.7616021037101746, z: 0.6080479025840759}
# schema: astropy-2.0
time band flux fluxerr zp zpsys pwv airmass
[from data line 133]
61115.2714 lsst_hardware_r -4.943328766188127 22.190000534057617 31.479999542236328 AB 7.85205575112566 1.0430467257074505
61117.2348 lsst_hardware_i 15.578885089236639 30.06999969482422 31.25 AB 6.046580919830947 1.0248442237001605
61117.2468 lsst_hardware_r -52.90500637743262 22.280000686645508 31.5 AB 6.069581239379465 1.028742582945672
61119.2208 lsst_hardware_u 1.2413473002891078 2.5799999237060547 28.3700008392334 AB 5.034655852634535 1.0243971417945195
61119.2335 lsst_hardware_g 1.2500559181692559 13.59000015258789 31.40999984741211 AB 5.061622545581319 1.0257619912009965
61121.2207 lsst_hardware_r 9.101282455831004 22.31999969482422 31.489999771118164 AB 5.914511377209074 1.0244534718029803
61121.2328 lsst_hardware_i 22.648672812669016 30.06999969482422 31.25 AB 5.989178639415651 1.0273767946964163
61123.2236 lsst_hardware_z -70.52030444106624 40.7400016784668 30.940000534057617 AB 6.059388786910436 1.0260585533672828
61123.2363 lsst_hardware_r -5.0154460760331006 22.299999237060547 31.489999771118164 AB 6.108457756180202 1.0320665278520278
61127.2124 lsst_hardware_r 21.870497861087188 40.54999923706055 31.610000610351562 AB 7.8531667814189 1.0259765859973167
61127.2244 lsst_hardware_z -30.532261676981978 44.88999938964844 30.959999084472656 AB 7.922910843078205 1.0314499448548262
61129.2174 lsst_hardware_r 65.23145633833013 66.72000122070312 31.649999618530273 AB 6.718377451523325 1.0305313608021953
61129.2295 lsst_hardware_y -45.342719256742264 50.5099983215332 30.049999237060547 AB 6.6695145156604285 1.0395128609196094
61132.1984 lsst_hardware_z 38.611952415458845 82.41999816894531 31.0 AB 8.412188218640546 1.025876612029335
61132.2099 lsst_hardware_r 44.28055613962562 123.83999633789062 31.65999984741211 AB 8.784440228057548 1.0309367504810878
61134.2083 lsst_hardware_i 53.27987816782903 82.45999908447266 31.34000015258789 AB 4.680955400650741 1.0334375539575542
61134.2198 lsst_hardware_z 54.24882685604155 71.86000061035156 30.989999771118164 AB 5.738332108267618 1.0433331105941124
61136.153 lsst_hardware_i -76.35279546668838 55.939998626708984 31.31999969482422 AB 11.903064156792663 1.0317742952188846
61136.1638 lsst_hardware_z 35.328942740637515 54.439998626708984 30.979999542236328 AB 11.86867956603263 1.0265247851610855
61138.1954 lsst_hardware_z -110.67083952151171 65.4000015258789 31.719999313354492 AB 8.733340179268376 1.0321063832107593
61140.1913 lsst_hardware_z -51.2323250813216 41.970001220703125 30.950000762939453 AB 5.081729134171417 1.0330117497299263
61140.2027 lsst_hardware_r 36.460344018814254 27.969999313354492 31.540000915527344 AB 5.128067645775159 1.0426080402104625
61147.1451 lsst_hardware_i -67.08677135719886 30.31999969482422 31.260000228881836 AB 14.97897838322464 1.0243670819201678
61147.1567 lsst_hardware_r -24.896570904647536 22.639999389648438 31.510000228881836 AB 14.972802374630103 1.0256749126339295
61151.1329 lsst_hardware_r 16.219128854262124 22.610000610351562 31.510000228881836 AB 7.475350324956278 1.024441595855321
61151.145 lsst_hardware_i -10.794200758160944 30.290000915527344 31.260000228881836 AB 7.391635637222058 1.0254766422339148
61153.1293 lsst_hardware_z -46.25533298657383 40.68000030517578 30.950000762939453 AB 5.49794003371706 1.0243495335073007
61153.1413 lsst_hardware_r -30.49752018536898 22.65999984741211 31.510000228881836 AB 5.553473174723096 1.0259510760619057
61155.1368 lsst_hardware_z -55.89442141559478 62.380001068115234 31.709999084472656 AB 14.39111853393706 1.0262449556816722
61157.1151 lsst_hardware_z -48.7905349483256 51.34000015258789 30.969999313354492 AB 4.566530826722777 1.0245750116048409
61157.127 lsst_hardware_r 59.07254033245355 59.04999923706055 31.649999618530273 AB 4.594225971095628 1.0251155011741826
61159.1146 lsst_hardware_i -114.84991852817731 73.91000366210938 31.34000015258789 AB 9.026790737480475 1.0243457388839938
61159.1255 lsst_hardware_r -34.630984058957495 91.38999938964844 31.65999984741211 AB 8.373968560259799 1.0261273241135678
61161.1165 lsst_hardware_z -258.8376562519444 163.77999877929688 32.5099983215332 AB 10.017952422645031 1.0252040684951422
61163.1143 lsst_hardware_r 90.75690222499874 102.66999816894531 31.65999984741211 AB 13.55146805061577 1.0260433882729851
61163.1263 lsst_hardware_i -38.559942570199844 80.73999786376953 31.34000015258789 AB 11.688828277979855 1.0315795850304346
61166.0999 lsst_hardware_z 64.68882052469283 48.5 30.969999313354492 AB 3.64490577534555 1.024689453066646
61166.1125 lsst_hardware_r 163.81537873521054 52.15999984741211 31.639999389648438 AB 3.5997874434167003 1.0285106981190573
61168.1083 lsst_hardware_u -2.1891451101823263 2.619999885559082 28.399999618530273 AB 10.682683348076429 1.0291271970787477
61168.1201 lsst_hardware_g 57.53474777168666 21.8799991607666 31.579999923706055 AB 10.70448923534225 1.036988753100838
61170.1007 lsst_hardware_r -8.49166058392579 22.3799991607666 31.489999771118164 AB 7.690247196369378 1.0281079139531895
61170.1123 lsst_hardware_z -5.482943222964946 40.779998779296875 30.950000762939453 AB 7.669772340462495 1.035126842629394
61177.0947 lsst_hardware_r -5.6602191546779625 22.239999771118164 31.489999771118164 AB 8.817492018141497 1.036315686447846
61177.1073 lsst_hardware_i 12.868123100457085 30.1200008392334 31.239999771118164 AB 8.979590804589215 1.048711334842536
61178.0856 lsst_hardware_z -22.73363467574206 40.560001373291016 30.940000534057617 AB 8.862679595376814 1.0317438411381623
61178.0969 lsst_hardware_r -19.017645052318915 22.209999084472656 31.479999542236328 AB 8.78568192312611 1.040628781166181
61182.0388 lsst_hardware_i 31.485028916839564 31.200000762939453 31.25 AB 4.6715295444474245 1.026333843525615
61182.0514 lsst_hardware_z -56.162363275200555 41.209999084472656 30.950000762939453 AB 5.087576118258968 1.0243441848843562
61185.0313 lsst_hardware_z -44.24653898359539 48.34000015258789 30.969999313354492 AB 4.84121346246898 1.0261156130710005
61185.0439 lsst_hardware_r 4.775438018900033 49.09000015258789 31.639999389648438 AB 4.9640332537454395 1.0243568414662483
61187.0769 lsst_hardware_r -46.7848188147233 77.7300033569336 31.649999618530273 AB 6.056514573368518 1.0452478697638723
61187.0886 lsst_hardware_y 33.35241589141587 53.58000183105469 30.049999237060547 AB 6.562162696766178 1.0598378514292617
61196.0203 lsst_hardware_i -33.310004975642585 29.860000610351562 31.25 AB 10.34954361104021 1.025079429268711
61196.0325 lsst_hardware_z 30.130013824201484 40.68000030517578 30.950000762939453 AB 10.495085322466652 1.0294682176105139
61198.0174 lsst_hardware_i 9.531931844072957 29.770000457763672 31.239999771118164 AB 4.809460733815708 1.0256718407254706
61198.029 lsst_hardware_u -3.17303663318204 2.5199999809265137 28.329999923706055 AB 4.743520056278957 1.030546585957228
