data/validation/pwv_sim_epoch_fit_4/18670415.ecsv
# %ECSV 0.9
# ---
# datatype:
# - {name: time, datatype: float64}
# - {name: band, datatype: string}
# - {name: flux, datatype: float64}
# - {name: fluxerr, datatype: float64}
# - {name: zp, datatype: float64}
# - {name: zpsys, datatype: string}
# - {name: pwv, datatype: float64}
# - {name: airmass, datatype: float64}
# meta: {SNID: '18670415', alt: 1024.0, c: -0.031766097992658615, dec: 4.480799, lat: -30.244573, lon: -70.7499537, ra: 314.824219, t0: 62342.8203125,
#   x0: 1.8037194666256673e-05, x1: -1.2674453258514404, z: 0.3586879372596741}
# schema: astropy-2.0
time band flux fluxerr zp zpsys pwv airmass
62276.4058 lsst_hardware_i -5.830070096613492 32.599998474121094 31.239999771118164 AB 8.751880710506766 1.2188541580233412
62276.4245 lsst_hardware_y -101.02061153817792 51.25 30.0 AB 7.370236281371768 1.223749659293519
62278.4038 lsst_hardware_r 33.984160135122174 24.1299991607666 31.479999542236328 AB 5.070249848839058 1.2184195407335734
62278.4239 lsst_hardware_y 34.47979812219682 50.7400016784668 29.989999771118164 AB 4.744043456581785 1.227966382204086
62281.3565 lsst_hardware_y 35.163077896300244 51.040000915527344 29.979999542236328 AB 9.305739151890215 1.2598732986143022
62281.3774 lsst_hardware_g -4.611848718723643 14.640000343322754 31.3799991607666 AB 9.627962696178022 1.2275867265304121
62284.3632 lsst_hardware_r 119.2872896230612 91.81999969482422 31.610000610351562 AB 11.191939732657211 1.2344051175724513
62284.3826 lsst_hardware_i 41.00898446678728 72.13999938964844 31.299999237060547 AB 11.366179272700737 1.2191982915511375
62287.3719 lsst_hardware_z 3.411010897729462 68.05000305175781 30.969999313354492 AB 8.669015598739055 1.220071626769421
62287.3938 lsst_hardware_r 54.39805399514225 87.69999694824219 31.610000610351562 AB 9.052235988513985 1.2232751335829708
62301.3273 lsst_hardware_z 33.58708471589093 43.95000076293945 30.93000030517578 AB 15.027017435572963 1.2237483151246356
62301.3503 lsst_hardware_r -30.15216603950879 23.790000915527344 31.469999313354492 AB 14.61740969140224 1.2202783839217148
62305.3305 lsst_hardware_r -19.506790841980543 23.760000228881836 31.469999313354492 AB 5.700732589873403 1.2184306897939008
62305.35 lsst_hardware_i 7.412685306215229 32.31999969482422 31.219999313354492 AB 5.402340074268599 1.2278045623337723
62307.3343 lsst_hardware_z -35.70776380892705 43.900001525878906 30.93000030517578 AB 4.515672650514164 1.2204520677065307
62307.3551 lsst_hardware_r -2.0583098982860952 23.8700008392334 31.459999084472656 AB 4.592425863419979 1.2411961793026969
62313.2992 lsst_hardware_z 85.64217261179743 76.81999969482422 30.969999313354492 AB 6.777888021687534 1.2208744560229952
62313.3207 lsst_hardware_r -14.413183215049985 113.38999938964844 31.6200008392334 AB 6.756398110609764 1.2219191181474132
62318.2798 lsst_hardware_y 114.73783682851482 77.9036768354088 30.75 AB 9.936377663017865 1.224596704833358
62320.3265 lsst_hardware_r -77.9780870297588 40.73716737873664 31.549999237060547 AB 8.063358087623728 1.2532743187250308
62320.3417 lsst_hardware_i 73.12704027406981 41.340222655045494 31.239999771118164 AB 8.479284224203916 1.2899192552222887
62329.251 lsst_hardware_g 937.1150635692163 33.34487087475827 31.3700008392334 AB 9.270895538255077 1.2236652124935208
62329.2719 lsst_hardware_i 1319.2131160360943 48.55249327581698 31.229999542236328 AB 9.255573469098147 1.2195502638481395
62331.2495 lsst_hardware_z 1414.6600111381636 58.0237289060533 30.93000030517578 AB 7.921350674916532 1.2211743075410892
62331.2685 lsst_hardware_r 2571.1787930841624 56.309299045122444 31.479999542236328 AB 7.610711070905329 1.2203497267546426
62335.2517 lsst_hardware_r 4312.704034539363 69.55534673818799 31.469999313354492 AB 2.284760107406476 1.2186470481321767
62335.2696 lsst_hardware_i 3199.104515118699 64.54398998673508 31.219999313354492 AB 2.3203398854565767 1.2293734215850114
62346.2101 lsst_hardware_r 6369.545030128368 114.47219733052319 31.610000610351562 AB 5.04931613804961 1.2204276840274597
62346.2309 lsst_hardware_z 2845.2111798020997 84.13525016977235 30.959999084472656 AB 5.064282151017939 1.2221249610307539
62361.164 lsst_hardware_r 2251.5629907973566 52.613016162350505 31.479999542236328 AB 4.0354512871188355 1.2234201264571278
62361.1823 lsst_hardware_u -2.2061868611965787 3.1615963719971503 28.420000076293945 AB 3.687330149631767 1.2189521155809997
62363.1701 lsst_hardware_g 585.4130349069015 27.475700108577836 31.399999618530273 AB 4.382953808518278 1.2186155167335342
62363.1885 lsst_hardware_i 2301.8608274908165 58.12868733982173 31.229999542236328 AB 4.360018123528428 1.225010945500846
62368.1098 lsst_hardware_r 1416.7443784901686 84.0333891287677 31.59000015258789 AB 2.6925212139920394 1.2821529590438283
62368.1293 lsst_hardware_y 439.7842540161004 57.95045103458516 29.979999542236328 AB 2.2886137685234305 1.240945516347258
62370.1418 lsst_hardware_z 1481.8088155093858 100.59688164828216 30.979999542236328 AB 2.461783492340297 1.221880378379599
62370.1597 lsst_hardware_r 1355.7761323215598 139.33527398410894 31.6200008392334 AB 2.4436617170659214 1.2194934959989627
62377.1161 lsst_hardware_g 276.72880317973767 24.058222389719884 31.479999542236328 AB 6.132722066826881 1.2268920327746624
62377.1323 lsst_hardware_i 1414.2029971937998 54.7467037574913 31.260000228881836 AB 6.3365933986830925 1.2185756535929024
62384.0912 lsst_hardware_g 211.76831108279822 19.582525956694703 31.3799991607666 AB 1.8258203506246944 1.2331763498337553
62384.1101 lsst_hardware_r 409.3350251133306 32.254504784992015 31.469999313354492 AB 1.8059344680963654 1.21912767873292
62391.0587 lsst_hardware_u 15.012810745570839 4.030114379651975 28.360000610351562 AB 3.590718911288372 1.2547283694551838
62391.0778 lsst_hardware_g 87.19562224026632 18.567156835350293 31.389999389648438 AB 3.461169076598311 1.2269660842864238
62394.0553 lsst_hardware_r 376.91669415212465 40.71550484858146 31.549999237060547 AB 1.4619109560827666 1.245858353312602
62394.0738 lsst_hardware_z 577.7722612113376 51.44526424486848 30.940000534057617 AB 1.4567848767833318 1.2235035359322497
62412.0308 lsst_hardware_g 7.853207292007763 14.199999809265137 31.360000610351562 AB 2.3515827931472515 1.2200697616748508
62412.05 lsst_hardware_r -3.9891905500291625 23.6299991607666 31.450000762939453 AB 3.665227450765509 1.2217424835885031
62415.0296 lsst_hardware_i 36.455211720007306 32.20000076293945 31.229999542236328 AB 4.159076072356932 1.2185090668298342
62415.0486 lsst_hardware_z -77.0097821929918 43.79999923706055 30.93000030517578 AB 4.658664077464419 1.2268520843938497
62424.0076 lsst_hardware_y -162.90126154062128 77.69999694824219 30.75 AB 8.168422981032393 1.2185613596767315
62635.3777 lsst_hardware_g -0.13235273991169733 14.75 31.360000610351562 AB 10.41698187979768 1.2831165707701604
62635.3996 lsst_hardware_y 70.91775959907726 49.459999084472656 29.979999542236328 AB 10.058930209216124 1.237895215983935
62640.3762 lsst_hardware_r 19.762407881764027 83.4800033569336 31.600000381469727 AB 11.967904276288525 1.2545301791229881
62640.3982 lsst_hardware_y -10.007871484231012 54.93000030517578 29.989999771118164 AB 11.702681274926663 1.22438598816977
62645.3977 lsst_hardware_z -63.968194092911006 50.029998779296875 30.940000534057617 AB 8.121054508700992 1.2185846809434788
62645.4189 lsst_hardware_y 23.387013908145665 51.54999923706055 29.989999771118164 AB 7.522750642293228 1.227803271143011
62647.3731 lsst_hardware_r -7.304210784254367 27.43000030517578 31.5 AB 7.098633511332434 1.2299993088728496
62647.3921 lsst_hardware_u -4.491789130189414 3.5399999618530273 28.530000686645508 AB 6.759581306253397 1.2186012810985487
62651.3682 lsst_hardware_g -35.241035421069355 14.550000190734863 31.389999389648438 AB 15.07117773965104 1.224369942021003
62651.3899 lsst_hardware_r -61.784320567656636 24.0 31.469999313354492 AB 15.74529919791788 1.2195495380142811
62656.3722 lsst_hardware_r 18.51998541923317 23.920000076293945 31.469999313354492 AB 14.71745372128658 1.2186349028141574
62656.3928 lsst_hardware_g -17.66352430228791 14.510000228881836 31.3799991607666 AB 14.390440387440407 1.2320846240236654
62673.258 lsst_hardware_z 15.841670256790145 56.849998474121094 30.940000534057617 AB 4.2995829311470075 1.3355852857488568
62673.2842 lsst_hardware_i -40.97787683832665 53.70000076293945 31.280000686645508 AB 4.12078953379386 1.2584484757349383
62681.2904 lsst_hardware_r 0.8856654546531667 23.729999542236328 31.469999313354492 AB 3.2465049114586537 1.2216387249138867
62681.3113 lsst_hardware_i 31.22714035027686 32.09000015258789 31.219999313354492 AB 2.3539813758854864 1.2209446970360407
62687.291 lsst_hardware_u -4.132250236500831 2.630000114440918 28.309999465942383 AB 4.823691083386223 1.2193868338031322
62687.3127 lsst_hardware_r -10.476986161446389 23.84000015258789 31.469999313354492 AB 5.540676887434853 1.2380709206044027
62689.2514 lsst_hardware_g -15.955372022293439 14.3100004196167 31.360000610351562 AB 1.9494602819286473 1.2390637385139707
62689.2744 lsst_hardware_i -19.70717530299191 32.27000045776367 31.229999542236328 AB 1.9450510610929599 1.219212950956684
62696.2529 lsst_hardware_z -14.530976564938495 77.56999969482422 30.969999313354492 AB 7.621968426028471 1.220002949344293
62696.2738 lsst_hardware_r 173.1306246338958 113.76000213623047 31.6200008392334 AB 7.616761663924193 1.2229867796923881
62703.2125 lsst_hardware_z -58.602683134221245 47.7400016784668 30.93000030517578 AB 7.068489296995656 1.2400858415781852
62703.2324 lsst_hardware_r 2.420302535924924 40.630001068115234 31.559999465942383 AB 6.86270384564018 1.2205968096115571
62708.1952 lsst_hardware_g 3.9135132100197882 14.5600004196167 31.360000610351562 AB 13.512138693543777 1.2459804381797772
62708.2173 lsst_hardware_i -41.26732807379559 32.31999969482422 31.219999313354492 AB 12.397018363052059 1.2213209559186307
62712.1861 lsst_hardware_u 0.22656214956222573 2.559999942779541 28.229999542236328 AB 6.080200552600906 1.2429499775337878
62712.206 lsst_hardware_g 30.522211533436447 14.59000015258789 31.3700008392334 AB 5.940910506978819 1.2215298667582644
62724.1464 lsst_hardware_r -109.27117961506102 101.30999755859375 31.610000610351562 AB 10.330452463406491 1.2555241204917953
62724.1645 lsst_hardware_z -79.31398263660208 72.69000244140625 30.969999313354492 AB 10.101549821169266 1.2283510787364842
62739.1154 lsst_hardware_i 26.83378808183446 32.61000061035156 31.229999542236328 AB 2.333247275656734 1.2383444187474926
62739.1325 lsst_hardware_z 92.81641689550626 43.90999984741211 30.940000534057617 AB 2.683877902684521 1.2214250163916207
62743.1188 lsst_hardware_g -1.5314385922208043 14.539999961853027 31.3700008392334 AB 3.8247329214977706 1.2231317305717206
62743.1377 lsst_hardware_i -13.838897841615859 32.33000183105469 31.229999542236328 AB 5.00921932649918 1.2193073270855423
62745.1148 lsst_hardware_z 51.77379910005756 43.720001220703125 30.93000030517578 AB 1.3224053116732686 1.2221860551508952
62745.1331 lsst_hardware_r -18.61687292181334 23.969999313354492 31.469999313354492 AB 1.5854364666311704 1.219566512793208
62746.0251 lsst_hardware_r 38.05616378754592 25.530000686645508 31.420000076293945 AB 2.416788787577824 1.5180834092825526
62746.0409 lsst_hardware_u 5.032940946365509 2.7699999809265137 28.25 AB 2.218465960804683 1.4180031708568637
62754.0922 lsst_hardware_z -35.98632497019284 96.44000244140625 30.979999542236328 AB 4.278073492390843 1.2210856264851842
62754.1102 lsst_hardware_i 12.512052405883734 113.18000030517578 31.309999465942383 AB 4.2815143119344645 1.2201812464249073
62756.0589 lsst_hardware_r 9.926911177204033 120.58999633789062 31.610000610351562 AB 3.521244331122024 1.255793270728254
62756.0768 lsst_hardware_z 78.5137587636873 81.80999755859375 30.979999542236328 AB 3.553493795244089 1.2286968892934467
62761.0592 lsst_hardware_g 7.622538134112671 14.449999809265137 31.389999389648438 AB 0.4609968393024709 1.2331614069591912
62761.0781 lsst_hardware_r 22.94006430984551 23.799999237060547 31.469999313354492 AB 0.4493693829289867 1.219179876813891
62770.0503 lsst_hardware_r 16.84053033500332 23.649999618530273 31.459999084472656 AB 3.634854138877614 1.220261565716235
62770.0801 lsst_hardware_u 0.3565002665018677 2.5999999046325684 28.280000686645508 AB 3.636105034320617 1.230492397401224
62773.0303 lsst_hardware_g -3.9597720748504805 14.239999771118164 31.3700008392334 AB 4.210530887911739 1.2287840330489765
62773.0509 lsst_hardware_r 0.5111438448462488 23.729999542236328 31.469999313354492 AB 4.116813247373175 1.2185629108428038
62775.0295 lsst_hardware_i 36.97749207360715 32.470001220703125 31.229999542236328 AB 7.441625972169496 1.2245558618017722
62775.0491 lsst_hardware_z 29.92742658715672 43.93000030517578 30.93000030517578 AB 6.967477397573827 1.2190139495375707
62783.9971 lsst_hardware_z -31.18900396397035 77.4000015258789 30.969999313354492 AB 3.759263547367639 1.2323097377112255
62784.0156 lsst_hardware_r 10.452271671658217 106.27999877929688 31.6200008392334 AB 2.9258621127320565 1.219109213638357
62785.9983 lsst_hardware_y -67.30126774575365 57.34000015258789 30.0 AB 6.419506012319173 1.2255058487701644
62786.0159 lsst_hardware_z 73.36519527807047 61.5 30.959999084472656 AB 7.390111585351425 1.2185854704181167
62787.9981 lsst_hardware_y -42.943684143781155 56.33000183105469 30.0 AB 8.593651731182053 1.221773837736793
62788.0155 lsst_hardware_u 2.366342473276527 2.7699999809265137 28.3799991607666 AB 8.817611559109633 1.2195163799839568
62789.9999 lsst_hardware_y 81.2640431458499 55.189998626708984 30.0 AB 8.626779373706412 1.2189594763026275
62790.0183 lsst_hardware_i -44.9152032320621 32.43000030517578 31.239999771118164 AB 9.55079472229364 1.2238463236144799
