data/validation/pwv_sim_epoch_fit_4/1868682.ecsv
# %ECSV 0.9
# ---
# datatype:
# - {name: time, datatype: float64}
# - {name: band, datatype: string}
# - {name: flux, datatype: float64}
# - {name: fluxerr, datatype: float64}
# - {name: zp, datatype: float64}
# - {name: zpsys, datatype: string}
# - {name: pwv, datatype: float64}
# - {name: airmass, datatype: float64}
# meta: {SNID: '1868682', alt: 1024.0, c: -0.005983009003102779, dec: -39.83844, lat: -30.244573, lon: -70.7499537, ra: 7.558594, t0: 59861.59765625,
#   x0: 7.1713846993221064e-06, x1: 0.8311481475830078, z: 0.5284985303878784}
# schema: astropy-2.0
time band flux fluxerr zp zpsys pwv airmass
59842.283 lsst_hardware_u 0.9690495901947345 2.7965763931423164 28.3700008392334 AB 7.3711198779066835 1.0682782431748816
59842.295 lsst_hardware_g 167.59229042100418 19.441329780387996 31.3799991607666 AB 7.306432460950779 1.0926868087164674
59850.2998 lsst_hardware_g 697.5433499951947 29.309020124442316 31.360000610351562 AB 4.385520607392896 1.167086119238773
59850.3118 lsst_hardware_r 1768.7159884062476 48.46974339049746 31.450000762939453 AB 4.564131447904547 1.2113411194510013
59856.0506 lsst_hardware_i 1821.5078512679213 60.986603572990425 31.25 AB 2.9905825034268005 1.2996881805418514
59856.0593 lsst_hardware_z 1432.022010175147 61.51238885836513 30.93000030517578 AB 2.940555181635808 1.2568265486406873
59860.2452 lsst_hardware_i 2168.6132695587607 96.74399914767828 31.329999923706055 AB 3.469182952170944 1.0912239954404017
59860.2563 lsst_hardware_r 2711.955922413176 120.2811767878565 31.639999389648438 AB 4.209315044113052 1.118308991528564
59862.2403 lsst_hardware_z 3201.6800722652197 115.69947364757725 31.739999771118164 AB 2.89634374964045 1.0924789399537347
59864.2407 lsst_hardware_r 2621.3500875897194 88.2618493219865 31.639999389648438 AB 6.084682342804647 1.1063058805099357
59864.2519 lsst_hardware_i 2241.7712442872094 74.00957316205313 31.309999465942383 AB 6.156702508442328 1.1365520598933594
59867.2378 lsst_hardware_z 1539.655840325775 60.3485307244838 30.959999084472656 AB 7.173268269536003 1.1199482075778302
59867.2489 lsst_hardware_r 2393.9738911617364 64.97321671466536 31.59000015258789 AB 7.386114801864346 1.1523998546699104
59869.2295 lsst_hardware_i 1864.9706665676194 52.48124220352995 31.239999771118164 AB 5.861701057152152 1.1124883388029034
59869.241 lsst_hardware_u 4.9785092310958525 3.4277744750195103 28.5 AB 5.991326261913888 1.1448029544117488
59871.1845 lsst_hardware_u -2.2540399219046305 2.8779232566423523 28.440000534057617 AB 2.677529057919312 1.039144524418879
59871.1944 lsst_hardware_g 426.78468190870444 24.29001924336016 31.399999618530273 AB 2.7304037750927668 1.0525843388946672
59873.1839 lsst_hardware_r 1785.660813488644 48.03642325666717 31.510000228881836 AB 2.6008638641624047 1.0453632894543428
59873.1946 lsst_hardware_i 1652.920224907512 51.06591331359217 31.260000228881836 AB 2.706896810023907 1.0616669407859485
59875.2236 lsst_hardware_u -1.1253746168675582 2.713200049515369 28.3799991607666 AB 3.903806368227407 1.141714226285708
59875.2342 lsst_hardware_g 284.26473194612015 21.61797657990936 31.360000610351562 AB 4.2037544970552485 1.1762592446171887
59877.2113 lsst_hardware_r 1476.408673466165 44.04490482743966 31.479999542236328 AB 4.97923405249231 1.1221230587048017
59877.2233 lsst_hardware_i 1372.361391649281 49.19338040856122 31.229999542236328 AB 5.11432089360301 1.1578720610376925
59879.2112 lsst_hardware_z 1086.8282183667588 53.540724040493444 30.940000534057617 AB 3.607259859436029 1.1373090121970613
59879.2224 lsst_hardware_r 1323.2205435777762 42.31733223937369 31.479999542236328 AB 3.6295676683166778 1.1731935897592793
59881.2117 lsst_hardware_u -0.1547980217921742 3.168276055481071 28.469999313354492 AB 3.754033728033004 1.1556799573216021
59881.2228 lsst_hardware_g 165.20714186342457 19.182769161352436 31.3799991607666 AB 3.877229696573407 1.1944025352693148
59883.165 lsst_hardware_z 933.2952419401987 51.75822096988114 30.959999084472656 AB 4.013522210627002 1.0578603612619029
59883.1764 lsst_hardware_g 165.76536060354917 21.465007041414566 31.510000228881836 AB 3.7316972261464505 1.0785252098687228
59885.2099 lsst_hardware_i 1206.54626266469 54.97342068630629 31.280000686645508 AB 5.2304287810905965 1.187047666630239
59885.2204 lsst_hardware_r 987.2781436231187 52.379272004406836 31.56999969482422 AB 5.349615732647309 1.228525831357747
59887.2041 lsst_hardware_z 1642.582142964107 93.65315283574141 31.719999313354492 AB 5.493451816261778 1.1858077024596245
59896.0775 lsst_hardware_z 685.6619024476546 48.50120453089458 30.950000762939453 AB 4.458753311149878 1.014044419183578
59896.0891 lsst_hardware_r 377.2141539949241 29.39784463549448 31.489999771118164 AB 3.436824162630753 1.0171629741915118
59898.0949 lsst_hardware_u 2.103297962331114 2.9171369495240467 28.469999313354492 AB 4.29969451537759 1.0237367893756166
59901.1506 lsst_hardware_u 0.7803509719210073 2.637940728885371 28.360000610351562 AB 5.477487458094621 1.1357601903674504
59901.1621 lsst_hardware_g 44.273192378004055 14.777035986333031 31.3700008392334 AB 5.529354303506417 1.1724048350927998
59903.057 lsst_hardware_u -0.9221434544762691 2.6241878376170167 28.399999618530273 AB 6.634740402137904 1.0139178445526826
59903.0687 lsst_hardware_g 46.383174452722166 14.541461367969363 31.40999984741211 AB 6.666173670647231 1.016637021640297
59905.0625 lsst_hardware_r 237.80557620829623 26.942108562271088 31.489999771118164 AB 4.573598188977265 1.016355153106059
59905.0762 lsst_hardware_i 439.6212502642979 36.27994877087961 31.25 AB 4.484815601782794 1.0240474030786149
59907.0626 lsst_hardware_z 641.7253965148284 46.956854806682244 30.950000762939453 AB 7.714724602136059 1.0188489965842655
59907.0756 lsst_hardware_r 232.36312923736298 26.497858358099485 31.489999771118164 AB 7.812123643381227 1.0280462749547608
59909.0506 lsst_hardware_u 0.3133705518902209 3.0569142397579387 28.530000686645508 AB 4.369838439556606 1.0160052172882135
59909.0622 lsst_hardware_r 210.36605088840682 26.30053591097248 31.5 AB 4.483256777547264 1.0218637237990473
59913.0994 lsst_hardware_r 214.6198796410967 36.91965807304808 31.579999923706055 AB 5.454371741310671 1.088841843487669
59913.1117 lsst_hardware_z 483.94939398499037 50.1697184895233 30.950000762939453 AB 5.650934642309396 1.118627774789059
60133.4053 lsst_hardware_z 10.568763554021213 105.37000274658203 31.010000228881836 AB 1.6693037132619173 1.0183338192843785
60133.4169 lsst_hardware_y -203.33239041576385 114.5 30.09000015258789 AB 2.1505154582397585 1.0143940840754568
60140.4407 lsst_hardware_i 58.88731336454388 85.9000015258789 31.34000015258789 AB 4.731602647358279 1.0318243761048802
60144.4339 lsst_hardware_u 7.018266080630135 29.200000762939453 29.530000686645508 AB 3.170867164167767 1.036231099401231
60147.4247 lsst_hardware_z 4.887093899706862 107.68000030517578 31.010000228881836 AB 5.175520236883534 1.0351040473767068
60147.4364 lsst_hardware_r -64.59112598310303 81.16000366210938 31.649999618530273 AB 5.250293615149909 1.0500587230299818
60153.4246 lsst_hardware_r -10.480736714766778 80.05000305175781 31.649999618530273 AB 3.8054809691971956 1.057078046999221
60153.4349 lsst_hardware_u 7.579614266376554 28.649999618530273 29.489999771118164 AB 3.8714125701644497 1.075392380601236
60160.1445 lsst_hardware_z 485.3544520871094 244.24000549316406 32.810001373291016 AB 2.8038790687806956 1.9862189389237512
60162.4116 lsst_hardware_z -15.265964456831947 105.04000091552734 31.0 AB 3.1174747853457596 1.0779028820419845
60162.4241 lsst_hardware_r 95.54895503956118 79.55000305175781 31.639999389648438 AB 3.172010759347586 1.1057439319129396
60164.3928 lsst_hardware_z 55.59641604278869 105.05000305175781 31.0 AB 1.47600080619121 1.0542862901365786
60164.4041 lsst_hardware_r -108.03106487743989 79.7300033569336 31.639999389648438 AB 1.503458826508973 1.0738991617921236
60165.3955 lsst_hardware_i -34.35358970657128 85.56999969482422 31.34000015258789 AB 4.198137104596998 1.0631783989355896
60165.4066 lsst_hardware_z -128.0631526179365 104.93000030517578 31.0 AB 4.2727755758854835 1.0844608060623055
60168.4056 lsst_hardware_r -75.48024966456708 79.58999633789062 31.639999389648438 AB 3.3721754757430538 1.100609397256144
60168.4163 lsst_hardware_u 2.8482934316176505 27.969999313354492 29.43000030517578 AB 3.3486277088922773 1.1283705634816166
60176.3744 lsst_hardware_u -43.75396097809928 28.709999084472656 29.489999771118164 AB 2.8957404338886437 1.079962866940071
60176.385 lsst_hardware_g 85.70881837126659 87.44000244140625 31.709999084472656 AB 1.7679578235141402 1.1035941470125719
60178.3338 lsst_hardware_g 137.796146821286 88.55999755859375 31.739999771118164 AB 2.006128394025482 1.0287837918079394
60178.3441 lsst_hardware_r -25.17932729634347 80.23999786376953 31.65999984741211 AB 2.040579941329366 1.0397859573652821
60179.3669 lsst_hardware_z 127.74513810751417 107.2300033569336 31.0 AB 2.168160026658819 1.0813765718996604
60179.3776 lsst_hardware_r 44.06567856946135 80.41000366210938 31.6299991607666 AB 2.5007020427055875 1.105526986165158
60181.3758 lsst_hardware_u -3.7717647037114914 28.6200008392334 29.43000030517578 AB 2.3650462941749306 1.1147991016615275
60181.3878 lsst_hardware_r 26.016062455577764 79.9800033569336 31.6200008392334 AB 2.5941261952939008 1.149114593707154
60183.3613 lsst_hardware_i 52.73664497436696 85.29000091552734 31.329999923706055 AB 2.971094105186042 1.0928497199065872
60183.3714 lsst_hardware_z -30.00026375307717 104.62999725341797 30.989999771118164 AB 3.0800663114390052 1.1175857443536914
60198.3042 lsst_hardware_z 51.2137738885735 107.3499984741211 31.0 AB 2.6485624349524297 1.0611227704136337
60198.3153 lsst_hardware_r 20.503887093738065 80.6500015258789 31.639999389648438 AB 2.7099043315894074 1.0819421073686748
60200.1211 lsst_hardware_z 53.976653565342815 103.68000030517578 30.969999313354492 AB 3.119020685835054 1.2397975497704676
60200.1299 lsst_hardware_i 4.064091252266669 84.23999786376953 31.299999237060547 AB 4.3916313708294155 1.2033240426978646
60202.2894 lsst_hardware_r 0.7821666140483365 81.02999877929688 31.649999618530273 AB 2.6947288361263886 1.054826005790601
60202.3016 lsst_hardware_z -112.05514571256873 107.3499984741211 31.0 AB 1.9296784922822698 1.0763289907682085
60204.2951 lsst_hardware_r 16.278321806957948 80.81999969482422 31.639999389648438 AB 1.2024994439210683 1.0742996818829276
60204.3067 lsst_hardware_u -30.170311440650632 28.850000381469727 29.450000762939453 AB 1.2371001589422796 1.099156071916629
60208.2816 lsst_hardware_u 23.604379701668403 28.549999237060547 29.479999542236328 AB 4.130662512775733 1.0694271877736525
60208.2941 lsst_hardware_g 18.2072518080078 87.2300033569336 31.709999084472656 AB 3.455519035511976 1.0952516752813488
60210.2755 lsst_hardware_r 74.27159615455523 80.81999969482422 31.639999389648438 AB 1.83045411676676 1.0682545181014065
60210.2872 lsst_hardware_i 25.69114501221448 86.93000030517578 31.329999923706055 AB 1.8632967122019806 1.0919886963481036
60214.27 lsst_hardware_z -172.21334433452648 148.44000244140625 31.75 AB 4.101734332995585 1.0786468266994
60216.2945 lsst_hardware_r 57.86034444901262 78.9000015258789 31.6200008392334 AB 7.002850057632312 1.1562854407450567
60216.3056 lsst_hardware_z -114.80922580186483 104.05999755859375 30.979999542236328 AB 7.247093871258236 1.195117655738162
60228.2408 lsst_hardware_i -146.31145804970046 85.11000061035156 31.31999969482422 AB 3.9538217255165335 1.0982838126434815
60228.2515 lsst_hardware_u -33.00906244874343 27.860000610351562 29.43000030517578 AB 4.7102471014117615 1.1256191420279629
60237.1045 lsst_hardware_r 42.43975119798167 80.19000244140625 31.65999984741211 AB 3.3695065719190875 1.0307453569652516
60237.1149 lsst_hardware_i -27.93271475079082 85.86000061035156 31.34000015258789 AB 3.303824861266543 1.0221439744037568
60239.2274 lsst_hardware_g 61.12131345550767 88.0 31.690000534057617 AB 2.804227677284399 1.1428334904877835
60239.2384 lsst_hardware_r -25.8051088305529 79.86000061035156 31.6200008392334 AB 2.956797744941905 1.1789856434394477
60241.2151 lsst_hardware_i -96.49439521295818 85.08000183105469 31.31999969482422 AB 1.8441799426908752 1.1231302939652101
60241.2257 lsst_hardware_z 23.389267533276 104.44000244140625 30.989999771118164 AB 1.7780096540553476 1.1545517234139597
60243.2162 lsst_hardware_i -54.593282620136115 85.04000091552734 31.31999969482422 AB 1.5001022186648432 1.141992426820917
60243.2268 lsst_hardware_z 18.543341988086638 104.38999938964844 30.989999771118164 AB 1.4937761600801374 1.176587720443823
60245.2123 lsst_hardware_z 68.0890733489078 106.80999755859375 30.989999771118164 AB 3.047701889478482 1.146758518554463
60245.2234 lsst_hardware_r 202.4309740062864 79.7300033569336 31.6200008392334 AB 3.143972843519196 1.1839475968816404
60247.1658 lsst_hardware_g -55.06711013967406 89.44999694824219 31.729999542236328 AB 5.886217561645049 1.0536974825052088
60247.1773 lsst_hardware_r -112.71294047147616 80.87000274658203 31.649999618530273 AB 5.563120213160943 1.0735469342263495
60249.1678 lsst_hardware_i -74.11009372810237 85.51000213623047 31.329999923706055 AB 4.747391821943832 1.0660709956084309
60249.1789 lsst_hardware_z 246.59809904402317 104.83000183105469 31.0 AB 4.84736163744018 1.0879907909860738
60251.1989 lsst_hardware_g -124.93403453777552 86.26000213623047 31.68000030517578 AB 4.351846129355257 1.1561759110931293
60251.2099 lsst_hardware_r -138.18607860732945 78.58000183105469 31.610000610351562 AB 5.45787551621621 1.194610236107434
60263.1477 lsst_hardware_i -2.2604875831047258 85.1500015258789 31.329999923706055 AB 4.627743951396928 1.1041880066165173
60263.1579 lsst_hardware_z 70.26798509023105 104.48999786376953 30.989999771118164 AB 4.732585454255939 1.1311601292887836
60265.1494 lsst_hardware_r -15.561184618326697 79.22000122070312 31.6299991607666 AB 3.0469439861258305 1.1226764871503976
60265.161 lsst_hardware_u 2.7708318379048755 27.40999984741211 29.389999389648438 AB 3.167936543445112 1.1572370934959313
60268.0602 lsst_hardware_r -18.652221693461232 80.27999877929688 31.65999984741211 AB 6.731627011005813 1.014168361126396
60268.0732 lsst_hardware_y -8.90822358461113 114.29000091552734 30.09000015258789 AB 6.722882731199418 1.0183100168432926
60270.0567 lsst_hardware_z -141.08415168253535 105.19999694824219 31.0 AB 4.4100227616516126 1.0144979897980775
60270.0696 lsst_hardware_r -45.73788984780898 80.16999816894531 31.65999984741211 AB 4.509818827559158 1.019283269874372
60272.0594 lsst_hardware_i -114.182659394939 85.9800033569336 31.350000381469727 AB 7.649157013410193 1.016994816532112
60272.0717 lsst_hardware_z 65.91858208431911 105.4000015258789 31.010000228881836 AB 7.783472255574795 1.0242309310783013
60274.0485 lsst_hardware_r 113.50252388800747 80.37999725341797 31.65999984741211 AB 4.415812251478666 1.0151292532134863
60274.0616 lsst_hardware_z 156.58125427029336 105.23999786376953 31.010000228881836 AB 4.46043512165676 1.0210060556212075
60276.0966 lsst_hardware_g 52.56103398752061 87.61000061035156 31.719999313354492 AB 4.0978635409328446 1.070683733043012
60276.1083 lsst_hardware_i -63.283207431670604 85.08000183105469 31.31999969482422 AB 4.182406017314315 1.0949662319525528
60278.0976 lsst_hardware_z -57.98534951230501 104.91999816894531 31.0 AB 5.45787080016736 1.0834841450835149
60278.1096 lsst_hardware_r 98.22122372214079 79.48999786376953 31.639999389648438 AB 5.586808138285209 1.1113234369828144
