data/validation/pwv_sim_epoch_fit_4/18788749.ecsv
# %ECSV 0.9
# ---
# datatype:
# - {name: time, datatype: float64}
# - {name: band, datatype: string}
# - {name: flux, datatype: float64}
# - {name: fluxerr, datatype: float64}
# - {name: zp, datatype: float64}
# - {name: zpsys, datatype: string}
# - {name: pwv, datatype: float64}
# - {name: airmass, datatype: float64}
# meta: {SNID: '18788749', alt: 1024.0, c: -0.04181370884180069, dec: -61.943836, lat: -30.244573, lon: -70.7499537, ra: 330.098694, t0: 61914.06640625,
#   x0: 3.322801426284471e-05, x1: -1.8139194250106812, z: 0.275574266910553}
# schema: astropy-2.0
time band flux fluxerr zp zpsys pwv airmass
61918.3716 lsst_hardware_i 6950.652552567358 88.44179876781902 31.229999542236328 AB 10.990443403425639 1.2165420241777296
61918.3887 lsst_hardware_y 1185.61285501388 57.52808900586277 29.989999771118164 AB 11.143150438523458 1.195659763066289
61926.4244 lsst_hardware_r 6108.822998649018 81.36327503836132 31.469999313354492 AB 5.172233388316335 1.1755075882537125
61926.4382 lsst_hardware_y 811.5476923295566 69.77976056258261 30.020000457763672 AB 5.199737366747352 1.18175849244258
61928.4042 lsst_hardware_y 1432.3021668875178 84.73750376699132 30.75 AB 1.3196677345716228 1.1735595683162496
61954.3564 lsst_hardware_g 311.6643667591395 21.63360632727669 31.329999923706055 AB 7.757779095574649 1.1788146323620219
61954.3689 lsst_hardware_i 1364.9277213103883 48.15488076583607 31.219999313354492 AB 7.80965064992578 1.1866966494340672
61955.1272 lsst_hardware_z 1924.5929840322706 96.29330437650913 31.6299991607666 AB 15.775629543733453 1.7952352254603685
61958.3568 lsst_hardware_i 1250.448616277833 88.70515632839131 31.309999465942383 AB 1.859925220194821 1.1857986740164623
61958.369 lsst_hardware_r 1164.588978712089 107.98688687912696 31.6200008392334 AB 1.8733781064399753 1.1966643924880862
61960.313 lsst_hardware_z 896.6327306624845 75.31840091190855 30.979999542236328 AB 2.011392499325948 1.1738503059970518
61960.3248 lsst_hardware_r 895.2130462104737 104.46234248347083 31.6299991607666 AB 2.045513234994255 1.1740079787608817
61962.3046 lsst_hardware_r 1081.026525789422 77.48308036560269 31.610000610351562 AB 10.028191706254797 1.174295700255253
61962.3168 lsst_hardware_i 1068.9146608963042 68.00388199277761 31.299999237060547 AB 10.02849140364811 1.173712309874841
61964.2924 lsst_hardware_z 602.0053228062626 55.83632961866653 30.950000762939453 AB 7.173882914048132 1.176046379352153
61964.3051 lsst_hardware_r 746.4024164567381 57.61726095288108 31.600000381469727 AB 7.158938810545072 1.1735965263188644
61965.3077 lsst_hardware_z 1251.3454526244225 75.24317142560659 31.690000534057617 AB 7.131345806122366 1.1736425930668366
61976.2415 lsst_hardware_r 596.2559987696021 32.988157176040644 31.459999084472656 AB 6.467427404972463 1.185867963322936
61976.2539 lsst_hardware_i 826.8090738171429 42.62488601450158 31.219999313354492 AB 6.939679902792754 1.178347278038163
61978.2389 lsst_hardware_z 56.40773217763935 42.849998474121094 30.93000030517578 AB 2.6596514292947684 1.183821110962063
61978.2497 lsst_hardware_u 2.5637922935492274 2.450000047683716 28.200000762939453 AB 2.701436577644334 1.1777808069950593
61979.2417 lsst_hardware_g -8.583453396019822 13.40999984741211 31.34000015258789 AB 2.9822706423228986 1.1803960587068667
61979.2529 lsst_hardware_r -17.421021527143488 22.700000762939453 31.450000762939453 AB 2.9948173549581663 1.1755907183349035
61981.2365 lsst_hardware_i 2.147410370490916 31.420000076293945 31.219999313354492 AB 5.311139072879317 1.1802531273065149
61981.2497 lsst_hardware_z 44.126095815601 43.11000061035156 30.93000030517578 AB 5.287342671686104 1.1749650381524674
61992.2181 lsst_hardware_i -3.597827519798073 51.880001068115234 31.290000915527344 AB 5.276641334822719 1.175394850993533
61992.2281 lsst_hardware_z 91.94188743792425 52.72999954223633 30.959999084472656 AB 5.261736960526446 1.173643441817085
61994.2128 lsst_hardware_i -9.516612980444718 41.209999084472656 31.260000228881836 AB 3.2042996188178963 1.1753506167144965
61994.2239 lsst_hardware_z -68.62706101969117 47.5099983215332 30.940000534057617 AB 3.2007515978907257 1.1735828396079413
61995.2026 lsst_hardware_g -5.8759042666025385 25.579999923706055 31.579999923706055 AB 3.5507846551787168 1.1780970985994417
61995.214 lsst_hardware_r 5.929225515405551 33.22999954223633 31.549999237060547 AB 4.1303028961812 1.1744102256752933
62011.1511 lsst_hardware_r -1.1432231356666762 40.93000030517578 31.56999969482422 AB 6.14814495159609 1.1823355676146328
62011.162 lsst_hardware_i 21.833376154027505 40.4900016784668 31.260000228881836 AB 6.119477291707839 1.1768225560976613
62017.0433 lsst_hardware_z 49.49657323964842 72.02999877929688 30.950000762939453 AB 2.1352787791359935 1.3477459157180687
62017.0473 lsst_hardware_r 207.50179196907482 102.4000015258789 31.579999923706055 AB 2.0287200364761073 1.3352698792076179
62020.2105 lsst_hardware_i -4.8853209269982125 59.77000045776367 31.290000915527344 AB 2.2837044343057467 1.2092689617716426
62020.2223 lsst_hardware_z 27.118549463970457 57.75 30.950000762939453 AB 2.280652046048425 1.2263767947921267
62027.0066 lsst_hardware_i 13.297280093226613 32.7599983215332 31.209999084472656 AB 1.931150076641785 1.3793929118869894
62027.01 lsst_hardware_z -60.71927325555059 45.27000045776367 30.920000076293945 AB 1.9145754824925143 1.3675539160660817
62030.1129 lsst_hardware_r 31.679208143105658 22.6200008392334 31.459999084472656 AB 1.3346050759412103 1.1758635030319033
62030.1245 lsst_hardware_i 21.788663677340907 31.459999084472656 31.229999542236328 AB 1.2597326013558592 1.173663914304438
62031.1985 lsst_hardware_i -26.64191906263694 31.450000762939453 31.219999313354492 AB 1.4997360793092664 1.2368957355127972
62031.2106 lsst_hardware_u 7.683281698836343 2.4700000286102295 28.200000762939453 AB 1.7345464675333393 1.260342574047745
62033.2005 lsst_hardware_g 3.00570867701174 13.210000038146973 31.31999969482422 AB 7.780709437334988 1.2508676399396486
62033.2128 lsst_hardware_r 12.435389961608308 22.770000457763672 31.440000534057617 AB 7.475838315958074 1.2773751928164159
62035.2007 lsst_hardware_i -26.30677259553447 32.06999969482422 31.229999542236328 AB 2.8280409780984166 1.2625182937939359
62035.2123 lsst_hardware_r 31.728040077385586 23.06999969482422 31.459999084472656 AB 2.5909607402388093 1.2893559294538983
62037.1447 lsst_hardware_i 51.6814060299175 31.360000610351562 31.219999313354492 AB 4.16376131530071 1.1886838222298264
62037.1568 lsst_hardware_z -11.132766061625734 43.209999084472656 30.93000030517578 AB 4.220576447642217 1.2004768392639102
62039.1496 lsst_hardware_r -18.730306948910716 31.520000457763672 31.530000686645508 AB 3.4179147419899736 1.1985674139064781
62039.1608 lsst_hardware_g -5.237552282774818 25.639999389648438 31.549999237060547 AB 3.4147024041033447 1.2121769272644114
62045.9989 lsst_hardware_y -126.52981623282648 80.41999816894531 30.729999542236328 AB 3.108445510635825 1.2571227462803283
62048.0781 lsst_hardware_i 48.59375084706527 64.88999938964844 31.299999237060547 AB 3.3426030851388324 1.1735981339360404
62048.0907 lsst_hardware_z -12.259509152369846 59.9900016784668 30.969999313354492 AB 4.18086062375161 1.1753895484260923
62052.0724 lsst_hardware_r -48.06998502813466 22.639999389648438 31.479999542236328 AB 3.6978252294215728 1.1739127712449438
62052.0845 lsst_hardware_i -12.38028861064385 31.290000915527344 31.239999771118164 AB 6.457699263588258 1.1769804247118307
62054.1411 lsst_hardware_z -37.4535694135562 44.029998779296875 30.93000030517578 AB 5.603884343757756 1.246877774328541
62054.1522 lsst_hardware_i -22.317809787075017 32.130001068115234 31.219999313354492 AB 5.702017975676162 1.2699371883465838
62057.1352 lsst_hardware_r 5.238472865535024 22.979999542236328 31.450000762939453 AB 10.4308450916759 1.2513510327118866
62057.1463 lsst_hardware_i 1.2396981418226298 32.20000076293945 31.219999313354492 AB 10.634760588208525 1.2751511496652908
62059.1378 lsst_hardware_z 2.193694149386363 44.0 30.93000030517578 AB 9.852923788928974 1.2682765939087979
62059.1493 lsst_hardware_u 5.668363164240505 2.609999895095825 28.309999465942383 AB 10.132559051205693 1.2957927065005206
62065.08 lsst_hardware_u -1.632533086988903 2.630000114440918 28.34000015258789 AB 4.681252702538135 1.2001160577348882
62065.0916 lsst_hardware_r -24.618446950292256 22.979999542236328 31.459999084472656 AB 5.324714331489934 1.2146713553699189
62067.0829 lsst_hardware_i 29.872688267439376 33.040000915527344 31.229999542236328 AB 4.3997384139613205 1.2102709739487862
62067.0946 lsst_hardware_z 51.51623866852304 44.400001525878906 30.93000030517578 AB 3.805066668250131 1.2274408607258487
62070.0828 lsst_hardware_r 12.310556246937507 43.880001068115234 31.579999923706055 AB 3.574799677140459 1.221770844626627
62070.0926 lsst_hardware_z 74.59952378288902 49.31999969482422 30.950000762939453 AB 5.244919735091502 1.2379826282670734
62075.0832 lsst_hardware_y 20.37576938332215 53.369998931884766 29.989999771118164 AB 5.1660458722252764 1.2458309981253777
62075.0943 lsst_hardware_r -37.111169777990725 73.12000274658203 31.59000015258789 AB 6.878008986038633 1.268712748174062
62283.4111 lsst_hardware_i -12.083093564316517 66.62000274658203 31.299999237060547 AB 5.886119100438394 1.1791694496796503
62283.4237 lsst_hardware_y 30.937228001529185 54.939998626708984 30.0 AB 4.983445680415963 1.1745791480563228
62285.4165 lsst_hardware_z 27.41789284042827 63.599998474121094 30.969999313354492 AB 9.559599523762278 1.1749994293265118
62285.43 lsst_hardware_y -82.89850180694 60.70000076293945 30.020000457763672 AB 9.386482404072025 1.1735058848231403
62291.4232 lsst_hardware_z 25.822411588437177 64.88999938964844 31.690000534057617 AB 13.126133674336197 1.1749135046845753
62302.4005 lsst_hardware_g -5.472240529473668 13.25 31.350000381469727 AB 13.979013785074924 1.1773784035269033
62302.4137 lsst_hardware_r 10.758663235051182 22.610000610351562 31.469999313354492 AB 14.005078636662184 1.184896243830524
62306.3998 lsst_hardware_i -45.347577763487074 31.229999542236328 31.229999542236328 AB 3.455301953386515 1.1828499868955948
62306.4142 lsst_hardware_u -4.954909745349887 2.680000066757202 28.399999618530273 AB 3.4945691337510882 1.19465641858051
62308.3906 lsst_hardware_g -11.594561990501372 13.229999542236328 31.350000381469727 AB 3.5985779422119135 1.1805712533911903
62308.4036 lsst_hardware_r -2.672002110314339 22.600000381469727 31.459999084472656 AB 3.5730221199544943 1.1898835943679285
62310.3258 lsst_hardware_y -147.38896174328423 50.869998931884766 30.010000228881836 AB 3.1021168095032805 1.1865804447927886
62310.3387 lsst_hardware_r 16.9987173379474 48.5099983215332 31.600000381469727 AB 4.053824654015055 1.1785230479003528
62312.3231 lsst_hardware_i 11.170160925664105 74.12999725341797 31.299999237060547 AB 4.766269743558194 1.1845342636988518
62312.3371 lsst_hardware_z -60.48749941305366 66.33000183105469 30.969999313354492 AB 4.251861506439849 1.1768501459411247
62314.3346 lsst_hardware_r 97.41063901257566 99.61000061035156 31.6200008392334 AB 8.465726974222703 1.1757954130864865
62314.3489 lsst_hardware_z -68.8024063798517 69.36000061035156 30.969999313354492 AB 8.448959155786161 1.1734665494147445
62315.3262 lsst_hardware_r -215.5168392078306 88.11000061035156 31.6200008392334 AB 6.384802185029963 1.1779896714435443
62315.3375 lsst_hardware_i 4.849911977633586 70.5999984741211 31.309999465942383 AB 5.9890963122858345 1.1743326102521245
62323.342 lsst_hardware_i -4.606631047718434 31.860000610351562 31.239999771118164 AB 6.68128870098618 1.1769048266665916
62323.3537 lsst_hardware_z -24.063080280950985 43.349998474121094 30.940000534057617 AB 6.7204380418204055 1.1830542124759027
62325.3405 lsst_hardware_r -12.40568661346678 22.84000015258789 31.479999542236328 AB 1.8356300574936018 1.1786377382376383
62325.3524 lsst_hardware_u -1.205739658498901 2.680000066757202 28.389999389648438 AB 1.8083492813548931 1.1859972332220512
62327.2926 lsst_hardware_g 11.130198437585218 13.399999618530273 31.350000381469727 AB 9.352407967447459 1.1783798363016538
62327.3053 lsst_hardware_r 24.58731996080323 22.780000686645508 31.469999313354492 AB 9.338839032443193 1.1742290113929439
62328.2913 lsst_hardware_i 1.113774490402369 31.139999389648438 31.219999313354492 AB 10.234875795354332 1.1777310953190587
62328.3034 lsst_hardware_z -62.31475990349021 42.75 30.93000030517578 AB 10.059258697550575 1.1740840591229196
62330.2993 lsst_hardware_r 7.16341003968067 22.610000610351562 31.459999084472656 AB 7.160669045754636 1.1738801714351863
62330.3098 lsst_hardware_g 10.463803615316259 13.390000343322754 31.350000381469727 AB 7.159511922251299 1.17369047905759
62332.3379 lsst_hardware_r 10.92233521185504 22.899999618530273 31.459999084472656 AB 4.400813188559333 1.1897305186697302
62332.3503 lsst_hardware_i -38.734741107951386 31.75 31.219999313354492 AB 4.517527486403583 1.20226945745937
62334.3845 lsst_hardware_i -41.396384722560214 32.119998931884766 31.209999084472656 AB 2.9180774914001613 1.2687293440870266
62334.3957 lsst_hardware_u 1.341545805640564 2.509999990463257 28.209999084472656 AB 2.979807644772004 1.2955685412052191
62345.2462 lsst_hardware_y -61.064544523155696 75.04000091552734 30.760000228881836 AB 2.9909327456466404 1.1771849830351826
62347.2374 lsst_hardware_r 61.84241286391456 52.09000015258789 31.600000381469727 AB 5.304039297222045 1.1786753993826766
62347.2494 lsst_hardware_i -5.365287849619406 46.61000061035156 31.280000686645508 AB 5.285236368346825 1.174496970743739
62348.2351 lsst_hardware_z 17.596558612811158 47.599998474121094 30.950000762939453 AB 3.7711043848441133 1.1784701202637853
62348.2471 lsst_hardware_r 11.87546687384147 43.40999984741211 31.579999923706055 AB 3.7581054502408637 1.1744079532002698
62351.2348 lsst_hardware_u -2.106869203281531 2.5999999046325684 28.329999923706055 AB 2.6333687512679833 1.1754361335819
62351.2463 lsst_hardware_r 18.37171907841055 23.68000030517578 31.479999542236328 AB 2.60520283119547 1.1735147888267883
62352.2357 lsst_hardware_i 30.96049606264045 31.420000076293945 31.219999313354492 AB 1.7970010900599112 1.1745105163790268
62352.2473 lsst_hardware_z -41.45444105714779 43.13999938964844 30.93000030517578 AB 1.7593121633346578 1.1735267348535794
62354.2381 lsst_hardware_r 14.840080493458247 22.75 31.469999313354492 AB 2.61195494118189 1.1735167656663554
62354.2502 lsst_hardware_u -1.575008961157519 2.5799999237060547 28.31999969482422 AB 1.4386918656314636 1.174682070325751
62356.2135 lsst_hardware_u -0.07278770602299052 2.640000104904175 28.360000610351562 AB 3.6529194013316832 1.1783610972037688
62356.2249 lsst_hardware_g 3.1947993627912794 13.600000381469727 31.3799991607666 AB 3.640910073662794 1.1744871205363852
62360.0211 lsst_hardware_r -34.78601749415937 24.559999465942383 31.360000610351562 AB 3.926760989273918 1.7764130238741995
62360.0294 lsst_hardware_i 20.77922186247286 34.970001220703125 31.15999984741211 AB 3.8238484117001756 1.7147302294619622
62362.2966 lsst_hardware_r 0.5095647816773439 23.0 31.459999084472656 AB 4.216528402067613 1.24516046916063
62362.3077 lsst_hardware_i -2.2989432043125824 31.979999542236328 31.219999313354492 AB 4.29096078058837 1.2679519666845713
62367.2856 lsst_hardware_r -1.2080162010736692 44.630001068115234 31.56999969482422 AB 3.089771909655329 1.250287065110907
62367.2958 lsst_hardware_i -47.14224062644755 43.4900016784668 31.260000228881836 AB 3.427821407732477 1.2718795613243163
62369.2856 lsst_hardware_z -131.81530754328156 86.66999816894531 31.700000762939453 AB 1.351349965688985 1.2614702130118878
62371.294 lsst_hardware_z -63.07933844498281 71.98999786376953 30.959999084472656 AB 2.6099901724738257 1.2938357528684226
62371.3052 lsst_hardware_r -82.27303850104896 103.4800033569336 31.59000015258789 AB 2.6602579456282074 1.3244448967986762
62378.1036 lsst_hardware_r -5.95755812059436 22.670000076293945 31.450000762939453 AB 3.8215491393216667 1.2310700295793402
62378.1104 lsst_hardware_z 21.46733651422575 43.150001525878906 30.93000030517578 AB 3.845646340333343 1.2202590323126585
62380.233 lsst_hardware_g -1.1848436462433476 17.18000030517578 31.43000030517578 AB 2.035890467260426 1.2206188162440725
62380.2428 lsst_hardware_r -16.900794905078282 26.59000015258789 31.489999771118164 AB 1.9379368666671166 1.2366520818934006
62382.1401 lsst_hardware_g -5.96741015926496 13.229999542236328 31.350000381469727 AB 1.651408495645941 1.179577496889958
62382.1527 lsst_hardware_r 8.512925921730293 22.440000534057617 31.459999084472656 AB 1.6446929046557188 1.1747806461826564
62385.1403 lsst_hardware_i 14.42710416132276 31.110000610351562 31.239999771118164 AB 0.7958494707028371 1.1759873966794785
62385.1529 lsst_hardware_z 45.966508647372144 42.54999923706055 30.940000534057617 AB 0.7598840846578387 1.1735661539117201
62387.1436 lsst_hardware_r -36.24903830645326 22.5 31.459999084472656 AB 3.0607279903837075 1.173929615642423
62387.1552 lsst_hardware_u 2.4176417528991796 2.5199999809265137 28.270000457763672 AB 3.082216034740007 1.1738421535713632
62389.1406 lsst_hardware_g 4.54415928093694 13.180000305175781 31.350000381469727 AB 4.2817144330766945 1.1736619579907792
62389.1527 lsst_hardware_i -17.15792659479367 31.09000015258789 31.229999542236328 AB 4.249215985262357 1.1743031602217375
62393.1135 lsst_hardware_r -20.973553366972656 27.479999542236328 31.520000457763672 AB 1.455324429743021 1.1779234558829514
62393.1256 lsst_hardware_y -32.944384097341754 48.619998931884766 30.010000228881836 AB 1.9670539365256356 1.1741853075813375
62404.0007 lsst_hardware_r 33.019303001189094 23.149999618530273 31.440000534057617 AB 5.681543569593074 1.2991334381690862
62404.0072 lsst_hardware_i -52.75341664158318 31.93000030517578 31.209999084472656 AB 5.637090658068072 1.2828090703333241
62406.0714 lsst_hardware_u -0.6254304401975894 2.609999895095825 28.350000381469727 AB 3.307834240024443 1.1813693714373013
62406.084 lsst_hardware_g 38.90296415963665 13.260000228881836 31.360000610351562 AB 3.869424057052411 1.1756700515161143
62411.0777 lsst_hardware_u -3.2499227038925262 2.640000104904175 28.3799991607666 AB 5.7200238464972735 1.1740004816044483
62411.0893 lsst_hardware_g -2.705873570904015 13.359999656677246 31.3700008392334 AB 5.3183747263795675 1.1738182217501343
62418.055 lsst_hardware_r 34.78644710522339 22.459999084472656 31.469999313354492 AB 3.4159415812756824 1.1746704199700018
62418.0675 lsst_hardware_i -10.06668726082554 31.030000686645508 31.229999542236328 AB 3.412825480864512 1.173598858618156
62420.1392 lsst_hardware_r -16.883247924000777 22.850000381469727 31.440000534057617 AB 5.4862004340786354 1.247052682393992
62420.1504 lsst_hardware_u 2.649284688714687 2.4600000381469727 28.18000030517578 AB 5.632855837918326 1.2703779517182796
62425.1468 lsst_hardware_y -23.03865640403883 73.06999969482422 30.719999313354492 AB 10.12901442643485 1.2945116685363245
62427.1357 lsst_hardware_r -6.578987287355168 63.790000915527344 31.579999923706055 AB 7.8474848797171415 1.280594791076557
62427.1468 lsst_hardware_i 136.92382128914608 55.220001220703125 31.270000457763672 AB 8.024160370764521 1.308962840178003
62429.0781 lsst_hardware_r -49.16455222976395 74.47000122070312 31.610000610351562 AB 3.435165154748229 1.194459211757954
62429.0893 lsst_hardware_i 73.80835407190625 60.619998931884766 31.290000915527344 AB 3.9181820281573385 1.2069871476803506
62433.0819 lsst_hardware_z -52.67405450829655 56.130001068115234 30.959999084472656 AB 4.453727938228738 1.211569080040462
62433.0925 lsst_hardware_r 65.0053560431066 71.62999725341797 31.600000381469727 AB 3.8044869527004637 1.227253855709827
62435.0785 lsst_hardware_u -1.2572542210590436 2.569999933242798 28.299999237060547 AB 2.658107155156336 1.2143944971398777
62435.0888 lsst_hardware_g 3.4264724591855997 13.569999694824219 31.350000381469727 AB 2.8166227381554343 1.2301453216576361
62437.0823 lsst_hardware_r -35.589888675899 23.020000457763672 31.450000762939453 AB 3.347477598521034 1.228432146246251
62437.0935 lsst_hardware_z 101.19123544361294 43.970001220703125 30.920000076293945 AB 4.683386729305021 1.2484592311989973
62438.0836 lsst_hardware_r 0.6969504014575731 23.010000228881836 31.440000534057617 AB 3.6970932842148447 1.2352466703021496
62438.0948 lsst_hardware_u 2.862586302389788 2.5299999713897705 28.239999771118164 AB 3.6648499038349636 1.2565199670289522
62440.082 lsst_hardware_g 22.094822232083306 13.59000015258789 31.34000015258789 AB 5.162947847246847 1.2421881098516754
62440.0928 lsst_hardware_r 6.859353048869867 23.219999313354492 31.450000762939453 AB 6.243882498877913 1.2638159090937988
