data/validation/pwv_sim_epoch_fit_4/18898956.ecsv
# %ECSV 0.9
# ---
# datatype:
# - {name: time, datatype: float64}
# - {name: band, datatype: string}
# - {name: flux, datatype: float64}
# - {name: fluxerr, datatype: float64}
# - {name: zp, datatype: float64}
# - {name: zpsys, datatype: string}
# - {name: pwv, datatype: float64}
# - {name: airmass, datatype: float64}
# meta: {SNID: '18898956', alt: 1024.0, c: -0.04755901172757149, dec: -31.738394, lat: -30.244573, lon: -70.7499537, ra: 150.644531, t0: 60649.1796875,
#   x0: 6.523021807406688e-06, x1: 1.065963625907898, z: 0.549430251121521}
# schema: astropy-2.0
time band flux fluxerr zp zpsys pwv airmass
[from data line 132]
61058.2315 lsst_hardware_g -0.6954334617029289 13.130000114440918 31.3700008392334 AB 7.00365161176132 1.0501801787016607
61060.2151 lsst_hardware_r -21.74263807262574 21.979999542236328 31.479999542236328 AB 10.710564375570163 1.0721285661231394
61060.2322 lsst_hardware_i 15.209512000377686 29.770000457763672 31.239999771118164 AB 10.219048136587988 1.0397539226645398
61062.213 lsst_hardware_z -47.298542197591324 41.27000045776367 30.950000762939453 AB 10.116567889215512 1.064901883075317
61062.2305 lsst_hardware_i -33.046673453650826 29.959999084472656 31.25 AB 9.823383487488744 1.0340403671040783
61066.2149 lsst_hardware_r 1.6281601033607256 21.969999313354492 31.479999542236328 AB 14.718220197756064 1.0412238829723792
61066.2325 lsst_hardware_i -26.477177112032884 29.59000015258789 31.239999771118164 AB 14.447376302091897 1.0179943843074843
61068.1459 lsst_hardware_r 46.914887248754084 41.61000061035156 31.559999465942383 AB 14.52732479441068 1.2295662119687414
61068.1626 lsst_hardware_i -48.140106057893675 39.27000045776367 31.260000228881836 AB 13.728336318416359 1.1606642135962428
61070.125 lsst_hardware_i -3.892146662493644 52.54999923706055 31.260000228881836 AB 15.722037894017582 1.3101698245014652
61070.1443 lsst_hardware_z -69.18843491411262 52.720001220703125 30.950000762939453 AB 14.564283071113513 1.2120993754957878
61073.1278 lsst_hardware_r 95.30063196451829 106.62000274658203 31.610000610351562 AB 8.942862672303955 1.2509541424900037
61073.1463 lsst_hardware_z -62.77578396158012 72.02999877929688 30.979999542236328 AB 8.404093200874593 1.1704865182276634
61075.1295 lsst_hardware_g 110.96912322101744 90.83000183105469 31.670000076293945 AB 12.453090963426934 1.2171919620200307
61075.1483 lsst_hardware_i 117.9127812808494 72.5199966430664 31.309999465942383 AB 11.766445156023108 1.1437891716467576
61081.1224 lsst_hardware_r -15.721177586909672 22.690000534057617 31.469999313354492 AB 4.0678995579753945 1.1783897331491568
61081.1405 lsst_hardware_i -29.46561477004885 30.65999984741211 31.239999771118164 AB 3.901374067896858 1.1166190954459487
61083.1205 lsst_hardware_z 89.60156851501789 42.88999938964844 30.93000030517578 AB 5.24936077697791 1.1648636078875443
61083.1407 lsst_hardware_r 16.566505604193743 22.579999923706055 31.479999542236328 AB 4.43398078930149 1.1006075101691672
61085.1147 lsst_hardware_u 5.464119994080304 3.640000104904175 29.059999465942383 AB 3.7286735941442855 1.1661215306158828
61085.1349 lsst_hardware_r 0.8554025274598668 31.979999542236328 32.22999954223633 AB 2.0653621302343823 1.1015264694583373
61087.1166 lsst_hardware_i 20.119465014747295 31.020000457763672 31.239999771118164 AB 3.5533100147113066 1.1402214187756798
61087.1355 lsst_hardware_z 46.44176911165549 41.540000915527344 30.950000762939453 AB 3.7231508250339256 1.0858624352997026
61089.1144 lsst_hardware_r 26.116148620556324 22.700000762939453 31.479999542236328 AB 6.287602137915682 1.129644652877429
61089.1342 lsst_hardware_u -1.5124034697926472 2.700000047683716 28.450000762939453 AB 6.13178110415492 1.0760027674581634
61093.1128 lsst_hardware_i 34.02208546999204 30.670000076293945 31.239999771118164 AB 6.810378389356014 1.1022259177594058
61093.1316 lsst_hardware_z -26.214892057275442 41.0099983215332 30.940000534057617 AB 6.813108962575579 1.0583470233127112
61095.1071 lsst_hardware_r -11.994825242850947 25.68000030517578 31.520000457763672 AB 8.561563236447363 1.1028797041207488
61095.1264 lsst_hardware_g 22.004509157037702 16.43000030517578 31.489999771118164 AB 9.957769215499704 1.0578366730346713
61100.1047 lsst_hardware_z -80.29893250079226 58.43000030517578 30.969999313354492 AB 4.3330058445240045 1.0747875094937378
61100.1251 lsst_hardware_i -58.076969007300995 61.93000030517578 31.329999923706055 AB 4.212275054460951 1.0364850035583049
61102.1098 lsst_hardware_z 151.50151681454878 106.41999816894531 31.75 AB 6.085561256272457 1.0530474573927076
61104.0334 lsst_hardware_y -74.36368956881397 82.05000305175781 30.719999313354492 AB 14.818810302360312 1.3030389362374422
61108.0198 lsst_hardware_y -71.13144865662295 50.33000183105469 29.950000762939453 AB 14.357204824139348 1.3186870102539012
61108.0408 lsst_hardware_z -27.25523272430163 43.209999084472656 30.920000076293945 AB 13.007441228809293 1.21098021448242
61110.0181 lsst_hardware_y 43.26939080794816 49.93000030517578 29.959999084472656 AB 10.44403161974292 1.296885070437251
61110.0401 lsst_hardware_u -2.561966463862402 2.609999895095825 28.329999923706055 AB 9.600515110337922 1.1908354143311812
61112.0173 lsst_hardware_y -113.5452997177799 50.119998931884766 29.979999542236328 AB 11.707180925091416 1.271483130609965
61112.0407 lsst_hardware_i 41.706212791264484 31.3700008392334 31.239999771118164 AB 10.704786776962969 1.1671582893290535
61115.0139 lsst_hardware_y 114.99912341403524 49.5 29.979999542236328 AB 10.09330947662931 1.2471140210003269
61115.0376 lsst_hardware_r -27.728210992310938 22.75 31.469999313354492 AB 9.337941067073084 1.1488608596300693
61117.0096 lsst_hardware_y -64.01090605818692 49.84000015258789 29.969999313354492 AB 9.582221214854387 1.2414615812469245
61117.0281 lsst_hardware_g 12.066515931885103 13.829999923706055 31.3799991607666 AB 8.905336028368003 1.1632598822243072
61119.006 lsst_hardware_z 53.92483797110707 44.599998474121094 30.93000030517578 AB 5.919762845258215 1.2325991487905776
61119.0233 lsst_hardware_i -46.982491908164754 31.18000030517578 31.229999542236328 AB 5.648662177149932 1.1608430285963196
61121.0039 lsst_hardware_y 8.078883773795006 50.369998931884766 30.0 AB 6.181713709463148 1.2171922504849493
61121.0214 lsst_hardware_r 36.01668690520235 22.700000762939453 31.469999313354492 AB 5.828410197395803 1.1482289592977868
61123.0018 lsst_hardware_y -23.267155910256196 50.470001220703125 30.0 AB 5.6608899574940335 1.2025257477416562
61123.0193 lsst_hardware_r -33.155944898571775 24.489999771118164 31.489999771118164 AB 5.3498382165319 1.1369329968190203
61124.9994 lsst_hardware_y -14.829008113101658 50.720001220703125 30.0 AB 9.85300166692063 1.1897844550298617
61125.0163 lsst_hardware_z -1.9221217516587863 44.0 30.940000534057617 AB 8.424021917245186 1.12902366653572
61126.9977 lsst_hardware_y 81.83509127641801 52.95000076293945 30.010000228881836 AB 7.305323534918341 1.1748985769295417
61127.0156 lsst_hardware_z 87.66581391547389 49.5099983215332 30.959999084472656 AB 7.797816772503927 1.1145576405503566
61132.003 lsst_hardware_z 94.40122866591668 106.16000366210938 31.739999771118164 AB 8.612667552096285 1.111503168557552
61133.9904 lsst_hardware_y -96.30716497506069 53.630001068115234 30.020000457763672 AB 7.085611197895532 1.1332444938657389
61134.0071 lsst_hardware_g -2.1933425610656663 61.65999984741211 31.700000762939453 AB 5.538749759253247 1.0860293645594603
61135.9905 lsst_hardware_y 49.78637899078301 49.15999984741211 30.030000686645508 AB 9.425745631917758 1.1161002494796197
61136.0102 lsst_hardware_i 31.639202459390308 30.3799991607666 31.239999771118164 AB 8.638457447592927 1.0664762280978923
61139.9845 lsst_hardware_y 78.37585419405546 50.810001373291016 30.040000915527344 AB 6.1058274032012285 1.1021349103251932
61140.0015 lsst_hardware_g 7.778614750087833 13.390000343322754 31.40999984741211 AB 6.034713449287331 1.0618731233257763
61146.9795 lsst_hardware_y 121.80960849328753 49.33000183105469 30.049999237060547 AB 15.230212593077384 1.0678875748897105
61146.9994 lsst_hardware_i -19.553457264502107 29.920000076293945 31.260000228881836 AB 14.84085348680477 1.0326227029505128
61148.9784 lsst_hardware_z -2.252363478828421 42.939998626708984 30.940000534057617 AB 9.786461594781272 1.058921211665786
61148.9986 lsst_hardware_u 2.4702978111740967 2.5899999141693115 28.389999389648438 AB 9.628002748535803 1.026357460601277
61152.9739 lsst_hardware_y -13.13264336459149 51.400001525878906 30.049999237060547 AB 6.862806034982867 1.047010684751251
61152.9921 lsst_hardware_z -65.27122972179951 41.189998626708984 30.950000762939453 AB 6.664022325480522 1.0210713744703166
