data/validation/pwv_sim_epoch_fit_4/18904133.ecsv
# %ECSV 0.9
# ---
# datatype:
# - {name: time, datatype: float64}
# - {name: band, datatype: string}
# - {name: flux, datatype: float64}
# - {name: fluxerr, datatype: float64}
# - {name: zp, datatype: float64}
# - {name: zpsys, datatype: string}
# - {name: pwv, datatype: float64}
# - {name: airmass, datatype: float64}
# meta: {SNID: '18904133', alt: 1024.0, c: -0.022932395339012146, dec: -35.685333, lat: -30.244573, lon: -70.7499537, ra: 320.097656,
#   t0: 62774.01953125, x0: 1.4985223307909546e-05, x1: 0.7838241457939148, z: 0.3879859745502472}
# schema: astropy-2.0
time band flux fluxerr zp zpsys pwv airmass
62618.3492 lsst_hardware_i -24.97149337743477 35.11000061035156 31.219999313354492 AB 2.958551171689542 1.3468366487205807
62618.3689 lsst_hardware_z 60.52838422243474 44.939998626708984 30.93000030517578 AB 2.719938329983421 1.240847778276991
62620.3589 lsst_hardware_r 16.19529684166104 24.950000762939453 31.469999313354492 AB 14.55139699413911 1.2627036614144074
62620.3782 lsst_hardware_u -0.46211256117899663 2.680000066757202 28.31999969482422 AB 14.751957891799865 1.1788363346491821
62622.3638 lsst_hardware_g 8.403963676087912 15.300000190734863 31.40999984741211 AB 10.811891613931937 1.2148192824642625
62622.3834 lsst_hardware_r -20.9242345710135 24.540000915527344 31.5 AB 10.136180497432887 1.1416224690900056
62623.3583 lsst_hardware_i -28.112224489231195 33.29999923706055 31.239999771118164 AB 10.863409053782322 1.2269377466647955
62623.3761 lsst_hardware_z 27.938496847384805 43.63999938964844 30.950000762939453 AB 11.92532598350848 1.1568626661447423
62625.3591 lsst_hardware_r -9.370650916517748 24.34000015258789 31.489999771118164 AB 9.88280022229102 1.2002186283523153
62625.3786 lsst_hardware_g 2.170342666151298 15.050000190734863 31.440000534057617 AB 10.172343115391913 1.1309724399131207
62627.3589 lsst_hardware_r -0.9299256725703626 24.479999542236328 31.489999771118164 AB 3.5905596504143724 1.179553104603893
62627.3778 lsst_hardware_i 39.321125788437094 31.90999984741211 31.25 AB 2.9307034557953275 1.117203261524951
62633.3576 lsst_hardware_u 0.07377290421700439 2.700000047683716 28.360000610351562 AB 11.102117416369826 1.1284168670927335
62633.3777 lsst_hardware_g 22.26808253505801 14.989999771118164 31.440000534057617 AB 11.331963887700383 1.0763899112061186
62637.3545 lsst_hardware_r -47.35575938623591 71.72000122070312 31.6299991607666 AB 4.586115032080156 1.1061541321948967
62637.3744 lsst_hardware_i 48.46493262656995 56.52000045776367 31.309999465942383 AB 4.359392831580268 1.0608515975617137
62639.3663 lsst_hardware_z 156.6409215182406 87.77999877929688 31.729999542236328 AB 7.472252530493072 1.0659925622463764
62642.3545 lsst_hardware_z -44.10669310689118 60.9900016784668 30.979999542236328 AB 7.563432508299912 1.0734363480414137
62642.3743 lsst_hardware_r 56.56321152652642 76.8499984741211 31.65999984741211 AB 7.301451518197958 1.0382932976841444
62644.3558 lsst_hardware_i -43.068591406765485 47.900001525878906 31.299999237060547 AB 2.5395772737737574 1.059886873901358
62644.3754 lsst_hardware_z 71.40645541637764 50.119998931884766 30.969999313354492 AB 2.025146021077946 1.029560763130574
62646.3408 lsst_hardware_i -44.50638074985177 34.4900016784668 31.270000457763672 AB 7.905105914800735 1.079502372433671
62646.3602 lsst_hardware_z -26.83974587783983 42.86000061035156 30.959999084472656 AB 7.660611317108148 1.0430287150995012
62654.2651 lsst_hardware_i -34.772744082163605 32.84000015258789 31.209999084472656 AB 12.501143495986474 1.2676073307631792
62654.2857 lsst_hardware_z 59.132606005699785 43.54999923706055 30.93000030517578 AB 11.625558955779296 1.1776295538674326
62655.2761 lsst_hardware_u -3.0300288020970507 2.619999885559082 28.299999237060547 AB 10.491273933669984 1.204739590469309
62655.296 lsst_hardware_r 20.76177300258899 23.549999237060547 31.489999771118164 AB 10.655335290927146 1.1331243995243976
62675.253 lsst_hardware_z 22.4021451689996 43.47999954223633 30.940000534057617 AB 4.174300272448693 1.1002614551669039
62675.2739 lsst_hardware_r 23.666781301621263 29.799999237060547 31.559999465942383 AB 3.9797045764718573 1.0548783998423372
62676.2676 lsst_hardware_g -23.863274917882364 15.8100004196167 31.469999313354492 AB 3.9946869430139182 1.0614757155927153
62676.2889 lsst_hardware_r -11.351355410564475 24.850000381469727 31.530000686645508 AB 3.853499734542082 1.0285141640236874
62678.2507 lsst_hardware_r 18.7011297756793 23.329999923706055 31.489999771118164 AB 6.254021713089236 1.085767658522437
62678.2709 lsst_hardware_i 12.247712059110228 30.719999313354492 31.239999771118164 AB 6.000568655249368 1.046078649858275
62680.2482 lsst_hardware_z 22.867328894507864 41.72999954223633 30.940000534057617 AB 6.536617611567606 1.0790058784363827
62680.2676 lsst_hardware_r -13.400859146005336 22.940000534057617 31.489999771118164 AB 6.009346451778794 1.042685908347969
62686.1663 lsst_hardware_i -44.65829766374842 33.310001373291016 31.200000762939453 AB 11.641760211018896 1.3302335034491608
62686.187 lsst_hardware_u -1.9254281292138273 2.609999895095825 28.280000686645508 AB 9.395990298927902 1.223861188641182
62688.1649 lsst_hardware_g -7.676442796812193 14.489999771118164 31.350000381469727 AB 6.347234747364729 1.306822060400397
62688.1835 lsst_hardware_r 36.330858157583606 23.84000015258789 31.469999313354492 AB 5.927117600670334 1.2153204020238277
62694.1585 lsst_hardware_i -110.57476488230034 56.099998474121094 31.280000686645508 AB 6.707743763156714 1.2547219908636313
62694.1778 lsst_hardware_r -29.40551668047797 64.73999786376953 31.610000610351562 AB 6.892146958898315 1.172782057922916
62699.1632 lsst_hardware_z 93.48828002763061 77.22000122070312 30.969999313354492 AB 1.8820833913365957 1.1763021195853722
62699.182 lsst_hardware_r -126.5586369085427 106.56999969482422 31.639999389648438 AB 2.4032713233887533 1.115034638132734
62704.1584 lsst_hardware_u 0.8835805472140352 2.640000104904175 28.329999923706055 AB 5.938412478244704 1.1453061674531735
62704.1771 lsst_hardware_g -5.877595454066726 14.75 31.43000030517578 AB 5.952660286663379 1.0920308726221573
62716.1835 lsst_hardware_z -60.96717268578315 41.150001525878906 30.950000762939453 AB 2.3202633038393303 1.0241727229481405
62716.2037 lsst_hardware_r 1.633030427113106 23.280000686645508 31.5 AB 2.260647144850859 1.0084296397238137
62718.0616 lsst_hardware_z 52.05725484440335 46.84000015258789 30.90999984741211 AB 3.183835743935166 1.4471980654250753
62718.0802 lsst_hardware_r 33.64678957753825 26.770000457763672 31.469999313354492 AB 2.9101220453942114 1.3227827479064596
62719.0644 lsst_hardware_i 15.014905152523673 36.27000045776367 31.209999084472656 AB 2.407186950283438 1.4066148910888807
62719.0828 lsst_hardware_z -50.935654917743165 45.869998931884766 30.920000076293945 AB 2.2648927939582415 1.2928700184331705
62722.0931 lsst_hardware_z 2.3903005694997743 75.02999877929688 31.709999084472656 AB 4.5868979073793605 1.2050699467675
62723.086 lsst_hardware_r -64.6902148721187 73.37000274658203 31.610000610351562 AB 4.5585828635731005 1.2237806345162685
62723.106 lsst_hardware_i -68.18000118212983 62.5 31.309999465942383 AB 4.271935980237363 1.1470337367503884
62725.0874 lsst_hardware_z 95.15476067574119 124.2699966430664 31.729999542236328 AB 3.2535602433595043 1.1949171488129415
62731.0864 lsst_hardware_g -1.8793640566958314 14.899999618530273 31.440000534057617 AB 2.9944984508241723 1.1397482050840544
62731.1052 lsst_hardware_r -30.907972634415007 23.889999389648438 31.520000457763672 AB 2.83722701621223 1.0876505189453651
62733.0631 lsst_hardware_r 1.3814799200761627 24.030000686645508 31.469999313354492 AB 2.592407049269738 1.204930071703341
62733.0834 lsst_hardware_i -42.89254839557404 31.739999771118164 31.239999771118164 AB 2.3772669423868096 1.1320318773270521
62742.0813 lsst_hardware_r 16.33516415353874 23.549999237060547 31.510000228881836 AB 6.013418379035687 1.073824710542087
62742.1013 lsst_hardware_i -16.542570768912675 30.920000076293945 31.260000228881836 AB 5.180609058308157 1.0382675646285304
62744.0804 lsst_hardware_z -45.916473388035094 41.5099983215332 30.940000534057617 AB 4.134576155356685 1.0644692955219959
62744.0995 lsst_hardware_r 18.38353590000762 23.139999389648438 31.5 AB 3.4564876058230682 1.0332266657502198
62747.0684 lsst_hardware_i 68.0709836651644 31.869642282472814 31.25 AB 1.4908445123896574 1.0722285974633436
62747.0866 lsst_hardware_u -5.293341026302578 3.297135408546774 28.56999969482422 AB 0.568765515186126 1.0397907041793892
62748.084 lsst_hardware_r 39.8528930997903 28.45760406172508 31.540000915527344 AB 0.9925572933601922 1.0395991551294783
62748.1009 lsst_hardware_z 94.0516652030267 42.017614527366455 30.950000762939453 AB 0.9834284614551126 1.0193609343921184
62751.0647 lsst_hardware_i 226.46720703098345 57.37102412692185 31.31999969482422 AB 2.3169424105920533 1.0579645710463996
62751.0822 lsst_hardware_r 191.00239435132042 66.56605733917362 31.649999618530273 AB 2.2562732989131473 1.0308894146724705
62752.9901 lsst_hardware_z 178.9901226408443 78.4604703922306 30.959999084472656 AB 3.7226873642325033 1.2921511156655687
62753.0068 lsst_hardware_i 385.3888971798506 85.73994461439932 31.309999465942383 AB 3.1703710167343178 1.2120313549591197
62754.9904 lsst_hardware_y 192.5010884384145 64.64005951044669 30.0 AB 3.202125428803958 1.2623359114864485
62755.0076 lsst_hardware_r 1033.3902703581327 120.61506202798567 31.6299991607666 AB 2.369222410819793 1.1865888534990616
62756.9921 lsst_hardware_y 204.63343962460738 56.901759568254874 29.989999771118164 AB 3.268185950425337 1.2285258717886358
62757.0103 lsst_hardware_r 1784.6110921924412 78.0184856224782 31.6200008392334 AB 2.5847588392333094 1.1567072933360765
62758.1052 lsst_hardware_i 1482.653845397834 67.33182716577825 31.329999923706055 AB 1.2310419772940993 1.0043173381962875
62758.11 lsst_hardware_z 910.3976657416532 61.865738270954765 30.989999771118164 AB 1.2074294852171588 1.004517042609949
62759.9919 lsst_hardware_y 375.1404781053915 54.39062688055082 30.0 AB 3.201683727741231 1.1946581073659464
62760.0089 lsst_hardware_u 0.7391246542208522 3.788963421924302 28.420000076293945 AB 2.8996321885152323 1.1344413883079938
62761.9935 lsst_hardware_y 545.2625287546605 54.14633123270528 30.010000228881836 AB 1.7974565428797185 1.1678115059312058
62762.0129 lsst_hardware_r 3070.8544032499117 60.45551464552945 31.5 AB 0.9404133426340499 1.107019826525846
62763.9983 lsst_hardware_z 3700.5123423558443 85.17465883984292 31.700000762939453 AB 7.017699296343291 1.1334408941844554
62764.9928 lsst_hardware_y 661.2970994469632 55.5513372149753 30.020000457763672 AB 3.9442268855499965 1.1422057682948008
62765.0112 lsst_hardware_g 2390.436369273627 51.142087070523814 31.43000030517578 AB 4.252730054823735 1.0904436038009575
62766.9943 lsst_hardware_y 732.487756205843 56.22423037317171 30.020000457763672 AB 1.268250782815294 1.120857960950326
62767.0125 lsst_hardware_i 3233.476796265333 64.31334336348041 31.239999771118164 AB 1.6124704355846085 1.074980290389739
62770.9928 lsst_hardware_y 756.3759400999832 56.266507374782634 30.030000686645508 AB 2.4168338801072746 1.0954074090227865
62771.0124 lsst_hardware_i 3644.9324806771433 67.27066447201827 31.239999771118164 AB 3.278803074469892 1.0537974902546372
62773.9945 lsst_hardware_y 762.358638396421 55.91268913714828 30.040000915527344 AB 9.216866892935254 1.0726017564221173
62774.0141 lsst_hardware_i 3917.6395816213703 68.93168950914296 31.260000228881836 AB 3.462651226740505 1.0380168553806162
62984.3586 lsst_hardware_r 4.075470864369092 24.969999313354492 31.459999084472656 AB 4.5041289747285145 1.2817669250794097
62984.3776 lsst_hardware_i 18.049522584951017 32.58000183105469 31.229999542236328 AB 6.017870215296975 1.1944958744138496
62990.3644 lsst_hardware_r -0.9571156370272056 24.530000686645508 31.479999542236328 AB 9.726472734435559 1.1820708204701915
62990.3837 lsst_hardware_i 23.642305009787187 31.84000015258789 31.239999771118164 AB 9.973232616360724 1.1179500746957431
62995.3694 lsst_hardware_z 69.04891021981634 84.06999969482422 31.729999542236328 AB 8.714430269228371 1.11981884724086
63010.3588 lsst_hardware_i -1.606514401668992 30.989999771118164 31.25 AB 7.166909966691366 1.050866564030992
63010.3769 lsst_hardware_r 8.960577004378491 23.420000076293945 31.520000457763672 AB 6.847077903554732 1.0254210119141154
63013.3602 lsst_hardware_u 2.2417910239398195 2.819999933242798 28.520000457763672 AB 3.8037215538781957 1.0360599838054567
63013.3813 lsst_hardware_g -17.126909923490537 14.609999656677246 31.459999084472656 AB 5.041458580673575 1.0137660528199428
63015.3567 lsst_hardware_r -6.141876150053234 23.450000762939453 31.510000228881836 AB 8.810301095889276 1.0334057938993868
63015.377 lsst_hardware_i 27.862124066391264 30.68000030517578 31.260000228881836 AB 8.252675636970327 1.012929666594836
63017.2402 lsst_hardware_r -34.358266014087555 36.33000183105469 31.489999771118164 AB 10.521153167660437 1.465035600871766
63017.2613 lsst_hardware_z 6.4543068370479455 45.369998931884766 30.920000076293945 AB 9.085415939100733 1.3215791222508824
63019.2487 lsst_hardware_z 50.62091749000293 52.84000015258789 30.93000030517578 AB 14.367715954531853 1.3652766102941436
63019.2664 lsst_hardware_i -0.8207199200301112 47.93000030517578 31.270000457763672 AB 12.449695103190795 1.2646131681984283
63019.394 lsst_hardware_g 31.001543202181004 14.319999694824219 31.450000762939453 AB 7.630253689421189 1.0044433211902193
63019.4055 lsst_hardware_i 17.566332282074548 30.389999389648438 31.25 AB 7.713836215967091 1.007356998493866
63020.2573 lsst_hardware_z 20.076875742251374 55.63999938964844 30.940000534057617 AB 11.4002721287594 1.2979436958739663
63020.2777 lsst_hardware_r -123.51514662054576 63.689998626708984 31.600000381469727 AB 10.493529019771847 1.2010448689220097
63022.4002 lsst_hardware_y -107.04259750936538 75.79000091552734 30.81999969482422 AB 4.639927778886988 1.008679951931954
63036.2648 lsst_hardware_z 61.11624489941176 42.400001525878906 30.950000762939453 AB 3.804210987005163 1.0998008057256903
63036.2901 lsst_hardware_r 15.498409941587294 23.239999771118164 31.510000228881836 AB 3.6249359489667525 1.0470641100423896
63040.2188 lsst_hardware_z 15.394956939556485 43.63999938964844 30.93000030517578 AB 3.8465386980971825 1.2191881768929262
63040.2333 lsst_hardware_r -51.1363877676076 23.59000015258789 31.479999542236328 AB 3.6905841456329824 1.1622361828526282
63044.2802 lsst_hardware_z 12.874303280193605 41.08000183105469 30.950000762939453 AB 7.380526461377157 1.0299846203717482
63044.3019 lsst_hardware_i 9.66119426154425 30.489999771118164 31.260000228881836 AB 6.803386696724701 1.0103039347675993
63046.2435 lsst_hardware_r -24.7317102842907 28.950000762939453 31.549999237060547 AB 2.982552458265399 1.0850906348285467
63046.2638 lsst_hardware_z -58.225417838688784 41.13999938964844 30.950000762939453 AB 2.8300380762448247 1.0454518198170761
63048.2536 lsst_hardware_r -7.357892937431382 50.2400016784668 31.6299991607666 AB 8.6318123828012 1.053387997738421
63048.3047 lsst_hardware_i -160.26212432304598 53.66999816894531 32.029998779296875 AB 8.753748541751671 1.0049651043857217
63048.3493 lsst_hardware_r 5.694206021300465 22.979999542236328 31.5 AB 8.844576668508118 1.0246068003600501
63051.1666 lsst_hardware_z -15.604618466541353 111.44999694824219 31.709999084472656 AB 11.672804134660023 1.332638660602419
63053.162 lsst_hardware_r -47.317451025820894 129.22000122070312 31.59000015258789 AB 6.384556544176357 1.3275346293685244
63053.1812 lsst_hardware_i -120.45385233808717 101.97000122070312 31.309999465942383 AB 5.969501975189655 1.2285032361906076
63061.1599 lsst_hardware_z -18.64702738390175 44.040000915527344 30.93000030517578 AB 9.208408680993854 1.2260849283986268
63061.1774 lsst_hardware_r -20.585696167137822 23.899999618530273 31.479999542236328 AB 8.422921148803423 1.1572331041840247
63066.1666 lsst_hardware_r 23.561839911580844 24.06999969482422 31.489999771118164 AB 3.203875378735902 1.1475883393478246
63066.1868 lsst_hardware_z -1.9910434316767152 42.29999923706055 30.950000762939453 AB 3.470677709754565 1.0900654989152454
63070.1563 lsst_hardware_g 18.135213837860675 14.8100004196167 31.40999984741211 AB 6.644142488360217 1.1455418083379685
63070.1758 lsst_hardware_r 40.940742305476874 23.84000015258789 31.5 AB 5.867853534162451 1.090256908104814
63071.1465 lsst_hardware_g 17.85744363876171 14.850000381469727 31.40999984741211 AB 7.253995066663801 1.169999204300613
