data/validation/pwv_sim_epoch_fit_4/18925189.ecsv
# %ECSV 0.9
# ---
# datatype:
# - {name: time, datatype: float64}
# - {name: band, datatype: string}
# - {name: flux, datatype: float64}
# - {name: fluxerr, datatype: float64}
# - {name: zp, datatype: float64}
# - {name: zpsys, datatype: string}
# - {name: pwv, datatype: float64}
# - {name: airmass, datatype: float64}
# meta: {SNID: '18925189', alt: 1024.0, c: -0.05740252509713173, dec: -6.279288, lat: -30.244573, lon: -70.7499537, ra: 359.121094, t0: 60532.6640625,
#   x0: 1.0356042943314937e-05, x1: -1.0536880493164062, z: 0.45342835783958435}
# schema: astropy-2.0
time band flux fluxerr zp zpsys pwv airmass
60485.4067 lsst_hardware_i -77.12500370085537 64.2699966430664 31.309999465942383 AB 4.870257147573076 1.1138381126525045
60485.4261 lsst_hardware_y 33.25746989747304 53.65999984741211 30.040000915527344 AB 4.406775959510902 1.0976919878388294
60490.4142 lsst_hardware_i -45.8932647860153 42.599998474121094 31.290000915527344 AB 4.442545026236778 1.0970149871355943
60490.4361 lsst_hardware_y 27.434514933746357 53.04999923706055 30.030000686645508 AB 4.961273287345793 1.0991466712480293
60493.4147 lsst_hardware_u 2.4804915546448814 2.9700000286102295 28.489999771118164 AB 7.11532852335318 1.0955086256124815
60493.4327 lsst_hardware_z -91.45266075117816 44.720001220703125 30.950000762939453 AB 7.715766837465378 1.102252405352197
60495.3397 lsst_hardware_g 3.1261748385355244 15.979999542236328 31.440000534057617 AB 5.5172111757871285 1.2020067921104856
60495.3603 lsst_hardware_r -33.90162498390268 25.270000457763672 31.510000228881836 AB 5.148866879541198 1.1461453319450088
60499.3861 lsst_hardware_i -28.24648303511883 32.369998931884766 31.25 AB 2.2212045766842112 1.0985185839189968
60499.4072 lsst_hardware_u 0.706985227283482 2.8399999141693115 28.459999084472656 AB 2.219204030930157 1.097167451020183
60501.382 lsst_hardware_g 8.417257819991741 15.710000038146973 31.450000762939453 AB 10.039752874423174 1.0978806817551041
60501.401 lsst_hardware_r 6.246449752574806 24.770000457763672 31.5 AB 10.007811025973334 1.0969066924087538
60503.3831 lsst_hardware_i 39.24201631322005 32.209999084472656 31.25 AB 6.738335849299783 1.0958722547854438
60503.4045 lsst_hardware_r 47.9361340956242 24.799999237060547 31.510000228881836 AB 6.770441604723147 1.1016013024280888
60506.3691 lsst_hardware_u 6.703902778511169 2.95676499460935 28.34000015258789 AB 1.4405511070842012 1.0975627482546295
60506.3886 lsst_hardware_g -25.963380133378433 15.745073594138866 31.440000534057617 AB 3.8224836666543713 1.0973637320538865
60508.3702 lsst_hardware_r -38.573443106169016 25.031453225769162 31.5 AB 1.7358616967359835 1.0957569889969385
60508.3919 lsst_hardware_i 27.85385430405336 32.25671280504995 31.239999771118164 AB 2.0008072625435416 1.10237314740691
60511.3376 lsst_hardware_i 98.53607323593964 65.14055600949207 31.309999465942383 AB 4.7175229679409645 1.111574686131236
60511.358 lsst_hardware_z 93.84370576207812 59.49381046985524 30.969999313354492 AB 4.552570275924631 1.0966525475970688
60514.336 lsst_hardware_i 528.3786275769294 88.72636792622741 31.31999969482422 AB 5.579382074401296 1.1048281335448111
60514.3577 lsst_hardware_z 263.8715259701111 76.89230169511448 30.979999542236328 AB 5.512301300084885 1.0955219543063701
60516.328 lsst_hardware_z 673.481471500949 79.0770733944304 30.979999542236328 AB 9.524932580093706 1.1072069800168793
60516.3493 lsst_hardware_r 1036.5914159240622 104.76684800354016 31.639999389648438 AB 7.849574419868063 1.0956461759458516
60527.2605 lsst_hardware_g 2890.231348423047 58.13211083458991 32.150001525878906 AB 1.432717779078003 1.1770119359852151
60527.2805 lsst_hardware_r 6975.364869173855 90.39474017466868 32.2400016784668 AB 1.3815985758637277 1.1312987315158467
60529.316 lsst_hardware_i 2476.8718456628826 57.92076945551048 31.25 AB 2.7877459641723323 1.095525005569426
60529.337 lsst_hardware_z 1658.1443283544188 59.24260319236123 30.950000762939453 AB 2.721101952365742 1.1043433248237589
60531.3015 lsst_hardware_i 2565.0563510757165 58.589684667839606 31.25 AB 5.341352411833309 1.09731269160446
60531.323 lsst_hardware_u 3.0740016406573947 3.3752597310903094 28.479999542236328 AB 5.298321538626709 1.0985530870053306
60537.2632 lsst_hardware_z 1968.3501956295345 63.713803507199366 30.950000762939453 AB 5.05098327179048 1.1158284105575436
60537.2827 lsst_hardware_g 1234.2865823948416 52.05573225001088 31.65999984741211 AB 4.960022657608011 1.098362647929436
60541.2866 lsst_hardware_z 1762.7187095304641 90.13679437393027 30.989999771118164 AB 1.6864919888480143 1.0957175888563169
60541.308 lsst_hardware_r 3543.1218397210255 132.7895288417073 31.639999389648438 AB 2.5907719595161485 1.1078776820680558
60543.287 lsst_hardware_z 3206.3164128354083 156.2948232339248 31.75 AB 1.925142326476038 1.0971555811983498
60549.2183 lsst_hardware_i 1614.848964216611 52.11262797939074 31.25 AB 4.531972916980142 1.135216361285887
60549.2344 lsst_hardware_r 1685.023422993341 47.85246227579622 31.510000228881836 AB 4.4319692744857075 1.1109548649279013
60553.2183 lsst_hardware_u -5.8594397090947785 3.593973495363125 28.389999389648438 AB 1.8778145069831442 1.1174695801536192
60553.2355 lsst_hardware_g 255.85001627032744 21.955825193271615 31.450000762939453 AB 1.8389153938950948 1.1003233471324427
60555.2115 lsst_hardware_g 223.67638706441602 21.1651812804335 31.450000762939453 AB 0.8622725055985445 1.1193498558175006
60555.2308 lsst_hardware_r 983.7724115138537 40.27276585323175 31.520000457763672 AB 0.7871307894636854 1.0998567155990016
60557.2089 lsst_hardware_i 1076.5335551491646 46.85171035855683 31.239999771118164 AB 2.021164875631902 1.1154331543219869
60557.2266 lsst_hardware_z 878.2441654633296 51.653160623795536 30.940000534057617 AB 1.9000398823619957 1.099136067698802
60559.1873 lsst_hardware_i 1058.7836923661343 46.098995612034855 31.25 AB 2.5969404093333384 1.1425166781052962
60559.205 lsst_hardware_u 10.288933847070023 4.596168347664498 28.450000762939453 AB 2.67005521309172 1.1134508811892077
60566.1767 lsst_hardware_i 1631.7545431818687 73.06130663054007 32.040000915527344 AB 0.9856810971233715 1.1267072933397273
60566.1933 lsst_hardware_r 899.0111004649079 71.08728682708785 32.36000061035156 AB 0.990615653671207 1.1054950101416452
60571.1822 lsst_hardware_z 629.1765626292954 117.75480901763503 31.0 AB 6.733279809661446 1.1033038986800852
60571.201 lsst_hardware_r 340.20688379006 172.39887625380192 31.649999618530273 AB 6.695748238605292 1.0955384208674908
60578.13 lsst_hardware_r 483.93703091258203 41.937520088114866 32.2400016784668 AB 3.2340537806626606 1.1544694600176086
60578.1633 lsst_hardware_i 865.9883887604203 54.66302023880126 32.0 AB 3.1045875064879396 1.103134255532846
60580.153 lsst_hardware_z 372.5516713046165 46.724504928424395 30.940000534057617 AB 4.768915814915402 1.107483400982785
60580.1721 lsst_hardware_u 21.313678059977594 5.145352817343974 28.399999618530273 AB 4.967320203753751 1.096034613313322
60582.1466 lsst_hardware_g 43.20331294761288 16.839263283484872 31.440000534057617 AB 4.625167107162742 1.10844394643619
60582.165 lsst_hardware_r 222.4491967432956 29.23635164759246 31.5 AB 4.6005901922179 1.0964228294133351
60584.137 lsst_hardware_i 309.41148426158685 37.606595572420304 31.25 AB 4.872561709292203 1.1131347188452834
60584.1554 lsst_hardware_z 223.3423287506404 46.15584929630567 30.950000762939453 AB 4.812256569755532 1.097894954885504
60586.1365 lsst_hardware_i 409.1712960601102 37.18397934601412 31.239999771118164 AB 2.013157436177398 1.1076011752844332
60586.1555 lsst_hardware_u 13.5662836653426 4.616570571907042 28.3799991607666 AB 1.9807065689927132 1.096079263449968
60588.1402 lsst_hardware_g 40.59350739198031 17.023461069196635 31.440000534057617 AB 4.761223009396439 1.1001612869034578
60588.1575 lsst_hardware_r 216.33562760768422 28.51421357056041 31.5 AB 4.715618067824617 1.0956361681748648
60590.1362 lsst_hardware_i 326.8180347988274 36.79513042606766 31.25 AB 5.454551433519562 1.0993016224217318
60590.1545 lsst_hardware_r 175.5035136119322 28.630836520414036 31.510000228881836 AB 5.4295332284397455 1.095989751400791
60592.1165 lsst_hardware_z 514.6325634574615 65.66023764382057 31.700000762939453 AB 3.5170647971144016 1.1115295645344434
60594.1107 lsst_hardware_g 49.9996340138501 33.682399973742015 31.649999618530273 AB 6.433611212456124 1.1119272748800568
60594.128 lsst_hardware_r 144.72352674186652 38.90484313083658 31.59000015258789 AB 6.60097962417436 1.0979368986512017
60599.1027 lsst_hardware_i 317.94382603342956 120.4719906255552 31.329999923706055 AB 7.620853317751922 1.1059541149732333
60599.1207 lsst_hardware_z 343.9848799785494 103.40389318469228 31.0 AB 7.545917507196095 1.095940768860764
60601.102 lsst_hardware_z 188.3947809038048 78.9563671775639 30.989999771118164 AB 4.654426810151098 1.1019872488717257
60601.1194 lsst_hardware_r 95.97276611115161 113.73672681430521 31.639999389648438 AB 4.607802917456518 1.0955308886011692
60603.1032 lsst_hardware_i 278.89528669743504 48.366520677276796 31.299999237060547 AB 2.93359010871459 1.0980374705107634
60603.1198 lsst_hardware_r 150.90964623324558 52.564630820610894 31.6200008392334 AB 2.9641889811701727 1.0961561717734631
60605.1018 lsst_hardware_u 1.1468339735732738 2.8586036290534196 28.43000030517578 AB 5.845432267125926 1.0965325497187917
60605.1193 lsst_hardware_g 28.900063508460057 15.832704932982796 31.440000534057617 AB 5.852852883814402 1.0977872800927322
60615.0511 lsst_hardware_r -9.46366743739192 24.219999313354492 31.489999771118164 AB 7.359370495702572 1.1147042719902918
60615.0691 lsst_hardware_i 33.9365356139478 31.770000457763672 31.25 AB 7.259521614005133 1.098679018388955
60617.0503 lsst_hardware_z -39.59297486501702 42.59000015258789 30.940000534057617 AB 4.524222442855798 1.1092178836298998
60617.0683 lsst_hardware_u 6.014736852568473 2.7200000286102295 28.389999389648438 AB 4.399896203671109 1.0967523409164206
60622.0483 lsst_hardware_i 11.790638487096446 34.54999923706055 31.270000457763672 AB 6.86423418587766 1.099596986123774
60622.0681 lsst_hardware_z -9.641917586278314 43.90999984741211 30.959999084472656 AB 7.053102495202544 1.0961951812256252
60624.049 lsst_hardware_i -42.61813323367467 48.65999984741211 31.299999237060547 AB 3.8002689983704 1.0968114863736784
60624.0674 lsst_hardware_z -21.602136507730602 51.70000076293945 30.959999084472656 AB 3.820076723075613 1.0977757717540917
60626.0215 lsst_hardware_y -30.753072084879836 62.689998626708984 30.040000915527344 AB 5.670741252734451 1.1141492711301046
60626.0413 lsst_hardware_z 72.20371403250996 75.2300033569336 30.989999771118164 AB 5.746885134065429 1.0976415230277128
60629.0214 lsst_hardware_y -0.030649875224092613 62.279998779296875 30.040000915527344 AB 7.1407752710558015 1.105383168894087
60629.0394 lsst_hardware_i -72.68653914851623 80.66000366210938 31.31999969482422 AB 7.201437804222434 1.0958312661763785
60631.0257 lsst_hardware_z 53.66721345486125 45.130001068115234 30.950000762939453 AB 8.334190867628829 1.0985313094413949
60631.0455 lsst_hardware_u -2.5850683707590263 8.489999771118164 29.139999389648438 AB 7.19623298269594 1.0967359571280866
60633.0191 lsst_hardware_y 125.79919948110472 60.95000076293945 30.040000915527344 AB 8.235194363783437 1.0991250402113364
60633.0395 lsst_hardware_r -12.078897933316547 24.809999465942383 31.510000228881836 AB 8.198337478306598 1.09657195750679
60635.0212 lsst_hardware_y -35.85951151905668 61.540000915527344 30.040000915527344 AB 5.172355161454913 1.096186322232827
60635.0421 lsst_hardware_z -11.971708710761812 42.68000030517578 30.940000534057617 AB 4.863772762590892 1.1002766118291805
60850.3969 lsst_hardware_r -2.0736265911823923 25.8700008392334 31.510000228881836 AB 4.399076785102051 1.1295130396530428
60850.4184 lsst_hardware_y 50.789532728444684 48.439998626708984 30.020000457763672 AB 4.397489393120908 1.1027725636849222
60853.3897 lsst_hardware_r 0.7436034817477286 36.29999923706055 32.27000045776367 AB 8.117512336108138 1.1278238744158497
60853.4107 lsst_hardware_y -66.79537008001716 68.26000213623047 30.780000686645508 AB 7.921844241830916 1.1023996996703196
60859.4111 lsst_hardware_g 25.558921218236723 15.9399995803833 31.459999084472656 AB 7.115408108989797 1.0956052211855873
60859.4322 lsst_hardware_z 50.707494819654755 43.849998474121094 30.950000762939453 AB 7.724529235571379 1.103504176510197
60862.3779 lsst_hardware_r -39.31783006595234 25.229999542236328 31.510000228881836 AB 5.509556656648167 1.1100517105402619
60862.3982 lsst_hardware_i 65.733770753245 32.61000061035156 31.25 AB 5.4334688197215 1.0963415697581718
60864.3747 lsst_hardware_z -69.67758679057826 50.61000061035156 30.959999084472656 AB 1.7477064443497867 1.107662265352943
60864.397 lsst_hardware_r 37.80868514741557 45.02000045776367 31.610000610351562 AB 1.7639779112583698 1.0956384541977453
60869.3573 lsst_hardware_r 29.36537598285207 96.79000091552734 31.639999389648438 AB 6.689042176335211 1.1117521622717803
60869.3784 lsst_hardware_z 29.50525886471231 69.23999786376953 30.989999771118164 AB 6.738353594404375 1.096529021898662
60871.3626 lsst_hardware_r 228.42205507801995 134.49000549316406 32.38999938964844 AB 4.084900186841434 1.1016451420823716
60871.3853 lsst_hardware_y -152.29635812890595 83.87000274658203 30.790000915527344 AB 5.173183547757523 1.0961876458668607
60878.3381 lsst_hardware_r 23.03982287001346 24.450000762939453 31.5 AB 4.865687736038929 1.1060895058056215
60878.3574 lsst_hardware_i -47.011822692134025 31.940000534057617 31.239999771118164 AB 4.7604814840111915 1.0957910267807547
60887.326 lsst_hardware_r -2.144071013132338 24.399999618530273 31.5 AB 3.7190874421082927 1.0976695682350217
60887.3456 lsst_hardware_u 0.9735462481617292 2.75 28.40999984741211 AB 4.333518772911888 1.0974174919795439
60889.3216 lsst_hardware_g -0.8148989031577761 15.1899995803833 31.440000534057617 AB 1.521158633973092 1.09725316227922
60889.3427 lsst_hardware_r 35.779995930981265 24.290000915527344 31.510000228881836 AB 1.5568288925170477 1.098550318135045
60893.2575 lsst_hardware_z 85.23739467305799 52.86000061035156 30.959999084472656 AB 1.4205144837320618 1.1798293054253006
60893.2787 lsst_hardware_r -77.313218157718 84.70999908447266 32.369998931884766 AB 1.4230067909384008 1.1309412206941394
60893.3094 lsst_hardware_z -89.1746032187144 51.33000183105469 30.959999084472656 AB 2.987380869332847 1.0977636707494538
60895.306 lsst_hardware_z 65.99952429203516 93.95999908447266 31.729999542236328 AB 2.7958312100034144 1.09697797933694
60898.2925 lsst_hardware_r 215.46019502784847 133.38999938964844 31.649999618530273 AB 6.15716163911684 1.099362273381176
60898.3136 lsst_hardware_z 178.71181907729647 92.5999984741211 31.0 AB 6.146284553097251 1.096734790143788
60900.2848 lsst_hardware_r -17.701571987967554 88.41999816894531 31.649999618530273 AB 3.7424450088066687 1.1007191202372555
60900.3042 lsst_hardware_y 111.34646321900361 57.380001068115234 30.049999237060547 AB 4.052414750329878 1.0958395755353916
60905.2818 lsst_hardware_i 18.005347775195123 31.670000076293945 31.25 AB 3.2711141750243664 1.0961260534554298
60905.3017 lsst_hardware_z 60.46404415579811 42.22999954223633 30.950000762939453 AB 3.7131624924749906 1.1000333261664912
60907.2481 lsst_hardware_r -44.89023653479677 24.549999237060547 31.5 AB 1.9873011156552702 1.118818362086007
60907.2661 lsst_hardware_u -1.9856294505063958 2.7799999713897705 28.43000030517578 AB 1.6584794754069048 1.1004563840134287
60911.2573 lsst_hardware_r -17.266023874911028 24.40999984741211 31.5 AB 3.14647086446994 1.099203795448014
60911.2765 lsst_hardware_z 9.242861939257434 42.599998474121094 30.950000762939453 AB 3.125265005501575 1.0962957135846971
60913.2255 lsst_hardware_r -46.64851773546729 24.440000534057617 31.5 AB 2.8060382032357705 1.1285092311424776
60913.2433 lsst_hardware_u 2.1120201977903 2.8499999046325684 28.489999771118164 AB 2.7548471157692056 1.1054024406216298
60931.1964 lsst_hardware_u -1.7229542807714184 3.8299999237060547 28.65999984741211 AB 2.3040600511855756 1.1034770360084174
60931.2133 lsst_hardware_g 13.348944760110475 26.610000610351562 31.610000610351562 AB 2.5358846299164286 1.0957300719788687
60935.1648 lsst_hardware_i 17.86469488976605 32.369998931884766 31.239999771118164 AB 0.7500553712271212 1.1296014626928559
60935.1821 lsst_hardware_z 38.24535381787779 42.689998626708984 30.940000534057617 AB 0.8990917040790664 1.1064609218489176
60937.1766 lsst_hardware_i -34.12264257757434 32.40999984741211 31.25 AB 6.757571697729444 1.1064986542143567
