data/validation/pwv_sim_epoch_fit_4/1892895.ecsv
# %ECSV 0.9
# ---
# datatype:
# - {name: time, datatype: float64}
# - {name: band, datatype: string}
# - {name: flux, datatype: float64}
# - {name: fluxerr, datatype: float64}
# - {name: zp, datatype: float64}
# - {name: zpsys, datatype: string}
# - {name: pwv, datatype: float64}
# - {name: airmass, datatype: float64}
# meta: {SNID: '1892895', alt: 1024.0, c: 0.09273362904787064, dec: -19.31304, lat: -30.244573, lon: -70.7499537, ra: 164.53125, t0: 62174.8984375,
#   x0: 4.106032057352653e-06, x1: -0.27117300033569336, z: 0.665290117263794}
# schema: astropy-2.0
time band flux fluxerr zp zpsys pwv airmass
62142.3441 lsst_hardware_r -30.03534375554809 57.792898106822 31.649999618530273 AB 7.8945232112980595 1.0219447522715956
62144.3437 lsst_hardware_g 0.05544367967435455 27.09354504320121 31.639999389648438 AB 8.89050808993603 1.019748586113863
62144.3649 lsst_hardware_y -133.9076948669026 74.01896208438546 30.079999923706055 AB 8.93141533047082 1.0199172468277726
62148.3364 lsst_hardware_r 3.9913286110723556 22.888387574062094 31.510000228881836 AB 5.389644310419652 1.018707971979521
62148.3562 lsst_hardware_y -89.48753252729836 49.68994878091928 30.059999465942383 AB 5.428998396980231 1.0208082225597426
62154.3261 lsst_hardware_r 222.07293361161348 27.55207258930207 31.520000457763672 AB 7.424685878885621 1.0179517914496166
62154.3446 lsst_hardware_u 1.8807544743758744 3.4056825165780285 28.549999237060547 AB 6.843212732158418 1.023296898228028
62156.3303 lsst_hardware_g 87.01965598287184 15.991514781649318 31.43000030517578 AB 10.914259104717072 1.019301813018862
62156.3504 lsst_hardware_r 371.4212405048956 29.623820950048696 31.5 AB 10.063247526945945 1.0322867648300709
62158.322 lsst_hardware_i 572.8036064794805 37.98437337091494 31.260000228881836 AB 9.533901885626864 1.0185792612849256
62158.3428 lsst_hardware_z 439.9160883414473 45.66112320379297 30.950000762939453 AB 9.223865100360609 1.0302349373994968
62162.2766 lsst_hardware_i 863.1271261296114 41.71238413581062 31.260000228881836 AB 13.166501118437806 1.0315206203646514
62162.2947 lsst_hardware_z 690.9334435529262 47.57749879354134 30.950000762939453 AB 12.355641135549682 1.0196947376041663
62163.3146 lsst_hardware_i 890.3780056663144 42.525015824558515 31.260000228881836 AB 12.094265973498757 1.0205270418950938
62163.3322 lsst_hardware_u 1.6103519528710704 3.278776696092263 28.559999465942383 AB 12.283466551173136 1.0332080876330232
62167.2936 lsst_hardware_r 1265.7033157946587 115.50992482274818 31.670000076293945 AB 10.900325626097375 1.0180322329353826
62167.3109 lsst_hardware_i 1205.507253616927 92.18219879698184 31.34000015258789 AB 11.029770694517062 1.0244289775946374
62169.289 lsst_hardware_z 2021.2882600735522 108.51965784651986 31.75 AB 9.26328681556099 1.0181114266704392
62173.2881 lsst_hardware_i 1399.6930299846865 50.016099701958574 31.280000686645508 AB 3.7802831482406427 1.0208704154039003
62173.3073 lsst_hardware_z 985.8710561419672 52.803044826655665 30.959999084472656 AB 3.508714332958224 1.0357828289175568
62177.2621 lsst_hardware_u 0.9306943290263309 2.7745454311862026 28.479999542236328 AB 3.4840957683414437 1.0179973026563751
62177.2809 lsst_hardware_g 156.52290118504598 18.51629217983451 31.440000534057617 AB 3.445165638012099 1.0227595778572123
62179.2604 lsst_hardware_i 1267.0073052279315 46.61867925109707 31.260000228881836 AB 5.546564604929466 1.017998459196011
62179.2777 lsst_hardware_r 1105.42095422509 39.514046532739584 31.510000228881836 AB 5.604343791378812 1.0241388444202753
62181.0794 lsst_hardware_u -0.1917180177403209 2.14332945545268 27.760000228881836 AB 4.633837679452593 1.8461504699014506
62183.2309 lsst_hardware_r 887.6813828484859 37.355639757473725 31.5 AB 4.0876614366795865 1.0226184093263084
62183.2486 lsst_hardware_i 1061.3953670075646 45.24558739708796 31.25 AB 3.893423045387675 1.0179549108798418
62185.247 lsst_hardware_i 1085.291633946306 44.48914040267046 31.260000228881836 AB 5.373416795084933 1.0183354633768058
62185.2645 lsst_hardware_z 889.8958118245405 50.64323266353749 30.959999084472656 AB 4.85374381005063 1.0263784753754852
62189.2421 lsst_hardware_g 83.91421386703392 15.987004228209836 31.43000030517578 AB 8.261417607004711 1.0199280996302114
62189.2595 lsst_hardware_r 569.7882653188589 33.95679628395911 31.5 AB 9.802594625302495 1.0314901394565938
62191.2305 lsst_hardware_i 1004.5292972285081 47.10603267008964 31.290000915527344 AB 8.495293036366856 1.0183150178443938
62191.2479 lsst_hardware_r 602.9590845310356 33.084748279458054 31.510000228881836 AB 8.623260496609083 1.0262121262179082
62193.2378 lsst_hardware_z 1422.8392533764988 86.38304200960911 31.729999542236328 AB 5.680740934735023 1.0230960710913948
62195.232 lsst_hardware_r 404.92266874577973 123.47191022486805 31.670000076293945 AB 5.398509105116024 1.0228969440629112
62195.2494 lsst_hardware_i 772.3728075105452 102.22851599644531 31.34000015258789 AB 5.49804706066112 1.0382815801324035
62198.1943 lsst_hardware_z 1496.448461633609 99.73527874797463 31.739999771118164 AB 5.564459794937992 1.0204868726675516
62201.2073 lsst_hardware_g 51.27998734177957 36.880014646356365 31.690000534057617 AB 7.95015199756412 1.0192502560979642
62201.2247 lsst_hardware_r 283.94782089184923 42.338525476188586 31.610000610351562 AB 8.04384435346669 1.0295901126546665
62203.2057 lsst_hardware_i 310.0870380864296 37.65200061863011 31.260000228881836 AB 10.981170652767517 1.0206497493045372
62203.2255 lsst_hardware_r 226.47754264590057 29.969136661372055 31.540000915527344 AB 11.18070345608906 1.0358977561058098
62205.2043 lsst_hardware_u -1.752497175689641 2.73476382468481 28.420000076293945 AB 11.147078151828351 1.0226677203512249
62205.2224 lsst_hardware_g 13.232707944747979 15.305210061763503 31.43000030517578 AB 10.479485282204436 1.0386440089733877
62209.1924 lsst_hardware_z 434.2698771171505 45.47655660059001 30.950000762939453 AB 11.376555403172754 1.0221293684483954
62209.2109 lsst_hardware_r 139.00676928210643 26.362124410919282 31.5 AB 11.567190768340211 1.0379514788648876
62212.1918 lsst_hardware_r 105.71221195842925 25.789104377308536 31.520000457763672 AB 8.803322288988063 1.0271655433158062
62212.2106 lsst_hardware_z 369.1946032241077 45.407068670575875 30.950000762939453 AB 8.627570334828237 1.0484666972296102
62217.1647 lsst_hardware_z 306.0552159355218 44.43313398611939 30.959999084472656 AB 5.09540418043522 1.0195906314027454
62217.1847 lsst_hardware_g 13.779428436425787 15.122153374536223 31.479999542236328 AB 4.875518523368808 1.0331312428116846
62219.165 lsst_hardware_r 151.2330655177435 32.1080830651552 31.579999923706055 AB 5.5192152200657345 1.0220768926047656
62219.1831 lsst_hardware_i 204.6930447916912 36.88774059609465 31.280000686645508 AB 6.196449131837864 1.0373664473842183
62221.1739 lsst_hardware_r 96.56487012989281 60.58501752458111 31.649999618530273 AB 7.589609240490398 1.033255932177854
62221.1922 lsst_hardware_z 191.74675918632923 55.429237773124854 30.979999542236328 AB 7.824440595330249 1.0583579866536248
62223.1551 lsst_hardware_z 840.4151595433725 109.33240438309011 31.75 AB 7.4925086890640635 1.0226353988713461
62225.1504 lsst_hardware_r 169.14322005097804 141.0892515034769 31.670000076293945 AB 6.5128935917602435 1.023074708099299
62225.168 lsst_hardware_z 186.79115918921278 94.2725898912036 31.010000228881836 AB 7.0571152363409775 1.038893244630948
62227.1486 lsst_hardware_r 71.90349546779355 81.76033506618823 31.65999984741211 AB 4.944804105587198 1.0254674627929097
62227.1657 lsst_hardware_y 133.37516603301583 54.131265876926314 30.059999465942383 AB 5.125589724829073 1.0429170628382542
62229.1427 lsst_hardware_g 34.03765460585719 47.58973375223998 31.709999084472656 AB 6.4320831128704645 1.0251556939666837
62229.1605 lsst_hardware_r 33.48372485127781 48.50401175728892 31.6299991607666 AB 6.554576654731675 1.0432655532579833
62231.1307 lsst_hardware_i 114.81695860296212 32.18171959529695 31.239999771118164 AB 7.177035613052059 1.0213028573738818
62231.1489 lsst_hardware_z 206.71917794168314 44.30540207999632 30.950000762939453 AB 7.306714990780699 1.0357278856710497
62233.1309 lsst_hardware_r 72.04247084229812 24.32317863090127 31.5 AB 10.43779772151206 1.0245523399056435
62233.1494 lsst_hardware_u 1.211328997280098 2.9095637032504795 28.450000762939453 AB 10.55403859331481 1.0430266102234957
62235.1263 lsst_hardware_g 28.752609856521588 14.69967890916073 31.450000762939453 AB 7.034531296767319 1.0251430044837246
62235.1482 lsst_hardware_i 76.46624524673874 32.50012783167659 31.25 AB 7.221726522305386 1.0490596342686498
62245.0964 lsst_hardware_i 113.25332821698505 32.078523379798845 31.270000457763672 AB 9.272359454130331 1.0234392333476896
62245.1146 lsst_hardware_z 154.4245284784667 42.800822339786876 30.959999084472656 AB 9.50783975476372 1.0403873346752806
62247.099 lsst_hardware_r 49.484801690991375 28.149711603870326 31.549999237060547 AB 7.206466936440454 1.0294952766343506
62247.1182 lsst_hardware_z 119.62879675845346 43.68976308938774 30.959999084472656 AB 7.373442801974876 1.0533489717106965
62249.0953 lsst_hardware_z 190.47370365456257 49.83049533760613 30.969999313354492 AB 4.880556210694058 1.0311215783434338
62249.1132 lsst_hardware_i 47.68286822313831 47.076734042531875 31.309999465942383 AB 4.869910172036557 1.0540931108304237
62251.0981 lsst_hardware_z 178.22839169539435 68.79598246721778 30.989999771118164 AB 14.082251889317858 1.0402402134306818
62251.1172 lsst_hardware_r 26.86794393615424 92.5469799201481 31.649999618530273 AB 14.285214887553957 1.0712572094153698
62253.0912 lsst_hardware_y 114.75564830300996 88.24652841956261 30.809999465942383 AB 4.629771427715776 1.0384728150542872
62255.078 lsst_hardware_r -2.733243039071483 93.95337723171563 31.65999984741211 AB 8.75095092888313 1.030260982336354
62255.0962 lsst_hardware_i 82.44932052274483 74.93680239601393 31.329999923706055 AB 9.288071764986407 1.0530992108604447
62258.0771 lsst_hardware_z 97.15795813743412 46.698069676106016 30.959999084472656 AB 8.718684109592726 1.0379385844753244
62258.0972 lsst_hardware_r -34.29497270712404 45.50331139586186 31.6200008392334 AB 9.60493083941445 1.0694921599050764
62260.0594 lsst_hardware_r 3.4316440136242745 22.899999618530273 31.510000228881836 AB 11.206700888567756 1.0261293696039138
62260.0768 lsst_hardware_u -2.0364066959577616 2.759999990463257 28.489999771118164 AB 11.4500030143065 1.04454946154537
62262.0546 lsst_hardware_g 9.835292902922031 14.109999656677246 31.43000030517578 AB 3.7094772899348247 1.0266317830027882
62262.0741 lsst_hardware_i 14.610568973607478 30.649999618530273 31.25 AB 3.782806156695402 1.0484980339156504
62268.9926 lsst_hardware_z 63.90695763179839 40.900001525878906 30.950000762939453 AB 7.9556866478309685 1.024777155152135
62269.012 lsst_hardware_r -18.56716507624123 22.700000762939453 31.510000228881836 AB 7.204284675354153 1.017937736721103
62270.9918 lsst_hardware_u -3.0070578847857106 2.7699999809265137 28.510000228881836 AB 6.684693181566863 1.0219680754574338
62271.0125 lsst_hardware_r 5.304590455174518 22.780000686645508 31.510000228881836 AB 6.008440535767816 1.0183797518250535
62275.9696 lsst_hardware_y 27.97451275499786 47.86000061035156 30.049999237060547 AB 7.758738991547008 1.0276929213051802
62275.9901 lsst_hardware_i -3.739817180458366 33.459999084472656 31.270000457763672 AB 7.660480023603353 1.0181392907500468
62277.9668 lsst_hardware_y -36.604730483663246 51.0099983215332 30.049999237060547 AB 5.664606566051181 1.025639428942933
62277.9853 lsst_hardware_r 46.3333296351775 51.63999938964844 31.639999389648438 AB 5.474151480559196 1.0180679710914198
62280.9739 lsst_hardware_y 75.15441735548092 109.72000122070312 31.56999969482422 AB 4.749845934590449 1.018551665744914
62283.9671 lsst_hardware_z -50.76253540841662 58.09000015258789 30.979999542236328 AB 6.5575940257233025 1.0182994721414875
62283.9863 lsst_hardware_i -110.60440317490836 62.810001373291016 31.329999923706055 AB 6.565912801256491 1.02145500952961
62289.9505 lsst_hardware_y 51.49900827782464 68.37000274658203 30.06999969482422 AB 9.674178051462535 1.0183345317328985
62289.9725 lsst_hardware_z -105.14456482030208 41.279998779296875 30.950000762939453 AB 9.408673893605448 1.0228301812152611
62504.3379 lsst_hardware_r 17.71464398610025 23.020000457763672 31.489999771118164 AB 5.634256532250159 1.033713701908111
62504.3594 lsst_hardware_y 3.099645288765171 65.33000183105469 30.06999969482422 AB 5.589787633292454 1.0192902321831614
62506.3415 lsst_hardware_z 52.066706229974294 41.20000076293945 30.950000762939453 AB 11.479943005541886 1.025681751667803
62506.3629 lsst_hardware_y 63.34473588963638 71.38999938964844 30.079999923706055 AB 11.401817941989302 1.0179285726264888
62513.3328 lsst_hardware_z -40.25678122639806 57.83000183105469 31.700000762939453 AB 6.932064977268521 1.0199713047135985
62515.3406 lsst_hardware_g 11.613824570113156 13.979999542236328 31.43000030517578 AB 6.975229055137825 1.0180091540178284
62515.3601 lsst_hardware_y 113.05955435191186 51.650001525878906 30.059999465942383 AB 7.040262956202016 1.025878612230721
62516.3334 lsst_hardware_i -19.19570244842788 30.420000076293945 31.25 AB 5.453993436052875 1.0180109073360477
62516.3531 lsst_hardware_y 9.065680347361022 47.54999923706055 30.049999237060547 AB 5.475182019612739 1.023047931166156
62522.3263 lsst_hardware_r -48.25223085070002 99.2699966430664 31.670000076293945 AB 12.263755561436389 1.0187535771254683
62522.3464 lsst_hardware_i 136.78892276048413 78.62000274658203 31.34000015258789 AB 11.655609324890579 1.03037564753276
62524.3298 lsst_hardware_z -82.91438931477694 93.91999816894531 31.739999771118164 AB 9.221982394933526 1.022222734016907
62526.3087 lsst_hardware_z 20.9262680290539 52.56999969482422 30.969999313354492 AB 9.97567405992463 1.017925924482105
62526.3286 lsst_hardware_r 34.26908379391578 58.95000076293945 31.649999618530273 AB 10.043349115617 1.024831542409898
62528.2756 lsst_hardware_z 27.779246850301554 42.900001525878906 30.950000762939453 AB 11.876455276290741 1.030517388775526
62528.2922 lsst_hardware_r 18.54194263297025 31.040000915527344 31.56999969482422 AB 12.121806672687436 1.0198390268120048
62530.3027 lsst_hardware_i 56.47159442741087 30.549999237060547 31.25 AB 11.285275688386593 1.0183888181551768
62530.3201 lsst_hardware_u -1.3220174092994872 2.930000066757202 28.479999542236328 AB 11.355479357171808 1.0265922755398813
62532.2982 lsst_hardware_g -4.1848715621369745 14.069999694824219 31.43000030517578 AB 10.941516874743892 1.018573531441431
62532.3177 lsst_hardware_r 26.648207742519794 22.799999237060547 31.5 AB 11.037996721280166 1.029111877610439
62536.2831 lsst_hardware_u 0.35741784359316386 2.75 28.489999771118164 AB 8.119080389565022 1.0179920452504023
62536.303 lsst_hardware_g 10.756806484123791 14.15999984741211 31.440000534057617 AB 7.9317660337726466 1.026046379618086
62538.2876 lsst_hardware_r -12.356052299706324 22.75 31.5 AB 3.860980406015686 1.0203436590950545
62538.3061 lsst_hardware_i -14.083861067069622 30.469999313354492 31.25 AB 3.330358439870124 1.0337110079522382
62540.285 lsst_hardware_z -5.4729579674578135 40.81999969482422 30.940000534057617 AB 7.564206569199074 1.0216378402483892
62540.304 lsst_hardware_r -23.141074025860558 22.799999237060547 31.489999771118164 AB 8.469799418987137 1.037435878614324
62542.2659 lsst_hardware_i 9.926916397731995 30.350000381469727 31.260000228881836 AB 3.4248781674517055 1.017945658330125
62542.2819 lsst_hardware_u 3.0382421545778655 2.7300000190734863 28.479999542236328 AB 3.5433798610612834 1.0229156642786845
62544.2585 lsst_hardware_r 18.588422140253428 22.889999389648438 31.510000228881836 AB 5.563484613841227 1.0179278407906298
62544.2769 lsst_hardware_z 96.92037018421202 41.02000045776367 30.950000762939453 AB 5.610133057515902 1.0231867695633599
62545.2539 lsst_hardware_r 25.699365125888388 22.68000030517578 31.489999771118164 AB 5.423725510376535 1.018030190272765
62545.2701 lsst_hardware_u -0.38770741334364567 2.6500000953674316 28.40999984741211 AB 5.431237436650983 1.0210372421326575
62547.2595 lsst_hardware_z 31.52474799041817 51.33000183105469 30.969999313354492 AB 3.3223527268594513 1.0191266033311202
62547.2766 lsst_hardware_r 38.785682408452516 52.33000183105469 31.639999389648438 AB 3.454286463548539 1.0289801797880664
62549.246 lsst_hardware_r -98.75763892152108 103.4800033569336 31.670000076293945 AB 4.650884573287402 1.0179217713476476
62549.2632 lsst_hardware_i 40.96391889109217 81.1500015258789 31.34000015258789 AB 4.535994049576017 1.0231565525359436
