data/validation/pwv_sim_epoch_fit_4/18969354.ecsv
# %ECSV 0.9
# ---
# datatype:
# - {name: time, datatype: float64}
# - {name: band, datatype: string}
# - {name: flux, datatype: float64}
# - {name: fluxerr, datatype: float64}
# - {name: zp, datatype: float64}
# - {name: zpsys, datatype: string}
# - {name: pwv, datatype: float64}
# - {name: airmass, datatype: float64}
# meta: {SNID: '18969354', alt: 1024.0, c: 0.03732586279511452, dec: -38.873585, lat: -30.244573, lon: -70.7499537, ra: 320.625, t0: 61206.33984375,
#   x0: 1.345221648875233e-05, x1: 0.7771971821784973, z: 0.40626367926597595}
# schema: astropy-2.0
time band flux fluxerr zp zpsys pwv airmass
[from data line 132]
61593.3795 lsst_hardware_u -1.4709290819168426 2.700000047683716 28.399999618530273 AB 1.7359627870266667 1.1120837841295734
61596.1402 lsst_hardware_r -2.600040467266952 28.950000762939453 31.469999313354492 AB 12.596631328295603 1.3967545964734112
61596.1481 lsst_hardware_u 2.3670876143295287 3.3499999046325684 28.3799991607666 AB 12.186886745011586 1.3469894164146545
61598.2716 lsst_hardware_g 4.6787014176379085 14.319999694824219 31.440000534057617 AB 7.684163180660285 1.0128955376765612
61598.2843 lsst_hardware_r 28.86338325558499 22.959999084472656 31.5 AB 7.654242242806357 1.0111506958946426
61605.4035 lsst_hardware_r 284.4879366756132 145.25 31.59000015258789 AB 3.7008786609922737 1.3429254288450947
61605.4145 lsst_hardware_z -82.62372033465061 101.6500015258789 30.950000762939453 AB 3.982607161969701 1.4131072129993025
61608.2386 lsst_hardware_r 131.23949072566765 82.81999969482422 31.65999984741211 AB 5.1707693822900715 1.0151203695293392
61608.2502 lsst_hardware_z 3.536456502405558 61.41999816894531 30.989999771118164 AB 4.964868320575461 1.0115353375593055
61611.2278 lsst_hardware_r -21.32917571988277 39.56999969482422 31.6200008392334 AB 5.566789559109973 1.016440326673661
61611.2402 lsst_hardware_y 26.681088018093398 47.810001373291016 30.059999465942383 AB 5.4920741341264625 1.0118509758419507
61617.2195 lsst_hardware_r 25.66522775008875 23.290000915527344 31.510000228881836 AB 3.241495354510351 1.0129672982844846
61617.2327 lsst_hardware_i -50.12831134030262 30.690000534057617 31.260000228881836 AB 3.2357192047564354 1.011162251486386
61619.2141 lsst_hardware_z -54.84262188608114 40.93000030517578 30.950000762939453 AB 1.8160473779429347 1.0129482446460545
61619.2267 lsst_hardware_r -1.986293486042265 23.360000610351562 31.520000457763672 AB 1.7946096783983732 1.0111426491116762
61622.2088 lsst_hardware_u -1.9075955464383474 2.700000047683716 28.43000030517578 AB 1.0678176775801766 1.0121494574219683
61622.2202 lsst_hardware_g -3.1206437523122803 14.529999732971191 31.440000534057617 AB 1.076329309388009 1.0112312947861506
61624.2105 lsst_hardware_r -16.27042538742519 23.389999389648438 31.520000457763672 AB 3.2240760551318113 1.0111576149072639
61624.222 lsst_hardware_z 41.553553725379494 40.939998626708984 30.950000762939453 AB 3.1927524106552516 1.0125007644784096
61627.2041 lsst_hardware_z -34.59590774362488 43.79999923706055 30.959999084472656 AB 4.178659166251712 1.0111290126435826
61627.2158 lsst_hardware_r 43.88565028876925 33.63999938964844 31.59000015258789 AB 4.719788460749024 1.013101896592224
61629.2055 lsst_hardware_r -0.25117663861320233 58.95000076293945 31.649999618530273 AB 2.739110147722921 1.0118307456572668
61629.2168 lsst_hardware_i 14.23286890907094 50.810001373291016 31.31999969482422 AB 2.757662394589903 1.015807125735299
61651.1352 lsst_hardware_u 3.9018768937608255 2.75 28.489999771118164 AB 1.415761368170537 1.0112581201218123
61651.1473 lsst_hardware_g 38.410398429931085 14.180000305175781 31.440000534057617 AB 1.4171461245938133 1.0122472318527238
61653.1191 lsst_hardware_g -4.630702775958594 14.720000267028809 31.459999084472656 AB 1.5129495145038618 1.0137015172555188
61653.131 lsst_hardware_r -40.886028101632675 22.959999084472656 31.510000228881836 AB 1.4894599289948092 1.0111744256583906
61655.1212 lsst_hardware_i 0.8557026582419358 33.369998931884766 31.270000457763672 AB 1.637348919950432 1.011645919030233
61655.1326 lsst_hardware_z -14.352876178643797 42.150001525878906 30.959999084472656 AB 2.0816841957128465 1.0115083555456008
61672.1392 lsst_hardware_u -0.4316520023675567 2.6600000858306885 28.399999618530273 AB 3.7339422028243705 1.05922430225267
61672.1514 lsst_hardware_r -12.603990290410206 22.989999771118164 31.489999771118164 AB 3.8181439534630353 1.0826495142144712
61680.0595 lsst_hardware_r 27.630662300407465 22.899999618530273 31.510000228881836 AB 4.8837827496012185 1.0111351448449728
61680.0717 lsst_hardware_u 0.49441620927749075 2.690000057220459 28.440000534057617 AB 4.889747306340562 1.0133141242028547
61682.0572 lsst_hardware_g 5.577436371446585 15.300000190734863 31.479999542236328 AB 2.415678599761701 1.0113083727721328
61682.0682 lsst_hardware_r -3.1183638562577434 23.489999771118164 31.510000228881836 AB 2.378276836030125 1.0140464053567904
61684.049 lsst_hardware_i 73.13960609997456 33.130001068115234 31.270000457763672 AB 3.824563019054371 1.011142704810691
61684.0595 lsst_hardware_z -59.56526186195607 42.09000015258789 30.959999084472656 AB 3.8253651054486277 1.012894555723379
61688.0463 lsst_hardware_z 47.38035173595271 58.939998626708984 30.989999771118164 AB 2.449664393459763 1.0122580138263484
61688.0584 lsst_hardware_i -112.85710150311324 63.119998931884766 31.329999923706055 AB 2.484721342351055 1.0172861176462866
61689.131 lsst_hardware_r 44.08661879402308 80.16999816894531 31.6200008392334 AB 5.126662969209878 1.151714011354516
61689.142 lsst_hardware_z -18.14425946152727 64.05000305175781 30.959999084472656 AB 5.245770473888709 1.190056822569922
61692.0827 lsst_hardware_r 73.19766559210898 88.06999969482422 31.649999618530273 AB 7.60361257734977 1.0560573024096902
61692.0945 lsst_hardware_y -84.86761787668807 54.27000045776367 30.040000915527344 AB 7.784634031508123 1.0778558219654022
61694.0838 lsst_hardware_g -113.56165364707455 89.12999725341797 31.719999313354492 AB 8.26310321326684 1.067584394478977
61694.0954 lsst_hardware_r 61.63454112877149 79.41999816894531 31.639999389648438 AB 8.476407939623158 1.0916641117399104
61696.0811 lsst_hardware_i -16.244478652205935 44.25 31.299999237060547 AB 6.049599365182729 1.072877636293934
61696.0927 lsst_hardware_z 20.427585871989884 49.099998474121094 30.959999084472656 AB 9.541029673617665 1.0981321499257821
61698.0723 lsst_hardware_r -13.271943407938087 23.229999542236328 31.489999771118164 AB 3.0713746037803644 1.066511234601666
61698.0835 lsst_hardware_u 2.803528525704484 2.690000057220459 28.399999618530273 AB 3.523808442429561 1.0894445640530408
