data/validation/pwv_sim_epoch_fit_4/1910724.ecsv
# %ECSV 0.9
# ---
# datatype:
# - {name: time, datatype: float64}
# - {name: band, datatype: string}
# - {name: flux, datatype: float64}
# - {name: fluxerr, datatype: float64}
# - {name: zp, datatype: float64}
# - {name: zpsys, datatype: string}
# - {name: pwv, datatype: float64}
# - {name: airmass, datatype: float64}
# meta: {SNID: '1910724', alt: 1024.0, c: -0.04389660805463791, dec: -28.801123, lat: -30.244573, lon: -70.7499537, ra: 117.070312, t0: 59885.4453125,
#   x0: 1.168456496046134e-05, x1: -0.3876505196094513, z: 0.4310273230075836}
# schema: astropy-2.0
time band flux fluxerr zp zpsys pwv airmass
[from data line 132]
60310.1329 lsst_hardware_i 33.016896771712084 33.52000045776367 31.229999542236328 AB 8.460826474201506 1.2147790099515292
60310.1556 lsst_hardware_z -37.98041844629751 47.54999923706055 30.950000762939453 AB 7.858062389389558 1.1280246718468434
60314.1551 lsst_hardware_i 3.086834217858884 30.350000381469727 31.239999771118164 AB 12.461059678867759 1.0974072812741311
60314.1758 lsst_hardware_z -52.2824440370063 40.790000915527344 30.950000762939453 AB 11.816922319573798 1.0507122002599703
60316.1335 lsst_hardware_z -12.529167122369609 42.470001220703125 30.93000030517578 AB 9.150565214040988 1.1471186177812445
60316.1567 lsst_hardware_r 4.166969212226897 22.079999923706055 31.469999313354492 AB 8.580842513083475 1.079487044041197
60322.1228 lsst_hardware_z 36.01837851810864 42.34000015258789 30.940000534057617 AB 3.757452228946413 1.1281381792273057
60322.1399 lsst_hardware_r 0.9952951205731754 22.299999237060547 31.489999771118164 AB 5.355974255144473 1.0804870395691897
60324.1189 lsst_hardware_u 0.8776798022289479 2.5399999618530273 28.299999237060547 AB 6.095689565636697 1.123215324421724
60324.1351 lsst_hardware_r -18.901837111972608 22.1200008392334 31.469999313354492 AB 5.9541339587086055 1.0789080620998923
60328.1245 lsst_hardware_r -16.101154801749974 34.310001373291016 31.56999969482422 AB 4.180332297696982 1.0781462253345018
60328.1421 lsst_hardware_z -0.8692852236739662 43.18000030517578 30.950000762939453 AB 4.33678377653109 1.04274676040659
60332.1245 lsst_hardware_i -69.7240344431189 57.79999923706055 31.31999969482422 AB 8.664579361522968 1.0547694402113519
60332.1429 lsst_hardware_z 23.80989905304195 54.65999984741211 30.979999542236328 AB 7.932033546087708 1.0255171797217275
60334.0319 lsst_hardware_y 56.62776171515174 88.47000122070312 29.950000762939453 AB 9.655947953677172 1.4262847789774258
60334.0488 lsst_hardware_i 3.4567423810146005 77.37999725341797 31.290000915527344 AB 8.994636526434002 1.311426398683029
60336.0306 lsst_hardware_y -7.058670311277227 82.7699966430664 29.940000534057617 AB 15.370877981579753 1.3951857779884045
60336.0491 lsst_hardware_r -59.89569461707921 62.75 31.579999923706055 AB 14.575218656940901 1.278527952363237
60338.0306 lsst_hardware_y -37.10072059287606 75.37000274658203 29.969999313354492 AB 17.222913181323523 1.3572837781053666
60338.0476 lsst_hardware_g -10.173128419383575 14.25 31.360000610351562 AB 15.938375671236628 1.257498606504047
60340.0292 lsst_hardware_y -209.2363962120656 85.26000213623047 29.959999084472656 AB 11.284194649196571 1.3310757474723176
60340.0455 lsst_hardware_z 2.26683710645647 44.4900016784668 30.93000030517578 AB 11.213201268772435 1.2406042229100445
60344.0407 lsst_hardware_y -73.6785597618381 51.2400016784668 29.989999771118164 AB 11.011563875175497 1.2119264665612581
60344.0586 lsst_hardware_u 0.3246822078997893 2.490000009536743 28.260000228881836 AB 10.970932124192958 1.141764758599509
60346.0273 lsst_hardware_z -109.56208686848782 63.959999084472656 30.950000762939453 AB 6.469345302342296 1.2496320846711022
60346.0463 lsst_hardware_r -12.798131662840662 22.989999771118164 31.459999084472656 AB 5.551791896853915 1.1663428354735117
60348.0554 lsst_hardware_z 57.3953763784951 41.790000915527344 30.940000534057617 AB 11.148858518911414 1.1169895154786074
60348.0596 lsst_hardware_r 38.037483341135534 22.139999389648438 31.469999313354492 AB 11.073345023283919 1.1047475518112153
60352.0248 lsst_hardware_y 89.88271662265686 69.19999694824219 30.020000457763672 AB 3.103057401842109 1.1864863886727177
60352.0417 lsst_hardware_i 30.72360016906691 31.139999389648438 31.239999771118164 AB 2.3591626244247887 1.1255546872256226
60354.0244 lsst_hardware_y 69.60813314175256 64.5999984741211 30.020000457763672 AB 2.9327158869670797 1.1665536543226072
60354.0428 lsst_hardware_r -29.858606691354616 23.1299991607666 31.489999771118164 AB 2.8236113135470706 1.1059251831896726
60356.0239 lsst_hardware_y 16.229612537189446 61.02000045776367 30.030000686645508 AB 3.2891683905151807 1.1484526503195465
60356.0412 lsst_hardware_g -17.770874575883244 22.450000762939453 31.56999969482422 AB 3.084972346866886 1.095321266418209
60359.0217 lsst_hardware_z -40.819605542911184 59.63999938964844 30.979999542236328 AB 6.605088166555112 1.1283676612758575
60359.0397 lsst_hardware_i -22.657528819834006 44.15999984741211 31.299999237060547 AB 6.843154632098449 1.0785113683370289
60362.0206 lsst_hardware_y -22.406410355211325 84.38999938964844 30.790000915527344 AB 5.288846801625937 1.1069357568590081
60362.0405 lsst_hardware_r -34.90288166164953 107.45999908447266 32.400001525878906 AB 5.156238679563739 1.0588665038891907
60365.0184 lsst_hardware_y 8.139757516842884 59.540000915527344 30.049999237060547 AB 10.292668296266086 1.0906716431351158
60365.0378 lsst_hardware_z -125.1135049426266 60.2400016784668 30.979999542236328 AB 9.839497974540578 1.0484281272818943
60367.0187 lsst_hardware_y 45.8754408412557 52.70000076293945 30.049999237060547 AB 8.570490649350248 1.0765257527838277
60367.0392 lsst_hardware_u 4.386972491075895 7.360000133514404 29.139999389648438 AB 8.27025499859209 1.0369575573433754
60369.0156 lsst_hardware_y -7.32388316667202 54.939998626708984 30.040000915527344 AB 5.440904328597574 1.0711320144888996
60369.0345 lsst_hardware_r 0.04192803557182383 21.770000457763672 31.479999542236328 AB 5.265261840705019 1.0357892145649217
60372.0243 lsst_hardware_z -20.358029591956836 60.54999923706055 31.700000762939453 AB 3.85706268318789 1.0389161230557042
60375.0135 lsst_hardware_y -1.0892790422631118 49.5099983215332 30.049999237060547 AB 6.7134645368310375 1.043192376168291
60375.0354 lsst_hardware_g -7.225067260780829 12.989999771118164 31.399999618530273 AB 6.545542522210566 1.0145768460374434
