data/validation/pwv_sim_epoch_fit_4/19265171.ecsv
# %ECSV 0.9
# ---
# datatype:
# - {name: time, datatype: float64}
# - {name: band, datatype: string}
# - {name: flux, datatype: float64}
# - {name: fluxerr, datatype: float64}
# - {name: zp, datatype: float64}
# - {name: zpsys, datatype: string}
# - {name: pwv, datatype: float64}
# - {name: airmass, datatype: float64}
# meta: {SNID: '19265171', alt: 1024.0, c: -0.13439548015594482, dec: -18.997131, lat: -30.244573, lon: -70.7499537, ra: 95.976562, t0: 61410.51171875,
#   x0: 3.230685812919073e-06, x1: 1.1403074264526367, z: 0.7322081327438354}
# schema: astropy-2.0
time band flux fluxerr zp zpsys pwv airmass
61338.3567 lsst_hardware_r 22.919017792847548 56.869998931884766 31.639999389648438 AB 3.7314925968511465 1.0226069051387083
61338.3732 lsst_hardware_y -206.92869448832639 68.0999984741211 30.06999969482422 AB 3.7443388097008423 1.019700111574246
61349.2567 lsst_hardware_r 9.293913331375233 31.920000076293945 32.2400016784668 AB 4.022694080283598 1.1486847744956021
61349.2695 lsst_hardware_y 90.8506812996427 67.7300033569336 30.780000686645508 AB 3.8715271411465912 1.109532042743578
61357.3133 lsst_hardware_g 8.056851219514789 13.0 31.389999389648438 AB 4.09080979715192 1.0199613032854005
61357.3312 lsst_hardware_r -20.448564824351426 21.649999618530273 31.479999542236328 AB 4.15203962955984 1.022355094997806
61361.3111 lsst_hardware_z 3.4932258288438875 40.41999816894531 30.950000762939453 AB 3.8667313670866332 1.0197748709928
61361.3312 lsst_hardware_u -0.3556541666433541 2.630000114440918 28.40999984741211 AB 3.847849757663646 1.0291808111437368
61364.3087 lsst_hardware_g -2.526969832729406 13.199999809265137 31.399999618530273 AB 4.92257228374804 1.021068716811458
61364.3292 lsst_hardware_r 10.46035382363067 22.0 31.489999771118164 AB 4.969627808183038 1.034907915073608
61368.293 lsst_hardware_i 31.703021886009466 68.3499984741211 31.34000015258789 AB 9.529429830012983 1.0199175701049406
61368.3136 lsst_hardware_z 45.18850214508581 61.31999969482422 30.989999771118164 AB 9.669068942882845 1.0304513971100724
61370.2898 lsst_hardware_z -2.9522067631767634 60.97999954223633 30.979999542236328 AB 5.491602431997736 1.0203646287621997
61370.3094 lsst_hardware_r 42.72532057261418 85.5999984741211 31.65999984741211 AB 5.445334868711864 1.03157392056931
61374.3009 lsst_hardware_z 19.748865785066513 63.2400016784668 31.709999084472656 AB 6.018872335329298 1.0338892343713992
61376.2669 lsst_hardware_g 16.752857011258904 17.833475406549333 31.520000457763672 AB 7.029735399420373 1.0195410296476095
61376.2858 lsst_hardware_r 39.09028093821735 25.70918945767395 31.530000686645508 AB 7.074339824124954 1.0258985352028203
61379.2714 lsst_hardware_i 32.40624661243683 30.02340864479018 31.25 AB 3.2432645331850494 1.0224667506888554
61379.2906 lsst_hardware_z -5.950104166330123 40.91281427267945 30.950000762939453 AB 3.2948321739983717 1.0374428928125858
61381.2677 lsst_hardware_i 4.101124639955786 30.485377741621022 31.25 AB 4.680849581549129 1.023304275356495
61381.2867 lsst_hardware_u 2.0108924447351093 3.252001621978285 28.450000762939453 AB 4.699951677823149 1.0392375185899723
61383.2529 lsst_hardware_g 48.955251375855305 14.751126471888826 31.43000030517578 AB 6.876921734356981 1.0200625563941133
61383.272 lsst_hardware_r 47.788314156539805 23.285826311567963 31.5 AB 6.865955245866899 1.029893286879875
61385.2503 lsst_hardware_i 197.61964997703288 32.42968936505371 31.260000228881836 AB 9.579645520257964 1.0207400660903532
61385.2716 lsst_hardware_r 165.82722343445693 24.696799154078715 31.5 AB 9.951058578972413 1.0346286732140169
61387.2321 lsst_hardware_z 212.5651767342531 42.425287502064094 30.950000762939453 AB 11.052811838005292 1.0198437718166231
61387.2511 lsst_hardware_u -2.305026971566699 3.0183495170461625 28.469999313354492 AB 10.833056208728774 1.02319303034038
61389.235 lsst_hardware_g 44.91544503072111 15.40141457576318 31.40999984741211 AB 8.220475253108447 1.0198136789342696
61389.2525 lsst_hardware_r 324.3442923884719 28.55253326600548 31.489999771118164 AB 8.381356000411069 1.0274258241966023
61390.1926 lsst_hardware_i 438.2219624603299 36.09127174855312 31.239999771118164 AB 10.718043554238093 1.0412458864059184
61392.1524 lsst_hardware_i 588.1822438077277 42.88758762593871 31.270000457763672 AB 3.274840000974509 1.108705882682864
61394.1983 lsst_hardware_z 706.0842647060332 72.15635092292553 31.719999313354492 AB 3.825333941460924 1.025627439228078
61394.2204 lsst_hardware_r 1455.4601427302164 69.0125859392813 32.369998931884766 AB 5.04903089402641 1.019697242053198
61396.191 lsst_hardware_i 899.888326252478 67.37909029492657 31.329999923706055 AB 3.7999432815224456 1.0268729310964588
61396.2113 lsst_hardware_r 856.7643958066628 79.51028927667099 31.65999984741211 AB 4.874742983417361 1.0195363183387793
61405.1791 lsst_hardware_z 704.1587037128543 48.00093207322736 30.959999084472656 AB 6.711265383195485 1.0206471573562166
61405.2006 lsst_hardware_u 4.049427579707027 3.856363768718984 28.6200008392334 AB 6.6728706532386886 1.02254463521261
61407.1783 lsst_hardware_g 298.20475108837803 22.21219209306284 31.40999984741211 AB 4.728162960406369 1.0197332049762118
61407.1986 lsst_hardware_r 1145.4143344364857 39.531533061046254 31.489999771118164 AB 4.734383146802646 1.0243148305501182
61409.1615 lsst_hardware_i 1165.4119800447672 45.11680606339749 31.25 AB 2.545734047565483 1.023239275524562
61409.1831 lsst_hardware_z 677.1183847178622 47.909401433596514 30.950000762939453 AB 2.55314106932872 1.0203041438638818
61413.1642 lsst_hardware_g 205.38515687191463 20.03083540344112 31.43000030517578 AB 7.211120185717063 1.0195518324646506
61413.1851 lsst_hardware_r 987.3631467450974 38.04606591614986 31.5 AB 7.002127365811051 1.0261030723638704
61418.1255 lsst_hardware_z 668.4152176924852 47.60459215233661 30.950000762939453 AB 5.128350777707501 1.0312388453061507
61418.1441 lsst_hardware_u 4.46076729409862 2.8626636134573955 28.489999771118164 AB 5.071945272890665 1.0205121273421887
61420.1277 lsst_hardware_g 126.09512823337666 21.03247142177993 31.510000228881836 AB 5.649030249937931 1.0253719199415403
61420.1475 lsst_hardware_r 771.7287879348856 36.06521127758497 31.520000457763672 AB 5.608211448186687 1.0195512267943316
61424.1114 lsst_hardware_i 846.1261503974973 59.943240353849575 31.31999969482422 AB 3.986033388304406 1.0292735552516128
61424.1312 lsst_hardware_z 503.6299259698119 56.42345053778983 30.979999542236328 AB 4.329123633555911 1.0198171103783065
61426.109 lsst_hardware_z 508.03465532640575 66.63946503186256 30.979999542236328 AB 12.967020378075736 1.0269280413459838
61426.1285 lsst_hardware_r 684.4591154245667 92.05699717531354 31.65999984741211 AB 12.14412344608941 1.0195578473496363
61428.1116 lsst_hardware_i 706.8931171196715 76.37074149762269 31.34000015258789 AB 8.655713931891182 1.0223082929734928
61428.1301 lsst_hardware_r 607.2036129575964 95.59283448954541 31.65999984741211 AB 7.902100256840406 1.020064577044803
61430.0957 lsst_hardware_z 871.3468305565142 75.85045945526969 31.729999542236328 AB 8.166671101467271 1.0287207467417532
61432.1027 lsst_hardware_r 427.18684895068594 33.5582489086876 31.549999237060547 AB 11.671643320449201 1.0214986277305445
61432.1214 lsst_hardware_i 612.7273510715107 43.70948138389033 31.280000686645508 AB 11.507965025576272 1.020571570200095
61434.077 lsst_hardware_i 512.8386550579736 37.84007372430887 31.25 AB 13.151481604490055 1.0359847918671927
61434.0943 lsst_hardware_z 387.1075441134385 44.96824489769657 30.950000762939453 AB 11.772530552181461 1.022720054919769
61436.0788 lsst_hardware_i 453.64884457145706 37.19615530200217 31.25 AB 9.321909854191263 1.0291355546689405
61436.0974 lsst_hardware_u 3.2085390922361907 3.010547612167005 28.510000228881836 AB 9.067178608709016 1.0199779077057247
61438.0803 lsst_hardware_g 31.78479117458005 15.947392708958258 31.440000534057617 AB 6.862914688442828 1.0243156251407206
61438.0996 lsst_hardware_r 271.2708738275113 27.506584002082448 31.510000228881836 AB 6.147488624873461 1.0196249274150868
61442.0751 lsst_hardware_u 3.2669156630040828 2.9050469839852555 28.56999969482422 AB 4.830152952129148 1.0216059543420364
61442.0951 lsst_hardware_g 35.92404459347443 14.127420623852638 31.440000534057617 AB 4.468619339800567 1.0208542506397762
61447.0573 lsst_hardware_u -1.037617734330421 2.8834271255819304 28.510000228881836 AB 1.0447788558276763 1.0234568383618055
61447.0737 lsst_hardware_g 36.612105575463275 14.328333599745084 31.420000076293945 AB 1.0389994391618131 1.0195431572443991
61450.055 lsst_hardware_r 92.25808884329437 31.512068286401142 31.559999465942383 AB 2.553183329261811 1.0210010647541232
61450.0731 lsst_hardware_z 214.7160151454582 44.55229059014332 30.959999084472656 AB 2.600505166906814 1.0208067387269246
61454.0405 lsst_hardware_z 353.3588889289102 79.15847895789395 31.729999542236328 AB 3.609321791463237 1.0223500884588421
61456.0292 lsst_hardware_y 90.3645094137136 55.827945334755064 30.059999465942383 AB 3.7943245682146887 1.0254931265445104
61456.0461 lsst_hardware_i 89.94163700328599 70.89755436349745 31.34000015258789 AB 3.3681818140041724 1.0195797832614417
61458.0286 lsst_hardware_y -11.615985754647289 52.30618963568264 30.059999465942383 AB 5.00444838155854 1.0227945257379285
61458.0461 lsst_hardware_r 72.86661410295142 72.40166126687271 31.65999984741211 AB 5.4206585343624045 1.0197354153905667
61460.0262 lsst_hardware_y 263.1352490241353 48.98127222388327 30.059999465942383 AB 7.680993745931248 1.0215106221938688
61460.0431 lsst_hardware_g -18.454754159760686 29.297026395060694 31.65999984741211 AB 8.08294803135146 1.0201341632525691
61462.012 lsst_hardware_y -39.97175042624012 73.84179574454896 30.079999923706055 AB 7.028960011199899 1.0260256925651858
61462.0305 lsst_hardware_z 156.54258092094582 42.494949104031456 30.950000762939453 AB 7.159292782435782 1.0195397067492955
61464.0103 lsst_hardware_y 234.1680775474837 72.29600486906132 30.06999969482422 AB 5.118802188530718 1.0237604377061436
61464.0296 lsst_hardware_u 3.765654996243064 2.9257581490746576 28.459999084472656 AB 5.098604010380362 1.0197208020760724
61466.0085 lsst_hardware_z 197.67467549980864 66.83829982619238 30.989999771118164 AB 2.488114167041627 1.0220226605223361
61466.0278 lsst_hardware_r 53.911935743229655 23.222488600572603 31.510000228881836 AB 2.527211138283371 1.020373932889218
61468.0069 lsst_hardware_y 49.40269864899261 72.96541532373257 30.079999923706055 AB 3.7173357582004636 1.0206852713345589
61468.0245 lsst_hardware_z 130.15662110716843 41.97255487424618 30.950000762939453 AB 3.8374944278650016 1.020972267080082
61470.0059 lsst_hardware_y 173.31223370394684 72.9430350037176 30.06999969482422 AB 5.245522593847149 1.019769159287266
61470.024 lsst_hardware_u -0.6331080259041854 2.770571999557054 28.399999618530273 AB 5.253000463317207 1.0229464405538036
61704.3547 lsst_hardware_i 27.423740789754508 30.3799991607666 31.25 AB 2.4506240646329314 1.0225846295150975
61704.372 lsst_hardware_y 96.25675706547463 69.12000274658203 30.06999969482422 AB 2.4237090629385394 1.0197934346164519
61706.3577 lsst_hardware_i 3.424726349358321 31.100000381469727 31.260000228881836 AB 3.443624902987806 1.019955543276655
61708.3023 lsst_hardware_g -33.46247298152741 13.109999656677246 31.3700008392334 AB 4.76002960780759 1.0724410516633074
61708.3196 lsst_hardware_y 63.41300243492423 46.7400016784668 30.040000915527344 AB 4.657793951651543 1.0438218279234788
61710.2854 lsst_hardware_r 8.602329629390317 22.030000686645508 31.459999084472656 AB 5.529107391901873 1.0982799560157332
61721.3136 lsst_hardware_r -79.65093043084102 52.939998626708984 31.6299991607666 AB 3.7742690555996075 1.0206474065846824
61721.3307 lsst_hardware_g -5.700096287840796 41.08000183105469 31.690000534057617 AB 3.7633764524942435 1.0208996615862853
61723.3064 lsst_hardware_r 7.596882520126795 85.1500015258789 31.65999984741211 AB 6.052502425413289 1.0211746963747568
61723.3252 lsst_hardware_i 105.87989952326467 66.16999816894531 31.329999923706055 AB 6.031656334200206 1.0208871212626582
61725.3117 lsst_hardware_z 97.7389649675839 58.939998626708984 30.989999771118164 AB 4.883008091856069 1.0195501692510238
61725.3297 lsst_hardware_i -85.21780880913218 64.0199966430664 31.329999923706055 AB 5.032179565353312 1.0255887836045894
61730.2926 lsst_hardware_g -24.008801484271693 24.809999465942383 31.6200008392334 AB 4.227415093157415 1.0198830140307393
61730.3132 lsst_hardware_r 26.66543555198374 29.75 31.559999465942383 AB 4.2594049789854616 1.023895427640736
61735.2906 lsst_hardware_r -19.751968451898318 21.8799991607666 31.489999771118164 AB 5.506344795622596 1.0203863355900789
61735.311 lsst_hardware_g -5.372181790211841 13.289999961853027 31.40999984741211 AB 5.4201761183333135 1.032414498730155
61739.2657 lsst_hardware_i 27.074610635077107 29.809999465942383 31.25 AB 6.165846888781338 1.020328791789068
61739.2851 lsst_hardware_z -0.38219086042593103 40.47999954223633 30.950000762939453 AB 6.190346821901966 1.0221840855188187
61741.2642 lsst_hardware_r -8.21946666798533 21.959999084472656 31.489999771118164 AB 7.010097389769391 1.0196752488209737
61741.2843 lsst_hardware_u 3.5242098574940144 2.6500000953674316 28.440000534057617 AB 7.053814739914529 1.0245316074870712
61747.2597 lsst_hardware_r 15.038508164099845 21.969999313354492 31.479999542236328 AB 6.608385117164512 1.0208890729159514
61747.2796 lsst_hardware_g 20.921361691360183 13.329999923706055 31.389999389648438 AB 6.62339064500927 1.0337337617557094
61751.2541 lsst_hardware_z -95.8788080202974 59.27000045776367 30.989999771118164 AB 12.678664659047989 1.022981697272786
61751.2733 lsst_hardware_i -47.86647042019186 64.47000122070312 31.329999923706055 AB 12.926566850815327 1.038716474884102
61755.2342 lsst_hardware_g -8.329760480835263 76.4800033569336 31.739999771118164 AB 10.601245526837932 1.0200050993652383
61755.2523 lsst_hardware_r -38.1686421571352 74.76000213623047 31.65999984741211 AB 10.790343734489708 1.0288340550822066
61757.1968 lsst_hardware_i -37.00247112306366 43.560001373291016 31.299999237060547 AB 3.43535487263799 1.031586468936823
61757.2168 lsst_hardware_z 15.24371159366093 47.2400016784668 30.959999084472656 AB 4.855458604836531 1.0202686709049233
61759.2164 lsst_hardware_r 2.760700609414238 28.239999771118164 31.559999465942383 AB 5.0132229758019635 1.0195694479971453
61759.2368 lsst_hardware_g -66.93310949571249 25.969999313354492 31.6299991607666 AB 5.078189292239592 1.025534264096449
61763.2459 lsst_hardware_z -5.477205298006122 41.2400016784668 30.950000762939453 AB 7.321011108325567 1.0454853421383865
61763.2583 lsst_hardware_i -47.73519952130009 30.610000610351562 31.25 AB 5.8858155343801055 1.0653863249500153
61765.1903 lsst_hardware_r 3.165947195744149 22.18000030517578 31.5 AB 7.256276353280426 1.0216749922486168
61765.2108 lsst_hardware_u 1.9232435836214508 3.859999895095825 29.25 AB 7.461683568957661 1.0209596454755248
61765.2304 lsst_hardware_g -11.275211202779937 13.630000114440918 31.420000076293945 AB 7.580624215049555 1.03367449866588
61767.2091 lsst_hardware_r -5.632047551159996 22.15999984741211 31.489999771118164 AB 6.201528045112029 1.0223703330311582
61767.2297 lsst_hardware_i 45.57041724157768 30.149999618530273 31.25 AB 6.318568992920272 1.0388111784496954
61775.1662 lsst_hardware_z 33.53557543861913 41.56999969482422 30.950000762939453 AB 11.592512240814756 1.0206248533721969
61775.1886 lsst_hardware_i -1.9948430829072492 30.09000015258789 31.25 AB 11.485186727139675 1.022989354059572
61777.158 lsst_hardware_z 36.75298310223901 45.470001220703125 30.959999084472656 AB 8.158879354519641 1.0214985732762525
61777.1787 lsst_hardware_g -27.74889437820437 32.97999954223633 31.670000076293945 AB 8.166390874120703 1.0211711612509606
61779.157 lsst_hardware_r 155.170079342679 63.15999984741211 31.649999618530273 AB 6.529307962787633 1.0202043691855676
61779.1781 lsst_hardware_i -30.031047042921774 52.439998626708984 31.31999969482422 AB 7.698610931273889 1.0231958619021881
61781.1406 lsst_hardware_i -6.065725910218024 74.43000030517578 31.34000015258789 AB 4.992026009489802 1.0245833053496438
61781.1623 lsst_hardware_z 4.512021806856447 65.63999938964844 30.989999771118164 AB 4.9600375499250005 1.0198493985658477
61784.1265 lsst_hardware_r -45.78578526345069 71.0199966430664 31.649999618530273 AB 7.523533390564445 1.0286599825307159
61784.1457 lsst_hardware_g -63.18141657108225 77.4000015258789 31.739999771118164 AB 7.483915996315865 1.0197923323468203
61785.1284 lsst_hardware_r -39.85418831258397 55.97999954223633 31.639999389648438 AB 5.66264571311856 1.0253617503496661
61785.1476 lsst_hardware_i -77.05273125291733 49.70000076293945 31.309999465942383 AB 5.6264375751670626 1.0195284323206806
61787.1226 lsst_hardware_z -108.84956652812512 41.33000183105469 30.950000762939453 AB 2.038848136124175 1.0255775332616373
61787.1428 lsst_hardware_i 15.076715738741163 35.31999969482422 31.270000457763672 AB 1.623547307825638 1.0195493062905847
61789.1149 lsst_hardware_u 1.0121009669893453 2.559999942779541 28.360000610351562 AB 3.9946674640782236 1.0271048310286603
61789.1324 lsst_hardware_g 9.85173473383736 13.34000015258789 31.399999618530273 AB 4.214609273265055 1.0197457714166789
61793.1128 lsst_hardware_z -5.698310893330244 40.439998626708984 30.940000534057617 AB 8.333841973413845 1.0220870119164611
61793.1336 lsst_hardware_u -0.9923887305077101 2.559999942779541 28.3700008392334 AB 7.77183548940363 1.0207296413716351
61795.1118 lsst_hardware_g -5.109666752555292 13.260000228881836 31.399999618530273 AB 8.086013194287402 1.0205639463955314
61795.1322 lsst_hardware_r -14.520481810151322 21.860000610351562 31.479999542236328 AB 7.975826065338714 1.0221705019978273
61801.0793 lsst_hardware_u -4.233983854817438 2.6500000953674316 28.450000762939453 AB 9.354677930326362 1.029287333479263
61801.0969 lsst_hardware_g 1.1146628713100533 13.15999984741211 31.399999618530273 AB 9.074394537330495 1.0202062513862795
61805.0872 lsst_hardware_z 19.189972470303946 60.52000045776367 31.700000762939453 AB 10.706427274953665 1.0199673496724737
61807.0604 lsst_hardware_z 35.52072803535285 48.939998626708984 30.969999313354492 AB 4.880198857870431 1.0314637574757737
61807.0782 lsst_hardware_r 73.97746942706462 50.86000061035156 31.6299991607666 AB 4.84129033685578 1.020794982468877
61808.0622 lsst_hardware_i -1.9619477709034077 53.029998779296875 31.31999969482422 AB 6.451756966936537 1.0277044044287897
61808.0802 lsst_hardware_z 22.44353507536709 52.16999816894531 30.969999313354492 AB 6.363362069002789 1.0197831812394977
61810.062 lsst_hardware_i -12.79203371652843 71.08000183105469 31.329999923706055 AB 6.0853517105159876 1.0242400769495044
61810.0817 lsst_hardware_z 92.16210304349404 64.5 30.989999771118164 AB 6.0379602966451555 1.0196673641214482
61816.0537 lsst_hardware_u -2.061123040523708 2.5999999046325684 28.420000076293945 AB 1.7551320434584505 1.020771798647873
61816.0728 lsst_hardware_g -13.949589533583383 13.0600004196167 31.399999618530273 AB 1.7638145735454953 1.0213663505547432
61818.0509 lsst_hardware_r 12.49513729525693 21.829999923706055 31.5 AB 1.2762501513406825 1.0201160205214275
61818.0677 lsst_hardware_i 24.905411530670023 29.770000457763672 31.260000228881836 AB 1.1850204872096588 1.0214960021921566
61820.0305 lsst_hardware_y 50.29750318646185 48.20000076293945 30.059999465942383 AB 6.412274684658468 1.0269224104617858
61820.0476 lsst_hardware_z -66.47442020515723 40.560001373291016 30.959999084472656 AB 2.976338266616249 1.0197595705628992
61822.03 lsst_hardware_y -15.846494423176004 48.13999938964844 30.049999237060547 AB 4.194563438949792 1.0238133851476183
61822.0476 lsst_hardware_u 4.101456793754839 2.630000114440918 28.440000534057617 AB 3.268033988970641 1.0195613526322715
61826.0285 lsst_hardware_y 12.901580150772112 46.97999954223633 30.059999465942383 AB 9.759540565558684 1.0202321310431077
61826.0469 lsst_hardware_r 3.490773636077336 21.760000228881836 31.489999771118164 AB 9.169816063976386 1.0218962924193595
61828.0106 lsst_hardware_z 81.3879215265256 68.87999725341797 30.989999771118164 AB 8.175325696384128 1.0256014673212015
61828.029 lsst_hardware_g -7.049662853945291 13.84000015258789 31.440000534057617 AB 8.109007608593457 1.0195200513711715
61834.0057 lsst_hardware_y -23.58499428844049 68.94999694824219 30.06999969482422 AB 11.651576469650067 1.0204568636932971
61834.0247 lsst_hardware_g 13.600395332130974 26.079999923706055 31.6200008392334 AB 11.730767810557433 1.0217548828984786
61836.004 lsst_hardware_y -30.564306770093218 78.80999755859375 30.079999923706055 AB 6.581189779183325 1.0197466247039821
61836.0225 lsst_hardware_z -71.38401231641856 48.0 30.969999313354492 AB 6.5505707522094285 1.0232069278677645
