data/validation/pwv_sim_epoch_fit_4/19452679.ecsv
# %ECSV 0.9
# ---
# datatype:
# - {name: time, datatype: float64}
# - {name: band, datatype: string}
# - {name: flux, datatype: float64}
# - {name: fluxerr, datatype: float64}
# - {name: zp, datatype: float64}
# - {name: zpsys, datatype: string}
# - {name: pwv, datatype: float64}
# - {name: airmass, datatype: float64}
# meta: {SNID: '19452679', alt: 1024.0, c: 0.10689011961221695, dec: -35.318771, lat: -30.244573, lon: -70.7499537, ra: 281.074219, t0: 60868.40625,
#   x0: 9.99970886397613e-06, x1: 0.4486047029495239, z: 0.46031907200813293}
# schema: astropy-2.0
time band flux fluxerr zp zpsys pwv airmass
[from data line 132]
61182.2631 lsst_hardware_i 0.6777779357510566 30.989999771118164 31.25 AB 4.389609947459196 1.038530773634399
61185.2377 lsst_hardware_z 34.23341260204513 44.33000183105469 30.959999084472656 AB 5.894917409004018 1.0685973731539757
61185.2586 lsst_hardware_r 14.84903909110633 27.049999237060547 31.549999237060547 AB 5.487811752266832 1.033388899777202
61187.1635 lsst_hardware_r 86.22427019837143 57.90999984741211 31.56999969482422 AB 7.068332620380531 1.321842529680937
61187.184 lsst_hardware_i 53.16521541569534 49.189998626708984 31.280000686645508 AB 6.057394609258357 1.2182401547103137
61196.1723 lsst_hardware_i 46.60141882444608 65.62000274658203 31.299999237060547 AB 9.45278748426372 1.1671308757193233
61196.1971 lsst_hardware_z -13.904492344996699 60.349998474121094 30.969999313354492 AB 8.883726400626733 1.0924293365529274
61198.1664 lsst_hardware_i 17.924014436826877 38.29999923706055 31.260000228881836 AB 6.181769919688531 1.1687238315519026
61198.1859 lsst_hardware_z 54.44011810703629 46.279998779296875 30.950000762939453 AB 4.957991579360001 1.1072506458288203
61220.1459 lsst_hardware_z 129.04461191221824 108.52999877929688 31.0 AB 5.21287308861467 1.0611446490817549
61220.1603 lsst_hardware_r -165.35222063025037 156.58999633789062 31.65999984741211 AB 5.153867051457475 1.0371692875649192
61222.075 lsst_hardware_y -124.2826561164046 73.51000213623047 29.989999771118164 AB 10.261674468601113 1.282709308575139
61223.0755 lsst_hardware_r 107.44802147721794 116.5199966430664 31.610000610351562 AB 10.80433621348538 1.2660713301286515
61223.0953 lsst_hardware_i 20.67794397465747 93.80999755859375 31.309999465942383 AB 10.3165350782197 1.1792796675363877
61225.0761 lsst_hardware_z 51.993966958344615 52.83000183105469 30.950000762939453 AB 10.404997142539907 1.2368495860374786
61225.0962 lsst_hardware_r 77.15936747233673 55.439998626708984 31.6200008392334 AB 10.222270385587146 1.1562673286301668
61231.0554 lsst_hardware_r -52.496300004308004 25.110000610351562 31.479999542236328 AB 10.541066718415577 1.2574087021708793
61231.075 lsst_hardware_u 2.0982665201105735 2.809999942779541 28.420000076293945 AB 9.857401215599442 1.1735001447142193
61233.0761 lsst_hardware_i 30.4434527302858 32.380001068115234 31.239999771118164 AB 9.530960050627032 1.1503296012825686
61233.0953 lsst_hardware_z -48.42129615151077 42.459999084472656 30.940000534057617 AB 7.757954233136988 1.0943651055348156
61235.0535 lsst_hardware_z -22.247625794929217 44.09000015258789 30.93000030517578 AB 8.726976118184197 1.2158514073539493
61235.0737 lsst_hardware_r 6.081263333502551 24.350000381469727 31.489999771118164 AB 8.16640481210961 1.140267363399913
61237.0753 lsst_hardware_g -13.913721193352904 15.210000038146973 31.420000076293945 AB 4.333787495742489 1.118757662663407
61237.0949 lsst_hardware_r -28.763273421452528 24.18000030517578 31.5 AB 4.103034121035065 1.0703101920007996
61242.0775 lsst_hardware_r -0.03805462962305623 30.690000534057617 31.549999237060547 AB 6.146796397247066 1.0783853328503623
61242.0965 lsst_hardware_g 56.533424342896886 25.59000015258789 31.6200008392334 AB 5.905379335641505 1.0427084551322894
61244.0736 lsst_hardware_r -49.302877515720965 48.61000061035156 31.6200008392334 AB 5.067081845028511 1.0749576971686048
61244.092 lsst_hardware_i -8.620668324139144 44.849998474121094 31.299999237060547 AB 6.735773050066786 1.0412386845055592
61246.0544 lsst_hardware_i 125.88185753087737 62.83000183105469 31.309999465942383 AB 5.209766544939123 1.108460967008324
61246.0725 lsst_hardware_z -50.96457959255775 59.9900016784668 30.979999542236328 AB 5.009583096146178 1.065868743860889
61248.0853 lsst_hardware_z 30.629113515008335 133.3300018310547 31.75 AB 3.161150363029365 1.0351417441563167
61249.0704 lsst_hardware_r 15.948876178213649 145.41000366210938 31.65999984741211 AB 4.710427088901506 1.0543371832205117
61249.0886 lsst_hardware_i -195.05760909669465 116.70999908447266 31.350000381469727 AB 3.9042334117711652 1.0274298452029382
61251.0817 lsst_hardware_z 64.1183588686147 109.80000305175781 31.75 AB 4.939994543256726 1.0291655298451514
61253.0755 lsst_hardware_g 88.6174824667086 73.0199966430664 31.729999542236328 AB 3.907359784535784 1.030082326378642
61253.0948 lsst_hardware_r 96.95669084608085 71.86000061035156 31.65999984741211 AB 4.088713294529061 1.011640402770077
61255.9801 lsst_hardware_y 31.362161117044526 50.38999938964844 29.959999084472656 AB 11.822845797702469 1.293763902721408
61255.9997 lsst_hardware_r -3.745793446623715 24.40999984741211 31.479999542236328 AB 12.923718206337778 1.2009588371463236
61257.9782 lsst_hardware_y 25.501016750971264 50.27000045776367 29.969999313354492 AB 1.128727372407266 1.27491796582146
61257.996 lsst_hardware_g 1.3937715391404648 14.84000015258789 31.389999389648438 AB 1.0839938353291558 1.193825809833872
61260.9794 lsst_hardware_y -43.196472885546044 50.02000045776367 29.979999542236328 AB 4.186691288134045 1.2295715971025096
61260.9984 lsst_hardware_u -2.305993062740404 2.7300000190734863 28.389999389648438 AB 3.9512164492635597 1.1545668636900988
61262.9795 lsst_hardware_z 84.73663177635744 44.59000015258789 30.940000534057617 AB 9.319346477701416 1.2054516204503674
61262.9983 lsst_hardware_r -30.37930900333834 24.239999771118164 31.5 AB 8.853433273080404 1.1369139648888575
61265.9785 lsst_hardware_y 66.41195315060878 50.7599983215332 30.010000228881836 AB 6.262555938449401 1.1769878036240065
61265.9961 lsst_hardware_z 50.44121241976312 42.43000030517578 30.940000534057617 AB 6.216372406163247 1.1188071822116081
61273.9807 lsst_hardware_z 81.43258266266464 61.16999816894531 30.979999542236328 AB 3.6487667889448274 1.1011266841197205
61273.9981 lsst_hardware_i -10.115865800665246 53.630001068115234 31.309999465942383 AB 3.529265688168161 1.061832474815543
61275.9792 lsst_hardware_y 47.32012811448755 65.5999984741211 30.049999237060547 AB 2.8102125797412123 1.0911328207110125
61275.9969 lsst_hardware_r -13.686294072242612 103.22000122070312 31.65999984741211 AB 2.7346225889048195 1.053939846700213
61277.9804 lsst_hardware_y -99.09037334281415 61.470001220703125 30.059999465942383 AB 2.72451117042815 1.075748027281449
61277.998 lsst_hardware_r 135.94472187840177 103.56999969482422 31.65999984741211 AB 2.687870580386915 1.0430231200570101
61279.9813 lsst_hardware_y 80.81047530960583 59.88999938964844 30.049999237060547 AB 4.299438766030865 1.0626393391079747
61279.9999 lsst_hardware_z -56.91758905190825 65.0199966430664 30.989999771118164 AB 4.162474612932651 1.0324878117159002
61280.981 lsst_hardware_y 17.518644990385482 54.650001525878906 30.049999237060547 AB 5.648955355185893 1.0580219176249526
61280.9982 lsst_hardware_z -41.427080432616904 56.040000915527344 30.979999542236328 AB 5.496045278795486 1.0311529603743876
