data/validation/pwv_sim_epoch_fit_4/19514265.ecsv
# %ECSV 0.9
# ---
# datatype:
# - {name: time, datatype: float64}
# - {name: band, datatype: string}
# - {name: flux, datatype: float64}
# - {name: fluxerr, datatype: float64}
# - {name: zp, datatype: float64}
# - {name: zpsys, datatype: string}
# - {name: pwv, datatype: float64}
# - {name: airmass, datatype: float64}
# meta: {SNID: '19514265', alt: 1024.0, c: 0.0244130901992321, dec: -2.836105, lat: -30.244573, lon: -70.7499537, ra: 43.242188, t0: 60952.6796875,
#   x0: 6.747111598507019e-06, x1: 0.5905198454856873, z: 0.5421491265296936}
# schema: astropy-2.0
time band flux fluxerr zp zpsys pwv airmass
60895.4171 lsst_hardware_z 20.942291806090424 78.11000061035156 31.719999313354492 AB 2.1045717099220367 1.1357645493373107
60898.4067 lsst_hardware_z 38.87831444555298 60.599998474121094 30.979999542236328 AB 6.884605067146566 1.1377631907365007
60898.425 lsst_hardware_y 35.122879415893614 56.91999816894531 30.040000915527344 AB 5.638902159232272 1.1277804318464544
60900.4013 lsst_hardware_r -29.06442854008934 104.08000183105469 32.380001068115234 AB 5.064689970799045 1.13770647041536
60900.4224 lsst_hardware_y 102.83943655672317 55.68000030517578 30.030000686645508 AB 5.275996346740089 1.127550421387018
60905.4005 lsst_hardware_g -32.22301825406118 24.920000076293945 32.22999954223633 AB 2.725292779562401 1.1291869813807338
60905.4246 lsst_hardware_y -55.41110960941778 56.630001068115234 30.030000686645508 AB 2.6199600876873004 1.1327516142045617
60907.3576 lsst_hardware_i 2.2042173955014848 32.25 31.229999542236328 AB 3.0828746628110655 1.1754733081384336
60907.3793 lsst_hardware_y 18.54594049833939 48.45000076293945 30.010000228881836 AB 1.875510956287898 1.140648293317864
60911.4108 lsst_hardware_g 3.453017319551623 15.369999885559082 31.43000030517578 AB 4.3164928381780445 1.1346501513249774
60913.3246 lsst_hardware_r -10.679669254648221 23.93000030517578 31.469999313354492 AB 3.3227386049726406 1.218980839488587
60913.343 lsst_hardware_i 10.984049972189881 31.84000015258789 31.229999542236328 AB 2.862922438222925 1.171728146612384
60931.3455 lsst_hardware_i 415.33593966228244 50.26337401282881 31.290000915527344 AB 3.229831099546854 1.1287195874705065
60931.3656 lsst_hardware_z 198.189222940155 52.8455279729675 30.959999084472656 AB 3.152609413917736 1.144115192857099
60933.3439 lsst_hardware_r 599.3594731186765 38.15484950272594 31.530000686645508 AB 1.530396615524438 1.1302781503134696
60933.3625 lsst_hardware_g 134.25465353038638 25.951705517081315 31.549999237060547 AB 1.4912729428617197 1.1471330329705536
60935.2685 lsst_hardware_u -1.8585451584695614 2.7455217618611982 28.309999465942383 AB 2.3996077190324887 1.2071473391627554
60935.2879 lsst_hardware_r 906.2053230383967 37.70254194620838 31.479999542236328 AB 2.305141031153082 1.162158321730881
60942.2542 lsst_hardware_u 4.351462493646855 3.3070123456827663 28.309999465942383 AB 4.861535171749092 1.1940403221781228
60942.273 lsst_hardware_g 607.015751729669 28.680020920193563 31.399999618530273 AB 4.55103032771887 1.1550105520507667
60946.2564 lsst_hardware_z 1235.8080565782614 56.13526661031817 30.940000534057617 AB 4.064195893824807 1.164859814796448
60946.2746 lsst_hardware_r 2147.5011514106354 52.31969473721703 31.489999771118164 AB 3.861020421533719 1.1388041061424268
60949.2948 lsst_hardware_z 1529.101762839278 56.8451831541034 30.940000534057617 AB 4.983224055490848 1.1282771446394373
60949.3136 lsst_hardware_r 2264.2545169324926 53.511884401402575 31.489999771118164 AB 5.124147907311668 1.1408121500508352
60956.2851 lsst_hardware_y 510.08643018876853 69.50468421512767 30.030000686645508 AB 4.219245947028186 1.1325821260812954
60956.304 lsst_hardware_r 2511.4561700395398 137.94241324178853 31.639999389648438 AB 4.169188098447882 1.1533023785467358
60958.2117 lsst_hardware_r 2374.0726076778224 95.9417251881451 31.610000610351562 AB 3.1581934272560552 1.1910220341631885
60958.2291 lsst_hardware_i 2016.2004557789346 82.29951617329387 31.299999237060547 AB 3.0227984614357117 1.155356782304387
60960.2112 lsst_hardware_z 1364.233880845635 60.30285097895762 30.940000534057617 AB 6.485713418111707 1.1792206214748557
60960.229 lsst_hardware_r 2132.6003537123656 59.71099256069377 31.56999969482422 AB 6.31100361494701 1.1474552027176381
60962.2104 lsst_hardware_u 2.920956313981137 2.713022923299403 28.290000915527344 AB 7.36687858838126 1.169345807679565
60962.2287 lsst_hardware_r 1676.428600368887 48.12106890061704 31.479999542236328 AB 7.189168301400904 1.141137825619191
60964.252 lsst_hardware_i 1647.3795921784797 51.1736052988471 31.25 AB 8.20688537799852 1.1278874952583975
60964.2698 lsst_hardware_z 1255.0893562679366 55.89228228772578 30.940000534057617 AB 8.2829176208984 1.1378936628595397
60966.253 lsst_hardware_r 1469.8774724575412 45.14766397731715 31.5 AB 5.783107987195361 1.1298994748585964
60966.2708 lsst_hardware_u -0.5313202040080439 2.8480087310103332 28.440000534057617 AB 5.856663819180185 1.1450537795943467
60971.1921 lsst_hardware_i 1226.1968992317322 47.57603877318594 31.239999771118164 AB 3.7594674611181613 1.1578279830976783
60973.254 lsst_hardware_r 862.8479334750899 38.776373477187974 31.489999771118164 AB 4.362731304424239 1.1480871853747998
60973.2723 lsst_hardware_g 149.34642938184626 18.857807695929555 31.399999618530273 AB 4.489372249975167 1.1814137499934652
60975.1773 lsst_hardware_u 2.9596244579959463 2.9750150679939256 28.31999969482422 AB 2.792400014757921 1.1647132491169638
60975.1952 lsst_hardware_r 784.4665974580233 37.036042720150874 31.489999771118164 AB 2.8024791374428712 1.1390262370642346
60980.1588 lsst_hardware_z 908.2452288837375 57.8357839043085 30.950000762939453 AB 5.413990542470539 1.1744014191910064
60980.1765 lsst_hardware_r 620.3189729176374 57.16867215379372 31.600000381469727 AB 5.075516775911412 1.1447243038554693
60990.1959 lsst_hardware_u 2.3857614682669035 2.759838645784417 28.31999969482422 AB 0.8670741974460288 1.135285364904784
60990.2141 lsst_hardware_g 27.136437951441994 22.212909085265014 31.530000686645508 AB 2.680039648384188 1.158017995845105
60992.1996 lsst_hardware_r 219.50720337446296 28.99731131938127 31.479999542236328 AB 4.90396051193235 1.1447821446004902
60992.2178 lsst_hardware_i 503.63949880645043 38.556791545661284 31.229999542236328 AB 7.845084487948534 1.1755724061310724
60994.1286 lsst_hardware_i 379.3479970604121 38.0496559319036 31.239999771118164 AB 4.866218758958026 1.1590144514517768
60994.146 lsst_hardware_z 691.5295752525293 49.886376575271434 30.950000762939453 AB 4.760130671705768 1.1364762257862642
60996.1831 lsst_hardware_r 169.49009662333427 27.996919581406008 31.479999542236328 AB 3.0329739498334054 1.1385393498921033
60996.2038 lsst_hardware_u -0.9367887864679177 2.823831402482516 28.34000015258789 AB 2.7869572980454222 1.169189189503044
60998.1834 lsst_hardware_g 7.489968843408892 15.537724133076374 31.399999618530273 AB 6.061386798123026 1.1450081318768408
60998.2014 lsst_hardware_i 340.1161285701167 37.281653241870806 31.229999542236328 AB 6.191133715681175 1.1755317181674272
61000.1841 lsst_hardware_z 592.3023293014201 48.90262501939625 30.93000030517578 AB 3.6522738285109977 1.153653223009528
61000.205 lsst_hardware_r 135.1061310827087 27.63952588688571 31.469999313354492 AB 3.8293225932482473 1.197286897315956
61003.0591 lsst_hardware_r 375.73512674606803 39.17046568828048 32.220001220703125 AB 9.739191007794673 1.2938434604279525
61003.07 lsst_hardware_u 11.530254385215626 4.481323429993879 29.1200008392334 AB 9.375348058570921 1.2491581175925015
61005.1114 lsst_hardware_g 10.815077211636265 17.770973682348796 31.459999084472656 AB 4.149484931153472 1.1410132716279024
61005.1322 lsst_hardware_r 165.02397242574742 27.665122105866043 31.489999771118164 AB 5.868195516499834 1.1278845852900343
61007.0945 lsst_hardware_i 249.41747260260283 38.92192008681581 31.260000228881836 AB 4.498669212331541 1.1566684639179485
61007.1118 lsst_hardware_z 446.9402357027984 48.54772686001591 30.950000762939453 AB 4.387397363270399 1.1353568610205467
61010.1462 lsst_hardware_r 58.9236943054484 72.49960474491898 31.6299991607666 AB 9.25703253590403 1.1398882570993176
61010.1658 lsst_hardware_z 512.5095724225259 62.72520117622422 30.959999084472656 AB 9.569570851911143 1.169635875157139
61012.1466 lsst_hardware_z 316.6158974871462 83.32128140110282 30.979999542236328 AB 7.420860902497089 1.146844008733347
61012.1652 lsst_hardware_i 183.28024143050388 96.73334978343864 31.309999465942383 AB 7.634234152729504 1.1799992854714942
61014.1489 lsst_hardware_z 383.4864967700884 76.91976641375688 30.979999542236328 AB 2.853939532592456 1.1585681458429182
61014.1676 lsst_hardware_r 35.74391998521947 110.75835655538445 31.6200008392334 AB 2.912776111942651 1.199495996681943
61016.0762 lsst_hardware_r 158.28736950518305 25.90250620197822 31.479999542236328 AB 5.255532121707026 1.14730821845921
61016.0948 lsst_hardware_u 10.195563012192826 6.617230578400652 28.969999313354492 AB 6.367550027872492 1.130334324474241
61021.1199 lsst_hardware_i 160.62127162777085 34.05461941811015 31.229999542236328 AB 14.314634799615353 1.144133436320298
61021.1384 lsst_hardware_z 345.3908624700303 45.87154891393935 30.940000534057617 AB 13.926156137166748 1.1750956216801627
61023.1152 lsst_hardware_r 113.70776704111928 25.805702547428684 31.489999771118164 AB 8.462983349506287 1.1450777457641197
61023.1333 lsst_hardware_u 4.934881516271224 2.670577254646173 28.350000381469727 AB 8.366032736617896 1.1758716380221226
61025.1154 lsst_hardware_g 1.6294678848824524 14.74329622319394 31.389999389648438 AB 11.64368518674231 1.152969744533223
61025.1337 lsst_hardware_i 135.54967505144472 34.49165097089098 31.229999542236328 AB 12.129602834514419 1.1894727711171573
61027.0761 lsst_hardware_z 268.4636601669417 45.37169137714041 30.940000534057617 AB 4.517199651184872 1.1275381344611226
61027.0974 lsst_hardware_r 80.607100036228 25.61434604031592 31.479999542236328 AB 4.545297550035981 1.1375092930222659
61029.0425 lsst_hardware_y 91.11101689126772 53.11699994520707 30.020000457763672 AB 6.291619850867696 1.1449717653993583
61029.0617 lsst_hardware_u -0.8652609920600356 2.796020252582327 28.43000030517578 AB 5.773398816480184 1.129271162148056
61031.0442 lsst_hardware_z -69.07280745055925 46.310001373291016 30.950000762939453 AB 6.13842732306979 1.137166973521723
61031.0626 lsst_hardware_r 22.637875480172003 23.440000534057617 31.479999542236328 AB 6.1210444092093095 1.1276795153296444
61033.0435 lsst_hardware_y 39.119469564094764 54.41999816894531 30.020000457763672 AB 7.28051543799082 1.1332717435776714
61033.0622 lsst_hardware_z 18.74161511282341 43.209999084472656 30.950000762939453 AB 7.2242524760290685 1.1276735224562415
61035.0413 lsst_hardware_y 39.480009759580724 58.459999084472656 30.030000686645508 AB 10.585663349362855 1.1311886460101361
61035.0616 lsst_hardware_z -40.92458859820214 43.349998474121094 30.940000534057617 AB 10.868997703872287 1.128718802001489
61037.0406 lsst_hardware_y 80.14761512283127 61.5 30.030000686645508 AB 6.5398722682813455 1.1289916448868706
61037.0623 lsst_hardware_i 33.1449964407112 41.77000045776367 31.280000686645508 AB 7.050195720107904 1.1315315193838922
61039.0408 lsst_hardware_y 18.841199564701398 67.77999877929688 30.040000915527344 AB 11.712285959122152 1.1276722550604694
61039.0614 lsst_hardware_r 131.11235216468043 72.41000366210938 31.6299991607666 AB 9.417222133729881 1.1346962166115158
61262.4074 lsst_hardware_g 12.141841668454767 15.170000076293945 31.43000030517578 AB 5.93100396255055 1.1405776851058749
61262.4268 lsst_hardware_y -39.63709054812148 53.7400016784668 30.030000686645508 AB 5.605783939751831 1.1281134877917487
61265.4063 lsst_hardware_i 1.3605005194295705 31.950000762939453 31.239999771118164 AB 5.040968554674502 1.1340761652811029
61265.4257 lsst_hardware_z -13.657785164121476 48.310001373291016 30.959999084472656 AB 5.270091263808646 1.1276942789890112
61267.4042 lsst_hardware_r -50.9008057757553 33.709999084472656 32.2400016784668 AB 5.6012054642197455 1.1317853029338747
61267.4244 lsst_hardware_y -87.91145908711026 74.3499984741211 30.780000686645508 AB 5.949282752208361 1.1284678968528756
61273.3989 lsst_hardware_z 68.04017269848268 42.54999923706055 30.940000534057617 AB 1.2405366049849869 1.1277605499863517
61273.4169 lsst_hardware_y -9.93633056751235 49.58000183105469 30.020000457763672 AB 1.7046505825408622 1.1326581943793106
61275.3908 lsst_hardware_u -2.8038106044849385 3.940000057220459 29.200000762939453 AB 2.5845926471166623 1.1282325123826829
61275.411 lsst_hardware_y 91.271660893412 69.29000091552734 30.770000457763672 AB 2.5761405497120218 1.1323694724008888
61277.3948 lsst_hardware_r 33.00365449791147 40.790000915527344 31.59000015258789 AB 2.509689755502965 1.127950451911445
61277.4126 lsst_hardware_y -51.225109551511274 49.540000915527344 30.020000457763672 AB 2.51284696159303 1.1380647470982923
61279.318 lsst_hardware_i -197.74642459922654 66.97000122070312 31.299999237060547 AB 3.7104465749538234 1.2339021449202552
61279.3349 lsst_hardware_z -20.993444396671098 60.970001220703125 30.969999313354492 AB 3.2248417205015194 1.1852404485763623
61285.3287 lsst_hardware_r -48.487795799072316 69.98999786376953 31.6200008392334 AB 3.0291399631003006 1.1637483450361328
61285.3459 lsst_hardware_z -16.74230691641148 58.63999938964844 30.969999313354492 AB 2.4336784068530015 1.1392292132724893
61287.3173 lsst_hardware_z 54.25773493400325 46.720001220703125 30.950000762939453 AB 2.7292040846464944 1.175620971202453
61287.3357 lsst_hardware_r -11.667486468115445 37.470001220703125 31.56999969482422 AB 2.3051850372975764 1.144580455460564
61304.2658 lsst_hardware_z 55.18591241618181 46.86000061035156 30.940000534057617 AB 4.603200861176419 1.1872844778959626
61304.2851 lsst_hardware_r -18.349311389375735 35.75 31.56999969482422 AB 4.378377271066975 1.1501866736603261
61306.2593 lsst_hardware_i -39.708085322349554 49.540000915527344 31.280000686645508 AB 2.0586267820300854 1.189843049049274
61306.2768 lsst_hardware_z -86.9906715804751 51.150001525878906 30.959999084472656 AB 1.9981853123361122 1.154464311412294
61308.2549 lsst_hardware_r 15.058520265426196 89.73999786376953 31.6200008392334 AB 7.005674767793458 1.1872348144827214
61308.2735 lsst_hardware_z -6.60813485539284 64.20999908447266 30.969999313354492 AB 6.820711545112393 1.1511749443227668
61310.2503 lsst_hardware_z -41.754915011025716 82.33000183105469 30.979999542236328 AB 4.565845594966945 1.185164333541063
61310.2687 lsst_hardware_i 228.88911529078297 94.97000122070312 31.31999969482422 AB 4.417781544105007 1.1502143312922561
61318.2887 lsst_hardware_z -10.732771714774215 42.810001373291016 30.950000762939453 AB 7.501581447582895 1.1297278854822261
61318.3082 lsst_hardware_r -12.123915560393295 24.56999969482422 31.5 AB 7.92876079562161 1.1466584258997872
61320.2866 lsst_hardware_u -0.0189263052961674 2.690000057220459 28.3700008392334 AB 4.978279454391494 1.1314271487253393
61320.3034 lsst_hardware_r -42.667755129360025 23.81999969482422 31.489999771118164 AB 5.30085882504202 1.1475376298979694
61322.2838 lsst_hardware_i -24.50129067886905 31.59000015258789 31.25 AB 2.93479816031556 1.1331267028245406
61322.3011 lsst_hardware_z 37.62909643713557 42.7599983215332 30.950000762939453 AB 3.1128881137690976 1.152032609567592
61324.2167 lsst_hardware_z 9.652351479632873 43.04999923706055 30.940000534057617 AB 4.229036374098218 1.174732326138394
61324.2341 lsst_hardware_r -27.685695901981752 23.690000534057617 31.489999771118164 AB 4.1231329018145395 1.1453146949484831
61327.2124 lsst_hardware_u -2.2311425008269046 2.680000066757202 28.34000015258789 AB 7.351048314185984 1.166833065743807
61327.2294 lsst_hardware_g 6.454756183427505 14.720000267028809 31.40999984741211 AB 7.189419021407344 1.1411776224456103
61329.2576 lsst_hardware_r -0.11760332388326265 23.940000534057617 31.489999771118164 AB 8.22198852788229 1.1292906136639145
61329.2757 lsst_hardware_i 12.109306981062446 31.989999771118164 31.239999771118164 AB 8.332694904150472 1.143553737989527
61333.2496 lsst_hardware_z 80.25192560827055 45.33000183105469 30.959999084472656 AB 1.2582654855022453 1.130601709174717
61333.2668 lsst_hardware_r -50.01984135594991 31.040000915527344 31.559999465942383 AB 1.4222775039689173 1.1460737340603684
61338.2487 lsst_hardware_r -38.287055116168474 120.52999877929688 31.639999389648438 AB 5.1064973276056325 1.1407768249919499
61338.2665 lsst_hardware_z -49.23018075202769 83.33999633789062 30.979999542236328 AB 4.437171031894589 1.1676765873406814
61341.1818 lsst_hardware_y -169.47792332795063 83.91000366210938 30.780000686645508 AB 2.379855326080498 1.1535895909258462
61344.2152 lsst_hardware_r 30.234770842256516 36.22999954223633 31.579999923706055 AB 4.299795952756413 1.128777568486324
61344.2321 lsst_hardware_i -28.549947849906555 40.77000045776367 31.280000686645508 AB 4.348401448661689 1.1405393845804832
61351.1741 lsst_hardware_r 10.746145680174875 23.90999984741211 31.489999771118164 AB 6.147633500438367 1.132265125783115
61351.1801 lsst_hardware_u -0.055493097126612136 2.7300000190734863 28.40999984741211 AB 6.024357529402463 1.1292141573387935
61357.1988 lsst_hardware_z 87.31566443395124 42.70000076293945 30.940000534057617 AB 4.933233100442693 1.1430104495928388
61357.2162 lsst_hardware_r 3.8266178492924343 23.90999984741211 31.479999542236328 AB 7.821703920178094 1.1708115189808415
61364.182 lsst_hardware_i 14.236947592483281 52.58000183105469 31.299999237060547 AB 5.779333142363538 1.1458594558912574
61364.2017 lsst_hardware_z 76.08013703713087 54.400001525878906 30.959999084472656 AB 5.931898545967548 1.1807514605648173
61366.093 lsst_hardware_r 43.126707068215744 99.33000183105469 31.6200008392334 AB 4.562470929061304 1.1961907613881504
61366.1119 lsst_hardware_z 121.10653762801412 72.19999694824219 30.979999542236328 AB 4.4043117886190855 1.1561896539952725
61368.1152 lsst_hardware_z -125.98715891506257 123.79000091552734 31.739999771118164 AB 9.107898795102914 1.1437773194904484
61372.1052 lsst_hardware_r -2.983097614537491 23.75 31.479999542236328 AB 4.381424740992317 1.1426822761868167
61372.1266 lsst_hardware_u 1.038055356254522 2.690000057220459 28.3799991607666 AB 4.810346801943308 1.1280860196075768
61379.1513 lsst_hardware_r -4.474117523704313 23.790000915527344 31.479999542236328 AB 2.9601025192596166 1.1615837224040353
61379.17 lsst_hardware_u 1.521015596888143 2.700000047683716 28.360000610351562 AB 2.780987601668278 1.2042382801681344
61381.1474 lsst_hardware_g 11.85782182335801 14.40999984741211 31.40999984741211 AB 5.283608878313342 1.164431708719194
61381.1683 lsst_hardware_i 29.038857993599468 32.13999938964844 31.239999771118164 AB 4.879888001743734 1.2152124184637432
61383.0748 lsst_hardware_r -2.9400093695992235 23.93000030517578 31.489999771118164 AB 6.1243868774062316 1.1431071133091952
61383.0935 lsst_hardware_z 31.145381915557618 43.029998779296875 30.950000762939453 AB 6.968863915847222 1.1289266022757043
61385.0742 lsst_hardware_r -7.0710137102038075 23.700000762939453 31.489999771118164 AB 11.500410508422636 1.1379034144216715
61385.0938 lsst_hardware_u 0.8595207858726667 2.8299999237060547 28.489999771118164 AB 12.015412004018067 1.1276782734883217
61387.1155 lsst_hardware_g -9.879289029531607 14.550000190734863 31.40999984741211 AB 13.741640836626349 1.1414112967365568
61387.1334 lsst_hardware_r -22.283937569900587 23.8799991607666 31.489999771118164 AB 12.090577293399413 1.1690188342663197
61389.118 lsst_hardware_i 5.368658628097579 32.369998931884766 31.229999542236328 AB 8.95355363362831 1.1517669541688496
61389.1364 lsst_hardware_z 57.38886330591886 43.61000061035156 30.93000030517578 AB 9.35962503103828 1.1877321301614805
61392.0716 lsst_hardware_g 16.844792502089106 42.27000045776367 31.670000076293945 AB 4.535786102277681 1.1281646815763415
61392.089 lsst_hardware_i -37.72871395249445 44.0 31.290000915527344 AB 4.445158644434139 1.130843835768702
61396.0552 lsst_hardware_y -10.87960787584932 84.33999633789062 30.790000915527344 AB 6.17650494266187 1.1300551825325982
61405.0426 lsst_hardware_z -57.41059087083736 51.939998626708984 30.959999084472656 AB 8.477792617026335 1.1276159543816893
61405.0636 lsst_hardware_r -3.4775230152995174 23.8700008392334 31.489999771118164 AB 8.541238160259809 1.1385155003956424
