data/validation/pwv_sim_epoch_fit_4/19536137.ecsv
# %ECSV 0.9
# ---
# datatype:
# - {name: time, datatype: float64}
# - {name: band, datatype: string}
# - {name: flux, datatype: float64}
# - {name: fluxerr, datatype: float64}
# - {name: zp, datatype: float64}
# - {name: zpsys, datatype: string}
# - {name: pwv, datatype: float64}
# - {name: airmass, datatype: float64}
# meta: {SNID: '19536137', alt: 1024.0, c: -0.0527631975710392, dec: -17.426323, lat: -30.244573, lon: -70.7499537, ra: 164.53125, t0: 61902.9609375,
#   x0: 5.48858628254014e-06, x1: -0.7939086556434631, z: 0.5902418494224548}
# schema: astropy-2.0
time band flux fluxerr zp zpsys pwv airmass
[from data line 133]
62185.2635 lsst_hardware_z 17.337656619361333 41.290000915527344 30.950000762939453 AB 4.92078480139053 1.0328019312394858
62187.2246 lsst_hardware_i 9.764854739549012 30.889999389648438 31.260000228881836 AB 3.390478848026591 1.0274178327353307
62187.2414 lsst_hardware_u -1.2722969708673308 2.859999895095825 28.549999237060547 AB 3.3834781894129224 1.025296421034219
62191.2305 lsst_hardware_i -81.61819351261867 37.22999954223633 31.290000915527344 AB 8.553555250946058 1.0252988014319517
62191.2479 lsst_hardware_r -14.455037644469543 23.280000686645508 31.510000228881836 AB 8.683592963602564 1.0333919985246416
62195.2331 lsst_hardware_r -42.38067937397162 129.77999877929688 31.65999984741211 AB 5.437379875809413 1.030668938817397
62195.2505 lsst_hardware_i 89.49561579914872 104.98999786376953 31.34000015258789 AB 5.7451293433179496 1.0471392223308027
62197.2302 lsst_hardware_z 65.37827206411173 87.19999694824219 31.0 AB 3.439287849737527 1.0324057984002983
62197.2471 lsst_hardware_r 110.44935521996277 128.1999969482422 31.65999984741211 AB 3.4553491769177893 1.0498326443947101
62198.1943 lsst_hardware_z -26.55520500981369 93.3499984741211 31.739999771118164 AB 5.602850437838877 1.0275274747308931
62201.2073 lsst_hardware_g -9.811230442884135 36.4900016784668 31.690000534057617 AB 8.004801965509833 1.0262566622448503
62201.2247 lsst_hardware_r 14.281266917770337 38.88999938964844 31.610000610351562 AB 8.100601321413327 1.0368548495707817
62203.2046 lsst_hardware_i -13.091017109147863 31.8700008392334 31.260000228881836 AB 11.053243629914945 1.0272292586059826
62203.2245 lsst_hardware_r 26.97336487215889 26.06999969482422 31.530000686645508 AB 11.23205357986086 1.042192278225365
62205.2032 lsst_hardware_u 0.6797979290927048 2.690000057220459 28.40999984741211 AB 11.217641253624505 1.0291413994150922
62205.2214 lsst_hardware_g 24.393539906862596 14.6899995803833 31.440000534057617 AB 10.524435906995254 1.0449201655078661
62207.2085 lsst_hardware_r -44.46494993878073 23.389999389648438 31.510000228881836 AB 7.673958833225329 1.0370214639493687
62207.2264 lsst_hardware_i 70.86205690319632 31.06999969482422 31.25 AB 7.840845388272369 1.0595737011178876
62209.1924 lsst_hardware_z 28.97160143504005 41.15999984741211 30.950000762939453 AB 11.455329830265317 1.029206875880175
62209.2109 lsst_hardware_r -31.297149601645113 23.459999084472656 31.5 AB 11.650518413568115 1.0454286662241
62210.1864 lsst_hardware_u -3.127829007374298 2.7699999809265137 28.489999771118164 AB 10.406242357674893 1.0276078694214839
62210.2056 lsst_hardware_g 6.052565908757785 14.550000190734863 31.440000534057617 AB 10.597151944135126 1.042428259116524
62212.1929 lsst_hardware_r 37.71262165435758 23.489999771118164 31.510000228881836 AB 8.868616490614874 1.0352873447155448
62212.2116 lsst_hardware_z 38.83166248330916 41.77000045776367 30.950000762939453 AB 8.754512881995863 1.05775543792616
62215.1916 lsst_hardware_r -16.468471710469128 23.559999465942383 31.520000457763672 AB 5.480262402598079 1.0420400702135726
62215.21 lsst_hardware_u 1.7766656475482931 2.869999885559082 28.540000915527344 AB 5.239831564292794 1.0689170877790277
62217.1636 lsst_hardware_z -18.19455300538545 41.400001525878906 30.959999084472656 AB 5.129109994615203 1.0262496029242538
62217.1837 lsst_hardware_g 11.960457232488425 14.850000381469727 31.479999542236328 AB 4.988063171379653 1.039450517609722
62221.1739 lsst_hardware_r -8.711429339300048 59.810001373291016 31.649999618530273 AB 7.643651063302739 1.0406132324336639
62221.1922 lsst_hardware_z 43.46378711463749 53.18000030517578 30.979999542236328 AB 7.88363847939397 1.0663652751784078
62223.1541 lsst_hardware_z 86.86919747747926 111.62999725341797 31.75 AB 7.5821962983023035 1.0291642790203108
62225.1504 lsst_hardware_r 45.454816389725536 140.7899932861328 31.670000076293945 AB 6.558097828582558 1.0301755935567785
62225.168 lsst_hardware_z 115.2828966840637 93.0999984741211 31.010000228881836 AB 7.108069854628965 1.0463943845371722
62227.1481 lsst_hardware_r -70.04065093144453 79.36000061035156 31.65999984741211 AB 5.151003098506199 1.0322651500012423
62227.1652 lsst_hardware_y 73.63244762510764 52.970001220703125 30.049999237060547 AB 5.116935977906238 1.049843245364476
62231.1318 lsst_hardware_i 15.80391394561591 30.610000610351562 31.239999771118164 AB 7.234842258607776 1.0289187596683176
62231.1499 lsst_hardware_z 3.0750131169719905 42.75 30.950000762939453 AB 7.334015805620216 1.04431010356033
62233.1309 lsst_hardware_r -29.420326666917717 23.040000915527344 31.5 AB 10.510514241055908 1.031690041002772
62233.1494 lsst_hardware_u -3.44197181017869 2.7200000286102295 28.450000762939453 AB 10.63101452341399 1.050633929708854
62237.1224 lsst_hardware_z -3.7695883329473845 41.29999923706055 30.950000762939453 AB 4.069251085767757 1.0334605932107774
62237.1377 lsst_hardware_r 22.485153662445665 23.299999237060547 31.510000228881836 AB 3.0870763439396662 1.0495797174465504
62243.1026 lsst_hardware_g 0.6332112555990523 14.1899995803833 31.450000762939453 AB 14.67969343277353 1.031022154289474
62243.1215 lsst_hardware_r -11.591169835664315 23.030000686645508 31.510000228881836 AB 14.945834044770372 1.0498250303635284
62245.0964 lsst_hardware_i 31.642586883335202 30.639999389648438 31.270000457763672 AB 9.33677479962623 1.030549094881453
62245.1146 lsst_hardware_z -69.01943868030541 41.36000061035156 30.959999084472656 AB 9.576740016635696 1.047926687636241
62247.098 lsst_hardware_r -2.921264173343768 27.799999237060547 31.549999237060547 AB 7.251023019212669 1.0358604313160955
62247.1172 lsst_hardware_z 33.642943079992826 42.59000015258789 30.950000762939453 AB 7.417182894329866 1.059597556332838
62251.0981 lsst_hardware_z 85.52850543579255 67.9800033569336 30.989999771118164 AB 14.1842645045738 1.047775771344325
62251.1172 lsst_hardware_r 25.69969733554817 92.29000091552734 31.649999618530273 AB 14.396566881791594 1.079607565188721
62253.0912 lsst_hardware_y -47.603659230102686 87.55000305175781 30.809999465942383 AB 4.6631647841665655 1.0459630537019156
62255.0789 lsst_hardware_r -208.29648083909808 94.01000213623047 31.65999984741211 AB 8.797738584464422 1.0384079849468177
62255.0972 lsst_hardware_i 56.50443850365082 74.29000091552734 31.329999923706055 AB 9.355210690910425 1.0626292362316203
62258.0771 lsst_hardware_z -4.31454989555818 45.560001373291016 30.959999084472656 AB 8.781487015367954 1.0454151208771374
62258.0972 lsst_hardware_r -4.297967040742047 45.06999969482422 31.6200008392334 AB 9.679498781238832 1.0777951691088674
62260.0594 lsst_hardware_r 23.736746025247523 22.899999618530273 31.510000228881836 AB 11.285085004306811 1.0333065258490963
62260.0768 lsst_hardware_u 3.613881575722739 2.759999990463257 28.489999771118164 AB 11.533822071061183 1.0521960229035592
62262.0546 lsst_hardware_g -7.304738378305884 14.109999656677246 31.43000030517578 AB 3.735455744140471 1.0338215579161338
62262.0741 lsst_hardware_i 13.821571724790719 30.649999618530273 31.25 AB 3.8107629783379733 1.0562469566234356
62263.0522 lsst_hardware_z 57.5545801460321 41.150001525878906 30.950000762939453 AB 6.4268380685570285 1.03408496678311
62263.0709 lsst_hardware_r 5.47387670332163 23.1200008392334 31.5 AB 6.678911149441849 1.0555371235783246
62265.0474 lsst_hardware_u 2.498626526426951 2.75 28.479999542236328 AB 9.218926972390001 1.0346235554704761
62265.0645 lsst_hardware_g 0.9738152343310679 14.270000457763672 31.440000534057617 AB 9.406825443792195 1.05414352588161
62267.0507 lsst_hardware_r 29.718331037708193 23.25 31.510000228881836 AB 7.99832209169953 1.043259403265156
62267.069 lsst_hardware_i 41.623380708437665 31.25 31.25 AB 8.229945342070684 1.0707360991472674
62269.0075 lsst_hardware_z -4.103369328352199 40.959999084472656 30.950000762939453 AB 7.278827367887032 1.0253795127564376
62269.026 lsst_hardware_r 57.99885146057341 22.899999618530273 31.510000228881836 AB 7.286021216683006 1.0279133602976331
62270.9918 lsst_hardware_u -1.6526482043043673 2.7699999809265137 28.510000228881836 AB 6.7309900698534015 1.0290460281078757
62271.0125 lsst_hardware_r 28.298213788332536 22.780000686645508 31.510000228881836 AB 6.049650882064113 1.025364556282053
62275.9696 lsst_hardware_y -98.55197061944747 47.86000061035156 30.049999237060547 AB 7.813276955790385 1.0349168116637006
62275.9901 lsst_hardware_i -0.787546449183265 33.459999084472656 31.270000457763672 AB 7.712998477723503 1.0251194149021137
62277.9668 lsst_hardware_y -92.67642383260204 51.0099983215332 30.049999237060547 AB 5.7042147732908095 1.0328109312495837
62277.9853 lsst_hardware_r 34.4679078791461 51.63999938964844 31.639999389648438 AB 5.5116736082535285 1.0250462354943077
62280.9731 lsst_hardware_y -4.783932339333549 76.93000030517578 30.809999465942383 AB 4.801658538555471 1.0257214501587122
62283.9671 lsst_hardware_z -64.42905975522133 58.09000015258789 30.979999542236328 AB 6.602571664057207 1.0252838486054656
62283.9863 lsst_hardware_i 31.438856454425853 62.810001373291016 31.329999923706055 AB 6.611298181899941 1.0285155852364314
62286.9522 lsst_hardware_y -79.70458937978017 67.5199966430664 30.06999969482422 AB 9.855464827547689 1.0271458913546203
62286.974 lsst_hardware_r 7.317166761111491 23.3700008392334 31.510000228881836 AB 9.325409965101695 1.026754255761789
62289.9505 lsst_hardware_y -68.951647639795 68.37000274658203 30.06999969482422 AB 9.740538652579827 1.0253198581662977
62289.9725 lsst_hardware_z 9.387073987589941 41.279998779296875 30.950000762939453 AB 9.473936551991594 1.0299249766623708
