data/validation/pwv_sim_epoch_fit_4/19710085.ecsv
# %ECSV 0.9
# ---
# datatype:
# - {name: time, datatype: float64}
# - {name: band, datatype: string}
# - {name: flux, datatype: float64}
# - {name: fluxerr, datatype: float64}
# - {name: zp, datatype: float64}
# - {name: zpsys, datatype: string}
# - {name: pwv, datatype: float64}
# - {name: airmass, datatype: float64}
# meta: {SNID: '19710085', alt: 1024.0, c: -0.05915810540318489, dec: -58.540249, lat: -30.244573, lon: -70.7499537, ra: 350.735291, t0: 61610.22265625,
#   x0: 3.699878712254272e-06, x1: 0.3849557340145111, z: 0.6936222910881042}
# schema: astropy-2.0
time band flux fluxerr zp zpsys pwv airmass
61572.4144 lsst_hardware_z -69.47362496068315 60.439998626708984 31.690000534057617 AB 7.980665123143665 1.1400950175919522
61574.4309 lsst_hardware_z 21.190935199599714 59.849998474121094 30.969999313354492 AB 5.556825137899377 1.134045946510077
61576.4143 lsst_hardware_i 8.770483107744278 72.6206110033309 31.31999969482422 AB 4.333209445032436 1.1357106768677347
61576.428 lsst_hardware_y 24.416210508937823 55.88031797056992 30.030000686645508 AB 4.096443101652128 1.1340681313114693
61578.4261 lsst_hardware_i 13.28074952995883 61.12811215059003 31.299999237060547 AB 1.8196886475861076 1.1343513647290753
61578.4391 lsst_hardware_y 235.12250664673374 61.0502369849301 30.020000457763672 AB 1.8369259970737981 1.1378851933143495
61580.4194 lsst_hardware_z 34.574063690886376 51.98592956357987 30.959999084472656 AB 4.450674301347001 1.1342187312301824
61580.4339 lsst_hardware_y 45.29579371769561 54.4210197078351 30.020000457763672 AB 4.56563787681508 1.1379954827555037
61582.4328 lsst_hardware_i 76.42188147925032 40.77534888607526 31.270000457763672 AB 6.671621838073884 1.1400908840091344
61582.4451 lsst_hardware_y 125.80837921451122 73.49929724241434 30.030000686645508 AB 6.705343953927552 1.1484375349270757
61587.4271 lsst_hardware_g 52.983347552821755 15.503433422797903 31.3700008392334 AB 10.70525967124173 1.1450700258040143
61587.4379 lsst_hardware_r 186.42240010008743 28.877648141264828 31.489999771118164 AB 10.81095719668875 1.154276873445333
61591.4227 lsst_hardware_i 489.04863325905455 37.09507002599803 31.219999313354492 AB 6.065744530497767 1.150285787796476
61591.435 lsst_hardware_u 12.304802155319999 4.58387893671072 28.639999389648438 AB 6.161469257225448 1.1629802297518437
61593.4166 lsst_hardware_g 136.92993787665253 17.630953173087036 31.3700008392334 AB 1.6753445860322174 1.1497274981348857
61593.4281 lsst_hardware_r 544.6288811993467 32.75466768933987 31.469999313354492 AB 1.99791485072459 1.1612970796171025
61598.3146 lsst_hardware_i 946.0505932210698 42.53216064145351 31.229999542236328 AB 8.928990531199217 1.1654743718321705
61598.327 lsst_hardware_z 553.9700838762135 48.2611362969061 30.93000030517578 AB 8.891928169767684 1.15205288314848
61600.3261 lsst_hardware_r 1140.8200232857382 52.26357551424106 31.579999923706055 AB 6.996101926560841 1.1480782648714642
61600.338 lsst_hardware_g 383.17739222213464 35.08216865932565 31.610000610351562 AB 6.498400604378821 1.1400702814699686
61607.1634 lsst_hardware_i 2367.4964675739798 119.66205310378687 31.979999542236328 AB 9.454768133323839 1.6003557035034366
61607.1776 lsst_hardware_z 744.7806715509346 75.20820426821217 30.920000076293945 AB 9.393578280130715 1.5138724061451596
61608.4071 lsst_hardware_z 775.7682214389343 63.084707041352324 30.959999084472656 AB 6.348961734326351 1.1894453157840572
61608.4192 lsst_hardware_r 1410.6076391076992 78.43799780301504 31.610000610351562 AB 6.059299767249123 1.2118599534498247
61611.3999 lsst_hardware_i 1288.783837218036 53.082486609523215 31.260000228881836 AB 7.347441301828308 1.1911228502599187
61611.412 lsst_hardware_r 1251.2324958750366 53.170026800668445 31.56999969482422 AB 7.569780553478055 1.213883988691157
61612.3965 lsst_hardware_z 800.8342139294667 52.87709991802331 30.940000534057617 AB 7.983313929116204 1.1899853071162592
61612.4083 lsst_hardware_g 164.7630767622007 33.58824161579146 31.579999923706055 AB 8.211137415954738 1.2119014696692314
61617.3444 lsst_hardware_r 905.7102345635158 37.28552139745322 31.469999313354492 AB 4.477285912538997 1.1445004888903367
61617.3566 lsst_hardware_g 169.367934083083 17.74475481680167 31.360000610351562 AB 4.521322439688717 1.1548716321043977
61619.3471 lsst_hardware_r 805.0983169879917 36.39215734457543 31.469999313354492 AB 1.6427181819324717 1.1510345780211175
61619.3593 lsst_hardware_i 1072.4409924055108 44.61938892409437 31.229999542236328 AB 1.6645229012063203 1.1638663800533646
61624.3375 lsst_hardware_u 0.44870934500106546 2.5830028163349423 28.31999969482422 AB 4.966001430489242 1.1548840536021494
61624.3497 lsst_hardware_g 101.32684561955458 16.072385147354233 31.360000610351562 AB 5.019138725674767 1.1689632929915614
61626.3399 lsst_hardware_r 518.3564625670606 33.001746395152615 31.469999313354492 AB 5.726268629070259 1.1635210056020033
61626.3512 lsst_hardware_i 801.4967966386366 41.91239174194007 31.229999542236328 AB 5.823089470854426 1.1787232827882512
61629.3825 lsst_hardware_r 462.19415272784994 31.7897704622644 31.459999084472656 AB 3.6668754069957528 1.2603833892056897
61629.394 lsst_hardware_i 633.8663012476062 41.41921861723753 31.219999313354492 AB 3.907851984808829 1.293669447921486
61631.3347 lsst_hardware_i 645.749931018771 65.19759750111301 31.299999237060547 AB 4.111009266815223 1.1745740762329209
61631.345 lsst_hardware_z 502.86523856719305 62.48534202061237 30.959999084472656 AB 4.167164830885165 1.190618523110047
61649.315 lsst_hardware_z 187.63634616352897 46.22920153104837 30.93000030517578 AB 1.961873370152133 1.2284742455554996
61649.3271 lsst_hardware_i 242.75365726445222 34.96220734121112 31.219999313354492 AB 1.9669726100920395 1.258258506375845
61651.3016 lsst_hardware_r 95.99652032214182 25.129200646271308 31.459999084472656 AB 1.9122875759790496 1.2114587114216342
61651.3138 lsst_hardware_u -3.537762634084565 2.594197884462855 28.25 AB 1.9430773724730273 1.2384177007476271
61653.2392 lsst_hardware_r 102.32169083448898 24.524108320563833 31.459999084472656 AB 2.05317979091248 1.1402331308288487
61653.2524 lsst_hardware_u 0.5255013120045723 2.646294049704044 28.31999969482422 AB 2.6683479194990385 1.14940681434376
61655.2762 lsst_hardware_r 92.20028176100536 24.602126670101544 31.469999313354492 AB 2.3471206961244344 1.1852149618537795
61655.2874 lsst_hardware_i 165.40261079015582 33.95648511349517 31.229999542236328 AB 2.3445055218839133 1.204988275766959
61672.222 lsst_hardware_z 77.18350435986034 44.153691991906996 30.93000030517578 AB 4.467233757982875 1.173529008226547
61672.2343 lsst_hardware_r 62.984170491649955 23.682750247792313 31.459999084472656 AB 4.57984728963388 1.192772104253984
61680.184 lsst_hardware_r 57.762742874890954 23.32978379965821 31.469999313354492 AB 5.225594024944965 1.1543172133742972
61680.1957 lsst_hardware_i 58.19665436892055 32.24611993170701 31.229999542236328 AB 5.302298029674489 1.1675641580315632
61682.183 lsst_hardware_z 67.44601196982333 43.750415420651734 30.940000534057617 AB 2.5645874068864134 1.1589609430834134
61682.1951 lsst_hardware_u 2.0266420056589936 2.5867369387990755 28.290000915527344 AB 2.6284286205315177 1.1741045058954471
61686.183 lsst_hardware_i 72.33556337328596 40.60039558617853 31.260000228881836 AB 4.849121831735486 1.1724654841995936
61686.1943 lsst_hardware_z 141.796867697826 48.036865564810945 30.940000534057617 AB 4.809569009158148 1.189751146359772
61688.1374 lsst_hardware_i 151.58789906647067 50.70221330920792 31.290000915527344 AB 3.5647830351950986 1.1373639738995758
61688.1498 lsst_hardware_z 19.718030993198575 52.86090773599537 30.959999084472656 AB 3.619113907819071 1.1440220982516425
61689.1749 lsst_hardware_z 36.91729599846107 55.47328827171335 30.950000762939453 AB 4.5463419326742605 1.1725938871189021
61689.1867 lsst_hardware_r 56.58053408117226 63.72918192426242 31.600000381469727 AB 4.582420056025312 1.1907544537095434
61694.1661 lsst_hardware_z 178.80084651491723 85.85250620209999 31.719999313354492 AB 9.31056278252958 1.1796099180736697
61696.1582 lsst_hardware_g 42.54099982249062 65.87000274658203 31.670000076293945 AB 7.208151359401834 1.1760090318798255
61696.1694 lsst_hardware_r -52.42275923604468 60.599998474121094 31.600000381469727 AB 6.938897972565264 1.193891598858442
61698.1594 lsst_hardware_i 37.347758558075306 38.779998779296875 31.260000228881836 AB 4.007877105026797 1.186230398093961
61698.1696 lsst_hardware_z -22.907964696598647 47.119998931884766 30.940000534057617 AB 2.663740362707907 1.2042679558638771
61700.1625 lsst_hardware_i 33.27923893158998 31.68000030517578 31.229999542236328 AB 4.564448741863522 1.2011707215430323
61700.1732 lsst_hardware_u -2.8106893004783187 2.5799999237060547 28.299999237060547 AB 3.443508418033946 1.2228367961768276
61705.1393 lsst_hardware_r 8.98489568398793 22.639999389648438 31.459999084472656 AB 4.319023087706689 1.1846463326281205
61705.1503 lsst_hardware_i -3.5646631498809755 31.540000915527344 31.219999313354492 AB 4.258857447667736 1.2039172996940597
61709.1432 lsst_hardware_g 5.270351524275275 13.319999694824219 31.34000015258789 AB 4.504106008514075 1.2114324928762978
61709.1534 lsst_hardware_r -47.621713790394544 22.829999923706055 31.450000762939453 AB 4.520678595314588 1.2336413140438867
61711.1473 lsst_hardware_i 44.22153424191013 31.3799991607666 31.209999084472656 AB 4.805411589907065 1.2321568179248885
61711.1585 lsst_hardware_z 52.66130826979002 43.619998931884766 30.920000076293945 AB 4.914555803852541 1.260142513808344
61720.0469 lsst_hardware_i -43.424123597019836 53.279998779296875 31.299999237060547 AB 3.9648553226571726 1.1362787512391592
61720.0589 lsst_hardware_z 14.431746665117439 53.5099983215332 30.959999084472656 AB 3.9323011567011243 1.1417831465450419
61947.4111 lsst_hardware_r 36.80411671983779 22.079999923706055 31.459999084472656 AB 6.123456288097199 1.1339733866846664
61947.4255 lsst_hardware_y -30.770836157856927 48.38999938964844 30.010000228881836 AB 6.607184945864347 1.1365244595965163
61950.1976 lsst_hardware_z 2.0875242862497183 49.400001525878906 30.8700008392334 AB 10.548789709722703 1.8046515242454442
61950.2592 lsst_hardware_u 3.4615410356443275 2.319999933242798 28.020000457763672 AB 3.631208233772778 1.4093569702201132
61950.291 lsst_hardware_r -6.824647407985186 22.860000610351562 31.43000030517578 AB 3.4846323320395793 1.290843612535499
61958.4401 lsst_hardware_y -22.018561616877363 64.77999877929688 30.010000228881836 AB 1.9931252001984863 1.175885073863593
61960.3737 lsst_hardware_i 62.017974700993186 74.80000305175781 31.31999969482422 AB 2.4350627752167764 1.1339938412995558
61960.3863 lsst_hardware_z 8.841166036690845 66.58999633789062 30.979999542236328 AB 2.355586668915953 1.1354048854029337
61962.3501 lsst_hardware_z 90.9060847182822 56.880001068115234 30.959999084472656 AB 10.680678034200733 1.1384223016628368
61962.3608 lsst_hardware_r 85.25296417271011 70.38999938964844 31.6200008392334 AB 10.663101087236585 1.1348855692453124
61964.3774 lsst_hardware_r -21.29298780372087 50.5099983215332 31.610000610351562 AB 6.953862429251781 1.1359736060200574
61964.3901 lsst_hardware_i 40.010139242885494 45.83000183105469 31.290000915527344 AB 7.0079715169855 1.1417353400106713
61965.3265 lsst_hardware_z 2.44947175336809 46.7400016784668 30.940000534057617 AB 6.946112947629354 1.148260188887772
61965.3396 lsst_hardware_i 22.051690526484975 40.709999084472656 31.270000457763672 AB 6.495366331181805 1.1395379528389131
61974.4013 lsst_hardware_r 25.283892723260013 22.389999389648438 31.450000762939453 AB 6.071268325123259 1.1832524508133424
61974.4133 lsst_hardware_u 1.806891027955318 2.4600000381469727 28.219999313354492 AB 6.1542421524457955 1.2041759335607878
61976.4081 lsst_hardware_g 19.146585991285257 13.3100004196167 31.329999923706055 AB 7.525001241323585 1.2046748165090186
61976.4198 lsst_hardware_r -8.792814141846481 22.90999984741211 31.450000762939453 AB 7.544329772837312 1.2292187002585628
61978.3421 lsst_hardware_g -1.3894094180623686 13.180000305175781 31.34000015258789 AB 2.8725416874638334 1.13696484760087
61978.3548 lsst_hardware_r 8.975363269498933 22.350000381469727 31.450000762939453 AB 2.9081746495127847 1.143599940822959
61981.4033 lsst_hardware_r 4.150747796014946 22.610000610351562 31.450000762939453 AB 5.841688129525689 1.2228566516233452
61981.4149 lsst_hardware_i -24.479231385933378 31.600000381469727 31.219999313354492 AB 5.934610706894211 1.2503788689795545
61990.3445 lsst_hardware_z -51.1341175067117 63.52000045776367 30.969999313354492 AB 2.872597831268686 1.1648815211957364
61990.3557 lsst_hardware_r -1.9324049009065425 87.52999877929688 31.6200008392334 AB 2.971946984959165 1.1802807724225168
61992.3391 lsst_hardware_z 20.399942171982055 53.689998626708984 30.959999084472656 AB 5.949626527452288 1.1649564065109073
61992.3502 lsst_hardware_r 62.90043675119534 62.2599983215332 31.610000610351562 AB 6.028863836407207 1.1802209829994783
61995.2824 lsst_hardware_r 4.968086683200915 36.75 31.56999969482422 AB 3.8558276963048996 1.1340669695014411
61995.2945 lsst_hardware_z -39.091403028316286 45.310001373291016 30.950000762939453 AB 4.193088165888679 1.1365435939344088
62002.0553 lsst_hardware_g -10.709656191326632 13.489999771118164 31.170000076293945 AB 3.869379168030397 1.807698747035925
62006.1116 lsst_hardware_i 20.35684311041573 33.290000915527344 31.200000762939453 AB 3.9667210586168475 1.3865613953801972
62006.1174 lsst_hardware_u 2.2823023308058255 2.559999942779541 28.229999542236328 AB 3.8840959488205096 1.363039958644425
62011.3071 lsst_hardware_g 12.577408932702404 13.350000381469727 31.350000381469727 AB 8.34748942510643 1.1946460077195573
62011.3179 lsst_hardware_r 10.891670031874158 22.75 31.459999084472656 AB 8.487359780750225 1.2154027228454463
62013.2762 lsst_hardware_r -18.190445801324945 55.349998474121094 31.600000381469727 AB 5.723739846924289 1.1585149891728619
62013.2874 lsst_hardware_i 36.612080503707574 49.20000076293945 31.280000686645508 AB 5.720760782319368 1.1723070644620368
62016.2373 lsst_hardware_r 126.81614294168315 94.13999938964844 31.6299991607666 AB 0.8918527685118669 1.1366008094883606
62016.2502 lsst_hardware_i 136.0349726779184 74.7300033569336 31.309999465942383 AB 1.4093798610054784 1.1430493601017668
62017.0528 lsst_hardware_r -92.42595115478915 107.91000366210938 31.540000915527344 AB 2.289832169195811 1.5289331198725644
62017.0599 lsst_hardware_i -34.74521319848461 84.80999755859375 31.260000228881836 AB 2.321019599481287 1.4894243419131254
62021.0505 lsst_hardware_z -37.3364586634296 75.51000213623047 31.65999984741211 AB 3.3871334471332317 1.4813616650484287
62031.2755 lsst_hardware_i 80.10432731210506 31.700000762939453 31.219999313354492 AB 2.005796269905466 1.2431337278620798
62031.2875 lsst_hardware_z 52.70637089420158 44.130001068115234 30.920000076293945 AB 2.040250025682267 1.2751562660514166
62033.2255 lsst_hardware_r 37.05131551527938 22.440000534057617 31.469999313354492 AB 6.760941627827408 1.1629726718547189
62033.2382 lsst_hardware_z 33.626110781405096 43.119998931884766 30.940000534057617 AB 6.876350029519045 1.1801516068969033
62035.2213 lsst_hardware_r -14.174658836925635 22.530000686645508 31.479999542236328 AB 2.457077748307859 1.1644918238420732
62035.2335 lsst_hardware_u 0.8310671059444446 2.700000047683716 28.420000076293945 AB 2.4766340656890224 1.1813184191218804
62037.2264 lsst_hardware_g -30.627869723991303 13.239999771118164 31.360000610351562 AB 4.47169192586438 1.1788291544457943
62037.2379 lsst_hardware_r 13.353624114154705 22.600000381469727 31.459999084472656 AB 4.5926166079864235 1.1978655732880603
62039.2649 lsst_hardware_z 6.208995169432746 44.279998779296875 30.920000076293945 AB 4.046213688555002 1.2729947108872115
62041.2448 lsst_hardware_r -101.72372390688004 40.90999984741211 31.559999465942383 AB 4.564188307641854 1.234955122698863
62041.2569 lsst_hardware_z 90.36531889197727 48.630001068115234 30.940000534057617 AB 4.230545681097922 1.2658724359957878
62043.1784 lsst_hardware_i 12.800666133404357 55.529998779296875 31.299999237060547 AB 4.832177674953036 1.1443652601968863
62046.0059 lsst_hardware_y 27.04218490813371 56.97999954223633 29.940000534057617 AB 2.817590958808757 1.3721477012176893
62046.0114 lsst_hardware_r 25.286289946262354 90.27999877929688 31.579999923706055 AB 2.8247375926501057 1.350687404837007
62052.1354 lsst_hardware_z -25.44893772476909 46.29999923706055 30.959999084472656 AB 3.99382255570482 1.135522690339237
62052.1476 lsst_hardware_r 13.935606281345965 40.040000915527344 31.59000015258789 AB 4.012993036556638 1.1404868425227277
62054.2239 lsst_hardware_g -6.091451872905308 26.709999084472656 31.549999237060547 AB 4.582380005825841 1.2728833349516224
62054.235 lsst_hardware_i 15.748469008760193 37.9900016784668 31.239999771118164 AB 4.70437817620971 1.3067717156138083
62057.158 lsst_hardware_i -28.46095992987839 30.950000762939453 31.229999542236328 AB 9.663619307678236 1.1607021629112666
62057.1696 lsst_hardware_r -3.0772737047685923 22.459999084472656 31.469999313354492 AB 9.580194465291104 1.175628232334164
62059.1619 lsst_hardware_u 1.7413643541416264 2.559999942779541 28.31999969482422 AB 9.235196830164144 1.172475264091858
62059.1731 lsst_hardware_g 7.807313098107834 13.220000267028809 31.350000381469727 AB 9.01276676412904 1.1896078883522905
62064.1634 lsst_hardware_r 8.865961858785987 22.649999618530273 31.469999313354492 AB 3.214154830948486 1.1964839921634767
62064.1745 lsst_hardware_i -4.910153266871165 31.6299991607666 31.229999542236328 AB 3.056859086761152 1.2181957040757097
62065.1602 lsst_hardware_z -1.5021466703652637 43.279998779296875 30.93000030517578 AB 4.511469522771798 1.1956455370760404
62065.1705 lsst_hardware_r -29.388724396821313 22.670000076293945 31.450000762939453 AB 3.478233569304658 1.2155280689514794
62067.1621 lsst_hardware_u -4.629666781123156 2.6600000858306885 28.329999923706055 AB 3.4607908644687067 1.2095380915574334
62067.1732 lsst_hardware_g 6.811182901789443 13.630000114440918 31.350000381469727 AB 2.8593738804406374 1.23355214859389
62070.1441 lsst_hardware_g 7.520141594781355 38.939998626708984 31.6299991607666 AB 4.437872749462548 1.1913752347550464
62070.1553 lsst_hardware_r -29.977159421698403 42.27000045776367 31.56999969482422 AB 4.284629597163428 1.2123450876199278
62077.1462 lsst_hardware_z -53.481689062806915 85.97000122070312 31.709999084472656 AB 4.838055360696604 1.234276512710436
62079.1475 lsst_hardware_r 79.98252409350705 72.0199966430664 31.600000381469727 AB 4.62409574099401 1.2508825268694346
62079.1595 lsst_hardware_i 40.04261983039158 58.900001525878906 31.280000686645508 AB 4.601651144872228 1.2841817148478782
62081.0883 lsst_hardware_r -45.46770075157599 22.3799991607666 31.459999084472656 AB 5.310237527708188 1.1562007898627982
62081.1001 lsst_hardware_i -66.554084700986 30.969999313354492 31.229999542236328 AB 5.340559375506277 1.1701488552817778
62083.0453 lsst_hardware_z -9.403419152935871 42.25 30.950000762939453 AB 7.327574422986225 1.1344457886186905
62083.0561 lsst_hardware_i -5.357648361288515 31.0 31.25 AB 7.078683658115797 1.1372901847287396
62086.0467 lsst_hardware_u -0.21612092337818037 2.549999952316284 28.309999465942383 AB 5.088300674685781 1.136838728285914
62086.058 lsst_hardware_g 17.917006932808153 13.359999656677246 31.360000610351562 AB 5.218463100534767 1.142416440872338
