data/validation/pwv_sim_epoch_fit_4/19723075.ecsv
# %ECSV 0.9
# ---
# datatype:
# - {name: time, datatype: float64}
# - {name: band, datatype: string}
# - {name: flux, datatype: float64}
# - {name: fluxerr, datatype: float64}
# - {name: zp, datatype: float64}
# - {name: zpsys, datatype: string}
# - {name: pwv, datatype: float64}
# - {name: airmass, datatype: float64}
# meta: {SNID: '19723075', alt: 1024.0, c: -0.023333517834544182, dec: -57.970295, lat: -30.244573, lon: -70.7499537, ra: 49.16185, t0: 62361.625,
#   x0: 1.1927132166004902e-05, x1: 0.22632645070552826, z: 0.4273347854614258}
# schema: astropy-2.0
time band flux fluxerr zp zpsys pwv airmass
62367.4268 lsst_hardware_i 3010.5018562003415 69.32955421528774 31.280000686645508 AB 2.5523966918180654 1.1287547559173312
62369.4206 lsst_hardware_z 2123.194559213264 64.49719219422046 30.950000762939453 AB 1.7205849773327215 1.1286841812711232
62375.3631 lsst_hardware_z 1626.7843608263436 65.690905210481 30.959999084472656 AB 3.1480267678307223 1.1449451783345053
62375.374 lsst_hardware_y 517.1039119593314 54.75561156264667 30.010000228881836 AB 3.109146407583889 1.136730147187979
62378.3858 lsst_hardware_r 2409.273501592299 63.44245742464513 31.579999923706055 AB 2.8033542902236186 1.1290190455995242
62382.4036 lsst_hardware_z 1336.0783132164006 56.30434968381755 30.940000534057617 AB 1.3579104694245832 1.134270195816163
62382.4157 lsst_hardware_u 9.31490001306715 11.049473429914745 29.18000030517578 AB 1.3380209709318092 1.1423058943640942
62385.4065 lsst_hardware_g 326.9165886815017 23.417419365780123 31.43000030517578 AB 0.8384317672453201 1.1415000234789927
62387.4055 lsst_hardware_i 1387.4424279277341 50.39252816194747 31.25 AB 2.6178438106616064 1.1452470188822195
62389.3997 lsst_hardware_i 1305.4725392345283 48.066058747165634 31.229999542236328 AB 2.6261217287250314 1.1449448025249795
62389.4108 lsst_hardware_u -4.143882320726364 12.132239540653314 29.219999313354492 AB 2.649707720480518 1.1563201922236608
62390.3937 lsst_hardware_g 228.47084940735985 19.07135548113772 31.360000610351562 AB 2.8321251073255636 1.1421778285298863
62390.4056 lsst_hardware_r 928.1332564909542 40.22646425683807 31.5 AB 2.8567906412943618 1.1535209023026463
62393.3931 lsst_hardware_i 1116.7805071754344 46.45260436433628 31.239999771118164 AB 1.4057139015055227 1.1490066629022342
62393.4047 lsst_hardware_r 739.6290951309132 40.07197193138788 31.520000457763672 AB 1.3987516976465812 1.1622365580777576
62399.3832 lsst_hardware_i 956.3081647990316 43.39059955382827 31.229999542236328 AB 6.698490275681167 1.1559750820891899
62399.3945 lsst_hardware_z 819.2852052585224 53.81905974520242 30.940000534057617 AB 6.658228784451721 1.170711895050707
62404.2975 lsst_hardware_i 824.7194007537679 62.44266044560754 31.299999237060547 AB 7.034989947201773 1.1351640405339247
62409.176 lsst_hardware_z 612.8734171683905 51.006254248233574 30.90999984741211 AB 5.716631066248714 1.3572785563488694
62409.1905 lsst_hardware_r 296.9007039017967 28.92167028448853 31.43000030517578 AB 5.488046932732651 1.3047879696627938
62413.3288 lsst_hardware_u 3.931998281529225 3.052732796108019 28.350000381469727 AB 3.0463871596702035 1.1405418044441045
62413.3406 lsst_hardware_g 51.65248600365058 15.749931268385831 31.350000381469727 AB 2.7073320519953525 1.151158125715448
62414.3505 lsst_hardware_r 309.52513648326664 27.773546660113098 31.459999084472656 AB 8.86473198699585 1.1664121035520856
62414.3628 lsst_hardware_i 447.383300346957 38.259065254814445 31.219999313354492 AB 9.008524985292985 1.1853322349069717
62416.3463 lsst_hardware_z 464.2255250939416 47.50364302556104 30.93000030517578 AB 4.205388624250461 1.1681635067362393
62416.358 lsst_hardware_u 2.2217518003551033 2.782683291745362 28.290000915527344 AB 4.2712818459806385 1.1864671794390662
62420.343 lsst_hardware_i 428.4862563710668 37.03726516336572 31.219999313354492 AB 5.1654394817979625 1.1796607437734428
62420.3544 lsst_hardware_z 382.45818784980713 47.12869625758893 30.93000030517578 AB 5.261465476196707 1.1998781017551503
62422.2761 lsst_hardware_z 441.39724996176733 46.136634213487234 30.940000534057617 AB 6.316139065274435 1.1287217987087599
62422.2896 lsst_hardware_i 443.10142391969646 36.61231948934483 31.229999542236328 AB 6.311854152592518 1.1320696175396436
62423.2471 lsst_hardware_r 247.46126574693545 26.949594397383457 31.459999084472656 AB 7.146597205731475 1.134380508846266
62423.2596 lsst_hardware_u 7.794127556179111 2.572944923097365 28.329999923706055 AB 6.5061014272706394 1.1296785913566245
62423.2851 lsst_hardware_g 110.8747043058325 21.16270727708547 32.11000061035156 AB 6.498695793472896 1.1313885434319109
62423.2985 lsst_hardware_r 478.21805831588364 38.176102157557416 32.209999084472656 AB 5.72042986593687 1.1383940031715163
62425.3393 lsst_hardware_i 435.4292202722283 36.67827289114548 31.229999542236328 AB 8.757310971580404 1.1971035103829224
62425.3514 lsst_hardware_r 274.4943318827768 27.180811869520767 31.459999084472656 AB 8.954903453492296 1.2222343203128703
62427.3212 lsst_hardware_z 625.0311657031484 68.83585685832254 31.690000534057617 AB 7.194803047524281 1.1754293493749846
62429.3175 lsst_hardware_z 286.03029667792754 58.6757156962679 30.959999084472656 AB 1.5292797592727971 1.178181632722287
62429.3287 lsst_hardware_r 353.5996628665407 60.87701677375689 31.600000381469727 AB 1.417496503535399 1.1977156768366224
62433.313 lsst_hardware_i -23.744898476714567 60.099998474121094 31.299999237060547 AB 3.7419154933366503 1.1889476505952146
62433.3236 lsst_hardware_z -74.97190484120058 57.72999954223633 30.959999084472656 AB 3.7721379898265144 1.2093092858301318
62435.3144 lsst_hardware_i 35.78392388753043 48.630001068115234 31.280000686645508 AB 1.5895136967873278 1.2017492667242902
62435.3251 lsst_hardware_z -37.5908741771476 51.56999969482422 30.950000762939453 AB 1.6800494146235962 1.2245258124078688
62437.3094 lsst_hardware_z 9.109221013279049 47.029998779296875 30.940000534057617 AB 3.3995173905554297 1.2026594542059303
62437.3205 lsst_hardware_r -45.5761547663042 42.7400016784668 31.56999969482422 AB 3.4735897909687465 1.226513976508017
62438.318 lsst_hardware_i -58.74068132574343 37.709999084472656 31.25 AB 3.6985340804036233 1.227050289323761
62438.3278 lsst_hardware_r -45.116225571575114 36.84000015258789 31.549999237060547 AB 3.8184069473720914 1.251458004273368
62440.3146 lsst_hardware_u -5.453145774340141 4.28000020980835 28.670000076293945 AB 4.218711986280186 1.231920568339958
62440.3257 lsst_hardware_g -5.919193635873465 21.149999618530273 31.5 AB 4.319582230556169 1.2605784719521895
62442.3094 lsst_hardware_g 2.3731853077772707 13.300000190734863 31.329999923706055 AB 3.7946028279390935 1.2325474755107493
62442.3214 lsst_hardware_r 45.04781646677571 22.799999237060547 31.440000534057617 AB 3.7762979586879593 1.263821271314578
62458.239 lsst_hardware_y -12.539118413383106 73.0199966430664 30.75 AB 5.366659806502652 1.1792912830857885
62460.2377 lsst_hardware_r 83.50791214149545 81.36000061035156 31.6200008392334 AB 5.82223688540464 1.1862144115325501
62460.2497 lsst_hardware_i 21.9823115074324 64.45999908447266 31.299999237060547 AB 5.927719352628271 1.2089573444294375
62466.161 lsst_hardware_z 33.57651164983322 45.79999923706055 30.950000762939453 AB 5.887582820195544 1.1295122916442288
62466.1742 lsst_hardware_r 19.8029074734976 40.54999923706055 31.579999923706055 AB 5.334969252493892 1.134295376150267
62468.1815 lsst_hardware_r -5.033725647304087 23.040000915527344 31.479999542236328 AB 3.7951293104505615 1.142853063449691
62468.194 lsst_hardware_u 2.3224484890146675 3.4200000762939453 28.540000915527344 AB 3.835787602797917 1.155096771150468
62477.2029 lsst_hardware_r 41.681492403941014 22.25 31.450000762939453 AB 4.909257604879144 1.2081848084196827
62477.2135 lsst_hardware_u 5.663659992664912 2.5299999713897705 28.270000457763672 AB 5.202613487705346 1.2317765340633575
62479.125 lsst_hardware_u -1.9118430595014704 2.6600000858306885 28.43000030517578 AB 6.211822551891022 1.1294222821620041
62479.1359 lsst_hardware_g 11.970765065479387 12.84000015258789 31.3700008392334 AB 6.206009608321489 1.1329486757010614
62481.1693 lsst_hardware_z -41.548531155951615 42.66999816894531 30.93000030517578 AB 11.805766226495038 1.1688877451975286
62481.1834 lsst_hardware_r -6.327642000177055 22.190000534057617 31.450000762939453 AB 12.035163752125126 1.1916003714975372
62483.103 lsst_hardware_i 31.26960845375432 35.58000183105469 31.260000228881836 AB 13.588375264995543 1.128680716965187
62483.1158 lsst_hardware_r 36.58440658537128 32.45000076293945 31.559999465942383 AB 13.61877115998545 1.1297978148621595
62487.1041 lsst_hardware_r -38.33812853893997 56.79999923706055 31.6200008392334 AB 10.911233921531174 1.1296247697211121
62487.1165 lsst_hardware_i -20.075317875365595 48.93000030517578 31.290000915527344 AB 10.899462150129152 1.1341300307960098
62491.1102 lsst_hardware_z 69.51765307019679 82.19999694824219 31.719999313354492 AB 3.523898788660079 1.1367415447290576
62493.1068 lsst_hardware_r -1.5584910372069438 63.790000915527344 31.6200008392334 AB 4.857853747002977 1.1380704573042
62493.1192 lsst_hardware_z -157.86273430369366 53.58000183105469 30.959999084472656 AB 4.878835316350614 1.1482314230055575
62495.0844 lsst_hardware_i 14.803767100773715 30.299999237060547 31.229999542236328 AB 6.798993517357342 1.130151847965042
62495.0976 lsst_hardware_r -25.88846053980756 22.950000762939453 31.489999771118164 AB 6.878033725448721 1.1357387261308984
62497.0856 lsst_hardware_u 1.8786864179489147 2.6600000858306885 28.420000076293945 AB 5.742984798672002 1.1324594130978267
62497.0979 lsst_hardware_g 17.35521888743365 12.979999542236328 31.3700008392334 AB 5.756058191953261 1.1394750454227973
62499.0805 lsst_hardware_r 17.095507774228498 22.040000915527344 31.479999542236328 AB 9.352575434609642 1.1326158564469082
62499.0923 lsst_hardware_i -12.044266405634481 30.6299991607666 31.239999771118164 AB 8.545330155832607 1.1393773541110144
62503.082 lsst_hardware_u -1.9308228042719806 2.5199999809265137 28.299999237060547 AB 7.7994758726340025 1.1398298722672462
62503.0937 lsst_hardware_g 1.0063104173946151 12.90999984741211 31.329999923706055 AB 5.794741217510241 1.1500354686202414
62505.0871 lsst_hardware_r -11.84794925224455 22.229999542236328 31.469999313354492 AB 2.642458222180735 1.1488948792090155
62505.0997 lsst_hardware_z -7.266474967399302 42.650001525878906 30.93000030517578 AB 2.6757337022009344 1.1633624792177977
62736.3674 lsst_hardware_z 59.855480258426404 42.619998931884766 30.940000534057617 AB 2.3157039792159235 1.1520437689395582
62751.3984 lsst_hardware_r -7.843891538726665 22.010000228881836 31.469999313354492 AB 2.3121374894534013 1.1371634031493427
62751.4106 lsst_hardware_u 7.350288769888943 7.650000095367432 29.06999969482422 AB 2.326507779570583 1.1467690841999176
62753.3903 lsst_hardware_g 3.604016138040272 12.850000381469727 31.350000381469727 AB 4.058958502199697 1.1355582968408915
62753.4015 lsst_hardware_r -19.856388289374056 22.829999923706055 31.469999313354492 AB 4.097338579251641 1.143523105124071
62755.4038 lsst_hardware_i -6.1023231997576515 56.88999938964844 31.299999237060547 AB 2.865975605315793 1.1508401574016034
62758.2056 lsst_hardware_i -145.00821748651242 60.900001525878906 31.25 AB 1.2452141604318 1.4205314122237476
62758.2271 lsst_hardware_z 24.999942821466746 58.40999984741211 30.950000762939453 AB 1.6143796119368579 1.3317216844190518
62762.3969 lsst_hardware_y 133.41604901759013 84.16000366210938 30.760000228881836 AB 1.975030965014113 1.165439200441058
62764.3845 lsst_hardware_g -27.20922399243979 23.450000762939453 31.559999465942383 AB 6.56219410074764 1.1566734607660338
62764.3963 lsst_hardware_r -9.433970178463074 30.360000610351562 31.530000686645508 AB 6.869878985526312 1.1723342978713842
62765.3876 lsst_hardware_i 22.13455543344004 32.4900016784668 31.25 AB 3.708356491729782 1.163953701107904
62765.4001 lsst_hardware_z 114.7221636371749 58.720001220703125 30.969999313354492 AB 3.7677828963826046 1.1826060566172645
62767.387 lsst_hardware_r -3.513287680518263 23.09000015258789 31.469999313354492 AB 1.6920588951568176 1.1707049551363422
62767.3991 lsst_hardware_u -6.2066915981574855 10.960000038146973 29.18000030517578 AB 1.6850745681705324 1.1903046160846709
62774.3526 lsst_hardware_i -31.50269237878469 30.65999984741211 31.229999542236328 AB 3.728722363429537 1.1515510696199929
62774.3648 lsst_hardware_r -6.420401309159479 21.950000762939453 31.450000762939453 AB 3.7801223438483507 1.1663444442605961
62776.1436 lsst_hardware_r -1.0049205215593122 23.8799991607666 31.40999984741211 AB 6.53050665909188 1.4850216958007723
62776.1564 lsst_hardware_i 27.78772229262672 32.79999923706055 31.190000534057617 AB 6.213230610904466 1.4208165128983457
62781.3625 lsst_hardware_z -32.308740665926685 42.83000183105469 30.940000534057617 AB 4.295699699107938 1.1932499164188715
62781.3746 lsst_hardware_r -14.373006386113602 23.100000381469727 31.469999313354492 AB 4.383481717196554 1.217633810332376
62785.137 lsst_hardware_r -29.64305042864149 91.01000213623047 31.56999969482422 AB 6.161638442021108 1.3974081740294517
62785.1528 lsst_hardware_z 24.0296433849472 64.73999786376953 30.950000762939453 AB 5.865980789228486 1.333884815256989
62789.3389 lsst_hardware_z 95.18576907608752 50.9900016784668 30.950000762939453 AB 6.957947947088663 1.1900709145533632
62789.35 lsst_hardware_r 19.97136709959914 56.20000076293945 31.59000015258789 AB 7.14897309702083 1.2116903554272593
62791.3311 lsst_hardware_r -19.899750265278485 43.0 31.579999923706055 AB 6.407121950089565 1.1859733051732215
62791.3413 lsst_hardware_i 33.13328272889034 41.20000076293945 31.260000228881836 AB 5.892869055040225 1.2050035556622112
62794.128 lsst_hardware_i 106.72535194257749 55.540000915527344 32.400001525878906 AB 4.505598275161014 1.334728431468816
62794.1445 lsst_hardware_z -28.831924638869715 62.20000076293945 31.68000030517578 AB 4.2366527291233735 1.2796977635290092
62799.3154 lsst_hardware_r 15.75158879248322 22.190000534057617 31.450000762939453 AB 4.529927988389917 1.1970741215741134
62799.3265 lsst_hardware_u -5.308366983783039 2.4800000190734863 28.239999771118164 AB 4.615197564554869 1.2199566221261304
62801.318 lsst_hardware_g -11.40772997621509 12.90999984741211 31.34000015258789 AB 3.7870739357946377 1.2133196430257944
62801.3268 lsst_hardware_r 20.29851803721973 22.399999618530273 31.450000762939453 AB 3.880400115584433 1.2333413160378386
62803.322 lsst_hardware_i 73.2881263917675 31.389999389648438 31.229999542236328 AB 3.7624696213799105 1.2349462652231653
62803.3322 lsst_hardware_z -101.63979505830794 43.709999084472656 30.940000534057617 AB 3.791833614104563 1.2615615883679372
62813.2403 lsst_hardware_z -30.982919673758612 80.62999725341797 31.709999084472656 AB 5.44147622684852 1.1458553806580458
62817.2522 lsst_hardware_z -0.1699276688245583 55.81999969482422 30.959999084472656 AB 4.810394621894876 1.1732669809499698
62817.2625 lsst_hardware_r 6.958282507904085 72.18000030517578 31.6200008392334 AB 4.87973479932366 1.1901792193472343
62819.1763 lsst_hardware_r -17.42791350491695 52.41999816894531 31.610000610351562 AB 4.541460516231972 1.1295292280463616
62819.1878 lsst_hardware_i -94.89229599111671 46.66999816894531 31.290000915527344 AB 4.5736696183944465 1.1286044709177576
62822.2385 lsst_hardware_z -64.69047153953989 45.2400016784668 30.940000534057617 AB 6.658101613001311 1.1731993092124762
62822.2501 lsst_hardware_i 14.059498688453438 37.06999969482422 31.25 AB 4.812699228224222 1.1924428216611056
62827.1663 lsst_hardware_i -37.76461270380729 30.5 31.229999542236328 AB 4.729342589603115 1.1286315940505405
62829.2391 lsst_hardware_g -5.125195131762725 12.760000228881836 31.31999969482422 AB 9.122117325146167 1.2082007891851616
62829.2515 lsst_hardware_r 21.610613135829265 22.200000762939453 31.450000762939453 AB 10.861057430389826 1.2361659932341964
62831.2329 lsst_hardware_i -15.25964649281335 30.90999984741211 31.219999313354492 AB 6.356425303305002 1.206687079030248
62831.245 lsst_hardware_z -46.358135237342275 43.099998474121094 30.920000076293945 AB 6.534983099390515 1.2336363766782519
62833.2436 lsst_hardware_i -7.448416802697581 31.559999465942383 31.219999313354492 AB 4.956911662922932 1.2437364603994883
62833.2552 lsst_hardware_u 2.942448887021927 2.5299999713897705 28.260000228881836 AB 5.624032147802943 1.2757005420039265
62838.1811 lsst_hardware_i -41.727065339280145 37.36000061035156 31.260000228881836 AB 7.382448441497806 1.1551590240087897
62838.1922 lsst_hardware_z -2.565136037058703 45.130001068115234 30.950000762939453 AB 7.472888390473339 1.1693914065506212
62840.2013 lsst_hardware_r -51.724579791950816 51.119998931884766 31.59000015258789 AB 2.830423380073299 1.193096830155586
62840.2129 lsst_hardware_z -2.7461941593407366 50.66999816894531 30.950000762939453 AB 3.223923507778396 1.2163454094617603
62842.2098 lsst_hardware_r -15.893876114346662 66.7699966430664 31.600000381469727 AB 5.179912348233959 1.2215814043473494
62842.2214 lsst_hardware_i 53.8140184831557 56.38999938964844 31.280000686645508 AB 5.319599004985978 1.249905781246766
62849.1069 lsst_hardware_z -67.05487175470832 46.09000015258789 30.950000762939453 AB 8.345588001225874 1.12869732231889
62849.1215 lsst_hardware_r 44.32360635090494 40.09000015258789 31.59000015258789 AB 8.358386620907416 1.132304212538682
62851.1028 lsst_hardware_u -0.06265173477264337 2.5399999618530273 28.31999969482422 AB 11.405172125791012 1.1288249839812903
62851.1151 lsst_hardware_g -5.055757696206961 12.84000015258789 31.350000381469727 AB 11.43287721938606 1.1319237054844238
62853.0982 lsst_hardware_r 29.197716967279238 22.06999969482422 31.469999313354492 AB 4.470557639043612 1.12892869672789
62853.1122 lsst_hardware_i -25.395312265519156 30.649999618530273 31.229999542236328 AB 4.60948877562109 1.1330164954414805
62855.1024 lsst_hardware_z 24.282479553919213 42.36000061035156 30.950000762939453 AB 3.7854806801707745 1.1312605693450204
62855.1148 lsst_hardware_r 45.21927568626787 22.229999542236328 31.479999542236328 AB 3.7507968167729016 1.1374668132743937
62858.1052 lsst_hardware_u 1.726178103390298 3.680000066757202 29.1299991607666 AB 4.867786081111397 1.1365807871217801
62858.1185 lsst_hardware_r -3.2845562607295267 31.030000686645508 32.209999084472656 AB 4.903711844384266 1.1468882461333194
62860.0846 lsst_hardware_g 5.525093294338878 12.930000305175781 31.360000610351562 AB 6.8260307789704395 1.129997231961394
62860.0978 lsst_hardware_i -11.813020817081007 30.6200008392334 31.239999771118164 AB 6.90430337856913 1.135436151555175
62866.0842 lsst_hardware_r -19.34200515068118 28.639999389648438 31.540000915527344 AB 8.443637746295094 1.1371136955485082
62866.0979 lsst_hardware_i 60.12752103598398 33.790000915527344 31.260000228881836 AB 8.551477712254892 1.1480805145002204
62868.0833 lsst_hardware_z 17.78943495732245 46.09000015258789 30.940000534057617 AB 8.12016784843678 1.1402594806829407
62868.0954 lsst_hardware_r -68.10505377278837 39.90999984741211 31.56999969482422 AB 5.81457995136556 1.151060071536288
62870.0846 lsst_hardware_z -31.03943671603749 49.61000061035156 30.950000762939453 AB 2.635457294202925 1.1458509974795326
62870.0958 lsst_hardware_r -42.391885700445805 52.560001373291016 31.600000381469727 AB 2.6624997611277625 1.1576085917946795
62872.0841 lsst_hardware_i -12.679192718689793 54.130001068115234 31.299999237060547 AB 9.887910784371932 1.1506713610859716
62872.0974 lsst_hardware_z 118.62566068382151 54.0099983215332 30.959999084472656 AB 10.021235733101204 1.166673090441081
62874.078 lsst_hardware_r 16.20634654655697 78.33999633789062 31.6299991607666 AB 9.628236129406961 1.150017752624081
62874.0917 lsst_hardware_z 75.61208245716158 58.099998474121094 30.969999313354492 AB 6.876780115839003 1.1663466953593968
