data/validation/pwv_sim_epoch_fit_4/19739903.ecsv
# %ECSV 0.9
# ---
# datatype:
# - {name: time, datatype: float64}
# - {name: band, datatype: string}
# - {name: flux, datatype: float64}
# - {name: fluxerr, datatype: float64}
# - {name: zp, datatype: float64}
# - {name: zpsys, datatype: string}
# - {name: pwv, datatype: float64}
# - {name: airmass, datatype: float64}
# meta: {SNID: '19739903', alt: 1024.0, c: -0.07734399288892746, dec: -25.613083, lat: -30.244573, lon: -70.7499537, ra: 196.699219, t0: 60421.87890625,
#   x0: 3.046332163595132e-06, x1: 1.1398720741271973, z: 0.7504964470863342}
# schema: astropy-2.0
time band flux fluxerr zp zpsys pwv airmass
[from data line 132]
60762.1714 lsst_hardware_r 30.538922953288214 23.809999465942383 31.520000457763672 AB 7.601271843700258 1.053975574556346
60764.1543 lsst_hardware_u -6.893935771371188 2.9100000858306885 28.559999465942383 AB 6.859122915919168 1.0786480446483988
60764.1732 lsst_hardware_r -42.06842829071517 23.770000457763672 31.520000457763672 AB 7.066205394317814 1.0412916879336636
60767.0674 lsst_hardware_i -13.76718519142424 33.93000030517578 31.200000762939453 AB 12.708785341094698 1.452501777162116
60767.0848 lsst_hardware_u 3.389121289519923 2.630000114440918 28.270000457763672 AB 11.49446097500546 1.3271006359688866
60769.0622 lsst_hardware_g -24.373646415348563 19.920000076293945 31.399999618530273 AB 6.998453496002874 1.450356485770083
60769.08 lsst_hardware_r 18.626204354495822 27.139999389648438 31.469999313354492 AB 6.353819993357347 1.322977511109942
60771.0628 lsst_hardware_i -3.4022267511280058 40.43000030517578 31.229999542236328 AB 11.04627786630805 1.4029246377276454
60771.0806 lsst_hardware_r 66.17088696983652 37.869998931884766 31.549999237060547 AB 10.137512750462552 1.2870444355690498
60773.0703 lsst_hardware_z 250.63254991500816 75.29000091552734 31.690000534057617 AB 9.934164910920371 1.3154640035647374
60775.0789 lsst_hardware_i -83.72252123878931 73.66000366210938 31.290000915527344 AB 6.955934055181669 1.238371738504837
60775.0978 lsst_hardware_z -6.152504519985235 65.93000030517578 30.969999313354492 AB 5.841905733584928 1.1576917924995729
60778.0782 lsst_hardware_r 203.10014608999026 159.08999633789062 31.6299991607666 AB 9.198482518578125 1.2035697642940673
60778.095 lsst_hardware_z -114.77816360486952 104.37999725341797 30.989999771118164 AB 8.098407003863507 1.1386961478998183
60780.0635 lsst_hardware_z 227.43133726720788 122.0 31.729999542236328 AB 13.59318600599435 1.24708128495361
60782.0743 lsst_hardware_z 76.20967355072037 58.04999923706055 30.969999313354492 AB 17.164879123860427 1.1743829542018502
60782.0934 lsst_hardware_r -61.49525172716495 67.66000366210938 31.6299991607666 AB 15.803500329960135 1.1094977005225748
60790.0691 lsst_hardware_r -23.843497211073707 24.280000686645508 31.5 AB 15.274557347198687 1.1167652968158426
60790.0872 lsst_hardware_i 6.911903125569293 31.700000762939453 31.260000228881836 AB 14.261985154802645 1.0697826094363778
60794.0727 lsst_hardware_z -27.298071393435013 41.869998931884766 30.940000534057617 AB 9.152657793410176 1.0779140227584045
60795.0492 lsst_hardware_g 0.21290295464081704 21.139999389648438 32.18000030517578 AB 11.956336961073777 1.13662396841389
60795.0701 lsst_hardware_i -4.314329675044335 31.59000015258789 31.260000228881836 AB 11.384570096181479 1.0776080737219802
60797.0495 lsst_hardware_z 13.53458315714152 42.68000030517578 30.940000534057617 AB 9.393227929355962 1.1182414201614241
60797.069 lsst_hardware_r 35.889234030288875 23.90999984741211 31.510000228881836 AB 8.969466903781704 1.0677936790216314
60800.0518 lsst_hardware_y -116.58163426458813 48.36000061035156 30.030000686645508 AB 9.817485204969511 1.0889663304490838
60800.0707 lsst_hardware_g 33.91368579626503 32.09000015258789 31.65999984741211 AB 9.450926645276276 1.0483944659010807
60802.0494 lsst_hardware_r 80.38380082679777 58.209999084472656 31.6299991607666 AB 6.734831203019957 1.0813794481406482
60802.0696 lsst_hardware_i 7.7950259211935355 50.939998626708984 31.31999969482422 AB 6.533054854106831 1.0410413280386952
60804.0558 lsst_hardware_z 77.15191057339126 71.0 30.989999771118164 AB 9.400153063782719 1.055732372133917
60804.0781 lsst_hardware_r -102.38375615464294 97.30000305175781 31.670000076293945 AB 9.12150060535024 1.0221218543846975
60805.9552 lsst_hardware_y 201.98651684330105 103.83000183105469 29.920000076293945 AB 13.864277212949965 1.5018715836950203
60805.9734 lsst_hardware_z -117.28564623560153 102.30000305175781 30.959999084472656 AB 10.223650347622987 1.3591213197677445
60807.9553 lsst_hardware_y 38.040557380840916 92.30000305175781 29.920000076293945 AB 11.698176425008857 1.4537614910638188
60807.9735 lsst_hardware_z 77.60806714207956 89.37999725341797 30.959999084472656 AB 10.286794298729264 1.3230603599651787
60811.9548 lsst_hardware_y -55.05215615852729 72.72000122070312 29.959999084472656 AB 13.115794914743958 1.3743890720678988
60811.9736 lsst_hardware_r -23.16352048955715 24.139999389648438 31.469999313354492 AB 13.115230941954112 1.2600803153223563
60813.9546 lsst_hardware_z 99.24781201482222 63.630001068115234 30.950000762939453 AB 11.988051032334067 1.3389982165010683
60813.9759 lsst_hardware_g -5.03756925383854 14.8100004196167 31.399999618530273 AB 11.665670875948784 1.2216748017784802
60823.9547 lsst_hardware_y 102.11234801691901 63.36000061035156 30.010000228881836 AB 11.446310466197792 1.1945014835583077
60823.9745 lsst_hardware_z -20.605210618727085 42.599998474121094 30.940000534057617 AB 9.951379116064333 1.12216724357963
60827.9717 lsst_hardware_i 11.751117183914785 33.810001373291016 31.260000228881836 AB 10.518082980735853 1.0985516717046167
60827.9817 lsst_hardware_z 28.37161108536531 42.939998626708984 30.950000762939453 AB 10.282016252419824 1.0736716182759523
60829.9555 lsst_hardware_y -89.98929663129458 57.93000030517578 30.030000686645508 AB 13.113508797789223 1.13047489636114
60829.9761 lsst_hardware_z 74.94215294660434 48.36000061035156 30.959999084472656 AB 11.599062936606659 1.073987308945061
