data/validation/pwv_sim_epoch_fit_4/19755076.ecsv
# %ECSV 0.9
# ---
# datatype:
# - {name: time, datatype: float64}
# - {name: band, datatype: string}
# - {name: flux, datatype: float64}
# - {name: fluxerr, datatype: float64}
# - {name: zp, datatype: float64}
# - {name: zpsys, datatype: string}
# - {name: pwv, datatype: float64}
# - {name: airmass, datatype: float64}
# meta: {SNID: '19755076', alt: 1024.0, c: 0.07423854619264603, dec: -16.801838, lat: -30.244573, lon: -70.7499537, ra: 27.070312, t0: 62755.546875,
#   x0: 5.298301740953223e-06, x1: 0.8534265756607056, z: 0.5990543961524963}
# schema: astropy-2.0
time band flux fluxerr zp zpsys pwv airmass
62705.343 lsst_hardware_r -35.36752418233086 32.75 31.540000915527344 AB 5.319895342398564 1.1994127592068158
62705.3673 lsst_hardware_y 8.231801288419884 48.5099983215332 30.020000457763672 AB 5.033423017567686 1.1166773194825703
62712.3876 lsst_hardware_u 0.40527331684932033 2.6500000953674316 28.399999618530273 AB 4.917210606685976 1.0439937593813113
62712.4104 lsst_hardware_y 58.02923854231239 46.81999969482422 30.040000915527344 AB 4.853640283867455 1.029586059862285
62717.3954 lsst_hardware_r -16.486996748377592 22.450000762939453 31.489999771118164 AB 2.0629421832561707 1.0299262023245983
62717.4167 lsst_hardware_z 24.921038691806636 40.790000915527344 30.940000534057617 AB 1.4973916723214005 1.0319722069754655
62721.3638 lsst_hardware_i 22.582023150751294 30.360000610351562 31.25 AB 2.6476431142128214 1.0432005966165567
62721.3872 lsst_hardware_z 15.118556989008038 40.7599983215332 30.950000762939453 AB 1.441030489709342 1.02930749264953
62724.362 lsst_hardware_r -56.32997011147208 75.65289382114476 32.38999938964844 AB 5.602277347791011 1.0374587681094465
62724.3855 lsst_hardware_z -20.866780379249604 67.42347185946116 31.719999313354492 AB 6.185063422394667 1.028871899258865
62730.3385 lsst_hardware_z 124.3271138691908 86.64574091572632 31.739999771118164 AB 4.660726450215518 1.04395261512275
62730.3623 lsst_hardware_i 255.1972266208824 90.857230823057 32.08000183105469 AB 4.566799072610375 1.0293697898366676
62732.3606 lsst_hardware_z 213.33251825534006 51.407131162097365 30.969999313354492 AB 2.396040494250284 1.0288955423511688
62732.3816 lsst_hardware_r 263.4954685228172 55.018234548929954 31.639999389648438 AB 1.894638880770632 1.0353217927708371
62734.3525 lsst_hardware_y 81.4505070855529 48.566206507871726 30.049999237060547 AB 1.9523491018220855 1.0291771754465395
62734.372 lsst_hardware_g 58.27299803701381 29.931993292439405 31.639999389648438 AB 1.8900744914296017 1.0328275909451377
62737.3286 lsst_hardware_g 107.59394420486014 18.351745933088967 31.450000762939453 AB 3.2127679497364667 1.0359033612821453
62737.3483 lsst_hardware_r 1337.400440383747 49.08883140776752 32.2599983215332 AB 3.2966787812521288 1.0288456834679012
62737.3704 lsst_hardware_i 609.34231932527 39.473531949573236 31.260000228881836 AB 3.3354470474905598 1.037087748610839
62739.2934 lsst_hardware_i 780.7725072785446 41.70892407774896 31.25 AB 2.945600498648232 1.0735347744572308
62739.3113 lsst_hardware_z 608.4380595241665 47.76887256212295 30.950000762939453 AB 2.845970165850327 1.0468257108326362
62741.2901 lsst_hardware_r 1034.3849382555397 39.78054240456977 31.489999771118164 AB 3.876316445322996 1.069623743190672
62741.3081 lsst_hardware_u 4.119660559674884 2.7777093612282466 28.43000030517578 AB 3.1864575458373126 1.0443407043766797
62746.2119 lsst_hardware_u 0.8621879548299911 2.961684858890578 28.25 AB 2.837987299641099 1.2927363952206645
62746.2317 lsst_hardware_g 403.4886894916389 23.345011460683132 31.3799991607666 AB 2.60244377652616 1.196801000931782
62750.2829 lsst_hardware_i 1663.516707112435 49.97626727520009 31.260000228881836 AB 0.8866933332863813 1.0450127675738141
62750.3018 lsst_hardware_z 1154.8356583155405 53.48420420664159 30.959999084472656 AB 0.7217758868725622 1.0311084098179462
62754.2626 lsst_hardware_z 1212.8303878652787 70.12316879285062 30.979999542236328 AB 3.622792450718139 1.0568239354486986
62754.2814 lsst_hardware_i 1755.8556347294468 78.06693311007987 31.329999923706055 AB 3.51571133119863 1.0364715009429923
62756.262 lsst_hardware_z 1442.28301594651 83.16696717976772 30.989999771118164 AB 3.7908169972098467 1.050281768713478
62756.2787 lsst_hardware_r 2258.17685228104 119.45663604175999 31.65999984741211 AB 3.7475922693291146 1.0345796271268375
62759.2393 lsst_hardware_r 1773.0162137830912 96.60742897608502 31.649999618530273 AB 0.8916040747809788 1.0726064057515534
62759.2584 lsst_hardware_y 491.17001813528816 59.281666469374066 30.059999465942383 AB 2.5391929373482673 1.044935365163896
62761.2373 lsst_hardware_g 339.2433355273989 55.08075038734181 31.700000762939453 AB 1.8745654858354759 1.0665079570464187
62761.2558 lsst_hardware_r 1655.4663138168848 68.29728675291106 31.6299991607666 AB 2.0799274287447087 1.0420043061384883
62763.2505 lsst_hardware_i 1466.1768907913145 51.741049193977894 31.270000457763672 AB 5.81325617356211 1.0418488594582394
62763.2703 lsst_hardware_z 1243.8049024263084 55.53528571320505 30.950000762939453 AB 5.686805337239683 1.029798603330107
62766.2207 lsst_hardware_z 1237.4198731108916 53.98400386488398 30.950000762939453 AB 2.216220359892668 1.0716732881487765
62766.241 lsst_hardware_r 1293.0356953703233 42.46312986720925 31.5 AB 2.1900827396574702 1.0431449105298738
62770.2534 lsst_hardware_r 1118.5809950155938 39.83888289427502 31.5 AB 3.24731018735805 1.0293127541944647
62770.2592 lsst_hardware_u 4.969655810939937 2.6609225737338713 28.40999984741211 AB 3.241216563572813 1.0288487663442045
62773.212 lsst_hardware_g 94.22942323343551 17.22898857775703 31.43000030517578 AB 4.877000505118997 1.0550188574673816
62773.2304 lsst_hardware_r 923.5216821643486 37.91937023373845 31.5 AB 4.782308411301236 1.0358416832535569
62775.2051 lsst_hardware_i 1813.3023810478192 60.94409487313552 32.0 AB 5.015756910265081 1.0570615195500697
62775.2229 lsst_hardware_z 1913.0878692395584 71.84256828564976 31.700000762939453 AB 4.37468239589134 1.037351079925228
62777.2387 lsst_hardware_r 774.6646791845819 34.923262760328846 31.510000228881836 AB 3.3332248354343346 1.0288524841219278
62777.2579 lsst_hardware_u 1.06045882747904 2.9212832635052344 28.510000228881836 AB 2.757300980815172 1.0347639407610998
62779.1839 lsst_hardware_z 746.3409496804953 52.34349809840815 30.950000762939453 AB 6.852615717704163 1.074077698699712
62779.2022 lsst_hardware_r 639.7848689421205 43.48513944891867 31.59000015258789 AB 6.411046639672813 1.0467014921914797
62786.179 lsst_hardware_i 652.5071011927411 97.80064098218726 31.34000015258789 AB 6.474782530377692 1.0516701457030693
62786.1974 lsst_hardware_z 761.2803773063829 82.92914257495256 31.0 AB 6.429260486417164 1.0341973972789003
62788.1785 lsst_hardware_r 207.5220120639968 84.43799509220494 31.649999618530273 AB 8.539361532013082 1.0457214709788245
62788.1962 lsst_hardware_z 651.5881227711656 66.287989959903 30.989999771118164 AB 8.320229215708375 1.0319024204028742
62790.1816 lsst_hardware_g -47.25899567667379 51.3503638128383 31.719999313354492 AB 7.878129413987591 1.0376199425732893
62790.199 lsst_hardware_i 515.7744603743854 52.381425977063074 31.31999969482422 AB 7.8043823328265685 1.0292737363188829
62792.1643 lsst_hardware_z 620.3657143164587 47.76634651731 30.959999084472656 AB 6.434599820674097 1.0495473406020004
62792.1819 lsst_hardware_r 223.798193527627 28.07607549097868 31.520000457763672 AB 6.007682408397338 1.0336686869231484
62795.1655 lsst_hardware_u -0.16957743656251764 2.8918987696605885 28.579999923706055 AB 2.728417640935921 1.039661237496059
62795.1821 lsst_hardware_g 45.81031185768073 15.181066855774821 31.469999313354492 AB 2.62621198060045 1.0300216945746306
62798.1744 lsst_hardware_i 277.1510911802717 35.368847465994754 31.260000228881836 AB 2.5122312127100894 1.0298843451940787
62798.1915 lsst_hardware_z 549.4323608638083 46.70991294551781 30.959999084472656 AB 2.335912492095716 1.0303602244133514
62800.1469 lsst_hardware_r 153.03300422168508 26.376577946427584 31.520000457763672 AB 2.6710287314192014 1.0444585758938483
62800.1636 lsst_hardware_u 1.1949666951839428 2.924700333717364 28.559999465942383 AB 2.6655479453889037 1.0318250111182852
62802.1478 lsst_hardware_g 2.314996989725561 14.849554014758114 31.450000762939453 AB 2.9197032420614053 1.038455167750849
62802.1659 lsst_hardware_i 307.49970787342124 34.87851206426603 31.260000228881836 AB 2.9252758641375425 1.0293320344146135
62804.1317 lsst_hardware_z 406.45385540760566 46.08898549901472 30.959999084472656 AB 5.796050088580837 1.0493437292623948
62804.1475 lsst_hardware_r 172.55996613101118 25.93185330514973 31.530000686645508 AB 5.792069182987903 1.0346675925308866
62808.1246 lsst_hardware_r 144.05869544820234 38.373932623116914 31.600000381469727 AB 4.230290393818421 1.044946165619923
62808.1424 lsst_hardware_y 166.57909438440635 49.38161615702818 30.049999237060547 AB 4.033395268809168 1.031536907263486
62818.1129 lsst_hardware_r 107.06078041682497 55.667540337456636 31.639999389648438 AB 3.5949076266278017 1.0325743577848059
62818.132 lsst_hardware_z 225.63795773729274 54.48407854105335 30.979999542236328 AB 5.1459020188780915 1.0291804037756183
62821.0948 lsst_hardware_r 50.40859394856625 24.315475015736922 31.479999542236328 AB 6.006881186010026 1.0394026565554293
62821.1144 lsst_hardware_z 261.7108612357498 43.29537112400409 30.940000534057617 AB 5.963881390040149 1.029261011915097
62824.0918 lsst_hardware_r 83.28584147626512 24.333511713843343 31.489999771118164 AB 4.613416540534393 1.0353849611253758
62824.1107 lsst_hardware_u -2.0832711371544885 2.6168307902477586 28.3700008392334 AB 4.586558040216793 1.0288376043554226
62830.0683 lsst_hardware_r 66.55887318154062 24.114286495428114 31.489999771118164 AB 5.405772705747163 1.0411400582442039
62830.0881 lsst_hardware_i 190.6153731493918 32.17683172858132 31.239999771118164 AB 5.327451258612611 1.0296083990167872
62832.0741 lsst_hardware_z 280.98836807074775 43.30898078063779 30.950000762939453 AB 3.78925995625369 1.032871149260617
62832.0955 lsst_hardware_r 97.95212612879254 24.29012568584156 31.510000228881836 AB 3.9186962065083337 1.0294974380563804
62834.0753 lsst_hardware_u -1.6578522716339532 2.8102174596763567 28.450000762939453 AB 5.503341770400022 1.0301060871128986
62834.0948 lsst_hardware_g 11.259969532403884 14.51095045234276 31.440000534057617 AB 5.176068220671549 1.0309181518350186
62839.0616 lsst_hardware_r -62.95987479691232 59.2599983215332 31.649999618530273 AB 3.589278957624322 1.0301192837342013
62839.0806 lsst_hardware_y 45.212582935355535 50.189998626708984 30.059999465942383 AB 3.5592251593557567 1.030713401039362
62841.0495 lsst_hardware_z -13.954215752627825 87.23999786376953 31.739999771118164 AB 3.506293329400564 1.0328829524946839
62845.0397 lsst_hardware_y 67.09837152658763 55.310001373291016 30.06999969482422 AB 7.512606379036697 1.0323059263533765
62845.0557 lsst_hardware_r -102.0248594581312 83.79000091552734 31.65999984741211 AB 7.6470636480909215 1.0288913730220552
62850.0308 lsst_hardware_y -17.821389023754847 71.81999969482422 30.079999923706055 AB 7.80888442978046 1.0303566618012705
62850.0493 lsst_hardware_g 1.7384090707389699 14.960000038146973 31.459999084472656 AB 7.9140050969894915 1.030281208874732
62852.0324 lsst_hardware_y -75.60244877191924 71.43000030517578 30.079999923706055 AB 10.414913100239973 1.0289213212164694
62852.0529 lsst_hardware_z 22.089237398696394 41.40999984741211 30.950000762939453 AB 11.293638167629432 1.0346107184636377
63069.4335 lsst_hardware_g -10.540179320164759 16.969999313354492 31.520000457763672 AB 5.147400815204883 1.0294801630409767
63079.3149 lsst_hardware_z -153.27155242289476 109.20999908447266 32.459999084472656 AB 5.909905474084755 1.2175957711222776
63079.357 lsst_hardware_y 118.7758887344419 87.16000366210938 31.229999542236328 AB 5.649931162184531 1.0840929636426988
63083.3197 lsst_hardware_z 39.47292219627195 63.93000030517578 30.969999313354492 AB 1.7503745361000036 1.1559985929113947
63083.3501 lsst_hardware_r -146.207038263252 117.19999694824219 32.400001525878906 AB 2.162867233752736 1.0760533501257392
63083.3758 lsst_hardware_z 37.83010120005197 60.279998779296875 30.979999542236328 AB 1.5491672320196304 1.0402331589858187
63085.397 lsst_hardware_i -138.8055812940569 57.619998931884766 31.31999969482422 AB 3.124381252887627 1.0288851546281976
63085.419 lsst_hardware_z 24.553333905828993 55.970001220703125 30.979999542236328 AB 3.426351197082111 1.0382882415400336
63088.3246 lsst_hardware_r -32.39193767295165 35.41999816894531 31.579999923706055 AB 5.345730293359744 1.1018337945777557
63088.3423 lsst_hardware_z -93.23612694147663 44.650001525878906 30.959999084472656 AB 5.457398766761538 1.0655860132307993
63091.3835 lsst_hardware_g -5.24948084775035 15.100000381469727 31.469999313354492 AB 4.587437673415527 1.0291503473730852
63091.402 lsst_hardware_i 14.078915178589543 30.84000015258789 31.25 AB 4.689075566938297 1.037788764353736
63094.3666 lsst_hardware_u -2.2665552003689355 2.7699999809265137 28.510000228881836 AB 5.627165967803838 1.0292341119016897
63094.3848 lsst_hardware_g -4.162857207943137 14.100000381469727 31.440000534057617 AB 5.016383690884076 1.0320715339747097
63102.2926 lsst_hardware_r 58.43133925920882 22.8799991607666 31.5 AB 3.3912202464596595 1.0875105012697999
63110.2783 lsst_hardware_z -58.65724600562744 97.41999816894531 31.729999542236328 AB 1.8035452614560132 1.0724748829272626
63110.294 lsst_hardware_r 121.87711845415568 142.77000427246094 32.40999984741211 AB 1.623708172279977 1.0487377182496218
63118.2577 lsst_hardware_i 21.82522221044927 32.290000915527344 31.260000228881836 AB 4.602006282298669 1.0702340191392254
63118.2752 lsst_hardware_z -25.65096929954701 41.95000076293945 30.950000762939453 AB 4.494589375218819 1.045253343074144
63121.26 lsst_hardware_r 27.230095985939187 22.84000015258789 31.5 AB 3.8963044261635753 1.0538147564452511
63121.2775 lsst_hardware_u -4.171778685341499 2.680000066757202 28.43000030517578 AB 3.8285662339792985 1.0358674875485114
63123.2614 lsst_hardware_g 3.535777149938669 14.039999961853027 31.43000030517578 AB 2.081075005051948 1.0454161110443974
63123.2779 lsst_hardware_i -55.645912841053715 30.459999084472656 31.260000228881836 AB 2.1025657470071426 1.032356340592705
63132.2571 lsst_hardware_r -0.33150587574308826 39.650001525878906 32.689998626708984 AB 1.7781970650468337 1.03073928995095
63132.2934 lsst_hardware_i -22.457774452004617 43.400001525878906 32.0 AB 2.0713238851451465 1.040648382740139
63136.2296 lsst_hardware_z 80.67946201021395 69.9800033569336 31.719999313354492 AB 3.4925854776830865 1.0416300261507658
63138.2366 lsst_hardware_r -58.60728749840998 94.97000122070312 31.65999984741211 AB 4.7577221738408895 1.032529136725335
63138.2553 lsst_hardware_z -54.836825117507054 66.4800033569336 30.989999771118164 AB 4.740688270459268 1.0291674369619945
63139.1501 lsst_hardware_r -114.51933059608366 121.44999694824219 31.610000610351562 AB 5.044593759785467 1.2220430619635336
63139.1616 lsst_hardware_y -81.40451648811076 62.4900016784668 30.010000228881836 AB 4.896786579286621 1.1746649398576574
63146.2111 lsst_hardware_r -39.0776194037674 30.799999237060547 31.559999465942383 AB 4.152710794299166 1.0346211882402157
63146.2301 lsst_hardware_z -48.66095702264289 43.810001373291016 30.959999084472656 AB 4.209802338109865 1.028872261859845
63150.1825 lsst_hardware_r 6.78830121241781 23.1299991607666 31.489999771118164 AB 4.098408196374383 1.0515929344101222
63150.2004 lsst_hardware_z -73.40497768783041 41.04999923706055 30.950000762939453 AB 4.000336934765758 1.0344807175500317
63152.1818 lsst_hardware_r 23.922660764116785 23.030000686645508 31.5 AB 6.809721152981704 1.0458794582987256
63152.1996 lsst_hardware_u 2.300122131903609 2.7200000286102295 28.450000762939453 AB 6.754001778923396 1.031933044908082
63154.1644 lsst_hardware_g 4.4046134291955985 14.369999885559082 31.440000534057617 AB 6.507490829101653 1.061869594087841
63154.1822 lsst_hardware_r -11.488533633649642 23.09000015258789 31.510000228881836 AB 6.944524355713684 1.040014629949134
63156.1692 lsst_hardware_i -2.7653361424943315 30.709999084472656 31.25 AB 6.781852840595412 1.0477949541283822
63156.1864 lsst_hardware_z -37.372382292809824 41.0 30.940000534057617 AB 6.677150178702699 1.0330815129504745
63158.162 lsst_hardware_r 56.600939345387864 23.280000686645508 31.5 AB 3.904201393185603 1.0498928092106672
63158.1802 lsst_hardware_u -0.3047029281574947 2.7200000286102295 28.450000762939453 AB 2.6782124396647378 1.0334935613074616
63160.1667 lsst_hardware_g -39.36157014619068 14.430000305175781 31.440000534057617 AB 2.60018029917406 1.0392407270881254
63160.1842 lsst_hardware_i -15.007257196819454 30.75 31.260000228881836 AB 2.574864434241299 1.0296711947114339
63162.1674 lsst_hardware_z -96.3877146458964 42.38999938964844 30.950000762939453 AB 3.372543803588456 1.0346284293655148
63162.1855 lsst_hardware_r 1.161592251487142 27.239999771118164 31.549999237060547 AB 3.3715669761874048 1.0288577894988804
63164.1402 lsst_hardware_r 52.41024539049145 47.349998474121094 31.6299991607666 AB 4.641793357166938 1.0571755069559727
63164.159 lsst_hardware_y -53.07875015543487 48.75 30.049999237060547 AB 4.5423751915544 1.0366577717930963
63169.1335 lsst_hardware_i -18.99045106373505 93.45999908447266 31.34000015258789 AB 5.832835955970955 1.0480344903370686
63169.1502 lsst_hardware_z -58.5224870422753 77.31999969482422 31.0 AB 5.761866841537138 1.0334723719182348
63171.1263 lsst_hardware_z 54.84536569383818 62.95000076293945 30.989999771118164 AB 4.841521983381961 1.050145755921183
63171.1454 lsst_hardware_r 31.98349513982858 86.58000183105469 31.65999984741211 AB 4.768976917027968 1.0331032784116392
63180.1145 lsst_hardware_u 0.3059717163879905 2.75 28.5 AB 9.755884226396018 1.0372715012470501
63180.1322 lsst_hardware_g -20.514196925273986 13.989999771118164 31.450000762939453 AB 9.062487752875791 1.0291654335703286
63182.1172 lsst_hardware_r -2.3461188426313515 22.5 31.489999771118164 AB 3.431411631691569 1.0321587100892071
63182.1349 lsst_hardware_z -44.77491063163406 40.650001525878906 30.940000534057617 AB 4.442380077137417 1.0291227977924517
63188.0935 lsst_hardware_u -1.9807444115612833 2.6500000953674316 28.40999984741211 AB 5.742070837362718 1.0366308116194702
63188.1139 lsst_hardware_g 4.071482160033195 13.829999923706055 31.40999984741211 AB 5.624439742285169 1.0288609284667993
63190.0918 lsst_hardware_r 14.96499380745791 25.18000030517578 31.530000686645508 AB 5.967233193174235 1.034092919707865
63190.1121 lsst_hardware_i 26.036398507078374 31.420000076293945 31.260000228881836 AB 5.941654832807051 1.0290064654882674
63192.0725 lsst_hardware_i 22.24952695603807 38.279998779296875 31.280000686645508 AB 4.702661113328623 1.0459655501177207
63192.0917 lsst_hardware_z 35.34857217285884 44.529998779296875 30.950000762939453 AB 3.969649769213125 1.0313457441447456
63196.0735 lsst_hardware_z 29.97461084997848 63.91999816894531 30.989999771118164 AB 4.503649684240556 1.0353217664920817
63196.092 lsst_hardware_r 84.03002235274636 86.23999786376953 31.65999984741211 AB 3.719331577859633 1.0288607407635313
63198.0458 lsst_hardware_i -63.318510380948965 79.36000061035156 31.329999923706055 AB 4.111162136542481 1.0594868490359455
63198.0547 lsst_hardware_r 4.4794043578118465 100.33999633789062 31.65999984741211 AB 4.070892413968509 1.0475791080722963
63203.061 lsst_hardware_r 41.21555992137426 22.440000534057617 31.5 AB 6.84138378825764 1.031628883288581
63203.0801 lsst_hardware_i -15.042775862900857 30.18000030517578 31.25 AB 6.825336994182133 1.029578797480527
63207.0411 lsst_hardware_y 19.20234535518522 48.13999938964844 30.049999237060547 AB 5.69331740996728 1.0370183955859558
63207.0602 lsst_hardware_u -4.223038958595779 2.609999895095825 28.389999389648438 AB 4.609991039836637 1.0289584375505114
63212.0297 lsst_hardware_y 23.816110841383566 73.80999755859375 30.079999923706055 AB 13.774368509972293 1.0353943330681619
63212.0483 lsst_hardware_r 12.903132499966425 22.989999771118164 31.510000228881836 AB 13.988096854851928 1.0288580515861154
63215.0312 lsst_hardware_z 112.69076316506161 63.279998779296875 30.989999771118164 AB 7.817986688111704 1.0304729230490104
63215.0498 lsst_hardware_g -19.796881367765664 14.859999656677246 31.459999084472656 AB 7.9162106804845855 1.0302386886611163
63217.0316 lsst_hardware_y -72.11367185733263 74.12000274658203 30.079999923706055 AB 10.409333695126223 1.029098734070808
63217.051 lsst_hardware_i -44.06798772724103 30.8700008392334 31.25 AB 11.27294217700164 1.0330933247087999
63219.0326 lsst_hardware_y -29.654604567368914 76.37000274658203 30.079999923706055 AB 3.7838673011904556 1.028970440860233
63219.0522 lsst_hardware_r 32.28633939855558 25.100000381469727 31.520000457763672 AB 4.34203314305509 1.0375228537766046
