data/validation/pwv_sim_epoch_fit_4/19755500.ecsv
# %ECSV 0.9
# ---
# datatype:
# - {name: time, datatype: float64}
# - {name: band, datatype: string}
# - {name: flux, datatype: float64}
# - {name: fluxerr, datatype: float64}
# - {name: zp, datatype: float64}
# - {name: zpsys, datatype: string}
# - {name: pwv, datatype: float64}
# - {name: airmass, datatype: float64}
# meta: {SNID: '19755500', alt: 1024.0, c: -0.0010625501163303852, dec: -29.313198, lat: -30.244573, lon: -70.7499537, ra: 193.183594,
#   t0: 60426.94140625, x0: 1.975744562082292e-05, x1: -1.7104310989379883, z: 0.3450855612754822}
# schema: astropy-2.0
time band flux fluxerr zp zpsys pwv airmass
60322.2898 lsst_hardware_r 2.2040828027062807 24.780000686645508 31.459999084472656 AB 6.1293356351419925 1.3258350930439091
60322.3065 lsst_hardware_g 4.991911577574481 14.989999771118164 31.399999618530273 AB 6.765793429355237 1.2348028342118424
60324.282 lsst_hardware_r -13.480852816163917 24.989999771118164 31.450000762939453 AB 7.4925175500210965 1.3405029013635072
60324.2989 lsst_hardware_i 16.01690638804252 33.0099983215332 31.219999313354492 AB 7.403382299828306 1.2452425936019773
60326.2864 lsst_hardware_z -54.613658747989064 44.70000076293945 30.93000030517578 AB 2.867472116478821 1.2820292622110787
60326.3039 lsst_hardware_i -4.509241895332434 32.34000015258789 31.229999542236328 AB 3.1331405420781415 1.1972260382415607
60328.2999 lsst_hardware_u -4.140388594079499 2.5799999237060547 28.270000457763672 AB 7.861259179601433 1.191099875697187
60328.3188 lsst_hardware_g 3.403818939136065 14.640000343322754 31.40999984741211 AB 7.411386762306901 1.1229373882283185
60330.2919 lsst_hardware_r 24.883614866338547 24.280000686645508 31.469999313354492 AB 14.506245347310081 1.201843027946158
60330.3092 lsst_hardware_i -10.21752432855331 31.93000030517578 31.229999542236328 AB 13.578912712847847 1.1362156064637141
60332.2999 lsst_hardware_z 13.317118887921124 70.69000244140625 31.709999084472656 AB 10.357031570020801 1.14932334760766
60336.3011 lsst_hardware_z 61.96013315392983 60.56999969482422 30.969999313354492 AB 13.205724913492588 1.1105024454233479
60336.3191 lsst_hardware_r -113.42695576820988 82.20999908447266 31.649999618530273 AB 12.6465679043243 1.06542273835925
60338.3172 lsst_hardware_z 133.4088522800374 83.29000091552734 31.729999542236328 AB 11.737474277405425 1.058097383701925
60340.308 lsst_hardware_r -53.3332137021322 70.3499984741211 31.639999389648438 AB 11.424634325912578 1.0658053805921663
60340.3263 lsst_hardware_z 21.86788889374954 57.77000045776367 30.979999542236328 AB 11.085938902777814 1.033076032315517
60346.3051 lsst_hardware_g -0.9114181363852157 15.100000381469727 31.450000762939453 AB 3.5013110780154406 1.0405084927237924
60346.3225 lsst_hardware_r -59.755562668632216 23.670000076293945 31.510000228881836 AB 3.261815382802452 1.0174096640057924
60348.1955 lsst_hardware_i 5.828271938120261 34.58000183105469 31.18000030517578 AB 13.596958487792671 1.4983975117870187
60348.2299 lsst_hardware_z 93.54834787770652 44.70000076293945 30.920000076293945 AB 9.029440422010191 1.2629323977402327
60354.2046 lsst_hardware_u -1.9341414183906176 2.609999895095825 28.260000228881836 AB 1.8187748318357289 1.3127209179617227
60354.2246 lsst_hardware_g -17.7252317188075 14.369999885559082 31.3799991607666 AB 2.7392520392716757 1.2096053163297187
60356.2051 lsst_hardware_r 16.375486414671453 24.06999969482422 31.459999084472656 AB 5.323741193866899 1.2787208632186224
60356.2233 lsst_hardware_i -4.802234165131039 32.099998474121094 31.229999542236328 AB 4.574235048460391 1.19175015917681
60359.2156 lsst_hardware_z -103.06436602368255 66.41000366210938 31.700000762939453 AB 3.1219177428456155 1.1897174541632756
60362.2094 lsst_hardware_z -32.70228528786413 56.150001525878906 30.959999084472656 AB 9.57112092104587 1.1816198667957865
60362.2285 lsst_hardware_r 6.910984315235106 68.81999969482422 31.6299991607666 AB 9.033593543957968 1.1152584622170332
60363.1665 lsst_hardware_r -28.86389730936747 88.4800033569336 31.56999969482422 AB 11.184387080332689 1.4022111995402213
60363.183 lsst_hardware_z -8.731286676399822 63.70000076293945 30.959999084472656 AB 14.18626179469555 1.2953912882476
60365.2122 lsst_hardware_i 72.1179262867472 85.08999633789062 31.31999969482422 AB 9.71705350295042 1.141057266223733
60365.2324 lsst_hardware_z 0.42807875672569623 72.44000244140625 30.979999542236328 AB 9.261930635346056 1.0825808953796425
60369.2179 lsst_hardware_i -109.73336331062993 71.9000015258789 31.31999969482422 AB 3.8572590491809033 1.091574110701133
60369.2382 lsst_hardware_r 1.8253787758722306 83.48999786376953 31.65999984741211 AB 3.694167159791387 1.0474954139295047
60372.21 lsst_hardware_z -64.38760742460195 45.45000076293945 30.950000762939453 AB 6.107156091346909 1.0908233075756566
60372.2296 lsst_hardware_g 4.589556938764202 33.599998474121094 31.65999984741211 AB 5.842286645355973 1.048225826743693
60375.216 lsst_hardware_r -50.62202222202736 22.989999771118164 31.489999771118164 AB 10.255285034707205 1.05846438697888
60375.237 lsst_hardware_i -42.53860973317818 30.440000534057617 31.25 AB 9.915643053641793 1.0246255566590419
60382.084 lsst_hardware_r -1.0637429018359283 24.81999969482422 31.3700008392334 AB 21.880364585057887 1.6914647071146156
60382.1109 lsst_hardware_u 3.34728070888283 2.4000000953674316 28.059999465942383 AB 18.450298285223916 1.4302833996956208
60386.1766 lsst_hardware_z -21.135267829846406 41.86000061035156 30.950000762939453 AB 7.428892192160637 1.078892219416279
60386.1938 lsst_hardware_g -20.32291334682015 14.210000038146973 31.43000030517578 AB 7.184754525922904 1.0439922298638338
60388.1488 lsst_hardware_r -41.13747494847061 40.43000030517578 31.579999923706055 AB 5.354351522953059 1.1431151842341574
60388.1661 lsst_hardware_i 27.97526654179579 38.83000183105469 31.270000457763672 AB 5.034267877429365 1.0913810367848606
60390.1726 lsst_hardware_z 33.22828094340947 50.25 30.959999084472656 AB 5.097525383391752 1.0634614847131036
60390.19 lsst_hardware_r 8.157778017428702 55.31999969482422 31.639999389648438 AB 4.859190210960598 1.0327715644974704
60393.1812 lsst_hardware_z 71.42710993155835 104.95999908447266 31.75 AB 7.130110894667254 1.0336615008880539
60396.1732 lsst_hardware_r -286.1858094420973 177.1699981689453 32.41999816894531 AB 7.394875673329151 1.0333811729079156
60396.1876 lsst_hardware_i -56.36103448448728 140.5 32.099998474121094 AB 7.285176760995277 1.0157803626596726
60398.1569 lsst_hardware_z -30.230244397783476 61.380001068115234 30.969999313354492 AB 6.64873114101146 1.051349010280117
60398.1753 lsst_hardware_r 8.49601755361788 77.69999694824219 31.649999618530273 AB 6.931445504759466 1.0232803845372898
60400.0791 lsst_hardware_r -4.605411419382689 24.158663836968955 31.440000534057617 AB 6.823308264291939 1.3121746662099882
60400.0959 lsst_hardware_g -33.34202172050256 27.90249619847648 31.56999969482422 AB 6.032788761159761 1.22368940388631
60402.0618 lsst_hardware_r -10.116103524398003 25.03135714883633 31.440000534057617 AB 8.537215024051848 1.3893510759675898
60402.079 lsst_hardware_i -24.273480024313592 32.76485350104375 31.219999313354492 AB 7.895655436476274 1.2815022010916577
60404.0636 lsst_hardware_z -39.69217695742208 46.23255098157282 30.90999984741211 AB 10.457866822583224 1.3403941454846366
60404.0809 lsst_hardware_i -42.5556715030829 33.216194299020934 31.219999313354492 AB 9.72408198006172 1.2431840422822653
60421.0556 lsst_hardware_z 3248.433584631505 88.3157780519125 30.979999542236328 AB 10.793255455519517 1.1539680452808694
60421.0737 lsst_hardware_r 5829.58614141837 121.88299350745648 31.649999618530273 AB 10.274078978583947 1.0974430555180374
60427.0515 lsst_hardware_i 5111.686296087557 92.21866267633845 31.309999465942383 AB 1.8198638753815293 1.113861394704598
60427.0697 lsst_hardware_z 3398.0379077811617 80.87231130147495 30.969999313354492 AB 1.7139749220798437 1.0674537608967263
60428.0311 lsst_hardware_u 25.575811248782923 6.959344784137653 28.670000076293945 AB 10.088828525876767 1.1741093975591943
60428.0484 lsst_hardware_g 4167.580083108532 72.09998902580764 31.639999389648438 AB 9.452334339392085 1.1149579003145982
60436.9569 lsst_hardware_y 798.7083707440024 79.38076750815425 29.920000076293945 AB 15.011995434181024 1.4608792754166042
60436.9762 lsst_hardware_r 4208.7939907536165 68.80995588159587 31.450000762939453 AB 12.996799146917741 1.3234917368574
60443.9705 lsst_hardware_y 490.15429829941354 54.104301210877665 29.979999542236328 AB 8.211732065592878 1.2490592808791074
60443.9909 lsst_hardware_z 1904.202174367224 61.17926606584804 30.940000534057617 AB 7.556947956994905 1.1608809396787054
60445.9551 lsst_hardware_y 645.3106657901337 75.90268259296293 29.979999542236328 AB 12.423977368684838 1.3027588991979906
60445.9739 lsst_hardware_z 1900.787022279134 63.378112782155355 30.940000534057617 AB 12.656354889594887 1.2074370243841717
60454.9553 lsst_hardware_y 687.7829760837712 70.14589415476408 30.020000457763672 AB 8.174479677868096 1.182322563602541
60454.9768 lsst_hardware_g 250.1959306162638 64.2679728225236 31.690000534057617 AB 6.396537409766924 1.1087454704203827
60456.9561 lsst_hardware_y 1052.256790976798 89.63983817641689 30.770000457763672 AB 7.752352110620477 1.1583208861260763
60456.9805 lsst_hardware_i 3642.7999352562647 74.0614827481023 32.0 AB 6.9626202357416505 1.0843091665550555
60458.957 lsst_hardware_y 566.8595549978755 59.39145118129947 30.030000686645508 AB 11.008813883892755 1.136178672481019
60458.9793 lsst_hardware_g 195.50773067458675 20.05885012478385 31.40999984741211 AB 10.21710612007769 1.0741845261081873
60460.9614 lsst_hardware_y 518.8192009237458 53.505850713563504 30.030000686645508 AB 7.570530802645755 1.105940417215488
60460.9806 lsst_hardware_i 1450.4722927578657 48.91234417862196 31.25 AB 7.261878103522511 1.059638333158274
60462.9547 lsst_hardware_z 1133.5066791765805 61.58583211812008 30.959999084472656 AB 10.540074366766383 1.1094815122911983
60462.9735 lsst_hardware_u 3.1512761767616926 3.6200856658456675 28.3700008392334 AB 9.75300545672596 1.0629978699428841
60464.9554 lsst_hardware_y 565.0987870795066 60.768812474035286 30.040000915527344 AB 13.456942952028156 1.0925651576050293
60464.9732 lsst_hardware_r 548.597052284072 32.4884001602002 31.489999771118164 AB 12.365815133231818 1.0527681877432162
60466.9577 lsst_hardware_y 384.12409617548195 55.02479854488382 30.040000915527344 AB 4.961049199644384 1.073626517506449
60466.9786 lsst_hardware_z 944.2086766301411 50.73471227652396 30.950000762939453 AB 4.36236491456406 1.0344711677884895
60685.2883 lsst_hardware_i -37.46426003613998 33.91999816894531 31.219999313354492 AB 9.095138954144048 1.3758104532986517
60685.3053 lsst_hardware_u 0.5887253122080452 2.740000009536743 28.350000381469727 AB 9.09162978204233 1.2721200226733038
60687.2819 lsst_hardware_g 30.28879668516059 71.91000366210938 31.579999923706055 AB 8.042551711504602 1.3823567740640432
60687.2992 lsst_hardware_r -47.22596551998657 60.70000076293945 31.579999923706055 AB 8.669580173454374 1.2755635370457612
60691.2967 lsst_hardware_z 173.22896824909407 84.6500015258789 31.719999313354492 AB 6.997791285852047 1.2327651344758297
60693.3093 lsst_hardware_r -70.86135003463997 70.30999755859375 31.6200008392334 AB 8.395537988881145 1.157247043506829
60693.3273 lsst_hardware_i 91.04164074647404 59.25 31.31999969482422 AB 7.963622176021319 1.1001757513326407
60698.2991 lsst_hardware_z -32.96361072233756 44.599998474121094 30.940000534057617 AB 10.314173812597419 1.145022718663099
60698.3176 lsst_hardware_g -4.863342478421932 24.450000762939453 31.59000015258789 AB 9.82748440288509 1.089722905513039
60708.3091 lsst_hardware_u -2.978901740808168 2.8399999141693115 28.540000915527344 AB 8.777481750259197 1.0488924616919972
60708.3269 lsst_hardware_r 33.112964158342 23.209999084472656 31.520000457763672 AB 8.543791971166643 1.0223923379936148
60712.2172 lsst_hardware_g 7.932200923102873 14.489999771118164 31.350000381469727 AB 5.84931266213511 1.3580944188844
60712.2361 lsst_hardware_r 30.253517717471897 24.010000228881836 31.479999542236328 AB 5.376454626055251 1.2487410581942286
60715.1933 lsst_hardware_r -71.6059854738124 58.7599983215332 31.530000686645508 AB 8.391143307494913 1.476187763002682
60715.2135 lsst_hardware_i -36.148564817388944 50.150001525878906 31.260000228881836 AB 7.076441455457952 1.3292420240669875
60719.2228 lsst_hardware_r -82.71294506017865 99.33999633789062 31.6200008392334 AB 6.113642985494794 1.2208566169529516
60719.2414 lsst_hardware_i -146.62109787910927 76.2699966430664 31.31999969482422 AB 5.743695218659024 1.1462936173481169
60721.2095 lsst_hardware_z -11.866985008977299 72.48999786376953 30.969999313354492 AB 4.167474861008097 1.259055849247115
60721.2295 lsst_hardware_r 51.068637942671735 97.0 31.6299991607666 AB 3.868444817849321 1.169774665209955
60723.2217 lsst_hardware_z 133.65829202885794 99.5 31.729999542236328 AB 5.480668931388692 1.1788920050309082
60728.2154 lsst_hardware_r -25.695670757659407 25.280000686645508 31.5 AB 9.325566821324655 1.15130454584255
60728.2353 lsst_hardware_y -44.058336033279865 47.7599983215332 30.030000686645508 AB 8.834993054461211 1.0907398832668163
60730.2143 lsst_hardware_g 18.059875361006874 14.220000267028809 31.40999984741211 AB 9.536819922567238 1.1363503035528433
60730.2345 lsst_hardware_r -18.896457230576996 23.049999237060547 31.5 AB 9.10847042930126 1.0792026575001492
60732.2109 lsst_hardware_i -22.39187865483119 31.299999237060547 31.239999771118164 AB 6.263230256260063 1.129629408650025
60732.2297 lsst_hardware_z -46.465714695702744 41.59000015258789 30.940000534057617 AB 5.934575565001776 1.0776421944800756
60734.2194 lsst_hardware_r 8.91373380954223 23.1200008392334 31.5 AB 5.767840689258025 1.089505230309417
60734.2382 lsst_hardware_u -2.9288800837266282 2.75 28.479999542236328 AB 5.544344385263856 1.0487410564811834
60737.2129 lsst_hardware_g 29.260796010954948 14.149999618530273 31.399999618530273 AB 5.661193860147105 1.0852475529851633
60737.2334 lsst_hardware_i 35.33133504488821 30.6299991607666 31.25 AB 5.444938889862014 1.0428420186472613
60739.2138 lsst_hardware_z 24.844297716248562 41.58000183105469 30.950000762939453 AB 11.633208199133342 1.0703108104824202
60739.2343 lsst_hardware_r 4.5447537899648935 22.8700008392334 31.510000228881836 AB 11.21174491179413 1.0328883587179924
60741.2119 lsst_hardware_u -3.0717224863453283 2.680000066757202 28.40999984741211 AB 10.302934891228027 1.0626694861336754
60741.2314 lsst_hardware_g -0.13568715455525882 14.15999984741211 31.43000030517578 AB 9.956224814377897 1.0292799353228441
60743.2069 lsst_hardware_r -18.242515086170574 38.060001373291016 31.600000381469727 AB 9.617039911023651 1.0617178086800234
60743.228 lsst_hardware_i -3.328922681169243 37.04999923706055 31.290000915527344 AB 9.046027699255905 1.026538425955316
60752.1694 lsst_hardware_r -51.56040398146429 127.0199966430664 32.400001525878906 AB 7.519682044565339 1.0917076139032142
60752.1874 lsst_hardware_z -101.94761640351294 94.43000030517578 31.75 AB 7.233237385472923 1.0517757873358102
60754.1644 lsst_hardware_g -67.03466194184362 51.290000915527344 31.700000762939453 AB 5.072000938527578 1.0905183699263767
60754.1813 lsst_hardware_i 10.301231152794902 48.08000183105469 31.309999465942383 AB 5.5333850534411235 1.0529752718251424
60756.1685 lsst_hardware_z -9.860643403272144 43.31999969482422 30.959999084472656 AB 5.083926772523253 1.0678648918305451
60756.1856 lsst_hardware_r -27.958176495307683 30.889999389648438 31.579999923706055 AB 4.993676303019837 1.0363011783179945
60758.171 lsst_hardware_u 3.3604894330244477 2.9100000858306885 28.579999923706055 AB 6.2419660742576575 1.0518099375276055
60758.187 lsst_hardware_g -3.0024157568694667 14.710000038146973 31.479999542236328 AB 6.12673721934844 1.026598059542299
60760.1734 lsst_hardware_i 40.731762254054914 30.8799991607666 31.260000228881836 AB 7.63714455524363 1.0382903344767358
60760.1924 lsst_hardware_z -68.8060498146321 41.0 30.959999084472656 AB 7.486522959868972 1.014456915450074
60762.1549 lsst_hardware_z -117.41188348287814 41.91999816894531 30.959999084472656 AB 7.815778832317664 1.0619745684565873
60762.1718 lsst_hardware_r 20.192647182948598 23.520000457763672 31.520000457763672 AB 7.392753191529262 1.0324593629061862
60764.1548 lsst_hardware_u 6.181646629895659 2.9000000953674316 28.56999969482422 AB 6.714695836827492 1.0514713180124309
60764.1736 lsst_hardware_r -10.611767780843156 23.489999771118164 31.520000457763672 AB 6.952761382908581 1.0228785733802024
