data/validation/pwv_sim_epoch_fit_4/19867367.ecsv
# %ECSV 0.9
# ---
# datatype:
# - {name: time, datatype: float64}
# - {name: band, datatype: string}
# - {name: flux, datatype: float64}
# - {name: fluxerr, datatype: float64}
# - {name: zp, datatype: float64}
# - {name: zpsys, datatype: string}
# - {name: pwv, datatype: float64}
# - {name: airmass, datatype: float64}
# meta: {SNID: '19867367', alt: 1024.0, c: 0.04011670500040054, dec: -44.003082, lat: -30.244573, lon: -70.7499537, ra: 116.265305, t0: 61000.15625,
#   x0: 1.474963366861167e-05, x1: 0.6073603630065918, z: 0.39075854420661926}
# schema: astropy-2.0
time band flux fluxerr zp zpsys pwv airmass
61015.3408 lsst_hardware_i 3127.2388208202533 80.72035523813065 31.31999969482422 AB 4.389308293848392 1.0416631964043226
61015.3532 lsst_hardware_z 2100.088557924148 85.07057692544714 30.989999771118164 AB 4.470832912934764 1.0536961849952307
61017.3191 lsst_hardware_r 5848.379980790149 111.11427067750127 32.38999938964844 AB 5.693036760931374 1.0322822775940454
61017.3331 lsst_hardware_z 3600.8388794531575 92.06791824580355 31.719999313354492 AB 5.770491597945676 1.0399468232863982
61020.3134 lsst_hardware_r 2397.2041504054173 59.360087049509794 31.59000015258789 AB 8.553790970423668 1.0332641270480871
61020.3256 lsst_hardware_i 2370.788480172491 60.17805492425044 31.280000686645508 AB 8.610087888083388 1.0404625706877
61022.3031 lsst_hardware_z 1481.211337872257 56.389169340112204 30.959999084472656 AB 10.364774196919335 1.031508984748727
61022.3157 lsst_hardware_i 2203.2611603348523 55.44907627229956 31.260000228881836 AB 10.403537506276843 1.0373799281669176
61024.3082 lsst_hardware_u 1.960087758431367 3.1238138507638054 28.450000762939453 AB 8.559512508935775 1.036142964611899
61024.3203 lsst_hardware_g 427.24101796395706 24.54039431175924 31.40999984741211 AB 8.63953694184154 1.0451418607451874
61026.3077 lsst_hardware_r 1423.821308487766 43.74123852260013 31.479999542236328 AB 6.884393029101678 1.0393497684999216
61026.3191 lsst_hardware_i 1850.7577163188266 52.36359625385532 31.25 AB 6.948820110791208 1.049274459915573
61028.3065 lsst_hardware_z 1521.7961509344566 55.22756445531157 30.950000762939453 AB 5.076606975817679 1.042638524505582
61028.3193 lsst_hardware_u 5.689042972802187 2.793871748021476 28.420000076293945 AB 5.133203001852788 1.0555630273190113
61030.2971 lsst_hardware_r 1064.5446589408737 39.5828894339944 31.479999542236328 AB 6.274743242602129 1.0395819261524994
61030.3103 lsst_hardware_g 219.30069155771747 20.305084764324015 31.3799991607666 AB 6.4870296469195505 1.0515244598544042
61036.2855 lsst_hardware_u 2.9390007853585844 2.796418190824586 28.450000762939453 AB 6.567108876933394 1.043350498778012
61036.2984 lsst_hardware_g 145.67895041203232 18.267959719138084 31.389999389648438 AB 6.316702206701306 1.0567023054997977
61038.2873 lsst_hardware_r 709.0965470324396 34.270567658451526 31.479999542236328 AB 7.539814854052621 1.0502841484065593
61038.3 lsst_hardware_i 1322.079956923379 46.796263581465226 31.239999771118164 AB 7.462377480504887 1.0660539257864123
61040.2947 lsst_hardware_z 1078.7593686973694 52.95145420552576 30.940000534057617 AB 5.346529989705764 1.0662848575115367
61040.3069 lsst_hardware_u 0.8534376265471598 2.6769100866719437 28.360000610351562 AB 5.463129412777126 1.0861092271922714
61042.2345 lsst_hardware_z 1195.3730933220422 64.08431216031295 30.979999542236328 AB 5.575198159860881 1.0299011379053347
61042.2471 lsst_hardware_r 723.1415076891158 76.77929038594807 31.649999618530273 AB 5.662258208381066 1.0311262975077817
61043.2303 lsst_hardware_z 2071.1251407592777 94.53822250801575 31.729999542236328 AB 3.6663883609340306 1.030029038048611
61043.2431 lsst_hardware_r 1445.8818204941717 120.79923999577991 32.40999984741211 AB 3.6496003505348034 1.0308149556658095
61045.2295 lsst_hardware_i 1037.6631187854025 68.27427112867291 31.329999923706055 AB 11.938704274987906 1.0298200875517904
61045.2431 lsst_hardware_z 906.4081773226745 63.721715370080126 30.979999542236328 AB 11.965412990296674 1.0324579235322957
61048.2249 lsst_hardware_r 532.9921812170927 50.64896982809213 31.6299991607666 AB 8.275653711504344 1.030046825964384
61048.238 lsst_hardware_z 871.0517686643302 54.387247829003684 30.969999313354492 AB 8.29083338425475 1.0337375249218852
61056.1867 lsst_hardware_r 359.30383078452894 28.842919032348632 31.479999542236328 AB 5.285159901672507 1.0317540071591031
61056.1984 lsst_hardware_i 708.2983664725824 39.33724522504446 31.239999771118164 AB 5.286337863371157 1.0298227951826147
61060.1889 lsst_hardware_u -0.7501061669543064 2.938349522148957 28.420000076293945 AB 9.282235522160775 1.0298338227249322
61060.2024 lsst_hardware_r 365.6251767860907 28.37118022466277 31.479999542236328 AB 9.175332130594908 1.0325604468371492
61062.189 lsst_hardware_i 615.0398671258133 38.002532604337425 31.239999771118164 AB 10.045421154012706 1.030378865452492
61062.2017 lsst_hardware_z 522.3754971462939 46.23428559348469 30.950000762939453 AB 10.061630330475293 1.0346681403131588
61064.1777 lsst_hardware_r 326.17900711614027 27.894447926115703 31.469999313354492 AB 11.747777915531582 1.0298293154092992
61064.192 lsst_hardware_u 0.5899578692976569 2.6039831533046773 28.350000381469727 AB 11.639244495501224 1.0327634867348083
61066.1814 lsst_hardware_g 57.318281459436655 15.02697345227587 31.3700008392334 AB 14.37960835344068 1.0310919513438033
61066.1952 lsst_hardware_r 254.88202764969242 27.769962491431315 31.469999313354492 AB 14.503933432974573 1.0371682330951366
61068.1733 lsst_hardware_i 497.91702754785484 43.683094340509136 31.280000686645508 AB 10.940861480097267 1.030504048233702
61068.1851 lsst_hardware_z 520.553924035519 48.32052168830324 30.950000762939453 AB 11.043597931461044 1.034561385035696
61070.1727 lsst_hardware_r 19.354458344279198 57.43000030517578 31.639999389648438 AB 12.642321507509882 1.031731465092413
61070.1845 lsst_hardware_z 0.38015767978553305 50.09000015258789 30.969999313354492 AB 12.800397100638769 1.0373093274423637
61073.1724 lsst_hardware_r 77.2747612821597 88.33999633789062 31.65999984741211 AB 9.05239088770325 1.0350518404234301
61073.1844 lsst_hardware_i -39.60324953060199 68.5 31.329999923706055 AB 9.050294064638942 1.043301652087182
61075.1752 lsst_hardware_z -11.325371506149233 54.5099983215332 30.969999313354492 AB 9.389592468097065 1.0403116049189336
61075.1853 lsst_hardware_i 7.528024683248989 57.40999984741211 31.31999969482422 AB 9.294277543953799 1.049281989664847
61077.1206 lsst_hardware_z 16.62933969473856 46.77000045776367 30.959999084472656 AB 4.554086373769382 1.0355687956725526
61077.1316 lsst_hardware_r 20.861464117442274 48.189998626708984 31.6299991607666 AB 4.036814047782018 1.031114699305745
61079.1584 lsst_hardware_g -24.929440788425435 28.049999237060547 31.6299991607666 AB 8.862363196944253 1.0363821893809972
61079.1712 lsst_hardware_r 3.8535687966232373 34.77000045776367 31.59000015258789 AB 9.437357838931542 1.0461542887630517
61081.1567 lsst_hardware_i -27.34243286870366 29.690000534057617 31.25 AB 3.6092767204931198 1.0387902490986136
61081.1713 lsst_hardware_z -23.226169094155964 41.31999969482422 30.950000762939453 AB 3.386854930629626 1.051818301437772
61087.152 lsst_hardware_z 9.287480774414696 40.79999923706055 30.959999084472656 AB 3.6898208048876966 1.0487411098685824
61087.1647 lsst_hardware_i -3.2438955558490594 29.90999984741211 31.25 AB 3.6307288430222218 1.063949844109076
61091.1394 lsst_hardware_r -29.44031485774493 21.579999923706055 31.489999771118164 AB 4.077679071301147 1.0470801347174048
61091.1511 lsst_hardware_i 23.281890660109525 29.8799991607666 31.25 AB 4.1331597498880095 1.060350978057854
61093.141 lsst_hardware_z 18.990134125535636 40.70000076293945 30.940000534057617 AB 6.808430627103858 1.0546168520104289
61093.1532 lsst_hardware_u -0.8074575854555218 2.509999990463257 28.329999923706055 AB 6.931639632603488 1.0710748852851129
61095.0816 lsst_hardware_z -16.675439121269182 41.43000030517578 30.950000762939453 AB 8.15540800844406 1.0313509969578323
61095.0944 lsst_hardware_r -8.553099302845082 25.09000015258789 31.530000686645508 AB 7.961038018119577 1.0298884887606008
61095.1374 lsst_hardware_g 5.891908550162749 12.760000228881836 31.3799991607666 AB 9.819478154408634 1.0568427374336624
61095.1488 lsst_hardware_r -14.576282875894401 21.59000015258789 31.479999542236328 AB 9.949124434198907 1.072720432094453
61098.1372 lsst_hardware_i 0.2660467272113802 43.439998626708984 31.290000915527344 AB 8.316844982707847 1.067562413543142
61098.1495 lsst_hardware_z -2.007453973662259 47.61000061035156 30.950000762939453 AB 8.411686184594585 1.0879056110443073
61100.0808 lsst_hardware_i -62.11449330796326 56.06999969482422 31.31999969482422 AB 3.9802782964691548 1.0298928252717912
61100.0922 lsst_hardware_z 47.08084614055976 54.18000030517578 30.979999542236328 AB 4.161379350210203 1.0322161354856016
61102.0779 lsst_hardware_r 69.77074178483693 85.5 31.65999984741211 AB 6.473436823429695 1.030118576861902
61102.0894 lsst_hardware_z -39.816678196962606 60.68000030517578 30.979999542236328 AB 6.061051323680031 1.0332511632594665
61104.072 lsst_hardware_g -210.76085630178838 80.56999969482422 31.729999542236328 AB 11.02172999092568 1.0300682234509981
61104.085 lsst_hardware_r 17.028868999821032 74.1500015258789 31.649999618530273 AB 10.64865822521256 1.033716498693945
61106.0719 lsst_hardware_i 108.43952261638799 43.310001373291016 31.299999237060547 AB 6.620618070809238 1.0310347909275017
61106.0863 lsst_hardware_z 60.4076650106617 48.189998626708984 30.959999084472656 AB 7.507896729891677 1.0373844044618197
61108.0703 lsst_hardware_r -7.053129384891126 21.280000686645508 31.469999313354492 AB 11.06370714936132 1.03219864092999
61108.0841 lsst_hardware_g -3.50149948673585 21.90999984741211 31.56999969482422 AB 10.686503744485977 1.039593729703388
61110.0699 lsst_hardware_r -1.219557722003729 21.31999969482422 31.479999542236328 AB 7.400994424186496 1.03432053910485
61110.0846 lsst_hardware_i -11.101863439035908 29.559999465942383 31.25 AB 7.880563936885767 1.0443827278639828
61112.0715 lsst_hardware_z -1.4119465438390901 40.5 30.950000762939453 AB 10.885266569000539 1.0384227587885084
61112.0852 lsst_hardware_i 30.77982041669111 29.6200008392334 31.239999771118164 AB 13.632703457215147 1.050265091752115
61115.0514 lsst_hardware_r -5.769604178405149 21.219999313354492 31.469999313354492 AB 8.024228602916535 1.0322764068932078
61115.0647 lsst_hardware_u 2.9047551099149436 2.4700000286102295 28.309999465942383 AB 8.104648075081904 1.039390583530863
61117.0394 lsst_hardware_g -14.719795554620728 12.640000343322754 31.3799991607666 AB 8.00286179372472 1.0304998446722535
61117.0535 lsst_hardware_r 9.191206095193017 21.290000915527344 31.469999313354492 AB 7.112429343795039 1.0357404024748855
61123.0334 lsst_hardware_r -32.138879187739356 22.690000534057617 31.489999771118164 AB 4.830661349815158 1.033849406059959
61123.0471 lsst_hardware_i 74.09017426200832 30.059999465942383 31.239999771118164 AB 4.345756014270467 1.0426686428320624
61125.0242 lsst_hardware_z 64.20184544109449 60.04999923706055 31.700000762939453 AB 7.635701568118233 1.0323165707235107
61125.0366 lsst_hardware_i 42.94975083144456 48.38999938964844 32.02000045776367 AB 7.758710924119866 1.038834810870299
61127.0369 lsst_hardware_z 43.22170623202121 66.20999908447266 31.709999084472656 AB 7.218082748611045 1.0432765583847146
61129.0186 lsst_hardware_r -25.246790660787887 62.959999084472656 31.639999389648438 AB 6.187668299113598 1.0346117989823205
61129.0328 lsst_hardware_i -41.0698478063011 53.18000030517578 31.309999465942383 AB 6.050206709418674 1.0444596690215229
61132.0241 lsst_hardware_z 20.36333637687264 83.19000244140625 31.729999542236328 AB 8.10432099386311 1.0440124949153504
61134.0144 lsst_hardware_g -7.255033394672781 61.27000045776367 31.719999313354492 AB 5.306842530807995 1.04055735898196
61134.0278 lsst_hardware_r 57.061744705523296 64.69999694824219 31.639999389648438 AB 5.371297023087966 1.0531954947231308
61136.0187 lsst_hardware_i 16.738773045466292 29.579999923706055 31.239999771118164 AB 8.499041843040919 1.0492644250667802
61136.0304 lsst_hardware_z 47.28017931569983 45.0 30.959999084472656 AB 8.612524604902148 1.0632746425805122
61138.0145 lsst_hardware_i 16.478886623134482 29.579999923706055 31.239999771118164 AB 7.965183486663998 1.0505847641236312
61138.0266 lsst_hardware_u -5.635887627206721 2.509999990463257 28.329999923706055 AB 8.166873533143262 1.0655918494913466
61378.3525 lsst_hardware_g -6.994157382984872 30.8700008392334 31.649999618530273 AB 4.6005621295623405 1.0465336964427525
61380.3368 lsst_hardware_r 0.5290652945885729 22.190000534057617 31.5 AB 4.410712481846404 1.0382422131104345
61380.3486 lsst_hardware_i -11.039560523891327 38.7400016784668 31.290000915527344 AB 4.4104707945162565 1.0480534175764882
61382.3134 lsst_hardware_z 0.9510035892134421 40.52000045776367 30.950000762939453 AB 5.7123914550188015 1.030528540548808
61382.3266 lsst_hardware_i -24.23208841452386 29.6299991607666 31.25 AB 5.709387057733544 1.0353721316085736
61384.3141 lsst_hardware_u 3.1165356525726864 2.680000066757202 28.5 AB 10.344361440225 1.032216877735369
61384.326 lsst_hardware_g 32.35610494092835 12.789999961853027 31.389999389648438 AB 10.420109413771426 1.038324888024655
61388.303 lsst_hardware_z 39.274052438886834 40.33000183105469 30.940000534057617 AB 7.444075187332502 1.0321551804588018
61388.315 lsst_hardware_u -6.879885886735672 2.5399999618530273 28.3700008392334 AB 7.477643203946475 1.0382731468961761
61393.3072 lsst_hardware_i -33.56546909585352 29.65999984741211 31.25 AB 5.016613677802197 1.0426659992660796
61393.3191 lsst_hardware_z 88.9974435821909 40.83000183105469 30.950000762939453 AB 5.093402369376001 1.0545346520446304
61395.2909 lsst_hardware_z 6.811428795585104 40.66999816894531 30.959999084472656 AB 5.543673755570798 1.0352654154633976
61395.3024 lsst_hardware_i 15.152601966734533 29.799999237060547 31.260000228881836 AB 6.26715344153617 1.0432215466558619
61404.2898 lsst_hardware_z -5.9581108618810275 43.38999938964844 30.950000762939453 AB 9.181998196202949 1.0554020915175804
61404.302 lsst_hardware_g -12.664074749272869 31.25 31.639999389648438 AB 10.021336245527378 1.0721064380779592
61406.234 lsst_hardware_u 0.052211021483988505 3.0 28.579999923706055 AB 7.251065455631306 1.0303782574716394
61406.2471 lsst_hardware_g 5.518084218911136 16.229999542236328 31.5 AB 7.250331221696085 1.0303969151604375
61408.232 lsst_hardware_r 24.662537927355544 30.200000762939453 32.22999954223633 AB 3.639836639354666 1.0299481152673093
61408.2445 lsst_hardware_i 32.48422613693541 41.83000183105469 32.0 AB 3.64355128898204 1.030999232875508
61410.2356 lsst_hardware_z 72.88709938697085 40.439998626708984 30.950000762939453 AB 11.937351438818824 1.0303032852578538
61410.2483 lsst_hardware_r -27.672609157888818 21.360000610351562 31.479999542236328 AB 12.166651169679204 1.034425248766485
61412.2345 lsst_hardware_u -2.613457617684038 2.5799999237060547 28.40999984741211 AB 9.061166806579172 1.0312405318565065
61412.2469 lsst_hardware_r -37.47859984462071 21.31999969482422 31.479999542236328 AB 8.959391358672786 1.0366466397723866
61414.2413 lsst_hardware_z -52.124971223044575 40.459999084472656 30.950000762939453 AB 7.182351863257833 1.0365639866153604
61414.2542 lsst_hardware_i 4.318223420304257 29.65999984741211 31.25 AB 8.318928103466238 1.046537690711566
61419.2375 lsst_hardware_r -27.912830792372482 21.520000457763672 31.489999771118164 AB 8.245780903189333 1.0437697345809283
61419.2497 lsst_hardware_i 21.2637830305718 29.770000457763672 31.25 AB 8.342488660432682 1.0564346882209343
61421.1853 lsst_hardware_r 11.988663354364926 21.450000762939453 31.489999771118164 AB 5.2855636755421465 1.032487898723865
61421.1989 lsst_hardware_i 46.81318889921429 29.489999771118164 31.25 AB 5.2707145118019705 1.0298387088319558
61423.1927 lsst_hardware_z 57.695156588498186 43.95000076293945 30.959999084472656 AB 6.402806330280383 1.029859206543235
61423.2056 lsst_hardware_r -13.105801963485234 33.2599983215332 31.59000015258789 AB 6.444049094808737 1.031570517564964
61425.1875 lsst_hardware_z -65.3996408169627 50.61000061035156 30.979999542236328 AB 9.062694669463811 1.029851666984524
61425.2002 lsst_hardware_r -50.67374483451945 59.06999969482422 31.649999618530273 AB 9.146076180322163 1.0315899143156
61427.1814 lsst_hardware_i -140.67730278907382 68.1500015258789 31.329999923706055 AB 10.00936994040498 1.02987652437545
