data/validation/pwv_sim_epoch_fit_4/19908697.ecsv
# %ECSV 0.9
# ---
# datatype:
# - {name: time, datatype: float64}
# - {name: band, datatype: string}
# - {name: flux, datatype: float64}
# - {name: fluxerr, datatype: float64}
# - {name: zp, datatype: float64}
# - {name: zpsys, datatype: string}
# - {name: pwv, datatype: float64}
# - {name: airmass, datatype: float64}
# meta: {SNID: '19908697', alt: 1024.0, c: -0.0992884635925293, dec: -52.029728, lat: -30.244573, lon: -70.7499537, ra: 323.161774, t0: 59827.375,
#   x0: 8.838046880293361e-06, x1: 0.7971869111061096, z: 0.48407331109046936}
# schema: astropy-2.0
time band flux fluxerr zp zpsys pwv airmass
59842.144 lsst_hardware_u 1.972434417047663 2.989426685493903 28.40999984741211 AB 7.8036971908821195 1.102333890014072
59842.1553 lsst_hardware_g 537.1390491384095 25.98719674791944 31.389999389648438 AB 7.836049826702897 1.1172145605811632
59844.1458 lsst_hardware_r 1798.7847342002176 47.75751110821603 31.479999542236328 AB 3.7735941336663235 1.1114879262658226
59844.1574 lsst_hardware_z 1170.486057561376 53.25081614559998 30.940000534057617 AB 3.8267639740550563 1.129199785788494
59846.1434 lsst_hardware_r 1509.9510499135163 45.33554581923542 31.469999313354492 AB 3.9297095020498802 1.1157871903224703
59846.1551 lsst_hardware_u 8.870828426536521 3.3947878012907697 28.260000228881836 AB 3.992297490916682 1.1347126928233109
59853.0564 lsst_hardware_g 197.2725310894102 22.732448601107023 31.5 AB 6.2020473154022575 1.0778671038237806
59853.0696 lsst_hardware_r 987.6784419598691 39.78910733376582 31.510000228881836 AB 6.161455948710767 1.0762055163536608
59855.055 lsst_hardware_i 1095.0806463979643 50.83977237007209 31.290000915527344 AB 3.22854922899636 1.0769010103392358
59855.067 lsst_hardware_z 827.5141209401031 53.33759911154451 30.959999084472656 AB 3.080682512104542 1.076408983963851
59860.0541 lsst_hardware_i 879.4688399729728 75.89676804879808 31.31999969482422 AB 5.213478289601235 1.0764976852357127
59860.0662 lsst_hardware_r 653.969760613119 92.00779156609865 31.649999618530273 AB 5.73969852566554 1.0798040684151722
59862.1314 lsst_hardware_z 789.3386998235686 67.32867205883451 30.969999313354492 AB 3.743686027612779 1.176889666020993
59862.1421 lsst_hardware_r 539.7981422778214 90.37636996873901 31.6200008392334 AB 3.783705993574748 1.2050978560633006
59864.1366 lsst_hardware_i 772.5221101328746 59.93684079305852 31.290000915527344 AB 7.248812091817988 1.2049889884996934
59864.1481 lsst_hardware_z 827.3790914727259 60.18887925026485 30.950000762939453 AB 7.50010062147787 1.2401985318690576
59867.0786 lsst_hardware_i 554.8210552616863 39.15897692805066 31.229999542236328 AB 6.527245561707456 1.105781781919551
59867.0893 lsst_hardware_z 641.0707454382342 48.88922074266586 30.940000534057617 AB 6.947964298773503 1.1206394030279843
59869.081 lsst_hardware_i 582.0140010993184 38.93274852135768 31.239999771118164 AB 7.283653036084163 1.1163827266260915
59869.0921 lsst_hardware_u 1.041736574353439 2.7810879490579103 28.3799991607666 AB 7.812126915204885 1.1343706269582556
59871.0803 lsst_hardware_g 85.58752183803534 16.225304614402514 31.40999984741211 AB 4.240022367677532 1.1236560237656363
59871.092 lsst_hardware_r 274.7589596873987 29.16677654022719 31.479999542236328 AB 4.832741099721107 1.1443857683450687
59875.0792 lsst_hardware_u 6.631944427155417 3.4103504128622766 28.399999618530273 AB 4.989197657445436 1.140779160270969
59875.0903 lsst_hardware_g 75.226122380182 16.017091032576936 31.3799991607666 AB 6.2274224441819 1.1637504178245506
60083.415 lsst_hardware_i 125.47887236971032 99.6500015258789 31.34000015258789 AB 10.38682886784961 1.0822995590131927
60083.4275 lsst_hardware_y -36.07966380262654 134.16000366210938 30.06999969482422 AB 9.586037697036698 1.077324982809249
60094.4176 lsst_hardware_r -130.70080142585158 88.83999633789062 31.649999618530273 AB 13.731379303563948 1.077393432998348
60094.4306 lsst_hardware_y -303.39855038286606 133.91000366210938 30.06999969482422 AB 13.783013771557311 1.082740334378691
60101.3926 lsst_hardware_i -167.2610891518883 99.58000183105469 31.329999923706055 AB 4.775376502504915 1.0763433138628657
60101.4077 lsst_hardware_z 131.8949936306774 123.45999908447266 31.0 AB 4.772393470258333 1.0807458321022834
60119.1596 lsst_hardware_r -63.8801419037598 117.41999816894531 32.2599983215332 AB 5.768429619687086 1.6045329370261476
60119.1753 lsst_hardware_i 64.11210311079392 135.1999969482422 32.0 AB 5.595478363378551 1.4931229788868303
60124.3047 lsst_hardware_z -11.358079360102629 123.5199966430664 31.0 AB 2.0660682790876734 1.081428044536949
60124.3178 lsst_hardware_r 1.2254633308073448 88.79000091552734 31.649999618530273 AB 2.131874335087173 1.076840174308544
60126.3427 lsst_hardware_i 50.96150947282728 99.51000213623047 31.329999923706055 AB 9.327498971194352 1.0824322346317645
60126.3563 lsst_hardware_z 104.35640320984801 123.33999633789062 31.0 AB 9.414242068769433 1.092392906564102
60127.3385 lsst_hardware_r 11.859340226155004 88.68000030517578 31.649999618530273 AB 7.488890561329097 1.0816364972311054
60127.3503 lsst_hardware_z 13.908521004180368 123.4000015258789 31.0 AB 7.575200533715167 1.0895649814764712
60131.388 lsst_hardware_z -359.46449605116504 173.72000122070312 31.739999771118164 AB 5.726602909461075 1.162290016127679
60133.2959 lsst_hardware_r 25.339247372862456 88.62999725341797 31.639999389648438 AB 1.4222263070574768 1.0764248303178632
60133.3085 lsst_hardware_z 49.69854010646556 123.41999816894531 31.0 AB 1.4122480446227723 1.0768189436697124
60138.2988 lsst_hardware_r 44.01900988979424 88.8499984741211 31.649999618530273 AB 6.574246134379888 1.0777452679311292
60138.3113 lsst_hardware_i -173.93934612207207 99.62999725341797 31.34000015258789 AB 6.607633201226408 1.0832185575780997
60142.2403 lsst_hardware_z 30.003905145913933 123.43000030517578 31.0 AB 1.9126273726339695 1.0922017926909506
60142.2515 lsst_hardware_r -121.00287846241038 88.70999908447266 31.649999618530273 AB 2.022398838974762 1.0837182311198155
60144.2416 lsst_hardware_u -14.245391968369445 33.90999984741211 29.5 AB 2.7256190417557393 1.0866977374267017
60144.2525 lsst_hardware_g -139.96736462863507 98.61000061035156 31.719999313354492 AB 2.479222506710044 1.0802712447538318
60147.2338 lsst_hardware_z -28.273691438776552 123.51000213623047 31.0 AB 5.508132715250353 1.0864167091223578
60147.2462 lsst_hardware_r 99.80618934753655 88.79000091552734 31.649999618530273 AB 5.441290475020607 1.0794604919943673
60158.219 lsst_hardware_y -107.49754215011757 189.60000610351562 30.81999969482422 AB 1.9225409365235295 1.0784130901829427
60162.2194 lsst_hardware_z 110.26959682190883 123.47000122070312 31.0 AB 2.4558667244643138 1.0761905015181041
60162.2315 lsst_hardware_r -40.54919260441161 88.69000244140625 31.649999618530273 AB 2.4220125396898875 1.077287908235393
60164.2108 lsst_hardware_u -50.23437294468285 33.7599983215332 29.489999771118164 AB 3.3371269724009456 1.0764925717422404
60164.2223 lsst_hardware_r -27.643289774576502 88.73999786376953 31.649999618530273 AB 3.3373548839731617 1.0765660916042457
60165.2119 lsst_hardware_i -23.56306730477614 99.66999816894531 31.34000015258789 AB 3.643869309750324 1.0761575043562681
60165.2235 lsst_hardware_z -113.80431094350192 123.55999755859375 31.0 AB 3.622538639315892 1.0773349113207114
60168.2201 lsst_hardware_r -198.55483212839653 88.87999725341797 31.649999618530273 AB 2.9335809367087786 1.0787868117340444
60168.2317 lsst_hardware_u -45.24218668041748 33.869998931884766 29.5 AB 2.9562481432655163 1.0846626832748179
60176.2368 lsst_hardware_u -28.542436468578178 33.43000030517578 29.469999313354492 AB 1.983168809941816 1.1116936384968372
60176.2467 lsst_hardware_g -30.239847289355215 97.61000061035156 31.700000762939453 AB 1.9999352107828872 1.1266182766592172
60178.1495 lsst_hardware_g -134.14814292501515 98.19000244140625 31.709999084472656 AB 2.196992911222228 1.0861863437156698
60178.1608 lsst_hardware_r -71.81100545907809 88.76000213623047 31.649999618530273 AB 2.1641642918983255 1.0797875973048898
60179.2315 lsst_hardware_z 249.55153392554232 123.12999725341797 30.989999771118164 AB 2.3046081680697186 1.1157628506753567
60179.2428 lsst_hardware_r -93.6084931325054 88.04000091552734 31.6299991607666 AB 2.3210681897781953 1.1339800617758466
60181.2394 lsst_hardware_z -259.93661204116705 122.9000015258789 30.989999771118164 AB 3.861778232722442 1.1377133161315256
60181.2505 lsst_hardware_r -107.73808732676294 87.73999786376953 31.6200008392334 AB 3.7970440005288983 1.1601112131160705
60183.2283 lsst_hardware_i -170.54061153439292 99.1500015258789 31.31999969482422 AB 3.260295864973613 1.1278048538392436
60183.2391 lsst_hardware_z -59.68380261069593 122.98999786376953 30.989999771118164 AB 3.31170217106687 1.1476385021601723
60185.1441 lsst_hardware_z -44.60369949641536 123.4800033569336 31.0 AB 5.609953155557956 1.0788371452996068
60185.1551 lsst_hardware_r 95.1248826224735 88.77999877929688 31.649999618530273 AB 5.596827257977436 1.07631293422643
60193.0232 lsst_hardware_z -103.02148151181581 122.18000030517578 30.979999542236328 AB 1.0929423015932653 1.2533741990748455
60193.0292 lsst_hardware_u 60.277705855319766 31.579999923706055 29.34000015258789 AB 1.0495802399236136 1.233349283106479
60197.1231 lsst_hardware_r -78.6930617025202 88.81999969482422 31.649999618530273 AB 3.7924457973186194 1.0762527981039005
60197.1345 lsst_hardware_i -50.848242862054924 99.73999786376953 31.34000015258789 AB 3.9273970024055513 1.0769827246084693
60198.116 lsst_hardware_z 31.473069948935596 123.55000305175781 31.0 AB 2.8357993242274957 1.076817666310042
60198.1276 lsst_hardware_r -2.3709574600106533 88.87999725341797 31.649999618530273 AB 2.906136252291666 1.0763467601080243
60202.1147 lsst_hardware_r -164.5023419878156 88.72000122070312 31.649999618530273 AB 1.081576895726931 1.0761959161464216
60202.1262 lsst_hardware_z 36.091767448947884 123.5 31.0 AB 1.466483068916922 1.078428534563247
60204.1142 lsst_hardware_r -26.904517050201928 88.87999725341797 31.649999618530273 AB 1.1288050524141742 1.0767615762286742
60204.1267 lsst_hardware_u 25.668003214994766 33.91999816894531 29.5 AB 0.7580507065659415 1.080870779324061
60208.1425 lsst_hardware_z -129.59498880328525 123.37000274658203 31.0 AB 5.071172489477044 1.1029083274199747
60208.1548 lsst_hardware_g -97.59819468292818 97.7699966430664 31.709999084472656 AB 5.005095962858787 1.1194578311023904
60210.1387 lsst_hardware_r 25.182840036180988 88.36000061035156 31.639999389648438 AB 1.5251286527068464 1.1048988065975704
60210.1508 lsst_hardware_i 150.58320325793443 99.08000183105469 31.31999969482422 AB 1.4742992788005205 1.121708809637728
60212.1489 lsst_hardware_z -9.665926017847902 123.12000274658203 30.989999771118164 AB 6.211526666640429 1.1274552274878926
60212.1601 lsst_hardware_r 109.3431509107307 88.04000091552734 31.6299991607666 AB 6.2850180909739235 1.1480184043425334
60216.0746 lsst_hardware_z -166.91234630365932 123.30000305175781 31.0 AB 3.6449931543780174 1.0761451064715515
60216.0862 lsst_hardware_r -86.18897920840574 88.48999786376953 31.639999389648438 AB 4.008718069062777 1.077877990292261
60225.0516 lsst_hardware_i 117.12293932110268 99.5199966430664 31.329999923706055 AB 5.166786356352128 1.0761896180695956
60225.0639 lsst_hardware_z -10.388024159016396 123.36000061035156 31.0 AB 6.061782662823737 1.0786090147364857
60228.1369 lsst_hardware_u -3.3921697668292756 31.809999465942383 29.360000610351562 AB 5.36076859621616 1.1962441080516955
60228.148 lsst_hardware_g 249.82991859152474 95.2300033569336 31.649999618530273 AB 5.501135181607684 1.228754787046726
60236.9991 lsst_hardware_z 82.62849863122456 174.85000610351562 31.75 AB 2.4184517040798856 1.0800677502403657
60239.0797 lsst_hardware_g -34.53872738145254 97.08999633789062 31.690000534057617 AB 4.435667657005671 1.1353129401088906
60239.0909 lsst_hardware_r -31.277541506321505 87.69000244140625 31.6200008392334 AB 5.040533089028092 1.1574571753288345
60241.0794 lsst_hardware_i 22.763122200062842 99.06999969482422 31.31999969482422 AB 4.213694042610753 1.1450255550572699
60241.0911 lsst_hardware_z 23.33509115951933 122.83999633789062 30.989999771118164 AB 3.6276253729576284 1.1702017332121382
60243.0796 lsst_hardware_i 46.9340915120277 99.04000091552734 31.31999969482422 AB 2.5292976149245323 1.1566469029036388
60243.0913 lsst_hardware_z -24.055179917390955 122.81999969482422 30.989999771118164 AB 2.711861472548177 1.1840466333349096
