data/validation/pwv_sim_epoch_fit_4/20272223.ecsv
# %ECSV 0.9
# ---
# datatype:
# - {name: time, datatype: float64}
# - {name: band, datatype: string}
# - {name: flux, datatype: float64}
# - {name: fluxerr, datatype: float64}
# - {name: zp, datatype: float64}
# - {name: zpsys, datatype: string}
# - {name: pwv, datatype: float64}
# - {name: airmass, datatype: float64}
# meta: {SNID: '20272223', alt: 1024.0, c: 0.03628199175000191, dec: -40.033035, lat: -30.244573, lon: -70.7499537, ra: 17.226562, t0: 60944.39453125,
#   x0: 3.837196132144199e-06, x1: 1.0970702171325684, z: 0.6836666464805603}
# schema: astropy-2.0
time band flux fluxerr zp zpsys pwv airmass
[from data line 132]
61311.3295 lsst_hardware_z -27.886230132318687 64.6500015258789 30.969999313354492 AB 4.420015650514996 1.1774149308777293
61313.3109 lsst_hardware_r -25.49651973183128 56.34000015258789 31.610000610351562 AB 4.238298491401185 1.13528386564027
61313.3219 lsst_hardware_i -27.63952209463039 49.599998474121094 31.280000686645508 AB 4.427275128293574 1.169998712551156
61315.3116 lsst_hardware_z -45.566187601816694 45.90999984741211 30.950000762939453 AB 3.6838848059645355 1.1540389931492678
61315.3227 lsst_hardware_i 52.40271249796838 38.790000915527344 31.260000228881836 AB 3.804894880255913 1.1923520894960549
61317.3135 lsst_hardware_u -0.8248300913075785 3.5 28.549999237060547 AB 3.140813952403684 1.178762977070251
61317.3245 lsst_hardware_g -34.63839155688213 20.290000915527344 31.5 AB 3.21331041306572 1.2208626189457983
61319.3058 lsst_hardware_r 35.4803297012573 22.979999542236328 31.469999313354492 AB 6.679075822951734 1.1709630791038652
61319.3164 lsst_hardware_i 0.8406024609561714 31.90999984741211 31.219999313354492 AB 6.931409504027125 1.210162865162137
61321.2566 lsst_hardware_i -4.445140275748225 30.219999313354492 31.25 AB 4.002430443708831 1.0616526375885493
61321.2679 lsst_hardware_z -22.58955215964076 41.38999938964844 30.950000762939453 AB 4.041967832649409 1.082863323624716
61323.2998 lsst_hardware_g -6.005555658970472 13.609999656677246 31.3700008392334 AB 3.302466254130796 1.1884362457137154
61323.3104 lsst_hardware_r 22.39104811811004 23.09000015258789 31.459999084472656 AB 3.4240929212076363 1.2304340616425598
61325.2475 lsst_hardware_u -4.022956334205729 2.6700000762939453 28.440000534057617 AB 5.856279237188784 1.0647780431252334
61325.2595 lsst_hardware_r -10.061013245471187 22.34000015258789 31.479999542236328 AB 5.952501160162956 1.0882086216020646
61326.2844 lsst_hardware_z -33.54974403497938 42.63999938964844 30.940000534057617 AB 6.5017889369224315 1.1632494519780114
61326.2954 lsst_hardware_i 23.266372222807252 31.540000915527344 31.229999542236328 AB 6.351516126387954 1.202748832517721
61328.2482 lsst_hardware_r -47.78455520266893 22.399999618530273 31.489999771118164 AB 6.87498148755311 1.081652216418118
61328.2579 lsst_hardware_u 3.843711040434167 2.690000057220459 28.43000030517578 AB 6.98973031084757 1.103293219643485
61330.245 lsst_hardware_g -16.282859853496294 13.529999732971191 31.399999618530273 AB 5.653552408802623 1.086385935588578
61330.2571 lsst_hardware_r -7.241666897565248 22.56999969482422 31.479999542236328 AB 6.814607453746241 1.1149706099415786
61332.234 lsst_hardware_i 2.7583217740869075 34.22999954223633 31.270000457763672 AB 2.5614545709115943 1.0751120969198715
61332.2447 lsst_hardware_z 37.68503083600135 43.650001525878906 30.950000762939453 AB 2.4464732621917564 1.097893760146399
61334.2795 lsst_hardware_z 69.87802572946622 49.27000045776367 30.950000762939453 AB 2.425318707958983 1.2267671765092847
61334.2899 lsst_hardware_r 9.232922151057902 36.779998779296875 31.549999237060547 AB 2.5340131499330263 1.2738535377318216
61340.2703 lsst_hardware_i 27.417691444948087 69.02999877929688 31.290000915527344 AB 4.12062909447192 1.2585596256881835
61340.2809 lsst_hardware_z 23.317935104027725 64.58999633789062 30.950000762939453 AB 4.299579484447669 1.311613844812061
61355.1658 lsst_hardware_r -20.617945912577106 22.020000457763672 31.479999542236328 AB 3.117357200042588 1.0651562186927646
61355.1775 lsst_hardware_u -3.668293837156859 2.5999999046325684 28.3700008392334 AB 0.7648820166694612 1.0880256282633336
61358.1672 lsst_hardware_g 4.9313060130097615 13.1899995803833 31.3799991607666 AB 4.341776217157455 1.0835478455595786
61358.1789 lsst_hardware_i -47.584262905742264 30.6299991607666 31.239999771118164 AB 4.50343403243324 1.1104966379499448
61360.1635 lsst_hardware_r -5.6769239303490435 24.59000015258789 31.5 AB 6.3705397338872904 1.087277440003616
61360.1768 lsst_hardware_z 31.574499403322424 42.5 30.93000030517578 AB 6.190226297804589 1.11922126824849
61362.1608 lsst_hardware_r 60.93148869626983 39.41999816894531 31.59000015258789 AB 5.071245652676886 1.0933532372506667
61362.1733 lsst_hardware_y 8.047919912792466 49.470001220703125 30.020000457763672 AB 6.460115963656536 1.12452516883355
61363.0868 lsst_hardware_z -127.20601952735511 67.47000122070312 31.719999313354492 AB 4.516129477965487 1.0144616112687117
61365.0731 lsst_hardware_r 31.526628515718276 66.43000030517578 31.65999984741211 AB 3.9091799281717248 1.0147125056902595
61365.0861 lsst_hardware_i -6.76079626769507 55.20000076293945 31.329999923706055 AB 3.43477896204559 1.0151555968806236
61367.0708 lsst_hardware_z 58.640510914480046 58.189998626708984 30.989999771118164 AB 6.902903816674258 1.0143994636242313
61367.0836 lsst_hardware_r -177.6720561044097 80.81999969482422 31.65999984741211 AB 7.004361982111526 1.0158978907300786
61371.0748 lsst_hardware_r -8.685577320835748 21.860000610351562 31.5 AB 3.675265430361395 1.016577198145324
61371.0879 lsst_hardware_z 27.437825515701274 40.650001525878906 30.950000762939453 AB 3.9062347244546936 1.0235123082548654
61375.1049 lsst_hardware_u 0.9800689043340941 2.640000104904175 28.420000076293945 AB 9.376981513597055 1.0547884603639268
61375.1166 lsst_hardware_g 0.5841656504617218 13.359999656677246 31.389999389648438 AB 9.559982691939616 1.0751419120848287
61378.11 lsst_hardware_r 9.757268074896169 22.3799991607666 31.479999542236328 AB 2.803505547554909 1.0782713644441957
61378.1216 lsst_hardware_i -36.35584118809831 30.790000915527344 31.239999771118164 AB 2.869996885963789 1.1038449561399188
61380.1113 lsst_hardware_z 18.117336032077965 41.720001220703125 30.940000534057617 AB 5.701766923683968 1.092571587318126
61380.122 lsst_hardware_r 5.0309749381196305 22.5 31.479999542236328 AB 5.869567286749717 1.118723116915492
61382.0687 lsst_hardware_u -0.34377168847581946 2.609999895095825 28.399999618530273 AB 3.121951293298588 1.0329036536968033
61382.0803 lsst_hardware_g 4.329779820249481 13.34000015258789 31.399999618530273 AB 3.2026337925349018 1.0467833935395496
61384.0684 lsst_hardware_r 0.2667260714297075 22.040000915527344 31.489999771118164 AB 7.864724421408461 1.0385787881379054
61384.0814 lsst_hardware_z -3.211618957764446 40.9900016784668 30.950000762939453 AB 8.091520629357571 1.056472206470259
