data/validation/pwv_sim_epoch_fit_4/20327846.ecsv
# %ECSV 0.9
# ---
# datatype:
# - {name: time, datatype: float64}
# - {name: band, datatype: string}
# - {name: flux, datatype: float64}
# - {name: fluxerr, datatype: float64}
# - {name: zp, datatype: float64}
# - {name: zpsys, datatype: string}
# - {name: pwv, datatype: float64}
# - {name: airmass, datatype: float64}
# meta: {SNID: '20327846', alt: 1024.0, c: 0.0002384954714216292, dec: -42.809296, lat: -30.244573, lon: -70.7499537, ra: 103.446213,
#   t0: 60715.484375, x0: 0.00012079833460282797, x1: 0.31686052680015564, z: 0.15493255853652954}
# schema: astropy-2.0
time band flux fluxerr zp zpsys pwv airmass
[from data line 133]
61056.179 lsst_hardware_r 40.22288313965108 21.350000381469727 31.489999771118164 AB 5.28992151394778 1.027917709778534
61056.1906 lsst_hardware_i -11.427753532872671 29.459999084472656 31.25 AB 5.30493590494798 1.034554318160593
61060.1641 lsst_hardware_r -15.739990598695282 21.209999084472656 31.469999313354492 AB 7.537423116555676 1.0264773412169026
61060.1771 lsst_hardware_u 2.7982688569051093 2.5299999713897705 28.3700008392334 AB 9.189538713784971 1.0327645216661014
61062.1629 lsst_hardware_g 5.862592833898973 12.619999885559082 31.3799991607666 AB 10.537906476344766 1.028038288507367
61062.1772 lsst_hardware_i 6.576768348800793 29.59000015258789 31.25 AB 10.153425012236129 1.0368572899909245
61064.1625 lsst_hardware_z 19.965755754056094 40.33000183105469 30.940000534057617 AB 14.633448933375993 1.0305245727729573
61064.1745 lsst_hardware_r -8.537313983332655 21.25 31.469999313354492 AB 11.715341055531491 1.0392082544823913
61066.1568 lsst_hardware_y -37.81762582409945 46.36000061035156 30.040000915527344 AB 13.541159145027127 1.0303923864802729
61066.1695 lsst_hardware_g 2.515314852087937 12.619999885559082 31.3700008392334 AB 14.50827462277839 1.0396222201388996
61068.1099 lsst_hardware_z -53.19849627677 44.900001525878906 30.959999084472656 AB 12.782595529158339 1.0303351560026872
61068.1218 lsst_hardware_r 7.278325079810826 40.75 31.610000610351562 AB 12.681880728802485 1.0256894456843306
61070.1466 lsst_hardware_z -11.261298552717582 71.02999877929688 31.719999313354492 AB 12.376647232956403 1.0308002859168865
61070.1601 lsst_hardware_r 114.88547875383422 82.75 32.38999938964844 AB 12.511801761699546 1.0410307656173352
61075.0984 lsst_hardware_z -42.06589077038535 51.810001373291016 30.969999313354492 AB 10.7599026825344 1.0269287473488489
61075.1118 lsst_hardware_g -20.447862910049626 68.94999694824219 31.729999542236328 AB 10.742636697296396 1.0246778030440018
61075.1528 lsst_hardware_i -66.86012537828054 54.119998931884766 31.309999465942383 AB 10.710052202810152 1.0476171670271344
61075.1645 lsst_hardware_z -78.41414777310949 53.18000030517578 30.969999313354492 AB 10.871854504947251 1.062846270891318
61077.0964 lsst_hardware_r 88.90678662633039 35.79999923706055 31.600000381469727 AB 4.526236306400188 1.0258921818676643
61077.1108 lsst_hardware_z -17.313321554991354 45.20000076293945 30.959999084472656 AB 4.424847340104365 1.0249820106797232
61079.1509 lsst_hardware_g -27.91353227918313 25.540000915527344 31.610000610351562 AB 9.053285081915643 1.058997933295522
61079.1637 lsst_hardware_r -4.310275025321295 33.189998626708984 31.56999969482422 AB 9.239331970482553 1.079434771117489
61081.0942 lsst_hardware_g 12.277701129365763 12.630000114440918 31.3799991607666 AB 3.614586969364772 1.024688013994247
61081.1068 lsst_hardware_r 7.740820745081377 21.299999237060547 31.479999542236328 AB 3.570925799808781 1.026496816330209
61083.0897 lsst_hardware_i -47.15948466759482 29.469999313354492 31.25 AB 4.613616122792386 1.024678761308692
61083.1029 lsst_hardware_z -7.856154272847301 40.400001525878906 30.950000762939453 AB 4.637826960582363 1.0270146434210807
61085.0856 lsst_hardware_r -23.601161939899036 21.219999313354492 31.479999542236328 AB 3.2547257672971783 1.024707049916467
61087.0912 lsst_hardware_g 15.51448108981698 17.950000762939453 32.13999938964844 AB 3.2227969261431837 1.0267499366462647
61087.1029 lsst_hardware_i 25.628803280401968 41.849998474121094 32.0 AB 3.233329134355579 1.0324627358240273
61089.0785 lsst_hardware_z 48.05458162695716 40.279998779296875 30.950000762939453 AB 4.624672505328001 1.025047470704455
61089.0909 lsst_hardware_r 17.087447076260144 21.290000915527344 31.479999542236328 AB 5.62196686618313 1.0288163356543527
61091.0746 lsst_hardware_u -4.765814214173336 2.690000057220459 28.5 AB 3.4099691918520834 1.0252976773296167
61091.0871 lsst_hardware_g -2.671417874115533 12.720000267028809 31.389999389648438 AB 3.2815284225486914 1.0296337055977067
61093.0781 lsst_hardware_r 40.39062266150775 21.1299991607666 31.469999313354492 AB 5.671126348186664 1.0279832053630604
61093.0906 lsst_hardware_i 10.059930213356374 29.329999923706055 31.239999771118164 AB 6.390331620961893 1.0353325968588267
61095.0733 lsst_hardware_z 41.69295912549805 41.52000045776367 30.950000762939453 AB 8.127677445224117 1.0282667482966907
61095.0865 lsst_hardware_r 33.01273273113103 25.739999771118164 31.530000686645508 AB 8.071330781085694 1.0363915186242396
61098.0731 lsst_hardware_z 47.24509223102282 66.55000305175781 31.719999313354492 AB 8.010544715520696 1.0326193639085655
61098.0866 lsst_hardware_r -43.33170165262255 68.52999877929688 32.380001068115234 AB 6.859334911862553 1.0439593504090332
61100.0572 lsst_hardware_z 11.400765658906945 53.0 30.969999313354492 AB 3.9801935426021555 1.027279272835761
61100.07 lsst_hardware_i 21.588515847053376 55.0099983215332 31.31999969482422 AB 4.021116860812323 1.0342378757233341
61102.0561 lsst_hardware_z 41.966473089038395 58.36000061035156 30.979999542236328 AB 6.481180332689939 1.0291535640957414
61102.0686 lsst_hardware_r 106.83422684860177 82.58999633789062 31.649999618530273 AB 6.532991339518138 1.037380689341383
61104.0552 lsst_hardware_y 5.09905438217676 50.7400016784668 30.049999237060547 AB 11.038780260123225 1.0316617065535725
61104.0686 lsst_hardware_g 87.69253009884108 78.16999816894531 31.719999313354492 AB 11.152963212156756 1.04233301048194
61106.0459 lsst_hardware_r -12.039984419838463 37.15999984741211 31.600000381469727 AB 6.6763985351319 1.0295140377998304
61106.059 lsst_hardware_i 19.56283282857477 40.88999938964844 31.290000915527344 AB 6.72223442132541 1.038503695554675
61108.044 lsst_hardware_z -15.659543557054805 40.31999969482422 30.940000534057617 AB 11.118730476564423 1.031493886547248
61108.0587 lsst_hardware_r -5.839007149409075 21.290000915527344 31.469999313354492 AB 11.228324428585708 1.0433548845295337
61112.0451 lsst_hardware_i -23.809631745107463 29.530000686645508 31.25 AB 10.92088876392921 1.0407454349360488
61112.0591 lsst_hardware_z 3.6757483713285315 40.70000076293945 30.950000762939453 AB 10.956118167586423 1.0566903874862061
61121.0259 lsst_hardware_r -12.046952999413083 21.360000610351562 31.479999542236328 AB 5.364192195009056 1.0461953312330332
61121.0402 lsst_hardware_g -19.575498221291717 12.75 31.3799991607666 AB 5.564745829183279 1.0648193320289052
