data/validation/pwv_sim_epoch_fit_4/20344779.ecsv
# %ECSV 0.9
# ---
# datatype:
# - {name: time, datatype: float64}
# - {name: band, datatype: string}
# - {name: flux, datatype: float64}
# - {name: fluxerr, datatype: float64}
# - {name: zp, datatype: float64}
# - {name: zpsys, datatype: string}
# - {name: pwv, datatype: float64}
# - {name: airmass, datatype: float64}
# meta: {SNID: '20344779', alt: 1024.0, c: 0.07861246913671494, dec: -47.357574, lat: -30.244573, lon: -70.7499537, ra: 42.828945, t0: 62018.7265625,
#   x0: 5.558939737378531e-06, x1: 0.13787195086479187, z: 0.5874413847923279}
# schema: astropy-2.0
time band flux fluxerr zp zpsys pwv airmass
61995.4316 lsst_hardware_z 198.14449901472761 65.97764634539823 30.989999771118164 AB 4.902749686091598 1.046478054661981
62001.4103 lsst_hardware_r 669.367538025465 33.43071703426277 31.489999771118164 AB 1.9949702447933713 1.045764587520778
62001.4225 lsst_hardware_z 472.16290178685864 51.73665441183818 30.959999084472656 AB 2.5105111083208502 1.0486679650463033
62009.2767 lsst_hardware_r 1458.8092371336124 44.11737911243082 31.459999084472656 AB 3.153490828946052 1.2128810880561738
62009.2966 lsst_hardware_z 1054.777592221269 52.70669568468612 30.940000534057617 AB 3.467075875640633 1.1530655315028988
62011.407 lsst_hardware_u 0.28415764513078895 3.2330578155198926 28.469999313354492 AB 7.81922350427522 1.055130915474346
62011.4173 lsst_hardware_g 464.58977984191563 30.18929283732752 31.559999465942383 AB 6.952365772573252 1.0637848324647314
62016.4015 lsst_hardware_i 1877.7511877838635 64.69185717450213 31.309999465942383 AB 1.2381680062785139 1.061741894765054
62016.4122 lsst_hardware_z 1258.7221354929827 65.50155348059225 30.969999313354492 AB 1.2810133180922283 1.0731750779882767
62020.388 lsst_hardware_z 1336.1500379493166 67.19013829080117 30.979999542236328 AB 2.203404937379664 1.0594566353550494
62020.3999 lsst_hardware_i 1777.0599915052744 73.25028540612183 31.31999969482422 AB 2.2134950766331594 1.0715212763563642
62026.2051 lsst_hardware_g 558.2991836112226 32.55135640810325 32.5099983215332 AB 2.7974940452638615 1.315436071440687
62026.2294 lsst_hardware_r 2959.720748753549 61.74979753983704 32.209999084472656 AB 2.821017216750782 1.215955696875337
62030.3786 lsst_hardware_r 1110.3512439755848 40.8204943120737 31.479999542236328 AB 0.7553788575257446 1.0791126536082067
62030.3899 lsst_hardware_u -5.255533347249197 2.99810482093433 28.459999084472656 AB 0.7673974393977449 1.0962820562824926
62031.3796 lsst_hardware_g 105.42812525375658 17.11892390476155 31.3799991607666 AB 1.8290399614415538 1.0843574693591544
62031.3916 lsst_hardware_i 1332.9179975961115 46.985621836152255 31.239999771118164 AB 1.8679229231775167 1.1040821139853991
62033.3801 lsst_hardware_z 1111.308623718603 52.36535472137278 30.940000534057617 AB 6.280911057136059 1.0936003001397665
62033.3931 lsst_hardware_r 982.1344367109953 39.04833495338508 31.479999542236328 AB 6.339290215351559 1.1176135307524944
62035.3645 lsst_hardware_r 933.9375955646822 37.19351389772406 31.489999771118164 AB 1.6943379004269223 1.078509166408184
62035.3762 lsst_hardware_u -0.1232003500290313 2.742430625508545 28.469999313354492 AB 1.5346790104708505 1.0961992931934648
62037.3635 lsst_hardware_g 98.90476093406055 15.527007899760113 31.360000610351562 AB 4.416099430623116 1.0847701868395454
62037.3756 lsst_hardware_r 769.3410241360733 35.40423382150004 31.469999313354492 AB 4.116144347214579 1.1047827544023565
62041.3455 lsst_hardware_z 745.5781427464948 49.811166445222895 30.940000534057617 AB 5.073687057990822 1.075104531014707
62041.3575 lsst_hardware_r 519.191749130522 32.162875482913634 31.459999084472656 AB 5.1384862675731044 1.0923652779705448
62044.3457 lsst_hardware_r 544.3477502024082 45.515990398232844 31.600000381469727 AB 4.5483004365378 1.0867235831166822
62044.3574 lsst_hardware_z 893.3811475485277 49.7291481053179 30.940000534057617 AB 4.634937045284517 1.1064763073868384
62046.1358 lsst_hardware_r 1033.8848270042224 129.29236963966758 32.31999969482422 AB 4.438762951656111 1.3926623112889414
62046.1547 lsst_hardware_i 709.1331451499241 73.46571721066512 31.280000686645508 AB 4.133330785207285 1.29591810164831
62048.3461 lsst_hardware_z 765.7092453930725 67.07213723841363 30.979999542236328 AB 8.403847192374963 1.1057693674177582
62048.3577 lsst_hardware_r 388.02784080652214 87.21374803185903 31.639999389648438 AB 8.584765666993572 1.1295744298675754
62050.3501 lsst_hardware_i 572.796648921022 61.34128685230469 31.309999465942383 AB 4.049428938898097 1.124841371916138
62050.3617 lsst_hardware_z 686.300862407279 61.557193413521354 30.959999084472656 AB 4.148885969372485 1.1524683248256904
62052.2902 lsst_hardware_i 481.5542767867006 50.03378723826196 31.309999465942383 AB 2.725555970965636 1.0520335698024263
62052.3005 lsst_hardware_z 650.9763946466833 54.23263783428151 30.969999313354492 AB 2.867391362464669 1.0593484298382043
62054.33 lsst_hardware_z 632.4274649842671 50.782731271921996 30.950000762939453 AB 4.9786993005452915 1.1062956745156307
62054.3407 lsst_hardware_g 57.62655377055884 35.65029821224485 31.639999389648438 AB 4.915527661230422 1.1281908793276159
62055.3212 lsst_hardware_r 268.52037232151383 34.07773918490451 31.559999465942383 AB 5.784707329039721 1.0955366372879545
62055.3341 lsst_hardware_z 587.3643637031474 49.67066914169306 30.950000762939453 AB 6.174357075305914 1.1198277749784438
62057.3173 lsst_hardware_r 212.76507427949517 27.24692770928258 31.5 AB 5.538183406566723 1.0981922281511987
62057.3279 lsst_hardware_u -2.8999137146828535 3.08928149589099 28.479999542236328 AB 5.626852752782122 1.1182880595127973
62059.3252 lsst_hardware_g 20.77209196905255 13.675067499665248 31.360000610351562 AB 7.8874713596685515 1.1241318833703868
62059.3368 lsst_hardware_r 185.4914880612783 25.89277914161111 31.469999313354492 AB 8.42535680859961 1.1516212192679975
62064.3199 lsst_hardware_i 231.2464728163477 34.57470515264776 31.229999542236328 AB 2.6425668840209164 1.1434321064525863
62064.3306 lsst_hardware_z 505.63790854895166 47.633719184658915 30.940000534057617 AB 2.7228980818820054 1.1719370532830267
62065.3176 lsst_hardware_r 108.03748171108782 24.8190254925962 31.459999084472656 AB 2.8936644531215467 1.1444948397316599
62065.3288 lsst_hardware_u 2.4890352025862907 2.7166462773594415 28.239999771118164 AB 2.8985909393010045 1.1746282342162655
62070.3005 lsst_hardware_r 118.34024230284416 24.58647140729654 31.479999542236328 AB 3.545141769307033 1.1361723481473216
62070.3111 lsst_hardware_z 410.9555146920565 46.571099020425414 30.940000534057617 AB 3.615432811118643 1.1631731074135871
62075.2866 lsst_hardware_i 201.80267399117233 63.19309225753499 31.309999465942383 AB 5.695746199396452 1.1355910545749557
62075.2976 lsst_hardware_r 101.78009116968433 73.57807101879358 31.6200008392334 AB 6.312873489368969 1.1635918203556372
62077.2864 lsst_hardware_z 511.7642218554752 92.12974130177484 31.729999542236328 AB 6.118001642358664 1.148417277379279
62079.2881 lsst_hardware_r 101.10963220795232 75.95684379675322 31.6200008392334 AB 4.085256507541025 1.1675497306490499
62079.2997 lsst_hardware_i 80.72715320504982 62.39088719953417 31.290000915527344 AB 4.58643355736843 1.2029463780471934
62081.2844 lsst_hardware_z 222.10329949953004 52.81389344715808 30.959999084472656 AB 5.906590554259503 1.17256297397952
62081.2964 lsst_hardware_r 143.57992147205147 55.4071080304179 31.600000381469727 AB 6.951295569953942 1.2101837691423993
62083.2448 lsst_hardware_i 156.817249987066 39.98043789278172 31.280000686645508 AB 8.760463685141945 1.0956286005391265
62083.2554 lsst_hardware_z 205.3450412451915 47.92364966055093 30.950000762939453 AB 8.661064615074382 1.115206397065275
62090.1814 lsst_hardware_z 211.2078106106447 42.935623939587906 30.940000534057617 AB 5.828824418726539 1.04948225040085
62090.1899 lsst_hardware_u -4.31515411618069 2.586448456855442 28.399999618530273 AB 5.820700119721857 1.0541881951863876
62091.2341 lsst_hardware_g 18.632212885851075 13.170593473610714 31.360000610351562 AB 6.441304934288748 1.1163117647011733
62091.2465 lsst_hardware_r 96.77665105222782 23.66977937523756 31.459999084472656 AB 6.3541976215944045 1.1442304275144113
62100.1877 lsst_hardware_i 19.187376761081328 36.31999969482422 31.270000457763672 AB 5.001023610365958 1.0794352709616903
62100.1998 lsst_hardware_z 3.8461221279490094 43.81999969482422 30.950000762939453 AB 5.143982649138559 1.098046673361013
62105.1803 lsst_hardware_r -119.85875627276815 75.01000213623047 31.639999389648438 AB 8.46828325247628 1.0885032619911876
62105.1924 lsst_hardware_i 13.863802647383103 60.58000183105469 31.309999465942383 AB 8.57626033233553 1.1094415228919543
62107.1781 lsst_hardware_z -7.1865050278076 59.189998626708984 30.979999542236328 AB 6.979989163439043 1.0936981703722086
62107.1902 lsst_hardware_i -59.248008717860316 65.2699966430664 31.309999465942383 AB 7.128355688814613 1.1158871899171479
62112.1866 lsst_hardware_g -5.472820310814537 35.38999938964844 31.639999389648438 AB 5.034076695138608 1.138030223835934
62112.1985 lsst_hardware_r 27.696136210503237 40.7400016784668 31.579999923706055 AB 5.187385412557055 1.1689882619846885
62114.1007 lsst_hardware_r -17.360085897769977 21.579999923706055 31.489999771118164 AB 9.620679364946621 1.0457260179289807
62114.113 lsst_hardware_i -40.185041110892925 29.739999771118164 31.25 AB 9.64461928833891 1.048328183515099
62116.0996 lsst_hardware_z 45.74886186901156 40.790000915527344 30.950000762939453 AB 13.074104392653114 1.0462073400361895
62116.1121 lsst_hardware_r -24.65454800144332 21.700000762939453 31.489999771118164 AB 13.12501100758202 1.0502809555279662
62118.0967 lsst_hardware_u 1.9144535898508404 2.5899999141693115 28.399999618530273 AB 7.719708727330785 1.0467165118073118
62118.1092 lsst_hardware_r -31.62638570447222 21.579999923706055 31.479999542236328 AB 7.755830826811826 1.0516143129165805
62120.1014 lsst_hardware_i 12.320274959655402 29.639999389648438 31.239999771118164 AB 10.613265235384755 1.0503916768512547
62120.1136 lsst_hardware_z -35.31749552492572 40.75 30.940000534057617 AB 10.681131960967056 1.058353471319978
62122.104 lsst_hardware_r -9.73657158009858 21.549999237060547 31.479999542236328 AB 4.137313889216491 1.0552128941678618
62122.1164 lsst_hardware_u 3.0928739687738314 2.690000057220459 28.489999771118164 AB 4.075692449287957 1.066004999813764
62124.0827 lsst_hardware_u 1.5192266201199367 2.690000057220459 28.489999771118164 AB 5.636010571789453 1.0473422665349275
62124.0956 lsst_hardware_g -13.928915591704373 13.0 31.40999984741211 AB 3.4524943784065028 1.0532587400755433
62126.0836 lsst_hardware_r -15.10471150779135 22.709999084472656 31.5 AB 4.289163000914508 1.0497217329695643
62126.0951 lsst_hardware_i -26.711776212727152 30.299999237060547 31.25 AB 4.169002630498621 1.0566921165508503
62129.076 lsst_hardware_z -80.41682692809647 43.36000061035156 30.959999084472656 AB 7.510280338025123 1.049997251098675
62129.0883 lsst_hardware_r -1.3523426534140635 32.689998626708984 31.579999923706055 AB 6.358012899869315 1.0577736388752343
62133.0794 lsst_hardware_r -118.10079035250301 56.869998931884766 31.639999389648438 AB 8.761549620407878 1.0594376808232016
62133.0921 lsst_hardware_z 70.69309813831192 50.40999984741211 30.969999313354492 AB 8.043219393035077 1.072429252404677
62135.0765 lsst_hardware_y -34.0032855585436 51.27000045776367 30.049999237060547 AB 7.980724658013614 1.0617018934643199
62135.0889 lsst_hardware_r -85.92695351421226 72.36000061035156 31.639999389648438 AB 7.978101889789203 1.0752158881117524
62358.3969 lsst_hardware_z -194.9462549850961 58.04999923706055 31.700000762939453 AB 5.508621635213666 1.0593503144641665
62360.3798 lsst_hardware_r 35.10073055631529 21.6299991607666 31.479999542236328 AB 3.2673202031431097 1.0710769392372101
62360.4026 lsst_hardware_g -3.7173271100763694 12.819999694824219 31.389999389648438 AB 3.1893219551617302 1.0515403742702705
62367.4231 lsst_hardware_i 3.109798245581511 36.380001068115234 31.280000686645508 AB 2.295087031139748 1.0497825185316174
62376.2891 lsst_hardware_z -106.23726309717014 89.97000122070312 32.13999938964844 AB 4.2597796697929144 1.1602813700180445
62378.3604 lsst_hardware_z 16.895019510543612 45.31999969482422 30.950000762939453 AB 2.7436520591586 1.0483291316914984
62378.3754 lsst_hardware_r -14.406977256758381 41.720001220703125 31.600000381469727 AB 2.5450251245491073 1.0456142664540293
62380.41 lsst_hardware_i -3.0707640279393686 35.81999969482422 31.270000457763672 AB 0.6450351013634616 1.066761468627555
62385.4085 lsst_hardware_g 5.889202122476701 18.09000015258789 31.510000228881836 AB 0.782094833828347 1.0817355931235781
62387.4008 lsst_hardware_i 44.63972376764499 31.079999923706055 31.25 AB 2.4731795182456464 1.0786564737569149
62387.4131 lsst_hardware_z -33.846491679181064 65.47000122070312 30.979999542236328 AB 2.4697286893488357 1.0974133256382297
62389.3955 lsst_hardware_i 43.77006299137414 30.40999984741211 31.229999542236328 AB 2.4675601210676743 1.0788720197045871
62389.4067 lsst_hardware_u -5.165750999365939 6.760000228881836 29.0 AB 2.464494670204057 1.0958179947550277
62390.3919 lsst_hardware_g 8.155343036408672 13.220000267028809 31.389999389648438 AB 2.688890763366781 1.077711728804321
62390.4037 lsst_hardware_r 20.726573851104522 24.540000915527344 31.5 AB 2.7171442302086195 1.0953650271274713
62393.3762 lsst_hardware_r 20.37119566940796 21.709999084472656 31.479999542236328 AB 1.3037760843764925 1.068595930094796
62393.3874 lsst_hardware_i 2.7108314868480123 30.25 31.239999771118164 AB 1.3117064257624107 1.082787171297213
62395.3978 lsst_hardware_u 2.040036845453478 4.329999923706055 28.780000686645508 AB 4.778458681101994 1.1092916538965103
62399.3649 lsst_hardware_r 26.641533623744312 46.88999938964844 31.6200008392334 AB 5.549711190518582 1.0745882835741276
62399.378 lsst_hardware_i -45.078323523153585 43.7400016784668 31.290000915527344 AB 6.467840516523576 1.0934949730663293
62409.1683 lsst_hardware_z -33.98610429183721 43.81999969482422 30.93000030517578 AB 5.312782555996609 1.263769712212042
62411.3516 lsst_hardware_z -104.77800102353216 42.0 30.950000762939453 AB 2.729737015287497 1.1045604324065945
62411.3631 lsst_hardware_i -31.917482835667574 31.649999618530273 31.25 AB 2.7080729297518333 1.1278937649945162
62413.3251 lsst_hardware_u 2.179954265422406 2.640000104904175 28.43000030517578 AB 2.8382384691835485 1.0726524826846366
62413.3369 lsst_hardware_g 19.58666996651848 13.180000305175781 31.389999389648438 AB 2.603210309694384 1.0889055952429554
62414.3468 lsst_hardware_r 23.674717481663386 21.940000534057617 31.469999313354492 AB 8.443475757427809 1.110983652293133
62414.359 lsst_hardware_i 52.28544351438492 30.6299991607666 31.229999542236328 AB 8.643369907821997 1.137285514187105
62416.3285 lsst_hardware_i -26.474330179687744 30.299999237060547 31.229999542236328 AB 5.127947015469023 1.088582015737834
62416.3401 lsst_hardware_z 2.223551179476613 42.02000045776367 30.940000534057617 AB 3.9909335447939913 1.1085926513316642
62418.3533 lsst_hardware_g 12.2170737984517 12.970000267028809 31.350000381469727 AB 3.3248963973006984 1.1501515355320129
62418.365 lsst_hardware_r -15.902301174623483 22.440000534057617 31.469999313354492 AB 3.4277061723063706 1.1827833582837717
62420.3263 lsst_hardware_r -19.23677179076041 21.989999771118164 31.479999542236328 AB 4.9759434497680965 1.1032318638167133
62420.337 lsst_hardware_i -23.81058180377099 30.600000381469727 31.239999771118164 AB 4.87149938328725 1.124538177120626
62422.2786 lsst_hardware_z 1.4157317115115502 40.7599983215332 30.940000534057617 AB 5.892840121826754 1.052825558495644
62422.292 lsst_hardware_i 67.49001690598618 29.940000534057617 31.239999771118164 AB 5.651901387191939 1.0633869025760938
62423.2505 lsst_hardware_r 12.687616966412673 30.479999542236328 32.22999954223633 AB 6.043637256092184 1.0456572094108196
62423.2624 lsst_hardware_u 1.014952291335861 2.5999999046325684 28.420000076293945 AB 6.036531489098812 1.0469637929322528
62425.3169 lsst_hardware_r 18.773912897368604 22.149999618530273 31.479999542236328 AB 7.78983056378132 1.1112454441913437
62425.3281 lsst_hardware_i -25.752292398527796 30.860000610351562 31.239999771118164 AB 8.001410429961355 1.1352470519465614
62429.3142 lsst_hardware_z -11.552673392965243 57.119998931884766 30.969999313354492 AB 1.2965798717895132 1.128442012001317
62429.3254 lsst_hardware_r 10.604257548701355 63.060001373291016 31.610000610351562 AB 1.3879983034547152 1.155702167739744
