data/validation/pwv_sim_epoch_fit_4/20572891.ecsv
# %ECSV 0.9
# ---
# datatype:
# - {name: time, datatype: float64}
# - {name: band, datatype: string}
# - {name: flux, datatype: float64}
# - {name: fluxerr, datatype: float64}
# - {name: zp, datatype: float64}
# - {name: zpsys, datatype: string}
# - {name: pwv, datatype: float64}
# - {name: airmass, datatype: float64}
# meta: {SNID: '20572891', alt: 1024.0, c: 0.01749955490231514, dec: -5.979157, lat: -30.244573, lon: -70.7499537, ra: 83.144531, t0: 61358.87890625,
#   x0: 1.538739361470164e-05, x1: 0.773533046245575, z: 0.3837496042251587}
# schema: astropy-2.0
time band flux fluxerr zp zpsys pwv airmass
[from data line 132]
61765.1976 lsst_hardware_u 0.7749111725106915 2.7100000381469727 28.420000076293945 AB 7.907401039629456 1.1177065170979543
61767.1743 lsst_hardware_g -1.8827785371146766 14.170000076293945 31.40999984741211 AB 6.693899935494871 1.100894939024623
61767.1939 lsst_hardware_r -18.598411641853936 23.239999771118164 31.479999542236328 AB 6.871939654404989 1.1201205630651034
61769.1369 lsst_hardware_r -9.940819582079644 23.299999237060547 31.489999771118164 AB 8.631781025508136 1.1039965499883093
61769.1567 lsst_hardware_i 20.470978752398043 31.260000228881836 31.25 AB 8.66944042154638 1.0971197698742572
61771.1403 lsst_hardware_z 66.71573940483536 42.25 30.940000534057617 AB 7.65568422619913 1.0989117692475934
61771.1617 lsst_hardware_r 15.615369891766377 23.219999313354492 31.489999771118164 AB 7.6633742883616796 1.1000085103115098
61773.1404 lsst_hardware_z -55.40368437987078 42.209999084472656 30.940000534057617 AB 4.227674882455784 1.0973847845440063
61773.1611 lsst_hardware_r -4.673905817125263 23.15999984741211 31.479999542236328 AB 4.292191162324585 1.102894883362134
61775.1285 lsst_hardware_i 0.8285131531468987 34.83000183105469 31.260000228881836 AB 12.458554401772705 1.0992680462145585
61775.1503 lsst_hardware_z -24.963073954581763 43.5099983215332 30.950000762939453 AB 12.514078124963978 1.0997761726871562
61777.1218 lsst_hardware_r 17.29546345987597 47.93000030517578 31.610000610351562 AB 9.661882433917185 1.0998263046225654
61777.1425 lsst_hardware_z 36.074515808221854 48.650001525878906 30.959999084472656 AB 8.789533805909988 1.0987832910129995
61779.1202 lsst_hardware_y -99.08930960119596 54.06999969482422 30.040000915527344 AB 7.22264606257437 1.0982925014368934
61779.141 lsst_hardware_r -68.17397666977804 77.70999908447266 31.639999389648438 AB 7.043810329276622 1.100595363949472
61781.0935 lsst_hardware_r 171.95443751264804 157.19000244140625 32.400001525878906 AB 6.382731165155888 1.1144981954174802
61781.1154 lsst_hardware_i -243.17638385423766 126.66999816894531 32.08000183105469 AB 6.264609959830547 1.098091141074592
61784.0858 lsst_hardware_z 48.85558096195827 54.70000076293945 30.959999084472656 AB 7.5010257863261005 1.1139034431728692
61784.1044 lsst_hardware_r 64.04201458860626 70.45999908447266 31.6299991607666 AB 7.4077151733621545 1.0990675331397854
61785.0855 lsst_hardware_u -9.439151620067108 5.5 28.889999389648438 AB 6.006446034810718 1.1111216824327277
61785.1064 lsst_hardware_r -42.23236106728975 46.310001373291016 31.600000381469727 AB 5.95672490258656 1.0976091583907424
61787.0814 lsst_hardware_i -26.054498708049888 30.790000915527344 31.239999771118164 AB 3.0172100830240356 1.1096763821346294
61787.1001 lsst_hardware_z -31.56813011788115 41.619998931884766 30.940000534057617 AB 2.1868172015650305 1.097799799982445
61789.0855 lsst_hardware_r -22.552403542460798 22.600000381469727 31.479999542236328 AB 4.290561633386088 1.1017684107045211
61789.1071 lsst_hardware_u 0.3393892197530773 2.559999942779541 28.31999969482422 AB 4.268123139399072 1.0979330247762837
61791.0766 lsst_hardware_g -17.374345190042998 13.789999961853027 31.389999389648438 AB 13.179117827875698 1.10416402942476
61791.0955 lsst_hardware_r 34.655272593920316 22.8799991607666 31.479999542236328 AB 13.904618630540739 1.097069034311394
61793.079 lsst_hardware_i 17.178746499520617 30.81999969482422 31.239999771118164 AB 8.160396041125969 1.0994134107276483
61793.0989 lsst_hardware_z -23.616891850341897 41.880001068115234 30.940000534057617 AB 8.939190943384256 1.0988106543535658
61795.0771 lsst_hardware_r 7.129594521104691 22.549999237060547 31.469999313354492 AB 7.586003617048559 1.0981078590161848
61795.097 lsst_hardware_g -7.733434113188752 13.579999923706055 31.3700008392334 AB 8.630988251559884 1.1004234914865982
61797.0691 lsst_hardware_r -6.255721205676373 22.65999984741211 31.479999542236328 AB 12.52842033846602 1.0989842402163175
61797.0873 lsst_hardware_i -24.03285855241573 30.700000762939453 31.229999542236328 AB 12.447441703457873 1.0985621649321493
61799.0418 lsst_hardware_y -11.462337516973083 51.06999969482422 30.020000457763672 AB 14.149583248898375 1.1177488939804343
61799.061 lsst_hardware_z -22.983072669734582 41.79999923706055 30.940000534057617 AB 13.917252554741838 1.1001780675685247
61801.0404 lsst_hardware_y -55.36766428150795 51.970001220703125 30.030000686645508 AB 9.481136622340564 1.1127006304947362
61801.0585 lsst_hardware_u 2.6134230592254273 2.700000047683716 28.40999984741211 AB 9.965537092068356 1.0988573262838632
61807.0362 lsst_hardware_y 60.06060172074134 55.7599983215332 30.040000915527344 AB 5.713681113239729 1.1018573162163203
61807.0535 lsst_hardware_z -127.31969375618537 53.459999084472656 30.959999084472656 AB 5.217302100889421 1.0971475047433004
61808.0364 lsst_hardware_y 22.581855634846562 56.43000030517578 30.040000915527344 AB 5.321242592704013 1.1001879929780867
61808.0551 lsst_hardware_i -81.26695718290121 61.310001373291016 31.309999465942383 AB 6.775846143047101 1.097895675351931
61810.0287 lsst_hardware_y -14.990982792934261 70.58000183105469 30.040000915527344 AB 6.143412005448596 1.1014304677192248
61810.0476 lsst_hardware_i 28.276832191192657 74.27999877929688 31.31999969482422 AB 6.551026858784503 1.0974469832674343
61812.0274 lsst_hardware_y 18.43776471103221 62.40999984741211 30.030000686645508 AB 0.5850955529484911 1.0992870886772164
61812.0443 lsst_hardware_g 92.591051383281 87.87000274658203 31.700000762939453 AB 1.1152199604953483 1.0979276007830159
61814.0254 lsst_hardware_y -107.57369951581202 62.720001220703125 30.040000915527344 AB 3.642785381903909 1.0980513585241625
61814.0444 lsst_hardware_i 37.8379818420124 41.75 31.290000915527344 AB 2.7435266199929695 1.1000507698448154
61816.0246 lsst_hardware_z -89.96324947317659 53.9900016784668 30.969999313354492 AB 2.385424705418412 1.0971673616336122
61816.0417 lsst_hardware_u 3.1390627251716223 2.680000066757202 28.360000610351562 AB 1.8996776567066187 1.1015817087310136
61818.0221 lsst_hardware_y -89.4046421854782 63.34000015258789 30.049999237060547 AB 1.5507987631936346 1.0970692187893525
61818.0385 lsst_hardware_r 18.938076144744553 22.889999389648438 31.489999771118164 AB 1.5573552821813392 1.1030730366058359
