data/validation/pwv_sim_epoch_fit_4/20601838.ecsv
# %ECSV 0.9
# ---
# datatype:
# - {name: time, datatype: float64}
# - {name: band, datatype: string}
# - {name: flux, datatype: float64}
# - {name: fluxerr, datatype: float64}
# - {name: zp, datatype: float64}
# - {name: zpsys, datatype: string}
# - {name: pwv, datatype: float64}
# - {name: airmass, datatype: float64}
# meta: {SNID: '20601838', alt: 1024.0, c: 0.04030922055244446, dec: -44.20153, lat: -30.244573, lon: -70.7499537, ra: 153.258194, t0: 60346.96484375,
#   x0: 5.993530485042366e-06, x1: -0.02211272157728672, z: 0.5694681406021118}
# schema: astropy-2.0
time band flux fluxerr zp zpsys pwv airmass
60304.3415 lsst_hardware_r 104.16891836867838 56.630001068115234 31.639999389648438 AB 9.168077666566267 1.0355022071513502
60304.3525 lsst_hardware_y -22.869171884011816 58.099998474121094 30.06999969482422 AB 9.082104762403997 1.03170564153175
60306.3486 lsst_hardware_y -126.99101032725844 82.16999816894531 30.81999969482422 AB 5.7816543686935775 1.0314252731591433
60310.3388 lsst_hardware_r 84.13890247440621 52.5099983215332 31.639999389648438 AB 7.367205656408362 1.0312640024312294
60310.3498 lsst_hardware_y 6.6686328797557035 52.56999969482422 30.059999465942383 AB 7.3702330419578495 1.0314062425334356
60314.3412 lsst_hardware_z 44.17697413957763 42.18000030517578 30.950000762939453 AB 11.539594209203392 1.031841034488612
60314.3528 lsst_hardware_y 14.390728918494085 51.38999938964844 30.049999237060547 AB 11.549219052388604 1.036129641805822
60316.3403 lsst_hardware_u -2.235118851907661 2.930250452569319 28.489999771118164 AB 7.046720781057922 1.0331046581311782
60316.3519 lsst_hardware_y -10.273362785861401 49.164248905759244 30.049999237060547 AB 7.230356730939906 1.0387946071940863
60318.3407 lsst_hardware_r 22.32236198350613 21.958889813633128 31.489999771118164 AB 7.589074196484545 1.035532729439353
60318.3544 lsst_hardware_y -1.6407627290423157 50.607486684856326 30.049999237060547 AB 7.637447739203876 1.0447944923671513
60320.3347 lsst_hardware_z -5.749964901843588 41.05256647224439 30.950000762939453 AB 6.717363195832019 1.0352721269680247
60320.3476 lsst_hardware_u -1.18614603212272 3.0946483668582387 28.600000381469727 AB 6.725373762265166 1.0436644572106109
60322.3321 lsst_hardware_g 22.025765047775682 13.321947983420644 31.40999984741211 AB 5.714466203926028 1.0367475688600811
60322.344 lsst_hardware_r 43.81214434922067 22.847143238590693 31.489999771118164 AB 4.353985495762145 1.0452491887557664
60324.3234 lsst_hardware_i 82.78248073981288 32.434225502733184 31.239999771118164 AB 6.164505566037202 1.0350945455523806
60324.3363 lsst_hardware_z 82.49580014821319 42.41070664900519 30.950000762939453 AB 5.614640104426493 1.0433548261446652
60326.3203 lsst_hardware_i 334.211402266931 34.46874951473883 31.239999771118164 AB 2.717365597552574 1.0362725131290282
60326.3326 lsst_hardware_u 1.739203838388052 3.270251261871301 28.40999984741211 AB 2.7604498307068734 1.0448333954227378
60328.3258 lsst_hardware_g 102.01134067102127 16.696193777428483 31.3700008392334 AB 6.888431352725933 1.0437017201099899
60328.339 lsst_hardware_r 490.7368919734702 31.328429561831282 31.469999313354492 AB 6.51797626154759 1.057054830642632
60330.2745 lsst_hardware_g 133.56799073528452 18.41896681492534 31.3700008392334 AB 12.245345221136125 1.0337695763003256
60330.2861 lsst_hardware_r 746.7337433022361 34.50102744077348 31.479999542236328 AB 12.172310695874238 1.0310711698677937
60332.2737 lsst_hardware_i 896.0750994095517 55.657206903209804 31.309999465942383 AB 9.806494640244384 1.0322625937099352
60332.2861 lsst_hardware_z 665.9027964552994 54.25193535838035 30.969999313354492 AB 9.794682592860195 1.031019220301073
60334.2848 lsst_hardware_r 1399.3461746305331 87.63709969638148 31.649999618530273 AB 9.61376979722394 1.0315019184804213
60334.2984 lsst_hardware_z 847.1387505727027 63.779514360607884 30.979999542236328 AB 10.155202888030074 1.0362451926561298
60336.2731 lsst_hardware_i 1337.8959005028396 76.16265344605971 31.329999923706055 AB 11.880403730413846 1.0309494505186112
60336.2853 lsst_hardware_z 973.4775257456719 67.26447158914233 30.989999771118164 AB 11.907096758309562 1.032981941540559
60338.2778 lsst_hardware_i 1500.8018790045473 69.65649080530025 31.31999969482422 AB 11.588974852579463 1.032371727014584
60338.2893 lsst_hardware_z 1157.3879005679396 63.843625258289855 30.979999542236328 AB 11.633231987436842 1.0372536601348004
60340.268 lsst_hardware_z 2343.2708273776616 84.34698533259031 31.719999313354492 AB 11.928120168101293 1.031435359518757
60350.2688 lsst_hardware_i 1743.2890898419573 51.286421158497575 31.25 AB 3.6058105485545537 1.046375667021078
60350.2805 lsst_hardware_z 1526.6502542791761 54.96180382664117 30.950000762939453 AB 3.6614159595762112 1.0589778624949273
60352.2533 lsst_hardware_i 1697.3518106327417 50.5929664022371 31.25 AB 5.698073475960446 1.0386098839754743
60352.2658 lsst_hardware_u -1.805074657426908 2.7554220101334597 28.469999313354492 AB 5.753453627260011 1.0487042382793368
60354.2446 lsst_hardware_g 242.0626848806146 20.611441833556423 31.389999389648438 AB 2.345938624964097 1.0366880316541764
60354.2567 lsst_hardware_r 1660.5202927119064 45.46099732695218 31.479999542236328 AB 3.4720364488915862 1.0453218271539007
60356.2409 lsst_hardware_i 1546.2275205357973 49.02272612676301 31.25 AB 4.154168206491405 1.0376989212493057
60356.2538 lsst_hardware_r 1458.2784261528843 43.99496729926451 31.479999542236328 AB 4.734744817419192 1.0476644381367146
60359.243 lsst_hardware_z 1241.4448819536035 53.418432661027936 30.959999084472656 AB 2.7251362408874096 1.0452816011075248
60359.2543 lsst_hardware_g 172.60657471426904 18.639528859018228 31.420000076293945 AB 2.6580751025480507 1.0569937777306206
60362.1919 lsst_hardware_r 1184.8492875949223 79.34047089523872 31.65999984741211 AB 8.263139235111952 1.0322472498578328
60362.2034 lsst_hardware_z 1026.806391260698 63.51283082678989 30.979999542236328 AB 8.2712172934562 1.0309917578655503
60365.191 lsst_hardware_z 931.4930882194557 73.61162693873364 30.989999771118164 AB 9.714398292808976 1.0310518079788564
60365.2041 lsst_hardware_i 1185.8316094904237 84.32724660797163 31.34000015258789 AB 9.748671265347262 1.0323883649343166
60369.1845 lsst_hardware_r 826.9842637595576 64.49040186527883 31.649999618530273 AB 3.9728003941684715 1.0310035625004683
60369.1964 lsst_hardware_i 865.0644472310819 58.86604986111902 31.31999969482422 AB 3.97241447010631 1.033406469850757
60372.188 lsst_hardware_z 1481.9653460709983 71.51272321817414 31.700000762939453 AB 6.702718011930952 1.033333540727812
60375.1854 lsst_hardware_g 39.23373471948433 14.909377836345685 31.3799991607666 AB 9.753535183197739 1.0357186538623866
60375.1974 lsst_hardware_r 420.9830994662891 29.505970322238642 31.479999542236328 AB 9.821267237395727 1.0436591264002544
60382.2576 lsst_hardware_i 489.9352246652646 37.20207841079376 31.219999313354492 AB 13.165548089346622 1.2099946163850213
60382.2692 lsst_hardware_r 266.12684032255976 27.707167790857124 31.450000762939453 AB 13.656809815989334 1.2558563442907078
60386.15 lsst_hardware_z 1232.4269307265836 66.84092546040729 31.700000762939453 AB 6.303857936270176 1.033419333814783
60390.1388 lsst_hardware_i 409.0050260753295 52.39012374648575 31.31999969482422 AB 5.155932961247724 1.0333221246404738
60390.1538 lsst_hardware_z 599.5262976082731 55.23263640213438 30.969999313354492 AB 5.197834596930723 1.0415806419606017
60398.1341 lsst_hardware_z 632.318870087996 77.08877178959054 31.709999084472656 AB 6.601046538537695 1.04325885658059
60404.1056 lsst_hardware_i 207.17291374551695 32.56266240049363 31.239999771118164 AB 7.254534539015169 1.0354252636683718
60404.117 lsst_hardware_u 6.743073753189381 3.09464058324852 28.399999618530273 AB 7.307147922720117 1.0426866328082205
60414.0932 lsst_hardware_g 3.1344358012929026 14.576861359004644 31.440000534057617 AB 10.86028905940351 1.045632631926908
60414.1046 lsst_hardware_r 62.35048830753693 23.996708991217663 31.489999771118164 AB 10.984886779005759 1.0575865192678902
60416.0931 lsst_hardware_i 193.06231797793964 36.72389805713589 31.280000686645508 AB 14.970509124459845 1.0507955539448424
60416.103 lsst_hardware_r 148.63525037267019 33.20176469560595 31.579999923706055 AB 15.100207792774231 1.0624845702232288
60419.0957 lsst_hardware_z 509.5915334318437 74.32829000308786 31.719999313354492 AB 7.264218789543251 1.0636790496207416
60427.0235 lsst_hardware_z -68.27638290286669 47.040000915527344 30.959999084472656 AB 1.546481901499284 1.030987934332856
60427.0356 lsst_hardware_i -1.4341273060092425 45.16999816894531 31.299999237060547 AB 1.548946801998325 1.0326312013322168
60428.0694 lsst_hardware_g 43.47406489248878 69.08999633789062 32.869998931884766 AB 9.01547590154611 1.0613934426119742
60428.0876 lsst_hardware_r -134.71054606061213 82.61000061035156 32.79999923706055 AB 9.612840947507086 1.0901384608195832
60431.024 lsst_hardware_r -19.6126544692541 21.799999237060547 31.5 AB 9.067306988728914 1.0324387162298434
60431.0374 lsst_hardware_i 41.40860226444848 29.889999389648438 31.260000228881836 AB 9.12706298380223 1.0385135621557016
60434.0207 lsst_hardware_z -29.877804034969664 40.720001220703125 30.950000762939453 AB 10.368629669458729 1.0341053526720807
60434.0336 lsst_hardware_u -0.09483151500434282 2.6600000858306885 28.459999084472656 AB 10.510540809972133 1.0415499378146544
60437.0039 lsst_hardware_r 9.171370995261547 21.420000076293945 31.469999313354492 AB 10.05253206547592 1.031593220100833
60437.0159 lsst_hardware_g 18.86464593314571 12.729999542236328 31.360000610351562 AB 10.102417296291481 1.0356319735131112
60441.9645 lsst_hardware_y 84.60133306423315 50.33000183105469 30.049999237060547 AB 8.029024600565798 1.0356468226716706
60441.977 lsst_hardware_r -28.64886435269782 22.09000015258789 31.479999542236328 AB 7.996971623981877 1.0315123773302068
60444.0026 lsst_hardware_z -32.575752755510855 41.22999954223633 30.940000534057617 AB 6.110140578799701 1.0389628598537155
60444.0151 lsst_hardware_i 43.01578556384495 31.309999465942383 31.25 AB 6.170533529052948 1.049232023304361
60671.3413 lsst_hardware_i -30.394715428524055 30.6299991607666 31.260000228881836 AB 5.807930571672326 1.0335622087446685
60671.354 lsst_hardware_y -37.16497093309235 55.90999984741211 30.059999465942383 AB 5.810467025868796 1.030986312441602
60673.3474 lsst_hardware_i 11.541656253325591 31.670000076293945 31.260000228881836 AB 9.10113015682434 1.0310461353021771
60673.3604 lsst_hardware_y -84.0171223096235 75.5999984741211 30.06999969482422 AB 9.06417149510012 1.0323853712219426
60675.3432 lsst_hardware_g 13.822085067742375 13.979999542236328 31.420000076293945 AB 7.322626852892129 1.0309837967483073
60675.354 lsst_hardware_y -5.256522674217413 55.150001525878906 30.059999465942383 AB 7.3316705541205245 1.0321412964018204
60677.3382 lsst_hardware_i -15.555752180358954 29.780000686645508 31.239999771118164 AB 4.611880700349807 1.0309718406147106
60677.3509 lsst_hardware_y 71.50214755367408 49.83000183105469 30.049999237060547 AB 4.603023007526276 1.0328012432279141
60679.341 lsst_hardware_u -2.7803961993946227 2.8499999046325684 28.520000457763672 AB 2.8541512267679345 1.0316830749206343
60679.3531 lsst_hardware_z -6.935660006569616 43.529998779296875 30.959999084472656 AB 2.8258200680498806 1.0359527332233107
60681.34 lsst_hardware_r 32.43213108731502 21.959999084472656 31.5 AB 8.045582150539818 1.0328090052040824
60681.3525 lsst_hardware_y 53.63435369166904 48.97999954223633 30.049999237060547 AB 8.091953435965639 1.038761673423058
60683.3274 lsst_hardware_i 0.9122799993629918 29.690000534057617 31.239999771118164 AB 9.01629675921862 1.0312589224772528
60683.3393 lsst_hardware_z -27.143920922864854 40.77000045776367 30.950000762939453 AB 9.040572003919 1.0345876792583253
60685.3306 lsst_hardware_u 0.8812394186806117 2.690000057220459 28.489999771118164 AB 7.3914646541902576 1.0333136355726262
60685.3419 lsst_hardware_g 10.289623309464055 13.300000190734863 31.40999984741211 AB 7.070196010408523 1.0389707583260137
60689.3299 lsst_hardware_r -58.344091324267744 78.86000061035156 31.65999984741211 AB 8.63783851112655 1.0382849400344438
60689.3412 lsst_hardware_y 71.2987624895611 52.22999954223633 30.049999237060547 AB 7.184032141091938 1.0470569350827514
60691.3215 lsst_hardware_z 16.001478074952548 56.2599983215332 30.989999771118164 AB 5.945514946563319 1.0365714939743396
60691.3335 lsst_hardware_r -15.400672681134614 73.58000183105469 31.65999984741211 AB 4.646250048661053 1.0450404967748597
60693.3322 lsst_hardware_i -29.81996664898337 52.52000045776367 31.31999969482422 AB 7.64805370518063 1.0488999115656108
60693.344 lsst_hardware_z -43.246454862631914 52.689998626708984 30.979999542236328 AB 7.100572148550971 1.062522486783279
60696.2761 lsst_hardware_i 73.58359577525128 37.720001220703125 31.280000686645508 AB 12.188597151703853 1.0325673548919596
60696.29 lsst_hardware_z -81.10014460860225 44.29999923706055 30.959999084472656 AB 12.168755422181727 1.0310757009135507
60698.2721 lsst_hardware_i 27.668025048272476 31.420000076293945 31.25 AB 9.805653857531365 1.0321740902664593
60698.2847 lsst_hardware_z 33.24378527024302 41.16999816894531 30.940000534057617 AB 9.7953435784048 1.031088797726821
60700.2748 lsst_hardware_g -10.847620094460332 13.479999542236328 31.420000076293945 AB 9.610117761709505 1.0309994559024627
60700.2868 lsst_hardware_r 38.33162610039254 22.139999389648438 31.5 AB 9.618184213375487 1.0324278851136104
60704.2605 lsst_hardware_u 0.28656325404205013 2.759999990463257 28.549999237060547 AB 11.55623399224858 1.0312771561250769
60704.273 lsst_hardware_g -18.84357619157995 18.40999984741211 32.15999984741211 AB 11.561465358231905 1.0317440026978921
60704.2875 lsst_hardware_r -18.189881776790095 21.739999771118164 31.5 AB 11.619087714184278 1.0374185459093106
60708.2656 lsst_hardware_z 24.01392642628113 40.66999816894531 30.950000762939453 AB 9.350835613488295 1.0326139488143444
60708.2769 lsst_hardware_r -51.113728877684835 21.690000534057617 31.489999771118164 AB 9.510723233575225 1.0376089061286522
60710.2651 lsst_hardware_u -5.866411864125571 2.75 28.530000686645508 AB 8.255474236321431 1.0343909580655848
60710.275 lsst_hardware_g -12.541923989996164 13.0600004196167 31.40999984741211 AB 8.319114176152999 1.0398892720191248
60712.2576 lsst_hardware_r 1.6391450193281287 21.719999313354492 31.5 AB 3.894541211577941 1.0335831240918103
60712.2706 lsst_hardware_z -39.62479859525384 40.75 30.950000762939453 AB 3.8576353564241743 1.0406353807456634
60715.2573 lsst_hardware_r -108.11395866249332 43.060001373291016 31.6200008392334 AB 5.476217943207698 1.0373262086581274
60715.2693 lsst_hardware_y -21.367477897363266 48.2400016784668 30.049999237060547 AB 5.528528973014888 1.0462277471760209
60717.2418 lsst_hardware_z 48.526106622622315 57.369998931884766 30.979999542236328 AB 3.8367875367859137 1.0328521533847304
60717.2531 lsst_hardware_r 255.71682748085675 78.16000366210938 31.649999618530273 AB 3.815890626762792 1.038078654330065
60719.2593 lsst_hardware_i -12.817967606283151 72.55000305175781 31.34000015258789 AB 5.565297873796808 1.0470763156043628
60719.2705 lsst_hardware_z -61.69424843937985 64.58000183105469 30.989999771118164 AB 5.621049499745707 1.0592929000572968
60721.2466 lsst_hardware_r 44.56494118095107 78.97000122070312 31.649999618530273 AB 3.291293857402376 1.0410545176031554
60721.2579 lsst_hardware_z 19.835322022835594 59.0 30.979999542236328 AB 3.471760304682323 1.0510930380509607
60723.2468 lsst_hardware_z 3.440506475898406 52.060001373291016 30.969999313354492 AB 4.800015342878211 1.0456410724056664
60723.2576 lsst_hardware_i -20.038896511684133 52.34000015258789 31.31999969482422 AB 4.653768190360609 1.0568739266526743
60725.2489 lsst_hardware_z 90.85765448714913 45.77000045776367 30.959999084472656 AB 2.7669952118049155 1.053157274221612
60725.2607 lsst_hardware_r -32.52193018956501 42.11000061035156 31.610000610351562 AB 2.6854029312573946 1.068179368041923
60730.1945 lsst_hardware_u -2.892781135684692 2.700000047683716 28.489999771118164 AB 9.873408390810056 1.0309859092387805
60730.206 lsst_hardware_g 2.921429471165899 13.180000305175781 31.40999984741211 AB 9.99542580846978 1.0327631281353309
60732.1911 lsst_hardware_r -16.716881402960876 21.799999237060547 31.489999771118164 AB 7.21297648727447 1.0310512078439724
60732.2028 lsst_hardware_i -39.16168995699208 29.75 31.25 AB 7.155323213085119 1.0335208483133094
60737.1838 lsst_hardware_u 2.260459053189165 2.549999952316284 28.3700008392334 AB 5.644761303121618 1.0319490499308261
