data/validation/pwv_sim_epoch_fit_4/20611747.ecsv
# %ECSV 0.9
# ---
# datatype:
# - {name: time, datatype: float64}
# - {name: band, datatype: string}
# - {name: flux, datatype: float64}
# - {name: fluxerr, datatype: float64}
# - {name: zp, datatype: float64}
# - {name: zpsys, datatype: string}
# - {name: pwv, datatype: float64}
# - {name: airmass, datatype: float64}
# meta: {SNID: '20611747', alt: 1024.0, c: -0.04166313260793686, dec: -50.285809, lat: -30.244573, lon: -70.7499537, ra: 308.661957, t0: 60835.23046875,
#   x0: 3.948003192114257e-05, x1: 1.040509581565857, z: 0.2554022967815399}
# schema: astropy-2.0
time band flux fluxerr zp zpsys pwv airmass
60800.4137 lsst_hardware_i -34.49018181230078 31.3799991607666 31.260000228881836 AB 7.204628429866487 1.0691078086042247
60800.4266 lsst_hardware_y -57.12499829672816 60.290000915527344 30.059999465942383 AB 5.892956874822653 1.0645753544978147
60802.4018 lsst_hardware_u -1.9989886183349586 2.7799999713897705 28.5 AB 7.4364058126830495 1.072945410030018
60802.4155 lsst_hardware_z 30.98758726197387 41.91999816894531 30.950000762939453 AB 7.368667784557959 1.0660431294419925
60804.4215 lsst_hardware_r 3.77759776194554 23.8700008392334 31.510000228881836 AB 7.901521245669765 1.063891375477281
60806.409 lsst_hardware_z -48.604341237695095 52.06999969482422 30.969999313354492 AB 8.092669079939986 1.0648248789394719
60806.4233 lsst_hardware_y -29.462327786125442 52.58000183105469 30.049999237060547 AB 7.139309472387845 1.0642184500839003
60808.4049 lsst_hardware_z 136.5627918824095 64.06999969482422 30.979999542236328 AB 6.962498300166175 1.064547928265592
60808.4169 lsst_hardware_y 44.78810291674249 55.2400016784668 30.040000915527344 AB 6.826212965106504 1.064101787234087
60810.4117 lsst_hardware_r 102.8404406308011 125.45810606140545 32.400001525878906 AB 8.114887957001 1.064131302415175
60810.4238 lsst_hardware_y -56.391151525890486 56.75033174291393 30.049999237060547 AB 8.14205678360083 1.067390768694393
60812.3985 lsst_hardware_i 195.98172038949312 69.5798882529956 31.329999923706055 AB 7.753601051570371 1.0639589779170244
60812.4112 lsst_hardware_r 138.07060287208023 82.50416870536436 31.649999618530273 AB 7.754355093951726 1.0650245633839686
60814.4127 lsst_hardware_z 434.37601432988225 73.6151357146967 31.719999313354492 AB 10.219805774158813 1.0673147723724163
60824.3984 lsst_hardware_r 7183.777452144498 86.96983142867342 31.489999771118164 AB 8.754317208380405 1.0748747263036764
60824.4121 lsst_hardware_z 3165.0264663862595 69.61026962360931 30.940000534057617 AB 8.837675123028523 1.0876023123407066
60828.123 lsst_hardware_r 15377.053101694864 130.30171517143336 32.0099983215332 AB 21.75485872601807 2.2858345347676816
60828.1453 lsst_hardware_i 12033.760283949792 119.93593043966855 31.8700008392334 AB 20.51773656590388 1.9451471724220968
60828.1819 lsst_hardware_z 4089.057427117303 77.27528126624401 30.889999389648438 AB 16.123155058239583 1.5779169170326708
60830.3461 lsst_hardware_g 8858.648286669175 95.14755163837424 31.399999618530273 AB 12.867235109155375 1.0643314536710127
60830.3586 lsst_hardware_r 10532.304790253012 104.35508438826729 31.489999771118164 AB 12.867284193871335 1.0643355137823456
60833.3194 lsst_hardware_i 8588.749973044418 100.75310197863294 31.290000915527344 AB 3.6045091267195355 1.0714949841614754
60833.3309 lsst_hardware_z 4290.209491015641 78.80911919588128 30.959999084472656 AB 3.4843230768933866 1.0660312305012656
60842.1879 lsst_hardware_z 3943.836570433468 86.18669704635751 30.940000534057617 AB 10.32502607650197 1.315206174957234
60847.3282 lsst_hardware_r 8571.024113596537 95.45780585967618 31.5 AB 3.1794379028549473 1.0700374364555578
60847.3395 lsst_hardware_i 6313.5224984759625 84.99947199094578 31.239999771118164 AB 3.588610350693949 1.0779844850387854
60849.1161 lsst_hardware_r 7044.940183178612 87.92184309175322 31.3799991607666 AB 5.2718368707033605 1.6474490220948
60849.1335 lsst_hardware_i 5461.641020873835 81.05611503795271 31.18000030517578 AB 5.194439793789772 1.5124296968379696
60867.2653 lsst_hardware_i 3991.8201529662438 125.89648665984528 31.34000015258789 AB 9.249372388188807 1.0662817735896333
60867.2776 lsst_hardware_z 2418.3172766086077 102.1762220566014 30.989999771118164 AB 9.310179928972156 1.0724778169533644
60870.2155 lsst_hardware_i 3793.7532222367463 87.49564101936531 31.31999969482422 AB 7.0517899840386224 1.0733998834079213
60870.2277 lsst_hardware_z 2475.9634583070056 75.37335162956575 30.979999542236328 AB 6.991655601728829 1.0668175627281147
60875.2178 lsst_hardware_i 3051.4825617402303 62.873362432054634 31.25 AB 2.692203930987447 1.0655512111827357
60875.2307 lsst_hardware_z 2003.0933490708053 60.574012799091456 30.940000534057617 AB 2.674219704350898 1.063872047878579
60877.2079 lsst_hardware_r 1935.3447936966095 49.19735381970721 31.489999771118164 AB 6.636411060072963 1.0670900806763441
60877.2212 lsst_hardware_g 504.5452318909697 26.59762371488739 31.420000076293945 AB 5.917440068043473 1.0639529047590188
60879.2144 lsst_hardware_r 1770.870954790923 47.857749813219144 31.510000228881836 AB 5.207910936142721 1.0640695231511381
60879.226 lsst_hardware_i 2642.9822474640614 58.95642262195499 31.25 AB 5.203657750407601 1.0645418017131714
60881.2163 lsst_hardware_z 1513.5384949412992 56.82719414057521 30.950000762939453 AB 5.776357787082101 1.0639819095748333
60881.2279 lsst_hardware_i 2256.0343119644717 57.21080233060197 31.25 AB 5.810195444545403 1.0665801642120978
60884.0446 lsst_hardware_r 1339.607305405834 43.99768789484698 31.420000076293945 AB 6.570226884510408 1.4682618088965118
60884.0526 lsst_hardware_u -1.4427091111014174 3.1175010939556422 28.1200008392334 AB 6.335380545610005 1.419852206546393
60886.1978 lsst_hardware_i 1899.7936548662021 53.36757732762145 31.25 AB 5.127154050831346 1.0638904499312167
60886.2113 lsst_hardware_z 1150.6646694929645 53.84166359373276 30.950000762939453 AB 4.795213050815679 1.0656029001812621
60888.1977 lsst_hardware_r 1364.4935937795976 43.982564199261425 31.510000228881836 AB 4.944006930674072 1.0640281783437149
60888.2084 lsst_hardware_g 489.18245094427743 24.671437412067668 31.399999618530273 AB 4.753661679216821 1.0664412067789213
60890.1974 lsst_hardware_r 1427.3113479228684 55.56431086544459 31.600000381469727 AB 2.415846239300209 1.0648358079560152
60890.209 lsst_hardware_i 1711.274589267461 58.129039558778786 31.290000915527344 AB 2.3910010584763994 1.0690816268616938
60891.1952 lsst_hardware_z 982.0578760399192 59.42080978502729 30.969999313354492 AB 1.2948096978576964 1.0649565712331979
60891.2066 lsst_hardware_i 1742.8722416051312 63.58011219442303 31.299999237060547 AB 1.299141684963682 1.069252415608151
60894.1898 lsst_hardware_z 1895.7353418061782 119.42640348529743 31.75 AB 3.00582792197126 1.0657074710055876
60896.1822 lsst_hardware_r 1116.562305581853 130.62913053301375 31.65999984741211 AB 4.0444220272172515 1.0651157513630123
60896.1944 lsst_hardware_i 1652.272073067061 105.09788855421773 31.34000015258789 AB 4.059717623065623 1.0700362738707494
60897.1916 lsst_hardware_z 2003.596440499726 113.19197141907654 31.739999771118164 AB 4.421944639984206 1.0699978964310872
60899.1807 lsst_hardware_z -50.951863047457074 53.380001068115234 30.979999542236328 AB 2.8964358800004515 1.0673513868076838
60899.1944 lsst_hardware_r -15.638843223667948 64.98999786376953 31.639999389648438 AB 2.9102051680740364 1.0754638462949138
60904.1324 lsst_hardware_r 1.4908078704217338 22.850000381469727 31.5 AB 4.5444336312766 1.0678546952165582
60904.1433 lsst_hardware_u 2.40978617046671 2.7799999713897705 28.510000228881836 AB 4.560550949494877 1.0644715512708807
60906.1396 lsst_hardware_g -3.206432896124686 13.90999984741211 31.420000076293945 AB 1.9546766254785009 1.0642039610608416
60906.1511 lsst_hardware_r 25.906766538116468 22.770000457763672 31.5 AB 1.922480013853492 1.064348796597089
60908.1333 lsst_hardware_i 97.14925702180469 30.670000076293945 31.25 AB 1.9053151203475096 1.064322755989671
60908.1443 lsst_hardware_z 20.2993066361077 41.5099983215332 30.950000762939453 AB 1.8819730703683955 1.0641634551135966
60910.1239 lsst_hardware_r -6.084388126448304 22.68000030517578 31.5 AB 2.537098030597841 1.0651125233408234
60910.1348 lsst_hardware_g -14.719306902644428 13.829999923706055 31.420000076293945 AB 2.3190667084022083 1.0638734039615605
60912.1282 lsst_hardware_r 6.713329666326205 22.520000457763672 31.479999542236328 AB 3.784524196456486 1.0638654975046344
60912.1403 lsst_hardware_i -0.6662586964093954 30.450000762939453 31.239999771118164 AB 3.838674826728343 1.0656078911987628
60932.0977 lsst_hardware_u 3.5627601294591886 2.680000066757202 28.420000076293945 AB 1.31381304223821 1.0709704848079966
60932.1098 lsst_hardware_g 3.2812442668212207 13.75 31.40999984741211 AB 1.3614667394883826 1.0801005469962062
60936.1408 lsst_hardware_z 2.3369166756837836 42.619998931884766 30.940000534057617 AB 2.618899114024276 1.1432080526841935
60936.1519 lsst_hardware_r -26.617192505304835 23.06999969482422 31.479999542236328 AB 2.6757636289899507 1.169136453097852
60938.0436 lsst_hardware_z 42.12641635801833 41.119998931884766 30.940000534057617 AB 5.965930299485788 1.0662649845674759
60938.0557 lsst_hardware_r 19.420436599346093 22.43000030517578 31.479999542236328 AB 5.928823047395102 1.0639113017218151
60950.0325 lsst_hardware_z 2.34006629476924 53.779998779296875 30.969999313354492 AB 5.321739416176387 1.0646317850446225
60950.0449 lsst_hardware_r -80.03946635631404 63.04999923706055 31.639999389648438 AB 5.202371438267409 1.0689621283747348
60957.0344 lsst_hardware_r 9.276711205004094 22.81999969482422 31.489999771118164 AB 4.262680233352583 1.0742641717118404
60957.0457 lsst_hardware_u -10.72301277288884 6.440000057220459 29.020000457763672 AB 3.525625374895395 1.0841406441876038
60961.0717 lsst_hardware_i 10.060557225576014 31.170000076293945 31.239999771118164 AB 5.506481029117035 1.1414367308584785
60961.0833 lsst_hardware_z -1.4617720360573296 42.63999938964844 30.940000534057617 AB 5.519727249562955 1.1682992679205477
61166.4065 lsst_hardware_r 49.799980801950156 76.26000213623047 31.649999618530273 AB 2.839149485877999 1.0720851452385534
61166.4201 lsst_hardware_y -11.57045852102757 55.119998931884766 30.049999237060547 AB 2.495751209007451 1.06564953416202
61170.409 lsst_hardware_z -55.509563202123616 44.220001220703125 30.959999084472656 AB 8.351388459633842 1.0657038805121843
61170.4225 lsst_hardware_y 4.364621606580407 51.59000015258789 30.049999237060547 AB 8.085189843674087 1.063840768904485
61175.3286 lsst_hardware_r -1.704552623485545 22.790000915527344 31.469999313354492 AB 8.255599251770537 1.1457092915442624
61175.3549 lsst_hardware_z -84.78746687786986 41.81999969482422 30.940000534057617 AB 8.430660531819754 1.0992093004100203
61178.4069 lsst_hardware_u -2.0982657121500266 2.559999942779541 28.34000015258789 AB 8.354273296228365 1.0645098491626357
61178.4213 lsst_hardware_y 101.01878057125994 48.189998626708984 30.030000686645508 AB 8.804223185912468 1.0697719545458853
61182.3942 lsst_hardware_g 30.925124682982368 13.6899995803833 31.40999984741211 AB 4.361171002325553 1.0642193758725116
61182.407 lsst_hardware_i 7.569485125823686 30.610000610351562 31.25 AB 4.390468704452439 1.068067313765595
61185.3841 lsst_hardware_z -95.87371187962826 41.40999984741211 30.940000534057617 AB 8.328250805594017 1.0639959295112023
61185.3978 lsst_hardware_r -33.40901738439402 22.520000457763672 31.489999771118164 AB 8.442337206350313 1.0676141979956837
61194.2645 lsst_hardware_r 141.95210590773004 144.72999572753906 32.380001068115234 AB 10.334005009679768 1.1750308910339335
61194.2753 lsst_hardware_i -74.32003324966009 113.48999786376953 32.06999969482422 AB 10.11579344277309 1.1488692155335978
61196.3534 lsst_hardware_z -24.695475911271796 57.880001068115234 30.979999542236328 AB 5.518736871359725 1.0639383477599809
61196.3653 lsst_hardware_r 133.98750272845504 70.73999786376953 31.639999389648438 AB 5.516615328620991 1.0666137749690145
61198.3332 lsst_hardware_z 147.92125442324158 66.41000366210938 31.700000762939453 AB 3.5289730668957056 1.0655111916955633
61220.0512 lsst_hardware_z 51.56222488950652 97.62999725341797 30.829999923706055 AB 7.971830600534323 2.2644029542776094
61220.0773 lsst_hardware_r 86.03144540718907 133.5800018310547 31.440000534057617 AB 6.634969385424879 1.8833293742335733
61222.2327 lsst_hardware_y -121.01302388433045 61.31999969482422 30.040000915527344 AB 8.346050894759099 1.0913436933322995
61222.2447 lsst_hardware_r -32.98122750706406 114.9800033569336 31.649999618530273 AB 8.217815712336435 1.0788782607767409
61223.2383 lsst_hardware_i -28.034265034050446 89.79000091552734 31.329999923706055 AB 8.894083239742482 1.0822795606845794
61223.2514 lsst_hardware_z -0.8038657443334762 75.20999908447266 30.989999771118164 AB 8.752695634142698 1.0717586490786977
61225.2375 lsst_hardware_r -84.59850308368334 71.91000366210938 31.639999389648438 AB 7.869562458120907 1.0780222545371105
61225.2493 lsst_hardware_z -72.39597161454756 57.5 30.979999542236328 AB 7.774956836294553 1.069776435383493
61233.2382 lsst_hardware_z 31.29544451505527 41.52000045776367 30.940000534057617 AB 7.556940606728889 1.0653581682418003
61233.2502 lsst_hardware_i -47.814431688739624 30.739999771118164 31.239999771118164 AB 8.067585772270144 1.0638340835063302
61235.2727 lsst_hardware_g 11.255016138614264 14.069999694824219 31.40999984741211 AB 6.689021577456253 1.0742396237935123
61235.2846 lsst_hardware_r -3.538694017115224 23.059999465942383 31.489999771118164 AB 6.769640415359537 1.0847478933396686
61237.2174 lsst_hardware_g -21.374260312038007 14.0600004196167 31.399999618530273 AB 3.0587797646323382 1.0693164707681657
61237.2293 lsst_hardware_r 4.883885249750033 22.93000030517578 31.489999771118164 AB 3.0758230200811 1.064851313858785
61238.2148 lsst_hardware_i 8.667259868897677 30.709999084472656 31.229999542236328 AB 1.8615618698271603 1.0692486328702817
61238.2275 lsst_hardware_z 18.53930967792331 41.5 30.940000534057617 AB 1.8120379678784277 1.0646521550402044
61242.2146 lsst_hardware_r 42.05618263209335 22.93000030517578 31.479999542236328 AB 5.979757962258941 1.065103613529806
61242.2266 lsst_hardware_g 9.716877648086442 14.050000190734863 31.40999984741211 AB 6.010686604192407 1.063869719612804
61244.206 lsst_hardware_r -20.172323575056026 40.91999816894531 31.600000381469727 AB 5.691653837603923 1.0660191361206035
61244.218 lsst_hardware_i -48.770832205119355 39.970001220703125 31.280000686645508 AB 5.205315077777916 1.063847073717704
61246.21 lsst_hardware_z -108.26445488759327 54.7400016784668 30.969999313354492 AB 5.747771163406788 1.0640079902641222
61246.221 lsst_hardware_i 37.95394732772446 55.709999084472656 31.309999465942383 AB 5.784857319190704 1.0644690991242438
61248.2182 lsst_hardware_z 69.33879742075938 102.62000274658203 31.739999771118164 AB 2.420465454890883 1.0650332010374466
61249.2063 lsst_hardware_r 14.182082647063506 122.81999969482422 31.649999618530273 AB 3.4627786650619568 1.063833691263274
61249.2184 lsst_hardware_i 2.779490294617851 97.02999877929688 31.329999923706055 AB 2.701152706388378 1.0658588167656615
61251.1892 lsst_hardware_i -217.530547764238 96.75 31.329999923706055 AB 5.139651346445783 1.0653231104665317
61251.2017 lsst_hardware_z 28.122780326497626 80.33000183105469 30.989999771118164 AB 5.132582981954805 1.0638580126344293
61253.1576 lsst_hardware_z -23.395636232929906 60.939998626708984 30.979999542236328 AB 4.47083019165578 1.0811293386238385
61253.1684 lsst_hardware_r 101.6905426819813 81.38999938964844 31.649999618530273 AB 4.899595252888553 1.0724735149148634
61256.1941 lsst_hardware_r -56.6847435752212 40.33000183105469 31.600000381469727 AB 1.2934236627867546 1.0645462245160289
61256.2062 lsst_hardware_i -28.719388166032903 39.7599983215332 31.280000686645508 AB 1.326031308637933 1.0686619008499125
61258.1891 lsst_hardware_z -52.012087039481955 41.29999923706055 30.940000534057617 AB 1.711047989987986 1.0646363102694094
61258.1999 lsst_hardware_i -7.2549569252142545 30.600000381469727 31.239999771118164 AB 1.7214088458168306 1.0682580622538123
61260.1901 lsst_hardware_u 0.2221412344992428 2.700000047683716 28.43000030517578 AB 3.4990275640950177 1.066451558700097
61260.2009 lsst_hardware_g 10.973751606927552 13.949999809265137 31.40999984741211 AB 3.5139134271533123 1.0718324680572366
61261.1878 lsst_hardware_r 18.83295371759019 22.940000534057617 31.5 AB 4.025118659551806 1.0666097806032981
61261.1997 lsst_hardware_i 9.555512446179462 30.729999542236328 31.25 AB 4.073377589211185 1.0728355004287102
