data/validation/pwv_sim_epoch_fit_4/20689675.ecsv
# %ECSV 0.9
# ---
# datatype:
# - {name: time, datatype: float64}
# - {name: band, datatype: string}
# - {name: flux, datatype: float64}
# - {name: fluxerr, datatype: float64}
# - {name: zp, datatype: float64}
# - {name: zpsys, datatype: string}
# - {name: pwv, datatype: float64}
# - {name: airmass, datatype: float64}
# meta: {SNID: '20689675', alt: 1024.0, c: 0.010287638753652573, dec: -14.015684, lat: -30.244573, lon: -70.7499537, ra: 97.734375, t0: 60996.1796875,
#   x0: 4.172456228643106e-06, x1: -0.7706145644187927, z: 0.6608611941337585}
# schema: astropy-2.0
time band flux fluxerr zp zpsys pwv airmass
60975.3581 lsst_hardware_r 190.24481159323506 26.492484671965382 31.5 AB 3.1840145730893052 1.0435400359717342
60977.3554 lsst_hardware_g 88.1551107876214 17.12107367532458 31.450000762939453 AB 3.7192915606817794 1.042597148387595
60980.3533 lsst_hardware_r 558.5646680847932 32.288219446563744 31.489999771118164 AB 5.306844327584892 1.0414936941862363
60992.3367 lsst_hardware_g 285.4504111293455 26.826482341462803 31.56999969482422 AB 4.362273956693764 1.0450646332666236
60992.3547 lsst_hardware_z 890.4678995592978 57.507413818793715 30.959999084472656 AB 4.4499369621437355 1.060392460894492
60994.3133 lsst_hardware_r 1338.4752854776693 42.61767107649771 31.5 AB 5.431632855580431 1.0416735003989832
60994.331 lsst_hardware_i 1382.4774421562252 46.975350311783295 31.25 AB 5.484550845001432 1.0449417334563886
60996.3073 lsst_hardware_i 1212.3146416131467 46.90173010529995 31.25 AB 3.893544906475721 1.0417511455453434
60996.3273 lsst_hardware_z 969.3616920362872 50.98107525773146 30.950000762939453 AB 3.9100561769621676 1.0458890402466678
60998.3068 lsst_hardware_i 1308.9063311869065 46.35306596065901 31.239999771118164 AB 6.511782160045627 1.041426917763536
60998.3266 lsst_hardware_u -0.7162368770737688 2.742491321818186 28.440000534057617 AB 6.586304455901219 1.0490251582226995
61000.3079 lsst_hardware_g 164.07227628917667 18.374175975499938 31.399999618530273 AB 4.327368491530978 1.0423626379697222
61000.3274 lsst_hardware_r 1028.977265294949 39.99534376679601 31.479999542236328 AB 4.394649421633284 1.0544417063484162
61003.1718 lsst_hardware_i 3466.9368867466387 80.4993865118983 32.400001525878906 AB 10.66485156115673 1.3709210165169936
61005.3005 lsst_hardware_u 2.7605484726758065 2.5960385463965516 28.3700008392334 AB 5.508730473708195 1.044705191296914
61005.3204 lsst_hardware_g 93.04331702649893 16.475446777270662 31.389999389648438 AB 5.559096945801809 1.0618420245388225
61007.2167 lsst_hardware_r 798.1929928782909 35.89946832933775 31.469999313354492 AB 4.323228824709677 1.1220422592031345
61007.2354 lsst_hardware_i 944.7836855139218 43.688928359709614 31.239999771118164 AB 4.212772760591848 1.0810297050530788
61012.2645 lsst_hardware_i 819.6206863516836 65.91575041480142 31.31999969482422 AB 6.477763341495395 1.0416233249467535
61012.2827 lsst_hardware_z 803.024864709695 61.21382051195672 30.979999542236328 AB 6.50781954130176 1.0453757383650963
61014.2674 lsst_hardware_z 784.6092074860884 73.93319641247372 30.989999771118164 AB 3.3234360346022407 1.041856694668797
61014.2867 lsst_hardware_r 621.5350110647443 100.76135206823704 31.649999618530273 AB 3.3395917377093984 1.0521160633371693
61016.2692 lsst_hardware_i 823.4819467479579 70.19184732103727 31.329999923706055 AB 4.723035591570224 1.044110885723494
61016.2885 lsst_hardware_r 508.529670776854 82.79130601190013 31.649999618530273 AB 4.836477274364449 1.0595853377947466
61019.2588 lsst_hardware_z 643.7953056885436 51.92124302167423 30.959999084472656 AB 9.67066064612319 1.0432212131740226
61019.2774 lsst_hardware_g 34.02127802053238 42.177880198395464 31.690000534057617 AB 9.789962758305284 1.05634730741607
61025.2308 lsst_hardware_i 346.8383463706596 35.7646816146275 31.25 AB 10.813665388928294 1.0414566240086236
61025.2484 lsst_hardware_u 4.442668117970106 2.778417761474774 28.420000076293945 AB 10.870511979795765 1.046038444505392
61027.1983 lsst_hardware_g 16.25319758644532 15.426233771497659 31.420000076293945 AB 3.495064565144178 1.0563894711029704
61027.2173 lsst_hardware_r 218.09329247675495 26.05678195214872 31.5 AB 4.992234738924405 1.0430912534317602
61029.1945 lsst_hardware_i 209.09716014160557 34.82316213432699 31.25 AB 4.067217142637665 1.0546850573008033
61029.2133 lsst_hardware_r 106.58140227881512 25.623049800550817 31.5 AB 5.201888646182725 1.0426193608623993
61033.1834 lsst_hardware_r 116.79191066530491 25.034953696407896 31.5 AB 6.908027924338975 1.0548620613611719
61033.2018 lsst_hardware_i 191.61473111777107 33.8938314964001 31.260000228881836 AB 6.786426614661501 1.0427955615075093
61035.1969 lsst_hardware_z 340.2974798037189 44.204103273262696 30.940000534057617 AB 7.320603308379902 1.0426229550484098
61035.2167 lsst_hardware_r 116.63016787890253 24.71397276896967 31.489999771118164 AB 7.671145823596095 1.04383532774474
61037.2015 lsst_hardware_z 199.49096952639871 44.07604738286998 30.950000762939453 AB 6.3368975091236734 1.041467782092414
61037.2224 lsst_hardware_g 17.185186410239737 14.465079831337219 31.420000076293945 AB 6.355231951189239 1.0508134125286166
61039.1721 lsst_hardware_z 239.50449886181985 49.37498146743552 30.959999084472656 AB 9.767471087312552 1.0502657083131777
61039.1918 lsst_hardware_r 148.4543269124898 43.5229262745728 31.6200008392334 AB 9.686022383389465 1.0415077831601576
61041.1746 lsst_hardware_i 113.90057854807118 62.39137038399751 31.31999969482422 AB 7.315436861324986 1.0450138902586645
61041.1955 lsst_hardware_r 207.19299648686172 74.30482831940199 31.649999618530273 AB 7.29474775429569 1.0422326344102524
61044.1877 lsst_hardware_z 342.76417507574945 99.55858826600388 31.739999771118164 AB 2.675661497939267 1.0423301511255423
61047.1678 lsst_hardware_r 32.56487069510626 53.983058860942876 31.639999389648438 AB 8.368491523329682 1.0417749704855666
61047.1889 lsst_hardware_i 110.37997691628463 49.51091666048228 31.309999465942383 AB 8.405813153097096 1.046366782543207
61050.1598 lsst_hardware_z 185.77486643346046 43.16656996518998 30.950000762939453 AB 8.540559480031922 1.0417433803657516
61050.1804 lsst_hardware_r 120.11666685849121 28.760826832251084 31.540000915527344 AB 8.02142412292645 1.0461817393608985
61055.1238 lsst_hardware_i 45.67531878116189 32.06025850687821 31.260000228881836 AB 5.703546749158338 1.0543899585577405
61055.1424 lsst_hardware_u 3.229546406686129 3.1637174639353502 28.469999313354492 AB 5.744727371689033 1.0425844808800289
61057.1263 lsst_hardware_g 19.539163043119792 14.302694985706243 31.399999618530273 AB 1.481190811675826 1.0477652523055179
61057.1461 lsst_hardware_r 54.5305502243269 23.632067338354073 31.489999771118164 AB 1.3738926670638385 1.041419493700086
61059.1134 lsst_hardware_i 68.24249409592997 31.673926295989407 31.239999771118164 AB 4.087390201212727 1.053881145969204
61059.133 lsst_hardware_r 51.352298991217694 23.47932512601356 31.479999542236328 AB 4.248966995685033 1.0421797880022157
61063.1117 lsst_hardware_r 42.2716844812854 23.393890671246698 31.479999542236328 AB 8.541173285544774 1.046605528709649
61063.1318 lsst_hardware_i 82.20990789904454 31.509078769072392 31.239999771118164 AB 8.047217209480575 1.0415761337665772
61065.1149 lsst_hardware_z 139.17257137376816 42.70892954077209 30.950000762939453 AB 8.322090384229448 1.0426398201183167
61065.1322 lsst_hardware_r 32.610831237079836 23.45234120364879 31.489999771118164 AB 8.137275622049204 1.0428616471003103
61067.1029 lsst_hardware_z 225.2277398694496 45.779499203066635 30.950000762939453 AB 11.889439923163021 1.0453786567845564
61067.121 lsst_hardware_g 69.94792981553609 33.44212306170841 31.65999984741211 AB 11.882447160607752 1.0415889867292911
61069.1048 lsst_hardware_r 24.809551762327803 61.76060622491311 31.639999389648438 AB 11.927189473699237 1.0424042539502916
61069.1237 lsst_hardware_z 208.38330591025073 53.79438838601573 30.969999313354492 AB 11.972920998683167 1.043755644554369
61071.0758 lsst_hardware_i 60.176999281960406 71.90852814998985 31.329999923706055 AB 9.553608700110036 1.0589822867716052
61071.0943 lsst_hardware_r 0.9547577885574662 88.06656493174474 31.65999984741211 AB 9.277164031000643 1.044225908883771
61072.0859 lsst_hardware_z 280.14948842547466 96.17314405736595 31.739999771118164 AB 8.006746329962379 1.047386530180179
61078.0641 lsst_hardware_u -0.0894593163384831 2.5476427387296265 28.31999969482422 AB 6.571820781162972 1.051519365502489
61078.0817 lsst_hardware_g 15.558779429357005 13.456406547125257 31.3799991607666 AB 6.378869934412553 1.0420436060463207
61080.0631 lsst_hardware_r 14.85579393741796 22.040000915527344 31.479999542236328 AB 6.211439369055683 1.0480346512094467
61080.0809 lsst_hardware_z 33.75665490793872 40.72999954223633 30.940000534057617 AB 6.1929257298302645 1.0414258714102222
61082.0562 lsst_hardware_r 32.841273361868495 22.040000915527344 31.479999542236328 AB 1.070495129850136 1.0490764849491054
61082.0733 lsst_hardware_u -0.7298651659561248 2.5999999046325684 28.389999389648438 AB 1.0460379836221985 1.041611136292967
61084.0551 lsst_hardware_g 18.805399173223986 13.399999618530273 31.399999618530273 AB 2.596204229240345 1.0461534839114834
61084.0725 lsst_hardware_r -8.425015933556793 22.110000610351562 31.489999771118164 AB 2.6028505834067746 1.041417944814655
61086.0561 lsst_hardware_i -28.47861262084192 30.06999969482422 31.25 AB 1.775809557185688 1.0431110032908246
61086.0731 lsst_hardware_z -8.206181923727225 40.939998626708984 30.950000762939453 AB 1.7967337445004803 1.0423400983324111
61088.0529 lsst_hardware_r 8.945866620205209 22.010000228881836 31.489999771118164 AB 1.2621796605011444 1.0424057760505756
61088.0698 lsst_hardware_u 2.5805122357972676 2.6600000858306885 28.450000762939453 AB 1.299392186326804 1.042990383673689
61090.0498 lsst_hardware_g -8.569427990948725 13.479999542236328 31.440000534057617 AB 3.0434676896345514 1.0418671842190603
61090.0677 lsst_hardware_i -6.147217544304128 30.1299991607666 31.260000228881836 AB 3.0375483098460854 1.0443394469860192
61094.0353 lsst_hardware_y -18.662564481328484 67.69000244140625 30.790000915527344 AB 7.375535690108619 1.0427610339821558
61099.0214 lsst_hardware_y -34.3210294287473 53.349998474121094 30.059999465942383 AB 5.214195567822751 1.04283911356455
61099.0383 lsst_hardware_z -13.392379867962905 55.290000915527344 30.979999542236328 AB 5.212647646717609 1.0425295293435217
61101.0099 lsst_hardware_y 80.33556497770432 73.80000305175781 30.06999969482422 AB 2.541773400460991 1.0454594963335697
61101.0279 lsst_hardware_i 51.989267859672374 68.02999877929688 31.329999923706055 AB 2.5492012031118545 1.0415530962663349
61103.0085 lsst_hardware_y 161.1234869788439 67.72000122070312 30.06999969482422 AB 3.840787753657156 1.0435505376055307
61103.0283 lsst_hardware_r -25.93995614789871 76.16999816894531 31.649999618530273 AB 3.787571372822787 1.0428096013278294
61105.0067 lsst_hardware_y -74.96674130357391 68.18000030517578 30.06999969482422 AB 5.369118553440652 1.0423448948632703
61105.0258 lsst_hardware_g -29.459856796837812 36.59000015258789 31.68000030517578 AB 5.331463932887434 1.0439181410868585
61107.0049 lsst_hardware_z 18.870426534270226 59.349998474121094 30.979999542236328 AB 8.250711803116964 1.0416250224866763
61107.0241 lsst_hardware_i -78.89568789871869 30.209999084472656 31.239999771118164 AB 8.255450177876344 1.0457879627408184
61109.0032 lsst_hardware_y 103.43906731368426 68.43000030517578 30.06999969482422 AB 10.756167523577417 1.0413897428106969
61109.0225 lsst_hardware_r 21.470329920198918 22.290000915527344 31.479999542236328 AB 10.798367943053957 1.0482495414561828
61338.3562 lsst_hardware_r -50.08142696673392 57.540000915527344 31.639999389648438 AB 3.8343559605748396 1.0478768282144266
61338.3727 lsst_hardware_y -41.081029663909725 68.44000244140625 30.06999969482422 AB 3.8350521168884155 1.0415205133449732
61341.3512 lsst_hardware_r -80.8929840250495 72.83999633789062 31.649999618530273 AB 3.4929452173429385 1.0458702649427694
61341.3681 lsst_hardware_y 36.11620331355867 65.41999816894531 30.06999969482422 AB 3.4677509963287676 1.0414448521145565
61349.2662 lsst_hardware_r -19.867463204567123 22.670000076293945 31.479999542236328 AB 4.0487832333751195 1.1642240678736087
61349.2777 lsst_hardware_y 42.367172083750695 48.0 30.020000457763672 AB 3.8795773009732537 1.1287684902453459
61351.3029 lsst_hardware_z -41.36406318995745 41.08000183105469 30.940000534057617 AB 6.149943512673779 1.066156055360994
61351.3105 lsst_hardware_y 74.06814695978905 47.029998779296875 30.040000915527344 AB 6.117611787016039 1.0568561435633166
61357.311 lsst_hardware_g -1.2316771514123643 13.239999771118164 31.389999389648438 AB 4.215573886945328 1.0441049874787192
61357.329 lsst_hardware_r 4.5630805163623425 21.969999313354492 31.479999542236328 AB 4.224093239424973 1.0420211506443784
61361.3083 lsst_hardware_z -2.369564704956452 40.880001068115234 30.940000534057617 AB 3.943090698407882 1.0416988834047638
61361.3286 lsst_hardware_u 1.8148585091517013 2.609999895095825 28.3799991607666 AB 3.971251021245573 1.0462361908043398
61364.3071 lsst_hardware_g 12.898584018216887 13.289999961853027 31.399999618530273 AB 5.051295660558963 1.0415758458778532
61364.3276 lsst_hardware_r -8.2709652625645 22.040000915527344 31.489999771118164 AB 5.072253074542473 1.051462080129127
61366.222 lsst_hardware_i -13.791504774941918 52.25 31.299999237060547 AB 3.51286469756434 1.1568160365192652
61366.2406 lsst_hardware_z -38.80345000037143 51.869998931884766 30.969999313354492 AB 3.350213210127689 1.1051642114941491
61368.2946 lsst_hardware_i -19.202745997710654 70.41000366210938 31.34000015258789 AB 9.684769800193584 1.0414477525478798
61368.3151 lsst_hardware_z 31.834753411702387 62.970001220703125 30.989999771118164 AB 9.711758180444855 1.0501468620724184
61372.2925 lsst_hardware_i -36.410567800761086 55.779998779296875 31.31999969482422 AB 3.6519272638102516 1.0433084269527122
61372.3116 lsst_hardware_r 21.333672497936313 65.25 31.639999389648438 AB 3.7082781256335324 1.0571420513042495
61374.302 lsst_hardware_z 128.3415947282881 64.22000122070312 31.709999084472656 AB 6.132203497883887 1.0529798233444942
61376.2658 lsst_hardware_g -2.4967330535270724 17.8799991607666 31.520000457763672 AB 7.184746243219845 1.041959694466576
61376.2848 lsst_hardware_r 54.96990400810016 25.979999542236328 31.530000686645508 AB 7.187303156214671 1.0446914638747882
61379.2692 lsst_hardware_i 44.223420362176654 30.149999618530273 31.25 AB 3.3080541939694736 1.0420709384058824
61379.2884 lsst_hardware_z 31.588339731316736 41.20000076293945 30.950000762939453 AB 3.346953628773499 1.0530254462463489
61385.2524 lsst_hardware_i -14.15039807684355 30.350000381469727 31.25 AB 9.97279209866094 1.0419801586731732
61385.2736 lsst_hardware_r -6.288025015359982 22.549999237060547 31.5 AB 10.194223515089806 1.0545384829926354
61387.2549 lsst_hardware_u -4.857043379580105 2.7200000286102295 28.479999542236328 AB 11.011169979822995 1.0447525954573742
61387.2739 lsst_hardware_g 17.265329292949822 13.729999542236328 31.420000076293945 AB 11.07127463898434 1.0608733843412226
61389.2559 lsst_hardware_r 2.123983206096459 22.260000228881836 31.489999771118164 AB 8.565582292715094 1.0487089904359823
61389.2743 lsst_hardware_i 5.309249327807086 30.34000015258789 31.239999771118164 AB 8.725537378475806 1.0686617878433198
61394.2146 lsst_hardware_z -41.34894553710101 46.560001373291016 30.969999313354492 AB 5.173890465224537 1.0424400272450942
61394.2366 lsst_hardware_r 7.479237570765418 36.86000061035156 31.610000610351562 AB 5.201253680283296 1.0451630021668434
61396.2052 lsst_hardware_i 83.99081034979257 62.38999938964844 31.329999923706055 AB 3.8383151023630147 1.043800422152979
61396.2256 lsst_hardware_r 14.299357040121388 75.11000061035156 31.65999984741211 AB 4.953939054053162 1.0428247666673323
61405.1774 lsst_hardware_z -5.725838557768891 41.15999984741211 30.950000762939453 AB 6.865494912352482 1.0453343858022621
61405.1989 lsst_hardware_u 2.7218543349710247 3.1600000858306885 28.600000381469727 AB 6.7931976550038495 1.0422211805775043
61409.1774 lsst_hardware_i -12.94792152729388 30.3700008392334 31.25 AB 2.6635273700029516 1.0416610754802313
61409.1987 lsst_hardware_z -20.681645300827896 41.119998931884766 30.940000534057617 AB 2.64209738371889 1.0469280347585088
61411.1615 lsst_hardware_i 9.01746845086102 30.5 31.25 AB 8.262997557585393 1.0450781594559884
61411.1829 lsst_hardware_u 2.7521298679772803 2.7300000190734863 28.469999313354492 AB 7.084613507863462 1.0423147723795
