data/validation/pwv_sim_epoch_fit_4/20846177.ecsv
# %ECSV 0.9
# ---
# datatype:
# - {name: time, datatype: float64}
# - {name: band, datatype: string}
# - {name: flux, datatype: float64}
# - {name: fluxerr, datatype: float64}
# - {name: zp, datatype: float64}
# - {name: zpsys, datatype: string}
# - {name: pwv, datatype: float64}
# - {name: airmass, datatype: float64}
# meta: {SNID: '20846177', alt: 1024.0, c: 0.0759284645318985, dec: -6.880079, lat: -30.244573, lon: -70.7499537, ra: 310.605469, t0: 61956.953125,
#   x0: 5.0168274061020214e-05, x1: 0.11134489625692368, z: 0.2300126552581787}
# schema: astropy-2.0
time band flux fluxerr zp zpsys pwv airmass
[from data line 133]
62361.179 lsst_hardware_u -3.0085704885059217 2.930000066757202 28.540000915527344 AB 3.2886827071922498 1.0934938344778886
62363.1344 lsst_hardware_z -1.1018923646311949 42.84000015258789 30.940000534057617 AB 3.737832006710442 1.1045602856709344
62363.1563 lsst_hardware_g -2.246275589315126 15.3100004196167 31.450000762939453 AB 3.678783065983116 1.0906561120614042
62365.1302 lsst_hardware_r -15.022322183426398 34.75 31.579999923706055 AB 4.705948534679813 1.1032152538907118
62365.15 lsst_hardware_z 40.54349388569053 44.900001525878906 30.959999084472656 AB 4.6905518836123985 1.0908260194447439
62368.1136 lsst_hardware_r 95.21199075644599 81.66999816894531 31.639999389648438 AB 2.338349177379688 1.1134996082760418
62368.1331 lsst_hardware_y 54.532040416309655 54.599998474121094 30.040000915527344 AB 2.049856233912355 1.0942779842051809
62370.1452 lsst_hardware_z -37.61474249533501 102.44999694824219 31.0 AB 2.1895864476390012 1.0904767533375397
62370.1631 lsst_hardware_r -87.30895160479554 149.0800018310547 31.649999618530273 AB 2.2262628541453258 1.0995248075788744
62373.0848 lsst_hardware_r -81.78288852949494 118.91000366210938 31.6299991607666 AB 4.308662597767896 1.1401594595839895
62373.1041 lsst_hardware_z 25.18568347206532 80.29000091552734 30.989999771118164 AB 4.267042477950921 1.108034920267702
62377.0846 lsst_hardware_u -3.1781997297618294 2.7200000286102295 28.389999389648438 AB 5.585673616978948 1.1201778732848802
62377.1021 lsst_hardware_g -2.5491719496562824 15.010000228881836 31.440000534057617 AB 5.480677809759761 1.0988276897919653
62379.0848 lsst_hardware_r 1.9130059569707045 24.1299991607666 31.489999771118164 AB 3.713767222628426 1.1117953964559704
62379.1004 lsst_hardware_z -56.81039742013563 42.33000183105469 30.940000534057617 AB 3.6528254277495553 1.0959572240472715
62381.0913 lsst_hardware_r -11.192505105389253 24.139999389648438 31.5 AB 3.196926589391281 1.0987260589040557
62384.0878 lsst_hardware_g -14.920403716106803 15.069999694824219 31.440000534057617 AB 1.6141394943631482 1.0952600470657494
62384.1067 lsst_hardware_r -29.916591500502644 24.040000915527344 31.5 AB 1.607855813503148 1.0904413791136982
62386.0889 lsst_hardware_i -40.75495986243076 31.75 31.25 AB 1.8126182247781542 1.091938689625394
62386.1082 lsst_hardware_z -30.77263812740785 42.5099983215332 30.940000534057617 AB 1.7346041041834266 1.0923199648505972
62388.0852 lsst_hardware_r 41.21457742909818 24.049999237060547 31.5 AB 2.7672921973559377 1.0913469951449735
62388.1041 lsst_hardware_u -1.6770294710389337 2.740000009536743 28.40999984741211 AB 2.767996791304632 1.0929179223366539
62391.0621 lsst_hardware_u 3.1003425755290173 2.880000114440918 28.469999313354492 AB 3.201671381848937 1.1003882738704638
62391.0812 lsst_hardware_g -4.06366244349925 15.3100004196167 31.450000762939453 AB 3.1154952275654533 1.0904460472738935
62394.0582 lsst_hardware_r -35.9390905334349 36.58000183105469 31.59000015258789 AB 1.300122972372064 1.0968416527322418
62394.0767 lsst_hardware_z 0.028167379087579165 45.290000915527344 30.950000762939453 AB 1.2808532371495465 1.0902425057309233
62398.0245 lsst_hardware_z 77.87524586292753 144.2899932861328 32.18000030517578 AB 6.6363135105521 1.124798900093576
62402.0362 lsst_hardware_z 79.70792863674255 68.54000091552734 30.979999542236328 AB 1.6454350271695413 1.096956684779694
62402.0551 lsst_hardware_r 134.89270808068437 98.19000244140625 31.649999618530273 AB 1.4863717568526567 1.0902482324102616
62405.0347 lsst_hardware_u 1.5635620070514038 2.859999895095825 28.5 AB 3.6865735406853313 1.092911766594557
62405.0533 lsst_hardware_g -20.48475378261094 15.119999885559082 31.440000534057617 AB 3.1796686993109184 1.0912633888668961
62408.0237 lsst_hardware_r 14.587178285676183 24.170000076293945 31.5 AB 3.74179157139405 1.0943844319073972
62408.0441 lsst_hardware_z 6.098826709109533 42.2599983215332 30.940000534057617 AB 3.701194923483612 1.0909933451683786
62410.026 lsst_hardware_r -18.79052559993317 24.09000015258789 31.489999771118164 AB 6.642808314944978 1.0911015874967613
62410.0443 lsst_hardware_u 0.8954176752367986 2.700000047683716 28.3700008392334 AB 6.264799555015024 1.0930471176855618
62411.9968 lsst_hardware_z 35.51524752972913 44.93000030517578 30.950000762939453 AB 2.7558803919239785 1.1090433851935928
62412.0153 lsst_hardware_g -7.5933556469693775 15.15999984741211 31.43000030517578 AB 2.2725360552596627 1.0930471226548542
62414.9979 lsst_hardware_y -14.096992592723247 49.790000915527344 30.030000686645508 AB 3.665111461225312 1.0992036772644143
62415.016 lsst_hardware_i 18.002118264518636 31.889999389648438 31.25 AB 3.71955339721252 1.0904050609896478
62416.9993 lsst_hardware_y 104.74745502529866 50.47999954223633 30.030000686645508 AB 4.885242333538272 1.0942826103647292
62417.0187 lsst_hardware_r 3.5909373052843616 24.290000915527344 31.5 AB 4.950879627781971 1.090802451728333
62418.9939 lsst_hardware_y 39.480710215236705 60.09000015258789 30.040000915527344 AB 3.1766008543362876 1.0942476246421935
62419.013 lsst_hardware_g 12.245018123824641 15.5600004196167 31.450000762939453 AB 2.617806224612818 1.0907525935886742
62420.9945 lsst_hardware_y 44.8988097104976 60.040000915527344 30.049999237060547 AB 5.895365532833305 1.0915322223353647
62421.0125 lsst_hardware_z -24.42581287779463 42.79999923706055 30.950000762939453 AB 6.7720537917225485 1.092266740600411
62424.0042 lsst_hardware_y -8.48876191270735 84.1500015258789 30.799999237060547 AB 7.293318614601923 1.0922229299292383
