data/validation/pwv_sim_epoch_fit_4/21078734.ecsv
# %ECSV 0.9
# ---
# datatype:
# - {name: time, datatype: float64}
# - {name: band, datatype: string}
# - {name: flux, datatype: float64}
# - {name: fluxerr, datatype: float64}
# - {name: zp, datatype: float64}
# - {name: zpsys, datatype: string}
# - {name: pwv, datatype: float64}
# - {name: airmass, datatype: float64}
# meta: {SNID: '21078734', alt: 1024.0, c: -0.052162524312734604, dec: -6.279288, lat: -30.244573, lon: -70.7499537, ra: 139.746094, t0: 60736.3828125,
#   x0: 2.606650882647545e-06, x1: 0.09902734309434891, z: 0.8000202178955078}
# schema: astropy-2.0
time band flux fluxerr zp zpsys pwv airmass
[from data line 133]
61063.1981 lsst_hardware_z -0.4360865509162483 42.869998931884766 30.940000534057617 AB 9.939291800683042 1.1399904574260078
61063.219 lsst_hardware_r 23.376757943733907 23.520000457763672 31.479999542236328 AB 10.09285811054006 1.1074319693364412
61065.2008 lsst_hardware_u 2.8691949358691007 2.640000104904175 28.350000381469727 AB 8.673579453224773 1.124868456794054
61065.2203 lsst_hardware_r 4.071994110852236 23.360000610351562 31.479999542236328 AB 9.497726322995172 1.1010686388494175
61069.2118 lsst_hardware_z -10.317304420828568 48.33000183105469 30.959999084472656 AB 11.630619443527683 1.0992591133173095
61069.2316 lsst_hardware_g 24.376513259295603 34.099998474121094 31.65999984741211 AB 11.523449129336386 1.0935657536736851
61072.1773 lsst_hardware_i -57.633588776168835 99.11000061035156 31.31999969482422 AB 12.876484753094566 1.1325960729259008
61072.1956 lsst_hardware_z -73.73041839184762 84.61000061035156 30.989999771118164 AB 12.654183864136932 1.10618330033104
61074.184 lsst_hardware_r 175.9523600434564 132.52999877929688 31.639999389648438 AB 10.233177383693622 1.1133607924595263
61074.2023 lsst_hardware_z 91.82519307765709 90.58000183105469 30.989999771118164 AB 10.092637519938886 1.0967277935277324
61076.1826 lsst_hardware_r -118.96074956068466 79.95999908447266 31.6299991607666 AB 7.501840649615172 1.1084279919644167
61076.2004 lsst_hardware_i -36.89544311765724 66.52999877929688 31.31999969482422 AB 7.449048864379072 1.095126266447967
61078.1809 lsst_hardware_z 36.93929380613118 49.09000015258789 30.959999084472656 AB 5.557293924749184 1.1045004322268248
61078.1993 lsst_hardware_i 29.49273681033588 45.119998931884766 31.290000915527344 AB 5.465541217927168 1.0938739553541983
61080.1737 lsst_hardware_z 20.58637267684437 44.0 30.950000762939453 AB 6.221124240441775 1.106239862564479
61080.1927 lsst_hardware_g 10.648656660302114 26.729999542236328 31.600000381469727 AB 6.198947756201297 1.0941250378657246
61082.1607 lsst_hardware_r 56.83217526295428 23.93000030517578 31.5 AB 2.3399113213073766 1.1153056822247271
61082.1781 lsst_hardware_i 12.406376088600203 31.6299991607666 31.25 AB 2.9647965761253654 1.0980728059723575
61084.1585 lsst_hardware_z 29.462263721140868 42.560001373291016 30.940000534057617 AB 4.063762520262338 1.111076560563885
61084.1746 lsst_hardware_u 1.7429682494021779 2.700000047683716 28.3799991607666 AB 4.430244130565691 1.0969344798677043
61086.1534 lsst_hardware_g 8.573247086055137 14.710000038146973 31.43000030517578 AB 3.2495385536434855 1.1106369308949537
61086.1698 lsst_hardware_r -27.777357984394712 23.670000076293945 31.5 AB 4.185304453764331 1.0965863197635803
61088.1558 lsst_hardware_i -3.039932573996904 31.3799991607666 31.239999771118164 AB 3.2403647491524774 1.1024773742508653
61088.1735 lsst_hardware_z -15.329599808434349 42.099998474121094 30.950000762939453 AB 4.620538802266465 1.0936186514240218
61090.156 lsst_hardware_i 26.44356555553966 31.3799991607666 31.25 AB 3.3481404414807887 1.0982310654321414
61090.1735 lsst_hardware_u -3.080305802540281 2.8399999141693115 28.520000457763672 AB 3.485469101081973 1.093480502300147
61092.131 lsst_hardware_u 1.2908076007379043 2.759999990463257 28.43000030517578 AB 5.661620407317076 1.118713072415691
61092.1484 lsst_hardware_g -11.12016004765422 14.699999809265137 31.420000076293945 AB 5.620723787706398 1.0996769455038196
61094.1289 lsst_hardware_r -9.10470101174689 23.559999465942383 31.479999542236328 AB 9.1136460971771 1.114001478691737
61094.1464 lsst_hardware_i 30.173201609623845 31.270000457763672 31.239999771118164 AB 8.985769235485536 1.0974315138599826
61099.1294 lsst_hardware_i -17.936680409338607 65.5999984741211 31.31999969482422 AB 6.6195505028343185 1.0995931067831095
61099.1496 lsst_hardware_z -113.2458218487171 61.47999954223633 30.979999542236328 AB 6.617767271199649 1.0935445780004929
61101.1215 lsst_hardware_i 100.97027211340917 101.77999877929688 31.329999923706055 AB 3.274653532749631 1.1014643567943596
61101.1393 lsst_hardware_z -15.274814439338712 88.16000366210938 30.989999771118164 AB 3.6927462852357316 1.093472064721253
61103.1186 lsst_hardware_z -12.44504513084993 82.9000015258789 30.989999771118164 AB 4.953089127040802 1.0995055222999175
61103.1364 lsst_hardware_r 210.79649563610332 123.4800033569336 31.649999618530273 AB 6.014379978455749 1.0933911001919312
61105.1206 lsst_hardware_i 13.593879625707919 60.790000915527344 31.309999465942383 AB 7.990998687571509 1.0953575830537572
61105.1392 lsst_hardware_r -91.17896507958129 74.23999786376953 31.639999389648438 AB 8.320915838671397 1.0949533957370905
61107.116 lsst_hardware_z 48.638566565587126 48.470001220703125 30.959999084472656 AB 11.291000030354883 1.0950264306032182
61107.1339 lsst_hardware_g -64.2825191496324 49.25 31.68000030517578 AB 12.531306389651585 1.095011044184859
61109.0859 lsst_hardware_g -26.405020593529972 14.449999809265137 31.40999984741211 AB 12.458469174291988 1.116800607260269
61109.1045 lsst_hardware_r 8.481961458959509 23.489999771118164 31.489999771118164 AB 12.246978290497394 1.0979898054955475
61111.0837 lsst_hardware_i -14.903394655082822 31.440000534057617 31.239999771118164 AB 8.811437373466404 1.1124147675124862
61111.1032 lsst_hardware_z 25.413943942631725 42.130001068115234 30.940000534057617 AB 8.703461574423011 1.0957858285743258
61113.084 lsst_hardware_i -60.293389341566694 31.389999389648438 31.239999771118164 AB 14.304532198911213 1.1058139032457504
61113.1028 lsst_hardware_u 0.9638139216734 2.630000114440918 28.350000381469727 AB 14.080358453885436 1.094066198168996
61114.0842 lsst_hardware_g 3.5299480147031783 14.369999885559082 31.40999984741211 AB 9.980376219050894 1.1030071341739798
61114.1036 lsst_hardware_r 7.9003909686145875 23.329999923706055 31.489999771118164 AB 9.638177280271037 1.0934870697102754
61116.0834 lsst_hardware_i -36.334888986545224 31.260000228881836 31.25 AB 8.448073596333964 1.0992938967253192
61116.102 lsst_hardware_r -19.505718223722997 23.229999542236328 31.489999771118164 AB 8.413621129080513 1.093435426582996
61118.074 lsst_hardware_u 2.9114533720182614 2.680000066757202 28.389999389648438 AB 8.150292482726483 1.102371589507758
61118.0937 lsst_hardware_g 26.85748273663542 14.369999885559082 31.420000076293945 AB 8.854375828164054 1.0934140461843957
61122.0729 lsst_hardware_z -94.78582283076716 42.150001525878906 30.940000534057617 AB 6.5377916616388045 1.0959029437847916
61122.0928 lsst_hardware_r 16.670953700033976 23.280000686645508 31.489999771118164 AB 6.679235736588781 1.0949566781293085
61124.0624 lsst_hardware_z 74.88217698535883 43.13999938964844 30.940000534057617 AB 11.376488966650092 1.0987176673196497
61124.0803 lsst_hardware_g 3.8821114674728388 19.219999313354492 31.510000228881836 AB 11.25554680773595 1.0934438788642915
61126.0603 lsst_hardware_r -24.268357020943043 49.02000045776367 31.610000610351562 AB 7.006321413726284 1.0967226746939516
61126.0781 lsst_hardware_z 43.26935799911937 49.439998626708984 30.959999084472656 AB 6.9665455415653685 1.0938924996242236
61128.058 lsst_hardware_r -17.100417139442246 82.5999984741211 31.639999389648438 AB 7.36644174133429 1.0952730943154516
61128.0765 lsst_hardware_y -13.647092991636054 55.470001220703125 30.040000915527344 AB 7.410497952990154 1.0949856601965287
61130.0381 lsst_hardware_z 235.3792486399024 107.11000061035156 31.729999542236328 AB 6.577015902518069 1.1052879426129012
61133.0291 lsst_hardware_r -4.518561137166978 86.20999908447266 31.639999389648438 AB 6.997797646307527 1.106108851072082
61133.0465 lsst_hardware_i -15.439575522689148 69.47000122070312 31.31999969482422 AB 6.7469018659987166 1.094521128442019
61135.0278 lsst_hardware_z -17.47178177792477 48.939998626708984 30.950000762939453 AB 8.402202420309104 1.102181145877308
61135.0462 lsst_hardware_r 2.3565219333415897 54.38999938964844 31.6200008392334 AB 8.550820328934067 1.09349024315791
61137.0263 lsst_hardware_u -3.957891036969738 2.690000057220459 28.40999984741211 AB 11.73791297980436 1.0991241319499736
61137.0447 lsst_hardware_g -2.846472510890514 14.199999809265137 31.420000076293945 AB 11.90605704823489 1.0934357174035594
61139.0193 lsst_hardware_r 14.669001169365384 23.360000610351562 31.479999542236328 AB 8.877230121653907 1.1002330199732178
61139.0358 lsst_hardware_z 50.359965970897626 42.220001220703125 30.940000534057617 AB 8.847618004088902 1.0934459623171109
61142.0118 lsst_hardware_r 5.048273530987695 23.34000015258789 31.5 AB 5.477074336550128 1.09972211224967
61142.0295 lsst_hardware_u 0.2748716021600174 2.859999895095825 28.540000915527344 AB 5.483303184660566 1.0933804954457758
61145.9808 lsst_hardware_g -2.071134023216236 17.06999969482422 31.489999771118164 AB 16.641576824563394 1.1229449877401003
61145.9836 lsst_hardware_r -10.087581916772244 24.549999237060547 31.510000228881836 AB 16.565573385200246 1.118634144353881
61150.0072 lsst_hardware_r 36.10565844556459 23.450000762939453 31.510000228881836 AB 7.644386785691082 1.0933829343761827
61150.0246 lsst_hardware_u -3.3189992965420196 2.7699999809265137 28.459999084472656 AB 7.652661348798103 1.0993228728745703
61153.9758 lsst_hardware_y -100.02686618303453 50.470001220703125 30.030000686645508 AB 10.585860972053569 1.1022824090369292
61153.9936 lsst_hardware_z 7.980518488246676 46.25 30.950000762939453 AB 10.500893740231357 1.0935678074336868
61155.982 lsst_hardware_y -53.81977825162815 76.69000244140625 30.790000915527344 AB 14.709343871032777 1.095097071994647
61157.9757 lsst_hardware_z 7.454690163711036 61.630001068115234 30.969999313354492 AB 1.139243205806366 1.095426159429198
61157.9968 lsst_hardware_r 104.27712973307824 79.29000091552734 31.639999389648438 AB 1.1454781246138346 1.0958891409842952
61159.9661 lsst_hardware_y -32.4202375800806 62.939998626708984 30.040000915527344 AB 12.495646083935661 1.0974731245497176
61159.9837 lsst_hardware_z -149.34787528679968 62.15999984741211 30.979999542236328 AB 12.251311806545178 1.0936230133046354
61161.965 lsst_hardware_y -53.57488278358776 61.22999954223633 30.049999237060547 AB 10.287399985985829 1.0953364550666342
61161.9842 lsst_hardware_z -51.06621326564744 58.849998474121094 30.979999542236328 AB 10.077177898685933 1.0951867010599114
61163.9627 lsst_hardware_y 77.23361285569727 63.5099983215332 30.049999237060547 AB 12.065222058162991 1.0942767664932074
61163.9807 lsst_hardware_i -20.459969872432687 45.560001373291016 31.299999237060547 AB 12.03100681136979 1.0960195692238126
