data/validation/pwv_sim_epoch_fit_4/21093758.ecsv
# %ECSV 0.9
# ---
# datatype:
# - {name: time, datatype: float64}
# - {name: band, datatype: string}
# - {name: flux, datatype: float64}
# - {name: fluxerr, datatype: float64}
# - {name: zp, datatype: float64}
# - {name: zpsys, datatype: string}
# - {name: pwv, datatype: float64}
# - {name: airmass, datatype: float64}
# meta: {SNID: '21093758', alt: 1024.0, c: 0.030073242262005806, dec: -12.329984, lat: -30.244573, lon: -70.7499537, ra: 12.832031, t0: 62455.91015625,
#   x0: 7.324981498337986e-06, x1: -0.9712060689926147, z: 0.5241739153862}
# schema: astropy-2.0
time band flux fluxerr zp zpsys pwv airmass
62324.4383 lsst_hardware_r 29.466461609342858 27.739999771118164 31.549999237060547 AB 1.7019895115966883 1.0519636435313036
62326.4239 lsst_hardware_z -36.602252443378205 42.09000015258789 30.950000762939453 AB 2.4527682913275606 1.053896429960281
62326.4439 lsst_hardware_y 124.1684058977942 68.87999725341797 30.06999969482422 AB 2.451919601934032 1.0536826823953727
62331.4048 lsst_hardware_r 4.496038360772112 33.9900016784668 32.2599983215332 AB 6.301743919428024 1.0565418592384983
62331.4282 lsst_hardware_y -59.62295511209062 47.72999954223633 30.040000915527344 AB 7.220574999810337 1.0530224587735653
62333.4052 lsst_hardware_r -19.163108578473125 23.93000030517578 31.510000228881836 AB 3.6157490867186466 1.0537446337823917
62333.4265 lsst_hardware_y 6.294630975124986 47.810001373291016 30.040000915527344 AB 3.0398009075641275 1.0543576290074148
62335.411 lsst_hardware_g -9.461934274535219 15.050000190734863 31.459999084472656 AB 1.932992660157328 1.0519687946434437
62335.4302 lsst_hardware_z 89.22591432850338 42.65999984741211 30.950000762939453 AB 2.304355460424809 1.0598392367137215
62344.3798 lsst_hardware_r -127.32464977482879 131.6699981689453 32.40999984741211 AB 3.097349862639715 1.0524464365068689
62344.4002 lsst_hardware_i -31.431452629537738 103.83999633789062 32.08000183105469 AB 3.0804347342395078 1.0562094065624918
62346.3673 lsst_hardware_z -29.14379889188466 65.83999633789062 30.989999771118164 AB 4.452591811753713 1.0547416349055343
62346.3886 lsst_hardware_r -52.45826988293679 86.19999694824219 31.649999618530273 AB 4.951192537130147 1.0534452206659888
62350.3498 lsst_hardware_r 30.12618055730515 39.060001373291016 31.600000381469727 AB 1.5268127286668243 1.0585713394962961
62350.3726 lsst_hardware_z 12.646782500691758 45.7400016784668 30.959999084472656 AB 1.5123968726046708 1.0522241692518581
62353.304 lsst_hardware_i -35.32714537522083 44.459999084472656 31.989999771118164 AB 1.7706662912566735 1.113918505639847
62353.3278 lsst_hardware_r 39.72786631202084 33.810001373291016 32.2599983215332 AB 1.7452019912530903 1.0720462705419547
62355.3165 lsst_hardware_u -0.40985846625454486 2.740000009536743 28.440000534057617 AB 4.505595133010011 1.080046775791453
62355.3392 lsst_hardware_g 9.261367556545881 14.460000038146973 31.43000030517578 AB 4.490168991977038 1.0565932211099784
62357.3355 lsst_hardware_r -29.47929192884894 33.189998626708984 32.25 AB 5.184639756307424 1.0556122887727626
62357.3552 lsst_hardware_i 9.183160571936876 43.880001068115234 32.0 AB 5.175465514946545 1.052530016936558
62363.3312 lsst_hardware_u 0.5852733769031545 2.7899999618530273 28.5 AB 4.987410834794476 1.0520114258662983
62363.3496 lsst_hardware_g 16.400451596179582 14.529999732971191 31.450000762939453 AB 5.891689878722787 1.0569633509444378
62365.3073 lsst_hardware_r 5.900568783024867 23.68000030517578 31.510000228881836 AB 4.428722636568656 1.0597142899067309
62365.3276 lsst_hardware_z 41.95711964868848 41.77000045776367 30.950000762939453 AB 4.398159978378669 1.0519397221666273
62368.3005 lsst_hardware_r -89.04591179576556 50.65999984741211 31.6299991607666 AB 2.477855582122821 1.0586864268843499
62368.3181 lsst_hardware_y 24.03625311404114 48.720001220703125 30.049999237060547 AB 2.5673513029459776 1.0519775877672517
62370.322 lsst_hardware_z -20.15159191889883 59.52000045776367 30.979999542236328 AB 1.9693158219483506 1.0531100652130216
62370.3423 lsst_hardware_r -44.427861660306554 78.91000366210938 31.649999618530273 AB 2.019108756939872 1.0669002678678319
62377.2582 lsst_hardware_z -147.9430558784434 77.23999786376953 31.719999313354492 AB 6.528122922074559 1.0774850773670597
62379.2354 lsst_hardware_r 73.38954045005276 35.47999954223633 31.56999969482422 AB 4.65934682366251 1.1085764510260554
62379.2516 lsst_hardware_z 6.824068541784875 45.939998626708984 30.950000762939453 AB 5.233949201183853 1.07912770032312
62381.2352 lsst_hardware_r -81.23906126465086 23.809999465942383 31.489999771118164 AB 2.405210934105473 1.097726817375943
62381.2519 lsst_hardware_y 16.528551243976292 47.54999923706055 30.030000686645508 AB 3.1130598523653976 1.0713754224040604
62384.2377 lsst_hardware_u -4.391363355883578 3.930000066757202 29.219999313354492 AB 1.8707636728890813 1.079494329422178
62384.2569 lsst_hardware_g 14.786838219313182 20.81999969482422 32.20000076293945 AB 2.4475493739554794 1.058628621953062
62386.2357 lsst_hardware_r 15.13025885548 23.670000076293945 31.5 AB 2.0117220967818277 1.074637872212515
62386.2559 lsst_hardware_i -12.431813195563057 31.139999389648438 31.25 AB 2.0986606766299345 1.0558413600351844
62388.2244 lsst_hardware_z -22.817926760422893 42.31999969482422 30.940000534057617 AB 3.279700474934986 1.0831243312202727
62388.2419 lsst_hardware_r -24.675241427188222 23.729999542236328 31.5 AB 3.2173868766035008 1.0618438536645218
62391.2082 lsst_hardware_i 7.8319041131566385 31.489999771118164 31.25 AB 2.946193143649137 1.0971424318455079
62391.228 lsst_hardware_u -2.1680939150417475 2.740000009536743 28.440000534057617 AB 3.2152805601644636 1.0674311603489615
62394.2022 lsst_hardware_g -53.52932572069179 22.489999771118164 31.579999923706055 AB 1.18866708267874 1.093027202463209
62394.2201 lsst_hardware_r -16.66293189135526 27.770000457763672 31.549999237060547 AB 0.949732920889607 1.0671156414489966
62397.1903 lsst_hardware_i -46.03834765637157 48.9900016784668 31.299999237060547 AB 1.3482916392743185 1.1001223683478496
62402.1965 lsst_hardware_i -92.28739940903405 160.72999572753906 32.09000015258789 AB 2.1287954674790805 1.069074936586831
62402.2171 lsst_hardware_z -28.78419136874521 93.79000091552734 31.0 AB 2.0793794504970493 1.0536505956406543
62405.1833 lsst_hardware_i 6.327887018542327 63.880001068115234 31.31999969482422 AB 3.650875948837328 1.0753420727534408
62405.203 lsst_hardware_z 2.3022236980665043 60.189998626708984 30.979999542236328 AB 3.5853819604634762 1.0564142589820764
62410.1692 lsst_hardware_i 3.759923932250099 31.489999771118164 31.25 AB 5.082263675753419 1.075952932307347
62410.1874 lsst_hardware_r 15.478289524883808 23.809999465942383 31.510000228881836 AB 5.04032568615196 1.0576143704878116
62412.1697 lsst_hardware_u 0.15325780935381658 2.700000047683716 28.3799991607666 AB 3.003911950185095 1.0685008122545987
62412.1871 lsst_hardware_g 6.025864542610234 15.15999984741211 31.450000762939453 AB 3.0077911942636884 1.0547485193209896
62415.1714 lsst_hardware_r 17.36216226865469 23.729999542236328 31.5 AB 5.156442733749552 1.0592528212303927
62415.1897 lsst_hardware_i -24.520118941099962 31.18000030517578 31.25 AB 4.96009208152236 1.05198135345119
62419.1436 lsst_hardware_i 1.650720231352363 31.3799991607666 31.239999771118164 AB 3.3476968834761913 1.0773825355141013
62419.1627 lsst_hardware_u -1.7940113540771505 2.6700000762939453 28.3700008392334 AB 3.3050368277887263 1.0576964006044407
62421.1456 lsst_hardware_g -14.761843378399677 15.130000114440918 31.440000534057617 AB 6.459969434254074 1.06796948738116
62421.1637 lsst_hardware_r 37.43909823531915 23.790000915527344 31.5 AB 6.3677603128843 1.054235862070743
62424.142 lsst_hardware_i 0.27509392639311153 37.43000030517578 31.280000686645508 AB 6.608326597542014 1.0632866609078946
62424.1593 lsst_hardware_r 1.8892327322764635 36.08000183105469 31.600000381469727 AB 6.502313792082971 1.052935233857306
62426.1451 lsst_hardware_z 13.651861625511982 74.35052915045762 31.719999313354492 AB 6.763161974484695 1.0567440585132335
62428.1353 lsst_hardware_r 50.232421900599896 95.22313549044611 31.649999618530273 AB 3.9046694076961925 1.0597076373341061
62428.1525 lsst_hardware_i 13.672530721143763 77.57377159039083 31.329999923706055 AB 4.09488413671112 1.0521285037800594
62430.1325 lsst_hardware_z -24.607639314273097 90.08348080355199 31.0 AB 2.755933260024659 1.05780447544447
62430.1505 lsst_hardware_r -271.5547838454851 131.40910204951464 31.65999984741211 AB 2.763442482900621 1.0519385165209822
62434.1125 lsst_hardware_g 77.51381678204972 69.07731274881279 31.719999313354492 AB 4.794392977682328 1.065420661707184
62434.1308 lsst_hardware_r 126.96455488492936 71.30251659335354 31.649999618530273 AB 4.630331162324788 1.0532855751880679
62439.1052 lsst_hardware_u 20.064003976821436 5.31381676532972 28.479999542236328 AB 6.358535348281336 1.0597558913802227
62439.1227 lsst_hardware_g 138.24962690018154 18.947452164947503 31.440000534057617 AB 6.312598383541689 1.0520997305902815
62441.0883 lsst_hardware_g 282.4422620272074 21.40465280604758 31.40999984741211 AB 5.871868660563118 1.0711016786008576
62441.108 lsst_hardware_r 950.146975713729 38.20502035194863 31.489999771118164 AB 5.767049985424467 1.054707000306135
62450.0805 lsst_hardware_i 1736.8844295042395 52.266439613912425 31.25 AB 9.02256576929836 1.056197339104209
62450.0993 lsst_hardware_z 1496.8732575977779 55.398369302527115 30.950000762939453 AB 9.928045788588642 1.0521827592385604
62452.0818 lsst_hardware_i 1901.2962927780425 55.284206461222325 31.260000228881836 AB 4.76194327247768 1.0532360016540172
62452.1 lsst_hardware_z 1580.2422730122798 57.50312801282713 30.950000762939453 AB 3.4772960450255392 1.0537260742501635
62455.0679 lsst_hardware_z 3338.7157552846675 95.85934528766346 31.729999542236328 AB 5.593743564120997 1.055622488039688
62459.0641 lsst_hardware_z 3410.0193616377496 115.22301024615655 31.739999771118164 AB 4.955853450133573 1.0528315228835974
62464.0593 lsst_hardware_i 1903.8670746604175 52.61653641332995 31.260000228881836 AB 7.953450264280558 1.0519973013906074
62464.0796 lsst_hardware_z 1536.988086546023 60.673036457823834 30.959999084472656 AB 8.014704185773578 1.0611285827847978
62467.0328 lsst_hardware_y 436.02054158427075 54.356012865082015 30.049999237060547 AB 5.09687356154463 1.0569492584467064
62467.0514 lsst_hardware_i 1651.2805343549774 51.31612863916424 31.25 AB 3.780254540653297 1.052018888864675
62472.0264 lsst_hardware_y 340.46128879909696 68.34467064287719 30.059999465942383 AB 7.262052590746603 1.05348925397678
62472.0453 lsst_hardware_g 192.20831349483873 19.70517840991375 31.440000534057617 AB 6.583626928068427 1.053689390712224
62474.0248 lsst_hardware_y 583.0057506724238 78.3390902533272 30.06999969482422 AB 4.602368224750049 1.0524510004001941
62474.0309 lsst_hardware_i 1375.4647170372218 53.59341976706176 31.290000915527344 AB 4.595403176401354 1.051940752295148
62476.0282 lsst_hardware_z 903.6126799849134 70.44431387488572 30.989999771118164 AB 3.397085131929308 1.0521634726190299
62476.0473 lsst_hardware_u 0.8687148936933721 3.176429409185367 28.530000686645508 AB 3.5690074170489265 1.0615200764533563
62687.422 lsst_hardware_z -5.197052072280367 42.18000030517578 30.950000762939453 AB 5.55716627677438 1.0625556934559044
62687.4412 lsst_hardware_y -154.79140404287205 57.77000045776367 30.049999237060547 AB 5.516174806228912 1.052353661702437
62689.4229 lsst_hardware_u 2.321860505469079 2.7899999618530273 28.40999984741211 AB 1.7829864859795164 1.057629156290533
62689.4418 lsst_hardware_y 11.721117305354959 62.119998931884766 30.059999465942383 AB 1.760785702934929 1.052000419976059
62705.277 lsst_hardware_z 38.4939613149625 82.31999969482422 32.11000061035156 AB 7.131683985678059 1.3855104233282074
62705.3154 lsst_hardware_r 5.918247307301076 55.54999923706055 32.72999954223633 AB 5.685703917844196 1.1872010964699906
62712.3451 lsst_hardware_r -17.975005769017002 23.3799991607666 31.489999771118164 AB 5.1239131402096305 1.0717988718887805
62712.3677 lsst_hardware_u 1.2560516004565474 2.6500000953674316 28.3799991607666 AB 5.049050228423646 1.05376980957413
62721.3151 lsst_hardware_r -0.21915494558807352 23.209999084472656 31.489999771118164 AB 2.7798693483714825 1.0791418277839606
62721.3381 lsst_hardware_i 59.04909292962312 30.700000762939453 31.25 AB 2.589001584479057 1.056088755651257
62724.3172 lsst_hardware_z -0.7584755502606094 52.779998779296875 30.969999313354492 AB 5.97842935002346 1.066243864816066
62724.3382 lsst_hardware_r 63.53039035424875 63.25 31.649999618530273 AB 5.684988035826859 1.052775562190159
62730.3092 lsst_hardware_z -105.89526417928667 94.38999938964844 31.739999771118164 AB 4.420877675159945 1.0588505868412044
62732.3254 lsst_hardware_r 26.925426796562807 52.5099983215332 31.6299991607666 AB 2.8232623983628136 1.0520821309344903
62732.3437 lsst_hardware_z -8.705658314102871 50.41999816894531 30.969999313354492 AB 2.4790937072020642 1.060007998803662
62734.3158 lsst_hardware_r 13.840918669853874 32.04999923706055 31.56999969482422 AB 1.4921202399347517 1.0520236709293198
62734.3357 lsst_hardware_y 22.289104071551105 47.779998779296875 30.040000915527344 AB 1.966047361216537 1.0581525087279533
62737.2909 lsst_hardware_u 3.6183688303206143 2.799999952316284 28.489999771118164 AB 3.0348820003877655 1.0582798362435488
62737.3106 lsst_hardware_g 4.432233459543054 14.680000305175781 31.450000762939453 AB 3.286193531793516 1.0520027312664315
62739.2596 lsst_hardware_r -32.25091929059415 23.469999313354492 31.5 AB 2.41129066961509 1.0893155153928802
62739.2765 lsst_hardware_i -24.53850904345019 31.059999465942383 31.25 AB 2.3631956637775855 1.0659830833113193
62746.183 lsst_hardware_r 31.75283300508474 34.290000915527344 32.209999084472656 AB 3.201020843774116 1.2771303695611063
62746.1993 lsst_hardware_u 1.618841107868356 3.759999990463257 29.079999923706055 AB 3.0270331439511606 1.2030734848280702
62750.2452 lsst_hardware_r -46.62143172119146 33.0 31.579999923706055 AB 0.4353813472539119 1.0673291454641354
62750.2652 lsst_hardware_i -34.025900910226916 35.02000045776367 31.280000686645508 AB 0.8719078238315942 1.0533468122399203
62752.2386 lsst_hardware_z -58.33832986915077 50.36000061035156 30.969999313354492 AB 2.566850199151062 1.0685933179466693
62752.2632 lsst_hardware_r -40.862354136027285 54.599998474121094 31.6299991607666 AB 2.9609297668036305 1.0524631872524755
62756.2279 lsst_hardware_r -54.30646669413152 137.61000061035156 31.649999618530273 AB 3.238863471348715 1.0683441906592792
62756.2468 lsst_hardware_z -39.53127737247204 90.26000213623047 31.0 AB 3.1940042145035314 1.05406882388324
62759.2013 lsst_hardware_i -42.02074323614545 68.41999816894531 31.329999923706055 AB 1.1490123744993923 1.0960372411764319
62759.2203 lsst_hardware_r 113.96864473775477 81.83000183105469 31.649999618530273 AB 1.055675985214882 1.0676874692438756
62761.2021 lsst_hardware_z -95.89223288914644 49.349998474121094 30.969999313354492 AB 0.8812946051992839 1.0850041307470408
62761.2197 lsst_hardware_g 46.187448609111954 48.689998626708984 31.709999084472656 AB 1.9070357686325299 1.0628101998693906
62766.1821 lsst_hardware_i -5.677127193845958 31.6299991607666 31.25 AB 2.453032531964944 1.0962049075924227
62766.2003 lsst_hardware_z -90.2601794515368 41.849998474121094 30.950000762939453 AB 2.435253757351043 1.0686796521560993
62768.1574 lsst_hardware_i -6.3872251553258526 31.920000076293945 31.229999542236328 AB 4.00855856103208 1.1416871035147025
62768.1754 lsst_hardware_u 0.6723346186587115 2.6600000858306885 28.350000381469727 AB 4.173584274995337 1.0986007567766924
62770.2275 lsst_hardware_i 32.14862102916458 31.280000686645508 31.25 AB 3.1639642852525696 1.0532504278470605
62770.2402 lsst_hardware_r -20.61921281406771 23.93000030517578 31.5 AB 3.21983757967793 1.0602033518861933
62775.1718 lsst_hardware_r 42.014516497629195 23.850000381469727 31.5 AB 5.1039719331313735 1.073446960015081
62775.1898 lsst_hardware_i 14.502521672884171 31.209999084472656 31.25 AB 5.006639249130302 1.0565873692371641
62779.1501 lsst_hardware_r 29.697808303451996 38.06999969482422 31.59000015258789 AB 4.653532333260512 1.0898202185621808
62779.1678 lsst_hardware_z 8.14899902027283 44.90999984741211 30.959999084472656 AB 6.782533596400848 1.0654588710144908
62782.1727 lsst_hardware_i 34.68671621703105 65.8499984741211 31.329999923706055 AB 4.338899971385353 1.0554794173249005
62782.188 lsst_hardware_r 42.15538181726225 79.43000030517578 31.65999984741211 AB 4.347454177345074 1.0520155299083271
62784.1587 lsst_hardware_z 52.040678295842184 124.61000061035156 31.75 AB 3.352720494486402 1.0612393746891609
62788.1425 lsst_hardware_z 55.65120657180954 61.22999954223633 30.979999542236328 AB 8.850933985309906 1.066206310469391
62788.1602 lsst_hardware_r 10.373810670831356 79.94999694824219 31.649999618530273 AB 8.783897495761403 1.0537726431512338
62790.1354 lsst_hardware_u 7.617555563461111 5.21999979019165 28.920000076293945 AB 8.345311093598443 1.0679719859569299
62790.1539 lsst_hardware_g 39.90795103005873 37.08000183105469 31.690000534057617 AB 8.18152014035029 1.0540932111252954
62792.1324 lsst_hardware_r -7.457606508504863 23.75 31.510000228881836 AB 6.522316775144399 1.0653608649134674
62792.1493 lsst_hardware_z -25.792683641072674 41.619998931884766 30.950000762939453 AB 6.46185824070542 1.0537642878871312
62795.1094 lsst_hardware_i 46.41120575802885 31.670000076293945 31.260000228881836 AB 2.8493754768601867 1.0847876180941933
62795.1279 lsst_hardware_r -10.369364907749127 24.010000228881836 31.520000457763672 AB 2.828169846458624 1.0618910562422867
62798.1312 lsst_hardware_r 5.343109361268505 23.780000686645508 31.510000228881836 AB 2.99331070614234 1.0544467480906525
62798.1552 lsst_hardware_i -39.49043002937515 31.40999984741211 31.260000228881836 AB 3.031899759836801 1.0548490075105257
62800.113 lsst_hardware_z -10.401583301430984 41.880001068115234 30.959999084472656 AB 2.4377323375189914 1.0630033086314146
62800.1304 lsst_hardware_r 1.541221295121056 23.729999542236328 31.520000457763672 AB 2.5956213138200868 1.052848018045278
62804.1001 lsst_hardware_r 0.5140349159264453 23.729999542236328 31.530000686645508 AB 6.3893532661020815 1.0648922110170136
62804.1172 lsst_hardware_z -40.58238593394894 41.65999984741211 30.959999084472656 AB 6.321163071601816 1.0535271786003026
62818.0566 lsst_hardware_i -41.79186627397321 31.149999618530273 31.25 AB 4.6869137906275995 1.0706827619938166
62818.074 lsst_hardware_z -7.00548259371281 47.41999816894531 30.959999084472656 AB 4.589319708973351 1.0556834111158435
62821.067 lsst_hardware_g 20.540547738907907 14.520000457763672 31.43000030517578 AB 6.2819527512253295 1.055081080152054
62821.0876 lsst_hardware_r 9.764469472428996 23.309999465942383 31.489999771118164 AB 6.088734431941063 1.0530498844588299
62824.0545 lsst_hardware_i 27.85184405564334 30.899999618530273 31.25 AB 4.994622835557727 1.0575106575392181
62824.0744 lsst_hardware_r 12.374873894246187 23.309999465942383 31.5 AB 4.949743062156617 1.0520921911910055
62828.0589 lsst_hardware_u 2.858464471310634 2.75 28.450000762939453 AB 7.183268882801583 1.0520311779147016
62828.078 lsst_hardware_g 15.32036673438798 14.710000038146973 31.440000534057617 AB 7.197088521132811 1.0574493682562465
62830.0306 lsst_hardware_y 9.915382766280882 50.599998474121094 30.040000915527344 AB 6.649910300876998 1.0634468350771789
62830.0485 lsst_hardware_r 27.757106439663822 23.360000610351562 31.5 AB 5.448439175086543 1.0528384879394286
62832.0338 lsst_hardware_y -91.6968938163995 49.79999923706055 30.049999237060547 AB 5.146591736074205 1.0567950176743748
62832.053 lsst_hardware_z -23.05224378722493 41.869998931884766 30.950000762939453 AB 3.867307767790511 1.0521377803004297
62834.0353 lsst_hardware_y 40.62767155140789 49.209999084472656 30.040000915527344 AB 6.475087640895637 1.0535164423726207
62834.055 lsst_hardware_u 4.040251549025789 2.869999885559082 28.440000534057617 AB 5.795043948444707 1.0540276370398984
62837.0256 lsst_hardware_y 38.5619701790286 68.43000030517578 30.059999465942383 AB 7.274149198473219 1.0540717574950325
62837.0447 lsst_hardware_r -8.73866549045226 40.91999816894531 31.610000610351562 AB 6.629711887800792 1.0532826173490641
62839.0274 lsst_hardware_y 127.81615569993671 72.33999633789062 30.059999465942383 AB 4.666918602338914 1.052174186075733
62839.046 lsst_hardware_r 31.392707467138845 69.44000244140625 31.639999389648438 AB 3.672614454776999 1.0562595498352654
62841.0376 lsst_hardware_z -231.3054514902904 103.33000183105469 31.739999771118164 AB 3.4131836576683683 1.054753911516801
