data/validation/pwv_sim_epoch_fit_4/21242155.ecsv
# %ECSV 0.9
# ---
# datatype:
# - {name: time, datatype: float64}
# - {name: band, datatype: string}
# - {name: flux, datatype: float64}
# - {name: fluxerr, datatype: float64}
# - {name: zp, datatype: float64}
# - {name: zpsys, datatype: string}
# - {name: pwv, datatype: float64}
# - {name: airmass, datatype: float64}
# meta: {SNID: '21242155', alt: 1024.0, c: -0.03919227421283722, dec: -5.379379, lat: -30.244573, lon: -70.7499537, ra: 163.300781, t0: 61064.66796875,
#   x0: 8.073094961829956e-06, x1: -0.061407577246427536, z: 0.5031168460845947}
# schema: astropy-2.0
time band flux fluxerr zp zpsys pwv airmass
[from data line 133]
61436.3122 lsst_hardware_z 28.620199044898754 43.13999938964844 30.950000762939453 AB 11.90762865612159 1.1118753122108027
61438.2924 lsst_hardware_g 29.557789872184934 15.520000457763672 31.459999084472656 AB 9.26118594931316 1.1024127704767008
61438.3104 lsst_hardware_r 5.599463603730704 24.639999389648438 31.510000228881836 AB 9.451860082222165 1.1157025475769005
61440.2908 lsst_hardware_i -63.95652182825372 32.25 31.260000228881836 AB 8.827775522062089 1.104104500127626
61440.3109 lsst_hardware_r -2.5304078641367185 24.56999969482422 31.510000228881836 AB 8.773650824322146 1.1232070186362257
61443.2882 lsst_hardware_r -12.712244804381015 24.15999984741211 31.510000228881836 AB 4.8220366597387665 1.1076653889139585
61443.3063 lsst_hardware_i -10.396079362193626 32.06999969482422 31.25 AB 4.15403082400002 1.1285060646563487
61445.2158 lsst_hardware_i 7.0067449817603595 32.220001220703125 31.25 AB 6.1168306798996595 1.1521263248908422
61445.2332 lsst_hardware_z 48.79298927456142 42.72999954223633 30.950000762939453 AB 5.977646703113678 1.121649994329562
61447.2665 lsst_hardware_u 2.415514376112537 2.799999952316284 28.459999084472656 AB 4.057547578655788 1.1019705996122995
61447.2832 lsst_hardware_g 31.879924542313532 14.960000038146973 31.43000030517578 AB 4.101374521927655 1.1128910605809483
61450.2733 lsst_hardware_r -9.93488994820155 24.209999084472656 31.489999771118164 AB 3.856230318689905 1.1112255078711635
61450.2909 lsst_hardware_z -71.63049530626961 42.93000030517578 30.940000534057617 AB 3.7917886916046357 1.1346149739235376
61452.2233 lsst_hardware_r 15.55931504017622 24.229999542236328 31.5 AB 4.264973740571402 1.1111766405448842
61452.2413 lsst_hardware_u -0.6967443378246813 2.7799999713897705 28.440000534057617 AB 4.280506434380521 1.1012365408748115
61454.2458 lsst_hardware_z 16.784978909195704 78.08999633789062 31.719999313354492 AB 5.832741135708376 1.101539063415758
61456.2369 lsst_hardware_r -24.114709077113886 132.2100067138672 31.649999618530273 AB 3.633198927693965 1.1009693720284743
61456.2545 lsst_hardware_i -3.966961177866742 105.83999633789062 31.329999923706055 AB 3.0455444518261063 1.1090839227334692
61458.24 lsst_hardware_z -13.122617952214393 105.9000015258789 31.0 AB 8.936691651152179 1.103295265574343
61458.2571 lsst_hardware_r -145.46495571428596 157.72000122070312 31.639999389648438 AB 10.461012029204417 1.1172017866241823
61460.2379 lsst_hardware_z -20.986996580800934 90.4000015258789 31.729999542236328 AB 9.281260457693826 1.1050435120483182
61462.2381 lsst_hardware_r -43.006533270498124 48.06999969482422 31.610000610351562 AB 6.154767980418469 1.1090671196357273
61462.2556 lsst_hardware_z 37.44142431585044 49.4900016784668 30.959999084472656 AB 7.320893283670145 1.1303634813114134
61464.2351 lsst_hardware_r -9.231579223178 32.04999923706055 31.559999465942383 AB 5.868843725045531 1.1112428159010725
61464.2522 lsst_hardware_y 25.19904071763193 48.72999954223633 30.010000228881836 AB 6.23017270660981 1.1337893915577453
61466.2373 lsst_hardware_g -5.278727191466581 16.829999923706055 31.469999313354492 AB 3.6174113843409046 1.1197104986610311
61466.2544 lsst_hardware_r 9.985336247793663 26.09000015258789 31.5 AB 3.92728596144944 1.1483292284939883
61472.2034 lsst_hardware_u 1.3752065656277164 2.740000009536743 28.389999389648438 AB 11.849233059041703 1.1040772493225282
61472.2221 lsst_hardware_g -2.3073419574031906 15.470000267028809 31.440000534057617 AB 12.094247822257792 1.121247972891006
61474.2043 lsst_hardware_r -10.952066303485383 24.649999618530273 31.510000228881836 AB 12.079655777959854 1.1082253007302618
61474.2229 lsst_hardware_z 61.78239374033055 43.11000061035156 30.950000762939453 AB 11.398275446474877 1.1304635383382498
61476.198 lsst_hardware_r 55.01589273895449 24.559999465942383 31.5 AB 8.8478969023573 1.107579257978006
61476.2169 lsst_hardware_u 0.9229935433205644 2.680000066757202 28.329999923706055 AB 8.359023782550668 1.129597808452793
61477.1959 lsst_hardware_g 1.4240464098946082 15.449999809265137 31.440000534057617 AB 15.33141054142996 1.1080611105921012
61477.2147 lsst_hardware_r -19.231416979909344 24.700000762939453 31.5 AB 15.532361768675235 1.1304484547798912
61479.0172 lsst_hardware_i 28.566739053667664 39.119998931884766 31.1200008392334 AB 17.784165929816044 1.881051463456447
61481.205 lsst_hardware_r -46.898354341044055 33.54999923706055 31.559999465942383 AB 9.738378112988228 1.1324573354122291
61481.2269 lsst_hardware_z -29.665728945987606 44.18000030517578 30.940000534057617 AB 9.783849974266786 1.1811964233087993
61487.2157 lsst_hardware_r 139.6547378655872 196.83999633789062 32.380001068115234 AB 7.726217166621056 1.1965645294441778
61487.2428 lsst_hardware_z 115.59410811931727 136.32000732421875 31.719999313354492 AB 8.387006265226988 1.306336398929479
61489.1692 lsst_hardware_r -27.020990743740633 75.7699966430664 31.639999389648438 AB 7.653012308922783 1.1135703614292882
61489.1879 lsst_hardware_y -87.4394310009413 53.58000183105469 30.020000457763672 AB 7.892445119102724 1.1409389402389405
61492.1455 lsst_hardware_g -24.78610221273346 36.43000030517578 31.65999984741211 AB 8.130902366144399 1.1025949056833702
61492.1633 lsst_hardware_r 15.776452140039835 40.150001525878906 31.59000015258789 AB 8.24291136414625 1.1160686957818635
61497.1433 lsst_hardware_r -10.85167781649345 24.34000015258789 31.489999771118164 AB 9.406428922108596 1.1097067093857838
61497.1619 lsst_hardware_u -5.106128550729821 2.7699999809265137 28.40999984741211 AB 9.602551490710873 1.1334456433794704
61501.1367 lsst_hardware_z -19.24513437350593 42.630001068115234 30.940000534057617 AB 12.981881581344798 1.1138465535259372
61501.1553 lsst_hardware_r 18.05544396031275 24.219999313354492 31.489999771118164 AB 13.306438888300793 1.1412529601012578
61503.1359 lsst_hardware_u -3.8855068482324917 2.7699999809265137 28.440000534057617 AB 8.43171234764867 1.1192290897522625
61503.1533 lsst_hardware_g 22.42776343617579 14.930000305175781 31.420000076293945 AB 8.52800507085412 1.1481662835212547
61505.1246 lsst_hardware_r 36.07741631113062 24.020000457763672 31.5 AB 5.645706986268876 1.1126372776354925
61505.1409 lsst_hardware_i -5.498496309519067 31.969999313354492 31.239999771118164 AB 5.524403641403231 1.1348988015825034
61511.1253 lsst_hardware_z -101.10069476918684 60.16999816894531 30.979999542236328 AB 18.975831357974183 1.1362773268248014
61511.1428 lsst_hardware_r -91.87490635660873 71.27999877929688 31.6200008392334 AB 19.625470831251132 1.1751778940868942
61513.046 lsst_hardware_r -112.80021825523964 114.62999725341797 31.649999618530273 AB 12.762942821152611 1.123745790988538
61513.0623 lsst_hardware_z 37.6029099765105 83.51000213623047 30.989999771118164 AB 12.622122670011768 1.106637481114472
61520.082 lsst_hardware_u -7.486304991050301 9.3100004196167 29.170000076293945 AB 15.146971917916579 1.111052000140584
61520.0999 lsst_hardware_g -80.15389548548362 50.880001068115234 31.670000076293945 AB 15.222721782241589 1.1348242615823203
61522.077 lsst_hardware_r 19.52505009964314 23.770000457763672 31.489999771118164 AB 4.557087999046561 1.1114848778162345
61522.0952 lsst_hardware_i 24.342377682850657 31.719999313354492 31.239999771118164 AB 5.026100363827041 1.136162840085231
61524.0812 lsst_hardware_z 101.90529268379794 43.09000015258789 30.940000534057617 AB 9.520100036627442 1.1227084707339128
61524.0983 lsst_hardware_r 15.01247895332856 24.59000015258789 31.489999771118164 AB 10.152915585014256 1.153183472188354
61526.0801 lsst_hardware_u -3.3768263021524243 2.7100000381469727 28.3799991607666 AB 11.280249484736334 1.1291541025762095
61526.0979 lsst_hardware_r -20.38240273623303 24.309999465942383 31.489999771118164 AB 11.380589650731807 1.1650095186035427
61528.0072 lsst_hardware_g -13.293075091846951 15.180000305175781 31.440000534057617 AB 15.25565742926541 1.1208055122641973
61528.0269 lsst_hardware_i -95.58111325419338 31.899999618530273 31.25 AB 15.031516918398342 1.1034195643338316
61532.0459 lsst_hardware_u -2.383627302914532 2.869999885559082 28.510000228881836 AB 7.012102008257329 1.1081947069549314
61532.0653 lsst_hardware_g -20.27032370606619 15.1899995803833 31.440000534057617 AB 7.190341897890945 1.1317135276446988
61533.0471 lsst_hardware_r -18.118454796110413 24.6200008392334 31.5 AB 11.398871413314785 1.1116150648488234
61533.065 lsst_hardware_i -25.052421629899996 32.5 31.239999771118164 AB 11.590445865225389 1.1358727817743424
61535.0463 lsst_hardware_z 30.7499574353461 43.0099983215332 30.950000762939453 AB 8.106087469080162 1.1165409737025493
61535.0639 lsst_hardware_r -28.70118684982697 24.6200008392334 31.5 AB 8.420221164281262 1.1440517886251713
61537.0394 lsst_hardware_z -43.01518235683246 44.15999984741211 30.950000762939453 AB 11.353215635623334 1.1149185540236828
61537.0572 lsst_hardware_r -7.830202147306907 30.389999389648438 31.549999237060547 AB 13.034029582991634 1.141633492422877
61540.9932 lsst_hardware_r -12.306227554398191 90.62999725341797 31.639999389648438 AB 7.978825501647348 1.1026569239425141
61541.0117 lsst_hardware_z -62.90362596474123 70.55000305175781 30.979999542236328 AB 5.758287759900409 1.1025921991192416
61542.9952 lsst_hardware_y -76.00322005934113 55.88999938964844 30.040000915527344 AB 8.164278778211836 1.1009253324928718
61543.0149 lsst_hardware_r 11.950130836974516 90.7699966430664 31.639999389648438 AB 8.033222635282648 1.1074578852707424
61552.9628 lsst_hardware_y 17.25402855677536 49.58000183105469 30.030000686645508 AB 7.138664125167642 1.1018582481447257
61552.9838 lsst_hardware_r 18.787155705575387 25.030000686645508 31.510000228881836 AB 7.1047544618704155 1.1049384855163942
61554.9563 lsst_hardware_y -71.44865303906509 56.470001220703125 30.040000915527344 AB 10.620615907647508 1.1021809783777228
61554.9758 lsst_hardware_z 7.229224706642127 42.939998626708984 30.950000762939453 AB 10.570753497301338 1.1035917416402712
61556.9522 lsst_hardware_y -184.96749829856068 67.43000030517578 30.049999237060547 AB 9.692806189606847 1.1017682511630336
61556.9625 lsst_hardware_u 0.8121839511414778 3.640000104904175 28.649999618530273 AB 7.59780168526525 1.1011306790239492
61559.9551 lsst_hardware_y -75.0318973667474 57.040000915527344 30.040000915527344 AB 12.774658781850224 1.1012636880905367
61559.9762 lsst_hardware_r 7.410680567806675 25.389999389648438 31.510000228881836 AB 12.036493241669168 1.1144901149693673
