data/validation/pwv_sim_epoch_fit_4/21326152.ecsv
# %ECSV 0.9
# ---
# datatype:
# - {name: time, datatype: float64}
# - {name: band, datatype: string}
# - {name: flux, datatype: float64}
# - {name: fluxerr, datatype: float64}
# - {name: zp, datatype: float64}
# - {name: zpsys, datatype: string}
# - {name: pwv, datatype: float64}
# - {name: airmass, datatype: float64}
# meta: {SNID: '21326152', alt: 1024.0, c: -0.06884592026472092, dec: -28.971533, lat: -30.244573, lon: -70.7499537, ra: 174.550781, t0: 60760.15234375,
#   x0: 7.97200253119817e-06, x1: 1.0363061428070068, z: 0.5054648518562317}
# schema: astropy-2.0
time band flux fluxerr zp zpsys pwv airmass
[from data line 132]
61087.2205 lsst_hardware_g -1.636315449523659 13.770000457763672 31.420000076293945 AB 4.04319077556746 1.0480696715876712
61087.2395 lsst_hardware_i -55.2441075913406 30.110000610351562 31.25 AB 4.095156369454612 1.0204725565548203
61089.2152 lsst_hardware_z -105.66624418594185 41.040000915527344 30.950000762939453 AB 5.5435572670271 1.0477828789920358
61089.2353 lsst_hardware_r 4.7630824908416205 22.34000015258789 31.489999771118164 AB 5.373671847683378 1.0190758438642902
61091.0978 lsst_hardware_g -19.634342824474484 13.960000038146973 31.239999771118164 AB 5.134045388568624 1.6179989143793756
61091.1177 lsst_hardware_r 0.7165298349688329 24.190000534057617 31.43000030517578 AB 4.577690764773804 1.4343757781885171
61093.1023 lsst_hardware_i 20.037156208701806 34.16999816894531 31.170000076293945 AB 9.357421908256352 1.5186921866844685
61093.1208 lsst_hardware_z 15.025819389057508 45.709999084472656 30.90999984741211 AB 8.386839129353172 1.3715751468748798
61098.0993 lsst_hardware_r -48.91324870663128 50.2599983215332 31.530000686645508 AB 9.494205923641458 1.4288281611259201
61098.1178 lsst_hardware_i 3.731689695899849 45.380001068115234 31.25 AB 8.788434569940803 1.3040671543481548
61100.0969 lsst_hardware_z 71.33630527828646 61.13999938964844 30.940000534057617 AB 5.690160758176719 1.4056721240555137
61100.117 lsst_hardware_i -47.5375557004716 61.619998931884766 31.280000686645508 AB 5.375551095247404 1.277763512062611
61104.1003 lsst_hardware_r -50.45673868721294 125.75 31.59000015258789 AB 13.568546042302982 1.3106540490029377
61104.1223 lsst_hardware_i -55.45316993741694 99.02999877929688 31.309999465942383 AB 12.400543005938351 1.1992401604659764
61106.1113 lsst_hardware_z 15.91648156185769 90.3499984741211 31.719999313354492 AB 8.858126688356187 1.2239489713093477
61110.1023 lsst_hardware_i 1.5325320262406215 31.8799991607666 31.229999542236328 AB 9.135467426291171 1.215145973169882
61110.1221 lsst_hardware_z 24.59860088709294 42.31999969482422 30.940000534057617 AB 8.585749978173324 1.1378384916075284
61112.1034 lsst_hardware_i -37.70466486331616 31.780000686645508 31.229999542236328 AB 15.552564410072687 1.1869241913321475
61112.1231 lsst_hardware_u 1.3113337701034349 2.5799999237060547 28.309999465942383 AB 14.652063772387555 1.1173054063397438
61117.0845 lsst_hardware_i -44.1415433982177 32.11000061035156 31.219999313354492 AB 9.662107298652277 1.2092750060890758
61117.1001 lsst_hardware_r 7.268282366190701 23.40999984741211 31.479999542236328 AB 9.225291498912997 1.1477098157393626
61123.0935 lsst_hardware_z 2.1975983781221307 42.150001525878906 30.940000534057617 AB 6.124419400402533 1.115999526298029
61123.1115 lsst_hardware_r 12.903239273939743 22.969999313354492 31.489999771118164 AB 5.862972698223903 1.0694139199362585
61125.0692 lsst_hardware_z -24.60733784652867 44.95000076293945 30.940000534057617 AB 8.36447966230973 1.1816740357857922
61125.0868 lsst_hardware_g -38.66539479008677 27.860000610351562 31.610000610351562 AB 9.087983879816301 1.119749946688119
61127.0756 lsst_hardware_r 4.611299479408814 49.31999969482422 31.600000381469727 AB 8.10765967580763 1.1381168170988074
61127.0939 lsst_hardware_z -54.88417399689262 48.25 30.959999084472656 AB 8.847469239300473 1.085046509602714
61129.0726 lsst_hardware_r 116.22912843876446 80.01000213623047 31.6299991607666 AB 5.663744968358173 1.130036905099326
61129.0905 lsst_hardware_y 21.448135104796695 53.52000045776367 30.040000915527344 AB 6.398418574606466 1.0800233907511054
61132.0675 lsst_hardware_z -92.47738897553128 91.7699966430664 30.989999771118164 AB 9.856966622723421 1.1203220256931337
61132.0845 lsst_hardware_r -74.29596705817191 135.74000549316406 31.65999984741211 AB 9.337112580574859 1.0748786547093594
61134.0695 lsst_hardware_i -40.07062691944737 78.31999969482422 31.31999969482422 AB 5.470439397853704 1.0987759904634302
61134.0867 lsst_hardware_z 45.08198133618893 68.2300033569336 30.979999542236328 AB 6.350556279126702 1.058426046521117
61136.0725 lsst_hardware_r 10.784967936271867 56.540000915527344 31.6299991607666 AB 8.510624500075004 1.0773851590946533
61136.0889 lsst_hardware_z -39.56981372568166 52.38999938964844 30.969999313354492 AB 10.163970483654658 1.0442435428412875
61138.0663 lsst_hardware_g 18.438825943931423 14.170000076293945 31.40999984741211 AB 8.114347033872159 1.079131177480996
61138.085 lsst_hardware_i 13.882488916688006 32.630001068115234 31.270000457763672 AB 7.809373100134982 1.0416201004981747
61140.0645 lsst_hardware_z 42.10446747381513 41.81999969482422 30.950000762939453 AB 6.026992532915675 1.0707039497096598
61140.0824 lsst_hardware_r 29.056387761246405 22.979999542236328 31.510000228881836 AB 5.876640299521005 1.0370389199313548
61146.9696 lsst_hardware_y 241.77799780579412 85.26000213623047 29.950000762939453 AB 20.027406662170776 1.3981225635918024
61146.9891 lsst_hardware_i -3.136011842877737 32.7400016784668 31.219999313354492 AB 18.311328791895185 1.2754286265859989
61148.9682 lsst_hardware_z 85.58715482743916 72.29000091552734 30.940000534057617 AB 12.742269297616128 1.3694983660963844
61148.988 lsst_hardware_u 0.02479661861145398 2.680000066757202 28.25 AB 11.71494530005933 1.252566924172984
61152.9664 lsst_hardware_y 67.3124762805059 78.37999725341797 29.969999313354492 AB 8.595997352946501 1.3112982842896117
61152.9843 lsst_hardware_z 27.036335502103455 44.66999816894531 30.93000030517578 AB 7.9525998607911506 1.2178249448647789
61154.9659 lsst_hardware_y -138.60266261840323 102.87000274658203 30.739999771118164 AB 17.500455566326682 1.2828443388081745
61154.9831 lsst_hardware_z 15.092901134499888 67.27999877929688 31.690000534057617 AB 16.341484151551075 1.1990156455778567
61156.9649 lsst_hardware_y 77.27718530673049 73.1500015258789 29.989999771118164 AB 7.854573338604044 1.2589979304514596
61156.9838 lsst_hardware_r -30.241429012483177 70.08999633789062 31.610000610351562 AB 7.336630623459666 1.1738608997535465
61158.9655 lsst_hardware_y -16.55174556096402 72.37000274658203 29.989999771118164 AB 13.17640195416367 1.2290368784538326
61158.9847 lsst_hardware_r 20.758511248494123 106.73999786376953 31.6299991607666 AB 12.365289224775541 1.1502416295661866
61162.9619 lsst_hardware_y -14.606679798585747 71.4000015258789 30.010000228881836 AB 15.785242958587729 1.19627466467345
61162.9798 lsst_hardware_i -5.848032713726017 69.18000030517578 31.309999465942383 AB 14.890625790032345 1.1299181082848841
61167.9628 lsst_hardware_y 117.85162323704505 58.20000076293945 30.020000457763672 AB 11.211540179831202 1.14097851976402
61167.9833 lsst_hardware_g 1.7710198526596836 13.8100004196167 31.3799991607666 AB 10.606315808947466 1.0817344164693699
61169.9614 lsst_hardware_y 30.5668669019834 56.709999084472656 30.030000686645508 AB 8.733894852097084 1.1276331793893637
61169.9802 lsst_hardware_z 31.49922012364477 41.349998474121094 30.940000534057617 AB 8.375333508323552 1.07612911000581
61171.96 lsst_hardware_y -3.9534299041113745 59.61000061035156 30.040000915527344 AB 13.04391362938422 1.1151185708467075
61171.9793 lsst_hardware_u -0.8235534325197632 2.619999885559082 28.360000610351562 AB 12.408746327111103 1.0659519222671012
61176.9602 lsst_hardware_y 16.805026048218437 54.380001068115234 30.040000915527344 AB 11.242175468622936 1.078205142409933
61176.9794 lsst_hardware_z -96.67058704226598 40.790000915527344 30.950000762939453 AB 10.833291817700001 1.0401624404896783
61177.9602 lsst_hardware_y 8.265910934971275 53.90999984741211 30.040000915527344 AB 7.951260714919789 1.0719114811045019
61177.9802 lsst_hardware_u -2.127946783676805 2.630000114440918 28.389999389648438 AB 7.674265212969055 1.0346626357282505
