data/validation/pwv_sim_epoch_fit_4/21475318.ecsv
# %ECSV 0.9
# ---
# datatype:
# - {name: time, datatype: float64}
# - {name: band, datatype: string}
# - {name: flux, datatype: float64}
# - {name: fluxerr, datatype: float64}
# - {name: zp, datatype: float64}
# - {name: zpsys, datatype: string}
# - {name: pwv, datatype: float64}
# - {name: airmass, datatype: float64}
# meta: {SNID: '21475318', alt: 1024.0, c: 0.008105778135359287, dec: -41.810314, lat: -30.244573, lon: -70.7499537, ra: 140.800781, t0: 60777.8046875,
#   x0: 5.8036935664838114e-06, x1: 0.22701755166053772, z: 0.5769680738449097}
# schema: astropy-2.0
time band flux fluxerr zp zpsys pwv airmass
[from data line 133]
61062.2774 lsst_hardware_g 16.155709501287678 12.789999961853027 31.389999389648438 AB 10.090594209356103 1.0307831763777717
61064.2498 lsst_hardware_g -16.042492597180917 12.800000190734863 31.3799991607666 AB 10.159122780328474 1.0214279891743892
61064.2625 lsst_hardware_r 9.968928188077127 21.3799991607666 31.469999313354492 AB 9.739145662594595 1.0251732276415364
61066.2518 lsst_hardware_i -38.71901867552351 29.360000610351562 31.229999542236328 AB 13.016875452783712 1.0231046696145703
61066.2643 lsst_hardware_r 16.801210817092834 21.34000015258789 31.459999084472656 AB 13.095346430620769 1.0292723574091973
61068.2463 lsst_hardware_g 7.532227645095122 12.789999961853027 31.3799991607666 AB 10.271850867242437 1.0230927158608005
61068.2592 lsst_hardware_r -9.33668551075563 21.479999542236328 31.479999542236328 AB 12.097136629403769 1.0295143368475024
61075.2467 lsst_hardware_z -95.41312259267991 83.54000091552734 31.729999542236328 AB 7.836424775105966 1.034579810562541
61077.2052 lsst_hardware_z -85.47100896439845 50.41999816894531 30.969999313354492 AB 5.57384924866684 1.0213971288692263
61077.2172 lsst_hardware_r -48.109588579558235 57.029998779296875 31.639999389648438 AB 4.401350490310887 1.0219063130510535
61079.2414 lsst_hardware_r 3.4782866334204043 39.130001068115234 31.600000381469727 AB 7.34310114896567 1.0398538327541755
61079.2531 lsst_hardware_y 60.36821507686212 48.0099983215332 30.040000915527344 AB 7.950227291252793 1.0537778900195895
61083.1929 lsst_hardware_r 11.863269640987362 21.6299991607666 31.489999771118164 AB 6.0934970429678845 1.021142393526076
61083.2045 lsst_hardware_i 11.20529520448025 29.56999969482422 31.239999771118164 AB 6.128823790125106 1.0228344109020626
61085.1865 lsst_hardware_z -84.53902118403633 40.58000183105469 30.950000762939453 AB 1.476771807308663 1.0211629415527357
61085.1986 lsst_hardware_r 21.620749482626195 21.670000076293945 31.489999771118164 AB 1.266620937884934 1.022705642216487
61087.1911 lsst_hardware_u 1.5073408188737552 2.680000066757202 28.479999542236328 AB 4.290229161772101 1.022172694700093
61087.2024 lsst_hardware_g 5.888010090441845 13.109999656677246 31.40999984741211 AB 4.28938268916514 1.026536481791346
61089.1854 lsst_hardware_r 5.738045396086216 21.709999084472656 31.489999771118164 AB 6.538488689970464 1.0221179756089394
61089.196 lsst_hardware_z 80.5599574342803 40.470001220703125 30.950000762939453 AB 6.598482225490143 1.026042952183185
61093.1843 lsst_hardware_g -5.323703735716439 13.119999885559082 31.40999984741211 AB 8.220692691135216 1.0256528035019692
61093.1958 lsst_hardware_r 16.970735992565753 21.739999771118164 31.489999771118164 AB 8.27007579395345 1.033124533124865
61095.1668 lsst_hardware_r -14.639816066036941 21.700000762939453 31.489999771118164 AB 9.861765210633576 1.0216798975015087
61095.1792 lsst_hardware_i -29.284618888813917 29.690000534057617 31.25 AB 9.801833422705833 1.0258329066149483
61098.1681 lsst_hardware_z 48.93287851387105 46.2400016784668 30.959999084472656 AB 6.792102378854741 1.0244884616847907
61098.1807 lsst_hardware_r -67.8455464461356 45.77000045776367 31.6200008392334 AB 6.871985196483937 1.031984561718567
61104.1637 lsst_hardware_r -11.905336033602909 88.31999969482422 31.65999984741211 AB 10.62505802410673 1.0315173034204181
61104.1774 lsst_hardware_y 62.61611856392243 54.0 30.049999237060547 AB 12.279766876663409 1.044464308638548
61106.1585 lsst_hardware_z 41.54812491099936 50.90999984741211 30.969999313354492 AB 8.828899631600601 1.0317148269471772
61106.1698 lsst_hardware_r 12.990624927897986 60.25 31.639999389648438 AB 9.817339689360752 1.0420882465486838
61108.1629 lsst_hardware_i 46.481870870889225 40.02000045776367 31.290000915527344 AB 9.920746656185026 1.0405649943554787
61108.1751 lsst_hardware_z 61.74452910708757 45.61000061035156 30.959999084472656 AB 9.471364740329896 1.0554228594083004
61110.1469 lsst_hardware_z -0.981551203772013 41.560001373291016 30.950000762939453 AB 7.778059354183916 1.03120815196001
61110.1591 lsst_hardware_r 24.76868031368977 26.049999237060547 31.530000686645508 AB 7.874454809511863 1.0423298812449233
61112.1476 lsst_hardware_u -3.424608001500737 3.5999999046325684 29.110000610351562 AB 14.508156557208459 1.0362968969434614
61112.1597 lsst_hardware_g -9.549529925503405 18.43000030517578 32.130001068115234 AB 14.692365081736032 1.0494546486954308
61115.1476 lsst_hardware_r -6.745215112477244 21.770000457763672 31.479999542236328 AB 8.89419823223606 1.0447374587591618
61115.1608 lsst_hardware_z 16.049445059330697 41.18000030517578 30.940000534057617 AB 9.198852947835285 1.0625299391088663
61117.1251 lsst_hardware_r 16.248118035371792 21.729999542236328 31.489999771118164 AB 6.334453999227544 1.029323041798418
61117.1384 lsst_hardware_u 3.675423123777501 2.5799999237060547 28.389999389648438 AB 6.415317466760885 1.040645195143512
61119.1234 lsst_hardware_g -13.363631308693938 13.09000015258789 31.399999618530273 AB 5.2057743455012435 1.0320214790109643
61119.1362 lsst_hardware_r -53.09994287251567 21.790000915527344 31.479999542236328 AB 4.982625531080042 1.0441924935464015
61121.1136 lsst_hardware_i -12.076595663419361 29.649999618530273 31.25 AB 5.444829086306163 1.0289440793019118
61121.1271 lsst_hardware_z 14.918985939565468 40.61000061035156 30.940000534057617 AB 5.188532354074975 1.0402550957997043
61123.1174 lsst_hardware_r -20.705052548785225 21.700000762939453 31.479999542236328 AB 5.6883787017435425 1.0361502818944153
61123.1293 lsst_hardware_u 1.8521008896111326 2.5899999141693115 28.399999618530273 AB 5.664593205332807 1.0489987417282975
61125.1012 lsst_hardware_g 7.251051075715983 26.600000381469727 31.6299991607666 AB 8.34757196533831 1.0280155538639797
61125.1132 lsst_hardware_i 9.71016111035536 33.52000045776367 31.260000228881836 AB 8.416111738738987 1.037318620222554
61127.108 lsst_hardware_z 64.4651538886775 47.470001220703125 30.959999084472656 AB 8.417604999973932 1.0375666125653578
61127.1188 lsst_hardware_r -15.621620717093553 48.790000915527344 31.6200008392334 AB 8.520103493997587 1.0495323348112393
61129.1105 lsst_hardware_y -4.980233398761541 72.6500015258789 30.799999237060547 AB 6.195788879869412 1.0460558635606145
61132.0544 lsst_hardware_z -129.9529178741595 91.45999908447266 31.739999771118164 AB 8.963576736796993 1.0214902264156116
61134.0483 lsst_hardware_r 25.37384842553601 73.02999877929688 31.649999618530273 AB 4.938324944360907 1.0215814944892239
61134.0613 lsst_hardware_i 61.19747934132998 60.0 31.31999969482422 AB 4.981274671489495 1.0218698040527798
61136.0504 lsst_hardware_z -11.671143135225348 45.7599983215332 30.959999084472656 AB 8.050648095101165 1.0212022699437042
61136.0646 lsst_hardware_r -20.847180214928542 45.130001068115234 31.6200008392334 AB 8.081857357458492 1.024608710653674
61138.0444 lsst_hardware_u 3.9032964265396126 2.5399999618530273 28.3700008392334 AB 7.671099346184902 1.0211793591832936
61138.0565 lsst_hardware_g 24.482892351430987 12.819999694824219 31.3799991607666 AB 7.712068952106783 1.0235674500108545
61140.0428 lsst_hardware_r 2.424268451202095 21.579999923706055 31.5 AB 5.741182863721153 1.0215173459759461
61140.0547 lsst_hardware_z -101.19870693151172 40.4900016784668 30.950000762939453 AB 5.832099337197952 1.0250635973632045
61147.0301 lsst_hardware_r 8.441989460730742 21.540000915527344 31.489999771118164 AB 13.615569139901917 1.0229578617507076
61147.042 lsst_hardware_u 1.3948361797399444 2.700000047683716 28.5 AB 15.040652109787802 1.0285613150371198
61149.0313 lsst_hardware_g 15.91151932998199 12.739999771118164 31.3799991607666 AB 9.417259062855656 1.0256217668106793
61149.0424 lsst_hardware_r -2.9624699617096586 21.469999313354492 31.479999542236328 AB 9.233086760983134 1.03274524749075
61151.0303 lsst_hardware_i -14.768847895117721 29.760000228881836 31.260000228881836 AB 7.313662993975688 1.028078249530946
61151.0413 lsst_hardware_z 40.84491790203168 40.68000030517578 30.959999084472656 AB 7.496177813219397 1.0364812388651976
61153.0107 lsst_hardware_z -63.25653653276826 40.97999954223633 30.950000762939453 AB 6.23712738632719 1.0221447699651245
61153.0225 lsst_hardware_r -24.567797906833306 25.3799991607666 31.520000457763672 AB 6.360893245354592 1.0267233259476904
61155.0082 lsst_hardware_z -53.99672230674527 44.33000183105469 30.959999084472656 AB 13.430545464887613 1.0229419212618778
61155.0206 lsst_hardware_g 13.77506662073791 36.540000915527344 31.68000030517578 AB 13.528135939010065 1.0288468639050408
61157.0097 lsst_hardware_r 37.344973842955085 58.68000030517578 31.639999389648438 AB 4.801334725645398 1.0257435767802168
61157.0209 lsst_hardware_z -25.896815404489065 51.130001068115234 30.969999313354492 AB 4.745446761766175 1.0330224243300516
61159.009 lsst_hardware_r -4.616406399534176 75.25 31.65999984741211 AB 8.788074790218616 1.0284163471189978
61159.0208 lsst_hardware_y -6.783085285844974 52.0 30.059999465942383 AB 8.909282101486582 1.03774288477174
61161.0048 lsst_hardware_z -48.30540978625465 61.5 30.989999771118164 AB 10.968487312974213 1.029228423850447
61161.0168 lsst_hardware_r -102.48959089205714 88.12000274658203 31.65999984741211 AB 11.088477178360467 1.039171283291361
61162.9961 lsst_hardware_i -37.539333427702964 58.689998626708984 31.329999923706055 AB 13.557657123012445 1.0272314225759016
61163.0083 lsst_hardware_z 42.68751753591578 55.84000015258789 30.979999542236328 AB 14.113648828668124 1.03626976886376
61165.9954 lsst_hardware_r -22.24955294054774 21.6200008392334 31.489999771118164 AB 7.1018183732308735 1.0322910567223518
61166.0073 lsst_hardware_u -6.1551424314643235 2.609999895095825 28.420000076293945 AB 3.0263461948576813 1.0435676533992004
61167.9989 lsst_hardware_g 13.452405592184993 12.75 31.3700008392334 AB 10.224413860085782 1.0404057248577894
61168.0115 lsst_hardware_i -19.57416881127682 29.81999969482422 31.239999771118164 AB 10.30937404494345 1.055765489591232
61169.9939 lsst_hardware_z 5.821476719814839 40.54999923706055 30.940000534057617 AB 8.062699905918386 1.040885606237864
61170.0058 lsst_hardware_r 5.705877450000826 21.639999389648438 31.479999542236328 AB 8.013002575545526 1.0554302779898834
