data/validation/pwv_sim_epoch_fit_4/21532274.ecsv
# %ECSV 0.9
# ---
# datatype:
# - {name: time, datatype: float64}
# - {name: band, datatype: string}
# - {name: flux, datatype: float64}
# - {name: fluxerr, datatype: float64}
# - {name: zp, datatype: float64}
# - {name: zpsys, datatype: string}
# - {name: pwv, datatype: float64}
# - {name: airmass, datatype: float64}
# meta: {SNID: '21532274', alt: 1024.0, c: 0.02489887736737728, dec: -10.655059, lat: -30.244573, lon: -70.7499537, ra: 112.851562, t0: 60332.015625,
#   x0: 4.0278489168057416e-06, x1: 1.1793426275253296, z: 0.6701990365982056}
# schema: astropy-2.0
time band flux fluxerr zp zpsys pwv airmass
[from data line 133]
60684.204 lsst_hardware_z -7.1901567535361295 45.15999984741211 30.959999084472656 AB 7.979569167783707 1.061406972381583
60684.2235 lsst_hardware_r -15.685781431363115 32.52000045776367 31.56999969482422 AB 7.392637654585931 1.0656054276880607
60688.1602 lsst_hardware_z 165.43114118005846 74.95999908447266 30.989999771118164 AB 5.398937115883764 1.087545245931064
60688.1786 lsst_hardware_i -136.41839384825974 86.05000305175781 31.34000015258789 AB 5.648032178053939 1.0676641221254748
60690.1622 lsst_hardware_z 136.79793306031348 71.62000274658203 30.989999771118164 AB 5.93142829964158 1.077820945451088
60690.1829 lsst_hardware_r -144.13066406984578 104.36000061035156 31.65999984741211 AB 6.430089950807386 1.062561340297015
60692.1726 lsst_hardware_y -25.003937225474377 73.43000030517578 30.790000915527344 AB 3.2606098428680452 1.0646309891819912
60694.1552 lsst_hardware_r 43.334559121438524 41.279998779296875 31.610000610351562 AB 4.405096139053731 1.073628110907563
60694.1753 lsst_hardware_i 9.258643238665124 42.95000076293945 31.299999237060547 AB 6.157613248302178 1.061657456603824
60695.1553 lsst_hardware_z -39.88408229102967 44.189998626708984 30.959999084472656 AB 7.989026285106039 1.0709868335821433
60695.1747 lsst_hardware_r -89.33630083588042 35.70000076293945 31.59000015258789 AB 9.36631849295983 1.0612991191599745
60697.1499 lsst_hardware_u -0.9872269656012144 2.680000066757202 28.40999984741211 AB 10.993928716959438 1.0709328316936841
60697.1695 lsst_hardware_r -45.59430589004772 22.850000381469727 31.489999771118164 AB 10.329305533144757 1.0612663652671095
60699.0731 lsst_hardware_i -33.41906985206 32.72999954223633 31.229999542236328 AB 16.20648561226559 1.2535230097469294
60699.0892 lsst_hardware_z 30.164073495953577 43.66999816894531 30.940000534057617 AB 15.407127067016734 1.1874624260054774
60701.1378 lsst_hardware_r -15.191153017574925 23.09000015258789 31.510000228881836 AB 14.18911323538659 1.0719889119189037
60701.1559 lsst_hardware_u 4.4143373967352755 2.809999942779541 28.520000457763672 AB 14.011733049712273 1.0617161188666027
60703.1384 lsst_hardware_g 5.03310070989887 14.109999656677246 31.440000534057617 AB 12.606740415002017 1.0671318880676632
60703.1584 lsst_hardware_r 52.23474032756785 22.8799991607666 31.510000228881836 AB 12.537745708641427 1.0611718754669004
60705.1367 lsst_hardware_i -52.11250287183795 30.520000457763672 31.25 AB 12.805591731382279 1.0648402797906407
60705.1551 lsst_hardware_z 69.50232509037352 41.22999954223633 30.950000762939453 AB 12.756726192300174 1.0614388733019144
60707.1379 lsst_hardware_r -27.642856474433792 23.049999237060547 31.510000228881836 AB 8.920739375286377 1.0621192255371326
60707.1562 lsst_hardware_g -7.541313077444998 14.229999542236328 31.450000762939453 AB 8.955977553209387 1.063339572954513
60709.1095 lsst_hardware_u 2.593750300684714 2.7799999713897705 28.5 AB 7.849869843807387 1.0787727682740358
60709.1275 lsst_hardware_r 18.498325989107393 22.899999618530273 31.510000228881836 AB 7.9787327300459285 1.0639728937252872
60711.1127 lsst_hardware_i 8.345839081747059 33.220001220703125 31.270000457763672 AB 6.616666156210147 1.0700519376097961
60711.1318 lsst_hardware_z 57.08743449205402 42.40999984741211 30.959999084472656 AB 6.752448183946027 1.0612051208464603
60713.1097 lsst_hardware_r 28.452241402488763 45.150001525878906 31.6200008392334 AB 5.878748614256677 1.0681189378778422
60713.1289 lsst_hardware_z 47.658124492650266 47.16999816894531 30.969999313354492 AB 5.187966845504093 1.0610785748917562
60716.1 lsst_hardware_i -69.67216398696517 71.75 31.329999923706055 AB 3.6355321418664475 1.0692741593724846
60716.1185 lsst_hardware_z 142.12070547339803 64.55000305175781 30.989999771118164 AB 3.6725371976659815 1.0611713549721111
60718.1004 lsst_hardware_r -157.5241455106788 111.44000244140625 31.649999618530273 AB 4.811337641450439 1.065280115454539
60718.1178 lsst_hardware_z -33.04980387008508 75.55000305175781 30.989999771118164 AB 4.80360809992952 1.0611995286944578
60720.0914 lsst_hardware_r -104.72091962269145 86.0 31.649999618530273 AB 3.3865638231226494 1.0675308888691803
60720.1086 lsst_hardware_i -89.0615269039136 69.93000030517578 31.329999923706055 AB 3.3936767679445157 1.0611042813865443
60722.0899 lsst_hardware_z -77.87938826708435 49.41999816894531 30.959999084472656 AB 3.324532879871486 1.065043370133416
60722.1068 lsst_hardware_i -80.20752164594028 49.209999084472656 31.309999465942383 AB 3.323120861102186 1.061191397446003
60724.0875 lsst_hardware_u 1.8955286367652997 2.930000066757202 28.520000457763672 AB 5.955803994984219 1.0635364276757535
60724.1043 lsst_hardware_g 16.624845464594795 26.8799991607666 31.6299991607666 AB 5.851194728669202 1.0616338072519496
60727.0607 lsst_hardware_g 20.819337540092395 13.789999961853027 31.420000076293945 AB 3.401140023474628 1.0783576485335875
60727.0789 lsst_hardware_r -4.411013613549238 22.59000015258789 31.5 AB 3.5148712433207066 1.0637156995825805
60729.0592 lsst_hardware_i -5.815164946082754 30.559999465942383 31.25 AB 7.573129127310791 1.0740503655241513
60729.0767 lsst_hardware_z 9.909277752053917 41.29999923706055 30.950000762939453 AB 7.48924401655309 1.062454818634287
60731.0597 lsst_hardware_r 44.51106663988217 22.530000686645508 31.489999771118164 AB 9.598315824113199 1.0687555895829859
60731.0777 lsst_hardware_g -1.5956256611440875 13.710000038146973 31.420000076293945 AB 9.50131729287266 1.061155079477611
60738.0462 lsst_hardware_u 1.5510961201435938 2.6600000858306885 28.399999618530273 AB 4.7716737125091155 1.0650463060117439
60738.0649 lsst_hardware_g -16.347079594492097 13.779999732971191 31.40999984741211 AB 4.764960791064699 1.061415780155861
60740.0445 lsst_hardware_r 30.56746752542441 28.600000381469727 31.540000915527344 AB 5.6238506374268376 1.0632437555004313
60740.0618 lsst_hardware_i 55.52591370753061 33.310001373291016 31.260000228881836 AB 5.590206263236214 1.0619020318944243
60742.0511 lsst_hardware_z -4.125778142445183 68.41000366210938 31.719999313354492 AB 9.784299538467778 1.061107948139328
60744.0413 lsst_hardware_z 101.24219998060941 56.54999923706055 30.979999542236328 AB 10.951279973278504 1.0612390955434947
60744.0602 lsst_hardware_r -36.61816645323682 70.93000030517578 31.639999389648438 AB 10.716074598632702 1.0659048688151094
60751.0072 lsst_hardware_y -69.43275674582804 49.95000076293945 30.040000915527344 AB 8.434015893916568 1.067214192452065
60751.0264 lsst_hardware_i 39.01399918293522 44.529998779296875 31.299999237060547 AB 8.410994724405903 1.0611011006399373
60753.0051 lsst_hardware_y -23.811911980165092 48.599998474121094 30.049999237060547 AB 7.23218314488398 1.065122701750218
60753.0232 lsst_hardware_g -10.307068084105541 13.850000381469727 31.440000534057617 AB 7.2338531920064915 1.0613047523483943
60755.0044 lsst_hardware_y -32.713359642514746 49.27000045776367 30.049999237060547 AB 3.922125982210164 1.0629067702466568
60755.0241 lsst_hardware_i -11.298201221217099 30.760000228881836 31.260000228881836 AB 3.9161554326214705 1.0629210438672374
60756.9922 lsst_hardware_z -37.885536553861314 59.060001373291016 30.989999771118164 AB 6.004865091932578 1.0662994036993387
60757.0113 lsst_hardware_u 3.557360556705159 2.859999895095825 28.549999237060547 AB 6.5397739242487996 1.06119222050772
60758.9908 lsst_hardware_y 57.132131736920805 63.2599983215332 30.059999465942383 AB 9.556899796555076 1.0640452547658277
60759.0088 lsst_hardware_r -12.996528185936993 22.829999923706055 31.5 AB 8.832869508904645 1.0616429698202698
60760.9888 lsst_hardware_y -31.254661554821364 66.11000061035156 30.06999969482422 AB 6.482013993583947 1.0626252448498275
60761.0063 lsst_hardware_z 1.530382235717081 41.540000915527344 30.959999084472656 AB 5.833789027729688 1.0624274317482587
