data/validation/pwv_sim_epoch_fit_4/21661157.ecsv
# %ECSV 0.9
# ---
# datatype:
# - {name: time, datatype: float64}
# - {name: band, datatype: string}
# - {name: flux, datatype: float64}
# - {name: fluxerr, datatype: float64}
# - {name: zp, datatype: float64}
# - {name: zpsys, datatype: string}
# - {name: pwv, datatype: float64}
# - {name: airmass, datatype: float64}
# meta: {SNID: '21661157', alt: 1024.0, c: -0.1094161793589592, dec: -44.993881, lat: -30.244573, lon: -70.7499537, ra: 208.6875, t0: 60835.85546875,
#   x0: 2.478407534962497e-06, x1: 1.0365372896194458, z: 0.8158300518989563}
# schema: astropy-2.0
time band flux fluxerr zp zpsys pwv airmass
60715.3718 lsst_hardware_i -17.146156321466233 30.889999389648438 31.260000228881836 AB 6.87026960937016 1.0385764265056112
60715.3838 lsst_hardware_y -103.02571258121611 57.08000183105469 30.059999465942383 AB 6.872587535238704 1.0350282432588531
60719.3804 lsst_hardware_i 20.46821158356207 64.16000366210938 31.329999923706055 AB 5.1213174048187815 1.0347140933061403
60719.3914 lsst_hardware_y -181.39959708852706 78.04000091552734 30.06999969482422 AB 5.098412654222449 1.0368949876393023
60721.3778 lsst_hardware_r -16.028712916802224 75.12000274658203 31.65999984741211 AB 2.946068540335126 1.0349792869612247
60721.3888 lsst_hardware_y -26.88475819428522 64.0199966430664 30.06999969482422 AB 3.049583404436129 1.0379793752335635
60723.3696 lsst_hardware_z -89.93530445027429 57.45000076293945 30.979999542236328 AB 4.2286501188209975 1.0347219964081475
60723.3811 lsst_hardware_y 93.8000625036752 54.060001373291016 30.059999465942383 AB 3.422472314693861 1.0371128226345034
60728.3614 lsst_hardware_r 4.53127207151914 27.420000076293945 31.549999237060547 AB 9.648116614074253 1.0354278401024097
60728.3728 lsst_hardware_y -107.40528246511825 47.38999938964844 30.049999237060547 AB 9.686464474158951 1.0394038655641764
60730.3619 lsst_hardware_g -6.148794823571752 14.720000267028809 31.459999084472656 AB 10.395028431302146 1.0370829828369283
60730.3732 lsst_hardware_r -3.2904714672860575 23.18000030517578 31.510000228881836 AB 10.500806780528228 1.0427812095857227
60732.3548 lsst_hardware_i -20.371064069701827 30.229999542236328 31.25 AB 6.847876185257996 1.0365361666931048
60732.3661 lsst_hardware_z -30.72876934116653 40.9900016784668 30.950000762939453 AB 7.070583039974495 1.0417448952041688
60734.357 lsst_hardware_r -13.250533284803701 22.450000762939453 31.5 AB 4.920899022703138 1.0396997723860424
60734.368 lsst_hardware_u -5.987250516853853 2.680000066757202 28.440000534057617 AB 5.003192826609421 1.0469668483618984
60737.3572 lsst_hardware_g -4.1638615537393395 13.640000343322754 31.40999984741211 AB 6.257850669211525 1.044948903909305
60737.3691 lsst_hardware_i -30.677820270801597 30.40999984741211 31.25 AB 6.302374295719473 1.0556740863851897
60739.2975 lsst_hardware_g -6.5728367369134295 13.630000114440918 31.40999984741211 AB 10.124119770204567 1.0435802401942587
60739.3091 lsst_hardware_r 22.429435152435097 22.3799991607666 31.5 AB 10.07707137636274 1.0374116924295056
60741.3397 lsst_hardware_r 9.882499992204428 22.299999237060547 31.489999771118164 AB 8.949808425732817 1.0406753983410253
60741.3518 lsst_hardware_u -2.4703204375850976 2.619999885559082 28.389999389648438 AB 9.025178372189336 1.0494393456034112
60743.3376 lsst_hardware_g 2.4432567004430576 13.550000190734863 31.399999618530273 AB 7.221838794936869 1.042714235480345
60743.35 lsst_hardware_r -2.606148740271671 22.350000381469727 31.479999542236328 AB 7.159575622590007 1.0528787680279423
60750.2925 lsst_hardware_r 114.52508679732694 102.94000244140625 31.65999984741211 AB 8.068789900431957 1.0346813293992678
60750.3047 lsst_hardware_i 104.72936713386612 81.1500015258789 31.34000015258789 AB 8.064651413057748 1.036254598529746
60752.2837 lsst_hardware_z -42.74015623290932 66.29000091552734 31.0 AB 6.541754455877422 1.034923976566591
60752.2946 lsst_hardware_r 95.4897051792893 87.9000015258789 31.65999984741211 AB 6.315419807300754 1.0352015857229955
60754.3026 lsst_hardware_z -16.165587121221485 54.400001525878906 30.989999771118164 AB 4.971333427071796 1.039810380061038
60754.3164 lsst_hardware_i 42.069171940923454 54.83000183105469 31.329999923706055 AB 5.008682760436996 1.0495249201167136
60756.2891 lsst_hardware_r 2.2579729665687287 36.4900016784668 31.610000610351562 AB 5.471106631291981 1.0364888948170845
60756.3027 lsst_hardware_z 25.9224602833816 44.38999938964844 30.969999313354492 AB 6.040380141209684 1.04310843003232
60758.2856 lsst_hardware_r -44.75617440108288 24.860000610351562 31.540000915527344 AB 6.351206677534925 1.0371433643657768
60758.2976 lsst_hardware_y 44.15846896481723 47.06999969482422 30.049999237060547 AB 6.299060066700185 1.0433513803058874
60760.2869 lsst_hardware_r -5.20951810448929 22.520000457763672 31.510000228881836 AB 7.385223053544989 1.0401722610626745
60760.2988 lsst_hardware_i 7.332058885683451 30.510000228881836 31.25 AB 6.644446945666026 1.0484610160423813
60762.2359 lsst_hardware_r 4.43187913528469 22.6200008392334 31.520000457763672 AB 7.936665417110758 1.0427887816463868
60762.2463 lsst_hardware_i -49.23752783105766 30.389999389648438 31.260000228881836 AB 7.946656131164603 1.0374224714313962
60764.2355 lsst_hardware_z 37.678004869182836 40.959999084472656 30.959999084472656 AB 6.814983531718683 1.0398204961425799
60764.247 lsst_hardware_r 23.55132700809869 22.59000015258789 31.510000228881836 AB 6.64155387252912 1.0355853231593595
60767.2383 lsst_hardware_u -2.7958448893800054 2.7699999809265137 28.520000457763672 AB 8.810878539618095 1.035700707985592
60767.2503 lsst_hardware_g -12.326160716615531 13.899999618530273 31.440000534057617 AB 8.17487099823492 1.0347937972449266
60769.2264 lsst_hardware_r -3.676130928668935 22.3799991607666 31.479999542236328 AB 5.707524142052531 1.0377316621913693
60769.2379 lsst_hardware_z 31.10116824461156 40.77000045776367 30.940000534057617 AB 5.691750748703369 1.0348637724915217
60771.2331 lsst_hardware_r 13.562433319676044 22.559999465942383 31.5 AB 15.416168798829698 1.034804251146468
60771.2447 lsst_hardware_u 0.5507883529789271 2.690000057220459 28.450000762939453 AB 15.338436569453807 1.03558783157856
60775.2294 lsst_hardware_i -35.96032237319356 58.56999969482422 31.329999923706055 AB 5.133021939235745 1.0348834554910775
60775.2413 lsst_hardware_z 43.5663037938497 55.7400016784668 30.979999542236328 AB 5.109563536600541 1.0379665905878674
60778.2126 lsst_hardware_r 44.529862700976736 126.61000061035156 31.670000076293945 AB 12.644972865698403 1.0349462158862663
60778.2242 lsst_hardware_z -159.54131386092035 82.79000091552734 31.0 AB 12.657555889430823 1.0353123214039253
60784.1887 lsst_hardware_r 8.288107356246568 45.2599983215332 31.6299991607666 AB 9.307926986114534 1.036575197518184
60784.2003 lsst_hardware_y 92.86877887491221 48.83000183105469 30.059999465942383 AB 9.252619401680384 1.034679273321821
60792.1796 lsst_hardware_i -33.83897503627076 30.290000915527344 31.239999771118164 AB 3.6563137519560582 1.0346837642606461
60792.1921 lsst_hardware_z 59.819783623819475 40.83000183105469 30.940000534057617 AB 3.6642121650591837 1.0369189006180923
60795.1942 lsst_hardware_g -7.214684304995816 14.100000381469727 31.43000030517578 AB 11.378316373743413 1.04182725575639
60795.2066 lsst_hardware_i 37.86351392277051 30.709999084472656 31.25 AB 11.616538197429763 1.0515083229173807
60797.1888 lsst_hardware_z 46.31560512107992 41.130001068115234 30.950000762939453 AB 8.270325959060393 1.041865200183975
60806.1275 lsst_hardware_z 30.124733941304985 79.96859684539969 31.0 AB 7.9876563011865445 1.0369539531593592
60806.1391 lsst_hardware_r -22.634787595216945 119.41081280053574 31.670000076293945 AB 7.989565666560566 1.0347167864483022
60808.1364 lsst_hardware_z 207.29166885063242 122.09459130604115 31.75 AB 7.158048746680191 1.0346991538999988
60812.1243 lsst_hardware_r 218.51228408937314 55.53311808501831 31.639999389648438 AB 8.844735743580054 1.0346837941777431
60812.1379 lsst_hardware_y 100.13468193852808 50.05814500070572 30.049999237060547 AB 8.2472644951658 1.0370656391279465
60814.1272 lsst_hardware_g 11.598871020347316 14.395684195376814 31.440000534057617 AB 7.766845631810603 1.035579417574747
60814.1393 lsst_hardware_r 219.225772120585 33.08150041491187 31.559999465942383 AB 7.800755557092075 1.04010074094561
60823.0345 lsst_hardware_i 724.3980677079891 40.656904758269874 31.239999771118164 AB 7.6106865969320525 1.082601222892184
60824.1006 lsst_hardware_r 702.0003469689386 33.79172614104673 31.489999771118164 AB 9.840564141804704 1.0357398317866229
60824.1129 lsst_hardware_z 494.88840751700786 46.23371911328118 30.940000534057617 AB 9.921039196104294 1.040595678215238
60830.1076 lsst_hardware_i 933.3797587401962 49.59397657234601 31.290000915527344 AB 12.124575052503829 1.0484154366032348
60830.1191 lsst_hardware_z 598.6713323557877 51.128543657879234 30.959999084472656 AB 12.347484556980653 1.0600974077682468
60842.0058 lsst_hardware_i 831.2772130540087 41.88639705771216 31.260000228881836 AB 9.672820923612397 1.0522895498281941
60842.0136 lsst_hardware_u -3.655759903987483 2.8189464891077227 28.5 AB 9.614622836685756 1.0455412237447013
60844.0836 lsst_hardware_r 481.85755822347875 31.17703976895732 31.489999771118164 AB 5.430895073366496 1.0634217884014638
60844.0953 lsst_hardware_z 506.2619787046754 47.47625734699754 30.950000762939453 AB 5.62086149981533 1.0801732431904851
60847.0836 lsst_hardware_r 417.4403429974414 30.035338219484366 31.479999542236328 AB 3.224148402306662 1.0747161341022207
60847.0967 lsst_hardware_u 5.1389897216460625 2.685685977060997 28.3700008392334 AB 3.291231226514924 1.0970770755049746
60851.0245 lsst_hardware_g 46.59867820195415 14.995395413423953 31.40999984741211 AB 5.185970389741637 1.0352615896476518
60851.0372 lsst_hardware_r 315.1469250650295 28.678283429353296 31.489999771118164 AB 5.288546025021643 1.0395517019436695
60861.0017 lsst_hardware_r 116.65530453491397 65.32351113577595 31.649999618530273 AB 3.8857872266444033 1.0363020428423158
60861.0134 lsst_hardware_i 363.39905250697257 59.154381142968 31.31999969482422 AB 3.912682521937398 1.0414841902144996
60862.9993 lsst_hardware_z 692.4562602834111 91.46217447976527 31.729999542236328 AB 4.199291781502598 1.0373103888105817
60869.9986 lsst_hardware_i 207.79645313558737 33.736866498714555 31.25 AB 9.08254944406322 1.0486116081583998
60870.0106 lsst_hardware_u 1.5766530874461335 2.631098019230391 28.3700008392334 AB 7.446627343827963 1.0609620436442333
60871.9981 lsst_hardware_g -9.972829122188923 13.720330140031807 31.399999618530273 AB 4.42882192471339 1.0532275683028276
60872.0104 lsst_hardware_r 122.38945572771571 24.55171752687508 31.489999771118164 AB 4.679444441488715 1.067675653075723
61083.3775 lsst_hardware_z -19.318636443349092 43.04999923706055 30.959999084472656 AB 5.377379640695201 1.034907552096844
61083.388 lsst_hardware_y 17.476059009610925 62.29999923706055 30.06999969482422 AB 5.355062605970414 1.0351947817456923
61089.3742 lsst_hardware_r -33.806755055159634 22.8799991607666 31.510000228881836 AB 5.3554582115966625 1.0357050530082184
61089.3868 lsst_hardware_y -61.832434358870934 51.5099983215332 30.059999465942383 AB 4.736943662896462 1.0406862553735206
61091.3706 lsst_hardware_g 3.0411757965439867 14.029999732971191 31.450000762939453 AB 3.8639992864602264 1.0361793880873922
61091.3844 lsst_hardware_y 22.93408229577166 48.630001068115234 30.049999237060547 AB 2.8148288148490086 1.042529190684818
61098.3556 lsst_hardware_u 0.34670232261902617 2.6600000858306885 28.43000030517578 AB 5.39525333749454 1.03754871874895
61098.367 lsst_hardware_r 16.532354280609297 22.399999618530273 31.489999771118164 AB 5.427084401011877 1.0436700771176686
61104.3591 lsst_hardware_y 36.98555614010663 55.36000061035156 30.049999237060547 AB 10.182572222789771 1.0504897494237972
61104.3717 lsst_hardware_r -148.3798348114566 93.58000183105469 31.649999618530273 AB 10.297458836000782 1.0643184960811132
61106.3424 lsst_hardware_r 23.2767216786822 84.66000366210938 31.649999618530273 AB 8.960116590100554 1.0418740221047156
61106.3543 lsst_hardware_i -30.163933550103156 70.4000015258789 31.329999923706055 AB 9.039491723779168 1.0511036888115313
61108.3474 lsst_hardware_z 12.146154227422432 53.47999954223633 30.969999313354492 AB 7.215062680176152 1.0497817782614867
61108.3591 lsst_hardware_r -11.224440605399819 58.810001373291016 31.6299991607666 AB 7.273861156588453 1.0622135210536354
61110.3395 lsst_hardware_z -54.0309968286838 44.66999816894531 30.959999084472656 AB 7.038609570246226 1.047671977709704
61110.3514 lsst_hardware_r -40.24916797901106 37.38999938964844 31.59000015258789 AB 7.134190205256882 1.0595331988005474
61112.3397 lsst_hardware_i -31.85416870342464 31.65999984741211 31.25 AB 13.49189406564723 1.0528204499139597
61112.352 lsst_hardware_z 6.1197598117491445 42.09000015258789 30.940000534057617 AB 13.810723543356906 1.0671243658906715
61115.3369 lsst_hardware_r 24.681675695342687 22.3799991607666 31.489999771118164 AB 7.95399022181715 1.0585560582668552
61115.3496 lsst_hardware_u -1.288748280890637 2.619999885559082 28.3799991607666 AB 8.107121393139234 1.075393320263879
61117.3109 lsst_hardware_g -22.72201768128995 13.470000267028809 31.399999618530273 AB 6.431319098686565 1.041003415132173
61117.3245 lsst_hardware_r 0.08632045640488957 22.229999542236328 31.479999542236328 AB 6.498590292340406 1.0513250041534308
61123.2882 lsst_hardware_u -2.428290515333498 2.559999942779541 28.350000381469727 AB 6.345003138190886 1.0378958241315517
61123.2992 lsst_hardware_r 11.60509040649969 22.219999313354492 31.479999542236328 AB 6.317894950289708 1.0439925558176328
61125.2865 lsst_hardware_z 3.9880021104071344 41.09000015258789 30.950000762939453 AB 7.381299749830463 1.039619683074713
61125.2988 lsst_hardware_i 71.47414269225735 30.309999465942383 31.239999771118164 AB 6.640811174337675 1.0478873092264203
61127.2837 lsst_hardware_z -15.274189637295926 40.88999938964844 30.940000534057617 AB 7.933958541912812 1.0410652856466096
61127.2963 lsst_hardware_g -9.889366915328242 13.600000381469727 31.399999618530273 AB 7.752619685778565 1.0504904723277189
61129.2444 lsst_hardware_y 17.29926905572011 70.44000244140625 30.799999237060547 AB 6.790976115069549 1.0364737660362233
61132.2299 lsst_hardware_r 119.13565577777186 117.05999755859375 31.65999984741211 AB 8.851725200370863 1.0389145596178773
61132.2419 lsst_hardware_i 22.996530739502564 90.04000091552734 31.34000015258789 AB 8.809259645163225 1.035165645730115
61134.2312 lsst_hardware_z -99.82580417051592 79.1500015258789 31.0 AB 5.699873550144351 1.036340645480791
61134.2437 lsst_hardware_r -38.409642176799 113.23999786376953 31.65999984741211 AB 5.690940717929239 1.0347164941689526
61136.2267 lsst_hardware_z -23.941416338453507 60.66999816894531 30.979999542236328 AB 15.438171074136799 1.036072507324297
61136.2394 lsst_hardware_r -3.0980672077257863 78.4800033569336 31.65999984741211 AB 15.338077662245984 1.0347718131406394
61138.2261 lsst_hardware_i 25.29951707324885 45.130001068115234 31.299999237060547 AB 9.617629287498902 1.0350811789236256
61138.2381 lsst_hardware_z 46.0194154255503 48.33000183105469 30.959999084472656 AB 9.525386538095022 1.0352555741870473
61140.2193 lsst_hardware_r -58.95958910110436 30.479999542236328 31.559999465942383 AB 5.046023166955274 1.0352940432817552
61140.2297 lsst_hardware_z -85.17778962804285 42.75 30.950000762939453 AB 5.145366053368759 1.0348684741288734
61147.2173 lsst_hardware_g 11.407036755142686 13.90999984741211 31.420000076293945 AB 13.70533246820299 1.0360850066679006
61147.2292 lsst_hardware_r -31.381210238203558 22.75 31.5 AB 13.74710897841739 1.0411321552875612
61149.2011 lsst_hardware_r 16.81052035943267 22.799999237060547 31.5 AB 9.402867457813608 1.034703434147302
61149.2125 lsst_hardware_i -25.51527527441827 30.469999313354492 31.260000228881836 AB 9.326415232799935 1.0362683591999928
61151.2155 lsst_hardware_r 21.710454526509455 22.829999923706055 31.510000228881836 AB 8.304317617826632 1.0396207921831073
61151.2268 lsst_hardware_g 1.0535782612324263 14.0600004196167 31.43000030517578 AB 8.344190372054445 1.0470593377041937
61155.1999 lsst_hardware_i -19.147298212548627 34.470001220703125 31.270000457763672 AB 13.132187279955195 1.037536605717894
61155.2109 lsst_hardware_z 19.714082302532994 42.88999938964844 30.950000762939453 AB 13.250684889424274 1.0433610149152972
61157.1866 lsst_hardware_r -33.114630792914156 54.5 31.639999389648438 AB 3.686628203095917 1.0353273680588397
61157.1991 lsst_hardware_z -48.52201828883034 49.63999938964844 30.969999313354492 AB 3.7018910890230683 1.0396136922134342
61161.1905 lsst_hardware_i -97.60460652348364 101.48999786376953 31.34000015258789 AB 10.064710258023801 1.0408628697917492
61161.2018 lsst_hardware_z -38.400325694529634 86.41000366210938 31.0 AB 10.09445999099396 1.0490021207354623
61163.195 lsst_hardware_r 91.33805534105441 119.83999633789062 31.65999984741211 AB 12.14955221783829 1.047856964509972
61163.2084 lsst_hardware_z 26.1940596515207 77.56999969482422 31.0 AB 12.616796846172113 1.0615731465016502
61166.1882 lsst_hardware_r 47.80657429444314 60.779998779296875 31.649999618530273 AB 3.4338860817104075 1.0490487011335259
61166.1998 lsst_hardware_i 2.539289132054183 52.349998474121094 31.31999969482422 AB 3.4566452438153186 1.0610800912152138
61168.1365 lsst_hardware_g -19.330306374538363 25.790000915527344 31.6200008392334 AB 10.156340207024058 1.036943203535051
61168.1477 lsst_hardware_i -19.18033260016904 36.849998474121094 31.280000686645508 AB 10.188716374737588 1.0347551286992929
61175.0213 lsst_hardware_g 2.2583407283094235 20.059999465942383 32.119998931884766 AB 7.115572159562466 1.2080767673280925
61175.0292 lsst_hardware_r -5.291704409186712 33.2400016784668 32.220001220703125 AB 6.941447816718137 1.1814224860383178
61177.135 lsst_hardware_z -102.03115431740825 40.97999954223633 30.940000534057617 AB 8.484764322122022 1.0359907597218587
61177.1475 lsst_hardware_r 21.97953008939396 22.649999618530273 31.489999771118164 AB 8.527946851955138 1.0412633518870742
61185.1053 lsst_hardware_z 14.909953824176595 46.95000076293945 30.969999313354492 AB 5.953189671621494 1.0347674622593053
61185.1179 lsst_hardware_r -12.424751322698466 45.83000183105469 31.6299991607666 AB 5.9487397645533715 1.0375105687843795
61187.1131 lsst_hardware_y -64.28767652674648 74.38999938964844 30.799999237060547 AB 6.331429057173398 1.0377690636245531
61198.0874 lsst_hardware_g -9.457216937534477 13.600000381469727 31.399999618530273 AB 4.357937546877369 1.0397496930676084
61198.1006 lsst_hardware_i -46.28149285205469 30.350000381469727 31.239999771118164 AB 4.507998345259619 1.048859549851005
61222.0116 lsst_hardware_i -54.6243632532945 63.02000045776367 31.329999923706055 AB 8.469756875942432 1.0358658198425283
61222.0245 lsst_hardware_r 46.436655612962795 79.47000122070312 31.649999618530273 AB 8.467013830140093 1.041196978620277
61224.9992 lsst_hardware_g 15.03444674796383 13.569999694824219 31.40999984741211 AB 8.514296401024042 1.0350679446083326
61225.0118 lsst_hardware_r 29.853611616180995 22.350000381469727 31.489999771118164 AB 8.20680931479787 1.0388366221263126
61232.9935 lsst_hardware_i 26.99095571292196 30.309999465942383 31.25 AB 11.04352731461189 1.0406477453186018
61233.0061 lsst_hardware_u -1.085917753102952 2.690000057220459 28.450000762939453 AB 10.27290606492266 1.049809009751434
61234.9941 lsst_hardware_g 12.20202393387364 13.720000267028809 31.420000076293945 AB 8.977645528616929 1.0445195495773043
61235.0063 lsst_hardware_r 10.746086508464321 22.540000915527344 31.489999771118164 AB 7.329344809462065 1.0553412252645162
61236.9964 lsst_hardware_i -39.022040889559385 30.280000686645508 31.239999771118164 AB 4.401288616013601 1.0509285138524442
61237.0085 lsst_hardware_r 41.28939559869555 22.459999084472656 31.479999542236328 AB 4.670562795966439 1.0642731675894812
61237.9948 lsst_hardware_u 0.2388230548333396 2.5999999046325684 28.360000610351562 AB 1.8892174554537247 1.0520004392317726
61238.0062 lsst_hardware_g 31.990753696937894 13.8100004196167 31.399999618530273 AB 1.5972385472478674 1.0648256981652449
