data/validation/pwv_sim_epoch_fit_4/21779201.ecsv
# %ECSV 0.9
# ---
# datatype:
# - {name: time, datatype: float64}
# - {name: band, datatype: string}
# - {name: flux, datatype: float64}
# - {name: fluxerr, datatype: float64}
# - {name: zp, datatype: float64}
# - {name: zpsys, datatype: string}
# - {name: pwv, datatype: float64}
# - {name: airmass, datatype: float64}
# meta: {SNID: '21779201', alt: 1024.0, c: 0.07118892669677734, dec: 0.74606, lat: -30.244573, lon: -70.7499537, ra: 357.539062, t0: 62302.94921875,
#   x0: 8.065533251846429e-06, x1: 0.8210183382034302, z: 0.5034719109535217}
# schema: astropy-2.0
time band flux fluxerr zp zpsys pwv airmass
[from data line 132]
62756.2153 lsst_hardware_r 62.07707464366268 177.7100067138672 31.6299991607666 AB 3.565795417553265 1.168666220861943
62759.1629 lsst_hardware_r -14.87188955672053 86.12999725341797 31.6200008392334 AB 1.6615817543423228 1.2154950653566747
62759.1807 lsst_hardware_i 17.300553127696926 72.08000183105469 31.309999465942383 AB 1.2224375121493545 1.184915197559956
62761.1718 lsst_hardware_z 72.11357051852102 70.27999877929688 31.700000762939453 AB 0.9695669785723285 1.1895311054970314
62763.178 lsst_hardware_g 5.310629734052429 15.930000305175781 31.440000534057617 AB 7.18239913764515 1.176269426006037
62763.1978 lsst_hardware_r -23.585936999536223 25.270000457763672 31.5 AB 7.160801376412521 1.168744699168271
62766.1417 lsst_hardware_r -24.347276665464122 25.43000030517578 31.489999771118164 AB 4.118833462794596 1.2202143275943482
62766.1612 lsst_hardware_i -9.51493259663274 33.20000076293945 31.239999771118164 AB 4.0077633673270885 1.1854073206952027
62768.1159 lsst_hardware_z -64.71362617325606 45.22999954223633 30.93000030517578 AB 4.707739656997987 1.2801757548091788
62768.1352 lsst_hardware_i -55.43962658447153 33.25 31.219999313354492 AB 4.29020019024989 1.2226566196356228
62770.1998 lsst_hardware_r 14.548678212760596 25.190000534057617 31.489999771118164 AB 3.9907399939137216 1.181099983400697
62770.2128 lsst_hardware_i -20.98491699685058 33.099998474121094 31.229999542236328 AB 3.724700297675903 1.1995814163207417
62773.1409 lsst_hardware_z 58.895446681161545 43.97999954223633 30.93000030517578 AB 4.721021671823264 1.1869567780988015
62773.16 lsst_hardware_u -1.5888311417584156 2.7100000381469727 28.31999969482422 AB 4.680934480069592 1.1704286914659756
62775.1388 lsst_hardware_g 7.395494138831416 15.789999961853027 31.420000076293945 AB 7.09259303890911 1.1827559264439873
62775.1577 lsst_hardware_r -15.140506047316798 25.18000030517578 31.489999771118164 AB 7.040630444149475 1.1693780668483558
62779.1179 lsst_hardware_z -28.89308694300854 47.91999816894531 30.950000762939453 AB 4.248435524614794 1.196910980311358
62779.1369 lsst_hardware_r -37.93147532660924 41.310001373291016 31.579999923706055 AB 4.779127916543567 1.1742329033281056
62782.1215 lsst_hardware_r 78.1064536283459 100.83000183105469 31.6299991607666 AB 10.773815005162225 1.1807244039740512
62782.1503 lsst_hardware_i 3.134303885164889 82.81999969482422 31.309999465942383 AB 5.786451773441398 1.1695708485985645
62784.1183 lsst_hardware_z -76.3831094510186 153.49000549316406 31.739999771118164 AB 3.761701014992459 1.1784162319193767
62786.1019 lsst_hardware_z -83.50343559985114 89.36000061035156 30.979999542236328 AB 6.90654026842168 1.1919473511628988
62786.1192 lsst_hardware_r 14.91730285309848 130.63999938964844 31.6299991607666 AB 6.774956585170801 1.1732542358941556
62788.1026 lsst_hardware_i -65.85451409263685 62.08000183105469 31.299999237060547 AB 8.544339009845597 1.1835903878439669
62788.1209 lsst_hardware_z 23.64235830026823 60.40999984741211 30.969999313354492 AB 8.447095023362875 1.1697552395171191
62790.1052 lsst_hardware_i 34.94314368322579 32.83000183105469 31.239999771118164 AB 9.091775332800422 1.1755085979572153
62790.1225 lsst_hardware_u 1.42147507363257 4.389999866485596 28.75 AB 9.001872132187836 1.1686695688317252
62792.1009 lsst_hardware_g -17.15602990501958 15.59000015258789 31.440000534057617 AB 10.006950704375637 1.1746051514920688
62792.1192 lsst_hardware_r -10.159826582234826 24.8700008392334 31.5 AB 9.89801892406959 1.1688042656987174
62795.0719 lsst_hardware_r -42.6057570437432 35.290000915527344 32.2400016784668 AB 3.6652344845612492 1.2009287301970017
62795.089 lsst_hardware_i -80.28895415073804 46.27000045776367 31.989999771118164 AB 3.1616870615995616 1.1777198429053155
62798.0808 lsst_hardware_g -2.7265255911348865 15.289999961853027 31.399999618530273 AB 4.339140072644584 1.1777273335684693
62798.1024 lsst_hardware_r -10.537018388051585 24.780000686645508 31.489999771118164 AB 3.623158155745681 1.1687606954018326
62800.0757 lsst_hardware_i 17.645462556284183 32.45000076293945 31.239999771118164 AB 2.574569030805988 1.1773943738442016
62800.0932 lsst_hardware_z -12.965971636939901 43.290000915527344 30.940000534057617 AB 2.6721262023313455 1.1687386801273763
62802.0746 lsst_hardware_i -9.807528030140519 32.91999816894531 31.25 AB 3.143048435913473 1.1738742991273474
62802.0919 lsst_hardware_u -5.033759052949478 2.880000114440918 28.479999542236328 AB 4.4180779309557385 1.1688036854378983
62804.0723 lsst_hardware_g -0.14653670139248648 15.859999656677246 31.459999084472656 AB 6.071187462989069 1.171893088982577
62804.0886 lsst_hardware_r 17.659975236231322 25.049999237060547 31.510000228881836 AB 7.014945993783463 1.169157665630577
62808.0488 lsst_hardware_r -8.51826254551885 45.470001220703125 31.59000015258789 AB 3.4848267881783306 1.1826335253998859
62808.0693 lsst_hardware_i 1.4622251257496948 44.349998474121094 31.280000686645508 AB 3.482175703023562 1.1690056913211775
62814.0571 lsst_hardware_z -96.24240008749136 114.72000122070312 31.729999542236328 AB 7.392805783651036 1.1686690739535295
62818.0185 lsst_hardware_y -28.734820746701892 56.09000015258789 30.0 AB 6.16081944827504 1.1863319326563022
62818.0364 lsst_hardware_i -24.948320307283677 32.689998626708984 31.239999771118164 AB 5.7779714940282165 1.1707358153512648
62821.0226 lsst_hardware_y -15.959208637618076 53.150001525878906 30.010000228881836 AB 7.638545608577157 1.1739568045968993
62821.0438 lsst_hardware_g 16.833269563514833 15.5 31.43000030517578 AB 6.996332057477342 1.1695640350179846
62824.0219 lsst_hardware_y -15.572004102632253 54.900001525878906 30.010000228881836 AB 6.736007188286656 1.1699873532225549
62824.041 lsst_hardware_i -8.394718159250958 32.779998779296875 31.229999542236328 AB 6.6918425155207 1.1718145894561114
