data/validation/pwv_sim_epoch_fit_4/21790835.ecsv
# %ECSV 0.9
# ---
# datatype:
# - {name: time, datatype: float64}
# - {name: band, datatype: string}
# - {name: flux, datatype: float64}
# - {name: fluxerr, datatype: float64}
# - {name: zp, datatype: float64}
# - {name: zpsys, datatype: string}
# - {name: pwv, datatype: float64}
# - {name: airmass, datatype: float64}
# meta: {SNID: '21790835', alt: 1024.0, c: -0.047851692885160446, dec: -1.492246, lat: -30.244573, lon: -70.7499537, ra: 328.183594, t0: 60927.37890625,
#   x0: 4.347119781328725e-06, x1: -0.41004514694213867, z: 0.6495456695556641}
# schema: astropy-2.0
time band flux fluxerr zp zpsys pwv airmass
60822.407 lsst_hardware_i -23.014952274884358 33.08000183105469 31.25 AB 5.681544493634513 1.151742244807321
60822.4259 lsst_hardware_y -127.302700457987 50.040000915527344 30.010000228881836 AB 4.836722258061097 1.1420157624842158
60825.4105 lsst_hardware_i -21.60672296850072 32.939998626708984 31.25 AB 14.761861026232802 1.143820469653666
60825.4297 lsst_hardware_y 88.92664198002086 52.290000915527344 30.010000228881836 AB 14.633412741101052 1.144173950592351
60827.4054 lsst_hardware_g 7.338192703530671 15.899999618530273 31.450000762939453 AB 7.1292957322588535 1.1436761240990811
60827.4259 lsst_hardware_y 61.05977337591825 49.54999923706055 30.010000228881836 AB 7.13925349287217 1.144982718074231
60831.4032 lsst_hardware_i 48.09808615545551 32.63999938964844 31.239999771118164 AB 5.2528946124047815 1.141933611392344
60831.4262 lsst_hardware_y -103.64279833639654 50.099998474121094 30.010000228881836 AB 5.07648506616191 1.1537466059458885
60843.3224 lsst_hardware_z -138.27555927480782 88.1500015258789 31.719999313354492 AB 4.6012843135376915 1.1957858530037593
60843.3548 lsst_hardware_r 47.37707594688083 100.4800033569336 32.380001068115234 AB 3.8361132711295336 1.1475062133201959
60845.3468 lsst_hardware_r -36.28235479601761 35.63999938964844 31.579999923706055 AB 2.9539147465062694 1.1494577131486043
60845.3677 lsst_hardware_i -60.17379832318596 38.060001373291016 31.270000457763672 AB 2.949839279302382 1.1420943199209068
60850.3022 lsst_hardware_u -2.862781817959348 2.7899999618530273 28.399999618530273 AB 4.080399068150323 1.1983550860941108
60850.3231 lsst_hardware_g -27.606157674182995 15.1899995803833 31.40999984741211 AB 3.999550755258229 1.160130748443321
60853.2937 lsst_hardware_r 23.822030813992363 34.779998779296875 32.2400016784668 AB 8.18084992552427 1.1990985599889545
60853.3135 lsst_hardware_i -54.34684577409085 45.86000061035156 32.0 AB 7.867998526867028 1.1620142559248838
60859.327 lsst_hardware_z 15.268824725229349 42.869998931884766 30.940000534057617 AB 7.362535602276759 1.141950512192652
60859.3493 lsst_hardware_u -1.1870724705167326 2.690000057220459 28.350000381469727 AB 7.55205419335641 1.1532935048839357
60862.2965 lsst_hardware_r -5.103484950657694 41.720001220703125 31.59000015258789 AB 5.90150445618869 1.1530316917283623
60862.3192 lsst_hardware_g -32.72631470308078 29.649999618530273 31.610000610351562 AB 5.853105873323544 1.1419580281579444
60869.2884 lsst_hardware_z -245.1499395668437 129.0500030517578 31.739999771118164 AB 7.146848651925359 1.1447473747711217
60871.2824 lsst_hardware_r -102.52749509637847 82.66999816894531 31.6299991607666 AB 6.145063693684523 1.1450251443954949
60871.3037 lsst_hardware_i -27.380638448499294 70.56999969482422 31.309999465942383 AB 5.380224465409708 1.1440186689982546
60876.2491 lsst_hardware_i 50.90724747416233 32.220001220703125 31.239999771118164 AB 3.394676003421792 1.1642880999503118
60876.271 lsst_hardware_z 78.16529369389234 42.97999954223633 30.940000534057617 AB 3.229397134266485 1.1439593107568138
60878.2523 lsst_hardware_r -4.651912255851486 24.229999542236328 31.479999542236328 AB 5.676129815371283 1.1535676893346778
60878.2729 lsst_hardware_g -3.2936765302455235 14.850000381469727 31.399999618530273 AB 5.615692215795875 1.1420585464113904
60882.2477 lsst_hardware_z -14.824739677853302 43.2400016784668 30.940000534057617 AB 11.551449062942385 1.1479796002891007
60882.2671 lsst_hardware_i -1.281462714930896 32.119998931884766 31.239999771118164 AB 12.100127335721407 1.1421679569304708
60885.2438 lsst_hardware_u -2.723638354044729 2.7699999809265137 28.40999984741211 AB 4.71607102802836 1.1452333725178148
60885.2622 lsst_hardware_g -0.2430451646264527 15.109999656677246 31.43000030517578 AB 4.796381237774005 1.1428572108591128
60887.2483 lsst_hardware_r -33.981624901772264 34.470001220703125 32.2400016784668 AB 3.6546076913513064 1.1420649035472832
60887.2686 lsst_hardware_i -16.766937167701396 45.52000045776367 31.989999771118164 AB 4.135037020964141 1.1493929779613559
60889.2493 lsst_hardware_z -114.77180174992522 61.400001525878906 31.700000762939453 AB 2.0379228575481028 1.142386802941899
60892.2199 lsst_hardware_r 53.771426225399914 56.97999954223633 31.610000610351562 AB 1.205918121747603 1.1483567401476995
60892.2415 lsst_hardware_z 86.2728175120733 51.68000030517578 30.959999084472656 AB 1.1646030090060575 1.142467697369523
60893.2141 lsst_hardware_r -79.11659415011003 70.80999755859375 31.6200008392334 AB 2.6223508479091935 1.15091105899021
60893.2222 lsst_hardware_i -70.42386036932294 59.04999923706055 31.299999237060547 AB 2.620577505549065 1.1451070594490125
60895.2167 lsst_hardware_z 101.66997896375544 84.93454252284148 30.989999771118164 AB 3.549899651791277 1.14512891993267
60895.2372 lsst_hardware_i 168.84281354705755 99.36108569575242 31.31999969482422 AB 3.5452604924373587 1.143632416915277
60900.2062 lsst_hardware_r 48.38192597816843 69.37588626651097 31.6200008392334 AB 3.4567536702892396 1.1436736708980115
60900.2248 lsst_hardware_i -89.5224189258493 59.666660139697846 31.309999465942383 AB 4.028752098102088 1.1441526287978667
60903.1969 lsst_hardware_z 32.827360638126954 44.16653874122782 30.940000534057617 AB 5.587961617395831 1.1441362852980816
60903.2149 lsst_hardware_u 3.3604708362542777 3.0798282789474762 28.3799991607666 AB 5.068113011287493 1.1434628036070826
60905.2088 lsst_hardware_g 63.15996722761516 17.094721260867775 31.450000762939453 AB 2.800935851603073 1.1432391231032952
60905.2281 lsst_hardware_r 126.48920274771226 27.929896765878834 31.5 AB 2.919269268647053 1.1582486765999218
60907.1488 lsst_hardware_r 277.931006795854 29.94592092360949 31.479999542236328 AB 2.181207546701932 1.1932207585896781
60907.1675 lsst_hardware_i 265.2930326095467 36.53993275316301 31.239999771118164 AB 2.5511238508325307 1.1601290817792316
60911.1779 lsst_hardware_u 24.76620671517211 4.819379489977143 28.360000610351562 AB 3.41110331086484 1.1430672921077374
60911.1992 lsst_hardware_g 162.04766245232102 20.26354917788069 31.420000076293945 AB 3.4100757586585377 1.1465651191902781
60931.0974 lsst_hardware_r 1337.2537841570277 43.3882285595258 31.479999542236328 AB 3.025824224566732 1.1665828335678967
60931.1172 lsst_hardware_i 1249.028665155227 47.79085625285701 31.239999771118164 AB 2.9006313170474227 1.1458152546108722
60933.0931 lsst_hardware_z 948.3611406704445 52.65435502023073 30.940000534057617 AB 1.2194023009794752 1.1648485600825185
60933.1118 lsst_hardware_r 1285.2807670697107 42.54953373948391 31.5 AB 1.1826361041861984 1.145780175216727
60935.0917 lsst_hardware_u -0.6125062318724943 2.693179107002093 28.329999923706055 AB 1.2230609585484207 1.159299486775754
60935.1097 lsst_hardware_r 1054.5819981639809 41.09768200029027 31.489999771118164 AB 1.4434336616975563 1.1440689524674021
60939.1016 lsst_hardware_r 880.7087019922946 38.43395481217616 31.489999771118164 AB 4.213192494456271 1.143025636043481
60939.1213 lsst_hardware_u 0.5123790404710723 2.715677663103913 28.3700008392334 AB 4.261950176102213 1.1456855312106549
60942.0654 lsst_hardware_u 0.017926321462411063 2.7211221001021446 28.34000015258789 AB 3.546059522361527 1.1696732893989945
60942.0857 lsst_hardware_g 93.56374231117236 17.77069378484281 31.40999984741211 AB 4.226835388733155 1.1467269095857395
60944.0698 lsst_hardware_r 636.1997013672132 35.40664234516586 31.5 AB 3.4248869622742104 1.1560799872655563
60944.0883 lsst_hardware_i 741.9375335541456 42.604380849671536 31.239999771118164 AB 4.318525927762894 1.1429207166237647
60949.0653 lsst_hardware_z 605.703271319326 55.196204672027385 30.950000762939453 AB 6.600086612258217 1.1476083018966963
60949.0842 lsst_hardware_r 563.2178180979729 53.19342859535198 31.600000381469727 AB 7.252524632770087 1.1421898208992363
60951.0643 lsst_hardware_i 688.8042514099953 81.61333896823163 31.309999465942383 AB 3.3287329404515247 1.1448780534659453
60951.0822 lsst_hardware_z 490.23203594825617 73.67776884316294 30.969999313354492 AB 3.4093673897760253 1.1429324136024221
60954.0335 lsst_hardware_z 534.8035546565629 87.33976660269647 30.979999542236328 AB 3.9856164493991333 1.1682885679024282
60954.0528 lsst_hardware_r 273.4221055983809 124.67387604209068 31.6299991607666 AB 4.328560210211875 1.1468156784170291
60956.035 lsst_hardware_y 236.36418763174922 56.36208257947566 30.010000228881836 AB 5.326773317376187 1.1584978941661999
60956.0544 lsst_hardware_g -0.41307568906144954 92.5363341968017 31.690000534057617 AB 5.384845210813123 1.1432792379645695
60958.036 lsst_hardware_r 246.2392003475225 28.33423277182069 31.489999771118164 AB 2.7635882024879836 1.1514950843699931
60958.0546 lsst_hardware_i 438.5309219404462 37.27731930946736 31.239999771118164 AB 2.7712222170406413 1.142065615924435
60960.0318 lsst_hardware_z 408.98798383797913 47.3298691558316 30.940000534057617 AB 7.023505465928258 1.1503571314272332
60960.0494 lsst_hardware_r 164.12329327458744 27.783088396851195 31.489999771118164 AB 6.07948422388138 1.142044625650854
60962.036 lsst_hardware_u -2.4382683993296914 2.8262097176287675 28.350000381469727 AB 8.30873643203147 1.1440600939113899
60962.0522 lsst_hardware_r 175.1163834303871 27.46869445958667 31.489999771118164 AB 8.229191429822295 1.1429432541419855
60964.0349 lsst_hardware_i 239.57657776884696 35.854271478843756 31.239999771118164 AB 8.924205036763649 1.1426029388227663
60964.0518 lsst_hardware_z 433.5201070033606 46.66021706740606 30.940000534057617 AB 9.432943581261965 1.1450063015896141
60966.0344 lsst_hardware_r 156.71647590336087 26.797887181340283 31.479999542236328 AB 6.040323116031046 1.1419819352213976
60966.0531 lsst_hardware_u 2.6386333955050696 2.7922598552000237 28.31999969482422 AB 6.880596000744759 1.1495760749740631
60969.0046 lsst_hardware_y 98.2081819020185 53.808627034592014 30.020000457763672 AB 3.834820080639815 1.1528092832225507
60969.0225 lsst_hardware_g 34.10949919240025 16.075351925168547 31.43000030517578 AB 3.771249870885102 1.1423414390807054
60970.9985 lsst_hardware_z 309.8477663672832 64.84973973949177 30.969999313354492 AB 4.397546749397916 1.1534548850880093
60971.005 lsst_hardware_i 145.78997805648166 37.67735765922642 31.260000228881836 AB 4.477457175316562 1.1477716419678448
60973.0039 lsst_hardware_y 61.556386661458816 56.59179296529707 30.020000457763672 AB 4.1538500756893395 1.1450473423750493
60973.0219 lsst_hardware_r 73.88902118683453 26.71302246468567 31.5 AB 4.120413969890806 1.1428663008203048
60975.0045 lsst_hardware_y 171.41440952809702 57.82065145563915 30.020000457763672 AB 4.887289468794996 1.1426910144481828
60975.0219 lsst_hardware_r 21.67988506437937 28.154258604798603 31.510000228881836 AB 4.917724042584435 1.1450770046377916
60977.0056 lsst_hardware_y 99.44784111699164 59.700845497654704 30.030000686645508 AB 3.547426651518334 1.1419980635855331
60977.023 lsst_hardware_z 141.0352463075912 48.765673681655656 30.950000762939453 AB 3.6520334438528956 1.1495226452166734
61186.4061 lsst_hardware_g 10.957192669133157 16.170000076293945 31.450000762939453 AB 6.4643143929581 1.1563379153821658
61186.4273 lsst_hardware_y 33.70526625174185 51.369998931884766 30.020000457763672 AB 5.732288744161188 1.142345305731604
61188.4077 lsst_hardware_i -0.8197460669534905 33.099998474121094 31.25 AB 10.767851936804902 1.1493882159905606
61188.4281 lsst_hardware_y -61.4103602112847 51.41999816894531 30.020000457763672 AB 10.022983261208516 1.1421010068701483
61195.3602 lsst_hardware_z -84.93307985782795 64.83999633789062 30.959999084472656 AB 14.361455258332555 1.1921682860858278
61195.3729 lsst_hardware_y -63.95570897907111 55.65999984741211 30.010000228881836 AB 14.013338095790127 1.1680701921972265
61197.4005 lsst_hardware_r 4.053860421262708 79.48999786376953 31.6299991607666 AB 5.040246338786905 1.1420066475103443
61197.425 lsst_hardware_i 3.000883534824398 69.16000366210938 31.309999465942383 AB 4.387827916024736 1.1546915568486147
61218.2841 lsst_hardware_i 1.2516513028436975 54.63999938964844 31.280000686645508 AB 8.800916517982323 1.2270076007968662
61218.3076 lsst_hardware_z 53.116887426462604 53.91999816894531 30.950000762939453 AB 7.989582689945158 1.1721805589708272
61219.3558 lsst_hardware_r -134.21595046942554 76.62000274658203 31.6200008392334 AB 5.835102721704115 1.1467798794682442
61219.3777 lsst_hardware_z 7.377387787667373 59.040000915527344 30.959999084472656 AB 6.085772259930282 1.1724263853836812
61224.3354 lsst_hardware_z 4.123918971705526 82.13999938964844 30.979999542236328 AB 7.490881931705078 1.143384252721526
61224.3551 lsst_hardware_i -55.476666622412495 93.08000183105469 31.309999465942383 AB 7.598384696610745 1.1591738667598117
61232.2988 lsst_hardware_g 4.480394175416408 14.890000343322754 31.40999984741211 AB 9.748232234384053 1.1430853933377172
61232.3172 lsst_hardware_r 15.461341138367084 24.209999084472656 31.489999771118164 AB 9.744233146390203 1.1449660003983761
61236.2954 lsst_hardware_r 15.862355994749304 24.18000030517578 31.489999771118164 AB 5.389404228510316 1.1420245583987958
61236.3143 lsst_hardware_g 2.49527186797044 14.979999542236328 31.40999984741211 AB 5.4340465916575225 1.1505700767514826
61239.2909 lsst_hardware_r -32.83209529386226 24.139999389648438 31.479999542236328 AB 2.144816009207926 1.1424294070085903
61239.3121 lsst_hardware_i 49.105110160963356 32.27000045776367 31.229999542236328 AB 2.082057872565674 1.1566988180920412
61243.2579 lsst_hardware_i -12.958117160835997 32.189998626708984 31.239999771118164 AB 5.6493147341327346 1.1491300269449911
61243.2786 lsst_hardware_z -15.423304338417328 43.06999969482422 30.940000534057617 AB 5.59844248571636 1.1422090522909416
61245.2482 lsst_hardware_r 13.119998029777332 45.22999954223633 31.59000015258789 AB 7.199048255844698 1.1529545573101694
61245.2684 lsst_hardware_z 17.462710665777088 47.459999084472656 30.950000762939453 AB 6.7633935646312695 1.142095362925506
61247.2482 lsst_hardware_y -32.54025819354691 51.61000061035156 30.010000228881836 AB 11.59437767102782 1.1481855487252741
61247.2688 lsst_hardware_r -3.511516861809504 64.41000366210938 31.610000610351562 AB 12.141272449089556 1.1423854393196797
61250.2507 lsst_hardware_i -59.20252429623178 104.66000366210938 31.31999969482422 AB 4.784505192154012 1.142795826151436
61250.271 lsst_hardware_z 14.231138907783926 88.72000122070312 30.979999542236328 AB 4.802909870841531 1.1466897148959128
61252.2491 lsst_hardware_r 136.9711864043835 150.14999389648438 31.6299991607666 AB 3.654767724519755 1.1421149139124234
61252.2696 lsst_hardware_z 41.64208187366158 101.94000244140625 30.989999771118164 AB 4.1244689555672895 1.1497044639087428
61257.2414 lsst_hardware_z -70.57305473706907 46.75 30.950000762939453 AB 1.1143838503255488 1.1423719634295733
61257.2613 lsst_hardware_i -16.045878731723814 40.150001525878906 31.270000457763672 AB 0.34953298310283776 1.154844657828759
61259.2059 lsst_hardware_r 9.432868028511306 24.510000228881836 31.489999771118164 AB 3.2661753110835585 1.1574315250569265
61259.224 lsst_hardware_u 0.9649560252613285 2.7200000286102295 28.3700008392334 AB 3.6188621515398784 1.1434605776628937
61262.2178 lsst_hardware_g 9.030937141684536 15.350000381469727 31.43000030517578 AB 5.097911734627983 1.1428373557424163
61262.2375 lsst_hardware_r 9.461004219873132 24.65999984741211 31.5 AB 5.387276042786777 1.1462289452737822
61265.2021 lsst_hardware_i -50.47785625773789 32.540000915527344 31.25 AB 3.4080166053258596 1.14612968062077
61265.2213 lsst_hardware_z -13.05405803304362 43.310001373291016 30.940000534057617 AB 4.011054097264122 1.1427504550610035
61267.2 lsst_hardware_r 29.214899278013647 24.760000228881836 31.5 AB 4.0051983164521925 1.144342376129198
61267.2226 lsst_hardware_g -6.008642837817332 15.470000267028809 31.43000030517578 AB 4.968403138920089 1.1454971884998668
61269.2006 lsst_hardware_r 13.674060742124286 24.799999237060547 31.5 AB 5.054863450744888 1.1424065655110203
