data/validation/pwv_sim_epoch_fit_4/21794397.ecsv
# %ECSV 0.9
# ---
# datatype:
# - {name: time, datatype: float64}
# - {name: band, datatype: string}
# - {name: flux, datatype: float64}
# - {name: fluxerr, datatype: float64}
# - {name: zp, datatype: float64}
# - {name: zpsys, datatype: string}
# - {name: pwv, datatype: float64}
# - {name: airmass, datatype: float64}
# meta: {SNID: '21794397', alt: 1024.0, c: -0.028711650520563126, dec: -12.48276, lat: -30.244573, lon: -70.7499537, ra: 234.140625, t0: 62250.76953125,
#   x0: 1.4649627623051124e-05, x1: -1.362743854522705, z: 0.3918834924697876}
# schema: astropy-2.0
time band flux fluxerr zp zpsys pwv airmass
[from data line 132]
62607.266 lsst_hardware_z 0.4773392097484056 59.38999938964844 30.989999771118164 AB 17.40075401777752 1.0531656556445328
62609.2764 lsst_hardware_y 3.130536246632817 94.05999755859375 30.81999969482422 AB 13.412846774612913 1.0495185269650167
62619.2512 lsst_hardware_i -17.077452473072313 31.5 31.25 AB 2.9186057190418833 1.0497323051343543
62619.2687 lsst_hardware_z -2.3355385826768673 41.72999954223633 30.940000534057617 AB 2.9426974280708142 1.0578900280662005
62621.2526 lsst_hardware_r 18.312967277198236 24.56999969482422 31.520000457763672 AB 11.121374794990745 1.0515672083009402
62621.2695 lsst_hardware_u 0.7717714607135997 2.8499999046325684 28.489999771118164 AB 11.263127541683497 1.0636295210605373
62624.2243 lsst_hardware_u 3.2040186987400663 2.9700000286102295 28.579999923706055 AB 12.47069813992895 1.0511082072257705
62624.2436 lsst_hardware_g 8.993046343664519 15.649999618530273 31.479999542236328 AB 12.415032962888137 1.0512602356449352
62626.2255 lsst_hardware_r 39.15286885999264 24.59000015258789 31.520000457763672 AB 9.579762753071586 1.0496069631940181
62626.2434 lsst_hardware_i -12.584755377584449 31.829999923706055 31.260000228881836 AB 9.68099092603044 1.0536941834376272
62628.2254 lsst_hardware_z -71.17643493467308 42.119998931884766 30.959999084472656 AB 7.154516401967815 1.0495879706547078
62628.2436 lsst_hardware_r -12.194390179303529 24.6299991607666 31.520000457763672 AB 7.193391373950394 1.0574758540151752
62632.2241 lsst_hardware_r 22.504063007778143 34.93000030517578 32.27000045776367 AB 7.899864261103183 1.0522162533935466
62632.2432 lsst_hardware_z 47.155607469222446 60.029998779296875 31.700000762939453 AB 8.02296509073635 1.0677829409613098
62635.1719 lsst_hardware_y 39.22892755721785 51.56999969482422 30.040000915527344 AB 6.309137305462292 1.0683795391954658
62635.1907 lsst_hardware_r -119.42259529881355 67.33000183105469 31.639999389648438 AB 6.225362426874631 1.0525890368384092
62638.1722 lsst_hardware_r 109.95076720142752 173.1999969482422 31.65999984741211 AB 7.2131326551368 1.0595602000396969
62638.1936 lsst_hardware_i 56.835981047480004 138.6199951171875 31.34000015258789 AB 7.141895469005382 1.0495327540236827
62640.0781 lsst_hardware_z -269.7243624215067 85.26000213623047 30.959999084472656 AB 10.839853856830338 1.3303426771049116
62643.1554 lsst_hardware_z 59.843474686786564 65.94999694824219 31.709999084472656 AB 5.259907430981656 1.062500238558089
62643.1765 lsst_hardware_r -30.947889510694864 44.11000061035156 31.6200008392334 AB 5.547212419587068 1.0499952526940521
62645.1498 lsst_hardware_i 43.40657100937925 31.850000381469727 31.25 AB 8.014779430917475 1.0626392492487924
62645.1691 lsst_hardware_z -18.218016870479016 42.150001525878906 30.950000762939453 AB 8.28278523184262 1.050448348997148
62651.1449 lsst_hardware_g -4.2616648154954255 15.619999885559082 31.479999542236328 AB 12.691019835704516 1.0536921790915286
62651.171 lsst_hardware_r -3.1052207492415045 24.549999237060547 31.520000457763672 AB 13.040986794409836 1.051692483420148
62656.1142 lsst_hardware_z 34.756753997709154 41.900001525878906 30.940000534057617 AB 12.31691508605095 1.0688210016387154
62656.1358 lsst_hardware_r -43.022412284191816 24.25 31.510000228881836 AB 11.282623502475516 1.051527156035801
62658.1276 lsst_hardware_u -1.7814469892238396 2.680000066757202 28.3700008392334 AB 5.955334883117731 1.052737295937375
62658.1499 lsst_hardware_r 11.339741203861708 24.239999771118164 31.510000228881836 AB 5.921365647121778 1.0509589824948802
62677.0793 lsst_hardware_z -30.988708563300055 41.86000061035156 30.950000762939453 AB 4.987220628800728 1.0512137068663598
62677.1009 lsst_hardware_r 35.30669627103382 23.959999084472656 31.5 AB 5.417025700610399 1.052070960029284
62679.0691 lsst_hardware_u -1.9592964125487144 2.680000066757202 28.3700008392334 AB 7.931621771944963 1.053336224693915
62679.0884 lsst_hardware_g 4.54636505054416 15.039999961853027 31.440000534057617 AB 8.189209388304306 1.0498986395261931
62681.0735 lsst_hardware_r 8.5556235026288 23.979999542236328 31.5 AB 3.6482597834039083 1.0498589304760386
62681.0967 lsst_hardware_i 13.99566525927549 31.3700008392334 31.25 AB 4.170343922133019 1.0558723745800538
62683.0505 lsst_hardware_i 36.102025367546034 31.399999618530273 31.239999771118164 AB 8.497135260166388 1.0585692363481236
62683.0715 lsst_hardware_z 28.09042889365126 41.66999816894531 30.940000534057617 AB 8.472550245287346 1.04949216465841
62687.0518 lsst_hardware_r 5.953553291312517 24.299999237060547 31.510000228881836 AB 4.447812043022649 1.0512850997887158
62687.0731 lsst_hardware_u 1.7190391469287516 2.819999933242798 28.489999771118164 AB 4.467769365046735 1.0518585909468732
62696.0112 lsst_hardware_r -82.67550565899414 103.02999877929688 31.649999618530273 AB 7.429117229500231 1.061997817070734
62696.0333 lsst_hardware_z -15.936410558768642 71.19999694824219 30.989999771118164 AB 7.269025074561254 1.0497418724921481
62698.009 lsst_hardware_r -28.076888735876103 74.86000061035156 31.649999618530273 AB 4.640381147309459 1.0590246242504613
62698.028 lsst_hardware_y -99.28701018268671 52.27000045776367 30.049999237060547 AB 4.612379906792381 1.0497194773362524
62709.9745 lsst_hardware_y -22.160802345451224 48.7599983215332 30.040000915527344 AB 4.37231323640621 1.0605546336690355
62709.9936 lsst_hardware_z -57.54668505867817 42.040000915527344 30.950000762939453 AB 4.307503818964948 1.0499917899526574
62711.9752 lsst_hardware_y -9.625676174873055 48.11000061035156 30.040000915527344 AB 5.586201845668756 1.0556435669993605
62711.9937 lsst_hardware_u -0.6102031670831328 2.740000009536743 28.389999389648438 AB 5.540770526219175 1.0494711753552222
62716.9668 lsst_hardware_z -40.67432511426977 56.34000015258789 30.969999313354492 AB 10.022549502115334 1.052595321460376
62716.9854 lsst_hardware_r -5.2668538987798765 26.239999771118164 31.530000686645508 AB 9.726765888743557 1.050047595898835
