data/validation/pwv_sim_epoch_fit_4/21814101.ecsv
# %ECSV 0.9
# ---
# datatype:
# - {name: time, datatype: float64}
# - {name: band, datatype: string}
# - {name: flux, datatype: float64}
# - {name: fluxerr, datatype: float64}
# - {name: zp, datatype: float64}
# - {name: zpsys, datatype: string}
# - {name: pwv, datatype: float64}
# - {name: airmass, datatype: float64}
# meta: {SNID: '21814101', alt: 1024.0, c: 0.0032826121896505356, dec: -1.64151, lat: -30.244573, lon: -70.7499537, ra: 310.78125, t0: 60842.265625,
#   x0: 5.456932208212884e-06, x1: 0.08957535028457642, z: 0.5918054580688477}
# schema: astropy-2.0
time band flux fluxerr zp zpsys pwv airmass
60805.4072 lsst_hardware_r -49.62202424222665 24.829999923706055 31.510000228881836 AB 8.960686384459821 1.1479719500097991
60805.4266 lsst_hardware_y -40.46321572937879 58.900001525878906 30.030000686645508 AB 8.66386807706741 1.1399826417193961
60807.4008 lsst_hardware_z 41.633488797718414 58.88999938964844 30.969999313354492 AB 12.074682339665223 1.1487936008053872
60807.4208 lsst_hardware_y 44.059390010516786 54.56999969482422 30.030000686645508 AB 11.410995884088246 1.1399786094428725
60809.4042 lsst_hardware_z 60.381548061913506 61.36000061035156 30.969999313354492 AB 9.311578595727358 1.1426651853880672
60809.4264 lsst_hardware_y -54.0044314613772 58.970001220703125 30.030000686645508 AB 8.883316120173127 1.1427936689759597
60811.3947 lsst_hardware_r 104.84443966287829 79.55278662260714 31.6299991607666 AB 5.241126221184687 1.1450173801015193
60811.417 lsst_hardware_y -82.93355830140854 54.834692528006144 30.030000686645508 AB 4.274804052542065 1.1411649900005514
60813.4115 lsst_hardware_z 214.84825767252119 89.85059676946646 31.729999542236328 AB 9.061516202344297 1.1411530772828258
60816.3709 lsst_hardware_r 42.60751844169176 34.70466280283536 31.56999969482422 AB 8.128656277758337 1.1542287934338966
60816.4012 lsst_hardware_g -64.91366438378985 40.15460933417739 32.36000061035156 AB 8.07467436837605 1.1405712788157425
60816.43 lsst_hardware_y 26.58794734511473 58.29248372736549 30.020000457763672 AB 7.461671541236691 1.1661291218852923
60822.3641 lsst_hardware_r 432.0789427182044 31.521395228514578 31.5 AB 4.189159686111794 1.145413694707798
60822.3841 lsst_hardware_i 366.447381318708 37.41457421756433 31.25 AB 5.678728796295722 1.1404214873573095
60825.3683 lsst_hardware_z 539.2166958451395 47.74256155041986 30.950000762939453 AB 13.946344602464036 1.1402145802417478
60825.3888 lsst_hardware_i 616.3042976800883 40.34598856107471 31.25 AB 14.804221953683207 1.1466955632710134
60827.3666 lsst_hardware_u 8.962329923655446 3.7477238318971415 28.329999923706055 AB 7.628664655643693 1.1399962126438323
60827.3869 lsst_hardware_g 238.42471088723468 21.586495816669263 31.40999984741211 AB 7.139248415601646 1.1497608571400737
60831.3254 lsst_hardware_g 403.2655739382913 25.08494059137638 31.399999618530273 AB 7.366167654048212 1.1599350687423087
60831.3453 lsst_hardware_r 1463.081691087114 44.31022553625394 31.489999771118164 AB 5.905323308418005 1.1421368313484166
60841.2926 lsst_hardware_i 1614.7042593176532 90.2884422319008 31.309999465942383 AB 13.667622231351219 1.168172840286429
60843.2541 lsst_hardware_z 1201.7753870562642 65.73759726758315 30.950000762939453 AB 5.4994963631066485 1.2522097141907287
60845.3062 lsst_hardware_z 1182.3220349044568 56.56150770798702 30.950000762939453 AB 3.4719135312229956 1.1425466166097304
60845.3257 lsst_hardware_r 1987.564063473976 53.56722623119697 31.559999465942383 AB 3.4936964140213727 1.1417308542553506
60853.2509 lsst_hardware_g 170.36537370072713 19.520023271173848 31.389999389648438 AB 8.428471969141766 1.184828073071835
60853.2726 lsst_hardware_r 1201.1856994235436 42.60295898461069 31.479999542236328 AB 8.203517970191397 1.1513170803974038
60859.2514 lsst_hardware_r 858.5039059898905 38.29180059410359 31.489999771118164 AB 7.426429655805474 1.1567647438949336
60859.2717 lsst_hardware_i 942.0249509877 44.43586961416 31.239999771118164 AB 7.33205324109238 1.141086801197137
60862.2493 lsst_hardware_z 753.8256652145175 57.10572413582178 30.950000762939453 AB 5.0232975584900394 1.150066217077153
60862.2723 lsst_hardware_r 735.455658290934 56.03274439822929 31.600000381469727 AB 5.108327102810446 1.1400819303995937
60864.2506 lsst_hardware_z 796.1233913762636 64.01166333797555 30.969999313354492 AB 1.859772088702728 1.144651231698863
60864.2721 lsst_hardware_r 649.8174619493876 78.06842799031166 31.6299991607666 AB 1.8413062733090952 1.1411287135107753
60869.2394 lsst_hardware_r 794.7969064155154 170.88718847247355 32.38999938964844 AB 7.836291894384137 1.1432053921003895
60869.2602 lsst_hardware_z 1291.270298863572 124.40088626588819 31.729999542236328 AB 7.099234180867577 1.141753694620459
60871.2382 lsst_hardware_y 472.43134851999037 77.92821282866375 30.770000457763672 AB 6.543647922049583 1.1413339398923692
60871.2603 lsst_hardware_r 785.8916112158927 102.97228181829178 32.369998931884766 AB 6.088658610551801 1.1446460705083321
60876.2069 lsst_hardware_r 284.00399095137874 29.11848699102769 31.489999771118164 AB 4.012967525391974 1.1544785746236979
60876.2281 lsst_hardware_i 383.8101461672912 37.74270536272042 31.239999771118164 AB 3.362082816055771 1.14039781199246
60878.2131 lsst_hardware_z 616.4705453380897 48.53610228296915 30.940000534057617 AB 5.750473381577209 1.1442020358309128
60878.2338 lsst_hardware_r 247.44006670480775 28.52224572141193 31.489999771118164 AB 5.785434917550685 1.1411114235800168
60880.2034 lsst_hardware_u 2.4030637150531433 2.870284895825961 28.389999389648438 AB 6.335582125256365 1.147213494636815
60880.2234 lsst_hardware_r 232.42547613635867 28.282860100608158 31.5 AB 7.081236228038863 1.1401120959651159
60882.2038 lsst_hardware_i 222.2725165813291 36.426120949180955 31.25 AB 12.384265565917396 1.1432685077930942
60882.2251 lsst_hardware_z 539.0443996360308 47.944401641632005 30.940000534057617 AB 11.56306709964854 1.1419185364061368
60885.2028 lsst_hardware_r 146.97609269018332 27.419352449534724 31.5 AB 4.7319426347715785 1.1405477768300114
60885.2242 lsst_hardware_u 0.9118291001996731 3.0454347103918766 28.3799991607666 AB 4.758336569177449 1.1461268332021155
60887.2052 lsst_hardware_g 19.465474426659622 15.699697969506696 31.40999984741211 AB 4.189442347459667 1.1402170095828172
60887.2265 lsst_hardware_r 222.1701219674919 27.09431814828179 31.479999542236328 AB 3.690502240195393 1.1532819500610603
60889.168 lsst_hardware_r 222.23386652249107 36.44640392299108 31.559999465942383 AB 2.1768857612988586 1.1586883626339317
60889.1864 lsst_hardware_i 220.39895378983655 39.66114283339302 31.260000228881836 AB 2.0769052651929525 1.1424121370698308
60895.1724 lsst_hardware_i 202.63783709990614 121.45636883582468 31.329999923706055 AB 3.7548601756542315 1.1414394454173724
60895.1924 lsst_hardware_z 311.5431060997199 97.96492502961696 30.989999771118164 AB 3.761203097347025 1.1432517836865899
60898.1721 lsst_hardware_r 50.44360501825642 108.73167758867139 31.6299991607666 AB 8.441773327809901 1.1400227318979372
60898.1928 lsst_hardware_z 419.1034075521459 77.62836207726993 30.979999542236328 AB 8.407771239502111 1.1495579759365744
60900.1703 lsst_hardware_g 115.70940716686181 83.14101765667301 32.43000030517578 AB 3.4842123064960924 1.1403083968243497
60900.1895 lsst_hardware_r 211.36917434218464 85.5971956342882 32.369998931884766 AB 3.50340929788778 1.1516795851044643
60907.1128 lsst_hardware_u 7.303977519160299 4.097713318112218 29.1299991607666 AB 2.4518683378088357 1.1675563513375409
60907.1332 lsst_hardware_r 189.25971102659457 36.486428870283135 32.22999954223633 AB 2.110763655432135 1.1446657567419387
60909.1748 lsst_hardware_i 91.02798079774182 34.22848220197764 31.239999771118164 AB 2.885844233293352 1.1641945404262832
60909.1912 lsst_hardware_z 190.0494993734913 45.995752342212775 30.940000534057617 AB 2.966285068588999 1.1958014184522454
60911.138 lsst_hardware_r 99.21355588563722 25.715499125989584 31.489999771118164 AB 3.101261310617914 1.140064814122935
60911.1551 lsst_hardware_u -4.038513898030491 2.7450915836326155 28.3700008392334 AB 3.161695653459048 1.1476209268453894
60913.1182 lsst_hardware_g 30.132043179906358 15.18733590487751 31.40999984741211 AB 2.157619183203097 1.1438164957783437
60913.1345 lsst_hardware_r 101.51220768687224 25.62821811928355 31.489999771118164 AB 2.455371721605028 1.140265505389332
60931.0593 lsst_hardware_g 1.0148683261778828 14.59000015258789 31.399999618530273 AB 2.827098084866611 1.1516847275146596
60931.0785 lsst_hardware_r -8.448927220395037 23.770000457763672 31.479999542236328 AB 2.8125873001785546 1.1403151429874538
60935.0536 lsst_hardware_r 14.993817190226366 23.75 31.479999542236328 AB 0.24075978860261554 1.1469303148993197
60935.0716 lsst_hardware_u -3.326359400756096 2.6600000858306885 28.350000381469727 AB 0.28253874954954344 1.1400353041676266
60937.0626 lsst_hardware_g 19.13448758454467 14.65999984741211 31.420000076293945 AB 6.282745181050721 1.140244134491964
60937.0814 lsst_hardware_i 3.486159890408216 31.940000534057617 31.239999771118164 AB 6.260419761973961 1.1455479893823521
60939.0293 lsst_hardware_r -22.90641483653652 23.899999618530273 31.489999771118164 AB 4.530557328057375 1.1616813661685577
60939.0489 lsst_hardware_z 2.4358655970308005 42.7400016784668 30.940000534057617 AB 4.488540214965294 1.1428976952041696
60942.0305 lsst_hardware_r -2.7078526664842744 23.84000015258789 31.479999542236328 AB 3.237546176656926 1.1504457838283422
60942.0485 lsst_hardware_u 1.6689305463106552 2.680000066757202 28.3700008392334 AB 3.449438335233164 1.1403101934655089
60944.0295 lsst_hardware_g 30.08553292302042 15.399999618530273 31.43000030517578 AB 3.713709563127028 1.1465605319932688
60944.0499 lsst_hardware_r -27.196990022686645 24.280000686645508 31.5 AB 3.3458566070562714 1.1402765977868
60949.0299 lsst_hardware_r 8.346881198841995 52.63999938964844 31.600000381469727 AB 6.943941173573411 1.1402358281158875
60949.0482 lsst_hardware_z 73.38999048376378 51.66999816894531 30.950000762939453 AB 6.559976600926199 1.1452473116142108
60951.028 lsst_hardware_z 89.9287436303605 69.83000183105469 30.979999542236328 AB 2.214618581144463 1.1400378779856568
60951.0462 lsst_hardware_i -170.92507069770048 78.31999969482422 31.309999465942383 AB 3.3076569103352327 1.1478941212338132
60953.9965 lsst_hardware_y -55.95490513706885 60.06999969482422 30.020000457763672 AB 3.842591195550164 1.1516832595684592
60954.0152 lsst_hardware_z 49.55254121922242 70.51000213623047 30.979999542236328 AB 3.887912250225949 1.1404010413510153
60956.006 lsst_hardware_y 120.88500012895062 76.76000213623047 30.770000457763672 AB 5.2087440068670805 1.1413923538658324
60957.9955 lsst_hardware_z 144.68085093196916 50.2400016784668 30.950000762939453 AB 3.5791789374591776 1.1437208012540812
60958.0141 lsst_hardware_r -49.65777330667216 23.959999084472656 31.479999542236328 AB 2.737842458362894 1.1407676909845392
60959.9953 lsst_hardware_y 15.094389212130634 58.75 30.030000686645508 AB 6.201058138412411 1.1413165487346268
60960.0137 lsst_hardware_z -42.669482243744824 42.91999816894531 30.940000534057617 AB 6.946675054434019 1.1426392062561097
60961.9964 lsst_hardware_y 31.94359044667371 59.720001220703125 30.030000686645508 AB 7.984947950224644 1.1400553898092258
60962.0168 lsst_hardware_u -8.120933030661707 2.740000009536743 28.3700008392334 AB 8.35347192276738 1.1484408898803753
60963.9979 lsst_hardware_y 42.897664799668405 58.470001220703125 30.030000686645508 AB 8.06062280823458 1.1408156071474143
60964.0172 lsst_hardware_i 3.915582468688705 32.27000045776367 31.239999771118164 AB 9.008053976380834 1.1543607325406338
61171.4174 lsst_hardware_i -34.24257864984531 36.63999938964844 31.260000228881836 AB 7.667786813584778 1.1410114055085283
61176.3931 lsst_hardware_r -0.12435298566085835 24.110000610351562 31.469999313354492 AB 5.06014172993328 1.146731015999276
61176.4158 lsst_hardware_y 31.120439738810237 48.59000015258789 30.010000228881836 AB 5.205275103741012 1.1406738722588048
61179.4128 lsst_hardware_z 0.09077353630181376 61.13999938964844 31.690000534057617 AB 10.878287678693733 1.142527260464073
61179.4314 lsst_hardware_y 96.68368191231013 63.0 30.020000457763672 AB 10.2548547374097 1.1592646097003956
61181.3405 lsst_hardware_g 27.344048632578378 15.149999618530273 31.40999984741211 AB 8.51516157878793 1.2143410137790884
61181.3572 lsst_hardware_r -32.100922907121095 24.469999313354492 31.489999771118164 AB 8.237213151676434 1.1757929036032404
61186.3645 lsst_hardware_r 4.139682417901838 34.38999938964844 32.25 AB 6.623876269834236 1.147786565557799
61186.3854 lsst_hardware_g -19.48490450937545 21.260000228881836 32.18000030517578 AB 6.306540088501494 1.140148262354133
61195.3271 lsst_hardware_z -25.944603270300075 107.1500015258789 31.729999542236328 AB 13.991615510965202 1.1624080844883546
61218.2474 lsst_hardware_r 77.45847182756889 70.37999725341797 31.610000610351562 AB 8.667599014781741 1.194158302840194
61218.2658 lsst_hardware_i -27.81549467519597 57.7400016784668 31.299999237060547 AB 8.332995626557079 1.1603150094997092
61221.3027 lsst_hardware_z -9.061184334849349 82.20999908447266 30.979999542236328 AB 4.039916930916764 1.1451823204356215
61221.322 lsst_hardware_r 113.21765954038887 123.3499984741211 31.6299991607666 AB 4.1662124622758165 1.1670062919540103
61224.2641 lsst_hardware_z -133.0596866260203 78.72000122070312 30.979999542236328 AB 7.419565769288663 1.1452598239235414
61224.2829 lsst_hardware_i -40.48992769340065 90.44999694824219 31.31999969482422 AB 7.35684841060654 1.140331459444554
61226.2634 lsst_hardware_z 2.661187237852955 57.77000045776367 30.969999313354492 AB 4.579098776326293 1.1425134695064347
61226.2824 lsst_hardware_r -27.961997294231786 68.16999816894531 31.6200008392334 AB 4.515758550237548 1.1416644391204913
61232.2569 lsst_hardware_u 2.4148359409917393 2.680000066757202 28.360000610351562 AB 9.911723469737293 1.1400648113339422
61232.277 lsst_hardware_g 10.402052707143165 14.720000267028809 31.40999984741211 AB 9.96531851415086 1.148563354045587
61234.2591 lsst_hardware_r -8.108059547065983 24.0 31.489999771118164 AB 7.090807604878219 1.1411631787261767
61234.2776 lsst_hardware_i -31.115507498669164 32.15999984741211 31.239999771118164 AB 7.203307911262877 1.1547463788494512
61236.259 lsst_hardware_z -18.50791211770937 42.83000183105469 30.940000534057617 AB 6.112260287892897 1.1434938099982035
61236.278 lsst_hardware_r 22.087104598080877 24.170000076293945 31.489999771118164 AB 6.255657008795936 1.1623834271000948
61239.2156 lsst_hardware_r 21.088395003307404 24.09000015258789 31.479999542236328 AB 2.252238347652116 1.151745511455953
61239.2362 lsst_hardware_u -3.6287671641377393 2.700000047683716 28.3700008392334 AB 2.2638036280168343 1.1401680322421728
61243.2176 lsst_hardware_g 0.6689877916388499 22.459999084472656 31.549999237060547 AB 5.762609477868334 1.1422417200928312
61243.2385 lsst_hardware_i -16.909238341315827 32.849998474121094 31.239999771118164 AB 5.787554506678581 1.142769178927551
61245.2105 lsst_hardware_z 7.1850814878583025 48.58000183105469 30.950000762939453 AB 7.17478469079612 1.143027670988708
61245.2299 lsst_hardware_r -20.830983600699927 47.5099983215332 31.600000381469727 AB 7.145066796247763 1.1414452520764304
61247.2127 lsst_hardware_y -21.542853415709736 75.26000213623047 30.760000228881836 AB 11.469819011834591 1.1403961136271794
61250.2065 lsst_hardware_r -30.904614290761838 220.97999572753906 32.38999938964844 AB 4.749264732829843 1.1401427758564022
61250.2292 lsst_hardware_i 167.53231098329678 168.22999572753906 32.06999969482422 AB 4.770502649965039 1.1497957700566495
61252.1762 lsst_hardware_i -110.78103427383824 108.12999725341797 31.31999969482422 AB 4.2080888371298 1.1561477676021155
61252.196 lsst_hardware_z -86.66433900229579 90.51000213623047 30.979999542236328 AB 4.182813883933001 1.1411305098711353
61254.1779 lsst_hardware_r -6.3015580557604185 77.51000213623047 31.6299991607666 AB 2.127846396185628 1.1486350316791516
61254.1977 lsst_hardware_z -45.72675043776752 60.90999984741211 30.969999313354492 AB 2.1356304995067625 1.1400669955994995
61259.1661 lsst_hardware_z 1.2271878147673685 43.09000015258789 30.940000534057617 AB 2.9889155854230696 1.1470828650721772
61259.1857 lsst_hardware_r -13.973695452736836 24.25 31.489999771118164 AB 3.208376673099261 1.1401480714638454
61262.1752 lsst_hardware_u -4.321580102348577 2.700000047683716 28.360000610351562 AB 4.711921172045169 1.1400728700810958
61262.1947 lsst_hardware_g -4.484324074136472 14.9399995803833 31.40999984741211 AB 4.720783527758725 1.1482366290964956
61267.1229 lsst_hardware_i -80.3755967043128 45.68000030517578 31.989999771118164 AB 4.2498676228516565 1.1749161745892245
61267.1444 lsst_hardware_z -1.321371042283339 61.0 31.690000534057617 AB 3.879059167553249 1.1469719596550114
61269.1304 lsst_hardware_r -26.521804876844016 24.43000030517578 31.5 AB 4.890473049155031 1.1554118087466603
61269.1506 lsst_hardware_u 0.5379406905152003 2.8299999237060547 28.469999313354492 AB 4.792692790753918 1.1408457012030275
61273.1342 lsst_hardware_g 12.443284934703694 36.79999923706055 31.649999618530273 AB 2.000562150713395 1.1429606650428843
61273.1534 lsst_hardware_i 49.82610876188397 39.75 31.270000457763672 AB 2.003032855772885 1.1414376611870765
61277.1369 lsst_hardware_y 125.0607345965881 84.94000244140625 30.780000686645508 AB 4.011933840278129 1.1401858204655537
61279.1127 lsst_hardware_r 93.386048083109 148.7100067138672 31.639999389648438 AB 1.63299123982121 1.1461598454612067
61279.1304 lsst_hardware_i -161.88499363566729 118.83000183105469 31.329999923706055 AB 2.261020412722527 1.1401060993642458
61285.0896 lsst_hardware_i -33.0519913916169 31.920000076293945 31.239999771118164 AB 3.355438876232248 1.152180917239979
61285.1078 lsst_hardware_z 28.693989961724153 42.88999938964844 30.940000534057617 AB 3.3373995410135744 1.1406338324787928
61287.095 lsst_hardware_r -9.000719462530613 23.809999465942383 31.479999542236328 AB 1.033706589469338 1.143480740563427
61287.1131 lsst_hardware_u -2.3332489263517093 2.5999999046325684 28.290000915527344 AB 1.1114366543198488 1.1408125782087235
61300.0553 lsst_hardware_r -4.331594901602865 26.860000610351562 31.520000457763672 AB 0.44253174573153403 1.146207845622371
61300.0737 lsst_hardware_z 6.52604523444503 43.380001068115234 30.950000762939453 AB 0.3803361056427843 1.140153202024357
61304.038 lsst_hardware_z -0.059465929700266686 82.13999938964844 31.719999313354492 AB 4.49237808722216 1.1518918172364512
61306.0317 lsst_hardware_r -154.52670556306344 102.2300033569336 31.6299991607666 AB 1.729170353575837 1.1527802357172245
61306.0516 lsst_hardware_i -43.44056413449259 86.25 31.31999969482422 AB 1.5802298588438208 1.140411252473289
61312.0259 lsst_hardware_r 4.112401786363745 23.829999923706055 31.479999542236328 AB 3.914160723680163 1.1439618277152868
61312.0451 lsst_hardware_z 35.867286760704054 42.84000015258789 30.940000534057617 AB 3.8569483799755084 1.1408839617360362
61314.0284 lsst_hardware_r -43.91090356130318 23.979999542236328 31.5 AB 6.93242653664121 1.1406863996447656
61314.0477 lsst_hardware_u -4.881802951469722 2.7200000286102295 28.389999389648438 AB 6.5440942521864 1.1445059466906748
61316.0281 lsst_hardware_g 19.579866937495655 14.819999694824219 31.43000030517578 AB 2.3583473830324784 1.1400784996329913
61316.0455 lsst_hardware_r 25.064471254162832 24.040000915527344 31.5 AB 3.396268939381159 1.146807002998872
61317.997 lsst_hardware_y 58.377908382577004 50.59000015258789 30.010000228881836 AB 3.676606122079527 1.1549548027473078
61318.015 lsst_hardware_i 17.650900911752483 31.90999984741211 31.239999771118164 AB 3.0852079130526446 1.1414013736782427
61321.9992 lsst_hardware_y -146.23323724429105 50.93000030517578 30.020000457763672 AB 5.201531417759685 1.1436126239119866
61322.0183 lsst_hardware_g -7.893436518367242 14.9399995803833 31.43000030517578 AB 4.537288536104631 1.1410256597771715
61326.9968 lsst_hardware_y -68.080716437121 55.630001068115234 30.030000686645508 AB 8.08846707495035 1.1401172858868382
61327.0149 lsst_hardware_u 2.4572832804998135 2.950000047683716 28.489999771118164 AB 8.315512229822101 1.1463742519141273
61328.9988 lsst_hardware_z 37.65757233758697 50.220001220703125 30.959999084472656 AB 8.079213349034825 1.1409169670073323
61329.0175 lsst_hardware_r -5.7591045904395886 26.389999389648438 31.510000228881836 AB 9.00124587149387 1.1539565665775655
