data/validation/pwv_sim_epoch_fit_4/21843647.ecsv
# %ECSV 0.9
# ---
# datatype:
# - {name: time, datatype: float64}
# - {name: band, datatype: string}
# - {name: flux, datatype: float64}
# - {name: fluxerr, datatype: float64}
# - {name: zp, datatype: float64}
# - {name: zpsys, datatype: string}
# - {name: pwv, datatype: float64}
# - {name: airmass, datatype: float64}
# meta: {SNID: '21843647', alt: 1024.0, c: -0.14192329347133636, dec: 1.342993, lat: -30.244573, lon: -70.7499537, ra: 35.15625, t0: 60247.25,
#   x0: 3.3608030787035617e-06, x1: 0.5673817992210388, z: 0.7205661535263062}
# schema: astropy-2.0
time band flux fluxerr zp zpsys pwv airmass
[from data line 132]
60615.1545 lsst_hardware_u 1.2685664249058635 2.740000009536743 28.360000610351562 AB 4.651315248298947 1.1926449354612685
60615.1738 lsst_hardware_g 18.8923845391427 15.420000076293945 31.43000030517578 AB 4.151518149580318 1.1767341693821765
60617.1557 lsst_hardware_r 0.30895134492572685 24.65999984741211 31.5 AB 6.043953289123685 1.1850888802203305
60617.1735 lsst_hardware_i 7.4465677870759865 32.4900016784668 31.239999771118164 AB 5.466180681483063 1.175522727200659
60620.1654 lsst_hardware_z -32.64127438501228 43.36000061035156 30.940000534057617 AB 5.283927944108454 1.1755123346181209
60620.1838 lsst_hardware_r 64.01282973029731 24.549999237060547 31.489999771118164 AB 6.392302399701373 1.1815716080778877
60622.1258 lsst_hardware_r -12.005358254852817 28.209999084472656 31.520000457763672 AB 8.06436094979801 1.2075108107805659
60622.1441 lsst_hardware_z 16.693312571779327 44.400001525878906 30.940000534057617 AB 7.874229399212101 1.183205018664478
60624.1248 lsst_hardware_g -3.711271314956381 37.529998779296875 31.6299991607666 AB 2.406988553155086 1.1999942932226206
60624.1432 lsst_hardware_i 3.9256780424540225 40.40999984741211 31.270000457763672 AB 3.28129048522638 1.179754488935659
60626.126 lsst_hardware_z 13.03703931330035 60.560001373291016 30.959999084472656 AB 5.9535283528158605 1.190705670563172
60626.1439 lsst_hardware_r 37.444310266913156 74.05000305175781 31.6200008392334 AB 5.8834254018464485 1.1766850803692896
60631.1018 lsst_hardware_g 179.91099154863028 98.69999694824219 31.670000076293945 AB 6.663301719228573 1.2064823935230915
60631.122 lsst_hardware_r -39.98733137615293 98.01000213623047 31.6299991607666 AB 6.476946247610353 1.1812060026036004
60633.1029 lsst_hardware_i 0.7647600854859794 32.59000015258789 31.229999542236328 AB 6.898864528569542 1.1959892277208104
60633.1224 lsst_hardware_z -6.805885574944759 48.65999984741211 30.950000762939453 AB 6.805874811382213 1.177656780628459
60640.1066 lsst_hardware_g -22.112989839869527 14.960000038146973 31.40999984741211 AB 4.479056679123262 1.176377328725742
60640.1273 lsst_hardware_i -18.826703475940874 32.310001373291016 31.229999542236328 AB 4.248709951917112 1.1801972088658643
60642.0595 lsst_hardware_r -21.03618683031922 24.479999542236328 31.479999542236328 AB 6.605721659572993 1.232410757383021
60642.078 lsst_hardware_z 48.09151998660114 43.66999816894531 30.940000534057617 AB 6.536832362561247 1.1964550860367877
60644.0694 lsst_hardware_r 4.60548103172962 24.360000610351562 31.479999542236328 AB 9.984750897322982 1.2012452956355848
60644.0888 lsst_hardware_u -1.7160686055938503 2.75 28.399999618530273 AB 10.48638812306308 1.1796154474929408
60646.071 lsst_hardware_g 5.107480211376884 15.079999923706055 31.43000030517578 AB 7.89997482805493 1.1911830832836694
60646.0901 lsst_hardware_r -5.498123610675331 24.43000030517578 31.5 AB 7.702374315806251 1.1764115126067773
60650.0711 lsst_hardware_r 40.32322957650807 25.489999771118164 31.5 AB 5.212766150272323 1.1804939478621577
60650.0904 lsst_hardware_u 5.163958292896566 3.0299999713897705 28.450000762939453 AB 6.671226536816149 1.1758918690040217
60652.0709 lsst_hardware_g 54.78385760462933 26.649999618530273 31.59000015258789 AB 6.308347507273755 1.1774797027109203
60652.09 lsst_hardware_i -31.078364351800467 36.22999954223633 31.260000228881836 AB 7.19050086957016 1.1776123271487324
60654.0736 lsst_hardware_z -72.18332470127407 55.81999969482422 30.959999084472656 AB 11.662501109837267 1.1754183743031943
60654.0923 lsst_hardware_r -94.24242927951023 61.02000045776367 31.610000610351562 AB 12.527066471578166 1.18263549413058
60658.0404 lsst_hardware_z 0.48047608255718194 80.8499984741211 30.979999542236328 AB 9.01505789943359 1.1886036378739246
60658.0597 lsst_hardware_r -4.223901230319522 110.47000122070312 31.6299991607666 AB 9.024846295871422 1.1758022258086966
60660.0412 lsst_hardware_y 183.5782471479385 58.290000915527344 30.020000457763672 AB 11.988862561933301 1.1824696360790987
60660.0614 lsst_hardware_z -0.400423709646043 59.16999816894531 30.969999313354492 AB 12.84600585984538 1.1755846982958873
60663.0433 lsst_hardware_y -42.76153311023473 53.439998626708984 30.010000228881836 AB 6.401795969464709 1.1765303872203783
60663.0663 lsst_hardware_i -49.70743524699028 32.45000076293945 31.239999771118164 AB 6.326891360425859 1.1814923175398429
60665.041 lsst_hardware_y 4.306897937809882 58.119998931884766 30.010000228881836 AB 5.3301380779360645 1.1757225273929777
60665.0622 lsst_hardware_r -6.8598906107429345 24.459999084472656 31.489999771118164 AB 6.48920717330603 1.1825793658072872
