data/validation/pwv_sim_epoch_fit_4/21922459.ecsv
# %ECSV 0.9
# ---
# datatype:
# - {name: time, datatype: float64}
# - {name: band, datatype: string}
# - {name: flux, datatype: float64}
# - {name: fluxerr, datatype: float64}
# - {name: zp, datatype: float64}
# - {name: zpsys, datatype: string}
# - {name: pwv, datatype: float64}
# - {name: airmass, datatype: float64}
# meta: {SNID: '21922459', alt: 1024.0, c: 0.000340206635883078, dec: -12.941632, lat: -30.244573, lon: -70.7499537, ra: 27.949219, t0: 62118.87890625,
#   x0: 3.7068162185924402e-06, x1: 0.33845654129981995, z: 0.6934267282485962}
# schema: astropy-2.0
time band flux fluxerr zp zpsys pwv airmass
61975.4208 lsst_hardware_r 41.89124332808966 23.540000915527344 31.5 AB 5.555737787960516 1.0531372475401026
61975.4394 lsst_hardware_y 116.71780899884804 62.25 30.059999465942383 AB 5.5264068858296005 1.0483225202332471
61977.4173 lsst_hardware_z -22.54811869047249 41.2599983215332 30.940000534057617 AB 6.326882162863423 1.0520256339979088
61977.4374 lsst_hardware_y 11.405610273733245 56.810001373291016 30.049999237060547 AB 6.349987028307688 1.048833402242089
61982.3996 lsst_hardware_r 23.805156409500007 23.15999984741211 31.5 AB 4.782520707327713 1.054483206025403
61982.4212 lsst_hardware_y 21.867947352265084 47.45000076293945 30.049999237060547 AB 3.6487484039474363 1.0484156034616583
61991.3486 lsst_hardware_z -74.59904799053643 88.56999969482422 31.729999542236328 AB 5.328593927337677 1.0862488894786824
61991.3733 lsst_hardware_r -1.2746973780130382 115.72000122070312 32.400001525878906 AB 5.182015864200129 1.0557229019455863
61993.3623 lsst_hardware_z -1.8133030588358794 85.5999984741211 31.729999542236328 AB 5.726468650774144 1.0604571575507673
61996.3736 lsst_hardware_r -60.181571183921044 39.27000045776367 31.610000610351562 AB 3.6712705184439627 1.0489344338411322
61996.3944 lsst_hardware_z -42.80742957039682 46.0099983215332 30.959999084472656 AB 3.6152448290303076 1.0521667139203457
62000.3562 lsst_hardware_r -6.949559715666672 22.969999313354492 31.510000228881836 AB 4.178901046519247 1.0511856735820346
62000.376 lsst_hardware_u -0.7822923185244426 2.819999933242798 28.530000686645508 AB 2.5428327664700014 1.049167693496081
62010.2327 lsst_hardware_r -15.126961330430841 28.34000015258789 31.489999771118164 AB 5.2184460870653435 1.3097961314533386
62010.2589 lsst_hardware_i -3.562506068883455 32.16999816894531 31.239999771118164 AB 4.259808638174832 1.1872376360576453
62014.2854 lsst_hardware_z -15.488953431864916 49.650001525878906 30.959999084472656 AB 1.7732053186277146 1.086966889228268
62014.3016 lsst_hardware_g 76.4666911278054 56.63999938964844 31.709999084472656 AB 1.6793959617708385 1.0639188861392705
62019.2628 lsst_hardware_z 23.364718387462037 78.69000244140625 30.989999771118164 AB 0.9706125479987106 1.1045377502119038
62019.2808 lsst_hardware_r 220.7124218570957 114.93000030517578 31.649999618530273 AB 0.8708097659469124 1.07275610218283
62022.2634 lsst_hardware_i -45.0456496646975 68.01000213623047 31.329999923706055 AB 4.675164731486678 1.087247611973646
62022.2819 lsst_hardware_r -77.60670386383691 79.05000305175781 31.649999618530273 AB 4.565173844647491 1.061668335964533
62029.2318 lsst_hardware_g -1.9176997645618516 14.390000343322754 31.43000030517578 AB 3.70144315544587 1.112881285461777
62029.2499 lsst_hardware_r -2.031167101227478 23.280000686645508 31.510000228881836 AB 3.5480322384819134 1.077992375475566
62032.2471 lsst_hardware_i -49.32035151852268 30.889999389648438 31.260000228881836 AB 6.363927433143532 1.0703471603649306
62032.271 lsst_hardware_z 51.37052949641382 41.2599983215332 30.950000762939453 AB 5.845236933304624 1.0502626778015676
62034.2463 lsst_hardware_i 2.049688410058479 31.040000915527344 31.25 AB 3.44959597151679 1.0646901146658119
62034.2657 lsst_hardware_u 0.24037956830931237 2.7799999713897705 28.489999771118164 AB 4.020518870417172 1.0502008368525484
62038.2209 lsst_hardware_r -6.5751843517823065 23.329999923706055 31.479999542236328 AB 6.458197066931647 1.085183292069878
62038.2402 lsst_hardware_i 4.925143745724795 30.93000030517578 31.239999771118164 AB 6.395816213053787 1.0597433765052018
62040.2298 lsst_hardware_z -103.1572201789311 60.54999923706055 31.700000762939453 AB 3.6054909028768813 1.0648230664137275
62045.2086 lsst_hardware_i 17.78073195376225 69.66000366210938 31.329999923706055 AB 3.647533449847968 1.0744630531990969
62045.2278 lsst_hardware_z -91.07731420349504 62.720001220703125 30.989999771118164 AB 3.503876650427031 1.054352411171806
62049.21 lsst_hardware_z 37.70530974506718 80.13999938964844 31.0 AB 4.987177222592785 1.0598988146626773
62049.2277 lsst_hardware_r 91.88490695400128 114.1500015258789 31.65999984741211 AB 5.009049507460787 1.0492353388063795
62051.1822 lsst_hardware_r 71.73578465692319 73.61000061035156 31.639999389648438 AB 4.550948346353569 1.090918500923748
62051.2005 lsst_hardware_i 56.217463554478535 61.97999954223633 31.31999969482422 AB 4.397011465794239 1.0640076142275474
62053.1873 lsst_hardware_z 24.982534316806813 65.91000366210938 31.719999313354492 AB 3.6670164757777552 1.0736921166634068
62056.1817 lsst_hardware_g -19.527420576293803 14.640000343322754 31.43000030517578 AB 6.842733544619275 1.070180410481796
62056.2012 lsst_hardware_r 6.728757497454172 23.510000228881836 31.5 AB 6.796510802943376 1.0522543432332212
62061.1018 lsst_hardware_g 0.16796455298762147 14.670000076293945 31.360000610351562 AB 10.877205349861121 1.2648526013695767
62061.1249 lsst_hardware_r -36.661628106104864 24.030000686645508 31.479999542236328 AB 10.110132106114103 1.1685874962518346
62068.1363 lsst_hardware_z 26.64736250636907 60.630001068115234 31.709999084472656 AB 4.785666391951441 1.0899634964966585
62069.1446 lsst_hardware_g 4.5923305218026576 26.549999237060547 31.6299991607666 AB 2.6800904659275533 1.0723221389410504
62069.1623 lsst_hardware_r 22.155840811196974 30.690000534057617 31.579999923706055 AB 2.56272572294448 1.0543303851938344
62074.1442 lsst_hardware_i -118.22337061151413 70.97000122070312 31.34000015258789 AB 3.857448700804238 1.0577046067464322
62074.1616 lsst_hardware_z -51.414615969996895 64.27999877929688 30.989999771118164 AB 3.9358858851859613 1.048730584914991
62078.1359 lsst_hardware_z 66.48083804124235 103.04000091552734 31.75 AB 5.383678239900292 1.055623184294175
62080.1258 lsst_hardware_r 21.946983196709034 63.58000183105469 31.639999389648438 AB 2.65250576393453 1.0594837122529162
62080.1437 lsst_hardware_i -15.01246240569632 56.56999969482422 31.31999969482422 AB 2.6440768244831157 1.049063378865842
62082.1175 lsst_hardware_z -25.74069198472553 41.459999084472656 30.950000762939453 AB 5.948634036655703 1.0622560779742327
62082.1342 lsst_hardware_u 4.128893054520629 2.759999990463257 28.479999542236328 AB 6.223249877779984 1.0503670783054164
62084.1168 lsst_hardware_g 2.3756831859916785 14.460000038146973 31.450000762939453 AB 9.986535643260318 1.057783671566605
62084.1355 lsst_hardware_r 13.97404886495246 23.239999771118164 31.510000228881836 AB 9.239066764431728 1.0485237206413789
62087.1132 lsst_hardware_i -12.505970063690915 30.662280837248723 31.25 AB 3.633802895656639 1.0542948440013074
62087.1318 lsst_hardware_z -14.295021517451914 41.1028294145126 30.950000762939453 AB 5.241146809420255 1.048229361884051
62092.0963 lsst_hardware_u 2.7199968913436385 2.7227885088694155 28.350000381469727 AB 5.864561380198222 1.0566777261617435
62092.1168 lsst_hardware_g -12.55816361968907 14.308931342272238 31.40999984741211 AB 5.792826811546955 1.0482382830213899
62094.0963 lsst_hardware_r 72.93036353862084 24.56153632211401 31.5 AB 6.085744422195015 1.0528969588572312
62094.1165 lsst_hardware_i 91.76011686959129 32.352340262213936 31.25 AB 6.044075884726063 1.0485602228814914
62101.0716 lsst_hardware_r 567.5639433507157 60.020560905786034 31.639999389648438 AB 3.881186922874792 1.0567762541862749
62101.0899 lsst_hardware_i 615.0272478881129 54.45507388783341 31.31999969482422 AB 3.9952329779684246 1.048411199361917
62106.0594 lsst_hardware_r 997.8942671714315 103.3651442397519 31.65999984741211 AB 6.6393475731785045 1.0556520415272161
62106.0779 lsst_hardware_i 900.0820709595255 84.5139665117765 31.34000015258789 AB 6.570876099481019 1.0482652644745392
62108.0703 lsst_hardware_z 1360.1358935717772 88.94269013610868 31.729999542236328 AB 3.615303348791591 1.048471172736698
62111.0396 lsst_hardware_y 333.0731909004856 52.36168691043318 30.049999237060547 AB 5.744286628790136 1.0609570353768976
62111.0586 lsst_hardware_g 224.25835378088104 20.984013028468702 31.440000534057617 AB 4.632888614052388 1.0491736656405792
62113.0409 lsst_hardware_y 403.67524677150465 52.17212727805887 30.049999237060547 AB 5.265802813844557 1.0552006172957704
62113.0619 lsst_hardware_i 1215.8204700944264 46.046949102570686 31.260000228881836 AB 5.650843775048177 1.0482643658882345
62115.0417 lsst_hardware_y 359.0293976718016 52.58647388032951 30.049999237060547 AB 10.61511959239439 1.0514183431451585
62115.0616 lsst_hardware_i 1336.9753660867382 46.53142133830536 31.260000228881836 AB 10.4513294062541 1.0490493916876236
62121.0337 lsst_hardware_z 793.4086761816517 67.46217530842259 30.989999771118164 AB 10.632692052243087 1.0486406679070275
62121.0522 lsst_hardware_u 5.3842668261904745 2.9644462191078707 28.489999771118164 AB 11.46590816678891 1.0516769701251008
62123.0358 lsst_hardware_y 409.6336682441794 65.22602575687225 30.059999465942383 AB 3.7919111475354126 1.0483580723073946
62123.0558 lsst_hardware_r 977.2105379989898 39.01804380213695 31.510000228881836 AB 4.4179383343282606 1.0578087715377957
62346.4079 lsst_hardware_r 22.77891277690373 72.80000305175781 31.649999618530273 AB 4.942651494831721 1.0516279776237705
62346.426 lsst_hardware_y -91.5677500913949 53.400001525878906 30.049999237060547 AB 4.798919096246427 1.0486384506329145
62350.3943 lsst_hardware_z -58.78976536872029 45.83000183105469 30.959999084472656 AB 1.9677217165559575 1.0531023369312056
62350.4131 lsst_hardware_y -18.150722470197888 48.47999954223633 30.040000915527344 AB 1.9400248364919028 1.048378728177197
62353.3517 lsst_hardware_r -24.307073193973117 23.950000762939453 31.5 AB 2.1658882547428466 1.0971151986878074
62353.3765 lsst_hardware_u -3.7985000583062485 2.9600000381469727 28.510000228881836 AB 1.5371083468346347 1.0606233202240019
62355.3605 lsst_hardware_g 1.0700963471438074 14.170000076293945 31.40999984741211 AB 4.601617181539493 1.0730132171014324
62355.3859 lsst_hardware_r 4.313163797120875 32.58000183105469 32.2599983215332 AB 3.1978870038881513 1.0504679326231916
62355.4128 lsst_hardware_z -2.779280659378981 41.20000076293945 30.950000762939453 AB 3.175934512499206 1.0529414048899148
62357.3747 lsst_hardware_i 19.220260501339553 30.860000610351562 31.25 AB 5.168342433234665 1.053402221598206
62357.3949 lsst_hardware_z 18.527213416085868 41.41999816894531 30.950000762939453 AB 4.100963720357084 1.0484822874613307
62361.3684 lsst_hardware_r -9.548769725567587 23.260000228881836 31.5 AB 4.893374007993354 1.0509447703031867
62361.3857 lsst_hardware_u 1.2221883759093344 2.809999942779541 28.510000228881836 AB 4.687951127860343 1.048758641579495
62363.3576 lsst_hardware_g 21.25875091892432 14.390000343322754 31.440000534057617 AB 5.860854449370511 1.0538577887863543
62363.3774 lsst_hardware_i -38.82119742754996 30.989999771118164 31.260000228881836 AB 5.159514234783822 1.0483621324360097
62365.3464 lsst_hardware_z 7.529741515806647 41.52000045776367 30.959999084472656 AB 4.672963036700753 1.0581890934558609
62365.3679 lsst_hardware_r -4.52102222597108 23.010000228881836 31.510000228881836 AB 4.664450734465672 1.048308963808444
62368.3352 lsst_hardware_y 24.617508509429243 48.380001068115234 30.030000686645508 AB 2.826765531018329 1.0609654188733875
62368.3548 lsst_hardware_g -3.144386091584723 28.700000762939453 31.639999389648438 AB 2.7422229199631296 1.049052379480922
62377.2944 lsst_hardware_z 4.546368692312756 56.77000045776367 30.969999313354492 AB 7.568581824733238 1.082153535134864
62377.3124 lsst_hardware_i -28.62755355387169 57.06999969482422 31.31999969482422 AB 7.40293870796056 1.0592903246428904
62379.2776 lsst_hardware_z 24.43898546339339 47.040000915527344 30.950000762939453 AB 5.4439924832062845 1.1035865564983347
62379.296 lsst_hardware_r -64.66748950140577 41.540000915527344 31.600000381469727 AB 6.392740394991376 1.0716185390983226
62381.2655 lsst_hardware_y -7.156720498230004 48.04999923706055 30.020000457763672 AB 3.2516006633968573 1.118894501785401
62381.2824 lsst_hardware_g -39.40895206005678 16.540000915527344 31.469999313354492 AB 3.155468175391484 1.0839497925943322
62394.2585 lsst_hardware_z -18.01459552572905 41.54999923706055 30.950000762939453 AB 2.6765731729323017 1.0672141837848093
62394.2765 lsst_hardware_r 7.224196665429985 23.0 31.5 AB 2.5923673114945687 1.051812541856413
62400.1294 lsst_hardware_r -18.863832133970778 108.7300033569336 31.510000228881836 AB 7.278751688104001 1.5927246582282304
62400.152 lsst_hardware_i -55.411095562229356 83.7300033569336 31.270000457763672 AB 6.216771108850275 1.3945202128421437
62402.2369 lsst_hardware_z -5.266657915022226 84.72000122070312 30.989999771118164 AB 2.123889398647641 1.0669236764806196
62402.2579 lsst_hardware_r -7.8355892244497936 125.9800033569336 31.65999984741211 AB 1.8195475192248611 1.0503449216228462
62405.2296 lsst_hardware_z 28.65146447927709 90.12999725341797 31.739999771118164 AB 3.254111258152507 1.0658733239937597
62408.2495 lsst_hardware_r -20.250384707606397 41.33000183105469 31.610000610351562 AB 4.846355303386247 1.0483895233746316
62408.2701 lsst_hardware_z 113.0580843249911 46.130001068115234 30.959999084472656 AB 4.825414380873114 1.0541977237560465
62410.2052 lsst_hardware_r 38.3567699834821 23.690000534057617 31.5 AB 5.159531537484547 1.0806999083594035
62410.2237 lsst_hardware_u -5.410711847993912 2.7699999809265137 28.469999313354492 AB 4.464019146271833 1.058054272358964
62412.203 lsst_hardware_g 4.4999773706450625 14.300000190734863 31.40999984741211 AB 3.038132552581055 1.0756990036282108
62412.2229 lsst_hardware_r -5.850426066149775 23.100000381469727 31.489999771118164 AB 3.4254456990268833 1.0544699704561746
62415.2082 lsst_hardware_i 34.289166699515796 31.049999237060547 31.239999771118164 AB 5.073872660878985 1.0597060695237348
62415.2265 lsst_hardware_z -63.21893313442217 41.5099983215332 30.950000762939453 AB 5.072495195436745 1.049047675879652
62419.1811 lsst_hardware_u -6.484429757590915 2.609999895095825 28.329999923706055 AB 3.76937270228456 1.0799463381581205
62419.1995 lsst_hardware_g -11.977168531837089 14.40999984741211 31.420000076293945 AB 3.6061750413005313 1.0577361286566562
62421.1815 lsst_hardware_r -51.566544420896776 23.299999237060547 31.489999771118164 AB 6.60190392375856 1.0713897961308927
62421.2 lsst_hardware_z -31.542876663502614 41.2400016784668 30.940000534057617 AB 6.636314609349663 1.0533832713253433
62424.176 lsst_hardware_r 49.85992560635099 34.439998626708984 31.59000015258789 AB 7.054055871263792 1.0679333676721525
62424.1937 lsst_hardware_y -36.235762900025414 47.88999938964844 30.049999237060547 AB 6.878421236064034 1.052282698021015
62426.1706 lsst_hardware_z -6.747015533144475 49.7400016784668 30.969999313354492 AB 6.91749893307368 1.0678585861823395
62426.1871 lsst_hardware_r 74.83989322598151 52.790000915527344 31.6299991607666 AB 6.881331979330212 1.0529293433466693
62428.1679 lsst_hardware_i 113.7495548694043 67.33000183105469 31.31999969482422 AB 2.7500946177549377 1.064621440514288
62428.1847 lsst_hardware_z 34.8433114994533 61.619998931884766 30.979999542236328 AB 2.7293529385568274 1.0513011254632447
62434.1497 lsst_hardware_r 44.889431853928706 76.36000061035156 31.649999618530273 AB 4.69017809486923 1.0667172802098246
62434.1697 lsst_hardware_z -96.18563346816491 59.029998779296875 30.979999542236328 AB 4.830147665642306 1.0506792587410303
62439.1471 lsst_hardware_g -8.67405874657848 14.640000343322754 31.440000534057617 AB 5.870367705093424 1.0559639708761839
62439.1634 lsst_hardware_r 22.441259309337983 23.479999542236328 31.5 AB 5.804080606680626 1.0485670216667045
62441.1257 lsst_hardware_r 23.774857651240122 23.18000030517578 31.479999542236328 AB 4.950166508333021 1.073012971459494
62441.1437 lsst_hardware_i -20.380479936919212 30.729999542236328 31.239999771118164 AB 4.872133263219192 1.0544791984602815
62450.1161 lsst_hardware_z 31.534974238574623 41.459999084472656 30.950000762939453 AB 10.032781674666273 1.0567126013410633
62450.1333 lsst_hardware_r 41.75819338276639 23.149999618530273 31.5 AB 9.237767802103312 1.048574638427134
62455.0936 lsst_hardware_z -56.616550722040515 50.599998474121094 30.969999313354492 AB 4.474133845659235 1.065269963252199
62455.1115 lsst_hardware_r -68.76700436711049 53.599998474121094 31.6299991607666 AB 4.414424741791342 1.0510535099503193
62462.0987 lsst_hardware_r -96.98037765712068 90.23999786376953 31.649999618530273 AB 4.0259153811070485 1.0489162484972119
62462.1171 lsst_hardware_i 18.68759101413777 72.62999725341797 31.329999923706055 AB 4.021917847541344 1.0510696060477098
62467.0719 lsst_hardware_i -4.526395389516928 30.579999923706055 31.25 AB 3.8811274339630994 1.0550364535963481
62467.0927 lsst_hardware_u -4.489983125131024 2.7100000381469727 28.450000762939453 AB 3.99252691574321 1.0482971137325454
62472.0622 lsst_hardware_g 17.327216229171484 14.050000190734863 31.420000076293945 AB 6.62418737172119 1.0525163982397236
62472.0811 lsst_hardware_r 33.980936982246156 22.899999618530273 31.5 AB 6.600457693187892 1.0484960991005627
62476.0658 lsst_hardware_u -0.934621714187731 2.75 28.479999542236328 AB 3.3120493661874324 1.0482551073255753
62476.0857 lsst_hardware_g 15.269791352903056 14.09000015258789 31.420000076293945 AB 5.515838763284267 1.0550571467644387
62478.0398 lsst_hardware_y -61.82318298764998 50.09000015258789 30.049999237060547 AB 3.8417409710126376 1.056584425470782
62478.0586 lsst_hardware_r -4.4804397084602545 23.010000228881836 31.5 AB 3.051237005360745 1.0483549236766003
62480.0424 lsst_hardware_y -28.594668186988294 49.349998474121094 30.049999237060547 AB 7.750619658221283 1.0514423493748986
62480.0627 lsst_hardware_z 22.75335124490193 41.630001068115234 30.940000534057617 AB 7.701237064533164 1.0491791239441868
62484.0327 lsst_hardware_y -86.38897961433543 67.30999755859375 30.06999969482422 AB 8.79406919809458 1.0508746303239886
62484.0514 lsst_hardware_r -12.114930223660442 52.220001220703125 31.6299991607666 AB 8.287745679915595 1.0490817316348855
62488.0425 lsst_hardware_z -67.00488177776211 98.86000061035156 31.739999771118164 AB 4.199682895946115 1.049658309409095
