data/validation/pwv_sim_epoch_fit_4/22005845.ecsv
# %ECSV 0.9
# ---
# datatype:
# - {name: time, datatype: float64}
# - {name: band, datatype: string}
# - {name: flux, datatype: float64}
# - {name: fluxerr, datatype: float64}
# - {name: zp, datatype: float64}
# - {name: zpsys, datatype: string}
# - {name: pwv, datatype: float64}
# - {name: airmass, datatype: float64}
# meta: {SNID: '22005845', alt: 1024.0, c: -0.04180874302983284, dec: 3.284369, lat: -30.244573, lon: -70.7499537, ra: 79.980469, t0: 60669.765625,
#   x0: 2.5445802394420713e-06, x1: 1.0051698684692383, z: 0.807763397693634}
# schema: astropy-2.0
time band flux fluxerr zp zpsys pwv airmass
[from data line 133]
61010.2429 lsst_hardware_i 31.84290057159881 45.560001373291016 31.270000457763672 AB 9.224564747412046 1.208563815278087
61012.2223 lsst_hardware_z -4.049530124205141 69.04000091552734 30.969999313354492 AB 7.564155292139478 1.2002837119836094
61012.2423 lsst_hardware_i 104.53074335605588 76.45999908447266 31.299999237060547 AB 7.647909903937053 1.2136787424066962
61014.2327 lsst_hardware_z 37.23982285997022 128.72000122070312 31.729999542236328 AB 3.236237697872786 1.2092434181682525
61016.2255 lsst_hardware_r 29.716804699603678 89.2300033569336 31.610000610351562 AB 5.088400605681255 1.2076422465126986
61016.2444 lsst_hardware_i 15.165626816517193 74.31999969482422 31.299999237060547 AB 5.195715599742752 1.2335507121896374
61019.2362 lsst_hardware_z 165.40588995336944 69.43000030517578 31.690000534057617 AB 11.566015340035408 1.2335328671515597
61021.1888 lsst_hardware_r -54.65238571560726 24.399999618530273 31.469999313354492 AB 15.249202293762023 1.2007245900600019
61021.2067 lsst_hardware_g 0.4499530610889525 14.869999885559082 31.389999389648438 AB 15.288295413937645 1.2038027884990272
61023.1864 lsst_hardware_r -17.1283180310946 24.229999542236328 31.479999542236328 AB 9.120975373712009 1.200128338646317
61023.2046 lsst_hardware_i 3.2745216502031194 32.4900016784668 31.229999542236328 AB 9.166780016993261 1.2061552653938503
61025.1877 lsst_hardware_z 39.21402430142014 44.04999923706055 30.93000030517578 AB 12.35095471573749 1.2004499581123105
61025.2074 lsst_hardware_i -44.41089493376288 32.7599983215332 31.219999313354492 AB 12.49596127606765 1.2143821588019106
61027.1548 lsst_hardware_u 1.1086861080288954 2.6500000953674316 28.309999465942383 AB 3.6488376748306703 1.2132461096693834
61027.1744 lsst_hardware_g 17.05353477097685 14.819999694824219 31.399999618530273 AB 3.972136079848516 1.2002828605505187
61029.1519 lsst_hardware_r -25.266837306472514 24.209999084472656 31.469999313354492 AB 3.651915770456483 1.21044606246486
61029.1703 lsst_hardware_i 0.9834833892726422 32.43000030517578 31.229999542236328 AB 4.658062197919168 1.2000933159076372
61031.1507 lsst_hardware_z -41.502427524252795 44.13999938964844 30.93000030517578 AB 4.238958417120101 1.2065346538292865
61031.1687 lsst_hardware_u 0.4200996599926057 2.5999999046325684 28.260000228881836 AB 4.5407067771568554 1.2000546487365327
61035.1232 lsst_hardware_r -44.65859872322803 25.489999771118164 31.479999542236328 AB 9.23989444654598 1.2270776157430738
61035.1425 lsst_hardware_i 3.1157809848986373 32.81999969482422 31.229999542236328 AB 8.430420523052922 1.2045178629879871
61037.1272 lsst_hardware_z -31.739475004834176 46.029998779296875 30.940000534057617 AB 7.515143786161611 1.213588015528722
61037.148 lsst_hardware_i 105.51165055980317 36.70000076293945 31.25 AB 7.420188716805558 1.20014374134583
61041.1294 lsst_hardware_r 69.24034381889824 99.94999694824219 31.6200008392334 AB 8.373432191237445 1.202578263544995
61041.1497 lsst_hardware_i -32.887135217297185 82.1500015258789 31.309999465942383 AB 8.372230633899056 1.202462687470152
61044.1357 lsst_hardware_z -198.1913375090784 153.1999969482422 32.47999954223633 AB 2.9650267581960263 1.2004156915773387
61047.1306 lsst_hardware_g -26.09776304756711 36.81999969482422 31.6200008392334 AB 9.554105839909033 1.201295815910941
61047.1532 lsst_hardware_r -46.575221789927284 50.0 31.579999923706055 AB 9.74401094212712 1.2223815683859398
61050.0879 lsst_hardware_r 7.481715541529883 23.8799991607666 31.479999542236328 AB 10.336569491487586 1.218432190898519
61050.1094 lsst_hardware_i 43.904335963727846 32.099998474121094 31.239999771118164 AB 10.200161180705502 1.200772388248176
61059.0805 lsst_hardware_r 68.45602475468293 23.850000381469727 31.459999084472656 AB 4.354362273335632 1.2024472967443929
61059.1001 lsst_hardware_i 11.958211695596328 32.2400016784668 31.219999313354492 AB 4.667084987640709 1.2022372456570605
61061.0788 lsst_hardware_z 21.45053773414142 43.900001525878906 30.93000030517578 AB 14.349170921833293 1.2009349355698078
61061.0984 lsst_hardware_u 3.4981950673878224 2.619999885559082 28.290000915527344 AB 15.188338931609369 1.2043722886059265
61063.0792 lsst_hardware_g -15.735441839846137 14.609999656677246 31.3799991607666 AB 9.048997413750884 1.1999731353601306
61063.099 lsst_hardware_r 9.701138276498856 23.739999771118164 31.459999084472656 AB 10.03859496706575 1.2093114312869546
61065.0411 lsst_hardware_y 48.73877614241982 54.709999084472656 29.989999771118164 AB 8.33748730604218 1.227379594829248
61065.0613 lsst_hardware_i -3.844111429370015 34.0099983215332 31.239999771118164 AB 8.25810581754351 1.2040395340508616
61067.0388 lsst_hardware_y -72.45770284451585 59.459999084472656 29.989999771118164 AB 13.386282726551142 1.2223055297413918
61067.057 lsst_hardware_i -19.78429247457635 45.91999816894531 31.270000457763672 AB 13.718002622463839 1.203333563374021
61069.0391 lsst_hardware_y -125.94127583889436 59.75 30.0 AB 15.587953776423152 1.2144407133670798
61069.0581 lsst_hardware_z -90.31094235291785 64.2300033569336 30.959999084472656 AB 15.244956819239594 1.2006108854046356
61071.0361 lsst_hardware_y -66.31842463075603 64.97000122070312 30.010000228881836 AB 10.403216410897251 1.211613499594963
61071.0531 lsst_hardware_i 138.9836069741351 80.86000061035156 31.309999465942383 AB 10.977967234799276 1.2004994515609684
61072.0468 lsst_hardware_z -28.29907158274293 105.9800033569336 31.719999313354492 AB 9.751355435889304 1.2016334318878596
61074.036 lsst_hardware_y -68.4140399723637 59.15999984741211 30.010000228881836 AB 8.416525273565691 1.2045116670576994
61074.0549 lsst_hardware_r -135.97876940056764 67.0199966430664 31.610000610351562 AB 9.354117054393052 1.2006696472602654
61076.0338 lsst_hardware_y -105.87967731809634 55.43000030517578 30.0 AB 6.710419879709277 1.2025842078332094
61076.0517 lsst_hardware_z 41.60283019122247 44.09000015258789 30.93000030517578 AB 7.239386574444677 1.2013917700641146
61078.032 lsst_hardware_y -36.57963791519875 56.560001373291016 30.0 AB 5.779059530118374 1.2010515130138637
61078.0512 lsst_hardware_u 2.492011846511394 2.559999942779541 28.239999771118164 AB 7.41511347571482 1.2038661900961651
61082.0283 lsst_hardware_y -41.086818970563236 58.72999954223633 30.010000228881836 AB 0.616485667693922 1.1999721025672447
61082.0452 lsst_hardware_r 21.541970090367755 23.860000610351562 31.469999313354492 AB 1.2170993018152503 1.207539613210666
