data/validation/pwv_sim_epoch_fit_4/22167342.ecsv
# %ECSV 0.9
# ---
# datatype:
# - {name: time, datatype: float64}
# - {name: band, datatype: string}
# - {name: flux, datatype: float64}
# - {name: fluxerr, datatype: float64}
# - {name: zp, datatype: float64}
# - {name: zpsys, datatype: string}
# - {name: pwv, datatype: float64}
# - {name: airmass, datatype: float64}
# meta: {SNID: '22167342', alt: 1024.0, c: -0.10673120617866516, dec: -24.624317, lat: -30.244573, lon: -70.7499537, ra: 166.464844, t0: 61898.8359375,
#   x0: 2.763957852505536e-06, x1: -1.0034326314926147, z: 0.7808818817138672}
# schema: astropy-2.0
time band flux fluxerr zp zpsys pwv airmass
[from data line 132]
62152.3612 lsst_hardware_y 4.857745131603632 49.380001068115234 30.059999465942383 AB 4.536279904498937 1.0133918916893894
62153.2079 lsst_hardware_i -63.819723664821794 32.459999084472656 31.209999084472656 AB 4.048653519118502 1.3197827401233897
62153.2266 lsst_hardware_z 13.479238678066435 43.34000015258789 30.93000030517578 AB 3.9892703551180073 1.2194631205781463
62157.2081 lsst_hardware_g -14.526891044617026 13.930000305175781 31.350000381469727 AB 14.451946660110902 1.2566910139226872
62157.225 lsst_hardware_r -12.09478672469865 23.239999771118164 31.469999313354492 AB 13.915113397422386 1.1792468980866428
62159.2094 lsst_hardware_i 1.1624841044127907 31.959999084472656 31.229999542236328 AB 11.221550542868403 1.2232794923185035
62159.2281 lsst_hardware_r 0.10522738387917066 23.030000686645508 31.469999313354492 AB 10.415338906029744 1.1471163955060066
62161.2061 lsst_hardware_z -60.41424623050492 46.720001220703125 30.940000534057617 AB 9.351299496897692 1.213312075889282
62161.2237 lsst_hardware_g -10.44897063815954 19.18000030517578 31.510000228881836 AB 9.85532392307522 1.1434306343182543
62168.216 lsst_hardware_z 56.58641165002765 104.20999908447266 31.739999771118164 AB 13.893172543306893 1.107540493720074
62170.2115 lsst_hardware_r 58.07038554324933 78.2699966430664 31.639999389648438 AB 9.982223127988865 1.1048189254567005
62170.2295 lsst_hardware_z -27.05408875317166 61.279998779296875 30.989999771118164 AB 9.60274825365975 1.0615463468560413
62172.2027 lsst_hardware_r -51.41431781704363 40.790000915527344 31.600000381469727 AB 7.677614763374026 1.1144744902560642
62172.2215 lsst_hardware_y -71.88863719808585 48.66999816894531 30.049999237060547 AB 5.731958937474637 1.066807916894591
62176.2048 lsst_hardware_i -1.9938387058476499 30.670000076293945 31.25 AB 6.061899930891388 1.07978267383173
62176.2236 lsst_hardware_z 23.05738033050992 40.97999954223633 30.950000762939453 AB 5.531131106372613 1.04252777426682
62178.1082 lsst_hardware_r -6.821233514516963 24.579999923706055 31.399999618530273 AB 2.5836905166193147 1.571587905486201
62178.1267 lsst_hardware_i -6.856862230761369 33.540000915527344 31.209999084472656 AB 3.064756811113172 1.4083281662463838
62180.1066 lsst_hardware_z -93.911920927939 46.88999938964844 30.899999618530273 AB 5.224599183238036 1.5332646172378623
62180.1237 lsst_hardware_i 54.50928835627834 32.97999954223633 31.200000762939453 AB 4.75279670700337 1.3900792240620101
62182.1016 lsst_hardware_u -0.5561609324075654 2.4700000286102295 28.1200008392334 AB 2.2823282795321105 1.5288567240362603
62182.1211 lsst_hardware_g 8.934663333735926 14.0 31.329999923706055 AB 2.05220973170881 1.369737848629274
62184.1004 lsst_hardware_r 5.782482970191826 24.31999969482422 31.399999618530273 AB 3.501431440233043 1.4896538779974904
62184.1196 lsst_hardware_i 19.416504673621503 33.060001373291016 31.200000762939453 AB 3.1725982895341995 1.3430408676195151
62186.1259 lsst_hardware_u 2.207847374885231 2.700000047683716 28.360000610351562 AB 3.9282310599756873 1.2727825013421603
62186.1441 lsst_hardware_g -15.071453461678027 14.170000076293945 31.389999389648438 AB 3.5943267263780965 1.186246444349207
62188.106 lsst_hardware_g -11.016855068898373 19.56999969482422 31.440000534057617 AB 6.227093632837717 1.3609150505218293
62188.1247 lsst_hardware_r 8.139052297719662 26.559999465942383 31.5 AB 5.743492541667104 1.2503067720050438
62190.0991 lsst_hardware_i 17.215765585317854 40.900001525878906 31.229999542236328 AB 9.03675936309064 1.3708329628231448
62190.1187 lsst_hardware_z -12.831417138279201 47.43000030517578 30.93000030517578 AB 8.2446858200658 1.2530711144422724
62192.1024 lsst_hardware_i 43.67525046435963 50.93000030517578 31.260000228881836 AB 10.027033754737644 1.3137716603540952
62192.123 lsst_hardware_z -4.188028406492311 51.95000076293945 30.950000762939453 AB 9.189521037788905 1.2064092733977239
62194.1043 lsst_hardware_z 83.3101681314791 69.79000091552734 30.959999084472656 AB 8.433283906952669 1.271461144616135
62194.1253 lsst_hardware_r 66.90830096520544 95.04000091552734 31.6200008392334 AB 9.064766513143047 1.174002462443652
62196.1028 lsst_hardware_i 35.88314318685026 110.0999984741211 31.309999465942383 AB 5.290341241538632 1.250597775908902
62196.1223 lsst_hardware_r -63.62879436586991 136.13999938964844 31.639999389648438 AB 4.869430205827426 1.1645175668605587
62199.1025 lsst_hardware_z -74.06012925704488 58.84000015258789 30.959999084472656 AB 5.459229068888931 1.2126230717212196
62199.122 lsst_hardware_g -4.7264141267422835 66.58999633789062 31.690000534057617 AB 5.167168347617811 1.1364739767487855
62200.1228 lsst_hardware_g -3.1586928156799394 43.36000061035156 31.68000030517578 AB 11.648407905063792 1.1250333601143336
62200.1352 lsst_hardware_r 1.8868405235365207 50.130001068115234 31.6200008392334 AB 11.164463999488259 1.0897919062419905
62202.1038 lsst_hardware_z 6.8155683706580525 42.75 30.93000030517578 AB 8.488481988356945 1.1726582227422562
62202.1249 lsst_hardware_r 13.142483839222828 23.030000686645508 31.479999542236328 AB 7.989553812136729 1.1026664873906487
62204.0995 lsst_hardware_u 0.4449539790395677 2.6700000762939453 28.3700008392334 AB 11.95263771417669 1.1681624036529124
62204.1195 lsst_hardware_g 5.3492682880674725 14.119999885559082 31.399999618530273 AB 11.281859826371072 1.102497784263745
62208.1004 lsst_hardware_r -25.637187990455153 23.459999084472656 31.479999542236328 AB 14.702967171479202 1.1267936675847186
62208.122 lsst_hardware_u -3.6470433661194743 2.7899999618530273 28.489999771118164 AB 14.01984895179118 1.0694011404875423
62213.084 lsst_hardware_i -55.84565059661182 31.780000686645508 31.25 AB 9.126379114122322 1.135722130992418
62213.1037 lsst_hardware_z 18.391302874759617 42.06999969482422 30.950000762939453 AB 8.66696979307503 1.079962592202739
62216.0875 lsst_hardware_r -10.851086857824702 23.469999313354492 31.510000228881836 AB 5.391918138773606 1.1003914568925726
62216.1062 lsst_hardware_u -3.1640056266185015 2.9000000953674316 28.59000015258789 AB 5.179352409531239 1.0570106958227017
62218.0797 lsst_hardware_g -0.7693780856302627 24.68000030517578 31.59000015258789 AB 6.633756905896051 1.1069175547966044
62218.0966 lsst_hardware_i -14.38071269849053 33.7400016784668 31.270000457763672 AB 6.498549039168299 1.065335908060377
62222.0844 lsst_hardware_y -94.71259873813526 75.13999938964844 30.809999465942383 AB 6.846895388717251 1.068047325611052
62226.0785 lsst_hardware_z 131.79117470310447 74.08999633789062 30.989999771118164 AB 5.065511680998238 1.0577757312494147
62226.095 lsst_hardware_r 164.088273914282 106.69000244140625 31.65999984741211 AB 5.3537620696719594 1.0308912842757045
62231.9777 lsst_hardware_y 62.38331498936148 73.37000274658203 29.940000534057617 AB 11.953920836584995 1.4202537602500567
62231.9961 lsst_hardware_r -57.494051289636744 24.25 31.459999084472656 AB 10.999192190201972 1.2964248095237259
62233.9771 lsst_hardware_y -245.30966013008725 79.54000091552734 29.959999084472656 AB 12.12824877927196 1.383989818762669
62233.9945 lsst_hardware_r 13.070495875501535 24.010000228881836 31.459999084472656 AB 11.131388507802013 1.2746351205544275
62235.9746 lsst_hardware_z 174.73204470463176 68.62000274658203 30.940000534057617 AB 7.467084286537885 1.3632285324579292
62235.9915 lsst_hardware_g -6.536224390904584 14.449999809265137 31.350000381469727 AB 6.947190250779956 1.2614054018665375
62237.974 lsst_hardware_y -173.91382758679939 79.66000366210938 29.969999313354492 AB 7.211697329179811 1.3311650020789978
62237.9921 lsst_hardware_i 4.474428948423239 32.56999969482422 31.229999542236328 AB 6.66302868018322 1.2308739999414804
62241.972 lsst_hardware_y 23.118168408281573 67.91999816894531 29.989999771118164 AB 19.067167528783287 1.2782458678514157
62241.9897 lsst_hardware_r -20.769227400422103 23.479999542236328 31.479999542236328 AB 17.6635671273488 1.1924771056438008
62243.9706 lsst_hardware_y 121.71911868706998 70.41000366210938 29.989999771118164 AB 14.105971432645447 1.2564608130265167
62243.9892 lsst_hardware_g -5.105006967325202 14.880000114440918 31.420000076293945 AB 13.158988201213607 1.1723451557943432
62245.9702 lsst_hardware_y -18.666186000946798 65.44999694824219 30.0 AB 11.19005459606046 1.231141974445086
62245.9885 lsst_hardware_z -17.735686555509837 43.16999816894531 30.940000534057617 AB 10.42958368452997 1.154438661904214
62249.968 lsst_hardware_z 79.13752308434685 70.29000091552734 30.969999313354492 AB 11.45038130571302 1.1918686357163224
62249.9873 lsst_hardware_r 41.43397920178063 63.5 31.6200008392334 AB 10.793364824116674 1.121835344720842
62251.968 lsst_hardware_y 147.3583285213313 97.19999694824219 30.780000686645508 AB 15.927401029588792 1.1698421615562828
62251.9852 lsst_hardware_z 102.9525917015919 104.1500015258789 31.739999771118164 AB 15.1115514953468 1.1117156989146473
62253.9659 lsst_hardware_y 2.196528467918933 74.41000366210938 30.020000457763672 AB 1.2355910764133746 1.15719136166102
62253.9847 lsst_hardware_z 4.981990224980491 75.4000015258789 30.979999542236328 AB 1.1104131391923386 1.097788570630261
62260.9646 lsst_hardware_y -87.06973380814573 55.93000030517578 30.040000915527344 AB 11.404373192270446 1.1004630007256841
62260.9824 lsst_hardware_g 6.162411568074917 13.729999542236328 31.420000076293945 AB 10.97645343446531 1.058813363345823
62263.9637 lsst_hardware_z 58.24935386675112 47.689998626708984 30.959999084472656 AB 10.622747885538502 1.0817370408131466
62263.9817 lsst_hardware_i 12.385320314418985 30.31999969482422 31.25 AB 10.269498878291103 1.0451884258603792
62267.9682 lsst_hardware_y -45.695871598464294 48.61000061035156 30.059999465942383 AB 12.22331012631025 1.0496316229371252
62267.9979 lsst_hardware_r -2.3745776872490914 22.459999084472656 31.510000228881836 AB 11.781125662017008 1.0128783454476709
