data/validation/pwv_sim_epoch_fit_4/22270012.ecsv
# %ECSV 0.9
# ---
# datatype:
# - {name: time, datatype: float64}
# - {name: band, datatype: string}
# - {name: flux, datatype: float64}
# - {name: fluxerr, datatype: float64}
# - {name: zp, datatype: float64}
# - {name: zpsys, datatype: string}
# - {name: pwv, datatype: float64}
# - {name: airmass, datatype: float64}
# meta: {SNID: '22270012', alt: 1024.0, c: -0.14156955480575562, dec: -49.896984, lat: -30.244573, lon: -70.7499537, ra: 78.069771, t0: 60954.078125,
#   x0: 5.788616870451285e-06, x1: -1.731081247329712, z: 0.5768690705299377}
# schema: astropy-2.0
time band flux fluxerr zp zpsys pwv airmass
60947.3861 lsst_hardware_z 973.0815933729735 52.8719535704383 30.950000762939453 AB 7.4563242958833635 1.0618519361839025
60959.3832 lsst_hardware_i 1572.9069067383803 68.19562562748965 31.309999465942383 AB 4.93919774266787 1.069707856483271
60963.3683 lsst_hardware_z 1139.9947886235955 53.66206195886353 30.959999084472656 AB 6.289081734573684 1.0673631773099723
60963.3795 lsst_hardware_r 1451.8336374316718 50.903857154664514 31.56999969482422 AB 7.615358993420703 1.0750083276992648
60965.3682 lsst_hardware_i 1168.2708833063334 47.06279778911114 31.25 AB 5.231395811733903 1.0706178753804063
60968.3626 lsst_hardware_r 965.6661700064886 37.624136239587806 31.479999542236328 AB 0.6906621638683309 1.072456776194439
60968.3741 lsst_hardware_u 2.722329695091008 9.611567314124189 29.200000762939453 AB 0.6092247601619322 1.0827454268280785
60972.3003 lsst_hardware_i 802.28145648963 41.281798421522524 31.239999771118164 AB 3.5059242046098333 1.067658684311857
60976.3516 lsst_hardware_r 386.58605549601623 30.139251367653515 31.479999542236328 AB 3.6557524833091617 1.0820637807634044
60976.3634 lsst_hardware_i 641.1065481982012 42.50942426675595 31.260000228881836 AB 3.655884267115114 1.0961350025079901
60982.3443 lsst_hardware_i 368.0045189004449 36.18862622283581 31.239999771118164 AB 5.336290682490995 1.092550684852535
60982.3563 lsst_hardware_z 582.8416358233065 50.106459471254695 30.950000762939453 AB 5.4289323732438675 1.109984128653418
60991.3348 lsst_hardware_z 377.04604312848676 47.40837400447778 30.940000534057617 AB 3.9910654108261223 1.1151342304625398
60991.346 lsst_hardware_r 136.3391517225801 32.494376908852395 31.530000686645508 AB 4.126209265435224 1.1363837139727966
60997.3184 lsst_hardware_z 285.12910351444293 45.30774577684149 30.93000030517578 AB 5.080603683391838 1.1151048798460848
60997.3299 lsst_hardware_r 85.53884848792795 24.422866070892287 31.459999084472656 AB 5.207142124385599 1.1369719693698312
60999.3191 lsst_hardware_u 29.488118315421588 5.981701496076829 28.31999969482422 AB 5.485069532082617 1.1262976451915983
60999.3312 lsst_hardware_g 70.90575410343952 14.987344889062248 31.350000381469727 AB 5.549977553716532 1.151845912220657
61004.3249 lsst_hardware_z 294.28894139102425 44.88458870436016 30.93000030517578 AB 7.951611609187907 1.1698277405110884
61004.3365 lsst_hardware_r 87.21795916474898 24.25471218104332 31.440000534057617 AB 6.690630454003992 1.2023056313163754
61009.2976 lsst_hardware_g 64.66038733799822 14.34694274337384 31.34000015258789 AB 6.621344014451406 1.1379486734276962
61009.3087 lsst_hardware_i 127.05607191683049 32.2065414920445 31.229999542236328 AB 6.770565814141086 1.1633774327318331
61011.2979 lsst_hardware_z 132.34664905197658 48.896541787137835 30.950000762939453 AB 7.518501689077532 1.1506149603240623
61011.3113 lsst_hardware_r 66.1949896800766 23.63344891614993 31.459999084472656 AB 7.7220999639146735 1.1846134123411751
61015.2896 lsst_hardware_z 237.07018166392055 58.3792710256795 30.959999084472656 AB 6.017456812503367 1.1567583261250307
61015.3015 lsst_hardware_r 88.27113766752724 75.21369691159296 31.610000610351562 AB 5.165889715339932 1.1877656412807498
61017.2125 lsst_hardware_r 61.189774825194924 51.99423235229169 31.6299991607666 AB 5.212487081679276 1.063772873812097
61017.2262 lsst_hardware_i 110.05699773600485 46.63231202357388 31.299999237060547 AB 5.504086169490298 1.0706255921983325
61022.1892 lsst_hardware_i 119.85496716157193 31.442125193112624 31.25 AB 11.732412309501237 1.0617887999186615
61022.2001 lsst_hardware_u 2.0802805629123884 2.936584590621992 28.469999313354492 AB 11.774358337805076 1.064204477386576
61024.1924 lsst_hardware_g 60.3238941317862 15.367656626697185 31.3700008392334 AB 8.474353545659396 1.0634667419766544
61024.2052 lsst_hardware_r 81.12643858899476 22.980604494196147 31.479999542236328 AB 8.520868244484568 1.0694013150518922
61026.1977 lsst_hardware_i 98.85657830101657 31.30431540044939 31.239999771118164 AB 9.138710576052294 1.068178316978855
61026.211 lsst_hardware_r 85.3605146898078 23.159549256588107 31.469999313354492 AB 9.10999327981813 1.0781057135878918
61028.1973 lsst_hardware_u -4.080019241226786 2.8703843371563 28.450000762939453 AB 5.5056456915777 1.0714152228031333
61028.2085 lsst_hardware_g 19.764796359693623 14.064537704959015 31.3799991607666 AB 5.5501399952074575 1.0809504324096713
61030.1965 lsst_hardware_r 80.45942810216862 23.199638366705262 31.479999542236328 AB 5.2093686333523905 1.0749832095236278
61030.2101 lsst_hardware_i 95.36514652081308 31.24404308425136 31.239999771118164 AB 6.423267154372715 1.0886893481987652
61032.1351 lsst_hardware_r 73.94703362323463 23.257494114966995 31.479999542236328 AB 5.221309580997949 1.0684808146653375
61032.1482 lsst_hardware_i 114.25297505301913 31.097816426369274 31.25 AB 5.144738748943685 1.0629625514346457
61034.1757 lsst_hardware_i 7.898522727553271 29.8700008392334 31.239999771118164 AB 7.149106447679854 1.0680935927808546
61034.1887 lsst_hardware_u -0.5501982173279747 2.569999933242798 28.3799991607666 AB 7.2642801799685115 1.0776931046969493
61036.1753 lsst_hardware_g -20.391274064655867 13.119999885559082 31.3799991607666 AB 5.948448515693976 1.0713099532991903
61036.1897 lsst_hardware_r -15.613440704111188 21.610000610351562 31.479999542236328 AB 5.968101022897667 1.0841237098815018
61038.1759 lsst_hardware_i 36.59458512937677 36.34000015258789 31.270000457763672 AB 7.601923429881005 1.0760357309007402
61038.1903 lsst_hardware_r 30.86425919899743 31.190000534057617 31.559999465942383 AB 7.722075520004082 1.091189531918477
61040.1809 lsst_hardware_z -144.06612087853205 69.77999877929688 31.719999313354492 AB 7.099362161061264 1.086484625023775
61042.1776 lsst_hardware_r -141.2530303088559 74.41000366210938 31.639999389648438 AB 5.174998347791921 1.0890148038282663
61042.1902 lsst_hardware_i 21.463801152171946 60.040000915527344 31.309999465942383 AB 5.171236573712808 1.1063835202637595
61043.1737 lsst_hardware_z -84.4400603915449 81.63999938964844 31.719999313354492 AB 4.1122419441396225 1.0876309389185927
61043.1873 lsst_hardware_r -176.11494207673778 114.04000091552734 32.38999938964844 AB 4.179843412647998 1.1061200756797946
61045.116 lsst_hardware_z -31.19218914523905 52.290000915527344 30.969999313354492 AB 11.106294648250367 1.0622611727587548
61045.1289 lsst_hardware_i -64.21598831986091 53.7599983215332 31.309999465942383 AB 12.089820375503626 1.0620943842136195
61048.114 lsst_hardware_u -4.123788441664423 2.609999895095825 28.420000076293945 AB 6.195168608018779 1.0616649048358469
61048.1275 lsst_hardware_g -23.71716443310522 20.020000457763672 31.559999465942383 AB 7.857378638681046 1.0636765451037018
61056.093 lsst_hardware_z 27.941084149545784 40.86000061035156 30.950000762939453 AB 3.9507091556448395 1.061661849014401
61056.1065 lsst_hardware_u 0.22342708613904955 2.549999952316284 28.3700008392334 AB 3.991706249841078 1.0639584859974884
61058.0938 lsst_hardware_g -9.74175504591904 12.579999923706055 31.360000610351562 AB 4.171109561381748 1.062161843998408
61058.1085 lsst_hardware_r 22.541994469175645 21.389999389648438 31.469999313354492 AB 4.1988665815370485 1.0671919129589704
61060.0981 lsst_hardware_i 10.41680215544149 29.59000015258789 31.239999771118164 AB 8.123821934137226 1.0648955509273768
61060.1105 lsst_hardware_z 13.621740082086529 40.79999923706055 30.940000534057617 AB 8.234710139839425 1.0718440844540567
61064.074 lsst_hardware_u -3.2081481842378348 2.7200000286102295 28.389999389648438 AB 13.7470102725989 1.0617706673308154
61064.0859 lsst_hardware_g -14.047144595593762 13.800000190734863 31.399999618530273 AB 13.813561034661438 1.064403385383555
61066.0741 lsst_hardware_r -8.909781974338467 28.950000762939453 31.540000915527344 AB 12.661123636120337 1.0625610794852998
61066.0877 lsst_hardware_i 1.6895159325068905 33.290000915527344 31.25 AB 14.610705285584869 1.0677608276818702
61068.0779 lsst_hardware_z -4.146168031348415 64.4000015258789 31.700000762939453 AB 12.428397966472518 1.0655957101862692
61070.0692 lsst_hardware_z -80.65274298890893 49.77000045776367 30.959999084472656 AB 12.005728009323871 1.064290413485561
61070.0822 lsst_hardware_r -23.631845401220758 56.650001525878906 31.6299991607666 AB 11.815995919868133 1.0711465320864941
61073.0706 lsst_hardware_i -38.814589311399104 60.7400016784668 31.31999969482422 AB 7.161848726483394 1.0689326457437902
61073.0837 lsst_hardware_z -48.16681875967902 56.86000061035156 30.979999542236328 AB 6.5798094475709314 1.0790995403970367
61079.0639 lsst_hardware_i 24.738243123431232 29.940000534057617 31.239999771118164 AB 10.60235301030648 1.0760168819661515
61079.0772 lsst_hardware_r -34.90631128077462 21.639999389648438 31.469999313354492 AB 11.080514531926799 1.0897973476200262
61081.0634 lsst_hardware_u 0.4729415212207098 2.569999933242798 28.3799991607666 AB 2.809560246095858 1.0806000946522532
61081.0763 lsst_hardware_g 8.606166407387125 12.670000076293945 31.350000381469727 AB 2.8486744199262093 1.0956440076639267
61083.0607 lsst_hardware_r -1.4342889055955217 21.68000030517578 31.479999542236328 AB 2.179875124883268 1.0834369407969087
61083.0722 lsst_hardware_i -21.131197454116116 30.209999084472656 31.239999771118164 AB 2.1189137402235936 1.0975036637898448
61330.3652 lsst_hardware_g 15.372026634997628 14.3100004196167 31.43000030517578 AB 5.2247907091726145 1.0683005079328332
61330.3774 lsst_hardware_r -24.739117584591092 30.6200008392334 31.559999465942383 AB 5.244125469949638 1.0773202136407247
61334.3661 lsst_hardware_r -11.93030119595901 23.049999237060547 31.5 AB 2.6939803699946836 1.0769818582782271
61340.3555 lsst_hardware_z 4.431670100762193 56.63999938964844 30.969999313354492 AB 3.340626281270313 1.082568603166183
61340.3654 lsst_hardware_i -8.781857896566121 62.56999969482422 31.31999969482422 AB 3.357513968912136 1.0942468122473012
61345.1754 lsst_hardware_g -10.615319869771527 12.970000267028809 31.34000015258789 AB 5.71106112033102 1.2883061403859133
61345.1907 lsst_hardware_r 0.9060375044075767 22.25 31.469999313354492 AB 5.450329373568481 1.2306930694493963
61348.2842 lsst_hardware_r 3.5232059316369373 21.56999969482422 31.489999771118164 AB 5.44474773630455 1.062562576608359
61348.3003 lsst_hardware_g -8.994607273748986 13.350000381469727 31.40999984741211 AB 6.05505482715059 1.062290320552735
61355.3315 lsst_hardware_u 0.8205854672042637 2.5999999046325684 28.389999389648438 AB 2.1704192517228207 1.1042580777017659
61355.3422 lsst_hardware_r -37.92623779255835 21.979999542236328 31.469999313354492 AB 2.793839642334902 1.1222493040108061
61358.3287 lsst_hardware_i -10.265080606228885 30.209999084472656 31.239999771118164 AB 6.58765678971285 1.1128895228492786
61358.3399 lsst_hardware_z -2.3147957170884172 42.22999954223633 30.940000534057617 AB 6.603364460317135 1.133673455567558
61360.328 lsst_hardware_z 30.55361709682979 41.540000915527344 30.940000534057617 AB 5.4863142451948175 1.1212434431800995
61360.3396 lsst_hardware_r 27.273095675707193 22.010000228881836 31.459999084472656 AB 4.564421865291584 1.1446108370112131
61362.3217 lsst_hardware_u -2.682326775783825 2.549999952316284 28.350000381469727 AB 5.095100834306377 1.1197203503713886
61362.3337 lsst_hardware_g -11.191039321166835 12.859999656677246 31.350000381469727 AB 4.186314036510729 1.143645413607565
61363.3148 lsst_hardware_r -13.84567731463042 21.579999923706055 31.459999084472656 AB 6.94017015234297 1.1124741768602981
61363.3265 lsst_hardware_i 12.763470911254242 30.34000015258789 31.229999542236328 AB 7.08782072301145 1.134187418172069
61365.3205 lsst_hardware_z 37.3282649310952 41.58000183105469 30.93000030517578 AB 4.737171800272974 1.1330913831903306
61365.3322 lsst_hardware_r 17.642148805959625 21.770000457763672 31.450000762939453 AB 4.85825998057309 1.1590743124354264
61367.317 lsst_hardware_z 14.273223385327531 52.5099983215332 30.959999084472656 AB 7.2605414931578025 1.1371247444256543
61367.329 lsst_hardware_r -17.578051493061412 51.099998474121094 31.600000381469727 AB 7.465852599396002 1.164643889408635
61369.3172 lsst_hardware_i -35.75043727097571 62.72999954223633 31.299999237060547 AB 7.895253845833322 1.1494873474316651
61369.3292 lsst_hardware_z -118.06202080027666 59.27000045776367 30.959999084472656 AB 7.87786839361725 1.179409894994887
61373.3022 lsst_hardware_y 127.25040723330083 69.8499984741211 30.760000228881836 AB 5.1292821491449185 1.1404740742957018
61375.2961 lsst_hardware_r -6.328494910434689 29.75 31.540000915527344 AB 7.8678506567891 1.139112589661083
61375.3076 lsst_hardware_i -14.728789397532758 34.2400016784668 31.25 AB 8.13389380804234 1.1657596705582634
61378.2907 lsst_hardware_i -24.834626658366556 30.8700008392334 31.229999542236328 AB 5.005884402734878 1.1451619039350798
61378.3018 lsst_hardware_z 49.247037287077575 42.7599983215332 30.93000030517578 AB 4.191953186281695 1.1718913974460818
61380.2849 lsst_hardware_r 16.00582326098187 21.81999969482422 31.459999084472656 AB 5.970025986907174 1.1444139272026532
61380.297 lsst_hardware_u 3.134622997459174 2.549999952316284 28.31999969482422 AB 5.081791175117519 1.1736238279717133
61384.1945 lsst_hardware_g -2.9489629694762285 12.770000457763672 31.399999618530273 AB 10.238054235046308 1.0616350179786016
61384.2061 lsst_hardware_r 2.2781713987056196 21.56999969482422 31.489999771118164 AB 10.402088099392827 1.0632729728418437
61393.1929 lsst_hardware_z -71.45851822381961 44.56999969482422 30.959999084472656 AB 5.517424531045605 1.068164274208965
61393.2048 lsst_hardware_r -9.320166650349167 33.43000030517578 31.579999923706055 AB 5.52195213199128 1.0768237386880208
61395.1977 lsst_hardware_z -29.97510729718825 70.2699966430664 31.719999313354492 AB 5.131153951847923 1.0754130121238714
61404.1728 lsst_hardware_g 1.028257420484079 18.209999084472656 31.510000228881836 AB 9.998859180124786 1.0751461484005145
61404.1869 lsst_hardware_r -21.328720727908994 27.399999618530273 31.530000686645508 AB 10.132604597228442 1.0895273760460689
61406.1792 lsst_hardware_i -7.010083221541476 30.139999389648438 31.239999771118164 AB 7.610809845912994 1.0868843506611285
61406.1909 lsst_hardware_r -11.930708714326233 21.719999313354492 31.469999313354492 AB 7.7180904536864485 1.1022591840673357
61408.1735 lsst_hardware_u -0.03692236438991635 2.569999933242798 28.3799991607666 AB 4.115541714940246 1.0866116739116163
61408.1881 lsst_hardware_g 16.140312906742544 12.75 31.3700008392334 AB 4.176581835752217 1.1063060289390685
61410.1765 lsst_hardware_r 1.4364762037016383 21.59000015258789 31.469999313354492 AB 12.53090896282787 1.0972854994120955
61410.1906 lsst_hardware_i -44.551774174593675 30.280000686645508 31.229999542236328 AB 12.890914470875408 1.1196752509862324
61412.1174 lsst_hardware_r -33.08825423885954 21.420000076293945 31.479999542236328 AB 9.331894645770554 1.0616590577199878
61412.13 lsst_hardware_i -17.716400281362553 29.739999771118164 31.239999771118164 AB 8.506430894925487 1.0633924779055113
61414.1572 lsst_hardware_u -1.3885939251043953 2.5199999809265137 28.34000015258789 AB 6.954947707485951 1.0867105792946798
61414.1704 lsst_hardware_g -9.362727383513123 12.5600004196167 31.350000381469727 AB 8.299967009691168 1.1042819269163582
61416.1046 lsst_hardware_u 2.216445470863119 2.6600000858306885 28.459999084472656 AB 6.073692100944787 1.0617414738125701
61416.1195 lsst_hardware_g -30.999438927183267 12.65999984741211 31.3700008392334 AB 6.025910960716128 1.0635211720289708
61421.1027 lsst_hardware_z 17.070907254312893 60.38999938964844 31.700000762939453 AB 3.961427627208153 1.0626859706815512
61423.0989 lsst_hardware_z 36.96843487430629 80.06999969482422 32.15999984741211 AB 4.233257973486829 1.0630984363352105
61423.1129 lsst_hardware_r -24.062260517626118 76.41999816894531 32.810001373291016 AB 4.223312144695677 1.0693283060376444
61425.0969 lsst_hardware_i -25.5680219561644 50.29999923706055 31.309999465942383 AB 8.177149737243774 1.0641787789229273
61425.1102 lsst_hardware_z 37.52186615241921 50.75 30.969999313354492 AB 8.2191866042173 1.0711480277870888
61427.0956 lsst_hardware_i -78.63085925148286 61.619998931884766 31.31999969482422 AB 11.96135521904987 1.0658765278921685
61427.1085 lsst_hardware_z -4.134172226133612 57.349998474121094 30.969999313354492 AB 11.982529495060469 1.0739439386117413
61429.0791 lsst_hardware_u 13.650631554155046 14.5 29.3700008392334 AB 13.784262839312055 1.0623299941668571
61429.0942 lsst_hardware_g -97.59934390194285 72.06999969482422 31.709999084472656 AB 13.856201922115101 1.0679565241138465
61431.0721 lsst_hardware_r -1.4743022484794612 21.59000015258789 31.489999771118164 AB 12.667590701390614 1.0620787866403545
61431.0853 lsst_hardware_i -5.56258017191265 37.40999984741211 31.290000915527344 AB 14.549126169973718 1.0661694617516801
61433.0705 lsst_hardware_z -3.1905169436267684 41.08000183105469 30.940000534057617 AB 12.356036990592498 1.0628239519390286
61433.0832 lsst_hardware_u -1.957634564107157 2.609999895095825 28.40999984741211 AB 12.45046049886952 1.0679146127804369
61435.0703 lsst_hardware_g 17.837035078368476 12.84000015258789 31.399999618530273 AB 12.012295484725119 1.064440122408634
61435.0832 lsst_hardware_r 21.1444982175238 21.600000381469727 31.489999771118164 AB 11.957875055570716 1.0713661798683594
61437.0682 lsst_hardware_i 29.95985592025558 52.029998779296875 32.439998626708984 AB 8.647852482006959 1.065837781768246
61437.0833 lsst_hardware_z -132.68701424883383 58.369998931884766 31.700000762939453 AB 8.718257094139663 1.0756751059508713
61439.0631 lsst_hardware_i -44.16132246334437 30.0 31.260000228881836 AB 8.445696700615686 1.0660057051675
61439.0759 lsst_hardware_u -3.640996771835654 2.7699999809265137 28.540000915527344 AB 8.479074923944491 1.0740823921138158
61441.0657 lsst_hardware_g -17.237498955416132 12.75 31.389999389648438 AB 6.393272369724453 1.0706010108386026
61441.0784 lsst_hardware_r -14.550241725087675 21.639999389648438 31.489999771118164 AB 6.501537154868583 1.0812618094161595
61444.0631 lsst_hardware_i -13.418568563512782 29.850000381469727 31.25 AB 10.616878002070138 1.0747731634722706
61444.0774 lsst_hardware_r 50.35096065043656 21.579999923706055 31.469999313354492 AB 10.957768926980414 1.0892143760821464
61446.0616 lsst_hardware_u -4.4268565793578984 2.6500000953674316 28.450000762939453 AB 2.803384269288003 1.078224718956924
61446.0747 lsst_hardware_g 9.01747565077016 12.779999732971191 31.3700008392334 AB 2.840882527323661 1.0926471258937156
