data/validation/pwv_sim_epoch_fit_4/22450608.ecsv
# %ECSV 0.9
# ---
# datatype:
# - {name: time, datatype: float64}
# - {name: band, datatype: string}
# - {name: flux, datatype: float64}
# - {name: fluxerr, datatype: float64}
# - {name: zp, datatype: float64}
# - {name: zpsys, datatype: string}
# - {name: pwv, datatype: float64}
# - {name: airmass, datatype: float64}
# meta: {SNID: '22450608', alt: 1024.0, c: -0.09223303943872452, dec: -2.089372, lat: -30.244573, lon: -70.7499537, ra: 182.285156, t0: 62199.8828125,
#   x0: 2.077804922421205e-06, x1: 0.02082519233226776, z: 0.8766831159591675}
# schema: astropy-2.0
time band flux fluxerr zp zpsys pwv airmass
[from data line 133]
62551.3014 lsst_hardware_z 17.477974531399116 96.11000061035156 30.989999771118164 AB 2.990452325941441 1.1356148073195345
62551.3177 lsst_hardware_r 82.71426375825592 143.41000366210938 31.6299991607666 AB 2.9252001895842232 1.1503326978538646
62553.3025 lsst_hardware_i -207.8984045889721 95.93000030517578 31.31999969482422 AB 7.409373979241536 1.1400790858965282
62553.3202 lsst_hardware_z -75.95869527582248 83.73999786376953 30.979999542236328 AB 7.544128644473028 1.1620504939821106
62555.2744 lsst_hardware_z -92.6484323752934 53.709999084472656 30.959999084472656 AB 12.109827135256076 1.132747611803699
62555.2918 lsst_hardware_r -83.93898108608671 59.59000015258789 31.610000610351562 AB 12.51299892362424 1.136357346739687
62558.2726 lsst_hardware_y -39.21960613125996 49.04999923706055 30.010000228881836 AB 7.340253630809862 1.1325221606886229
62558.2909 lsst_hardware_g -12.82457139053586 21.09000015258789 31.530000686645508 AB 7.396383246640944 1.1418723894517018
62560.2677 lsst_hardware_r -26.247328685591963 24.790000915527344 31.5 AB 6.209787047281293 1.1325872354223108
62560.287 lsst_hardware_i 16.2793144823259 32.650001525878906 31.239999771118164 AB 6.23668167508728 1.1433662322941727
62562.2688 lsst_hardware_z 68.74132254313378 42.970001220703125 30.940000534057617 AB 3.8977558145576703 1.1343876060994385
62562.2862 lsst_hardware_r 5.342620870303347 24.760000228881836 31.5 AB 3.9925719080126947 1.148500884460455
62564.2661 lsst_hardware_u -0.4518891236930788 2.700000047683716 28.34000015258789 AB 6.484833722056876 1.1357142495465857
62564.2848 lsst_hardware_r -23.93819095651839 24.84000015258789 31.479999542236328 AB 6.739585284182359 1.153808077869551
62567.2705 lsst_hardware_r -18.099874999035787 25.0 31.489999771118164 AB 11.109989527525915 1.1461179158920505
62567.2893 lsst_hardware_u -0.7743166679932388 2.7100000381469727 28.329999923706055 AB 11.38534083523477 1.175614938027078
62569.2382 lsst_hardware_u -3.199307177358895 2.7100000381469727 28.34000015258789 AB 9.996009308479191 1.132478395975739
62569.2548 lsst_hardware_g -1.2765226216575762 15.720000267028809 31.43000030517578 AB 8.76315087881453 1.137111643264101
62573.2352 lsst_hardware_r -1.3847575361859823 25.219999313354492 31.5 AB 15.686102292519704 1.1331705566740637
62573.2542 lsst_hardware_i -25.903896831465115 32.88999938964844 31.239999771118164 AB 17.312319773566642 1.146207612127013
62576.232 lsst_hardware_z -69.90985353375284 56.06999969482422 30.959999084472656 AB 9.432828740627585 1.1350267215579195
62576.2506 lsst_hardware_r 4.9204578992689605 63.13999938964844 31.610000610351562 AB 8.667289968276766 1.1518375983623064
62579.2328 lsst_hardware_i -102.13094748576118 129.9199981689453 31.329999923706055 AB 7.6712709055091235 1.141176080257224
62579.2515 lsst_hardware_z 17.041904296069706 109.31999969482422 30.989999771118164 AB 6.567225719067795 1.1659866933303986
62581.1914 lsst_hardware_r -151.37070671114492 138.89999389648438 31.6299991607666 AB 6.031626883057549 1.1380428081240659
62581.2111 lsst_hardware_z 71.7346655004718 93.61000061035156 30.979999542236328 AB 6.453222232446822 1.1326907249018021
62583.2325 lsst_hardware_y 81.77671759592293 53.060001373291016 30.020000457763672 AB 7.491272204468926 1.153213085663306
62583.2534 lsst_hardware_r 7.77563491320583 70.44000244140625 31.610000610351562 AB 7.332048386604299 1.1931406883357154
62585.164 lsst_hardware_i 11.76547370070931 39.84000015258789 31.260000228881836 AB 9.824045879178659 1.1559740988620155
62585.1804 lsst_hardware_z -49.00240197177079 46.86000061035156 30.940000534057617 AB 7.870896191658311 1.1380980154223581
62590.0376 lsst_hardware_r 32.793840384037544 37.45000076293945 32.09000015258789 AB 10.720598758745624 1.8307033399497954
62590.0684 lsst_hardware_g -3.8848448362198083 15.579999923706055 31.299999237060547 AB 7.528916601602646 1.4963562757830493
62593.1965 lsst_hardware_i -7.947918532313196 46.220001220703125 31.989999771118164 AB 9.372328928901137 1.1429669425489193
62593.2188 lsst_hardware_z 45.22359424097613 61.959999084472656 31.690000534057617 AB 10.022399714628515 1.1766141951900184
62595.184 lsst_hardware_r 37.939352092015774 25.059999465942383 31.5 AB 5.2420660472267695 1.137230946355737
62595.2032 lsst_hardware_u -3.372833697072832 2.700000047683716 28.31999969482422 AB 5.311945565408363 1.1582960238569961
62597.1725 lsst_hardware_g 7.586408059162801 15.9399995803833 31.450000762939453 AB 15.432628658345413 1.1340849984086612
62597.1919 lsst_hardware_r -22.57478001771946 25.270000457763672 31.5 AB 15.709827071729807 1.150060546978756
62599.1749 lsst_hardware_i -6.355896332879431 32.849998474121094 31.25 AB 9.579527076004316 1.1384998010503298
62599.1943 lsst_hardware_z 51.69174310730587 43.81999969482422 30.940000534057617 AB 9.823673198237467 1.1615339282574597
62601.1633 lsst_hardware_r -25.498663691505893 24.860000610351562 31.5 AB 5.459316406806006 1.1348160695953866
62601.18 lsst_hardware_g 7.642215775203013 15.649999618530273 31.43000030517578 AB 5.630081316798124 1.1488398823557593
62605.159 lsst_hardware_z 59.18836765314699 59.33000183105469 30.979999542236328 AB 5.621985985258464 1.1388607283011167
62605.1754 lsst_hardware_i -98.44051576864973 61.7599983215332 31.309999465942383 AB 6.422565858279376 1.157531920028627
62607.1218 lsst_hardware_z -84.5293003012446 136.9600067138672 31.739999771118164 AB 18.148479983459126 1.1370990570451196
62609.1578 lsst_hardware_r -115.70770398533276 141.61000061035156 31.6299991607666 AB 13.555411260720467 1.1484068165869759
62609.1759 lsst_hardware_i 79.69091817525302 112.91999816894531 31.309999465942383 AB 15.19951778782439 1.178257192854604
62613.1219 lsst_hardware_i -19.481013127535647 43.93000030517578 31.280000686645508 AB 10.240512018932108 1.1324659413446005
62613.1395 lsst_hardware_z 22.73106539577414 48.90999984741211 30.950000762939453 AB 11.554812164678149 1.140765343536198
62619.1234 lsst_hardware_z -50.50389944640063 43.25 30.93000030517578 AB 2.675103351713819 1.1410123061266022
62619.1417 lsst_hardware_i -9.739367304295289 32.52000045776367 31.229999542236328 AB 2.4178605556149355 1.1649532910695908
62621.1145 lsst_hardware_u 4.300922054507889 2.759999990463257 28.399999618530273 AB 11.999530093453822 1.1382593524429732
62621.133 lsst_hardware_g 0.669423390301539 15.210000038146973 31.40999984741211 AB 12.081537933771328 1.159540075703273
62624.1146 lsst_hardware_r 37.928340625227634 24.59000015258789 31.5 AB 15.155157821196202 1.1458177009183232
62624.1338 lsst_hardware_i 5.072435532828306 32.560001373291016 31.239999771118164 AB 13.322738767280761 1.1758816211192198
62626.1111 lsst_hardware_z 56.50004902834499 43.4900016784668 30.940000534057617 AB 10.670729705868732 1.1480692566430268
62626.1298 lsst_hardware_u 0.06761368912822778 2.7899999618530273 28.399999618530273 AB 10.147655555743633 1.178931810135769
62628.1126 lsst_hardware_g 8.702014412466884 15.34000015258789 31.420000076293945 AB 7.692975381122248 1.1575346646286861
62628.1304 lsst_hardware_r -14.889331599305452 24.700000762939453 31.479999542236328 AB 7.356508908842848 1.192818437278594
62632.0809 lsst_hardware_z 51.63557607778088 48.290000915527344 30.950000762939453 AB 8.757849532458211 1.1359692416310712
62632.0985 lsst_hardware_g -18.682160860606675 37.959999084472656 31.639999389648438 AB 9.02164248512662 1.1529255572046797
62635.0359 lsst_hardware_r -48.27554883092753 107.31999969482422 31.6299991607666 AB 6.731388006158513 1.1452321051692522
62635.0549 lsst_hardware_i -81.95999532981297 89.55000305175781 31.31999969482422 AB 7.228064801243526 1.1329551139648488
62638.0494 lsst_hardware_z 289.8940985308398 103.61000061035156 31.729999542236328 AB 10.068820502872914 1.132515803412507
62643.0351 lsst_hardware_i -17.770580157377765 32.349998474121094 31.239999771118164 AB 5.202375081058882 1.132592543046137
62643.0555 lsst_hardware_z 12.401457821709647 43.119998931884766 30.93000030517578 AB 5.768873725873755 1.1390618627804447
62644.9998 lsst_hardware_z 36.76432044514752 43.400001525878906 30.940000534057617 AB 9.15432348625488 1.1565303823281665
62645.0189 lsst_hardware_i 36.65892221230097 32.52000045776367 31.25 AB 8.564006239953555 1.1365635354947923
62647.0011 lsst_hardware_u -1.0903217779090257 2.819999933242798 28.420000076293945 AB 6.538477016934928 1.1475206464821708
62647.0198 lsst_hardware_g -15.696159318838525 15.819999694824219 31.450000762939453 AB 6.4378814985088075 1.133596155276669
62650.9996 lsst_hardware_r 5.241882724301356 25.06999969482422 31.5 AB 10.841649951676143 1.1385297927725382
62651.0193 lsst_hardware_i 58.88157007054142 32.66999816894531 31.25 AB 10.884524042330955 1.1325953062959813
62652.9892 lsst_hardware_z -62.85165521879709 43.20000076293945 30.940000534057617 AB 7.827351728477401 1.1427346919768457
62653.0109 lsst_hardware_u 0.8209538588680932 2.8299999237060547 28.440000534057617 AB 7.700283244751757 1.132394594816435
62655.996 lsst_hardware_g 9.846214511383579 15.930000305175781 31.440000534057617 AB 12.240273132652408 1.1333586233937414
62656.0146 lsst_hardware_r -33.521733863548185 25.18000030517578 31.5 AB 12.787760485204593 1.1355542666404086
62657.9964 lsst_hardware_i 40.00239420773018 33.13999938964844 31.239999771118164 AB 4.8693530431913485 1.1324076844631044
62658.0179 lsst_hardware_z 6.243306928126523 43.70000076293945 30.940000534057617 AB 5.043628704703149 1.141910578024197
62672.9533 lsst_hardware_y -81.48183917857712 66.16000366210938 30.030000686645508 AB 4.813948297628701 1.132582679571501
62672.9671 lsst_hardware_i 17.737859941966523 33.88999938964844 31.25 AB 6.032021276081386 1.1350120003917974
