data/validation/pwv_sim_epoch_fit_4/2255460.ecsv
# %ECSV 0.9
# ---
# datatype:
# - {name: time, datatype: float64}
# - {name: band, datatype: string}
# - {name: flux, datatype: float64}
# - {name: fluxerr, datatype: float64}
# - {name: zp, datatype: float64}
# - {name: zpsys, datatype: string}
# - {name: pwv, datatype: float64}
# - {name: airmass, datatype: float64}
# meta: {SNID: '2255460', alt: 1024.0, c: -0.09908019006252289, dec: -9.442778, lat: -30.244573, lon: -70.7499537, ra: 356.835938, t0: 62386.11328125,
#   x0: 3.768889053902826e-06, x1: -0.9111698865890503, z: 0.6882713437080383}
# schema: astropy-2.0
time band flux fluxerr zp zpsys pwv airmass
62307.4175 lsst_hardware_g 38.68769040956544 16.440000534057617 31.479999542236328 AB 3.8975655405890275 1.08245663967479
62307.4375 lsst_hardware_y 25.94450903673281 54.59000015258789 30.049999237060547 AB 3.8565815816269358 1.0712726615630377
62309.4202 lsst_hardware_i -43.97772225729008 32.439998626708984 31.260000228881836 AB 1.7386027876923205 1.0759790331257268
62309.4388 lsst_hardware_y -38.048413351293824 54.790000915527344 30.049999237060547 AB 1.7357953027919435 1.071037825663478
62311.4176 lsst_hardware_i -20.034416222433016 41.4900016784668 31.290000915527344 AB 4.268706481989426 1.0743388796953255
62311.4366 lsst_hardware_y -70.98145117997117 51.52000045776367 30.040000915527344 AB 4.21265748732871 1.0715594761732063
62313.4123 lsst_hardware_z 10.402709835045963 59.77000045776367 30.979999542236328 AB 5.800990615523234 1.0742575213931913
62313.4322 lsst_hardware_y 54.152860143084546 54.130001068115234 30.040000915527344 AB 6.222623259643965 1.0718188998640539
62324.4017 lsst_hardware_g -8.89266091774701 16.579999923706055 31.489999771118164 AB 1.6891826144809947 1.071703043976522
62324.4214 lsst_hardware_r -8.558011928511373 25.350000381469727 31.520000457763672 AB 1.886527047007723 1.0842109465561625
62326.3769 lsst_hardware_i 2.7130213633468427 32.099998474121094 31.260000228881836 AB 2.1971292412502086 1.074215730728807
62326.3957 lsst_hardware_z 8.855675573329851 42.2599983215332 30.950000762939453 AB 2.268885029439634 1.071576682669643
62331.3641 lsst_hardware_g -13.80243194520051 15.449999809265137 31.459999084472656 AB 6.120662086381343 1.0738003660318145
62331.3843 lsst_hardware_r -2.095466093142761 24.420000076293945 31.510000228881836 AB 6.374401355726989 1.072183904079221
62335.3646 lsst_hardware_u 0.9806410775353886 2.75 28.420000076293945 AB 1.6872630663917845 1.0709381570244405
62335.3892 lsst_hardware_g 22.10395761926691 15.289999961853027 31.450000762939453 AB 2.029431988485704 1.0820751738126921
62344.3376 lsst_hardware_z 108.59742183846447 78.19999694824219 30.989999771118164 AB 2.7163728446057522 1.0711249387246657
62344.359 lsst_hardware_r -145.85225921236258 113.08000183105469 31.649999618530273 AB 2.732868092481114 1.0774169495292296
62346.3283 lsst_hardware_i -41.9021454844548 86.56999969482422 31.329999923706055 AB 3.965969352319684 1.0718836087350496
62346.3481 lsst_hardware_z 52.271886377153244 74.70999908447266 30.989999771118164 AB 4.536801302195741 1.0741169108483555
62350.3041 lsst_hardware_g 49.147406192783585 32.68000030517578 31.649999618530273 AB 1.4929275207305432 1.0789647222817706
62350.3286 lsst_hardware_r -14.487188405279255 37.400001525878906 31.59000015258789 AB 1.4967526901666182 1.0712771252534545
62353.2606 lsst_hardware_r 24.86327376069439 24.412515513453442 31.5 AB 0.5229582409272499 1.1337848041783194
62353.2806 lsst_hardware_i -22.382804077286234 31.849456413491826 31.25 AB 0.5015058375781224 1.095987989607989
62355.274 lsst_hardware_z -10.858489207338124 42.58294233993293 30.950000762939453 AB 4.635476172066802 1.0976520722377427
62355.2942 lsst_hardware_u 5.366076676586881 2.942785541010175 28.459999084472656 AB 4.522439799507525 1.0762588766081689
62357.294 lsst_hardware_g 18.588371600345607 15.31545243885897 31.450000762939453 AB 4.815558899267585 1.073404045531922
62357.3154 lsst_hardware_r -37.28987608963772 24.67197094065796 31.5 AB 4.8058222429309145 1.0729277565613204
62361.2877 lsst_hardware_i 46.323472969935736 32.250432281958894 31.260000228881836 AB 3.644097214043754 1.071793298248163
62361.3095 lsst_hardware_z 71.08773708546315 42.679072930591005 30.950000762939453 AB 3.971823729244271 1.0754035367989903
62363.2799 lsst_hardware_i 111.1949732770109 33.278322930632235 31.260000228881836 AB 5.040773782999709 1.072505060212704
62363.3019 lsst_hardware_u 6.0925175400072025 4.56303847349003 28.520000457763672 AB 5.06104412433631 1.074227562827857
62368.2294 lsst_hardware_r 392.47953761756577 60.35309027339824 31.6200008392334 AB 1.997879287313266 1.1130246725979198
62368.2499 lsst_hardware_i 289.2148722720228 52.51471162296005 31.309999465942383 AB 1.937959589056837 1.0835165199963679
62370.2683 lsst_hardware_z 690.0450813577659 97.0820253626688 31.739999771118164 AB 1.9193718572275968 1.0709784379582983
62373.23 lsst_hardware_i 724.8008433519153 124.1649633789783 31.34000015258789 AB 3.7076487606491524 1.0905918503723362
62373.2552 lsst_hardware_z 403.91780204739234 102.27092737340521 31.0 AB 3.499908661745903 1.0717286909500572
62377.2157 lsst_hardware_i 960.3721320288109 62.01852048693863 31.309999465942383 AB 5.819746316522484 1.0951037414267988
62377.2344 lsst_hardware_z 557.7260713919773 58.60867101894326 30.969999313354492 AB 5.709028143036891 1.076092261190668
62379.2034 lsst_hardware_g 350.8027177271805 28.89994956968972 31.549999237060547 AB 4.31245693447054 1.1057581883257797
62379.2204 lsst_hardware_r 1304.1519206827359 47.83768253894485 31.559999465942383 AB 4.545306215602667 1.082989329426416
62386.1997 lsst_hardware_g 268.09733904909456 22.52163558705815 31.459999084472656 AB 2.5824309449960645 1.0845993049119662
62386.2178 lsst_hardware_r 1184.4181227803401 42.706021824828184 31.520000457763672 AB 1.980311241273344 1.0722739326450739
62388.1893 lsst_hardware_i 1159.599813816362 47.282217847375115 31.25 AB 3.5474773010995815 1.0902734694120881
62388.208 lsst_hardware_z 822.9364807237986 50.481171160318446 30.950000762939453 AB 3.5236647474334504 1.0740424437806753
62394.1679 lsst_hardware_z 802.3916491491884 51.7824166855296 30.959999084472656 AB 1.114467065279413 1.0970963727125989
62394.1856 lsst_hardware_g 141.87624926107858 28.547812996152633 31.6200008392334 AB 1.0575171432274213 1.077724477174442
62397.1565 lsst_hardware_r 857.8168756939815 68.73113718257231 31.6299991607666 AB 2.4966560332925294 1.1020331199702182
62397.1738 lsst_hardware_i 973.193392215802 62.046824355902984 31.309999465942383 AB 1.306837658917263 1.080626509578773
62402.1574 lsst_hardware_r 438.7584557064905 144.40506900815691 31.65999984741211 AB 1.4561681894590397 1.083189826029536
62402.1765 lsst_hardware_i 696.3345078213586 116.34118212508808 31.34000015258789 AB 2.126709706386014 1.0716152205175526
62405.1447 lsst_hardware_z 525.1521294272451 61.40862640437244 30.969999313354492 AB 3.058923938276611 1.0880687473120505
62405.1636 lsst_hardware_i 633.4004524255884 63.81892526679283 31.31999969482422 AB 3.013703298503969 1.0731287709806419
62410.1339 lsst_hardware_r 223.06450937924197 29.62413637632923 31.510000228881836 AB 6.314029061506727 1.0848847184719463
62410.1529 lsst_hardware_i 437.70555908801646 37.92394618148758 31.25 AB 6.369932895894383 1.0720784677522104
62412.1343 lsst_hardware_z 448.8438274597331 46.579875935321894 30.940000534057617 AB 3.4052126123304625 1.0793922219923806
62412.1524 lsst_hardware_u -2.822199615455209 2.737010463568074 28.399999618530273 AB 3.392909718931358 1.0710787527208137
62415.1089 lsst_hardware_r 183.6707048103222 27.87818801667172 31.510000228881836 AB 3.8002034396342625 1.0995959026720168
62415.1275 lsst_hardware_g 30.315830365355833 16.974036050600297 31.450000762939453 AB 4.63989356702849 1.0782927183425879
62417.1088 lsst_hardware_r 166.05625198078909 27.46981644480874 31.5 AB 10.29720052494079 1.0919618796327262
62417.1268 lsst_hardware_i 198.82603586110315 35.81159017759817 31.25 AB 5.342434339212802 1.0751167544952813
62419.1066 lsst_hardware_z 274.66013436831355 45.373938174157814 30.940000534057617 AB 3.46502618195971 1.0879203083076012
62419.1252 lsst_hardware_i 235.65573796747532 35.079190695619545 31.239999771118164 AB 3.3534829682268716 1.0732004058650682
62421.1024 lsst_hardware_u -2.780682186630848 3.240439809543174 28.540000915527344 AB 6.289889513586854 1.0864774389751444
62421.1199 lsst_hardware_g 55.864765639793326 17.78467950329856 31.469999313354492 AB 6.212278903081025 1.0731332407757972
62424.0971 lsst_hardware_r 114.28007733540164 40.86241398565802 31.59000015258789 AB 6.717191418920528 1.0834179707936336
62424.1157 lsst_hardware_i 212.67826366580934 41.9014175011878 31.280000686645508 AB 6.645110248361007 1.071791975542098
62426.1103 lsst_hardware_z 424.7003592668979 83.65889643684035 31.729999542236328 AB 7.366406118703254 1.0717760518015815
62428.1029 lsst_hardware_z 180.6535715956733 82.84830766563468 31.0 AB 4.5208271864461835 1.0723448554527417
62428.1203 lsst_hardware_r 74.09705717714797 112.50019583797268 31.65999984741211 AB 4.532157414869074 1.0724672946388139
62430.0744 lsst_hardware_r 101.10490571803663 126.50216030419227 31.649999618530273 AB 3.3349083120828658 1.090552096822389
62430.0911 lsst_hardware_i 181.24172969300574 102.43518427153816 31.34000015258789 AB 2.803221998634154 1.0752329865308143
62434.0764 lsst_hardware_u 11.293048042564845 8.682119851540858 29.1299991607666 AB 4.124033406109979 1.0777090782517076
62434.0937 lsst_hardware_g 162.90895199987014 54.25672092517591 31.700000762939453 AB 4.863089171598893 1.0709684356613942
62436.0695 lsst_hardware_r 76.24489893094466 25.445624638494902 31.510000228881836 AB 3.152619455569408 1.078802140607759
62436.087 lsst_hardware_i 127.78786111899731 32.96379383824742 31.25 AB 4.547016588478847 1.0710623245475714
62441.0505 lsst_hardware_r 70.49228919006848 25.38913498756939 31.5 AB 4.40753333716835 1.0835976243803882
62441.0693 lsst_hardware_g 62.501524050330346 16.881556973988307 31.440000534057617 AB 4.455945083724861 1.07178474653608
62450.0467 lsst_hardware_r 54.229712371060636 26.246501296938142 31.520000457763672 AB 9.266114779881045 1.0713509977893838
62450.0646 lsst_hardware_i 107.25246550239783 33.225661351709185 31.25 AB 9.210928619444093 1.0743487046648503
62452.021 lsst_hardware_y -28.670137040658133 52.58748124119955 30.030000686645508 AB 5.661710981724175 1.0830628372499618
62452.0392 lsst_hardware_z 98.74030915500448 44.892351034576336 30.950000762939453 AB 5.383114108224158 1.0717997228918184
62455.0238 lsst_hardware_y 115.3783687699706 56.57979574165435 30.049999237060547 AB 6.008225869427661 1.0746886243908091
62455.0424 lsst_hardware_z 46.108901374573286 62.03956773271016 30.979999542236328 AB 5.720528803347953 1.0713603901765996
62459.0262 lsst_hardware_z 75.22325841934575 106.80268472482578 31.739999771118164 AB 6.039365840156644 1.070936134322611
62681.4125 lsst_hardware_u 0.7831673166798486 2.809999942779541 28.43000030517578 AB 2.4645137986522445 1.0715277385444542
62681.4333 lsst_hardware_z -42.11242459932659 44.34000015258789 30.950000762939453 AB 2.161732873165179 1.0755781772113007
62687.3792 lsst_hardware_i 69.45622798617735 32.06999969482422 31.25 AB 4.558960269281133 1.0807064760652207
62687.4012 lsst_hardware_z 71.64391140870943 42.27000045776367 30.950000762939453 AB 4.456375419410676 1.0709651940185472
62689.3827 lsst_hardware_i 20.13466988356051 31.889999389648438 31.25 AB 1.5637556197048246 1.074438444686968
62689.4028 lsst_hardware_u 1.5052678500174836 2.8299999237060547 28.459999084472656 AB 1.6925332112064833 1.0718454026322128
62703.3056 lsst_hardware_z 73.0039572755012 52.41999816894531 30.959999084472656 AB 5.5061101464632785 1.1261666199239717
62705.2045 lsst_hardware_i 6.957269960052707 62.29999923706055 32.34000015258789 AB 8.962480956408685 1.6958336719789375
62705.2363 lsst_hardware_z 81.39388040370821 65.62999725341797 31.670000076293945 AB 6.833407208785781 1.3972342984158492
62708.3413 lsst_hardware_i -49.90404623903854 31.59000015258789 31.239999771118164 AB 7.6464541157312285 1.0711319736268377
62708.37 lsst_hardware_u -2.130399328796902 2.6600000858306885 28.31999969482422 AB 7.702381211568536 1.084028130733046
62712.3036 lsst_hardware_i 3.7274519752370097 31.59000015258789 31.239999771118164 AB 4.793067182203568 1.0882822687639366
62712.3259 lsst_hardware_r 17.04674148193548 24.020000457763672 31.5 AB 4.786328216592843 1.0720260298096966
62717.3052 lsst_hardware_u 3.4020731573389824 2.6700000762939453 28.360000610351562 AB 1.953489866008356 1.0750196456067262
62717.3286 lsst_hardware_g 6.048948092041421 14.989999771118164 31.43000030517578 AB 1.9336099147662469 1.07253947384649
62721.2724 lsst_hardware_g -27.69176937520438 24.25 31.59000015258789 AB 3.430580366441249 1.0970543476960688
62721.2924 lsst_hardware_r -53.3155082226648 24.200000762939453 31.510000228881836 AB 2.733776854605683 1.0761488733523665
62724.2642 lsst_hardware_i -70.81992181038515 83.91000366210938 32.060001373291016 AB 7.2115840328591085 1.0970691462476776
62724.2882 lsst_hardware_z 23.470340690392614 79.69000244140625 31.719999313354492 AB 7.173788276319417 1.0739204006466194
62732.2873 lsst_hardware_z -52.21648018660533 49.209999084472656 30.969999313354492 AB 2.6419148168781907 1.0724233070339724
62732.3076 lsst_hardware_r -77.67885961983743 49.720001220703125 31.6200008392334 AB 2.915031773063659 1.0874279183276518
62734.2463 lsst_hardware_r -12.99530576716016 27.780000686645508 31.540000915527344 AB 1.5735080318701156 1.0851779530138728
62734.2659 lsst_hardware_i 25.90588279908498 34.36000061035156 31.260000228881836 AB 1.1446406147450259 1.0720118143242268
62737.2511 lsst_hardware_z -39.97769041097087 42.439998626708984 30.950000762939453 AB 3.0160019219893646 1.074744560174384
62737.2709 lsst_hardware_u -3.066910700937734 2.869999885559082 28.510000228881836 AB 3.0689326374421606 1.0716482365577165
62739.2186 lsst_hardware_g 3.109253633482876 15.510000228881836 31.469999313354492 AB 2.755561119313025 1.10435954284137
62739.2352 lsst_hardware_r 3.942840267115056 24.510000228881836 31.520000457763672 AB 2.68716982204971 1.08259040705689
62743.2144 lsst_hardware_i -34.230340356303515 31.979999542236328 31.25 AB 3.0573479802070596 1.0941242920936631
62743.2315 lsst_hardware_u -4.945340063006322 2.7899999618530273 28.450000762939453 AB 2.9961834681817154 1.076698757769051
62746.1441 lsst_hardware_i -21.065866978356734 33.439998626708984 31.229999542236328 AB 3.947928335363618 1.2797174506851274
62746.165 lsst_hardware_r 0.0751102970066961 24.8700008392334 31.489999771118164 AB 3.691550027117083 1.191591358010679
62750.2068 lsst_hardware_z 20.05878977459559 45.40999984741211 30.959999084472656 AB 0.7056712967821023 1.0810743727033356
62750.2274 lsst_hardware_r 10.222608845455301 37.040000915527344 31.600000381469727 AB 0.43993955174475186 1.071064033462573
62752.202 lsst_hardware_i -41.45189154680822 53.720001220703125 31.309999465942383 AB 2.7325637767442217 1.0804918057509774
62752.2205 lsst_hardware_z 74.03822098062767 53.540000915527344 30.969999313354492 AB 2.5778090043277837 1.071223051284185
62754.196 lsst_hardware_i -127.2496065625133 91.4000015258789 31.329999923706055 AB 4.070379111605855 1.080966435162799
62754.2142 lsst_hardware_z -56.022013328424165 78.69999694824219 30.989999771118164 AB 3.9100808400350533 1.0713528651114403
62756.1766 lsst_hardware_z 46.39372392623165 155.8800048828125 31.75 AB 2.955153391056556 1.0974141453450106
62761.1751 lsst_hardware_z -0.10475738891425512 67.4800033569336 31.709999084472656 AB 0.8855861893256449 1.0826237033320842
62766.1456 lsst_hardware_r 32.679227521189205 24.8700008392334 31.5 AB 3.7238487888263383 1.1031719324046723
62766.1652 lsst_hardware_i 22.66673267418669 32.2599983215332 31.260000228881836 AB 3.6596197800197126 1.0792950763163645
62768.1192 lsst_hardware_z -23.02843897121016 43.189998626708984 30.940000534057617 AB 4.2178581821050525 1.1478726852918908
62768.1386 lsst_hardware_i 21.32267980061491 32.060001373291016 31.239999771118164 AB 3.872424577687248 1.105748838363997
62770.2017 lsst_hardware_r 70.9019823401849 24.65999984741211 31.5 AB 3.6618658198727325 1.085050862720944
62770.2146 lsst_hardware_i -19.569063928743805 32.209999084472656 31.239999771118164 AB 3.360832980911546 1.1022738540216472
62773.1376 lsst_hardware_z -47.29465539007706 42.439998626708984 30.940000534057617 AB 4.331017287724779 1.0876487412668958
62773.1566 lsst_hardware_u -0.9437704298723366 2.740000009536743 28.389999389648438 AB 4.283826606665133 1.072968467542926
62775.1359 lsst_hardware_g 5.3187411291720705 15.569999694824219 31.450000762939453 AB 6.36875343184619 1.0835820385956938
62775.1547 lsst_hardware_r 20.284539302077093 24.549999237060547 31.510000228881836 AB 6.5005432758055255 1.071812576390029
62782.1269 lsst_hardware_r 112.66800733323501 140.97000122070312 32.400001525878906 AB 5.365337890305854 1.0755053902791367
62782.1557 lsst_hardware_i 266.5095527338819 116.05000305175781 32.08000183105469 AB 5.343372549747071 1.0745487095616848
62784.1216 lsst_hardware_z 125.99327640179533 132.6300048828125 31.75 AB 3.426613639837814 1.0754096578630372
62786.1048 lsst_hardware_z -84.23319479066105 79.12000274658203 30.989999771118164 AB 6.267786729539643 1.0846736574439115
62786.1221 lsst_hardware_r 76.87424765524501 116.05000305175781 31.649999618530273 AB 6.206477934701087 1.0725943692327105
62788.0991 lsst_hardware_i -47.61159953720475 56.20000076293945 31.309999465942383 AB 7.819958949526999 1.0849250513830322
62788.1174 lsst_hardware_z 21.374986806630357 56.06999969482422 30.969999313354492 AB 7.731625680326276 1.0723351344057124
62790.1028 lsst_hardware_i 46.78754105143065 31.899999618530273 31.260000228881836 AB 8.40272657486958 1.0769504731323998
62790.1201 lsst_hardware_u 1.8996601970477585 3.740000009536743 28.719999313354492 AB 8.32933204415872 1.0709753185528956
62792.0985 lsst_hardware_g -32.090861651508675 15.380000114440918 31.469999313354492 AB 9.295513466166613 1.0761810091073996
62792.1167 lsst_hardware_r 10.416704470121234 24.299999237060547 31.510000228881836 AB 9.084034684562665 1.0710410522387155
62795.0745 lsst_hardware_r -6.022540461191337 24.280000686645508 31.510000228881836 AB 3.160560617980012 1.091353804550758
62795.0917 lsst_hardware_i 30.49391779483133 31.6200008392334 31.25 AB 2.927583683811796 1.075329176790375
62798.0857 lsst_hardware_g 20.594038450271157 15.229999542236328 31.450000762939453 AB 3.32984278217502 1.0741428329596838
62798.1073 lsst_hardware_r -24.96125020536176 24.229999542236328 31.510000228881836 AB 3.3247213552901753 1.0724907597710243
62800.0703 lsst_hardware_i 21.776280616048243 31.860000610351562 31.25 AB 2.350300062474171 1.0810533462259977
62800.0878 lsst_hardware_z -17.258789703196015 42.2400016784668 30.950000762939453 AB 2.4363195987518163 1.0714984491486823
62802.0716 lsst_hardware_i -57.29282683370147 31.8799991607666 31.260000228881836 AB 2.8415144399398984 1.0759236804013246
62802.089 lsst_hardware_u 2.106443788216225 2.940000057220459 28.559999465942383 AB 3.997381078172008 1.0710139532478364
62804.0699 lsst_hardware_g -16.077814892467728 15.670000076293945 31.489999771118164 AB 5.524285645165202 1.0738584160885294
62804.0862 lsst_hardware_r 20.97060269872465 24.510000228881836 31.530000686645508 AB 6.42781209419503 1.0713020156991717
62814.0536 lsst_hardware_z -3.354802303751543 100.81999969482422 31.739999771118164 AB 6.655357290796096 1.0709975524950133
62821.0265 lsst_hardware_y 13.161598347430019 48.84000015258789 30.040000915527344 AB 6.9884413513318275 1.0726008341240467
62821.0478 lsst_hardware_g 0.302258291374026 15.369999885559082 31.450000762939453 AB 6.385207619767473 1.0738359648682954
62824.0179 lsst_hardware_y 5.6580512658641275 63.5099983215332 30.049999237060547 AB 6.077481147872038 1.0727490847033878
62824.0371 lsst_hardware_i 10.82044472007203 32.040000915527344 31.25 AB 6.11122319791345 1.0727717726003716
