data/validation/pwv_sim_epoch_fit_4/22625676.ecsv
# %ECSV 0.9
# ---
# datatype:
# - {name: time, datatype: float64}
# - {name: band, datatype: string}
# - {name: flux, datatype: float64}
# - {name: fluxerr, datatype: float64}
# - {name: zp, datatype: float64}
# - {name: zpsys, datatype: string}
# - {name: pwv, datatype: float64}
# - {name: airmass, datatype: float64}
# meta: {SNID: '22625676', alt: 1024.0, c: -0.04672516882419586, dec: -24.460293, lat: -30.244573, lon: -70.7499537, ra: 22.5, t0: 62079.21484375,
#   x0: 2.743345228569569e-06, x1: -0.41204145550727844, z: 0.7837039828300476}
# schema: astropy-2.0
time band flux fluxerr zp zpsys pwv airmass
[from data line 132]
62382.269 lsst_hardware_z 59.9779072825255 40.77000045776367 30.950000762939453 AB 1.3069663846524806 1.0299183488199217
62382.2869 lsst_hardware_u 2.810632668415307 2.6700000762939453 28.450000762939453 AB 1.2338863460896896 1.0124887960254565
62385.1607 lsst_hardware_z 42.572297537614034 45.59000015258789 30.90999984741211 AB 0.9029387489516822 1.406446649457449
62385.1777 lsst_hardware_r -6.10888460052577 23.520000457763672 31.450000762939453 AB 0.869874342474625 1.2939744774631834
62389.1603 lsst_hardware_i -31.235170633260218 32.61000061035156 31.209999084472656 AB 4.871870383239892 1.3333586780751268
62389.1767 lsst_hardware_z -21.313848099364957 43.529998779296875 30.93000030517578 AB 4.621393053068653 1.2408089818951948
62390.1562 lsst_hardware_r -10.906819758777598 23.739999771118164 31.440000534057617 AB 3.6239528857656036 1.342204772505779
62390.1729 lsst_hardware_u 0.22994812244216906 2.5999999046325684 28.290000915527344 AB 3.0512219588415506 1.2461596727962223
62393.1537 lsst_hardware_g -11.797899625338706 19.200000762939453 31.459999084472656 AB 2.1959469769765714 1.3066575952654762
62393.1707 lsst_hardware_r 46.43057395136559 25.780000686645508 31.489999771118164 AB 1.0777153438842595 1.2172989577004518
62396.1641 lsst_hardware_r 31.17566399857286 63.56999969482422 32.33000183105469 AB 0.6744138500888938 1.2100726975279195
62396.1788 lsst_hardware_z -5.944269501604716 67.12000274658203 31.700000762939453 AB 0.9320128532718088 1.1511068587136377
62399.1644 lsst_hardware_r -3.097051354876711 82.52999877929688 31.6200008392334 AB 8.408890504366838 1.174371375313091
62399.1806 lsst_hardware_z 19.292413012308522 60.9900016784668 30.969999313354492 AB 7.011475305326417 1.1182130386071396
62404.1311 lsst_hardware_i 55.44687235599429 76.62999725341797 31.290000915527344 AB 6.84161384467792 1.2647015548729903
62404.1478 lsst_hardware_r 74.34451750941126 92.18000030517578 31.6200008392334 AB 6.533412452448472 1.186239627025597
62406.0903 lsst_hardware_g 4.4260277580105285 14.170000076293945 31.280000686645508 AB 5.0457203479730985 1.5161798967243418
62407.0905 lsst_hardware_r 41.15894920166233 24.34000015258789 31.420000076293945 AB 6.842570350447297 1.4894850836317852
62411.097 lsst_hardware_g -19.07259159045289 14.149999618530273 31.309999465942383 AB 6.158710132563943 1.3545550144935974
62411.1163 lsst_hardware_i 16.203441228017848 32.40999984741211 31.219999313354492 AB 5.615146287308676 1.24247225711217
62414.0945 lsst_hardware_u -0.26699571566650676 2.5399999618530273 28.200000762939453 AB 4.656351223499219 1.3179595877439059
62414.1139 lsst_hardware_g -9.602518344255238 14.279999732971191 31.3700008392334 AB 4.276258145673552 1.2148460641118044
62418.0973 lsst_hardware_z -41.51870300847111 44.2400016784668 30.93000030517578 AB 6.90048159318273 1.2419128189777255
62418.1168 lsst_hardware_r 9.712293884342307 23.440000534057617 31.479999542236328 AB 6.572843762264948 1.158108318608924
62420.0993 lsst_hardware_z 30.348577788901093 43.33000183105469 30.940000534057617 AB 5.068678515272202 1.2068282179219527
62420.1189 lsst_hardware_r -7.1753315108800555 23.1299991607666 31.479999542236328 AB 4.7540810823609005 1.1319240672287858
62423.0952 lsst_hardware_r 20.53103649574474 29.93000030517578 31.530000686645508 AB 8.571923467397646 1.1892373155531735
62423.1171 lsst_hardware_z -68.61129130295743 43.279998779296875 30.950000762939453 AB 8.022377614262602 1.1121724069265195
62425.1013 lsst_hardware_r 47.47127796098054 44.56999969482422 31.600000381469727 AB 8.86537852961104 1.1452004645553358
62425.1211 lsst_hardware_y -29.644873943682423 49.130001068115234 30.040000915527344 AB 8.374437483188284 1.0866014640182606
62427.0997 lsst_hardware_z 42.3794652050211 56.34000015258789 30.969999313354492 AB 9.916828860540047 1.1322088779563542
62427.1185 lsst_hardware_r 154.65003307796306 68.0199966430664 31.639999389648438 AB 9.330383465840601 1.0796763957307456
62429.101 lsst_hardware_i 81.99807799204211 79.23999786376953 31.31999969482422 AB 3.595764808293606 1.111347491359589
62429.1197 lsst_hardware_z -0.4952948308349096 69.38999938964844 30.989999771118164 AB 3.416790441553277 1.0649183236882054
62435.1018 lsst_hardware_g -5.691674904206554 33.06999969482422 31.65999984741211 AB 2.440200306984779 1.0681161292656336
62435.1205 lsst_hardware_i 4.78539728866283 43.38999938964844 31.309999465942383 AB 2.373933075304222 1.0350324057569806
62437.1087 lsst_hardware_z 46.151513324632184 41.130001068115234 30.950000762939453 AB 3.887502038702503 1.0447465839027332
62437.1274 lsst_hardware_r -0.8777920342412215 22.540000915527344 31.5 AB 2.9838956345328684 1.020222458170055
62438.1093 lsst_hardware_u -5.241780771289163 2.6700000762939453 28.43000030517578 AB 3.0556603710076606 1.0394581146414539
62438.1271 lsst_hardware_g -7.07024518780594 13.8100004196167 31.43000030517578 AB 2.9270539269518006 1.017928682647049
62442.0025 lsst_hardware_y -35.93753377120961 76.66000366210938 29.940000534057617 AB 12.676451247775134 1.426243389713873
62442.0209 lsst_hardware_i 2.43744668845033 32.939998626708984 31.209999084472656 AB 11.245467094740798 1.3008059103228222
62451.0114 lsst_hardware_y 31.353739098519966 66.80000305175781 30.0 AB 7.649137031810983 1.2216466724578023
62451.0294 lsst_hardware_r -7.257800980476902 25.290000915527344 31.510000228881836 AB 8.164948491102809 1.148375315203698
62454.014 lsst_hardware_y 29.738201559534605 64.66999816894531 30.020000457763672 AB 7.1872711311183295 1.175270880608125
62454.0315 lsst_hardware_z -80.68132630797119 47.5099983215332 30.950000762939453 AB 6.816796011941969 1.1149942362612093
62456.0662 lsst_hardware_z 67.85897472005976 54.529998779296875 30.979999542236328 AB 6.145316923852627 1.0308916471361043
62456.081 lsst_hardware_r -62.83339540116143 64.75 31.649999618530273 AB 6.0672713978738955 1.0153296253484514
62458.025 lsst_hardware_y -17.261095978020748 86.97000122070312 30.799999237060547 AB 8.377576292633236 1.1023126700833206
62463.0227 lsst_hardware_y 92.03519399221958 58.54999923706055 30.049999237060547 AB 8.22131526576048 1.0739213322716206
62463.0405 lsst_hardware_u -8.640521272266707 4.860000133514404 28.8700008392334 AB 7.978530379546147 1.0402821160923585
62466.0258 lsst_hardware_y 27.127295105861194 55.4900016784668 30.049999237060547 AB 5.127979848162616 1.0511386385492705
62466.0425 lsst_hardware_r 42.231607350218944 22.3799991607666 31.5 AB 4.514818853774626 1.0264062262295508
62476.0423 lsst_hardware_z 16.02329117636448 41.77000045776367 30.959999084472656 AB 3.4021266516509 1.0066952660599335
62476.0615 lsst_hardware_u 1.6558130647540625 2.7300000190734863 28.489999771118164 AB 3.351943091001674 1.0070179278476852
