data/validation/pwv_sim_epoch_fit_4/22708789.ecsv
# %ECSV 0.9
# ---
# datatype:
# - {name: time, datatype: float64}
# - {name: band, datatype: string}
# - {name: flux, datatype: float64}
# - {name: fluxerr, datatype: float64}
# - {name: zp, datatype: float64}
# - {name: zpsys, datatype: string}
# - {name: pwv, datatype: float64}
# - {name: airmass, datatype: float64}
# meta: {SNID: '22708789', alt: 1024.0, c: -0.06572388112545013, dec: -3.284369, lat: -30.244573, lon: -70.7499537, ra: 39.550781, t0: 60293.31640625,
#   x0: 4.52368218640214e-06, x1: -0.30649927258491516, z: 0.6389093399047852}
# schema: astropy-2.0
time band flux fluxerr zp zpsys pwv airmass
60163.4079 lsst_hardware_z -25.055307751431734 149.16000366210938 31.739999771118164 AB 3.5001537606612927 1.1338978761388563
60166.4036 lsst_hardware_g -142.54217228452245 89.08999633789062 31.700000762939453 AB 5.878153554511777 1.1304141450984186
60166.4248 lsst_hardware_y -99.73580052594092 112.29000091552734 30.049999237060547 AB 5.568059429686784 1.1231209768748975
60175.3785 lsst_hardware_i 179.28944048494967 124.1500015258789 32.06999969482422 AB 2.0860452786361727 1.1308521568320415
60175.3976 lsst_hardware_y -177.0146110720436 158.1699981689453 30.799999237060547 AB 2.105194636403009 1.122970111879272
60177.4184 lsst_hardware_g 212.93111823815815 125.72000122070312 32.45000076293945 AB 1.7320605580510067 1.1380784480431518
60180.3607 lsst_hardware_r 218.11391046240524 118.3499984741211 32.380001068115234 AB 3.6469045826420134 1.1346933984573782
60180.3808 lsst_hardware_i 3.147451844348164 87.87000274658203 31.31999969482422 AB 4.2724789078578915 1.1231788922447192
60182.3125 lsst_hardware_z -46.90256451273195 105.02999877929688 30.979999542236328 AB 3.304295511010634 1.2238131522261606
60182.3298 lsst_hardware_u 26.640154368623662 27.15999984741211 29.389999389648438 AB 3.225899711563155 1.1760480173398304
60184.3254 lsst_hardware_z -180.32309895124897 105.30000305175781 30.989999771118164 AB 3.5996614525740505 1.1736750742007849
60184.3436 lsst_hardware_r -213.57039517940424 83.73999786376953 31.6299991607666 AB 3.431126757465153 1.141869240933547
60187.3065 lsst_hardware_i -12.356814737586934 86.80000305175781 31.309999465942383 AB 7.140979092938581 1.200517646860603
60187.3233 lsst_hardware_z -104.93229467463915 105.45999908447266 30.989999771118164 AB 6.952309156085796 1.1611857123196452
60192.2991 lsst_hardware_z 122.04736994712982 105.18000030517578 30.979999542236328 AB 2.1848115885111272 1.184072760461274
60192.3177 lsst_hardware_i 10.050355322817587 87.66999816894531 31.31999969482422 AB 2.1114037944283575 1.1475540347452462
60196.3439 lsst_hardware_z 143.90091586765996 105.54000091552734 30.989999771118164 AB 4.842407316560401 1.123267760742569
60196.3607 lsst_hardware_u 7.263297094117243 27.56999969482422 29.43000030517578 AB 4.983465251428766 1.1320911520737769
60199.3451 lsst_hardware_g -157.67564510895141 89.18000030517578 31.700000762939453 AB 3.721780627214947 1.1266742564727388
60199.3636 lsst_hardware_r 84.35522291015549 83.7300033569336 31.6299991607666 AB 3.8805311324128953 1.1448401619902826
60201.2714 lsst_hardware_r -155.88437804474174 83.16000366210938 31.6200008392334 AB 2.36974983501083 1.192027079985327
60201.2881 lsst_hardware_i -4.679177981259087 87.62000274658203 31.31999969482422 AB 2.312548052230798 1.155696178026386
60207.3194 lsst_hardware_r -47.467485097578454 83.9800033569336 31.639999389648438 AB 7.4687433004330295 1.1248107380170225
60209.2784 lsst_hardware_g -14.554227309001499 125.5999984741211 32.45000076293945 AB 1.861376399526448 1.1381084680691866
60209.3 lsst_hardware_r 249.0582585688532 118.5999984741211 32.38999938964844 AB 2.3592647485771523 1.1234594040843582
60215.259 lsst_hardware_r 74.19302074794203 83.55999755859375 31.6299991607666 AB 3.913906258905549 1.1418295555117932
60215.2787 lsst_hardware_z -9.602863432341445 105.51000213623047 30.989999771118164 AB 3.865370919355753 1.1249897172581076
60223.2229 lsst_hardware_r -45.471492766559216 83.18000030517578 31.6200008392334 AB 5.636980935006895 1.165307525153024
60223.2424 lsst_hardware_u -22.799278863711958 27.280000686645508 29.399999618530273 AB 5.429111596113355 1.1356390174552282
60227.229 lsst_hardware_i -6.111146332639226 124.18000030517578 32.06999969482422 AB 3.00065545836314 1.1384086468655605
60227.2502 lsst_hardware_z 131.84828177578382 149.35000610351562 31.739999771118164 AB 3.6048004381061354 1.1236033470291078
60232.1634 lsst_hardware_r -42.89066714753761 82.4800033569336 31.600000381469727 AB 7.887650833738133 1.2705793678080086
60232.1836 lsst_hardware_i -62.21273760373172 87.31999969482422 31.309999465942383 AB 8.027478045740825 1.2006398512923757
60236.2628 lsst_hardware_z 43.04616786082198 105.33000183105469 30.989999771118164 AB 4.11680066866696 1.1451462221604893
60236.28 lsst_hardware_i -19.067655715083713 87.30000305175781 31.309999465942383 AB 4.3527362736446396 1.1768392953256954
60238.2487 lsst_hardware_z -10.17185933926147 105.55999755859375 30.989999771118164 AB 2.064009875222506 1.1346428376320523
60238.2661 lsst_hardware_g -62.28630712385558 88.51000213623047 31.690000534057617 AB 2.317205010576818 1.1594237637876987
60240.1727 lsst_hardware_y 104.52132606211882 111.33000183105469 30.040000915527344 AB 3.829908442689993 1.1732589939825833
60240.1903 lsst_hardware_r 65.08041178316522 83.80999755859375 31.6299991607666 AB 3.653048688121915 1.1424107228568483
60244.1743 lsst_hardware_r 36.01571658721706 83.55999755859375 31.6299991607666 AB 2.781899766674788 1.14974331669036
60244.1906 lsst_hardware_z 20.97305998035009 105.5199966430664 30.989999771118164 AB 2.6900258245256716 1.1304608612960274
60246.1641 lsst_hardware_r 90.39650431667182 82.30999755859375 31.6299991607666 AB 3.3407721294956336 1.1577124163667438
60246.1815 lsst_hardware_i 6.139556636978969 87.31999969482422 31.31999969482422 AB 2.3847536778385283 1.1337074769852762
60248.2154 lsst_hardware_z -37.251776051573685 105.62999725341797 30.989999771118164 AB 4.309426007659395 1.1293538347218333
60248.2309 lsst_hardware_i -136.13751672757104 87.83999633789062 31.31999969482422 AB 4.381392244463561 1.1463861268029292
60262.1264 lsst_hardware_r -121.06390555012949 83.4958143336127 31.6299991607666 AB 5.708517537698008 1.1478252421644788
60262.144 lsst_hardware_i 61.11374494606567 87.81455462207353 31.31999969482422 AB 5.623214859722595 1.1285364226024976
60264.1263 lsst_hardware_z 4.832994969618393 105.45252572284744 30.989999771118164 AB 6.673459069037926 1.1404373231053135
60264.1453 lsst_hardware_r -134.28629291142082 83.76701774365273 31.6299991607666 AB 6.669742699850607 1.1248248527609765
60269.1267 lsst_hardware_g -101.88391751507528 88.9704970611052 31.690000534057617 AB 3.326789965526863 1.1273432617847725
60269.1506 lsst_hardware_i -31.344908759971833 88.28232398603727 31.31999969482422 AB 3.317058294051563 1.1249985735294432
60271.109 lsst_hardware_z 123.65566331070369 106.19223687125623 30.989999771118164 AB 7.791555202074812 1.1382426064898743
60271.1288 lsst_hardware_r 9.083985303699816 84.9160984968651 31.6299991607666 AB 7.417898061568589 1.1239239487225137
60273.1132 lsst_hardware_y 152.00709172792477 158.9346568362116 30.799999237060547 AB 5.803475050846053 1.1290807491919073
60275.1021 lsst_hardware_r 459.6131309039154 86.83433229035427 31.6299991607666 AB 4.3227664758533875 1.1339147421741766
60275.1216 lsst_hardware_i 525.9864700812748 90.24855141361276 31.31999969482422 AB 4.2756527934462865 1.1231520844393161
60277.1023 lsst_hardware_z 325.35576700343427 107.38981955133833 30.989999771118164 AB 5.668463904662192 1.1290636200900925
60277.1214 lsst_hardware_r 738.5202548083402 88.22389606027512 31.639999389648438 AB 5.646865338158099 1.1230837983608224
60281.1484 lsst_hardware_i 773.8064381325444 92.65837978205798 31.31999969482422 AB 7.4914021439024205 1.1588726462130625
60281.1674 lsst_hardware_z 733.6047946301783 107.92846997143725 30.979999542236328 AB 7.685982005808932 1.2032432066772591
60283.0741 lsst_hardware_z 835.530286294776 108.73445087163263 30.989999771118164 AB 1.6507924017037456 1.140837872635133
60283.0914 lsst_hardware_r 1408.2366845981985 91.93000458120837 31.6299991607666 AB 4.227454628926754 1.1257202100816848
60285.0724 lsst_hardware_u -3.899652074802204 27.44437762393152 29.399999618530273 AB 5.106697709707302 1.1364000466664372
60285.0921 lsst_hardware_g 446.61443545289785 91.66057267535402 31.690000534057617 AB 6.397388974628383 1.1235316077673785
60291.1165 lsst_hardware_r 1937.3694903694764 93.56073958968916 31.6299991607666 AB 13.720637271141566 1.1509797081698623
60291.1343 lsst_hardware_i 1510.5836554283658 94.7529336861435 31.309999465942383 AB 12.268053628839974 1.1875949367231868
60292.1175 lsst_hardware_z 911.7582157801533 52.5372651011105 30.940000534057617 AB 8.563666601088215 1.1573043742179667
60292.1361 lsst_hardware_r 1618.4270845834608 46.0337600242695 31.479999542236328 AB 8.52746853624469 1.1996579377828145
60294.0411 lsst_hardware_y 483.21742236774145 56.82969882270378 30.020000457763672 AB 11.331754631634647 1.1447966165090067
60294.0597 lsst_hardware_u 3.8513268098237345 3.001895420774666 28.440000534057617 AB 11.26181788299946 1.1265919833297737
60296.0394 lsst_hardware_y 407.54070512564965 60.64228056246062 30.020000457763672 AB 4.084046404823499 1.1398399120355844
60296.0547 lsst_hardware_i 1327.0337930146682 48.892851850523414 31.25 AB 4.517175196639911 1.126337164104117
60300.0444 lsst_hardware_y 488.43182654403086 60.86204188152763 30.030000686645508 AB 6.166015008934841 1.126007123618488
60300.0638 lsst_hardware_r 1360.3397396695395 84.86742583608167 31.6299991607666 AB 6.136559807278006 1.1241865792522847
60302.0487 lsst_hardware_y 870.3021737542679 93.93582823390788 30.790000915527344 AB 7.230417155311381 1.123055293480724
60305.0396 lsst_hardware_z 940.2503013349633 77.23546629396962 30.979999542236328 AB 7.103394156857338 1.123155056819918
60305.0576 lsst_hardware_i 920.70356154745 74.66038070097902 31.309999465942383 AB 7.134618996907973 1.1278246912597254
60529.4191 lsst_hardware_u 4.452862169820488 3.200000047683716 28.559999465942383 AB 2.058451012456343 1.124836618828857
60529.4334 lsst_hardware_y -45.6233642466876 64.37000274658203 30.040000915527344 AB 2.1179506306569604 1.1235812364227906
60531.4194 lsst_hardware_i 28.960211182443384 32.470001220703125 31.25 AB 5.6028608170478575 1.1232680066254728
60535.3897 lsst_hardware_g 2.618728022440045 14.960000038146973 31.43000030517578 AB 3.8717236847383454 1.1337404640522242
60535.4097 lsst_hardware_y 10.632827837518736 48.290000915527344 30.020000457763672 AB 3.8444434245990258 1.1231210705810768
60537.3838 lsst_hardware_i 5.390793705254757 45.099998474121094 31.989999771118164 AB 5.478060073779182 1.1341739283186711
60537.4042 lsst_hardware_z 50.989551007960706 42.720001220703125 30.940000534057617 AB 5.473552949852966 1.1231256694065797
60539.3833 lsst_hardware_r 27.3608102002942 46.029998779296875 31.600000381469727 AB 2.7226295356257864 1.129799931790215
60539.401 lsst_hardware_y 10.230968033557328 50.040000915527344 30.020000457763672 AB 2.7218223561267982 1.123018438781515
60543.3941 lsst_hardware_z -60.484564907396525 65.87999725341797 30.969999313354492 AB 1.3901739854910675 1.1233729175685394
60543.4122 lsst_hardware_y 54.96482436834702 56.650001525878906 30.030000686645508 AB 1.3783761673441681 1.133688417281498
60546.3636 lsst_hardware_r 4.351879008737265 73.63999938964844 31.6299991607666 AB 2.2534645063476173 1.1302643292025667
60546.3821 lsst_hardware_z -77.27271830863232 60.540000915527344 30.969999313354492 AB 2.4431339833718826 1.123021826417781
60549.3174 lsst_hardware_g 2.528045642255948 21.139999389648438 31.520000457763672 AB 3.6804884028247806 1.1950284331915797
60549.334 lsst_hardware_r -53.439450844923336 30.079999923706055 31.540000915527344 AB 3.5159181606766867 1.1578851179570053
60553.3093 lsst_hardware_i -47.82406267469594 31.969999313354492 31.229999542236328 AB 1.8465128568674165 1.187659017120062
60553.3256 lsst_hardware_z -36.28091202897306 42.79999923706055 30.93000030517578 AB 1.7599554213288675 1.1535018327569178
60555.3173 lsst_hardware_z -46.35494729893085 42.91999816894531 30.940000534057617 AB 1.7788237676365777 1.1584654950417308
60555.3342 lsst_hardware_r 7.47977872987392 23.6299991607666 31.489999771118164 AB 1.1628170317326547 1.134640135045687
60557.3498 lsst_hardware_u 3.1326682297700255 3.799999952316284 29.139999389648438 AB 1.4190537305409265 1.1231133601431946
60557.3677 lsst_hardware_r -65.1010068582856 33.470001220703125 32.2400016784668 AB 1.3832329410362931 1.1284788423710326
60559.3383 lsst_hardware_i -21.025530438518686 31.459999084472656 31.239999771118164 AB 2.682524194713362 1.1244337828894908
60559.356 lsst_hardware_z 39.67957464651157 42.459999084472656 30.940000534057617 AB 2.645312250769327 1.1250264746679872
60568.274 lsst_hardware_r 23.530251985811017 58.16999816894531 31.610000610351562 AB 4.731752079734287 1.174229153710221
60568.2911 lsst_hardware_i -29.465292362561637 49.689998626708984 31.299999237060547 AB 4.682655296078823 1.143691760012623
60571.2659 lsst_hardware_i -0.20868838852470553 91.5 31.309999465942383 AB 6.495020549743066 1.1740287495580826
60571.2872 lsst_hardware_z -6.56803372179003 77.68000030517578 30.979999542236328 AB 6.3634423085564915 1.1382599603893198
60574.2011 lsst_hardware_z 118.310371515776 111.19000244140625 31.700000762939453 AB 3.1041514892505093 1.4069808449860663
60574.2235 lsst_hardware_i -128.15931517524112 117.62000274658203 32.040000915527344 AB 2.6828849815155 1.285214362402061
60578.245 lsst_hardware_u 2.3401805716276725 2.6700000762939453 28.34000015258789 AB 3.54053099737022 1.178082630003563
60578.2632 lsst_hardware_g -10.025818328871946 15.65999984741211 31.43000030517578 AB 3.6319387829666843 1.1445185240440485
60580.2587 lsst_hardware_r -33.14006366768563 23.719999313354492 31.479999542236328 AB 3.930610984025971 1.1432010423985457
60580.2779 lsst_hardware_i -9.88234312374513 31.700000762939453 31.239999771118164 AB 3.8396180884857833 1.1257126084004252
60582.298 lsst_hardware_z -5.314960563653629 42.66999816894531 30.940000534057617 AB 4.265160366098995 1.1275290109310279
60582.3162 lsst_hardware_r -7.28161323480709 23.719999313354492 31.479999542236328 AB 4.2895120855564235 1.1463919517757144
60584.2889 lsst_hardware_u -0.05127918046893749 2.809999942779541 28.479999542236328 AB 4.0744505571308025 1.1255388279366858
60584.3086 lsst_hardware_r 6.608651324410036 23.81999969482422 31.489999771118164 AB 3.656822999458348 1.1433824746215424
60586.2889 lsst_hardware_i -40.648853917693835 31.420000076293945 31.239999771118164 AB 3.13790516001725 1.1287428633155574
60586.3079 lsst_hardware_z 9.42300908658152 42.56999969482422 30.940000534057617 AB 3.0502218080423735 1.1503759411814938
60588.2169 lsst_hardware_z 46.46765527825975 43.029998779296875 30.940000534057617 AB 5.5929482729711975 1.1799468930321042
60588.2353 lsst_hardware_r -8.624584477836839 23.700000762939453 31.489999771118164 AB 5.62983142599677 1.1453610659155233
60592.2107 lsst_hardware_r 25.133663193813646 24.09000015258789 31.489999771118164 AB 3.073225327090718 1.1694160300954946
60592.2285 lsst_hardware_i -15.892553955859626 31.899999618530273 31.25 AB 2.9891872932366392 1.139896006064563
60594.214 lsst_hardware_z -4.08909918091115 45.029998779296875 30.950000762939453 AB 6.341183996827762 1.1529425448777748
60594.2312 lsst_hardware_r -20.261280244369157 29.780000686645508 31.540000915527344 AB 6.22263604946295 1.1313883726296272
60596.2078 lsst_hardware_z -63.28611917528487 49.40999984741211 30.950000762939453 AB 9.220778231091185 1.1541842822745254
60596.2252 lsst_hardware_r 27.935444707570344 47.970001220703125 31.600000381469727 AB 7.130703680041024 1.1318577269906387
60599.2522 lsst_hardware_i -15.990730138171743 91.54000091552734 31.31999969482422 AB 6.973369159327069 1.1279206080593722
60599.2702 lsst_hardware_z -193.4059779755093 79.95999908447266 30.979999542236328 AB 7.0478225744738205 1.1469976387561653
60601.2527 lsst_hardware_r -246.2885397274103 140.27999877929688 31.639999389648438 AB 4.1487336616954895 1.1326054222482909
60601.2699 lsst_hardware_z -124.13464065026858 95.0199966430664 30.989999771118164 AB 4.223262241621671 1.1552645869303377
60603.2465 lsst_hardware_y -14.691284493025911 54.439998626708984 30.030000686645508 AB 2.0581453938759227 1.131937518974796
60603.2636 lsst_hardware_r 86.7051136125233 80.66000366210938 31.6299991607666 AB 2.3052574368428664 1.1538306253228112
