data/validation/pwv_sim_epoch_fit_4/22767742.ecsv
# %ECSV 0.9
# ---
# datatype:
# - {name: time, datatype: float64}
# - {name: band, datatype: string}
# - {name: flux, datatype: float64}
# - {name: fluxerr, datatype: float64}
# - {name: zp, datatype: float64}
# - {name: zpsys, datatype: string}
# - {name: pwv, datatype: float64}
# - {name: airmass, datatype: float64}
# meta: {SNID: '22767742', alt: 1024.0, c: -0.10475348681211472, dec: -15.868921, lat: -30.244573, lon: -70.7499537, ra: 177.1875, t0: 61198.6875,
#   x0: 4.014668075507411e-06, x1: 1.0541610717773438, z: 0.6703757643699646}
# schema: astropy-2.0
time band flux fluxerr zp zpsys pwv airmass
61057.3658 lsst_hardware_g -9.005361837020287 23.75 31.600000381469727 AB 2.37282394413178 1.031662584405122
61059.3634 lsst_hardware_i 20.386211887463517 34.04999923706055 31.260000228881836 AB 6.3531623569602145 1.031887987378828
61063.3483 lsst_hardware_r -4.450082774583666 23.540000915527344 31.5 AB 9.633900686637805 1.0316601811514796
61063.3675 lsst_hardware_y -62.1628503618747 53.369998931884766 30.049999237060547 AB 9.654552842800646 1.0377891908847368
61065.3507 lsst_hardware_z 72.8380122134144 41.47999954223633 30.950000762939453 AB 9.947323184983365 1.032594102247408
61065.3716 lsst_hardware_y -40.174853053179724 53.83000183105469 30.049999237060547 AB 10.006308309419977 1.0457733819285815
61069.3354 lsst_hardware_r -42.37915567063118 23.3799991607666 31.5 AB 11.954314616265837 1.0318044695043518
61069.3545 lsst_hardware_z 63.482910680523226 41.400001525878906 30.940000534057617 AB 12.082250278290289 1.0402281772096675
61071.3285 lsst_hardware_r 21.001720264307785 50.119998931884766 31.6299991607666 AB 11.073663215436891 1.03169173293305
61071.3458 lsst_hardware_y 83.62044894608414 48.95000076293945 30.049999237060547 AB 11.961136008267205 1.0378801265353517
61072.3163 lsst_hardware_z 147.76975036115837 61.58000183105469 30.989999771118164 AB 10.137650195314672 1.0327679498079332
61072.3328 lsst_hardware_r 54.16593579745564 83.36000061035156 31.65999984741211 AB 10.340650240550861 1.0329288023724603
61074.3236 lsst_hardware_i -53.34334065521818 84.87999725341797 31.34000015258789 AB 9.615128183552185 1.032053687924893
61074.3421 lsst_hardware_z 16.516628040436874 73.04000091552734 30.989999771118164 AB 11.092276652934343 1.0412350185801504
61078.3102 lsst_hardware_z 72.05740883886047 80.30999755859375 31.729999542236328 AB 3.7970759444628905 1.031744024037196
61080.2553 lsst_hardware_r 19.278944694535777 38.45000076293945 31.600000381469727 AB 5.6522269754269425 1.0718339423385108
61080.2733 lsst_hardware_z 38.321894851357236 45.060001373291016 30.959999084472656 AB 5.543114760412151 1.0467100524783366
61082.2971 lsst_hardware_y 18.71846860261239 47.25 30.049999237060547 AB 3.9011833389862334 1.0316496995864903
61082.3135 lsst_hardware_g -4.194329958806139 19.760000228881836 31.549999237060547 AB 3.908488904816913 1.0364595345576753
61084.2972 lsst_hardware_r -11.58963728108713 23.6299991607666 31.510000228881836 AB 5.883635672498942 1.0322167846489372
61084.3135 lsst_hardware_i 14.69049467945974 31.1299991607666 31.260000228881836 AB 5.929063252499919 1.0401865355263016
61086.2969 lsst_hardware_z 14.707534748397912 41.34000015258789 30.950000762939453 AB 4.059059272988204 1.0337162834435154
61086.3138 lsst_hardware_r 8.036846728333554 23.610000610351562 31.520000457763672 AB 4.1306725412453025 1.0452988295011139
61088.2784 lsst_hardware_r -33.896393487229886 23.270000457763672 31.5 AB 4.526293008104749 1.0317317142607463
61088.2958 lsst_hardware_u -3.0862992586248152 2.7200000286102295 28.440000534057617 AB 5.085204951962907 1.0357184463755538
61092.2784 lsst_hardware_z 78.89096887763138 41.11000061035156 30.950000762939453 AB 5.398209028702195 1.0329853028931006
61092.295 lsst_hardware_r -12.489073898730178 23.360000610351562 31.510000228881836 AB 6.778118229532001 1.0430013689267543
61094.2685 lsst_hardware_u 0.47747529362824387 2.609999895095825 28.350000381469727 AB 11.016961517922224 1.0319694181086794
61094.2859 lsst_hardware_g -21.745105960654975 14.399999618530273 31.420000076293945 AB 11.081217191551847 1.039952812308371
61096.2493 lsst_hardware_r -8.8959888539582 23.5 31.5 AB 8.865400245890102 1.0332132564529815
61096.2668 lsst_hardware_i 10.378361399520655 30.989999771118164 31.25 AB 9.118965652274595 1.0327839234695788
61097.132 lsst_hardware_z 70.9368418607313 70.29000091552734 31.670000076293945 AB 7.459281317509674 1.3727054320039886
61099.2748 lsst_hardware_z -1.7673992945771755 48.36000061035156 30.969999313354492 AB 5.68708985720327 1.0420368638374038
61099.2929 lsst_hardware_r 40.4838398856135 40.40999984741211 31.600000381469727 AB 5.584854675230536 1.0638831651072396
61101.2676 lsst_hardware_i -18.313542755071836 78.68000030517578 31.34000015258789 AB 3.614310932097002 1.0405885601047031
61101.2852 lsst_hardware_z -87.85731493402629 69.06999969482422 30.989999771118164 AB 3.64348366848367 1.0604881154022519
61103.2431 lsst_hardware_z 23.597134407548456 92.97000122070312 31.0 AB 5.730059624695624 1.0318544298500478
61103.2613 lsst_hardware_r -9.994044760437388 141.30999755859375 31.65999984741211 AB 5.99553796343518 1.0399291102165227
61105.2555 lsst_hardware_y 139.8446817533899 85.87000274658203 30.809999465942383 AB 8.102058193777957 1.0396695538184835
61107.2421 lsst_hardware_r 58.09978915311302 65.36000061035156 31.639999389648438 AB 11.162057595177684 1.0347933895916455
61107.2594 lsst_hardware_i 33.04785538801643 56.060001373291016 31.31999969482422 AB 10.378901343175725 1.048373873048053
61109.228 lsst_hardware_z 9.145767587989932 45.18000030517578 30.959999084472656 AB 10.41730456922134 1.032037900968868
61109.2462 lsst_hardware_r -15.550146535026942 39.84000015258789 31.610000610351562 AB 10.492981483867139 1.0409445682266947
61111.228 lsst_hardware_u 1.8358143004000054 4.070000171661377 28.770000457763672 AB 7.647692487502816 1.0334719577706508
61111.2481 lsst_hardware_r -30.736224455093677 28.010000228881836 31.549999237060547 AB 7.754882614505928 1.0479571100683687
61113.2312 lsst_hardware_i -57.67477691797582 31.15999984741211 31.260000228881836 AB 11.580113224160847 1.037915813496136
61113.2499 lsst_hardware_z -32.3191070384471 41.81999969482422 30.950000762939453 AB 11.858310672958982 1.0568825846176535
61114.2289 lsst_hardware_r -9.050129186578033 23.829999923706055 31.510000228881836 AB 9.482978606977413 1.0382065477312516
61114.2481 lsst_hardware_u 1.8888870671830795 2.7100000381469727 28.399999618530273 AB 9.69022998977483 1.0581741730575664
61116.2273 lsst_hardware_g -10.700528003023646 14.949999809265137 31.450000762939453 AB 8.577243618388449 1.0411171473433816
61116.2481 lsst_hardware_r -12.670506951556588 23.809999465942383 31.5 AB 8.77557873347839 1.0664534386727398
61120.2039 lsst_hardware_z 0.3433451083500115 41.33000183105469 30.950000762939453 AB 5.478314109087642 1.0336441715259703
61120.2229 lsst_hardware_r 5.271124773735088 23.719999313354492 31.5 AB 5.951513399933636 1.0472792444966317
61126.1836 lsst_hardware_r -21.465514564475004 33.4900016784668 31.579999923706055 AB 7.013376990157914 1.0324417768523353
61126.2019 lsst_hardware_z 19.83185339909031 43.86000061035156 30.950000762939453 AB 7.067072238808318 1.04275116645806
61128.179 lsst_hardware_y -95.88773626717791 51.29999923706055 30.049999237060547 AB 6.778545246618921 1.0326589178548649
61128.1957 lsst_hardware_r 56.8076556856532 66.55999755859375 31.639999389648438 AB 6.847289887430556 1.0420997190691796
61130.1804 lsst_hardware_i 105.30226341616415 91.97000122070312 31.34000015258789 AB 4.847580803363252 1.0353285451956231
61130.198 lsst_hardware_z -77.59739891757629 80.02999877929688 31.0 AB 4.997502903377793 1.0499507124067007
61133.1692 lsst_hardware_r 110.1144208998218 130.57000732421875 31.65999984741211 AB 6.6214286552956905 1.0339520073853359
61133.1879 lsst_hardware_z 145.11727342187703 87.41000366210938 31.0 AB 6.6347306052346555 1.0478096344337395
61135.1694 lsst_hardware_r 24.447030821756634 74.88999938964844 31.649999618530273 AB 7.666165277829105 1.036808936682324
61135.1884 lsst_hardware_i 16.663645397947107 62.099998474121094 31.31999969482422 AB 7.783913425650336 1.0549571510125708
61137.1681 lsst_hardware_z -54.29486522325528 47.939998626708984 30.959999084472656 AB 10.489209859959054 1.0396421795435038
61137.1877 lsst_hardware_i 29.580866407488802 45.15999984741211 31.299999237060547 AB 10.856263734026374 1.0616594121728113
61142.1533 lsst_hardware_r -40.843513060708986 23.93000030517578 31.520000457763672 AB 6.544422155325932 1.0387971675120526
61142.1701 lsst_hardware_i 0.37936527047969915 31.559999465942383 31.260000228881836 AB 6.864242599104786 1.056037322939198
61148.1298 lsst_hardware_r -47.76223562322615 23.579999923706055 31.520000457763672 AB 12.194056486352691 1.0346221352751308
61148.1471 lsst_hardware_g -15.481347075571747 14.800000190734863 31.450000762939453 AB 12.318285867176415 1.047978266214708
61150.1247 lsst_hardware_r 9.050477897341676 23.389999389648438 31.510000228881836 AB 7.043125348535785 1.0347899527698396
61150.1415 lsst_hardware_i 1.5424055630573372 30.989999771118164 31.25 AB 6.709146361275671 1.047826593808916
61152.1276 lsst_hardware_z -7.532086831330238 41.36000061035156 30.950000762939453 AB 10.548616380199405 1.0399897841072077
61152.1441 lsst_hardware_i -42.6198433661398 31.030000686645508 31.25 AB 10.766020182060227 1.0578256135652397
61154.1235 lsst_hardware_z 13.094099389935447 43.209999084472656 30.950000762939453 AB 9.447759661039797 1.0410754447426773
61154.1429 lsst_hardware_g -43.95962208746762 21.68000030517578 31.56999969482422 AB 10.2315365815541 1.0641408152216991
61156.1095 lsst_hardware_r 67.4799562636771 56.709999084472656 31.639999389648438 AB 10.146651740494022 1.0353726265810226
61156.1275 lsst_hardware_i 41.23441233034118 50.84000015258789 31.309999465942383 AB 9.437884995763168 1.0505214821641995
61158.1253 lsst_hardware_z -56.88121961163012 103.52999877929688 31.739999771118164 AB 2.1868998250325995 1.0545629053803975
61160.1109 lsst_hardware_z 83.986181888841 87.48999786376953 31.0 AB 11.00172902533334 1.0444514193129861
61160.1288 lsst_hardware_r 38.80656265166078 130.33999633789062 31.649999618530273 AB 11.136362692453421 1.067826511885456
61162.0422 lsst_hardware_r -158.14193018777354 108.91000366210938 31.65999984741211 AB 8.863913715228424 1.0552278232414791
61162.0598 lsst_hardware_i 53.88581417191441 85.37000274658203 31.34000015258789 AB 8.717745996234568 1.037826904313639
61164.087 lsst_hardware_z -38.92516567580989 56.09000015258789 30.979999542236328 AB 12.17624268473433 1.035042730766264
61164.1043 lsst_hardware_i 9.502577423008162 59.83000183105469 31.329999923706055 AB 12.389801165458918 1.048960857254279
61167.0861 lsst_hardware_u -1.193983880616848 4.5912130229058645 28.790000915527344 AB 6.9565756504493965 1.0395749468299376
61167.1055 lsst_hardware_g 13.623112925795843 32.820510910539184 31.65999984741211 AB 7.087683650403598 1.0612290698713978
61174.0345 lsst_hardware_g 66.7778143974651 16.12268080992478 31.450000762939453 AB 6.0757067764709936 1.0338695592406681
61174.0541 lsst_hardware_r 140.2672494136587 26.442323554325085 31.510000228881836 AB 6.593382778212911 1.0328519834284755
61176.0314 lsst_hardware_i 223.80296878299507 34.7964448864204 31.25 AB 5.391389092131102 1.03303105808225
61176.0491 lsst_hardware_z 207.33869257254074 43.423704878809964 30.940000534057617 AB 5.189228423815302 1.0329906288076962
61183.0119 lsst_hardware_z 992.3680666272206 69.33024585734717 31.709999084472656 AB 1.2783563098082 1.0331543452117142
61185.9909 lsst_hardware_z 669.7036093313125 68.43814272044607 30.989999771118164 AB 5.986562212675187 1.040266827190239
61186.0102 lsst_hardware_r 1317.5799582423308 88.732679747668 31.65999984741211 AB 5.87191096852872 1.0317738512343086
61187.9906 lsst_hardware_i 1220.3415428500311 81.5031901914924 31.34000015258789 AB 6.709739384069492 1.0366934812575737
61188.0092 lsst_hardware_z 739.4962565916825 72.13574110981003 30.989999771118164 AB 7.2480916140061815 1.0316833839592943
61189.989 lsst_hardware_i 1123.7551353885567 82.90036893338096 31.34000015258789 AB 9.827591362159156 1.0346466665430833
61190.0084 lsst_hardware_z 854.2863199048604 71.86410679505813 30.989999771118164 AB 9.960741884651584 1.0323349537143371
61194.9503 lsst_hardware_y 218.786436094529 70.32429959314993 30.059999465942383 AB 12.268850771650763 1.0576595492802383
61194.9532 lsst_hardware_g 461.35905653472514 35.58231211901464 31.6299991607666 AB 12.223919812858632 1.0537861907636752
61196.9647 lsst_hardware_y 347.2160857063781 50.81066452194744 30.040000915527344 AB 4.461331750214187 1.037519011677718
61196.9842 lsst_hardware_i 1158.3970763059506 46.805742385110605 31.239999771118164 AB 4.43614670461814 1.0316620243298
61424.3587 lsst_hardware_i -5.340242396902283 32.45000076293945 31.270000457763672 AB 6.355681705741044 1.031682770187652
61426.3449 lsst_hardware_g 47.94846951792556 45.40999984741211 31.709999084472656 AB 11.620114091616996 1.0334195676296525
61426.3641 lsst_hardware_y -157.5617663734958 50.25 30.049999237060547 AB 11.600125965112053 1.0330813363218025
61428.3486 lsst_hardware_i -48.10813918202789 75.77999877929688 31.34000015258789 AB 9.619807591242216 1.031642413066546
61428.3685 lsst_hardware_y 66.24385831064502 63.25 30.059999465942383 AB 9.766708536477056 1.0379625417372926
61430.3541 lsst_hardware_z -38.822015200285314 95.76000213623047 31.75 AB 9.901594154323867 1.033389544719847
61432.3318 lsst_hardware_r -24.197333840063248 75.81999969482422 31.65999984741211 AB 12.221018068782852 1.0324421786586848
61432.3496 lsst_hardware_i 0.3582674433230721 65.77999877929688 31.329999923706055 AB 11.344476707912964 1.0337437959978402
61434.3261 lsst_hardware_z 67.39635592732523 46.2599983215332 30.969999313354492 AB 11.4564487666254 1.0325000766016157
61434.343 lsst_hardware_r 9.431486395387992 41.279998779296875 31.6200008392334 AB 11.919843932597438 1.0333258240286745
61436.3327 lsst_hardware_z 46.81454001928581 41.9900016784668 30.959999084472656 AB 11.067589731687196 1.0320633856334955
61436.35 lsst_hardware_g -13.004412822180655 19.84000015258789 31.56999969482422 AB 11.964676563809501 1.0404066577225652
61438.3245 lsst_hardware_r -56.6188560025396 23.979999542236328 31.530000686645508 AB 8.797078525321817 1.0317136659877033
61438.3426 lsst_hardware_z -35.26671411187336 41.599998474121094 30.959999084472656 AB 10.238717734672328 1.0389363505502107
61443.2982 lsst_hardware_r 25.915782790301314 23.329999923706055 31.520000457763672 AB 3.8508882961054676 1.0335180612199646
61443.3163 lsst_hardware_i -16.987815984937605 30.899999618530273 31.270000457763672 AB 3.807440771523955 1.032666333475442
61445.2539 lsst_hardware_z -3.592898146551348 41.72999954223633 30.950000762939453 AB 5.670828132343422 1.0755822467617289
61445.2726 lsst_hardware_r 23.407105400534824 23.34000015258789 31.510000228881836 AB 5.53578039570833 1.0481785652060711
61450.3031 lsst_hardware_z 38.51947898714216 41.29999923706055 30.950000762939453 AB 2.786597379925375 1.0348838994523553
61450.3203 lsst_hardware_r -21.779352429624343 23.520000457763672 31.510000228881836 AB 2.838646466125186 1.0485027577413886
61452.2329 lsst_hardware_r -11.208426775237573 23.3799991607666 31.5 AB 4.257767348960645 1.0791451904601812
61452.2511 lsst_hardware_u 0.5422741117451321 2.759999990463257 28.479999542236328 AB 4.733471002582091 1.0509093807767824
61454.2738 lsst_hardware_z -78.3461178917309 48.630001068115234 30.969999313354492 AB 4.924781920358795 1.032016328658599
61454.2917 lsst_hardware_r -28.70592096163307 42.349998474121094 31.6200008392334 AB 5.145864119460468 1.034656503359909
61460.2571 lsst_hardware_z 69.97480022255253 71.0 31.0 AB 10.204505278735756 1.03206991499995
61460.275 lsst_hardware_i -41.877645375700666 80.54000091552734 31.34000015258789 AB 10.241642429646255 1.0345093363279045
61462.2693 lsst_hardware_z 97.06366568999849 50.27000045776367 30.969999313354492 AB 6.707318910023705 1.0344016516981462
61462.2861 lsst_hardware_r -15.705504493174043 53.54999923706055 31.6299991607666 AB 6.802252544809534 1.0469433290714585
61466.2674 lsst_hardware_r 15.88487683680896 25.0 31.520000457763672 AB 3.5774541233995905 1.0398568326904805
61466.2875 lsst_hardware_i -18.30343458125523 31.940000534057617 31.260000228881836 AB 3.613747988025127 1.062867055301508
61468.2379 lsst_hardware_i 47.17969979599057 31.040000915527344 31.25 AB 5.743584162425793 1.0317198064353859
61468.2568 lsst_hardware_z 24.846325628361424 41.40999984741211 30.940000534057617 AB 6.021682090606266 1.0363894996955838
