data/validation/pwv_sim_epoch_fit_4/2279546.ecsv
# %ECSV 0.9
# ---
# datatype:
# - {name: time, datatype: float64}
# - {name: band, datatype: string}
# - {name: flux, datatype: float64}
# - {name: fluxerr, datatype: float64}
# - {name: zp, datatype: float64}
# - {name: zpsys, datatype: string}
# - {name: pwv, datatype: float64}
# - {name: airmass, datatype: float64}
# meta: {SNID: '2279546', alt: 1024.0, c: 0.012373803183436394, dec: -40.033035, lat: -30.244573, lon: -70.7499537, ra: 23.203125, t0: 61398.2109375,
#   x0: 2.4880071898483915e-06, x1: 0.7263356447219849, z: 0.8155404925346375}
# schema: astropy-2.0
time band flux fluxerr zp zpsys pwv airmass
61244.4329 lsst_hardware_z 68.07946359466595 42.869998931884766 30.959999084472656 AB 5.177219033280611 1.015140986917767
61251.4338 lsst_hardware_z 42.08137991083047 103.80000305175781 31.75 AB 3.873736935237667 1.0247981310152559
61256.4253 lsst_hardware_z -75.20126359639889 48.0099983215332 30.959999084472656 AB 1.4896166180981878 1.0290961092213988
61256.4366 lsst_hardware_r 60.60762384415401 52.66999816894531 31.6299991607666 AB 1.5455395793197058 1.041234838975773
61258.4224 lsst_hardware_z -0.6527991106965162 42.70000076293945 30.950000762939453 AB 2.9484188035708208 1.0315167825903746
61258.4332 lsst_hardware_g 62.250112592267676 32.880001068115234 31.65999984741211 AB 2.965954179746773 1.043859988179296
61261.417 lsst_hardware_r -26.80393542691854 22.229999542236328 31.489999771118164 AB 3.4454955729970997 1.0343727328120984
61261.4273 lsst_hardware_u 0.08127487411614295 4.78000020980835 28.84000015258789 AB 3.4951803460156645 1.046931360196395
61263.414 lsst_hardware_g -14.499534036292642 13.449999809265137 31.40999984741211 AB 6.25757637722771 1.0370814093684573
61263.4264 lsst_hardware_r 4.939728476492716 24.1299991607666 31.510000228881836 AB 5.127205131048336 1.053535300900343
61268.4124 lsst_hardware_r 5.396243794239553 22.209999084472656 31.479999542236328 AB 5.090490806805153 1.053005286612226
61268.4237 lsst_hardware_u 1.534159442470781 5.300000190734863 28.8700008392334 AB 4.982629135667788 1.0721479993547098
61271.192 lsst_hardware_u 0.7737945540095771 2.450000047683716 28.1299991607666 AB 3.5717903511147657 1.4741190058253264
61271.2084 lsst_hardware_g -5.497668166299757 13.449999809265137 31.309999465942383 AB 3.2399749504896516 1.3620493748774747
61272.2156 lsst_hardware_r 8.554330828119827 46.95000076293945 32.68000030517578 AB 2.3187657869968907 1.3056726312215612
61272.2318 lsst_hardware_i 50.717159448299356 31.649999618530273 31.219999313354492 AB 2.1924027807641795 1.2287531347984753
61272.2653 lsst_hardware_r -43.26122650560842 22.309999465942383 31.479999542236328 AB 1.8163229424968752 1.1157345948278732
61274.3992 lsst_hardware_g 28.40201849917636 13.25 31.399999618530273 AB 1.4062161569323015 1.0579682685384086
61274.4103 lsst_hardware_r 26.836470015229 22.489999771118164 31.479999542236328 AB 1.4385689711602172 1.0779161819500032
61276.3983 lsst_hardware_i -34.42823522757069 30.299999237060547 31.25 AB 4.054038113757972 1.0656602783092521
61276.4099 lsst_hardware_z -33.837679965294804 42.2400016784668 30.950000762939453 AB 4.1473690694121075 1.088429280108153
61278.3906 lsst_hardware_r 25.323455870319954 61.400001525878906 31.639999389648438 AB 2.251450416647403 1.0617962271475274
61278.4014 lsst_hardware_z 11.497404280251043 53.16999816894531 30.969999313354492 AB 2.3082740096695327 1.0820034420325935
61281.3826 lsst_hardware_z 42.565449839478404 67.12000274658203 30.989999771118164 AB 7.883747904877166 1.062118004070033
61281.3944 lsst_hardware_r -214.5403884645866 95.30000305175781 31.649999618530273 AB 8.107569922657442 1.0844796579263567
61303.3499 lsst_hardware_i -29.728380677497448 30.969999313354492 31.239999771118164 AB 5.797834353323196 1.1217634426474212
61303.362 lsst_hardware_u -1.0294844084961503 2.5999999046325684 28.329999923706055 AB 6.061330250350914 1.1576260982338333
61305.3448 lsst_hardware_z 32.91257430919059 42.119998931884766 30.940000534057617 AB 1.7542817877755303 1.1227403441765624
61305.3567 lsst_hardware_r 0.015929892165737612 22.700000762939453 31.469999313354492 AB 1.825816733956514 1.1581457240447282
61307.3356 lsst_hardware_i -27.944026236458 61.790000915527344 31.309999465942383 AB 4.610037999124054 1.112863729420578
61307.3471 lsst_hardware_r -42.17331108866148 64.94000244140625 31.610000610351562 AB 4.6737926480199015 1.1451164150485391
61309.3332 lsst_hardware_z -167.06562794417724 100.3499984741211 31.729999542236328 AB 3.8439542014784696 1.1209042189381906
61311.3311 lsst_hardware_z 2.9252714309820727 63.380001068115234 30.969999313354492 AB 4.289217891845156 1.130179058937725
61311.3432 lsst_hardware_r 5.6241761814384486 87.0999984741211 31.6200008392334 AB 5.536006963378647 1.1676876109215375
61319.3146 lsst_hardware_r 1.2938088021770995 22.68000030517578 31.469999313354492 AB 6.545793901975839 1.1459221676179856
61319.3252 lsst_hardware_i -23.989316772130667 31.5 31.229999542236328 AB 6.741669619022369 1.1810396564660355
61321.2657 lsst_hardware_i 30.04379404277545 30.18000030517578 31.25 AB 3.929997860516633 1.0500528661872015
61321.2769 lsst_hardware_z 5.7027900126684035 41.29999923706055 30.950000762939453 AB 4.035211679715691 1.0682699469773274
61323.3081 lsst_hardware_g 11.547889448877086 13.550000190734863 31.389999389648438 AB 3.219455168178738 1.159920197500371
61323.3187 lsst_hardware_r -0.367939151856847 22.809999465942383 31.469999313354492 AB 3.3280774146844716 1.197329605043132
61328.297 lsst_hardware_g -5.381253725696281 13.390000343322754 31.360000610351562 AB 6.652187426614557 1.1684169953070065
61328.3085 lsst_hardware_r -9.296500993426971 22.709999084472656 31.459999084472656 AB 6.83600235672237 1.2107691032096828
61330.2445 lsst_hardware_g -16.054197777236034 13.380000114440918 31.399999618530273 AB 5.557273607540335 1.0551117538523513
61330.2566 lsst_hardware_r 36.123613253586086 22.389999389648438 31.479999542236328 AB 6.616712252533849 1.0763257019168522
61334.287 lsst_hardware_z 91.23216443087033 48.08000183105469 30.950000762939453 AB 2.3551462853588125 1.1910719582056757
61334.2973 lsst_hardware_r 43.93061457663688 26.90999984741211 31.5 AB 2.8589026538471494 1.23219710675116
61337.2785 lsst_hardware_i -82.79304090370972 71.16000366210938 31.299999237060547 AB 3.5432087938004955 1.1899279504535416
61337.29 lsst_hardware_z 24.238271198676497 66.22000122070312 30.959999084472656 AB 3.7056459564086834 1.2360393450330018
61340.2699 lsst_hardware_i -70.83011237885175 68.62999725341797 31.299999237060547 AB 3.908620394691643 1.1884218394177342
61340.2805 lsst_hardware_z 54.83312480106781 63.560001373291016 30.959999084472656 AB 4.051647327823187 1.230412955431564
61358.1766 lsst_hardware_g 3.514912774199268 13.09000015258789 31.389999389648438 AB 4.293726497939717 1.0695988951107824
61358.1883 lsst_hardware_i -57.037018113884436 30.270000457763672 31.239999771118164 AB 4.3817855485670725 1.0934872225347267
61360.1785 lsst_hardware_z -14.758030048853849 41.869998931884766 30.940000534057617 AB 5.986523856131475 1.0840569546927281
61360.1905 lsst_hardware_r 4.769142274152762 23.100000381469727 31.469999313354492 AB 6.128827559002294 1.1118726863003774
61362.2095 lsst_hardware_g 10.885570892492062 24.022544387371045 31.549999237060547 AB 5.425573835129542 1.1872152812100463
61362.2225 lsst_hardware_r -7.608685547395174 29.550291127725995 31.510000228881836 AB 5.579608894683865 1.2393622600363983
61369.0875 lsst_hardware_z 130.34259013561814 56.52312003431733 30.979999542236328 AB 5.1740901902702365 1.0145274882882818
61369.1002 lsst_hardware_g -172.02073628031306 86.29013151414907 31.739999771118164 AB 5.216702852565542 1.017942895275973
61371.0754 lsst_hardware_r 76.20167913205256 22.320472646370064 31.489999771118164 AB 3.6866386151825545 1.014485034447709
61371.0885 lsst_hardware_z 61.891735061070044 41.23356747757143 30.950000762939453 AB 3.871741139183856 1.015716271046468
61373.1551 lsst_hardware_u 1.5137765445378508 2.7014766763187184 28.40999984741211 AB 5.631047074326279 1.1121225294916943
61373.1662 lsst_hardware_g 19.663584203573784 25.44436547500898 31.579999923706055 AB 5.785008075032568 1.143018686409438
61375.1541 lsst_hardware_r 84.56761369124797 25.015786827419788 31.479999542236328 AB 9.179407332863526 1.123917312814953
61375.1662 lsst_hardware_i 234.52475262799805 34.653031026356295 31.229999542236328 AB 9.423532620224604 1.1602001830620847
61378.1198 lsst_hardware_r 228.64346210821418 26.35614118397115 31.479999542236328 AB 2.7707259460774205 1.0656638254143924
61378.1314 lsst_hardware_i 328.6285326608159 35.73169924963769 31.239999771118164 AB 3.512361491705042 1.0884293435714416
61380.1193 lsst_hardware_z 341.4458963631415 44.682826160512505 30.950000762939453 AB 5.622947830563971 1.0748251611514805
61380.13 lsst_hardware_r 285.0102593895291 27.636784946905053 31.479999542236328 AB 6.034293793953299 1.097543432876191
61382.0776 lsst_hardware_u 3.0420828217622815 2.647969064300675 28.43000030517578 AB 3.09224932267967 1.0259619517846825
61382.0891 lsst_hardware_g 48.43719924602871 14.952080007682117 31.399999618530273 AB 3.9484349828829655 1.0371058922776253
61384.0689 lsst_hardware_r 437.5597505128575 30.004784634462506 31.5 AB 7.8390697559258316 1.0235108703386906
61384.0818 lsst_hardware_z 387.39037920907236 45.60936276715495 30.950000762939453 AB 7.729600895676998 1.0350642289411371
61386.0698 lsst_hardware_r 482.665765848422 31.092046929531453 31.5 AB 13.96764910988729 1.0286087101481896
61386.0812 lsst_hardware_u 6.232115566073543 2.899547822950411 28.520000457763672 AB 14.132038874395215 1.0406828050243477
61388.0723 lsst_hardware_g 145.35290655269566 17.831503741838993 31.450000762939453 AB 8.189420839844363 1.0366355493473878
61388.085 lsst_hardware_r 498.1314103322102 32.38642308226001 31.489999771118164 AB 7.794354602517418 1.0533860621475923
61607.3169 lsst_hardware_z -244.26752845579585 137.61000061035156 32.709999084472656 AB 6.15851076599919 1.2183008439167538
61611.4392 lsst_hardware_y 96.50868154835332 63.58000183105469 30.06999969482422 AB 6.241480327472046 1.0191003881903904
61612.4369 lsst_hardware_r 6.213534713664492 38.65999984741211 31.610000610351562 AB 6.198841035664142 1.0193226872940377
61622.4293 lsst_hardware_g 15.952079586567985 16.969999313354492 31.5 AB 1.138608955820983 1.0350990507463482
61626.4182 lsst_hardware_u -2.0556781642005055 2.990000009536743 28.540000915527344 AB 3.4762440025835057 1.0349044366131306
61626.4294 lsst_hardware_g -43.98239600523017 20.75 31.56999969482422 AB 3.5504893335254115 1.048889020243844
61627.4175 lsst_hardware_r 48.22485064920855 22.18000030517578 31.5 AB 5.185096781158113 1.0371576439174783
61627.4283 lsst_hardware_i -21.187769170161424 35.16999816894531 31.280000686645508 AB 5.246597562480422 1.0512467982929548
61629.4209 lsst_hardware_z -67.25416645874084 42.09000015258789 30.950000762939453 AB 3.2750966044164604 1.0484502935306796
61629.4327 lsst_hardware_r 27.96781206391215 33.84000015258789 31.579999923706055 AB 3.519092646083521 1.0673350626311704
61631.4131 lsst_hardware_z 13.71720070238809 40.959999084472656 30.950000762939453 AB 3.7090122450551926 1.045233829802788
61631.4244 lsst_hardware_r 7.574196574794561 24.239999771118164 31.520000457763672 AB 4.3904371669852456 1.0623738910272413
61649.3881 lsst_hardware_g -2.306668523333847 13.289999961853027 31.389999389648438 AB 0.8405354552182531 1.0870164309321089
61649.3984 lsst_hardware_i -41.775697765644345 30.600000381469727 31.239999771118164 AB 0.8397188051749933 1.1111065897121977
61651.3772 lsst_hardware_r 55.97104541788611 21.989999771118164 31.469999313354492 AB 1.2856734889764077 1.075877396632977
61651.3893 lsst_hardware_z 5.0087920827883705 41.52000045776367 30.940000534057617 AB 1.2885737332873184 1.1021300641088967
61653.3739 lsst_hardware_r -10.852006867813671 22.079999923706055 31.479999542236328 AB 1.3847843897654473 1.0801750310182896
61653.3855 lsst_hardware_u 0.2539509866620869 2.5399999618530273 28.31999969482422 AB 1.276509252316736 1.1061605306037574
61671.3083 lsst_hardware_r 8.825219848526801 30.020000457763672 31.559999465942383 AB 2.182163106159907 1.0514337391655846
61671.32 lsst_hardware_g -36.48396950328312 26.219999313354492 31.610000610351562 AB 2.2418121917973326 1.070929390985987
61672.3328 lsst_hardware_i 20.372591076450327 32.22999954223633 31.25 AB 4.76832864499396 1.1041418624920887
61672.3449 lsst_hardware_z -31.313065249703026 42.97999954223633 30.940000534057617 AB 4.621453266116856 1.13646951091033
61678.1265 lsst_hardware_z -22.302939401064407 43.20000076293945 30.940000534057617 AB 4.977655763377269 1.2045629821838593
61678.1455 lsst_hardware_r -12.773636422827344 22.649999618530273 31.479999542236328 AB 4.756976811181824 1.1395776118777827
61680.3153 lsst_hardware_g 10.179393999886901 13.479999542236328 31.3799991607666 AB 3.5396456863867236 1.1150539006284799
61680.3267 lsst_hardware_r 6.730935557852474 22.649999618530273 31.459999084472656 AB 3.642857405507488 1.1474168950099704
61682.3135 lsst_hardware_i -38.08414360065535 30.690000534057617 31.239999771118164 AB 2.9971483624199444 1.1248445721223284
61682.3245 lsst_hardware_z -21.8678520473983 42.31999969482422 30.93000030517578 AB 3.047136902564324 1.1577267866884362
61686.3101 lsst_hardware_r -24.921183074169917 22.81999969482422 31.469999313354492 AB 4.155803021807351 1.1467447631914809
61686.3211 lsst_hardware_i 6.758509538949059 31.649999618530273 31.229999542236328 AB 4.048546612149981 1.1834395241595972
61688.2613 lsst_hardware_i -21.674251760476743 43.45000076293945 31.299999237060547 AB 3.371651995383953 1.0505770654499569
61688.2725 lsst_hardware_z -20.41782168816804 47.13999938964844 30.959999084472656 AB 3.4212914136251276 1.0689308728260136
61689.3124 lsst_hardware_z 53.65448819265832 70.02999877929688 31.700000762939453 AB 5.3307386240394345 1.1816107927752137
61692.2902 lsst_hardware_r 119.77990083869062 93.1500015258789 31.6299991607666 AB 6.558400539845831 1.1361948182850417
61692.3013 lsst_hardware_i -45.22050520278675 75.02999877929688 31.309999465942383 AB 5.881264686869119 1.1714111048072386
61694.2988 lsst_hardware_z -91.34458039822773 96.31999969482422 31.719999313354492 AB 8.294632686462261 1.1817960704496002
61700.283 lsst_hardware_z -4.537132481407946 44.72999954223633 30.940000534057617 AB 3.3877033111340964 1.1838907255404845
61700.2936 lsst_hardware_i -1.6316823200499728 36.08000183105469 31.239999771118164 AB 2.9611174712805632 1.2251632470905343
61705.2659 lsst_hardware_r -7.627577788969258 22.649999618530273 31.469999313354492 AB 3.8402741389700266 1.171738149142843
61705.2774 lsst_hardware_i -13.70097125132444 31.690000534057617 31.229999542236328 AB 3.9953789565109914 1.2146778008698005
61707.2763 lsst_hardware_z 42.664732714381394 44.040000915527344 30.93000030517578 AB 3.230892998454853 1.232851563897807
61707.2865 lsst_hardware_u -1.3076057188056964 2.5 28.209999084472656 AB 3.3727118334286312 1.279885586020605
61709.2708 lsst_hardware_g -20.33646403096423 13.380000114440918 31.329999923706055 AB 4.684198757883479 1.2326838836535472
61709.2805 lsst_hardware_r 8.639119343483728 23.139999389648438 31.440000534057617 AB 4.853478141848333 1.2772310899600876
61711.231 lsst_hardware_u -3.7363525213735143 2.5199999809265137 28.299999237060547 AB 4.899564973423862 1.1159469248201397
61711.243 lsst_hardware_r 30.778452815376895 22.360000610351562 31.459999084472656 AB 5.1032204755955775 1.1503455566290397
61720.1825 lsst_hardware_z 8.767944236202656 80.33000183105469 31.729999542236328 AB 0.7492391300188762 1.064260127867722
61726.1739 lsst_hardware_g 65.83692145440051 56.38999938964844 31.700000762939453 AB 2.933620979252422 1.078801536865764
61726.1857 lsst_hardware_r -40.01432036493078 53.459999084472656 31.6200008392334 AB 2.72487421123611 1.1049773768191848
61728.1761 lsst_hardware_i 28.077017360904556 35.90999984741211 31.270000457763672 AB 5.9027016497251195 1.0952055631496163
61728.1887 lsst_hardware_z -73.44704381745437 45.11000061035156 30.950000762939453 AB 5.972952491183296 1.1270607735545177
61729.0828 lsst_hardware_i -25.146490750056817 29.600000381469727 31.25 AB 6.633264650392218 1.0175929816640452
61729.0959 lsst_hardware_z 17.47997817935421 40.34000015258789 30.950000762939453 AB 5.840501322716815 1.0144162088956328
61731.0842 lsst_hardware_i 2.9044362312389156 29.469999313354492 31.239999771118164 AB 3.9087481456418933 1.0153471674538965
61731.0961 lsst_hardware_u -2.4937275421193785 2.5199999809265137 28.350000381469727 AB 3.858592765952664 1.0144847550816023
61734.087 lsst_hardware_g 13.118201077080592 13.109999656677246 31.40999984741211 AB 5.242502086563151 1.0144160384217842
61734.1007 lsst_hardware_r -24.17554784744057 21.700000762939453 31.489999771118164 AB 5.231715269742762 1.0178434376932057
61736.0803 lsst_hardware_i -3.968231112519035 29.59000015258789 31.25 AB 3.645263924420355 1.0143578307450445
61736.0912 lsst_hardware_r -33.17161221512529 21.6299991607666 31.489999771118164 AB 3.8816797389529456 1.0163017229383926
61738.1596 lsst_hardware_g 20.26887891652746 13.119999885559082 31.360000610351562 AB 5.692401593508764 1.1221345586310276
61738.1721 lsst_hardware_r -10.975646873855975 22.309999465942383 31.459999084472656 AB 5.048291269038136 1.1593717987533039
61740.1596 lsst_hardware_i -31.247851339993733 30.639999389648438 31.229999542236328 AB 9.266161096351922 1.137557117856356
61740.1711 lsst_hardware_z 53.296006034669915 42.459999084472656 30.93000030517578 AB 9.049020478370304 1.1743967396736386
61742.109 lsst_hardware_i -2.373297259102157 30.31999969482422 31.25 AB 6.834958813892456 1.0438791960999592
61742.1196 lsst_hardware_z -24.816425829828745 41.31999969482422 30.950000762939453 AB 6.939609211027991 1.0594878241265293
61744.1196 lsst_hardware_i -55.926623175696 33.220001220703125 31.260000228881836 AB 3.9820224614855464 1.0689514907124784
61744.1316 lsst_hardware_z -31.9042791711504 43.09000015258789 30.950000762939453 AB 2.8017596713215878 1.0933696278328147
61746.1187 lsst_hardware_g 79.24144667173623 36.869998931884766 31.670000076293945 AB 6.074249973369773 1.0776315742227465
61746.1307 lsst_hardware_r -77.42260130134247 39.79999923706055 31.59000015258789 AB 4.988027867927406 1.1040344993199218
61748.0755 lsst_hardware_i -16.651098018579393 47.54999923706055 31.309999465942383 AB 5.5260050347863965 1.0258990132343095
61748.0881 lsst_hardware_r -50.72852563418407 54.06999969482422 31.6299991607666 AB 6.487764137947266 1.0382914520200475
61750.0757 lsst_hardware_z 14.684752064777323 74.69000244140625 31.729999542236328 AB 10.315818911460644 1.0308946280606905
61752.0728 lsst_hardware_r -79.12325956093466 77.61000061035156 31.65999984741211 AB 11.908560385801993 1.0334600699297674
61752.0853 lsst_hardware_i 10.454494953627526 61.790000915527344 31.329999923706055 AB 12.408091287589857 1.0487926706422364
