data/validation/pwv_sim_epoch_fit_4/22809849.ecsv
# %ECSV 0.9
# ---
# datatype:
# - {name: time, datatype: float64}
# - {name: band, datatype: string}
# - {name: flux, datatype: float64}
# - {name: fluxerr, datatype: float64}
# - {name: zp, datatype: float64}
# - {name: zpsys, datatype: string}
# - {name: pwv, datatype: float64}
# - {name: airmass, datatype: float64}
# meta: {SNID: '22809849', alt: 1024.0, c: 0.00397998932749033, dec: -28.461132, lat: -30.244573, lon: -70.7499537, ra: 46.757812, t0: 62783.16015625,
#   x0: 2.232705893011072e-05, x1: 0.5043776631355286, z: 0.3273262679576874}
# schema: astropy-2.0
time band flux fluxerr zp zpsys pwv airmass
[from data line 132]
63157.2263 lsst_hardware_u -6.467386227742747 2.7300000190734863 28.510000228881836 AB 5.108640452780376 1.0119459464074698
63161.1 lsst_hardware_r -16.428660104632705 27.260000228881836 31.459999084472656 AB 6.177819578680023 1.4040499042454597
63161.1174 lsst_hardware_z -57.057162452250445 45.25 30.93000030517578 AB 5.65499941544446 1.2911448872736844
63163.0973 lsst_hardware_g 2.1045753132331515 34.88999938964844 31.530000686645508 AB 4.290623053081557 1.3840719526069538
63163.1155 lsst_hardware_r -10.321011237073852 36.72999954223633 31.540000915527344 AB 3.94160408436845 1.2714851885059515
63165.1025 lsst_hardware_z 128.58298664384492 75.13999938964844 31.690000534057617 AB 3.0217962228444626 1.3143959212024632
63165.1208 lsst_hardware_r 132.4235294067364 77.0999984741211 32.34000015258789 AB 2.7955575828230983 1.2180636503349793
63166.1022 lsst_hardware_r 18.637741642997064 68.87999725341797 31.59000015258789 AB 5.466620811443695 1.3000287304266265
63166.1203 lsst_hardware_z -18.02138637325039 55.939998626708984 30.959999084472656 AB 5.136336131132598 1.2080285675510793
63168.1011 lsst_hardware_r -129.73604035910765 104.0 31.610000610351562 AB 3.8159635510732848 1.2755309920020357
63168.1193 lsst_hardware_i -80.48022522865209 80.88999938964844 31.309999465942383 AB 3.491919292377104 1.188940855422916
63170.1034 lsst_hardware_z -1.5379071429851494 75.4000015258789 30.969999313354492 AB 6.134651814305764 1.2357038602689085
63170.1221 lsst_hardware_i -208.90816215337813 83.9800033569336 31.31999969482422 AB 5.80554003108009 1.1568277435646852
63172.1099 lsst_hardware_u 1.427803139888405 11.84000015258789 29.200000762939453 AB 6.618298941475471 1.182719096019225
63181.141 lsst_hardware_i 32.22746004507827 29.8700008392334 31.239999771118164 AB 2.920036822450376 1.034984696048101
63181.1594 lsst_hardware_r 21.18865321674824 21.920000076293945 31.489999771118164 AB 2.9529346058390455 1.013129439331786
63183.1355 lsst_hardware_u -0.12440053676532109 2.6600000858306885 28.43000030517578 AB 5.175217677942335 1.035043535588467
63183.1545 lsst_hardware_g 7.8220777944830235 13.5 31.420000076293945 AB 5.063191647113458 1.0126383294226915
63186.1219 lsst_hardware_g -15.765400135371758 13.4399995803833 31.40999984741211 AB 6.047842148557259 1.0436911208968853
63186.1384 lsst_hardware_r 4.13328061122435 22.010000228881836 31.489999771118164 AB 6.029047155783793 1.0205030801806265
63187.121 lsst_hardware_i -15.368191814862989 29.8700008392334 31.239999771118164 AB 3.22600468398077 1.0406466722518612
63187.1386 lsst_hardware_z 2.7925754282410837 40.36000061035156 30.950000762939453 AB 2.7532076080866323 1.0173515410943674
63189.1013 lsst_hardware_u -2.390181357608753 2.7699999809265137 28.459999084472656 AB 4.771337924277055 1.0676522542575642
63189.1182 lsst_hardware_g -16.166797602928767 13.890000343322754 31.43000030517578 AB 4.621470595755659 1.0364365543295218
63191.0511 lsst_hardware_g -0.9576744919220964 23.670000076293945 31.549999237060547 AB 4.722600051967211 1.212218195157359
63195.0267 lsst_hardware_z -5.537417862111144 104.54000091552734 31.709999084472656 AB 7.9948276389812944 1.2792406484049221
63197.0203 lsst_hardware_y -127.34291316397456 78.55999755859375 29.989999771118164 AB 6.193860594777651 1.2844337383540154
63197.0363 lsst_hardware_z 33.644584099089805 68.47000122070312 30.969999313354492 AB 5.871730357343831 1.2051991702264895
63201.0243 lsst_hardware_y -1.0410481529392677 71.30000305175781 30.020000457763672 AB 9.027318491634187 1.2099611515647852
63201.0407 lsst_hardware_i -39.60050549191974 31.059999465942383 31.229999542236328 AB 8.524789061192951 1.1452918577509563
63204.029 lsst_hardware_y 113.59373541645532 60.650001525878906 30.020000457763672 AB 5.085624403047451 1.1577972459982813
63204.0497 lsst_hardware_g -6.328621245837651 13.369999885559082 31.3799991607666 AB 3.8190873751842114 1.0931458950055637
63206.0308 lsst_hardware_y 21.973328575210363 61.2400016784668 30.030000686645508 AB 3.6333589702561766 1.1326520403979043
63206.0515 lsst_hardware_i 14.884748260818425 30.469999313354492 31.25 AB 3.5696913086961715 1.0752352143461608
63208.0324 lsst_hardware_z 113.55229771476455 51.189998626708984 30.959999084472656 AB 4.122610770031099 1.1108166256595382
63208.0531 lsst_hardware_u 1.6581564678263228 2.6700000762939453 28.40999984741211 AB 3.2269477009249687 1.0599269833880667
63211.0356 lsst_hardware_y 15.293955960822144 56.93000030517578 30.040000915527344 AB 10.455545266178632 1.0805369090482906
63211.0596 lsst_hardware_r -1.3792845527739637 21.8700008392334 31.489999771118164 AB 10.351137155459234 1.0342173938046262
63213.0381 lsst_hardware_y -5.578544293250849 51.790000915527344 30.049999237060547 AB 11.29191381813541 1.0626933457059886
63213.0582 lsst_hardware_z -29.645277012664472 40.540000915527344 30.950000762939453 AB 11.700022727531504 1.0284830105074527
