data/validation/pwv_sim_epoch_fit_4/22832745.ecsv
# %ECSV 0.9
# ---
# datatype:
# - {name: time, datatype: float64}
# - {name: band, datatype: string}
# - {name: flux, datatype: float64}
# - {name: fluxerr, datatype: float64}
# - {name: zp, datatype: float64}
# - {name: zpsys, datatype: string}
# - {name: pwv, datatype: float64}
# - {name: airmass, datatype: float64}
# meta: {SNID: '22832745', alt: 1024.0, c: 0.0438973605632782, dec: -45.191612, lat: -30.244573, lon: -70.7499537, ra: 221.610886, t0: 62188.43359375,
#   x0: 6.626593992903708e-06, x1: -0.22403550148010254, z: 0.5463507175445557}
# schema: astropy-2.0
time band flux fluxerr zp zpsys pwv airmass
62188.3799 lsst_hardware_g 552.3369587272447 27.89271526681022 31.450000762939453 AB 5.406118829323597 1.0376261728360525
62188.3915 lsst_hardware_y 607.3943297665908 58.95587204652957 30.059999465942383 AB 5.4037508959622125 1.0356146410851481
62190.3816 lsst_hardware_i 1957.6001471995028 53.95230682504999 31.270000457763672 AB 10.048938196368352 1.0359730099348818
62190.3943 lsst_hardware_y 482.60478656566397 63.30240401304897 30.06999969482422 AB 10.052173716530353 1.0363065687144695
62192.3816 lsst_hardware_i 1930.3211733653916 53.320958848312166 31.260000228881836 AB 8.388405723173218 1.0356056448361999
62192.3932 lsst_hardware_y 658.9412513550235 58.92902866862201 30.059999465942383 AB 8.402821502149823 1.0373853706357807
62194.3743 lsst_hardware_g 467.7808087165175 46.60578948867944 31.700000762939453 AB 5.38534945775636 1.0356441264916076
62194.3871 lsst_hardware_y 543.1218548949413 52.83793403168883 30.049999237060547 AB 5.226175236591888 1.0371967723327984
62196.3795 lsst_hardware_i 1713.4653868653563 80.29246546309015 31.329999923706055 AB 4.369445939763464 1.0366419785915693
62196.3905 lsst_hardware_y 591.9761468675572 60.16356686248674 30.059999465942383 AB 4.2988117242999415 1.040769508556427
62200.3466 lsst_hardware_z 1327.0348955190266 67.11905625325272 30.979999542236328 AB 10.059647948047681 1.037808210049796
62200.3547 lsst_hardware_r 1642.779853222429 77.46660427540962 31.649999618530273 AB 10.044822371016895 1.0359224845064607
62202.3745 lsst_hardware_i 3067.360415344768 78.23122339600553 32.040000915527344 AB 8.952343314962885 1.0409701529026611
62202.3871 lsst_hardware_z 2440.578784644607 80.97637989439579 31.709999084472656 AB 9.370044221632003 1.0497668813330658
62204.3661 lsst_hardware_i 1328.7103794829732 48.21670665024716 31.260000228881836 AB 7.079096842118061 1.039527675392736
62204.3801 lsst_hardware_u 2.6895631001617306 3.68807505858573 28.6299991607666 AB 7.940353415859779 1.0484621587843017
62206.3565 lsst_hardware_g 109.49154843797871 18.334229744668953 31.440000534057617 AB 6.939534245561797 1.037881360338276
62206.3698 lsst_hardware_r 1014.7773868831895 38.565836933969315 31.5 AB 7.004381204348794 1.044780291512561
62208.3592 lsst_hardware_i 1090.2954881585065 44.63437315947668 31.25 AB 13.487154919188452 1.041559573649583
62208.372 lsst_hardware_r 802.2054089980123 36.31262554568969 31.489999771118164 AB 13.598688768511087 1.0509033051399854
62211.3408 lsst_hardware_z 779.3262267306633 50.15510349987468 30.950000762939453 AB 7.79351017135157 1.0372330955051166
62211.353 lsst_hardware_u -0.7641626456313227 2.7912732780871665 28.459999084472656 AB 7.839459404445818 1.042723958959308
62213.316 lsst_hardware_g 50.90140638400333 16.41336295485763 31.450000762939453 AB 6.3114082583438575 1.0364694972099613
62213.3287 lsst_hardware_r 561.5134988449455 32.58371506474387 31.510000228881836 AB 6.376182992797416 1.0358793988081667
62218.3084 lsst_hardware_i 630.586738091166 39.40060166046699 31.260000228881836 AB 6.377133235454331 1.035669222160671
62218.3216 lsst_hardware_u -1.346248552240295 3.198048787393041 28.549999237060547 AB 6.416520643553955 1.0372090053700105
62220.3112 lsst_hardware_r 329.9841421122287 28.979382245997176 31.510000228881836 AB 6.379556578256172 1.0361048484723168
62220.3226 lsst_hardware_z 708.121020206429 49.16408254373398 30.959999084472656 AB 6.399865646496611 1.0396143025497806
62222.3094 lsst_hardware_r 395.9838395840884 45.08562514864802 31.6200008392334 AB 7.170946645290256 1.036863309035595
62222.3208 lsst_hardware_y 296.7550406584879 50.78644224554318 30.049999237060547 AB 7.201462126422791 1.0414638456087046
62224.3001 lsst_hardware_z 1456.6845944193765 96.03575853518048 31.739999771118164 AB 7.741573407016527 1.0360778114315337
62228.3004 lsst_hardware_z 569.1679729499567 69.2483079097415 30.989999771118164 AB 9.164346153946918 1.0394539957972995
62228.3139 lsst_hardware_r 309.6121877542618 85.79007947859367 31.65999984741211 AB 9.24958858061425 1.0479141141179285
62230.2915 lsst_hardware_z 1135.1904359180037 77.52046660731763 31.719999313354492 AB 6.67003712998502 1.0380707549422248
62232.2901 lsst_hardware_r 199.73275571794971 32.77734174912871 31.559999465942383 AB 15.18017390288637 1.039737938553861
62232.3018 lsst_hardware_z 562.0215677446937 48.12586928964027 30.950000762939453 AB 17.525155560625148 1.0469811402061175
62234.2906 lsst_hardware_r 178.16705484218545 26.546505937531325 31.5 AB 9.04491464786598 1.0429720831232931
62234.3027 lsst_hardware_u 8.779653339231864 3.5298608020097686 28.450000762939453 AB 10.49549395478115 1.0524699997273583
62238.2366 lsst_hardware_r 155.82374784075284 25.5053510273704 31.489999771118164 AB 7.138339641688737 1.0404479011328172
62238.2485 lsst_hardware_i 277.0131023442967 34.12365219923437 31.25 AB 7.085874700024185 1.0363253674624036
62242.2721 lsst_hardware_r 232.32105253373643 35.84140300076905 32.25 AB 17.274203120302168 1.0452005155331425
62242.284 lsst_hardware_u 6.19105665970661 4.970936478570041 29.260000228881836 AB 17.455848319864817 1.0555950968986676
62244.2768 lsst_hardware_g 25.83515962782825 14.640882728440959 31.420000076293945 AB 13.432406518277695 1.053832030462112
62244.2885 lsst_hardware_i 202.80154534129622 33.91286364013702 31.25 AB 13.593248131493912 1.0673509584620873
62246.2759 lsst_hardware_z 353.9536569869223 45.115903078168095 30.940000534057617 AB 3.7882436513861433 1.0586368230044414
62246.2878 lsst_hardware_r 132.1401837331723 25.21124631885058 31.489999771118164 AB 3.8381842858232793 1.073993504252754
62248.2157 lsst_hardware_i 218.58648252105567 33.381142424187686 31.25 AB 8.687545355082516 1.0377731968323463
62248.2262 lsst_hardware_r 101.7047064251221 25.14081820012869 31.5 AB 8.65823775865963 1.0356950208727802
62250.2195 lsst_hardware_z 501.43930930511186 70.0172682579439 31.719999313354492 AB 8.343650954730686 1.0357921403704269
62252.2178 lsst_hardware_r 77.78227891310802 76.55234106180679 31.649999618530273 AB 6.1652326982822245 1.0356223911557811
62252.2283 lsst_hardware_i 135.48930964354335 63.65470614641379 31.329999923706055 AB 6.128307894861002 1.0370849631692571
62254.2248 lsst_hardware_z 165.1086120588842 87.79885724344834 31.0 AB 2.245010983800214 1.0376755182806627
62254.2363 lsst_hardware_r 12.12536308311803 131.91159547194044 31.65999984741211 AB 2.219860645688995 1.0431675966583622
62257.2162 lsst_hardware_z 590.3893392762308 92.32462073708705 31.729999542236328 AB 9.505120786164156 1.0375447944582192
62261.1959 lsst_hardware_i 196.37713684938157 35.47433428365807 31.270000457763672 AB 9.500198416836929 1.035726183356438
62261.2084 lsst_hardware_r 12.10677406169244 30.376798035308937 31.559999465942383 AB 9.540084858821194 1.038659211629961
62266.1878 lsst_hardware_r -24.00295894055289 23.18000030517578 31.510000228881836 AB 6.535314481878076 1.0365288631052008
62266.1998 lsst_hardware_i 8.832130685111585 30.790000915527344 31.260000228881836 AB 6.542360244564032 1.0410035394978647
62272.1904 lsst_hardware_r -7.335415406228533 23.239999771118164 31.510000228881836 AB 5.61182384134521 1.0453568161462468
62272.202 lsst_hardware_z -23.994018843571954 41.470001220703125 30.950000762939453 AB 5.64977922787285 1.0555073909340236
62277.1363 lsst_hardware_r 21.74455964198614 29.90999984741211 31.56999969482422 AB 7.397831443090235 1.0378551407253416
62277.1491 lsst_hardware_i 15.925243833545489 33.439998626708984 31.270000457763672 AB 7.3773084758520895 1.035629743223428
62280.131 lsst_hardware_z -119.32425366131145 76.95999908447266 31.729999542236328 AB 7.80259174477444 1.0369811382768492
62280.1442 lsst_hardware_r 22.62842323093236 93.0199966430664 32.400001525878906 AB 7.820901682450447 1.0357438329294726
62283.1278 lsst_hardware_i 82.87790561306625 109.08999633789062 31.350000381469727 AB 5.596726885990049 1.0359832577263002
62283.1403 lsst_hardware_z 80.60595724478821 88.05000305175781 31.0 AB 5.5985104783220825 1.036313409944237
62285.1202 lsst_hardware_z 32.59542211974579 69.66000366210938 30.989999771118164 AB 9.915974712243736 1.0363324903930276
62285.1322 lsst_hardware_r -59.0881764997557 101.52999877929688 31.65999984741211 AB 9.423822453595866 1.0359074202879137
62288.1216 lsst_hardware_i 12.594730508606474 40.849998474121094 31.299999237060547 AB 7.711092165290474 1.0356946855243294
62288.1353 lsst_hardware_r 54.53860440499941 44.869998931884766 31.6200008392334 AB 7.488166392273909 1.038916855978466
62291.1114 lsst_hardware_z -6.317381821712314 41.04999923706055 30.950000762939453 AB 11.9187435806369 1.0356320089761542
62291.1246 lsst_hardware_u -0.08780035444081079 2.7100000381469727 28.450000762939453 AB 12.050306821602948 1.0379620418421556
62302.1037 lsst_hardware_g -28.218584285296828 13.84000015258789 31.40999984741211 AB 12.944002612860885 1.0422391775937585
62302.1173 lsst_hardware_r -15.187843128139946 22.700000762939453 31.489999771118164 AB 13.076562570606438 1.0527361889148963
62304.1001 lsst_hardware_i -31.348881029295185 30.739999771118164 31.260000228881836 AB 5.623824846218538 1.043381233064664
62304.1135 lsst_hardware_z -30.12558299218285 41.25 30.950000762939453 AB 5.650522117772868 1.0543658126772573
62306.042 lsst_hardware_i -7.889683600434479 34.380001068115234 31.280000686645508 AB 3.935103529938972 1.0460136974851069
62306.0536 lsst_hardware_z -71.19185880373838 42.869998931884766 30.959999084472656 AB 4.0441185315178245 1.0392184328710015
62308.0479 lsst_hardware_r -10.089390825906806 56.66999816894531 31.639999389648438 AB 3.4801717200990887 1.0393225982078327
62308.0598 lsst_hardware_z 42.36275467483898 51.33000183105469 30.969999313354492 AB 3.4595656179929515 1.0359531720295825
62314.0392 lsst_hardware_r 127.41643355560258 87.94000244140625 31.65999984741211 AB 8.448283258422721 1.0367263785032177
62314.0515 lsst_hardware_z -16.61864651166695 62.75 30.989999771118164 AB 7.838289492500029 1.0357604051226748
62315.0793 lsst_hardware_i 8.802322192183741 57.029998779296875 31.31999969482422 AB 7.340913488935802 1.0504276295250485
62315.0906 lsst_hardware_z -25.062064156093786 55.02000045776367 30.979999542236328 AB 7.524188474231366 1.062250869901791
62325.0189 lsst_hardware_r 12.950801251968887 22.469999313354492 31.489999771118164 AB 0.9962853721301875 1.0356396799686758
62325.0307 lsst_hardware_u 0.359444630948986 2.630000114440918 28.399999618530273 AB 0.9151734153112323 1.037611581985159
62327.0165 lsst_hardware_g 10.554909545667206 13.770000457763672 31.43000030517578 AB 8.475041227589093 1.035804804512595
62327.0292 lsst_hardware_r -10.992229332763452 22.5 31.5 AB 8.495045718755248 1.0390857707486085
62328.0145 lsst_hardware_i 19.560877727872185 30.31999969482422 31.25 AB 5.320970919048025 1.035880127004807
62328.0254 lsst_hardware_z 5.39274431738632 41.11000061035156 30.950000762939453 AB 5.260749541039292 1.038647490827212
62330.0176 lsst_hardware_r 37.39716412581303 22.5 31.5 AB 5.991526566816009 1.0377932852452671
62330.0302 lsst_hardware_g 18.60530923735124 13.779999732971191 31.420000076293945 AB 5.987210836311656 1.0440988495573427
62334.0172 lsst_hardware_z 7.107063206175753 41.77000045776367 30.950000762939453 AB 1.5641549311646914 1.0427699541097943
62334.0303 lsst_hardware_i -16.801282336182055 32.11000061035156 31.260000228881836 AB 1.5796561971576086 1.0531041314384058
62342.9962 lsst_hardware_r 7.9760923338367276 76.31999969482422 31.649999618530273 AB 8.63198642534921 1.0451295729453898
62343.0076 lsst_hardware_z 51.353747920533024 57.52000045776367 30.979999542236328 AB 9.664927083446347 1.0549694822565507
62554.3844 lsst_hardware_z 40.63318649339468 58.529998779296875 30.979999542236328 AB 8.915845053816772 1.0360836365606725
62554.3961 lsst_hardware_y -16.126549315535076 69.72000122070312 30.06999969482422 AB 8.911809342542393 1.036046076966012
62557.3741 lsst_hardware_r 13.353692753752904 38.06999969482422 31.600000381469727 AB 8.913627273058179 1.0364682875649045
62557.3856 lsst_hardware_z -14.197229693468215 46.66999816894531 30.959999084472656 AB 8.389765735264746 1.035773547563549
62559.3789 lsst_hardware_z 23.760753585197275 41.52000045776367 30.950000762939453 AB 5.26438417789791 1.0356844733224297
62559.3911 lsst_hardware_y 96.01075470789492 50.58000183105469 30.049999237060547 AB 5.1959162639725704 1.0383006972018924
62566.363 lsst_hardware_z 16.919603630733917 40.880001068115234 30.940000534057617 AB 7.438223511566164 1.0360003498124704
62566.3749 lsst_hardware_r 22.518979814094603 22.670000076293945 31.489999771118164 AB 7.448794036841152 1.0394995690389799
62568.361 lsst_hardware_u 3.5481329424907657 2.5899999141693115 28.3700008392334 AB 8.43564292168496 1.03663814705806
62568.3724 lsst_hardware_g -9.397460782415388 13.710000038146973 31.40999984741211 AB 8.464191712420373 1.0409459446481728
62572.3618 lsst_hardware_z 4.788877011746061 41.11000061035156 30.950000762939453 AB 7.129830474949989 1.0411171430584558
62572.3735 lsst_hardware_r 8.2891601434516 22.549999237060547 31.489999771118164 AB 7.174032868007776 1.0492187009883402
62575.361 lsst_hardware_u 3.994096440704748 2.609999895095825 28.3799991607666 AB 9.438404293810597 1.0458065699513126
62575.3724 lsst_hardware_r -0.4913062367564847 22.549999237060547 31.489999771118164 AB 9.525502234046428 1.0559448204023816
62578.3096 lsst_hardware_z 72.14985403953273 78.3499984741211 31.729999542236328 AB 6.344729242676895 1.0386438790805788
62578.3218 lsst_hardware_i 8.521346247830419 82.58000183105469 32.06999969482422 AB 6.339475374292837 1.0357491625573745
62580.3058 lsst_hardware_z 95.61327714544832 67.75 30.989999771118164 AB 4.978443286821749 1.03802268242943
62580.3195 lsst_hardware_r -52.236412062481044 99.41999816894531 31.65999984741211 AB 4.947890928402985 1.035629162436955
62582.3165 lsst_hardware_y -76.56793038251479 79.66000366210938 30.809999465942383 AB 5.9885882051632935 1.0357146135614304
62584.3113 lsst_hardware_r -89.01414595335059 68.30000305175781 31.649999618530273 AB 6.233733339264748 1.0357332752433586
62584.3248 lsst_hardware_i 9.00755660626202 58.47999954223633 31.31999969482422 AB 6.2784988102190615 1.0390851453995158
62591.2865 lsst_hardware_i -78.67314667207162 30.1299991607666 31.239999771118164 AB 4.709760742082179 1.0357382466506524
62591.2986 lsst_hardware_z 28.93550826992506 40.709999084472656 30.940000534057617 AB 4.244917017290622 1.0367363578680235
62594.2972 lsst_hardware_r -14.671928397847076 22.34000015258789 31.479999542236328 AB 6.0180165928621605 1.0389624088500018
62594.3084 lsst_hardware_u -0.8454826178170696 2.630000114440918 28.389999389648438 AB 6.018226187905655 1.045284617960166
62596.2863 lsst_hardware_g -11.98580713266709 13.869999885559082 31.43000030517578 AB 7.182155185186343 1.0370844029437656
62596.299 lsst_hardware_r 31.555968564644512 22.65999984741211 31.5 AB 7.200233857639538 1.0426810307203733
62598.2897 lsst_hardware_i 56.065496361676026 30.3799991607666 31.25 AB 8.324333066260738 1.0405416332825923
62598.302 lsst_hardware_z -39.13177065357736 41.279998779296875 30.950000762939453 AB 8.78500528447142 1.0487888834977221
62600.2891 lsst_hardware_r -32.57571159318544 22.56999969482422 31.489999771118164 AB 5.306309186686331 1.0433167885737968
62600.3015 lsst_hardware_g -7.280445168445878 13.760000228881836 31.399999618530273 AB 8.249613801810849 1.0532766483139357
62602.2804 lsst_hardware_r -0.38800520816187106 22.760000228881836 31.510000228881836 AB 3.5758148042707916 1.041398350918588
62602.2913 lsst_hardware_i 29.32387765832826 30.649999618530273 31.260000228881836 AB 3.58679610320532 1.0489752690208578
62606.226 lsst_hardware_r -41.33081243642922 59.459999084472656 31.649999618530273 AB 10.476498085364712 1.042161093444331
62606.2374 lsst_hardware_z -107.05463170542295 51.029998779296875 30.979999542236328 AB 10.428414282171776 1.0372059425957194
62608.2712 lsst_hardware_r 93.56383750235298 103.87000274658203 31.65999984741211 AB 14.182104854999096 1.0460322211977502
