data/validation/pwv_sim_epoch_fit_4/22848682.ecsv
# %ECSV 0.9
# ---
# datatype:
# - {name: time, datatype: float64}
# - {name: band, datatype: string}
# - {name: flux, datatype: float64}
# - {name: fluxerr, datatype: float64}
# - {name: zp, datatype: float64}
# - {name: zpsys, datatype: string}
# - {name: pwv, datatype: float64}
# - {name: airmass, datatype: float64}
# meta: {SNID: '22848682', alt: 1024.0, c: -0.02393011376261711, dec: -6.579593, lat: -30.244573, lon: -70.7499537, ra: 42.363281, t0: 62128.83203125,
#   x0: 4.501108718207044e-06, x1: -1.1929740905761719, z: 0.6405525803565979}
# schema: astropy-2.0
time band flux fluxerr zp zpsys pwv airmass
[from data line 132]
62431.1662 lsst_hardware_i 50.851297281465484 103.58000183105469 31.31999969482422 AB 4.412132781404372 1.1791629000880264
62431.1837 lsst_hardware_z 31.99788074105614 86.70999908447266 30.989999771118164 AB 3.161413373904712 1.1365857896475686
62434.1854 lsst_hardware_z 11.340619400889693 66.16999816894531 30.979999542236328 AB 5.12975831032158 1.1193421050270749
62434.2023 lsst_hardware_r 60.65487047827177 89.06999969482422 31.649999618530273 AB 5.0379514839777455 1.1001095062731185
62436.1768 lsst_hardware_y 56.473796933509 50.5 30.020000457763672 AB 2.724122950678002 1.1243155772362168
62436.1938 lsst_hardware_g 94.91968468707037 54.58000183105469 31.690000534057617 AB 2.7070235150616844 1.1026572362779041
62439.2149 lsst_hardware_r -34.08140484028723 23.68000030517578 31.5 AB 5.65701196396496 1.093988003087403
62439.2336 lsst_hardware_i -23.276817086559493 33.9900016784668 31.260000228881836 AB 5.8433560962186055 1.1069058716077347
62441.1591 lsst_hardware_i -3.057909159626474 31.530000686645508 31.239999771118164 AB 5.212215191871938 1.131409542029291
62441.1778 lsst_hardware_z -17.92129186735309 42.060001373291016 30.940000534057617 AB 4.918067470669974 1.104894028682362
62450.1969 lsst_hardware_r 25.151157299942696 23.90999984741211 31.5 AB 9.708896404430373 1.1006155234768409
62450.2151 lsst_hardware_u -3.6162458819222167 2.7300000190734863 28.40999984741211 AB 10.128262276025671 1.1223694898078094
62452.196 lsst_hardware_g -7.011155618810611 14.850000381469727 31.420000076293945 AB 3.7433137742866425 1.1047111625458925
62452.214 lsst_hardware_i -27.98189155392372 31.360000610351562 31.229999542236328 AB 7.77818893162061 1.1297980654777864
62455.1257 lsst_hardware_r -111.34687352883078 49.65999984741211 31.610000610351562 AB 4.701786437731652 1.1230381618785514
62455.1428 lsst_hardware_z 13.196751861143902 49.22999954223633 30.959999084472656 AB 4.598594572468291 1.1018776555903336
62457.1796 lsst_hardware_r 67.35542987651176 77.2699966430664 31.6299991607666 AB 2.702161017064925 1.102135624376435
62457.1988 lsst_hardware_y -90.0403094936839 54.310001373291016 30.020000457763672 AB 2.679388855464032 1.1270564450914322
62459.1769 lsst_hardware_z 103.135822231304 80.6500015258789 30.989999771118164 AB 5.934194685312412 1.1047213190156522
62459.1962 lsst_hardware_r -21.226785752435667 117.70999908447266 31.639999389648438 AB 6.00211902094856 1.1322082567221994
62462.1825 lsst_hardware_i 144.26429119646687 86.72000122070312 31.31999969482422 AB 4.257012009996294 1.1226297494715967
62462.2029 lsst_hardware_z -3.179248664648097 76.30999755859375 30.979999542236328 AB 4.318642628150015 1.1656255406614682
62464.108 lsst_hardware_z -63.14960114828403 52.79999923706055 30.959999084472656 AB 8.875224336933764 1.1129738331647332
62464.1271 lsst_hardware_r -78.23153763884143 62.29999923706055 31.6299991607666 AB 9.614401918178498 1.0958456622988748
62467.1087 lsst_hardware_u -3.1012623329414626 2.7100000381469727 28.40999984741211 AB 4.213441215998303 1.1030672729886557
62467.1282 lsst_hardware_g -18.025894466052268 14.380000114440918 31.420000076293945 AB 3.93485937825057 1.0930164939584917
62472.1468 lsst_hardware_r 28.331535168136732 23.399999618530273 31.489999771118164 AB 7.186174360325368 1.110720166978856
62472.1657 lsst_hardware_z -127.48217942805024 42.810001373291016 30.940000534057617 AB 7.391256841680171 1.142153627538916
62476.074 lsst_hardware_u 8.305356388404794 2.7300000190734863 28.43000030517578 AB 3.7101047576337396 1.1146197604487613
62476.094 lsst_hardware_g 16.225677249076 14.270000457763672 31.420000076293945 AB 5.737063449344492 1.0960098288938234
62478.0756 lsst_hardware_r 13.72653968109877 23.209999084472656 31.489999771118164 AB 3.371919051531454 1.106091209293572
62478.0946 lsst_hardware_i 13.014805529274934 30.989999771118164 31.239999771118164 AB 4.169749243751371 1.0936808140809557
62480.0779 lsst_hardware_z -26.997914874939603 42.11000061035156 30.940000534057617 AB 8.21010317442525 1.0991993539337253
62480.0955 lsst_hardware_r -6.959265649618468 23.729999542236328 31.489999771118164 AB 10.05423005422558 1.0928510928506066
62482.1167 lsst_hardware_z -56.72218513124824 43.70000076293945 30.940000534057617 AB 13.736804951878307 1.1074496091485253
62482.1351 lsst_hardware_g -2.9432658799919844 21.93000030517578 31.549999237060547 AB 13.433130202652167 1.1354499776838867
62484.1148 lsst_hardware_r 6.606181600643728 49.13999938964844 31.610000610351562 AB 8.203580671551387 1.1116716134631441
62484.1326 lsst_hardware_z 30.697271981877225 50.58000183105469 30.959999084472656 AB 8.170467314755747 1.1414455594796582
62486.1167 lsst_hardware_r -13.945452291438343 74.2300033569336 31.6299991607666 AB 11.33755820252959 1.1221910861802136
62486.1342 lsst_hardware_y -11.600660445737471 54.31999969482422 30.010000228881836 AB 11.806801707984745 1.1575387244601585
62488.0723 lsst_hardware_z 116.33863600928917 68.54000091552734 30.979999542236328 AB 4.437667116063794 1.0928868651800996
62488.0908 lsst_hardware_r -56.305826517089734 95.19999694824219 31.639999389648438 AB 4.454884682955906 1.0988410317668496
62490.044 lsst_hardware_y -34.046404690964074 61.63999938964844 30.040000915527344 AB 5.790994493731712 1.104888050318476
62490.0632 lsst_hardware_i -61.1635782398331 80.5 31.329999923706055 AB 5.794807363034925 1.0933598798179105
62492.0443 lsst_hardware_y 48.97305666992192 56.33000183105469 30.030000686645508 AB 5.97968751358481 1.0998137784780697
62492.0629 lsst_hardware_r 83.41193398508342 69.45999908447266 31.6299991607666 AB 5.938534575717631 1.092847732005536
62496.0386 lsst_hardware_y -6.504784335120484 65.77999877929688 30.040000915527344 AB 10.210402592282758 1.0964190703122425
62496.0592 lsst_hardware_z -67.20549856185754 42.20000076293945 30.940000534057617 AB 10.366833726221625 1.0939517465543864
62498.0435 lsst_hardware_y -5.8112050345906034 54.93000030517578 30.040000915527344 AB 6.888900596507634 1.0930136338863392
62498.0673 lsst_hardware_u 0.22084314313660425 2.700000047683716 28.389999389648438 AB 6.862123044459102 1.1018180867790646
62500.0409 lsst_hardware_z 31.59674351677927 51.459999084472656 30.959999084472656 AB 11.291548493628328 1.0928450718505638
62500.0613 lsst_hardware_r -28.488275628907424 23.360000610351562 31.489999771118164 AB 9.358608605522942 1.1013583012933008
