data/validation/pwv_sim_epoch_fit_4/23046363.ecsv
# %ECSV 0.9
# ---
# datatype:
# - {name: time, datatype: float64}
# - {name: band, datatype: string}
# - {name: flux, datatype: float64}
# - {name: fluxerr, datatype: float64}
# - {name: zp, datatype: float64}
# - {name: zpsys, datatype: string}
# - {name: pwv, datatype: float64}
# - {name: airmass, datatype: float64}
# meta: {SNID: '23046363', alt: 1024.0, c: -0.06648556888103485, dec: -32.97485, lat: -30.244573, lon: -70.7499537, ra: 338.90625, t0: 61096.32421875,
#   x0: 4.368500603224439e-05, x1: 1.5506583452224731, z: 0.24417290091514587}
# schema: astropy-2.0
time band flux fluxerr zp zpsys pwv airmass
61178.3561 lsst_hardware_z 37.07377060845593 44.29999923706055 30.93000030517578 AB 8.985806423210898 1.2832436073085574
61178.3762 lsst_hardware_r 40.47690803802241 24.229999542236328 31.489999771118164 AB 9.466488976218853 1.1891578146158848
61182.3598 lsst_hardware_u 1.3729664243375599 2.6500000953674316 28.309999465942383 AB 5.139896461911558 1.21214443720892
61182.3809 lsst_hardware_g 3.8858265416655806 14.75 31.420000076293945 AB 4.659280209606996 1.13300159105301
61185.3575 lsst_hardware_r 35.419329910683096 24.18000030517578 31.489999771118164 AB 8.676746181923205 1.1875108825624405
61185.3767 lsst_hardware_z -13.22283132516505 42.59000015258789 30.940000534057617 AB 8.854000281289396 1.1206649583945738
61187.3567 lsst_hardware_r -29.705399828219168 33.79999923706055 32.2400016784668 AB 4.448689495666249 1.169476733876384
61187.3772 lsst_hardware_u 4.306987466551286 3.799999952316284 29.139999389648438 AB 5.509816919810595 1.1036188121803552
61189.3437 lsst_hardware_z -144.62286130461638 54.81999969482422 30.959999084472656 AB 10.218449572288636 1.1992898906299931
61189.3627 lsst_hardware_r 21.05029747557309 64.01000213623047 31.6299991607666 AB 9.61534092862127 1.1301196989535112
61194.324 lsst_hardware_z 3.686937556189745 62.27000045776367 30.959999084472656 AB 11.593071280890179 1.2257099654682004
61194.3381 lsst_hardware_r -163.04715837287256 83.5999984741211 31.6200008392334 AB 12.347414805549546 1.167576634646892
61196.3812 lsst_hardware_r 6.029626419285145 75.43000030517578 31.649999618530273 AB 4.794251500456018 1.0422285870556562
61196.4017 lsst_hardware_z 5.214241625522167 60.880001068115234 30.989999771118164 AB 4.673921910138459 1.0160699804648825
61198.3576 lsst_hardware_z 60.391902093638166 74.91999816894531 31.709999084472656 AB 2.5479356569768137 1.0775030971146902
61198.3763 lsst_hardware_i 10.06445581876728 71.76000213623047 32.060001373291016 AB 1.1562220465485624 1.04132877203413
61222.2621 lsst_hardware_r -42.76985923099032 109.91999816894531 31.6299991607666 AB 9.50051060814228 1.1659452576979685
61222.2827 lsst_hardware_i -137.2657005389151 89.7699966430664 31.329999923706055 AB 8.991506576673197 1.1007761571115933
61223.2772 lsst_hardware_z -74.42866637016498 108.0999984741211 31.739999771118164 AB 9.185601999150608 1.1083682653575047
61225.2674 lsst_hardware_z -33.74189375026661 70.19999694824219 30.979999542236328 AB 7.768527795618459 1.1209592432623112
61225.2873 lsst_hardware_r -36.24891594123158 90.4800033569336 31.649999618530273 AB 7.450418143432572 1.0699243402646041
61231.2666 lsst_hardware_i 0.9053130913312196 30.959999084472656 31.25 AB 10.375110762904827 1.0795973808541122
61231.2863 lsst_hardware_z 6.197103067221564 41.189998626708984 30.950000762939453 AB 9.992563362645328 1.0411812339516526
61233.2696 lsst_hardware_i -7.004627631678469 30.59000015258789 31.25 AB 8.039399031689623 1.0613301544618745
61233.2888 lsst_hardware_u -2.7950735187775306 2.690000057220459 28.440000534057617 AB 7.803434994242694 1.029567463397312
61237.2653 lsst_hardware_i 39.52087409082109 30.469999313354492 31.239999771118164 AB 3.380915700989196 1.048915132549196
61237.2859 lsst_hardware_r 29.014229615634058 22.719999313354492 31.5 AB 3.2978151073766573 1.0199691045779502
61238.2629 lsst_hardware_u 0.8677382885144949 2.609999895095825 28.360000610351562 AB 1.9572462460663893 1.0483375715406478
61238.2818 lsst_hardware_g 8.810602274465484 14.100000381469727 31.420000076293945 AB 1.90860363469049 1.0214630102705327
61242.1685 lsst_hardware_i -68.08106740179608 35.59000015258789 31.209999084472656 AB 8.483504231578339 1.3597175207551764
61242.1871 lsst_hardware_z -45.97050447087702 45.0099983215332 30.93000030517578 AB 7.816725154647546 1.2536010939628541
61244.1613 lsst_hardware_r 21.061782541151423 41.880001068115234 31.520000457763672 AB 7.952986079213562 1.3712044964161314
61244.1799 lsst_hardware_z 29.32944085592091 48.029998779296875 30.93000030517578 AB 6.753060500125292 1.2623526131551626
61246.1622 lsst_hardware_z 13.658533096284268 53.810001373291016 30.93000030517578 AB 7.343596209998997 1.3306026834571159
61246.1807 lsst_hardware_i -32.62431292034967 49.34000015258789 31.270000457763672 AB 7.21750639368222 1.2318665973173273
61248.1655 lsst_hardware_z -57.233258343317395 64.45999908447266 30.950000762939453 AB 4.008602501036412 1.2805332094352975
61248.1842 lsst_hardware_r 42.27444055671162 86.37000274658203 31.6200008392334 AB 3.639997056198545 1.1927898600318878
61249.1685 lsst_hardware_y -27.11045505292801 83.1500015258789 30.75 AB 4.052430138164145 1.2510718203748328
61251.1594 lsst_hardware_r 153.23971981226313 142.5 31.600000381469727 AB 7.088889221816061 1.2695002188066011
61251.1787 lsst_hardware_i 101.32808924815102 110.12999725341797 31.309999465942383 AB 5.723054086766678 1.1820218075626947
61253.1861 lsst_hardware_r 64.33309962718984 108.41000366210938 31.639999389648438 AB 5.320923316945046 1.1360997794267205
61253.2055 lsst_hardware_z 65.38111984639357 75.98999786376953 30.989999771118164 AB 5.039557034378967 1.0820304958407505
61256.1611 lsst_hardware_u 0.5970092802707658 5.28000020980835 28.809999465942383 AB 1.5738399139016632 1.1979751961192489
61256.1806 lsst_hardware_r 27.503892699184334 43.34000015258789 31.600000381469727 AB 1.4058933980193997 1.1275712322037694
61258.1614 lsst_hardware_i 113.80864628763501 31.950000762939453 31.229999542236328 AB 2.4354014298719173 1.1750087310414525
61258.1812 lsst_hardware_z 20.526243576363612 42.310001373291016 30.93000030517578 AB 1.7980477711631861 1.1096206353282712
61260.1641 lsst_hardware_r -24.998389578964396 23.799999237060547 31.479999542236328 AB 4.435213165726446 1.1456552003770741
61260.1823 lsst_hardware_u 3.637697587553497 2.690000057220459 28.389999389648438 AB 3.5810223354086728 1.092052554635393
61261.1609 lsst_hardware_g -15.92947023840139 14.640000343322754 31.40999984741211 AB 5.009751020496721 1.1472493319967303
61261.1801 lsst_hardware_r -14.105933499779228 23.6200008392334 31.5 AB 4.124715414272159 1.0907136397370187
61263.1597 lsst_hardware_i -87.1174932449787 31.549999237060547 31.239999771118164 AB 9.296591857069654 1.1332009658577886
61263.1799 lsst_hardware_z -58.747493784089215 41.63999938964844 30.950000762939453 AB 8.00935631796578 1.0780599173957128
61266.158 lsst_hardware_r -32.5893664593646 23.690000534057617 31.5 AB 3.401823721357886 1.1134962127681904
61266.1771 lsst_hardware_g -4.60475413681349 14.579999923706055 31.450000762939453 AB 2.517662064020919 1.0662412129257466
61268.1642 lsst_hardware_r -2.326119469421937 23.59000015258789 31.5 AB 5.711151869922535 1.082853885907259
61268.1823 lsst_hardware_i 12.087668079896154 31.059999465942383 31.260000228881836 AB 5.060466698180162 1.046091307117279
61276.1579 lsst_hardware_z -40.15203469331082 56.459999084472656 30.979999542236328 AB 2.887434749958116 1.0505492996027346
61276.1742 lsst_hardware_r -69.12928734943162 70.55999755859375 31.649999618530273 AB 3.051447191980316 1.0259839255747414
61278.0864 lsst_hardware_r 46.53128485368023 118.5199966430664 31.610000610351562 AB 2.370412509996427 1.2657952171572233
61278.1057 lsst_hardware_z 111.00771148384517 81.33000183105469 30.979999542236328 AB 2.224412601902059 1.179225623909974
61280.0871 lsst_hardware_z 128.2582583493395 99.11000061035156 30.979999542236328 AB 4.340134619440085 1.2354789570224416
61280.1061 lsst_hardware_i 41.49907876433309 114.19999694824219 31.31999969482422 AB 4.053812084744606 1.157432844391617
61281.0848 lsst_hardware_z -303.7938748165283 87.0 30.969999313354492 AB 6.142429891881276 1.2334609374908014
61281.1026 lsst_hardware_r 88.45542746621837 125.05999755859375 31.6299991607666 AB 5.778894648520885 1.1601876427466142
61286.0933 lsst_hardware_u -1.6697926557649172 2.6600000858306885 28.360000610351562 AB 0.5994195270422449 1.1450229742927314
61286.1105 lsst_hardware_g 0.07921491201062891 14.430000305175781 31.420000076293945 AB 0.5848115501925738 1.0941282510618782
61296.0668 lsst_hardware_g 0.9991964358567167 14.34000015258789 31.40999984741211 AB 2.805276457861913 1.142329820976041
61296.0851 lsst_hardware_r 4.027409314326103 23.280000686645508 31.5 AB 2.906281677612392 1.089310973617838
61299.0876 lsst_hardware_u 2.7219942326398217 3.119999885559082 28.610000610351562 AB 3.8339778770005117 1.0649938547223643
61299.1043 lsst_hardware_r -24.335361693888355 23.969999313354492 31.530000686645508 AB 3.72809720257015 1.035582556269486
61303.0739 lsst_hardware_z -37.32884590351289 47.25 30.959999084472656 AB 5.938381150536436 1.0708790245016817
61303.0914 lsst_hardware_i 59.45973104023052 42.22999954223633 31.299999237060547 AB 4.216188880731155 1.0385554349448614
61305.0717 lsst_hardware_z 82.94421007458746 58.40999984741211 30.979999542236328 AB 2.7392727746414245 1.0640018545896657
61305.0887 lsst_hardware_r 1.1961183969402622 74.66000366210938 31.649999618530273 AB 3.372112345505152 1.0344431756751178
61307.0802 lsst_hardware_y 20.02915801230213 85.7300033569336 30.81999969482422 AB 3.134789087088303 1.0389843960961458
61309.0659 lsst_hardware_r -178.8920122905805 115.68000030517578 31.65999984741211 AB 3.1280333060710466 1.0540083585447044
61309.0834 lsst_hardware_i -37.76973209515614 90.44000244140625 31.34000015258789 AB 3.771122323574016 1.0268542746285578
61310.999 lsst_hardware_y 73.9605660419705 52.189998626708984 29.979999542236328 AB 5.3622639218740416 1.2521583814140564
61311.0197 lsst_hardware_r -82.08135005160702 59.09000015258789 31.610000610351562 AB 5.476314444200713 1.1637701588582658
61312.9993 lsst_hardware_y -34.411667884574385 50.29999923706055 29.979999542236328 AB 11.00716589171536 1.224821642052506
61313.0191 lsst_hardware_z 38.61309221159861 43.0 30.940000534057617 AB 3.826920231767253 1.146642766072585
61315.0005 lsst_hardware_y -16.53830619758702 50.33000183105469 29.989999771118164 AB 5.97163980032828 1.195942482416919
61315.021 lsst_hardware_u -0.06686834949724753 2.6600000858306885 28.3700008392334 AB 5.602073477092464 1.1229975898752058
61319.0012 lsst_hardware_y 83.86747572131706 50.029998779296875 30.010000228881836 AB 3.939437926056977 1.151854367892686
61319.0214 lsst_hardware_r 6.51167349656812 23.170000076293945 31.5 AB 3.7418962997519483 1.0915683488191215
61321.0006 lsst_hardware_z -25.04896175229314 44.029998779296875 30.950000762939453 AB 5.139305757339957 1.1355699624018025
61321.0197 lsst_hardware_g 5.309346785637129 14.170000076293945 31.420000076293945 AB 4.969627245126608 1.0823537504359377
61323.0018 lsst_hardware_y 41.082773869205155 49.22999954223633 30.030000686645508 AB 2.6763388621075963 1.1151411925448318
61323.0227 lsst_hardware_i -59.04522267068639 30.920000076293945 31.260000228881836 AB 2.5528755327121204 1.0636981386300501
61325.0009 lsst_hardware_y 81.71245475888158 50.540000915527344 30.030000686645508 AB 6.691747601682497 1.1023387862091256
61325.0202 lsst_hardware_r -17.755495028212902 23.030000686645508 31.5 AB 6.508228251788995 1.057818488710117
61326.002 lsst_hardware_y -38.40892226901365 49.41999816894531 30.030000686645508 AB 6.1801986426144255 1.092293856948467
61326.0225 lsst_hardware_g 4.490799367480604 14.260000228881836 31.43000030517578 AB 6.077498480770494 1.048567715798912
61328.003 lsst_hardware_y 81.49845969919424 50.25 30.030000686645508 AB 7.289108986215442 1.076744110723112
61328.0241 lsst_hardware_z 10.037405328186955 41.27000045776367 30.940000534057617 AB 7.011615006902352 1.0370933080590192
61330.0093 lsst_hardware_y -15.58173428131037 71.01000213623047 30.799999237060547 AB 7.442010431683842 1.0526429805064488
