data/validation/pwv_sim_epoch_fit_4/23316175.ecsv
# %ECSV 0.9
# ---
# datatype:
# - {name: time, datatype: float64}
# - {name: band, datatype: string}
# - {name: flux, datatype: float64}
# - {name: fluxerr, datatype: float64}
# - {name: zp, datatype: float64}
# - {name: zpsys, datatype: string}
# - {name: pwv, datatype: float64}
# - {name: airmass, datatype: float64}
# meta: {SNID: '23316175', alt: 1024.0, c: 0.10049178451299667, dec: -30.0, lat: -30.244573, lon: -70.7499537, ra: 352.792969, t0: 60913.03125,
#   x0: 3.499161929352133e-06, x1: 0.9970157742500305, z: 0.709975004196167}
# schema: astropy-2.0
time band flux fluxerr zp zpsys pwv airmass
[from data line 132]
61278.1716 lsst_hardware_z -58.43450376199989 72.2699966430664 30.989999771118164 AB 2.3197292038994974 1.093953880641121
61280.1539 lsst_hardware_i 157.29140970346967 111.08000183105469 31.329999923706055 AB 4.405218683070095 1.1295432520692552
61280.1713 lsst_hardware_z -42.596192427473945 91.83000183105469 31.0 AB 4.648215810605063 1.0809804210709448
61281.1578 lsst_hardware_z 27.983552983846543 86.29000091552734 30.989999771118164 AB 5.768833702158435 1.1093910965689298
61281.1759 lsst_hardware_r 75.65251134855181 127.06999969482422 31.65999984741211 AB 5.725120045546437 1.0644619783789722
61286.1646 lsst_hardware_i -42.20943395816984 31.010000228881836 31.25 AB 1.4834641196307181 1.059617228307656
61286.1833 lsst_hardware_r 24.245270404343128 27.149999618530273 31.549999237060547 AB 1.4144409446661033 1.0283726953040437
61296.0701 lsst_hardware_g -4.047777752439329 14.5 31.350000381469727 AB 3.1898975268788385 1.3062643435212278
61296.0884 lsst_hardware_r 9.152584791683317 23.969999313354492 31.479999542236328 AB 3.2667461072134807 1.2124881162521488
61299.079 lsst_hardware_u 5.701137442014937 3.0799999237060547 28.469999313354492 AB 3.2102570576897653 1.2179286971948833
61299.0952 lsst_hardware_r -29.66912969566575 24.670000076293945 31.510000228881836 AB 4.149351166619807 1.1525975462832796
61303.0662 lsst_hardware_z 15.446733814236794 48.220001220703125 30.950000762939453 AB 6.8212113195051955 1.226579192526529
61303.0833 lsst_hardware_i 102.90181394497665 41.15999984741211 31.280000686645508 AB 6.462829029716591 1.1561066807280507
61305.0658 lsst_hardware_z 84.67708950604698 56.52000045776367 30.959999084472656 AB 3.026088970761168 1.2038146079606835
61305.0826 lsst_hardware_r -30.133682837745642 67.26000213623047 31.6200008392334 AB 2.914890557494498 1.1395193735317217
61309.0615 lsst_hardware_r -110.38501450831812 128.9600067138672 31.6299991607666 AB 3.473937713323333 1.1765092585973527
61309.0788 lsst_hardware_i 126.55941019199487 100.25 31.329999923706055 AB 3.271377444286842 1.1168922650347703
61311.0827 lsst_hardware_z 29.809842147799053 64.95999908447266 30.979999542236328 AB 4.900109228400424 1.0908322185475643
61311.1037 lsst_hardware_r 3.647102105956018 89.02999877929688 31.649999618530273 AB 4.7904439370899645 1.0458152572467039
61313.1016 lsst_hardware_r -75.11062200203347 36.91999816894531 31.600000381469727 AB 3.975025872431393 1.0401742437345003
61313.1215 lsst_hardware_i 17.12832616130894 41.45000076293945 31.299999237060547 AB 3.9115297304144496 1.0147298087851222
61314.9847 lsst_hardware_y -28.097822975372228 78.5999984741211 29.899999618530273 AB 11.322759102453432 1.56255013143905
61315.0046 lsst_hardware_u 1.5533495902619558 2.7699999809265137 28.25 AB 6.955194719004839 1.3947349915285185
61316.9861 lsst_hardware_y 137.04684766404736 83.9000015258789 29.899999618530273 AB 3.2928399222686986 1.4986186925787681
61317.0058 lsst_hardware_r 13.463339648318069 24.200000762939453 31.440000534057617 AB 3.248658301331752 1.3492039736964205
61321.0035 lsst_hardware_z -42.07912613116943 45.5 30.93000030517578 AB 5.9212299898098815 1.2966670294119964
61321.0226 lsst_hardware_g -13.037790754156116 14.130000114440918 31.3799991607666 AB 5.460586676179765 1.2017136171170257
61323.0051 lsst_hardware_y 82.72652434795862 50.41999816894531 29.979999542236328 AB 3.0201519524615823 1.2583966468589927
61323.0261 lsst_hardware_i 42.71541489716875 31.809999465942383 31.239999771118164 AB 2.797576797170993 1.165656998821247
61324.9914 lsst_hardware_y -23.901452239719468 76.0999984741211 29.979999542236328 AB 7.1025090640598085 1.303451837779374
61325.0103 lsst_hardware_r 26.17426125773846 23.68000030517578 31.469999313354492 AB 7.292696195248092 1.2076999578121788
61325.9933 lsst_hardware_y 38.85408457010379 65.94000244140625 29.989999771118164 AB 6.294543033773945 1.2774529656396953
61326.0133 lsst_hardware_g -4.480126840058409 14.449999809265137 31.399999618530273 AB 6.839398933572245 1.1835941738465423
61328.0065 lsst_hardware_y -36.93067043267731 49.970001220703125 30.0 AB 7.98293847066971 1.189043153330063
61328.0277 lsst_hardware_z 24.897812769871667 41.9900016784668 30.940000534057617 AB 7.52752271284345 1.114569344859293
61330.0038 lsst_hardware_y 205.8115177691079 82.05999755859375 30.760000228881836 AB 8.340499794034304 1.1779257782743109
61332.0062 lsst_hardware_z 86.16268300024035 49.22999954223633 30.959999084472656 AB 4.662761194008548 1.1486991239602253
61332.0251 lsst_hardware_r 18.335212821488167 39.93000030517578 31.600000381469727 AB 4.435868518703251 1.0915030803895795
61333.9996 lsst_hardware_y -8.596223998574883 67.12000274658203 30.030000686645508 AB 3.9043589404908503 1.1527200710023071
61334.0192 lsst_hardware_z 15.659004043158953 57.52000045776367 30.979999542236328 AB 3.6614430739734485 1.09264192001595
61337.0082 lsst_hardware_y -8.851145606228291 58.2599983215332 30.040000915527344 AB 3.128767857495956 1.1001293451112157
61337.0278 lsst_hardware_z -45.846027295486216 67.27999877929688 30.989999771118164 AB 3.0343789557700918 1.0547941099400684
61340.0078 lsst_hardware_y 24.622337103279918 53.68000030517578 30.049999237060547 AB 4.616875617277889 1.0802025270006173
61340.0259 lsst_hardware_i 57.483595473516125 53.18000030517578 31.31999969482422 AB 4.464283667591057 1.043442940556138
61343.0075 lsst_hardware_y -47.82982737936195 53.25 30.059999465942383 AB 4.786002055530813 1.0626114688123476
61343.0255 lsst_hardware_g 6.864933376042503 14.40999984741211 31.469999313354492 AB 4.661996145215645 1.0313580322361917
