data/validation/pwv_sim_epoch_fit_4/23326887.ecsv
# %ECSV 0.9
# ---
# datatype:
# - {name: time, datatype: float64}
# - {name: band, datatype: string}
# - {name: flux, datatype: float64}
# - {name: fluxerr, datatype: float64}
# - {name: zp, datatype: float64}
# - {name: zpsys, datatype: string}
# - {name: pwv, datatype: float64}
# - {name: airmass, datatype: float64}
# meta: {SNID: '23326887', alt: 1024.0, c: -0.008997920900583267, dec: -13.094776, lat: -30.244573, lon: -70.7499537, ra: 358.945312,
#   t0: 63204.37890625, x0: 3.283383653389389e-05, x1: 0.19526445865631104, z: 0.2769905924797058}
# schema: astropy-2.0
time band flux fluxerr zp zpsys pwv airmass
63043.4222 lsst_hardware_i 33.830335250515645 31.969999313354492 31.260000228881836 AB 6.095381000865819 1.0495404352062092
63043.4415 lsst_hardware_y -9.478538197973092 59.720001220703125 30.059999465942383 AB 6.121712357136031 1.0489868382926226
63045.412 lsst_hardware_i 10.301108635043152 31.860000610351562 31.260000228881836 AB 5.445399460768278 1.0517768724121062
63045.4312 lsst_hardware_y 23.136919652642153 48.970001220703125 30.049999237060547 AB 5.2584143820151334 1.047840793493507
63057.3717 lsst_hardware_z 40.614652774180506 76.47000122070312 31.729999542236328 AB 8.43033495321049 1.0570732005446688
63057.3911 lsst_hardware_r 9.28680944394836 81.97000122070312 32.38999938964844 AB 9.869603505437595 1.0477471475543725
63065.3805 lsst_hardware_g -17.080741786218677 15.25 31.459999084472656 AB 1.909951004127987 1.0487033653413793
63065.4016 lsst_hardware_r -39.3438443089611 24.229999542236328 31.510000228881836 AB 1.9366063404761837 1.0631931597453657
63067.3404 lsst_hardware_i 31.382148135948295 31.549999237060547 31.25 AB 3.0099174813400036 1.0607638700757722
63067.356 lsst_hardware_r 53.121067695206705 24.139999389648438 31.510000228881836 AB 2.921111641479264 1.049815504574758
63069.35 lsst_hardware_z -29.499208464258082 41.65999984741211 30.950000762939453 AB 4.515180529002487 1.0500419834889505
63069.3716 lsst_hardware_u -2.506070470499845 2.7699999809265137 28.459999084472656 AB 4.540967198350426 1.0493684790518625
63077.3968 lsst_hardware_i -1.1087499915854349 31.709999084472656 31.25 AB 5.244277677892275 1.1099979210637145
63077.4223 lsst_hardware_z 95.72382554907463 44.060001373291016 30.940000534057617 AB 4.45767094613778 1.185655894885481
63079.1601 lsst_hardware_z 44.923727861323734 67.80999755859375 30.860000610351562 AB 8.325325996492268 2.0154920908228537
63079.1963 lsst_hardware_r 36.855057225781465 78.23999786376953 31.540000915527344 AB 7.076338130330951 1.5250728729161531
63083.2664 lsst_hardware_z 250.4623398166205 117.43000030517578 31.739999771118164 AB 0.5598461896921229 1.1100717574860333
63085.3073 lsst_hardware_z 75.33638599656402 59.90999984741211 30.979999542236328 AB 4.390999998098255 1.0496414338084517
63085.3308 lsst_hardware_r 47.803049889420365 74.4000015258789 31.649999618530273 AB 4.3238384262890195 1.050580325493404
63088.2518 lsst_hardware_i 28.75596048118205 34.5 31.270000457763672 AB 4.714659047768511 1.1122758001223265
63088.2715 lsst_hardware_z -8.560525053585762 43.630001068115234 30.959999084472656 AB 4.584020903973654 1.0749887797323454
63091.3018 lsst_hardware_i 21.673625425029954 31.399999618530273 31.260000228881836 AB 3.8357927529352405 1.0475537786805391
63091.3197 lsst_hardware_u -1.2215678610811829 2.859999895095825 28.530000686645508 AB 3.804900402622483 1.0535998899637666
63094.2985 lsst_hardware_i 25.20759631363711 31.239999771118164 31.260000228881836 AB 5.043652757284822 1.0480317417734921
63094.3164 lsst_hardware_r -8.41586724806364 23.889999389648438 31.520000457763672 AB 5.10445552231422 1.057333878819489
63099.2872 lsst_hardware_u -1.072231393984516 2.7100000381469727 28.420000076293945 AB 1.05853577508921 1.0485743190584798
63100.2105 lsst_hardware_g 7.6856997049889495 15.180000305175781 31.459999084472656 AB 2.2617005545722164 1.134110845968267
63100.2219 lsst_hardware_r 18.21779258525576 24.239999771118164 31.510000228881836 AB 2.2056305217711962 1.1057639647917095
63100.2362 lsst_hardware_i -13.55478598749716 31.6200008392334 31.25 AB 2.1370918546918976 1.0788398576544012
63102.2233 lsst_hardware_i 21.129021367115776 31.459999084472656 31.239999771118164 AB 2.8291675524303415 1.0917104196143421
63102.2403 lsst_hardware_z 87.68218136852317 41.70000076293945 30.950000762939453 AB 2.71633540086117 1.0657171519758726
63110.2087 lsst_hardware_z -49.07995279177521 92.06999969482422 31.0 AB 1.727991962049849 1.0791518888679776
63110.2255 lsst_hardware_r -170.89395218918335 138.6999969482422 31.65999984741211 AB 1.7635484370269436 1.058393660631324
63113.2061 lsst_hardware_r 19.930572291265165 89.20999908447266 31.649999618530273 AB 1.606467618792332 1.0709784125282213
63113.2247 lsst_hardware_i -2.9609208107594807 74.18000030517578 31.329999923706055 AB 1.697755919046618 1.052763075059912
63115.2144 lsst_hardware_z 15.599130859658764 69.5199966430664 31.719999313354492 AB 0.42847115306338573 1.056214839104484
63118.1893 lsst_hardware_g -11.497494884824055 15.449999809265137 31.450000762939453 AB 3.499154211942894 1.075421962948258
63118.2065 lsst_hardware_r -44.224857605416126 24.420000076293945 31.510000228881836 AB 3.4300947867918565 1.0559823864517377
63121.1897 lsst_hardware_i 56.65884292685857 31.540000915527344 31.25 AB 2.8708073650956507 1.0642474013329157
63121.2079 lsst_hardware_z 12.728026375996262 41.7400016784668 30.950000762939453 AB 2.8183012750501626 1.0501029404645703
63123.1657 lsst_hardware_z -33.88909699272756 42.31999969482422 30.940000534057617 AB 1.8411076575938166 1.0922133622269032
63123.1834 lsst_hardware_i 63.765727155914064 31.81999969482422 31.260000228881836 AB 0.9360517442078092 1.065208243764221
63125.17 lsst_hardware_u 1.734233867416497 2.799999952316284 28.440000534057617 AB 3.2256656730543827 1.0756999798980822
63125.1898 lsst_hardware_g -4.038006412850128 15.539999961853027 31.469999313354492 AB 3.1409221918608794 1.054177610961866
63132.1513 lsst_hardware_r -14.209034514324257 27.309999465942383 31.540000915527344 AB 1.4420555203738672 1.075091093718092
63132.1625 lsst_hardware_g 5.535461076357938 18.700000762939453 31.530000686645508 AB 1.3795707787871703 1.0612082913747463
63135.1455 lsst_hardware_r 92.91446635486115 52.279998779296875 31.6299991607666 AB 3.0282715000562908 1.0717016043610799
63135.1646 lsst_hardware_i -28.868030980996103 47.040000915527344 31.309999465942383 AB 2.9993790270578713 1.0527830912805571
63136.1464 lsst_hardware_z -78.61577889970981 57.380001068115234 30.979999542236328 AB 4.13142914422153 1.06700132856961
63136.1661 lsst_hardware_i 11.967662768010392 59.400001525878906 31.31999969482422 AB 4.095391045103511 1.0504818532638103
63144.1055 lsst_hardware_g -5.593671068766318 15.279999732971191 31.440000534057617 AB 3.928922856945003 1.097847811930144
63144.1324 lsst_hardware_r 94.11470740351787 37.029998779296875 31.59000015258789 AB 4.41054292696936 1.0586361660892554
63146.1403 lsst_hardware_i 51.60470992039434 31.510000228881836 31.260000228881836 AB 4.099210246237207 1.0498233514351734
63146.1595 lsst_hardware_z 40.64014764980233 41.900001525878906 30.950000762939453 AB 4.076146438304911 1.0487512276944544
63148.109 lsst_hardware_z 68.06815730273296 42.13999938964844 30.950000762939453 AB 6.007728839385338 1.073096157789647
63148.1293 lsst_hardware_i -28.176238722517052 31.540000915527344 31.260000228881836 AB 3.699840024519386 1.052660935918454
63150.1096 lsst_hardware_u -5.002668190629399 2.799999952316284 28.469999313354492 AB 4.47425654823037 1.065299178150088
63150.1277 lsst_hardware_g -23.829400517672468 15.069999694824219 31.450000762939453 AB 4.688658472680952 1.0505620597537424
63152.1124 lsst_hardware_r -17.135635980430724 23.700000762939453 31.5 AB 5.520624401338429 1.05701714931329
63152.1299 lsst_hardware_i 50.96872708370237 31.100000381469727 31.25 AB 6.131444227798876 1.0480354780084966
63156.1001 lsst_hardware_g 13.555827344254984 14.960000038146973 31.459999084472656 AB 7.282628432618144 1.0582139541729199
63156.1183 lsst_hardware_r -48.62371720831743 23.809999465942383 31.520000457763672 AB 7.228274947000361 1.0481710555992136
63158.0952 lsst_hardware_i 15.167106264595093 31.170000076293945 31.25 AB 4.450787116637757 1.0577175046965657
63158.1127 lsst_hardware_z -17.644080912157616 41.43000030517578 30.950000762939453 AB 4.4110912157418545 1.0482008473217737
63160.0757 lsst_hardware_z 30.826981049957787 42.16999816894531 30.950000762939453 AB 3.200084906791001 1.07385399556745
63160.093 lsst_hardware_i -18.641297523358176 31.739999771118164 31.260000228881836 AB 2.780552638772212 1.0550713570044756
63162.0783 lsst_hardware_z -0.6123555604947681 43.90999984741211 30.950000762939453 AB 4.5882489191321145 1.0636334787904063
63162.0965 lsst_hardware_g 6.701287257993027 28.18000030517578 31.639999389648438 AB 5.602619196693482 1.0498677404091599
63164.0729 lsst_hardware_r -80.91104533045771 59.779998779296875 31.639999389648438 AB 4.0598079949861905 1.0635658197579856
63164.0891 lsst_hardware_i 34.42801374156688 52.630001068115234 31.31999969482422 AB 4.743385627848465 1.0507388971088676
63169.0684 lsst_hardware_z 5.972481950211344 72.76000213623047 30.989999771118164 AB 5.473450639488452 1.0550891163955565
63169.086 lsst_hardware_r 135.14125777635374 107.08000183105469 31.65999984741211 AB 6.286047776321316 1.047674629386886
63171.05 lsst_hardware_r 12.979329446051116 55.650001525878906 31.6299991607666 AB 4.272119848969979 1.0680299622424947
63171.0692 lsst_hardware_i 37.76797329310115 56.63999938964844 31.31999969482422 AB 4.4725621697136635 1.0511309447033081
63182.0455 lsst_hardware_u -1.0478420438324267 2.8683415216699424 28.399999618530273 AB 4.789976226998788 1.0486128746508339
63182.0647 lsst_hardware_g 12.544248537906299 15.366900175288196 31.450000762939453 AB 4.8169217034897365 1.050010180597218
63188.0385 lsst_hardware_z 2500.0615149607147 75.86697225082496 31.690000534057617 AB 7.9493857288382195 1.0476029425866737
63192.0194 lsst_hardware_y 697.8141192923905 72.33343767034506 30.059999465942383 AB 4.859922069297603 1.04830070519793
63192.0405 lsst_hardware_i 3580.2679543978466 74.71148366914849 31.299999237060547 AB 4.875335382023434 1.051511998710834
