data/validation/pwv_sim_epoch_fit_4/23363724.ecsv
# %ECSV 0.9
# ---
# datatype:
# - {name: time, datatype: float64}
# - {name: band, datatype: string}
# - {name: flux, datatype: float64}
# - {name: fluxerr, datatype: float64}
# - {name: zp, datatype: float64}
# - {name: zpsys, datatype: string}
# - {name: pwv, datatype: float64}
# - {name: airmass, datatype: float64}
# meta: {SNID: '23363724', alt: 1024.0, c: -0.06819907575845718, dec: -4.480799, lat: -30.244573, lon: -70.7499537, ra: 320.800781, t0: 60613.13671875,
#   x0: 1.570725566469782e-05, x1: 0.8422570824623108, z: 0.3801438808441162}
# schema: astropy-2.0
time band flux fluxerr zp zpsys pwv airmass
[from data line 133]
60895.2318 lsst_hardware_i -39.481068651186995 106.41000366210938 31.329999923706055 AB 3.4823763152114475 1.1233471984553056
60900.1746 lsst_hardware_g 14.197388572775766 61.540000915527344 31.690000534057617 AB 3.3342848937643432 1.1198270004246325
60900.1938 lsst_hardware_r 12.117535613991643 62.61000061035156 31.6299991607666 AB 3.2831689174210092 1.1114315901899152
60903.1637 lsst_hardware_i 24.757403713071987 32.380001068115234 31.239999771118164 AB 5.947687072302687 1.1222933385900187
60903.1833 lsst_hardware_z -18.97955012075074 42.939998626708984 30.940000534057617 AB 5.4305035976377125 1.1116122199759915
60905.1724 lsst_hardware_r 0.8015515480103819 24.790000915527344 31.510000228881836 AB 3.5149977129209944 1.112928035753349
60905.1901 lsst_hardware_g 11.81532375280723 15.739999771118164 31.459999084472656 AB 3.4777548352792853 1.1132377833800529
60907.1445 lsst_hardware_r 37.52119981349163 24.780000686645508 31.489999771118164 AB 2.1131861621535335 1.1318618972434566
60907.1631 lsst_hardware_i -11.963574763652959 32.290000915527344 31.25 AB 2.089065013849847 1.1146138529277563
60911.1719 lsst_hardware_u -1.3378147536277532 2.740000009536743 28.389999389648438 AB 3.3318542155055373 1.1125960203157403
60911.1931 lsst_hardware_g 13.614972902162354 15.319999694824219 31.420000076293945 AB 3.360500482587457 1.1289791369033144
60913.1211 lsst_hardware_g 20.807838934748272 15.329999923706055 31.43000030517578 AB 2.1686504957844264 1.1424472518290143
60913.1374 lsst_hardware_r -21.67189008757689 24.600000381469727 31.5 AB 2.4413530144760167 1.1213441083101967
60931.0921 lsst_hardware_r -28.775385638907167 24.209999084472656 31.5 AB 2.9286105159931135 1.1181103430341022
60931.1119 lsst_hardware_i -71.02749599432474 31.850000381469727 31.25 AB 2.8254736514392054 1.1115159919115678
60933.0882 lsst_hardware_z -61.210997370637116 42.70000076293945 30.940000534057617 AB 1.1467682882036798 1.1169820988999133
60933.107 lsst_hardware_r 39.64717403615314 24.309999465942383 31.5 AB 1.1612219672207247 1.1115717618577454
60937.067 lsst_hardware_g 17.36862519299012 15.020000457763672 31.43000030517578 AB 6.1781980570223105 1.1263806849630467
60937.0858 lsst_hardware_i 25.90645465923254 32.0 31.25 AB 6.138593451137821 1.112668742276288
60939.068 lsst_hardware_z 89.20209656884944 42.75 30.940000534057617 AB 4.375658691819057 1.119929706768205
60939.0878 lsst_hardware_r 0.06460496675684015 24.200000762939453 31.5 AB 4.3512414553075835 1.111428213360813
60942.0605 lsst_hardware_u -1.5490785071560487 2.7100000381469727 28.3799991607666 AB 3.370917951744072 1.1193484814025703
60942.0808 lsst_hardware_g -0.3259309994755026 14.9399995803833 31.420000076293945 AB 3.3430501709755616 1.1114479429187538
60944.0644 lsst_hardware_r 29.66558976280874 24.5 31.5 AB 3.24814125137637 1.1135211694811005
60944.0828 lsst_hardware_i 28.01912554279622 31.989999771118164 31.25 AB 3.3140487220796664 1.112937191530406
60951.0332 lsst_hardware_z 44.23020862045912 73.83000183105469 30.979999542236328 AB 2.2465132381825654 1.121760937841234
60951.0515 lsst_hardware_i -90.16993353161348 82.95999908447266 31.31999969482422 AB 3.2223276819691713 1.1117225054234472
60954.0291 lsst_hardware_z -153.41168021059008 74.87999725341797 30.989999771118164 AB 3.8112224033485296 1.1182617448330228
60954.0484 lsst_hardware_r 310.0517167399354 109.5999984741211 31.649999618530273 AB 4.198841173815956 1.1114661303199183
60956.0301 lsst_hardware_y 58.49461027867209 53.220001220703125 30.030000686645508 AB 5.064119068317537 1.1142176167915374
60956.0495 lsst_hardware_g 163.34395884442424 86.63999938964844 31.690000534057617 AB 6.0667247469273216 1.1127521546097134
60958.0312 lsst_hardware_r 7.280514694487994 24.350000381469727 31.5 AB 2.668653982569972 1.111939159404155
60958.0497 lsst_hardware_i 0.3277314968713479 31.959999084472656 31.239999771118164 AB 2.683860869320654 1.1153321246656418
60962.0017 lsst_hardware_y 134.34074032117204 50.40999984741211 30.020000457763672 AB 8.228316479126676 1.1231918752078274
60962.0221 lsst_hardware_u -3.803746700381908 2.7799999713897705 28.420000076293945 AB 8.079238702140808 1.1116306188808083
60964.0023 lsst_hardware_y 7.6069695348051285 51.06999969482422 30.020000457763672 AB 8.742383635828789 1.1178803958607384
60964.0216 lsst_hardware_i -0.49597963307808135 32.06999969482422 31.25 AB 8.677300245294225 1.1115006398617737
60966.0029 lsst_hardware_y 97.80071304741813 51.150001525878906 30.020000457763672 AB 5.869799636822496 1.1141663341010748
60966.0201 lsst_hardware_r 16.936152889284354 24.450000762939453 31.489999771118164 AB 5.851357364005066 1.1121434422209764
60968.9998 lsst_hardware_y 43.88999528914972 58.09000015258789 30.040000915527344 AB 3.7581464596547884 1.1122615675000267
60969.0177 lsst_hardware_g -16.681377168121642 15.75 31.459999084472656 AB 3.6962571374272915 1.1142814060474484
60973.0033 lsst_hardware_y -163.10486889323516 56.09000015258789 30.030000686645508 AB 4.011274736625323 1.112826189793209
60973.0214 lsst_hardware_r -30.980561449883076 24.950000762939453 31.5 AB 4.085571750120683 1.1261223126021727
