data/validation/pwv_sim_epoch_fit_4/23381464.ecsv
# %ECSV 0.9
# ---
# datatype:
# - {name: time, datatype: float64}
# - {name: band, datatype: string}
# - {name: flux, datatype: float64}
# - {name: fluxerr, datatype: float64}
# - {name: zp, datatype: float64}
# - {name: zpsys, datatype: string}
# - {name: pwv, datatype: float64}
# - {name: airmass, datatype: float64}
# meta: {SNID: '23381464', alt: 1024.0, c: -0.08868072181940079, dec: -37.356377, lat: -30.244573, lon: -70.7499537, ra: 77.34375, t0: 60684.28515625,
#   x0: 6.771643283589963e-06, x1: -0.00968706700950861, z: 0.5409113168716431}
# schema: astropy-2.0
time band flux fluxerr zp zpsys pwv airmass
[from data line 132]
61009.311 lsst_hardware_i 4.751743684355795 30.709999084472656 31.229999542236328 AB 6.596470714318635 1.1348766820333136
61011.1349 lsst_hardware_r 16.93271604833883 59.779998779296875 31.6299991607666 AB 7.12849063506163 1.1002172041252676
61011.1514 lsst_hardware_z 20.903483975603066 50.86000061035156 30.969999313354492 AB 6.860265485639659 1.0641570039771964
61013.1482 lsst_hardware_r 158.84682321983794 83.86000061035156 31.649999618530273 AB 3.406813094301045 1.0599916285939779
61013.1691 lsst_hardware_y -107.7792297184463 52.70000076293945 30.059999465942383 AB 3.760316617435303 1.0295185810909122
61017.1569 lsst_hardware_r 32.80525421364809 45.040000915527344 31.6200008392334 AB 3.814644511381923 1.0309850030761953
61017.1791 lsst_hardware_g -35.93945815108914 52.2400016784668 31.719999313354492 AB 4.479454555420913 1.0124205120173124
61017.2093 lsst_hardware_r 41.626454700293976 52.349998474121094 31.639999389648438 AB 5.12970357590951 1.0095854311965184
61017.2232 lsst_hardware_i 3.3167992047668737 46.29999923706055 31.309999465942383 AB 5.153314807873382 1.0168340189176488
61024.0469 lsst_hardware_y -19.916970345285684 51.08000183105469 29.969999313354492 AB 9.97443409826677 1.299396502787181
61024.0683 lsst_hardware_r 2.1706085632129186 22.270000457763672 31.459999084472656 AB 9.209337344433917 1.199832346034453
61024.195 lsst_hardware_g 8.172873382319127 12.739999771118164 31.389999389648438 AB 8.055797622846836 1.011478189078657
61024.2076 lsst_hardware_r 8.026537772909577 21.40999984741211 31.479999542236328 AB 8.128885960424286 1.019540958865182
61026.1896 lsst_hardware_i 38.69951078505645 29.389999389648438 31.25 AB 8.637002672440996 1.0115066810061186
61026.203 lsst_hardware_r -39.47589602784359 21.3799991607666 31.479999542236328 AB 8.743196581911775 1.0202592403651252
61032.05 lsst_hardware_y 13.627219122126204 49.34000015258789 30.0 AB 5.81169097964748 1.1860593836015265
61032.074 lsst_hardware_r 33.50346721664221 21.799999237060547 31.459999084472656 AB 5.416519320619351 1.1093930916628072
61042.1747 lsst_hardware_r -43.08772928295446 78.62000274658203 31.649999618530273 AB 4.795685530583933 1.0368302530809888
61042.1873 lsst_hardware_i 133.31257396418158 63.18000030517578 31.31999969482422 AB 5.0360674372656655 1.0559269158370832
61043.0497 lsst_hardware_y -74.21177903241917 54.779998779296875 30.030000686645508 AB 7.488756964525193 1.0948741876544543
61043.1218 lsst_hardware_z 37.68543721134181 84.58000183105469 31.729999542236328 AB 4.288788428986177 1.008000100825237
61043.1842 lsst_hardware_r 12.22323141878405 84.6500015258789 31.649999618530273 AB 3.983904634751715 1.0552923848179017
61045.0496 lsst_hardware_y 14.744864401859406 49.0 30.030000686645508 AB 11.498661332380019 1.0824816504947066
61045.0739 lsst_hardware_i 154.07282543941653 46.86000061035156 31.309999465942383 AB 10.949950265577073 1.0392891292309294
61045.1804 lsst_hardware_z 152.13760913807957 75.88999938964844 31.719999313354492 AB 12.083211964522235 1.0581827067437335
61054.0438 lsst_hardware_y -15.922434810797057 54.65999984741211 30.049999237060547 AB 6.873773208823061 1.0473523097399149
61054.0634 lsst_hardware_g -16.384129828977716 12.869999885559082 31.399999618530273 AB 6.804536320638259 1.0230718786119943
61056.0897 lsst_hardware_z 45.5111266749136 40.060001373291016 30.950000762939453 AB 3.736092232702987 1.0077119980318185
61056.1033 lsst_hardware_u 1.4107193408763248 2.569999933242798 28.40999984741211 AB 3.7499761439972774 1.009754599528045
61058.0902 lsst_hardware_g 0.5729210487306358 12.649999618530273 31.3799991607666 AB 3.9590768637311515 1.0079757784306922
61058.1049 lsst_hardware_r -2.4877013976130002 21.25 31.479999542236328 AB 3.9807552159701753 1.0128503825380561
61062.0778 lsst_hardware_z -27.079491207459274 40.099998474121094 30.950000762939453 AB 10.884446559302056 1.0078191258613014
61062.0913 lsst_hardware_i 16.182998507059644 29.389999389648438 31.25 AB 11.276670985903543 1.0115118241205152
61064.0766 lsst_hardware_u -1.1415033468034186 2.7200000286102295 28.420000076293945 AB 13.087997645549997 1.0084368490619098
61064.0884 lsst_hardware_g 17.46810060774169 13.710000038146973 31.40999984741211 AB 13.144392649596199 1.0127886156834385
61070.0723 lsst_hardware_z 24.410539729431715 50.41999816894531 30.969999313354492 AB 11.36707001769345 1.0129423312613908
61070.0852 lsst_hardware_r -69.34544337880345 59.310001373291016 31.639999389648438 AB 12.985558150429704 1.0223306049950118
61077.0621 lsst_hardware_g 10.49389172438214 12.699999809265137 31.3799991607666 AB 4.838153387619589 1.018916122348808
61077.0742 lsst_hardware_r 2.6183679470050323 21.360000610351562 31.479999542236328 AB 4.841059434847394 1.0307436695913543
61081.0602 lsst_hardware_u 0.7635023662561344 3.680000066757202 29.18000030517578 AB 2.671032850832115 1.027320327243121
61081.0738 lsst_hardware_g 24.38379316164674 12.739999771118164 31.3799991607666 AB 2.716150315925861 1.0446731984330233
