data/validation/pwv_sim_epoch_fit_4/23400989.ecsv
# %ECSV 0.9
# ---
# datatype:
# - {name: time, datatype: float64}
# - {name: band, datatype: string}
# - {name: flux, datatype: float64}
# - {name: fluxerr, datatype: float64}
# - {name: zp, datatype: float64}
# - {name: zpsys, datatype: string}
# - {name: pwv, datatype: float64}
# - {name: airmass, datatype: float64}
# meta: {SNID: '23400989', alt: 1024.0, c: 0.14065195620059967, dec: -14.477512, lat: -30.244573, lon: -70.7499537, ra: 157.324219, t0: 62259.09375,
#   x0: 5.770320805643295e-06, x1: 0.4866018295288086, z: 0.5783682465553284}
# schema: astropy-2.0
time band flux fluxerr zp zpsys pwv airmass
62136.3369 lsst_hardware_z 16.243555174371842 58.349998474121094 30.979999542236328 AB 7.419340369385412 1.0448487502435169
62136.3587 lsst_hardware_y 108.80091571752311 69.69999694824219 30.06999969482422 AB 7.37697857854358 1.0384694361145055
62138.3354 lsst_hardware_z 58.07868171130663 64.88999938964844 30.979999542236328 AB 4.6550619372132305 1.042411421336097
62138.3572 lsst_hardware_y -141.52714927992392 62.7599983215332 30.059999465942383 AB 4.670245926035494 1.0391409759034695
62140.3278 lsst_hardware_i -56.5347158647971 71.33000183105469 31.34000015258789 AB 3.3372634588368415 1.0436558299291696
62140.3484 lsst_hardware_y -11.86132659025392 55.83000183105469 30.059999465942383 AB 2.838579195040827 1.0385362462419563
62142.3282 lsst_hardware_r -15.312191541775446 60.20000076293945 31.639999389648438 AB 7.537718606599092 1.0406422374504039
62142.3503 lsst_hardware_y -103.64872319611001 53.209999084472656 30.049999237060547 AB 7.842003672030431 1.040398497118463
62144.3278 lsst_hardware_g -29.50613371008107 25.799999237060547 31.6299991607666 AB 9.145975828052407 1.0390399319936843
62144.3489 lsst_hardware_y -73.89223568142909 48.43000030517578 30.049999237060547 AB 9.057949040696007 1.0422617030564598
62146.3014 lsst_hardware_r -22.493544628109873 23.780000686645508 31.520000457763672 AB 7.516411075458285 1.0517366243644988
62146.3259 lsst_hardware_i -91.9549854992871 43.7599983215332 32.0099983215332 AB 7.432110154172922 1.0384634946796183
62146.3492 lsst_hardware_z -45.81595955586661 41.880001068115234 30.959999084472656 AB 7.139394776659214 1.0459374596497444
62148.2684 lsst_hardware_z 39.04196009227907 41.869998931884766 30.950000762939453 AB 6.419070979804268 1.09433081529289
62148.287 lsst_hardware_r -24.14660334042325 22.969999313354492 31.5 AB 6.232819273101059 1.062170973602771
62150.2746 lsst_hardware_u 1.2257196853787198 2.680000066757202 28.40999984741211 AB 7.604192254622024 1.0724605636183144
62150.2938 lsst_hardware_r -39.07498714668623 22.8799991607666 31.5 AB 8.733077764095986 1.048640461586934
62152.2736 lsst_hardware_i -24.491710774516577 30.81999969482422 31.260000228881836 AB 4.7238981136156735 1.0656210497666756
62152.2932 lsst_hardware_z -69.49135601097937 41.220001220703125 30.959999084472656 AB 6.0361272914911925 1.0448549924686157
62154.3239 lsst_hardware_r -8.609576807383329 23.079999923706055 31.510000228881836 AB 7.532566770318269 1.0435808770183277
62154.3425 lsst_hardware_u 2.06004627115132 2.8499999046325684 28.530000686645508 AB 7.1119627392911315 1.0615397889384235
62158.3073 lsst_hardware_i 12.02197138874185 30.489999771118164 31.25 AB 9.756229011755018 1.0406644279205353
62158.3283 lsst_hardware_z -33.66332004221925 41.33000183105469 30.950000762939453 AB 10.016315875792337 1.0574099631345872
62160.3087 lsst_hardware_r 12.227922962715747 22.940000534057617 31.489999771118164 AB 8.169034741993038 1.0443331192422944
62160.3301 lsst_hardware_g 7.668399704342521 14.149999618530273 31.40999984741211 AB 8.360926170285458 1.067125229136625
62162.2432 lsst_hardware_r -44.376999155252754 36.15999984741211 31.600000381469727 AB 15.110223168660054 1.0702807174288183
62162.261 lsst_hardware_i 0.38446067264079353 30.700000762939453 31.260000228881836 AB 13.357423603921095 1.0486691740075442
62163.281 lsst_hardware_z 16.17475104611295 46.56999969482422 30.969999313354492 AB 11.953660988094986 1.0383502371197126
62163.2988 lsst_hardware_i -10.294352096008536 30.59000015258789 31.260000228881836 AB 12.375809594252914 1.0432569625367747
62165.2967 lsst_hardware_z -76.77987350939966 93.08000183105469 31.739999771118164 AB 11.55280866933355 1.045471509396418
62167.2813 lsst_hardware_r 1.7795503876205514 119.26000213623047 31.670000076293945 AB 12.018496657697845 1.040112216157321
62167.2987 lsst_hardware_i -4.509105614480838 94.62999725341797 31.34000015258789 AB 11.31543477508939 1.0518891701028972
62169.2149 lsst_hardware_i -40.26721344280314 78.8499984741211 31.329999923706055 AB 11.32622320248164 1.086474323363317
62169.2319 lsst_hardware_z 48.25672456242235 70.61000061035156 30.989999771118164 AB 11.07777206509385 1.0592629628125785
62175.2214 lsst_hardware_z -27.536121249540724 41.54999923706055 30.950000762939453 AB 7.431065361336389 1.0525588330504896
62175.2398 lsst_hardware_i 8.279940225064665 31.010000228881836 31.25 AB 7.381335933206944 1.039990973329615
62179.195 lsst_hardware_r -47.02501885702946 23.469999313354492 31.5 AB 6.337261135165896 1.0731419849569703
62179.2115 lsst_hardware_i -16.08236602453956 31.030000686645508 31.25 AB 6.167045455658047 1.0515295329207504
62183.2095 lsst_hardware_g 1.0352964695561515 14.420000076293945 31.43000030517578 AB 4.1873046868028005 1.044215632619122
62183.2262 lsst_hardware_r -5.545565280506152 23.229999542236328 31.5 AB 4.133424696536968 1.0383532491457257
62185.2335 lsst_hardware_i 40.57617292131041 30.950000762939453 31.260000228881836 AB 5.503328495469091 1.040621820075464
62185.2513 lsst_hardware_z 34.96541244931683 41.630001068115234 30.950000762939453 AB 5.025038577021617 1.053688105896762
62187.2127 lsst_hardware_i 17.25119477576506 30.829999923706055 31.260000228881836 AB 3.4273867566389167 1.0386020474663384
62187.2295 lsst_hardware_u 0.6560938913607146 2.809999942779541 28.520000457763672 AB 3.4361401962157934 1.041254604913877
62189.229 lsst_hardware_g -3.4558624719797986 14.670000076293945 31.440000534057617 AB 8.456271505434952 1.0439841364734508
62189.2468 lsst_hardware_r 16.737196185280816 23.600000381469727 31.5 AB 8.596867520036772 1.0613416691403423
62191.2321 lsst_hardware_i -6.917821516529508 38.09000015258789 31.280000686645508 AB 8.801223578285 1.0508296314590173
62191.2494 lsst_hardware_r -18.92725243161713 23.65999984741211 31.5 AB 8.938255659568117 1.0732775767973242
62193.1729 lsst_hardware_z -44.48690807754387 82.86000061035156 31.729999542236328 AB 7.309120158098617 1.0518989937538485
62195.1652 lsst_hardware_z 79.93279646687452 92.43000030517578 31.0 AB 6.364428513007816 1.0542369575961266
62195.1834 lsst_hardware_r 152.09307907530896 135.24000549316406 31.65999984741211 AB 6.341551771619846 1.0406649061119748
62197.1615 lsst_hardware_i 69.72382007769001 97.95999908447266 31.34000015258789 AB 3.565381833090682 1.052381797985197
62197.1805 lsst_hardware_z 16.939508731414698 82.87000274658203 31.0 AB 4.047581753154202 1.0397298734421585
62198.1643 lsst_hardware_i -82.82659840168193 70.79000091552734 31.329999923706055 AB 5.172456194844371 1.0473209202418368
62198.1818 lsst_hardware_z 72.83757431327821 64.02999877929688 30.979999542236328 AB 5.663970899495354 1.0387365823658437
62201.1944 lsst_hardware_g -25.030076640789932 35.290000915527344 31.68000030517578 AB 8.134355990160563 1.0428661525846876
62201.2121 lsst_hardware_r 34.54074295994281 37.90999984741211 31.600000381469727 AB 8.31382538619001 1.058861225156882
62205.122 lsst_hardware_z 12.164382030042908 41.849998474121094 30.950000762939453 AB 12.006825247285672 1.0765234830202237
62205.1422 lsst_hardware_u 2.6783785162425966 2.7100000381469727 28.43000030517578 AB 11.114340341179336 1.0499093464178477
62209.124 lsst_hardware_i 46.94932321968485 30.93000030517578 31.25 AB 13.68769571452602 1.057638705316188
62209.1436 lsst_hardware_z 55.74037476783143 41.15999984741211 30.950000762939453 AB 11.569097873594668 1.041354184667527
62210.1205 lsst_hardware_i -13.431447537450998 31.239999771118164 31.260000228881836 AB 9.383390293043844 1.058575571275072
62210.1389 lsst_hardware_u -1.345135083189421 2.799999952316284 28.5 AB 10.465161936652578 1.0423468064394996
62212.1216 lsst_hardware_g -7.738035762919766 14.720000267028809 31.450000762939453 AB 8.018790640230362 1.0513229578136127
62212.1432 lsst_hardware_r 28.933428047061106 23.6200008392334 31.520000457763672 AB 8.485275511027377 1.0388013276099626
62215.1227 lsst_hardware_i 9.349738472401022 30.969999313354492 31.270000457763672 AB 5.362815358394715 1.043840072354614
62215.1419 lsst_hardware_r 20.873525351060277 23.360000610351562 31.520000457763672 AB 4.823176895421039 1.0383588580023766
62217.1496 lsst_hardware_z 29.27443692656012 41.63999938964844 30.959999084472656 AB 5.197771804230056 1.0422468318282287
62217.17 lsst_hardware_g -9.666208713644492 14.789999961853027 31.469999313354492 AB 4.993197434206885 1.0608776418286583
62219.1517 lsst_hardware_r 13.441400529407439 33.650001525878906 31.59000015258789 AB 5.655562423021496 1.0473263746336103
62219.1701 lsst_hardware_i 54.62231440506765 35.849998474121094 31.280000686645508 AB 6.367610271146723 1.0687496259057803
62223.143 lsst_hardware_z 118.69040463944853 118.05000305175781 31.75 AB 7.734511672709409 1.0492215698904919
62225.1379 lsst_hardware_r -48.86031552115642 130.02999877929688 31.65999984741211 AB 6.68141524892758 1.0495468502870675
62225.1558 lsst_hardware_z 21.43518140677421 86.62000274658203 31.0 AB 6.7705318334374045 1.0720217184943377
62227.1356 lsst_hardware_r 30.714048795951093 74.94000244140625 31.649999618530273 AB 5.252509718171949 1.0526071579502905
62227.1528 lsst_hardware_y 0.18910063086961457 52.52000045776367 30.040000915527344 AB 5.385627992527092 1.0761212187012528
62229.1299 lsst_hardware_g 17.44951763987251 46.20405022959446 31.700000762939453 AB 6.598046983025275 1.0523620531959448
62229.148 lsst_hardware_r -9.375424305473985 46.27951911369298 31.610000610351562 AB 6.768189460929673 1.077265442828314
62231.0649 lsst_hardware_r 21.832589236819707 23.304976835596836 31.489999771118164 AB 8.251954324471576 1.0564868065770316
62231.0826 lsst_hardware_i 32.46568335290507 31.034680190892725 31.25 AB 8.146195493280366 1.0418017938375401
62233.0625 lsst_hardware_z 76.62859989256624 42.15666207539144 30.950000762939453 AB 11.478817882281682 1.0531025580074937
62233.0807 lsst_hardware_r 34.78251413705359 23.72623279777428 31.5 AB 11.281789959258015 1.0402437262654918
62243.089 lsst_hardware_g 200.211956731241 19.220945689521034 31.440000534057617 AB 14.942286187560336 1.0497724567680529
62243.1082 lsst_hardware_r 822.0447039273771 37.23103844059425 31.5 AB 15.290426438417606 1.0745708235394682
62245.0843 lsst_hardware_i 1056.512272129627 44.21453942153839 31.260000228881836 AB 9.585207885719909 1.0504817081020952
62245.1026 lsst_hardware_z 771.9362569145494 49.854635311188105 30.950000762939453 AB 9.781844846195348 1.0743377096315596
62247.0844 lsst_hardware_r 2688.370675664013 66.56897797981892 32.310001373291016 AB 7.394348122245532 1.056335446035076
62247.1038 lsst_hardware_z 1933.056337569159 74.20157175296337 31.700000762939453 AB 7.6050260637559735 1.086432294822282
62249.0811 lsst_hardware_z 1245.2429005338429 59.77543016601072 30.969999313354492 AB 5.485976829154703 1.0589326011751452
62249.0994 lsst_hardware_i 1580.5331671863999 61.74953450027099 31.309999465942383 AB 4.944137454241091 1.0885375284546657
62251.0153 lsst_hardware_r 1835.1104424086277 98.51659601402561 31.65999984741211 AB 13.823631469568467 1.0511334712688456
62251.0346 lsst_hardware_z 1283.9216424933513 76.12768153821975 30.989999771118164 AB 13.64270436520278 1.0392725796530946
62253.0139 lsst_hardware_r 1951.218581293982 114.0604529093077 31.65999984741211 AB 4.783564584309402 1.0474958943743216
62253.0328 lsst_hardware_y 479.80607981934884 62.14525769762358 30.059999465942383 AB 4.746603262751695 1.038549350953056
62258.0106 lsst_hardware_i 1835.7851744894988 52.217962611055604 31.25 AB 9.135973943662886 1.0409883428187308
62258.0285 lsst_hardware_z 1428.4262971743763 55.41655824485325 30.950000762939453 AB 9.130544732658697 1.0388801774212006
62260.0469 lsst_hardware_r 1756.9848679285456 48.06686739749165 31.5 AB 11.512069133319159 1.0540900805749243
62260.0646 lsst_hardware_u -4.090565013182336 2.8092963361823293 28.469999313354492 AB 11.819147946245874 1.079472823659318
62263.0397 lsst_hardware_z 1407.3724630821962 55.736612288096296 30.950000762939453 AB 6.848134147546046 1.0551824572490056
62263.0586 lsst_hardware_r 1728.7247521594782 47.02064260968116 31.5 AB 6.72920020925877 1.0835198791174252
62265.0355 lsst_hardware_u 3.9922275256091604 2.838222999629696 28.510000228881836 AB 9.609225644920773 1.0566265106986035
62265.0528 lsst_hardware_g 210.7619727841811 20.46724096411353 31.43000030517578 AB 9.665342223191933 1.0828807330828412
62266.9693 lsst_hardware_z 1454.2419968031102 56.35785499991075 30.950000762939453 AB 7.9177068435182125 1.053481933741571
62266.9879 lsst_hardware_r 1547.4453893388836 44.952368219969266 31.510000228881836 AB 7.81887467220573 1.0402281210943636
62275.956 lsst_hardware_y 367.1049599478836 64.79934933586401 30.059999465942383 AB 7.6841465856152755 1.0439234577989733
62275.9765 lsst_hardware_i 1103.410395311633 48.507360400895145 31.270000457763672 AB 7.821936268560152 1.0384479712210073
62280.9619 lsst_hardware_y 688.9383033747226 93.22197613292971 30.809999465942383 AB 4.959942946649543 1.0383690746649428
62500.3355 lsst_hardware_i 6.203553167684918 32.060001373291016 31.260000228881836 AB 9.290087955184182 1.0485722458516529
62500.3554 lsst_hardware_z -1.256289474510935 51.13999938964844 30.969999313354492 AB 9.121041504077091 1.038586700785058
62502.341 lsst_hardware_r -0.2285744573390259 23.3700008392334 31.5 AB 7.438983749072098 1.0412896607188538
62502.3621 lsst_hardware_y 6.037496267749694 70.51000213623047 30.06999969482422 AB 7.426578967767046 1.0395074367091428
62504.3369 lsst_hardware_r 11.410148355410966 22.889999389648438 31.489999771118164 AB 5.709233841556619 1.0406915496822131
62504.3584 lsst_hardware_y 4.420124415509743 62.33000183105469 30.059999465942383 AB 5.65413154965035 1.0400793837020648
62506.3252 lsst_hardware_z 36.04116903851604 41.08000183105469 30.950000762939453 AB 10.500131018360326 1.0439840936949443
62506.3466 lsst_hardware_y 1.4782364620554296 47.970001220703125 30.049999237060547 AB 11.692889952657861 1.0385371660589635
62508.3287 lsst_hardware_u -0.35595906587696236 2.680000066757202 28.43000030517578 AB 8.592136250536829 1.0396962256999862
62508.3492 lsst_hardware_y -16.847300272377492 48.189998626708984 30.049999237060547 AB 7.097019399596444 1.0407458486515622
62511.2972 lsst_hardware_g -13.756119471855714 14.100000381469727 31.43000030517578 AB 7.60255992797967 1.0570366493923626
62511.3218 lsst_hardware_r 29.106689755882897 22.81999969482422 31.5 AB 7.4517306722332695 1.0393171397150007
62513.259 lsst_hardware_i -3.8524478506789257 31.229999542236328 31.239999771118164 AB 6.5470145489225 1.1182398136423417
62513.2728 lsst_hardware_z 2.795633260434006 41.779998779296875 30.950000762939453 AB 6.3906462009372715 1.0867059815393056
62515.2732 lsst_hardware_r -15.45327865477479 23.139999389648438 31.489999771118164 AB 7.636937124027968 1.0759280253631964
62515.2916 lsst_hardware_g -14.291865207328211 14.180000305175781 31.420000076293945 AB 7.419107409676439 1.0512869767862134
62516.265 lsst_hardware_r 6.601131228071611 23.040000915527344 31.489999771118164 AB 5.977014304836207 1.0859400989891366
62516.2838 lsst_hardware_i -3.088156359831416 30.610000610351562 31.25 AB 5.854335764958889 1.0567393077543121
62518.2767 lsst_hardware_z -47.45455616819166 51.91999816894531 30.969999313354492 AB 2.3565226494797717 1.0587147807471675
62518.296 lsst_hardware_i 26.21320923921077 48.15999984741211 31.309999465942383 AB 2.7772546340613706 1.0419263305426263
62520.3147 lsst_hardware_z 67.1796745233743 92.66999816894531 31.739999771118164 AB 6.864445095034186 1.0400674386415434
62522.3128 lsst_hardware_r -295.2242384244987 111.51000213623047 31.65999984741211 AB 12.43889141736216 1.0415651176355203
62522.333 lsst_hardware_i 175.4833499772463 89.45999908447266 31.34000015258789 AB 12.772336935440753 1.0589343726270162
62524.2352 lsst_hardware_i -14.04869900332857 78.72000122070312 31.31999969482422 AB 10.09734427481403 1.1028820033474533
62524.2554 lsst_hardware_z -14.278503460321748 69.23999786376953 30.989999771118164 AB 10.120146912104381 1.065278622326777
