data/validation/pwv_sim_epoch_fit_4/23627954.ecsv
# %ECSV 0.9
# ---
# datatype:
# - {name: time, datatype: float64}
# - {name: band, datatype: string}
# - {name: flux, datatype: float64}
# - {name: fluxerr, datatype: float64}
# - {name: zp, datatype: float64}
# - {name: zpsys, datatype: string}
# - {name: pwv, datatype: float64}
# - {name: airmass, datatype: float64}
# meta: {SNID: '23627954', alt: 1024.0, c: 0.11588740348815918, dec: -25.613083, lat: -30.244573, lon: -70.7499537, ra: 37.441406, t0: 63170.89453125,
#   x0: 6.21005169764563e-06, x1: -0.10886399447917938, z: 0.5612197518348694}
# schema: astropy-2.0
time band flux fluxerr zp zpsys pwv airmass
63061.3794 lsst_hardware_u 0.9311236711501067 2.9600000381469727 28.420000076293945 AB 7.259416714721718 1.2272893854136464
63061.4001 lsst_hardware_r 37.872527433814724 24.639999389648438 31.510000228881836 AB 6.806086847131367 1.1431116639454764
63063.3137 lsst_hardware_g -11.021145612228315 13.819999694824219 31.209999084472656 AB 4.8384450459788795 1.7040778513661234
63063.333 lsst_hardware_i -25.517264146503656 33.81999969482422 31.190000534057617 AB 4.4184111986762655 1.4984437707470943
63066.3687 lsst_hardware_z -79.19513450584533 43.880001068115234 30.93000030517578 AB 2.721980799682729 1.2135898048000278
63066.3885 lsst_hardware_r 1.5101937118283648 23.09000015258789 31.479999542236328 AB 3.1348664154258477 1.1361642097586884
63082.357 lsst_hardware_r 30.827670136481753 80.83999633789062 31.639999389648438 AB 2.039670750786324 1.0993554172402034
63082.3769 lsst_hardware_z 75.65507351359106 58.40999984741211 30.979999542236328 AB 2.1772019360338564 1.053824751226455
63086.3679 lsst_hardware_z 52.04136014540045 49.18000030517578 30.969999313354492 AB 2.624678397175893 1.0502914754605412
63086.3868 lsst_hardware_i 76.54238449256468 46.0099983215332 31.309999465942383 AB 1.4318915009708697 1.0227796435506213
63092.2904 lsst_hardware_r -4.683983180444289 32.599998474121094 32.20000076293945 AB 4.521497697111367 1.248745048684382
63092.3162 lsst_hardware_u -1.9378643308230028 3.619999885559082 29.059999465942383 AB 3.8337731711946774 1.140607875597167
63101.2727 lsst_hardware_r 23.25536241592059 22.729999542236328 31.459999084472656 AB 2.3205423221565953 1.2156331193905419
63101.2909 lsst_hardware_u -1.6271351150041138 2.5299999713897705 28.299999237060547 AB 2.197716751950389 1.1431061082485912
63107.2569 lsst_hardware_z -27.639900063885612 71.69999694824219 31.700000762939453 AB 7.3070595618801955 1.2129912951328345
63111.2222 lsst_hardware_r -7.471723706664489 179.77999877929688 32.779998779296875 AB 2.9492568893573927 1.342911234434572
63111.2594 lsst_hardware_y -33.74430380627505 98.4800033569336 31.209999084472656 AB 3.364557131972911 1.158062344644187
63114.2652 lsst_hardware_i -36.96443562108383 59.220001220703125 31.309999465942383 AB 2.577970782418464 1.1119132121710003
63114.2843 lsst_hardware_z -50.47252767475766 56.27000045776367 30.969999313354492 AB 2.479763825957853 1.0642001971065818
63117.2624 lsst_hardware_r -12.141787805819357 33.869998931884766 31.56999969482422 AB 3.0835098157066794 1.0967815095734699
63117.2795 lsst_hardware_z -5.222691264841218 44.2599983215332 30.950000762939453 AB 2.9849271751311584 1.0573599628519867
63122.2616 lsst_hardware_z -64.50135321219943 41.099998474121094 30.940000534057617 AB 3.795873010784943 1.066006930246181
63122.2793 lsst_hardware_r -13.227840756912947 22.010000228881836 31.479999542236328 AB 3.648226662959281 1.0345910423138691
63124.2378 lsst_hardware_g -22.00529551402917 13.520000457763672 31.389999389648438 AB 1.1052520843200175 1.1122033552905837
63124.2531 lsst_hardware_r -8.841749734277162 22.34000015258789 31.489999771118164 AB 2.582214051994212 1.0726449952897585
63126.2647 lsst_hardware_r 20.07699469131735 22.219999313354492 31.5 AB 2.0776967877512242 1.0401485796001122
63126.2814 lsst_hardware_i -18.698610178571265 29.940000534057617 31.260000228881836 AB 2.0100087497303556 1.0187576024989131
63129.2009 lsst_hardware_i 22.708478285611125 31.530000686645508 31.219999313354492 AB 7.487290928039868 1.1951460039171344
63129.2169 lsst_hardware_z 73.81103596454453 42.36000061035156 30.940000534057617 AB 6.593492934945029 1.1348524845000456
63131.2548 lsst_hardware_r 23.576039207880928 22.270000457763672 31.489999771118164 AB 1.6851806134688854 1.0344877921847055
63131.2663 lsst_hardware_i 13.678850763447434 30.010000228881836 31.25 AB 1.5895219356217836 1.0202323078445337
63133.169 lsst_hardware_z -1.37190997245414 45.63999938964844 30.920000076293945 AB 4.946233107664493 1.3004425154895471
63133.1881 lsst_hardware_i 44.4205669578764 34.61000061035156 31.239999771118164 AB 4.6307541513617 1.2032620894794595
63143.1834 lsst_hardware_g 77.9466327904288 69.73256056740676 31.700000762939453 AB 2.511134592563874 1.1197924604521177
63143.201 lsst_hardware_r 12.32959744179783 68.97510439958995 31.639999389648438 AB 2.3863374092670284 1.073154283885637
63147.2108 lsst_hardware_u 4.184579671231307 2.698583908276451 28.389999389648438 AB 3.2523158581355744 1.0349453804730773
63147.2315 lsst_hardware_g 18.600054782184714 18.729617485222807 31.530000686645508 AB 3.3127056350174313 1.012285908332614
63149.0967 lsst_hardware_u 0.503467953223042 2.6056711927807203 28.049999237060547 AB 4.763988245518531 1.512217197815737
63149.1151 lsst_hardware_g 43.20685697494544 14.90584379669309 31.309999465942383 AB 4.317262246810744 1.365358079320286
63151.0944 lsst_hardware_u 3.9832288204569477 2.844843265111207 28.079999923706055 AB 8.597071457060515 1.4837886532724398
63151.1129 lsst_hardware_g 64.75040468851182 16.050448602724096 31.329999923706055 AB 7.770216897647073 1.3435146360589734
63153.095 lsst_hardware_r 508.28808161618576 33.45161746356486 31.420000076293945 AB 10.321027266553466 1.4332105998732105
63153.1138 lsst_hardware_i 557.5017086091455 39.812297466350515 31.209999084472656 AB 9.401915385005877 1.3039501712827715
63155.0968 lsst_hardware_z 566.6357960074965 50.74332999123411 30.90999984741211 AB 10.699467841080562 1.3787381780525616
63155.1159 lsst_hardware_r 786.1882449714287 36.444027584817476 31.450000762939453 AB 9.828917952871402 1.2616813083999732
63157.0947 lsst_hardware_u 0.043249022139283194 3.133659148272101 28.190000534057617 AB 11.878981173756005 1.3555580563062264
63157.1148 lsst_hardware_r 1000.5994210424986 39.62243156131682 31.459999084472656 AB 10.576693265928672 1.2394320344438978
63161.1023 lsst_hardware_r 1608.5252716500152 47.49857307684969 31.489999771118164 AB 5.437051646089326 1.2473162757717522
63161.1198 lsst_hardware_z 1179.7068820067154 54.206041852437735 30.940000534057617 AB 5.098002904247141 1.169713859483036
63163.0997 lsst_hardware_g 504.903127927678 41.661329878275374 31.59000015258789 AB 3.8228189070730685 1.2331673893784092
63163.1178 lsst_hardware_r 1827.4018936507648 56.62310303084923 31.56999969482422 AB 3.585767632816956 1.1566992363925663
63165.1055 lsst_hardware_z 1337.1324344266727 64.04358339301467 30.959999084472656 AB 2.7127848462827098 1.183115324564511
63165.1238 lsst_hardware_r 2035.3155381099818 73.13850845903119 31.6200008392334 AB 2.5618049320316763 1.118366530281531
63166.1041 lsst_hardware_r 2191.8890913167297 84.78223671962745 31.610000610351562 AB 4.965805189847109 1.177754412960813
63166.1223 lsst_hardware_z 1286.2524126845026 67.67593446528993 30.969999313354492 AB 4.7265271162938856 1.114659330939576
63170.1058 lsst_hardware_z 1620.3437663591537 83.64389449347429 30.979999542236328 AB 5.7470234097172765 1.1320837998061404
63170.1246 lsst_hardware_i 2099.2023649781745 95.13966530442632 31.329999923706055 AB 5.421076305118699 1.079358149351524
63172.1123 lsst_hardware_u 20.231406749651253 12.518622184403705 29.290000915527344 AB 6.018559022880736 1.0966096002817374
63181.1432 lsst_hardware_i 1542.9458516160603 49.816046013750636 31.25 AB 2.8069866815291395 1.0092233993992592
63181.1622 lsst_hardware_r 1372.3312941348122 43.682067238695524 31.5 AB 2.9595962102821756 1.0034797277177359
63183.0096 lsst_hardware_z 1460.362956940433 80.01822819011197 30.940000534057617 AB 7.555723456115592 1.4617143831657304
63183.027 lsst_hardware_i 1477.9569988778192 50.095131299065805 31.209999084472656 AB 6.666932224194192 1.3340089823639414
63186.0126 lsst_hardware_y 324.9674420319572 82.14889291231451 29.959999084472656 AB 8.955262051442583 1.3756162905441756
63186.0313 lsst_hardware_r 1032.1583970177946 39.716908756738476 31.459999084472656 AB 8.268856557429224 1.2614579034980744
63189.0147 lsst_hardware_y 321.00823516985037 80.36437704267082 29.979999542236328 AB 7.564568441266841 1.3087488652710797
63189.0307 lsst_hardware_z 1109.6212307228407 54.71425734723003 30.93000030517578 AB 6.96354146943243 1.2236776246659613
63191.0539 lsst_hardware_g 91.84065168667945 25.622573281122374 31.579999923706055 AB 4.287088734573023 1.1150742330258159
63197.0227 lsst_hardware_y 242.19165739623358 76.42134055630429 30.030000686645508 AB 5.678001978064581 1.165136608642065
63197.0388 lsst_hardware_z 787.3666434214977 75.85225041523046 30.979999542236328 AB 5.410817802270766 1.1112790721443346
63199.025 lsst_hardware_y 410.3414850199063 69.51314350751541 30.030000686645508 AB 7.052095350060935 1.137434733880796
63199.0414 lsst_hardware_i 562.7260450842151 78.63637683704462 31.329999923706055 AB 6.692985870065874 1.0892349793966745
63201.0267 lsst_hardware_y 264.75875194731395 62.80807409746538 30.030000686645508 AB 8.418292932043782 1.1147596025659388
63201.0432 lsst_hardware_i 546.2807586054566 43.759778680771056 31.270000457763672 AB 8.92597678388802 1.0718889741279345
63204.0315 lsst_hardware_y 243.64499922047565 58.860819038919225 30.040000915527344 AB 4.748151368527674 1.079984389520681
63204.0523 lsst_hardware_g 42.2416978399151 14.417979937490339 31.389999389648438 AB 3.5947866233019714 1.0392560344903068
63206.0332 lsst_hardware_y 263.18544386354233 58.33942386354902 30.049999237060547 AB 3.4360403610320205 1.0640091951999093
63206.0541 lsst_hardware_i 467.0543983231774 36.73484806103591 31.25 AB 3.2988344853309393 1.028902994852489
63208.0349 lsst_hardware_z 615.3882083973773 54.425550013818835 30.969999313354492 AB 3.902947114926147 1.0501202999801293
63208.0557 lsst_hardware_u 2.5359779293998996 2.760042383000545 28.440000534057617 AB 3.043450675688183 1.020607201773368
