data/validation/pwv_sim_epoch_fit_4/23638263.ecsv
# %ECSV 0.9
# ---
# datatype:
# - {name: time, datatype: float64}
# - {name: band, datatype: string}
# - {name: flux, datatype: float64}
# - {name: fluxerr, datatype: float64}
# - {name: zp, datatype: float64}
# - {name: zpsys, datatype: string}
# - {name: pwv, datatype: float64}
# - {name: airmass, datatype: float64}
# meta: {SNID: '23638263', alt: 1024.0, c: 0.10477712750434875, dec: -16.49037, lat: -30.244573, lon: -70.7499537, ra: 2.460938, t0: 63143.67578125,
#   x0: 3.995571346094894e-06, x1: -0.4392329156398773, z: 0.6727666854858398}
# schema: astropy-2.0
time band flux fluxerr zp zpsys pwv airmass
63043.4237 lsst_hardware_i 12.79441915142294 31.329999923706055 31.260000228881836 AB 6.0508077462697765 1.0364225777960734
63043.4431 lsst_hardware_y 17.1688625816376 65.3499984741211 30.06999969482422 AB 6.024116055572353 1.0303211520034994
63047.4134 lsst_hardware_g -6.493074829540071 14.989999771118164 31.450000762939453 AB 4.202968606740927 1.036022005687778
63047.4309 lsst_hardware_y 16.696864792538786 47.939998626708984 30.049999237060547 AB 4.749334065795675 1.030317432695437
63049.4149 lsst_hardware_i -19.26454505966057 31.15999984741211 31.260000228881836 AB 7.629108858212555 1.0324605146953418
63049.434 lsst_hardware_y 58.27450513571093 48.369998931884766 30.049999237060547 AB 7.5859670095908776 1.0314377796105751
63057.373 lsst_hardware_z -18.766462418434717 52.63999938964844 30.979999542236328 AB 8.373807490899232 1.047478811758362
63057.3925 lsst_hardware_r -40.73865915522578 54.90999984741211 31.639999389648438 AB 9.712058848010075 1.0326850692574687
63062.3487 lsst_hardware_i 9.287971097175687 31.360000610351562 31.25 AB 3.9431766771352557 1.0615632459645323
63062.3644 lsst_hardware_z -0.2691109318802042 41.560001373291016 30.950000762939453 AB 3.7877742717463474 1.0423154297595894
63065.394 lsst_hardware_g 27.191042338589245 14.619999885559082 31.450000762939453 AB 1.912326543886476 1.0327131329210077
63065.4149 lsst_hardware_r 12.122736204362834 23.459999084472656 31.5 AB 1.922318944165422 1.0491575626499778
63067.3394 lsst_hardware_i 27.74790143504932 30.8799991607666 31.25 AB 2.8334175731085782 1.05527656354137
63067.355 lsst_hardware_r 34.25074799149592 23.270000457763672 31.510000228881836 AB 2.705816612523711 1.0387011948267604
63069.3784 lsst_hardware_u 0.22985386462810697 2.7799999713897705 28.479999542236328 AB 5.535111769391882 1.0311791289444483
63069.3998 lsst_hardware_g -6.113534555434345 14.729999542236328 31.450000762939453 AB 5.602640906082562 1.0445867262202968
63077.3972 lsst_hardware_i -24.039296729208086 31.290000915527344 31.25 AB 5.121578149118399 1.0712731007394247
63077.4227 lsst_hardware_z -13.11953335120952 43.34000015258789 30.950000762939453 AB 4.278299469752222 1.131176874741697
63079.188 lsst_hardware_z 175.60378039365682 90.76000213623047 31.649999618530273 AB 7.752980907891737 1.6639083394981729
63079.2128 lsst_hardware_r 49.22177950352279 107.9000015258789 32.310001373291016 AB 6.328362846804357 1.4229033944472977
63083.2654 lsst_hardware_z -341.4810069373885 155.44000244140625 32.4900016784668 AB 0.41751794143848836 1.1158608679870512
63085.3382 lsst_hardware_r -71.46475608688226 72.9800033569336 31.649999618530273 AB 4.411146936347832 1.0322496730923163
63085.3605 lsst_hardware_i 42.36734332613686 63.08000183105469 31.329999923706055 AB 4.500345929536584 1.0493986077968016
63088.2768 lsst_hardware_z 1.345997099919205 43.61000061035156 30.959999084472656 AB 4.5057430344706395 1.0629886250594256
63088.2942 lsst_hardware_r -18.296369094659987 31.68000030517578 31.579999923706055 AB 5.105938604510519 1.0416031424950059
63091.3126 lsst_hardware_i 40.53312871116898 30.93000030517578 31.260000228881836 AB 3.783439212448419 1.030348369403164
63091.3302 lsst_hardware_u 0.8311326287189017 2.8499999046325684 28.530000686645508 AB 3.767280385675318 1.036580863709617
63094.3102 lsst_hardware_i 34.743716217632915 30.8799991607666 31.260000228881836 AB 4.958931651523854 1.0311951724797035
63094.328 lsst_hardware_r 13.003598408550612 23.510000228881836 31.510000228881836 AB 5.004201478604381 1.0412223699695502
63099.2867 lsst_hardware_u -1.6310312436702787 2.700000047683716 28.420000076293945 AB 1.1103143496645849 1.0304541528209603
63100.2214 lsst_hardware_r -19.069988342239846 24.0 31.510000228881836 AB 2.1879530586456943 1.1095096646276923
63102.2459 lsst_hardware_z -13.000375594555827 41.630001068115234 30.950000762939453 AB 2.691944162623767 1.0525685875362598
63102.2634 lsst_hardware_r -18.542528288450633 23.540000915527344 31.510000228881836 AB 2.967681080735804 1.0359302140624775
63110.2192 lsst_hardware_z -105.90263901827544 87.31999969482422 31.0 AB 1.6656638636953247 1.0592457002831954
63110.2362 lsst_hardware_r 41.71871092132195 131.1301057257336 31.65999984741211 AB 1.6684862740568345 1.0398252551899254
63113.2078 lsst_hardware_r -11.915988014365626 123.71741974339173 32.400001525878906 AB 1.5962549763794749 1.0641699842529833
63113.2265 lsst_hardware_i -114.31734657054588 98.952849423551 32.08000183105469 AB 1.736225275034124 1.0411104987212416
63115.2153 lsst_hardware_z 62.59698006766697 69.46696028712803 31.719999313354492 AB 0.4454866480313873 1.04676713851119
63118.2002 lsst_hardware_g 11.339075542982641 15.23883636830631 31.450000762939453 AB 3.456133425802455 1.0552273645683399
63118.2176 lsst_hardware_r -17.737331600888314 24.12205825238802 31.5 AB 3.2261415429720803 1.0373445475794472
63121.1892 lsst_hardware_i 187.1452723883416 33.64470396548446 31.25 AB 2.8331760393669794 1.059197223266364
63121.2074 lsst_hardware_z 208.80142674360133 43.16825500156759 30.950000762939453 AB 2.7933455683456416 1.0388367936327025
63123.1879 lsst_hardware_i 345.37888425564034 35.174903490385425 31.25 AB 0.9307035325344689 1.0534278806277055
63123.2064 lsst_hardware_u 2.164361976908757 3.288111366865329 28.440000534057617 AB 0.9041844500452583 1.0357210195250464
63125.195 lsst_hardware_g 29.021262550549984 16.972321001294098 31.459999084472656 AB 3.1186990988650285 1.0400286012222193
63125.2114 lsst_hardware_r 396.22732838068913 30.116711535935593 31.510000228881836 AB 3.5253203701062876 1.0311974561543353
63128.1723 lsst_hardware_r 523.1762994459579 33.327827833792014 31.510000228881836 AB 6.463168940035814 1.0560445968305572
63132.169 lsst_hardware_g 189.96980852303633 21.95407990074276 31.520000457763672 AB 2.0788905259375947 1.0466409192889088
63135.1466 lsst_hardware_r 1142.2534534724878 61.37873814078455 31.6299991607666 AB 3.0139598693303267 1.0660079707605494
63135.1657 lsst_hardware_i 1202.59070243806 57.0464134904853 31.309999465942383 AB 2.9766680896178044 1.0417643804075378
63144.1036 lsst_hardware_g 154.56510871049895 19.116582296012577 31.440000534057617 AB 3.9684060715388747 1.103637925756388
63144.1304 lsst_hardware_r 1063.2409125297079 49.88350785283962 31.59000015258789 AB 4.480600357143683 1.0536391198452788
63146.1378 lsst_hardware_i 1301.4585059012966 47.449165939993506 31.260000228881836 AB 4.066058696906375 1.039912710206234
63146.157 lsst_hardware_z 1024.8624453148016 51.50233450019233 30.950000762939453 AB 3.997425842849496 1.03061855693954
63148.1347 lsst_hardware_i 1258.009664875453 46.82434022810016 31.260000228881836 AB 3.6371865184903447 1.0380592261305577
63148.1524 lsst_hardware_u -1.981955842735275 2.853993765728116 28.530000686645508 AB 3.617850695124359 1.0305065000710274
63152.1129 lsst_hardware_r 839.373591668266 36.85644480882823 31.5 AB 5.485782230311562 1.048305413780157
63152.1304 lsst_hardware_i 1073.0554697908692 45.27450567592472 31.25 AB 6.083832838723206 1.0339327866403065
63154.1079 lsst_hardware_z 948.7901789232832 50.73164435787046 30.950000762939453 AB 6.49624523153973 1.0477814889580208
63154.1271 lsst_hardware_u 1.894575107990847 2.811424329329575 28.5 AB 6.364106167392613 1.0329245148944042
63156.1126 lsst_hardware_g 55.03251795689379 16.44388415106582 31.459999084472656 AB 7.145234211760448 1.038249667503682
63156.1308 lsst_hardware_r 649.3444787474962 34.797694417164934 31.520000457763672 AB 6.595061353496719 1.0304783364838623
63160.0987 lsst_hardware_i 806.5320575605058 42.18071443830064 31.260000228881836 AB 2.80498148799369 1.0406485656492281
63160.1169 lsst_hardware_u 3.2107445409037565 2.9394161046377643 28.540000915527344 AB 2.706243652678765 1.030949962925447
63164.0946 lsst_hardware_i 689.8537229688877 57.32968720850179 31.31999969482422 AB 4.686384873763995 1.0356270208311023
63164.1113 lsst_hardware_r 361.0132737271327 60.9042564280747 31.649999618530273 AB 4.655690889018725 1.0303240385848935
63167.0879 lsst_hardware_z 1046.7549856685716 113.34238467714792 31.75 AB 3.863763896555947 1.0347519808666168
63171.0749 lsst_hardware_i 373.4938468290184 60.85757230543576 31.329999923706055 AB 4.262241987965407 1.0359915709048413
63171.094 lsst_hardware_z 447.9000915893267 60.804162986860824 30.979999542236328 AB 5.5779807299063515 1.0303358540578746
63180.0563 lsst_hardware_z 337.7998095910896 45.13676095391824 30.950000762939453 AB 8.834905072189782 1.0328390311186746
63180.0755 lsst_hardware_i 259.8329391004261 34.597126776000046 31.25 AB 8.80709853935577 1.0312157999362015
63182.045 lsst_hardware_u -4.382183986663732 2.7066461669682624 28.399999618530273 AB 4.758253317624057 1.0359042055785321
63182.0642 lsst_hardware_g 3.9537289557002273 14.961513799593597 31.440000534057617 AB 4.609932137026728 1.0303443033026773
63185.0453 lsst_hardware_r 81.19875609921226 25.41001794397903 31.510000228881836 AB 5.411508813095432 1.0318445634656177
63185.0637 lsst_hardware_i 215.39872230485048 33.83508752122989 31.25 AB 5.447076717455138 1.031741020447985
63188.039 lsst_hardware_z 491.72238158862467 62.810579968882486 31.700000762939453 AB 7.820335677841641 1.031287054893029
63190.0304 lsst_hardware_y 72.11419907777868 49.56170546455212 30.049999237060547 AB 7.7247256280486445 1.0322803128865343
63190.0509 lsst_hardware_g 0.2688181060029925 20.663561706787377 31.559999465942383 AB 6.758634040334943 1.0320232161046905
63194.0185 lsst_hardware_y 181.0299150361921 78.84110937359871 30.079999923706055 AB 8.004491730471972 1.0326599807093246
63194.0373 lsst_hardware_i 99.70191176184285 63.33333978127147 31.329999923706055 AB 7.956211646696528 1.0312207266953073
63196.0199 lsst_hardware_y 144.52580408549488 81.54880362163574 30.079999923706055 AB 4.981891399240287 1.0307006101666054
63196.0402 lsst_hardware_z 174.4731449581982 63.51653400632581 30.979999542236328 AB 5.011937443285904 1.0345623786326563
