data/validation/pwv_sim_epoch_fit_4/2368331.ecsv
# %ECSV 0.9
# ---
# datatype:
# - {name: time, datatype: float64}
# - {name: band, datatype: string}
# - {name: flux, datatype: float64}
# - {name: fluxerr, datatype: float64}
# - {name: zp, datatype: float64}
# - {name: zpsys, datatype: string}
# - {name: pwv, datatype: float64}
# - {name: airmass, datatype: float64}
# meta: {SNID: '2368331', alt: 1024.0, c: -0.12136609107255936, dec: -45.586655, lat: -30.244573, lon: -70.7499537, ra: 324.873413, t0: 63003.8828125,
#   x0: 5.741478632060628e-06, x1: 0.924860954284668, z: 0.5786856412887573}
# schema: astropy-2.0
time band flux fluxerr zp zpsys pwv airmass
63010.4188 lsst_hardware_u 2.7584925948938577 3.120683396342397 28.450000762939453 AB 6.3378966407507065 1.0374687576936914
63010.4303 lsst_hardware_y 356.3559316112021 55.42973093906029 30.049999237060547 AB 6.348709450009414 1.036256116107586
63019.4083 lsst_hardware_i 1180.6386135391404 44.734822021715445 31.25 AB 7.95010037169081 1.0364513880047987
63019.4204 lsst_hardware_y 371.404712660369 50.01717080539092 30.049999237060547 AB 6.777830051597562 1.0396773695406816
63020.4164 lsst_hardware_r 1190.818690484723 41.009035527029205 31.489999771118164 AB 11.165422267362892 1.0391594838396934
63020.4294 lsst_hardware_y 365.7870925785825 51.49338566792671 30.040000915527344 AB 11.21818940548133 1.046472892302383
63022.409 lsst_hardware_y 573.727576481012 79.21727246434591 30.809999465942383 AB 4.776868488565432 1.038449671427268
63031.3984 lsst_hardware_r 594.2092923302866 33.530008583732325 31.510000228881836 AB 12.96755504741045 1.0457705683395524
63031.4098 lsst_hardware_i 668.942819730761 39.78180701361181 31.25 AB 13.089825201551246 1.0556310646412295
63036.3569 lsst_hardware_r 384.5810598722526 29.844463051015733 31.5 AB 2.6817485193032073 1.036224311940961
63036.3692 lsst_hardware_i 485.9526198196836 37.48991672421239 31.25 AB 2.64571722227074 1.037943202146272
63040.1956 lsst_hardware_i 436.662761450333 38.47278409308853 31.200000762939453 AB 4.329321309318627 1.4076423364625315
63040.2068 lsst_hardware_z 485.50379848471977 50.383027598916094 30.920000076293945 AB 4.143541999604888 1.3434520546664142
63044.3372 lsst_hardware_u -0.10733795310092592 2.9549921026545554 28.459999084472656 AB 7.460943030105613 1.0362420875146685
63044.3506 lsst_hardware_g 55.44978781360835 15.135346822615473 31.420000076293945 AB 7.481156024890626 1.0390494479014758
63046.3257 lsst_hardware_r 217.08976863433045 26.92666431303152 31.5 AB 2.0108025190645265 1.036496143847694
63046.3381 lsst_hardware_z 498.04336133962846 46.341436638562094 30.950000762939453 AB 2.1273930461655777 1.0369939294007202
63048.3343 lsst_hardware_i 281.44719164997576 39.48105148825555 31.270000457763672 AB 8.95261145940252 1.037362522091394
63048.3468 lsst_hardware_r 160.25720153043562 26.511770187346833 31.489999771118164 AB 8.996494748932443 1.0424473937080012
63051.3452 lsst_hardware_z 851.6290099213797 103.66159965302774 31.739999771118164 AB 7.671666551086183 1.046790591995452
63053.3439 lsst_hardware_r 228.73506222303754 104.74212659254219 31.65999984741211 AB 5.9574159909566635 1.050135023965577
63053.3562 lsst_hardware_i 359.0704928667166 83.59761250957281 31.34000015258789 AB 6.0364060647562665 1.0628255120985284
63061.2356 lsst_hardware_r 159.14863402884689 25.537770412677943 31.489999771118164 AB 6.964873744792773 1.0746188998715949
63061.2486 lsst_hardware_i 196.3213297513713 33.30461839400873 31.25 AB 6.968581776788534 1.0580499945778759
63070.235 lsst_hardware_z 169.63624542456574 43.730627408808516 30.950000762939453 AB 5.1335399635973085 1.0478037753974638
63070.2469 lsst_hardware_u 1.8340770332471603 2.882799283310744 28.43000030517578 AB 5.092319500873689 1.0403812655012985
63075.0894 lsst_hardware_z 283.00949007385225 51.326238143054894 30.90999984741211 AB 5.616993707660142 1.4781562388579321
63080.225 lsst_hardware_z 342.36326655988637 110.1811935257223 31.75 AB 1.868847019910264 1.0382483443945911
63082.2138 lsst_hardware_z 292.14940244309395 75.39733605319401 31.0 AB 1.6111052359761648 1.0405415948177599
63082.2252 lsst_hardware_r -64.94171325209855 110.09699770309928 31.65999984741211 AB 1.6161565453247477 1.0368285775944084
63084.2151 lsst_hardware_i -5.374988319924392 54.290000915527344 31.31999969482422 AB 2.3280802999902077 1.0379314756978189
63084.226 lsst_hardware_z 7.924193741047284 53.15999984741211 30.969999313354492 AB 2.34653167769822 1.0362250729513005
63086.2129 lsst_hardware_i -12.846447089140389 39.349998474121094 31.290000915527344 AB 3.215006065786949 1.0370987308990158
63086.225 lsst_hardware_z -3.476923305002305 45.15999984741211 30.959999084472656 AB 3.212880737818972 1.0364131412319264
63089.2064 lsst_hardware_g -6.09373343224584 14.15999984741211 31.43000030517578 AB 7.579867625695716 1.0367757660642478
63089.219 lsst_hardware_r -15.169946262506425 22.90999984741211 31.5 AB 6.706374497533748 1.0366941563662573
63096.235 lsst_hardware_g -12.94881987160601 14.149999618530273 31.43000030517578 AB 2.5438178108299803 1.0584540128280084
63096.2462 lsst_hardware_r -13.432783795962353 23.040000915527344 31.5 AB 2.680037142963534 1.0725511327517896
63101.1509 lsst_hardware_r -3.1342531534294764 22.860000610351562 31.5 AB 2.281655345722608 1.047391612741387
63101.1608 lsst_hardware_i -24.09716551489411 30.540000915527344 31.25 AB 2.285986251254309 1.04109586758707
63107.2267 lsst_hardware_i 19.628550981308898 61.25 31.309999465942383 AB 5.800397298997588 1.0892423959808935
63107.2374 lsst_hardware_z -150.70212674762044 58.619998931884766 30.969999313354492 AB 5.8947713543040425 1.1098303379771328
63117.1192 lsst_hardware_u -3.311455532079371 2.680000066757202 28.440000534057617 AB 2.4452854164693014 1.040104388119652
63117.1319 lsst_hardware_r -17.081548882594255 22.6299991607666 31.5 AB 2.713559190272364 1.03650083662046
63124.1122 lsst_hardware_g 17.812451684032983 13.6899995803833 31.420000076293945 AB 1.043141780885739 1.036576794520443
63124.1237 lsst_hardware_r -5.082504205570511 22.40999984741211 31.5 AB 1.0763132367704866 1.0367441677031497
63126.1123 lsst_hardware_i 3.408008106681632 30.280000686645508 31.260000228881836 AB 1.127765325124538 1.036231539163981
63126.1243 lsst_hardware_z -25.74454458289434 40.97999954223633 30.950000762939453 AB 1.1826947563420147 1.0382104664304446
63141.0368 lsst_hardware_r -145.41217362592207 63.77000045776367 31.639999389648438 AB 5.2404732268678105 1.051476896055897
63141.0466 lsst_hardware_i 26.256648727993348 57.58000183105469 31.31999969482422 AB 5.0939327333517825 1.0439456365102535
63143.0579 lsst_hardware_i -4.575141143924852 30.270000457763672 31.25 AB 2.421697304024469 1.0369814319261625
63143.0683 lsst_hardware_z 88.70036642889802 40.9900016784668 30.950000762939453 AB 2.4709667650458336 1.0363344464051747
63145.0551 lsst_hardware_r 0.35812588786978355 22.450000762939453 31.5 AB 3.9198864290460307 1.0365499592012422
63145.0673 lsst_hardware_u -2.4739057462270346 2.700000047683716 28.459999084472656 AB 3.9179802877431835 1.0369141955123173
63147.06 lsst_hardware_g -7.5812897388510265 13.770000457763672 31.40999984741211 AB 4.693785316804209 1.0366133650176024
63147.0721 lsst_hardware_i -2.724376397524014 30.260000228881836 31.25 AB 5.27437895285134 1.0402088458438694
63149.0582 lsst_hardware_z 38.721240023450946 41.06999969482422 30.940000534057617 AB 2.5199473376572072 1.0372999468952067
63149.0708 lsst_hardware_r 12.026107328821983 22.440000534057617 31.489999771118164 AB 2.511844272971914 1.0423311181846244
63151.1332 lsst_hardware_g 26.662673799640945 13.850000381469727 31.3799991607666 AB 6.921402063133475 1.1479547871185944
63151.1452 lsst_hardware_r -9.141789135928912 23.1299991607666 31.469999313354492 AB 7.117880930313983 1.1831911783317328
63155.0811 lsst_hardware_i -13.291057920129207 30.6200008392334 31.239999771118164 AB 8.846685363262033 1.0671085235730808
63155.0923 lsst_hardware_z 37.95995598869227 41.68000030517578 30.940000534057617 AB 8.436889037038364 1.0835973589825794
63159.0841 lsst_hardware_g -1.1054503000211844 14.25 31.40999984741211 AB 3.5045130838568133 1.0881891271098123
63159.0951 lsst_hardware_i 32.08408854066103 31.270000457763672 31.239999771118164 AB 3.613728952436786 1.109186296021113
63161.0852 lsst_hardware_z 1.3874262536849287 43.209999084472656 30.940000534057617 AB 4.821396740342625 1.1002312570667383
63161.0964 lsst_hardware_r 6.301386641576961 28.649999618530273 31.530000686645508 AB 4.883257342835837 1.1241384306711795
63163.0821 lsst_hardware_y -48.88284400237848 49.880001068115234 30.030000686645508 AB 4.032562234097467 1.1049124762345786
63163.0937 lsst_hardware_g 41.24020056359994 44.15999984741211 31.670000076293945 AB 3.5052230924227423 1.1307171265879814
63166.0795 lsst_hardware_z -28.133630536065528 57.15999984741211 30.969999313354492 AB 3.2642830809449777 1.1167578107919869
63166.0907 lsst_hardware_r -10.921829811034112 71.69999694824219 31.6200008392334 AB 4.8369997410990795 1.1438593113114643
