data/validation/pwv_sim_epoch_fit_4/23701650.ecsv
# %ECSV 0.9
# ---
# datatype:
# - {name: time, datatype: float64}
# - {name: band, datatype: string}
# - {name: flux, datatype: float64}
# - {name: fluxerr, datatype: float64}
# - {name: zp, datatype: float64}
# - {name: zpsys, datatype: string}
# - {name: pwv, datatype: float64}
# - {name: airmass, datatype: float64}
# meta: {SNID: '23701650', alt: 1024.0, c: 0.09317394345998764, dec: -13.554784, lat: -30.244573, lon: -70.7499537, ra: 10.019531, t0: 63138.19140625,
#   x0: 3.2471173161347663e-06, x1: 0.5994258522987366, z: 0.732035219669342}
# schema: astropy-2.0
time band flux fluxerr zp zpsys pwv airmass
63049.4133 lsst_hardware_i 45.713352909600886 31.920000076293945 31.260000228881836 AB 7.883401656080386 1.0658406646570369
63049.4324 lsst_hardware_y 146.40320119500205 48.66999816894531 30.049999237060547 AB 7.691002436936583 1.0487849775933926
63065.3923 lsst_hardware_g 4.178157726388364 15.020000457763672 31.450000762939453 AB 1.9523617787341965 1.0471235069639027
63065.4132 lsst_hardware_r -8.305994428295296 23.920000076293945 31.510000228881836 AB 1.9260467545026896 1.046764540490592
63067.352 lsst_hardware_i -18.357258682486883 44.31999969482422 32.0 AB 3.2039545368708686 1.0842485742371806
63067.3674 lsst_hardware_r 20.21462764392385 33.439998626708984 32.2599983215332 AB 2.9217114162624247 1.0619578069104678
63069.3919 lsst_hardware_u 3.027589457001243 2.7699999809265137 28.459999084472656 AB 5.553918683242916 1.044951774834039
63069.4131 lsst_hardware_g -4.6036563421922985 15.029999732971191 31.459999084472656 AB 5.658427401494624 1.052877592500279
63077.4301 lsst_hardware_z -45.407535602939056 45.63999938964844 30.950000762939453 AB 4.189190063801102 1.1131594500800095
63079.2235 lsst_hardware_r -53.61789275140248 106.87999725341797 32.279998779296875 AB 6.942851540127253 1.5514752044977103
63079.2773 lsst_hardware_z 5.973270548826565 55.869998931884766 30.959999084472656 AB 5.313596690897819 1.2020352202008413
63083.2823 lsst_hardware_z 126.2419653691519 105.33000183105469 31.729999542236328 AB 0.4918834930940212 1.1461362945880105
63085.3518 lsst_hardware_r -2.3580617015609433 75.12999725341797 31.649999618530273 AB 4.4618610784068 1.0451363056974743
63085.3739 lsst_hardware_i 72.75645869312805 65.88999938964844 31.31999969482422 AB 4.486043807272993 1.0567000174166912
63088.2881 lsst_hardware_z 2.053003293666472 44.7400016784668 30.950000762939453 AB 4.741315746690224 1.0968285805772306
63088.3057 lsst_hardware_r 8.313053452787099 33.2599983215332 31.579999923706055 AB 5.181378929967524 1.0672985985925962
63091.3356 lsst_hardware_u -2.776059741000682 2.8499999046325684 28.530000686645508 AB 4.862600968179645 1.045158725025179
63091.3536 lsst_hardware_g 10.731860116536751 15.140000343322754 31.469999313354492 AB 4.947615292453308 1.0533190843671663
63102.2577 lsst_hardware_z 56.734356032150785 41.77000045776367 30.940000534057617 AB 3.0554891062940346 1.0820678552612784
63102.275 lsst_hardware_r -36.637227268770005 23.43000030517578 31.510000228881836 AB 2.9640147566710295 1.058576698811082
63113.2313 lsst_hardware_i 140.54512821327486 77.47863881484187 31.329999923706055 AB 1.7605284736822617 1.0761176489500377
63113.2505 lsst_hardware_r 59.95416457221265 91.8619078376492 31.649999618530273 AB 2.332070431342831 1.0535669443608904
63118.2222 lsst_hardware_r 293.1489855881504 28.74413528780142 31.5 AB 3.232916682498344 1.0694398552756679
63118.2409 lsst_hardware_i 404.48931980657363 36.892245046247375 31.25 AB 3.294266868156709 1.0506352633251657
63121.2013 lsst_hardware_i 551.2032458302392 39.21221239796227 31.25 AB 2.932488360128002 1.0902794745797504
63121.2197 lsst_hardware_z 458.6144884931846 45.97226550959585 30.950000762939453 AB 3.1928403311243105 1.062273593586884
63123.2007 lsst_hardware_i 708.0540469915753 40.843744106302005 31.25 AB 0.958927461072839 1.0814971365483146
63123.2195 lsst_hardware_u 0.32106840331112224 2.8535822611460153 28.459999084472656 AB 1.2917445248818835 1.0567858125567633
63125.2061 lsst_hardware_g 62.25401800070065 18.162077108246976 31.450000762939453 AB 3.1938820346160925 1.0654856527589756
63125.2226 lsst_hardware_r 650.9615934168306 34.346600335511795 31.510000228881836 AB 3.517207876369428 1.0501217783746302
63128.1848 lsst_hardware_r 789.6909907369326 36.291892183028466 31.510000228881836 AB 6.643022236484669 1.0854315900685716
63132.1884 lsst_hardware_g 145.24113873792288 19.983188825633576 31.479999542236328 AB 2.1359345926258433 1.0637565931317752
63135.1705 lsst_hardware_i 1251.3280865684899 56.74099295640993 31.299999237060547 AB 3.6558226137276617 1.0772750378098848
63135.1887 lsst_hardware_z 728.1445804855422 55.55377418249635 30.969999313354492 AB 3.565849271131512 1.0550110025784203
63136.1845 lsst_hardware_i 1162.3665161191557 63.296389473134006 31.309999465942383 AB 4.176004996266016 1.0563250412140008
63136.2036 lsst_hardware_z 864.1829676344395 59.62576415604103 30.979999542236328 AB 4.179284023768384 1.0455616120839888
63146.1509 lsst_hardware_i 1040.5858027739187 44.63176733768534 31.260000228881836 AB 4.116253701638743 1.0628990450091433
63146.1704 lsst_hardware_z 764.8171444401694 49.28978285834518 30.950000762939453 AB 4.733552338114163 1.0474392044509766
63148.1464 lsst_hardware_i 934.2158859628938 44.085144132123524 31.260000228881836 AB 3.7460146524335975 1.061795536404081
63148.1642 lsst_hardware_u 0.8847411179264657 2.806354385150362 28.469999313354492 AB 3.693545212086978 1.0477647048613241
63150.145 lsst_hardware_g 19.68449402407332 16.344296676672812 31.440000534057617 AB 4.753248334843064 1.0575307775533367
63150.1636 lsst_hardware_r 544.5350953855175 32.378157222236666 31.5 AB 4.698245340939435 1.0459915415820635
63154.1326 lsst_hardware_u -4.801345384561117 2.786207388023691 28.469999313354492 AB 6.562322196235788 1.0590084232762624
63154.1496 lsst_hardware_g 25.171354017905912 15.896476182895935 31.459999084472656 AB 6.454397870983973 1.0470128347659031
63156.1352 lsst_hardware_r 414.4585770043937 30.55006323558157 31.520000457763672 AB 6.7325721215760765 1.051964393996262
63156.1532 lsst_hardware_i 712.1501696208334 40.67886081469228 31.25 AB 6.687971463965251 1.0449955412445704
63158.1067 lsst_hardware_i 664.5437271348603 40.03385530084173 31.25 AB 4.558842477682576 1.0788882919613243
63158.1243 lsst_hardware_z 530.48057483379 47.34431139015039 30.950000762939453 AB 4.454056392700326 1.0564441071374282
63160.1108 lsst_hardware_i 482.71087603951094 39.55646763149395 31.260000228881836 AB 2.7920375968326567 1.0651550202511046
63160.1292 lsst_hardware_u -3.5974369301570195 2.9174395683712624 28.540000915527344 AB 2.8298522278884852 1.0488703587427914
63162.1132 lsst_hardware_g 36.065376554456236 27.091844856581528 31.6299991607666 AB 5.62820750785152 1.056609669809463
63162.1305 lsst_hardware_r 302.32329753441763 34.944789530915386 31.56999969482422 AB 5.073943840254828 1.0460841179118279
63167.1099 lsst_hardware_z 594.6585012267157 116.6145769108029 31.75 AB 3.9423798029611863 1.0489702358210427
63180.0802 lsst_hardware_i 189.23538993027623 33.58426857979548 31.25 AB 8.948602915604944 1.0464366386720803
63180.0979 lsst_hardware_u 2.3625063606614938 2.7620557912524535 28.469999313354492 AB 9.868137926615404 1.0463141931097129
63182.0574 lsst_hardware_u 2.8862402223788632 2.6554027905468347 28.3799991607666 AB 4.807012304496335 1.0577454415322745
63182.0765 lsst_hardware_g 32.73580553962011 14.717829592542113 31.43000030517578 AB 4.7227274187972075 1.045911765720642
63185.0576 lsst_hardware_r 70.14851323452423 24.53663863721426 31.510000228881836 AB 5.552771956309457 1.0508652453274243
63185.076 lsst_hardware_i 90.01459972648203 33.195600634894 31.260000228881836 AB 5.568531279613234 1.0449486356939826
63188.0553 lsst_hardware_z 116.04748827269381 43.12759232242537 30.950000762939453 AB 6.747166238077133 1.0476152842291413
63188.0751 lsst_hardware_u -3.861434566043015 2.7887999431605697 28.479999542236328 AB 6.7908089115280985 1.046027250697489
63192.0313 lsst_hardware_y 138.65704092827147 51.184303627939975 30.040000915527344 AB 4.91737244919098 1.0565905563365543
63192.0525 lsst_hardware_i 47.735124483374726 43.25981504654106 31.290000915527344 AB 4.697273094069861 1.045232108159882
63194.0311 lsst_hardware_y 124.40369402162958 57.19383569621684 30.059999465942383 AB 8.19703786359801 1.0522063065677136
63194.0498 lsst_hardware_i -69.564794557854 66.30695572448204 31.329999923706055 AB 7.925755258588762 1.044970808462964
63196.0335 lsst_hardware_y 54.88758667701473 58.056208600200115 30.059999465942383 AB 5.060927365148618 1.0475941554851207
63196.0538 lsst_hardware_z 24.567075180398238 66.92137764054756 30.979999542236328 AB 4.562757705970119 1.0461841270185233
63198.0215 lsst_hardware_y 108.94072663034098 77.49879709718553 30.06999969482422 AB 4.673151065131551 1.0512684472485352
63198.0337 lsst_hardware_i 224.94151444373023 75.66285713368536 31.329999923706055 AB 4.6436360289681575 1.045687334114245
63203.0255 lsst_hardware_y 165.17183378290986 68.0454539273625 30.059999465942383 AB 7.017536295400156 1.0449585293926964
63203.0446 lsst_hardware_r 13.506361342056117 24.530203549104346 31.510000228881836 AB 6.969671705117992 1.050979120426678
