data/validation/pwv_sim_epoch_fit_4/23756591.ecsv
# %ECSV 0.9
# ---
# datatype:
# - {name: time, datatype: float64}
# - {name: band, datatype: string}
# - {name: flux, datatype: float64}
# - {name: fluxerr, datatype: float64}
# - {name: zp, datatype: float64}
# - {name: zpsys, datatype: string}
# - {name: pwv, datatype: float64}
# - {name: airmass, datatype: float64}
# meta: {SNID: '23756591', alt: 1024.0, c: -0.08271307498216629, dec: -52.60899, lat: -30.244573, lon: -70.7499537, ra: 24.402985, t0: 62101.57421875,
#   x0: 2.823380956679876e-06, x1: -0.47445952892303467, z: 0.7743221521377563}
# schema: astropy-2.0
time band flux fluxerr zp zpsys pwv airmass
61986.1601 lsst_hardware_y 177.1679049114031 162.77999877929688 31.899999618530273 AB 3.164733031887727 2.271339496570139
61986.2037 lsst_hardware_r 115.54293576859514 83.16000366210938 31.469999313354492 AB 2.1318904888534664 1.7208856360985874
61986.2291 lsst_hardware_i -9.851664429406435 65.01000213623047 31.229999542236328 AB 2.3713553570156716 1.5209120408438297
61990.4297 lsst_hardware_r 17.875001872736895 79.9000015258789 31.639999389648438 AB 2.001983762155335 1.1036294168444276
61994.4267 lsst_hardware_z -67.24720217908258 79.91000366210938 31.719999313354492 AB 3.420503539973324 1.1131432033324262
61995.4096 lsst_hardware_r 56.65793308409722 37.22999954223633 31.59000015258789 AB 4.901844638417647 1.09712087402801
61995.4207 lsst_hardware_z -35.766717680549 47.060001373291016 30.959999084472656 AB 5.179810826530702 1.1090088837847636
62001.3896 lsst_hardware_g -11.121491862256002 13.050000190734863 31.3799991607666 AB 2.022702556069326 1.093944054120782
62001.4009 lsst_hardware_r 18.686253120297632 22.139999389648438 31.479999542236328 AB 2.084391062846254 1.1049961457037267
62002.1639 lsst_hardware_z -99.53753417203801 84.12999725341797 32.08000183105469 AB 3.1696965244946838 1.6860087896248317
62002.179 lsst_hardware_r 12.270995081556004 40.95000076293945 32.58000183105469 AB 3.3601527053783338 1.5655924078641041
62006.146 lsst_hardware_i -3.200771240590693 49.119998931884766 31.899999618530273 AB 4.78552107853901 1.7500534205664693
62009.1842 lsst_hardware_u -2.8894101278559345 2.6700000762939453 28.25 AB 3.2501124921390483 1.413502098640026
62009.203 lsst_hardware_g -1.21070661215927 13.329999923706055 31.329999923706055 AB 2.9432380823111304 1.3232000969481543
62011.3807 lsst_hardware_r 21.09526418094096 22.149999618530273 31.479999542236328 AB 8.291753067862336 1.1136845990144613
62011.3919 lsst_hardware_u -2.237666936779094 2.569999933242798 28.34000015258789 AB 8.454230687506856 1.1302447443190984
62030.3553 lsst_hardware_z -7.136668356971008 42.630001068115234 30.940000534057617 AB 1.3216394712991224 1.1588246131513567
62030.3669 lsst_hardware_r 2.277763214542769 22.510000228881836 31.459999084472656 AB 1.5056422356991568 1.1855450674790715
62031.3572 lsst_hardware_u -1.7333479390447335 2.549999952316284 28.31999969482422 AB 1.7501076671994924 1.1689464547697015
62031.3683 lsst_hardware_g -5.22145128412613 13.100000381469727 31.350000381469727 AB 1.7895934312000668 1.1961856611372934
62033.3401 lsst_hardware_g -6.964140233854986 13.0600004196167 31.350000381469727 AB 5.969077881309943 1.1448173918891338
62033.3528 lsst_hardware_r 15.945664722489152 22.360000610351562 31.459999084472656 AB 6.153767365129744 1.171365254617012
62035.3037 lsst_hardware_r 17.274918382420356 22.09000015258789 31.479999542236328 AB 2.161133057644446 1.1003265599619378
62035.3162 lsst_hardware_i 26.497423050305997 30.719999313354492 31.239999771118164 AB 2.190064881375874 1.1150570060893623
62037.3009 lsst_hardware_z 0.5056800602093509 41.68000030517578 30.940000534057617 AB 4.797336453231957 1.103110687312616
62037.3127 lsst_hardware_u -0.47146383481084153 2.5399999618530273 28.309999465942383 AB 4.965352253779708 1.1177561491992836
62041.3256 lsst_hardware_i -38.44203543701224 30.920000076293945 31.229999542236328 AB 4.348823387361392 1.1595316324120497
62041.3367 lsst_hardware_z -15.000469403525972 42.91999816894531 30.93000030517578 AB 5.661956718555217 1.1851296114191978
62044.3182 lsst_hardware_z 28.638878981836058 52.939998626708984 30.959999084472656 AB 5.162009216702665 1.1612198297921412
62044.3303 lsst_hardware_r 8.180591612865863 49.310001373291016 31.59000015258789 AB 5.226960125530154 1.189657869402317
62048.3323 lsst_hardware_z -15.510204806090629 90.61000061035156 31.709999084472656 AB 8.483825270840072 1.2258386905488363
62050.3111 lsst_hardware_z 105.0983810475582 55.5099983215332 30.959999084472656 AB 5.650397747526523 1.1825863849994773
62050.3217 lsst_hardware_r -35.24309927293899 68.52999877929688 31.600000381469727 AB 5.5707903654726065 1.210690459027878
62052.2677 lsst_hardware_r -9.596903164744338 49.5 31.610000610351562 AB 2.882463642190329 1.1123119177504366
62052.2803 lsst_hardware_i -2.7934583906807133 44.720001220703125 31.290000915527344 AB 2.9100551262899175 1.1308138180589686
62054.3068 lsst_hardware_i 29.484338166326932 38.04999923706055 31.260000228881836 AB 5.4173652769876375 1.199660139951838
62054.3184 lsst_hardware_z -7.959506511807009 46.630001068115234 30.940000534057617 AB 5.577930971712425 1.2335324560114178
62055.2988 lsst_hardware_g 7.476745635505583 27.209999084472656 31.59000015258789 AB 6.274445661755666 1.185946130624181
62055.3095 lsst_hardware_r -12.036126887228967 31.200000762939453 31.540000915527344 AB 6.410448597312895 1.2148670746644779
62057.2972 lsst_hardware_i 12.35198800769232 31.579999923706055 31.229999542236328 AB 5.988645913711434 1.195895476345224
62057.3079 lsst_hardware_r 17.161900660501615 23.59000015258789 31.469999313354492 AB 6.1715018646413435 1.226369847911722
62059.3001 lsst_hardware_u -2.2688433818518807 2.509999990463257 28.25 AB 8.579212150041169 1.2193308911371759
62059.3112 lsst_hardware_g -27.975475712424153 13.069999694824219 31.31999969482422 AB 8.830935774838915 1.2547210364685861
62065.2408 lsst_hardware_r -34.2905070789343 22.059999465942383 31.469999313354492 AB 2.724443679437834 1.1244479502411346
62065.2524 lsst_hardware_i 20.53047641649296 30.799999237060547 31.229999542236328 AB 3.2444071796229204 1.144209902882356
62070.2773 lsst_hardware_g -4.145129870520523 13.164422659873553 31.329999923706055 AB 4.072552497355365 1.2418211609560104
62070.2875 lsst_hardware_r 2.1974202370251867 22.87906780807313 31.440000534057617 AB 4.215057005061865 1.2772900015338986
62075.2271 lsst_hardware_y -16.620931218782662 53.64668943935644 30.020000457763672 AB 5.639468398328036 1.1480418134924228
62075.2386 lsst_hardware_r -20.46096767667726 78.04649388937001 31.6200008392334 AB 5.747579724734548 1.1724769519220744
62077.2236 lsst_hardware_i 56.79154724794457 68.94878564969774 31.309999465942383 AB 5.289275739613474 1.1519084748981272
62077.2351 lsst_hardware_z 188.25639406105762 62.96497452911276 30.969999313354492 AB 5.348660214574954 1.177081913418784
62079.2266 lsst_hardware_r 183.20058503094458 73.8218530912654 31.6200008392334 AB 5.072553403503196 1.170004244839856
62079.2386 lsst_hardware_z 95.13326354984144 57.85803975338849 30.959999084472656 AB 5.256777165547947 1.1998350163872935
62081.2233 lsst_hardware_r 145.89986532002234 54.85082668150384 31.610000610351562 AB 5.415018716212925 1.1750067736168317
62081.2348 lsst_hardware_i 260.92388843176747 49.91552321715058 31.280000686645508 AB 5.588692283146209 1.2043730227310807
62083.2259 lsst_hardware_z 251.48012518125606 48.695025057281896 30.940000534057617 AB 9.572798340461592 1.1950934768215822
62083.2369 lsst_hardware_i 399.1853009823253 44.144919811589894 31.260000228881836 AB 9.429040600271673 1.2263557530920945
62086.174 lsst_hardware_z 339.45572900055305 45.378483309412246 30.940000534057617 AB 3.758621230689281 1.1112236016721617
62086.1852 lsst_hardware_r 385.28190119297335 29.729962707953405 31.469999313354492 AB 3.8223287675763564 1.1271704030402692
62090.1496 lsst_hardware_r 1203.9123516507534 46.397722572712006 32.220001220703125 AB 6.4310275389438125 1.0965872890561386
62090.1584 lsst_hardware_i 1391.9073532976254 57.735565907667436 31.979999542236328 AB 6.529923605337146 1.105595531062374
62091.2126 lsst_hardware_r 647.074428036086 33.751201917528434 31.450000762939453 AB 6.775073516743458 1.2189768831847896
62091.2243 lsst_hardware_g 175.9233452186857 18.312351829491366 31.31999969482422 AB 7.0286349838972795 1.256366016813897
62095.0312 lsst_hardware_i 1917.888630192895 62.58458584712763 31.979999542236328 AB 5.1706385007054205 1.13922082086597
62095.04 lsst_hardware_u 7.7044021851715705 2.9049445376899796 28.360000610351562 AB 5.169688516985095 1.1245787507038163
62096.1767 lsst_hardware_r 668.7504731696228 34.881142286623685 31.450000762939453 AB 4.241183565946994 1.1622865349265534
62096.1902 lsst_hardware_u -3.8532199874202853 2.5971755157294183 28.209999084472656 AB 4.4730553769605015 1.1945667984939248
62098.0831 lsst_hardware_r 780.265434649988 39.73564446484236 31.540000915527344 AB 8.213266944681278 1.0810249126505433
62098.0952 lsst_hardware_y 318.6770774192477 49.890664990014415 30.030000686645508 AB 8.608938456504259 1.0803938661164096
62100.0827 lsst_hardware_g 129.0767342089424 39.21718742317539 31.65999984741211 AB 4.7192309242659665 1.0803275675543105
62100.0954 lsst_hardware_r 840.8290530067713 48.26593578766701 31.59000015258789 AB 3.872049513175687 1.081326370912456
62103.1605 lsst_hardware_z 634.2004604070338 58.02955447075083 30.959999084472656 AB 5.947092295557581 1.1687319044036204
62103.1725 lsst_hardware_r 612.9618235369247 65.85707646057811 31.610000610351562 AB 5.15598582203913 1.198323323994105
62107.158 lsst_hardware_i 987.926273035092 71.28161685813608 31.299999237060547 AB 7.693662626905283 1.1889724259553063
62107.1691 lsst_hardware_z 688.9761061385578 64.74975276040367 30.959999084472656 AB 7.791412234940128 1.2195470356558658
62110.1173 lsst_hardware_r 526.1890237751619 49.971959609522166 31.600000381469727 AB 5.890611122729247 1.12351919182324
62110.1292 lsst_hardware_z 454.15442046363034 54.047256653307024 30.959999084472656 AB 6.121820383021662 1.1436242075513492
62112.1192 lsst_hardware_r 457.18941377490836 30.28597809721638 31.469999313354492 AB 4.343701642371812 1.135459846391795
62112.1308 lsst_hardware_u -0.6188146858825578 2.5662164244222816 28.329999923706055 AB 4.283102806214632 1.1575953530309817
62114.0759 lsst_hardware_g 28.792867938370478 14.520669093181931 31.389999389648438 AB 8.248256653992806 1.0900419572912092
62114.0876 lsst_hardware_r 338.44655621294356 29.51263430901328 31.479999542236328 AB 10.119747512171365 1.0999725556708007
62118.0745 lsst_hardware_r 584.1812412485923 39.48018639258044 32.220001220703125 AB 8.673080721190232 1.097858319138004
62118.0866 lsst_hardware_u 9.555854571088803 3.6584500037238707 29.100000381469727 AB 8.214285522354233 1.111214870113079
62120.0789 lsst_hardware_g 43.05442930763015 14.479109222735337 31.3700008392334 AB 11.093220108097379 1.1084482450136628
62120.0912 lsst_hardware_i 526.1506014735496 38.17793424857507 31.229999542236328 AB 11.366938819259326 1.1253729597306639
62343.4378 lsst_hardware_r -25.449817911832557 82.2300033569336 31.649999618530273 AB 6.499619318530608 1.0841733642252143
62351.4256 lsst_hardware_z -15.429295652666468 44.060001373291016 30.950000762939453 AB 2.3421620636558855 1.0896311066089255
62351.4374 lsst_hardware_r 58.02473572411022 37.04999923706055 31.579999923706055 AB 2.3341019560526113 1.0995220017520348
62354.43 lsst_hardware_r -32.39377963612583 25.110000610351562 31.510000228881836 AB 3.1894402555133516 1.1003128756370808
62356.4235 lsst_hardware_g 4.939957400512504 15.210000038146973 31.440000534057617 AB 2.033657705224739 1.0992744352568615
62356.4344 lsst_hardware_r -41.407729866709865 31.520000457763672 31.549999237060547 AB 2.0245713836494224 1.1115875093243532
62358.3689 lsst_hardware_i -14.649163264042881 30.239999771118164 31.239999771118164 AB 5.54374076944461 1.081283551676321
62358.381 lsst_hardware_z 24.42362229189871 41.56999969482422 30.950000762939453 AB 5.616992599054993 1.0801908844336525
62360.2479 lsst_hardware_i -21.988186432043914 45.61000061035156 31.969999313354492 AB 3.528171888502231 1.2984745955353851
62360.2743 lsst_hardware_z 11.486391265891509 43.47999954223633 30.93000030517578 AB 3.4876370916853086 1.2093404542498254
62362.4162 lsst_hardware_r -1.6172515717300016 22.5 31.469999313354492 AB 3.9008841721621597 1.1093087365739116
62362.4274 lsst_hardware_i -1.8019674484150643 38.95000076293945 31.270000457763672 AB 4.696289996285026 1.1247925265038086
62367.4024 lsst_hardware_r 9.820224913662438 21.979999542236328 31.479999542236328 AB 2.044118428516063 1.1091255716310706
62367.4138 lsst_hardware_i -5.7264873040801705 31.31999969482422 31.239999771118164 AB 2.0712610811447076 1.12487024682008
62371.398 lsst_hardware_r 157.9062128312464 74.44000244140625 31.6299991607666 AB 2.557821846684942 1.1176848794777985
62371.4096 lsst_hardware_z -25.82989785902691 57.4900016784668 30.959999084472656 AB 2.5816951239490638 1.1358928462047653
62376.2087 lsst_hardware_z -70.99622291172145 54.5 30.940000534057617 AB 5.074090870038641 1.2811743138590181
62376.2263 lsst_hardware_i -55.42243183081564 51.77000045776367 31.280000686645508 AB 4.862468360117486 1.2219303970809563
62378.2527 lsst_hardware_r 29.015290023775524 41.060001373291016 31.579999923706055 AB 3.122738766322078 1.144803873640208
62378.2697 lsst_hardware_z -79.13961690569857 46.20000076293945 30.940000534057617 AB 3.025407072871757 1.1170046420054482
62380.3865 lsst_hardware_r -33.43853257211921 29.65999984741211 31.530000686645508 AB 0.8232197530661166 1.138485310220526
62380.3963 lsst_hardware_i -16.203236817100063 34.25 31.239999771118164 AB 0.7754913046328404 1.1574497084072246
62382.3776 lsst_hardware_i -41.426425834620765 31.1299991607666 31.229999542236328 AB 1.315996552446046 1.132527153568026
62382.39 lsst_hardware_z -9.304828594872655 42.400001525878906 30.93000030517578 AB 1.3845362106515062 1.1557063527975846
62385.3828 lsst_hardware_r -5.181737015987485 22.139999389648438 31.459999084472656 AB 0.8704463732404757 1.15776507192292
62385.3934 lsst_hardware_g -7.624163531260328 13.279999732971191 31.350000381469727 AB 0.8790835890925439 1.1818287104089769
62387.3624 lsst_hardware_u -4.472701706529472 2.5199999809265137 28.299999237060547 AB 3.3382749726271324 1.129958808290804
62387.3741 lsst_hardware_r -11.924810283936809 22.25 31.459999084472656 AB 3.417373573660703 1.1511476219382561
62390.3724 lsst_hardware_u -0.19054082239065734 2.5199999809265137 28.290000915527344 AB 3.630128006066392 1.1647469538180937
62390.3832 lsst_hardware_g 2.5079570687178867 13.100000381469727 31.350000381469727 AB 2.958777199847578 1.1904951179644225
62393.3537 lsst_hardware_g 8.17672641329904 13.029999732971191 31.350000381469727 AB 1.67069790883885 1.1433999604235314
62393.3648 lsst_hardware_r -30.683336259984813 22.360000610351562 31.459999084472656 AB 1.701271744305618 1.1660532860215056
62395.3605 lsst_hardware_i 2.190406833143689 30.889999389648438 31.229999542236328 AB 4.811634279782935 1.1686524451473521
62395.3724 lsst_hardware_z 37.30990113191553 42.90999984741211 30.940000534057617 AB 4.949144929328189 1.1979775925757485
62399.3406 lsst_hardware_z 80.0822168691307 55.220001220703125 30.959999084472656 AB 6.0295502111679005 1.1496901918521527
62399.3527 lsst_hardware_r 61.07226345302512 56.45000076293945 31.610000610351562 AB 6.062182637884764 1.17586706195044
62404.1668 lsst_hardware_r -157.92465009946716 101.9800033569336 32.36000061035156 AB 7.346662102905251 1.1765483609569205
62404.1835 lsst_hardware_y -43.71083448551337 73.7699966430664 30.760000228881836 AB 7.116643962746085 1.141493939008057
62411.3325 lsst_hardware_i 3.1318094607754676 32.40999984741211 31.229999542236328 AB 3.865184020224573 1.2083734952765441
62411.3431 lsst_hardware_z 32.621754922275805 43.970001220703125 30.93000030517578 AB 2.9849087666662366 1.2404386064547956
62414.3085 lsst_hardware_u -0.9579193976136673 2.549999952316284 28.309999465942383 AB 8.075226037261867 1.1683753218927506
62414.3209 lsst_hardware_g -16.7589900981163 13.130000114440918 31.34000015258789 AB 8.298493478355573 1.1989876797335124
62416.3068 lsst_hardware_r -10.968409756985002 22.190000534057617 31.459999084472656 AB 5.501737086756163 1.1770939423956222
62416.3178 lsst_hardware_i -9.607719347265363 31.059999465942383 31.219999313354492 AB 5.529762482552426 1.205441610787696
62418.2704 lsst_hardware_i -15.68772584633719 30.65999984741211 31.239999771118164 AB 2.89057530038224 1.118715848693423
