data/validation/pwv_sim_epoch_fit_4/2391323.ecsv
# %ECSV 0.9
# ---
# datatype:
# - {name: time, datatype: float64}
# - {name: band, datatype: string}
# - {name: flux, datatype: float64}
# - {name: fluxerr, datatype: float64}
# - {name: zp, datatype: float64}
# - {name: zpsys, datatype: string}
# - {name: pwv, datatype: float64}
# - {name: airmass, datatype: float64}
# meta: {SNID: '2391323', alt: 1024.0, c: -0.04738258197903633, dec: -27.279613, lat: -30.244573, lon: -70.7499537, ra: 58.183594, t0: 60173.07421875,
#   x0: 7.913892204988499e-06, x1: 0.7819316983222961, z: 0.5071563124656677}
# schema: astropy-2.0
time band flux fluxerr zp zpsys pwv airmass
60164.359 lsst_hardware_r 2682.083024246047 94.49823708185828 31.59000015258789 AB 3.156122931595264 1.2672647787978522
60164.3761 lsst_hardware_z 1236.2101220820693 108.6654280285242 30.979999542236328 AB 1.661605367924687 1.1868609770890621
60165.3581 lsst_hardware_g 1589.4992417579465 92.47155540078923 31.649999618530273 AB 6.223825109901718 1.2576348182874852
60165.3769 lsst_hardware_i 1988.2496570012318 95.224256546756 31.31999969482422 AB 4.637658962831849 1.1727054019298337
60168.3682 lsst_hardware_z 1734.3008005859576 111.03369178736045 30.989999771118164 AB 3.6576332611670512 1.174702899421988
60168.3871 lsst_hardware_r 3222.668301503592 99.2317980516455 31.639999389648438 AB 3.3203794083838507 1.1103400557504866
60176.3352 lsst_hardware_r 3022.0534383418067 97.20750927577596 31.610000610351562 AB 3.257282476151812 1.2225506603847662
60176.3524 lsst_hardware_u 30.722514983671957 27.17162152528503 29.399999618530273 AB 3.0609132222648094 1.1520185255042565
60178.349 lsst_hardware_r 2755.479068178493 96.63294952898929 31.6299991607666 AB 2.188868717001573 1.144755920855349
60178.3662 lsst_hardware_i 2144.197613796818 96.86672750383713 31.329999923706055 AB 2.07920268324215 1.0926399036087497
60179.3363 lsst_hardware_i 1887.3898243744568 95.81893706660536 31.309999465942383 AB 2.3753598728320604 1.1821631749330095
60179.3536 lsst_hardware_z 1715.5663807731014 110.58549231959962 30.989999771118164 AB 2.24309047885046 1.1207513738687398
60181.3437 lsst_hardware_r 2532.183453884221 95.130261848378 31.6299991607666 AB 2.200394764184567 1.1349553909398153
60181.3623 lsst_hardware_u 10.45855893190386 27.85969907443781 29.469999313354492 AB 2.0949353250621034 1.0818152982505054
60183.3307 lsst_hardware_z 1489.4072116547106 109.5561179398674 30.989999771118164 AB 3.5003291728991517 1.1614851806987563
60183.348 lsst_hardware_i 1846.573189320383 95.54586370914285 31.31999969482422 AB 2.9962766855097382 1.1050255155853728
60185.3274 lsst_hardware_z 1794.9496678186426 109.14966584799785 30.989999771118164 AB 8.062536966851628 1.15356253773318
60185.3458 lsst_hardware_r 2233.163152189496 93.5962296813358 31.639999389648438 AB 7.683156756834047 1.096054127321246
60193.2734 lsst_hardware_i 2734.668189676518 129.67039674396054 32.040000915527344 AB 1.1296228129391674 1.3032856220815314
60193.2887 lsst_hardware_z 1839.9937690091663 152.1070677507293 31.729999542236328 AB 1.0520569211997115 1.2229664878810944
60204.2595 lsst_hardware_i 805.6296309848561 90.01852109765402 31.299999237060547 AB 2.4097821363481486 1.2191140656060824
60204.277 lsst_hardware_r 859.7563341393769 84.73707724137067 31.6200008392334 AB 2.269457939326698 1.1483173921369698
60208.2381 lsst_hardware_z 577.6323946249987 105.35039970605943 30.969999313354492 AB 4.194474897407695 1.2714382835427993
60208.2547 lsst_hardware_u 33.82739417436649 26.389401282903588 29.350000381469727 AB 4.628621109435897 1.1921754306338435
60210.2449 lsst_hardware_g 139.99701573444858 86.48777818309021 31.670000076293945 AB 2.395190300517627 1.211017258203907
60210.2611 lsst_hardware_r 408.6147026660211 83.79440112249243 31.6299991607666 AB 1.95557670112874 1.1466295521130108
60212.2468 lsst_hardware_i 474.98030369370207 87.85511964660918 31.309999465942383 AB 7.072073101562207 1.1797766980210265
60212.2625 lsst_hardware_z 628.7693674759306 106.33547024572258 30.989999771118164 AB 6.518544055882725 1.1238869061866767
60214.231 lsst_hardware_i 561.5080914486543 87.2889311109679 31.299999237060547 AB 4.101077413789055 1.2246896517388697
60214.2485 lsst_hardware_z 581.6758995883238 106.0696394681373 30.989999771118164 AB 3.861153078036918 1.1525830083693718
60217.1764 lsst_hardware_i 493.16360744019727 84.72541369807557 31.25 AB 6.517563751520842 1.542010351306155
60217.1961 lsst_hardware_r 307.24511626401835 80.03997702157598 31.579999923706055 AB 5.794901855953341 1.3791638855127841
60225.2007 lsst_hardware_r 130.88197306501587 81.51034203625602 31.600000381469727 AB 4.985536461485936 1.2259515888899843
60225.22 lsst_hardware_i 308.68964315904583 87.7379601468863 31.309999465942383 AB 3.5714534830392664 1.1471477996917945
60228.2044 lsst_hardware_z 345.47292527880455 106.0373020808217 30.979999542236328 AB 4.569519729665613 1.1746837351325483
60228.2241 lsst_hardware_i 272.0328679307435 87.52070095789598 31.31999969482422 AB 3.9888305995393285 1.1080084998720356
60234.1595 lsst_hardware_r 80.39199807581598 79.76409667733505 31.59000015258789 AB 8.41608974875368 1.3150140232427625
60234.1779 lsst_hardware_i 165.1158828219352 85.68670932563136 31.299999237060547 AB 7.940514636852327 1.2177147046931054
60237.1643 lsst_hardware_u 22.729829760421712 25.938978042716595 29.309999465942383 AB 4.151453357675852 1.2435706513257667
60237.1843 lsst_hardware_g -42.56781080290627 86.77459609124456 31.68000030517578 AB 2.5404502154519237 1.1576881701831598
60239.187 lsst_hardware_r 207.37901750310317 81.48297133760235 31.6299991607666 AB 3.122128190422916 1.1295688098488477
60239.2058 lsst_hardware_g 187.10110698841993 87.57296598202157 31.719999313354492 AB 3.099147346603999 1.077402171598585
60241.1842 lsst_hardware_r 201.94429523228914 81.64202018017441 31.639999389648438 AB 2.44095483805064 1.1211612208767427
60241.2031 lsst_hardware_i 335.02145845143656 86.94007544869562 31.34000015258789 AB 2.3423510442064006 1.0710746686917199
60243.1844 lsst_hardware_z 310.4699471773447 105.88404927664983 31.0 AB 1.4122100533531006 1.1044395620592549
60243.2034 lsst_hardware_i 279.3194907652887 88.03480524249588 31.34000015258789 AB 1.2808879281633485 1.0588767661862897
60249.1966 lsst_hardware_z 9.336064895798213 148.1999969482422 31.75 AB 4.59662550541192 1.0414527993532028
60251.172 lsst_hardware_r 27.170671784525663 81.70999908447266 31.639999389648438 AB 4.0386827318486205 1.0798616930076526
60251.1892 lsst_hardware_g 36.41591017908647 88.44999694824219 31.729999542236328 AB 3.918671986525406 1.0447006095775542
60261.1305 lsst_hardware_u -48.4768607503304 27.440000534057617 29.43000030517578 AB 5.591897791081165 1.118379558216233
60261.1495 lsst_hardware_r 150.56332327531902 81.91000366210938 31.649999618530273 AB 5.344237350968347 1.0688474701936694
60263.1138 lsst_hardware_g -106.07384698053446 86.5 31.68000030517578 AB 4.854800080189054 1.1559047809973937
60263.1317 lsst_hardware_i -108.46843379647356 86.16999816894531 31.31999969482422 AB 4.588411289355111 1.0991523031153698
60265.1168 lsst_hardware_z 196.59657258005447 104.44999694824219 30.989999771118164 AB 3.493827123136376 1.127041007463347
60265.1347 lsst_hardware_r -158.7119206935696 81.01000213623047 31.649999618530273 AB 2.9220904853987117 1.077665677816355
60268.1026 lsst_hardware_g 72.12142173407507 86.2300033569336 31.690000534057617 AB 6.609826527135105 1.14714101477527
60268.1196 lsst_hardware_r 7.8893659487903225 80.69999694824219 31.639999389648438 AB 6.323280342534427 1.0949719199747525
60270.0998 lsst_hardware_i -35.78128651291271 85.76000213623047 31.309999465942383 AB 4.372591566917353 1.1380042249286688
60270.1151 lsst_hardware_z -63.096249003435744 104.33999633789062 30.989999771118164 AB 4.1927803106257455 1.0924388511270833
60274.1038 lsst_hardware_r 182.46840646599145 81.61000061035156 31.639999389648438 AB 3.8798586550637584 1.0934312790223553
60274.1209 lsst_hardware_i -21.737795712382724 86.58000183105469 31.34000015258789 AB 3.803439649949677 1.054679972256561
60276.1273 lsst_hardware_i 14.391507973021135 86.6500015258789 31.34000015258789 AB 4.342574034881988 1.0345620095012393
60276.1461 lsst_hardware_z 209.57179663831724 105.01000213623047 31.010000228881836 AB 4.346166320937476 1.0127972784006878
60278.1295 lsst_hardware_r -34.63318330099052 81.30000305175781 31.65999984741211 AB 5.35786092823344 1.0242517545848062
60278.1477 lsst_hardware_u 29.81387659310933 28.760000228881836 29.549999237060547 AB 5.313438875626475 1.0076212725789198
60282.0262 lsst_hardware_z -31.13788245800777 102.76000213623047 30.959999084472656 AB 5.819654615894259 1.3288399625286582
60282.0474 lsst_hardware_r -75.31037062161117 80.3499984741211 31.600000381469727 AB 4.227787423161142 1.2151724330044
60284.0283 lsst_hardware_y 39.5186106221806 107.52999877929688 30.0 AB 4.120774954489549 1.2840638653305056
60284.0507 lsst_hardware_z 64.36033181512518 102.8499984741211 30.989999771118164 AB 3.8555128146149635 1.1778552386807424
60286.031 lsst_hardware_y 46.403211201495054 109.6500015258789 30.010000228881836 AB 4.59557134032764 1.2411517843878141
60286.0524 lsst_hardware_u 11.066187199005743 27.329999923706055 29.420000076293945 AB 3.4117249134038685 1.1508601495709745
60287.0306 lsst_hardware_y -34.659257733139995 108.29000091552734 30.020000457763672 AB 6.1413937635458655 1.2298365456671199
60287.0508 lsst_hardware_i -218.63795012035737 84.77999877929688 31.31999969482422 AB 6.1848573052643205 1.146866020693696
60290.0332 lsst_hardware_y -34.284156952895735 109.9800033569336 30.030000686645508 AB 15.742471275551086 1.1823406225378936
60290.0546 lsst_hardware_r 140.28602569014336 81.51000213623047 31.639999389648438 AB 15.062792645761796 1.1086383900315966
60295.0366 lsst_hardware_z 81.79457787435781 55.79999923706055 30.969999313354492 AB 11.346262584660797 1.1216524781356443
60295.0562 lsst_hardware_i -42.65871492850596 30.6299991607666 31.25 AB 11.683435516196598 1.069870855006747
60297.0379 lsst_hardware_y 35.955510925948836 57.11000061035156 30.030000686645508 AB 4.039220246364363 1.1018058500719876
60297.0576 lsst_hardware_r -46.186700460782696 27.90999984741211 31.540000915527344 AB 4.31124053271549 1.0556416583536103
60301.0414 lsst_hardware_y -45.065763590045556 58.869998931884766 30.049999237060547 AB 5.831181751882347 1.066419486445441
60301.063 lsst_hardware_r -24.009750724490367 65.02999877929688 31.649999618530273 AB 5.035029970289658 1.028974601806522
60303.0429 lsst_hardware_y -38.57471609300698 57.810001373291016 30.059999465942383 AB 7.506658892107498 1.0524337169980889
60303.0633 lsst_hardware_z -108.58661918606268 59.22999954223633 30.989999771118164 AB 7.342452002826776 1.0218191774588452
60304.0423 lsst_hardware_y -1.6526765553418223 61.040000915527344 30.059999465942383 AB 9.967842343124882 1.0485291477542587
60304.0628 lsst_hardware_z 25.155698308379662 60.790000915527344 30.989999771118164 AB 9.646873133000108 1.0193499546164109
60530.3303 lsst_hardware_r -8.51541097702428 23.530000686645508 31.420000076293945 AB 6.5402924949999175 1.4428441941354722
60530.3469 lsst_hardware_i 54.86704325002628 32.189998626708984 31.209999084472656 AB 6.507877592868128 1.3252533789440932
60534.3557 lsst_hardware_z 135.1587595067203 43.27000045776367 30.940000534057617 AB 5.6974602928471985 1.219316655624365
60534.3731 lsst_hardware_r 37.98871498835912 22.6299991607666 31.479999542236328 AB 5.344907973780146 1.1488249271961626
60540.3532 lsst_hardware_z -85.24698395265582 55.150001525878906 30.959999084472656 AB 2.7379054520173756 1.1616060466768672
60540.3732 lsst_hardware_r -29.87549593156872 67.94000244140625 31.639999389648438 AB 2.588253683666129 1.097647872631946
60542.3359 lsst_hardware_r 99.21455979390561 85.05999755859375 31.610000610351562 AB 2.2183263534964506 1.2100511951435027
60542.3532 lsst_hardware_z -53.107559204966044 60.2599983215332 30.969999313354492 AB 2.1208310029134427 1.1420737764746596
60547.3511 lsst_hardware_r 7.229343756509542 44.04999923706055 31.600000381469727 AB 2.746414774714736 1.1059388354555983
60547.3753 lsst_hardware_y -28.845352527582996 48.779998779296875 30.049999237060547 AB 2.237704962793265 1.0499495426595964
60548.331 lsst_hardware_r 100.56884717081027 34.61000061035156 31.559999465942383 AB 3.5030051621392726 1.1629519710527103
60548.3488 lsst_hardware_i -6.366186181988958 36.540000915527344 31.270000457763672 AB 3.0033666832728674 1.1047204573097844
60550.334 lsst_hardware_z -17.176663100425078 42.38999938964844 30.940000534057617 AB 7.97384812845031 1.1332122686634087
60550.3515 lsst_hardware_r -35.39933191683725 23.56999969482422 31.5 AB 7.619128497176953 1.083211406370678
60554.3337 lsst_hardware_u -4.840262532988312 2.6600000858306885 28.40999984741211 AB 2.3572758900383857 1.1011448744778165
60554.3506 lsst_hardware_r 35.81510282012105 22.1299991607666 31.489999771118164 AB 2.254856205886931 1.0607344259141154
60558.3142 lsst_hardware_z 10.640846544014288 42.04999923706055 30.940000534057617 AB 0.7886306080614547 1.1266151543735068
60558.3307 lsst_hardware_r 6.5320151151001715 22.040000915527344 31.479999542236328 AB 0.7564773499611587 1.080681928515941
60560.3316 lsst_hardware_u -2.5250934202999886 2.609999895095825 28.399999618530273 AB 2.985393925507565 1.0662121162527018
60560.3494 lsst_hardware_g 6.426172635097412 13.109999656677246 31.399999618530273 AB 3.0832370798210427 1.0341805947521387
60569.252 lsst_hardware_z -58.9076399549757 56.540000915527344 30.950000762939453 AB 2.488799557125241 1.2593015131347145
60569.2677 lsst_hardware_r 63.95534387558607 70.0999984741211 31.610000610351562 AB 2.362634208205897 1.1864087750961307
60572.2425 lsst_hardware_i 83.9304959075598 75.44999694824219 31.290000915527344 AB 7.344803773677401 1.2661999379974833
60572.2594 lsst_hardware_z 3.5094688750375953 66.0999984741211 30.969999313354492 AB 8.189338000121005 1.1868605797276817
60579.2413 lsst_hardware_i -28.03123522464984 31.200000762939453 31.219999313354492 AB 3.948736401463905 1.1827285547517157
60579.2574 lsst_hardware_r -29.491324829922885 22.170000076293945 31.459999084472656 AB 4.2996713580664805 1.1249303688308936
60581.2019 lsst_hardware_i -20.597638426864787 32.459999084472656 31.200000762939453 AB 5.466331414510798 1.3627218085036061
60581.2214 lsst_hardware_z -56.179700177531636 43.56999969482422 30.93000030517578 AB 5.7767251383500025 1.2482120005078072
60583.1993 lsst_hardware_r 3.7509388723689345 23.15999984741211 31.420000076293945 AB 6.385038922674061 1.343723664476136
60583.2204 lsst_hardware_g -10.366668893065448 13.289999961853027 31.329999923706055 AB 5.170870194385144 1.2264387542519217
60585.1999 lsst_hardware_r 13.70495824576645 23.1299991607666 31.440000534057617 AB 3.7167744983147157 1.3061173122809566
60585.2199 lsst_hardware_i 31.51084596805158 31.549999237060547 31.229999542236328 AB 3.9327955944398156 1.2038863073206751
60587.2079 lsst_hardware_z 60.85994683800495 44.029998779296875 30.93000030517578 AB 7.726784571936325 1.2339820982595233
60587.2281 lsst_hardware_i 16.80038446416065 31.079999923706055 31.229999542236328 AB 7.680911492097655 1.149908775561908
60591.184 lsst_hardware_i -38.751164694549765 32.209999084472656 31.219999313354492 AB 4.205679367107776 1.3032783907989822
60591.2049 lsst_hardware_r 32.55695681155995 22.739999771118164 31.479999542236328 AB 3.9047645233582986 1.1979030136082316
60593.2082 lsst_hardware_z -139.98470771501312 61.4900016784668 31.700000762939453 AB 4.5006093283246305 1.1627478457606932
60595.1834 lsst_hardware_z -35.886541452714354 47.45000076293945 30.93000030517578 AB 8.037508655119495 1.2470921109572528
60595.2032 lsst_hardware_r -42.2944257752453 38.220001220703125 31.56999969482422 AB 7.579191078355809 1.1610280450914905
60597.2054 lsst_hardware_i -14.915953551845837 48.36000061035156 31.299999237060547 AB 7.44607947541595 1.1341510167675408
60597.2248 lsst_hardware_z 51.4933264670091 49.47999954223633 30.959999084472656 AB 6.890999667223356 1.07930453177777
60598.2009 lsst_hardware_i 2.659699128154611 56.11000061035156 31.299999237060547 AB 8.639974313425222 1.1400764425407974
60598.2196 lsst_hardware_z 0.21117228408830918 53.75 30.969999313354492 AB 7.746778712644002 1.0853250271646302
60600.1992 lsst_hardware_z -70.13679839402926 69.5 30.979999542236328 AB 6.598823371462885 1.127682717994187
60600.2176 lsst_hardware_r -4.436580728729787 99.80000305175781 31.649999618530273 AB 5.393791838905735 1.0769634287332583
60602.2001 lsst_hardware_i 48.49953470219968 68.62999725341797 31.31999969482422 AB 2.409562934184855 1.1083546155404118
