data/validation/pwv_sim_epoch_fit_4/23964308.ecsv
# %ECSV 0.9
# ---
# datatype:
# - {name: time, datatype: float64}
# - {name: band, datatype: string}
# - {name: flux, datatype: float64}
# - {name: fluxerr, datatype: float64}
# - {name: zp, datatype: float64}
# - {name: zpsys, datatype: string}
# - {name: pwv, datatype: float64}
# - {name: airmass, datatype: float64}
# meta: {SNID: '23964308', alt: 1024.0, c: -0.11543864011764526, dec: -17.270004, lat: -30.244573, lon: -70.7499537, ra: 54.316406, t0: 61700.16015625,
#   x0: 3.5708704454434597e-06, x1: -0.927893340587616, z: 0.7034557461738586}
# schema: astropy-2.0
time band flux fluxerr zp zpsys pwv airmass
61648.3832 lsst_hardware_r 14.002969711533597 22.200000762939453 31.489999771118164 AB 4.997322935256817 1.0353569617244787
61648.3999 lsst_hardware_y 111.9751755036702 46.900001525878906 30.049999237060547 AB 4.9744762670185585 1.0271653652967856
61650.4121 lsst_hardware_z 8.965757146766492 46.790000915527344 30.959999084472656 AB 2.2175944678460913 1.0290461567731282
61652.3796 lsst_hardware_r 20.068775848344888 22.260000228881836 31.489999771118164 AB 2.405068399882012 1.0305595714545313
61652.3986 lsst_hardware_y 7.657276570422457 47.20000076293945 30.049999237060547 AB 2.4503256107754323 1.026852010801648
61654.3805 lsst_hardware_g -9.450618159144007 13.460000038146973 31.40999984741211 AB 0.7341088973346587 1.0279237768980052
61654.3999 lsst_hardware_y 41.32292622906959 47.099998474121094 30.049999237060547 AB 0.7434677487777578 1.0285465742832711
61656.3753 lsst_hardware_i 31.47892241537847 30.040000915527344 31.25 AB 2.3100839531170134 1.0278460303079036
61656.3939 lsst_hardware_z 53.471311578262515 40.959999084472656 30.950000762939453 AB 2.3096808807549505 1.0283530190360421
61681.3237 lsst_hardware_z 147.98842817604518 42.810295894926476 30.950000762939453 AB 3.3130846891308177 1.0277379864950604
61681.3415 lsst_hardware_r 304.96624307119777 27.657680998782006 31.489999771118164 AB 3.0111180212011313 1.0383165590348729
61685.2955 lsst_hardware_g 265.4110218094507 20.52002285339374 31.40999984741211 AB 4.881800877736923 1.0280361247515633
61685.3129 lsst_hardware_r 558.9417905836634 32.63906511162012 31.489999771118164 AB 4.79763889668652 1.0277718287676458
61687.2961 lsst_hardware_i 1386.5766633250803 56.644898910603125 32.0099983215332 AB 2.7740382486689183 1.026756083526943
61687.3138 lsst_hardware_z 840.4970118427154 64.62857869653898 31.700000762939453 AB 2.7924398681483558 1.0302938881373445
61691.2973 lsst_hardware_z 591.3598010872637 59.862604244585604 30.979999542236328 AB 5.449283129687178 1.028004992237795
61691.3146 lsst_hardware_i 972.477654252896 64.78085111631106 31.31999969482422 AB 5.464780578849357 1.0386848332334249
61693.2421 lsst_hardware_z 653.5780090916346 72.8424888174113 30.989999771118164 AB 6.707751503044032 1.0558399973310986
61693.2617 lsst_hardware_r 1253.462620703491 105.29969021482242 31.65999984741211 AB 6.512784151056867 1.034322522666522
61695.2919 lsst_hardware_y 667.9281322823934 80.94505891511118 30.81999969482422 AB 5.568571278093097 1.0302629561689356
61697.2843 lsst_hardware_r 1375.7466341076536 75.37818082731074 31.649999618530273 AB 3.7461664079204615 1.0292608502391596
61697.3018 lsst_hardware_i 1242.8890145583757 66.87086636706624 31.31999969482422 AB 3.9605049999407917 1.0422381578791557
61701.2759 lsst_hardware_z 742.3747350091642 49.467771807871436 30.950000762939453 AB 3.7014892508637023 1.0304575109700598
61701.2933 lsst_hardware_r 1162.6789590967112 42.746221697878795 31.540000915527344 AB 3.251497566193101 1.0449096380472163
61704.2566 lsst_hardware_r 984.0123729362967 38.67049838675441 31.510000228881836 AB 1.4375813898369851 1.0268438498835608
61704.2726 lsst_hardware_u -0.2624622877164911 2.959653465560942 28.549999237060547 AB 1.446785358029143 1.0334181128779594
61706.2565 lsst_hardware_g 174.56392676107006 18.42284270394352 31.420000076293945 AB 2.3149134474664725 1.0280508260093137
61706.2734 lsst_hardware_i 1081.9348978859928 44.661597197046845 31.25 AB 2.353916932590286 1.0384545859006444
61710.1288 lsst_hardware_r 1463.8403511774366 49.95722506119177 32.209999084472656 AB 5.822872021935731 1.2631872200308911
61710.1581 lsst_hardware_u -2.5548086122501856 2.6795447097980407 28.360000610351562 AB 5.280649099345112 1.1419059916050915
61721.21 lsst_hardware_r 288.7159399159209 91.41149996778478 31.65999984741211 AB 6.985773500063535 1.0268162910431458
61721.227 lsst_hardware_i 588.0010478933171 75.19804502307052 31.329999923706055 AB 7.153488607607098 1.0339901625065238
61723.205 lsst_hardware_z 383.3085322342145 74.63306964887875 31.0 AB 4.108194523821592 1.0268774847078934
61723.2201 lsst_hardware_r 126.0189034414939 108.60140862811564 31.65999984741211 AB 7.420988970484623 1.0329884424393962
61725.2177 lsst_hardware_z 833.8601187203136 88.66380400754706 31.739999771118164 AB 7.8644569534653375 1.0352056013512356
61727.2137 lsst_hardware_r 134.3575754185895 51.52758401008876 31.6299991607666 AB 4.726161248119328 1.0363820510102844
61727.2337 lsst_hardware_z 390.419784164728 51.853907209853645 30.959999084472656 AB 4.834972555490806 1.0604754193104424
61730.1911 lsst_hardware_i 241.5482610291945 34.46124341480599 31.25 AB 3.282594783866927 1.028086582445599
61730.2103 lsst_hardware_r 201.57566996916648 25.91991766534763 31.489999771118164 AB 3.4065759236258852 1.0407849653362178
61733.1893 lsst_hardware_u 5.144965435609281 3.111493130118127 28.510000228881836 AB 8.016659394670256 1.0308606165457919
61733.2087 lsst_hardware_g 81.31284271452206 16.59814799883542 31.43000030517578 AB 8.006637890320839 1.0482293575520045
61735.1797 lsst_hardware_r 109.82108506954621 24.967042260875328 31.5 AB 4.747344734203782 1.0289000290861197
61735.1988 lsst_hardware_i 182.01804287231354 33.61700608603244 31.25 AB 4.836904071735723 1.0430356681431259
61737.1841 lsst_hardware_z 99.88194017260818 43.23571463596354 30.940000534057617 AB 3.3600917659920198 1.0345640989352962
61737.2038 lsst_hardware_r 112.93035206895763 24.562117598570776 31.479999542236328 AB 3.4522145512490243 1.0564769615165839
61739.1773 lsst_hardware_u -2.7149909868880653 2.8512997376521323 28.489999771118164 AB 4.632560280480402 1.033592208942526
61739.1963 lsst_hardware_g 35.19049528097576 14.465467217885047 31.40999984741211 AB 4.677651984829336 1.053525221808409
61743.1574 lsst_hardware_i 121.64299170799818 32.497516121092794 31.25 AB 3.3033016773411505 1.0287187638671738
61743.1763 lsst_hardware_r 56.39851104939732 23.963222669732286 31.489999771118164 AB 3.827777159247899 1.0423283541564339
61747.1631 lsst_hardware_r 73.25444099834567 46.390723833559804 31.6200008392334 AB 3.8480133277778275 1.0400036021021155
61747.1826 lsst_hardware_i 109.1130784886324 44.422225628514596 31.299999237060547 AB 4.753568862170118 1.0663007766195125
61749.135 lsst_hardware_z 189.09443691471813 56.716706257359576 30.979999542236328 AB 7.602754332815912 1.0270291335756365
61749.1496 lsst_hardware_r 33.524262725729564 68.80483625274937 31.649999618530273 AB 7.699919651961434 1.033315095320255
61751.1561 lsst_hardware_z 172.30542250661688 94.95536261785783 31.739999771118164 AB 12.23389150449665 1.0441220888171647
61753.1463 lsst_hardware_r 139.53466824391572 93.80478266537891 31.65999984741211 AB 7.412328226785275 1.039597226758103
61753.1641 lsst_hardware_z 186.53921142020255 66.62824904613895 30.989999771118164 AB 7.568162162223894 1.062720236217636
61755.1482 lsst_hardware_r 101.88558715225382 59.31879370867608 31.639999389648438 AB 10.68084310053545 1.0476877860775557
61755.1652 lsst_hardware_y 78.92250341789578 50.933496972781185 30.049999237060547 AB 10.95085376976136 1.0744152799367377
61757.0851 lsst_hardware_u 3.3270609353155014 3.650426106056123 28.450000762939453 AB 4.053199766430497 1.035740996532495
61757.1042 lsst_hardware_g 56.87568394622372 15.821099409569003 31.420000076293945 AB 3.9584493171204516 1.0268351017173676
61759.0921 lsst_hardware_r 91.11679272941807 23.404077810454115 31.489999771118164 AB 3.4287027555255003 1.0284822663741937
61759.1134 lsst_hardware_i 40.28708195089331 31.317219792103693 31.25 AB 3.3862255791752496 1.0285965561345807
61765.0866 lsst_hardware_r 90.34520206147262 23.37450177633047 31.489999771118164 AB 7.761793244336527 1.0265790690183878
61765.1132 lsst_hardware_z 14.969278108188911 41.9553785617147 30.950000762939453 AB 7.829205809334977 1.0392751074337752
61767.0798 lsst_hardware_r 133.4158866955023 32.93514564372459 32.25 AB 6.393613342668383 1.026591737743936
61767.1062 lsst_hardware_u 11.678430850733287 4.478447145547743 29.270000457763672 AB 5.585391893468381 1.0378554153240278
61769.0565 lsst_hardware_z 78.24227802073395 42.05041078046184 30.950000762939453 AB 8.685264715051149 1.0326999453109182
61769.0827 lsst_hardware_g 18.7100563864917 15.125072965677166 31.43000030517578 AB 8.747230193572005 1.0275244708812892
61771.0544 lsst_hardware_y -33.60442615536405 47.964944780397765 30.049999237060547 AB 7.102438398052225 1.0306982249128889
61771.0793 lsst_hardware_i 107.1796729067237 31.22658674293065 31.25 AB 7.086517735966846 1.0281259886019025
61775.0521 lsst_hardware_y 24.53580613643745 49.16461233806786 30.049999237060547 AB 10.917400705455309 1.0273750252157634
61775.0731 lsst_hardware_g -8.598834800321155 30.216138022624786 31.649999618530273 AB 10.874878899987664 1.0300619370104347
61777.0368 lsst_hardware_y 22.548138346496216 74.14563635652027 30.079999923706055 AB 10.083670918676093 1.0313753571261637
61777.0587 lsst_hardware_z 11.29057200362172 49.6213021308507 30.969999313354492 AB 9.985247571336808 1.0270511014772103
61779.047 lsst_hardware_y 8.777055330021756 90.58998969225564 30.81999969482422 AB 8.661002837065901 1.0265906167995933
61781.0379 lsst_hardware_z 263.16932792386496 108.40897029721711 31.75 AB 6.897460648418973 1.0269427005760405
61781.0602 lsst_hardware_r 63.18950324103996 119.26737036395605 32.40999984741211 AB 6.398342525874 1.0319907299796773
62014.3848 lsst_hardware_i 24.606541370565303 30.020000457763672 31.25 AB 0.7654374134949993 1.0327466788778943
62014.4022 lsst_hardware_y -11.25042450007796 46.939998626708984 30.059999465942383 AB 0.6339501570606888 1.0266399304626541
62019.3324 lsst_hardware_z -47.898957275915905 61.709999084472656 30.979999542236328 AB 0.7605450799411788 1.0864929713445413
62019.3518 lsst_hardware_y 3.810758532361702 53.2599983215332 30.049999237060547 AB 0.9308092194301882 1.0522572428791577
62022.3931 lsst_hardware_y -61.35333622910078 74.37999725341797 30.809999465942383 AB 3.6796744160129946 1.028823900653695
62028.2971 lsst_hardware_g 12.302319402601121 13.630000114440918 31.399999618530273 AB 1.987445495292523 1.1125318814904266
62028.3146 lsst_hardware_r -23.699912070226528 22.520000457763672 31.489999771118164 AB 1.9178195614180515 1.0727560125398135
62029.3499 lsst_hardware_i 57.48293581242502 30.030000686645508 31.25 AB 4.255898829198632 1.0294246427280962
62029.3683 lsst_hardware_z -45.45346542099542 40.70000076293945 30.950000762939453 AB 4.223401971731391 1.027154367783068
62032.3516 lsst_hardware_z 10.877108873025264 40.7400016784668 30.950000762939453 AB 5.178233931279027 1.0267483009806397
62032.3709 lsst_hardware_r -3.9675803413543376 22.280000686645508 31.5 AB 5.491572757401567 1.0312812689960003
62034.3412 lsst_hardware_u 1.016815082088966 2.7200000286102295 28.5 AB 2.414488177505432 1.0276604288169535
62034.3609 lsst_hardware_g -2.9396683825446157 13.420000076293945 31.420000076293945 AB 2.4702335195209493 1.0290495811376585
62036.3482 lsst_hardware_r 36.253433144957135 22.030000686645508 31.489999771118164 AB 1.8198054690369259 1.0269782556640594
62036.3675 lsst_hardware_z -19.752078988260863 40.7599983215332 30.950000762939453 AB 1.8651586299316838 1.0365831585392833
62038.3267 lsst_hardware_r -8.8201048721753 22.020000457763672 31.479999542236328 AB 6.27529973086982 1.028850103432586
62038.3464 lsst_hardware_u 1.795578314849285 2.609999895095825 28.399999618530273 AB 6.1338968914309495 1.027797736499931
62040.3243 lsst_hardware_g -3.654888188243039 13.350000381469727 31.399999618530273 AB 4.4360921813378145 1.0278050349671288
62040.3448 lsst_hardware_r -59.836540182323375 21.950000762939453 31.479999542236328 AB 5.111525676073331 1.029166243504869
62042.28 lsst_hardware_i 52.95042821932687 38.25 31.270000457763672 AB 4.7993791183584165 1.0662127780713306
62042.298 lsst_hardware_z -0.748187024134949 43.77000045776367 30.950000762939453 AB 6.186584939812718 1.0414687832687115
62045.3268 lsst_hardware_r 35.45845031723379 62.689998626708984 31.649999618530273 AB 3.272672157069408 1.0276610201448169
62045.3466 lsst_hardware_z -60.1420824812953 50.65999984741211 30.969999313354492 AB 2.5713526867934005 1.0399107657561217
62047.3103 lsst_hardware_z -65.58267348468402 92.29000091552734 31.739999771118164 AB 2.6894036960681214 1.0267838870166803
62049.3011 lsst_hardware_r -30.138082618007964 98.5199966430664 31.65999984741211 AB 5.858557530756042 1.027441583764304
62049.3194 lsst_hardware_z 66.36027860018729 68.1500015258789 30.989999771118164 AB 5.870491596693522 1.0288278297745392
62051.297 lsst_hardware_r 92.70248256846759 73.41999816894531 31.65999984741211 AB 3.7798969827673887 1.0271459192302688
62051.3145 lsst_hardware_y 1.7254445337995845 52.119998931884766 30.059999465942383 AB 3.7910317775565185 1.029053142659207
62053.2942 lsst_hardware_g -74.75407662303913 50.040000915527344 31.729999542236328 AB 2.8487265513450697 1.026753127174329
62053.3118 lsst_hardware_r 65.2200410244539 51.61000061035156 31.639999389648438 AB 2.8683380563013765 1.0303246827197234
62056.283 lsst_hardware_i -18.211684004141773 31.649999618530273 31.260000228881836 AB 5.739221997025302 1.0272151055141787
62056.3031 lsst_hardware_z 86.28732575226066 41.810001373291016 30.950000762939453 AB 5.480399475197767 1.0300696014155095
62058.2803 lsst_hardware_r 18.96021894463606 22.40999984741211 31.489999771118164 AB 6.462205176541915 1.0267790651779962
62058.2986 lsst_hardware_u 0.6313232612352713 2.680000066757202 28.440000534057617 AB 5.782457399568573 1.030557369375895
62061.2364 lsst_hardware_z 20.900190451877645 58.16999816894531 31.700000762939453 AB 5.227739259043431 1.0532718453411882
62061.2616 lsst_hardware_r -53.06760927469896 31.639999389648438 32.25 AB 5.276442558313186 1.0298511873354517
62068.2371 lsst_hardware_g -7.3694681910771775 13.6899995803833 31.420000076293945 AB 4.598228775426968 1.032922974637378
62068.2541 lsst_hardware_r -4.870025015291015 22.420000076293945 31.5 AB 3.9013720990893503 1.026676868181408
62069.2574 lsst_hardware_i 48.228579847478656 30.309999465942383 31.260000228881836 AB 1.4376178264762962 1.0268698760544974
62069.2746 lsst_hardware_z -34.63092869391145 41.029998779296875 30.950000762939453 AB 1.4481119780371863 1.0343656985979903
62076.2004 lsst_hardware_z -64.05737815382017 98.20999908447266 31.739999771118164 AB 3.7156477375491437 1.0468087723760582
62078.2334 lsst_hardware_r 74.15313251753982 102.75 31.670000076293945 AB 5.700864863477621 1.0269515628870753
62078.2518 lsst_hardware_z 141.65833555070685 71.83000183105469 31.0 AB 5.258485695365663 1.0357296404495355
62082.2271 lsst_hardware_g -97.22024060613882 49.52000045776367 31.719999313354492 AB 4.9094115806386185 1.0280413738118324
62082.2455 lsst_hardware_r -0.8582526814685145 50.59000015258789 31.6299991607666 AB 4.977813471413253 1.0398245597074895
62084.232 lsst_hardware_i 89.94540262377328 34.209999084472656 31.280000686645508 AB 9.309773643120982 1.0331947665493841
62084.2499 lsst_hardware_z -67.06797423374286 43.36000061035156 30.959999084472656 AB 9.517981901612474 1.0512073668165307
62087.2062 lsst_hardware_z -38.63920304232871 40.68000030517578 30.950000762939453 AB 4.328652524675975 1.0266593595436642
62087.2235 lsst_hardware_r 5.177207591943083 22.459999084472656 31.489999771118164 AB 6.908091298735884 1.0329856147642282
62092.217 lsst_hardware_r 5.074843132394398 22.479999542236328 31.479999542236328 AB 4.745760172814102 1.0386868401870049
62092.237 lsst_hardware_z 47.76736270770556 41.36000061035156 30.940000534057617 AB 4.863890918042642 1.0647747193614938
62094.2176 lsst_hardware_r -10.900345535428919 22.440000534057617 31.489999771118164 AB 5.139558992891246 1.044979802011097
62094.2376 lsst_hardware_u 0.07683283744885902 2.619999885559082 28.3799991607666 AB 5.290897039972613 1.0758229036138112
62097.1936 lsst_hardware_z 13.023475786587904 40.959999084472656 30.950000762939453 AB 6.379510537656686 1.0313653767127453
62097.2133 lsst_hardware_g 21.409979703274317 13.869999885559082 31.420000076293945 AB 6.500893881270128 1.0497446857286854
62101.1777 lsst_hardware_z 66.25358886762176 46.459999084472656 30.969999313354492 AB 3.6488319699427483 1.0289268861311944
62104.1799 lsst_hardware_r -88.90147011285958 75.97000122070312 31.649999618530273 AB 4.595777662439654 1.0350073558530863
62104.2005 lsst_hardware_z 111.66789112199298 59.79999923706055 30.979999542236328 AB 4.686937157286849 1.0587163219531082
62106.178 lsst_hardware_r -53.11226743170623 107.29000091552734 31.65999984741211 AB 6.551880593309109 1.0379764887876157
62106.1968 lsst_hardware_y -95.04302776315457 58.9900016784668 30.049999237060547 AB 6.719470539190652 1.06149978239495
62108.1625 lsst_hardware_z -48.62434658078863 92.0199966430664 31.739999771118164 AB 3.298456339027191 1.0307676059459971
62111.1609 lsst_hardware_r 10.357876953579188 43.560001373291016 31.6200008392334 AB 4.6232428779895205 1.0350929985423756
62111.1792 lsst_hardware_i -2.4391241461819644 43.959999084472656 31.309999465942383 AB 4.325147900980497 1.0554289655881064
62113.1633 lsst_hardware_z -0.4127713755668041 41.09000015258789 30.950000762939453 AB 5.728897130654374 1.0422967322324013
62113.1815 lsst_hardware_r -37.45667011768067 28.84000015258789 31.559999465942383 AB 6.459280132980868 1.0679585223793442
62115.1452 lsst_hardware_u 0.27207151576286337 2.7300000190734863 28.5 AB 9.897134625122035 1.0318024021672771
62115.164 lsst_hardware_g -0.022227987728731743 13.609999656677246 31.420000076293945 AB 10.057853280930988 1.0495425043364015
62121.082 lsst_hardware_u 4.163248880067602 2.759999990463257 28.510000228881836 AB 11.378563929994373 1.0417704333623192
62121.1017 lsst_hardware_g 21.56682864860126 13.640000343322754 31.43000030517578 AB 9.84456865862341 1.0282428749540826
62123.0858 lsst_hardware_r -0.4833227010195322 22.350000381469727 31.510000228881836 AB 3.1956388420621433 1.0336855384318064
62123.1038 lsst_hardware_i 4.5206606161520915 30.139999389648438 31.260000228881836 AB 3.1628417277714136 1.0266744409558108
62125.0822 lsst_hardware_z 47.40069105038733 40.88999938964844 30.950000762939453 AB 4.625473203960637 1.0324332883361418
62125.0997 lsst_hardware_r 22.67809434501223 22.200000762939453 31.489999771118164 AB 3.1824657527122193 1.0266018557136192
62127.0727 lsst_hardware_z -64.31363846824836 41.369998931884766 30.950000762939453 AB 5.063772793678203 1.0353069961347983
62127.0917 lsst_hardware_g -25.453076175267956 17.670000076293945 31.520000457763672 AB 4.364875379035886 1.026787903795786
62130.0718 lsst_hardware_r -3.193698537269777 42.09000015258789 31.6200008392334 AB 9.856331221976449 1.0305388527043322
62130.0909 lsst_hardware_z 56.208220359778906 45.709999084472656 30.969999313354492 AB 7.688214553028936 1.0268637613260712
62132.0727 lsst_hardware_r 74.70578798258406 87.18000030517578 32.400001525878906 AB 6.505291416294675 1.027908682654934
62132.0908 lsst_hardware_y 85.79887900129944 50.560001373291016 30.059999465942383 AB 5.467782727840386 1.0281007949559657
62134.0747 lsst_hardware_z 34.90191483106918 59.2400016784668 30.989999771118164 AB 8.793133088800577 1.026615526703323
62134.0961 lsst_hardware_r 28.27826321546867 80.22000122070312 31.65999984741211 AB 7.558034301719615 1.0336126775917622
62142.0376 lsst_hardware_y 19.252919997285293 73.44999694824219 30.06999969482422 AB 9.768710870333333 1.0313250496551245
62142.0584 lsst_hardware_z -70.73788741689404 41.029998779296875 30.959999084472656 AB 9.991733352960976 1.0268996251758453
62144.0369 lsst_hardware_y -115.31869169180077 75.55000305175781 30.079999923706055 AB 10.14166910712227 1.028984284407698
62144.0574 lsst_hardware_u -0.9473685576293356 2.8399999141693115 28.479999542236328 AB 8.49791082050461 1.0279005498206306
62148.0366 lsst_hardware_y 67.65577285548359 72.58000183105469 30.06999969482422 AB 5.298151437679744 1.026607738610643
62148.0554 lsst_hardware_z -69.5763834030319 41.150001525878906 30.950000762939453 AB 3.9757139038362643 1.0319828433059868
