data/validation/pwv_sim_epoch_fit_4/2412102.ecsv
# %ECSV 0.9
# ---
# datatype:
# - {name: time, datatype: float64}
# - {name: band, datatype: string}
# - {name: flux, datatype: float64}
# - {name: fluxerr, datatype: float64}
# - {name: zp, datatype: float64}
# - {name: zpsys, datatype: string}
# - {name: pwv, datatype: float64}
# - {name: airmass, datatype: float64}
# meta: {SNID: '2412102', alt: 1024.0, c: -0.012863303534686565, dec: -34.409527, lat: -30.244573, lon: -70.7499537, ra: 99.492188, t0: 63206.54296875,
#   x0: 2.0198874100750245e-05, x1: -1.6992181539535522, z: 0.3418077528476715}
# schema: astropy-2.0
time band flux fluxerr zp zpsys pwv airmass
63137.2827 lsst_hardware_z -4.320559359520177 57.61000061035156 30.90999984741211 AB 5.408319698625019 1.6118176178691226
63137.3023 lsst_hardware_r -37.537542119129576 62.34000015258789 31.549999237060547 AB 5.406465009928397 1.4382721494887993
63143.2757 lsst_hardware_z -56.804042277877656 58.38999938964844 30.90999984741211 AB 4.170761585990784 1.5221757613106774
63143.2963 lsst_hardware_r -35.43855861280403 62.41999816894531 31.559999465942383 AB 3.6452406728898863 1.365258678984976
63145.2835 lsst_hardware_z -130.7095597455099 52.689998626708984 30.920000076293945 AB 8.412869705730545 1.4157121928027843
63145.3048 lsst_hardware_r 18.69128023390814 48.91999816894531 31.56999969482422 AB 7.3406795817463495 1.2829991403908445
63147.3037 lsst_hardware_z 47.54252157627998 46.77000045776367 30.93000030517578 AB 4.579466808271437 1.2605193526754397
63147.3225 lsst_hardware_i 10.182708121130698 37.470001220703125 31.260000228881836 AB 4.015374743634523 1.1782202886247244
63149.3024 lsst_hardware_r 12.57350111147022 24.790000915527344 31.479999542236328 AB 3.459626526367909 1.2403429331784663
63149.3233 lsst_hardware_z 29.61709687459607 43.189998626708984 30.940000534057617 AB 3.2303216804795274 1.155440107477252
63151.2537 lsst_hardware_u -2.463053253189253 2.3499999046325684 28.040000915527344 AB 8.316153759408385 1.5235934153636028
63151.2721 lsst_hardware_g -9.697435756209323 13.15999984741211 31.280000686645508 AB 7.513065398116969 1.3808878184288873
63153.2713 lsst_hardware_i -42.46530555994822 32.68000030517578 31.200000762939453 AB 7.792572937567062 1.3505325715020906
63153.2893 lsst_hardware_z -14.826473317903956 44.02000045776367 30.920000076293945 AB 7.196590398598738 1.2507652224373214
63155.2712 lsst_hardware_r -30.782144062191595 22.959999084472656 31.440000534057617 AB 9.595892257394048 1.318071804868502
63155.2894 lsst_hardware_g -5.925398812225994 13.109999656677246 31.329999923706055 AB 8.934199044887166 1.2248136514491383
63157.2725 lsst_hardware_r 21.447911767183363 22.68000030517578 31.440000534057617 AB 6.533408374411847 1.280558285851009
63157.2917 lsst_hardware_i -24.388873106226676 31.030000686645508 31.229999542236328 AB 7.272953377094654 1.1918966530801618
63159.2512 lsst_hardware_i -2.193939894177199 32.939998626708984 31.200000762939453 AB 1.6765470042606208 1.3745944281994704
63159.269 lsst_hardware_z -18.590447045227435 44.369998931884766 30.920000076293945 AB 1.563795586657696 1.270345724336065
63161.2709 lsst_hardware_u -0.5295952895103072 2.5199999809265137 28.25 AB 3.422549883503634 1.234463438594638
63161.2891 lsst_hardware_g -8.873858497271362 13.100000381469727 31.350000381469727 AB 3.3155307826225537 1.1604937986078243
63163.3079 lsst_hardware_r -14.682991418832836 21.739999771118164 31.469999313354492 AB 3.4977256014413722 1.0885602784710566
63163.3266 lsst_hardware_u 0.6321642543491632 2.509999990463257 28.329999923706055 AB 3.307236005476261 1.049860644032462
63165.2512 lsst_hardware_g -33.6136779557004 49.41999816894531 31.6299991607666 AB 1.7887983146871562 1.2777130819193974
63165.2668 lsst_hardware_r 5.340392103860712 43.279998779296875 31.59000015258789 AB 1.6862099660777332 1.2044356900555238
63166.2462 lsst_hardware_r -67.32603785373412 57.16999816894531 31.579999923706055 AB 4.098694889123269 1.2898103655493574
63166.2641 lsst_hardware_z -24.446735779233535 50.7400016784668 30.950000762939453 AB 3.9655915075108843 1.2043098165240322
63168.2461 lsst_hardware_r 20.94511463586022 79.55000305175781 31.600000381469727 AB 4.1597400323490605 1.2618656248593354
63168.2631 lsst_hardware_i -2.6867850760327365 61.2599983215332 31.299999237060547 AB 3.1428937746180963 1.186221466170257
63170.2446 lsst_hardware_z 71.87468405284724 62.38999938964844 30.959999084472656 AB 4.7373531847160075 1.2425572821707425
63170.2621 lsst_hardware_i -8.05634035444348 66.45999908447266 31.299999237060547 AB 4.4432282134435725 1.1692705824851508
63181.2828 lsst_hardware_i -7.499853226659174 29.679394321025026 31.239999771118164 AB 1.8546831748890613 1.0411282265364052
63181.3002 lsst_hardware_r -35.48975968493549 21.7651614536319 31.479999542236328 AB 2.0215508323154476 1.0191836815304556
63183.2074 lsst_hardware_r -116.56092100256832 24.16192995474109 31.43000030517578 AB 5.378552483676197 1.2507534407714345
63183.2256 lsst_hardware_i -52.00036661156107 31.115584200824618 31.219999313354492 AB 7.8301218532627015 1.1730080301505863
63186.2076 lsst_hardware_z 29.868865495967977 43.41363831858607 30.93000030517578 AB 6.71490481753505 1.2123684672968462
63186.2259 lsst_hardware_r -49.69088311863146 23.643521046997027 31.469999313354492 AB 8.506741356354812 1.143225555214809
63187.2118 lsst_hardware_u 0.5003526234705045 2.881654072289312 28.229999542236328 AB 6.623706977844298 1.1839852789854703
63187.2297 lsst_hardware_r 35.18025280387082 22.85756490876436 31.469999313354492 AB 6.5496780416997025 1.1227698708664955
63189.211 lsst_hardware_i 375.4278892764479 36.79508488889167 31.229999542236328 AB 6.196749373631988 1.1664469409189853
63189.2293 lsst_hardware_z 392.1031079932245 46.572530026332 30.940000534057617 AB 5.890224632086908 1.108278777381233
63191.203 lsst_hardware_g 387.8037698556867 23.176247783282633 31.329999923706055 AB 3.7269733416958584 1.1758559248155014
63191.2121 lsst_hardware_r 947.7632114025429 37.90696884519295 31.459999084472656 AB 3.7594932180940024 1.1437170393491345
63193.2118 lsst_hardware_y 402.7245951005716 52.088273062997054 30.010000228881836 AB 6.953292702205198 1.1273476967392977
63193.2294 lsst_hardware_r 1766.2570806427764 52.56514048404915 31.549999237060547 AB 6.688454258166138 1.080525728298209
63195.2176 lsst_hardware_i 2134.1379057351 64.23330184728196 31.299999237060547 AB 6.8145086678971865 1.095873814188773
63195.2353 lsst_hardware_z 1835.8317530703573 63.59433033561193 30.959999084472656 AB 6.58144239851189 1.0569343947933392
63197.2413 lsst_hardware_z 2396.3110191448463 73.6850830662163 30.979999542236328 AB 3.933757834054224 1.037839548163077
63197.2591 lsst_hardware_r 4260.173404922049 98.1780802060773 31.65999984741211 AB 4.4666997326061635 1.0167380551476528
63199.2079 lsst_hardware_r 5071.045104561117 117.93996825683537 31.649999618530273 AB 4.7696690073397425 1.092791127387954
63199.2259 lsst_hardware_i 3845.8151080623184 93.43019497910717 31.329999923706055 AB 5.239591723257329 1.0541377574201136
63201.2135 lsst_hardware_z 3229.532661633486 81.13266092397706 30.979999542236328 AB 8.169859399537472 1.0675833347247623
63201.2322 lsst_hardware_i 4272.710481001226 91.04769177396163 31.329999923706055 AB 7.959430931316686 1.0352160233221526
63204.148 lsst_hardware_r 6557.555867913672 90.33600776735197 31.549999237060547 AB 4.042244187476673 1.2609355649930725
63204.1695 lsst_hardware_z 3397.164045870321 75.92136239973286 30.950000762939453 AB 4.389066901856956 1.1684444676165469
63206.1489 lsst_hardware_r 6085.042580854442 81.66661158983918 31.459999084472656 AB 6.566103038349323 1.2305290551630597
63206.1707 lsst_hardware_u 24.838113314665705 5.753077001688485 28.389999389648438 AB 5.955021806496397 1.145196501249307
63216.1574 lsst_hardware_z 2769.7087934902643 65.45162497910611 30.940000534057617 AB 11.246808336687069 1.1033561521105353
63216.1786 lsst_hardware_i 4207.383975281069 70.46427628190358 31.25 AB 10.858791020674643 1.0557582796758478
63218.1393 lsst_hardware_r 7593.891293724718 92.89410521210696 32.209999084472656 AB 3.396008732687552 1.1407167191672674
63218.1631 lsst_hardware_u 20.61999603619402 5.249240034706945 29.079999923706055 AB 3.2539071727598525 1.076116468874693
63222.1348 lsst_hardware_i 3113.2644933258853 67.0118589560701 31.260000228881836 AB 3.9454764791342574 1.1208209305812338
63222.1571 lsst_hardware_z 2037.7028482454882 62.13005196085137 30.950000762939453 AB 3.7432513848111837 1.0656690616529982
63224.1398 lsst_hardware_r 2696.176081248007 72.96047552439649 31.6200008392334 AB 6.84007026787651 1.092401224607019
63224.1617 lsst_hardware_z 1946.7653458956238 64.5983595352142 30.969999313354492 AB 6.573033129988758 1.047078156907807
63226.155 lsst_hardware_i 2878.189346970153 78.4481933691303 31.31999969482422 AB 7.34317359205008 1.0491746809615774
63226.1791 lsst_hardware_z 1920.6572134279213 69.82071524340454 30.979999542236328 AB 7.155726573052154 1.0174983277635414
63229.138 lsst_hardware_z 1865.9758818736998 78.72673552117683 30.989999771118164 AB 7.6366733136764475 1.065644278901301
63229.1584 lsst_hardware_i 2743.7314434314685 90.29136923550843 31.34000015258789 AB 7.317889226453537 1.0315967191476352
