data/validation/pwv_sim_epoch_fit_4/24153801.ecsv
# %ECSV 0.9
# ---
# datatype:
# - {name: time, datatype: float64}
# - {name: band, datatype: string}
# - {name: flux, datatype: float64}
# - {name: fluxerr, datatype: float64}
# - {name: zp, datatype: float64}
# - {name: zpsys, datatype: string}
# - {name: pwv, datatype: float64}
# - {name: airmass, datatype: float64}
# meta: {SNID: '24153801', alt: 1024.0, c: 0.06552883237600327, dec: -61.001064, lat: -30.244573, lon: -70.7499537, ra: 302.38855, t0: 60892.40625,
#   x0: 5.621730685824313e-06, x1: 0.5047253966331482, z: 0.5846688747406006}
# schema: astropy-2.0
time band flux fluxerr zp zpsys pwv airmass
60794.3563 lsst_hardware_i -7.735778085606718 31.559999465942383 31.219999313354492 AB 14.015424610725656 1.2324502823360584
60794.3783 lsst_hardware_y -0.18118628185796065 48.65999984741211 30.0 AB 15.05805024195443 1.1976973745837685
60795.4113 lsst_hardware_i 3.1360913557519936 31.829999923706055 31.229999542236328 AB 13.32560136060964 1.1670015203709985
60795.4237 lsst_hardware_y 156.49457071809348 58.20000076293945 30.020000457763672 AB 13.98704795325311 1.1632930570197482
60800.4118 lsst_hardware_i 41.14276855246954 31.610000610351562 31.239999771118164 AB 7.898171066275889 1.1630493280891223
60800.4247 lsst_hardware_y -123.02562304268511 58.099998474121094 30.020000457763672 AB 6.481809831428593 1.1633868493993706
60802.398 lsst_hardware_u 1.5711746351142568 2.6700000762939453 28.389999389648438 AB 8.050718163235931 1.164829366018365
60802.4117 lsst_hardware_z -5.594436278670386 43.189998626708984 30.940000534057617 AB 8.082940491698315 1.1627341872498174
60804.4179 lsst_hardware_r -25.37907752190227 23.270000457763672 31.479999542236328 AB 8.653745220700154 1.1642853916091012
60804.4296 lsst_hardware_y -94.39642017754448 68.91999816894531 30.030000686645508 AB 8.705095591061603 1.1689399209160203
60806.4053 lsst_hardware_z -61.015833223914946 55.029998779296875 30.959999084472656 AB 8.838580372793782 1.1629711016833923
60806.4196 lsst_hardware_y -8.494443297095085 53.45000076293945 30.010000228881836 AB 7.846672627741074 1.166762552760704
60808.4062 lsst_hardware_z 69.50297385006654 66.29000091552734 30.969999313354492 AB 7.6616191229468225 1.1640849515745995
60808.4183 lsst_hardware_y -35.332246489644604 56.619998931884766 30.010000228881836 AB 7.493659449451373 1.168738558030393
60810.3878 lsst_hardware_z -7.423847630802955 66.4800033569336 30.979999542236328 AB 8.867633537605737 1.1627777135034647
60810.4012 lsst_hardware_r -83.18949711574241 90.27999877929688 31.6299991607666 AB 8.871305115438437 1.1642005378906755
60812.3956 lsst_hardware_i -20.81511826504091 62.619998931884766 31.309999465942383 AB 8.469975564387235 1.1641644630172392
60812.4083 lsst_hardware_r 2.421635686894148 74.08000183105469 31.6200008392334 AB 8.52961806848251 1.1692283252623354
60814.3912 lsst_hardware_z -14.668702884770052 70.37000274658203 31.700000762939453 AB 11.110860047662522 1.1644467783857806
60824.4002 lsst_hardware_r -1.0203120249603188 22.75 31.469999313354492 AB 9.65682527802932 1.1897770317290948
60824.4139 lsst_hardware_z 49.059110141408055 43.41999816894531 30.93000030517578 AB 9.845975729127506 1.2076012750360803
60828.1179 lsst_hardware_r -38.09944992742552 28.56999969482422 31.329999923706055 AB 18.72117540474971 1.9602298732788557
60828.1402 lsst_hardware_i 9.512655236915698 36.59000015258789 31.149999618530273 AB 18.64826300599607 1.7623458872557058
60830.342 lsst_hardware_g -7.721136755819202 13.399999618530273 31.350000381469727 AB 13.91488140630232 1.1632570980022305
60830.3549 lsst_hardware_r -15.465980962262696 22.700000762939453 31.459999084472656 AB 14.051544593724456 1.167120278560111
60833.3167 lsst_hardware_i -14.923738023592486 43.34000015258789 31.270000457763672 AB 3.786274448195451 1.1639331227160932
60833.3282 lsst_hardware_z 41.558172340203825 48.060001373291016 30.950000762939453 AB 3.8533603805828927 1.162752076216926
60844.3246 lsst_hardware_z -19.89461622758921 45.56999969482422 30.940000534057617 AB 5.460084260845731 1.171377690715094
60844.3367 lsst_hardware_g -16.146690212144254 32.849998474121094 31.610000610351562 AB 5.225564845469891 1.1806962558018959
60860.0442 lsst_hardware_r 67.23693792625363 42.41999816894531 31.40999984741211 AB 15.680139099872102 1.8332911375975798
60860.0575 lsst_hardware_z 30.598010026619367 53.119998931884766 30.8799991607666 AB 14.518752878899896 1.7267784109062674
60861.2325 lsst_hardware_y 32.747329542594976 50.1139134919242 30.0 AB 4.200708153570304 1.1664313643752988
60861.245 lsst_hardware_r 40.56482904896091 42.07982004609446 31.579999923706055 AB 4.188697041649025 1.1630961796507677
60863.2205 lsst_hardware_i -12.511508592311165 57.301187589770706 31.290000915527344 AB 2.10527020723135 1.169594559572972
60863.2332 lsst_hardware_z 82.14361901513688 56.0786232796405 30.959999084472656 AB 2.095823024263647 1.1643461245909148
60875.2146 lsst_hardware_i 632.8435000158468 40.52976537030142 31.229999542236328 AB 2.9212765585579223 1.162812840504648
60875.2275 lsst_hardware_z 489.7033672270793 48.09370852896982 30.93000030517578 AB 2.9145330667236764 1.1653470878543288
60877.2093 lsst_hardware_r 938.6191210268594 38.21164246910622 31.469999313354492 AB 6.505311778292037 1.1628221789508058
60877.2226 lsst_hardware_g 221.7268845892308 20.12234010579615 31.3799991607666 AB 6.491300200699645 1.165543488275014
60879.1904 lsst_hardware_u 3.1697325627775057 3.02035417638722 28.3700008392334 AB 6.194126718732058 1.1641271828470585
60879.2023 lsst_hardware_r 1171.3733192775428 41.254608120233726 31.479999542236328 AB 6.159753462091049 1.1627661089364887
60881.1942 lsst_hardware_i 1239.6245940361002 46.8454383199304 31.229999542236328 AB 6.771530130662469 1.1627938749313074
60881.2071 lsst_hardware_z 873.164207528113 52.080999986209875 30.93000030517578 AB 6.824581740661619 1.1641574038400988
60883.1986 lsst_hardware_r 1573.7640189219364 45.63834099247201 31.469999313354492 AB 3.807552640915799 1.1634996610896253
60884.0434 lsst_hardware_r 3126.5945806684085 65.03156915721375 32.16999816894531 AB 6.3841440606842434 1.4326537892847164
60884.0516 lsst_hardware_u 5.155913468745868 2.8602029579804666 28.1299991607666 AB 6.275666305196799 1.3990487415910229
60886.194 lsst_hardware_i 1566.014927066022 50.306866896912354 31.229999542236328 AB 5.644834684286509 1.1643035495872756
60886.2076 lsst_hardware_z 1198.9503052101838 54.662097028603014 30.940000534057617 AB 5.66512512803614 1.1699969285493885
60891.1919 lsst_hardware_z 1330.3125159161907 63.991409122952696 30.959999084472656 AB 1.414334878871151 1.1688718007199594
60891.2033 lsst_hardware_i 1635.500934750158 65.90687383777083 31.280000686645508 AB 1.4224493666808073 1.1763881736850232
60896.1324 lsst_hardware_y 1066.0866490661078 91.12879813598828 30.770000457763672 AB 5.063600785927096 1.1685457303241438
60899.1278 lsst_hardware_z 1312.4371568931333 64.25555641262656 30.959999084472656 AB 3.614528032515036 1.1668550626864422
60899.1385 lsst_hardware_r 1609.531565580785 74.37019124108946 31.610000610351562 AB 3.6682902165941647 1.16355155950333
60904.1291 lsst_hardware_r 1232.689463063781 42.0351355615688 31.479999542236328 AB 4.962743482881608 1.1629612910986429
60904.14 lsst_hardware_u 5.63064290624333 2.7172745106030365 28.40999984741211 AB 4.997545015243237 1.163301912300567
60908.1347 lsst_hardware_i 1132.3802659669548 45.79807910333014 31.229999542236328 AB 2.0872222929582853 1.164527967058742
60908.1457 lsst_hardware_z 1016.8803376776166 53.68048247700302 30.940000534057617 AB 2.069906798887747 1.1689985686489537
60910.1052 lsst_hardware_z 1064.970459056119 52.98377083490434 30.940000534057617 AB 2.7078512871074993 1.1642916423121572
60910.1163 lsst_hardware_r 932.2020642590737 37.51732725747243 31.469999313354492 AB 2.708119678250445 1.1627821718549096
60919.0942 lsst_hardware_g 78.95705974664264 41.45073866662155 31.639999389648438 AB 1.281439079561201 1.1628303807270428
60932.0408 lsst_hardware_i 350.9647638704922 36.3502246709974 31.229999542236328 AB 1.6319076713339986 1.165648336667142
60932.0513 lsst_hardware_r 216.69135358353284 26.743071865692276 31.469999313354492 AB 1.3717094942934511 1.1631228046583029
60934.0372 lsst_hardware_u -1.1114067630771203 2.671203209342496 28.350000381469727 AB 2.9199270658552163 1.16501944375125
60934.0492 lsst_hardware_g 25.802151405590145 14.030517749513843 31.360000610351562 AB 3.0834680042748066 1.1628414849558388
60936.0435 lsst_hardware_r 121.88441740997843 26.05418162692963 31.469999313354492 AB 1.3074359133294717 1.1628543551700015
60936.055 lsst_hardware_i 339.40650471726275 35.60136680266382 31.229999542236328 AB 1.280903882597021 1.1637527703786614
60938.0408 lsst_hardware_z 518.0390616206762 47.52916141376603 30.93000030517578 AB 7.304318852077806 1.1627994988714234
60938.053 lsst_hardware_r 132.87078173553653 25.685563765628824 31.459999084472656 AB 6.507641581347546 1.1646091057382624
60940.0446 lsst_hardware_u 3.0401393172822537 2.6934393417166076 28.280000686645508 AB 2.9536039114146058 1.163867170294397
60940.0563 lsst_hardware_g 37.47603674874947 13.969176051268366 31.360000610351562 AB 2.9515126898117985 1.167990775548649
60941.0391 lsst_hardware_r 114.10580872132321 25.58327716275317 31.469999313354492 AB 1.7450190394157956 1.163346026277197
60941.0517 lsst_hardware_z 428.1137887954838 47.849850634706485 30.940000534057617 AB 1.5752272605866644 1.1671231864065186
60943.0219 lsst_hardware_i 265.764384849007 34.580181727503685 31.229999542236328 AB 5.1050393652371335 1.1630557484592496
60943.0355 lsst_hardware_r 94.83634776734972 25.445154620548685 31.469999313354492 AB 5.106802943957043 1.1636784650694505
60945.052 lsst_hardware_g 13.836327980801537 16.16248016825145 31.420000076293945 AB 3.2859289379006333 1.1735460492502263
60945.0661 lsst_hardware_r 99.76898517436103 26.635509127216412 31.479999542236328 AB 3.320232532451996 1.18579733301857
60947.0267 lsst_hardware_r 134.86157583703607 33.68877040343481 31.540000915527344 AB 3.987419627509988 1.1641534604184676
60947.0376 lsst_hardware_i 126.68218499203962 38.33625291697868 31.25 AB 3.9928980584265683 1.168197208433753
60952.0358 lsst_hardware_z 565.891510851784 84.80839239373273 31.709999084472656 AB 2.83166213151524 1.1756953006084632
60955.0297 lsst_hardware_r 165.73890935426687 81.24637893473835 31.610000610351562 AB 4.583464469076445 1.177360510936667
60955.0418 lsst_hardware_z 264.9961235619812 61.799075048677196 30.959999084472656 AB 5.229665246325843 1.189033194185379
61163.4212 lsst_hardware_i -85.20077131774657 102.05000305175781 32.060001373291016 AB 12.978217783540467 1.162740411095076
61168.4064 lsst_hardware_z 31.460111663518667 49.900001525878906 30.950000762939453 AB 12.262973714339632 1.162808051805389
61168.419 lsst_hardware_y -137.88890170594505 53.25 30.010000228881836 AB 12.351035266476119 1.163682512446225
61170.4043 lsst_hardware_z 81.41578910329856 45.09000015258789 30.940000534057617 AB 9.103291998767439 1.162691359444082
61170.4179 lsst_hardware_y 5.695373798597748 50.2599983215332 30.010000228881836 AB 8.852630780780503 1.164819839576382
61175.2531 lsst_hardware_u -3.2432536730715795 3.369999885559082 28.81999969482422 AB 10.006614428987408 1.4038952585300282
61175.2711 lsst_hardware_g -0.1578409001394807 18.940000534057617 32.04999923706055 AB 9.634844710969126 1.3391493395836027
61177.4092 lsst_hardware_i -18.166203234842847 31.049999237060547 31.219999313354492 AB 8.506732678092266 1.1692835460482744
61177.4213 lsst_hardware_z 0.5346973564720777 43.86000061035156 30.93000030517578 AB 7.890030221221569 1.1776164509285925
61178.3854 lsst_hardware_r 0.9652844303676511 22.610000610351562 31.469999313354492 AB 9.229506792560063 1.1627969249823698
61178.3986 lsst_hardware_u -0.2620324353073877 2.559999942779541 28.299999237060547 AB 9.117947633951964 1.1656798304719975
61182.3909 lsst_hardware_g 5.047693835204975 13.460000038146973 31.3799991607666 AB 4.795909198408805 1.1669825286095499
61182.4037 lsst_hardware_i 17.684813280019178 31.200000762939453 31.229999542236328 AB 4.841758721620615 1.1745189750838396
61185.3246 lsst_hardware_g -19.423076055537752 13.359999656677246 31.350000381469727 AB 8.61145147307337 1.1796508867223794
61185.338 lsst_hardware_r 24.302100083845378 22.639999389648438 31.469999313354492 AB 8.579629981024809 1.1698830722378737
61187.3227 lsst_hardware_i -8.791428676351414 40.650001525878906 31.270000457763672 AB 4.727562825673246 1.1766448315443432
61187.3359 lsst_hardware_r -21.418220717253167 25.6299991607666 31.5 AB 4.413040079047452 1.1680889568679111
61189.3212 lsst_hardware_z -146.3882218786382 82.7699966430664 31.719999313354492 AB 10.07022924293577 1.1736521946255378
61194.2615 lsst_hardware_r 58.16719727555548 162.6199951171875 32.79999923706055 AB 10.808296406033415 1.2323700816426393
61196.3511 lsst_hardware_z -61.9136538641278 55.2400016784668 30.959999084472656 AB 6.169318708116476 1.1663146829050448
61196.363 lsst_hardware_r -74.71710912631605 63.27000045776367 31.600000381469727 AB 6.176061001212803 1.1727625922075684
61198.3359 lsst_hardware_z -119.59735802975504 67.19000244140625 31.690000534057617 AB 2.7274080525101643 1.1634459006123858
61222.2295 lsst_hardware_y 164.34194032975327 59.849998474121094 30.020000457763672 AB 9.090881707066785 1.1748360955112975
61222.2415 lsst_hardware_r 17.64327176974597 107.87000274658203 31.6299991607666 AB 8.998857344254233 1.167545552287236
61225.2347 lsst_hardware_r -29.47715028173208 64.4000015258789 31.610000610351562 AB 8.509550805700664 1.1669174209033228
61225.2466 lsst_hardware_z 66.98103678549555 54.900001525878906 30.959999084472656 AB 8.476362780238858 1.1633234979055114
61231.2353 lsst_hardware_r 10.275653862912229 23.06999969482422 31.479999542236328 AB 11.287766907294337 1.1627682835519602
61231.2474 lsst_hardware_i -12.728413031631515 31.40999984741211 31.239999771118164 AB 11.220791186986714 1.1637812812777923
61233.2166 lsst_hardware_i -1.460681026212605 31.3700008392334 31.219999313354492 AB 8.224739943079586 1.1654450477877094
61233.2299 lsst_hardware_z -48.98214290294264 42.88999938964844 30.93000030517578 AB 8.221433171257564 1.1627658969096228
61235.2142 lsst_hardware_r -17.836813387992407 22.959999084472656 31.459999084472656 AB 7.539006123235512 1.164475138097904
61235.2262 lsst_hardware_u -0.7400538947476089 2.5999999046325684 28.31999969482422 AB 7.557140631204765 1.162711552977206
61237.2146 lsst_hardware_g -2.7407955681422687 13.720000267028809 31.3700008392334 AB 3.342481779020975 1.1632092497025415
61237.2265 lsst_hardware_r 41.56566407068382 22.920000076293945 31.469999313354492 AB 3.3745020961773737 1.1630198504833271
61242.2155 lsst_hardware_r 8.04943246382871 22.8700008392334 31.459999084472656 AB 6.581929806564155 1.1634161304301116
61242.2275 lsst_hardware_g -0.4626767275382279 13.739999771118164 31.3700008392334 AB 6.644778353418885 1.1671839721445432
61244.187 lsst_hardware_z 51.763830204009466 47.9900016784668 30.940000534057617 AB 6.160564541375278 1.1653022461617801
61244.1989 lsst_hardware_r -6.064595510877586 43.119998931884766 31.579999923706055 AB 6.120379369750911 1.1628333191420348
61246.1904 lsst_hardware_i -43.9263580125782 56.970001220703125 31.299999237060547 AB 6.807398221649814 1.1631607384279905
61246.2035 lsst_hardware_z 50.40357574123783 56.0 30.959999084472656 AB 6.824143707198407 1.1632393602997368
61248.1928 lsst_hardware_r -116.22955062235971 98.19000244140625 31.6200008392334 AB 3.527962159738036 1.1627450128222037
61248.2053 lsst_hardware_z -69.64621924669251 70.30999755859375 30.969999313354492 AB 3.5346588760786677 1.1649521151591324
61249.1868 lsst_hardware_y 14.510832785687981 60.599998474121094 30.020000457763672 AB 3.743570480663387 1.162749987523247
61249.1984 lsst_hardware_r 92.11400945276647 116.94999694824219 31.6299991607666 AB 3.7111439747217028 1.1638240610652146
61251.1865 lsst_hardware_i -29.50961046165384 88.12000274658203 31.309999465942383 AB 5.636647496257959 1.162854710662326
61251.1989 lsst_hardware_z -8.540430207089198 75.16000366210938 30.979999542236328 AB 5.615668922855172 1.165560174938807
61253.1547 lsst_hardware_z 67.79370163687858 59.18000030517578 30.959999084472656 AB 4.703166965347506 1.168633858950803
61253.1656 lsst_hardware_r -84.37081897832348 75.88999938964844 31.610000610351562 AB 4.853636019250362 1.1643370495772813
61258.1295 lsst_hardware_g -12.10641124072545 13.520000457763672 31.350000381469727 AB 2.442909977783777 1.176172353290215
61258.1415 lsst_hardware_i -18.551465754894043 31.25 31.219999313354492 AB 2.4327169809234794 1.168405193959646
