data/validation/pwv_sim_epoch_fit_4/24295131.ecsv
# %ECSV 0.9
# ---
# datatype:
# - {name: time, datatype: float64}
# - {name: band, datatype: string}
# - {name: flux, datatype: float64}
# - {name: fluxerr, datatype: float64}
# - {name: zp, datatype: float64}
# - {name: zpsys, datatype: string}
# - {name: pwv, datatype: float64}
# - {name: airmass, datatype: float64}
# meta: {SNID: '24295131', alt: 1024.0, c: -0.002769509330391884, dec: -43.406857, lat: -30.244573, lon: -70.7499537, ra: 289.415314,
#   t0: 60784.27734375, x0: 4.792783478189617e-06, x1: -0.1325899213552475, z: 0.6242452263832092}
# schema: astropy-2.0
time band flux fluxerr zp zpsys pwv airmass
[from data line 133]
61238.1854 lsst_hardware_r 10.575608112225012 23.229999542236328 31.489999771118164 AB 2.223928171754011 1.026902341890416
61238.197 lsst_hardware_i -13.314542317038034 30.68000030517578 31.239999771118164 AB 2.2171088603324467 1.029617117801446
61242.1896 lsst_hardware_z -0.030877048757841138 41.900001525878906 30.950000762939453 AB 6.4330737837678305 1.031147871571682
61242.2017 lsst_hardware_r 21.549155654716355 23.3799991607666 31.5 AB 6.41468114824136 1.0389549706964007
61246.1389 lsst_hardware_z -57.6138864852994 84.0999984741211 31.729999542236328 AB 5.846337518672626 1.0329218230870363
61248.1371 lsst_hardware_r 84.33388624356958 109.36000061035156 31.65999984741211 AB 3.262711096728817 1.0310081148320158
61248.1486 lsst_hardware_z 122.995483630342 79.98999786376953 30.989999771118164 AB 3.1988147239143614 1.027319060269566
61251.1291 lsst_hardware_z -132.89338769642154 82.70999908447266 31.0 AB 5.747886543617413 1.0309185801484015
61251.1412 lsst_hardware_r -20.982697793201645 125.36000061035156 31.65999984741211 AB 5.692454446110889 1.0271943783301105
61253.1344 lsst_hardware_i 55.7882405955594 62.189998626708984 31.329999923706055 AB 4.148022355148439 1.027416369339937
61253.1474 lsst_hardware_z 11.781436899522026 57.880001068115234 30.979999542236328 AB 4.183940504592529 1.0272590497209277
61256.1257 lsst_hardware_r -20.263628248395598 23.059999465942383 31.5 AB 1.4042683110461902 1.0275133983264806
61256.1377 lsst_hardware_u 2.2077159582574506 3.799999952316284 28.700000762939453 AB 1.3775305547046874 1.0270498077947343
61258.1247 lsst_hardware_g -5.521014717786603 14.229999542236328 31.43000030517578 AB 2.0472942835001406 1.0268989885471362
61258.1368 lsst_hardware_i 15.412541192371155 30.5 31.25 AB 2.1419900972406154 1.0278674437912338
61260.1148 lsst_hardware_r -9.890059847730965 23.100000381469727 31.510000228881836 AB 4.521041627154258 1.0275094607168767
61260.1263 lsst_hardware_z 22.259920754549988 41.11000061035156 30.950000762939453 AB 3.9628359207058192 1.0269961784828487
61261.1127 lsst_hardware_r 0.38510219352895625 23.149999618530273 31.520000457763672 AB 3.9729220318423284 1.027391267608677
61261.124 lsst_hardware_u 2.133800178851849 2.7799999713897705 28.5 AB 3.933238421628396 1.027044587421574
61266.1023 lsst_hardware_i -9.548058275749721 30.639999389648438 31.260000228881836 AB 3.6944462372788034 1.0269482243999453
61266.1123 lsst_hardware_z 94.75198877650752 41.08000183105469 30.959999084472656 AB 3.6923802742141993 1.0273258356264872
61268.11 lsst_hardware_r 40.763859605426845 23.170000076293945 31.520000457763672 AB 5.244135451272817 1.0279930968255655
61268.1211 lsst_hardware_u 1.9272736332223128 2.8399999141693115 28.549999237060547 AB 5.269029059975031 1.032434419511126
61274.1079 lsst_hardware_r -23.699717675161395 61.709999084472656 31.649999618530273 AB 2.8459252220727365 1.034317725630651
61274.1185 lsst_hardware_i 54.35497755916938 54.45000076293945 31.31999969482422 AB 2.881185001544213 1.0425854899743852
61276.0561 lsst_hardware_r 89.52655686203713 86.72000122070312 31.65999984741211 AB 2.5911013740638675 1.0334435632920003
61276.0682 lsst_hardware_i 16.86891766426056 69.69999694824219 31.34000015258789 AB 2.6126414432931067 1.0281941925592706
61278.0557 lsst_hardware_z 1.0492464134533344 75.70999908447266 31.0 AB 2.1038063774711127 1.0307723554488548
61278.0674 lsst_hardware_r 115.31176571485686 109.9800033569336 31.670000076293945 AB 2.0854922884074174 1.02720959901871
61280.0569 lsst_hardware_z -11.199732784807361 95.43000030517578 31.739999771118164 AB 3.599049558886268 1.028299873967505
61281.0559 lsst_hardware_r 7.705410607055866 85.5199966430664 31.65999984741211 AB 5.755960931088742 1.0278501662658468
61281.0669 lsst_hardware_z 93.59671546922695 61.189998626708984 30.989999771118164 AB 5.750279234286765 1.0268355775512081
61286.0548 lsst_hardware_r 73.08446170552284 22.950000762939453 31.5 AB 1.4300267313018151 1.0269491786727576
61286.0685 lsst_hardware_u 1.8006748043262037 2.7100000381469727 28.450000762939453 AB 1.4833551923184127 1.0307042448072352
61296.0343 lsst_hardware_u 4.261167936765495 2.759999990463257 28.489999771118164 AB 2.236752831523394 1.0281951341996067
61296.0453 lsst_hardware_g 14.074344179406062 14.4399995803833 31.450000762939453 AB 2.5017080890226646 1.0328034220342013
61299.02 lsst_hardware_i 22.691027692100267 31.520000457763672 31.260000228881836 AB 2.5702938772408013 1.0270220606982423
61299.0304 lsst_hardware_z 11.221662993668106 41.47999954223633 30.950000762939453 AB 2.6086877321291495 1.0296096824610985
61303.0154 lsst_hardware_i 86.64300804944676 54.02000045776367 31.31999969482422 AB 6.412881346673318 1.0282546253351126
61303.0283 lsst_hardware_z -68.33489465067305 55.04999923706055 30.979999542236328 AB 6.495628719857307 1.0340613509987073
61305.0159 lsst_hardware_z 88.87347905935482 61.2599983215332 30.989999771118164 AB 2.6324632144531543 1.0303854972090578
61305.028 lsst_hardware_r -38.896516462111556 75.95999908447266 31.649999618530273 AB 2.685243937235478 1.0376417610236464
61311.0258 lsst_hardware_r 83.31545282273298 54.65999984741211 31.6299991607666 AB 4.948652416780279 1.0513017208045063
61311.0383 lsst_hardware_i -12.18232557648766 52.459999084472656 31.309999465942383 AB 5.02817706932169 1.0681960987122523
