data/validation/pwv_sim_epoch_fit_4/24312588.ecsv
# %ECSV 0.9
# ---
# datatype:
# - {name: time, datatype: float64}
# - {name: band, datatype: string}
# - {name: flux, datatype: float64}
# - {name: fluxerr, datatype: float64}
# - {name: zp, datatype: float64}
# - {name: zpsys, datatype: string}
# - {name: pwv, datatype: float64}
# - {name: airmass, datatype: float64}
# meta: {SNID: '24312588', alt: 1024.0, c: -0.02730891853570938, dec: -38.682186, lat: -30.244573, lon: -70.7499537, ra: 143.261719, t0: 60282.31640625,
#   x0: 2.4766723870907554e-05, x1: 0.664475679397583, z: 0.3129415214061737}
# schema: astropy-2.0
time band flux fluxerr zp zpsys pwv airmass
[from data line 133]
60721.1917 lsst_hardware_i -60.81178230709426 63.38999938964844 31.34000015258789 AB 3.844742047675923 1.011241990446047
60721.2038 lsst_hardware_z 28.31732841138254 58.72999954223633 30.989999771118164 AB 3.9131256780617454 1.0134130727024548
60725.1831 lsst_hardware_g -47.69530267851997 36.75 31.700000762939453 AB 3.1152062935287272 1.0113485248043916
60725.1954 lsst_hardware_r -26.66950525561371 38.83000183105469 31.6200008392334 AB 3.1998404430954457 1.0143732582328249
60728.188 lsst_hardware_i -47.24504163751404 29.739999771118164 31.25 AB 8.124539805553153 1.0147113130237804
60728.1996 lsst_hardware_r 24.978098751779815 22.829999923706055 31.510000228881836 AB 8.186540902039573 1.021668044558004
60734.1708 lsst_hardware_i 7.738212684986782 29.639999389648438 31.25 AB 6.26412339646751 1.0143644930518874
60734.1826 lsst_hardware_z -73.9868702635225 40.52000045776367 30.950000762939453 AB 6.232744265281595 1.0212033203629047
60737.1713 lsst_hardware_i -67.89381144490852 29.670000076293945 31.25 AB 5.574049488389289 1.0190218443124843
60737.1821 lsst_hardware_u -1.7017447903065464 2.5799999237060547 28.389999389648438 AB 5.614075282557816 1.027795374169585
60739.1563 lsst_hardware_g 1.0315870956982953 13.199999809265137 31.40999984741211 AB 10.388675384110654 1.0140239515969405
60739.1681 lsst_hardware_r -20.12078164788501 21.809999465942383 31.489999771118164 AB 11.947273090486535 1.020582000383257
60741.158 lsst_hardware_i 45.99825830238597 31.989999771118164 31.260000228881836 AB 8.681720999666801 1.0175382331005678
60741.1702 lsst_hardware_r 4.847150318735884 21.93000030517578 31.489999771118164 AB 9.660637902128563 1.0268626141595532
60750.1387 lsst_hardware_z -59.82476793382719 61.08000183105469 30.989999771118164 AB 8.678062951016805 1.0210486852848484
60750.15 lsst_hardware_r 26.45893408934336 86.26000213623047 31.65999984741211 AB 8.97195382792425 1.0312590606809482
60752.12 lsst_hardware_i -11.16498521440719 50.099998474121094 31.31999969482422 AB 8.300347419192825 1.013720984268758
60752.133 lsst_hardware_z -70.8404584983806 50.630001068115234 30.979999542236328 AB 6.246976842428122 1.0208729570499853
60754.1208 lsst_hardware_i 60.02909145769553 38.52000045776367 31.299999237060547 AB 5.251202707694178 1.0165749672080908
60754.1336 lsst_hardware_z -101.61759206056142 45.029998779296875 30.969999313354492 AB 4.735045558751563 1.0258453249746633
60756.123 lsst_hardware_g 10.81726050166908 13.399999618530273 31.440000534057617 AB 5.390782884046304 1.021562039804093
60756.1349 lsst_hardware_r -1.0585027767033703 22.0 31.5 AB 5.152528212054178 1.0326570111841304
60758.1129 lsst_hardware_i 20.475213543817738 29.8700008392334 31.260000228881836 AB 5.584094029224279 1.018344858069532
60758.1247 lsst_hardware_r 24.40636422909386 22.040000915527344 31.510000228881836 AB 5.649326282978962 1.0277419634903058
60759.9976 lsst_hardware_z 7.076270514827557 44.099998474121094 30.959999084472656 AB 9.241874877316684 1.1235866685017992
60760.0144 lsst_hardware_r -34.42713250566004 22.350000381469727 31.5 AB 8.093234059932751 1.0823690344061276
60760.1104 lsst_hardware_u -0.38811560511994425 2.7799999713897705 28.549999237060547 AB 8.282176071650998 1.0203284485536033
60760.1222 lsst_hardware_g 16.31768006242349 13.369999885559082 31.43000030517578 AB 8.352909092449188 1.0307355480882563
60762.1031 lsst_hardware_r -12.858988137121035 21.8799991607666 31.510000228881836 AB 8.303534753904986 1.0190678582795702
60762.1154 lsst_hardware_i -6.595978399086522 29.920000076293945 31.260000228881836 AB 8.370333526524826 1.0293503004539653
60769.0472 lsst_hardware_z 35.76222288743473 40.849998474121094 30.950000762939453 AB 4.896054988186689 1.0135360864311391
60769.0605 lsst_hardware_g 9.743922443229412 17.75 31.520000457763672 AB 4.900513012043106 1.0112490738842563
60771.047 lsst_hardware_r -8.551815788447263 37.189998626708984 31.610000610351562 AB 7.971594635647615 1.012051794623054
60771.0605 lsst_hardware_i -53.94716995600237 37.099998474121094 31.290000915527344 AB 7.986708468712217 1.0117121282847916
60773.0526 lsst_hardware_z -86.23708331055745 70.33999633789062 31.719999313354492 AB 7.6239696614138985 1.011404837014307
60775.0444 lsst_hardware_z 15.379685380407519 56.40999984741211 30.979999542236328 AB 5.745942871404607 1.0112535852524827
60775.0552 lsst_hardware_r -31.851195667692252 75.29000091552734 31.65999984741211 AB 5.748256842661235 1.0130425770209692
60778.0404 lsst_hardware_i 103.92974806889437 72.70999908447266 31.34000015258789 AB 6.6552795708371395 1.0115687758080516
60778.0523 lsst_hardware_z 36.47495139259395 63.959999084472656 30.989999771118164 AB 7.732958906559263 1.0150904314202511
60782.0262 lsst_hardware_g 18.848228155613604 29.049999237060547 31.670000076293945 AB 13.470780833651622 1.0112819213731934
60782.0386 lsst_hardware_r -52.74583064664193 38.15999984741211 31.6200008392334 AB 13.396411018167433 1.0139194715737179
60790.0213 lsst_hardware_u -3.8577465264042186 2.680000066757202 28.489999771118164 AB 13.329243451205432 1.015948433780902
60790.0329 lsst_hardware_g -1.309039886704873 13.0 31.399999618530273 AB 13.444297691053881 1.0237554400883733
60794.05 lsst_hardware_i 55.366910402589106 29.899999618530273 31.239999771118164 AB 9.00216817120435 1.0590786083769823
60794.062 lsst_hardware_z -19.995747115895544 41.369998931884766 30.940000534057617 AB 9.172533894045406 1.082006986557731
60795.0061 lsst_hardware_i -30.033178646002924 29.559999465942383 31.25 AB 10.964094841620675 1.0151939668167291
60795.0181 lsst_hardware_u -3.1687552841212976 2.680000066757202 28.489999771118164 AB 11.046382523693767 1.0228131966383116
60799.9965 lsst_hardware_i -4.983839952129609 36.58000183105469 31.290000915527344 AB 10.52436681428664 1.0173139183960407
60800.0091 lsst_hardware_r 37.087112531081985 36.060001373291016 31.600000381469727 AB 10.336345317333485 1.0268742760824723
60805.9911 lsst_hardware_z 60.27916076836905 58.880001068115234 30.989999771118164 AB 7.691897657037188 1.0253926689897048
60806.0026 lsst_hardware_r -92.4829859082533 82.0999984741211 31.65999984741211 AB 7.5798087840662 1.037619272288323
