data/validation/pwv_sim_epoch_fit_4/24377053.ecsv
# %ECSV 0.9
# ---
# datatype:
# - {name: time, datatype: float64}
# - {name: band, datatype: string}
# - {name: flux, datatype: float64}
# - {name: fluxerr, datatype: float64}
# - {name: zp, datatype: float64}
# - {name: zpsys, datatype: string}
# - {name: pwv, datatype: float64}
# - {name: airmass, datatype: float64}
# meta: {SNID: '24377053', alt: 1024.0, c: -0.10117615014314651, dec: -47.161343, lat: -30.244573, lon: -70.7499537, ra: 87.052399, t0: 60660.46875,
#   x0: 4.035832324857982e-06, x1: 0.651143491268158, z: 0.6690501570701599}
# schema: astropy-2.0
time band flux fluxerr zp zpsys pwv airmass
60595.3741 lsst_hardware_i 24.536061129295476 32.04999923706055 31.260000228881836 AB 5.7338176433695764 1.045490362250576
60602.376 lsst_hardware_y -138.09280645957108 70.55999755859375 30.06999969482422 AB 1.3628560675762387 1.0483508212124912
60604.3704 lsst_hardware_r -111.92805330086384 51.36000061035156 31.6299991607666 AB 3.334451911952724 1.0482950731839844
60612.3688 lsst_hardware_r -0.4531507217738477 32.97999954223633 31.59000015258789 AB 5.13482285018872 1.0617913255146236
60616.3599 lsst_hardware_g -14.984866257602356 19.239999771118164 31.540000915527344 AB 5.201251275435567 1.0637412067358412
60619.3046 lsst_hardware_i -4.000689251982546 29.700000762939453 31.25 AB 3.4525423598973206 1.0462249575446427
60619.3162 lsst_hardware_z 0.7548660230541586 40.779998779296875 30.950000762939453 AB 3.449266940226959 1.0452324061293816
60621.2238 lsst_hardware_z 18.724979900605064 42.45000076293945 30.940000534057617 AB 5.461334651250765 1.1422200190847454
60621.2353 lsst_hardware_r 5.5985656389990615 21.93000030517578 31.479999542236328 AB 5.298553818785376 1.1163859575345807
60627.3486 lsst_hardware_y -81.03027191060649 49.86137120916622 30.030000686645508 AB 6.39406654330272 1.0872875982319805
60627.36 lsst_hardware_g -47.5339005230828 33.9127739615061 31.639999389648438 AB 6.524555296424985 1.1067322113126177
60628.3473 lsst_hardware_r -18.057748887486515 43.965035669179684 31.600000381469727 AB 5.9913798325672545 1.0895068645370556
60628.3584 lsst_hardware_i 69.48371306989947 44.994864802326035 31.280000686645508 AB 6.091934960785901 1.1088846345001733
60630.3394 lsst_hardware_i -34.87493051239927 62.76949835481883 31.309999465942383 AB 3.468279512167856 1.0857600476367766
60630.3522 lsst_hardware_z 5.583922396334875 63.46565693430229 30.969999313354492 AB 3.54114340246503 1.1074725261813652
60632.3371 lsst_hardware_r 63.357856926260254 60.49282070638654 31.6299991607666 AB 6.339861244687063 1.0906506334491592
60632.3498 lsst_hardware_z 57.60477762635666 57.559934865794645 30.969999313354492 AB 6.481501399128052 1.1134368366813356
60634.3307 lsst_hardware_z 71.00599894290194 67.60476642943715 31.700000762939453 AB 4.529842410017598 1.089166244293724
60636.332 lsst_hardware_r 136.85554027937118 35.80139372522391 31.559999465942383 AB 7.030106394469314 1.1004601713231381
60636.344 lsst_hardware_z 61.62813248109821 48.24641724184903 30.950000762939453 AB 7.438554282290836 1.1241156495962752
60643.3107 lsst_hardware_g 175.36587266188846 18.129098164680254 31.3700008392334 AB 6.3759349660637294 1.0966520409466338
60643.3232 lsst_hardware_r 654.8994825723031 33.502615043616615 31.459999084472656 AB 6.514585447909386 1.1204997330425501
60645.3151 lsst_hardware_i 633.0711215007117 39.9962356037457 31.239999771118164 AB 7.290117452735275 1.115037848384069
60645.3272 lsst_hardware_z 519.037461263055 47.146156823111205 30.940000534057617 AB 7.429137103821046 1.1420656577741808
60647.3101 lsst_hardware_z 460.218315839574 47.520433332580865 30.940000534057617 AB 4.010071168611063 1.1159752788340869
60647.3221 lsst_hardware_r 1065.6388271349751 38.48387077221259 31.459999084472656 AB 4.077957583801328 1.142952026290224
60649.2932 lsst_hardware_i 983.0402029480051 42.93790353896552 31.239999771118164 AB 4.77208298114428 1.0947655382299335
60649.3048 lsst_hardware_u 3.5513742856943398 3.656679530075198 28.389999389648438 AB 4.8397377096175775 1.1163043961752794
60651.292 lsst_hardware_g 376.4853866365588 23.45343365331651 31.3799991607666 AB 6.112665935619318 1.1021756104614708
60651.3032 lsst_hardware_r 1312.0715722307802 42.143387158385316 31.469999313354492 AB 6.21674770943907 1.1244569593824014
60653.2219 lsst_hardware_r 1421.408738251155 43.263912871215794 31.489999771118164 AB 9.74251019723081 1.0451841865145806
60653.2349 lsst_hardware_i 1152.9129174031052 44.778950197835705 31.25 AB 9.786916997795652 1.0476628365169762
60655.2176 lsst_hardware_z 1583.8559256806816 75.35221241175205 31.709999084472656 AB 13.12287743468736 1.0452311775935772
60657.2122 lsst_hardware_z 727.086002180814 58.9002656274585 30.969999313354492 AB 8.064864853073729 1.0452357515593989
60657.2241 lsst_hardware_r 1592.8781828682459 75.04445506477889 31.639999389648438 AB 8.108392177461544 1.0477086909608972
60659.2116 lsst_hardware_i 1386.793844852452 73.01918511004648 31.329999923706055 AB 10.86084453898408 1.0458096721857428
60659.2255 lsst_hardware_z 927.3017223373737 64.51809821606149 30.979999542236328 AB 10.912014783034788 1.050789944577777
60661.2132 lsst_hardware_i 1283.0035886443393 66.94557261209404 31.329999923706055 AB 4.980156088510754 1.0477186721973044
60661.2269 lsst_hardware_z 869.9862327000469 61.1539370653705 30.979999542236328 AB 4.982880910304595 1.0550990069815849
60664.22 lsst_hardware_g 384.7423437438433 47.305781892493556 31.700000762939453 AB 6.230695505775131 1.0560500857245985
60664.2332 lsst_hardware_r 1328.945873243853 57.508338826999584 31.6200008392334 AB 6.303221810071802 1.0683426796731867
60666.2009 lsst_hardware_r 2431.997786567739 62.868975976353184 32.29999923706055 AB 6.133294839237522 1.0482323511436666
60666.213 lsst_hardware_i 1132.9558612956498 47.82499731092046 31.270000457763672 AB 7.152120400897217 1.054923913255978
60669.2042 lsst_hardware_g 193.2910112288394 18.404388760002487 31.3799991607666 AB 7.484820334133149 1.054497088494324
60669.2167 lsst_hardware_r 1055.4843566727297 38.447008410878304 31.469999313354492 AB 7.8288098068130525 1.065289128699558
60671.1974 lsst_hardware_i 1008.0981494019263 43.48617543979031 31.25 AB 6.376416656512319 1.0535903597679563
60671.2096 lsst_hardware_z 714.6530593052122 49.01546492557755 30.950000762939453 AB 6.415924773310952 1.0636333118702055
60673.1982 lsst_hardware_i 928.5992559127914 42.58175238855043 31.239999771118164 AB 9.841684587177593 1.058245654535225
60673.2105 lsst_hardware_u -2.817566651938985 2.617745260732896 28.3799991607666 AB 9.628180887095894 1.0704817952687433
60675.1957 lsst_hardware_g 133.25938827692522 16.54664027288224 31.399999618530273 AB 7.375571434838772 1.0608135536066725
60675.21 lsst_hardware_r 772.0365319635474 35.3947846750715 31.489999771118164 AB 7.522979039204452 1.0766145921116907
60681.1845 lsst_hardware_g 86.57387583277324 15.542924915633025 31.3700008392334 AB 7.29064783117674 1.0658841858445511
60681.1986 lsst_hardware_r 578.6737367735799 31.58741592153117 31.469999313354492 AB 7.277279026937191 1.0834927457659749
60683.1755 lsst_hardware_i 629.7667413619407 42.865958567385974 31.270000457763672 AB 7.097527080397133 1.062345020265998
60683.1883 lsst_hardware_z 597.4090887038052 49.082591045337246 30.950000762939453 AB 7.153226795154962 1.0768066829978868
60685.1577 lsst_hardware_i 596.6732891724189 50.98258366486262 31.299999237060547 AB 8.758952551355538 1.0526532860918023
60685.1701 lsst_hardware_z 553.9240379612968 53.11247903644081 30.959999084472656 AB 8.15643215368511 1.0624043270690922
60687.151 lsst_hardware_z 338.3178246328183 58.83034827840612 30.979999542236328 AB 7.424341826734422 1.0519044809768239
60687.1643 lsst_hardware_r 495.11264466533277 74.00197605944577 31.649999618530273 AB 7.450518183035528 1.0620838464769047
60689.1521 lsst_hardware_i 881.0312882669047 94.34605701668309 32.08000183105469 AB 7.780185850703882 1.0563369676119456
60689.1652 lsst_hardware_r 699.8219161646854 116.98881450491186 32.400001525878906 AB 7.906123393234419 1.068647773897127
60691.101 lsst_hardware_i 343.6588934972563 53.488517193712504 31.31999969482422 AB 3.9167826063398943 1.048529676439538
60691.1149 lsst_hardware_z 476.2129819355394 55.36417932113539 30.979999542236328 AB 3.901160031690147 1.0452568910684297
60696.0997 lsst_hardware_r 211.5560647170012 25.328734445561157 31.469999313354492 AB 13.2630710285728 1.045378936622311
60696.1118 lsst_hardware_i 264.8845586221542 34.08927176182108 31.239999771118164 AB 13.217759793281719 1.0460674645802905
60702.0903 lsst_hardware_r 123.32597969103504 24.4763665163847 31.489999771118164 AB 11.807278133213979 1.0453235672443468
60702.1027 lsst_hardware_i 205.75843490470822 33.11407599121827 31.25 AB 11.97774724887525 1.0482887492451645
60704.0914 lsst_hardware_z 267.77667683865536 43.65802865716689 30.950000762939453 AB 11.895506227362326 1.0464027293598106
60704.1029 lsst_hardware_u -0.27472747175050855 2.6729504069154455 28.479999542236328 AB 12.096537205172947 1.0509589231253647
60706.0887 lsst_hardware_g 34.13083404518119 18.795655716554784 32.13999938964844 AB 9.298927730405603 1.0471863734162958
60706.1014 lsst_hardware_r 95.31156949408488 23.97773829366702 31.489999771118164 AB 9.346496169472431 1.0533241363041808
60708.0877 lsst_hardware_i 156.554654557544 32.60057761673276 31.25 AB 6.274843229209821 1.0488663985306619
60708.1011 lsst_hardware_z 231.8753485801823 43.79528561631253 30.950000762939453 AB 6.2584792723397475 1.0570267595788223
60710.0706 lsst_hardware_z 260.0979816283018 43.76458305015587 30.950000762939453 AB 10.16499994620295 1.045557788149277
60710.0829 lsst_hardware_i 190.6609736580333 33.40533223436355 31.260000228881836 AB 10.156741252998613 1.0491598092105032
60717.0669 lsst_hardware_z 463.6223583277542 80.0499651102899 31.729999542236328 AB 1.055946633766119 1.0506931679265001
60719.0734 lsst_hardware_g 62.47765095109316 86.10896209400838 31.729999542236328 AB 2.6237902570287903 1.0589406748173855
60719.0858 lsst_hardware_r 58.085679417458124 77.76671981333797 31.649999618530273 AB 3.647890492526458 1.071569506507001
60721.0547 lsst_hardware_i 79.50925270369773 45.645016346770475 31.299999237060547 AB 1.7887357596801716 1.0500356675551425
60721.0666 lsst_hardware_z 113.80180555075329 50.57732123968272 30.969999313354492 AB 1.8069484258630477 1.0578291106623365
60723.0623 lsst_hardware_i 215.0589216114678 44.24840384759241 31.979999542236328 AB 1.3215483656191516 1.0587915868227378
60723.0759 lsst_hardware_u -2.1528131689623815 6.689902580366073 29.5 AB 1.3421665191574799 1.0728034523339611
60725.0571 lsst_hardware_g 26.179989776614928 18.622331754650922 32.150001525878906 AB 3.0844656268541844 1.0590136912320167
60725.0687 lsst_hardware_r 126.5238236786863 32.67470516944203 32.2400016784668 AB 3.1269649440457568 1.0707256193051529
60730.0538 lsst_hardware_u 0.06272415624945483 3.946549958513287 29.229999542236328 AB 8.45772413424164 1.0692895782681495
60730.068 lsst_hardware_g 8.925916492577215 18.525648316053704 32.150001525878906 AB 8.605401151169088 1.0883154746696428
60972.3179 lsst_hardware_z 5.860819383860132 57.689998626708984 31.700000762939453 AB 3.3985672171199734 1.0561663284151168
60976.3577 lsst_hardware_r -4.421088153661857 22.079999923706055 31.489999771118164 AB 3.5485166906639645 1.051023084980071
60976.3695 lsst_hardware_i -26.080527794599643 45.54999923706055 31.299999237060547 AB 3.530822359374745 1.0593526430767313
60979.2873 lsst_hardware_u 1.990308062741953 3.680000066757202 29.170000076293945 AB 4.053300933067808 1.0666581402810023
60979.301 lsst_hardware_g -0.5873893557903781 17.799999237060547 32.119998931884766 AB 3.6104559991070566 1.0545582705988872
60982.35 lsst_hardware_i 26.722027924639534 30.229999542236328 31.25 AB 5.178282824598501 1.0567924131833675
60982.362 lsst_hardware_z 85.28129755942656 51.63999938964844 30.969999313354492 AB 5.209466965447474 1.0680973821994093
60991.3508 lsst_hardware_r 12.695302586685026 30.889999389648438 31.549999237060547 AB 3.9928631861828596 1.0854596129353975
60997.3397 lsst_hardware_r -2.786540107356607 22.049999237060547 31.469999313354492 AB 4.041483598433307 1.0937709332701164
60997.3527 lsst_hardware_u 7.905916656431821 7.340000152587891 29.020000457763672 AB 4.115765629886646 1.117958883576372
60999.3251 lsst_hardware_u -1.419983650693341 2.559999942779541 28.360000610351562 AB 5.213858806982945 1.079921045356865
60999.3372 lsst_hardware_g 3.7329895387665846 13.220000267028809 31.3799991607666 AB 5.4975034209372104 1.0988047744969274
61001.3211 lsst_hardware_r 24.770935716170257 21.489999771118164 31.459999084472656 AB 4.868854929029369 1.0819677620065264
61001.3323 lsst_hardware_i 12.220767105674021 30.260000228881836 31.229999542236328 AB 4.949052395666715 1.09978942125927
61004.3309 lsst_hardware_z 13.407904370296528 41.77000045776367 30.93000030517578 AB 7.4568704231351 1.1125091079237828
61004.3425 lsst_hardware_r -36.2503992247939 23.1200008392334 31.469999313354492 AB 6.370975132873585 1.1378095843922345
61006.322 lsst_hardware_u -1.6180845601026521 2.609999895095825 28.389999389648438 AB 4.235527088559214 1.105881746360108
61006.334 lsst_hardware_r 40.33293065457364 22.09000015258789 31.469999313354492 AB 4.451110646219732 1.13072796804769
61009.3195 lsst_hardware_i 39.30970109028942 30.15999984741211 31.229999542236328 AB 6.503899060131923 1.117060581690947
61009.3318 lsst_hardware_z -60.80300908500297 42.2599983215332 30.940000534057617 AB 6.659078678948264 1.1450077253919348
61011.3159 lsst_hardware_r 0.13028932323582898 21.700000762939453 31.469999313354492 AB 7.336805140322198 1.120950086372468
61011.3277 lsst_hardware_z -92.4730993691127 42.20000076293945 30.940000534057617 AB 7.4860700509431215 1.148434463594864
61013.2964 lsst_hardware_r 32.747717971486935 75.76000213623047 31.6299991607666 AB 3.983672883340096 1.094415627291235
61013.3097 lsst_hardware_y 58.32378909006191 52.5 30.020000457763672 AB 3.9393262351513023 1.1193917788732093
61015.2951 lsst_hardware_z 16.91551069557638 56.209999084472656 30.969999313354492 AB 4.783226924837797 1.1016183613169368
61015.3071 lsst_hardware_r 18.54910526331178 73.94000244140625 31.6299991607666 AB 4.909842768391582 1.1255298913156242
61020.2184 lsst_hardware_z 9.714318687409637 42.16999816894531 30.950000762939453 AB 9.975564871049613 1.045236701295735
61020.2305 lsst_hardware_r -52.09319553562917 29.739999771118164 31.559999465942383 AB 9.968954838555435 1.0478011567194991
61022.2062 lsst_hardware_u 0.4386613412835524 2.680000066757202 28.489999771118164 AB 11.561577629013893 1.0454293689109089
61022.2188 lsst_hardware_g 4.0897070723931055 12.75 31.399999618530273 AB 11.325174350935134 1.0460122241558265
61024.2104 lsst_hardware_r -39.44233052829736 21.309999465942383 31.479999542236328 AB 8.435991951197764 1.045515412293902
61024.2232 lsst_hardware_z -46.11208461828297 40.560001373291016 30.950000762939453 AB 8.46493508889779 1.049301599596935
61026.2164 lsst_hardware_r 5.0974907758504004 21.329999923706055 31.469999313354492 AB 8.79797118252195 1.048709215971307
61026.2286 lsst_hardware_u -1.2933124569146615 2.5999999046325684 28.420000076293945 AB 8.9687034367232 1.0558454777760973
61028.2176 lsst_hardware_g -8.785575200606242 12.680000305175781 31.389999389648438 AB 5.423694674902264 1.0521231183127575
61028.229 lsst_hardware_r -1.7970116370679843 21.459999084472656 31.479999542236328 AB 5.466460348459868 1.060676274258524
61030.2025 lsst_hardware_r 6.010314169668111 21.31999969482422 31.479999542236328 AB 4.931900483663025 1.0475574519248423
61030.2162 lsst_hardware_i -0.45411906313017353 29.670000076293945 31.25 AB 6.2231698147382835 1.0547745448708954
61032.2043 lsst_hardware_z 40.1358157964062 40.720001220703125 30.950000762939453 AB 6.097903947029865 1.0507739537379683
61032.217 lsst_hardware_r -10.81060501617694 21.479999542236328 31.489999771118164 AB 7.1329769592605015 1.0597202435388757
61036.1946 lsst_hardware_r -2.200860910058014 21.440000534057617 31.479999542236328 AB 5.809444275002104 1.0514514087060005
61036.2073 lsst_hardware_z 18.131243332246587 40.970001220703125 30.950000762939453 AB 5.87865472773742 1.0608098756819404
61038.1961 lsst_hardware_r 25.71596909886385 29.790000915527344 31.559999465942383 AB 7.397895153187892 1.056050127145768
61038.2075 lsst_hardware_y 32.24552096796758 47.72999954223633 30.040000915527344 AB 7.468950446528232 1.066383558898948
61040.2 lsst_hardware_z 57.18580414541949 48.439998626708984 30.959999084472656 AB 7.024221530548012 1.0642759894769716
