data/validation/pwv_sim_epoch_fit_4/24401631.ecsv
# %ECSV 0.9
# ---
# datatype:
# - {name: time, datatype: float64}
# - {name: band, datatype: string}
# - {name: flux, datatype: float64}
# - {name: fluxerr, datatype: float64}
# - {name: zp, datatype: float64}
# - {name: zpsys, datatype: string}
# - {name: pwv, datatype: float64}
# - {name: airmass, datatype: float64}
# meta: {SNID: '24401631', alt: 1024.0, c: 0.15387985110282898, dec: -35.136116, lat: -30.244573, lon: -70.7499537, ra: 85.429688, t0: 62100.21484375,
#   x0: 9.716548212924883e-06, x1: 0.4155453145503998, z: 0.46582281589508057}
# schema: astropy-2.0
time band flux fluxerr zp zpsys pwv airmass
[from data line 132]
62438.1993 lsst_hardware_i 8.461011880219466 37.209999084472656 31.229999542236328 AB 2.7134741204780624 1.2942876796934217
62438.2194 lsst_hardware_r 47.4910478178105 33.84000015258789 31.540000915527344 AB 3.9428377946913464 1.1991599132272952
62440.1945 lsst_hardware_u 2.345492898191493 2.5 28.229999542236328 AB 4.432296412013695 1.2907094968007267
62440.2136 lsst_hardware_g 1.3565419401951084 12.9399995803833 31.34000015258789 AB 4.564594547856636 1.2005508947787644
62442.184 lsst_hardware_g -10.241625454492294 12.989999771118164 31.280000686645508 AB 4.688352230913728 1.3188978777447975
62442.2011 lsst_hardware_r -5.862788623771045 22.389999389648438 31.440000534057617 AB 4.316032861807718 1.2309541138845543
62451.2081 lsst_hardware_z -5.010354688310394 41.720001220703125 30.940000534057617 AB 0.8629537610570848 1.116008743688438
62451.2257 lsst_hardware_r -6.923644438186721 21.600000381469727 31.469999313354492 AB 2.495113533458354 1.0723983668160069
62456.18 lsst_hardware_z -29.313282124698684 47.959999084472656 30.950000762939453 AB 6.392070254003664 1.1620537366386057
62456.1982 lsst_hardware_r -23.590902312341377 46.38999938964844 31.610000610351562 AB 6.111954755362478 1.1056358095807666
62458.1793 lsst_hardware_i 36.997388485398716 52.470001220703125 31.299999237060547 AB 6.42573134337961 1.145764069608097
62458.1965 lsst_hardware_r 13.914985606671616 61.22999954223633 31.6299991607666 AB 6.09589469369587 1.095841929566733
62460.2072 lsst_hardware_z -141.28749730477873 59.88999938964844 30.979999542236328 AB 5.491841411149048 1.0601669337181652
62460.2258 lsst_hardware_r 38.07049772488432 82.27999877929688 31.65999984741211 AB 5.054219075675915 1.0307195232756823
62465.1915 lsst_hardware_i 107.00803022359277 72.25 32.060001373291016 AB 6.316577517038266 1.0641433413513484
62465.2106 lsst_hardware_z -1.1792169027906412 72.27999877929688 31.719999313354492 AB 6.427477969584722 1.0327339577561485
62466.2343 lsst_hardware_r 51.85126779433523 49.529998779296875 31.639999389648438 AB 5.314450695486564 1.0084665603883547
62466.253 lsst_hardware_z 11.327834360273004 47.18000030517578 30.969999313354492 AB 5.343684138919716 1.0036344091127467
62473.138 lsst_hardware_z -17.86718026217926 42.4900016784668 30.940000534057617 AB 7.421331497085251 1.1469107071331661
62473.1538 lsst_hardware_u 0.38515552584746504 2.5999999046325684 28.3799991607666 AB 7.118527175588662 1.100317022577373
62481.1337 lsst_hardware_r 1.8762486044507576 23.15999984741211 31.479999542236328 AB 10.498540474064574 1.0958524541702421
62481.1557 lsst_hardware_z -14.480036620359948 40.7400016784668 30.940000534057617 AB 10.062425703172572 1.049663656925405
62483.1322 lsst_hardware_r -45.10270003620394 30.860000610351562 31.559999465942383 AB 11.19368814743848 1.0861682712525613
62483.1552 lsst_hardware_y -103.79843531542167 47.25 30.049999237060547 AB 10.746980747236876 1.0416600889039296
62487.0495 lsst_hardware_y 19.159654312221488 54.2400016784668 29.940000534057617 AB 15.208439868425035 1.3923742555320904
62487.0711 lsst_hardware_z -16.810860566828694 53.650001525878906 30.950000762939453 AB 13.791498803775216 1.2650720117206151
62489.0508 lsst_hardware_y -144.59760699783814 57.029998779296875 29.950000762939453 AB 5.63340177584821 1.3481875734948447
62489.0729 lsst_hardware_i 1.7555446014389267 67.41000366210938 31.299999237060547 AB 5.040940003317502 1.230397852896632
62491.051 lsst_hardware_y -54.917746284191 82.7300033569336 30.719999313354492 AB 5.805822176105559 1.3143769783282402
62491.0736 lsst_hardware_i 104.00111071854286 105.38999938964844 32.060001373291016 AB 5.393357002947302 1.2036728232881044
62493.0524 lsst_hardware_y -175.05261006252323 52.66999816894531 29.969999313354492 AB 6.243166847015847 1.2769170827869263
62493.0758 lsst_hardware_g -26.601281682760018 52.38999938964844 31.65999984741211 AB 5.746363701055602 1.1735855202387326
62499.0501 lsst_hardware_y 3.252254197034197 50.33000183105469 29.989999771118164 AB 9.917466102550968 1.2106281863465536
62499.0704 lsst_hardware_r 49.06705580749509 22.1299991607666 31.469999313354492 AB 9.318127910157761 1.1359414738703482
62501.051 lsst_hardware_y -30.498029263043826 50.310001373291016 30.0 AB 8.900042031173337 1.1848029151126005
62501.0746 lsst_hardware_z -21.815336723376365 41.619998931884766 30.940000534057617 AB 8.321481820167692 1.107623335832869
62503.0511 lsst_hardware_y -50.825500848224955 49.9900016784668 30.0 AB 8.342699221724928 1.164097565822084
62503.0729 lsst_hardware_u -0.6046120771238503 2.5299999713897705 28.31999969482422 AB 7.602018270432868 1.097711533081373
62505.0503 lsst_hardware_y -43.31097704571129 50.279998779296875 30.010000228881836 AB 2.5499960954250995 1.148000493157051
62505.0742 lsst_hardware_r -30.56068734497397 21.729999542236328 31.469999313354492 AB 2.4033232852515463 1.0813603083246555
62507.0503 lsst_hardware_y 48.3388554450481 50.06999969482422 30.020000457763672 AB 10.95467401984178 1.130513314741154
62507.0741 lsst_hardware_r -11.157766340623475 21.65999984741211 31.469999313354492 AB 10.522720161545749 1.069672014253093
62509.0495 lsst_hardware_z -11.460102830181992 44.060001373291016 30.950000762939453 AB 8.96037861840401 1.1166972355937295
62509.0726 lsst_hardware_g 19.02550842392744 13.25 31.399999618530273 AB 8.608499446717627 1.0617290881496826
62512.0459 lsst_hardware_y 49.57618374039245 52.880001068115234 30.040000915527344 AB 6.84502040208692 1.1040355487236968
62512.0634 lsst_hardware_r 34.157904161173676 27.899999618530273 31.559999465942383 AB 6.594922064275793 1.0636971071412569
62514.0445 lsst_hardware_y -11.157051521660557 53.220001220703125 30.040000915527344 AB 2.406984388300216 1.0935867279873766
62514.0614 lsst_hardware_z -12.782177127099192 44.86000061035156 30.959999084472656 AB 2.374240736240111 1.057097389243162
62517.044 lsst_hardware_y 76.4404030291244 57.150001525878906 30.040000915527344 AB 3.601475199576217 1.0756291195628216
62517.0613 lsst_hardware_z -33.02565882967733 52.7400016784668 30.969999313354492 AB 3.518044826534776 1.0433110398976144
62519.0503 lsst_hardware_y 157.18242251459577 114.05999755859375 31.559999465942383 AB 4.104763180845502 1.052503379703975
62521.0422 lsst_hardware_z -24.24005466130794 64.33999633789062 30.979999542236328 AB 8.756729838894243 1.0572568474366768
62521.0598 lsst_hardware_r -76.50639514002421 82.5199966430664 31.65999984741211 AB 8.445338142782775 1.0300239629372263
62525.039 lsst_hardware_y -134.01634514031954 54.22999954223633 30.049999237060547 AB 15.294229124102568 1.0440281327783025
62525.0559 lsst_hardware_u 3.629658750806596 2.6600000858306885 28.389999389648438 AB 13.21834412278993 1.0219644836608175
