data/validation/pwv_sim_epoch_fit_4/24425052.ecsv
# %ECSV 0.9
# ---
# datatype:
# - {name: time, datatype: float64}
# - {name: band, datatype: string}
# - {name: flux, datatype: float64}
# - {name: fluxerr, datatype: float64}
# - {name: zp, datatype: float64}
# - {name: zpsys, datatype: string}
# - {name: pwv, datatype: float64}
# - {name: airmass, datatype: float64}
# meta: {SNID: '24425052', alt: 1024.0, c: 0.062320858240127563, dec: -47.55368, lat: -30.244573, lon: -70.7499537, ra: 186.14537, t0: 60723.0234375,
#   x0: 9.825599129006842e-06, x1: 1.0607609748840332, z: 0.46362608671188354}
# schema: astropy-2.0
time band flux fluxerr zp zpsys pwv airmass
60696.3571 lsst_hardware_z -60.447134129537744 47.312725650909094 30.959999084472656 AB 11.85815919932465 1.0540273650550784
60696.3707 lsst_hardware_y 123.49816955776015 63.6714236626852 30.059999465942383 AB 11.810105285989664 1.0489790341653564
60698.3573 lsst_hardware_i 146.26597648654493 35.19657693209784 31.270000457763672 AB 9.974685983409945 1.051350301281687
60698.3705 lsst_hardware_y 110.82853421160569 55.72850903695339 30.059999465942383 AB 9.809671636647865 1.0482938352326068
60702.3584 lsst_hardware_r 576.2097728087878 33.38123604158317 31.510000228881836 AB 11.487717951238173 1.0483885878383001
60702.3715 lsst_hardware_y 126.52668931038211 54.86567875150977 30.059999465942383 AB 11.50443833384374 1.0493399310296658
60704.363 lsst_hardware_z 1084.0131816478472 67.35733589166985 31.709999084472656 AB 12.095811606121703 1.0487319047249828
60706.3632 lsst_hardware_g 449.60735436965257 25.615279481351724 31.420000076293945 AB 12.145645996824472 1.050055849869551
60706.3742 lsst_hardware_y 249.6134783881748 53.995081952655106 30.049999237060547 AB 12.268491457620595 1.054975976291273
60708.3452 lsst_hardware_r 1872.5206155244523 48.670274945255045 31.510000228881836 AB 10.297471408949173 1.048222054607368
60708.3564 lsst_hardware_i 1335.6621749978433 47.569605696226986 31.260000228881836 AB 10.371786346672804 1.0496697041466212
60712.3471 lsst_hardware_u 6.209331726438428 3.2384046359552703 28.469999313354492 AB 4.586946667211548 1.050145187571088
60712.3592 lsst_hardware_g 975.0749646070542 34.37270410991505 31.40999984741211 AB 4.671111317320402 1.0558172124287968
60717.3407 lsst_hardware_z 2029.7321234635463 68.37787930906508 30.979999542236328 AB 4.693632260250765 1.0530922728855205
60717.3523 lsst_hardware_g 1596.6788330967229 67.58267995688537 31.709999084472656 AB 4.707665423785677 1.0606433308067313
60719.3057 lsst_hardware_r 4233.207433909687 107.31113488479937 31.65999984741211 AB 5.982081840675387 1.049488042223752
60719.3162 lsst_hardware_z 2094.9030834024443 75.65918611931858 30.979999542236328 AB 5.9748984172056865 1.0482277924922256
60721.295 lsst_hardware_r 4081.945893889066 103.6875289032589 31.649999618530273 AB 4.10656296338225 1.051167994039825
60721.3064 lsst_hardware_i 2881.2431788709637 83.99791546226486 31.329999923706055 AB 4.2303347075672955 1.04841008861643
60723.2903 lsst_hardware_z 2256.0774781765335 72.51692167098498 30.979999542236328 AB 4.594542180792117 1.0508816576671192
60723.3018 lsst_hardware_i 2842.7937107796506 78.09550122059993 31.31999969482422 AB 5.169175123982405 1.0483370202431839
60725.3282 lsst_hardware_z 2128.7342858734532 67.52390938537839 30.969999313354492 AB 2.7231340668046693 1.0588985353745195
60725.3402 lsst_hardware_r 3861.7085563827377 80.32557367555432 31.6299991607666 AB 3.3737523464023766 1.069758968340076
60728.3332 lsst_hardware_i 2507.60622715975 59.08606565329775 31.25 AB 11.948656162067602 1.071052004487953
60728.3448 lsst_hardware_r 3194.2130131785675 63.05142914455349 31.520000457763672 AB 10.13805602535685 1.0857355850449102
60730.2805 lsst_hardware_i 2527.40305894987 57.75210749078733 31.260000228881836 AB 10.373373840654518 1.0485657759158844
60730.2924 lsst_hardware_z 2007.2830137838512 60.01467432802899 30.950000762939453 AB 10.39377751495038 1.0488082859999877
60732.2735 lsst_hardware_r 2840.5100264283337 57.52149960637635 31.479999542236328 AB 6.804077577716111 1.0487980851970884
60732.286 lsst_hardware_g 640.1788635162678 28.665047036360477 31.389999389648438 AB 6.803178969958548 1.0486595714772329
60734.2752 lsst_hardware_r 2730.4666875759785 56.00744777822383 31.489999771118164 AB 5.7479950450625354 1.0482347123301787
60734.2869 lsst_hardware_i 2315.1026687582435 55.91057303220395 31.25 AB 5.765824153434166 1.0501136753461935
60737.2774 lsst_hardware_z 1557.5058358526676 56.4311910130718 30.940000534057617 AB 6.144865981060707 1.0497315363759483
60737.2901 lsst_hardware_i 2085.122329315316 54.04904989384206 31.239999771118164 AB 6.22104789232007 1.0553092268566702
60739.2745 lsst_hardware_u 6.657717667539522 2.8340923509602938 28.399999618530273 AB 10.830193856122595 1.050523201253485
60739.286 lsst_hardware_g 398.83682756217326 23.709470232765238 31.389999389648438 AB 10.931207982269283 1.056155360605728
60750.2505 lsst_hardware_r 1159.0870223071431 106.70212088170969 31.649999618530273 AB 7.905032706582153 1.0530566099286882
60750.2627 lsst_hardware_z 1112.4002514354213 76.81174938117015 30.989999771118164 AB 7.96671318372517 1.0610612571138678
60752.2254 lsst_hardware_r 1045.8141629497802 84.51012785073144 31.65999984741211 AB 6.184622224898549 1.0482410550675505
60752.2386 lsst_hardware_i 1341.6218607099954 74.03138804520671 31.329999923706055 AB 6.1973173779736 1.0503927759277287
60754.2177 lsst_hardware_z 920.7908191436511 58.322380598853435 30.979999542236328 AB 5.163742440801913 1.048315980470384
60754.2308 lsst_hardware_i 1156.8373014014285 58.71302911833067 31.31999969482422 AB 5.1558099170183995 1.0496889941504517
60756.2226 lsst_hardware_z 988.5361051367872 52.8898934451923 30.959999084472656 AB 6.07745179072409 1.0490423114022935
60756.2336 lsst_hardware_g 111.10865022978723 31.397902977674445 31.65999984741211 AB 6.010202818793373 1.0528053985186792
60758.2202 lsst_hardware_r 632.7498567478674 33.300553883219685 31.510000228881836 AB 6.210321203436021 1.0497796089763756
60758.2326 lsst_hardware_i 920.6913843784943 43.923391220919335 31.260000228881836 AB 6.266602871273588 1.0552205104299934
60760.205 lsst_hardware_z 867.6477187525368 50.289130287661116 30.950000762939453 AB 7.756461458270977 1.0482649056137008
60760.2176 lsst_hardware_u 1.2483244384950778 2.8838137681590625 28.549999237060547 AB 6.848714536375232 1.0506849199246073
60767.2087 lsst_hardware_i 697.0187601960049 40.225081079840194 31.25 AB 9.014583693167463 1.055633666276417
60767.2209 lsst_hardware_u -1.5880952682364475 2.9010767673203657 28.459999084472656 AB 9.098845408171488 1.0651267671257294
60769.2048 lsst_hardware_g 72.77200088813987 15.73963959721792 31.399999618530273 AB 4.891136544692046 1.056629195223997
60769.2165 lsst_hardware_r 274.82199020652894 28.76459402038636 31.479999542236328 AB 5.863779847406948 1.066141790437627
60771.1862 lsst_hardware_r 372.3898879095312 34.027914911364775 31.559999465942383 AB 14.52365832147954 1.0502319995284937
60771.1984 lsst_hardware_i 654.7710814409166 41.48233972082425 31.270000457763672 AB 14.643886071563278 1.0560240911201615
60773.1937 lsst_hardware_z 1251.2016974425653 76.160637484998 31.709999084472656 AB 8.984772875306005 1.0565142038576387
60778.1386 lsst_hardware_r 302.16003548789337 116.60500452757535 31.65999984741211 AB 8.84358063067677 1.0515032704297695
60778.1512 lsst_hardware_i 397.8368384977609 92.63810543898575 31.34000015258789 AB 8.91182406501815 1.048398497918904
60780.1372 lsst_hardware_z 546.4153241696097 72.15769045666816 30.989999771118164 AB 11.123995901012131 1.0500609704866555
60780.1476 lsst_hardware_i 541.6524024021078 81.17909482149551 31.34000015258789 AB 11.072663853922865 1.048282995511516
60782.1451 lsst_hardware_z 840.3019410122151 81.588366146914 31.729999542236328 AB 15.328647828695814 1.0482799189862189
60784.1253 lsst_hardware_r 276.8051134351283 38.87698801485235 31.600000381469727 AB 10.038927609488407 1.0503717090754283
60784.1359 lsst_hardware_i 374.1486608451319 43.576203184684374 31.299999237060547 AB 9.994183857282458 1.0483226367317835
60790.1246 lsst_hardware_z 423.06735171387595 45.115698084737254 30.950000762939453 AB 14.078529429337491 1.0483546580952925
60790.1377 lsst_hardware_u -2.0004906749449303 2.808363587995628 28.5 AB 14.835297025831792 1.0514589383441213
60792.1224 lsst_hardware_g 28.74651665969086 14.673893211390284 31.399999618530273 AB 4.647138220005397 1.0487194854737512
60792.1332 lsst_hardware_r 196.02938606769212 26.48918434414334 31.479999542236328 AB 4.761419206512829 1.0518599130735264
60795.1142 lsst_hardware_z 412.7179197607193 44.96014971136568 30.950000762939453 AB 11.065036758102694 1.048719245389318
60795.1252 lsst_hardware_i 306.65693065052 35.25387280001411 31.25 AB 10.966248694101546 1.0519435664262018
60797.1109 lsst_hardware_u -1.6635676707784794 2.700000047683716 28.459999084472656 AB 9.325275129313585 1.049109844389097
60797.1229 lsst_hardware_g 22.957637343592246 13.59000015258789 31.40999984741211 AB 9.390585265611392 1.0534451078558167
60800.1048 lsst_hardware_r -11.648201469526487 33.2400016784668 31.579999923706055 AB 9.716159826493916 1.0496013639941575
60800.1169 lsst_hardware_i -26.331796415575116 35.56999969482422 31.270000457763672 AB 9.79759233459651 1.054638572077127
60802.1122 lsst_hardware_z 59.39437979251925 69.27999877929688 31.719999313354492 AB 7.0590289454565385 1.0550824221592614
60804.1129 lsst_hardware_z 24.894231395476385 59.86000061035156 30.979999542236328 AB 9.075485036736591 1.0592302797311104
60804.1247 lsst_hardware_r 41.047196280739925 78.62000274658203 31.649999618530273 AB 9.28192679586651 1.0700038575006996
60806.0996 lsst_hardware_i 7.4092523344776025 87.23999786376953 31.34000015258789 AB 8.24590092672322 1.0541260372928791
60806.111 lsst_hardware_z -38.00898956174113 75.44999694824219 31.0 AB 8.310823168847573 1.0620860279677409
60810.0922 lsst_hardware_z 3.38425866220807 81.30000305175781 31.729999542236328 AB 6.8913159562671185 1.056221312938481
60812.0853 lsst_hardware_r 7.227947103653363 43.7400016784668 31.6200008392334 AB 9.055499719073856 1.0553272987878703
60812.0977 lsst_hardware_i 3.0059784819258653 44.11000061035156 31.299999237060547 AB 9.07957940781057 1.0648347151975142
60818.0829 lsst_hardware_g 7.1651281405946525 13.319999694824219 31.389999389648438 AB 2.0637370755577273 1.0663470938120083
60818.0947 lsst_hardware_r -54.33239432174974 22.200000762939453 31.479999542236328 AB 2.8013422886513837 1.0797927362140756
60824.0208 lsst_hardware_r 8.48875468627111 22.0 31.479999542236328 AB 9.87201648536614 1.0491170391292237
60824.0339 lsst_hardware_u 3.4333800805109256 2.5999999046325684 28.389999389648438 AB 9.91529878370102 1.0485722063981504
60826.022 lsst_hardware_g 15.648194323145551 14.020000457763672 31.43000030517578 AB 9.256456515372472 1.048296321106735
60826.034 lsst_hardware_r -9.792455785017605 22.440000534057617 31.5 AB 9.284494918205612 1.0496588472011277
60830.025 lsst_hardware_r -27.112317285798397 40.720001220703125 31.610000610351562 AB 11.76244325939542 1.0502181481603055
60830.0365 lsst_hardware_g 22.36677904067063 38.560001373291016 31.68000030517578 AB 11.914894351230458 1.0555441453970855
60841.9544 lsst_hardware_y 50.68916257193915 60.869998931884766 30.059999465942383 AB 10.242959200317399 1.0565197731116394
60841.9622 lsst_hardware_i 66.97079539477856 31.290000915527344 31.260000228881836 AB 9.585229077332864 1.0522234016502583
60843.9942 lsst_hardware_r -3.4367772649971613 22.09000015258789 31.489999771118164 AB 7.025832616860662 1.0532692627031186
60844.0071 lsst_hardware_u 0.41714996258510306 2.6600000858306885 28.43000030517578 AB 5.376700255920732 1.0619768425816607
60847.0016 lsst_hardware_g -8.975912387830025 13.289999961853027 31.399999618530273 AB 4.1662246519228905 1.0643510138609105
60847.0134 lsst_hardware_r -18.47371534589833 22.1200008392334 31.479999542236328 AB 4.247193901586189 1.0771023039653607
60850.9956 lsst_hardware_r 27.819028761624338 22.09000015258789 31.469999313354492 AB 5.398221712194852 1.0692018048119734
60851.0073 lsst_hardware_g -4.66319044776969 13.289999961853027 31.3799991607666 AB 5.435275899198572 1.08344370083688
61062.3581 lsst_hardware_z -18.904590743314376 41.56999969482422 30.950000762939453 AB 9.418880098573673 1.0525260386166189
61062.3713 lsst_hardware_y 8.617324465545924 59.75 30.059999465942383 AB 9.353367557890502 1.0485838069383986
61064.3617 lsst_hardware_u 3.7783677467709857 3.380000114440918 28.579999923706055 AB 7.643583018298221 1.0493421372792535
61064.3754 lsst_hardware_y -24.151611110395972 65.9000015258789 30.059999465942383 AB 7.935030059429232 1.0484976294171817
61066.3599 lsst_hardware_r -13.130946187817718 22.389999389648438 31.469999313354492 AB 14.670188406099108 1.0486508466012765
61066.3736 lsst_hardware_y -101.26960080779864 57.349998474121094 30.049999237060547 AB 14.684223102236722 1.049079147849522
61068.3536 lsst_hardware_u -0.3968503455049132 2.6500000953674316 28.389999389648438 AB 12.377096131902436 1.048780538938328
61068.3652 lsst_hardware_z 34.57389861032287 42.5 30.950000762939453 AB 12.383022724927514 1.048586720149672
61070.3649 lsst_hardware_r -40.34997674776437 22.770000457763672 31.489999771118164 AB 11.916890239164402 1.0495994926050336
61070.3769 lsst_hardware_y 98.76432895396424 57.81999969482422 30.049999237060547 AB 11.40535949973705 1.054587101223953
61073.3614 lsst_hardware_z -2.5491659848215855 58.2400016784668 30.979999542236328 AB 10.387066946163074 1.0511097901399589
61073.3729 lsst_hardware_y 36.90887566075021 55.560001373291016 30.049999237060547 AB 10.4150927829728 1.0572088294140791
61077.3484 lsst_hardware_z 62.0135344602526 54.72999954223633 30.969999313354492 AB 4.633458098630456 1.0503730458782559
61077.361 lsst_hardware_r -23.740136851290373 65.79000091552734 31.639999389648438 AB 4.609228516231585 1.0565566799384722
61079.3475 lsst_hardware_i 14.534699499805134 45.810001373291016 31.299999237060547 AB 8.725031137158568 1.0521381707322013
61079.3585 lsst_hardware_r 46.349146345514455 49.709999084472656 31.6200008392334 AB 8.652549820352663 1.0586101205545557
61083.2998 lsst_hardware_g -3.4173569531891346 15.739999771118164 31.469999313354492 AB 6.4294509685997605 1.0530013869687176
61083.3113 lsst_hardware_r -10.629486680790718 23.610000610351562 31.510000228881836 AB 6.343147542278095 1.049032118348075
61085.3365 lsst_hardware_z 34.49251106087669 40.86000061035156 30.940000534057617 AB 2.581634909700196 1.0549126201655719
61085.3473 lsst_hardware_r 5.478548856145533 22.170000076293945 31.479999542236328 AB 2.59261457167797 1.062764735264591
61087.3385 lsst_hardware_u 3.270039429460561 2.630000114440918 28.40999984741211 AB 3.7978299183127713 1.0600074200993919
61087.3487 lsst_hardware_g -19.477879422975388 13.289999961853027 31.389999389648438 AB 3.8856725120171465 1.069377569071041
61089.2969 lsst_hardware_g 3.326742740090776 13.449999809265137 31.43000030517578 AB 5.155372454676536 1.0486925253613784
61089.3086 lsst_hardware_r 16.503139485054348 22.1299991607666 31.5 AB 5.144132624697873 1.048699378155632
61091.2919 lsst_hardware_i -16.930127179391896 30.229999542236328 31.260000228881836 AB 3.785547202821158 1.0486280340224814
61091.3028 lsst_hardware_r 22.417881966702645 22.09000015258789 31.5 AB 3.8287998864326913 1.0486510849772286
61093.2919 lsst_hardware_u -2.7383758898453645 2.619999885559082 28.40999984741211 AB 11.724829939794297 1.0482637407057933
61093.3024 lsst_hardware_g 8.40753879466103 13.180000305175781 31.389999389648438 AB 11.722654087443345 1.0496880828674842
61095.3311 lsst_hardware_i 5.70150019830594 30.110000610351562 31.239999771118164 AB 10.63635212029243 1.0741168018203398
61095.3423 lsst_hardware_z -54.11664312991269 41.33000183105469 30.940000534057617 AB 11.007933143793904 1.089085643709513
61100.273 lsst_hardware_i -85.53369056668096 52.65999984741211 31.309999465942383 AB 4.082220586370537 1.0482687517161295
61100.2857 lsst_hardware_z -9.677847998974036 51.959999084472656 30.969999313354492 AB 4.081913750339529 1.050415272861433
61102.2751 lsst_hardware_z -26.762593734073583 64.05999755859375 30.989999771118164 AB 6.1789243176003374 1.049053364618054
61102.2873 lsst_hardware_r -61.55243136346491 93.16000366210938 31.65999984741211 AB 6.221156846996373 1.0533918747559825
61104.2747 lsst_hardware_i -0.746584599944791 76.54000091552734 31.329999923706055 AB 10.910761461289644 1.0503910013435893
61104.2867 lsst_hardware_r 172.06400992416567 96.8499984741211 31.649999618530273 AB 10.8752435131153 1.0561906940545776
