data/validation/pwv_sim_epoch_fit_4/2447683.ecsv
# %ECSV 0.9
# ---
# datatype:
# - {name: time, datatype: float64}
# - {name: band, datatype: string}
# - {name: flux, datatype: float64}
# - {name: fluxerr, datatype: float64}
# - {name: zp, datatype: float64}
# - {name: zpsys, datatype: string}
# - {name: pwv, datatype: float64}
# - {name: airmass, datatype: float64}
# meta: {SNID: '2447683', alt: 1024.0, c: 0.08117026090621948, dec: -38.111038, lat: -30.244573, lon: -70.7499537, ra: 342.773438, t0: 60184.9296875,
#   x0: 2.3300667150228176e-05, x1: -0.4424883723258972, z: 0.3215169906616211}
# schema: astropy-2.0
time band flux fluxerr zp zpsys pwv airmass
60119.2088 lsst_hardware_i -60.036038023065636 85.62999725341797 31.200000762939453 AB 7.028283746550721 1.722618565331059
60119.2355 lsst_hardware_z 23.88022241639329 109.52999877929688 30.940000534057617 AB 6.00093403293264 1.4677593329907772
60122.4168 lsst_hardware_r 9.77744034847507 83.93000030517578 31.65999984741211 AB 7.294819744401324 1.0231881260118276
60122.4328 lsst_hardware_i -78.76761923813108 91.45999908447266 31.34000015258789 AB 7.447141686113454 1.0412912800140295
60124.3859 lsst_hardware_z 77.31803864500469 113.0 31.010000228881836 AB 2.3673277657447813 1.0097367309638203
60124.3983 lsst_hardware_r 50.256898701682566 84.05999755859375 31.65999984741211 AB 2.340851565320461 1.0140141067014754
60126.4252 lsst_hardware_z 232.2401800492429 116.30000305175781 31.0 AB 9.76269491985939 1.0460403857129958
60126.4366 lsst_hardware_g 98.58871150647205 94.2300033569336 31.719999313354492 AB 9.938828021336358 1.0651026671433068
60129.2798 lsst_hardware_y 401.27959267450984 170.8300018310547 30.799999237060547 AB 7.799095428097449 1.1198356562707228
60131.2488 lsst_hardware_z -210.9239514165904 111.48999786376953 30.979999542236328 AB 5.284459085627028 1.2061303451674876
60131.2685 lsst_hardware_r -39.19612171068471 82.76000213623047 31.6299991607666 AB 5.057293134733856 1.1368109848794818
60131.4117 lsst_hardware_z 165.02597979397984 164.4499969482422 31.75 AB 5.234803534903706 1.0462631981819963
60133.327 lsst_hardware_z 86.33924567297676 116.55000305175781 31.010000228881836 AB 1.3502855738675035 1.020109977739237
60133.3395 lsst_hardware_r 115.75071970065792 85.83000183105469 31.65999984741211 AB 1.4523038774592603 1.0125288478686685
60138.3196 lsst_hardware_i -102.79876097871902 94.47000122070312 31.350000381469727 AB 6.196167237684714 1.0157651209319203
60138.3321 lsst_hardware_z 89.8468919924499 116.62999725341797 31.010000228881836 AB 6.163341699304653 1.0103838851319105
60140.3974 lsst_hardware_u -4.793529821799763 31.010000228881836 29.5 AB 5.070574708514466 1.0632922062415657
60140.4091 lsst_hardware_g 53.05544009522833 92.06999969482422 31.709999084472656 AB 5.196090351388377 1.087161910532143
60142.4029 lsst_hardware_r -6.164961421097219 84.91999816894531 31.639999389648438 AB 2.496658383822256 1.0855036451401112
60142.414 lsst_hardware_z 220.38498655911772 115.79000091552734 30.989999771118164 AB 2.559044788853081 1.1126281690665571
60144.3508 lsst_hardware_r -109.11732983392456 85.80000305175781 31.65999984741211 AB 2.1641953011597113 1.0184049101571129
60144.3624 lsst_hardware_i -20.77267547612183 94.36000061035156 31.34000015258789 AB 2.2424975637222877 1.0287079309097233
60147.2589 lsst_hardware_r -129.97119598956655 83.73999786376953 31.649999618530273 AB 5.2090589143194315 1.0570330589122223
60147.2781 lsst_hardware_g 36.86701676887071 93.31999969482422 31.739999771118164 AB 5.072595603739025 1.0301603893257338
60158.33 lsst_hardware_i 19.688336575230398 94.31999969482422 31.34000015258789 AB 1.4488533487421382 1.0353882911449297
60158.3428 lsst_hardware_r -107.59204679418099 85.4000015258789 31.649999618530273 AB 1.531353337486048 1.0538043382172597
60162.2454 lsst_hardware_r -165.65381843611328 84.15255192974122 31.65999984741211 AB 2.301257772906478 1.022099832514536
60162.2575 lsst_hardware_z 165.02432015956654 113.11621701815926 31.010000228881836 AB 1.220683399548505 1.0138566441432766
60164.2406 lsst_hardware_r 341.7429466291135 87.06453292918542 31.65999984741211 AB 3.1667785556116566 1.0215414695521472
60164.2527 lsst_hardware_i 268.7402399107319 95.73117703117859 31.350000381469727 AB 3.177658836385495 1.0135264608517647
60165.2415 lsst_hardware_z 241.60405020801423 118.07381006303352 31.010000228881836 AB 3.4088161936110932 1.0186974056364866
60165.254 lsst_hardware_i 402.25462863232855 96.74892773714245 31.350000381469727 AB 3.3464479934509566 1.0117756593956029
60168.2753 lsst_hardware_g 896.7565682013246 100.26617472861003 31.75 AB 2.91007548364683 1.0126404466800627
60168.2873 lsst_hardware_r 1441.7860856448003 94.65270952663157 31.670000076293945 AB 2.9361803839387868 1.0199202398907383
60176.2969 lsst_hardware_r 5987.145851643381 114.19420595645718 31.649999618530273 AB 2.4703370451454996 1.0593212028925814
60176.3082 lsst_hardware_i 4594.414026769141 112.44199663211549 31.329999923706055 AB 2.5823706443228978 1.081394742178768
60178.252 lsst_hardware_i 5155.190934579298 118.68862143925647 31.350000381469727 AB 1.778283611596344 1.0146159822725431
60178.2624 lsst_hardware_z 4011.6970231529863 132.201433120938 31.010000228881836 AB 1.8160383110376674 1.0218728187401298
60179.2972 lsst_hardware_g 5131.04089468673 118.82958615126716 31.709999084472656 AB 2.15508401499401 1.07548066954704
60179.3079 lsst_hardware_r 7345.311152078824 120.84797450607492 31.639999389648438 AB 2.2169742782128012 1.0995987161508478
60181.3036 lsst_hardware_i 5619.181278366459 118.51562114059506 31.329999923706055 AB 2.749955113050112 1.10248100215827
60181.3143 lsst_hardware_z 4130.18274263629 129.09062940118343 30.989999771118164 AB 2.7594239235463434 1.1316844525822323
60183.2854 lsst_hardware_i 6398.840077005064 122.19159924526659 31.329999923706055 AB 2.7915929257802605 1.0736895868385616
60183.2961 lsst_hardware_z 4358.001953160512 133.0275308159523 31.0 AB 3.294275967145895 1.0974518088268161
60185.2578 lsst_hardware_z 8514.834800229914 184.2371587307886 31.760000228881836 AB 6.331329695777742 1.037299387654116
60200.0636 lsst_hardware_g 3633.8090091543118 141.23882049603668 32.41999816894531 AB 2.976439754578228 1.1935598013344793
60200.0744 lsst_hardware_i 8534.798780436751 158.02117348397564 32.06999969482422 AB 2.8711569567709287 1.1549303929086598
60202.0678 lsst_hardware_u -3.473922592526587 29.979955944742127 29.40999984741211 AB 1.3596695354916286 1.158726967253816
60202.085 lsst_hardware_g 1750.6676963493578 100.06182165578572 31.709999084472656 AB 1.109224221052983 1.1077472247533118
60204.1444 lsst_hardware_u 26.872308646622123 33.09608348180895 29.559999465942383 AB 0.5551754740323742 1.0130939307160112
60204.1554 lsst_hardware_g 1278.1777968377698 102.39007497571771 31.75 AB 0.6407974988826418 1.009659924708728
60208.0762 lsst_hardware_z 5046.098169179101 172.61038518278454 31.75 AB 4.269974426800827 1.0892560345572995
60210.2062 lsst_hardware_z 2162.1936207556732 122.20686824768265 31.0 AB 2.1285009589956614 1.0631430388323804
60210.2185 lsst_hardware_r 2298.467407165649 96.07153413117945 31.639999389648438 AB 2.150187553625436 1.088335188269889
60212.0745 lsst_hardware_i 3067.0030893141657 106.45942432343337 31.34000015258789 AB 4.803763135931279 1.0697216009349142
60212.1511 lsst_hardware_z 4630.481818817016 175.1012023941876 31.760000228881836 AB 5.468346443769028 1.0110964148725474
60212.222 lsst_hardware_r 1938.423729410387 95.63322122022888 31.6299991607666 AB 6.591437774601858 1.110292718910902
60228.1648 lsst_hardware_g 396.9274333232994 95.62207302955974 31.719999313354492 AB 4.764248015886985 1.0783721176746353
60228.1768 lsst_hardware_i 1507.9521814592565 101.59555603406555 31.329999923706055 AB 4.280699757833211 1.1063622031876217
60234.0846 lsst_hardware_r 604.019943051572 88.38317977564589 31.670000076293945 AB 6.9524417158482485 1.0095877220878993
60234.0925 lsst_hardware_u 58.70672696663121 32.09048648797215 29.559999465942383 AB 6.979742253478818 1.011605718171721
60239.0054 lsst_hardware_y 522.8711199647684 123.49054014240193 30.06999969482422 AB 4.420812980795337 1.0610800017910769
60239.0255 lsst_hardware_g 139.65590382999366 94.25795816396413 31.739999771118164 AB 4.319408923681051 1.0317470258404515
60251.0896 lsst_hardware_r -138.68188234534887 85.23999786376953 31.649999618530273 AB 4.273868962914685 1.0550157894135395
60251.1026 lsst_hardware_i -129.12842727191796 93.68000030517578 31.329999923706055 AB 4.344511425828329 1.0796499567167814
60261.0426 lsst_hardware_z 105.95285513917662 112.91000366210938 31.010000228881836 AB 4.468190272922095 1.0283521916966845
60261.0542 lsst_hardware_r -83.33395157476536 83.81999969482422 31.65999984741211 AB 4.510693434351125 1.0425733119961744
60465.3634 lsst_hardware_r -12.086806208750813 23.09000015258789 31.479999542236328 AB 5.76197791197966 1.1097622172178696
60465.3838 lsst_hardware_g -3.9221246991204493 14.079999923706055 31.420000076293945 AB 4.896009628702127 1.0643499192830712
60467.4271 lsst_hardware_z 13.41290052791846 41.63999938964844 30.950000762939453 AB 0.9228446286098264 1.0116137337460416
60467.4414 lsst_hardware_y -51.35336181107977 72.55000305175781 30.079999923706055 AB 0.9361973497943314 1.0091958495806663
60483.4025 lsst_hardware_i 86.26268924950418 72.33999633789062 31.34000015258789 AB 3.330812635032451 1.0096431145900124
60483.4163 lsst_hardware_z 38.490168551008715 63.810001373291016 30.989999771118164 AB 3.3380054772708556 1.0144885454171537
60486.4068 lsst_hardware_i -43.27455399592164 73.0 31.34000015258789 AB 5.474520022975968 1.0138000042548088
60486.4188 lsst_hardware_r -55.83598032502061 87.80999755859375 31.65999984741211 AB 5.945581569993642 1.0219287676166635
60491.1862 lsst_hardware_r 13.257619006126712 24.549999237060547 31.350000381469727 AB 13.359786495710347 1.7733641355765202
60491.2003 lsst_hardware_g -3.8909841129162173 13.720000267028809 31.219999313354492 AB 12.252538364884133 1.6156305739093084
60496.4151 lsst_hardware_g 15.338531079771094 13.6899995803833 31.40999984741211 AB 5.226726376204278 1.050387133481567
60496.4277 lsst_hardware_r -9.208100425100637 22.90999984741211 31.489999771118164 AB 5.656779070186964 1.0729345289367849
60498.2461 lsst_hardware_r -27.584684202844638 23.219999313354492 31.479999542236328 AB 1.9145962442162936 1.1979328917355578
60498.2649 lsst_hardware_u 0.760874584699618 2.609999895095825 28.34000015258789 AB 1.825487356744279 1.1333151368892
60498.4081 lsst_hardware_i 56.643037714251165 30.6200008392334 31.25 AB 1.6974951178447057 1.047998220617499
60498.4201 lsst_hardware_r 26.568062681434533 22.829999923706055 31.489999771118164 AB 2.326953581973784 1.0687171993143527
60500.2674 lsst_hardware_r -7.001140405018472 22.84000015258789 31.479999542236328 AB 10.652913364394992 1.1109417859956403
60500.2863 lsst_hardware_i -49.60767471692526 30.56999969482422 31.25 AB 10.250169524344367 1.0680226650817275
60507.3939 lsst_hardware_u 8.24896369289099 2.5199999809265137 28.299999237060547 AB 2.4509143666970084 1.0656149420421777
60507.4056 lsst_hardware_g 1.1781453851723829 13.6899995803833 31.3700008392334 AB 2.507051256863037 1.090022285592625
60509.2564 lsst_hardware_r 83.2926482498187 58.08000183105469 31.6299991607666 AB 2.335519765138462 1.0787620162302365
60509.2761 lsst_hardware_z -3.272863430061145 49.9900016784668 30.969999313354492 AB 2.390211282354274 1.0439503326024127
60512.3501 lsst_hardware_z 43.115964050261574 108.33000183105469 31.75 AB 4.47667916363423 1.0239430840883417
60515.3431 lsst_hardware_z 22.086143048429665 67.33000183105469 30.989999771118164 AB 5.661805625073117 1.0250549554303254
60515.3544 lsst_hardware_r -264.3739637890785 91.27999877929688 31.65999984741211 AB 5.712683110649171 1.037726268964427
60517.3413 lsst_hardware_i 2.1026414137491956 46.310001373291016 31.299999237060547 AB 2.591731997947353 1.0287372312571341
60517.3526 lsst_hardware_z -44.36362984689805 48.88999938964844 30.959999084472656 AB 2.646304996488616 1.0426733634706917
60518.3806 lsst_hardware_z 16.603824822598785 45.61000061035156 30.940000534057617 AB 3.88317335304717 1.1021044969741973
60518.3908 lsst_hardware_g -13.567992875126038 36.54999923706055 31.639999389648438 AB 3.959381718365213 1.1297724556029618
60530.0764 lsst_hardware_r 3.6562387069225175 25.100000381469727 31.329999923706055 AB 7.385818435209241 1.8161848611170266
60530.0873 lsst_hardware_u -1.4264000554798253 2.240000009536743 27.8700008392334 AB 6.4258322198138 1.6842125335874016
60532.2382 lsst_hardware_z -39.97174135918082 40.849998474121094 30.950000762939453 AB 6.567220013208106 1.017647729319438
60532.2492 lsst_hardware_i 61.356300418422265 30.329999923706055 31.260000228881836 AB 6.579925970585527 1.0117774429398554
60534.2297 lsst_hardware_u 0.3694589725203359 2.690000057220459 28.440000534057617 AB 3.5731341956504403 1.0198756088626917
60534.241 lsst_hardware_g -5.139921746094232 14.199999809265137 31.440000534057617 AB 3.556535925725399 1.0129214199626142
60538.3056 lsst_hardware_z 43.665518277663196 73.7300033569336 31.729999542236328 AB 4.422892772914756 1.0589739075994549
60540.2599 lsst_hardware_r -98.76344973831286 109.6500015258789 31.670000076293945 AB 2.4654591655050027 1.0140706079197954
60540.2716 lsst_hardware_z -51.54256005712342 74.66999816894531 31.0 AB 2.474045743905444 1.022121769843191
60542.2967 lsst_hardware_i -36.863222224056635 108.16000366210938 31.34000015258789 AB 1.5931593193048663 1.0625784699679677
60542.3078 lsst_hardware_z -64.63028322263271 91.45999908447266 30.989999771118164 AB 1.6314012668839124 1.0849487476508723
60545.29 lsst_hardware_z 42.563581338327594 52.189998626708984 30.969999313354492 AB 2.9861140685703553 1.0653278874671264
60545.3016 lsst_hardware_r 136.19608018024303 60.77000045776367 31.6299991607666 AB 3.385071016345957 1.0894397949941395
60548.2827 lsst_hardware_u 1.9821915488899853 5.239999771118164 28.90999984741211 AB 2.774220629138971 1.0670079342842196
60548.2935 lsst_hardware_g 3.0363726566954585 26.420000076293945 31.610000610351562 AB 3.282203080035697 1.0896485630617043
60554.2854 lsst_hardware_z -9.791813586737094 42.400001525878906 30.940000534057617 AB 3.2381164158483537 1.1100210532531636
60554.2957 lsst_hardware_r -0.2906594605967498 23.420000076293945 31.479999542236328 AB 2.9926794109702994 1.1393449534150886
60556.0898 lsst_hardware_i 45.18420955548767 32.029998779296875 31.229999542236328 AB 1.1441914119466332 1.1900066686912463
60556.1072 lsst_hardware_u -1.0209613186610864 2.7300000190734863 28.420000076293945 AB 1.027863387891395 1.131385127013093
60556.242 lsst_hardware_z -17.406102472012297 41.15999984741211 30.950000762939453 AB 1.7548314158802254 1.0371344065483428
60556.2537 lsst_hardware_i 26.96100859198365 30.709999084472656 31.25 AB 2.360366178823061 1.0542840075142088
60558.23 lsst_hardware_u 1.252769944323771 2.690000057220459 28.440000534057617 AB 0.4121124353290978 1.029423235626389
60558.2404 lsst_hardware_g 23.066643026312995 14.180000305175781 31.43000030517578 AB 0.4334266844089666 1.0423086599013225
60560.2423 lsst_hardware_r -32.032351409831136 22.770000457763672 31.489999771118164 AB 2.5510393269450686 1.053495489136927
60560.253 lsst_hardware_i -1.1575162349761607 30.68000030517578 31.239999771118164 AB 3.010926223210777 1.072999574689791
60570.1391 lsst_hardware_z 150.20330535071403 83.2699966430664 31.010000228881836 AB 2.3193853708926153 1.0147522404371951
60570.1461 lsst_hardware_r -18.642440789643384 124.69000244140625 31.670000076293945 AB 2.3229999770086156 1.011539288921579
60575.2035 lsst_hardware_r 36.166217949396625 44.2400016784668 31.610000610351562 AB 2.067532132566464 1.0571105918533263
60575.2152 lsst_hardware_z 30.19988821302505 46.7599983215332 30.959999084472656 AB 2.139078270775137 1.0795247392252907
60579.2036 lsst_hardware_g -8.833395626498865 13.649999618530273 31.3799991607666 AB 4.309313891980509 1.0780921215812473
60579.2152 lsst_hardware_r -32.08489527127476 22.639999389648438 31.469999313354492 AB 3.687394156229802 1.1050027438508419
60581.1881 lsst_hardware_r -27.316254758023973 22.6299991607666 31.489999771118164 AB 4.287651431338044 1.0588100830566844
60581.1993 lsst_hardware_i 3.083362440008082 30.68000030517578 31.239999771118164 AB 4.356977537084482 1.080554921775123
60585.1749 lsst_hardware_u 1.0292585196939588 2.6500000953674316 28.399999618530273 AB 3.001953536415262 1.0549210037770267
60585.1865 lsst_hardware_r 19.77680516000146 22.770000457763672 31.489999771118164 AB 3.090188518842981 1.0765956981220466
60587.0015 lsst_hardware_y -9.274971193332728 49.939998626708984 29.989999771118164 AB 3.3127589184849033 1.2043111582239496
60587.022 lsst_hardware_z 89.3298154116972 42.439998626708984 30.940000534057617 AB 3.1385238792211916 1.133041111632326
60589.0771 lsst_hardware_r 1.1464326831333915 22.190000534057617 31.489999771118164 AB 4.425393283704064 1.0218537859964358
60589.0903 lsst_hardware_z 43.53777908573395 40.56999969482422 30.950000762939453 AB 7.758957428490225 1.0131722378515753
60591.0836 lsst_hardware_r -21.893048263328932 23.530000686645508 31.520000457763672 AB 6.043632139493998 1.013777092928238
60591.0951 lsst_hardware_u -0.6935626884961575 3.0199999809265137 28.600000381469727 AB 5.629349576878972 1.009809180258127
60597.1588 lsst_hardware_z 12.658580457023767 65.86000061035156 30.979999542236328 AB 6.688600432360113 1.0875773060748153
60597.1699 lsst_hardware_r 119.9086598440831 86.16000366210938 31.6299991607666 AB 7.3723776087759525 1.1151120715100649
60600.1523 lsst_hardware_r 46.962926514042195 96.83999633789062 31.649999618530273 AB 6.702652792032438 1.0914595004124188
60600.164 lsst_hardware_z -20.512323309411485 66.94999694824219 30.979999542236328 AB 6.878637467230787 1.1214255577910315
60602.1531 lsst_hardware_g 104.99337634118842 76.19999694824219 31.700000762939453 AB 3.656503642313271 1.1068016271758463
60602.1638 lsst_hardware_r 81.87693357975876 69.55000305175781 31.6299991607666 AB 3.818078593996795 1.1367840196497008
60604.1439 lsst_hardware_r -14.499697260304139 36.59000015258789 31.579999923706055 AB 4.081429606835262 1.097453510845728
60604.154 lsst_hardware_i 17.02913468152044 40.25 31.280000686645508 AB 4.21089834016816 1.1240302542991418
60606.0048 lsst_hardware_y -64.53033981155738 52.130001068115234 30.049999237060547 AB 3.0189509193640376 1.0539189804028757
60606.0238 lsst_hardware_r -16.210891798025674 22.6200008392334 31.5 AB 2.9082578813842264 1.028379731748425
60606.1482 lsst_hardware_z -19.247199188470677 42.119998931884766 30.940000534057617 AB 3.209731557084763 1.1230691242423942
60606.1597 lsst_hardware_r -2.6355613802215356 22.989999771118164 31.479999542236328 AB 3.3465710538159277 1.1585844049906762
60608.1462 lsst_hardware_u 2.772070258027464 2.759999990463257 28.469999313354492 AB 2.7670873126070017 1.1331233876355706
60608.1573 lsst_hardware_r -25.698653638003826 23.170000076293945 31.489999771118164 AB 2.8448014411065987 1.1690964826465473
60610.1353 lsst_hardware_i 26.53198423720714 31.09000015258789 31.239999771118164 AB 3.142108244502487 1.117558283708455
60610.1469 lsst_hardware_z -23.912799765700395 42.7599983215332 30.940000534057617 AB 3.4140709308384385 1.1523641755755305
60612.0986 lsst_hardware_z -23.451737837441744 41.540000915527344 30.959999084472656 AB 6.304413175207095 1.0507355292011826
60612.109 lsst_hardware_r -25.003981420697098 23.049999237060547 31.510000228881836 AB 6.414154781946814 1.0690257969911356
60614.0931 lsst_hardware_r 10.334885155583374 22.81999969482422 31.510000228881836 AB 5.655692608511133 1.0506743757586048
60614.1052 lsst_hardware_u -3.937415024105084 2.859999895095825 28.56999969482422 AB 5.851602048971161 1.072294794039153
60616.092 lsst_hardware_g 11.700666860597272 13.970000267028809 31.43000030517578 AB 4.240027038201326 1.057890977595032
60616.1031 lsst_hardware_r 37.89884603283898 22.959999084472656 31.510000228881836 AB 4.320808935741951 1.0792129553929326
60623.0419 lsst_hardware_g 39.55208737369043 35.29999923706055 31.690000534057617 AB 8.697487527996971 1.0196351146538067
60623.053 lsst_hardware_i 53.95409646400608 39.68000030517578 31.299999237060547 AB 8.792200368041074 1.029953771222449
