data/validation/pwv_sim_epoch_fit_4/24551942.ecsv
# %ECSV 0.9
# ---
# datatype:
# - {name: time, datatype: float64}
# - {name: band, datatype: string}
# - {name: flux, datatype: float64}
# - {name: fluxerr, datatype: float64}
# - {name: zp, datatype: float64}
# - {name: zpsys, datatype: string}
# - {name: pwv, datatype: float64}
# - {name: airmass, datatype: float64}
# meta: {SNID: '24551942', alt: 1024.0, c: -0.059928420931100845, dec: -17.582775, lat: -30.244573, lon: -70.7499537, ra: 83.847656, t0: 62441.703125,
#   x0: 5.830253670565334e-06, x1: 1.3207603693008423, z: 0.5753867030143738}
# schema: astropy-2.0
time band flux fluxerr zp zpsys pwv airmass
62415.3736 lsst_hardware_g 19.033346323368743 14.717678461146653 31.43000030517578 AB 6.465285678664181 1.0284805215612138
62417.367 lsst_hardware_i 178.263846791949 32.60267018128971 31.25 AB 4.441430697246328 1.0290617926889425
62417.3851 lsst_hardware_y -63.64283920774439 65.17053959652337 30.06999969482422 AB 4.1073993054778395 1.0251412576067818
62419.3683 lsst_hardware_i 325.4518405060939 35.01940426309246 31.25 AB 3.0788214213279135 1.0262738071093045
62424.3108 lsst_hardware_i 787.0451381577047 40.71843390881418 31.239999771118164 AB 6.032768976500364 1.0740197572548271
62424.328 lsst_hardware_y 151.6687238408669 48.708358938044924 30.040000915527344 AB 5.886879052671984 1.0466803270322202
62426.3551 lsst_hardware_u -15.808800938664831 4.729099516381677 28.489999771118164 AB 5.0043471575423375 1.0251308619069315
62426.3715 lsst_hardware_z 633.2905004556312 50.69156796399793 30.959999084472656 AB 5.0196955271076975 1.0282573927603211
62428.3465 lsst_hardware_r 1452.3229441633152 44.15165025354583 31.489999771118164 AB 3.934666594058059 1.0255875391784333
62428.3651 lsst_hardware_y 343.12039632866146 51.26351036136456 30.059999465942383 AB 3.944799504811499 1.0278268642031003
62431.2671 lsst_hardware_z 2816.540839968943 120.63748529938712 32.16999816894531 AB 3.2031680439363877 1.1356738322766842
62431.2878 lsst_hardware_y 383.78409333213557 56.66795994537437 30.049999237060547 AB 2.967098103291479 1.0818953886204117
62434.3335 lsst_hardware_z 1989.638789562683 94.68512468605662 31.739999771118164 AB 3.7693236442067115 1.0251084156123773
62434.3519 lsst_hardware_r 4791.149513327477 126.47905860673701 32.40999984741211 AB 3.79713675495492 1.029406313470461
62436.3214 lsst_hardware_i 1764.0737852623897 67.05973479696928 31.31999969482422 AB 3.268119724528261 1.0264195114724437
62436.3377 lsst_hardware_r 2556.5013593173853 78.42054978841229 31.649999618530273 AB 3.163384844594926 1.0259071978579297
62439.3244 lsst_hardware_z 1296.529043169187 55.34594674264352 30.959999084472656 AB 4.598528666548862 1.0250844107331392
62439.3413 lsst_hardware_g 842.7318644253525 42.22783069301437 31.65999984741211 AB 4.989898014104519 1.0312547562906336
62441.3183 lsst_hardware_g 656.7582124065165 30.40176353770604 31.489999771118164 AB 5.6216851583443255 1.0250443976801618
62441.3376 lsst_hardware_r 2122.9144140255453 51.75845309645494 31.5 AB 5.247017930360994 1.0324710606770735
62450.3012 lsst_hardware_i 1424.7950077429 48.29914289477015 31.25 AB 10.633168928106912 1.0263841691250095
62450.3183 lsst_hardware_z 1153.02001516073 52.491000679780335 30.950000762939453 AB 10.774329341014328 1.0367741094427643
62455.2769 lsst_hardware_z 1051.048160130328 51.707603870888 30.950000762939453 AB 4.653395998317089 1.0250523529591944
62455.295 lsst_hardware_g 237.41952397569997 20.216929008979868 31.40999984741211 AB 5.359644146815879 1.0296447515655505
62462.2702 lsst_hardware_r 932.2283274433777 106.63734318955137 31.65999984741211 AB 3.0056236577494406 1.026978470757212
62462.2905 lsst_hardware_z 949.7595235154168 76.44669847899766 30.989999771118164 AB 3.0182821581334327 1.041744877403949
62464.2699 lsst_hardware_r 956.0222825661749 83.07999328615017 31.65999984741211 AB 8.97788210268337 1.0293473838147238
62464.2892 lsst_hardware_i 947.4136760366363 71.24408015934424 31.329999923706055 AB 9.290651305780788 1.046617747220006
62467.2119 lsst_hardware_z 805.8271254421899 53.21487668689078 30.959999084472656 AB 3.966425139317503 1.0450795202838736
62467.2305 lsst_hardware_i 706.2191799804692 50.025827241249736 31.299999237060547 AB 3.903092285976189 1.0290477300167915
62472.2306 lsst_hardware_r 429.3306362480357 30.85315717257964 31.489999771118164 AB 6.457761624031111 1.025041527623986
62472.2503 lsst_hardware_u -0.3456311499397299 2.969505684875932 28.459999084472656 AB 7.084533827944338 1.0306650413448755
62478.2299 lsst_hardware_r 323.1309367853148 28.61693619340273 31.5 AB 5.1637135094909885 1.028423323937914
62478.2486 lsst_hardware_g 47.27399683469498 15.201737848100445 31.40999984741211 AB 5.148823987190868 1.0437510616644774
62480.2204 lsst_hardware_r 255.62258540388078 28.081817896985164 31.5 AB 9.615070795372326 1.026739246320103
62480.2387 lsst_hardware_i 484.3056925426029 36.37340200934638 31.260000228881836 AB 9.745853179796667 1.038966615947951
62482.2199 lsst_hardware_z 569.8230847506275 46.86819266286113 30.950000762939453 AB 12.895284978663447 1.0288859616351262
62482.2381 lsst_hardware_i 389.82916679484873 35.78733486934492 31.25 AB 13.13056162285373 1.0442421315667916
62484.2166 lsst_hardware_z 473.8222184658478 47.48897773656884 30.950000762939453 AB 7.973748742316661 1.0300891905242753
62484.2355 lsst_hardware_g 18.42996315334529 14.406942185209415 31.40999984741211 AB 8.097872612276488 1.047759678120846
62486.1961 lsst_hardware_y 203.6685251515021 50.59950903562708 30.049999237060547 AB 10.543361867733896 1.0250742592646875
62486.2147 lsst_hardware_r 189.09885430160753 50.407359447108476 31.6299991607666 AB 10.719244957639159 1.0324311672666124
62488.1573 lsst_hardware_i 326.879409204133 65.42366080270959 31.329999923706055 AB 3.130112731892 1.0419237942497643
62488.1763 lsst_hardware_z 534.1128007695215 61.97152666063199 30.989999771118164 AB 3.4121573004930177 1.0275518873196563
62490.1575 lsst_hardware_r 320.97650331537454 105.81036768931236 31.65999984741211 AB 3.113004724154966 1.036286526016966
62490.1768 lsst_hardware_z 361.1982968534026 72.92647691346954 30.989999771118164 AB 3.905630786320949 1.025660782051482
62492.1455 lsst_hardware_r 583.1824184245418 138.97742077787703 32.40999984741211 AB 3.6568533068484235 1.0429032412524915
62492.1642 lsst_hardware_i 450.37344670544275 111.29892955054328 32.09000015258789 AB 3.624119519464953 1.028070404084427
62496.1568 lsst_hardware_u 9.18511752482037 6.333784928048438 29.0 AB 7.138111287098352 1.0266601398149897
62496.1782 lsst_hardware_g 10.565308535843105 41.435039581279476 31.690000534057617 AB 7.249916442021298 1.0272883679417446
62498.1613 lsst_hardware_r 141.8741499097107 25.02179715181914 31.489999771118164 AB 6.3262514244683175 1.024992129693454
62498.1827 lsst_hardware_i 198.71578134437885 35.29323875981729 31.270000457763672 AB 6.238827197410306 1.0329896704921318
62504.1357 lsst_hardware_r 137.37153314068908 24.88291679995881 31.489999771118164 AB 3.9599102586221546 1.0264153080928342
62504.1571 lsst_hardware_i 244.3852628411803 32.79976738692085 31.25 AB 3.968816067842789 1.0275917063480593
62506.1201 lsst_hardware_z 279.0973739235598 43.53774803982242 30.940000534057617 AB 10.74974251310228 1.0313812056833447
62506.1408 lsst_hardware_i 142.09783311550365 32.38038700570706 31.239999771118164 AB 11.596889790364028 1.0250261664226292
62511.1195 lsst_hardware_r 87.07130504097117 25.663568734690884 31.510000228881836 AB 8.695096080621962 1.0256473181247157
62511.1384 lsst_hardware_i 151.4903163157178 32.26884214030254 31.25 AB 8.411427943836015 1.0277684077592117
62513.0867 lsst_hardware_i 122.16343987347655 37.86015557695877 31.280000686645508 AB 6.042095281816221 1.0445921824203235
62513.114 lsst_hardware_z 605.5519896738914 78.86651276231657 32.150001525878906 AB 5.831960549475037 1.0256551315888207
62515.0872 lsst_hardware_r 114.40041985274419 52.1708249117161 31.6299991607666 AB 6.982075246225337 1.0381753439074153
62515.1058 lsst_hardware_z 356.4541803473313 50.64985078389632 30.969999313354492 AB 6.908843406511515 1.0263707150408312
62518.0887 lsst_hardware_z 162.2287292492587 63.37131190076537 30.979999542236328 AB 2.0398737828768825 1.0304995114305846
62518.1096 lsst_hardware_i 143.9586560497836 68.94130096390754 31.329999923706055 AB 2.0692527442805106 1.0251437920636663
62520.0968 lsst_hardware_z 533.1894533189568 99.23899909749711 31.739999771118164 AB 3.983230926237243 1.0253066585479509
62522.0738 lsst_hardware_r 5.5570766729728165 75.83999633789062 31.649999618530273 AB 12.343803869206315 1.0332425113732964
62522.0941 lsst_hardware_i 15.767766279936527 63.310001373291016 31.329999923706055 AB 12.98710236147639 1.0250278106926887
62526.0726 lsst_hardware_g 15.639850522957923 13.180000305175781 31.399999618530273 AB 7.210442311582488 1.0275188549661536
62526.0933 lsst_hardware_r -12.939803007299359 21.739999771118164 31.479999542236328 AB 8.26838607972573 1.0262469405863273
62528.0655 lsst_hardware_i -24.58823380403533 29.729999542236328 31.25 AB 11.722059451763723 1.0282508291020809
62528.0827 lsst_hardware_z -78.69889957362277 40.529998779296875 30.950000762939453 AB 11.687129230160071 1.0251867745754448
62530.0641 lsst_hardware_i -19.478653272814316 29.729999542236328 31.25 AB 12.964668271917377 1.0266062613037041
62530.0828 lsst_hardware_u -2.5736211266259654 2.5899999141693115 28.399999618530273 AB 13.03870742312255 1.0263735475156122
62532.0633 lsst_hardware_g 31.065947764750216 13.1899995803833 31.40999984741211 AB 9.250847945464182 1.0254223738252155
62532.0821 lsst_hardware_r 11.082719959773303 21.850000381469727 31.489999771118164 AB 9.331784246974216 1.0282391324967457
62534.0427 lsst_hardware_y 80.23304219877548 47.7599983215332 30.049999237060547 AB 6.91454987150414 1.032022368881215
62534.061 lsst_hardware_i 34.6463668519011 29.84000015258789 31.260000228881836 AB 6.867803204770413 1.0250452544433453
62536.0413 lsst_hardware_z 51.545207085550445 41.68000030517578 30.950000762939453 AB 9.324906475706449 1.029466380625574
62536.0594 lsst_hardware_u -1.393453375938735 2.630000114440918 28.440000534057617 AB 9.867819579527449 1.025050510338724
62538.0395 lsst_hardware_y 33.362673647140916 47.790000915527344 30.049999237060547 AB 5.3006606981759 1.027658142337336
62538.0582 lsst_hardware_r -3.0030005413882592 21.850000381469727 31.489999771118164 AB 4.862953224084733 1.0256509893316959
62544.0223 lsst_hardware_y 108.05404892964694 77.0 30.06999969482422 AB 2.6927264455059237 1.0280197679457383
62544.0385 lsst_hardware_r 19.94126596506786 45.540000915527344 31.6200008392334 AB 2.719324221523198 1.0251285077368175
62545.0209 lsst_hardware_y 69.58576488803828 79.51000213623047 30.079999923706055 AB 3.384132103774065 1.0274404869143272
62545.0353 lsst_hardware_r 79.42696892288139 55.689998626708984 31.639999389648438 AB 3.3473300583282013 1.025085126960276
62547.0289 lsst_hardware_z 127.88105373521415 92.51000213623047 31.739999771118164 AB 2.198328680771548 1.0250211442826616
62549.0193 lsst_hardware_y -7.46432751690306 77.20999908447266 30.079999923706055 AB 1.4512863975237211 1.0251007575657576
62549.0364 lsst_hardware_i 19.8162506716751 67.31999969482422 31.329999923706055 AB 1.4681374091575128 1.0285876290220781
62551.0176 lsst_hardware_y 101.04369617316503 73.43000030517578 30.079999923706055 AB 6.146605871994968 1.025003758531679
62551.0345 lsst_hardware_r 102.81764140781986 73.0999984741211 31.65999984741211 AB 6.066736740903037 1.0305894803346043
62779.3539 lsst_hardware_g -5.03818315793368 13.300000190734863 31.40999984741211 AB 7.975304579126292 1.0493821814639859
62779.3724 lsst_hardware_y 2.1519501376780945 47.099998474121094 30.059999465942383 AB 7.836507979953721 1.0311194710465423
62784.3733 lsst_hardware_z 31.978191310930217 51.5 30.979999542236328 AB 3.07596425029398 1.02532141676466
62786.3681 lsst_hardware_r 75.7463554890376 80.23999786376953 31.65999984741211 AB 5.687080289068881 1.0252841481450243
62788.3624 lsst_hardware_z -50.795115599524365 57.2599983215332 30.979999542236328 AB 5.5367163540819275 1.025317843348505
62788.3788 lsst_hardware_y 24.35331922510779 67.04000091552734 30.06999969482422 AB 6.022812107513993 1.0275498363593027
62790.3514 lsst_hardware_z -32.27966891671686 54.290000915527344 30.979999542236328 AB 7.521957155314067 1.0266547527726206
62790.3693 lsst_hardware_y 6.8392407171948175 52.91999816894531 30.059999465942383 AB 7.506978902409717 1.0261393435272825
62795.3458 lsst_hardware_r -4.379916055993376 25.170000076293945 31.530000686645508 AB 2.5676872040752716 1.025058932396438
62795.3627 lsst_hardware_y 31.27055424647083 48.150001525878906 30.049999237060547 AB 2.5809107010002394 1.0289686837437415
62797.2866 lsst_hardware_g -8.307900929787408 13.220000267028809 31.389999389648438 AB 3.9542146655847565 1.0801405870024374
62797.3024 lsst_hardware_z -32.027953848684916 40.939998626708984 30.950000762939453 AB 3.297089502790882 1.0526265473032341
62798.3659 lsst_hardware_i 29.68254799147155 47.54999923706055 32.02000045776367 AB 3.6871903352439044 1.037232969734265
62800.347 lsst_hardware_r 16.109805468205746 22.079999923706055 31.5 AB 2.4431350697545335 1.0279670700229007
62800.3638 lsst_hardware_y 64.42906729192192 50.900001525878906 30.059999465942383 AB 2.486597737380379 1.040562590618097
62802.3278 lsst_hardware_u -2.1397984682837095 2.7899999618530273 28.559999465942383 AB 3.0011514201122234 1.0250125812251796
62802.345 lsst_hardware_g -26.08322360368511 13.399999618530273 31.43000030517578 AB 3.49700254570401 1.0297416212319466
62808.317 lsst_hardware_i -10.616669463960749 29.940000534057617 31.260000228881836 AB 4.922048349543228 1.0254267394881726
62808.3355 lsst_hardware_r 24.215101603192426 22.1299991607666 31.5 AB 5.063219423445686 1.0345240687430526
62816.2026 lsst_hardware_r -80.901562914845 149.86000061035156 32.369998931884766 AB 0.8871324834943859 1.1719055264121825
62816.2416 lsst_hardware_i 124.05837445721203 113.73999786376953 32.08000183105469 AB 2.4713010865531406 1.0669021815598536
62820.2414 lsst_hardware_i -33.60213527767383 51.43000030517578 31.309999465942383 AB 7.632363876438991 1.0501326192128497
62820.2593 lsst_hardware_z 52.59862447998109 51.38999938964844 30.969999313354492 AB 4.7524851723496395 1.0318964674796112
62821.2902 lsst_hardware_z 82.03665096015895 47.5 30.959999084472656 AB 6.093615591158374 1.0282088676643217
62821.3111 lsst_hardware_r 57.675288006817226 48.47999954223633 31.6200008392334 AB 5.135635857686067 1.045834536814598
62828.2717 lsst_hardware_z -9.011681635801065 40.54999923706055 30.940000534057617 AB 6.3746537499453995 1.028501734421446
62828.291 lsst_hardware_u -0.9658896660328931 2.5299999713897705 28.329999923706055 AB 6.303354922217856 1.0446395297013351
62834.2119 lsst_hardware_i 44.39574205434572 30.239999771118164 31.25 AB 5.2737101123921635 1.0397693439257725
62834.2305 lsst_hardware_u 0.7634165298556213 2.680000066757202 28.450000762939453 AB 5.193628111785559 1.0269160873525573
62837.2509 lsst_hardware_g 23.853195472902325 13.630000114440918 31.40999984741211 AB 7.088940191787643 1.0306063932040042
62837.2695 lsst_hardware_r 31.117082802933627 22.40999984741211 31.489999771118164 AB 7.2110040947519245 1.0484666449016513
62839.2284 lsst_hardware_r 48.76010247181425 33.630001068115234 31.59000015258789 AB 4.4406175207145475 1.025014142931324
62839.2465 lsst_hardware_i -19.755029981173582 35.369998931884766 31.280000686645508 AB 4.481205572635901 1.0312883200358784
62843.1865 lsst_hardware_z 2.535106344014029 65.73999786376953 30.989999771118164 AB 4.6336533978690015 1.0406273421748362
62843.2053 lsst_hardware_r 57.25418043700027 92.30000305175781 31.65999984741211 AB 4.6013692458865 1.0271486680922328
62850.216 lsst_hardware_i -19.799341783897628 44.849998474121094 31.299999237060547 AB 8.315719908585537 1.0309801728103292
62850.2357 lsst_hardware_z -21.706073274160264 48.2400016784668 30.959999084472656 AB 8.476444917456321 1.0507283419630276
62852.169 lsst_hardware_u -1.5797171400374432 3.109999895095825 28.579999923706055 AB 8.803850957153212 1.0340744040115357
62852.1885 lsst_hardware_g 19.005043096515575 22.100000381469727 31.600000381469727 AB 8.756009839922584 1.0251938538303347
62854.1698 lsst_hardware_r -2.161287557385705 22.40999984741211 31.510000228881836 AB 5.286170335124069 1.0297734419072864
62854.19 lsst_hardware_i 30.447063379038237 30.170000076293945 31.260000228881836 AB 5.425407686583048 1.0252093134134348
62856.1682 lsst_hardware_z 6.975401170516859 40.790000915527344 30.950000762939453 AB 4.943075648383205 1.0278089094226237
62856.1872 lsst_hardware_u -0.8312558351193283 2.7100000381469727 28.479999542236328 AB 4.8465606082450785 1.02565475625936
62859.1581 lsst_hardware_g -1.0415938422097155 13.75 31.43000030517578 AB 6.453379210618522 1.028713858146658
62859.1781 lsst_hardware_r -22.53933225855477 22.31999969482422 31.5 AB 6.735912001401855 1.0254740877259463
62864.1558 lsst_hardware_i 16.360849619827935 30.219999313354492 31.260000228881836 AB 7.3612420512019785 1.025183132529651
62864.1773 lsst_hardware_u -1.351885378000736 2.8299999237060547 28.56999969482422 AB 7.278103632105839 1.0306738840339644
62869.1356 lsst_hardware_r 32.964919722153454 49.869998931884766 31.6299991607666 AB 3.9308756678546737 1.0266733706443816
62869.1575 lsst_hardware_i -50.077138174000396 45.189998626708984 31.309999465942383 AB 4.003016754759673 1.027468366211415
62871.1307 lsst_hardware_z -190.84474813455344 80.98999786376953 31.729999542236328 AB 11.641390130750807 1.0264870937969148
62873.1191 lsst_hardware_z 75.3197102312168 97.37999725341797 31.739999771118164 AB 9.048483526696943 1.029113850065049
62873.1401 lsst_hardware_r 82.73222949957169 142.07000732421875 32.40999984741211 AB 8.165131412602683 1.0255126114798647
62875.1163 lsst_hardware_i 4.620705665132577 76.12999725341797 31.34000015258789 AB 6.753763605618138 1.027813666963649
62875.1376 lsst_hardware_z -213.81839978147627 68.38999938964844 30.989999771118164 AB 6.567844166859647 1.0262256510718197
62880.0879 lsst_hardware_z 13.001702640370816 40.720001220703125 30.950000762939453 AB 7.092754418941281 1.0381666304070962
62880.1078 lsst_hardware_i -18.729409124998643 30.06999969482422 31.25 AB 7.086892950108663 1.0259955047932625
62886.0706 lsst_hardware_z 18.498359431567142 40.650001525878906 30.950000762939453 AB 8.497398811926281 1.0390664466613886
62886.0903 lsst_hardware_u 0.9637307426176108 2.7100000381469727 28.5 AB 7.823817019502576 1.0263099097501138
62890.0723 lsst_hardware_i 33.495726491273366 30.010000228881836 31.25 AB 13.318845037517313 1.0293168234875638
62890.0933 lsst_hardware_z -112.11718201116965 40.689998626708984 30.950000762939453 AB 13.32669154162981 1.0254390649718674
62892.0718 lsst_hardware_i 17.965314906690985 29.790000915527344 31.260000228881836 AB 12.252591098395735 1.0270259788264262
62892.0918 lsst_hardware_u 1.3197779871894966 2.740000009536743 28.530000686645508 AB 14.031530159193062 1.0264094333925653
62898.0492 lsst_hardware_z -36.418149805405626 69.27999877929688 31.719999313354492 AB 8.369863190254684 1.0300313637889058
62913.0202 lsst_hardware_y -72.02440068716764 66.51000213623047 30.06999969482422 AB 2.817388088808135 1.0254369749984111
62913.0366 lsst_hardware_r 4.446903345410519 22.399999618530273 31.5 AB 2.821599727506881 1.0271567992380344
