data/validation/pwv_sim_epoch_fit_4/24777151.ecsv
# %ECSV 0.9
# ---
# datatype:
# - {name: time, datatype: float64}
# - {name: band, datatype: string}
# - {name: flux, datatype: float64}
# - {name: fluxerr, datatype: float64}
# - {name: zp, datatype: float64}
# - {name: zpsys, datatype: string}
# - {name: pwv, datatype: float64}
# - {name: airmass, datatype: float64}
# meta: {SNID: '24777151', alt: 1024.0, c: -0.07796241343021393, dec: -40.620186, lat: -30.244573, lon: -70.7499537, ra: 94.042969, t0: 60941.97265625,
#   x0: 3.886860744497159e-05, x1: 1.2943034172058105, z: 0.25703164935112}
# schema: astropy-2.0
time band flux fluxerr zp zpsys pwv airmass
60972.3287 lsst_hardware_z 1992.0013262466048 60.44415940196669 30.950000762939453 AB 3.3533187169744343 1.0362809251290002
60979.3046 lsst_hardware_g 697.5777269331713 28.84895854479797 31.3799991607666 AB 3.570038381814922 1.041890670309331
60979.3149 lsst_hardware_y 1011.9680487410869 54.49364090896988 30.049999237060547 AB 3.52795370264086 1.0311131675115144
60991.3584 lsst_hardware_r 1515.0609253562384 53.52681443577411 31.59000015258789 AB 3.7251571239740016 1.042731175359931
60995.3492 lsst_hardware_i 1728.5415965390187 53.252173787740055 31.270000457763672 AB 4.152503775620631 1.044874089063694
60999.3497 lsst_hardware_g 441.1734655796616 28.236747370165194 31.530000686645508 AB 5.31043275682929 1.0614143222950712
61001.3352 lsst_hardware_i 1533.8056056624503 48.195193152217726 31.239999771118164 AB 4.972268978426573 1.0479885437976442
61001.3478 lsst_hardware_z 903.2313660219396 54.10057456342124 30.959999084472656 AB 5.160546063304364 1.0674231278057806
61006.3429 lsst_hardware_r -21.25329108417908 23.149999618530273 31.5 AB 4.264117734190024 1.0840058641275654
61006.3552 lsst_hardware_i 40.69928837268926 45.25 31.290000915527344 AB 4.3557054139462155 1.1119530478524993
61009.3209 lsst_hardware_i -3.131875670271205 29.760000228881836 31.239999771118164 AB 6.164775181178514 1.0590122707628968
61009.3332 lsst_hardware_z 61.24093935318037 41.59000015258789 30.950000762939453 AB 6.285407929372138 1.0809575663905497
61011.3238 lsst_hardware_r 32.30052232835709 21.600000381469727 31.479999542236328 AB 6.996969302713774 1.0733743049775681
61011.3356 lsst_hardware_z -23.468004057893115 42.11000061035156 30.950000762939453 AB 7.276593024802766 1.0977323062119442
61015.3108 lsst_hardware_r 64.34786292627457 75.3499984741211 31.639999389648438 AB 4.692547509315954 1.0695874430032375
61015.3224 lsst_hardware_i -66.23422645547922 61.08000183105469 31.309999465942383 AB 4.773467553995024 1.092639211214884
61017.2847 lsst_hardware_z -64.33340817452782 49.380001068115234 30.969999313354492 AB 6.729106378861051 1.0395385636386567
61017.2974 lsst_hardware_r -50.62323857125401 55.5 31.639999389648438 AB 5.832416276027917 1.0564376650918492
61022.2766 lsst_hardware_i -6.232370144868839 30.940000534057617 31.260000228881836 AB 11.045986746704694 1.0463187218627161
61022.2899 lsst_hardware_z -2.0405193012878997 41.5099983215332 30.950000762939453 AB 11.235553498914694 1.0664471072957804
61024.2189 lsst_hardware_r -5.199865399377572 21.309999465942383 31.489999771118164 AB 8.21152394840008 1.0170966169372677
61024.2312 lsst_hardware_z -50.70093553436735 40.20000076293945 30.950000762939453 AB 8.20928696006237 1.0172206001271067
61026.2242 lsst_hardware_r 26.303975388498518 21.229999542236328 31.479999542236328 AB 8.539265818803573 1.016982828757869
61026.2363 lsst_hardware_u -0.7477174491683086 2.5899999141693115 28.43000030517578 AB 8.636878452135663 1.0205859207659413
61028.2167 lsst_hardware_g 25.333882683625642 12.729999542236328 31.399999618530273 AB 5.260238344657626 1.0167658924630572
61028.228 lsst_hardware_r 35.10685794460307 21.389999389648438 31.489999771118164 AB 5.217463283500114 1.0193842198993401
61030.2209 lsst_hardware_i -2.6749112650559232 29.440000534057617 31.25 AB 6.010864914519194 1.0187906634778294
61030.233 lsst_hardware_z -12.514256669605881 40.400001525878906 30.950000762939453 AB 6.046967416435607 1.0249097315992555
61032.2202 lsst_hardware_r 29.97369117834675 21.43000030517578 31.489999771118164 AB 6.9166489565439235 1.0207192704731856
61032.2334 lsst_hardware_u -1.8104141921241914 2.6600000858306885 28.469999313354492 AB 6.933856572642158 1.0293348038807704
61036.2021 lsst_hardware_r 27.191918191082998 21.309999465942383 31.489999771118164 AB 5.624212093225883 1.0180490710880412
61036.2148 lsst_hardware_z 16.91504697762153 40.41999816894531 30.950000762939453 AB 5.181632127499673 1.0237344912575304
61038.2037 lsst_hardware_r -31.052471136216116 28.489999771118164 31.559999465942383 AB 7.204114455681211 1.0206658103185484
61038.215 lsst_hardware_y 28.460152848139565 46.7400016784668 30.049999237060547 AB 7.39638526772966 1.0277039416047882
61040.2072 lsst_hardware_z -11.020269494179177 47.86000061035156 30.969999313354492 AB 6.762588093652305 1.025955866441979
61040.2197 lsst_hardware_r 25.838972299506267 47.4900016784668 31.6299991607666 AB 7.031784968222925 1.0371109316224538
61042.1997 lsst_hardware_i -60.36287310137131 61.36000061035156 31.329999923706055 AB 4.7389186490466315 1.0245572172917192
61042.2142 lsst_hardware_z -15.3766361086973 57.31999969482422 30.979999542236328 AB 5.598793424903073 1.0370696637879235
61043.1965 lsst_hardware_r -55.233840124326235 84.05000305175781 31.65999984741211 AB 3.8734639552234635 1.024251723467565
61043.2092 lsst_hardware_z -44.795659800710965 59.83000183105469 30.979999542236328 AB 3.67219634954062 1.0347129753566118
61045.1987 lsst_hardware_z -23.383639065063186 54.7599983215332 30.979999542236328 AB 11.791684781875759 1.0300138842929227
61045.2105 lsst_hardware_i 70.04920532507447 57.619998931884766 31.31999969482422 AB 12.24382103830834 1.0421825410855523
61048.1863 lsst_hardware_r -18.19001023068898 41.66999816894531 31.6200008392334 AB 6.890841285197302 1.0266450067337995
61048.1988 lsst_hardware_z 14.70234240263816 45.470001220703125 30.969999313354492 AB 6.967986470473255 1.0381386279012537
61056.1544 lsst_hardware_g -10.9022729243413 12.600000381469727 31.3799991607666 AB 4.414097649349508 1.0206006125663603
61056.1673 lsst_hardware_r -53.153889907930605 21.350000381469727 31.479999542236328 AB 5.283758261165649 1.028869294356076
61058.1561 lsst_hardware_i -23.885920030491576 29.270000457763672 31.239999771118164 AB 4.428148935970938 1.0246194101859059
61058.1695 lsst_hardware_z -28.05818010653083 40.310001373291016 30.940000534057617 AB 6.469500074027653 1.03600406864967
61060.1554 lsst_hardware_r -4.369034629240709 21.260000228881836 31.469999313354492 AB 7.608823669485941 1.0280804850001217
61060.1685 lsst_hardware_u 3.6845433405861687 2.549999952316284 28.3799991607666 AB 9.26164602933748 1.040946279335098
61062.1523 lsst_hardware_g 12.978769069397467 12.65999984741211 31.3799991607666 AB 10.546005005544913 1.0300341852365984
61062.1667 lsst_hardware_i 9.53490085207823 29.639999389648438 31.239999771118164 AB 10.168527609900378 1.0454457009099263
61064.1004 lsst_hardware_g -14.604190904385716 13.420000076293945 31.40999984741211 AB 13.239474834788755 1.019715395293161
61064.1145 lsst_hardware_r -30.10669238427607 21.389999389648438 31.479999542236328 AB 13.192667546524016 1.0166714438997155
61068.1021 lsst_hardware_z -66.37764581027405 63.560001373291016 31.709999084472656 AB 12.597154372963882 1.016739996607186
61070.0957 lsst_hardware_r 75.41872142812232 59.849998474121094 31.649999618530273 AB 12.851171341419052 1.0168138523118777
61070.1066 lsst_hardware_i -36.23899716351251 50.47999954223633 31.31999969482422 AB 12.939076171076328 1.0174229346236432
61073.0884 lsst_hardware_z -43.5752263873025 58.040000915527344 30.989999771118164 AB 6.218237661273902 1.0167441331964195
61073.101 lsst_hardware_r 18.70342315579261 81.75 31.65999984741211 AB 6.126901056326816 1.018039499805065
61077.0858 lsst_hardware_r 1.318954673519726 33.150001525878906 31.59000015258789 AB 4.390910843508239 1.0171208810535648
61077.1003 lsst_hardware_z 10.71340070278732 44.43000030517578 30.959999084472656 AB 4.503008073928213 1.0222492789848263
61079.0878 lsst_hardware_r -1.0588177292391552 21.209999084472656 31.479999542236328 AB 8.854237712767508 1.0190462048933808
61079.0997 lsst_hardware_u -0.5214094962457797 2.5199999809265137 28.3700008392334 AB 8.647884299733017 1.0252584678297778
61083.0803 lsst_hardware_i -17.63082599527244 29.450000762939453 31.25 AB 2.1558400253284673 1.0204354805909939
61083.094 lsst_hardware_z -26.799904678412826 40.4900016784668 30.950000762939453 AB 4.649278636092306 1.0292276575554358
61089.0632 lsst_hardware_r -50.235300220039676 21.299999237060547 31.479999542236328 AB 4.62454141524745 1.0201194298340255
61089.0754 lsst_hardware_z -11.13661736887536 40.400001525878906 30.950000762939453 AB 4.690313020511014 1.0274508259607915
61091.0617 lsst_hardware_r -13.881155834831741 21.34000015258789 31.489999771118164 AB 3.42556746091641 1.0220489689457215
61091.0725 lsst_hardware_u 1.417098893047271 2.690000057220459 28.5 AB 3.398782991419991 1.0295182728453125
61093.0623 lsst_hardware_g 8.434471773963562 18.540000915527344 32.13999938964844 AB 5.63237235813775 1.025839606254073
61093.0756 lsst_hardware_r 6.821421990646661 30.059999465942383 32.220001220703125 AB 5.731473820579458 1.0377934580742307
61095.0594 lsst_hardware_i 3.4739836534518385 32.15999984741211 31.270000457763672 AB 8.124705206684748 1.0277498574824693
61095.0707 lsst_hardware_z -21.60196642881493 41.689998626708984 30.959999084472656 AB 8.218676838210769 1.0384109886553363
61098.0485 lsst_hardware_r -78.51524699977519 48.2400016784668 31.6299991607666 AB 8.026389996866845 1.025736740813634
61098.0613 lsst_hardware_z -23.021031876678208 47.209999084472656 30.959999084472656 AB 8.134973189081366 1.0370950011577469
61100.0471 lsst_hardware_z 25.573351099015593 52.33000183105469 30.969999313354492 AB 3.886679276613042 1.0288344322978074
61100.0605 lsst_hardware_i 58.23939537769063 53.83000183105469 31.31999969482422 AB 4.01147041944915 1.042414193321419
61104.0461 lsst_hardware_y -87.20830983254416 50.29999923706055 30.049999237060547 AB 11.110725744864691 1.0383855836322142
61104.06 lsst_hardware_g -145.5699415081754 76.55999755859375 31.719999313354492 AB 11.306628553502952 1.0566942573367246
