data/validation/pwv_sim_epoch_fit_4/24788472.ecsv
# %ECSV 0.9
# ---
# datatype:
# - {name: time, datatype: float64}
# - {name: band, datatype: string}
# - {name: flux, datatype: float64}
# - {name: fluxerr, datatype: float64}
# - {name: zp, datatype: float64}
# - {name: zpsys, datatype: string}
# - {name: pwv, datatype: float64}
# - {name: airmass, datatype: float64}
# meta: {SNID: '24788472', alt: 1024.0, c: -0.029863808304071426, dec: -20.264481, lat: -30.244573, lon: -70.7499537, ra: 61.875, t0: 61293.08984375,
#   x0: 8.772921845274526e-05, x1: 0.5829007625579834, z: 0.1790660172700882}
# schema: astropy-2.0
time band flux fluxerr zp zpsys pwv airmass
61285.3658 lsst_hardware_z 7416.658049807386 98.74650503491402 30.969999313354492 AB 2.3329401601252777 1.0670966998857758
61285.3828 lsst_hardware_y 2497.879803467543 68.48407472502012 30.049999237060547 AB 2.4023260831573334 1.0395179935779422
61298.3754 lsst_hardware_z 6498.078797704297 89.07222049207112 30.950000762939453 AB 1.2037463535581812 1.017107185093609
61298.3941 lsst_hardware_y 2552.3467262245117 68.06298070358747 30.059999465942383 AB 1.2127768986340708 1.0170036885820302
61306.3679 lsst_hardware_r 15974.006095917819 128.35143064958373 31.5 AB 1.7945745280292806 1.0159885986202062
61306.3881 lsst_hardware_y 1743.3721066748906 63.27633493584188 30.049999237060547 AB 1.4873059060811835 1.026082032480982
61308.3414 lsst_hardware_z 4213.585866043065 84.2536717550285 30.979999542236328 AB 6.08520982553799 1.0199815329430086
61308.3611 lsst_hardware_r 16614.432850960635 144.42467306034916 31.649999618530273 AB 5.908422106670053 1.0158036803352624
61310.3369 lsst_hardware_i 9744.850896488364 120.42642022845888 31.34000015258789 AB 4.931547985649299 1.0194765681470803
61310.3564 lsst_hardware_z 3956.5982307916215 88.02962495350313 30.989999771118164 AB 5.095759958450321 1.0159011081440035
61312.3414 lsst_hardware_r 13694.877361565785 137.98348772311166 31.65999984741211 AB 7.067086828143209 1.0160673097109951
61312.3614 lsst_hardware_z 3986.0637117221695 82.9233601791048 30.979999542236328 AB 7.088203990278506 1.0192011105653527
61314.338 lsst_hardware_y 1664.9770350860101 61.81901159928379 30.059999465942383 AB 4.259399704026313 1.0157752826629256
61314.3571 lsst_hardware_r 12193.407291396581 123.43805023010543 31.639999389648438 AB 4.270299311171734 1.0197932642253487
61316.3389 lsst_hardware_i 8443.678050142278 98.87414343545566 31.290000915527344 AB 2.9457145411403527 1.0157636348759838
61316.3563 lsst_hardware_z 4160.103983122758 76.90932033057517 30.959999084472656 AB 2.965635578674132 1.0226329581634939
61318.3374 lsst_hardware_r 9594.547143384927 100.24319542944602 31.520000457763672 AB 7.724908517177456 1.01643533120756
61318.3559 lsst_hardware_g 4009.5099089897303 65.63531356082743 31.5 AB 7.801861980528582 1.0265607869116555
61322.3123 lsst_hardware_z 4536.632972467954 78.02396322498979 30.959999084472656 AB 2.7658943261804447 1.0164369423092219
61322.3319 lsst_hardware_i 7612.1647350734365 92.22752590719689 31.260000228881836 AB 2.7552560445382603 1.0182025293932966
61324.3224 lsst_hardware_u 26.116719067013562 5.498308492220602 28.5 AB 4.586154555564072 1.0167917721342976
61324.3394 lsst_hardware_g 2492.5530705748906 51.01903126873334 31.43000030517578 AB 4.498962844492425 1.026457413755899
61329.2976 lsst_hardware_i 6247.489562302056 83.91342280140182 31.260000228881836 AB 7.147957789308694 1.015719655547814
61329.3153 lsst_hardware_z 4357.053417505242 75.99031786221282 30.959999084472656 AB 7.187638368165224 1.0193544852859182
61331.2965 lsst_hardware_r 5448.151105608054 76.8696432401607 31.5 AB 6.222867394505153 1.0156467103811937
61331.3144 lsst_hardware_g 1682.3957867267513 43.192720525386804 31.43000030517578 AB 6.313196605785005 1.0219938386226535
61336.2748 lsst_hardware_z 3245.1410277963037 76.14391653457572 30.969999313354492 AB 3.652656791848546 1.0162736262968364
61336.2924 lsst_hardware_i 4580.898192876032 83.85922144130552 31.31999969482422 AB 3.1856416591835943 1.017695602326841
61338.2853 lsst_hardware_z 6104.008114609887 117.48366598339872 31.739999771118164 AB 3.865082950737514 1.0171270922993458
61341.2715 lsst_hardware_r 4058.8288088666673 103.21604977407353 31.670000076293945 AB 2.2905135907551712 1.015861443953951
61341.2895 lsst_hardware_i 3646.069579992254 91.16259452493293 31.34000015258789 AB 2.3247499689875415 1.0236679740147694
61351.1998 lsst_hardware_u 0.6247314074513818 3.259573532959988 28.479999542236328 AB 5.539410759123359 1.043301772129835
61351.2088 lsst_hardware_r 2850.600099580133 58.17841091176588 31.5 AB 4.768738904469595 1.0321945680670583
61357.2272 lsst_hardware_r -12.403330018920208 22.149999618530273 31.489999771118164 AB 6.803211024555321 1.015783654282227
61357.2458 lsst_hardware_u 4.123350068917831 2.5999999046325684 28.389999389648438 AB 6.853444830781985 1.023653401991294
61359.2306 lsst_hardware_g 0.7835343836981311 13.640000343322754 31.420000076293945 AB 7.451332126697777 1.0180806294161104
61359.248 lsst_hardware_r -21.258996734046903 22.309999465942383 31.489999771118164 AB 7.759418006683753 1.0303303687005383
61364.2138 lsst_hardware_z -21.546294332218988 47.0099983215332 30.969999313354492 AB 4.993628735375807 1.0169632887195315
61364.2336 lsst_hardware_r -46.426429721045515 42.349998474121094 31.6200008392334 AB 5.046774226619545 1.0295862144376295
61366.1237 lsst_hardware_z 111.69835473317008 58.209999084472656 30.969999313354492 AB 4.290932063793234 1.1179639751078818
61366.1438 lsst_hardware_r 15.770339891938782 73.20999908447266 31.639999389648438 AB 4.4792690908860955 1.0687828897366274
61372.1944 lsst_hardware_u 27.725916452140773 11.770000457763672 29.350000381469727 AB 3.2997044223667755 1.0177990198540332
61372.2132 lsst_hardware_g 65.96008826649897 51.810001373291016 31.719999313354492 AB 4.041657320073133 1.031035030630738
61374.1978 lsst_hardware_r -31.17172405372824 28.559999465942383 31.559999465942383 AB 4.609195640749214 1.022523620664525
61374.2163 lsst_hardware_i -13.395595912644977 34.900001525878906 31.280000686645508 AB 5.706393530217342 1.0411860230295207
61376.193 lsst_hardware_z -9.391379783667785 40.880001068115234 30.950000762939453 AB 6.459282648696445 1.0229826024066886
61376.212 lsst_hardware_r -38.052350311331196 22.479999542236328 31.489999771118164 AB 6.569448768741636 1.0427696458320057
61379.183 lsst_hardware_u 0.415565133457162 2.740000009536743 28.5 AB 2.395941916632058 1.0217599417031415
61379.2006 lsst_hardware_r 22.709992884905702 22.329999923706055 31.5 AB 2.5685004757748215 1.0385122716162223
61381.1812 lsst_hardware_i 31.16041161775485 30.030000686645508 31.260000228881836 AB 4.181051236995876 1.0243490168221827
61381.1991 lsst_hardware_z -71.23545339007288 40.9900016784668 30.950000762939453 AB 4.20799275444078 1.0438215861849713
61383.1803 lsst_hardware_r 16.770473598427845 22.3700008392334 31.510000228881836 AB 6.190165246509564 1.0282239519139378
61383.1996 lsst_hardware_u -1.550422300320489 2.7300000190734863 28.489999771118164 AB 6.382093555765275 1.0529335625102538
61385.1594 lsst_hardware_u -2.6694198499544286 2.7100000381469727 28.489999771118164 AB 9.767279920988448 1.0179905420707804
61385.1769 lsst_hardware_g 9.925440964785912 13.489999771118164 31.420000076293945 AB 10.405162242056322 1.0302140833719131
61387.1614 lsst_hardware_r 7.321826964162093 22.059999465942383 31.5 AB 10.581602550394607 1.02191629059951
61387.1798 lsst_hardware_i -20.247198308646063 30.139999389648438 31.260000228881836 AB 11.497651587103105 1.0398527256130343
61392.1003 lsst_hardware_i -46.78886491018594 37.97999954223633 31.290000915527344 AB 3.947677651668988 1.0287107887085312
61392.1175 lsst_hardware_z 33.61825222341583 44.220001220703125 30.959999084472656 AB 4.1684344224507885 1.0175185734216734
61394.1178 lsst_hardware_r -43.703422171938236 57.88999938964844 31.649999618530273 AB 3.319376130818189 1.0160059576538265
61394.1372 lsst_hardware_z 39.54959669808654 50.540000915527344 30.979999542236328 AB 3.066782708921328 1.0190339620938123
61396.1123 lsst_hardware_y 30.52347930964531 52.849998474121094 30.06999969482422 AB 3.9936046738305135 1.016012043884754
61396.1329 lsst_hardware_r -8.71144298645977 80.66999816894531 31.65999984741211 AB 3.5851319754756004 1.01961377697554
61405.0776 lsst_hardware_r -0.7074918008269078 22.079999923706055 31.5 AB 7.66503052488001 1.0194215354275709
61405.0997 lsst_hardware_i 48.99605232311245 30.010000228881836 31.260000228881836 AB 7.613217553618244 1.0163830923994719
61407.0797 lsst_hardware_z 4.077277383871222 40.41999816894531 30.950000762939453 AB 7.262233246855193 1.0165500065586777
61407.1013 lsst_hardware_r 13.063645391349045 21.850000381469727 31.479999542236328 AB 5.164503835566435 1.018840764562327
61409.0783 lsst_hardware_u -2.505630107029375 2.619999885559082 28.43000030517578 AB 2.3223636335515345 1.0157960124883694
61409.0983 lsst_hardware_r 35.622204492107876 21.729999542236328 31.479999542236328 AB 2.34620920154546 1.0200909571936783
61411.0789 lsst_hardware_i -32.43534516703203 29.729999542236328 31.25 AB 9.83052724073461 1.0156902370231378
61411.0991 lsst_hardware_z 23.201041201873675 40.560001373291016 30.950000762939453 AB 8.800107941155614 1.0242012617487575
61413.0546 lsst_hardware_y -26.538563325223084 67.02999877929688 30.809999465942383 AB 8.386419039866553 1.0200284659429626
61413.0765 lsst_hardware_r -26.38756104231208 30.940000534057617 32.25 AB 8.27588380442823 1.016100408782127
61415.0541 lsst_hardware_y -29.307500938955553 47.15999984741211 30.059999465942383 AB 9.228144778483712 1.0177352523877323
61415.0757 lsst_hardware_g 2.5064109832906456 13.199999809265137 31.40999984741211 AB 9.203394751132583 1.0173244013779568
61418.0504 lsst_hardware_z -27.054012914324883 42.349998474121094 30.950000762939453 AB 2.183673382620301 1.0163711345684572
61418.0692 lsst_hardware_i -22.442189264210224 30.290000915527344 31.260000228881836 AB 2.2695148927568445 1.017947922295077
61420.035 lsst_hardware_y -168.92257110928776 77.5199966430664 30.079999923706055 AB 6.018391434718114 1.0202969204427181
61420.0541 lsst_hardware_r 10.969221078041624 28.579999923706055 31.56999969482422 AB 6.069143274439636 1.0156712031528132
61422.0345 lsst_hardware_y -44.90291275395671 76.41999816894531 30.079999923706055 AB 3.6780924158315456 1.0179222553039333
61422.0537 lsst_hardware_r 111.18630987890745 43.0 31.6299991607666 AB 2.786933884235861 1.0164799431880662
61424.034 lsst_hardware_y -103.03146417989606 74.5999984741211 30.079999923706055 AB 4.813292948512783 1.0163739531252245
61424.0532 lsst_hardware_z -16.503149478700752 52.83000183105469 30.979999542236328 AB 3.7089446567511772 1.0181017449220855
61428.0333 lsst_hardware_y -113.25587291148294 78.44000244140625 30.079999923706055 AB 8.665682162178463 1.015767538106772
61428.0532 lsst_hardware_r -93.1677433428727 67.47000122070312 31.649999618530273 AB 7.53901354304684 1.0246009164238545
