data/validation/pwv_sim_epoch_fit_4/24830935.ecsv
# %ECSV 0.9
# ---
# datatype:
# - {name: time, datatype: float64}
# - {name: band, datatype: string}
# - {name: flux, datatype: float64}
# - {name: fluxerr, datatype: float64}
# - {name: zp, datatype: float64}
# - {name: zpsys, datatype: string}
# - {name: pwv, datatype: float64}
# - {name: airmass, datatype: float64}
# meta: {SNID: '24830935', alt: 1024.0, c: -0.02122473157942295, dec: -20.423615, lat: -30.244573, lon: -70.7499537, ra: 92.988281, t0: 62110.47265625,
#   x0: 2.5790261136713235e-06, x1: 0.26890212297439575, z: 0.8036648631095886}
# schema: astropy-2.0
time band flux fluxerr zp zpsys pwv airmass
62066.3705 lsst_hardware_r 0.5826744255221792 26.790000915527344 31.549999237060547 AB 3.342693352724844 1.0149108173138899
62068.3466 lsst_hardware_z -18.62525142148405 57.619998931884766 31.700000762939453 AB 3.7580892279784788 1.0194653842060586
62069.3579 lsst_hardware_g -3.9454470815561455 14.579999923706055 31.469999313354492 AB 2.4195239337462904 1.014971936130724
62076.2857 lsst_hardware_z 19.99954807377522 80.59504342578981 31.729999542236328 AB 3.3269430272345057 1.0683824750271373
62076.3089 lsst_hardware_y -42.83748734171453 51.35699179207275 30.059999465942383 AB 3.085397060999169 1.0325960712848625
62078.3401 lsst_hardware_z 35.47418902568815 60.383737913485604 30.989999771118164 AB 5.887817376915818 1.0151409270544514
62078.3595 lsst_hardware_y -35.49977360538442 61.73459180580662 30.06999969482422 AB 5.939763672058906 1.0240971848377425
62080.3352 lsst_hardware_r 101.80516696131536 71.93578711469007 31.65999984741211 AB 3.526122076801563 1.0152226522137948
62080.3533 lsst_hardware_y 71.00552734372985 54.81795300740107 30.059999465942383 AB 3.5682514473646436 1.0235213904236145
62082.3109 lsst_hardware_i -20.194139572986185 49.7576252112026 31.31999969482422 AB 6.154331035330002 1.0181704086905106
62082.3293 lsst_hardware_z 45.82345167575354 50.90785062632064 30.979999542236328 AB 6.120889200044896 1.0151570113682555
62084.3153 lsst_hardware_r 23.620778692435128 37.546206791437456 31.610000610351562 AB 10.505699805861267 1.015157889539362
62084.3332 lsst_hardware_g 61.06538629290093 34.940634760806994 31.68000030517578 AB 10.556669800080677 1.0179355039933593
62089.3122 lsst_hardware_z 145.61013781480779 42.45765533826019 30.940000534057617 AB 5.293499347062198 1.015506972834463
62089.3289 lsst_hardware_i 322.2974603305731 34.1298947322691 31.239999771118164 AB 5.436271510358499 1.0236514267558514
62092.2941 lsst_hardware_r 256.5651940441635 27.013914271007337 31.479999542236328 AB 4.654106823890932 1.0150723716229317
62092.3151 lsst_hardware_u 2.6949822312006395 2.85921094867893 28.399999618530273 AB 4.652623827323661 1.019864933652756
62097.2929 lsst_hardware_i 664.8850746407066 39.54302957863131 31.260000228881836 AB 6.519392077423093 1.0161411213026332
62097.3128 lsst_hardware_z 452.92515218227913 45.46210793280713 30.950000762939453 AB 6.551207083833194 1.028648806097543
62099.2915 lsst_hardware_r 510.0644831022498 31.77342586665607 31.489999771118164 AB 6.705581481070337 1.0176032598525961
62099.3106 lsst_hardware_g 95.64010958104295 17.103759056843593 31.420000076293945 AB 6.900231949660583 1.0320032828058452
62102.1481 lsst_hardware_z 490.84056451677026 55.88487278062898 30.93000030517578 AB 5.526443811177391 1.3217204929570598
62104.2727 lsst_hardware_r 652.4640631680048 57.85781283192464 31.639999389648438 AB 6.122219924243756 1.015841029450938
62104.2929 lsst_hardware_z 577.6596616587543 53.322333580003956 30.969999313354492 AB 5.979078716674882 1.027892389904244
62111.2543 lsst_hardware_r 697.4309989953108 64.31467808374194 31.649999618530273 AB 4.628779825904363 1.0160302531755174
62111.2742 lsst_hardware_z 725.0759642632365 57.43793350356312 30.969999313354492 AB 4.6504061987155 1.028282188770702
62113.2546 lsst_hardware_r 621.4677614627694 44.28989834892294 31.610000610351562 AB 6.890641837466728 1.018196060209343
62113.2742 lsst_hardware_i 976.8771229676263 48.62283486904829 31.290000915527344 AB 6.867761136138206 1.0340418272730048
62115.252 lsst_hardware_z 682.10768148189 47.68381907184808 30.959999084472656 AB 9.601354810490566 1.019685090323977
62115.2719 lsst_hardware_i 922.9457790041741 43.264524785827376 31.260000228881836 AB 10.000876537557737 1.0378659752550579
62117.2392 lsst_hardware_r 460.78443466535043 30.538905282785674 31.510000228881836 AB 11.05402141869555 1.0164150079256922
62117.258 lsst_hardware_u 4.119929127351644 2.7892090125251285 28.520000457763672 AB 10.862031233578827 1.0284553551653486
62119.2328 lsst_hardware_g 45.416858606588114 14.882612793703487 31.40999984741211 AB 8.203156451557497 1.0161261276040279
62119.2507 lsst_hardware_r 390.6266560671062 29.437172280202333 31.489999771118164 AB 8.381888869186623 1.0267405801189782
62121.1971 lsst_hardware_i 761.9518210358701 40.58190514963034 31.260000228881836 AB 8.724151012298934 1.022511228672044
62121.2166 lsst_hardware_z 559.2530192907939 46.56723719432872 30.950000762939453 AB 8.593589078667955 1.014910921817332
62123.1792 lsst_hardware_r 611.715625876351 40.42234961624485 32.2599983215332 AB 5.278284281952136 1.0341466069657115
62123.1966 lsst_hardware_g 75.86756444108104 20.959421393010214 32.189998626708984 AB 5.346912460698676 1.0193656190960874
62125.1818 lsst_hardware_r 262.22099940665436 27.785342355940866 31.5 AB 4.95141659266813 1.0259876901507003
62125.2002 lsst_hardware_i 609.2180261804663 38.92185619033948 31.25 AB 4.841122072116031 1.0157620797556002
62127.1835 lsst_hardware_z 452.05225950632314 45.76107326007077 30.959999084472656 AB 5.89982702344977 1.0206430280164398
62127.2021 lsst_hardware_i 540.3668982220563 38.29769783489902 31.260000228881836 AB 5.871648305681281 1.0148465290897948
62130.1608 lsst_hardware_r 272.06650090860086 36.22937789920283 31.579999923706055 AB 7.220139912744161 1.0333306970186897
62130.1813 lsst_hardware_z 473.85556828882255 47.03258967201302 30.959999084472656 AB 7.159221690797048 1.0175130316652397
62134.1744 lsst_hardware_i 451.4874722420675 63.37998614785996 31.329999923706055 AB 9.44961184230965 1.0160872948720054
62134.1954 lsst_hardware_z 333.13149038945835 58.69350356387175 30.979999542236328 AB 9.461532531860225 1.017369089447336
62136.1718 lsst_hardware_r 225.35761890428984 101.7921244836148 31.670000076293945 AB 7.059910530177359 1.0154012731585162
62136.1915 lsst_hardware_z 142.75127196529206 71.29124134610605 31.0 AB 7.078863113344576 1.018049367446157
62138.1591 lsst_hardware_r 231.63792344526397 88.37224957031165 31.65999984741211 AB 4.688207231406875 1.0176637382309341
62138.18 lsst_hardware_i 312.6124562954058 74.1206096003736 31.34000015258789 AB 4.67569801174358 1.0158671809987494
62140.1574 lsst_hardware_z 222.69357010253887 52.64834694736738 30.969999313354492 AB 2.495365901678905 1.0162698394755392
62140.1781 lsst_hardware_i 309.096608038097 51.97964516011329 31.31999969482422 AB 2.5462435864568347 1.0170058260378783
62142.1586 lsst_hardware_u -0.059537311798695494 6.600647526951952 29.6200008392334 AB 8.201610705345892 1.0149566197872588
62142.18 lsst_hardware_g -17.23297683188106 46.19709233986105 32.41999816894531 AB 6.840781978803633 1.0207075468223863
62144.1364 lsst_hardware_g 22.904461453439573 13.916788605820075 31.43000030517578 AB 7.193121565342451 1.0210733744689766
62144.1552 lsst_hardware_r 105.01958737915822 23.927417362067906 31.510000228881836 AB 7.396634163029593 1.0148478745538596
62146.1332 lsst_hardware_i 227.27038478454364 32.66534285557597 31.25 AB 8.415900731529597 1.0196971807184525
62146.1534 lsst_hardware_z 230.65137408249635 42.92552014838817 30.950000762939453 AB 8.296792867938041 1.0150016761673575
62148.1284 lsst_hardware_r 96.07705616080251 23.581260747907518 31.510000228881836 AB 7.062918875626175 1.0193273020098332
62148.1476 lsst_hardware_g 1.7620979535384729 13.835295597112777 31.43000030517578 AB 7.080418756607433 1.0149682850641444
62152.1105 lsst_hardware_z 211.47617461999408 42.60550208377702 30.959999084472656 AB 3.806379406508384 1.0239772429910239
62152.1292 lsst_hardware_i 96.10088373813065 31.94094503833728 31.260000228881836 AB 4.489760985285385 1.0152088152143326
62154.1133 lsst_hardware_u 2.8374819538457015 2.7624426080234636 28.520000457763672 AB 3.983690834399691 1.0186513672312705
62154.1329 lsst_hardware_g 18.918085220099325 13.836786185920996 31.43000030517578 AB 4.512930191060775 1.0151681905434071
62156.1138 lsst_hardware_r 34.596556281496646 22.733755736966547 31.489999771118164 AB 7.79354408620815 1.016239938219863
62156.134 lsst_hardware_i 93.7455385892281 31.523339386435417 31.260000228881836 AB 7.5343422287407895 1.0168489410541588
62160.0863 lsst_hardware_r -7.860104150526083 38.731862631308765 31.610000610351562 AB 13.327433892644708 1.025923783175975
62160.1067 lsst_hardware_z 121.75615615635081 45.561059480481006 30.969999313354492 AB 13.173228798498606 1.015316875293738
62163.0786 lsst_hardware_z 5.444166903083445 56.8605694024756 30.989999771118164 AB 11.690709488709901 1.0255008323429737
62163.0986 lsst_hardware_i -22.54810486253191 58.35956400836208 31.329999923706055 AB 11.653615189126873 1.0153001558744443
62165.0891 lsst_hardware_z 231.98974407226999 93.05381639423922 31.75 AB 11.803038000642896 1.0162767350303719
62167.0761 lsst_hardware_r -1.1982612054015356 83.37385748174172 31.65999984741211 AB 9.188760142713374 1.0195572973884377
62167.0931 lsst_hardware_i 161.8279559044871 69.05147170810375 31.34000015258789 AB 9.008301815047837 1.0148388717559687
62171.0625 lsst_hardware_g 34.25208101716613 14.027126279098944 31.420000076293945 AB 9.803358664153114 1.0211831941826162
62171.0799 lsst_hardware_r -0.09997807662991808 22.33523036164795 31.5 AB 9.794335936666666 1.0149132700660526
62173.0616 lsst_hardware_i 72.89068293012593 30.775482311913432 31.260000228881836 AB 4.857163025842856 1.0185578832327982
62173.0801 lsst_hardware_z 61.27867216588004 41.42083308565092 30.950000762939453 AB 4.797772256670138 1.0150434957694117
62175.0609 lsst_hardware_i 42.40774477756561 30.610109279938055 31.260000228881836 AB 10.074921250939601 1.0165649674282402
62175.0814 lsst_hardware_u 0.170212726407201 2.7552759993828824 28.479999542236328 AB 10.01240731997076 1.01659126002343
62177.0573 lsst_hardware_g 23.517497402129475 13.722207561188004 31.399999618530273 AB 2.641578609423151 1.015991772855058
62177.0758 lsst_hardware_r 29.068573133934144 22.2034646887515 31.5 AB 2.643014192870244 1.0165439203347093
62179.0552 lsst_hardware_i 25.222858765151372 30.428638311034852 31.25 AB 1.9986864138625005 1.0152487710104667
62179.0713 lsst_hardware_r 40.71121295017793 22.1598241466261 31.489999771118164 AB 2.0134280834599734 1.01688287043433
62183.0354 lsst_hardware_y 60.001879130061695 47.701619328456324 30.049999237060547 AB 2.8535272719017235 1.0180261405286206
62183.0546 lsst_hardware_r 59.09599177247501 22.15252890176381 31.489999771118164 AB 2.436737378537474 1.015307241057281
62185.0314 lsst_hardware_y 97.62391535486316 47.93740333414274 30.059999465942383 AB 3.698204698864599 1.0173878126174782
62185.0494 lsst_hardware_z 54.959970916056555 41.31706083075042 30.959999084472656 AB 4.514941937147376 1.0153542587287951
62187.0271 lsst_hardware_y 14.554510292586057 48.799213251561376 30.049999237060547 AB 3.7626464199402263 1.0169314648487098
62187.0419 lsst_hardware_z 96.67373473389263 41.75832273731087 30.950000762939453 AB 3.359799351207508 1.0150451212107277
62189.014 lsst_hardware_y 117.68274377075497 77.84285900374176 30.079999923706055 AB 4.915400750252094 1.0207633296361536
62189.0302 lsst_hardware_r 31.40829369161264 36.087984862794706 31.610000610351562 AB 4.929719888584979 1.0149547681739683
62191.0125 lsst_hardware_y 105.58854782338159 70.4095425709819 30.079999923706055 AB 7.842685160504549 1.018530540325266
62191.0305 lsst_hardware_r -22.32647650862633 54.08330218664553 31.649999618530273 AB 7.750734472560139 1.014992237362598
62193.0194 lsst_hardware_z -18.754080034534226 97.48846089952653 31.739999771118164 AB 7.139114880719181 1.0149438272276345
62197.0083 lsst_hardware_y 93.86852407604485 74.95694894304818 30.079999923706055 AB 2.4508727572536784 1.0149592120317543
62197.0263 lsst_hardware_r 38.90625584060679 59.33906329668268 31.649999618530273 AB 2.4764622073102047 1.018701031390426
62198.0069 lsst_hardware_y 181.73726024114765 75.04181621486444 30.079999923706055 AB 5.390977913724643 1.0148678301439464
62198.0251 lsst_hardware_g 4.797128312408095 33.87715595476838 31.68000030517578 AB 5.4401493213323935 1.0195182386305084
62201.0036 lsst_hardware_y -210.28392719574353 80.58999633789062 30.079999923706055 AB 5.179557692888698 1.0150356389369368
62201.0232 lsst_hardware_z -17.171148438714766 40.630001068115234 30.950000762939453 AB 5.249604701756682 1.0237138653971585
62426.3681 lsst_hardware_u -0.5477105325621849 3.890000104904175 28.739999771118164 AB 4.967133183769238 1.018568297565399
62431.2849 lsst_hardware_z 85.03525995211344 60.33000183105469 30.969999313354492 AB 3.249157143401763 1.1450774073662602
62431.2977 lsst_hardware_y -68.10007654460307 53.0099983215332 30.030000686645508 AB 2.7234861622408153 1.1060216571417028
62434.3699 lsst_hardware_r -60.250752953354095 72.44000244140625 31.65999984741211 AB 3.7370583436414053 1.0161032338717737
62436.3548 lsst_hardware_r 24.998663070440113 60.150001525878906 31.649999618530273 AB 3.1024548648470756 1.0148691085531814
62439.3448 lsst_hardware_g -4.866927760728126 31.15999984741211 31.670000076293945 AB 4.95648685216917 1.0149802427651038
62439.3617 lsst_hardware_z 20.99859226637804 47.86000061035156 30.959999084472656 AB 4.992417196710831 1.0181680210831063
62452.3133 lsst_hardware_i 3.6219517555934733 29.6200008392334 31.25 AB 3.7514055880838737 1.014876277859334
62452.3316 lsst_hardware_u -3.976441646830558 2.569999933242798 28.3700008392334 AB 3.7707506851935273 1.0211917901675376
62455.3125 lsst_hardware_g 1.1995596192718745 13.109999656677246 31.40999984741211 AB 5.283619053126666 1.0160805871397434
62455.3296 lsst_hardware_r 16.12730758270864 21.799999237060547 31.5 AB 5.38899647534673 1.0258892966584294
62459.2988 lsst_hardware_z -157.53639978714335 75.79000091552734 31.729999542236328 AB 6.368677094582975 1.0154140775801936
62464.2921 lsst_hardware_i -24.908724889685978 63.11000061035156 31.329999923706055 AB 9.457209663467784 1.0175607556991375
62464.312 lsst_hardware_z -40.225672654493586 59.720001220703125 30.979999542236328 AB 9.520846635199646 1.032779140352776
62467.2257 lsst_hardware_z 27.821170636516648 47.31999969482422 30.959999084472656 AB 3.975729938757711 1.0499286810099302
62467.2446 lsst_hardware_i 38.64226255958711 42.72999954223633 31.299999237060547 AB 3.8881452735148616 1.0265955968707137
62472.2685 lsst_hardware_u -2.048240101773404 2.7200000286102295 28.510000228881836 AB 7.00398693555705 1.0168635907116816
62472.287 lsst_hardware_g -9.725867524427567 13.539999961853027 31.420000076293945 AB 7.079817593746614 1.0294422635342924
62474.1419 lsst_hardware_r 29.594121046352658 39.93000030517578 32.63999938964844 AB 4.015000090179485 1.2527301373415334
62476.2553 lsst_hardware_z 14.695691621161753 40.560001373291016 30.950000762939453 AB 5.169314064165513 1.0161146764838513
62476.2739 lsst_hardware_u 6.0483865872235585 2.640000104904175 28.43000030517578 AB 5.2202894087057885 1.0273463806166305
62480.254 lsst_hardware_i 7.612474389787003 29.950000762939453 31.260000228881836 AB 9.435384531997073 1.0204552691087818
62480.2726 lsst_hardware_z -25.495140786234984 40.84000015258789 30.950000762939453 AB 9.594102527997498 1.0378734885328318
62482.2342 lsst_hardware_z 42.87223972063535 40.459999084472656 30.950000762939453 AB 12.764554000896833 1.0151142392060533
62482.2521 lsst_hardware_i -3.7488077802805373 29.90999984741211 31.25 AB 12.62279766182958 1.0228549854610298
62484.2328 lsst_hardware_z 19.054176052093663 40.41999816894531 30.950000762939453 AB 7.954303581038997 1.01592935950687
62484.2513 lsst_hardware_g 10.332013798734668 13.359999656677246 31.399999618530273 AB 8.14958972655524 1.0266552943506224
62486.2321 lsst_hardware_r 40.84715353539486 40.34000015258789 31.610000610351562 AB 10.570053785148685 1.0175838807803637
62486.2503 lsst_hardware_i -89.0005688905679 38.689998626708984 31.280000686645508 AB 10.815965187631969 1.031003694606438
62488.1879 lsst_hardware_z 54.948581907531505 78.7699966430664 31.729999542236328 AB 3.4197560377503398 1.026029414266465
62492.1815 lsst_hardware_i -41.11424317456046 78.56999969482422 31.34000015258789 AB 3.839521369063227 1.0224409477566678
