data/validation/pwv_sim_epoch_fit_4/24881732.ecsv
# %ECSV 0.9
# ---
# datatype:
# - {name: time, datatype: float64}
# - {name: band, datatype: string}
# - {name: flux, datatype: float64}
# - {name: fluxerr, datatype: float64}
# - {name: zp, datatype: float64}
# - {name: zpsys, datatype: string}
# - {name: pwv, datatype: float64}
# - {name: airmass, datatype: float64}
# meta: {SNID: '24881732', alt: 1024.0, c: 0.04202568158507347, dec: -36.79533, lat: -30.244573, lon: -70.7499537, ra: 274.746094, t0: 60438.34765625,
#   x0: 1.5281163899801556e-05, x1: 0.305939257144928, z: 0.38496795296669006}
# schema: astropy-2.0
time band flux fluxerr zp zpsys pwv airmass
[from data line 133]
60833.2764 lsst_hardware_r 24.821824138969703 56.38999938964844 31.649999618530273 AB 3.854904502309651 1.0162314153716128
60844.1693 lsst_hardware_u 6.73561346671094 2.809999942779541 28.479999542236328 AB 6.068336360081803 1.0434314336210813
60844.194 lsst_hardware_g -12.296733504862777 22.850000381469727 31.610000610351562 AB 5.9108249192578475 1.0160857654833209
60847.2695 lsst_hardware_u -3.207426550905042 2.6700000762939453 28.3700008392334 AB 3.444672871941572 1.0543841052774936
60847.2813 lsst_hardware_g -32.61973280111286 15.010000228881836 31.420000076293945 AB 3.475910735655692 1.0771337885515004
60849.0561 lsst_hardware_z 67.3728195551854 46.75 30.90999984741211 AB 4.251304115986973 1.4171013719956578
60849.0636 lsst_hardware_u -1.1976761616053961 2.569999933242798 28.18000030517578 AB 4.099795489633138 1.3665984965443791
60858.0508 lsst_hardware_z -130.4406854024724 46.22999954223633 30.920000076293945 AB 11.05189317192626 1.2974878253007398
60858.0605 lsst_hardware_i 51.868720753988555 35.33000183105469 31.229999542236328 AB 10.648892496173042 1.2485877175638918
60861.0813 lsst_hardware_y 176.37582599852288 71.43000030517578 30.770000457763672 AB 4.795375360564779 1.1368836796028676
60861.1828 lsst_hardware_r 50.88817149299202 49.709999084472656 31.639999389648438 AB 3.627765209149184 1.0077125580969954
60861.1949 lsst_hardware_y 54.057935354282 48.97999954223633 30.059999465942383 AB 3.646267979793929 1.0128522166094247
60865.0771 lsst_hardware_z -82.20418740262069 102.48999786376953 31.0 AB 3.1985219838565477 1.1170949039925078
60865.0969 lsst_hardware_r 237.82334812039954 149.6699981689453 31.65999984741211 AB 3.327634712718286 1.0697496933298891
60867.1278 lsst_hardware_i 32.65866245508084 112.93000030517578 31.350000381469727 AB 7.588579917557493 1.0187608687119898
60867.14 lsst_hardware_z -56.46093972560794 94.62999725341797 31.010000228881836 AB 7.578402047300686 1.0107231324754182
60872.0543 lsst_hardware_z 46.54650708029332 43.099998474121094 30.940000534057617 AB 4.38139518033874 1.127699679644486
60872.0742 lsst_hardware_r 2.8208187902845356 24.139999389648438 31.5 AB 4.173248004613805 1.077198882670775
60875.1265 lsst_hardware_u 1.1273911068833735 2.8299999237060547 28.520000457763672 AB 2.8044197835835467 1.0076664791149672
60875.138 lsst_hardware_g -2.8515800176578607 14.859999656677246 31.459999084472656 AB 2.811806480252782 1.0066433295454333
60879.0742 lsst_hardware_r 16.139606165656623 23.610000610351562 31.510000228881836 AB 5.035595988481155 1.042746365173086
60879.0942 lsst_hardware_i -36.79129804666681 30.899999618530273 31.260000228881836 AB 6.602594495457305 1.01946954303363
60879.1238 lsst_hardware_z 58.36601161860631 41.040000915527344 30.959999084472656 AB 6.470166754340962 1.0065598559957938
60879.1364 lsst_hardware_r 23.218061933643867 23.479999542236328 31.520000457763672 AB 5.849404570715617 1.008518029433727
60881.1161 lsst_hardware_i 4.989711462714959 30.850000381469727 31.260000228881836 AB 5.338228700822277 1.0066748029334527
60881.1285 lsst_hardware_u 4.11000008243543 2.819999933242798 28.520000457763672 AB 5.610384212536258 1.007793104461336
60884.021 lsst_hardware_r -23.898835351782463 23.969999313354492 31.489999771118164 AB 5.081797912329275 1.1292884249620612
60884.0253 lsst_hardware_i 34.54164146948892 31.649999618530273 31.239999771118164 AB 5.025951139362673 1.1168780309694828
60887.9786 lsst_hardware_y 12.361939864470031 50.7400016784668 29.979999542236328 AB 5.855707502329303 1.2485295220047907
60887.9987 lsst_hardware_i -18.11378092737571 36.040000915527344 31.25 AB 5.325699346076603 1.166275382829703
60890.9794 lsst_hardware_y -46.28801629937251 55.83000183105469 30.0 AB 12.771120039535106 1.2088140122607767
60891.0759 lsst_hardware_z 133.04737018398623 101.33999633789062 32.16999816894531 AB 1.5012869293695341 1.0100607284387986
60896.9772 lsst_hardware_z 0.3680174402226532 62.599998474121094 30.969999313354492 AB 2.522227809526955 1.1556599356366344
60896.9954 lsst_hardware_r -17.780425841542044 82.02999877929688 31.639999389648438 AB 2.299527713264144 1.1019220732836725
60900.9783 lsst_hardware_y -76.3492751330479 50.150001525878906 30.030000686645508 AB 6.135485111571754 1.118508489766214
60900.9982 lsst_hardware_u 0.23476292786507505 2.809999942779541 28.5 AB 5.6204673780498755 1.070565214866643
60907.9787 lsst_hardware_z 90.12868175081161 45.41999816894531 30.950000762939453 AB 3.410643593549691 1.0713502728285507
60907.9969 lsst_hardware_i -2.586895755940485 31.280000686645508 31.260000228881836 AB 3.3987856702764714 1.0400200949438407
60911.9782 lsst_hardware_y 16.109028906101532 52.91999816894531 30.049999237060547 AB 5.124428119511342 1.052027944880177
60911.996 lsst_hardware_r 15.529366955886049 23.790000915527344 31.510000228881836 AB 5.030707576376577 1.027408879072108
