data/validation/pwv_sim_epoch_fit_4/24970395.ecsv
# %ECSV 0.9
# ---
# datatype:
# - {name: time, datatype: float64}
# - {name: band, datatype: string}
# - {name: flux, datatype: float64}
# - {name: fluxerr, datatype: float64}
# - {name: zp, datatype: float64}
# - {name: zpsys, datatype: string}
# - {name: pwv, datatype: float64}
# - {name: airmass, datatype: float64}
# meta: {SNID: '24970395', alt: 1024.0, c: -0.035641685128211975, dec: -10.958863, lat: -30.244573, lon: -70.7499537, ra: 68.554688, t0: 61390.515625,
#   x0: 2.1954581371632123e-06, x1: -0.03922763466835022, z: 0.8578501343727112}
# schema: astropy-2.0
time band flux fluxerr zp zpsys pwv airmass
[from data line 133]
61739.2349 lsst_hardware_i 16.4856271678007 31.049999237060547 31.25 AB 5.961673205312932 1.0880620298669579
61741.1883 lsst_hardware_r 23.31080058708773 22.989999771118164 31.489999771118164 AB 6.685565643199485 1.0599950812355499
61741.2087 lsst_hardware_z -7.269030540590965 41.630001068115234 30.940000534057617 AB 6.71353246796992 1.0656400742809398
61743.191 lsst_hardware_r -59.28481967556466 22.780000686645508 31.489999771118164 AB 3.900157611267922 1.0603536937608198
61743.2103 lsst_hardware_y 100.37744234109073 47.4900016784668 30.040000915527344 AB 4.627324925452048 1.0713260231410657
61745.1198 lsst_hardware_g 21.79527127662905 26.09000015258789 31.610000610351562 AB 5.938424913854475 1.1329268516098014
61745.1407 lsst_hardware_r -37.728460691194044 30.0 31.559999465942383 AB 5.902203695698332 1.0901743065567662
61747.1986 lsst_hardware_i -82.22426730145379 39.290000915527344 31.280000686645508 AB 4.719477479851393 1.0706011410085772
61747.2171 lsst_hardware_z -52.66495321554066 45.36000061035156 30.950000762939453 AB 5.53714574047282 1.094513884260561
61749.1659 lsst_hardware_r -35.24613727441426 66.04000091552734 31.639999389648438 AB 7.940200697250654 1.0600597255019035
61749.1853 lsst_hardware_z -49.410603486686746 55.18000030517578 30.969999313354492 AB 10.232928856930425 1.0646454909716085
61751.1857 lsst_hardware_z 0.50390658459018 72.12999725341797 30.989999771118164 AB 13.574637322728984 1.0688690805298413
61751.2042 lsst_hardware_i -86.58902739940773 84.87000274658203 31.329999923706055 AB 13.859060704902399 1.0912646224332598
61755.1589 lsst_hardware_r 3.669105470971332 64.41999816894531 31.639999389648438 AB 10.818534172314818 1.0604897921009384
61755.1757 lsst_hardware_y -9.786341638447245 51.11000061035156 30.040000915527344 AB 11.007882938245807 1.0696546817328259
61757.121 lsst_hardware_g -24.571480975726374 13.9399995803833 31.420000076293945 AB 4.2770142119454135 1.073278346786804
61757.1413 lsst_hardware_r -17.835362031648778 31.81999969482422 31.559999465942383 AB 3.126895104891989 1.0605636308282609
61759.1323 lsst_hardware_i 37.683298026711434 43.16999816894531 32.0 AB 3.251260569795071 1.0616361044228804
61759.1539 lsst_hardware_z 39.21134342681976 58.54999923706055 31.700000762939453 AB 3.2756262637272835 1.0624801374398163
61763.1497 lsst_hardware_g -5.412351394539329 13.739999771118164 31.399999618530273 AB 6.621610757445304 1.0663677844343835
61763.1749 lsst_hardware_i 12.226965518072182 30.809999465942383 31.239999771118164 AB 7.10886694478845 1.097061476323665
61765.1395 lsst_hardware_z 29.232685327985063 41.220001220703125 30.950000762939453 AB 7.36860262826843 1.0634438776545576
61765.1588 lsst_hardware_r 36.08861614480578 22.559999465942383 31.489999771118164 AB 7.533847631303154 1.0808963603017439
61771.1008 lsst_hardware_i -50.30172283081431 30.3799991607666 31.239999771118164 AB 7.350512693477953 1.0611937949004104
61771.123 lsst_hardware_z 68.29733279722919 41.29999923706055 30.940000534057617 AB 7.366077880180015 1.063381068549533
61773.1024 lsst_hardware_r 9.387255864833552 23.989999771118164 31.510000228881836 AB 4.523231699509987 1.0598633236506336
61773.1236 lsst_hardware_z 12.212550792230859 41.790000915527344 30.950000762939453 AB 4.5803577356889615 1.0672470986634734
61775.093 lsst_hardware_g 53.30741398977176 27.780000686645508 31.6299991607666 AB 11.103856080379483 1.0603714226050749
61775.1163 lsst_hardware_i 33.20983497571383 35.029998779296875 31.270000457763672 AB 11.150971404087578 1.0659225787746218
61777.083 lsst_hardware_z -45.797732253597765 49.88999938964844 30.959999084472656 AB 10.449387383705208 1.0616868484040953
61777.1024 lsst_hardware_r -42.152957993879895 51.95000076293945 31.6200008392334 AB 9.329996174261435 1.0615235855461422
61779.0891 lsst_hardware_y -53.020522844405214 74.66000366210938 30.799999237060547 AB 6.9723720797594995 1.0598726274621129
61781.0835 lsst_hardware_r 101.39240434939842 98.7699966430664 31.649999618530273 AB 6.074079906279844 1.0598638817448727
61781.1055 lsst_hardware_i 20.258647498507546 78.91000366210938 31.329999923706055 AB 6.1625380281042625 1.070349635797527
61784.0482 lsst_hardware_y 35.66209457528225 49.31999969482422 30.040000915527344 AB 7.0753100668523095 1.072341628804533
61784.0685 lsst_hardware_z 4.522507986692534 49.5099983215332 30.959999084472656 AB 6.982607326495747 1.060353925716243
61785.0481 lsst_hardware_y 108.45082313569628 49.720001220703125 30.040000915527344 AB 6.343065115915766 1.0698823724926445
61785.0673 lsst_hardware_u -2.962785365960639 2.7200000286102295 28.479999542236328 AB 6.292167762016337 1.0600906009630724
61787.046 lsst_hardware_y 40.25966940683335 51.29999923706055 30.040000915527344 AB 2.951170777601869 1.0671382309173274
61787.0642 lsst_hardware_i 7.104727060677043 30.459999084472656 31.239999771118164 AB 2.8875834122666753 1.0598581069064767
61791.0373 lsst_hardware_y 67.82332655048263 60.970001220703125 30.049999237060547 AB 12.735466362197327 1.0655659267502051
61791.0571 lsst_hardware_g -1.5988646642308322 13.779999732971191 31.399999618530273 AB 12.67983434146644 1.0599283347678372
61793.0366 lsst_hardware_z 62.93946653231278 56.220001220703125 30.969999313354492 AB 9.02389620695665 1.0628435719394587
61793.0575 lsst_hardware_i 37.920683916266036 30.489999771118164 31.25 AB 7.55936227402414 1.0611120541864318
61795.0347 lsst_hardware_y -20.615091922069034 64.02999877929688 30.049999237060547 AB 7.197016100878679 1.061376345219911
61795.0554 lsst_hardware_r -14.691855575719744 22.290000915527344 31.479999542236328 AB 7.421963895405503 1.0623800217675792
61797.0331 lsst_hardware_y 102.75752506019172 69.68000030517578 30.059999465942383 AB 11.687062210386266 1.0603315051195341
61797.0499 lsst_hardware_r -40.49602200004898 22.739999771118164 31.489999771118164 AB 12.110934008218218 1.0623626322998436
61799.0335 lsst_hardware_y -120.83958352409812 64.31999969482422 30.059999465942383 AB 13.562057109030956 1.0598255076802998
61799.0526 lsst_hardware_z -97.65244576647537 41.369998931884766 30.940000534057617 AB 13.528285707057487 1.067236171273074
