data/validation/pwv_sim_epoch_fit_4/25150728.ecsv
# %ECSV 0.9
# ---
# datatype:
# - {name: time, datatype: float64}
# - {name: band, datatype: string}
# - {name: flux, datatype: float64}
# - {name: fluxerr, datatype: float64}
# - {name: zp, datatype: float64}
# - {name: zpsys, datatype: string}
# - {name: pwv, datatype: float64}
# - {name: airmass, datatype: float64}
# meta: {SNID: '25150728', alt: 1024.0, c: -0.0950881764292717, dec: -65.322342, lat: -30.244573, lon: -70.7499537, ra: 255.559708, t0: 61528.6171875,
#   x0: 1.4462364998340452e-05, x1: -0.011481833644211292, z: 0.39365994930267334}
# schema: astropy-2.0
time band flux fluxerr zp zpsys pwv airmass
61491.3923 lsst_hardware_z -12.875848651543858 55.689998626708984 30.959999084472656 AB 9.58873364733091 1.2225849352710503
61491.4045 lsst_hardware_y -69.73403413638859 56.0099983215332 30.010000228881836 AB 9.598260079161271 1.2233316440429944
61498.37 lsst_hardware_u -0.5359035128502286 2.5799999237060547 28.260000228881836 AB 6.978789466820755 1.2229187149803002
61498.3829 lsst_hardware_g 0.7821081485409332 13.949999809265137 31.350000381469727 AB 7.546258801622678 1.222924395250002
61500.3707 lsst_hardware_r 12.736232964405104 22.649999618530273 31.440000534057617 AB 9.380488141372108 1.2224789063473849
61500.3838 lsst_hardware_i 41.833621777419836 31.530000686645508 31.219999313354492 AB 10.026512021312573 1.2242383420406073
61502.3795 lsst_hardware_z 79.45712192978043 43.237216878191106 30.93000030517578 AB 9.956995511170767 1.224572071229944
61502.3904 lsst_hardware_r 0.8998067342629813 22.875106622148476 31.450000762939453 AB 10.020398292841318 1.229119692467503
61504.3735 lsst_hardware_u -3.6195991256580777 2.5509689726857214 28.25 AB 8.800475481820065 1.2244139800793135
61504.3872 lsst_hardware_r 55.21586058349075 23.415287551859052 31.450000762939453 AB 8.24358498668699 1.230385818908506
61514.3153 lsst_hardware_r 2106.2450861433977 88.22462925611593 31.610000610351562 AB 13.05277189184993 1.2257466600582279
61514.3271 lsst_hardware_i 1368.0333128404006 71.51244020755736 31.299999237060547 AB 13.054303337531312 1.2228282832215178
61519.3005 lsst_hardware_r 3956.2164484753816 99.68099300234869 31.610000610351562 AB 10.913129979786026 1.226194379751239
61519.3125 lsst_hardware_z 1606.0978146319708 71.89614184050957 30.959999084472656 AB 10.884304913650475 1.2229556082753341
61521.3008 lsst_hardware_z 1841.9317333326105 69.52070857847086 30.959999084472656 AB 4.542905625244896 1.2242553729690484
61521.3127 lsst_hardware_i 2897.594675151299 75.74466029472322 31.290000915527344 AB 4.553508907247236 1.2225005456063456
61525.3059 lsst_hardware_y 585.7422150816286 53.71388230060258 29.979999542236328 AB 13.368239928078625 1.2226023666990076
61525.3179 lsst_hardware_g 3058.2269944892128 58.089976725291244 31.479999542236328 AB 13.412674105522472 1.2249576789371635
61527.3071 lsst_hardware_r 4824.398869817613 72.62162107024062 31.459999084472656 AB 11.010955800792534 1.223530165285488
61527.319 lsst_hardware_i 3293.305796378487 65.11306568092587 31.229999542236328 AB 11.001355791817906 1.2275558794708665
61529.298 lsst_hardware_z 2198.1036263656583 62.93368024215059 30.93000030517578 AB 11.201530321826214 1.2229078655887131
61529.3103 lsst_hardware_r 4680.228094704282 72.34759407775368 31.459999084472656 AB 11.049630858703756 1.2261586504817419
61531.2999 lsst_hardware_u 16.081554008686677 4.532028548233146 28.350000381469727 AB 3.7538994383747877 1.2244636511048805
61531.3118 lsst_hardware_r 4564.949236034987 71.4714142642447 31.459999084472656 AB 3.75195927980616 1.2294451641865027
61536.2804 lsst_hardware_z 2085.7401747372646 62.295986584712544 30.940000534057617 AB 9.662786464589502 1.223137527163228
61536.2921 lsst_hardware_r 4048.7063279988092 66.81670174676046 31.469999313354492 AB 9.346799375886082 1.2265336101156201
61542.282 lsst_hardware_r 3164.515300170243 83.8648127631827 31.600000381469727 AB 7.896781439187911 1.2295813732061935
61542.2955 lsst_hardware_i 2754.6368697572802 73.61527917264443 31.280000686645508 AB 7.713905526609318 1.239048914698759
61544.263 lsst_hardware_z 1624.0990297025678 80.99565132294677 30.969999313354492 AB 9.261749782415585 1.2240872007157555
61544.2766 lsst_hardware_r 2893.619366758181 115.67895132503467 31.610000610351562 AB 9.301020336595526 1.2296159969058755
61546.2806 lsst_hardware_i 2207.7076405749913 105.44257912578702 31.309999465942383 AB 7.407218504420216 1.235840916148235
61546.2914 lsst_hardware_z 1474.53557751262 88.95273612527816 30.969999313354492 AB 7.485581873539261 1.2453829647636303
61558.1989 lsst_hardware_r 1978.6258659066516 54.797094652553675 32.209999084472656 AB 12.590738056423252 1.2245417288876923
61558.2156 lsst_hardware_u 16.568928374570177 5.099251793860818 29.09000015258789 AB 12.841970511675575 1.2226178647147816
61563.2041 lsst_hardware_r 724.1837699570208 35.451329407106144 31.469999313354492 AB 5.492650498021299 1.2228081699427775
61563.2164 lsst_hardware_u 2.806866743317428 3.499397280371477 28.360000610351562 AB 4.835269212455943 1.2257738412513275
61572.2084 lsst_hardware_z 762.9435428156854 69.31851668047922 30.959999084472656 AB 9.157194548573374 1.2349554347368348
61572.2216 lsst_hardware_r 623.4035487770184 87.38956702224479 31.600000381469727 AB 9.315537006298605 1.246614819292346
61576.2109 lsst_hardware_r 382.8040183870841 109.73508070074729 31.610000610351562 AB 4.114596450450299 1.2468474092273634
61576.225 lsst_hardware_z 569.928660300616 75.78771375364418 30.959999084472656 AB 4.170544553069059 1.2638013797178966
61578.134 lsst_hardware_i 733.1911418771007 65.61117732096587 31.290000915527344 AB 3.2171285029180243 1.2287323605148328
61578.1471 lsst_hardware_z 572.5528562672233 62.779480098820805 30.959999084472656 AB 3.1985579030426026 1.2238208983997458
61580.1352 lsst_hardware_g 186.1987547217256 46.04276604214393 31.6299991607666 AB 4.36671936381275 1.2257744594201738
61580.1478 lsst_hardware_r 456.00032956750243 52.84756460933221 31.579999923706055 AB 4.510155022846188 1.222788917425263
61582.1315 lsst_hardware_i 590.3300552871833 39.82704705164687 31.229999542236328 AB 7.414327087318817 1.2251542260203456
61582.1431 lsst_hardware_r 319.7274460837447 29.56809908374866 31.459999084472656 AB 7.422213360777027 1.2227195520410554
61585.1341 lsst_hardware_u -1.131948884097766 2.9657561681063505 28.290000915527344 AB 5.830709719668195 1.2227982634746302
61585.1471 lsst_hardware_g 102.62916421070202 16.908352457094704 31.350000381469727 AB 5.915508675919409 1.2232656231437689
61587.1275 lsst_hardware_r 295.08758748891324 29.04097060719925 31.459999084472656 AB 10.38879788149583 1.2229308865798505
61587.1396 lsst_hardware_i 517.380444581615 38.73637515684602 31.219999313354492 AB 10.320210155269795 1.2229548399075825
61589.1053 lsst_hardware_i 428.77815632450967 38.45769169754011 31.219999313354492 AB 7.8518828619703696 1.2280719767431891
61589.1169 lsst_hardware_z 432.2632885268369 47.730375001559636 30.93000030517578 AB 7.930675785991104 1.2238697200603554
61598.109 lsst_hardware_z 715.6341796602194 73.99014347338382 31.690000534057617 AB 8.781604331090533 1.2228943505209986
61600.1045 lsst_hardware_r -32.806074187913595 71.41999816894531 31.600000381469727 AB 9.20078045767358 1.2230201326164452
61600.1171 lsst_hardware_i -76.96991982499749 60.790000915527344 31.290000915527344 AB 9.214882455132322 1.2264842052550173
61605.1011 lsst_hardware_z -48.62129185756666 70.87999725341797 30.969999313354492 AB 3.5490880522754598 1.2255843633756984
61605.113 lsst_hardware_r 44.22068685481088 102.88999938964844 31.610000610351562 AB 3.554439912057447 1.2314013206504233
61608.0468 lsst_hardware_u -1.8363340777192427 5.340000152587891 28.799999237060547 AB 6.368171372218512 1.231794327132115
61608.0593 lsst_hardware_g 27.836883352143694 38.810001373291016 31.6200008392334 AB 6.3361259117087485 1.2255957790467937
61611.0421 lsst_hardware_r -46.852098653496675 22.860000610351562 31.450000762939453 AB 5.779694638487675 1.229722263508016
61611.0549 lsst_hardware_i -10.310478991059508 31.760000228881836 31.219999313354492 AB 5.754614633159395 1.2243860921615735
61617.0463 lsst_hardware_g -18.091261923097044 13.34000015258789 31.34000015258789 AB 4.31672811429329 1.2228691541907337
61617.0591 lsst_hardware_r -24.899649085018492 22.719999313354492 31.450000762939453 AB 4.306228285900971 1.2231865604036276
61626.0297 lsst_hardware_r -36.32313852320066 35.70000076293945 31.559999465942383 AB 6.83834550841519 1.2226614533193618
61626.0412 lsst_hardware_i -41.909584277285404 38.040000915527344 31.260000228881836 AB 6.811033904547159 1.2247491062212053
61629.0347 lsst_hardware_z 99.35815899319485 54.83000183105469 30.959999084472656 AB 2.7238351251029225 1.225296952362988
61629.0462 lsst_hardware_r -38.07857117200457 65.43000030517578 31.600000381469727 AB 4.061154080786459 1.2306527517534724
61856.3917 lsst_hardware_i 16.83398855325646 31.59000015258789 31.229999542236328 AB 9.59703831882648 1.2227084111130773
61856.4032 lsst_hardware_y 33.15515071048446 50.18000030517578 29.989999771118164 AB 9.574448497275966 1.222998615848927
61860.3972 lsst_hardware_g -2.8494212549916575 13.699999809265137 31.329999923706055 AB 6.11993782085438 1.223987564170876
61860.4093 lsst_hardware_y -30.93950691175345 56.029998779296875 29.979999542236328 AB 6.143166194468988 1.2286332388937977
61862.3955 lsst_hardware_i -72.99917531540156 31.549999237060547 31.209999084472656 AB 12.9466855514888 1.2250934559623514
61862.407 lsst_hardware_z -1.709086119630396 45.77000045776367 30.93000030517578 AB 12.904526992978287 1.2303696481466513
61864.3799 lsst_hardware_z -5.724138885144856 43.630001068115234 30.920000076293945 AB 10.08765619056272 1.2228079628946174
61864.3913 lsst_hardware_r -40.185040872119686 22.790000915527344 31.440000534057617 AB 10.112688816688138 1.225532880228819
61872.3846 lsst_hardware_z -34.48363139800725 93.66000366210938 31.719999313354492 AB 7.697951353137109 1.2334977932359266
61878.3771 lsst_hardware_r 34.87170609298917 31.190000534057617 31.530000686645508 AB 16.078655503836053 1.2405173500886144
61878.3898 lsst_hardware_g 19.999718320640138 25.899999618530273 31.540000915527344 AB 16.300656369566244 1.2536555562058254
61880.3236 lsst_hardware_u 4.741156545012398 3.009999990463257 28.440000534057617 AB 4.297477789299813 1.223045973475578
61880.3352 lsst_hardware_r 40.23273323809176 24.34000015258789 31.479999542236328 AB 5.445337191631294 1.222709597312517
61883.3258 lsst_hardware_i -2.460823642241321 31.280000686645508 31.219999313354492 AB 6.8553918495873845 1.2226124631431297
61883.3378 lsst_hardware_z 40.123169667984456 43.119998931884766 30.93000030517578 AB 6.892060110261345 1.224982912288175
61888.2969 lsst_hardware_u 3.2424278477211175 2.4800000190734863 28.209999084472656 AB 3.54973906217118 1.2240479524728207
61888.3089 lsst_hardware_g -8.492527300212235 13.329999923706055 31.34000015258789 AB 3.545260801894503 1.222503724791208
61895.3015 lsst_hardware_z 176.51508780733644 61.439998626708984 31.68000030517578 AB 10.219243452306838 1.2239714288477215
61895.3133 lsst_hardware_r 21.64950499772036 32.310001373291016 32.209999084472656 AB 10.305549035144585 1.2284231647816652
61897.3038 lsst_hardware_i 88.77188639807807 53.66999816894531 31.280000686645508 AB 8.57816484919382 1.2265618677651906
61897.3165 lsst_hardware_z 11.808068664651776 54.02000045776367 30.950000762939453 AB 8.515555312568662 1.2336169946378215
61899.3019 lsst_hardware_r -182.60717642479221 103.12999725341797 31.6200008392334 AB 10.18698351009074 1.2281859313696912
61899.3131 lsst_hardware_z 9.617997267186832 71.08999633789062 30.969999313354492 AB 10.220729567523009 1.235096168396477
61903.285 lsst_hardware_y -252.76920635284614 76.80999755859375 30.739999771118164 AB 8.580969965842538 1.2256194009487533
61908.2889 lsst_hardware_r 33.79287993429839 28.079999923706055 31.5 AB 9.858327953489699 1.2353794427931952
61908.3014 lsst_hardware_i 7.673622719304442 34.150001525878906 31.229999542236328 AB 9.80571090801344 1.2464886747474713
61910.2826 lsst_hardware_z 1.7470648193799807 43.54999923706055 30.93000030517578 AB 9.336435295880689 1.234760442939608
61910.2948 lsst_hardware_r -8.202939982298176 23.25 31.450000762939453 AB 8.950814836945714 1.2453307599229626
61918.1899 lsst_hardware_u 3.9010546138822932 2.5899999141693115 28.299999237060547 AB 9.377335551692845 1.2373603683701055
61918.204 lsst_hardware_g -17.44746841865498 13.680000305175781 31.360000610351562 AB 9.290363271567077 1.228207108723201
61928.1986 lsst_hardware_i 87.54463287165882 88.69000244140625 31.299999237060547 AB 5.498125379858717 1.2225527555414346
61928.2106 lsst_hardware_r -19.84977214432292 113.48999786376953 31.610000610351562 AB 4.8370905894669125 1.2238053357285041
61958.1101 lsst_hardware_y -28.165777219458757 60.66999816894531 30.0 AB 3.1346604076517592 1.223202552413587
61958.1232 lsst_hardware_r 112.50906119943336 114.11000061035156 31.610000610351562 AB 3.14524343412404 1.2228784736096578
61960.1048 lsst_hardware_i 58.18941304831974 75.0 31.299999237060547 AB 3.844449622406604 1.2231783717487996
61960.1172 lsst_hardware_z 32.39135591018722 67.26000213623047 30.969999313354492 AB 3.7993064784717805 1.22282152509552
61962.1091 lsst_hardware_r -48.51709674515954 60.310001373291016 31.59000015258789 AB 8.86137701184888 1.2226242801548344
61962.1209 lsst_hardware_g 37.47378792856577 63.34000015258789 31.639999389648438 AB 8.999810915290903 1.2246723477177015
61964.1013 lsst_hardware_r -28.390263167826344 22.799999237060547 31.459999084472656 AB 8.507483929529165 1.2225738545980196
61964.1143 lsst_hardware_i 37.55111514682765 37.400001525878906 31.25 AB 8.4949233379199 1.2243463854796877
61965.1118 lsst_hardware_z -122.486930172084 43.439998626708984 30.93000030517578 AB 9.202777420479936 1.2244113073715086
61965.1232 lsst_hardware_i -61.60453874773618 31.670000076293945 31.219999313354492 AB 9.234790227642753 1.2290112094281012
61976.0465 lsst_hardware_u 2.006209569686835 2.5399999618530273 28.270000457763672 AB 5.770854302047955 1.227841340861267
61976.0587 lsst_hardware_g -4.907836015100825 13.40999984741211 31.350000381469727 AB 5.751120438105637 1.2236426464054546
61978.0499 lsst_hardware_r 23.83174565411624 23.34000015258789 31.450000762939453 AB 4.243722979888155 1.224474638934763
61978.0613 lsst_hardware_i -49.53622422000657 31.670000076293945 31.209999084472656 AB 4.2449467940880155 1.2226229245645206
61979.0462 lsst_hardware_z 77.23741906024581 43.83000183105469 30.93000030517578 AB 5.463047049093975 1.2247611364407522
61979.0588 lsst_hardware_r 32.83053061776541 25.270000457763672 31.479999542236328 AB 5.477313880399924 1.2226147054464116
61981.0847 lsst_hardware_r -4.148955164972121 38.91999816894531 31.549999237060547 AB 6.40667241737602 1.232052387956927
61981.0969 lsst_hardware_i -26.969783035526252 40.09000015258789 31.25 AB 6.455892660922235 1.241517819408122
61983.0886 lsst_hardware_z 8.234604758627171 56.08000183105469 30.950000762939453 AB 4.961241299897441 1.2390196794749073
61983.1 lsst_hardware_i 2.9496153334919644 55.84000015258789 31.280000686645508 AB 5.0006613410706375 1.2501653352676594
61987.0281 lsst_hardware_r 21.062872080808265 96.4000015258789 31.610000610351562 AB 1.0924208080706597 1.2237723764794546
61987.0408 lsst_hardware_i -2.3451788946210255 76.01000213623047 31.299999237060547 AB 0.9006785075522618 1.2226405079894958
61992.0303 lsst_hardware_u 0.9633504173520282 2.5899999141693115 28.31999969482422 AB 4.0510501071568 1.222896993506782
61992.0417 lsst_hardware_r 44.72511507835866 22.760000228881836 31.459999084472656 AB 4.102047251195477 1.225589259395123
61994.0277 lsst_hardware_i 13.409644365590616 31.610000610351562 31.229999542236328 AB 2.759179399081724 1.2233116378105626
61994.039 lsst_hardware_z -39.148527051237316 43.439998626708984 30.93000030517578 AB 2.8231643491032634 1.2266627630255325
61995.0232 lsst_hardware_r -8.894750622340304 22.719999313354492 31.459999084472656 AB 2.653986750613224 1.2230353689461864
61995.0345 lsst_hardware_u -4.156381798996041 2.5899999141693115 28.31999969482422 AB 2.7175377434464987 1.2259568767427813
62001.9697 lsst_hardware_y -192.56707724767332 75.95999908447266 30.010000228881836 AB 3.0948926785960222 1.2309815095509535
62001.9745 lsst_hardware_z 6.743573306391523 51.439998626708984 30.950000762939453 AB 3.2100665542266054 1.2283417937091603
62004.9715 lsst_hardware_y 23.12375220889522 74.37999725341797 30.010000228881836 AB 1.7164721150060371 1.226051510718598
62004.977 lsst_hardware_u 2.9388275715743992 5.449999809265137 28.81999969482422 AB 1.7139627552416876 1.2242591108869199
