data/validation/pwv_sim_epoch_fit_4/25341171.ecsv
# %ECSV 0.9
# ---
# datatype:
# - {name: time, datatype: float64}
# - {name: band, datatype: string}
# - {name: flux, datatype: float64}
# - {name: fluxerr, datatype: float64}
# - {name: zp, datatype: float64}
# - {name: zpsys, datatype: string}
# - {name: pwv, datatype: float64}
# - {name: airmass, datatype: float64}
# meta: {SNID: '25341171', alt: 1024.0, c: -0.012701882049441338, dec: -14.169522, lat: -30.244573, lon: -70.7499537, ra: 163.652344,
#   t0: 62934.51171875, x0: 1.6699471823415293e-05, x1: 1.0427806377410889, z: 0.37052983045578003}
# schema: astropy-2.0
time band flux fluxerr zp zpsys pwv airmass
62871.35 lsst_hardware_z -33.558018653440826 69.2300033569336 31.719999313354492 AB 11.775576423934229 1.0420864091977193
62873.3406 lsst_hardware_z 70.60758597704066 52.13999938964844 30.979999542236328 AB 7.131738278226487 1.0439618348892685
62873.3625 lsst_hardware_y -15.64663771047271 65.19000244140625 30.06999969482422 AB 7.284453058915307 1.0406361512736153
62875.3432 lsst_hardware_i 84.29455087963836 72.81999969482422 31.329999923706055 AB 7.62574275351815 1.0407255145370953
62875.3637 lsst_hardware_y -114.99627275428058 69.91000366210938 30.059999465942383 AB 7.656175660353203 1.0430520188487833
62882.276 lsst_hardware_z 8.192275552675245 46.779998779296875 30.959999084472656 AB 4.982355771791732 1.0969519532786727
62882.2954 lsst_hardware_g 47.130497547321426 36.81999969482422 31.68000030517578 AB 6.118428719203485 1.063242457068987
62886.3023 lsst_hardware_z -100.6592557026356 41.43000030517578 30.950000762939453 AB 11.266261853419962 1.0456412690537809
62886.322 lsst_hardware_u 4.134071907109354 2.740000009536743 28.450000762939453 AB 11.171662079054729 1.0398692596079555
62888.3286 lsst_hardware_g -13.395453889095847 14.210000038146973 31.43000030517578 AB 9.901910184529095 1.043239760262249
62888.3485 lsst_hardware_r 3.034473920622934 23.149999618530273 31.5 AB 9.465230458415963 1.0605300233519301
62892.3122 lsst_hardware_i -26.195173052036925 30.829999923706055 31.25 AB 12.616550214100597 1.0410553852711113
62892.3331 lsst_hardware_u -4.094426584894417 2.7300000190734863 28.450000762939453 AB 12.92403292055693 1.055324616874775
62894.2965 lsst_hardware_g -25.28713984116342 14.399999618530273 31.450000762939453 AB 12.166590614179086 1.0398795396734262
62894.3139 lsst_hardware_r -9.358362601600057 23.15999984741211 31.510000228881836 AB 12.21628333092155 1.0441267804206453
62898.2835 lsst_hardware_u -0.3733375558070616 2.759999990463257 28.489999771118164 AB 10.97357390943689 1.040099891894876
62898.3015 lsst_hardware_g -16.155794401796044 14.279999732971191 31.440000534057617 AB 10.332174323091461 1.0433378090569991
62909.2642 lsst_hardware_z 150.47074065453285 57.314247406696104 30.979999542236328 AB 5.644848707779736 1.0406210171960062
62909.2808 lsst_hardware_r 54.24153144553004 70.27913933988617 31.649999618530273 AB 5.760768310071014 1.049654864496161
62911.2688 lsst_hardware_z 238.57470002114536 46.3185175702397 30.959999084472656 AB 3.591280819530748 1.0448882221503761
62911.2865 lsst_hardware_g 6.049214855355542 36.58765656998093 31.670000076293945 AB 3.584692399456414 1.0615282381234314
62918.2439 lsst_hardware_u 7.67012808510121 3.621937007406451 28.5 AB 5.750695079726479 1.0419813516446024
62918.2634 lsst_hardware_g 1114.639485444492 36.72420770800955 31.450000762939453 AB 5.511730054589641 1.0567304785920386
62920.2442 lsst_hardware_r 2704.990415825894 56.35610352594205 31.5 AB 12.171677417684265 1.0448688657982934
62920.261 lsst_hardware_i 1945.036501674688 53.535305249907836 31.260000228881836 AB 11.319283885310423 1.0603544623241614
62924.2244 lsst_hardware_u 8.472074206302779 5.518879566069473 28.469999313354492 AB 6.107424822564897 1.0409200356604187
62924.2431 lsst_hardware_g 2618.6685057211407 52.87718174526505 31.440000534057617 AB 6.037910322464205 1.052619003524043
62926.2323 lsst_hardware_r 4797.911470174356 72.25593003680662 31.510000228881836 AB 3.711516493002252 1.0479575980241653
62926.2508 lsst_hardware_z 2178.3774664226653 62.45627186993033 30.940000534057617 AB 4.164518718297886 1.0688073362186332
62931.2155 lsst_hardware_z 5190.915795295201 111.128918898888 31.729999542236328 AB 8.181967333980845 1.045707919820327
62933.2046 lsst_hardware_r 6241.19197036317 152.5619604367736 31.65999984741211 AB 11.21953507411319 1.0426834947248689
62933.2231 lsst_hardware_i 4433.24291142187 124.56882531638344 31.34000015258789 AB 11.395577647384703 1.0574715367019767
62936.1932 lsst_hardware_z 2838.730246269111 91.31561631781148 30.989999771118164 AB 9.225807436714591 1.0414050611485033
62936.2122 lsst_hardware_r 6232.498952498066 134.99898007505908 31.65999984741211 AB 8.979930087214072 1.0544981020312052
62940.1952 lsst_hardware_r 5360.464050748276 82.24461833730888 31.59000015258789 AB 10.824979649606638 1.0488474428363315
62940.2138 lsst_hardware_z 2691.4593936060596 67.33034582570546 30.950000762939453 AB 9.890787559067963 1.0706632993145662
62942.1931 lsst_hardware_r 4809.266450640785 72.7505888251468 31.510000228881836 AB 8.996198710441595 1.0517974290740253
62942.2117 lsst_hardware_u 15.302333747474332 4.559884700367281 28.479999542236328 AB 8.848091739279342 1.0760829114356147
62945.1889 lsst_hardware_g 1878.5800284118666 45.46560981466867 31.479999542236328 AB 5.455268120989742 1.0558583459980146
62945.2084 lsst_hardware_r 4240.562230768385 69.49850409920742 31.520000457763672 AB 5.384808458041307 1.0848266850750723
62947.1645 lsst_hardware_r 3898.9250882510055 67.02817048844332 31.530000686645508 AB 5.184786283230464 1.041888863935387
62947.183 lsst_hardware_i 3559.5752839940055 67.21802072349873 31.270000457763672 AB 4.994152061880723 1.055381258123953
62951.1281 lsst_hardware_g 1163.499208636638 37.33401343717975 31.450000762939453 AB 8.11948307554266 1.0436912528146702
62951.1456 lsst_hardware_i 3024.8313665892256 62.86196939975034 31.260000228881836 AB 8.088561291402668 1.0399393099783791
62953.1507 lsst_hardware_r 2786.4055402899407 57.544413054521065 31.510000228881836 AB 7.662663362036077 1.0430122543606275
62953.1689 lsst_hardware_z 1638.955526772113 57.66236049560968 30.950000762939453 AB 7.625633223565463 1.0579402363437254
62957.1463 lsst_hardware_g 937.407630214652 45.902419194374936 31.68000030517578 AB 5.10905196563549 1.0469368782039938
62957.1628 lsst_hardware_r 2440.651329347065 60.87243863008807 31.600000381469727 AB 5.330733640755974 1.0640186907696556
62959.1445 lsst_hardware_i 2269.41504122984 75.67257757676312 31.31999969482422 AB 6.543591647953657 1.0498302018215266
62959.1621 lsst_hardware_z 1498.2282359880335 68.53146227543009 30.969999313354492 AB 6.705395173397028 1.0709355437647345
62961.1335 lsst_hardware_r 2132.064147588615 120.68281866671109 31.65999984741211 AB 7.343569041425949 1.0456455989500064
62961.1516 lsst_hardware_z 1691.7192711630057 90.2690897422165 30.989999771118164 AB 7.460743707467392 1.063642594801225
62963.1313 lsst_hardware_z 1535.187880991883 99.08220676988684 31.0 AB 10.622229414743947 1.0479705421018102
62963.1507 lsst_hardware_i 2161.6876868434147 118.41171007551937 31.34000015258789 AB 10.866085305500842 1.0701988153809103
62964.1329 lsst_hardware_z 1571.156169231996 89.13556131764098 31.0 AB 7.884386135253221 1.0516721535618543
62964.1526 lsst_hardware_r 1247.0685827166294 128.22398417310862 31.649999618530273 AB 8.098077731913785 1.0777319313167133
62967.1217 lsst_hardware_y 432.2610943333404 52.699217422498165 30.049999237060547 AB 4.039796598413638 1.0490253436545411
62967.139 lsst_hardware_g 490.15022324195206 61.11552037570863 31.709999084472656 AB 3.190578978160272 1.069019900542322
62969.1176 lsst_hardware_r 1069.9662810772227 43.60170800352387 31.559999465942383 AB 7.6295571660143295 1.0501799264988754
62969.1367 lsst_hardware_i 1737.4930810829135 54.584999781106006 31.270000457763672 AB 9.160005854058843 1.0739625818144223
62971.1199 lsst_hardware_z 1429.4140097567363 55.30870387195539 30.950000762939453 AB 10.992633751801115 1.0581116496074614
62971.1383 lsst_hardware_r 872.8189809458893 38.649271787613706 31.5 AB 11.509426965820971 1.0865296001215574
62974.0964 lsst_hardware_r 775.7878188707425 37.05020223756107 31.520000457763672 AB 11.804490720834801 1.044645196534053
62974.1125 lsst_hardware_u 3.0965777402374055 3.413238652497329 28.559999465942383 AB 11.967278569876584 1.0590512008740338
62976.0947 lsst_hardware_g 226.08865777071298 20.129699006599637 31.450000762939453 AB 7.126474882909219 1.047138396861814
62976.112 lsst_hardware_i 1459.9713081590867 48.353334338683496 31.260000228881836 AB 7.293733527045999 1.0655045082361705
62978.091 lsst_hardware_z 1009.1109579508551 52.874501230608296 30.950000762939453 AB 9.530039053472233 1.0484860334610788
62978.1082 lsst_hardware_r 714.1112998601826 35.00645371649144 31.510000228881836 AB 9.736268936272124 1.067885595525606
62985.0757 lsst_hardware_r 547.842844142554 38.45759227347144 31.559999465942383 AB 8.926299357124705 1.051802752214223
62985.0941 lsst_hardware_i 923.7499553399473 46.73441522943331 31.270000457763672 AB 9.474755562236457 1.0757599275885843
62992.0516 lsst_hardware_r 533.6071499097366 105.32949891133255 31.65999984741211 AB 3.7787798914575887 1.0475756294758367
62992.0707 lsst_hardware_z 594.1280280710491 75.18096188264958 30.989999771118164 AB 3.8639474573973978 1.0689637008661188
62996.0357 lsst_hardware_u -8.260294181788254 6.151047252487187 28.989999771118164 AB 7.907280375142283 1.0442789718888381
62996.0486 lsst_hardware_g 212.58943107165211 39.3416253496522 31.68000030517578 AB 7.611474972242161 1.054732207059123
62999.9937 lsst_hardware_r 440.8676174537887 30.651737753007502 31.510000228881836 AB 7.536054591546508 1.0440158750699386
63000.0125 lsst_hardware_i 658.6035330005672 39.93021517671053 31.260000228881836 AB 6.136086435282986 1.0400146500479637
63000.9921 lsst_hardware_z 509.9602137401011 46.714353963372915 30.950000762939453 AB 6.831229601122972 1.0434137163774535
63001.0101 lsst_hardware_r 444.39012947639 30.58267413900098 31.520000457763672 AB 6.1169289680837595 1.0400582013291453
63007.9682 lsst_hardware_y 63.794342862904934 68.20999908447266 30.799999237060547 AB 5.79223132462209 1.0462845600835873
63007.9898 lsst_hardware_r 26.918307802593866 33.209999084472656 32.2599983215332 AB 5.671727813012784 1.0399207577949083
63013.9535 lsst_hardware_z 30.51193417193903 60.380001068115234 30.979999542236328 AB 6.967685802720074 1.045178999883008
63013.9758 lsst_hardware_i -19.005662861951883 34.7400016784668 31.270000457763672 AB 6.668777523959573 1.040249194549713
63015.9547 lsst_hardware_y -41.10367148747138 63.689998626708984 30.06999969482422 AB 10.016087417741758 1.0418231139735774
63015.9778 lsst_hardware_r 53.39866728807604 53.06999969482422 31.639999389648438 AB 9.848934872530629 1.042601479122493
63017.9519 lsst_hardware_y -6.667496930335569 72.5999984741211 30.06999969482422 AB 9.154317379705327 1.04093363677807
63017.9728 lsst_hardware_r -8.698662780585865 72.19999694824219 31.65999984741211 AB 7.139273683215581 1.042813304264986
63020.9516 lsst_hardware_y -124.65451131178474 71.63999938964844 30.06999969482422 AB 12.061640305404099 1.0397965780520775
63020.9722 lsst_hardware_z -41.152133685889595 58.75 30.979999542236328 AB 11.312100349247837 1.0474166990044294
