data/validation/pwv_sim_epoch_fit_4/25359340.ecsv
# %ECSV 0.9
# ---
# datatype:
# - {name: time, datatype: float64}
# - {name: band, datatype: string}
# - {name: flux, datatype: float64}
# - {name: fluxerr, datatype: float64}
# - {name: zp, datatype: float64}
# - {name: zpsys, datatype: string}
# - {name: pwv, datatype: float64}
# - {name: airmass, datatype: float64}
# meta: {SNID: '25359340', alt: 1024.0, c: -0.045955535024404526, dec: -43.207821, lat: -30.244573, lon: -70.7499537, ra: 19.698795, t0: 62071.84375,
#   x0: 1.2614369216742583e-05, x1: -1.409456729888916, z: 0.41740626096725464}
# schema: astropy-2.0
time band flux fluxerr zp zpsys pwv airmass
61964.4043 lsst_hardware_i 56.41764954381503 46.970001220703125 31.309999465942383 AB 6.416479029109304 1.0468193211696395
61964.4159 lsst_hardware_y 109.0525470557084 49.40999984741211 30.049999237060547 AB 6.3673258137853725 1.0361518505793603
61974.4405 lsst_hardware_g -6.342379343668109 28.489999771118164 31.639999389648438 AB 5.267734075104373 1.032889034334191
61986.1661 lsst_hardware_y -18.501453699782527 115.9000015258789 31.170000076293945 AB 2.7963148387896464 2.1393546742413614
61990.4241 lsst_hardware_r 72.52555936337195 81.76000213623047 31.649999618530273 AB 1.942094616819216 1.060481225055997
61990.4358 lsst_hardware_i -48.54918058260514 77.11000061035156 31.329999923706055 AB 1.9607371652657444 1.0791068603553904
61992.416 lsst_hardware_z -48.75645272426158 54.130001068115234 30.979999542236328 AB 5.495705326913614 1.0568664090218487
61992.4284 lsst_hardware_r 52.82185157074669 66.55000305175781 31.639999389648438 AB 5.329999015554534 1.0757171143774498
61994.4221 lsst_hardware_z -31.76750854235028 72.6500015258789 31.719999313354492 AB 3.462876168015318 1.0742874800595594
61995.4039 lsst_hardware_r 65.02385606903212 38.720001220703125 31.610000610351562 AB 4.773858274340807 1.0518967919957707
61995.4151 lsst_hardware_z -5.929573947435388 45.189998626708984 30.959999084472656 AB 4.797818159755231 1.0673677774761359
61997.4028 lsst_hardware_i -7.393077745286315 32.29999923706055 31.260000228881836 AB 5.2357017144261135 1.0574682831169988
61997.414 lsst_hardware_r -31.43641109624629 27.059999465942383 31.530000686645508 AB 5.301108097595302 1.0744400427514715
62001.3749 lsst_hardware_u -0.9677709685090714 2.700000047683716 28.489999771118164 AB 2.4577485720475765 1.0388876982130726
62001.3857 lsst_hardware_g -4.6844442595184965 13.180000305175781 31.40999984741211 AB 1.9483136380596668 1.0497379515407688
62002.1672 lsst_hardware_z -70.72809403033675 67.61000061035156 31.649999618530273 AB 3.4485997755983036 1.5750626972358137
62002.1811 lsst_hardware_r 47.723911203965756 33.349998474121094 32.15999984741211 AB 3.211526192930447 1.4646111927627166
62006.1394 lsst_hardware_i -10.474986457730733 34.77000045776367 31.139999389648438 AB 4.735190455722032 1.74280105105706
62006.1529 lsst_hardware_z 62.70064035519332 47.68000030517578 30.889999389648438 AB 4.410806500531948 1.6053890811763232
62009.181 lsst_hardware_u 2.7662930668491152 4.840000152587891 29.5 AB 3.0224705792107227 1.3441167710691029
62009.2003 lsst_hardware_g -46.012854781624235 23.420000076293945 32.540000915527344 AB 2.88033738775589 1.2496040727793523
62011.3797 lsst_hardware_r 12.115785176351613 22.139999389648438 31.489999771118164 AB 8.094787376539113 1.0813234539859888
62011.391 lsst_hardware_u 3.2890713910491742 2.5899999141693115 28.3700008392334 AB 8.231109549659392 1.1040565433684242
62016.3736 lsst_hardware_r 62.4246053769517 72.62000274658203 31.639999389648438 AB 1.0990372023636337 1.0960231387321202
62016.385 lsst_hardware_i 52.605697277192434 58.40999984741211 31.309999465942383 AB 1.3449490563253006 1.122037588702976
62017.1775 lsst_hardware_z 17.244226737951234 70.77999877929688 30.959999084472656 AB 1.8806195763986637 1.253746384265776
62020.3524 lsst_hardware_i 43.385813959958774 66.04000091552734 31.31999969482422 AB 2.5372657671329066 1.076481021269795
62020.3639 lsst_hardware_z 60.21387805717244 60.97999954223633 30.969999313354492 AB 2.51941923291055 1.0985839678389027
62027.1408 lsst_hardware_z -92.44073152591751 77.0199966430664 32.119998931884766 AB 2.199434317041786 1.2972824676578925
62027.16 lsst_hardware_r 28.258085636163745 32.5 32.22999954223633 AB 2.0627269547188902 1.2138448144677658
62030.3501 lsst_hardware_z -13.150965018735373 42.02000045776367 30.940000534057617 AB 1.3476029820526367 1.1305394144730996
62030.3618 lsst_hardware_r -0.6763802947827807 22.610000610351562 31.469999313354492 AB 1.40093534909913 1.1640509755705277
62033.342 lsst_hardware_g -4.122795559800199 13.34000015258789 31.3700008392334 AB 5.923013064823148 1.130777599240903
62033.3547 lsst_hardware_r -9.791947289740794 22.510000228881836 31.459999084472656 AB 5.978633299676909 1.1674737941177329
62035.2981 lsst_hardware_r 47.17909741705521 22.260000228881836 31.489999771118164 AB 2.042433103403893 1.0562032855353034
62035.3107 lsst_hardware_i 34.72907785272669 30.530000686645508 31.25 AB 2.1525494889723955 1.0751995449412564
62037.299 lsst_hardware_z 27.523733738508525 41.2599983215332 30.940000534057617 AB 4.662188608376439 1.0651764617504191
62037.3108 lsst_hardware_u 5.365649297282213 2.5899999141693115 28.360000610351562 AB 4.851078177586561 1.0851916956739691
62041.3242 lsst_hardware_i 0.7459509209865718 31.010000228881836 31.229999542236328 AB 4.2795711649062325 1.1417264112689558
62041.3353 lsst_hardware_z -36.52101649920252 42.91999816894531 30.93000030517578 AB 5.618973192069904 1.1753329900266494
62044.3093 lsst_hardware_z 55.81134358683494 77.7168764368628 31.719999313354492 AB 4.989792082501948 1.1239114233431369
62046.083 lsst_hardware_r -147.85263100288887 101.28373413548687 31.59000015258789 AB 3.931945188031687 1.327687046439874
62046.0917 lsst_hardware_y -83.02133511947865 58.35094197062398 29.989999771118164 AB 4.619320293394925 1.2838577802654045
62048.317 lsst_hardware_z -120.54356372982548 96.25579915358787 31.719999313354492 AB 8.155341678558342 1.1780068869793936
62050.3134 lsst_hardware_z 25.02255149482286 57.7110426332756 30.959999084472656 AB 5.4799149701912455 1.1842490210757626
62050.324 lsst_hardware_r -2.612716756866292 72.74419702115325 31.600000381469727 AB 5.69855386029515 1.2230406053001466
62052.2621 lsst_hardware_r 237.4952877115165 51.545368153940096 31.6200008392334 AB 2.7721942792210226 1.0715519842374703
62052.2747 lsst_hardware_i 205.09540997629432 47.43922412051424 31.299999237060547 AB 2.8429219049644145 1.094764869378505
62054.3017 lsst_hardware_i 437.4020534142971 43.690838758153134 31.270000457763672 AB 5.34701761673055 1.1816178299283011
62054.3133 lsst_hardware_z 416.41391798578 49.915521151031264 30.940000534057617 AB 5.511992717753423 1.2239126734829873
62057.2396 lsst_hardware_g 379.2549458675411 23.704645052510042 31.389999389648438 AB 6.667312433222751 1.0583035608290081
62057.2508 lsst_hardware_r 1210.2218545795363 40.86500245682721 31.479999542236328 AB 6.226271001885222 1.0754883623759939
62059.245 lsst_hardware_i 1265.8309408446585 46.66675686431005 31.239999771118164 AB 7.636160592523214 1.0749099933169408
62059.2566 lsst_hardware_z 931.4319220832544 51.34662010216845 30.940000534057617 AB 7.998883854661722 1.0968644298473393
62064.2455 lsst_hardware_r 3416.7639293231955 62.72459660848074 31.479999542236328 AB 1.9912407977527884 1.102315337594447
62064.2566 lsst_hardware_g 1715.4748452780273 42.758002733530724 31.3799991607666 AB 2.249127537187641 1.1287967564304346
62065.2427 lsst_hardware_r 3829.0186838965847 64.69540523221602 31.479999542236328 AB 2.6924946476791427 1.1021639356012183
62065.2543 lsst_hardware_i 2427.1375949125572 58.39435818337329 31.239999771118164 AB 3.176766002893359 1.129918549846473
62067.2376 lsst_hardware_z 1865.7912846777451 60.4584677611739 30.93000030517578 AB 1.791195177425468 1.102952695460297
62067.2482 lsst_hardware_i 2633.1572710315622 60.51933981637392 31.229999542236328 AB 1.7510534547165766 1.128256091957911
62070.2755 lsst_hardware_g 1768.3670773632214 44.5098724482404 31.350000381469727 AB 4.110221673962106 1.2480745992445474
62070.2856 lsst_hardware_r 4417.4294489945205 69.45780642122276 31.450000762939453 AB 4.240319830484237 1.2942601542874028
62075.221 lsst_hardware_y 743.2011397702839 59.73302432274115 30.040000915527344 AB 5.4760494572163765 1.1149444074552328
62075.2326 lsst_hardware_r 4885.569304217908 108.58294998372736 31.6299991607666 AB 5.633634214617194 1.1452027811255985
62079.2114 lsst_hardware_z 2092.3106836356355 72.40857697286 30.969999313354492 AB 4.644708761536529 1.1181292155841427
62079.2229 lsst_hardware_r 3853.464064472997 97.88053608818443 31.6200008392334 AB 4.876836770038097 1.1487072830145089
62083.1709 lsst_hardware_g 757.723900100389 31.758677952700374 31.450000762939453 AB 6.301385710115433 1.0615094900173396
62083.1835 lsst_hardware_i 2578.2596448533222 61.09689031980455 31.270000457763672 AB 6.454874132540097 1.0820340512179085
62086.176 lsst_hardware_z 1598.9660214817602 56.22397822587233 30.940000534057617 AB 3.6704333767564847 1.0833095705907279
62086.1871 lsst_hardware_r 2072.660332649481 51.404621694267455 31.469999313354492 AB 3.7461573357182867 1.1060127451991497
62091.1625 lsst_hardware_i 1663.58059265306 51.17614799460318 31.239999771118164 AB 2.9257058072781996 1.0835947434363702
62091.1754 lsst_hardware_z 1322.8431050059537 54.97668329903034 30.940000534057617 AB 2.7911403102739127 1.1104596420416668
62095.0325 lsst_hardware_i 1500.4216822366684 48.94537352083179 31.239999771118164 AB 4.8952785621968555 1.0651171806346509
62095.041 lsst_hardware_u -1.9674278509044152 2.846856130400367 28.40999984741211 AB 4.810414358465601 1.0534138527243186
62096.0814 lsst_hardware_r 945.4621272856342 38.377838333852075 31.5 AB 4.449093941895767 1.0256094840701715
62096.0929 lsst_hardware_z 1091.1305772619112 52.677042830206446 30.950000762939453 AB 3.935724798420294 1.026621545540409
62098.0851 lsst_hardware_r 853.961373195489 40.52773969347994 31.559999465942383 AB 8.13244947350146 1.026133429529962
62098.0971 lsst_hardware_y 407.48723248618785 50.2771476329364 30.049999237060547 AB 8.185466596767919 1.030179963514808
62100.0776 lsst_hardware_g 176.1078015510762 41.73588695285267 31.690000534057617 AB 4.435671523557849 1.0258259767711086
62100.0903 lsst_hardware_r 844.7650428706842 49.78893582159601 31.610000610351562 AB 3.735080416306292 1.0295386469663925
62103.1577 lsst_hardware_z 925.4751099461158 62.59057214712073 30.959999084472656 AB 5.845155437256956 1.1496781715634072
62103.1697 lsst_hardware_r 627.4468089393141 69.65425047607631 31.610000610351562 AB 5.120705786398169 1.187731356053387
62105.1067 lsst_hardware_z 907.2157594302348 63.78397382057301 30.979999542236328 AB 9.37029176954041 1.055867008793781
62105.1188 lsst_hardware_r 656.4263408924631 80.19096282683809 31.639999389648438 AB 9.548154949372751 1.073912377614751
62112.1132 lsst_hardware_r 396.65997231266704 28.968108410706392 31.479999542236328 AB 4.193374341152438 1.099661103449096
62112.1248 lsst_hardware_u 23.875925386932117 5.170250862622826 28.360000610351562 AB 4.306109838565727 1.1269097148076532
62114.0706 lsst_hardware_g 120.88497963171329 22.33121998782613 32.16999816894531 AB 7.940750259920558 1.0427660358175845
62114.0823 lsst_hardware_r 650.7208747550268 40.12757581330303 32.2400016784668 AB 7.977944308382905 1.056098529515663
62343.4357 lsst_hardware_r 124.3860857308319 83.02999877929688 31.65999984741211 AB 6.265721965142916 1.0366846401626268
62348.4304 lsst_hardware_z -22.35136383088888 51.2400016784668 30.969999313354492 AB 3.6369462776188994 1.0441493691427053
62351.4271 lsst_hardware_z -47.30143716784761 44.34000015258789 30.950000762939453 AB 2.2295367567472106 1.0494406951034174
62352.423 lsst_hardware_i -22.87564325316702 31.329999923706055 31.239999771118164 AB 1.559782254089027 1.0478886490352886
62352.4348 lsst_hardware_z -50.9779642742776 55.130001068115234 30.969999313354492 AB 1.5517406057779903 1.0630787433966593
62354.4233 lsst_hardware_r 19.69254648190633 22.950000762939453 31.5 AB 3.040943968905054 1.054784588590029
62354.4352 lsst_hardware_u 20.33042349726956 11.8100004196167 29.299999237060547 AB 3.0711387810682678 1.0722002028633544
62356.4188 lsst_hardware_g -22.531670189739987 13.890000343322754 31.40999984741211 AB 1.9388696370490142 1.0560292140789838
62356.4298 lsst_hardware_r 3.6020822587795873 26.399999618530273 31.520000457763672 AB 2.0223562167486153 1.0722991605241863
62358.3626 lsst_hardware_i 37.02864623726701 29.799999237060547 31.260000228881836 AB 5.249122536638428 1.0256198782021158
62358.3747 lsst_hardware_z -31.415289521688887 40.560001373291016 30.950000762939453 AB 5.238677044658407 1.0265541744652158
62360.2376 lsst_hardware_i -7.671720151704556 32.029998779296875 31.219999313354492 AB 3.415390458897346 1.2565822144581846
62362.3993 lsst_hardware_u 1.5004946565865238 2.609999895095825 28.399999618530273 AB 3.6786133833068266 1.0520844797102322
62362.4114 lsst_hardware_r -46.03472335776779 22.100000381469727 31.479999542236328 AB 3.810021281952519 1.069029540390718
62367.3862 lsst_hardware_g 1.5217982698847468 13.210000038146973 31.40999984741211 AB 1.9753279812058022 1.052759627574597
62367.398 lsst_hardware_r 21.349039811409 21.989999771118164 31.489999771118164 AB 1.9495673446863964 1.0694280552311555
62369.3774 lsst_hardware_i -73.2638833918803 43.09000015258789 31.299999237060547 AB 1.153680724778724 1.048800658889749
62369.3881 lsst_hardware_z -58.823672909143156 47.2400016784668 30.959999084472656 AB 1.1689220124711688 1.0626563749737896
62375.3195 lsst_hardware_r -52.496223181291356 70.3499984741211 31.649999618530273 AB 3.099380731809602 1.0254926872646746
62375.3295 lsst_hardware_i -2.585622925281745 57.58000183105469 31.31999969482422 AB 3.1042020866950533 1.0268614246427565
62376.1974 lsst_hardware_z 111.783549671755 79.18000030517578 31.700000762939453 AB 5.339181251080546 1.2416700583908247
62376.2167 lsst_hardware_i 46.448934371102716 77.0 32.040000915527344 AB 4.625339501851792 1.1706756522024278
62378.224 lsst_hardware_r -39.375636495251655 57.599998474121094 32.33000183105469 AB 3.153238228286278 1.1332731959458726
62380.372 lsst_hardware_g 38.662219386542525 25.459999084472656 31.600000381469727 AB 0.8941545650101327 1.0860176902957077
62380.3831 lsst_hardware_r 14.302126784850246 29.790000915527344 31.540000915527344 AB 0.8551691083482974 1.1092886498950998
62382.3752 lsst_hardware_i -26.65193187921373 31.3700008392334 31.239999771118164 AB 1.3063468818191741 1.1037996466575193
62382.3877 lsst_hardware_z 97.72965115355461 42.61000061035156 30.93000030517578 AB 1.3424254313548103 1.134284268149396
62385.3671 lsst_hardware_z 42.64976301710483 42.0 30.940000534057617 AB 0.9789713507372517 1.103999267817723
62385.3786 lsst_hardware_r -32.81140947245872 22.6200008392334 31.469999313354492 AB 0.7955108333896089 1.1318626986809708
62387.3644 lsst_hardware_u -0.07727429315191181 2.5899999141693115 28.34000015258789 AB 3.305539486817832 1.1102349373548472
62387.376 lsst_hardware_r 3.3976884244440773 22.639999389648438 31.469999313354492 AB 2.5940865168381935 1.1395899180721307
62390.3572 lsst_hardware_r -23.059312346499027 22.34000015258789 31.479999542236328 AB 3.534913924318532 1.1125411008136379
62390.3687 lsst_hardware_u 1.6101153858656674 2.5799999237060547 28.34000015258789 AB 3.468067359016665 1.1420638942974748
62393.3476 lsst_hardware_g 0.5331984088398816 13.449999809265137 31.389999389648438 AB 1.6224946932664477 1.109271668140233
62393.3588 lsst_hardware_r 26.718877414291406 22.510000228881836 31.469999313354492 AB 1.6832702091473892 1.137344735910239
62395.354 lsst_hardware_i -3.9415012412715136 31.200000762939453 31.239999771118164 AB 4.731761343178216 1.1391541000729983
62395.366 lsst_hardware_z -99.3190609157115 43.220001220703125 30.940000534057617 AB 4.857881305863513 1.1752464753510374
62399.3337 lsst_hardware_z 48.15639733602483 57.439998626708984 30.969999313354492 AB 5.819035261641478 1.115078137710486
62399.3457 lsst_hardware_r 6.415441299938217 62.90999984741211 31.6200008392334 AB 5.948097528075837 1.146510703175896
62404.1599 lsst_hardware_r 87.98717113040313 76.76000213623047 31.6299991607666 AB 6.0721158382325795 1.115855896765558
62404.1777 lsst_hardware_y 9.174255148963306 52.189998626708984 30.040000915527344 AB 6.718775998433048 1.0788448474060532
62409.08 lsst_hardware_r -34.27829846068466 23.65999984741211 31.43000030517578 AB 5.1051742019478805 1.379652518317558
62411.3164 lsst_hardware_g 26.155264013488377 17.100000381469727 31.469999313354492 AB 3.669358952230732 1.1566750926439586
