data/validation/pwv_sim_epoch_fit_4/25355963.ecsv
# %ECSV 0.9
# ---
# datatype:
# - {name: time, datatype: float64}
# - {name: band, datatype: string}
# - {name: flux, datatype: float64}
# - {name: fluxerr, datatype: float64}
# - {name: zp, datatype: float64}
# - {name: zpsys, datatype: string}
# - {name: pwv, datatype: float64}
# - {name: airmass, datatype: float64}
# meta: {SNID: '25355963', alt: 1024.0, c: 0.02632284164428711, dec: -7.331168, lat: -30.244573, lon: -70.7499537, ra: 136.757812, t0: 61788.85546875,
#   x0: 5.263696537908946e-06, x1: -1.472157597541809, z: 0.6008754968643188}
# schema: astropy-2.0
time band flux fluxerr zp zpsys pwv airmass
[from data line 133]
62150.2285 lsst_hardware_r -8.134100190528313 23.290000915527344 31.489999771118164 AB 8.723840767496693 1.1058467581809763
62150.2467 lsst_hardware_u 0.009898143198853272 2.7300000190734863 28.440000534057617 AB 8.573450651297591 1.0886691055805284
62152.2267 lsst_hardware_g -1.4160864069682693 14.279999732971191 31.43000030517578 AB 5.5610110941548445 1.1012630063017055
62152.2452 lsst_hardware_i -6.9450064334908514 30.920000076293945 31.25 AB 5.52520256964188 1.0867469404311187
62154.2311 lsst_hardware_z 69.0072777052756 42.33000183105469 30.950000762939453 AB 7.216177888785705 1.091761241936412
62154.2515 lsst_hardware_r 11.62250257829673 23.399999618530273 31.489999771118164 AB 7.992165131045288 1.0847620410413044
62156.2018 lsst_hardware_r 15.736292909712326 23.600000381469727 31.489999771118164 AB 10.011767008515088 1.1219761309505076
62156.2201 lsst_hardware_u 1.7827340293419238 2.630000114440918 28.34000015258789 AB 10.95862572747176 1.09659363517063
62162.2102 lsst_hardware_z 92.21936294432156 48.130001068115234 30.969999313354492 AB 15.434711422817047 1.091062200743432
62162.2274 lsst_hardware_r 6.689085059046639 41.0 31.610000610351562 AB 15.332911037964493 1.084709492976159
62163.1778 lsst_hardware_z -64.51943611032928 54.83000183105469 30.959999084472656 AB 12.565810758084396 1.1313415646065
62163.1966 lsst_hardware_i -33.310061200150024 55.06999969482422 31.309999465942383 AB 11.984742952839271 1.101336422793537
62165.1838 lsst_hardware_z -176.92156860139193 77.86000061035156 30.989999771118164 AB 10.689155936731831 1.1111388707621448
62165.2017 lsst_hardware_r 63.85587238659761 113.62000274658203 31.649999618530273 AB 10.53126195942438 1.0912847873397484
62169.1784 lsst_hardware_r -83.70881118743297 80.97000122070312 31.639999389648438 AB 9.839370231829305 1.103542654559617
62169.1966 lsst_hardware_i 113.25283456171893 67.25 31.329999923706055 AB 9.458459391736922 1.087721017181384
62171.1726 lsst_hardware_z -36.41969623355849 47.880001068115234 30.959999084472656 AB 9.860659706467285 1.1039699626586605
62171.1914 lsst_hardware_r 38.747411563124444 45.130001068115234 31.610000610351562 AB 9.626285960938263 1.0875930359211687
62173.1786 lsst_hardware_u 0.43685098958517643 3.3499999046325684 28.639999389648438 AB 5.999548864010452 1.0922337308370564
62173.1951 lsst_hardware_r -28.506189430271007 27.420000076293945 31.540000915527344 AB 5.8618663975792575 1.0848611469918428
62175.1762 lsst_hardware_i -12.765549494981451 31.479999542236328 31.25 AB 9.831698046739705 1.0900289789060615
62175.1944 lsst_hardware_z 16.58001705169937 42.11000061035156 30.950000762939453 AB 9.845371622280735 1.0847699010886662
62177.145 lsst_hardware_z 21.12648434008237 42.43000030517578 30.950000762939453 AB 3.922028412780065 1.1210065966406435
62177.164 lsst_hardware_r 43.537070009193044 23.56999969482422 31.510000228881836 AB 3.815348367409904 1.0953939375773105
62179.1548 lsst_hardware_g -41.094594738277685 14.680000305175781 31.43000030517578 AB 4.444024109238156 1.0991897376300164
62179.1711 lsst_hardware_r 39.26002230718886 23.670000076293945 31.5 AB 6.420276572827135 1.086892935978871
62183.1354 lsst_hardware_z -20.06980656559164 42.439998626708984 30.950000762939453 AB 3.869366132483175 1.1100261436719603
62183.1542 lsst_hardware_r -18.38222478717701 23.6299991607666 31.5 AB 3.8399831355606064 1.0901300597758996
62185.1298 lsst_hardware_u -2.155108570349492 2.7300000190734863 28.420000076293945 AB 6.297223711486299 1.1102298504030852
62185.1472 lsst_hardware_r 10.809086684222788 23.479999542236328 31.5 AB 6.03506025656411 1.0911994195812638
62187.1152 lsst_hardware_i 4.33874140830046 31.719999313354492 31.239999771118164 AB 3.591447582913865 1.1255810022452069
62187.1319 lsst_hardware_z -6.826007421102668 42.45000076293945 30.950000762939453 AB 4.284833243551921 1.1003680645998768
62189.1255 lsst_hardware_r 4.0539706882789455 30.809999465942383 31.559999465942383 AB 7.086497224178514 1.1014567280634953
62189.1433 lsst_hardware_z -8.110567148826439 43.47999954223633 30.950000762939453 AB 6.978750331861037 1.0871033164448944
62191.1204 lsst_hardware_y -126.93759182747864 50.439998626708984 30.030000686645508 AB 8.566953298583647 1.1010328754739611
62191.1387 lsst_hardware_r -89.63914268049322 53.060001373291016 31.6200008392334 AB 10.172596500519724 1.0867384624157528
62193.1157 lsst_hardware_i 152.57638939465463 79.44999694824219 31.31999969482422 AB 6.286672559892024 1.1001585299933543
62193.1362 lsst_hardware_z -77.74784379955673 70.22000122070312 30.979999542236328 AB 5.878596764269333 1.0857136881095821
62197.1163 lsst_hardware_r 36.78609499276218 99.18000030517578 31.639999389648438 AB 3.202887598152446 1.0899118414765583
62197.1349 lsst_hardware_i -24.21445600411083 79.04000091552734 31.329999923706055 AB 3.6363845371885795 1.0848132864204587
62198.1189 lsst_hardware_z -58.92851034519548 55.88999938964844 30.969999313354492 AB 6.237349827539135 1.0870250657963234
62198.1375 lsst_hardware_i 87.53124478235029 58.209999084472656 31.309999465942383 AB 5.21237005549658 1.0859104282284542
62201.1176 lsst_hardware_u 0.21783974704443548 3.4800000190734863 28.579999923706055 AB 7.862591310474256 1.0849942010774043
62201.1355 lsst_hardware_g -25.27192829212217 24.440000534057617 31.59000015258789 AB 8.35733741725694 1.088620218478159
62205.084 lsst_hardware_i 27.74991750423949 31.190000534057617 31.25 AB 12.268389839630144 1.0989734258637653
62205.1022 lsst_hardware_z 17.134683314386784 41.84000015258789 30.950000762939453 AB 12.158830670240619 1.0860947449969238
62207.0868 lsst_hardware_r 45.91991035778278 23.190000534057617 31.489999771118164 AB 8.661267238647339 1.0914353642181576
62207.1053 lsst_hardware_g -20.903939940949375 14.229999542236328 31.420000076293945 AB 8.562171402201589 1.0846887465311754
62209.0833 lsst_hardware_r -92.97507338675041 23.25 31.489999771118164 AB 14.165451934187914 1.0900624159794727
62209.1024 lsst_hardware_i -8.094169960938071 31.049999237060547 31.239999771118164 AB 14.106422918664705 1.0848382457204704
62212.074 lsst_hardware_u 2.108983717567347 2.6700000762939453 28.389999389648438 AB 8.88717180499401 1.0908185958444887
62212.0927 lsst_hardware_g -6.831146067787116 14.119999885559082 31.40999984741211 AB 8.281098486356537 1.0847179609252042
62215.074 lsst_hardware_r 12.620807262457985 23.1200008392334 31.510000228881836 AB 4.096128383753414 1.0864101451030186
62215.0938 lsst_hardware_i -14.121492754139691 31.059999465942383 31.260000228881836 AB 5.583437483784992 1.0869062650933996
62217.0788 lsst_hardware_z 100.57262674503939 60.380001068115234 31.709999084472656 AB 4.240838774790978 1.0847059701912227
62219.0717 lsst_hardware_g 16.408728396301505 38.220001220703125 31.68000030517578 AB 4.581931275635367 1.084694719029876
62219.0916 lsst_hardware_r 4.253050657390904 41.66999816894531 31.610000610351562 AB 5.997837048478944 1.0921374856870403
62221.0639 lsst_hardware_i -0.509180441652722 66.56999969482422 31.31999969482422 AB 7.688077429812337 1.0848651123912045
62221.0819 lsst_hardware_z 14.993747753734878 62.59000015258789 30.979999542236328 AB 7.561271977184538 1.0892065654256033
62225.0405 lsst_hardware_z -119.06506464320022 98.86000061035156 31.739999771118164 AB 6.483920278837585 1.0894903571475723
62227.028 lsst_hardware_r 48.90464841940807 57.720001220703125 31.6299991607666 AB 3.938713935508907 1.0948982400413938
62227.0469 lsst_hardware_i -12.007518476965533 54.0 31.309999465942383 AB 5.641720239282382 1.0849461998619965
62229.0259 lsst_hardware_z 15.913965448622106 41.779998779296875 30.940000534057617 AB 6.777050377851261 1.0920598441527627
62229.045 lsst_hardware_u 1.6563333105473337 2.630000114440918 28.3700008392334 AB 6.5211277616829815 1.084685256434295
62231.017 lsst_hardware_g 18.11562891195379 14.079999923706055 31.399999618530273 AB 8.35570638900564 1.0949687313596586
62231.0372 lsst_hardware_r 35.08798519068523 22.979999542236328 31.479999542236328 AB 8.342645583022996 1.0847988535235675
62233.0176 lsst_hardware_i 21.92738490590657 30.950000762939453 31.25 AB 11.624846387540515 1.09017002696535
62233.036 lsst_hardware_z 63.481884561000165 41.650001525878906 30.940000534057617 AB 11.579760299121025 1.084755063149516
62235.0142 lsst_hardware_i 1.8202534237896466 30.649999618530273 31.239999771118164 AB 8.765145558169092 1.0888830458614136
62235.0345 lsst_hardware_u -1.87991912366124 2.640000104904175 28.3799991607666 AB 8.740816884138113 1.0853663349509108
62237.0127 lsst_hardware_g -1.4595339801417253 14.260000228881836 31.420000076293945 AB 1.919457077966575 1.086895287636792
62237.0312 lsst_hardware_r 22.032752253834225 23.200000762939453 31.5 AB 2.0235152763457083 1.0859652645862476
62242.9809 lsst_hardware_z 16.66751443568922 43.58000183105469 30.950000762939453 AB 15.670539069355513 1.098261139528017
62242.9992 lsst_hardware_u 1.2784658236180484 2.799999952316284 28.489999771118164 AB 15.467893104775522 1.0858471818024233
62244.9795 lsst_hardware_y -35.67951767204916 49.34000015258789 30.040000915527344 AB 10.110342977500784 1.0943113949020875
62244.9965 lsst_hardware_r 28.970483121067797 24.559999465942383 31.520000457763672 AB 10.06184695118781 1.085156995463648
62246.977 lsst_hardware_y -115.52388846650098 52.2599983215332 30.040000915527344 AB 7.887280064616577 1.0918665587120913
62246.9949 lsst_hardware_z 37.50598574590712 44.439998626708984 30.959999084472656 AB 7.821894592796016 1.0847045071077184
62248.9769 lsst_hardware_y -31.119249108076083 53.470001220703125 30.030000686645508 AB 7.086674734727816 1.0883599981664507
62248.9953 lsst_hardware_z 56.82092457842364 54.970001220703125 30.969999313354492 AB 7.109774904502985 1.085158083666605
62250.976 lsst_hardware_y -21.808293260731922 55.41999816894531 30.040000915527344 AB 14.900933542940447 1.0862982061120818
62250.9943 lsst_hardware_r 25.228783968857634 79.98999786376953 31.639999389648438 AB 14.87290805356903 1.0864265639306072
62252.9666 lsst_hardware_y -60.68751341935042 67.94000244140625 30.049999237060547 AB 6.830104499615409 1.0880293906197385
62252.9857 lsst_hardware_r 99.60304635044844 86.01000213623047 31.649999618530273 AB 6.718941923478945 1.085451037718731
62254.9668 lsst_hardware_z -87.68682628808648 63.709999084472656 30.979999542236328 AB 11.517781335374591 1.0857381128248855
62254.9868 lsst_hardware_g 31.84189898699578 82.61000061035156 31.709999084472656 AB 11.522317209098423 1.0879433359496824
62257.9644 lsst_hardware_y -73.09605634462798 60.4900016784668 30.049999237060547 AB 10.14726516999031 1.0847276051158399
62257.9835 lsst_hardware_i 21.666634242722495 31.510000228881836 31.25 AB 10.1544489300758 1.0909377879325097
62259.9649 lsst_hardware_y 31.10151216219025 54.81999969482422 30.040000915527344 AB 11.939518917226566 1.0850902158204683
62259.9861 lsst_hardware_r -24.88293417137506 23.68000030517578 31.489999771118164 AB 12.160956282175505 1.0980299570822323
