data/validation/pwv_sim_epoch_fit_4/253755.ecsv
# %ECSV 0.9
# ---
# datatype:
# - {name: time, datatype: float64}
# - {name: band, datatype: string}
# - {name: flux, datatype: float64}
# - {name: fluxerr, datatype: float64}
# - {name: zp, datatype: float64}
# - {name: zpsys, datatype: string}
# - {name: pwv, datatype: float64}
# - {name: airmass, datatype: float64}
# meta: {SNID: '253755', alt: 1024.0, c: 0.011421014554798603, dec: -1.193748, lat: -30.244573, lon: -70.7499537, ra: 64.511719, t0: 63103.98046875,
#   x0: 2.6152499707573487e-05, x1: -0.16727162897586823, z: 0.30581170320510864}
# schema: astropy-2.0
time band flux fluxerr zp zpsys pwv airmass
63118.3874 lsst_hardware_r 5280.421971004609 81.23371730880561 31.56999969482422 AB 4.147720731663559 1.15581006385906
63118.4083 lsst_hardware_y 541.1469396847469 64.57711193116138 30.030000686645508 AB 4.115661604072417 1.1448028383409983
63121.3858 lsst_hardware_r 4137.927306789415 67.97047764495436 31.489999771118164 AB 3.5606770713610123 1.150182369817011
63121.4042 lsst_hardware_y 631.3051840901956 59.931792639884726 30.020000457763672 AB 3.521333227224389 1.144962844163352
63123.3831 lsst_hardware_z 2181.627116335769 63.15544629944378 30.940000534057617 AB 1.4061465965117343 1.1484216401103118
63123.4011 lsst_hardware_y 681.2297048658598 57.99443221730654 30.020000457763672 AB 1.3768631857116849 1.1453974508520082
63125.3805 lsst_hardware_u 11.50540014137228 3.564518079167546 28.350000381469727 AB 4.84974545885574 1.1469638452161781
63125.399 lsst_hardware_y 600.4136605604841 57.91851193884601 30.020000457763672 AB 4.895719656420343 1.146449064808448
63136.3671 lsst_hardware_z 2052.590183601633 61.55415244303314 30.940000534057617 AB 5.6213026403266735 1.1458015981099923
63136.3869 lsst_hardware_y 739.8959399094434 56.685887774744174 30.010000228881836 AB 6.5222032163275125 1.1608097798400558
63139.2724 lsst_hardware_y 1359.335035441438 87.05788834972215 30.719999313354492 AB 3.1353574576583196 1.3041348177434953
63139.3004 lsst_hardware_r 2832.2915440632573 137.27715075462675 32.369998931884766 AB 4.5293795209276455 1.2076735157787017
63142.2856 lsst_hardware_i 2202.417634720858 93.59675493922553 31.299999237060547 AB 3.303453325397066 1.2257711782551293
63142.3053 lsst_hardware_z 1685.621750186523 82.55694224191603 30.969999313354492 AB 3.7659099967177445 1.1791806690486064
63146.3413 lsst_hardware_r 950.9291253937675 58.96614387404243 31.610000610351562 AB 4.126709781867479 1.1463082727409664
63146.3597 lsst_hardware_i 1611.9121276362416 62.464252764704824 31.290000915527344 AB 4.179356839818618 1.1609324555051714
63148.3238 lsst_hardware_z 1258.880930011544 56.80271395409245 30.950000762939453 AB 3.1024366767074296 1.1450922773280374
63148.343 lsst_hardware_i 1530.0524032147084 52.55512212425029 31.25 AB 3.3191064550936775 1.1501379572949504
63150.3238 lsst_hardware_u 6.008152703174245 3.258195886712039 28.329999923706055 AB 5.162445910688845 1.144835728272216
63150.3424 lsst_hardware_g 233.09235164881503 21.631801841608326 31.43000030517578 AB 5.043034978603562 1.1540786037194815
63156.2901 lsst_hardware_r 752.6928423572986 34.8058278004768 31.489999771118164 AB 6.978771110805715 1.1502836839963269
63156.3092 lsst_hardware_g 172.82804396179475 20.084231600464978 31.40999984741211 AB 6.211654123108935 1.1450405462119542
63158.2808 lsst_hardware_r 650.7955121766867 34.467994955577154 31.479999542236328 AB 4.249298303398356 1.1533425233143613
63158.2993 lsst_hardware_i 1124.7229675611036 45.865125985523335 31.239999771118164 AB 4.35020702210056 1.1447913216054104
63160.2856 lsst_hardware_z 713.5867164053985 50.99744404913634 30.940000534057617 AB 2.266124911648476 1.146679272181332
63160.3029 lsst_hardware_i 1025.777419570412 45.53303570506357 31.239999771118164 AB 2.654501398815433 1.1462402585744431
63164.2788 lsst_hardware_r 529.376820096302 33.7564018915526 31.489999771118164 AB 4.3523376107950895 1.145352002840813
63164.2968 lsst_hardware_i 991.8208150742149 44.47964289201326 31.239999771118164 AB 4.347060030819141 1.14852199233429
63167.2875 lsst_hardware_z 1111.4691481735122 91.65384526546606 31.719999313354492 AB 2.525385029620054 1.1479022861909336
63169.281 lsst_hardware_z 92.81204230928122 82.47000122070312 30.979999542236328 AB 3.9848246233334224 1.1473724800846918
63169.2972 lsst_hardware_r -133.41250770298893 122.41000366210938 31.6299991607666 AB 5.212449632303149 1.1612898813196277
63171.2732 lsst_hardware_r -103.49591506579823 120.04000091552734 31.639999389648438 AB 5.763901648511356 1.1463607097277955
63171.2921 lsst_hardware_i 11.506088333767364 98.08000183105469 31.31999969482422 AB 6.327994056598357 1.1617393164307612
63182.2388 lsst_hardware_r 37.329277487132444 23.700000762939453 31.479999542236328 AB 7.846063559648787 1.1451321176816522
63182.2574 lsst_hardware_u -1.9460903843806343 2.5799999237060547 28.280000686645508 AB 4.741186519124289 1.156386955883973
63185.232 lsst_hardware_g -13.75043940212834 14.510000228881836 31.399999618530273 AB 8.398274486733717 1.1454275077378229
63185.2496 lsst_hardware_r 14.856013495094446 23.739999771118164 31.479999542236328 AB 8.612328006622683 1.156793553609301
63188.2262 lsst_hardware_r -4.836636477557005 24.110000610351562 31.479999542236328 AB 5.2266872931354555 1.146140517106696
63188.247 lsst_hardware_i -60.285400444592234 32.33000183105469 31.229999542236328 AB 5.316866807753642 1.1634281855041582
63190.2234 lsst_hardware_z -27.89741172985474 42.939998626708984 30.940000534057617 AB 5.646994485463172 1.1472384550689567
63190.2426 lsst_hardware_r -8.17437163635233 23.860000610351562 31.479999542236328 AB 5.7291537167239275 1.164856736711066
63192.2243 lsst_hardware_z 31.751583236508356 43.08000183105469 30.93000030517578 AB 3.5541439219171194 1.1511708025319287
63192.2433 lsst_hardware_r 15.209610442872474 23.979999542236328 31.469999313354492 AB 3.7254285173833894 1.1742571040576884
63196.2209 lsst_hardware_r -12.508019867444535 88.22000122070312 31.6200008392334 AB 6.089426368277679 1.1582361137950432
63196.2395 lsst_hardware_z -22.12622645656525 67.70999908447266 30.969999313354492 AB 6.2377300121107515 1.1875358571095012
63198.0789 lsst_hardware_y 143.8325693564501 105.69000244140625 30.670000076293945 AB 5.683649063969609 1.4999073884509755
63200.19 lsst_hardware_r 42.21818066519556 124.58000183105469 31.639999389648438 AB 5.043418559282681 1.1451904085563591
63200.2094 lsst_hardware_i 8.582623724511746 99.20999908447266 31.31999969482422 AB 6.354430319262152 1.157596001808704
63203.1876 lsst_hardware_z 12.991655765232334 53.869998931884766 30.959999084472656 AB 7.32358811172371 1.1470905813657517
63203.2067 lsst_hardware_r -97.98646961939045 61.66999816894531 31.610000610351562 AB 7.429884754094075 1.1642980362359272
63207.1883 lsst_hardware_i 22.45180520384581 31.969999313354492 31.229999542236328 AB 4.638651651850466 1.1555222914183676
63207.2074 lsst_hardware_z 14.761330283706616 44.36000061035156 30.93000030517578 AB 4.786081716396661 1.1834043640640002
63212.1115 lsst_hardware_u -2.855606007066405 2.6700000762939453 28.350000381469727 AB 14.75485890287943 1.1842414443960445
63212.1313 lsst_hardware_g -6.866637619913173 14.420000076293945 31.399999618530273 AB 13.589235552003831 1.1552525335376176
63217.1154 lsst_hardware_z 102.7712913550916 43.02000045776367 30.940000534057617 AB 11.136870579490617 1.1575785790722168
63217.1352 lsst_hardware_r 27.062888448975894 23.600000381469727 31.479999542236328 AB 10.753791109069136 1.1451065577172588
63219.1128 lsst_hardware_u 0.8493178369791213 2.880000114440918 28.440000534057617 AB 3.5188164650346754 1.1546567563690486
63219.1315 lsst_hardware_r -30.523986724183324 24.329999923706055 31.5 AB 3.9597849901123476 1.1448601344741156
63221.1144 lsst_hardware_i 37.04772925918878 36.54999923706055 31.260000228881836 AB 3.5621486184423685 1.1490801994975381
63221.1347 lsst_hardware_z -2.499289412244814 44.959999084472656 30.940000534057617 AB 4.7104584907478495 1.145678825428239
63225.1039 lsst_hardware_y -64.29109585865376 101.69999694824219 31.219999313354492 AB 6.988259085819416 1.148817867141117
63225.141 lsst_hardware_r 15.408207441403215 92.83999633789062 31.6299991607666 AB 7.368802407147059 1.1574338187618092
63227.0872 lsst_hardware_r 32.25903431122958 127.02999877929688 31.6299991607666 AB 5.803848081790918 1.158568336518798
63227.1076 lsst_hardware_i 92.0073741952939 103.97000122070312 31.31999969482422 AB 5.792205608734275 1.1451572971004893
63230.0848 lsst_hardware_z 129.3918544727422 65.13999938964844 30.979999542236328 AB 8.578236834115812 1.152808049918245
63230.1067 lsst_hardware_r -266.00896630641085 89.70999908447266 31.639999389648438 AB 8.562491470627137 1.144947712860485
