data/validation/pwv_sim_epoch_fit_4/25449617.ecsv
# %ECSV 0.9
# ---
# datatype:
# - {name: time, datatype: float64}
# - {name: band, datatype: string}
# - {name: flux, datatype: float64}
# - {name: fluxerr, datatype: float64}
# - {name: zp, datatype: float64}
# - {name: zpsys, datatype: string}
# - {name: pwv, datatype: float64}
# - {name: airmass, datatype: float64}
# meta: {SNID: '25449617', alt: 1024.0, c: 0.03420782461762428, dec: -30.51823, lat: -30.244573, lon: -70.7499537, ra: 310.78125, t0: 62774.98828125,
#   x0: 6.960026504172601e-06, x1: 0.42186427116394043, z: 0.5352627038955688}
# schema: astropy-2.0
time band flux fluxerr zp zpsys pwv airmass
62616.3603 lsst_hardware_z 19.36533779154735 49.81999969482422 30.950000762939453 AB 18.683514491775945 1.197661185370253
62616.3816 lsst_hardware_r 27.56569047811037 42.209999084472656 31.600000381469727 AB 16.431991936947334 1.1206814620253935
62618.3337 lsst_hardware_i -0.4669550677997417 35.310001373291016 31.219999313354492 AB 2.8929742228853863 1.3025548054414169
62618.3528 lsst_hardware_z 25.523305092119216 45.08000183105469 30.940000534057617 AB 2.651297019694658 1.20641453952434
62620.3574 lsst_hardware_r -10.530024972703217 25.399999618530273 31.489999771118164 AB 13.275978422776207 1.1657184121152204
62620.3767 lsst_hardware_u 1.3506675342092929 2.759999990463257 28.3700008392334 AB 13.733244312738181 1.1031604396126742
62622.3502 lsst_hardware_g 8.382750903658723 16.059999465942383 31.450000762939453 AB 10.433699549132784 1.1723257920373915
62622.3689 lsst_hardware_r 34.54359120540933 25.270000457763672 31.520000457763672 AB 9.87694745557985 1.1097693770314438
62623.3564 lsst_hardware_i -37.59137577333939 32.880001068115234 31.25 AB 10.372329845510473 1.140192354128957
62623.3741 lsst_hardware_z -6.2256900487693905 42.869998931884766 30.950000762939453 AB 9.671411321975611 1.0883670861423873
62625.3491 lsst_hardware_r 8.596602174823365 25.18000030517578 31.5 AB 9.445873396304522 1.1464598033342195
62625.368 lsst_hardware_g 2.997376999365699 15.989999771118164 31.479999542236328 AB 8.976532142700156 1.0899912543627817
62627.3489 lsst_hardware_r -24.25903885101324 25.280000686645508 31.510000228881836 AB 3.4382016502563117 1.1290066714939728
62627.3673 lsst_hardware_i -2.857529384346818 32.2599983215332 31.260000228881836 AB 3.2964457388996125 1.0783270326789705
62631.3483 lsst_hardware_z -85.51698442473901 42.7599983215332 30.950000762939453 AB 7.503870063160647 1.0987034756997327
62631.3676 lsst_hardware_i 13.096403208609134 31.8799991607666 31.260000228881836 AB 7.305695739555635 1.0544665488893799
62633.3506 lsst_hardware_u -1.9648892100988096 2.7899999618530273 28.43000030517578 AB 10.628410202609505 1.0790811922036148
62633.3701 lsst_hardware_g -2.1150164464529593 15.539999961853027 31.459999084472656 AB 10.236462538492484 1.0404318883140373
62637.3499 lsst_hardware_r -67.12027984574142 72.38999938964844 31.639999389648438 AB 4.357914891758335 1.0570194183025432
62637.3694 lsst_hardware_i -18.55526255713374 57.33000183105469 31.31999969482422 AB 4.2176249877011935 1.025687010627722
62639.3642 lsst_hardware_z 74.060603218299 90.93000030517578 31.739999771118164 AB 7.203310517953661 1.0253579537311563
62642.2493 lsst_hardware_r 88.99332395011795 95.4000015258789 31.559999465942383 AB 9.696947894793508 1.4286654806999264
62642.2686 lsst_hardware_i -31.803178529483514 80.12999725341797 31.290000915527344 AB 7.68335890612396 1.3001340582306886
62644.2542 lsst_hardware_z 47.160110862132385 56.47999954223633 30.940000534057617 AB 2.1707816523452377 1.3550447268072645
62644.2743 lsst_hardware_r -21.87655776803046 56.06999969482422 31.59000015258789 AB 2.0299671751428137 1.2410640972953824
62652.2609 lsst_hardware_g -25.369978806194418 15.010000228881836 31.40999984741211 AB 8.390559423975377 1.2024304132953396
62652.276 lsst_hardware_r -5.448272129978186 24.200000762939453 31.5 AB 7.889977662955838 1.1443595527396786
62654.2627 lsst_hardware_i -2.798862719922757 32.34000015258789 31.229999542236328 AB 11.591977131488859 1.1728615502088309
62654.2833 lsst_hardware_z -52.34171790135064 42.599998474121094 30.940000534057617 AB 10.926380696539848 1.1047721504396468
62675.2504 lsst_hardware_z 69.00046427564477 42.63999938964844 30.950000762939453 AB 3.9690579941015622 1.04904400531294
62675.2712 lsst_hardware_r 33.03946681696091 29.1299991607666 31.559999465942383 AB 3.852661236794863 1.0191551449758252
62676.266 lsst_hardware_g 4.039793036595604 15.960000038146973 31.479999542236328 AB 3.8605544416318467 1.0219415269474579
62676.2871 lsst_hardware_r -4.086250047214574 25.149999618530273 31.530000686645508 AB 3.7905413407238773 1.0043386197546154
62680.1671 lsst_hardware_g -16.552419097933534 14.859999656677246 31.360000610351562 AB 7.586712278530957 1.2874654920929884
62680.186 lsst_hardware_r -46.41587728241599 24.34000015258789 31.479999542236328 AB 7.040722096257624 1.1958763645448929
62686.1639 lsst_hardware_i -18.792026866349968 32.540000915527344 31.229999542236328 AB 10.5815126739875 1.2209437700754806
62686.1846 lsst_hardware_u 0.949938636668076 2.700000047683716 28.3700008392334 AB 8.758978338783043 1.139539881667832
62694.1561 lsst_hardware_i 38.284021182558085 58.150001525878906 31.299999237060547 AB 6.17520247298253 1.1630113264453255
62694.1754 lsst_hardware_r -32.43020908754973 68.23999786376953 31.6299991607666 AB 6.441232165506548 1.1011594436288092
62697.176 lsst_hardware_i 44.77725186149302 119.31999969482422 31.34000015258789 AB 6.9042013007780625 1.0787814532465723
62697.1958 lsst_hardware_z 30.716584288142645 97.79000091552734 31.0 AB 6.654357870756184 1.0397434173056537
62707.1629 lsst_hardware_r 0.5995504805377797 24.110000610351562 31.5 AB 5.874944035373993 1.0492845214098934
62707.1844 lsst_hardware_z 35.73175732653223 41.27000045776367 30.950000762939453 AB 5.9931112255668255 1.0185437161058506
62709.1616 lsst_hardware_r 3.203447462627959 24.030000686645508 31.5 AB 3.271279615393436 1.0420853566424537
62709.1804 lsst_hardware_u -1.3230803287414106 2.630000114440918 28.34000015258789 AB 3.184952998739677 1.0170153268993116
62716.0834 lsst_hardware_r 22.595978554675625 24.889999389648438 31.479999542236328 AB 2.1088063057332285 1.2145752660812703
62716.1027 lsst_hardware_g 5.9502972513860675 15.390000343322754 31.43000030517578 AB 2.0195041572579044 1.1395142656274555
62718.0607 lsst_hardware_z -32.751509152130176 45.7599983215332 30.920000076293945 AB 2.8654586680967546 1.302481212771252
62718.0793 lsst_hardware_r 38.91187017850878 26.829999923706055 31.489999771118164 AB 2.6587969292107205 1.2085440587321457
62725.0849 lsst_hardware_z 210.24879332513183 136.77000427246094 31.75 AB 3.0418821746497495 1.1179965113567225
62731.084 lsst_hardware_g 8.087287742491846 15.210000038146973 31.469999313354492 AB 2.819425396528412 1.0768358241299725
62731.1026 lsst_hardware_r 4.365294308478404 24.030000686645508 31.530000686645508 AB 2.724645517451855 1.040338112810941
62733.0601 lsst_hardware_r -1.3793534319706273 24.209999084472656 31.489999771118164 AB 2.4661151224438633 1.1271092881370492
62733.0804 lsst_hardware_i 47.920530606699394 31.540000915527344 31.25 AB 2.3586056085484195 1.0725809952471212
62738.0768 lsst_hardware_i -20.009383885448745 31.329999923706055 31.260000228881836 AB 4.4020070757819605 1.0519582775940162
62738.0969 lsst_hardware_r 12.717103910840484 23.81999969482422 31.520000457763672 AB 3.9520690161354524 1.0217344922790725
62740.0621 lsst_hardware_z -24.11552040258192 41.849998474121094 30.950000762939453 AB 1.7408872567457956 1.070766124087624
62740.0801 lsst_hardware_u -1.907472471430748 2.8499999046325684 28.530000686645508 AB 1.697320424162464 1.0370593222988578
62742.0797 lsst_hardware_r -9.900669340784876 23.8700008392334 31.520000457763672 AB 5.766228527990982 1.0296836657126756
62742.0995 lsst_hardware_i 20.82995323050718 31.030000686645508 31.270000457763672 AB 5.021814362012732 1.0089367188613847
62744.0783 lsst_hardware_z 34.3336114975111 41.34000015258789 30.950000762939453 AB 3.9161679045267257 1.0243926943721136
62744.0973 lsst_hardware_r -2.0551694247762105 23.690000534057617 31.510000228881836 AB 3.362729924095116 1.0067048969449504
62746.9894 lsst_hardware_y -69.75854904514073 50.38644032110488 29.979999542236328 AB 4.229833232706323 1.2595036921209894
62747.0093 lsst_hardware_i 11.87295629756495 33.332224079264236 31.239999771118164 AB 2.0192919022773133 1.1708868242245836
62747.9874 lsst_hardware_y 50.86839470001288 51.78115747977486 29.979999542236328 AB 1.5894889465622435 1.2557684744714543
62748.0048 lsst_hardware_r 50.09804753409584 29.97887645015365 31.530000686645508 AB 2.094623908028376 1.1777474883488197
62750.9991 lsst_hardware_y 130.4676836534769 77.6324293287394 30.760000228881836 AB 2.4439430368466524 1.1681397451668853
62752.9877 lsst_hardware_z 304.9220389536016 83.30293981324886 30.979999542236328 AB 3.4459483137544638 1.191648072535519
62753.0044 lsst_hardware_i 221.79786103923314 92.79387358266017 31.31999969482422 AB 2.945159239388636 1.1305793625292269
62754.989 lsst_hardware_y 190.40177682960515 64.12517665226176 30.020000457763672 AB 2.9502899921319177 1.1650480421739835
62755.0062 lsst_hardware_r 625.2132713589546 116.3110959093795 31.639999389648438 AB 2.219443590846939 1.1085670380921235
62756.9813 lsst_hardware_y 44.18093491042649 62.63605737501747 30.020000457763672 AB 3.1369242762691494 1.1735594000258696
62756.9991 lsst_hardware_r 848.7858773411625 64.89854397780496 31.6200008392334 AB 2.9797880538042647 1.113315170485434
62759.9895 lsst_hardware_y 269.92855031791754 52.301810523103654 30.020000457763672 AB 2.911450488169047 1.117496349092343
62760.0064 lsst_hardware_u 5.407205081634268 3.373209220796886 28.5 AB 2.740966424752078 1.0732053346719177
62761.9905 lsst_hardware_y 326.4162164077143 52.81784574419589 30.040000915527344 AB 1.7250878359243076 1.0990737473373249
62762.0098 lsst_hardware_r 1514.6843706685847 45.71646765361177 31.520000457763672 AB 0.9075940207883372 1.0547286702947873
62763.9965 lsst_hardware_z 2090.026232968261 76.05850196504623 31.700000762939453 AB 6.600592941188629 1.0709163529145176
62764.9904 lsst_hardware_y 475.3779128608301 53.8942183053851 30.040000915527344 AB 3.701471939727472 1.0786222262440424
62765.0087 lsst_hardware_g 641.1251184327854 30.048134194975763 31.459999084472656 AB 4.064105502437301 1.0420783339582824
62766.9908 lsst_hardware_y 493.54562721729803 54.53470392808941 30.040000915527344 AB 1.1818299519658195 1.065511602073064
62767.0089 lsst_hardware_i 1746.7854009718055 51.5902569288955 31.25 AB 1.549906894860128 1.0332712632400853
62770.9919 lsst_hardware_y 585.6811837519955 55.617957534105294 30.040000915527344 AB 2.2106745484694765 1.0427710134292019
62771.0114 lsst_hardware_i 1866.2822491579445 53.56385027826508 31.25 AB 3.1796302260634333 1.0167225195256857
62975.3608 lsst_hardware_g -26.436355969239894 16.399999618530273 31.43000030517578 AB 14.026447206744818 1.277105272397756
62975.3806 lsst_hardware_r -25.80871153893627 25.93000030517578 31.510000228881836 AB 11.488607062406947 1.1843924806605102
62984.3562 lsst_hardware_r 10.75262544686934 25.200000762939453 31.489999771118164 AB 4.336317657891219 1.1837081868674848
62984.3752 lsst_hardware_i 70.96748332898842 32.33000183105469 31.239999771118164 AB 5.605409007671216 1.1173944000141964
62990.363 lsst_hardware_r -51.533882668631655 24.780000686645508 31.5 AB 9.100453626784336 1.1052623199374068
62990.3822 lsst_hardware_i 21.953948092894418 31.81999969482422 31.25 AB 9.521924110369408 1.0593255333052074
62995.3602 lsst_hardware_z -138.78235820659407 87.08000183105469 31.739999771118164 AB 8.375069883012605 1.0774219127151157
63002.3629 lsst_hardware_i 4.27455709524215 32.02000045776367 31.270000457763672 AB 4.280571462244445 1.0357056526117958
63002.3831 lsst_hardware_u 3.0667437436773426 3.359999895095825 28.690000534057617 AB 4.457215118073298 1.011930176647392
63005.3572 lsst_hardware_g 18.915162578966083 15.130000114440918 31.469999313354492 AB 8.382938535328003 1.032042662753776
63005.3775 lsst_hardware_r 17.143105019389157 23.850000381469727 31.530000686645508 AB 9.691326768728835 1.009828776568598
63013.277 lsst_hardware_r 9.948719520766076 24.559999465942383 31.489999771118164 AB 4.143392255300275 1.1838263586572213
63013.2977 lsst_hardware_i -5.741626178701529 32.029998779296875 31.25 AB 4.4696275319012 1.1124472224419133
63019.2372 lsst_hardware_z -83.61940832331216 52.13999938964844 30.940000534057617 AB 13.725298593549295 1.2963886336076784
63019.2547 lsst_hardware_i 73.27661348051286 47.810001373291016 31.280000686645508 AB 11.957717062368 1.2087048481115814
63020.2545 lsst_hardware_z -58.43327319432482 54.130001068115234 30.959999084472656 AB 10.531083938089022 1.1978029956879863
63020.2749 lsst_hardware_r 6.063285149820928 63.66999816894531 31.6299991607666 AB 9.826200675941896 1.1235507881169984
63031.2625 lsst_hardware_r -24.231140295759843 23.84000015258789 31.5 AB 13.343270608663166 1.0760702103760618
63031.2834 lsst_hardware_i -20.831694263740108 31.309999465942383 31.25 AB 12.892971833236857 1.0362042863762708
63036.2629 lsst_hardware_z 22.678590144949546 41.560001373291016 30.950000762939453 AB 3.631613468385607 1.0474800889488025
63036.288 lsst_hardware_r -29.949488695715434 23.5 31.520000457763672 AB 3.5351400863733384 1.0139509784521263
63040.1223 lsst_hardware_u -1.142955493917287 2.109999895095825 27.709999084472656 AB 5.8477210742182315 1.8274128356931973
63040.1463 lsst_hardware_r -17.288078769516662 25.31999969482422 31.40999984741211 AB 5.3003571237060205 1.5452936220717262
63040.2168 lsst_hardware_z -24.50257838158655 42.970001220703125 30.940000534057617 AB 3.5473344389195303 1.1346931431970648
63040.2313 lsst_hardware_r -14.592310760185146 23.8799991607666 31.5 AB 3.4462307352145483 1.0923076815260058
63044.1555 lsst_hardware_i 4.818365440863923 35.41999816894531 31.219999313354492 AB 11.147587460030694 1.3810762907326544
63044.1767 lsst_hardware_z -18.708023078989086 44.619998931884766 30.93000030517578 AB 9.348218710569531 1.2547383173777005
63046.1458 lsst_hardware_z 2.6431690130705494 49.290000915527344 30.920000076293945 AB 6.703642259646206 1.4115407460213103
63046.165 lsst_hardware_r 21.566131208656312 38.36000061035156 31.540000915527344 AB 6.065923381435341 1.2878818219607941
63051.1528 lsst_hardware_z -55.63815540972647 121.5 31.719999313354492 AB 11.099403145028123 1.279900425122159
63053.1596 lsst_hardware_r -191.464013489974 144.13999938964844 31.6200008392334 AB 5.906227367032079 1.2188678613948019
63053.1788 lsst_hardware_i 4.396487313954512 114.79000091552734 31.329999923706055 AB 5.578911081641571 1.143063327750629
63063.1534 lsst_hardware_u -0.5674241659411501 2.690000057220459 28.350000381469727 AB 3.2597287278330356 1.1366851112658645
63063.1716 lsst_hardware_g 15.393576922897621 15.289999961853027 31.450000762939453 AB 3.3397095768527927 1.0844973459499245
63066.1583 lsst_hardware_r 35.48786976392211 24.5 31.510000228881836 AB 3.067932175181328 1.0976174264981944
63066.178 lsst_hardware_z 35.74597201775347 41.93000030517578 30.950000762939453 AB 3.363010085461776 1.0529423389657422
63070.1508 lsst_hardware_g 14.073380257429582 15.5600004196167 31.450000762939453 AB 6.314505046775537 1.0887077666854375
63070.17 lsst_hardware_r -8.809364397784647 24.489999771118164 31.520000457763672 AB 5.6501112771059585 1.0476102491543804
63071.141 lsst_hardware_g -26.316316040475446 15.510000228881836 31.450000762939453 AB 6.867702569854873 1.1076939628798181
63071.155 lsst_hardware_r 49.66730460991585 24.5 31.510000228881836 AB 6.647540446774587 1.0721839430281592
63076.0442 lsst_hardware_r 89.13202307721437 48.849998474121094 31.5 AB 6.092131285096996 1.5827828747978685
63076.0628 lsst_hardware_z -75.31823274669605 52.08000183105469 30.920000076293945 AB 5.46237752963374 1.419721255265353
63080.0478 lsst_hardware_i 68.55963544846466 124.9800033569336 31.260000228881836 AB 2.523422915487634 1.4514943431042469
63080.067 lsst_hardware_z -41.09059753786144 103.44000244140625 30.969999313354492 AB 2.3219161804643615 1.3177730876642233
63082.082 lsst_hardware_z 33.79373782941888 86.33000183105469 30.979999542236328 AB 1.8047552810530707 1.2117873417992866
63082.1003 lsst_hardware_r 50.51987289457436 123.4800033569336 31.639999389648438 AB 1.89795587412471 1.1407698717503894
63084.0662 lsst_hardware_i 83.5081309767868 46.66999816894531 31.260000228881836 AB 2.1932658925570028 1.261343367712261
63084.0837 lsst_hardware_z 67.32173151286082 53.0099983215332 30.950000762939453 AB 2.316632338795952 1.1816538325916615
63086.0717 lsst_hardware_i 26.82646539420163 32.90999984741211 31.229999542236328 AB 4.1091350424777024 1.2090432647544243
63086.0906 lsst_hardware_u -1.2937871150979396 2.7200000286102295 28.360000610351562 AB 5.001460769028725 1.1366956293247101
63092.0761 lsst_hardware_i -73.2839635093135 32.13999938964844 31.239999771118164 AB 3.7379358246185337 1.1305666010189444
63092.0908 lsst_hardware_r 18.481625650250585 24.290000915527344 31.510000228881836 AB 4.002643653569007 1.088537650828965
63095.0661 lsst_hardware_z -17.382723602397885 42.72999954223633 30.940000534057617 AB 4.433777858769765 1.1364533033991324
63095.085 lsst_hardware_u -3.895538626818444 2.7799999713897705 28.450000762939453 AB 4.332632347430936 1.0826167784684997
63096.0751 lsst_hardware_r 27.2840998727123 24.219999313354492 31.5 AB 3.173403486705017 1.1011115498629485
63096.092 lsst_hardware_i 24.499772492580554 31.549999237060547 31.260000228881836 AB 2.7828585946958757 1.0609449465100136
63101.0776 lsst_hardware_z 18.295627046458073 42.099998474121094 30.950000762939453 AB 2.2768886310425516 1.0624771960067902
63101.0958 lsst_hardware_r -40.869724365467924 24.239999771118164 31.520000457763672 AB 2.3866267384709072 1.031051620464805
63107.0863 lsst_hardware_z -51.395792784996274 95.4000015258789 31.739999771118164 AB 5.101359865572484 1.0221800425272143
63109.0802 lsst_hardware_r 0.06989786989822377 127.94999694824219 31.65999984741211 AB 3.931064311362078 1.022937693512847
63109.0993 lsst_hardware_z 117.58846865664275 86.37999725341797 31.0 AB 3.3518506753095845 1.0059072701374234
63111.9738 lsst_hardware_z 89.30869676481512 63.880001068115234 30.940000534057617 AB 4.4241398545820845 1.354328526912883
63111.9923 lsst_hardware_i 16.993849966278518 33.04999923706055 31.219999313354492 AB 3.6983858351932124 1.2484002819217594
63113.9877 lsst_hardware_y -79.26586258948012 50.150001525878906 29.989999771118164 AB 2.4369631263804354 1.2441419917708125
63114.0051 lsst_hardware_r -5.601359909538486 24.15999984741211 31.489999771118164 AB 1.6148461066519346 1.168766784066539
63118.9782 lsst_hardware_y -77.20187586874327 72.58999633789062 30.0 AB 4.022801091007001 1.2243485110095367
63118.9953 lsst_hardware_z -12.922498811596414 43.29999923706055 30.93000030517578 AB 3.780152507784059 1.1545682021280437
63121.9887 lsst_hardware_y -46.08694070440607 50.4900016784668 30.020000457763672 AB 3.0329169973053314 1.1489409971797826
63122.0061 lsst_hardware_u 1.2592856338120526 2.7799999713897705 28.450000762939453 AB 2.3143087194570997 1.0957468784172497
63125.9961 lsst_hardware_z -13.78936849368529 61.66999816894531 31.700000762939453 AB 7.346585581505703 1.0933232504651387
63132.9885 lsst_hardware_y 121.65254092389033 54.84000015258789 30.049999237060547 AB 2.690460632425389 1.0660919161638922
63133.0069 lsst_hardware_i -25.116342267904365 39.849998474121094 31.290000915527344 AB 2.905446635344653 1.0332313781453246
63136.9925 lsst_hardware_y 63.89515752274216 58.43000030517578 30.059999465942383 AB 4.465228316986309 1.0385056943142048
63137.0143 lsst_hardware_z -96.25293566863242 67.58999633789062 30.989999771118164 AB 4.788129614978042 1.0121112450191387
