data/validation/pwv_sim_epoch_fit_4/25448212.ecsv
# %ECSV 0.9
# ---
# datatype:
# - {name: time, datatype: float64}
# - {name: band, datatype: string}
# - {name: flux, datatype: float64}
# - {name: fluxerr, datatype: float64}
# - {name: zp, datatype: float64}
# - {name: zpsys, datatype: string}
# - {name: pwv, datatype: float64}
# - {name: airmass, datatype: float64}
# meta: {SNID: '25448212', alt: 1024.0, c: 0.19639809429645538, dec: -63.07262, lat: -30.244573, lon: -70.7499537, ra: 64.417809, t0: 63178.41796875,
#   x0: 9.668571320825013e-06, x1: 0.6505072712898254, z: 0.4666338860988617}
# schema: astropy-2.0
time band flux fluxerr zp zpsys pwv airmass
63111.3077 lsst_hardware_y 11.799863773916547 78.18000030517578 30.700000762939453 AB 3.6216464051881005 1.3613079674943525
63119.3898 lsst_hardware_i 4.679800807152134 32.27000045776367 31.229999542236328 AB 2.692113181915782 1.1917278361734316
63119.4018 lsst_hardware_y -7.733982577489052 50.81999969482422 30.0 AB 2.698331446684375 1.1891288050022952
63124.3725 lsst_hardware_g -22.859433967643437 12.779999732971191 31.329999923706055 AB 1.5526887992495055 1.1931522535216486
63124.3841 lsst_hardware_y -11.137368190451854 48.7599983215332 29.989999771118164 AB 1.4194521919095806 1.189651229425546
63129.3997 lsst_hardware_z -62.14532114302697 56.369998931884766 30.959999084472656 AB 7.111145911055839 1.1940134176508377
63133.3877 lsst_hardware_g -15.035818496935109 14.279999732971191 31.3799991607666 AB 4.5058258479901045 1.1935172102483558
63137.3732 lsst_hardware_r 0.3933181903508264 22.020000457763672 31.459999084472656 AB 5.65272115718747 1.1920542296895487
63137.3862 lsst_hardware_z 77.68674736554098 44.599998474121094 30.940000534057617 AB 4.794975248741158 1.1987438121852896
63140.3057 lsst_hardware_r -38.18753195907428 82.48999786376953 31.610000610351562 AB 5.375142895492022 1.2091653184220206
63140.3183 lsst_hardware_y 35.977066634323705 53.47999954223633 30.0 AB 5.376416721810546 1.1989333357191816
63143.3715 lsst_hardware_i -44.693260140047016 48.43000030517578 31.280000686645508 AB 2.8359407498383873 1.199890310911101
63143.3839 lsst_hardware_z -49.41483492439614 55.869998931884766 30.959999084472656 AB 2.3335190423229863 1.2103314534870262
63145.3768 lsst_hardware_r 15.294437742271507 42.83000183105469 31.56999969482422 AB 7.001665990446944 1.2087468261453507
63145.3879 lsst_hardware_z -79.50647607946324 67.79000091552734 30.959999084472656 AB 7.079005858703429 1.2207287219697656
63147.3726 lsst_hardware_g -7.898325687221586 27.969999313354492 31.579999923706055 AB 5.264136964032611 1.2099609938781666
63147.3843 lsst_hardware_i -27.39621717552417 44.619998931884766 31.270000457763672 AB 4.922177028664142 1.2230277325596792
63151.3609 lsst_hardware_u -4.257861706727389 2.663373627990043 28.290000915527344 AB 6.70445546139135 1.2092083075825322
63151.3722 lsst_hardware_g 3.626959872498572 15.657493208941043 31.399999618530273 AB 6.727959875994572 1.221562647702262
63153.364 lsst_hardware_r 105.88032211397504 23.848728709544506 31.450000762939453 AB 6.5787513491217595 1.2182872868744
63153.3749 lsst_hardware_i 72.5375465409371 36.144452336670874 31.229999542236328 AB 6.655041341841303 1.2324150633039448
63155.36 lsst_hardware_z 208.658326639523 45.12426930308717 30.93000030517578 AB 8.906905304950355 1.2200125977011718
63155.3719 lsst_hardware_r 183.7487813260292 27.85807031991331 31.469999313354492 AB 9.029498863070902 1.2360146280896647
63157.3643 lsst_hardware_u 2.0051852239053836 3.211271523309167 28.40999984741211 AB 7.985456353145091 1.2328784334222076
63157.3751 lsst_hardware_r 478.2867742262442 36.49149737237692 31.510000228881836 AB 7.522014936330166 1.2499193978614433
63159.3409 lsst_hardware_g 187.85311247282175 17.60464563229895 31.329999923706055 AB 0.8243014556498689 1.2110207477730726
63159.3526 lsst_hardware_i 704.0344262048066 40.64845253641191 31.219999313354492 AB 0.7982992140400271 1.2243852976074034
63161.3414 lsst_hardware_z 724.4047707998376 51.01155109178206 30.93000030517578 AB 3.942408172488529 1.2174188901148315
63161.3517 lsst_hardware_r 1142.509688270985 40.56630557476084 31.459999084472656 AB 3.969387669856059 1.2304999234895464
63163.3383 lsst_hardware_u 5.196671675917667 2.448628956607721 28.18000030517578 AB 4.383935249392468 1.2201888711951943
63163.3495 lsst_hardware_g 379.5386197824108 22.677301332170806 31.299999237060547 AB 4.39069041195153 1.235190475980219
63165.2778 lsst_hardware_r 2050.601646735407 60.84275048153 31.56999969482422 AB 1.664675222516875 1.1890537303691966
63165.2938 lsst_hardware_i 1563.577821786675 56.41183825118938 31.260000228881836 AB 1.5912861271336731 1.1910824304889072
63166.3354 lsst_hardware_z 1255.8580220692113 57.200684838923785 30.93000030517578 AB 3.7612354723094805 1.226889900720718
63166.3462 lsst_hardware_r 2136.0635407982345 51.42989188623436 31.450000762939453 AB 3.803387245580779 1.2427339472571546
63168.3361 lsst_hardware_z 1722.543554432389 71.35298498741457 30.950000762939453 AB 4.338075210092008 1.2355668499265189
63168.3455 lsst_hardware_r 2977.6435673500655 85.71133520241952 31.59000015258789 AB 4.409455086938772 1.2506727106757938
63170.3332 lsst_hardware_i 2516.363268670584 80.6895678001451 31.280000686645508 AB 4.250511123948994 1.2394569762682495
63170.3444 lsst_hardware_z 2077.3092359412926 74.35497416238297 30.950000762939453 AB 5.99536445204855 1.2584728068951616
63183.315 lsst_hardware_g 533.9938984196335 26.868979511528018 31.299999237060547 AB 5.084812340317325 1.2702503972812718
63183.326 lsst_hardware_r 2962.948261542598 58.78962395727961 31.43000030517578 AB 5.222557216639425 1.294153690159689
63186.3094 lsst_hardware_i 2587.35319726656 59.318020149042475 31.219999313354492 AB 6.246468970169 1.2755705473083518
63186.3201 lsst_hardware_z 2186.889947274129 64.06414552106058 30.93000030517578 AB 6.268543190101201 1.299583951508636
63187.2615 lsst_hardware_i 2517.4058648393143 58.663359965542625 31.219999313354492 AB 4.875261843102153 1.2081934268973984
63187.275 lsst_hardware_z 2180.1109816460626 63.024444412254994 30.93000030517578 AB 4.89179979876444 1.22294994969111
63189.2968 lsst_hardware_u 2.4153579044969335 2.5409023172044023 28.209999084472656 AB 7.922517109459289 1.2666400910443554
63189.3088 lsst_hardware_g 393.08638720518985 23.27752771541173 31.290000915527344 AB 8.102479231180332 1.2922614403796384
63193.2955 lsst_hardware_r 1994.48142229125 49.82794146158386 31.43000030517578 AB 8.32327436399605 1.2868555352438653
63193.3076 lsst_hardware_y 696.461066409884 54.50091566739176 29.959999084472656 AB 8.427789465573005 1.31615660576372
63195.2975 lsst_hardware_z 1478.5924697670996 59.779938660944474 30.920000076293945 AB 8.992500146390004 1.304395147431276
63195.3104 lsst_hardware_r 1817.285326865954 47.5316452970548 31.420000076293945 AB 9.030946570723797 1.3388105508448296
63197.1636 lsst_hardware_r 1891.894833587279 85.8981755721688 31.610000610351562 AB 4.314211615903562 1.1983921155287671
63197.1769 lsst_hardware_z 1429.1282417956622 68.29514575767915 30.959999084472656 AB 4.2050064410960895 1.191782647452836
63199.291 lsst_hardware_r 1472.151228393889 93.08083708446922 31.59000015258789 AB 6.519880822391392 1.315597273729556
63199.3031 lsst_hardware_z 1485.3261050949152 72.06099409146648 30.950000762939453 AB 6.040077197703407 1.3494614952698867
63201.2444 lsst_hardware_i 1680.2719728190425 69.1991073090282 31.280000686645508 AB 9.466514749109948 1.2332614316193262
63201.2565 lsst_hardware_z 1364.9145396253007 65.46117072777231 30.950000762939453 AB 9.662476548852062 1.2526302445441013
63204.2624 lsst_hardware_g 159.06046227351385 50.144301966886715 31.610000610351562 AB 5.603395206162832 1.2801420720016212
63204.2735 lsst_hardware_r 1144.9834869136764 57.85245477450916 31.559999465942383 AB 5.712984667427034 1.305825066840465
63206.2681 lsst_hardware_i 1341.9449307262803 52.09340050244972 31.239999771118164 AB 6.677032266603879 1.3059784065594207
63206.2796 lsst_hardware_r 966.5708172468042 46.22781492580238 31.520000457763672 AB 6.9424599877111435 1.3366307253968317
63211.1733 lsst_hardware_r 631.3106473765946 33.01953163586236 31.459999084472656 AB 12.049040596863657 1.1929743165211542
63211.1865 lsst_hardware_g 69.63292729005413 15.244046663397311 31.34000015258789 AB 12.124339489164626 1.2004296523925373
63216.1232 lsst_hardware_i 903.3347874347365 42.86769255526528 31.229999542236328 AB 12.041611563588903 1.1924774977109938
63216.1368 lsst_hardware_z 911.807315253223 52.07813831253497 30.940000534057617 AB 12.125104310979376 1.1892383862953468
63218.1753 lsst_hardware_u -0.7880247926987407 2.4787091817781812 28.209999084472656 AB 4.045828275832799 1.2068093291073971
63218.1856 lsst_hardware_g 64.1842176328782 14.478768305568394 31.31999969482422 AB 4.074885611534231 1.217292191645775
63224.1082 lsst_hardware_z 776.3194381929814 56.58815905402151 30.950000762939453 AB 7.345224328688336 1.190345342808139
63224.1212 lsst_hardware_r 384.81159511951057 54.23972483226851 31.59000015258789 AB 7.325618191932308 1.1891272123905627
63229.1088 lsst_hardware_i 608.2678229258927 67.396440070597 31.299999237060547 AB 8.919089975691438 1.1892119967588584
63229.1212 lsst_hardware_z 611.7932694224692 63.84117254040757 30.959999084472656 AB 8.938978273012173 1.1918637697349566
