data/validation/pwv_sim_epoch_fit_4/25581579.ecsv
# %ECSV 0.9
# ---
# datatype:
# - {name: time, datatype: float64}
# - {name: band, datatype: string}
# - {name: flux, datatype: float64}
# - {name: fluxerr, datatype: float64}
# - {name: zp, datatype: float64}
# - {name: zpsys, datatype: string}
# - {name: pwv, datatype: float64}
# - {name: airmass, datatype: float64}
# meta: {SNID: '25581579', alt: 1024.0, c: -0.06344006210565567, dec: 0.447628, lat: -30.244573, lon: -70.7499537, ra: 24.609375, t0: 62829.578125,
#   x0: 5.155390995554195e-06, x1: 0.09664496034383774, z: 0.6054858565330505}
# schema: astropy-2.0
time band flux fluxerr zp zpsys pwv airmass
62705.3402 lsst_hardware_r 14.725806764386826 38.869998931884766 31.520000457763672 AB 6.1249779456739 1.377560403862398
62705.3645 lsst_hardware_y -149.18249349640763 51.20000076293945 29.969999313354492 AB 5.7375422397592235 1.2698359807655972
62712.3939 lsst_hardware_u 1.1376492484581724 2.7300000190734863 28.329999923706055 AB 5.46273755836196 1.1710048356617277
62712.4163 lsst_hardware_y -172.2924820445488 49.060001373291016 30.0 AB 5.538849054959371 1.1656644801738416
62717.3601 lsst_hardware_g 30.076889190592198 22.09000015258789 32.150001525878906 AB 2.228497895169874 1.1964018764333613
62717.3844 lsst_hardware_r 53.43652332783165 35.40999984741211 32.22999954223633 AB 2.4159240163149573 1.1682417873863429
62721.3574 lsst_hardware_i -65.69059334012123 46.58000183105469 31.989999771118164 AB 2.9986167357724876 1.1835866334211516
62721.3815 lsst_hardware_z -23.17463870523036 61.869998931884766 31.690000534057617 AB 1.6312781959216835 1.1651987113726312
62724.3522 lsst_hardware_r -123.11267882096551 60.689998626708984 31.610000610351562 AB 6.37080736521342 1.1797791417061887
62724.3759 lsst_hardware_z -13.291424950134248 51.16999816894531 30.959999084472656 AB 7.039438056749979 1.164859161601214
62730.3477 lsst_hardware_z -78.06796584230979 75.61000061035156 30.979999542236328 AB 5.229091077647553 1.1689691114173257
62730.371 lsst_hardware_i 61.660857227700355 84.5999984741211 31.309999465942383 AB 5.211731307955657 1.167110358964429
62732.3671 lsst_hardware_z -38.88587480823488 59.09000015258789 30.969999313354492 AB 2.7565179847253867 1.1678923778098715
62732.388 lsst_hardware_r 47.85315972745106 66.79000091552734 31.610000610351562 AB 2.173520914478208 1.1896666198567094
62734.3228 lsst_hardware_r -12.663681629407868 52.119998931884766 32.310001373291016 AB 1.7826804488135548 1.1824102026182033
62734.3426 lsst_hardware_y 5.867776419132125 70.12999725341797 30.75 AB 2.1515108703648647 1.166130553043287
62737.3233 lsst_hardware_g -15.993439656809239 15.289999961853027 31.420000076293945 AB 3.6411117504626267 1.1729441090320132
62737.3412 lsst_hardware_r 1.7923875947041268 24.979999542236328 31.5 AB 3.7500488225335196 1.1648224541299468
62741.2849 lsst_hardware_r -25.65088895214371 24.719999313354492 31.479999542236328 AB 4.448970962637208 1.2161196253222437
62741.3028 lsst_hardware_u 4.027275684570093 2.740000009536743 28.3700008392334 AB 3.6085766411392624 1.183592622688218
62743.2856 lsst_hardware_g -11.718071800244129 15.079999923706055 31.389999389648438 AB 3.3337615731267203 1.2029811720800072
62743.3047 lsst_hardware_i -102.15144614563164 32.40999984741211 31.229999542236328 AB 3.621977174669374 1.1750128709387724
62750.2892 lsst_hardware_i -52.118914615119095 32.599998474121094 31.239999771118164 AB 1.0258874669704583 1.1717732346892726
62750.3081 lsst_hardware_z -64.98052396867993 43.61000061035156 30.940000534057617 AB 0.8154136305763079 1.1648766151090113
62752.2893 lsst_hardware_r 4.390570605602293 52.25 31.600000381469727 AB 3.2884138459901875 1.1680025500039144
62752.3057 lsst_hardware_z 82.26326824073877 49.72999954223633 30.950000762939453 AB 3.262923515664607 1.1653298270230739
62754.2689 lsst_hardware_z -75.75927259827843 63.970001220703125 30.969999313354492 AB 4.007691565980394 1.1815128437442202
62754.2878 lsst_hardware_i -61.01094590376429 69.5 31.299999237060547 AB 3.9592744920238383 1.1662075086962704
62759.235 lsst_hardware_r 153.17009942864902 108.33000183105469 31.6200008392334 AB 0.742910798294434 1.2178865545810393
62759.2539 lsst_hardware_y 19.135512083092934 61.7599983215332 30.020000457763672 AB 2.81460652242738 1.183270679272012
62766.2165 lsst_hardware_z 45.58447939960044 44.029998779296875 30.940000534057617 AB 2.480061710629643 1.2164619058882369
62766.2367 lsst_hardware_r -30.049630305666867 24.59000015258789 31.489999771118164 AB 2.323241607643601 1.1808089492470653
62768.1877 lsst_hardware_u -4.778297381194281 2.569999933242798 28.200000762939453 AB 4.827168498105854 1.2874165883731308
62769.1977 lsst_hardware_r -5.12884641495616 24.81999969482422 31.479999542236328 AB 7.748328137895557 1.244361526943457
62769.2168 lsst_hardware_z -31.15254626128608 43.790000915527344 30.940000534057617 AB 7.189076749610679 1.1988288238813825
62770.2476 lsst_hardware_r -42.8961343630135 24.559999465942383 31.479999542236328 AB 3.582716668888485 1.1652374248336357
62773.2165 lsst_hardware_g 34.73122187684151 15.350000381469727 31.420000076293945 AB 5.459251260014267 1.1821892108665744
62773.2349 lsst_hardware_r 32.282276165277764 24.670000076293945 31.489999771118164 AB 5.378530535283106 1.1666040022304334
62775.2101 lsst_hardware_i -36.38637029157818 32.83000183105469 31.239999771118164 AB 4.992489092002038 1.1834281981673604
62775.2281 lsst_hardware_z 2.4221866169711124 43.65999984741211 30.940000534057617 AB 4.930322144823006 1.1671933898454798
62777.2452 lsst_hardware_r -6.706996424105993 24.989999771118164 31.489999771118164 AB 3.828098578097939 1.1684390928952124
62777.2645 lsst_hardware_u -3.871587590377446 2.7899999618530273 28.389999389648438 AB 3.2031108760153555 1.1886853819948129
62779.1563 lsst_hardware_r -22.295134957462405 38.47999954223633 31.549999237060547 AB 5.345415453792868 1.2927244144597005
62779.1741 lsst_hardware_z 49.18953640628129 46.86000061035156 30.940000534057617 AB 7.623131967121052 1.2338492528383775
62784.1812 lsst_hardware_z 2.048263365493824 88.43000030517578 30.989999771118164 AB 4.066834860766188 1.1897127822816738
62784.1989 lsst_hardware_r 89.32257001838668 129.8300018310547 31.639999389648438 AB 3.966674462265538 1.1698803958708284
62788.1714 lsst_hardware_r -34.04598957651584 101.01000213623047 31.6200008392334 AB 9.461170285109295 1.187992250767114
62788.1889 lsst_hardware_z 58.40125077308916 73.44000244140625 30.969999313354492 AB 9.330728488418341 1.1692642216064904
62790.1738 lsst_hardware_g -47.48137179408486 50.779998779296875 31.670000076293945 AB 8.93968567663814 1.1777207548706492
62790.1911 lsst_hardware_i 19.979096117865637 51.86000061035156 31.299999237060547 AB 8.857634283372418 1.165695484909128
62792.1692 lsst_hardware_z 26.762839161210064 44.119998931884766 30.940000534057617 AB 6.885356019838604 1.1767827755662896
62792.1869 lsst_hardware_r 6.939723304995465 29.780000686645508 31.540000915527344 AB 6.770032985924728 1.1653717556675571
62795.1408 lsst_hardware_r -41.09001172050865 25.280000686645508 31.5 AB 3.1649227329158496 1.2087547038509294
62795.1577 lsst_hardware_u -5.563146265798295 2.9200000762939453 28.5 AB 3.1069158089172006 1.1805886544333883
62798.1695 lsst_hardware_i 19.477141065751862 32.975802741616434 31.25 AB 2.5756466996622978 1.1656268063036497
62798.1866 lsst_hardware_z -73.55345894839421 43.95256677622487 30.950000762939453 AB 2.8004333515651556 1.1677392528598485
62802.1404 lsst_hardware_g 8.397763034952469 15.666676865785615 31.440000534057617 AB 3.4046966817436743 1.1784355402631697
62802.1585 lsst_hardware_i 35.511790419428 33.036236421754225 31.25 AB 3.4031080487688636 1.165647559091921
62804.1366 lsst_hardware_z 42.21982516503217 44.40293266336849 30.950000762939453 AB 6.561344196305105 1.1766061501488578
62804.1525 lsst_hardware_r 30.249715909078887 25.580562326543212 31.520000457763672 AB 6.525007403616605 1.1658044315913823
62808.1184 lsst_hardware_r 257.5811812475822 42.12599247591705 31.579999923706055 AB 4.757171899472503 1.1856372599831777
62808.1362 lsst_hardware_y 83.78315515959648 50.34528201584498 30.020000457763672 AB 4.577942478855647 1.168115625385778
62814.1176 lsst_hardware_z 560.0310399096138 101.72660095245574 30.989999771118164 AB 7.4631256041399325 1.1694634010143534
62814.1345 lsst_hardware_r 746.7619414444523 152.10257111128087 31.6299991607666 AB 7.642356570377663 1.1649933796306309
62818.0863 lsst_hardware_z 796.2350163831755 58.70773162731497 30.950000762939453 AB 4.059549700760104 1.193049481023157
62818.1038 lsst_hardware_r 1431.6816674683066 67.69350012298182 31.600000381469727 AB 3.9907324263438912 1.1715625089574004
62821.1005 lsst_hardware_r 1596.901889097876 46.65462082050393 31.479999542236328 AB 6.767832803303865 1.1682272995820766
62821.1201 lsst_hardware_z 773.909622468962 51.74149109265469 30.93000030517578 AB 6.740954427711955 1.1661205906548187
62824.0967 lsst_hardware_r 1747.5397919663344 48.46700624633376 31.479999542236328 AB 5.160998833968903 1.1661956465866603
62824.1156 lsst_hardware_u -2.2068995535485207 3.179241925287329 28.280000686645508 AB 5.170413583000348 1.1677293395065182
62828.0648 lsst_hardware_u 0.25686408800100063 2.9545931161156846 28.329999923706055 AB 8.076986231619658 1.1842220118201976
62828.0839 lsst_hardware_g 479.38810469606995 26.692560036598802 31.420000076293945 AB 7.953944141998785 1.1669518987673742
62830.0635 lsst_hardware_r 1724.5821730888874 48.50281240301597 31.479999542236328 AB 6.102617101697713 1.1789459273033123
62830.0831 lsst_hardware_i 1464.5306042218538 49.512907817521736 31.229999542236328 AB 6.003036928555841 1.1653742379181107
62832.0647 lsst_hardware_z 1094.784064007718 54.406739362172 30.940000534057617 AB 4.32569333468647 1.1722746164461977
62832.086 lsst_hardware_r 1750.1639755398405 48.16094173488519 31.489999771118164 AB 4.441878673544217 1.1650829307657278
62834.0669 lsst_hardware_u -4.970609885578505 2.9683668408443866 28.3700008392334 AB 6.3847806622336725 1.167235952876357
62834.0864 lsst_hardware_g 336.5407099280891 24.04468583568863 31.420000076293945 AB 5.865996468572289 1.166820674029762
62837.067 lsst_hardware_r 1558.8672486336627 56.12724013457175 31.579999923706055 AB 7.285241575620492 1.1648931205021573
62837.0843 lsst_hardware_z 1066.9363441562255 57.57080946101033 30.950000762939453 AB 7.408420867295457 1.1703358311727639
62841.044 lsst_hardware_z 1906.9785238932247 118.56254443588215 31.729999542236328 AB 3.887297244004461 1.1693757220439078
63079.3326 lsst_hardware_z -64.25978742901871 80.31999969482422 31.690000534057617 AB 6.366674389423939 1.300205797704004
63079.3719 lsst_hardware_y 60.73560196332918 73.12999725341797 30.75 AB 6.108500658067066 1.1915150828479324
63085.392 lsst_hardware_i -53.69746914946789 73.55000305175781 31.309999465942383 AB 3.5406112817603694 1.1650580065022604
63085.4142 lsst_hardware_z -46.03373159838217 69.43000030517578 30.969999313354492 AB 3.567283113265206 1.1797221341338937
63088.3177 lsst_hardware_r -67.30683467260822 40.810001373291016 31.559999465942383 AB 6.111915777998833 1.2642727252290216
63088.3375 lsst_hardware_z -10.088876608524213 48.81999969482422 30.950000762939453 AB 6.171093187166329 1.2100182719933978
63100.252 lsst_hardware_i 18.031901280382737 48.4900016784668 31.950000762939453 AB 2.4863950802965387 1.418635458518375
63100.2688 lsst_hardware_z -93.64477528078604 64.5 31.670000076293945 AB 2.36693872554544 1.3282484430670258
63102.2865 lsst_hardware_r 74.5186246836312 24.8799991607666 31.479999542236328 AB 3.5438320080540127 1.242251163983394
63110.2764 lsst_hardware_z 135.1942165853254 73.73999786376953 30.969999313354492 AB 1.9315797723478372 1.2122885600509439
63110.2921 lsst_hardware_r -173.73719543229743 107.30999755859375 31.6299991607666 AB 1.8478006117530288 1.1842977803256072
63113.2733 lsst_hardware_r -238.55597707500982 113.3499984741211 31.6200008392334 AB 2.654105443488994 1.2017683692501668
63113.2923 lsst_hardware_y 37.403147010445274 62.7400016784668 30.020000457763672 AB 2.726673586242809 1.1745309438909364
63115.267 lsst_hardware_z -85.84656652699161 61.779998779296875 30.959999084472656 AB 1.045759748549593 1.2034059246830762
63118.263 lsst_hardware_i -1.9533200361828207 34.439998626708984 31.239999771118164 AB 5.141141974173261 1.195614412598433
63118.2807 lsst_hardware_z 22.70475512874584 44.54999923706055 30.940000534057617 AB 5.042475831203265 1.1726687979542476
63123.2332 lsst_hardware_u 3.8618957165629935 2.7300000190734863 28.360000610351562 AB 1.4952931206707494 1.2310316580715233
63123.253 lsst_hardware_g -11.1553603522865 15.239999771118164 31.43000030517578 AB 2.469181690602537 1.1895848838620664
63125.2339 lsst_hardware_r -5.526150786538645 24.719999313354492 31.479999542236328 AB 4.16282232590124 1.2157775484527586
63125.2512 lsst_hardware_z 76.36350058307183 43.79999923706055 30.93000030517578 AB 4.760206205879008 1.1842290917685567
63132.2391 lsst_hardware_r -17.40287500854099 49.09000015258789 32.9900016784668 AB 2.334842232244405 1.175848026982242
63132.2814 lsst_hardware_i 14.630281115973617 45.880001068115234 31.979999542236328 AB 2.0607291407394754 1.1748740825196553
63138.2427 lsst_hardware_r 48.873296941303096 104.1500015258789 31.6299991607666 AB 5.368700955354096 1.164935201783794
63138.2614 lsst_hardware_z -57.92900232732637 73.4800033569336 30.979999542236328 AB 5.400582751489824 1.1716624424694835
63144.1598 lsst_hardware_r 53.348627043405486 56.130001068115234 31.579999923706055 AB 5.516052599077316 1.2820575477232554
63144.18 lsst_hardware_i 19.65358099917362 56.77000045776367 31.290000915527344 AB 7.4494156254942805 1.2205487098022423
63146.1825 lsst_hardware_z 27.766425972631346 44.16999816894531 30.93000030517578 AB 5.526425982774953 1.2031406348566662
63146.2008 lsst_hardware_r 69.34955174326312 31.75 31.540000915527344 AB 5.3881962553678555 1.1759271631247479
63148.1767 lsst_hardware_u 1.3260306757673799 2.700000047683716 28.34000015258789 AB 3.8513925983002997 1.2038109809232027
63148.1948 lsst_hardware_g -0.6480337411207413 15.460000038146973 31.43000030517578 AB 3.7843699907235133 1.1764880800176727
63150.1747 lsst_hardware_r 10.158239056908787 24.93000030517578 31.479999542236328 AB 4.661772384637158 1.1972705379601247
63150.1925 lsst_hardware_z 4.4602149701547305 43.52000045776367 30.93000030517578 AB 4.5754930897445085 1.1734039382145882
63154.1702 lsst_hardware_g 11.058141567379627 15.800000190734863 31.43000030517578 AB 7.876473196265389 1.186811631782979
63154.1882 lsst_hardware_r -83.59408097481649 25.25 31.489999771118164 AB 7.704302334726915 1.1684988374206644
63156.1742 lsst_hardware_i -0.04683913598439173 32.90999984741211 31.229999542236328 AB 7.604632557784745 1.1752168795032099
63156.1914 lsst_hardware_z -18.24595117197041 43.709999084472656 30.93000030517578 AB 7.529188456751291 1.1652084276634347
63158.1665 lsst_hardware_r -9.60900825729415 25.049999237060547 31.489999771118164 AB 4.423703047122989 1.1775607046467582
63158.1847 lsst_hardware_u 0.9644117933990448 2.7300000190734863 28.360000610351562 AB 3.0257384081088223 1.1654638536722688
63160.1409 lsst_hardware_u -0.3128505025201515 2.809999942779541 28.389999389648438 AB 3.2555361989738696 1.2100865564270984
63160.1576 lsst_hardware_g 9.489322027158176 15.619999885559082 31.43000030517578 AB 3.1636476317411386 1.18164129671588
63162.1427 lsst_hardware_r -20.12150772750296 31.420000076293945 31.540000915527344 AB 5.78811485354334 1.195912089439048
63162.159 lsst_hardware_z 41.766191085641296 44.689998626708984 30.940000534057617 AB 5.602992947424536 1.1740778348629126
63164.1343 lsst_hardware_r 10.709077949112945 50.459999084472656 31.59000015258789 AB 5.26762350518568 1.201305271142138
63164.153 lsst_hardware_y -33.07865719749536 51.13999938964844 30.0 AB 5.1610456334482295 1.1745888747962183
63167.1381 lsst_hardware_z -8.23671212628926 86.13999938964844 30.979999542236328 AB 3.341605969936806 1.182137072587532
63167.155 lsst_hardware_r -20.217417113809123 122.8499984741211 31.6299991607666 AB 3.499125838427985 1.167283166383182
63169.1384 lsst_hardware_i -17.29668417730242 129.89999389648438 31.31999969482422 AB 6.506800090008053 1.1755205437889984
63169.1552 lsst_hardware_z -47.48096573158408 110.33000183105469 30.989999771118164 AB 6.495916316157189 1.1653435558429477
63182.0899 lsst_hardware_g 8.456676837740323 15.050000190734863 31.389999389648438 AB 4.0260607328976 1.192818526893593
63182.1076 lsst_hardware_r -4.053596418061097 24.3799991607666 31.479999542236328 AB 4.023885049414696 1.1713230301032496
63185.0885 lsst_hardware_i -46.817148064785535 32.41999816894531 31.229999542236328 AB 4.967434545580804 1.1827225108525725
63185.1065 lsst_hardware_r -1.1526598871539813 24.459999084472656 31.489999771118164 AB 4.9013217402244385 1.1669813667201043
63188.0996 lsst_hardware_u 1.9464087809179058 2.6500000953674316 28.31999969482422 AB 6.45676325860684 1.1664457524015786
63188.12 lsst_hardware_g 13.838600653065134 15.0 31.399999618530273 AB 6.534771357805082 1.1683143071164144
63190.0971 lsst_hardware_r -18.199323807527527 27.010000228881836 31.520000457763672 AB 6.72831236139324 1.1655130111833587
63190.1175 lsst_hardware_i -7.152262094324344 33.45000076293945 31.239999771118164 AB 6.786410856209953 1.170205343638916
63194.0639 lsst_hardware_i 87.92407398319028 68.33999633789062 31.299999237060547 AB 8.996819688803305 1.1827545603158829
63194.0836 lsst_hardware_z -79.47586961161889 64.62000274658203 30.969999313354492 AB 9.322241369141528 1.1663006842413417
63196.0646 lsst_hardware_z 123.91164634522349 83.19000244140625 30.979999542236328 AB 5.115006442250193 1.1755932986095594
63196.083 lsst_hardware_r 14.591622632172989 115.13999938964844 31.6299991607666 AB 5.096410903012921 1.1650714553866313
63200.0654 lsst_hardware_z 79.19316598520412 64.87000274658203 30.969999313354492 AB 5.779774073409509 1.167041710935865
63200.0853 lsst_hardware_g -22.762540321303415 93.76000213623047 31.68000030517578 AB 5.899336359884991 1.1672993489862462
63203.0329 lsst_hardware_y 89.64799544638404 55.5099983215332 30.010000228881836 AB 8.00211484914236 1.192251282470566
63203.0519 lsst_hardware_r 10.560156118092497 24.5 31.489999771118164 AB 7.762950307278035 1.1701020191229736
63205.0341 lsst_hardware_y -33.18419594813359 55.560001373291016 30.010000228881836 AB 2.5932951463191456 1.1824432614875653
63205.0531 lsst_hardware_z -12.72207965342718 43.400001525878906 30.940000534057617 AB 1.8016175514573805 1.1664730019147818
63207.0355 lsst_hardware_y 33.71805943108213 54.900001525878906 30.010000228881836 AB 6.413383267637909 1.174666105158434
63207.0547 lsst_hardware_u 2.677795673872977 2.7200000286102295 28.329999923706055 AB 5.162240851811302 1.1648969540359284
63209.0361 lsst_hardware_y -97.85194414788671 54.36000061035156 30.010000228881836 AB 5.744390128953593 1.169698661973853
63209.0551 lsst_hardware_r 16.45286569754932 24.770000457763672 31.489999771118164 AB 6.250172082038574 1.1653521594851288
63212.0353 lsst_hardware_y -95.27996515341425 56.619998931884766 30.020000457763672 AB 15.539199635451695 1.1660011106933892
63212.0539 lsst_hardware_r 6.164511160592161 24.530000686645508 31.489999771118164 AB 15.852378606112136 1.1679921364132124
