data/validation/pwv_sim_epoch_fit_4/25732162.ecsv
# %ECSV 0.9
# ---
# datatype:
# - {name: time, datatype: float64}
# - {name: band, datatype: string}
# - {name: flux, datatype: float64}
# - {name: fluxerr, datatype: float64}
# - {name: zp, datatype: float64}
# - {name: zpsys, datatype: string}
# - {name: pwv, datatype: float64}
# - {name: airmass, datatype: float64}
# meta: {SNID: '25732162', alt: 1024.0, c: -0.040059614926576614, dec: -19.946699, lat: -30.244573, lon: -70.7499537, ra: 157.851562,
#   t0: 61186.25390625, x0: 1.0995580891489525e-05, x1: -1.1864205598831177, z: 0.44225239753723145}
# schema: astropy-2.0
time band flux fluxerr zp zpsys pwv airmass
61041.3432 lsst_hardware_r -19.305348677847775 22.950000762939453 31.5 AB 7.275805025957938 1.0183841782245178
61047.3301 lsst_hardware_z -1.7529460096191727 59.25 30.979999542236328 AB 8.414260708009087 1.0172388524693636
61047.3502 lsst_hardware_y 149.18289192841584 53.959999084472656 30.059999465942383 AB 7.067664092882685 1.0180653380219182
61050.3265 lsst_hardware_i 30.2451038732394 57.36000061035156 32.04999923706055 AB 7.282558707457431 1.0162418830324111
61050.3483 lsst_hardware_y -33.620403891033234 48.810001373291016 30.049999237060547 AB 6.9478140808757445 1.0210991778485126
61057.2665 lsst_hardware_u 2.4797417442543965 2.5999999046325684 28.3700008392334 AB 2.3005852028356064 1.0506954304101876
61057.2868 lsst_hardware_g 6.760882174152406 13.6899995803833 31.420000076293945 AB 2.23767670404435 1.0262610528772098
61059.308 lsst_hardware_r 9.7709410982473 22.270000457763672 31.489999771118164 AB 6.705595272929105 1.0159992837771372
61059.3286 lsst_hardware_i 50.34350707327027 30.09000015258789 31.239999771118164 AB 6.760853902278943 1.0243718033755975
61061.3073 lsst_hardware_z -53.18555691595647 40.529998779296875 30.950000762939453 AB 12.174598726549037 1.0166679521126545
61061.3278 lsst_hardware_u 4.671352524180623 2.690000057220459 28.459999084472656 AB 12.28425660795963 1.0282724319222893
61065.2428 lsst_hardware_r 7.166784208476347 22.440000534057617 31.479999542236328 AB 9.089848065643492 1.0537019946842785
61065.2624 lsst_hardware_i -46.21126121403118 30.020000457763672 31.239999771118164 AB 9.576964722226066 1.028518545036226
61067.254 lsst_hardware_i -75.11630161898547 30.209999084472656 31.239999771118164 AB 11.879566400104878 1.0313988843559565
61067.2723 lsst_hardware_u -0.15115947413150443 2.5799999237060547 28.360000610351562 AB 11.731493160515331 1.0183440483079236
61069.2901 lsst_hardware_g -4.475425343038373 13.779999732971191 31.40999984741211 AB 11.421463340963413 1.0180464694681712
61069.3063 lsst_hardware_r -25.7346175349604 22.479999542236328 31.489999771118164 AB 11.398793210402948 1.0285862850029732
61071.2803 lsst_hardware_i -37.429848625558016 58.849998474121094 31.329999923706055 AB 11.658967038546585 1.016733436012934
61071.2982 lsst_hardware_r 61.34225114838368 64.30999755859375 31.649999618530273 AB 11.023995711955331 1.0262516953970668
61072.2875 lsst_hardware_z 40.03229903469066 90.56999969482422 31.739999771118164 AB 10.92116361604004 1.020669496826172
61074.2232 lsst_hardware_z -157.42359675958954 76.5199966430664 30.989999771118164 AB 9.442842422052008 1.0459506448883513
61074.2406 lsst_hardware_r -196.65401654299242 110.58999633789062 31.65999984741211 AB 9.284130040419678 1.0260785839215663
61076.2209 lsst_hardware_i -80.57916058427641 69.37999725341797 31.329999923706055 AB 5.608565891152543 1.0415164143273061
61076.2388 lsst_hardware_z -48.35310355957736 62.869998931884766 30.989999771118164 AB 5.465622208594974 1.023269260221216
61078.22 lsst_hardware_i 9.673848971478167 48.540000915527344 31.309999465942383 AB 6.1083060946651235 1.0357742642999914
61078.2375 lsst_hardware_z -11.721225042997885 50.11000061035156 30.969999313354492 AB 6.0217507505414325 1.0206357204307512
61080.2198 lsst_hardware_g -20.205834310785246 29.8700008392334 31.649999618530273 AB 5.502400855529283 1.030090643780828
61080.2383 lsst_hardware_r -19.720618720259182 34.08000183105469 31.59000015258789 AB 5.401527884997005 1.017779961372417
61084.1985 lsst_hardware_u -1.3309773562668266 2.630000114440918 28.389999389648438 AB 4.208164096078169 1.0422697451586898
61084.2151 lsst_hardware_g 14.13498337411259 13.970000267028809 31.420000076293945 AB 5.098584273907711 1.0246351032772731
61086.196 lsst_hardware_r 6.9711632371388825 22.799999237060547 31.5 AB 4.001967880686315 1.0383933265921799
61086.2136 lsst_hardware_i -51.6277107023753 30.280000686645508 31.25 AB 3.1869327534083363 1.0218622055016326
61090.2296 lsst_hardware_u -0.07013685103513301 2.869999885559082 28.579999923706055 AB 2.6577345089459903 1.0170226763401855
61090.2476 lsst_hardware_g -11.651344297101149 14.430000305175781 31.459999084472656 AB 2.6902732062662364 1.0273446561607318
61096.1948 lsst_hardware_z -0.9070620510866498 40.849998474121094 30.950000762939453 AB 9.519850443756006 1.017712296882602
61096.2119 lsst_hardware_g -0.3159311960290323 14.229999542236328 31.440000534057617 AB 8.665636344820566 1.0166956994314313
61097.1068 lsst_hardware_r -17.25585718833501 40.7599983215332 31.56999969482422 AB 6.792137210002897 1.1883195048773822
61097.1105 lsst_hardware_i -64.3737713082603 40.2400016784668 31.260000228881836 AB 6.696433555845504 1.1736289805626734
61101.1761 lsst_hardware_z 47.24520273031691 102.55999755859375 31.739999771118164 AB 3.975402561772077 1.0198787972477803
61103.209 lsst_hardware_r 143.02157508517024 130.33999633789062 31.670000076293945 AB 5.701304576442529 1.0247694035126322
61103.2275 lsst_hardware_z 114.37124747888119 86.83999633789062 31.0 AB 5.850937273287137 1.045183507196702
61105.1978 lsst_hardware_r 145.6491849224533 88.73999786376953 31.65999984741211 AB 7.962951947184209 1.0208912752800268
61105.2156 lsst_hardware_y -57.40672929787313 54.83000183105469 30.049999237060547 AB 8.18589188427527 1.0366700009635617
61107.1921 lsst_hardware_g -100.71745067074654 56.31999969482422 31.719999313354492 AB 10.983565570208693 1.0207537529526518
61107.2121 lsst_hardware_r -18.60213768869628 55.720001220703125 31.6299991607666 AB 11.20884548701177 1.039098812964123
61109.1904 lsst_hardware_i 134.90410911054053 37.04999923706055 31.290000915527344 AB 11.152181090253299 1.023135879839752
61109.2092 lsst_hardware_z 66.6752691939329 44.31999969482422 30.959999084472656 AB 10.503211982849152 1.0424851846469854
61111.1928 lsst_hardware_r 30.815620802267272 25.280000686645508 31.530000686645508 AB 8.182803907638379 1.029693660909599
61111.2109 lsst_hardware_u -1.4460262699629156 3.490000009536743 28.65999984741211 AB 7.794230005710435 1.0532743250960046
61113.1253 lsst_hardware_u 0.9558199197410537 2.619999885559082 28.3799991607666 AB 11.59456894065906 1.034767419960648
61113.1444 lsst_hardware_g 12.544235156594068 14.199999809265137 31.43000030517578 AB 11.339228992152169 1.019348165421806
61116.1251 lsst_hardware_r 3.640351264256437 23.100000381469727 31.510000228881836 AB 8.409231921077032 1.0267682443317336
61116.146 lsst_hardware_u 2.7884734976642216 2.7699999809265137 28.489999771118164 AB 8.290238064084894 1.0162719048832074
61118.1229 lsst_hardware_g -9.382727765653225 14.15999984741211 31.43000030517578 AB 8.310122999793382 1.0241499024085345
61118.1421 lsst_hardware_r -0.49744869295711996 22.81999969482422 31.5 AB 7.234977977619039 1.0160772386235573
61120.1674 lsst_hardware_i 56.345264179275304 30.399999618530273 31.25 AB 5.453178032557005 1.0289015155767935
61120.1858 lsst_hardware_z -22.91900336166127 41.310001373291016 30.940000534057617 AB 5.577788116301951 1.0524128521324436
61124.1064 lsst_hardware_g 20.659626768134274 16.809999465942383 31.489999771118164 AB 9.024550324568018 1.024236786354311
61124.1237 lsst_hardware_i -35.65649204722864 30.719999313354492 31.25 AB 9.011320513466186 1.0163429999115767
61126.1355 lsst_hardware_z -4.527643876875771 45.2400016784668 30.959999084472656 AB 7.027236145703192 1.0184400211164046
61126.1533 lsst_hardware_r -20.684533694386026 39.54999923706055 31.610000610351562 AB 7.1149005845340225 1.0311450122513075
61128.1426 lsst_hardware_y -87.63340687756713 72.83000183105469 30.809999465942383 AB 6.745992948566947 1.0262666757454788
61130.133 lsst_hardware_r -232.51475390563974 114.41000366210938 31.65999984741211 AB 5.135148114729129 1.023090723659736
61130.1504 lsst_hardware_i 73.1892052726309 92.16000366210938 31.34000015258789 AB 5.254108101767373 1.0405204677230007
61133.1344 lsst_hardware_z -80.50033071764798 71.19000244140625 30.989999771118164 AB 6.481089594732641 1.0313637165392617
61133.1521 lsst_hardware_r 72.8598377282451 106.2300033569336 31.649999618530273 AB 6.610188378441894 1.0553927080097223
61135.1316 lsst_hardware_z -51.35452744559707 53.369998931884766 30.969999313354492 AB 7.255158680227029 1.034235022127873
61135.1506 lsst_hardware_r 26.947313905393404 66.44000244140625 31.639999389648438 AB 7.489548442132462 1.0624226458801989
61137.0657 lsst_hardware_g 15.067868217826199 27.670000076293945 31.639999389648438 AB 11.15288644680388 1.0286110225163538
61137.0848 lsst_hardware_i -22.814187253182183 38.97999954223633 31.290000915527344 AB 10.435096265297094 1.0170989569476407
61139.0628 lsst_hardware_z -6.667507125348497 40.88999938964844 30.950000762939453 AB 7.848928994556132 1.0263391951037766
61139.0823 lsst_hardware_r -22.319421328443433 22.670000076293945 31.5 AB 7.784068208181441 1.0164180467701556
61142.0565 lsst_hardware_u 2.0656896593084735 2.8299999237060547 28.56999969482422 AB 6.512912201913856 1.0248081825127031
61142.0728 lsst_hardware_g 0.3503100874191462 14.020000457763672 31.459999084472656 AB 6.549722723173319 1.0166824825446574
61148.0842 lsst_hardware_z -77.82900547128249 40.97999954223633 30.950000762939453 AB 11.563678626511953 1.0233343917267215
61148.1012 lsst_hardware_r -46.69612834170194 22.790000915527344 31.5 AB 11.757110045172064 1.0404522163869083
61150.08 lsst_hardware_u -2.1475872034039476 2.7200000286102295 28.479999542236328 AB 6.863868871986635 1.0242542089116546
61150.0967 lsst_hardware_r -17.73380828467023 22.6200008392334 31.5 AB 7.135516553871563 1.0417319412922619
61152.081 lsst_hardware_i -51.49345305645879 30.209999084472656 31.25 AB 9.655393372489936 1.0298353936598217
61152.0982 lsst_hardware_z 48.922248682201456 41.27000045776367 30.950000762939453 AB 9.586248667053528 1.0520466052517041
61154.0761 lsst_hardware_r -0.3268937521171997 32.689998626708984 31.579999923706055 AB 9.576180205123126 1.030389262151782
61154.0931 lsst_hardware_z 80.83897651610931 43.72999954223633 30.950000762939453 AB 9.621587893363397 1.0526325576678954
61156.0197 lsst_hardware_y -189.65469224524492 71.06999969482422 30.809999465942383 AB 11.875315461773447 1.0237340915321937
61158.0171 lsst_hardware_r 103.30056949634728 85.13560477210937 31.65999984741211 AB 1.5326918784790273 1.0217945856526849
61158.0344 lsst_hardware_i 61.4362790589717 71.69176471635366 31.34000015258789 AB 1.5239431926176357 1.015962128411757
61162.011 lsst_hardware_z -35.37274407531627 63.113130307268676 31.0 AB 8.955846436730793 1.0191574892439024
61162.0275 lsst_hardware_r -96.60273548091733 90.98724722457952 31.670000076293945 AB 8.940115550979064 1.016037680529499
61164.0388 lsst_hardware_i 71.99045702779433 53.87229770266415 31.31999969482422 AB 11.205058116994243 1.0221727893627297
61164.0568 lsst_hardware_z 83.97005712745239 53.213757180040986 30.979999542236328 AB 11.396330058337243 1.0395265947584824
61167.0378 lsst_hardware_r 358.68302306594535 28.918737816461025 31.5 AB 6.5723525027173055 1.0277329949518852
61167.0551 lsst_hardware_u 12.093508640749665 4.649936375440154 28.469999313354492 AB 6.617139668044387 1.0486750662510913
61169.0232 lsst_hardware_g 138.2176885060855 17.824194701658392 31.40999984741211 AB 9.27656533767116 1.0209735128407615
61169.0348 lsst_hardware_r 601.3079927409855 34.048149713016755 31.489999771118164 AB 9.352686739912341 1.030050486232751
61173.9716 lsst_hardware_y 360.994038663261 50.984887294480124 30.049999237060547 AB 7.439859379338879 1.0229891895690089
61173.991 lsst_hardware_r 1933.7695604165642 49.302937340115996 31.5 AB 7.371051754077021 1.0159494285689177
61179.9712 lsst_hardware_y 664.2220661334493 52.75593908529943 30.049999237060547 AB 7.64340185706032 1.0162746785082197
61179.9926 lsst_hardware_u 6.433905601783917 3.767514041624444 28.420000076293945 AB 7.682096665688934 1.0206505756008608
61182.9617 lsst_hardware_z 3774.0929416901135 101.50635797033821 31.729999542236328 AB 1.8754465346900626 1.0165021868238822
61185.9517 lsst_hardware_y 845.3698540415905 80.58425333415936 30.079999923706055 AB 7.04092020227552 1.0169107000854756
61185.9709 lsst_hardware_z 2127.255832087513 72.58671867425925 30.979999542236328 AB 5.86190244249905 1.0181332943984638
61187.9517 lsst_hardware_y 692.5323918454902 78.84860870223517 30.079999923706055 AB 6.730557742093476 1.0160099240838278
61187.9712 lsst_hardware_i 3070.0373993927237 82.48701388261692 31.34000015258789 AB 6.594280452331155 1.0209049738485358
61405.3424 lsst_hardware_i -4.620693193527043 36.790000915527344 31.280000686645508 AB 5.9996180143190045 1.020372121826377
61407.3377 lsst_hardware_r -6.098664719839291 24.40999984741211 31.520000457763672 AB 4.573018090393554 1.019966118075957
61407.3583 lsst_hardware_y 44.78767145339168 60.900001525878906 30.06999969482422 AB 4.563582948052396 1.0163504579753675
61409.3411 lsst_hardware_r -51.72896041378691 23.190000534057617 31.520000457763672 AB 2.8423685562111083 1.0166747943167695
61409.3607 lsst_hardware_y -34.03140279608832 65.11000061035156 30.06999969482422 AB 2.809571886862926 1.0186990162664706
61411.3258 lsst_hardware_z -34.40545704816276 40.84000015258789 30.950000762939453 AB 7.28205518641324 1.0204912091201528
61411.3471 lsst_hardware_y 10.366861570053109 47.2400016784668 30.049999237060547 AB 7.789122127557678 1.0163038548514944
61413.328 lsst_hardware_u -0.4805204380408101 3.880000114440918 29.25 AB 8.874732970468639 1.0172390979790593
61413.348 lsst_hardware_y -14.441497678296132 47.68000030517578 30.059999465942383 AB 8.93485388785808 1.0179849479159258
61415.3291 lsst_hardware_r 20.441318410112917 22.350000381469727 31.489999771118164 AB 7.298719739709854 1.016015925902721
61415.3477 lsst_hardware_y 82.19076707590129 47.22999954223633 30.049999237060547 AB 6.9474525368251205 1.020346242572869
61418.2708 lsst_hardware_i -31.904388118624276 30.520000457763672 31.25 AB 4.816266379033004 1.0633108243808376
61418.289 lsst_hardware_z 11.991755095849843 40.970001220703125 30.950000762939453 AB 4.765782344736374 1.0357019112759698
61420.2805 lsst_hardware_r 13.392833834789585 22.670000076293945 31.5 AB 5.746356057859888 1.0394373333481859
61420.3008 lsst_hardware_g -11.815139994725579 13.949999809265137 31.440000534057617 AB 6.117062653523036 1.0207296471101077
61422.2783 lsst_hardware_r -61.88138519518372 22.649999618530273 31.520000457763672 AB 2.1981590951117274 1.0354429496110198
61422.2977 lsst_hardware_i -15.403094511823157 30.299999237060547 31.270000457763672 AB 2.725330763176441 1.0194821895357489
61424.3056 lsst_hardware_z -42.66546988232398 40.68000030517578 30.959999084472656 AB 6.705271638914875 1.0159502483204357
61424.3254 lsst_hardware_i -14.141205560066417 30.239999771118164 31.260000228881836 AB 6.743018527323667 1.0216694738369192
61426.3082 lsst_hardware_z -43.09455266609112 55.060001373291016 30.979999542236328 AB 12.212542659397645 1.016695193090047
61426.3263 lsst_hardware_g -97.99719831153278 57.060001373291016 31.719999313354492 AB 12.354858882259432 1.0263215552632856
61428.3064 lsst_hardware_r -30.013612714037112 100.4000015258789 31.670000076293945 AB 9.187213275129324 1.0177482303233985
61428.3274 lsst_hardware_i 43.05296466690339 79.37000274658203 31.34000015258789 AB 9.304499440752451 1.032599887995167
61430.3161 lsst_hardware_z -130.16860656809249 96.19000244140625 31.75 AB 10.063976225346558 1.0269363495251589
61432.2986 lsst_hardware_z 53.05569560416864 53.880001068115234 30.979999542236328 AB 12.114895236886309 1.019000356370284
61432.3165 lsst_hardware_r 42.53325266055537 62.88999938964844 31.649999618530273 AB 12.214190073448831 1.032621395528998
61434.2787 lsst_hardware_i -49.09921859953896 36.66999816894531 31.290000915527344 AB 11.398185707952504 1.0159338980445363
61434.2969 lsst_hardware_z -61.32123178362352 43.88999938964844 30.959999084472656 AB 11.321612628367195 1.0209461910875792
61436.2831 lsst_hardware_i -25.84970901807071 31.420000076293945 31.270000457763672 AB 11.676174975881866 1.017273022184502
61436.3017 lsst_hardware_z 69.93153358546886 41.4900016784668 30.959999084472656 AB 11.084984041470374 1.0287210840768721
