data/validation/pwv_sim_epoch_fit_4/25978078.ecsv
# %ECSV 0.9
# ---
# datatype:
# - {name: time, datatype: float64}
# - {name: band, datatype: string}
# - {name: flux, datatype: float64}
# - {name: fluxerr, datatype: float64}
# - {name: zp, datatype: float64}
# - {name: zpsys, datatype: string}
# - {name: pwv, datatype: float64}
# - {name: airmass, datatype: float64}
# meta: {SNID: '25978078', alt: 1024.0, c: -0.025196053087711334, dec: -4.331149, lat: -30.244573, lon: -70.7499537, ra: 294.257812, t0: 62982.07421875,
#   x0: 9.882219728570845e-06, x1: -0.5168471336364746, z: 0.46250298619270325}
# schema: astropy-2.0
time band flux fluxerr zp zpsys pwv airmass
62985.4027 lsst_hardware_g 1087.5949518853524 35.88923088533187 31.440000534057617 AB 13.977514631617654 1.1142344957246326
62985.4275 lsst_hardware_z 1911.0391841224014 79.22229925258122 30.979999542236328 AB 13.066875637575569 1.1176867365987144
62989.3455 lsst_hardware_i 2273.071526860031 56.798912352573744 31.239999771118164 AB 13.628192846672976 1.1807223761981396
62989.3629 lsst_hardware_y 707.3475719023603 53.13855744146957 30.010000228881836 AB 13.0976321423751 1.1437481676963803
62993.2685 lsst_hardware_z 2996.5284729073237 113.62669053497609 31.68000030517578 AB 11.194575657840174 1.518320311656066
63001.339 lsst_hardware_i 1480.6923133503242 51.04136096796379 31.239999771118164 AB 8.648963514326715 1.1306943183092317
63001.364 lsst_hardware_z 1067.7529945845145 53.77092303125415 30.940000534057617 AB 8.512380192439657 1.1128385387377626
63003.3498 lsst_hardware_r 2256.464449762754 58.92039945471424 32.2400016784668 AB 8.25838802050385 1.1159983811491687
63003.3732 lsst_hardware_u 4.800825821763127 4.271623445565251 29.170000076293945 AB 8.249657973948883 1.1148186451282274
63008.3442 lsst_hardware_r 731.6600992493319 36.70834364206806 31.489999771118164 AB 4.731246751812275 1.112972653919586
63008.365 lsst_hardware_z 855.2820895867803 51.42429178015567 30.940000534057617 AB 4.697385038000572 1.117892679200517
63012.3103 lsst_hardware_r 601.4176257128386 34.04030525647321 31.489999771118164 AB 6.3748191281153055 1.1290525952324713
63012.3319 lsst_hardware_u 7.107990315974904 3.5792473205648703 28.420000076293945 AB 6.33243404887524 1.1132971253296633
63014.3257 lsst_hardware_g 132.43000208238513 17.76315092439655 31.440000534057617 AB 8.759566267220757 1.1135041865111133
63014.3445 lsst_hardware_r 516.8617605109434 33.1060622338239 31.5 AB 10.16366017956369 1.115455662655609
63016.3333 lsst_hardware_i 855.9953523505017 41.86855485969298 31.25 AB 14.322866416310953 1.1132698802083818
63016.3517 lsst_hardware_z 717.7691074296224 49.728043684291194 30.950000762939453 AB 13.955339243188485 1.125309583097663
63021.3077 lsst_hardware_z 1177.4064973389209 94.681021060248 31.719999313354492 AB 13.384908607346874 1.1132058307389021
63023.2988 lsst_hardware_r 359.24251864476594 124.93551154449426 31.639999389648438 AB 6.83592036550013 1.1143099922028032
63043.2634 lsst_hardware_z 313.6364553470686 45.898530659711774 30.940000534057617 AB 6.392380912523892 1.1145775532930675
63043.2844 lsst_hardware_r 176.9026227771403 27.617275909340204 31.479999542236328 AB 6.553463097618346 1.1330330390073213
63045.2501 lsst_hardware_z 641.7589881923823 64.78875020266116 31.700000762939453 AB 6.412933033693567 1.1125838018205356
63045.2698 lsst_hardware_g 128.7938551866378 23.2826957550424 32.189998626708984 AB 6.464348151926746 1.12260749382228
63047.2501 lsst_hardware_r 417.70039044235995 59.88360045164333 32.34000015258789 AB 3.8778957515009833 1.1136978034178584
63047.27 lsst_hardware_z 356.5838949509709 48.82534911745411 30.950000762939453 AB 3.9486657379522208 1.1286201613811606
63049.2193 lsst_hardware_i 362.8722283415662 62.681475987242536 31.309999465942383 AB 9.265828741119723 1.1192304081074709
63049.2414 lsst_hardware_r 176.65436604624804 74.0811235526428 31.6299991607666 AB 9.279612952405618 1.1128858227949627
63062.1098 lsst_hardware_i 11.101478331672393 33.59000015258789 31.219999313354492 AB 8.436069924037675 1.3179643156939476
63062.1413 lsst_hardware_z 46.884982465881805 43.97999954223633 30.940000534057617 AB 8.312605848152957 1.1941111637837039
63064.1588 lsst_hardware_i 49.636470910251134 32.099998474121094 31.229999542236328 AB 1.8282722147609072 1.142670134225567
63064.1816 lsst_hardware_u 0.5850681983344371 2.6700000762939453 28.34000015258789 AB 2.440622492153944 1.1169896989261845
63067.2124 lsst_hardware_i -1.2181523755828034 45.220001220703125 31.989999771118164 AB 3.2889736416607724 1.125268965613539
63067.229 lsst_hardware_r -27.335012197578003 34.22999954223633 32.2400016784668 AB 3.3736444036866233 1.149126677384033
63069.1778 lsst_hardware_u 0.006575294289466028 2.7200000286102295 28.389999389648438 AB 6.00742069733671 1.1129662256536854
63069.1977 lsst_hardware_g -10.97711287091822 15.15999984741211 31.440000534057617 AB 6.105919140558811 1.1174133728833302
63072.1664 lsst_hardware_r -44.99735191667668 24.1299991607666 31.5 AB 6.310921333063858 1.113823037956911
63072.1864 lsst_hardware_i 26.610489784157508 31.860000610351562 31.25 AB 6.4905994121951505 1.1156066366784376
63073.1554 lsst_hardware_z -29.25923973906527 42.779998779296875 30.940000534057617 AB 10.269540642716349 1.11805708218501
63073.1754 lsst_hardware_r 5.366736263556709 24.040000915527344 31.5 AB 12.001120212911314 1.1128119257184392
63077.1121 lsst_hardware_i 74.83069900100955 55.029998779296875 31.299999237060547 AB 6.054342716711254 1.1642966762906257
63077.1319 lsst_hardware_z -10.342367373876504 54.54999923706055 30.969999313354492 AB 6.308900793510495 1.1302222847564485
63081.1431 lsst_hardware_i -440.60517665033433 168.24000549316406 32.08000183105469 AB 2.1345449760146993 1.1134335888796518
63081.1648 lsst_hardware_r 8.974188430705787 211.60000610351562 32.400001525878906 AB 2.1257192018683457 1.1173294096548465
63094.0901 lsst_hardware_i -26.62014167327571 31.739999771118164 31.239999771118164 AB 5.779956791866077 1.1249429334110699
63094.1123 lsst_hardware_r 32.318315000404546 23.75 31.489999771118164 AB 5.721285107192782 1.1125854230620564
63099.0952 lsst_hardware_u -0.46085200696596096 2.7100000381469727 28.399999618530273 AB 2.7563619400031074 1.1131194104000435
63099.1179 lsst_hardware_g 13.532652643050936 14.510000228881836 31.40999984741211 AB 2.7407131114777012 1.118886757084181
63100.0435 lsst_hardware_r 51.717609507117196 24.209999084472656 31.489999771118164 AB 3.594632098513238 1.1780529053462654
63100.0648 lsst_hardware_i 72.31879479447953 31.920000076293945 31.239999771118164 AB 3.4285182027311567 1.1360232613423316
63102.0793 lsst_hardware_z 34.321660248496535 42.790000915527344 30.940000534057617 AB 2.8397435567466203 1.1161417143545722
63102.0982 lsst_hardware_r -21.269442969510656 25.780000686645508 31.510000228881836 AB 3.150421438725374 1.1132231232245138
63108.0446 lsst_hardware_i 10.392492474811363 97.30999755859375 31.31999969482422 AB 4.718773722508252 1.1337074232706472
63108.0619 lsst_hardware_z 22.093369396148926 84.13999938964844 30.979999542236328 AB 4.674637583721068 1.1167313864598825
63110.0496 lsst_hardware_z 84.78975127386806 78.0999984741211 30.979999542236328 AB 1.4294300870045602 1.1218548753469406
63110.0669 lsst_hardware_r 53.554192553394905 115.88999938964844 31.639999389648438 AB 1.4354984742647394 1.1127895149339064
63113.0546 lsst_hardware_i 96.60562412510879 41.880001068115234 31.280000686645508 AB 1.7230199780221027 1.1137814983982564
63113.0727 lsst_hardware_r -64.76501365016347 45.029998779296875 31.600000381469727 AB 1.7438862377536621 1.114779184585763
63115.0527 lsst_hardware_u -0.9956458830788516 2.75 28.440000534057617 AB 0.7275458488290875 1.1128808395091205
63115.0724 lsst_hardware_g -13.86261564491014 14.670000076293945 31.43000030517578 AB 0.7241242175504536 1.117619371138964
63123.0246 lsst_hardware_i -16.09761866923748 31.56999969482422 31.239999771118164 AB 1.5607520441615197 1.1148228886868
63123.0433 lsst_hardware_u -3.1542808949875507 2.6500000953674316 28.350000381469727 AB 1.3280179629128952 1.1139532751958603
63125.0205 lsst_hardware_g 21.478589495915948 14.670000076293945 31.43000030517578 AB 2.799946031103908 1.1142585518752701
63125.0384 lsst_hardware_r 12.87996044977512 23.700000762939453 31.489999771118164 AB 2.8334853472974304 1.1141563722252168
63127.9905 lsst_hardware_y 48.14196483424155 50.40999984741211 30.020000457763672 AB 6.890708652580836 1.1330141246485284
63128.0099 lsst_hardware_i 1.2340076812859007 31.75 31.25 AB 6.580334458136019 1.1153109251077997
63135.9881 lsst_hardware_y 52.17064510790786 66.4800033569336 30.040000915527344 AB 2.4525219364419577 1.1152896482228094
63136.0071 lsst_hardware_z -32.646955529526316 67.66999816894531 30.979999542236328 AB 3.466541063270721 1.1137183143490144
