data/validation/pwv_sim_epoch_fit_4/25982980.ecsv
# %ECSV 0.9
# ---
# datatype:
# - {name: time, datatype: float64}
# - {name: band, datatype: string}
# - {name: flux, datatype: float64}
# - {name: fluxerr, datatype: float64}
# - {name: zp, datatype: float64}
# - {name: zpsys, datatype: string}
# - {name: pwv, datatype: float64}
# - {name: airmass, datatype: float64}
# meta: {SNID: '25982980', alt: 1024.0, c: -0.13371646404266357, dec: -53.572231, lat: -30.244573, lon: -70.7499537, ra: 249.107147, t0: 60891.109375,
#   x0: 5.168612112840309e-06, x1: 0.34203439950942993, z: 0.604272723197937}
# schema: astropy-2.0
time band flux fluxerr zp zpsys pwv airmass
60750.3919 lsst_hardware_r 88.54165691958588 79.76000213623047 31.639999389648438 AB 8.395901918341186 1.0917947878207004
60750.4077 lsst_hardware_y -75.86407511121203 70.55000305175781 30.049999237060547 AB 8.371640537744277 1.0894662883953077
60752.393 lsst_hardware_i -66.62732718961506 61.900001525878906 31.31999969482422 AB 7.825518939719785 1.0900949245648317
60752.4067 lsst_hardware_y 16.611996321424066 63.619998931884766 30.049999237060547 AB 7.763909851284186 1.0899010109193656
60754.3918 lsst_hardware_i -40.84689543500022 53.369998931884766 31.31999969482422 AB 6.165759937234267 1.0895493792603406
60754.4049 lsst_hardware_y 65.44671021017147 61.310001373291016 30.049999237060547 AB 6.15144424554135 1.0906171465412238
60756.3944 lsst_hardware_g 95.22326797339905 39.29999923706055 31.68000030517578 AB 6.161254236290998 1.0897159950992215
60756.4084 lsst_hardware_y -44.59501496305221 62.970001220703125 30.049999237060547 AB 6.334144376775251 1.0937439027455647
60758.388 lsst_hardware_i -55.09773745055221 32.869998931884766 31.270000457763672 AB 7.344560002137346 1.089616497609601
60758.4006 lsst_hardware_y -58.714398084787256 50.31999969482422 30.040000915527344 AB 7.483623077608295 1.0927390052724384
60760.3964 lsst_hardware_g -24.336669498388193 15.149999618530273 31.459999084472656 AB 7.027503917508518 1.0932644551195623
60760.4079 lsst_hardware_z -5.41290888507423 48.560001373291016 30.969999313354492 AB 7.0569036710434405 1.0998628990898158
60762.3744 lsst_hardware_r 5.952506798132221 22.860000610351562 31.5 AB 8.680008056198899 1.0894495928623837
60762.3852 lsst_hardware_i -7.539246047517319 30.899999618530273 31.260000228881836 AB 8.135265513137865 1.0911885783004827
60764.3758 lsst_hardware_z -75.79533877366184 41.959999084472656 30.950000762939453 AB 8.052057049793685 1.090227519491856
60764.3875 lsst_hardware_r -11.310467548915529 22.760000228881836 31.489999771118164 AB 8.096990415869648 1.094187894036439
60767.3755 lsst_hardware_u 2.299081069977533 2.5899999141693115 28.350000381469727 AB 11.54396714139541 1.092532084835705
60767.3881 lsst_hardware_g -8.503617148723967 13.630000114440918 31.3799991607666 AB 11.517332289922539 1.0993754721319688
60769.3729 lsst_hardware_r 3.699239197942034 22.579999923706055 31.479999542236328 AB 8.387546939823398 1.0937425375758731
60769.3843 lsst_hardware_z 29.601768018722986 41.790000915527344 30.940000534057617 AB 9.051744014009374 1.1005717429263133
60771.3665 lsst_hardware_r 9.556015958624215 22.600000381469727 31.479999542236328 AB 19.875710953943752 1.093323545483956
60771.3789 lsst_hardware_u 1.5422608096834733 2.609999895095825 28.360000610351562 AB 21.46680008261552 1.1006169611513255
60773.372 lsst_hardware_g -7.6693039046346705 13.670000076293945 31.389999389648438 AB 10.174727364799926 1.099574282939461
60773.3849 lsst_hardware_r -30.712064554250116 22.649999618530273 31.479999542236328 AB 9.395545070211423 1.1108033580545524
60775.3228 lsst_hardware_r 10.817057690772641 55.7599983215332 31.6200008392334 AB 5.632779796574864 1.0921001980659908
60775.3342 lsst_hardware_i 33.01339173154442 47.2599983215332 31.299999237060547 AB 5.20219066378926 1.0895781053072071
60778.3217 lsst_hardware_z -21.270229568054397 67.47000122070312 30.989999771118164 AB 13.272907543949936 1.0901622874936636
60778.3327 lsst_hardware_r 219.5786781076889 98.62000274658203 31.649999618530273 AB 13.284033721436597 1.089562247751199
60782.3208 lsst_hardware_r 93.5200054600039 76.04000091552734 31.639999389648438 AB 15.061859320289043 1.089498247948814
60782.3328 lsst_hardware_z 58.69655554370863 60.310001373291016 30.979999542236328 AB 15.209644688883154 1.0918951647668202
60784.3085 lsst_hardware_r 46.96846207712869 58.38999938964844 31.6299991607666 AB 11.634624430484442 1.0896904027802337
60784.3205 lsst_hardware_y 37.00520937354461 51.08000183105469 30.040000915527344 AB 11.650105033945195 1.0901023065619384
60792.2881 lsst_hardware_r -14.492698496555526 22.610000610351562 31.479999542236328 AB 2.9148443623443527 1.089559615865565
60792.2991 lsst_hardware_i -23.07217131795927 30.770000457763672 31.239999771118164 AB 2.188913722154997 1.0901869621424125
60795.3047 lsst_hardware_u -0.525460432054419 2.640000104904175 28.3799991607666 AB 12.034823409851734 1.0951201974477214
60795.316 lsst_hardware_g -2.140107031014427 13.760000228881836 31.399999618530273 AB 12.092298050246601 1.1026579173160627
60802.2668 lsst_hardware_z 13.7496796951473 45.119998931884766 30.959999084472656 AB 8.050095075126052 1.0895438959363948
60802.2798 lsst_hardware_g -4.138563249076958 17.780000686645508 31.510000228881836 AB 8.116090397644037 1.0924876023211787
60804.2781 lsst_hardware_r -100.10236963128085 61.779998779296875 31.6299991607666 AB 9.435668005816648 1.0941067753075184
60804.2904 lsst_hardware_i 43.996793633584794 52.86000061035156 31.309999465942383 AB 9.493294283897859 1.1018428417329946
60808.2786 lsst_hardware_z 45.4208651247765 122.55999755859375 31.739999771118164 AB 7.711277347799683 1.1011653399052312
60810.2771 lsst_hardware_r -43.72639849747116 93.06999969482422 31.639999389648438 AB 7.910929999533231 1.104377203020054
60810.2893 lsst_hardware_z -146.21242263831874 73.04000091552734 30.979999542236328 AB 7.9893980876538455 1.116812593067111
60814.2268 lsst_hardware_z 6.806711162271146 65.95999908447266 31.700000762939453 AB 8.69202367064343 1.0896811956510777
60823.1055 lsst_hardware_z -92.91642764793511 61.939998626708984 31.68000030517578 AB 9.376644828466297 1.2233730681336836
60823.1161 lsst_hardware_i -57.38644082829493 45.20000076293945 31.979999542236328 AB 9.192922475782185 1.1949853188472752
60824.2177 lsst_hardware_g -1.463373550611531 14.149999618530273 31.420000076293945 AB 9.788395791566844 1.091764411447393
60824.2301 lsst_hardware_r 55.62416424567181 23.18000030517578 31.5 AB 9.799690121538704 1.0977994908370723
60828.0334 lsst_hardware_i -7.082927502933691 36.150001525878906 31.190000534057617 AB 15.8046624000972 1.4703721270005041
60828.046 lsst_hardware_z 39.25403823297029 47.439998626708984 30.90999984741211 AB 14.882868815798874 1.4014660592116737
60830.1997 lsst_hardware_g 8.559650692675346 25.309999465942383 31.600000381469727 AB 12.542552593124608 1.0912577297460382
60830.2115 lsst_hardware_r 31.46233490289263 29.8700008392334 31.549999237060547 AB 12.570552270936401 1.0964443970056226
60844.1382 lsst_hardware_r 13.70976926366813 23.079999923706055 31.489999771118164 AB 6.407473427344562 1.0909432623174622
60844.1519 lsst_hardware_u 0.6191483296501102 2.690000057220459 28.420000076293945 AB 6.415978019804581 1.089546816450436
60851.133 lsst_hardware_r 15.143719151245378 22.979999542236328 31.489999771118164 AB 4.270270812033275 1.0895632613467565
60851.1469 lsst_hardware_g -9.884315697293406 14.029999732971191 31.40999984741211 AB 4.279627407164117 1.0928568455475274
60858.0158 lsst_hardware_g 11.59012735352499 33.27000045776367 32.290000915527344 AB 10.710723525356707 1.2071821386708037
60858.0233 lsst_hardware_i -13.32809445489764 48.279998779296875 31.989999771118164 AB 10.5451851398769 1.1882568189618872
60861.1027 lsst_hardware_y -63.466256807000555 50.45366340986283 30.040000915527344 AB 4.010883816824464 1.089470003211891
60861.1159 lsst_hardware_r 16.97772683873255 54.35997906404013 31.6299991607666 AB 3.989351327153835 1.091527564545747
60863.0964 lsst_hardware_i -145.9832471037884 69.74544479886488 31.31999969482422 AB 2.7716424571080216 1.089482097919864
60863.1085 lsst_hardware_z 86.71156226108985 65.84236928516216 30.979999542236328 AB 2.8114076124878498 1.0909614328629607
60865.1058 lsst_hardware_r 55.083135059541384 116.92182971994136 31.649999618530273 AB 3.3931217693851314 1.0917965686871942
60865.118 lsst_hardware_z 79.32789048222018 77.29403943463959 30.989999771118164 AB 3.418476259849085 1.0977178249448494
60867.0979 lsst_hardware_r 50.53079138619711 111.93079933863964 31.649999618530273 AB 7.986672845831529 1.0910506836135145
60867.1105 lsst_hardware_i 22.38366923190965 87.5747066117617 31.329999923706055 AB 7.938742520784769 1.0964735362431368
60870.086 lsst_hardware_i 373.13543040535063 49.846361966595694 31.299999237060547 AB 8.190078031295139 1.0901934151474395
60870.0976 lsst_hardware_z 241.5729448771179 52.1748638497809 30.959999084472656 AB 8.22536771721022 1.0939928689320133
60872.0887 lsst_hardware_r 578.9479315804963 32.81791976208736 31.489999771118164 AB 4.129198893383581 1.0925251735371295
60872.1015 lsst_hardware_u 8.41632778443451 4.123027328615339 28.399999618530273 AB 4.176330686433211 1.099468391847627
60877.0437 lsst_hardware_z 592.1511439431631 47.57821569201396 30.940000534057617 AB 6.226484407001258 1.092365685438817
60877.0554 lsst_hardware_r 1160.1758313177156 40.340923044453376 31.479999542236328 AB 6.210980372169442 1.0896456793279723
60881.0858 lsst_hardware_z 863.9740840612906 50.0837640693148 30.940000534057617 AB 5.874870443800371 1.1066912392954964
60881.098 lsst_hardware_i 1136.447443982637 45.6451928203796 31.239999771118164 AB 5.948587670435673 1.1199449628985547
60883.0483 lsst_hardware_r 1786.641666244245 47.49394633857556 31.479999542236328 AB 3.8005619620265367 1.0898449959212952
60883.0598 lsst_hardware_u 2.05867059153414 4.223034106567083 28.3700008392334 AB 3.759310177077078 1.092981589497624
60886.0274 lsst_hardware_r 1975.2247813610313 50.10626305979011 31.5 AB 5.57123517990584 1.090101292355494
60886.0383 lsst_hardware_i 1364.5732537242784 48.44693160723632 31.25 AB 5.561089705445578 1.0896441465203688
60890.0256 lsst_hardware_z 958.3998862943184 60.76443128289361 30.959999084472656 AB 2.343020163364456 1.0895234426247178
60890.0371 lsst_hardware_r 2271.0156232965383 72.36110528873776 31.6200008392334 AB 2.3734508889353574 1.0916600485712644
60891.0283 lsst_hardware_i 1631.488713269615 67.97556073853272 31.309999465942383 AB 0.3570187480307878 1.090133581773398
60891.0399 lsst_hardware_z 997.2364960097519 65.27317084775173 30.969999313354492 AB 0.398701821773929 1.0938321585018629
60896.0243 lsst_hardware_y 394.7424045511449 58.331971653436426 30.040000915527344 AB 6.0855504679547705 1.0929835904968608
60896.0359 lsst_hardware_r 2171.9201963562086 104.24705348177548 31.639999389648438 AB 6.107875538941931 1.0994285912954607
60899.0033 lsst_hardware_z 964.9307380508935 52.176365877625656 30.950000762939453 AB 2.4272943116477452 1.0896944160034772
60899.0148 lsst_hardware_r 1492.7623596222288 45.1456624980261 31.489999771118164 AB 2.5377972708446968 1.092465463127291
60901.0138 lsst_hardware_u 0.5473947083316887 2.859135739845446 28.43000030517578 AB 3.4152817099389488 1.0944077258937028
60901.026 lsst_hardware_r 1432.5388075646702 43.588682492642214 31.479999542236328 AB 3.443008643525896 1.1022330520304864
60904.0059 lsst_hardware_r 1127.7640147976745 41.564345433408505 31.489999771118164 AB 4.258262967972338 1.0945519035165054
60904.0171 lsst_hardware_u -0.01942800363610489 2.7724038725386264 28.420000076293945 AB 4.333722217800681 1.1016770811059884
60906.0069 lsst_hardware_g 188.61356669967722 19.197277772721797 31.399999618530273 AB 2.55240481350631 1.0982809008202712
60906.0199 lsst_hardware_r 1043.2662251849265 40.057501448319236 31.489999771118164 AB 2.5997754331535097 1.1089615099474661
60908.0074 lsst_hardware_i 944.4152280485724 42.98616079012318 31.239999771118164 AB 2.9157631804722683 1.1026458516849622
60908.0195 lsst_hardware_z 802.9060112070609 50.57614241212591 30.940000534057617 AB 2.996717736382551 1.1142976213618805
61117.401 lsst_hardware_r -16.07470115372197 24.34000015258789 31.5 AB 7.805322698391046 1.0894441619639954
61119.3934 lsst_hardware_g 2.8117583568119042 14.329999923706055 31.399999618530273 AB 6.196757291559318 1.0895078166018846
61119.4066 lsst_hardware_z -68.40330027613741 50.060001373291016 30.959999084472656 AB 6.141659528269047 1.0908809108826016
61123.3909 lsst_hardware_r -1.7107027865026603 22.850000381469727 31.489999771118164 AB 7.449996051501091 1.0898977472754385
61123.4033 lsst_hardware_y -37.608865335271936 49.93000030517578 30.030000686645508 AB 7.357178449689339 1.093597688545424
61125.3752 lsst_hardware_g 11.173397795510772 13.600000381469727 31.3799991607666 AB 6.982749819485579 1.0896500322998646
61125.3874 lsst_hardware_i -20.25362233094635 30.760000228881836 31.239999771118164 AB 6.989949120618147 1.0902347303302455
61127.3707 lsst_hardware_z 14.045051753101758 41.959999084472656 30.940000534057617 AB 8.604670650755374 1.089566602746308
61127.3811 lsst_hardware_r 49.76168755397234 22.639999389648438 31.479999542236328 AB 8.162427915751435 1.090079962039032
61132.3711 lsst_hardware_r -105.57058582320506 89.2300033569336 31.639999389648438 AB 9.722209272661491 1.0908815700481571
61132.383 lsst_hardware_i -131.59707104899084 70.06999969482422 31.31999969482422 AB 11.579731379136522 1.0957440093808954
61134.3766 lsst_hardware_z 24.968582239380133 66.31999969482422 30.979999542236328 AB 9.051195102989254 1.0952338533414443
61134.3888 lsst_hardware_r -91.48398938802296 92.01000213623047 31.639999389648438 AB 9.102626714441184 1.103571636424489
61136.3768 lsst_hardware_z -15.426598086346186 64.80000305175781 30.979999542236328 AB 21.280182204376864 1.0986391311658148
61136.3888 lsst_hardware_r -54.26090894527494 83.95999908447266 31.639999389648438 AB 21.40966013483035 1.1085238502008958
61138.3212 lsst_hardware_z -84.69232252037995 76.2300033569336 31.709999084472656 AB 10.891617073703019 1.09565345408576
61138.3686 lsst_hardware_i -132.20096848328035 52.18000030517578 31.309999465942383 AB 10.195793495033593 1.096891950479668
61138.3821 lsst_hardware_z 104.01452509178802 52.18000030517578 30.969999313354492 AB 9.356588737415283 1.107332289725269
61140.3181 lsst_hardware_z -21.89166281708688 45.31999969482422 30.950000762939453 AB 5.679238469240814 1.0944237547315727
61140.329 lsst_hardware_r 22.94265814147186 36.099998474121094 31.579999923706055 AB 5.712909359472721 1.09051001851066
61147.3244 lsst_hardware_u -0.7739270863201674 2.75 28.479999542236328 AB 15.064284302391734 1.0897721945303882
61147.3365 lsst_hardware_g -13.346854083429719 13.800000190734863 31.420000076293945 AB 16.087048146557155 1.0930495708573411
61149.3202 lsst_hardware_r 38.63203641976214 22.5 31.479999542236328 AB 11.645189511912449 1.0899483202788347
61149.3318 lsst_hardware_i -2.8368848134582034 30.56999969482422 31.239999771118164 AB 11.664669714312272 1.0933748619123842
61151.3 lsst_hardware_i 1.8455023174512832 30.610000610351562 31.239999771118164 AB 9.703612443069835 1.090293532929195
61151.3115 lsst_hardware_z -83.62253923948077 41.79999923706055 30.940000534057617 AB 9.754690686715158 1.0895747883851508
61153.2982 lsst_hardware_r -31.848096265287825 22.489999771118164 31.479999542236328 AB 6.132939343730119 1.0897191442306338
61153.3105 lsst_hardware_u 0.7838645515988691 2.680000066757202 28.43000030517578 AB 6.1174135098938045 1.0901565552693229
61155.302 lsst_hardware_g 12.360081612649378 13.630000114440918 31.389999389648438 AB 13.968259761088463 1.089709511981937
61155.3139 lsst_hardware_i -46.92251278703696 30.6299991607666 31.239999771118164 AB 14.023520007323256 1.0927418187524616
61157.2929 lsst_hardware_z 7.545350125478953 45.65999984741211 30.959999084472656 AB 2.197274701962167 1.0894676648023303
61157.3041 lsst_hardware_r 42.558874777937305 26.969999313354492 31.530000686645508 AB 2.1913887381539316 1.0912384786225902
61159.3029 lsst_hardware_y -122.88155502655339 72.80000305175781 30.780000686645508 AB 13.147142355811058 1.0927116516812072
61161.2765 lsst_hardware_z 0.22789960033267573 73.55999755859375 30.989999771118164 AB 9.936400213064951 1.0897067524221073
61161.2874 lsst_hardware_r -224.8429413866995 109.45999908447266 31.649999618530273 AB 9.896628105047466 1.0899470191592213
61163.3094 lsst_hardware_z -54.817023973801575 81.91000366210938 30.989999771118164 AB 13.786485683800187 1.1033896342813128
61163.3207 lsst_hardware_r 89.09019657538164 120.72000122070312 31.649999618530273 AB 13.913993783790373 1.114427097163902
