data/validation/pwv_sim_epoch_fit_4/26218399.ecsv
# %ECSV 0.9
# ---
# datatype:
# - {name: time, datatype: float64}
# - {name: band, datatype: string}
# - {name: flux, datatype: float64}
# - {name: fluxerr, datatype: float64}
# - {name: zp, datatype: float64}
# - {name: zpsys, datatype: string}
# - {name: pwv, datatype: float64}
# - {name: airmass, datatype: float64}
# meta: {SNID: '26218399', alt: 1024.0, c: -0.06654459983110428, dec: -51.255806, lat: -30.244573, lon: -70.7499537, ra: 349.831726, t0: 62081.76171875,
#   x0: 3.75242851912174e-06, x1: 1.1744402647018433, z: 0.6894233226776123}
# schema: astropy-2.0
time band flux fluxerr zp zpsys pwv airmass
61947.3877 lsst_hardware_z 63.76852318441551 41.209999084472656 30.940000534057617 AB 5.80624214600124 1.0752300270372666
61947.4021 lsst_hardware_r 0.9444978317006081 21.979999542236328 31.469999313354492 AB 5.780784855016038 1.0705157138918588
61950.2008 lsst_hardware_z 57.0660094993436 86.68000030517578 32.060001373291016 AB 10.937102562757671 1.783635224890152
61950.2251 lsst_hardware_r 6.622243486957876 33.84000015258789 32.130001068115234 AB 4.3494622567579215 1.5690700781954983
61954.3775 lsst_hardware_i -1.9738814040187087 30.190000534057617 31.239999771118164 AB 6.963933495066592 1.0717041389760837
61954.389 lsst_hardware_z 51.46399803623526 41.2599983215332 30.940000534057617 AB 6.919231925083834 1.0700670554553962
61958.4392 lsst_hardware_y -72.97956508293484 61.220001220703125 30.040000915527344 AB 1.928715374290874 1.117555987034957
61960.3723 lsst_hardware_i 29.170219345696996 75.27999877929688 31.329999923706055 AB 2.2885177118724758 1.0700675086685518
61960.3849 lsst_hardware_z 44.622009578441556 66.58999633789062 30.989999771118164 AB 2.2331725738096346 1.0719228354286245
61962.3482 lsst_hardware_z 22.2459098148152 58.119998931884766 30.969999313354492 AB 10.085440119306027 1.074519509834437
61962.359 lsst_hardware_r 66.11234091373314 74.6500015258789 31.639999389648438 AB 10.04683046294091 1.0708908746173118
61965.3279 lsst_hardware_z -40.44267506005926 46.59000015258789 30.950000762939453 AB 6.549272415131315 1.0820772267874954
61965.3411 lsst_hardware_i -14.161640254501703 41.2599983215332 31.280000686645508 AB 6.121922161575664 1.0740214318553796
61974.4003 lsst_hardware_r 15.783164775535285 22.549999237060547 31.459999084472656 AB 5.828992947493944 1.1255598257289778
61974.4123 lsst_hardware_u -0.4236276864057671 2.509999990463257 28.25 AB 5.931636365313527 1.1487627317349718
61978.4053 lsst_hardware_i 35.31546007951626 31.09000015258789 31.229999542236328 AB 3.4178530568941374 1.1573519014258606
61978.417 lsst_hardware_z 22.71759224304323 43.099998474121094 30.93000030517578 AB 3.6497791852721893 1.186148581498924
61979.3457 lsst_hardware_i 5.921367174300449 30.329999923706055 31.229999542236328 AB 3.356899803340935 1.0777717690520623
61979.3583 lsst_hardware_z -38.7478311972185 41.560001373291016 30.93000030517578 AB 3.377033741746255 1.0876407016010914
61981.344 lsst_hardware_r 6.896650586315939 22.31999969482422 31.479999542236328 AB 5.16674842742266 1.0802882081277032
61981.3548 lsst_hardware_u 2.215634268850166 2.5999999046325684 28.360000610351562 AB 5.20640930383843 1.0895488759733032
61990.3417 lsst_hardware_z -18.158502408315574 66.33000183105469 30.979999542236328 AB 2.705148020368627 1.1027916919562277
61990.3529 lsst_hardware_r -9.374056455116165 93.30000305175781 31.6299991607666 AB 2.8037846658179766 1.119275315695799
61992.3372 lsst_hardware_z 19.60160106713179 54.58000183105469 30.969999313354492 AB 5.634227760131191 1.1040650106400323
61992.3483 lsst_hardware_r -50.382759330291314 65.83999633789062 31.6299991607666 AB 5.720297573883956 1.1206930643843542
61994.3357 lsst_hardware_i -5.038479832547179 41.9900016784668 31.280000686645508 AB 3.4552637774396424 1.1095901661655885
61994.347 lsst_hardware_z -56.38198932657623 47.310001373291016 30.950000762939453 AB 3.5226878900487897 1.127861651029495
62002.0589 lsst_hardware_g -19.374172509839752 13.489999771118164 31.139999389648438 AB 3.801328463094862 1.7829870840032187
62002.0685 lsst_hardware_r -19.36720977133535 24.459999084472656 31.350000381469727 AB 3.763642908340794 1.690005796291331
62009.1074 lsst_hardware_g -31.045252902577015 21.149999618530273 31.469999313354492 AB 1.88880462343414 1.317847286540478
62009.1161 lsst_hardware_r 4.096649500385054 27.68000030517578 31.489999771118164 AB 1.7999470986921071 1.2817853649222768
62016.2941 lsst_hardware_z 61.39399084467365 68.69999694824219 30.969999313354492 AB 1.8006568326358277 1.1414623344757358
62016.3054 lsst_hardware_r 69.74815052516644 97.41999816894531 31.6200008392334 AB 1.80716913667599 1.1662917952087706
62020.2694 lsst_hardware_z 104.63382246163229 59.06999969482422 30.969999313354492 AB 2.1485613013278395 1.1167158530809977
62020.2809 lsst_hardware_i 14.149713045729788 63.40999984741211 31.309999465942383 AB 2.2599065455352396 1.1369645541850946
62021.0487 lsst_hardware_z -52.701310760135705 53.63999938964844 30.90999984741211 AB 3.2832784586371777 1.4516005269930785
62030.2349 lsst_hardware_r 6.064369348058383 22.459999084472656 31.489999771118164 AB 1.9678416678144441 1.1060468390524862
62030.2461 lsst_hardware_u 1.6157402252472997 2.6600000858306885 28.40999984741211 AB 2.0180310691045196 1.1233125906508694
62031.2741 lsst_hardware_i -6.491442969245046 31.350000381469727 31.229999542236328 AB 1.9243123279321783 1.1910330067663575
62031.2861 lsst_hardware_z -65.21972533672223 43.43000030517578 30.93000030517578 AB 1.9695166651517375 1.226731027811733
62033.2218 lsst_hardware_r -0.06048063008443249 22.399999618530273 31.479999542236328 AB 6.410928645342783 1.0996132721207712
62033.2345 lsst_hardware_z 57.626560185877864 42.25 30.940000534057617 AB 6.534642576826895 1.1176697679863956
62037.225 lsst_hardware_g -12.031878242309105 13.4399995803833 31.389999389648438 AB 4.36793536182413 1.1199834261087513
62037.2365 lsst_hardware_r -29.463057549398098 22.6200008392334 31.479999542236328 AB 4.369432797537199 1.1409433712777595
62039.2635 lsst_hardware_z 41.115657623307264 43.939998626708984 30.920000076293945 AB 3.88881863913765 1.2243106220392685
62043.1793 lsst_hardware_i 31.147053761552645 56.2599983215332 31.309999465942383 AB 4.568198200090168 1.0838598256338259
62050.1849 lsst_hardware_r 171.43703674105473 66.03790925565438 31.6299991607666 AB 5.060549612606303 1.1127181924191598
62050.1965 lsst_hardware_i 0.30908503060900666 54.606854961053635 31.299999237060547 AB 5.1050420051522565 1.1322521774666687
62052.1344 lsst_hardware_z -19.059959422434797 45.620640826699166 30.959999084472656 AB 3.7582798153129735 1.0721604646195246
62052.1467 lsst_hardware_r 117.15819634249783 39.388450339586086 31.600000381469727 AB 3.799736324227394 1.0779903515704616
62054.223 lsst_hardware_g 39.83539431008083 27.132357152484687 31.559999465942383 AB 4.412798902763094 1.2257774729897484
62054.234 lsst_hardware_i 23.521652576494738 38.906635348482375 31.239999771118164 AB 4.549251484623763 1.2636809679510452
62057.1762 lsst_hardware_r 127.94505371484175 25.50331310294499 31.479999542236328 AB 9.107232937693839 1.13006985205284
62057.1873 lsst_hardware_u 3.286243649998769 2.9793945200983605 28.389999389648438 AB 9.271070554308178 1.1522583338687766
62059.1628 lsst_hardware_u 1.9281055372762532 2.883420916994053 28.3700008392334 AB 8.674216601184176 1.1165524184951472
62059.174 lsst_hardware_g 53.06007269351565 15.138306900529084 31.3799991607666 AB 8.615005517849085 1.1361820243566698
62064.1616 lsst_hardware_r 636.8819312800937 33.546419143226345 31.479999542236328 AB 2.9960920435120726 1.1386212478510536
62064.1727 lsst_hardware_i 657.2439314432455 39.37894549952014 31.239999771118164 AB 2.98088729731131 1.1624414262232383
62065.1631 lsst_hardware_z 345.099532669546 47.00944784287896 30.940000534057617 AB 4.274259117030572 1.1472211278348177
62065.1733 lsst_hardware_r 714.5315948476787 34.63476119956847 31.469999313354492 AB 3.3643204653455885 1.1704019708977522
62067.1612 lsst_hardware_u -5.755941989698244 3.3720114630721776 28.40999984741211 AB 3.2831329077271296 1.1549143989894044
62067.1723 lsst_hardware_g 176.12893775877043 19.550935816858914 31.3700008392334 AB 2.644407186549451 1.1816819184700014
62070.1455 lsst_hardware_g 386.6024955329976 44.640497499374305 31.65999984741211 AB 4.255792847632881 1.1391816678919156
62070.1568 lsst_hardware_r 1151.4151544688978 55.748702634605394 31.59000015258789 AB 4.238322401194114 1.1635751273013915
62075.1402 lsst_hardware_i 1226.2302272144811 72.17033149291672 31.309999465942383 AB 5.332002338859531 1.156804759746061
62075.1524 lsst_hardware_r 1349.1258753382117 87.11262699393373 31.610000610351562 AB 5.472173181134874 1.1868292969982919
62077.1452 lsst_hardware_z 1454.9853733325324 94.10643262181559 31.719999313354492 AB 4.620035274258068 1.1822246143745991
62079.0904 lsst_hardware_r 1492.093416441577 76.1556287152275 31.639999389648438 AB 4.187599409477613 1.0928924078671458
62079.101 lsst_hardware_g 428.32288538416395 78.12949699717683 31.700000762939453 AB 4.228685106139046 1.1059240971508868
62083.0467 lsst_hardware_z 844.9612819345829 49.71494964190261 30.950000762939453 AB 6.9081743662509085 1.0713116101705558
62083.0576 lsst_hardware_i 1273.9983047100825 46.26548283695317 31.260000228881836 AB 6.875732954683847 1.0754535382715433
62086.0504 lsst_hardware_u -1.430673968157786 2.6459124521827952 28.350000381469727 AB 4.860735864315921 1.0759791619959
62086.0617 lsst_hardware_g 191.9517108417951 19.247873490622638 31.3700008392334 AB 4.845146351808258 1.0837233219330071
62088.0436 lsst_hardware_r 1056.7592352508468 38.70557334416915 31.479999542236328 AB 4.18318901745703 1.0752777870251984
62088.055 lsst_hardware_i 1082.1687432086521 45.165011517207006 31.239999771118164 AB 4.221145269206521 1.0827150998307888
62306.4283 lsst_hardware_u 3.684896154739922 3.130000114440918 28.59000015258789 AB 2.7872857753492184 1.0701465142918132
62306.4397 lsst_hardware_y -12.325149595451306 57.220001220703125 30.049999237060547 AB 2.791504461244537 1.0726241926011881
62308.4136 lsst_hardware_r -5.869231587372229 22.0 31.479999542236328 AB 3.21594051611736 1.0704933756840402
62308.4279 lsst_hardware_y -38.53891720680515 47.52000045776367 30.040000915527344 AB 3.3535414123291196 1.0708487745596265
62312.4189 lsst_hardware_z 36.89123900563911 79.98999786376953 31.729999542236328 AB 4.487591792144291 1.0712799694782265
62314.4133 lsst_hardware_r -7.386643045924905 91.62999725341797 31.649999618530273 AB 7.709124035475648 1.0712448142676074
62314.4271 lsst_hardware_i -93.68308192400617 72.12000274658203 31.31999969482422 AB 7.673130931797089 1.0770062364793445
62315.3953 lsst_hardware_z 31.323164120350018 60.880001068115234 30.979999542236328 AB 5.538219424720841 1.0703769282264077
62315.4084 lsst_hardware_r -32.709500032689846 82.02999877929688 31.649999618530273 AB 5.545251587377231 1.0707702799666494
62323.4229 lsst_hardware_u -3.456589464355828 3.2300000190734863 28.559999465942383 AB 5.743973623594866 1.0944029005610547
62323.4351 lsst_hardware_g -22.905768922776055 18.329999923706055 31.510000228881836 AB 5.821692719317778 1.1101626085655565
62325.424 lsst_hardware_r 22.688700104078997 22.549999237060547 31.479999542236328 AB 2.3924898201123725 1.1023605376035068
62325.4377 lsst_hardware_z -16.298516288691474 46.349998474121094 30.950000762939453 AB 2.3951606703840937 1.122907018464179
62327.3734 lsst_hardware_r -24.51339322535196 22.190000534057617 31.489999771118164 AB 8.539397016213622 1.0704016817039488
62327.3859 lsst_hardware_u -2.4240634847169114 2.6600000858306885 28.43000030517578 AB 10.430565465778933 1.0740426778333063
62328.3149 lsst_hardware_z -20.787606942082057 41.61000061035156 30.940000534057617 AB 9.400929920660198 1.1018113534718508
62328.3278 lsst_hardware_u 0.7270670990883074 2.549999952316284 28.329999923706055 AB 9.326529897954641 1.0874200481481693
62330.3239 lsst_hardware_g 8.72521733541601 13.199999809265137 31.3700008392334 AB 6.6244899476702415 1.085981958634466
62330.3382 lsst_hardware_r -19.544381941057452 22.09000015258789 31.479999542236328 AB 6.504627804333397 1.0757377846196727
62332.4034 lsst_hardware_z 22.678544804593823 41.70000076293945 30.940000534057617 AB 5.207595777144835 1.1004481540800204
62332.4146 lsst_hardware_r -25.127608425815893 22.34000015258789 31.479999542236328 AB 5.317494234112775 1.116358417910623
62334.4096 lsst_hardware_u -1.84778487782751 2.5999999046325684 28.350000381469727 AB 2.569305716672545 1.1170894420315414
62334.4213 lsst_hardware_g 3.308438413887584 13.579999923706055 31.3700008392334 AB 3.106256610693436 1.13782293431994
62343.3939 lsst_hardware_r 15.308270105002288 101.2300033569336 31.639999389648438 AB 7.547597271962761 1.1324226964685313
62343.406 lsst_hardware_z 46.03712571102544 70.66999816894531 30.979999542236328 AB 7.799385279595663 1.157321916101743
62345.3417 lsst_hardware_r -95.44554308570386 77.95999908447266 31.639999389648438 AB 3.363705358869073 1.0765579641123613
62345.3533 lsst_hardware_i -83.7107862418995 63.31999969482422 31.309999465942383 AB 3.368178279416425 1.084905096040722
62347.3469 lsst_hardware_z 86.21211231087362 71.37000274658203 31.719999313354492 AB 5.197897473092454 1.0840998622968134
62348.3424 lsst_hardware_z -33.890618383166895 47.11000061035156 30.959999084472656 AB 4.244150432005629 1.0826454058940427
62348.3542 lsst_hardware_r -58.06477885537184 45.45000076293945 31.610000610351562 AB 4.319815779943792 1.093901185095921
62352.3388 lsst_hardware_i 21.992960586076382 31.549999237060547 31.25 AB 2.0469593476412076 1.0891944027888654
62352.3506 lsst_hardware_z 32.32558853128792 42.38999938964844 30.940000534057617 AB 2.0406731668199445 1.102768531110481
62354.343 lsst_hardware_g -25.06841499708531 13.520000457763672 31.3799991607666 AB 2.8678546347893987 1.1000241527080958
62354.3542 lsst_hardware_r -10.50703095592529 22.56999969482422 31.469999313354492 AB 2.9284858021125255 1.11582617721948
62356.3376 lsst_hardware_i -23.691005577699762 30.719999313354492 31.239999771118164 AB 2.741448773480711 1.1000998288445871
62356.3494 lsst_hardware_r -14.95047505637849 22.700000762939453 31.489999771118164 AB 2.8725911180930446 1.1168705746862537
62360.0408 lsst_hardware_i -20.858448677448155 37.02000045776367 31.06999969482422 AB 5.131800585023121 2.3038386464750262
62360.0515 lsst_hardware_z 28.278190625102937 51.86000061035156 30.84000015258789 AB 7.015230406034034 2.1258273957678893
62362.3185 lsst_hardware_i 36.85402048537159 30.860000610351562 31.239999771118164 AB 3.7024037256103552 1.0967918610477996
62362.3287 lsst_hardware_z -6.048720465175748 42.189998626708984 30.940000534057617 AB 3.731806095559054 1.1102710652726893
62367.3071 lsst_hardware_i 10.897840122781679 38.84000015258789 31.280000686645508 AB 2.954862893337472 1.0995179608685435
62367.3178 lsst_hardware_r -52.51355458555047 33.52000045776367 31.56999969482422 AB 2.9792914962197297 1.1144134520319426
62369.304 lsst_hardware_z 36.19532012735973 82.33999633789062 31.719999313354492 AB 1.6225511527474246 1.1025262646075364
62371.3137 lsst_hardware_r 109.1931339260257 102.83999633789062 31.6299991607666 AB 2.2738928968408425 1.1256431154692508
62371.3249 lsst_hardware_i -25.617482867571653 81.22000122070312 31.309999465942383 AB 2.3074576485154363 1.1471803365035105
62380.2905 lsst_hardware_i -48.39016014273445 33.90999984741211 31.25 AB 1.8902764851466138 1.1280742899223875
62380.3021 lsst_hardware_r -3.495840556032781 29.700000762939453 31.530000686645508 AB 1.7992379163926153 1.1509598057844972
62382.2459 lsst_hardware_i -14.356625139841311 30.540000915527344 31.239999771118164 AB 0.8477163026626227 1.079893379187485
62382.2571 lsst_hardware_z 42.71914424080111 41.75 30.940000534057617 AB 1.362121486835956 1.0894066810204925
62389.2382 lsst_hardware_z -84.04652631447549 41.70000076293945 30.940000534057617 AB 4.002542539703491 1.0896213810445075
62389.2499 lsst_hardware_i -17.447196615229117 30.709999084472656 31.229999542236328 AB 4.056640178671834 1.1031972565848251
62390.2379 lsst_hardware_u 2.661526729518406 2.609999895095825 28.3700008392334 AB 2.438739859256069 1.0921360766932686
62390.2496 lsst_hardware_g -4.509022785359945 13.5 31.3799991607666 AB 2.462867022765074 1.1064921105646157
62393.2334 lsst_hardware_r 31.851980736116694 22.3799991607666 31.479999542236328 AB 1.338807446339667 1.0962599355904037
62393.2455 lsst_hardware_i -41.522869896196006 30.770000457763672 31.239999771118164 AB 1.3420400079305412 1.1124183252861695
62395.2455 lsst_hardware_z 13.529659743843975 64.27999877929688 31.700000762939453 AB 3.6450233647640737 1.1210857180946283
62399.255 lsst_hardware_i -142.85262596818387 71.04000091552734 31.309999465942383 AB 8.015500983733373 1.1616668092367208
62399.2668 lsst_hardware_z -155.31302183736742 65.68000030517578 30.959999084472656 AB 8.221572224695342 1.1915322064775857
62404.0433 lsst_hardware_y -111.75023812598944 102.93000030517578 31.489999771118164 AB 5.521588190970401 1.2504540328310376
62407.0297 lsst_hardware_z 22.05219817579929 44.18000030517578 30.920000076293945 AB 5.978839541463609 1.270201729650225
62407.0389 lsst_hardware_r -29.348483797918366 22.81999969482422 31.440000534057617 AB 5.881800681990252 1.237405473069478
62413.1181 lsst_hardware_r -8.57071582648892 22.049999237060547 31.479999542236328 AB 2.2529209269112616 1.0728194890053626
62413.1303 lsst_hardware_u 0.2574692427852028 2.5799999237060547 28.3700008392334 AB 1.954707047511093 1.070143919436704
62414.1824 lsst_hardware_g -10.78200645583431 13.220000267028809 31.3799991607666 AB 6.858129271179124 1.104220464968949
62414.194 lsst_hardware_r -7.1638659545664805 22.299999237060547 31.479999542236328 AB 7.036029813175256 1.1217265545117985
62416.222 lsst_hardware_z -35.37597733984453 42.97999954223633 30.93000030517578 AB 4.923668222420569 1.1960327665800456
62416.2335 lsst_hardware_u 1.3977847804023265 2.5299999713897705 28.270000457763672 AB 4.994641067266698 1.2309651428876642
62418.1374 lsst_hardware_r -1.3022179084581493 22.110000610351562 31.489999771118164 AB 3.7714260779428805 1.0740468693858896
62418.1495 lsst_hardware_g -20.618254002689323 13.229999542236328 31.389999389648438 AB 3.8090217667757127 1.0812892979113808
62420.2195 lsst_hardware_i 11.729402593911438 31.489999771118164 31.219999313354492 AB 4.395919625147899 1.2210887847633052
62420.2306 lsst_hardware_z 18.684088459680456 43.810001373291016 30.93000030517578 AB 4.53112812760003 1.2586467021111194
62425.163 lsst_hardware_y 148.22009493897752 50.310001373291016 30.020000457763672 AB 8.811192268524968 1.120126142510722
62425.1737 lsst_hardware_r 38.61095846768308 50.08000183105469 31.600000381469727 AB 8.638678911777449 1.1395295966992867
62427.1584 lsst_hardware_i 62.107699645192255 56.95000076293945 31.309999465942383 AB 6.88917785124235 1.1215592757415302
62427.169 lsst_hardware_z -49.860354662440855 56.029998779296875 30.969999313354492 AB 6.657437919461141 1.1410468625351171
62429.1604 lsst_hardware_r -77.22586241417231 82.27999877929688 31.6299991607666 AB 3.780772963176026 1.1349128366548007
62429.1711 lsst_hardware_z -30.9051414369429 61.119998931884766 30.969999313354492 AB 2.6472423610345217 1.157137956959686
62433.1588 lsst_hardware_r -30.229514095057176 72.98999786376953 31.6200008392334 AB 3.312172787968226 1.1540671735080927
62433.1691 lsst_hardware_i 61.305099017162206 58.83000183105469 31.299999237060547 AB 2.8316552260337784 1.1786286060500994
62437.1439 lsst_hardware_r 1.256061471814364 22.639999389648438 31.469999313354492 AB 3.220145705913933 1.1455516563194355
62437.1541 lsst_hardware_u 0.7211503709045215 2.5999999046325684 28.329999923706055 AB 3.438591416405085 1.1684628475072543
62438.1432 lsst_hardware_g 0.5929530080093278 13.350000381469727 31.3700008392334 AB 3.303091772964759 1.1498346854135852
62438.154 lsst_hardware_r -5.156143560415409 22.59000015258789 31.469999313354492 AB 3.365264902240053 1.1749542864963816
62440.1435 lsst_hardware_i -2.7773910863391005 30.959999084472656 31.229999542236328 AB 4.333513643395788 1.1627350800630711
62440.1541 lsst_hardware_z 21.842809175782424 42.70000076293945 30.93000030517578 AB 4.461823693347991 1.1895024509060863
62442.1488 lsst_hardware_r 20.631000639229427 22.75 31.450000762939453 AB 4.640774264268116 1.1899421190431068
62442.1604 lsst_hardware_g -2.075638050548208 13.449999809265137 31.329999923706055 AB 4.774286478768892 1.2241760201971519
62454.0485 lsst_hardware_z 8.333878969919041 46.97999954223633 30.959999084472656 AB 4.1555571438407615 1.0793654919066913
62454.0603 lsst_hardware_i -12.228550685397051 42.02000045776367 31.290000915527344 AB 4.1307379574417125 1.0892338817198286
