data/validation/pwv_sim_epoch_fit_4/26235490.ecsv
# %ECSV 0.9
# ---
# datatype:
# - {name: time, datatype: float64}
# - {name: band, datatype: string}
# - {name: flux, datatype: float64}
# - {name: fluxerr, datatype: float64}
# - {name: zp, datatype: float64}
# - {name: zpsys, datatype: string}
# - {name: pwv, datatype: float64}
# - {name: airmass, datatype: float64}
# meta: {SNID: '26235490', alt: 1024.0, c: 0.027270033955574036, dec: 0.596842, lat: -30.244573, lon: -70.7499537, ra: 10.722656, t0: 60952.9296875,
#   x0: 5.9745573559654735e-06, x1: 1.505378007888794, z: 0.5699191689491272}
# schema: astropy-2.0
time band flux fluxerr zp zpsys pwv airmass
60859.4174 lsst_hardware_g 3.1828868733371882 16.639999389648438 31.440000534057617 AB 8.288028595815407 1.1840040851164866
60859.4385 lsst_hardware_z -16.131514721940867 49.880001068115234 30.950000762939453 AB 8.171147197961378 1.1673067425659112
60862.4134 lsst_hardware_i 3.5900038239863528 33.790000915527344 31.239999771118164 AB 5.878756304627406 1.1789737892828054
60862.4321 lsst_hardware_y -44.29837743017746 50.36000061035156 30.010000228881836 AB 6.14033961856751 1.1668658118803419
60864.415 lsst_hardware_r -14.068822943674036 25.760000228881836 31.5 AB 1.6519725726156538 1.172443273680379
60864.4338 lsst_hardware_y -81.3636067788701 51.290000915527344 30.010000228881836 AB 2.4965087110522557 1.166592855632008
60869.3998 lsst_hardware_z -19.25638334035978 63.91999816894531 30.969999313354492 AB 7.209099335914954 1.1736743912598286
60869.42 lsst_hardware_y 61.42715490492647 55.38999938964844 30.010000228881836 AB 7.469210503945971 1.166578067046955
60871.4183 lsst_hardware_y -207.69288024792436 79.95999908447266 30.770000457763672 AB 5.365317891362885 1.1673674087783916
60876.3738 lsst_hardware_g 22.60357416955608 17.940000534057617 31.479999542236328 AB 3.234687440130352 1.1805428613614422
60876.3946 lsst_hardware_r 10.845789698990803 26.739999771118164 31.510000228881836 AB 5.469770694343271 1.1667392205791147
60880.372 lsst_hardware_r 27.534116719123965 25.299999237060547 31.5 AB 5.969138209497092 1.171951219142099
60880.3924 lsst_hardware_u -1.1763826253485656 2.8499999046325684 28.440000534057617 AB 6.220505134527826 1.1670193958121715
60882.3674 lsst_hardware_g -3.923111006270408 22.079999923706055 32.16999816894531 AB 8.363822360911794 1.1713490071768535
60882.3888 lsst_hardware_i -14.808632703402758 46.20000076293945 31.979999542236328 AB 7.878946134321994 1.1675395605317849
60887.3672 lsst_hardware_u -1.304156619002148 2.8399999141693115 28.440000534057617 AB 4.55734346821152 1.1664559683162323
60887.3881 lsst_hardware_g 28.6846858562844 15.640000343322754 31.43000030517578 AB 5.26265238480316 1.1756833029440181
60889.3651 lsst_hardware_r 7.8833192371921665 24.719999313354492 31.489999771118164 AB 1.6775074694362837 1.166555959274189
60889.3854 lsst_hardware_i 14.606071988794007 32.5099983215332 31.239999771118164 AB 2.198613718387036 1.1784600956157063
60893.2903 lsst_hardware_r -32.59536824836476 84.02999877929688 32.34000015258789 AB 1.609747716645818 1.2608166960217881
60893.3144 lsst_hardware_z -31.701401566757692 73.87000274658203 31.700000762939453 AB 3.2671062544802343 1.1999655684917607
60895.3324 lsst_hardware_z -39.6111213621827 62.849998474121094 30.969999313354492 AB 2.9794836467002033 1.1710272422510237
60895.3528 lsst_hardware_i -97.65781239924355 68.69999694824219 31.299999237060547 AB 2.856017203619694 1.1673890061801324
60898.3271 lsst_hardware_z 61.78738266869116 84.30000305175781 30.979999542236328 AB 6.576872473016492 1.1693257130440915
60898.3459 lsst_hardware_r 70.45970219812638 119.68000030517578 31.6299991607666 AB 6.306200554569562 1.1678149175128818
60900.3252 lsst_hardware_y 242.91594749200152 84.69000244140625 30.770000457763672 AB 4.242511528556864 1.167770858397155
60903.3093 lsst_hardware_r 83.07801917341543 35.970001220703125 31.56999969482422 AB 5.642779614053742 1.1718965640720118
60903.3296 lsst_hardware_i -71.70722111086756 38.529998779296875 31.270000457763672 AB 5.617206876234401 1.1670299436419054
60905.3236 lsst_hardware_z 32.99406181076608 43.72999954223633 30.940000534057617 AB 3.860433687839405 1.1669111124731824
60905.3428 lsst_hardware_r 14.185097501402245 25.299999237060547 31.479999542236328 AB 4.609616080370833 1.1796590596159175
60907.2524 lsst_hardware_r 51.01180984801581 24.8799991607666 31.479999542236328 AB 1.9573750341792022 1.259774760533678
60907.2705 lsst_hardware_u 4.654519800369486 2.7300000190734863 28.360000610351562 AB 1.8557457942790974 1.2112564335789595
60911.2949 lsst_hardware_z -28.590629537473575 43.650001525878906 30.940000534057617 AB 3.633349679747949 1.1678728244978125
60911.3166 lsst_hardware_r 5.933294388997928 24.6299991607666 31.489999771118164 AB 3.6395016084997343 1.1709480213951635
60913.2562 lsst_hardware_u 0.2675795429331568 2.7200000286102295 28.34000015258789 AB 2.6798609119083863 1.2069180312591719
60913.2719 lsst_hardware_g -14.965821310364237 15.260000228881836 31.399999618530273 AB 2.6058530094453034 1.1816141215743516
60931.2007 lsst_hardware_u 3.688277043111061 4.022895888180121 28.56999969482422 AB 2.620969835686643 1.2209486812204857
60931.2176 lsst_hardware_g 100.02988710646684 31.36868050355921 31.59000015258789 AB 2.820757820947472 1.1885215537700025
60933.1964 lsst_hardware_r 635.9065463966855 36.10862475867955 31.479999542236328 AB 1.169488604782864 1.2182172966488167
60933.2149 lsst_hardware_i 532.4324566881544 40.92240990704782 31.239999771118164 AB 0.9018228306925209 1.18466053292942
60937.181 lsst_hardware_i 982.9516177387301 45.547814902532735 31.229999542236328 AB 7.513070496182849 1.2291992195101873
60937.2001 lsst_hardware_u -12.366464084293552 4.159845668247122 28.399999618530273 AB 7.281637511256197 1.1901990047819873
60939.1802 lsst_hardware_g 396.6632310982526 25.115190707171305 31.40999984741211 AB 5.396470295190591 1.2177983214664359
60939.2005 lsst_hardware_r 1374.816002310925 45.07542943489404 31.479999542236328 AB 5.255735782545167 1.182126806690541
60942.1774 lsst_hardware_i 1415.2057874055765 50.19946875250168 31.229999542236328 AB 4.540611030223802 1.2061657670933863
60942.1966 lsst_hardware_r 1685.1852040732667 48.68515693837748 31.489999771118164 AB 4.4043001588720365 1.1773055757476707
60946.1784 lsst_hardware_r 2060.309492506347 51.90971154907968 31.5 AB 5.321795341776115 1.1860255195712395
60946.1975 lsst_hardware_i 1724.1451913526926 52.24875426571804 31.239999771118164 AB 5.37182447282298 1.1686347656614036
60951.1807 lsst_hardware_z 2666.45908348353 92.67151860305823 31.709999084472656 AB 3.3407992917824005 1.170294006929846
60954.1408 lsst_hardware_z 1382.1218864927678 115.1990744643162 30.979999542236328 AB 5.2380876144582595 1.214277047686731
60954.1597 lsst_hardware_r 2210.041295865881 166.266433097164 31.6299991607666 AB 5.095928207598099 1.1819385846221655
60956.1415 lsst_hardware_i 1954.9996515470978 122.92417525274867 31.309999465942383 AB 5.965180574168036 1.2016479249625052
60956.1588 lsst_hardware_r 2248.1054864939665 151.7173832007429 31.6299991607666 AB 5.86085700547411 1.1768789167618694
60960.1412 lsst_hardware_r 1713.7973474169153 48.63059133553722 31.489999771118164 AB 7.153838247301626 1.1846391268680416
60960.1589 lsst_hardware_i 1727.270253671976 51.650293982123785 31.239999771118164 AB 7.0783068906930495 1.168808931752485
60964.1412 lsst_hardware_u 0.1391154178466049 2.983679959758252 28.440000534057617 AB 9.15347933042629 1.1730843377488702
60964.1573 lsst_hardware_g 242.15318252223665 22.210040018908906 31.450000762939453 AB 9.093567950170424 1.1664651566226092
60966.138 lsst_hardware_r 1486.4146712819893 45.091586195742664 31.489999771118164 AB 7.1614483698596185 1.1714154526637146
60966.1554 lsst_hardware_z 1201.9834489017949 54.74665210686955 30.940000534057617 AB 7.155787105863723 1.1666410150312725
60969.1081 lsst_hardware_i 1203.2606850210148 48.0859127543771 31.229999542236328 AB 3.2605802012514706 1.19782526909613
60971.0543 lsst_hardware_u -2.8877455332726427 2.778478486530284 28.299999237060547 AB 5.8908987484937985 1.3560220402817054
60971.0679 lsst_hardware_g 149.47706569043606 19.462063845411887 31.389999389648438 AB 5.6332567187854306 1.2948527109032586
60973.1099 lsst_hardware_r 953.347785439887 39.860680146936076 31.489999771118164 AB 5.33235221887061 1.179506481593553
60973.1265 lsst_hardware_i 1128.6489727662133 45.83680032192663 31.239999771118164 AB 5.117593916952602 1.1675785121477018
60975.1089 lsst_hardware_z 824.0738436831482 52.58090716289642 30.93000030517578 AB 5.000805921535801 1.1750013913383561
60975.1261 lsst_hardware_r 842.2596213673472 38.65829633251241 31.489999771118164 AB 4.4085296496564474 1.1665348576819707
60977.1057 lsst_hardware_z 821.7326625956468 53.156902870598785 30.940000534057617 AB 3.4551318579986705 1.1730868689446077
60977.1228 lsst_hardware_g 76.46806468043273 27.63379248583004 31.559999465942383 AB 3.373772828849543 1.1664536690732545
60990.0829 lsst_hardware_i 406.16859537281175 39.015336581431924 31.239999771118164 AB 4.046241359150053 1.1668484165578086
60990.1014 lsst_hardware_r 302.41927870361224 30.12912636536261 31.479999542236328 AB 2.381612140600948 1.1712846593119417
60992.0554 lsst_hardware_z 571.9775355524695 50.25632205405707 30.940000534057617 AB 5.1437562072057235 1.1826086233375004
60992.0728 lsst_hardware_u 4.499268487716999 2.89988700227035 28.389999389648438 AB 5.045946585023152 1.1682460114657673
60994.0587 lsst_hardware_g 22.76703461491765 16.082785027953523 31.43000030517578 AB 6.198125306568339 1.1735539726532875
60994.076 lsst_hardware_r 251.97331180971386 29.28327094440897 31.5 AB 6.216011966126021 1.1664499842608407
60996.059 lsst_hardware_i 429.37254788942244 37.778644425156074 31.239999771118164 AB 4.36940855470414 1.1696201712387686
60996.0792 lsst_hardware_z 535.1482935092831 49.67957901381398 30.940000534057617 AB 4.2982369383011125 1.168157885120859
60998.06 lsst_hardware_i 373.41015294648014 37.31661664762935 31.239999771118164 AB 5.486035012044537 1.1670759492365088
60998.0815 lsst_hardware_u 1.6538182337733514 3.219929093980756 28.3799991607666 AB 5.531848923434663 1.1726851287158118
61000.0605 lsst_hardware_g -8.428139328982633 15.618192800091412 31.399999618530273 AB 4.535788116199405 1.1664621618103759
61000.0803 lsst_hardware_r 151.5326854145295 27.983588447154528 31.469999313354492 AB 4.525392081823849 1.176394111647873
61003.0225 lsst_hardware_y 215.7781285810365 66.92026664621474 30.020000457763672 AB 9.25068013463086 1.1863902361445187
61007.0264 lsst_hardware_y 267.06961205768704 64.25589040984113 30.010000228881836 AB 5.1765876538787525 1.171173677348134
61007.0415 lsst_hardware_r 157.26288065422614 40.475716635814855 31.559999465942383 AB 5.186398045792753 1.1664656836193992
61010.0297 lsst_hardware_y 27.11159964253885 68.41904172827026 30.020000457763672 AB 8.557147742971415 1.1666186425318903
61010.0481 lsst_hardware_z 332.0363983321949 76.54912273010137 30.969999313354492 AB 9.78498846019593 1.1722058652525822
61224.4157 lsst_hardware_z 24.880129766561094 60.70000076293945 30.959999084472656 AB 7.683762434305442 1.187353832436197
61224.4352 lsst_hardware_y -17.904682050849733 58.08000183105469 30.010000228881836 AB 8.182378272610329 1.1689111818014757
61232.4088 lsst_hardware_r 62.067437491507604 25.90999984741211 31.510000228881836 AB 10.68483337418947 1.171582606819021
61232.4291 lsst_hardware_y 27.98410902724319 49.470001220703125 30.010000228881836 AB 10.747863626158654 1.1672099360522712
61234.4108 lsst_hardware_g 6.88672886895821 16.31999969482422 31.440000534057617 AB 7.133091821393538 1.1677321472363784
61234.4314 lsst_hardware_z -155.06946822570026 45.220001220703125 30.940000534057617 AB 7.555302858013558 1.170638806633647
61239.3748 lsst_hardware_z -44.90517581926706 44.310001373291016 30.93000030517578 AB 1.8494039113373613 1.187291190672391
61239.3962 lsst_hardware_r 45.901232495814945 25.450000762939453 31.479999542236328 AB 2.171753386091237 1.1680803475010015
61247.3672 lsst_hardware_r 11.737805919224613 46.0099983215332 31.579999923706055 AB 8.337980036670869 1.1720522964114237
61247.3884 lsst_hardware_y -87.26957896385056 49.9900016784668 30.0 AB 7.811580411771975 1.1672867809136536
61250.3719 lsst_hardware_z -37.41261306497334 64.52999877929688 30.969999313354492 AB 4.906148396875456 1.1666491114954316
61250.3911 lsst_hardware_r 85.19755349508326 90.08000183105469 31.6200008392334 AB 5.513263305559165 1.173034745863652
61252.3711 lsst_hardware_i 86.0938088175349 82.54000091552734 31.309999465942383 AB 4.553870386589321 1.1666121138950485
61252.3925 lsst_hardware_z -111.71953627697698 72.97000122070312 30.969999313354492 AB 5.4240469832386635 1.179568028250525
61257.3256 lsst_hardware_z -33.328612309474856 53.25 30.950000762939453 AB 1.9280154330096901 1.1873844083200555
61257.3455 lsst_hardware_g 112.25506066970583 48.619998931884766 31.65999984741211 AB 2.4168730366743834 1.1687477912590207
61259.3229 lsst_hardware_r 16.79434994192946 28.3799991607666 31.510000228881836 AB 4.934197056877059 1.1836391468600014
61259.3434 lsst_hardware_z 15.66900979118046 44.95000076293945 30.940000534057617 AB 4.968962754415263 1.1674737254372707
61262.3294 lsst_hardware_r -57.595759082885166 24.770000457763672 31.489999771118164 AB 5.6394751572470145 1.170015592789837
61262.3478 lsst_hardware_u -1.2678609162134817 2.740000009536743 28.3700008392334 AB 5.985131218587325 1.1673938953407328
61267.3215 lsst_hardware_i -38.518172197753096 32.45000076293945 31.239999771118164 AB 5.52984609284283 1.167496272108694
61267.3422 lsst_hardware_z 47.47968163516433 43.5099983215332 30.940000534057617 AB 6.550724325121259 1.1712362462222883
61269.3195 lsst_hardware_r -36.549167703738235 24.889999389648438 31.5 AB 4.874197322926546 1.1667271977004416
61269.3384 lsst_hardware_u -5.493207564411124 2.759999990463257 28.3799991607666 AB 5.199934181235015 1.1724106152382343
61273.3242 lsst_hardware_g 19.74133451234407 15.170000076293945 31.40999984741211 AB 1.7592314116054604 1.1702204511791208
61273.3448 lsst_hardware_i 0.04198777966148221 32.459999084472656 31.229999542236328 AB 2.191568683972376 1.1926904402570753
61275.2815 lsst_hardware_r 12.433314486600013 45.939998626708984 31.59000015258789 AB 2.2639626455848694 1.180838516408851
61275.3019 lsst_hardware_z 25.15829917996664 47.45000076293945 30.950000762939453 AB 2.340487116932258 1.1669372362966222
61277.2769 lsst_hardware_r -7.055383080380696 66.19999694824219 31.610000610351562 AB 3.866754827480187 1.1798478928438325
61277.2964 lsst_hardware_y 67.86454418927028 52.13999938964844 30.010000228881836 AB 2.786667459294174 1.166946172233741
61279.2472 lsst_hardware_z -83.46553937468963 74.73999786376953 30.969999313354492 AB 3.5358549588108654 1.2224922065728474
61279.2645 lsst_hardware_r 127.12339398964198 108.5999984741211 31.6299991607666 AB 3.0911472086652005 1.1889027725635386
61285.26 lsst_hardware_i -57.894850933092485 55.470001220703125 31.299999237060547 AB 3.407870889953841 1.1748578108321677
61285.277 lsst_hardware_z 26.52998877436309 55.93000030517578 30.959999084472656 AB 3.410745105038915 1.1665984853627573
61287.2416 lsst_hardware_z 38.1491872392039 44.91999816894531 30.940000534057617 AB 1.9436904507289159 1.1905004802341257
61287.2603 lsst_hardware_r 31.238390350777056 29.950000762939453 31.530000686645508 AB 2.6381755620473806 1.1705282387255591
61298.1963 lsst_hardware_i -53.53963222199967 33.099998474121094 31.239999771118164 AB 1.2811725679981263 1.220164350474406
61298.2152 lsst_hardware_u -1.1167758272359176 2.8399999141693115 28.440000534057617 AB 0.8756159462544767 1.1852669323266551
61304.1954 lsst_hardware_z 14.185783795969225 69.48999786376953 31.700000762939453 AB 5.201870451631497 1.1901778031495918
61306.1844 lsst_hardware_z 39.182959026933275 58.310001373291016 30.959999084472656 AB 2.3108783420318373 1.1994178245839986
61306.2041 lsst_hardware_r 4.369951233992631 71.45999908447266 31.6200008392334 AB 2.277831866167594 1.1736359980250683
61310.1774 lsst_hardware_i -233.1484757362379 137.5800018310547 31.31999969482422 AB 4.745202823334357 1.1927115303090623
61310.1971 lsst_hardware_z -142.0804554013858 112.69000244140625 30.989999771118164 AB 4.651335557503832 1.1707854740539074
61312.1736 lsst_hardware_z 92.43625210630424 72.13999938964844 30.969999313354492 AB 4.767000925723631 1.1901138249215792
61312.1934 lsst_hardware_r 83.82565318274766 96.05000305175781 31.6299991607666 AB 4.73024857397249 1.1697437020909818
61314.1762 lsst_hardware_i -5.360233706270426 43.720001220703125 31.270000457763672 AB 5.590525558049717 1.1794979815496
