data/validation/pwv_sim_epoch_fit_4/26416358.ecsv
# %ECSV 0.9
# ---
# datatype:
# - {name: time, datatype: float64}
# - {name: band, datatype: string}
# - {name: flux, datatype: float64}
# - {name: fluxerr, datatype: float64}
# - {name: zp, datatype: float64}
# - {name: zpsys, datatype: string}
# - {name: pwv, datatype: float64}
# - {name: airmass, datatype: float64}
# meta: {SNID: '26416358', alt: 1024.0, c: -0.10832582414150238, dec: -9.594068, lat: -30.244573, lon: -70.7499537, ra: 175.957031, t0: 62558.92578125,
#   x0: 1.0475150291084013e-05, x1: 0.8518341779708862, z: 0.4508003294467926}
# schema: astropy-2.0
time band flux fluxerr zp zpsys pwv airmass
62516.3453 lsst_hardware_i -24.889956752820474 31.969999313354492 31.25 AB 5.7594228609949045 1.0768966675798382
62516.3651 lsst_hardware_y -40.569296994818735 58.83000183105469 30.049999237060547 AB 5.724345312392067 1.0675765222663312
62518.3582 lsst_hardware_i -30.546466546370052 33.34000015258789 31.260000228881836 AB 2.455800641026046 1.0677394091417591
62520.3543 lsst_hardware_z -20.846184031439154 61.5099983215332 30.979999542236328 AB 6.587406648127256 1.0675644839360272
62520.374 lsst_hardware_y 277.3235603361146 81.12000274658203 30.049999237060547 AB 6.6177037986872875 1.0734602933878623
62522.3538 lsst_hardware_i -0.568540202912612 80.94999694824219 31.329999923706055 AB 11.998777175877253 1.0676335130985812
62522.3741 lsst_hardware_y -177.18275853199282 77.94999694824219 30.059999465942383 AB 12.105973685570808 1.0778750239423194
62524.3566 lsst_hardware_z 94.98147838836938 107.81999969482422 31.739999771118164 AB 10.021877681061625 1.0698561709166465
62526.3508 lsst_hardware_r 9.601998527431732 66.95999908447266 31.639999389648438 AB 10.200594342495915 1.0697118946950186
62526.3712 lsst_hardware_y -29.989843330477722 61.47999954223633 30.040000915527344 AB 10.53585452664842 1.0864505827943718
62528.2862 lsst_hardware_z 28.574182173292318 44.529998779296875 30.950000762939453 AB 12.8338463360174 1.1141378150186199
62528.303 lsst_hardware_r -39.40573906725894 33.06999969482422 31.56999969482422 AB 12.908325990271885 1.0869559034107743
62532.3232 lsst_hardware_r 64.06682878557221 24.62099818341425 31.5 AB 11.466841655528698 1.067477346446533
62532.34 lsst_hardware_z 34.53403962731314 42.45406649512367 30.950000762939453 AB 12.34071416913342 1.072639215048537
62534.3239 lsst_hardware_r 102.5401075256443 25.91330759806526 31.5 AB 9.157177933802826 1.068100070039226
62534.3418 lsst_hardware_u 2.730328413929787 3.6374990269610823 28.420000076293945 AB 10.614978873556433 1.0782922897687965
62540.2969 lsst_hardware_z 475.2873203566133 46.536582223645645 30.940000534057617 AB 8.745677294105418 1.0679351954703784
62540.3156 lsst_hardware_r 1045.3069041718147 39.718994563175116 31.5 AB 8.731768301130112 1.0711416615235976
62542.2981 lsst_hardware_u -6.637132624359298 3.447283249240409 28.40999984741211 AB 3.1465410572347863 1.0675287725987495
62542.3181 lsst_hardware_g 667.5501136037242 30.5492911199224 31.440000534057617 AB 3.172683138485258 1.0766415265489253
62544.2954 lsst_hardware_z 755.2482101205478 50.40128912843857 30.950000762939453 AB 6.493483099775893 1.067860726289044
62544.3118 lsst_hardware_r 1950.0252850575655 50.19442136765708 31.510000228881836 AB 6.542174147360192 1.0759417497200456
62545.2886 lsst_hardware_u -1.6944688298068904 2.9467502354315527 28.420000076293945 AB 5.65982753939691 1.0674723846406746
62545.307 lsst_hardware_g 1133.1547741781178 37.19517198760314 31.450000762939453 AB 6.123729871945063 1.0743385740254496
62547.2702 lsst_hardware_z 1212.5628994651274 61.21228082285938 30.969999313354492 AB 3.5887952692304492 1.0704833017838775
62547.2867 lsst_hardware_r 3043.122917462214 73.00341798232117 31.6200008392334 AB 3.4649331284716984 1.0677760026106928
62549.2774 lsst_hardware_i 2020.7882479329726 92.18388808287425 31.329999923706055 AB 4.746228047873444 1.0674676520379
62549.2952 lsst_hardware_z 1383.291708615395 79.43278625780444 30.979999542236328 AB 5.278168897890746 1.0737078619204772
62551.2737 lsst_hardware_r 4206.326471720256 161.6060690545577 31.65999984741211 AB 2.6892163147809245 1.0675376551447646
62551.2909 lsst_hardware_z 1820.998008448495 105.95066135637401 31.0 AB 2.7106275615010853 1.0745443076876555
62553.2749 lsst_hardware_z 1771.7304959712276 88.62595132228473 30.989999771118164 AB 5.466458859648383 1.0688855518295681
62553.292 lsst_hardware_i 2443.573765597513 102.90884315985053 31.329999923706055 AB 6.9970355186846565 1.0802895659540923
62555.2681 lsst_hardware_z 1772.4031153771257 65.47134149860581 30.959999084472656 AB 11.382654051751237 1.0684761074251385
62555.2856 lsst_hardware_r 4287.445731453874 86.54539362077138 31.6299991607666 AB 11.497876972290355 1.0793594904755086
62558.2668 lsst_hardware_y 627.518670812515 52.549259268717286 30.040000915527344 AB 6.947787352530064 1.0713214374974036
62558.2852 lsst_hardware_g 2026.6540685125385 49.395641114422865 31.549999237060547 AB 7.0633706912923095 1.088165153422101
62560.2652 lsst_hardware_r 3869.0848530275944 66.5708378734883 31.510000228881836 AB 5.885635444379183 1.0737271630720029
62560.2846 lsst_hardware_i 2418.064785966932 58.61861554698291 31.25 AB 5.992487930729492 1.0949516577146803
62562.2407 lsst_hardware_i 2404.4593853287984 58.28638195919691 31.25 AB 3.507041362639707 1.0674841809982873
62562.259 lsst_hardware_z 1853.4734170748357 59.461452477753056 30.950000762939453 AB 3.727293451535847 1.0732201127370709
62564.2386 lsst_hardware_r 3580.245515385124 64.37550707170598 31.510000228881836 AB 5.973920259989002 1.067565794785823
62564.2565 lsst_hardware_u 6.7056362181158935 3.6016205603760665 28.420000076293945 AB 6.259505695871722 1.0753778629681263
62565.2363 lsst_hardware_g 1301.8919265282325 38.606892729664935 31.440000534057617 AB 11.60702905951236 1.0676075293885616
62565.2538 lsst_hardware_i 2301.8126089751017 57.150182222325306 31.239999771118164 AB 11.14259397971983 1.0754015551138685
62567.2423 lsst_hardware_z 1664.9104469459287 57.728709598990065 30.940000534057617 AB 10.369147016757953 1.0713588899889397
62567.2597 lsst_hardware_r 3139.7698299491494 61.57347563703187 31.5 AB 10.539557188616612 1.0869818507606015
62569.2319 lsst_hardware_u 6.14237600157969 3.3648001145331317 28.360000610351562 AB 9.421057093022918 1.0691167831392387
62569.2486 lsst_hardware_g 1019.041693836199 34.477451165608386 31.440000534057617 AB 9.514988427659267 1.0805733266321416
62573.2288 lsst_hardware_r 2577.8240609985905 55.53378885504152 31.510000228881836 AB 14.867530689752808 1.073106343693062
62573.2478 lsst_hardware_i 1922.4335153572456 53.460770413146534 31.25 AB 15.445167264389253 1.0930246695878412
62576.2014 lsst_hardware_i 1802.0258540872169 69.50521507848828 31.309999465942383 AB 8.469202527680764 1.0675465371026174
62576.2204 lsst_hardware_z 1254.496923106529 64.2165245834215 30.969999313354492 AB 8.943543798439485 1.0729677435542717
62577.2327 lsst_hardware_z 1115.8089715424621 72.48414981451987 30.979999542236328 AB 8.999273930679747 1.0873612965630162
62577.251 lsst_hardware_r 2293.211219884849 97.88554803045348 31.6299991607666 AB 8.831143738636735 1.1178662960299663
62579.2017 lsst_hardware_z 1374.8982982079951 114.10220607530644 31.0 AB 6.757513670251104 1.068240864747902
62579.2213 lsst_hardware_i 1990.338742666088 136.6737383718073 31.34000015258789 AB 7.31548821506482 1.0805743301425017
62581.1614 lsst_hardware_z 1140.8932270308512 94.11918550584132 30.989999771118164 AB 5.672641405446164 1.0832542467433797
62581.1804 lsst_hardware_r 1848.5107512442737 136.57410190482548 31.65999984741211 AB 5.666697867242506 1.0691882768382088
62583.2113 lsst_hardware_y 697.3021743546888 76.56855525297223 30.790000915527344 AB 6.999669078485273 1.0815310689872177
62585.1359 lsst_hardware_r 1178.5809159391158 47.33222025852665 31.549999237060547 AB 9.34820553816962 1.1041404993999433
62585.1538 lsst_hardware_i 1225.6809883979645 51.53306293952067 31.270000457763672 AB 9.223227190254281 1.0797503149443084
62590.0036 lsst_hardware_z 2242.8581009698337 99.90084654999845 32.040000915527344 AB 11.258570994219355 1.8799795715606178
62590.0207 lsst_hardware_r 1509.6810311734084 52.53479038297564 32.130001068115234 AB 9.686925747936348 1.6466895537063149
62595.1765 lsst_hardware_r 1211.3696070157055 48.64938047794379 32.2599983215332 AB 4.967138818132026 1.0794607884672083
62595.1958 lsst_hardware_u 6.928359768268491 4.465262786949273 29.100000381469727 AB 5.0101016140246015 1.1061047828732977
62597.1657 lsst_hardware_g 122.74233190924514 18.93910653119935 31.459999084472656 AB 12.45299648497749 1.0748313900377602
62597.1852 lsst_hardware_r 463.7221334147858 33.57099081038521 31.510000228881836 AB 15.042578439742258 1.0974376916715736
62599.1673 lsst_hardware_i 865.3998706646928 42.10264705495905 31.25 AB 9.20640878809665 1.081198918155736
62599.1867 lsst_hardware_z 718.5740316556404 49.94381272099528 30.940000534057617 AB 9.495157159118122 1.1094633486798195
62603.1535 lsst_hardware_r 410.9729146291215 44.725923296910466 31.610000610351562 AB 6.7936647772707275 1.078359488455671
62603.1705 lsst_hardware_i 628.3101689725053 47.16752214272113 31.290000915527344 AB 7.150939039986626 1.10014446769025
62605.1528 lsst_hardware_z 595.4491578571248 64.09889442460694 30.979999542236328 AB 5.363294556319032 1.0832385410143803
62605.1693 lsst_hardware_i 704.3718162105839 67.00891475564626 31.31999969482422 AB 6.137864602118337 1.1075679346990277
62607.0854 lsst_hardware_r 499.2437259812731 133.0041553440287 31.65999984741211 AB 17.396257072530624 1.089399474337074
62607.1032 lsst_hardware_z 585.71569036376 92.93119091460876 31.0 AB 17.109559236830556 1.072206670088813
62609.1297 lsst_hardware_y 209.64738594606868 66.45998341426568 30.049999237060547 AB 12.564197851568384 1.072579635612804
62609.1472 lsst_hardware_r 468.33780210079016 133.05177072066337 31.649999618530273 AB 12.767409183670273 1.0898033218861556
62613.1248 lsst_hardware_i 421.6236270220255 47.91898708412939 31.290000915527344 AB 9.87632074780734 1.0771034696605357
62613.1423 lsst_hardware_z 527.7850443349939 52.051187791821725 30.959999084472656 AB 11.135746005917861 1.098687386504648
62615.0607 lsst_hardware_r 285.0173095022973 29.09319484295034 31.5 AB 10.122511111075324 1.0933798996625075
62615.0697 lsst_hardware_g 94.40062906351585 17.502149240327764 31.43000030517578 AB 10.053428233136287 1.082002715722573
62617.1156 lsst_hardware_r 267.82700879260614 28.669044247040894 31.5 AB 10.570904701710191 1.0786637450724683
62617.1351 lsst_hardware_i 406.1358956591289 37.11394285711073 31.25 AB 9.614767602423816 1.1049763563926676
62619.1166 lsst_hardware_z 284.4138892629945 46.22438580318656 30.940000534057617 AB 2.514606768832656 1.0855979718661632
62619.135 lsst_hardware_i 432.83526648702446 37.16663686050722 31.239999771118164 AB 2.3410631758306755 1.115146003094955
62621.1122 lsst_hardware_u -7.2705307469794604 3.208774177053932 28.450000762939453 AB 11.324432043603892 1.0869020101357032
62621.1307 lsst_hardware_g 54.42202453735042 16.823892470111314 31.40999984741211 AB 11.66808761567732 1.1175258706711348
62624.0864 lsst_hardware_g 59.10866583894072 16.75491136457636 31.459999084472656 AB 14.071371969272885 1.0712067577095679
62624.1045 lsst_hardware_r 218.2227813642802 28.47508403785155 31.5 AB 14.31396637022426 1.0875221372302022
62626.0832 lsst_hardware_i 295.197229747615 36.44900116737792 31.260000228881836 AB 9.668478697756857 1.0725275881256682
62626.1006 lsst_hardware_z 252.20348415750829 45.850209125167744 30.950000762939453 AB 10.078965490957973 1.0895589958335195
62628.0847 lsst_hardware_r 230.27348987820665 28.22535792571397 31.5 AB 7.209303242018776 1.077865476866055
62628.1033 lsst_hardware_g 44.366324508918225 16.569906586161025 31.440000534057617 AB 7.367696609040669 1.1019176083814797
62632.0743 lsst_hardware_z 86.9431636562204 47.54999923706055 30.959999084472656 AB 8.282132288560037 1.0783441378258607
62632.0933 lsst_hardware_g 25.04903685663228 38.560001373291016 31.65999984741211 AB 8.691708140816996 1.103498780018706
62635.0281 lsst_hardware_r 111.03936331119641 101.8499984741211 31.649999618530273 AB 6.295567407139559 1.07141876991781
62635.0474 lsst_hardware_i -13.481878650166633 85.79000091552734 31.34000015258789 AB 6.812516648212787 1.0679320676492765
62638.0455 lsst_hardware_z 73.06445112443771 98.98999786376953 31.739999771118164 AB 9.508414900497902 1.0699039702002278
62643.0031 lsst_hardware_r 32.57772770271361 24.40999984741211 31.510000228881836 AB 4.959397646950195 1.0733658898620677
62643.022 lsst_hardware_i -24.286650151056197 31.84000015258789 31.25 AB 4.928264840463577 1.067494189270089
62645.0023 lsst_hardware_z 7.294604038712502 42.0099983215332 30.950000762939453 AB 8.032384633771919 1.0706277419222816
62645.0214 lsst_hardware_i 31.929699293594442 31.600000381469727 31.260000228881836 AB 8.054343803752658 1.068215358587849
62650.9923 lsst_hardware_r 0.011471711285581011 24.350000381469727 31.510000228881836 AB 10.117438790826636 1.0682545444860065
62651.012 lsst_hardware_i -33.44301285723083 31.719999313354492 31.260000228881836 AB 10.343004470771364 1.0708522022471731
62652.9858 lsst_hardware_z -52.25732163027803 59.40999984741211 31.700000762939453 AB 7.363797464656455 1.0685333330416549
62653.0076 lsst_hardware_u 5.3048155462186735 4.0 29.229999542236328 AB 7.285650131573911 1.0714191369961634
62655.9646 lsst_hardware_y 18.739059812922104 48.529998779296875 30.030000686645508 AB 11.616323736194847 1.0755855311291525
62655.9853 lsst_hardware_g -14.474836359535914 15.550000190734863 31.459999084472656 AB 11.528540594789938 1.0674574624805497
62657.9626 lsst_hardware_y -30.99926733195538 48.81999969482422 30.030000686645508 AB 4.6141575092521965 1.073059885872604
62657.9826 lsst_hardware_i 65.69038928359929 32.529998779296875 31.25 AB 4.590797855497344 1.0676274082551964
62880.3607 lsst_hardware_i -12.311440387313555 73.47000122070312 31.329999923706055 AB 7.348883159341029 1.0693951046770998
62882.3559 lsst_hardware_g 13.191091998933944 43.47999954223633 31.690000534057617 AB 4.7979720450928705 1.0691462627407422
62886.3306 lsst_hardware_u -0.8929873818735442 2.819999933242798 28.469999313354492 AB 11.584840954479303 1.0784203698248502
62886.3509 lsst_hardware_z -37.73411826007496 42.099998474121094 30.950000762939453 AB 10.45706318149491 1.0676737046220905
62888.3558 lsst_hardware_r 40.30161739289979 24.610000610351562 31.510000228881836 AB 9.516692784433262 1.06835101514771
62888.3751 lsst_hardware_y 143.7244647848195 72.16999816894531 30.049999237060547 AB 10.384026950972762 1.0807688333651917
62892.3534 lsst_hardware_u 1.1853281129103552 2.869999885559082 28.489999771118164 AB 14.98406373429321 1.0720195363444516
62892.3737 lsst_hardware_y 54.81371007627135 58.9900016784668 30.049999237060547 AB 15.27337139173275 1.0924442049030703
62894.3289 lsst_hardware_r -13.034948447143945 24.09000015258789 31.510000228881836 AB 12.491998661264144 1.0676921932704397
62894.3476 lsst_hardware_z -14.246969080191167 42.08000183105469 30.950000762939453 AB 12.667462801118367 1.071818264986325
62898.3191 lsst_hardware_g 11.666412857320719 15.199999809265137 31.450000762939453 AB 10.451389738794651 1.067557685270138
62898.3376 lsst_hardware_r -7.5944243308176995 24.190000534057617 31.510000228881836 AB 12.623948677440444 1.0723707677064598
62907.3014 lsst_hardware_r 85.7502307628319 119.54000091552734 31.65999984741211 AB 3.1535599429605563 1.0677968204155384
62907.3206 lsst_hardware_i 52.888230717076475 99.20999908447266 31.34000015258789 AB 3.179430887932883 1.0781995889672356
62909.2967 lsst_hardware_r -95.54648249162784 82.06999969482422 31.649999618530273 AB 6.540211254720214 1.06793488987131
62909.3137 lsst_hardware_z 70.14435739757197 64.44999694824219 30.979999542236328 AB 6.569621973134156 1.0769136490350368
62911.3043 lsst_hardware_g 6.213347537994058 39.130001068115234 31.670000076293945 AB 2.8112612171533438 1.0738201746193488
62911.3209 lsst_hardware_i -1.7556276207811674 41.560001373291016 31.280000686645508 AB 2.9133231428617807 1.091132263244155
62913.2222 lsst_hardware_r -42.75551852962856 25.690000534057617 31.510000228881836 AB 4.358777642098155 1.1367264681439622
62913.2385 lsst_hardware_z 10.046169775213189 42.9900016784668 30.950000762939453 AB 4.307236193079331 1.1025819001866968
62918.2766 lsst_hardware_g -27.76579462877245 21.469999313354492 32.220001220703125 AB 5.422621345330905 1.0691990822210131
62918.2985 lsst_hardware_r 2.565460392062819 24.200000762939453 31.520000457763672 AB 7.050584791572151 1.0867953435949322
