data/validation/pwv_sim_epoch_fit_4/26448054.ecsv
# %ECSV 0.9
# ---
# datatype:
# - {name: time, datatype: float64}
# - {name: band, datatype: string}
# - {name: flux, datatype: float64}
# - {name: fluxerr, datatype: float64}
# - {name: zp, datatype: float64}
# - {name: zpsys, datatype: string}
# - {name: pwv, datatype: float64}
# - {name: airmass, datatype: float64}
# meta: {SNID: '26448054', alt: 1024.0, c: 0.05838510021567345, dec: -54.532822, lat: -30.244573, lon: -70.7499537, ra: 67.146599, t0: 60972.25390625,
#   x0: 9.94216842338307e-06, x1: 0.39789319038391113, z: 0.4614326059818268}
# schema: astropy-2.0
time band flux fluxerr zp zpsys pwv airmass
[from data line 132]
61382.1907 lsst_hardware_i 29.34744672389672 42.7400016784668 31.989999771118164 AB 4.895519202816163 1.1018499218581637
61382.2032 lsst_hardware_u -2.398609274653696 3.640000104904175 29.1200008392334 AB 4.932095949559776 1.1100823654196335
61384.1903 lsst_hardware_g -5.895318555797385 12.800000190734863 31.3799991607666 AB 10.628404846402503 1.1047185226358371
61384.2018 lsst_hardware_r 13.454437664070392 21.780000686645508 31.479999542236328 AB 10.793102358814815 1.1135998306675332
61386.1899 lsst_hardware_i -11.169678282052775 30.280000686645508 31.239999771118164 AB 14.0743937894968 1.1082199834249449
61386.2014 lsst_hardware_r -2.5654346552335485 21.739999771118164 31.469999313354492 AB 14.2058787708018 1.118573131559197
61391.1277 lsst_hardware_r 11.086168388999413 29.190000534057617 31.549999237060547 AB 10.33249127739285 1.1002839259263475
61391.1397 lsst_hardware_g 7.137876978647026 23.809999465942383 31.59000015258789 AB 10.308724317511473 1.096964545625057
61393.1731 lsst_hardware_i 74.41103754492933 39.459999084472656 31.280000686645508 AB 5.672295122024758 1.110038184349268
61393.1862 lsst_hardware_z 15.32232773685884 45.720001220703125 30.959999084472656 AB 5.7798322935778925 1.1228789587318007
61395.1703 lsst_hardware_i -24.485299011438478 48.54999923706055 31.299999237060547 AB 5.458388662022176 1.1122922147851193
61395.182 lsst_hardware_z 45.54652655794285 50.619998931884766 30.959999084472656 AB 5.485340940339204 1.1243524747893967
61404.1085 lsst_hardware_r -7.466315291626856 21.6299991607666 31.469999313354492 AB 8.093657032533592 1.0966271976876354
61404.1208 lsst_hardware_u -1.7292829881792524 2.559999942779541 28.360000610351562 AB 8.053795281824364 1.0980825944110746
61406.1141 lsst_hardware_g 6.550120244140718 12.789999961853027 31.3700008392334 AB 7.604591984875817 1.0977730086189283
61406.1273 lsst_hardware_r -13.35514511445346 21.709999084472656 31.469999313354492 AB 7.683151160501999 1.1029992951885599
61408.112 lsst_hardware_i -12.244654627314546 42.599998474121094 31.989999771118164 AB 4.6497184787213754 1.0987047444993798
61408.1234 lsst_hardware_z 44.62769880358439 58.7400016784668 31.690000534057617 AB 4.673084408378014 1.1038999370171887
61410.1051 lsst_hardware_r 13.223389726152515 21.65999984741211 31.469999313354492 AB 11.451343945010954 1.0982746750330192
61410.1186 lsst_hardware_g -2.8674111976282886 12.699999809265137 31.350000381469727 AB 11.584478164652445 1.1043002921406162
61412.1131 lsst_hardware_r 38.77403550672751 21.700000762939453 31.469999313354492 AB 9.690314734295908 1.104277910520601
61412.1257 lsst_hardware_i 12.005952050314898 30.219999313354492 31.239999771118164 AB 8.88188256107307 1.1139484817399334
61416.0782 lsst_hardware_r 25.335526502476448 21.899999618530273 31.479999542236328 AB 6.799142313436013 1.0966358570058086
61416.0905 lsst_hardware_u 0.2974735600617112 2.6600000858306885 28.43000030517578 AB 6.333051430394055 1.098820409541781
61419.0759 lsst_hardware_g 2.554376627730381 16.6200008392334 31.479999542236328 AB 7.297770636906071 1.0972303715293605
61419.0893 lsst_hardware_r -17.143805219550586 23.65999984741211 31.489999771118164 AB 7.517207767489954 1.1016914168280343
61421.0728 lsst_hardware_i -61.77364533305687 34.540000915527344 31.260000228881836 AB 3.643551183534256 1.0977031508727142
61421.0859 lsst_hardware_z 23.630787115303082 43.529998779296875 30.950000762939453 AB 4.153843583051758 1.1027659343072298
61423.0709 lsst_hardware_r 4.728497076464582 44.189998626708984 31.610000610351562 AB 4.28481083123212 1.0986694439056717
61423.0848 lsst_hardware_z -21.19452903374312 46.689998626708984 30.959999084472656 AB 4.377865779044336 1.1053820929287552
61427.0703 lsst_hardware_z 66.70500716674833 56.290000915527344 30.959999084472656 AB 11.914612058523298 1.1032048202336386
61427.0844 lsst_hardware_i 61.5648272978815 60.61000061035156 31.309999465942383 AB 12.391141888193474 1.1136436688010911
61429.0741 lsst_hardware_u -2.614894326678991 13.119999885559082 29.309999465942383 AB 14.397436463258 1.1095007485267985
61429.0896 lsst_hardware_g 39.18702542621274 72.19000244140625 31.690000534057617 AB 14.609916516191019 1.1248997336868212
61431.0674 lsst_hardware_r 2.025050638010675 21.969999313354492 31.479999542236328 AB 13.213932133334911 1.1085358538053085
61431.0806 lsst_hardware_i 15.147089563185041 31.959999084472656 31.25 AB 13.39043946022738 1.1208358806568586
61433.0663 lsst_hardware_z -56.32333414782003 41.59000015258789 30.940000534057617 AB 12.94346475427163 1.1121088974342679
61433.079 lsst_hardware_u -1.989643699604141 2.5899999141693115 28.3799991607666 AB 13.133996981752087 1.1252889031916682
