data/validation/pwv_sim_epoch_fit_4/26669030.ecsv
# %ECSV 0.9
# ---
# datatype:
# - {name: time, datatype: float64}
# - {name: band, datatype: string}
# - {name: flux, datatype: float64}
# - {name: fluxerr, datatype: float64}
# - {name: zp, datatype: float64}
# - {name: zpsys, datatype: string}
# - {name: pwv, datatype: float64}
# - {name: airmass, datatype: float64}
# meta: {SNID: '26669030', alt: 1024.0, c: 0.039083413779735565, dec: 0.149208, lat: -30.244573, lon: -70.7499537, ra: 215.507812, t0: 61183.68359375,
#   x0: 3.888072033557417e-06, x1: 1.5706241130828857, z: 0.6798735857009888}
# schema: astropy-2.0
time band flux fluxerr zp zpsys pwv airmass
61086.3712 lsst_hardware_g -14.64387337037189 15.3100004196167 31.43000030517578 AB 4.719989508529765 1.1680973850225242
61086.3886 lsst_hardware_y 48.78647814990202 59.29999923706055 30.020000457763672 AB 3.4600650595548053 1.1581807730727383
61088.3724 lsst_hardware_i -37.37914988677191 32.4900016784668 31.239999771118164 AB 4.774034787888615 1.162626432362557
61088.3899 lsst_hardware_y -46.49069537467725 59.86000061035156 30.020000457763672 AB 3.8217641464223293 1.158110347400706
61090.3739 lsst_hardware_i 39.660798252479324 32.4900016784668 31.25 AB 3.550815688614473 1.159134609993843
61090.3902 lsst_hardware_y 43.695203357980176 58.11000061035156 30.030000686645508 AB 2.5191815989705164 1.159710714222818
61092.3727 lsst_hardware_g 5.622294806266512 15.119999885559082 31.43000030517578 AB 6.665372414942208 1.1581042348411859
61092.3896 lsst_hardware_y 63.01847356941511 54.52000045776367 30.010000228881836 AB 6.057974347213699 1.1622570573578972
61094.3759 lsst_hardware_i -47.52351113185096 32.31999969482422 31.239999771118164 AB 11.238272618329706 1.1585848060133719
61094.3935 lsst_hardware_y 63.88107840127193 60.15999984741211 30.020000457763672 AB 11.351866881485623 1.1702955547923324
61097.2391 lsst_hardware_r 20.17838873912332 25.34000015258789 31.389999389648438 AB 8.94170256063083 1.6215382749134069
61097.2518 lsst_hardware_y 151.8482460077193 51.599998474121094 29.889999389648438 AB 9.779789894226514 1.5081601070579986
61099.356 lsst_hardware_i -50.63850721887356 32.209999084472656 31.239999771118164 AB 5.515604457904275 1.1578890433303821
61099.3762 lsst_hardware_z 21.995131703091946 43.41999816894531 30.940000534057617 AB 5.57703654322302 1.1666626894685908
61103.3407 lsst_hardware_z -39.39360157455758 76.12999725341797 30.969999313354492 AB 8.505889573651935 1.1584722713467928
61103.3594 lsst_hardware_r -71.15818141227837 110.7699966430664 31.6299991607666 AB 8.647917227270959 1.1621461961034256
61105.345 lsst_hardware_i -6.328318134558979 86.7300033569336 31.309999465942383 AB 8.335681825862192 1.158377129775167
61105.3641 lsst_hardware_r 84.57719859134704 106.02999877929688 31.6200008392334 AB 8.40591603718658 1.1709850299068858
61107.3498 lsst_hardware_z -29.686466660865342 98.54000091552734 31.719999313354492 AB 9.49429673415966 1.1630179131695437
61114.3127 lsst_hardware_g -16.77682819921787 14.90999984741211 31.399999618530273 AB 9.612140356953995 1.1580891996330114
61114.331 lsst_hardware_r 20.385131596508128 24.270000457763672 31.469999313354492 AB 9.654837682062364 1.1632334556701642
61116.3125 lsst_hardware_i -43.200180929096156 31.920000076293945 31.229999542236328 AB 9.263878509085277 1.1579848136356596
61116.3302 lsst_hardware_r -1.7817890626367876 23.979999542236328 31.479999542236328 AB 9.396397997089526 1.1670369492752313
61118.3103 lsst_hardware_u 2.072955900519771 2.630000114440918 28.299999237060547 AB 6.372075631496687 1.1585592057266703
61118.33 lsst_hardware_g -11.670589550717473 14.720000267028809 31.389999389648438 AB 6.449187603056651 1.1725795641921184
61122.3075 lsst_hardware_z 12.60884339444988 43.220001220703125 30.940000534057617 AB 7.202085769963264 1.1621265764785818
61122.3278 lsst_hardware_r 12.554844334415506 24.100000381469727 31.479999542236328 AB 7.284966198762501 1.1847721029077434
61124.2848 lsst_hardware_u 2.4993470802525413 2.619999885559082 28.290000915527344 AB 7.527210868834241 1.1581809260932516
61124.3024 lsst_hardware_g -5.847459380333687 14.770000457763672 31.389999389648438 AB 7.127855816919215 1.1623557123273065
61128.2783 lsst_hardware_r 25.538968013983023 44.790000915527344 31.59000015258789 AB 9.247165495551945 1.1578858031681885
61128.2977 lsst_hardware_y -3.9781802774482284 50.290000915527344 30.010000228881836 AB 8.67950950270654 1.167280607348349
61130.2766 lsst_hardware_z -9.810851065862991 68.30000305175781 30.969999313354492 AB 5.303472756897177 1.1583428539690241
61130.2965 lsst_hardware_r 109.42038768077347 94.62000274658203 31.6200008392334 AB 4.761285972645546 1.1717204313142726
61133.2487 lsst_hardware_r -55.23936430924992 152.19000244140625 31.6299991607666 AB 8.308407405066605 1.1631944846265814
61133.2687 lsst_hardware_i -162.84703093103533 120.16000366210938 31.31999969482422 AB 6.879481934711249 1.1584057141168174
61135.247 lsst_hardware_z -73.83417309908005 75.05000305175781 30.979999542236328 AB 8.234512753161136 1.1608805573065848
61135.2665 lsst_hardware_r -33.57769555355846 104.4000015258789 31.6299991607666 AB 7.949436445555555 1.1593733270134499
61139.2459 lsst_hardware_r -17.844843532649 38.95000076293945 31.56999969482422 AB 8.487644190924888 1.1579323589256327
61139.2642 lsst_hardware_z 42.78524011003107 46.869998931884766 30.940000534057617 AB 6.173171402807168 1.1643099590356787
61146.0529 lsst_hardware_g 10.591801739355645 13.739999771118164 30.940000534057617 AB 42.92028128399892 2.5823182522335775
61146.072 lsst_hardware_r -17.19825611549642 26.239999771118164 31.309999465942383 AB 34.75596777677772 2.0958372528710187
61154.2223 lsst_hardware_z 84.83868794215282 43.62589055305643 30.940000534057617 AB 9.378225546821296 1.163599679079527
61154.2394 lsst_hardware_r 44.857664446947226 25.149494985151062 31.489999771118164 AB 9.56994471247396 1.1831300641812363
61156.2196 lsst_hardware_y 45.05259222196812 50.45315754806647 30.0 AB 6.90753156335313 1.1657953188410672
61156.2376 lsst_hardware_g 16.01888345967889 32.02758238438769 31.600000381469727 AB 7.059130322686783 1.1892065907491212
61158.1936 lsst_hardware_z 102.33626565962925 65.21875699331983 30.969999313354492 AB 2.654934905614437 1.157969645890061
61158.2114 lsst_hardware_r 121.61631003477106 84.03044200613486 31.6200008392334 AB 2.5390098585793655 1.1636158838585544
61160.1883 lsst_hardware_i 239.15253938139188 110.29165259994593 31.31999969482422 AB 12.824265127191333 1.157955902800593
61160.2065 lsst_hardware_z 181.50056961001587 94.54165085237499 30.979999542236328 AB 12.780218580086753 1.164033843849694
61162.1445 lsst_hardware_r 311.5865833884667 148.93020383769314 31.6299991607666 AB 8.957688217964817 1.1960594914498484
61162.163 lsst_hardware_z 141.13924508492258 100.02654782407073 30.989999771118164 AB 8.68063002957909 1.1687935949345751
61164.184 lsst_hardware_z 295.535296816235 70.81573579701248 30.979999542236328 AB 10.62509945714387 1.158396190372468
61164.2019 lsst_hardware_i 554.7011962359783 79.40702459618825 31.309999465942383 AB 10.832493464607229 1.1697736004399297
61167.1862 lsst_hardware_z 478.8339712474129 53.93197367940986 30.950000762939453 AB 7.4220845071546515 1.1631690076642047
61171.1899 lsst_hardware_r 2050.6970061073666 56.38658181273337 32.2400016784668 AB 9.17999513747361 1.178546732673057
61171.2075 lsst_hardware_i 1000.1236644221079 44.97539655923479 31.229999542236328 AB 9.447579714343593 1.2114352514545554
61174.1563 lsst_hardware_z 809.4900318683341 50.9724033659172 30.940000534057617 AB 7.223252711602948 1.1583150595899532
61174.1774 lsst_hardware_r 1136.189687459708 41.487732813172144 31.479999542236328 AB 6.9329355830788275 1.1729366972175828
61176.1132 lsst_hardware_r 1172.6808596196274 42.291322888406754 31.489999771118164 AB 6.34526498073785 1.1838180934211036
61176.1324 lsst_hardware_u -3.0709969209035557 3.111589742675233 28.389999389648438 AB 7.788726708747601 1.1624531485761067
61186.1098 lsst_hardware_z 884.0598301828685 66.14958033893738 30.969999313354492 AB 7.446789463460101 1.1599059417138862
61186.1304 lsst_hardware_r 1296.2391411571407 78.77236048053818 31.6200008392334 AB 6.771615558925845 1.160782051127244
61188.1118 lsst_hardware_z 929.0540375743815 86.4580320847587 30.979999542236328 AB 8.82322275977588 1.1579665676963324
61188.1311 lsst_hardware_r 1279.473114054823 116.91417036110458 31.6299991607666 AB 8.287416175068055 1.1648627697052576
61190.0733 lsst_hardware_z 861.0600100326516 92.18789976037206 30.979999542236328 AB 12.845012797101871 1.1865514569398061
61194.9817 lsst_hardware_z 1687.358788799243 77.3180199551878 31.649999618530273 AB 16.510157193726965 1.5287182586784225
61195.0 lsst_hardware_r 802.2636863103062 37.365154911084645 31.440000534057617 AB 15.671350397936683 1.3992277141014897
61197.0749 lsst_hardware_u -1.7569078225924046 2.690611180325062 28.350000381469727 AB 4.872689413881934 1.1625630858634681
61197.098 lsst_hardware_g 69.85827703304534 17.395337900881408 31.40999984741211 AB 5.914417185627502 1.1596896442406868
61219.0075 lsst_hardware_r 268.309480108269 98.80577003557387 31.6200008392334 AB 8.523500238149785 1.168670050934614
61219.0322 lsst_hardware_i 417.11745279720043 80.39380906147038 31.309999465942383 AB 8.437833687953743 1.1581151121519493
61224.0103 lsst_hardware_u 2.7258516196485463 2.7606719930330237 28.40999984741211 AB 7.512443317655472 1.158493366555206
61224.0334 lsst_hardware_g -33.53496876915227 37.39891230594831 31.6299991607666 AB 7.609821210488716 1.165363125649188
61226.0134 lsst_hardware_r 304.3178236619103 38.39410341660487 32.25 AB 4.351027667910254 1.15816361330297
61226.0366 lsst_hardware_z 602.6961592401356 66.8032648823235 31.690000534057617 AB 4.444328275174297 1.1744019048289345
61231.9685 lsst_hardware_y 387.4703918782933 73.46319486046349 30.760000228881836 AB 6.906599770483094 1.17249805118124
61231.9926 lsst_hardware_r 198.95342028422826 37.83668250406442 32.25 AB 6.756434159682608 1.1579150230819446
61233.9681 lsst_hardware_z 227.60035797401696 47.330544319472494 30.940000534057617 AB 6.8589253672117225 1.1671621039229239
61233.9912 lsst_hardware_g -16.148034766175783 15.87291775679196 31.440000534057617 AB 6.810376926526743 1.1581124763461803
61235.9696 lsst_hardware_y 114.69565597828695 51.97533952890322 30.010000228881836 AB 7.47796136966731 1.161820583865346
61235.9956 lsst_hardware_i 172.42514743770562 34.740764304583124 31.229999542236328 AB 7.298841354825537 1.1617579851428745
61238.9642 lsst_hardware_y 185.24023775454182 57.12360679036962 30.010000228881836 AB 2.261459814018025 1.1603180164279245
61238.9845 lsst_hardware_r 107.43096122028487 26.821069374022397 31.489999771118164 AB 2.2740207891740774 1.1602146883541211
61242.9662 lsst_hardware_y 125.43648795426178 58.59823149217435 30.020000457763672 AB 6.246757781037474 1.158057985052521
61242.9868 lsst_hardware_g 11.129408385371717 50.58986572245656 31.65999984741211 AB 6.274569223788173 1.1704466141062968
61452.3239 lsst_hardware_r -41.28079127335237 24.799999237060547 31.469999313354492 AB 6.13656657332308 1.2666643539265585
61452.3394 lsst_hardware_y 74.37084041523241 49.400001525878906 29.989999771118164 AB 4.317363243855701 1.2197089868694577
61454.384 lsst_hardware_z -105.74021025463908 72.43000030517578 31.700000762939453 AB 5.262659421332756 1.157837175366098
61456.3734 lsst_hardware_z 52.91294354852267 58.27000045776367 30.969999313354492 AB 4.338130833479137 1.1586114264483238
61456.3913 lsst_hardware_y -65.53537157834765 61.93000030517578 30.030000686645508 AB 3.1351598070010436 1.1611702988892754
61458.372 lsst_hardware_i 134.2449890378561 78.2300033569336 31.309999465942383 AB 10.803182821827823 1.1578974085560367
61458.3903 lsst_hardware_y -107.59988301563016 63.16999816894531 30.020000457763672 AB 10.041196636097986 1.164117978814726
61460.3671 lsst_hardware_i 81.66385304238548 77.83000183105469 31.309999465942383 AB 11.655289528026277 1.1578581426078507
61460.3858 lsst_hardware_y -123.60732503525945 59.86000061035156 30.010000228881836 AB 12.469110908041614 1.1648747841316873
61462.353 lsst_hardware_z 18.795457730964255 84.16000366210938 31.719999313354492 AB 7.824930135742091 1.1600652512126446
61464.3472 lsst_hardware_r -76.05824381727705 38.79999923706055 31.579999923706055 AB 5.555723031731708 1.1602219968114666
61464.3645 lsst_hardware_i 27.552153490933158 39.77000045776367 31.270000457763672 AB 5.480812845825928 1.1589792442008728
61466.3547 lsst_hardware_z 53.14949177358464 61.709999084472656 31.690000534057617 AB 3.7055863565191283 1.1579957364122275
61468.3419 lsst_hardware_g -3.4452461907399567 15.180000305175781 31.399999618530273 AB 8.62358031489571 1.1583049449154748
61468.3601 lsst_hardware_r -17.133595965398793 24.31999969482422 31.479999542236328 AB 8.47707864957627 1.1620926681012982
61472.3429 lsst_hardware_i -15.338958710008054 32.02000045776367 31.229999542236328 AB 9.44689134223067 1.1590566642820281
61472.3627 lsst_hardware_u 4.4032663406359935 2.5899999141693115 28.270000457763672 AB 9.546166739646415 1.1749489817713168
61474.343 lsst_hardware_g 19.293236020573843 14.729999542236328 31.399999618530273 AB 9.699299533581085 1.1616507251157544
61474.362 lsst_hardware_r -20.03615809080235 24.18000030517578 31.479999542236328 AB 9.994747031536027 1.1815984037913272
61476.3103 lsst_hardware_r -9.82728440079599 24.059999465942383 31.479999542236328 AB 8.647754270684457 1.1625669517624033
61476.3294 lsst_hardware_i 4.854412385852978 32.25 31.239999771118164 AB 8.768626337784353 1.1583390142383558
61477.31 lsst_hardware_z 14.990308251036359 43.25 30.940000534057617 AB 16.132203422128182 1.1610913647710128
61477.3293 lsst_hardware_u 0.5116586947295002 2.759999990463257 28.420000076293945 AB 15.957254968008593 1.159073523616471
61479.1586 lsst_hardware_g 12.64548021362477 14.029999732971191 31.06999969482422 AB 20.861632556918533 2.1253223194273514
61479.1757 lsst_hardware_r -10.520587728408309 25.56999969482422 31.34000015258789 AB 18.814472795072074 1.832578519000573
61481.3307 lsst_hardware_i 1.047397072227329 32.220001220703125 31.239999771118164 AB 9.430074937082544 1.166799670512564
61481.3495 lsst_hardware_z -45.43135790344841 43.810001373291016 30.940000534057617 AB 10.507336605087737 1.1927504849123216
61485.2344 lsst_hardware_i 14.180888971466484 78.56999969482422 31.299999237060547 AB 7.201256396449581 1.264561530633853
61485.253 lsst_hardware_z -91.50066052306515 69.01000213623047 30.969999313354492 AB 5.524990027666616 1.2106913613819694
61489.3182 lsst_hardware_i 68.37101824002428 92.02999877929688 31.31999969482422 AB 7.230921119914279 1.1774826770744633
61489.3389 lsst_hardware_r 247.46838565746503 109.76000213623047 31.6200008392334 AB 8.097911392102805 1.217120950716864
61492.2897 lsst_hardware_z 41.69092298408498 72.04000091552734 31.709999084472656 AB 8.91712469556125 1.1595740826477567
61494.2789 lsst_hardware_r -54.722075557493184 32.31999969482422 31.559999465942383 AB 7.867628053372818 1.1580827319620766
61494.2992 lsst_hardware_i -62.9391406577575 36.150001525878906 31.260000228881836 AB 7.33826889163465 1.1708446576202074
61497.2804 lsst_hardware_z 0.04573675048019506 43.880001068115234 30.940000534057617 AB 9.177942680187662 1.1617648962262863
61497.2985 lsst_hardware_r 5.769458985665007 24.8799991607666 31.489999771118164 AB 10.40349138598994 1.180538029615876
61499.2828 lsst_hardware_u 1.9015193566080966 2.6600000858306885 28.31999969482422 AB 7.570141904988626 1.1679764308196963
61499.3018 lsst_hardware_g 18.12376236715365 15.0 31.399999618530273 AB 8.25834451747879 1.1954898873242714
61501.2492 lsst_hardware_g -8.226894951711387 15.229999542236328 31.43000030517578 AB 17.273076460245523 1.159007590712068
61501.2678 lsst_hardware_r 6.564032204752686 24.459999084472656 31.489999771118164 AB 16.94790167265377 1.1608151830584774
61503.2446 lsst_hardware_i 59.814582611475565 32.2599983215332 31.229999542236328 AB 10.717959852200389 1.1587401188007194
61503.263 lsst_hardware_r -10.269753790365776 24.200000762939453 31.469999313354492 AB 10.009606939736777 1.161173624864334
61505.255 lsst_hardware_g 19.417229961227914 15.199999809265137 31.420000076293945 AB 4.643499770466921 1.1599083523231277
61505.2723 lsst_hardware_r 40.2094485138837 24.6299991607666 31.489999771118164 AB 4.935116243875896 1.1745615812475896
61511.2251 lsst_hardware_r 92.80196345758188 44.970001220703125 31.600000381469727 AB 18.88998113417385 1.1581840057739947
61511.243 lsst_hardware_i 0.6494034326704496 42.060001373291016 31.280000686645508 AB 19.02022501870733 1.1622798229127331
