data/validation/pwv_sim_epoch_fit_4/26745909.ecsv
# %ECSV 0.9
# ---
# datatype:
# - {name: time, datatype: float64}
# - {name: band, datatype: string}
# - {name: flux, datatype: float64}
# - {name: fluxerr, datatype: float64}
# - {name: zp, datatype: float64}
# - {name: zpsys, datatype: string}
# - {name: pwv, datatype: float64}
# - {name: airmass, datatype: float64}
# meta: {SNID: '26745909', alt: 1024.0, c: -0.12986823916435242, dec: -18.367102, lat: -30.244573, lon: -70.7499537, ra: 178.59375, t0: 61136.12109375,
#   x0: 2.4447759866567256e-06, x1: 0.7890948057174683, z: 0.8201935291290283}
# schema: astropy-2.0
time band flux fluxerr zp zpsys pwv airmass
61057.3669 lsst_hardware_g 11.265421469410025 25.030000686645508 31.6200008392334 AB 2.3492694579648883 1.021421503462995
61059.3634 lsst_hardware_i -11.981919551864562 34.04999923706055 31.260000228881836 AB 6.288210065925874 1.0213383610501947
61061.3615 lsst_hardware_u -1.5933003904945846 3.930000066757202 28.739999771118164 AB 11.512885005030892 1.0215212509269989
61063.3472 lsst_hardware_r 33.825677147364075 23.239999771118164 31.5 AB 9.538526627467999 1.0218572636421874
61063.3665 lsst_hardware_y -14.296161153280703 51.400001525878906 30.059999465942383 AB 9.693570083804497 1.024554903823972
61065.349 lsst_hardware_z -8.343977408173537 40.959999084472656 30.950000762939453 AB 9.882760392626187 1.0213859677160817
61065.37 lsst_hardware_y 60.27757567993562 52.22999954223633 30.059999465942383 AB 9.800161641780605 1.0301501375382696
61067.288 lsst_hardware_u 1.6687764108332355 2.690000057220459 28.399999618530273 AB 12.340157746483378 1.072427726897984
61067.3063 lsst_hardware_g -18.947140038824873 14.699999809265137 31.440000534057617 AB 12.3753263515324 1.0430989844514835
61069.3365 lsst_hardware_r 5.924733810757808 23.059999465942383 31.5 AB 11.835145884340621 1.0213350876422096
61069.3556 lsst_hardware_z 25.12155835204102 41.04999923706055 30.950000762939453 AB 11.938220529079526 1.0276435303536768
61071.3285 lsst_hardware_r 3.545787740175665 50.119998931884766 31.6299991607666 AB 10.963538853441074 1.0214318585215516
61071.3458 lsst_hardware_y -49.38897248759939 48.95000076293945 30.049999237060547 AB 11.813969654427677 1.0251103499991476
61072.3282 lsst_hardware_z 42.77427627407264 59.93000030517578 30.989999771118164 AB 10.082607941301669 1.0213338676359065
61072.3446 lsst_hardware_r 44.50334795922738 76.44999694824219 31.65999984741211 AB 12.055001153281337 1.025928440607189
61074.3225 lsst_hardware_i -12.407326217353157 81.44000244140625 31.34000015258789 AB 9.50249261499233 1.021334115970809
61074.341 lsst_hardware_z -59.56517945774903 70.63999938964844 31.0 AB 10.93241590118019 1.027032244740425
61076.3229 lsst_hardware_r -43.02221562601296 96.55999755859375 31.65999984741211 AB 6.712354183358558 1.021874685378861
61076.3416 lsst_hardware_z 45.659700089323806 72.94999694824219 30.989999771118164 AB 7.178164932363761 1.0314690359042742
61082.3083 lsst_hardware_y 16.432955926365107 46.97999954223633 30.049999237060547 AB 3.81255189766517 1.0222689094155168
61082.324 lsst_hardware_g 2.5913859104106214 19.709999084472656 31.559999465942383 AB 3.921457696456263 1.030471080398461
61084.2961 lsst_hardware_r -15.107061229684524 23.15999984741211 31.510000228881836 AB 5.821633294329116 1.0213391744437046
61084.3125 lsst_hardware_i 34.04334539180394 30.670000076293945 31.260000228881836 AB 5.849937234914892 1.0263047780552441
61086.2958 lsst_hardware_z -68.68280091793575 40.97999954223633 30.950000762939453 AB 4.0105773735572 1.0219116356871516
61086.3128 lsst_hardware_r -0.967596459237713 23.239999771118164 31.520000457763672 AB 4.153191773553558 1.0302491221218129
61088.2784 lsst_hardware_r 9.22969787647171 23.270000457763672 31.5 AB 4.483418543745864 1.0219588284727965
61088.2958 lsst_hardware_u 5.079815683332816 2.7200000286102295 28.440000534057617 AB 5.025234964735075 1.0235041850847093
61090.2771 lsst_hardware_g -6.620084345965284 14.75 31.469999313354492 AB 2.5659937291637824 1.021392667594301
61090.2939 lsst_hardware_i 15.81834993429147 30.979999542236328 31.270000457763672 AB 2.7011183368866534 1.0250923479645744
61094.2814 lsst_hardware_u -0.2866442065065537 2.5999999046325684 28.350000381469727 AB 10.905051331906286 1.0243332079566303
61094.2986 lsst_hardware_g 2.0404433317584365 14.399999618530273 31.420000076293945 AB 11.496875924180276 1.0372965150160398
61097.1307 lsst_hardware_z -76.99827130789025 85.62999725341797 32.11000061035156 AB 7.450968977320721 1.3844238159272986
61099.2743 lsst_hardware_z 10.55368322948016 47.63999938964844 30.969999313354492 AB 5.62116170642363 1.0280418885768823
61099.2924 lsst_hardware_r -77.29140292926377 39.81999969482422 31.610000610351562 AB 5.513331456991328 1.046222583043091
61101.2676 lsst_hardware_i 98.74768438115355 78.69571929526934 31.34000015258789 AB 3.567895540963103 1.0272252037321794
61101.2852 lsst_hardware_z 72.76808521568306 69.07977962600745 30.989999771118164 AB 3.586672829845233 1.0439525069890074
61103.2442 lsst_hardware_z -187.13854349985192 89.03186458898213 31.0 AB 5.667384714868677 1.0213344232958605
61103.2624 lsst_hardware_r 113.29965236884402 136.67281718449917 31.670000076293945 AB 5.938240194310354 1.0273920087043389
61107.2432 lsst_hardware_r -80.37151927247496 66.45745634925625 31.649999618530273 AB 11.036900776908373 1.0232300853155265
61107.2604 lsst_hardware_i 2.589912463644564 57.21805975311777 31.31999969482422 AB 10.242113292404047 1.034556898222631
61109.2414 lsst_hardware_z 142.3188210220068 45.9568427990311 30.959999084472656 AB 10.321905043865744 1.0247779439255105
61109.2588 lsst_hardware_r 5.190727295534239 40.928168069189276 31.610000610351562 AB 9.834985264309767 1.0385412105923724
61113.2301 lsst_hardware_i 329.56826457079666 34.743162653611996 31.260000228881836 AB 11.446439501629957 1.0245955096192711
61113.2488 lsst_hardware_z 249.06269975935749 43.21038954998332 30.950000762939453 AB 11.679240896117362 1.0395716439696203
61114.2284 lsst_hardware_r 211.13387866570395 27.71988722358223 31.510000228881836 AB 9.394536137936703 1.0251007843239177
61114.2477 lsst_hardware_u 0.45659642472332873 2.8810933269163823 28.420000076293945 AB 9.629984446020224 1.041473470612671
61118.2277 lsst_hardware_i 514.5804360254191 37.8565185983202 31.25 AB 6.989753777619396 1.03211691500156
61118.248 lsst_hardware_z 261.01633015988284 44.960092858741525 30.950000762939453 AB 7.171385296143039 1.0572975999621035
61120.2044 lsst_hardware_z 315.48895216760934 45.16101942431715 30.950000762939453 AB 5.417786197932654 1.0222238109306894
61120.2234 lsst_hardware_r 435.52708612768004 31.99236116185609 31.5 AB 5.865947347764632 1.033146466076281
61122.2034 lsst_hardware_u 0.949866371818067 3.064530909575835 28.479999542236328 AB 6.993943767841667 1.023666254578165
61122.2236 lsst_hardware_r 550.4061643855156 33.695965253961056 31.510000228881836 AB 6.744051180911027 1.038864894814333
61124.2066 lsst_hardware_z 419.7033476223028 46.18734402341243 30.940000534057617 AB 7.160389589596854 1.0284222031736954
61124.2251 lsst_hardware_i 745.3270271652964 41.140380093510004 31.239999771118164 AB 7.426891010995406 1.0475163626227653
61126.205 lsst_hardware_z 592.9213092957388 48.617653313075785 30.950000762939453 AB 7.012048121321587 1.0313857797590096
61126.2229 lsst_hardware_g 198.84917399547567 20.488493329519233 31.450000762939453 AB 6.628868942625594 1.05220141946438
61128.18 lsst_hardware_y 145.42096956589518 52.449208415345346 30.059999465942383 AB 6.742546888480477 1.0217012155491176
61128.1966 lsst_hardware_r 994.973896192987 70.05388414261508 31.649999618530273 AB 6.777871994593212 1.0290812279862238
61130.1804 lsst_hardware_i 1042.1117428721716 97.04311000166867 31.34000015258789 AB 4.790911816525022 1.0232253906365019
61130.198 lsst_hardware_z 494.07284530063265 83.48528188790138 31.0 AB 4.9260481866880585 1.0349384288435441
61133.1836 lsst_hardware_r 996.8043139818559 138.25755291894993 31.670000076293945 AB 6.397720240793143 1.0295655360143454
61133.202 lsst_hardware_z 600.0742713529152 93.29473662656598 31.0 AB 6.7061265624794855 1.0495815780174487
61135.1678 lsst_hardware_r 642.3866927677088 82.00728889407587 31.65999984741211 AB 7.547596417232793 1.0236226648296678
61135.1869 lsst_hardware_i 1050.398018042257 70.5945011595674 31.329999923706055 AB 7.673013102950975 1.0375479720928966
61137.1665 lsst_hardware_z 633.1183086687382 53.20115261788856 30.959999084472656 AB 10.431738165914085 1.025568228665976
61137.1862 lsst_hardware_i 888.5491507377058 54.56987230586354 31.299999237060547 AB 10.564327665092843 1.043055578712299
61139.1649 lsst_hardware_u -0.0966694822249655 5.1438456842787765 28.8700008392334 AB 7.056082936167521 1.0279092339088822
61139.1834 lsst_hardware_g 142.66100481130417 33.1245097001737 31.649999618530273 AB 8.305303669497759 1.0465022736806122
61142.1523 lsst_hardware_r 523.8370881257327 33.134028481844055 31.530000686645508 AB 6.459246508927626 1.0252772236393057
61142.1691 lsst_hardware_i 844.6480937023929 42.42722100676581 31.260000228881836 AB 6.753385446207505 1.0389823763396162
61148.1298 lsst_hardware_r 356.2274578246713 30.805433051426565 31.520000457763672 AB 12.053974042504612 1.02273664029396
61148.1471 lsst_hardware_g 55.83299037488425 16.72764135752601 31.450000762939453 AB 12.14552539363051 1.0332806675805102
61150.1251 lsst_hardware_r 363.3159109804263 29.886794294004815 31.510000228881836 AB 6.549134125841761 1.022982525123674
61150.142 lsst_hardware_i 700.4045216553245 39.81486931393167 31.25 AB 6.560338051228329 1.0336124233855883
61152.1276 lsst_hardware_z 443.44733491909 46.09957610601811 30.950000762939453 AB 10.414318439101807 1.0267493285124527
61152.1441 lsst_hardware_i 592.9835149593292 39.30021306966952 31.25 AB 10.601438623678085 1.041654495080136
61154.1245 lsst_hardware_z 372.8486687401699 47.01211853260977 30.950000762939453 AB 9.394441415688052 1.0282882460253997
61154.1439 lsst_hardware_g 54.23464310638813 22.013162518909684 31.56999969482422 AB 9.963912037793083 1.0485017402707653
61158.1253 lsst_hardware_z 763.901666825864 107.02344569669435 31.739999771118164 AB 2.1543266487313204 1.03885552681438
61160.1104 lsst_hardware_z 494.0282790023537 91.6247103484523 31.0 AB 10.817691721091352 1.0299620795097926
61160.1284 lsst_hardware_r 254.5479488192724 134.3429127614513 31.65999984741211 AB 10.988562299008578 1.0497539871518309
61162.0645 lsst_hardware_i 288.57171233013923 90.29757028237309 31.350000381469727 AB 8.625132061023631 1.0268014358361466
61162.0835 lsst_hardware_z 170.24845066697202 77.99850389235964 31.0 AB 9.133320441386338 1.0213386012173706
61164.088 lsst_hardware_z 358.7529897990546 58.45985031620836 30.989999771118164 AB 12.136804004814696 1.0233824364277058
61164.1052 lsst_hardware_i 352.4666356660437 62.68439190519905 31.329999923706055 AB 12.262840769196552 1.034969892323632
61167.0868 lsst_hardware_u 2.3442013513173694 6.522708191151595 29.559999465942383 AB 6.830316539873622 1.0268450467731984
61167.1062 lsst_hardware_g 128.35113738101842 47.19518725938948 32.41999816894531 AB 6.940850612255899 1.0455056467340837
61171.0876 lsst_hardware_z 230.26525642961136 43.75616375278302 30.950000762939453 AB 8.07633790532917 1.0364910042773576
61171.1064 lsst_hardware_u 0.33374187001252514 2.754851427634055 28.43000030517578 AB 8.222064986826863 1.0625568605359517
61174.034 lsst_hardware_g -7.410020677004101 14.732032371271307 31.440000534057617 AB 6.03172995607334 1.0254992062011123
61174.0536 lsst_hardware_r 89.09559260265723 24.86390024338405 31.510000228881836 AB 6.535220809621994 1.0215805137100105
61176.0304 lsst_hardware_i 98.55527381933177 33.02683370095771 31.25 AB 5.378444045104298 1.024563109839821
61176.0481 lsst_hardware_z 226.52306533672697 43.08936216804442 30.950000762939453 AB 5.1806639465581785 1.0215753407065984
61180.9933 lsst_hardware_r 23.802967058219625 25.46805054520226 31.520000457763672 AB 7.505731305042717 1.0453058162887001
61181.0079 lsst_hardware_i 156.78118753259724 33.01572324871556 31.260000228881836 AB 6.881838539190414 1.0300868463301107
61183.0136 lsst_hardware_z 297.7609688139174 63.55470378230459 31.709999084472656 AB 1.2453376440390231 1.0235651868817373
61186.0045 lsst_hardware_z 129.82024486167992 63.52517802380298 30.989999771118164 AB 5.812878805875987 1.0239349666859328
61186.0238 lsst_hardware_r 118.57386093226536 79.25773897303922 31.65999984741211 AB 5.8165726642111 1.0221249995684922
61189.9879 lsst_hardware_i 171.9480078312825 75.22077639360595 31.34000015258789 AB 9.756482449580302 1.0268900588969565
61190.0073 lsst_hardware_z 82.61681935792544 66.90829008311073 30.989999771118164 AB 9.851755227295207 1.0213482741040771
61196.9657 lsst_hardware_y 69.47720403344516 47.70572452325608 30.040000915527344 AB 4.424553068916447 1.028965829980569
61196.9853 lsst_hardware_i -1.3603827006902571 31.59133461017826 31.25 AB 4.391851460181042 1.0213608046932656
61420.3648 lsst_hardware_g 19.11526416277899 22.079999923706055 31.600000381469727 AB 5.483225854446471 1.0231807901560872
61422.3609 lsst_hardware_i 42.925658585978304 32.95000076293945 31.280000686645508 AB 2.352131273552611 1.022665771109831
61424.3598 lsst_hardware_i 34.65776836719411 32.540000915527344 31.270000457763672 AB 6.293129866482246 1.021667276337829
61426.3585 lsst_hardware_g 7.351301873668396 31.799999237060547 31.670000076293945 AB 11.4857286357223 1.0213167913678043
61428.3475 lsst_hardware_i 65.19136416522402 73.04000091552734 31.34000015258789 AB 9.509911338541162 1.0219118137267527
61428.3675 lsst_hardware_y -180.57184110848607 60.5099983215332 30.06999969482422 AB 9.532557035165587 1.0246755922998652
61434.3278 lsst_hardware_z 73.35577656178087 46.209999084472656 30.969999313354492 AB 11.300384669290578 1.0227672305634603
61434.3447 lsst_hardware_r -70.57200310526781 41.630001068115234 31.6299991607666 AB 11.770972548723696 1.0223034709754966
61436.3327 lsst_hardware_z -50.00426871391435 41.9900016784668 30.959999084472656 AB 10.95251236233787 1.0213323102774563
61436.35 lsst_hardware_g -27.942331480190713 19.84000015258789 31.56999969482422 AB 11.811429090730922 1.027080790498341
61438.3234 lsst_hardware_r 3.19006587383665 23.739999771118164 31.530000686645508 AB 8.705206887402957 1.0214381798067573
61438.3416 lsst_hardware_z 2.1605481016037906 41.380001068115234 30.959999084472656 AB 10.073834755628377 1.0253788748158519
61440.3261 lsst_hardware_r -31.398306837409297 23.360000610351562 31.520000457763672 AB 7.878577399470073 1.0218095519442407
61440.3429 lsst_hardware_u 1.595254258325275 2.890000104904175 28.56999969482422 AB 8.580490337234899 1.0297412197657692
61442.3159 lsst_hardware_g 1.1126372368712916 14.600000381469727 31.479999542236328 AB 3.4758004617617644 1.021317993612507
61442.335 lsst_hardware_r 5.52282086098655 23.260000228881836 31.520000457763672 AB 4.423749778173067 1.0279821328055154
61443.3211 lsst_hardware_i -30.852322314984722 30.860000610351562 31.270000457763672 AB 3.6973551350100204 1.0225693521427475
61443.3403 lsst_hardware_z -25.169536096989418 41.349998474121094 30.959999084472656 AB 4.886510106496389 1.0345652054192322
61445.2761 lsst_hardware_r -13.743834441969648 23.3799991607666 31.510000228881836 AB 5.497845299616512 1.0377372173873085
61445.2937 lsst_hardware_u -1.1042685011632658 2.7200000286102295 28.450000762939453 AB 5.594111091830435 1.0243279637135223
61452.2542 lsst_hardware_u -0.9563889223521657 2.740000009536743 28.469999313354492 AB 4.734959990353593 1.040879312014419
61452.2703 lsst_hardware_g -10.890408366565365 14.460000038146973 31.450000762939453 AB 4.672872389565513 1.026591275947167
61454.2964 lsst_hardware_r 40.87734822334784 40.41999816894531 31.6200008392334 AB 5.1066758211721845 1.024613928806618
61454.3139 lsst_hardware_i -9.545101671426204 30.799999237060547 31.25 AB 5.170731238390731 1.038299445459986
61456.2755 lsst_hardware_i -32.69821106588546 78.4000015258789 31.34000015258789 AB 2.7714185815692933 1.0213446034896971
61456.2927 lsst_hardware_z 14.347678212973044 68.12000274658203 30.989999771118164 AB 3.7094184908653585 1.0255038909455905
61458.2785 lsst_hardware_r 30.607538686387468 122.68000030517578 31.670000076293945 AB 9.551975231166612 1.0221300028000524
61458.2961 lsst_hardware_z -9.978080649404543 83.73999786376953 31.0 AB 11.548770586836714 1.0316238046259822
61460.2571 lsst_hardware_z 71.4253807419526 71.0 31.0 AB 10.111592319605329 1.0226728234984193
61460.275 lsst_hardware_i 14.430569821180057 80.54000091552734 31.34000015258789 AB 10.124323746987743 1.0226589643421962
