data/validation/pwv_sim_epoch_fit_4/26796673.ecsv
# %ECSV 0.9
# ---
# datatype:
# - {name: time, datatype: float64}
# - {name: band, datatype: string}
# - {name: flux, datatype: float64}
# - {name: fluxerr, datatype: float64}
# - {name: zp, datatype: float64}
# - {name: zpsys, datatype: string}
# - {name: pwv, datatype: float64}
# - {name: airmass, datatype: float64}
# meta: {SNID: '26796673', alt: 1024.0, c: 0.12841206789016724, dec: -38.873585, lat: -30.244573, lon: -70.7499537, ra: 52.382812, t0: 60248.5234375,
#   x0: 0.00013769454754493019, x1: 0.8221902847290039, z: 0.14594753086566925}
# schema: astropy-2.0
time band flux fluxerr zp zpsys pwv airmass
[from data line 133]
60634.2489 lsst_hardware_i -54.40902355685278 41.5099983215332 31.280000686645508 AB 3.553915975797942 1.0859388803619705
60634.2613 lsst_hardware_z 14.498340730669138 47.22999954223633 30.950000762939453 AB 3.654784182762784 1.1160782317071583
60636.2103 lsst_hardware_z -69.15953133462932 41.84000015258789 30.950000762939453 AB 6.343735097433754 1.0321449842612611
60636.2224 lsst_hardware_r -3.366895548637965 27.34000015258789 31.549999237060547 AB 6.473468686246806 1.0476281083608774
60641.2355 lsst_hardware_g 9.174258611248254 12.989999771118164 31.3799991607666 AB 4.35838808387355 1.0990765562661833
60641.248 lsst_hardware_r -11.407285292108734 22.030000686645508 31.469999313354492 AB 4.49039295756553 1.1323648865377707
60643.2313 lsst_hardware_i 20.011947001288206 30.200000762939453 31.229999542236328 AB 6.04196363631902 1.1021458658006238
60643.2425 lsst_hardware_z 86.43463236219388 41.970001220703125 30.940000534057617 AB 6.226624168233201 1.1322507276457512
60645.1877 lsst_hardware_i -18.07171288629951 29.709999084472656 31.25 AB 6.533573407711462 1.0343660900358187
60645.1998 lsst_hardware_z 41.661922905317276 41.04999923706055 30.950000762939453 AB 6.663198774302391 1.0505910717878368
60647.2107 lsst_hardware_r 20.607110343708896 21.690000534057617 31.469999313354492 AB 4.707289503407145 1.0801490370368998
60647.2223 lsst_hardware_u 2.1133566650148787 2.559999942779541 28.350000381469727 AB 4.803589790649047 1.1069454523905295
60649.2102 lsst_hardware_g -7.430445728384321 12.9399995803833 31.3799991607666 AB 5.811387866612001 1.090981905779697
60649.2222 lsst_hardware_i 4.67580098566479 30.520000457763672 31.239999771118164 AB 5.954856988458574 1.1211252920001735
60651.1993 lsst_hardware_z 40.09227301609212 41.34000015258789 30.950000762939453 AB 4.800344668870381 1.079153525289731
60651.2109 lsst_hardware_r -22.174705196244123 21.950000762939453 31.479999542236328 AB 5.71335037970276 1.105738412948086
60653.1182 lsst_hardware_r 9.344054771392955 34.470001220703125 31.600000381469727 AB 9.30915502652124 1.011864676795787
60653.1313 lsst_hardware_y -11.51596228895109 47.40999984741211 30.059999465942383 AB 7.523416459150409 1.0117558444257653
60655.1142 lsst_hardware_z -28.94436823820776 48.5 30.979999542236328 AB 12.542744210807456 1.0116204062915328
60655.1278 lsst_hardware_r 2.222384583709219 52.13999938964844 31.639999389648438 AB 12.023343543859962 1.0121440524052752
60659.1048 lsst_hardware_z 58.870309999670575 57.90999984741211 30.979999542236328 AB 10.217049992955495 1.0114284417435049
60659.1182 lsst_hardware_r 17.006474341762416 81.41999816894531 31.65999984741211 AB 10.223695229245612 1.0124659004318437
60661.109 lsst_hardware_z 10.792008868772891 50.349998474121094 30.979999542236328 AB 3.9632658054948635 1.011682400892116
60661.121 lsst_hardware_g -69.096871942098 65.98999786376953 31.739999771118164 AB 4.047020448722643 1.0155634752127085
60664.1104 lsst_hardware_r 29.913433774968116 21.399999618530273 31.489999771118164 AB 3.1448442258033777 1.014465879291412
60664.1227 lsst_hardware_z 17.15958338705015 40.380001068115234 30.950000762939453 AB 3.1675163845675587 1.0217794788927608
60667.105 lsst_hardware_g 25.27567428912335 12.84000015258789 31.399999618530273 AB 6.296997877379555 1.0157540397966804
60667.1176 lsst_hardware_r 29.734410854285287 21.510000228881836 31.489999771118164 AB 6.313062519662765 1.0242935402373334
60669.1027 lsst_hardware_i -51.830853872879096 29.579999923706055 31.25 AB 7.685751849667419 1.0174750090573415
60669.1148 lsst_hardware_z -57.46090552266754 40.59000015258789 30.950000762939453 AB 7.6975258388620365 1.0266790048498173
60671.0879 lsst_hardware_z -15.679662903696883 40.279998779296875 30.950000762939453 AB 5.436806095447097 1.013195321551826
60671.1005 lsst_hardware_r -15.798810599178475 21.549999237060547 31.489999771118164 AB 5.4311150766467575 1.0195447863050042
60673.0895 lsst_hardware_u 0.319372313393929 2.6500000953674316 28.469999313354492 AB 7.586669668264624 1.0162079298475724
60673.1016 lsst_hardware_g 3.1047759625036817 12.850000381469727 31.399999618530273 AB 7.531169917702908 1.0246257342513196
60675.0862 lsst_hardware_r 23.256799313238144 21.440000534057617 31.479999542236328 AB 6.998318603286803 1.017407736905918
60675.0984 lsst_hardware_z -1.2721155693306572 40.40999984741211 30.950000762939453 AB 7.062603244644195 1.0266647458411111
60677.0902 lsst_hardware_r -2.9990269530526943 21.43000030517578 31.479999542236328 AB 5.195072998274776 1.0242146972792696
60677.1027 lsst_hardware_u 2.2364595936496454 2.559999942779541 28.3799991607666 AB 5.260942536758106 1.0372009535724984
60679.0787 lsst_hardware_g -2.7982198465563695 13.680000305175781 31.43000030517578 AB 2.285635493375548 1.0195764440171957
60679.0909 lsst_hardware_r 12.359333217754765 21.889999389648438 31.489999771118164 AB 2.369082391270001 1.0300358222913049
60681.084 lsst_hardware_i 0.05683479011247762 32.130001068115234 31.270000457763672 AB 8.826990852358533 1.0285770212787058
60681.0967 lsst_hardware_z 27.543866795076298 41.88999938964844 30.959999084472656 AB 8.949146747610481 1.0436119897701286
60683.0779 lsst_hardware_r 76.60507188791227 40.400001525878906 31.610000610351562 AB 8.395775041992298 1.0279491939996692
60683.0897 lsst_hardware_z 0.12398594418165722 45.31999969482422 30.959999084472656 AB 5.957537505057261 1.0415275358491716
60687.067 lsst_hardware_z -69.04655874494529 53.849998474121094 30.979999542236328 AB 4.055348881303597 1.0279718330300627
60687.0799 lsst_hardware_r 64.60940318388852 69.5 31.649999618530273 AB 3.9127106599719443 1.0430418287162797
