data/validation/pwv_sim_epoch_fit_4/26802193.ecsv
# %ECSV 0.9
# ---
# datatype:
# - {name: time, datatype: float64}
# - {name: band, datatype: string}
# - {name: flux, datatype: float64}
# - {name: fluxerr, datatype: float64}
# - {name: zp, datatype: float64}
# - {name: zpsys, datatype: string}
# - {name: pwv, datatype: float64}
# - {name: airmass, datatype: float64}
# meta: {SNID: '26802193', alt: 1024.0, c: -0.062234729528427124, dec: -34.953865, lat: -30.244573, lon: -70.7499537, ra: 73.300781, t0: 60538.30078125,
#   x0: 7.369965869043138e-06, x1: -1.335184097290039, z: 0.5225289463996887}
# schema: astropy-2.0
time band flux fluxerr zp zpsys pwv airmass
60542.3481 lsst_hardware_r 2510.0796263201537 98.35805070362474 31.579999923706055 AB 2.4527561688636634 1.3412200513266785
60542.3658 lsst_hardware_z 1507.8268734467754 71.19912766809125 30.959999084472656 AB 2.3491215064576076 1.2453924487515482
60545.338 lsst_hardware_z 1503.0542831065802 65.57464646272152 30.940000534057617 AB 4.3390387065790295 1.3530954101751085
60545.3553 lsst_hardware_r 2206.573673852207 74.47353432481887 31.59000015258789 AB 4.0544084487849705 1.2565639966274862
60548.3418 lsst_hardware_r 1783.980080979698 54.27617187124993 31.520000457763672 AB 3.5038237582832057 1.2836870336263804
60548.36 lsst_hardware_i 1690.9040680318756 54.45936582081656 31.25 AB 3.2380703397630493 1.198693363683261
60550.3435 lsst_hardware_z 1185.9658620185455 55.34765227259054 30.93000030517578 AB 8.763461345435543 1.2475862020740582
60550.3614 lsst_hardware_r 1526.887779024404 45.71549571064001 31.489999771118164 AB 8.268121739026405 1.1720074285144215
60554.3417 lsst_hardware_u -0.1486303153777086 2.9800314457756594 28.309999465942383 AB 2.5659374172571088 1.206648209384956
60554.3589 lsst_hardware_r 1032.5029152287216 39.63628049167865 31.469999313354492 AB 2.417993609296935 1.1427190970214034
60556.3283 lsst_hardware_g 162.52748753115176 17.983774962830605 31.34000015258789 AB 2.8622527197343737 1.2419827386299942
60556.3455 lsst_hardware_i 1136.2934804831607 46.28183639942851 31.229999542236328 AB 2.3479839729248604 1.170237474564868
60560.3373 lsst_hardware_u -2.3930533949365165 3.1693738477841067 28.299999237060547 AB 3.38308043320892 1.160443779971045
60560.3553 lsst_hardware_g 95.95174951479575 16.141248364283044 31.3700008392334 AB 3.196983665940985 1.104820988114613
60567.3224 lsst_hardware_r 324.7290683904365 43.01647434605267 31.59000015258789 AB 2.050934692209468 1.146040340233463
60567.3394 lsst_hardware_i 552.6684077365923 44.928842721499336 31.280000686645508 AB 1.4377969371190975 1.0964389454392407
60569.3376 lsst_hardware_r 406.13780338704225 66.48570404132704 31.6299991607666 AB 1.296186435862712 1.0874047280721784
60569.3552 lsst_hardware_i 539.5971088720594 56.801747907680365 31.309999465942383 AB 1.3124109605711278 1.0511901966929338
60572.3095 lsst_hardware_z 643.9943251384556 64.80173253351501 30.969999313354492 AB 7.395071777136139 1.1435678005880627
60572.3261 lsst_hardware_i 588.1558341399874 66.80613931139473 31.31999969482422 AB 7.317367329346307 1.0955509413868456
60579.3051 lsst_hardware_u 8.11926641130451 4.546423585812338 28.31999969482422 AB 4.751911768606465 1.1004041146908063
60579.3221 lsst_hardware_g 26.015907605712577 16.2633766788595 31.43000030517578 AB 4.580413192292126 1.0618580512625915
60581.2763 lsst_hardware_u 12.719304309656755 4.629617225518109 28.229999542236328 AB 5.330377334577159 1.1737472110783527
60581.2954 lsst_hardware_g 53.37228764658895 14.182883974631892 31.350000381469727 AB 6.68571660320539 1.1118462157827962
60583.2757 lsst_hardware_r 168.27877703926626 25.341093822843238 31.459999084472656 AB 5.465337646798342 1.1562773582789665
60583.2946 lsst_hardware_i 245.3606053393652 33.95348640247768 31.239999771118164 AB 4.891572157732961 1.099312043838406
60585.275 lsst_hardware_z 334.7624328773316 46.366626180669314 30.940000534057617 AB 2.96489635880862 1.1403447533879307
60585.2951 lsst_hardware_r 116.21965772612705 24.95897909929957 31.479999542236328 AB 3.4953241517620754 1.0846061703855578
60587.2799 lsst_hardware_u 21.850505800799603 5.031550014196035 28.3700008392334 AB 7.344458231902725 1.1094068475470495
60587.3005 lsst_hardware_g 33.80266769292985 13.390535452914655 31.3700008392334 AB 7.330770551161767 1.0613921962082973
60589.2715 lsst_hardware_r 99.94231940524416 24.713604215102034 31.469999313354492 AB 4.917826906994827 1.117687933407915
60589.2923 lsst_hardware_z 322.4195179659546 44.415815561275345 30.940000534057617 AB 4.937289131795948 1.0668299766198857
60591.3007 lsst_hardware_r 108.07558586160565 24.43611914010915 31.5 AB 2.8274632702454117 1.0420626303115768
60591.3212 lsst_hardware_i 172.7010234181627 32.66595006344548 31.260000228881836 AB 2.7663160814940313 1.0171214565655047
60593.2214 lsst_hardware_z 582.1842087544219 66.2905400649547 31.690000534057617 AB 4.5752564673143 1.2709045742539722
60597.2182 lsst_hardware_i 232.83423920705593 49.432350776279506 31.270000457763672 AB 7.838277381173411 1.2334679051364752
60597.2386 lsst_hardware_z 204.81350672946144 51.91061342332684 30.950000762939453 AB 7.2698647225990145 1.1524224130937106
60598.2135 lsst_hardware_i 81.35669783939356 55.550016081155945 31.280000686645508 AB 8.86679315542725 1.2426309516400582
60598.233 lsst_hardware_z 218.9005483076122 55.46408356570888 30.959999084472656 AB 8.27555900050342 1.1624200583634205
60600.211 lsst_hardware_z 267.7457704535319 66.22086943180351 30.959999084472656 AB 6.190877257967016 1.2289582646087107
60600.2299 lsst_hardware_r -20.634706078169163 89.73995736385295 31.6200008392334 AB 5.828063619086799 1.154167232098926
60602.2109 lsst_hardware_i 265.77359143685135 66.52594303254102 31.299999237060547 AB 1.3530177621903896 1.2056295497352547
60602.2299 lsst_hardware_r 23.136627444155497 79.6689733091218 31.639999389648438 AB 1.2612227274901355 1.1361513947814006
60604.21 lsst_hardware_z 288.1032603797883 53.20687247923305 30.950000762939453 AB 2.8531219466541047 1.1871519888990727
60604.2287 lsst_hardware_g 82.80692310311595 53.765848867850764 31.690000534057617 AB 2.80445661370877 1.1230929205574918
60606.2186 lsst_hardware_r 114.93321855128329 30.297437397471295 31.530000686645508 AB 1.5280376730391012 1.1373559159220095
60606.2384 lsst_hardware_i 163.41748602996876 37.191639317638504 31.260000228881836 AB 1.8288671774149305 1.0831312865957643
60608.1942 lsst_hardware_i 131.63228452690436 33.489060389868186 31.239999771118164 AB 1.4459480692114417 1.2069683382403518
60608.2124 lsst_hardware_z 182.70882238842373 44.491540006300184 30.950000762939453 AB 1.3968272231910193 1.1397243950698464
60610.1909 lsst_hardware_i 160.95829104540314 33.57230511915311 31.229999542236328 AB 2.5042661079145203 1.1980223766135483
60610.2083 lsst_hardware_u -2.3866817472128923 2.638328349819073 28.389999389648438 AB 2.2931080444823935 1.1353893601992375
60612.1866 lsst_hardware_g -3.329335713235388 13.572616077367918 31.3799991607666 AB 6.123381432666279 1.193331447187044
60612.2041 lsst_hardware_r 74.59555759279519 24.325354549707672 31.489999771118164 AB 5.807366286961754 1.131452062662934
60614.2004 lsst_hardware_i 173.19927824427972 32.76317354864671 31.239999771118164 AB 4.99190298656917 1.1260778223706152
60614.2183 lsst_hardware_r 83.88582404942521 24.00804089424809 31.489999771118164 AB 5.292056304687487 1.0791489057429013
60616.1795 lsst_hardware_z -32.06317525760457 42.810001373291016 30.940000534057617 AB 4.404973910185845 1.178430687583158
60616.1986 lsst_hardware_u -0.7564298682316088 2.680000066757202 28.440000534057617 AB 4.0336958323686005 1.115359002452069
60619.1324 lsst_hardware_g 1.4709854725684406 13.1899995803833 31.280000686645508 AB 3.4557969816562584 1.376217561473305
60619.1486 lsst_hardware_r 22.764043186215922 22.829999923706055 31.450000762939453 AB 3.2043385256995305 1.2803270505242357
60621.1679 lsst_hardware_u 1.5498649775801376 2.7200000286102295 28.40999984741211 AB 6.068279819639054 1.1707668708908896
60621.1702 lsst_hardware_r -26.864275596370582 23.020000457763672 31.479999542236328 AB 6.035499359491474 1.1624426982408977
60627.1994 lsst_hardware_r -9.418827312713125 60.70000076293945 31.639999389648438 AB 4.197297060593386 1.0468815415513932
60627.2188 lsst_hardware_y 16.506788866571362 49.36000061035156 30.049999237060547 AB 7.398708991858485 1.0210749367731833
60628.1987 lsst_hardware_z -33.31524479279067 56.15999984741211 30.969999313354492 AB 4.060488605113812 1.043603839395005
60628.2178 lsst_hardware_r 1.2319422034320893 74.52999877929688 31.649999618530273 AB 7.421894339516348 1.019350959966536
60630.206 lsst_hardware_i -10.610295411241156 69.18000030517578 31.329999923706055 AB 2.4946638036901003 1.0261179695715774
60630.2245 lsst_hardware_z -101.39838296673906 61.18000030517578 30.989999771118164 AB 5.5227623654793145 1.0097688381537073
60634.1144 lsst_hardware_i -68.71899915190262 31.600000381469727 31.219999313354492 AB 4.195673356735622 1.2464864399093427
60634.1318 lsst_hardware_u 5.865941837247959 2.569999933242798 28.31999969482422 AB 3.39527680247392 1.1730097780180315
60636.1357 lsst_hardware_r 32.791664994752374 22.079999923706055 31.469999313354492 AB 7.527588779035859 1.1405437543993726
60636.1535 lsst_hardware_z 7.930748517902057 41.130001068115234 30.940000534057617 AB 7.1957267633928845 1.0902616308171038
60641.1317 lsst_hardware_r -4.000360202599993 22.049999237060547 31.469999313354492 AB 4.637903856013379 1.1115407683674967
60641.1486 lsst_hardware_i -29.852262570906873 30.06999969482422 31.239999771118164 AB 4.588044188521304 1.0704098427579596
60643.1295 lsst_hardware_z 64.59504829274863 41.77000045776367 30.940000534057617 AB 5.76816503994244 1.102688786071898
60643.1468 lsst_hardware_u -5.245651543587758 2.609999895095825 28.40999984741211 AB 5.585659504383628 1.0629734058487328
60645.1328 lsst_hardware_g -10.509108437395449 13.029999732971191 31.389999389648438 AB 6.97116130620408 1.0811074940480365
60645.1508 lsst_hardware_r -7.337231602609631 21.68000030517578 31.489999771118164 AB 6.79143178956598 1.0459889297788814
60647.1453 lsst_hardware_i -17.57181975616125 29.809999465942383 31.25 AB 3.3744801954824517 1.046053120451278
60647.1677 lsst_hardware_z 41.40431031206518 40.36000061035156 30.950000762939453 AB 3.724786922441372 1.0176781737503158
60649.1454 lsst_hardware_i 6.195545221617657 29.790000915527344 31.25 AB 5.60561364995035 1.0375002128356459
60649.1676 lsst_hardware_u 1.7639476439315545 2.690000057220459 28.5 AB 5.268627171065921 1.0131975328972924
60651.0445 lsst_hardware_y 87.42909439829643 51.380001068115234 29.940000534057617 AB 4.186153332570048 1.3797473080323164
60651.0662 lsst_hardware_z 5.157617785719396 43.88999938964844 30.93000030517578 AB 3.7860388117919404 1.2551098331812236
60653.0458 lsst_hardware_y 185.57309980814057 51.34000015258789 29.950000762939453 AB 9.735668046156432 1.3366591141479947
60653.0682 lsst_hardware_r 3.790495031074305 34.06999969482422 31.549999237060547 AB 9.070912985975532 1.2204663837254608
60655.0556 lsst_hardware_z 43.63166816679582 73.08999633789062 31.700000762939453 AB 17.018777004243013 1.2535390227715377
60657.046 lsst_hardware_y -95.49084977908308 54.689998626708984 29.979999542236328 AB 10.067113381664928 1.2743181495778388
60657.0674 lsst_hardware_z -24.496113496359886 56.83000183105469 30.959999084472656 AB 9.314323372556998 1.179028275007215
60659.0465 lsst_hardware_y 49.73812838766289 57.5 29.989999771118164 AB 12.451899904821872 1.2447755212701537
60659.0678 lsst_hardware_i 20.833261451409616 70.41000366210938 31.309999465942383 AB 11.585306309752102 1.1576786981896137
60661.0469 lsst_hardware_y 147.43953263498136 50.630001068115234 29.989999771118164 AB 4.891825400194227 1.2180840139925864
60661.0692 lsst_hardware_i 24.23123402921979 46.41999816894531 31.290000915527344 AB 4.626554001331751 1.1349329084585795
60664.049 lsst_hardware_y -48.67540868418632 49.689998626708984 30.0 AB 5.148703190769646 1.1763310985517916
60664.0719 lsst_hardware_g -20.571075569008563 13.010000228881836 31.3799991607666 AB 4.924028670956013 1.103382582377356
60666.0496 lsst_hardware_y 46.45805353392179 50.0099983215332 30.010000228881836 AB 5.642211744356674 1.1545151493269687
60666.0728 lsst_hardware_i 61.64473405667973 30.260000228881836 31.239999771118164 AB 5.298673897771786 1.0873349654267965
60667.0497 lsst_hardware_z 23.410520827209105 43.400001525878906 30.940000534057617 AB 7.335112673540795 1.1449783037942491
60667.0733 lsst_hardware_u -1.2604513298210522 2.5999999046325684 28.389999389648438 AB 6.919984395403547 1.0798134345640238
60671.0476 lsst_hardware_y -17.867300068365143 51.47999954223633 30.030000686645508 AB 6.986629080157314 1.1177414270730972
60671.0696 lsst_hardware_z 5.52596662788731 41.279998779296875 30.950000762939453 AB 6.705357748564029 1.0644551405276794
60675.0471 lsst_hardware_y 85.7267137588923 50.63999938964844 30.040000915527344 AB 7.456019183456376 1.0900538139157674
60675.0678 lsst_hardware_r -10.688133300040214 21.520000457763672 31.479999542236328 AB 7.169442409554785 1.0477835266601927
60677.0482 lsst_hardware_y -68.33403721936995 50.84000015258789 30.030000686645508 AB 7.498602415619033 1.0749143371013532
60677.0711 lsst_hardware_r 16.435709058158213 21.450000762939453 31.479999542236328 AB 7.419194992627909 1.0344666749341758
60679.0464 lsst_hardware_z 79.909929657641 45.880001068115234 30.959999084472656 AB 2.364891389382522 1.0671892551365172
60679.0681 lsst_hardware_g 12.773190641379971 13.819999694824219 31.43000030517578 AB 2.2992742026298467 1.031180268025495
60681.0477 lsst_hardware_y -26.814440162578048 72.76000213623047 30.799999237060547 AB 10.361588242938529 1.0542211466056972
60681.072 lsst_hardware_i 31.38276150404106 44.65999984741211 32.02000045776367 AB 9.911779552452384 1.0204302902318871
60683.0454 lsst_hardware_y 27.979985132498168 53.599998474121094 30.049999237060547 AB 8.558047624411271 1.0487160865647045
60683.0669 lsst_hardware_r -29.2093231035807 38.38999938964844 31.610000610351562 AB 8.56348958155453 1.0200702300839226
60685.0419 lsst_hardware_y -21.26440979558166 61.599998474121094 30.059999465942383 AB 9.492907661204685 1.0454744120269461
60685.0585 lsst_hardware_z -22.452583552618496 49.650001525878906 30.969999313354492 AB 9.263316505195155 1.023118677401718
60687.0426 lsst_hardware_y 16.981133023530298 60.540000915527344 30.059999465942383 AB 4.0150164341394365 1.0361332733263062
60687.0589 lsst_hardware_z -64.25026291172715 55.56999969482422 30.979999542236328 AB 4.0895492780559355 1.0173008154368
60910.3603 lsst_hardware_r 20.157252703378653 22.690000534057617 31.450000762939453 AB 2.5052545334489706 1.2359928627795769
60910.3789 lsst_hardware_i 1.361797332178056 30.860000610351562 31.219999313354492 AB 2.6050931260854004 1.1605701482411943
60932.3306 lsst_hardware_r 36.69825650508055 32.529998779296875 31.559999465942383 AB 1.8485598291281193 1.1224935709714317
60932.3475 lsst_hardware_i -73.6246317020632 35.16999816894531 31.270000457763672 AB 1.6166041864049927 1.0786949642382069
60934.3234 lsst_hardware_z 46.55210090680148 42.439998626708984 30.940000534057617 AB 3.0324063685263405 1.1277078350784209
60934.3408 lsst_hardware_u 0.9657078833004789 2.8399999141693115 28.489999771118164 AB 4.449058757111708 1.0815092694286343
60938.3076 lsst_hardware_r -4.479713996154042 21.979999542236328 31.459999084472656 AB 7.437727723958785 1.1430934001987656
60938.3239 lsst_hardware_i 1.996749623069644 30.059999465942383 31.239999771118164 AB 7.043258904917233 1.0959427756615716
60940.3357 lsst_hardware_i -21.443476100701897 29.65999984741211 31.239999771118164 AB 1.631516735981446 1.0580523579648342
60940.3527 lsst_hardware_u -0.11887571445958836 2.5199999809265137 28.350000381469727 AB 1.5754345611076908 1.0312122802212476
60941.3286 lsst_hardware_g 2.5366546245518613 12.850000381469727 31.3799991607666 AB 2.2322548566024363 1.0665760811956695
60941.3449 lsst_hardware_r 2.0012648451807395 21.489999771118164 31.489999771118164 AB 1.8457528787362125 1.0382035504281686
60943.3126 lsst_hardware_r -8.334691228830534 21.809999465942383 31.479999542236328 AB 6.680119823097501 1.0900978823592526
60943.3277 lsst_hardware_i -1.8009937413399877 29.8700008392334 31.25 AB 6.518588591685383 1.057697321383317
60945.2746 lsst_hardware_r 1.1637314614215883 22.219999313354492 31.459999084472656 AB 4.566237876251114 1.1935276522547023
60945.2946 lsst_hardware_i 45.28503460886404 30.420000076293945 31.229999542236328 AB 4.847369842457478 1.1240060696313063
60947.2651 lsst_hardware_z 12.580988895990215 43.279998779296875 30.93000030517578 AB 5.537956630949986 1.210217795225084
