data/validation/pwv_sim_epoch_fit_4/2692614.ecsv
# %ECSV 0.9
# ---
# datatype:
# - {name: time, datatype: float64}
# - {name: band, datatype: string}
# - {name: flux, datatype: float64}
# - {name: fluxerr, datatype: float64}
# - {name: zp, datatype: float64}
# - {name: zpsys, datatype: string}
# - {name: pwv, datatype: float64}
# - {name: airmass, datatype: float64}
# meta: {SNID: '2692614', alt: 1024.0, c: 0.006904607638716698, dec: -47.161343, lat: -30.244573, lon: -70.7499537, ra: 77.620087, t0: 62178.03125,
#   x0: 1.1327351775216192e-05, x1: -0.06961723417043686, z: 0.43682801723480225}
# schema: astropy-2.0
time band flux fluxerr zp zpsys pwv airmass
62041.3957 lsst_hardware_u 9.619872151644827 12.050000190734863 29.309999465942383 AB 4.180149204999809 1.0450373012499523
62044.3916 lsst_hardware_r 14.142192654966118 29.6299991607666 31.559999465942383 AB 4.3374390471998865 1.0454179434078663
62046.3337 lsst_hardware_g 50.43804433845311 79.27999877929688 31.719999313354492 AB 3.11285041098713 1.073396693443838
62046.3506 lsst_hardware_y 135.2663254435022 50.880001068115234 30.049999237060547 AB 3.0636906745844095 1.0564450602015205
62055.3812 lsst_hardware_z -19.545412912902435 58.220001220703125 30.979999542236328 AB 6.25703210777872 1.0532246499276845
62057.3764 lsst_hardware_r 3.3434729072049727 27.040000915527344 31.530000686645508 AB 6.104212821829922 1.0536615918003316
62059.3659 lsst_hardware_i 25.536446417972606 30.780000686645508 31.25 AB 7.693242522111363 1.0506186371537556
62059.3767 lsst_hardware_z 57.45251025763147 52.47999954223633 30.969999313354492 AB 8.252107511026164 1.057962501413611
62064.3676 lsst_hardware_r -27.620599130472893 23.770000457763672 31.520000457763672 AB 2.674448190722742 1.0619913397972502
62065.3635 lsst_hardware_r -25.492074822854608 22.709999084472656 31.479999542236328 AB 3.3509920543266585 1.060720249325415
62065.3753 lsst_hardware_i 25.626303096319262 46.369998931884766 31.290000915527344 AB 4.129808165160335 1.0733744418870266
62067.3574 lsst_hardware_z -56.73797416654852 41.650001525878906 30.950000762939453 AB 3.793020625213916 1.0601445824420503
62067.3682 lsst_hardware_i -82.42716651481156 36.13999938964844 31.270000457763672 AB 3.827695382615471 1.0713832942569275
62075.3469 lsst_hardware_g -29.816672476504735 37.29999923706055 31.68000030517578 AB 5.461657426629586 1.0720343025313024
62075.3598 lsst_hardware_r -21.17057362335402 24.0 31.510000228881836 AB 5.537114138891483 1.0900188599805842
62077.3397 lsst_hardware_i -108.09852335320481 61.7400016784668 31.31999969482422 AB 5.2402209311971 1.0699787506272564
62077.3521 lsst_hardware_z -44.372192039327565 57.43000030517578 30.979999542236328 AB 5.310753528530395 1.0865436097448278
62079.3329 lsst_hardware_z 27.701340813706686 55.56999969482422 30.979999542236328 AB 4.129219821185218 1.0684543266822777
62079.3455 lsst_hardware_r 113.56913329750408 72.0199966430664 31.639999389648438 AB 4.745424414746053 1.0848337456554762
62081.3284 lsst_hardware_z 17.59676148230923 49.630001068115234 30.969999313354492 AB 6.155044640788597 1.0695435096507742
62081.3401 lsst_hardware_r -53.16448806829955 55.119998931884766 31.6299991607666 AB 5.4300456949724545 1.0849242147797111
62083.3315 lsst_hardware_i 19.88640162381704 39.15999984741211 31.290000915527344 AB 8.643252001841603 1.0804065002302004
62083.3426 lsst_hardware_z -11.17731058379544 46.0 30.959999084472656 AB 8.790864035786939 1.0977145518152265
62086.3355 lsst_hardware_r 22.154548374145158 24.450000762939453 31.510000228881836 AB 4.03065819404484 1.0996202957426926
62086.3467 lsst_hardware_z -15.31096807746611 43.61000061035156 30.950000762939453 AB 3.9821177440778244 1.1214074187773924
62090.2544 lsst_hardware_r 39.34072235665522 21.270000457763672 31.469999313354492 AB 6.219225168297122 1.0454675634875485
62090.2678 lsst_hardware_i 26.916141064200104 29.43000030517578 31.239999771118164 AB 6.1023115531605505 1.0457333410152283
62091.3222 lsst_hardware_z 15.094317017212754 41.66999816894531 30.940000534057617 AB 4.1682731676338936 1.100243676292436
62091.3343 lsst_hardware_r 15.760241661352396 21.829999923706055 31.450000762939453 AB 3.58017482787987 1.1241031407037976
62095.1607 lsst_hardware_u -0.39654518791473853 2.5399999618530273 28.329999923706055 AB 3.304387674322719 1.145765490403162
62096.312 lsst_hardware_r 13.673059382275888 21.559999465942383 31.459999084472656 AB 4.979527525408233 1.1065616723129408
62096.3239 lsst_hardware_u -3.615956826472343 2.5299999713897705 28.31999969482422 AB 5.091118375668204 1.1313596390373786
62100.3073 lsst_hardware_r 21.736692113479624 21.75 31.459999084472656 AB 5.837079312580879 1.1189289417087946
62100.3197 lsst_hardware_i -4.738786034172975 30.610000610351562 31.219999313354492 AB 6.069036598625728 1.1475551365106003
62103.3005 lsst_hardware_z -89.89373810624984 41.869998931884766 30.940000534057617 AB 5.040852380381004 1.1218722262017737
62103.313 lsst_hardware_r -15.915632198097812 21.889999389648438 31.450000762939453 AB 5.17341289236003 1.1513743709698212
62105.2667 lsst_hardware_r -36.55693353452972 70.73999786376953 31.639999389648438 AB 8.246779039949956 1.074149012041747
62105.2798 lsst_hardware_z -42.14786098009313 55.459999084472656 30.969999313354492 AB 8.40876175399002 1.093111700226197
62107.2975 lsst_hardware_i -2.5474928824129894 67.06999969482422 31.309999465942383 AB 7.006672421484354 1.1399141683542953
62107.3096 lsst_hardware_z 138.19191407367447 62.099998474121094 30.969999313354492 AB 7.197385606238488 1.1719464591426063
62110.2835 lsst_hardware_z -46.70880210469071 51.630001068115234 30.959999084472656 AB 5.866659743703938 1.126470764920111
62110.2951 lsst_hardware_r -26.586089493176996 59.5 31.610000610351562 AB 5.013032815540619 1.1545446373885253
62112.2911 lsst_hardware_y -9.169036810934415 70.2699966430664 30.770000457763672 AB 7.518345334413736 1.1584358702758666
62114.215 lsst_hardware_g 7.055072193219228 18.75 31.549999237060547 AB 9.771552040068611 1.050252798803591
62114.227 lsst_hardware_r 11.626747933655912 26.93000030517578 31.549999237060547 AB 9.94302666516167 1.0583692873788788
62116.2009 lsst_hardware_r 3.42413151041843 21.3700008392334 31.479999542236328 AB 13.29359923272618 1.0467400970650536
62116.2142 lsst_hardware_i -7.102805484038739 29.6299991607666 31.25 AB 13.24143217838136 1.0529547277151357
62122.199 lsst_hardware_r 2.264495067406459 30.43000030517578 32.2400016784668 AB 3.5143789395547143 1.0537341280959616
62122.2113 lsst_hardware_z -58.68073952143303 58.08000183105469 31.700000762939453 AB 5.0406209267649285 1.064020741647629
62124.1935 lsst_hardware_r 10.816759272586088 21.530000686645508 31.489999771118164 AB 3.9884634174720315 1.0537087977117778
62124.2076 lsst_hardware_u 1.4642294340915685 2.740000009536743 28.520000457763672 AB 4.087816641558002 1.0658308643031191
62126.191 lsst_hardware_g 17.0783949732567 18.09000015258789 32.150001525878906 AB 3.907031744780439 1.0558118483395322
62126.2058 lsst_hardware_r 9.758838408561115 30.639999389648438 32.2400016784668 AB 3.8892417132972286 1.0698691185745752
62128.1267 lsst_hardware_g 7.388779092611198 18.479999542236328 31.530000686645508 AB 6.630044537160385 1.0564966197371342
62128.1397 lsst_hardware_r -34.50265360393486 24.270000457763672 31.520000457763672 AB 6.509646170468278 1.0486743730114019
62129.1314 lsst_hardware_i -10.05377818257113 33.65999984741211 31.270000457763672 AB 6.644324786802126 1.0514835870869008
62129.1456 lsst_hardware_z -15.20150851218897 42.310001373291016 30.959999084472656 AB 6.617183606716228 1.0459056556235393
62131.129 lsst_hardware_i 15.003163269320407 39.470001220703125 31.290000915527344 AB 5.087792876071193 1.0498411918640582
62131.1434 lsst_hardware_z 65.59781387671133 45.040000915527344 30.959999084472656 AB 5.053518330325577 1.045357259207856
62133.1314 lsst_hardware_z -26.5131033332979 49.369998931884766 30.969999313354492 AB 7.395177766859239 1.0467342911336501
62133.1453 lsst_hardware_r 56.4736177224132 55.0099983215332 31.639999389648438 AB 7.389399084552977 1.0451150806133034
62135.1716 lsst_hardware_r -79.78384441685904 107.27999877929688 32.400001525878906 AB 6.974614152795795 1.0600523068311871
62135.1862 lsst_hardware_y -20.097725190006898 73.47000122070312 30.790000915527344 AB 7.039779280632152 1.0759664178873543
62137.1296 lsst_hardware_z -64.76107451130623 82.69999694824219 31.729999542236328 AB 7.278601220033054 1.045117583251508
62139.1772 lsst_hardware_i 96.84233504524447 50.689998626708984 31.299999237060547 AB 4.09565233651873 1.0785127943433124
62139.1904 lsst_hardware_z -68.79834076808216 51.7599983215332 30.959999084472656 AB 4.1586465956129794 1.0989596817299216
62141.1786 lsst_hardware_r -18.65976305176713 43.560001373291016 31.600000381469727 AB 12.21105619945703 1.0884830330593598
62141.1908 lsst_hardware_z 9.140644207266714 46.720001220703125 30.950000762939453 AB 12.49559108482993 1.1097738446357466
62143.1101 lsst_hardware_i -23.734861411597453 41.709999084472656 31.989999771118164 AB 9.180304941571821 1.04543405802898
62143.126 lsst_hardware_u -0.7132854304365638 4.519999980926514 29.6200008392334 AB 8.346623057792593 1.0464235518984404
62143.1433 lsst_hardware_g 12.361125468873635 12.6899995803833 31.3799991607666 AB 8.430791151401696 1.0548817990200858
62145.1011 lsst_hardware_g 14.508821556508785 12.630000114440918 31.3799991607666 AB 6.897670267532704 1.046092173275102
62145.1135 lsst_hardware_r 24.67962966461382 21.309999465942383 31.479999542236328 AB 6.861157308585705 1.0451911506719027
62147.1029 lsst_hardware_i 7.438328005389269 29.549999237060547 31.239999771118164 AB 5.962237483339912 1.0450898305591432
62147.1164 lsst_hardware_r 29.08466088072138 21.329999923706055 31.479999542236328 AB 5.897664015851526 1.0467987248582757
62149.1025 lsst_hardware_u 3.6888111848226215 2.630000114440918 28.450000762939453 AB 3.047763616367058 1.0451864253659322
62149.1171 lsst_hardware_g 3.2273632809991306 12.6899995803833 31.3799991607666 AB 3.2648964817345774 1.049131260197469
62151.1014 lsst_hardware_r 7.933379785414253 21.524283208435346 31.479999542236328 AB 5.675172979450735 1.0457935465818307
62151.1141 lsst_hardware_i 18.091694347433513 29.823082551333844 31.25 AB 5.679351817588781 1.0503378511707513
62153.0963 lsst_hardware_z 36.0987121700437 40.89990542106339 30.950000762939453 AB 2.1335670886587685 1.0458662199307491
62153.1103 lsst_hardware_r 48.24919845063765 22.000033704753047 31.479999542236328 AB 2.0378317870642713 1.0512415718670474
62155.0979 lsst_hardware_u 0.266904978185416 2.6932810707707833 28.450000762939453 AB 4.069000021622865 1.0479460930479114
62155.1109 lsst_hardware_g 4.111138743602355 12.984356474029598 31.389999389648438 AB 4.091612939481767 1.055151296365614
62159.0735 lsst_hardware_i 570.663713701639 40.91124785466269 31.270000457763672 AB 7.655250426999664 1.0450853825255515
62159.0852 lsst_hardware_r 694.7040586296848 40.8973941211935 31.56999969482422 AB 8.848058343187654 1.0473037365803304
62164.0734 lsst_hardware_r 2125.470101957257 81.19392543673472 31.649999618530273 AB 12.249824600135344 1.0479788348135293
62164.0857 lsst_hardware_i 1239.0018431045712 66.0162966782506 31.31999969482422 AB 13.050950308437049 1.0547074760333803
62166.0721 lsst_hardware_z 1320.5242737943374 66.94012503463195 30.979999542236328 AB 11.70481686832954 1.049814283407611
62166.0844 lsst_hardware_r 2892.231528326836 95.3592243830523 31.649999618530273 AB 13.478884774305742 1.0578865195405303
62170.0687 lsst_hardware_r 3426.1264030079096 62.129287054080876 31.489999771118164 AB 8.311661752691254 1.054277691795323
62170.0818 lsst_hardware_z 1803.0815863630667 60.08158424383756 30.959999084472656 AB 8.356539664387709 1.0656472935744838
62172.0649 lsst_hardware_r 7506.1500873392215 92.1148440265766 32.25 AB 6.28397363006512 1.055464812943963
62172.0776 lsst_hardware_u 10.302992711913316 5.756875906948999 29.260000228881836 AB 6.396605198399278 1.0669900247538413
62174.0657 lsst_hardware_g 3227.8012937373824 58.60198046155604 32.13999938964844 AB 6.5753660526157045 1.0605999332139806
62174.0793 lsst_hardware_r 7807.4912560076655 93.74763135234411 32.22999954223633 AB 6.664343893088089 1.0754579244100524
62176.0631 lsst_hardware_i 2766.8682691725157 60.69811331667931 31.25 AB 6.301913530240033 1.0633000430657504
62176.0769 lsst_hardware_z 2119.163185907768 61.06921962142402 30.940000534057617 AB 6.54228784265679 1.0795260727116422
62178.0615 lsst_hardware_r 3931.4990199366634 67.21545884867703 31.479999542236328 AB 1.0860670134405819 1.0673003162138357
62178.0732 lsst_hardware_u 0.41747634382405885 3.42151113410285 28.440000534057617 AB 1.0971387487740645 1.081990876503036
62422.3371 lsst_hardware_g -8.220414987007434 12.640000343322754 31.3799991607666 AB 5.734220676513132 1.0475056799840916
62422.3492 lsst_hardware_y -75.6006290838083 46.779998779296875 30.040000915527344 AB 5.693788861150864 1.0450514887398343
62423.3145 lsst_hardware_r -37.57883217572136 21.459999084472656 31.479999542236328 AB 5.349003654393715 1.0597682580360022
62423.3271 lsst_hardware_z -10.787440841859068 40.779998779296875 30.950000762939453 AB 5.279698523702202 1.0507908296750328
62425.3651 lsst_hardware_r 23.192294286721783 21.989999771118164 31.489999771118164 AB 7.69453779644804 1.0513099872179315
62425.3754 lsst_hardware_u -16.76670557475942 7.170000076293945 29.09000015258789 AB 8.256974820436053 1.0585865154405196
62427.3585 lsst_hardware_g -36.53988330713701 12.949999809265137 31.389999389648438 AB 6.784747504708552 1.0506771203574992
62427.3693 lsst_hardware_r -18.225527593583283 23.139999389648438 31.5 AB 6.854858259541275 1.0580525964948908
62429.3631 lsst_hardware_i 38.862655336960486 30.780000686645508 31.25 AB 0.738099416408374 1.0574490206423697
62429.374 lsst_hardware_z 46.325076184153126 55.849998474121094 30.979999542236328 AB 0.6841395284146138 1.0678556634997365
62433.357 lsst_hardware_r 87.7194416761669 71.66999816894531 31.639999389648438 AB 3.7745271838446155 1.0616521237140302
62433.3678 lsst_hardware_z -31.247720831613623 60.40999984741211 30.979999542236328 AB 3.8071227416408746 1.073386422153341
62435.3501 lsst_hardware_z 96.14945053904638 50.33000183105469 30.969999313354492 AB 2.5257108704992346 1.060332019521043
62435.3611 lsst_hardware_i -31.277516361521137 50.029998779296875 31.309999465942383 AB 2.569549513037656 1.0718738191835044
62437.3503 lsst_hardware_z 65.25298455475321 46.209999084472656 30.959999084472656 AB 3.5399626978761387 1.0658525247651152
62437.3601 lsst_hardware_r 0.30801160946138256 44.36000061035156 31.610000610351562 AB 3.603243306280863 1.0775249121653299
62438.3605 lsst_hardware_y -149.87549431928798 78.75 30.790000915527344 AB 3.8113044930508897 1.0818349398384586
62442.3524 lsst_hardware_i -32.95990371243685 31.459999084472656 31.25 AB 2.8118408283723304 1.0859672987824003
62442.3645 lsst_hardware_z -93.41763734055549 56.349998474121094 30.969999313354492 AB 2.850586020146727 1.1064507776477988
62451.3389 lsst_hardware_z 0.7992566814267545 41.45000076293945 30.93000030517578 AB 2.6729732036175995 1.1045343816601652
62451.3505 lsst_hardware_r -17.25234505669706 23.690000534057617 31.479999542236328 AB 2.7977162092059413 1.1282251070494773
62456.2391 lsst_hardware_z -112.34201851507967 64.66999816894531 31.709999084472656 AB 7.992544737026282 1.0497169342036095
62456.2526 lsst_hardware_g 18.26131913313283 33.29999923706055 31.670000076293945 AB 6.142155319242538 1.0454287594983258
62458.3145 lsst_hardware_i -36.309640572926305 42.029998779296875 31.280000686645508 AB 4.9860592402724935 1.0951953229475386
62458.3261 lsst_hardware_r 7.718400760500141 21.649999618530273 31.469999313354492 AB 5.132933076277989 1.1168666711756277
62460.3147 lsst_hardware_z -34.33498481724782 83.02999877929688 31.719999313354492 AB 5.404568073368141 1.1052286448605604
62461.3048 lsst_hardware_r 48.47964915787069 83.88999938964844 31.639999389648438 AB 4.518826060628781 1.0926915876264345
62461.3183 lsst_hardware_i 5.02243908967792 66.91000366210938 31.309999465942383 AB 4.681101912440133 1.1176749029880704
62465.1344 lsst_hardware_g -12.94114775342862 39.61000061035156 31.639999389648438 AB 9.099798354779288 1.1826111187115693
62465.1451 lsst_hardware_i -16.888466292838213 45.15999984741211 31.290000915527344 AB 8.851839263667996 1.1524831955127308
62466.3158 lsst_hardware_r -92.45093134998386 48.33000183105469 31.600000381469727 AB 6.0365925897691275 1.1429332766997402
62466.3279 lsst_hardware_z 39.11422649052442 48.7400016784668 30.950000762939453 AB 6.155939185566208 1.1755453568873382
