data/validation/pwv_sim_epoch_fit_4/26991664.ecsv
# %ECSV 0.9
# ---
# datatype:
# - {name: time, datatype: float64}
# - {name: band, datatype: string}
# - {name: flux, datatype: float64}
# - {name: fluxerr, datatype: float64}
# - {name: zp, datatype: float64}
# - {name: zpsys, datatype: string}
# - {name: pwv, datatype: float64}
# - {name: airmass, datatype: float64}
# meta: {SNID: '26991664', alt: 1024.0, c: -0.07732042670249939, dec: -16.179399, lat: -30.244573, lon: -70.7499537, ra: 78.046875, t0: 59960.49609375,
#   x0: 1.6764904140180094e-05, x1: 0.1644149273633957, z: 0.36978355050086975}
# schema: astropy-2.0
time band flux fluxerr zp zpsys pwv airmass
59851.346 lsst_hardware_r 4.556388440309268 22.350000381469727 31.489999771118164 AB 7.395811256925979 1.0682957181750656
59851.3642 lsst_hardware_y 133.2039538183501 47.0099983215332 30.049999237060547 AB 7.257535709607871 1.0441996608711457
59861.3505 lsst_hardware_z 3.1121727132724786 59.27000045776367 30.989999771118164 AB 2.985580617580077 1.034325521420432
59861.3684 lsst_hardware_y -9.765716630401817 52.7400016784668 30.059999465942383 AB 2.9457351276496033 1.0313596758999604
59863.3549 lsst_hardware_z 68.78903639076287 62.709999084472656 30.989999771118164 AB 4.506522384455971 1.0312998190870533
59863.3731 lsst_hardware_y -38.27564214663151 56.380001068115234 30.059999465942383 AB 4.478881026969975 1.034682304815398
59866.3617 lsst_hardware_y 149.0049769265824 73.30999755859375 30.809999465942383 AB 5.5794861127430515 1.033238169026491
59868.3472 lsst_hardware_r -4.963975908942031 42.66999816894531 31.6200008392334 AB 7.531168194497083 1.031125417406
59868.3654 lsst_hardware_z -23.970364974309582 47.349998474121094 30.969999313354492 AB 7.5962569717870005 1.0383310589069827
59870.3293 lsst_hardware_i 61.75946412034595 33.0099983215332 31.270000457763672 AB 6.3430642131740615 1.0329041219954505
59870.3471 lsst_hardware_z 19.887901953881407 42.11000061035156 30.959999084472656 AB 6.675090949520082 1.032031068662596
59872.3243 lsst_hardware_r 19.578987044610717 22.65999984741211 31.510000228881836 AB 1.2429040890857124 1.0327412456056115
59872.3428 lsst_hardware_u -0.3904593880754868 2.880000114440918 28.540000915527344 AB 0.7357284443369432 1.0323598377038492
59874.3234 lsst_hardware_g 14.886977702238678 13.300000190734863 31.40999984741211 AB 2.6363384444440303 1.031532209505344
59874.3415 lsst_hardware_i 24.010920137656488 29.940000534057617 31.25 AB 3.297804814063184 1.033929660842801
59876.3267 lsst_hardware_z 38.25730045530786 40.88999938964844 30.950000762939453 AB 3.3785683133584445 1.0312565437325465
59876.3452 lsst_hardware_r -20.97010712226274 22.170000076293945 31.489999771118164 AB 3.725960221960443 1.0395610942461129
59878.3223 lsst_hardware_u 0.2535409160845291 2.7699999809265137 28.540000915527344 AB 1.424026696630391 1.0314051400026973
59878.3406 lsst_hardware_g -14.181976126529673 13.479999542236328 31.43000030517578 AB 2.471535757567228 1.0402451366421888
59880.3075 lsst_hardware_r 15.562518650511814 22.270000457763672 31.510000228881836 AB 2.894925258806478 1.0314460542065838
59880.3255 lsst_hardware_i 50.04685085524816 30.280000686645508 31.260000228881836 AB 2.930388485840299 1.034102685783772
59882.2581 lsst_hardware_z -50.277390890387515 41.47999954223633 30.959999084472656 AB 3.809016066824416 1.0740211664526762
59882.2741 lsst_hardware_r 30.088867167256318 22.399999618530273 31.510000228881836 AB 3.6196384717720664 1.0500836877783772
59884.3024 lsst_hardware_r -15.388752984505246 22.149999618530273 31.5 AB 5.626499180248083 1.031060872319683
59884.3223 lsst_hardware_u -3.884264968993326 2.799999952316284 28.549999237060547 AB 5.6293541640121125 1.0387539975419078
59886.2999 lsst_hardware_g -24.816833092684693 13.550000190734863 31.440000534057617 AB 4.950337273980262 1.0313202654125546
59886.32 lsst_hardware_i -9.426574097806174 30.15999984741211 31.25 AB 4.998139579283444 1.0412790790173843
59895.277 lsst_hardware_r 36.90752147347788 66.30999755859375 31.649999618530273 AB 4.2295615846690495 1.0316003865046464
59895.2942 lsst_hardware_z 151.29007084258745 54.9900016784668 30.979999542236328 AB 3.822405832116342 1.0402519613869776
59897.2651 lsst_hardware_r -40.7121028703697 45.099998474121094 31.6299991607666 AB 5.905856215705316 1.03105031698766
59897.2827 lsst_hardware_y 15.232213420426726 48.630001068115234 30.059999465942383 AB 5.796476023866352 1.0360100132022076
59900.2724 lsst_hardware_u 0.9185270057850415 3.1600000858306885 28.579999923706055 AB 4.1609082232959915 1.0348372783326818
59900.2921 lsst_hardware_g -26.358376934757143 19.280000686645508 31.540000915527344 AB 3.9561834720833278 1.0521065014515865
59902.2675 lsst_hardware_r 19.216834702856563 22.229999542236328 31.489999771118164 AB 5.384760628451004 1.035132762101308
59902.2857 lsst_hardware_i 31.09243830322253 30.31999969482422 31.239999771118164 AB 5.553238532171579 1.0509535450741065
59904.2521 lsst_hardware_z -23.19871983391906 40.70000076293945 30.950000762939453 AB 3.4020032711779034 1.0315352550572339
59904.2725 lsst_hardware_r 19.167278655972268 22.219999313354492 31.479999542236328 AB 3.3423064289295503 1.0427328709222807
59906.2515 lsst_hardware_u 2.6726718577137043 2.640000104904175 28.420000076293945 AB 6.30352896891708 1.0328574420638696
59906.2715 lsst_hardware_g -11.759356295555287 13.65999984741211 31.40999984741211 AB 6.407782065526804 1.0471943235049523
59908.2526 lsst_hardware_r -18.492395039806706 22.209999084472656 31.489999771118164 AB 6.832203923994223 1.0359672363903296
59908.2715 lsst_hardware_z 86.55133574304563 41.029998779296875 30.950000762939453 AB 6.9450669390158355 1.0536797935165312
59910.2538 lsst_hardware_r 15.186303984899803 22.469999313354492 31.5 AB 4.569034024355973 1.0407032171488815
59910.2731 lsst_hardware_u -0.07654423212612528 2.630000114440918 28.389999389648438 AB 4.655403965374133 1.0637883954010907
59912.2266 lsst_hardware_z 0.463977806304959 40.86000061035156 30.950000762939453 AB 5.2141954041891605 1.0310847150858535
59912.2459 lsst_hardware_g -25.87717166437402 13.720000267028809 31.420000076293945 AB 5.165341359757626 1.0387815705896393
59922.2173 lsst_hardware_r -152.21397758576694 99.0199966430664 31.65999984741211 AB 5.746030754570474 1.0378453453572607
59922.2367 lsst_hardware_y 28.480671873259247 56.79999923706055 30.059999465942383 AB 5.909900711968363 1.058331719797349
59924.2186 lsst_hardware_g 0.2248945340950076 71.41999816894531 31.729999542236328 AB 9.917192694145898 1.0433841758557345
59924.2371 lsst_hardware_r -23.455508679856464 69.54000091552734 31.649999618530273 AB 10.167721251393724 1.0673839123149973
59929.1971 lsst_hardware_z -26.26419232283472 88.61000061035156 31.0 AB 10.673067452645467 1.0371079104209238
59929.215 lsst_hardware_r 126.60127438731055 78.76000213623047 31.649999618530273 AB 10.950408230527279 1.054769492029568
59931.155 lsst_hardware_u 19.62383616608878 25.6200008392334 29.510000228881836 AB 3.008337910783472 1.0367620600057916
59931.1735 lsst_hardware_g -4.716073392568229 85.31999969482422 31.739999771118164 AB 3.4281890979277403 1.0310343151662378
59937.1588 lsst_hardware_g 63.72091028525988 85.38193795294497 31.739999771118164 AB 6.42380533078328 1.0311083998046997
59937.1793 lsst_hardware_r 35.07430231058189 81.21926406082686 31.65999984741211 AB 6.763753463622814 1.0400574272283571
59939.1325 lsst_hardware_r 396.49650943103734 82.25336487505946 31.65999984741211 AB 7.256156056705312 1.0371864003295186
59939.1533 lsst_hardware_i 363.7058407943882 80.70742742526666 31.34000015258789 AB 7.203558235378837 1.0311051329938834
59942.1338 lsst_hardware_z 574.2268580553595 92.94003577405728 31.0 AB 7.382499812295553 1.0325174562651123
59942.1548 lsst_hardware_r 1030.9820166036698 86.96735874451126 31.65999984741211 AB 7.329834520690585 1.0334627452506993
59944.1292 lsst_hardware_z 1641.0865202696639 137.46571446450088 31.760000228881836 AB 6.991955262913171 1.0322514597937331
59946.121 lsst_hardware_r 2344.066088909487 95.8828079558529 31.65999984741211 AB 5.233604668531556 1.0331861945576064
59946.1426 lsst_hardware_z 1008.4461142617365 98.56924052714476 31.0 AB 4.770559173491922 1.0329612068188934
59948.1193 lsst_hardware_r 3366.33654713026 98.77010224785218 31.65999984741211 AB 2.3735288485104586 1.0319690645697648
59948.1442 lsst_hardware_y 779.9123855153985 97.61726221222274 30.079999923706055 AB 2.6196278579352805 1.0364501910723167
59952.094 lsst_hardware_r 4942.342880896038 108.2954518900403 31.65999984741211 AB 6.067626698885765 1.0393331104634747
59952.1148 lsst_hardware_i 3089.4803392369026 98.7844764065943 31.34000015258789 AB 6.046018858885059 1.0310400509694848
59954.096 lsst_hardware_z 2338.1596107111086 100.26379385741004 31.0 AB 8.78212814597915 1.0345912877397838
59954.1169 lsst_hardware_r 5601.680048867228 108.69240890802163 31.65999984741211 AB 8.765133641668854 1.031799133804456
59956.0863 lsst_hardware_u 110.26731401826193 27.996307578613408 29.510000228881836 AB 5.810184551400754 1.0370391274513482
59956.1059 lsst_hardware_g 4671.176516475315 110.16331300926157 31.739999771118164 AB 5.919322344732796 1.0310462330976087
59958.0761 lsst_hardware_r 6472.329831389177 112.8433583133541 31.65999984741211 AB 6.778699161865461 1.04054224422623
59958.0951 lsst_hardware_z 2468.835253893315 103.19996714598423 31.0 AB 7.0694762425631925 1.0313377128812282
59963.0688 lsst_hardware_r 6103.617299014788 112.40462401314936 31.65999984741211 AB 3.7576793221129607 1.036029589774734
59963.0892 lsst_hardware_u 63.091325326931376 26.719391716110806 29.510000228881836 AB 3.995883902874435 1.031240200320298
59967.047 lsst_hardware_y 671.3763373201796 97.74721963321105 30.079999923706055 AB 7.855789092560707 1.04465280486178
59967.0654 lsst_hardware_i 4038.263383021978 101.82158701934492 31.34000015258789 AB 7.625430961247575 1.0325566636760426
59972.0441 lsst_hardware_y 238.85824986679026 96.31254546863525 30.079999923706055 AB 12.049877059279781 1.0361029285709185
59972.0621 lsst_hardware_r 4323.266723008172 104.24042164467167 31.65999984741211 AB 12.01332301817152 1.031039023158763
59974.0427 lsst_hardware_y 423.96285548590265 96.24855594662112 30.079999923706055 AB 11.471184628669334 1.0339601416931339
59974.0601 lsst_hardware_z 1773.7951265894299 99.68995089836953 31.010000228881836 AB 11.556835791441683 1.0313692103261853
59978.0501 lsst_hardware_y 979.2644016750626 133.0521034432153 30.829999923706055 AB 8.109869401480925 1.031527524991214
59982.0269 lsst_hardware_y 425.36536881240846 94.75164161907851 30.079999923706055 AB 4.878947449507939 1.0318535317958277
59982.0456 lsst_hardware_z 1337.6843597978755 96.5277660781412 31.0 AB 6.334184431624387 1.033463584542178
59984.025 lsst_hardware_y 398.6703856043823 96.06864983607133 30.079999923706055 AB 5.671681627642049 1.0312148413894635
59984.044 lsst_hardware_u -35.58733992010429 26.11934455975695 29.520000457763672 AB 6.190495805893331 1.0353298165979565
60223.3846 lsst_hardware_r -122.62152046309596 80.62999725341797 31.65999984741211 AB 5.974564073952405 1.0333934228059163
60226.302 lsst_hardware_r 97.24689786916748 79.91000366210938 31.639999389648438 AB 3.0074186676119217 1.1041801496555825
60226.3188 lsst_hardware_y 75.18426932669237 94.69000244140625 30.06999969482422 AB 2.896753733858503 1.0693073952965642
60227.3592 lsst_hardware_g 134.0070487670152 120.69999694824219 32.4900016784668 AB 3.093612158112549 1.031204052704183
60227.373 lsst_hardware_z 140.91126490382638 127.54000091552734 31.75 AB 3.0993767068010407 1.0331255689336802
60232.3276 lsst_hardware_r 163.54262753976022 113.7699966430664 32.400001525878906 AB 5.895842850516865 1.0387320032622331
60232.3437 lsst_hardware_y 74.0250469179377 95.12000274658203 30.079999923706055 AB 6.0434564714658565 1.0314532450232927
60236.3396 lsst_hardware_u -40.924467609984504 25.440000534057617 29.520000457763672 AB 3.9435384047102406 1.0311252202145258
60236.3575 lsst_hardware_g -11.070732264876007 83.83999633789062 31.739999771118164 AB 3.9473657990906603 1.0380520158899567
60238.3276 lsst_hardware_r -139.684049194249 80.5 31.65999984741211 AB 2.39183184066665 1.0314065720856158
60238.3457 lsst_hardware_z 21.52037625372972 90.66999816894531 31.0 AB 2.600917023729512 1.034298922479965
60242.3169 lsst_hardware_z -19.159263553207147 90.26000213623047 31.0 AB 3.9140577288926344 1.0313722605777693
60242.3342 lsst_hardware_r 94.87033203002127 80.69000244140625 31.65999984741211 AB 3.7745436384323163 1.0340271130762113
60244.3218 lsst_hardware_i 123.51161131974216 79.04000091552734 31.34000015258789 AB 3.2449517709505376 1.0316991561720745
60244.3397 lsst_hardware_z 10.299637549499653 90.16000366210938 31.0 AB 3.222514781625315 1.0412002525444586
60246.3053 lsst_hardware_r 10.30804178358807 80.44999694824219 31.65999984741211 AB 3.1492844813306125 1.0314813520379056
60246.3221 lsst_hardware_z 23.89052640383485 90.69999694824219 31.0 AB 3.1286090003036957 1.0335106536267233
60260.2795 lsst_hardware_i 37.077892056421774 78.87000274658203 31.329999923706055 AB 4.231298485696893 1.0320240209016813
60260.2977 lsst_hardware_r 89.27613689302537 80.47000122070312 31.649999618530273 AB 3.8486347188849583 1.0426843209225112
60262.2779 lsst_hardware_u 17.671999471751473 26.079999923706055 29.510000228881836 AB 5.879457280968251 1.0332965344408174
60262.296 lsst_hardware_g 45.93195871746956 86.58000183105469 31.729999542236328 AB 6.185718996696604 1.0463873799706496
60267.2693 lsst_hardware_i 9.620366559618347 77.38999938964844 31.34000015258789 AB 5.483823084290259 1.0357584444781596
60267.289 lsst_hardware_z -53.69878497691784 88.51000213623047 31.0 AB 5.589078092349253 1.0542446651605393
60271.2562 lsst_hardware_z 35.99931937950301 90.06999969482422 31.0 AB 6.357516688528867 1.034583675920076
60271.2764 lsst_hardware_r 92.97657695657641 80.3499984741211 31.649999618530273 AB 6.544061731913676 1.0520999568993046
60273.2514 lsst_hardware_i -38.16617700388734 80.75 31.34000015258789 AB 6.864975850886229 1.0349209825456627
60273.272 lsst_hardware_r 33.217648329125105 82.01000213623047 31.649999618530273 AB 6.970265622201781 1.0534406481917873
60279.2289 lsst_hardware_i -134.2839494144633 80.68000030517578 31.34000015258789 AB 7.835086259214699 1.0323813588213324
60279.2489 lsst_hardware_z 52.34989786535351 92.23999786376953 31.0 AB 7.937319446261727 1.0456682917084656
60281.2283 lsst_hardware_i -22.93915009454541 79.08999633789062 31.34000015258789 AB 6.5246381830124545 1.0342887476373703
60281.2468 lsst_hardware_z 116.75588004108084 90.62000274658203 31.0 AB 6.615089053496243 1.0493399563653065
60283.2188 lsst_hardware_g -53.83658238184415 85.36000061035156 31.739999771118164 AB 2.7602578906671735 1.0326441790748873
60283.2368 lsst_hardware_r -46.264232594513665 80.36000061035156 31.649999618530273 AB 2.7696995335711136 1.0444798844427692
60291.1956 lsst_hardware_z 77.00263384468498 90.19000244140625 31.0 AB 11.407220567125943 1.0322186707701397
60291.2145 lsst_hardware_u -6.340535782119399 25.510000228881836 29.5 AB 11.349656725292325 1.044030606686841
60292.197 lsst_hardware_g 1.1468439019742263 13.649999618530273 31.420000076293945 AB 7.85618031313795 1.033707935939204
60292.2156 lsst_hardware_r -6.287998972545056 22.469999313354492 31.489999771118164 AB 8.195904944996483 1.048013845596082
60294.1963 lsst_hardware_i -57.232121146137985 30.350000381469727 31.260000228881836 AB 10.661674048089775 1.036175255116912
60294.2153 lsst_hardware_z 42.31442593116976 41.31999969482422 30.950000762939453 AB 10.957659621634301 1.0542609073857439
60296.1369 lsst_hardware_i 18.765102583341193 30.969999313354492 31.25 AB 3.0848615818042613 1.0552548170369922
60296.1573 lsst_hardware_z 85.33815412895626 40.939998626708984 30.940000534057617 AB 3.111687597092481 1.0357906009739188
60300.1444 lsst_hardware_z -34.53807163079217 48.279998779296875 30.969999313354492 AB 3.6357477783598835 1.0370073526411532
60300.1627 lsst_hardware_r -65.44432263299647 49.560001373291016 31.6299991607666 AB 3.6171374553300755 1.031037541603385
60302.1488 lsst_hardware_i 68.85471898340538 61.939998626708984 31.31999969482422 AB 6.429298289779543 1.0323214980378714
60302.1683 lsst_hardware_r 45.020316220626306 74.16999816894531 31.649999618530273 AB 6.640385410024277 1.0331344231132298
60305.1298 lsst_hardware_z 41.867575388679384 95.04000091552734 31.739999771118164 AB 5.017504320431665 1.0376391935542684
60307.1305 lsst_hardware_g 51.517482981855714 74.41000366210938 31.729999542236328 AB 7.408880782182385 1.0340979283069336
60307.1514 lsst_hardware_r -98.19349246359407 73.08000183105469 31.649999618530273 AB 7.29330471506167 1.0320714219426892
60309.1342 lsst_hardware_i -7.078415816790714 40.060001373291016 31.290000915527344 AB 6.9866917374061535 1.0313221252351956
60309.1566 lsst_hardware_z 5.792215155622418 47.15999984741211 30.959999084472656 AB 6.970948029719223 1.0369576838555927
60313.1197 lsst_hardware_g -18.917412495623033 18.959999084472656 32.150001525878906 AB 2.373722914248458 1.0320534409775906
60313.1395 lsst_hardware_r 43.68807204300318 31.309999465942383 32.2400016784668 AB 2.6030331437360945 1.0336332801069867
60317.1171 lsst_hardware_u 1.3466353783115894 2.6600000858306885 28.440000534057617 AB 5.986225832724613 1.031041307737623
60317.1406 lsst_hardware_g 4.361769490344255 13.4399995803833 31.40999984741211 AB 7.38005678909141 1.0413635627752655
60319.0983 lsst_hardware_g 5.490587023015641 13.470000267028809 31.420000076293945 AB 8.783226671460534 1.033837703729575
60319.1198 lsst_hardware_r -32.84853761475933 22.170000076293945 31.5 AB 8.753948277896974 1.032406676508734
60321.0936 lsst_hardware_i -5.6223732886654485 30.010000228881836 31.25 AB 5.71177468981248 1.0335091946161632
60321.1152 lsst_hardware_z 19.464196638061292 40.66999816894531 30.950000762939453 AB 5.78485403674776 1.0326869347521328
60323.0868 lsst_hardware_i 44.2710746582251 29.90999984741211 31.25 AB 7.061524203828031 1.0341000005605825
60323.106 lsst_hardware_u -0.9595734011655948 2.619999885559082 28.40999984741211 AB 7.012520201610515 1.0316575424103347
60325.0739 lsst_hardware_g -2.9266657212021583 15.6899995803833 31.459999084472656 AB 3.445905930094722 1.0385491049110012
60325.0935 lsst_hardware_r 56.75012223831203 23.020000457763672 31.5 AB 3.8525224972524277 1.031051116620481
60327.0759 lsst_hardware_i -36.99335982796712 34.650001525878906 31.270000457763672 AB 4.032946731665757 1.0340889055553224
60327.0963 lsst_hardware_r 41.57926388415375 31.399999618530273 31.56999969482422 AB 4.0555200971446945 1.031938956016467
60329.0845 lsst_hardware_z 133.574018845398 68.9000015258789 31.719999313354492 AB 7.866860653903343 1.0310433360292717
60331.0716 lsst_hardware_r -109.1902015992218 69.30999755859375 31.649999618530273 AB 11.143310322231622 1.0317879927992242
60331.0922 lsst_hardware_i -50.89072742660644 58.599998474121094 31.329999923706055 AB 11.500844064509131 1.0344811391508102
60333.0484 lsst_hardware_y 77.38573804110388 54.529998779296875 30.049999237060547 AB 13.469545021353001 1.0414663770786927
60333.0688 lsst_hardware_z 15.32416123910219 61.439998626708984 30.979999542236328 AB 13.379032535874517 1.031298276102252
60337.0438 lsst_hardware_y -42.43270540581495 49.119998931884766 30.049999237060547 AB 12.06331402726382 1.0367234468256978
60337.0609 lsst_hardware_r 45.52419931972235 43.290000915527344 31.610000610351562 AB 12.051862780454949 1.0310430986786678
60339.042 lsst_hardware_y 76.39177273106642 49.63999938964844 30.049999237060547 AB 11.642758295317229 1.0346359455538152
60339.0596 lsst_hardware_r -3.7538586780054426 21.989999771118164 31.479999542236328 AB 11.497451894008023 1.031215554835427
60341.0306 lsst_hardware_z -58.55995056497928 59.970001220703125 30.989999771118164 AB 8.783196140834614 1.0382642166599223
60341.0493 lsst_hardware_g -12.664580199959914 13.779999732971191 31.43000030517578 AB 8.368264071162644 1.031071728501553
60345.0284 lsst_hardware_y -40.16144793229187 67.9800033569336 30.06999969482422 AB 5.74018447669657 1.033367543586049
60345.0471 lsst_hardware_i -16.639399015582388 30.229999542236328 31.25 AB 6.158431066938195 1.031923099954746
60349.0258 lsst_hardware_y -9.969332623337618 69.44000244140625 30.06999969482422 AB 5.686433710125755 1.0312096433764895
60349.045 lsst_hardware_r 11.614271304527401 22.110000610351562 31.489999771118164 AB 6.306939274815654 1.0355088564167558
60351.0239 lsst_hardware_y 18.7057511718643 67.7699966430664 30.06999969482422 AB 0.6000589033471786 1.0310290435518532
60351.0407 lsst_hardware_g 13.041599989389256 13.75 31.399999618530273 AB 0.5626494524644661 1.0361868369512086
