data/validation/pwv_sim_epoch_fit_4/2701198.ecsv
# %ECSV 0.9
# ---
# datatype:
# - {name: time, datatype: float64}
# - {name: band, datatype: string}
# - {name: flux, datatype: float64}
# - {name: fluxerr, datatype: float64}
# - {name: zp, datatype: float64}
# - {name: zpsys, datatype: string}
# - {name: pwv, datatype: float64}
# - {name: airmass, datatype: float64}
# meta: {SNID: '2701198', alt: 1024.0, c: -0.07672613114118576, dec: -14.78593, lat: -30.244573, lon: -70.7499537, ra: 336.269531, t0: 60472.375,
#   x0: 4.121189855996343e-06, x1: 0.2791158854961395, z: 0.6636048555374146}
# schema: astropy-2.0
time band flux fluxerr zp zpsys pwv airmass
60460.413 lsst_hardware_z 656.2725166244204 58.2592809618101 30.969999313354492 AB 7.790475707965182 1.0527669875628625
60460.4351 lsst_hardware_y 243.37819656128733 64.7801475288086 30.06999969482422 AB 7.51866992395959 1.0388729629642026
60462.4144 lsst_hardware_r 1279.2547308168114 46.98077384635203 31.549999237060547 AB 8.02267013866035 1.0465262377589388
60462.4328 lsst_hardware_y 244.4246744073842 55.43566012772117 30.049999237060547 AB 6.718471410226079 1.0383367496001867
60466.416 lsst_hardware_g 413.6778335127666 25.759908018497143 31.479999542236328 AB 4.5975596760682045 1.0396230517980412
60466.4355 lsst_hardware_y 465.51227488687755 59.0639743624115 30.049999237060547 AB 3.952439342074339 1.0401156163353524
60485.3516 lsst_hardware_z 797.3254149790173 77.68158196873112 30.989999771118164 AB 3.775038924867674 1.0465385366726294
60485.3733 lsst_hardware_i 988.5080725416653 87.96026144733781 31.34000015258789 AB 3.74180207596723 1.038163855439322
60487.3809 lsst_hardware_z 1551.4366671027499 108.0863722277732 31.739999771118164 AB 7.474396093555049 1.0412802062140611
60493.3403 lsst_hardware_i 642.1722393127952 40.38387202386574 31.25 AB 6.842088396106432 1.040344911408588
60493.3617 lsst_hardware_z 591.6973917438381 48.03389748577216 30.940000534057617 AB 6.841188870897254 1.0400895280725586
60495.305 lsst_hardware_r 451.62727193782024 32.10835499156622 31.510000228881836 AB 4.808269820339609 1.0687419027205176
60495.3242 lsst_hardware_g 74.95009923365366 17.481638145724837 31.479999542236328 AB 4.62866840786298 1.0466180684822652
60497.3361 lsst_hardware_r 388.6126719687924 30.896438000402636 31.510000228881836 AB 1.6558861727787482 1.0384986972586112
60497.3562 lsst_hardware_i 549.6613092396351 38.70285520259222 31.25 AB 1.6256462004799233 1.0426378624136332
60499.3308 lsst_hardware_z 397.4624240195955 47.34027398485997 30.959999084472656 AB 1.7735419128749965 1.0384748196789284
60499.3543 lsst_hardware_i 420.87552641591253 38.470727023538295 31.270000457763672 AB 2.2799591228047036 1.0448941901031787
60501.3305 lsst_hardware_u -1.86966469676131 3.0065206649046785 28.469999313354492 AB 8.846633988870055 1.038185006761944
60501.3515 lsst_hardware_g 65.82316499869398 16.716631112131445 31.450000762939453 AB 9.823010182350073 1.046885105182212
60506.3025 lsst_hardware_i 280.33878311846837 35.84923278076125 31.25 AB 3.1157410097099567 1.041357289341563
60506.321 lsst_hardware_z 338.24970875080135 45.602747575940576 30.950000762939453 AB 3.0203753480906346 1.0386435172248194
60508.3042 lsst_hardware_r 365.72714762584303 59.64805174819252 32.349998474121094 AB 1.869932080066032 1.03885115559224
60508.323 lsst_hardware_g 41.61132786389329 42.38223379070428 32.38999938964844 AB 1.8738383647745462 1.0410213137636368
60511.2998 lsst_hardware_r 206.3049118179619 97.0178072715409 31.65999984741211 AB 5.097389819697538 1.0382706629386982
60511.3196 lsst_hardware_i -9.37574889649863 77.50415290837958 31.329999923706055 AB 5.204224639678222 1.0436104957493804
60514.2825 lsst_hardware_z 215.1453595430738 98.93093267932653 31.0 AB 6.140558643209521 1.0405375016735519
60514.3036 lsst_hardware_i 215.56923915428035 113.9919332270291 31.34000015258789 AB 5.502201841934652 1.0398189250561565
60516.2919 lsst_hardware_z 854.3557559631035 93.097229403356 31.729999542236328 AB 8.950758850247587 1.0383710963164254
60520.2555 lsst_hardware_g 18.420843202197567 16.183078527856843 31.459999084472656 AB 4.614109624938433 1.0469758059801682
60520.2734 lsst_hardware_r 111.43173242819736 27.46840815433586 31.520000457763672 AB 4.592452527525258 1.0384877669795372
60527.2084 lsst_hardware_r 95.39628948828619 25.97235952063964 31.489999771118164 AB 2.4256152099722352 1.0846798032297695
60527.2294 lsst_hardware_g 20.309570349688958 15.909519336351657 31.440000534057617 AB 2.4072420114374147 1.053497598003245
60529.2653 lsst_hardware_r 218.06240985892583 36.764861280541645 32.27000045776367 AB 3.14435346000244 1.0408607078433498
60529.2847 lsst_hardware_i 266.876244061674 47.51519879268487 32.0099983215332 AB 3.3519332880390045 1.0563369782149286
60537.1937 lsst_hardware_i 112.21414679995587 45.96333726011914 31.299999237060547 AB 5.147556862638304 1.06381955311564
60537.2153 lsst_hardware_z 83.44400542807458 49.38218398423411 30.959999084472656 AB 4.667948651156791 1.0427092536230056
60539.2355 lsst_hardware_r 16.918013290391784 82.91619232776756 31.65999984741211 AB 2.525597394417348 1.0398754068625211
60539.2503 lsst_hardware_z 179.46203101623007 63.13305207787835 30.989999771118164 AB 3.119593002379667 1.0490434644404094
60541.2056 lsst_hardware_r -113.83305876470757 163.99654953553437 31.670000076293945 AB 2.219279247629529 1.0420374445965626
60541.2255 lsst_hardware_i 7.280948466935598 128.64131350986156 31.350000381469727 AB 1.862573866271159 1.0386582273922538
60543.2011 lsst_hardware_z 234.05589230382006 92.99198252590921 31.0 AB 2.601697179666145 1.0415468275560449
60543.2219 lsst_hardware_i 218.06891924020638 108.43875412768494 31.34000015258789 AB 2.0725934849188437 1.0390675893643935
60546.2037 lsst_hardware_z 205.45036145122407 69.51837926662675 31.719999313354492 AB 3.9688244005817013 1.038325037215061
60546.2223 lsst_hardware_g 46.26506529813747 67.47528724362452 32.459999084472656 AB 3.523731671196282 1.0425755721277032
60549.1761 lsst_hardware_r 92.12505181244931 25.862290544842622 31.530000686645508 AB 4.502775086581624 1.0471569968794476
60549.1934 lsst_hardware_i 113.7950061269373 33.22824802491308 31.260000228881836 AB 4.466091745196894 1.0386259872550916
60553.152 lsst_hardware_i 125.41260985507394 33.05194631395244 31.25 AB 1.3794690094570876 1.0611300072746828
60553.1696 lsst_hardware_z 135.07270790332993 43.028282650696895 30.950000762939453 AB 1.6447246623799319 1.043938217949814
60555.1637 lsst_hardware_r 93.00925800221921 25.711406857748997 31.520000457763672 AB 1.461915978237459 1.044225698741042
60555.1838 lsst_hardware_g 26.006067404079527 16.129181351550212 31.469999313354492 AB 1.4016050110210867 1.038225934089694
60557.135 lsst_hardware_u 0.686449167393825 2.8299999237060547 28.450000762939453 AB 1.5020977911360567 1.069870221606878
60557.1545 lsst_hardware_r 32.74847184412968 24.8799991607666 31.520000457763672 AB 1.6102267151868037 1.0469614533074147
60559.1224 lsst_hardware_i -5.909212667090166 31.989999771118164 31.260000228881836 AB 1.6907614794265131 1.0820873468329684
60559.1424 lsst_hardware_z -4.561871841175921 41.83000183105469 30.950000762939453 AB 2.1380708035360527 1.0531071560330267
60566.1241 lsst_hardware_y -53.361966817057535 49.79999923706055 30.049999237060547 AB 1.2874464136257464 1.0522651521256612
60566.1417 lsst_hardware_r -73.26820062690933 50.619998931884766 31.639999389648438 AB 1.7426539273993698 1.0400799327958683
60568.1227 lsst_hardware_i 139.1879577604461 82.30999755859375 31.34000015258789 AB 3.774361531055317 1.048433758626477
60568.1415 lsst_hardware_z 18.46111713721079 72.77999877929688 31.0 AB 3.305007025657943 1.0386299412831037
60571.1163 lsst_hardware_z -18.151890828063472 94.27999877929688 31.0 AB 5.79865464393211 1.0469405351346672
60571.137 lsst_hardware_r -100.07942896339746 142.35000610351562 31.65999984741211 AB 7.753313147682618 1.0382047600003936
60577.1004 lsst_hardware_r 46.219896281586635 24.18000030517578 31.510000228881836 AB 5.267329042136984 1.046558522181002
60584.0721 lsst_hardware_u 4.089795064451233 2.880000114440918 28.530000686645508 AB 5.128114226613052 1.0553303959691416
60584.0914 lsst_hardware_r -28.26762351455354 24.229999542236328 31.520000457763672 AB 4.73995811480924 1.040529368098033
60586.0737 lsst_hardware_i -28.456858164711427 31.459999084472656 31.260000228881836 AB 2.4359100813289043 1.0483044389596923
60586.0936 lsst_hardware_z 62.26497715313266 41.599998474121094 30.950000762939453 AB 2.1807038108012144 1.0384303860958164
60588.0742 lsst_hardware_r -14.772616112041927 24.1200008392334 31.510000228881836 AB 3.9395893162263746 1.043830244970585
60588.093 lsst_hardware_u -2.0275038166055785 2.7799999713897705 28.459999084472656 AB 3.544551677202762 1.0381894099690785
60592.0639 lsst_hardware_i -3.919421496772695 32.7400016784668 31.270000457763672 AB 2.5599031582210605 1.043438787318279
60592.0824 lsst_hardware_z -21.248476543464296 42.29999923706055 30.959999084472656 AB 2.5147010006077912 1.0382031241757008
60596.0631 lsst_hardware_r 123.39432632605491 83.5 31.65999984741211 AB 7.48115024802983 1.0390486455596986
60596.0824 lsst_hardware_i 9.110002272212014 70.38999938964844 31.329999923706055 AB 7.494302392911573 1.0408753323488296
60599.042 lsst_hardware_i -14.817796288797357 88.94999694824219 31.34000015258789 AB 6.842544488134425 1.0453016327733615
60599.0595 lsst_hardware_z 147.74770364312664 76.91999816894531 31.0 AB 6.797230902546263 1.0382735594520769
60601.0424 lsst_hardware_r 111.04418192110542 84.58000183105469 31.65999984741211 AB 3.947999861314468 1.0417115225878673
60601.0615 lsst_hardware_z -49.239915336049414 62.13999938964844 30.989999771118164 AB 3.9285065367193406 1.038623420666507
60603.032 lsst_hardware_g 18.277868471879042 15.510000228881836 31.479999542236328 AB 3.494015716838524 1.0446528952078507
60603.0494 lsst_hardware_r -4.404539661417431 24.3700008392334 31.530000686645508 AB 3.1748590602769493 1.03821421199377
60605.0317 lsst_hardware_i 14.416771771015387 31.6299991607666 31.260000228881836 AB 4.141922439845139 1.0416000100201532
60605.0495 lsst_hardware_z 28.28442245457629 41.7400016784668 30.950000762939453 AB 4.535948118241135 1.0384496607695646
60607.0312 lsst_hardware_r -29.483607838111322 24.329999923706055 31.520000457763672 AB 3.763705678732631 1.0395780445342748
60607.0494 lsst_hardware_g -21.027074232238203 15.4399995803833 31.469999313354492 AB 3.9558076925417818 1.039725168882543
60609.0311 lsst_hardware_r -10.130234134134728 24.450000762939453 31.520000457763672 AB 4.462563162084477 1.0383889772355341
60611.0127 lsst_hardware_y 15.026743242534163 49.689998626708984 30.049999237060547 AB 3.3032614564881295 1.0430254046378684
60611.0313 lsst_hardware_z 101.72431782879654 41.95000076293945 30.959999084472656 AB 3.2850243187603696 1.0382504168017697
60615.0038 lsst_hardware_y -91.71201684211677 67.7699966430664 30.06999969482422 AB 9.152056617665103 1.0419007989145153
60615.0235 lsst_hardware_r 18.65248758670545 24.65999984741211 31.520000457763672 AB 9.08831081196675 1.0386640927961999
60617.014 lsst_hardware_z -85.72599988645716 75.97000122070312 31.719999313354492 AB 4.842830353579845 1.0381943018966782
60827.4152 lsst_hardware_g 2.984282042700552 16.3799991607666 31.5 AB 6.50751500061327 1.0464766423756793
60827.4358 lsst_hardware_y 74.99136541773547 60.36000061035156 30.06999969482422 AB 6.527421255306629 1.0381997304555455
60831.4125 lsst_hardware_i 62.1532455915677 45.279998779296875 32.02000045776367 AB 4.790122156828474 1.041330903658364
60831.4357 lsst_hardware_y 72.62128971276084 79.9000015258789 30.809999465942383 AB 4.5758322563946425 1.0399618764533278
60843.3361 lsst_hardware_z -51.92930361853831 63.88999938964844 30.979999542236328 AB 3.6319653020706695 1.0987642722948285
60843.3689 lsst_hardware_r 135.2478665517143 72.06999969482422 31.649999618530273 AB 3.517153224896773 1.0486443723603651
60850.3348 lsst_hardware_g -2.0555026896969797 15.40999984741211 31.450000762939453 AB 3.646168118518367 1.0660790756352128
60850.3617 lsst_hardware_r 58.07583715246695 24.309999465942383 31.510000228881836 AB 3.5657668112504832 1.0408465515691023
60853.302 lsst_hardware_r -13.758232042424684 24.540000915527344 31.510000228881836 AB 7.6290173359973545 1.1150273802977717
60853.3219 lsst_hardware_i 29.382398041033014 31.760000228881836 31.260000228881836 AB 7.226149771500251 1.0734031151961156
60859.3363 lsst_hardware_z 56.311382128507056 41.540000915527344 30.950000762939453 AB 6.797104954924324 1.0412231854969611
60859.3587 lsst_hardware_u -2.4380325462559482 2.809999942779541 28.479999542236328 AB 6.820146366840834 1.0397753351131356
60862.3296 lsst_hardware_g -26.965972593422006 26.90999984741211 31.639999389648438 AB 5.320683599628499 1.0405678579432844
60862.3491 lsst_hardware_r 18.745179266927856 24.18000030517578 31.520000457763672 AB 5.916078228335925 1.0393367894479415
60864.323 lsst_hardware_i -27.482735232268936 53.970001220703125 31.31999969482422 AB 1.3593676120996345 1.0410626935474896
60864.3433 lsst_hardware_z -74.46607047347888 52.90999984741211 30.979999542236328 AB 1.634294842547207 1.0392421233941498
60869.2982 lsst_hardware_z -309.7715959340745 181.2100067138672 32.5099983215332 AB 6.395263517197288 1.048403855278244
60871.2905 lsst_hardware_r -34.33547662197579 88.30999755859375 31.649999618530273 AB 5.653177878403079 1.0504348731180524
60871.3119 lsst_hardware_i 140.43289163327674 75.08000183105469 31.329999923706055 AB 4.9609562712995805 1.038581215205774
60876.2963 lsst_hardware_z -45.51840973922956 41.63999938964844 30.959999084472656 AB 3.439002672289758 1.0389736170059691
60876.3181 lsst_hardware_u 1.5192184693219282 2.809999942779541 28.459999084472656 AB 3.324306926645161 1.0423475508803515
60878.2847 lsst_hardware_g 21.559106808657795 15.100000381469727 31.450000762939453 AB 5.105383945016972 1.0411006243449623
60878.3071 lsst_hardware_r 25.085306773533606 23.959999084472656 31.510000228881836 AB 5.016863575931107 1.0398722304759263
60880.2824 lsst_hardware_i -4.3184986868280815 31.600000381469727 31.260000228881836 AB 6.1465615045276385 1.0398367199234722
60880.3037 lsst_hardware_z 91.28928124089555 41.84000015258789 30.950000762939453 AB 5.394280097115546 1.0406636629913275
60882.2791 lsst_hardware_i -42.798408719526456 31.350000381469727 31.25 AB 11.051332213154875 1.0391799347876325
60882.3013 lsst_hardware_u -0.2190213654928892 2.75 28.43000030517578 AB 8.894168347086646 1.0421225215302272
60885.252 lsst_hardware_u -2.7607437222673807 2.869999885559082 28.520000457763672 AB 4.388080689601565 1.0507017374734373
60885.2704 lsst_hardware_g -9.611404658927354 15.460000038146973 31.479999542236328 AB 4.34834134073121 1.039319923689888
60887.2562 lsst_hardware_r -22.94660178171301 24.209999084472656 31.510000228881836 AB 3.7341430038270325 1.0431781177028143
60887.2765 lsst_hardware_i -9.249836103146556 31.420000076293945 31.260000228881836 AB 3.7208023361606384 1.038435891665178
60898.228 lsst_hardware_z 274.32408605194945 130.16000366210938 31.75 AB 6.695058624014761 1.042140604578648
60900.2131 lsst_hardware_r -51.88889528554051 69.36000061035156 31.649999618530273 AB 3.6968014158830704 1.048812374177763
60900.2316 lsst_hardware_i -52.445706341772265 58.939998626708984 31.329999923706055 AB 3.6435691364311786 1.038793766623287
60905.2174 lsst_hardware_g 36.76978019369416 22.3700008392334 32.22999954223633 AB 2.5457692448985614 1.0389128018630416
60905.2368 lsst_hardware_r 17.0797100997207 35.0099983215332 32.279998779296875 AB 2.582784048169399 1.0412702361173454
60907.1884 lsst_hardware_i -8.110005566391541 31.899999618530273 31.25 AB 2.2512641057891334 1.054332797465933
60907.206 lsst_hardware_z 23.594888949870995 41.90999984741211 30.950000762939453 AB 2.251964526092044 1.0408895429128928
60911.21 lsst_hardware_g 25.833468389107566 22.299999237060547 32.220001220703125 AB 2.69826785304581 1.0383278038914097
60911.2291 lsst_hardware_r -23.18271713590411 34.91999816894531 32.2599983215332 AB 2.7044022724336205 1.0467303338022012
60931.1266 lsst_hardware_i 63.190336469197035 31.479999542236328 31.260000228881836 AB 3.849273728881513 1.050518188459817
60931.1442 lsst_hardware_z 11.44467279601924 41.599998474121094 30.950000762939453 AB 3.7136144195011234 1.0395001874040932
60933.1212 lsst_hardware_r -15.65077378158013 24.5 31.520000457763672 AB 1.0919536392176266 1.0504604513880174
60933.1388 lsst_hardware_g 0.6277552360147295 15.59000015258789 31.479999542236328 AB 1.433791858153423 1.039481772465024
60935.1192 lsst_hardware_r 17.168173976734977 24.43000030517578 31.510000228881836 AB 1.0945317287674312 1.0473987835095036
60935.1376 lsst_hardware_i 47.452465583456 31.600000381469727 31.25 AB 0.6688042149017834 1.038515861648732
60937.1086 lsst_hardware_i -27.773485194827604 31.489999771118164 31.25 AB 5.793958029225537 1.052107868027233
60937.1283 lsst_hardware_z -71.39336587894137 41.59000015258789 30.950000762939453 AB 7.705532835286231 1.039356983346694
60939.1095 lsst_hardware_r -0.4561441762135115 24.239999771118164 31.510000228881836 AB 4.060127631777168 1.0464246473655843
60939.1293 lsst_hardware_u -5.135214632371544 2.7899999618530273 28.459999084472656 AB 4.684039788239372 1.0382444393747916
60942.097 lsst_hardware_g 22.18466587436237 15.220000267028809 31.450000762939453 AB 3.8608944737281727 1.0501072911318396
60942.1155 lsst_hardware_r -12.378986961129172 24.049999237060547 31.510000228881836 AB 3.838437521191083 1.0391240159337263
60944.0981 lsst_hardware_i -10.297665928181004 31.389999389648438 31.25 AB 3.8212615017525753 1.0447741631584215
60944.1181 lsst_hardware_z -36.844024402818945 41.439998626708984 30.950000762939453 AB 3.799340545288919 1.0382130196169626
60946.1006 lsst_hardware_r 15.861328560874158 26.329999923706055 31.540000915527344 AB 4.760239121065679 1.0404325711306877
60946.1198 lsst_hardware_g -7.944265641664401 18.600000381469727 31.530000686645508 AB 4.75937679132042 1.0393543493329165
60949.0735 lsst_hardware_z -66.9705377873072 48.099998474121094 30.959999084472656 AB 6.037455857675255 1.0545774423886907
60949.0925 lsst_hardware_r -2.526149143048706 46.41999816894531 31.6200008392334 AB 6.555188437219941 1.0403960063305377
60951.0715 lsst_hardware_i 233.1157506970938 74.62000274658203 31.329999923706055 AB 3.0378846071099215 1.0509893122679723
60951.0896 lsst_hardware_z -48.81904537197354 68.13999938964844 30.989999771118164 AB 3.6891729062980865 1.039496451478872
60954.0748 lsst_hardware_r 189.85773318208527 125.2699966430664 31.65999984741211 AB 3.9386803174909946 1.0423006176926728
60954.0935 lsst_hardware_z -35.70995052010743 84.51000213623047 31.0 AB 3.5559220798768547 1.038427551799008
60956.0634 lsst_hardware_g 24.719059845321777 92.11000061035156 31.729999542236328 AB 5.6561658758051925 1.0461788358097093
60956.0802 lsst_hardware_r 121.49380985090733 87.72000122070312 31.65999984741211 AB 5.047742113670219 1.0385232205875334
60958.063 lsst_hardware_i -5.781838166330452 31.299999237060547 31.25 AB 2.5167788814022742 1.0427921613433015
60958.0804 lsst_hardware_z -61.81459930542114 41.36000061035156 30.940000534057617 AB 2.5267139899512467 1.038233388556698
60960.0616 lsst_hardware_r 21.164020636684693 24.1200008392334 31.520000457763672 AB 5.556749256395504 1.0407521628958887
60960.08 lsst_hardware_g 28.056372112747255 15.279999732971191 31.469999313354492 AB 5.508140529205796 1.0389450856721645
60962.0433 lsst_hardware_u -0.9922447343789706 2.7699999809265137 28.450000762939453 AB 7.554746732698742 1.049270379541492
60962.0596 lsst_hardware_r 31.19302750084932 24.190000534057617 31.520000457763672 AB 7.484290727135682 1.0394848232132892
60966.0413 lsst_hardware_r 27.828721490227252 24.200000762939453 31.5 AB 5.506198039293218 1.0427088825829853
60966.06 lsst_hardware_u 0.4954993530669068 2.7799999713897705 28.450000762939453 AB 5.825792979996667 1.0383423799895939
60969.0315 lsst_hardware_g -11.361241320711692 15.4399995803833 31.469999313354492 AB 3.4801312763633816 1.0436740969750733
60969.0488 lsst_hardware_r 8.367062178225746 24.290000915527344 31.520000457763672 AB 3.1312046223695202 1.0381978190880372
60973.0343 lsst_hardware_r 0.005485421937412651 24.510000228881836 31.520000457763672 AB 3.7540741742551855 1.0384474791051894
60973.0526 lsst_hardware_g 0.8549927892563856 15.720000267028809 31.479999542236328 AB 3.9793877914261437 1.041997326898674
60975.0113 lsst_hardware_y 92.64385086033026 48.779998779296875 30.040000915527344 AB 4.489520982974528 1.0463457853420806
60975.0287 lsst_hardware_r -19.73223676718762 25.93000030517578 31.520000457763672 AB 4.44524160791432 1.0384663167981747
