data/validation/pwv_sim_epoch_fit_4/27236679.ecsv
# %ECSV 0.9
# ---
# datatype:
# - {name: time, datatype: float64}
# - {name: band, datatype: string}
# - {name: flux, datatype: float64}
# - {name: fluxerr, datatype: float64}
# - {name: zp, datatype: float64}
# - {name: zpsys, datatype: string}
# - {name: pwv, datatype: float64}
# - {name: airmass, datatype: float64}
# meta: {SNID: '27236679', alt: 1024.0, c: -0.07473057508468628, dec: -44.399834, lat: -30.244573, lon: -70.7499537, ra: 313.148163, t0: 62029.76953125,
#   x0: 3.4173596806578278e-06, x1: -1.0285993814468384, z: 0.7165474891662598}
# schema: astropy-2.0
time band flux fluxerr zp zpsys pwv airmass
[from data line 133]
62362.244 lsst_hardware_u 3.2438568090632303 2.6600000858306885 28.3700008392334 AB 2.764037268803106 1.1040692106260919
62366.1334 lsst_hardware_z -72.76232838828709 47.130001068115234 30.969999313354492 AB 2.83034205982182 1.0400889517030114
62366.144 lsst_hardware_r -61.351918908470786 45.349998474121094 31.6200008392334 AB 2.8100275361456735 1.0341439087848647
62367.1288 lsst_hardware_i -9.775143209666956 51.93000030517578 31.31999969482422 AB 1.904814883235198 1.0414515490624374
62367.1408 lsst_hardware_r -1.7340753377745073 59.529998779296875 31.649999618530273 AB 1.8760414306283353 1.0343440003464288
62369.136 lsst_hardware_z -212.1363773436639 96.3499984741211 31.739999771118164 AB 1.8354647952697223 1.0340646733913927
62378.086 lsst_hardware_g 7.532230483616293 14.010000228881836 31.420000076293945 AB 3.304849118471729 1.0533383644531407
62380.1167 lsst_hardware_i -17.920265507846942 30.309999465942383 31.25 AB 1.1321842684010202 1.031133213479982
62380.127 lsst_hardware_r -22.184713032406442 22.559999465942383 31.489999771118164 AB 1.3404967999034516 1.0311513845411167
62382.1125 lsst_hardware_u -2.452031958722614 2.630000114440918 28.399999618530273 AB 0.5154935230682246 1.0309870461364492
62382.1246 lsst_hardware_g -4.779621364215036 13.819999694824219 31.40999984741211 AB 0.5958015244491246 1.0316909514270556
62385.1154 lsst_hardware_r 0.07361804268329245 22.56999969482422 31.5 AB 1.357264714322248 1.0314867999915753
62385.127 lsst_hardware_i 6.237939137597243 30.459999084472656 31.25 AB 0.6947913527535392 1.0354565614806843
62387.1165 lsst_hardware_z -0.3534597667774933 40.880001068115234 30.940000534057617 AB 2.413609518162287 1.0332969753102907
62387.128 lsst_hardware_r 6.717607981441274 22.520000457763672 31.489999771118164 AB 2.7209287032987493 1.0392165390236796
62389.1156 lsst_hardware_u -3.92288845355836 2.700000047683716 28.459999084472656 AB 3.6482146992078484 1.0352237317149655
62389.1271 lsst_hardware_g 6.445560695669657 13.829999923706055 31.420000076293945 AB 3.7787207983779325 1.0425495374197633
62390.0972 lsst_hardware_g -8.83571409699103 14.020000457763672 31.43000030517578 AB 2.6921821785290203 1.0308949563580396
62390.1091 lsst_hardware_r -25.274363915729015 22.709999084472656 31.5 AB 2.708529104480253 1.0335924840603903
62399.142 lsst_hardware_z -80.76010437841117 67.58000183105469 30.979999542236328 AB 7.7572566707866075 1.1020395895419532
62399.1522 lsst_hardware_r 61.47447662016174 95.19000244140625 31.639999389648438 AB 8.080801719551499 1.1250681127116602
62401.0465 lsst_hardware_z 61.06183657215912 64.23999786376953 30.989999771118164 AB 2.644194061460062 1.0350108861766283
62401.0579 lsst_hardware_i -24.93238330597618 72.43000030517578 31.34000015258789 AB 2.6284170223382457 1.0313584549099177
62403.0492 lsst_hardware_z 11.055075323523722 55.220001220703125 30.979999542236328 AB 3.1494699415893734 1.0320491343274145
62403.0601 lsst_hardware_g -32.02280432179256 80.11000061035156 31.729999542236328 AB 3.1309346456961897 1.0308169377840133
62406.0519 lsst_hardware_z 51.7580345066214 40.849998474121094 30.950000762939453 AB 2.8862879829606487 1.0308171367716603
62406.0634 lsst_hardware_u 0.00459737342095378 2.7200000286102295 28.469999313354492 AB 2.892059851128503 1.0328785182601796
62406.9939 lsst_hardware_r -3.01178289430884 24.510000228881836 31.520000457763672 AB 4.572660855514863 1.0701289154024956
62406.9983 lsst_hardware_g 13.282126460626564 14.84000015258789 31.450000762939453 AB 4.5700488748040335 1.063853547064872
62411.0526 lsst_hardware_i 25.903696866087355 30.520000457763672 31.260000228881836 AB 5.007312201368249 1.0339277723247098
62411.0637 lsst_hardware_u -0.8242436639613723 2.75 28.489999771118164 AB 5.03366063428016 1.0400662501741123
62416.0372 lsst_hardware_z 32.50527921604926 41.02000045776367 30.950000762939453 AB 4.0231747102700535 1.0332612045895182
62416.0499 lsst_hardware_u 1.2925994433683132 2.700000047683716 28.440000534057617 AB 4.480426511715591 1.0399643734028168
62418.0355 lsst_hardware_g -17.21372603421738 14.079999923706055 31.43000030517578 AB 4.103495125771472 1.0347989221465426
62418.0463 lsst_hardware_r 0.7767870041184609 22.950000762939453 31.5 AB 3.2697171447248907 1.041311192587545
62420.0803 lsst_hardware_i 8.04685494777376 31.079999923706055 31.239999771118164 AB 3.5124768403755033 1.0933212825403398
62420.0919 lsst_hardware_z 41.31121625196603 42.220001220703125 30.940000534057617 AB 4.69562943935414 1.1180070093700334
62423.0779 lsst_hardware_g 23.125784562182627 32.209999084472656 31.639999389648438 AB 7.9564188857188265 1.1050581785720592
62423.085 lsst_hardware_r 45.772248514775605 37.22999954223633 31.579999923706055 AB 8.072333869568638 1.121053680617809
62425.0757 lsst_hardware_i 1.5570516304245419 52.52000045776367 31.299999237060547 AB 9.171781778487654 1.1121804905199255
62425.0868 lsst_hardware_r -90.30648910546331 59.099998474121094 31.610000610351562 AB 8.846279365823248 1.1393482203868006
62427.0799 lsst_hardware_z 82.55794202341644 81.41999816894531 31.719999313354492 AB 6.542354287990942 1.135562535522612
