data/validation/pwv_sim_epoch_fit_4/27250796.ecsv
# %ECSV 0.9
# ---
# datatype:
# - {name: time, datatype: float64}
# - {name: band, datatype: string}
# - {name: flux, datatype: float64}
# - {name: fluxerr, datatype: float64}
# - {name: zp, datatype: float64}
# - {name: zpsys, datatype: string}
# - {name: pwv, datatype: float64}
# - {name: airmass, datatype: float64}
# meta: {SNID: '27250796', alt: 1024.0, c: -0.05272151157259941, dec: -30.0, lat: -30.244573, lon: -70.7499537, ra: 192.480469, t0: 61437.71875,
#   x0: 6.6715567699423716e-06, x1: 0.6468702554702759, z: 0.5443806052207947}
# schema: astropy-2.0
time band flux fluxerr zp zpsys pwv airmass
[from data line 133]
61809.2501 lsst_hardware_z -46.92220407498368 50.959999084472656 30.950000762939453 AB 8.733504684444684 1.163226516308562
61811.2326 lsst_hardware_r -115.00312884814623 89.1500015258789 31.6200008392334 AB 5.259591837188644 1.212259950181764
61811.2528 lsst_hardware_y 34.18153594974039 54.119998931884766 30.020000457763672 AB 3.797345545952242 1.1347215138061384
61813.2047 lsst_hardware_z -81.37267273271958 75.3499984741211 30.950000762939453 AB 7.869731695862936 1.3306952478632068
61813.2238 lsst_hardware_r -30.99588880525873 102.55000305175781 31.610000610351562 AB 7.2192966380888635 1.227493193962071
61817.2097 lsst_hardware_r -5.139585975649812 54.83000183105469 31.59000015258789 AB 4.765180798101384 1.2427124261575797
61817.2286 lsst_hardware_z 64.46542829182262 52.68000030517578 30.959999084472656 AB 4.430271194934259 1.1619621519727912
61819.2213 lsst_hardware_g -3.24631280849869 21.200000762939453 31.540000915527344 AB 6.18325792577551 1.1688578309594566
61819.2407 lsst_hardware_i 12.640811944987622 34.33000183105469 31.270000457763672 AB 5.841327855477976 1.1051260368565257
61821.2097 lsst_hardware_z -52.20471709441326 42.97999954223633 30.940000534057617 AB 3.9379000278415965 1.1933030387398778
61821.2296 lsst_hardware_r -56.43588175651456 23.1299991607666 31.489999771118164 AB 3.7016094969399482 1.1216998475575601
61823.2116 lsst_hardware_u 1.5388169984027074 2.6600000858306885 28.360000610351562 AB 9.43051352607071 1.164260929144532
61823.2314 lsst_hardware_g 3.4429192366945465 14.229999542236328 31.420000076293945 AB 8.915159087547398 1.1006369243885676
61825.2152 lsst_hardware_r 14.649853281951465 32.84000015258789 32.2400016784668 AB 9.464206247082567 1.1326917894898438
61825.2348 lsst_hardware_i 15.90532855352265 43.63999938964844 32.0 AB 9.079010855154905 1.0781392774201288
61827.2137 lsst_hardware_z -76.0135432726356 42.59000015258789 30.940000534057617 AB 6.206242537615512 1.120226684687376
61827.2331 lsst_hardware_r 12.825302545992294 23.190000534057617 31.5 AB 5.934972754930279 1.0695892989391667
61829.2138 lsst_hardware_u -0.5684580732811597 2.609999895095825 28.329999923706055 AB 5.839801667541325 1.1040018276277057
61829.2337 lsst_hardware_r -30.44090800608111 23.049999237060547 31.489999771118164 AB 5.581185648557701 1.0569926894669195
61831.2145 lsst_hardware_i 11.782758434796357 31.040000915527344 31.239999771118164 AB 3.492154124856975 1.0876725887220646
61831.2353 lsst_hardware_z 85.12537570565992 41.220001220703125 30.950000762939453 AB 3.3250304878842174 1.0440748862939766
61835.2119 lsst_hardware_g 10.554086630676084 14.100000381469727 31.40999984741211 AB 8.351803719263781 1.0681877198921959
61835.2321 lsst_hardware_r -16.63446273484349 22.790000915527344 31.5 AB 8.1015698602181 1.0320032941554338
61837.2153 lsst_hardware_i 49.46714626415472 41.59000015258789 31.290000915527344 AB 11.318153162108926 1.0504655158849057
61837.2387 lsst_hardware_z 12.947602320842908 44.79999923706055 30.959999084472656 AB 10.965319951454768 1.017198953435454
61839.2183 lsst_hardware_r -36.85067691667224 74.66000366210938 31.65999984741211 AB 10.462174436554072 1.0362607053778985
61839.2389 lsst_hardware_z -11.69522389157611 56.15999984741211 30.979999542236328 AB 10.1929770976194 1.0118772764016586
61841.0903 lsst_hardware_i 119.41498271461501 109.02999877929688 31.229999542236328 AB 13.042457661051515 1.6514317723865506
61841.1117 lsst_hardware_z 72.72948425261002 90.16000366210938 30.950000762939453 AB 11.430204519829488 1.4474720793367861
61844.1054 lsst_hardware_i 100.17325917833558 84.6500015258789 31.260000228881836 AB 12.847918596619639 1.4325870949585175
61844.1261 lsst_hardware_z -14.162325245838701 74.76000213623047 30.959999084472656 AB 12.713976002146751 1.2948670657820038
61848.1786 lsst_hardware_g -28.268739254430287 18.489999771118164 31.520000457763672 AB 6.601351788963168 1.0635191175076595
61848.1965 lsst_hardware_r -9.377081408424795 27.700000762939453 31.549999237060547 AB 6.493553292620485 1.0321562952704924
61850.173 lsst_hardware_i -18.645253493804677 30.829999923706055 31.239999771118164 AB 5.6381945651383925 1.0638102953091306
61850.1913 lsst_hardware_z 3.4539167194277094 41.040000915527344 30.950000762939453 AB 5.468455821184795 1.0317841172046784
61854.1732 lsst_hardware_r -25.793108961555745 23.1200008392334 31.5 AB 7.2273031125389675 1.0429008820402745
61854.1904 lsst_hardware_i -24.529803594094314 30.489999771118164 31.25 AB 7.053704150131354 1.0191986731074996
61856.1582 lsst_hardware_z 31.03841506016452 41.52000045776367 30.940000534057617 AB 7.317803638109515 1.0605512518999296
61856.1762 lsst_hardware_i -20.225723060010516 30.6299991607666 31.25 AB 6.921168971648165 1.02998694949871
61858.0715 lsst_hardware_r -28.446369298248825 24.530000686645508 31.440000534057617 AB 9.483125223047749 1.400136604613576
61858.0899 lsst_hardware_z 18.516783640178403 44.47999954223633 30.920000076293945 AB 8.842734314795361 1.2835554399673927
61862.0651 lsst_hardware_g -16.22167674219958 16.440000534057617 31.3799991607666 AB 11.912176518409956 1.368429238186115
61862.0833 lsst_hardware_r 4.985264133615142 25.139999389648438 31.469999313354492 AB 11.061534858951 1.260513919637358
61864.0842 lsst_hardware_i -20.884774406857954 36.13999938964844 31.239999771118164 AB 7.375011222186928 1.2291685370311547
61864.1017 lsst_hardware_z -61.16740512741813 44.36000061035156 30.940000534057617 AB 6.940580209705274 1.1567633682842124
61866.0632 lsst_hardware_r 6.2953881203616335 51.40999984741211 31.559999465942383 AB 10.341626010729795 1.3112797139555996
61866.0805 lsst_hardware_z 140.85992700501492 50.400001525878906 30.950000762939453 AB 9.637253050198298 1.2210002280777024
61872.0867 lsst_hardware_r 45.6448236762286 113.81999969482422 31.639999389648438 AB 7.614605878548138 1.1332664088128197
61872.1056 lsst_hardware_z -78.49161098358347 77.54000091552734 30.989999771118164 AB 7.276430260796141 1.0802167818781152
61874.0845 lsst_hardware_g -27.198966169714087 54.7599983215332 31.690000534057617 AB 6.812372967747004 1.1229186210571027
61874.1032 lsst_hardware_r 109.5455510575749 60.34000015258789 31.639999389648438 AB 6.606745788546168 1.0731043511444778
61878.057 lsst_hardware_z -73.49510067247957 43.77000045776367 30.940000534057617 AB 13.481397604346382 1.1813697331105344
61878.0751 lsst_hardware_r -17.3250945063931 23.899999618530273 31.489999771118164 AB 12.737084681187932 1.1182690677074312
61880.0569 lsst_hardware_u 1.7564945222651545 2.6700000762939453 28.350000381469727 AB 7.805396542050715 1.1608263744870189
61880.0752 lsst_hardware_r -25.03526540944036 23.610000610351562 31.489999771118164 AB 7.421188572928621 1.1022112836668083
61883.0584 lsst_hardware_i 30.236164622780585 31.459999084472656 31.239999771118164 AB 5.6723110143968025 1.1276960267190461
61883.078 lsst_hardware_z 80.15990453653838 41.599998474121094 30.940000534057617 AB 5.535253743854692 1.0745283571608693
61885.0532 lsst_hardware_r -7.636504996594267 23.59000015258789 31.5 AB 15.389682246626117 1.1268713660852396
61885.0719 lsst_hardware_u 1.6281321125219934 2.809999942779541 28.5 AB 14.723959483979447 1.0759982084171014
61889.047 lsst_hardware_r 19.753345827750643 33.400001525878906 32.2400016784668 AB 9.430444141443637 1.1125179875867444
61889.0722 lsst_hardware_i 20.17484464497199 43.65999984741211 32.0 AB 8.942604213775358 1.0525457614738438
61891.0536 lsst_hardware_r -41.57935680951367 24.280000686645508 31.5 AB 10.903950993440747 1.0805084470535349
61891.0729 lsst_hardware_g 4.394818251793327 15.399999618530273 31.469999313354492 AB 10.41385157369471 1.041697666669472
61895.0514 lsst_hardware_r -24.173045339564556 54.70000076293945 31.639999389648438 AB 9.579025710106905 1.0611919176632463
61895.0702 lsst_hardware_i -113.06027620118289 48.560001373291016 31.31999969482422 AB 9.272040718383451 1.0293213249512134
61898.9569 lsst_hardware_y -142.4444035638393 88.16000366210938 29.940000534057617 AB 13.152889910761688 1.419785180349923
61898.9757 lsst_hardware_z -22.706260596928267 96.0999984741211 30.969999313354492 AB 11.345771196095527 1.2961657878250794
61902.9709 lsst_hardware_y 8.42457542775528 49.720001220703125 29.979999542236328 AB 9.7966114549865 1.2628567779550928
61902.9909 lsst_hardware_u -0.5199840002318231 2.569999933242798 28.280000686645508 AB 9.095538733153022 1.172886423497579
61907.9665 lsst_hardware_z -53.77924054893388 44.380001068115234 30.93000030517578 AB 9.056157116468137 1.2179074907275147
61907.9847 lsst_hardware_r 20.17229453830207 23.170000076293945 31.479999542236328 AB 8.486782618459767 1.145675554847649
61909.9679 lsst_hardware_y -39.62487413801835 49.7400016784668 29.989999771118164 AB 8.95136237119873 1.188339105832206
61909.9883 lsst_hardware_z 58.477403105637805 42.43000030517578 30.940000534057617 AB 8.46970652792911 1.1165408262858607
61911.9554 lsst_hardware_y 116.92284001720003 67.29000091552734 30.0 AB 7.090280392620245 1.2187149384285134
61911.9753 lsst_hardware_u 3.926852863879416 2.700000047683716 28.360000610351562 AB 6.141534943753425 1.1404893117462256
61925.9568 lsst_hardware_y 7.679389046557679 64.9000015258789 30.049999237060547 AB 13.343952901140918 1.0834868279350358
61925.9761 lsst_hardware_r 55.90527969596481 98.41000366210938 31.65999984741211 AB 12.396782969107965 1.0437565032751839
