data/validation/pwv_sim_epoch_fit_4/27344346.ecsv
# %ECSV 0.9
# ---
# datatype:
# - {name: time, datatype: float64}
# - {name: band, datatype: string}
# - {name: flux, datatype: float64}
# - {name: fluxerr, datatype: float64}
# - {name: zp, datatype: float64}
# - {name: zpsys, datatype: string}
# - {name: pwv, datatype: float64}
# - {name: airmass, datatype: float64}
# meta: {SNID: '27344346', alt: 1024.0, c: -0.05875449627637863, dec: 1.342993, lat: -30.244573, lon: -70.7499537, ra: 307.265625, t0: 63044.546875,
#   x0: 1.828894109609048e-05, x1: -0.5657908320426941, z: 0.3564421236515045}
# schema: astropy-2.0
time band flux fluxerr zp zpsys pwv airmass
63001.3881 lsst_hardware_z -86.83585840562728 44.650001525878906 30.940000534057617 AB 9.00780279992847 1.1813899209716345
63001.4088 lsst_hardware_y 39.56678202838724 49.2599983215332 30.010000228881836 AB 8.947774715577879 1.1757916840443994
63003.3966 lsst_hardware_u 6.892522637618985 2.859999895095825 28.43000030517578 AB 8.57223605707532 1.1753791526874913
63003.4161 lsst_hardware_y -31.427425356381132 49.36000061035156 30.0 AB 8.630598469935883 1.1825032442281105
63004.3386 lsst_hardware_g -5.673313543152978 14.640000343322754 31.3700008392334 AB 8.806445086359428 1.2576892714824532
63004.3698 lsst_hardware_i 89.9142792840451 45.619998931884766 31.989999771118164 AB 8.36637076717733 1.191649248737424
63004.393 lsst_hardware_y -136.72971697235351 48.61000061035156 30.010000228881836 AB 9.23537940779424 1.1754831660324216
63008.3844 lsst_hardware_z 51.16172458298545 43.279998779296875 30.940000534057617 AB 4.911144946037604 1.1752899519873015
63008.406 lsst_hardware_r 11.164547244694255 23.8799991607666 31.469999313354492 AB 4.922549870551431 1.1857756232258143
63012.3538 lsst_hardware_u 0.02245058997914146 2.700000047683716 28.3700008392334 AB 6.789503839972509 1.1851115098572744
63012.3766 lsst_hardware_g 10.92481266895187 14.670000076293945 31.40999984741211 AB 6.5487171713399555 1.1754308671784055
63014.3652 lsst_hardware_r -45.37649427734192 23.84000015258789 31.479999542236328 AB 10.634456059501403 1.1755651302474617
63014.3867 lsst_hardware_i -14.661696927384275 32.16999816894531 31.239999771118164 AB 10.998387448319084 1.1830463372160815
63016.3722 lsst_hardware_z -123.81425752375507 43.36000061035156 30.940000534057617 AB 14.398099998747988 1.1772130163589873
63016.3921 lsst_hardware_r -13.367403596741703 23.90999984741211 31.479999542236328 AB 15.436054426051376 1.1953655683930315
63021.3343 lsst_hardware_z 99.24494434139987 60.35694395120069 30.959999084472656 AB 14.180865270891305 1.180803969431839
63021.3543 lsst_hardware_i -68.39693919187589 64.82273444516909 31.299999237060547 AB 14.123449692224382 1.1758273065166505
63034.329 lsst_hardware_g 4690.02456012253 72.04564656874034 32.13999938964844 AB 4.498640020000494 1.1806162983052142
63034.3615 lsst_hardware_r 6981.375442585999 89.65265886462734 32.209999084472656 AB 4.104680085631872 1.2307271257703118
63037.3181 lsst_hardware_i 3414.7907500049087 65.87255594406443 31.239999771118164 AB 4.27150822605482 1.1788620020850158
63037.3375 lsst_hardware_z 2301.220251725099 64.50716058666161 30.940000534057617 AB 4.437869592731427 1.1994242142517368
63043.3045 lsst_hardware_r 5764.96498262316 78.89162292501838 31.469999313354492 AB 6.548014496604802 1.1806733675811039
63043.3225 lsst_hardware_u 19.20897937921341 5.707244783018411 28.290000915527344 AB 6.6105094921492045 1.2016195150538043
63045.2895 lsst_hardware_g 3273.5941800383566 58.980561671797965 31.399999618530273 AB 6.765245379911793 1.1760190137753725
63045.3085 lsst_hardware_i 4425.281110408482 73.1462177603055 31.239999771118164 AB 6.437800838833087 1.1896518227539772
63047.2548 lsst_hardware_r 6136.509487756835 86.62857222567986 31.56999969482422 AB 4.135194355464084 1.1887866481138665
63047.2745 lsst_hardware_z 2720.094249787318 69.57235941473262 30.950000762939453 AB 4.088279985451135 1.1756940142209937
63049.2591 lsst_hardware_r 6081.369375747096 101.08391861757164 31.610000610351562 AB 9.753312621540916 1.179955151310525
63049.2786 lsst_hardware_y 703.8740371392771 57.28146941557194 30.010000228881836 AB 9.75269772270454 1.1760274599050844
63062.1677 lsst_hardware_z 1550.965712413027 59.82538337276933 30.93000030517578 AB 8.328496776873706 1.3013276213865166
63062.1946 lsst_hardware_r 2614.1435297943012 55.75842238654349 31.479999542236328 AB 7.811119309313785 1.2204873920802788
63065.218 lsst_hardware_r 1962.2491392603572 50.93384168706715 31.479999542236328 AB 2.4245643530096848 1.178403087732532
63065.2379 lsst_hardware_z 1711.7452449066282 58.49045064320726 30.940000534057617 AB 2.3552350486238716 1.1770290098070324
63072.2075 lsst_hardware_i 1970.0290300359463 53.87675686353046 31.239999771118164 AB 6.930778598456037 1.1755051896974282
63072.2295 lsst_hardware_z 1406.3065620368925 57.26280978393724 30.940000534057617 AB 6.475908128026821 1.184111926865323
63073.1945 lsst_hardware_r 1145.9076369546572 41.91097397063855 31.489999771118164 AB 12.670777402156622 1.1793717913334947
63073.2137 lsst_hardware_u 9.569106939180836 3.775932556069786 28.40999984741211 AB 11.92749845928292 1.1762142341531554
63083.0743 lsst_hardware_z 1042.0294971519756 82.54388055976315 30.93000030517578 AB 3.3061071361886154 1.502775970994825
63083.0916 lsst_hardware_r 697.3213582729445 101.1283857358977 31.56999969482422 AB 3.3126298412273254 1.3897202522279368
63085.169 lsst_hardware_i 1264.2651627854423 59.34162987030189 31.290000915527344 AB 3.313433016686693 1.1761231756807855
63085.1916 lsst_hardware_z 945.009767016672 59.92078432360655 30.950000762939453 AB 3.319378576718108 1.1820447183992313
63094.1344 lsst_hardware_r 408.06303130466375 31.879561234198228 31.479999542236328 AB 6.347435517894464 1.1812845256627413
63094.1558 lsst_hardware_u 12.535490701266488 3.633518850640555 28.329999923706055 AB 6.327737208555934 1.176068249092716
63099.135 lsst_hardware_g 71.18750956328846 17.913368461786277 31.399999618530273 AB 2.114136746415234 1.1753910747304859
63099.1567 lsst_hardware_r 420.2835889449136 31.228301743669732 31.479999542236328 AB 2.0725518603995 1.1849924873639222
63100.0893 lsst_hardware_i 704.6953454811169 41.81632576835792 31.239999771118164 AB 3.3703915366036767 1.223927929769833
63100.1158 lsst_hardware_z 464.3715626175112 48.84752746704508 30.940000534057617 AB 3.2963606452502794 1.1830814339166549
63102.1165 lsst_hardware_r 756.7617258212186 45.4695635155021 32.25 AB 3.312590727352998 1.1786831350107034
63102.134 lsst_hardware_z 980.2552414200356 69.13765796878984 31.690000534057617 AB 3.239812298590294 1.1760821485036006
63108.088 lsst_hardware_z 774.3172487816262 124.98752161239254 31.729999542236328 AB 3.7103023272498112 1.1891041830782185
63110.0831 lsst_hardware_r 650.3458122651241 137.65433556594294 31.6299991607666 AB 1.4869644912346476 1.1884623614503642
63110.1007 lsst_hardware_z 379.9713221433695 92.95862240769782 30.979999542236328 AB 1.2388707566081378 1.1761431233621562
63115.058 lsst_hardware_u 2.3705411112101693 2.700000047683716 28.3700008392334 AB 0.8046741343544694 1.2047522909861053
63115.0776 lsst_hardware_g 29.69592413908321 14.4399995803833 31.399999618530273 AB 0.7144384470723597 1.180889995160925
63118.0541 lsst_hardware_r 4.43552307607244 23.719999313354492 31.469999313354492 AB 3.0948512350090702 1.1978523680850484
63118.071 lsst_hardware_i 39.10633007983761 31.860000610351562 31.229999542236328 AB 3.040322238772296 1.1797913227675794
63121.0567 lsst_hardware_z 68.19928629982041 43.33000183105469 30.93000030517578 AB 3.3425851626690632 1.1846837365476035
63121.0728 lsst_hardware_r -57.196070230414286 23.6200008392334 31.469999313354492 AB 3.305475477804982 1.1756633490515298
63123.0564 lsst_hardware_u -1.9983855918875963 2.5999999046325684 28.299999237060547 AB 1.3527750447788254 1.1804319762470068
63123.0742 lsst_hardware_g 17.1226818387348 14.34000015258789 31.389999389648438 AB 1.3499529192106332 1.175575836758383
63125.0572 lsst_hardware_r 10.268122637941786 23.6299991607666 31.469999313354492 AB 3.0668783365950243 1.177003327335944
63125.0756 lsst_hardware_z -0.15856092881128167 43.40999984741211 30.93000030517578 AB 3.1203731392733824 1.1777215094445677
63128.0276 lsst_hardware_i -9.684000803532692 32.25 31.239999771118164 AB 7.060330737922532 1.196666226766531
63128.0474 lsst_hardware_r -35.77538738312982 23.780000686645508 31.479999542236328 AB 6.533809405372738 1.177705037393509
63135.0262 lsst_hardware_z 53.62050377170157 64.41000366210938 30.969999313354492 AB 3.8422022250891334 1.1788005701702657
63135.0454 lsst_hardware_r 20.106901564911418 78.41999816894531 31.6200008392334 AB 3.469042416551636 1.1765448250131492
63136.0369 lsst_hardware_z -41.3341866157455 104.93000030517578 31.729999542236328 AB 3.649177472283271 1.1753846271043782
63141.9951 lsst_hardware_z -13.551824667752983 46.310001373291016 30.940000534057617 AB 2.9499625726443077 1.1891813649466438
63142.0155 lsst_hardware_g -6.554416665469499 14.510000228881836 31.40999984741211 AB 2.2838137751350525 1.1756580713658964
63143.9919 lsst_hardware_y -25.664883275677493 58.34000015258789 30.0 AB 3.8863848568178936 1.186682399028177
63144.0054 lsst_hardware_i 6.248998941934829 32.349998474121094 31.229999542236328 AB 3.2372655715070247 1.1769734853687182
63145.994 lsst_hardware_y 33.03991831981274 54.470001220703125 30.010000228881836 AB 7.093038677930348 1.1801570114269797
63146.0132 lsst_hardware_r -0.32645468091612667 23.81999969482422 31.479999542236328 AB 4.554750145528694 1.175925166659669
63147.9957 lsst_hardware_y 30.440144233850535 55.290000915527344 30.010000228881836 AB 5.377516924670611 1.1765279152575192
63148.0142 lsst_hardware_g 7.6298542512072345 14.489999771118164 31.389999389648438 AB 4.535811605856614 1.178438972682934
63149.9961 lsst_hardware_y -69.78465712828846 54.4900016784668 30.010000228881836 AB 2.4909162670286946 1.1753763204105379
63150.0147 lsst_hardware_z -22.75141381496512 43.290000915527344 30.93000030517578 AB 4.127047858044656 1.1825352028781249
63151.9972 lsst_hardware_y -22.99095658441465 54.20000076293945 30.010000228881836 AB 5.794046860363133 1.1760184419398503
63152.0158 lsst_hardware_u -0.8586005019962228 2.700000047683716 28.34000015258789 AB 6.86380276861976 1.1890520170842827
