data/validation/pwv_sim_epoch_fit_4/27371868.ecsv
# %ECSV 0.9
# ---
# datatype:
# - {name: time, datatype: float64}
# - {name: band, datatype: string}
# - {name: flux, datatype: float64}
# - {name: fluxerr, datatype: float64}
# - {name: zp, datatype: float64}
# - {name: zpsys, datatype: string}
# - {name: pwv, datatype: float64}
# - {name: airmass, datatype: float64}
# meta: {SNID: '27371868', alt: 1024.0, c: -0.04033859074115753, dec: -26.944359, lat: -30.244573, lon: -70.7499537, ra: 250.136719, t0: 61957.1328125,
#   x0: 4.171154787378845e-06, x1: 0.5345055460929871, z: 0.6605362892150879}
# schema: astropy-2.0
time band flux fluxerr zp zpsys pwv airmass
61829.3168 lsst_hardware_r -5.009815555919085 27.18000030517578 31.459999084472656 AB 7.2252380607873326 1.374730164255763
61829.336 lsst_hardware_u 1.187464605277847 2.740000009536743 28.260000228881836 AB 5.994186082616804 1.258621749630825
61833.2979 lsst_hardware_r -6.631247913858387 26.639999389648438 31.450000762939453 AB 10.403386464646298 1.434059751140161
61833.3165 lsst_hardware_z 4.90519854723698 45.56999969482422 30.920000076293945 AB 9.485640821101525 1.3063371762577414
61837.3004 lsst_hardware_g -4.151888531319344 16.510000228881836 31.389999389648438 AB 12.894569900051094 1.3383051271459718
61837.32 lsst_hardware_r 12.404516486344974 26.260000228881836 31.489999771118164 AB 12.03279196239026 1.229508715503092
61839.299 lsst_hardware_i 58.108548492324594 57.27000045776367 31.270000457763672 AB 11.33106022147363 1.3130356778717172
61839.3195 lsst_hardware_z -5.950870720705059 54.470001220703125 30.959999084472656 AB 10.390690014073352 1.2067230583082875
61841.2973 lsst_hardware_r 88.55117224023499 88.66999816894531 31.59000015258789 AB 9.65529618301578 1.2909875896531595
61841.3167 lsst_hardware_z -36.59190001496356 62.18000030517578 30.959999084472656 AB 8.907758062823568 1.1951909382562147
61844.298 lsst_hardware_z -7.995544375539845 66.86000061035156 30.959999084472656 AB 10.321820552826658 1.2435928376899588
61844.317 lsst_hardware_i 9.106384834870026 69.18000030517578 31.309999465942383 AB 9.639358821339059 1.1613685326914527
61848.3393 lsst_hardware_r -22.84452880475871 41.709999084472656 31.600000381469727 AB 6.959318604317067 1.0656095859615347
61848.3555 lsst_hardware_i -15.194534286004451 41.099998474121094 31.290000915527344 AB 6.749839091375331 1.036178445650556
61850.336 lsst_hardware_z -51.94382385061443 42.599998474121094 30.950000762939453 AB 6.220701562943995 1.061100479819871
61850.3515 lsst_hardware_u 3.5304211272701145 3.549999952316284 28.6299991607666 AB 6.08468378634489 1.034004183758956
61854.2458 lsst_hardware_r 14.812877556844525 25.649999618530273 31.450000762939453 AB 9.794638087365952 1.394337232912908
61854.2624 lsst_hardware_u 0.4052218475267528 2.6500000953674316 28.25 AB 8.42490639573174 1.2876377348121875
61858.2563 lsst_hardware_r -0.007691342684908701 25.1200008392334 31.469999313354492 AB 10.057038253318142 1.261386962663758
61858.2725 lsst_hardware_u 1.5558112147937948 2.7699999809265137 28.389999389648438 AB 9.48527395524751 1.1859557333392736
61860.2539 lsst_hardware_g -34.97439870894287 15.399999618530273 31.389999389648438 AB 5.626770771287465 1.2456875738958086
61860.2714 lsst_hardware_r 35.90690443323123 24.709999084472656 31.479999542236328 AB 5.2775458037084695 1.168632817473069
61862.2529 lsst_hardware_i 73.40377920297725 33.130001068115234 31.229999542236328 AB 9.670128613776228 1.2240669131362314
61862.27 lsst_hardware_z 62.621265445769836 43.369998931884766 30.940000534057617 AB 9.112778614127263 1.1535162802692738
61864.2561 lsst_hardware_r 8.894459421633709 24.84000015258789 31.469999313354492 AB 7.492094076001125 1.1860365541207274
61864.2734 lsst_hardware_g -1.7463431817341304 15.4399995803833 31.43000030517578 AB 7.254255223251462 1.1236889940365506
61866.2534 lsst_hardware_r 33.21990140335192 38.0 31.579999923706055 AB 17.154015362142637 1.1749325590508657
61866.2699 lsst_hardware_i -47.51056664564175 38.470001220703125 31.280000686645508 AB 16.317570863898993 1.1176418399930816
61872.2468 lsst_hardware_z 32.99699599542287 116.52999877929688 31.739999771118164 AB 7.774494745441909 1.1391896568203541
61876.2066 lsst_hardware_z 89.31150576124138 56.849998474121094 30.950000762939453 AB 21.531569074352586 1.2643317131152427
61876.2394 lsst_hardware_r 63.340352049393715 57.58000183105469 31.6200008392334 AB 18.460872018451372 1.1276110364522878
61878.258 lsst_hardware_g -36.21504889646487 25.75 31.6200008392334 AB 13.537523819598485 1.0643334960472108
61878.2791 lsst_hardware_r -13.28730738807431 31.40999984741211 31.579999923706055 AB 13.085586445839388 1.028377260076183
61880.2399 lsst_hardware_i -47.28410724250806 31.959999084472656 31.25 AB 2.9663885423881555 1.0943054661581317
61880.2567 lsst_hardware_z -3.484834591491701 41.9900016784668 30.950000762939453 AB 3.774365108461237 1.0559141442051299
61883.2473 lsst_hardware_i -28.876489503208806 31.3700008392334 31.25 AB 4.805878006408087 1.0582914830421155
61883.2657 lsst_hardware_u 1.679126995390346 2.7200000286102295 28.420000076293945 AB 5.800926597881083 1.0280470104940482
61885.2432 lsst_hardware_g -12.71379613522563 15.329999923706055 31.469999313354492 AB 13.406398368839415 1.0556219188062532
61885.2608 lsst_hardware_r 31.846114642069566 24.100000381469727 31.520000457763672 AB 13.962777368634317 1.0273168795669585
61888.1459 lsst_hardware_u 1.9365457126926484 2.440000057220459 28.059999465942383 AB 3.0118573431436317 1.4488790586379467
61888.1658 lsst_hardware_g -5.312148115510318 15.0 31.350000381469727 AB 2.7441321037444864 1.3095878005541393
61889.1566 lsst_hardware_g 4.329826895345947 15.010000228881836 31.34000015258789 AB 11.028220863045807 1.3502566101066185
61889.169 lsst_hardware_r 1.4134396413673789 24.729999542236328 31.459999084472656 AB 12.457586643044431 1.2756732008647207
61891.1559 lsst_hardware_z -10.260457128292758 45.630001068115234 30.93000030517578 AB 12.30442620069907 1.3199459553953392
61891.1749 lsst_hardware_r -2.6272018522679836 24.899999618530273 31.489999771118164 AB 11.751024132528393 1.2186172025263857
61895.1522 lsst_hardware_z 39.81399074043563 49.15999984741211 30.940000534057617 AB 10.878721562795505 1.2779702276411755
61895.1717 lsst_hardware_r -51.9605336256917 44.7599983215332 31.59000015258789 AB 10.844640473409521 1.1850770924936642
61897.1511 lsst_hardware_i 46.38078579814407 59.130001068115234 31.280000686645508 AB 7.664486366177826 1.2547590231123742
61897.1701 lsst_hardware_z 32.68336545677439 56.59000015258789 30.959999084472656 AB 7.463667768586826 1.1697316532107658
61908.1576 lsst_hardware_i -24.031964449552714 32.2400016784668 31.239999771118164 AB 8.720387275923992 1.1105944060015274
61908.178 lsst_hardware_z 36.02236888208423 42.11000061035156 30.940000534057617 AB 7.77956909888237 1.0603924349325564
61910.1576 lsst_hardware_r -15.349500024865765 24.729999542236328 31.510000228881836 AB 8.434217022196608 1.0953528600255333
61910.1777 lsst_hardware_g 18.762994280865268 15.59000015258789 31.469999313354492 AB 8.469657959625426 1.0504350687864847
61918.1398 lsst_hardware_i -34.44472367833002 32.119998931884766 31.25 AB 7.836593862793695 1.084950001771244
61918.1678 lsst_hardware_u -4.824585181419941 2.9200000762939453 28.549999237060547 AB 7.782429785916658 1.0312179217662885
61926.0342 lsst_hardware_z -31.042696314149406 69.66040164669553 30.920000076293945 AB 15.332752869761874 1.5179941459073554
61926.0553 lsst_hardware_r 37.89338194562825 85.7724184262761 31.56999969482422 AB 12.881048025699629 1.3521162388439052
61928.0404 lsst_hardware_i -111.68333053626098 136.9982043828194 31.260000228881836 AB 6.566500303868802 1.4195280786601625
61928.06 lsst_hardware_r -257.7741118631239 166.01124974695963 31.59000015258789 AB 4.903499231620892 1.2897157368808765
61944.0469 lsst_hardware_u 3.991072247791046 3.3356294857026425 28.3799991607666 AB 3.45217584572496 1.15072528190832
61944.0656 lsst_hardware_g 280.7132540569471 22.443030002749786 31.450000762939453 AB 3.2794618507993434 1.0931539502664478
61950.0724 lsst_hardware_r 2987.445892889696 65.03453694909084 32.279998779296875 AB 3.6133316384469816 1.0435614840281027
61950.0905 lsst_hardware_i 2384.067670947823 66.48922040464313 32.0099983215332 AB 3.9861769628849335 1.0189179813960552
61957.9544 lsst_hardware_y 581.5882856336129 93.35627482413904 29.940000534057617 AB 5.909514090295522 1.451969063954563
61957.9748 lsst_hardware_r 1908.5902229608182 143.10693012376242 31.600000381469727 AB 5.3185518631536 1.3088598162061278
61959.9644 lsst_hardware_z 1783.447429742799 106.8276277198389 31.700000762939453 AB 4.056397621753826 1.3394818783997224
61961.957 lsst_hardware_y 314.8097293725926 76.25075846733824 29.969999313354492 AB 9.134232609990237 1.3521512794814325
61961.978 lsst_hardware_g 200.81653871252203 20.94894426058988 31.40999984741211 AB 7.330320680523708 1.232970973554301
61963.9571 lsst_hardware_y 391.75876634760635 76.701304588521 29.969999313354492 AB 6.468894133784845 1.3168008957510298
61963.9759 lsst_hardware_i 1147.3202136697603 47.33234457692074 31.229999542236328 AB 7.1550531499503665 1.2171735274436875
61964.9579 lsst_hardware_y 495.8281218799563 76.67613633081328 29.979999542236328 AB 10.145771784608304 1.2958666278025595
61964.9794 lsst_hardware_i 1137.0937618681298 46.613443532088844 31.239999771118164 AB 10.269135673780884 1.1899346087810991
61973.9633 lsst_hardware_y 270.1440987511668 64.1034900370576 30.020000457763672 AB 3.7349606934763497 1.156812108241694
61973.9817 lsst_hardware_g 68.63751304881572 17.717316047258198 31.43000030517578 AB 3.739157133033129 1.0984597923129051
61975.965 lsst_hardware_y 240.24203587137572 58.62720634512109 30.030000686645508 AB 5.548086475219744 1.1320315191225756
61975.9836 lsst_hardware_i 770.1886751621946 42.17899897096582 31.260000228881836 AB 5.29229817434647 1.0796752536025847
61977.9661 lsst_hardware_z 725.2856954858651 57.73714002267317 30.959999084472656 AB 4.786539629346921 1.1116837414291836
61977.9855 lsst_hardware_u -2.6733280775809507 2.99186837656675 28.40999984741211 AB 4.596279907400564 1.06321533828373
61978.9665 lsst_hardware_y 224.29902055205716 57.82288074843876 30.030000686645508 AB 4.540907518473347 1.1027196240348107
61978.9849 lsst_hardware_r 528.7892375248249 34.973008397216056 31.530000686645508 AB 4.352369310050096 1.0588632888109712
61980.9681 lsst_hardware_y 175.45230988116325 57.24766926012323 30.040000915527344 AB 5.72068304949806 1.084164257078866
61980.9864 lsst_hardware_z 645.5060334267872 53.08425850639981 30.959999084472656 AB 5.514552336791568 1.0458753957753637
61982.9694 lsst_hardware_y 136.22416696276926 62.90955461075001 30.049999237060547 AB 4.97679042892211 1.0684393363937548
61982.9891 lsst_hardware_z 778.6815179169655 72.62236851152417 30.989999771118164 AB 4.803034129176699 1.0329475886254056
62200.2574 lsst_hardware_i 20.659008679492175 104.5999984741211 31.93000030517578 AB 18.858027504585507 1.8210346191700688
62200.2891 lsst_hardware_z 35.91226131546471 95.48999786376953 31.68000030517578 AB 15.215829360790813 1.4671044572337995
62202.3033 lsst_hardware_z 173.64991038365795 57.36000061035156 30.93000030517578 AB 11.895689282207677 1.3244411893346828
62202.3243 lsst_hardware_r 92.95209260103455 54.40999984741211 31.59000015258789 AB 10.837344373527648 1.2128187831753998
62204.3151 lsst_hardware_z 48.77651235463608 45.77000045776367 30.93000030517578 AB 8.857402053797781 1.2301947296941362
62204.3367 lsst_hardware_i -17.58050308268525 35.099998474121094 31.25 AB 7.9737934496046785 1.14224091435187
62206.2962 lsst_hardware_r -16.863279540052 26.149999618530273 31.469999313354492 AB 10.310074041803814 1.3014073074951957
62206.3163 lsst_hardware_u -1.630393067650525 2.7799999713897705 28.34000015258789 AB 9.614958054195231 1.1999198869581318
62208.2984 lsst_hardware_g 5.49889154423353 16.170000076293945 31.399999618530273 AB 17.24875377491805 1.259056097733028
62208.318 lsst_hardware_r -25.83483819896808 25.739999771118164 31.489999771118164 AB 16.196959083921474 1.170617695106801
62211.2965 lsst_hardware_i 15.468461403169808 33.5099983215332 31.229999542236328 AB 9.464536090578411 1.2277653433537747
62211.3171 lsst_hardware_z -31.558392869334487 43.43000030517578 30.940000534057617 AB 8.846845672057231 1.1439270304906906
62216.3372 lsst_hardware_z -76.95093732861704 42.54999923706055 30.959999084472656 AB 6.134019528008607 1.0547103358089023
62216.3542 lsst_hardware_r 21.070013211864108 25.1200008392334 31.549999237060547 AB 6.085257151659228 1.027481156886342
62220.2516 lsst_hardware_z 27.68665447223306 46.33000183105469 30.920000076293945 AB 8.80019248645806 1.3406412319093148
62220.2699 lsst_hardware_g 3.648416966710272 15.8100004196167 31.40999984741211 AB 8.099176519458785 1.2375389091934226
62222.2531 lsst_hardware_r -85.85798674209938 57.790000915527344 31.579999923706055 AB 9.112649758704976 1.298021213181289
62222.2709 lsst_hardware_i 53.72472133547272 49.060001373291016 31.280000686645508 AB 8.459660609183421 1.2074448683937087
62224.2636 lsst_hardware_z -178.5007342184062 87.33999633789062 31.719999313354492 AB 9.718146522857642 1.2157180951190052
62226.2355 lsst_hardware_r 3.3917597150367484 109.66000366210938 31.59000015258789 AB 5.007576897695785 1.3388348098913248
62226.2536 lsst_hardware_z -42.52714626792313 73.94000244140625 30.969999313354492 AB 5.685612784656242 1.2371457944092352
62228.2587 lsst_hardware_i -63.3671687620374 89.13999938964844 31.31999969482422 AB 9.396925595790856 1.189484252631754
62228.2756 lsst_hardware_z -93.57203602276267 79.33000183105469 30.989999771118164 AB 8.90800003328137 1.1275949409216923
62234.2532 lsst_hardware_i 30.497609468263043 32.470001220703125 31.239999771118164 AB 9.920374529532854 1.147792957252442
62234.2733 lsst_hardware_r -9.168150777914224 24.979999542236328 31.510000228881836 AB 9.365609161166969 1.0874121693032968
62238.2563 lsst_hardware_i -16.927431250259076 31.8700008392334 31.25 AB 6.460532594069535 1.1036099409069926
62238.2765 lsst_hardware_z -9.390025754232546 41.81999969482422 30.950000762939453 AB 6.231644027607585 1.0559423922066569
62242.2396 lsst_hardware_z -20.48186067189135 43.02000045776367 30.940000534057617 AB 18.309509149039094 1.1206187223036705
62242.2579 lsst_hardware_r 9.854709017236347 24.360000610351562 31.510000228881836 AB 17.723195647310593 1.0720323193324552
62244.2471 lsst_hardware_u 4.204868167715249 2.8299999237060547 28.469999313354492 AB 12.892676015551947 1.0846562405730866
62244.2645 lsst_hardware_g 22.291774949828195 15.260000228881836 31.459999084472656 AB 13.38148985379555 1.0478028230988607
62246.2441 lsst_hardware_r -9.745869862127451 24.239999771118164 31.5 AB 2.9205502095845146 1.0786889047403563
62246.2632 lsst_hardware_z -25.585686001390307 41.66999816894531 30.950000762939453 AB 3.732794532872894 1.0407419701318477
62248.2611 lsst_hardware_u 0.7904568849112062 2.8399999141693115 28.510000228881836 AB 8.790370540481343 1.0355013005632396
62248.2803 lsst_hardware_g 18.0698629820888 15.34000015258789 31.489999771118164 AB 8.503289766397396 1.0130602160038198
62252.1533 lsst_hardware_r 63.722638173636945 72.19999694824219 31.559999465942383 AB 12.654100120611991 1.417561626655563
62252.1727 lsst_hardware_z -7.734655326088307 57.689998626708984 30.950000762939453 AB 8.263627162395675 1.289395320955805
62254.1518 lsst_hardware_r -96.80858087264392 126.97000122070312 31.56999969482422 AB 2.8937888495460804 1.3881857363403145
62254.1714 lsst_hardware_i 79.90814758093683 96.88999938964844 31.290000915527344 AB 2.8066070030279806 1.2665194056985474
62257.1498 lsst_hardware_z -36.39094023285409 91.1500015258789 30.950000762939453 AB 12.54392161236516 1.3457458772004673
62257.1684 lsst_hardware_i -38.430551626778694 101.12999725341797 31.299999237060547 AB 11.89139137885244 1.2399243736910048
62259.1537 lsst_hardware_z 54.73711554499292 57.040000915527344 30.950000762939453 AB 14.638124398113568 1.288765822033638
62259.1723 lsst_hardware_g 99.97796081876426 56.349998474121094 31.65999984741211 AB 13.787880221827844 1.1969338695955865
62261.151 lsst_hardware_r 4.404261773755931 24.979999542236328 31.479999542236328 AB 10.899696905587136 1.2734530509886637
62261.1699 lsst_hardware_i 27.230555244318538 32.63999938964844 31.239999771118164 AB 10.933869869081693 1.1841522574410237
62264.1544 lsst_hardware_z 41.83223510735453 44.529998779296875 30.940000534057617 AB 11.998914915293064 1.2156955334643427
62264.1742 lsst_hardware_u -0.7487619822483096 2.869999885559082 28.479999542236328 AB 10.042097010795153 1.137807233779075
