data/validation/pwv_sim_epoch_fit_4/27531011.ecsv
# %ECSV 0.9
# ---
# datatype:
# - {name: time, datatype: float64}
# - {name: band, datatype: string}
# - {name: flux, datatype: float64}
# - {name: fluxerr, datatype: float64}
# - {name: zp, datatype: float64}
# - {name: zpsys, datatype: string}
# - {name: pwv, datatype: float64}
# - {name: airmass, datatype: float64}
# meta: {SNID: '27531011', alt: 1024.0, c: 0.007009036839008331, dec: -12.329984, lat: -30.244573, lon: -70.7499537, ra: 312.363281, t0: 59963.90625,
#   x0: 0.00026724155056680616, x1: 1.3416301012039185, z: 0.10737629234790802}
# schema: astropy-2.0
time band flux fluxerr zp zpsys pwv airmass
59843.0605 lsst_hardware_r -30.763571986939223 24.09000015258789 31.510000228881836 AB 4.108397501719512 1.0518844016435778
59843.0809 lsst_hardware_i -10.145290315584951 31.56999969482422 31.25 AB 4.141458826860571 1.0559782827768214
59845.0306 lsst_hardware_i 23.629854130126137 31.6200008392334 31.25 AB 1.6012410268018957 1.0674940178679304
59845.0504 lsst_hardware_z 40.833876987575685 41.91999816894531 30.950000762939453 AB 1.4396020373942424 1.0531104882183324
59857.0015 lsst_hardware_y -22.000515397363195 57.4900016784668 30.049999237060547 AB 2.9259406292980956 1.0636883138408673
59857.0228 lsst_hardware_r 125.65024687896627 86.44000244140625 31.649999618530273 AB 2.924778613471031 1.0517948803275032
59858.9994 lsst_hardware_y 5.837523157004903 59.43000030517578 30.059999465942383 AB 6.52166273306037 1.0606629187453913
59859.0174 lsst_hardware_r -42.90093380888005 93.76000213623047 31.65999984741211 AB 4.080750462450453 1.0517849896775084
59861.0011 lsst_hardware_y 66.57634879607862 56.529998779296875 30.059999465942383 AB 4.209473192237224 1.0556672582413102
59861.0186 lsst_hardware_z -163.9791093126599 66.05000305175781 30.989999771118164 AB 4.19101753102804 1.0515663106330548
59863.002 lsst_hardware_y 1.1368436464596725 51.65999984741211 30.049999237060547 AB 3.585327926889223 1.0528566739103042
59863.0199 lsst_hardware_u 3.2469364937109755 11.260000228881836 29.31999969482422 AB 3.6389122282620403 1.0530275571318723
59868.004 lsst_hardware_z 57.581920410393295 69.66999816894531 31.719999313354492 AB 8.227210062793505 1.0523532564464324
60077.3951 lsst_hardware_g 33.8876638589013 105.79000091552734 31.729999542236328 AB 7.016438085591082 1.0667603008703246
60077.4143 lsst_hardware_y -102.27528533625546 150.02999877929688 30.079999923706055 AB 6.910024143213859 1.0530897856053634
60082.3782 lsst_hardware_i 10.301364592433352 110.3499984741211 31.34000015258789 AB 8.472600622260762 1.070493677003971
60082.3976 lsst_hardware_y 68.33667269733937 149.8800048828125 30.079999923706055 AB 8.381189254879507 1.0543260552095441
60095.3617 lsst_hardware_g -121.89207252862836 149.38999938964844 32.47999954223633 AB 7.514343384398816 1.0545213496992842
60095.3853 lsst_hardware_r 83.82922597064282 135.05999755859375 32.400001525878906 AB 7.796780484964321 1.053618984454638
60111.3134 lsst_hardware_u 66.76072154522137 37.59000015258789 29.520000457763672 AB 6.848546874706067 1.0571328191877318
60111.3379 lsst_hardware_g -13.290453935638551 105.76000213623047 31.729999542236328 AB 6.997882763502537 1.0523923247616664
60118.2956 lsst_hardware_g 20.262086220707744 105.72000122070312 31.729999542236328 AB 2.849578283136115 1.0563122265425677
60118.3182 lsst_hardware_r 49.207001401827654 95.41000366210938 31.649999618530273 AB 2.79336301177064 1.0522462374826618
60120.2955 lsst_hardware_i 81.02209120875087 110.37999725341797 31.34000015258789 AB 4.221264384771339 1.0536259046374923
60120.3228 lsst_hardware_z -239.84138714513028 137.38999938964844 31.010000228881836 AB 4.254641476064806 1.0565506635096948
60121.3126 lsst_hardware_r 43.83964257942875 95.62999725341797 31.65999984741211 AB 5.829368279164949 1.0529928249936882
60121.3337 lsst_hardware_g -41.042461763802 105.69999694824219 31.729999542236328 AB 5.812323887887185 1.068540102562218
60123.3014 lsst_hardware_r 119.78029740810996 95.61000061035156 31.65999984741211 AB 5.707095029417872 1.0516759882219666
60123.3198 lsst_hardware_i 75.87197924829495 110.44000244140625 31.34000015258789 AB 5.7475353803597695 1.060267864170913
60125.2947 lsst_hardware_z 150.56646628710425 137.47000122070312 31.010000228881836 AB 3.6893724244720443 1.0515526363038927
60125.3134 lsst_hardware_i -39.23681353783831 110.38999938964844 31.34000015258789 AB 3.776920661392595 1.059519085880477
60128.3045 lsst_hardware_z 55.26803701430383 194.2899932861328 31.760000228881836 AB 6.826163877626918 1.0589767107705426
60130.2556 lsst_hardware_r 188.7299781535273 95.43000030517578 31.649999618530273 AB 4.264831742946591 1.0616737042913058
60130.2757 lsst_hardware_i 63.53611416805113 110.43000030517578 31.34000015258789 AB 4.171633951018477 1.0516724246265068
60141.2717 lsst_hardware_u -23.17484408717469 64.66999816894531 30.690000534057617 AB 3.422719810252706 1.061143949853575
60141.2987 lsst_hardware_g 205.08964340720738 181.13999938964844 32.88999938964844 AB 3.12930150922554 1.0990288606505056
60143.2639 lsst_hardware_r 125.76583353555701 95.44999694824219 31.649999618530273 AB 1.984323691494772 1.0592475221502342
60143.2825 lsst_hardware_i 272.176802634138 110.2300033569336 31.34000015258789 AB 2.051150010936752 1.0803107501422502
60151.1834 lsst_hardware_r 5.488608233356387 134.75 32.400001525878906 AB 11.602117832536445 1.0791412935739049
60151.2029 lsst_hardware_i -195.83229701241262 156.2100067138672 32.09000015258789 AB 11.415086811226608 1.0580137617573129
60159.14 lsst_hardware_r 18.560196403835416 94.72000122070312 31.639999389648438 AB 2.023910980458223 1.121280321583503
60159.1527 lsst_hardware_z 31.676890284335883 137.02999877929688 31.0 AB 2.019634518759028 1.0939117230922293
60161.1805 lsst_hardware_g -155.82068230806203 105.72000122070312 31.729999542236328 AB 1.7636638748805846 1.0550332252523318
60161.1999 lsst_hardware_r -42.77362106977741 95.48999786376953 31.649999618530273 AB 1.7404448739421337 1.0520521099791258
60163.1636 lsst_hardware_i -72.11706169824829 156.1699981689453 32.09000015258789 AB 2.773754983483527 1.0634204409521508
60163.1864 lsst_hardware_z -61.646974330823 194.39999389648438 31.760000228881836 AB 2.9731995927772945 1.0515914617226931
60166.1736 lsst_hardware_r -39.630766262033895 95.58999633789062 31.65999984741211 AB 4.32645117275317 1.0524084584658646
60166.1935 lsst_hardware_g 50.335153740201704 105.87999725341797 31.729999542236328 AB 4.374890406529966 1.0545292639876185
60177.155 lsst_hardware_r -115.494939303945 95.45999908447266 31.649999618530273 AB 1.8925924554372051 1.051829819620529
60177.1771 lsst_hardware_u -9.629505553679977 37.47999954223633 29.510000228881836 AB 1.8358548058435604 1.0645722272215485
60180.1312 lsst_hardware_g -110.39868222632906 105.94999694824219 31.729999542236328 AB 2.909890643737403 1.0538309257536995
60180.1522 lsst_hardware_r 79.27512781375137 95.58999633789062 31.65999984741211 AB 2.851647486244873 1.0532400687885035
60182.1098 lsst_hardware_i 82.30477056888054 110.29000091552734 31.34000015258789 AB 2.002638983702653 1.0653279459363345
60182.1275 lsst_hardware_z -52.93437723868857 137.4499969482422 31.010000228881836 AB 2.3148282348266305 1.0531520631604323
60196.0886 lsst_hardware_i -56.71000237622732 110.41000366210938 31.34000015258789 AB 2.642274210999329 1.053398356544583
60196.1065 lsst_hardware_z 22.85368776337294 137.3699951171875 31.0 AB 2.7040972729030104 1.052587494317857
60199.0641 lsst_hardware_z 164.80195321098924 137.27000427246094 31.0 AB 3.1403905942554986 1.0645993313482678
60199.0823 lsst_hardware_r -102.16355367087874 95.44999694824219 31.649999618530273 AB 3.004724595951857 1.0527502233989237
60207.1924 lsst_hardware_r 107.23635172670373 129.0500030517578 32.310001373291016 AB 8.806113984157994 1.4134447227892932
60207.2141 lsst_hardware_u 61.98794845567819 40.790000915527344 29.690000534057617 AB 9.362343214544694 1.61021783200333
60209.0349 lsst_hardware_y -81.26585729321651 149.58999633789062 30.06999969482422 AB 2.750852915337578 1.066566558450757
60209.0552 lsst_hardware_g -152.2454729053573 105.94000244140625 31.729999542236328 AB 2.658825685242832 1.0526875919004277
60211.0303 lsst_hardware_r -47.34802377473515 95.3499984741211 31.649999618530273 AB 3.0404909964422164 1.0656548851365908
60211.0481 lsst_hardware_i 61.52840756841115 110.33000183105469 31.34000015258789 AB 3.2097149623474293 1.0532288637727414
60215.0373 lsst_hardware_z -60.571744584190796 137.4199981689453 31.010000228881836 AB 4.994552765668171 1.0531846697831244
60215.0579 lsst_hardware_r -106.49939142347144 95.56999969482422 31.65999984741211 AB 4.724741938667397 1.0537282694125203
60218.0262 lsst_hardware_u 49.16735185514791 37.58000183105469 29.520000457763672 AB 6.410534832087643 1.0543787330562606
60218.0455 lsst_hardware_r -139.27629278317866 95.5 31.649999618530273 AB 6.011820440092012 1.0523360457610664
60223.0016 lsst_hardware_y 98.19691116932786 149.5800018310547 30.06999969482422 AB 3.6175338432173314 1.0617425553638893
60223.0223 lsst_hardware_r 59.13771756381616 95.48999786376953 31.649999618530273 AB 3.5967093756113337 1.0516181596251963
60226.9999 lsst_hardware_z 30.444820381838944 137.47000122070312 31.010000228881836 AB 3.2442374983706905 1.0552367652521693
60227.0157 lsst_hardware_i -5.353310307113072 110.5199966430664 31.34000015258789 AB 2.5236581493196666 1.0515242288831945
60228.9933 lsst_hardware_y -28.832028105644813 149.99000549316406 30.079999923706055 AB 5.527715124111316 1.055864595599691
60229.013 lsst_hardware_r -132.01744220837352 95.56999969482422 31.65999984741211 AB 6.478725886252422 1.0518265908356883
60235.9963 lsst_hardware_y 16.915272415062475 149.88999938964844 30.079999923706055 AB 5.38789208288294 1.052322672438117
60236.0153 lsst_hardware_z 15.464711535858198 137.3800048828125 31.0 AB 4.307476018037069 1.0638807931594458
