data/validation/pwv_sim_epoch_fit_4/27716338.ecsv
# %ECSV 0.9
# ---
# datatype:
# - {name: time, datatype: float64}
# - {name: band, datatype: string}
# - {name: flux, datatype: float64}
# - {name: fluxerr, datatype: float64}
# - {name: zp, datatype: float64}
# - {name: zpsys, datatype: string}
# - {name: pwv, datatype: float64}
# - {name: airmass, datatype: float64}
# meta: {SNID: '27716338', alt: 1024.0, c: -0.03320344537496567, dec: 4.181528, lat: -30.244573, lon: -70.7499537, ra: 170.683594, t0: 62270.46875,
#   x0: 3.3505758501529322e-06, x1: 0.7555326223373413, z: 0.7223556637763977}
# schema: astropy-2.0
time band flux fluxerr zp zpsys pwv airmass
62146.3377 lsst_hardware_i 29.838792204936535 33.77000045776367 31.239999771118164 AB 8.373303666069038 1.229876057146702
62146.358 lsst_hardware_z 46.094922582323505 49.150001525878906 30.950000762939453 AB 8.245752482323432 1.2114674851902143
62150.3507 lsst_hardware_r -50.102814331063676 25.329999923706055 31.489999771118164 AB 8.319454736505385 1.2103959364459846
62150.3708 lsst_hardware_y 113.12593501388918 82.37999725341797 30.010000228881836 AB 8.381494386983194 1.2164429095062808
62152.3501 lsst_hardware_z 88.00446258179281 44.349998474121094 30.940000534057617 AB 5.411096836755641 1.2099948203836406
62152.3701 lsst_hardware_y -72.10898365108305 72.75 30.010000228881836 AB 5.466300572986693 1.220883094026212
62154.3561 lsst_hardware_u 2.8348008850313504 3.309999942779541 28.540000915527344 AB 8.129158033806794 1.2137449628060064
62158.3149 lsst_hardware_i 24.23989460239674 32.95000076293945 31.229999542236328 AB 11.49397440986457 1.2181627269211563
62158.3357 lsst_hardware_z 45.65551361960383 44.11000061035156 30.93000030517578 AB 10.804379874604912 1.2101679967075394
62163.3217 lsst_hardware_i -27.792272153181464 33.15999984741211 31.239999771118164 AB 14.280210558258013 1.210118967142366
62163.3391 lsst_hardware_u 1.7307071245129182 2.8499999046325684 28.440000534057617 AB 13.401161811808166 1.2198769741003248
62165.3268 lsst_hardware_z -23.028468477027545 68.05000305175781 30.969999313354492 AB 13.44020912602426 1.2142024355363359
62165.344 lsst_hardware_r -32.83854012899974 80.86000061035156 31.610000610351562 AB 14.287541798529542 1.2331463414417625
62175.296 lsst_hardware_i 22.249777345665823 33.2599983215332 31.239999771118164 AB 9.912328082922247 1.2122206289497637
62175.3146 lsst_hardware_u -2.2232327038533604 3.1500000953674316 28.459999084472656 AB 10.055762213456804 1.229987427491502
62179.2674 lsst_hardware_i -6.231560714890079 33.189998626708984 31.229999542236328 AB 6.627409012612223 1.2116475181886321
62179.2846 lsst_hardware_r 6.364187248729263 25.110000610351562 31.479999542236328 AB 6.616588728881407 1.2119959204801685
62181.0909 lsst_hardware_u -0.45992972799733417 1.340000033378601 26.75 AB 9.542674016951626 3.003280657856749
62183.2373 lsst_hardware_r 8.746742934590143 25.209999084472656 31.479999542236328 AB 4.904226581008652 1.2289754619743523
62183.2551 lsst_hardware_i 8.493827250918548 33.220001220703125 31.229999542236328 AB 5.499627659888074 1.21226179130524
62189.2694 lsst_hardware_r 11.08613205058382 25.25 31.479999542236328 AB 11.330306504067627 1.2212013908242756
62189.2869 lsst_hardware_z -16.787097139968765 44.849998474121094 30.93000030517578 AB 11.559833048984883 1.248272231911117
62193.244 lsst_hardware_z 81.27643316226343 89.12999725341797 31.709999084472656 AB 6.702605241781211 1.211058856587083
62195.239 lsst_hardware_r -65.55669865239321 159.33999633789062 31.6200008392334 AB 6.398959558893809 1.2112168510611814
62195.2563 lsst_hardware_i -5.2932584747408935 130.0500030517578 31.309999465942383 AB 6.7154829145482235 1.225006004113138
62201.2344 lsst_hardware_r -90.49016377120202 40.86000061035156 31.559999465942383 AB 9.533641161200407 1.2189278675247708
62201.2523 lsst_hardware_z 44.5471807122285 48.61000061035156 30.940000534057617 AB 9.682559061529119 1.2446248552643682
62205.2315 lsst_hardware_g 7.495161293542564 15.8100004196167 31.40999984741211 AB 12.38456571758687 1.2282924517206983
62205.2505 lsst_hardware_r -21.25031656210973 25.59000015258789 31.479999542236328 AB 11.988951642195342 1.2646906977710641
62209.1998 lsst_hardware_z -8.240798665900522 44.2400016784668 30.93000030517578 AB 13.517785085759703 1.2108913052142796
62209.2182 lsst_hardware_r 24.989490394138485 25.420000076293945 31.479999542236328 AB 13.72708941925364 1.2251589640246605
62210.1939 lsst_hardware_u -2.046952188154485 2.759999990463257 28.350000381469727 AB 12.25904408419193 1.2101721702064774
62210.213 lsst_hardware_g 2.0270501160110586 15.869999885559082 31.420000076293945 AB 11.317192127947331 1.2222249719690201
62215.1981 lsst_hardware_r 7.322636229830435 25.6299991607666 31.489999771118164 AB 6.325604252973883 1.2208645120335602
62215.2164 lsst_hardware_u -0.1836142217187685 2.8299999237060547 28.389999389648438 AB 6.22510828827151 1.2492691728419842
62217.1938 lsst_hardware_g -15.375112932623514 16.0 31.43000030517578 AB 5.798991164962778 1.2221266944073292
62217.2128 lsst_hardware_r -5.97403917859631 25.719999313354492 31.489999771118164 AB 7.3078116813639 1.2532152936958734
62221.1797 lsst_hardware_r 101.16635033053691 67.20999908447266 31.610000610351562 AB 9.010861556767171 1.2188369480274814
62221.1978 lsst_hardware_z -1.143011878731181 58.75 30.959999084472656 AB 9.144726979227368 1.244829772338512
62231.1387 lsst_hardware_i -21.094715280734526 32.709999084472656 31.229999542236328 AB 8.522835611197165 1.2106013983377046
62231.1567 lsst_hardware_z -35.958911933287744 45.400001525878906 30.93000030517578 AB 8.626325139618862 1.223418683820582
62233.1387 lsst_hardware_r 22.42056170905454 24.989999771118164 31.479999542236328 AB 12.346124892484633 1.2127426959645689
62233.157 lsst_hardware_u -2.929070445188889 2.7699999809265137 28.3700008392334 AB 12.543980883126704 1.2310894611809897
62235.1337 lsst_hardware_g 5.083762415575535 15.380000114440918 31.40999984741211 AB 8.39208967463305 1.2129926537013878
62235.1554 lsst_hardware_i 43.71699793239187 33.150001525878906 31.219999313354492 AB 8.538201833335187 1.2372412452304284
62237.1287 lsst_hardware_z -3.04952346760703 43.95752871845309 30.940000534057617 AB 3.6362221632015905 1.2132536065179782
62237.1439 lsst_hardware_r 17.03189694816711 24.893182435752912 31.479999542236328 AB 3.7269198188429984 1.2279801709532119
62243.1307 lsst_hardware_r 25.184879658472546 25.60507940285999 31.489999771118164 AB 18.05203007318264 1.2326131240792952
62243.1493 lsst_hardware_i 77.07798034008127 34.49253982083929 31.229999542236328 AB 18.605218229784295 1.2712245129330833
62247.1263 lsst_hardware_z 186.6900461643912 47.07449319332948 30.940000534057617 AB 9.032875778708943 1.2438551058536138
62247.1431 lsst_hardware_r 135.31133687884596 30.395905242278136 31.5 AB 9.428109951486483 1.2843961516908224
62249.1209 lsst_hardware_i 377.2253267308138 55.07261249039594 31.280000686645508 AB 5.835783404097877 1.2439719486486283
62249.1381 lsst_hardware_z 277.56936823389225 57.225531840613776 30.950000762939453 AB 6.785282662383306 1.2857610805596298
62251.0915 lsst_hardware_z 307.6112481736141 85.50546148673396 30.979999542236328 AB 16.362020521355827 1.2138747836554553
62251.1107 lsst_hardware_r 281.1741056763767 114.38479742805808 31.610000610351562 AB 16.605812430342645 1.23555152011478
62253.0985 lsst_hardware_y 374.28901973110567 91.9333393804243 30.75 AB 5.439124069967041 1.2257181002742628
62255.0856 lsst_hardware_r 638.7618870457956 99.35841823594714 31.610000610351562 AB 10.744497371891661 1.2176792601662174
62255.1038 lsst_hardware_i 684.0413193863257 80.63791148773372 31.290000915527344 AB 10.947050356352007 1.2426179979967467
62260.0871 lsst_hardware_u 7.109799773388785 4.602130030315885 29.1299991607666 AB 14.626578543662957 1.2371815219845694
62260.1064 lsst_hardware_r 1862.908423851316 55.04592503882402 32.22999954223633 AB 15.035245747456722 1.2809035395686084
62265.0753 lsst_hardware_g 213.88708507154467 21.576034963259044 31.399999618530273 AB 11.072352019815932 1.240425936963002
62265.0947 lsst_hardware_r 933.0373070508132 40.171821296487096 31.469999313354492 AB 11.164481586606046 1.2866258743015573
62267.0444 lsst_hardware_r 951.4551935760802 40.11414392200592 31.479999542236328 AB 9.2477743106455 1.2120280878959129
62267.0628 lsst_hardware_i 1225.1622087079406 47.35144048558333 31.229999542236328 AB 9.502634876160483 1.2291201133271854
62269.0002 lsst_hardware_z 852.7188222525251 51.794767620578874 30.940000534057617 AB 8.73938890520611 1.2323317806191947
62269.0195 lsst_hardware_r 939.2545358666404 39.933743929332344 31.489999771118164 AB 8.582762354196285 1.2126542204393564
62276.0008 lsst_hardware_i 1101.3372281180075 49.65460450665566 31.25 AB 8.48276380107985 1.2124440560400944
62276.0215 lsst_hardware_z 708.4884500696724 53.25391476650403 30.93000030517578 AB 8.467915923808595 1.212864385549276
62277.9979 lsst_hardware_r 862.6843680554706 72.35361114252117 31.600000381469727 AB 6.655048961917935 1.2113303534615827
62278.0189 lsst_hardware_z 641.6120848820451 65.66594673432527 30.959999084472656 AB 5.629764408539935 1.214620152867232
62286.9606 lsst_hardware_y 312.7364637827716 54.09392511113373 29.989999771118164 AB 11.074506210010236 1.2201631962550874
62286.9823 lsst_hardware_r 441.9419946439476 33.98986230346058 31.489999771118164 AB 10.986050538429067 1.2100285127227979
62513.3409 lsst_hardware_z 32.818385796028906 63.36000061035156 31.690000534057617 AB 6.477874673604339 1.220015319280119
62515.3488 lsst_hardware_g 33.71208335837567 15.869999885559082 31.40999984741211 AB 8.333390424266328 1.211013915558951
62515.3682 lsst_hardware_y 66.60281181592904 71.58000183105469 30.0 AB 8.343210008916994 1.213969833482929
62516.3414 lsst_hardware_i 5.012000046855167 33.0099983215332 31.229999542236328 AB 6.483747521105916 1.2131247700709584
62516.3612 lsst_hardware_y -44.77210952089476 55.02000045776367 29.989999771118164 AB 6.496901314338216 1.2116940065906965
62518.3532 lsst_hardware_i -45.03939650511415 33.290000915527344 31.229999542236328 AB 2.784784677676567 1.2107759468158987
62518.3721 lsst_hardware_y 18.245181532629694 73.69000244140625 30.010000228881836 AB 2.818629187524568 1.2254909510976384
62520.3489 lsst_hardware_z -93.66447496862358 68.63999938964844 30.959999084472656 AB 7.4429370765122345 1.2111527028388342
62520.3686 lsst_hardware_y -127.35646567278789 67.87999725341797 30.0 AB 7.608171533954149 1.2280818165700382
62522.3582 lsst_hardware_i -233.86095230319955 97.75 31.299999237060547 AB 13.757412432399253 1.2219397589175112
62526.3174 lsst_hardware_z -41.62136744812368 57.41999816894531 30.950000762939453 AB 11.872810134472651 1.211511238211495
62526.3372 lsst_hardware_r 96.09899493974989 63.130001068115234 31.600000381469727 AB 11.565393150340723 1.213365254450854
62532.3266 lsst_hardware_r -21.50119634510381 24.790000915527344 31.469999313354492 AB 13.054884334847094 1.2176359963481878
62532.3434 lsst_hardware_z 17.61144617531341 44.400001525878906 30.93000030517578 AB 14.396326476888479 1.2400381704960826
62536.2914 lsst_hardware_u 5.211796592686784 2.740000009536743 28.360000610351562 AB 9.654674224385692 1.211022397171764
62536.3111 lsst_hardware_g 6.34302462756421 15.319999694824219 31.40999984741211 AB 9.365315703832586 1.214106719018981
62540.293 lsst_hardware_z -18.71652762339449 44.150001525878906 30.93000030517578 AB 9.910776717500669 1.2107230032577423
62540.3118 lsst_hardware_r 3.171986742761881 24.81999969482422 31.469999313354492 AB 10.007058134928506 1.2251790317622147
62542.2931 lsst_hardware_u -4.8882297923784765 2.700000047683716 28.31999969482422 AB 3.5748444574172207 1.2131138931340606
62542.3132 lsst_hardware_g 3.3188208685010627 15.390000343322754 31.389999389648438 AB 3.6146517589499783 1.2350746328986368
62544.2655 lsst_hardware_r -3.086938476049186 24.93000030517578 31.479999542236328 AB 6.648293707357968 1.2128049815037112
62544.2838 lsst_hardware_z 76.42818458055407 44.09000015258789 30.93000030517578 AB 6.6257815663125745 1.211294619069949
62547.2664 lsst_hardware_z 15.907290066547509 56.099998474121094 30.950000762939453 AB 3.912989168431738 1.2099533606777173
62547.2834 lsst_hardware_r -9.150906938928085 54.619998931884766 31.59000015258789 AB 3.9785863494792157 1.2157635903679804
62549.2725 lsst_hardware_i -70.04906464530663 93.86000061035156 31.309999465942383 AB 5.451385922693281 1.2123171066033982
62549.2903 lsst_hardware_z -139.37616112853058 81.56999969482422 30.969999313354492 AB 5.3745589614114095 1.229290146515523
62551.2694 lsst_hardware_r -0.6875437091802027 170.5800018310547 31.6200008392334 AB 3.041349011554708 1.213626900061735
62551.2866 lsst_hardware_z 16.98518301831396 116.05000305175781 30.979999542236328 AB 3.089345235601541 1.2318782091851697
62553.2706 lsst_hardware_z 123.57711081341323 76.0199966430664 30.969999313354492 AB 6.391895144875496 1.2188581239235017
62553.2878 lsst_hardware_i -68.9303271236233 85.31999969482422 31.299999237060547 AB 6.542462753673893 1.2432233261138037
62555.2363 lsst_hardware_r 109.85924901131335 53.2599983215332 31.59000015258789 AB 14.162060572690278 1.2123667879828508
62555.2557 lsst_hardware_z -32.380983688166125 51.88999938964844 30.940000534057617 AB 12.936475913006268 1.2121128033924293
62558.236 lsst_hardware_r -2.4593442473636573 27.559999465942383 31.510000228881836 AB 6.6851639134633825 1.209984418726404
62558.2541 lsst_hardware_y 11.614369257345839 49.900001525878906 29.989999771118164 AB 7.896274298389132 1.2163396521356267
62560.2364 lsst_hardware_g 9.156279760459801 15.8100004196167 31.40999984741211 AB 6.381171878744553 1.2102361636258476
62560.2536 lsst_hardware_r 40.377259498179676 25.489999771118164 31.479999542236328 AB 6.712001597715945 1.2209929232118264
62564.2341 lsst_hardware_r -37.44435378986674 25.459999084472656 31.479999542236328 AB 6.780372980263279 1.2137430002261376
62564.2522 lsst_hardware_u 2.465076852581043 2.7200000286102295 28.309999465942383 AB 7.052922384829032 1.233567535606302
62567.2375 lsst_hardware_z -16.356751528958906 44.369998931884766 30.93000030517578 AB 11.87712563354516 1.224445941602594
62567.2549 lsst_hardware_r -9.164756885206145 25.43000030517578 31.469999313354492 AB 12.1522285203627 1.2541107357678722
62576.197 lsst_hardware_i 27.713459974974125 64.1500015258789 31.290000915527344 AB 9.591109086307718 1.2115085161652053
62576.216 lsst_hardware_z -21.900311020710955 61.810001373291016 30.959999084472656 AB 10.26423603389683 1.2284651760029717
62579.1973 lsst_hardware_z -174.74809586875432 122.41999816894531 30.979999542236328 AB 7.666718857115829 1.216778551585611
62579.2169 lsst_hardware_i -51.33945045165045 144.89999389648438 31.299999237060547 AB 8.436366421541475 1.2433848815831066
62581.1555 lsst_hardware_z -56.70607276254026 83.94999694824219 30.969999313354492 AB 6.263815278069101 1.2197287356889124
62581.1744 lsst_hardware_r 32.53803187338679 121.91999816894531 31.610000610351562 AB 6.4124332291264805 1.209893062099336
62583.2049 lsst_hardware_y -101.34734293771685 74.2699966430664 30.739999771118164 AB 8.52792326967196 1.2413731605476124
62585.1316 lsst_hardware_r -29.102881764813677 32.79999923706055 31.520000457763672 AB 10.58456948946352 1.237237812912159
62585.1495 lsst_hardware_i 12.272521997151236 38.5 31.239999771118164 AB 10.28728365291276 1.2154163105993336
62589.989 lsst_hardware_z -2.376385055706606 68.48999786376953 30.790000915527344 AB 15.997784429624966 2.399847653017721
62593.1528 lsst_hardware_g 2.1586413961623157 15.449999809265137 31.389999389648438 AB 10.120390469288559 1.2125310572442038
62593.1843 lsst_hardware_i 51.64123360126473 47.279998779296875 31.969999313354492 AB 10.290770698938326 1.2549720364558936
62593.2165 lsst_hardware_z 55.28220593664128 45.9900016784668 30.920000076293945 AB 11.620118940181657 1.3613338600232343
62599.1391 lsst_hardware_r -9.487163289948185 24.979999542236328 31.479999542236328 AB 9.036560026148797 1.214101844168856
62599.1559 lsst_hardware_i 32.14103715727423 33.119998931884766 31.229999542236328 AB 9.281959629271805 1.2324184597054777
62607.081 lsst_hardware_r -16.78447723498902 145.50999450683594 31.6200008392334 AB 20.359255431299374 1.2235742233464844
62607.0988 lsst_hardware_z -185.44353946175534 99.94999694824219 30.979999542236328 AB 19.294179487483735 1.210627843688848
62609.1249 lsst_hardware_y 58.98854989422647 63.27000045776367 29.989999771118164 AB 13.866329928605305 1.2271088432394075
62609.1423 lsst_hardware_r -274.231401934916 123.36000061035156 31.600000381469727 AB 14.836400612377943 1.2588155958236844
62613.12 lsst_hardware_i 17.910731079068174 44.20000076293945 31.270000457763672 AB 11.138516066490856 1.236147832179364
62613.1376 lsst_hardware_z 22.01191965751501 50.15999984741211 30.940000534057617 AB 12.93104330667823 1.274496679152201
62617.084 lsst_hardware_u 3.2448841166967286 2.7100000381469727 28.329999923706055 AB 11.86890421944718 1.2111126754537938
62617.1023 lsst_hardware_r 33.50123259976627 25.010000228881836 31.469999313354492 AB 12.015913780118463 1.2261136510324961
62619.0859 lsst_hardware_i 23.901004274977605 32.91999816894531 31.229999542236328 AB 2.8487471461693055 1.215076624512393
62619.1037 lsst_hardware_z 33.69321823918199 44.380001068115234 30.93000030517578 AB 2.891470644532027 1.2362875983176913
62624.0826 lsst_hardware_g -0.3758255773334679 15.420000076293945 31.40999984741211 AB 15.933825161729072 1.2253646625272292
62624.1007 lsst_hardware_r -36.62712060162975 25.079999923706055 31.469999313354492 AB 16.621980648645447 1.2573359038309717
62626.0788 lsst_hardware_i -1.1673931562540873 33.20000076293945 31.229999542236328 AB 11.05973373899645 1.227540834547684
62626.0962 lsst_hardware_z 37.38553201777246 45.0099983215332 30.93000030517578 AB 11.664189778349952 1.2595637145240486
62629.0766 lsst_hardware_r -13.942440045482007 25.559999465942383 31.479999542236328 AB 12.649118454363942 1.2366341446617946
62630.0082 lsst_hardware_z -5.507668161161399 45.290000915527344 30.93000030517578 AB 11.24901850127969 1.2381514346873812
62632.078 lsst_hardware_z 54.06815507131311 52.189998626708984 30.950000762939453 AB 9.579234212225046 1.2554011963818539
62632.0961 lsst_hardware_g 96.43545527608794 43.810001373291016 31.600000381469727 AB 10.306074169786847 1.3063025755481654
62638.0039 lsst_hardware_i -10.946909644117564 75.33999633789062 31.299999237060547 AB 10.885374702045556 1.2161071055798856
62638.0234 lsst_hardware_z 61.896570689124445 67.55999755859375 30.959999084472656 AB 10.891829204399894 1.2102368626240128
62642.9987 lsst_hardware_r 36.03199702962842 25.649999618530273 31.489999771118164 AB 6.626534889295455 1.2112109101254263
62643.0177 lsst_hardware_i 9.713296092023233 33.529998779296875 31.229999542236328 AB 5.512049728616415 1.2133283819755478
62644.9973 lsst_hardware_z 45.03754764540025 44.63999938964844 30.93000030517578 AB 9.583521827322734 1.2101424986096558
62645.0164 lsst_hardware_i -11.825421549052834 33.65999984741211 31.229999542236328 AB 9.168300115841909 1.216223760668836
62646.9991 lsst_hardware_u -0.18762918037841345 2.8299999237060547 28.389999389648438 AB 7.000734957831948 1.210292449345695
62647.0178 lsst_hardware_g -4.88157107250512 16.25 31.43000030517578 AB 6.93829611422998 1.2229484492113771
62650.9601 lsst_hardware_y -52.12180867569184 53.13999938964844 29.989999771118164 AB 11.618034277661042 1.2244977105461028
62650.9803 lsst_hardware_r 28.123555993213905 25.899999618530273 31.5 AB 11.425399866891311 1.2102536800901764
62652.9651 lsst_hardware_z 8.876466734610926 67.5 31.690000534057617 AB 8.333999808529478 1.2145146908378721
62655.9597 lsst_hardware_y -33.22560293967527 52.279998779296875 29.989999771118164 AB 13.098277983356732 1.2128035169774751
62655.9804 lsst_hardware_g -2.136647391681744 16.5 31.43000030517578 AB 13.093398380476726 1.212351701895993
62657.9583 lsst_hardware_y -79.43375593667514 54.41999816894531 29.989999771118164 AB 6.031277428605711 1.211018826438467
62657.9782 lsst_hardware_i -2.5932982350212206 34.38999938964844 31.229999542236328 AB 5.221260449178492 1.2142466160880214
