data/validation/pwv_sim_epoch_fit_4/27857251.ecsv
# %ECSV 0.9
# ---
# datatype:
# - {name: time, datatype: float64}
# - {name: band, datatype: string}
# - {name: flux, datatype: float64}
# - {name: fluxerr, datatype: float64}
# - {name: zp, datatype: float64}
# - {name: zpsys, datatype: string}
# - {name: pwv, datatype: float64}
# - {name: airmass, datatype: float64}
# meta: {SNID: '27857251', alt: 1024.0, c: -0.09330415725708008, dec: -32.797169, lat: -30.244573, lon: -70.7499537, ra: 88.769531, t0: 62122.859375,
#   x0: 2.848278499774689e-06, x1: -1.0438367128372192, z: 0.7715380787849426}
# schema: astropy-2.0
time band flux fluxerr zp zpsys pwv airmass
[from data line 132]
62433.2813 lsst_hardware_r -5.288584045692997 77.80000305175781 31.639999389648438 AB 3.2137717938887116 1.0777236062672484
62435.24 lsst_hardware_g 19.17402496586482 66.25 31.670000076293945 AB 1.3209347923106642 1.1889602091005078
62435.2578 lsst_hardware_i 169.1866651082073 53.84000015258789 31.309999465942383 AB 1.5763909249649193 1.1259935178320852
62437.2632 lsst_hardware_r 53.882125378252724 47.810001373291016 31.610000610351562 AB 2.4533496305421423 1.0952453707778937
62437.2799 lsst_hardware_z 109.32694971341637 47.7400016784668 30.959999084472656 AB 2.3588192387122224 1.0576479043659779
62438.2487 lsst_hardware_u -5.889456982368225 7.480000019073486 29.059999465942383 AB 3.6820102752783663 1.1288161898559195
62438.2661 lsst_hardware_g 4.940722613108795 36.72999954223633 31.65999984741211 AB 2.814511436068448 1.0813260303779235
62442.1845 lsst_hardware_g 17.085600421930025 12.989999771118164 31.270000457763672 AB 4.934759322622282 1.3822855245440566
62442.2015 lsst_hardware_r -4.628643875921788 22.469999313354492 31.43000030517578 AB 4.542130994349764 1.2792032653240488
62451.2086 lsst_hardware_z -47.88188143121524 41.900001525878906 30.93000030517578 AB 2.6346012404959933 1.1437383288457696
62451.2262 lsst_hardware_r 5.823830277617371 21.700000762939453 31.469999313354492 AB 2.5557240346903103 1.0921119726617206
62458.1797 lsst_hardware_i 15.32093135042202 52.68000030517578 31.290000915527344 AB 6.785130475528865 1.1790999175480843
62458.197 lsst_hardware_r -43.35317488960656 61.61000061035156 31.6200008392334 AB 6.155968633318954 1.1199457792575418
62460.2077 lsst_hardware_z -16.020283954452413 60.29999923706055 30.979999542236328 AB 5.543098304566952 1.0774630218646275
62460.2263 lsst_hardware_r 106.79317769004864 82.58000183105469 31.649999618530273 AB 5.11383663206683 1.0414438867830078
62466.2354 lsst_hardware_r 44.130076175277765 50.689998626708984 31.639999389648438 AB 5.325277490374119 1.0113206603229954
62466.2537 lsst_hardware_z -7.17685618753345 47.83000183105469 30.969999313354492 AB 5.3883942561361 1.0019948409104507
62468.2071 lsst_hardware_u -1.5276412310419785 3.990000009536743 28.709999084472656 AB 3.4108459153990136 1.037335605463876
62468.2236 lsst_hardware_g -23.246440996474785 26.790000915527344 31.6299991607666 AB 4.050781500945104 1.0168900466788262
62473.1384 lsst_hardware_z 7.129355803859299 42.720001220703125 30.940000534057617 AB 7.631190209063646 1.1804472887466193
62473.1543 lsst_hardware_u 3.599685702919579 2.5999999046325684 28.3700008392334 AB 7.2773922708816325 1.12523381225667
62477.1378 lsst_hardware_i 6.525744597403279 53.279998779296875 32.43000030517578 AB 5.07828709103071 1.1431147081667326
62477.1675 lsst_hardware_z 110.16718923443366 71.11000061035156 32.13999938964844 AB 4.257396345470901 1.0639944215604282
62479.1568 lsst_hardware_g -6.918688064564882 13.0600004196167 31.3799991607666 AB 5.896941177191578 1.0752502488383442
62479.1798 lsst_hardware_i 49.02777045190741 29.719999313354492 31.239999771118164 AB 6.2366922089576375 1.0333348039032324
62481.1342 lsst_hardware_r -5.494549962910148 23.389999389648438 31.469999313354492 AB 10.72377675804936 1.1199571904457164
62481.1562 lsst_hardware_z -1.085915167001067 41.06999969482422 30.940000534057617 AB 10.200079254451135 1.0647727463217225
62483.1332 lsst_hardware_r 30.247712566633208 31.059999465942383 31.549999237060547 AB 11.435518515829395 1.1070916337772323
62483.1563 lsst_hardware_y 38.638981550781324 47.5 30.040000915527344 AB 10.873985701451627 1.0538850263085295
62485.1352 lsst_hardware_z 45.29693342701067 45.86000061035156 30.950000762939453 AB 8.560407831170716 1.0875407656695057
62485.1578 lsst_hardware_r 3.286961221595969 41.709999084472656 31.610000610351562 AB 8.209206007685074 1.041835043262571
62487.1334 lsst_hardware_i 70.42410672653114 50.11000061035156 31.309999465942383 AB 10.117827840983402 1.078803448325566
62487.1563 lsst_hardware_z -51.11409937153005 50.06999969482422 30.969999313354492 AB 9.726555901352627 1.0357316474659497
62491.0524 lsst_hardware_y 39.36690641087377 59.970001220703125 29.940000534057617 AB 6.065815492963101 1.3708832121507644
62491.075 lsst_hardware_i 2.462363665018812 78.45999908447266 31.290000915527344 AB 5.5903054197585105 1.242290093279669
62493.0529 lsst_hardware_y -7.983662619580862 53.540000915527344 29.959999084472656 AB 6.509306309265866 1.3327363199316165
62493.0763 lsst_hardware_g 16.96805788644565 54.0 31.649999618530273 AB 5.923104019743153 1.2113512890605926
62497.0522 lsst_hardware_z -49.00315840684982 63.349998474121094 31.68000030517578 AB 8.256259817296202 1.2746059154451874
62497.0747 lsst_hardware_u -0.009697826631323922 3.690000057220459 29.110000610351562 AB 7.593702869662314 1.1734069179731756
62499.0505 lsst_hardware_y 7.351565274201266 50.779998779296875 29.979999542236328 AB 10.368178332599179 1.2553033879290463
62499.0709 lsst_hardware_r 37.57319959516908 22.360000610351562 31.469999313354492 AB 9.538750948172044 1.1671766225967626
62501.0515 lsst_hardware_y -22.631807515541027 50.5 29.989999771118164 AB 9.204519943193405 1.224507381332321
62501.0751 lsst_hardware_z -26.80081258136915 41.869998931884766 30.940000534057617 AB 8.524326020008864 1.13385554934941
62503.0516 lsst_hardware_y -45.432545349150516 50.09000015258789 29.989999771118164 AB 8.503977678479856 1.2002226682084867
62503.0734 lsst_hardware_u 0.4314591686158177 2.5299999713897705 28.309999465942383 AB 7.680023517643147 1.122154225254696
62505.0508 lsst_hardware_y 3.460945283031122 50.31999969482422 30.0 AB 2.7043731307667698 1.181335865793063
62505.0747 lsst_hardware_r -8.163582573061593 21.979999542236328 31.469999313354492 AB 2.5259175536464755 1.102779984128564
62507.0508 lsst_hardware_y -52.92093315199652 49.90999984741211 30.010000228881836 AB 11.458628673763409 1.1607984744138
62507.0746 lsst_hardware_r -17.490686612018756 21.84000015258789 31.479999542236328 AB 10.667136422668545 1.0888536668256426
62509.0505 lsst_hardware_z -47.199623330604815 43.93000030517578 30.940000534057617 AB 9.552398282894732 1.142870610821013
62509.0736 lsst_hardware_g 15.339127011719002 13.40999984741211 31.399999618530273 AB 9.10228407150698 1.078182246617555
62510.0475 lsst_hardware_y -19.93607352930874 51.31999969482422 30.010000228881836 AB 9.831107453112018 1.1437726812741789
62510.0649 lsst_hardware_i 28.682242326813547 30.639999389648438 31.229999542236328 AB 9.314556572762918 1.092648649258089
62512.0469 lsst_hardware_y 121.2542774097011 52.810001373291016 30.030000686645508 AB 6.993973587524066 1.1280602560522688
62512.0644 lsst_hardware_r -17.63901477098417 27.920000076293945 31.549999237060547 AB 6.699249509797944 1.0805241144835394
62514.0461 lsst_hardware_y 37.47460489395068 51.880001068115234 30.030000686645508 AB 2.245675779107653 1.1140646305879462
62514.063 lsst_hardware_z 23.862973200983095 45.060001373291016 30.959999084472656 AB 2.20776699683373 1.0713415003439337
62517.0455 lsst_hardware_y -74.98211618733359 55.529998779296875 30.030000686645508 AB 3.696444857098593 1.0933801248535364
62517.0629 lsst_hardware_z 42.35819298839251 52.52000045776367 30.969999313354492 AB 3.534579091805727 1.0549407825117763
62519.0521 lsst_hardware_y -53.697944396190685 79.69999694824219 30.799999237060547 AB 4.15538873955215 1.065484292192859
62521.0432 lsst_hardware_z 65.65364552886697 64.54000091552734 30.979999542236328 AB 8.831323229115394 1.0728475273272395
62521.0609 lsst_hardware_r 105.68902921034596 83.83999633789062 31.649999618530273 AB 8.51321860453022 1.0396237038046368
