data/validation/pwv_sim_epoch_fit_4/27888370.ecsv
# %ECSV 0.9
# ---
# datatype:
# - {name: time, datatype: float64}
# - {name: band, datatype: string}
# - {name: flux, datatype: float64}
# - {name: fluxerr, datatype: float64}
# - {name: zp, datatype: float64}
# - {name: zpsys, datatype: string}
# - {name: pwv, datatype: float64}
# - {name: airmass, datatype: float64}
# meta: {SNID: '27888370', alt: 1024.0, c: -0.13105925917625427, dec: -30.345182, lat: -30.244573, lon: -70.7499537, ra: 253.300781, t0: 62268.62109375,
#   x0: 5.083514513203185e-06, x1: -0.03344735875725746, z: 0.6084888577461243}
# schema: astropy-2.0
time band flux fluxerr zp zpsys pwv airmass
[from data line 132]
62623.1494 lsst_hardware_g 10.527526841711499 15.199999809265137 31.3700008392334 AB 10.200894472062501 1.375030707053716
62623.1688 lsst_hardware_r 26.961942332025004 24.8799991607666 31.489999771118164 AB 10.007651185137654 1.2594577378728484
62627.1658 lsst_hardware_r -8.254950041066897 24.799999237060547 31.489999771118164 AB 4.356541782755875 1.2210323810129744
62627.1876 lsst_hardware_u 1.3342204378211449 2.8299999237060547 28.459999084472656 AB 3.7077334566341564 1.1359477501943243
62631.1657 lsst_hardware_g 2.743008808486565 16.299999237060547 31.43000030517578 AB 8.260535493457075 1.175319254463895
62631.185 lsst_hardware_i -20.50992258865016 32.06999969482422 31.239999771118164 AB 6.88660903099231 1.1102658583930363
62633.1517 lsst_hardware_z -28.669006745705847 47.369998931884766 30.940000534057617 AB 15.647852415545676 1.2107748538652627
62633.1712 lsst_hardware_r -41.832956490017665 39.029998779296875 31.579999923706055 AB 13.246443823252244 1.136009932957613
62637.1711 lsst_hardware_y -168.0811094134834 84.33999633789062 30.799999237060547 AB 5.95366552285077 1.1032457190495264
62639.1588 lsst_hardware_r 41.34882523106798 161.38999938964844 31.639999389648438 AB 9.008837146470153 1.1232964023030116
62639.1787 lsst_hardware_i -9.399777878221501 128.97999572753906 31.34000015258789 AB 7.941196615587851 1.0707472009152812
62642.1441 lsst_hardware_z -8.898947983843698 58.310001373291016 30.969999313354492 AB 8.151713796711906 1.1445017615601383
62644.1556 lsst_hardware_u -0.6402688807443452 3.4600000381469727 28.549999237060547 AB 2.0451663048183426 1.093525627492855
62644.1745 lsst_hardware_r -14.074877755980955 32.36000061035156 31.56999969482422 AB 2.1030960875299733 1.0515480437649867
62649.1424 lsst_hardware_r 0.9322248498284555 24.600000381469727 31.5 AB 7.821782486393405 1.09235144003823
62649.1662 lsst_hardware_z 20.656195170419455 41.880001068115234 30.950000762939453 AB 7.520766614844323 1.0421626293694066
62652.146 lsst_hardware_r 39.70390673413918 24.540000915527344 31.510000228881836 AB 8.718401934184957 1.0647129430524398
62652.1674 lsst_hardware_i -85.21142912084939 31.530000686645508 31.260000228881836 AB 8.060100285782077 1.0281395861702605
62654.1668 lsst_hardware_r -12.764023110891637 24.43000030517578 31.520000457763672 AB 10.470192119561563 1.0220555062168108
62654.1865 lsst_hardware_g 9.99275410715178 15.670000076293945 31.489999771118164 AB 10.305385504821528 1.0051337938427614
62655.0549 lsst_hardware_i 39.31913649712167 34.5099983215332 31.190000534057617 AB 12.79763912034677 1.4267553856402404
62655.0746 lsst_hardware_z -73.06029065481331 45.310001373291016 30.920000076293945 AB 11.617523137064435 1.2964177025598478
62675.0534 lsst_hardware_g 12.731393219066263 15.399999618530273 31.420000076293945 AB 3.4396932535910123 1.1465644178636707
62675.0718 lsst_hardware_r 3.602258871046789 24.59000015258789 31.5 AB 3.2740425446356642 1.0913475148785547
62678.0561 lsst_hardware_u 1.951145189281273 2.75 28.389999389648438 AB 4.244168613726827 1.111936409508695
62678.0768 lsst_hardware_g -8.531288740234434 15.399999618530273 31.459999084472656 AB 4.1463345831064125 1.0610089561207285
62680.0506 lsst_hardware_r -24.10207931113096 24.479999542236328 31.489999771118164 AB 7.8382888430550395 1.112050626807886
62680.0706 lsst_hardware_i -7.854646213913037 31.760000228881836 31.260000228881836 AB 7.487077613278594 1.0625243189212976
62682.047 lsst_hardware_z 9.741628814162755 42.790000915527344 30.940000534057617 AB 3.5599054044244833 1.1067063433443989
62682.0661 lsst_hardware_r 11.263613404955617 24.270000457763672 31.510000228881836 AB 3.2952442973896927 1.060558711778989
62686.0691 lsst_hardware_g 2.9376732057829016 15.279999732971191 31.459999084472656 AB 8.748453953478503 1.0359329725848223
62686.0884 lsst_hardware_i -23.111414919514484 31.270000457763672 31.270000457763672 AB 8.948702369204401 1.012840878209961
62687.9727 lsst_hardware_y 33.12346708367107 51.06999969482422 29.950000762939453 AB 8.927975179916546 1.3697765382028388
62687.9945 lsst_hardware_u 0.5059212937656031 3.25 28.5 AB 8.138547275627412 1.2435388523419697
62703.9626 lsst_hardware_y 46.105375899508154 64.80000305175781 30.020000457763672 AB 6.404747219840649 1.1904734609369236
62703.9812 lsst_hardware_i 46.71573304864452 32.06999969482422 31.239999771118164 AB 6.072580531081208 1.1236849093750885
62706.9641 lsst_hardware_y 121.74987573996151 62.15999984741211 30.020000457763672 AB 5.659519335417083 1.1533171216419011
62706.983 lsst_hardware_g 18.38718888940202 15.180000305175781 31.43000030517578 AB 5.372824638312557 1.0950608159340776
62708.9658 lsst_hardware_y -55.85459247918257 56.72999954223633 30.030000686645508 AB 4.876168146324842 1.1291782662272887
62708.9851 lsst_hardware_i -12.716416375097289 31.459999084472656 31.239999771118164 AB 4.7086728729400065 1.0763500928695535
62710.9834 lsst_hardware_u 8.43340770038228 2.8399999141693115 28.450000762939453 AB 4.766954399702832 1.0679259366457574
62711.0022 lsst_hardware_g 16.133162712329842 15.15999984741211 31.450000762939453 AB 4.644774181106482 1.0338951989107361
62715.9708 lsst_hardware_y 79.96669084419744 52.470001220703125 30.049999237060547 AB 4.220759482820414 1.06566894870066
62715.9895 lsst_hardware_r 25.102519024518024 24.31999969482422 31.510000228881836 AB 3.9345442005531237 1.0325081002151304
62717.9737 lsst_hardware_y -31.380399114576328 49.66999816894531 30.040000915527344 AB 1.2238747282497993 1.0492603228547255
62717.9931 lsst_hardware_z -70.253863048555 41.9900016784668 30.950000762939453 AB 1.159765285328077 1.0208452595860724
62718.9728 lsst_hardware_y -0.41567111925559685 52.209999084472656 30.049999237060547 AB 0.8207741716778845 1.0460163615266158
62718.9919 lsst_hardware_z 6.553391647589064 43.529998779296875 30.950000762939453 AB 0.978376662288606 1.0191423565506312
