data/validation/pwv_sim_epoch_fit_4/27906019.ecsv
# %ECSV 0.9
# ---
# datatype:
# - {name: time, datatype: float64}
# - {name: band, datatype: string}
# - {name: flux, datatype: float64}
# - {name: fluxerr, datatype: float64}
# - {name: zp, datatype: float64}
# - {name: zpsys, datatype: string}
# - {name: pwv, datatype: float64}
# - {name: airmass, datatype: float64}
# meta: {SNID: '27906019', alt: 1024.0, c: -0.06523004174232483, dec: -10.351558, lat: -30.244573, lon: -70.7499537, ra: 228.515625, t0: 62724.05859375,
#   x0: 2.1949794657325626e-05, x1: 0.5777654647827148, z: 0.3295338749885559}
# schema: astropy-2.0
time band flux fluxerr zp zpsys pwv airmass
62558.3812 lsst_hardware_i -7.129331394149292 35.7400016784668 31.280000686645508 AB 6.370679240956336 1.0683084249787036
62558.3998 lsst_hardware_y 62.22669006009962 72.30999755859375 30.06999969482422 AB 6.343857502636836 1.0627413730126485
62560.3814 lsst_hardware_u 0.21334278572339224 3.1500000953674316 28.559999465942383 AB 5.121516472771895 1.0652072530723575
62560.3986 lsst_hardware_z -4.508098013581302 57.380001068115234 30.979999542236328 AB 5.009328451305178 1.0633259289546122
62562.3742 lsst_hardware_r 9.892443676155057 24.56999969482422 31.510000228881836 AB 3.4112886231358797 1.0660276947299623
62562.3922 lsst_hardware_y 70.05576700873902 49.720001220703125 30.040000915527344 AB 3.2005734017422185 1.0631368217047727
62564.3712 lsst_hardware_z -37.76913069776402 42.040000915527344 30.940000534057617 AB 7.755404974519612 1.0649006178324962
62564.3893 lsst_hardware_y -49.82917123289289 48.45000076293945 30.040000915527344 AB 7.315355808662158 1.0637294117412408
62565.3719 lsst_hardware_u 1.6767863911577812 2.759999990463257 28.420000076293945 AB 10.312391715023333 1.0637180286435841
62565.391 lsst_hardware_y 12.294376895484488 48.59000015258789 30.030000686645508 AB 10.381465088286713 1.0653484047636477
62567.3779 lsst_hardware_r 6.420596093217225 24.40999984741211 31.5 AB 9.49458924965529 1.0630254804614991
62567.3959 lsst_hardware_y -108.75348763536319 50.290000915527344 30.030000686645508 AB 9.587287277993468 1.0721036933736054
62569.3752 lsst_hardware_r 15.751982177758482 24.440000534057617 31.510000228881836 AB 8.012148841664093 1.0636066429927258
62569.3945 lsst_hardware_y 18.758065276828813 49.41999816894531 30.040000915527344 AB 8.165414186684984 1.075906647929343
62573.3503 lsst_hardware_u -1.813806216120477 2.7300000190734863 28.399999618530273 AB 13.782257494780398 1.0636509739363738
62573.3694 lsst_hardware_g 2.335769891833219 15.369999885559082 31.450000762939453 AB 13.676206075877854 1.0654570018602383
62576.3398 lsst_hardware_r 28.992900767830022 24.219999313354492 31.5 AB 8.048276305606635 1.064375627270599
62576.3596 lsst_hardware_i 6.512959245763304 31.6299991607666 31.25 AB 8.02913413175985 1.0647659890276076
62577.3418 lsst_hardware_z 4.617698362613779 47.52000045776367 30.959999084472656 AB 9.398947684561847 1.0631091148695675
62577.3627 lsst_hardware_r 1.6710810530544433 24.190000534057617 31.5 AB 9.46766707090744 1.0677418598068489
62579.3503 lsst_hardware_z 18.71253826419607 91.51000213623047 31.729999542236328 AB 6.974138235985993 1.064347689581999
62581.2973 lsst_hardware_r 26.709198089895565 116.95999908447266 31.649999618530273 AB 4.321448829192524 1.0911371870199316
62581.316 lsst_hardware_z -52.10885253772041 79.38999938964844 30.989999771118164 AB 4.208853234469205 1.0700020934204157
62585.2697 lsst_hardware_z -4.626388785618809 52.2400016784668 30.959999084472656 AB 7.3942770197837655 1.1227549568189732
62585.2874 lsst_hardware_r 42.96139574852648 53.709999084472656 31.6200008392334 AB 7.129214405276322 1.0896080094671614
62593.3344 lsst_hardware_g 1.575343180253833 15.119999885559082 31.440000534057617 AB 9.67042390055991 1.0820256490257993
62593.3537 lsst_hardware_i -21.250065577852748 31.940000534057617 31.239999771118164 AB 10.066239467257004 1.1140252659025929
62595.3275 lsst_hardware_z -63.69790438529689 42.16999816894531 30.940000534057617 AB 7.35348492764764 1.0802827864915001
62595.3473 lsst_hardware_r 3.8485903324668813 24.219999313354492 31.489999771118164 AB 8.541498051318532 1.1120776909103052
62597.2847 lsst_hardware_r 25.149341610116892 24.18000030517578 31.510000228881836 AB 15.52957622864206 1.063669604701511
62597.3037 lsst_hardware_u -2.2619822967533483 2.8299999237060547 28.489999771118164 AB 17.871385669629973 1.0653741885649397
62599.286 lsst_hardware_g 2.840830042392548 15.140000343322754 31.450000762939453 AB 9.179054561632418 1.0626980679169225
62599.3054 lsst_hardware_r -7.072559763318365 24.049999237060547 31.5 AB 10.642109162284877 1.069612459147181
62601.2892 lsst_hardware_z 56.51931434619987 42.22999954223633 30.950000762939453 AB 4.523767267076631 1.0639985732050092
62601.3064 lsst_hardware_r -5.60817427522626 24.31999969482422 31.510000228881836 AB 5.544628424062876 1.0751654884744766
62603.2887 lsst_hardware_u -1.2642899032768464 2.950000047683716 28.56999969482422 AB 6.311468277119111 1.066036361307172
62603.3041 lsst_hardware_r -50.33013540794278 24.469999313354492 31.520000457763672 AB 7.199472466088074 1.0784918681878621
62605.2621 lsst_hardware_z -23.390062693994448 47.41999816894531 30.969999313354492 AB 7.488433928067241 1.063886901519054
62605.2805 lsst_hardware_i -34.42671179921361 40.11000061035156 31.299999237060547 AB 7.476182519641311 1.0647936648946144
62607.2227 lsst_hardware_z 31.670567527926245 62.650001525878906 30.989999771118164 AB 17.94052850777951 1.0969166285040846
62607.2415 lsst_hardware_r 51.03658107572517 84.56999969482422 31.649999618530273 AB 17.49927160056529 1.0728893049267263
62609.2746 lsst_hardware_y 21.757565622788775 99.0199966430664 30.809999465942383 AB 13.595973085791762 1.067292558986695
62615.1889 lsst_hardware_z -4.957503045692791 45.220001220703125 30.950000762939453 AB 8.87987694943905 1.1202536101058516
62615.2152 lsst_hardware_r -9.371648132475935 35.7400016784668 31.579999923706055 AB 8.705899220408012 1.077262787899264
62617.2555 lsst_hardware_u -2.0945092398984424 3.069999933242798 28.549999237060547 AB 6.52979083948548 1.0690700603564465
62617.2753 lsst_hardware_r -26.654817701597292 26.290000915527344 31.520000457763672 AB 6.391094512122413 1.090863155472142
62619.2277 lsst_hardware_g 22.452084119837092 15.579999923706055 31.459999084472656 AB 2.261825192263008 1.0630126623255425
62619.2455 lsst_hardware_i -10.340163311482344 31.719999313354492 31.25 AB 2.259726135828661 1.0662857783785116
62621.225 lsst_hardware_z 20.06023316479765 42.13999938964844 30.950000762939453 AB 10.521010414341648 1.0627283246809744
62621.2442 lsst_hardware_r 2.3744073058798243 24.719999313354492 31.520000457763672 AB 10.499426785604006 1.068807124304356
62624.2249 lsst_hardware_u -1.2774227977536674 2.990000009536743 28.59000015258789 AB 12.598663831779133 1.0635673099962872
62624.2442 lsst_hardware_g 6.813403454907911 15.850000381469727 31.479999542236328 AB 12.803714417142903 1.0757615877283755
62632.1951 lsst_hardware_z 91.20705933039036 43.40999984741211 30.950000762939453 AB 8.268688022439314 1.0627223060285298
62632.2158 lsst_hardware_r -44.127826591728045 24.84000015258789 31.520000457763672 AB 8.029769690278082 1.0699820807654985
62638.1716 lsst_hardware_r 328.3248616361306 173.50999450683594 31.65999984741211 AB 7.24982406932805 1.0640121426537097
62638.193 lsst_hardware_i -35.103036701491675 139.02999877929688 31.34000015258789 AB 7.2636753483653775 1.065966787090447
62640.07 lsst_hardware_z -10.655964903483188 77.66999816894531 30.959999084472656 AB 10.6111116232105 1.3095826423248107
62640.0863 lsst_hardware_r -148.49548351982392 106.3499984741211 31.6200008392334 AB 9.847658931779804 1.2295229230622282
62643.1436 lsst_hardware_z 69.86144038580456 45.90999984741211 30.959999084472656 AB 5.2632484297358015 1.0725454031760764
62643.1659 lsst_hardware_r 23.84451972037059 42.83000183105469 31.610000610351562 AB 5.279219928051295 1.0626983902271914
62645.1387 lsst_hardware_i 24.671193645288223 31.770000457763672 31.25 AB 8.083514946263284 1.0720605131977565
62645.1584 lsst_hardware_z 22.63137211347344 42.08000183105469 30.950000762939453 AB 8.016210145401526 1.0628054551410562
62647.143 lsst_hardware_r 8.442473333952229 24.520000457763672 31.520000457763672 AB 6.195579451784506 1.0656005936851856
62647.1653 lsst_hardware_u 2.3755657706474467 2.869999885559082 28.510000228881836 AB 6.229088477096121 1.0645891378521868
62651.1182 lsst_hardware_u -1.465015437479136 2.890000104904175 28.520000457763672 AB 13.052643585301627 1.0759151189972722
62651.1359 lsst_hardware_g 19.586171514231864 15.529999732971191 31.469999313354492 AB 12.863649272608663 1.064078854546153
62653.1104 lsst_hardware_r -14.118456536775675 24.350000381469727 31.510000228881836 AB 7.93996769999081 1.0784092312555429
62653.1293 lsst_hardware_i -67.62846270368695 31.68000030517578 31.260000228881836 AB 7.620570354160197 1.0644741380304787
62656.1025 lsst_hardware_z 3.2904480338242874 42.0099983215332 30.940000534057617 AB 12.606067913258165 1.0780867111312893
62656.1248 lsst_hardware_r 32.80665219180787 24.1299991607666 31.5 AB 12.283925332529057 1.063374529225871
62658.1149 lsst_hardware_u 0.8670724356307176 2.700000047683716 28.3799991607666 AB 5.430279932932115 1.06476077116316
62658.1373 lsst_hardware_r -0.1949478397894991 24.1200008392334 31.5 AB 6.0341415286564795 1.0654439001777134
62677.0475 lsst_hardware_r -6.542621956871078 24.100000381469727 31.5 AB 5.0575740152243185 1.07562186627488
62677.0691 lsst_hardware_z -14.285019596843807 42.0099983215332 30.950000762939453 AB 5.020277307012308 1.0630550147194227
62679.0425 lsst_hardware_r -4.0699537218752795 24.0 31.489999771118164 AB 8.065150687480294 1.0751622850355884
62679.0614 lsst_hardware_u 3.9652508051140614 2.680000066757202 28.3700008392334 AB 8.092676793339443 1.0635198168923397
62683.0496 lsst_hardware_i 17.484727456210944 31.459999084472656 31.239999771118164 AB 8.564997015887403 1.0637545455459414
62683.0706 lsst_hardware_z 6.200449118372796 41.91999816894531 30.940000534057617 AB 8.63381455671554 1.0662101704255253
62687.0411 lsst_hardware_r -4.865053999937947 24.540000915527344 31.510000228881836 AB 4.037069675089751 1.063179478143287
62687.0625 lsst_hardware_u -2.5952149222891645 2.7699999809265137 28.420000076293945 AB 4.48488608983459 1.067830021389188
62689.0432 lsst_hardware_g 30.16082276896798 21.280000686645508 31.559999465942383 AB 3.371983809888476 1.062823222280461
62689.0628 lsst_hardware_i 27.01268818779376 33.380001068115234 31.25 AB 3.37444622549655 1.0721036459083206
62696.0107 lsst_hardware_r -26.59116693603597 99.0199966430664 31.649999618530273 AB 7.4226566595581644 1.0649435666510996
62696.0327 lsst_hardware_z 24.279422679082376 68.81999969482422 30.989999771118164 AB 7.391179596697311 1.065075414714713
62697.9978 lsst_hardware_r -70.86751774857278 66.14732285790917 31.639999389648438 AB 4.48200863471885 1.069096438272764
62698.0167 lsst_hardware_y 34.7407031340651 52.03570636388807 30.049999237060547 AB 4.6498797436302715 1.0627082033208253
62702.9986 lsst_hardware_i 252.45520922499733 35.906651813591225 31.25 AB 5.7517887424531216 1.062980732295901
62703.017 lsst_hardware_z 229.52347015706857 44.70722759227933 30.940000534057617 AB 5.949301920671318 1.0667566649939606
62707.9718 lsst_hardware_y 276.356678590474 52.70168305016732 30.030000686645508 AB 8.807683935335332 1.0682130845438687
62707.9895 lsst_hardware_g 1418.270774802678 40.71871114139909 31.450000762939453 AB 8.789692179806842 1.0627121484472062
62709.9642 lsst_hardware_y 498.91449455369053 67.95516925046773 30.049999237060547 AB 4.412679383157976 1.0696972364327848
62709.9832 lsst_hardware_z 1420.8852895930875 56.42665782805624 30.950000762939453 AB 4.372666757950678 1.0627025497287512
62711.9648 lsst_hardware_y 587.7546673685205 66.2126974066389 30.049999237060547 AB 5.6277109770428675 1.065955294448881
62711.9833 lsst_hardware_u 40.72560091312856 6.9150655951209545 28.399999618530273 AB 5.630089137053702 1.063267333605773
62924.375 lsst_hardware_i -41.25433012442005 32.09000015258789 31.260000228881836 AB 5.356859116259298 1.0713718232518596
62924.3931 lsst_hardware_y -79.48854949748824 53.52000045776367 30.049999237060547 AB 5.38904041715837 1.0628746939812377
62926.382 lsst_hardware_g 14.506765582984103 16.139999389648438 31.489999771118164 AB 4.481919628091199 1.0641676995863554
62926.4016 lsst_hardware_y -31.538338623875966 79.08999633789062 30.06999969482422 AB 4.404209990785041 1.0648905881406507
62928.3718 lsst_hardware_i -79.47341563631663 31.889999389648438 31.25 AB 6.332856860317159 1.0661973500730388
62928.3893 lsst_hardware_y -86.3342381960992 48.45000076293945 30.040000915527344 AB 6.5005235511714545 1.0629731227642905
62936.3491 lsst_hardware_i -97.69633136519349 81.95999908447266 31.329999923706055 AB 7.081712417729965 1.0666568220504529
62936.3676 lsst_hardware_z -70.47008779504 71.5999984741211 30.989999771118164 AB 7.113196070442918 1.0629931861184934
62938.3469 lsst_hardware_i 33.33689701523166 85.77999877929688 31.329999923706055 AB 13.666842044843294 1.0650593862876632
62938.3671 lsst_hardware_z -149.62281965958317 75.2300033569336 30.989999771118164 AB 13.70676856023974 1.064231418940156
62940.3487 lsst_hardware_z -19.99676477204938 52.689998626708984 30.969999313354492 AB 9.607294835317374 1.0629694261724274
62940.3688 lsst_hardware_r 100.23675751725891 56.27000045776367 31.6299991607666 AB 9.628392134212799 1.0676859762932862
62942.3429 lsst_hardware_i 9.8869724154661 34.31999969482422 31.270000457763672 AB 9.389318154596777 1.0630219059472539
62942.3614 lsst_hardware_r 17.364300201243232 29.56999969482422 31.559999465942383 AB 9.37571940364774 1.066553852985852
62945.3411 lsst_hardware_u -0.4383154416594475 2.9700000286102295 28.59000015258789 AB 5.426118179657927 1.0627638923401523
62945.3602 lsst_hardware_g 12.133716267498883 15.59000015258789 31.489999771118164 AB 5.50195120339104 1.0713217115709388
62949.3142 lsst_hardware_i 12.841966190874295 31.68000030517578 31.260000228881836 AB 6.451681493687215 1.0663348840869178
62949.3335 lsst_hardware_z 29.401741312803015 42.04999923706055 30.950000762939453 AB 7.23005979991684 1.0632440882230647
62951.2748 lsst_hardware_u -3.6040733364748228 2.7899999618530273 28.440000534057617 AB 7.864281519674748 1.1076452844612321
62951.2925 lsst_hardware_g 15.523608988440232 15.289999961853027 31.459999084472656 AB 6.806302145040638 1.0801368194626488
62953.3272 lsst_hardware_r 29.50924531891262 24.270000457763672 31.530000686645508 AB 7.792970308380133 1.0646134301065757
62953.3447 lsst_hardware_z -23.77229338165136 42.20000076293945 30.959999084472656 AB 8.597199928718307 1.0773208490279793
62955.314 lsst_hardware_r 7.453064281561461 24.239999771118164 31.520000457763672 AB 6.746264355683821 1.0627804112770776
62955.3324 lsst_hardware_u 2.1825799801907944 2.9100000858306885 28.549999237060547 AB 6.854138717400518 1.0709173418851636
62957.3095 lsst_hardware_g -8.304782250268374 21.520000457763672 32.209999084472656 AB 5.438419469516985 1.0628832839447144
62957.3285 lsst_hardware_r -25.77073932438209 34.209999084472656 32.2599983215332 AB 5.420931250046439 1.0722132025804725
62959.2864 lsst_hardware_r -18.251076570704598 28.799999237060547 31.549999237060547 AB 6.312157146597647 1.066603100134783
62959.3049 lsst_hardware_i 21.292479682622176 31.530000686645508 31.25 AB 6.143993484881719 1.0630053031889706
62961.2865 lsst_hardware_z 13.52750775203734 54.7599983215332 30.969999313354492 AB 7.299325856465368 1.0641450854988872
62961.3038 lsst_hardware_r -33.842813462491605 66.16999816894531 31.639999389648438 AB 7.2973184684168 1.0640592692354383
62963.2937 lsst_hardware_z -202.3325259966134 107.75 31.739999771118164 AB 8.907182302663731 1.062962434806475
62964.2866 lsst_hardware_r -12.443651654590726 137.00999450683594 31.65999984741211 AB 9.164023346142184 1.0626802743830444
62964.305 lsst_hardware_z -81.8172828285662 90.98999786376953 31.0 AB 10.687054764414334 1.068812357677201
62969.2569 lsst_hardware_z -10.461390793845954 48.4900016784668 30.969999313354492 AB 12.70165474967263 1.0679043845361216
62969.2743 lsst_hardware_r 7.881578606804795 47.63999938964844 31.6200008392334 AB 12.628916096423092 1.0626897218024156
62971.2634 lsst_hardware_i 8.30814332722115 33.880001068115234 31.270000457763672 AB 9.978372198844268 1.063074562183771
62971.281 lsst_hardware_z 54.03039513269796 43.06999969482422 30.950000762939453 AB 9.964856601693205 1.0659120660728665
62974.2631 lsst_hardware_r -14.844468261941806 24.489999771118164 31.530000686645508 AB 13.577549023675273 1.0628842416326025
