data/validation/pwv_sim_epoch_fit_4/27973392.ecsv
# %ECSV 0.9
# ---
# datatype:
# - {name: time, datatype: float64}
# - {name: band, datatype: string}
# - {name: flux, datatype: float64}
# - {name: fluxerr, datatype: float64}
# - {name: zp, datatype: float64}
# - {name: zpsys, datatype: string}
# - {name: pwv, datatype: float64}
# - {name: airmass, datatype: float64}
# meta: {SNID: '27973392', alt: 1024.0, c: -0.0652376338839531, dec: -15.094787, lat: -30.244573, lon: -70.7499537, ra: 234.667969, t0: 60420.6640625,
#   x0: 2.471594382276987e-06, x1: 1.2083793878555298, z: 0.8171187043190002}
# schema: astropy-2.0
time band flux fluxerr zp zpsys pwv airmass
60380.3845 lsst_hardware_z -15.014533824936958 41.88999938964844 30.950000762939453 AB 7.606182092293101 1.0362645902306895
60383.2994 lsst_hardware_u -3.9495809668783184 2.6500000953674316 28.299999237060547 AB 9.390082495950574 1.1313352404759727
60383.3168 lsst_hardware_y 9.56457140837796 47.810001373291016 30.020000457763672 AB 9.033742484635708 1.0884027089922539
60389.2278 lsst_hardware_r -123.20579231556422 62.777405531296935 32.279998779296875 AB 7.923617912439332 1.3963757647522064
60389.2466 lsst_hardware_u 0.6726560757313585 5.469253581543256 28.760000228881836 AB 7.277182193551546 1.2782310126557943
60392.3439 lsst_hardware_z 66.67214040428094 54.07192501292426 30.979999542236328 AB 7.042541738915496 1.0356679027816906
60392.3634 lsst_hardware_r 73.16322803084859 53.26147955639492 31.6299991607666 AB 7.080213853846834 1.041207919683358
60397.3229 lsst_hardware_r 263.0829698402378 114.71127732802518 31.65999984741211 AB 7.745698977590629 1.037092606122105
60397.3432 lsst_hardware_i 227.113869638912 93.12309410785608 31.34000015258789 AB 9.175449163110638 1.0378293363998006
60399.3259 lsst_hardware_z 254.05702860529695 70.18225764114122 30.989999771118164 AB 4.201334701007041 1.0356192517169487
60399.3446 lsst_hardware_r 173.5479697598766 92.84399013154079 31.649999618530273 AB 4.347698812604835 1.041406558171132
60401.3091 lsst_hardware_z 281.5187326597803 51.00335023177805 30.969999313354492 AB 9.1430441336958 1.0381761284263098
60401.3286 lsst_hardware_r 349.60791376987726 50.47166100358911 31.6299991607666 AB 9.123614610015391 1.03660750939891
60405.1984 lsst_hardware_r 451.6902190477976 32.89193051541337 31.469999313354492 AB 18.07423411334484 1.303399013005325
60405.2241 lsst_hardware_u -2.4018437973556006 3.0001664208843906 28.40999984741211 AB 17.532204924465074 1.1821057844517289
60406.2012 lsst_hardware_g 59.41884423160618 17.54266052954886 31.3799991607666 AB 12.880170552502804 1.2728384566546733
60406.2192 lsst_hardware_r 496.6731506357234 33.32669417428887 31.489999771118164 AB 10.205382317880025 1.1904791271950854
60413.3079 lsst_hardware_i 859.1178048643181 43.25054595016184 31.270000457763672 AB 7.629724278793497 1.0424307337529541
60413.3257 lsst_hardware_z 589.4694136770348 48.28665192379029 30.959999084472656 AB 7.779622995174349 1.0608576811601385
60415.2923 lsst_hardware_r 711.9022495365342 35.856580760166494 31.530000686645508 AB 17.72132995923622 1.0371842420248159
60415.31 lsst_hardware_g 144.54632953206922 19.665201755552705 31.489999771118164 AB 17.832221226622494 1.0487896737740645
60423.2718 lsst_hardware_r 562.004567433071 124.7288183170821 31.65999984741211 AB 8.77899526358638 1.0376654107702272
60423.2878 lsst_hardware_z 470.73203840539145 84.93261895171078 31.0 AB 8.916980169759352 1.0484397612885774
60429.2492 lsst_hardware_i 851.568539588547 57.74101487669768 31.31999969482422 AB 10.175862413620985 1.035974793954796
60429.2687 lsst_hardware_z 465.5795051495219 56.23459112316393 30.969999313354492 AB 11.067838781598347 1.0459447580656809
60436.2238 lsst_hardware_u 0.5595255571934987 2.843586213410139 28.479999542236328 AB 7.052180576208913 1.035663879411922
60436.2429 lsst_hardware_r 343.91313807538114 30.28040024960496 31.520000457763672 AB 7.096134080421267 1.040972212966128
60443.184 lsst_hardware_i 523.3684069277615 38.31477631545355 31.260000228881836 AB 6.182260776630266 1.044609601931359
60443.2037 lsst_hardware_z 378.95036442906127 45.84991794471973 30.950000762939453 AB 6.130992549766302 1.0357426913856413
60447.174 lsst_hardware_y 442.2969803942938 70.5337816573643 30.790000915527344 AB 7.730460462428206 1.0438809617754212
60449.1487 lsst_hardware_r 141.0371718839552 66.6917331951238 31.639999389648438 AB 8.213608924784598 1.0667024577642334
60449.1684 lsst_hardware_i 305.07322897506873 58.530217515479976 31.31999969482422 AB 8.364789321602997 1.0439891818783122
60454.1306 lsst_hardware_z 293.99575582090546 103.29498747495894 31.0 AB 6.139924885613331 1.0739610615459996
60454.1375 lsst_hardware_r 169.32477296862834 152.310973019008 31.65999984741211 AB 5.953076394550732 1.0630493561697736
60458.1443 lsst_hardware_i 105.27638518476051 47.12187652517472 31.299999237060547 AB 9.480550150371348 1.043624971832716
60458.1642 lsst_hardware_z 204.0085014003861 50.48697905398286 30.969999313354492 AB 9.398248881245927 1.0356387314271256
60462.1473 lsst_hardware_g 14.459286851979844 15.975534556196154 31.459999084472656 AB 10.945585933917643 1.036546538771834
60462.1659 lsst_hardware_r 39.50215895044343 25.609282748754207 31.5 AB 10.954796382065583 1.0378938289313606
60464.1173 lsst_hardware_r 26.23109113585836 25.561664814440707 31.510000228881836 AB 12.171036356563594 1.053815001217713
60464.1361 lsst_hardware_i 105.96956677911513 33.55257349080998 31.25 AB 11.133200266914606 1.0386174654863547
60466.1208 lsst_hardware_z 222.484371582366 43.55860160034365 30.950000762939453 AB 5.329180923023215 1.044937435886905
60466.1406 lsst_hardware_r 57.76111625409755 25.292257169852682 31.510000228881836 AB 5.875168755176119 1.0357739442330856
60468.1157 lsst_hardware_u 1.9868328799611654 2.848980148742618 28.450000762939453 AB 2.552063093438439 1.0446431000566014
60468.1342 lsst_hardware_r 30.828971111622298 25.274516080268 31.520000457763672 AB 3.1591226467249656 1.0358911291042976
60485.0624 lsst_hardware_g 216.91839869909927 75.96669512927676 31.729999542236328 AB 4.976159186848337 1.0510976790090298
60485.081 lsst_hardware_i 169.29838728818456 60.038143093178604 31.329999923706055 AB 4.914922453326128 1.0376696829570629
60487.07 lsst_hardware_z 71.18505898377306 42.48846876207208 30.950000762939453 AB 7.8081328184597485 1.0403445752078186
60487.09 lsst_hardware_r 19.97924241390613 36.16476478092034 31.600000381469727 AB 8.0796485689076 1.0358523806291795
60490.0765 lsst_hardware_u 1.0208727267157887 2.762341888114869 28.43000030517578 AB 3.298132974622333 1.035656043319848
60490.0971 lsst_hardware_g -9.480366990778299 15.286254107125815 31.450000762939453 AB 3.770624472536058 1.0420407551571254
60493.0499 lsst_hardware_g -10.528468669858098 15.588197881465485 31.459999084472656 AB 6.628933901843324 1.0427634111833668
60493.0719 lsst_hardware_r 19.122442823550244 24.66936862080858 31.510000228881836 AB 6.55240062200682 1.0356797611180433
60497.0516 lsst_hardware_r 13.579743665605452 24.675079481275368 31.510000228881836 AB 3.3022062818690943 1.0365824888152435
60497.0763 lsst_hardware_u 2.0058904331981893 2.762286283390765 28.43000030517578 AB 3.30951105325731 1.0409449737651426
60499.0429 lsst_hardware_g -29.834782904605973 15.850357062924632 31.479999542236328 AB 2.956702757843022 1.037621603033115
60499.0654 lsst_hardware_i 38.64231709114125 32.297677891404675 31.260000228881836 AB 2.9612160539655283 1.0381125517845284
60501.0498 lsst_hardware_z 12.585997976777088 42.33761589268846 30.950000762939453 AB 6.879218597044752 1.035662959358387
60501.0719 lsst_hardware_r 16.901883203604157 24.87918070616205 31.520000457763672 AB 6.913189226023053 1.0457627913508047
60503.0462 lsst_hardware_y 13.722617932694332 47.5741249031461 30.049999237060547 AB 6.463113825993411 1.0358384207057314
60503.069 lsst_hardware_g 10.8391466533907 20.24390942597823 31.559999465942383 AB 6.53428843363773 1.0480854011769556
60506.0231 lsst_hardware_g -41.415333002477524 53.13406884227274 31.709999084472656 AB 4.542067417603589 1.0378902982241849
60506.0449 lsst_hardware_r 15.813084327993707 56.98332503266292 31.6299991607666 AB 4.034989910484542 1.037561422971548
60508.0198 lsst_hardware_i 134.0102822452596 81.7422756712781 31.329999923706055 AB 2.3032316747110815 1.0371024426466409
60508.042 lsst_hardware_z -39.50958146906 73.87066951069913 30.989999771118164 AB 2.26110735339965 1.0386345215432475
60511.0034 lsst_hardware_r 55.23169329965502 97.85563912479344 31.65999984741211 AB 5.806027020194705 1.0409885735979583
60511.0273 lsst_hardware_z 76.20388256632344 68.8587156945884 30.989999771118164 AB 5.7824144055362945 1.0363678475734914
60514.0034 lsst_hardware_g 2.8788381177408824 45.849998474121094 31.700000762939453 AB 6.440093983200571 1.0371078399056848
60514.0244 lsst_hardware_i 11.095779056242407 51.709999084472656 31.309999465942383 AB 6.52062319875887 1.0380953935616966
60515.9995 lsst_hardware_z 33.440057904658836 41.54999923706055 30.940000534057617 AB 8.570952276089903 1.0366415428265487
60516.0193 lsst_hardware_r -4.572037302530914 24.530000686645508 31.510000228881836 AB 9.519193943643758 1.0382498711505435
60519.9768 lsst_hardware_y 63.47692853010607 47.869998931884766 30.040000915527344 AB 5.508240664002528 1.0423226045577598
60519.9982 lsst_hardware_u 3.9488636287689287 2.799999952316284 28.440000534057617 AB 5.474617244800242 1.0356824148316766
60524.9643 lsst_hardware_z 55.61033233162421 58.529998779296875 30.979999542236328 AB 9.84303463411932 1.0415450430706923
60524.9831 lsst_hardware_r 47.05764214012367 25.209999084472656 31.530000686645508 AB 8.789711049728623 1.0356167718558207
60736.3833 lsst_hardware_g 2.686147671438231 16.479999542236328 31.5 AB 3.14448836184928 1.0430345341568223
60736.4019 lsst_hardware_y -76.33402991922796 73.55000305175781 30.079999923706055 AB 3.1245709767218734 1.0356549475379098
60738.3871 lsst_hardware_z 20.60267262538071 42.41999816894531 30.950000762939453 AB 7.124118255651368 1.0378078187291826
60742.3732 lsst_hardware_r -6.778550176941459 24.729999542236328 31.520000457763672 AB 8.460762952558643 1.039150448607055
60742.3905 lsst_hardware_z -92.10860326277286 42.40999984741211 30.959999084472656 AB 8.822981534341997 1.0357739599497546
60749.2262 lsst_hardware_r 64.08224050807067 159.1999969482422 32.290000915527344 AB 14.045812716572435 1.5301282985535374
60749.2535 lsst_hardware_z 48.21501311993448 74.62000274658203 30.950000762939453 AB 11.49032144119237 1.3207266024359046
60751.3784 lsst_hardware_z 130.90234481241382 71.66999816894531 30.989999771118164 AB 9.453486125346478 1.03994933724615
60751.3997 lsst_hardware_i -9.39739196761239 82.19000244140625 31.34000015258789 AB 9.555894965235122 1.060273869949899
60753.3528 lsst_hardware_z 26.774781569692614 73.05999755859375 31.0 AB 6.786710179771272 1.0359544375970597
60753.372 lsst_hardware_r -146.17519434417187 95.2300033569336 31.65999984741211 AB 6.804867387974987 1.0394400287131
60757.3422 lsst_hardware_r 52.849792995054464 32.16999816894531 31.59000015258789 AB 6.2263046409244005 1.0359046070916698
60757.3619 lsst_hardware_i 50.01907874038096 35.4900016784668 31.290000915527344 AB 6.25385213969383 1.0398822979204905
60759.3423 lsst_hardware_r -10.251901795645892 25.149999618530273 31.540000915527344 AB 6.8796743209418985 1.0356276262143458
60759.3617 lsst_hardware_g 0.20001269930792262 16.979999542236328 31.520000457763672 AB 6.939697656049567 1.0433020780831221
60761.3424 lsst_hardware_r -23.943870114575443 24.299999237060547 31.530000686645508 AB 8.073848577688969 1.03644864549543
60761.3615 lsst_hardware_i 18.456828096067117 31.559999465942383 31.260000228881836 AB 8.153950169472022 1.0477401196464675
60763.3217 lsst_hardware_i -32.330441467589594 31.510000228881836 31.270000457763672 AB 7.775439599797581 1.0368174415233684
60763.3392 lsst_hardware_z -50.66772634517411 41.7400016784668 30.959999084472656 AB 9.204754662517455 1.0370970269300361
60766.3091 lsst_hardware_r -32.26386037063056 24.209999084472656 31.520000457763672 AB 5.227815598708422 1.0384669290597492
60766.3271 lsst_hardware_u 2.7908919069816287 2.7899999618530273 28.459999084472656 AB 5.243911361521716 1.0360901677493866
60770.3134 lsst_hardware_i 12.250632802978984 31.290000915527344 31.25 AB 7.176917085802211 1.0357048972944962
60770.3323 lsst_hardware_z 15.47736696325531 41.790000915527344 30.940000534057617 AB 7.228175422759447 1.043779844441774
60772.3095 lsst_hardware_r 16.5252425050076 24.09000015258789 31.520000457763672 AB 8.677279307574041 1.0358869050028667
60772.3286 lsst_hardware_g -11.919351096455538 15.289999961853027 31.459999084472656 AB 8.778128805038051 1.0451916063270257
60777.2815 lsst_hardware_z -131.54402591744744 73.7699966430664 31.0 AB 6.124705761253164 1.037470273778803
60777.299 lsst_hardware_i 5.271150698198676 85.27999877929688 31.34000015258789 AB 6.889998493912189 1.0365186346101303
60781.2342 lsst_hardware_r -117.56186124818284 119.36000061035156 31.649999618530273 AB 17.50342695409717 1.075424317490994
60781.2516 lsst_hardware_i -71.76292414025295 98.08000183105469 31.34000015258789 AB 17.356005697656922 1.0509661726776893
60783.2941 lsst_hardware_z -157.98268674953732 82.58000183105469 31.729999542236328 AB 13.431793319394645 1.0418300034434473
60785.2666 lsst_hardware_r -52.21914811900351 40.130001068115234 31.610000610351562 AB 3.7203850982170388 1.0357900138880902
60785.2838 lsst_hardware_g -16.402058501788847 37.34000015258789 31.690000534057617 AB 3.7300525566652674 1.0390118542243085
60791.247 lsst_hardware_r -44.74958079726659 24.40999984741211 31.520000457763672 AB 6.1628590041918425 1.0363552137094085
60791.2647 lsst_hardware_i 52.22836846781964 31.610000610351562 31.260000228881836 AB 6.400629807769741 1.0377997256213605
60793.25 lsst_hardware_z -36.41203482217791 41.7599983215332 30.950000762939453 AB 2.796272481069729 1.0356564744702699
60793.2682 lsst_hardware_i -8.964736400510917 31.68000030517578 31.260000228881836 AB 2.8725812938111273 1.0428054067562174
60796.2453 lsst_hardware_u -3.5984985683512125 2.7799999713897705 28.440000534057617 AB 9.478496454689587 1.0361088511019971
60796.2632 lsst_hardware_g -7.764712472451282 15.630000114440918 31.469999313354492 AB 9.505218785503663 1.0452953209864733
60799.2236 lsst_hardware_g 23.233398146108915 15.770000457763672 31.479999542236328 AB 9.854934447442577 1.0367612905625885
60799.242 lsst_hardware_r 42.56301892498827 24.68000030517578 31.520000457763672 AB 9.90370936565259 1.0374721732299075
60801.2236 lsst_hardware_i -66.68604891112814 36.52000045776367 31.280000686645508 AB 2.3992377047884696 1.035716686720825
60801.2432 lsst_hardware_z 8.836504685434576 41.849998474121094 30.950000762939453 AB 2.478967779747757 1.040708555729537
60803.225 lsst_hardware_r -42.78352997141379 58.02000045776367 31.639999389648438 AB 9.219562530808613 1.0359059023380464
60803.2445 lsst_hardware_z 20.208763154900403 51.47999954223633 30.979999542236328 AB 9.376288261308227 1.0456438342041252
60805.2101 lsst_hardware_r 87.36165249170269 101.12999725341797 31.65999984741211 AB 6.423682696480599 1.0360778542710642
60805.2296 lsst_hardware_i 44.315724375885004 81.37000274658203 31.34000015258789 AB 6.443130539875101 1.0392146032056615
60809.2033 lsst_hardware_z 192.38780366740596 137.1699981689453 31.760000228881836 AB 6.114868615834103 1.0356139071344186
60811.1915 lsst_hardware_r 37.466417587398695 81.37000274658203 31.65999984741211 AB 5.560376370974901 1.03657785384028
60811.2119 lsst_hardware_i -25.196746993832885 67.12000274658203 31.34000015258789 AB 5.5743769417220435 1.0385747624621866
60813.1732 lsst_hardware_i 42.08197468290015 44.400001525878906 31.309999465942383 AB 7.701066120820732 1.0429396154958093
60813.1934 lsst_hardware_z 43.42179769797931 47.9900016784668 30.969999313354492 AB 7.6960019641299295 1.035592002170481
60825.1537 lsst_hardware_z -9.565197299065343 59.04999923706055 31.700000762939453 AB 12.518121880089819 1.036468568439529
60825.1759 lsst_hardware_i -24.062525066757217 44.869998931884766 32.0099983215332 AB 12.89217225371734 1.0396913107836565
60827.136 lsst_hardware_r -5.575351883964463 24.579999923706055 31.520000457763672 AB 7.45181788294904 1.0422122913215743
60827.1576 lsst_hardware_u 1.2599927056253735 2.880000114440918 28.520000457763672 AB 7.43348253476741 1.035688631074783
60831.1229 lsst_hardware_y 14.309476092094192 49.4900016784668 30.049999237060547 AB 9.409026229741652 1.043804333520383
60831.1429 lsst_hardware_r -52.82962627588129 49.47999954223633 31.6299991607666 AB 8.61315301621802 1.0356289071823899
60843.1348 lsst_hardware_z -47.78710639042137 43.83000183105469 30.959999084472656 AB 5.4554241337781875 1.0452338996892683
60843.158 lsst_hardware_r 18.974234778015987 34.619998931884766 31.579999923706055 AB 5.669956512437609 1.0750091346339397
60845.1045 lsst_hardware_u -2.0268915592113697 2.8399999141693115 28.510000228881836 AB 3.799758334557414 1.0356386848071009
60845.1261 lsst_hardware_r 1.8000233518695563 24.260000228881836 31.520000457763672 AB 3.9623281593415403 1.0427179366688264
60848.0874 lsst_hardware_i 13.769779243599835 31.399999618530273 31.260000228881836 AB 2.6858152115546985 1.0375618111147147
60848.1081 lsst_hardware_z -21.54034252609259 41.5 30.950000762939453 AB 2.671992975946362 1.0374321581310493
60853.0677 lsst_hardware_g -14.13586014370644 15.350000381469727 31.479999542236328 AB 7.839367507796284 1.0404858878639496
60853.0878 lsst_hardware_r 44.3491086091024 24.15999984741211 31.520000457763672 AB 8.079343869981228 1.03581331666426
60859.0418 lsst_hardware_r 31.76661944843544 39.68000030517578 31.600000381469727 AB 6.678338052934457 1.0477878882815386
60859.061 lsst_hardware_i 6.236046537091604 39.59000015258789 31.290000915527344 AB 6.594323206424773 1.0364358674145449
60862.0442 lsst_hardware_z -96.13997620051597 72.58000183105469 31.0 AB 6.473712461661873 1.0398702853846074
60862.0637 lsst_hardware_r 45.96307233789287 96.30000305175781 31.65999984741211 AB 6.443242148883015 1.0358771424096165
60864.0312 lsst_hardware_z -211.33354588029675 76.83999633789062 31.0 AB 0.964087912338981 1.0450817477929333
60864.0515 lsst_hardware_r 94.87999183011483 110.55000305175781 31.65999984741211 AB 1.950358690186386 1.0357261708296073
60866.0291 lsst_hardware_i -52.547063388911226 83.20999908447266 31.34000015258789 AB 8.539996944659919 1.0425013055270393
60866.0495 lsst_hardware_z -87.2737827196112 72.18000030517578 30.989999771118164 AB 8.67558665720796 1.0356024180974008
60871.0064 lsst_hardware_u 2.706407057781257 2.799999952316284 28.459999084472656 AB 5.7656699199549 1.0504044306713245
60871.0268 lsst_hardware_g -8.776488610477692 15.34000015258789 31.459999084472656 AB 5.607057615986918 1.0368239678225288
60876.007 lsst_hardware_r 1.468534941533949 24.389999389648438 31.510000228881836 AB 3.0251167134132495 1.039320904745734
60876.0245 lsst_hardware_i -9.744188170637626 31.540000915527344 31.25 AB 3.013360388567887 1.035756320543499
60877.9976 lsst_hardware_z 96.64721375209896 41.9900016784668 30.950000762939453 AB 5.6109516178749645 1.0416370577738177
60878.0163 lsst_hardware_r 28.581547891806377 24.5 31.510000228881836 AB 6.267076442292107 1.0355951157739642
60882.0024 lsst_hardware_i 77.1500489871402 31.670000076293945 31.260000228881836 AB 9.50637235496586 1.0357217796988463
60882.0192 lsst_hardware_z -36.791254892062675 41.790000915527344 30.950000762939453 AB 9.507068332593793 1.039137428417728
60884.9766 lsst_hardware_y 33.77808090062438 48.400001525878906 30.049999237060547 AB 4.611386291508985 1.0429461249596257
60884.9964 lsst_hardware_r -19.6698698284019 25.530000686645508 31.530000686645508 AB 4.643621396795334 1.0355979921487537
60886.9756 lsst_hardware_y -8.349566702719292 48.560001373291016 30.049999237060547 AB 4.161277467846228 1.0400593521235262
60886.9931 lsst_hardware_g 10.839914601376481 25.34000015258789 31.6200008392334 AB 4.1491310473353975 1.0356429937603955
60888.9769 lsst_hardware_z 85.2119766976168 53.709999084472656 30.969999313354492 AB 4.118844433618199 1.0370569283134368
60888.9956 lsst_hardware_i -36.71957959238422 50.75 31.309999465942383 AB 4.0223322521091704 1.0372405076890523
60894.967 lsst_hardware_y 32.837275788531535 70.41999816894531 30.06999969482422 AB 3.402318274520322 1.0357133255771258
60894.9873 lsst_hardware_z 52.822147825836815 60.09000015258789 30.979999542236328 AB 3.429834331088089 1.0411842138390355
