data/validation/pwv_sim_epoch_fit_4/2803231.ecsv
# %ECSV 0.9
# ---
# datatype:
# - {name: time, datatype: float64}
# - {name: band, datatype: string}
# - {name: flux, datatype: float64}
# - {name: fluxerr, datatype: float64}
# - {name: zp, datatype: float64}
# - {name: zpsys, datatype: string}
# - {name: pwv, datatype: float64}
# - {name: airmass, datatype: float64}
# meta: {SNID: '2803231', alt: 1024.0, c: 0.04775073379278183, dec: -31.03924, lat: -30.244573, lon: -70.7499537, ra: 358.769531, t0: 62412.80078125,
#   x0: 8.826354578613094e-05, x1: -0.5376259088516235, z: 0.17870502173900604}
# schema: astropy-2.0
time band flux fluxerr zp zpsys pwv airmass
[from data line 133]
62731.1675 lsst_hardware_z 85.17042093478824 53.470001220703125 30.950000762939453 AB 3.996867344325473 1.24954168747149
62731.1848 lsst_hardware_r 30.25557984491301 55.25 31.610000610351562 AB 3.6605767784313277 1.1735125385011735
62733.1659 lsst_hardware_u 0.912102083685799 2.640000104904175 28.31999969482422 AB 2.298928385651297 1.230854442859545
62733.1833 lsst_hardware_r -21.294320381216124 23.3799991607666 31.479999542236328 AB 2.5320335358092745 1.1586928432944854
62735.1567 lsst_hardware_i 27.648205810816325 32.5099983215332 31.219999313354492 AB 2.529729273355583 1.2489406434735044
62735.1741 lsst_hardware_z 77.51064249553272 43.2400016784668 30.940000534057617 AB 2.92247127313659 1.1726628528602647
62738.1859 lsst_hardware_r 31.75661014662225 23.209999084472656 31.489999771118164 AB 4.216861714542143 1.1064974323122916
62738.2027 lsst_hardware_i 44.953661046213796 30.770000457763672 31.25 AB 4.115139342705756 1.06527034499243
62740.1717 lsst_hardware_i -0.15165728198608897 31.420000076293945 31.25 AB 2.604965669816975 1.1329221527185172
62740.1923 lsst_hardware_z 33.25371228598072 41.630001068115234 30.950000762939453 AB 2.4601294486458043 1.0761721122685057
62742.1635 lsst_hardware_r -4.882689914391073 23.450000762939453 31.489999771118164 AB 5.938291512756841 1.1419791370686232
62742.1813 lsst_hardware_g 1.6180772452568333 14.300000190734863 31.43000030517578 AB 5.87394035477421 1.089582703538158
62744.1606 lsst_hardware_r -0.5680771189676025 23.450000762939453 31.479999542236328 AB 5.219779452312488 1.1335025955075977
62744.1792 lsst_hardware_i 71.46215572963392 31.040000915527344 31.25 AB 4.217049568275544 1.0812947610962935
62747.1752 lsst_hardware_z -116.67117818321881 41.72999954223633 30.940000534057617 AB 1.4560566537592725 1.0716148325735217
62747.1933 lsst_hardware_i 11.672489191219022 30.65999984741211 31.25 AB 1.4322928589967712 1.037580097069801
62748.1633 lsst_hardware_z 45.866648165442314 42.689998626708984 30.940000534057617 AB 1.5312446550428755 1.0937461821734826
62748.181 lsst_hardware_g 35.911497015908154 16.75 31.479999542236328 AB 1.5810839511209909 1.054055967413994
62751.1622 lsst_hardware_r -44.36947567836698 48.63999938964844 31.6200008392334 AB 2.1628797172690066 1.0763273039409509
62751.1788 lsst_hardware_i 6.167381792896883 44.209999084472656 31.299999237060547 AB 2.443543031277311 1.0433574002038049
62755.1644 lsst_hardware_z 6.767572916902975 79.87000274658203 31.0 AB 2.833409341678625 1.0494108672883795
62755.1817 lsst_hardware_r -48.20111469867701 118.7300033569336 31.670000076293945 AB 2.48039266355189 1.0234754130604042
62757.1663 lsst_hardware_i -144.13262845491764 83.18000030517578 31.34000015258789 AB 3.787187563435291 1.03711206666416
62757.184 lsst_hardware_z -67.53136427591633 71.79000091552734 31.0 AB 2.1590896556468415 1.015086815066686
62758.1751 lsst_hardware_z -68.3563489936813 62.65999984741211 30.989999771118164 AB 0.9010491484705028 1.0215976740028376
62758.187 lsst_hardware_i 113.4587342553486 69.4800033569336 31.34000015258789 AB 0.8862082751002496 1.010115815083752
62760.1674 lsst_hardware_g 19.37006231593277 52.93000030517578 31.719999313354492 AB 3.0624655724732235 1.0242645243646333
62760.1849 lsst_hardware_r 31.21316292901352 53.630001068115234 31.639999389648438 AB 3.0125221451821824 1.0076729126741795
62765.0808 lsst_hardware_i -43.828199096148246 32.33000183105469 31.229999542236328 AB 4.764175713581682 1.2203579431549874
62765.0972 lsst_hardware_z -1.74363049224755 43.0099983215332 30.940000534057617 AB 4.207959158344373 1.1541303231886468
62767.0798 lsst_hardware_r 4.64621130525251 23.68000030517578 31.469999313354492 AB 1.6293724046864866 1.2007165841464518
62767.0978 lsst_hardware_u -2.377537812066433 2.7200000286102295 28.40999984741211 AB 1.4735663074233694 1.1335125441718226
62771.1014 lsst_hardware_i -16.85509488018283 30.81999969482422 31.239999771118164 AB 3.6380802155955636 1.091424064678669
62771.1219 lsst_hardware_z -28.17515171701733 41.08000183105469 30.950000762939453 AB 3.379285780356332 1.0472993120940723
62772.1025 lsst_hardware_r 10.86898313101685 22.940000534057617 31.489999771118164 AB 4.9756497214818705 1.0818981781869692
62772.1211 lsst_hardware_u 2.5930948441124846 2.6700000762939453 28.420000076293945 AB 4.800431236665236 1.0439691701549783
62780.1023 lsst_hardware_r -1.9169613817327538 52.619998931884766 31.639999389648438 AB 3.575161178580786 1.0389890085966293
62780.1234 lsst_hardware_z 0.09488361537588519 49.22999954223633 30.979999542236328 AB 3.48948130649468 1.013058878355256
62781.0846 lsst_hardware_z -108.76228774700878 55.86000061035156 30.979999542236328 AB 8.540479698032875 1.0667487886956386
62781.1042 lsst_hardware_r -20.375779970455753 67.05000305175781 31.649999618530273 AB 7.935803312714357 1.0320311220124008
62783.006 lsst_hardware_y -110.27239821649226 61.93000030517578 29.950000762939453 AB 5.349475215431592 1.3622294920882978
62783.027 lsst_hardware_z -54.615575820099366 75.0199966430664 30.969999313354492 AB 4.7926755004085475 1.242269440230313
62789.0068 lsst_hardware_z 55.903259952278596 45.189998626708984 30.920000076293945 AB 8.478187756674915 1.2614004473387492
62789.0263 lsst_hardware_g -13.1761090118611 13.84000015258789 31.360000610351562 AB 7.922923774647928 1.1740563755961366
62791.0086 lsst_hardware_y -15.778585890831136 49.939998626708984 29.989999771118164 AB 8.699651957625141 1.2259074131790162
62791.0295 lsst_hardware_i -9.081980614004928 31.40999984741211 31.239999771118164 AB 8.060584994854453 1.1426970505889167
62793.0081 lsst_hardware_y -40.72081838039806 50.56999969482422 30.0 AB 4.876595696733205 1.2037509433660771
62793.0288 lsst_hardware_r -4.157004555816216 23.09000015258789 31.489999771118164 AB 4.599520150972149 1.1271491956311424
62796.0099 lsst_hardware_y -117.51257401574445 50.25 30.010000228881836 AB 4.863656622984283 1.1637862308237563
62796.0306 lsst_hardware_z 71.0593533844933 41.939998626708984 30.950000762939453 AB 4.560533460525622 1.0980858286107937
62799.0095 lsst_hardware_y 72.67374459684439 50.16999816894531 30.020000457763672 AB 4.1180586748487755 1.136538732708986
62799.0278 lsst_hardware_u 0.3532661096181591 2.7300000190734863 28.459999084472656 AB 3.931114135749944 1.0842707984691964
62801.0092 lsst_hardware_z 47.97595278978466 44.220001220703125 30.950000762939453 AB 4.789091802969798 1.1202117195360604
62801.0278 lsst_hardware_r 28.35853251194095 22.649999618530273 31.489999771118164 AB 4.580137107616429 1.0715233129549286
62803.0109 lsst_hardware_y -15.725694044986678 49.83000183105469 30.040000915527344 AB 3.4210560205287406 1.099664423185066
62803.0307 lsst_hardware_z -27.213173283039158 41.27000045776367 30.959999084472656 AB 3.3161224795021678 1.0542992198502017
