data/validation/pwv_sim_epoch_fit_4/28056369.ecsv
# %ECSV 0.9
# ---
# datatype:
# - {name: time, datatype: float64}
# - {name: band, datatype: string}
# - {name: flux, datatype: float64}
# - {name: fluxerr, datatype: float64}
# - {name: zp, datatype: float64}
# - {name: zpsys, datatype: string}
# - {name: pwv, datatype: float64}
# - {name: airmass, datatype: float64}
# meta: {SNID: '28056369', alt: 1024.0, c: -0.09111297875642776, dec: -50.480045, lat: -30.244573, lon: -70.7499537, ra: 92.334908, t0: 62558.17578125,
#   x0: 1.3759988022090048e-05, x1: -0.6754010319709778, z: 0.4021167457103729}
# schema: astropy-2.0
time band flux fluxerr zp zpsys pwv airmass
62427.3787 lsst_hardware_r -9.591356075769955 34.81999969482422 31.579999923706055 AB 6.415489901599515 1.0657992720667033
62437.3697 lsst_hardware_r -7.501428011971035 50.2400016784668 31.6200008392334 AB 3.6296671843465425 1.0702247337007844
62451.3599 lsst_hardware_r 39.30595328243836 31.100000381469727 31.549999237060547 AB 2.700924519577499 1.0940453750185961
62460.3317 lsst_hardware_z -52.800250165113766 54.88999938964844 30.969999313354492 AB 5.228934480177775 1.0898154398037152
62460.3443 lsst_hardware_r -16.55612494397184 59.81999969482422 31.6200008392334 AB 5.547903349714404 1.1060964660747454
62461.3319 lsst_hardware_i 65.59495283297635 61.95000076293945 31.31999969482422 AB 4.5717926071002015 1.0932072231229557
62461.3446 lsst_hardware_z 99.81513454919263 59.08000183105469 30.969999313354492 AB 4.081589558021924 1.1106869857195412
62465.1606 lsst_hardware_z -4.466299715513324 73.62999725341797 31.700000762939453 AB 9.560152622674254 1.2454196544763556
62465.176 lsst_hardware_i -14.47951369688896 69.66000366210938 32.040000915527344 AB 7.085886695026674 1.196199430818751
62465.2251 lsst_hardware_z -47.47036447783867 86.72000122070312 32.150001525878906 AB 6.818286778582388 1.0965401702448538
62468.3168 lsst_hardware_r 0.9992554252102419 34.40999984741211 31.56999969482422 AB 3.8600333368866884 1.0982383773772497
62468.3288 lsst_hardware_y 121.51783736081302 48.70000076293945 30.020000457763672 AB 3.9168441544905943 1.1160159999498322
62473.3221 lsst_hardware_g 9.239844746060015 12.899999618530273 31.3700008392334 AB 6.929186710029512 1.1282757759315212
62473.3333 lsst_hardware_r -19.29835364110682 22.260000228881836 31.469999313354492 AB 7.074320915062536 1.151244789427926
62475.2861 lsst_hardware_r 9.629177906341114 21.40999984741211 31.459999084472656 AB 3.4687774012704153 1.0849252955728876
62475.2984 lsst_hardware_i 24.653549569073864 29.989999771118164 31.229999542236328 AB 3.419829386017361 1.0991818034606002
62479.2842 lsst_hardware_u 4.189766873792159 2.5799999237060547 28.3799991607666 AB 7.283420635204101 1.0949767930651817
62479.2965 lsst_hardware_g -5.55192787856138 12.670000076293945 31.350000381469727 AB 7.301691009858315 1.11234200553868
62481.2197 lsst_hardware_u 1.32800431584851 2.5399999618530273 28.360000610351562 AB 10.145651190206914 1.0673266322061017
62481.2328 lsst_hardware_g -9.817110606696302 12.65999984741211 31.3799991607666 AB 10.181097640383609 1.0658789035665344
62481.2837 lsst_hardware_r -14.712362251584683 21.559999465942383 31.469999313354492 AB 10.423126189669615 1.1014610789039678
62481.2959 lsst_hardware_z 80.81584592729106 41.599998474121094 30.940000534057617 AB 9.27571081939438 1.1204240760252913
62483.2224 lsst_hardware_r -1.0300234047275427 21.600000381469727 31.479999542236328 AB 11.545310913829011 1.0659259931983236
62483.2356 lsst_hardware_i 18.420715718651742 29.989999771118164 31.239999771118164 AB 11.601321328614187 1.067156153028816
62485.2276 lsst_hardware_z 37.49376910877718 61.650001525878906 31.700000762939453 AB 8.606941363281768 1.0665848658633663
62487.22 lsst_hardware_z 12.426260208381946 48.77000045776367 30.959999084472656 AB 9.057254168699629 1.0662283199692968
62487.233 lsst_hardware_r 20.40712818826202 50.939998626708984 31.6200008392334 AB 9.06893121341816 1.070164561234046
62489.2243 lsst_hardware_i 20.895407262304815 58.810001373291016 31.31999969482422 AB 5.5023971276464 1.068789807730083
62489.2363 lsst_hardware_z 31.418113354623394 55.709999084472656 30.969999313354492 AB 5.5137230978739655 1.0752190128460022
62491.2226 lsst_hardware_i -45.779475052662306 65.19999694824219 31.31999969482422 AB 6.315440890687833 1.0704137102860733
62491.2358 lsst_hardware_z 66.80800206819254 59.63999938964844 30.979999542236328 AB 6.365833321827783 1.0789548003097937
62493.2103 lsst_hardware_z 4.989862824097178 77.23999786376953 31.729999542236328 AB 7.174334817695181 1.0677285140001014
62495.2056 lsst_hardware_r 2.3614553948878583 51.15999984741211 31.6299991607666 AB 7.223664193792295 1.0679706078271656
62495.2194 lsst_hardware_i -64.21531303789791 45.65999984741211 31.309999465942383 AB 7.169381954703933 1.0748698582764518
62497.2122 lsst_hardware_z -52.126370490867814 62.599998474121094 31.700000762939453 AB 5.37887710114326 1.073735323114734
62501.1995 lsst_hardware_i 18.672016679842432 29.860000610351562 31.25 AB 7.006595126269477 1.0726569391104017
62501.2126 lsst_hardware_z -50.41565589311482 41.15999984741211 30.940000534057617 AB 7.224846508281749 1.082536186437064
62503.2007 lsst_hardware_i -17.176352625740403 29.90999984741211 31.239999771118164 AB 5.069671851552541 1.0771257474969989
62503.2128 lsst_hardware_u 0.0774940567932466 2.5199999809265137 28.329999923706055 AB 5.865408137465471 1.0882018807913676
62505.2012 lsst_hardware_g -8.487867414810594 12.59000015258789 31.360000610351562 AB 2.72653081693632 1.082099808282704
62505.2153 lsst_hardware_r 16.19741004668801 21.600000381469727 31.469999313354492 AB 2.881948786024308 1.0976413315228892
62507.2024 lsst_hardware_i -7.142384284916576 29.90999984741211 31.239999771118164 AB 7.364984934550091 1.088770039847748
62507.2151 lsst_hardware_r -29.136459958854182 21.510000228881836 31.469999313354492 AB 7.7549509465881705 1.1048512532537644
62509.1824 lsst_hardware_z 0.5147360058225429 41.13999938964844 30.950000762939453 AB 7.242868278570805 1.0757267605184622
62509.1964 lsst_hardware_u -1.1918778143879267 2.680000066757202 28.469999313354492 AB 7.547666295589008 1.088187182178346
62510.1627 lsst_hardware_g -5.694140702392266 12.609999656677246 31.3700008392334 AB 6.8313214472527255 1.0673939761332383
62510.1765 lsst_hardware_r -22.36634384117165 21.459999084472656 31.469999313354492 AB 8.07028140133553 1.073615919825575
62514.1521 lsst_hardware_i 92.09484341481831 36.630001068115234 31.280000686645508 AB 5.285129829156846 1.067487341780824
62514.1659 lsst_hardware_z 50.100738254166686 43.900001525878906 30.950000762939453 AB 5.272104903624981 1.0738213531723064
62517.1528 lsst_hardware_z -9.699583364263432 49.790000915527344 30.959999084472656 AB 4.742385283852315 1.0710195427915268
62517.1656 lsst_hardware_r 29.016811094615676 56.61000061035156 31.6299991607666 AB 4.7724029083331825 1.0796273899518936
62519.1539 lsst_hardware_i -62.85833804156036 62.0 31.31999969482422 AB 4.889752322461059 1.0749070834163545
62519.1661 lsst_hardware_r 22.49335405957703 78.33000183105469 31.639999389648438 AB 4.679729774896937 1.0850918265368819
62521.1049 lsst_hardware_i 22.162672290876117 64.61000061035156 31.31999969482422 AB 8.201015294939182 1.069267615624911
62521.1173 lsst_hardware_z 85.70582239170642 59.08000183105469 30.979999542236328 AB 8.139961879158975 1.066067956146808
62523.1034 lsst_hardware_r -16.361811376875302 61.02000045776367 31.639999389648438 AB 11.973483107715886 1.067829491974216
62523.1168 lsst_hardware_g 49.28275119626698 66.33000183105469 31.709999084472656 AB 11.90964446407016 1.065859220411246
62525.0991 lsst_hardware_r -13.016830360287525 32.83000183105469 31.56999969482422 AB 13.868918171220066 1.0674830863125262
62525.1127 lsst_hardware_i 49.6789401288186 37.97999954223633 31.280000686645508 AB 13.848028380766225 1.0659093948672216
62527.1037 lsst_hardware_z -15.904330939967595 40.54999923706055 30.940000534057617 AB 14.561142276503455 1.0658783859238563
62527.1164 lsst_hardware_i 18.636515389343053 29.489999771118164 31.229999542236328 AB 14.56482816589467 1.0674374480305862
62529.0983 lsst_hardware_u -1.7906884590370484 2.509999990463257 28.34000015258789 AB 13.28269957281556 1.0658775511317078
62529.1107 lsst_hardware_g -4.109400088580175 12.550000190734863 31.360000610351562 AB 13.207666354355329 1.0673724223658743
62533.0935 lsst_hardware_z -79.30003889823294 41.06931692996421 30.940000534057617 AB 8.128612388612359 1.066140740866396
62533.1059 lsst_hardware_u 0.5550143034987292 2.851639674562697 28.399999618530273 AB 8.175268742998245 1.0695247248978363
62535.0907 lsst_hardware_g -8.273723869384586 13.62506899655224 31.3799991607666 AB 7.770491253398226 1.0665449860545673
62535.1039 lsst_hardware_r -50.5056255476759 21.66071857740546 31.479999542236328 AB 7.7898163553013084 1.0711577698998014
62537.0907 lsst_hardware_i 170.19386697141726 32.49115121770274 31.239999771118164 AB 6.590523886088451 1.0679254433545076
62537.1037 lsst_hardware_z 104.00403033366742 42.39209224458089 30.940000534057617 AB 6.618456786309052 1.0742213519586201
62539.0893 lsst_hardware_i 774.189608720458 49.99844172231715 31.969999313354492 AB 5.89838177845571 1.0694353908207075
62539.1009 lsst_hardware_u 4.714239380717017 3.819122906568677 28.239999771118164 AB 5.94145050267503 1.0760410816960744
62541.071 lsst_hardware_z 471.6214186563824 46.348665288198404 30.940000534057617 AB 6.417220007066014 1.066071934058629
62541.0844 lsst_hardware_g 381.3031782717724 25.061451311581813 31.459999084472656 AB 6.333917072648366 1.0696775060766117
62546.0687 lsst_hardware_z 2220.192333503258 83.07057106875705 31.709999084472656 AB 2.715741310547748 1.068838823436317
62550.0649 lsst_hardware_i 2664.922617886445 82.02036385587468 31.31999969482422 AB 4.833044156103682 1.0722227745099682
62550.0766 lsst_hardware_z 1688.6139422812762 72.02876309982207 30.979999542236328 AB 4.832041667253465 1.0805907567469546
62552.0544 lsst_hardware_i 2904.3665157384635 75.68541084438729 31.31999969482422 AB 3.5407005401891753 1.0696980483955214
62552.0677 lsst_hardware_z 1891.6120087806087 68.59346985911183 30.969999313354492 AB 3.5751247552385106 1.0777645848078714
62554.0562 lsst_hardware_g 2368.4973532334957 50.110712529636544 31.34000015258789 AB 5.887040983168542 1.0735429192010106
62554.0686 lsst_hardware_r 4911.934310502531 77.54233232135017 31.56999969482422 AB 5.764726900633654 1.0832389534708797
62556.0549 lsst_hardware_i 3186.518306819588 63.06862338728908 31.239999771118164 AB 8.514040769688888 1.0763528538075522
62556.0667 lsst_hardware_r 4723.701040008434 71.48148590589302 31.479999542236328 AB 8.61212294157235 1.086771776335712
62557.0527 lsst_hardware_u 2.064771577334891 4.213360692108716 28.299999237060547 AB 9.640892876939002 1.0767435853066036
62557.0654 lsst_hardware_g 2259.4393097588086 49.53510699491003 31.350000381469727 AB 9.708426260946922 1.088286923226169
62559.0523 lsst_hardware_r 4595.530641840227 71.13437536006809 31.469999313354492 AB 8.405651682279698 1.0808347283373663
62559.0651 lsst_hardware_i 3271.0827573978613 63.91537989595172 31.239999771118164 AB 8.51955857187846 1.0942150747339403
62812.3045 lsst_hardware_r 5.499403466582315 45.290000915527344 31.6200008392334 AB 6.160464732551214 1.0706403775723348
62819.3063 lsst_hardware_r 40.01089523884191 56.41999816894531 31.6299991607666 AB 6.29800540063149 1.0658326959944795
62819.3173 lsst_hardware_i -83.03229430126098 48.45000076293945 31.309999465942383 AB 6.3221614465841425 1.067662154282535
62822.3442 lsst_hardware_i -51.40996042903461 38.439998626708984 31.270000457763672 AB 3.4730872520504077 1.09405804128222
62822.357 lsst_hardware_z -27.208949355673543 62.29999923706055 30.979999542236328 AB 3.533405450700266 1.1119496855240532
62827.2685 lsst_hardware_i 77.01468544776469 29.809999465942383 31.239999771118164 AB 3.1998702635590193 1.0685230176627745
62827.2766 lsst_hardware_z -22.463310451623435 40.9900016784668 30.940000534057617 AB 3.108109224779837 1.0663686727286725
62829.3408 lsst_hardware_r 6.25891456393266 22.610000610351562 31.479999542236328 AB 9.369932833481633 1.1166868010902453
62829.3542 lsst_hardware_g 17.908423433508947 31.110000610351562 31.6200008392334 AB 9.535481895677206 1.1418371327598138
62833.3293 lsst_hardware_i -8.994388976376733 30.489999771118164 31.239999771118164 AB 3.921503420297501 1.1157275539647205
62833.3408 lsst_hardware_z -31.89377520239798 44.099998474121094 30.940000534057617 AB 4.330098749523682 1.136757492764975
62836.2348 lsst_hardware_u 1.4206502531427998 2.6500000953674316 28.450000762939453 AB 8.175003333399655 1.072928952672921
62840.3083 lsst_hardware_z -3.777831325370322 42.06999969482422 30.950000762939453 AB 3.3653477921755863 1.1126649264666493
62840.3204 lsst_hardware_r 3.3694639493982264 21.989999771118164 31.469999313354492 AB 3.4942772306796352 1.1341987224276056
62842.3183 lsst_hardware_z 54.00200719003339 48.84000015258789 30.959999084472656 AB 4.783247767817268 1.140996565296473
62842.3304 lsst_hardware_r -12.452526549555161 22.170000076293945 31.459999084472656 AB 4.868784742759509 1.168601826408511
62844.2824 lsst_hardware_i 0.15043405377496846 63.43000030517578 31.31999969482422 AB 7.413779301594299 1.0920013700642148
62844.2944 lsst_hardware_z -99.22989884457633 59.09000015258789 30.969999313354492 AB 7.151320760428667 1.1080447413121577
62849.2222 lsst_hardware_r 42.17038536651998 54.11000061035156 31.6299991607666 AB 8.227443248737886 1.0658460432350345
62849.2351 lsst_hardware_z 43.12204371969389 49.27000045776367 30.959999084472656 AB 8.320109965866358 1.0675932377074027
62853.2167 lsst_hardware_g 12.673487985200698 18.5 31.530000686645508 AB 5.115049853671848 1.0660795860091388
62853.2299 lsst_hardware_r -4.756654131781428 26.829999923706055 31.540000915527344 AB 5.070724816366315 1.0696979431193498
62855.2168 lsst_hardware_i 9.211367897924912 29.760000228881836 31.25 AB 5.2881603990331305 1.0670756997494084
62855.2294 lsst_hardware_z 94.36309809594623 40.95000076293945 30.950000762939453 AB 5.344861564734062 1.0721888795855024
62858.2188 lsst_hardware_r 14.384275736254622 21.43000030517578 31.479999542236328 AB 7.253236995861004 1.0709046206793156
62858.2318 lsst_hardware_u -3.850701037872085 2.619999885559082 28.420000076293945 AB 7.29033861091844 1.0796103233376684
62865.1951 lsst_hardware_r 1.7697819507776438 30.350000381469727 32.22999954223633 AB 9.940438907168948 1.068864398620317
62865.2061 lsst_hardware_u -3.897602974410756 2.5899999141693115 28.399999618530273 AB 9.994348797181065 1.0746611609872112
62866.203 lsst_hardware_g 24.066100502638957 12.720000267028809 31.3799991607666 AB 7.071544694974878 1.0744170919550593
62866.2149 lsst_hardware_r -12.70168653282327 21.579999923706055 31.479999542236328 AB 7.290152890644955 1.0840779048507312
62868.2001 lsst_hardware_i 31.10776252430058 48.65999984741211 32.0099983215332 AB 5.105428758953029 1.0761865006224776
62868.2123 lsst_hardware_z 38.52719841876845 60.4900016784668 31.700000762939453 AB 5.902908993400512 1.0869584446477742
62870.1971 lsst_hardware_r -51.36369866678865 49.04999923706055 31.6200008392334 AB 2.7443470760011865 1.078046514076674
62870.2103 lsst_hardware_z -20.41917725107132 48.209999084472656 30.959999084472656 AB 2.865277229108641 1.0907377708119053
62872.1954 lsst_hardware_z -69.69582298115422 53.65999984741211 30.969999313354492 AB 7.348869686859926 1.081193127388543
62872.2068 lsst_hardware_i -59.020767286809935 55.31999969482422 31.309999465942383 AB 7.426556139315858 1.093024672796504
62874.1788 lsst_hardware_r 168.71345167313305 84.75 31.649999618530273 AB 7.205895575276897 1.0729445466463516
62874.1922 lsst_hardware_z -65.64496153696362 60.22999954223633 30.979999542236328 AB 7.195041128711332 1.0832642470206764
62881.1534 lsst_hardware_g 15.763001826296545 23.75 31.600000381469727 AB 5.907483686410347 1.06969570757834
62881.1663 lsst_hardware_r 31.783318251347765 32.130001068115234 31.56999969482422 AB 5.936440605449686 1.077459121323072
62887.1791 lsst_hardware_u 1.2627317147454649 2.5 28.309999465942383 AB 12.780156091596107 1.111317921008357
62887.2021 lsst_hardware_g -3.3486099234841333 12.670000076293945 31.329999923706055 AB 13.289605095057329 1.1556178343528112
62889.1032 lsst_hardware_g -4.407661593416977 12.5600004196167 31.360000610351562 AB 8.918708971763937 1.067299330459604
62889.1177 lsst_hardware_r -0.3111137644832062 21.34000015258789 31.469999313354492 AB 9.012323090174784 1.066031967610287
62891.1035 lsst_hardware_i -9.03581096965615 29.790000915527344 31.25 AB 8.50503189844213 1.0661720199455276
62891.1192 lsst_hardware_r -14.766729642964657 21.440000534057617 31.479999542236328 AB 8.345578742023992 1.0672777980719985
62893.0939 lsst_hardware_u -1.2089720327909075 2.619999885559082 28.43000030517578 AB 12.038899963347161 1.0669000322002093
62893.105 lsst_hardware_g -12.135415988756826 12.65999984741211 31.3799991607666 AB 12.255109245788196 1.0659088408142348
62895.0991 lsst_hardware_r -15.270561337537721 23.649999618530273 31.5 AB 12.370732612709844 1.0658911436076033
62895.1103 lsst_hardware_i 8.726445118852984 30.729999542236328 31.25 AB 12.149131090514585 1.0678677235224212
62897.0934 lsst_hardware_z -12.91427231574897 43.45000076293945 30.959999084472656 AB 9.463007440456801 1.065884052352531
62897.1061 lsst_hardware_r -53.713020934973976 33.25 31.59000015258789 AB 9.505174099089444 1.0682871677615957
62906.0938 lsst_hardware_z -11.918507728281003 78.66999816894531 31.729999542236328 AB 6.377965099925682 1.0744550370494652
62908.1426 lsst_hardware_z -20.057498212858917 50.29999923706055 30.959999084472656 AB 2.449168830491555 1.1507449477642877
62908.1638 lsst_hardware_r -86.05356114478097 55.7400016784668 31.600000381469727 AB 2.499284313671393 1.2060242787540376
62910.0692 lsst_hardware_i -23.853640158171185 29.760000228881836 31.239999771118164 AB 2.642346739465807 1.067830567575594
62910.0826 lsst_hardware_r 54.503062289036265 21.440000534057617 31.469999313354492 AB 2.6649187936268457 1.0742752460199594
62912.063 lsst_hardware_u 1.0749731003798848 3.7200000286102295 29.190000534057617 AB 1.8221392632652036 1.0676075952923414
62912.0746 lsst_hardware_g -27.262235856319236 17.950000762939453 32.130001068115234 AB 1.8374561618161027 1.0727061027386637
62914.0635 lsst_hardware_r -28.31247122637172 21.40999984741211 31.469999313354492 AB 1.2654015513430563 1.0698054541438522
62914.0789 lsst_hardware_i 23.3891357256657 29.8799991607666 31.239999771118164 AB 1.3967095526459872 1.07965180570419
62919.0543 lsst_hardware_u 2.702034054563623 2.640000104904175 28.440000534057617 AB 5.824080649035212 1.072031779307986
62919.0656 lsst_hardware_g -6.057359262205948 12.760000228881836 31.3799991607666 AB 5.957821009414916 1.0799512411138652
62921.0539 lsst_hardware_r -6.012297018398782 21.469999313354492 31.479999542236328 AB 8.523613060308662 1.0751729883078662
62921.0673 lsst_hardware_z -36.524471565233824 41.11000061035156 30.940000534057617 AB 8.608268580100791 1.0866967847125912
62923.0547 lsst_hardware_r 15.812664078338724 21.959999084472656 31.469999313354492 AB 7.004697675811156 1.0799718895792716
62923.0679 lsst_hardware_u 2.7452396849832468 2.509999990463257 28.309999465942383 AB 7.0340133820564095 1.0934832700885526
62927.049 lsst_hardware_i -24.542772696191204 36.5099983215332 31.280000686645508 AB 3.1076594318183663 1.0847609861486918
62927.0608 lsst_hardware_z 75.58074618264794 44.2599983215332 30.959999084472656 AB 3.175689253928159 1.098284369333619
