data/validation/pwv_sim_epoch_fit_4/28099080.ecsv
# %ECSV 0.9
# ---
# datatype:
# - {name: time, datatype: float64}
# - {name: band, datatype: string}
# - {name: flux, datatype: float64}
# - {name: fluxerr, datatype: float64}
# - {name: zp, datatype: float64}
# - {name: zpsys, datatype: string}
# - {name: pwv, datatype: float64}
# - {name: airmass, datatype: float64}
# meta: {SNID: '28099080', alt: 1024.0, c: -0.06473953276872635, dec: -22.831406, lat: -30.244573, lon: -70.7499537, ra: 297.773438, t0: 62632.71875,
#   x0: 4.002311380706167e-05, x1: 0.36353781819343567, z: 0.25386857986450195}
# schema: astropy-2.0
time band flux fluxerr zp zpsys pwv airmass
62600.3321 lsst_hardware_r 27.863662980379797 27.329999923706055 31.450000762939453 AB 11.41944583185173 1.4547682489938083
62600.3507 lsst_hardware_i -42.16182687968697 34.90999984741211 31.219999313354492 AB 9.490842414102437 1.3206181466747362
62602.3393 lsst_hardware_r 59.73156592472719 27.65999984741211 31.489999771118164 AB 5.687766319947549 1.3592192739095839
62602.3578 lsst_hardware_u -7.023934690139411 3.0299999713897705 28.479999542236328 AB 5.2171902515837205 1.2499008368904279
62606.3343 lsst_hardware_z -19.319984396399835 73.0199966430664 31.690000534057617 AB 13.015578740847031 1.3207416465001172
62606.3538 lsst_hardware_r 5.925574218918567 37.68000030517578 32.25 AB 12.00755790800849 1.2164479696088024
62614.2938 lsst_hardware_z 486.3408128752875 72.44324840265057 30.940000534057617 AB 8.176637899289547 1.4554357243306422
62614.3143 lsst_hardware_r 1176.1303826579888 86.61675112114614 31.59000015258789 AB 7.373537584372523 1.3094931332317636
62616.3636 lsst_hardware_z 1130.9219721724744 58.24413945303841 30.959999084472656 AB 16.979344370104876 1.0884195109041588
62616.3851 lsst_hardware_r 2639.72694115396 65.26177849081067 31.610000610351562 AB 15.262476480229868 1.0448979790207762
62622.3552 lsst_hardware_g 6650.085632593221 82.02894340322688 31.489999771118164 AB 9.523219108808494 1.0700246189672464
62622.3742 lsst_hardware_r 7067.040123322164 87.40909259314404 31.530000686645508 AB 9.226871132402483 1.0367270935283688
62626.3919 lsst_hardware_r 9975.256872906912 102.7753340543 31.540000915527344 AB 7.012865386144699 1.0112278855291563
62626.4109 lsst_hardware_z 4089.044828613779 75.90474154648638 30.959999084472656 AB 6.772810385750998 1.0092479060836714
62630.3189 lsst_hardware_i 7983.3624526094445 94.29269430232107 31.25 AB 9.145576128165663 1.1054727581488775
62630.3471 lsst_hardware_y 1308.1293229136058 57.829037111744924 30.040000915527344 AB 8.104910891006545 1.044548234817353
62632.3948 lsst_hardware_z 4197.5791322303785 75.84628522224625 30.959999084472656 AB 7.67072645848684 1.0093061129587948
62632.4153 lsst_hardware_r 11513.469832267452 109.74897996118528 31.530000686645508 AB 7.755760944438212 1.020494861110291
62635.3402 lsst_hardware_y 1085.964079870843 56.35034892850483 30.040000915527344 AB 8.26800409204532 1.034696879772909
62635.3627 lsst_hardware_g 8739.412099095578 95.15246977237535 31.469999313354492 AB 8.099497898248638 1.0134823909968018
62637.2355 lsst_hardware_i 8431.31791451755 112.41708187069538 31.260000228881836 AB 7.606779483521629 1.4192414727407328
62637.2546 lsst_hardware_r 11461.080755897852 135.03658135661934 31.59000015258789 AB 6.353900026885114 1.2913118640149406
62639.2452 lsst_hardware_z 7741.48559988495 136.488174475491 31.709999084472656 AB 10.506750060509555 1.31464470805605
62642.2359 lsst_hardware_r 10334.35418460009 144.87651255131027 31.600000381469727 AB 8.912399735445804 1.3214812225890622
62642.2548 lsst_hardware_i 7221.512078652384 121.53994449725309 31.309999465942383 AB 7.301479338680212 1.2197593282125312
62643.3768 lsst_hardware_z 3175.1492619240676 83.69183276806642 30.989999771118164 AB 4.1970730294293155 1.014194046579778
62643.3972 lsst_hardware_r 10378.326288659271 125.39872658741328 31.649999618530273 AB 4.325004601969623 1.0335362279678884
62646.2308 lsst_hardware_u 28.869748771104504 6.641871440982228 28.34000015258789 AB 7.088109342303273 1.286914275238867
62646.2493 lsst_hardware_g 4507.74488831583 70.57253756049337 31.5 AB 6.614773518592944 1.1956931013031942
62647.3414 lsst_hardware_z 2544.835302064943 64.70066292438565 30.959999084472656 AB 5.8360693587969505 1.009176786926646
62647.3628 lsst_hardware_r 7695.971312847142 91.9218970662467 31.549999237060547 AB 5.8509461008198205 1.0124933767371525
62653.3106 lsst_hardware_r 5531.7813363958185 78.1643093525317 31.530000686645508 AB 6.9090682882776235 1.0152929152501708
62653.3299 lsst_hardware_i 4422.592638110731 72.40165945593566 31.260000228881836 AB 6.918891903683068 1.0086338360002225
62673.2321 lsst_hardware_z 3512.0953447523316 89.86588844759795 31.719999313354492 AB 3.005402150751051 1.0408619529860201
62675.1541 lsst_hardware_u 14.866597181827823 4.401499278639359 28.329999923706055 AB 4.359890247603442 1.273146517039989
62675.1741 lsst_hardware_g 490.0587163893655 26.831463811902488 31.40999984741211 AB 3.6466045143156123 1.1793039985928586
62676.1477 lsst_hardware_r 1670.9697146811689 47.224290935106936 31.469999313354492 AB 4.608927998373116 1.2937644384775642
62676.1673 lsst_hardware_i 2306.799833226783 57.64769177548798 31.239999771118164 AB 4.4937576135156245 1.1961026386786333
62677.2765 lsst_hardware_r 1574.5475023529875 47.0046316209424 31.530000686645508 AB 4.429566293781485 1.010605082521395
62677.3026 lsst_hardware_z 1465.1750740246507 56.003578074439034 30.950000762939453 AB 4.144717808015725 1.0312808678815075
62678.1555 lsst_hardware_z 1335.4025381187485 57.03386852962534 30.93000030517578 AB 7.3730130096304425 1.2244987352510912
62678.1743 lsst_hardware_u 15.850718250237321 4.37674462743391 28.440000534057617 AB 7.0207270236258905 1.147912257075071
62679.2187 lsst_hardware_r 1503.9297101555994 45.41095510217343 31.510000228881836 AB 7.482297233022074 1.0365685384006567
62679.2398 lsst_hardware_u 3.313558604187425 4.111088832187341 28.3799991607666 AB 7.327517689165825 1.015172858016907
62681.2442 lsst_hardware_g 471.4748657030505 26.50608754041465 31.479999542236328 AB 2.8309125088846008 1.0103185256546723
62681.2631 lsst_hardware_r 1384.063325939751 44.49762651502937 31.520000457763672 AB 2.602549451506171 1.0098164522286046
62683.2389 lsst_hardware_i 1725.7996734009268 52.088544448740286 31.260000228881836 AB 7.839662862817866 1.0102658328373135
62683.2605 lsst_hardware_z 1153.5630050909438 52.46924653729036 30.959999084472656 AB 8.264856725879056 1.0107443715151103
62686.1538 lsst_hardware_i 1568.0908902201597 50.99910512137714 31.239999771118164 AB 10.005551414846924 1.14327382382562
62686.1739 lsst_hardware_u 0.1344449834198133 3.2750917413413125 28.43000030517578 AB 8.324639650572943 1.0849734534589812
62687.219 lsst_hardware_z 1010.9411808844044 51.15439934544648 30.950000762939453 AB 3.6697333915552317 1.0145091966425266
62687.2401 lsst_hardware_r 1170.390269305673 42.41086591843512 31.520000457763672 AB 3.650424810994535 1.0086832857127757
62696.2029 lsst_hardware_r -27.01704447601124 151.86000061035156 31.670000076293945 AB 7.34418208488375 1.0104355081243264
62696.2242 lsst_hardware_z -219.76930170888414 99.56999969482422 31.010000228881836 AB 6.538493522686494 1.0104561786508426
62697.1716 lsst_hardware_i 99.5700222947878 136.3699951171875 31.350000381469727 AB 6.616399745399718 1.033812460218706
62697.191 lsst_hardware_z -55.40785265098466 112.79000091552734 31.010000228881836 AB 6.495678330881701 1.0149497392002658
62698.1886 lsst_hardware_r -14.80648901165821 142.74000549316406 31.670000076293945 AB 3.139349262204735 1.0147391554600145
62699.0637 lsst_hardware_z -71.44713896679376 83.9800033569336 30.950000762939453 AB 2.3607040361308704 1.4393074094894036
62699.0838 lsst_hardware_r -143.703217154773 109.48999786376953 31.600000381469727 AB 2.210345737991119 1.3002033752888937
62700.0324 lsst_hardware_z 48.876372002315385 50.38999938964844 30.8700008392334 AB 3.8409573303184685 1.7371382038903111
62705.0322 lsst_hardware_z 36.96894797970622 48.13999938964844 30.889999389648438 AB 6.634052977940703 1.5784715813793955
62705.0483 lsst_hardware_r -21.377792357226486 25.709999084472656 31.43000030517578 AB 6.75809758349032 1.4314212514673699
62716.0728 lsst_hardware_r 21.862802811196858 24.959999084472656 31.5 AB 1.7936086645175324 1.1401866808395917
62716.0915 lsst_hardware_g -9.52241958575279 15.6899995803833 31.450000762939453 AB 1.8967155599410714 1.0861649591645361
62717.1217 lsst_hardware_u -2.123728936765322 2.799999952316284 28.450000762939453 AB 1.7235043757815391 1.028037205953796
62717.1398 lsst_hardware_g 2.880963650217138 15.789999961853027 31.479999542236328 AB 1.420663247768779 1.0129506222950295
62724.1031 lsst_hardware_z -51.68967427082799 90.43000030517578 31.0 AB 7.681171360996805 1.0274554550942656
62724.1213 lsst_hardware_r -101.54326652503309 129.00999450683594 31.670000076293945 AB 7.5846108845117275 1.012631626770591
62730.0859 lsst_hardware_i 32.622776710065786 40.27000045776367 31.299999237060547 AB 4.1821921991574715 1.028386844324621
62730.1032 lsst_hardware_z 76.52884130173923 46.9900016784668 30.969999313354492 AB 4.097809399940391 1.013556616359236
62732.9685 lsst_hardware_y 33.49192031819747 85.94999694824219 29.920000076293945 AB 3.7358507115413357 1.458841800797137
62732.9874 lsst_hardware_r 24.276188532542232 25.3799991607666 31.450000762939453 AB 3.37988272412286 1.3217726149413174
62734.1007 lsst_hardware_i -36.323756937899844 31.270000457763672 31.260000228881836 AB 2.484456754137959 1.0099417699747801
62734.1205 lsst_hardware_r 10.059221073733323 24.139999389648438 31.520000457763672 AB 2.506735408632351 1.01047481956358
62737.0811 lsst_hardware_u -0.326136364374525 2.799999952316284 28.479999542236328 AB 2.5458546081106306 1.0153971913892235
62737.1018 lsst_hardware_g -9.335875761108515 15.329999923706055 31.479999542236328 AB 2.847248171493878 1.008619278462776
62737.9716 lsst_hardware_y 21.936286207007715 71.70999908447266 29.979999542236328 AB 6.594644928492095 1.3353538379046461
62737.9887 lsst_hardware_u 3.7941499979694897 2.9000000953674316 28.3700008392334 AB 5.970287581666345 1.238841641680001
62741.9745 lsst_hardware_y -160.2365823636496 70.55000305175781 29.989999771118164 AB 6.6369328351743455 1.2554097418362569
62741.9914 lsst_hardware_z -10.264859621668556 43.95000076293945 30.940000534057617 AB 6.200200530124469 1.1783719727826043
62745.0555 lsst_hardware_g 0.8691266620269236 15.470000267028809 31.479999542236328 AB 1.309148657959382 1.018132462443944
62745.073 lsst_hardware_r 16.26349936237751 24.1299991607666 31.520000457763672 AB 1.3005437534279678 1.0093471117019541
62750.9875 lsst_hardware_y -14.755384113937646 90.30000305175781 30.790000915527344 AB 2.3276150309842687 1.1083881099925088
62759.0282 lsst_hardware_i -28.145773403006846 31.489999771118164 31.270000457763672 AB 1.3004140176445522 1.0114705867082334
62759.0458 lsst_hardware_r 50.7760493213519 24.309999465942383 31.530000686645508 AB 1.205737504273201 1.008915002529699
62765.9984 lsst_hardware_y 53.868869787081636 47.4900016784668 30.059999465942383 AB 2.0926339889313277 1.0179418649793641
62766.0184 lsst_hardware_z 37.772443026546284 41.43000030517578 30.950000762939453 AB 2.578849151545609 1.0088736329969128
62770.0075 lsst_hardware_y 2.3015327979011992 66.22000122070312 30.799999237060547 AB 3.4207438333580797 1.0088705760985293
62770.0344 lsst_hardware_r -25.941847310398327 34.68000030517578 32.27000045776367 AB 3.4202850902827233 1.0171347413608416
62774.9843 lsst_hardware_y 129.4097260860817 68.72000122070312 30.079999923706055 AB 2.946509987844656 1.0115614766303105
62775.0033 lsst_hardware_i 3.6988879708076707 32.349998474121094 31.270000457763672 AB 6.150896804468825 1.00910194344965
62777.9863 lsst_hardware_y -61.13301008213832 77.75 30.079999923706055 AB 2.209933333228535 1.008794887353209
62778.0096 lsst_hardware_g -26.124145469518353 40.279998779296875 31.700000762939453 AB 2.4637457343168907 1.0150706863902592
62965.3266 lsst_hardware_z -43.38166653978032 64.69000244140625 30.920000076293945 AB 11.880438678271576 1.509329890523195
62965.3444 lsst_hardware_r -20.352439345542216 81.8499984741211 31.56999969482422 AB 9.83084052615134 1.3665332952670752
62968.3437 lsst_hardware_z 125.76279955616002 62.38999938964844 30.950000762939453 AB 8.932945108068937 1.3176245012209113
62968.3653 lsst_hardware_r 45.4596356271408 70.38999938964844 31.610000610351562 AB 8.161554177097162 1.204761174088371
62977.3308 lsst_hardware_i -17.68119706932131 34.29999923706055 31.239999771118164 AB 11.157272841619617 1.2519732759132176
62977.3481 lsst_hardware_z 7.384933201418343 44.31999969482422 30.940000534057617 AB 11.724005129735707 1.1741617556069812
62989.3402 lsst_hardware_i 9.220078757682717 32.470001220703125 31.25 AB 12.60116224477235 1.094159571473883
62989.3579 lsst_hardware_y 1.2278188934466179 47.459999084472656 30.040000915527344 AB 12.087629149618145 1.0552733990674534
62995.2469 lsst_hardware_z 69.1579989761554 108.91000366210938 31.690000534057617 AB 12.486579514904177 1.489334388705201
62999.2115 lsst_hardware_r -78.76147183329289 79.4000015258789 32.209999084472656 AB 11.656467187078182 1.7614386702715745
62999.2362 lsst_hardware_z 79.90599139142128 81.83999633789062 31.670000076293945 AB 9.845056003698522 1.4873745363076627
63004.3208 lsst_hardware_g 7.822091979763244 15.479999542236328 31.469999313354492 AB 8.362416957129074 1.048524146967754
63004.3493 lsst_hardware_i -59.37866626934022 31.280000686645508 31.260000228881836 AB 7.124467213981075 1.0154479180902483
63013.2647 lsst_hardware_r -18.097338634274916 24.670000076293945 31.510000228881836 AB 3.9282315791052222 1.1223518797443492
63013.2846 lsst_hardware_i 35.35660187232792 31.829999923706055 31.260000228881836 AB 3.747523977319105 1.0707211363768872
63015.2428 lsst_hardware_i -70.48347816508128 32.70000076293945 31.239999771118164 AB 10.497552080839977 1.1803401762497632
63015.262 lsst_hardware_z -14.57392545532271 42.79999923706055 30.950000762939453 AB 9.297226097647409 1.1140628811688058
63021.3251 lsst_hardware_z -4.4986113959946 60.41999816894531 30.989999771118164 AB 12.158503458475613 1.008669608302287
63021.345 lsst_hardware_i -56.878623299145715 66.66000366210938 31.329999923706055 AB 12.287327254651766 1.0161534282709297
63034.3112 lsst_hardware_g -11.85204438259047 26.790000915527344 32.68000030517578 AB 3.870744947100263 1.0173899762392542
63034.3476 lsst_hardware_r -21.127577384675455 42.34000015258789 32.709999084472656 AB 3.5662020176331812 1.0685783113163416
63037.3093 lsst_hardware_i 3.213283700582829 31.399999618530273 31.260000228881836 AB 3.6976206428069465 1.0228313711920738
63037.3289 lsst_hardware_z -41.33673170941139 41.849998474121094 30.950000762939453 AB 3.804379359039062 1.0487124944516388
63043.2752 lsst_hardware_z 58.0670163004472 41.290000915527344 30.950000762939453 AB 5.838098136930845 1.0108823231775252
63043.2961 lsst_hardware_r -40.94528254866866 24.34000015258789 31.520000457763672 AB 5.6471341839034865 1.026098697901969
63045.243 lsst_hardware_z -39.6611053971366 41.41999816894531 30.950000762939453 AB 6.152970628741554 1.0122098505024149
63045.2628 lsst_hardware_g 11.325960515152795 15.84000015258789 31.5 AB 5.799291356041597 1.0090111102290549
63047.2434 lsst_hardware_r 38.759706094311554 41.310001373291016 31.6200008392334 AB 3.3549473666835845 1.0099432656900482
63047.2635 lsst_hardware_z 63.85341164125105 45.0 30.969999313354492 AB 3.5251225797825914 1.0105946523338691
63062.1536 lsst_hardware_z 17.820246624697308 60.13999938964844 31.700000762939453 AB 7.448397820944782 1.064918908775406
63062.1799 lsst_hardware_r 59.21007609830656 35.099998474121094 32.279998779296875 AB 6.559267754146119 1.024885586585331
63063.0428 lsst_hardware_g 14.666394449372262 15.319999694824219 31.25 AB 6.518850998794962 1.6829717946158547
63063.0609 lsst_hardware_i -15.42693050024334 34.79999923706055 31.190000534057617 AB 5.787413411226985 1.492466871569076
63069.1909 lsst_hardware_u 2.4342715681263325 2.8299999237060547 28.479999542236328 AB 5.456521523206619 1.008661320452268
63069.2102 lsst_hardware_g -8.784127130228944 15.989999771118164 31.489999771118164 AB 5.143034955184289 1.0137554733522474
63074.0728 lsst_hardware_r 14.18730560750864 31.549999237060547 31.520000457763672 AB 4.167220475505317 1.218752789502066
63074.0913 lsst_hardware_i -40.92393770702735 35.380001068115234 31.25 AB 3.4561580343289005 1.1446758780068438
63075.0583 lsst_hardware_i -42.232669148704055 39.63999938964844 31.25 AB 5.739995859066519 1.2783480625960102
