data/validation/pwv_sim_epoch_fit_4/28097244.ecsv
# %ECSV 0.9
# ---
# datatype:
# - {name: time, datatype: float64}
# - {name: band, datatype: string}
# - {name: flux, datatype: float64}
# - {name: fluxerr, datatype: float64}
# - {name: zp, datatype: float64}
# - {name: zpsys, datatype: string}
# - {name: pwv, datatype: float64}
# - {name: airmass, datatype: float64}
# meta: {SNID: '28097244', alt: 1024.0, c: -0.039099644869565964, dec: -60.812271, lat: -30.244573, lon: -70.7499537, ra: 264.018982,
#   t0: 60866.15625, x0: 3.958323142115433e-06, x1: -1.235843300819397, z: 0.675074577331543}
# schema: astropy-2.0
time band flux fluxerr zp zpsys pwv airmass
60764.3969 lsst_hardware_r 7.729644421360613 23.18000030517578 31.479999542236328 AB 8.583342603214161 1.1632647185418703
60764.4084 lsst_hardware_y 52.91503380036461 53.34000015258789 30.020000457763672 AB 8.496873360807205 1.161568470376925
60769.3949 lsst_hardware_z 11.315685261259018 42.849998474121094 30.93000030517578 AB 9.576632748565482 1.1615666142698313
60769.4089 lsst_hardware_y -74.62760485113262 52.43000030517578 30.0 AB 9.494802072313632 1.1635786853325345
60771.3907 lsst_hardware_u -1.474964729994196 2.630000114440918 28.360000610351562 AB 22.48523154902615 1.1615672454854828
60771.4028 lsst_hardware_y -84.16252988349927 49.0099983215332 30.010000228881836 AB 22.66449687691488 1.1633905924148848
60773.3979 lsst_hardware_r -10.827488276030236 22.739999771118164 31.469999313354492 AB 9.810328119195406 1.1635559562578563
60773.4104 lsst_hardware_z 2.505851064471302 45.59000015258789 30.940000534057617 AB 9.857011036671631 1.1690927931531152
60775.3839 lsst_hardware_z -0.3713960463346999 42.970001220703125 30.940000534057617 AB 5.079469655155674 1.1618183108773272
60775.3958 lsst_hardware_r -1.9215982913302025 22.8700008392334 31.469999313354492 AB 5.118926662775805 1.1646938805352507
60778.3797 lsst_hardware_z -51.78315620631881 64.69000244140625 30.969999313354492 AB 13.039511160110264 1.1624257775895044
60778.3924 lsst_hardware_r 57.65806910217801 89.94000244140625 31.6299991607666 AB 13.126546634371664 1.1667609319096328
60780.3737 lsst_hardware_i -14.49002666733892 72.5199966430664 31.309999465942383 AB 11.44045393782875 1.1623229217270326
60780.3855 lsst_hardware_z -21.806143671851245 65.5199966430664 30.979999542236328 AB 10.911637721363594 1.1660847150802665
60782.3837 lsst_hardware_r 35.6575261429367 81.5 31.6299991607666 AB 17.02969672042977 1.1678974536522146
60782.3957 lsst_hardware_z 50.32373245997979 63.40999984741211 30.969999313354492 AB 17.18396720743155 1.1760174656057727
60784.369 lsst_hardware_y -44.03151462869708 51.439998626708984 30.020000457763672 AB 12.722724629606095 1.163912233977321
60784.3821 lsst_hardware_r -20.630509484505453 55.310001373291016 31.610000610351562 AB 11.350395699083478 1.1701438865034515
60790.3281 lsst_hardware_g -15.775263268211035 13.430000305175781 31.360000610351562 AB 14.906597954276728 1.162723360858768
60790.3387 lsst_hardware_r 14.635371194967348 22.639999389648438 31.469999313354492 AB 18.12053670154711 1.1615728654837891
60792.3119 lsst_hardware_i -34.3892657622097 31.260000228881836 31.229999542236328 AB 2.338416627302979 1.1664865117906447
60792.3242 lsst_hardware_z 30.488237361590212 42.86000061035156 30.940000534057617 AB 2.354819429636891 1.1623954403802013
60795.3281 lsst_hardware_g 1.9341118433321625 13.489999771118164 31.3700008392334 AB 12.694908902963594 1.1617129695466837
60795.339 lsst_hardware_i -16.48000587166941 31.139999389648438 31.229999542236328 AB 12.242660324076738 1.163926160376806
60800.3248 lsst_hardware_u -0.13246293813289137 2.680000066757202 28.399999618530273 AB 9.701624910259127 1.1637527631811082
60800.3373 lsst_hardware_g 3.323742358387321 13.550000190734863 31.3799991607666 AB 7.81064762365377 1.1694628738033743
60802.289 lsst_hardware_g -12.593452963991869 13.569999694824219 31.3799991607666 AB 8.620031516327655 1.1646330495612587
60802.3005 lsst_hardware_r 14.143364295107085 22.709999084472656 31.469999313354492 AB 8.162884187192176 1.161852355576583
60804.3046 lsst_hardware_i 91.86726458855429 50.119998931884766 31.290000915527344 AB 9.627683183848426 1.1618165365008506
60804.3168 lsst_hardware_z 81.24437065166751 51.20000076293945 30.959999084472656 AB 9.650401794300128 1.1647689320539667
60806.3003 lsst_hardware_r -48.94283143562652 89.93000030517578 31.6299991607666 AB 8.764031891106331 1.1619531841042057
60806.3117 lsst_hardware_z -110.29437570624751 64.5199966430664 30.969999313354492 AB 8.789232444514045 1.1649082100084405
60812.2778 lsst_hardware_r -99.6185599549019 71.80999755859375 31.6200008392334 AB 7.463843310617489 1.1615822133841267
60812.2898 lsst_hardware_y -59.60566687859545 53.599998474121094 30.010000228881836 AB 7.467762630925451 1.163112316941897
60814.2799 lsst_hardware_z -35.13168122838771 47.959999084472656 30.950000762939453 AB 8.773887904880974 1.1621684955965348
60814.2912 lsst_hardware_r -105.26266849656909 43.97999954223633 31.59000015258789 AB 8.744303236143194 1.1654538660933895
60819.3549 lsst_hardware_r -55.704942511670964 23.18000030517578 31.450000762939453 AB 8.672630994110575 1.2716156976775606
60819.3662 lsst_hardware_u 4.097847018509214 2.549999952316284 28.239999771118164 AB 8.89879474866377 1.3012153264928867
60823.1262 lsst_hardware_i -7.738427637930353 33.16999816894531 31.200000762939453 AB 9.722639296556629 1.3465326911649649
60823.1359 lsst_hardware_u 1.3080901664031115 2.549999952316284 28.229999542236328 AB 9.518364618097648 1.3158726229483984
60824.2843 lsst_hardware_z -51.2343019286448 42.86000061035156 30.940000534057617 AB 9.819824002742067 1.1788268345261532
60824.296 lsst_hardware_r 1.4532130812818196 23.209999084472656 31.479999542236328 AB 10.228481637466578 1.19095088053403
60826.2154 lsst_hardware_i -13.831108220264879 31.450000762939453 31.239999771118164 AB 8.375494480423141 1.1684019270527515
60826.2279 lsst_hardware_r -24.059796397360316 23.049999237060547 31.479999542236328 AB 8.338373914307105 1.1632235174573966
60828.0359 lsst_hardware_i -36.13734031309823 52.400001525878906 31.899999618530273 AB 18.798753471375704 1.7477863906631406
60828.0485 lsst_hardware_z 140.24644217748667 69.5199966430664 31.639999389648438 AB 17.586790552157357 1.6571769660453954
60830.222 lsst_hardware_r -16.361368910105107 40.470001220703125 32.27000045776367 AB 13.310460326974697 1.1621472928091994
60830.2355 lsst_hardware_i -57.724809863337974 44.5099983215332 31.979999542236328 AB 13.350418024233752 1.1620679831339054
60844.2109 lsst_hardware_g 44.00619790507944 26.882427887176586 31.579999923706055 AB 6.2973496221721454 1.1661758559578046
60844.2224 lsst_hardware_r 67.60238886225234 34.285040402207 31.549999237060547 AB 6.33389851107961 1.1729441687184463
60847.2066 lsst_hardware_i 240.64421735238787 35.144251572614074 31.229999542236328 AB 3.478093797794943 1.1681255408210787
60847.2181 lsst_hardware_r 259.39579802349357 27.64819025199336 31.469999313354492 AB 3.3826715137786145 1.1759337803917662
60858.0452 lsst_hardware_z 581.981968017889 52.48260095113988 30.920000076293945 AB 11.116934976115646 1.3018123416773628
60858.055 lsst_hardware_i 942.3065966091755 46.78379708144058 31.219999313354492 AB 10.84674489087215 1.275837470010447
60861.1261 lsst_hardware_r 1234.9427444639516 62.62098375568047 31.600000381469727 AB 4.304648315396872 1.16538702278083
60861.1388 lsst_hardware_i 1256.8731441397065 57.988846083296345 31.290000915527344 AB 4.2632471429438095 1.1619643344082338
60865.1303 lsst_hardware_z 840.7043581173403 78.73040405218366 30.979999542236328 AB 3.655765664369405 1.161728403485855
60865.1429 lsst_hardware_r 1487.495037242874 109.04772814018811 31.6299991607666 AB 3.681255108018277 1.1626239945314738
60867.1225 lsst_hardware_i 1267.1038037487986 98.60003706399905 31.31999969482422 AB 8.371518961273198 1.1619578460173772
60867.1346 lsst_hardware_z 670.866753000633 83.53570892053848 30.979999542236328 AB 8.684260764911306 1.1621108591000253
60870.1296 lsst_hardware_i 1361.1062242819999 63.17985362436904 31.290000915527344 AB 8.735689704364036 1.1627045159370413
60870.1418 lsst_hardware_z 913.9671443107394 60.52524510662337 30.959999084472656 AB 8.77043541010405 1.1670960990191357
60875.1097 lsst_hardware_z 755.5319132602849 50.893909293027995 30.940000534057617 AB 3.3602143502929653 1.1617659387897772
60875.1212 lsst_hardware_u 5.806649132536375 2.6625989284819473 28.360000610351562 AB 3.330145006053589 1.1641828372849463
60877.1028 lsst_hardware_g 46.46649822129412 15.788637531313002 31.3700008392334 AB 6.562107548921095 1.1616748382712234
60877.1144 lsst_hardware_r 672.0661742990494 35.047213008149264 31.469999313354492 AB 6.620175542381658 1.1637481909729857
60881.1097 lsst_hardware_i 718.0592939503057 41.72451460641063 31.239999771118164 AB 6.18938114154387 1.1661209209716519
60881.1222 lsst_hardware_u 2.1559652838792904 2.6907049942473367 28.360000610351562 AB 6.228930653639518 1.1735723143200751
60886.0481 lsst_hardware_i 629.092073731705 39.61735543602713 31.229999542236328 AB 5.618503232647341 1.1705215068015293
60886.0608 lsst_hardware_z 611.4615153657039 48.996742559805924 30.940000534057617 AB 5.588530938316351 1.1642772788159066
60888.0872 lsst_hardware_g 30.59312139183174 27.079276056694678 31.579999923706055 AB 4.666281015299804 1.164726104160031
60888.0997 lsst_hardware_r 324.07430790315976 36.39448520643971 31.549999237060547 AB 4.692219097217466 1.1712003737126548
60890.0888 lsst_hardware_i 488.0646543697415 51.977064624041326 31.290000915527344 AB 2.066089600106061 1.1679421142487625
60890.1014 lsst_hardware_z 540.8029104174391 55.61567854434376 30.950000762939453 AB 2.0236570883153226 1.1765448187879783
60891.0901 lsst_hardware_i 381.6631802365465 60.19056678456799 31.299999237060547 AB 2.0234348531250057 1.1702919913967644
60891.102 lsst_hardware_z 420.40547925495787 60.53539536559408 30.959999084472656 AB 1.98972100559018 1.1794433939479432
60894.0549 lsst_hardware_z 790.854769811401 104.10530027061222 31.729999542236328 AB 2.661023641264262 1.161638607995348
60897.056 lsst_hardware_z 678.2240995964036 94.05806043996792 31.719999313354492 AB 3.805674471657249 1.1627480817773446
60899.0242 lsst_hardware_r 91.0277620904579 25.279447527364425 31.479999542236328 AB 2.7428194712193976 1.1646791809848822
60899.0346 lsst_hardware_g 34.03435196066844 15.680278791339331 31.3799991607666 AB 2.6512047649528374 1.1620446044062402
60901.0349 lsst_hardware_r 53.4701988258889 24.828396604753454 31.469999313354492 AB 3.625280259742511 1.1616385344969327
60901.0459 lsst_hardware_i 166.80935159617312 34.33483821395235 31.229999542236328 AB 3.911846456275927 1.162942090308711
60904.0309 lsst_hardware_u 2.2653778839386884 2.7095699544201968 28.3799991607666 AB 4.519939950339679 1.1618138460763874
60904.0429 lsst_hardware_g 30.873384594636693 14.196533751790282 31.3799991607666 AB 4.561188945091313 1.1645093260094412
60906.0322 lsst_hardware_r 75.59684719844168 24.461340951499068 31.479999542236328 AB 2.6879239116461333 1.1629321798295933
60906.0433 lsst_hardware_i 164.25363695964305 33.71864802411911 31.239999771118164 AB 3.0915240208772783 1.1670165230276932
60908.0306 lsst_hardware_z 245.55214361028376 45.00046782769357 30.940000534057617 AB 3.1355242929954246 1.164035747925538
60908.0411 lsst_hardware_u -0.2769806811102425 3.006701956414067 28.3799991607666 AB 3.0453817937212193 1.168753406826616
60912.0102 lsst_hardware_r 52.18520243244371 24.1452123735787 31.469999313354492 AB 5.02739830878375 1.1619340865045937
60912.0205 lsst_hardware_i 109.47982071793689 32.985690339149244 31.229999542236328 AB 5.028973785280309 1.1643164404191257
60919.0104 lsst_hardware_z 165.16067009720626 51.52214670389923 30.950000762939453 AB 2.022863123506372 1.1683845534307116
60919.0213 lsst_hardware_i 70.377704995316 46.660877060918814 31.270000457763672 AB 2.069426543676741 1.1758105361799664
61125.3979 lsst_hardware_i -6.4183969726682895 31.809999465942383 31.229999542236328 AB 7.492133035075186 1.167514173193027
61125.4104 lsst_hardware_y 19.394640247827226 60.41999816894531 30.020000457763672 AB 7.4618337466370095 1.1627925740805147
61127.3907 lsst_hardware_r -20.43461584079236 22.920000076293945 31.469999313354492 AB 8.679680565025363 1.1684559881120076
61127.4023 lsst_hardware_y -63.44863133474102 50.209999084472656 30.010000228881836 AB 8.606949022038522 1.1634942915902229
61129.3989 lsst_hardware_g 2.551867210271244 14.140000343322754 31.3700008392334 AB 8.478568823695339 1.162934641143289
61129.4105 lsst_hardware_y 100.1545939675836 56.22999954223633 30.010000228881836 AB 8.568903844133722 1.1615702648954318
61132.3931 lsst_hardware_i -141.7963564725146 66.5999984741211 31.299999237060547 AB 12.185400885167608 1.1624055854526119
61132.4062 lsst_hardware_z 83.61960505967072 63.900001525878906 30.969999313354492 AB 12.196407824838307 1.1617931645013668
61134.4027 lsst_hardware_r 39.76303152998817 82.9000015258789 31.6200008392334 AB 9.591143616381583 1.162034665016681
61134.4151 lsst_hardware_y 31.915967950179088 68.91000366210938 30.030000686645508 AB 9.563568150240252 1.1655780804680564
61138.3949 lsst_hardware_z 25.81331920523072 51.11000061035156 30.959999084472656 AB 9.830544340980818 1.1625983767470516
61138.4064 lsst_hardware_y 83.37490858749648 52.349998474121094 30.010000228881836 AB 9.78995725664306 1.1665821325837775
61140.381 lsst_hardware_z 6.465291478337792 46.099998474121094 30.950000762939453 AB 5.096830732492901 1.1615825728323546
61140.3919 lsst_hardware_g 31.089344057202478 33.119998931884766 31.6299991607666 AB 5.112256676183093 1.1631983336025238
61147.3879 lsst_hardware_r -9.690652340512377 22.829999923706055 31.469999313354492 AB 17.08182144211848 1.1699076393478858
61147.3992 lsst_hardware_i -36.65096469801532 31.6200008392334 31.229999542236328 AB 17.13953675533247 1.1783799763033667
61149.3793 lsst_hardware_z 69.33631955551196 42.63999938964844 30.93000030517578 AB 11.33040213447635 1.1680826942759124
61149.3906 lsst_hardware_u 2.3304297671602807 2.609999895095825 28.34000015258789 AB 11.404522474196565 1.1757239664120172
61151.3214 lsst_hardware_z 1.7492943130968952 43.0 30.940000534057617 AB 10.518026093485302 1.170750900877705
61151.3335 lsst_hardware_r 9.677554227887873 22.719999313354492 31.469999313354492 AB 11.457275764952804 1.164593999283676
61153.3191 lsst_hardware_u 3.454676087727303 2.559999942779541 28.309999465942383 AB 6.562917872460621 1.168818855291295
61153.3306 lsst_hardware_r -5.224962244043592 22.649999618530273 31.469999313354492 AB 6.571344977886221 1.1637221412389636
61159.3187 lsst_hardware_y 17.798987003381978 51.779998779296875 30.010000228881836 AB 13.998139832884839 1.16255573392358
61159.3314 lsst_hardware_r 102.62391148031948 65.12000274658203 31.610000610351562 AB 14.003196235743715 1.1617053455901538
61161.3172 lsst_hardware_i 9.2459507140414 77.20999908447266 31.31999969482422 AB 11.47841648555687 1.1619006463768469
61161.3296 lsst_hardware_z 33.45756120019552 68.30000305175781 30.979999542236328 AB 11.412761078567934 1.1621364572646946
61163.3333 lsst_hardware_r 22.743480998193615 108.05000305175781 31.6299991607666 AB 14.551061727508536 1.1645429917774486
61163.3461 lsst_hardware_z -30.707291459882764 74.37999725341797 30.979999542236328 AB 13.566481271252215 1.171114338110078
61166.2995 lsst_hardware_z 111.212804364916 61.310001373291016 30.969999313354492 AB 3.5249353923581035 1.162577636002013
61166.3116 lsst_hardware_r 68.54129740069287 75.12000274658203 31.6200008392334 AB 3.5738491721871672 1.161660709308418
61175.1051 lsst_hardware_g 16.335314911104007 13.609999656677246 31.219999313354492 AB 10.695311975334578 1.613574851697359
61175.1151 lsst_hardware_r -19.137357015509 24.040000915527344 31.399999618530273 AB 10.310011744964447 1.5543512354838604
61177.3143 lsst_hardware_r 35.1885969829899 22.739999771118164 31.459999084472656 AB 7.362769206864693 1.175848156539516
61177.3278 lsst_hardware_g 12.458856057789832 13.510000228881836 31.34000015258789 AB 7.493427696068552 1.1889926000003381
61178.276 lsst_hardware_u 2.765749675514396 2.509999990463257 28.260000228881836 AB 9.217763416338324 1.161585711844033
61178.2883 lsst_hardware_r -24.252353779109534 22.709999084472656 31.459999084472656 AB 9.202196905962236 1.1632521449877995
61182.2793 lsst_hardware_i 25.02841706021155 31.219999313354492 31.229999542236328 AB 5.0006606494285615 1.1638239714734535
61182.2913 lsst_hardware_z -84.61934700425802 42.79999923706055 30.93000030517578 AB 5.065739807106133 1.1692867139585803
