data/validation/pwv_sim_epoch_fit_4/28280663.ecsv
# %ECSV 0.9
# ---
# datatype:
# - {name: time, datatype: float64}
# - {name: band, datatype: string}
# - {name: flux, datatype: float64}
# - {name: fluxerr, datatype: float64}
# - {name: zp, datatype: float64}
# - {name: zpsys, datatype: string}
# - {name: pwv, datatype: float64}
# - {name: airmass, datatype: float64}
# meta: {SNID: '28280663', alt: 1024.0, c: -0.03280573710799217, dec: -7.632146, lat: -30.244573, lon: -70.7499537, ra: 130.078125, t0: 62903.36328125,
#   x0: 4.029278387780657e-06, x1: 0.23385858535766602, z: 0.6700480580329895}
# schema: astropy-2.0
time band flux fluxerr zp zpsys pwv airmass
62839.3376 lsst_hardware_u -4.167446507500155 3.259999990463257 28.59000015258789 AB 4.712564049286861 1.0888549097242168
62845.2878 lsst_hardware_z -21.96422768452843 67.20999908447266 30.979999542236328 AB 10.48580549604631 1.137134932470794
62850.3285 lsst_hardware_i -111.37742571861955 67.37999725341797 31.31999969482422 AB 8.941171122416238 1.0825651335431545
62850.347 lsst_hardware_y 70.76133409861923 62.2599983215332 30.040000915527344 AB 9.127964599823693 1.0916226424587052
62856.2818 lsst_hardware_r 13.07435181826931 23.290000915527344 31.510000228881836 AB 5.891684725867408 1.0974545451928164
62856.302 lsst_hardware_i 7.251237742938984 31.110000610351562 31.25 AB 6.648514483878491 1.0834081179595585
62859.2821 lsst_hardware_z -27.657724948141006 42.11000061035156 30.940000534057617 AB 6.06084843744449 1.0895091191572264
62859.3035 lsst_hardware_r -1.4543984406351858 23.010000228881836 31.479999542236328 AB 6.579156583176596 1.0825135605511869
62862.2876 lsst_hardware_u -0.426522347688981 2.690000057220459 28.43000030517578 AB 6.802889980971234 1.0829178575248701
62862.3061 lsst_hardware_r -11.48005883243604 22.8700008392334 31.489999771118164 AB 6.512939002846447 1.0859272211607087
62864.2869 lsst_hardware_i -32.30117266613567 30.920000076293945 31.260000228881836 AB 7.788134934072409 1.0823869546102516
62864.307 lsst_hardware_z -36.55036174854876 41.88999938964844 30.950000762939453 AB 7.58229370118718 1.0901409519582834
62867.2546 lsst_hardware_z 55.62733285711993 41.70000076293945 30.950000762939453 AB 7.740468879417492 1.0944637317421904
62867.2777 lsst_hardware_r 3.369999321651652 22.799999237060547 31.489999771118164 AB 7.654529890562312 1.082422582314393
62869.2579 lsst_hardware_y 15.029490248841453 47.689998626708984 30.030000686645508 AB 4.749166729440925 1.0873464235917558
62869.2796 lsst_hardware_g -1.2440272886511605 14.0 31.399999618530273 AB 4.736861800410678 1.083082611274878
62871.2507 lsst_hardware_r 67.2941930691145 53.17348900499852 31.6200008392334 AB 11.371268865053361 1.0885069111410364
62871.2726 lsst_hardware_i -5.877164050999497 44.65669729682509 31.290000915527344 AB 11.28818274420453 1.082764683227189
62873.2549 lsst_hardware_z -38.78342853126278 65.05123482058583 30.979999542236328 AB 10.29334154861311 1.0836046897390765
62873.2762 lsst_hardware_r 26.932218593939655 90.0791402026772 31.649999618530273 AB 10.207426809012466 1.08599274499645
62875.2451 lsst_hardware_z 22.155119810508744 85.64870982394888 31.0 AB 7.551789035313898 1.0853390392805242
62875.2671 lsst_hardware_r -97.25197449874382 124.83144617179566 31.649999618530273 AB 8.594694789355966 1.084298844301516
62880.2307 lsst_hardware_i 204.80098720048522 52.538640596329415 31.309999465942383 AB 8.562295322476691 1.085713088779327
62880.2504 lsst_hardware_z 64.99145590794271 53.45775450051487 30.969999313354492 AB 7.708138164388655 1.0832883373464486
62882.1985 lsst_hardware_z 227.8248280976221 46.42571618750578 30.950000762939453 AB 5.753405697613236 1.1144611520800456
62882.2182 lsst_hardware_r 218.06091334371555 37.41138964287742 31.56999969482422 AB 5.531042804728692 1.0903619670249782
62884.1987 lsst_hardware_u 2.0628290080187694 3.59175501037089 28.489999771118164 AB 6.898202525592602 1.1058060635751852
62884.2199 lsst_hardware_g 136.96245599405415 17.865466607841693 31.450000762939453 AB 7.213412354038475 1.0856487765070741
62888.1935 lsst_hardware_z 434.23278645696 46.8404171295294 30.940000534057617 AB 10.725160820353782 1.0984955006251633
62888.2141 lsst_hardware_r 769.2478979069452 35.54309679235803 31.489999771118164 AB 10.293724782504734 1.0835499771057615
62890.1958 lsst_hardware_u 8.03772213585602 3.597020398808069 28.440000534057617 AB 12.49071870904497 1.09081307407424
62890.2136 lsst_hardware_r 896.1477632630966 38.362380886505484 31.5 AB 11.014635847710792 1.0825194936325104
62892.194 lsst_hardware_i 1031.735379627231 43.39729721621345 31.25 AB 15.19527932465929 1.0880583813439755
62892.2125 lsst_hardware_z 591.916958414454 48.57263527859413 30.950000762939453 AB 15.370414574980424 1.0824235616183397
62896.1729 lsst_hardware_g 288.05908587778447 22.970270891192282 31.440000534057617 AB 13.49751739674963 1.0970915546411075
62896.1894 lsst_hardware_r 1338.495965690183 43.00169712150541 31.510000228881836 AB 13.268834335345662 1.0845867529299966
62898.1713 lsst_hardware_i 1089.7984448400205 52.231773156629224 31.280000686645508 AB 12.221480583848699 1.0931556872852146
62898.189 lsst_hardware_z 753.3560250006465 52.921968706605064 30.950000762939453 AB 12.242405215286976 1.082967421406252
62907.1465 lsst_hardware_z 910.764660393508 70.91147761014741 30.979999542236328 AB 3.806827626270605 1.0933661596239261
62907.1653 lsst_hardware_r 1340.654217286891 93.87128026048353 31.649999618530273 AB 3.762058968367582 1.0827886604564552
62909.1308 lsst_hardware_z 788.9516128156697 57.73444812441765 30.959999084472656 AB 4.429840074730975 1.1052954816977452
62909.1476 lsst_hardware_r 1167.2155575197378 62.245970873918544 31.6200008392334 AB 4.392784469407364 1.0880410673895387
62911.1321 lsst_hardware_i 1046.3031652718382 45.67921798285518 31.239999771118164 AB 2.0281959490545933 1.0969150616844745
62911.1497 lsst_hardware_z 834.5537816517624 52.098338246303925 30.950000762939453 AB 2.1269729280788057 1.0840840612023313
62913.1277 lsst_hardware_r 885.8632394992204 38.161617308902606 31.489999771118164 AB 3.7763225973496684 1.0957773224082983
62915.0598 lsst_hardware_g 104.04748608245441 17.421419297680508 31.350000381469727 AB 5.788919156100223 1.2580048872365923
62918.122 lsst_hardware_i 929.6162809279488 42.783544789316814 31.25 AB 4.95745872278488 1.0887537458531948
62918.1393 lsst_hardware_z 755.9873969187528 49.464484057694655 30.950000762939453 AB 5.495272420430427 1.0823679777622508
62920.1243 lsst_hardware_r 658.0060630284346 34.263467386664736 31.5 AB 7.139608075293625 1.0844013429635793
62920.141 lsst_hardware_g 78.68203737279164 16.768720109267555 31.43000030517578 AB 8.486518004873483 1.0832239459919677
62922.1218 lsst_hardware_r 516.9374784518571 33.10070241201222 31.5 AB 8.282715001785352 1.0833805306282138
62922.1391 lsst_hardware_i 777.4656409729976 41.07235082595019 31.25 AB 9.364797219661543 1.084411527896734
62924.0895 lsst_hardware_i 608.3967764009362 40.709307921894315 31.25 AB 7.423029527188157 1.1057693322192994
62924.1073 lsst_hardware_z 702.5907244248832 48.57171889867623 30.950000762939453 AB 7.2733314595864655 1.0876009659194714
62926.0912 lsst_hardware_r 432.8390061527203 37.74516749203872 31.559999465942383 AB 4.57906799790466 1.0968484335360582
62926.1098 lsst_hardware_z 567.0635508136436 49.51832640524696 30.950000762939453 AB 4.531534005881381 1.083710153265905
62928.0882 lsst_hardware_y 157.10284571175714 51.50378475227455 30.030000686645508 AB 6.368763287011946 1.0942892245724993
62928.1051 lsst_hardware_r 410.2610873139724 53.26907094892508 31.6200008392334 AB 6.273298559018069 1.0834712537164195
62931.0821 lsst_hardware_i 541.4171494494481 83.16504044454983 31.329999923706055 AB 5.735013551858976 1.0923141804061283
62931.1002 lsst_hardware_z 508.5554471889107 74.60924437640583 30.989999771118164 AB 7.758673219903463 1.0827062824314384
62936.0767 lsst_hardware_r 202.3729655075834 79.94395255809684 31.639999389648438 AB 7.849325246122626 1.0862865062100278
62936.0955 lsst_hardware_i 229.5890485709708 67.13457177349893 31.31999969482422 AB 8.201568231866018 1.0828105749943986
62938.0767 lsst_hardware_z 400.11043599579693 50.111628064990136 30.959999084472656 AB 11.436105860533349 1.0838198572610975
62938.0964 lsst_hardware_i 393.9773669668861 46.60601826306414 31.299999237060547 AB 14.26765613965551 1.0848278694993736
62940.0765 lsst_hardware_u 5.334542430178657 2.783716025977941 28.420000076293945 AB 10.391088829357198 1.0825742386161763
62940.0957 lsst_hardware_g 17.604613228480705 14.708900183246284 31.40999984741211 AB 9.728629795258183 1.0874027341943142
62942.0451 lsst_hardware_g -10.604497508244375 14.645797298373214 31.420000076293945 AB 8.952961272330999 1.0996022196427273
62942.0632 lsst_hardware_r 95.81624798351623 25.768788715319644 31.5 AB 8.85224053165315 1.084833398486916
62947.039 lsst_hardware_r 103.8577806522766 25.390352079970715 31.5 AB 5.638726417141047 1.0917890313297935
62947.0594 lsst_hardware_g 24.164344781150934 14.878207180585493 31.440000534057617 AB 4.227089603545999 1.0823889391121468
62949.041 lsst_hardware_r 95.08600788442817 25.02783967770359 31.5 AB 5.141928298171193 1.0863993868943995
62949.059 lsst_hardware_i 201.63478978957238 33.640257218703425 31.260000228881836 AB 4.537606760425591 1.082638057960177
62951.0325 lsst_hardware_z 279.6370405249707 44.467072190980026 30.950000762939453 AB 8.156588181516751 1.0883190066069317
62951.0499 lsst_hardware_i 169.43385923474642 33.4714006062015 31.25 AB 7.5547514482254945 1.082355536464212
62953.025 lsst_hardware_u 6.911051150451691 3.277774658088603 28.579999923706055 AB 7.519746066082959 1.0898182704468056
62953.0431 lsst_hardware_g 5.600773751690841 15.546175224201846 31.459999084472656 AB 7.703417368040801 1.0823840339147348
62955.0248 lsst_hardware_r 45.95336152597881 31.278169557660846 31.559999465942383 AB 6.333822122507883 1.0862946699933869
62955.042 lsst_hardware_i 136.8681718145316 36.27807373480065 31.270000457763672 AB 5.453898271118811 1.0825522570700299
62957.0288 lsst_hardware_z 451.91201068072576 73.16654303337752 31.719999313354492 AB 3.957176346877321 1.082773535263769
62959.0195 lsst_hardware_z 156.12031927051868 64.422571052073 30.979999542236328 AB 6.718285696628125 1.0837692686929943
62959.0381 lsst_hardware_r 47.04875325898242 80.40200600579169 31.639999389648438 AB 6.698718260164892 1.084417541813087
62961.0191 lsst_hardware_i 135.86457172433768 75.83155469145275 31.31999969482422 AB 8.311507972174397 1.0825800028882313
62961.0372 lsst_hardware_z 66.88510418927618 68.81537093588632 30.979999542236328 AB 8.357187132614124 1.0866896993191761
62963.0161 lsst_hardware_i 36.01394557385955 75.87311376674182 31.329999923706055 AB 11.57830112976032 1.082370826832057
62963.0355 lsst_hardware_z 108.82005573708109 68.02898601220942 30.979999542236328 AB 11.641896599172858 1.0891983532930536
62963.9889 lsst_hardware_y -20.84069749524559 56.18203840040362 30.040000915527344 AB 9.550965054147278 1.0952941575856872
62964.0076 lsst_hardware_g 19.479906967949507 91.56376749631629 31.719999313354492 AB 8.236246756608418 1.0832415725482356
62966.9861 lsst_hardware_y 29.515568300777833 50.314576622300265 30.030000686645508 AB 3.2560552271619216 1.0903491761110555
62967.0041 lsst_hardware_i 93.76477066137657 32.67460943584326 31.239999771118164 AB 1.910853963083136 1.082432380900568
62968.9842 lsst_hardware_z 84.72899809297724 44.446163559412255 30.950000762939453 AB 8.349330923651634 1.0877426021476453
62969.0014 lsst_hardware_u -0.45623093181594554 2.8953308544993113 28.43000030517578 AB 7.179694953873094 1.082366073448205
62970.9817 lsst_hardware_y 108.5374641266763 50.68065597112909 30.030000686645508 AB 12.354532222561547 1.0859695180909519
62970.9992 lsst_hardware_r 67.59975554925101 24.38557326579139 31.5 AB 12.318179878954476 1.0826789610155547
62973.9733 lsst_hardware_y 183.0302327916728 59.82823221427206 30.049999237060547 AB 12.258888306095198 1.08608281965005
62973.9917 lsst_hardware_z 70.04832656133772 43.29900438468137 30.950000762939453 AB 12.156055026788204 1.0828000736461083
62975.972 lsst_hardware_y 99.38591820671392 58.56661198659379 30.049999237060547 AB 9.620074100727214 1.0841556086468551
62975.9895 lsst_hardware_u 5.422661412373316 2.9759222782531 28.549999237060547 AB 9.610328937088497 1.0836272574331163
62977.9699 lsst_hardware_y 160.6172395261596 62.18908159097898 30.049999237060547 AB 9.964850733666688 1.0831065170692848
62977.9867 lsst_hardware_r 49.01149104328266 24.614277999206536 31.510000228881836 AB 9.834770196067366 1.0846176119180992
63205.3381 lsst_hardware_r 123.63224919297674 62.58000183105469 31.6299991607666 AB 4.403393412002882 1.0871234198254247
63209.3402 lsst_hardware_z -28.04279062456064 44.22999954223633 30.950000762939453 AB 7.990318304190969 1.0824789411624662
63212.2899 lsst_hardware_u -2.075967588853835 2.680000066757202 28.399999618530273 AB 13.880957284731567 1.1230320814491266
63212.3084 lsst_hardware_y -40.88874563733529 47.68000030517578 30.030000686645508 AB 11.554367852169962 1.0959798768954196
63217.301 lsst_hardware_z 10.104704910576709 41.970001220703125 30.940000534057617 AB 7.2339329970223085 1.090186571776401
63217.3226 lsst_hardware_y -26.519510965525846 47.560001373291016 30.030000686645508 AB 7.204620749672313 1.0824249924386984
63219.2687 lsst_hardware_r -40.44895305321549 32.65999984741211 32.2400016784668 AB 4.8900578665553285 1.1270660597073647
63219.2964 lsst_hardware_u 10.274522899175892 4.71999979019165 29.649999618530273 AB 5.351701391957929 1.0895157556917607
63221.2714 lsst_hardware_g 3.9293198374370433 14.069999694824219 31.399999618530273 AB 5.9449668959621045 1.1124563802324297
63221.2921 lsst_hardware_i -16.512074404188215 31.139999389648438 31.25 AB 6.56733820161984 1.0886594615200729
63223.2735 lsst_hardware_z 83.32063147451608 59.22999954223633 31.690000534057617 AB 7.380902744055632 1.1016272752321838
63223.2944 lsst_hardware_r 3.101934321714211 22.790000915527344 31.489999771118164 AB 7.360541744661435 1.0843461615588443
63225.2812 lsst_hardware_y -55.35522986679525 48.939998626708984 30.040000915527344 AB 6.880674596114367 1.0886425625073821
63225.3023 lsst_hardware_g 10.449460310000593 13.859999656677246 31.40999984741211 AB 7.231096966089082 1.0825805773020558
63227.2846 lsst_hardware_r 45.373610584590075 120.31999969482422 32.38999938964844 AB 6.813985402819574 1.083922012193418
63227.306 lsst_hardware_i -22.451029119932098 96.83000183105469 32.06999969482422 AB 6.499703223355297 1.085484992905942
