data/validation/pwv_sim_epoch_fit_4/28338967.ecsv
# %ECSV 0.9
# ---
# datatype:
# - {name: time, datatype: float64}
# - {name: band, datatype: string}
# - {name: flux, datatype: float64}
# - {name: fluxerr, datatype: float64}
# - {name: zp, datatype: float64}
# - {name: zpsys, datatype: string}
# - {name: pwv, datatype: float64}
# - {name: airmass, datatype: float64}
# meta: {SNID: '28338967', alt: 1024.0, c: -0.14728786051273346, dec: -23.155577, lat: -30.244573, lon: -70.7499537, ra: 184.921875, t0: 62563.98828125,
#   x0: 5.45738781281349e-06, x1: 0.8217098116874695, z: 0.5906994342803955}
# schema: astropy-2.0
time band flux fluxerr zp zpsys pwv airmass
62505.2506 lsst_hardware_z -32.01956317248309 49.18000030517578 30.8799991607666 AB 4.844791582184132 1.7469725348180336
62505.2721 lsst_hardware_r -16.243983875817257 25.200000762939453 31.43000030517578 AB 4.061606083195486 1.5070428557665452
62510.2927 lsst_hardware_g -1.2697825062486596 14.930000305175781 31.389999389648438 AB 9.559380093958572 1.264956289656535
62510.3098 lsst_hardware_r -12.475109558707226 24.270000457763672 31.489999771118164 AB 8.885256835292658 1.1848325594345113
62524.3608 lsst_hardware_z -2.0219160270629883 64.52999877929688 30.989999771118164 AB 9.420420206845805 1.0087993153798414
62525.2986 lsst_hardware_z -72.31146187303192 64.41999816894531 30.979999542236328 AB 8.679286632171188 1.0882776881190166
62525.3158 lsst_hardware_r -9.902977361889645 79.72000122070312 31.649999618530273 AB 8.370515822069082 1.0517374992390947
62527.2986 lsst_hardware_z -16.047862672525444 49.29999923706055 30.959999084472656 AB 13.029164500182691 1.0753241035103116
62527.3153 lsst_hardware_g 11.934630478470886 43.630001068115234 31.690000534057617 AB 12.785496498303694 1.0434158810383722
62528.3072 lsst_hardware_r 26.949249352432172 35.81999969482422 31.59000015258789 AB 12.512427116005515 1.0524668128754708
62528.3246 lsst_hardware_y -8.586822632878595 48.0 30.049999237060547 AB 12.168488468805755 1.0270211114479466
62532.352 lsst_hardware_z 74.33720709015543 40.90473737930442 30.950000762939453 AB 11.705865697651792 1.007533986313452
62532.3713 lsst_hardware_y -5.831976008083147 48.86128729835878 30.059999465942383 AB 11.73124497444849 1.0156922055799558
62536.3361 lsst_hardware_g -7.263833591331306 14.827157033757574 31.450000762939453 AB 8.450861477598556 1.0073741182022355
62536.354 lsst_hardware_r 17.125103134910926 23.482357471275506 31.5 AB 8.425410012709538 1.01165619524229
62538.3389 lsst_hardware_i 58.5836561858991 31.491199816137765 31.25 AB 4.46911668904744 1.0080714336197087
62538.3572 lsst_hardware_z 28.653151695883018 41.52647052685342 30.950000762939453 AB 4.389495400970848 1.0174607844629977
62539.1949 lsst_hardware_z 117.06062229935812 46.21520363521059 30.90999984741211 AB 6.854721111597732 1.3801915054057432
62539.2126 lsst_hardware_i 122.34319540141696 33.83630119620385 31.209999084472656 AB 7.4468475475801235 1.2699262529979745
62548.2153 lsst_hardware_r 1273.604923932714 80.41926774447076 31.6200008392334 AB 4.633364886708701 1.1496470161177847
62548.2359 lsst_hardware_i 817.7333932183325 64.3688517963705 31.31999969482422 AB 4.352437349357081 1.088041334755848
62549.3147 lsst_hardware_z 580.6627022784679 66.16948400236653 30.989999771118164 AB 4.953459442418876 1.0098796009008975
62549.3321 lsst_hardware_r 1417.8916885628762 91.81710825530155 31.65999984741211 AB 5.032943623750087 1.0218829055700545
62553.2968 lsst_hardware_i 1382.1535554425573 93.688351414687 31.350000381469727 AB 6.535770788226663 1.0078419082578758
62553.3149 lsst_hardware_z 815.9112304193739 82.05315497955915 31.0 AB 6.595623055320779 1.0163921956036182
62554.2204 lsst_hardware_r 1967.7862075790913 96.03852035763025 31.639999389648438 AB 8.795500935044183 1.0858643129684178
62554.24 lsst_hardware_z 885.5494518248385 70.44066686639096 30.979999542236328 AB 8.472357576118574 1.0459700711257498
62558.2794 lsst_hardware_y 385.81917081066257 50.070770413051086 30.059999465942383 AB 6.543010310153568 1.0073918876294947
62558.2974 lsst_hardware_g 895.8088731874429 36.80729157809113 31.56999969482422 AB 6.631142883564191 1.013677893028921
62562.2788 lsst_hardware_z 970.9071161287159 51.732910587470215 30.950000762939453 AB 3.472076047741764 1.0097157951943865
62562.2962 lsst_hardware_r 2295.4653239544145 51.49355438789031 31.510000228881836 AB 3.4743234380842716 1.0214842890361695
62565.2592 lsst_hardware_i 1517.7744672917465 49.04165773124829 31.25 AB 10.376322134672714 1.00734471568242
62565.278 lsst_hardware_z 1111.152849833573 51.55328967753128 30.940000534057617 AB 10.51566930338121 1.0134933630013696
62568.0951 lsst_hardware_g 457.5071496549467 25.519852534798364 31.25 AB 16.04696949073152 1.5550393588795968
62568.1146 lsst_hardware_r 1708.4580990510772 48.75702256200527 31.440000534057617 AB 14.316233423716227 1.3882744719839246
62578.1655 lsst_hardware_z 1137.512107943181 76.33543740449227 30.989999771118164 AB 6.499282684115728 1.062278050768721
62578.1833 lsst_hardware_i 1127.6933788395363 86.83741902415913 31.34000015258789 AB 7.116962051149811 1.0329158052997958
62579.2271 lsst_hardware_i 1284.3747444918956 105.70963376152503 31.350000381469727 AB 6.818009100821884 1.008096566121596
62579.2461 lsst_hardware_z 987.4074310273332 88.06639253857374 31.0 AB 6.9180725473685944 1.0181496813522963
62580.0854 lsst_hardware_z 1628.215122890534 157.38598399944416 31.709999084472656 AB 6.92432748134757 1.3631013119880553
62581.1849 lsst_hardware_r 1459.5705459055296 134.20644944023724 31.670000076293945 AB 5.415057678847175 1.021708996008901
62581.2043 lsst_hardware_z 804.7098367024511 94.67745885510604 31.0 AB 5.348088074876635 1.0090732216748368
62583.2262 lsst_hardware_y 392.77060099965877 54.02072472520404 30.059999465942383 AB 6.516571563464508 1.0119292772956139
62583.2474 lsst_hardware_r 1119.6826840806718 78.80958235450227 31.649999618530273 AB 6.669239702149109 1.0309935771438112
62585.1726 lsst_hardware_i 860.8601276218037 47.90278875022831 31.280000686645508 AB 7.0661073063180275 1.0230850346985945
62585.1892 lsst_hardware_z 713.8230001864965 51.780063014227125 30.950000762939453 AB 6.948071411302898 1.0107510841997185
62590.0245 lsst_hardware_r 527.0839623982326 33.81751562158788 31.3799991607666 AB 9.722274450039137 1.6708766813770284
62591.0631 lsst_hardware_i 666.7976673661506 40.67253840449848 31.209999084472656 AB 6.27040969121425 1.313106055434637
62591.0789 lsst_hardware_u -0.8564366160698896 3.2465720188776612 28.229999542236328 AB 5.859944285940762 1.227899200797813
62593.2055 lsst_hardware_i 580.9038846985558 38.52534191675312 31.25 AB 8.333189944605866 1.0162426761714471
62593.2268 lsst_hardware_z 488.02751326818446 47.46670217327483 30.940000534057617 AB 8.874425449324335 1.0402765008488097
62594.0663 lsst_hardware_g 41.302228649185814 16.157224308170413 31.360000610351562 AB 7.6064294062120705 1.2496187623150616
62594.0843 lsst_hardware_r 421.3117536283426 31.619471517592654 31.469999313354492 AB 8.215850561074369 1.1695854645339656
62597.1794 lsst_hardware_g 38.637478893019946 16.308926443295725 31.469999313354492 AB 13.77540144376507 1.0084481291189655
62597.1985 lsst_hardware_r 342.2178757755586 30.160724374076366 31.510000228881836 AB 14.017987090979766 1.0194899702530509
62598.0597 lsst_hardware_u -1.857991273212763 3.202096158241284 28.329999923706055 AB 13.369795155571806 1.2283146158729532
62598.0781 lsst_hardware_g 56.55986441451086 16.210743792305458 31.40999984741211 AB 12.44662360274587 1.1520740121637087
62601.1867 lsst_hardware_g 59.77886792953686 16.449246549275585 31.450000762939453 AB 5.044347858938433 1.018717171108401
62601.204 lsst_hardware_r 328.03411137506976 28.812730313445314 31.5 AB 5.127590106121498 1.0388499286418702
62605.164 lsst_hardware_z 444.78470370558955 56.58602897747065 30.979999542236328 AB 4.987314416403896 1.0108396614675328
62605.1802 lsst_hardware_i 325.2415673982715 54.97709272850616 31.329999923706055 AB 5.602517684350862 1.0228705434936987
62608.0583 lsst_hardware_r 142.56662494579473 149.45262767551267 31.639999389648438 AB 16.457473206308645 1.1268447182495835
62608.0768 lsst_hardware_y 412.99155656949404 72.87185014956175 30.059999465942383 AB 15.737640028165517 1.0767835352965545
62609.1513 lsst_hardware_r 591.6770961230401 147.12019399638154 31.670000076293945 AB 11.859277617278039 1.0100452206403054
62609.1696 lsst_hardware_i 231.63161768781902 118.12151540258029 31.350000381469727 AB 13.199261452513765 1.0231985622103694
62614.0824 lsst_hardware_i 221.18986100137548 34.09215548734395 31.25 AB 5.297736888342252 1.0364686751680419
62614.0908 lsst_hardware_z 352.79194493475956 44.85530968972852 30.950000762939453 AB 4.6587644953702325 1.0258771253223744
62616.0795 lsst_hardware_u 3.961078581231667 3.501123659463465 28.489999771118164 AB 14.080447684147035 1.0329724660074122
62616.1003 lsst_hardware_r 143.70518058686503 26.088039376122307 31.510000228881836 AB 13.739381265521187 1.0130419366282903
62618.0728 lsst_hardware_i 177.44042109825656 33.72085516101317 31.260000228881836 AB 4.242000267799892 1.0346342116585103
62618.0911 lsst_hardware_z 259.29899499997066 44.22540642248872 30.950000762939453 AB 4.472719648548216 1.0155462674798696
62621.1255 lsst_hardware_u 5.341761581595316 3.543124778781429 28.420000076293945 AB 10.563464964146416 1.013743908653479
62621.1437 lsst_hardware_g 12.990319688434296 14.618957802236752 31.43000030517578 AB 10.78617829579329 1.0310601788307603
62621.9616 lsst_hardware_y 58.59587907221943 75.4426404346317 29.950000762939453 AB 16.459407003643587 1.43050643174375
62621.9798 lsst_hardware_i 133.8040305197876 35.298362601645344 31.219999313354492 AB 14.801521542783778 1.305018651277004
62628.1072 lsst_hardware_g -10.333587892662925 14.57841585629379 31.450000762939453 AB 6.7870489912444985 1.01427915882007
62628.1252 lsst_hardware_r 111.58787802127972 25.335629770920264 31.5 AB 6.328293504618425 1.0318430628759865
62630.0177 lsst_hardware_i 115.78631105804165 34.11794207074655 31.25 AB 9.769538687716391 1.074589257748579
62630.0336 lsst_hardware_z 251.00751950115034 43.89286140736681 30.940000534057617 AB 9.500087243121579 1.0441664323492517
62632.9577 lsst_hardware_y -113.74057271703771 73.62055071501705 29.989999771118164 AB 14.052059918024105 1.2605570682237368
62632.9773 lsst_hardware_r 29.65412512922915 52.223496561540884 31.59000015258789 AB 13.611212240162857 1.1715624238391376
62635.0418 lsst_hardware_r 173.75011567602888 93.30813717382114 31.65999984741211 AB 6.483845153179963 1.0177921910650596
62635.061 lsst_hardware_i 94.37837708198694 77.7995988982442 31.350000381469727 AB 6.425753088723613 1.0079612688193738
62638.0605 lsst_hardware_z 434.39354865252943 108.21447664386697 31.75 AB 8.95392887122829 1.0073610700599978
62643.0279 lsst_hardware_i 162.97192006144692 32.355782603483064 31.25 AB 4.6353286386444 1.0122646708595595
62643.0482 lsst_hardware_z 247.97714637108206 42.522346516221454 30.940000534057617 AB 5.0674775769776295 1.0074508105322801
62643.9564 lsst_hardware_y -9.788319988589445 59.7400016784668 30.020000457763672 AB 2.9295354566205805 1.1385679971319784
62643.9754 lsst_hardware_r -3.517527618536307 23.389999389648438 31.5 AB 2.060812194386104 1.0840674352371211
62645.0257 lsst_hardware_i -45.80445456099828 30.540000915527344 31.260000228881836 AB 7.545783260735646 1.0105959724199525
62645.0449 lsst_hardware_u 0.8512216766901811 2.740000009536743 28.479999542236328 AB 8.364042209167064 1.0077159288153088
62647.0085 lsst_hardware_u 1.5714710649887182 2.819999933242798 28.530000686645508 AB 5.79224886327266 1.0182383516344569
62647.0272 lsst_hardware_g 7.9273022944265765 14.539999961853027 31.469999313354492 AB 5.744139348844038 1.0081859322236042
62651.0065 lsst_hardware_r 6.073899164374145 23.030000686645508 31.510000228881836 AB 9.736361527528457 1.012016893436384
62651.0261 lsst_hardware_i 18.127306274521953 30.489999771118164 31.260000228881836 AB 9.585270674723349 1.0074293680462847
62651.9587 lsst_hardware_z 9.645283042907037 46.40999984741211 30.959999084472656 AB 9.735966473807967 1.072213482427022
62651.9846 lsst_hardware_r -7.157395356350408 22.969999313354492 31.489999771118164 AB 9.347153032745338 1.0286951804703361
62653.0012 lsst_hardware_z 16.307930417271614 40.84000015258789 30.950000762939453 AB 6.8811147270371915 1.0119286363289988
62653.0233 lsst_hardware_u 3.4165219270050087 2.7300000190734863 28.469999313354492 AB 6.85273648041696 1.0077553647672
62657.9886 lsst_hardware_i -2.041156664326373 31.0 31.25 AB 4.348902869905843 1.0113727604432194
62658.0103 lsst_hardware_z 82.93830655982191 41.08000183105469 30.950000762939453 AB 4.461756128694426 1.0078699159372349
62870.242 lsst_hardware_r 12.761183775600461 49.279998779296875 31.420000076293945 AB 4.9414479478649795 1.8838917071540142
62870.2656 lsst_hardware_i -4.439767297961477 45.18000030517578 31.200000762939453 AB 4.367318014377546 1.577455864086035
62890.3685 lsst_hardware_z 45.507605185193654 44.83000183105469 30.959999084472656 AB 7.186120939789184 1.0073295245364835
62896.3513 lsst_hardware_u 0.22432069444265107 2.740000009536743 28.469999313354492 AB 11.434928150917976 1.007334736536606
62896.3693 lsst_hardware_y 72.0155724080736 48.93000030517578 30.059999465942383 AB 11.517142385468206 1.012162353990395
62897.221 lsst_hardware_z -25.516491034726684 44.97999954223633 30.93000030517578 AB 14.166019567883788 1.337426318720146
62897.2385 lsst_hardware_r -3.720240260122728 23.950000762939453 31.479999542236328 AB 13.120981704711774 1.2384515830019922
62898.3513 lsst_hardware_r -7.145907519039671 23.399999618530273 31.510000228881836 AB 11.831736677303093 1.0076995807378333
62898.3684 lsst_hardware_z -56.6803384992347 42.68000030517578 30.959999084472656 AB 11.965098529381676 1.0150523311977215
62907.3249 lsst_hardware_i 66.32683165495443 80.08999633789062 31.350000381469727 AB 2.944666447322469 1.0074698456939508
62907.345 lsst_hardware_z -2.2565378214188123 69.1500015258789 31.0 AB 3.455428501869601 1.0159041067825132
62909.3089 lsst_hardware_r -159.75139040177524 81.5999984741211 31.65999984741211 AB 6.190573763563716 1.0082367693100516
62909.3255 lsst_hardware_z 22.59953862729107 65.2699966430664 30.989999771118164 AB 6.085865613231298 1.0086373504423116
62910.2214 lsst_hardware_r -143.4464744647375 64.62999725341797 31.6200008392334 AB 5.81240904838862 1.1596985331980367
62910.2408 lsst_hardware_y -105.65321480077466 52.38999938964844 30.040000915527344 AB 5.401899486858144 1.098319109493342
62911.3152 lsst_hardware_g -15.459790860473623 42.310001373291016 31.709999084472656 AB 2.5935879978047387 1.0076099447570859
62911.3318 lsst_hardware_i 43.13746331926302 43.02000045776367 31.309999465942383 AB 2.6635126909682887 1.0142851069947787
62913.2567 lsst_hardware_z 28.689062405516093 42.130001068115234 30.950000762939453 AB 4.763001400628087 1.0465834762970907
62913.273 lsst_hardware_r 39.33553854524785 26.510000228881836 31.549999237060547 AB 4.621823092176066 1.0244537497896575
62915.2107 lsst_hardware_u -0.6768525590094661 2.7899999618530273 28.459999084472656 AB 6.0738995753497536 1.1490540248486074
62917.2104 lsst_hardware_r 7.034979862755232 23.420000076293945 31.489999771118164 AB 3.7343397538743326 1.1316181072346463
62917.2312 lsst_hardware_u -1.9555329374452262 2.7799999713897705 28.489999771118164 AB 3.547349452276407 1.0749543794776992
62921.2129 lsst_hardware_z -49.71377560296285 42.209999084472656 30.950000762939453 AB 9.177786788663548 1.092723751477979
62921.2329 lsst_hardware_r 13.261561022879759 23.239999771118164 31.510000228881836 AB 8.816026097054142 1.049901881273567
62924.2736 lsst_hardware_g 12.638021357898564 14.550000190734863 31.459999084472656 AB 5.954633105476123 1.0073816791534635
62924.2904 lsst_hardware_i 2.049671393256415 30.670000076293945 31.260000228881836 AB 6.028239309449705 1.0108841771016832
62927.2163 lsst_hardware_z 11.208729691244049 41.41999816894531 30.950000762939453 AB 3.4897335256978677 1.0502809567710276
62927.2356 lsst_hardware_r 32.18966046409064 23.049999237060547 31.510000228881836 AB 3.2857087416253665 1.0235852777649117
62928.2787 lsst_hardware_y 56.471874929994264 46.70000076293945 30.059999465942383 AB 5.959122478498495 1.0105203100682816
62928.2969 lsst_hardware_g -10.516935783961529 14.420000076293945 31.440000534057617 AB 6.231481719322024 1.0242409137610164
62933.2625 lsst_hardware_z -51.33553702230555 72.19999694824219 31.0 AB 9.993739281518732 1.0094686142948213
62933.2825 lsst_hardware_r -48.75901571106945 105.63999938964844 31.65999984741211 AB 10.132213152526576 1.0234558739925834
