data/validation/pwv_sim_epoch_fit_4/28577045.ecsv
# %ECSV 0.9
# ---
# datatype:
# - {name: time, datatype: float64}
# - {name: band, datatype: string}
# - {name: flux, datatype: float64}
# - {name: fluxerr, datatype: float64}
# - {name: zp, datatype: float64}
# - {name: zpsys, datatype: string}
# - {name: pwv, datatype: float64}
# - {name: airmass, datatype: float64}
# meta: {SNID: '28577045', alt: 1024.0, c: -0.09461303800344467, dec: -12.024699, lat: -30.244573, lon: -70.7499537, ra: 359.824219, t0: 61610.89453125,
#   x0: 2.965494088065123e-06, x1: 0.977873682975769, z: 0.758641242980957}
# schema: astropy-2.0
time band flux fluxerr zp zpsys pwv airmass
61581.4241 lsst_hardware_z -63.289853654728866 84.6597431379309 31.729999542236328 AB 4.286781410122827 1.0572028632800057
61584.3454 lsst_hardware_z 139.4107817288082 47.09182939416157 30.940000534057617 AB 6.064549196922257 1.2005442337765528
61584.3648 lsst_hardware_y -51.38123468851103 49.31572485287982 30.020000457763672 AB 5.727930950542974 1.1368325792484173
61586.4267 lsst_hardware_u -1.1142477365173287 3.288862353335244 28.530000686645508 AB 4.874966144042057 1.0538568497299217
61588.3926 lsst_hardware_r 406.9018775087784 40.77727257742183 32.27000045776367 AB 7.87236776807773 1.0664756515797331
61588.4107 lsst_hardware_y -11.732172799843182 48.10329290228993 30.040000915527344 AB 7.791509127965474 1.0549024002119516
61590.427 lsst_hardware_r 308.8942104900024 30.589899245826253 31.520000457763672 AB 6.0573066227201515 1.0573060957793945
61597.2916 lsst_hardware_r 2016.2622591942454 62.284468028920585 32.65999984741211 AB 11.159114185042224 1.2838619606575778
61597.323 lsst_hardware_i 1517.3901494457218 60.134584827291334 32.0 AB 9.838653603296384 1.155144395585005
61599.4029 lsst_hardware_z 643.8108446723846 47.44686611195015 30.940000534057617 AB 6.484586388763345 1.0575568994993225
61599.4242 lsst_hardware_r 742.6782298199615 37.116763792975604 31.5 AB 6.953534878629223 1.077788924613175
61609.303 lsst_hardware_z 545.91003355588 78.02563600855794 30.979999542236328 AB 5.441752940875742 1.1202977455523198
61609.3252 lsst_hardware_r 1174.2326774382582 101.3711641335065 31.649999618530273 AB 5.222238605037951 1.078473561885064
61616.3393 lsst_hardware_u -1.2517532584430096 2.8311370182686506 28.450000762939453 AB 5.042440046487792 1.0538932431917358
61616.3571 lsst_hardware_g 116.38385022541716 18.832001799953098 31.459999084472656 AB 5.06459157363018 1.0578965496973345
61618.3215 lsst_hardware_r 729.318737190547 35.00550015646628 31.510000228881836 AB 5.175292177652185 1.058071490447674
61618.3409 lsst_hardware_i 1065.1529581017655 44.17705893665342 31.25 AB 5.494746920810289 1.0540638326227627
61621.3262 lsst_hardware_z 508.19881007255924 48.0008665923575 30.950000762939453 AB 1.9392429587274036 1.0538409340063781
61621.346 lsst_hardware_r 529.9850906579187 33.752300165922954 31.510000228881836 AB 1.9885846531940403 1.0594484034065212
61625.2943 lsst_hardware_g 35.372812628917124 17.152342284921744 31.450000762939453 AB 2.726892832796992 1.0639457014424472
61625.3132 lsst_hardware_r 444.31766925189146 32.25676670613142 31.5 AB 2.691475994747836 1.05410287000568
61630.3031 lsst_hardware_z 987.8465441376541 76.1864344336024 31.719999313354492 AB 3.8950288085225817 1.0537547502541027
61643.2313 lsst_hardware_g 14.995723570002028 15.26827912912764 31.43000030517578 AB 2.6805702023601996 1.0800041105399676
61643.2472 lsst_hardware_r 189.35571704360996 26.88216946180923 31.5 AB 2.6474215038671725 1.0622260949045763
61648.2088 lsst_hardware_i 246.47868396255808 35.279815012438775 31.25 AB 4.552853898164008 1.0944360332125018
61648.2254 lsst_hardware_z 191.61796378824604 44.63089052869438 30.950000762939453 AB 4.4932253133167555 1.0700703294395704
61650.2231 lsst_hardware_i 224.0249870877263 34.49917902035679 31.25 AB 2.3214435865285123 1.0667173286747902
61650.2398 lsst_hardware_u 2.1355980476210874 2.7741113283838676 28.389999389648438 AB 2.3003468616057896 1.0554470574011423
61652.2048 lsst_hardware_u 1.6284421860385603 2.7880921263975655 28.399999618530273 AB 1.6242934488448468 1.082862299229898
61652.2234 lsst_hardware_g 51.74434582351293 16.208090319949957 31.450000762939453 AB 1.7930731009346825 1.0616181769888946
61656.2016 lsst_hardware_z 218.2720933160586 64.15884920564096 31.700000762939453 AB 2.7650500675024112 1.0723482906738069
61673.1499 lsst_hardware_z 117.16975202163621 43.23549002058034 30.950000762939453 AB 5.877382729440188 1.0792769901646093
61673.1694 lsst_hardware_r 3.864286459167665 25.0002883712049 31.520000457763672 AB 6.5864350370889335 1.059252981197963
61677.1478 lsst_hardware_u 3.1795162777660004 2.8609645551093643 28.440000534057617 AB 4.2446245850766955 1.0683452193074578
61677.1671 lsst_hardware_r 31.794619509109765 24.76865683589089 31.510000228881836 AB 4.248369928618741 1.0551024285654391
61679.1435 lsst_hardware_i 66.63342451564085 32.75935269847152 31.25 AB 6.379720265346068 1.0671402729877275
61679.1629 lsst_hardware_z 161.721680812993 42.66090259496198 30.940000534057617 AB 6.2598218209218865 1.054729877156357
61681.1352 lsst_hardware_r 52.453936275370005 24.88154738819101 31.5 AB 3.3959538141966767 1.0701816163860423
61681.1537 lsst_hardware_u -2.0218015081326786 2.8924455996710803 28.489999771118164 AB 3.317711860704185 1.0560075947176526
61683.1351 lsst_hardware_g -58.39659114156564 16.46874257402342 31.479999542236328 AB 4.556944183609723 1.0647065849555426
61683.1521 lsst_hardware_r 68.0052687789972 25.46596201919603 31.520000457763672 AB 4.412587894822699 1.0546968377231756
61685.1348 lsst_hardware_i 106.11457279549052 35.75301766339027 31.270000457763672 AB 4.0949448492499325 1.0605002199371918
61685.1527 lsst_hardware_z 69.18519725513391 44.08662052593803 30.950000762939453 AB 3.9769053146225195 1.0537639943355908
61687.1052 lsst_hardware_z 96.64578677413425 48.97990810766264 30.959999084472656 AB 6.330456981273674 1.0893607677070594
61687.1253 lsst_hardware_r 15.06011420735789 47.412837964000175 31.6200008392334 AB 3.7508869180673585 1.0637041951272197
61690.1069 lsst_hardware_z 113.9392963928419 72.66499467043022 30.989999771118164 AB 6.226607647503526 1.0746647648435497
61690.124 lsst_hardware_r -12.01556444591989 98.85240087854793 31.65999984741211 AB 6.121356147965541 1.058615541016374
61691.1123 lsst_hardware_i 62.14596051827588 104.76292505986068 31.34000015258789 AB 5.586228150067019 1.065599570814632
61691.131 lsst_hardware_z 287.7513782420648 88.60701802155938 31.0 AB 6.180294566935495 1.0545078174780675
61693.1061 lsst_hardware_r -294.0218708769941 131.26138480766784 31.649999618530273 AB 6.6111489048802525 1.0663143394968149
61693.1241 lsst_hardware_z 9.657692580265607 88.98103460324414 31.0 AB 6.540321426087022 1.054890552594681
61695.1038 lsst_hardware_g 7.628772583896776 92.01619782252665 31.729999542236328 AB 7.327220650167728 1.063405831866037
61695.1205 lsst_hardware_r -54.028982809965584 88.07061429652238 31.65999984741211 AB 7.268659841151019 1.0544095123945083
61697.1028 lsst_hardware_i 56.41712104790184 37.25481145034862 31.270000457763672 AB 4.47896003913708 1.0599625390901903
61697.1192 lsst_hardware_z 34.993188036956106 47.58706232145426 30.959999084472656 AB 4.45284221040065 1.0538024400427524
61701.0763 lsst_hardware_z -3.4465791841184266 42.2599983215332 30.950000762939453 AB 4.65752598268967 1.0753927459453558
61701.0932 lsst_hardware_r -2.7301299397965293 24.010000228881836 31.5 AB 5.642120803422728 1.0590891259084496
61704.077 lsst_hardware_u 2.8225397934345664 2.9000000953674316 28.549999237060547 AB 2.3186916205400037 1.065411986769798
61704.0945 lsst_hardware_r 12.569365383543289 24.040000915527344 31.520000457763672 AB 2.402403815803876 1.0547653223198636
61706.0772 lsst_hardware_i -32.97303903331133 31.520000457763672 31.25 AB 2.77369162690056 1.0606851345700037
61706.0929 lsst_hardware_z 22.19854572359658 41.869998931884766 30.950000762939453 AB 3.934135730652177 1.0539745661687658
61708.071 lsst_hardware_r 24.961501298271806 23.989999771118164 31.510000228881836 AB 5.461096132632002 1.0612312733446487
61708.09 lsst_hardware_u 1.8843822875744272 2.740000009536743 28.420000076293945 AB 6.322541277747015 1.0537568796245025
61712.0534 lsst_hardware_r -33.516223087579526 24.549999237060547 31.5 AB 3.2151781917256077 1.067131470079029
61712.0715 lsst_hardware_i -4.029925821906629 31.639999389648438 31.25 AB 3.156095386893465 1.055109197456889
61721.0475 lsst_hardware_z -6.064528762569321 70.4800033569336 30.989999771118164 AB 4.849160323975989 1.0549297296540685
61721.065 lsst_hardware_r -142.0436363417432 99.55000305175781 31.65999984741211 AB 4.849655221707101 1.0554200700125458
61725.0249 lsst_hardware_y 68.2437801122075 50.209999084472656 30.040000915527344 AB 6.941970667799696 1.060990231339272
61725.0435 lsst_hardware_i 22.524132724222376 31.56999969482422 31.260000228881836 AB 6.296903145844173 1.0537574294378602
61727.0276 lsst_hardware_y -58.19325093639836 48.41999816894531 30.040000915527344 AB 8.007138620039388 1.056211399556706
61727.0474 lsst_hardware_r -23.69231101168885 24.18000030517578 31.510000228881836 AB 6.897162906806047 1.0550153585936592
61733.0215 lsst_hardware_z 34.911317476701576 58.34000015258789 30.979999542236328 AB 8.142426155401314 1.053762929390619
61733.0407 lsst_hardware_i -41.28313301115539 31.780000686645508 31.260000228881836 AB 8.205499541092232 1.0597769340139787
61946.3545 lsst_hardware_u -4.356266020179783 2.75 28.360000610351562 AB 4.3467540524701045 1.1997665063400613
61946.3772 lsst_hardware_y -13.574427585894602 48.310001373291016 30.020000457763672 AB 5.0601165046557295 1.1276025637115183
61952.3968 lsst_hardware_z -53.9492894839416 59.619998931884766 31.690000534057617 AB 10.337864694026562 1.0657592468068622
61959.3761 lsst_hardware_r 51.26439208593716 89.9800033569336 31.649999618530273 AB 1.5142816308172815 1.067335070179932
61959.3956 lsst_hardware_i 52.25997515332702 70.12000274658203 31.329999923706055 AB 1.7084705608965565 1.0547742311449593
61961.3732 lsst_hardware_z 86.4208502411928 65.08000183105469 30.979999542236328 AB 8.503894116153846 1.0648502524610377
61961.3926 lsst_hardware_i -20.314644714007063 71.4800033569336 31.329999923706055 AB 10.180190990018263 1.054213771834822
61963.3867 lsst_hardware_z -131.81121150451096 95.19999694824219 31.739999771118164 AB 8.257788766816118 1.054297959376522
61966.3684 lsst_hardware_r -27.219624055828607 47.369998931884766 31.6200008392334 AB 3.948760294817913 1.058223313632028
61966.3909 lsst_hardware_i -71.65755539680767 45.560001373291016 31.299999237060547 AB 4.991112888055558 1.0547018623394548
61967.3878 lsst_hardware_z -120.82528999371878 62.83000183105469 31.700000762939453 AB 3.469657339078711 1.054607093944897
61975.3457 lsst_hardware_r 8.123402508456298 23.719999313354492 31.5 AB 5.348068134757139 1.0572090408717782
61975.3648 lsst_hardware_g 25.845123626573866 14.869999885559082 31.440000534057617 AB 5.358181210739292 1.0543449844036388
61977.3428 lsst_hardware_r -21.170971115635147 23.979999542236328 31.489999771118164 AB 7.610122352165563 1.056032520306059
61977.3617 lsst_hardware_i -1.4388544728491666 31.420000076293945 31.239999771118164 AB 7.599063610914042 1.054937104708104
61980.3433 lsst_hardware_z 14.75079368609292 41.72999954223633 30.940000534057617 AB 4.43039643194725 1.0538735144481732
61980.3619 lsst_hardware_i 0.918580928058462 31.3799991607666 31.239999771118164 AB 4.451636096815231 1.0587369819601784
61982.3247 lsst_hardware_u -3.4525278563874466 2.7100000381469727 28.40999984741211 AB 3.594657353865409 1.0582377765169422
61982.3442 lsst_hardware_g -4.348600891889662 14.90999984741211 31.440000534057617 AB 4.164670437152583 1.0540800903954906
61984.3285 lsst_hardware_r -20.87448981917216 42.18000030517578 31.600000381469727 AB 1.4527348553397228 1.0544893699538274
61984.3482 lsst_hardware_i 1.1110930930752847 39.88999938964844 31.280000686645508 AB 1.5096598067050333 1.057184738588959
61989.2876 lsst_hardware_r 50.752239952582606 122.55999755859375 31.649999618530273 AB 4.542745427461951 1.0749515919219004
61991.264 lsst_hardware_r -85.53734360695411 119.08000183105469 31.649999618530273 AB 3.649201459840146 1.1053162077359218
61996.2912 lsst_hardware_z 6.448489736537173 44.720001220703125 30.959999084472656 AB 3.804409503083046 1.055924922793953
61996.3126 lsst_hardware_g 4.3937714299026895 30.850000381469727 31.65999984741211 AB 3.5520553919456326 1.0559023162739694
62010.1386 lsst_hardware_r -85.87083219173404 48.25 32.2400016784668 AB 5.5741519916335625 1.4292697414445032
62010.1611 lsst_hardware_g -21.504714310853704 40.22999954223633 32.29999923706055 AB 5.010421737571074 1.2847235224541214
62012.2385 lsst_hardware_r -65.86547563094811 42.380001068115234 31.610000610351562 AB 2.9584789082662915 1.061083952991676
62012.2573 lsst_hardware_i 7.194123300649337 40.290000915527344 31.299999237060547 AB 2.911109500075258 1.0537952941448896
62014.2132 lsst_hardware_z -113.50705253054903 54.189998626708984 30.969999313354492 AB 1.769958336850367 1.0836479613369594
62014.2296 lsst_hardware_i -4.941966401454012 54.93000030517578 31.309999465942383 AB 1.738101704163951 1.0638725044618218
62019.2012 lsst_hardware_r -47.36205439129018 147.14999389648438 31.65999984741211 AB 0.6916698778718414 1.081156510936837
62019.2189 lsst_hardware_z -55.95089246801787 96.23999786376953 31.0 AB 0.4532400383961057 1.0614520805526835
62022.1925 lsst_hardware_y 12.349328982912093 52.29999923706055 30.040000915527344 AB 3.5692287658578232 1.0819123267225896
62022.2108 lsst_hardware_r 106.39651685903608 70.02999877929688 31.649999618530273 AB 3.211213704727112 1.0613828143204274
62028.1684 lsst_hardware_r -18.936722735753147 24.809999465942383 31.520000457763672 AB 1.0842445994686654 1.0947358177224047
62028.1863 lsst_hardware_i -28.198347065876103 32.0 31.260000228881836 AB 1.125837798778645 1.0688333532708654
62032.1737 lsst_hardware_u -2.565022930886081 2.809999942779541 28.459999084472656 AB 6.551696037227011 1.0706989397475495
62032.1923 lsst_hardware_r 2.626722749216289 24.3799991607666 31.520000457763672 AB 6.465400645566385 1.0561791465435393
62034.1729 lsst_hardware_i 28.20845269017663 31.860000610351562 31.260000228881836 AB 4.649711959262058 1.065795834182929
62034.1919 lsst_hardware_z 74.77828979678077 42.04999923706055 30.950000762939453 AB 4.70313049391813 1.0545135636587737
62036.1515 lsst_hardware_z 18.531250974898363 42.22999954223633 30.950000762939453 AB 1.48559604437531 1.0862266958626812
62036.1711 lsst_hardware_r -3.4979443726775785 24.309999465942383 31.510000228881836 AB 2.0281335165975687 1.062545391799643
62038.148 lsst_hardware_y -46.16923831834561 47.70000076293945 30.030000686645508 AB 5.8738947735938485 1.0831448964767472
62038.1664 lsst_hardware_g 20.165824060159373 17.0 31.489999771118164 AB 5.851972278172701 1.0619354484948453
62040.1449 lsst_hardware_r -19.7032876178948 35.619998931884766 31.579999923706055 AB 4.198672695595147 1.079650981360314
62040.1645 lsst_hardware_i -11.302669624936714 37.02000045776367 31.270000457763672 AB 4.106498837794189 1.059377118701743
62042.1463 lsst_hardware_z 8.040464196080409 51.209999084472656 30.969999313354492 AB 4.272528869387193 1.070809240447918
62042.1659 lsst_hardware_r 8.873710165115252 56.029998779296875 31.6299991607666 AB 4.199399810565166 1.055810884929093
62045.1349 lsst_hardware_z -106.91577930012235 83.02999877929688 30.989999771118164 AB 4.717503129587847 1.0747040826778198
62045.1539 lsst_hardware_r -55.20716217863329 118.94000244140625 31.65999984741211 AB 4.624048832714986 1.0575700616105272
62047.1336 lsst_hardware_i -99.60386856563457 112.8499984741211 31.34000015258789 AB 1.9273916962672095 1.0697331462563175
62047.1528 lsst_hardware_z -112.36399781899583 93.86000061035156 31.0 AB 1.9270869203493486 1.0556006319529
62051.1357 lsst_hardware_g -39.37529648311634 60.54999923706055 31.719999313354492 AB 5.263371593456822 1.0586024926502056
62051.1544 lsst_hardware_r 37.10184945629264 61.59000015258789 31.639999389648438 AB 5.258994730766501 1.0539067596726017
62053.1083 lsst_hardware_r -6.3119423953718865 24.200000762939453 31.510000228881836 AB 3.449385893655167 1.0812557004299492
62053.1263 lsst_hardware_i 10.7083568353314 31.600000381469727 31.260000228881836 AB 3.3228509904103016 1.0612746695657302
62056.1086 lsst_hardware_z 74.89911626709713 42.2400016784668 30.959999084472656 AB 5.5688350818841865 1.0702094901286456
62056.1275 lsst_hardware_r 8.544884247718718 24.100000381469727 31.520000457763672 AB 6.129372010961027 1.0558780380638209
62058.1089 lsst_hardware_u 2.9930614363490724 2.740000009536743 28.43000030517578 AB 6.599109236390846 1.0643724574823945
62058.128 lsst_hardware_r 10.578871564757645 23.809999465942383 31.510000228881836 AB 6.462560172925178 1.0541795972962087
62060.0981 lsst_hardware_i 34.834773385209914 31.3700008392334 31.25 AB 7.355777943543014 1.0697368396353977
62061.0138 lsst_hardware_r 17.983517159070967 25.06999969482422 31.469999313354492 AB 7.023337905805693 1.3303456066054478
62066.1015 lsst_hardware_g -18.76181558797436 15.529999732971191 31.469999313354492 AB 5.629280463386271 1.0553911439651793
62066.1201 lsst_hardware_r -57.69568088366889 24.170000076293945 31.520000457763672 AB 5.63435896033223 1.055386918144149
62074.0687 lsst_hardware_z 43.232741362633426 74.91999816894531 31.0 AB 4.39757988851067 1.0614695496757125
62074.0861 lsst_hardware_r 15.17914946403875 101.44000244140625 31.65999984741211 AB 5.357637323599061 1.053926885728152
62076.0459 lsst_hardware_z 37.0286594858777 75.75 30.989999771118164 AB 7.15534754912718 1.0806641569382187
62076.0632 lsst_hardware_i -44.54170287261582 88.79000091552734 31.34000015258789 AB 7.020046274104582 1.0614989325762978
62078.0519 lsst_hardware_z 27.975073625074593 63.849998474121094 30.979999542236328 AB 4.28465983987153 1.0666317749244536
62078.0708 lsst_hardware_r -175.7600569776547 88.45999908447266 31.649999618530273 AB 4.234561296997495 1.0547509301942823
62082.054 lsst_hardware_r -1.1218786366103284 23.889999389648438 31.510000228881836 AB 8.017249734470898 1.0569874402731985
62082.0703 lsst_hardware_i 6.820211252485634 31.290000915527344 31.25 AB 7.8931191519979516 1.0539616974226134
62084.0461 lsst_hardware_z -13.09967823091512 41.7400016784668 30.950000762939453 AB 9.006646396479447 1.058298148931255
62084.0637 lsst_hardware_r 6.406672197615166 23.899999618530273 31.520000457763672 AB 9.08471883447957 1.0538505695121594
62089.0229 lsst_hardware_y 49.08634762122469 50.7400016784668 30.040000915527344 AB 5.9491906004385156 1.0656221035504998
62089.0412 lsst_hardware_i 21.717069657875186 31.469999313354492 31.25 AB 5.8854787137918105 1.054635037637967
62092.0271 lsst_hardware_y -18.595437036202235 48.93000030517578 30.040000915527344 AB 8.018655561936125 1.0567896361814788
62092.0474 lsst_hardware_r 2.0042963694172156 24.09000015258789 31.5 AB 6.896047861952658 1.0548447972394124
62094.0172 lsst_hardware_y 15.863282348865136 67.05000305175781 30.059999465942383 AB 7.940860926203119 1.0592757855269952
62094.0382 lsst_hardware_g -13.322096798242718 15.529999732971191 31.459999084472656 AB 7.891299582757413 1.0540471392819195
62097.0191 lsst_hardware_z 14.130056832613397 61.5099983215332 30.979999542236328 AB 8.081640134074954 1.054700180629684
62097.0393 lsst_hardware_i 69.63920143206504 33.369998931884766 31.270000457763672 AB 8.05739196209442 1.0569959392744797
