data/validation/pwv_sim_epoch_fit_4/28585712.ecsv
# %ECSV 0.9
# ---
# datatype:
# - {name: time, datatype: float64}
# - {name: band, datatype: string}
# - {name: flux, datatype: float64}
# - {name: fluxerr, datatype: float64}
# - {name: zp, datatype: float64}
# - {name: zpsys, datatype: string}
# - {name: pwv, datatype: float64}
# - {name: airmass, datatype: float64}
# meta: {SNID: '28585712', alt: 1024.0, c: 0.0044568320736289024, dec: 1.790785, lat: -30.244573, lon: -70.7499537, ra: 191.777344, t0: 61402.6796875,
#   x0: 2.6834952708442733e-05, x1: 0.9677297472953796, z: 0.30231809616088867}
# schema: astropy-2.0
time band flux fluxerr zp zpsys pwv airmass
61432.3616 lsst_hardware_i 3186.259053969753 90.73853639198704 31.309999465942383 AB 13.016043261822505 1.1849643366451466
61432.3796 lsst_hardware_y 406.2658120099301 80.95415216335998 30.020000457763672 AB 12.365917786335553 1.1777064558414811
61436.3622 lsst_hardware_g 537.1209410038872 31.793633873451853 31.530000686645508 AB 13.571749658580666 1.1785295311018742
61436.3816 lsst_hardware_y 558.2210360551177 77.70096976493797 30.010000228881836 AB 14.02184591733373 1.1820312680576315
61442.3595 lsst_hardware_r 1220.7556603576293 43.86923250930702 31.5 AB 5.207810699960689 1.1791269509344784
61442.3781 lsst_hardware_z 1749.8853991416638 65.02298193678482 30.950000762939453 AB 5.1978749873265375 1.194410398834178
61443.3296 lsst_hardware_i 2222.9606806732013 57.146790853889634 31.25 AB 4.41364076886018 1.1867018266748182
61443.3487 lsst_hardware_z 1802.7191284337064 60.29685087220903 30.940000534057617 AB 5.585510571882812 1.1776944962063904
61445.2833 lsst_hardware_r 1147.8434359744256 41.51882785480227 31.469999313354492 AB 6.722591767061634 1.2695913064751863
61445.3011 lsst_hardware_u 2.4530819234341545 3.4830510678936077 28.31999969482422 AB 6.605685084506926 1.221860824879894
61447.3371 lsst_hardware_i 1846.8433223695424 53.834492106429295 31.239999771118164 AB 5.2540759922839975 1.1777138677016525
61447.355 lsst_hardware_z 1529.9998472385555 57.96397152430001 30.940000534057617 AB 5.329174861675217 1.1845243079962797
61450.3414 lsst_hardware_r 951.3036059292566 38.866068089615936 31.489999771118164 AB 2.85409701886486 1.180842788111256
61450.3582 lsst_hardware_u 3.767350247378138 2.924311518150501 28.3700008392334 AB 2.939818314811616 1.1969944278548925
61452.2912 lsst_hardware_g 228.3375035594184 21.983371946678357 31.399999618530273 AB 5.46676814276247 1.204443464053715
61452.3073 lsst_hardware_r 844.005753688742 38.134360109053546 31.489999771118164 AB 5.839596278527841 1.1847025417131714
61454.3039 lsst_hardware_r 821.666148070085 50.17911897115779 31.579999923706055 AB 5.89543610912276 1.183109795127987
61454.3213 lsst_hardware_i 1356.1212759083053 49.51241049558223 31.239999771118164 AB 5.806631102586755 1.17781563946993
61458.3059 lsst_hardware_z 1125.3206299169906 98.0436957022211 30.979999542236328 AB 13.113872815318121 1.1777957936383707
61458.3222 lsst_hardware_r 766.1641501135684 140.00401995936485 31.6299991607666 AB 13.229933927419335 1.1824582318826773
61462.3073 lsst_hardware_r 817.754072146514 65.1906268105615 31.600000381469727 AB 7.769293039432159 1.1801457781415938
61462.3253 lsst_hardware_z 756.6001369671338 61.30245498865978 30.959999084472656 AB 7.904857219468712 1.1967989734244833
61464.3077 lsst_hardware_g 294.67938067026444 34.23944810844501 31.600000381469727 AB 6.246110372959803 1.1838162279952245
61464.3262 lsst_hardware_r 751.167995478492 44.1537801598022 31.549999237060547 AB 6.322295730181587 1.2066025535916
61466.277 lsst_hardware_r 696.9492304247992 37.157261219815766 31.5 AB 4.122670071313443 1.1797033779035035
61466.2969 lsst_hardware_i 1095.993934602604 46.59318684257835 31.239999771118164 AB 4.099934220297458 1.180403326381226
61468.27 lsst_hardware_z -10.238832624869282 61.43000030517578 31.68000030517578 AB 6.739501001967022 1.1804357196345787
61468.2887 lsst_hardware_r 49.11371847733361 34.720001220703125 32.22999954223633 AB 6.88713031536037 1.1791853522668174
61470.2746 lsst_hardware_u -0.8883180441983783 2.690000057220459 28.329999923706055 AB 9.17079376832471 1.1776930303375908
61470.2934 lsst_hardware_r -27.74870373067563 24.639999389648438 31.479999542236328 AB 8.457792740584065 1.185519534721121
61472.2734 lsst_hardware_i -8.937403660658834 32.43000030517578 31.229999542236328 AB 11.662042955153268 1.1779841368841684
61472.2919 lsst_hardware_z 7.677409659951466 43.459999084472656 30.93000030517578 AB 11.596202428638206 1.1893540952449442
61474.2708 lsst_hardware_r -2.6421274657031866 24.799999237060547 31.489999771118164 AB 11.179926857935339 1.1786644377254514
61474.291 lsst_hardware_u -1.0383480464487167 2.7100000381469727 28.34000015258789 AB 11.310017658822959 1.1947412094039993
61476.2727 lsst_hardware_g 8.75730717982337 15.34000015258789 31.399999618530273 AB 9.447183900855281 1.1822156654840605
61476.2906 lsst_hardware_r 34.5237418784674 24.90999984741211 31.469999313354492 AB 9.586760582432186 1.2019634837081068
61477.2695 lsst_hardware_i -10.916192533895599 32.81999969482422 31.239999771118164 AB 17.8720688480835 1.1819109105072254
61477.2894 lsst_hardware_z -3.8133821624944675 44.15999984741211 30.940000534057617 AB 18.372882357933086 1.204410608202938
61479.1039 lsst_hardware_r 5.651043140762335 29.399999618530273 31.329999923706055 AB 17.963462638893155 1.9790814512185457
61479.1379 lsst_hardware_g -11.107539779287253 15.109999656677246 31.270000457763672 AB 15.544280130601038 1.5624747580640974
61481.2868 lsst_hardware_r -9.854970857213955 25.030000686645508 31.479999542236328 AB 9.637435373166301 1.2199285282488987
61481.3084 lsst_hardware_i 25.92386007593522 33.630001068115234 31.219999313354492 AB 10.397278784015047 1.2792714591221221
61485.1641 lsst_hardware_i -33.777044698570606 102.3499984741211 31.290000915527344 AB 6.705215249310346 1.3055749309057951
61485.1839 lsst_hardware_z 46.53160996873075 86.81999969482422 30.979999542236328 AB 6.576561444626605 1.240860649929548
61492.2125 lsst_hardware_i -2.107055928513089 43.36000061035156 31.280000686645508 AB 9.069488663598475 1.1778556705972045
61492.2307 lsst_hardware_z 7.719407855397044 49.06999969482422 30.959999084472656 AB 9.047440269790163 1.183393826707817
61494.2114 lsst_hardware_r 11.602559284504249 30.610000610351562 31.540000915527344 AB 7.515565701834002 1.177742222393506
61494.2278 lsst_hardware_g -53.07306208524458 26.030000686645508 31.579999923706055 AB 7.581364941393026 1.185452664660642
61497.2136 lsst_hardware_r -24.62603543122152 25.34000015258789 31.5 AB 10.044479148432726 1.181124446655504
61497.2301 lsst_hardware_i -18.5277998961414 33.34000015258789 31.239999771118164 AB 10.220865024788287 1.1972899287139733
61501.2076 lsst_hardware_u -0.7359275946014286 2.7200000286102295 28.329999923706055 AB 16.38454468009007 1.1845390890753111
61501.2274 lsst_hardware_g -17.636118545810596 15.59000015258789 31.399999618530273 AB 17.967826479981007 1.2105252630856973
61503.2071 lsst_hardware_r -26.386096397508364 25.09000015258789 31.479999542236328 AB 10.019841148018598 1.1891810283475737
61503.2255 lsst_hardware_i 9.974663092204302 33.25 31.229999542236328 AB 11.288833909222557 1.2173874592065463
61511.1919 lsst_hardware_z -63.40833150926249 55.02000045776367 30.959999084472656 AB 20.378481718156063 1.1973256003616959
61511.2081 lsst_hardware_r -48.523744686346596 58.150001525878906 31.59000015258789 AB 20.977916268631873 1.2269461487122146
61513.1126 lsst_hardware_r 118.9386570183393 111.37999725341797 31.6200008392334 AB 13.878437486868641 1.228180308572446
61513.1315 lsst_hardware_i 83.32461683151685 90.66000366210938 31.309999465942383 AB 14.057233140083179 1.1944288503766827
61518.1652 lsst_hardware_z -18.16127953558647 91.20999908447266 31.709999084472656 AB 6.436209982081933 1.1882051012289532
61520.1523 lsst_hardware_r 19.193129164853357 54.36000061035156 31.600000381469727 AB 16.518446295345136 1.1820420262152591
61520.1715 lsst_hardware_i 44.86739440567922 48.790000915527344 31.280000686645508 AB 15.275245924687075 1.203604524746347
61522.1592 lsst_hardware_z 2.7731056768864963 66.27999877929688 31.690000534057617 AB 5.343206093526771 1.1937902275613712
61524.1531 lsst_hardware_g 3.9992185224694103 15.239999771118164 31.40999984741211 AB 9.921851077418827 1.1929961917117657
61524.1701 lsst_hardware_r -58.41892243944132 24.760000228881836 31.469999313354492 AB 11.922702888063629 1.2214215497947989
61526.1494 lsst_hardware_i -58.41583743190647 32.810001373291016 31.229999542236328 AB 11.12126429439104 1.195235110810816
61526.167 lsst_hardware_z 97.59013855753135 44.709999084472656 30.93000030517578 AB 11.757169735372651 1.226621777295008
61530.1136 lsst_hardware_u 0.47729973582569635 2.740000009536743 28.3799991607666 AB 10.948543321854132 1.17779040665395
61530.1312 lsst_hardware_g -1.6087809757749258 15.260000228881836 31.420000076293945 AB 10.21063864874346 1.1869960163228048
61532.1123 lsst_hardware_r -25.078950423755884 24.690000534057617 31.489999771118164 AB 7.821939270842053 1.17862416497281
61532.1309 lsst_hardware_i -26.21589515958744 32.81999969482422 31.239999771118164 AB 7.379192312670401 1.1925646144486994
61533.1146 lsst_hardware_z 17.561816927004983 44.13999938964844 30.940000534057617 AB 12.221798389409086 1.1807360051597995
61533.1322 lsst_hardware_u -2.7176500309545673 2.7799999713897705 28.389999389648438 AB 11.838342489984901 1.1978490832727815
61535.1115 lsst_hardware_g 15.91787723237245 15.220000267028809 31.40999984741211 AB 8.797239727094432 1.1821466358175878
61535.1297 lsst_hardware_r 29.980365821567705 24.790000915527344 31.479999542236328 AB 8.515045293000748 1.2022654843629281
61541.0684 lsst_hardware_z 66.56820369730285 75.01000213623047 30.979999542236328 AB 5.986376286727774 1.1817354363574544
61541.0899 lsst_hardware_r 277.55688152465507 99.62000274658203 31.6299991607666 AB 6.284966624453382 1.1793894960504128
61551.0336 lsst_hardware_g 2.8222678332693683 15.3100004196167 31.40999984741211 AB 6.768254894817084 1.1877778080668775
61551.0527 lsst_hardware_r 10.881119442751997 24.780000686645508 31.489999771118164 AB 6.135116902466937 1.1777351638848081
61553.0389 lsst_hardware_i -2.609132567902862 32.79999923706055 31.239999771118164 AB 8.28331547249145 1.1799594690158761
61553.0622 lsst_hardware_z 56.359703988291066 43.86000061035156 30.93000030517578 AB 8.647697236668233 1.182052247864519
61556.9954 lsst_hardware_g -6.221975873905199 15.430000305175781 31.399999618530273 AB 8.389858963862084 1.2216462113083655
61557.0071 lsst_hardware_r 33.00613024068223 24.959999084472656 31.489999771118164 AB 8.162550576772007 1.2003750848194128
61560.0006 lsst_hardware_r -30.41689282574516 25.010000228881836 31.489999771118164 AB 13.564784432513544 1.1979056789944627
61560.02 lsst_hardware_i -80.39567680974437 32.7599983215332 31.239999771118164 AB 13.222334670088545 1.17986329596269
61561.9958 lsst_hardware_z 48.791083696644385 44.40999984741211 30.93000030517578 AB 5.1470170687230015 1.196980713656512
61562.0145 lsst_hardware_u -1.7504866521084543 2.7200000286102295 28.329999923706055 AB 5.219401023053272 1.1798811746786086
61570.9937 lsst_hardware_z -105.92343311903741 67.01000213623047 30.969999313354492 AB 15.298859572766046 1.1784973351726316
61571.014 lsst_hardware_r -77.07987895153921 87.44999694824219 31.6200008392334 AB 15.65157210687956 1.1826937602014704
61572.9949 lsst_hardware_i 10.242464670371717 71.5199966430664 31.299999237060547 AB 8.479799885273634 1.1777090913889983
61573.0156 lsst_hardware_z 0.37457865028318504 65.33000183105469 30.969999313354492 AB 7.190119971085396 1.1888098273998284
61574.9589 lsst_hardware_y 72.27449687643609 60.470001220703125 30.0 AB 7.189045724094818 1.1989736030847122
61574.9791 lsst_hardware_i 95.17741950196014 66.63999938964844 31.299999237060547 AB 7.4955232284569435 1.1798399541095612
61576.9602 lsst_hardware_y -36.59829102288963 52.0099983215332 30.0 AB 6.398114551891444 1.190309984538583
61576.9796 lsst_hardware_g -4.445495044362734 41.2599983215332 31.639999389648438 AB 6.260428258725869 1.177990075967019
61578.9611 lsst_hardware_y 48.106303001334446 52.2599983215332 30.010000228881836 AB 10.9919517403629 1.1842542344240619
61578.9804 lsst_hardware_i -43.64018402550837 33.13999938964844 31.239999771118164 AB 10.219393187785638 1.1778696261158697
61580.9604 lsst_hardware_z -45.401609105119725 47.58000183105469 30.940000534057617 AB 5.945644473446515 1.1810192293146755
61580.979 lsst_hardware_u -2.4196259651425485 2.809999942779541 28.3700008392334 AB 5.936185856814102 1.1787891822235275
61587.9669 lsst_hardware_y -43.073881357606794 49.95000076293945 30.010000228881836 AB 10.99480776596787 1.1822373941900934
61588.0001 lsst_hardware_r 10.303807057578839 26.139999389648438 31.5 AB 10.83383461560952 1.2322377861248317
