data/validation/pwv_sim_epoch_fit_4/28598772.ecsv
# %ECSV 0.9
# ---
# datatype:
# - {name: time, datatype: float64}
# - {name: band, datatype: string}
# - {name: flux, datatype: float64}
# - {name: fluxerr, datatype: float64}
# - {name: zp, datatype: float64}
# - {name: zpsys, datatype: string}
# - {name: pwv, datatype: float64}
# - {name: airmass, datatype: float64}
# meta: {SNID: '28598772', alt: 1024.0, c: -0.09624836593866348, dec: 2.238686, lat: -30.244573, lon: -70.7499537, ra: 123.75, t0: 60017.15625,
#   x0: 7.566671007229717e-06, x1: -0.7211112976074219, z: 0.5165976881980896}
# schema: astropy-2.0
time band flux fluxerr zp zpsys pwv airmass
59910.3387 lsst_hardware_g 10.758895175109314 15.6899995803833 31.420000076293945 AB 4.699662986598593 1.1927574095678288
59912.3324 lsst_hardware_i 13.93827844195675 32.400001525878906 31.229999542236328 AB 5.357636418126352 1.193525479746741
59912.3516 lsst_hardware_z 29.564301507148258 59.70000076293945 30.959999084472656 AB 5.440534549399963 1.1845704284355982
59914.2139 lsst_hardware_r -19.53915426521918 34.619998931884766 31.40999984741211 AB 13.526983536141069 1.7814289116954876
59916.3437 lsst_hardware_r -33.35620676485432 26.1200008392334 31.510000228881836 AB 7.176193455546293 1.1847821849954208
59918.3167 lsst_hardware_z -73.2269907441117 49.279998779296875 30.950000762939453 AB 3.724817464650122 1.1928959054121713
59920.3334 lsst_hardware_z 87.28230166380686 60.290000915527344 30.969999313354492 AB 5.170509021688533 1.1848774612864854
59920.3531 lsst_hardware_y -151.43796634445445 73.79000091552734 30.020000457763672 AB 5.236824584896675 1.1977413425346324
59922.3334 lsst_hardware_r -14.07643331991241 106.91999816894531 31.6200008392334 AB 8.729976265311937 1.186541116590104
59922.3514 lsst_hardware_y -12.470721026140676 75.87000274658203 30.010000228881836 AB 8.833581545978015 1.2023931323926518
59924.3423 lsst_hardware_z 34.19030126332912 110.9800033569336 31.729999542236328 AB 10.190933282042531 1.1978763775542205
59927.3001 lsst_hardware_r -53.30006081310182 96.94000244140625 31.6200008392334 AB 8.591018562633593 1.1872607189930338
59927.3186 lsst_hardware_z -176.92432763741638 88.44999694824219 30.979999542236328 AB 8.545422240579448 1.1860679970269192
59929.2993 lsst_hardware_r -74.10637778484924 95.83999633789062 31.6299991607666 AB 12.54454987680537 1.1854049332137022
59929.3176 lsst_hardware_i -212.6465442134256 86.41999816894531 31.309999465942383 AB 12.575955037736222 1.1882504275407324
59931.2617 lsst_hardware_z -259.2339582430383 125.26000213623047 31.729999542236328 AB 6.597617511193783 1.2202745088521176
59931.2834 lsst_hardware_i -45.13971252616509 124.31999969482422 32.060001373291016 AB 6.395819652829854 1.1910278683109596
59933.2702 lsst_hardware_u 26.324215826126096 23.450000762939453 29.350000381469727 AB 5.144778345133141 1.1986669282904125
59933.2939 lsst_hardware_g -41.002865006776275 95.70999908447266 31.68000030517578 AB 5.285512848870529 1.1845613735701017
59935.2817 lsst_hardware_r -97.31676776948507 99.4800033569336 31.6200008392334 AB 5.545320103833892 1.1857842625540238
59935.3026 lsst_hardware_i -58.49052780740949 89.54000091552734 31.309999465942383 AB 7.173953103671695 1.1891186977740484
59937.2868 lsst_hardware_z -101.19535571968575 88.58000183105469 30.979999542236328 AB 6.611870474210408 1.1848345507431874
59937.3081 lsst_hardware_u 4.847607873779047 23.450000762939453 29.350000381469727 AB 7.257728096509556 1.1993931908187772
59939.251 lsst_hardware_r -73.38762614874558 96.8499984741211 31.6200008392334 AB 9.617589238743658 1.2021986548429573
59939.2722 lsst_hardware_g 63.3459421424182 95.31999969482422 31.670000076293945 AB 9.482730550071533 1.1853413187589417
59942.2503 lsst_hardware_r 42.58995903169087 99.4800033569336 31.6200008392334 AB 8.563235356495067 1.19369023962294
59942.2697 lsst_hardware_i 126.63148081161039 89.62000274658203 31.309999465942383 AB 8.525416344109994 1.1845517463969608
59946.249 lsst_hardware_z -85.43225484818413 87.55999755859375 30.979999542236328 AB 6.479508537904983 1.1868680921794443
59946.2698 lsst_hardware_g -75.31227989469336 94.44000244140625 31.68000030517578 AB 5.798749606091585 1.1874572572201196
59948.2503 lsst_hardware_r -46.694898597379975 99.41999816894531 31.6200008392334 AB 3.2981085108789103 1.184771804536654
59948.271 lsst_hardware_i 85.46756487574744 89.38999938964844 31.309999465942383 AB 3.1953562694232214 1.1920747134576466
59950.2573 lsst_hardware_z -133.81584366281015 127.08000183105469 31.729999542236328 AB 8.820969071411572 1.1866774535531284
59952.2128 lsst_hardware_r 126.34101145470129 140.38999938964844 32.369998931884766 AB 9.742758064198444 1.2059734568093388
59952.2365 lsst_hardware_z 303.3482303241585 127.4000015258789 31.729999542236328 AB 9.545662602465818 1.1853916491218301
59954.2124 lsst_hardware_r -156.60397657198533 96.77999877929688 31.6200008392334 AB 8.658389978683873 1.1992091474499003
59954.2351 lsst_hardware_i 68.80973707712153 87.31999969482422 31.309999465942383 AB 8.49299746081091 1.1846286210913526
59956.1963 lsst_hardware_z -30.089343227821356 88.26000213623047 30.969999313354492 AB 7.6301366936752295 1.2149899193750353
59956.2152 lsst_hardware_i 11.100102677823083 87.41999816894531 31.309999465942383 AB 6.106987931845922 1.190968345150587
59958.1965 lsst_hardware_u -13.107179346750053 23.239999771118164 29.350000381469727 AB 9.570237689114357 1.2058511546795636
59958.2153 lsst_hardware_g 76.13813425335671 94.30000305175781 31.68000030517578 AB 9.349503264960312 1.187326459944374
59963.1912 lsst_hardware_r -0.3918970962823645 97.33999633789062 31.6200008392334 AB 6.93347000297651 1.195425862582157
59963.2113 lsst_hardware_i 178.29121477727062 87.75 31.309999465942383 AB 7.085299773269683 1.1845686201409387
59965.1611 lsst_hardware_i 80.93395023959313 87.04000091552734 31.299999237060547 AB 14.72272764826664 1.236918161623712
59965.1811 lsst_hardware_z -122.22532581619862 88.38999938964844 30.979999542236328 AB 13.80887437062666 1.2007716844023182
59967.135 lsst_hardware_r -10.96550601032037 96.02999877929688 31.59000015258789 AB 9.882254938565545 1.299384853422889
59967.1497 lsst_hardware_g 76.71144790613522 94.41000366210938 31.649999618530273 AB 9.547368008063849 1.2520591022989835
59972.1776 lsst_hardware_i -3.5531788187817774 86.2300033569336 31.309999465942383 AB 12.672989149706718 1.187054060482083
59972.1962 lsst_hardware_z 142.78787365669933 87.38999938964844 30.979999542236328 AB 12.66768779316596 1.186224158925551
59974.1393 lsst_hardware_z -6.5979654225225195 87.29000091552734 30.979999542236328 AB 14.785793785179012 1.2305685433446485
59974.1569 lsst_hardware_i 50.77904778495167 86.22000122070312 31.309999465942383 AB 14.41077017855233 1.2002973661962626
59976.1526 lsst_hardware_z 22.212064980097626 123.55000305175781 31.729999542236328 AB 10.087357431329698 1.1988777550902896
59978.1432 lsst_hardware_r -47.93083190030397 97.0 31.6200008392334 AB 9.013339365152367 1.2039724874418762
59978.1618 lsst_hardware_i 23.26852534685363 87.52999877929688 31.309999465942383 AB 8.881702000240978 1.186771899772752
59982.1436 lsst_hardware_z -12.124266117736203 88.56999969482422 30.979999542236328 AB 5.94572812418133 1.1914490930829054
59982.1616 lsst_hardware_r -44.480271219026584 97.44999694824219 31.6200008392334 AB 5.885683183877669 1.1845598786819407
59984.1395 lsst_hardware_i -40.49223146132085 86.4800033569336 31.31999969482422 AB 6.666108280536196 1.190376478667178
59984.158 lsst_hardware_z 15.332380831253564 87.6500015258789 30.979999542236328 AB 6.634540053604345 1.1847392952864904
59986.13 lsst_hardware_i -2.584376932284775 87.66999816894531 31.309999465942383 AB 2.3904390112690748 1.1938267078087603
59986.1466 lsst_hardware_z 91.81840387379499 88.56999969482422 30.979999542236328 AB 2.426165125971349 1.184747355402303
59990.1262 lsst_hardware_i 109.7019418321488 89.4959073227217 31.309999465942383 AB 3.4470085752063966 1.188282186224555
59990.1421 lsst_hardware_r 45.83125091290127 99.45500739661955 31.6200008392334 AB 3.3559765912268436 1.18481080008014
59992.0916 lsst_hardware_z -43.68671202614458 88.43577162004655 30.979999542236328 AB 2.9157526291078257 1.2274269118534513
59992.1084 lsst_hardware_u -6.697998547009058 23.797797379210067 29.360000610351562 AB 2.8023106813162455 1.1994909283322615
59994.0928 lsst_hardware_g 59.72137045258242 95.01260231719098 31.65999984741211 AB 3.967957231545239 1.2145258711527323
59994.1102 lsst_hardware_r -75.79198118770807 97.37377309101888 31.6200008392334 AB 3.9995780695244108 1.1919765760410512
59996.0931 lsst_hardware_i 20.08006987759019 88.33293685372703 31.309999465942383 AB 5.488021700553935 1.20531974828228
59996.1118 lsst_hardware_z 96.53641239214274 89.29295583310504 30.979999542236328 AB 5.422844210955298 1.1871808394107999
59998.0902 lsst_hardware_i 170.00282639343683 91.31175434493701 31.309999465942383 AB 7.92069309936807 1.2017893410261504
59998.1083 lsst_hardware_u 65.26576324718637 25.307621914435806 29.360000610351562 AB 7.823620424016939 1.1862807531899175
60000.0902 lsst_hardware_g 236.01369942960673 98.46796689582632 31.65999984741211 AB 9.118114753737482 1.1953872051047019
60000.1074 lsst_hardware_r 1013.0170357806494 103.3860368125734 31.6200008392334 AB 9.044689344262258 1.1849067362214216
60002.0879 lsst_hardware_i 798.4684757724472 91.66205783182028 31.309999465942383 AB 7.927467040619426 1.1923692623327706
60002.1057 lsst_hardware_r 1263.3844268162134 103.12974012325819 31.6200008392334 AB 7.845125517939016 1.184527482702554
60004.0924 lsst_hardware_z 1243.7543274222369 130.39259880863767 31.729999542236328 AB 4.851980617135219 1.186085831970896
60006.0857 lsst_hardware_r 1728.78215773923 107.08148566954398 31.6200008392334 AB 6.901284785927821 1.186603298818401
60006.1047 lsst_hardware_i 1305.600480102487 94.41671568083184 31.309999465942383 AB 6.977170824032056 1.1867955135281605
60009.0466 lsst_hardware_i 1401.5387624812201 95.59963380030123 31.299999237060547 AB 6.400704653339683 1.2244684325990733
60009.0662 lsst_hardware_z 1155.5429225224082 94.43766074686336 30.979999542236328 AB 6.305754711100516 1.1947997305186113
60011.0479 lsst_hardware_i 1644.605396805792 98.32952228506728 31.299999237060547 AB 11.357750368623282 1.2119242790634839
60011.0665 lsst_hardware_z 1296.93196520774 96.39451469087467 30.979999542236328 AB 11.15968702249257 1.1898377989329822
60015.0451 lsst_hardware_i 1954.47583856794 96.9478193950839 31.309999465942383 AB 9.333587003247976 1.2001011919142617
60015.0647 lsst_hardware_r 3176.428776790224 110.43957501769145 31.6200008392334 AB 9.138745152031662 1.185310655257025
60017.0445 lsst_hardware_u 16.83846582243741 23.519411076873503 29.360000610351562 AB 15.503825778871459 1.1946543378782597
60017.0643 lsst_hardware_g 1236.3901048482512 100.8849567159276 31.68000030517578 AB 15.38068859296893 1.1845346283453273
60022.0368 lsst_hardware_u 1.824202421337839 23.87753533073841 29.3799991607666 AB 8.093427122963941 1.1895975781530008
60022.0572 lsst_hardware_g 917.4125166744486 100.34560327190682 31.68000030517578 AB 8.571540731354727 1.1853606930216045
60025.034 lsst_hardware_r 2324.035843449699 110.97681774433806 31.6200008392334 AB 6.11533537523083 1.186522191546533
60025.0549 lsst_hardware_z 1531.6630057260395 97.42546384795241 30.979999542236328 AB 4.644685628541009 1.1878738207304216
60027.0345 lsst_hardware_r 2039.9226819572766 109.89589091100679 31.6200008392334 AB 5.520993459399773 1.1847625449355343
60027.0542 lsst_hardware_u -9.47017295760547 23.854335454058518 29.350000381469727 AB 5.029590703410954 1.19114048630218
60029.0281 lsst_hardware_g 397.0884339511234 99.73624554611895 31.670000076293945 AB 8.772794156818998 1.1849255985978733
60029.0461 lsst_hardware_r 1947.5095817446395 108.57223277547469 31.6200008392334 AB 8.219993377432507 1.189192141116497
60035.9896 lsst_hardware_y 309.2168079542415 83.66596930022764 30.010000228881836 AB 9.316630665574872 1.1978952961202018
60036.0081 lsst_hardware_r 1194.5041787418468 105.06301238789845 31.6200008392334 AB 9.356907002005173 1.1851186779538765
60037.9892 lsst_hardware_y 319.2839092038848 83.68072842805744 30.010000228881836 AB 7.424094571545201 1.192721434901616
60038.0084 lsst_hardware_z 691.4589968883373 94.34020188437212 30.979999542236328 AB 6.041149168564541 1.184539052659714
60039.9842 lsst_hardware_y 302.7551460449505 83.22890646615672 30.020000457763672 AB 9.86818685819238 1.1923140044937328
60040.0022 lsst_hardware_z 751.9441295969891 92.66260579984096 30.979999542236328 AB 9.594648345061284 1.184524487044603
60041.9837 lsst_hardware_y 198.51660767179143 83.46441804380552 30.010000228881836 AB 10.389191849958035 1.1885927237317204
60042.0028 lsst_hardware_u 10.88545948986061 23.633060854891397 29.329999923706055 AB 8.9761174510445 1.185422433418102
60045.9797 lsst_hardware_y 291.71850434741674 83.22345202422484 30.020000457763672 AB 6.405361091966144 1.1854096589185055
60045.9966 lsst_hardware_z 612.8677287212612 92.4640555925679 30.979999542236328 AB 6.419805909991473 1.1873504349418584
60050.9766 lsst_hardware_y 355.73851729989747 82.31088546878586 30.030000686645508 AB 17.013170122410582 1.1850087150804889
60050.9951 lsst_hardware_u -13.216280723388513 23.448328906343537 29.360000610351562 AB 17.102816520413025 1.1973408373293912
60279.3375 lsst_hardware_z -85.90802910082397 87.38999938964844 30.979999542236328 AB 8.66251265755043 1.1866455695274563
60283.3367 lsst_hardware_r 34.71131093359962 95.70999908447266 31.6200008392334 AB 4.795414330207744 1.184540386218463
60291.2983 lsst_hardware_r -108.00556310708473 96.88999938964844 31.6200008392334 AB 11.9157117552302 1.1905592002028476
60291.3161 lsst_hardware_i 138.3165498543631 87.38999938964844 31.309999465942383 AB 11.849517869733424 1.1846161457320517
60292.2997 lsst_hardware_z -57.037478548993384 43.52000045776367 30.940000534057617 AB 8.559755596712048 1.1878101110197237
60292.3194 lsst_hardware_r -10.253032352605414 23.8700008392334 31.469999313354492 AB 8.553914737606352 1.1860669353308864
60294.2985 lsst_hardware_u 1.3351746030331613 2.700000047683716 28.3700008392334 AB 12.547157311861389 1.1858454747669795
60294.3165 lsst_hardware_r 13.896754492766076 23.93000030517578 31.479999542236328 AB 12.564741042953115 1.1872134624986577
60296.2619 lsst_hardware_i -37.21826909662584 32.54999923706055 31.229999542236328 AB 6.395805706327711 1.2211950814018688
60296.2843 lsst_hardware_z 44.663287349706614 43.68000030517578 30.940000534057617 AB 6.335993412813905 1.190826978977679
60300.2663 lsst_hardware_r -4.565299557018836 41.34000015258789 32.65999984741211 AB 5.543797871549809 1.1976232170122725
60300.2882 lsst_hardware_u 0.024589914312651742 2.700000047683716 28.360000610351562 AB 5.496355741727184 1.184559427096455
60302.2721 lsst_hardware_g -52.403636191600555 47.5099983215332 31.639999389648438 AB 6.614542745710122 1.1879744510741819
60302.2947 lsst_hardware_r -2.0519884898072522 44.189998626708984 31.579999923706055 AB 7.235374212545578 1.1872298111708546
60305.2295 lsst_hardware_r 4.55403386685522 121.12999725341797 31.6200008392334 AB 6.276494816989772 1.2382116427283798
60305.251 lsst_hardware_i -11.01130672703783 94.83999633789062 31.309999465942383 AB 7.5430675224755666 1.199565457204078
60307.2526 lsst_hardware_z -74.8687415419869 81.51000213623047 30.979999542236328 AB 8.561159289592972 1.1921959740416337
60307.2736 lsst_hardware_r 94.9607814318091 114.81999969482422 31.6299991607666 AB 8.526959262016709 1.1847524071022555
60309.2507 lsst_hardware_z 0.6443229354161422 65.5199966430664 30.969999313354492 AB 6.676626908396551 1.189422845913897
60309.2715 lsst_hardware_r -2.339396345957691 82.51000213623047 31.6200008392334 AB 6.660635428921467 1.1855356078710395
60311.2391 lsst_hardware_i 78.54576413295773 46.619998931884766 31.280000686645508 AB 6.621241722134517 1.1945949703153447
60311.2613 lsst_hardware_z -91.55657242807304 50.4900016784668 30.950000762939453 AB 5.730238167085677 1.1845861701527718
60313.2485 lsst_hardware_r -44.49689287401673 31.959999084472656 31.540000915527344 AB 3.096462958593711 1.1852489793660137
60313.2681 lsst_hardware_z 66.09707157261013 45.09000015258789 30.940000534057617 AB 3.287042287027385 1.1892696790282093
60315.2478 lsst_hardware_g -47.076582405957176 22.610000610351562 32.18000030517578 AB 8.323536409388673 1.1845218613268516
60315.2726 lsst_hardware_r 41.910730346775 36.33000183105469 32.2400016784668 AB 8.929645919748028 1.1985029419847906
60317.2535 lsst_hardware_i 1.8429908949031757 32.36000061035156 31.229999542236328 AB 10.565152866237401 1.1870958276671237
