data/validation/pwv_sim_epoch_fit_4/28716270.ecsv
# %ECSV 0.9
# ---
# datatype:
# - {name: time, datatype: float64}
# - {name: band, datatype: string}
# - {name: flux, datatype: float64}
# - {name: fluxerr, datatype: float64}
# - {name: zp, datatype: float64}
# - {name: zpsys, datatype: string}
# - {name: pwv, datatype: float64}
# - {name: airmass, datatype: float64}
# meta: {SNID: '28716270', alt: 1024.0, c: -0.003270838875323534, dec: -16.49037, lat: -30.244573, lon: -70.7499537, ra: 118.125, t0: 61859.828125,
#   x0: 3.7655452432772247e-06, x1: 0.7864105105400085, z: 0.6888909935951233}
# schema: astropy-2.0
time band flux fluxerr zp zpsys pwv airmass
61730.3469 lsst_hardware_r -31.575983300227083 34.540000915527344 31.59000015258789 AB 3.8058066098431795 1.0315702773336555
61735.3449 lsst_hardware_g 3.313302264941187 17.56999969482422 31.520000457763672 AB 5.248976392882821 1.0292110574280042
61737.3462 lsst_hardware_i -62.370201669302105 34.2599983215332 31.270000457763672 AB 3.9547309161118314 1.0300119588779906
61741.3251 lsst_hardware_g 3.6910927934581306 13.390000343322754 31.40999984741211 AB 6.728223491112397 1.0294099588605259
61741.3449 lsst_hardware_y -23.408799611658505 52.400001525878906 30.049999237060547 AB 6.89282598400545 1.033910973713646
61745.1924 lsst_hardware_z 115.99800641062345 46.189998626708984 30.920000076293945 AB 7.150872820772461 1.3751678501485503
61745.2147 lsst_hardware_u -1.219841540197035 3.690000057220459 29.06999969482422 AB 6.6038873335895785 1.244255738782848
61747.3112 lsst_hardware_g 19.19011169964544 13.220000267028809 31.3799991607666 AB 5.700003955145319 1.029222177341197
61747.3287 lsst_hardware_r 18.466407790932433 22.079999923706055 31.479999542236328 AB 5.727231490284839 1.034014050543368
61749.2796 lsst_hardware_i -46.312230804979095 33.61000061035156 31.270000457763672 AB 9.649896558557382 1.0420773260503098
61749.2958 lsst_hardware_z 10.778943019462638 40.58000183105469 30.950000762939453 AB 10.32782476723722 1.0312613662085643
61751.3045 lsst_hardware_i -13.103948285592129 52.97999954223633 31.31999969482422 AB 10.856015035151941 1.0293964569649101
61751.3225 lsst_hardware_z 86.86913992492372 51.060001373291016 30.969999313354492 AB 10.891537550428811 1.0371575879661563
61755.293 lsst_hardware_i 43.98281169940955 65.26000213623047 31.329999923706055 AB 10.8884525518147 1.029334275208036
61755.3118 lsst_hardware_r -42.607995341093286 81.0 31.65999984741211 AB 10.977471782706822 1.037322927743721
61757.2651 lsst_hardware_z 15.112390747893816 71.73999786376953 31.719999313354492 AB 5.544700261236077 1.0360052805000144
61759.257 lsst_hardware_g -5.532057952100489 28.6200008392334 31.639999389648438 AB 4.440052256682605 1.0379612538025258
61759.2778 lsst_hardware_r 8.496954287947903 32.939998626708984 31.579999923706055 AB 4.399425203501718 1.0292457536509976
61762.2574 lsst_hardware_i -54.11249314474824 29.979999542236328 31.25 AB 6.917805641741218 1.0325083047374952
61762.2774 lsst_hardware_z -1.9594313479628338 40.59000015258789 30.950000762939453 AB 6.900199472379074 1.0298805182655335
61765.2621 lsst_hardware_g -26.40799434816335 13.520000457763672 31.420000076293945 AB 8.233718818388757 1.0292148522985947
61765.2821 lsst_hardware_r 6.029820931484786 22.270000457763672 31.5 AB 8.284826307844504 1.035603288480563
61767.2493 lsst_hardware_i -25.677543981774715 30.149999618530273 31.25 AB 6.202432106154529 1.0303756527148107
61767.2696 lsst_hardware_r -27.697846501116516 22.360000610351562 31.5 AB 6.332624840565714 1.031750208230383
61769.2424 lsst_hardware_u 0.39653815709595547 2.680000066757202 28.450000762939453 AB 9.267018369827206 1.0308236119905188
61769.2616 lsst_hardware_g -16.716673661002222 13.680000305175781 31.43000030517578 AB 8.967872251533205 1.030789913969334
61771.2448 lsst_hardware_r 7.579296912887979 22.510000228881836 31.5 AB 7.243643534855925 1.029255590899922
61771.2656 lsst_hardware_i 9.220762761963238 30.299999237060547 31.25 AB 7.3256298233630455 1.0355220417697275
61773.2502 lsst_hardware_z 37.88361595999888 40.779998779296875 30.940000534057617 AB 4.517780697919106 1.0306332149923816
61773.2705 lsst_hardware_r 22.040437707664463 22.420000076293945 31.489999771118164 AB 4.581933084968439 1.044394579258087
61775.222 lsst_hardware_i 20.369388327728743 30.15999984741211 31.25 AB 11.96620373237845 1.0324593384278213
61775.2398 lsst_hardware_u 0.4925936122580063 2.630000114440918 28.40999984741211 AB 11.958109140011482 1.0294958581216032
61777.2143 lsst_hardware_g 16.5531367531029 32.25 32.34000015258789 AB 9.016599422877636 1.0336185811476084
61777.2364 lsst_hardware_r 24.528855849251777 31.520000457763672 32.2400016784668 AB 9.082042688229503 1.0298657417859278
61781.2146 lsst_hardware_z 42.45183718809338 96.5199966430664 31.739999771118164 AB 6.589305710516548 1.0295790172682107
61787.1614 lsst_hardware_i -9.493755865273855 39.04999923706055 31.280000686645508 AB 1.6965492509913358 1.059901656179463
61787.1828 lsst_hardware_z 9.335141590367357 45.66999816894531 30.959999084472656 AB 3.158724060123637 1.0362701274395485
61789.165 lsst_hardware_g 14.885666865844234 13.739999771118164 31.399999618530273 AB 4.203710231277437 1.0477842052037483
61789.1858 lsst_hardware_r -44.98420090290396 25.18000030517578 31.520000457763672 AB 5.983041531508472 1.03155888474284
61791.1634 lsst_hardware_i -43.556780921388494 30.239999771118164 31.25 AB 12.441074864445886 1.0435757161265675
61791.1833 lsst_hardware_r -9.57610440058752 22.3799991607666 31.5 AB 11.850836246352968 1.0305074996828667
61793.169 lsst_hardware_u -7.010334649104164 2.609999895095825 28.389999389648438 AB 8.986448966181705 1.0345602493805426
61793.1894 lsst_hardware_g 0.8452736440564597 13.6899995803833 31.420000076293945 AB 8.881463477404376 1.029337084497316
61795.1522 lsst_hardware_r -7.804460235968858 22.399999618530273 31.479999542236328 AB 8.144711623132725 1.0438592275722813
61795.1724 lsst_hardware_i 19.680429596121076 30.079999923706055 31.239999771118164 AB 7.9670511445103065 1.0304997438331818
61797.148 lsst_hardware_z 12.161954618865542 40.84000015258789 30.950000762939453 AB 11.468513911205632 1.0425921737459665
61797.166 lsst_hardware_r 13.873588741983413 22.299999237060547 31.489999771118164 AB 11.338783755776326 1.0307985232523933
61799.1497 lsst_hardware_u 2.939582117246063 2.5899999141693115 28.3700008392334 AB 10.361777297791884 1.0365059566654657
61799.1668 lsst_hardware_g 8.157022057604546 13.829999923706055 31.420000076293945 AB 9.912469506950703 1.0293856905291736
61801.1368 lsst_hardware_r -16.756247474577698 22.709999084472656 31.5 AB 9.47330596030019 1.042865793238987
61801.1555 lsst_hardware_z -0.7018939754410375 41.04999923706055 30.950000762939453 AB 9.371700458005165 1.030659446419484
61805.1336 lsst_hardware_g -23.235091674931475 20.65999984741211 31.56999969482422 AB 10.66847442233059 1.0363024281629558
61805.1525 lsst_hardware_r 23.528146601449233 26.09000015258789 31.540000915527344 AB 10.597851592753143 1.029217402423341
61807.1095 lsst_hardware_r 22.849659543529814 48.25 31.6200008392334 AB 4.639089104850958 1.0559383394956534
61807.1299 lsst_hardware_i 3.065698970292978 44.029998779296875 31.299999237060547 AB 4.057795614549551 1.0351079327961032
61808.1133 lsst_hardware_z 43.53850421404632 51.91999816894531 30.969999313354492 AB 5.765402523610149 1.0475724949399878
61808.1354 lsst_hardware_r 69.60348783095112 59.369998931884766 31.639999389648438 AB 5.08415849368342 1.0309906368156185
61810.123 lsst_hardware_z -108.3531898923286 96.4000015258789 31.739999771118164 AB 6.126171815914976 1.0343021806373327
61812.1237 lsst_hardware_z 54.52264134932236 72.91000366210938 30.989999771118164 AB 1.709083201734343 1.0312766340228106
61812.1405 lsst_hardware_r -59.88022249904234 108.7699966430664 31.65999984741211 AB 2.10342232720563 1.0297853178763638
61814.1048 lsst_hardware_r 22.531115554809286 64.33000183105469 31.649999618530273 AB 3.5570662027949496 1.039621862573418
61814.1222 lsst_hardware_y 24.485220508932453 50.5 30.059999465942383 AB 3.506075321800578 1.030037307486823
61816.1031 lsst_hardware_g 24.97187756775165 26.780000686645508 31.639999389648438 AB 1.5299848047457674 1.0366335981564774
61816.12 lsst_hardware_r 6.511311807646715 36.400001525878906 31.600000381469727 AB 1.5427703189290292 1.029428593591443
61818.0976 lsst_hardware_i 16.57296196037672 30.149999618530273 31.25 AB 2.429934367856067 1.036661419733817
61818.1161 lsst_hardware_z -20.101679312937556 40.779998779296875 30.950000762939453 AB 2.465869115049422 1.0292681269119992
61820.0959 lsst_hardware_r -6.8447828352440405 22.40999984741211 31.5 AB 3.4063228656203153 1.0341777201124298
61820.1138 lsst_hardware_u -4.677645525139153 2.740000009536743 28.5 AB 3.4461169552772577 1.0292036700679117
61824.0847 lsst_hardware_z -145.54960800598644 40.83000183105469 30.950000762939453 AB 6.822699834938019 1.0343431540952603
61824.1016 lsst_hardware_r 13.696495419125775 22.190000534057617 31.489999771118164 AB 6.785257678858139 1.0291868967097817
61828.0833 lsst_hardware_r 39.96088312605135 22.340235375447225 31.5 AB 8.108238207400593 1.0302062394257787
61828.1014 lsst_hardware_i 57.43442388927289 30.14686197348366 31.25 AB 6.949522696469356 1.0310864534821003
61832.0535 lsst_hardware_r -0.3649383460932114 23.363181250443265 31.510000228881836 AB 6.550188843879094 1.0415586638558927
61832.0697 lsst_hardware_u 4.458790072318995 2.9943684344314416 28.5 AB 6.492668678586113 1.0310460278833518
61834.058 lsst_hardware_g 32.583669672152546 24.61204861209787 31.610000610351562 AB 11.063618469494317 1.0339830345321792
61834.0766 lsst_hardware_i 62.1139439429061 34.55996306762388 31.270000457763672 AB 11.01303270826957 1.0292553932962216
61836.0538 lsst_hardware_z 81.34993300359575 49.00720491883783 30.959999084472656 AB 6.652931511372797 1.0332778284385002
61836.0717 lsst_hardware_r 220.9636049275478 48.721922109697864 31.6200008392334 AB 6.689764588032604 1.029300121248221
61838.0473 lsst_hardware_y 233.81001270554384 75.02059708413063 30.809999465942383 AB 11.123063938445727 1.0338540986580869
61840.0386 lsst_hardware_r 501.93180136237976 98.71009554565781 31.65999984741211 AB 8.386460300126595 1.0358983386672003
61840.0565 lsst_hardware_i 538.5550330151946 80.06652780708504 31.34000015258789 AB 7.396324591194844 1.0292328531841843
61845.0346 lsst_hardware_i 749.4991006029633 40.310714585989544 31.25 AB 8.39739721140557 1.0309036147733648
61845.0547 lsst_hardware_z 463.1981556988019 46.15695533229894 30.940000534057617 AB 8.038059094641573 1.0309830173336207
61847.009 lsst_hardware_y 264.70741211772526 49.74509579889906 30.049999237060547 AB 8.037525319174733 1.0451238956081832
61847.0283 lsst_hardware_r 849.9450033385306 37.14005626562951 31.489999771118164 AB 8.015053377801793 1.0312066102028683
61849.0072 lsst_hardware_y 248.82760228128842 50.310160756942565 30.049999237060547 AB 5.079468198936063 1.0414437258616416
61849.0258 lsst_hardware_g 232.96896460550823 20.035122138471166 31.399999618530273 AB 5.018670777405317 1.0302458144393014
61851.0055 lsst_hardware_z 653.0521248407622 49.332262091920335 30.950000762939453 AB 5.44351050020056 1.0381774634838958
61851.0258 lsst_hardware_i 1063.4573067703664 44.45517187427203 31.25 AB 5.425668608575301 1.0292782234555398
61853.0049 lsst_hardware_y 436.4731559806988 50.38516976555328 30.049999237060547 AB 4.904036311893696 1.0347159641088082
61853.0246 lsst_hardware_r 1110.482060392054 40.49662420723045 31.489999771118164 AB 4.860610104171416 1.0292451252877197
61855.0006 lsst_hardware_y 432.68935007871386 50.56420713753923 30.040000915527344 AB 7.652741041333338 1.034014463090574
61855.0188 lsst_hardware_r 1116.4021640790868 40.44588451588423 31.479999542236328 AB 7.682132111757251 1.0292245594530078
61858.9848 lsst_hardware_y 537.6433971400098 67.37097688045176 30.059999465942383 AB 6.907973823961706 1.0372852230784964
61859.0032 lsst_hardware_u 0.7630802351341028 2.7480633580180505 28.3700008392334 AB 6.058065732178298 1.0293496373207347
61860.9972 lsst_hardware_y 316.18074388786073 50.66192612118487 30.040000915527344 AB 5.107603232455452 1.0294128113782706
61861.0163 lsst_hardware_r 1123.536319197384 40.02221269867944 31.489999771118164 AB 3.7765547738957475 1.0333513609711094
61862.9904 lsst_hardware_z 1832.7393126935624 82.98339667488341 31.719999313354492 AB 9.330876401719884 1.0296139477759871
61864.9809 lsst_hardware_y 316.67290202243237 70.93002449876401 30.06999969482422 AB 9.213309321168708 1.0306003323547872
61864.999 lsst_hardware_z 816.9387055855238 56.10506004241689 30.969999313354492 AB 9.307237860814968 1.0306162678420296
61866.9792 lsst_hardware_y 315.8726691771478 72.65422331244598 30.06999969482422 AB 11.660424437812807 1.0296635116616921
61866.9974 lsst_hardware_i 1185.9763265733334 67.91409048058213 31.31999969482422 AB 11.673490609207262 1.0321008459052308
61869.9768 lsst_hardware_y 373.9952886148835 75.28458381831025 30.06999969482422 AB 5.652803920127581 1.0291859663409924
61870.0023 lsst_hardware_g 176.05513398373876 92.04957763927386 31.729999542236328 AB 5.912834575393751 1.0410836473974383
62097.3466 lsst_hardware_z -32.04353274033172 44.849998474121094 30.959999084472656 AB 6.8056309512303335 1.0300896977216176
62099.3434 lsst_hardware_g 3.880667399350743 16.270000457763672 31.489999771118164 AB 5.720708560471438 1.0296142833136945
62102.2375 lsst_hardware_i 5.319365688792235 58.77000045776367 32.0099983215332 AB 4.971754653645679 1.2429386634114197
62102.2612 lsst_hardware_y -6.729007069670705 49.189998626708984 30.010000228881836 AB 5.07128945736876 1.1475885551005132
62104.3391 lsst_hardware_g -0.5008365123589853 14.350000381469727 31.440000534057617 AB 6.2949498790004 1.0295398591834053
62108.331 lsst_hardware_z -93.26334427293186 90.94000244140625 31.739999771118164 AB 3.668066631922502 1.0301146637741638
62113.3068 lsst_hardware_i -63.466351675551834 41.79999923706055 31.299999237060547 AB 6.733941385641047 1.0293792006175853
62113.3252 lsst_hardware_z -37.744163826311116 46.66999816894531 30.969999313354492 AB 6.689101577794898 1.0331855547428561
62115.3053 lsst_hardware_i 0.23675025214119938 31.979999542236328 31.270000457763672 AB 8.514998265046163 1.029199737921206
62115.3237 lsst_hardware_z 35.4332590079935 41.709999084472656 30.959999084472656 AB 8.575404658934438 1.0355622455969502
62119.2931 lsst_hardware_i -54.64564809314357 30.010000228881836 31.25 AB 8.50648150143482 1.02919638036657
62119.3112 lsst_hardware_r 19.052400705125105 22.139999389648438 31.489999771118164 AB 8.548527057959152 1.0345457179068154
62121.2589 lsst_hardware_u -4.282704934972628 2.7100000381469727 28.479999542236328 AB 7.327145375704227 1.0443479725918225
62121.282 lsst_hardware_g 9.931281728313206 13.5 31.420000076293945 AB 7.243053030916279 1.0298667753328992
62125.2577 lsst_hardware_z 15.591503811674894 40.970001220703125 30.950000762939453 AB 5.577572285627037 1.0359211798100052
62125.2824 lsst_hardware_r 17.718966486945995 22.31999969482422 31.510000228881836 AB 5.537224194945802 1.0296384903980789
62127.2374 lsst_hardware_i 41.755312627446486 30.299999237060547 31.25 AB 7.105335091569886 1.0501917882821397
62127.2597 lsst_hardware_u -2.0884432833810753 2.6500000953674316 28.43000030517578 AB 6.912823252823552 1.03176466460053
62130.2377 lsst_hardware_g 8.38370456651249 18.989999771118164 32.150001525878906 AB 7.616698656537654 1.0410303637719749
62130.2585 lsst_hardware_r 19.435270113453424 22.059999465942383 31.479999542236328 AB 8.237209502710911 1.029651187838864
62132.2205 lsst_hardware_i -16.987518075729138 55.959999084472656 32.04999923706055 AB 6.398129960254716 1.0544195498599196
62132.2432 lsst_hardware_r -40.826809213200335 33.72999954223633 31.59000015258789 AB 6.231415515264252 1.0331166922238824
62136.2402 lsst_hardware_r -117.65389455083547 99.33999633789062 31.65999984741211 AB 7.199319881755643 1.0300584435266793
62136.2615 lsst_hardware_i 96.2819878904866 76.80000305175781 31.34000015258789 AB 7.258213455857329 1.0327129865095985
62142.2183 lsst_hardware_g 3.1380953034204393 56.65999984741211 32.439998626708984 AB 7.227712094003106 1.031952896927163
62142.2404 lsst_hardware_r -50.362325799984575 60.25 32.369998931884766 AB 7.231609704360928 1.0307556295561369
62144.2014 lsst_hardware_i -36.20539733755567 31.540000915527344 31.260000228881836 AB 7.1921098675213315 1.039322235190944
62144.2229 lsst_hardware_r -11.106796810859446 25.8799991607666 31.540000915527344 AB 8.287365894112993 1.0292946524390476
62146.1991 lsst_hardware_u -0.7306328934128911 2.7100000381469727 28.469999313354492 AB 7.912285908901053 1.0368156602910439
