data/validation/pwv_sim_epoch_fit_4/28724068.ecsv
# %ECSV 0.9
# ---
# datatype:
# - {name: time, datatype: float64}
# - {name: band, datatype: string}
# - {name: flux, datatype: float64}
# - {name: fluxerr, datatype: float64}
# - {name: zp, datatype: float64}
# - {name: zpsys, datatype: string}
# - {name: pwv, datatype: float64}
# - {name: airmass, datatype: float64}
# meta: {SNID: '28724068', alt: 1024.0, c: -0.012855795212090015, dec: -31.738394, lat: -30.244573, lon: -70.7499537, ra: 16.347656, t0: 61605.40625,
#   x0: 6.152573087277302e-06, x1: -2.263235330581665, z: 0.5633755922317505}
# schema: astropy-2.0
time band flux fluxerr zp zpsys pwv airmass
61578.3456 lsst_hardware_z -25.38716121170155 60.45189043156573 30.93000030517578 AB 2.8903939311147675 1.409146305898156
61578.3682 lsst_hardware_i -17.1259990955396 59.22414207283562 31.270000457763672 AB 2.6295468377104485 1.2686781140449885
61580.3629 lsst_hardware_r -44.49801493820771 63.554848447221296 31.59000015258789 AB 4.331579419348903 1.2678411881600962
61580.3857 lsst_hardware_z -85.8714745079968 54.39149604100417 30.959999084472656 AB 4.533524746921944 1.1666301458883026
61582.3706 lsst_hardware_g 6.124850345389016 43.983720244735665 31.639999389648438 AB 6.567600483108446 1.205322328897644
61582.398 lsst_hardware_r -95.5481943074616 46.74094039666828 31.610000610351562 AB 5.986257649504398 1.1085662313897033
61587.3736 lsst_hardware_z 254.81735992941128 44.417328694816554 30.940000534057617 AB 9.825745296589233 1.1417983030142485
61587.3941 lsst_hardware_r 86.52448122159745 25.735830369228744 31.489999771118164 AB 10.505202571530223 1.083010574384559
61589.3752 lsst_hardware_u 34.69802805399568 7.356284088705051 28.40999984741211 AB 7.25727897159455 1.119345873616822
61589.3948 lsst_hardware_r 358.6228108434119 29.07202317731531 31.489999771118164 AB 6.903451732458375 1.068921558574183
61591.3716 lsst_hardware_i 542.3755486555058 38.37827614625555 31.229999542236328 AB 5.093183179011829 1.1138321575328392
61591.3912 lsst_hardware_z 468.0742024739873 46.34762573356717 30.940000534057617 AB 4.42217285181751 1.0649636601539287
61598.3879 lsst_hardware_z 1097.5279231814507 51.61803755705984 30.940000534057617 AB 8.031505054777124 1.036523850393961
61598.4069 lsst_hardware_u 1.3118797131825664 2.699596752916289 28.43000030517578 AB 7.758637838659231 1.0136710006087315
61607.338 lsst_hardware_z 1480.727729208372 71.85381647194279 30.979999542236328 AB 4.514042431495731 1.0866736715203973
61607.3549 lsst_hardware_y 503.28983036221535 57.58984994301229 30.049999237060547 AB 4.3920243852091145 1.0505559843427958
61608.3822 lsst_hardware_z 2654.466989164183 96.34324827530746 31.739999771118164 AB 5.369220728118119 1.0114383965561118
61611.2778 lsst_hardware_y 857.3520786376369 78.31345207454983 30.729999542236328 AB 7.491798532349686 1.270298739447751
61617.2716 lsst_hardware_z 1180.9115860116426 53.96373233614423 30.93000030517578 AB 4.385663991090511 1.2205567951455571
61617.2913 lsst_hardware_r 1050.8524625554132 39.39781236233598 31.469999313354492 AB 4.104254449836102 1.1431402237033057
61622.2688 lsst_hardware_i 1046.4118852003385 44.03483423093447 31.219999313354492 AB 0.35136252052718175 1.1751254867129823
61622.2893 lsst_hardware_z 949.6169089329377 51.01662477413151 30.940000534057617 AB 0.40918332936272034 1.1071476780952973
61626.2702 lsst_hardware_g 21.797452023108804 14.44133722308507 31.389999389648438 AB 3.675278432959287 1.1317254604955465
61626.2886 lsst_hardware_r 469.1944737377001 30.36575377601898 31.489999771118164 AB 3.4716989151320288 1.0806844872006314
61627.26 lsst_hardware_i 741.7590926855979 43.60539299895084 31.260000228881836 AB 4.7509177887992555 1.1570671672672324
61627.2787 lsst_hardware_z 789.6953174540613 49.794597513185145 30.950000762939453 AB 4.696984645071582 1.098774114292434
61629.2525 lsst_hardware_z 689.7774494400104 54.85738428061973 30.950000762939453 AB 3.3758900630577915 1.1645015740109663
61629.271 lsst_hardware_r 246.05057870334085 48.88153438977909 31.6200008392334 AB 3.1914506502826767 1.1048816514740096
61631.263 lsst_hardware_r 247.65799336353683 65.42390369878146 31.6299991607666 AB 4.077166767324168 1.1120809457413345
61631.2817 lsst_hardware_z 613.0899310024697 58.25151414280216 30.969999313354492 AB 3.8068107009835286 1.0655873200793642
61649.17 lsst_hardware_i 108.87700934109795 34.375279603104126 31.209999084472656 AB 1.9487582335329137 1.2922799957114812
61649.1891 lsst_hardware_u 10.907037054228455 4.5006148690327255 28.290000915527344 AB 1.8505073114363908 1.1992918415012255
61653.1688 lsst_hardware_i 140.7076168550238 33.79300811604539 31.229999542236328 AB 2.7094109128005 1.2417098592119613
61653.187 lsst_hardware_r 87.65673854201876 24.949365482110675 31.489999771118164 AB 2.508928460307759 1.164416055217091
61672.1731 lsst_hardware_r 104.14561349398502 24.106017103213272 31.489999771118164 AB 4.068370805547408 1.0587822525822792
61672.1896 lsst_hardware_i 111.56379170740479 31.97533705821996 31.25 AB 3.8908654499411313 1.0311025440416406
61678.1025 lsst_hardware_r 262.9336233744183 43.05327235856172 32.65999984741211 AB 4.686723734065346 1.2323754231042194
61678.1221 lsst_hardware_z 552.5607265665467 76.90472608349232 32.130001068115234 AB 4.425730276991567 1.1523088659745948
61680.1096 lsst_hardware_g 24.656127762782244 14.306487691690478 31.3700008392334 AB 5.334927660539857 1.1784252830409234
61680.1295 lsst_hardware_r 98.44131716009412 24.49886075767536 31.479999542236328 AB 4.864047706123304 1.1112743217096617
61682.0966 lsst_hardware_i 25.767172870125343 33.33499078550612 31.229999542236328 AB 2.5401682757454216 1.2096039408311532
61682.1169 lsst_hardware_z 214.6836683689205 44.0558253186446 30.940000534057617 AB 2.3793841794303243 1.1330400854430116
61684.1095 lsst_hardware_r -14.073859273247885 26.3799991607666 31.520000457763672 AB 3.9270737809840828 1.1393831086028003
61684.1305 lsst_hardware_g -13.274105104407791 19.280000686645508 31.540000915527344 AB 4.667338088532143 1.080089809321873
61686.0875 lsst_hardware_z 10.391179382849907 45.79999923706055 30.940000534057617 AB 11.777156566240917 1.2017506700245832
61686.1079 lsst_hardware_r -7.594431520714668 35.209999084472656 31.56999969482422 AB 10.369920764088498 1.126940728922334
61689.1038 lsst_hardware_z 56.120441501650674 54.81999969482422 30.969999313354492 AB 4.68110651459436 1.1145491701415142
61689.1236 lsst_hardware_r 29.700469701800248 63.68000030517578 31.639999389648438 AB 4.4732433272669745 1.0650579350635654
61692.1158 lsst_hardware_y 66.79739718682319 81.94999694824219 30.799999237060547 AB 7.667421853098186 1.0642422328052692
61696.1055 lsst_hardware_z -34.09632631232806 51.560001373291016 30.969999313354492 AB 9.256147671503783 1.0629577688697582
61696.1247 lsst_hardware_r 0.47448394555460116 62.43000030517578 31.649999618530273 AB 9.023668873345159 1.0302363944983342
61698.105 lsst_hardware_u -0.09306410673705494 2.6500000953674316 28.420000076293945 AB 3.371392050743151 1.0532308812068576
61698.1254 lsst_hardware_r 32.55567406659573 22.280000686645508 31.5 AB 3.4087667935039234 1.0224255529407158
61702.0148 lsst_hardware_y 80.03338948797303 50.810001373291016 29.950000762939453 AB 3.8791460499013355 1.3556337759572799
61702.0362 lsst_hardware_z 66.23969907172793 43.5099983215332 30.93000030517578 AB 3.531623754322264 1.2360219631891727
61704.9979 lsst_hardware_y 29.272924954857096 73.58000183105469 29.93000030517578 AB 6.656549002654671 1.4162870218414194
61705.0162 lsst_hardware_u -3.6160391036144683 2.9100000858306885 28.329999923706055 AB 5.553420127000179 1.2973512473767623
61709.015 lsst_hardware_y -69.29032290735765 50.72999954223633 29.989999771118164 AB 5.85294254449911 1.2461023088140295
61709.0338 lsst_hardware_z 15.55375962000078 42.40999984741211 30.940000534057617 AB 5.443048038186189 1.1655349118171712
61720.0191 lsst_hardware_y -46.706317140583295 56.81999969482422 30.030000686645508 AB 7.819718975928518 1.1147140379085558
61720.0363 lsst_hardware_i 73.54904174658998 65.30000305175781 31.31999969482422 AB 7.436759804377608 1.0707563550163273
61728.0218 lsst_hardware_y 30.893887773314805 55.47999954223633 30.049999237060547 AB 5.995464086661061 1.0556633560267157
61728.0393 lsst_hardware_r -4.707721875779377 22.15999984741211 31.489999771118164 AB 5.833323589256428 1.0275966393287894
61729.023 lsst_hardware_y 47.64766257873478 52.970001220703125 30.049999237060547 AB 7.8571048053582535 1.04841776099788
61729.0403 lsst_hardware_r 3.9631614602828797 22.079999923706055 31.489999771118164 AB 7.646034072806234 1.022960642120063
61947.352 lsst_hardware_i -39.72379610195604 32.36000061035156 31.209999084472656 AB 7.089036834629498 1.3013774632167476
61947.3753 lsst_hardware_z 29.283444445599134 42.959999084472656 30.93000030517578 AB 6.418297220918909 1.1885735594294276
61954.3278 lsst_hardware_z 14.002588441862942 45.099998474121094 30.920000076293945 AB 8.590307376871381 1.3315897450391172
61954.3468 lsst_hardware_g -15.397367168686632 13.779999732971191 31.34000015258789 AB 8.04710393481847 1.229457077242012
61955.3606 lsst_hardware_u -3.7295107210014424 5.21999979019165 28.850000381469727 AB 8.34375918575742 1.1610727689347602
61955.3942 lsst_hardware_y -48.8435680203065 47.45000076293945 30.040000915527344 AB 6.7692313182640085 1.0658528292023317
61958.4203 lsst_hardware_y 27.35357512691798 72.98999786376953 30.809999465942383 AB 1.75471557474307 1.0145308068862027
61960.343 lsst_hardware_r 40.98583312618093 86.91000366210938 31.6299991607666 AB 2.6379868044204082 1.1759227954325744
61960.3623 lsst_hardware_i -129.40389309592624 67.30000305175781 31.31999969482422 AB 2.367484902512138 1.1111474824055718
61962.3787 lsst_hardware_r -12.478405668603884 72.4000015258789 31.649999618530273 AB 9.673378149771914 1.058491581686785
61962.3985 lsst_hardware_z -19.35272797151409 56.380001068115234 30.979999542236328 AB 9.366860036531442 1.0265052094829092
61964.3453 lsst_hardware_z -0.20073334355913242 53.59000015258789 30.969999313354492 AB 6.772952096122006 1.1295156088923963
61964.3654 lsst_hardware_r -72.45040635561247 59.189998626708984 31.639999389648438 AB 6.490143741880897 1.0751204431608334
61978.2704 lsst_hardware_u 1.1691552435388641 2.430000066757202 28.15999984741211 AB 2.5650120227449853 1.2844326603630374
61978.2892 lsst_hardware_g 4.654935364609092 13.369999885559082 31.34000015258789 AB 2.450127403433599 1.194601366861823
61979.273 lsst_hardware_r 22.268384412840483 23.18000030517578 31.440000534057617 AB 3.1626817423443048 1.2564035127000912
61979.2921 lsst_hardware_i 13.165717080350325 31.40999984741211 31.219999313354492 AB 2.9460093284475333 1.1721911184512217
61981.2719 lsst_hardware_z -28.917271186936958 43.75 30.93000030517578 AB 5.440795533142859 1.2350474121843655
61981.2913 lsst_hardware_r -11.571622655251355 22.670000076293945 31.469999313354492 AB 5.093228483219368 1.155014396376
61986.2769 lsst_hardware_i -99.97615219588478 83.83000183105469 32.04999923706055 AB 1.0681682573644198 1.1576968107273335
61986.3121 lsst_hardware_r 87.95219650554036 100.80999755859375 32.38999938964844 AB 1.936549069364486 1.0606384679312566
61992.2676 lsst_hardware_r -32.21625748378137 77.69000244140625 31.639999389648438 AB 4.834550419923439 1.1335405439445345
61992.2862 lsst_hardware_z -109.74092662388638 59.779998779296875 30.979999542236328 AB 4.6201107651979845 1.0815498952883442
61994.2646 lsst_hardware_z -8.807522133781983 51.279998779296875 30.959999084472656 AB 3.250867217246512 1.1257439935058478
61994.2837 lsst_hardware_i 13.14804720919082 48.099998474121094 31.299999237060547 AB 3.095294269920293 1.0746616682302903
61997.2671 lsst_hardware_i 34.88320972622751 31.989999771118164 31.25 AB 5.147358896444877 1.095182743924442
61997.2859 lsst_hardware_r 16.79251302165077 25.440000534057617 31.520000457763672 AB 4.950085294919571 1.05320963721693
62009.2229 lsst_hardware_g -12.8481362144396 13.819999694824219 31.399999618530273 AB 3.2327119366854453 1.1280837280512197
62009.2463 lsst_hardware_r 14.976374034787819 22.579999923706055 31.489999771118164 AB 3.072557525907937 1.066860252051367
62013.246 lsst_hardware_z -20.162233684721095 47.459999084472656 30.959999084472656 AB 4.362466099092428 1.0464058764913478
62013.2618 lsst_hardware_r 85.5489681482203 48.400001525878906 31.6299991607666 AB 5.027417853469531 1.0233755872102996
62016.1666 lsst_hardware_z -5.453887871976481 67.9800033569336 30.959999084472656 AB 1.7986348067570972 1.284739147683641
62016.185 lsst_hardware_r 28.5042063112432 93.75 31.6200008392334 AB 1.671111198502877 1.1964996647991961
62020.1422 lsst_hardware_z 143.73263395357932 74.8499984741211 30.950000762939453 AB 2.747015437968306 1.366334463053124
62020.1588 lsst_hardware_i -71.12063895559167 81.62000274658203 31.290000915527344 AB 2.5741405451677153 1.2680495296392686
62027.1891 lsst_hardware_r 28.899807710515038 23.049999237060547 31.510000228881836 AB 0.9689808400275508 1.0852874818303724
62027.2111 lsst_hardware_g 6.537997601063833 14.109999656677246 31.459999084472656 AB 1.2518845069812365 1.0408518037673968
62031.1717 lsst_hardware_z -27.30955119286003 42.20000076293945 30.940000534057617 AB 1.349849539565509 1.1020679326972882
62031.189 lsst_hardware_i -42.36196055520007 30.6299991607666 31.25 AB 1.2913062983607153 1.0611296021589582
62033.1729 lsst_hardware_u 4.2732423410701745 2.6700000762939453 28.40999984741211 AB 6.781900716287168 1.0848437521054415
62033.1904 lsst_hardware_g -2.455815838972758 13.869999885559082 31.40999984741211 AB 6.548303206076543 1.0481477720810273
62037.1748 lsst_hardware_z -15.080874158724379 41.25 30.950000762939453 AB 4.044419658479231 1.056812035139595
62037.1922 lsst_hardware_u 1.3675020496734784 2.75 28.5 AB 3.8270869402363346 1.0285103306196441
62041.0867 lsst_hardware_z -89.50697448496949 49.380001068115234 30.920000076293945 AB 6.194529264892835 1.3542421420789583
62041.1077 lsst_hardware_r 24.430151868114866 42.349998474121094 31.559999465942383 AB 5.6799671532771105 1.236904198154892
62043.1042 lsst_hardware_z 12.851572098136675 55.119998931884766 30.950000762939453 AB 4.7554354872232 1.2276843906604362
62043.1249 lsst_hardware_i 86.35284375772794 53.209999084472656 31.299999237060547 AB 4.390297960501898 1.14502131068707
62044.0868 lsst_hardware_r 31.231989716042257 77.4000015258789 31.59000015258789 AB 8.254263343440114 1.3035448651235932
62044.1065 lsst_hardware_z -1.6130396210022948 59.97999954223633 30.959999084472656 AB 7.634384232503722 1.2052070775126642
62048.1218 lsst_hardware_z -55.7291846965181 103.97000122070312 31.739999771118164 AB 3.9523865633146027 1.111860626855504
62050.1096 lsst_hardware_g -49.75315043391796 78.91999816894531 31.690000534057617 AB 9.066152454988408 1.1324079549906854
62050.1293 lsst_hardware_r -36.35991954025563 76.27999877929688 31.649999618530273 AB 4.116292698581997 1.0781279985809318
62052.1059 lsst_hardware_i -63.11398005177136 31.100000381469727 31.25 AB 6.217651302185695 1.1268283992241572
62052.126 lsst_hardware_z -29.361511203870194 45.79999923706055 30.959999084472656 AB 3.768872459427962 1.073192290663397
62055.1085 lsst_hardware_r 32.11410666419449 22.920000076293945 31.5 AB 6.343219964217534 1.095831383643005
62059.1065 lsst_hardware_i -34.435250063823446 30.559999465942383 31.25 AB 8.344401047609407 1.0740637208919876
62059.1267 lsst_hardware_z -6.437146109325229 40.90999984741211 30.950000762939453 AB 8.055711380865436 1.0362154204136051
62064.109 lsst_hardware_r -4.064157986392691 22.479999542236328 31.510000228881836 AB 2.8059305679153437 1.0426123800893055
62064.1285 lsst_hardware_g -6.7332062842789435 13.779999732971191 31.450000762939453 AB 2.6892296801428786 1.0168501437394297
62065.1065 lsst_hardware_r 6.788834157281113 22.459999084472656 31.5 AB 4.549867693176764 1.0422328927216924
62065.1254 lsst_hardware_i 34.176423870074814 30.030000686645508 31.25 AB 3.8150953720426655 1.0172231361266448
62067.1104 lsst_hardware_z 73.90699131685909 41.119998931884766 30.959999084472656 AB 3.1879300978104874 1.0283645476808023
62067.1292 lsst_hardware_i -6.349550175608243 30.5 31.260000228881836 AB 2.852388466259134 1.0091591955632222
62070.0142 lsst_hardware_y 136.99519109535774 52.34000015258789 29.959999084472656 AB 5.612461413186214 1.3129076564044322
62070.0335 lsst_hardware_r 52.4579047191862 40.52000045776367 31.56999969482422 AB 5.206192915756057 1.2139892539946502
62077.0163 lsst_hardware_z -38.15262276348614 70.9800033569336 30.969999313354492 AB 3.457325059136746 1.2056230590968544
62077.0342 lsst_hardware_i 14.405910508188972 77.12000274658203 31.31999969482422 AB 3.3838397281772092 1.1378713427707399
62079.0166 lsst_hardware_y 18.081105556712757 49.970001220703125 30.0 AB 4.806824257012728 1.181812225130278
62079.0353 lsst_hardware_r -42.0295041461958 47.810001373291016 31.610000610351562 AB 4.460660637536651 1.117306663823273
62088.019 lsst_hardware_y -32.56970356265041 52.459999084472656 30.040000915527344 AB 6.689967534615845 1.094249443404759
62088.0353 lsst_hardware_r -8.976292544627421 22.270000457763672 31.489999771118164 AB 6.412949471438015 1.0572974329499587
62090.0758 lsst_hardware_z -50.24531195822227 40.22999954223633 30.950000762939453 AB 6.014687952872395 1.0036467924808623
62091.0221 lsst_hardware_y 10.816045825930843 50.970001220703125 30.040000915527344 AB 3.7363435961374223 1.0675267417535492
62091.0409 lsst_hardware_g -2.3949542184622614 13.529999732971191 31.40999984741211 AB 3.6185791420583953 1.0338797548738272
62093.0208 lsst_hardware_y -2.31363192634283 57.220001220703125 30.059999465942383 AB 6.100320017106894 1.058960771399183
62093.0373 lsst_hardware_i -4.389491929782133 30.15999984741211 31.260000228881836 AB 5.806498947672092 1.0312276132498388
62096.023 lsst_hardware_y -57.853834914096055 57.36000061035156 30.049999237060547 AB 4.821617120811821 1.0403748237805965
62096.0389 lsst_hardware_g -3.97817228831919 15.279999732971191 31.459999084472656 AB 4.851205746965658 1.0191608712112727
