data/validation/pwv_sim_epoch_fit_4/28750507.ecsv
# %ECSV 0.9
# ---
# datatype:
# - {name: time, datatype: float64}
# - {name: band, datatype: string}
# - {name: flux, datatype: float64}
# - {name: fluxerr, datatype: float64}
# - {name: zp, datatype: float64}
# - {name: zpsys, datatype: string}
# - {name: pwv, datatype: float64}
# - {name: airmass, datatype: float64}
# meta: {SNID: '28750507', alt: 1024.0, c: -0.02218671888113022, dec: -0.447628, lat: -30.244573, lon: -70.7499537, ra: 137.109375, t0: 61480.12109375,
#   x0: 3.089103659315635e-06, x1: -0.6282458305358887, z: 0.7469527125358582}
# schema: astropy-2.0
time band flux fluxerr zp zpsys pwv airmass
61387.3365 lsst_hardware_r -15.678452864629795 24.209999084472656 31.489999771118164 AB 12.03155714976613 1.1555379230636391
61389.3355 lsst_hardware_z -42.31179276689445 43.790000915527344 30.940000534057617 AB 9.632621577394758 1.1531475420644566
61389.3544 lsst_hardware_y -38.374718753634916 70.9000015258789 30.020000457763672 AB 9.631808728488682 1.1531002924439238
61390.3328 lsst_hardware_u -5.016785354859436 2.940000057220459 28.479999542236328 AB 12.20852525716629 1.153133992800937
61390.3514 lsst_hardware_y -11.795822121986527 64.44000244140625 30.030000686645508 AB 12.31887309824234 1.152985907879183
61392.2299 lsst_hardware_i -19.452205259910613 34.279998779296875 31.190000534057617 AB 6.970457634673324 1.4704572747360805
61394.3293 lsst_hardware_r 10.052069243622936 23.790000915527344 31.5 AB 5.051975337163744 1.1511849919479877
61394.3507 lsst_hardware_y 106.3004692551978 56.709999084472656 30.030000686645508 AB 5.6204074827385115 1.1596439097808868
61405.2879 lsst_hardware_r -53.22078510082964 31.700000762939453 31.549999237060547 AB 6.488105789139197 1.1551866445542736
61405.3097 lsst_hardware_i -5.212258636806481 35.720001220703125 31.260000228881836 AB 5.785482986874407 1.152677998381087
61407.2879 lsst_hardware_z -55.44992798234171 43.220001220703125 30.940000534057617 AB 5.608172282659822 1.1525220474023472
61407.3082 lsst_hardware_r 25.63157752369896 25.100000381469727 31.5 AB 5.969778724404582 1.1545472004392565
61411.2552 lsst_hardware_g -3.0527045850762566 14.569999694824219 31.389999389648438 AB 8.822713479400454 1.1714676656723628
61411.2751 lsst_hardware_i 28.82662262324371 31.90999984741211 31.229999542236328 AB 8.598864046571297 1.1532811221259767
61413.2537 lsst_hardware_z 46.53062936437505 43.38999938964844 30.940000534057617 AB 10.380440047585438 1.1663415783803863
61413.2757 lsst_hardware_r -39.55737504164216 23.989999771118164 31.489999771118164 AB 10.247469023574606 1.1514010138847872
61415.2563 lsst_hardware_u 0.18296393070840233 2.680000066757202 28.350000381469727 AB 7.675692734576219 1.15824547073732
61415.2761 lsst_hardware_g 2.7965563856403794 14.6899995803833 31.40999984741211 AB 7.604939330801123 1.1511734086359318
61420.2332 lsst_hardware_z 42.581621040154324 43.25 30.940000534057617 AB 6.307455047285594 1.1680472309788137
61420.2526 lsst_hardware_r -32.939033019030596 23.899999618530273 31.489999771118164 AB 6.4260352267781515 1.1524453419616483
61422.2319 lsst_hardware_u 2.5262416098630474 2.759999990463257 28.40999984741211 AB 3.8106536778888818 1.1632031983787796
61422.2509 lsst_hardware_r -5.3365660447263705 24.100000381469727 31.489999771118164 AB 2.5422762111782378 1.151436668584218
61424.2296 lsst_hardware_i 16.113994601811644 44.7400016784668 31.280000686645508 AB 6.929723136843319 1.1600775319064736
61424.2493 lsst_hardware_z 98.94336932274753 48.29999923706055 30.959999084472656 AB 6.8693971570026475 1.1510705432461752
61426.194 lsst_hardware_z 94.09301831855038 72.22000122070312 30.969999313354492 AB 13.917979167568863 1.2102590580494663
61426.2139 lsst_hardware_r -10.611201906696293 100.33999633789062 31.6299991607666 AB 13.860184760213103 1.1719434690146366
61428.2054 lsst_hardware_y -43.103066643330436 101.26000213623047 30.780000686645508 AB 10.216524728023321 1.1764542437028975
61430.1943 lsst_hardware_r -17.18395122011668 96.0 31.6200008392334 AB 9.188779010988716 1.1860697681098058
61430.2142 lsst_hardware_i -119.40057030593576 78.91000366210938 31.309999465942383 AB 9.998295687663887 1.1592002884192252
61432.1804 lsst_hardware_z -17.712624716839755 52.290000915527344 30.950000762939453 AB 13.242106645646333 1.203609038869855
61432.2053 lsst_hardware_r 15.01990077976378 75.33999633789062 32.36000061035156 AB 12.92541388808784 1.1624619019774853
61432.2282 lsst_hardware_z 42.72345783838449 51.119998931884766 30.959999084472656 AB 12.546324494832772 1.1510741455242766
61434.1756 lsst_hardware_u 11.82337712446507 3.7699999809265137 28.59000015258789 AB 11.599604461635705 1.202093835083238
61434.1928 lsst_hardware_r -68.79547578964878 31.75 31.549999237060547 AB 11.30296869847628 1.1709078573673146
61436.1793 lsst_hardware_i 28.913191870703766 32.86000061035156 31.239999771118164 AB 12.17703874499386 1.1835582198565164
61436.1969 lsst_hardware_z 26.770175045741016 43.869998931884766 30.940000534057617 AB 11.869257184112957 1.1600134073605315
61438.181 lsst_hardware_r 35.990485529037066 24.530000686645508 31.5 AB 10.279970408807932 1.1721299542557788
61438.2006 lsst_hardware_u 0.49750351880720883 2.859999895095825 28.479999542236328 AB 10.320964467557102 1.1536315282576775
61440.1815 lsst_hardware_g -6.367390485460599 15.140000343322754 31.43000030517578 AB 10.416748760102491 1.164565668140808
61440.1992 lsst_hardware_r 24.301416714824104 24.360000610351562 31.5 AB 10.21572401577633 1.1520410505527297
61443.1761 lsst_hardware_r -28.78451681762786 24.420000076293945 31.5 AB 5.706429901193459 1.161614229250577
61443.1939 lsst_hardware_g 1.06133401428943 15.079999923706055 31.43000030517578 AB 5.828220595583449 1.1513671662551261
61445.1742 lsst_hardware_r 19.961994189183688 24.510000228881836 31.5 AB 6.483104646525702 1.1583867742452119
61445.1934 lsst_hardware_i 2.9376387755165916 32.4300329737401 31.25 AB 6.460345225836865 1.1510979199091533
61447.1595 lsst_hardware_z 65.96486257097942 43.624646877981284 30.940000534057617 AB 2.526796065068621 1.1680105077358802
61447.1761 lsst_hardware_i 34.20393606667731 32.434885602268594 31.25 AB 3.114701184481462 1.1535930312894302
61450.1625 lsst_hardware_z 42.46290569863247 43.35990599016792 30.940000534057617 AB 2.3137373644208656 1.1568686822104328
61450.1794 lsst_hardware_g -2.8415524969485495 15.083016678837003 31.40999984741211 AB 1.4618694911676053 1.1510783395022157
61452.1288 lsst_hardware_y -31.071255646508277 50.90768810754452 30.0 AB 4.127324912560694 1.1969042762379973
61452.1466 lsst_hardware_r -16.62026749905699 46.01734139084955 31.59000015258789 AB 4.007917834690093 1.1670714393662003
61454.1643 lsst_hardware_z 196.27193990243845 91.23670327798187 31.729999542236328 AB 6.474112952872683 1.151294538151633
61456.1254 lsst_hardware_r 167.20179479928123 147.82612865571747 31.6299991607666 AB 4.59147827536435 1.1823041780260979
61456.1425 lsst_hardware_z 30.925975838579152 99.58938559703684 30.989999771118164 AB 4.522901192478917 1.1598173841727286
61458.1253 lsst_hardware_r 152.2517020663696 118.69174941878114 31.6299991607666 AB 7.665716840731502 1.1736982722651104
61458.1427 lsst_hardware_i 191.77174676745193 94.75346060900169 31.31999969482422 AB 7.444590012684813 1.1554689277917318
61462.1258 lsst_hardware_z 311.4317952358627 49.526103691200845 30.950000762939453 AB 6.173494778004781 1.160104252185433
61462.1426 lsst_hardware_g 189.05592962922805 40.89689583628578 31.639999389648438 AB 6.228381277391905 1.15127195515562
61464.1242 lsst_hardware_r 388.7774672060904 30.865062531252285 31.489999771118164 AB 6.169266851200179 1.1569183030848906
61464.1416 lsst_hardware_i 405.9963875035143 38.84889301813328 31.239999771118164 AB 6.94417814261234 1.1510959458413648
61468.1151 lsst_hardware_g 131.06189165264598 19.380652182064647 31.40999984741211 AB 5.244366398336884 1.155655883282698
61468.1331 lsst_hardware_r 516.2212420145185 34.438621647050624 31.479999542236328 AB 6.2964084541527345 1.1513783498138277
61470.1198 lsst_hardware_i 900.1486089727755 43.50568390598515 31.239999771118164 AB 8.367021674828862 1.1514250011232379
61470.1391 lsst_hardware_z 481.0482620380016 48.93851478926709 30.940000534057617 AB 8.870779720886588 1.156354356594237
61472.0857 lsst_hardware_z 580.8387101067719 49.337751369093205 30.940000534057617 AB 12.126797750926185 1.1757608833552633
61472.1041 lsst_hardware_i 966.8041230555489 44.302310652470005 31.239999771118164 AB 11.91321421594279 1.1557064026202
61474.0848 lsst_hardware_u -1.6189526815079944 2.866349472580268 28.399999618530273 AB 13.048579500695645 1.1692624780336067
61474.1038 lsst_hardware_g 166.68997038484252 19.129847737934444 31.420000076293945 AB 12.890722820998642 1.1529476019019715
61476.0859 lsst_hardware_r 819.9992008876399 36.87480373906578 31.479999542236328 AB 9.190208465043609 1.161699970300024
61476.1044 lsst_hardware_i 1167.3598396750638 45.54447348117108 31.239999771118164 AB 9.187096894495296 1.1512652749993957
61477.0829 lsst_hardware_z 614.1345727577608 49.97820166592898 30.940000534057617 AB 12.156138318367653 1.1619695700208046
61477.1016 lsst_hardware_u 4.419759634878689 2.8117664621106266 28.399999618530273 AB 14.925701986306775 1.151274787790256
61481.0814 lsst_hardware_i 1130.1101725193157 59.12803452525133 31.290000915527344 AB 9.373876612177021 1.1545604892446029
61481.1015 lsst_hardware_z 687.4940495496899 57.90096555846285 30.959999084472656 AB 8.836161634770349 1.1523925098600638
61487.087 lsst_hardware_z 1773.4604649337525 129.2645374244078 32.16999816894531 AB 7.034106256822973 1.1531321732496678
61487.1377 lsst_hardware_r 601.6875148363665 107.14722183867448 31.610000610351562 AB 9.207880779077485 1.2387839067775612
61489.0792 lsst_hardware_i 927.1761457433386 60.982701740010704 31.299999237060547 AB 11.870350068889886 1.1522374363123555
61489.101 lsst_hardware_r 577.461794559834 67.1581441654737 31.610000610351562 AB 10.437182153205129 1.170459468052834
61492.0609 lsst_hardware_u -5.4979808390795295 2.8259372056893715 28.459999084472656 AB 8.186736621593077 1.1512373523069892
61492.0795 lsst_hardware_g 80.39732373249664 16.203551154759978 31.43000030517578 AB 8.22981553111034 1.156685246818038
61494.027 lsst_hardware_g 54.32460325451018 15.946290416551077 31.40999984741211 AB 6.819948448927182 1.1736946619310202
61494.0463 lsst_hardware_r 391.6402464480336 31.107126439966198 31.489999771118164 AB 5.725515572196301 1.1543378169750607
61497.0301 lsst_hardware_i 677.7232270743616 40.290055840002914 31.239999771118164 AB 9.103860495683458 1.1602201141482742
61497.047 lsst_hardware_z 430.1743360274092 48.02915800492913 30.940000534057617 AB 9.996868071721597 1.1512707952078443
61499.0267 lsst_hardware_i 542.1624512626448 39.36766583951537 31.239999771118164 AB 5.90794273638249 1.1584201443887236
61499.0447 lsst_hardware_u 1.3124992559448068 2.749781159774033 28.40999984741211 AB 5.551124854819044 1.151048836360045
61501.0243 lsst_hardware_g -8.816373861773506 15.480765877945318 31.389999389648438 AB 9.364523587867629 1.1561140231935345
61501.0433 lsst_hardware_r 229.08590410697383 28.589120971979668 31.479999542236328 AB 9.091787407863075 1.1514300222088683
61503.0198 lsst_hardware_i 375.13502326507916 37.77429192403648 31.239999771118164 AB 8.776832188036243 1.155479827278496
61503.0388 lsst_hardware_r 199.4380792017642 27.824234668254096 31.479999542236328 AB 8.808049670642138 1.1516299416834543
61505.0148 lsst_hardware_u 1.858571376460014 2.761368879382204 28.420000076293945 AB 6.560904327943073 1.1551904794335899
61505.0318 lsst_hardware_g 3.6894657179429595 15.054547747845373 31.420000076293945 AB 6.544446399094381 1.1513297970874576
61511.0104 lsst_hardware_r -20.819543770147533 81.89644422910239 31.6299991607666 AB 18.055956746292583 1.1510996172528873
61511.0289 lsst_hardware_i 314.02778019152777 73.4045154265578 31.309999465942383 AB 18.219406737907224 1.1576452443867769
61512.9782 lsst_hardware_y 45.33101165845069 61.130907935227995 30.020000457763672 AB 13.163965500490509 1.1694026384019283
61512.9961 lsst_hardware_z 324.8726759729835 68.33820196183783 30.979999542236328 AB 13.02827953541852 1.1534810009445398
61514.9776 lsst_hardware_y 73.66037743733943 58.99931208246623 30.030000686645508 AB 10.39538240509845 1.1635753755426965
61514.9965 lsst_hardware_z -4.163062411826466 66.2553473233761 30.979999542236328 AB 10.299633065503626 1.151504619095939
61517.9765 lsst_hardware_y 115.78695100019351 53.599682921484124 30.020000457763672 AB 7.56029763924264 1.157099860609031
61517.9951 lsst_hardware_r 77.10780263807771 51.87633588481706 31.610000610351562 AB 7.527122169419861 1.1511708048664142
61519.974 lsst_hardware_y 30.201380841532295 52.685539135445914 30.010000228881836 AB 15.798117534673292 1.1550934994856266
61519.9925 lsst_hardware_r 115.91907023109079 25.468998388368583 31.489999771118164 AB 15.890190314976113 1.1516577910498957
61521.9711 lsst_hardware_z 177.68718415405158 49.16011850315399 30.950000762939453 AB 7.3533023960337545 1.1536854122036255
61521.9874 lsst_hardware_g 4.946919089730068 15.627400348541341 31.420000076293945 AB 7.17393674986585 1.1517458157519496
61523.9677 lsst_hardware_y 90.50324616410646 58.378141262121765 30.020000457763672 AB 12.321301672529898 1.1527714587470765
61523.9858 lsst_hardware_i 176.0589939073162 33.929108476195225 31.229999542236328 AB 12.38932679542961 1.1530586375140264
61525.9666 lsst_hardware_y 57.955119806749366 57.53473653938207 30.030000686645508 AB 13.244298120981563 1.1514778404609254
61525.985 lsst_hardware_r 62.88653934567435 25.27037884775902 31.489999771118164 AB 13.395188550359743 1.1555545678364167
61751.3356 lsst_hardware_z 36.764142986361165 51.529998779296875 30.959999084472656 AB 13.495740257978722 1.1586812842222762
61751.3536 lsst_hardware_y -64.96425647094229 71.31999969482422 30.040000915527344 AB 13.355335513351433 1.151040881970065
61755.3373 lsst_hardware_r 85.04459514668473 100.36000061035156 31.6299991607666 AB 12.302785713113117 1.15176688394815
61757.3133 lsst_hardware_z 162.71763354625534 115.8499984741211 32.15999984741211 AB 8.14718215713399 1.1644792677871754
61762.3255 lsst_hardware_r -39.03094484178967 24.469999313354492 31.489999771118164 AB 7.811891309735842 1.151092803320722
61762.3465 lsst_hardware_y 80.45199865001696 52.849998474121094 30.010000228881836 AB 7.050475642563753 1.1627732567929008
61765.2962 lsst_hardware_r -11.695019689307792 23.899999618530273 31.479999542236328 AB 9.90320685723444 1.1596939934696926
61765.3161 lsst_hardware_z 6.559677188512516 43.119998931884766 30.940000534057617 AB 9.787046539856291 1.1510335621290502
61767.2966 lsst_hardware_r -46.40173400485955 23.81999969482422 31.489999771118164 AB 7.246485504956908 1.1552479814470573
61767.3174 lsst_hardware_u 1.2863817752444342 2.690000057220459 28.3700008392334 AB 7.212408719189504 1.1522033206011242
61769.2891 lsst_hardware_g -14.446322952667716 20.559999465942383 32.16999816894531 AB 10.062523870383114 1.156611939124496
61769.3103 lsst_hardware_r 17.946808034741252 33.4900016784668 32.2400016784668 AB 10.773061526504312 1.1517269062420834
61771.2902 lsst_hardware_i -1.8557173396689932 31.90999984741211 31.229999542236328 AB 8.152954941121086 1.1529045763792665
61771.3092 lsst_hardware_z 25.51946023007116 43.130001068115234 30.940000534057617 AB 8.20022448790151 1.1532605422569127
61775.2935 lsst_hardware_g 2.2738340882160673 14.529999732971191 31.399999618530273 AB 11.614299918549346 1.1516220110607327
61775.3136 lsst_hardware_i 9.428362044629909 31.90999984741211 31.239999771118164 AB 11.673375486741751 1.1656376604193954
61777.2521 lsst_hardware_r 4.916474863219701 23.93000030517578 31.479999542236328 AB 11.116370270070735 1.172922212616274
61777.2844 lsst_hardware_z -60.85880280102247 61.08000183105469 31.68000030517578 AB 10.988908078498694 1.151072773585757
61777.314 lsst_hardware_r 11.768295805608437 24.100000381469727 31.469999313354492 AB 9.717075150485334 1.1733354310852795
61779.2495 lsst_hardware_r 37.4398828646332 47.16999816894531 31.600000381469727 AB 8.145538488829587 1.1689923204405261
61779.2705 lsst_hardware_y -59.622713487259304 49.77000045776367 30.020000457763672 AB 9.116516292157236 1.1521178202696762
61781.257 lsst_hardware_z -21.040418233550163 70.79000091552734 30.979999542236328 AB 7.1040937823874515 1.1561398148617952
61781.2796 lsst_hardware_r 10.638028467294612 98.86000061035156 31.6299991607666 AB 7.0597925464740685 1.1523369862848394
61784.2303 lsst_hardware_i -102.36825787022921 105.04000091552734 31.309999465942383 AB 9.266862988315863 1.1769811481651375
