data/validation/pwv_sim_epoch_fit_4/28794478.ecsv
# %ECSV 0.9
# ---
# datatype:
# - {name: time, datatype: float64}
# - {name: band, datatype: string}
# - {name: flux, datatype: float64}
# - {name: fluxerr, datatype: float64}
# - {name: zp, datatype: float64}
# - {name: zpsys, datatype: string}
# - {name: pwv, datatype: float64}
# - {name: airmass, datatype: float64}
# meta: {SNID: '28794478', alt: 1024.0, c: -0.06734678894281387, dec: -35.136116, lat: -30.244573, lon: -70.7499537, ra: 16.171875, t0: 60854.04296875,
#   x0: 3.136336138780671e-06, x1: 0.7606145143508911, z: 0.741825520992279}
# schema: astropy-2.0
time band flux fluxerr zp zpsys pwv airmass
[from data line 133]
61278.2758 lsst_hardware_z 29.564095117584074 60.16999816894531 30.989999771118164 AB 2.2548936992379147 1.023284967320462
61281.163 lsst_hardware_z 33.152875896461026 82.0199966430664 30.959999084472656 AB 7.099406115521069 1.365270406830975
61281.1812 lsst_hardware_r 30.693390811428166 117.16000366210938 31.610000610351562 AB 6.7869405023473925 1.2616108129218295
61286.1737 lsst_hardware_i -0.701044614949088 31.899999618530273 31.219999313354492 AB 1.607585210724117 1.2322595035892308
61286.1929 lsst_hardware_r 30.134879241369937 29.81999969482422 31.540000915527344 AB 1.5207015540054591 1.155694657888886
61296.1752 lsst_hardware_u -5.617956945251929 2.799999952316284 28.5 AB 2.437430310694762 1.1247947903529125
61296.1931 lsst_hardware_g 23.14082435598885 14.010000228881836 31.43000030517578 AB 2.2711222336793435 1.078234958227256
61297.1661 lsst_hardware_r -3.1606878977923394 23.059999465942383 31.479999542236328 AB 1.9445234800204994 1.144791333966765
61297.1736 lsst_hardware_g -14.218129583249883 13.890000343322754 31.399999618530273 AB 1.00621702801108 1.1214455592211714
61303.1766 lsst_hardware_z 94.2430862204317 44.619998931884766 30.959999084472656 AB 6.672745706718567 1.0725300501034425
61303.1959 lsst_hardware_i -14.77027484322173 37.349998474121094 31.290000915527344 AB 6.50205325134297 1.038044821607339
61305.1818 lsst_hardware_z -15.398171981949341 70.7300033569336 31.719999313354492 AB 2.3638060814238218 1.0518660947484682
61311.0885 lsst_hardware_z -0.8483317667979334 70.45999908447266 30.950000762939453 AB 6.055413585847557 1.319789368123961
61311.1096 lsst_hardware_r -56.88493606034713 94.69999694824219 31.610000610351562 AB 5.56718722019366 1.2138424449429006
61313.1071 lsst_hardware_r 25.278335552840193 40.41999816894531 31.56999969482422 AB 4.610579072187279 1.2013755643769533
61313.1273 lsst_hardware_i 31.954578479588534 44.7400016784668 31.280000686645508 AB 4.650404923643498 1.12928725683415
61315.0881 lsst_hardware_i -44.06745400569501 32.22999954223633 31.219999313354492 AB 5.745882875710439 1.2629701891879193
61315.1081 lsst_hardware_z -12.254892049802626 43.06999969482422 30.940000534057617 AB 5.349214682344413 1.17595310497446
61317.11 lsst_hardware_u 6.232276614685166 2.609999895095825 28.329999923706055 AB 2.4145139276417646 1.1497685369722688
61317.1313 lsst_hardware_g -14.516726809542204 13.789999961853027 31.40999984741211 AB 1.9692833954611118 1.0886033142404639
61319.1098 lsst_hardware_r 45.44354394788876 23.030000686645508 31.489999771118164 AB 3.896989916183989 1.1327361446131838
61319.1288 lsst_hardware_i -14.509879526418679 30.799999237060547 31.25 AB 4.682421076748181 1.0816403503691803
61321.1028 lsst_hardware_z 17.321216120441356 42.43000030517578 30.950000762939453 AB 10.071481030274256 1.137581276185642
61321.123 lsst_hardware_u 2.496138479799866 2.7200000286102295 28.459999084472656 AB 10.37744098325264 1.0824210261808798
61323.1097 lsst_hardware_z 62.59408079925095 41.93000030517578 30.950000762939453 AB 3.5171287930800497 1.101742338857624
61323.1293 lsst_hardware_r 12.749331610051446 22.540000915527344 31.5 AB 3.3263871685171846 1.057927063216088
61325.1079 lsst_hardware_u -3.9844366558323214 2.7100000381469727 28.450000762939453 AB 6.31830389135366 1.0924076693116436
61325.1291 lsst_hardware_r -19.922045923713448 22.350000381469727 31.489999771118164 AB 6.308724494059256 1.0485995613151486
61326.1058 lsst_hardware_i 6.121695030471389 30.6200008392334 31.239999771118164 AB 5.680996667356846 1.0908560823165034
61326.1247 lsst_hardware_z 26.67526842365822 41.060001373291016 30.950000762939453 AB 5.474225703560604 1.0514550938396705
61328.1095 lsst_hardware_r -6.301347949393994 22.809999465942383 31.489999771118164 AB 6.634528731762219 1.070085279316487
61328.1279 lsst_hardware_u 1.4483935613939047 2.7100000381469727 28.469999313354492 AB 6.411951599046311 1.0376725446871982
61330.1034 lsst_hardware_g -13.236975105326309 18.920000076293945 31.530000686645508 AB 7.368667997840785 1.071429630482474
61330.1233 lsst_hardware_r -18.4809760406086 25.31999969482422 31.540000915527344 AB 7.147029867926627 1.036439816978069
61332.1052 lsst_hardware_i -23.291543127637976 36.470001220703125 31.280000686645508 AB 4.448675212901076 1.0570481467400532
61332.1238 lsst_hardware_z -90.44884410462679 43.5 30.959999084472656 AB 4.329556600970329 1.0285611183806862
61340.0136 lsst_hardware_y -58.15647446923539 55.20000076293945 29.969999313354492 AB 5.568518725107935 1.2956320833988408
61340.0319 lsst_hardware_i -6.033087577927197 60.29999923706055 31.290000915527344 AB 5.18517922581703 1.207540574247096
61342.0145 lsst_hardware_y -51.694007752935384 50.369998931884766 29.989999771118164 AB 3.920070059921058 1.2623669149595507
61342.0341 lsst_hardware_r -6.037379875357118 22.899999618530273 31.489999771118164 AB 3.7342439523827777 1.177004817939518
61343.015 lsst_hardware_y 26.83297784320996 50.38999938964844 29.979999542236328 AB 5.613422700503005 1.2465962026432642
61343.0334 lsst_hardware_g 0.3142878123192866 13.630000114440918 31.389999389648438 AB 5.3371479689956605 1.1694654547237822
61355.0192 lsst_hardware_y 28.288011283376214 50.540000915527344 30.030000686645508 AB 7.028439764655802 1.1101626543446221
61355.037 lsst_hardware_r -9.329473762449894 22.290000915527344 31.489999771118164 AB 6.873657470153711 1.0675591432205704
61358.0198 lsst_hardware_y -117.02812915329532 51.15999984741211 30.030000686645508 AB 6.629401441663836 1.0875299699243477
61358.0365 lsst_hardware_z 31.118967280610732 41.130001068115234 30.950000762939453 AB 6.435440208071733 1.0529045265097934
61360.022 lsst_hardware_y -131.06302101686094 51.119998931884766 30.040000915527344 AB 6.939428981757684 1.070348943201614
61360.0403 lsst_hardware_z 21.440797897477207 41.72999954223633 30.950000762939453 AB 6.718030520610812 1.038001239262599
61362.021 lsst_hardware_y -34.624918736689956 53.630001068115234 30.040000915527344 AB 8.05420310249501 1.0613695858858812
61362.0391 lsst_hardware_r 28.852610253372205 40.349998474121094 31.610000610351562 AB 7.836587647183423 1.0321032087955866
61363.0304 lsst_hardware_z -102.26468765189328 73.37999725341797 31.719999313354492 AB 5.894967775202118 1.040533262274002
61365.0232 lsst_hardware_y -38.05302129313211 58.13999938964844 30.059999465942383 AB 4.754951775580495 1.0432101306670678
61365.041 lsst_hardware_z -14.915699244717077 55.04999923706055 30.979999542236328 AB 4.659823947310418 1.020436646733914
