data/validation/pwv_sim_epoch_fit_4/28808433.ecsv
# %ECSV 0.9
# ---
# datatype:
# - {name: time, datatype: float64}
# - {name: band, datatype: string}
# - {name: flux, datatype: float64}
# - {name: fluxerr, datatype: float64}
# - {name: zp, datatype: float64}
# - {name: zpsys, datatype: string}
# - {name: pwv, datatype: float64}
# - {name: airmass, datatype: float64}
# meta: {SNID: '28808433', alt: 1024.0, c: -0.06114703789353371, dec: 1.342993, lat: -30.244573, lon: -70.7499537, ra: 221.132812, t0: 62259.36328125,
#   x0: 6.064367875782985e-06, x1: 0.5029465556144714, z: 0.5662573575973511}
# schema: astropy-2.0
time band flux fluxerr zp zpsys pwv airmass
62187.3432 lsst_hardware_z 78.59213153873823 44.38999938964844 30.93000030517578 AB 4.696697619907521 1.2345652203384354
62187.372 lsst_hardware_y -85.0233358883983 49.13999938964844 30.0 AB 4.421635816707075 1.183310209645069
62189.3746 lsst_hardware_u -1.599974192787035 2.7799999713897705 28.3799991607666 AB 11.014514784003332 1.1766072676195307
62189.3931 lsst_hardware_y 86.86026168564811 59.5 30.020000457763672 AB 10.11486457147007 1.1729532460803516
62191.3764 lsst_hardware_r -25.95274067690557 24.34000015258789 31.5 AB 12.584980875505146 1.1732424681950104
62191.3949 lsst_hardware_y -6.506516866414517 60.33000183105469 30.020000457763672 AB 12.595575290638765 1.1759385020785726
62193.3808 lsst_hardware_z 8.254257509310847 62.61000061035156 31.690000534057617 AB 6.838208037716385 1.1726662920515123
62197.3765 lsst_hardware_i -2.7665159228177547 80.41999816894531 31.309999465942383 AB 3.584186774910833 1.1748543062888908
62197.3945 lsst_hardware_y -38.6906580953334 62.540000915527344 30.020000457763672 AB 3.6542944073929395 1.1914882319507465
62198.2942 lsst_hardware_z -51.26298202896629 74.44999694824219 30.959999084472656 AB 7.801776023370951 1.2952230469612271
62198.312 lsst_hardware_i 127.5681133383722 80.87999725341797 31.299999237060547 AB 7.465342494338453 1.237623092562741
62201.3515 lsst_hardware_z 206.45125550699703 73.56999969482422 31.700000762939453 AB 8.383764932911076 1.1726775442054866
62203.3433 lsst_hardware_r 19.906797543146048 30.040000915527344 31.520000457763672 AB 9.517845795404547 1.1733406226035858
62203.3607 lsst_hardware_i 11.515528979042026 35.0 31.239999771118164 AB 9.568026340755573 1.1751444781080291
62205.3404 lsst_hardware_z 31.279466474739074 43.47999954223633 30.940000534057617 AB 9.863459437045702 1.172708939309902
62205.3606 lsst_hardware_u -3.8856535293793564 2.9100000858306885 28.389999389648438 AB 9.978275338937474 1.1785944590506643
62209.3461 lsst_hardware_i -13.460341267214584 31.920000076293945 31.229999542236328 AB 12.235936536543129 1.1761365440998885
62209.3649 lsst_hardware_z 19.338853299560558 43.47999954223633 30.93000030517578 AB 12.464905137657764 1.1960759139910535
62210.3428 lsst_hardware_i -1.6007487089520853 32.06999969482422 31.239999771118164 AB 10.644732441333813 1.1758021069607851
62210.3618 lsst_hardware_u -0.38650904052571267 2.700000047683716 28.3700008392334 AB 10.798065527076615 1.195512209371322
62212.3114 lsst_hardware_u -0.18230711381708015 2.700000047683716 28.3799991607666 AB 9.60792714729166 1.1768651576790372
62212.3308 lsst_hardware_g -23.773057491697724 14.699999809265137 31.40999984741211 AB 9.412139091537586 1.1730714889434268
62215.3091 lsst_hardware_r -17.84425275851466 24.100000381469727 31.5 AB 5.626362368637363 1.173829904093479
62215.3286 lsst_hardware_i -19.056037706258234 32.38999938964844 31.25 AB 5.640709085213756 1.1754946602741274
62217.3111 lsst_hardware_z -1.7719200381865778 43.279998779296875 30.950000762939453 AB 6.79638785902358 1.17234686429317
62217.3312 lsst_hardware_u -3.5654886355758073 2.880000114440918 28.510000228881836 AB 6.828380755106195 1.1814659225906525
62221.2852 lsst_hardware_i -72.4530205135272 32.31999969482422 31.239999771118164 AB 8.363776874768703 1.1779967429251696
62221.3029 lsst_hardware_z 28.811132517838452 43.63999938964844 30.940000534057617 AB 7.460744887515504 1.1724585994000079
62223.2814 lsst_hardware_i 41.21094045302449 63.619998931884766 31.309999465942383 AB 8.934596321725214 1.1768435618710607
62223.2996 lsst_hardware_z 78.53072303433377 59.86000061035156 30.969999313354492 AB 8.68260218668473 1.1727963331856905
62227.2788 lsst_hardware_i 37.74534298271897 98.29000091552734 31.309999465942383 AB 5.441386779246416 1.173049751202878
62227.297 lsst_hardware_r -97.41983858473877 117.8499984741211 31.6200008392334 AB 6.018031282848393 1.1761624657032987
62229.2841 lsst_hardware_z 32.51811050327052 81.01469151320117 31.719999313354492 AB 7.013942967386204 1.1729982385460815
62231.2791 lsst_hardware_r 8.131599983265128 38.069148744099536 31.559999465942383 AB 8.135180737584022 1.1731177760407647
62231.2976 lsst_hardware_i 58.80447993136518 39.26231404025136 31.25 AB 8.19985147290495 1.1863211042975377
62233.2797 lsst_hardware_z 48.09936283257592 44.21840832281676 30.940000534057617 AB 9.405032483964339 1.1756290604955424
62233.2986 lsst_hardware_r 56.47795681587256 27.672495622103266 31.510000228881836 AB 10.0338898554394 1.1949018851932953
62237.2604 lsst_hardware_r 240.2856968119863 29.255796901353765 31.489999771118164 AB 4.027159240659656 1.1726174630669677
62237.2771 lsst_hardware_z 211.826399909429 45.49532293279687 30.940000534057617 AB 4.047569150889415 1.1819445615095385
62241.2084 lsst_hardware_r 755.3434733056888 36.20586184055661 31.479999542236328 AB 12.083794636704749 1.20656960925659
62241.2267 lsst_hardware_u 2.400459780229693 3.188330558647582 28.360000610351562 AB 11.81149490708533 1.1812282392578168
62243.2652 lsst_hardware_g 319.74364958031055 23.455321546196647 31.43000030517578 AB 15.990258911997886 1.1867492141901355
62243.2831 lsst_hardware_r 991.7587633424506 39.725893029593585 31.489999771118164 AB 16.53507658446753 1.2162317891777226
62245.2287 lsst_hardware_r 1235.7182332615162 42.875856415629755 31.5 AB 10.537105603576299 1.173320842585537
62245.246 lsst_hardware_i 988.3641427701724 44.53042477815614 31.25 AB 10.562647221894505 1.1751290228508098
62249.2224 lsst_hardware_z 985.3752643147476 54.54699808470548 30.940000534057617 AB 5.244145026930456 1.1724218038783523
62249.2386 lsst_hardware_g 677.3710450638079 29.96220880173112 31.40999984741211 AB 5.1970025374725735 1.1772351193898254
62251.228 lsst_hardware_r 2196.611974485236 80.30751950107108 31.6200008392334 AB 14.914379972892094 1.174360627786779
62251.2448 lsst_hardware_z 1076.00121440937 64.3275237789841 30.959999084472656 AB 15.09406314438218 1.1885089090064709
62253.2241 lsst_hardware_r 2544.520349403426 134.42437668312076 31.6200008392334 AB 3.380178212015129 1.1751010644933526
62253.242 lsst_hardware_y 233.3523509291703 67.51644289373297 30.0 AB 3.374636188644229 1.1920297381292986
62255.2211 lsst_hardware_z 1269.498001776881 108.30639425506202 30.979999542236328 AB 12.243878070506595 1.1765040905647004
62255.239 lsst_hardware_r 2383.8859961989656 158.90143408788938 31.6200008392334 AB 12.515228857929051 1.195608272260203
62258.224 lsst_hardware_i 1822.388614447693 67.4371332482968 31.290000915527344 AB 9.519095490382428 1.1864634947556438
62258.2434 lsst_hardware_z 1308.110283063634 64.4721261490307 30.950000762939453 AB 9.816723903770294 1.2189514475765308
62260.2269 lsst_hardware_r 2254.087060415032 61.04285696093603 31.559999465942383 AB 11.39482929026972 1.1980264901804571
62260.2449 lsst_hardware_z 1357.8008360457404 58.53383924835045 30.940000534057617 AB 11.766349453844592 1.2356798474273634
62262.1896 lsst_hardware_u -6.678426963179521 2.941624711069211 28.3700008392334 AB 3.8400828849879516 1.1723654052779582
62262.2083 lsst_hardware_g 434.32884618330064 27.44357896426899 31.40999984741211 AB 3.88712058175014 1.181435767716977
62265.1831 lsst_hardware_r 1947.0365592026835 49.76759782274253 31.5 AB 9.025543210906884 1.172503773122651
62265.2018 lsst_hardware_u 4.15595656523249 3.0564883194631127 28.489999771118164 AB 9.064420279408315 1.183087267271076
62267.1871 lsst_hardware_g 338.022759457107 24.357852107306737 31.420000076293945 AB 9.155793550220805 1.1757667355412238
62267.2061 lsst_hardware_r 1719.0948942131852 48.46094819514734 31.5 AB 9.321276028352989 1.1954057596930152
62269.1549 lsst_hardware_i 3089.7501396173584 70.33601648898147 31.989999771118164 AB 8.206648138181999 1.1774666434494516
62269.1735 lsst_hardware_z 2494.095163920636 77.58436920198231 31.690000534057617 AB 6.977604660755239 1.1727066656731902
62271.1562 lsst_hardware_r 1394.922049880843 45.27631985092986 31.489999771118164 AB 8.097057829049522 1.1738410625018938
62271.1771 lsst_hardware_u -2.4377598676135595 2.77010256182803 28.329999923706055 AB 7.660447255999237 1.1763134486543418
62276.1227 lsst_hardware_z 926.0583705996808 53.35183186743893 30.93000030517578 AB 9.722051427932051 1.1907955041765768
62276.1438 lsst_hardware_g 164.02784518880043 20.86447529605625 31.420000076293945 AB 9.035251402722887 1.1734092730808943
62278.1225 lsst_hardware_r 1048.2211293309324 52.967621484653925 31.579999923706055 AB 5.451496023768208 1.184421210262502
62278.1434 lsst_hardware_z 984.4902930107796 55.83851204612722 30.950000762939453 AB 5.821922053348528 1.172415456547053
62281.1126 lsst_hardware_r 873.7753062228003 107.59129533728355 31.6200008392334 AB 6.804852679357249 1.1863411226215566
62281.1341 lsst_hardware_y 337.8501688939355 61.67759805667575 30.010000228881836 AB 6.60623706921135 1.1725313538017483
62284.1146 lsst_hardware_z 752.0191422032069 85.4000990089936 30.979999542236328 AB 8.990990795862542 1.177023831891716
62284.1372 lsst_hardware_r 698.8188125381961 123.5616021734844 31.6200008392334 AB 8.35825998098227 1.1740778172471744
62286.0973 lsst_hardware_i 576.0953653617431 65.01591317978827 31.290000915527344 AB 14.377814806410667 1.188330998532461
62286.118 lsst_hardware_z 715.5203514901177 62.860447619100135 30.959999084472656 AB 14.268946343376847 1.1729909650318353
62287.1368 lsst_hardware_r 533.2805241134117 61.506933755414735 31.610000610351562 AB 9.646156158978362 1.1786723340264986
62287.1558 lsst_hardware_z 655.7984614866785 58.2501055226703 30.950000762939453 AB 9.855017878770434 1.2024057684589715
62303.0914 lsst_hardware_r 210.92107171035235 27.690893557018455 31.489999771118164 AB 9.39933066804575 1.1774183474941209
62303.1117 lsst_hardware_u 4.625592950167497 2.8832872851358675 28.31999969482422 AB 9.586557518328588 1.2016994695491805
62305.0928 lsst_hardware_g 58.529549278981946 20.465268385984622 31.510000228881836 AB 6.1607742973837505 1.1833230611531629
62305.1127 lsst_hardware_r 196.2842426625629 29.597403494319934 31.5 AB 6.231000015583066 1.213909997191275
62307.0531 lsst_hardware_r 210.57742171061844 49.42967951089737 31.59000015258789 AB 4.3562693663981475 1.1762044909724096
62307.0766 lsst_hardware_i 238.85503588057128 48.53250498229827 31.280000686645508 AB 4.431651406098401 1.1750887589088919
62309.0563 lsst_hardware_z 442.4513314830087 70.92283815153733 30.969999313354492 AB 3.4971636385113687 1.172757759393443
62309.0791 lsst_hardware_r 207.09587452994188 86.83314824853393 31.6200008392334 AB 3.52268992536089 1.1806580020201842
62313.0544 lsst_hardware_r 394.9337160104452 99.49363138941098 31.6200008392334 AB 4.49821429196146 1.1729372338883666
62313.0771 lsst_hardware_z 327.29568295922866 71.26084640543557 30.969999313354492 AB 4.626314475854708 1.1905846942944627
62324.0414 lsst_hardware_r 302.28810201388524 45.436729992443794 32.65999984741211 AB 3.5514871154595693 1.183829038486523
62324.0723 lsst_hardware_i 400.891663434254 60.58464038558911 32.40999984741211 AB 3.9225824406436933 1.2414545122830145
62326.0272 lsst_hardware_z 249.40042358063988 46.010935390792845 30.940000534057617 AB 2.8324303466492187 1.1765027400412882
62326.0525 lsst_hardware_r 159.5698877885658 26.644712178931254 31.489999771118164 AB 3.500254657624143 1.2082342622106121
62329.005 lsst_hardware_u 4.114070992993992 2.755017776728925 28.3799991607666 AB 11.487009948604385 1.1723831341706863
62329.0251 lsst_hardware_g 13.478907018429771 15.42391902200731 31.40999984741211 AB 11.44836199435572 1.1812177047416137
62331.0041 lsst_hardware_r 124.23217809610185 26.256841137494664 31.479999542236328 AB 8.139555578429723 1.1727058103152441
62331.0245 lsst_hardware_z 261.4716745147194 46.113660763800816 30.93000030517578 AB 8.319785211725602 1.1862811613677189
62332.9665 lsst_hardware_y 32.94950533847475 53.67684151239934 30.0 AB 5.0383839297570345 1.1915768064068666
62332.9863 lsst_hardware_r 116.34432537504414 27.52271897473687 31.489999771118164 AB 5.004786576280969 1.1740975702879972
62334.9686 lsst_hardware_z 186.24578819270457 50.955676124491006 30.950000762939453 AB 2.4663870870142666 1.1826358604719571
62334.9911 lsst_hardware_g 14.613530239725339 32.34323577129273 31.610000610351562 AB 2.4521554897009374 1.172438675448691
62343.9694 lsst_hardware_y -7.035832813437747 52.369998931884766 30.010000228881836 AB 5.071472367117331 1.172865949842121
62343.9917 lsst_hardware_i 32.78042958989437 49.7400016784668 31.280000686645508 AB 5.231867984208702 1.189601633517213
62551.3736 lsst_hardware_i -67.12870934430956 73.38999938964844 31.309999465942383 AB 3.7764216322813677 1.1852245217046269
62551.3905 lsst_hardware_y -120.31464433408534 64.73999786376953 30.030000686645508 AB 2.5597854539923257 1.1732716644859977
62553.3751 lsst_hardware_i 82.04506220059142 72.26000213623047 31.299999237060547 AB 6.150092944823552 1.1786303075552993
62553.3921 lsst_hardware_y -42.86146843694046 66.73999786376953 30.020000457763672 AB 6.111551463311277 1.1723112191648735
62555.3751 lsst_hardware_z 65.75307601124905 62.709999084472656 30.969999313354492 AB 11.39849143036298 1.1751022093157713
62555.392 lsst_hardware_y -22.302040804094073 63.02000045776367 30.010000228881836 AB 11.379568653994973 1.1731514076283478
62558.3753 lsst_hardware_i -18.63834308304836 34.849998474121094 31.25 AB 7.046410207944316 1.172447621954129
62558.3938 lsst_hardware_y -47.866022367457894 56.16999816894531 30.010000228881836 AB 6.919296814338667 1.1783543621148955
62560.3756 lsst_hardware_u 3.113895356386359 2.880000114440918 28.399999618530273 AB 5.6270627431954265 1.1725490192113828
62560.3928 lsst_hardware_z 4.845923608449916 47.310001373291016 30.950000762939453 AB 5.68217943296858 1.1822274983636687
62562.344 lsst_hardware_g 7.28083547414153 14.789999961853027 31.40999984741211 AB 3.791178582159883 1.1847433069249633
62562.3629 lsst_hardware_r -25.48603555959475 23.969999313354492 31.479999542236328 AB 3.752550803307301 1.1726721260335315
62565.3423 lsst_hardware_i -41.17809989012557 32.02000045776367 31.229999542236328 AB 11.407630009550642 1.178656817642263
62565.3609 lsst_hardware_u 2.534599185326027 2.6500000953674316 28.329999923706055 AB 11.34631514083966 1.172412507126105
62567.3471 lsst_hardware_g 7.266065553192018 14.510000228881836 31.3799991607666 AB 10.089382777291908 1.173184043871152
62567.3658 lsst_hardware_r 46.78659571479174 23.81999969482422 31.469999313354492 AB 10.113843725561674 1.17602834018159
62576.3085 lsst_hardware_g -17.78031985743107 16.360000610351562 31.440000534057617 AB 9.151150847199727 1.1819374681562649
62576.3273 lsst_hardware_r -43.68075453381831 23.940000534057617 31.479999542236328 AB 9.024084589580651 1.1723396673700297
62577.3126 lsst_hardware_i 21.554541298018478 49.849998474121094 31.280000686645508 AB 9.539021572141134 1.1764950138309018
62577.3294 lsst_hardware_z 37.19865552708319 50.779998779296875 30.950000762939453 AB 9.415812559192485 1.1725793971597118
62579.3103 lsst_hardware_i -107.00034500546475 81.7699966430664 31.309999465942383 AB 6.461053094942537 1.1747369263531886
62579.3288 lsst_hardware_z -45.821488533963624 71.93000030517578 30.969999313354492 AB 6.45662620181822 1.1739320366942219
62581.2658 lsst_hardware_z 192.90420361834913 86.8499984741211 30.969999313354492 AB 5.632224944069228 1.2317605126449924
62581.2856 lsst_hardware_r -146.91492638164283 124.69999694824219 31.6299991607666 AB 5.317677402375088 1.1929730571789317
62583.3136 lsst_hardware_i 60.2307550253003 79.44000244140625 31.309999465942383 AB 7.265745929128379 1.1726825978418267
62583.333 lsst_hardware_r 77.3845406698778 96.66999816894531 31.6200008392334 AB 7.334089371865425 1.1853712316136236
62585.2632 lsst_hardware_z 33.97110840961695 50.5099983215332 30.940000534057617 AB 7.923763259777171 1.2128209071087508
62585.2808 lsst_hardware_r 63.22401797987678 48.599998474121094 31.59000015258789 AB 7.799053969637821 1.185191510614245
62593.312 lsst_hardware_u -1.6837954958557202 2.6500000953674316 28.31999969482422 AB 10.529525470231508 1.193462914111173
