data/validation/pwv_sim_epoch_fit_4/28839752.ecsv
# %ECSV 0.9
# ---
# datatype:
# - {name: time, datatype: float64}
# - {name: band, datatype: string}
# - {name: flux, datatype: float64}
# - {name: fluxerr, datatype: float64}
# - {name: zp, datatype: float64}
# - {name: zpsys, datatype: string}
# - {name: pwv, datatype: float64}
# - {name: airmass, datatype: float64}
# meta: {SNID: '28839752', alt: 1024.0, c: 0.02227955311536789, dec: -22.185358, lat: -30.244573, lon: -70.7499537, ra: 75.585938, t0: 62148.0078125,
#   x0: 6.001813395548146e-06, x1: 1.2630343437194824, z: 0.5688947439193726}
# schema: astropy-2.0
time band flux fluxerr zp zpsys pwv airmass
62036.3872 lsst_hardware_z -33.21888540715782 41.619998931884766 30.950000762939453 AB 1.4258024645889458 1.013843895180573
62038.3801 lsst_hardware_u 1.0282961992232487 2.7699999809265137 28.450000762939453 AB 6.539748080154566 1.0147010209704523
62038.3983 lsst_hardware_y 174.39223961922738 69.2699966430664 30.079999923706055 AB 6.552877547483676 1.0101163894536764
62040.38 lsst_hardware_r 13.654481044986671 21.899999618530273 31.479999542236328 AB 5.669823015626543 1.0122273891263764
62042.3293 lsst_hardware_z -10.330277602193151 40.970001220703125 30.940000534057617 AB 6.390146706406196 1.0644478751353343
62042.3476 lsst_hardware_y -0.9638335899593641 46.65999984741211 30.049999237060547 AB 7.176450856423125 1.0344682187809617
62045.3803 lsst_hardware_z 28.461539862574966 41.27000045776367 30.959999084472656 AB 2.094534451683423 1.0101850174913016
62047.3592 lsst_hardware_i 8.372940181322793 61.25 31.34000015258789 AB 2.380664047498226 1.0129048564026815
62047.3785 lsst_hardware_y 44.44370439369608 52.86000061035156 30.06999969482422 AB 1.931606063635668 1.01069472240464
62051.3638 lsst_hardware_y -91.25708897701946 71.95999908447266 30.81999969482422 AB 4.462280661416575 1.010175217646372
62055.2609 lsst_hardware_u -1.1208898377174816 4.119999885559082 28.729999542236328 AB 6.314279207242465 1.1550334672780838
62055.2804 lsst_hardware_g -13.030086324109936 27.350000381469727 31.6299991607666 AB 5.968823767234083 1.0950965539370228
62056.3531 lsst_hardware_r 1.970997342490467 27.489999771118164 31.559999465942383 AB 5.509298035903166 1.0105404364103128
62056.3712 lsst_hardware_y -35.597379376981635 48.90999984741211 30.059999465942383 AB 5.5643469455264745 1.0190178455317762
62060.2793 lsst_hardware_i 22.597808579809186 30.219999313354492 31.25 AB 6.5002136537781485 1.0661768407394348
62060.2961 lsst_hardware_z -20.46470837042759 40.77000045776367 30.950000762939453 AB 5.604954584370192 1.0376182874753905
62061.2961 lsst_hardware_r -29.29813185984866 37.75 32.68000030517578 AB 6.403490625461653 1.0339884749655501
62068.2897 lsst_hardware_i 0.19927642093200298 29.709999084472656 31.25 AB 3.8781891075387787 1.0205760809312576
62068.3067 lsst_hardware_z 10.352243819483759 40.34000015258789 30.950000762939453 AB 3.81682318644311 1.0112129252730733
62069.3108 lsst_hardware_r 22.93327093688601 21.81999969482422 31.5 AB 1.3303298135034483 1.0101213466237269
62069.3274 lsst_hardware_g 6.6206982820473375 13.279999732971191 31.43000030517578 AB 1.3615117761537967 1.013783898848382
62076.2424 lsst_hardware_i 45.72783997950296 66.08999633789062 31.329999923706055 AB 4.644342941996352 1.0533181248501153
62076.2674 lsst_hardware_z -26.639778748277006 59.400001525878906 30.989999771118164 AB 3.1752757760579824 1.0209616385599471
62077.1616 lsst_hardware_z -37.092871531083034 70.94000244140625 30.950000762939453 AB 5.277713454397505 1.350547222518234
62077.1795 lsst_hardware_r -217.22901968526048 98.33000183105469 31.610000610351562 AB 4.659193005635458 1.24644007641398
62078.2835 lsst_hardware_z 48.25058506485257 65.02999877929688 31.0 AB 5.10996890970244 1.0103744754725537
62078.3012 lsst_hardware_r -46.437045968280145 90.7300033569336 31.670000076293945 AB 5.774244596124623 1.0130253677411618
62081.1695 lsst_hardware_r -12.004463579000129 64.58000183105469 31.600000381469727 AB 6.580458958329051 1.241830337484252
62081.187 lsst_hardware_z 130.35161956807025 56.029998779296875 30.959999084472656 AB 6.173947497854518 1.1657755849421134
62082.2766 lsst_hardware_r -34.82100569300961 53.47999954223633 31.649999618530273 AB 5.101088903577531 1.0100832784880098
62082.2937 lsst_hardware_i -74.40189897829197 48.18000030517578 31.31999969482422 AB 6.129733355147928 1.0147165162336202
62086.1956 lsst_hardware_r 10.469484355424346 22.190000534057617 31.469999313354492 AB 3.6980155206593124 1.0955189534626546
62086.2147 lsst_hardware_u 1.2352618823742432 2.569999933242798 28.3700008392334 AB 7.18051071231607 1.0540199210739987
62087.2607 lsst_hardware_u -1.99804845312515 2.5999999046325684 28.40999984741211 AB 4.501364679358292 1.0101805833389343
62087.2786 lsst_hardware_r -16.689060294859527 22.260000228881836 31.489999771118164 AB 4.467135207930942 1.013952154331095
62088.1959 lsst_hardware_g 12.43618577122711 13.130000114440918 31.360000610351562 AB 4.371324955141885 1.081341980245364
62088.2125 lsst_hardware_r 14.835818478454657 21.90999984741211 31.479999542236328 AB 7.653602711874877 1.0484387276540927
62092.2544 lsst_hardware_z 24.20635569858556 40.380001068115234 30.950000762939453 AB 4.041869303234813 1.0104673258087034
62092.2751 lsst_hardware_r 7.1294041413002 22.0 31.479999542236328 AB 4.083098509435733 1.0207746273589333
62094.2549 lsst_hardware_u -2.7231367749787845 2.609999895095825 28.40999984741211 AB 4.40257187104544 1.0119885538271292
62094.274 lsst_hardware_g -11.68221029962317 13.479999542236328 31.420000076293945 AB 4.496631906349887 1.0247760493058333
62097.2534 lsst_hardware_r 24.760042556932518 22.139999389648438 31.5 AB 6.2640667192766255 1.0150813027512373
62097.2732 lsst_hardware_i 48.84540112666086 30.170000076293945 31.260000228881836 AB 6.268683491393253 1.0330724277180707
62099.233 lsst_hardware_i -4.61011361957101 29.90999984741211 31.260000228881836 AB 6.269653406367785 1.0101889291514785
62099.2519 lsst_hardware_z 28.882060200335154 40.61000061035156 30.950000762939453 AB 6.643299300758565 1.0176103090260757
62106.2376 lsst_hardware_y 103.67090589514322 78.19999694824219 30.81999969482422 AB 6.4347655960352625 1.0213913644500416
62107.1255 lsst_hardware_g 123.40079742952454 107.80000305175781 31.700000762939453 AB 7.328691974691915 1.1325939689335116
62107.1419 lsst_hardware_i -57.08137803059361 78.58999633789062 31.329999923706055 AB 7.030503925379121 1.0863913350475394
62108.2073 lsst_hardware_r -131.99777922852388 93.19000244140625 31.670000076293945 AB 3.7837150097348204 1.0101130170593513
62108.2255 lsst_hardware_i 94.50899866639261 74.81999969482422 31.34000015258789 AB 4.451475378277749 1.0163765918780179
62111.2181 lsst_hardware_z -19.196978297370816 48.810001373291016 30.969999313354492 AB 4.318586731731321 1.0168957415481803
62111.2367 lsst_hardware_r 94.16285960577537 53.34000015258789 31.6299991607666 AB 4.401689185415102 1.0352855786942614
62112.145 lsst_hardware_u -0.2993996360667098 3.4600000381469727 28.6299991607666 AB 3.891516873161846 1.0517613170707691
62112.1667 lsst_hardware_g -9.143688906119609 28.040000915527344 31.649999618530273 AB 4.576859436945977 1.0231048255159627
62113.2198 lsst_hardware_u -4.579606891059814 6.71999979019165 29.09000015258789 AB 5.653896088472238 1.0225584485558528
62113.2379 lsst_hardware_r -18.718217897910787 35.36000061035156 31.59000015258789 AB 5.727457118934358 1.0448704038920658
62115.1973 lsst_hardware_g -40.45164741899689 13.449999809265137 31.43000030517578 AB 10.220122045709333 1.0118932718524092
62115.2151 lsst_hardware_i -29.00588356508315 29.8700008392334 31.25 AB 9.759875554783973 1.0232622724663423
62117.2025 lsst_hardware_z 71.66503195464756 40.734344533350644 30.959999084472656 AB 11.291426789777327 1.0174289772731608
62117.2216 lsst_hardware_r 12.238201002823244 22.338318214474437 31.5 AB 11.220880152547002 1.037002001067171
62119.1965 lsst_hardware_u 4.453527755589021 2.729868990796159 28.399999618530273 AB 8.108556078675516 1.0170579627644094
62119.2153 lsst_hardware_g -2.1815211325753343 13.562106851038001 31.399999618530273 AB 8.362385012342408 1.0358704720678567
62120.0318 lsst_hardware_y 153.66598465541668 76.21576614389073 29.920000076293945 AB 14.283882645579128 1.44202730745379
62120.0546 lsst_hardware_g -19.079630101972363 13.987755822778725 31.329999923706055 AB 12.866294274598168 1.2865120862475548
62121.1417 lsst_hardware_r 105.1531324408577 32.63583145496294 32.25 AB 9.5958634908127 1.0235041854634745
62121.1612 lsst_hardware_i 95.07484082438592 43.38837006596406 32.0 AB 9.488142081893699 1.0114301639207643
62123.1421 lsst_hardware_z 54.256370959571 41.92367379200484 30.959999084472656 AB 3.4617531865203377 1.018537164110434
62123.1606 lsst_hardware_r 98.60689317649619 24.505657931073877 31.510000228881836 AB 3.5931352993193646 1.0103719646596647
62127.1259 lsst_hardware_g 127.61590689428701 18.86482969143152 31.479999542236328 AB 5.028686330768036 1.0229570430448622
62127.1463 lsst_hardware_i 446.6416321253268 36.645798815082 31.260000228881836 AB 4.852920737585513 1.0110251536636485
62130.1241 lsst_hardware_z 595.1560430512554 49.31704838105332 30.959999084472656 AB 7.69484473060955 1.017724421550916
62130.1423 lsst_hardware_r 924.4238172948134 47.77814214955409 31.600000381469727 AB 7.0067194754509545 1.0102688307189034
62132.1157 lsst_hardware_y 455.26045941630224 73.04879421036948 30.81999969482422 AB 5.464253661534791 1.0199577516553244
62140.1163 lsst_hardware_i 1685.5004891482317 58.6174273421629 31.299999237060547 AB 2.323341210122963 1.0101483522273753
62140.1375 lsst_hardware_z 1151.3785970198908 58.55475500169782 30.969999313354492 AB 2.438338327266756 1.015974303027815
62144.0963 lsst_hardware_u -4.549456058993607 3.2108239323698125 28.489999771118164 AB 5.850061880656773 1.01212143263958
62144.1188 lsst_hardware_g 582.3102047333253 27.355127779753705 31.420000076293945 AB 5.842018828914755 1.0121307742402554
62146.0943 lsst_hardware_r 4183.942926064473 70.9308175953121 32.22999954223633 AB 8.578020528411392 1.0110523061450796
62146.1145 lsst_hardware_i 3403.2768786474303 72.19217099756439 31.989999771118164 AB 8.58294520648574 1.0125775932776446
62148.09 lsst_hardware_z 1310.3613707946427 54.038865594528566 30.950000762939453 AB 5.570413534817444 1.0107808990777434
62148.1109 lsst_hardware_r 2017.6855181453802 50.22888974427042 31.5 AB 5.8216511690920525 1.0133863386730522
62150.072 lsst_hardware_u 2.3511405498304656 2.8292029775506022 28.489999771118164 AB 6.7702359121033355 1.0160434085197603
62150.0918 lsst_hardware_r 2066.7566417532553 49.51335859912498 31.5 AB 6.886711868332579 1.0100780094356965
62156.0514 lsst_hardware_y 514.3153233063531 51.7266775346915 30.059999465942383 AB 8.321687174831718 1.0189821030406225
62156.0723 lsst_hardware_g 314.77194188666454 22.634379450574468 31.450000762939453 AB 8.282547953928583 1.0101694831501513
62158.0501 lsst_hardware_z 1335.464549609214 54.908395602659006 30.959999084472656 AB 10.973634965346449 1.0160773116061526
62158.0699 lsst_hardware_i 1527.4712382751497 50.62455549836257 31.270000457763672 AB 10.908820026099642 1.0100759283425593
62162.048 lsst_hardware_y 409.3309338370685 54.05769193765352 30.06999969482422 AB 12.052297444423946 1.0118202950446162
62162.0671 lsst_hardware_r 1599.4341947063267 70.90736133013874 31.649999618530273 AB 12.061279594480926 1.0113008505832306
62165.0458 lsst_hardware_y 426.64645543333444 56.857796131194384 30.06999969482422 AB 12.750691237186256 1.0103825698396316
62165.0646 lsst_hardware_z 1188.3383441777983 68.79093399337482 30.989999771118164 AB 12.819004546765035 1.013440157068941
62167.0283 lsst_hardware_y 239.946431816441 85.59575194473625 30.09000015258789 AB 8.701111726080866 1.0144604392807424
62167.0451 lsst_hardware_r 1254.543363837285 77.63369934804942 31.65999984741211 AB 9.207811750592914 1.0100714952383627
62169.0361 lsst_hardware_z 1919.8082091685874 90.2164130403698 31.729999542236328 AB 6.858467244935754 1.0102323236022617
62171.0261 lsst_hardware_y 206.76770302170578 71.92673374107538 30.079999923706055 AB 9.111937446528195 1.011033281168177
62171.0447 lsst_hardware_g 127.13292691465469 17.410425146879128 31.440000534057617 AB 9.729465507994755 1.0119925985606055
62173.0249 lsst_hardware_y 245.04331494137992 82.6817216564209 30.09000015258789 AB 5.285183791425851 1.0102616441605374
62173.0434 lsst_hardware_i 872.7499110831928 41.9353376947739 31.260000228881836 AB 4.7771221284529135 1.0137487716883768
62399.3052 lsst_hardware_r 69.35570598977398 64.51000213623047 31.600000381469727 AB 8.004842735031824 1.2102571855914945
62399.3215 lsst_hardware_z -48.573910159400775 52.439998626708984 30.959999084472656 AB 7.468725434600855 1.1459494337709306
62404.2498 lsst_hardware_r -94.62534300208128 80.8499984741211 31.540000915527344 AB 8.775034041174646 1.4743413583221268
62404.2732 lsst_hardware_i 72.29697162231298 63.77000045776367 31.280000686645508 AB 7.753810919631651 1.3053553736753623
62408.367 lsst_hardware_z -28.628428716931076 46.52000045776367 30.959999084472656 AB 7.048658769477634 1.01477955218512
62408.387 lsst_hardware_y 58.78295710798738 52.630001068115234 30.059999465942383 AB 7.254836028361086 1.0102352434592354
62410.3712 lsst_hardware_r 49.56694995744514 30.31999969482422 31.56999969482422 AB 4.2260560394138444 1.0109577272684025
62410.3929 lsst_hardware_y 6.421300096526393 69.58000183105469 30.079999923706055 AB 4.2574834336120295 1.0134452353276364
62412.3647 lsst_hardware_z -27.771533216912545 57.709999084472656 31.700000762939453 AB 2.9325450803967534 1.011222441516122
62415.3571 lsst_hardware_g 4.391805431354384 13.09000015258789 31.40999984741211 AB 6.306113550149335 1.0110677079535806
62415.3766 lsst_hardware_y -5.704368593508581 48.060001373291016 30.059999465942383 AB 5.813750924106282 1.0123195061999446
62417.3531 lsst_hardware_i -11.817917428129594 29.610000610351562 31.25 AB 4.353567253429527 1.0107337687885831
62417.3711 lsst_hardware_y 46.45992500489644 46.880001068115234 30.049999237060547 AB 4.54119640726141 1.0123041478512198
62418.2964 lsst_hardware_z -26.057613985478824 41.150001525878906 30.940000534057617 AB 2.9239393660384416 1.0718252808058804
62418.3175 lsst_hardware_r 7.902711661298025 21.65999984741211 31.479999542236328 AB 2.7960917220767056 1.0354616919182564
62419.3537 lsst_hardware_i 21.91056451388121 29.579999923706055 31.25 AB 3.030264842616404 1.0100882808721348
62419.3718 lsst_hardware_y -30.051415150158785 47.869998931884766 30.059999465942383 AB 3.045806745824109 1.015268915274703
62421.3539 lsst_hardware_g 5.363774897015529 13.0 31.399999618530273 AB 5.614002403086927 1.0105608549898464
62421.3726 lsst_hardware_y -21.41841428150272 48.65999984741211 30.059999465942383 AB 5.64571834765318 1.0195735036696085
62426.334 lsst_hardware_z 56.64423878794426 40.220001220703125 30.950000762939453 AB 4.931046967653107 1.0100982163472334
62426.3527 lsst_hardware_u -2.0165984636013277 2.700000047683716 28.479999542236328 AB 4.965454600086516 1.0152746715915577
62428.3257 lsst_hardware_z 29.430288591489514 45.90999984741211 30.959999084472656 AB 3.8391639710448104 1.010306308169687
62428.3434 lsst_hardware_r -24.504736866093147 22.75 31.510000228881836 AB 3.894872659597454 1.0132782360310768
62431.2296 lsst_hardware_i 102.31028772315346 72.87000274658203 31.309999465942383 AB 2.8662717626124388 1.162198383218668
62431.2498 lsst_hardware_z -46.30308531331667 63.810001373291016 30.979999542236328 AB 2.7523804747029907 1.0983892815577887
62434.3184 lsst_hardware_z 81.7644921385347 57.11000061035156 30.989999771118164 AB 3.8179724790831244 1.0105580375631107
62434.3373 lsst_hardware_r 81.69223765567664 73.98999786376953 31.65999984741211 AB 3.7298128116932707 1.0197246363874217
62438.1839 lsst_hardware_i -1.847516587769512 32.040000915527344 31.219999313354492 AB 2.785694267308387 1.2849143299392927
62438.2034 lsst_hardware_r -6.532899406038122 31.729999542236328 31.540000915527344 AB 2.5414162235714324 1.1900801796166858
62441.302 lsst_hardware_g 18.137509507165962 15.359999656677246 31.469999313354492 AB 5.46561001409682 1.0111513346257066
62441.3217 lsst_hardware_r 21.528193151116426 23.6200008392334 31.5 AB 5.523480281215174 1.0227404544899883
62450.2794 lsst_hardware_r -24.43774363676382 21.959999084472656 31.5 AB 9.459696848831674 1.0117322832976172
62450.2989 lsst_hardware_i -15.300277918243879 29.950000762939453 31.25 AB 10.597983079939617 1.024421614893011
62451.2014 lsst_hardware_z -36.42530889626171 41.2599983215332 30.940000534057617 AB 0.844639125246977 1.0828706733931293
