data/validation/pwv_sim_epoch_fit_4/28879283.ecsv
# %ECSV 0.9
# ---
# datatype:
# - {name: time, datatype: float64}
# - {name: band, datatype: string}
# - {name: flux, datatype: float64}
# - {name: fluxerr, datatype: float64}
# - {name: zp, datatype: float64}
# - {name: zpsys, datatype: string}
# - {name: pwv, datatype: float64}
# - {name: airmass, datatype: float64}
# meta: {SNID: '28879283', alt: 1024.0, c: 0.025410274043679237, dec: -5.079716, lat: -30.244573, lon: -70.7499537, ra: 135.527344, t0: 62905.1328125,
#   x0: 2.8715813230423125e-06, x1: 0.041143450886011124, z: 0.7695861458778381}
# schema: astropy-2.0
time band flux fluxerr zp zpsys pwv airmass
62850.3359 lsst_hardware_i 34.5442825883616 70.0 31.31999969482422 AB 9.23261981347983 1.1042076375174825
62850.3543 lsst_hardware_y -101.58366330658727 76.08000183105469 30.049999237060547 AB 9.25716676423186 1.107623802733419
62852.3194 lsst_hardware_r 70.6587955693843 47.40999984741211 31.610000610351562 AB 7.338993998382074 1.108944393832287
62852.3384 lsst_hardware_y -20.69862269382935 50.90999984741211 30.030000686645508 AB 7.963534761369228 1.1039510320274624
62854.3203 lsst_hardware_g 39.4904981954903 21.350000381469727 31.56999969482422 AB 5.421438410609697 1.105588690899945
62854.3388 lsst_hardware_y -32.16485677184947 49.15999984741211 30.030000686645508 AB 5.77117971989597 1.1054488034534482
62856.3141 lsst_hardware_i 31.24175664721693 31.420000076293945 31.25 AB 6.604006443379714 1.105889998891384
62856.3336 lsst_hardware_z -0.5040536303140246 42.56999969482422 30.950000762939453 AB 7.174450247165967 1.1055474608467957
62859.2905 lsst_hardware_z -7.283633340579896 42.20000076293945 30.940000534057617 AB 6.180152310746194 1.117484031175279
62859.3119 lsst_hardware_r 18.961526800747023 23.1200008392334 31.489999771118164 AB 6.7246820465508765 1.104096220427574
62862.2939 lsst_hardware_u -0.7868372320034028 2.7200000286102295 28.420000076293945 AB 6.6169762862195975 1.10781454649585
62862.3124 lsst_hardware_r 10.680262194547057 23.3700008392334 31.489999771118164 AB 6.612319020009966 1.104154129943378
62864.2912 lsst_hardware_i 3.0223011250933522 44.66999816894531 32.0 AB 7.944297792875647 1.106358275378135
62864.3113 lsst_hardware_z -73.00749813718193 60.20000076293945 31.700000762939453 AB 7.7169474084108565 1.1053687082330295
62867.2905 lsst_hardware_r -8.045671966505115 23.399999618530273 31.5 AB 7.806625933141613 1.1040193821666393
62867.3107 lsst_hardware_u 1.4580965877427672 2.7200000286102295 28.420000076293945 AB 7.8861116631878465 1.1093886861383027
62869.2914 lsst_hardware_g -3.745134034731572 14.15999984741211 31.389999389648438 AB 4.7959484932237775 1.1038702991922151
62869.3111 lsst_hardware_r -16.32182671214164 23.290000915527344 31.479999542236328 AB 5.047478706837206 1.1141722215853906
62871.2502 lsst_hardware_r -21.4290571536239 53.604775634908975 31.610000610351562 AB 11.795645669594254 1.126936626501791
62871.2721 lsst_hardware_i 50.22130331881405 44.942859701085816 31.290000915527344 AB 11.556553695354992 1.1063490789183705
62873.2529 lsst_hardware_z 0.8178342380930235 66.74100001641379 30.969999313354492 AB 10.544532869026808 1.1168084239039868
62873.2741 lsst_hardware_r -220.31990919553172 91.58442296446735 31.639999389648438 AB 10.51209867199355 1.1040187647813986
62875.2544 lsst_hardware_z -21.493200082281383 82.71621998616534 30.989999771118164 AB 8.784019907817935 1.1104955635673748
62875.2764 lsst_hardware_r 72.67950852607257 123.05559347767914 31.649999618530273 AB 8.780935313391339 1.1040572481212916
62880.2312 lsst_hardware_i 79.4077540703948 55.01715643838057 31.299999237060547 AB 8.822719018166962 1.1196935986251764
62880.2509 lsst_hardware_z 27.86928750206238 54.92245414373072 30.969999313354492 AB 7.901972303946456 1.1050035268241114
62884.1977 lsst_hardware_u -4.007438119700404 3.133833470185458 28.469999313354492 AB 7.200893999554559 1.158103412156629
62884.2189 lsst_hardware_g 61.81766414981485 16.3658945816292 31.450000762939453 AB 7.522030309790603 1.121352163057633
62888.2013 lsst_hardware_z 231.4969647067726 46.202349916935205 30.940000534057617 AB 11.044977096034234 1.1306149141195858
62888.222 lsst_hardware_r 267.90843802892516 29.643297563334183 31.479999542236328 AB 10.529361250669554 1.108353815859953
62890.202 lsst_hardware_u -0.42134205726731977 3.0675454809998746 28.40999984741211 AB 12.637405217102325 1.1219951361736304
62890.2198 lsst_hardware_r 408.20458726533843 30.98107325963535 31.489999771118164 AB 11.010096825807127 1.1065423945534714
62894.1791 lsst_hardware_r 544.50748684292 33.934486162284074 31.489999771118164 AB 12.125298101565116 1.1403816635743729
62894.1969 lsst_hardware_u -1.0094655722579744 2.9512880787028672 28.3799991607666 AB 11.847284392781571 1.1154234615347953
62896.1796 lsst_hardware_g 118.34948077657997 18.36353258761237 31.43000030517578 AB 13.880653444910143 1.1303923974844299
62896.1962 lsst_hardware_r 682.7747890222299 34.67484115772267 31.510000228881836 AB 13.687765567935934 1.1111552192179188
62898.1775 lsst_hardware_i 972.0008519941844 49.29600239186544 31.270000457763672 AB 12.400716082383536 1.1254961047725118
62898.1952 lsst_hardware_z 622.3735083649556 50.951175746656844 30.950000762939453 AB 12.346344463989515 1.1080407865370892
62907.1767 lsst_hardware_r 693.6052911517668 97.59459363876239 31.639999389648438 AB 3.5921183716123446 1.1051538421533211
62907.1949 lsst_hardware_z 778.359075192441 73.29767815419409 30.979999542236328 AB 3.5628788225979746 1.1057400783938176
62909.157 lsst_hardware_r 575.8282123384215 59.1162862553572 31.6200008392334 AB 4.507322288958492 1.114386588666184
62909.1743 lsst_hardware_i 1084.7201125134395 58.10802980718748 31.299999237060547 AB 6.586332059835848 1.1042863790033932
62911.1595 lsst_hardware_z 673.5522418389832 51.060045136534335 30.950000762939453 AB 1.906036298651528 1.1081606387508884
62911.1762 lsst_hardware_i 1026.0548709074876 47.82988720830824 31.270000457763672 AB 1.6349110096499024 1.1037994889050764
62915.0699 lsst_hardware_g 29.784904898679297 15.977075519895168 31.350000381469727 AB 5.922228144016911 1.3128900374690724
62915.088 lsst_hardware_r 382.4799276876964 31.609731976789003 31.469999313354492 AB 6.852510488960896 1.2325767585144334
62918.1287 lsst_hardware_i 744.42004003501 41.91812415094233 31.25 AB 5.6997723258634085 1.1182419342820389
62918.146 lsst_hardware_z 550.1668961745984 48.33744399322585 30.950000762939453 AB 5.5905109887770985 1.1053902103365494
62920.1311 lsst_hardware_r 373.2988142805733 29.828406444453293 31.5 AB 8.49852874625043 1.1108098874293932
62920.1478 lsst_hardware_g 53.51791142379437 15.826546170507898 31.450000762939453 AB 9.012540027189157 1.1037677997843491
62922.1224 lsst_hardware_r 294.5421430561311 29.193839612054152 31.5 AB 8.497745467261208 1.1135456795755883
62922.1396 lsst_hardware_i 661.5254769506439 40.09338982306756 31.25 AB 9.563067130875869 1.1041208983548414
62924.1172 lsst_hardware_z 563.8024734954522 47.310370759562396 30.940000534057617 AB 7.2715701811397855 1.1133078437020263
62924.1347 lsst_hardware_i 567.7843144128325 39.37238732117819 31.25 AB 8.598678646123767 1.104022423589108
62926.1206 lsst_hardware_z 437.9466759895978 48.29568550493034 30.940000534057617 AB 4.671210879369765 1.1069875891628094
62926.1389 lsst_hardware_g 62.863769237895454 20.345247741579556 31.520000457763672 AB 4.469105019357405 1.1043916851789306
62928.1159 lsst_hardware_r 117.77361479833354 50.71512096023697 31.610000610351562 AB 6.3789956566891854 1.1065999924866312
62928.1353 lsst_hardware_i 370.0393077847032 50.114117865611725 31.290000915527344 AB 5.571227469352941 1.104909012713162
62931.0885 lsst_hardware_i 190.3130310601705 89.7946978981406 31.31999969482422 AB 8.086739122951142 1.1239907972967673
62931.1065 lsst_hardware_z 295.2761457233921 78.51167951317562 30.989999771118164 AB 8.014097857339705 1.1072254569411033
62933.0857 lsst_hardware_r 200.63073268406905 136.62992573539185 31.649999618530273 AB 11.558019583790669 1.1206146581142786
62933.1037 lsst_hardware_z 302.0506973975113 93.12565446174973 30.989999771118164 AB 11.412533487480927 1.1059281601008706
62936.0845 lsst_hardware_r 110.6448392685578 82.05818084974445 31.639999389648438 AB 8.356766761334045 1.1132460161634745
62936.1034 lsst_hardware_i 245.32452891939934 68.3933163645365 31.31999969482422 AB 8.28936593187599 1.103826081744757
62938.0841 lsst_hardware_z 206.8620890723375 50.28369716083563 30.959999084472656 AB 14.377409649854695 1.1092396443200783
62938.1038 lsst_hardware_i 186.45566471564473 48.07036043600047 31.299999237060547 AB 14.336921222779683 1.1039440380980736
62940.077 lsst_hardware_u -2.9961660560157424 2.725250120947604 28.40999984741211 AB 10.613355446862776 1.1104159287364277
62940.0962 lsst_hardware_g 8.284120888256636 14.688216751396244 31.40999984741211 AB 9.930852368646141 1.1037346339145475
62942.0741 lsst_hardware_r 64.92993336278471 24.793086186763908 31.5 AB 9.064687789780418 1.1086268928980008
62942.0944 lsst_hardware_i 158.49027330714785 33.91620113801479 31.239999771118164 AB 8.418478731540775 1.1042075985756676
62945.0717 lsst_hardware_z 196.33110497201693 44.217843012825654 30.950000762939453 AB 4.200572224213165 1.1056077094788115
62945.0902 lsst_hardware_u -3.5135962041345836 2.8705667652453277 28.530000686645508 AB 5.676302386934318 1.1053604764975644
62953.0314 lsst_hardware_u 1.8484049186619658 3.063970304796133 28.559999465942383 AB 7.850631288863348 1.1202384829999235
62953.0495 lsst_hardware_g -8.00938510279843 15.799248894381767 31.450000762939453 AB 7.865579485609011 1.10575156779883
62955.0311 lsst_hardware_r 63.03854622758476 30.449340955531166 31.549999237060547 AB 6.666423182371942 1.1146622197701386
62955.0484 lsst_hardware_i 109.20238320884705 35.918445279726186 31.260000228881836 AB 5.558711652569338 1.1043432308670582
62957.0364 lsst_hardware_z 203.22328700202317 72.7016274917561 31.709999084472656 AB 4.357654837942729 1.1067528372695723
62964.0181 lsst_hardware_g -105.7014891106116 96.74507352926148 31.700000762939453 AB 8.389399162802068 1.106355183841143
62964.0372 lsst_hardware_r 208.01096048559225 90.82665617672339 31.639999389648438 AB 8.490763304437078 1.1049686547364161
62967.0145 lsst_hardware_i 77.96789115512654 32.304229206679004 31.25 AB 2.087018492779268 1.1046322297702549
62967.0318 lsst_hardware_r 42.88291181608291 25.57852844878127 31.520000457763672 AB 2.0196296550452413 1.1060403368265286
62969.0113 lsst_hardware_u 2.0692840751259602 2.8415200528756603 28.450000762939453 AB 7.228225480811689 1.1041077618347794
62969.0293 lsst_hardware_g 14.153854135220994 15.075042080854224 31.420000076293945 AB 7.280660473146043 1.1075353448406227
62970.9813 lsst_hardware_y 167.87633264951958 51.08618329387559 30.030000686645508 AB 12.702013772825982 1.1213925816920616
62970.9987 lsst_hardware_r 37.93796615721948 23.84954466811547 31.489999771118164 AB 12.566696626187209 1.1064911511314102
62975.9777 lsst_hardware_y -9.00868144745121 51.58715468276849 30.030000686645508 AB 10.079033249985168 1.1111882751760502
62975.9952 lsst_hardware_u 2.9099869618300134 2.8660549458737044 28.5 AB 10.032083166810095 1.1037406986496852
62977.9758 lsst_hardware_y 80.91484123336751 50.97715750419646 30.020000457763672 AB 10.274460825140086 1.1086251598435526
62977.9926 lsst_hardware_r 2.2281327057053497 24.38171750214623 31.5 AB 10.082679968349154 1.1037416495182435
63212.2966 lsst_hardware_u -0.4994031055681943 2.680000066757202 28.360000610351562 AB 12.244668378371292 1.1646430086273065
63212.3152 lsst_hardware_y -27.135251617294458 48.27000045776367 30.020000457763672 AB 11.872066547679667 1.128684370174423
63215.3413 lsst_hardware_r 26.101105647095267 24.34000015258789 31.510000228881836 AB 9.22165508893346 1.103699398537665
63217.3019 lsst_hardware_z -32.2346651056416 42.470001220703125 30.940000534057617 AB 7.465062779224414 1.1281642404752024
63217.3231 lsst_hardware_y 94.92906199746568 47.88999938964844 30.020000457763672 AB 7.385795045338208 1.107108119968253
63221.3056 lsst_hardware_i -31.97026526217915 44.52000045776367 32.0 AB 6.818394084887723 1.1115436627992483
63221.3291 lsst_hardware_y 121.51067051907387 68.16999816894531 30.780000686645508 AB 6.604069796274879 1.1040517909624523
63223.2714 lsst_hardware_z -175.56466982657471 60.310001373291016 31.690000534057617 AB 7.729286493482995 1.1536248497735813
63223.2929 lsst_hardware_r 21.61542148952863 23.280000686645508 31.479999542236328 AB 7.568708399531933 1.1185834375386565
63225.2886 lsst_hardware_y 71.56979842431048 49.400001525878906 30.020000457763672 AB 7.041311653212049 1.1172990391873665
63225.3096 lsst_hardware_g 22.97199586004546 14.300000190734863 31.40999984741211 AB 7.382508658173604 1.1041053865184796
63227.2917 lsst_hardware_r 23.284873457531287 83.01000213623047 31.639999389648438 AB 6.6307131918078 1.1096499358727998
63227.3131 lsst_hardware_i 24.250683519447126 64.9800033569336 31.31999969482422 AB 6.597373867071426 1.1041167929494877
