data/validation/pwv_sim_epoch_fit_4/29195913.ecsv
# %ECSV 0.9
# ---
# datatype:
# - {name: time, datatype: float64}
# - {name: band, datatype: string}
# - {name: flux, datatype: float64}
# - {name: fluxerr, datatype: float64}
# - {name: zp, datatype: float64}
# - {name: zpsys, datatype: string}
# - {name: pwv, datatype: float64}
# - {name: airmass, datatype: float64}
# meta: {SNID: '29195913', alt: 1024.0, c: 0.016634974628686905, dec: -12.48276, lat: -30.244573, lon: -70.7499537, ra: 55.195312, t0: 62811.15234375,
#   x0: 2.538364655042605e-06, x1: 0.5884732604026794, z: 0.808984637260437}
# schema: astropy-2.0
time band flux fluxerr zp zpsys pwv airmass
62739.4033 lsst_hardware_r 38.613246652775196 23.09000015258789 31.5 AB 2.1372947182488877 1.0565411583516644
62739.42 lsst_hardware_y 31.65876355363768 57.40999984741211 30.059999465942383 AB 2.5188014419704094 1.0506680097206937
62741.4021 lsst_hardware_r 53.54415499210233 22.719999313354492 31.5 AB 3.807501511099771 1.054052601868578
62741.4185 lsst_hardware_y 79.00347723639965 59.869998931884766 30.059999465942383 AB 3.467621770553547 1.0507944759253174
62743.4013 lsst_hardware_z -35.67408659152571 41.439998626708984 30.950000762939453 AB 2.586789909713324 1.0521108634951153
62743.4182 lsst_hardware_y -34.502603872354975 61.9900016784668 30.059999465942383 AB 2.3427761872783717 1.0518300751025313
62746.3056 lsst_hardware_r -12.710496342505763 23.469999313354492 31.469999313354492 AB 3.2251507338825376 1.2486468400255024
62746.3213 lsst_hardware_y -137.86254016221008 48.77000045776367 30.0 AB 3.135949902489758 1.1833773216942483
62749.3237 lsst_hardware_i -16.9293839405248 31.34000015258789 31.239999771118164 AB 2.028524762750157 1.148384071000702
62749.3432 lsst_hardware_z 78.64516993684411 41.93000030517578 30.950000762939453 AB 1.3648622807478963 1.0998084454049597
62750.4019 lsst_hardware_r 49.03422996412315 23.34000015258789 31.510000228881836 AB 0.7488991796783587 1.0528104681513948
62752.3754 lsst_hardware_r 13.87033478841001 22.520000457763672 31.489999771118164 AB 2.386204912186443 1.052582669689653
62754.3813 lsst_hardware_z 19.701761482273728 50.400001525878906 30.969999313354492 AB 2.3976287170048045 1.0506699022808084
62754.3995 lsst_hardware_y -32.11324889641168 49.959999084472656 30.040000915527344 AB 2.3845185066549224 1.0575924778185641
62756.3755 lsst_hardware_z -27.917632833292362 61.81999969482422 30.979999542236328 AB 3.249947372077271 1.0506578427470366
62756.3946 lsst_hardware_y 50.04593599260733 54.25 30.049999237060547 AB 3.266496758162115 1.0580032146062073
62759.3517 lsst_hardware_y 53.05204317968595 53.04999923706055 30.049999237060547 AB 1.4242201047672842 1.0547174313262175
62759.3697 lsst_hardware_r -72.22956697160866 76.33000183105469 31.649999618530273 AB 1.37203814148012 1.050833399142459
62761.3496 lsst_hardware_i -84.9050330233975 52.939998626708984 31.31999969482422 AB 1.2873866817979993 1.053077040325027
62761.3682 lsst_hardware_z 7.602991686196856 52.7599983215332 30.969999313354492 AB 1.2808365438797462 1.0515899375033608
62766.3361 lsst_hardware_u 3.300192280510847 2.9100000858306885 28.520000457763672 AB 1.5882075535706917 1.053013461674584
62766.3563 lsst_hardware_r -7.5472285890527555 23.860000610351562 31.510000228881836 AB 1.6065718046818758 1.0521098917366574
62769.3211 lsst_hardware_r -7.585949955270273 22.260000228881836 31.469999313354492 AB 6.544400261362691 1.056741524521668
62769.3402 lsst_hardware_u 1.8313393126191846 2.609999895095825 28.389999389648438 AB 6.152162259434938 1.0506638646461601
62770.3337 lsst_hardware_g -2.5122699460009237 13.529999732971191 31.399999618530273 AB 4.392562271266589 1.0507893717520433
62770.3474 lsst_hardware_r -1.1094297346390707 22.309999465942383 31.479999542236328 AB 4.411010023356131 1.05285172113918
62775.322 lsst_hardware_r -15.65601182787765 22.38090257564841 31.489999771118164 AB 4.6298998769381985 1.0506580658709983
62775.3412 lsst_hardware_g 16.557106402844088 13.653930877146014 31.40999984741211 AB 4.418501098399321 1.0569101836026042
62777.3111 lsst_hardware_r -25.069215730847546 22.50090616740785 31.5 AB 3.457966745039579 1.0513732882456717
62777.3314 lsst_hardware_i 13.819760107869312 30.533840681896994 31.25 AB 3.365298739219795 1.0542915849687442
62779.2778 lsst_hardware_r -38.16378606045929 22.697039104536863 31.5 AB 7.133528674009441 1.0725229168831696
62779.2985 lsst_hardware_u 6.585582346822264 2.7866334796869063 28.5 AB 7.285637454878397 1.0539801019715582
62786.2921 lsst_hardware_r 30.063314564472712 109.67630553188141 31.65999984741211 AB 5.554539812196056 1.0506530121901085
62786.3105 lsst_hardware_z 201.71017919488162 75.34929687497804 30.989999771118164 AB 5.593159008739491 1.0564591790602258
62788.2907 lsst_hardware_r 233.3027020032424 90.16748567168723 31.649999618530273 AB 6.049753709706932 1.0508517821273116
62788.3095 lsst_hardware_i 131.5428784670395 75.41725143780914 31.329999923706055 AB 5.348371258376138 1.0597829441960642
62790.2829 lsst_hardware_z 198.92809462704767 57.05564125107475 30.979999542236328 AB 7.6528482882703885 1.0506621909164813
62790.3008 lsst_hardware_i 440.81292716037007 59.00473884249712 31.31999969482422 AB 7.408625481020179 1.0572926024812948
62792.2889 lsst_hardware_z 492.1402261248929 69.06024197331442 31.709999084472656 AB 5.457271605629886 1.0535273369941867
62795.2795 lsst_hardware_r 434.24686196590824 30.47447467254321 31.520000457763672 AB 2.0817688599456936 1.0529938593553791
62795.2964 lsst_hardware_i 573.269056161315 39.28482078129132 31.260000228881836 AB 2.480433608977172 1.0654783543716375
62800.255 lsst_hardware_r 529.0451123382994 32.36626423049948 31.510000228881836 AB 1.470902117318188 1.0506443695129914
62800.2731 lsst_hardware_i 849.7670903453015 41.6190769346295 31.260000228881836 AB 1.4798174302454725 1.0570124501753375
62802.2582 lsst_hardware_z 474.11168830983803 47.61462904169679 30.959999084472656 AB 2.3610613513065037 1.052166377587714
62802.2753 lsst_hardware_i 854.0263806196465 42.257013351088794 31.260000228881836 AB 2.4233044413371028 1.063435849187977
62804.2043 lsst_hardware_u -1.919529385187919 3.0634822458808575 28.610000610351562 AB 5.571338893758975 1.0799261278850505
62804.2208 lsst_hardware_g 93.50587231107447 17.37270321209999 31.459999084472656 AB 5.557414248198308 1.0603728769694698
62808.2437 lsst_hardware_g 88.48580431470269 16.832047802962204 31.440000534057617 AB 4.778687742874004 1.0528642782426167
62808.2629 lsst_hardware_r 565.6955706236996 33.279471611601814 31.510000228881836 AB 5.676307955256413 1.0676775990325031
62816.1132 lsst_hardware_r 835.4762063807269 127.08009004199937 31.600000381469727 AB 2.4677592836561844 1.254792856096695
62816.1312 lsst_hardware_z 757.9861414393215 88.27471648184512 30.979999542236328 AB 3.1538127771934117 1.1797304652843186
62830.1885 lsst_hardware_z 485.79049019736595 46.12890854735958 30.940000534057617 AB 6.251131930902111 1.0552808391596609
62830.2072 lsst_hardware_r 210.25351628345146 27.034728593651444 31.489999771118164 AB 6.337095548580285 1.0730533750488713
62832.1802 lsst_hardware_u 2.266275206875771 2.672005399739765 28.420000076293945 AB 3.733379277781 1.0537587047716208
62834.1388 lsst_hardware_i 468.3928832527122 36.7362683862502 31.25 AB 5.386339446790114 1.0604422063505934
62834.1586 lsst_hardware_z 282.32388772929886 45.527759797109994 30.950000762939453 AB 5.3554803138151295 1.0508153269527936
62839.164 lsst_hardware_y 354.46122233032645 72.13182665036207 30.799999237060547 AB 3.3948824275446756 1.0553218436529492
62841.1575 lsst_hardware_r 28.011698322949904 76.83616792239238 31.649999618530273 AB 5.792555884849124 1.0547261261560676
62841.1761 lsst_hardware_i 310.5243107860805 64.90297774159421 31.31999969482422 AB 5.572660205993421 1.071665424229504
62845.1683 lsst_hardware_z 572.1098747655371 105.26179090502627 31.739999771118164 AB 10.513853451475285 1.075852013009986
62845.1896 lsst_hardware_r 184.9856420152411 109.38715997402893 31.649999618530273 AB 10.837949787320454 1.1156754033837357
62852.0856 lsst_hardware_z 195.0996842933039 43.35109582343104 30.950000762939453 AB 10.196813567433898 1.0642466867510345
62852.1067 lsst_hardware_r 51.34083177456567 23.59380961566027 31.489999771118164 AB 10.063291414991262 1.0512709757107612
62854.0854 lsst_hardware_u -4.087173540969347 3.987107252737691 29.290000915527344 AB 3.247838469395157 1.0594232258546779
62854.108 lsst_hardware_g -4.673680386952722 19.970297841075368 32.189998626708984 AB 3.2434997376265535 1.0506396601931662
62856.0882 lsst_hardware_r 19.080900208901973 23.487024054404973 31.510000228881836 AB 3.26737905616434 1.0539932439239805
62856.1088 lsst_hardware_i 100.91319867201945 32.3126476573892 31.260000228881836 AB 3.2598453715920743 1.0515630230942175
62859.0798 lsst_hardware_z 268.0807329597513 60.33083611034188 31.700000762939453 AB 6.791551050904674 1.0540976332305534
62859.1005 lsst_hardware_r 104.91032389255749 32.60693009482468 32.2400016784668 AB 6.505313769431722 1.0515337863786829
62862.0793 lsst_hardware_u -5.664811707905027 2.662345296459105 28.440000534057617 AB 6.693820718746396 1.0512891309036705
62862.0997 lsst_hardware_r 38.83750340815113 23.010701015199118 31.5 AB 5.282366861033006 1.0544698794356735
62864.0765 lsst_hardware_i 108.51731851782716 32.153277747048975 31.260000228881836 AB 8.615223788821703 1.0508292722842416
62864.099 lsst_hardware_z 204.01612812406344 42.80281604730348 30.950000762939453 AB 7.930860026040165 1.057448003472022
62867.0483 lsst_hardware_y 218.32434949519813 51.725201951778516 30.049999237060547 AB 7.309555676677794 1.0607756434413007
62867.0668 lsst_hardware_r 16.393152922889556 39.12133825590479 31.600000381469727 AB 7.244570772842288 1.0510566353375135
62869.0604 lsst_hardware_y 133.9292301192698 74.05972445394798 30.799999237060547 AB 6.910680796752737 1.051240645501519
62871.0531 lsst_hardware_z 138.19372209086978 61.552193400551275 30.979999542236328 AB 11.101181484382954 1.0516964127121364
62871.075 lsst_hardware_i 210.06143557504237 66.94255098415955 31.329999923706055 AB 11.2820869642328 1.0544006508628785
62875.0378 lsst_hardware_y 95.82898789981317 74.60955130322684 30.06999969482422 AB 7.438847749574477 1.0532881769309044
62875.0574 lsst_hardware_r 3.317164454513948 83.8454580922527 31.649999618530273 AB 8.96293375014927 1.0516892215802565
63118.3797 lsst_hardware_r -12.034103075115938 45.06999969482422 32.31999969482422 AB 3.7797048184224145 1.0509397520985442
63118.4005 lsst_hardware_y -42.04067801265476 70.55999755859375 30.790000915527344 AB 3.7943530905760596 1.0559669075561287
63123.3499 lsst_hardware_i -16.725815703116933 30.450000762939453 31.25 AB 1.5630314483915477 1.058128025538676
63123.3682 lsst_hardware_z -39.93774223234643 41.189998626708984 30.950000762939453 AB 1.5473546196061196 1.0507161292027403
63125.3505 lsst_hardware_r -17.548490171186973 22.5 31.479999542236328 AB 4.343912447731107 1.0542837079621643
63125.369 lsst_hardware_u 0.902415694439006 2.619999885559082 28.3799991607666 AB 4.363646171381109 1.05103779644281
63130.2279 lsst_hardware_r 59.82495567655307 33.369998931884766 32.16999816894531 AB 4.589114908299269 1.4062660597444132
63130.2647 lsst_hardware_i -6.394849227999333 44.36000061035156 31.969999313354492 AB 4.680552831200728 1.2040007282831455
63136.3252 lsst_hardware_i -28.03704165891305 38.13999938964844 31.280000686645508 AB 4.533326792684019 1.0522432061008322
63136.3443 lsst_hardware_z -40.97995915232917 40.959999084472656 30.950000762939453 AB 5.184398270962754 1.0524560030375059
63139.2615 lsst_hardware_y -26.383942906255932 55.810001373291016 30.030000686645508 AB 2.805417236702249 1.133120391801649
63139.2894 lsst_hardware_r 36.51802581300062 93.05999755859375 31.649999618530273 AB 2.5364156809819702 1.0762725661875405
63142.2785 lsst_hardware_i -48.0486671770978 74.79000091552734 31.329999923706055 AB 2.8569419382695127 1.0802654165375016
63142.2981 lsst_hardware_z -70.91165233240505 66.25 30.979999542236328 AB 3.391123328623898 1.058072801442714
63146.3073 lsst_hardware_z -35.8447666629729 45.869998931884766 30.959999084472656 AB 4.868052707287089 1.050658857687861
63146.3282 lsst_hardware_r -9.6780540107715 41.91999816894531 31.610000610351562 AB 4.961317072910188 1.0589037577357139
63148.2953 lsst_hardware_i -2.571250846861687 32.5 31.270000457763672 AB 2.866064267794921 1.0514130174418101
63148.3125 lsst_hardware_z 9.09899159415739 42.119998931884766 30.950000762939453 AB 2.842622324140207 1.0528230830148915
63150.2956 lsst_hardware_r 13.193729576819013 22.600000381469727 31.489999771118164 AB 4.753647690360755 1.050665321207689
63150.3139 lsst_hardware_u -1.4278802751926774 2.6500000953674316 28.3799991607666 AB 4.782232138627255 1.0564577625833165
63152.294 lsst_hardware_g -19.03460117110146 13.630000114440918 31.399999618530273 AB 5.555061079492528 1.0508509963570638
63152.3116 lsst_hardware_r -22.910269786685568 22.450000762939453 31.489999771118164 AB 5.54686980755751 1.0587313136739867
63154.2797 lsst_hardware_i -31.980216483992724 30.270000457763672 31.239999771118164 AB 6.713210598803979 1.0512387408086405
63154.2965 lsst_hardware_z 37.981066960553285 41.04999923706055 30.940000534057617 AB 5.973542454905441 1.0529776934435051
63156.2827 lsst_hardware_r 13.766050942851054 22.700000762939453 31.5 AB 6.456773657927827 1.050807403473709
63156.3019 lsst_hardware_g 3.713038113031122 13.949999809265137 31.420000076293945 AB 5.728444831258614 1.0597110744142468
63158.2744 lsst_hardware_r -6.161303331101289 22.700000762939453 31.489999771118164 AB 3.86781635441657 1.0506563802289393
63158.293 lsst_hardware_i -24.22083049477704 30.6299991607666 31.25 AB 4.016955706415845 1.0570936069515382
63160.2797 lsst_hardware_z -32.74026900688865 41.290000915527344 30.950000762939453 AB 2.1019265785805663 1.0528056992639951
63160.2971 lsst_hardware_i 10.341540593347137 30.729999542236328 31.25 AB 2.4651210856732213 1.0654991545610581
63162.2827 lsst_hardware_u -4.461175837100466 2.7200000286102295 28.459999084472656 AB 3.871007206651856 1.0575318492845138
63162.2989 lsst_hardware_g 27.04490552332859 13.880000114440918 31.40999984741211 AB 3.418397676490009 1.0742921673443355
63169.2554 lsst_hardware_r -150.85694178060325 116.88999938964844 31.65999984741211 AB 3.686251386364605 1.0529138492899033
63169.2721 lsst_hardware_z -48.831882358491676 77.44999694824219 30.989999771118164 AB 3.7079529489389222 1.0650446499896373
63171.244 lsst_hardware_z 69.78097772415343 71.31999969482422 30.989999771118164 AB 5.168697711172749 1.0511358403930768
63171.2632 lsst_hardware_r -106.08541891235687 104.5199966430664 31.649999618530273 AB 5.336656065912174 1.0616689786297866
63182.2072 lsst_hardware_z -1.6139803851679222 41.27000045776367 30.940000534057617 AB 3.5694086839147103 1.0507016682278498
63182.2244 lsst_hardware_r -32.530826431944185 22.920000076293945 31.489999771118164 AB 7.199507641900657 1.0551305777090185
63185.2043 lsst_hardware_u 1.2375034930185793 2.640000104904175 28.3799991607666 AB 4.043312694821578 1.0508934879328338
63185.2223 lsst_hardware_g 2.071329342033365 14.09000015258789 31.40999984741211 AB 7.794754572504998 1.0593577837053116
63188.2182 lsst_hardware_r 3.0636218097944647 22.979999542236328 31.489999771118164 AB 4.827068037794477 1.0629967050858415
63188.2392 lsst_hardware_i -24.07069221128758 31.030000686645508 31.239999771118164 AB 4.997826936174821 1.092301810987905
63190.2164 lsst_hardware_z 74.13171770725775 41.38999938964844 30.950000762939453 AB 5.256873895680469 1.0668079339133738
63190.2356 lsst_hardware_r -30.914913888172382 22.93000030517578 31.479999542236328 AB 5.395459242743642 1.0958028418875359
63192.1908 lsst_hardware_r -17.70578458620384 29.530000686645508 31.549999237060547 AB 3.9695354153158244 1.0522294010114843
63192.2106 lsst_hardware_z -8.076149647147046 42.619998931884766 30.940000534057617 AB 3.23528753795757 1.0664318213289814
63194.1905 lsst_hardware_z -78.51154233319265 50.029998779296875 30.969999313354492 AB 8.27918607964172 1.0544942786332587
63194.2117 lsst_hardware_i 44.22142575547363 47.81999969482422 31.299999237060547 AB 8.25316090389461 1.074513733825923
63196.1895 lsst_hardware_z -16.941231546375683 64.16999816894531 30.979999542236328 AB 4.963479687410595 1.0572592347509078
63196.2095 lsst_hardware_r -32.53865393906447 85.04000091552734 31.649999618530273 AB 5.669320525756048 1.0791853792682409
63200.182 lsst_hardware_r -19.583730417528525 104.37000274658203 31.65999984741211 AB 4.758212226991316 1.059892833455149
63200.2015 lsst_hardware_i 31.33193407716095 83.12000274658203 31.329999923706055 AB 4.841832152902912 1.0837496425208826
63203.1788 lsst_hardware_z -107.98588004575579 49.79999923706055 30.969999313354492 AB 6.800213081387498 1.0645474249365958
63203.198 lsst_hardware_r 67.81902832682724 54.97999954223633 31.6200008392334 AB 6.976355363428216 1.0918485804429623
63205.1567 lsst_hardware_r -9.16114381772969 29.81999969482422 31.559999465942383 AB 2.602898853226808 1.0527396777459284
63205.1751 lsst_hardware_u 3.5593084061115703 4.71999979019165 28.81999969482422 AB 2.587140528759243 1.0664223119370335
63207.1592 lsst_hardware_g 3.8547323449845616 13.770000457763672 31.399999618530273 AB 4.7050197775873235 1.0570702713071176
63207.1773 lsst_hardware_i 0.6738499266477733 30.690000534057617 31.239999771118164 AB 4.392353161319985 1.0760296818520296
63209.1603 lsst_hardware_z 26.077014001935368 41.43000030517578 30.950000762939453 AB 5.814888306062956 1.0624519949564808
63209.178 lsst_hardware_r 6.127220656140317 22.81999969482422 31.489999771118164 AB 6.601839274476978 1.0855163850005862
63212.1041 lsst_hardware_u 1.403442250960603 2.6700000762939453 28.43000030517578 AB 13.291322742954055 1.060365073632118
63212.1238 lsst_hardware_g 4.4047371144406675 13.770000457763672 31.420000076293945 AB 13.161934120023533 1.0508250574853095
63215.1481 lsst_hardware_r 12.26678104817615 22.5 31.489999771118164 AB 8.404452755373384 1.0667557493796356
63215.1663 lsst_hardware_i 11.818875245956505 30.65999984741211 31.239999771118164 AB 8.610219129864687 1.0938185547223698
63217.081 lsst_hardware_i -50.70641455559373 30.68000030517578 31.25 AB 11.678352057087894 1.0702138643796275
63217.0995 lsst_hardware_z 43.96320309815829 41.40999984741211 30.950000762939453 AB 10.105963530539078 1.0541686575665494
63219.0842 lsst_hardware_r 15.457980196436628 24.040000915527344 31.510000228881836 AB 3.2365558554630725 1.061049892513373
63219.1034 lsst_hardware_u 0.6944795663199278 2.930000066757202 28.510000228881836 AB 3.2106414824868943 1.0510038133515227
63221.0849 lsst_hardware_g -31.324738246337812 29.760000228881836 31.639999389648438 AB 3.274557666930068 1.0563089248161508
63221.1035 lsst_hardware_i -36.74639083402502 35.849998474121094 31.280000686645508 AB 3.257055030449576 1.0506629130482503
63230.075 lsst_hardware_z -33.3771950468149 58.5099983215332 30.979999542236328 AB 9.036724428440573 1.0507819102837876
63230.097 lsst_hardware_r -60.18778138523246 79.41999816894531 31.649999618530273 AB 7.892385402555517 1.0574879949829767
