data/validation/pwv_sim_epoch_fit_4/29524684.ecsv
# %ECSV 0.9
# ---
# datatype:
# - {name: time, datatype: float64}
# - {name: band, datatype: string}
# - {name: flux, datatype: float64}
# - {name: fluxerr, datatype: float64}
# - {name: zp, datatype: float64}
# - {name: zpsys, datatype: string}
# - {name: pwv, datatype: float64}
# - {name: airmass, datatype: float64}
# meta: {SNID: '29524684', alt: 1024.0, c: -0.055644236505031586, dec: -31.388166, lat: -30.244573, lon: -70.7499537, ra: 142.558594,
#   t0: 62034.21875, x0: 0.0003096612176966713, x1: 0.6632041335105896, z: 0.10020183771848679}
# schema: astropy-2.0
time band flux fluxerr zp zpsys pwv airmass
62098.258 lsst_hardware_r -24.006826882046433 24.299999237060547 31.40999984741211 AB 13.26594934150371 1.529995022422987
62098.274 lsst_hardware_u 5.601788610993377 2.5199999809265137 28.18000030517578 AB 12.307673398694687 1.3996463337566576
62103.273 lsst_hardware_i -66.78720860316224 44.54999923706055 31.239999771118164 AB 6.490505501890258 1.3168664472512455
62103.29 lsst_hardware_z 49.91435601024071 45.97999954223633 30.93000030517578 AB 6.020442747170504 1.2274093266401362
62105.2964 lsst_hardware_z -81.89336671585093 53.380001068115234 30.959999084472656 AB 8.25301707175605 1.176984750678273
62105.3125 lsst_hardware_r 17.42847974092045 53.40999984741211 31.6200008392334 AB 7.737675521786113 1.1214022495342193
62110.2361 lsst_hardware_g -132.61247461522328 72.47000122070312 31.56999969482422 AB 7.633519273688208 1.4380481841827735
62110.2567 lsst_hardware_r -38.620128180817815 70.05000305175781 31.59000015258789 AB 6.627311384274013 1.3004928148104422
62112.2401 lsst_hardware_i 26.33785430478739 52.47999954223633 31.260000228881836 AB 7.023260483202635 1.3695905778476276
62112.2607 lsst_hardware_r 17.90999078714255 56.33000183105469 31.59000015258789 AB 8.003133032361797 1.2500988804064037
62114.2536 lsst_hardware_r 5.518273482202799 37.790000915527344 31.549999237060547 AB 11.697220082717974 1.2583406484380049
62114.2762 lsst_hardware_i 24.87124482595088 39.15999984741211 31.270000457763672 AB 10.722986767502256 1.1605278029711037
62116.2598 lsst_hardware_z -14.866158977851386 43.70000076293945 30.93000030517578 AB 14.732153030459221 1.2038203682943005
62116.2816 lsst_hardware_r -21.231173453556384 24.25 31.489999771118164 AB 13.941202962521935 1.1240639357002165
62118.2496 lsst_hardware_u 2.9991096387682825 2.5399999618530273 28.270000457763672 AB 9.510559830872642 1.2248641585240603
62118.2731 lsst_hardware_r 30.979435281872696 22.399999618530273 31.479999542236328 AB 8.907769059082439 1.1336645318589544
62120.2531 lsst_hardware_i -24.85063216007916 31.34000015258789 31.229999542236328 AB 12.443684348451125 1.1862802454909078
62120.275 lsst_hardware_z -33.705765984491485 41.95000076293945 30.950000762939453 AB 11.64301129026889 1.1111840874824006
62122.2561 lsst_hardware_r 0.10321377385905167 22.68000030517578 31.479999542236328 AB 6.0245112196071 1.1542683394316835
62122.2789 lsst_hardware_u 2.8276107592474578 2.6700000762939453 28.43000030517578 AB 5.888567886983953 1.0861844356215669
62128.2508 lsst_hardware_r -44.40768969630307 22.350000381469727 31.469999313354492 AB 6.169621013400156 1.118106957046015
62128.2735 lsst_hardware_g -1.524030783213465 13.279999732971191 31.399999618530273 AB 5.904771103921364 1.0615318838510317
62129.2487 lsst_hardware_r -58.48480203960491 22.350000381469727 31.479999542236328 AB 7.372248157906115 1.11623213544727
62129.272 lsst_hardware_i 24.900384051375237 30.149999618530273 31.25 AB 6.696818472637355 1.05906459767593
62131.2557 lsst_hardware_z -20.332892986505293 41.59000015258789 30.950000762939453 AB 6.807089758381347 1.0828394546446811
62131.2786 lsst_hardware_i -13.882915242647153 30.040000915527344 31.260000228881836 AB 6.536780889522541 1.0378176398696692
62133.2544 lsst_hardware_z -2.6869394755231726 46.41999816894531 30.959999084472656 AB 7.721413242630765 1.0731637585310152
62133.2767 lsst_hardware_g -10.365576908764208 29.3700008392334 31.65999984741211 AB 7.408200041923435 1.0325257323408352
62135.2518 lsst_hardware_r 0.6404827094374779 71.63999938964844 31.649999618530273 AB 5.991166275346575 1.0669139319456689
62135.2735 lsst_hardware_i 32.66662243955904 56.650001525878906 31.329999923706055 AB 5.777445244354651 1.0293889076801161
62137.1656 lsst_hardware_z 9.971735648263143 69.22000122070312 30.940000534057617 AB 9.848137660927472 1.413675578468086
62137.1878 lsst_hardware_r -142.07221286941777 93.8499984741211 31.600000381469727 AB 8.921295823770508 1.273974891741502
62139.1517 lsst_hardware_r -89.08281720793047 120.16999816894531 32.290000915527344 AB 5.6615291782547414 1.480331854688127
62139.1727 lsst_hardware_i -68.87442019547589 98.26000213623047 32.02000045776367 AB 5.0384516732978435 1.3290268850059157
62141.1411 lsst_hardware_z -26.15826903215193 80.83999633789062 31.670000076293945 AB 17.243908274567254 1.5254358559450867
62141.1637 lsst_hardware_r -52.421326798805524 84.83999633789062 32.31999969482422 AB 15.35102697096823 1.3512930587767196
62143.1721 lsst_hardware_g -36.5283827273142 21.030000686645508 31.489999771118164 AB 10.12221007586969 1.2703709764203972
62143.1942 lsst_hardware_i -13.726464459804722 37.36000061035156 31.260000228881836 AB 9.400539825310648 1.1710420212159014
62145.2177 lsst_hardware_u 0.82009763748585 2.6700000762939453 28.389999389648438 AB 7.4957663105254335 1.082303910843652
62145.2364 lsst_hardware_g -11.633689942595069 14.850000381469727 31.450000762939453 AB 7.290943401668195 1.0442485536620159
62147.2135 lsst_hardware_r -0.1745267773775276 22.1200008392334 31.479999542236328 AB 6.907581170442109 1.0793095578815795
62147.2304 lsst_hardware_i 35.50081129175293 29.989999771118164 31.25 AB 6.689048901549594 1.045163890867124
62149.2132 lsst_hardware_z -15.980371018275237 41.36000061035156 30.950000762939453 AB 4.712203155996501 1.067719748337574
62149.2308 lsst_hardware_u 1.139790872151954 2.7100000381469727 28.489999771118164 AB 4.561446278241871 1.0357703434235142
62151.2146 lsst_hardware_g 9.505170017140076 13.170000076293945 31.399999618530273 AB 5.691148029179223 1.053916301699856
62151.2319 lsst_hardware_r 0.6868619922837905 21.809999465942383 31.5 AB 5.543904718752122 1.0266490219911337
62155.1356 lsst_hardware_g -8.235975288998526 13.430000305175781 31.34000015258789 AB 5.530162682809362 1.2905863903872257
62155.1518 lsst_hardware_i 58.86836393848766 31.420000076293945 31.229999542236328 AB 5.065605631196859 1.2104195056623095
62157.1364 lsst_hardware_z 66.28378226402884 43.849998474121094 30.93000030517578 AB 14.996605598168845 1.2573309707256863
62157.155 lsst_hardware_r 0.4208906256559671 22.510000228881836 31.459999084472656 AB 13.980274339682168 1.1747800627166327
62159.1183 lsst_hardware_y -14.67167223198229 50.400001525878906 29.950000762939453 AB 11.330417094784133 1.3277702867882917
62159.1359 lsst_hardware_g 71.62101678907052 22.030000686645508 31.510000228881836 AB 9.590773103277 1.2330641685879404
62161.12 lsst_hardware_r -8.905263899169215 43.31999969482422 31.559999465942383 AB 10.399878581504904 1.2862646662481216
62161.1379 lsst_hardware_i 7.039485480128103 40.970001220703125 31.270000457763672 AB 9.377738249899286 1.1997362310368178
62164.1276 lsst_hardware_z -73.83699377377943 57.45000076293945 30.959999084472656 AB 14.292729931830308 1.2087897438963386
62164.1459 lsst_hardware_r -70.15871432022877 71.69999694824219 31.6299991607666 AB 13.456529672646177 1.1389360704736502
62168.1273 lsst_hardware_i 2.3339525155856404 77.8499984741211 31.31999969482422 AB 9.820676504954001 1.1659357123298113
62168.1466 lsst_hardware_z -70.7059800880968 68.23999786376953 30.989999771118164 AB 9.20605193310581 1.1037108180201185
62170.1336 lsst_hardware_r -87.20578575639516 59.900001525878906 31.6200008392334 AB 8.441706355616931 1.125823539574825
62170.154 lsst_hardware_z 13.15572671988111 53.08000183105469 30.979999542236328 AB 8.019172778553054 1.0717834086165468
62172.1155 lsst_hardware_g 15.10101190684154 13.699999809265137 31.389999389648438 AB 7.234997420227622 1.1692295235641375
62172.1323 lsst_hardware_r -34.963525914753696 27.780000686645508 31.540000915527344 AB 7.106518172182427 1.1132926640494665
62174.1194 lsst_hardware_i -38.58000484023075 31.020000457763672 31.239999771118164 AB 6.256408714876586 1.1362892689568782
62174.1389 lsst_hardware_z 23.328981020229833 41.4900016784668 30.950000762939453 AB 5.291641669832637 1.0813981614099393
62176.1242 lsst_hardware_r -9.239261543576713 22.700000762939453 31.5 AB 6.635215898131793 1.1052552856410536
62176.1429 lsst_hardware_g 8.715325483907158 13.6899995803833 31.43000030517578 AB 5.939467329772743 1.060619166030847
62178.1143 lsst_hardware_r 23.298840581445837 22.690000534057617 31.489999771118164 AB 1.8406180115938309 1.1180671292901023
62178.133 lsst_hardware_i 43.04197050779355 30.479999542236328 31.25 AB 2.18791548031876 1.069928919834758
62182.1108 lsst_hardware_u 1.0731118676245672 2.7100000381469727 28.459999084472656 AB 1.6410619755250913 1.0971499084239287
62182.1306 lsst_hardware_g 22.085049700317814 13.529999732971191 31.420000076293945 AB 3.088853507385967 1.0527191732073264
62184.1102 lsst_hardware_r -12.635949394246685 22.329999923706055 31.479999542236328 AB 2.5744290662139013 1.0847694369383518
62184.1298 lsst_hardware_i -20.539140571825918 30.030000686645508 31.239999771118164 AB 3.253456164374224 1.0444482068617091
62186.1335 lsst_hardware_u -1.1189431688455311 2.7799999713897705 28.540000915527344 AB 3.1386566586226876 1.030419126271401
62186.1523 lsst_hardware_g -14.022730687450224 13.59000015258789 31.440000534057617 AB 3.1137096734832563 1.0102886675805505
62188.1123 lsst_hardware_g 31.730749789611078 17.549999237060547 31.520000457763672 AB 4.814502743469625 1.0563525364154813
62188.1312 lsst_hardware_r -37.52506749220105 24.290000915527344 31.530000686645508 AB 5.235955735209652 1.0262387721113242
62190.1064 lsst_hardware_i 34.273330294925 37.79999923706055 31.280000686645508 AB 6.949000611483424 1.0572038051853723
62190.1263 lsst_hardware_z -0.8535918460522414 43.90999984741211 30.959999084472656 AB 8.016579795351483 1.0255315076565084
62192.029 lsst_hardware_y -53.428317582145006 54.060001373291016 29.940000534057617 AB 12.54762759299512 1.3228916808640085
62192.0493 lsst_hardware_i -151.07354799837762 52.220001220703125 31.280000686645508 AB 10.85477515244084 1.2169598900293193
62194.01 lsst_hardware_y 146.48920927149842 86.61000061035156 29.940000534057617 AB 11.169063248349435 1.4134476396291362
62194.0294 lsst_hardware_r 39.28550200205931 99.38999938964844 31.59000015258789 AB 10.202452759555882 1.2890022437846977
62196.025 lsst_hardware_y -186.23243980426645 62.939998626708984 29.979999542236328 AB 6.67250414746875 1.283173874513221
62196.0456 lsst_hardware_g 282.0667217819571 115.61000061035156 31.68000030517578 AB 4.365759954439958 1.1862672249004709
62199.0223 lsst_hardware_z 46.29296906374661 44.41999816894531 30.920000076293945 AB 4.692978123018897 1.2544156786258023
62199.0426 lsst_hardware_i -63.16827730019684 31.299999237060547 31.229999542236328 AB 5.226284444300413 1.1661475145333693
62200.0202 lsst_hardware_y -47.45839758249381 49.900001525878906 29.979999542236328 AB 14.330049818126035 1.251259534435803
62200.0402 lsst_hardware_r -5.451633502194008 22.899999618530273 31.479999542236328 AB 13.331912922445673 1.1649187751711017
62202.0187 lsst_hardware_y -70.53825848602823 49.81999969482422 29.979999542236328 AB 7.96080525908004 1.2320843891011861
62202.0393 lsst_hardware_r -14.51407027393134 22.649999618530273 31.459999084472656 AB 7.4039773579196755 1.1485712403210804
62206.0139 lsst_hardware_y 65.9330170651269 49.84000015258789 30.0 AB 9.692648614730217 1.2045545088728522
62206.0342 lsst_hardware_u 2.43985927651486 2.6700000762939453 28.420000076293945 AB 9.091149914974917 1.12928863173056
62208.0148 lsst_hardware_y -19.404999605366186 48.88999938964844 30.0 AB 10.844812093274712 1.1784636884840598
62208.0379 lsst_hardware_r 25.804309955115777 22.43000030517578 31.469999313354492 AB 10.121769610134994 1.1022890944878685
62211.0084 lsst_hardware_z 120.25113509562442 72.79000091552734 31.700000762939453 AB 9.507120949077096 1.171549100317572
62218.0002 lsst_hardware_y -69.52864886373966 49.97999954223633 30.030000686645508 AB 6.98863492111922 1.1332308936466844
62218.0179 lsst_hardware_i 5.5915804855256495 33.7400016784668 31.270000457763672 AB 6.6445233231170775 1.0834639618084156
62219.9985 lsst_hardware_y -72.71450937337919 53.09000015258789 30.030000686645508 AB 10.036920089784912 1.1214435854508282
62220.0152 lsst_hardware_z -49.580530477971045 47.58000183105469 30.959999084472656 AB 8.95040610134874 1.076934917741436
62221.9968 lsst_hardware_y 9.408366424474224 55.939998626708984 30.040000915527344 AB 6.773036061783872 1.1103337806203069
62222.0142 lsst_hardware_i 48.89131565345895 60.4900016784668 31.329999923706055 AB 5.841842269242719 1.0670356362585258
62224.0056 lsst_hardware_z -183.67980615799578 102.06999969482422 31.75 AB 6.9804674139919065 1.0739180636910626
62225.9934 lsst_hardware_y -91.33379496205656 57.02000045776367 30.040000915527344 AB 9.63869418355905 1.090041751038626
62226.0116 lsst_hardware_r -30.554512600736285 83.73999786376953 31.649999618530273 AB 6.28726255995395 1.050620379873114
62229.989 lsst_hardware_y 4.815858614521734 49.79999923706055 30.040000915527344 AB 6.71424032275083 1.0744073805257959
62230.0069 lsst_hardware_u 0.6284055503246186 2.5799999237060547 28.3700008392334 AB 5.304034662106741 1.0400067964915178
62233.9855 lsst_hardware_y 135.8448485490619 50.58000183105469 30.040000915527344 AB 9.29818968501708 1.0586877327735615
62234.0032 lsst_hardware_r -9.1435433259939 21.829999923706055 31.479999542236328 AB 7.852435859041409 1.0293776524852185
62235.9819 lsst_hardware_z -30.748077431198023 45.959999084472656 30.959999084472656 AB 5.735396090709164 1.0550765435447322
62235.999 lsst_hardware_g -1.226897424829583 13.239999771118164 31.399999618530273 AB 5.658013382175082 1.0277020038461686
