data/validation/pwv_sim_epoch_fit_4/29701686.ecsv
# %ECSV 0.9
# ---
# datatype:
# - {name: time, datatype: float64}
# - {name: band, datatype: string}
# - {name: flux, datatype: float64}
# - {name: fluxerr, datatype: float64}
# - {name: zp, datatype: float64}
# - {name: zpsys, datatype: string}
# - {name: pwv, datatype: float64}
# - {name: airmass, datatype: float64}
# meta: {SNID: '29701686', alt: 1024.0, c: 0.06264146417379379, dec: -21.702768, lat: -30.244573, lon: -70.7499537, ra: 349.277344, t0: 62011.375,
#   x0: 5.93623066587533e-06, x1: 0.8410903215408325, z: 0.5716338157653809}
# schema: astropy-2.0
time band flux fluxerr zp zpsys pwv airmass
61946.3034 lsst_hardware_r 39.3561205609758 24.420000076293945 31.479999542236328 AB 4.927704910150173 1.2250100251041272
61946.3353 lsst_hardware_u 0.7469381577095623 2.75 28.43000030517578 AB 4.017249479323455 1.1076211141668117
61952.3543 lsst_hardware_i 15.314095249277516 43.61000061035156 31.989999771118164 AB 8.94361786342521 1.0364004708760766
61952.3794 lsst_hardware_z 7.379558082524215 57.77000045776367 31.690000534057617 AB 9.841752341355926 1.0146136434387554
61957.3819 lsst_hardware_r 17.511917140133242 73.48999786376953 31.65999984741211 AB 4.9819150883128245 1.0117617969766093
61957.4039 lsst_hardware_z 50.790419627346765 54.310001373291016 30.979999542236328 AB 5.119211691637544 1.0216627910399567
61959.3632 lsst_hardware_r 8.385817751843756 99.29000091552734 31.670000076293945 AB 1.5269590688624313 1.0134684085372554
61959.3834 lsst_hardware_i -143.64936530107207 77.5 31.34000015258789 AB 1.6121955364934872 1.0131629451645032
61961.3602 lsst_hardware_z 61.017370373631316 71.69999694824219 31.0 AB 8.092709622650165 1.012717460834499
61961.3796 lsst_hardware_i -21.21391301081134 80.61000061035156 31.34000015258789 AB 9.717128633862792 1.0137320571552926
61963.3408 lsst_hardware_r 14.943893165812286 86.5199966430664 31.65999984741211 AB 8.314189935785341 1.01962472385717
61963.3615 lsst_hardware_z 97.11241520775219 64.54000091552734 30.989999771118164 AB 8.117846579087951 1.0116747216644302
61966.3407 lsst_hardware_g 36.46924661407211 37.630001068115234 31.690000534057617 AB 3.740664582538214 1.0148303262447678
61966.3618 lsst_hardware_r -3.9801814371216455 41.84000015258789 31.6200008392334 AB 3.742632973705713 1.012480176844505
61967.3562 lsst_hardware_i -27.913952959916813 34.88999938964844 31.270000457763672 AB 1.5242413876943672 1.0119444897555965
61967.3751 lsst_hardware_z 10.280435231900416 42.95000076293945 30.950000762939453 AB 3.4247155466596824 1.0204754310666515
61975.3308 lsst_hardware_r 24.297516991623223 23.079999923706055 31.5 AB 5.337996668221417 1.011654821988329
61975.3502 lsst_hardware_g 2.6519199981241073 14.40999984741211 31.43000030517578 AB 5.125043733854418 1.0182880456693812
61980.3111 lsst_hardware_i -55.21852930011443 30.510027292683997 31.25 AB 3.744808100708026 1.0121102974886556
61980.3301 lsst_hardware_z -43.55079929036374 40.79419513501877 30.940000534057617 AB 3.75440542857699 1.014704169885673
61982.3014 lsst_hardware_r 45.44304792176497 23.36401490720278 31.510000228881836 AB 3.4176689723921476 1.0131429760055775
61982.3202 lsst_hardware_u 7.612787566460842 2.729617994954801 28.420000076293945 AB 3.4363126106734176 1.0130389713322936
61991.2503 lsst_hardware_r 607.6242173363086 106.63394643966245 31.65999984741211 AB 3.469225050885376 1.0332762623634777
61991.2705 lsst_hardware_i 580.5231512664399 85.93642977623043 31.34000015258789 AB 3.289621443760107 1.0157855314991837
61993.2468 lsst_hardware_z 562.7301526834777 59.388152263111586 30.979999542236328 AB 6.660320175753493 1.0309561182219946
61993.2683 lsst_hardware_i 788.5744531649615 61.86891417651009 31.329999923706055 AB 6.861208282967315 1.0142589575324017
61996.2535 lsst_hardware_r 1114.5364718818043 45.330435954042926 31.56999969482422 AB 3.708748661839898 1.0177220201710215
61996.2737 lsst_hardware_z 750.5117511762516 50.21577048126575 30.959999084472656 AB 3.646619652866646 1.0116619080892324
62012.2021 lsst_hardware_z 1310.444003047052 59.48077279096173 30.969999313354492 AB 3.597272556194203 1.0236245446949428
62012.222 lsst_hardware_r 2071.8477044396004 64.29696251243456 31.6299991607666 AB 2.8112689964383444 1.012461823447183
62014.1889 lsst_hardware_i 1894.2266413572436 73.85169155453129 31.329999923706055 AB 1.7124737583287837 1.0316106977884238
62014.2091 lsst_hardware_z 1446.7259840207096 67.69813338158868 30.979999542236328 AB 1.6909692449197868 1.015089091497621
62019.1686 lsst_hardware_z 1521.7399057627845 93.8732888031484 31.0 AB 0.7205850332873774 1.0401804883253374
62019.1881 lsst_hardware_r 1826.2191516917967 131.94600915457872 31.670000076293945 AB 0.6379444784506765 1.0194877801848605
62022.1789 lsst_hardware_y 1134.760666598011 76.81100935970473 30.809999465942383 AB 3.2820910703041624 1.0202334691651112
62028.1561 lsst_hardware_r 1149.0658671355047 41.02317000834054 31.530000686645508 AB 1.4311519013719727 1.0257927855969222
62028.1738 lsst_hardware_i 1276.0878575819756 46.77108964024888 31.270000457763672 AB 1.067909495910963 1.0138381290293952
62029.1511 lsst_hardware_z 936.4265458048912 52.402930187102214 30.959999084472656 AB 3.2877796713435616 1.0281004835471723
62029.1683 lsst_hardware_r 1030.6710640414062 40.01819015997152 31.520000457763672 AB 3.0410700740435264 1.015015183392792
62032.1489 lsst_hardware_r 784.5053058147777 37.33671949013438 31.510000228881836 AB 7.649570478958002 1.0223964820846945
62032.1695 lsst_hardware_u 4.355426150401137 2.994918423306292 28.510000228881836 AB 6.196091269867608 1.0120473571951232
62036.1369 lsst_hardware_z 848.772531352521 50.1727576744684 30.950000762939453 AB 1.3494325966625698 1.023331089481542
62036.1564 lsst_hardware_r 639.00879343872 34.280465115466 31.510000228881836 AB 1.4255681453517006 1.0124773759600147
62038.1341 lsst_hardware_y 163.45444456585383 49.69488040826713 30.049999237060547 AB 5.541830999170074 1.021096486765153
62038.1522 lsst_hardware_g 83.58121035579762 18.95865254803861 31.510000228881836 AB 5.4760523672296 1.0122093100239555
62040.1304 lsst_hardware_r 557.9380605006226 42.70032066007248 31.600000381469727 AB 3.959861746717739 1.0197506536893028
62040.1497 lsst_hardware_i 734.1437832544764 45.413901744334666 31.280000686645508 AB 3.9427550287322854 1.0117843621912541
62041.0783 lsst_hardware_z 692.6478343659364 55.28829154708264 30.959999084472656 AB 4.950112789265741 1.101146602487513
62041.099 lsst_hardware_r 522.6997001457901 52.040447655213 31.6200008392334 AB 4.83606807546781 1.0553531961958285
62042.1135 lsst_hardware_i 732.4170644646223 58.37889378437483 31.31999969482422 AB 3.8246807243096974 1.0304020630352846
62042.1318 lsst_hardware_z 790.6001586736654 58.95272389875039 30.979999542236328 AB 4.046023069225489 1.0155043155488723
62047.1103 lsst_hardware_z 828.5580230277195 83.8675440975819 31.0 AB 2.14303204194265 1.020491448544119
62047.1291 lsst_hardware_i 577.4374516374108 96.98863506787126 31.350000381469727 AB 1.8297947188547168 1.011961315616893
62049.1129 lsst_hardware_z 675.6096283398739 67.62776577456313 30.989999771118164 AB 3.485857785239897 1.0153969662801914
62049.1315 lsst_hardware_r 65.78784065783611 91.96092565991783 31.65999984741211 AB 4.403277019978264 1.0118405285180132
62051.0983 lsst_hardware_u -4.539376947498137 6.929594477088725 29.100000381469727 AB 9.848514747315908 1.0213388034857274
62051.1159 lsst_hardware_g 35.58465763899619 46.37961350633819 31.719999313354492 AB 9.075335572226455 1.0123732429761272
62053.0962 lsst_hardware_r 233.660207435644 27.636015579663283 31.520000457763672 AB 3.2200009740660023 1.018826443305107
62053.1138 lsst_hardware_i 380.18408642755236 36.18960432448528 31.260000228881836 AB 3.2169270607738096 1.011824405779139
62058.0763 lsst_hardware_r 114.87985395874072 26.706788414292426 31.510000228881836 AB 6.0616019812351745 1.023803960348209
62058.0937 lsst_hardware_u -4.903862708655262 2.715381735106854 28.440000534057617 AB 6.2818568504260215 1.0132027178106486
62060.0771 lsst_hardware_g 21.028716415210056 15.12610310950533 31.450000762939453 AB 6.647269480683844 1.018816687973614
62060.0947 lsst_hardware_i 253.75583945750992 34.77684595882283 31.25 AB 6.9787077193507665 1.0118223984753152
62066.0639 lsst_hardware_u 2.762977656851885 3.1897545542427 28.530000686645508 AB 4.4535402735297795 1.016790016787549
62066.0813 lsst_hardware_g 0.8590739732318096 15.86103954759832 31.479999542236328 AB 4.377389613272604 1.0116453924826185
62069.0455 lsst_hardware_i 191.5914857790056 40.13507123529687 31.290000915527344 AB 2.2473347852202927 1.0245039479787073
62069.0628 lsst_hardware_z 433.1657712780102 47.97249506465428 30.959999084472656 AB 2.203074575580534 1.0134903165408344
62074.0481 lsst_hardware_r 79.68730095943616 89.30988339342377 31.670000076293945 AB 4.2240455089563484 1.0138723093804618
62074.0645 lsst_hardware_z 248.12026304825775 68.58223481537192 31.0 AB 4.21568459067121 1.012007183485127
62076.0331 lsst_hardware_z 120.19323548719649 66.98535872120736 30.989999771118164 AB 8.770807398317045 1.0190318808315375
62076.0508 lsst_hardware_i 119.7950073894366 76.33493753740369 31.34000015258789 AB 6.681799698367313 1.0118445336548056
62078.0379 lsst_hardware_z 305.6800167915249 59.2233735827244 30.979999542236328 AB 4.731504655357818 1.0136042535044252
62078.0568 lsst_hardware_r 278.469723724608 79.84138783037713 31.65999984741211 AB 4.098543996218299 1.0126737899111706
62082.0222 lsst_hardware_z 274.6820185107026 45.17623463380556 30.959999084472656 AB 10.758917762871095 1.015694923802771
62082.0412 lsst_hardware_r 100.5449457322862 25.773046671098843 31.520000457763672 AB 10.276347261982048 1.011816659094363
62084.0238 lsst_hardware_y -8.446412741588198 48.488259056649284 30.059999465942383 AB 12.953940224973142 1.012870638941451
62084.0425 lsst_hardware_z 286.23672174101404 43.73927264795079 30.950000762939453 AB 8.614956776526348 1.0132859064368054
62087.0089 lsst_hardware_y 156.84676979214535 71.93003001535547 30.079999923706055 AB 5.000391981826626 1.0155142123937095
62087.027 lsst_hardware_u -4.899365791976067 3.142799169685227 28.540000915527344 AB 5.056452902248379 1.011762736393326
62089.0103 lsst_hardware_y -15.620557693204242 80.35591749995666 30.079999923706055 AB 5.644570106309149 1.0128271494790593
62089.0286 lsst_hardware_i 178.4769308537266 33.421161069372204 31.25 AB 5.672514232279887 1.0132052868636023
62301.4232 lsst_hardware_u -5.2004743457972 2.9200000762939453 28.520000457763672 AB 12.84645862956938 1.0148884997289638
62301.4424 lsst_hardware_y -190.61745515012225 70.98999786376953 30.079999923706055 AB 12.822935501931918 1.01209064913923
62303.4185 lsst_hardware_r 33.211082097842706 23.84000015258789 31.520000457763672 AB 7.141571891521892 1.0145479187671682
62303.4379 lsst_hardware_y -16.767787560287026 53.689998626708984 30.06999969482422 AB 7.103587302460934 1.0122675172726288
62305.4266 lsst_hardware_z -91.41041017003371 60.84000015258789 31.709999084472656 AB 4.957131264578158 1.0116594417506444
62307.4035 lsst_hardware_g 1.1521817161882344 15.180000305175781 31.469999313354492 AB 3.874442470311045 1.0166027385256602
62307.4235 lsst_hardware_y -28.894522412119613 46.95000076293945 30.059999465942383 AB 3.66767109429294 1.011771336356702
62313.408 lsst_hardware_z 9.689000957829267 60.91999816894531 30.989999771118164 AB 5.464046679959855 1.011860496288862
62313.428 lsst_hardware_y 41.23157871185297 53.61000061035156 30.059999465942383 AB 5.932744315140973 1.0207457313923802
62318.3566 lsst_hardware_r 137.3794243564222 72.93000030517578 31.649999618530273 AB 8.882822671148478 1.0310879478988366
62318.3767 lsst_hardware_i 50.28183106560553 61.75 31.329999923706055 AB 9.844837505448048 1.0149317015925823
62320.4033 lsst_hardware_z 107.13820987754544 65.73999786376953 31.719999313354492 AB 6.600683126144897 1.016923835071752
62329.3437 lsst_hardware_z -35.61681581579858 40.97999954223633 30.950000762939453 AB 8.127419108188988 1.016456793103365
62329.3639 lsst_hardware_i 49.4088201501831 30.700000762939453 31.25 AB 8.027082515284679 1.0118171237754456
62331.3362 lsst_hardware_u -2.945044335893182 2.75 28.469999313354492 AB 5.800744192616571 1.0176744197572931
62331.3582 lsst_hardware_g 14.300161786438228 14.59000015258789 31.459999084472656 AB 5.767225901582764 1.0117940178215374
62333.3387 lsst_hardware_r -3.3084391152457595 23.100000381469727 31.510000228881836 AB 1.5218288676864635 1.0137078219393596
62333.3589 lsst_hardware_i 45.71140982575821 30.549999237060547 31.260000228881836 AB 1.6410412578108078 1.0129884307464416
62335.3317 lsst_hardware_z 17.806016254710915 57.86000061035156 31.700000762939453 AB 1.825760210509215 1.014311228060675
62335.3497 lsst_hardware_u -2.9752764718628613 3.8299999237060547 29.190000534057617 AB 1.6129745134523141 1.0121153608778377
62344.3021 lsst_hardware_r 28.108551085780384 122.69000244140625 31.670000076293945 AB 2.593932437749325 1.0168296502349372
62344.3221 lsst_hardware_z 2.3552668790871794 81.55999755859375 31.0 AB 2.575563934189045 1.0117443764000438
62346.3027 lsst_hardware_r -47.2794375457184 87.16999816894531 31.670000076293945 AB 3.7514270420887974 1.0138992005645397
62346.3245 lsst_hardware_i -82.33277945781349 73.0199966430664 31.34000015258789 AB 3.749323986132085 1.0133308070627256
62348.2627 lsst_hardware_r -35.5686272936294 54.41999816894531 31.639999389648438 AB 3.762500539340625 1.0475396504045729
62348.2817 lsst_hardware_z 52.19268837618981 49.70000076293945 30.969999313354492 AB 3.6598836668417527 1.0238868839954547
62349.3001 lsst_hardware_z -73.53542815471901 45.790000915527344 30.969999313354492 AB 4.950005888952531 1.012271142935078
62350.2782 lsst_hardware_z 13.594780621087617 43.29999923706055 30.959999084472656 AB 1.5772183473697892 1.022176505100317
62350.2984 lsst_hardware_g 1.6917692959635335 29.360000610351562 31.65999984741211 AB 1.3718785175490331 1.0120830081512602
62353.2457 lsst_hardware_r -15.31558976511578 33.2599983215332 32.2599983215332 AB 1.0889061079071594 1.0531006846302222
62353.2683 lsst_hardware_i 22.116372600757476 30.93000030517578 31.260000228881836 AB 0.24883488461908496 1.0236608211960985
62357.2795 lsst_hardware_g -1.9108303592433662 14.609999656677246 31.450000762939453 AB 3.3782198027110195 1.0120490721123485
62357.3009 lsst_hardware_r -23.935759357111976 23.329999923706055 31.510000228881836 AB 4.580681870485416 1.0161416479494407
62363.2543 lsst_hardware_z 72.1483292782689 41.08000183105469 30.959999084472656 AB 4.769212953788794 1.0147261603805944
62363.2744 lsst_hardware_i 22.0486792885746 30.920000076293945 31.270000457763672 AB 4.757975432245655 1.0123351983501394
62368.2169 lsst_hardware_r 47.06863180428056 59.52000045776367 31.649999618530273 AB 1.8577390356676313 1.034952109007037
62368.2371 lsst_hardware_i -39.87111768797359 50.560001373291016 31.31999969482422 AB 1.8166208216612476 1.01652832175029
62370.2539 lsst_hardware_z -171.6099238414972 100.48999786376953 31.75 AB 1.7657348367111718 1.0120757566170262
62377.1929 lsst_hardware_z 11.24253707531632 49.209999084472656 30.969999313354492 AB 5.567446737077409 1.0342326518611862
62377.2112 lsst_hardware_i 82.26400888327433 46.5099983215332 31.309999465942383 AB 5.411157629449193 1.017310181162016
62379.1829 lsst_hardware_u -4.539254496911118 2.759999990463257 28.450000762939453 AB 4.0570396114017 1.0402665670260771
62379.1995 lsst_hardware_g 35.24267155050616 20.739999771118164 31.56999969482422 AB 3.9849455258479036 1.021780904063565
62382.1656 lsst_hardware_r 21.142555866950303 23.739999771118164 31.5 AB 1.4765948609832849 1.0547106149880607
62382.1842 lsst_hardware_i -33.55282056342137 31.0 31.260000228881836 AB 1.3121962794966582 1.0285013294548342
62384.1722 lsst_hardware_i -6.270622661043315 31.049999237060547 31.25 AB 2.2718218310273803 1.0362574871646861
62384.1918 lsst_hardware_z 40.78434815608933 41.099998474121094 30.950000762939453 AB 2.2084566480147143 1.0174875134829366
62386.1768 lsst_hardware_r -2.0367964059890338 23.84000015258789 31.520000457763672 AB 2.3650794801863855 1.0249531875130597
62386.1961 lsst_hardware_g 19.158850386430828 15.0600004196167 31.469999313354492 AB 2.4205914763389456 1.0130117080305276
62388.1671 lsst_hardware_r -8.997627794968617 23.90999984741211 31.510000228881836 AB 3.355704207345817 1.0292781864414746
62388.1842 lsst_hardware_i 30.94837705259427 31.06999969482422 31.260000228881836 AB 3.2758482491993335 1.0156094401485098
62391.1609 lsst_hardware_z 33.17785251220142 41.47999954223633 30.959999084472656 AB 3.526525172156813 1.0271681852928896
