data/validation/pwv_sim_epoch_fit_4/29858600.ecsv
# %ECSV 0.9
# ---
# datatype:
# - {name: time, datatype: float64}
# - {name: band, datatype: string}
# - {name: flux, datatype: float64}
# - {name: fluxerr, datatype: float64}
# - {name: zp, datatype: float64}
# - {name: zpsys, datatype: string}
# - {name: pwv, datatype: float64}
# - {name: airmass, datatype: float64}
# meta: {SNID: '29858600', alt: 1024.0, c: 0.022803517058491707, dec: -13.86195, lat: -30.244573, lon: -70.7499537, ra: 205.136719, t0: 60688.28125,
#   x0: 3.674320283855077e-05, x1: 1.237899899482727, z: 0.2636709213256836}
# schema: astropy-2.0
time band flux fluxerr zp zpsys pwv airmass
60713.3729 lsst_hardware_u 5.863384951100294 3.950109136450709 28.65999984741211 AB 4.9580899186285485 1.0441381317528795
60714.3234 lsst_hardware_r 4303.007920882679 69.99129594255041 31.510000228881836 AB 9.024810335147984 1.1065919116115452
60714.3427 lsst_hardware_y 742.811525507916 53.80429857615716 30.040000915527344 AB 8.780219625007955 1.0700299135760758
60716.3764 lsst_hardware_z 7181.913633223569 120.44902985005912 32.15999984741211 AB 3.944327636841554 1.0416358195884385
60718.3638 lsst_hardware_r 3699.927428498199 102.80299071607031 31.649999618530273 AB 6.442412701089105 1.0425740696551622
60718.3817 lsst_hardware_y 854.6233102044781 63.199050431247315 30.059999465942383 AB 5.3207898916274905 1.0437014302917897
60720.3648 lsst_hardware_z 2644.041334037559 85.10522908092932 30.989999771118164 AB 2.5400506878147113 1.0416447356221905
60720.3818 lsst_hardware_y 1212.4264636479897 66.43543166863383 30.059999465942383 AB 2.6712471437636145 1.046419407996715
60722.2956 lsst_hardware_i 4184.058349545692 106.42450215734979 31.329999923706055 AB 5.47506946724327 1.1213468554371702
60722.3122 lsst_hardware_z 2685.871834027063 90.1668475950213 30.989999771118164 AB 5.594274232504002 1.084406855394437
60727.3443 lsst_hardware_i 3418.519179253005 68.7772356883957 31.290000915527344 AB 5.959915818849126 1.0417156773168672
60727.3613 lsst_hardware_r 2228.615946113694 59.478644083997295 31.59000015258789 AB 6.015871403251641 1.0456323412372728
60731.3383 lsst_hardware_r 1695.6833132718575 48.51717541288363 31.510000228881836 AB 8.959235816340229 1.0417716065511895
60731.3558 lsst_hardware_i 2810.921693085154 61.05126927233907 31.25 AB 9.02226399916082 1.0491004650187001
60733.3336 lsst_hardware_z 1860.1236566404252 59.07471004408305 30.950000762939453 AB 5.417660881320991 1.0418578617924983
60733.351 lsst_hardware_r 1650.8633244214438 46.82699669994854 31.510000228881836 AB 5.457905177207132 1.04959714946291
60736.3127 lsst_hardware_i 2335.9858119486353 57.07925184030626 31.260000228881836 AB 3.6079937543227194 1.0431496217774396
60736.3311 lsst_hardware_u 1.1318343391532857 3.682424347979411 28.489999771118164 AB 3.6384946546512853 1.043171326145393
60738.3145 lsst_hardware_g 420.3880219371509 25.082071232979107 31.450000762939453 AB 7.617923687977345 1.041696114860843
60738.3332 lsst_hardware_r 1341.4050723470405 43.882110433466366 31.510000228881836 AB 7.570031912265862 1.0467411383110983
60742.2991 lsst_hardware_u 3.6676000909311335 3.3525239388624506 28.3799991607666 AB 10.133536382165762 1.042366163089254
60742.32 lsst_hardware_g 371.2315020977654 24.871233574588107 31.450000762939453 AB 10.23140285911795 1.0454430714357577
60749.1169 lsst_hardware_i 1459.4696178156848 136.99257749895708 31.170000076293945 AB 16.828456149113766 1.9015204688264697
60749.1489 lsst_hardware_z 1982.516183433254 152.36934107681355 31.690000534057617 AB 15.11187778144708 1.5042681446791835
60749.1823 lsst_hardware_r 1172.2366472929841 147.5533310914716 31.600000381469727 AB 12.963319970571456 1.2719528998108047
60751.2901 lsst_hardware_i 1674.5999240574708 110.10779869949774 31.34000015258789 AB 8.24090522481095 1.043152560102652
60751.3135 lsst_hardware_z 900.3019599647912 92.39495245693547 31.0 AB 8.564008661379292 1.0610839625051576
60753.2759 lsst_hardware_z 101.85074393914904 62.779998779296875 30.989999771118164 AB 5.847370008227195 1.0416311397589966
60753.2949 lsst_hardware_r 116.7609352448082 80.19000244140625 31.649999618530273 AB 5.7666929075807305 1.0484896195601328
60755.2759 lsst_hardware_i -40.02986683998964 43.09000015258789 31.309999465942383 AB 4.659410563664996 1.042257144316035
60755.2949 lsst_hardware_r -16.53319093957501 45.459999084472656 31.6299991607666 AB 4.1414081157740545 1.0529226761009483
60757.2643 lsst_hardware_z -11.076051180626102 43.040000915527344 30.959999084472656 AB 6.386046131389289 1.041627750124672
60757.2839 lsst_hardware_g -32.50941220726717 23.649999618530273 31.610000610351562 AB 6.454152076872564 1.0484327610254416
60759.2521 lsst_hardware_r 19.149036115755656 24.3700008392334 31.520000457763672 AB 6.816677189567817 1.0425046361411305
60759.2693 lsst_hardware_i -6.3058029332960945 31.790000915527344 31.260000228881836 AB 6.805035432546044 1.0435170301009844
60761.249 lsst_hardware_z 41.015089109312264 41.81999969482422 30.959999084472656 AB 6.564663834572588 1.0420101324718394
60761.2672 lsst_hardware_r 29.684407321728262 24.450000762939453 31.520000457763672 AB 7.228560124275388 1.0449671303614583
60763.2519 lsst_hardware_u -1.1714873071881782 2.930000066757202 28.559999465942383 AB 8.317322947732253 1.0418793621110176
60763.2685 lsst_hardware_g 24.442450787679036 15.640000343322754 31.489999771118164 AB 8.35485167099738 1.0491431746088253
60766.2392 lsst_hardware_r -8.140268499730166 24.549999237060547 31.520000457763672 AB 4.427300127682313 1.0416359801621127
60766.2571 lsst_hardware_z 51.3799193951809 42.0099983215332 30.959999084472656 AB 4.868664666800674 1.046949609375817
60772.2385 lsst_hardware_i 23.201993259979606 37.20000076293945 31.280000686645508 AB 9.035334295015305 1.045655430033597
60772.2548 lsst_hardware_z 25.419253044251825 42.22999954223633 30.950000762939453 AB 8.4757000161369 1.0594625020171125
60774.2364 lsst_hardware_r -46.7779351427642 65.70999908447266 31.649999618530273 AB 7.628544190654501 1.0476850655540881
60774.255 lsst_hardware_z -12.325294146589023 55.119998931884766 30.979999542236328 AB 5.3375375697418885 1.066654190595901
60777.2153 lsst_hardware_z 56.37358783467999 101.88999938964844 31.0 AB 7.057493890287884 1.0421451631508596
60777.2316 lsst_hardware_i -325.7098828431076 122.2699966430664 31.34000015258789 AB 7.206710561305627 1.0501581874397998
60779.2172 lsst_hardware_z 30.790394247730994 108.66000366210938 31.010000228881836 AB 6.890420142058417 1.0445569835607393
60779.2341 lsst_hardware_r -103.84179354688631 164.52000427246094 31.65999984741211 AB 6.973405649969256 1.0576716777424995
60781.1789 lsst_hardware_y -74.65321147305991 79.02999877929688 30.809999465942383 AB 17.948461579728104 1.048963312148062
60783.1949 lsst_hardware_g -31.22386107860034 54.77000045776367 31.709999084472656 AB 13.437371895724025 1.0416567361026376
60783.2123 lsst_hardware_r 29.982961408330233 54.619998931884766 31.6299991607666 AB 12.449060464721477 1.0480036309448018
60785.1948 lsst_hardware_i 35.07730575083789 37.33000183105469 31.280000686645508 AB 3.3053961049650815 1.0424376677945066
60785.2155 lsst_hardware_z -18.986626013002294 44.7400016784668 30.959999084472656 AB 2.8558215044156916 1.055333909801629
60793.1811 lsst_hardware_g -3.9189677498580173 15.779999732971191 31.469999313354492 AB 2.3973448657917706 1.0456198302439301
60793.1986 lsst_hardware_i -14.896680836449617 31.8700008392334 31.25 AB 2.4310964986122485 1.0608035338113881
60801.1522 lsst_hardware_z -15.035710733907967 47.34000015258789 30.969999313354492 AB 3.7355497072232615 1.04272148143008
60801.1695 lsst_hardware_r -63.35847601872913 44.65999984741211 31.6200008392334 AB 3.428178940685348 1.0530961316870822
60805.1429 lsst_hardware_r 254.41094878816327 132.4199981689453 31.65999984741211 AB 7.3191051921870525 1.0432267764133674
60805.1602 lsst_hardware_z 36.67497540092987 92.12999725341797 31.0 AB 7.440940150420673 1.054642199315515
60809.1172 lsst_hardware_z -26.867630708577547 72.30000305175781 30.989999771118164 AB 6.44668057906581 1.0421404104535743
60809.1372 lsst_hardware_r 100.94048219377109 105.69000244140625 31.65999984741211 AB 6.495373058498406 1.0455048382603211
60811.1244 lsst_hardware_y 77.01536769601391 71.55000305175781 30.809999465942383 AB 5.479832522409347 1.0425860963488103
60813.0906 lsst_hardware_g -14.280852094664215 25.040000915527344 31.6200008392334 AB 9.019365529775039 1.0496584913229814
60813.1114 lsst_hardware_r 65.36496286141062 35.63999938964844 31.59000015258789 AB 8.977401930899166 1.0416230581952932
60816.0866 lsst_hardware_i 5.515888065824296 31.6200008392334 31.260000228881836 AB 7.503896628107714 1.046763223487545
60816.1066 lsst_hardware_z 65.61754974830355 41.849998474121094 30.950000762939453 AB 7.469719490924092 1.0418018815793713
60825.0743 lsst_hardware_g -24.390417312639038 15.25 31.469999313354492 AB 11.3541409776344 1.0419988966764004
60825.0942 lsst_hardware_i 41.95160677555578 31.360000610351562 31.260000228881836 AB 12.626372231525849 1.045878834667726
60827.0822 lsst_hardware_z 30.797349147614742 41.88999938964844 30.950000762939453 AB 7.625858262963336 1.043018819590164
60827.1021 lsst_hardware_r 27.4356231164046 24.81999969482422 31.520000457763672 AB 7.821365368378467 1.0566556833800196
60831.0442 lsst_hardware_r -154.47511555726328 65.9800033569336 31.649999618530273 AB 9.979734003699662 1.047686106104631
60831.0651 lsst_hardware_y 29.83506378052533 52.349998474121094 30.059999465942383 AB 9.916375153907621 1.041745472623981
60843.0242 lsst_hardware_r 25.163246317785905 24.579999923706055 31.520000457763672 AB 6.306880585111595 1.0421725009823801
60843.053 lsst_hardware_i 9.73961935490014 31.950000762939453 31.260000228881836 AB 6.356463633119638 1.0514806886595507
60845.0126 lsst_hardware_z -13.822491220690427 41.900001525878906 30.959999084472656 AB 4.147088133265237 1.044080597498801
60845.0372 lsst_hardware_r -4.6699492223428924 24.579999923706055 31.530000686645508 AB 4.087378987587608 1.0446530041543256
60848.0057 lsst_hardware_u 1.440868533348789 2.859999895095825 28.5 AB 3.2207914548410637 1.043565651206756
60848.0254 lsst_hardware_g -12.683406185295466 15.579999923706055 31.479999542236328 AB 3.2166987479384304 1.0431972589389902
60849.9914 lsst_hardware_r -10.266788706285732 24.65999984741211 31.520000457763672 AB 4.7418810816728705 1.0483156407531495
60850.0094 lsst_hardware_z 47.981732982121706 41.939998626708984 30.950000762939453 AB 4.183263083173944 1.0416491740970977
60852.9926 lsst_hardware_r -7.8290944533131075 24.65999984741211 31.530000686645508 AB 8.006077454165805 1.043363699500294
60853.0127 lsst_hardware_u -0.43229870593032965 2.950000047683716 28.56999969482422 AB 8.609690342406656 1.0435355848017671
60858.9677 lsst_hardware_z 20.702507132556203 51.310001373291016 30.969999313354492 AB 7.648334903163919 1.0477171100224547
60858.9868 lsst_hardware_g -14.047968260319449 45.619998931884766 31.700000762939453 AB 7.603927938365801 1.0416339641596988
60863.9682 lsst_hardware_y -8.369142791808557 54.7400016784668 30.059999465942383 AB 1.472954223537978 1.0419388518306467
60863.9865 lsst_hardware_r 30.908956899337998 81.94999694824219 31.65999984741211 AB 1.4817063533241353 1.0452340391445727
