data/validation/pwv_sim_epoch_fit_4/29891201.ecsv
# %ECSV 0.9
# ---
# datatype:
# - {name: time, datatype: float64}
# - {name: band, datatype: string}
# - {name: flux, datatype: float64}
# - {name: fluxerr, datatype: float64}
# - {name: zp, datatype: float64}
# - {name: zpsys, datatype: string}
# - {name: pwv, datatype: float64}
# - {name: airmass, datatype: float64}
# meta: {SNID: '29891201', alt: 1024.0, c: -0.0034637891221791506, dec: -20.902014, lat: -30.244573, lon: -70.7499537, ra: 146.953125,
#   t0: 60440.34375, x0: 4.475354055674243e-06, x1: 0.7200329899787903, z: 0.6419061422348022}
# schema: astropy-2.0
time band flux fluxerr zp zpsys pwv airmass
60300.3192 lsst_hardware_u -0.5490731731676225 2.7200000286102295 28.489999771118164 AB 6.279201042125344 1.0330181857571104
60300.3393 lsst_hardware_y 110.91079905647733 47.52000045776367 30.059999465942383 AB 6.646587227440481 1.0165568025654572
60302.3245 lsst_hardware_r -37.37228869575703 22.280000686645508 31.5 AB 6.190747402864486 1.022475347312972
60302.3459 lsst_hardware_y 67.35768217377225 48.95000076293945 30.059999465942383 AB 6.057790428606822 1.0132202264029633
60305.3293 lsst_hardware_z -73.56336178602402 83.81999969482422 31.739999771118164 AB 6.07525498852794 1.0150377993447124
60307.323 lsst_hardware_z 27.3584066148417 60.40999984741211 30.989999771118164 AB 7.095754054549008 1.0153472210845271
60307.3451 lsst_hardware_y -31.640088871499575 54.0 30.059999465942383 AB 6.940808341060418 1.0149359048148399
60309.3207 lsst_hardware_i -76.15181352778951 57.2400016784668 31.329999923706055 AB 5.145892444300836 1.0143020586664968
60309.3413 lsst_hardware_y 5.319322342064326 51.79999923706055 30.059999465942383 AB 5.972139689323551 1.0155548729152035
60311.2947 lsst_hardware_z -53.49375228910369 48.540000915527344 30.969999313354492 AB 5.335041064736261 1.027088698851876
60311.3173 lsst_hardware_i 72.31308219380197 66.5 32.060001373291016 AB 5.22815818087742 1.0137983674379332
60311.3399 lsst_hardware_y -75.40440207853753 49.75 30.059999465942383 AB 4.556675708814222 1.0174557795722277
60313.3007 lsst_hardware_z 9.16889002119836 43.15999984741211 30.950000762939453 AB 3.3057455924141674 1.0181967943780803
60313.3229 lsst_hardware_g -10.6070909398111 29.75 31.65999984741211 AB 3.274903944439181 1.013483787220708
60317.3009 lsst_hardware_z 98.38107823101026 40.650001525878906 30.950000762939453 AB 8.907593979855017 1.0138010523754715
60317.3213 lsst_hardware_u 2.345885706629875 2.700000047683716 28.450000762939453 AB 8.88287424667803 1.01634716781213
60319.2858 lsst_hardware_g 2.460695845636744 13.359999656677246 31.40999984741211 AB 6.727627378451441 1.0173721036560344
60319.3065 lsst_hardware_r -0.7243367043785841 21.969999313354492 31.489999771118164 AB 7.262086638089429 1.013479399635675
60321.2831 lsst_hardware_i -54.572520161112884 29.950000762939453 31.260000228881836 AB 5.967417692294374 1.0160333192515838
60321.3065 lsst_hardware_z 74.85397339307826 40.560001373291016 30.950000762939453 AB 6.9321305953272905 1.0148046545640887
60323.2546 lsst_hardware_i -28.63905695145669 30.239999771118164 31.25 AB 7.342308605829586 1.0351850277860613
60323.2734 lsst_hardware_u -0.14168993547816303 2.680000066757202 28.459999084472656 AB 7.2859366281903615 1.0181932890598975
60325.2418 lsst_hardware_u 0.6060849477988951 2.700000047683716 28.459999084472656 AB 5.299918271859645 1.0452456901409417
60325.2602 lsst_hardware_g -8.328288215824255 13.649999618530273 31.43000030517578 AB 4.613826839939523 1.02370242732182
60327.2454 lsst_hardware_r -36.1030217700134 22.239999771118164 31.489999771118164 AB 6.88534586114941 1.0331118127162264
60327.2668 lsst_hardware_i -61.64743672671418 29.899999618530273 31.25 AB 7.4767187682533525 1.0159965713076948
60329.2401 lsst_hardware_z 0.25995581058740524 40.75 30.940000534057617 AB 10.318906147037122 1.0329235382419542
60329.2596 lsst_hardware_u 2.1831724273329662 2.5399999618530273 28.34000015258789 AB 12.067357608064084 1.0168050507093283
60331.2382 lsst_hardware_g -46.75042798743557 45.380001068115234 31.709999084472656 AB 9.775435708857264 1.028993232511291
60331.257 lsst_hardware_r 16.23101126799234 41.720001220703125 31.6200008392334 AB 9.929491527256483 1.0155277190116745
60333.226 lsst_hardware_i -99.60413523769974 64.69000244140625 31.329999923706055 AB 10.428300864983994 1.0368165505054676
60333.2455 lsst_hardware_z 10.508680818582112 58.779998779296875 30.979999542236328 AB 10.31072166523484 1.0185440744082546
60339.2177 lsst_hardware_i 28.93733097540631 56.54999923706055 31.31999969482422 AB 12.572330199750477 1.0276269133109401
60339.2353 lsst_hardware_r 116.67290431411443 67.97000122070312 31.649999618530273 AB 12.498063012448238 1.015469735323368
60341.2115 lsst_hardware_z 6.904819406770361 66.16000366210938 31.709999084472656 AB 12.867057148987627 1.0283704804545708
60345.1874 lsst_hardware_g 10.383865584368651 13.84000015258789 31.420000076293945 AB 7.171369689630224 1.044932200150113
60345.2064 lsst_hardware_r 3.6684404182148946 22.450000762939453 31.489999771118164 AB 6.8297443516471406 1.0230294115708718
60351.1839 lsst_hardware_u 1.8644226472791112 2.7899999618530273 28.540000915527344 AB 2.7774151307441293 1.0286722706459737
60351.2008 lsst_hardware_g 9.73580906224247 13.869999885559082 31.440000534057617 AB 2.743743938576293 1.0162014587319603
60355.1652 lsst_hardware_i -39.21334909707942 30.489999771118164 31.25 AB 2.8979512573841353 1.037762312402507
60355.1827 lsst_hardware_r -26.12018972083168 22.790000915527344 31.510000228881836 AB 3.946891117124834 1.0203079148103837
60357.1677 lsst_hardware_z -12.248408627988837 40.810001373291016 30.950000762939453 AB 4.337289395443914 1.028484226086379
60357.184 lsst_hardware_g 3.860839464657588 13.899999618530273 31.43000030517578 AB 4.3059449823542835 1.016392064759656
60360.1651 lsst_hardware_r -20.942490827013373 54.650001525878906 31.649999618530273 AB 3.9714655149731892 1.0233098466820896
60360.1825 lsst_hardware_i -31.894534200956116 48.029998779296875 31.31999969482422 AB 3.6504678985139676 1.0140188606983243
60361.1553 lsst_hardware_z 101.77578718774303 54.779998779296875 30.979999542236328 AB 5.2870822607430865 1.0300346964675224
60361.1733 lsst_hardware_r 46.55907042781652 67.0999984741211 31.65999984741211 AB 6.275075697081958 1.0162888812182294
60366.1514 lsst_hardware_r 101.34112379913738 103.38999938964844 31.65999984741211 AB 5.575809967710519 1.0212106167967985
60366.1684 lsst_hardware_z 12.672771081734679 71.83000183105469 30.989999771118164 AB 7.028190228311386 1.0135472802842855
60368.1301 lsst_hardware_i -29.929567985933208 56.790000915527344 31.31999969482422 AB 6.29953660442992 1.0372453245493831
60368.1499 lsst_hardware_r 71.66097562936181 68.19000244140625 31.649999618530273 AB 6.157876416514857 1.018560360012382
60370.1305 lsst_hardware_z 107.59442015358324 46.470001220703125 30.959999084472656 AB 3.436405310030365 1.0302776694656934
60370.1482 lsst_hardware_g 40.34745398684637 44.540000915527344 31.700000762939453 AB 3.425717687263308 1.0165334383570648
60373.1321 lsst_hardware_z -41.682935673281975 40.70000076293945 30.950000762939453 AB 10.48200746257576 1.0213478100841147
60373.1506 lsst_hardware_r -14.53824285046413 22.489999771118164 31.489999771118164 AB 10.461604224250342 1.0133531153166575
60380.1106 lsst_hardware_r -0.43352477801005823 22.68000030517578 31.510000228881836 AB 8.088530533500181 1.0232170187855882
60380.1284 lsst_hardware_z 68.23502026959234 40.70000076293945 30.950000762939453 AB 8.359742400695648 1.0138961089158134
60392.0823 lsst_hardware_r 181.47689933363313 96.2699966430664 31.65999984741211 AB 4.287723143445972 1.019874682286424
60392.1027 lsst_hardware_z 5.306641271849941 69.29000091552734 30.989999771118164 AB 5.562743880959423 1.0131118482829116
60395.0733 lsst_hardware_r 2.576786782639136 98.52999877929688 31.670000076293945 AB 6.357016466758157 1.0204288240712962
60395.0915 lsst_hardware_y 147.97479114651748 56.130001068115234 30.06999969482422 AB 6.521070772435561 1.0132441961572798
60397.072 lsst_hardware_g 55.43701831244721 68.77999877929688 31.729999542236328 AB 6.914332211209303 1.0178114148002073
60397.089 lsst_hardware_r 59.73124698278336 65.94000244140625 31.649999618530273 AB 6.973329118603641 1.0131112440311838
60401.0521 lsst_hardware_r 13.65749325414715 22.219999313354492 31.489999771118164 AB 8.950172964123064 1.0241937306964035
60401.0702 lsst_hardware_u -0.5397644946562697 2.619999885559082 28.40999984741211 AB 8.883947858153606 1.0141010634753223
60403.053 lsst_hardware_g -9.097394902368078 13.510000228881836 31.399999618530273 AB 4.942674227673015 1.0193883323950945
60403.0714 lsst_hardware_i -22.37671046136693 29.81999969482422 31.239999771118164 AB 5.089966372837088 1.0131302493704812
60415.0199 lsst_hardware_i 114.26141071309402 34.46067930422368 31.280000686645508 AB 15.962341167058783 1.0196050036180524
60415.0379 lsst_hardware_z 101.0197395691126 42.917235729590885 30.959999084472656 AB 15.888957098953185 1.013164807840152
60422.9996 lsst_hardware_z 355.06163921339726 67.05240161125354 30.989999771118164 AB 9.791989185903738 1.0186283232703004
60423.018 lsst_hardware_r 947.3903829077942 96.16336600935674 31.65999984741211 AB 8.929717144617417 1.0131096316101824
60425.9989 lsst_hardware_u 0.47216358933378527 11.057706337663891 29.299999237060547 AB 6.0800146751098545 1.0150274916710942
60426.0158 lsst_hardware_g 265.3952038205042 67.19597985909272 31.729999542236328 AB 4.7412592531597655 1.0137213547958517
60428.9775 lsst_hardware_z 795.1446367176372 48.836367879044424 30.950000762939453 AB 11.647949312236891 1.0226469984404645
60428.9961 lsst_hardware_r 1265.416684232714 41.290815478326465 31.489999771118164 AB 11.537181486728622 1.0135894124074762
60431.9735 lsst_hardware_y 437.6536552582414 50.28417603379437 30.059999465942383 AB 13.445860940290677 1.0195913509225158
60431.99 lsst_hardware_z 1034.6742991104366 49.69524328638857 30.959999084472656 AB 13.374408997382725 1.0132895671931756
60446.9639 lsst_hardware_y 968.5816140607061 89.67251068962275 30.81999969482422 AB 7.567389856051437 1.0153027534952592
60665.3288 lsst_hardware_z -16.361847677649966 49.38999938964844 30.979999542236328 AB 6.11081863465119 1.0239879296181404
60665.3469 lsst_hardware_y -3.940759663897095 52.630001068115234 30.06999969482422 AB 6.671053449685016 1.014043390203374
60668.3282 lsst_hardware_r -20.612826108245322 27.799999237060547 31.559999465942383 AB 6.80918644589553 1.0184753122444485
60668.3489 lsst_hardware_y 19.94974298458235 52.47999954223633 30.06999969482422 AB 6.56776209853688 1.013230808166751
60670.3392 lsst_hardware_z 35.37774194074309 60.72999954223633 31.709999084472656 AB 6.561350775058973 1.0131534768602373
60672.3112 lsst_hardware_g 6.970452482238743 13.75 31.440000534057617 AB 7.120091522706511 1.0227322576964961
60672.3342 lsst_hardware_y 75.24463703104381 46.88999938964844 30.059999465942383 AB 6.9396216713047725 1.0131327565289643
60674.3161 lsst_hardware_i 24.81549005683212 29.989999771118164 31.260000228881836 AB 5.088320138174098 1.0162243764348704
60674.3363 lsst_hardware_y 34.88729213652723 46.81999969482422 30.059999465942383 AB 5.962474840220381 1.0137964475550052
60676.3214 lsst_hardware_i 0.011619667426948579 29.93000030517578 31.25 AB 7.205319615337724 1.0132582034889024
60676.342 lsst_hardware_y 1.4333230990695789 47.220001220703125 30.049999237060547 AB 7.2764015589077005 1.0182282405477223
60678.3046 lsst_hardware_u -0.35312136560184176 2.6700000762939453 28.459999084472656 AB 4.72236778646697 1.016492016674806
60678.3246 lsst_hardware_g -16.145567490108657 13.479999542236328 31.420000076293945 AB 4.705402110108782 1.0136401637430301
60680.2998 lsst_hardware_r 13.716591526918334 22.1200008392334 31.489999771118164 AB 10.312429264875087 1.0161864308701154
60680.3222 lsst_hardware_i -16.566987767386482 29.899999618530273 31.25 AB 10.170869854510032 1.0143651057505725
60682.303 lsst_hardware_z -44.41095030851055 40.459999084472656 30.950000762939453 AB 8.470427663499144 1.0135222403452993
60682.3241 lsst_hardware_u 1.4328496375325304 2.680000066757202 28.459999084472656 AB 8.49020331413105 1.0173797184954623
60684.2864 lsst_hardware_g 18.18271827632687 13.569999694824219 31.43000030517578 AB 8.093132036487537 1.0174068098165703
60684.3079 lsst_hardware_r -5.745358282083233 22.229999542236328 31.510000228881836 AB 7.621285018273397 1.0135810730276047
60686.2871 lsst_hardware_i 9.046543459537087 40.619998931884766 31.299999237060547 AB 6.216186045032833 1.0147494564058497
60686.3092 lsst_hardware_z 69.37639057671207 40.529998779296875 30.950000762939453 AB 7.514884879358363 1.0155249836970761
60688.2586 lsst_hardware_i -55.86947289760146 68.38999938964844 31.329999923706055 AB 4.651593725181435 1.0312811717506782
60688.2773 lsst_hardware_z -105.07249643320326 61.15999984741211 30.989999771118164 AB 4.699227817250237 1.0164888205170315
60692.2417 lsst_hardware_r -15.815160836437723 80.98999786376953 31.65999984741211 AB 3.325595782153873 1.0385995571998354
60692.2608 lsst_hardware_i -167.85329443233803 64.76000213623047 31.329999923706055 AB 2.162931657851782 1.0196495735305828
60694.2527 lsst_hardware_z 8.919146633814039 72.54000091552734 31.719999313354492 AB 6.511113897817813 1.0215114367458131
60695.2454 lsst_hardware_z -64.80871601697916 47.09000015258789 30.959999084472656 AB 10.213691812591986 1.0252994959938415
60695.2633 lsst_hardware_r 23.489485761268988 47.130001068115234 31.6299991607666 AB 11.989317593532602 1.0145034807488011
60697.2245 lsst_hardware_i -67.54202991837161 33.689998626708984 31.260000228881836 AB 9.913859434102491 1.043564150958157
60697.2442 lsst_hardware_z -18.909859861974535 42.279998779296875 30.950000762939453 AB 9.706573405325946 1.0217445689816784
60699.1254 lsst_hardware_i -26.770267280793203 47.04999923706055 31.950000762939453 AB 19.96417364716731 1.4124928291472556
60699.1508 lsst_hardware_u -0.0846741494200398 3.680000066757202 29.049999237060547 AB 17.766506928103848 1.2524266462464821
60703.2191 lsst_hardware_i -59.70921856727181 30.260000228881836 31.260000228881836 AB 10.327818994143458 1.0296928209514966
60703.2365 lsst_hardware_r -7.8943553283439325 22.440000534057617 31.510000228881836 AB 10.235620047004058 1.016413231637886
60705.2209 lsst_hardware_u 5.927297506548865 2.7899999618530273 28.540000915527344 AB 12.566185818869489 1.022888548544525
60705.2387 lsst_hardware_g -9.930724989032882 13.859999656677246 31.450000762939453 AB 12.449825711732169 1.0138019362991413
60707.2064 lsst_hardware_r -24.24249360772405 22.549999237060547 31.510000228881836 AB 11.849437335605126 1.031641766986342
60707.2228 lsst_hardware_i 37.557795903179304 30.139999389648438 31.260000228881836 AB 12.68782596722957 1.0178421072083086
60711.2079 lsst_hardware_u 4.985380449376286 2.819999933242798 28.559999465942383 AB 6.944437231557144 1.0203404689328512
60711.226 lsst_hardware_g 33.78102354165522 14.029999732971191 31.459999084472656 AB 5.418108237087723 1.013235551132226
60713.1862 lsst_hardware_g 7.087627802775095 26.75 31.639999389648438 AB 5.196071251462324 1.0362092434863543
60713.2047 lsst_hardware_r -35.80742060610585 30.34000015258789 31.579999923706055 AB 5.0137827892572435 1.0188544582924857
60716.1905 lsst_hardware_z -21.084589110002323 81.05999755859375 31.739999771118164 AB 3.286643320541012 1.0231857999920133
60718.1871 lsst_hardware_i 121.83761168447667 85.70999908447266 31.350000381469727 AB 6.079990866694943 1.021561052931102
60718.2037 lsst_hardware_z 164.14342485637334 72.87999725341797 31.0 AB 6.059545651093694 1.013697482478182
60720.1675 lsst_hardware_z 37.9006883959004 74.77999877929688 31.0 AB 1.2476597647220065 1.0356887919662479
60720.1844 lsst_hardware_r -178.3922030915535 106.76000213623047 31.670000076293945 AB 1.2996652673319766 1.0196118729068855
60727.1639 lsst_hardware_r -7.937466262721288 24.889999389648438 31.540000915527344 AB 5.238862563951075 1.0205576423281315
60727.1812 lsst_hardware_y -35.50909615585957 46.810001373291016 30.059999465942383 AB 6.15867405032694 1.0133564870961647
60729.1484 lsst_hardware_g -15.657024168053589 14.130000114440918 31.440000534057617 AB 8.304278791824677 1.0293816098205308
60729.1654 lsst_hardware_r 41.34500992666948 22.790000915527344 31.510000228881836 AB 8.06307229845547 1.0164604221185591
60733.1486 lsst_hardware_r -20.241391355662586 22.920000076293945 31.510000228881836 AB 7.9461207524292226 1.0198120771879517
60733.1673 lsst_hardware_u 2.074385220609677 2.7100000381469727 28.459999084472656 AB 6.722657075887589 1.0131349673555254
