data/validation/pwv_sim_epoch_fit_4/30066145.ecsv
# %ECSV 0.9
# ---
# datatype:
# - {name: time, datatype: float64}
# - {name: band, datatype: string}
# - {name: flux, datatype: float64}
# - {name: fluxerr, datatype: float64}
# - {name: zp, datatype: float64}
# - {name: zpsys, datatype: string}
# - {name: pwv, datatype: float64}
# - {name: airmass, datatype: float64}
# meta: {SNID: '30066145', alt: 1024.0, c: 0.03293004631996155, dec: -12.177298, lat: -30.244573, lon: -70.7499537, ra: 321.328125, t0: 61310.01953125,
#   x0: 8.073132359401756e-06, x1: -1.4368503093719482, z: 0.5034545660018921}
# schema: astropy-2.0
time band flux fluxerr zp zpsys pwv airmass
61179.4209 lsst_hardware_z 21.222952326504597 43.709999084472656 30.959999084472656 AB 9.341398834444417 1.054631536488221
61181.3777 lsst_hardware_r -1.0481408402301482 25.670000076293945 31.520000457763672 AB 7.840508225218525 1.0974187452192408
61186.3974 lsst_hardware_g 12.933990839558723 16.09000015258789 31.479999542236328 AB 5.873637270177443 1.0567263454592102
61186.4185 lsst_hardware_y -48.43254833267969 48.060001373291016 30.040000915527344 AB 5.320317775788096 1.0532501865754447
61188.3998 lsst_hardware_i -30.932045655522185 32.2400016784668 31.260000228881836 AB 9.813619395467416 1.0534909534961086
61188.4202 lsst_hardware_y -65.0926093699361 48.0 30.049999237060547 AB 9.283053653753921 1.0558423188005028
61195.3386 lsst_hardware_z 28.834693244566086 100.44999694824219 31.729999542236328 AB 13.285723252066461 1.0991291211637195
61197.3895 lsst_hardware_r -217.0002861416674 82.37999725341797 31.649999618530273 AB 4.685303343296429 1.0535084717350687
61197.4142 lsst_hardware_i 14.721146662107474 71.0999984741211 31.329999923706055 AB 4.769389764984893 1.0716927042884186
61218.2808 lsst_hardware_i -37.86929651798738 55.08000183105469 31.309999465942383 AB 7.8302318966968985 1.0899037577177513
61218.3042 lsst_hardware_z -8.290366933031263 53.290000915527344 30.969999313354492 AB 7.262273223595191 1.060650390476879
61219.3269 lsst_hardware_z 115.02689202764427 60.279998779296875 30.979999542236328 AB 5.69194071438447 1.0529581391844096
61219.3457 lsst_hardware_r 23.685412104717738 82.05999755859375 31.649999618530273 AB 5.373696917247004 1.062835624455532
61221.3109 lsst_hardware_z -14.29337655824103 77.41000366210938 30.989999771118164 AB 3.7565402889523383 1.0532109873000177
61221.3302 lsst_hardware_r 12.105577327143017 115.80999755859375 31.65999984741211 AB 3.7228337338049595 1.0558983858200268
61224.3038 lsst_hardware_i 0.07019224106155685 100.5999984741211 31.34000015258789 AB 6.759518999470925 1.0529939245203435
61224.3229 lsst_hardware_z -72.93915648134319 86.63999938964844 31.0 AB 6.796966779533146 1.0563591327047488
61226.3028 lsst_hardware_r -77.16312258566576 76.16999816894531 31.649999618530273 AB 4.655755409337818 1.0525643835048109
61226.3209 lsst_hardware_z -41.958867779088685 61.58000183105469 30.979999542236328 AB 4.695472062795648 1.0584326994185738
61232.2919 lsst_hardware_g 24.861044540682396 15.350000381469727 31.469999313354492 AB 8.966721748351022 1.0530501172461757
61232.3104 lsst_hardware_r -9.960605092208677 24.25 31.510000228881836 AB 9.090323689657806 1.0630092603236825
61234.292 lsst_hardware_i -66.13594256971865 31.639999389648438 31.260000228881836 AB 6.433582979689067 1.054685734375257
61234.3105 lsst_hardware_z -41.6059517594882 42.18000030517578 30.950000762939453 AB 6.518309353857345 1.0685753039110402
61236.2664 lsst_hardware_z 12.1388813541785 41.88999938964844 30.950000762939453 AB 5.605336542848171 1.0542291786436282
61236.2854 lsst_hardware_r -27.654364326459532 24.25 31.510000228881836 AB 5.6386930065358785 1.0542568956783918
61239.2585 lsst_hardware_u -2.3328939325759355 2.819999933242798 28.469999313354492 AB 1.9907220007470903 1.0541286739460367
61239.2785 lsst_hardware_r -31.155706282656062 24.40999984741211 31.510000228881836 AB 1.9922413991481838 1.0547470568154154
61243.249 lsst_hardware_i 17.718709777875905 31.670000076293945 31.25 AB 5.318195069671976 1.053681721664729
61243.2697 lsst_hardware_z 47.46848723496007 41.959999084472656 30.950000762939453 AB 5.175864517075682 1.0556884489395277
61247.2408 lsst_hardware_y 73.32873982672452 51.540000915527344 30.049999237060547 AB 10.564144036075893 1.0530359133854776
61247.2614 lsst_hardware_r -96.44587143276927 70.1500015258789 31.639999389648438 AB 11.07967335814059 1.057086250935688
61250.2161 lsst_hardware_r -26.433275325545324 152.67999267578125 31.65999984741211 AB 4.354095687295461 1.0612411798258425
61250.2389 lsst_hardware_i -94.70326109343698 121.9800033569336 31.34000015258789 AB 4.371782684092359 1.0525961518681444
61252.2176 lsst_hardware_z 88.88876869107332 103.66999816894531 31.0 AB 3.3808832689445563 1.0565260215451737
61252.2367 lsst_hardware_r -212.23306914961253 154.77999877929688 31.65999984741211 AB 3.36942994393932 1.0529468574810374
61254.2193 lsst_hardware_z 61.91043433074621 65.25 30.979999542236328 AB 1.8798667990759745 1.0535893507501608
61254.2396 lsst_hardware_r 108.29867589808896 86.31999969482422 31.649999618530273 AB 1.8872519891130373 1.0556576641662125
61257.1975 lsst_hardware_i 1.4882755724749477 50.650001525878906 32.02000045776367 AB 1.8005848252562926 1.0608315938273523
61257.2183 lsst_hardware_z -47.7556441699215 62.880001068115234 31.700000762939453 AB 1.139273312134556 1.0525680213738824
61259.1995 lsst_hardware_r 35.33758740333546 24.799999237060547 31.510000228881836 AB 2.9807209150779084 1.055994655790473
61259.2176 lsst_hardware_u -1.0717506895652877 2.819999933242798 28.459999084472656 AB 3.330830685890607 1.052949637267842
61262.2101 lsst_hardware_g -11.638958660897453 15.779999732971191 31.459999084472656 AB 4.772538547018997 1.0530755840730355
61262.2297 lsst_hardware_r -11.148417629272643 24.860000610351562 31.520000457763672 AB 4.967842142376181 1.0641195549697293
61265.1715 lsst_hardware_r -23.91533977930725 35.27000045776367 32.27000045776367 AB 3.203484069054328 1.0644572417525595
61265.1923 lsst_hardware_i -65.32501180348207 45.27000045776367 32.0099983215332 AB 3.1893103117888706 1.0529251607094323
61267.1672 lsst_hardware_z -5.910365386020936 42.33000183105469 30.950000762939453 AB 3.7404308399355166 1.0633776375084767
61267.1869 lsst_hardware_r 12.94936880706359 24.850000381469727 31.520000457763672 AB 3.70977171923104 1.0529153413143917
61269.1719 lsst_hardware_u -2.917696614628318 2.9600000381469727 28.559999465942383 AB 4.652681760096952 1.056147493968739
61269.1907 lsst_hardware_r -2.637670499271454 24.90999984741211 31.530000686645508 AB 4.648387846634854 1.0530214860609048
61273.1641 lsst_hardware_i -39.817562356715236 38.599998474121094 31.280000686645508 AB 1.8833694881438388 1.0547150390949256
61273.1858 lsst_hardware_z 20.388762599162593 45.29999923706055 30.950000762939453 AB 1.8021325883499855 1.0548039732806471
61277.1598 lsst_hardware_y 18.570037312513836 59.40999984741211 30.059999465942383 AB 3.7700273122883217 1.05288418701033
61277.178 lsst_hardware_r 71.42739016729861 103.81999969482422 31.65999984741211 AB 4.093723373960524 1.056263018997184
61279.1195 lsst_hardware_r 43.43874087839617 165.80999755859375 31.65999984741211 AB 1.586398960768617 1.0813898846411842
61279.1373 lsst_hardware_i 225.29227294423958 132.8699951171875 31.34000015258789 AB 2.099420682478614 1.0609386081758345
61285.1192 lsst_hardware_z -93.27197442706586 42.118261802508535 30.950000762939453 AB 3.1079436149868065 1.0623632250852184
61285.1374 lsst_hardware_r -27.06523915864842 29.401231564275697 31.559999465942383 AB 3.24017990667714 1.0529751091405968
61287.1254 lsst_hardware_u -7.596406540329256 3.11720032432685 28.459999084472656 AB 1.4768734858671988 1.0549096327622849
61287.1441 lsst_hardware_r -45.42412958867786 24.61999978325191 31.520000457763672 AB 1.4750552241017572 1.053610874358398
61298.0846 lsst_hardware_g 517.8770140063101 27.136199797534356 31.479999542236328 AB 1.0904462481074144 1.061605953049782
61298.1028 lsst_hardware_i 1016.4167851288178 45.417763615119654 31.260000228881836 AB 1.1067044161037967 1.0528343898246533
61300.0869 lsst_hardware_z 1038.816551534915 53.676282155909895 30.950000762939453 AB 1.3239405660546417 1.0563355580214484
61300.1051 lsst_hardware_r 2097.6679048766396 52.22440109163441 31.540000915527344 AB 1.1756976713687943 1.0528635863004128
61304.0711 lsst_hardware_z 1424.9363978647123 67.44533097368024 30.979999542236328 AB 4.133432968004649 1.0593792446990835
61304.0926 lsst_hardware_r 3013.4865703535793 84.09462742479955 31.639999389648438 AB 4.021223817038697 1.0526763918949469
61306.063 lsst_hardware_i 2203.962212767089 105.01469731673748 31.34000015258789 AB 1.4716381826373102 1.0614051082852722
61306.0822 lsst_hardware_z 1567.024660900116 91.68273142574881 31.0 AB 1.4677985002378777 1.0526883817149495
61310.0585 lsst_hardware_z 1971.338676262151 80.0018544113886 30.989999771118164 AB 2.9594306646498154 1.0569395230892198
61310.0787 lsst_hardware_i 2358.3915741668325 91.83127293284083 31.329999923706055 AB 2.9484341658202466 1.0530122020786596
61316.0343 lsst_hardware_g 482.11718346291417 27.4670426390067 31.459999084472656 AB 2.131101148906045 1.0625841935792806
61316.0518 lsst_hardware_r 2424.0403210188733 55.048541167424304 31.520000457763672 AB 3.0620561095994447 1.053157733310438
61318.0353 lsst_hardware_i 1955.497501996164 54.25548735188172 31.260000228881836 AB 2.9413410559118565 1.0577509865725174
61318.055 lsst_hardware_z 1618.197785764996 57.77803186508117 30.959999084472656 AB 2.9483714237457668 1.052739142018168
61320.035 lsst_hardware_r 1940.8502068380797 50.38079389015708 31.510000228881836 AB 4.113222927422242 1.05503324061788
61320.0542 lsst_hardware_u -5.307675298337666 3.1881185958208227 28.5 AB 4.911674519100464 1.0536682439338236
61322.0285 lsst_hardware_g 293.2221258305784 22.912517805032532 31.469999313354492 AB 4.1512781266188155 1.0554991422880284
61322.0448 lsst_hardware_i 1643.86965048361 52.227583100794504 31.260000228881836 AB 3.5796208526043864 1.0528296625307019
61324.0294 lsst_hardware_z 1144.6953390493031 54.25068188773278 30.959999084472656 AB 3.665411064105493 1.0532790414094992
61324.0469 lsst_hardware_r 1445.211123359384 45.34801357882375 31.520000457763672 AB 3.209861425916035 1.054950074249354
61327.0036 lsst_hardware_y 428.50875125982327 52.05576378263818 30.049999237060547 AB 7.662364106265122 1.0631712930009605
61327.0217 lsst_hardware_u 5.742768927918177 3.1909773094025717 28.559999465942383 AB 7.713594980525814 1.0531703238855754
61329.0037 lsst_hardware_z 1018.9520045022541 53.373729037022095 30.959999084472656 AB 8.278987509957206 1.0587730342148975
61329.0224 lsst_hardware_r 923.8187047150512 40.76936613420821 31.540000915527344 AB 8.22102370512946 1.0525717200485838
61331.0051 lsst_hardware_y 373.1978340282864 53.625098103553086 30.040000915527344 AB 5.552682140191609 1.0549744408217119
61331.0231 lsst_hardware_z 828.0569199828025 54.1384860234974 30.959999084472656 AB 5.5329003411662505 1.0533841677612628
61332.9971 lsst_hardware_y 394.987526693586 72.03449426951111 30.06999969482422 AB 2.3953105653854987 1.056172213287986
61333.0146 lsst_hardware_z 1077.4557407819325 66.69956574491297 30.989999771118164 AB 3.1455233041918746 1.0528067288734886
61335.9988 lsst_hardware_y 421.0649802099938 75.43116862675342 30.06999969482422 AB 4.010721713584726 1.0528670931706776
61336.0162 lsst_hardware_i 904.1791988405708 79.61965636465771 31.329999923706055 AB 4.179522457165782 1.0559015871068735
61543.4095 lsst_hardware_g 9.6962413218041 16.68000030517578 31.5 AB 8.503271875010745 1.0646834568043504
61543.4344 lsst_hardware_y 115.33755689577309 71.45999908447266 30.059999465942383 AB 8.648032055494204 1.0525842326550883
61551.3924 lsst_hardware_r 154.90805217490492 81.37000274658203 31.649999618530273 AB 5.896389781987064 1.0605653424042527
61551.4185 lsst_hardware_y 34.19264816818286 55.779998779296875 30.059999465942383 AB 5.3197142903000705 1.0531307160419832
61553.405 lsst_hardware_r 93.25977117977567 51.16999816894531 31.6299991607666 AB 9.894057944952257 1.0527086762255913
61553.425 lsst_hardware_y 123.35341269615043 52.060001373291016 30.049999237060547 AB 9.312400654248538 1.0582273470736974
61557.3246 lsst_hardware_r -9.686625546997185 25.18000030517578 31.5 AB 7.922643364063531 1.1568717494373615
61557.3457 lsst_hardware_u -1.0522240686465747 2.8299999237060547 28.440000534057617 AB 7.372213478576608 1.1027443376411046
61560.3948 lsst_hardware_g 5.228796142407158 15.600000381469727 31.450000762939453 AB 12.28438304402141 1.0533233049536184
61560.4173 lsst_hardware_r -13.458635807882805 24.770000457763672 31.510000228881836 AB 11.917724399315876 1.0681835976800105
61571.3166 lsst_hardware_z -45.99701640027436 48.029998779296875 30.959999084472656 AB 12.706035581912877 1.0859859471720408
61571.3398 lsst_hardware_r 18.36452735753684 39.27000045776367 31.600000381469727 AB 11.926961518787655 1.0590917301236507
61573.3187 lsst_hardware_z -14.008578651841047 57.209999084472656 30.979999542236328 AB 4.082095608296064 1.0748249544607666
61573.3423 lsst_hardware_r 84.84883204723623 74.56999969482422 31.649999618530273 AB 3.525930002946266 1.0547203119791078
61575.3165 lsst_hardware_i -78.55972145242191 81.0999984741211 31.329999923706055 AB 3.261751984115338 1.0707433677850924
61575.3422 lsst_hardware_z 69.55432321700889 69.81999969482422 30.989999771118164 AB 2.730739084575854 1.0531195852587174
61579.3002 lsst_hardware_y 37.26772169517143 61.40999984741211 30.049999237060547 AB 2.8376205900106855 1.0777138587203514
61579.3241 lsst_hardware_r 147.39233371988058 107.3499984741211 31.65999984741211 AB 2.7773986789949276 1.0555100122859689
61581.3159 lsst_hardware_i -77.16935839885426 56.650001525878906 31.31999969482422 AB 4.251599364764383 1.0569325760222896
61581.339 lsst_hardware_z 60.89485204408562 56.040000915527344 30.979999542236328 AB 3.8112613500051506 1.053732142940837
61584.1788 lsst_hardware_u 3.550751809902559 3.490000009536743 28.81999969482422 AB 9.390930780336321 1.6004540328926298
61584.21 lsst_hardware_r -39.40242468741377 35.4900016784668 32.209999084472656 AB 8.186139163455241 1.3424301678345756
61586.2879 lsst_hardware_i -18.94576577842381 31.719999313354492 31.25 AB 3.724172628425005 1.0690893148916176
61586.3129 lsst_hardware_z -31.217806868334286 41.86000061035156 30.950000762939453 AB 3.7375760659778865 1.052986636421482
61588.3125 lsst_hardware_r -30.6503765173553 24.25 31.520000457763672 AB 8.315505973177629 1.0525956928072948
61588.3265 lsst_hardware_u -1.4508116610868078 2.819999933242798 28.479999542236328 AB 8.256844111718678 1.0564816264927668
61595.281 lsst_hardware_i -39.65956729604934 31.56999969482422 31.260000228881836 AB 2.216020189915859 1.0552477094837422
61595.3017 lsst_hardware_z 25.213946739373128 41.869998931884766 30.950000762939453 AB 1.8448869666841194 1.054020358037076
61597.175 lsst_hardware_r 41.53661391126397 34.099998474121094 31.510000228881836 AB 10.447038822035962 1.3393639515430722
61597.1969 lsst_hardware_g -2.1164321322455955 23.450000762939453 31.530000686645508 AB 9.563577691414128 1.225261918100546
61599.2727 lsst_hardware_z 18.0275277952737 45.599998474121094 30.959999084472656 AB 6.554901907522651 1.0542099725289062
61599.293 lsst_hardware_r 1.7573657824554232 34.52000045776367 31.579999923706055 AB 6.4345113652796995 1.054837928734377
61606.2388 lsst_hardware_i -325.8424282642433 182.39999389648438 32.09000015258789 AB 3.106082934467717 1.063484227733754
61606.2609 lsst_hardware_z -263.92411479724893 152.02000427246094 31.75 AB 2.99432165182801 1.052670645747235
61609.2171 lsst_hardware_r 51.465336244479445 78.01000213623047 31.639999389648438 AB 5.274903169227174 1.0794297169340124
61609.2373 lsst_hardware_z -54.998661142985156 61.15999984741211 30.979999542236328 AB 5.163058178031866 1.0582567235401632
61610.2635 lsst_hardware_y -41.31084411368167 50.52000045776367 30.049999237060547 AB 6.237357108253292 1.0550630839141764
61610.2835 lsst_hardware_r 140.9990443003906 58.0 31.6299991607666 AB 6.333056144728626 1.071311197619661
61616.2252 lsst_hardware_r -26.89962925418154 24.760000228881836 31.520000457763672 AB 4.74575413531003 1.0546120300688955
61616.2433 lsst_hardware_i -28.93413211267158 31.860000610351562 31.260000228881836 AB 4.741640974276052 1.0536979942835671
61618.2167 lsst_hardware_z -56.13336318653996 42.25 30.950000762939453 AB 4.700099454742521 1.055964829194006
61618.2371 lsst_hardware_r 13.360691314763656 24.760000228881836 31.520000457763672 AB 4.713520388315862 1.0534968273382443
