data/validation/pwv_sim_epoch_fit_4/30106852.ecsv
# %ECSV 0.9
# ---
# datatype:
# - {name: time, datatype: float64}
# - {name: band, datatype: string}
# - {name: flux, datatype: float64}
# - {name: fluxerr, datatype: float64}
# - {name: zp, datatype: float64}
# - {name: zpsys, datatype: string}
# - {name: pwv, datatype: float64}
# - {name: airmass, datatype: float64}
# meta: {SNID: '30106852', alt: 1024.0, c: -0.09794227033853531, dec: -11.567418, lat: -30.244573, lon: -70.7499537, ra: 332.226562, t0: 59872.57421875,
#   x0: 7.572475457369781e-06, x1: -0.17542482912540436, z: 0.5163701176643372}
# schema: astropy-2.0
time band flux fluxerr zp zpsys pwv airmass
59843.1009 lsst_hardware_i -28.122687528550152 31.781195591511466 31.25 AB 4.103619236123279 1.0633892811932106
59843.12 lsst_hardware_z -67.89196903195449 42.053477444955654 30.950000762939453 AB 3.8195415096859615 1.0562891343161707
59845.096 lsst_hardware_i -3.944633337326031 31.927480534549414 31.260000228881836 AB 1.3818772383633084 1.0629824910486987
59845.1157 lsst_hardware_u 0.6739121820524262 2.9206900706469496 28.520000457763672 AB 1.3731910004739039 1.0563007695953106
59849.0723 lsst_hardware_u -2.827048641825034 2.839795654245209 28.360000610351562 AB 3.01088264430046 1.0753152301073072
59849.0914 lsst_hardware_g -3.611430530482883 15.4079537536237 31.440000534057617 AB 3.536080866553498 1.0592354068557657
59854.0771 lsst_hardware_z 561.5858904077096 65.47006922628518 31.700000762939453 AB 5.152850945395812 1.0595488501302242
59857.0675 lsst_hardware_z 518.7640353470999 65.67136449013044 30.989999771118164 AB 2.969507402750547 1.060285909099141
59857.087 lsst_hardware_r 1273.2002275861767 83.21163543507004 31.649999618530273 AB 3.7324058100091237 1.0567400368087394
59859.0625 lsst_hardware_i 938.517128807518 101.23450392570207 31.34000015258789 AB 4.240144229627638 1.0600360574069094
59859.0805 lsst_hardware_z 640.2493003955376 87.74033800867932 31.0 AB 4.428342022310762 1.05656833219393
59861.0624 lsst_hardware_i 1290.9259141790012 98.56066625157503 31.34000015258789 AB 3.357223918802609 1.0577265024574614
59861.0809 lsst_hardware_z 842.1556738327367 84.10953285033366 31.0 AB 3.6249369450224225 1.058066825750086
59863.0382 lsst_hardware_u 77.5424393177387 18.050706921075307 29.43000030517578 AB 3.6900732328969217 1.0706208606082626
59863.0574 lsst_hardware_g 1406.3345740739387 94.17027552269128 31.729999542236328 AB 3.266507368260604 1.0575784701898538
59868.0386 lsst_hardware_z 1397.3740364761961 55.36480373492024 30.950000762939453 AB 8.267747437294814 1.0596845847534073
59868.0567 lsst_hardware_u 10.603148408983863 3.7577054904738763 28.479999542236328 AB 8.66275739559263 1.0566915583792469
59870.033 lsst_hardware_g 1172.1585884093447 37.7794066276268 31.469999313354492 AB 5.603102591060131 1.0597552421385363
59870.0504 lsst_hardware_r 2850.8200362339244 58.201787361099804 31.520000457763672 AB 6.195657147501634 1.0565581765859284
59872.0316 lsst_hardware_i 1998.3049765006765 54.35040104031297 31.260000228881836 AB 3.1660299564398717 1.0579882895371333
59872.0494 lsst_hardware_z 1473.1424480799437 56.6798149576228 30.950000762939453 AB 3.062018610045099 1.0575703235246716
59874.0306 lsst_hardware_i 1891.3517103280292 54.24067366870469 31.260000228881836 AB 4.3889240274748635 1.0567656874211593
59874.0484 lsst_hardware_u 2.673212142679161 3.3932377470494424 28.510000228881836 AB 4.178540203358607 1.059333300382403
59876.0076 lsst_hardware_y 536.3036944842873 54.019135545814684 30.040000915527344 AB 3.0464395556203567 1.0659340642477346
59876.0245 lsst_hardware_g 814.7079227797848 33.423676001457984 31.459999084472656 AB 3.0311731457168927 1.0568944022723923
59878.0099 lsst_hardware_y 429.7741718594281 53.48131198917497 30.049999237060547 AB 4.098109149220721 1.0604271652970059
59878.0274 lsst_hardware_i 1895.8575963491553 53.50530095419961 31.260000228881836 AB 4.078032600326557 1.0564167088469805
59880.0013 lsst_hardware_z 1389.029334864153 71.80610642958752 30.989999771118164 AB 3.802590367769997 1.062373915376233
59880.0192 lsst_hardware_u -2.9859156574038166 3.2734458139779763 28.649999618530273 AB 3.748752685015545 1.0562842166851352
59882.0031 lsst_hardware_y 403.8365337640524 70.56066043483798 30.06999969482422 AB 4.839461069336597 1.0584419201348563
59882.0198 lsst_hardware_r 2128.581858075452 53.81130313248512 31.559999465942383 AB 4.82235770065558 1.0569551124724559
59884.0056 lsst_hardware_y 446.26911615831534 66.18000559947754 30.059999465942383 AB 4.412253680999565 1.0564265881600483
59884.0248 lsst_hardware_z 1264.72800274801 58.66157989926166 30.959999084472656 AB 4.435298738248004 1.0613724895101513
59886.0058 lsst_hardware_y 314.41138122437025 76.9373989223871 30.06999969482422 AB 2.9870008903428515 1.0564417072157566
59886.0244 lsst_hardware_z 1240.544440697903 73.99881558056208 30.989999771118164 AB 3.016821987642794 1.065011292413591
60100.4011 lsst_hardware_z 137.3167422933347 116.29000091552734 31.0 AB 4.877876635872081 1.0604079643200177
60100.4219 lsst_hardware_y 252.9970262936831 126.2699966430664 30.06999969482422 AB 4.650728469536126 1.0569837430763922
60111.361 lsst_hardware_g 35.742992110653134 133.6300048828125 32.470001220703125 AB 7.088729635774323 1.06798186603003
60111.3829 lsst_hardware_r -158.34605769706883 120.77999877929688 32.400001525878906 AB 7.395277715948598 1.056468245135514
60118.3685 lsst_hardware_i 98.20575487790285 94.22000122070312 31.34000015258789 AB 3.658725990389495 1.056366678328135
60118.3908 lsst_hardware_r 76.66144432335186 85.41999816894531 31.649999618530273 AB 3.5170696941573705 1.0672610021466291
60120.3596 lsst_hardware_z 157.00656216085545 116.36000061035156 31.0 AB 3.817248166428191 1.0563609066978366
60120.3824 lsst_hardware_u 15.531246154729052 32.040000915527344 29.5 AB 4.7322939244889 1.0647328601080621
60121.3506 lsst_hardware_g 70.15042600875475 94.5999984741211 31.719999313354492 AB 5.762804778210372 1.0574923897991322
60121.3695 lsst_hardware_r 74.3657751427684 85.27999877929688 31.649999618530273 AB 5.763529219531474 1.058564200966966
60123.3487 lsst_hardware_i 16.95370524621051 91.4000015258789 31.34000015258789 AB 5.328518785960367 1.0566692352308822
60123.3689 lsst_hardware_z -46.69914080403264 112.72000122070312 31.0 AB 5.325249269265276 1.0610179855081572
60125.3422 lsst_hardware_i 20.780911792058575 91.37999725341797 31.34000015258789 AB 3.713809864192828 1.0568610882734286
60125.3614 lsst_hardware_z 115.13835966465967 112.61000061035156 31.0 AB 3.8254581115156605 1.059879417671498
60128.3313 lsst_hardware_z -267.1062539880096 116.23999786376953 31.0 AB 6.7873665350165595 1.0575516570608707
60128.3528 lsst_hardware_r 6.17319790494699 85.23999786376953 31.649999618530273 AB 6.9691906965872805 1.0596709159671998
60130.2955 lsst_hardware_i 52.25909752776637 91.0999984741211 31.329999923706055 AB 4.860123666187521 1.084667447678927
60130.3142 lsst_hardware_r -3.758491343067508 83.5999984741211 31.649999618530273 AB 4.706261612168862 1.0636821363247138
60132.3576 lsst_hardware_z -234.26202400941466 164.22999572753906 31.75 AB 1.674334809548619 1.0723749847664794
60137.2851 lsst_hardware_i -95.9509716491592 93.98999786376953 31.34000015258789 AB 8.11575351014053 1.0731338386116858
60137.3077 lsst_hardware_z 120.25558724820068 116.4000015258789 31.010000228881836 AB 8.077138292516908 1.0572747151372008
60141.3237 lsst_hardware_g -0.8085111375628987 94.4800033569336 31.719999313354492 AB 3.028645261136095 1.0636778018506539
60141.3471 lsst_hardware_r -70.48352830309014 84.94999694824219 31.639999389648438 AB 1.5331887666970283 1.0922092728028696
60143.3005 lsst_hardware_i 38.65532181379683 91.27999877929688 31.34000015258789 AB 1.90150412075543 1.056391178197461
60143.3223 lsst_hardware_r 33.25543735292048 83.52999877929688 31.649999618530273 AB 1.9206770344886113 1.0670427969381173
60148.2947 lsst_hardware_r 114.73202177296409 85.29000091552734 31.649999618530273 AB 5.163925877782008 1.0581453934869727
60148.3168 lsst_hardware_i -201.33455790488043 93.83000183105469 31.329999923706055 AB 5.160199878109991 1.075770027228851
60151.2327 lsst_hardware_i 87.66589705399876 132.67999267578125 32.08000183105469 AB 10.996099391960726 1.0935498504415424
60151.2539 lsst_hardware_z -18.211826786608235 164.47000122070312 31.75 AB 11.171117250380387 1.066081936351354
60159.2003 lsst_hardware_z -40.23197566808224 115.91999816894531 31.0 AB 2.475567884721735 1.1144931388728818
60159.2229 lsst_hardware_r -83.51297519364687 85.16999816894531 31.649999618530273 AB 2.4034199248584307 1.0756765291026842
60161.25 lsst_hardware_i -3.0531467982671505 94.04000091552734 31.34000015258789 AB 0.21126515383912814 1.0563257691956407
60161.2698 lsst_hardware_r -92.90933099689362 85.23999786376953 31.649999618530273 AB 0.4567272071821046 1.0642187351816028
60163.2412 lsst_hardware_z -43.6939539395419 164.42999267578125 31.75 AB 3.3396200037352113 1.0564517331370942
60175.1354 lsst_hardware_i 29.97907953841804 131.77999877929688 32.06999969482422 AB 2.1726862503390736 1.1734735351547791
60175.1564 lsst_hardware_u -42.591600553632155 44.439998626708984 30.209999084472656 AB 2.09727170340662 1.1149769821406805
60177.2249 lsst_hardware_g -171.92162569587816 92.51000213623047 31.719999313354492 AB 1.5342601602238457 1.0633047601897863
60177.2458 lsst_hardware_r 80.66337599930232 83.3499984741211 31.639999389648438 AB 1.60417001772408 1.0872657561530055
60180.2065 lsst_hardware_i 30.747738704622723 91.31999969482422 31.34000015258789 AB 3.1553132907878862 1.0578537560264476
60180.2251 lsst_hardware_r 35.862093900793724 83.45999908447266 31.649999618530273 AB 2.745544459393869 1.0708051713704636
60182.16 lsst_hardware_z -85.42339193147536 164.10000610351562 31.75 AB 2.365339317558753 1.075806239035212
60184.1534 lsst_hardware_z -169.50095407390066 112.43000030517578 31.0 AB 4.201242320587583 1.0772416206634827
60184.171 lsst_hardware_r -5.713642123632502 83.55000305175781 31.649999618530273 AB 4.56170806248526 1.0608623401128512
60196.1237 lsst_hardware_z 98.28396935385032 116.11000061035156 31.0 AB 2.7657000498362696 1.0735024129264858
60196.142 lsst_hardware_u -6.473036851677 32.060001373291016 29.5 AB 3.518805142499675 1.0589242077940642
60199.1255 lsst_hardware_g 131.04585417180277 94.4800033569336 31.719999313354492 AB 3.702197040376516 1.0639261557228294
60199.1423 lsst_hardware_r -180.2664095856341 85.22000122070312 31.649999618530273 AB 3.6296813268837433 1.0565219988018464
60201.1252 lsst_hardware_i 3.3937235215496155 91.27999877929688 31.34000015258789 AB 1.794114308889668 1.0605079408243938
60201.1438 lsst_hardware_z -71.77953330741252 112.62000274658203 31.0 AB 1.7866660934679501 1.0565736803477583
60207.2352 lsst_hardware_u 4.122393701227882 48.4900016784668 30.399999618530273 AB 7.795069853873137 1.3398578830388985
60207.2588 lsst_hardware_g -122.48022928833699 149.2100067138672 32.709999084472656 AB 10.483203054154853 1.519304790457225
60209.1086 lsst_hardware_r 181.41036871188317 85.30999755859375 31.649999618530273 AB 3.487954162823447 1.0580780108670493
60209.1294 lsst_hardware_i -108.6990681938155 93.98999786376953 31.34000015258789 AB 3.5940942383124836 1.058643369164175
60215.0747 lsst_hardware_r -14.369803043579369 85.2300033569336 31.649999618530273 AB 4.813123252567914 1.0703361445242263
60215.0928 lsst_hardware_z 103.05325839515994 116.31999969482422 31.0 AB 4.838089845134864 1.057872089459346
60218.0741 lsst_hardware_r 180.78059973454486 82.05999755859375 31.649999618530273 AB 6.078982066978011 1.0635648335530048
60218.0947 lsst_hardware_i -47.90840033531086 89.01000213623047 31.329999923706055 AB 6.66091256313041 1.0563375635350154
60221.025 lsst_hardware_z 81.60881925220544 109.19000244140625 30.989999771118164 AB 2.7091322744999373 1.128805114374974
60221.037 lsst_hardware_i -39.819557699542834 88.70999908447266 31.329999923706055 AB 2.6947517811275623 1.1019977294688348
60223.0679 lsst_hardware_u 18.045847767131995 32.099998474121094 29.510000228881836 AB 4.006726139056238 1.059093212667463
60223.087 lsst_hardware_g -120.88611988530874 94.68000030517578 31.729999542236328 AB 3.6424927422418922 1.0572250606353513
60227.0631 lsst_hardware_z 93.07431374037535 112.66999816894531 31.0 AB 2.589122596629195 1.0570004476951194
60227.0831 lsst_hardware_u 30.924608243314818 31.139999389648438 29.510000228881836 AB 2.5957364127950933 1.0599890067903464
60229.0419 lsst_hardware_r -9.962753464419668 85.2699966430664 31.649999618530273 AB 5.672531708378822 1.065264170587572
60229.061 lsst_hardware_g -0.4426870557078986 94.73999786376953 31.729999542236328 AB 5.665222332441836 1.0564517170054706
60236.034 lsst_hardware_z -61.51452159771946 116.2699966430664 31.0 AB 4.300847045616992 1.0584095104262317
60236.0525 lsst_hardware_i -173.78216722770273 93.98999786376953 31.34000015258789 AB 4.017452484819059 1.0575026282756432
60238.0319 lsst_hardware_z -1.3543386622072844 112.66999816894531 31.0 AB 3.5017391639310103 1.057288394906706
60238.0493 lsst_hardware_g 77.33520801737356 92.73999786376953 31.729999542236328 AB 3.127464568632529 1.0582741117108585
60240.0078 lsst_hardware_y -154.78874168028236 121.9800033569336 30.06999969482422 AB 4.25201997231324 1.068951033200488
60240.0254 lsst_hardware_r -17.85272715052481 83.5999984741211 31.649999618530273 AB 4.17694867567736 1.0575892329857024
60242.0166 lsst_hardware_z 176.52238210292018 164.55999755859375 31.760000228881836 AB 3.820443346629909 1.0588322823122913
60244.0094 lsst_hardware_y 24.790426083843272 122.06999969482422 30.06999969482422 AB 4.550829708613456 1.0596467809562535
60244.0258 lsst_hardware_z 205.18827555774615 112.63999938964844 31.0 AB 4.539146440265637 1.0564958644449376
60246.0024 lsst_hardware_y -168.03373598092077 122.19999694824219 30.06999969482422 AB 3.3478838996260123 1.0604636995964563
60246.0188 lsst_hardware_i -86.42753645026173 91.33000183105469 31.34000015258789 AB 3.342328272515854 1.0563616537662108
60248.0037 lsst_hardware_y -10.631300063167945 126.31999969482422 30.06999969482422 AB 4.908854458038143 1.057543912972078
60248.0208 lsst_hardware_i -25.246880160544002 94.05999755859375 31.34000015258789 AB 4.956251254306685 1.057841364773851
