data/validation/pwv_sim_epoch_fit_4/30461276.ecsv
# %ECSV 0.9
# ---
# datatype:
# - {name: time, datatype: float64}
# - {name: band, datatype: string}
# - {name: flux, datatype: float64}
# - {name: fluxerr, datatype: float64}
# - {name: zp, datatype: float64}
# - {name: zpsys, datatype: string}
# - {name: pwv, datatype: float64}
# - {name: airmass, datatype: float64}
# meta: {SNID: '30461276', alt: 1024.0, c: 0.11315718293190002, dec: -33.868706, lat: -30.244573, lon: -70.7499537, ra: 126.738281, t0: 61837.3515625,
#   x0: 0.00021547023204656704, x1: 0.30093592405319214, z: 0.11875925213098526}
# schema: astropy-2.0
time band flux fluxerr zp zpsys pwv airmass
[from data line 132]
62124.1461 lsst_hardware_r 14.21058847155589 23.559999465942383 31.43000030517578 AB 4.469026653016814 1.4870731729530908
62124.1686 lsst_hardware_i -7.443405114644324 32.25 31.219999313354492 AB 4.933780076384313 1.3273851740154643
62126.1641 lsst_hardware_u -0.5494236979635301 2.609999895095825 28.309999465942383 AB 4.635342967621603 1.3216774131886906
62126.1858 lsst_hardware_g 41.38052396891856 13.239999771118164 31.360000610351562 AB 4.408594288407828 1.2117348418629363
62128.1626 lsst_hardware_r -11.460139061163064 25.530000686645508 31.459999084472656 AB 8.123714614190739 1.2989630019492706
62128.1846 lsst_hardware_i 13.305855010643027 31.389999389648438 31.219999313354492 AB 7.754525854928283 1.1939070612275875
62129.1674 lsst_hardware_z -55.514593702248185 45.400001525878906 30.93000030517578 AB 8.399592879684192 1.2591991524505641
62129.1885 lsst_hardware_r -43.7409890650507 22.309999465942383 31.459999084472656 AB 7.807380643509616 1.1682740319988452
62135.1371 lsst_hardware_i -55.09216082359187 65.05000305175781 31.270000457763672 AB 9.004729053341546 1.336261035554301
62135.1599 lsst_hardware_r -31.234836135235554 78.26000213623047 31.610000610351562 AB 8.195436077726717 1.2175206800708214
62137.1615 lsst_hardware_z -7.344570950829418 66.05000305175781 30.969999313354492 AB 8.2746101757448 1.187999160930832
62137.1836 lsst_hardware_r 96.71970314493997 92.4800033569336 31.639999389648438 AB 7.790637428951623 1.1132161711714352
62143.1678 lsst_hardware_g 16.46806554604576 19.06999969482422 31.520000457763672 AB 8.929142468541077 1.1115691646090868
62143.1898 lsst_hardware_i -33.2527748942559 34.33000183105469 31.270000457763672 AB 8.479595524786182 1.0596183098764365
62145.1319 lsst_hardware_r -10.475987124363018 22.549999237060547 31.459999084472656 AB 7.81185820115835 1.2206028439309922
62145.1496 lsst_hardware_z -31.007387380087057 42.189998626708984 30.940000534057617 AB 7.368154865294703 1.1512741977022973
62149.1359 lsst_hardware_g -2.593693695651903 13.220000267028809 31.360000610351562 AB 5.701676091556981 1.1610010367658279
62149.1545 lsst_hardware_r 25.712981617745974 22.309999465942383 31.489999771118164 AB 5.413970671833055 1.1030910089309405
62151.1304 lsst_hardware_i -3.6141998206752355 31.100000381469727 31.239999771118164 AB 6.405824311664576 1.1611415325817183
62151.1484 lsst_hardware_z -27.945178348830026 41.880001068115234 30.940000534057617 AB 6.1010686840206505 1.1048157334457243
62153.1319 lsst_hardware_r 41.28031573994199 22.209999084472656 31.469999313354492 AB 1.55383210461473 1.1375052010356734
62153.1497 lsst_hardware_u 1.5587132208295582 2.619999885559082 28.40999984741211 AB 1.4515740711822798 1.0874571640771231
62155.1317 lsst_hardware_g 8.686044801071985 13.260000228881836 31.389999389648438 AB 4.827999322458199 1.1212260386572688
62155.1479 lsst_hardware_i -4.872192168147436 30.299999237060547 31.25 AB 4.537618122906571 1.078844061556464
62157.1325 lsst_hardware_z 6.116182803346695 41.61000061035156 30.940000534057617 AB 13.13328751937279 1.1035139636488458
62157.151 lsst_hardware_r -49.11178561547994 21.84000015258789 31.479999542236328 AB 12.635333209850792 1.060737911308149
62159.1283 lsst_hardware_y -63.098888136875345 48.060001373291016 30.020000457763672 AB 8.401527121768025 1.1001563232345732
62159.1464 lsst_hardware_g 20.037357239304402 19.5 31.540000915527344 AB 8.286161753075785 1.0590697537162301
62161.1294 lsst_hardware_r 106.36709036197334 41.52000045776367 31.600000381469727 AB 8.458762455251906 1.083762005797809
62161.1477 lsst_hardware_i 8.368390013217136 39.529998779296875 31.299999237060547 AB 8.175090088843703 1.0468917057010096
62164.1231 lsst_hardware_z -16.776202316337326 56.619998931884766 30.979999542236328 AB 13.261316339622857 1.0793624042830692
62164.1413 lsst_hardware_r 28.76461235900597 72.94999694824219 31.649999618530273 AB 12.382455559535517 1.0439345402036462
62166.122 lsst_hardware_z 2.532871806894233 69.8499984741211 30.989999771118164 AB 13.418262375882662 1.069752514686367
62166.1408 lsst_hardware_r -181.29864029038333 102.11000061035156 31.65999984741211 AB 12.440522613800502 1.036314403287675
62168.1227 lsst_hardware_i -116.53144352413939 67.0199966430664 31.329999923706055 AB 8.055132026128728 1.057404602287889
62168.1418 lsst_hardware_z 68.17170653338694 60.83000183105469 30.989999771118164 AB 8.62012653504745 1.0276123901826846
62170.1301 lsst_hardware_r -37.94565376993099 51.25 31.639999389648438 AB 7.750957939873156 1.0359934871739553
62170.1503 lsst_hardware_z -15.480392606928717 48.90999984741211 30.979999542236328 AB 7.573277622237893 1.0133169589881794
62172.042 lsst_hardware_y 26.642390351954937 50.970001220703125 29.969999313354492 AB 7.828887811386505 1.301560733397604
62172.0607 lsst_hardware_r -7.3262502175123325 22.829999923706055 31.479999542236328 AB 7.221347931944821 1.2096060187512392
62174.0409 lsst_hardware_z -95.63272326724126 64.04000091552734 31.68000030517578 AB 6.1501882051879315 1.2778505490824201
62174.0604 lsst_hardware_g 18.45070134598725 19.020000457763672 32.119998931884766 AB 7.343519202038089 1.1883037625671644
62176.0386 lsst_hardware_y -13.552947938091426 51.290000915527344 29.979999542236328 AB 6.949162883098532 1.2615726867954975
62176.0575 lsst_hardware_i -7.588710728251217 31.31999969482422 31.229999542236328 AB 7.176711888052573 1.1783130289053043
62178.0367 lsst_hardware_y 15.405052546125047 50.91999816894531 29.979999542236328 AB 0.7184681636357451 1.2441007162523723
62178.0554 lsst_hardware_r 13.618821874594241 22.43000030517578 31.459999084472656 AB 1.1853818250920825 1.165758228249891
62182.034 lsst_hardware_y 54.44294732642082 49.349998474121094 29.989999771118164 AB 2.6114007982947864 1.2070260218603126
62182.0533 lsst_hardware_z 68.33164473496912 41.939998626708984 30.940000534057617 AB 1.9357913057808522 1.1356389963026265
62186.0307 lsst_hardware_z -34.42905639277298 44.43000030517578 30.940000534057617 AB 7.175177125088834 1.1763871119940157
62186.0507 lsst_hardware_r 8.3185382441559 23.149999618530273 31.5 AB 3.2358587697692403 1.1107066715455058
62188.028 lsst_hardware_y 104.86739512122907 49.77000045776367 30.010000228881836 AB 4.7171858084702665 1.1661048905432958
62188.0467 lsst_hardware_z -18.291704679377432 42.869998931884766 30.950000762939453 AB 3.6222670145188767 1.106655231280272
62192.0242 lsst_hardware_y 20.013840378675628 52.189998626708984 30.020000457763672 AB 10.71819373583249 1.1414476821972834
62192.0444 lsst_hardware_i 10.535326387565837 50.63999938964844 31.309999465942383 AB 9.728922064442878 1.084606696147478
62194.0233 lsst_hardware_y -85.57732769190402 56.290000915527344 30.030000686645508 AB 8.917610869463708 1.1269926219662834
62194.0433 lsst_hardware_r -11.73501651483888 87.22000122070312 31.649999618530273 AB 8.464185298513987 1.074612492669839
62199.0181 lsst_hardware_z -5.867258442222573 43.2599983215332 30.940000534057617 AB 4.150713820867704 1.102764537171219
62199.0383 lsst_hardware_i -52.883933892493516 29.920000076293945 31.239999771118164 AB 3.8315090320549525 1.0569437112861642
62200.0164 lsst_hardware_y -28.414933515649476 49.650001525878906 30.030000686645508 AB 12.4677082654796 1.100027198295359
62200.0363 lsst_hardware_r -27.86733986384897 21.860000610351562 31.479999542236328 AB 12.080041437967903 1.0555785947193348
62202.0149 lsst_hardware_y 51.62655830624632 49.13999938964844 30.020000457763672 AB 7.010666174855453 1.0899243926861444
62202.0354 lsst_hardware_r -49.53755229514065 21.809999465942383 31.469999313354492 AB 6.757852169068948 1.047485417200488
62204.0129 lsst_hardware_y -11.366184344760718 49.380001068115234 30.040000915527344 AB 11.734024933293375 1.0816264859928215
62204.0338 lsst_hardware_z 1.0812009195362773 40.630001068115234 30.940000534057617 AB 11.234560729756149 1.041201179773508
62206.0106 lsst_hardware_y 30.461876876784473 48.88999938964844 30.040000915527344 AB 8.652134986820458 1.0744656922471851
62206.0307 lsst_hardware_u -1.4714784145498863 2.6700000762939453 28.469999313354492 AB 8.376264796609249 1.0376081588003858
62211.0161 lsst_hardware_z -77.80100559840179 59.08000183105469 31.700000762939453 AB 8.514133228728792 1.0390269570917454
62213.002 lsst_hardware_y 51.72842128165399 51.56999969482422 30.049999237060547 AB 8.06680329751567 1.053382514692566
62213.0187 lsst_hardware_g 3.882651726714685 13.1899995803833 31.420000076293945 AB 7.891683995892228 1.0278976223890885
62215.9995 lsst_hardware_y 65.18885354460438 50.88999938964844 30.059999465942383 AB 4.221852349051557 1.0436352214201412
62216.0177 lsst_hardware_i 51.14628336980331 30.3799991607666 31.270000457763672 AB 3.7554948963270123 1.0197297994280705
