data/validation/pwv_sim_epoch_fit_4/30492893.ecsv
# %ECSV 0.9
# ---
# datatype:
# - {name: time, datatype: float64}
# - {name: band, datatype: string}
# - {name: flux, datatype: float64}
# - {name: fluxerr, datatype: float64}
# - {name: zp, datatype: float64}
# - {name: zpsys, datatype: string}
# - {name: pwv, datatype: float64}
# - {name: airmass, datatype: float64}
# meta: {SNID: '30492893', alt: 1024.0, c: -0.022836575284600258, dec: -30.345182, lat: -30.244573, lon: -70.7499537, ra: 351.738281,
#   t0: 63010.26953125, x0: 2.6369611785521573e-05, x1: 0.9700058102607727, z: 0.3045571744441986}
# schema: astropy-2.0
time band flux fluxerr zp zpsys pwv airmass
63013.3681 lsst_hardware_u 63.74560772755034 7.496424887407129 28.34000015258789 AB 4.886485940819777 1.2902180797799094
63013.3896 lsst_hardware_g 4972.401972780336 71.9472086649635 31.40999984741211 AB 5.891613756296393 1.187047550757382
63015.3479 lsst_hardware_r 6962.130377377725 87.55197182333887 31.450000762939453 AB 11.775875040940234 1.3826047442545721
63015.3678 lsst_hardware_i 5727.636261318273 81.69647820293923 31.229999542236328 AB 10.763824443886215 1.2623842426786285
63019.3605 lsst_hardware_z 3151.8167118859933 70.30986474494021 30.93000030517578 AB 10.919353401001306 1.2440872053095093
63019.3819 lsst_hardware_g 3715.247651050413 62.14041372982414 31.399999618530273 AB 8.843484170359652 1.1538992915396207
63020.351 lsst_hardware_r 6754.597371504681 99.42252705284758 31.579999923706055 AB 13.543545261769545 1.2791208986544298
63020.37 lsst_hardware_z 3061.4555233424467 73.26833976992312 30.950000762939453 AB 12.60234169264039 1.1890497256862924
63022.3612 lsst_hardware_r 6545.828135723703 114.79885187536547 31.610000610351562 AB 6.2616458127838035 1.2031022296599052
63022.3787 lsst_hardware_y 704.5411856948048 58.165214761361476 30.020000457763672 AB 5.228976339619422 1.1367339868737873
63031.3433 lsst_hardware_u 12.884567540576935 4.474015464865745 28.440000534057617 AB 14.004869357526028 1.1757188790501685
63031.3582 lsst_hardware_g 1559.8799118801724 43.2798856827545 31.489999771118164 AB 13.421288717330466 1.123684587854177
63036.3739 lsst_hardware_i 3006.840517389312 63.20452966522679 31.25 AB 2.6769650068588287 1.0517149057852915
63036.3869 lsst_hardware_z 2061.7769820795547 60.2642232770808 30.950000762939453 AB 2.993594830064885 1.0306156174196484
63046.2521 lsst_hardware_r 1444.6961024674374 44.58588153640955 31.40999984741211 AB 3.947942989980348 1.4677732093990266
63046.2727 lsst_hardware_z 1810.327991002462 62.62592322720074 30.920000076293945 AB 3.593254022772437 1.3211707042090035
63048.2459 lsst_hardware_r 1439.4728439750638 65.62333821488987 31.530000686645508 AB 11.389986022237673 1.473954839500125
63048.2646 lsst_hardware_i 2313.938092026029 67.15829120509567 31.260000228881836 AB 10.901951182752741 1.3374986115511005
63053.2706 lsst_hardware_z 1574.4053084064203 80.94230176741623 30.969999313354492 AB 5.532223243657148 1.2300207315624552
63053.2892 lsst_hardware_r 1337.8885900959745 104.49449328586131 31.6299991607666 AB 5.191366635628674 1.1534661462661844
63061.266 lsst_hardware_i 1395.2215263864655 48.33135770007036 31.229999542236328 AB 7.220670658791944 1.158365390036407
63061.2868 lsst_hardware_z 1121.98072705585 52.63480088271517 30.940000534057617 AB 6.833629135733789 1.0936868940477396
63066.2655 lsst_hardware_g 248.80737081860838 21.260674465399042 31.399999618530273 AB 2.5306483148345547 1.115027713530922
63066.285 lsst_hardware_r 708.6963556791774 34.99056229048144 31.489999771118164 AB 2.4474211651075524 1.0656405653588763
63070.2607 lsst_hardware_u 1.002963817600602 3.0759990629450584 28.3799991607666 AB 5.629216323098692 1.097741092647951
63070.2794 lsst_hardware_g 237.61170932702046 20.74689978517347 31.43000030517578 AB 5.390455308465646 1.0548836220089328
63078.3821 lsst_hardware_r -39.84089794928033 39.72999954223633 32.689998626708984 AB 4.835252669275027 1.065718285082199
63078.4194 lsst_hardware_i 75.55718116509104 55.33000183105469 32.43000030517578 AB 4.109118685084985 1.1760499957312494
63080.2508 lsst_hardware_z -0.3389281142069038 97.13999938964844 31.739999771118164 AB 1.5974810076072206 1.0574092388596528
63082.257 lsst_hardware_i 24.62249819010103 92.18000030517578 31.34000015258789 AB 1.0258979607840335 1.036958855239926
63082.275 lsst_hardware_z -131.9819230094725 77.41000366210938 31.0 AB 0.9131611535110885 1.0146235039012095
63084.1621 lsst_hardware_z 12.099421138272932 67.7699966430664 30.950000762939453 AB 2.8487866248717033 1.3649606507670367
63084.183 lsst_hardware_r -231.8269039873149 82.97000122070312 31.600000381469727 AB 1.998884510146583 1.2443126068246613
63086.1685 lsst_hardware_i -15.206492983363786 42.34000015258789 31.239999771118164 AB 4.247659976815314 1.2919328768130929
63086.188 lsst_hardware_z -108.95152927948418 49.65999984741211 30.940000534057617 AB 3.9407060931026137 1.1966009544075347
63089.1496 lsst_hardware_r 2.703341057791735 24.299999237060547 31.440000534057617 AB 11.147320713712684 1.3572913455892872
63089.1673 lsst_hardware_u -5.0883013878634955 2.609999895095825 28.280000686645508 AB 9.220357519007864 1.254555754678259
63095.1686 lsst_hardware_i -3.8849517222413423 31.799999237060547 31.229999542236328 AB 5.175557259424023 1.1756173146016065
63095.187 lsst_hardware_z 16.450657795290223 42.220001220703125 30.940000534057617 AB 4.922597503076166 1.1130383259894858
63096.1605 lsst_hardware_r -24.945431840241195 23.780000686645508 31.479999542236328 AB 3.239966972546499 1.197437668870553
63096.1786 lsst_hardware_g 23.721495136719586 14.420000076293945 31.420000076293945 AB 3.611045540797784 1.1304535763741366
63101.18 lsst_hardware_i -20.904062285114946 31.149999618530273 31.25 AB 2.065917684086459 1.087515889148864
63101.1972 lsst_hardware_z 48.968088808865446 41.43000030517578 30.950000762939453 AB 1.9915794587026583 1.0503187793105344
63107.1515 lsst_hardware_z 12.34891562856384 54.290000915527344 30.959999084472656 AB 5.830501462671662 1.1212502812830119
63107.1691 lsst_hardware_i 35.86886484800236 54.22999954223633 31.309999465942383 AB 5.793565707816692 1.0743747256034455
63109.1667 lsst_hardware_z -4.652733951267858 107.58999633789062 31.739999771118164 AB 4.163540422731483 1.0675744673670469
63112.1769 lsst_hardware_z 126.32394129082824 99.30000305175781 31.739999771118164 AB 1.4186130923862705 1.0342258267700637
63114.1702 lsst_hardware_g -36.04141061667178 56.15999984741211 31.719999313354492 AB 2.2629905019350605 1.0360887456398595
63114.1879 lsst_hardware_r -68.70262091481086 56.7599983215332 31.649999618530273 AB 2.198143641396443 1.0143717772940621
63117.0681 lsst_hardware_z -14.19017418485697 45.68000030517578 30.920000076293945 AB 3.1363662881232757 1.3919814874428327
63117.0851 lsst_hardware_r -8.662868598758422 24.209999084472656 31.469999313354492 AB 3.0035458255608423 1.2850310149290542
63122.0799 lsst_hardware_z -27.381601767969855 43.849998474121094 30.93000030517578 AB 3.0652814218401985 1.241130244696756
63122.0964 lsst_hardware_r -14.486698625116151 23.770000457763672 31.489999771118164 AB 3.2191882140279975 1.1697631591667543
63124.0764 lsst_hardware_u 0.31641044788328193 2.619999885559082 28.290000915527344 AB 1.445202109211252 1.23170634307788
63124.0939 lsst_hardware_g 3.8438169358731518 14.470000267028809 31.399999618530273 AB 1.2212911040708212 1.158720212590912
63126.0684 lsst_hardware_g 25.859892049129023 14.479999542236328 31.3700008392334 AB 0.4396375216847334 1.2439637491643452
63126.0857 lsst_hardware_r -7.0855060323683325 23.829999923706055 31.479999542236328 AB 1.3559473328580418 1.1689201145317518
63131.0707 lsst_hardware_i -17.44293980138836 32.630001068115234 31.229999542236328 AB 2.9869021347657245 1.174096751087299
63131.0887 lsst_hardware_z 31.075646048760152 42.70000076293945 30.940000534057617 AB 3.628408225625567 1.113065563359682
63133.0769 lsst_hardware_g 40.48155533052301 28.860000610351562 31.610000610351562 AB 3.4107698692491186 1.132644410864219
63133.0947 lsst_hardware_i 25.472738801934398 35.290000915527344 31.260000228881836 AB 4.001832196566321 1.0824051381416964
63137.0819 lsst_hardware_z -80.0707439741091 67.18000030517578 30.979999542236328 AB 4.885134972272123 1.0870349292995378
63137.1026 lsst_hardware_r -55.85110792068098 90.66000366210938 31.649999618530273 AB 4.781719170907802 1.043815579765947
63141.0165 lsst_hardware_g 47.89185408552899 57.04999923706055 31.6200008392334 AB 6.488628695834163 1.302392646148866
63141.0344 lsst_hardware_r -14.514953135602171 75.44000244140625 31.610000610351562 AB 6.050802000005584 1.2114526161249835
63143.0033 lsst_hardware_y -72.96313303268451 50.849998474121094 29.950000762939453 AB 3.2519953758205413 1.349842425107224
63143.0235 lsst_hardware_r -9.127848809504588 23.65999984741211 31.469999313354492 AB 2.998718484757845 1.2365849421681836
63144.9864 lsst_hardware_y -30.385276379787484 88.44000244140625 29.93000030517578 AB 4.800410077159978 1.4309648481200252
63145.0048 lsst_hardware_z 1.9398771781552293 45.630001068115234 30.920000076293945 AB 4.471624312478971 1.3069192788189306
63148.9902 lsst_hardware_y -99.62735730143233 74.5 29.969999313354492 AB 4.117704407895719 1.3290420101328833
63149.0095 lsst_hardware_r 45.39936052222141 23.770000457763672 31.469999313354492 AB 2.940780295573418 1.2253251231555908
63151.0035 lsst_hardware_y 21.72946610246632 49.77000045776367 29.989999771118164 AB 7.530328298718157 1.2278376485762525
63151.0227 lsst_hardware_r -21.111090068933695 23.139999389648438 31.469999313354492 AB 7.066626548496648 1.1496992676315565
63152.9938 lsst_hardware_z -34.05219810590441 62.56999969482422 30.959999084472656 AB 8.909191288572414 1.2483103949239756
63153.012 lsst_hardware_g 2.4429323322356478 14.3100004196167 31.389999389648438 AB 8.548095090103143 1.1688370679266746
63155.0053 lsst_hardware_y -108.41632452690664 49.45000076293945 30.010000228881836 AB 9.185194976087985 1.1735893665079038
63155.0249 lsst_hardware_i -22.243098816987043 30.979999542236328 31.239999771118164 AB 8.65548168207165 1.1080553056408722
63157.0044 lsst_hardware_y -43.25323985480237 49.880001068115234 30.010000228881836 AB 6.118018290410015 1.1565251966748158
63157.0223 lsst_hardware_r -16.182572280574895 22.969999313354492 31.479999542236328 AB 5.786036268087776 1.1000766084202198
63159.0065 lsst_hardware_y 72.06077643096104 49.56999969482422 30.020000457763672 AB 3.3726888928868886 1.1307313361451308
63159.0264 lsst_hardware_g -16.888827487757087 14.720000267028809 31.440000534057617 AB 3.1993899208159293 1.0760280002744158
63161.0001 lsst_hardware_y -17.420550415946128 61.02000045776367 30.040000915527344 AB 4.721029573103021 1.1337727120804566
63161.0196 lsst_hardware_z -56.738365332924964 42.4900016784668 30.950000762939453 AB 4.5053219609525 1.0791621128872873
63163.009 lsst_hardware_y 76.5864440088797 79.2300033569336 30.790000915527344 AB 3.117074758724927 1.0918906239512838
63166.0041 lsst_hardware_y 80.2126591129776 64.55999755859375 30.049999237060547 AB 4.650667625394893 1.083608626941479
63166.0226 lsst_hardware_z 105.0735906479365 64.12000274658203 30.989999771118164 AB 4.474892945887847 1.045210124389874
63168.009 lsst_hardware_y 50.897293562438676 59.70000076293945 30.059999465942383 AB 3.3160752808392755 1.0604653920176768
63168.0272 lsst_hardware_z 15.270162718578352 66.91000366210938 30.989999771118164 AB 3.284599209004346 1.0296549244527728
63172.0111 lsst_hardware_y -4.176219090735466 50.439998626708984 30.049999237060547 AB 9.197009036650424 1.0372176651235394
63172.0305 lsst_hardware_r -7.035508442581867 22.520000457763672 31.489999771118164 AB 8.93382883680735 1.0134802991273228
