data/validation/pwv_sim_epoch_fit_4/30495559.ecsv
# %ECSV 0.9
# ---
# datatype:
# - {name: time, datatype: float64}
# - {name: band, datatype: string}
# - {name: flux, datatype: float64}
# - {name: fluxerr, datatype: float64}
# - {name: zp, datatype: float64}
# - {name: zpsys, datatype: string}
# - {name: pwv, datatype: float64}
# - {name: airmass, datatype: float64}
# meta: {SNID: '30495559', alt: 1024.0, c: -0.10500030219554901, dec: -27.11186, lat: -30.244573, lon: -70.7499537, ra: 101.953125, t0: 62766.23828125,
#   x0: 9.00534218756703e-06, x1: -0.5647782683372498, z: 0.48041704297065735}
# schema: astropy-2.0
time band flux fluxerr zp zpsys pwv airmass
62781.2722 lsst_hardware_z 967.6038420923675 62.23614824585003 30.899999618530273 AB 7.040101739682278 1.600023122655063
62781.2927 lsst_hardware_r 1854.9689819790594 60.795202591303166 31.530000686645508 AB 6.695663813591317 1.4151748232194918
62787.256 lsst_hardware_y 298.3895827137579 59.029763789657906 29.860000610351562 AB 8.91051739598785 1.5981079803887461
62787.2748 lsst_hardware_r 1222.1219764762652 87.30147783767221 31.559999465942383 AB 7.930104380027266 1.4268765753062915
62789.2606 lsst_hardware_i 1012.0877624448269 67.68933772639866 31.229999542236328 AB 9.457287015901528 1.4999662198098187
62789.2795 lsst_hardware_z 777.3308255971443 63.954035676208846 30.93000030517578 AB 8.538985042342064 1.353675498151792
62791.2478 lsst_hardware_z 688.6476468924368 63.75552297318837 30.899999618530273 AB 8.290359186993593 1.569920785303904
62791.2661 lsst_hardware_r 815.102743516182 63.08548161970569 31.540000915527344 AB 8.727230970596514 1.4098729371864396
62794.27 lsst_hardware_i 1732.1975883438236 64.76478345461541 31.979999542236328 AB 1.7179311292783124 1.3269292965589436
62794.2985 lsst_hardware_z 1542.2720816451595 73.73272957243526 31.700000762939453 AB 1.4485307035437405 1.1824740437091759
62796.2618 lsst_hardware_u 10.880981869342948 3.7977837522756075 28.209999084472656 AB 3.7690077681092733 1.3443937107580197
62796.2793 lsst_hardware_g 123.02102291980447 17.066902629926336 31.34000015258789 AB 3.498615082085107 1.2443944805566804
62799.2388 lsst_hardware_g 78.94004877389759 16.042544536136628 31.25 AB 6.4522688363329195 1.452777432377571
62799.256 lsst_hardware_r 445.6144686398601 30.938931020222633 31.43000030517578 AB 5.050645521745823 1.3291172425646902
62801.2432 lsst_hardware_i 629.372156287567 40.72994244740753 31.200000762939453 AB 4.3030880752097795 1.377870020880904
62801.2606 lsst_hardware_z 675.1326480025334 50.45177166417935 30.93000030517578 AB 4.162744324525465 1.2705820143534021
62803.246 lsst_hardware_r 307.14199768672233 29.54167262881329 31.450000762939453 AB 4.336721925841335 1.323381728972028
62803.264 lsst_hardware_g 52.752193969474575 15.780079238263564 31.3700008392334 AB 3.2288476267241646 1.2259119002938343
62807.2503 lsst_hardware_r 251.74823908611847 28.235824275419134 31.450000762939453 AB 3.8743225006803956 1.239287485223637
62807.2683 lsst_hardware_i 365.54977260798097 37.54609454487692 31.229999542236328 AB 3.606369665345406 1.1618770903467746
62810.2139 lsst_hardware_z 1022.5980383259944 78.83226579354464 31.670000076293945 AB 5.875363456025303 1.412346984621467
62817.2757 lsst_hardware_r 335.7093731039548 84.05360433788101 31.649999618530273 AB 4.357383150374813 1.0627763781401982
62817.293 lsst_hardware_i 367.6679242511342 67.88175371687939 31.329999923706055 AB 3.81313378703915 1.0325534343782259
62819.2788 lsst_hardware_z 279.64168766464707 57.418235662711275 30.979999542236328 AB 5.876706979882164 1.046422183027451
62819.2954 lsst_hardware_r 234.17763704078072 67.78770178919325 31.649999618530273 AB 6.048596279140955 1.0223843613501167
62822.2002 lsst_hardware_i 266.13757507570614 42.115838835354516 31.239999771118164 AB 3.034291760895947 1.287489874145928
62822.2169 lsst_hardware_z 211.4662262442985 50.21896867742892 30.940000534057617 AB 6.9904656733305215 1.2042145862753064
62827.1871 lsst_hardware_z 288.8914071516182 46.81391458343341 30.93000030517578 AB 4.781158325350982 1.2843944460311572
62827.2012 lsst_hardware_u 9.418555063755432 3.5160165287614618 28.329999923706055 AB 4.464477318318632 1.213338040037677
62829.2058 lsst_hardware_r 200.70994124527633 25.817525567131828 31.469999313354492 AB 9.215411217866736 1.1711528278233203
62829.2216 lsst_hardware_g 42.139830854069515 15.025089919803834 31.3700008392334 AB 8.429737942889178 1.116842088399318
62831.1993 lsst_hardware_r 151.39489118586778 25.531456198851505 31.450000762939453 AB 5.481606619582149 1.175217598709711
62831.215 lsst_hardware_i 175.69349796079186 33.82926267362685 31.229999542236328 AB 5.935449065691403 1.1203188119462821
62833.2083 lsst_hardware_z 321.9314762914913 44.75403044779206 30.940000534057617 AB 3.636047945998296 1.1241742548110054
62833.2248 lsst_hardware_i 224.945815122345 33.55830890665155 31.239999771118164 AB 4.178327952829814 1.0788349994394897
62836.1885 lsst_hardware_r 128.78430595090762 25.44200997901182 31.469999313354492 AB 9.00583918585737 1.1642219877005198
62836.2112 lsst_hardware_u -2.7441796285225553 2.8875684513343653 28.420000076293945 AB 8.32749596435299 1.09232162533597
62838.2103 lsst_hardware_z 433.1198209621705 64.97942083020754 31.700000762939453 AB 6.808616208459546 1.0808669499436312
62840.1337 lsst_hardware_i 229.28582379513693 49.05865048110231 31.239999771118164 AB 3.500778929669888 1.3996117659846732
62840.1549 lsst_hardware_z 266.2104369411225 51.97310507068909 30.940000534057617 AB 3.228842389566268 1.2664196331032918
62842.1404 lsst_hardware_r 196.9536005424557 70.1500015258789 31.579999923706055 AB 5.937531872849992 1.3179870971920071
62842.1623 lsst_hardware_z 130.93521352281067 55.63999938964844 30.959999084472656 AB 5.3863596632939945 1.2041939779329298
62844.1218 lsst_hardware_i -1.0458796367456398 77.5 31.270000457763672 AB 8.709260681926374 1.4068751606374887
62844.1437 lsst_hardware_z 38.92257310860265 67.5199966430664 30.959999084472656 AB 6.947601834207144 1.267906957805273
62849.1531 lsst_hardware_z -22.78128871607321 54.59000015258789 30.959999084472656 AB 8.34755579889361 1.1638684929964251
62849.1742 lsst_hardware_g -20.28868831210017 62.11000061035156 31.709999084472656 AB 8.331943258899505 1.0963083235394087
62853.1511 lsst_hardware_z -10.91743873378552 42.220001220703125 30.950000762939453 AB 3.2960376249414023 1.1324968217407825
62853.1726 lsst_hardware_u 0.6676404248774064 2.680000066757202 28.450000762939453 AB 3.5817657326369683 1.0732418295955093
62855.1525 lsst_hardware_g 15.918485083387456 13.4399995803833 31.399999618530273 AB 3.337005158247265 1.1112238289200533
62855.1745 lsst_hardware_r -21.20283261266024 22.229999542236328 31.5 AB 4.080955536045334 1.0576076890236956
62858.1339 lsst_hardware_r -19.27049971920006 22.43000030517578 31.469999313354492 AB 5.699365216079496 1.1444508466023082
62858.155 lsst_hardware_i -3.790541700361891 30.360000610351562 31.239999771118164 AB 5.091595791721903 1.0825504872548342
62860.1589 lsst_hardware_i 48.93078466759856 30.020000457763672 31.25 AB 6.704644916670276 1.061533394026326
62860.1813 lsst_hardware_u 0.08384800183203557 2.619999885559082 28.43000030517578 AB 6.829343323575891 1.0249652294124492
62865.1348 lsst_hardware_r -13.458541062863148 23.0 31.5 AB 8.552346023399158 1.0852312862786069
62865.1568 lsst_hardware_i -7.873089232823258 29.829999923706055 31.25 AB 8.180538251103357 1.040383854903081
62866.1496 lsst_hardware_z -29.670086318893595 58.86000061035156 31.709999084472656 AB 7.061988288105019 1.0479670989582666
62870.0361 lsst_hardware_y -78.90458165798229 85.26000213623047 29.90999984741211 AB 4.129062982659212 1.530841776868741
62870.0585 lsst_hardware_z 2.7764009315074376 53.689998626708984 30.93000030517578 AB 3.064500947031321 1.3526819452797711
62872.0361 lsst_hardware_y 103.69007844009869 88.13999938964844 29.90999984741211 AB 13.941087482013486 1.4813609055375068
62872.0577 lsst_hardware_i -45.611081026967994 65.80999755859375 31.270000457763672 AB 13.012247065535817 1.3228309453272602
62874.0366 lsst_hardware_y 77.25770566220967 89.7699966430664 29.93000030517578 AB 14.169306549218176 1.4321110318595285
62874.0552 lsst_hardware_r 73.43546946343105 108.0199966430664 31.59000015258789 AB 10.85679138696168 1.3049420219311492
62879.0347 lsst_hardware_y -13.879276433242932 86.2699966430664 29.959999084472656 AB 5.214214297102062 1.3475743359154284
62879.0524 lsst_hardware_g -26.275569235370835 14.65999984741211 31.3700008392334 AB 2.612196035668454 1.2458309458297319
62887.0362 lsst_hardware_y -0.9645517236767078 95.62999725341797 30.75 AB 14.583604306901242 1.218711057214391
62887.052 lsst_hardware_z 6.190710848210161 60.45000076293945 31.690000534057617 AB 13.869951496108502 1.1540661347476218
62889.0358 lsst_hardware_y -61.60035366126348 66.63999938964844 30.010000228881836 AB 10.216868712877327 1.1962846101372795
62889.0534 lsst_hardware_u -4.088341515755862 2.75 28.34000015258789 AB 8.486504416020699 1.1305541085753104
62891.0346 lsst_hardware_y 157.49355063701373 68.91000366210938 30.020000457763672 AB 7.935079435780975 1.1786959612474062
62891.0532 lsst_hardware_r 1.875443157871237 22.59000015258789 31.489999771118164 AB 7.736561467858247 1.1141896406113183
62893.0424 lsst_hardware_z -47.194209148113124 71.56999969482422 31.709999084472656 AB 12.891199095925234 1.1308069382390555
62895.0333 lsst_hardware_y 3.666396679926738 66.33000183105469 30.020000457763672 AB 14.69380350022813 1.1429752056650342
62895.0508 lsst_hardware_g 17.47688634000144 19.649999618530273 31.530000686645508 AB 13.756165241677337 1.0905186091227443
62897.0328 lsst_hardware_y -207.38908529559947 64.75 30.040000915527344 AB 9.542409720572369 1.1265572989017505
62897.0497 lsst_hardware_i 13.935951768192632 36.88999938964844 31.280000686645508 AB 9.73762001464661 1.0796784582156127
62906.0309 lsst_hardware_y -49.28096269814688 56.88999938964844 30.049999237060547 AB 5.959645635526406 1.066571431520574
62906.05 lsst_hardware_i -46.78754244147627 59.22999954223633 31.329999923706055 AB 6.298528419538962 1.032545642547371
62910.0283 lsst_hardware_y 47.12165624480698 52.599998474121094 30.049999237060547 AB 3.5461113792916965 1.0500514880074117
62910.0479 lsst_hardware_i -13.047434000595496 29.579999923706055 31.25 AB 2.5356615773935296 1.0212774024542592
63145.2663 lsst_hardware_z -61.264387504452856 57.97999954223633 30.889999389648438 AB 10.162952397834749 1.707580912545743
63145.2872 lsst_hardware_r -5.833902225325122 53.97999954223633 31.520000457763672 AB 8.904843269242303 1.4880673893734526
63147.289 lsst_hardware_z 14.985832826217989 50.15999984741211 30.920000076293945 AB 5.329600798591311 1.4279541301934187
63147.3073 lsst_hardware_i -29.260006552111427 40.2599983215332 31.239999771118164 AB 4.758081447995135 1.3035839583548314
63149.2877 lsst_hardware_r 9.087213095013944 24.989999771118164 31.440000534057617 AB 4.4803381111676055 1.3965052945274232
63149.3079 lsst_hardware_z -20.684378526725297 44.33000183105469 30.93000030517578 AB 3.5340845542187145 1.2695029231463255
63151.2414 lsst_hardware_u 2.998513696048651 2.119999885559082 27.770000457763672 AB 10.026389313487137 1.8229798751794792
63151.2596 lsst_hardware_g -6.933486587417509 13.5 31.219999313354492 AB 8.684407828156173 1.5961784364575053
63155.2602 lsst_hardware_r -4.236448784317774 23.559999465942383 31.40999984741211 AB 10.830442832368796 1.4854367090901832
63155.2782 lsst_hardware_g -14.757314040459898 13.369999885559082 31.309999465942383 AB 9.826670308490412 1.3487674852665616
63157.2609 lsst_hardware_r 23.55909922623451 23.530000686645508 31.420000076293945 AB 7.4103432109974126 1.4342368434697659
63157.2799 lsst_hardware_i -5.2982773071138585 32.16999816894531 31.209999084472656 AB 6.690715112453848 1.3041694093765117
63161.2612 lsst_hardware_u 2.75293589514841 2.430000066757202 28.1299991607666 AB 3.7683924705467806 1.3528603376581514
63161.2792 lsst_hardware_g -16.173304445728004 13.289999961853027 31.31999969482422 AB 3.436710713926539 1.2483511492652795
63163.2984 lsst_hardware_r -8.995850016607895 22.559999465942383 31.469999313354492 AB 3.7260616467173744 1.1444557004427691
63163.3163 lsst_hardware_u -5.835533598425911 2.569999933242798 28.34000015258789 AB 3.4546346934228964 1.0905928738575912
63166.2385 lsst_hardware_r -30.445058135539515 59.560001373291016 31.540000915527344 AB 4.403022253659331 1.4173578798199424
63166.2563 lsst_hardware_z -53.09018375440607 52.43000030517578 30.940000534057617 AB 4.273324694638384 1.2984882086412999
63168.2404 lsst_hardware_r 25.46879138759439 81.58000183105469 31.56999969482422 AB 4.45873599465476 1.3642231498178767
63168.2573 lsst_hardware_i 16.51628251971794 62.63999938964844 31.290000915527344 AB 3.335738051367288 1.2627399563535475
63170.2388 lsst_hardware_z -46.59494895840382 65.80999755859375 30.950000762939453 AB 5.10083743821705 1.3386853568936357
63170.2561 lsst_hardware_i -39.53088098109499 69.45999908447266 31.290000915527344 AB 4.715815324192264 1.2410040326821747
63181.2816 lsst_hardware_i 21.63284663270949 29.899999618530273 31.239999771118164 AB 1.7479194995777032 1.0577425110908945
63181.2988 lsst_hardware_r -3.1965606936880566 21.549999237060547 31.479999542236328 AB 2.039281018288397 1.0292468127296754
63183.1916 lsst_hardware_r 26.229661328721676 23.040000915527344 31.420000076293945 AB 6.148386094089652 1.4210992936764069
63183.2092 lsst_hardware_i 56.27956793735181 31.649999618530273 31.209999084472656 AB 8.69443059312311 1.3025038965004485
63186.1931 lsst_hardware_z 16.728065007526546 45.0099983215332 30.920000076293945 AB 7.49845070476941 1.351843521186757
63186.2108 lsst_hardware_r 37.0591441675613 22.709999084472656 31.459999084472656 AB 9.554313234692698 1.2490931147458684
63187.1973 lsst_hardware_u -2.9579345233188015 2.4200000762939453 28.139999389648438 AB 3.3795427290312 1.3082944947536745
63187.2145 lsst_hardware_r 31.318118231411628 22.43000030517578 31.440000534057617 AB 6.638908721673162 1.2180738893653171
63189.1975 lsst_hardware_i 16.582130907755822 31.639999389648438 31.219999313354492 AB 6.886035640999506 1.275979426992001
63189.2151 lsst_hardware_z -7.003382420435393 42.47999954223633 30.93000030517578 AB 6.337455915290978 1.1914750733767585
63191.1981 lsst_hardware_g -0.06411570225516863 13.010000228881836 31.31999969482422 AB 3.83404118172188 1.244313568104464
63191.2072 lsst_hardware_r -20.458750685252532 22.25 31.459999084472656 AB 3.829018708681427 1.2018892101537306
63193.201 lsst_hardware_y 26.90288195720977 49.36000061035156 29.989999771118164 AB 7.386201474013156 1.2051234253570167
63193.2179 lsst_hardware_r -9.612223396384692 33.119998931884766 31.549999237060547 AB 7.027423427874569 1.1396437798596906
63195.2082 lsst_hardware_i 94.76460665140125 46.220001220703125 31.290000915527344 AB 6.845411232546962 1.154499308390016
63195.2252 lsst_hardware_z -8.992002071583864 48.33000183105469 30.959999084472656 AB 6.832528154534864 1.1005562202770287
63197.2305 lsst_hardware_z 58.430721210148384 56.09000015258789 30.979999542236328 AB 4.071790597204133 1.0735249295056486
63197.2491 lsst_hardware_r 93.31651378945266 72.69000244140625 31.649999618530273 AB 3.9362161096410717 1.0379860527335485
63199.1996 lsst_hardware_r 17.04825331577471 98.0999984741211 31.6299991607666 AB 4.988073829152669 1.1462444647612415
63199.2169 lsst_hardware_i -28.135409522080927 75.47000122070312 31.329999923706055 AB 5.5440387229341095 1.0934987619198089
63201.206 lsst_hardware_z -70.26953597164348 64.62000274658203 30.979999542236328 AB 8.575923780724468 1.1085017489464832
63201.224 lsst_hardware_i -59.4153419721852 70.05999755859375 31.31999969482422 AB 8.116821976808277 1.063850143318778
63204.1335 lsst_hardware_r 62.39038841742291 38.54999923706055 31.510000228881836 AB 4.582899982677169 1.4270278632032287
63204.1545 lsst_hardware_z -34.02243691737739 51.560001373291016 30.940000534057617 AB 4.149109809021752 1.287344030102974
63206.1347 lsst_hardware_r 19.969980897071654 23.280000686645508 31.43000030517578 AB 7.545833111209964 1.3777310774528224
63206.1559 lsst_hardware_u 1.536572619298693 2.609999895095825 28.31999969482422 AB 6.713799770574492 1.2505913701358837
63208.146 lsst_hardware_i 39.58432345808577 31.93000030517578 31.209999084472656 AB 4.713566618369665 1.2739369238836933
63208.1664 lsst_hardware_z -17.647520564259853 42.869998931884766 30.940000534057617 AB 4.360415114215301 1.1784905714095408
63211.1303 lsst_hardware_z -23.045712635234725 44.58000183105469 30.920000076293945 AB 12.609869152086375 1.3171754234820074
63211.1512 lsst_hardware_r -3.084778114854465 22.6299991607666 31.459999084472656 AB 11.57272791869666 1.2080196854910006
63216.149 lsst_hardware_z 55.70902693783702 42.77000045776367 30.93000030517578 AB 11.841594059388138 1.161348897070744
63216.1702 lsst_hardware_i -17.761015796117402 30.540000915527344 31.239999771118164 AB 11.258141821216396 1.09425124644354
63218.132 lsst_hardware_r -20.479532091031757 22.6200008392334 31.450000762939453 AB 3.639325283398745 1.2084090592358865
63218.1554 lsst_hardware_u -1.2973753053761499 2.5199999809265137 28.299999237060547 AB 3.3452614439007093 1.1210035556213782
63220.1544 lsst_hardware_r -29.348459266876006 24.010000228881836 31.5 AB 3.3397391505628145 1.107707844299555
63220.1758 lsst_hardware_i -73.01834719159791 29.959999084472656 31.25 AB 3.935198744144894 1.0564055598250313
63222.1292 lsst_hardware_i -54.38970222615552 37.33000183105469 31.260000228881836 AB 4.139287293915424 1.174432485151171
63222.1513 lsst_hardware_z 36.3118844998752 44.11000061035156 30.950000762939453 AB 3.865081599599747 1.1010582849491255
63224.1356 lsst_hardware_r 8.038093383042488 51.400001525878906 31.610000610351562 AB 7.098194906350372 1.1318628513216222
63224.1572 lsst_hardware_z -53.27359360441152 48.13999938964844 30.959999084472656 AB 6.659083376488387 1.0725752398306172
63229.1369 lsst_hardware_z -11.302364211893398 71.87999725341797 30.989999771118164 AB 7.812177658519983 1.088552390875906
63229.1573 lsst_hardware_i 112.63333527625772 82.0 31.34000015258789 AB 7.416932110375632 1.0452517360482394
