data/validation/pwv_sim_epoch_fit_4/3056945.ecsv
# %ECSV 0.9
# ---
# datatype:
# - {name: time, datatype: float64}
# - {name: band, datatype: string}
# - {name: flux, datatype: float64}
# - {name: fluxerr, datatype: float64}
# - {name: zp, datatype: float64}
# - {name: zpsys, datatype: string}
# - {name: pwv, datatype: float64}
# - {name: airmass, datatype: float64}
# meta: {SNID: '3056945', alt: 1024.0, c: 0.020926622673869133, dec: -19.629557, lat: -30.244573, lon: -70.7499537, ra: 285.46875, t0: 60070.93359375,
#   x0: 1.1472244675543054e-05, x1: 0.6175259947776794, z: 0.43445801734924316}
# schema: astropy-2.0
time band flux fluxerr zp zpsys pwv airmass
60051.3544 lsst_hardware_u -64.95572024717973 38.76046095277344 29.5 AB 16.09209891814332 1.094328386136914
60051.3718 lsst_hardware_y 345.6119558586628 157.0877799823229 30.079999923706055 AB 15.568121803844956 1.0579703458817171
60053.4048 lsst_hardware_i 879.8675365372881 121.85577164064654 31.350000381469727 AB 9.886042307967875 1.0191796193781315
60058.3894 lsst_hardware_g 1542.7066496328478 115.84820290101999 31.75 AB 10.090401377828801 1.0198161955828724
60058.4082 lsst_hardware_y 604.2256764276866 158.9897406168401 30.09000015258789 AB 10.06683092644285 1.0183602906436657
60060.3894 lsst_hardware_i 2205.296896508589 127.10929997624932 31.350000381469727 AB 4.078460167576184 1.0181726306672674
60060.4069 lsst_hardware_z 1545.4153740752788 151.6068582165492 31.010000228881836 AB 4.084675426342799 1.0196393974894655
60062.3704 lsst_hardware_z 1757.6774253797396 155.76059372362442 31.010000228881836 AB 3.716808872141139 1.0241023710895865
60062.3892 lsst_hardware_r 4144.819382838075 120.0336028461124 31.65999984741211 AB 5.138893793143966 1.0175355672517918
60064.3772 lsst_hardware_u 1.3965657444080197 40.75934312666922 29.56999969482422 AB 11.615627731194785 1.0184680167641196
60064.3936 lsst_hardware_r 4337.2957083305555 120.5464710410901 31.670000076293945 AB 11.619661302686259 1.018836572449072
60066.3734 lsst_hardware_i 6222.855940765916 185.42477820772527 32.099998474121094 AB 9.208420642651156 1.0180956513614146
60066.3922 lsst_hardware_z 4093.932824922291 219.1783072370543 31.760000228881836 AB 10.523598815485729 1.0203217777279163
60070.3642 lsst_hardware_y 708.2603212658745 162.11710549762998 30.09000015258789 AB 3.103973903351596 1.0178075975576335
60070.3834 lsst_hardware_r 4985.059051791938 122.31758604418066 31.670000076293945 AB 2.6924536360926408 1.0213195395325332
60072.3565 lsst_hardware_i 3127.8513095977646 130.75357968717546 31.350000381469727 AB 10.610437249439904 1.0182028404327812
60077.3191 lsst_hardware_z 2236.9247617853625 153.59333484896365 31.010000228881836 AB 7.183775583198777 1.0328936855784985
60077.3383 lsst_hardware_r 4371.342711602125 119.8540976416649 31.670000076293945 AB 6.310089972959851 1.019524170611924
60080.3191 lsst_hardware_u 44.530419762001564 40.19400921983424 29.549999237060547 AB 3.817898212781257 1.025627458101119
60080.3359 lsst_hardware_r 3796.1900010734767 117.91495863746682 31.670000076293945 AB 4.218950068885172 1.0179635827928741
60082.3 lsst_hardware_i 2637.564535018785 128.5316678187651 31.34000015258789 AB 8.312468271321842 1.0390585339152303
60082.319 lsst_hardware_z 1905.7853524957402 152.60248901177005 31.010000228881836 AB 8.088949593816618 1.0221386313462792
60085.3538 lsst_hardware_g 796.7575325855211 113.85194122916108 31.739999771118164 AB 7.224905404319433 1.0292865520447325
60085.3718 lsst_hardware_r 2950.8174831210818 113.7191303978617 31.649999618530273 AB 7.391295675965929 1.0513684847631617
60095.2799 lsst_hardware_z 2328.2082205243205 212.6483199808996 31.760000228881836 AB 7.048410902870625 1.02437906736814
60095.3028 lsst_hardware_r 3052.388011944472 152.47150902985567 32.41999816894531 AB 7.528187307029965 1.0176434876352571
60100.2704 lsst_hardware_z 1098.2501552371568 147.69844883930347 31.010000228881836 AB 6.318898717699269 1.0218416922134494
60100.2918 lsst_hardware_r 933.4899237039581 104.6274736650443 31.65999984741211 AB 6.470162564951772 1.0180014262599648
60102.2474 lsst_hardware_z 1230.6256870552468 149.87436294377827 31.010000228881836 AB 4.125076387514567 1.0366684115219855
60102.2698 lsst_hardware_i 1312.581256699407 123.55360484496363 31.350000381469727 AB 3.89153941471841 1.019617313899965
60111.2274 lsst_hardware_z 1067.7920900343158 149.05215084064164 31.010000228881836 AB 7.6938086230206935 1.0317565539789335
60111.2491 lsst_hardware_r 736.531385960895 103.11201773095583 31.65999984741211 AB 7.606218069873057 1.0184171297696676
60118.2177 lsst_hardware_r 505.5937870800565 102.41372457339138 31.670000076293945 AB 3.2327914267458007 1.0239803912089114
60118.2373 lsst_hardware_u 42.538939520194674 40.365757250930315 29.559999465942383 AB 3.148383925409938 1.0175224105822585
60121.2394 lsst_hardware_i 702.4738780712603 120.5475871701868 31.350000381469727 AB 6.092669262747141 1.0192955491992763
60121.2581 lsst_hardware_z 588.633619493057 148.24044794296233 31.010000228881836 AB 5.908481732336339 1.031733833733999
60123.2376 lsst_hardware_r 206.76430147898893 102.12026264803835 31.670000076293945 AB 6.171668766096441 1.0207854393146611
60123.2572 lsst_hardware_z 407.69610758938484 148.01542097246292 31.010000228881836 AB 6.006575792649935 1.0366293147298973
60128.2202 lsst_hardware_z 524.3916013011053 151.51631069478407 31.010000228881836 AB 6.845218898787575 1.0192657499125155
60128.2386 lsst_hardware_r 371.77000354576705 103.40586276796947 31.65999984741211 AB 6.914357893794035 1.0313523272284453
60130.1821 lsst_hardware_y 790.0894967456474 226.3687763777774 30.84000015258789 AB 3.69359496962442 1.02599860267345
60137.1594 lsst_hardware_r 396.55105792494544 101.4929937197681 31.65999984741211 AB 5.475396842424224 1.0289520500671931
60137.1833 lsst_hardware_u -24.69553251799163 40.29935322259077 29.559999465942383 AB 5.917080797093586 1.0175984861075
60141.1596 lsst_hardware_z 341.5140053102922 147.47718117760573 31.010000228881836 AB 2.9011128574887963 1.0212489157753397
60141.1872 lsst_hardware_r 238.33008721507628 101.62752425655374 31.65999984741211 AB 3.153003758353477 1.0202244809426178
60143.1777 lsst_hardware_u 8.173328543140787 40.29999923706055 29.559999465942383 AB 2.1865513904714433 1.0187775843780749
60143.1981 lsst_hardware_g -166.89603271573037 110.16000366210938 31.739999771118164 AB 2.2893085477710198 1.0318010356151075
60145.1589 lsst_hardware_r 36.079824440004764 99.4000015258789 31.670000076293945 AB 3.2572476392582383 1.0178898872681994
60145.1802 lsst_hardware_i -392.07459360664916 116.08000183105469 31.350000381469727 AB 3.5424586435056247 1.0221579234891676
60148.149 lsst_hardware_i -5.233848873291161 116.11000061035156 31.350000381469727 AB 5.905597980834358 1.018206548419717
60148.1702 lsst_hardware_z -23.51004705733056 144.02000427246094 31.010000228881836 AB 5.474062776158826 1.0212009842814755
60151.1161 lsst_hardware_r 126.73304465835673 100.16999816894531 31.65999984741211 AB 7.460240307722234 1.0339067491963783
60151.1369 lsst_hardware_z -107.85113995811471 146.32000732421875 31.010000228881836 AB 9.226022593392148 1.019299837231216
60154.135 lsst_hardware_z 125.67718448692169 149.9600067138672 31.010000228881836 AB 4.175661428166026 1.0177920283147612
60154.1547 lsst_hardware_i 9.895094827233208 120.55000305175781 31.350000381469727 AB 4.203084819119443 1.021654063957084
60161.1036 lsst_hardware_r -57.875457445245694 100.29000091552734 31.65999984741211 AB 2.449855746625042 1.021979731610252
60161.1233 lsst_hardware_y -197.09613873045814 160.0800018310547 30.09000015258789 AB 2.433869701006818 1.0177167890474719
60163.0899 lsst_hardware_g 6.325643075174233 110.19000244140625 31.739999771118164 AB 2.9029121426484665 1.027670463810414
60163.1095 lsst_hardware_r -49.3733972833356 100.26000213623047 31.65999984741211 AB 2.785736287927042 1.0179304340780908
60166.0974 lsst_hardware_i 156.99057198938823 117.94999694824219 31.350000381469727 AB 3.7909056977569433 1.0188324383669276
60166.1176 lsst_hardware_z 219.13691779708745 146.4199981689453 31.010000228881836 AB 3.810217528584596 1.0196835491305787
60169.0814 lsst_hardware_r -328.5998176369801 143.0 32.41999816894531 AB 2.6382403645432855 1.022177591841645
60169.103 lsst_hardware_u -42.49810722799158 57.619998931884766 30.309999465942383 AB 2.480192881748956 1.0179326418013361
60177.0749 lsst_hardware_r -8.615757739074498 100.4800033569336 31.670000076293945 AB 3.186462284692905 1.0175514241395194
60177.0942 lsst_hardware_z -253.17971876293447 146.35000610351562 31.010000228881836 AB 2.4791421782893637 1.02295942986976
60180.0668 lsst_hardware_r -68.59170198821083 100.27999877929688 31.65999984741211 AB 2.5888955093349124 1.0175476110189299
60180.0871 lsst_hardware_y -97.16899125716776 159.67999267578125 30.09000015258789 AB 2.902452886441589 1.0236424581131247
60182.0388 lsst_hardware_z -19.613970633638992 146.25 31.010000228881836 AB 2.291306503906697 1.027031153700895
60182.0568 lsst_hardware_r 96.83065033952865 100.43000030517578 31.670000076293945 AB 2.08425848481299 1.0180771692822028
60196.0137 lsst_hardware_g -57.32595944299158 112.0 31.739999771118164 AB 2.6709508504176607 1.0194144653481736
60196.0329 lsst_hardware_r -215.9465247378674 101.91000366210938 31.65999984741211 AB 2.6652267517610118 1.0187526604170267
60198.9925 lsst_hardware_y -234.5728509323805 159.80999755859375 30.09000015258789 AB 3.0801194484369576 1.026934690521324
60199.0111 lsst_hardware_i 138.29345177205138 117.80000305175781 31.350000381469727 AB 2.061087805123032 1.0179468107781364
60200.9942 lsst_hardware_y 150.76507815756221 159.9199981689453 30.09000015258789 AB 2.5010247143565483 1.0220779380288305
60201.0146 lsst_hardware_r -14.86457586956267 100.33999633789062 31.670000076293945 AB 1.4248920347355671 1.0177800248111195
60206.9824 lsst_hardware_y 602.1263665466832 277.95001220703125 31.280000686645508 AB 6.300720008752638 1.0198915491546612
60207.0406 lsst_hardware_z -179.15898268308612 253.60000610351562 32.20000076293945 AB 6.541294165034333 1.0544238619688893
60208.9909 lsst_hardware_y -37.77924472221571 231.85000610351562 30.84000015258789 AB 2.0942931251533285 1.0175939386099035
60426.4033 lsst_hardware_y 85.41008821696485 78.06999969482422 30.81999969482422 AB 1.4267287196216394 1.0190919425868854
60429.3694 lsst_hardware_z -81.40769706241454 67.06999969482422 30.989999771118164 AB 10.670020003076129 1.0218368131656894
60429.3882 lsst_hardware_r -114.1469732806665 85.04000091552734 31.65999984741211 AB 11.62837053964202 1.0176520308904917
60436.3556 lsst_hardware_r 37.19063887085958 24.229999542236328 31.520000457763672 AB 6.229600527826572 1.0194494174735624
60436.3741 lsst_hardware_u 2.4410884059967604 2.7899999618530273 28.459999084472656 AB 6.081174416854012 1.0185368757815947
60443.3161 lsst_hardware_u -0.4938033422103811 2.7200000286102295 28.40999984741211 AB 6.837053219894627 1.0339198094431377
60443.3385 lsst_hardware_g -19.8492062523842 15.210000038146973 31.450000762939453 AB 8.138304661281275 1.0187950503387855
60445.3134 lsst_hardware_r 11.217202087753929 24.270000457763672 31.520000457763672 AB 3.8818717975372885 1.0311101128991642
60445.3356 lsst_hardware_z -53.420914306479816 41.34000015258789 30.950000762939453 AB 4.222809654894815 1.0181578432537226
60447.3056 lsst_hardware_r -33.989568790519925 24.1299991607666 31.520000457763672 AB 8.146791672544571 1.033474285855824
60447.3274 lsst_hardware_u -3.195500766575813 2.799999952316284 28.479999542236328 AB 8.096021916840916 1.018848125447968
60458.2908 lsst_hardware_z 14.397614633585093 87.62000274658203 31.739999771118164 AB 8.488104519064615 1.0215349937696858
60460.261 lsst_hardware_r -44.85861595882843 38.810001373291016 31.610000610351562 AB 7.207584517272441 1.0445774662714309
60460.2832 lsst_hardware_z -34.75066412412393 45.09000015258789 30.959999084472656 AB 7.0745402496340155 1.0227265202824198
60462.2772 lsst_hardware_r -9.893264295776657 35.650001525878906 32.279998779296875 AB 10.123097860064705 1.0230518302238099
60462.3 lsst_hardware_y -104.07641731657151 66.37999725341797 30.799999237060547 AB 9.669949433759117 1.017889414079907
60464.2627 lsst_hardware_g 2.3402571009921016 15.260000228881836 31.459999084472656 AB 11.767491197446168 1.029999885988403
60464.2873 lsst_hardware_r -55.41712415318886 24.040000915527344 31.510000228881836 AB 11.66568348790309 1.0176371516468
60466.2662 lsst_hardware_i -40.14214724796757 44.290000915527344 32.0099983215332 AB 5.973715263047047 1.0231008357343727
60466.2906 lsst_hardware_z 45.69507848731733 58.5 31.700000762939453 AB 5.954403330547845 1.0181658064717454
60485.1957 lsst_hardware_i -138.6121319312745 98.36000061035156 31.34000015258789 AB 3.9391717482993593 1.0406406520692215
60485.2157 lsst_hardware_z -44.652815710305504 84.1500015258789 31.0 AB 4.483421087256588 1.0222895235821177
60487.203 lsst_hardware_z -111.88780550774486 52.720001220703125 30.969999313354492 AB 7.614528107894759 1.0273012535104262
60487.2271 lsst_hardware_r 79.31882928155238 61.209999084472656 31.649999618530273 AB 7.37808958178391 1.0175271799454035
60490.1928 lsst_hardware_i -34.3248919470687 31.729999542236328 31.260000228881836 AB 3.1899478923838025 1.0290154491560652
60490.2156 lsst_hardware_r 15.335405319493983 25.81999969482422 31.540000915527344 AB 3.3829477290346994 1.0177084596860229
60493.2043 lsst_hardware_u -0.27440018225529017 2.880000114440918 28.520000457763672 AB 6.76526189382952 1.0182130253722423
60493.2236 lsst_hardware_g 4.418239963933752 15.869999885559082 31.479999542236328 AB 6.841729771443742 1.0203161242925414
60495.1726 lsst_hardware_r -0.5691309376969209 24.739999771118164 31.520000457763672 AB 3.728153090151508 1.035598080597641
60495.192 lsst_hardware_i -21.271245666543905 31.690000534057617 31.260000228881836 AB 3.6736784263382343 1.0204662295383984
60497.1985 lsst_hardware_i 29.66912839678397 31.59000015258789 31.260000228881836 AB 2.289498804397075 1.0175550241763842
60497.2183 lsst_hardware_z -49.52483715486198 41.65999984741211 30.950000762939453 AB 1.8419218127871237 1.0232898959928465
60501.1864 lsst_hardware_g -24.78778151035161 15.880000114440918 31.489999771118164 AB 7.965318799615821 1.0176286687184848
60501.2071 lsst_hardware_r 25.516135836041354 24.790000915527344 31.530000686645508 AB 7.993186472604994 1.0231169552459234
60503.1885 lsst_hardware_i 9.319649907157192 31.68000030517578 31.260000228881836 AB 6.269804201171268 1.0179630687871517
60503.2096 lsst_hardware_r -14.371779651955494 24.700000762939453 31.520000457763672 AB 6.989056036442943 1.0291139741498394
60506.1789 lsst_hardware_z -70.01745441053252 63.4900016784668 31.709999084472656 AB 3.070569284161623 1.0177558117870809
60508.1723 lsst_hardware_r -80.54676901902084 63.90999984741211 31.649999618530273 AB 2.2396491376132515 1.0176368667686109
60508.1902 lsst_hardware_i 16.63724465954834 54.77000045776367 31.31999969482422 AB 2.198968805298853 1.0245632173786152
60511.1685 lsst_hardware_z -1.2787694399245957 101.29000091552734 31.0 AB 6.353562210899862 1.0183350678616048
60511.1893 lsst_hardware_r 133.01091198101327 156.3000030517578 31.670000076293945 AB 6.412923229192594 1.0305333612361718
60514.137 lsst_hardware_i -30.751602746248913 76.02999877929688 31.34000015258789 AB 6.336535775112927 1.0220218992117625
60514.1565 lsst_hardware_z -2.98812186867812 67.16000366210938 30.989999771118164 AB 6.3096923409216545 1.0176923130518798
60516.1356 lsst_hardware_g 73.05219624126018 50.84000015258789 31.709999084472656 AB 9.447069522536784 1.0200641946321267
60516.1563 lsst_hardware_r 45.065409689040706 52.45000076293945 31.6299991607666 AB 9.269224336148046 1.0187080268324042
60520.1216 lsst_hardware_i 18.037933321590888 31.3799991607666 31.25 AB 5.3117835764299866 1.0214968416211512
60520.1416 lsst_hardware_r -12.202362087716027 24.299999237060547 31.510000228881836 AB 5.6752160998698296 1.0178846919325315
60531.1009 lsst_hardware_i -29.789538306819715 44.290000915527344 32.0099983215332 AB 3.81106554806048 1.018139422430278
60531.1215 lsst_hardware_u 1.6478983881739848 3.9600000381469727 29.229999542236328 AB 3.8152649262082274 1.0210798678463846
60533.0823 lsst_hardware_g -7.628936583631355 20.170000076293945 31.56999969482422 AB 3.378254462675465 1.0237134735380198
60535.0774 lsst_hardware_i -40.18085926778458 39.630001068115234 31.299999237060547 AB 3.4100762182648614 1.0233554560026594
60535.0979 lsst_hardware_r -21.112114858290983 39.7599983215332 31.6200008392334 AB 3.6777276103215817 1.0175866111104215
60539.0915 lsst_hardware_r -17.78727527468426 168.63999938964844 32.41999816894531 AB 2.665595913881828 1.018212668043353
60539.1247 lsst_hardware_i -7.077758743743002 101.41000366210938 31.34000015258789 AB 2.7184904580632594 1.0443013476137752
60543.0657 lsst_hardware_i 104.59558531454879 64.2300033569336 31.329999923706055 AB 3.0996604231938583 1.0187315150724774
60543.0872 lsst_hardware_z 23.728257384101905 58.91999816894531 30.989999771118164 AB 2.8473390141605615 1.0203687561944317
60546.0623 lsst_hardware_g -2.9489039246114404 15.380000114440918 31.479999542236328 AB 4.253029261778444 1.0177551777079195
60546.0801 lsst_hardware_r 15.071502209230637 24.170000076293945 31.520000457763672 AB 4.268923095505068 1.0208664237955523
60549.0387 lsst_hardware_i -8.289949469311257 31.43000030517578 31.270000457763672 AB 3.6239144622569555 1.0236564556066914
60549.0551 lsst_hardware_r -7.769087932412377 24.25 31.530000686645508 AB 3.5617727136142103 1.0176493467469172
60553.0202 lsst_hardware_z 72.1422177337046 41.47999954223633 30.950000762939453 AB 1.8205701634315392 1.0295401489716527
60553.0369 lsst_hardware_u -1.8775079863526147 2.809999942779541 28.489999771118164 AB 1.8155240685528475 1.0191939007594577
60555.0246 lsst_hardware_g -12.17902067273598 15.5 31.479999542236328 AB 1.7740700240708684 1.0222732431620851
60555.0448 lsst_hardware_r 41.59039532525384 24.190000534057617 31.520000457763672 AB 1.4205663969184668 1.0177192097322556
60557.027 lsst_hardware_i 12.489362280118108 31.34000015258789 31.260000228881836 AB 1.4023037844816377 1.0188693033288723
60557.0471 lsst_hardware_z 104.57795943937774 41.369998931884766 30.950000762939453 AB 1.2096808842481193 1.01960880880645
60561.0128 lsst_hardware_g 11.068374706306638 17.059999465942383 31.520000457763672 AB 2.67886425903375 1.0200339872570203
60561.0323 lsst_hardware_r 24.408425916475824 25.299999237060547 31.530000686645508 AB 2.669087247186445 1.0184116682428406
60565.9926 lsst_hardware_y 119.78779446574733 56.16999816894531 30.06999969482422 AB 2.548395035750066 1.023451821586372
60566.0103 lsst_hardware_i -4.1846530630548475 67.86000061035156 31.34000015258789 AB 1.4245654889066928 1.017546777790495
60572.9809 lsst_hardware_y -10.558107251561797 76.98999786376953 30.079999923706055 AB 3.5116435368976004 1.0196903267379183
60573.002 lsst_hardware_z -10.96616904827576 41.7400016784668 30.950000762939453 AB 3.9745459954628455 1.019114357810986
60576.9821 lsst_hardware_y 51.94962061357841 72.3499984741211 30.079999923706055 AB 4.553307401134842 1.0175367576746912
60577.0015 lsst_hardware_r -26.55684854832361 25.110000610351562 31.530000686645508 AB 4.472525668245655 1.024359812553926
