data/validation/pwv_sim_epoch_fit_4/30692573.ecsv
# %ECSV 0.9
# ---
# datatype:
# - {name: time, datatype: float64}
# - {name: band, datatype: string}
# - {name: flux, datatype: float64}
# - {name: fluxerr, datatype: float64}
# - {name: zp, datatype: float64}
# - {name: zpsys, datatype: string}
# - {name: pwv, datatype: float64}
# - {name: airmass, datatype: float64}
# meta: {SNID: '30692573', alt: 1024.0, c: -0.0974205806851387, dec: -50.67416, lat: -30.244573, lon: -70.7499537, ra: 0.63981, t0: 60593.86328125,
#   x0: 3.228956483696471e-06, x1: -0.8793488144874573, z: 0.7330888509750366}
# schema: astropy-2.0
time band flux fluxerr zp zpsys pwv airmass
[from data line 131]
60910.3366 lsst_hardware_r 0.4918238260679118 22.43000030517578 31.479999542236328 AB 2.229931464496405 1.1106158202854182
60912.3629 lsst_hardware_z 39.13754485153519 43.08000183105469 30.940000534057617 AB 2.2933530155148993 1.1757769882157905
60912.3741 lsst_hardware_r -37.428862924835165 22.889999389648438 31.459999084472656 AB 2.385968475863232 1.2071684674238463
60934.2385 lsst_hardware_g -3.170307989138857 13.479999542236328 31.399999618530273 AB 3.5413071511672203 1.0748605274690743
60934.2499 lsst_hardware_r 11.89695498419747 22.440000534057617 31.489999771118164 AB 3.568189552306267 1.084116736572696
60936.2805 lsst_hardware_z -24.707108289564218 42.59000015258789 30.940000534057617 AB 1.8354341330878512 1.1370784510611365
60936.2907 lsst_hardware_r 67.37088481803269 22.709999084472656 31.469999313354492 AB 1.888111461667081 1.1592988917317322
60938.2769 lsst_hardware_u -2.0319297605800375 2.559999942779541 28.309999465942383 AB 7.872034340618492 1.140874542118622
60938.2891 lsst_hardware_r 2.186523719244225 22.65999984741211 31.459999084472656 AB 8.063615177661035 1.1686398808204397
60940.2833 lsst_hardware_i -19.34145020467533 31.170000076293945 31.229999542236328 AB 1.7861477311500424 1.1677984512259185
60940.2948 lsst_hardware_z -18.210753155233515 43.209999084472656 30.93000030517578 AB 2.342490224778463 1.1987156800572094
60941.275 lsst_hardware_r -16.69159830349634 22.459999084472656 31.459999084472656 AB 1.9627462411102405 1.1545566124177886
60941.2877 lsst_hardware_u -1.9614454483148946 2.5299999713897705 28.280000686645508 AB 2.036422510575521 1.1863807227355205
60943.2303 lsst_hardware_r 27.98761058037302 22.110000610351562 31.469999313354492 AB 6.441636624648346 1.0892335803370603
60943.2414 lsst_hardware_u -2.1833937506455383 2.559999942779541 28.329999923706055 AB 6.515210029673566 1.1030887797855804
60945.248 lsst_hardware_g -26.662694006729872 13.300000190734863 31.3700008392334 AB 3.7288972076886746 1.1221478205503084
60945.2591 lsst_hardware_r -0.821625319371737 22.360000610351562 31.469999313354492 AB 4.361397020628273 1.1436230278721107
60947.2376 lsst_hardware_i -32.97145599498595 30.56999969482422 31.229999542236328 AB 5.1436340937666 1.1138228873466254
60947.2502 lsst_hardware_z -21.876528202921737 42.189998626708984 30.940000534057617 AB 5.151978009193387 1.136549307124065
60950.2444 lsst_hardware_r 33.7451835266346 51.75 31.610000610351562 AB 3.8603091435374424 1.1414278957828037
60950.2564 lsst_hardware_z 3.0163109110779778 51.47999954223633 30.959999084472656 AB 4.229904605678696 1.1688048095271333
60952.2457 lsst_hardware_z 62.58931445795325 60.02000045776367 30.969999313354492 AB 3.023193884779955 1.1562444740362345
60952.2582 lsst_hardware_i 63.690730354147824 63.90999984741211 31.299999237060547 AB 3.259468778806322 1.1878530535009806
60957.2465 lsst_hardware_y 154.7425032208016 73.48999786376953 30.760000228881836 AB 3.6888347894047473 1.1933149338955915
60959.1815 lsst_hardware_u -7.0501244902983355 6.909999847412109 29.030000686645508 AB 4.190174491606525 1.0839928836131225
60959.1927 lsst_hardware_g 4.803138847822305 39.25 31.65999984741211 AB 4.257189759706453 1.0964132102090431
60961.2234 lsst_hardware_i 26.90416460683594 31.1200008392334 31.229999542236328 AB 6.763020056999558 1.1615818724719065
60961.2354 lsst_hardware_z -20.215916760875857 44.619998931884766 30.93000030517578 AB 6.938786787093837 1.1928120998929326
60965.177 lsst_hardware_u 3.498136657749614 2.5899999141693115 28.3700008392334 AB 7.112229233366134 1.0972840164617332
60965.1882 lsst_hardware_g -7.244438792619828 13.140000343322754 31.3700008392334 AB 7.274375954302113 1.1134248909646092
60968.2167 lsst_hardware_z 37.96771956772287 43.349998474121094 30.93000030517578 AB 1.3426381692147842 1.1939868112181273
60968.2283 lsst_hardware_r -19.80438654653072 22.790000915527344 31.450000762939453 AB 1.358290503487518 1.2296858575519984
60970.1374 lsst_hardware_r -6.8060385253120845 21.829999923706055 31.469999313354492 AB 4.041081462995799 1.073114641969364
60970.1482 lsst_hardware_u 1.2123658259909107 2.5299999713897705 28.329999923706055 AB 4.062443163908981 1.0810120180705112
60974.1641 lsst_hardware_r 10.436073127913001 22.280000686645508 31.479999542236328 AB 2.8330244585008435 1.1141942023469493
60974.1748 lsst_hardware_i -11.341158943759364 30.8700008392334 31.229999542236328 AB 1.3772757400353335 1.1332493746862315
60976.1627 lsst_hardware_z -40.560503793566056 42.599998474121094 30.940000534057617 AB 3.298302206646961 1.121013580303156
60976.1729 lsst_hardware_r -27.558450256741416 24.299999237060547 31.5 AB 2.359083589885963 1.1403884578887993
60978.1585 lsst_hardware_z 21.107190877185126 46.060001373291016 30.950000762939453 AB 6.251355961201345 1.1232334850779528
60978.17 lsst_hardware_g 12.233423351647202 34.22999954223633 31.6299991607666 AB 5.849580512468826 1.145778371468169
60979.1005 lsst_hardware_z -27.940113381518334 48.349998474121094 30.959999084472656 AB 5.402212020005746 1.0677363415368606
60979.1066 lsst_hardware_r -43.71208912238151 48.11000061035156 31.6200008392334 AB 5.408456959890947 1.0699222472583476
60982.1509 lsst_hardware_z -147.69082755623538 81.0199966430664 31.709999084472656 AB 4.428709572602923 1.1293167060760976
60995.0544 lsst_hardware_z 22.327918549059575 41.099998474121094 30.940000534057617 AB 6.392138777725778 1.0671350213231683
60995.068 lsst_hardware_i -18.916310568689585 30.200000762939453 31.239999771118164 AB 6.4196180179124855 1.072468553737331
60997.0544 lsst_hardware_u -3.258822720460264 2.619999885559082 28.399999618530273 AB 7.021492512627468 1.0687203215566923
60997.0669 lsst_hardware_g 3.5896484220714724 13.390000343322754 31.399999618530273 AB 7.063863123040405 1.0751694251203052
60999.0543 lsst_hardware_r -4.837802037815394 22.229999542236328 31.489999771118164 AB 7.065138598664105 1.0710029330600834
60999.0665 lsst_hardware_i 13.441533078702156 30.3799991607666 31.25 AB 7.093426456152537 1.0789165026153726
