data/validation/pwv_sim_epoch_fit_4/30750348.ecsv
# %ECSV 0.9
# ---
# datatype:
# - {name: time, datatype: float64}
# - {name: band, datatype: string}
# - {name: flux, datatype: float64}
# - {name: fluxerr, datatype: float64}
# - {name: zp, datatype: float64}
# - {name: zpsys, datatype: string}
# - {name: pwv, datatype: float64}
# - {name: airmass, datatype: float64}
# meta: {SNID: '30750348', alt: 1024.0, c: 0.022395705804228783, dec: 2.686724, lat: -30.244573, lon: -70.7499537, ra: 248.730469, t0: 61238.7265625,
#   x0: 4.3194492435862905e-06, x1: -0.4915986955165863, z: 0.6515670418739319}
# schema: astropy-2.0
time band flux fluxerr zp zpsys pwv airmass
[from data line 132]
61547.1855 lsst_hardware_i -44.40343554309028 96.37000274658203 31.309999465942383 AB 6.486965099424001 1.225284997766256
61547.204 lsst_hardware_z -113.02687266146579 82.7699966430664 30.979999542236328 AB 6.334809922027976 1.1993013972443907
61551.1913 lsst_hardware_r 7.206242152171108 47.540000915527344 31.59000015258789 AB 7.423152082378175 1.2010277341783262
61551.2128 lsst_hardware_z -4.86611113173502 49.310001373291016 30.950000762939453 AB 7.175313096442621 1.1906763072296405
61553.2039 lsst_hardware_r 32.30108205916012 29.6200008392334 31.530000686645508 AB 8.984284668771203 1.1908126714815592
61553.2242 lsst_hardware_i -39.889106781179606 36.119998931884766 31.25 AB 8.481426073269771 1.198364687145146
61560.167 lsst_hardware_g -0.9483217554279806 14.510000228881836 31.389999389648438 AB 13.753479070423088 1.2007577327067476
61560.1881 lsst_hardware_r 0.37459645349649434 23.8799991607666 31.479999542236328 AB 13.633836768901094 1.190676107497574
61562.1593 lsst_hardware_i 2.7639749718943696 32.33000183105469 31.239999771118164 AB 6.791954274478165 1.2031272794788501
61562.1819 lsst_hardware_z -53.85485823841311 43.529998779296875 30.940000534057617 AB 6.458152342108116 1.1906623049609812
61571.1099 lsst_hardware_z -41.71035423871463 62.619998931884766 30.950000762939453 AB 15.48026701751749 1.2473607803270765
61571.1292 lsst_hardware_r -84.96517270009723 78.41999816894531 31.610000610351562 AB 14.886414849309846 1.2100808689082951
61573.111 lsst_hardware_z -109.99742982927651 89.29000091552734 30.969999313354492 AB 6.60832585628727 1.2323218380022882
61573.1307 lsst_hardware_r 58.223805793645774 132.57000732421875 31.6200008392334 AB 6.3027209507656785 1.2015863530946735
61575.1118 lsst_hardware_i 260.81122268157225 99.0199966430664 31.299999237060547 AB 4.451889521414738 1.2202808254408408
61575.1318 lsst_hardware_z 41.600054348162324 83.47000122070312 30.979999542236328 AB 4.544182233108051 1.1958374297652767
61577.1158 lsst_hardware_r -27.752799809868616 90.16000366210938 31.610000610351562 AB 3.618410862465036 1.206136954155012
61577.1354 lsst_hardware_z 7.968983704282369 65.58999633789062 30.969999313354492 AB 3.536884192840126 1.1914049605345136
61581.1059 lsst_hardware_i -28.694983090046613 32.099998474121094 31.229999542236328 AB 6.201079906015318 1.2048925480041623
61581.1236 lsst_hardware_z -33.271056753954525 43.529998779296875 30.93000030517578 AB 6.292859043290621 1.191660094359902
61583.9754 lsst_hardware_r 7.836413977174172 25.25 31.299999237060547 AB 12.879767145220145 2.007601456662906
61583.9926 lsst_hardware_i -51.11039471167486 35.41999816894531 31.139999389648438 AB 11.288927731302325 1.756120466367906
61586.0991 lsst_hardware_z 8.605820479177293 43.41999816894531 30.93000030517578 AB 4.375994345898214 1.197917970407395
61586.1207 lsst_hardware_i 28.596771951130286 31.899999618530273 31.229999542236328 AB 4.302389629393087 1.191137771149905
61588.1565 lsst_hardware_r -3.7921372690774957 23.6299991607666 31.450000762939453 AB 10.89205505887681 1.2431014675733079
61588.1853 lsst_hardware_u -2.211342604105653 2.4800000190734863 28.139999389648438 AB 11.100133176283192 1.3392344548658264
61590.0879 lsst_hardware_g -8.350016854556808 14.15999984741211 31.3799991607666 AB 10.6042876272893 1.1981568981740145
61590.1097 lsst_hardware_r -43.204922020515525 23.489999771118164 31.479999542236328 AB 10.587298535725077 1.191123196908936
61595.0876 lsst_hardware_i 27.650553745549328 32.900001525878906 31.229999542236328 AB 3.735277312244755 1.1910960817107
61595.1083 lsst_hardware_z -24.589246810924077 43.97999954223633 30.93000030517578 AB 3.723576264062939 1.1973555702008087
61597.0503 lsst_hardware_r -9.244956488973811 37.959999084472656 31.549999237060547 AB 8.134996780893474 1.2228480692812629
61597.0627 lsst_hardware_g -19.839684493338932 34.04999923706055 31.610000610351562 AB 7.968412723868641 1.204324450067051
61599.0942 lsst_hardware_r 6.359129039704149 65.77999877929688 31.610000610351562 AB 8.243327330964096 1.1950315063734913
61599.116 lsst_hardware_i -3.3363673481580425 58.029998779296875 31.290000915527344 AB 8.494956477897968 1.2213586424659209
61606.0474 lsst_hardware_i 89.23592985299005 67.08000183105469 31.299999237060547 AB 3.3603520010508006 1.195677509640018
61606.0674 lsst_hardware_z -105.40761242965505 62.2400016784668 30.959999084472656 AB 3.348117663823909 1.1914656138871442
61610.0599 lsst_hardware_g 3.5002300640506814 20.049999237060547 32.13999938964844 AB 7.275456697505539 1.1926978192632032
61610.0825 lsst_hardware_r 15.038353781973779 33.33000183105469 32.220001220703125 AB 7.414643836373014 1.2155153830119696
61616.0193 lsst_hardware_r 4.602313079453608 23.520000457763672 31.469999313354492 AB 6.119734616910422 1.1962536513532567
61616.042 lsst_hardware_i 28.318163856606528 31.940000534057617 31.229999542236328 AB 5.722005256608452 1.1920844284600942
61618.0179 lsst_hardware_z -38.90608396576212 43.150001525878906 30.93000030517578 AB 4.3976356124369875 1.1936581621633986
61618.0386 lsst_hardware_r -32.272206049009704 23.399999618530273 31.469999313354492 AB 4.3070450147641655 1.1929495713137908
61623.0097 lsst_hardware_i -2.373200085264466 32.34000015258789 31.229999542236328 AB 1.3379964765578165 1.1914483317522855
61623.0323 lsst_hardware_z 7.877998551122367 43.779998779296875 30.940000534057617 AB 1.4672309716331358 1.1977395686801107
61625.0177 lsst_hardware_r -25.024127482339924 30.270000457763672 31.530000686645508 AB 4.6290745194352265 1.192189857776167
61625.0385 lsst_hardware_z 9.617128116819458 45.25 30.940000534057617 AB 4.693927424706999 1.210919449146186
61627.9866 lsst_hardware_y 29.14300400875562 79.16999816894531 30.75 AB 9.302307839426286 1.1962075277343647
61629.976 lsst_hardware_z -9.51283037448548 63.2400016784668 30.969999313354492 AB 4.772793324301035 1.2006523812756784
61629.9959 lsst_hardware_i -43.09262940012419 65.12000274658203 31.299999237060547 AB 4.520160643013827 1.1906909826845353
