data/validation/pwv_sim_epoch_fit_4/30825838.ecsv
# %ECSV 0.9
# ---
# datatype:
# - {name: time, datatype: float64}
# - {name: band, datatype: string}
# - {name: flux, datatype: float64}
# - {name: fluxerr, datatype: float64}
# - {name: zp, datatype: float64}
# - {name: zpsys, datatype: string}
# - {name: pwv, datatype: float64}
# - {name: airmass, datatype: float64}
# meta: {SNID: '30825838', alt: 1024.0, c: 0.018767213448882103, dec: -14.78593, lat: -30.244573, lon: -70.7499537, ra: 157.324219, t0: 59934.68359375,
#   x0: 3.016430234720907e-05, x1: 1.3185144662857056, z: 0.2873494327068329}
# schema: astropy-2.0
time band flux fluxerr zp zpsys pwv airmass
59944.3354 lsst_hardware_u 91.46413539567313 23.83789079653277 29.479999542236328 AB 6.132567698165911 1.045502250070906
59944.356 lsst_hardware_y 851.7353801179408 80.48045822011889 30.06999969482422 AB 6.092977144956599 1.0369848207221395
59946.3398 lsst_hardware_r 7846.9738668180735 115.72146544864057 31.649999618530273 AB 4.635191068457628 1.0395135834172748
59946.3597 lsst_hardware_y 897.830074646223 80.29765121811413 30.06999969482422 AB 4.663400226281567 1.038079741696572
59950.3318 lsst_hardware_z 5293.1201392534795 127.25297384062827 31.739999771118164 AB 7.536298658877925 1.038415247520208
59952.3354 lsst_hardware_i 9378.36318268349 136.51042398779202 32.08000183105469 AB 9.05399986856081 1.0369550128152412
59952.3566 lsst_hardware_y 1432.1522559841183 112.5268685990324 30.81999969482422 AB 9.164858755912611 1.045023803410788
59956.285 lsst_hardware_z 4703.472898769179 125.23923432687197 31.739999771118164 AB 6.180955761493246 1.0653146779547151
59958.2759 lsst_hardware_r 4435.091475185067 98.18891132241728 31.649999618530273 AB 7.65831718816458 1.0709310507495946
59958.295 lsst_hardware_z 2485.798776384737 88.29825120520205 31.0 AB 8.786165482652104 1.0473019885551618
59963.3062 lsst_hardware_r 3309.4148825546313 92.47833984781481 31.649999618530273 AB 6.843962972961961 1.0369640868124184
59963.3259 lsst_hardware_u 16.853303073462854 22.310264214582197 29.489999771118164 AB 6.893810843550355 1.0445167944773266
59965.3149 lsst_hardware_g 1116.8488713852414 82.95801831827644 31.729999542236328 AB 12.528658240391485 1.0409753014325525
59965.334 lsst_hardware_r 3016.9783706107296 91.00572801211297 31.649999618530273 AB 11.927006645687781 1.0580153149727474
59972.2884 lsst_hardware_r 2007.6688010833016 86.64985757286995 31.649999618530273 AB 12.203395358213127 1.037983189198888
59972.307 lsst_hardware_u 23.986421434546234 22.393702225002638 29.479999542236328 AB 12.276961320279293 1.0493129333572047
59974.2833 lsst_hardware_g 514.399735130176 79.64172047196948 31.729999542236328 AB 12.95051566185152 1.0380828158192381
59974.3014 lsst_hardware_i 2961.6700005465786 87.05736118624341 31.329999923706055 AB 11.666877979509207 1.0491796744162993
59976.2879 lsst_hardware_z 2070.5204633874723 87.05835495179412 31.0 AB 10.933972313121041 1.042770713186881
59976.3063 lsst_hardware_r 1671.6651770614997 83.55333676142683 31.649999618530273 AB 10.406747851787177 1.0610468853779749
59978.2197 lsst_hardware_r 1537.8653105731814 82.41681593582086 31.649999618530273 AB 9.668112959080828 1.0735588287834474
59978.2378 lsst_hardware_y 831.2816132030167 80.6344985984046 30.06999969482422 AB 9.502204993873011 1.0496774364952206
59982.2212 lsst_hardware_i 2124.61917784542 82.46910837608486 31.329999923706055 AB 6.187402415710363 1.055780635732508
59982.2403 lsst_hardware_z 1587.0242545708875 84.60589557729024 31.0 AB 6.083061933635004 1.0400470635685186
59988.198 lsst_hardware_z 1276.8501574582122 82.60626988543599 30.989999771118164 AB 4.277435271615907 1.0647670101726074
59988.2146 lsst_hardware_r 1100.5386363821538 79.69991891439234 31.649999618530273 AB 5.1767761567769615 1.0460246831232494
59992.2427 lsst_hardware_r 1142.237215712002 78.61881684248752 31.649999618530273 AB 4.741865138736942 1.0418247036662511
59992.26 lsst_hardware_i 1370.722722884972 78.00222041234721 31.329999923706055 AB 4.755910029928952 1.057652341718818
59994.2332 lsst_hardware_z 846.0201376930761 80.80238076897214 30.989999771118164 AB 2.718531969979143 1.0397241088650468
59994.2506 lsst_hardware_r 842.9750498775759 79.30719549831967 31.649999618530273 AB 2.6586918599530636 1.0530515337966386
59996.2322 lsst_hardware_u 13.073891322817468 21.951226453308767 29.489999771118164 AB 5.826772551562095 1.042076822241276
59996.2491 lsst_hardware_r 902.0912397985356 79.29192373654364 31.649999618530273 AB 5.898140101109153 1.0576777729954547
59998.2336 lsst_hardware_i 1341.9618546718268 78.28065462237254 31.329999923706055 AB 12.247601115939618 1.04711675423756
59998.2513 lsst_hardware_z 768.9197585786494 80.63640925095547 30.989999771118164 AB 11.409614476774653 1.068382652797432
60002.1621 lsst_hardware_y 146.24354206489122 75.58000183105469 30.059999465942383 AB 8.238500191791982 1.061491408187081
60002.1806 lsst_hardware_g -16.862183694079533 75.91999816894531 31.729999542236328 AB 6.914272687418102 1.0429160507437085
60004.1614 lsst_hardware_r -162.6231789465081 71.91999816894531 31.649999618530273 AB 4.269685845706417 1.0554595861172753
60004.1783 lsst_hardware_i -22.276678372913462 68.01000213623047 31.329999923706055 AB 4.050438229201808 1.0410207485633263
60009.1942 lsst_hardware_z 19.8722792548786 75.69000244140625 30.989999771118164 AB 8.11717217749284 1.0406630996785693
60009.2125 lsst_hardware_r 34.525068238053215 73.55999755859375 31.639999389648438 AB 8.239311154525874 1.0563219428879325
60011.1932 lsst_hardware_i 1.675052544140031 67.94999694824219 31.329999923706055 AB 11.225222517229637 1.0433332574802154
60011.2118 lsst_hardware_z 82.33135419751657 74.3499984741211 30.989999771118164 AB 11.45779436481965 1.0624891418380418
60013.1925 lsst_hardware_r 13.216704071427948 72.9800033569336 31.649999618530273 AB 11.412182075530731 1.0469891812413514
60013.2108 lsst_hardware_z -137.93550284825443 74.7699966430664 30.989999771118164 AB 10.793268262963068 1.0690902868001921
60015.1913 lsst_hardware_g 8.96287232616456 76.37999725341797 31.719999313354492 AB 8.387505967496276 1.0509781097021549
60015.2102 lsst_hardware_r -47.766328143229856 73.30000305175781 31.639999389648438 AB 7.971408136048803 1.0772173156822706
60020.1223 lsst_hardware_u -12.170492259003389 22.020000457763672 29.479999542236328 AB 8.068366976709545 1.0504774294821764
60020.143 lsst_hardware_r -26.42308662380965 73.79000091552734 31.649999618530273 AB 8.442463785545785 1.0377420274166393
60022.1207 lsst_hardware_i -30.275720457616888 68.87999725341797 31.329999923706055 AB 8.507849698606831 1.0469052131181333
60022.1404 lsst_hardware_z 168.186880998145 75.52999877929688 31.0 AB 7.369315918912361 1.0372013960467783
60025.1509 lsst_hardware_r 80.22936431192764 73.95999908447266 31.65999984741211 AB 5.181849456811378 1.0408629497620765
60025.169 lsst_hardware_u -9.87764446287833 22.100000381469727 29.479999542236328 AB 5.056883480650099 1.0565439499921858
60027.1504 lsst_hardware_g 7.1426386219516385 76.12999725341797 31.729999542236328 AB 5.637318838332847 1.0439479330246013
60027.1693 lsst_hardware_r 48.47421038128475 72.93000030517578 31.649999618530273 AB 6.328847864769429 1.0641637504341244
60029.1034 lsst_hardware_i -105.4519431529512 69.55000305175781 31.329999923706055 AB 8.491505280814696 1.0454192874780877
60029.1207 lsst_hardware_z -56.49014874595332 75.77999877929688 31.0 AB 8.417241857169905 1.0372874454284342
60031.1491 lsst_hardware_r 119.72722210571573 72.91000366210938 31.649999618530273 AB 7.755736482270164 1.0525291525744511
60031.1664 lsst_hardware_g -103.99567675624834 75.56999969482422 31.719999313354492 AB 7.850713807041279 1.0770139665778078
60036.1364 lsst_hardware_r -107.11036240408755 72.91000366210938 31.649999618530273 AB 8.782544896932025 1.0535682457931892
60036.1545 lsst_hardware_i -150.64350391020503 68.37000274658203 31.31999969482422 AB 9.032465946639142 1.0801800940730657
60038.0687 lsst_hardware_i -4.219229321572047 67.45999908447266 31.329999923706055 AB 5.237782886859484 1.0552954103813161
60038.0872 lsst_hardware_z 190.24378037219705 74.04000091552734 31.0 AB 6.240775289628093 1.0401292149380155
60040.062 lsst_hardware_r -14.627498987415608 72.58000183105469 31.639999389648438 AB 8.32455236688625 1.0567728969473067
60040.0811 lsst_hardware_z -97.92159429016769 75.44000244140625 30.989999771118164 AB 8.216982124662506 1.040442598431483
60044.0578 lsst_hardware_i -3.0810975347829412 69.5 31.329999923706055 AB 5.90035492189382 1.0494650579205513
60044.0752 lsst_hardware_z -16.831065258969392 75.9000015258789 31.0 AB 5.89304006352833 1.0383754131585974
60046.0511 lsst_hardware_r -10.718164215255783 71.91999816894531 31.649999618530273 AB 6.5339272439136655 1.050681767865514
60046.0692 lsst_hardware_g -17.845802845440573 75.1500015258789 31.729999542236328 AB 6.677379146836533 1.0385534095709672
60053.0808 lsst_hardware_z 28.109670658670606 74.30000305175781 31.0 AB 9.316638068210935 1.0449737991039296
60053.0964 lsst_hardware_i -6.860118608912056 67.43000030517578 31.329999923706055 AB 9.617123812457343 1.0614926945316854
60058.0145 lsst_hardware_g -123.59535372291418 75.7300033569336 31.719999313354492 AB 9.332319510681778 1.0548172154338533
60058.0331 lsst_hardware_r -69.5202842634463 73.0199966430664 31.649999618530273 AB 9.201793007286875 1.0398877073007977
60064.0102 lsst_hardware_r -31.986033485287077 73.58999633789062 31.649999618530273 AB 11.271526764626035 1.0436598856135217
60064.0292 lsst_hardware_i -115.35464951799374 69.3499984741211 31.329999923706055 AB 11.198885047232228 1.0369338006696507
60066.0087 lsst_hardware_z 23.61756774527482 75.81999969482422 31.0 AB 9.14184449785979 1.0411827109546754
60066.0261 lsst_hardware_i -189.22368616463854 69.54000091552734 31.329999923706055 AB 9.123447853561581 1.0370009400212012
60068.0163 lsst_hardware_z -77.81028190578657 107.02999877929688 31.739999771118164 AB 11.363782316049651 1.0370306913715688
60070.0383 lsst_hardware_r 42.025702811746044 72.06999969482422 31.649999618530273 AB 3.0399361857723766 1.0482538571628885
60070.0563 lsst_hardware_i -48.10846905188738 67.87000274658203 31.329999923706055 AB 3.864875960510664 1.070899407179458
60072.0485 lsst_hardware_z 26.17725373952965 105.68000030517578 31.739999771118164 AB 10.939088992190795 1.0672281943600561
60076.968 lsst_hardware_y 90.69762279608588 76.62000274658203 30.06999969482422 AB 8.16865979818466 1.0491696198032316
60076.9866 lsst_hardware_g 36.29676323634384 76.8499984741211 31.729999542236328 AB 8.07959523822345 1.0379302751111354
60079.9682 lsst_hardware_y -161.0262444567095 75.76000213623047 30.06999969482422 AB 7.543772154610713 1.042533465258618
60079.9875 lsst_hardware_i -92.82379906005575 68.02999877929688 31.329999923706055 AB 7.673631912807073 1.0369772855144692
60084.9689 lsst_hardware_y 35.56814345741608 75.83000183105469 30.079999923706055 AB 7.3273263713319015 1.0371304134935837
60084.9907 lsst_hardware_i -43.989008914363936 68.08000183105469 31.329999923706055 AB 7.435067615980694 1.043030294502824
60309.3373 lsst_hardware_i 14.647665259153223 63.56999969482422 31.329999923706055 AB 6.1186330525145065 1.0445512523497906
60309.3578 lsst_hardware_y 157.0123290638072 70.20999908447266 30.06999969482422 AB 6.064144995674285 1.0369309462807634
60311.3354 lsst_hardware_i 67.25526011913077 54.16999816894531 31.31999969482422 AB 4.653835088848779 1.042136692285313
60311.3564 lsst_hardware_y 28.965578383478338 60.29999923706055 30.059999465942383 AB 4.611420514192163 1.0372065933855517
60317.327 lsst_hardware_u 9.83275376918714 3.890000104904175 29.209999084472656 AB 9.132369496601312 1.0383985934583058
60317.3483 lsst_hardware_z 38.782463480519894 59.310001373291016 31.700000762939453 AB 9.130752428400672 1.0395938094501505
60327.3156 lsst_hardware_i -46.6474532540835 30.440000534057617 31.239999771118164 AB 7.500626947858947 1.03775406563024
60327.3346 lsst_hardware_r 6.811489042486839 22.850000381469727 31.489999771118164 AB 7.0134725886559 1.0489134821076411
60329.3059 lsst_hardware_u 3.025326100429725 2.5999999046325684 28.360000610351562 AB 11.157454707292512 1.0370425808632386
60329.326 lsst_hardware_g 2.0535219328931174 14.039999961853027 31.40999984741211 AB 11.371528488592812 1.0461548157984224
60331.3051 lsst_hardware_r 0.976017757754461 22.780000686645508 31.5 AB 9.74548731785847 1.037858074319326
60331.3249 lsst_hardware_i -16.76271486748396 30.59000015258789 31.25 AB 9.903868457157731 1.0500841284162405
60333.2418 lsst_hardware_i 36.430723633401925 64.54000091552734 31.31999969482422 AB 10.867007559315873 1.084207079648396
60333.2618 lsst_hardware_z -118.11514956426527 58.77000045776367 30.979999542236328 AB 9.977390328325173 1.0538198104098269
60335.2396 lsst_hardware_i 31.122781851131013 83.83000183105469 31.329999923706055 AB 15.230061277735928 1.0781199361296803
60335.2595 lsst_hardware_z 53.978033491851605 71.9000015258789 30.989999771118164 AB 13.323508679815731 1.0504737461089932
60339.2829 lsst_hardware_r 48.235347181330525 79.0199966430664 31.649999618530273 AB 12.888179310105167 1.0377652266071395
60339.3004 lsst_hardware_y 52.28453008748911 53.95000076293945 30.049999237060547 AB 11.681271973459566 1.0476007330128305
60341.2835 lsst_hardware_z -67.1876292024532 48.880001068115234 30.969999313354492 AB 10.971589800995584 1.039911833656754
60341.301 lsst_hardware_r -27.21109113610143 50.18000030517578 31.6200008392334 AB 10.369989906370881 1.0536466070281327
60345.2205 lsst_hardware_r 4.339900639371986 23.34000015258789 31.489999771118164 AB 5.670736740119389 1.064793779830882
60345.2375 lsst_hardware_i 8.464798836526066 31.010000228881836 31.25 AB 5.542243843581776 1.0457063855814672
60349.2171 lsst_hardware_z -48.33660152480679 41.61000061035156 30.950000762939453 AB 5.619305331377015 1.0549714317801586
60349.235 lsst_hardware_r -47.48093975878649 23.149999618530273 31.5 AB 5.5148502225393745 1.0402760731651235
60351.1966 lsst_hardware_u -3.225107678355541 2.759999990463257 28.459999084472656 AB 2.9076184006612866 1.0768957039486247
60351.2137 lsst_hardware_g -8.60108451174045 14.399999618530273 31.440000534057617 AB 3.916005671375608 1.0526661153761594
60353.1977 lsst_hardware_r 3.7734922723435007 23.34000015258789 31.489999771118164 AB 4.293335741488576 1.0662036981408274
60353.2136 lsst_hardware_z 77.27127992349969 41.5 30.950000762939453 AB 5.141124546069114 1.0474277513213703
60355.1975 lsst_hardware_r -7.513240787914421 23.229999542236328 31.5 AB 4.126881788258413 1.058898850904471
60355.2152 lsst_hardware_u 2.3120404683269546 2.690000057220459 28.420000076293945 AB 3.3174732000543097 1.0421654598458143
60357.1982 lsst_hardware_g 28.155647671168914 14.529999732971191 31.440000534057617 AB 4.446705688833409 1.0517279301876623
60357.2163 lsst_hardware_r 13.95591153360212 23.31999969482422 31.510000228881836 AB 4.735346133048037 1.0389087610899421
60360.23 lsst_hardware_i 94.07198954816165 44.130001068115234 31.309999465942383 AB 3.4293619569403293 1.039200593012221
60360.2472 lsst_hardware_z 33.51987771574351 47.20000076293945 30.969999313354492 AB 3.4701773372339493 1.0515688900708937
60361.2359 lsst_hardware_r -11.553100902997667 65.31999969482422 31.639999389648438 AB 5.776951563961844 1.0440431146183244
60361.2528 lsst_hardware_z -0.4012883241292328 54.380001068115234 30.969999313354492 AB 5.579425852488387 1.061568261136208
60364.1717 lsst_hardware_z 200.83223474586165 120.70999908447266 31.75 AB 10.12955322563887 1.0605011229075767
60366.1641 lsst_hardware_r -43.176406584518666 118.38999938964844 31.65999984741211 AB 5.6819710500852185 1.063442083115332
60366.1813 lsst_hardware_z -56.79258887873168 80.98999786376953 30.989999771118164 AB 7.285499424923102 1.0448156352965872
60368.1637 lsst_hardware_r 13.210565947589695 76.37000274658203 31.649999618530273 AB 6.425552606786282 1.0567763730255384
60368.1804 lsst_hardware_y -32.30015162567006 52.75 30.049999237060547 AB 6.371129743796526 1.041743519901304
60371.1626 lsst_hardware_i -7.904305358350956 39.209999084472656 31.280000686645508 AB 5.205692325257916 1.0491117140785804
60371.1809 lsst_hardware_z -72.53906863184064 45.22999954223633 30.959999084472656 AB 5.6406497664675594 1.0379812791953773
60385.1335 lsst_hardware_g -12.736304702902343 14.430000305175781 31.43000030517578 AB 8.50035204839046 1.042029058950699
60385.1535 lsst_hardware_r 22.31196545387486 23.260000228881836 31.5 AB 8.458228652089694 1.0370771822323115
60392.1519 lsst_hardware_z 127.39580804550815 77.2300033569336 30.989999771118164 AB 5.640330424187853 1.0445056341088617
60392.1714 lsst_hardware_r -174.5731771262375 113.5999984741211 31.649999618530273 AB 6.380103120804067 1.0661937033429394
60395.1122 lsst_hardware_y 66.61989932089999 85.76000213623047 30.809999465942383 AB 6.656392390476393 1.0390331011722347
60397.1371 lsst_hardware_r 37.744997733599675 73.94000244140625 31.649999618530273 AB 6.837826234195186 1.043677369757613
60397.1549 lsst_hardware_i 47.69248383404952 60.77000045776367 31.31999969482422 AB 6.946500580128028 1.0621019183723603
60399.1351 lsst_hardware_z -96.72065033486446 47.56999969482422 30.959999084472656 AB 5.2901992448580675 1.0463210531760259
60399.1527 lsst_hardware_r 41.68024442925974 48.7599983215332 31.6200008392334 AB 5.363672844933513 1.0668137526594592
60401.1322 lsst_hardware_u 1.9250497580516104 3.7100000381469727 28.65999984741211 AB 8.89496663033236 1.0485637899719673
60401.1496 lsst_hardware_r 5.882106324045093 30.809999465942383 31.549999237060547 AB 9.016245151899463 1.070495120439216
60403.0675 lsst_hardware_g -0.2911631306967407 13.979999542236328 31.40999984741211 AB 5.079060823651421 1.0575501437364148
60403.0861 lsst_hardware_i -30.064579435432776 30.280000686645508 31.239999771118164 AB 6.246116590135454 1.0410194316892423
60413.0546 lsst_hardware_r -9.024762361152703 23.450000762939453 31.520000457763672 AB 6.031609441170111 1.0436213238463725
60413.075 lsst_hardware_i 30.176324916821486 30.799999237060547 31.270000457763672 AB 5.910463990374765 1.036923507083292
60415.0412 lsst_hardware_z 49.673848045029665 42.72999954223633 30.959999084472656 AB 16.48704850164283 1.050325601994606
60415.0581 lsst_hardware_r -60.92898931350805 28.850000381469727 31.56999969482422 AB 17.221740172495764 1.0388362131849558
60417.0835 lsst_hardware_z -147.89095022508243 47.150001525878906 30.959999084472656 AB 11.801730750239631 1.0444009513486399
60417.1006 lsst_hardware_r -1.5454967355276625 45.25 31.6200008392334 AB 12.006580243850301 1.0625292251194955
60423.0822 lsst_hardware_r -178.92515396204365 152.91000366210938 32.40999984741211 AB 9.847161842224553 1.0598032440644194
60423.0989 lsst_hardware_z -5.401941322632137 103.61000061035156 31.739999771118164 AB 9.965162504230294 1.0874249786370902
60426.0107 lsst_hardware_u -27.52240277760698 14.239999771118164 29.360000610351562 AB 4.865158664524638 1.0507902083206562
60426.0276 lsst_hardware_g 6.78910089960353 73.2300033569336 31.719999313354492 AB 4.784651630331737 1.0390122975747529
60429.0121 lsst_hardware_r 2.8254934897212225 22.799999237060547 31.5 AB 11.26242903563649 1.042817503299675
60429.0298 lsst_hardware_i 15.527699539627568 30.56999969482422 31.260000228881836 AB 11.19860350587871 1.0369077320258064
60432.0058 lsst_hardware_z -42.03412240302172 41.34000015258789 30.959999084472656 AB 14.182708533252473 1.0416462800146258
60432.0255 lsst_hardware_r 38.724713066524224 23.110000610351562 31.520000457763672 AB 14.132713049538369 1.0371111065926741
60436.0368 lsst_hardware_u 4.204547679864386 3.8299999237060547 29.200000762939453 AB 6.7492015666363505 1.0487183249551486
60436.0553 lsst_hardware_r -25.63294742882061 32.59000015258789 32.25 AB 6.820989553173727 1.072566955448289
60442.9694 lsst_hardware_y -35.68870359141988 47.7599983215332 30.040000915527344 AB 7.611483382559152 1.0461082164045015
60442.989 lsst_hardware_i 12.46580213812956 31.389999389648438 31.25 AB 7.500430666536123 1.0370692722315995
60444.9679 lsst_hardware_y 56.19034745073599 49.4900016784668 30.049999237060547 AB 7.508636825345222 1.0431559912955295
60444.9857 lsst_hardware_r -24.207328994235244 34.189998626708984 31.579999923706055 AB 7.498988448804628 1.0369176505537372
60446.9783 lsst_hardware_y -156.20017003484526 72.0199966430664 30.799999237060547 AB 7.683648281830843 1.0370462195700159
60453.9546 lsst_hardware_y -41.891685493169724 67.93000030517578 30.06999969482422 AB 5.694610404336605 1.0378840669497618
60453.9834 lsst_hardware_r 4.665125111325167 76.3499984741211 31.649999618530273 AB 4.905455024163993 1.0451036003545702
60457.9528 lsst_hardware_y 55.89002645649135 67.83000183105469 30.06999969482422 AB 9.822135349000904 1.0369561798971332
60457.9717 lsst_hardware_z -5.0765101205782415 41.90999984741211 30.959999084472656 AB 9.26954592296966 1.044514724544443
