data/validation/pwv_sim_epoch_fit_4/31000919.ecsv
# %ECSV 0.9
# ---
# datatype:
# - {name: time, datatype: float64}
# - {name: band, datatype: string}
# - {name: flux, datatype: float64}
# - {name: fluxerr, datatype: float64}
# - {name: zp, datatype: float64}
# - {name: zpsys, datatype: string}
# - {name: pwv, datatype: float64}
# - {name: airmass, datatype: float64}
# meta: {SNID: '31000919', alt: 1024.0, c: -0.03822634369134903, dec: 3.882372, lat: -30.244573, lon: -70.7499537, ra: 144.667969, t0: 61138.78125,
#   x0: 4.220003741659982e-05, x1: -2.3779022693634033, z: 0.24820753931999207}
# schema: astropy-2.0
time band flux fluxerr zp zpsys pwv airmass
61027.3142 lsst_hardware_r -31.023580731822616 25.1200008392334 31.479999542236328 AB 8.74380286510599 1.2536217637371487
61027.334 lsst_hardware_y -45.906358041111076 49.9900016784668 29.989999771118164 AB 6.996064909116203 1.2197297492248098
61029.3099 lsst_hardware_g 6.824481953930595 15.3100004196167 31.389999389648438 AB 5.457564122366474 1.2510175638662404
61029.3308 lsst_hardware_y 7.895530764564296 49.689998626708984 29.989999771118164 AB 5.262634653991877 1.2172162955921435
61031.3117 lsst_hardware_i -54.10980534899484 32.91999816894531 31.229999542236328 AB 7.519083849371789 1.2365219431608978
61031.3324 lsst_hardware_z -41.185538938346866 44.189998626708984 30.940000534057617 AB 7.2392858115124215 1.2110723360630484
61033.3154 lsst_hardware_r 17.179025136787583 24.8700008392334 31.479999542236328 AB 7.418248216067282 1.2224523289317553
61033.3361 lsst_hardware_y 35.86518234171337 49.68000030517578 29.989999771118164 AB 7.237910881839411 1.2068716298035618
61039.3276 lsst_hardware_u -0.679032838122156 2.680000066757202 28.31999969482422 AB 11.267339177346678 1.206611606055518
61039.3493 lsst_hardware_y -44.03762492473232 52.959999084472656 30.0 AB 10.738742856073436 1.2220591401803833
61041.2927 lsst_hardware_g 23.91191551198041 39.4900016784668 31.610000610351562 AB 8.696592458212823 1.223571916634059
61041.3139 lsst_hardware_r -18.430614606055755 24.59000015258789 31.479999542236328 AB 8.582387203159906 1.2069510045508107
61044.2885 lsst_hardware_i -30.29065351468827 95.5999984741211 31.309999465942383 AB 3.269488219928581 1.2186698962273397
61044.3102 lsst_hardware_z 27.567362807873227 82.04000091552734 30.969999313354492 AB 3.9379055201481634 1.2063429552174503
61047.2975 lsst_hardware_r 71.34926620147995 94.75 31.6200008392334 AB 10.132757933245685 1.2069512348025513
61047.3174 lsst_hardware_z -81.72933585250749 72.8499984741211 30.969999313354492 AB 10.09447874266319 1.2119070454309353
61055.2307 lsst_hardware_i -20.31345070408188 33.18000030517578 31.229999542236328 AB 6.864461824142383 1.2711966341004413
61055.25 lsst_hardware_z -19.237532958588098 44.25 30.940000534057617 AB 6.76540255445393 1.2300731917188963
61057.2391 lsst_hardware_r -0.7399328485473877 24.59000015258789 31.469999313354492 AB 4.0547042089384675 1.2394653175886803
61057.2577 lsst_hardware_u -1.6546294308745135 2.6500000953674316 28.299999237060547 AB 2.5973828265448047 1.2139666570024588
61059.2336 lsst_hardware_g 42.90391298035028 15.010000228881836 31.360000610351562 AB 7.4328919858631615 1.2395383950409649
61059.253 lsst_hardware_r -21.817972694062977 24.600000381469727 31.459999084472656 AB 7.702911728163954 1.2133117286827608
61061.2319 lsst_hardware_i 6.634078128721415 32.720001220703125 31.229999542236328 AB 14.55513531012191 1.2328591656887946
61061.2517 lsst_hardware_z -38.841692907842386 43.77000045776367 30.940000534057617 AB 14.341952828018977 1.2102573340850293
61067.2136 lsst_hardware_z 43.66062604202196 44.0099983215332 30.93000030517578 AB 13.579773863125428 1.2361637501043439
61067.2306 lsst_hardware_i 16.148362304753324 32.56999969482422 31.229999542236328 AB 13.15266937576473 1.2137844432503808
61069.2162 lsst_hardware_z -98.94373884823449 50.599998474121094 30.940000534057617 AB 12.966861068599147 1.223625469454565
61069.2361 lsst_hardware_g 29.580313460411677 33.599998474121094 31.600000381469727 AB 12.69338488989974 1.2073127941885378
61071.2077 lsst_hardware_r -353.97674611032147 101.04000091552734 31.6200008392334 AB 12.583259256172221 1.2279345456132933
61071.2253 lsst_hardware_i -123.63287177925994 81.5 31.309999465942383 AB 12.955939767222556 1.2097049269115365
61072.2159 lsst_hardware_z -5.340107595116324 127.72000122070312 31.729999542236328 AB 15.168312427707985 1.2147202050952373
61074.216 lsst_hardware_z -185.16144149041813 107.54000091552734 30.979999542236328 AB 10.920460473087475 1.2103809590742425
61074.2332 lsst_hardware_r 368.7271984174579 156.91000366210938 31.6200008392334 AB 10.896708283588023 1.2068120514901088
61078.1781 lsst_hardware_z 17.09434997315539 52.310001373291016 30.940000534057617 AB 6.2891187270804405 1.2467278673962614
61078.1964 lsst_hardware_i 7.894487082868275 47.959999084472656 31.270000457763672 AB 6.17204795042219 1.2178468726168488
61080.1771 lsst_hardware_z -9.998825091723763 45.869998931884766 30.940000534057617 AB 6.9957935432174585 1.2379744369522905
61080.1961 lsst_hardware_g -54.302743529320914 28.31999969482422 31.579999923706055 AB 6.905267871221758 1.2129400792590366
61084.1619 lsst_hardware_z 39.62464923153417 44.27000045776367 30.920000076293945 AB 4.515923501427498 1.2463450325926635
61084.178 lsst_hardware_u 0.5929312771274967 2.680000066757202 28.299999237060547 AB 4.902822582429616 1.2201387625034819
61086.1573 lsst_hardware_g 3.3889735704696666 15.720000267028809 31.399999618530273 AB 3.6196391349922155 1.244575060742309
61086.1738 lsst_hardware_r -60.999296682645365 25.31999969482422 31.479999542236328 AB 4.707351436857171 1.2186791776468504
61090.1593 lsst_hardware_i 43.98576340369327 33.36000061035156 31.239999771118164 AB 3.7429044665134055 1.2230381657270686
61090.1769 lsst_hardware_u 0.5794252159834685 2.8399999141693115 28.43000030517578 AB 3.9247172252622224 1.2079769853069322
61094.1606 lsst_hardware_i -12.641626940825246 32.869998931884766 31.229999542236328 AB 9.806747024432608 1.210896375913889
61094.1793 lsst_hardware_r -21.540760584793322 24.8799991607666 31.479999542236328 AB 13.298440462274636 1.2069740844322823
61096.1873 lsst_hardware_z 4.9576658435343335 44.15999984741211 30.93000030517578 AB 11.362382415858582 1.2149898325667012
61096.2045 lsst_hardware_g 16.449172608853345 15.4399995803833 31.399999618530273 AB 11.570745544081195 1.2389705047736583
61099.127 lsst_hardware_i 36.741549119364066 72.73999786376953 31.299999237060547 AB 7.525671125569565 1.2347961811807424
61099.1472 lsst_hardware_z 73.77599497114917 67.19999694824219 30.969999313354492 AB 7.282913007910166 1.210724760264352
61107.1189 lsst_hardware_z -46.357944077433594 50.970001220703125 30.950000762939453 AB 12.558547777717095 1.2160886780010773
61107.1368 lsst_hardware_g 98.26593730753733 51.150001525878906 31.649999618530273 AB 13.834738037100033 1.2063951083843243
61109.1185 lsst_hardware_r 33.946817398432515 30.3700008392334 31.530000686645508 AB 13.541582822769959 1.2117024627407724
61109.1364 lsst_hardware_i -5.352222362585947 36.81999969482422 31.25 AB 12.657678063074858 1.206565651665753
61113.0821 lsst_hardware_i 48.52587916792468 32.84000015258789 31.219999313354492 AB 16.20355252047974 1.24763476342971
61113.101 lsst_hardware_u 1.4849949819974033 2.640000104904175 28.290000915527344 AB 15.821659498788415 1.2176595604562601
61114.0813 lsst_hardware_g -11.638420846502402 15.377418767443904 31.3799991607666 AB 11.99631786608443 1.2436572533780252
61114.1008 lsst_hardware_r -51.30174430749058 24.584519879437853 31.469999313354492 AB 10.736452588134295 1.2151035655721167
61116.08 lsst_hardware_i -36.46526726903489 33.68352469833959 31.229999542236328 AB 10.132435042049938 1.2358135189718182
61116.0986 lsst_hardware_r -94.79727627346011 25.478941479627885 31.469999313354492 AB 9.226793406254732 1.2122971234075492
61124.0658 lsst_hardware_z 882.7839055210512 53.63629933823399 30.93000030517578 AB 12.706294114862299 1.223916594785259
61124.0837 lsst_hardware_g 538.0504575355561 30.346465475968678 31.479999542236328 AB 10.706081639834705 1.2081227342042717
61130.0604 lsst_hardware_z 4013.7721733833423 107.88959038631708 30.969999313354492 AB 5.7981116660294685 1.212275499047873
61130.0786 lsst_hardware_r 6775.202814589154 150.58579596810475 31.610000610351562 AB 5.789471106329044 1.2064958976772404
61133.0601 lsst_hardware_i 7509.9539301262075 113.94997551543851 31.299999237060547 AB 7.449290341927975 1.2077318971996454
61133.0791 lsst_hardware_z 4868.580257347062 95.34823845484428 30.959999084472656 AB 7.346350215677988 1.2095744160167459
61137.0582 lsst_hardware_g 10474.274748598353 106.82926704907548 31.56999969482422 AB 13.078562349676794 1.206361057958135
61137.0772 lsst_hardware_i 8648.966037007314 101.64683060058971 31.260000228881836 AB 13.251054001055396 1.2168093664880988
61142.0157 lsst_hardware_r 11450.092715224642 109.48531549717724 31.489999771118164 AB 6.091400019819178 1.225222933922731
61142.0334 lsst_hardware_u 101.32179987458406 10.074079680847962 28.440000534057617 AB 6.050785801724134 1.2086463524043212
61154.0062 lsst_hardware_z 2553.7053864380773 69.00702529253624 30.940000534057617 AB 10.668505494311214 1.2067307562610476
61154.0226 lsst_hardware_r 6961.227496182792 93.92308631267765 31.56999969482422 AB 10.693832867149625 1.2100746304107008
61156.0117 lsst_hardware_y 1824.2861930560455 88.24095374732588 30.760000228881836 AB 14.006724777241535 1.2074762739001323
61157.9723 lsst_hardware_z 2573.565495418881 87.27309686640092 30.959999084472656 AB 1.2989242897505011 1.2248225268745885
61157.9934 lsst_hardware_r 5512.011431956158 114.59747585687263 31.610000610351562 AB 1.2865787750523336 1.207205043445774
61159.9695 lsst_hardware_y 989.7940726019547 68.00808859244742 30.0 AB 13.650386528075174 1.2213289467409372
61159.9871 lsst_hardware_z 2488.9942881530355 81.79815261306646 30.969999313354492 AB 13.609236240405242 1.207473825396343
61166.9652 lsst_hardware_y 2221.4179237095027 88.0950803195415 30.75 AB 4.64169814516166 1.208618186476575
61166.9834 lsst_hardware_r 4707.5692486261305 77.7047067711534 32.2400016784668 AB 5.016826358757417 1.2081460225785472
61170.964 lsst_hardware_z 2250.878553730976 67.33234669730967 30.950000762939453 AB 9.067746372102874 1.20631194600217
61170.9825 lsst_hardware_i 2668.7654174020795 61.04194420915528 31.229999542236328 AB 9.11396663867807 1.2149795554583196
61394.3326 lsst_hardware_r -3.8844281992054346 25.030000686645508 31.489999771118164 AB 5.369913984309747 1.2160131305047535
61394.3541 lsst_hardware_y -17.450388645945775 69.19999694824219 30.020000457763672 AB 5.871735302202134 1.2063556983020407
61396.3221 lsst_hardware_g 14.912425434774503 19.350000381469727 31.489999771118164 AB 7.32411770421654 1.2216873889798374
61396.3447 lsst_hardware_y -14.560525070905221 52.77000045776367 30.0 AB 7.948495318803739 1.2063890497019993
61405.2904 lsst_hardware_r -17.666371653645843 34.13999938964844 31.530000686645508 AB 6.918819829223375 1.2320201506259165
61405.3122 lsst_hardware_i 41.07404881448421 37.4900016784668 31.25 AB 6.063141908660367 1.2088005134393902
61407.2904 lsst_hardware_z 23.106304778791284 44.72999954223633 30.93000030517578 AB 5.952006494804203 1.2238532888562441
61407.3107 lsst_hardware_r -15.99053023055331 26.0 31.489999771118164 AB 6.243629184991309 1.207198218289116
61409.2941 lsst_hardware_u 2.893764235915488 2.690000057220459 28.31999969482422 AB 3.968855014430107 1.2137171297951397
61409.3142 lsst_hardware_r -28.35159406464922 24.709999084472656 31.489999771118164 AB 3.8598838594552345 1.2064650529657954
61411.2936 lsst_hardware_i -48.08296990920734 32.720001220703125 31.229999542236328 AB 8.620505897233935 1.2100370893298278
61411.3143 lsst_hardware_z -25.95672195814196 43.959999084472656 30.93000030517578 AB 8.7631924381349 1.2080219328847623
61413.2945 lsst_hardware_r 34.22107201528265 34.56999969482422 32.2400016784668 AB 10.60994603972924 1.2071388849813303
61413.3149 lsst_hardware_u 4.70104502485658 3.9000000953674316 29.149999618530273 AB 10.592029583216558 1.2114868561382317
61415.2956 lsst_hardware_g -24.36413993608183 15.050000190734863 31.399999618530273 AB 8.626231973196685 1.2062691830978653
61415.3176 lsst_hardware_r 31.13896190592212 24.559999465942383 31.469999313354492 AB 8.732924283686954 1.2191146045165593
61418.2284 lsst_hardware_r 4.708359973620108 24.84000015258789 31.469999313354492 AB 5.7336318694619175 1.296444054823595
61418.2469 lsst_hardware_i -59.205999192960974 32.9900016784668 31.229999542236328 AB 5.493387615464379 1.246985687529747
61420.2357 lsst_hardware_z -122.07548741130472 44.81999969482422 30.93000030517578 AB 6.804100948601346 1.2600186941854343
61420.2552 lsst_hardware_r -13.715297642876758 24.649999618530273 31.469999313354492 AB 6.770993932810824 1.223452496442358
61426.2301 lsst_hardware_r -7.744007390826221 100.66999816894531 31.610000610351562 AB 14.620779778023415 1.2371270436911652
61426.2504 lsst_hardware_z 12.998710408130268 71.81999969482422 30.969999313354492 AB 14.336128157117372 1.2115379157540245
61428.2297 lsst_hardware_y 56.808833522101374 73.80999755859375 30.010000228881836 AB 11.28234854947755 1.2286793955325404
61428.251 lsst_hardware_r -35.69626486392449 152.44000244140625 31.6200008392334 AB 11.47642939979215 1.208045199978121
61430.2307 lsst_hardware_i 30.738370603759076 91.73999786376953 31.299999237060547 AB 10.507996694490032 1.2199214458987702
61430.2508 lsst_hardware_z 59.695985444154 79.9000015258789 30.969999313354492 AB 11.22485702921987 1.2065090005700172
61432.2137 lsst_hardware_r -64.25828639757773 59.310001373291016 31.59000015258789 AB 13.434810234850167 1.237157634450904
61432.2301 lsst_hardware_z -38.66776384907497 54.66999816894531 30.959999084472656 AB 13.206748622091142 1.2147860146028953
61434.2064 lsst_hardware_r -30.574513774852534 34.34000015258789 31.549999237060547 AB 11.976598518018085 1.2405840602877651
61434.2238 lsst_hardware_i 49.41722992164183 37.779998779296875 31.260000228881836 AB 12.820359131163563 1.2155839884162671
61436.2108 lsst_hardware_z 117.27885966813776 44.400001525878906 30.940000534057617 AB 12.897934479680746 1.2244099563015707
61436.2283 lsst_hardware_i -32.26354484908914 33.4900016784668 31.25 AB 12.73275014127894 1.2084229808236893
61438.2151 lsst_hardware_u 0.15071184733370482 2.869999885559082 28.459999084472656 AB 12.580833929626596 1.21354624574386
61438.2325 lsst_hardware_g -26.8567184834236 15.550000190734863 31.43000030517578 AB 12.654348995874699 1.206248315570171
61443.1781 lsst_hardware_r 4.160242794055301 25.09000015258789 31.489999771118164 AB 6.296143822694032 1.2481204921585949
61443.196 lsst_hardware_g -18.103604637210903 15.449999809265137 31.420000076293945 AB 6.057170937784631 1.2189919375698781
61445.1767 lsst_hardware_r -15.709162154663538 25.260000228881836 31.479999542236328 AB 6.942855591844033 1.2399432536928265
61445.1959 lsst_hardware_i -55.792920614948095 33.220001220703125 31.239999771118164 AB 6.814471770858 1.213619193385207
61447.1936 lsst_hardware_i -5.0951816411044755 33.189998626708984 31.239999771118164 AB 3.2700901050033258 1.211144483334565
61447.2107 lsst_hardware_u 2.0535829663822276 2.75 28.360000610351562 AB 4.480868427676319 1.2064804597943821
61450.1645 lsst_hardware_z 68.26618583508683 44.290000915527344 30.93000030517578 AB 2.1231172099489353 1.2372477913456452
61450.1813 lsst_hardware_g -8.478998541794693 15.529999732971191 31.40999984741211 AB 1.6103730993195884 1.2144593509197499
61456.156 lsst_hardware_z 2.117156216243515 112.9000015258789 30.979999542236328 AB 4.761302078812366 1.224667229942736
61456.1728 lsst_hardware_r -120.63835201255051 164.6699981689453 31.6200008392334 AB 4.3518645342184294 1.2088512595051193
61462.1244 lsst_hardware_z -74.80596370685046 48.31999969482422 30.940000534057617 AB 7.142806835424217 1.2520988960075172
61462.1412 lsst_hardware_g 33.01923721829567 39.709999084472656 31.6200008392334 AB 6.621932115180658 1.2225481612075433
61470.1203 lsst_hardware_i -19.35230335460127 32.83000183105469 31.229999542236328 AB 8.924788240685269 1.2213468078667917
61470.1396 lsst_hardware_z -86.24748834395511 43.970001220703125 30.93000030517578 AB 9.234076568543184 1.2069110663368428
61472.1203 lsst_hardware_i -34.01777824737052 33.02000045776367 31.229999542236328 AB 12.54934698614658 1.215325224021749
61472.1394 lsst_hardware_u -1.1252802212781439 2.700000047683716 28.329999923706055 AB 13.858033383888447 1.2062351346737463
61476.1193 lsst_hardware_i 0.7545976385130229 32.810001373291016 31.219999313354492 AB 9.59036854135857 1.2083115208968842
61476.1376 lsst_hardware_r 10.967241020426423 24.709999084472656 31.469999313354492 AB 9.951825710474669 1.2083324077798212
61477.1166 lsst_hardware_u -2.9354686994481836 2.7300000190734863 28.3700008392334 AB 15.675846331817073 1.2082974009956506
61477.135 lsst_hardware_g -23.100645576946256 15.079999923706055 31.40999984741211 AB 16.91749264230182 1.2083923315929872
61489.0812 lsst_hardware_i -41.551177301303966 54.56999969482422 31.290000915527344 AB 12.481750438173773 1.209667301389814
61489.1029 lsst_hardware_r -37.835170748821874 64.23999786376953 31.600000381469727 AB 10.744440023404268 1.2087117303914054
61492.0614 lsst_hardware_u 5.977228568375491 2.809999942779541 28.43000030517578 AB 8.706178342343305 1.2199222338640783
61492.08 lsst_hardware_g 7.096734862182589 15.180000305175781 31.420000076293945 AB 8.449557055199566 1.206792247826646
61497.0626 lsst_hardware_z 138.73331664769898 44.029998779296875 30.940000534057617 AB 10.52192336888693 1.2080279413188386
61497.0811 lsst_hardware_r 0.06872088071499412 24.559999465942383 31.479999542236328 AB 10.622245720636597 1.2087330960849572
61499.0601 lsst_hardware_u -3.4812367991451754 2.7100000381469727 28.350000381469727 AB 5.9738136428987065 1.2069935970295407
61499.0787 lsst_hardware_g -4.935911449530461 15.069999694824219 31.399999618530273 AB 5.998436291833832 1.2105010679066828
61501.0223 lsst_hardware_g -0.006185354371579513 15.130000114440918 31.3799991607666 AB 10.06694719325512 1.2428329868216197
61501.0413 lsst_hardware_r 21.499094665661158 24.709999084472656 31.469999313354492 AB 9.842694013986604 1.2151474091341488
61503.0218 lsst_hardware_i -30.812599095556784 32.900001525878906 31.229999542236328 AB 9.406445077726227 1.2336995566174624
61503.0408 lsst_hardware_r -23.793703081566957 24.6299991607666 31.479999542236328 AB 9.297423310166655 1.2110619237123457
61505.0495 lsst_hardware_g 2.6266789079059825 15.34000015258789 31.40999984741211 AB 6.793516193522846 1.2062351195885734
61505.0665 lsst_hardware_r -3.130642818872061 24.959999084472656 31.489999771118164 AB 6.852774082424785 1.213685912317872
61511.0129 lsst_hardware_r 175.95293299997934 84.43000030517578 31.610000610351562 AB 19.07335508438976 1.2162190393361876
61511.0313 lsst_hardware_i 2.291927574470378 73.55999755859375 31.299999237060547 AB 18.872468610881615 1.2062939348598027
61513.0114 lsst_hardware_z 31.698133572112283 75.48999786376953 30.979999542236328 AB 12.975177905495274 1.212633449111708
61513.0281 lsst_hardware_r -13.80460484353465 101.25 31.6200008392334 AB 12.906834858746121 1.206246248480946
61515.0207 lsst_hardware_z -134.19149767367207 99.44999694824219 31.719999313354492 AB 8.390831223791633 1.2062724588544613
61518.0091 lsst_hardware_r -35.94920466146449 58.310001373291016 31.600000381469727 AB 7.424260961974868 1.2067717544455667
61518.0266 lsst_hardware_z 93.68278349601658 55.40999984741211 30.959999084472656 AB 7.443511935928777 1.2103599451359837
61523.9697 lsst_hardware_y -11.756388238514008 55.119998931884766 29.979999542236328 AB 13.19067415624164 1.2255384093505604
61523.9879 lsst_hardware_i 3.7906640621504706 33.040000915527344 31.229999542236328 AB 12.792225030924593 1.208466773503811
61525.9696 lsst_hardware_y -118.25794937004396 53.88999938964844 30.0 AB 13.953157636517437 1.218722826143544
61525.9879 lsst_hardware_r 6.330430678849217 25.190000534057617 31.479999542236328 AB 13.758039370624974 1.2066338686743532
61527.9684 lsst_hardware_y -16.70036638860281 53.540000915527344 30.0 AB 16.003236771469183 1.2143827267346048
61527.9868 lsst_hardware_g 33.90395937215609 15.710000038146973 31.43000030517578 AB 15.902957824395978 1.2062392554864938
61531.965 lsst_hardware_y 63.801726613090146 54.189998626708984 30.0 AB 4.383816616443553 1.2089952058586741
61531.9825 lsst_hardware_u 3.9393088744659424 2.8399999141693115 28.399999618530273 AB 4.388683683298399 1.207451490269185
61532.9639 lsst_hardware_z 58.60832109401851 50.70000076293945 30.950000762939453 AB 11.872627304600348 1.2082049495861953
61532.9818 lsst_hardware_r 30.817949109712213 25.350000381469727 31.489999771118164 AB 11.85999655228311 1.2082618803742056
61536.962 lsst_hardware_y -115.75043633396109 58.15999984741211 30.0 AB 14.003608908977832 1.206237128946085
61536.9799 lsst_hardware_z -81.90901234832104 47.130001068115234 30.940000534057617 AB 14.159271861400384 1.2143805021356
