data/validation/pwv_sim_epoch_fit_4/31000754.ecsv
# %ECSV 0.9
# ---
# datatype:
# - {name: time, datatype: float64}
# - {name: band, datatype: string}
# - {name: flux, datatype: float64}
# - {name: fluxerr, datatype: float64}
# - {name: zp, datatype: float64}
# - {name: zpsys, datatype: string}
# - {name: pwv, datatype: float64}
# - {name: airmass, datatype: float64}
# meta: {SNID: '31000754', alt: 1024.0, c: 0.17958037555217743, dec: -4.480799, lat: -30.244573, lon: -70.7499537, ra: 339.433594, t0: 60522.8359375,
#   x0: 4.960802041519855e-06, x1: 1.0928703546524048, z: 0.615253746509552}
# schema: astropy-2.0
time band flux fluxerr zp zpsys pwv airmass
60462.4114 lsst_hardware_r -18.818129140942087 31.360000610351562 31.540000915527344 AB 8.556344966495413 1.1353960942801768
60462.4298 lsst_hardware_y 46.62853480735094 51.970001220703125 30.020000457763672 AB 7.247344456661314 1.1162640672562671
60466.4119 lsst_hardware_g -16.81608455193521 16.540000915527344 31.450000762939453 AB 4.946164519107553 1.1217488325765803
60466.4315 lsst_hardware_y -11.235260248340964 50.9900016784668 30.020000457763672 AB 4.224346720978189 1.1116701897311023
60468.4105 lsst_hardware_i -45.38738498576248 33.06999969482422 31.25 AB 3.2495074549814262 1.1183024881636157
60468.4312 lsst_hardware_y -42.276598517710646 51.25 30.020000457763672 AB 1.6856714568134692 1.1117371520613035
60485.354 lsst_hardware_z 5.838848079181087 68.98999786376953 30.979999542236328 AB 4.081827780486301 1.1282260362970151
60485.3758 lsst_hardware_i -0.026468481549961998 76.77999877929688 31.31999969482422 AB 4.985686333567859 1.1123591336397565
60487.3838 lsst_hardware_z -29.57594844204026 101.9000015258789 31.729999542236328 AB 8.00041940622487 1.112714799196783
60493.3378 lsst_hardware_i 48.84548928712722 32.390089838228874 31.239999771118164 AB 7.382210135425657 1.122129604472834
60493.3592 lsst_hardware_z 14.563721556841159 42.93282427436504 30.940000534057617 AB 7.308150046135289 1.111590242016167
60495.3012 lsst_hardware_r 70.98260497025991 25.250860709463115 31.489999771118164 AB 5.215136928806578 1.1746465293781356
60495.3203 lsst_hardware_g 18.66261906360334 15.656243128717943 31.440000534057617 AB 5.027675826149262 1.1369044776186124
60497.3467 lsst_hardware_r 95.39921857232348 25.891672676970618 31.5 AB 1.723510468527247 1.1117031618107378
60497.3667 lsst_hardware_i 113.82649630772 33.660028465725375 31.239999771118164 AB 1.7342010090274083 1.118117994215038
60499.3348 lsst_hardware_z 170.56362960227594 45.17763989659149 30.950000762939453 AB 2.380865547416584 1.1132476063356846
60499.3582 lsst_hardware_i 205.74962704799069 35.582597051797634 31.25 AB 2.4359495649198153 1.1160428672511962
60503.3357 lsst_hardware_r 1035.8724858748233 47.238966314748644 32.2599983215332 AB 6.719484655401556 1.1117611938123024
60503.3556 lsst_hardware_i 1151.911791206156 56.09501460900113 32.0 AB 6.7432222775624835 1.1226853228640574
60506.3305 lsst_hardware_z 666.9934418821498 49.159030483713224 30.940000534057617 AB 3.273935873761282 1.1123224939163174
60506.351 lsst_hardware_u 2.6582220515870367 2.8590746520261865 28.31999969482422 AB 1.5517473588633643 1.1264953603363808
60508.3 lsst_hardware_r 1055.9752462906372 52.434405900681696 31.579999923706055 AB 2.0148184063828625 1.1193435591015901
60508.3188 lsst_hardware_g 153.1500018541748 33.56503538076423 31.610000610351562 AB 2.000850097661832 1.1115833875899068
60511.2968 lsst_hardware_r 1298.425791116873 97.62527329698834 31.639999389648438 AB 5.539159553050081 1.115809951765137
60511.3166 lsst_hardware_i 1230.935740675387 80.17261451388474 31.31999969482422 AB 5.590794898428409 1.1122639805885626
60520.2826 lsst_hardware_r 1562.3086134554117 46.93610542360381 31.510000228881836 AB 4.913784077637394 1.111883559580041
60520.3037 lsst_hardware_i 1647.7942235691273 51.504873764554034 31.25 AB 4.9842079162398285 1.117974074186021
60527.2194 lsst_hardware_r 1400.1899163634798 43.92937497912081 31.479999542236328 AB 2.6510840499800827 1.1617370946450845
60527.2406 lsst_hardware_g 171.6083188882797 19.648951800513245 31.40999984741211 AB 2.510117902731039 1.126750264944917
60531.2578 lsst_hardware_z 2350.778487309218 78.29403363585828 31.700000762939453 AB 4.816997522780587 1.1116361905686545
60531.2783 lsst_hardware_i 2707.643676266433 69.30971548888787 32.0 AB 4.645962395567226 1.1218744088299974
60535.2373 lsst_hardware_r 1061.715096277938 43.751201414159276 31.549999237060547 AB 2.812494940045666 1.1129778156096817
60535.2573 lsst_hardware_i 1304.51071297549 47.42258972079862 31.25 AB 4.007880029030939 1.1145900428359503
60537.1898 lsst_hardware_i 1196.6532389198032 56.18210689058025 31.280000686645508 AB 5.64592241481299 1.1668745302909973
60537.2113 lsst_hardware_z 1190.050920595759 59.01342849969949 30.959999084472656 AB 4.999843364395 1.1291425845517162
60539.2321 lsst_hardware_r 1079.2797324059015 82.81874645441106 31.639999389648438 AB 2.7380537054094294 1.1117118749759145
60539.2468 lsst_hardware_z 1193.8826371137322 68.38236090256717 30.979999542236328 AB 2.759614412357814 1.1148080440428807
60541.2147 lsst_hardware_r 853.8570304464542 150.26169807044147 31.649999618530273 AB 2.0058965484108384 1.115936883677796
60541.2346 lsst_hardware_i 1219.8248475820922 120.2125921642615 31.329999923706055 AB 1.9869453252049547 1.1122518963688695
60543.2109 lsst_hardware_z 746.4024953211948 108.90557234378241 30.989999771118164 AB 2.2051625877981778 1.1149855076719977
60543.2316 lsst_hardware_i 1254.507294254584 126.11613317823975 31.329999923706055 AB 2.2175759324389843 1.112961572114923
60546.2069 lsst_hardware_z 998.7915277348399 58.03538801160387 30.959999084472656 AB 4.31441121725306 1.113109189177776
60546.2255 lsst_hardware_g 49.01553169423443 50.98670851360035 31.68000030517578 AB 3.7792901601370303 1.113767084693739
60549.179 lsst_hardware_r 472.68000938017883 32.63586071604335 31.510000228881836 AB 4.852871921825987 1.1285748655409271
60549.1965 lsst_hardware_i 695.040526014851 41.71066738772541 31.260000228881836 AB 4.790225176839947 1.1140058550790575
60557.165 lsst_hardware_r 253.11526762367285 29.690420879492947 31.5 AB 1.5752619114310404 1.1203854277603418
60557.1848 lsst_hardware_i 370.0239187170228 38.851042313218834 31.239999771118164 AB 2.400689474587248 1.1116018558051772
60559.1509 lsst_hardware_z 575.5553479165733 49.65738506712546 30.940000534057617 AB 2.332265353901226 1.1295630724789323
60559.1705 lsst_hardware_i 359.95601585666407 38.423969939922834 31.25 AB 2.629420561053077 1.1134535511552306
60566.1207 lsst_hardware_y 223.59927936089744 52.700329416990364 30.020000457763672 AB 1.4260855931554703 1.1463710555915
60566.1381 lsst_hardware_r 107.78678890459294 51.40879444101573 31.6200008392334 AB 1.8805195397372492 1.1225306907848078
60568.1271 lsst_hardware_i 387.8030840308227 76.88644221009707 31.31999969482422 AB 3.5977138653579797 1.1286060278747903
60568.146 lsst_hardware_z 511.01398257170695 71.0830097437074 30.979999542236328 AB 3.5501585091548415 1.11342590846945
60571.1122 lsst_hardware_z 456.6150625834965 105.20793533865216 30.989999771118164 AB 6.2725254087497015 1.1378386882482225
60571.1329 lsst_hardware_r 142.40002566675892 154.52625725727148 31.649999618530273 AB 8.311588890080033 1.1158741881022602
60580.1045 lsst_hardware_i 174.43603211010804 34.75330610744358 31.239999771118164 AB 5.11938581780681 1.1185024727565425
60580.1264 lsst_hardware_z 277.22346733752937 46.05969205168343 30.940000534057617 AB 4.810881944412584 1.1119141628072229
60582.1003 lsst_hardware_r 101.36745108978751 26.202478056515403 31.489999771118164 AB 4.334760879345586 1.117566452941176
60582.1208 lsst_hardware_g -12.970446368250256 15.35225955360439 31.440000534057617 AB 4.2415890660241775 1.1118917533323345
60584.1006 lsst_hardware_r 75.25532285174218 26.218906175675865 31.5 AB 5.068887662634806 1.1141636801043644
60584.1201 lsst_hardware_i 109.42703220703538 34.610713096169654 31.239999771118164 AB 5.05208985382856 1.1131220300738602
60590.0702 lsst_hardware_g -24.058559865548162 15.774187027468878 31.450000762939453 AB 5.436375187805502 1.1249612390689316
60590.0888 lsst_hardware_r 102.85746227607669 26.09483341952369 31.5 AB 10.476878792722566 1.1124707598544472
60592.0718 lsst_hardware_i 192.14414481285658 35.383833775524536 31.25 AB 2.718023558124208 1.1184515018684493
60592.0902 lsst_hardware_z 276.2393823918756 45.805245676585265 30.950000762939453 AB 3.5365602305380426 1.1116015183208587
60594.0673 lsst_hardware_r 103.8211160552862 40.41255099508862 31.59000015258789 AB 6.044150676959271 1.1177347530205626
60594.0871 lsst_hardware_g 18.754656520626167 35.90172701171417 31.65999984741211 AB 6.433862934620608 1.1117626210014533
60601.0388 lsst_hardware_r 114.06497379464524 91.27970446741469 31.639999389648438 AB 4.595262862343947 1.126473981617245
60601.0579 lsst_hardware_z 143.31649472665984 67.7135213734472 30.979999542236328 AB 4.210350958537213 1.1127210391236386
60603.0393 lsst_hardware_g -6.847123364912037 15.52765984877164 31.450000762939453 AB 3.732109477623192 1.1204731981855969
60603.0567 lsst_hardware_r 93.43198411336225 25.756017246607698 31.510000228881836 AB 3.1913958638375055 1.1117909297469224
60605.0396 lsst_hardware_i -17.481935953170854 32.27000045776367 31.25 AB 4.394037697486371 1.1161586835553992
60605.0575 lsst_hardware_z -82.0603187914359 42.90999984741211 30.950000762939453 AB 4.785262104808629 1.1118174035336035
60607.0336 lsst_hardware_r 28.434733286016915 24.59000015258789 31.510000228881836 AB 4.021358347662108 1.1165012418025193
60607.0518 lsst_hardware_g -18.108593044013187 15.4399995803833 31.450000762939453 AB 4.241926756347434 1.1117859796039713
60609.0362 lsst_hardware_r -22.47282170442532 34.7400016784668 32.2599983215332 AB 4.7632770098296096 1.1126768822478699
60609.0635 lsst_hardware_i 1.913959633175004 45.619998931884766 32.0 AB 3.261925684088161 1.120230902897886
60611.0097 lsst_hardware_y -35.94487363128802 52.04999923706055 30.030000686645508 AB 3.5941891675456263 1.1285919512911322
60611.0283 lsst_hardware_z -72.67922823204437 42.95000076293945 30.950000762939453 AB 3.5429150315056384 1.1135406070733926
60613.0095 lsst_hardware_y -11.78578644844519 53.04999923706055 30.030000686645508 AB 5.198523403862364 1.1227912319356403
60613.0256 lsst_hardware_u 0.45686293265104816 3.009999990463257 28.559999465942383 AB 5.146520450025813 1.112580759882357
60615.0133 lsst_hardware_y 45.95235281672109 50.56999969482422 30.020000457763672 AB 9.880440014800266 1.115551542824914
60615.033 lsst_hardware_r -7.410000809943368 24.6200008392334 31.5 AB 9.814400502647716 1.1123654655613415
60622.0108 lsst_hardware_y -123.71910080747703 63.560001373291016 30.049999237060547 AB 10.086614212682532 1.1117789156989895
60622.0292 lsst_hardware_i 18.303138060184065 36.06999969482422 31.270000457763672 AB 9.491748169285312 1.1212933454564435
60831.4079 lsst_hardware_i 11.871137265128372 33.310001373291016 31.25 AB 5.182835523281621 1.1267033746264394
60831.431 lsst_hardware_y -94.6304153418161 51.029998779296875 30.030000686645508 AB 4.892229094899899 1.111870248840886
60843.3314 lsst_hardware_z 29.339041166162755 67.06999969482422 30.969999313354492 AB 4.6115321599385775 1.2248425391603128
60843.3641 lsst_hardware_r -36.01413957628621 75.77999877929688 31.6299991607666 AB 3.7856028008287055 1.1421913308343319
60845.3876 lsst_hardware_i 67.3433057126832 39.630001068115234 31.280000686645508 AB 3.2483367602222066 1.113206566217343
60845.4093 lsst_hardware_z 20.285974739487784 46.79999923706055 30.950000762939453 AB 3.2509795494154496 1.1152269687254426
60850.349 lsst_hardware_g -12.930794048055832 15.699999809265137 31.43000030517578 AB 3.8820751221689886 1.1359123519549987
60850.3739 lsst_hardware_r 28.012534777713043 24.93000030517578 31.510000228881836 AB 3.815402145839149 1.1132276247342392
60859.3323 lsst_hardware_z 18.00241823497885 43.119998931884766 30.940000534057617 AB 7.2518113314436 1.1257663127726338
60859.3546 lsst_hardware_u -6.374672677037342 2.7699999809265137 28.40999984741211 AB 7.271407243116363 1.1118784728951705
60862.3384 lsst_hardware_g 19.80892331105946 15.449999809265137 31.440000534057617 AB 6.32804352470168 1.1144028161667845
60862.3579 lsst_hardware_r -26.319709320656113 24.690000534057617 31.510000228881836 AB 6.326127683017501 1.1130037268892767
60864.3332 lsst_hardware_i 20.76040040868199 53.2400016784668 31.309999465942383 AB 1.4649054852224375 1.1142790201996229
60864.3534 lsst_hardware_z -23.981177440937767 53.029998779296875 30.969999313354492 AB 1.60536087355008 1.1133520477723977
60869.3178 lsst_hardware_z -43.865813798889434 116.63999938964844 31.739999771118164 AB 6.8025785965254215 1.1151768191025282
60869.3378 lsst_hardware_r 226.10381763031123 163.8699951171875 32.38999938964844 AB 6.670581149861526 1.1126907672829902
60871.3219 lsst_hardware_i 61.9209790949894 82.45999908447266 31.31999969482422 AB 5.30735156389131 1.111875327630861
60871.3422 lsst_hardware_r -46.09419430149389 96.44999694824219 31.639999389648438 AB 4.047252842288306 1.1177168854703967
60876.2919 lsst_hardware_z 44.03959144276905 42.84000015258789 30.950000762939453 AB 3.7572777597223164 1.119903952227218
60876.3137 lsst_hardware_u 2.713907412861766 2.809999942779541 28.440000534057617 AB 3.578932109633848 1.1117285422486132
60878.2955 lsst_hardware_g 11.69042602410403 15.149999618530273 31.420000076293945 AB 5.415922545787905 1.1140435145094938
60878.3177 lsst_hardware_r -17.85801920912973 24.350000381469727 31.489999771118164 AB 5.403447656130821 1.114457596396993
60880.2858 lsst_hardware_i 33.8089723695712 32.209999084472656 31.25 AB 6.5911864731407155 1.1163461020689698
60880.307 lsst_hardware_z -21.558503367447415 42.900001525878906 30.950000762939453 AB 5.747063615853873 1.112478438996104
60882.2821 lsst_hardware_i -22.0214702612372 31.969999313354492 31.239999771118164 AB 11.821410460997061 1.1152975464806336
60882.3042 lsst_hardware_u -3.0729680443832397 2.690000057220459 28.360000610351562 AB 9.249616602610386 1.1133385414793435
60885.2803 lsst_hardware_g 32.789896506265244 15.3100004196167 31.440000534057617 AB 4.643359666014093 1.1126039015229152
60885.3022 lsst_hardware_r 18.63141428844478 24.520000457763672 31.510000228881836 AB 4.131080568793314 1.1165082618360307
60887.2852 lsst_hardware_i 21.466189549202884 32.09000015258789 31.239999771118164 AB 3.992986954820115 1.1119170969262149
60887.3062 lsst_hardware_r -29.42511608074932 24.549999237060547 31.5 AB 3.8005492619342798 1.1245614879351833
60889.2555 lsst_hardware_z 50.82446427322456 60.36000061035156 31.700000762939453 AB 1.704853555203602 1.1206925588848657
60892.2611 lsst_hardware_z 90.76906136196907 50.16999816894531 30.959999084472656 AB 0.25618348855784406 1.1126318721296158
60892.2808 lsst_hardware_r -77.64538840369305 52.59000015258789 31.6200008392334 AB 0.2710738877084701 1.1151479782316218
60893.2315 lsst_hardware_i -21.511065405186216 55.540000915527344 31.299999237060547 AB 2.5541999749218616 1.136083609439437
60893.2423 lsst_hardware_z 51.88130043284573 54.65999984741211 30.959999084472656 AB 2.510068886874842 1.1228221368261426
60895.2494 lsst_hardware_i 187.14968046082453 91.13999938964844 31.329999923706055 AB 3.4531215324192126 1.113910171748133
60895.269 lsst_hardware_z 74.34621873614971 78.19000244140625 30.989999771118164 AB 3.4286095442224274 1.1134560507339213
60898.246 lsst_hardware_z -89.33653810175481 100.43000030517578 31.0 AB 7.169871611580863 1.1122977988800593
60898.2655 lsst_hardware_r -27.702881183280763 145.24000549316406 31.649999618530273 AB 7.5261192463230175 1.115765797609135
60900.2407 lsst_hardware_i -11.23469550361112 64.22000122070312 31.31999969482422 AB 3.908855812042584 1.1122609727902637
60900.2592 lsst_hardware_r -95.9837400622032 75.77999877929688 31.639999389648438 AB 3.791964395568542 1.1152836457554536
60903.2012 lsst_hardware_z 72.35478354986013 43.27000045776367 30.940000534057617 AB 5.520820691339777 1.1407243538074852
60903.2193 lsst_hardware_u -2.1842939011513636 2.799999952316284 28.43000030517578 AB 4.976469587921457 1.1189992889811584
60905.2137 lsst_hardware_g 4.242667551092191 15.569999694824219 31.440000534057617 AB 2.79824469024387 1.1191113575379583
60905.233 lsst_hardware_r 34.257848040432215 24.889999389648438 31.510000228881836 AB 2.703634865272478 1.1116538764183566
60907.1855 lsst_hardware_i 2.7127736943556187 32.63999938964844 31.239999771118164 AB 2.50801098758831 1.1490143111159363
60907.203 lsst_hardware_z -11.525249778708492 43.060001373291016 30.940000534057617 AB 2.4520936590466373 1.1239113826269227
60913.1845 lsst_hardware_i 5.71739609911676 32.58000183105469 31.239999771118164 AB 2.4438509196055564 1.12619858046339
60913.2033 lsst_hardware_r 5.342829209322406 25.0 31.510000228881836 AB 2.352130969222867 1.112776330797335
60931.1354 lsst_hardware_i 54.370041129800825 32.599998474121094 31.25 AB 4.070090723104015 1.1261491509626051
60931.1531 lsst_hardware_z 12.425454118105032 43.099998474121094 30.940000534057617 AB 3.984535254124848 1.113128228366853
60935.1226 lsst_hardware_r -25.289265597205283 24.850000381469727 31.5 AB 1.256221340422345 1.1283425213374356
60935.1411 lsst_hardware_i 72.77600117779059 32.380001068115234 31.239999771118164 AB 0.5693877477293598 1.1135353606198468
60937.1057 lsst_hardware_i 27.83988048077095 32.45000076293945 31.239999771118164 AB 6.361322916570344 1.1452213604004113
60937.1253 lsst_hardware_z -7.140366990760346 42.900001525878906 30.940000534057617 AB 8.375928826308856 1.119963740773372
60939.1065 lsst_hardware_r 36.376370113581274 24.709999084472656 31.5 AB 4.321791420419797 1.1352223326559514
60939.1262 lsst_hardware_u 0.23229054364508553 2.75 28.389999389648438 AB 4.996719581745558 1.1154636860688822
60942.1063 lsst_hardware_g 2.1477092980171917 15.529999732971191 31.440000534057617 AB 4.152811431338489 1.1251182420315602
60942.1248 lsst_hardware_r -17.76991122416437 24.639999389648438 31.5 AB 4.092992787383719 1.1125790207176922
60946.1041 lsst_hardware_r -49.4080317092358 26.649999618530273 31.520000457763672 AB 5.13072344587595 1.1173583781080798
60946.1233 lsst_hardware_g 28.376335322033842 18.5 31.5 AB 5.109638834660344 1.1118182744188063
60949.1013 lsst_hardware_r 104.65558194653528 44.75 31.600000381469727 AB 7.042598277479284 1.1142176369812178
60949.1186 lsst_hardware_i 13.168039282824443 43.16999816894531 31.290000915527344 AB 7.014062693677443 1.1124897872549113
60954.0713 lsst_hardware_r -65.88713831835396 144.27999877929688 31.639999389648438 AB 4.2737943591842615 1.1276502266976942
60954.0899 lsst_hardware_z 60.42364892661029 97.01000213623047 30.989999771118164 AB 3.80906649839726 1.113273856027257
60956.0717 lsst_hardware_g -26.562328254189676 99.05999755859375 31.700000762939453 AB 6.216388662503269 1.1214845142519205
60956.0886 lsst_hardware_r 24.81705272758784 95.6500015258789 31.639999389648438 AB 10.812838831836896 1.112098272826155
60958.0713 lsst_hardware_i -33.62899510865036 31.940000534057617 31.239999771118164 AB 2.704064766958737 1.1173821351069162
60958.0887 lsst_hardware_z 27.333474814794926 44.68000030517578 30.940000534057617 AB 3.5126982124113195 1.1116719908469084
60960.0652 lsst_hardware_r 35.5184996356631 24.440000534057617 31.5 AB 5.976245352111359 1.1178387378277035
60960.0836 lsst_hardware_g -25.71934618096645 15.260000228881836 31.440000534057617 AB 6.445854978508666 1.1116897302649162
60966.0383 lsst_hardware_r -17.328222860926996 24.360000610351562 31.479999542236328 AB 5.969935612532788 1.1279281315992293
60966.057 lsst_hardware_u 3.4176406833785262 2.7100000381469727 28.3700008392334 AB 6.632440163051825 1.1133236621058347
60969.0397 lsst_hardware_g -9.196455768197197 15.359999656677246 31.440000534057617 AB 3.696742028882425 1.1185301146391604
60969.057 lsst_hardware_r 6.446027381776756 24.469999313354492 31.5 AB 3.2227076992530486 1.1116618486557601
60973.0367 lsst_hardware_r -17.915517185922532 24.739999771118164 31.510000228881836 AB 4.03845152839276 1.1137995481662404
60973.0551 lsst_hardware_g 16.81529070620627 15.630000114440918 31.459999084472656 AB 4.250251608065139 1.113116964137531
60977.0377 lsst_hardware_z -8.661576181795565 45.08000183105469 30.950000762939453 AB 3.5208275341884265 1.111723250454192
60977.0548 lsst_hardware_i -16.520113758586586 37.34000015258789 31.270000457763672 AB 2.694662701735012 1.1192783807827344
60980.0134 lsst_hardware_y -112.19844766781196 59.52000045776367 30.030000686645508 AB 4.6629530636148395 1.1159617232081145
60980.0337 lsst_hardware_z -35.8627464153175 69.58000183105469 30.979999542236328 AB 4.650199824326183 1.1124214638660528
