data/validation/pwv_sim_epoch_fit_4/31099318.ecsv
# %ECSV 0.9
# ---
# datatype:
# - {name: time, datatype: float64}
# - {name: band, datatype: string}
# - {name: flux, datatype: float64}
# - {name: fluxerr, datatype: float64}
# - {name: zp, datatype: float64}
# - {name: zpsys, datatype: string}
# - {name: pwv, datatype: float64}
# - {name: airmass, datatype: float64}
# meta: {SNID: '31099318', alt: 1024.0, c: -0.06884266436100006, dec: -45.191612, lat: -30.244573, lon: -70.7499537, ra: 304.079498, t0: 60470.1953125,
#   x0: 2.4513528255983566e-06, x1: 1.195520281791687, z: 0.8198221325874329}
# schema: astropy-2.0
time band flux fluxerr zp zpsys pwv airmass
60434.4199 lsst_hardware_i 4.195637033745847 32.72818770853399 31.270000457763672 AB 5.69178033527228 1.0348221144988465
60442.3691 lsst_hardware_r 94.42473008392754 40.623797377409176 32.68000030517578 AB 6.477324062111954 1.04853485424718
60442.3846 lsst_hardware_y -39.75994615922458 66.53875105439685 30.790000915527344 AB 6.806280215661549 1.0384397420019655
60444.3998 lsst_hardware_i 158.48141367784385 32.90113635780488 31.25 AB 7.886515812461617 1.0348173917984933
60444.4132 lsst_hardware_z 102.56614384665129 42.25262234967648 30.950000762939453 AB 7.905656097559885 1.0383961599246785
60446.4093 lsst_hardware_u -4.790690117705478 2.8376373050173394 28.389999389648438 AB 7.569888392540636 1.039118048827924
60446.4231 lsst_hardware_y -19.345085024503337 49.17838467109249 30.040000915527344 AB 7.023814800159459 1.048330567187979
60456.3748 lsst_hardware_r 577.2752706983243 102.69624810525544 31.65999984741211 AB 3.906229597869378 1.03631842886524
60456.3865 lsst_hardware_i 777.8655498811385 85.05943412740146 31.34000015258789 AB 5.152860916358012 1.0415606481091866
60461.3314 lsst_hardware_y 210.476683627072 49.423862151751415 30.049999237060547 AB 7.057255569976617 1.0390541180766515
60461.3462 lsst_hardware_g 173.14556902215196 28.19364948284276 31.6200008392334 AB 6.912852342838922 1.0348194068843115
60463.3279 lsst_hardware_r 645.0142606461811 34.60553902590083 31.489999771118164 AB 9.802865077726391 1.0381641596745432
60463.3405 lsst_hardware_i 825.7110825768071 42.10817891534249 31.239999771118164 AB 10.963036524720135 1.0348426242784114
60465.3253 lsst_hardware_z 630.5847016511005 47.522754162561235 30.950000762939453 AB 6.5554306687277615 1.0370465760296776
60465.3387 lsst_hardware_r 644.4156246227558 34.41355660194726 31.5 AB 5.379754336058122 1.0346510462809628
60467.329 lsst_hardware_u -4.061757003013597 2.683514127694312 28.34000015258789 AB 3.407423293038742 1.0349045688804075
60467.3411 lsst_hardware_r 671.1150673276696 33.89802028411182 31.479999542236328 AB 2.5782646981541744 1.0354130175646763
60484.3073 lsst_hardware_z 578.1574607995549 92.97518094265375 31.0 AB 3.5793315705879007 1.0399994878221817
60484.3204 lsst_hardware_r 453.7971756653417 134.78171142751927 31.65999984741211 AB 3.601322706171054 1.0492345458399037
60486.3091 lsst_hardware_y 388.75125707225715 79.98384362250317 30.799999237060547 AB 5.7592776577851845 1.0445458541415802
60491.104 lsst_hardware_g 30.12468928203065 26.193493392725234 32.47999954223633 AB 12.741670410282428 1.4940399152178312
60491.1124 lsst_hardware_r 648.2185499867406 49.141418271742815 32.630001068115234 AB 12.280479346148196 1.4355857864803254
60492.2429 lsst_hardware_z 353.942872173152 45.5619008050219 30.950000762939453 AB 8.624723325868603 1.0411093442352202
60492.2549 lsst_hardware_r 230.7911512793207 27.071118260172003 31.5 AB 8.546743504545587 1.0360212339466015
60494.2317 lsst_hardware_u 2.2908796384178047 2.8303474045780552 28.5 AB 7.574428869605458 1.0448929327639076
60494.2437 lsst_hardware_g 37.00823184715947 15.889736262836966 31.450000762939453 AB 7.534888717137459 1.0379826036694928
60496.2336 lsst_hardware_r 144.28774664965232 26.190340787810577 31.489999771118164 AB 4.573241816284399 1.0402005723381114
60496.2461 lsst_hardware_z 294.2141568516573 44.86960672056729 30.940000534057617 AB 4.552638497850899 1.0355142722281374
60498.3145 lsst_hardware_u 3.300594916204785 2.736279173626276 28.3799991607666 AB 1.4466051802735476 1.0928772452331006
60498.3257 lsst_hardware_g 13.496703508130453 15.822537397155548 31.40999984741211 AB 1.4652216673337704 1.1156510157363733
60500.2195 lsst_hardware_u -1.4005872271414046 2.855697896006516 28.510000228881836 AB 10.09677272439926 1.042050301816354
60500.231 lsst_hardware_g 16.53148497185535 15.413742235318347 31.450000762939453 AB 10.002062758789004 1.0366264173414983
60509.2083 lsst_hardware_r 122.39071887251414 72.95066077674127 31.649999618530273 AB 3.3103409339179626 1.0360734254979147
60509.2205 lsst_hardware_z 143.22672748740175 58.561440422661605 30.979999542236328 AB 2.593371557295394 1.0346929111129677
60515.2105 lsst_hardware_i 241.26512543522858 62.11614202146325 31.329999923706055 AB 5.609610989919608 1.0355089740956402
60515.2215 lsst_hardware_z 187.3936888158602 58.8078485179944 30.979999542236328 AB 5.6696941861211885 1.0394049564362924
60518.1916 lsst_hardware_u 3.3319024603189438 3.966329500944246 28.690000534057617 AB 3.3723981207717273 1.0347424558747311
60518.2035 lsst_hardware_g 6.873007324031898 25.35972510488694 31.610000610351562 AB 3.3602389614718904 1.0357787705538835
60524.1377 lsst_hardware_i 61.83254401694765 32.04794803515644 31.25 AB 1.9440043498031965 1.0558068430703036
60524.1426 lsst_hardware_r -10.371628867170134 23.77359537166328 31.5 AB 1.9879502206666502 1.0508987950660706
60526.1854 lsst_hardware_g -1.2614965365285802 14.390840162895682 31.440000534057617 AB 1.691474745021009 1.036866415010835
60526.1978 lsst_hardware_r 5.866957330555187 23.741593859970845 31.5 AB 1.6609585842588486 1.0430972896745343
60532.1352 lsst_hardware_i 114.86030453088676 31.74421494428084 31.260000228881836 AB 8.539456869350742 1.0402659956369489
60532.1463 lsst_hardware_u 2.7490828829643688 2.757292838610549 28.479999542236328 AB 8.504487382533203 1.0358693523182951
60534.1357 lsst_hardware_g -13.142670920291419 23.834964968499477 31.610000610351562 AB 3.440361118022241 1.037503352841448
60534.1467 lsst_hardware_r 60.42031054257245 29.256380025672303 31.559999465942383 AB 3.3642842660515497 1.0348459754080437
60536.1379 lsst_hardware_i 104.21319184070498 43.62401309999125 31.299999237060547 AB 3.4688401059923835 1.0353201331121873
60536.1495 lsst_hardware_r 26.558200907289198 45.89863903419199 31.6299991607666 AB 3.448339457090653 1.0349158034485755
60538.1312 lsst_hardware_z 153.79109326358235 90.39485988410932 31.739999771118164 AB 4.368379221126391 1.0355699457431193
60540.1265 lsst_hardware_r 49.78573472075804 116.29457448648456 31.670000076293945 AB 1.9162895461541876 1.0354124253163244
60540.1375 lsst_hardware_i -62.135390135205164 91.83111395502998 31.34000015258789 AB 1.8626527056950528 1.0348070587194738
60542.1293 lsst_hardware_z 90.40817593525487 73.79722525784688 31.0 AB 1.8318746080670651 1.0346651274030303
60542.1398 lsst_hardware_r 102.60112179692453 109.83923406400736 31.65999984741211 AB 1.8227962169906713 1.0362684576410865
60544.1143 lsst_hardware_i 58.10673042519 53.19661515424818 31.31999969482422 AB 2.4299815482339797 1.0356873940262035
60544.1254 lsst_hardware_z 13.495669439411506 52.770709847314315 30.979999542236328 AB 2.2593176636214936 1.0347229968497795
60545.1104 lsst_hardware_g -34.420819344585944 38.96955605767604 31.690000534057617 AB 2.915407635644116 1.0359754701726205
60545.1236 lsst_hardware_r 46.08991073116611 46.60095828032575 31.6299991607666 AB 2.9866552160769815 1.034787428697092
60548.112 lsst_hardware_u 0.8042341593139931 2.8408651422786737 28.549999237060547 AB 1.5188838496227464 1.0346620229037782
60548.1236 lsst_hardware_g -24.907513292505968 14.618453645644271 31.450000762939453 AB 1.4594017945964766 1.0363229501838995
60550.1111 lsst_hardware_r 11.033677281828103 23.305423532205683 31.5 AB 5.171647886353758 1.0348987715951288
60550.121 lsst_hardware_i 44.28581555289723 31.255257351639678 31.25 AB 5.174426965324275 1.0372711166331112
60554.1079 lsst_hardware_z 95.65780437490157 41.658513862170174 30.950000762939453 AB 3.02269676775581 1.03653086852231
60554.1183 lsst_hardware_r 34.54472433928091 23.259292295848695 31.5 AB 3.023538932613721 1.0411934224284631
60556.0596 lsst_hardware_z 65.72028176352791 41.87457675936015 30.950000762939453 AB 1.6184471908287397 1.047086817443653
60556.0725 lsst_hardware_i 81.76687300690854 31.20368504159535 31.260000228881836 AB 1.659376184601084 1.03884151790552
60560.0626 lsst_hardware_r 22.098861976725182 23.04970767276344 31.5 AB 2.3508885818865637 1.038378348889825
60560.0747 lsst_hardware_i 66.0939614552113 31.095112329616484 31.25 AB 2.373861527359308 1.034963607335748
60567.0978 lsst_hardware_z 32.43520891258138 92.81999969482422 31.739999771118164 AB 1.1097064828247876 1.0530189620352246
60583.0316 lsst_hardware_r 9.132210618815924 22.81999969482422 31.5 AB 6.32124273703759 1.0375449712002611
60583.0428 lsst_hardware_g -5.720085184614807 14.069999694824219 31.420000076293945 AB 6.003658009330921 1.0435397333637773
60585.0317 lsst_hardware_r 24.604973717475048 23.0 31.510000228881836 AB 2.161860816581005 1.0401062384320447
60585.043 lsst_hardware_i 5.1337446716158786 30.809999465942383 31.260000228881836 AB 3.0990113051162806 1.047848285753823
60587.0352 lsst_hardware_z -33.54083374579379 41.369998931884766 30.950000762939453 AB 2.8520808691478554 1.0459634616842508
60587.0482 lsst_hardware_i -37.715570952216844 30.860000610351562 31.25 AB 2.9930415572692346 1.0583598151588525
60591.0297 lsst_hardware_r 28.925219605515952 24.889999389648438 31.530000686645508 AB 4.180194240358922 1.050564021201036
60591.0409 lsst_hardware_i 8.876616047329456 31.799999237060547 31.260000228881836 AB 4.106665095977939 1.0626640175901874
60593.076 lsst_hardware_z 134.46425725212174 65.97000122070312 31.700000762939453 AB 3.5247149175125605 1.1389643206094013
60800.4147 lsst_hardware_i 12.239803510246707 31.510000228881836 31.270000457763672 AB 7.212998574331109 1.0352348151174895
60800.4276 lsst_hardware_y -194.1745659852307 63.20000076293945 30.06999969482422 AB 5.619654963307804 1.0351178786716313
60802.4038 lsst_hardware_u -2.769724672954563 2.8299999237060547 28.540000915527344 AB 7.172434039988563 1.0365787705928167
60802.4174 lsst_hardware_z -53.30042974055122 42.08000183105469 30.959999084472656 AB 7.583450934127151 1.0346595478212888
60804.4151 lsst_hardware_r 14.318379941395698 23.219999313354492 31.510000228881836 AB 7.963556670924542 1.034900152166932
60804.4268 lsst_hardware_y -103.38346579683036 58.779998779296875 30.059999465942383 AB 7.721373960746953 1.0380516191906886
60806.4016 lsst_hardware_z 57.28683025473843 52.75 30.979999542236328 AB 7.864447374092159 1.0347957071173894
60806.4163 lsst_hardware_y 10.49113995234194 50.880001068115234 30.059999465942383 AB 7.875546999871555 1.0362561841936258
60808.4029 lsst_hardware_z 77.94385525807128 63.59000015258789 30.989999771118164 AB 6.791546634722686 1.0347709448536342
60808.415 lsst_hardware_y -50.23284025471844 54.68000030517578 30.059999465942383 AB 6.749133792686941 1.0376896975225924
60810.3906 lsst_hardware_z -38.14687570686846 67.43000030517578 30.989999771118164 AB 7.889420906734894 1.034802554195791
60810.407 lsst_hardware_r -204.8347848534631 129.8000030517578 32.40999984741211 AB 7.902531446289436 1.036760149511012
60810.4223 lsst_hardware_y 163.6107023697278 56.54999923706055 30.059999465942383 AB 8.004743977108761 1.0449375337261175
60812.3994 lsst_hardware_i -46.94950848618373 73.83000183105469 31.34000015258789 AB 7.558752930304605 1.03610795901095
60812.4122 lsst_hardware_r 19.10311798060362 87.04000091552734 31.65999984741211 AB 7.601839550223315 1.0417998058824505
60823.1805 lsst_hardware_i -57.45383452663853 34.4900016784668 31.170000076293945 AB 12.216619806286879 1.610451913385044
60823.1928 lsst_hardware_z -26.046820191303848 46.97999954223633 30.899999618530273 AB 11.388141698551657 1.5089960511320202
60824.3974 lsst_hardware_r 0.400632374736836 22.81999969482422 31.5 AB 8.58544660923744 1.0572125121687972
60824.4111 lsst_hardware_z 52.70657347126979 41.45000076293945 30.950000762939453 AB 8.714371943037422 1.0751183693834339
60828.1255 lsst_hardware_r -9.029384265922852 28.75 31.290000915527344 AB 22.50110075029142 2.1254522977652126
60828.1473 lsst_hardware_i -56.25359685356067 37.150001525878906 31.139999389648438 AB 19.149621024891136 1.8134683252209163
60830.3397 lsst_hardware_g -1.0865289100792026 13.90999984741211 31.420000076293945 AB 12.50355297461456 1.034634089748826
60830.3526 lsst_hardware_r -2.044117501724097 22.670000076293945 31.5 AB 12.427400943387317 1.03682637605434
60833.3139 lsst_hardware_i 29.299452162921213 41.779998779296875 31.299999237060547 AB 3.3651179467228554 1.0386166502231036
60833.3254 lsst_hardware_z -9.882184110324332 45.84000015258789 30.959999084472656 AB 3.4168717056019147 1.0351020010910614
60842.1276 lsst_hardware_z 59.35764478600564 110.08000183105469 32.099998474121094 AB 12.664930549522817 1.619763467134265
60842.1377 lsst_hardware_i 168.28423470543922 110.66999816894531 32.43000030517578 AB 11.977707682566052 1.5339810690700186
60844.3218 lsst_hardware_z 59.786825527484275 44.380001068115234 30.959999084472656 AB 4.841203029712857 1.0400565078066184
60844.3339 lsst_hardware_g 67.47956781470894 34.0 31.670000076293945 AB 4.642616036356209 1.0484679395564938
60860.0501 lsst_hardware_r -19.32250084410344 42.58000183105469 31.3700008392334 AB 16.511739733977713 1.9407310453665154
60860.0625 lsst_hardware_z 19.937743416378012 54.279998779296875 30.860000610351562 AB 14.980365453335482 1.7833768396827954
60870.216 lsst_hardware_i 55.843540861939985 61.29999923706055 31.329999923706055 AB 6.7884342004926355 1.0373259952363636
60870.2282 lsst_hardware_z 34.12669447009174 57.790000915527344 30.979999542236328 AB 6.754860008957669 1.034699005712178
60875.2112 lsst_hardware_i -32.49982642809348 30.729999542236328 31.25 AB 2.607340904730936 1.035035590220359
60875.2241 lsst_hardware_z -21.513865627234317 41.13999938964844 30.950000762939453 AB 2.5964564177072273 1.0353385064294123
60877.2064 lsst_hardware_r 47.88281801789876 23.190000534057617 31.5 AB 6.380444945236809 1.0349464631365464
60877.2197 lsst_hardware_g 20.808324884184053 14.5 31.440000534057617 AB 5.8821281316983836 1.0355555526595552
60879.1933 lsst_hardware_u -1.265883605048476 2.799999952316284 28.510000228881836 AB 5.5777275980535 1.0366720541569272
60879.2052 lsst_hardware_r 10.61180977255987 23.270000457763672 31.510000228881836 AB 5.54266710938891 1.034642689782483
60881.1975 lsst_hardware_i -3.647814100818317 30.65999984741211 31.25 AB 6.102921193672798 1.0347441833965407
60881.2104 lsst_hardware_z -17.29829807989523 41.18000030517578 30.950000762939453 AB 5.647449720534716 1.0359441842675807
60884.0459 lsst_hardware_r 22.530650628632216 24.420000076293945 31.43000030517578 AB 6.144520217861666 1.3784677998567956
60884.0539 lsst_hardware_u -3.1354370234683477 2.490000009536743 28.149999618530273 AB 5.930636646435635 1.3343265291215618
60886.1993 lsst_hardware_i -15.569314395704303 30.81999969482422 31.260000228881836 AB 5.029784348369433 1.0366948726478968
60886.2129 lsst_hardware_z -0.3372767670952531 41.36000061035156 30.950000762939453 AB 4.696107311858174 1.04357940263515
60888.1921 lsst_hardware_r -6.382360376073073 25.690000534057617 31.530000686645508 AB 4.787604145597907 1.0361658144352142
60888.2029 lsst_hardware_g 21.067221588148602 15.699999809265137 31.459999084472656 AB 4.792593106501127 1.0407368309448701
60890.1918 lsst_hardware_r 33.55488745520189 42.720001220703125 31.6200008392334 AB 2.3413957739303255 1.0379677596942594
60890.2034 lsst_hardware_i -20.761009653505223 41.2599983215332 31.299999237060547 AB 2.3317723272074997 1.0445838625635568
60891.1896 lsst_hardware_z -16.03995816973011 50.52000045776367 30.969999313354492 AB 1.2712668282080517 1.038192591431647
60891.201 lsst_hardware_i -31.94215931712041 48.869998931884766 31.309999465942383 AB 1.2785176492815642 1.0448251015648848
60894.1334 lsst_hardware_z -36.48402405259938 73.91999816894531 31.0 AB 2.8127660321465475 1.0475851143935
60894.145 lsst_hardware_r 101.07889859812146 110.23999786376953 31.670000076293945 AB 2.708953145341343 1.039772189870014
60896.1352 lsst_hardware_y -106.66684113311268 93.02999877929688 30.81999969482422 AB 4.509652700810231 1.0422725373109683
60897.1352 lsst_hardware_r 45.35962717021409 114.43000030517578 31.670000076293945 AB 4.541705874001015 1.0406413825710719
60897.1469 lsst_hardware_i -46.343088985154324 89.41000366210938 31.34000015258789 AB 4.5357747508147925 1.035880348084986
60902.1116 lsst_hardware_i -12.475468283936628 30.670000076293945 31.25 AB 3.779389335385999 1.0475509776096454
60902.1176 lsst_hardware_z -72.02029563069026 41.33000183105469 30.950000762939453 AB 3.7741586325522394 1.0430654903414756
60904.1263 lsst_hardware_r 19.95089423018369 22.950000762939453 31.510000228881836 AB 4.413204026328902 1.0362877331705311
60904.1371 lsst_hardware_u -2.500003608215581 2.799999952316284 28.520000457763672 AB 4.395517114780514 1.0346450642872924
60906.134 lsst_hardware_g -6.895127980719038 14.0600004196167 31.43000030517578 AB 1.9190896654791998 1.0346891308689579
60906.1455 lsst_hardware_r 31.104074566862405 22.84000015258789 31.5 AB 1.8865094806134 1.0369709938784664
60908.117 lsst_hardware_r 31.248248643215263 22.860000610351562 31.510000228881836 AB 2.5181473721869323 1.035848363713391
60908.1283 lsst_hardware_i -11.457191740706282 30.530000686645508 31.260000228881836 AB 1.8529367915668271 1.0346785248395498
60910.1086 lsst_hardware_z -60.28602460504634 41.06999969482422 30.950000762939453 AB 2.3898455865896127 1.036696925101231
60910.1197 lsst_hardware_r 0.7828466104279169 22.81999969482422 31.510000228881836 AB 2.3885400832092634 1.0346719008920353
60932.0962 lsst_hardware_u 1.8633032075190268 2.7200000286102295 28.459999084472656 AB 1.3231937309451778 1.050779218539213
60932.1084 lsst_hardware_g -3.6735785245273043 14.039999961853027 31.420000076293945 AB 1.344911462809334 1.0642227203241656
60934.0547 lsst_hardware_g 0.9149509686819536 13.949999809265137 31.43000030517578 AB 2.6973571444246796 1.0346594339948083
60934.0663 lsst_hardware_r -7.413554666181554 22.690000534057617 31.5 AB 2.7139403972998157 1.0361187569228107
60938.044 lsst_hardware_z 44.94869847671847 41.02000045776367 30.940000534057617 AB 5.758374958851233 1.0346554593210373
60938.0562 lsst_hardware_r 38.78108194641974 22.600000381469727 31.489999771118164 AB 5.7612745930727165 1.0363557954860232
60940.0418 lsst_hardware_u -0.6608623628296285 2.6600000858306885 28.40999984741211 AB 2.6326175661303592 1.034732265355354
60940.0534 lsst_hardware_g -19.38354785864727 14.170000076293945 31.43000030517578 AB 2.6633772519504553 1.0372416520106924
60941.0362 lsst_hardware_r 14.033857006364936 22.84000015258789 31.5 AB 1.5519759969797928 1.0346506646531952
60941.0489 lsst_hardware_z -48.935305285892554 41.2599983215332 30.950000762939453 AB 1.394616284541343 1.036632520719691
60943.0436 lsst_hardware_r -16.885977589204984 22.850000381469727 31.5 AB 4.5714350666086405 1.0366849497184911
60943.0545 lsst_hardware_u 2.2043046215759263 2.680000066757202 28.43000030517578 AB 4.679739557530904 1.0417942024779394
60945.0481 lsst_hardware_g -24.05772449358481 16.209999084472656 31.479999542236328 AB 2.915445880717981 1.0412306716849933
60945.0622 lsst_hardware_r -29.039071790054052 24.219999313354492 31.510000228881836 AB 2.9461756614342165 1.052205593369363
60947.0295 lsst_hardware_r -24.1319651520158 32.630001068115234 31.579999923706055 AB 3.5454850569512306 1.0357829555802915
60947.0404 lsst_hardware_i 55.51829589849701 35.54999923706055 31.270000457763672 AB 3.5524019449605104 1.0399810524402568
60950.0335 lsst_hardware_z 30.27319787816193 56.2400016784668 30.979999542236328 AB 5.191464043944131 1.0406863874800303
60950.0459 lsst_hardware_r -98.9125361413569 68.9000015258789 31.649999618530273 AB 5.076765140156571 1.0497317426015136
60955.0274 lsst_hardware_r 59.5125336455596 79.55000305175781 31.649999618530273 AB 4.05575340176121 1.0457015345523295
60955.0394 lsst_hardware_z 9.603062868577348 58.29999923706055 30.979999542236328 AB 4.109816309719535 1.056870300802212
60957.0288 lsst_hardware_r 31.095902566567247 23.219999313354492 31.5 AB 4.145401126901879 1.051598459386575
60957.0401 lsst_hardware_u 0.7391072738356399 4.300000190734863 28.770000457763672 AB 4.135413858408303 1.0641826707175253
