data/validation/pwv_sim_epoch_fit_4/31259929.ecsv
# %ECSV 0.9
# ---
# datatype:
# - {name: time, datatype: float64}
# - {name: band, datatype: string}
# - {name: flux, datatype: float64}
# - {name: fluxerr, datatype: float64}
# - {name: zp, datatype: float64}
# - {name: zpsys, datatype: string}
# - {name: pwv, datatype: float64}
# - {name: airmass, datatype: float64}
# meta: {SNID: '31259929', alt: 1024.0, c: -0.0028550010174512863, dec: -47.945496, lat: -30.244573, lon: -70.7499537, ra: 28.6, t0: 62068.33984375,
#   x0: 5.8305116411914274e-06, x1: -0.40997588634490967, z: 0.5759111642837524}
# schema: astropy-2.0
time band flux fluxerr zp zpsys pwv airmass
61986.2013 lsst_hardware_r -69.83744987981262 185.8000030517578 33.18000030517578 AB 2.3268614081764993 1.906221798069224
61986.2273 lsst_hardware_i -100.33623632120408 146.00999450683594 32.959999084472656 AB 2.43922646066467 1.6288657500264907
61990.4302 lsst_hardware_r -71.46213338446937 79.12000274658203 31.649999618530273 AB 1.948577273802708 1.0622809052168134
61992.4231 lsst_hardware_z 63.42421339383922 53.77000045776367 30.979999542236328 AB 5.254327613102837 1.060944495326166
61994.4277 lsst_hardware_z -60.125106482892164 83.48999786376953 31.729999542236328 AB 3.510267720819996 1.0702851500327757
61995.4105 lsst_hardware_r -2.591069143713755 38.130001068115234 31.600000381469727 AB 4.6843124002562595 1.057705311940448
61995.4217 lsst_hardware_z -102.44044695847322 47.119998931884766 30.959999084472656 AB 4.9616615927833125 1.0669475147551628
61997.4233 lsst_hardware_r -11.331797377031936 28.0 31.540000915527344 AB 5.667576187421568 1.0745238766559047
62001.3886 lsst_hardware_g 8.963078869743644 13.010000228881836 31.399999618530273 AB 1.9066528953703152 1.0543702647209117
62001.4 lsst_hardware_r -4.2905027032087855 21.8799991607666 31.489999771118164 AB 1.9118503039165018 1.0621390577313898
62006.1467 lsst_hardware_i 3.242692811622512 35.560001373291016 31.1299991607666 AB 5.288815660826875 1.9062229810152729
62006.158 lsst_hardware_z -17.73284610937992 49.2400016784668 30.8799991607666 AB 4.820833747938507 1.7728541869774779
62009.1918 lsst_hardware_u -1.2098912168398581 5.619999885559082 29.940000534057617 AB 3.2238836070668366 1.427128644119892
62009.2091 lsst_hardware_g 3.7150472274627355 26.6200008392334 32.83000183105469 AB 3.8439860249132036 1.3317886678299584
62009.2637 lsst_hardware_r -8.697818026639546 38.43000030517578 32.65999984741211 AB 2.963609094096077 1.1398496515754142
62009.2857 lsst_hardware_z -31.531426693302322 41.7400016784668 30.940000534057617 AB 2.8503434081579773 1.0962859262146065
62011.3858 lsst_hardware_r -12.52227936966719 21.90999984741211 31.479999542236328 AB 8.047036386284441 1.0753757030982816
62011.397 lsst_hardware_u 2.5714063073236084 2.569999933242798 28.34000015258789 AB 8.077142422607134 1.0905232793799011
62016.3797 lsst_hardware_r -10.844122158108103 65.8499984741211 31.639999389648438 AB 1.2946276242490866 1.0851866087586644
62016.3911 lsst_hardware_i -87.71736686277646 54.52000045776367 31.309999465942383 AB 1.3207004088655985 1.1031884245014048
62020.3789 lsst_hardware_z 15.3005665044457 82.0199966430664 31.719999313354492 AB 2.220657653158056 1.1009705766772713
62027.2211 lsst_hardware_g -34.71284281434793 18.84000015258789 32.150001525878906 AB 1.3522311206870596 1.125218323850365
62030.3567 lsst_hardware_z -73.13770460069908 42.0 30.940000534057617 AB 1.2733111571296236 1.1101230663728192
62030.3683 lsst_hardware_r 20.219501995009203 22.389999389648438 31.469999313354492 AB 1.4476721674874242 1.1340949216498362
62033.3589 lsst_hardware_r -8.695187589623623 22.079999923706055 31.469999313354492 AB 5.96012513585035 1.1313829035404428
62033.3701 lsst_hardware_z 48.93263228801621 42.25 30.93000030517578 AB 6.042766655938869 1.1585058772888936
62035.3588 lsst_hardware_r -24.518444489639485 22.299999237060547 31.479999542236328 AB 1.7500097524081082 1.1437972237963812
62035.3706 lsst_hardware_u -1.1357738674666868 2.700000047683716 28.43000030517578 AB 1.8483458343648609 1.1748583088290008
62041.3303 lsst_hardware_i 5.650640219080574 30.811240648210482 31.229999542236328 AB 4.185772160341968 1.1171492799276366
62041.3413 lsst_hardware_z -50.7216288123277 42.48634818769164 30.93000030517578 AB 5.396372474850199 1.1411233822902416
62044.3233 lsst_hardware_z 144.35571322159313 51.45616378154638 30.959999084472656 AB 5.018926576371857 1.1195464145375547
62044.3354 lsst_hardware_r 88.92136905948524 46.214179515800474 31.600000381469727 AB 4.796245833681379 1.146649998090938
62046.0953 lsst_hardware_y 7.791103806401008 58.08154313071198 29.940000534057617 AB 5.045764468118047 1.4001751368378632
62048.3309 lsst_hardware_z 580.6408839529842 93.59925549864646 31.719999313354492 AB 8.051404562300375 1.1631755986131378
62052.2691 lsst_hardware_r 871.4237216216098 57.43005762331182 31.6299991607666 AB 2.7740464758462435 1.070027570239631
62052.2817 lsst_hardware_i 651.5364160957675 51.437717399678725 31.299999237060547 AB 2.794878485373734 1.0856004992712114
62054.3082 lsst_hardware_i 758.3130639258349 47.437556721229896 31.270000457763672 AB 5.177894978098153 1.1469052668557898
62054.3198 lsst_hardware_z 642.3890575949097 51.88733590270296 30.940000534057617 AB 5.325361725927864 1.177960197440265
62055.2993 lsst_hardware_g 433.4716791208745 34.001744881971774 31.600000381469727 AB 5.9836462979073435 1.132426318464673
62055.31 lsst_hardware_r 1183.0470282589697 46.099507089584534 31.540000915527344 AB 6.138854379049788 1.1584201243646828
62057.2982 lsst_hardware_i 1123.0736082887454 45.89380907482695 31.239999771118164 AB 5.744586126500084 1.1425191182378847
62057.3088 lsst_hardware_r 1364.4234002545975 43.74762872113485 31.479999542236328 AB 5.873205372059125 1.1699612294938497
62059.3043 lsst_hardware_u 8.984397818177332 3.361679452127253 28.290000915527344 AB 8.243225695089247 1.1726617391122054
62059.3154 lsst_hardware_g 504.0084610418894 25.94788571910043 31.34000015258789 AB 8.484515993928879 1.2066152160126042
62064.299 lsst_hardware_r 1810.343076064103 48.862433711689256 31.469999313354492 AB 2.7758255105297205 1.1977241424744398
62064.3101 lsst_hardware_i 1601.633990233926 51.017607043868665 31.229999542236328 AB 2.8652635143893037 1.2357375708981495
62067.2941 lsst_hardware_u 4.16649441948134 2.679612372622703 28.270000457763672 AB 3.8095248787049085 1.2084139187007241
62067.3047 lsst_hardware_g 408.32304906178285 25.05516998823973 31.329999923706055 AB 3.8937784783843297 1.2462085064437276
62070.2815 lsst_hardware_g 403.32987031535464 23.79434048032657 31.360000610351562 AB 3.9202691887023318 1.1942027838557099
62070.2916 lsst_hardware_r 1887.7380247838526 48.52216797838351 31.459999084472656 AB 4.04252679907282 1.2280472277068342
62075.2806 lsst_hardware_i 1488.1424164084951 75.7888240663896 31.290000915527344 AB 6.246541391692892 1.2377150143706908
62075.2916 lsst_hardware_r 1715.970701007911 88.64877902235473 31.59000015258789 AB 6.428833075879038 1.2815801201167065
62077.224 lsst_hardware_i 1632.7076892779985 79.37354627956911 31.31999969482422 AB 5.012156220010451 1.1022389840035427
62077.2356 lsst_hardware_z 1242.4693324569082 71.59469549802502 30.969999313354492 AB 5.092737042021301 1.1245348146885898
62079.2326 lsst_hardware_r 1493.2636549172348 83.646639276815 31.639999389648438 AB 4.774698710390279 1.1298387861784853
62079.2446 lsst_hardware_z 1089.3748672577528 66.26744527151625 30.969999313354492 AB 4.96734733462096 1.1587676758896321
62083.2245 lsst_hardware_z 1028.7714384015524 55.06822517716003 30.950000762939453 AB 9.124270024872237 1.1361784025664168
62083.2355 lsst_hardware_i 1131.563228825433 51.58343381291048 31.270000457763672 AB 8.970690540558605 1.1636268820648707
62086.2305 lsst_hardware_u -3.6231889564469606 2.574813436295055 28.260000228881836 AB 8.014170556057032 1.1724479935712817
62086.2421 lsst_hardware_g 113.962214744254 16.255315974628935 31.329999923706055 AB 8.294537867230897 1.2080157097733875
62088.2263 lsst_hardware_r 772.1040070463611 34.26235145652487 31.450000762939453 AB 8.512212839604574 1.1760448797464182
62088.2388 lsst_hardware_i 785.8140364428756 42.65648908562453 31.209999084472656 AB 8.796228577656475 1.2152844124974407
62091.2182 lsst_hardware_r 505.1489954931941 32.01083952483681 31.459999084472656 AB 6.634780262518817 1.176309957304504
62091.2299 lsst_hardware_g 69.79414842466532 15.04609768261884 31.329999923706055 AB 6.923624121919128 1.21287995011753
62096.1753 lsst_hardware_r 344.6281657316851 28.88401720163755 31.459999084472656 AB 4.035619772767516 1.1079258127023208
62096.1888 lsst_hardware_u -2.2100431760433388 2.795966306341357 28.270000457763672 AB 4.245312511909065 1.1357176329346628
62098.1779 lsst_hardware_g 94.48199041016248 17.89202121758444 31.469999313354492 AB 8.73556178482646 1.1237858213757363
62098.1892 lsst_hardware_r 313.21098781523676 29.299953890739793 31.489999771118164 AB 8.85149791678396 1.1497442739154777
62100.0842 lsst_hardware_g 74.01288253529465 37.99517161449353 31.68000030517578 AB 3.809383259695972 1.0511059810610517
62100.0969 lsst_hardware_r 349.0195001101882 42.71762179516734 31.600000381469727 AB 3.699049856025023 1.0488799213683078
62103.1651 lsst_hardware_z 645.6544494697356 57.41877847361889 30.959999084472656 AB 5.697745889985498 1.1255918391911297
62103.1771 lsst_hardware_r 172.0615925866388 62.271484246605375 31.610000610351562 AB 5.0173209828616265 1.1536723345278515
62105.1636 lsst_hardware_z 514.8134942029922 62.1625307429363 30.969999313354492 AB 9.291792560413311 1.1342981762457756
62105.1752 lsst_hardware_r 270.79893192611627 78.19098571821536 31.6200008392334 AB 8.984037647051608 1.1630198578661117
62107.1576 lsst_hardware_i 364.70408573444314 66.38649481473769 31.309999465942383 AB 7.326037049440443 1.13308304182037
62107.1687 lsst_hardware_z 631.4124810208212 63.7489328911732 30.969999313354492 AB 7.406424456614601 1.160244459967866
62110.176 lsst_hardware_r 219.97778031248725 58.0029539838742 31.600000381469727 AB 6.271998928739002 1.2061536401421158
62110.1871 lsst_hardware_z 531.5649982520649 56.19310614853943 30.950000762939453 AB 6.476617059999529 1.2455032807691402
62112.1201 lsst_hardware_r 166.3607433577739 25.18094090310933 31.479999542236328 AB 4.158696721217976 1.0888540900378711
62112.1317 lsst_hardware_u 5.871525787165438 3.33556574240857 28.350000381469727 AB 4.099955883993875 1.1080961848632094
62114.0774 lsst_hardware_g 10.849349277474191 13.928925088060039 31.399999618530273 AB 7.7746042257015295 1.0530770005349872
62114.0891 lsst_hardware_r 150.68593810869078 24.825669653305873 31.489999771118164 AB 9.754535925257564 1.0602756440497352
62116.0825 lsst_hardware_i 187.06210687660456 33.28888990934179 31.260000228881836 AB 14.406673278094882 1.0594180761418925
62116.095 lsst_hardware_z 297.8828135706727 45.349670826037006 30.950000762939453 AB 13.480002639212735 1.070747932578785
62118.0729 lsst_hardware_r 150.23303843485212 24.399799148716905 31.479999542236328 AB 8.347039279491396 1.056587250568531
62118.085 lsst_hardware_u 4.759336680011774 3.5977475524515348 28.399999618530273 AB 7.888767554116378 1.0661457186390275
62120.0775 lsst_hardware_g 17.737159754367188 13.651447483135902 31.3799991607666 AB 10.637283871388858 1.064261687500969
62120.0898 lsst_hardware_i 138.98294786415497 32.84450188278858 31.239999771118164 AB 10.88262149842069 1.0773677128164294
62122.0783 lsst_hardware_z 310.7844073566939 44.72415549601864 30.940000534057617 AB 4.296362687638205 1.0704111336376718
62122.0922 lsst_hardware_r 101.1088034534559 24.413407146745495 31.479999542236328 AB 4.42265081572052 1.087982980497053
62124.0766 lsst_hardware_u 5.920548620275417 3.555512775025575 28.459999084472656 AB 5.794914479331331 1.0746248454949154
62124.0895 lsst_hardware_g 13.870509761228167 13.850913660872733 31.389999389648438 AB 3.584046305473725 1.0921420941005058
62345.4402 lsst_hardware_y -6.1746179661655205 77.36000061035156 30.06999969482422 AB 3.785259373786252 1.0514609371628478
62347.4385 lsst_hardware_i -25.285848075256524 58.13999938964844 31.31999969482422 AB 3.9765628429175934 1.0530222022025582
62356.425 lsst_hardware_g 9.752780981943273 15.609999656677246 31.469999313354492 AB 1.9075442252487336 1.059746791804852
62356.4359 lsst_hardware_r 53.431487542702264 31.149999618530273 31.559999465942383 AB 2.0203711121715795 1.06954532142487
62358.3698 lsst_hardware_i -47.14367446864939 29.81999969482422 31.239999771118164 AB 5.3981281118239055 1.054150322894823
62358.3819 lsst_hardware_z 15.237802440544682 40.86000061035156 30.950000762939453 AB 5.458474869819321 1.0497067057344849
62360.2555 lsst_hardware_i 66.65438568291718 55.52000045776367 32.40999984741211 AB 3.7509553615879634 1.2965998657368736
62360.2766 lsst_hardware_z -32.80314241926062 74.8499984741211 32.119998931884766 AB 3.5119895923637086 1.2140310856819871
62362.4209 lsst_hardware_r -21.10454733197799 22.979999542236328 31.489999771118164 AB 4.550480878860592 1.0710163880813397
62362.432 lsst_hardware_i -32.57553071623667 44.09000015258789 31.290000915527344 AB 4.6172682929367985 1.0847995049581327
62367.4015 lsst_hardware_r -27.708028848005398 21.860000610351562 31.489999771118164 AB 1.9894971630490212 1.0652313919591403
62367.4128 lsst_hardware_i 6.820326223701265 30.899999618530273 31.25 AB 2.05258086451478 1.0774702700864986
62369.4026 lsst_hardware_z -78.2609558666193 58.27000045776367 31.700000762939453 AB 1.1790953765405183 1.0719048877641075
62371.4152 lsst_hardware_z -76.07204643927336 58.29999923706055 30.969999313354492 AB 2.5018518870500523 1.0965820236905774
62375.3251 lsst_hardware_r 38.870974772493426 66.81999969482422 31.639999389648438 AB 3.1788438232028957 1.0532948387020862
62375.3351 lsst_hardware_i -132.51122420120004 54.9900016784668 31.31999969482422 AB 2.873631539337706 1.0497923304935604
62376.2105 lsst_hardware_z -128.2148650059929 55.599998474121094 30.940000534057617 AB 5.195231224736286 1.3025526450385574
62376.2272 lsst_hardware_i 27.156200826580704 53.150001525878906 31.280000686645508 AB 4.9306863772328064 1.2342143622610278
62378.2603 lsst_hardware_r 13.331625477571825 41.880001068115234 31.59000015258789 AB 3.1271540638086 1.1245721707485208
62378.2748 lsst_hardware_z -72.67666819028832 46.13999938964844 30.950000762939453 AB 3.0325324860246377 1.097352084684146
62380.3907 lsst_hardware_r 13.902392045550613 29.469999313354492 31.540000915527344 AB 0.7680544385745907 1.0966983892069357
62380.4005 lsst_hardware_i 8.805831785082162 34.04999923706055 31.25 AB 0.721183258265887 1.114226741237369
62382.3827 lsst_hardware_i 5.89981746660773 30.850000381469727 31.239999771118164 AB 1.2938712072690783 1.0926428210576313
62382.3952 lsst_hardware_z 27.761880588321414 41.9900016784668 30.940000534057617 AB 1.3197997719359063 1.1145388644075211
62385.3823 lsst_hardware_r 6.928409075372156 22.079999923706055 31.469999313354492 AB 0.8200699525334542 1.1057122955507248
62385.3929 lsst_hardware_g 10.767698910018538 13.279999732971191 31.3700008392334 AB 0.8265497501879882 1.1266012042544136
62387.3797 lsst_hardware_r -2.154580965030527 21.969999313354492 31.469999313354492 AB 2.5474949505029807 1.1109877673366686
62387.3909 lsst_hardware_i 20.72783870500225 30.649999618530273 31.229999542236328 AB 2.557512495558059 1.1342357138997534
62389.375 lsst_hardware_z 47.29016616797107 41.63999938964844 30.940000534057617 AB 2.5585993488536842 1.112434499501602
62389.3857 lsst_hardware_i -5.489683004713653 30.559999465942383 31.229999542236328 AB 2.578327060004997 1.1348270510585374
62390.3715 lsst_hardware_u 2.296630356323958 2.549999952316284 28.329999923706055 AB 3.3929030792298502 1.1109702289557202
62390.3823 lsst_hardware_g 2.8910132719563393 13.15999984741211 31.3700008392334 AB 2.8096665279697217 1.1333108684247617
62393.3551 lsst_hardware_g 14.153454210342298 13.170000076293945 31.3700008392334 AB 1.6045787323035758 1.0965230516880928
62393.3662 lsst_hardware_r 49.547753075260665 22.299999237060547 31.479999542236328 AB 1.631493670509364 1.116569182508975
62395.3609 lsst_hardware_i -4.843210436191039 30.75 31.239999771118164 AB 4.653792976787536 1.1168879766694755
62395.3729 lsst_hardware_z 76.86066966661741 42.61000061035156 30.940000534057617 AB 4.746010707534801 1.1432038317559439
62399.3416 lsst_hardware_z -39.68368224715286 54.66999816894531 30.969999313354492 AB 5.670871155197124 1.101353885258715
62399.3536 lsst_hardware_r -64.09014194259572 55.689998626708984 31.610000610351562 AB 5.743532148505353 1.1243089260068615
62404.1719 lsst_hardware_r 190.42020108172076 130.8300018310547 32.810001373291016 AB 7.25273017167956 1.1667841331530824
