data/validation/pwv_sim_epoch_fit_4/31514288.ecsv
# %ECSV 0.9
# ---
# datatype:
# - {name: time, datatype: float64}
# - {name: band, datatype: string}
# - {name: flux, datatype: float64}
# - {name: fluxerr, datatype: float64}
# - {name: zp, datatype: float64}
# - {name: zpsys, datatype: string}
# - {name: pwv, datatype: float64}
# - {name: airmass, datatype: float64}
# meta: {SNID: '31514288', alt: 1024.0, c: 0.05292600020766258, dec: -20.423615, lat: -30.244573, lon: -70.7499537, ra: 99.316406, t0: 61032.9765625,
#   x0: 3.58324710606753e-06, x1: 0.6158788800239563, z: 0.7031906247138977}
# schema: astropy-2.0
time band flux fluxerr zp zpsys pwv airmass
60973.3687 lsst_hardware_i 21.138417102620856 37.59000015258789 31.299999237060547 AB 3.719467455476613 1.016479377492982
60975.3603 lsst_hardware_r -6.566385617162848 23.190000534057617 31.510000228881836 AB 3.099779922947467 1.0176002373302404
60977.3572 lsst_hardware_g 8.659848985435529 14.699999809265137 31.469999313354492 AB 3.569892097771054 1.0166770736011415
60980.3554 lsst_hardware_r 25.77726144518377 22.639999389648438 31.489999771118164 AB 5.159970993132951 1.0151095432243136
60990.328 lsst_hardware_r -10.588350402015312 39.4900016784668 31.610000610351562 AB 2.0178928164174583 1.0151217320789814
60990.3459 lsst_hardware_y -48.30295848110733 49.06999969482422 30.049999237060547 AB 2.479814821349652 1.0178819174343092
60992.3154 lsst_hardware_u -1.0025313267238642 3.940000057220459 28.719999313354492 AB 4.116246935089441 1.016985036464268
60992.333 lsst_hardware_g -15.043048111460724 20.31999969482422 31.56999969482422 AB 4.081318483966424 1.015442802504553
60994.3354 lsst_hardware_i 56.413997202584284 30.219999313354492 31.260000228881836 AB 5.613832058413185 1.0180744249804778
60994.3546 lsst_hardware_y -180.95660593789165 56.66999816894531 30.059999465942383 AB 5.718230708827818 1.033337376792823
60996.3095 lsst_hardware_i -33.8287682207517 29.639999389648438 31.25 AB 3.787804096851756 1.015497076903956
60996.3294 lsst_hardware_z -4.669408499718418 40.47999954223633 30.950000762939453 AB 3.8524761993878065 1.0178272653600546
60998.309 lsst_hardware_i 36.78890553586431 29.520000457763672 31.239999771118164 AB 6.337987499000622 1.0148492852969757
60998.3287 lsst_hardware_u -0.3944192050185366 2.6600000858306885 28.440000534057617 AB 6.368717641484473 1.02034167364678
61000.3094 lsst_hardware_g 4.162782579706211 13.127721887129688 31.40999984741211 AB 4.247319530721799 1.0151337310520552
61000.3289 lsst_hardware_r -0.9918867143555216 21.76803365199805 31.479999542236328 AB 4.217184233110878 1.0243342805710942
61003.1808 lsst_hardware_i -95.05805754385804 64.43436453643763 32.720001220703125 AB 10.10570646651126 1.2842971871359226
61005.2984 lsst_hardware_u 2.6091545177614806 2.7117038558329476 28.40999984741211 AB 5.2924758666199425 1.0156353610862334
61005.3183 lsst_hardware_g 0.9336037880086944 13.282735271414419 31.389999389648438 AB 5.426713838300666 1.0269438916861617
61007.2144 lsst_hardware_r 114.59232816455737 24.193291337931882 31.479999542236328 AB 4.3839049723285894 1.105371904268256
61007.2335 lsst_hardware_i 40.25031086191528 31.64629369917343 31.239999771118164 AB 4.174335549563711 1.0619016915705193
61010.2886 lsst_hardware_z 287.04556280611973 42.526349817137195 30.950000762939453 AB 7.920297681563604 1.0167806598423457
61010.3089 lsst_hardware_r 205.05616951440498 25.71930870002339 31.489999771118164 AB 7.230246313128035 1.0311246881243632
61012.2876 lsst_hardware_z 213.94447600351882 54.36921146304492 30.979999542236328 AB 6.337730754949514 1.0187272240930527
61012.3073 lsst_hardware_g 65.83546830646115 47.21205286476385 31.709999084472656 AB 6.356228007481327 1.0354801541527734
61016.2714 lsst_hardware_i 584.1685488732837 65.66086275821591 31.329999923706055 AB 4.5904875117580435 1.0164941345788405
61016.2905 lsst_hardware_r 618.6032310871486 78.32272764105898 31.649999618530273 AB 4.714885232638129 1.0290577252443822
61019.2566 lsst_hardware_z 536.6130601625543 50.820194410764515 30.969999313354492 AB 9.41674703944084 1.0150091123083633
61019.2753 lsst_hardware_g 151.38709450391576 42.60477133108228 31.700000762939453 AB 9.433303410309342 1.0229961675813302
61021.2566 lsst_hardware_r 825.7026634059525 40.399128300134436 31.549999237060547 AB 12.60256384114205 1.0161309285339286
61021.2751 lsst_hardware_i 937.5315318184698 44.446862245694284 31.260000228881836 AB 12.601891928783012 1.0273839824541833
61023.2508 lsst_hardware_z 754.9843947151691 48.03942098132856 30.950000762939453 AB 8.106409857238706 1.0160318176648124
61023.269 lsst_hardware_r 918.8715191250827 37.927862576634865 31.5 AB 8.108115342979454 1.026798625084462
61025.2323 lsst_hardware_i 1167.3425595885483 44.45820932874298 31.25 AB 10.5486678108094 1.0151352071314945
61025.2498 lsst_hardware_u 2.127816656950553 2.8994289482172517 28.43000030517578 AB 10.574798379335514 1.0176340594885143
61027.2003 lsst_hardware_g 185.6718882785514 19.098521334100546 31.420000076293945 AB 3.4560675783195025 1.0308926408111228
61027.2194 lsst_hardware_r 1022.3229993069031 38.57356958176039 31.5 AB 4.80501160724315 1.0171489431082028
61029.1955 lsst_hardware_i 1153.3202032505546 45.949938610704734 31.25 AB 3.858033176023964 1.0302053475219202
61029.2143 lsst_hardware_r 1053.456920812925 38.702430947928185 31.5 AB 5.03800476874959 1.0170082803430915
61031.1957 lsst_hardware_u 2.9056190603223655 2.684293353409104 28.420000076293945 AB 3.8251178301019713 1.0249511870586618
61031.2155 lsst_hardware_g 188.30465826690732 18.465117365421648 31.420000076293945 AB 4.860599807702229 1.0151982053891682
61033.1824 lsst_hardware_r 995.1337998447278 38.168936629863666 31.5 AB 6.68828919824691 1.032528468422559
61033.2007 lsst_hardware_i 1172.55760900393 46.08752454714601 31.260000228881836 AB 6.611204589419335 1.0181526575081112
61035.1943 lsst_hardware_z 857.9438594407586 49.23896793328136 30.940000534057617 AB 7.194448877287904 1.0186109128256382
61035.2141 lsst_hardware_r 959.499959946454 37.2179073172245 31.489999771118164 AB 7.425255127428269 1.0151649903060114
61037.1981 lsst_hardware_z 1668.4279611524819 69.79739438217601 31.700000762939453 AB 6.212845000496203 1.0153781410412588
61037.2189 lsst_hardware_g 207.48718168506375 24.359883469256918 32.16999816894531 AB 6.075343073849842 1.018498419756889
61039.1744 lsst_hardware_z 727.3401260934094 54.02640472660153 30.969999313354492 AB 9.527892390621544 1.0245045581313488
61039.194 lsst_hardware_r 810.8223302672167 50.78518534416879 31.6200008392334 AB 9.440832363309935 1.015143264872036
61041.1773 lsst_hardware_i 1164.6601147159588 66.63785450169505 31.31999969482422 AB 7.134213009945611 1.0189272889753205
61041.1982 lsst_hardware_r 701.1372738315001 73.9310157524479 31.65999984741211 AB 7.107219751869736 1.0152416894558884
61044.1899 lsst_hardware_z 1564.2373894781742 100.33212221024601 31.739999771118164 AB 2.5959244613650063 1.0152227068302724
61047.165 lsst_hardware_r 632.3673277150328 57.59278791984406 31.639999389648438 AB 8.134474444141732 1.0170635714105691
61047.1861 lsst_hardware_i 908.1367973594594 55.73933730015367 31.31999969482422 AB 8.042536810875246 1.0162738033012453
61055.1264 lsst_hardware_i 603.9443445419932 38.65038526645689 31.260000228881836 AB 5.683183782497474 1.0283203466521365
61055.1452 lsst_hardware_u 1.4499762517477135 2.732647990810664 28.5 AB 5.597911287748946 1.016339139919621
61057.1289 lsst_hardware_g 27.46759084669589 14.609623962687706 31.399999618530273 AB 1.639266317632359 1.0217741435480696
61057.1489 lsst_hardware_r 308.1414380114248 28.086461950136727 31.489999771118164 AB 1.6243642519598873 1.0148048221323294
61059.1277 lsst_hardware_i 452.8558247740147 36.65526498431836 31.239999771118164 AB 4.189785182821084 1.0191644813478677
61059.1478 lsst_hardware_r 274.9128481746862 27.078307590455093 31.479999542236328 AB 4.388064714769075 1.0150508246053658
61063.1101 lsst_hardware_r 206.88702972132688 25.978415797157034 31.479999542236328 AB 8.47754813484253 1.0235288314764672
61063.1302 lsst_hardware_i 396.0870222344862 35.46687736463403 31.25 AB 7.783152434164852 1.0149290316654158
61065.1128 lsst_hardware_z 481.88757384407876 45.04300734158526 30.950000762939453 AB 7.954973981356073 1.0183996135517457
61065.1301 lsst_hardware_r 164.87266870769224 25.72104169942792 31.5 AB 7.934897397723786 1.0149090681377684
61067.1003 lsst_hardware_z 380.43634446848233 47.35186478153692 30.959999084472656 AB 11.546149352832895 1.0226881623412662
61067.1183 lsst_hardware_g 27.378519449451012 33.0371446993499 31.670000076293945 AB 11.641091025148564 1.0150343857305613
61069.1027 lsst_hardware_r 216.59293010156327 58.51235498801944 31.649999618530273 AB 11.797685153172086 1.018007175180955
61069.1215 lsst_hardware_z 256.34647621015256 53.19450687424162 30.969999313354492 AB 11.655453552529062 1.0151949788806778
61071.0779 lsst_hardware_i 308.3860565341494 68.54379361393437 31.329999923706055 AB 9.398341030929931 1.0333525047751435
61071.0966 lsst_hardware_r 295.50889840100115 82.45624812476343 31.65999984741211 AB 9.055993601983285 1.0183092189115184
61072.087 lsst_hardware_z 394.42873552407707 95.30995473609387 31.739999771118164 AB 7.816835139338038 1.022432220876095
61074.0803 lsst_hardware_r 23.17998010597942 78.85603522556062 31.65999984741211 AB 8.124606693300725 1.0233468770098995
61074.0988 lsst_hardware_i 236.12589422061794 66.84888944072975 31.34000015258789 AB 7.400638598956776 1.0150839336535482
61076.0779 lsst_hardware_z 249.42090810074313 48.63195500413997 30.969999313354492 AB 6.105816159309471 1.021181796678947
61076.0979 lsst_hardware_r 42.25145240162058 48.99552763292368 31.6299991607666 AB 6.256922725938703 1.014800679992221
61080.0769 lsst_hardware_r 116.08075075910143 23.42528907911062 31.489999771118164 AB 6.159400929166157 1.0163468889224174
61080.0951 lsst_hardware_z 104.76899878937536 42.70943641723164 30.950000762939453 AB 6.072980333498829 1.0160016172482895
61082.0693 lsst_hardware_r 33.924469604623205 23.198188404716056 31.489999771118164 AB 1.0331285285890226 1.01710906088016
61082.0867 lsst_hardware_u -2.190697459029315 2.6071922450416958 28.40999984741211 AB 1.7031891313507403 1.0153139382120657
61084.0529 lsst_hardware_g -17.86689593302744 13.435907735956174 31.399999618530273 AB 2.542339045424379 1.0234172608216165
61084.0703 lsst_hardware_r 116.86833330531003 23.051849984486967 31.479999542236328 AB 2.5118633803715547 1.0152703211444865
61086.0541 lsst_hardware_i 139.37909002346962 31.83056726107406 31.260000228881836 AB 1.7407812296781722 1.019093314281299
61086.071 lsst_hardware_z 184.10375337407842 42.497670708947744 30.959999084472656 AB 1.7368426844644937 1.0148072944577895
61088.0513 lsst_hardware_r 71.77196287950315 22.905808731859313 31.489999771118164 AB 1.193184664059663 1.017786179180754
61088.0682 lsst_hardware_u -2.417561895910953 2.7390225931601844 28.459999084472656 AB 1.21359660007078 1.0149957625348802
61090.0475 lsst_hardware_g 18.925588830120056 13.73680091661488 31.440000534057617 AB 2.950241201281437 1.0170907382032075
61090.0654 lsst_hardware_i 112.72256805481207 31.623814783208882 31.270000457763672 AB 2.960791977946449 1.0154187978095943
61092.0308 lsst_hardware_y 123.02780955770713 48.83399578860832 30.059999465942383 AB 4.160728645917964 1.023612435184935
61092.0492 lsst_hardware_z 109.27328528816261 42.03607791044665 30.950000762939453 AB 3.333911344285052 1.015146818863756
61094.0375 lsst_hardware_y 234.29567134208406 68.15297459892525 30.799999237060547 AB 7.218882709841746 1.0167440436396826
61097.0223 lsst_hardware_y 120.77275928324809 51.07671743322653 30.059999465942383 AB 7.016347601745055 1.0200897916225335
61097.036 lsst_hardware_z 33.75890525950645 47.518805864196615 30.959999084472656 AB 7.067497630319202 1.015080449597013
61101.0224 lsst_hardware_y 59.539578332547 54.65850491251885 30.059999465942383 AB 2.469097521644393 1.0155671040182594
61101.0403 lsst_hardware_i 181.30025200022064 67.29711056796809 31.34000015258789 AB 2.518422935459451 1.0168256527543962
61103.0061 lsst_hardware_y 143.57690771848286 74.08979088520832 30.06999969482422 AB 3.6891849661532756 1.0199806371411955
61103.026 lsst_hardware_r 70.13210969751206 75.10580104023641 31.65999984741211 AB 3.737623619093735 1.0148772102349826
61107.0033 lsst_hardware_z 71.53740663028425 63.94483467541489 30.989999771118164 AB 7.983067391113015 1.016303932668748
61107.0226 lsst_hardware_i 148.4753637285418 31.197890831742093 31.25 AB 8.155356219821527 1.0163704162289646
61109.0004 lsst_hardware_y -9.232776293760018 81.79930027709527 30.079999923706055 AB 10.494215178610897 1.0156019721872491
61109.0197 lsst_hardware_r 41.156643369440026 22.80234656976358 31.489999771118164 AB 10.484040983179336 1.017308372401532
61110.9993 lsst_hardware_y 206.73207486358737 71.79165837976424 30.079999923706055 AB 7.903511658952169 1.0149080237073036
61111.0201 lsst_hardware_r 9.732942281749244 22.797564123829307 31.489999771118164 AB 7.546697694807043 1.0202836000189783
61112.997 lsst_hardware_y -9.00332365759324 81.81246928476764 30.079999923706055 AB 13.621983029742768 1.0147988350938282
61113.0157 lsst_hardware_z 119.15514717113538 41.47980124820946 30.940000534057617 AB 14.117987926998703 1.0209464572977247
61357.3333 lsst_hardware_r -17.703563675118247 21.639999389648438 31.479999542236328 AB 4.076422141089136 1.01536139014612
61357.3509 lsst_hardware_y -75.06873468845455 50.91999816894531 30.059999465942383 AB 4.278321023600292 1.0239096205341385
61359.3146 lsst_hardware_i -73.0678110369628 29.639999389648438 31.25 AB 5.331593232075738 1.0157350413556367
61359.3325 lsst_hardware_r 3.251078831388493 21.739999771118164 31.489999771118164 AB 5.291804775242196 1.0166120854076963
61361.3105 lsst_hardware_z 47.97416716101312 40.369998931884766 30.950000762939453 AB 3.841112620385813 1.0154286221363105
61361.3306 lsst_hardware_u -4.183645289951712 2.619999885559082 28.40999984741211 AB 3.797093266367836 1.0180557051726888
61366.2234 lsst_hardware_i 36.40960167350109 51.040000915527344 31.299999237060547 AB 3.436642286791679 1.128896209835486
61366.242 lsst_hardware_z 9.25391850219541 50.93000030517578 30.969999313354492 AB 3.2803286797122273 1.079410556009031
61368.3103 lsst_hardware_i 62.485646268703256 65.12999725341797 31.34000015258789 AB 9.34562651301231 1.017524843545019
61368.3303 lsst_hardware_z 13.613558420541203 57.09000015258789 30.979999542236328 AB 9.489227695325575 1.0328598463819494
61370.2893 lsst_hardware_z 0.1479663389196064 60.290000915527344 30.979999542236328 AB 5.441730041122295 1.0149325535198561
61370.3089 lsst_hardware_r -127.6106955926149 81.52999877929688 31.65999984741211 AB 5.289313615986137 1.0195284533512214
61372.2891 lsst_hardware_i -30.691521980441173 51.83000183105469 31.31999969482422 AB 4.472890452032001 1.014912933940627
61372.3084 lsst_hardware_r -22.75456650745904 60.63999938964844 31.649999618530273 AB 3.601302416595692 1.0227340906200049
61374.2997 lsst_hardware_z -47.43505340850785 62.970001220703125 31.709999084472656 AB 5.9223929373391675 1.020545036446606
61376.2882 lsst_hardware_r 12.216289135212833 25.75 31.530000686645508 AB 7.006594385069377 1.0174144799229339
61376.3063 lsst_hardware_i 0.3970917216918891 31.530000686645508 31.25 AB 6.717009154390601 1.030532242158697
61379.272 lsst_hardware_i -28.475607569146355 29.719999313354492 31.25 AB 3.2247812839320806 1.0151462593699818
61379.2911 lsst_hardware_z -14.79135609274301 40.68000030517578 30.950000762939453 AB 3.275711766120278 1.0241133104093496
61383.268 lsst_hardware_g 14.006908536799203 13.399999618530273 31.420000076293945 AB 6.945119442041659 1.0169790519158013
61383.2869 lsst_hardware_r -17.468952405319794 22.139999389648438 31.5 AB 7.060524610437675 1.0302321902388047
61387.2533 lsst_hardware_u -0.8303256291470197 2.7100000381469727 28.5 AB 10.739328517773085 1.0157794767342119
61387.2725 lsst_hardware_g 12.215555565140484 13.420000076293945 31.43000030517578 AB 10.880672253808216 1.0268660111181782
61390.2495 lsst_hardware_z 22.057794768413228 40.560001373291016 30.950000762939453 AB 10.571197450649686 1.0172165386344159
61390.2692 lsst_hardware_r 13.22677856229132 22.149999618530273 31.489999771118164 AB 10.82309243750012 1.03171874502422
61396.2084 lsst_hardware_i -41.26486290101968 59.400001525878906 31.34000015258789 AB 4.840553345791621 1.017457350665562
61396.2289 lsst_hardware_r 27.026211936017614 70.69999694824219 31.65999984741211 AB 4.81973564149087 1.015821759482409
61405.1802 lsst_hardware_z -38.503107027376295 40.790000915527344 30.959999084472656 AB 6.700484704493957 1.0192013848719281
