data/validation/pwv_sim_epoch_fit_4/31702996.ecsv
# %ECSV 0.9
# ---
# datatype:
# - {name: time, datatype: float64}
# - {name: band, datatype: string}
# - {name: flux, datatype: float64}
# - {name: fluxerr, datatype: float64}
# - {name: zp, datatype: float64}
# - {name: zpsys, datatype: string}
# - {name: pwv, datatype: float64}
# - {name: airmass, datatype: float64}
# meta: {SNID: '31702996', alt: 1024.0, c: 0.16169854998588562, dec: -2.537361, lat: -30.244573, lon: -70.7499537, ra: 137.460938, t0: 61121.265625,
#   x0: 2.5579786334502252e-05, x1: 0.5256208777427673, z: 0.30870023369789124}
# schema: astropy-2.0
time band flux fluxerr zp zpsys pwv airmass
61021.3398 lsst_hardware_z 28.32326455185125 47.08000183105469 30.950000762939453 AB 13.183604029481547 1.1325147349438864
61023.3373 lsst_hardware_u 2.111937133718077 3.7799999713897705 28.600000381469727 AB 9.565054237406354 1.1309329883032497
61025.3355 lsst_hardware_i 6.601112454142296 32.459999084472656 31.25 AB 12.056641223879755 1.129511466349574
61025.3541 lsst_hardware_y -25.1745507934901 72.5199966430664 30.040000915527344 AB 12.077575801928113 1.131348848339637
61027.3161 lsst_hardware_r -15.460155520516151 23.850000381469727 31.489999771118164 AB 7.965066985038487 1.138097041311478
61027.3359 lsst_hardware_y 21.559284258227944 48.75 30.020000457763672 AB 6.431929160341456 1.1284581183984308
61029.3061 lsst_hardware_g 6.100799450282134 14.430000305175781 31.40999984741211 AB 4.930530168153236 1.1427813577826484
61029.3278 lsst_hardware_y -7.7154784642014596 48.16999816894531 30.020000457763672 AB 5.02686495744194 1.1287447978987177
61031.3079 lsst_hardware_i -53.82803681037811 54.650001525878906 32.43000030517578 AB 6.829374250775492 1.1357367306368806
61031.3295 lsst_hardware_z -13.156578355344713 42.779998779296875 30.940000534057617 AB 6.840857597771694 1.1286681402032164
61033.312 lsst_hardware_r 2.0504558905349017 23.719999313354492 31.489999771118164 AB 6.842239154277416 1.1300769358528708
61033.3327 lsst_hardware_y -78.99959038575896 48.380001068115234 30.010000228881836 AB 6.884668235129226 1.1315712754629985
61037.2887 lsst_hardware_i 25.167014470867986 31.81999969482422 31.229999542236328 AB 7.011490450547816 1.1381827767619523
61037.3111 lsst_hardware_z 27.978833618623863 42.84000015258789 30.940000534057617 AB 7.096884267205397 1.1284598930204903
61039.2893 lsst_hardware_r -52.24530198270263 23.829999923706055 31.489999771118164 AB 9.860218530318758 1.1333584517607769
61039.3096 lsst_hardware_u -0.6590495248674211 2.7200000286102295 28.399999618530273 AB 10.530640909690694 1.1290289201462425
61047.2601 lsst_hardware_z 63.52872808258002 65.19999694824219 30.969999313354492 AB 10.72579095852842 1.1394253851127925
61047.2814 lsst_hardware_r 51.231825946048524 82.45999908447266 31.6299991607666 AB 10.528353175914269 1.1284408548675529
61050.2527 lsst_hardware_z -0.829888266825722 46.31999969482422 30.950000762939453 AB 7.546713726741186 1.1386539514527836
61050.2748 lsst_hardware_r 9.654583046122687 37.439998626708984 31.579999923706055 AB 7.519225379945688 1.1284198063998931
61055.2277 lsst_hardware_i -36.83697111950531 32.15999984741211 31.239999771118164 AB 6.223432325809559 1.1524874677425108
61055.247 lsst_hardware_z -16.465799895730534 43.04999923706055 30.940000534057617 AB 6.115383603448185 1.1324784450829972
61063.1966 lsst_hardware_z -15.431163797011836 43.459999084472656 30.940000534057617 AB 10.087929041623141 1.1683732120401285
61063.2175 lsst_hardware_r -3.4196121749655632 23.920000076293945 31.479999542236328 AB 10.471092689983662 1.1383684750842862
61067.1812 lsst_hardware_i 25.99258827365096 34.66999816894531 31.239999771118164 AB 13.006906381363546 1.1776284636816248
61067.199 lsst_hardware_z 63.66036702756901 42.91999816894531 30.940000534057617 AB 12.62776580871698 1.1468318780053564
61069.1826 lsst_hardware_r 48.020930417654405 54.22999954223633 31.600000381469727 AB 11.218163878614336 1.163870923912125
61069.1994 lsst_hardware_z 30.347766469650736 50.560001373291016 30.950000762939453 AB 10.955137560668641 1.1400517788957207
61071.1751 lsst_hardware_y -70.77751306969789 58.65999984741211 30.010000228881836 AB 12.0366903110118 1.1677037554338183
61071.1934 lsst_hardware_r 131.93647457817693 99.80000305175781 31.6299991607666 AB 11.784191337210487 1.1406079792102295
61072.1768 lsst_hardware_i 78.70171894475405 100.44999694824219 31.31999969482422 AB 13.077867997610658 1.1596424737406685
61072.1951 lsst_hardware_z 138.11418520957847 85.31999969482422 30.989999771118164 AB 12.896128667226137 1.1364230408200684
61074.1831 lsst_hardware_r -250.60211416291338 139.5399932861328 31.6299991607666 AB 10.540057168741399 1.1429149778601797
61074.2014 lsst_hardware_z -130.24546564093123 94.58000183105469 30.989999771118164 AB 10.429827353551786 1.129584189915356
61078.1756 lsst_hardware_z 0.9293530326869441 49.04999923706055 30.950000762939453 AB 5.751617960352972 1.13927264739092
61078.194 lsst_hardware_i -5.774736367298344 44.7599983215332 31.280000686645508 AB 5.6475594563072224 1.1287217860112364
61080.1742 lsst_hardware_z -32.53094788702935 44.220001220703125 30.950000762939453 AB 6.355824395780425 1.1356446210447453
61080.1932 lsst_hardware_g 7.602626988541069 26.829999923706055 31.600000381469727 AB 6.370273291634281 1.128414021900252
61086.1549 lsst_hardware_g 17.051846444456448 14.899999618530273 31.43000030517578 AB 3.1878311004897624 1.1381723655422606
61086.1713 lsst_hardware_r 42.29838570563636 23.989999771118164 31.5 AB 4.357468478201052 1.1288778440935368
61088.1568 lsst_hardware_i 1.6568876460678759 32.02000045776367 31.239999771118164 AB 3.4626895608539834 1.1325231597232979
61088.1745 lsst_hardware_z -19.05942729574004 42.900001525878906 30.940000534057617 AB 4.7918730416754824 1.1287389388368754
61092.1296 lsst_hardware_u 4.298712916139581 2.740000009536743 28.40999984741211 AB 5.8177196886527005 1.1483285839926376
61092.1469 lsst_hardware_g 2.1573945683019335 14.779999732971191 31.40999984741211 AB 5.689833008351501 1.1319296435712536
61094.1285 lsst_hardware_r -29.399008069111634 23.860000610351562 31.479999542236328 AB 8.954042677427555 1.142899058960773
61094.146 lsst_hardware_i -25.199935510453702 31.68000030517578 31.239999771118164 AB 8.859685350327632 1.1298457374644688
61097.087 lsst_hardware_z -16.91361785993211 70.60844102353374 31.690000534057617 AB 6.916835972077587 1.2086735738718934
61097.0985 lsst_hardware_r 41.88563548059556 65.96825656391357 32.34000015258789 AB 6.737071812067111 1.1793561158979624
61099.1242 lsst_hardware_i 162.5994326624377 72.42042494336032 31.309999465942383 AB 6.0481866063864 1.1342122093551619
61099.1444 lsst_hardware_z 123.90880284084153 67.19021812099975 30.979999542236328 AB 6.799433949642203 1.1287240952261293
61101.1225 lsst_hardware_i 458.05562436925834 112.13200752339452 31.329999923706055 AB 3.2853259747153896 1.1318302623043373
61101.1403 lsst_hardware_z 475.7733123501827 96.91331386196107 30.989999771118164 AB 3.8701034143256114 1.1289957693425876
61103.1195 lsst_hardware_z 850.6598218458356 88.60659315478857 30.979999542236328 AB 5.138250456050229 1.1306110729170225
61103.1374 lsst_hardware_r 1341.0892597302607 130.00861011510924 31.639999389648438 AB 6.016456005059333 1.1297271356926784
61105.1226 lsst_hardware_i 1954.1336151612445 75.07843484536342 31.299999237060547 AB 8.180451646855841 1.1284419229615055
61105.1412 lsst_hardware_r 2462.7453600233684 90.05468016006813 31.6200008392334 AB 8.649707661277597 1.1347847546172558
61107.0951 lsst_hardware_z 4345.597609552386 93.09983162676524 31.700000762939453 AB 11.770252577543616 1.140602032839035
61109.0849 lsst_hardware_g 2448.4252872160796 51.43865577671899 31.40999984741211 AB 12.812204953603688 1.1460787137028963
61109.1035 lsst_hardware_r 4425.483819527605 70.34292143808007 31.489999771118164 AB 12.635726615908695 1.1304440356581902
61111.0833 lsst_hardware_i 4334.81889693202 72.93542524032527 31.229999542236328 AB 8.812285218852473 1.141537011812143
61111.1027 lsst_hardware_z 3486.1514030645003 71.34718883864407 30.940000534057617 AB 8.989774249669129 1.1289431432461399
61113.0777 lsst_hardware_i 5411.39219308364 78.01872045384262 31.229999542236328 AB 14.831384017434097 1.1416880486064367
61113.0965 lsst_hardware_u 39.31683143017804 6.19100620599472 28.360000610351562 AB 14.605976533390198 1.1291171005461762
61118.0745 lsst_hardware_u 26.60376504387244 6.260108873554205 28.3799991607666 AB 8.438249841942344 1.1327523503591834
61118.0941 lsst_hardware_g 4464.784492393174 68.35961925925902 31.40999984741211 AB 9.215822148282143 1.1290440610452677
61120.0756 lsst_hardware_r 8378.191593701436 93.99292196146247 31.489999771118164 AB 4.489459530139015 1.1296369202085967
61120.0948 lsst_hardware_i 6888.510242027549 88.35722412019463 31.239999771118164 AB 5.5436141354150275 1.131349823554087
61122.0739 lsst_hardware_z 4831.856102551247 79.7187655708588 30.940000534057617 AB 6.710518871949684 1.1287035554972558
61122.0938 lsst_hardware_r 8184.532753824935 93.3995352832198 31.479999542236328 AB 6.917797307719519 1.134065132413036
61124.0629 lsst_hardware_z 4781.421266016991 79.8359859725133 30.940000534057617 AB 11.680444009740397 1.1302926272247449
61124.0808 lsst_hardware_g 4303.594601800263 68.65789422800215 31.510000228881836 AB 11.734175586947941 1.129988340154843
61126.0623 lsst_hardware_r 8602.854993284347 106.61518163868678 31.600000381469727 AB 7.165969833765496 1.128825093927164
61126.08 lsst_hardware_z 4815.182702339226 85.14337448845842 30.950000762939453 AB 7.022350624564394 1.1322110965600678
61128.0595 lsst_hardware_r 8332.989148754574 129.35251848783435 31.6299991607666 AB 7.666002623374779 1.128459659966864
61128.0779 lsst_hardware_y 1256.2570478362807 66.29102936250487 30.020000457763672 AB 7.672403851939083 1.1344116094537653
61130.0371 lsst_hardware_z 8885.496195903235 141.35962414201057 31.729999542236328 AB 6.787266299362126 1.1361026027667012
61133.0286 lsst_hardware_r 6908.61547657477 119.50065677279825 31.6299991607666 AB 7.258214679628725 1.1363598856516848
61133.046 lsst_hardware_i 6190.224787466292 103.49036392844705 31.309999465942383 AB 6.887483768608116 1.1284482294761782
61135.0263 lsst_hardware_z 3278.5139454099167 74.39679757782277 30.950000762939453 AB 8.696072466746074 1.1339252140756502
61135.0448 lsst_hardware_r 5968.433970197869 95.21953394262523 31.600000381469727 AB 8.826082430455864 1.1285347806656367
61137.02 lsst_hardware_u 5.715840890912429 3.6834290589614054 28.3799991607666 AB 12.136416261701369 1.134527258665839
61137.0383 lsst_hardware_g 1830.1189823327252 44.53803668416325 31.40999984741211 AB 12.06622440863997 1.1284403331178177
61139.0202 lsst_hardware_r 4401.600845088036 69.95583633303008 31.479999542236328 AB 9.143757754455608 1.131069921177892
61139.0367 lsst_hardware_z 2752.196098690937 66.32453192952762 30.940000534057617 AB 9.086793537938835 1.129027981520667
61142.0133 lsst_hardware_r 3740.4212645187226 65.0955413807967 31.5 AB 5.559606505262584 1.1304800146259597
61142.031 lsst_hardware_u -0.7878459573169181 3.526999460073696 28.5 AB 5.604518669605222 1.1297534694315918
61148.0087 lsst_hardware_i 3466.070405948094 66.70996877390368 31.25 AB 12.074677098705948 1.1284744952061634
61148.0277 lsst_hardware_z 2627.679188423155 65.56191498842104 30.940000534057617 AB 12.177333034073271 1.1380685078573152
61149.9776 lsst_hardware_y 822.2860585845461 56.946800756707155 30.020000457763672 AB 10.190916789633075 1.1406891414409084
61149.996 lsst_hardware_r 2248.9028091086725 52.57837938072671 31.5 AB 10.204917591077349 1.1289874533772928
61151.9768 lsst_hardware_y 867.4787353238801 56.80632173434938 30.020000457763672 AB 10.409848935565435 1.136291328755891
61151.9949 lsst_hardware_g 509.5570800196344 28.787711008419038 31.489999771118164 AB 10.381600933551743 1.1284042209235339
61155.9814 lsst_hardware_y 1769.9265171033078 86.12777696814102 30.780000686645508 AB 15.096806634753833 1.128648821378075
61157.9688 lsst_hardware_z 2340.702991474061 84.12306478689689 30.969999313354492 AB 1.1613752306148712 1.1308424835587843
61157.99 lsst_hardware_r 1499.0857323309206 88.82321674554879 31.6299991607666 AB 1.13423558973225 1.1308430605505984
61159.9671 lsst_hardware_y 701.8175138325265 67.98931768591972 30.030000686645508 AB 12.72561394207696 1.1294088255670698
61159.9847 lsst_hardware_z 2238.092220579645 78.31183857614596 30.969999313354492 AB 12.849121354624197 1.1309187051157645
61161.9659 lsst_hardware_y 734.022703492955 65.49321923055898 30.030000686645508 AB 10.404324107945508 1.128533238984566
61161.9852 lsst_hardware_z 2045.6874173886267 74.25343642525925 30.969999313354492 AB 10.583508411596023 1.1345145871074134
61387.3365 lsst_hardware_r 18.792100883245812 24.209999084472656 31.489999771118164 AB 11.79958616325113 1.133258905590512
61389.337 lsst_hardware_z -56.13618801118074 43.16999816894531 30.940000534057617 AB 9.44964810794277 1.1301366691031496
61390.3337 lsst_hardware_u 2.709909738883238 2.9800000190734863 28.510000228881836 AB 12.073422967429032 1.1303668018589554
61390.3523 lsst_hardware_y 80.04969475214568 65.7699966430664 30.040000915527344 AB 12.071763640209094 1.1301730770708627
61392.2301 lsst_hardware_i -3.5405830454606924 48.18000030517578 31.950000762939453 AB 6.866704842863276 1.4385554838400718
61394.3293 lsst_hardware_r -2.8097965796063233 23.790000915527344 31.5 AB 4.952756715476713 1.1285762140769542
61394.3507 lsst_hardware_y -22.021113954557546 56.709999084472656 30.030000686645508 AB 5.504779647506421 1.135786722318972
61396.3196 lsst_hardware_g 46.31997493715428 34.70000076293945 31.639999389648438 AB 6.763693350425481 1.1295255883923037
61396.3423 lsst_hardware_y -32.81812456341743 50.29999923706055 30.020000457763672 AB 7.384247947696728 1.1335965532233234
61405.2932 lsst_hardware_r -60.57237938510808 31.8700008392334 31.549999237060547 AB 5.728095154881991 1.1301733288159141
61405.315 lsst_hardware_i -11.990271903965409 35.61000061035156 31.260000228881836 AB 5.665184640699969 1.1319050231167598
61407.2879 lsst_hardware_z 5.641433465521973 43.220001220703125 30.940000534057617 AB 5.499109919906886 1.13010890257026
61407.3082 lsst_hardware_r 8.286866656541346 25.100000381469727 31.5 AB 5.849041237902304 1.131196732446294
61409.2912 lsst_hardware_u 0.6961198604839711 2.690000057220459 28.3700008392334 AB 3.087122603248714 1.1283686527667316
61409.3113 lsst_hardware_r 6.044540633646805 23.829999923706055 31.489999771118164 AB 3.709944803673167 1.1370897436677032
61411.2567 lsst_hardware_g -1.862235560845227 14.430000305175781 31.399999618530273 AB 8.48486629849705 1.1472236747562263
61411.2836 lsst_hardware_i 56.2261986066661 44.70000076293945 31.989999771118164 AB 8.560668450672004 1.128482527112049
61411.3114 lsst_hardware_z 22.15828959632982 42.810001373291016 30.940000534057617 AB 8.42543894443281 1.1426906344167465
61413.2556 lsst_hardware_z 41.801907975246344 42.630001068115234 30.950000762939453 AB 10.163442952872279 1.1419598823451997
61413.2777 lsst_hardware_r -17.53633864857189 23.56999969482422 31.5 AB 10.043914530937695 1.128529722577269
61420.2332 lsst_hardware_z 105.03974561656675 43.25 30.940000534057617 AB 6.187549992943027 1.1458425912857457
61420.2526 lsst_hardware_r 5.432340606418971 23.899999618530273 31.489999771118164 AB 6.3010314832974474 1.1300271670189108
61422.2314 lsst_hardware_u -3.2121977216933315 2.7699999809265137 28.43000030517578 AB 3.643818589096545 1.1415471770352585
61422.2504 lsst_hardware_r -22.26674289009197 23.8700008392334 31.489999771118164 AB 2.46407363986511 1.129014267979432
61424.2296 lsst_hardware_i -12.154516680353824 44.7400016784668 31.280000686645508 AB 6.797069634235691 1.1378705338973285
61424.2493 lsst_hardware_z 11.223856488944088 48.29999923706055 30.959999084472656 AB 6.734022691850737 1.1283865208228652
61426.1954 lsst_hardware_z 100.71549494698104 70.4000015258789 30.969999313354492 AB 13.617034938874808 1.1840899946847658
61426.2154 lsst_hardware_r -26.853427912697025 97.76000213623047 31.639999389648438 AB 13.560692919967515 1.1476713099626925
61428.2054 lsst_hardware_y -193.93399251905765 101.26000213623047 30.780000686645508 AB 10.023096663936759 1.1541805965573384
61430.1952 lsst_hardware_r 72.35356943745927 95.76000213623047 31.6299991607666 AB 8.975375529751359 1.1620489438098538
61430.2151 lsst_hardware_i 39.723784851361465 78.30999755859375 31.31999969482422 AB 9.79304466276021 1.136215879192506
61432.2118 lsst_hardware_r 55.36350857183841 53.209999084472656 31.6200008392334 AB 12.351945698155447 1.134515751194922
