data/validation/pwv_sim_epoch_fit_4/31800323.ecsv
# %ECSV 0.9
# ---
# datatype:
# - {name: time, datatype: float64}
# - {name: band, datatype: string}
# - {name: flux, datatype: float64}
# - {name: fluxerr, datatype: float64}
# - {name: zp, datatype: float64}
# - {name: zpsys, datatype: string}
# - {name: pwv, datatype: float64}
# - {name: airmass, datatype: float64}
# meta: {SNID: '31800323', alt: 1024.0, c: 0.0926130935549736, dec: -44.597992, lat: -30.244573, lon: -70.7499537, ra: 321.880157, t0: 61617.48046875,
#   x0: 1.646646700937891e-05, x1: 0.1767590045928955, z: 0.3729763329029083}
# schema: astropy-2.0
time band flux fluxerr zp zpsys pwv airmass
61546.3958 lsst_hardware_i -31.117763535044272 69.45999908447266 31.329999923706055 AB 7.498021977599257 1.0456763095459531
61546.406 lsst_hardware_y -50.6034085338392 53.779998779296875 30.059999465942383 AB 7.399606347144227 1.0382498031632141
61550.4208 lsst_hardware_y -10.412072564694798 77.76000213623047 30.809999465942383 AB 8.765179919256811 1.0317944598452216
61552.4124 lsst_hardware_i 77.26732556337267 48.36000061035156 31.309999465942383 AB 5.1229479575319035 1.0316564381074165
61552.4245 lsst_hardware_z -4.31951193114461 51.290000915527344 30.969999313354492 AB 4.374490034809756 1.0336696679607174
61554.4206 lsst_hardware_r 33.2466283262076 31.510000228881836 31.579999923706055 AB 8.172655658981485 1.0342079123020127
61554.4324 lsst_hardware_y -9.199863623511398 55.029998779296875 30.059999465942383 AB 8.276832205799005 1.040369406184119
61559.3885 lsst_hardware_i -21.652232456114362 30.31999969482422 31.25 AB 11.120242365459728 1.0319133625036092
61559.4006 lsst_hardware_z -75.01726321871256 41.0 30.950000762939453 AB 11.098973661957897 1.0324146469427373
61561.3984 lsst_hardware_r -11.814485849946461 22.469999313354492 31.5 AB 4.752731795586478 1.0332025642579301
61561.4108 lsst_hardware_u -0.449530784816074 2.759999990463257 28.5 AB 4.778290407381244 1.0387587842133141
61563.3967 lsst_hardware_g -14.911013076763544 13.890000343322754 31.43000030517578 AB 1.1635923263933419 1.0344575430968102
61563.4092 lsst_hardware_r 3.0852559256279233 22.600000381469727 31.5 AB 1.171317264097304 1.0413251718156982
61576.3407 lsst_hardware_r 158.51660304715065 115.80999755859375 31.65999984741211 AB 3.8187647021096263 1.0320985681377368
61576.3527 lsst_hardware_z -83.53286130467868 77.4000015258789 31.0 AB 3.8189379769323706 1.0321453991709109
61578.3733 lsst_hardware_i 142.84159982554917 76.73999786376953 31.329999923706055 AB 2.1862321145371033 1.0452938630347652
61578.3879 lsst_hardware_z 15.89804763531029 68.33999633789062 30.979999542236328 AB 2.227634585921728 1.060778374248442
61587.346 lsst_hardware_i -20.646741954140964 30.469999313354492 31.25 AB 8.994323684157894 1.0430620067445082
61587.3563 lsst_hardware_z -10.105964546065186 41.29999923706055 30.950000762939453 AB 9.07102242856273 1.0525670026180933
61589.3457 lsst_hardware_r 8.729992750324952 22.670000076293945 31.5 AB 6.85454236215064 1.0474545174435326
61589.3585 lsst_hardware_u -0.37610286484833577 2.690000057220459 28.43000030517578 AB 6.936929961690382 1.0615854253103345
61591.3423 lsst_hardware_g 6.180233489966326 13.910718620776052 31.40999984741211 AB 4.737056711034839 1.0494144242434773
61591.3541 lsst_hardware_i 23.46543630501112 30.792011447124406 31.239999771118164 AB 4.854930510183746 1.0629682915305723
61593.3684 lsst_hardware_r 55.28668808921327 24.181424479329877 31.489999771118164 AB 1.7041116363922748 1.095070131557709
61593.3804 lsst_hardware_u -1.784093134334648 2.7300943293778213 28.399999618530273 AB 1.7012827281945764 1.1208626736762815
61596.1411 lsst_hardware_r 274.7845933591508 32.60913923240992 31.459999084472656 AB 12.65779761102998 1.4059793336575501
61596.149 lsst_hardware_u -0.7017294140829893 3.4143622554711732 28.360000610351562 AB 12.280073706377598 1.3591419128638975
61600.2972 lsst_hardware_z 835.9759331074354 56.13930078394489 30.969999313354492 AB 6.302005325029922 1.0350669828414096
61600.3093 lsst_hardware_r 1501.1396471459366 59.46629147057813 31.6299991607666 AB 6.309892439099984 1.0421392194723127
61605.4026 lsst_hardware_r 3336.7170452359314 150.78349641374385 31.59000015258789 AB 3.683384256708178 1.3178476768186682
61605.4136 lsst_hardware_z 1683.1972875776112 105.91330608478538 30.950000762939453 AB 3.734831440725511 1.377954720636622
61608.2396 lsst_hardware_r 4894.024114142255 103.42784856379801 31.649999618530273 AB 5.248907210032984 1.0366675969058028
61608.2512 lsst_hardware_z 2507.8017543942015 76.28623775715585 30.979999542236328 AB 5.07991277081208 1.03248510780212
61611.2288 lsst_hardware_r 5452.411069520478 83.73108457415492 31.610000610351562 AB 5.635841726314138 1.0380994154197485
61611.2412 lsst_hardware_y 1036.6042333547919 56.187969900327055 30.049999237060547 AB 5.637854641518538 1.0329051695174345
61612.2317 lsst_hardware_g 3106.244023318285 60.02305545367836 31.6200008392334 AB 10.53716250369095 1.0352372651855333
61612.2433 lsst_hardware_r 5442.01674192164 80.64728928045925 31.579999923706055 AB 10.348050392938084 1.0319757059001322
61617.2179 lsst_hardware_r 5555.523576408491 78.02974382865928 31.5 AB 3.312967882741169 1.0353024633566152
61617.2311 lsst_hardware_i 4673.396734233124 74.51264169048909 31.25 AB 3.301810309504747 1.0318157217202333
61619.2228 lsst_hardware_z 3103.8455990538628 69.20512174665119 30.950000762939453 AB 1.8301431176674037 1.0321811069233842
61619.2352 lsst_hardware_r 5364.512716242356 77.41022289874778 31.5 AB 1.8486327601968873 1.0321310716215812
61622.2098 lsst_hardware_u -2.08078523798101 3.7080923775420938 28.40999984741211 AB 1.0428383473433973 1.0332805026934826
61622.2212 lsst_hardware_g 1917.054091876344 46.22613269701533 31.420000076293945 AB 1.0431335517896392 1.0316563746219698
61626.2144 lsst_hardware_r 4491.328871934806 72.53454440368444 31.540000915527344 AB 3.4909296079473404 1.0319035199371387
61626.2261 lsst_hardware_y 799.3211390288014 54.20827456397547 30.049999237060547 AB 3.5126047967138083 1.0350216712232216
61627.2057 lsst_hardware_z 2713.774325729143 67.74619508704052 30.959999084472656 AB 4.286329097452244 1.031690251312318
61627.2174 lsst_hardware_r 4742.799111697082 75.59800212084419 31.59000015258789 AB 4.761275260536009 1.0329826458829547
61649.1392 lsst_hardware_z 1510.1877687271574 56.94234686224652 30.950000762939453 AB 1.3422548782707429 1.032503752515956
61649.1508 lsst_hardware_i 1975.2458576747267 52.64363047490302 31.25 AB 1.3413725982515352 1.031825075578104
61651.1369 lsst_hardware_u 4.3059848046500795 2.9814573035157634 28.469999313354492 AB 1.444760319469997 1.0319716567642836
61651.1489 lsst_hardware_g 198.44000240798943 20.134113427705863 31.420000076293945 AB 1.4452489109808653 1.0323206507006182
61653.1336 lsst_hardware_r 755.6939834397897 36.932788206779406 31.489999771118164 AB 1.45529454690774 1.0317579205301242
61653.1451 lsst_hardware_i 1698.722263944826 50.53433294642313 31.25 AB 1.5655203970474714 1.0326651695563795
61655.1203 lsst_hardware_i 1525.2873870819842 51.639494463932365 31.270000457763672 AB 1.7103232390676903 1.0331158194308006
61655.1317 lsst_hardware_z 1453.660430067489 56.28714505139121 30.950000762939453 AB 2.1422644412362777 1.0316708120569602
61672.1477 lsst_hardware_u 1.5411502952532834 2.6362090445759065 28.3700008392334 AB 3.8099082350550075 1.0857790586044778
61672.1599 lsst_hardware_r 388.03562243909823 30.352203173065643 31.469999313354492 AB 3.896344312903217 1.1099378458121925
61680.0579 lsst_hardware_r 388.98847802965753 29.657579313752745 31.5 AB 5.006526713959995 1.0319543881192035
61680.0701 lsst_hardware_u -2.576699924112373 2.77772500167811 28.420000076293945 AB 4.998880133060779 1.032399862259624
61684.0506 lsst_hardware_i 660.4305569649001 41.6348087731435 31.270000457763672 AB 3.8948591343006056 1.031682440712696
61684.0612 lsst_hardware_z 579.8026452943956 47.87661580630855 30.950000762939453 AB 3.9051173020791414 1.0328493448447462
61686.0516 lsst_hardware_r 410.38824850258686 49.33441726339765 31.6200008392334 AB 4.954849591199649 1.0320453220578314
61686.0635 lsst_hardware_z 658.4929173336891 52.33338631785049 30.959999084472656 AB 5.174737048116369 1.035568750873798
61688.0485 lsst_hardware_z -41.62451931216335 56.650001525878906 30.979999542236328 AB 2.50369065415279 1.0324497542898103
61688.0604 lsst_hardware_i 129.35363058472117 58.65999984741211 31.31999969482422 AB 2.523702243776963 1.0367118624306297
61689.1319 lsst_hardware_r -62.510463382343104 77.41999816894531 31.6200008392334 AB 5.176994758538792 1.1566118763491493
61689.143 lsst_hardware_z -25.60911400172284 62.58000183105469 30.959999084472656 AB 5.327678904514564 1.1914302432757131
61694.0824 lsst_hardware_g 29.09681780030284 88.56999969482422 31.709999084472656 AB 8.890805380796666 1.0769336674765346
61694.094 lsst_hardware_r 75.3433951350134 79.0999984741211 31.6299991607666 AB 8.528610235663816 1.0977745186850651
61700.0766 lsst_hardware_g -0.41873828029289034 14.069999694824219 31.40999984741211 AB 4.289219164826451 1.0957725874545987
61700.0878 lsst_hardware_i -10.733177829719125 31.149999618530273 31.229999542236328 AB 4.868434257462391 1.1198238660063002
61702.0818 lsst_hardware_z 65.82536724552057 42.400001525878906 30.940000534057617 AB 4.068220880187643 1.118564993177923
61702.0925 lsst_hardware_r 15.599006347537241 23.329999923706055 31.479999542236328 AB 3.5514371537732385 1.145624888313948
61918.3665 lsst_hardware_i 32.74779175460102 43.369998931884766 32.0099983215332 AB 9.605573532426439 1.056767200450277
61918.3835 lsst_hardware_y 64.7078825221937 66.6500015258789 30.799999237060547 AB 9.73628043739501 1.0408681245878548
61926.4018 lsst_hardware_z 101.94227857197957 40.970001220703125 30.940000534057617 AB 4.756590681403484 1.0340414524790182
61926.4153 lsst_hardware_r -5.759365541770409 22.5 31.489999771118164 AB 4.789778142579427 1.0412561179520494
61928.399 lsst_hardware_y 68.11102440566945 74.38999938964844 30.799999237060547 AB 1.156787515473897 1.0350794262684453
61947.3109 lsst_hardware_r -33.20464369057824 22.43000030517578 31.479999542236328 AB 5.74878420828608 1.0368444780027197
61947.3233 lsst_hardware_i -6.369087234621374 30.209999084472656 31.239999771118164 AB 5.68684802611758 1.0323768768480674
61950.1594 lsst_hardware_i -46.34021243887426 34.38999938964844 31.18000030517578 AB 7.085159055774376 1.4905664212709064
61950.1756 lsst_hardware_z -65.3601521433916 46.439998626708984 30.90999984741211 AB 7.924517876900081 1.3830477554690381
61958.3592 lsst_hardware_i -7.941179484121309 88.2699966430664 31.329999923706055 AB 1.6703663177331218 1.0774239847773308
61958.3714 lsst_hardware_r 90.1658744824108 112.48999786376953 31.649999618530273 AB 1.6977753952536712 1.09959546324727
61960.2941 lsst_hardware_z 99.97405100601426 113.95999908447266 31.75 AB 1.7692813110136303 1.0316509102120917
61962.3014 lsst_hardware_r 40.20464483752722 83.37000274658203 31.65999984741211 AB 8.866115464394502 1.03334679072197
61962.3135 lsst_hardware_i 74.20850302275828 67.75 31.329999923706055 AB 8.867577483624794 1.0389054517749348
61964.2358 lsst_hardware_r -2.9507405361779453 52.88999938964844 31.6299991607666 AB 7.2996721375129505 1.063162268790182
61964.2477 lsst_hardware_i 7.408259023323555 47.279998779296875 31.309999465942383 AB 7.166372012736232 1.0494540680567215
61965.3049 lsst_hardware_z -14.752551296632527 64.87000274658203 31.709999084472656 AB 6.304369566286322 1.038653909351456
61974.3185 lsst_hardware_g -19.623197078018148 14.100000381469727 31.399999618530273 AB 5.2115687709622724 1.0823985816668502
61974.3301 lsst_hardware_r -21.187796632596715 23.18000030517578 31.479999542236328 AB 5.2703293543089496 1.1045049292998146
61976.2362 lsst_hardware_r 26.58679001868057 22.889999389648438 31.489999771118164 AB 5.646982159058024 1.0347669905278343
61976.2487 lsst_hardware_i -2.503467399419605 30.420000076293945 31.25 AB 5.630507390295464 1.031748113114749
61978.2194 lsst_hardware_i -45.75418772987652 30.459999084472656 31.239999771118164 AB 2.381982300531097 1.041076180302053
61978.2314 lsst_hardware_z 11.259769549481401 40.900001525878906 30.940000534057617 AB 2.323498802965625 1.034505255105004
61979.2373 lsst_hardware_g 14.597980699266305 14.180000305175781 31.43000030517578 AB 2.618007316613765 1.0321337735516518
61979.2485 lsst_hardware_r 36.94230158116841 22.889999389648438 31.489999771118164 AB 2.6443858668672533 1.0319554602408794
61981.2174 lsst_hardware_r -8.480344458949743 27.809999465942383 31.540000915527344 AB 4.667430233740424 1.037206718608983
61981.2284 lsst_hardware_i -56.03073803716106 32.939998626708984 31.260000228881836 AB 4.6478037042257245 1.0328452676057165
61990.214 lsst_hardware_z -48.79562822418676 69.29000091552734 30.989999771118164 AB 3.1980722725481545 1.0316362169510176
61990.225 lsst_hardware_r 17.481913425937904 101.05000305175781 31.65999984741211 AB 3.203426777730015 1.0333634766871016
61992.2149 lsst_hardware_i 74.88026701915095 53.7400016784668 31.31999969482422 AB 4.751705547949962 1.0322501597675473
61992.2249 lsst_hardware_z -60.36103545366577 52.9900016784668 30.979999542236328 AB 4.759782943050686 1.03535438426248
61994.1951 lsst_hardware_z 16.729700757146585 45.36000061035156 30.959999084472656 AB 2.807325415270129 1.0323579609966151
61994.2061 lsst_hardware_i -11.354015103662622 40.11000061035156 31.290000915527344 AB 2.788345237007223 1.0317969362017538
61995.1501 lsst_hardware_r -44.08607958906276 23.110000610351562 31.5 AB 3.5046351201526544 1.064591470277234
61995.1619 lsst_hardware_u -1.614271393774011 2.690000057220459 28.420000076293945 AB 3.5426873769330687 1.0506190323051805
61997.2404 lsst_hardware_r -2.05113780188631 23.010000228881836 31.5 AB 4.590630421130457 1.0597838602071084
61997.252 lsst_hardware_i -11.327246213827099 31.200000762939453 31.25 AB 5.058451495717968 1.076266275684674
62011.1327 lsst_hardware_y 39.14385700520004 48.31999969482422 30.049999237060547 AB 5.401908106527727 1.0388284820245628
62011.143 lsst_hardware_r -21.258185029512166 41.38999938964844 31.610000610351562 AB 5.376221324305425 1.0338887162125818
62016.1303 lsst_hardware_r -41.133502135991606 114.69000244140625 31.65999984741211 AB 1.447004698261925 1.0335747844728036
62016.1423 lsst_hardware_z -166.7072366309255 78.54000091552734 31.0 AB 1.4442930209783857 1.0316378721274184
62020.1141 lsst_hardware_i -133.6215776619454 60.09000015258789 31.329999923706055 AB 1.5979659247757536 1.0356227639505857
62020.1255 lsst_hardware_z -97.67118723166271 56.41999816894531 30.979999542236328 AB 2.0851362651585887 1.0321179384524632
62031.1943 lsst_hardware_i -46.36813738531355 31.290000915527344 31.229999542236328 AB 1.402253560351245 1.1534061775456514
62031.2064 lsst_hardware_u -0.9378999132846859 2.549999952316284 28.270000457763672 AB 1.4614130486099643 1.1910456793886235
62033.1466 lsst_hardware_r -34.35024245333921 22.719999313354492 31.489999771118164 AB 7.6220415433243485 1.0656968578273738
62033.1586 lsst_hardware_u 1.0320988482206814 2.680000066757202 28.420000076293945 AB 7.794927232595944 1.0844738941386607
62035.1479 lsst_hardware_g 9.720369741449451 13.970000267028809 31.420000076293945 AB 3.6390021785867632 1.0757261206838735
62035.1596 lsst_hardware_r -16.676540822225327 23.0 31.5 AB 3.7131588740565586 1.0964861207441177
62037.1489 lsst_hardware_i -71.87378021834921 30.729999542236328 31.239999771118164 AB 3.832947988180778 1.08664184129106
62037.161 lsst_hardware_z -12.656501822823989 42.119998931884766 30.940000534057617 AB 3.9016363304044837 1.1107861438873974
62039.1459 lsst_hardware_r 12.449457770227497 32.540000915527344 31.559999465942383 AB 3.147978510603164 1.0911537298451175
62039.1571 lsst_hardware_g 60.60260117166825 26.969999313354492 31.600000381469727 AB 3.1760425093166895 1.1142705564204716
62041.1561 lsst_hardware_r -2.514953340796911 55.439998626708984 31.6200008392334 AB 4.838992247630189 1.1247149271061279
62041.1687 lsst_hardware_i 54.43275968515427 50.900001525878906 31.290000915527344 AB 5.2100739374172385 1.1583304724225452
62043.0509 lsst_hardware_z 95.22490163141882 61.470001220703125 30.989999771118164 AB 3.854858225741438 1.0358113416981405
62043.063 lsst_hardware_i 28.060408397607702 66.5999984741211 31.329999923706055 AB 3.825647037769409 1.0320758178375402
62044.0553 lsst_hardware_z 91.91035156676496 61.400001525878906 30.989999771118164 AB 5.943856775813656 1.0331452433407877
62044.068 lsst_hardware_r 38.62887439790414 81.91000366210938 31.65999984741211 AB 5.895268167141715 1.031693422862739
62050.0523 lsst_hardware_z -0.4465289829234705 47.97999954223633 30.969999313354492 AB 4.698008818619519 1.0317357677873107
62050.0626 lsst_hardware_r -26.688748620524418 48.61000061035156 31.6299991607666 AB 4.637767137594035 1.0338312834583225
62052.0533 lsst_hardware_u -2.019301980047846 2.7799999713897705 28.520000457763672 AB 3.108506102495509 1.0327262798988404
62052.066 lsst_hardware_r -21.105283275856948 22.729999542236328 31.510000228881836 AB 3.2879612904098634 1.0378665689425073
62054.1379 lsst_hardware_z 26.329780020000662 43.130001068115234 30.940000534057617 AB 5.198993111433114 1.1725288929710418
62054.149 lsst_hardware_i -11.800305640421497 31.969999313354492 31.229999542236328 AB 5.359952594354041 1.2100126257101456
62057.132 lsst_hardware_r 23.203003142974534 23.31999969482422 31.479999542236328 AB 9.897767885069534 1.179803864240647
62057.143 lsst_hardware_i -82.06848892515356 32.060001373291016 31.229999542236328 AB 10.144842117658579 1.2181119212717926
62064.0853 lsst_hardware_z -8.86479410060164 42.279998779296875 30.950000762939453 AB 3.02584300204794 1.1065097066760712
62064.0965 lsst_hardware_r -8.865107949927973 23.34000015258789 31.489999771118164 AB 3.048318653773639 1.1326776233250864
62067.0792 lsst_hardware_i -7.87663086424785 32.83000183105469 31.25 AB 4.002009025560648 1.1110519226988085
62067.0909 lsst_hardware_z 102.81936429429939 43.43000030517578 30.940000534057617 AB 3.5321528023401485 1.1394041297871447
