data/validation/pwv_sim_epoch_fit_4/31867052.ecsv
# %ECSV 0.9
# ---
# datatype:
# - {name: time, datatype: float64}
# - {name: band, datatype: string}
# - {name: flux, datatype: float64}
# - {name: fluxerr, datatype: float64}
# - {name: zp, datatype: float64}
# - {name: zpsys, datatype: string}
# - {name: pwv, datatype: float64}
# - {name: airmass, datatype: float64}
# meta: {SNID: '31867052', alt: 1024.0, c: -0.05793614685535431, dec: 1.492246, lat: -30.244573, lon: -70.7499537, ra: 176.308594, t0: 62916.4609375,
#   x0: 4.601318888900143e-06, x1: 0.24167472124099731, z: 0.6344432234764099}
# schema: astropy-2.0
time band flux fluxerr zp zpsys pwv airmass
62880.3573 lsst_hardware_i -93.51370108949435 76.66000366210938 31.309999465942383 AB 8.082815821666932 1.178539366464194
62882.352 lsst_hardware_g -4.365515012034662 41.869998931884766 31.639999389648438 AB 5.296644788309643 1.178428831572889
62882.3704 lsst_hardware_y 149.57235606284263 75.4000015258789 30.020000457763672 AB 5.241509397371785 1.1739979238551108
62884.3554 lsst_hardware_i 51.73172105690217 35.08132879107232 31.260000228881836 AB 7.847975777580974 1.1742899988898947
62886.337 lsst_hardware_u 2.3605691868749292 2.8666525832422325 28.420000076293945 AB 11.584391849225296 1.1815985158328606
62886.3573 lsst_hardware_z -5.615223885546235 44.8389062405226 30.940000534057617 AB 11.48742366174046 1.1736831327448816
62888.3587 lsst_hardware_r 9.27995551101066 25.52623947343569 31.5 AB 10.50769630051403 1.1754232675780576
62890.3593 lsst_hardware_z -36.5179582036356 44.964668357789876 30.93000030517578 AB 8.447355654919857 1.178824154377066
62892.3191 lsst_hardware_i 30.20201689091806 34.515017642057025 31.239999771118164 AB 14.367330259959514 1.1829831420304253
62892.34 lsst_hardware_u 3.330466108457417 3.0888289742746373 28.34000015258789 AB 16.429435908513913 1.173614965962848
62896.3247 lsst_hardware_r 377.1746143956106 31.665262020729976 31.489999771118164 AB 13.13602334965587 1.1738549081502945
62896.3429 lsst_hardware_u 13.521742387779135 3.6068793390462273 28.360000610351562 AB 13.419743119109292 1.1788076819362527
62907.298 lsst_hardware_r 1739.2493783226107 139.7818883489202 31.6299991607666 AB 3.416886268905343 1.1735827816951205
62907.3171 lsst_hardware_i 1141.780420893811 115.82370058793973 31.31999969482422 AB 3.4597777705461463 1.1822237384405183
62909.3001 lsst_hardware_r 1818.1472885549044 89.84608566637657 31.6200008392334 AB 7.1552819017715175 1.174923136579888
62909.317 lsst_hardware_z 1023.8955326596115 70.52231076624686 30.959999084472656 AB 7.2635120811012355 1.1878188194769113
62911.3073 lsst_hardware_g 594.6296153484866 45.296379177671724 31.6299991607666 AB 3.155399573224221 1.183274839959083
62911.3239 lsst_hardware_i 1268.1505097895863 55.592072822705795 31.270000457763672 AB 3.2794886789403526 1.20628568376918
62913.2194 lsst_hardware_r 1643.6522356131425 48.02302421603205 31.479999542236328 AB 4.9000354864018085 1.2714155387653503
62913.2357 lsst_hardware_z 968.6484293828121 54.191695783536865 30.93000030517578 AB 4.81033522256164 1.225250948181809
62918.278 lsst_hardware_g 619.394023200268 33.782674279637135 32.20000076293945 AB 5.951262294826946 1.175945126591855
62918.2956 lsst_hardware_r 1546.1844208385464 46.56429652974957 31.5 AB 7.717612571944926 1.1918019079791924
62920.2725 lsst_hardware_i 1285.9363953847708 48.50044715235783 31.239999771118164 AB 12.580840175832972 1.1759259885187847
62920.2912 lsst_hardware_z 1067.1419318673552 53.70342236916557 30.93000030517578 AB 12.721421242774907 1.1932485102732573
62924.2656 lsst_hardware_g 234.6159171089537 21.21513319946561 31.43000030517578 AB 7.064940539412108 1.178210107189745
62924.2824 lsst_hardware_i 1174.5826382772855 47.44376558805728 31.229999542236328 AB 7.1112952580955175 1.1963150212688023
62926.2717 lsst_hardware_z 961.0026953575398 53.01071120482986 30.93000030517578 AB 4.608173084202256 1.1891548107700114
62926.29 lsst_hardware_r 1191.2894464534227 42.03467757399375 31.479999542236328 AB 4.758648555931229 1.2204792397874402
62928.2371 lsst_hardware_r 1063.7657861044474 40.869543735670966 31.489999771118164 AB 6.11933781832907 1.17387984685395
62928.2542 lsst_hardware_y 259.7657161027985 51.76481298492306 30.0 AB 6.976088174533657 1.17789585049112
62931.2368 lsst_hardware_z 905.6760921779514 67.60307113635986 30.969999313354492 AB 9.23281086425099 1.1740106214874468
62931.2555 lsst_hardware_r 1057.9933998802032 83.2260061784128 31.6200008392334 AB 9.243750855304896 1.1861734509293562
62933.2362 lsst_hardware_i 1034.3603015813192 117.18743441169994 31.31999969482422 AB 12.673584840982285 1.1755572585184242
62933.2541 lsst_hardware_z 994.2238757673164 101.18530023202054 30.979999542236328 AB 11.791644626208976 1.1910752147685835
62936.2344 lsst_hardware_r 239.42693350080708 131.33941912447182 31.6299991607666 AB 10.055546102366279 1.1793056414033947
62936.2528 lsst_hardware_z 621.2637255674093 93.28904998405238 30.979999542236328 AB 10.538098379565982 1.2013221921321773
62938.2364 lsst_hardware_z 709.9036583201203 62.50910475564665 30.959999084472656 AB 16.769508509913436 1.186186115480095
62938.2545 lsst_hardware_i 778.2589266264799 63.81543319362108 31.290000915527344 AB 18.360490097011933 1.2146394613000584
62940.2359 lsst_hardware_z 537.1251972657484 53.28974330632868 30.940000534057617 AB 10.929126953351464 1.1922900729123742
62940.2548 lsst_hardware_r 501.41840455258387 46.29065237614418 31.559999465942383 AB 10.678601786056472 1.2274254926501693
62942.2001 lsst_hardware_r 428.819703895591 32.279065318046115 31.5 AB 10.051608483854707 1.1737048673347463
62942.2186 lsst_hardware_u -4.537283993694981 3.2282181024231904 28.440000534057617 AB 9.783315767753509 1.1797432417175746
62945.1965 lsst_hardware_g 56.99822970664895 17.603572969721508 31.459999084472656 AB 6.113450643091077 1.173688628383216
62945.2158 lsst_hardware_r 280.11236026175095 31.319260699580976 31.510000228881836 AB 5.820798768877406 1.1845940002803166
62947.1957 lsst_hardware_i 453.3145846638321 39.03391581119056 31.25 AB 5.607194334930287 1.1746915506138869
62947.2149 lsst_hardware_z 430.37262458309726 49.14567559347604 30.940000534057617 AB 6.845925770235362 1.1898198166822267
62949.1975 lsst_hardware_r 229.62758033629254 29.945667097235837 31.510000228881836 AB 6.9543926372137514 1.1783111889552116
62949.2168 lsst_hardware_u -2.453750350187928 3.1288421235353256 28.459999084472656 AB 7.118272083279773 1.2004843719166494
62953.1822 lsst_hardware_z 744.0183619499023 67.90776745465736 31.690000534057617 AB 8.361698491092515 1.1758271057128316
62953.2002 lsst_hardware_r 176.71465049177053 28.907477516356092 31.5 AB 8.502617822517808 1.1920114709824663
62957.1755 lsst_hardware_r 53.72972824707871 37.88935411938046 31.56999969482422 AB 6.408555290370441 1.1782056883523355
62957.1943 lsst_hardware_i 189.6650066433964 41.08830905778258 31.260000228881836 AB 6.42677973291384 1.1994176704920672
62959.1729 lsst_hardware_z 628.5133808985082 86.59944494545074 31.709999084472656 AB 7.479987522848544 1.180305205583086
62959.1915 lsst_hardware_r 76.48676883600537 68.68776842951584 31.600000381469727 AB 7.636593237689944 1.203877021180719
62961.1724 lsst_hardware_z 338.7792429974942 89.59488912440393 30.979999542236328 AB 8.75585235452249 1.1848912123402298
62961.1907 lsst_hardware_r 293.4926320460236 126.79780728443406 31.6200008392334 AB 8.955905470225417 1.2126062377883442
62964.1397 lsst_hardware_z 367.3505366016068 91.7924917649295 30.979999542236328 AB 8.703314028673494 1.1737443059573154
62964.1594 lsst_hardware_r 269.49470404565955 134.88943345012456 31.6200008392334 AB 8.772945483716402 1.1804286172923038
62967.1588 lsst_hardware_g 3.777094165120017 61.14601773946357 31.65999984741211 AB 3.504588061795921 1.1879959531511597
62967.176 lsst_hardware_r 151.74057162617743 60.23388040164116 31.600000381469727 AB 3.998579733977639 1.2160514168921808
62969.1597 lsst_hardware_i 96.00894657218605 41.041501256588674 31.260000228881836 AB 10.07404051475689 1.1965602907758355
62969.1763 lsst_hardware_z 234.26281534415358 50.05826027046469 30.940000534057617 AB 12.048919441814473 1.229063526876689
62971.1583 lsst_hardware_r 120.13101474197256 26.770400609361502 31.489999771118164 AB 12.741273658276905 1.2031230536135948
62971.1767 lsst_hardware_g 31.967883361627692 15.903078662357307 31.40999984741211 AB 12.318720043681603 1.2443151559274346
62974.1243 lsst_hardware_u 6.426466975850274 3.4471571611086573 28.479999542236328 AB 13.284004291387676 1.175575601007759
62974.142 lsst_hardware_r 65.48825534838389 26.682303445036275 31.489999771118164 AB 14.04276533797319 1.1908722301537644
62976.1245 lsst_hardware_i 61.93403441709185 34.72932537317728 31.239999771118164 AB 8.069344643438875 1.1788095992557763
62976.1429 lsst_hardware_z 205.8873549839074 46.356544210261006 30.940000534057617 AB 7.699038872217538 1.2001931261738479
62978.1204 lsst_hardware_r 104.63939397896323 26.25058539968607 31.489999771118164 AB 10.770944062582801 1.179817153050548
62978.1382 lsst_hardware_u 6.950086839928313 3.158705461390741 28.3799991607666 AB 12.206729403384191 1.2014497444275778
62982.0689 lsst_hardware_g -6.6911129803314875 27.205881964514557 32.59000015258789 AB 12.680034447047527 1.187713979678487
62982.0898 lsst_hardware_r 154.45564622237987 36.99576106485642 32.2400016784668 AB 11.503777578344183 1.1738548549330798
62985.1159 lsst_hardware_i 82.7948102748941 37.18639070861723 31.25 AB 10.555275204848426 1.1963928031111621
62985.133 lsst_hardware_z 158.98722584584993 47.06367778782785 30.940000534057617 AB 10.034116216086712 1.2300102621539901
62992.0846 lsst_hardware_z 228.96242132061138 115.40909252405594 31.729999542236328 AB 4.216702162081665 1.1818387468172367
62992.104 lsst_hardware_r -41.097294377131895 169.4469092499072 32.369998931884766 AB 4.33842460100738 1.2086150948830774
62994.0889 lsst_hardware_r 64.22384130594072 89.78611528791104 31.6200008392334 AB 12.278911892909706 1.1928994714614352
62994.11 lsst_hardware_z 13.247041011371271 66.3502498413666 30.959999084472656 AB 12.829710475216576 1.23394240272024
63000.0357 lsst_hardware_i 64.03441238430975 32.779998779296875 31.239999771118164 AB 6.917491825895166 1.1752449585278908
63000.0549 lsst_hardware_z -25.666019911527496 43.70000076293945 30.940000534057617 AB 7.504817584129736 1.176334426311494
63001.0331 lsst_hardware_r -39.96685918213233 25.0 31.5 AB 6.904948836487657 1.1751937543485207
63001.0522 lsst_hardware_g -16.322379654954442 15.59000015258789 31.43000030517578 AB 7.646277494248494 1.1763503837305376
63003.983 lsst_hardware_i 38.57274926826904 33.5 31.229999542236328 AB 9.159659516450452 1.2356489218855298
63003.9987 lsst_hardware_z -64.4524405488868 44.380001068115234 30.940000534057617 AB 8.94228995786721 1.202216938475039
63008.003 lsst_hardware_r 33.70226349752762 25.059999465942383 31.489999771118164 AB 5.356713788867001 1.1823887697306665
63008.0218 lsst_hardware_u 0.8064252531323569 2.759999990463257 28.3799991607666 AB 5.369633063654961 1.1735834034032582
63016.0033 lsst_hardware_r 60.38897892038476 59.33000183105469 31.610000610351562 AB 11.188539626820726 1.1737769420977289
63016.0242 lsst_hardware_g -28.939815784615522 53.790000915527344 31.649999618530273 AB 11.491793200370985 1.1870665266803562
63017.9983 lsst_hardware_r 100.54742591148674 84.6500015258789 31.6200008392334 AB 8.089556654786275 1.173845556814394
63018.0169 lsst_hardware_i -133.94368647033482 73.1500015258789 31.309999465942383 AB 8.058315145111662 1.185046344869362
63020.9596 lsst_hardware_y -68.65821298288085 58.119998931884766 30.010000228881836 AB 12.86513196016949 1.1912159222379157
63020.9801 lsst_hardware_z 67.8491770940751 64.31999969482422 30.969999313354492 AB 12.686000498752433 1.1746296758104104
63022.9595 lsst_hardware_y -72.28621670059863 55.38999938964844 30.0 AB 5.095031357374996 1.1848910133430224
63022.9794 lsst_hardware_z 57.66221154602561 58.7400016784668 30.959999084472656 AB 5.046767770160039 1.1736669232930323
63032.9578 lsst_hardware_y -25.4708836314674 54.689998626708984 30.010000228881836 AB 11.35666230929756 1.1739264504954756
63032.9789 lsst_hardware_r 10.920713770937038 26.850000381469727 31.5 AB 10.912930503252285 1.1883840251826312
