data/validation/pwv_sim_epoch_fit_4/31882621.ecsv
# %ECSV 0.9
# ---
# datatype:
# - {name: time, datatype: float64}
# - {name: band, datatype: string}
# - {name: flux, datatype: float64}
# - {name: fluxerr, datatype: float64}
# - {name: zp, datatype: float64}
# - {name: zpsys, datatype: string}
# - {name: pwv, datatype: float64}
# - {name: airmass, datatype: float64}
# meta: {SNID: '31882621', alt: 1024.0, c: -0.09646070003509521, dec: -42.809296, lat: -30.244573, lon: -70.7499537, ra: 346.912354, t0: 60883.5078125,
#   x0: 2.262113607769636e-06, x1: 0.4058138132095337, z: 0.8468987941741943}
# schema: astropy-2.0
time band flux fluxerr zp zpsys pwv airmass
60842.3466 lsst_hardware_i 40.59561608412601 84.97000122070312 32.06999969482422 AB 7.354439900736565 1.1108586814797319
60842.3705 lsst_hardware_y -48.922719981495185 74.08000183105469 30.799999237060547 AB 7.04787732922486 1.0647546669524282
60844.4283 lsst_hardware_r 15.913192343625939 41.880001068115234 31.6200008392334 AB 5.022192580637409 1.024937261354573
60844.4418 lsst_hardware_y -127.44302404893374 67.98999786376953 30.06999969482422 AB 5.049045669914248 1.030417483655969
60847.4136 lsst_hardware_g 11.24878479153266 15.183336836219391 31.469999313354492 AB 3.0763558861299267 1.0240296985731037
60847.4267 lsst_hardware_y -20.794104341310195 47.09295216073707 30.049999237060547 AB 3.235398065971275 1.0270018196925346
60856.3759 lsst_hardware_u 0.506440569195372 2.7189368687690876 28.399999618530273 AB 4.160731755654808 1.0256107199346571
60856.3879 lsst_hardware_r -8.299741918178478 22.733929649083123 31.489999771118164 AB 4.164547675265745 1.0239851672647258
60860.1772 lsst_hardware_r 138.97116396258784 60.72050115191815 32.150001525878906 AB 14.260403211070495 1.852601911149126
60860.1946 lsst_hardware_z 246.44686201197564 74.84197967860112 31.639999389648438 AB 12.714665248893427 1.6539581240633514
60861.415 lsst_hardware_g 58.26792681466386 15.119943380359047 31.420000076293945 AB 4.097984408456334 1.0472743185423803
60861.4264 lsst_hardware_r 134.00371644871743 25.57900596263302 31.5 AB 5.544593688971719 1.0621826990367278
60863.3631 lsst_hardware_i 347.1694745417274 43.56077130013878 31.290000915527344 AB 1.5881461557213652 1.0242800101395455
60863.3765 lsst_hardware_z 243.31074056468617 43.26016964753437 30.950000762939453 AB 1.5563029419409564 1.0249511719055748
60867.3176 lsst_hardware_r 556.4710881077661 110.94138826017725 31.65999984741211 AB 8.938189941602323 1.0447913432615223
60867.3299 lsst_hardware_z 305.567929896136 74.82530087107085 30.989999771118164 AB 8.818077115351407 1.0337419319892815
60870.3167 lsst_hardware_z 382.90522415557734 66.81615062531708 30.989999771118164 AB 6.253871720230454 1.0377286518261768
60870.3293 lsst_hardware_i 582.6150123557709 75.16104097198307 31.34000015258789 AB 6.2314726239159075 1.0290174832045424
60875.4073 lsst_hardware_i 853.1407291464768 42.32999925954866 31.25 AB 3.074493325955924 1.0964017804300472
60875.4189 lsst_hardware_z 512.3447135215665 48.28541431170534 30.940000534057617 AB 3.4431076380456584 1.1233630140442603
60877.3928 lsst_hardware_r 648.5466045518735 33.64852176506199 31.479999542236328 AB 6.406776061060285 1.0787180302328214
60877.405 lsst_hardware_g 112.60801046043524 17.587978323140916 31.389999389648438 AB 6.291866771266561 1.1032556148108996
60879.4003 lsst_hardware_r 614.9367728511887 33.59866933852076 31.489999771118164 AB 5.722300385130023 1.1049578344446098
60879.411 lsst_hardware_i 747.4912378758845 42.01015455985052 31.239999771118164 AB 5.811659361768418 1.131223233434242
60881.3468 lsst_hardware_g 115.32003503960381 16.772985956457358 31.43000030517578 AB 5.705031126507472 1.0344415091656165
60881.3587 lsst_hardware_i 776.5403617553138 41.59788101072047 31.25 AB 5.770246383835326 1.0453818350170436
60884.1205 lsst_hardware_i 815.5086058125589 44.24882833236047 31.1299991607666 AB 6.631822723726542 1.745216506243827
60884.1284 lsst_hardware_r 486.27188240173183 32.929835153850405 31.360000610351562 AB 6.144794965654374 1.6607553961228039
60886.3439 lsst_hardware_r 467.64482347098624 31.95070908305973 31.5 AB 4.983726050822218 1.044149602099796
60886.355 lsst_hardware_i 814.4238251886433 41.441070481651984 31.25 AB 5.07647711676057 1.0576728488285096
60888.3869 lsst_hardware_r 461.1445608366078 31.151017114464977 31.479999542236328 AB 7.129349083536677 1.1324815869220604
60888.398 lsst_hardware_g 92.55946764348471 15.686542883289773 31.3799991607666 AB 7.331646582089505 1.1648165519465392
60890.3419 lsst_hardware_z 538.9983099274082 47.17323332009357 30.950000762939453 AB 2.336224076968711 1.054728702920411
60890.3536 lsst_hardware_r 406.7714413343187 30.510012316625577 31.489999771118164 AB 2.36351969171591 1.0722557294843642
60894.3309 lsst_hardware_r 376.3832080842591 87.8325987394708 31.649999618530273 AB 4.41641449338794 1.054624172583286
60894.3427 lsst_hardware_z 441.048552408711 67.33499608994391 30.979999542236328 AB 4.5924410415574135 1.0722903937947807
60897.2352 lsst_hardware_z 516.8967140659497 84.73665161479563 31.0 AB 4.829158801718706 1.0453290333283634
60897.2458 lsst_hardware_r 352.2557509530804 125.29360804804487 31.65999984741211 AB 4.82058758046148 1.0354051614587296
60899.2362 lsst_hardware_i 433.58780744767205 68.25264741370474 31.329999923706055 AB 2.824863783951408 1.0389029822371785
60899.2488 lsst_hardware_z 474.0374760245166 62.61252512820119 30.989999771118164 AB 2.7898853528981347 1.0297313064338587
60902.1527 lsst_hardware_z 360.9721145043294 47.428453528868516 30.93000030517578 AB 4.047013090756592 1.2000928432816642
60902.1591 lsst_hardware_g -1.7884395258218426 14.745803876137774 31.3799991607666 AB 3.980233645917223 1.1777581434878601
60904.3071 lsst_hardware_r 177.39493590452685 28.372364470894176 31.530000686645508 AB 4.436224023393262 1.0594178646484336
60904.3193 lsst_hardware_u 2.4364328446334826 3.3819831195960357 28.6299991607666 AB 4.5152461685674385 1.0791052562747059
60906.3092 lsst_hardware_g 44.995629564852194 14.97923407022351 31.43000030517578 AB 2.8652598000473666 1.0710584262839409
60906.3204 lsst_hardware_r 181.5935023226401 26.150676798777717 31.489999771118164 AB 2.9299591703252097 1.09170682617843
60908.309 lsst_hardware_i 430.110967133291 35.773040903549706 31.239999771118164 AB 1.5911872627833121 1.0802357520592751
60908.3212 lsst_hardware_z 287.4752150064111 45.84564106735179 30.940000534057617 AB 1.6344823070638634 1.1051266443974737
60910.2896 lsst_hardware_z 204.6471903811097 44.484771289730006 30.940000534057617 AB 2.0228670210040183 1.0578465268683583
60910.2998 lsst_hardware_r 112.44971246624716 25.14266074764071 31.479999542236328 AB 2.1699633785010244 1.0736192191808482
60912.304 lsst_hardware_r 99.22217743382421 24.97061815773894 31.489999771118164 AB 2.6509369379938734 1.091669294987182
60912.316 lsst_hardware_i 219.50370113969035 34.83421024887875 31.25 AB 2.7466364142101996 1.1186409506693726
60920.0675 lsst_hardware_z 240.43786992844778 53.59394574455989 30.920000076293945 AB 1.7860216429639235 1.3696484992054627
60920.0758 lsst_hardware_r 62.94640026440442 48.479997142176565 31.549999237060547 AB 1.7768281341739183 1.3230291393700062
60932.2417 lsst_hardware_r 16.84088713860468 27.005740944837225 31.530000686645508 AB 1.3188415170710122 1.0770449302335747
60932.2539 lsst_hardware_u -4.311523582717774 3.5045597033611378 28.6200008392334 AB 2.1906282934464723 1.1011871448292199
60934.1402 lsst_hardware_z 124.61722530301354 42.18146629263411 30.950000762939453 AB 3.316173613461306 1.0393085053549498
60934.1516 lsst_hardware_u 1.0808899143771404 2.6090923539693716 28.3700008392334 AB 3.2908013239367437 1.0306837158020807
60940.2221 lsst_hardware_u 1.2498240752054721 2.707803270511478 28.40999984741211 AB 2.24626546553949 1.081104784280343
60940.2346 lsst_hardware_g 15.215900100414062 14.354558319415018 31.389999389648438 AB 2.299817776545794 1.1068789683767357
60943.2118 lsst_hardware_i 82.13530176120521 31.371392365946676 31.239999771118164 AB 6.450155421592901 1.0772852100810701
60943.2233 lsst_hardware_r 13.518868067977655 23.168178747883555 31.479999542236328 AB 6.677000878327801 1.0999548417819702
60945.2265 lsst_hardware_u -0.28715693326238806 2.654930655533607 28.34000015258789 AB 3.7722512859773896 1.1201379647562277
60945.2391 lsst_hardware_g 33.25533509080562 14.361878387661033 31.360000610351562 AB 3.8437269550300392 1.1547347151101661
60950.1879 lsst_hardware_i 64.66449676033193 51.21643865205848 31.299999237060547 AB 4.847543883395509 1.0691539222311317
60950.1997 lsst_hardware_z 29.762105199787303 53.09004708955691 30.969999313354492 AB 5.002807426674914 1.090569850314351
60952.1788 lsst_hardware_i -36.74223032437052 72.11092467190538 31.329999923706055 AB 2.3601760414618536 1.063461718892394
60952.1902 lsst_hardware_z 58.18039271555229 66.31627421352628 30.979999542236328 AB 2.402008769215658 1.0827174979561227
60955.2204 lsst_hardware_r 107.1135545689792 99.7225860433684 31.6200008392334 AB 4.82468863783236 1.182280246150466
60955.231 lsst_hardware_z 79.48010696928638 69.83652354365185 30.959999084472656 AB 4.958658493912541 1.2210938216080047
60957.0807 lsst_hardware_g -6.620631409874936 54.696507978610704 31.719999313354492 AB 3.345647018280514 1.0364457925280404
60957.0923 lsst_hardware_r 22.164090659897578 59.15256465196158 31.649999618530273 AB 5.685933623470524 1.0287558573313775
60961.1649 lsst_hardware_g 28.60116155166333 13.54707346959856 31.3799991607666 AB 6.330054361257642 1.081367390349373
60961.1761 lsst_hardware_r -0.031185305734746156 22.83602904163518 31.469999313354492 AB 7.37091844302567 1.1042574446480404
60963.1647 lsst_hardware_i 73.92312710245106 31.297694973836816 31.25 AB 6.672258494499806 1.0915760318200092
60963.175 lsst_hardware_z 30.296797419841816 42.64627827913277 30.950000762939453 AB 7.466375656184813 1.1143844262962408
60965.155 lsst_hardware_i 41.874666046305414 31.34116536537511 31.239999771118164 AB 6.932977387217315 1.0832777167527055
60965.1661 lsst_hardware_u -1.1508863181161408 2.6145746625267297 28.350000381469727 AB 7.080579580374489 1.1063405594335138
60974.1455 lsst_hardware_g 9.293652389679696 13.690273584549105 31.389999389648438 AB 2.8434982985204056 1.115680734444313
60974.1553 lsst_hardware_r 16.450348073311947 22.852336185020945 31.479999542236328 AB 2.7246877446524467 1.1413101415746076
60976.1436 lsst_hardware_i -34.89360144493448 33.060001373291016 31.25 AB 3.354642798211878 1.1245555096388673
60976.1552 lsst_hardware_z -2.858585421552912 43.59000015258789 30.940000534057617 AB 3.401472141051297 1.156996107957301
60978.1375 lsst_hardware_i 4.614567951345181 42.5 31.280000686645508 AB 6.28839469211411 1.1229276235918055
60978.1477 lsst_hardware_z -20.871622192293312 48.470001220703125 30.950000762939453 AB 6.414177631020847 1.1508864003985475
60991.0416 lsst_hardware_r -39.810991165795684 22.469999313354492 31.5 AB 5.441776461113979 1.031127704616879
60991.0516 lsst_hardware_g 0.39217301466230525 13.770000457763672 31.420000076293945 AB 4.740777237511855 1.0386950310414875
61220.1936 lsst_hardware_r 80.26700924679834 98.69000244140625 31.450000762939453 AB 11.239482515724399 1.8263455184047346
61220.2221 lsst_hardware_z -52.172926418016004 71.5999984741211 30.920000076293945 AB 4.2274116196404865 1.5348220814379112
61223.4243 lsst_hardware_i 12.224870889692573 73.2300033569336 31.329999923706055 AB 7.698918640571491 1.0477213813590298
61223.4362 lsst_hardware_z -58.553480286817056 69.06999969482422 30.989999771118164 AB 7.824597416516399 1.0635220247397328
61233.3304 lsst_hardware_g 11.504880089894257 13.470000267028809 31.40999984741211 AB 7.929818114757371 1.031968521603857
61233.3429 lsst_hardware_i -20.93905791752889 29.979999542236328 31.25 AB 8.23948247982344 1.0258745565250185
61235.3175 lsst_hardware_z -40.879204909765896 40.709999084472656 30.950000762939453 AB 6.328434928188154 1.037618450268594
61235.3307 lsst_hardware_r 26.48130545238328 22.270000457763672 31.5 AB 6.232509125858592 1.0286365944642009
61238.3959 lsst_hardware_i -68.2346566454381 30.350000381469727 31.239999771118164 AB 2.4483720634391855 1.064509592799646
61238.4066 lsst_hardware_z -31.8787721530842 41.47999954223633 30.940000534057617 AB 2.4902281096292866 1.0827078737518638
61242.4009 lsst_hardware_r 25.58319468119029 22.610000610351562 31.479999542236328 AB 6.442214121654226 1.0929658771944197
61242.4122 lsst_hardware_g 4.417515839202876 13.640000343322754 31.3799991607666 AB 6.4072442863678996 1.118485517390057
61244.3387 lsst_hardware_r -27.919080106814814 22.25 31.489999771118164 AB 4.619510321627286 1.0264628063980636
61244.3505 lsst_hardware_u -4.320631905986844 2.6500000953674316 28.420000076293945 AB 4.5785161036477415 1.0326509396442607
61246.3981 lsst_hardware_z -20.867936146843377 41.93000030517578 30.940000534057617 AB 6.934354476204008 1.1108297118468575
61246.4107 lsst_hardware_i 1.9484663909035616 31.139999389648438 31.229999542236328 AB 7.0713278933555985 1.1434876929747089
61248.3449 lsst_hardware_z 55.326082735591775 58.93000030517578 30.979999542236328 AB 2.61469136046121 1.0366846073327998
61248.3566 lsst_hardware_r 54.15903094073197 77.5 31.649999618530273 AB 2.636623901862812 1.0483594043192095
61249.3432 lsst_hardware_y -80.31124558515697 78.68000030517578 30.799999237060547 AB 3.2306050189160103 1.0375564775449855
61251.3363 lsst_hardware_r -53.748705703498985 118.18000030517578 31.65999984741211 AB 4.964788663348069 1.0363460889259817
61251.3486 lsst_hardware_i -88.85238569611997 92.22000122070312 31.34000015258789 AB 5.030309461032431 1.0485818877549493
61253.3389 lsst_hardware_z -43.54525140541581 66.4000015258789 30.989999771118164 AB 5.462946193094012 1.0438750687440788
61253.3497 lsst_hardware_r -70.76172507620737 91.83999633789062 31.649999618530273 AB 5.406969502507064 1.0569088455788365
61258.3349 lsst_hardware_i -0.2997252796710886 33.54999923706055 31.260000228881836 AB 2.7549225441811203 1.0553573992074523
61258.3462 lsst_hardware_z 13.978210308182211 42.79999923706055 30.940000534057617 AB 2.809387854779036 1.0723877678324405
61260.3338 lsst_hardware_r -0.461624720449142 23.139999389648438 31.489999771118164 AB 2.696104879917357 1.0614586141406916
61260.3466 lsst_hardware_u 1.3613004980426453 2.7100000381469727 28.389999389648438 AB 2.770951139338033 1.0828257676193953
61261.2394 lsst_hardware_r 19.003359353223495 22.6299991607666 31.489999771118164 AB 3.5334652947779643 1.0444768828784996
61261.2512 lsst_hardware_u 0.8359510434872156 2.6700000762939453 28.43000030517578 AB 3.4330133530712206 1.033884461096588
61263.2405 lsst_hardware_g -37.54320183876428 13.9399995803833 31.43000030517578 AB 6.66912774138538 1.0381042507215348
61263.2532 lsst_hardware_r 9.378135640161819 22.59000015258789 31.5 AB 6.86566902137995 1.0291813853065432
61266.3175 lsst_hardware_z -48.72029929242233 41.380001068115234 30.950000762939453 AB 3.608656090812929 1.0615775909432033
61266.3296 lsst_hardware_r 0.46591536406874245 22.8799991607666 31.489999771118164 AB 3.6490123242809513 1.081669578859034
61268.3214 lsst_hardware_u 0.7504593427545195 2.690000057220459 28.43000030517578 AB 5.198335569064992 1.0767057930954829
61268.3321 lsst_hardware_r 21.063796505068172 22.799999237060547 31.479999542236328 AB 5.281990255001564 1.0975374116468766
61274.3123 lsst_hardware_i 11.173756888663332 30.84000015258789 31.25 AB 2.0320642715893666 1.0904557400533226
61274.324 lsst_hardware_z -25.30352493049993 42.119998931884766 30.940000534057617 AB 2.06848206290163 1.1164388411289325
61276.3093 lsst_hardware_r 57.11292734678514 63.66999816894531 31.6299991607666 AB 3.4126103495334466 1.0955117357588442
61276.321 lsst_hardware_z -13.630560610299039 54.900001525878906 30.969999313354492 AB 3.4928123315266997 1.122549359320847
61281.2899 lsst_hardware_r -33.3843196005052 109.7699966430664 31.649999618530273 AB 6.550767738109386 1.0840257716547055
61281.3006 lsst_hardware_z -72.3923812976678 74.58000183105469 30.979999542236328 AB 7.716980785573355 1.1063375198843561
61286.2482 lsst_hardware_r 8.711732453474712 34.970001220703125 31.59000015258789 AB 0.7886979863911113 1.0432513047501473
61286.26 lsst_hardware_y 55.216456712645986 47.939998626708984 30.040000915527344 AB 1.2717688201460071 1.0574574446890304
61296.2416 lsst_hardware_g 4.4268646762649935 13.949999809265137 31.43000030517578 AB 2.4982162352646022 1.0709700922826246
61296.2526 lsst_hardware_r 15.184795534580953 22.950000762939453 31.5 AB 3.824648797184499 1.0911979449884448
61303.2314 lsst_hardware_z 132.88725563495106 66.16000366210938 31.709999084472656 AB 6.363580076803565 1.0870481853097993
61305.2192 lsst_hardware_r -7.991153260100424 66.43000030517578 31.639999389648438 AB 2.117599979196328 1.074651093223206
61305.2308 lsst_hardware_z -81.07571034138977 56.2599983215332 30.969999313354492 AB 2.3746207395983765 1.09694918101228
61307.2179 lsst_hardware_r 43.60290666940074 95.41999816894531 31.639999389648438 AB 4.147429826563464 1.0821264115230245
61307.231 lsst_hardware_y -64.27471696215063 57.06999969482422 30.030000686645508 AB 4.273200744340239 1.1095380156672443
61309.2179 lsst_hardware_z 128.30165211465768 74.02999877929688 30.979999542236328 AB 3.352046209690372 1.0928209768604389
61309.2298 lsst_hardware_r 16.677912174513725 111.05000305175781 31.639999389648438 AB 3.4556892153052354 1.119795597960219
61311.1895 lsst_hardware_z -106.79040581156777 58.540000915527344 30.979999542236328 AB 4.7256763966598765 1.0544462023041747
61311.2006 lsst_hardware_r 72.00818196955619 80.19999694824219 31.639999389648438 AB 4.793616174295528 1.0709000110126845
61313.1842 lsst_hardware_i 9.803074633283895 45.209999084472656 31.299999237060547 AB 4.455754975838952 1.054658166201154
61313.1968 lsst_hardware_z -49.1795687378538 48.56999969482422 30.959999084472656 AB 4.525718491038613 1.0736960892916712
61315.1876 lsst_hardware_i 58.57440808311276 30.540000915527344 31.25 AB 4.833764428984453 1.0675274798993934
61315.1988 lsst_hardware_u -2.606833682000008 3.7699999809265137 28.68000030517578 AB 4.9613226997170985 1.087373473053134
61319.1777 lsst_hardware_i 4.30088071462803 30.639999389648438 31.25 AB 5.084435661782024 1.0691695219812898
61319.19 lsst_hardware_r -17.99287448554431 22.559999465942383 31.479999542236328 AB 5.137102163292717 1.09160691952657
61321.1717 lsst_hardware_u -0.28845671035333 2.7100000381469727 28.469999313354492 AB 4.221565097432096 1.068299898127339
61321.1841 lsst_hardware_g 0.2835816986969092 13.529999732971191 31.399999618530273 AB 4.5064860712738115 1.090718694136461
61323.1662 lsst_hardware_g 7.15105726881441 13.609999656677246 31.420000076293945 AB 3.3737621227809065 1.068237828791548
61323.1778 lsst_hardware_r -7.011786472486032 22.56999969482422 31.489999771118164 AB 3.700193659491602 1.089039632931895
61325.1674 lsst_hardware_i 12.269487049757071 30.5 31.25 AB 6.714635621660296 1.0796391287909148
61325.1785 lsst_hardware_z 109.98387271607366 41.81999969482422 30.940000534057617 AB 6.843832503224652 1.1019481273977005
61326.1618 lsst_hardware_i 31.760467172785095 30.420000076293945 31.25 AB 6.3188095793103445 1.0745513349637563
61326.1735 lsst_hardware_u 2.0020090786803224 2.6500000953674316 28.40999984741211 AB 7.185596697355559 1.097037663718406
61330.1522 lsst_hardware_i 3.829299546640866 32.400001525878906 31.260000228881836 AB 6.891921945664392 1.0768628040100612
61330.1638 lsst_hardware_r -6.047984860442231 25.350000381469727 31.520000457763672 AB 7.0378236297697505 1.0996599421515234
61332.154 lsst_hardware_z 17.703577010277872 46.459999084472656 30.959999084472656 AB 4.09698890543208 1.0905915453679007
61332.1651 lsst_hardware_g 14.103777541400667 36.04999923706055 31.649999618530273 AB 4.179560684934608 1.1151442595876757
61334.1581 lsst_hardware_r 58.43404118333333 61.869998931884766 31.6299991607666 AB 2.9983795716009873 1.1114714833563526
61334.1689 lsst_hardware_i 15.83377014456945 54.66999816894531 31.309999465942383 AB 2.8388557932730274 1.139187718007022
61340.1472 lsst_hardware_i 26.458685649972733 61.0099983215332 31.31999969482422 AB 4.231774555879299 1.1249732979738063
61340.1579 lsst_hardware_z 20.22288692833886 57.93000030517578 30.969999313354492 AB 4.201444043807062 1.15477161075811
61342.1441 lsst_hardware_g 23.599947054151396 46.790000915527344 31.670000076293945 AB 3.2633591308205823 1.1311470124161465
61342.1539 lsst_hardware_r 20.36701878529781 50.810001373291016 31.610000610351562 AB 3.2975830059210383 1.159215961772186
61355.0434 lsst_hardware_r 8.424626549283227 22.469999313354492 31.5 AB 3.5603054440444093 1.0301312949928985
61355.0545 lsst_hardware_i -51.60010710155013 30.229999542236328 31.25 AB 3.5859465721431394 1.0382010921086102
61358.0445 lsst_hardware_z 79.78241707267068 41.08000183105469 30.950000762939453 AB 3.9503439829847964 1.036654299243736
61358.0565 lsst_hardware_i 27.416938527833437 30.899999618530273 31.25 AB 4.017417587954872 1.0486602944283143
