data/validation/pwv_sim_epoch_fit_4/32039397.ecsv
# %ECSV 0.9
# ---
# datatype:
# - {name: time, datatype: float64}
# - {name: band, datatype: string}
# - {name: flux, datatype: float64}
# - {name: fluxerr, datatype: float64}
# - {name: zp, datatype: float64}
# - {name: zpsys, datatype: string}
# - {name: pwv, datatype: float64}
# - {name: airmass, datatype: float64}
# meta: {SNID: '32039397', alt: 1024.0, c: 0.073736272752285, dec: -64.948082, lat: -30.244573, lon: -70.7499537, ra: 338.492645, t0: 61700.72265625,
#   x0: 3.4939437994733336e-05, x1: 0.5190197825431824, z: 0.26964327692985535}
# schema: astropy-2.0
time band flux fluxerr zp zpsys pwv airmass
61561.4184 lsst_hardware_u -2.5281245270481976 2.700000047683716 28.389999389648438 AB 5.353524001349371 1.216710000306675
61561.4305 lsst_hardware_y 48.35794946844872 50.689998626708984 30.0 AB 5.343031300575003 1.214325295585228
61563.4243 lsst_hardware_r -14.024921613917636 22.760000228881836 31.459999084472656 AB 1.1124726442457926 1.2143793078276641
61563.4376 lsst_hardware_y 31.390938541093515 63.619998931884766 30.0 AB 1.1155407325965223 1.215185983220681
61572.4135 lsst_hardware_z -71.02214918388096 61.45000076293945 31.690000534057617 AB 8.5069715719225 1.2152816531317858
61574.4039 lsst_hardware_r 134.1988790436251 87.9000015258789 31.610000610351562 AB 5.721479608243614 1.2145795941643676
61574.4175 lsst_hardware_z -26.43583887500359 64.25 30.959999084472656 AB 5.969546451523633 1.2182747860252312
61576.3874 lsst_hardware_r 276.2835327693077 98.86000061035156 31.610000610351562 AB 4.629019286490974 1.2145141010099412
61576.402 lsst_hardware_i -168.8232767944852 77.58999633789062 31.299999237060547 AB 4.646365675141886 1.2151597093039541
61578.4035 lsst_hardware_z 108.67990374001185 60.2400016784668 30.950000762939453 AB 2.5558799542053396 1.2170856924787332
61578.4155 lsst_hardware_i -24.532055458181294 63.380001068115234 31.290000915527344 AB 2.5680555213474654 1.222883581594031
61580.4005 lsst_hardware_z 90.98798588269996 74.18000030517578 31.690000534057617 AB 4.742047364940807 1.2180176882914806
61582.4074 lsst_hardware_r -47.775520226666195 38.029998779296875 31.559999465942383 AB 6.613409038621239 1.2247053775224517
61582.4219 lsst_hardware_i 4.424448321362414 39.2400016784668 31.25 AB 7.187158572870713 1.2368905299800448
61587.4257 lsst_hardware_g -3.888425035205889 13.8100004196167 31.329999923706055 AB 11.766583277827158 1.2580096163036876
61587.4365 lsst_hardware_r -0.7308924018921296 25.149999618530273 31.459999084472656 AB 11.945222398657013 1.2747916187958537
61591.401 lsst_hardware_z 18.508917035670777 43.41999816894531 30.93000030517578 AB 5.029728796977482 1.2407339876604404
61591.4128 lsst_hardware_i 1.5505935976040401 31.600000381469727 31.209999084472656 AB 5.323809310013602 1.2552453427679213
61593.3955 lsst_hardware_u 0.7994580326081734 2.680000066757202 28.389999389648438 AB 1.7926941755730534 1.2406903573952732
61593.4076 lsst_hardware_g 4.387697496735583 13.369999885559082 31.350000381469727 AB 1.927768340576632 1.2556024797503031
61596.1588 lsst_hardware_u 1.2966939639121686 2.759999990463257 28.100000381469727 AB 14.716818816686379 1.631576365486295
61596.1702 lsst_hardware_g -7.68118487462388 16.59000015258789 31.309999465942383 AB 14.287543919205202 1.5714268551437829
61598.3132 lsst_hardware_i 1.3430551064783802 31.309999465942383 31.219999313354492 AB 9.340113650113192 1.2182756934930252
61598.3256 lsst_hardware_z -77.57965848365235 43.0099983215332 30.93000030517578 AB 9.382396905655916 1.2147463221435484
61607.0929 lsst_hardware_z 246.53214273785187 105.37000274658203 31.6299991607666 AB 10.603423325694399 1.8713024282065531
61611.3378 lsst_hardware_y 44.264655281611134 50.130001068115234 29.979999542236328 AB 6.809542309895046 1.232217563428192
61611.349 lsst_hardware_r -20.95671583274868 39.810001373291016 31.549999237060547 AB 6.8619599019101365 1.2436531516352283
61617.343 lsst_hardware_r 32.41441304768465 22.950000762939453 31.450000762939453 AB 4.919667310124637 1.2568875393122343
61617.3553 lsst_hardware_g -13.44177441773183 13.350000381469727 31.31999969482422 AB 5.044184153917728 1.2759857044355314
61619.3462 lsst_hardware_r 39.78482364976535 23.0 31.459999084472656 AB 1.8280758728288362 1.2699380846327448
61619.3584 lsst_hardware_i -47.521738454792114 32.13999938964844 31.219999313354492 AB 1.8630846529098446 1.2915664838194645
61622.236 lsst_hardware_g 16.2149158420735 13.229999542236328 31.31999969482422 AB 1.2782596530445516 1.2246799071085521
61622.2475 lsst_hardware_i -27.10887369525022 31.450000762939453 31.209999084472656 AB 1.3365454934923302 1.218364169090547
61624.2379 lsst_hardware_z -31.39820494213202 43.459999084472656 30.93000030517578 AB 3.864704915623223 1.2203046781254256
61624.2496 lsst_hardware_r -10.396114340590566 22.81999969482422 31.459999084472656 AB 3.8591146370791187 1.215788281568638
61626.2393 lsst_hardware_y 46.1213696457338 49.61000061035156 29.989999771118164 AB 4.082509382690673 1.2172968714694516
61626.2508 lsst_hardware_g -10.350589647110077 13.489999771118164 31.360000610351562 AB 3.9126528336759527 1.214543794405076
61631.3126 lsst_hardware_r 0.6578641630778015 75.9800033569336 31.600000381469727 AB 4.267572101339046 1.2686005057488248
61631.3243 lsst_hardware_i -36.47140872522459 63.869998931884766 31.280000686645508 AB 4.341171142609207 1.2890100883681517
61649.2368 lsst_hardware_u -1.1075843211320737 2.4800000190734863 28.219999313354492 AB 1.9998324115990518 1.2347820395774953
61649.248 lsst_hardware_g 3.4813767814373953 13.180000305175781 31.31999969482422 AB 2.0839328236268804 1.2469306349300706
61651.2438 lsst_hardware_r 28.466149569768632 22.850000381469727 31.459999084472656 AB 0.9188848377829671 1.248484833944249
61651.2552 lsst_hardware_z -22.583558555281545 44.25 30.93000030517578 AB 1.560519427434818 1.264260945801905
61655.2175 lsst_hardware_z -34.36750431951936 43.68000030517578 30.93000030517578 AB 2.34016712966497 1.2320992258678325
61655.2296 lsst_hardware_g 33.52150029191099 13.180000305175781 31.31999969482422 AB 2.331629840780826 1.2445315403154968
61682.0747 lsst_hardware_r 1119.4073303949 40.78087169122045 31.459999084472656 AB 2.9199549222977073 1.223103150920782
61682.0867 lsst_hardware_i 949.7947680164846 43.86074353623186 31.219999313354492 AB 2.556209850626498 1.217242786012618
61688.074 lsst_hardware_i 4059.2162158244782 80.37502735672452 31.280000686645508 AB 2.961354450242728 1.216078755831659
61688.0857 lsst_hardware_z 2812.367197265889 74.41617086220707 30.950000762939453 AB 3.851790715619183 1.2143098094637237
61692.1579 lsst_hardware_r 8748.77380711305 125.77662414724423 31.59000015258789 AB 10.785100964158762 1.2893641066579535
61692.1681 lsst_hardware_i 6353.405650266715 103.52136750835093 31.280000686645508 AB 10.506300788840424 1.3101759307694754
61694.1647 lsst_hardware_z 9193.888848410405 127.77913453343861 31.700000762939453 AB 10.369976586973255 1.3147355419300482
61698.1394 lsst_hardware_r 9779.876575663164 101.99683318747144 31.440000534057617 AB 4.341243644908705 1.2854057377345158
61698.151 lsst_hardware_i 8081.853175567705 98.5654429009411 31.239999771118164 AB 4.387391029324347 1.3086272706275024
61702.1424 lsst_hardware_u 61.62641974673739 8.045780399745691 28.229999542236328 AB 3.770067602881977 1.3137268413213614
61702.1531 lsst_hardware_g 5884.279192588846 78.6205198412778 31.299999237060547 AB 3.786985952798587 1.3392223332326363
61707.1438 lsst_hardware_z 4449.60491924735 79.99859992928087 30.920000076293945 AB 3.8923818421239185 1.3505835677044407
61707.1544 lsst_hardware_u 36.745315879032574 6.362819710474863 28.15999984741211 AB 3.990341859832722 1.380741127969701
61709.0855 lsst_hardware_z 4095.2911268227035 77.40142107702034 30.93000030517578 AB 6.3249464449807125 1.2486322070833509
61709.0962 lsst_hardware_r 8606.534891587542 96.25239156470192 31.450000762939453 AB 6.293462019206087 1.2633668612276028
61711.0875 lsst_hardware_u 14.647765496913063 5.31795940231865 28.170000076293945 AB 7.174097177833827 1.258613539970847
61711.1002 lsst_hardware_r 7945.8508336969335 92.71472646607975 31.440000534057617 AB 7.183474316966518 1.2787671236255482
61926.4253 lsst_hardware_r -15.375851063843845 22.93000030517578 31.459999084472656 AB 5.346045814097267 1.2150104122948333
61926.4391 lsst_hardware_y 54.49857823506536 69.91000366210938 30.010000228881836 AB 5.343300682962251 1.214386518855057
61928.4279 lsst_hardware_y -16.977811079793213 78.7300033569336 30.75 AB 1.1119560643568116 1.2141467490702904
61947.3844 lsst_hardware_z -52.7616606694864 43.22999954223633 30.93000030517578 AB 6.559523416754238 1.2147265586581921
61947.3988 lsst_hardware_r -7.925956754163326 22.450000762939453 31.450000762939453 AB 6.584080019581444 1.2192740777002673
61950.1958 lsst_hardware_z 33.889289259560215 48.209999084472656 30.8799991607666 AB 9.756116420307594 1.5976391195798403
61954.3569 lsst_hardware_g 2.4812160480607752 13.130000114440918 31.329999923706055 AB 7.9137893289561845 1.2141438062221823
61954.3694 lsst_hardware_i 6.250754413519467 31.209999084472656 31.219999313354492 AB 7.923065909282738 1.215567031187901
61960.3135 lsst_hardware_z 35.46487920247135 69.12999725341797 30.969999313354492 AB 2.1073574298618443 1.2226014870597395
61960.3253 lsst_hardware_r -39.14566752651193 97.83000183105469 31.6200008392334 AB 2.1327194571586614 1.2169583207753423
61962.3272 lsst_hardware_i 36.462515286974806 58.849998474121094 31.290000915527344 AB 10.336390165703088 1.2149738660832534
61962.3397 lsst_hardware_z -144.3944602130763 57.25 30.959999084472656 AB 11.411198084953156 1.2142801899391493
61964.292 lsst_hardware_z 71.2967403315646 50.150001525878906 30.950000762939453 AB 7.504702728533112 1.2302791358251004
61964.3046 lsst_hardware_r 8.566216665425149 49.599998474121094 31.59000015258789 AB 7.450667478337286 1.2214208980880799
61974.3809 lsst_hardware_z 28.695472204506505 44.0099983215332 30.920000076293945 AB 6.6185751958063745 1.281241871133209
61974.392 lsst_hardware_r 34.94970214316477 22.940000534057617 31.43000030517578 AB 6.733797063794092 1.302727232306847
61976.3482 lsst_hardware_r -19.355271857310974 22.75 31.450000762939453 AB 6.847637697286238 1.241863927690649
61976.3594 lsst_hardware_u -0.1180664629381831 2.450000047683716 28.190000534057617 AB 6.9138696640862305 1.2558494182767432
61979.3439 lsst_hardware_i 39.860538512341776 31.510000228881836 31.209999084472656 AB 3.897445627095226 1.2463849143252628
61979.3565 lsst_hardware_z -57.84626727617008 43.720001220703125 30.920000076293945 AB 3.938683584325036 1.2635122573822777
61981.237 lsst_hardware_i 2.8664158326530824 31.610000610351562 31.219999313354492 AB 5.572709001903751 1.2383797782008334
61981.2502 lsst_hardware_z 34.21499512291462 43.43000030517578 30.93000030517578 AB 5.407318066958622 1.2266359818428223
61990.2388 lsst_hardware_r 44.98125699090654 87.19999694824219 31.610000610351562 AB 3.7783183566516616 1.2188123731134393
61990.2514 lsst_hardware_i 96.4739634970499 69.4800033569336 31.299999237060547 AB 3.660813539860306 1.2148717499536412
61992.2376 lsst_hardware_z -24.44125650423478 53.25 30.950000762939453 AB 5.523183643085356 1.2170964396397874
61992.2492 lsst_hardware_r -56.97169732042262 60.54999923706055 31.600000381469727 AB 5.425390850671831 1.2144131730658827
61997.3179 lsst_hardware_u -2.09990517098971 4.070000171661377 28.579999923706055 AB 6.063278972035223 1.2808842275970473
61997.3291 lsst_hardware_g -16.60783620072878 21.670000076293945 31.489999771118164 AB 6.143095018908143 1.3025150227383155
62011.1506 lsst_hardware_r -39.08423124422328 41.02000045776367 31.559999465942383 AB 6.4652506115997666 1.2433174253076473
62011.1616 lsst_hardware_i 13.79607571152929 40.75 31.25 AB 6.407034957393833 1.2321221071911217
62013.2748 lsst_hardware_r -17.293537063608216 58.599998474121094 31.579999923706055 AB 6.343261616505465 1.281941786487682
62013.286 lsst_hardware_i 19.861101490917264 52.2400016784668 31.260000228881836 AB 6.3720689977751785 1.303748132537121
62016.2364 lsst_hardware_r -144.5895513181954 92.77999877929688 31.610000610351562 AB 1.002827893649143 1.2390789460244767
62016.2493 lsst_hardware_i 54.078256601051464 74.18000030517578 31.299999237060547 AB 0.9589732232423949 1.2546531485944983
62017.0518 lsst_hardware_r 110.65018246780966 101.52999877929688 31.559999465942383 AB 2.197665558350708 1.4286016630665492
62017.0589 lsst_hardware_i -79.70305649560791 79.9800033569336 31.270000457763672 AB 2.0897650321852583 1.4044119839954692
62020.2114 lsst_hardware_i 32.97874758061172 59.790000915527344 31.290000915527344 AB 2.2632892254328407 1.2264934386377389
62020.2232 lsst_hardware_z -34.48776506631779 57.900001525878906 30.950000762939453 AB 2.3151749467255427 1.2367387535927046
62030.135 lsst_hardware_i 24.701811695562533 31.219999313354492 31.229999542236328 AB 0.6148573293033539 1.2167361397823626
62030.1463 lsst_hardware_z -57.81690410288408 43.0 30.93000030517578 AB 0.704332732489574 1.214366780154438
62033.2241 lsst_hardware_r 74.44933189097438 22.739999771118164 31.440000534057617 AB 7.497484303249999 1.289187419599358
62033.2368 lsst_hardware_z 32.52130762635236 44.5099983215332 30.920000076293945 AB 7.672395670184489 1.315530935361556
62035.2012 lsst_hardware_i -39.336519930825865 31.780000686645508 31.229999542236328 AB 2.8478946468602007 1.2599909951820376
62035.2128 lsst_hardware_r -3.608989753870222 22.799999237060547 31.450000762939453 AB 2.510736680198615 1.2785419122590018
62037.2035 lsst_hardware_u 1.088978141492391 2.5199999809265137 28.25 AB 4.791725710576219 1.272027000418428
62037.2157 lsst_hardware_g -20.391934187716636 13.25 31.31999969482422 AB 4.972684327330723 1.2940712163421382
62039.2067 lsst_hardware_r -7.553862322350922 26.899999618530273 31.469999313354492 AB 4.343907785366614 1.287274495589494
62039.2189 lsst_hardware_i -12.938591086831293 34.349998474121094 31.209999084472656 AB 4.078175435157703 1.3121542584162493
62041.2244 lsst_hardware_z 93.25207558015569 51.15999984741211 30.93000030517578 AB 5.053578350646287 1.3381054767817109
62041.236 lsst_hardware_r 67.7753602033696 45.2599983215332 31.540000915527344 AB 5.118656102940733 1.3695400944321137
62043.177 lsst_hardware_i -15.26533364751151 55.54999923706055 31.280000686645508 AB 5.307636273002935 1.25664184508001
62048.0791 lsst_hardware_i 1.8340071213310176 65.51000213623047 31.299999237060547 AB 3.4344919592294567 1.2194905761258863
62048.0917 lsst_hardware_z -101.67730720477773 60.56999969482422 30.959999084472656 AB 4.285346826435328 1.2151841277287192
62050.0763 lsst_hardware_r 1.3971573056003495 55.720001220703125 31.59000015258789 AB 5.213085861324511 1.218295363711406
62050.0895 lsst_hardware_g -10.245597762229007 64.68000030517578 31.649999618530273 AB 9.369261544526559 1.2146313743385653
62052.0728 lsst_hardware_r -28.82434381183545 22.729999542236328 31.469999313354492 AB 4.317303252609939 1.2175136076161632
62052.085 lsst_hardware_i 21.25408328208806 31.56999969482422 31.229999542236328 AB 7.269266949365051 1.2145133018542633
62057.1561 lsst_hardware_i -38.7038999846126 32.2400016784668 31.219999313354492 AB 10.674637669210876 1.2846047979314303
62057.1678 lsst_hardware_r -9.698445370415918 23.149999618530273 31.440000534057617 AB 10.438515427387534 1.307920740181576
62059.1387 lsst_hardware_z -48.28912137052489 44.290000915527344 30.93000030517578 AB 9.862885100832484 1.2645399990383013
62059.1502 lsst_hardware_u -1.4358836263348376 2.5799999237060547 28.280000686645508 AB 10.089096371903313 1.283804214652879
62064.1435 lsst_hardware_g -12.478596308303134 13.4399995803833 31.329999923706055 AB 3.4356788768159543 1.2971352416875752
62064.1541 lsst_hardware_r 1.4743302328130297 23.200000762939453 31.440000534057617 AB 3.475133069657428 1.3200049644176557
62065.1403 lsst_hardware_i -1.3129058037983934 32.029998779296875 31.209999084472656 AB 4.826060708983892 1.2961957185211557
62065.1518 lsst_hardware_z -29.896274952901024 44.58000183105469 30.920000076293945 AB 4.958713139459515 1.3210025013545164
62067.1425 lsst_hardware_i -4.239325033388709 33.31999969482422 31.209999084472656 AB 3.8043844844388963 1.3123092391993434
62067.1537 lsst_hardware_u -2.7458389213342507 2.630000114440918 28.229999542236328 AB 3.804770753903926 1.3388829960073638
62070.1432 lsst_hardware_g -18.151200070623716 38.93000030517578 31.56999969482422 AB 4.883613562043805 1.3331065228509023
62070.1544 lsst_hardware_r -29.504876792802456 42.72999954223633 31.540000915527344 AB 5.110061033468422 1.36268294225787
62075.0836 lsst_hardware_y -18.853119486253185 53.2400016784668 29.989999771118164 AB 6.85697015832711 1.2487084285593377
62075.0947 lsst_hardware_r 112.00534804525627 72.95999908447266 31.600000381469727 AB 6.934552070001327 1.2640836220569356
62077.0859 lsst_hardware_i -21.88649302401862 63.86000061035156 31.290000915527344 AB 5.050427872417532 1.2591443212210252
62077.0975 lsst_hardware_z -92.38424172671222 60.290000915527344 30.959999084472656 AB 5.23440929617675 1.2775160989692687
62079.0881 lsst_hardware_r -155.82420984257172 69.91000366210938 31.59000015258789 AB 4.8923240313028105 1.2708985663859749
62079.0987 lsst_hardware_g -32.463101833251216 79.62999725341797 31.6200008392334 AB 4.949817626034923 1.2896307158890763
62081.0865 lsst_hardware_r -17.80191222000227 23.06999969482422 31.440000534057617 AB 5.831052171909836 1.2773855573937505
62081.0982 lsst_hardware_i -22.17406805526597 32.2400016784668 31.209999084472656 AB 5.940960955006665 1.2994227810600167
