data/validation/pwv_sim_epoch_fit_4/32252297.ecsv
# %ECSV 0.9
# ---
# datatype:
# - {name: time, datatype: float64}
# - {name: band, datatype: string}
# - {name: flux, datatype: float64}
# - {name: fluxerr, datatype: float64}
# - {name: zp, datatype: float64}
# - {name: zpsys, datatype: string}
# - {name: pwv, datatype: float64}
# - {name: airmass, datatype: float64}
# meta: {SNID: '32252297', alt: 1024.0, c: -0.13157901167869568, dec: -58.730057, lat: -30.244573, lon: -70.7499537, ra: 260.680481, t0: 61973.62109375,
#   x0: 2.8425776297087046e-06, x1: 0.9749071002006531, z: 0.7714263200759888}
# schema: astropy-2.0
time band flux fluxerr zp zpsys pwv airmass
[from data line 131]
62314.1447 lsst_hardware_z -4.717444704726019 73.62000274658203 30.979999542236328 AB 9.219407151996771 1.1397931861860344
62325.1278 lsst_hardware_z -28.280296454341453 42.40999984741211 30.940000534057617 AB 1.9055568340154485 1.1380422041599254
62325.1406 lsst_hardware_r -17.376979200414436 22.809999465942383 31.469999313354492 AB 1.9108091318123743 1.1401576043830983
62327.1253 lsst_hardware_u -2.596143471264963 2.5899999141693115 28.329999923706055 AB 10.30352368170985 1.1381964851378035
62327.1366 lsst_hardware_g -1.757223041323792 13.729999542236328 31.3799991607666 AB 10.283639879039445 1.1406410928057948
62328.1027 lsst_hardware_g 8.133499200235848 13.739999771118164 31.389999389648438 AB 8.289398777672455 1.1410439144735938
62328.1151 lsst_hardware_r -14.754316857695915 22.899999618530273 31.479999542236328 AB 8.346409890924706 1.1381985396051693
62330.1265 lsst_hardware_z -42.02418350611782 42.540000915527344 30.940000534057617 AB 7.429432977145302 1.1400227066192297
62330.139 lsst_hardware_r -8.611930602736964 22.90999984741211 31.479999542236328 AB 7.46598143401572 1.145630950324011
62332.1045 lsst_hardware_r 31.597512297929413 22.8700008392334 31.479999542236328 AB 7.3013901835172925 1.1381746194102422
62332.1167 lsst_hardware_u -0.06884300431648062 2.6600000858306885 28.389999389648438 AB 7.314764485768492 1.1389279074766046
62334.1066 lsst_hardware_g -17.905358554301866 16.56999969482422 31.450000762939453 AB 1.9350050734319268 1.1382382784893688
62334.1192 lsst_hardware_i -18.775250057293224 31.860000610351562 31.229999542236328 AB 1.9401666649112015 1.141274508771295
62343.1019 lsst_hardware_z 81.44808679088774 67.23999786376953 30.969999313354492 AB 8.31329024930528 1.1447133955072217
62343.1145 lsst_hardware_r 55.13688124558894 98.01000213623047 31.6299991607666 AB 8.606447919007339 1.1536277984460934
62345.049 lsst_hardware_i -10.526080693064001 48.380001068115234 31.290000915527344 AB 5.109506565535466 1.1443890922846243
62345.0604 lsst_hardware_r -28.4798955207901 56.959999084472656 31.610000610351562 AB 5.089577791919146 1.1397128742074671
62347.046 lsst_hardware_u 2.4975496317503136 2.609999895095825 28.360000610351562 AB 5.486991580257557 1.143123245886991
62347.0592 lsst_hardware_g 15.631090795495558 13.539999961853027 31.3799991607666 AB 5.465958451438334 1.138741344049653
62348.0473 lsst_hardware_r -16.759884312175615 22.56999969482422 31.469999313354492 AB 4.063797147019246 1.1413557497596534
62348.0598 lsst_hardware_i 47.163293727574334 30.90999984741211 31.229999542236328 AB 4.052823461618197 1.138273686734503
62351.0479 lsst_hardware_z -11.714358455977095 42.150001525878906 30.940000534057617 AB 1.8025493253446343 1.1388118302693278
62351.06 lsst_hardware_r -18.643089720462726 22.559999465942383 31.469999313354492 AB 1.8204076122702255 1.1382290197604576
62352.0874 lsst_hardware_g 0.25063446694247876 13.489999771118164 31.3700008392334 AB 2.0696061200403553 1.1515404757492587
62352.099 lsst_hardware_i -44.33656013224804 31.190000534057617 31.219999313354492 AB 2.024677687766331 1.1624387471034383
62356.0302 lsst_hardware_i -15.766236328183213 31.06999969482422 31.239999771118164 AB 4.425507985426633 1.1397625407803496
62356.0432 lsst_hardware_r 35.94411959260736 22.65999984741211 31.479999542236328 AB 3.766213037318876 1.1380579282792735
62358.0295 lsst_hardware_u 1.9137103714759216 2.7200000286102295 28.440000534057617 AB 3.739446707407924 1.13868657351033
62358.0404 lsst_hardware_g 11.17997599226223 13.529999732971191 31.3799991607666 AB 3.6725609522051217 1.1381903777495213
62362.0325 lsst_hardware_z -20.125439714472407 42.52000045776367 30.940000534057617 AB 3.5325073389030406 1.1385391079403868
62362.0441 lsst_hardware_r -9.316290132978697 23.450000762939453 31.479999542236328 AB 3.793741163874661 1.1418333074115925
62364.0267 lsst_hardware_z 24.2426287989976 44.52000045776367 30.940000534057617 AB 6.631894168140932 1.138490029150685
62364.0377 lsst_hardware_g -10.597829879354435 25.6200008392334 31.579999923706055 AB 6.629832075959794 1.1414508803787362
62366.029 lsst_hardware_r 76.99633743626104 54.310001373291016 31.610000610351562 AB 2.6839531070997853 1.1402880964842423
62366.0404 lsst_hardware_z 11.68174629345125 52.040000915527344 30.959999084472656 AB 2.688990077894459 1.1454696817441785
62367.03 lsst_hardware_r -44.70776980441878 61.150001525878906 31.6200008392334 AB 2.627316186098008 1.141649559428451
62367.0419 lsst_hardware_y -11.079773765859203 52.220001220703125 30.020000457763672 AB 3.0254314859951155 1.1481713419336301
62369.0124 lsst_hardware_z 55.648424752262244 85.56999969482422 31.719999313354492 AB 3.011838402022618 1.138404334895786
62380.0122 lsst_hardware_r -6.6322158927924715 22.780000686645508 31.469999313354492 AB 2.060031467933695 1.152572622864538
62380.0232 lsst_hardware_u -2.365157613660145 2.549999952316284 28.290000915527344 AB 2.0285626852061003 1.163166677297076
