data/validation/pwv_sim_epoch_fit_4/32271584.ecsv
# %ECSV 0.9
# ---
# datatype:
# - {name: time, datatype: float64}
# - {name: band, datatype: string}
# - {name: flux, datatype: float64}
# - {name: fluxerr, datatype: float64}
# - {name: zp, datatype: float64}
# - {name: zpsys, datatype: string}
# - {name: pwv, datatype: float64}
# - {name: airmass, datatype: float64}
# meta: {SNID: '32271584', alt: 1024.0, c: -0.04384101182222366, dec: -37.732746, lat: -30.244573, lon: -70.7499537, ra: 58.359375, t0: 62463.66796875,
#   x0: 1.2902336203452528e-05, x1: 1.242437720298767, z: 0.4132091999053955}
# schema: astropy-2.0
time band flux fluxerr zp zpsys pwv airmass
62351.3761 lsst_hardware_z 3.052864907275764 44.91999816894531 30.93000030517578 AB 3.4129923256903028 1.2225644151726458
62351.3952 lsst_hardware_r -47.52891753257863 29.010000228881836 31.530000686645508 AB 3.1858517095334973 1.1508194013968083
62354.3792 lsst_hardware_r 8.926704517417619 22.670000076293945 31.459999084472656 AB 3.386776698946943 1.1778044510335397
62354.3995 lsst_hardware_z 70.40539696337353 41.97999954223633 30.940000534057617 AB 3.2043596948242103 1.1136560570519731
62371.3659 lsst_hardware_z -79.02941331653017 55.95000076293945 30.969999313354492 AB 2.189208145307619 1.0823821739396846
62371.3855 lsst_hardware_r 183.34507112305633 72.62000274658203 31.649999618530273 AB 2.394413681490782 1.0462808308895706
62382.33 lsst_hardware_g -10.056952480813464 14.510000228881836 31.420000076293945 AB 1.7523491864457403 1.095903181016723
62382.3469 lsst_hardware_r 34.335539321097265 23.190000534057617 31.5 AB 1.0660811410233482 1.0604255381531977
62385.3312 lsst_hardware_i 24.206719971420334 29.920000076293945 31.25 AB 0.7524280256355541 1.0748971794793631
62385.3494 lsst_hardware_z -20.605897535862855 40.540000915527344 30.950000762939453 AB 0.9339709317528957 1.0431544286145522
62393.2707 lsst_hardware_i -19.709867096033975 30.81999969482422 31.229999542236328 AB 2.419645509526646 1.1853260170768234
62393.2898 lsst_hardware_r 14.604058931160115 21.809999465942383 31.469999313354492 AB 2.2654005789617013 1.1225969172255879
62404.2063 lsst_hardware_y -49.10986074209835 78.45999908447266 30.700000762939453 AB 8.416886698467652 1.351676039580413
62404.3055 lsst_hardware_i -70.24024767056456 58.75 31.329999923706055 AB 6.373357614500991 1.0326801427763572
62404.3165 lsst_hardware_r 75.40006889155741 72.19000244140625 31.65999984741211 AB 6.259580152407282 1.021416396911782
62409.2554 lsst_hardware_i -66.86345447085756 34.900001525878906 31.260000228881836 AB 2.7103964102369074 1.0980674180563557
62409.2727 lsst_hardware_z -41.53358145821721 43.400001525878906 30.950000762939453 AB 2.535640467169814 1.0613074853862778
62411.2187 lsst_hardware_z 10.128863678330854 43.02000045776367 30.93000030517578 AB 3.9941559469845456 1.1963027920581577
62411.3061 lsst_hardware_i 18.097914051479 43.5099983215332 32.0 AB 3.2456079115415677 1.0150190231815384
62411.3834 lsst_hardware_z -20.56857049191074 44.790000915527344 30.959999084472656 AB 2.187313444753079 1.0522253492498275
62413.3455 lsst_hardware_g 2.259810817515127 13.180000305175781 31.420000076293945 AB 2.424732648829166 1.0157366398780798
62413.3569 lsst_hardware_r -7.182370047888665 21.75 31.489999771118164 AB 2.4475434709250266 1.0249344518111503
62414.3676 lsst_hardware_i 31.451406857355078 29.760000228881836 31.239999771118164 AB 7.909674784467392 1.0407466821667621
62414.3789 lsst_hardware_r 7.138006722300945 22.959999084472656 31.489999771118164 AB 8.566993341385999 1.0584811179175362
62416.3645 lsst_hardware_u -2.3834686749328675 2.6500000953674316 28.40999984741211 AB 3.7587824873680598 1.0441062464911277
62416.3763 lsst_hardware_g 11.40193403202581 15.109999656677246 31.440000534057617 AB 4.1372413059649045 1.063649320241213
62418.2166 lsst_hardware_g 0.517496028579675 13.0600004196167 31.3700008392334 AB 3.4579965111165465 1.1371871234145945
62418.2381 lsst_hardware_r -8.615474673485801 21.84000015258789 31.479999542236328 AB 3.377600489672939 1.0812646625603646
62420.1931 lsst_hardware_r -8.770953548377607 22.420000076293945 31.459999084472656 AB 4.625204306413238 1.200364455144229
62420.2116 lsst_hardware_i 32.1542532980988 30.68000030517578 31.229999542236328 AB 4.0888207013735745 1.1357835281593263
62423.1777 lsst_hardware_g -24.93303925567857 21.200000762939453 31.510000228881836 AB 10.076898014171725 1.2305407270938729
62423.1946 lsst_hardware_r -3.915865230249605 25.93000030517578 31.5 AB 9.488543958584259 1.1643813914080572
62423.2915 lsst_hardware_g -5.939346203080158 18.190000534057617 32.150001525878906 AB 5.795556882630093 1.0085807061353218
62423.3041 lsst_hardware_r -8.287768223915753 30.3799991607666 32.2400016784668 AB 5.063927019682219 1.0094877439727576
62425.3464 lsst_hardware_i -5.651118155044937 30.030000686645508 31.25 AB 7.7255220055856375 1.054246998578841
62425.3585 lsst_hardware_r -20.53062801365163 22.020000457763672 31.479999542236328 AB 7.874736441002394 1.0770343214118026
62427.2567 lsst_hardware_z 174.64158607516256 80.44000244140625 32.15999984741211 AB 5.274716540025803 1.0189735419734962
62427.3505 lsst_hardware_g -7.113469521635258 13.050000190734863 31.389999389648438 AB 6.895833345658627 1.071821775116942
62429.333 lsst_hardware_r 15.356950867529422 55.849998474121094 31.639999389648438 AB 1.324826722949333 1.050199542567842
62429.3447 lsst_hardware_i 7.600684381120406 48.529998779296875 31.309999465942383 AB 0.5598504878460561 1.0711425150132834
62433.3301 lsst_hardware_z 20.596148743552263 59.439998626708984 30.979999542236328 AB 3.4350978850553773 1.064046841008377
62433.3409 lsst_hardware_r 24.951234743819267 80.25 31.639999389648438 AB 3.8615152117771214 1.0862718022720887
62437.3155 lsst_hardware_z 37.70758594141639 46.281888375256145 30.959999084472656 AB 2.9929518902163945 1.0574244864593014
62437.3266 lsst_hardware_r 68.26113567087164 44.651988673748235 31.610000610351562 AB 3.0594646542206867 1.0788591199132602
62438.1915 lsst_hardware_i 50.34154033306238 34.46723187809795 31.270000457763672 AB 2.2445969680122464 1.0650519421170037
62438.2114 lsst_hardware_r 53.69339024141368 31.05453837425471 31.56999969482422 AB 3.356408386857095 1.0342260846930242
62440.1882 lsst_hardware_u 5.855889905517187 3.6182491095266376 28.420000076293945 AB 3.5864041989860214 1.0610663310609532
62440.207 lsst_hardware_g 14.528262124851219 13.461561978721381 31.399999618530273 AB 3.5471163567466313 1.0329401155348374
62440.3202 lsst_hardware_u 9.292673177327513 5.268015963518333 28.760000228881836 AB 3.69844020210241 1.0827343846115207
62440.3313 lsst_hardware_g 8.946505788756815 21.369680399665242 31.540000915527344 AB 3.7923323799542747 1.1095179578566545
62451.1487 lsst_hardware_r 2890.269969923057 58.22922850109691 31.489999771118164 AB 2.9096010496326112 1.0797628833371888
62451.2385 lsst_hardware_i 3721.4311486793 74.97513972987821 31.989999771118164 AB 2.355742530131513 1.0138039865722521
62451.3202 lsst_hardware_z 1358.1384153092679 55.74975355442785 30.93000030517578 AB 2.31624033924854 1.167361783745711
62458.2494 lsst_hardware_y 707.7883160081323 55.935133972658825 30.040000915527344 AB 4.710295516699595 1.0434859363535487
62458.2623 lsst_hardware_r 4928.000901873766 95.36280024313093 31.6299991607666 AB 4.259620795797345 1.0649051989493363
62460.2915 lsst_hardware_z 4426.01971656209 110.79655744550692 31.719999313354492 AB 5.0626311859679225 1.153328414458758
62461.282 lsst_hardware_z 2210.7100801793763 80.28410889847689 30.979999542236328 AB 3.8249149326320886 1.1320782160513285
62461.2932 lsst_hardware_r 5120.462419380486 117.32679237493144 31.6299991607666 AB 4.859488630892797 1.1684271774207255
62468.2415 lsst_hardware_g 2105.109233736689 54.14230513150671 31.6200008392334 AB 4.195672329768153 1.0778862761125634
62468.2534 lsst_hardware_r 4482.489941591337 74.90889157361039 31.559999465942383 AB 4.890228124525096 1.1057401875657613
62473.037 lsst_hardware_z 1913.192294760031 62.83384515323667 30.93000030517578 AB 8.38314100638958 1.249515055097401
62473.0541 lsst_hardware_i 2756.652982762656 61.004562506302435 31.229999542236328 AB 7.817994818630775 1.1785800969518632
62475.2343 lsst_hardware_r 3327.4790536715823 61.32244966990928 31.459999084472656 AB 2.935554988245997 1.105774550615311
62475.2454 lsst_hardware_g 1088.1253737760476 34.9683886596963 31.350000381469727 AB 3.0147258036144198 1.1369888001562964
62479.0427 lsst_hardware_y 445.5856028806687 54.02318064736512 30.020000457763672 AB 6.24924465649745 1.160958229525533
62479.066 lsst_hardware_z 1721.5419718266908 57.52072228683508 30.950000762939453 AB 5.8827196626244085 1.0939167537267231
62481.0427 lsst_hardware_y 328.034852928509 52.49176993684918 30.020000457763672 AB 11.394784277307352 1.1430600157800848
62481.1214 lsst_hardware_z 3040.2545840561193 78.78746976838153 31.700000762939453 AB 10.68355273385389 1.01170006949369
62481.1905 lsst_hardware_r 2485.337290704878 54.14754623103792 31.479999542236328 AB 10.598736366217711 1.0493798382393773
62483.0444 lsst_hardware_y 282.20748766171346 53.3567543074278 30.030000686645508 AB 12.643706111725441 1.1216914577471118
62483.067 lsst_hardware_r 2279.5577758350437 58.822301027862835 31.579999923706055 AB 12.258439747452488 1.0681805287079549
62483.1767 lsst_hardware_y 386.28751500702447 50.10046689662262 30.049999237060547 AB 11.462690631932356 1.037378861980665
62483.1883 lsst_hardware_g 711.1323958239911 31.93729670864324 31.540000915527344 AB 11.69949598599235 1.054689603136471
62485.0552 lsst_hardware_z 2705.486349964503 85.0563802325038 31.709999084472656 AB 8.301252277665567 1.0812052442889424
62489.1753 lsst_hardware_z 1400.1777681938954 68.75329989652832 30.979999542236328 AB 5.39833811672171 1.0605772331478562
62489.1872 lsst_hardware_r 1818.5149759649116 91.27687655783298 31.649999618530273 AB 5.720302198612031 1.0844860083315715
62491.1185 lsst_hardware_z 2692.1000396889326 97.55242938291971 31.739999771118164 AB 3.129496704192211 1.009515065868455
62493.1131 lsst_hardware_r 1285.8727996349298 73.32127979262378 31.649999618530273 AB 4.291009595770037 1.0095305483519672
62493.1255 lsst_hardware_z 1186.3331895708666 62.41373646850934 30.979999542236328 AB 4.837934525509727 1.0147738910350765
62495.0454 lsst_hardware_y 380.2187017255514 54.481057772465896 30.049999237060547 AB 7.482624660596271 1.0486720537134502
62495.0673 lsst_hardware_i 1380.8529517657466 47.261757322019555 31.25 AB 7.27105335213114 1.022076659000782
62501.1047 lsst_hardware_r 790.210280211282 34.1546739471713 31.479999542236328 AB 7.604947321324346 1.0154145565557575
62501.1174 lsst_hardware_u -0.5333500940683508 3.2476605723428675 28.40999984741211 AB 7.6617733925162055 1.0257068031079872
62505.0931 lsst_hardware_r 597.2872364080953 32.308114901251884 31.489999771118164 AB 2.33449263986991 1.0149967999434393
62505.1057 lsst_hardware_z 1073.2655900230632 50.74933562556519 30.950000762939453 AB 2.357365455433672 1.0249415023624662
62512.0693 lsst_hardware_r 463.5014145477536 35.487141196166625 31.56999969482422 AB 6.277256519484421 1.0124607289491
62512.0817 lsst_hardware_z 706.2324879774675 49.600174217125584 30.959999084472656 AB 6.327339601494467 1.0205386454023333
62735.3569 lsst_hardware_z -16.413509330827818 42.88999938964844 30.950000762939453 AB 2.1918014554740033 1.1125895713066007
62735.3758 lsst_hardware_i -7.973145831304714 32.220001220703125 31.260000228881836 AB 1.3018840489105712 1.0689434544595864
62740.3502 lsst_hardware_i -3.510223598901763 30.290000915527344 31.239999771118164 AB 2.9743679638815776 1.094926546615627
62740.371 lsst_hardware_z 3.814536877415454 40.900001525878906 30.950000762939453 AB 2.86734756389707 1.0530104898630444
62762.397 lsst_hardware_y 17.701984190073922 52.459999084472656 30.059999465942383 AB 1.7119486755189655 1.0210429476255625
62764.2537 lsst_hardware_g -13.815639340128932 16.84000015258789 31.450000762939453 AB 8.212948069942572 1.1902823289771842
62764.3366 lsst_hardware_r -22.341497509819508 44.04999923706055 32.29999923706055 AB 5.234156406805335 1.0169334382757598
62765.3936 lsst_hardware_i -20.351374319736532 33.709999084472656 31.270000457763672 AB 3.6345955793839937 1.025442525864809
62767.2579 lsst_hardware_r 8.727881426953127 22.020000457763672 31.459999084472656 AB 1.986619324781668 1.1467881420712511
62767.2753 lsst_hardware_u -4.944170958147598 2.569999933242798 28.3700008392334 AB 1.9239119291299605 1.0978099452952699
62771.2132 lsst_hardware_i -17.032807718721976 31.8700008392334 31.209999084472656 AB 4.312318485771142 1.2859796677251514
62771.2338 lsst_hardware_u -2.191195626228656 2.4600000381469727 28.229999542236328 AB 3.9857085254157236 1.1933259058132388
62772.3746 lsst_hardware_r 10.289708113255706 21.5 31.479999542236328 AB 4.859836173215892 1.0255523446512709
62772.3867 lsst_hardware_z -37.533721324828775 43.31999969482422 30.959999084472656 AB 4.159138042278454 1.0397845105696135
62774.3782 lsst_hardware_r -3.5882857983985526 21.899999618530273 31.479999542236328 AB 3.2699731844379647 1.0357849808165869
62774.389 lsst_hardware_u -6.44698879060307 6.730000019073486 29.049999237060547 AB 3.3109149474735884 1.0513344280301389
62776.1645 lsst_hardware_z -3.1161615573850474 47.150001525878906 30.889999389648438 AB 6.657709525415654 1.5212985433960668
62776.1816 lsst_hardware_u 0.8564591315473513 2.440000057220459 28.139999389648438 AB 6.360257680299129 1.39174128671766
62785.192 lsst_hardware_r 59.34532628912613 134.44000244140625 32.36000061035156 AB 4.6539183297630515 1.2075553528186433
62785.2701 lsst_hardware_z 24.078949904081174 62.779998779296875 30.989999771118164 AB 4.299540287677537 1.0245131741883258
62787.3447 lsst_hardware_r 77.43387336324025 80.44999694824219 31.65999984741211 AB 5.705171954101548 1.0383738313598252
62787.3564 lsst_hardware_y 21.46648726528406 52.83000183105469 30.049999237060547 AB 5.7517665950395696 1.0561451698566966
62793.3344 lsst_hardware_r 13.781288367483263 31.770000457763672 31.579999923706055 AB 3.9899739296000525 1.0470540403079782
62793.3461 lsst_hardware_z -20.86001797207615 43.130001068115234 30.950000762939453 AB 4.059062047132446 1.0671912835895012
62794.1683 lsst_hardware_i -45.665172425017815 31.360000610351562 31.229999542236328 AB 2.7362435402026795 1.2040234125049205
62794.1986 lsst_hardware_z -59.37648774566757 72.44000244140625 32.13999938964844 AB 2.520923157186285 1.1053044644029753
62794.2322 lsst_hardware_g -6.5761120969300775 18.6299991607666 32.16999816894531 AB 1.1469575111452701 1.040009833288842
62796.3355 lsst_hardware_z -61.291308750862164 41.279998779296875 30.940000534057617 AB 3.324802844227519 1.062661716093494
62796.3462 lsst_hardware_r -12.757201957312322 22.93000030517578 31.489999771118164 AB 3.4686334525634708 1.0843715365577278
62801.1891 lsst_hardware_g 12.840644544820536 13.260000228881836 31.40999984741211 AB 2.667331266823005 1.0824475888358491
62801.2704 lsst_hardware_r -2.108102701557604 30.959999084472656 32.2400016784668 AB 3.3159304283427287 1.0097742765090088
62801.3436 lsst_hardware_i -17.629414779634885 30.440000534057617 31.239999771118164 AB 3.4398197579955707 1.1113520299376471
62803.1894 lsst_hardware_i -24.036465084405204 30.239999771118164 31.25 AB 2.177254974028817 1.0704301740554658
62803.2093 lsst_hardware_z -22.29964905217438 40.81999969482422 30.959999084472656 AB 3.393325054811442 1.0377669773621823
62813.2653 lsst_hardware_z 86.44358846023643 115.9000015258789 32.4900016784668 AB 5.325543035445585 1.0282790781082078
62817.3029 lsst_hardware_i 112.95270094857982 64.45999908447266 31.309999465942383 AB 4.124400651038984 1.119493504014232
62817.3145 lsst_hardware_z -7.389001670867342 60.439998626708984 30.969999313354492 AB 4.245750119790108 1.1548871483697818
62819.2262 lsst_hardware_z 0.3126701542136113 49.560001373291016 30.979999542236328 AB 7.261974975549699 1.0114875653665396
62819.2383 lsst_hardware_r -104.71925308992817 56.689998626708984 31.649999618530273 AB 7.413704066931201 1.0185758146501616
62829.2457 lsst_hardware_g -8.219653355355918 12.949999809265137 31.3799991607666 AB 8.083290987206299 1.0632178604709404
62829.258 lsst_hardware_r -11.390900395466334 21.93000030517578 31.479999542236328 AB 9.43941149235983 1.0886708690141758
62831.239 lsst_hardware_i 30.299696303824298 29.940000534057617 31.229999542236328 AB 5.5871635613510255 1.060954564297438
62833.1312 lsst_hardware_u 2.2356433551135626 2.5999999046325684 28.420000076293945 AB 4.3363823795455305 1.0329843881795806
62833.1496 lsst_hardware_g -2.5139344075415444 12.949999809265137 31.40999984741211 AB 4.303225028411124 1.016009844386296
62833.2492 lsst_hardware_i -18.07604324309649 30.34000015258789 31.239999771118164 AB 4.2050218145090845 1.0936337619009324
62833.2608 lsst_hardware_u 2.897545926135029 2.5999999046325684 28.3700008392334 AB 4.950269853916398 1.1239756721159138
62835.1293 lsst_hardware_r -33.41015422442404 22.65999984741211 31.510000228881836 AB 5.40771311931966 1.0289136886875632
62835.1467 lsst_hardware_z -13.511105389813904 40.439998626708984 30.959999084472656 AB 5.300897144032969 1.014428694676736
62838.2301 lsst_hardware_z 30.87689229566935 41.439998626708984 30.940000534057617 AB 6.814749935467552 1.0812393313693796
62838.2424 lsst_hardware_g 0.3158038534722806 13.039999961853027 31.3799991607666 AB 7.005321768785019 1.1108822593556502
62840.2597 lsst_hardware_r 10.044549848503753 38.279998779296875 31.559999465942383 AB 3.781270833860477 1.1830643480816667
62840.2722 lsst_hardware_i 69.72351660537558 36.7400016784668 31.239999771118164 AB 3.944312466900803 1.2340759660741538
62844.0413 lsst_hardware_y -54.377297448732186 57.95000076293945 30.020000457763672 AB 5.769251683239453 1.1681800114550727
62844.1187 lsst_hardware_z -40.75297263570006 89.77999877929688 31.739999771118164 AB 6.3257214183535915 1.01658841596693
62844.1884 lsst_hardware_i 39.09141236889637 70.87000274658203 31.34000015258789 AB 6.2615389341172225 1.0374945419190957
62858.112 lsst_hardware_u -1.4327634497503365 2.609999895095825 28.440000534057617 AB 4.293486330993117 1.0091240201330383
62858.1244 lsst_hardware_r -8.099691173211182 21.25 31.479999542236328 AB 4.349652995190572 1.0137475905508924
62863.096 lsst_hardware_r -18.481553133657158 21.43000030517578 31.489999771118164 AB 5.39267609387744 1.0087310314024391
62863.1098 lsst_hardware_u -0.47447757592561507 2.6500000953674316 28.469999313354492 AB 5.451923343942371 1.0132430945253608
62865.0988 lsst_hardware_g 3.0921626287977695 16.780000686645508 31.510000228881836 AB 7.444837994471648 1.010794441682528
62865.1121 lsst_hardware_r 11.124167993571348 23.34000015258789 31.510000228881836 AB 7.5244376265575665 1.0181344254236866
62870.1027 lsst_hardware_r 8.892284900797064 55.97999954223633 31.639999389648438 AB 2.3495641745531044 1.0215496411100455
62870.1175 lsst_hardware_i 45.298980916712885 48.97999954223633 31.309999465942383 AB 2.386529735605607 1.037621624176351
62872.0913 lsst_hardware_i 38.84621344369464 57.65999984741211 31.329999923706055 AB 8.73574054009571 1.0169268410339967
62872.1045 lsst_hardware_z 98.17678880835167 54.91999816894531 30.979999542236328 AB 8.822373371843614 1.0286082979880629
62874.0847 lsst_hardware_r 11.569477742110129 82.08000183105469 31.65999984741211 AB 5.823255841697244 1.0161567895004497
62874.0983 lsst_hardware_z -24.212104581558112 58.95000076293945 30.989999771118164 AB 5.893511575861431 1.0278185517721365
62879.0705 lsst_hardware_g 8.850608539030775 12.9399995803833 31.399999618530273 AB 2.0902635576322943 1.0158005382734998
62879.0843 lsst_hardware_r -8.171736645569961 24.56999969482422 31.530000686645508 AB 3.2275746870311854 1.0274537416270584
62881.0698 lsst_hardware_i -36.32860570785988 29.520000457763672 31.25 AB 6.051467294445324 1.0191944916960545
62881.0823 lsst_hardware_z 6.951454989316723 40.61000061035156 30.950000762939453 AB 6.123114837099511 1.0312614462483387
