data/validation/pwv_sim_epoch_fit_4/32313155.ecsv
# %ECSV 0.9
# ---
# datatype:
# - {name: time, datatype: float64}
# - {name: band, datatype: string}
# - {name: flux, datatype: float64}
# - {name: fluxerr, datatype: float64}
# - {name: zp, datatype: float64}
# - {name: zpsys, datatype: string}
# - {name: pwv, datatype: float64}
# - {name: airmass, datatype: float64}
# meta: {SNID: '32313155', alt: 1024.0, c: -0.08974573016166687, dec: -12.329984, lat: -30.244573, lon: -70.7499537, ra: 300.058594, t0: 61998.5859375,
#   x0: 3.595406270104853e-06, x1: 0.1059461236000061, z: 0.7015902996063232}
# schema: astropy-2.0
time band flux fluxerr zp zpsys pwv airmass
[from data line 132]
62344.1767 lsst_hardware_r 132.17454722255255 125.0 31.65999984741211 AB 3.2078661760788107 1.052334448139577
62344.1978 lsst_hardware_i 85.58029172567146 99.36000061035156 31.34000015258789 AB 3.1982036649799848 1.0552225454975726
62346.1587 lsst_hardware_z 25.94303725994346 55.959999084472656 30.979999542236328 AB 4.4233690436015864 1.0584754830345986
62346.1816 lsst_hardware_r -31.99352351611252 68.66000366210938 31.649999618530273 AB 4.40130537524595 1.0516858722212024
62349.1654 lsst_hardware_u -3.145561245510941 2.819999933242798 28.469999313354492 AB 4.323931811425901 1.051838267527079
62349.1851 lsst_hardware_g -40.717653627530545 23.3700008392334 31.59000015258789 AB 4.84375703836521 1.055744777324588
62350.1505 lsst_hardware_r -9.548689090355154 24.600000381469727 31.520000457763672 AB 1.916214807646477 1.056638989603792
62350.1705 lsst_hardware_z -36.78088561163616 41.849998474121094 30.950000762939453 AB 1.9779166092011413 1.0516637560553723
62353.1162 lsst_hardware_i -19.436279631727537 31.989999771118164 31.25 AB 2.5649354730761584 1.0863000521251465
62353.1364 lsst_hardware_r -24.728255060164855 24.469999313354492 31.510000228881836 AB 2.1799770111882157 1.060988162486153
62357.1387 lsst_hardware_r -23.69675690374296 24.34000015258789 31.520000457763672 AB 4.591739364763883 1.0530908468009594
62357.1586 lsst_hardware_i 4.982235866326055 31.739999771118164 31.260000228881836 AB 4.535653638114038 1.0535169010194618
62363.1245 lsst_hardware_z 51.79296673268347 59.630001068115234 31.700000762939453 AB 3.81256664143553 1.0524199415077833
62363.1463 lsst_hardware_g -0.2992294305274006 22.65999984741211 32.22999954223633 AB 3.556788544324978 1.055426867752219
62370.12 lsst_hardware_z -18.574139651712674 141.0500030517578 31.75 AB 2.9427426590469756 1.0524830683286752
62372.088 lsst_hardware_r -329.04276953197956 124.0 31.65999984741211 AB 3.033259188596845 1.0582674883896537
62373.0554 lsst_hardware_z -34.3777350456239 71.0199966430664 30.979999542236328 AB 4.5910023810647616 1.0974944932622244
62377.0773 lsst_hardware_u -4.697201108859803 2.759999990463257 28.440000534057617 AB 5.915394443665608 1.0563204363688588
62377.0948 lsst_hardware_g -3.9358424946003687 15.180000305175781 31.459999084472656 AB 5.235568022330312 1.0514948329366316
62379.0778 lsst_hardware_r 28.045351759273565 24.049999237060547 31.510000228881836 AB 4.137642030529516 1.0533935369970129
62379.0933 lsst_hardware_z -15.553418537849264 41.650001525878906 30.950000762939453 AB 3.4797804434587207 1.0519817937598794
62381.0582 lsst_hardware_i 16.560948207089652 31.420000076293945 31.25 AB 1.5682988698439817 1.062533109650394
62381.0765 lsst_hardware_r 8.569076129416558 24.0 31.510000228881836 AB 1.5813646962927226 1.052138853155504
62384.0608 lsst_hardware_u -3.4467083550966944 2.7899999618530273 28.469999313354492 AB 1.2613642290596883 1.0548728656154618
62384.0794 lsst_hardware_g 16.256149312931424 15.140000343322754 31.459999084472656 AB 1.2570617246715658 1.0519344976331095
62386.0493 lsst_hardware_r 46.67839454364264 24.079999923706055 31.510000228881836 AB 2.260839312219474 1.0586105722894368
62386.0678 lsst_hardware_i -42.11549778586128 31.350000381469727 31.25 AB 2.2014570210038595 1.051484009395252
62388.0486 lsst_hardware_z 103.28590741712723 41.720001220703125 30.940000534057617 AB 2.738620221261452 1.0555483604784937
62388.0662 lsst_hardware_r -9.99250749949806 23.969999313354492 31.5 AB 2.6933334290169926 1.0516041240386513
62391.0274 lsst_hardware_i 37.00142851998351 31.8799991607666 31.260000228881836 AB 2.2350897299150883 1.065978170938399
62391.0459 lsst_hardware_u -2.0356491455049626 3.0299999713897705 28.56999969482422 AB 3.0025918342384004 1.0530791176636214
62394.0245 lsst_hardware_g 14.873695684926453 34.97999954223633 31.670000076293945 AB 1.3551836987536214 1.0609475720930415
62394.0435 lsst_hardware_r -48.67537687935026 39.34000015258789 31.610000610351562 AB 1.2492385351478872 1.051695132718861
62398.0182 lsst_hardware_z -248.5665271014062 149.50999450683594 32.5 AB 6.238900342068426 1.057440735943801
62402.0284 lsst_hardware_z 36.56110141991618 62.439998626708984 30.979999542236328 AB 1.5774769842072116 1.0516513228048077
62402.0473 lsst_hardware_r -208.21991017210163 88.11000061035156 31.649999618530273 AB 1.4420244006905156 1.060572003449754
62404.9969 lsst_hardware_y 13.323998184849463 48.470001220703125 30.040000915527344 AB 3.2052300428696516 1.0589967101994051
62405.0173 lsst_hardware_u -1.8107015191140752 2.799999952316284 28.459999084472656 AB 3.416730046573757 1.0514633163790605
62407.9976 lsst_hardware_y 8.40326682441783 48.04999923706055 30.040000915527344 AB 3.965087660596964 1.0537972166717657
62408.0161 lsst_hardware_r -23.95020943290351 24.450000762939453 31.510000228881836 AB 3.579803763831153 1.0524449412248609
62409.9876 lsst_hardware_y 88.5120726054882 63.880001068115234 30.049999237060547 AB 3.180905282282486 1.0560774509582342
62410.0066 lsst_hardware_r -2.109879102917618 24.440000534057617 31.5 AB 6.40721853497194 1.0516567148086895
62411.9885 lsst_hardware_z 86.5557829607405 59.619998931884766 30.979999542236328 AB 2.6202860119069262 1.0530990737116286
62412.007 lsst_hardware_g 26.332775435113867 15.739999771118164 31.459999084472656 AB 2.165317067822034 1.0529990603770631
62414.9889 lsst_hardware_y -44.27711271587327 67.63999938964844 30.06999969482422 AB 3.5259406794520496 1.0514733636536928
62415.0071 lsst_hardware_i -25.339720091192657 32.220001220703125 31.260000228881836 AB 3.6074141969745117 1.057091899189164
