data/validation/pwv_sim_epoch_fit_4/3254508.ecsv
# %ECSV 0.9
# ---
# datatype:
# - {name: time, datatype: float64}
# - {name: band, datatype: string}
# - {name: flux, datatype: float64}
# - {name: fluxerr, datatype: float64}
# - {name: zp, datatype: float64}
# - {name: zpsys, datatype: string}
# - {name: pwv, datatype: float64}
# - {name: airmass, datatype: float64}
# meta: {SNID: '3254508', alt: 1024.0, c: -0.06903883069753647, dec: -28.971533, lat: -30.244573, lon: -70.7499537, ra: 102.832031, t0: 62168.76953125,
#   x0: 2.5394551975329015e-06, x1: 0.5907273888587952, z: 0.8083126544952393}
# schema: astropy-2.0
time band flux fluxerr zp zpsys pwv airmass
62048.2658 lsst_hardware_i -40.77984487752081 71.52999877929688 31.190000534057617 AB 11.655707026600114 1.7635668177935413
62048.2847 lsst_hardware_z -15.779534491882682 64.69000244140625 30.920000076293945 AB 10.23020105903315 1.5482320121626603
62050.2666 lsst_hardware_r 43.66915721596667 75.08999633789062 31.479999542236328 AB 7.4109328045798355 1.6843029101317806
62050.2861 lsst_hardware_z 59.229010987403065 59.95000076293945 30.920000076293945 AB 6.53621178564673 1.4855026785560748
62052.3061 lsst_hardware_z -37.7148399645625 53.380001068115234 30.940000534057617 AB 3.5233199918575764 1.3037663789290732
62052.3253 lsst_hardware_r -4.7485257165697625 54.83000183105469 31.59000015258789 AB 3.2885527937773156 1.2062550366903955
62055.2539 lsst_hardware_u 4.325474279319175 3.2799999713897705 28.170000076293945 AB 9.173158515326074 1.6730181497949215
62055.2732 lsst_hardware_g 37.34401392389521 27.520000457763672 31.469999313354492 AB 8.049003820548588 1.479052521232743
62057.2548 lsst_hardware_r 31.46263240232319 24.15999984741211 31.3799991607666 AB 9.188726184308672 1.6020793626202898
62057.2736 lsst_hardware_i 17.403650857950552 33.45000076293945 31.190000534057617 AB 8.289349025463439 1.4312339146999509
62059.2617 lsst_hardware_z 5.32971847811542 46.22999954223633 30.899999618530273 AB 10.79507554830807 1.484029173785048
62059.2801 lsst_hardware_u -4.507978601465981 2.450000047683716 28.170000076293945 AB 9.80238618028686 1.3461734282838445
62065.2602 lsst_hardware_i 23.99040973778782 32.45000076293945 31.209999084472656 AB 3.898580609604081 1.369604991956765
62065.2786 lsst_hardware_z -69.17034398752078 43.529998779296875 30.93000030517578 AB 3.6426193052175564 1.259768046071857
62075.2483 lsst_hardware_r 139.26107463824127 69.58999633789062 31.59000015258789 AB 6.256197111583998 1.2756684735859978
62075.2663 lsst_hardware_i 10.606362971682305 55.310001373291016 31.290000915527344 AB 5.973455269125484 1.1900893749087829
62077.2532 lsst_hardware_z -51.48616186906233 86.05999755859375 31.719999313354492 AB 6.50275673866274 1.2236260563249213
62079.2529 lsst_hardware_z -58.08706921157826 60.29999923706055 30.959999084472656 AB 4.157925712151023 1.200556028532538
62079.269 lsst_hardware_r 64.14471564738312 78.0199966430664 31.6299991607666 AB 3.9515928633715776 1.1391158441543896
62081.2495 lsst_hardware_i -82.84239525473893 55.189998626708984 31.299999237060547 AB 5.5364560123914135 1.1918318051934358
62081.2659 lsst_hardware_z -0.3651939754714991 54.02000045776367 30.969999313354492 AB 5.835445355012032 1.1313204882329388
62083.2927 lsst_hardware_g 17.546829403737554 45.119998931884766 31.700000762939453 AB 8.404182851735936 1.050522856466992
62083.3111 lsst_hardware_i 28.641509431394255 43.41999816894531 31.309999465942383 AB 8.181918159046617 1.0227397698808272
62088.2766 lsst_hardware_r -2.816246304312136 21.639999389648438 31.479999542236328 AB 5.894027038956681 1.0551426850978662
62088.2932 lsst_hardware_u 3.966487485476559 2.5999999046325684 28.420000076293945 AB 6.079904617604647 1.028110808455777
62095.1854 lsst_hardware_g 1.6627607628851744 13.039999961853027 31.290000915527344 AB 4.121787029282493 1.323560191367137
62095.2014 lsst_hardware_i -67.19525640211296 31.34000015258789 31.209999084472656 AB 3.7910659412318974 1.2362171547497403
62096.2013 lsst_hardware_u -0.5823381326711511 2.4000000953674316 28.149999618530273 AB 4.574382196499235 1.2237512564205442
62096.2169 lsst_hardware_g 28.831655416840455 12.979999542236328 31.34000015258789 AB 3.6686064746502156 1.1591173695574648
62098.2005 lsst_hardware_r 9.904168550379069 22.559999465942383 31.459999084472656 AB 9.437408392816216 1.2028305369382122
62098.2173 lsst_hardware_i 30.697379268075405 30.889999389648438 31.239999771118164 AB 8.71035718330647 1.1385343681205764
62100.2155 lsst_hardware_z -5.74265097977156 61.41999816894531 31.690000534057617 AB 5.95727188677127 1.1265997831698245
62103.1846 lsst_hardware_r 21.620782386500558 53.38999938964844 31.600000381469727 AB 5.280693412401806 1.212744410717708
62103.2004 lsst_hardware_z -51.795794003227556 49.290000915527344 30.959999084472656 AB 5.019655838973175 1.1497150341210947
62105.2055 lsst_hardware_i -26.118762805254306 58.540000915527344 31.309999465942383 AB 8.612020947169043 1.1153661579625964
62105.2219 lsst_hardware_z -20.340819735011777 55.029998779296875 30.969999313354492 AB 8.235358083780245 1.072498448139408
62107.2048 lsst_hardware_i 75.82536632432748 72.29000091552734 31.31999969482422 AB 7.032096328897902 1.101680852114971
62107.2224 lsst_hardware_z -50.063346435380126 63.5099983215332 30.979999542236328 AB 6.6826852310425915 1.0597424191194524
62110.1501 lsst_hardware_z -45.17095893184548 59.22999954223633 30.950000762939453 AB 6.957219224662582 1.2902854645145738
62110.1707 lsst_hardware_r 33.932949415268986 68.83999633789062 31.610000610351562 AB 6.189403364299882 1.1902698777499774
62112.1377 lsst_hardware_u 1.4256178802015789 2.450000047683716 28.15999984741211 AB 4.926666184045507 1.33153140109338
62112.1591 lsst_hardware_g 59.519005425664695 28.270000457763672 31.56999969482422 AB 4.502646979704789 1.2169316161364294
62114.1407 lsst_hardware_z 7.330539927530491 44.72999954223633 30.93000030517578 AB 9.558837673963842 1.2818037288526516
62114.1639 lsst_hardware_u -1.832729653471083 2.630000114440918 28.360000610351562 AB 8.810614494491253 1.1737053056604687
62116.1506 lsst_hardware_g 11.204425515506365 13.170000076293945 31.34000015258789 AB 14.320609704505475 1.2061238249430843
62116.1727 lsst_hardware_r 17.293734340801418 22.139999389648438 31.469999313354492 AB 14.272508428171882 1.1238195612733766
62118.124 lsst_hardware_r 32.8691402257605 22.8700008392334 31.440000534057617 AB 9.708469065603287 1.3150800752603349
62118.1451 lsst_hardware_i -1.4055838887586647 31.209999084472656 31.229999542236328 AB 8.63467077544016 1.206296559854678
62122.1325 lsst_hardware_u 2.7451852817941913 2.6500000953674316 28.3700008392334 AB 3.527974422431055 1.2137526682675648
62122.1536 lsst_hardware_g -13.436635240878998 13.1899995803833 31.3799991607666 AB 3.2922539573324507 1.132493836548558
62124.133 lsst_hardware_r 2.3254014574039887 22.75 31.479999542236328 AB 3.5871856050336874 1.1881048621457937
62124.155 lsst_hardware_i -0.5705265380537884 30.75 31.25 AB 3.3350175862423406 1.111302094715875
62126.1526 lsst_hardware_u -0.3711784323639328 2.740000009536743 28.479999542236328 AB 3.8799779168960367 1.102579686529138
62126.1736 lsst_hardware_g 0.32598074538392857 13.289999961853027 31.420000076293945 AB 3.819418614013089 1.0537053904440603
62128.1506 lsst_hardware_r 32.80418403142581 24.43000030517578 31.510000228881836 AB 6.859233718311983 1.0932356406442176
62128.172 lsst_hardware_i -18.227898072528912 29.90999984741211 31.25 AB 6.8694106378350455 1.0466344293298697
62129.1563 lsst_hardware_z -14.69528964877746 42.66999816894531 30.950000762939453 AB 6.836083116648847 1.072663285210918
62129.1768 lsst_hardware_r -11.291227759763999 25.6200008392334 31.540000915527344 AB 6.9387305828074135 1.0344091806159386
62131.1668 lsst_hardware_z 12.271964460893956 63.29999923706055 31.709999084472656 AB 5.759165619340891 1.0415346087966166
62133.1578 lsst_hardware_r -28.691214638585027 55.7307876674388 31.639999389648438 AB 7.407001381555728 1.047604650582459
62133.1803 lsst_hardware_z 16.595341871153018 49.01456084950434 30.969999313354492 AB 7.196304195129305 1.0164630382610953
62135.1306 lsst_hardware_i 83.17003352297311 66.60612889988406 31.31999969482422 AB 7.417351463613888 1.0955801430691965
62135.1532 lsst_hardware_r 87.59710681363126 82.5345942662021 31.649999618530273 AB 7.0537587011074026 1.046086119102388
62137.1555 lsst_hardware_z -6.781704944390593 67.07544150172677 30.989999771118164 AB 7.197278308505785 1.033605352151938
62137.1772 lsst_hardware_r 225.9916990453995 97.91647663518964 31.670000076293945 AB 7.065460301937948 1.0095750204599516
62139.0356 lsst_hardware_y -87.36104877799619 88.1129712464889 29.899999618530273 AB 8.882285025857113 1.5545456181766968
62139.0577 lsst_hardware_r -24.26961232616216 23.33583487679889 31.420000076293945 AB 9.265646154329842 1.3727730582376423
62141.0357 lsst_hardware_y -76.91846764347282 88.15962044559114 29.899999618530273 AB 15.386874798021946 1.5026244919943306
62141.0576 lsst_hardware_r 12.683373091741764 23.783671164270878 31.43000030517578 AB 14.154255926195734 1.337325767781154
62143.0366 lsst_hardware_y 132.52984164229795 84.3698408748058 29.920000076293945 AB 14.031986012094286 1.4486624580168577
62143.0582 lsst_hardware_z 43.624005279559114 46.13210222546106 30.920000076293945 AB 12.703899400727177 1.3005630017124483
62145.1245 lsst_hardware_r 88.54838287659798 24.351470349452267 31.479999542236328 AB 6.8492087886507 1.0485622762784292
62145.142 lsst_hardware_z 134.19586318998176 41.996979893898754 30.950000762939453 AB 6.544183614768049 1.0225286898075077
62147.0349 lsst_hardware_y 125.75895134452158 86.84379083586943 29.950000762939453 AB 9.256394787743371 1.3794068606385657
62147.052 lsst_hardware_r 151.39990668108175 27.194020671846253 31.459999084472656 AB 7.8997354634505825 1.2741508812017068
62149.0424 lsst_hardware_z 442.4695841806551 93.8568056831067 31.690000534057617 AB 2.712122351326794 1.2972006941656316
62151.0357 lsst_hardware_y 232.29988849887414 79.30206020140697 29.989999771118164 AB 7.659336076424985 1.3043828468026202
62151.0524 lsst_hardware_g 48.64681980242264 16.72745839414991 31.399999618530273 AB 7.268180819278467 1.2179097347037775
62155.0356 lsst_hardware_y 349.0869114625997 74.06720943422724 29.989999771118164 AB 5.838706576975908 1.2459229825502227
62155.053 lsst_hardware_i 717.7192763104672 41.05910614465111 31.239999771118164 AB 4.232126749850225 1.1696612312168104
62157.0355 lsst_hardware_y 152.51985667297149 70.78619410722538 30.010000228881836 AB 14.71622914515049 1.2202764688447467
62157.0537 lsst_hardware_g 156.27330048388083 21.919558953505245 31.489999771118164 AB 13.762071987947193 1.1471181457671369
62159.0352 lsst_hardware_y 273.8736993676602 70.49430412307488 30.010000228881836 AB 10.1486105096685 1.1974526176085103
62159.052 lsst_hardware_i 851.1253229123977 45.415514970187566 31.260000228881836 AB 8.53730150325153 1.134374369286677
62161.0425 lsst_hardware_z 1109.7547979793462 88.2884349772303 31.719999313354492 AB 7.69870670434861 1.1480896810183343
62164.0344 lsst_hardware_y 326.5427711670344 69.59407846927145 30.030000686645508 AB 12.649941715919944 1.147768725736748
62164.0522 lsst_hardware_r 842.1662258314342 84.06560692322309 31.649999618530273 AB 12.695623654975122 1.0935076360874352
62166.034 lsst_hardware_y 439.0177404156795 98.61895610676763 30.790000915527344 AB 12.232647986077705 1.1307418469787354
62166.0514 lsst_hardware_z 1434.8122018422412 101.03144716058715 31.739999771118164 AB 12.216434036868339 1.0817385510804178
62168.032 lsst_hardware_y 264.886406533337 66.23247599620899 30.040000915527344 AB 9.480688444190895 1.1198545291980742
62168.0493 lsst_hardware_z 574.4495296236023 58.150152286974865 30.969999313354492 AB 8.715268938671002 1.0738269409921868
62170.0329 lsst_hardware_y 383.64830621001636 59.16776636054882 30.040000915527344 AB 7.69171826176716 1.101360512865498
62170.0525 lsst_hardware_r 633.9103143399441 32.760689703667886 31.5 AB 8.137238307369357 1.055550435512969
62172.0312 lsst_hardware_y 252.84256280288886 61.48556850621225 30.049999237060547 AB 6.066747680224179 1.0913052340382223
62172.0495 lsst_hardware_r 489.8691345355744 32.279426693835326 31.510000228881836 AB 6.31934841177203 1.0508894254609806
62174.0309 lsst_hardware_z 601.6341331687617 55.285207432005485 30.969999313354492 AB 5.187218012453086 1.0785171298525145
62174.05 lsst_hardware_g 101.5617320485512 15.60959419528056 31.40999984741211 AB 6.555358933743223 1.0405331640862259
62176.0296 lsst_hardware_y 272.8011509460694 58.40822063068916 30.049999237060547 AB 5.936283587619829 1.0690227962578578
62176.048 lsst_hardware_i 769.0656306359305 41.413198468878676 31.25 AB 6.272502601318025 1.035109138383271
62178.0296 lsst_hardware_y 326.5304162650795 54.710403066913706 30.049999237060547 AB 0.5708502407580006 1.057619714234445
62178.048 lsst_hardware_r 391.9309121180827 29.629862851602315 31.489999771118164 AB 1.0333097613063498 1.0274021986640316
62180.028 lsst_hardware_y 286.70932223704045 56.29722000458752 30.049999237060547 AB 3.538920781777346 1.0502547145128762
62180.048 lsst_hardware_g 29.53703662103508 14.750223855876314 31.399999618530273 AB 2.545899788004778 1.0207075425497756
62411.2659 lsst_hardware_u -1.9915952995795043 2.0999999046325684 27.739999771118164 AB 6.716653032319709 1.8491714591008699
62411.2864 lsst_hardware_g 30.266033872528737 16.010000228881836 31.280000686645508 AB 5.762838626133603 1.5928243853328075
62413.2412 lsst_hardware_r 12.578698194029807 24.979999542236328 31.25 AB 5.762312042850049 2.1998455290363816
62413.2598 lsst_hardware_z 76.25958744035425 50.63999938964844 30.860000610351562 AB 5.131243975399578 1.8588096270241463
62414.2633 lsst_hardware_r 36.416789664942854 24.6299991607666 31.34000015258789 AB 11.692688335190535 1.7696978031718895
62414.2823 lsst_hardware_u -1.4599752825357324 2.369999885559082 28.030000686645508 AB 10.305782857921052 1.551686252133659
62418.2887 lsst_hardware_z 29.291182427773656 45.54999923706055 30.90999984741211 AB 3.624142484437863 1.404751762435943
62418.3097 lsst_hardware_r 13.712103502733374 22.889999389648438 31.440000534057617 AB 3.4396947767732162 1.27215488261353
62422.2166 lsst_hardware_g 22.055278895982845 12.979999542236328 31.020000457763672 AB 12.780846270360813 2.2004957853070355
62422.2331 lsst_hardware_i -56.505203702440994 35.619998931884766 31.1200008392334 AB 11.018285122328102 1.8917405386510748
62427.2557 lsst_hardware_r 84.99258075012267 56.439998626708984 31.530000686645508 AB 7.56352253703961 1.4712162102780801
62427.274 lsst_hardware_i 24.106742064621194 47.61000061035156 31.25 AB 6.890122018997674 1.3371737458634076
62429.2582 lsst_hardware_z -60.1822888085118 57.59000015258789 30.93000030517578 AB 1.7480778857472095 1.4082260089258538
62429.2766 lsst_hardware_r 86.47641281724748 69.18000030517578 31.59000015258789 AB 1.6387696546060846 1.289016508604681
62435.2358 lsst_hardware_g -96.92676485567726 68.19000244140625 31.56999969482422 AB 1.6686648334714889 1.45512520904569
62435.2535 lsst_hardware_i -7.455579442091218 56.86000061035156 31.270000457763672 AB 1.8602545387973133 1.328753241998081
62437.2592 lsst_hardware_r 73.0264137598044 51.97999954223633 31.579999923706055 AB 2.876938333371048 1.2648662709917147
62437.2758 lsst_hardware_z -27.822618749592703 50.720001220703125 30.950000762939453 AB 2.625314026530857 1.1875218937151903
62442.2531 lsst_hardware_z -20.51261607918805 43.290000915527344 30.920000076293945 AB 3.8341984205272976 1.2273035035964568
62442.2706 lsst_hardware_r -2.7692565867357906 22.209999084472656 31.459999084472656 AB 3.608597485911048 1.154966789292203
62451.2809 lsst_hardware_r 1.463204633761526 21.729999542236328 31.469999313354492 AB 1.8564806201426272 1.0587789288394813
62451.298 lsst_hardware_i 51.255093529500634 29.59000015258789 31.239999771118164 AB 2.0480394447796573 1.0299418882473574
62456.1689 lsst_hardware_z -19.486773226742248 52.619998931884766 30.90999984741211 AB 8.55049397016632 1.539519980224343
62456.1869 lsst_hardware_r -75.89842040417756 49.790000915527344 31.549999237060547 AB 7.661392649776873 1.3906206406903812
62458.1697 lsst_hardware_i 61.5617201001952 54.939998626708984 31.229999542236328 AB 8.545872040094865 1.4828431198290635
62458.1867 lsst_hardware_r 166.84459044731383 63.529998779296875 31.56999969482422 AB 7.400863060229324 1.3544358200819544
62460.1969 lsst_hardware_z 41.53947556774008 62.099998474121094 30.959999084472656 AB 6.516737062785427 1.2622811975953176
62460.2148 lsst_hardware_r 13.189490216995063 83.58999633789062 31.6299991607666 AB 5.807473284477527 1.1802608036739455
