data/validation/pwv_sim_epoch_fit_4/32712245.ecsv
# %ECSV 0.9
# ---
# datatype:
# - {name: time, datatype: float64}
# - {name: band, datatype: string}
# - {name: flux, datatype: float64}
# - {name: fluxerr, datatype: float64}
# - {name: zp, datatype: float64}
# - {name: zpsys, datatype: string}
# - {name: pwv, datatype: float64}
# - {name: airmass, datatype: float64}
# meta: {SNID: '32712245', alt: 1024.0, c: 0.08455757796764374, dec: -32.442867, lat: -30.244573, lon: -70.7499537, ra: 319.042969, t0: 62732.23828125,
#   x0: 3.66618802524645e-06, x1: 0.33215799927711487, z: 0.6967318058013916}
# schema: astropy-2.0
time band flux fluxerr zp zpsys pwv airmass
62618.3497 lsst_hardware_i 10.271945939906848 35.45000076293945 31.219999313354492 AB 3.056497441187073 1.3362711051531944
62618.3694 lsst_hardware_z -37.926609805907844 45.150001525878906 30.93000030517578 AB 2.799959791257809 1.2302108045948195
62620.3594 lsst_hardware_r 1.8088813159483668 25.829999923706055 31.469999313354492 AB 14.20126916475433 1.2520220845851353
62620.3786 lsst_hardware_u 3.8662890028159485 2.75 28.329999923706055 AB 14.718244533324144 1.1689031913055747
62622.3634 lsst_hardware_g -17.907389375427883 15.670000076293945 31.43000030517578 AB 10.752519854060973 1.208148298209098
62622.383 lsst_hardware_r -12.981608299856505 24.860000610351562 31.510000228881836 AB 10.090439849076988 1.1345752854485336
62623.3583 lsst_hardware_i 18.072825196115534 33.29999923706055 31.239999771118164 AB 10.78938922520479 1.2185777814610723
62623.3761 lsst_hardware_z 7.610558394658353 43.63999938964844 30.950000762939453 AB 11.838822324870975 1.148471042024693
62625.3596 lsst_hardware_r 18.33133319606709 24.940000534057617 31.489999771118164 AB 9.836840055039625 1.1897604259484504
62625.3791 lsst_hardware_g 9.045246486328333 15.569999694824219 31.450000762939453 AB 10.053994324430018 1.121179948453277
62627.3584 lsst_hardware_r -13.918157838780068 25.0 31.5 AB 3.586505648426637 1.173019018291623
62627.3773 lsst_hardware_i 11.1230557433879 32.22999954223633 31.25 AB 2.9299020071566177 1.1104422994719036
62631.3561 lsst_hardware_z -21.587587787282946 43.13999938964844 30.950000762939453 AB 7.786488083904637 1.1422301994652475
62631.376 lsst_hardware_i -20.264571743015594 31.90999984741211 31.25 AB 8.489231171508662 1.0850706622864805
62633.3571 lsst_hardware_u 2.0927880760341266 2.740000009536743 28.3799991607666 AB 11.020529809605017 1.1216633960005784
62633.3772 lsst_hardware_g -30.410005064021213 15.529999732971191 31.450000762939453 AB 11.240639857939769 1.0697730057520758
62637.354 lsst_hardware_r 97.44642612179011 71.44000244140625 31.6299991607666 AB 4.546949069695051 1.0994033616026446
62637.3739 lsst_hardware_i -47.85286440842569 56.619998931884766 31.309999465942383 AB 4.380628204980588 1.0543874049215152
62639.3658 lsst_hardware_z -179.963100610129 87.63999938964844 31.729999542236328 AB 7.421145628005767 1.0594699605742572
62642.354 lsst_hardware_z -54.03910724959764 62.11000061035156 30.979999542236328 AB 7.506132212636242 1.0668433797421957
62642.3738 lsst_hardware_r -93.14357178133871 78.22000122070312 31.65999984741211 AB 7.244784534311622 1.0322166414767546
62644.3552 lsst_hardware_i 77.68089439449837 49.79999923706055 31.309999465942383 AB 2.519646214089271 1.053620746735591
62644.3749 lsst_hardware_z 8.491781720175352 51.220001220703125 30.969999313354492 AB 2.4452439271581556 1.0237214222481203
62646.3413 lsst_hardware_i -33.9261468032079 34.81999969482422 31.270000457763672 AB 7.86758713062627 1.070662798452165
62646.3607 lsst_hardware_z 27.51148912140799 43.0 30.959999084472656 AB 7.630566825816422 1.0353550645612513
62652.263 lsst_hardware_g -8.820382536073797 20.979999542236328 32.119998931884766 AB 8.910163215365351 1.299994633114291
62652.2781 lsst_hardware_r 24.33208513735106 34.41999816894531 32.22999954223633 AB 8.553583470489391 1.2232219664156818
62654.2646 lsst_hardware_i -59.30703265222558 32.7400016784668 31.219999313354492 AB 12.46281069602482 1.2619928809705785
62654.2852 lsst_hardware_z -75.3034783874524 43.279998779296875 30.940000534057617 AB 11.572829902086774 1.1710822426343859
62655.2756 lsst_hardware_u -0.39731595024169675 2.630000114440918 28.309999465942383 AB 10.544773689456116 1.1984059199290962
62655.2955 lsst_hardware_r 32.4822793607338 23.739999771118164 31.489999771118164 AB 10.540372832712269 1.1263789727993152
62657.2498 lsst_hardware_g 2.8801503212059956 14.640000343322754 31.350000381469727 AB 10.391950546151254 1.2974530927213004
62657.2696 lsst_hardware_i 10.494639741484932 32.310001373291016 31.229999542236328 AB 7.429063860499071 1.2006729562147485
62675.2525 lsst_hardware_z -20.89309746701807 43.27000045776367 30.940000534057617 AB 4.1542965974090365 1.0935237160855584
62675.2734 lsst_hardware_r -9.080734911905678 29.84000015258789 31.559999465942383 AB 3.9609480782140696 1.0484939655123087
62676.2682 lsst_hardware_g 12.994809972532908 16.1299991607666 31.469999313354492 AB 3.9724245136316947 1.0529487136327453
62676.2895 lsst_hardware_r -16.700723125775575 25.200000762939453 31.530000686645508 AB 3.833166711893055 1.0214514243808106
62678.2502 lsst_hardware_r -29.815532253359038 23.65999984741211 31.489999771118164 AB 6.232009572253601 1.0790891428516114
62678.2704 lsst_hardware_i 6.805499549420753 30.920000076293945 31.25 AB 5.980634501472563 1.0398390857119992
62682.1631 lsst_hardware_i -34.89684140057666 33.83000183105469 31.200000762939453 AB 4.568790103009375 1.4167889303075818
62682.1823 lsst_hardware_z 5.125339651571661 44.7400016784668 30.93000030517578 AB 4.00905586655504 1.2932438279209806
62686.1659 lsst_hardware_i 55.60461073380993 32.970001220703125 31.209999084472656 AB 11.510400048411842 1.325001684310482
62686.1866 lsst_hardware_u -0.23103107862264857 2.640000104904175 28.31999969482422 AB 9.363424466161021 1.217267497171706
62688.1644 lsst_hardware_g -23.16350609293628 14.789999961853027 31.3700008392334 AB 6.349287324764807 1.301794831485348
62688.183 lsst_hardware_r 35.63896322837678 24.139999389648438 31.469999313354492 AB 5.90900250308446 1.209085530761041
62694.1581 lsst_hardware_i 45.944489985542305 56.45000076293945 31.280000686645508 AB 6.738680343107745 1.2484432180154394
62694.1774 lsst_hardware_r 61.08024990460114 65.8499984741211 31.6200008392334 AB 6.799422913172503 1.165831868176519
62697.1779 lsst_hardware_i -158.3233807831324 111.18000030517578 31.31999969482422 AB 7.268415508373325 1.135689923183332
62697.1978 lsst_hardware_z -59.667659916193436 90.66000366210938 30.989999771118164 AB 6.9140643389967344 1.0803225529682396
62704.1589 lsst_hardware_u -1.0165210031556122 2.688870953412887 28.329999923706055 AB 5.917332224024082 1.1353285157375446
62704.1776 lsst_hardware_g -22.55107107269281 15.00404935680998 31.43000030517578 AB 5.8736788037752445 1.082905384176852
62707.165 lsst_hardware_r 78.89262313173083 25.265904020863466 31.489999771118164 AB 6.022850494846894 1.0938704131578085
62707.1866 lsst_hardware_z 63.41537610375841 42.54227701001236 30.940000534057617 AB 6.15566229780552 1.0475048579606092
62709.1637 lsst_hardware_r 162.815877611951 26.602750523542035 31.479999542236328 AB 3.467659567894483 1.0835025339079232
62709.1827 lsst_hardware_u 3.2596577592814118 2.7146625922622634 28.309999465942383 AB 3.36523748068932 1.0448344053886633
62716.1829 lsst_hardware_z 462.9532356822731 46.111612977774186 30.950000762939453 AB 2.2934341752592267 1.0186249945632808
62716.2031 lsst_hardware_r 523.6420017806886 33.02554842304204 31.510000228881836 AB 2.2362531734505127 1.0038169334308216
62718.0621 lsst_hardware_z 535.7685756821663 51.97615886129696 30.899999618530273 AB 3.1620215676188677 1.4372825307358488
62718.0807 lsst_hardware_r 594.2009768312776 36.917881108744055 31.469999313354492 AB 2.8866989858684167 1.312135902667462
62719.0639 lsst_hardware_i 743.5793607972684 45.492442643421036 31.209999084472656 AB 2.460834793463734 1.4035179430401525
62719.0824 lsst_hardware_z 572.2678406274554 51.03749830049613 30.93000030517578 AB 2.2165523322624376 1.2870719049236643
62722.0926 lsst_hardware_z 1424.0142141047131 83.76181215172645 31.709999084472656 AB 4.587164704951173 1.1987364211544875
62723.0864 lsst_hardware_r 1040.7452169378018 80.10599802437227 31.610000610351562 AB 4.556811816221797 1.2136395107124816
62723.1065 lsst_hardware_i 1203.7848309234855 70.7233532833252 31.309999465942383 AB 4.246257192945165 1.1370349961025383
62731.0859 lsst_hardware_g 142.8132185724137 19.457732876888855 31.450000762939453 AB 2.9710509944776087 1.133015919335491
62731.1047 lsst_hardware_r 974.4958785156662 39.81817250795785 31.520000457763672 AB 2.814279723783711 1.0809601397287156
62738.0818 lsst_hardware_i 1160.7114299585862 46.024269613675884 31.25 AB 4.561669053072311 1.0901999290368192
62738.1024 lsst_hardware_r 785.5125130230867 36.99057406077022 31.510000228881836 AB 4.014784971183117 1.0467435722026117
62740.0657 lsst_hardware_z 717.2350036525926 51.315689895089406 30.950000762939453 AB 1.8232456231694967 1.1194713199976443
62740.0839 lsst_hardware_u -0.6291548930397322 2.8392687873840634 28.5 AB 1.591345986079981 1.0723355701345338
62742.0818 lsst_hardware_r 755.4416855219291 35.33910178936218 31.510000228881836 AB 5.964711171299523 1.065126994874915
62742.1018 lsst_hardware_i 1010.4756105128126 44.565023534332056 31.260000228881836 AB 5.138128220546356 1.0308039563078872
62744.0799 lsst_hardware_z 747.1018427574743 49.77748109873008 30.950000762939453 AB 4.073590254515256 1.057960892851199
62744.099 lsst_hardware_r 677.5121681858644 34.14844941646974 31.5 AB 3.426141812250132 1.0272775410274109
62747.0679 lsst_hardware_i 854.6743460100772 43.162687462060234 31.25 AB 1.5087735825761464 1.0656434956394207
62747.0861 lsst_hardware_u 1.1854894217050551 3.302489644545697 28.579999923706055 AB 0.533894568067842 1.0336777697344472
62748.0835 lsst_hardware_r 527.5963170659405 36.41149876139008 31.549999237060547 AB 0.9657968837710721 1.0334905123285951
62748.1004 lsst_hardware_z 722.7551945131116 49.41885142186928 30.950000762939453 AB 0.9627136818354758 1.0139164632285158
62751.0642 lsst_hardware_i 886.914376706068 62.333188362707524 31.31999969482422 AB 2.2075223656093557 1.051534947098772
62751.0816 lsst_hardware_r 434.36849937844477 69.05101806150894 31.649999618530273 AB 2.224531854261229 1.0251298867561311
62752.9896 lsst_hardware_z 675.045338823465 84.18642288783623 30.959999084472656 AB 3.716212212305679 1.2868884814495063
62753.0063 lsst_hardware_i 740.3943732737088 92.08081359375015 31.309999465942383 AB 3.1458316118488563 1.2057614457067292
62756.9916 lsst_hardware_y 196.99255666455326 56.01783012334072 30.0 AB 3.2705981131795063 1.2224250095980214
62757.0098 lsst_hardware_r 220.36779877782803 67.87661227024739 31.6299991607666 AB 2.5310400423505377 1.1500371263993354
62759.9914 lsst_hardware_y 215.42598684415825 52.2350130896826 30.0 AB 3.0767320085684315 1.1882332679847187
62760.0084 lsst_hardware_u 0.7859730788267654 2.8283427867039186 28.440000534057617 AB 2.867164385576527 1.1276949402464216
62761.994 lsst_hardware_y 226.3144913435989 51.198677302049646 30.010000228881836 AB 1.752309646642004 1.1575951422899455
62762.0134 lsst_hardware_r 217.17616937938385 27.351401029167246 31.5 AB 0.9491504196605771 1.0976009478584297
62763.9978 lsst_hardware_z 856.0779617924958 67.51270869609989 31.700000762939453 AB 6.924838551279503 1.1266922826606562
62764.9923 lsst_hardware_y 226.09278788582026 51.33239195737396 30.020000457763672 AB 3.909455763883553 1.135479455092522
62765.0107 lsst_hardware_g 19.139345594369804 15.282188263444151 31.440000534057617 AB 4.226580008299758 1.0837384636666048
62770.9933 lsst_hardware_y 186.12374041977114 51.13999485503563 30.030000686645508 AB 2.2980573012908456 1.0862095326729533
62771.0129 lsst_hardware_i 240.55578894975716 34.23594642883403 31.239999771118164 AB 3.2589438936861623 1.0457063672985893
62771.9941 lsst_hardware_y 70.81761499626599 51.17178991249454 30.040000915527344 AB 4.626504330077418 1.0778111427087753
62772.0137 lsst_hardware_g -7.272477230426537 14.839798028936377 31.43000030517578 AB 4.929377139350851 1.0399164177105273
62776.0236 lsst_hardware_i 144.91758262767402 34.32252300613099 31.260000228881836 AB 5.068344304570433 1.0142266855911617
62776.0269 lsst_hardware_z 238.49625508839043 44.092448805961055 30.959999084472656 AB 5.051362293663488 1.011418733297101
62984.3581 lsst_hardware_r -35.85515177072426 25.459999084472656 31.469999313354492 AB 4.716562280478293 1.2763563811505394
62984.3771 lsst_hardware_i 25.240313206260556 32.95000076293945 31.229999542236328 AB 5.969493446743128 1.1880771115022646
62995.3688 lsst_hardware_z -76.19578061070294 84.44999694824219 31.729999542236328 AB 8.65407577719962 1.1133508011320752
62999.3231 lsst_hardware_i -20.82982070083383 50.02000045776367 31.280000686645508 AB 8.54469802400503 1.24603689741227
62999.3414 lsst_hardware_z -8.841797524513934 52.22999954223633 30.959999084472656 AB 7.14293524889042 1.1677186936227892
63005.3604 lsst_hardware_g 3.23970328390176 14.930000305175781 31.450000762939453 AB 8.78381112181316 1.0663415897312836
63005.3809 lsst_hardware_r -23.10274616295332 23.729999542236328 31.520000457763672 AB 9.82898499535669 1.0309132858228691
63013.3597 lsst_hardware_u 1.0952315852097665 2.869999885559082 28.540000915527344 AB 3.7397375347295974 1.0300415538182879
63013.3807 lsst_hardware_g 6.965450320212868 15.1899995803833 31.479999542236328 AB 5.002220195585152 1.008715506268463
63017.2397 lsst_hardware_r 12.929547925509116 36.970001220703125 31.489999771118164 AB 10.528774938667711 1.4633460651379722
63017.2608 lsst_hardware_z 43.43188421355392 45.689998626708984 30.920000076293945 AB 8.999032802163066 1.3168031609836877
63019.2492 lsst_hardware_z -98.35127952625601 53.5099983215332 30.93000030517578 AB 14.220798499498946 1.3547918545092676
63019.2669 lsst_hardware_i -114.59529814244152 48.52000045776367 31.260000228881836 AB 12.40137518870799 1.253930757199999
63020.2559 lsst_hardware_z 24.698790924494105 55.130001068115234 30.950000762939453 AB 11.404764314017655 1.297814851953608
63020.2763 lsst_hardware_r -56.00179528201027 63.75 31.610000610351562 AB 10.475793149893818 1.1984205098261689
63031.2645 lsst_hardware_r 33.11079714486647 23.729999542236328 31.489999771118164 AB 14.085793214283568 1.131631397430526
63031.2855 lsst_hardware_i -28.170953155711977 31.510000228881836 31.25 AB 13.340855988491509 1.0748786197068452
63036.2643 lsst_hardware_z 55.00697012496162 42.02000045776367 30.950000762939453 AB 3.792034698855082 1.0930678930161177
63036.2896 lsst_hardware_r 0.9527855975222285 23.329999923706055 31.510000228881836 AB 3.6173361045041963 1.0408102731993394
63040.2188 lsst_hardware_z 26.824444942680593 61.77000045776367 31.68000030517578 AB 3.8200910643071215 1.210805408655189
63040.2333 lsst_hardware_r 9.723107549069704 33.689998626708984 32.22999954223633 AB 3.663900060328272 1.1538328493358574
63046.2429 lsst_hardware_r -7.459612542182597 29.3799991607666 31.549999237060547 AB 2.9849876441057797 1.078651280693488
63046.2633 lsst_hardware_z -36.65435127783306 41.279998779296875 30.950000762939453 AB 2.8763224857525365 1.0392277068927962
63048.2531 lsst_hardware_r 42.130530847145494 50.22999954223633 31.6299991607666 AB 8.484775766280984 1.0470292171791764
63048.2719 lsst_hardware_i -43.27932895660016 44.380001068115234 31.309999465942383 AB 8.346731864830458 1.0205492172518493
63051.167 lsst_hardware_z -6.062070345486109 112.1500015258789 31.709999084472656 AB 10.153769123493355 1.322622003841781
63053.1615 lsst_hardware_r 82.35241632491795 138.97000122070312 31.59000015258789 AB 6.388975355191606 1.3228605193992433
63053.1807 lsst_hardware_i -105.4939885444406 110.44000244140625 31.309999465942383 AB 5.956386631357944 1.2224079829028478
63061.1594 lsst_hardware_z 21.747843590801338 43.779998779296875 30.93000030517578 AB 9.156230183223824 1.2199631617370523
63061.1769 lsst_hardware_r -15.090820378945333 24.09000015258789 31.489999771118164 AB 8.38612919130065 1.1505710954862158
63063.1608 lsst_hardware_u -1.723611440089725 2.6500000953674316 28.31999969482422 AB 3.3488749225859147 1.1906052520081467
63063.1793 lsst_hardware_g -11.72754425235534 14.960000038146973 31.43000030517578 AB 3.4372878968249276 1.1248590024789094
63066.1661 lsst_hardware_r 1.7314186120423876 24.280000686645508 31.5 AB 3.1928640755421744 1.1408858323111721
63066.1863 lsst_hardware_z -9.904860126505657 42.15999984741211 30.950000762939453 AB 3.45666618039575 1.083368004720774
63070.1554 lsst_hardware_g -5.247854864028112 15.010000228881836 31.420000076293945 AB 6.612886930117285 1.140152918985739
