data/validation/pwv_sim_epoch_fit_4/32739976.ecsv
# %ECSV 0.9
# ---
# datatype:
# - {name: time, datatype: float64}
# - {name: band, datatype: string}
# - {name: flux, datatype: float64}
# - {name: fluxerr, datatype: float64}
# - {name: zp, datatype: float64}
# - {name: zpsys, datatype: string}
# - {name: pwv, datatype: float64}
# - {name: airmass, datatype: float64}
# meta: {SNID: '32739976', alt: 1024.0, c: -0.02663835510611534, dec: 0.0, lat: -30.244573, lon: -70.7499537, ra: 168.222656, t0: 62505.6875,
#   x0: 5.8810743848076355e-06, x1: -1.905128002166748, z: 0.5738893747329712}
# schema: astropy-2.0
time band flux fluxerr zp zpsys pwv airmass
62511.3384 lsst_hardware_r 4968.824833198573 82.16192392471848 32.68000030517578 AB 7.953586230499421 1.165944303815012
62511.3596 lsst_hardware_y 952.7184204874656 84.41421224868932 30.770000457763672 AB 7.8738416235937105 1.1556094992004267
62513.3423 lsst_hardware_z 2253.6485565520848 79.30213346050385 31.690000534057617 AB 6.157901824716827 1.1588072684826547
62516.339 lsst_hardware_i 1298.4029644330044 48.466350060581426 31.239999771118164 AB 6.207057405222744 1.1567023148534479
62516.3588 lsst_hardware_y 417.9907654914497 54.76502054530693 30.0 AB 6.237666747571023 1.1594176110726806
62518.3518 lsst_hardware_i 1238.879120789174 47.46009535267543 31.239999771118164 AB 2.6646829363722344 1.1585577984227107
62518.3707 lsst_hardware_y 395.0306680080204 72.69407426792337 30.020000457763672 AB 2.7068011052549314 1.1768700457630137
62520.3231 lsst_hardware_z 1751.3760061424555 106.55625445157328 31.719999313354492 AB 7.648416099015689 1.1588509240932863
62524.324 lsst_hardware_z 1542.9006711630668 123.742784275693 31.729999542236328 AB 10.420732444335401 1.1556014576339266
62526.3149 lsst_hardware_z 816.2357326070667 61.32976686845318 30.959999084472656 AB 11.327980539586793 1.155916381590489
62526.3347 lsst_hardware_r 556.132330206398 64.54501396015337 31.610000610351562 AB 11.079253315020601 1.1615502339703583
62528.281 lsst_hardware_z 760.8373117195256 52.238900786355096 30.940000534057617 AB 13.580703256380334 1.1796826478983393
62528.2978 lsst_hardware_r 382.682289108267 38.05220791210019 31.549999237060547 AB 13.691113827675439 1.161018217571487
62530.2967 lsst_hardware_i 642.6682297696283 39.99274651037861 31.229999542236328 AB 12.800383395905076 1.1583707938739474
62530.3142 lsst_hardware_u -1.5331848896293845 3.221505384107723 28.399999618530273 AB 12.779689024514878 1.1565678323190662
62532.2937 lsst_hardware_g 37.137757743235255 16.8248167576899 31.420000076293945 AB 12.45362695256718 1.1572658336686892
62532.3133 lsst_hardware_r 204.22471925590628 29.13235890360791 31.489999771118164 AB 12.407400709305342 1.1584063402941291
62534.2941 lsst_hardware_i 443.93988623759395 37.81049973305238 31.229999542236328 AB 9.67948152554112 1.1557589881243129
62534.3124 lsst_hardware_r 192.67485094684108 28.435357313706113 31.479999542236328 AB 9.770609331821792 1.1612093887477617
62536.2923 lsst_hardware_u 10.200646075989727 3.390269003008168 28.399999618530273 AB 9.022478475228262 1.1556168396065754
62536.312 lsst_hardware_g 112.31119561980668 17.908811455713465 31.420000076293945 AB 9.106152250274597 1.1654631719634723
62538.2932 lsst_hardware_r 172.41848353458278 27.501676517644462 31.489999771118164 AB 3.844149699148857 1.1568310861116435
62538.3115 lsst_hardware_i 325.4559186641664 36.70699993996057 31.229999542236328 AB 3.9319082332770643 1.1708205861020473
62542.2917 lsst_hardware_u 2.780417145195686 2.9009188524798004 28.360000610351562 AB 3.426915975100566 1.1620603510005412
62542.3117 lsst_hardware_g 43.83053184891342 15.944835897065364 31.40999984741211 AB 3.5043741511510893 1.1872526768439602
62545.2618 lsst_hardware_r 150.52478943227322 26.963201730350892 31.489999771118164 AB 6.14618830750689 1.156149729438698
62545.278 lsst_hardware_u 3.8430585129221035 3.64244227330999 28.329999923706055 AB 6.147093949310801 1.158499322974096
62547.2673 lsst_hardware_z 356.9904404488318 58.342684392823884 30.959999084472656 AB 3.7826492579823814 1.1564198281817124
62547.2843 lsst_hardware_r 151.91175735070888 54.77513756354594 31.600000381469727 AB 3.864932329489348 1.167829681066402
62549.272 lsst_hardware_i 430.1880239868372 95.96073776908501 31.309999465942383 AB 5.091720068765369 1.161609141163202
62549.2898 lsst_hardware_z 218.6789672787377 84.70696462921475 30.969999313354492 AB 5.2002183161442925 1.182539696678634
62551.2684 lsst_hardware_r 159.41158978130866 165.38738715192326 31.639999389648438 AB 2.9331923538143267 1.1630806015851674
62551.2856 lsst_hardware_z 256.4521074945774 112.87425827856667 30.989999771118164 AB 2.9896804357634004 1.1846183004510749
62553.2697 lsst_hardware_z 108.51408411314941 77.10387109549418 30.979999542236328 AB 5.8822241869201894 1.1698158807265873
62553.2868 lsst_hardware_i 62.946153996389285 85.4418477844787 31.309999465942383 AB 6.17744607667975 1.1969861605063297
62555.2373 lsst_hardware_r 129.68529673997858 54.72420486469099 31.610000610351562 AB 13.47267007911315 1.1556918261899023
62555.2566 lsst_hardware_z 182.1450139361077 53.909324324969596 30.950000762939453 AB 12.419856717356929 1.162363754549081
62558.2375 lsst_hardware_r 79.70056647108996 28.46077165371973 31.510000228881836 AB 6.360648552267265 1.1564815549576846
62558.2556 lsst_hardware_y 138.65454457318594 49.46854661165274 30.010000228881836 AB 7.5730607833499555 1.169298748056453
62560.2373 lsst_hardware_g 52.99429655475102 16.58707660028412 31.420000076293945 AB 6.116197040633772 1.158626661314136
62560.2545 lsst_hardware_r 90.98144090643044 26.734642206167162 31.489999771118164 AB 6.40693472923738 1.1747221725774442
62562.2337 lsst_hardware_i 113.08418963966476 34.46989864403385 31.239999771118164 AB 3.759720724345003 1.1596917718522526
62562.2521 lsst_hardware_z 228.73136078744804 46.19052127175823 30.93000030517578 AB 4.066686649084975 1.1790915190156495
62564.2327 lsst_hardware_r 47.10642772945491 26.571096621262463 31.489999771118164 AB 6.493856004498647 1.1629051194446167
62564.2507 lsst_hardware_u 10.575941224386208 3.9249435775136496 28.350000381469727 AB 6.8687016879107246 1.185621695266523
62565.2305 lsst_hardware_g 52.88646480969668 17.087753764042795 31.420000076293945 AB 12.65578662099733 1.1633493389403498
62565.248 lsst_hardware_i 116.0891184753338 34.34807700478784 31.229999542236328 AB 12.90338859653289 1.18567352889049
62567.2365 lsst_hardware_z 156.24798508869176 45.71043611492826 30.93000030517578 AB 11.388987524832869 1.1762546394064333
62567.254 lsst_hardware_r 82.91307223400918 26.444939711259632 31.479999542236328 AB 11.70400198829616 1.2088309494302527
62569.1998 lsst_hardware_r 90.4081866908735 26.283814772004757 31.489999771118164 AB 10.344998513352044 1.1556290346505096
62569.2193 lsst_hardware_u 5.60452999375396 3.1872216049670943 28.309999465942383 AB 10.272037124540825 1.1631135282274614
62573.1981 lsst_hardware_g 43.929054014157494 17.487974339893256 31.420000076293945 AB 15.999577822748504 1.1569793237095547
62573.2172 lsst_hardware_r 79.06344550471162 26.407864826643408 31.489999771118164 AB 16.12698230205193 1.1723598649354765
62577.2008 lsst_hardware_r -107.09092539836038 100.85978565282421 31.6200008392334 AB 10.020753996526503 1.1661757662230032
62577.22 lsst_hardware_z 149.5348396383528 76.1422702252597 30.969999313354492 AB 9.909027721873109 1.1944343927040761
62579.1959 lsst_hardware_z -14.331284931263884 118.48081518862384 30.989999771118164 AB 7.35776649905435 1.166741962188995
62579.2155 lsst_hardware_i 363.17229831240206 141.83231584389586 31.31999969482422 AB 8.113334130792195 1.1963481595151981
62583.2039 lsst_hardware_y 38.39336087259346 74.53565135962344 30.75 AB 8.146255191281048 1.1949912265338196
62585.1297 lsst_hardware_r -11.66182335606246 32.15999984741211 31.530000686645508 AB 10.06780186766566 1.1735402573336824
62585.1476 lsst_hardware_i 1.4529770333988161 37.88999938964844 31.25 AB 9.827753351873483 1.1578408755741827
62593.1551 lsst_hardware_g 10.730530695181642 15.25 31.399999618530273 AB 9.768185844789796 1.1642652973527765
62593.1767 lsst_hardware_i -4.490663038864124 32.81999969482422 31.229999542236328 AB 9.800615843846138 1.195197054127578
62597.136 lsst_hardware_u 2.3024038624312433 2.759999990463257 28.3799991607666 AB 13.409378721525867 1.158477643328353
62597.1546 lsst_hardware_g -24.667345206901572 15.40999984741211 31.420000076293945 AB 13.6205937876505 1.1762678688760742
62601.13 lsst_hardware_z 47.628035404666555 44.0099983215332 30.940000534057617 AB 5.576767327041793 1.1615845296900214
62601.147 lsst_hardware_r -3.676187770394864 24.649999618530273 31.479999542236328 AB 5.752542078319646 1.1812201392853858
62603.1275 lsst_hardware_z 67.75895110024582 49.310001373291016 30.959999084472656 AB 7.333207326460519 1.1640011629302411
62603.1437 lsst_hardware_r -40.489105685634435 44.65999984741211 31.59000015258789 AB 7.463883094336724 1.1847433483074166
62605.1247 lsst_hardware_i -197.55155953224732 74.98999786376953 31.309999465942383 AB 7.312187521577639 1.1665281874359434
62605.1412 lsst_hardware_z -8.516748335827275 70.12999725341797 30.969999313354492 AB 5.877035252065763 1.189964280106455
62607.0796 lsst_hardware_r -25.204459377593356 139.77000427246094 31.639999389648438 AB 19.343729896913505 1.1629205619246115
62607.0974 lsst_hardware_z 185.4838665459418 96.58999633789062 30.989999771118164 AB 18.42187929873323 1.1555805101139656
62609.1234 lsst_hardware_y 91.68134513495373 62.90999984741211 30.020000457763672 AB 13.31742628531503 1.1785332995854008
62609.1409 lsst_hardware_r -40.90214856466167 123.08999633789062 31.6200008392334 AB 14.296781198256147 1.2125849875538843
62613.119 lsst_hardware_i -62.83778120018449 43.79999923706055 31.270000457763672 AB 10.867938407873106 1.1893125856722595
62613.1366 lsst_hardware_z 34.544485135606244 49.84000015258789 30.940000534057617 AB 12.516582560460943 1.2299496448151077
62617.0864 lsst_hardware_u -1.517087967995546 2.740000009536743 28.389999389648438 AB 11.38417957995357 1.1616509775462824
62617.1048 lsst_hardware_r 19.58749306084618 24.520000457763672 31.479999542236328 AB 11.599485925158618 1.1836210127712874
62621.0839 lsst_hardware_r 2.8226374014593905 24.690000534057617 31.5 AB 12.360933358633442 1.1696568280312079
62621.1022 lsst_hardware_u -2.056889930936006 2.7699999809265137 28.389999389648438 AB 12.48949845892955 1.199183721452669
62624.0806 lsst_hardware_g -15.239128468195915 15.380000114440918 31.43000030517578 AB 15.266382415762243 1.1758823389014212
62624.0988 lsst_hardware_r -15.545578158867885 24.860000610351562 31.489999771118164 AB 16.02327650085309 1.2098517442504597
62626.0773 lsst_hardware_i -24.646337007504126 32.970001220703125 31.239999771118164 AB 10.635269126002443 1.1790110443991333
62626.0948 lsst_hardware_z -26.506319603728514 44.5099983215332 30.93000030517578 AB 11.233721113169867 1.2133632165439998
62628.0784 lsst_hardware_r -17.939461158111964 24.68000030517578 31.479999542236328 AB 7.539054366527306 1.1899699102718502
62628.0971 lsst_hardware_g 9.470865731589013 15.34000015258789 31.399999618530273 AB 8.218391835315739 1.234131746865749
62629.0439 lsst_hardware_u -0.4489580580563907 2.9100000858306885 28.40999984741211 AB 11.921761683617394 1.1565542960435966
62629.0611 lsst_hardware_r 7.0271920971095 25.530000686645508 31.489999771118164 AB 11.932351293781997 1.1685781308179413
62634.9984 lsst_hardware_y -28.33296208981267 60.22999954223633 30.020000457763672 AB 8.417979757223826 1.1673803574017565
62635.0171 lsst_hardware_r 26.339225173840596 100.0199966430664 31.6299991607666 AB 6.80468460026756 1.155932322634326
62638.0017 lsst_hardware_i -98.38800080810937 103.98999786376953 32.060001373291016 AB 10.395050311293856 1.1584164831218429
62638.0213 lsst_hardware_z 50.85779480719017 93.16000366210938 31.719999313354492 AB 10.542417932612018 1.1572357774546673
62642.9973 lsst_hardware_r -5.591900586015491 25.389999389648438 31.5 AB 6.307609558132686 1.1556631656527456
62643.0162 lsst_hardware_i 38.25078985958798 33.060001373291016 31.239999771118164 AB 5.343031218816137 1.162265469514976
62644.9612 lsst_hardware_y -23.977118162247034 52.08000183105469 30.010000228881836 AB 9.351458353311873 1.1801933052852784
62644.9804 lsst_hardware_z 52.23909870544737 43.86000061035156 30.940000534057617 AB 9.199075950555422 1.159644837871513
62646.9615 lsst_hardware_y 40.11188691175498 51.349998474121094 30.0 AB 6.7572330155814395 1.1721471593133683
62646.9823 lsst_hardware_u 1.10454106593361 2.869999885559082 28.43000030517578 AB 6.658893116130846 1.1563924369547056
62650.9606 lsst_hardware_y 44.90893314379593 52.099998474121094 30.010000228881836 AB 10.989727544025211 1.1620118999762317
62650.9808 lsst_hardware_r -3.921653772582806 25.729999542236328 31.5 AB 11.06913621040662 1.1558644818469148
62652.966 lsst_hardware_z 57.52460699229723 65.18000030517578 31.690000534057617 AB 7.953135460083468 1.1563711714365532
62655.9578 lsst_hardware_y -43.2179141848944 53.650001525878906 30.010000228881836 AB 13.413935231121044 1.1563737268207797
62655.9784 lsst_hardware_g 5.979445069237993 16.579999923706055 31.450000762939453 AB 12.534249178844947 1.1605786276708283
62657.9579 lsst_hardware_y 62.74356779149278 54.599998474121094 30.010000228881836 AB 5.703217875101938 1.1555891952792852
62657.9778 lsst_hardware_i -35.744337449533255 34.15999984741211 31.239999771118164 AB 5.007088769646213 1.1644392487549333
62873.3345 lsst_hardware_z -8.480372752319527 55.95000076293945 30.959999084472656 AB 8.084038641019403 1.1824532385693909
62873.3564 lsst_hardware_y -25.361878876187202 56.47999954223633 30.020000457763672 AB 7.893144541561934 1.1588818883514767
62875.3393 lsst_hardware_i 35.8006848387575 78.18000030517578 31.31999969482422 AB 8.56621609334588 1.1685187350250148
62875.3598 lsst_hardware_y -114.7408391494609 66.23999786376953 30.030000686645508 AB 8.483807796163758 1.1557796370960116
62880.3578 lsst_hardware_i -74.12369222971522 76.44999694824219 31.309999465942383 AB 7.924580397641476 1.1571827590315864
62882.3501 lsst_hardware_g 40.61568615413791 39.459999084472656 31.639999389648438 AB 5.171545219198937 1.1564278218244493
62882.3685 lsst_hardware_y -18.84581055631249 68.66000366210938 30.020000457763672 AB 5.202968743232165 1.1695568881834628
62884.3515 lsst_hardware_i 35.07699994888243 33.959999084472656 31.25 AB 7.748818585452694 1.1594675988557208
62884.3717 lsst_hardware_y -117.53863968342495 70.83999633789062 30.020000457763672 AB 7.8858164280576855 1.181366222275252
62886.2973 lsst_hardware_z 5.446505387727594 44.09000015258789 30.93000030517578 AB 12.775141893734393 1.1852796759252016
62886.317 lsst_hardware_u -1.5230561646251788 2.740000009536743 28.360000610351562 AB 12.481534742259289 1.1613971101013651
62888.3235 lsst_hardware_g 0.4912724136850842 15.270000457763672 31.43000030517578 AB 10.894400916713447 1.1559046065478458
62888.3435 lsst_hardware_r 50.18965997135065 24.6200008392334 31.489999771118164 AB 10.364921510528294 1.1614224977247556
62890.3233 lsst_hardware_i 86.20370146534306 32.25 31.239999771118164 AB 9.20038312525726 1.1555729739388108
62890.3439 lsst_hardware_z 25.106533699338478 43.279998779296875 30.940000534057617 AB 8.51240682605772 1.1665625361186407
62892.3197 lsst_hardware_i 16.601324715895238 32.599998474121094 31.239999771118164 AB 14.00432617813372 1.155758535787218
62892.3405 lsst_hardware_u -7.7338243084031095 2.7100000381469727 28.350000381469727 AB 16.35551332788215 1.1687588055201712
62894.3236 lsst_hardware_r -5.242785766175035 24.649999618530273 31.489999771118164 AB 13.561581028720022 1.15910948963419
62894.3422 lsst_hardware_z -19.386721605931044 43.869998931884766 30.93000030517578 AB 13.904606374344342 1.1780070635272877
62896.2904 lsst_hardware_i -58.142974217497404 32.59000015258789 31.25 AB 14.419170935699382 1.1608859525554687
62896.309 lsst_hardware_r 35.14886831732433 24.530000686645508 31.489999771118164 AB 12.881560645335574 1.1557892954698705
62898.29 lsst_hardware_u 0.2695649691544559 2.809999942779541 28.43000030517578 AB 12.374677232908356 1.157918708047942
62898.3078 lsst_hardware_g 7.418069774702919 15.25 31.40999984741211 AB 11.581289476426777 1.1568564055965036
62907.2954 lsst_hardware_r -138.12649214913043 133.3699951171875 31.6299991607666 AB 3.414809208668436 1.1645365040360802
62907.3146 lsst_hardware_i -31.77671127507273 111.44999694824219 31.309999465942383 AB 3.4836453444572535 1.1911934841707248
62909.271 lsst_hardware_z -99.41637635715026 61.40999984741211 30.969999313354492 AB 6.315624067412637 1.1555436954373053
