data/validation/pwv_sim_epoch_fit_4/32846698.ecsv
# %ECSV 0.9
# ---
# datatype:
# - {name: time, datatype: float64}
# - {name: band, datatype: string}
# - {name: flux, datatype: float64}
# - {name: fluxerr, datatype: float64}
# - {name: zp, datatype: float64}
# - {name: zpsys, datatype: string}
# - {name: pwv, datatype: float64}
# - {name: airmass, datatype: float64}
# meta: {SNID: '32846698', alt: 1024.0, c: 0.005630701780319214, dec: -23.155577, lat: -30.244573, lon: -70.7499537, ra: 144.492188, t0: 62519.25,
#   x0: 2.794377026367194e-06, x1: -0.006185437086969614, z: 0.7780919075012207}
# schema: astropy-2.0
time band flux fluxerr zp zpsys pwv airmass
[from data line 133]
62883.2319 lsst_hardware_g 48.40566031661143 20.700000762939453 31.579999923706055 AB 3.4012274572432357 1.0382257195492173
62884.2434 lsst_hardware_g -3.667108810569636 15.300000190734863 31.489999771118164 AB 6.829040532293353 1.0211394904490885
62884.2618 lsst_hardware_r 11.569807575237094 23.959999084472656 31.530000686645508 AB 7.4324544306308695 1.0092501376858103
62887.2201 lsst_hardware_g -4.849782754418118 19.079999923706055 32.15999984741211 AB 12.286412000631268 1.0395181905886914
62887.2398 lsst_hardware_i 29.779958438897143 42.2400016784668 32.0 AB 12.022894347606481 1.0171223169583763
62888.2297 lsst_hardware_r 17.871911680493508 22.219999313354492 31.489999771118164 AB 9.727221713998155 1.0239180751577006
62888.2488 lsst_hardware_g 16.13324588535392 13.569999694824219 31.40999984741211 AB 9.595350955151043 1.0100369426474782
62890.2269 lsst_hardware_r 35.30138985969375 22.15999984741211 31.489999771118164 AB 10.347319209627836 1.0212514024504458
62890.2472 lsst_hardware_i 35.58949807568244 29.809999465942383 31.25 AB 10.2421877961531 1.0086850301509849
62895.115 lsst_hardware_i 7.0056588128727 33.779998779296875 31.219999313354492 AB 15.583961996432588 1.3333300818303038
62895.1328 lsst_hardware_z 2.419606126015423 43.650001525878906 30.93000030517578 AB 12.306726283972623 1.2338704092077926
62896.2009 lsst_hardware_r 4.440317432420275 22.479999542236328 31.510000228881836 AB 12.724690534551922 1.0320524380187293
62896.2182 lsst_hardware_i -24.727083375562643 30.1200008392334 31.260000228881836 AB 12.437223781979956 1.0148969466309399
62906.1151 lsst_hardware_z 43.266397919289915 80.23999786376953 30.979999542236328 AB 7.048101808801438 1.1794012397592768
62906.1335 lsst_hardware_i 48.841820105841684 90.91000366210938 31.329999923706055 AB 6.247312817414623 1.1155915745383256
62907.1717 lsst_hardware_r 163.4425989558944 89.43000030517578 31.65999984741211 AB 3.35036033155739 1.0309858441555206
62907.1896 lsst_hardware_z -40.91198642258176 64.98999786376953 30.989999771118164 AB 3.2694088447024012 1.0139273824476438
62910.1139 lsst_hardware_u -2.454319890413877 4.090000152587891 28.700000762939453 AB 3.917799449220546 1.1433266875157193
62910.1339 lsst_hardware_g 17.324192838037057 31.1299991607666 31.649999618530273 AB 4.05810736654837 1.0850554456011496
62911.1692 lsst_hardware_z 12.138884619781425 42.869998931884766 30.959999084472656 AB 1.5906279858562167 1.0215979356815779
62911.1862 lsst_hardware_i -64.61253574855722 35.689998626708984 31.280000686645508 AB 1.4817689639202727 1.0099527187915072
62912.1087 lsst_hardware_r 53.94570543179676 23.049999237060547 31.479999542236328 AB 1.6910879376365144 1.142434006172278
62912.1276 lsst_hardware_i 3.5950263193344156 30.81999969482422 31.25 AB 3.1417591474240836 1.0871138918422434
62924.1276 lsst_hardware_z -74.79058100794397 40.869998931884766 30.950000762939453 AB 7.96099592587596 1.0281539359261218
62924.1454 lsst_hardware_i -37.26058135124879 30.239999771118164 31.260000228881836 AB 7.848872537992991 1.0125617671409393
62926.1318 lsst_hardware_z 14.06743391581707 41.630001068115234 30.950000762939453 AB 4.143216391299565 1.0183646039817047
62926.1504 lsst_hardware_g 23.277272359742632 17.65999984741211 31.530000686645508 AB 4.100698353385125 1.0082858011765738
62932.0046 lsst_hardware_y -38.53332922161445 87.55999755859375 29.940000534057617 AB 9.002456257368578 1.397951202666032
62932.0248 lsst_hardware_z -121.04709937125878 76.58999633789062 30.959999084472656 AB 8.206076226534737 1.2696025723732711
62936.1101 lsst_hardware_i -104.10529064078244 69.81999969482422 31.34000015258789 AB 7.6316843913191725 1.0141324049414349
62936.1282 lsst_hardware_z 1.9957054295842516 63.20000076293945 30.989999771118164 AB 7.67160445195924 1.0074773838153441
62942.0868 lsst_hardware_r -15.424374126840116 22.520000457763672 31.5 AB 7.813829869462445 1.0195054846426153
62942.1072 lsst_hardware_i 8.186257400819144 30.09000015258789 31.260000228881836 AB 7.673524515025283 1.0081708655985007
62945.9934 lsst_hardware_y -77.61036537809926 70.2300033569336 30.0 AB 4.992433864433236 1.234579532069382
62946.0119 lsst_hardware_i -10.434217462183664 31.809999465942383 31.25 AB 4.2679152693915166 1.1564076777614296
62947.0664 lsst_hardware_g 6.282663199188296 13.859999656677246 31.459999084472656 AB 4.030989392584185 1.026306388674578
62947.0857 lsst_hardware_r 19.570557654011814 22.43000030517578 31.520000457763672 AB 5.301274892583981 1.0109219856186082
62947.9922 lsst_hardware_y 38.66845328584331 70.79000091552734 30.010000228881836 AB 6.839594958460856 1.2145245420334083
62948.0103 lsst_hardware_r -6.535671827490044 23.280000686645508 31.489999771118164 AB 6.96220451542465 1.1427812850179981
62949.0809 lsst_hardware_i 0.4109113648919342 30.15999984741211 31.260000228881836 AB 4.254260951455659 1.0106133112435185
62949.1002 lsst_hardware_z 48.000632681069725 40.689998626708984 30.959999084472656 AB 5.534591915953119 1.0078011409756622
62951.9902 lsst_hardware_z -43.666768513978035 57.33000183105469 30.969999313354492 AB 7.177268828037895 1.1766014472193271
62952.0083 lsst_hardware_i 20.20709403079175 31.229999542236328 31.25 AB 6.123708801083245 1.1143978042947322
62953.0728 lsst_hardware_g -21.159797448304673 13.800000190734863 31.450000762939453 AB 7.202040753385433 1.0094549908383301
62953.0915 lsst_hardware_r -18.544473536850706 22.350000381469727 31.510000228881836 AB 8.202894094646918 1.0082426419723756
62953.9889 lsst_hardware_y -82.45350389318585 62.58000183105469 30.020000457763672 AB 8.573353421618785 1.1606525390277813
62954.0062 lsst_hardware_r -41.802272493555805 25.219999313354492 31.520000457763672 AB 7.180944160674613 1.1047606401037866
62955.0545 lsst_hardware_i 51.42762107481049 32.36000061035156 31.270000457763672 AB 5.122750880056126 1.0168223263311087
62955.0738 lsst_hardware_r 46.48768233386561 27.079999923706055 31.559999465942383 AB 4.9945078903069415 1.0077699536535079
62955.9873 lsst_hardware_y -19.635659888676358 60.720001220703125 30.030000686645508 AB 10.166118908126938 1.1467703224058463
62956.0055 lsst_hardware_r 13.269484547163868 33.0 31.56999969482422 AB 6.536756608124583 1.0920378574063065
62957.0504 lsst_hardware_z 33.22634405466556 45.5 30.969999313354492 AB 5.282077161607387 1.015784069539882
62957.0698 lsst_hardware_g 83.06454739886333 38.9900016784668 31.709999084472656 AB 5.239386991760799 1.0075744214924613
62959.0518 lsst_hardware_r -51.19210909005343 66.54000091552734 31.649999618530273 AB 6.2092426399229375 1.01148322377079
62959.0694 lsst_hardware_i -24.013361053817572 56.060001373291016 31.329999923706055 AB 6.098952816473713 1.0074253083042142
62961.9843 lsst_hardware_y -8.760473102649605 64.70999908447266 30.040000915527344 AB 9.241782783588194 1.1049147004917281
62962.0022 lsst_hardware_r 89.31689895011974 99.29000091552734 31.649999618530273 AB 8.604643134410473 1.0623016215321572
62963.0295 lsst_hardware_i -27.46550098768734 80.91000366210938 31.34000015258789 AB 10.861402918626649 1.0194671408510039
62963.0493 lsst_hardware_z -32.709511585057506 71.69000244140625 31.0 AB 10.925600030279291 1.0082997536173093
62971.0198 lsst_hardware_r -40.04525143193451 22.059999465942383 31.5 AB 11.463320437302718 1.0110977232461051
62971.0368 lsst_hardware_i -46.48264339008631 29.8799991607666 31.260000228881836 AB 11.4361355295264 1.0074337022508775
62972.98 lsst_hardware_y 97.03335548207137 69.2300033569336 30.799999237060547 AB 15.087463171347276 1.047886037737691
62973.0021 lsst_hardware_g 12.145894606644797 18.940000534057617 32.16999816894531 AB 13.533006497229524 1.01955072115339
62976.0014 lsst_hardware_u -4.31259226785568 2.7799999713897705 28.549999237060547 AB 7.015418273083329 1.0137887677866082
62976.0199 lsst_hardware_g -22.41074475422115 13.529999732971191 31.440000534057617 AB 7.018427702792715 1.0074177633462826
62977.9987 lsst_hardware_r -4.711421923239056 22.239999771118164 31.510000228881836 AB 9.239009739021126 1.0121337319881822
62978.0164 lsst_hardware_z 14.87594295707847 40.5099983215332 30.959999084472656 AB 9.463057592718908 1.007386990460123
62999.9542 lsst_hardware_z 26.28974782416463 67.12000274658203 30.989999771118164 AB 8.517785124559305 1.0074257982920527
62999.9733 lsst_hardware_r 3.8172228335822336 22.6299991607666 31.510000228881836 AB 7.372403309177719 1.0122756157047823
