data/validation/pwv_sim_epoch_fit_4/32900909.ecsv
# %ECSV 0.9
# ---
# datatype:
# - {name: time, datatype: float64}
# - {name: band, datatype: string}
# - {name: flux, datatype: float64}
# - {name: fluxerr, datatype: float64}
# - {name: zp, datatype: float64}
# - {name: zpsys, datatype: string}
# - {name: pwv, datatype: float64}
# - {name: airmass, datatype: float64}
# meta: {SNID: '32900909', alt: 1024.0, c: 0.03948146849870682, dec: -12.941632, lat: -30.244573, lon: -70.7499537, ra: 172.089844, t0: 62922.6484375,
#   x0: 4.275410618364065e-06, x1: -0.7786879539489746, z: 0.6543806791305542}
# schema: astropy-2.0
time band flux fluxerr zp zpsys pwv airmass
62882.3565 lsst_hardware_g -44.732462810946906 41.650001525878906 31.690000534057617 AB 4.676748351281961 1.0464865408999688
62884.3464 lsst_hardware_i -20.643152884441974 32.630001068115234 31.270000457763672 AB 6.982606604191872 1.0465537476306763
62884.3667 lsst_hardware_y -2.104164027933745 59.2400016784668 30.059999465942383 AB 7.023254340551086 1.0520941263652288
62886.3296 lsst_hardware_u 2.9477162506443233 2.799999952316284 28.479999542236328 AB 11.397422253460293 1.050042356999366
62886.3499 lsst_hardware_z 44.435059380424384 41.59000015258789 30.950000762939453 AB 10.160039620368353 1.047129898262694
62892.3241 lsst_hardware_i 11.760449730279895 31.225460185683346 31.25 AB 12.713051984883256 1.0466001469402533
62892.3449 lsst_hardware_u 7.72237048527417 2.827837070978211 28.459999084472656 AB 14.71798652004856 1.0521176779270647
62898.3176 lsst_hardware_g 34.03251234947667 14.9186384472269 31.450000762939453 AB 10.38857205967623 1.0472350866609104
62898.3361 lsst_hardware_r 22.508084932394237 23.980915759184413 31.5 AB 12.391782042059102 1.0581318454495008
62907.291 lsst_hardware_r 570.5182245922797 118.48374503937653 31.65999984741211 AB 3.593698237094269 1.0468098564212607
62907.3102 lsst_hardware_i 588.7676829644639 100.04030606924638 31.34000015258789 AB 3.083905677505407 1.0569163229012648
62909.2962 lsst_hardware_r 765.4745597940876 83.26446783392619 31.649999618530273 AB 6.408099473758783 1.050723422629039
62909.3132 lsst_hardware_z 456.92934491429355 66.16597356680765 30.979999542236328 AB 6.465933276631154 1.0658131774666852
62911.28 lsst_hardware_z 585.151070032013 52.079542825796686 30.959999084472656 AB 3.6613410054420146 1.0467952936553935
62911.2976 lsst_hardware_g 240.96778521052173 41.00997854052625 31.68000030517578 AB 2.796316289646663 1.0554792235707495
62913.2237 lsst_hardware_r 1107.967224909036 41.794223340844816 31.520000457763672 AB 4.316229141840901 1.0867323325588907
62913.24 lsst_hardware_z 814.0062048295861 50.007827274349225 30.950000762939453 AB 4.049025317867228 1.0630153105453475
62920.2662 lsst_hardware_i 1421.7522862781098 47.519462933174175 31.260000228881836 AB 11.202097050185511 1.0507383854348815
62920.2858 lsst_hardware_z 971.2484748872355 51.56123677731014 30.950000762939453 AB 11.43087803083283 1.0691556873060684
62924.2359 lsst_hardware_u 1.5114667875744603 2.8302931590732503 28.459999084472656 AB 6.01250579144693 1.0466998810022075
62924.2544 lsst_hardware_g 196.33093000762463 20.395002677707822 31.450000762939453 AB 6.217507133038168 1.0502545832834744
62926.2426 lsst_hardware_r 1145.6327343097832 41.81033747950532 31.5 AB 3.7050825477634275 1.0476199475297157
62926.261 lsst_hardware_z 1045.155346454151 52.139715853260554 30.940000534057617 AB 4.118501494552835 1.059421606315842
62928.2415 lsst_hardware_r 1132.7430347960892 40.75110644006865 31.510000228881836 AB 5.475011485820466 1.0492715456335637
62928.2585 lsst_hardware_y 441.1487689149935 51.23465503021216 30.040000915527344 AB 6.223736195560132 1.0625243184908464
62931.231 lsst_hardware_z 952.0306466950049 66.21334843323245 30.979999542236328 AB 8.227823896681608 1.048308489341919
62931.2498 lsst_hardware_r 967.5493732744736 82.01331919816097 31.639999389648438 AB 8.37324386905312 1.0619654860555945
62933.2288 lsst_hardware_i 1118.6199393373977 106.10947428872603 31.34000015258789 AB 11.326875914598903 1.0497243750207501
62933.2472 lsst_hardware_z 1162.7918100222817 89.92875354073844 31.0 AB 11.500440011849468 1.0652336488429017
62936.2299 lsst_hardware_r 811.6486539255565 125.24434850090269 31.65999984741211 AB 9.028699396221175 1.055936774569034
62936.2485 lsst_hardware_z 932.3251010478157 89.02898814435598 31.0 AB 9.234165350701105 1.0784426686950195
62938.215 lsst_hardware_z 1796.7636403396114 86.3970173284786 31.729999542236328 AB 14.397005854986709 1.0496504706172871
62940.2056 lsst_hardware_r 585.597546891986 44.83570301607773 31.600000381469727 AB 10.65389407180768 1.0480099095146769
62940.2242 lsst_hardware_z 770.4144893617889 52.42426024468092 30.959999084472656 AB 9.701644465956694 1.0608687223572109
62942.2046 lsst_hardware_r 466.10561536594537 32.401189460466846 31.520000457763672 AB 9.001399500863913 1.0499095469602808
62942.2231 lsst_hardware_u 0.7708441148073346 3.1227374657544673 28.530000686645508 AB 8.770229222368632 1.0658033385834482
62945.1895 lsst_hardware_g 31.519066378354836 16.14673375323528 31.489999771118164 AB 5.426644644013965 1.0472778341615887
62945.2089 lsst_hardware_r 388.33460478153114 30.704904554878144 31.530000686645508 AB 5.279035462750713 1.0591965214186987
62947.1883 lsst_hardware_i 551.4470585761246 38.690570961687364 31.270000457763672 AB 4.947640746245726 1.0486918476542804
62947.2076 lsst_hardware_z 608.0162421688298 48.31870278844196 30.959999084472656 AB 5.101826196782567 1.0636190820255238
62951.139 lsst_hardware_g 8.63864448397629 16.242863099355034 31.459999084472656 AB 8.284837414564825 1.0600634320496831
62951.1565 lsst_hardware_i 444.91511325891946 37.06701867077926 31.260000228881836 AB 8.189747958967104 1.0481200395414625
62953.1742 lsst_hardware_z 463.3148583975487 46.56608878244944 30.959999084472656 AB 7.5615133298497605 1.0497242012748396
62953.1929 lsst_hardware_r 205.8022897084303 27.548139239322726 31.520000457763672 AB 7.637510791502624 1.0656000546231765
62955.1746 lsst_hardware_y 227.3062811273363 49.22959901128193 30.049999237060547 AB 7.148603990585802 1.0532659817917567
62955.1916 lsst_hardware_g 18.13466453324283 16.641165928140314 31.469999313354492 AB 7.273976632533233 1.0709886823685202
62961.1437 lsst_hardware_r 89.92904231445814 111.45942891196732 31.65999984741211 AB 7.370496636565158 1.0468216314212557
62961.1611 lsst_hardware_z 439.16448938299914 81.05981647383268 30.989999771118164 AB 7.39417692927453 1.0554816828598366
62963.1436 lsst_hardware_z 378.48174636725116 103.52992985313551 31.0 AB 10.597890020506542 1.0482927251646816
62963.1628 lsst_hardware_i 270.74587086771277 124.1215499942367 31.34000015258789 AB 10.841453601037186 1.0623668398860544
62964.1453 lsst_hardware_z 252.3456919464084 91.17120002121928 31.0 AB 7.935606047136071 1.050308523213033
62964.1648 lsst_hardware_r 123.00339245454734 136.41094490437516 31.65999984741211 AB 8.034696330764474 1.0680175901587763
62969.1303 lsst_hardware_r 130.2507353412838 32.339111197547005 31.56999969482422 AB 8.956299125608545 1.0496175546394115
62969.1488 lsst_hardware_i 144.76297062531543 38.80063308334989 31.280000686645508 AB 8.996552563213768 1.0651009348714011
62971.1317 lsst_hardware_z 262.5757640621418 44.215875512629005 30.950000762939453 AB 11.116937004531266 1.0538379945522103
62971.1486 lsst_hardware_r 91.31301044086646 25.327371257822577 31.5 AB 11.356712420794738 1.0719441616682936
62974.1291 lsst_hardware_u -2.3398347258589745 3.3664924170407806 28.549999237060547 AB 12.420129528178048 1.0585939139875602
62974.1468 lsst_hardware_r 85.40051717483628 25.174806452895222 31.510000228881836 AB 12.722216844291571 1.0817904972329218
62976.1177 lsst_hardware_i 89.02888880776699 32.96068760921234 31.260000228881836 AB 7.182440556559786 1.0535814815382423
62976.1362 lsst_hardware_z 187.83028248095044 43.93320726200731 30.950000762939453 AB 6.861282905719413 1.0737391905248101
62978.1146 lsst_hardware_r 15.877300682676218 25.083054100362105 31.510000228881836 AB 9.602145266579242 1.0554127573729657
62978.1324 lsst_hardware_u 5.359965369418663 3.265581459607367 28.489999771118164 AB 10.941660647520544 1.076220094673376
62982.0575 lsst_hardware_g 13.618235590031606 26.414670132408617 32.630001068115234 AB 11.6107322255201 1.057058651267307
62982.0831 lsst_hardware_r 163.98844207811155 34.893003823616105 32.25 AB 11.204239173960753 1.0464405691566967
62985.0876 lsst_hardware_r 90.47596823005996 30.719986361281055 31.559999465942383 AB 9.25992173555694 1.050115869307886
62985.1058 lsst_hardware_i 50.603693959724055 35.44291920983316 31.270000457763672 AB 9.384371036741404 1.0659313794134886
62992.0782 lsst_hardware_z 119.34368351992407 79.74251788294777 31.0 AB 3.820261638442989 1.0569754602350794
62992.0976 lsst_hardware_r -23.300034149659734 118.27102480859222 31.649999618530273 AB 3.8869262274345444 1.0817048870411534
62994.0812 lsst_hardware_r 56.5431326553941 87.39405403532665 31.649999618530273 AB 10.959234335832559 1.0659005675959694
62994.1029 lsst_hardware_z 88.54106133487122 63.616340445124756 30.979999542236328 AB 11.393672844916063 1.1022579340454106
62996.0512 lsst_hardware_g 35.74340819915145 38.72904392432803 31.690000534057617 AB 7.66845864698596 1.047532087560407
62996.0633 lsst_hardware_r 115.20610729800028 46.95138567772416 31.6200008392334 AB 7.609549911331192 1.0537353612589064
63000.0057 lsst_hardware_r 46.04927167320055 24.502690678768086 31.510000228881836 AB 6.23694170309644 1.0595631184828973
63000.0246 lsst_hardware_i 108.71523960380827 32.32318592386725 31.260000228881836 AB 6.166775453398756 1.0475094548911468
63007.9961 lsst_hardware_r 11.329431423154823 23.889999389648438 31.510000228881836 AB 5.964246989698558 1.0502283834652597
63008.0149 lsst_hardware_u 2.164192935465297 2.75 28.440000534057617 AB 4.766600717794254 1.046741854031129
63013.9976 lsst_hardware_i -6.002246745581158 34.380001068115234 31.280000686645508 AB 6.756925169628492 1.0466117053327648
63014.0186 lsst_hardware_z 30.913572991744743 43.38999938964844 30.959999084472656 AB 7.4998775317579405 1.0574005190875106
63015.9669 lsst_hardware_y -61.403818598541676 51.72999954223633 30.049999237060547 AB 10.097820057115243 1.0551536109838289
63015.99 lsst_hardware_r -3.1091942934127275 53.4900016784668 31.639999389648438 AB 10.039424347868527 1.0464273866863172
63017.9652 lsst_hardware_y -4.913086476775463 57.08000183105469 30.049999237060547 AB 7.241962397457527 1.0523813699713196
63017.9859 lsst_hardware_r -25.126313163242084 81.51000213623047 31.649999618530273 AB 7.174456915562026 1.0465256969677097
63020.964 lsst_hardware_y -71.00135667103085 55.40999984741211 30.049999237060547 AB 11.325278959993447 1.048636940740134
63020.9845 lsst_hardware_z 10.465913252667455 62.290000915527344 30.989999771118164 AB 11.318720297414085 1.0480296571679708
63022.952 lsst_hardware_y 2.995907330418216 68.66999816894531 30.06999969482422 AB 5.160821613988129 1.0520837756159547
63022.972 lsst_hardware_z 68.68222349361504 54.939998626708984 30.979999542236328 AB 4.499963247841782 1.0465030808934377
