data/validation/pwv_sim_epoch_fit_4/32912449.ecsv
# %ECSV 0.9
# ---
# datatype:
# - {name: time, datatype: float64}
# - {name: band, datatype: string}
# - {name: flux, datatype: float64}
# - {name: fluxerr, datatype: float64}
# - {name: zp, datatype: float64}
# - {name: zpsys, datatype: string}
# - {name: pwv, datatype: float64}
# - {name: airmass, datatype: float64}
# meta: {SNID: '32912449', alt: 1024.0, c: -0.0519021637737751, dec: -37.1689, lat: -30.244573, lon: -70.7499537, ra: 5.449219, t0: 60972.96484375,
#   x0: 2.0867908231211967e-05, x1: -0.17544682323932648, z: 0.33687257766723633}
# schema: astropy-2.0
time band flux fluxerr zp zpsys pwv airmass
60849.2984 lsst_hardware_r 5.054464093833201 24.06999969482422 31.40999984741211 AB 3.983280119327716 1.481323956611274
60849.3364 lsst_hardware_i 21.11970335830122 32.09000015258789 31.219999313354492 AB 4.260639833987962 1.2465300860116915
60856.325 lsst_hardware_z 27.295534200492387 43.43000030517578 30.93000030517578 AB 4.2436494557986695 1.2124712730853342
60856.3441 lsst_hardware_r 32.29970244217757 22.700000762939453 31.469999313354492 AB 4.033446506263953 1.142619406873641
60860.3406 lsst_hardware_r -34.369612679109416 22.56999969482422 31.469999313354492 AB 8.04778054634555 1.1203536764481357
60860.3743 lsst_hardware_u -7.5437320632101255 4.5 29.579999923706055 AB 7.598156942182542 1.047263284129841
60860.4016 lsst_hardware_y 50.20366523071952 65.75 30.799999237060547 AB 6.417224708292915 1.0162948912463046
60861.3655 lsst_hardware_r -31.329462725791096 22.31999969482422 31.489999771118164 AB 4.838157123931813 1.057366603904381
60861.3834 lsst_hardware_u -0.2860159804615588 2.7100000381469727 28.489999771118164 AB 4.3058426971163 1.0310308762922733
60863.3345 lsst_hardware_r -19.642113445494214 45.400001525878906 31.600000381469727 AB 1.7312273331445747 1.1145240342132454
60863.3531 lsst_hardware_i 67.24386604504534 40.779998779296875 31.290000915527344 AB 1.661200129884184 1.0704758650312285
60870.2709 lsst_hardware_i 160.0784409053678 70.51000213623047 31.280000686645508 AB 8.060766093071798 1.2868914137811691
60870.291 lsst_hardware_z 33.9838946024789 63.970001220703125 30.959999084472656 AB 7.451172084037904 1.195343239598605
60877.4145 lsst_hardware_g 11.79067176656754 13.760000228881836 31.40999984741211 AB 6.0482947907429025 1.0228809049117034
60877.4259 lsst_hardware_r -35.29910534160208 22.68000030517578 31.489999771118164 AB 6.4886190458437465 1.0357347134113486
60884.1446 lsst_hardware_r 11.989863800912639 24.65999984741211 31.25 AB 8.373561781466485 2.2631248058017523
60884.1586 lsst_hardware_u -0.33637123541050873 1.9700000286102295 27.600000381469727 AB 7.387477031484894 1.9966154139148362
60886.4153 lsst_hardware_z -12.263244747017152 41.18000030517578 30.950000762939453 AB 4.938873755615471 1.0571030958242336
60886.4274 lsst_hardware_u -5.4744530619937155 3.380000114440918 28.6200008392334 AB 4.084644558134558 1.0810227757402562
60888.2504 lsst_hardware_r -51.71127489841581 22.770000457763672 31.469999313354492 AB 5.1394466579608045 1.1636922128293454
60888.2701 lsst_hardware_i -6.955827456750782 30.709999084472656 31.239999771118164 AB 4.880132992268243 1.1042690433553122
60894.3896 lsst_hardware_z -32.35367936169827 54.779998779296875 30.979999542236328 AB 3.2716916515612415 1.0505552385201065
60894.4008 lsst_hardware_r -32.57426593062936 57.06999969482422 31.6299991607666 AB 3.4002840155619745 1.0709837052611273
60897.2597 lsst_hardware_r 145.69880548975405 112.61000061035156 31.649999618530273 AB 4.430712188114204 1.0716440169583272
60897.2786 lsst_hardware_i -79.62801654138252 86.8499984741211 31.34000015258789 AB 4.274875640310765 1.039420251731996
60897.3954 lsst_hardware_z -13.244109661963623 105.9000015258789 31.739999771118164 AB 5.599190643967864 1.0767674315322815
60899.3875 lsst_hardware_r 55.047501554358654 78.43000030517578 31.649999618530273 AB 3.1079137432156805 1.0716943942123036
60899.3993 lsst_hardware_i 41.45960342274054 64.91999816894531 31.31999969482422 AB 3.3087914487752808 1.09832362549593
60910.1588 lsst_hardware_g 3.4687876320146827 13.90999984741211 31.34000015258789 AB 2.8521550715145323 1.3023539139335762
60910.1765 lsst_hardware_r 3.3811444103515824 23.229999542236328 31.459999084472656 AB 2.29172077594087 1.217004439141941
60912.1639 lsst_hardware_i 11.188196588968776 32.09000015258789 31.219999313354492 AB 4.504350791573511 1.2488957832458905
60912.1818 lsst_hardware_z 16.684736865704036 42.959999084472656 30.93000030517578 AB 4.507129687872626 1.1746493843817114
60932.1699 lsst_hardware_i -13.040999672781965 30.530000686645508 31.25 AB 0.9427261753006162 1.0605338055318938
60932.1887 lsst_hardware_r -1.78864975376398 22.670000076293945 31.510000228881836 AB 0.9081301995444172 1.0320638691668724
60932.3002 lsst_hardware_g 29.653121611633612 25.649999618530273 31.610000610351562 AB 1.7418235635050718 1.077527722551716
60932.3105 lsst_hardware_r -1.2591178371549197 30.489999771118164 31.549999237060547 AB 1.77519822674488 1.1015812762920583
60934.2889 lsst_hardware_i -63.96097283210111 30.709999084472656 31.25 AB 4.255580081279933 1.0656711388847913
60934.3005 lsst_hardware_z -57.20643948595925 41.86000061035156 30.940000534057617 AB 2.8646643708680375 1.0904698785183045
60938.1669 lsst_hardware_r 19.48058552194469 22.540000915527344 31.489999771118164 AB 6.457959223199546 1.0390923931133622
60938.1848 lsst_hardware_i -33.048282846400596 30.200000762939453 31.25 AB 6.381325073977776 1.0192995885277176
60940.1727 lsst_hardware_z 14.637816854789328 40.72999954223633 30.950000762939453 AB 2.2835453178470275 1.0255059247094236
60940.1918 lsst_hardware_i 11.721578186762024 30.049999237060547 31.25 AB 2.2692100910616633 1.0111217961731818
60941.2722 lsst_hardware_r 21.75653038977064 22.639999389648438 31.479999542236328 AB 1.8279180922237985 1.0704185587882218
60941.2849 lsst_hardware_u 0.7350881752275098 2.619999885559082 28.360000610351562 AB 1.8911856667579896 1.0989940920627543
60943.0772 lsst_hardware_u -4.242752217199399 2.5299999713897705 28.239999771118164 AB 5.550961177671195 1.2587213554809966
60943.094 lsst_hardware_g -10.173275965911415 13.819999694824219 31.3700008392334 AB 5.973080138672386 1.1864296630594162
60945.0878 lsst_hardware_r -4.603027115788404 24.1299991607666 31.489999771118164 AB 3.961727020067472 1.1892613943917363
60945.1085 lsst_hardware_i 15.234873074972239 31.260000228881836 31.239999771118164 AB 3.64990200417775 1.1204610910752877
60947.098 lsst_hardware_r -66.55263199115934 27.961538599192664 31.530000686645508 AB 4.207201878721449 1.1353172444772175
60947.1171 lsst_hardware_g -27.362128208105815 21.985665037926864 31.56999969482422 AB 4.0278219213216 1.0847160631042112
60952.1068 lsst_hardware_z 189.3613812327254 62.879236237936155 30.979999542236328 AB 2.262437485284165 1.07735118346865
60952.1272 lsst_hardware_i 313.5960148712741 67.95984994600137 31.329999923706055 AB 1.8767060918525205 1.0411684282122167
60955.0843 lsst_hardware_r 1175.3839044106892 113.23937957853919 31.639999389648438 AB 8.853345807674602 1.1118685277191784
60955.1049 lsst_hardware_z 462.95453952018653 76.29672940385164 30.989999771118164 AB 8.631724308450229 1.064648237774968
60959.2362 lsst_hardware_r 2657.257505235551 68.65176815417529 31.600000381469727 AB 3.960412388778792 1.1001145524385534
60959.2478 lsst_hardware_i 1856.0662582926254 59.91996272020225 31.280000686645508 AB 4.075666948344609 1.1321297078735024
60961.1026 lsst_hardware_z 1725.0367773011942 58.097387047240964 30.950000762939453 AB 5.453841963031561 1.041206942159519
60961.1239 lsst_hardware_r 3309.713227087519 61.455243613084406 31.5 AB 5.348024364139966 1.0177666260098894
60963.0087 lsst_hardware_y 736.120821559242 55.939890869934175 29.950000762939453 AB 8.932024512036582 1.332889313491646
60963.0286 lsst_hardware_r 4011.603780407487 67.64074857052788 31.459999084472656 AB 8.361246732181918 1.2308772714981953
60965.0085 lsst_hardware_y 817.7927561318093 56.22462856204732 29.959999084472656 AB 9.22190338955664 1.3030808802538703
60965.0282 lsst_hardware_g 3686.064408050252 61.21404034200806 31.360000610351562 AB 8.550555952332898 1.2091858139435605
60970.1338 lsst_hardware_r 6320.506443781552 82.1922392830093 31.489999771118164 AB 3.798971768882162 1.0076848193321384
60970.1447 lsst_hardware_u 53.839935685223324 7.145870921033114 28.3700008392334 AB 3.8347372969151468 1.0114037444059467
60972.02 lsst_hardware_z 3092.5687994913424 69.19532036035336 30.940000534057617 AB 3.2734065029068784 1.167406028140827
60972.0499 lsst_hardware_r 6415.934362384384 83.2402596391957 31.489999771118164 AB 3.9552384964425116 1.0823420130738737
60979.1041 lsst_hardware_z 2988.764098624987 72.57146321486294 30.969999313354492 AB 5.086779119209066 1.0070835714133965
60979.1099 lsst_hardware_r 6478.837714314944 94.726899710857 31.639999389648438 AB 5.076890368975929 1.0078194280844275
60991.0595 lsst_hardware_g 1182.7234094333544 36.44531747697139 31.420000076293945 AB 4.52136405788279 1.0084826894905852
60991.0711 lsst_hardware_r 3031.148700152815 58.62992953704922 31.5 AB 4.623732087485257 1.0070747808298954
61220.3239 lsst_hardware_r -62.72743998776295 119.77999877929688 32.349998474121094 AB 2.4418467558146375 1.232011481238465
61220.3673 lsst_hardware_z 23.02545826855371 117.48999786376953 32.47999954223633 AB 2.254350984616442 1.0885325855223464
61220.4161 lsst_hardware_y -50.57516955569732 72.87999725341797 30.809999465942383 AB 2.340072727573847 1.016171120029173
61223.3675 lsst_hardware_z -36.459336004960456 62.06999969482422 30.979999542236328 AB 7.386174198261126 1.0703566126356412
61223.3874 lsst_hardware_r -134.57179938835463 84.8499984741211 31.65999984741211 AB 7.663314062526812 1.0371831400958882
61225.3712 lsst_hardware_i 2.1460908067457636 60.619998931884766 31.329999923706055 AB 7.608091001454675 1.053423933186289
61225.3918 lsst_hardware_z -98.29199930927396 57.349998474121094 30.989999771118164 AB 6.49089735255281 1.025499226250543
61237.2723 lsst_hardware_i 84.62189307433901 31.90999984741211 31.209999084472656 AB 4.068849061845846 1.2560114406068363
61237.2932 lsst_hardware_r -11.25569178193872 22.709999084472656 31.469999313354492 AB 3.3798830144381085 1.1692399727069103
61238.4255 lsst_hardware_z -24.499834523440555 41.060001373291016 30.950000762939453 AB 2.780877387778648 1.0222874323237379
61238.4377 lsst_hardware_u 9.0690896916879 6.110000133514404 28.989999771118164 AB 2.822746227852275 1.035965218039187
61244.2646 lsst_hardware_z 33.18087569950331 45.45000076293945 30.93000030517578 AB 6.177403815181272 1.205464692200463
61244.2834 lsst_hardware_r -16.893967200397814 22.459999084472656 31.459999084472656 AB 5.8533593145478955 1.13823224395681
61246.2766 lsst_hardware_z -82.13710970846887 69.3499984741211 31.700000762939453 AB 6.821866147029838 1.1424359964881945
61246.421 lsst_hardware_i 33.22315116940761 30.25 31.239999771118164 AB 6.431333907208788 1.043116358317811
61246.4323 lsst_hardware_u -1.4843001251772403 4.179999828338623 28.709999084472656 AB 6.517379299326449 1.061894794187555
61248.2655 lsst_hardware_r 25.709092306583752 72.7699966430664 31.6200008392334 AB 2.2484228830230086 1.1610755915429944
61248.347 lsst_hardware_z -80.22993513432681 74.41999816894531 31.719999313354492 AB 2.5763549294064183 1.0116576947930962
61248.4205 lsst_hardware_g -37.09544567898211 38.349998474121094 31.670000076293945 AB 3.2508305149873036 1.0508301101701814
61251.2594 lsst_hardware_z -43.677861703310825 74.55999755859375 30.979999542236328 AB 5.0836948906265595 1.1539864309836316
61251.2784 lsst_hardware_r -87.5858473912368 110.12000274658203 31.649999618530273 AB 4.8596102645773955 1.098817116220297
61251.4031 lsst_hardware_z 74.51340334454116 97.7699966430664 31.739999771118164 AB 4.85340053069767 1.0371437337436034
61253.2689 lsst_hardware_i -45.21521708381379 74.69000244140625 31.31999969482422 AB 4.9105608145182975 1.1092299106659809
61253.2884 lsst_hardware_z 118.38043656436659 65.93000030517578 30.979999542236328 AB 4.708382477712666 1.064863448850349
61258.2634 lsst_hardware_g -1.9726677736218705 20.8799991607666 31.549999237060547 AB 1.3771851786987532 1.088899133187124
61258.3375 lsst_hardware_i 61.83887881689181 47.72999954223633 32.0099983215332 AB 2.6182736161415106 1.007028313900581
61258.4035 lsst_hardware_z 12.601702584036655 43.13999938964844 30.950000762939453 AB 3.0896609577315695 1.0695185914953798
61260.3964 lsst_hardware_g -3.5441929701801675 15.489999771118164 31.450000762939453 AB 1.492812374300842 1.06629455307203
61260.4067 lsst_hardware_r 17.846459989779863 23.6200008392334 31.489999771118164 AB 1.5234639691807346 1.0881885494148105
61261.2639 lsst_hardware_u -0.7617320895382641 2.630000114440918 28.399999618530273 AB 3.595433561766213 1.0700695124304205
61261.2838 lsst_hardware_g -20.859796512094313 13.640000343322754 31.420000076293945 AB 3.380592006438742 1.036991413018019
61261.3964 lsst_hardware_i -27.907891724218185 30.719999313354492 31.25 AB 4.046799745278439 1.0717160342368748
61261.4071 lsst_hardware_r -42.09447136921865 22.860000610351562 31.479999542236328 AB 4.2722736650231665 1.0956420751469909
61263.3919 lsst_hardware_u 0.6288180900037136 2.630000114440918 28.389999389648438 AB 6.452858840900641 1.0736869951581764
61263.4032 lsst_hardware_g 11.098525817010877 13.680000305175781 31.389999389648438 AB 6.628534879396638 1.099502633981528
61266.2607 lsst_hardware_r -12.64687968188635 22.540000915527344 31.510000228881836 AB 3.815261000726615 1.0510360883544392
61266.2802 lsst_hardware_i 29.142923340196973 30.170000076293945 31.260000228881836 AB 3.74907850727118 1.0251553398029887
61266.387 lsst_hardware_r 4.9766315113109245 22.549999237060547 31.5 AB 3.821353643366527 1.0806995597756015
61266.3988 lsst_hardware_i -43.02731318497698 30.860000610351562 31.25 AB 3.833724252698625 1.109295212007704
61268.3422 lsst_hardware_r 26.8488400001208 22.270000457763672 31.489999771118164 AB 5.601244595751771 1.0210070353174938
61268.353 lsst_hardware_i -15.387716561876587 30.209999084472656 31.25 AB 5.653211734940001 1.032424374798807
61276.3687 lsst_hardware_r -3.4894589708237898 37.93000030517578 31.59000015258789 AB 3.548924961936578 1.1020080099169085
61276.3798 lsst_hardware_i 26.173102890088863 31.3700008392334 31.239999771118164 AB 4.329315357375681 1.1328837779342356
61278.1632 lsst_hardware_i 18.28814779122847 75.4800033569336 31.299999237060547 AB 2.7007752214885197 1.2426879853474784
61278.1814 lsst_hardware_z -70.6200430508231 66.97000122070312 30.979999542236328 AB 2.5490724462024277 1.1687631573601227
61281.1611 lsst_hardware_z 77.16358043157454 81.76000213623047 30.979999542236328 AB 6.32212695598356 1.2157936453814537
61281.2702 lsst_hardware_r 12.198227292766052 162.27000427246094 32.38999938964844 AB 6.0760900727840355 1.0073650300277484
61281.3723 lsst_hardware_z -88.34796961335114 76.51000213623047 30.979999542236328 AB 8.113125427499446 1.1523780257799505
61286.3581 lsst_hardware_i -21.44718419406864 38.36000061035156 31.260000228881836 AB 1.1786579705793618 1.1505650082935281
61286.3693 lsst_hardware_r 1.5598285128248681 37.779998779296875 31.559999465942383 AB 1.209338679950393 1.1905869357129146
61305.2793 lsst_hardware_r -6.947920494616693 56.369998931884766 31.6299991607666 AB 1.712481880498418 1.0780496572228002
61305.2914 lsst_hardware_z -23.070088631587026 51.630001068115234 30.969999313354492 AB 1.8440283403983757 1.1068597481378681
61307.15 lsst_hardware_y -69.5321048067896 97.93000030517578 31.190000534057617 AB 3.6716066449351135 1.049030469981461
61307.2891 lsst_hardware_r 67.52215665611095 91.16999816894531 31.6299991607666 AB 4.405866579887756 1.1153621990349156
61311.0861 lsst_hardware_z 65.30999566639217 67.69000244140625 30.959999084472656 AB 5.461405024242754 1.1879721625412483
61311.1072 lsst_hardware_r -68.67948891295819 91.41000366210938 31.6299991607666 AB 5.141385647438495 1.1183813901544533
61313.2537 lsst_hardware_r 24.589763177263954 54.5 31.6299991607666 AB 2.669368066126311 1.0702444635320993
61313.2657 lsst_hardware_z -19.532059244848213 50.029998779296875 30.959999084472656 AB 2.6804482889133645 1.0970456844120182
61315.0852 lsst_hardware_i 32.34339012507553 31.350000381469727 31.239999771118164 AB 5.205515140791616 1.1522149571973916
61315.1052 lsst_hardware_z -57.363480939208536 41.880001068115234 30.950000762939453 AB 4.9464888924009776 1.0950423700109164
61319.1068 lsst_hardware_r -7.298143853552953 22.649999618530273 31.5 AB 3.663425021746766 1.0675870673894117
61319.1256 lsst_hardware_i -22.8356420245036 30.229999542236328 31.260000228881836 AB 4.535181382662797 1.0367906230011539
61325.2377 lsst_hardware_u 1.142853894603158 2.640000104904175 28.3799991607666 AB 6.100919868884567 1.1092581579790122
61325.2498 lsst_hardware_r -51.83956137394257 22.829999923706055 31.469999313354492 AB 6.295658939212346 1.144665261674972
61326.1037 lsst_hardware_i 14.133863648049692 30.229999542236328 31.25 AB 5.451630404892895 1.040619171868971
61326.199 lsst_hardware_z -8.27447259865585 60.119998931884766 31.690000534057617 AB 6.735886171111593 1.0380468748823537
61326.2866 lsst_hardware_i 29.445420448801556 32.77000045776367 31.209999084472656 AB 7.3438629679268885 1.3150832032340873
61328.0098 lsst_hardware_y 2.3888483795044437 50.31999969482422 29.950000762939453 AB 8.91341204872428 1.3305254955178891
61328.0312 lsst_hardware_z 65.59350344703878 43.369998931884766 30.93000030517578 AB 8.188408354938112 1.2225306408616776
61330.0163 lsst_hardware_y -36.83638998862333 70.7300033569336 30.729999542236328 AB 8.965423412369544 1.2661835155403744
61334.0107 lsst_hardware_y -22.154283198805597 53.560001373291016 29.989999771118164 AB 4.12958346563917 1.2408604163579238
61334.0309 lsst_hardware_z -46.68555670858544 53.650001525878906 30.959999084472656 AB 3.8801399687934364 1.1603867723052694
61340.0112 lsst_hardware_y 48.72601971167743 54.130001068115234 30.010000228881836 AB 5.017474682152207 1.1720561442414297
61340.1208 lsst_hardware_i -71.31797632774799 86.55999755859375 32.060001373291016 AB 4.242100746148796 1.0076647720374532
61340.2228 lsst_hardware_z 115.05893950037857 61.459999084472656 30.969999313354492 AB 3.8720401745601225 1.1942447912900371
61342.0121 lsst_hardware_y -29.802866900378497 50.470001220703125 30.020000457763672 AB 3.621102519270236 1.1501649081853582
61342.0316 lsst_hardware_r -16.711135774590552 22.579999923706055 31.5 AB 3.470351941298381 1.0947482464663663
61343.0122 lsst_hardware_y -20.06036059956234 50.5099983215332 30.030000686645508 AB 5.1456240986791615 1.141063110916767
61343.0304 lsst_hardware_g -3.30266354485233 13.739999771118164 31.43000030517578 AB 4.964950465082711 1.0910780057317597
61355.0167 lsst_hardware_y 24.956568274367232 52.349998474121094 30.049999237060547 AB 6.704650435079953 1.0527006492517024
61355.0343 lsst_hardware_r 8.328333338062663 22.209999084472656 31.5 AB 6.916928274597473 1.0282592018925407
61355.0737 lsst_hardware_i -31.917639427866664 29.780000686645508 31.25 AB 3.4862001566897574 1.0070387049318663
61355.0853 lsst_hardware_z -60.73901914430042 40.47999954223633 30.950000762939453 AB 2.0531099660151466 1.0091058608307089
61358.1462 lsst_hardware_u -4.452291249866065 2.619999885559082 28.3700008392334 AB 5.506125913329869 1.1055922721409073
61358.1574 lsst_hardware_g -22.50548678637543 13.579999923706055 31.3799991607666 AB 5.674629490823015 1.1374472395455957
61365.0601 lsst_hardware_z -106.95707969273816 54.130001068115234 30.979999542236328 AB 3.9008494609469753 1.0098850865413835
61365.0719 lsst_hardware_r 75.3266272416879 65.75 31.649999618530273 AB 3.953778940291134 1.0165698338081421
61369.0521 lsst_hardware_i -32.374431972611326 55.88999938964844 31.31999969482422 AB 5.233322279556324 1.01117230790384
61369.0654 lsst_hardware_z -87.19898757518988 55.0099983215332 30.979999542236328 AB 5.272257830091822 1.0201079322977167
61371.0509 lsst_hardware_g -14.909955514297716 13.699999809265137 31.43000030517578 AB 3.662386751822408 1.0134821746579858
61371.0633 lsst_hardware_r 17.15775954129681 22.309999465942383 31.5 AB 3.7711054354423736 1.02318136079652
