data/validation/pwv_sim_epoch_fit_4/33152099.ecsv
# %ECSV 0.9
# ---
# datatype:
# - {name: time, datatype: float64}
# - {name: band, datatype: string}
# - {name: flux, datatype: float64}
# - {name: fluxerr, datatype: float64}
# - {name: zp, datatype: float64}
# - {name: zpsys, datatype: string}
# - {name: pwv, datatype: float64}
# - {name: airmass, datatype: float64}
# meta: {SNID: '33152099', alt: 1024.0, c: 0.02037360705435276, dec: -15.713861, lat: -30.244573, lon: -70.7499537, ra: 287.050781, t0: 62609.1328125,
#   x0: 4.548673397726998e-06, x1: -0.3707992136478424, z: 0.6378860473632812}
# schema: astropy-2.0
time band flux fluxerr zp zpsys pwv airmass
62613.4154 lsst_hardware_z 1120.5864389867877 76.05968607600573 30.989999771118164 AB 6.256624882151321 1.033725713697038
62615.3477 lsst_hardware_i 2727.0338077534907 88.99543075493746 32.060001373291016 AB 10.091200024062594 1.093689546596862
62615.3644 lsst_hardware_y 351.66403523554465 54.200298235818266 30.049999237060547 AB 9.796530710762436 1.062876284123081
62617.4022 lsst_hardware_r 1194.710345773667 45.08157413562006 31.559999465942383 AB 4.136237221032342 1.033413421869417
62617.422 lsst_hardware_y 447.0570337609055 62.3789767117959 30.059999465942383 AB 4.732064161603133 1.0423048814103817
62619.3953 lsst_hardware_g 130.3996161276748 19.63902824112069 31.479999542236328 AB 5.220113069502975 1.0333106270666705
62619.4136 lsst_hardware_y 389.67099098587687 51.40378609623304 30.040000915527344 AB 5.2048012292350805 1.040093501262652
62621.3688 lsst_hardware_r 853.4996020925214 38.72920704946312 31.520000457763672 AB 10.883405334506927 1.0401801906247659
62621.387 lsst_hardware_z 902.7259448912265 50.91217538258426 30.950000762939453 AB 11.826715340256952 1.0333220532610337
62624.3721 lsst_hardware_r 696.2317457890264 36.593339234551216 31.520000457763672 AB 11.873496917605923 1.0344794857533857
62624.3919 lsst_hardware_u -0.3527668402747998 2.826369117382316 28.459999084472656 AB 11.505965469655818 1.035640456314655
62626.3578 lsst_hardware_g 77.49304632040344 17.560656981518367 31.469999313354492 AB 6.930668558416088 1.038445013684689
62626.3772 lsst_hardware_r 666.0194347750434 35.272634886894714 31.520000457763672 AB 7.200049375828356 1.0333763008006251
62630.2675 lsst_hardware_g 91.48304565465095 23.61369047014787 32.150001525878906 AB 10.502974479174693 1.221228767781252
62630.2962 lsst_hardware_i 1436.600989750962 58.32357069360369 32.0 AB 9.271026554815533 1.119655391421217
62632.3768 lsst_hardware_z 655.396696837585 48.384051097329426 30.950000762939453 AB 7.898010694224873 1.0392119334506413
62632.3982 lsst_hardware_r 387.93537843407324 31.49452084741328 31.510000228881836 AB 8.068744940907981 1.061676965908945
62635.2961 lsst_hardware_r 374.61583299350156 49.04384128362296 31.610000610351562 AB 7.193042706289362 1.0872603569193762
62635.3149 lsst_hardware_y 256.3651802149242 50.37230337152746 30.040000915527344 AB 7.070238047257166 1.055771538023245
62643.3324 lsst_hardware_r 386.27616035705717 99.1672921999666 32.400001525878906 AB 4.37530132350663 1.033556091302614
62643.3556 lsst_hardware_z 1025.1073828056158 87.21485813801381 31.729999542236328 AB 4.443846905240455 1.046390700186128
62653.2819 lsst_hardware_g 40.855928729694234 16.03174874447922 31.469999313354492 AB 6.307805334556939 1.0398624026635244
62653.3068 lsst_hardware_r 87.24611288974292 26.24246906315536 31.520000457763672 AB 7.068394049365294 1.0338443834087017
62673.2092 lsst_hardware_z 890.5996644634521 97.75275301513763 32.470001220703125 AB 3.0430076901633525 1.0583761023117568
62677.2244 lsst_hardware_g 16.410149297191015 16.14487508135375 31.469999313354492 AB 4.551452982289951 1.0355194105012782
62677.2483 lsst_hardware_r 86.69570808883184 25.689792142273255 31.520000457763672 AB 4.55451459578123 1.0361177491398015
62679.1981 lsst_hardware_i 131.82899760164662 33.13720750360253 31.25 AB 7.8324663006474164 1.0516906748100068
62679.2162 lsst_hardware_r 1.6723063011134283 25.528419966125103 31.510000228881836 AB 7.487704562770453 1.0367431434121641
62681.2175 lsst_hardware_u 4.641972661960239 2.810627539446045 28.450000762939453 AB 2.7937405554759045 1.0342080042481578
62681.2405 lsst_hardware_g 7.303289890261902 16.15095865396193 31.469999313354492 AB 2.8270175503005994 1.0376915026185975
62683.2015 lsst_hardware_r 34.39071574950311 25.65797725798776 31.520000457763672 AB 7.8106793423654635 1.038872902188909
62683.2229 lsst_hardware_i 147.19519870816944 33.006372294058664 31.25 AB 7.961217902566463 1.033521732125985
62687.2026 lsst_hardware_z 132.33259388257792 43.15014493157613 30.950000762939453 AB 3.721929884852694 1.0338694124590817
62687.2241 lsst_hardware_r 27.759497659951993 25.542191765635696 31.510000228881836 AB 3.7437823698900576 1.0376816288326487
62696.1608 lsst_hardware_z -118.80388579243925 110.31999969482422 31.010000228881836 AB 7.824343184488393 1.0426549201436972
62696.1831 lsst_hardware_r -200.22538751497336 163.47999572753906 31.670000076293945 AB 7.492609868727786 1.0332971524666392
62698.1528 lsst_hardware_i 56.82443921150006 106.0 31.34000015258789 AB 3.0058015295663605 1.0448601823468708
62698.1721 lsst_hardware_r -245.60853904117187 133.8000030517578 31.65999984741211 AB 3.1631685637643385 1.0339686406028727
62704.991 lsst_hardware_i 10.558053858745184 36.7599983215332 31.1200008392334 AB 6.05937573683141 1.8421288214931324
62705.0056 lsst_hardware_z 68.82080187405968 49.16999816894531 30.8799991607666 AB 6.949013441307124 1.645353511092628
62708.1205 lsst_hardware_i -7.788903940744849 31.549999237060547 31.239999771118164 AB 7.633401570988776 1.0499022184357665
62708.1392 lsst_hardware_u 1.2262031793234551 2.6600000858306885 28.350000381469727 AB 9.60847995093837 1.0357499812369564
62710.1177 lsst_hardware_g 7.501644337684766 15.300000190734863 31.440000534057617 AB 3.97898239363425 1.04710062990375
62710.1373 lsst_hardware_r 14.374379166974474 24.190000534057617 31.510000228881836 AB 3.8276071940166583 1.034488430815313
62712.119 lsst_hardware_i 10.823332951013036 31.540000915527344 31.25 AB 5.41409182039452 1.041171503922023
62712.1382 lsst_hardware_r -67.12760518604546 24.209999084472656 31.510000228881836 AB 5.745439484736698 1.0333524253123558
62717.1077 lsst_hardware_u 2.3484815600710838 2.7300000190734863 28.420000076293945 AB 1.9009906815396755 1.0395027650251132
62717.1256 lsst_hardware_g -4.991154095020101 15.25 31.459999084472656 AB 1.471163978860172 1.0333021800598223
62721.0865 lsst_hardware_z 2.048047350210882 49.560001373291016 30.969999313354492 AB 4.612497708475233 1.0482949337443712
62721.1046 lsst_hardware_r -19.45988724224908 51.220001220703125 31.639999389648438 AB 4.555718848958416 1.035390647490549
62724.0823 lsst_hardware_i 84.57071664038676 106.66000366210938 31.34000015258789 AB 8.43801509554422 1.0444165151782294
62724.1004 lsst_hardware_z -56.404449408654706 91.08999633789062 31.0 AB 7.738941965886064 1.0341340236368095
62730.0728 lsst_hardware_i 30.32510526464109 31.469999313354492 31.270000457763672 AB 4.080506866062387 1.0391121616355057
62730.0897 lsst_hardware_z -42.632390455821636 46.130001068115234 30.969999313354492 AB 4.141018638728324 1.033317189950923
62732.0909 lsst_hardware_g 3.8255505342201426 15.239999771118164 31.469999313354492 AB 2.2510355044073136 1.0338101746293025
62732.1131 lsst_hardware_r 9.724855118043896 24.049999237060547 31.510000228881836 AB 2.277244161936451 1.0468884780767502
62734.0589 lsst_hardware_r -29.903892191355524 24.040000915527344 31.520000457763672 AB 3.156901486467565 1.041194421658168
62734.0792 lsst_hardware_i 28.402356315528106 31.40999984741211 31.260000228881836 AB 3.15467159184513 1.0333021918916245
62739.0525 lsst_hardware_g 11.260143273953934 15.25 31.479999542236328 AB 2.0764794161946 1.0366846810756865
62739.07 lsst_hardware_r -18.86662030446334 24.059999465942383 31.520000457763672 AB 2.071183176962338 1.0335245394023642
62741.0408 lsst_hardware_i 28.88205580577257 31.420000076293945 31.260000228881836 AB 3.6511105736645213 1.0404494629298089
62741.0578 lsst_hardware_z -96.14834871840067 41.66999816894531 30.950000762939453 AB 3.617108728314822 1.0334596366613777
62743.0427 lsst_hardware_i 9.844049555604528 31.3700008392334 31.260000228881836 AB 4.325173835344635 1.0361559167142924
62743.0605 lsst_hardware_u -2.75150544141579 2.8299999237060547 28.5 AB 4.323887419886592 1.0337427338202358
62745.0213 lsst_hardware_u -1.8538490545444943 2.819999933242798 28.469999313354492 AB 1.8443911766220171 1.0479495321716006
62745.038 lsst_hardware_g -7.826562214659191 15.449999809265137 31.469999313354492 AB 1.8365142090267204 1.0358230169355445
62745.9907 lsst_hardware_r 23.128178133354638 25.18000030517578 31.510000228881836 AB 2.496121344857724 1.0922351275631814
62745.9989 lsst_hardware_i 26.005709455443544 31.940000534057617 31.25 AB 2.3467949155287067 1.0758534148206174
62752.0133 lsst_hardware_i -139.36396793258925 82.9800033569336 31.34000015258789 AB 2.492998989870557 1.0387495791127321
62752.0317 lsst_hardware_z 37.515754689459044 75.87000274658203 31.0 AB 2.479927447339405 1.0333031030580855
62754.0138 lsst_hardware_i 93.56280918465443 78.81999969482422 31.34000015258789 AB 3.3248352012094933 1.035666660121325
62754.0319 lsst_hardware_z 90.06392958174331 69.83999633789062 30.989999771118164 AB 3.315118866949777 1.0340358287429123
62756.0163 lsst_hardware_g -20.490891917384666 92.54000091552734 31.739999771118164 AB 2.1569642843924584 1.033523854524417
62756.035 lsst_hardware_r -10.842628873774892 86.9800033569336 31.65999984741211 AB 2.0808271063488486 1.0373016482297353
62758.9923 lsst_hardware_y 67.32732401787649 48.040000915527344 30.059999465942383 AB 2.3171006473833495 1.0399913139063508
62759.0102 lsst_hardware_i 43.485093101178926 31.799999237060547 31.270000457763672 AB 1.3341185488053973 1.0333326396221552
62760.9932 lsst_hardware_z -5.7982975080598385 42.2400016784668 30.950000762939453 AB 6.395450945498406 1.0363159142530203
62761.0121 lsst_hardware_u 0.9622933109367857 2.8499999046325684 28.489999771118164 AB 1.7408068183415881 1.033886751799013
62765.9821 lsst_hardware_y -36.68160268696332 67.33999633789062 30.06999969482422 AB 2.0581611876262373 1.0352489521534076
62766.0018 lsst_hardware_z -15.860366213230435 42.099998474121094 30.950000762939453 AB 2.6585059181434225 1.034773630156376
62985.3697 lsst_hardware_u -0.27150917523505186 3.9700000286102295 29.219999313354492 AB 11.79921207975977 1.0420877366721417
62985.3927 lsst_hardware_g -31.938146031691165 27.1299991607666 32.66999816894531 AB 12.966383374362941 1.0333014602831367
62985.423 lsst_hardware_z -69.90079444828622 53.130001068115234 30.969999313354492 AB 12.236493715035925 1.0505006086782072
62989.3182 lsst_hardware_r 5.662004039467692 24.719999313354492 31.510000228881836 AB 13.821019172894509 1.1068917354623329
62989.3369 lsst_hardware_i -13.32618852077565 31.889999389648438 31.260000228881836 AB 12.35068154918562 1.068582933828138
62993.2643 lsst_hardware_z -172.46583029699778 140.77999877929688 32.470001220703125 AB 9.361710925429744 1.2663795638051734
62996.2845 lsst_hardware_r 16.128492416444228 107.08000183105469 31.6299991607666 AB 8.15394989329578 1.1484436469430677
63001.3087 lsst_hardware_r 20.54867660243977 38.689998626708984 32.290000915527344 AB 7.72677697165532 1.0615162758147163
63001.3288 lsst_hardware_i -32.09446152437594 32.7599983215332 31.260000228881836 AB 7.528345284348577 1.0400182286353716
63003.3194 lsst_hardware_z -72.73652486754835 41.83000183105469 30.950000762939453 AB 6.491857085722651 1.0430361641585582
63003.3399 lsst_hardware_r -0.7256799678892755 24.239999771118164 31.510000228881836 AB 7.647488264795476 1.0334443601074967
63012.3069 lsst_hardware_r -1.9931595776765734 24.020000457763672 31.520000457763672 AB 5.890321000161248 1.0355697960902146
63012.3285 lsst_hardware_u -2.2700451087356632 2.8299999237060547 28.510000228881836 AB 5.877237844352428 1.03515021035973
63016.3038 lsst_hardware_r -47.098196823107635 24.040000915527344 31.520000457763672 AB 13.262410906270398 1.0335151497210482
63016.324 lsst_hardware_i 17.580000503540315 31.40999984741211 31.260000228881836 AB 13.265168990903643 1.0382136267282027
63018.2973 lsst_hardware_z 25.03625858884491 44.31999969482422 30.959999084472656 AB 7.04889829915653 1.0336638428716858
63018.3175 lsst_hardware_r -13.742421475900807 24.059999465942383 31.520000457763672 AB 7.158178001421302 1.0376176074731303
63021.2978 lsst_hardware_z 120.98491471859717 92.79000091552734 31.739999771118164 AB 12.486614954597718 1.0335960064232799
63037.2623 lsst_hardware_r -8.257870225826096 24.459999084472656 31.530000686645508 AB 3.6478339399054813 1.0359730979047137
63037.2888 lsst_hardware_i -0.9323600820009672 31.8799991607666 31.260000228881836 AB 3.7223701148249444 1.0604036031217199
63043.2312 lsst_hardware_i 67.7680202946399 44.599998474121094 32.0099983215332 AB 6.116013259312859 1.0334012829027641
63043.2529 lsst_hardware_z 71.23364476196195 59.119998931884766 31.700000762939453 AB 5.981964840970449 1.0398895855663537
63045.2187 lsst_hardware_i 12.689280382400788 31.670000076293945 31.260000228881836 AB 6.249355498165745 1.034875677609728
63045.2396 lsst_hardware_z -7.9225201273529136 41.66999816894531 30.950000762939453 AB 6.279180686166829 1.0356130270345096
63047.2222 lsst_hardware_z -23.975741603530047 46.959999084472656 30.969999313354492 AB 3.4138619367979803 1.0333033153805118
63047.2411 lsst_hardware_r 52.16802121624159 43.27000045776367 31.6200008392334 AB 3.4311632618167933 1.039300278713722
63062.117 lsst_hardware_i -80.43209275222334 32.439998626708984 31.260000228881836 AB 7.131443005989528 1.1116824639109826
63062.1483 lsst_hardware_z 17.32408509281377 42.08000183105469 30.950000762939453 AB 7.355304341888095 1.0533158158224396
63064.1469 lsst_hardware_i -34.83932046198477 44.86000061035156 32.0 AB 1.677911831782957 1.0486948948643482
63064.1696 lsst_hardware_u 0.745196762068004 3.9200000762939453 29.18000030517578 AB 2.2489661502426137 1.034086665756432
63067.2044 lsst_hardware_i 1.4407979428581765 31.889999389648438 31.25 AB 3.678276872815867 1.0569761128781228
63067.2231 lsst_hardware_r -35.05271452920594 24.709999084472656 31.510000228881836 AB 3.209726366360685 1.0889656883327177
63072.138 lsst_hardware_g -4.622935182454639 15.460000038146973 31.459999084472656 AB 5.751474995476013 1.0380786924422007
63072.157 lsst_hardware_r 30.090172376968418 24.34000015258789 31.520000457763672 AB 5.822270373796317 1.0334168217600845
63073.1254 lsst_hardware_i 16.104420689117337 32.59000015258789 31.260000228881836 AB 9.600296731188248 1.0456131058311005
63073.1452 lsst_hardware_z -1.6860242960277334 42.08000183105469 30.950000762939453 AB 9.39646727571899 1.0340465615904249
63077.1027 lsst_hardware_i -28.1128199051926 59.36000061035156 31.329999923706055 AB 5.508795012464776 1.0593836562432262
63077.1224 lsst_hardware_z -77.05056020856098 57.099998474121094 30.979999542236328 AB 5.404279881513213 1.0392845925986949
63081.1321 lsst_hardware_i 55.143274473226676 109.79000091552734 31.34000015258789 AB 1.9251188708112228 1.0333896868590773
63081.1539 lsst_hardware_r -100.04910243206935 139.72000122070312 31.65999984741211 AB 2.0227875108027935 1.0435705128819228
63085.0991 lsst_hardware_g 24.765802481144945 21.459999084472656 32.20000076293945 AB 2.9597582595626046 1.0402758805796748
63085.1193 lsst_hardware_r 61.18674394013129 51.34000015258789 32.34000015258789 AB 2.8826584107367146 1.0333034898240756
63094.0803 lsst_hardware_i 38.37402126165255 31.25 31.25 AB 6.006858418347951 1.036797379612442
63094.1026 lsst_hardware_r -8.140883693584199 24.010000228881836 31.520000457763672 AB 5.315253283403738 1.0344984981322962
63099.062 lsst_hardware_z -12.1567547831908 41.529998779296875 30.950000762939453 AB 3.1850358674223336 1.0395025676965841
63099.0793 lsst_hardware_u 1.547680897337408 2.8399999141693115 28.510000228881836 AB 3.2152264463367484 1.0333364764058326
63100.0185 lsst_hardware_g -12.075155497612803 22.3799991607666 32.220001220703125 AB 3.323286725817693 1.0988493527447458
63100.0334 lsst_hardware_r 22.720139657279564 34.560001373291016 32.27000045776367 AB 3.2533991909515056 1.0693177291541514
63102.0521 lsst_hardware_i 67.79428186720372 32.40999984741211 31.260000228881836 AB 2.6399795090072007 1.040693607571578
63102.0701 lsst_hardware_z 8.98588635427037 41.959999084472656 30.950000762939453 AB 2.6434491315035484 1.0334046643876265
63108.037 lsst_hardware_i 106.48437694534454 90.61000061035156 31.34000015258789 AB 4.887009849959706 1.039789329778661
63108.0541 lsst_hardware_z -130.0242206534276 79.98999786376953 30.989999771118164 AB 4.314855990975953 1.0333746835051978
63110.0425 lsst_hardware_z 17.34830105264907 70.19000244140625 30.989999771118164 AB 1.344135193483275 1.0344806517316123
63110.0597 lsst_hardware_r -92.42503135533057 104.05000305175781 31.65999984741211 AB 1.3372274597771434 1.0347388133431596
63113.0252 lsst_hardware_r 11.744817145267275 24.190000534057617 31.520000457763672 AB 1.8608914429364907 1.0385887779748797
63113.0449 lsst_hardware_i 10.814422164677158 31.350000381469727 31.260000228881836 AB 1.6076327408755138 1.0334043759642721
63115.0121 lsst_hardware_z 23.470376805936752 41.810001373291016 30.950000762939453 AB 0.912931239288707 1.0443446016648699
63115.0314 lsst_hardware_u -1.344645674281658 2.8299999237060547 28.489999771118164 AB 0.8746446783863001 1.033858957903428
63118.0111 lsst_hardware_g 3.6421876400779785 15.40999984741211 31.459999084472656 AB 2.7039118584990516 1.0388672974734614
63118.0296 lsst_hardware_r -4.344920812380415 24.239999771118164 31.520000457763672 AB 2.7003026445814413 1.033312023182413
63121.012 lsst_hardware_i 18.611876003554517 31.40999984741211 31.25 AB 2.280299059799961 1.0346184481851004
63121.0321 lsst_hardware_z 116.2422203024014 41.529998779296875 30.950000762939453 AB 2.188526457002006 1.0356211792272596
63123.0152 lsst_hardware_i 45.06134994520494 31.489999771118164 31.260000228881836 AB 1.4466220014632245 1.033301429616589
63123.0338 lsst_hardware_u -0.7672910215303668 2.7699999809265137 28.440000534057617 AB 1.455221115383146 1.0394436538451044
63124.9935 lsst_hardware_y -23.17305610620983 48.18000030517578 30.040000915527344 AB 2.7519614708757123 1.0379537858468504
63125.0131 lsst_hardware_g -5.97455229895199 15.550000190734863 31.469999313354492 AB 2.6349162197210187 1.0335031259937315
63127.9808 lsst_hardware_y -89.3397787133784 73.19000244140625 30.06999969482422 AB 6.337366364781213 1.040917564945685
63128.0002 lsst_hardware_i -10.58493436447918 31.860000610351562 31.270000457763672 AB 6.096660009975025 1.0333322050805127
