data/validation/pwv_sim_epoch_fit_4/33213104.ecsv
# %ECSV 0.9
# ---
# datatype:
# - {name: time, datatype: float64}
# - {name: band, datatype: string}
# - {name: flux, datatype: float64}
# - {name: fluxerr, datatype: float64}
# - {name: zp, datatype: float64}
# - {name: zpsys, datatype: string}
# - {name: pwv, datatype: float64}
# - {name: airmass, datatype: float64}
# meta: {SNID: '33213104', alt: 1024.0, c: -0.004100976511836052, dec: -34.590576, lat: -30.244573, lon: -70.7499537, ra: 288.105469,
#   t0: 60513.59375, x0: 7.3763534406947355e-06, x1: 0.4938124418258667, z: 0.5224131345748901}
# schema: astropy-2.0
time band flux fluxerr zp zpsys pwv airmass
60402.3457 lsst_hardware_r 111.38504701386145 51.04999923706055 31.579999923706055 AB 7.210682051718073 1.2489634038772923
60402.3634 lsst_hardware_i 99.03054169515659 48.18000030517578 31.280000686645508 AB 6.815997917764213 1.1735701989120078
60404.3509 lsst_hardware_z 0.162159318406359 44.939998626708984 30.940000534057617 AB 9.259302686065578 1.2012717685581793
60404.3703 lsst_hardware_i -71.76098658176521 34.349998474121094 31.260000228881836 AB 8.745049656604982 1.1313740054903756
60414.348 lsst_hardware_g -17.832469021755003 15.640000343322754 31.450000762939453 AB 11.033338617574163 1.1164239323643712
60414.3669 lsst_hardware_r -11.15322619531554 24.65999984741211 31.520000457763672 AB 10.573343055932607 1.069635109350795
60416.3542 lsst_hardware_i -4.209950807938671 32.369998931884766 31.260000228881836 AB 15.98841346143055 1.085837445171694
60416.373 lsst_hardware_r -4.4736763244607936 24.860000610351562 31.530000686645508 AB 15.40900060182969 1.0478214713176646
60421.3493 lsst_hardware_r -59.898582964056935 47.849998474121094 31.6200008392334 AB 6.612357195920978 1.0665092251485448
60421.3678 lsst_hardware_i -43.80193280027929 42.869998931884766 31.299999237060547 AB 6.415895662828198 1.0348218811013221
60425.3482 lsst_hardware_z -26.690931477546215 64.88999938964844 30.979999542236328 AB 3.37103963735443 1.0482088424609546
60425.3687 lsst_hardware_r -126.08196350457769 91.75 31.65999984741211 AB 3.242752401384065 1.0205357675480928
60428.311 lsst_hardware_z 161.97478190935388 74.69999694824219 30.979999542236328 AB 13.383209431231249 1.1129488092499904
60428.3296 lsst_hardware_r 85.63527693842528 96.68000030517578 31.649999618530273 AB 12.840935943047317 1.0677201133369905
60431.2555 lsst_hardware_y -0.5527670245164266 52.36000061035156 29.979999542236328 AB 10.377880369509104 1.3066264236083227
60431.2767 lsst_hardware_g -19.45661843705824 41.25 31.639999389648438 AB 9.687830699873015 1.2033077505742162
60442.225 lsst_hardware_u 1.756022248905724 2.569999933242798 28.209999084472656 AB 8.641318472037202 1.3092906775813944
60442.2444 lsst_hardware_r -11.987564971297425 24.40999984741211 31.479999542236328 AB 8.012590833321719 1.2129262539088281
60444.2553 lsst_hardware_i -12.225326929874258 32.08000183105469 31.239999771118164 AB 8.189759193594478 1.1502066912811315
60444.2755 lsst_hardware_z -26.156920113172887 42.220001220703125 30.940000534057617 AB 7.835394978542701 1.0913186362397995
60446.2686 lsst_hardware_u 0.737865780301908 3.9000000953674316 29.18000030517578 AB 7.010138287488822 1.0949206608164346
60446.2878 lsst_hardware_g -1.078811147408567 21.09000015258789 32.20000076293945 AB 6.770433591134156 1.0535590104857748
60448.2335 lsst_hardware_y 21.172054084977127 50.27000045776367 29.989999771118164 AB 9.531358009785407 1.1902295217014744
60448.2502 lsst_hardware_r 24.182807003183907 39.11000061035156 31.579999923706055 AB 8.551288746112599 1.13130990522413
60457.2411 lsst_hardware_i -100.61681536439644 88.05000305175781 31.34000015258789 AB 7.625148895934616 1.0886460214776195
60457.2544 lsst_hardware_z -32.3102762375332 75.44000244140625 31.0 AB 8.149980481482975 1.0598154072149513
60461.1624 lsst_hardware_r 29.18638817940298 24.6200008392334 31.450000762939453 AB 9.827772726281312 1.3753472117760852
60461.183 lsst_hardware_u 0.33346941783686446 2.6700000762939453 28.31999969482422 AB 9.402655993913612 1.256913543951264
60463.1614 lsst_hardware_g 6.377378052105992 14.729999542236328 31.34000015258789 AB 12.266902144857852 1.3466300656679433
60463.1811 lsst_hardware_r -32.274107101892426 24.31999969482422 31.469999313354492 AB 11.88981061660738 1.2397703190650784
60483.1595 lsst_hardware_z -74.11158033562522 111.1301699788376 30.989999771118164 AB 3.875235021609605 1.1167824269768316
60483.1791 lsst_hardware_i 190.92400035786642 135.85044067431576 31.34000015258789 AB 3.3034185187833067 1.0684335676082066
60484.1633 lsst_hardware_z -74.93206643743238 109.84268102230469 30.989999771118164 AB 3.873739930396915 1.0989073346909761
60484.1836 lsst_hardware_r -30.74972582888009 159.8515591383298 31.65999984741211 AB 4.0029543955856965 1.0543801911196355
60491.1415 lsst_hardware_i 197.28438635180638 35.0862082693387 31.25 AB 9.302270171694012 1.1060415363916587
60491.158 lsst_hardware_z 183.8425325994804 43.80973188579756 30.950000762939453 AB 9.034448160454719 1.0669032911032488
60492.1819 lsst_hardware_r 354.50070416065967 30.872834449085442 31.520000457763672 AB 8.343449550540033 1.0247420229108823
60492.2015 lsst_hardware_i 361.20133451804304 35.67383469643949 31.260000228881836 AB 8.285573646946778 1.0081715229348855
60494.1539 lsst_hardware_i 502.14770242449214 38.723327041076175 31.260000228881836 AB 9.171230594142704 1.0588297780422595
60494.1733 lsst_hardware_z 418.2661207118411 45.42994564903968 30.950000762939453 AB 7.914988175576346 1.0284882143490037
60496.0798 lsst_hardware_g 233.82136368593683 22.370708634971184 31.389999389648438 AB 8.068106138568952 1.296810437767251
60496.1002 lsst_hardware_r 920.6565502849927 39.023986442928575 31.489999771118164 AB 6.336709747935865 1.199339405306329
60498.0538 lsst_hardware_r 1176.224238927758 42.27909376611638 31.440000534057617 AB 2.7007218051811788 1.4287013605261043
60498.0732 lsst_hardware_i 953.4472153172852 44.695324300465785 31.209999084472656 AB 2.457726606823532 1.3031424214334384
60500.0784 lsst_hardware_u 0.3265563233204959 3.363028606395059 28.350000381469727 AB 10.453022908282522 1.2477620875507667
60500.0986 lsst_hardware_g 586.7308642973434 28.116251635754743 31.440000534057617 AB 10.018914685469111 1.16350187962709
60505.0547 lsst_hardware_i 1674.5708623020143 55.15383523240441 31.229999542236328 AB 8.183730623562099 1.2997269314002962
60505.0725 lsst_hardware_z 1148.8462110431942 57.42514247449889 30.940000534057617 AB 7.637887092675676 1.2124913365449799
60507.0858 lsst_hardware_z 2879.383190313972 87.6194669100331 31.700000762939453 AB 1.9411975964252852 1.1418809390736973
60510.0801 lsst_hardware_y 1205.427941337365 96.62752466456904 30.780000686645508 AB 3.1956986335942417 1.1338966174787375
60512.076 lsst_hardware_z 1713.4571909937524 118.15580594667148 30.989999771118164 AB 5.847503717827779 1.129661353176852
60512.096 lsst_hardware_r 2851.1521241311066 174.44515480425682 31.649999618530273 AB 5.264281446173961 1.0768705014163773
60515.0779 lsst_hardware_i 2166.224773832609 71.62678964891765 31.299999237060547 AB 5.17420780739912 1.1008952781700254
60515.0965 lsst_hardware_z 1713.1804310539735 68.18494827330169 30.969999313354492 AB 5.6510884916206665 1.0589503404142129
60522.072 lsst_hardware_z 1519.7900250841603 56.57507644481479 30.940000534057617 AB 4.039991885207342 1.0697242414494286
60522.0903 lsst_hardware_r 2100.117078303737 51.52316051095797 31.510000228881836 AB 4.202364275502804 1.037321991731469
60526.0771 lsst_hardware_r 1804.0671608029293 48.00078450041677 31.510000228881836 AB 2.289593217477577 1.0407241897625348
60526.0956 lsst_hardware_i 1683.4420359141473 51.165968358888584 31.260000228881836 AB 2.3933299265738532 1.0179329098634096
60530.001 lsst_hardware_z 2325.1988190339134 77.82608399458763 31.68000030517578 AB 6.8408110147034895 1.2267579080704447
60530.0134 lsst_hardware_r 2757.3192886155366 62.7007899602006 32.2400016784668 AB 6.532569417849768 1.1755921090279255
60531.9803 lsst_hardware_y 299.5879210722114 53.70714540250019 29.969999313354492 AB 10.063472637538275 1.3035164194861921
60531.9982 lsst_hardware_i 1322.3121582608067 48.93037647417463 31.229999542236328 AB 9.42591366491181 1.214992738452154
60535.9813 lsst_hardware_y 348.7057764513298 54.980808077521914 30.0 AB 5.555768504187777 1.2420676289263979
60535.9998 lsst_hardware_i 1223.4014720603325 57.56807653761641 31.290000915527344 AB 5.169954432409188 1.1653227617286575
60539.9817 lsst_hardware_y 233.85408631506058 70.2646519369377 30.010000228881836 AB 3.3347505166057276 1.1926861647373845
60539.9997 lsst_hardware_r 782.3498767337142 131.031483751806 31.639999389648438 AB 3.358972992961553 1.1291930724881958
60541.9813 lsst_hardware_y 274.7373556815279 61.66622951770503 30.020000457763672 AB 3.807872044636044 1.1730967481934824
60541.9995 lsst_hardware_z 792.2188191758972 75.77573538094326 30.989999771118164 AB 3.523634975172186 1.1136646571340665
60543.9824 lsst_hardware_y 347.8591677194442 51.91833045883485 30.020000457763672 AB 1.6096841990483446 1.1497744278916748
60544.0022 lsst_hardware_u -1.9386834747996247 3.0368119258483683 28.399999618530273 AB 1.425052522742627 1.0919942703008636
60546.9972 lsst_hardware_u 2.3174840195462236 3.185528975410816 28.530000686645508 AB 2.802493386279529 1.084276522935077
60547.0143 lsst_hardware_g 101.40226915639045 16.957276832756126 31.459999084472656 AB 2.3576426836562137 1.0495905102531835
60547.982 lsst_hardware_z 749.5946220279956 51.617543433596104 30.950000762939453 AB 2.3074234639570466 1.1168555004632363
60547.9998 lsst_hardware_g 72.67274311130812 16.695695907505783 31.440000534057617 AB 2.2228531982098243 1.072288084037542
60549.9816 lsst_hardware_y 342.45469136644937 53.356962201546295 30.030000686645508 AB 5.9139546912060466 1.102835373651477
60549.9987 lsst_hardware_i 525.8764747772208 39.2543270578344 31.260000228881836 AB 5.640299828727136 1.0632880047871438
60555.9823 lsst_hardware_y 258.9162704152804 53.519133631364696 30.049999237060547 AB 1.3158600674115735 1.0633212665952108
60555.9989 lsst_hardware_g 43.9213811711968 16.190247473461756 31.469999313354492 AB 1.2609536111060693 1.0352656905632753
60767.353 lsst_hardware_i -8.353777907509416 33.77000045776367 31.229999542236328 AB 10.897575394002716 1.2186160293728752
60767.3696 lsst_hardware_u 0.0905906472103314 2.7799999713897705 28.360000610351562 AB 10.370974598962947 1.1538583048625297
60771.3408 lsst_hardware_i -36.044064344711764 33.45000076293945 31.239999771118164 AB 22.093285797278373 1.2242873681244075
60771.3597 lsst_hardware_r -15.540630949658413 25.40999984741211 31.510000228881836 AB 20.750776584370534 1.1503710570657395
60773.3474 lsst_hardware_u 1.3956295953224653 2.7699999809265137 28.360000610351562 AB 10.901165714908498 1.1748000770444589
60773.3652 lsst_hardware_g -3.5220736043891736 16.030000686645508 31.450000762939453 AB 10.359097838103022 1.116101690255121
60775.3527 lsst_hardware_i 79.30613032706746 46.47999954223633 31.290000915527344 AB 5.377591215421198 1.1374525335352703
60775.3726 lsst_hardware_z 42.183846051175095 42.7599983215332 30.950000762939453 AB 5.1495486118953115 1.0827478157895944
60778.3506 lsst_hardware_r -61.23628483972606 84.0999984741211 31.639999389648438 AB 13.008576568094584 1.1188489103227113
60778.37 lsst_hardware_z -10.006654575834286 59.22999954223633 30.979999542236328 AB 12.620082098755715 1.070345083576477
60780.3436 lsst_hardware_z 37.94846467653456 62.36000061035156 30.979999542236328 AB 11.113414075216584 1.1233897627269045
60780.3623 lsst_hardware_i 29.578298690005358 66.62999725341797 31.329999923706055 AB 10.575907755027535 1.0751698017615547
60782.3509 lsst_hardware_z 28.528470717815317 60.630001068115234 30.979999542236328 AB 16.030493419936636 1.0889109586222023
60782.3709 lsst_hardware_r 42.22732822149802 81.69999694824219 31.65999984741211 AB 15.427144689571772 1.0479507303776359
60784.3495 lsst_hardware_y -142.04796245655345 78.2300033569336 30.799999237060547 AB 11.775189645343234 1.079368398192059
60790.3528 lsst_hardware_r 23.234773068985426 24.469999313354492 31.520000457763672 AB 16.253498810848814 1.0418909494133854
60790.3713 lsst_hardware_i 53.63767601523284 31.479999542236328 31.260000228881836 AB 15.890976009020491 1.0186523082705443
60792.3396 lsst_hardware_z 47.509090179569505 42.04999923706055 30.950000762939453 AB 2.3747310238358006 1.0549671363108843
60792.358 lsst_hardware_r 2.2243835718794287 24.25 31.520000457763672 AB 2.336125834392793 1.0271695006856778
60795.2561 lsst_hardware_z 3.542459318608521 45.380001068115234 30.920000076293945 AB 13.904356008995142 1.323006375939149
60795.276 lsst_hardware_i 47.61972553950139 32.790000915527344 31.229999542236328 AB 12.879190339865897 1.221084982605325
60802.2487 lsst_hardware_z 39.64649232590975 68.9800033569336 31.700000762939453 AB 8.588923846481846 1.259542291336594
60804.25 lsst_hardware_z -118.82610715434416 52.310001373291016 30.959999084472656 AB 10.556306176063357 1.2274774623329485
60804.2703 lsst_hardware_r 30.036835775489237 57.2599983215332 31.6200008392334 AB 9.902904692672896 1.1480408489153373
60806.2473 lsst_hardware_i 41.88648373397021 67.3499984741211 31.299999237060547 AB 9.138914996906225 1.2152543157606734
60806.2683 lsst_hardware_z -23.652424692044175 60.810001373291016 30.979999542236328 AB 8.980062278171536 1.1367167440723462
60808.2446 lsst_hardware_i 99.01695612490343 85.61000061035156 31.309999465942383 AB 7.958293874753271 1.2035075360995986
60808.2639 lsst_hardware_z 4.1720358859794455 74.0199966430664 30.979999542236328 AB 7.993995319881039 1.1333641757865367
60810.25 lsst_hardware_z 148.8613329871457 86.91999816894531 30.979999542236328 AB 8.363503064507194 1.1615976478482213
60810.2698 lsst_hardware_r 127.112702786476 116.18000030517578 31.649999618530273 AB 7.85617348303784 1.100689804979008
60812.2477 lsst_hardware_i 0.3730952641475066 85.41000366210938 31.31999969482422 AB 8.013208033057127 1.1506066194022924
60812.2662 lsst_hardware_r -8.928111774935779 99.80999755859375 31.649999618530273 AB 7.034905466686628 1.0958792413672003
60814.2589 lsst_hardware_z 90.40083705277992 74.87999725341797 31.719999313354492 AB 8.210750998482553 1.1006368630674046
60819.3172 lsst_hardware_z -27.616416930297746 40.90999984741211 30.950000762939453 AB 7.22005339160655 1.003761072098769
60819.3404 lsst_hardware_r 44.88913472373983 23.479999542236328 31.510000228881836 AB 6.873122950591934 1.0060682533191414
60824.249 lsst_hardware_r 36.141947729499705 23.780000686645508 31.510000228881836 AB 9.474945067571234 1.0610636904220023
60824.2701 lsst_hardware_z 24.566117325441102 41.310001373291016 30.950000762939453 AB 8.570686971567419 1.0278246288256419
60826.165 lsst_hardware_g 17.113609686711783 14.989999771118164 31.360000610351562 AB 11.174773838320402 1.3629435099793148
60826.2141 lsst_hardware_r 46.47536566835308 34.27000045776367 32.25 AB 8.158900841062762 1.1354410411090894
60826.264 lsst_hardware_u -4.947613249187473 2.8499999046325684 28.530000686645508 AB 7.133791774549509 1.0286155591487325
60830.1703 lsst_hardware_r -26.791524816110467 36.16999816894531 31.540000915527344 AB 14.532584206780408 1.2694245838588547
60830.1901 lsst_hardware_g 32.05738905901678 28.790000915527344 31.59000015258789 AB 13.539093611742224 1.1812156352941985
60842.1558 lsst_hardware_i 30.62454994647872 57.119998931884766 31.290000915527344 AB 9.264822199258003 1.1872015803079226
60842.1764 lsst_hardware_z -6.065960316606689 55.7599983215332 30.969999313354492 AB 8.737505703856296 1.1173280951222886
60844.1733 lsst_hardware_u -5.2338813070077475 5.610000133514404 29.729999542236328 AB 6.446384689067689 1.110631811012222
60844.1984 lsst_hardware_g 6.87641898326162 41.93000030517578 32.79999923706055 AB 6.134220562087432 1.0535824744879438
60847.1466 lsst_hardware_g 35.89957321344359 21.459999084472656 32.15999984741211 AB 3.4256866753440294 1.170241405833761
60847.1705 lsst_hardware_r 26.050393135852033 34.34000015258789 32.25 AB 3.2676479885281475 1.0962502687337004
60860.143 lsst_hardware_g 20.0044720843434 36.68000030517578 31.65999984741211 AB 9.440719504152685 1.0771441316836592
60860.1653 lsst_hardware_r -10.036621578842025 38.25 31.600000381469727 AB 8.98854022506341 1.036491449582097
60861.0845 lsst_hardware_y 123.09742382667291 72.76000213623047 30.729999542236328 AB 4.659573172412469 1.2754306128866248
60863.0691 lsst_hardware_r -22.919196762756883 75.52999877929688 31.579999923706055 AB 4.239363721356722 1.3310404148686292
60863.088 lsst_hardware_i -20.948872110450917 61.31999969482422 31.290000915527344 AB 3.1857031209991638 1.2316656180163508
60865.081 lsst_hardware_z -4.697969710059433 94.6500015258789 30.969999313354492 AB 3.547275439700706 1.238790095931799
60865.1009 lsst_hardware_r 40.724224782625214 140.82000732421875 31.6299991607666 AB 3.639335215155248 1.1578562644324073
60870.0565 lsst_hardware_g -5.0017604225533026 41.22999954223633 31.600000381469727 AB 9.270111704308158 1.2937145634370468
60870.0751 lsst_hardware_i -69.44954477308896 55.099998474121094 31.290000915527344 AB 8.628790596487812 1.2044654657297162
60872.0576 lsst_hardware_z 54.94451053515253 44.630001068115234 30.93000030517578 AB 4.887635361912827 1.2594834294570076
60872.0777 lsst_hardware_r -14.088007548510275 24.559999465942383 31.489999771118164 AB 4.562389539576067 1.1726246969288872
60875.0789 lsst_hardware_i 92.84962469659872 32.2400016784668 31.25 AB 3.121659851247613 1.1399853382523237
60875.0991 lsst_hardware_z 26.678976836287298 42.2400016784668 30.950000762939453 AB 3.126288966523173 1.0838861550409706
60877.0736 lsst_hardware_r -1.1691828141600675 24.549999237060547 31.489999771118164 AB 6.494954453118977 1.139465693529645
60877.092 lsst_hardware_g 12.728708717757886 15.25 31.440000534057617 AB 6.150352341700023 1.087787821312389
60879.0773 lsst_hardware_r 15.368818760415264 24.290000915527344 31.5 AB 5.33971632633044 1.1118618066278896
60879.0976 lsst_hardware_i -57.80845525155787 31.56999969482422 31.260000228881836 AB 6.865916102232713 1.0634938200484376
60881.0551 lsst_hardware_i 24.411759978607243 32.31999969482422 31.239999771118164 AB 5.47730845184907 1.1653847769891639
60881.075 lsst_hardware_z -23.059391790186243 42.41999816894531 30.950000762939453 AB 5.185125190726977 1.1032181256865907
60883.0802 lsst_hardware_u -2.3572368097166594 2.6700000762939453 28.360000610351562 AB 3.7422876302780477 1.0771497820473621
60883.0996 lsst_hardware_g -13.928600606005428 15.010000228881836 31.440000534057617 AB 3.149289716622393 1.0408007876471692
60891.0558 lsst_hardware_z -25.8784714756973 54.869998931884766 30.969999313354492 AB 1.5331422352351973 1.082982506641298
60891.0752 lsst_hardware_i 44.25651547534933 55.91999816894531 31.31999969482422 AB 1.4972418430114431 1.0448303161280135
60895.9886 lsst_hardware_y 158.86644994727348 95.9000015258789 30.739999771118164 AB 4.345100518208729 1.2771881498715187
60896.9811 lsst_hardware_z 5.107062742385827 72.8499984741211 30.959999084472656 AB 2.844570594002537 1.3030059597675474
60896.9993 lsst_hardware_r 336.71536100796425 102.30000305175781 31.610000610351562 AB 2.5326621186778997 1.213299749456457
60900.9827 lsst_hardware_y -20.30280675514707 50.7599983215332 29.979999542236328 AB 6.692188847925644 1.2388162927128075
60901.0027 lsst_hardware_u 0.8082894925709914 2.690000057220459 28.350000381469727 AB 3.6097454316837374 1.1575261926194444
60903.9812 lsst_hardware_y 24.18690902401701 50.20000076293945 30.0 AB 4.885207255341014 1.208960343660387
60903.9995 lsst_hardware_r 3.9337745593707067 24.1200008392334 31.5 AB 4.6144749890216685 1.1406909168642885
60905.9819 lsst_hardware_y -43.167182870417655 49.91999816894531 29.989999771118164 AB 3.494892614999659 1.1839067123982585
60905.9996 lsst_hardware_g -4.180152533931396 14.949999809265137 31.43000030517578 AB 3.2540315630711083 1.1233710804618326
60907.9822 lsst_hardware_z -80.58545711917937 44.34000015258789 30.940000534057617 AB 3.816255098760707 1.162429210709932
60908.0005 lsst_hardware_i -14.067938287193156 31.850000381469727 31.25 AB 2.903636283454009 1.105305018444617
60920.004 lsst_hardware_r -31.21730608179859 60.959999084472656 31.639999389648438 AB 1.645003297585544 1.0329691036643918
60920.0156 lsst_hardware_z -33.378641169474704 54.939998626708984 30.979999542236328 AB 1.5856799691741112 1.019402101686989
