data/validation/pwv_sim_epoch_fit_4/333601.ecsv
# %ECSV 0.9
# ---
# datatype:
# - {name: time, datatype: float64}
# - {name: band, datatype: string}
# - {name: flux, datatype: float64}
# - {name: fluxerr, datatype: float64}
# - {name: zp, datatype: float64}
# - {name: zpsys, datatype: string}
# - {name: pwv, datatype: float64}
# - {name: airmass, datatype: float64}
# meta: {SNID: '333601', alt: 1024.0, c: -0.06382083147764206, dec: 4.630479, lat: -30.244573, lon: -70.7499537, ra: 200.390625, t0: 61087.12890625,
#   x0: 1.7897784700040404e-05, x1: 0.032260581851005554, z: 0.359684556722641}
# schema: astropy-2.0
time band flux fluxerr zp zpsys pwv airmass
61078.3664 lsst_hardware_i 3177.2178079491227 87.20351250418543 31.290000915527344 AB 5.743846717095258 1.2176906332616717
61078.3852 lsst_hardware_y 691.7693325657976 79.11401838596485 30.0 AB 5.3840247808517105 1.2211672816493189
61082.3651 lsst_hardware_r 5483.209936754619 78.80246531629844 31.510000228881836 AB 5.408134237909916 1.2172258019153537
61082.3829 lsst_hardware_y 730.8515046769213 61.213693317060915 29.989999771118164 AB 4.6967621567846995 1.2288219134307852
61086.3353 lsst_hardware_r 5697.308387939368 79.01435739351594 31.479999542236328 AB 4.913845072772846 1.2225776134285984
61086.3532 lsst_hardware_g 3379.1652448589366 60.46812781420995 31.399999618530273 AB 4.937596189723145 1.2170559994387837
61088.3369 lsst_hardware_r 5650.301670647957 78.23610005191772 31.469999313354492 AB 5.066313909997288 1.2184497138040957
61088.3544 lsst_hardware_i 4279.980015875503 72.61223105260572 31.229999542236328 AB 5.065579308846039 1.2191526615754606
61090.3392 lsst_hardware_z 2612.761947927272 67.2669826436015 30.940000534057617 AB 3.740784661199434 1.2168451052966442
61090.3567 lsst_hardware_i 4244.415148187716 72.89985158408271 31.239999771118164 AB 3.762154876502193 1.2244604968274535
61092.3398 lsst_hardware_u 14.149849937942152 4.852558904501094 28.350000381469727 AB 6.93792499134987 1.2177139080912454
61092.3578 lsst_hardware_g 2678.0409073533006 53.17001232169521 31.399999618530273 AB 6.98255099870633 1.2313999850756994
61099.3176 lsst_hardware_r 3758.1380458569647 65.85256291865434 31.479999542236328 AB 6.3833500428347785 1.2170352798540867
61099.3373 lsst_hardware_i 3459.988523014502 66.71827476402687 31.229999542236328 AB 5.824649249115608 1.2297369891514005
61101.3094 lsst_hardware_z 1995.3368467783812 81.31262818468812 30.969999313354492 AB 4.2264905304955205 1.2168398840198236
61101.328 lsst_hardware_i 3439.039159430655 96.5197707910957 31.299999237060547 AB 4.25260303281674 1.2256811911565
61103.3162 lsst_hardware_z 3464.9261200181004 142.95756434336485 31.719999313354492 AB 8.880104461199059 1.220674863218538
61109.3054 lsst_hardware_z 1411.2444141288847 62.04486254288381 30.950000762939453 AB 10.574767284955666 1.224971111856799
61109.325 lsst_hardware_r 2150.586147763078 64.05663723471376 31.56999969482422 AB 10.903517510318508 1.253277874749254
61114.2735 lsst_hardware_u 4.829640798464553 3.476509873916629 28.309999465942383 AB 10.586517356370154 1.2168410754448453
61114.2927 lsst_hardware_g 420.4027386785801 25.957873209030463 31.3799991607666 AB 10.17466808163096 1.2258636242928866
61120.2709 lsst_hardware_g 235.2519314735954 22.798957716516778 31.389999389648438 AB 5.462718502003369 1.2214015655681094
61120.2905 lsst_hardware_r 915.8962675520752 39.55275830948553 31.469999313354492 AB 5.68131882373895 1.2449476988581025
61122.27 lsst_hardware_i 1439.716958675274 50.668195422751694 31.229999542236328 AB 7.47610324602201 1.225055152832971
61122.2896 lsst_hardware_z 1213.2826869069697 56.56346389593596 30.93000030517578 AB 7.6768287563305355 1.2534621203903236
61124.2507 lsst_hardware_i 1364.2229287781392 49.38621207253056 31.219999313354492 AB 7.95282332312717 1.2172688759888526
61124.2685 lsst_hardware_u 1.3802084889064705 3.2446223786111403 28.25 AB 8.037360561968454 1.229110828897941
61126.246 lsst_hardware_g 197.85285919560667 21.15508078595864 31.389999389648438 AB 7.669885461007922 1.2174421366679242
61126.2631 lsst_hardware_r 748.5163326115091 36.2444442727476 31.469999313354492 AB 8.63344475124661 1.2291788220319075
61133.2467 lsst_hardware_r 406.49279689878733 152.9930980882074 31.610000610351562 AB 8.781798679596836 1.2324466605286415
61133.2667 lsst_hardware_i 1000.0661850404083 126.99069796960295 31.299999237060547 AB 7.522158315567297 1.2692412580050954
61137.2131 lsst_hardware_i 888.802698750004 58.102099682176004 31.280000686645508 AB 10.436798191359857 1.216941925825355
61137.2314 lsst_hardware_z 752.0483493597483 58.54582866274494 30.950000762939453 AB 10.51239904346957 1.2273670803817176
61139.2075 lsst_hardware_g 144.1944171780883 36.37559468023991 31.610000610351562 AB 9.730557631454753 1.216928168015852
61139.2264 lsst_hardware_r 472.70814464836894 43.528330296674724 31.559999465942383 AB 8.946959077470055 1.2278534873014713
61148.1912 lsst_hardware_r 385.3382640021097 31.61423014777148 31.489999771118164 AB 15.730977048907917 1.2194555851866602
61148.2097 lsst_hardware_i 649.8510157675663 41.39267947082764 31.229999542236328 AB 14.726580511583157 1.2379265459391477
61152.1869 lsst_hardware_u 3.3564265267101416 3.158754408048618 28.329999923706055 AB 11.348930643405058 1.224000285095455
61152.2046 lsst_hardware_g 94.74751778114945 18.030778243477368 31.389999389648438 AB 11.503172581954795 1.247564945713876
61154.1878 lsst_hardware_r 328.30941752107066 31.001651001661685 31.479999542236328 AB 9.75340256399841 1.2305191690898483
61154.2055 lsst_hardware_z 447.99577018918956 48.912494946519075 30.93000030517578 AB 9.965448314965098 1.260319120826065
61156.1848 lsst_hardware_r 20.915933558501923 54.369998931884766 31.59000015258789 AB 7.92004112603295 1.2336192403156023
61156.2028 lsst_hardware_y -34.79600734916865 52.52000045776367 29.979999542236328 AB 8.138679411343505 1.2666055343369766
61158.1678 lsst_hardware_z 50.47682495869443 104.72000122070312 31.719999313354492 AB 2.7128403757311492 1.221862572111852
61162.1084 lsst_hardware_z -60.29831732806911 87.7300033569336 30.979999542236328 AB 11.094612402115644 1.2474616896264954
61162.1257 lsst_hardware_r 134.88840683019046 129.38999938964844 31.6200008392334 AB 9.125110399370241 1.2242992485738247
61164.1584 lsst_hardware_z -42.2755955356074 88.55999755859375 31.719999313354492 AB 12.378100879168382 1.2281384972509868
61174.08 lsst_hardware_r 7.714464422938184 24.530000686645508 31.479999542236328 AB 7.935651351079069 1.2400746980538184
61174.0995 lsst_hardware_i -15.128435424590897 32.70000076293945 31.229999542236328 AB 7.451381756232899 1.219671828279106
61186.0701 lsst_hardware_i -30.463505266898608 73.62999725341797 31.299999237060547 AB 6.357981647748909 1.2181597230327454
61186.0903 lsst_hardware_z 10.219525157131594 68.55999755859375 30.969999313354492 AB 7.846596844087856 1.221149339606706
61190.0429 lsst_hardware_z 65.47623339148535 108.76000213623047 31.719999313354492 AB 13.41831473827387 1.2309251204728235
61225.9626 lsst_hardware_y -1.6599593747598107 52.869998931884766 29.989999771118164 AB 5.966336907036087 1.21761977694614
61225.9882 lsst_hardware_r -30.487793485005337 25.520000457763672 31.489999771118164 AB 6.013267388455749 1.227197426215459
61438.3668 lsst_hardware_z -11.223082207261134 45.27000045776367 30.940000534057617 AB 12.075613349165689 1.226666668274956
61443.3657 lsst_hardware_z 11.576198416568717 44.4900016784668 30.940000534057617 AB 5.7943358538551095 1.2180651364000652
61443.3846 lsst_hardware_y 16.281745321654682 65.41000366210938 30.0 AB 5.385749936014673 1.2202669643369193
61450.3429 lsst_hardware_r 19.404581935450484 24.559999465942383 31.479999542236328 AB 2.987772512728018 1.2197479129324424
61450.3597 lsst_hardware_u 1.3740573064938413 2.7100000381469727 28.350000381469727 AB 3.030154880944968 1.217663203112323
61454.3389 lsst_hardware_i 6.214568261702604 32.61000061035156 31.229999542236328 AB 6.288621460097689 1.217152540664084
61454.3588 lsst_hardware_z 49.95074481066961 44.060001373291016 30.93000030517578 AB 6.422063858758169 1.223250258811095
61456.3372 lsst_hardware_r -5.128144249021469 94.26000213623047 31.6200008392334 AB 4.718400912192489 1.2167621727406308
61456.3545 lsst_hardware_z -65.00589529204989 68.02999877929688 30.969999313354492 AB 4.5773986882510105 1.2242307269994679
61458.3369 lsst_hardware_r -77.0747274577672 122.36000061035156 31.6200008392334 AB 11.42644849342356 1.2173927651207712
61458.3553 lsst_hardware_i 70.73167864598948 97.7300033569336 31.299999237060547 AB 11.470869158975356 1.230746939081608
61466.3115 lsst_hardware_i 29.306120648976197 33.540000915527344 31.239999771118164 AB 4.151859948257882 1.2168108286504504
61466.3278 lsst_hardware_z 75.46297755808271 44.4900016784668 30.93000030517578 AB 4.130007338274683 1.2247643163053552
61470.309 lsst_hardware_r 25.251824726396492 24.459999084472656 31.469999313354492 AB 8.711635960049971 1.219220595507501
61470.3257 lsst_hardware_i -9.401246151142887 32.88999938964844 31.219999313354492 AB 8.841378651886597 1.234829420654566
61474.3096 lsst_hardware_u -0.989383978458857 2.6700000762939453 28.31999969482422 AB 10.62047880156711 1.2284164091722765
61474.3273 lsst_hardware_g -7.928234496165568 14.829999923706055 31.3700008392334 AB 10.82820488754857 1.25646378365615
61479.1059 lsst_hardware_r -28.663204192536185 40.18000030517578 31.950000762939453 AB 23.757586870356224 2.63412216986302
61479.1388 lsst_hardware_g 6.862695476272001 14.390000343322754 31.139999389648438 AB 18.825312447023553 1.90289219114759
61489.2403 lsst_hardware_y -51.87910145563094 58.9900016784668 30.0 AB 8.681699223849725 1.217985511032872
61489.2604 lsst_hardware_r 278.1525888267203 98.76000213623047 31.610000610351562 AB 7.954664987131877 1.2211331693179293
61492.2551 lsst_hardware_z 32.64409363527431 70.23999786376953 31.700000762939453 AB 9.329565148905967 1.223282143650258
61499.2472 lsst_hardware_i -46.43848144477141 33.13999938964844 31.229999542236328 AB 6.7967537429531655 1.2357734078096665
61499.2661 lsst_hardware_u 3.2872598816192338 2.5899999141693115 28.219999313354492 AB 8.030632608890496 1.272700264222797
61501.2086 lsst_hardware_u 0.10149580681086431 2.6700000762939453 28.299999237060547 AB 18.029583056652534 1.2176391609814723
61501.2285 lsst_hardware_g -6.784139156799722 15.3100004196167 31.389999389648438 AB 18.136179365433584 1.2217303205708168
61503.2086 lsst_hardware_r -19.817752377460295 25.030000686645508 31.479999542236328 AB 11.307368934345979 1.2167619643113878
61503.227 lsst_hardware_i 42.07169451507636 33.119998931884766 31.229999542236328 AB 11.27619012153686 1.224962715983871
61505.2223 lsst_hardware_u -0.7034711140993497 2.759999990463257 28.3700008392334 AB 5.9306444900765305 1.225677422859575
61505.2395 lsst_hardware_g 28.85404409229677 15.4399995803833 31.399999618530273 AB 6.014087151850051 1.2501566973080758
61515.1931 lsst_hardware_i -75.99359867187698 128.7899932861328 31.309999465942383 AB 3.8461746621153146 1.223954386098379
61515.2107 lsst_hardware_z -63.66527864556078 109.44000244140625 30.979999542236328 AB 3.38537711644898 1.2473755034815697
61524.1541 lsst_hardware_g -5.778296541660297 15.050000190734863 31.399999618530273 AB 9.946379705153186 1.2169058182116825
61524.1711 lsst_hardware_r -52.70906878454157 24.56999969482422 31.469999313354492 AB 12.013861659824888 1.2263422303705291
61528.1537 lsst_hardware_i 43.66628142651322 32.79999923706055 31.239999771118164 AB 13.868378478720508 1.2209960582590196
61528.1704 lsst_hardware_u -2.2790800996535294 2.759999990463257 28.3799991607666 AB 14.295785641846406 1.2393040780656308
61532.1473 lsst_hardware_i 56.926741792508174 32.75 31.229999542236328 AB 7.5682257757898235 1.2244999097922937
61532.1666 lsst_hardware_r -22.164769833046176 24.610000610351562 31.469999313354492 AB 7.676530235866092 1.2517442497879268
61535.1459 lsst_hardware_r 29.355651503862713 24.59000015258789 31.479999542236328 AB 8.614721830800487 1.2317743457802761
61535.1633 lsst_hardware_i -57.497421401323024 33.099998474121094 31.229999542236328 AB 8.937517207637079 1.2619898392851086
61541.0708 lsst_hardware_z 39.406535930830714 69.75 30.959999084472656 AB 6.2559384021701865 1.2475075332110646
61541.0923 lsst_hardware_r 11.200119564809627 89.27999877929688 31.610000610351562 AB 6.664481806534103 1.2210483339196307
61543.0739 lsst_hardware_i -50.34311773388102 99.7300033569336 31.299999237060547 AB 10.376968463048975 1.233982297017081
61543.096 lsst_hardware_r -57.13404082862068 123.3499984741211 31.6200008392334 AB 10.33593725619485 1.217138160173675
61547.0791 lsst_hardware_z 4.805306975257707 88.36000061035156 31.709999084472656 AB 6.168166967809965 1.2192061211286376
61555.0378 lsst_hardware_i -0.1002091966204637 32.90999984741211 31.229999542236328 AB 11.995937680660877 1.2387698650482846
61555.0591 lsst_hardware_u -1.4860944837904257 2.640000104904175 28.290000915527344 AB 13.20842629341682 1.2183771140501058
61560.038 lsst_hardware_i -8.69395663274904 32.66999816894531 31.229999542236328 AB 13.736713776497147 1.2228075020805296
61560.0585 lsst_hardware_r -20.623242789922955 24.43000030517578 31.479999542236328 AB 13.986439843568565 1.2174295899002048
61572.9958 lsst_hardware_i 99.62138055008343 75.80999755859375 31.299999237060547 AB 8.919190185291232 1.2292582000884544
61573.0166 lsst_hardware_z 16.519009502341202 68.3499984741211 30.969999313354492 AB 7.320801251543651 1.2168210845271734
61580.9945 lsst_hardware_u -0.32463391764478966 2.680000066757202 28.299999237060547 AB 6.138560300122396 1.2168416083234563
61581.013 lsst_hardware_g -5.59270201606938 15.609999656677246 31.399999618530273 AB 6.209716485395347 1.2240718480968555
61582.9592 lsst_hardware_y -122.63766746532663 54.040000915527344 29.979999542236328 AB 9.563965309310415 1.2421809649290523
61582.9782 lsst_hardware_r -52.6010578408617 25.219999313354492 31.479999542236328 AB 9.347201058223575 1.220686190783126
61587.9702 lsst_hardware_y -16.25915155278743 70.11000061035156 30.75 AB 11.32681792213624 1.2179374109823913
61588.0033 lsst_hardware_r 6.771118076529191 36.099998474121094 32.2400016784668 AB 10.95367795136255 1.2345649987447225
61594.9627 lsst_hardware_z -3.2728914507768656 50.40999984741211 30.940000534057617 AB 3.7023610372394264 1.2173813521542496
61594.9847 lsst_hardware_g -3.566444902765191 23.510000228881836 31.520000457763672 AB 3.729503299013031 1.2352757269709185
