data/validation/pwv_sim_epoch_fit_4/3336642.ecsv
# %ECSV 0.9
# ---
# datatype:
# - {name: time, datatype: float64}
# - {name: band, datatype: string}
# - {name: flux, datatype: float64}
# - {name: fluxerr, datatype: float64}
# - {name: zp, datatype: float64}
# - {name: zpsys, datatype: string}
# - {name: pwv, datatype: float64}
# - {name: airmass, datatype: float64}
# meta: {SNID: '3336642', alt: 1024.0, c: -0.058866970241069794, dec: -49.702389, lat: -30.244573, lon: -70.7499537, ra: 43.541668, t0: 61711.1796875,
#   x0: 6.987473137084765e-06, x1: -0.4019455015659332, z: 0.5341454148292542}
# schema: astropy-2.0
time band flux fluxerr zp zpsys pwv airmass
61649.4138 lsst_hardware_i -15.738786838267545 35.290000915527344 31.260000228881836 AB 0.7268228798533226 1.0810454335944313
61651.4071 lsst_hardware_z -30.45424048305975 43.34000015258789 30.950000762939453 AB 1.2685399284572647 1.0797616074256757
61653.4021 lsst_hardware_u -2.876895340642334 3.109999895095825 28.479999542236328 AB 1.1904173884201954 1.0802335648096149
61653.4134 lsst_hardware_g -21.783776723347458 24.90999984741211 31.59000015258789 AB 1.1235370178083628 1.0936440796326428
61655.3959 lsst_hardware_r 3.9576150201094378 21.899999618530273 31.479999542236328 AB 2.1980876411095727 1.0794782767880038
61655.4067 lsst_hardware_i 7.895331988495285 33.59000015258789 31.260000228881836 AB 2.2096591978823494 1.0919986152124286
61672.3626 lsst_hardware_z 13.132822593152577 42.40999984741211 30.950000762939453 AB 4.498690694877885 1.0951048429597285
61672.3742 lsst_hardware_r 16.567594600509757 26.110000610351562 31.520000457763672 AB 4.624648066442438 1.1130320256179151
61678.2292 lsst_hardware_u -0.35148871071648935 2.569999933242798 28.350000381469727 AB 4.097454275982844 1.113589964936226
61680.3574 lsst_hardware_i 40.502485981497024 30.389999389648438 31.239999771118164 AB 2.755487172290319 1.1220933238592312
61680.369 lsst_hardware_r -7.4858093482843 22.09000015258789 31.469999313354492 AB 2.7860293900039412 1.1460425298245442
61682.3508 lsst_hardware_u -0.48842412580729727 2.597629661471771 28.350000381469727 AB 2.6799173823169724 1.1199766172530357
61682.3629 lsst_hardware_g 13.86691469730041 12.92221007103897 31.350000381469727 AB 2.7092816091611245 1.144605665044835
61684.3504 lsst_hardware_r -25.991180211649763 22.099772607026107 31.469999313354492 AB 7.023881403380153 1.1296954408331568
61684.3621 lsst_hardware_i 5.152859550740821 31.171512179550867 31.229999542236328 AB 7.204435291381653 1.1554055930046465
61686.3456 lsst_hardware_z 0.6520683877429636 42.292408246758995 30.940000534057617 AB 4.868685505234914 1.131024974113515
61686.3581 lsst_hardware_r 35.003602771664816 22.45814192426541 31.459999084472656 AB 4.988882641413184 1.1589474929717107
61688.3453 lsst_hardware_z 74.76538071187325 43.060682383444686 30.940000534057617 AB 3.4257196990273364 1.1419065663424455
61688.3569 lsst_hardware_g 22.888831280137232 13.537019249761284 31.350000381469727 AB 3.509161645177555 1.1697205483925184
61689.3269 lsst_hardware_z 27.616417122238158 43.20847248825363 30.93000030517578 AB 5.008154903724153 1.111523615533954
61689.3385 lsst_hardware_r 175.15702160197273 25.87902760998493 31.459999084472656 AB 4.946077155871129 1.1332517254830512
61692.3185 lsst_hardware_i 344.46918948446665 67.5466893196115 31.309999465942383 AB 5.582894280106213 1.111171156393461
61692.3301 lsst_hardware_r 550.0558679205611 81.9402618088982 31.6299991607666 AB 5.705648661557881 1.132822368277541
61694.325 lsst_hardware_z 598.574477109512 91.87564687586416 31.719999313354492 AB 7.934955880563058 1.1335651257947226
61700.3164 lsst_hardware_z 956.8761372591869 53.49646070295942 30.940000534057617 AB 2.9843911692238487 1.1506456120895832
61700.3275 lsst_hardware_g 768.5314893684244 41.37254419582636 31.59000015258789 AB 2.837140447573612 1.1787039665861065
61705.2936 lsst_hardware_i 1739.1203519536746 50.96637806391704 31.239999771118164 AB 3.513612179685938 1.1307787206326938
61705.3042 lsst_hardware_r 2272.4654853712304 51.92241135733266 31.459999084472656 AB 3.6624188559035855 1.1540629764938481
61707.3028 lsst_hardware_u 1.4099553406396395 2.994287354085478 28.299999237060547 AB 3.5516143308391457 1.1640184620655964
61707.3139 lsst_hardware_g 920.9080999225446 31.69311957515752 31.329999923706055 AB 3.6468015216119896 1.1943673105715313
61709.2959 lsst_hardware_r 2471.686766465546 53.55797773470541 31.459999084472656 AB 3.994756962794146 1.160423228117399
61709.3065 lsst_hardware_i 1823.4483442858098 52.83213522172398 31.229999542236328 AB 4.082665451378737 1.1887219249901693
61711.2874 lsst_hardware_i 1922.7087877829922 52.7536463607285 31.219999313354492 AB 3.5876962143641884 1.1530748204828676
61711.2979 lsst_hardware_z 1414.1660580562918 56.72938957615409 30.93000030517578 AB 3.576660941550049 1.179896945749961
61722.1502 lsst_hardware_r 3740.227530258513 132.27834980615242 32.400001525878906 AB 5.333300196973546 1.0666600393947092
61722.1624 lsst_hardware_z 2379.9825363811915 97.86671328674521 31.729999542236328 AB 5.306891814896848 1.0613783629793696
61724.2491 lsst_hardware_r 1606.103800803346 88.35606592873135 31.6200008392334 AB 8.606283827142821 1.146587240493315
61724.2598 lsst_hardware_i 1553.7695206737906 73.84431177574302 31.299999237060547 AB 5.443473331663803 1.1728674539443358
61726.2342 lsst_hardware_i 1404.38948148542 60.61501666237244 31.290000915527344 AB 6.115887897833176 1.1266949365044165
61726.2469 lsst_hardware_z 1088.2369965001417 59.625018594725255 30.950000762939453 AB 6.6926096381284195 1.154163538421387
61728.2381 lsst_hardware_r 1135.407198895348 52.73172979211607 31.579999923706055 AB 6.10435696320985 1.1464119373134607
61728.2518 lsst_hardware_g 277.7745384628013 43.127537694154135 31.639999389648438 AB 6.249267035234498 1.1807778999025975
61729.2401 lsst_hardware_r 971.5455298753025 45.86665413330777 31.540000915527344 AB 5.69379543333779 1.157510760995688
61729.2522 lsst_hardware_i 1292.1126263044748 50.218700812281405 31.25 AB 5.130224842999803 1.1896173548985052
61731.1818 lsst_hardware_g 122.19331102736889 17.31552859630413 31.360000610351562 AB 3.977544065075051 1.073416290669469
61731.1944 lsst_hardware_i 1111.214442236066 44.31579279042521 31.229999542236328 AB 4.0879411953775975 1.0860630168378316
61734.189 lsst_hardware_z 730.5586994139384 49.9216159317337 30.950000762939453 AB 6.464635800082704 1.089453551680894
61734.2006 lsst_hardware_r 736.6800648192049 33.65760374632993 31.469999313354492 AB 6.5796303625676265 1.105913162882196
61736.1404 lsst_hardware_u 2.4018397561255234 2.800196530086665 28.309999465942383 AB 3.816569546275384 1.0601582072987177
61736.1525 lsst_hardware_g 89.17274704119737 15.874273013364641 31.350000381469727 AB 3.8287164588162024 1.0635323496711673
61738.2217 lsst_hardware_i 708.3615000101389 40.774579043150254 31.229999542236328 AB 5.808564686905438 1.1732103992943177
61738.2337 lsst_hardware_z 673.8771811757193 50.564659691388364 30.93000030517578 AB 6.017118467245504 1.2078928971684741
61740.1892 lsst_hardware_z 698.711666228867 49.207302359091464 30.940000534057617 AB 8.663505800547679 1.1142056202877857
61740.2013 lsst_hardware_r 411.3281792857648 29.807561933412146 31.469999313354492 AB 8.794504097060416 1.1375635877713184
61742.1816 lsst_hardware_u 4.021883314827627 3.2518381838567265 28.360000610351562 AB 7.095094894086793 1.1105563003042809
61742.1936 lsst_hardware_r 325.080211852809 28.774366769732485 31.459999084472656 AB 7.2401035596698105 1.1328857936478725
61744.1984 lsst_hardware_i 580.3439461510544 38.146862187039 31.229999542236328 AB 2.8381697219435003 1.1557242072453071
61744.21 lsst_hardware_z 743.1115655890916 49.90342672204825 30.93000030517578 AB 3.200018248034251 1.1860705144678467
61746.183 lsst_hardware_z 708.7890932182897 51.09747017868269 30.940000534057617 AB 4.563296822648959 1.1335505893803821
61746.1954 lsst_hardware_r 332.7416156871784 34.672289065014255 31.530000686645508 AB 4.7221180326881385 1.161747916849514
61750.1008 lsst_hardware_z 663.0149642070585 57.28869350691582 30.969999313354492 AB 11.323161983683974 1.0600143839310971
61750.1128 lsst_hardware_r 316.3600263066024 65.35007897765765 31.639999389648438 AB 11.233861058478917 1.0629318565089454
61752.1037 lsst_hardware_i 353.56152829506675 64.24529351589689 31.31999969482422 AB 12.640019047421925 1.061666050038938
61752.1156 lsst_hardware_z 625.2606745376731 61.589736427193245 30.969999313354492 AB 12.654386726592625 1.0670553068589577
61754.1004 lsst_hardware_r 84.50505911974798 65.20501254215083 31.639999389648438 AB 8.263510318592477 1.0623789448140013
61754.1126 lsst_hardware_z 534.3150144335693 57.603927330949965 30.969999313354492 AB 8.312846354259621 1.0686220754544906
61758.0991 lsst_hardware_z 404.6459414724562 46.11673889690324 30.950000762939453 AB 3.29094472262087 1.0669873735937112
61758.1121 lsst_hardware_r 117.35630749985106 25.26743790346867 31.479999542236328 AB 3.310894102884746 1.0770054007756649
61760.1038 lsst_hardware_u 3.847459711600983 4.272562592362198 28.399999618530273 AB 3.330763504213229 1.0744398400687836
61760.1176 lsst_hardware_g 9.204992758979714 13.649381963708032 31.3700008392334 AB 3.3757783586143812 1.0889607608433487
61764.0842 lsst_hardware_g 1.4143419328132103 13.798381811431849 31.399999618530273 AB 6.487026649133338 1.067911210656516
61764.0981 lsst_hardware_r 87.73356368137138 24.771110026802422 31.479999542236328 AB 6.552881694529225 1.0793299064491761
61766.0847 lsst_hardware_i 214.25715242222037 33.125886420326566 31.239999771118164 AB 5.373263830395904 1.0721867365851014
61766.096 lsst_hardware_z 277.96304964868017 44.762536486913945 30.940000534057617 AB 5.451684669662723 1.0828651642988822
61774.0819 lsst_hardware_y 109.20309346572411 48.61732671604318 30.030000686645508 AB 2.4923923586081322 1.0921964761648257
61774.0943 lsst_hardware_g 58.47458260362709 21.861147444036966 31.540000915527344 AB 2.5546190014960164 1.1107039136939203
61995.4311 lsst_hardware_z 13.688054750431403 63.40999984741211 30.989999771118164 AB 4.977731422772932 1.0601820502160941
62009.2757 lsst_hardware_r 25.930397849301198 38.70000076293945 32.650001525878906 AB 3.205778137727707 1.2329915914337335
62009.2962 lsst_hardware_z 22.45592348871286 59.97999954223633 31.690000534057617 AB 3.535678684784028 1.1708514561748582
62009.3401 lsst_hardware_r -15.689540238036397 21.68000030517578 31.469999313354492 AB 2.9788670556689327 1.0879718976146577
62009.3564 lsst_hardware_y -37.19553704148372 47.209999084472656 30.030000686645508 AB 2.9514485342905075 1.071695183111941
62011.407 lsst_hardware_u 1.7111566101768931 2.890000104904175 28.469999313354492 AB 7.913121625206405 1.0678015867047146
62011.4173 lsst_hardware_g 10.248886462600698 21.079999923706055 31.559999465942383 AB 7.0306157723653815 1.0757579025882307
62016.4015 lsst_hardware_i 15.548645852352532 48.97999954223633 31.309999465942383 AB 1.2523080490140435 1.0738671279240048
62016.4122 lsst_hardware_z 34.30282251924098 54.63999938964844 30.969999313354492 AB 1.2945373375992528 1.0845048904767063
62026.2066 lsst_hardware_g 1.9490774247979232 13.09000015258789 31.299999237060547 AB 2.8737067669775658 1.3242888327083029
62026.2308 lsst_hardware_r -4.103376998824693 22.5 31.450000762939453 AB 2.843199637420318 1.2278104091350157
62027.3221 lsst_hardware_i -2.3134977201522346 30.950000762939453 31.25 AB 1.7296031512372727 1.0629538981279971
62027.3418 lsst_hardware_z -13.36030464864171 41.52000045776367 30.950000762939453 AB 1.5586625844986988 1.0599541547083977
62030.3946 lsst_hardware_u 3.588205982888552 3.359999895095825 28.530000686645508 AB 0.7798405352778658 1.1140579075398083
62030.4053 lsst_hardware_r 0.7691116426084922 32.72999954223633 31.549999237060547 AB 0.7941182018749777 1.134454574107111
62031.3791 lsst_hardware_g -3.7317293291608777 12.979999542236328 31.3799991607666 AB 1.8513915569393544 1.0943108404725452
62031.3912 lsst_hardware_i -2.0831053476431327 31.040000915527344 31.239999771118164 AB 1.8703223459783207 1.1129006868517801
62035.3816 lsst_hardware_u -0.7677308553659495 2.7699999809265137 28.440000534057617 AB 1.5612742212748703 1.115195872339193
62035.3948 lsst_hardware_g 3.5407222597742423 18.079999923706055 31.489999771118164 AB 1.5976378546219492 1.1411698961585353
62037.3816 lsst_hardware_r 42.58185439055982 22.110000610351562 31.469999313354492 AB 4.250671637320994 1.1252605260942405
62037.3923 lsst_hardware_i -12.345752096802084 34.38999938964844 31.25 AB 4.287552377882542 1.1477854043320952
62041.351 lsst_hardware_z 1.7225442767008383 41.56999969482422 30.940000534057617 AB 5.177021929538997 1.0932366021622502
62041.3631 lsst_hardware_r 47.82408256279304 21.81999969482422 31.459999084472656 AB 5.306775523554556 1.1115411894129037
62044.3448 lsst_hardware_r 9.053054874776466 39.86000061035156 31.600000381469727 AB 4.5801767936306215 1.0959545667710089
62044.3564 lsst_hardware_z 57.343827277084664 43.40999984741211 30.940000534057617 AB 4.649134109511988 1.1140987561734934
62046.1364 lsst_hardware_r 62.04878701474993 177.3300018310547 33.06999969482422 AB 4.377921938085637 1.4040801597453731
62046.1547 lsst_hardware_i -52.912383452475574 119.7300033569336 32.470001220703125 AB 4.184602820701448 1.3119933596806546
62048.347 lsst_hardware_z -3.234557819149067 61.38999938964844 30.969999313354492 AB 8.48752212352261 1.1167792267792906
62048.3586 lsst_hardware_r 26.078810308096404 83.8499984741211 31.6299991607666 AB 8.66122350533517 1.1396346717546277
62054.3295 lsst_hardware_z 14.751378328809169 44.90999984741211 30.950000762939453 AB 5.042255733741878 1.1148033901706562
62054.3402 lsst_hardware_g 8.989277464729652 35.310001373291016 31.639999389648438 AB 4.964008382006352 1.1353441321987532
62055.3207 lsst_hardware_r 22.471396755894368 30.559999465942383 31.549999237060547 AB 5.838906672002228 1.1047376397582203
62055.3337 lsst_hardware_z -24.363981422983876 43.86000061035156 30.950000762939453 AB 6.246831930528211 1.1276887680347403
62059.3243 lsst_hardware_g 9.01729426429554 12.970000267028809 31.360000610351562 AB 7.951429230579392 1.130722522301684
62059.3359 lsst_hardware_r -16.51026680175459 22.260000228881836 31.459999084472656 AB 8.467441847247887 1.1563989002352948
62064.3204 lsst_hardware_i 16.697144573249197 30.68000030517578 31.229999542236328 AB 2.6682215639689244 1.1519989482487465
62064.3311 lsst_hardware_z 32.86632468719234 42.650001525878906 30.940000534057617 AB 2.71500555483343 1.1791981851678006
62065.3176 lsst_hardware_r -24.385986264611333 22.010000228881836 31.459999084472656 AB 2.912224786077962 1.1518357756405915
62065.3288 lsst_hardware_u -1.9604381747003468 2.4700000286102295 28.239999771118164 AB 2.9127885829406286 1.180381703204361
62067.3154 lsst_hardware_g 11.157139303119676 12.899999618530273 31.34000015258789 AB 3.723521701827398 1.1596745502704047
62067.327 lsst_hardware_i 5.635345272099804 31.209999084472656 31.229999542236328 AB 3.8885547995077427 1.1907384299809358
62075.3022 lsst_hardware_r -91.62206980167173 69.30000305175781 31.6200008392334 AB 6.491011350709556 1.1823335793642178
62075.3138 lsst_hardware_y 52.40240673624365 52.65999984741211 30.0 AB 6.645061707337982 1.2173415438455946
62077.2864 lsst_hardware_z 132.11832148550758 88.97000122070312 31.729999542236328 AB 6.15601349224565 1.1555525263882238
62079.2876 lsst_hardware_r 74.1538400183392 74.31999969482422 31.6200008392334 AB 4.070401795176561 1.172350747458687
62079.2992 lsst_hardware_i -96.18089030032799 60.220001220703125 31.299999237060547 AB 4.70602249677144 1.2056419718456723
62081.2839 lsst_hardware_z -25.858926668300363 50.220001220703125 30.959999084472656 AB 6.1160380310201665 1.1770665956543815
62081.2959 lsst_hardware_r 43.6484551451888 54.400001525878906 31.600000381469727 AB 6.980660947971786 1.2124465389442964
62083.2457 lsst_hardware_i 105.47073586353588 38.38999938964844 31.280000686645508 AB 8.7220901876774 1.1070515553832598
62083.2563 lsst_hardware_z -18.89099126430575 45.72999954223633 30.950000762939453 AB 8.761299631616458 1.1258416386040466
62086.2514 lsst_hardware_g -24.069824609381353 13.430000305175781 31.3700008392334 AB 4.642834025382148 1.1323985427761336
62086.2617 lsst_hardware_r -30.29872261280182 23.219999313354492 31.479999542236328 AB 4.736536833405758 1.1552528861965263
62088.2486 lsst_hardware_i 56.559113552808526 30.43000030517578 31.229999542236328 AB 8.288325362000371 1.1379591353058793
62088.2598 lsst_hardware_r -0.4587427483550509 21.920000076293945 31.450000762939453 AB 6.683777717467211 1.1640156247768472
62091.2397 lsst_hardware_g -15.37175823863971 12.859999656677246 31.350000381469727 AB 6.651116251803833 1.1364572835201363
62091.2521 lsst_hardware_r -6.128449742677942 22.079999923706055 31.459999084472656 AB 4.6895986000603616 1.1652624177066973
62098.1835 lsst_hardware_g 15.27502682008472 15.350000381469727 31.459999084472656 AB 8.427658144349966 1.0793619549629687
62098.1948 lsst_hardware_r 28.256714071942202 21.8799991607666 31.479999542236328 AB 8.448681317755414 1.092501894537338
62100.1868 lsst_hardware_i 64.4363164915447 36.38999938964844 31.270000457763672 AB 5.080585397829727 1.0892414917092708
62100.1989 lsst_hardware_z -26.357815661611035 44.02000045776367 30.940000534057617 AB 5.210625971254478 1.1064466247000326
62103.22 lsst_hardware_z 16.600939320450557 52.13999938964844 30.950000762939453 AB 5.942207605482859 1.1669692862297987
62103.2326 lsst_hardware_r -20.104740276132052 55.709999084472656 31.59000015258789 AB 5.992549746385805 1.202357493255579
62105.1803 lsst_hardware_r -123.95523224245295 75.01000213623047 31.639999389648438 AB 8.549183250898587 1.0989020535233451
62105.1924 lsst_hardware_i -31.796507695539972 60.58000183105469 31.309999465942383 AB 8.647530842756192 1.1186612131245681
62107.1781 lsst_hardware_z -82.20225300074785 59.189998626708984 30.979999542236328 AB 7.044439322303776 1.103796899636686
62107.1902 lsst_hardware_i 20.703817032166892 65.2699966430664 31.309999465942383 AB 7.1850139428110475 1.1247565873767753
62112.1866 lsst_hardware_g -62.35687811153674 35.38999938964844 31.639999389648438 AB 5.068083133133361 1.1457179005613214
62112.1985 lsst_hardware_r -59.90028420863892 40.7400016784668 31.579999923706055 AB 5.214259318353609 1.1750443534317991
62116.1066 lsst_hardware_z -50.317159354701985 41.04999923706055 30.950000762939453 AB 13.311080407262763 1.061489665650938
62116.119 lsst_hardware_r -16.913270791421706 21.68000030517578 31.489999771118164 AB 13.297242262376438 1.0670231313092244
62118.0976 lsst_hardware_u -2.034453258110723 2.5799999237060547 28.389999389648438 AB 7.828817933354027 1.0606238168380635
62118.1102 lsst_hardware_r 29.36895639682502 21.6200008392334 31.469999313354492 AB 7.8726101600104075 1.0651496952422952
62120.1018 lsst_hardware_i 45.632532258833564 29.969999313354492 31.239999771118164 AB 10.74231289117546 1.0637361487633552
62120.1141 lsst_hardware_z 27.449290710507906 41.290000915527344 30.940000534057617 AB 10.812738291608554 1.0711329855184704
62122.105 lsst_hardware_r -29.133032070751455 21.75 31.479999542236328 AB 4.377450629097263 1.0685396165412357
62122.1174 lsst_hardware_u 1.5410720441576555 2.690000057220459 28.469999313354492 AB 4.314331134880082 1.0788075352895936
62128.0805 lsst_hardware_z -30.97239336401528 42.349998474121094 30.950000762939453 AB 6.824576991049691 1.06398497976606
62128.0922 lsst_hardware_r -36.02462667728775 27.760000228881836 31.540000915527344 AB 6.633287214342807 1.071094334626644
62131.0771 lsst_hardware_i -0.897143824162747 41.65999984741211 31.290000915527344 AB 6.8144941409755715 1.0664727322626975
62131.0886 lsst_hardware_z 96.55622482000115 46.4900016784668 30.959999084472656 AB 5.381003921558778 1.0748572127958276
62133.0799 lsst_hardware_r -8.446653394493236 55.91999816894531 31.6299991607666 AB 8.833959665460181 1.072147541168782
62133.0926 lsst_hardware_z 113.28293208992751 50.31999969482422 30.959999084472656 AB 8.132867841745664 1.0843823788994218
62137.0765 lsst_hardware_i -66.68848189350415 59.689998626708984 31.31999969482422 AB 7.436719225444528 1.0788728675707946
62137.0901 lsst_hardware_z 3.1190626990647488 56.290000915527344 30.969999313354492 AB 7.587255532661027 1.0949337076784242
62139.0837 lsst_hardware_r 8.072910938248418 45.380001068115234 31.600000381469727 AB 4.6379361183755154 1.093659404203388
62139.0988 lsst_hardware_g -39.61620460898117 50.900001525878906 31.68000030517578 AB 4.773129789223095 1.1173056622713236
