data/validation/pwv_sim_epoch_fit_4/33384412.ecsv
# %ECSV 0.9
# ---
# datatype:
# - {name: time, datatype: float64}
# - {name: band, datatype: string}
# - {name: flux, datatype: float64}
# - {name: fluxerr, datatype: float64}
# - {name: zp, datatype: float64}
# - {name: zpsys, datatype: string}
# - {name: pwv, datatype: float64}
# - {name: airmass, datatype: float64}
# meta: {SNID: '33384412', alt: 1024.0, c: 0.018402665853500366, dec: -64.386185, lat: -30.244573, lon: -70.7499537, ra: 100.035973, t0: 62144.21875,
#   x0: 3.192318392424443e-06, x1: 0.5651064515113831, z: 0.7370192408561707}
# schema: astropy-2.0
time band flux fluxerr zp zpsys pwv airmass
62090.2905 lsst_hardware_z 37.85302511426708 43.209999084472656 30.920000076293945 AB 7.246666432186708 1.2193488512340853
62090.3018 lsst_hardware_u 1.8957669539418698 2.4200000762939453 28.18000030517578 AB 5.875780913220839 1.212986189427056
62095.2631 lsst_hardware_i 51.435419663749585 31.260000228881836 31.209999084472656 AB 4.1828010809308855 1.2309597059831916
62095.2729 lsst_hardware_y -23.949263284127937 48.880001068115234 29.979999542236328 AB 4.0790551419767285 1.2222498427816806
62096.3375 lsst_hardware_u -3.007922541161473 2.7799999713897705 28.329999923706055 AB 5.732400385317227 1.2196596564504738
62096.3497 lsst_hardware_g 1.8360437454651863 19.709999084472656 31.489999771118164 AB 5.799820856883163 1.2298612879059543
62098.3414 lsst_hardware_r 6.01380267906626 23.170000076293945 31.469999313354492 AB 10.240457721140169 1.22718595363987
62098.3535 lsst_hardware_i 60.88082095953777 44.83000183105469 31.270000457763672 AB 10.387436572295536 1.2398961412042577
62100.3495 lsst_hardware_z -7.048759207974327 51.33000183105469 30.940000534057617 AB 6.332490527232095 1.2416648092611953
62105.3399 lsst_hardware_i 13.902549412002921 34.02000045776367 31.229999542236328 AB 9.04831367332616 1.246839420328808
62105.3515 lsst_hardware_z 27.759265514872986 60.77000045776367 30.950000762939453 AB 9.140702019390597 1.2638662514712538
62110.3354 lsst_hardware_z -43.25426706982781 76.09330502674804 31.700000762939453 AB 5.356883729020207 1.2599985249959325
62112.3103 lsst_hardware_y 90.86462065869618 50.421009938752306 29.989999771118164 AB 6.854937997852441 1.2342714637671612
62112.324 lsst_hardware_r 85.87880753320539 44.12964702634654 31.56999969482422 AB 6.925760576874764 1.2512289139516601
62114.2878 lsst_hardware_i -37.762813528129755 35.337137674550505 31.25 AB 11.243443809044384 1.2192971461617874
62114.3007 lsst_hardware_z 122.68213688946265 45.03110607540844 30.940000534057617 AB 12.349435719795556 1.2300234780672863
62116.2922 lsst_hardware_r 37.28327279119782 23.931400289632453 31.469999313354492 AB 12.893745795208538 1.2271576848965722
62116.3048 lsst_hardware_g 15.841501155175614 15.826699797308292 31.399999618530273 AB 13.078061926313795 1.2404497701141552
62120.2881 lsst_hardware_z 178.23462362116408 44.85604179002394 30.93000030517578 AB 12.943594922875086 1.233899759982184
62120.3011 lsst_hardware_i 149.4593895297135 34.186327488971905 31.219999313354492 AB 13.217226561583512 1.2497693597763555
62122.291 lsst_hardware_u 3.009368504100462 2.5757774636720403 28.25 AB 6.578050700690058 1.2436445741158415
62122.3027 lsst_hardware_g 28.45021109833261 14.12048030587245 31.309999465942383 AB 8.809134497446239 1.2601129345844493
62129.2204 lsst_hardware_z 445.42061193675596 47.8332945684493 30.93000030517578 AB 8.001837297449496 1.2088889282310709
62129.233 lsst_hardware_r 548.9266883259305 31.804759405736 31.450000762939453 AB 8.081174940222446 1.2119490005956612
62133.2223 lsst_hardware_r 1634.657985464989 83.18080939063677 32.34000015258789 AB 8.653361220717366 1.2120402298083885
62133.2357 lsst_hardware_z 1030.7054327190062 78.19848170021227 31.700000762939453 AB 8.726838846508402 1.2191727921916768
62135.2223 lsst_hardware_y 374.02646779630516 54.71906399830017 29.989999771118164 AB 8.086966157954029 1.2144719282086176
62135.2342 lsst_hardware_r 858.2350952465141 78.57148206425026 31.600000381469727 AB 8.097496561268414 1.2220484283928816
62137.1952 lsst_hardware_r 1004.0971178808583 87.06168637599728 31.610000610351562 AB 8.459976053125969 1.2086672909740397
62137.209 lsst_hardware_i 1109.543655463605 71.88382895398075 31.290000915527344 AB 8.523510228015091 1.2111929853651076
62139.2051 lsst_hardware_z 642.1283072697934 59.44780058639904 30.950000762939453 AB 4.582403981221099 1.211741907771115
62139.2175 lsst_hardware_r 926.2321397719755 69.82796138686142 31.600000381469727 AB 4.143572814568255 1.2179814269747942
62141.2038 lsst_hardware_z 700.7294714254544 55.16337580377891 30.950000762939453 AB 13.743254762349878 1.2134609967639745
62141.2172 lsst_hardware_r 895.9113023498124 55.91840550592664 31.59000015258789 AB 14.376234249294374 1.2215859497212351
62147.1851 lsst_hardware_g 130.30262174645605 16.216434117866644 31.329999923706055 AB 8.290047430593427 1.2124679354417063
62147.1972 lsst_hardware_r 744.988677148244 34.542993808155494 31.450000762939453 AB 8.298604331544942 1.2190086174722043
62151.1589 lsst_hardware_z 1300.443546733841 70.80946907234295 31.690000534057617 AB 6.682204638639348 1.2087924454846868
62151.1724 lsst_hardware_r 1214.8529805699873 47.15945191576136 32.220001220703125 AB 7.354014989747706 1.2117841383724297
62153.1595 lsst_hardware_u -2.8581886392516505 2.567965880415366 28.290000915527344 AB 1.8830197163090738 1.2096486400272424
62153.172 lsst_hardware_r 589.538646612693 32.457713361247514 31.450000762939453 AB 3.706538401079094 1.2139317907464333
62155.1594 lsst_hardware_i 914.2957476853609 43.175450964502886 31.229999542236328 AB 4.9217915131019385 1.2110707463341384
62155.1727 lsst_hardware_z 622.8954191117858 49.73639954031213 30.93000030517578 AB 7.060377831826463 1.2173065227287005
62157.1624 lsst_hardware_r 521.1446359326956 30.904909196445857 31.450000762939453 AB 14.467489667577738 1.214590176168052
62157.1759 lsst_hardware_u -3.5894821755603763 2.474079658218574 28.229999542236328 AB 14.070006599798614 1.223478834765097
62159.1582 lsst_hardware_g 47.833146109627044 19.07145517506817 31.459999084472656 AB 9.37850421680554 1.2152519285770829
62159.1728 lsst_hardware_r 427.2419210175891 30.237155299972862 31.450000762939453 AB 10.703855886987682 1.2254569540986664
62161.1578 lsst_hardware_i 684.155689817294 48.83201769502158 31.260000228881836 AB 9.53394561133005 1.2182528919504692
62161.1708 lsst_hardware_z 644.2710313967256 52.72187289434382 30.940000534057617 AB 9.478227317422792 1.2285851540779344
62166.1542 lsst_hardware_r 606.0301871910513 121.35004128363589 32.36000061035156 AB 14.741001617803118 1.2259138939501117
62166.1667 lsst_hardware_i 673.8417521304915 70.2394093205041 31.290000915527344 AB 15.293684452764232 1.2386559044921222
62168.0926 lsst_hardware_g 13.375812769359595 72.57343359914168 31.670000076293945 AB 9.252565660044201 1.2115974238381757
62168.1056 lsst_hardware_i 457.43511811462906 60.607854005968015 31.299999237060547 AB 9.24355697418679 1.2088084794385636
62170.0981 lsst_hardware_z 348.57049865374455 51.57990972894677 30.950000762939453 AB 8.797028085548854 1.2090057496030036
62170.1122 lsst_hardware_r 234.0858260823943 45.503158628199714 31.579999923706055 AB 8.825498941008894 1.2094971253752416
62172.0918 lsst_hardware_u 0.720838843760775 2.741475481537261 28.420000076293945 AB 7.460842141144848 1.2091146813296842
62172.1044 lsst_hardware_g 37.45166354031224 13.94863453419111 31.360000610351562 AB 7.48445621569474 1.2091205518085202
62174.0951 lsst_hardware_r 149.2910001772943 25.56995345237832 31.459999084472656 AB 6.671535889681558 1.2087575594301623
62174.1077 lsst_hardware_i 293.7481033071147 36.13289516425998 31.229999542236328 AB 6.670939463657509 1.2111547554866466
62176.0924 lsst_hardware_z 387.06536670631965 45.95401189971545 30.940000534057617 AB 7.181808366934964 1.2089908030303969
62176.1055 lsst_hardware_r 165.2845719519092 25.03488361200193 31.459999084472656 AB 7.187156889823743 1.212340211946653
62178.0877 lsst_hardware_u -2.211263207501246 2.5949080933998383 28.31999969482422 AB 1.9644616594370972 1.2090854958837054
62178.1012 lsst_hardware_r 106.65500234658215 24.76956930842208 31.459999084472656 AB 2.0135839818771255 1.2128197451450555
62180.0864 lsst_hardware_i 242.8893571379912 34.46105574607582 31.229999542236328 AB 4.1464423465126945 1.2098158956952036
62180.0989 lsst_hardware_z 274.0599822343402 45.49604815725894 30.940000534057617 AB 4.161711692957965 1.2142710638858096
62182.0834 lsst_hardware_r 74.63421198378559 24.323990461700117 31.459999084472656 AB 1.789916753931214 1.210425530976307
62182.0951 lsst_hardware_u -2.4685628068170895 2.5927470755312516 28.299999237060547 AB 1.7991917562013493 1.215122752950044
62184.0828 lsst_hardware_g 21.370075262134176 13.334374792747639 31.31999969482422 AB 1.553096862789667 1.2120155006487614
62184.0943 lsst_hardware_r 81.19613551933922 23.838114319539574 31.450000762939453 AB 2.865261284148242 1.217834994856355
62190.0548 lsst_hardware_z 172.1627446951159 48.151290714072374 30.940000534057617 AB 8.549404483569964 1.2090799722203316
62190.0733 lsst_hardware_r 77.24744046857273 54.95763098081655 32.310001373291016 AB 8.718132717489468 1.2151554418411692
62192.0779 lsst_hardware_z 247.97956934605529 51.441300704539394 30.950000762939453 AB 10.897893096149067 1.2216227664996442
62192.0909 lsst_hardware_i 175.2292459035511 47.91681305760662 31.270000457763672 AB 9.457108101207123 1.233361559937025
62194.0553 lsst_hardware_r -27.134657459087773 72.31612073988639 31.610000610351562 AB 9.381114890142785 1.211952056087176
62194.0697 lsst_hardware_z 257.14923625448677 57.91327714909384 30.950000762939453 AB 9.614428091858716 1.219640757561679
62196.0539 lsst_hardware_g -11.659993738905122 91.01952396677008 31.670000076293945 AB 4.4310691763499275 1.2136590458367373
62196.0676 lsst_hardware_r 13.939367019777668 82.81472799130299 31.610000610351562 AB 4.564544790021431 1.222100345387188
62199.0499 lsst_hardware_i 127.35354482534936 40.984909841913776 31.25 AB 5.457230060625445 1.2158023267828628
62199.0627 lsst_hardware_z 51.41182762858181 49.541206316697924 30.940000534057617 AB 5.501304426653561 1.2247574835317105
62200.0698 lsst_hardware_r 117.42059707241727 32.641549272969364 32.209999084472656 AB 13.20551292602194 1.2341600865441067
62200.1041 lsst_hardware_g 48.70456585939437 44.19112671812696 32.33000183105469 AB 13.258749953607376 1.285219227142141
62202.0485 lsst_hardware_r 60.846319360419606 22.749358576130863 31.440000534057617 AB 7.869646303024175 1.2201002020192322
62202.0636 lsst_hardware_i 51.77464687256214 32.48946232671505 31.219999313354492 AB 7.903898952410089 1.233378250051009
62204.0475 lsst_hardware_z -21.377589256955787 44.11617252202188 30.93000030517578 AB 13.330274140636742 1.2234847464330567
62204.0598 lsst_hardware_i 130.32326125217656 32.54127435780334 31.219999313354492 AB 13.28889841361945 1.235161657579323
62208.0481 lsst_hardware_r 54.7523653407434 22.961972689668407 31.450000762939453 AB 13.006677593567261 1.234322903304129
62208.0614 lsst_hardware_i 97.47199642785493 32.63303282267307 31.209999084472656 AB 13.2240847974594 1.2507015886626165
62458.335 lsst_hardware_r 30.526225111433792 22.469999313354492 31.450000762939453 AB 4.487164587519515 1.2131843693726156
62458.348 lsst_hardware_y 119.36967140394142 53.15999984741211 29.979999542236328 AB 4.503141274078703 1.2208597733709374
62460.3345 lsst_hardware_z 27.726836814271863 56.58000183105469 30.950000762939453 AB 6.106733898509386 1.2156736360669236
62460.3471 lsst_hardware_r -99.68986593068794 60.7599983215332 31.59000015258789 AB 6.138878522693762 1.2244492839839547
62461.3347 lsst_hardware_i 65.10142593461858 62.16999816894531 31.290000915527344 AB 4.495043855744408 1.2173992567692034
62461.3474 lsst_hardware_z 28.055686994457616 62.75 30.959999084472656 AB 4.51468675127818 1.2270949267346571
62465.2284 lsst_hardware_z -20.516742196647634 72.73999786376953 31.690000534057617 AB 7.830055441877234 1.258328739437377
62466.3421 lsst_hardware_z -5.551122003317215 50.9900016784668 30.940000534057617 AB 6.300958664728584 1.2354820911232518
62466.3534 lsst_hardware_r -85.45123170378963 55.189998626708984 31.579999923706055 AB 6.372144403944847 1.249440079204872
62468.3372 lsst_hardware_y 64.65951377845171 50.709999084472656 29.979999542236328 AB 4.705026391068621 1.2361046653127123
62468.3494 lsst_hardware_g 9.909676696702483 38.290000915527344 31.600000381469727 AB 4.767269958237552 1.2514709375843047
62473.324 lsst_hardware_g -18.77537924911962 13.229999542236328 31.34000015258789 AB 7.592525096104125 1.2366155583680662
62473.3352 lsst_hardware_r 15.158104603082036 23.030000686645508 31.459999084472656 AB 7.581374172388109 1.2507078645677387
62475.2837 lsst_hardware_r 31.23499847701991 22.260000228881836 31.440000534057617 AB 3.852188438686655 1.2112847853742723
62475.296 lsst_hardware_i 12.335664694772435 31.329999923706055 31.219999313354492 AB 3.721354441770241 1.2171232843073136
62477.3006 lsst_hardware_z 2.2970345762580253 43.029998779296875 30.93000030517578 AB 5.0818654739026945 1.2243983794489084
62479.2875 lsst_hardware_u 2.227206222438727 2.5 28.260000228881836 AB 8.408834788834271 1.218671708526706
62479.2997 lsst_hardware_g 6.043103427723547 12.899999618530273 31.31999969482422 AB 7.897100147497536 1.2284514501822186
62481.286 lsst_hardware_r -15.488495406657384 22.170000076293945 31.450000762939453 AB 11.665138294985988 1.2214804497367528
62481.2982 lsst_hardware_z -21.50798672101202 43.02000045776367 30.920000076293945 AB 10.211328368282295 1.232359204475295
62483.2879 lsst_hardware_r 38.209094889454605 22.459999084472656 31.450000762939453 AB 12.891435703303294 1.2276388632800739
62483.3 lsst_hardware_u 0.26215412033050056 2.5799999237060547 28.309999465942383 AB 12.404719388061572 1.2404719388061571
62485.2805 lsst_hardware_g -16.414369453002557 12.970000267028809 31.31999969482422 AB 10.004041565677545 1.225900188941268
62485.2919 lsst_hardware_r -35.15196007292921 22.56999969482422 31.440000534057617 AB 10.216158595118339 1.2373827825104733
62487.2229 lsst_hardware_z -4.4051931839079765 50.7599983215332 30.950000762939453 AB 10.204455829722209 1.2103015532998587
62487.2358 lsst_hardware_r 9.428412597894592 51.349998474121094 31.59000015258789 AB 10.252954603903886 1.2086472478961907
62489.2913 lsst_hardware_r 33.63851450973001 68.4000015258789 31.600000381469727 AB 5.465629437419957 1.2504299788194821
62489.3035 lsst_hardware_z -52.52810010270481 55.59000015258789 30.950000762939453 AB 6.148971203775986 1.2692248253287435
62493.2253 lsst_hardware_z 15.9325483800189 55.63999938964844 30.950000762939453 AB 8.126648934984713 1.2090978515878317
62493.2378 lsst_hardware_r -110.91647208244618 69.18000030517578 31.600000381469727 AB 8.149709668755367 1.2125288701886356
62495.2263 lsst_hardware_i 44.164507771538396 46.650001525878906 31.280000686645508 AB 8.047471268956064 1.2104494262656402
62495.2399 lsst_hardware_r -30.216114320077832 52.4900016784668 31.59000015258789 AB 8.083601254604082 1.2162649997523538
62497.2262 lsst_hardware_z 2.4033843787837212 46.88999938964844 30.93000030517578 AB 6.134341974975642 1.2122606541131402
62497.2376 lsst_hardware_g -21.36414090303014 36.130001068115234 31.600000381469727 AB 6.15679753139773 1.2182029147997842
62501.2032 lsst_hardware_i -35.24071888913804 31.520000457763672 31.219999313354492 AB 7.9279038909718835 1.2090748651780172
62501.2163 lsst_hardware_z 5.607587509758991 43.63999938964844 30.93000030517578 AB 8.164185903127477 1.2126829583294447
62503.227 lsst_hardware_u 1.3947345169029919 2.4700000286102295 28.239999771118164 AB 6.613621985371288 1.2223303324367825
62503.2395 lsst_hardware_g 7.602064273384077 12.779999732971191 31.31999969482422 AB 6.675816022694937 1.2338250411585017
62507.2052 lsst_hardware_i 16.728326795128194 31.329999923706055 31.219999313354492 AB 8.204477199585408 1.2152080574073034
62507.2179 lsst_hardware_r 31.660695050752256 22.309999465942383 31.440000534057617 AB 8.58712609736151 1.2237893775484923
62509.2046 lsst_hardware_u 0.6971923850869873 2.619999885559082 28.360000610351562 AB 8.23293481823562 1.2180699538741857
62509.2178 lsst_hardware_g 6.035712407900743 12.960000038146973 31.34000015258789 AB 9.926019135158995 1.2285057254443525
62512.1843 lsst_hardware_z -12.955370389841608 42.66999816894531 30.940000534057617 AB 8.277613082920464 1.2119196334282418
62512.1969 lsst_hardware_r -1.7589098607298477 22.079999923706055 31.459999084472656 AB 8.298065696000089 1.2183925747846647
