data/validation/pwv_sim_epoch_fit_4/33536735.ecsv
# %ECSV 0.9
# ---
# datatype:
# - {name: time, datatype: float64}
# - {name: band, datatype: string}
# - {name: flux, datatype: float64}
# - {name: fluxerr, datatype: float64}
# - {name: zp, datatype: float64}
# - {name: zpsys, datatype: string}
# - {name: pwv, datatype: float64}
# - {name: airmass, datatype: float64}
# meta: {SNID: '33536735', alt: 1024.0, c: -0.09472016990184784, dec: -5.079716, lat: -30.244573, lon: -70.7499537, ra: 172.792969, t0: 61496.22265625,
#   x0: 3.1206453224849498e-06, x1: -0.5355328917503357, z: 0.7433279156684875}
# schema: astropy-2.0
time band flux fluxerr zp zpsys pwv airmass
[from data line 133]
61832.206 lsst_hardware_r -13.43428276998102 24.5 31.489999771118164 AB 6.103710143248067 1.1171794899328393
61834.2415 lsst_hardware_u -6.096043290164378 2.6600000858306885 28.31999969482422 AB 12.021533174041931 1.108358480953503
61834.2604 lsst_hardware_g -11.645034331580815 15.380000114440918 31.40999984741211 AB 11.656843288216516 1.1282999891801493
61836.2317 lsst_hardware_r -13.61827653020338 24.559999465942383 31.489999771118164 AB 10.699632157631326 1.1059622882455216
61836.2505 lsst_hardware_z -27.43816024688977 42.95000076293945 30.940000534057617 AB 10.877654372749824 1.1221885717122528
61838.2309 lsst_hardware_r 24.010985250819246 70.5 31.6299991607666 AB 9.803973285796802 1.1085660387611105
61838.2486 lsst_hardware_y 55.832765595982906 52.97999954223633 30.020000457763672 AB 9.923949790613802 1.1270171813768508
61840.2269 lsst_hardware_z 76.57844711835193 96.58999633789062 30.989999771118164 AB 9.46279565763177 1.109571505682834
61840.2452 lsst_hardware_r -29.2619299872042 144.14999389648438 31.639999389648438 AB 9.650393404187659 1.130077783364271
61843.1789 lsst_hardware_z -54.530902716312525 74.77999877929688 30.979999542236328 AB 12.459878724206577 1.1141803383892137
61843.1957 lsst_hardware_r 142.8459042685657 104.66000366210938 31.639999389648438 AB 12.304516655982692 1.104138249818978
61849.1985 lsst_hardware_r 0.3483620336412446 24.790000915527344 31.489999771118164 AB 5.798575168081741 1.1071265237387846
61849.218 lsst_hardware_u -0.7634571389672127 2.9600000381469727 28.40999984741211 AB 5.542350454585951 1.1262078647875946
61851.191 lsst_hardware_g 11.183617572355297 15.6899995803833 31.450000762939453 AB 5.2603206336091795 1.1060775819749458
61851.2108 lsst_hardware_r 13.932465092275741 24.809999465942383 31.5 AB 6.429662711970511 1.1238213173643272
61853.1938 lsst_hardware_i -14.82524035600103 32.279998779296875 31.239999771118164 AB 6.587358152189265 1.1114152441689327
61853.2122 lsst_hardware_z -19.293650310345306 43.16999816894531 30.940000534057617 AB 6.698054239230239 1.1340460927643048
61855.1367 lsst_hardware_r 0.22042883477268713 24.709999084472656 31.489999771118164 AB 8.743573217104228 1.1251783228445118
61855.1567 lsst_hardware_u 1.0996092992651745 2.7200000286102295 28.3700008392334 AB 8.600026657288103 1.1064685310116384
61859.1824 lsst_hardware_z 32.21962219650369 42.81999969482422 30.93000030517578 AB 7.576778177009434 1.1160511387937841
61859.1993 lsst_hardware_r 9.610749570116912 24.68000030517578 31.479999542236328 AB 7.73423836690059 1.1400845185648296
61861.1768 lsst_hardware_u 1.7342058313839903 2.630000114440918 28.299999237060547 AB 5.982654012152955 1.1159065539105535
61861.1964 lsst_hardware_g 7.103552098961635 15.350000381469727 31.420000076293945 AB 6.008439348031872 1.1449007904023638
61865.1457 lsst_hardware_i 19.29037962164959 43.689998626708984 31.280000686645508 AB 7.758913201156062 1.1037907626834307
61865.1636 lsst_hardware_z -3.592273017248393 48.7400016784668 30.950000762939453 AB 7.800298920976605 1.1136655211388453
61867.1432 lsst_hardware_r -79.44610557073564 91.30000305175781 31.639999389648438 AB 11.215752180150696 1.104492402194462
61867.16 lsst_hardware_z -9.94953145093617 70.1500015258789 30.979999542236328 AB 11.269304026041551 1.1154781601598474
61875.1326 lsst_hardware_r -40.599321659117514 43.93000030517578 31.600000381469727 AB 11.72847255417262 1.1105105940701256
61875.1489 lsst_hardware_i -85.0541733633925 42.61000061035156 31.290000915527344 AB 11.905225036740452 1.1289567299981462
61877.1267 lsst_hardware_z 21.994452805650134 42.9900016784668 30.950000762939453 AB 16.20781026183932 1.1101746834448596
61877.1435 lsst_hardware_r 9.062082530641591 24.559999465942383 31.5 AB 16.542057369792456 1.129047916216439
61882.1025 lsst_hardware_r 65.267303868024 34.40999984741211 32.25 AB 9.94996633725476 1.104569975272509
61882.1237 lsst_hardware_u 5.728000615621829 4.010000228881836 29.219999313354492 AB 10.257234416646991 1.1206826152648035
61884.1156 lsst_hardware_g 16.789037840582164 15.100000381469727 31.420000076293945 AB 10.220032443607176 1.1176152270334272
61884.1344 lsst_hardware_r 1.9291226620584199 24.34000015258789 31.479999542236328 AB 11.168162041700386 1.1464716029667792
61887.0352 lsst_hardware_z -26.11309695893714 42.86000061035156 30.940000534057617 AB 5.350680555981864 1.1493451476198402
61887.0427 lsst_hardware_r 2.069784604002675 24.149999618530273 31.489999771118164 AB 4.6548254208233 1.1353232733715368
61890.0878 lsst_hardware_u -5.830273467634085 2.809999942779541 28.459999084472656 AB 11.696148669803355 1.1078521117502584
61890.106 lsst_hardware_r 14.097755841888175 24.31999969482422 31.5 AB 11.79397913350533 1.1261318756330878
61894.0821 lsst_hardware_y 81.62466802405493 51.08000183105469 30.030000686645508 AB 12.172598241948052 1.111618968245842
61894.1079 lsst_hardware_r 58.190710346855525 54.04999923706055 31.610000610351562 AB 13.550846635822593 1.1480849475406754
61896.0848 lsst_hardware_i -88.48274786552233 88.4000015258789 31.329999923706055 AB 4.032469956079836 1.1198713138847034
61896.1047 lsst_hardware_z 19.477341804298757 79.20999908447266 30.979999542236328 AB 4.054944881553208 1.1527917218346007
61898.0801 lsst_hardware_r -141.74844083647648 114.95999908447266 31.639999389648438 AB 11.514260837337766 1.1207911262820667
61898.097 lsst_hardware_z 85.86063324190569 80.37999725341797 30.979999542236328 AB 11.833396694973617 1.1481303390983226
61900.0746 lsst_hardware_r -18.368696367054007 97.87999725341797 31.639999389648438 AB 8.156211070399477 1.120743534235586
61900.0919 lsst_hardware_i 63.67192760791579 77.51000213623047 31.309999465942383 AB 8.679675160734643 1.1488650113480665
61909.008 lsst_hardware_r 16.582993308543188 24.610000610351562 31.5 AB 9.05007982868931 1.1071336902527393
61909.0312 lsst_hardware_u 2.6316678440186907 2.819999933242798 28.450000762939453 AB 8.974365637045802 1.105444340428553
61911.0037 lsst_hardware_g -16.071068426452477 15.5600004196167 31.450000762939453 AB 7.4104217577673435 1.1065147899360186
61911.026 lsst_hardware_r -1.3007265397704646 24.790000915527344 31.510000228881836 AB 7.362064968760191 1.1055534929936466
61918.9963 lsst_hardware_i 6.523956927453871 32.7599983215332 31.260000228881836 AB 9.744161575295738 1.1035290572248855
61919.0192 lsst_hardware_z 9.199395923334484 43.290000915527344 30.950000762939453 AB 10.554072850901747 1.1167149350229337
61924.9555 lsst_hardware_y -17.152051276349432 95.31999969482422 30.790000915527344 AB 12.918989253825373 1.1137059701573597
61924.968 lsst_hardware_r -115.04245031458696 117.1500015258789 32.38999938964844 AB 11.937935753873047 1.1053644216549117
