data/validation/pwv_sim_epoch_fit_4/33690343.ecsv
# %ECSV 0.9
# ---
# datatype:
# - {name: time, datatype: float64}
# - {name: band, datatype: string}
# - {name: flux, datatype: float64}
# - {name: fluxerr, datatype: float64}
# - {name: zp, datatype: float64}
# - {name: zpsys, datatype: string}
# - {name: pwv, datatype: float64}
# - {name: airmass, datatype: float64}
# meta: {SNID: '33690343', alt: 1024.0, c: -0.10098259896039963, dec: 2.985506, lat: -30.244573, lon: -70.7499537, ra: 188.261719, t0: 63018.75,
#   x0: 4.154549944927337e-06, x1: -0.820675790309906, z: 0.6613687872886658}
# schema: astropy-2.0
time band flux fluxerr zp zpsys pwv airmass
62890.3607 lsst_hardware_z 0.22825426546097063 45.09000015258789 30.940000534057617 AB 8.58529172314573 1.2000687340153382
62892.3589 lsst_hardware_u 1.4290066071744871 3.0999999046325684 28.469999313354492 AB 16.729610604761284 1.1973669198941657
62892.3791 lsst_hardware_y -117.00570394346978 76.7300033569336 30.020000457763672 AB 14.819283413679097 1.1943169214102887
62894.3602 lsst_hardware_z -60.34128175928431 43.880001068115234 30.93000030517578 AB 14.10129060610145 1.1941222894650059
62894.3772 lsst_hardware_y 73.01159388212133 65.43000030517578 30.010000228881836 AB 14.717885380993907 1.1958468723131348
62898.3585 lsst_hardware_r -26.181984849612704 24.889999389648438 31.479999542236328 AB 14.01654434746157 1.1933036222936806
62898.3755 lsst_hardware_z 41.8526454904981 49.15999984741211 30.940000534057617 AB 13.950171829918924 1.202730624413745
62907.3334 lsst_hardware_i -80.3005167086484 99.02999877929688 31.309999465942383 AB 4.082349937201432 1.1932334489445178
62907.3532 lsst_hardware_z -42.84940280170212 86.06999969482422 30.979999542236328 AB 4.114540528138924 1.2050787449396436
62909.3332 lsst_hardware_z 91.64228768734432 70.36000061035156 30.969999313354492 AB 7.254536339004256 1.1944900667954446
62909.3506 lsst_hardware_r 10.423887516958265 89.75 31.610000610351562 AB 7.4323746312139445 1.2084179548352076
62915.2286 lsst_hardware_u -0.5796613446942315 2.680000066757202 28.280000686645508 AB 7.26803888643467 1.3716947397451527
62918.3106 lsst_hardware_r 27.20460291329117 24.770000457763672 31.5 AB 7.741100690692565 1.1953060321470859
62918.328 lsst_hardware_i -1.8901465375609776 32.79999923706055 31.239999771118164 AB 7.863890361163442 1.210962623146808
62920.3072 lsst_hardware_z -25.755461461834294 43.880001068115234 30.93000030517578 AB 13.25933889804287 1.196367310118458
62920.3245 lsst_hardware_r -2.103451804539021 24.799999237060547 31.479999542236328 AB 13.306998202533375 1.2136992158458022
62922.2903 lsst_hardware_u 0.33830167697543806 2.7699999809265137 28.399999618530273 AB 10.560350527619708 1.1931026637866615
62922.3089 lsst_hardware_r -22.691560116448155 24.709999084472656 31.489999771118164 AB 10.81526640773405 1.2016962675260057
62924.299 lsst_hardware_i -37.569329343319076 32.83000183105469 31.229999542236328 AB 7.301760783598293 1.1980902097954067
62924.3179 lsst_hardware_z -22.30640966268333 44.380001068115234 30.93000030517578 AB 7.443553515712238 1.2204547492559514
62926.2737 lsst_hardware_z 49.21757006587172 43.970001220703125 30.93000030517578 AB 4.633252174913154 1.1938551050859516
62926.292 lsst_hardware_r -13.341205329872507 24.760000228881836 31.479999542236328 AB 4.963048366354274 1.197069070514779
62931.2716 lsst_hardware_r -87.66196959515617 68.19000244140625 31.610000610351562 AB 9.304847961093765 1.1939752297218242
62931.2878 lsst_hardware_i 38.3129653391782 57.2400016784668 31.290000915527344 AB 9.368975203159518 1.2052066509933455
62933.2705 lsst_hardware_z 25.551657254069497 85.7300033569336 30.979999542236328 AB 11.83759295949954 1.195716460555509
62933.2902 lsst_hardware_r 212.53597178539366 126.22000122070312 31.610000610351562 AB 12.033062065765055 1.215460814723743
62936.2701 lsst_hardware_z 147.81692151931264 96.08999633789062 30.979999542236328 AB 10.574288464653957 1.2011687010208962
62936.2891 lsst_hardware_r 473.3921670476428 138.77999877929688 31.610000610351562 AB 10.881147641071394 1.2275432141849836
62938.2374 lsst_hardware_z -136.168027477136 60.470001220703125 30.969999313354492 AB 16.59144183558623 1.195119225575302
62938.2555 lsst_hardware_i -26.804784473627592 62.939998626708984 31.299999237060547 AB 18.216968889648307 1.195077775397877
62940.2374 lsst_hardware_z -71.18002861615601 47.810001373291016 30.950000762939453 AB 11.017066555318827 1.1934210643252605
62940.2563 lsst_hardware_r -16.141560734375297 41.75 31.579999923706055 AB 10.429567772275202 1.1988008933649659
62942.2368 lsst_hardware_u 0.3383140162147072 3.259999990463257 28.479999542236328 AB 9.845448730468087 1.1931346357400545
62942.2571 lsst_hardware_g 21.89413630332211 20.93000030517578 31.510000228881836 AB 9.5154105144347 1.204482343599329
62945.2335 lsst_hardware_r 31.008472018417805 25.329999923706055 31.510000228881836 AB 5.891841178787413 1.1940097636614473
62945.2525 lsst_hardware_i 38.23754516262041 33.11000061035156 31.239999771118164 AB 6.042001471205125 1.208642022645554
62947.2309 lsst_hardware_z -26.92280447352646 44.27000045776367 30.940000534057617 AB 6.9428257280938945 1.1950643152424405
62947.2498 lsst_hardware_r -39.891993393384745 25.510000228881836 31.5 AB 7.038386879048369 1.2122957162132704
62949.2336 lsst_hardware_u -0.7281348381075632 2.809999942779541 28.40999984741211 AB 7.085927396511261 1.2002926054901877
62949.2518 lsst_hardware_r -9.04165906140611 25.360000610351562 31.489999771118164 AB 7.486503889047608 1.22420176696289
62951.1689 lsst_hardware_i -7.502218072132109 33.5 31.229999542236328 AB 9.091873411439652 1.2376631379580163
62951.187 lsst_hardware_z -0.348835108710142 44.380001068115234 30.940000534057617 AB 8.879163832306993 1.2072829721229597
62953.2162 lsst_hardware_r -7.241103590920401 25.489999771118164 31.5 AB 9.115337063885967 1.195872269718717
62953.2347 lsst_hardware_u -6.390908215179042 2.9100000858306885 28.469999313354492 AB 9.33017649524176 1.2141289791673853
62957.2094 lsst_hardware_i -3.237628587052086 35.560001373291016 31.25 AB 5.046240514794612 1.1984421741912474
62957.2273 lsst_hardware_z 11.95867255338873 44.630001068115234 30.93000030517578 AB 5.172389510424692 1.2196155412460956
62959.2098 lsst_hardware_r 20.50722770194948 60.31999969482422 31.600000381469727 AB 8.59280795411932 1.2035587862062347
62959.2278 lsst_hardware_z -76.38244063122353 55.4900016784668 30.950000762939453 AB 8.764791335329988 1.2304483677155775
62961.2071 lsst_hardware_r -35.22952140376118 107.55999755859375 31.610000610351562 AB 8.913457417022435 1.2065729901552102
62961.2242 lsst_hardware_i 104.58277356607988 88.66000366210938 31.290000915527344 AB 8.767210500166309 1.234238925410555
62963.1751 lsst_hardware_i 83.57924505699854 135.32000732421875 31.31999969482422 AB 12.098068374111936 1.193338762488875
62963.1934 lsst_hardware_z -58.897171562164566 114.0 30.979999542236328 AB 12.110409673725467 1.1987240774765036
62964.1758 lsst_hardware_r -75.38622215614708 152.39999389648438 31.6200008392334 AB 9.945489622790127 1.193100824487469
62964.1929 lsst_hardware_z 212.1073428054291 102.1500015258789 30.979999542236328 AB 10.166322720598465 1.200510457067325
62967.1927 lsst_hardware_r -65.06005136796767 63.220001220703125 31.600000381469727 AB 3.9792573012725225 1.2089801153320574
62967.2091 lsst_hardware_i -41.62682838290409 55.0 31.280000686645508 AB 3.4635095026288094 1.236967679510289
62969.1995 lsst_hardware_z 41.68870194845799 67.93000030517578 31.690000534057617 AB 12.194921589378588 1.228501167499522
62971.1613 lsst_hardware_r -25.164574704003517 24.989999771118164 31.489999771118164 AB 12.630784016814877 1.1936854854600754
62971.1791 lsst_hardware_g 13.404214741145823 15.510000228881836 31.420000076293945 AB 11.937192192073208 1.2057769890983039
62974.1573 lsst_hardware_r -21.56879889220434 24.950000762939453 31.489999771118164 AB 14.082486117817272 1.1951190481881702
62974.1738 lsst_hardware_i -25.623981482400925 33.27000045776367 31.239999771118164 AB 15.599338553496947 1.209251050658678
62976.1599 lsst_hardware_z 43.1684672303111 44.02000045776367 30.940000534057617 AB 7.784521665057987 1.2003117247760469
62976.1776 lsst_hardware_i 11.049661959461906 33.11000061035156 31.239999771118164 AB 3.9037001255090065 1.223346952525761
62978.1522 lsst_hardware_u 3.207831146437103 2.8299999237060547 28.440000534057617 AB 12.216179743049004 1.198545964488497
62978.1703 lsst_hardware_g -10.350382519200524 15.489999771118164 31.43000030517578 AB 11.157943454915804 1.220180814141375
62985.162 lsst_hardware_z 33.506445740205265 63.70000076293945 31.68000030517578 AB 10.309625636918955 1.2415252452937084
62992.1211 lsst_hardware_r 112.90531278776355 136.64110234446912 31.6200008392334 AB 4.228215189625306 1.20504886059868
62992.1397 lsst_hardware_i -56.775501581328726 109.62408293993172 31.309999465942383 AB 4.422757474939415 1.234545003472272
62994.1355 lsst_hardware_z 234.46947016814786 98.73321218531663 31.719999313354492 AB 12.205967939120947 1.2372376401724137
62996.0787 lsst_hardware_r 105.29035618564849 55.249473698145884 31.600000381469727 AB 8.745249138845969 1.1952776790605262
62996.0878 lsst_hardware_i -27.436371993760737 50.406864945354876 31.280000686645508 AB 8.785743331293773 1.1931072254345645
63000.0716 lsst_hardware_z 155.0107855927971 46.2717866800868 30.940000534057617 AB 7.624473966669574 1.19387347460767
63000.0877 lsst_hardware_u 32.241139013254525 6.214618806386975 28.389999389648438 AB 7.374445931623223 1.1957914596438253
63001.0355 lsst_hardware_r 394.51018956263704 32.03316158956071 31.489999771118164 AB 7.2566417313585045 1.2311391154699078
63001.0546 lsst_hardware_g 170.86466739274877 19.928084208426306 31.420000076293945 AB 7.818249314316372 1.2028075868179033
63014.0554 lsst_hardware_z 1588.7515584993405 75.47936567163752 31.690000534057617 AB 8.858845383233396 1.1997082112493451
63016.0441 lsst_hardware_g 416.40792040284765 51.41671478742603 31.6299991607666 AB 12.96890491296224 1.1958418545839198
63016.0627 lsst_hardware_r 1506.7721387293439 65.80316702802864 31.579999923706055 AB 13.173118042019727 1.214168214389578
63021.0013 lsst_hardware_z 880.0367167173135 75.51679768295746 30.969999313354492 AB 13.519660490024695 1.201569588803854
63021.0214 lsst_hardware_i 1364.151403919467 86.62662952386157 31.309999465942383 AB 13.530533748034161 1.1931687608495463
63022.9971 lsst_hardware_z 807.481893598193 67.60584287504021 30.959999084472656 AB 5.161954182953161 1.200454461151898
63023.0191 lsst_hardware_g 277.21167486398735 92.32924167244212 31.65999984741211 AB 5.26100547017166 1.1936484333912016
63032.9592 lsst_hardware_y 280.49863073956215 54.9135298017397 29.989999771118164 AB 11.122740705071402 1.212353883598169
63032.9803 lsst_hardware_r 638.6437933866724 36.89385984465542 31.5 AB 10.962867174545481 1.1942446335189392
63036.9591 lsst_hardware_y 178.85892922944927 54.62940483646085 30.0 AB 4.39997235368339 1.2002652476517546
63036.9786 lsst_hardware_g 88.99235519036853 18.652113616310015 31.440000534057617 AB 4.406603737195108 1.1932583740571205
63042.961 lsst_hardware_y 337.827982279883 76.60000280074817 30.75 AB 7.5019467894595335 1.1931525708881963
63042.9826 lsst_hardware_i 985.127117681059 60.06998762736971 32.0 AB 7.442043988760562 1.2059053670889526
