data/validation/pwv_sim_epoch_fit_4/33725565.ecsv
# %ECSV 0.9
# ---
# datatype:
# - {name: time, datatype: float64}
# - {name: band, datatype: string}
# - {name: flux, datatype: float64}
# - {name: fluxerr, datatype: float64}
# - {name: zp, datatype: float64}
# - {name: zpsys, datatype: string}
# - {name: pwv, datatype: float64}
# - {name: airmass, datatype: float64}
# meta: {SNID: '33725565', alt: 1024.0, c: -0.053211234509944916, dec: -13.554784, lat: -30.244573, lon: -70.7499537, ra: 294.433594,
#   t0: 63088.39453125, x0: 3.851458499127381e-06, x1: -1.1749393939971924, z: 0.6825763583183289}
# schema: astropy-2.0
time band flux fluxerr zp zpsys pwv airmass
62985.3992 lsst_hardware_g -0.16129550708148613 15.880000114440918 31.469999313354492 AB 13.03681738393205 1.047554631091366
62985.424 lsst_hardware_z 91.04147651930796 56.119998931884766 30.979999542236328 AB 12.08237626838247 1.0468409269289727
62989.3422 lsst_hardware_i 33.49208537326152 32.34000015258789 31.25 AB 12.859440958060993 1.111591041021826
62989.36 lsst_hardware_y 52.84608523939825 47.650001525878906 30.040000915527344 AB 12.480171224255844 1.076433605680166
63001.3352 lsst_hardware_i 83.81363938084174 33.33000183105469 31.260000228881836 AB 8.17302924683354 1.0651326682740305
63001.36 lsst_hardware_z -17.0507511357166 42.560001373291016 30.950000762939453 AB 8.050312097594945 1.045766705325402
63003.3454 lsst_hardware_r -27.618143771802966 24.5 31.520000457763672 AB 7.771519236216393 1.0502053021914044
63003.3694 lsst_hardware_u 2.140721427862508 2.880000114440918 28.5 AB 7.733562934032476 1.0450760721665509
63004.3049 lsst_hardware_u -1.4730359988740998 2.7799999713897705 28.43000030517578 AB 8.77000729450213 1.1032033915197037
63004.3181 lsst_hardware_g -21.806644678844737 15.319999694824219 31.459999084472656 AB 8.497455515842391 1.0779583084740774
63008.3472 lsst_hardware_r -5.535292284052479 24.100000381469727 31.510000228881836 AB 4.3948762814778455 1.0444925013414827
63008.368 lsst_hardware_z -69.35551684849524 41.93000030517578 30.950000762939453 AB 4.427310210644197 1.0505778629173492
63012.3203 lsst_hardware_r -16.958189678060634 24.100000381469727 31.520000457763672 AB 5.9337315993284365 1.0505588714913192
63012.3422 lsst_hardware_u -4.6243048546612595 2.7899999618530273 28.469999313354492 AB 5.965272996297101 1.0446148316779793
63014.3236 lsst_hardware_g 17.21872276181676 15.15999984741211 31.459999084472656 AB 8.173749597277734 1.0460725768392556
63014.3425 lsst_hardware_r -20.498968229162426 24.110000610351562 31.520000457763672 AB 9.415373596657423 1.045958925753433
63016.3308 lsst_hardware_i 1.531204597337381 31.459999084472656 31.260000228881836 AB 13.446160492188145 1.044558045887304
63016.3492 lsst_hardware_z 63.53244307672279 41.97999954223633 30.950000762939453 AB 13.06183893844505 1.0528080820885317
63018.3239 lsst_hardware_r 17.971215979146773 23.989999771118164 31.510000228881836 AB 7.092420706237142 1.0444365854462707
63018.3441 lsst_hardware_u 0.7958912723201576 2.740000009536743 28.43000030517578 AB 7.047842439380695 1.053095620378139
63021.3108 lsst_hardware_z 80.03855587080199 89.37000274658203 31.739999771118164 AB 12.548385859239827 1.044588945848355
63023.3013 lsst_hardware_r 89.37966830063905 128.35000610351562 31.65999984741211 AB 6.405693512006604 1.045372384051559
63037.2812 lsst_hardware_r 41.41727867845322 41.83000183105469 32.70000076293945 AB 3.684150477241531 1.0465097816758995
63037.3053 lsst_hardware_i -55.23996986514215 44.869998931884766 32.0099983215332 AB 3.86921825317651 1.0669045483149608
63043.26 lsst_hardware_z 57.87757424307867 41.83000183105469 30.950000762939453 AB 6.059143712983976 1.0450403092418032
63043.2814 lsst_hardware_r -12.588082493857248 24.290000915527344 31.510000228881836 AB 6.0515811832638935 1.058153730243759
63047.2212 lsst_hardware_z -24.319357116376565 46.72999954223633 30.959999084472656 AB 3.496332140282794 1.0531913970277262
63047.24 lsst_hardware_r 27.22652604471793 42.38999938964844 31.6200008392334 AB 3.448129966640551 1.044571331911709
63062.1157 lsst_hardware_i -27.97513764238036 33.12270076193611 31.25 AB 7.6226111632817375 1.1963292435179291
63062.153 lsst_hardware_z -47.30871215782639 60.56640726272355 31.700000762939453 AB 7.60282381531461 1.0899064101851117
63062.1856 lsst_hardware_r -7.127765721208649 25.458232378583137 31.520000457763672 AB 6.716197106143683 1.0494057978349505
63067.2155 lsst_hardware_i 222.17413214782405 34.1396267151333 31.25 AB 3.0804329592681685 1.0577804472963435
63067.2311 lsst_hardware_r 100.40100023219118 27.085477028251777 31.510000228881836 AB 3.1321306696513997 1.0782479785362555
63069.187 lsst_hardware_u 24.875009743944407 5.581125862185551 28.440000534057617 AB 5.6510253392550895 1.0446805532268466
63069.2064 lsst_hardware_g 113.76845047498864 18.767893055441025 31.469999313354492 AB 5.685261468095622 1.0543882544687728
63072.1639 lsst_hardware_r 440.2896112719467 32.357673639614205 31.520000457763672 AB 5.923675463242497 1.0465857708909005
63072.184 lsst_hardware_i 430.45226366962214 37.75539870665592 31.260000228881836 AB 6.113652359400266 1.0459180290663814
63073.1509 lsst_hardware_z 372.0566453036448 45.82552009508947 30.950000762939453 AB 9.723739270358775 1.0526470355554938
63073.1708 lsst_hardware_r 469.91098463566595 33.612311405866436 31.520000457763672 AB 11.348334714735733 1.0444294030603418
63077.1151 lsst_hardware_i 838.7071193462251 63.10675465027093 31.31999969482422 AB 5.638141608027064 1.0842580015436662
63077.1349 lsst_hardware_z 581.392102924233 59.431717368202065 30.979999542236328 AB 5.886781448942702 1.0571100245014953
63081.1459 lsst_hardware_i 1172.125675051555 123.07609608926408 31.34000015258789 AB 1.9915511280013423 1.0447481327220156
63081.1676 lsst_hardware_r 1655.5083716398076 154.0270749101583 31.65999984741211 AB 2.3569634996849125 1.049872382933146
63085.131 lsst_hardware_r 2696.715451182222 76.4790584326981 32.36000061035156 AB 2.76963675025455 1.0456720678031273
63085.1503 lsst_hardware_i 2517.9580179478367 78.96688068272614 32.04999923706055 AB 2.8309886240622437 1.0465762011320678
63094.0949 lsst_hardware_i 1046.5041366762584 46.07889913655782 31.260000228881836 AB 5.38665061930496 1.05163517117853
63094.1172 lsst_hardware_r 987.1302106939901 39.29371246192626 31.510000228881836 AB 5.334282518701594 1.044504115665086
63099.0849 lsst_hardware_u 7.431153021738163 2.856560783326993 28.479999542236328 AB 2.5902435483602426 1.0492125765509843
63099.1077 lsst_hardware_g 72.79578054769362 17.291172084700552 31.450000762939453 AB 2.5881315502938014 1.0451818476703894
63100.0405 lsst_hardware_r 1367.2509937929035 50.738221641501276 32.2599983215332 AB 3.338717952247582 1.1084107626561994
63100.0617 lsst_hardware_i 1801.6237615958448 61.72260690822202 32.0099983215332 AB 3.2045777037604917 1.0693807687742098
63108.0486 lsst_hardware_i 527.8492989946533 99.37658452825642 31.329999923706055 AB 4.4381421624335236 1.0587802618079618
63108.0659 lsst_hardware_z 587.2818286928779 86.73597135468006 30.989999771118164 AB 4.32427871222617 1.0464707392404067
63110.052 lsst_hardware_z 513.1839892244797 77.22593681394356 30.989999771118164 AB 1.3166409946023547 1.0510705119231143
63110.0694 lsst_hardware_r 125.86878607458429 111.38932712788005 31.65999984741211 AB 1.3452536084151256 1.0444515593285137
63113.0516 lsst_hardware_i 356.66818461017266 44.43337950703478 31.290000915527344 AB 1.6447620658200834 1.04673020735262
63113.0697 lsst_hardware_r 198.9377492464001 46.27415937424839 31.610000610351562 AB 1.6605335725720347 1.04523724668823
63115.0246 lsst_hardware_z 420.21401711103596 46.59647339009693 30.950000762939453 AB 0.9304012795348638 1.0643293950827803
63115.0438 lsst_hardware_u -0.7770820386241846 2.8520627841052577 28.510000228881836 AB 0.6863069718935114 1.047796903654216
63118.0235 lsst_hardware_g 66.07247899646796 17.014079045734157 31.459999084472656 AB 2.7603176379675625 1.0565809140545692
63118.042 lsst_hardware_r 177.71623906929733 27.200069325341108 31.510000228881836 AB 2.6698445246628077 1.0453580754357117
63121.025 lsst_hardware_i 252.33159548385146 35.019915877310844 31.25 AB 2.0982229179205176 1.0491114589602588
63121.0451 lsst_hardware_z 275.3773160935334 45.105433997785426 30.940000534057617 AB 2.992701942709573 1.0446946507015034
63123.0158 lsst_hardware_i 187.83394297385726 34.76535755186751 31.260000228881836 AB 1.4722026447983234 1.0515733177130882
63123.0344 lsst_hardware_u 4.12153341325927 2.9037284625249735 28.43000030517578 AB 1.4621953324869403 1.0444252374906717
63125.018 lsst_hardware_g -3.753658269902796 16.33422355578387 31.469999313354492 AB 2.6325513854251175 1.04708706082537
63125.0359 lsst_hardware_r 88.45347202905482 26.15264286704509 31.510000228881836 AB 2.659005444302767 1.0450011571242943
63128.0201 lsst_hardware_i 103.66308866636126 34.14725819572121 31.260000228881836 AB 6.162320194535042 1.0444610499211935
63128.0399 lsst_hardware_r 60.31789273422566 26.10428712118854 31.520000457763672 AB 6.196668223657482 1.0502827497724545
63135.985 lsst_hardware_y 83.73315167202473 77.03064479811526 30.06999969482422 AB 2.2047801928720934 1.0485638203259795
63136.0041 lsst_hardware_z 78.96732982282069 69.4581151791295 30.989999771118164 AB 3.2470652626060246 1.0446882715231647
