data/validation/pwv_sim_epoch_fit_4/33782702.ecsv
# %ECSV 0.9
# ---
# datatype:
# - {name: time, datatype: float64}
# - {name: band, datatype: string}
# - {name: flux, datatype: float64}
# - {name: fluxerr, datatype: float64}
# - {name: zp, datatype: float64}
# - {name: zpsys, datatype: string}
# - {name: pwv, datatype: float64}
# - {name: airmass, datatype: float64}
# meta: {SNID: '33782702', alt: 1024.0, c: -0.021675661206245422, dec: 1.044512, lat: -30.244573, lon: -70.7499537, ra: 160.664062, t0: 62597.3046875,
#   x0: 4.2377630283274354e-06, x1: 1.0645734071731567, z: 0.6562595367431641}
# schema: astropy-2.0
time band flux fluxerr zp zpsys pwv airmass
[from data line 132]
62940.1992 lsst_hardware_r -2.1775415870328225 38.119998931884766 31.559999465942383 AB 12.136577087970991 1.1967043965131625
62940.2177 lsst_hardware_z 19.876269289836127 47.220001220703125 30.940000534057617 AB 11.443665808568621 1.2373537123391283
62942.1174 lsst_hardware_i 52.34903879229397 33.400001525878906 31.229999542236328 AB 9.24536162962016 1.210073072242086
62942.1368 lsst_hardware_r 35.636167053046314 25.18000030517578 31.489999771118164 AB 9.651890749182577 1.1798776446818207
62945.1124 lsst_hardware_u -2.051576468267787 2.8299999237060547 28.43000030517578 AB 6.163268098858457 1.2037437083754963
62945.1325 lsst_hardware_g 0.954330762643531 15.59000015258789 31.440000534057617 AB 5.4242348560409015 1.1761133686125114
62949.159 lsst_hardware_z 39.00006971609651 43.66999816894531 30.950000762939453 AB 6.353603546071809 1.176593249272557
62949.1801 lsst_hardware_r 21.916661569498697 24.920000076293945 31.489999771118164 AB 7.18608639384095 1.2067315522822595
62951.0996 lsst_hardware_u 2.969993831133118 2.809999942779541 28.420000076293945 AB 9.713560841221165 1.197295774173431
62951.1175 lsst_hardware_g -14.903732439774476 15.359999656677246 31.420000076293945 AB 9.517511440802748 1.1749530604669907
62955.1457 lsst_hardware_r -7.541616597200811 24.899999618530273 31.489999771118164 AB 7.500650906716845 1.1795949213750543
62955.1632 lsst_hardware_y -97.54737153576941 49.47999954223633 29.989999771118164 AB 7.660302557326601 1.2057139387187723
62957.1404 lsst_hardware_g 106.03113981385702 39.029998779296875 31.6299991607666 AB 5.81230531224954 1.1797642717691894
62957.157 lsst_hardware_r -80.10464548119018 42.400001525878906 31.56999969482422 AB 5.995739521193585 1.2042861919912629
62959.1381 lsst_hardware_i 18.623611526431187 69.01000213623047 31.299999237060547 AB 7.367258776423527 1.1833528131427582
62959.1557 lsst_hardware_z 119.23587062856727 66.06999969482422 30.959999084472656 AB 7.590384490535703 1.2127152085853496
62961.1369 lsst_hardware_r 20.581674102517592 131.1300048828125 31.6200008392334 AB 8.333963410787893 1.1889808936828838
62961.1549 lsst_hardware_z 196.5397872459809 95.23999786376953 30.979999542236328 AB 8.587866773649035 1.2233138017115979
62963.1368 lsst_hardware_z 75.70794951199879 92.55999755859375 30.979999542236328 AB 12.170592899480114 1.1973823073636685
62963.1561 lsst_hardware_i -27.220525576143732 110.12999725341797 31.299999237060547 AB 12.54287491327026 1.240681352494668
62964.0599 lsst_hardware_r -64.7113703927579 113.54000091552734 31.6200008392334 AB 9.06209308272992 1.2049320442410973
62964.0781 lsst_hardware_z -129.6106169246395 76.98999786376953 30.979999542236328 AB 8.895270758885152 1.178467719607643
62967.1266 lsst_hardware_y -56.81069455578384 51.5099983215332 30.0 AB 3.5189734574030407 1.1986284839295058
62967.1438 lsst_hardware_g 9.429856843689626 58.959999084472656 31.639999389648438 AB 3.6425734659142464 1.2368670512442264
62969.1235 lsst_hardware_r 14.899641646471 31.93000030517578 31.530000686645508 AB 8.67589990483988 1.2028977337732938
62969.1425 lsst_hardware_i -17.582516261042436 38.66999816894531 31.25 AB 10.491559780991203 1.2487474446726288
62971.0471 lsst_hardware_i -59.56440531445465 32.689998626708984 31.239999771118164 AB 13.012601289981044 1.1938166321083525
62971.065 lsst_hardware_z -15.823271569195052 43.59000015258789 30.940000534057617 AB 12.789617909093844 1.17335944120127
62974.0921 lsst_hardware_r -35.13708577747809 24.75 31.5 AB 13.309846177754654 1.1778624936066064
62974.1082 lsst_hardware_u 3.020445163960686 2.8499999046325684 28.450000762939453 AB 13.558730258851828 1.1998876335267104
62976.0908 lsst_hardware_g 18.69366332833454 15.319999694824219 31.43000030517578 AB 8.05050053530545 1.1823033462693109
62976.1081 lsst_hardware_i 17.694351345857097 33.029998779296875 31.239999771118164 AB 8.288633097871237 1.2102255514863218
62978.0856 lsst_hardware_z 9.301469255317777 62.0099983215332 31.690000534057617 AB 10.868192279486902 1.1826106941770296
62978.1043 lsst_hardware_r -50.211427433173505 24.829999923706055 31.489999771118164 AB 11.06697216613511 1.213749963383978
62982.0283 lsst_hardware_u -1.2745500250322588 2.75 28.350000381469727 AB 13.677866662928842 1.179126436459383
62982.0441 lsst_hardware_g -6.031282576804546 15.470000267028809 31.40999984741211 AB 12.752752673902442 1.168904919697749
62985.0033 lsst_hardware_g 20.75503152287548 28.6200008392334 31.56999969482422 AB 10.333707358415708 1.2035181084193576
62985.0206 lsst_hardware_r -5.81914931891527 34.709999084472656 31.549999237060547 AB 10.049863095097175 1.1786276242527545
62992.0461 lsst_hardware_r -80.43327246249974 100.48999786376953 31.6200008392334 AB 4.254199428279512 1.181147894295693
62992.0654 lsst_hardware_z -15.20997969395648 71.23999786376953 30.969999313354492 AB 4.38349999283796 1.212306981195103
62994.0464 lsst_hardware_z -15.904625795838585 60.54999923706055 30.959999084472656 AB 12.255060382871354 1.188427112380853
62994.0673 lsst_hardware_r 67.21655465805216 82.83000183105469 31.610000610351562 AB 12.647060727830066 1.229541194616937
62999.9991 lsst_hardware_r -6.056251876360054 25.190000534057617 31.489999771118164 AB 8.491120479515462 1.1681813004928179
63000.0178 lsst_hardware_i 22.571726793800977 33.02000045776367 31.239999771118164 AB 6.900916083502113 1.1749406648887695
63000.9967 lsst_hardware_z 31.80684781785067 43.689998626708984 30.940000534057617 AB 7.593808659665076 1.1681584442106054
63001.0147 lsst_hardware_r 19.231860162840764 25.229999542236328 31.510000228881836 AB 6.927479988263116 1.1746468822828409
63003.9585 lsst_hardware_y 46.53400136411416 60.2400016784668 30.010000228881836 AB 8.844333571867482 1.1914769731735797
63003.97 lsst_hardware_i 17.274208843983335 33.56999969482422 31.25 AB 8.715799474603806 1.1773864564035956
63007.9617 lsst_hardware_y -36.714938496206024 51.90999984741211 30.0 AB 6.333721267533381 1.1750874336796624
63007.9832 lsst_hardware_r 12.462306588280223 25.68000030517578 31.5 AB 6.4550572072106185 1.1685476479383317
63013.959 lsst_hardware_z 19.50790377294715 49.790000915527344 30.950000762939453 AB 7.54180519124421 1.1684116644709754
63013.9813 lsst_hardware_i 58.901345493488236 38.02000045776367 31.260000228881836 AB 7.560764927211326 1.1764065547240277
63015.9586 lsst_hardware_y -35.48636760937144 56.900001525878906 30.020000457763672 AB 11.202211264688435 1.1681746978141507
63015.9817 lsst_hardware_r -98.45889841566041 61.25 31.610000610351562 AB 11.170637298351132 1.182453403022282
