data/validation/pwv_sim_epoch_fit_4/33800122.ecsv
# %ECSV 0.9
# ---
# datatype:
# - {name: time, datatype: float64}
# - {name: band, datatype: string}
# - {name: flux, datatype: float64}
# - {name: fluxerr, datatype: float64}
# - {name: zp, datatype: float64}
# - {name: zpsys, datatype: string}
# - {name: pwv, datatype: float64}
# - {name: airmass, datatype: float64}
# meta: {SNID: '33800122', alt: 1024.0, c: -0.011930174194276333, dec: -6.129201, lat: -30.244573, lon: -70.7499537, ra: 171.210938, t0: 62188.05859375,
#   x0: 3.2473889623333265e-06, x1: 0.887164831161499, z: 0.7317082285881042}
# schema: astropy-2.0
time band flux fluxerr zp zpsys pwv airmass
62150.3552 lsst_hardware_r 27.028453555570728 25.270000457763672 31.520000457763672 AB 7.5316074457079765 1.0942597446363644
62152.354 lsst_hardware_z 66.0457536250044 43.5099983215332 30.950000762939453 AB 4.894023845475907 1.0944518476651302
62154.3516 lsst_hardware_u 4.0852171293819755 3.1786703119266773 28.610000610351562 AB 7.328969072796098 1.09504730026587
62154.3706 lsst_hardware_y 6.776854587145641 67.05401910278415 30.049999237060547 AB 7.392734162508827 1.1074289381715186
62156.3567 lsst_hardware_r 5.825772712284714 24.802661093577086 31.5 AB 10.813066763409747 1.1000627461630548
62158.3598 lsst_hardware_z 107.04070090206557 65.26872750525553 31.709999084472656 AB 9.901906513021009 1.107554510982552
62160.3181 lsst_hardware_r 2.081320838407962 24.8242290786824 31.5 AB 8.541897209958156 1.0966264030501212
62160.3393 lsst_hardware_g 15.634412844801057 15.521868626699048 31.43000030517578 AB 7.860996868482669 1.0964370595896091
62162.2863 lsst_hardware_i 216.5191342613934 33.958669768829054 31.25 AB 14.322204755317166 1.1230165777823182
62162.3046 lsst_hardware_z 30.55962357000275 43.632634734042156 30.950000762939453 AB 13.416076432042606 1.1015293264947266
62163.3188 lsst_hardware_i 166.33347381318976 34.35948799502415 31.25 AB 12.982871565951976 1.0943081225515825
62163.3362 lsst_hardware_u -0.514695475656262 3.0384133552927857 28.530000686645508 AB 12.048538548612072 1.0991353528404986
62165.3244 lsst_hardware_z 145.70341593913065 65.91724186480269 30.979999542236328 AB 12.154653679975313 1.0959353522459132
62165.3416 lsst_hardware_r 179.83324533105375 80.07585010277033 31.6299991607666 AB 12.793393696472796 1.1085329219270303
62167.3178 lsst_hardware_i 407.76200475794184 99.59721401222151 31.329999923706055 AB 11.809596425198214 1.0955352791296802
62167.3356 lsst_hardware_r 238.46956927586942 124.74627727433598 31.639999389648438 AB 12.872945778594174 1.1079458443114942
62169.3276 lsst_hardware_z 343.7566743442649 121.78821292281046 31.739999771118164 AB 9.384469840113184 1.105355693770693
62171.2946 lsst_hardware_z 324.32811970425126 58.312416612332484 30.969999313354492 AB 8.497318303036463 1.0946038284197135
62173.3002 lsst_hardware_i 809.8865557964649 44.75954966668359 31.270000457763672 AB 3.585843999100013 1.095164999343365
62173.3192 lsst_hardware_z 468.58017898257157 49.278484313827306 30.950000762939453 AB 3.7996223603638173 1.107923125926175
62175.2931 lsst_hardware_i 870.0674039212394 43.05983081323365 31.25 AB 8.925802168116624 1.0947650812301917
62175.3116 lsst_hardware_u -3.727352839605844 3.3783407637474023 28.540000915527344 AB 9.049612482032924 1.1057238401050253
62177.288 lsst_hardware_g 229.70067724170252 20.627254214500216 31.440000534057617 AB 3.787606991545382 1.0948423158102232
62177.3074 lsst_hardware_r 854.8866790550959 37.83719966082013 31.510000228881836 AB 3.2348204856220484 1.106993835266761
62179.2702 lsst_hardware_i 1044.0402399252 45.04893510437521 31.25 AB 5.9974886895743325 1.0951816826431102
62179.2874 lsst_hardware_r 861.726889419976 38.41960293365588 31.5 AB 5.992740334282591 1.0964168383630044
62181.1055 lsst_hardware_u 1.9852195032551767 2.99998408671119 28.280000686645508 AB 6.581325491526691 2.061226827569367
62183.2402 lsst_hardware_r 1000.9740697221557 38.80146671282365 31.489999771118164 AB 4.3029509542389555 1.108079818255025
62183.258 lsst_hardware_i 1099.9057943505104 46.27572808377087 31.25 AB 4.944132974044709 1.095571807964998
62185.2706 lsst_hardware_z 635.6952004731792 50.14812011266319 30.950000762939453 AB 5.181657898124958 1.0962411589622802
62185.2874 lsst_hardware_r 930.362621059687 38.938271625582814 31.510000228881836 AB 5.285083230670082 1.1089719835639895
62187.2467 lsst_hardware_u -3.9800707855785054 2.9642471944599342 28.510000228881836 AB 3.6158080906805385 1.095699421418345
62187.2619 lsst_hardware_g 193.5633594485598 20.173586864214624 31.459999084472656 AB 2.9670951785442754 1.0951384763327787
62189.2665 lsst_hardware_r 826.2529592529125 37.894664688940225 31.5 AB 10.375990798090927 1.0999769387083451
62189.284 lsst_hardware_z 685.1551117629517 50.398960308016356 30.950000762939453 AB 10.556587419226242 1.118608431399639
62191.2408 lsst_hardware_i 1170.5308652748392 50.30826467967485 31.270000457763672 AB 9.114184893137866 1.0944683149970418
62191.258 lsst_hardware_r 837.7598153056657 37.303947210634774 31.5 AB 10.863869064023756 1.0980722249967156
62193.2474 lsst_hardware_z 1306.2726030536737 89.99350879916844 31.719999313354492 AB 6.049307727142815 1.095723663784359
62195.2419 lsst_hardware_r 1030.5355109277502 149.22958039197704 31.649999618530273 AB 5.8017808199862575 1.0957093144449968
62195.2592 lsst_hardware_i 1010.1779061624775 122.32011242781697 31.329999923706055 AB 6.038886716105998 1.1079848418028253
62197.2391 lsst_hardware_z 590.3965557666502 105.22582442274272 30.989999771118164 AB 3.6661828564449856 1.096783862119561
62197.2558 lsst_hardware_r 776.9862134995577 150.8461475971697 31.649999618530273 AB 3.792397560093999 1.1102949819734553
62198.2046 lsst_hardware_z 1176.7767327045306 110.59467766028939 31.729999542236328 AB 6.022159026379219 1.1029090291431956
62201.2316 lsst_hardware_r 543.3572346318875 46.853228880953274 31.600000381469727 AB 8.60199692198329 1.098594753765441
62201.2495 lsst_hardware_z 733.4316765072575 52.422079691063196 30.950000762939453 AB 8.807208876549842 1.1161552310598966
62205.1997 lsst_hardware_u -4.571762186626183 2.7598499494773847 28.3700008392334 AB 11.935956911008324 1.0950419184411306
62205.2179 lsst_hardware_g 47.52318203165347 17.030970185088606 31.440000534057617 AB 11.062087586622571 1.097084671147216
62209.2028 lsst_hardware_z 492.590886562522 47.58160178993176 30.940000534057617 AB 12.243186186153299 1.0954155891608217
62209.2212 lsst_hardware_r 348.2463498396897 31.133516198110197 31.5 AB 12.369717183075382 1.108223816433389
62210.1969 lsst_hardware_u 0.734971215454996 2.8469864839588657 28.450000762939453 AB 11.325752604686738 1.094628151226194
62210.2159 lsst_hardware_g 32.6097933215569 17.00774804390527 31.450000762939453 AB 10.13204556008189 1.1055753789166587
62212.2027 lsst_hardware_r 295.88385845710616 30.205809766845647 31.510000228881836 AB 9.433642938213756 1.0992999986265455
62212.2213 lsst_hardware_z 441.3463175579608 47.76854898466811 30.940000534057617 AB 9.252005656728718 1.1187431265693628
62215.1953 lsst_hardware_r 255.34957640504038 29.270437167932844 31.520000457763672 AB 5.686553949587644 1.0998250849392124
62215.2135 lsst_hardware_u 7.497439997598787 3.0058209265492786 28.520000457763672 AB 5.524378085762209 1.1193147777858796
62217.1909 lsst_hardware_g -2.7445362183875655 16.689826634057905 31.469999313354492 AB 5.2969540965023585 1.100570498797131
62217.21 lsst_hardware_r 200.15706939722267 28.787262225501475 31.510000228881836 AB 6.400784825714569 1.1222883972614675
62221.1836 lsst_hardware_r 155.22078191762978 63.87325868225936 31.639999389648438 AB 8.161840147622831 1.1034732843402733
62221.2017 lsst_hardware_z 377.62435340208594 58.14859622373468 30.969999313354492 AB 8.27970452201347 1.1265415014758224
62223.1698 lsst_hardware_z 285.46167817402437 91.40289235215315 30.989999771118164 AB 7.884514425213041 1.0976122169669968
62223.1885 lsst_hardware_i 205.2989976962028 106.19980668223869 31.329999923706055 AB 7.968504251089993 1.1148919295434023
62227.1779 lsst_hardware_y 412.96868236910177 79.01386454838749 30.790000915527344 AB 5.975335536241836 1.1153216119910585
62229.1662 lsst_hardware_r 150.04942001391115 50.29440695857455 31.6200008392334 AB 6.9145982444088006 1.1077980124818843
62229.1844 lsst_hardware_i 288.8057075994066 47.701864611095395 31.290000915527344 AB 7.083436376359035 1.1346811794679839
62231.1416 lsst_hardware_i 103.02134933792749 36.190239412447916 31.25 AB 7.683473186867473 1.0950838310894777
62231.1596 lsst_hardware_z 307.99801129166093 45.89387089377147 30.940000534057617 AB 7.776316907067658 1.1066077234164065
62233.1411 lsst_hardware_r 103.3957826629665 25.778235966596935 31.489999771118164 AB 11.085039251482376 1.096913208907449
62233.1594 lsst_hardware_u -0.09193380711217312 2.8465453501969455 28.450000762939453 AB 11.260740773829102 1.1125748360389593
62237.1306 lsst_hardware_z 176.03287218028004 44.60960794793643 30.950000762939453 AB 3.31008890718593 1.0971155057652577
62237.1458 lsst_hardware_r 66.78823075040744 25.654896491978253 31.5 AB 3.2444916830954167 1.1093859580323409
62243.135 lsst_hardware_r 74.99760377444088 25.37923120149557 31.520000457763672 AB 16.407988769346602 1.1163922323332987
62243.1536 lsst_hardware_i 129.72587658755552 34.099913796311384 31.25 AB 16.900896847445253 1.150164247949
62245.1211 lsst_hardware_z 131.41623274401456 44.04420834614513 30.950000762939453 AB 10.168553382324733 1.106329757358841
62245.139 lsst_hardware_r 39.7979473218613 25.226735456778773 31.510000228881836 AB 10.750904723864124 1.1314955242713387
62249.118 lsst_hardware_i 108.32419289606487 49.61145798599355 31.299999237060547 AB 5.091088069288512 1.1155492893538235
62249.1353 lsst_hardware_z 137.74719576197407 53.238501243420274 30.959999084472656 AB 6.024860423853906 1.1459008937005195
62258.0895 lsst_hardware_z 120.14992410476364 48.482399145752126 30.959999084472656 AB 9.863861818637398 1.1105868063768887
62258.1094 lsst_hardware_r 41.155136043705134 49.449424480510295 31.600000381469727 AB 10.257086748417676 1.1430631591847336
62260.0828 lsst_hardware_u 5.3262024065935805 2.8478525350322323 28.479999542236328 AB 12.204843215129735 1.109161480881803
62260.1021 lsst_hardware_r 76.67069918811315 24.908624048565702 31.5 AB 13.473598344514334 1.1392718339757606
62262.0801 lsst_hardware_i 81.45588686505474 33.07077946619231 31.25 AB 4.025142910161921 1.1124300995380711
62262.0971 lsst_hardware_z 71.05201403650499 44.06767427613797 30.950000762939453 AB 4.068162493322753 1.1402067013867345
62265.0724 lsst_hardware_g -18.342150178595315 15.444499948877521 31.440000534057617 AB 9.917718923327172 1.1130477164360697
62265.0918 lsst_hardware_r 49.75950994336503 25.456283846095328 31.5 AB 9.837649184582757 1.146311953458778
62267.0765 lsst_hardware_i 65.23951986377547 33.31565582888271 31.25 AB 8.662223886990944 1.1272210230861717
62267.0926 lsst_hardware_z 101.95470874270524 44.40501963947818 30.940000534057617 AB 9.044234937704575 1.1610057686399147
62271.0029 lsst_hardware_u -0.8522002632281045 2.792318515774417 28.420000076293945 AB 6.502266775315829 1.1050446297095304
62271.0236 lsst_hardware_r 40.552849144077655 25.28078642220203 31.5 AB 6.453452272269764 1.0943155322005618
62275.9969 lsst_hardware_i -25.661881645493157 34.91999816894531 31.260000228881836 AB 8.328976304593889 1.0990028551100612
62276.0176 lsst_hardware_z -20.662942645651302 43.65999984741211 30.950000762939453 AB 7.6435926449366765 1.0948091637531645
62277.9941 lsst_hardware_r 1.5621494774673472 62.279998779296875 31.6299991607666 AB 6.156848777481974 1.0974775004424195
62278.0156 lsst_hardware_z -15.270675739246867 56.290000915527344 30.969999313354492 AB 5.063141042556849 1.0958191452914092
62280.9925 lsst_hardware_y 76.0122480191466 55.63999938964844 30.040000915527344 AB 5.253976611220406 1.0949586546482852
62281.0156 lsst_hardware_r 96.38361188840831 87.94999694824219 31.639999389648438 AB 5.223827813392063 1.1001778539208948
62286.9641 lsst_hardware_y 115.5556978774393 49.27000045776367 30.030000686645508 AB 10.010309185067701 1.10090098631535
62286.9858 lsst_hardware_r -10.316280608548055 24.989999771118164 31.510000228881836 AB 9.955155574216189 1.0944843002738913
62289.9601 lsst_hardware_y 169.38491750350667 76.62999725341797 30.790000915527344 AB 10.061973103675093 1.0981489854127482
62289.9817 lsst_hardware_z -15.256296211867731 60.79999923706055 31.700000762939453 AB 10.022139964360644 1.0954355628331793
62511.3405 lsst_hardware_r 39.536211198681755 24.5 31.5 AB 7.552148466872306 1.1096173962321412
62511.3613 lsst_hardware_y -134.73501596894843 59.59000015258789 30.040000915527344 AB 7.456663745811493 1.095065167291682
62513.3461 lsst_hardware_z -25.81483086396303 62.06999969482422 31.700000762939453 AB 5.930247404771022 1.0996193963973735
62515.3522 lsst_hardware_g -4.6804931319839325 16.079999923706055 31.459999084472656 AB 7.5475758946137805 1.094644799798955
62518.3498 lsst_hardware_i -8.107933855461535 31.979999542236328 31.25 AB 2.5166890575273206 1.0942126337075309
62518.3688 lsst_hardware_y -18.232930992728498 63.70000076293945 30.040000915527344 AB 2.5356638186385316 1.1024625298428399
62520.346 lsst_hardware_z 43.25178982608348 64.16000366210938 30.969999313354492 AB 6.759741623430252 1.0943405574599705
62520.3658 lsst_hardware_y 83.1634979068557 61.68000030517578 30.030000686645508 AB 6.838583434892683 1.1046305184912126
62522.3552 lsst_hardware_i -77.99297046089498 90.12999725341797 31.329999923706055 AB 12.36214342549851 1.1003895877665377
62522.3755 lsst_hardware_y 12.671713644786003 84.62999725341797 30.040000915527344 AB 13.013606946749771 1.1238245166562102
62524.3261 lsst_hardware_z 2.952622614022018 112.19999694824219 31.739999771118164 AB 9.857122787485288 1.0949823971286587
62526.3203 lsst_hardware_z 13.008813441103541 57.029998779296875 30.969999313354492 AB 10.731692296720396 1.0950706425224894
62526.3401 lsst_hardware_r -65.6294414514159 64.19000244140625 31.6299991607666 AB 10.637279210643326 1.0977584324709315
62528.2795 lsst_hardware_z -106.89602346897293 44.93000030517578 30.940000534057617 AB 13.032976066684808 1.131040186295653
62528.2963 lsst_hardware_r 3.4614352261447463 32.779998779296875 31.559999465942383 AB 13.131272277483998 1.1071899053527823
62530.327 lsst_hardware_u 3.4690304993530514 2.9800000190734863 28.440000534057617 AB 12.121161631346482 1.0966730470486592
62530.3452 lsst_hardware_g 4.1989862091788055 16.579999923706055 31.459999084472656 AB 12.830343332690562 1.1118549918200946
62532.3237 lsst_hardware_r -0.7058409168998557 23.850000381469727 31.489999771118164 AB 11.808716300229321 1.0977448976484996
62532.3405 lsst_hardware_z 89.7068731997651 42.310001373291016 30.940000534057617 AB 12.831024011399464 1.1127979484464536
62534.2956 lsst_hardware_i 7.544458757599662 31.84000015258789 31.239999771118164 AB 9.364434174489276 1.096003219485724
62534.3139 lsst_hardware_r -21.46928969796994 24.209999084472656 31.5 AB 9.387213117228887 1.0957836323613486
62536.2948 lsst_hardware_u 0.9239216183665753 2.7899999618530273 28.459999084472656 AB 8.542810426538322 1.0946473584459142
62536.3145 lsst_hardware_g -3.987243851956239 15.020000457763672 31.440000534057617 AB 8.590285863916105 1.0987362008846009
62538.2986 lsst_hardware_r 31.614313666478797 24.0 31.5 AB 3.5297756848597746 1.09458894018448
62538.3168 lsst_hardware_i -1.2449769846869205 31.649999618530273 31.239999771118164 AB 3.6818759783877058 1.104756125838372
62540.2896 lsst_hardware_z -46.79111943887651 42.529998779296875 30.940000534057617 AB 8.177481400618005 1.094197016206341
62540.3084 lsst_hardware_r 14.170047142899717 24.239999771118164 31.489999771118164 AB 8.99099882203359 1.1021757673347916
62542.2897 lsst_hardware_u 0.246562987882229 2.7699999809265137 28.43000030517578 AB 3.816215877509584 1.095040423962578
62542.3098 lsst_hardware_g 11.847760395710882 15.079999923706055 31.43000030517578 AB 3.260157783667655 1.1087714942753715
62544.2684 lsst_hardware_r -22.580536299724848 24.309999465942383 31.5 AB 5.955721536164848 1.0959601667506658
62544.2866 lsst_hardware_z 17.03882439115325 42.709999084472656 30.940000534057617 AB 6.001041960324541 1.0957805095087265
62545.2632 lsst_hardware_r -12.147547428494004 24.18000030517578 31.489999771118164 AB 5.828882514350821 1.097029331433655
62545.2795 lsst_hardware_u 4.574947667939558 2.690000057220459 28.3700008392334 AB 5.826492883088482 1.0945881801781858
62549.2769 lsst_hardware_i -11.756456288028165 84.30000305175781 31.329999923706055 AB 4.907796294927594 1.0975317841806025
