data/validation/pwv_sim_epoch_fit_4/33949315.ecsv
# %ECSV 0.9
# ---
# datatype:
# - {name: time, datatype: float64}
# - {name: band, datatype: string}
# - {name: flux, datatype: float64}
# - {name: fluxerr, datatype: float64}
# - {name: zp, datatype: float64}
# - {name: zpsys, datatype: string}
# - {name: pwv, datatype: float64}
# - {name: airmass, datatype: float64}
# meta: {SNID: '33949315', alt: 1024.0, c: 0.01575358211994171, dec: -28.630989, lat: -30.244573, lon: -70.7499537, ra: 65.566406, t0: 60981.55859375,
#   x0: 5.287914079053117e-06, x1: 1.235756278038025, z: 0.5993595719337463}
# schema: astropy-2.0
time band flux fluxerr zp zpsys pwv airmass
60897.3612 lsst_hardware_z -70.37266687072339 86.37999725341797 31.700000762939453 AB 6.790544042446161 1.326515627950218
60899.3492 lsst_hardware_z -54.38125579412437 56.630001068115234 30.940000534057617 AB 4.279662508149092 1.3691269021004826
60899.368 lsst_hardware_r 34.596633103734504 63.68000030517578 31.59000015258789 AB 3.9060155123908236 1.257132523768
60904.3309 lsst_hardware_u -4.845589220273692 3.390000104904175 28.3799991607666 AB 5.858191409323706 1.4021241181539477
60904.348 lsst_hardware_g 60.11854140775907 21.059999465942383 31.479999542236328 AB 5.789348592684402 1.291472554276817
60906.3517 lsst_hardware_i -7.982186653921083 32.029998779296875 31.209999084472656 AB 2.889224323566622 1.2429444282928035
60906.369 lsst_hardware_r -34.52800160564012 23.0 31.469999313354492 AB 2.741872223603326 1.1676236446731347
60908.3555 lsst_hardware_u -0.1456430664280275 2.559999942779541 28.299999237060547 AB 2.2548764233866585 1.200200358422706
60908.3739 lsst_hardware_g -6.529505430703524 13.399999618530273 31.3799991607666 AB 2.0564255470227684 1.1311471655790803
60910.3469 lsst_hardware_r -24.56360290979005 22.68000030517578 31.459999084472656 AB 2.4345448614185776 1.2140350040318706
60910.3649 lsst_hardware_i 25.72938207569501 30.799999237060547 31.229999542236328 AB 2.298200019257853 1.1429566178082076
60912.3294 lsst_hardware_i 40.414825870275955 32.209999084472656 31.219999313354492 AB 3.158382398457578 1.2735412897006364
60912.3465 lsst_hardware_z -26.693932251110347 43.209999084472656 30.93000030517578 AB 2.3188484950782025 1.1920568025079412
60919.2933 lsst_hardware_i 33.1886258913294 32.70000076293945 31.200000762939453 AB 2.188783696275828 1.378110307744894
60919.31 lsst_hardware_u -3.2511452220658166 2.490000009536743 28.219999313354492 AB 2.0376243602651196 1.2751091115551436
60920.2622 lsst_hardware_z 1.402944000595074 52.290000915527344 30.889999389648438 AB 4.727206084538651 1.6282930424957187
60920.2701 lsst_hardware_r 56.74017498072278 38.58000183105469 31.469999313354492 AB 4.515308070497429 1.5466915062220012
60932.326 lsst_hardware_r 6.960725538703054 32.54999923706055 31.56999969482422 AB 1.7559166965019708 1.0814514657166725
60932.3426 lsst_hardware_i 65.2055403784968 35.150001525878906 31.270000457763672 AB 1.531870302955311 1.0468361979193468
60934.3182 lsst_hardware_z -25.881020279326822 41.939998626708984 30.950000762939453 AB 2.886248544243378 1.0872357650339193
60934.3353 lsst_hardware_u 6.696620510287077 2.859999895095825 28.530000686645508 AB 4.390392332920729 1.050144670913288
60936.3013 lsst_hardware_r 26.02887061777142 22.040000915527344 31.469999313354492 AB 2.191862409903132 1.1190584121359404
60936.3179 lsst_hardware_g 5.59472559835353 13.010000228881836 31.3799991607666 AB 2.077208894232718 1.0747890104692692
60938.305 lsst_hardware_r -9.931494808509425 21.8799991607666 31.469999313354492 AB 7.320132719257886 1.093100953597663
60938.3212 lsst_hardware_i -19.856843991326414 29.829999923706055 31.239999771118164 AB 6.867701855216259 1.05616329953345
60941.2385 lsst_hardware_z -66.84777475272962 44.77000045776367 30.920000076293945 AB 2.6538356840513186 1.342807733539066
60941.2551 lsst_hardware_r 21.990883080836827 22.549999237060547 31.450000762939453 AB 2.1676500431776073 1.2481670114266454
60945.2716 lsst_hardware_r -7.723995046311309 22.079999923706055 31.469999313354492 AB 4.329914670589993 1.1353678884511826
60945.2915 lsst_hardware_i -74.20859479772504 30.020000457763672 31.239999771118164 AB 4.139141544996678 1.0790723124040875
60947.2627 lsst_hardware_z -65.22123217603003 42.09000015258789 30.940000534057617 AB 5.199657316085134 1.1470675746933894
60947.281 lsst_hardware_r 26.864178711257217 21.84000015258789 31.469999313354492 AB 4.965373957778777 1.0916108656996693
60950.203 lsst_hardware_z 20.443507425904897 50.098468956172766 30.920000076293945 AB 6.495049366844631 1.41947607638491
60950.2221 lsst_hardware_r 32.3016088516047 43.24161578192551 31.559999465942383 AB 4.3444342364484525 1.2932750573634149
60955.1821 lsst_hardware_z 88.11171434740751 71.51668139441976 30.93000030517578 AB 6.70590699612574 1.4780215621913653
60955.2013 lsst_hardware_r 13.820807334185771 98.07260788928357 31.59000015258789 AB 6.077825073347715 1.3362752085045966
60957.202 lsst_hardware_r 112.18715202627628 82.11610195315706 31.59000015258789 AB 4.1635731842696915 1.2989517005833064
60957.2211 lsst_hardware_y -15.283219350859234 54.498326266798735 30.0 AB 3.6192518419413133 1.2029087966570622
60959.1983 lsst_hardware_g 201.88721503952218 48.12030107765797 31.600000381469727 AB 5.0157816395594965 1.2889070126068345
60959.2174 lsst_hardware_r 399.7564116258491 56.491214336952815 31.59000015258789 AB 4.3033062613542095 1.1953628503761693
60961.1802 lsst_hardware_r 501.4959360606077 31.827921280485164 31.420000076293945 AB 9.02020083896485 1.3673186052700543
60961.1988 lsst_hardware_i 460.02141721147046 37.94411428201982 31.209999084472656 AB 8.279793354528449 1.2567992341421446
60965.1993 lsst_hardware_g 202.9915670059081 19.414740885074487 31.34000015258789 AB 7.841294299485315 1.2027293614601042
60965.219 lsst_hardware_i 707.9164522603677 41.63492001448982 31.229999542236328 AB 5.9283927291725576 1.1288413822388552
60968.1808 lsst_hardware_r 1228.0664343493333 41.6518977737556 31.450000762939453 AB 2.843283218280642 1.2511238538871632
60968.199 lsst_hardware_z 805.3723045900817 50.2171450350051 30.93000030517578 AB 2.5479458528704697 1.1704379372371334
60970.1595 lsst_hardware_u -2.4725883909070467 2.6301185472887867 28.170000076293945 AB 5.004491348281894 1.3416866885473129
60970.1775 lsst_hardware_g 318.0574229065848 23.22104101473593 31.34000015258789 AB 3.5895882962420127 1.2403553200562485
60974.1836 lsst_hardware_i 1395.660979292458 49.01929470471782 31.229999542236328 AB 1.5085244043011612 1.1666855408361647
60974.2019 lsst_hardware_z 1061.5992146688234 52.84230220473846 30.940000534057617 AB 1.413057705145194 1.1062560322117907
60976.1826 lsst_hardware_r 1754.3031479331323 48.67445154444848 31.489999771118164 AB 2.3896043066723887 1.1503229974351312
60976.1999 lsst_hardware_z 1164.522388192722 53.22666699426502 30.950000762939453 AB 2.243472250871507 1.096694924655884
60979.1528 lsst_hardware_r 2118.3517794542677 59.12264294720025 31.559999465942383 AB 4.525245077860711 1.2409831558647224
60979.168 lsst_hardware_z 1187.8329131872629 56.945675866716606 30.940000534057617 AB 3.924739986362236 1.1741929652540037
60981.1616 lsst_hardware_y 861.5508002451354 77.3091340628569 30.760000228881836 AB 4.593781203947353 1.1778926163967571
60982.1897 lsst_hardware_r 2143.710873677422 79.53293350533204 31.639999389648438 AB 3.9076356374318704 1.080950383798581
60982.2076 lsst_hardware_i 1719.1749824114593 67.7104433000361 31.31999969482422 AB 3.880318757879557 1.0442192566950776
60995.1182 lsst_hardware_i 1151.0804785906528 45.97601012814385 31.219999313354492 AB 6.939228003354182 1.199244427101917
60995.1347 lsst_hardware_u 1.971730831253706 2.5338340423981536 28.280000686645508 AB 6.614425302119312 1.1366619450871946
60997.1165 lsst_hardware_g 90.92123956736471 17.20376602598012 31.34000015258789 AB 6.521938690136686 1.1835654333707408
60997.1346 lsst_hardware_r 1101.821344215469 39.63960140116164 31.469999313354492 AB 5.286758199128124 1.1195422095670757
60999.0983 lsst_hardware_r 948.879542012674 38.296213058972974 31.450000762939453 AB 7.184134521230845 1.240461801127616
60999.1156 lsst_hardware_u 5.988665170829803 2.5572390126924773 28.309999465942383 AB 6.704975987664208 1.1657111044589785
61006.1076 lsst_hardware_r 644.2395872944865 35.92925773429209 31.510000228881836 AB 4.3048140992287625 1.127111389220308
61006.124 lsst_hardware_z 716.3254222125461 49.850806398402455 30.950000762939453 AB 4.12820549463691 1.0813661770239518
61009.1329 lsst_hardware_z 1303.7233386316561 74.35230294028256 31.709999084472656 AB 5.492611190689307 1.0459128231342725
61011.1281 lsst_hardware_r 536.7670675346588 68.54325412484076 31.649999618530273 AB 6.740668881258191 1.0447679803556909
61011.144 lsst_hardware_z 607.96788621606 58.544340654078944 30.979999542236328 AB 6.607050794371326 1.0218932479114262
61013.0251 lsst_hardware_y 334.38024223472945 85.61218725168656 29.940000534057617 AB 6.441061465409499 1.4665440495012518
61013.0481 lsst_hardware_i 533.582064881585 79.001679683663 31.290000915527344 AB 4.504815225951321 1.3047980379294193
61015.0268 lsst_hardware_z 491.3181899467497 76.09700179324028 30.940000534057617 AB 4.5551488084162255 1.409899037941571
61015.0495 lsst_hardware_u -1.3066637125339136 7.853882500303983 28.979999542236328 AB 4.29945123566579 1.266531196681312
61017.0284 lsst_hardware_y 326.8562227343737 75.6090340306812 29.959999084472656 AB 4.9219177170363 1.3598962194792341
61017.0508 lsst_hardware_r 301.7142549931602 28.315191577009145 31.450000762939453 AB 3.6006826515221926 1.2324773751573481
61022.0321 lsst_hardware_y 61.76747055583267 72.22338737106519 29.989999771118164 AB 13.408564245475636 1.2575736120870593
61022.0522 lsst_hardware_u -3.3053212564813137 3.0662645945865163 28.459999084472656 AB 13.11653291892037 1.1679904647302202
61026.0358 lsst_hardware_y 108.3482053816238 67.40802251912763 30.010000228881836 AB 12.026939878931335 1.189784822568292
61026.0569 lsst_hardware_r 151.77768689663833 25.723998614032585 31.469999313354492 AB 12.160855175834179 1.1150609917324572
61028.0362 lsst_hardware_z 404.39086446638163 61.320622888752986 30.959999084472656 AB 4.28856497480169 1.1665332237197452
61028.0574 lsst_hardware_g -7.397161505055316 13.878714107434039 31.389999389648438 AB 4.538988694030042 1.0980981478240532
61030.0403 lsst_hardware_y 159.04188790557765 59.66487855804629 30.030000686645508 AB 5.0976711390816885 1.1328158086848197
61030.064 lsst_hardware_i 274.3329972809091 34.09342573918434 31.25 AB 4.6822438171138 1.068619140823806
61032.04 lsst_hardware_y 192.97732780758525 58.90950189466652 30.030000686645508 AB 6.462944919215047 1.1166110779572278
61032.0633 lsst_hardware_r 156.93251895678978 24.822499075316188 31.469999313354492 AB 5.183549147852525 1.0586413495282314
61034.0411 lsst_hardware_y 222.7610301594108 56.63297359611544 30.040000915527344 AB 6.157421544662409 1.0978731469489331
61034.0625 lsst_hardware_g -14.683377913504726 14.99826692702351 31.459999084472656 AB 7.558037141684469 1.0497273807895096
61036.0415 lsst_hardware_y 259.32139249211684 59.86488045285135 30.049999237060547 AB 6.860384258548776 1.0827911495802356
61036.0631 lsst_hardware_z 402.3368748801533 45.495695505616624 30.950000762939453 AB 6.524258432080221 1.0393497840742716
61038.0523 lsst_hardware_y 260.92922038976485 75.29432174544628 30.799999237060547 AB 8.572929404279137 1.048419885566728
61042.0446 lsst_hardware_y -1.8331708163807783 58.23767946028261 30.059999465942383 AB 7.298356791025963 1.0428210312953852
61042.0677 lsst_hardware_z 241.414406785772 60.9110845769812 30.979999542236328 AB 7.156614904418868 1.0133020914317823
61043.0451 lsst_hardware_y 192.8217162608661 59.59580604299516 30.059999465942383 AB 6.778212159813455 1.03758732929076
61043.068 lsst_hardware_z 233.91023058397872 61.84209065288924 30.989999771118164 AB 6.838064416382748 1.0107381042876513
61263.3542 lsst_hardware_z -141.66571055080888 45.099998474121094 30.920000076293945 AB 7.335571273884432 1.3584391247934133
61263.373 lsst_hardware_u -0.9138048638993975 2.5399999618530273 28.260000228881836 AB 6.745037075858142 1.24908093997373
61266.3332 lsst_hardware_r -6.263243277431647 23.81999969482422 31.420000076293945 AB 4.897877932099894 1.4530887852353325
61266.3509 lsst_hardware_g -6.373208628095049 13.649999618530273 31.329999923706055 AB 4.64431741968382 1.326947834195377
61271.2966 lsst_hardware_z 12.032818953869281 48.560001373291016 30.889999389648438 AB 4.524663724952187 1.6800533665272057
61272.3092 lsst_hardware_u 2.301455316733835 2.430000066757202 28.100000381469727 AB 3.7203871036385956 1.5191454077744135
61276.334 lsst_hardware_z 135.90967894601667 49.90999984741211 30.940000534057617 AB 4.07823974151489 1.2672227892534014
61276.3525 lsst_hardware_r 39.95077764603038 40.720001220703125 31.579999923706055 AB 3.7819090313460637 1.181477360620451
61281.3258 lsst_hardware_z 5.387407996985593 60.97999954223633 30.950000762939453 AB 8.671711363691298 1.2394503896553661
61281.3452 lsst_hardware_r 6.893251877729247 80.9000015258789 31.6200008392334 AB 8.118320005195946 1.1571426542623988
61286.3257 lsst_hardware_r 12.232942033920391 42.54999923706055 31.56999969482422 AB 1.8399783171560626 1.1794732802282453
61286.3434 lsst_hardware_i 69.06396468013382 40.939998626708984 31.270000457763672 AB 1.1421563986018552 1.117660995125358
61297.2829 lsst_hardware_z -0.027470813994595153 43.7400016784668 30.93000030517578 AB 2.5149672433746697 1.2356537389658604
61297.3066 lsst_hardware_r 17.92968753377956 22.350000381469727 31.469999313354492 AB 1.8399897066883435 1.1393125118811813
61303.3144 lsst_hardware_z 51.085530468161494 41.22999954223633 30.940000534057617 AB 7.120957825496041 1.0718953074003073
61303.3308 lsst_hardware_i 19.027062760099746 29.81999969482422 31.25 AB 6.928931159626807 1.0402498925998844
61305.241 lsst_hardware_z -74.8540843154561 50.790000915527344 30.93000030517578 AB 2.8317581209460947 1.3487773855423169
61305.2598 lsst_hardware_r 26.64296108061633 48.459999084472656 31.579999923706055 AB 2.0129567807598825 1.2417993712280404
61307.2511 lsst_hardware_y -43.9143353928248 73.87999725341797 30.719999313354492 AB 4.92514097561772 1.2581520320896784
61309.241 lsst_hardware_r -11.039146909089101 89.30000305175781 31.59000015258789 AB 3.906291683025292 1.2829948597630694
61309.2577 lsst_hardware_i -12.122714065385535 68.16000366210938 31.299999237060547 AB 3.8244873978825416 1.2010952309497642
61311.276 lsst_hardware_z -36.74648015908296 60.540000915527344 30.969999313354492 AB 3.77219439591027 1.1150990971801975
61311.2966 lsst_hardware_r -24.716183745497133 81.4000015258789 31.649999618530273 AB 4.025368976071294 1.0631311671990389
61313.2754 lsst_hardware_z -17.015942805513934 53.189998626708984 30.959999084472656 AB 2.7143127288731814 1.1011410664795303
61313.2927 lsst_hardware_r 33.58016354370629 61.529998779296875 31.639999389648438 AB 4.000407771688597 1.0599212483775389
61317.2042 lsst_hardware_r -16.99601341337813 23.09000015258789 31.43000030517578 AB 3.094627763503264 1.3760016734117293
61317.2241 lsst_hardware_z 26.162792857872372 43.84000015258789 30.93000030517578 AB 3.2769994188925784 1.2565984861862
61319.2026 lsst_hardware_r -6.556930671201628 22.940000534057617 31.43000030517578 AB 6.498636892797738 1.3499453454085792
61319.2223 lsst_hardware_u -1.0488005079564384 2.509999990463257 28.25 AB 6.019615545994293 1.2382643059507648
61321.1966 lsst_hardware_g 5.821828645758524 13.289999961853027 31.309999465942383 AB 5.5921986152611245 1.3534970428223778
61321.2165 lsst_hardware_r 15.430645959996344 22.639999389648438 31.459999084472656 AB 4.065918564442478 1.2399243398553934
61323.2031 lsst_hardware_i 33.42957651403522 31.90999984741211 31.219999313354492 AB 4.360832587369499 1.2812161161598763
61323.2216 lsst_hardware_z -7.3853307405666255 42.869998931884766 30.940000534057617 AB 3.1157048416540807 1.1920819442625918
61325.2036 lsst_hardware_r 0.3299422391165373 22.75 31.440000534057617 AB 7.859352559357567 1.249764532920211
61325.2212 lsst_hardware_u -0.4282141400870372 2.5999999046325684 28.34000015258789 AB 6.444438327647613 1.1717160595722933
61326.179 lsst_hardware_u -2.6467561629309944 2.490000009536743 28.18000030517578 AB 8.951852728796615 1.380393635897969
61326.1992 lsst_hardware_g -3.9605760075154466 13.300000190734863 31.329999923706055 AB 8.0405053974844 1.25829505437965
61328.2047 lsst_hardware_z 35.97980919045562 43.02000045776367 30.93000030517578 AB 8.046453730977406 1.2060032570411279
61328.2234 lsst_hardware_r 12.60158845099 22.239999771118164 31.479999542236328 AB 7.24852671448969 1.1345322764892298
