data/validation/pwv_sim_epoch_fit_4/33944759.ecsv
# %ECSV 0.9
# ---
# datatype:
# - {name: time, datatype: float64}
# - {name: band, datatype: string}
# - {name: flux, datatype: float64}
# - {name: fluxerr, datatype: float64}
# - {name: zp, datatype: float64}
# - {name: zpsys, datatype: string}
# - {name: pwv, datatype: float64}
# - {name: airmass, datatype: float64}
# meta: {SNID: '33944759', alt: 1024.0, c: -0.09434682875871658, dec: -46.37508, lat: -30.244573, lon: -70.7499537, ra: 153.927032, t0: 61927.9765625,
#   x0: 6.3903222311570606e-06, x1: 0.8969985246658325, z: 0.5538684725761414}
# schema: astropy-2.0
time band flux fluxerr zp zpsys pwv airmass
[from data line 132]
62168.266 lsst_hardware_i -2.3945927487811063 67.73999786376953 31.34000015258789 AB 11.00218645982694 1.042383722448825
62168.2792 lsst_hardware_z -171.47644751806422 61.040000915527344 30.989999771118164 AB 10.8694163487579 1.0469986368788615
62172.2574 lsst_hardware_g 4.603787745359457 35.029998779296875 31.690000534057617 AB 5.805142041895051 1.042871111451535
62172.2693 lsst_hardware_r 29.04737986865448 37.43000030517578 31.600000381469727 AB 5.860496889812992 1.0475461417129308
62174.2629 lsst_hardware_i -2.5944049543175622 31.31999969482422 31.25 AB 4.521660601073775 1.0470442517248524
62174.2737 lsst_hardware_z -13.816401590680316 41.66999816894531 30.950000762939453 AB 4.522753444953099 1.0542344037496783
62180.244 lsst_hardware_z 15.790739019087288 40.869998931884766 30.950000762939453 AB 5.196645038578579 1.045813048617131
62180.255 lsst_hardware_i 29.841314722193665 29.979999542236328 31.25 AB 5.578243957316945 1.0524326691372137
62182.2453 lsst_hardware_u 4.196716443244735 2.640000104904175 28.440000534057617 AB 3.498259596983336 1.0495041166978816
62182.2558 lsst_hardware_g -21.307504570650487 13.0600004196167 31.399999618530273 AB 3.571127109137377 1.0576416730749176
62184.2452 lsst_hardware_r 11.718709537227365 21.75 31.479999542236328 AB 4.78983398301477 1.0532894959900359
62184.2556 lsst_hardware_i -13.177231032855325 30.100000381469727 31.239999771118164 AB 4.658368236946929 1.0628466364362388
62186.2458 lsst_hardware_z 7.562394060466876 40.91999816894531 30.950000762939453 AB 2.7573037348056553 1.0584997862269383
62186.2574 lsst_hardware_u 2.4709710012975856 2.6500000953674316 28.440000534057617 AB 2.6901324720328637 1.0713035431053781
62188.1934 lsst_hardware_z 17.24372245197182 40.86000061035156 30.950000762939453 AB 6.331369021734387 1.043316968235021
62188.2056 lsst_hardware_r 20.84089769496187 21.780000686645508 31.489999771118164 AB 6.3126986724343395 1.041785406788405
62190.1924 lsst_hardware_z 69.66171555797712 42.59000015258789 30.959999084472656 AB 11.445315915210402 1.0423152129691946
62190.204 lsst_hardware_r 9.51793647144489 23.229999542236328 31.510000228881836 AB 11.50821723754468 1.042096339047209
62192.192 lsst_hardware_i 53.41261256107275 45.209999084472656 31.299999237060547 AB 9.729341540493955 1.041796931201837
62192.2035 lsst_hardware_z 52.266660703428805 47.93000030517578 30.959999084472656 AB 9.82750741992496 1.043056809883933
62194.1922 lsst_hardware_r -115.91356282763884 81.91000366210938 31.65999984741211 AB 6.970420927280044 1.0419943085851027
62194.2044 lsst_hardware_z -15.79834462061756 59.459999084472656 30.979999542236328 AB 6.9872670623502176 1.0452157161331663
62196.1841 lsst_hardware_y -34.32082382104129 56.41999816894531 30.059999465942383 AB 4.048787678767219 1.0418014440605248
62196.1975 lsst_hardware_r 117.1674566144055 101.9800033569336 31.65999984741211 AB 4.072690187971376 1.0446366761212489
62199.1838 lsst_hardware_i -89.80975955629127 51.61000061035156 31.309999465942383 AB 6.758078637698869 1.0429133700152575
62199.1958 lsst_hardware_z 26.53910581191714 51.810001373291016 30.969999313354492 AB 6.799620327109917 1.0476803873208058
62202.1706 lsst_hardware_u -5.587839695506615 3.4100000858306885 28.610000610351562 AB 9.820476571675576 1.0420248720973586
62202.182 lsst_hardware_r -11.787008611571604 27.290000915527344 31.540000915527344 AB 9.846232053951246 1.0449887204816153
62204.1646 lsst_hardware_i -22.88621799788873 29.850000381469727 31.25 AB 9.951840752328927 1.0419684590439668
62204.1769 lsst_hardware_z -102.33057833175299 40.75 30.950000762939453 AB 9.469302035776296 1.045138372662134
62206.1608 lsst_hardware_r 19.17442073746772 22.020000457763672 31.5 AB 7.851710182439009 1.0421701861480257
62206.1735 lsst_hardware_u 3.831322945333804 2.7699999809265137 28.530000686645508 AB 9.270643961583197 1.0460529152703275
62208.1691 lsst_hardware_g 4.1103709268848405 13.260000228881836 31.420000076293945 AB 14.523736146336368 1.0465671876300753
62208.1806 lsst_hardware_r 4.508195286559664 21.989999771118164 31.489999771118164 AB 14.577047965522581 1.0540355368334686
62211.1539 lsst_hardware_i 35.44323578252648 29.8799991607666 31.239999771118164 AB 8.791585151578772 1.0437180631078555
62211.1664 lsst_hardware_z 10.931824135338358 40.939998626708984 30.950000762939453 AB 8.841952470947666 1.0496975628350687
62213.1446 lsst_hardware_r -8.027457676129288 22.030000686645508 31.5 AB 6.399807767688442 1.0426960641421437
62213.1573 lsst_hardware_g -17.43088345814203 13.34000015258789 31.43000030517578 AB 6.455441148652138 1.047536089030773
62216.1451 lsst_hardware_r -6.271240134908497 22.079999923706055 31.510000228881836 AB 5.433414256203283 1.045557586184083
62216.1591 lsst_hardware_i 7.6486738679377595 30.219999313354492 31.260000228881836 AB 5.413035086612254 1.0543161993076677
62220.1343 lsst_hardware_z -0.49741133251161673 64.19999694824219 31.719999313354492 AB 8.897647446207692 1.0456134257250946
62222.1267 lsst_hardware_r 16.720888171860043 64.08000183105469 31.649999618530273 AB 7.2085832163712205 1.0447222052711913
62222.1382 lsst_hardware_i -86.09374885537115 54.06999969482422 31.31999969482422 AB 7.251386003136879 1.050925507700997
62226.1276 lsst_hardware_z -2.3704884951276304 66.55999755859375 30.989999771118164 AB 5.315668952409359 1.051150672811801
62226.1392 lsst_hardware_r 17.492995346645177 96.79000091552734 31.65999984741211 AB 5.3855010940618495 1.0610779418898335
62228.1152 lsst_hardware_r 62.98773189496863 57.91999816894531 31.639999389648438 AB 8.976419980250721 1.0469349172207765
62228.126 lsst_hardware_i 90.33021404614679 50.040000915527344 31.309999465942383 AB 8.884598385515751 1.0540512973681042
62230.1043 lsst_hardware_z -46.27923369171692 42.720001220703125 30.950000762939453 AB 6.2670762700981175 1.0445127116830195
62230.1165 lsst_hardware_i -46.01752464876689 34.959999084472656 31.270000457763672 AB 6.306169723236033 1.0510282872060055
62232.108 lsst_hardware_u 1.8065813567450615 2.559999942779541 28.360000610351562 AB 9.785798559328482 1.0490404030011462
62232.1199 lsst_hardware_g -9.294032322953147 13.020000457763672 31.3700008392334 AB 9.970379534700594 1.0582394694535089
62234.1024 lsst_hardware_r -19.183292271616157 21.8700008392334 31.479999542236328 AB 7.822064987083585 1.0489560127509165
62234.1153 lsst_hardware_i 20.527890808606937 30.010000228881836 31.239999771118164 AB 7.834532253779882 1.059054510942173
62236.1004 lsst_hardware_z -14.097986601514705 41.0 30.950000762939453 AB 5.326573352035421 1.051228212361441
62236.1116 lsst_hardware_u 0.35570587380161034 2.6500000953674316 28.43000030517578 AB 5.393380095187326 1.0607841267660119
62238.0588 lsst_hardware_r -26.972805473210745 21.93000030517578 31.489999771118164 AB 6.559472610788734 1.0428414325578272
62238.0692 lsst_hardware_g -20.719948964972744 13.1899995803833 31.40999984741211 AB 6.698314350339531 1.0418095264545502
62242.0888 lsst_hardware_i 64.56569263546518 30.020000457763672 31.25 AB 16.8164361423984 1.0548952079958847
62242.0997 lsst_hardware_z 69.22844513723389 41.20000076293945 30.950000762939453 AB 16.956164338262138 1.0655765431058364
62244.0949 lsst_hardware_i 24.692142837601217 30.170000076293945 31.260000228881836 AB 12.049545068921974 1.0663314220284932
62244.1053 lsst_hardware_u 2.4964878061191733 2.7300000190734863 28.5 AB 12.202301702996595 1.079849708229787
62246.0898 lsst_hardware_g -10.565449636389928 14.430000305175781 31.43000030517578 AB 7.2976323039213025 1.0667493500835115
62246.1007 lsst_hardware_r -3.707738120790168 22.579999923706055 31.489999771118164 AB 7.380392120106115 1.0811121269686692
62250.0353 lsst_hardware_i -15.595815149064576 47.040000915527344 31.299999237060547 AB 9.223837876445922 1.0417903216812967
62250.047 lsst_hardware_z 38.90951757578793 49.029998779296875 30.959999084472656 AB 9.632463401723333 1.04360383550632
62252.0276 lsst_hardware_r 1.2539891876697704 76.30000305175781 31.649999618530273 AB 12.085384908469683 1.0418435265922141
62252.0406 lsst_hardware_z -17.565916366451223 58.43000030517578 30.979999542236328 AB 12.102614047677369 1.0433287972135663
62254.0306 lsst_hardware_r -13.821392513330775 97.83000183105469 31.65999984741211 AB 1.5634770031127718 1.0423180020751812
62254.0433 lsst_hardware_i 7.485723000899856 76.48999786376953 31.329999923706055 AB 1.6825740449602686 1.0464853601908999
62259.0216 lsst_hardware_u -6.72849853438713 2.559999942779541 28.3799991607666 AB 14.218250029314758 1.0433626067204216
62259.0334 lsst_hardware_g 26.659765061033955 12.859999656677246 31.3799991607666 AB 14.349001669946983 1.048520399703835
62261.0195 lsst_hardware_r -28.3513102479966 21.690000534057617 31.489999771118164 AB 10.432452049934753 1.044463746030484
62261.0316 lsst_hardware_i 75.7165396914832 29.90999984741211 31.25 AB 10.574301946237167 1.050862305216116
62269.9991 lsst_hardware_z 5.716434929667828 40.90999984741211 30.950000762939453 AB 7.604768404590103 1.046239806189595
62270.0104 lsst_hardware_i 20.676436885373338 29.950000762939453 31.25 AB 6.196611383561801 1.0533379126093096
62271.9965 lsst_hardware_u 0.2686035614329041 2.609999895095825 28.40999984741211 AB 7.523670045380913 1.0477189869630363
62272.0087 lsst_hardware_g 1.4740794404102613 12.9399995803833 31.3799991607666 AB 5.536623757921485 1.0564563770302886
62279.9938 lsst_hardware_z -68.58167830235675 53.720001220703125 30.969999313354492 AB 8.467566804656117 1.063230387324977
62280.0058 lsst_hardware_r 61.85532474938137 64.47000122070312 31.639999389648438 AB 7.999340226841923 1.07813874006967
62281.9904 lsst_hardware_i 84.80762687597213 64.86000061035156 31.329999923706055 AB 6.146151039008049 1.0654985909866597
62282.0027 lsst_hardware_z -31.801593080440913 60.08000183105469 30.979999542236328 AB 6.154926846651438 1.081566901840969
