data/validation/pwv_sim_epoch_fit_4/34044217.ecsv
# %ECSV 0.9
# ---
# datatype:
# - {name: time, datatype: float64}
# - {name: band, datatype: string}
# - {name: flux, datatype: float64}
# - {name: fluxerr, datatype: float64}
# - {name: zp, datatype: float64}
# - {name: zpsys, datatype: string}
# - {name: pwv, datatype: float64}
# - {name: airmass, datatype: float64}
# meta: {SNID: '34044217', alt: 1024.0, c: 0.08623187243938446, dec: -46.571846, lat: -30.244573, lon: -70.7499537, ra: 35.495689, t0: 62764.125,
#   x0: 5.756505809089056e-06, x1: -0.4188990592956543, z: 0.5791135430335999}
# schema: astropy-2.0
time band flux fluxerr zp zpsys pwv airmass
[from data line 132]
63163.2557 lsst_hardware_r -11.24908457317178 21.889999389648438 31.479999542236328 AB 3.1917014777755512 1.0736829371301473
63163.266 lsst_hardware_i 12.393373225103938 30.309999465942383 31.239999771118164 AB 3.24267162099656 1.0889975218839898
63166.2917 lsst_hardware_r 45.464969097004904 55.310001373291016 31.600000381469727 AB 3.6939750194522385 1.1640066234289828
63166.3028 lsst_hardware_i 46.299627124038686 49.11000061035156 31.280000686645508 AB 3.80594853893133 1.1980635992543731
63168.2926 lsst_hardware_z 129.24217656095345 64.83000183105469 30.969999313354492 AB 3.5920094439306722 1.1828790704491785
63168.3036 lsst_hardware_r -29.671969109442017 88.94999694824219 31.610000610351562 AB 3.6625082152471795 1.2196841478316633
63172.2474 lsst_hardware_z 17.486858279700744 51.84000015258789 30.959999084472656 AB 4.844130955210155 1.0993772380616467
63181.2368 lsst_hardware_g -2.483274073472292 12.920000076293945 31.360000610351562 AB 2.6312353784690408 1.1282364232697952
63181.2466 lsst_hardware_r 18.49253049311867 22.100000381469727 31.459999084472656 AB 2.666737382622028 1.1526022400038614
63186.2302 lsst_hardware_r 0.8221212575429483 22.020000457763672 31.459999084472656 AB 8.701675487369107 1.1454094362734113
63186.2412 lsst_hardware_g -5.155045310619799 12.920000076293945 31.34000015258789 AB 8.78125949333884 1.1760090388829303
63187.1813 lsst_hardware_r 11.707896749063147 21.579999923706055 31.469999313354492 AB 2.5203689084898513 1.0629982743516495
63187.194 lsst_hardware_u -0.8522528565273992 2.5199999809265137 28.329999923706055 AB 2.7274806611898 1.079015195802512
63189.1809 lsst_hardware_g 8.51059396304844 12.90999984741211 31.389999389648438 AB 5.6545287053421065 1.0688248320723306
63189.1929 lsst_hardware_i 42.80322547803591 30.170000076293945 31.239999771118164 AB 5.770923274673673 1.0856102727088501
63193.1905 lsst_hardware_y -74.84435236051397 69.29000091552734 30.780000686645508 AB 6.781042084897033 1.10019341038334
63195.1816 lsst_hardware_r 38.38963555253571 61.119998931884766 31.6299991607666 AB 6.4712151445196575 1.094034682082744
63195.1946 lsst_hardware_i -22.347341919472814 52.599998474121094 31.299999237060547 AB 6.632385054480981 1.1193583957381195
63197.1375 lsst_hardware_z -41.64938046011239 58.58000183105469 30.979999542236328 AB 3.7761274245248266 1.0489242845902296
63197.149 lsst_hardware_r -7.652234285924016 80.45999908447266 31.649999618530273 AB 3.8086431468175888 1.0579564296715525
63199.1744 lsst_hardware_z -9.550839302506223 60.22999954223633 30.969999313354492 AB 4.753643500393465 1.1007201683529173
63199.1865 lsst_hardware_r -44.86202141729289 85.80000305175781 31.639999389648438 AB 4.91930244211706 1.12561264025255
63201.1791 lsst_hardware_i 19.358957372137034 55.029998779296875 31.309999465942383 AB 8.661387434270361 1.121287777107905
63201.1914 lsst_hardware_z 7.095462533629696 54.290000915527344 30.959999084472656 AB 8.958548096565437 1.1510404852325684
63204.1829 lsst_hardware_z 13.481770622640145 47.189998626708984 30.950000762939453 AB 4.270983019943828 1.150226586456213
63204.1953 lsst_hardware_r 39.38734073784099 45.08000183105469 31.59000015258789 AB 4.484773861090074 1.1860036215060688
63206.1839 lsst_hardware_u 4.683621706318227 3.4800000190734863 28.59000015258789 AB 6.074039563300386 1.1680845314039203
63206.1959 lsst_hardware_g -11.601077454753998 22.809999465942383 31.549999237060547 AB 6.270530902356155 1.2058713273761836
63208.0948 lsst_hardware_g 10.757849669692073 12.8100004196167 31.3799991607666 AB 3.9852510998795068 1.0430319127274892
63208.1056 lsst_hardware_r 59.87392004321653 21.549999237060547 31.469999313354492 AB 4.006164962038032 1.047797117422412
63211.1018 lsst_hardware_i -8.664913132166564 29.860000610351562 31.25 AB 11.160551294984261 1.0506108298867318
63211.1149 lsst_hardware_z -41.589981991499535 41.0099983215332 30.950000762939453 AB 11.307190637932123 1.0620820136604086
63213.0785 lsst_hardware_z 54.32680349700174 40.75 30.950000762939453 AB 11.813738566677719 1.042327383684288
63213.0915 lsst_hardware_r 22.171296400061944 21.639999389648438 31.479999542236328 AB 12.48756682668771 1.047541432507882
63216.0794 lsst_hardware_u 1.4984676036781097 2.740000009536743 28.520000457763672 AB 10.451909673056626 1.0455126635098195
63216.0914 lsst_hardware_g 13.735872736315955 13.010000228881836 31.399999618530273 AB 10.640399437640454 1.0530267497135612
63218.0805 lsst_hardware_r -10.111993065247624 22.1200008392334 31.489999771118164 AB 4.218892163275157 1.049149434448202
63218.0934 lsst_hardware_z 48.47010222978824 41.16999816894531 30.950000762939453 AB 4.112307506639412 1.0596454816335183
63220.0776 lsst_hardware_r 31.410155506162123 27.09000015258789 31.540000915527344 AB 5.480328086083771 1.0508778688562614
63220.0893 lsst_hardware_y 9.55700195337189 47.45000076293945 30.040000915527344 AB 3.52567519350554 1.061018240051824
63224.0783 lsst_hardware_i -55.20121979121089 47.869998931884766 31.299999237060547 AB 6.79974257600339 1.0609402016908163
63224.0926 lsst_hardware_z -1.4243157823419448 49.970001220703125 30.959999084472656 AB 6.647137402848774 1.0784971448645928
63226.077 lsst_hardware_r -89.4345813089344 67.12000274658203 31.639999389648438 AB 10.107897402001756 1.0654471805630605
63226.0898 lsst_hardware_z -17.40359241606306 53.720001220703125 30.969999313354492 AB 8.115475111380118 1.0824241562360197
