data/validation/pwv_sim_epoch_fit_4/34256575.ecsv
# %ECSV 0.9
# ---
# datatype:
# - {name: time, datatype: float64}
# - {name: band, datatype: string}
# - {name: flux, datatype: float64}
# - {name: fluxerr, datatype: float64}
# - {name: zp, datatype: float64}
# - {name: zpsys, datatype: string}
# - {name: pwv, datatype: float64}
# - {name: airmass, datatype: float64}
# meta: {SNID: '34256575', alt: 1024.0, c: -0.06952966004610062, dec: -47.161343, lat: -30.244573, lon: -70.7499537, ra: 58.755459, t0: 61391.8984375,
#   x0: 2.0308235035528647e-05, x1: 0.03242449834942818, z: 0.3407437801361084}
# schema: astropy-2.0
time band flux fluxerr zp zpsys pwv airmass
61303.3943 lsst_hardware_g -8.989980393922052 16.309999465942383 31.479999542236328 AB 6.113932647912544 1.0578653253593004
61305.3874 lsst_hardware_z 39.022922467126094 41.720001220703125 30.950000762939453 AB 1.4793804783253681 1.0567003416609773
61305.4002 lsst_hardware_r -74.89167002748104 31.809999465942383 31.56999969482422 AB 1.496652948226414 1.0690378201617243
61307.3886 lsst_hardware_y -104.12080820640513 48.33000183105469 30.040000915527344 AB 4.031084962606057 1.0625594629604105
61311.3846 lsst_hardware_i 45.89890322134432 60.9900016784668 31.31999969482422 AB 4.279749784948501 1.0699374462371252
61313.3753 lsst_hardware_r 51.7467819243247 53.25 31.6299991607666 AB 3.3262544079716116 1.0656802268231034
61313.3861 lsst_hardware_z -41.18652819885406 54.790000915527344 30.969999313354492 AB 3.4430127015365084 1.0787225508064566
61315.3744 lsst_hardware_z -18.193370428442943 44.75 30.959999084472656 AB 2.656970691605452 1.0707834598085741
61315.3856 lsst_hardware_i 76.24992155179307 41.58000183105469 31.290000915527344 AB 2.2544850710810036 1.0858447061196346
61319.3698 lsst_hardware_u -1.854169541009341 2.8399999141693115 28.459999084472656 AB 6.684273164241985 1.0788335974565852
61319.3816 lsst_hardware_g -24.35142843958193 18.329999923706055 31.510000228881836 AB 6.302387228785117 1.0970212756806121
61321.3652 lsst_hardware_r -33.42141667057875 21.75 31.479999542236328 AB 4.780163812521817 1.0800189364032813
61321.3774 lsst_hardware_i -2.1250079879172707 32.33000183105469 31.25 AB 4.44770404429427 1.099216322346437
61323.3633 lsst_hardware_z 32.72836535522042 41.31999969482422 30.950000762939453 AB 3.25546853204499 1.08515617734833
61323.375 lsst_hardware_r 27.223548143553618 22.739999771118164 31.489999771118164 AB 3.4247438485295656 1.1047560801708276
61326.3465 lsst_hardware_g 3.1270315885366933 12.729999542236328 31.3799991607666 AB 5.864368840024873 1.073372168028713
61326.3583 lsst_hardware_i 9.429780297150575 30.049999237060547 31.239999771118164 AB 5.984735938839081 1.0900827428746283
61330.3441 lsst_hardware_u -0.6950458522499653 2.6600000858306885 28.440000534057617 AB 5.308487607434446 1.0850255712691765
61330.3547 lsst_hardware_g 10.147873789607353 12.979999542236328 31.3799991607666 AB 5.398737316677868 1.1025706763357228
61332.3321 lsst_hardware_r -20.77513032387783 21.780000686645508 31.479999542236328 AB 4.088398355571804 1.0758943040978433
61332.3438 lsst_hardware_i 9.744332319072875 30.399999618530273 31.239999771118164 AB 4.173584487891442 1.0931337055765957
61334.3409 lsst_hardware_z -39.928079143757515 41.41999816894531 30.940000534057617 AB 2.7684354342411797 1.097460447652721
61334.3515 lsst_hardware_r 11.013700557140718 21.940000534057617 31.479999542236328 AB 2.8129072301235536 1.1176004622548306
61340.3154 lsst_hardware_z -89.06024321593692 58.34000015258789 30.979999542236328 AB 3.4086496944001476 1.0829705145035144
61340.326 lsst_hardware_i -0.6527915782497022 63.220001220703125 31.31999969482422 AB 3.4492353246477325 1.1000591052934883
61348.1448 lsst_hardware_g 21.53299375248313 12.90999984741211 31.350000381469727 AB 5.961820449330302 1.168984401829471
61348.1554 lsst_hardware_r 4.1740015923457054 22.030000686645508 31.469999313354492 AB 5.819109007163437 1.1410017661104779
61362.2588 lsst_hardware_i -39.51709894121089 30.1299991607666 31.229999542236328 AB 4.352760211233859 1.0881900528084647
61362.2708 lsst_hardware_r -48.377463419358996 21.760000228881836 31.459999084472656 AB 4.436365124931372 1.109091281232843
61363.2846 lsst_hardware_g 10.910546458349287 12.729999542236328 31.34000015258789 AB 6.051065995010522 1.1457097406059873
61363.2976 lsst_hardware_r 0.30951673550612463 21.920000076293945 31.450000762939453 AB 7.377959383161472 1.1816078448369376
61367.242 lsst_hardware_i 103.49225825142265 61.39401539571293 31.309999465942383 AB 6.667521984458809 1.0834452363436116
61367.2532 lsst_hardware_z 114.608555598085 58.13759599411167 30.969999313354492 AB 6.689610375211944 1.1017144886712689
61369.2456 lsst_hardware_i 38.83978537274673 64.53905036914855 31.31999969482422 AB 6.833948162000595 1.0979258825326135
61369.2577 lsst_hardware_z 121.39327416476819 59.718138281147596 30.969999313354492 AB 7.332953862947626 1.1213182077779102
61373.2426 lsst_hardware_i 581.3834658228279 46.645567437330925 31.280000686645508 AB 5.55236102777745 1.1126976007570042
61373.2551 lsst_hardware_r 842.270999436786 50.93589095415273 31.59000015258789 AB 5.6919583981966255 1.140292166583631
61375.2308 lsst_hardware_u 20.87620433193177 5.5256335065086875 28.6200008392334 AB 8.458283161395988 1.1007178885257982
61375.2442 lsst_hardware_g 1013.3978103126551 38.38030050171483 31.549999237060547 AB 8.567626820553421 1.1276160595621771
61378.2635 lsst_hardware_r 2464.5086048668604 54.35913217301915 31.450000762939453 AB 5.266255763203444 1.2033488681247302
61378.2755 lsst_hardware_i 1702.0102833739209 52.345510135750736 31.209999084472656 AB 5.468069636686726 1.2465677958934744
61380.2042 lsst_hardware_r 3430.8638222659742 61.63467691954885 31.479999542236328 AB 5.6168510784069925 1.0801636689244216
61380.216 lsst_hardware_i 2333.6577860263333 56.915264397328556 31.239999771118164 AB 5.859859073635706 1.098689242267874
61382.1708 lsst_hardware_z 2017.927487164478 61.18710362093577 30.950000762939453 AB 4.645366705292072 1.0522377723069418
61382.1831 lsst_hardware_i 3065.169410351157 61.903183114669005 31.239999771118164 AB 4.750083023033066 1.0618863294099516
61384.1713 lsst_hardware_u 72.05077429157262 8.142175090256435 28.479999542236328 AB 10.278860741212156 1.0564091203712391
61384.1849 lsst_hardware_g 3745.4843606859945 62.59952689434258 31.389999389648438 AB 10.403255802281098 1.0695144110291126
61386.1243 lsst_hardware_g 4008.388554921179 65.5537856470248 31.399999618530273 AB 13.050933831283995 1.0464746216350025
61386.1394 lsst_hardware_r 5598.939590483314 77.35833680662172 31.479999542236328 AB 12.267517914345897 1.0449630524159599
61388.1681 lsst_hardware_z 2719.485607642167 65.67002215170089 30.950000762939453 AB 8.080542299094635 1.063229249880873
61388.1794 lsst_hardware_u 46.96691257145541 7.61129264669027 28.420000076293945 AB 8.178955081157566 1.0761783001523113
61391.1237 lsst_hardware_r 6770.880537451993 86.76337088064962 31.559999465942383 AB 10.035149112366332 1.0448291991531473
61391.1356 lsst_hardware_g 4859.260900291247 75.16893966553073 31.6200008392334 AB 9.818031586214842 1.0471170869179824
61393.1685 lsst_hardware_i 4876.859892984413 80.19648895725472 31.290000915527344 AB 5.618291253815084 1.0798868376118178
61393.1815 lsst_hardware_z 2981.2690698337506 70.5918135778185 30.959999084472656 AB 5.680554728929914 1.1004561660073449
61395.1684 lsst_hardware_i 4792.21959202144 85.76226020452397 31.309999465942383 AB 5.303134349761729 1.0877480547848
61395.1801 lsst_hardware_z 3050.7623896005307 74.2305422664699 30.969999313354492 AB 5.369922934343384 1.107962090992445
61406.1099 lsst_hardware_g 1679.2615310360072 42.367414606692016 31.3799991607666 AB 7.311732814854902 1.05540772817854
61406.1231 lsst_hardware_r 3638.937026051212 64.63559261103393 31.479999542236328 AB 7.398593461045771 1.067575739930345
61408.0899 lsst_hardware_r 3327.963218010967 61.42644926027026 31.489999771118164 AB 4.469951767453022 1.0473790094201927
61408.103 lsst_hardware_i 3229.7805056117977 63.712728517928525 31.25 AB 4.514534018161566 1.0543665599723404
61410.0865 lsst_hardware_z 1751.8393577885156 57.27925829903815 30.950000762939453 AB 10.932203256830348 1.048183379797726
61410.0984 lsst_hardware_r 2809.083533029661 57.29095894011061 31.469999313354492 AB 10.983444311771857 1.054984565533748
61412.093 lsst_hardware_u 10.465021469271322 4.043861405897675 28.399999618530273 AB 9.276790112796636 1.0550299137900738
61412.107 lsst_hardware_r 2445.2393572638184 54.23373237615381 31.479999542236328 AB 9.373603510330279 1.0678923985490008
61414.0764 lsst_hardware_i 2536.651270205127 58.122565428159895 31.25 AB 8.821682120134332 1.0485359096831615
61414.0899 lsst_hardware_z 1678.7334064974104 56.649692232486 30.940000534057617 AB 6.940980640052145 1.0568277781663653
61416.0725 lsst_hardware_r 1852.8616447796464 48.68567815776804 31.479999542236328 AB 6.5053590733248 1.0492514634394838
61416.0849 lsst_hardware_u 4.357318583099918 3.7554007385028285 28.459999084472656 AB 6.065666760059146 1.0571968209253413
61419.0707 lsst_hardware_g 589.9403401496324 29.74899701671254 31.510000228881836 AB 6.951564857526364 1.0528420119436133
61419.0842 lsst_hardware_r 1592.0327314510878 46.40648923114271 31.510000228881836 AB 7.340102738235027 1.0639886072045361
61421.0718 lsst_hardware_i 2188.710564657524 57.583397268852224 31.270000457763672 AB 3.5481444927058905 1.0576479596708817
61421.0849 lsst_hardware_z 1485.7449579236807 58.34507960175173 30.950000762939453 AB 3.995169654449863 1.0707322356984557
61671.3898 lsst_hardware_i 89.67531242410716 35.400001525878906 31.280000686645508 AB 1.528133577873411 1.0604674378026584
61671.4005 lsst_hardware_z -13.182769466767521 60.189998626708984 30.979999542236328 AB 1.5149645469135014 1.0717824880887876
61672.385 lsst_hardware_r 10.326092882296301 26.1299991607666 31.530000686645508 AB 4.020722886409818 1.0586421501868926
61672.3972 lsst_hardware_z 18.98095869407687 55.7599983215332 30.969999313354492 AB 4.057859112517315 1.0710991454446306
61678.2899 lsst_hardware_r -6.94916200123607 21.559999465942383 31.479999542236328 AB 2.5810071216582373 1.0720694170958411
61678.3037 lsst_hardware_z 46.597046430949774 40.86000061035156 30.950000762939453 AB 3.958673279409481 1.0579737500928201
61682.3723 lsst_hardware_g -11.733458616707084 13.020000457763672 31.3799991607666 AB 2.5343824190631077 1.0740425564611749
61682.3836 lsst_hardware_r 12.764923389324759 24.059999465942383 31.5 AB 2.073182132334873 1.0901444103246936
61684.3715 lsst_hardware_i -21.241881319825325 30.270000457763672 31.239999771118164 AB 6.706859347006288 1.0802269936792894
61684.3828 lsst_hardware_z -15.759266447739387 47.63999938964844 30.959999084472656 AB 6.428794526332322 1.0979070149999695
61686.3688 lsst_hardware_r -20.98069882688575 21.899999618530273 31.479999542236328 AB 4.800794224883759 1.0841902043549592
61686.3795 lsst_hardware_u 0.39452003612712533 4.960000038146973 28.81999969482422 AB 4.390417479058908 1.1017358793120047
61688.3508 lsst_hardware_z 32.31926197694237 41.119998931884766 30.950000762939453 AB 3.2039064778391966 1.0679688259463989
61688.3624 lsst_hardware_g 20.922355313189293 12.899999618530273 31.3799991607666 AB 3.2484480511341616 1.0828160170447205
61689.3489 lsst_hardware_r 29.59166572654994 21.5 31.469999313354492 AB 4.615526641201792 1.0689038075965243
61689.3605 lsst_hardware_z -20.488018454621262 41.380001068115234 30.940000534057617 AB 4.751028285015779 1.0840290422715826
61692.3409 lsst_hardware_r 33.837662204110096 69.08000183105469 31.639999389648438 AB 5.773257569933097 1.0691217722098327
61692.3517 lsst_hardware_y -34.89961332763303 51.36000061035156 30.040000915527344 AB 5.848940705645155 1.0831371677120656
61694.341 lsst_hardware_z -25.534515302987753 59.83000183105469 30.979999542236328 AB 7.866209852244448 1.0759171840669908
61694.3526 lsst_hardware_r -91.60962231765772 81.06999969482422 31.639999389648438 AB 7.999683280659028 1.0930022244376318
61698.338 lsst_hardware_r -32.915078437115596 45.86000061035156 31.610000610351562 AB 0.6022801098607037 1.0871482127449523
61698.3478 lsst_hardware_z -25.336759651580998 47.4900016784668 30.950000762939453 AB 0.789495720945448 1.1036752855714556
61700.3426 lsst_hardware_g 39.19202581584355 28.90999984741211 31.6299991607666 AB 3.5240984090571756 1.1041561594957208
61700.3539 lsst_hardware_i 17.278967126605984 35.130001068115234 31.260000228881836 AB 3.6501131605505215 1.1271579497325337
61705.3272 lsst_hardware_u 1.5842196691177772 2.559999942779541 28.3700008392334 AB 3.4212731022445193 1.1009728406257504
61705.3385 lsst_hardware_g 8.910997826585252 12.770000457763672 31.360000610351562 AB 3.4556958520387604 1.1233164542329162
61709.3168 lsst_hardware_i -5.030944154679652 30.100000381469727 31.239999771118164 AB 3.7790102700834147 1.1019128940321956
61709.3279 lsst_hardware_z -11.120605806442077 41.650001525878906 30.940000534057617 AB 3.8572457626440992 1.1240152780895192
61711.3261 lsst_hardware_r -25.13550272769185 21.760000228881836 31.459999084472656 AB 3.5004524683594997 1.132221822649973
61711.3374 lsst_hardware_u -1.3786945369871868 2.569999933242798 28.34000015258789 AB 3.0043743014167568 1.1606249112127316
61724.304 lsst_hardware_r -47.14579178811648 78.7300033569336 31.6200008392334 AB 6.149014764377263 1.166427081449911
61724.3151 lsst_hardware_y -60.405360820628815 53.66999816894531 30.0 AB 6.332103429804696 1.2001712338521986
61726.2639 lsst_hardware_z -132.18824930793292 70.3499984741211 31.709999084472656 AB 4.421567248489261 1.0908471830154425
61728.2992 lsst_hardware_r 32.52020351793818 41.16999816894531 31.56999969482422 AB 7.369898976944693 1.1843951750815687
61728.3111 lsst_hardware_i 65.49069463230197 40.58000183105469 31.25 AB 7.700795107298796 1.2239512229982399
61729.2958 lsst_hardware_z 17.040867775622036 45.09000015258789 30.940000534057617 AB 5.770283839179186 1.1823544510305004
61729.3089 lsst_hardware_r 3.0336223720112083 34.56999969482422 31.540000915527344 AB 5.869445619540062 1.2258658353258274
61731.2916 lsst_hardware_u 2.8824241879337165 3.4800000190734863 28.559999465942383 AB 3.476395750178542 1.1862132905516076
61731.3027 lsst_hardware_g 6.315355986536654 18.3700008392334 31.469999313354492 AB 5.504406622304582 1.2232014716232404
61736.1647 lsst_hardware_g 32.39703616819338 12.569999694824219 31.360000610351562 AB 3.7686085819706205 1.0468357172140612
61736.1769 lsst_hardware_r 15.272222310290674 21.25 31.469999313354492 AB 3.6863221635702765 1.0447771838177449
61738.2443 lsst_hardware_z 4.596004135916381 41.77000045776367 30.940000534057617 AB 5.579804059903537 1.1147346039163994
61738.2559 lsst_hardware_u 2.466763291119899 2.5399999618530273 28.329999923706055 AB 5.71378354220898 1.1405706147634993
61740.2477 lsst_hardware_g 24.99258690777602 12.720000267028809 31.350000381469727 AB 8.691685741209422 1.1340432837658534
61740.2603 lsst_hardware_r -1.8875007997333217 21.8799991607666 31.450000762939453 AB 8.940902131683634 1.1663947989369012
61742.2396 lsst_hardware_i 20.18547744203664 30.420000076293945 31.229999542236328 AB 7.112322595313033 1.1280083092046942
61742.2517 lsst_hardware_z 23.316186083886684 42.41999816894531 30.940000534057617 AB 7.199359035930022 1.1577697800891742
61744.2611 lsst_hardware_i 26.285970086428055 31.010000228881836 31.229999542236328 AB 3.843668871022067 1.2021796453270988
61744.2727 lsst_hardware_u -0.11149721843491421 2.5199999809265137 28.270000457763672 AB 3.968598786200748 1.2436525065785005
61746.2065 lsst_hardware_r -12.608745240703689 27.559999465942383 31.530000686645508 AB 4.420922893658364 1.0864887917567865
61746.2176 lsst_hardware_z -55.256077403137276 42.11000061035156 30.940000534057617 AB 4.682707133517987 1.1052809913889818
61748.1276 lsst_hardware_y -141.11203855969816 68.8499984741211 30.790000915527344 AB 5.7467828546420545 1.0484916720748139
61750.1687 lsst_hardware_i -118.85404350392672 52.86000061035156 31.31999969482422 AB 10.665307249494605 1.055971014801446
61750.182 lsst_hardware_z 92.91890964734193 52.45000076293945 30.969999313354492 AB 10.79217420956466 1.068532099956897
61752.1272 lsst_hardware_z 9.844245088020887 57.959999084472656 30.979999542236328 AB 10.77206284880043 1.0453239057545298
61752.14 lsst_hardware_r -52.11421167179717 81.04000091552734 31.649999618530273 AB 10.76851560436928 1.0452839841165855
61754.1683 lsst_hardware_r -43.934120427097405 70.55999755859375 31.639999389648438 AB 8.487450664539212 1.0655090213215566
61754.1809 lsst_hardware_i -47.25316343695365 56.810001373291016 31.309999465942383 AB 8.620149422825193 1.0809868439775703
61756.1269 lsst_hardware_i -9.200523321540663 38.91999816894531 31.280000686645508 AB 9.817052975138559 1.0449973006924627
61756.1385 lsst_hardware_z 63.41752749954466 45.84000015258789 30.959999084472656 AB 9.83815488556959 1.0479314263242183
61758.1685 lsst_hardware_u 0.4283183324614405 3.5799999237060547 28.6200008392334 AB 5.613346089840871 1.07893633197864
61758.1821 lsst_hardware_g 20.87946597439087 23.959999084472656 31.579999923706055 AB 5.720824618954155 1.1002996446251099
61760.1754 lsst_hardware_r 9.245363747792453 21.709999084472656 31.469999313354492 AB 5.3061106457979195 1.0981189250407721
61760.1885 lsst_hardware_i -9.878019961855955 30.450000762939453 31.239999771118164 AB 5.3878212076455165 1.1237113197258446
61764.1091 lsst_hardware_r -2.956410936986871 21.5 31.479999542236328 AB 6.295230888326044 1.0456325701065308
61764.12 lsst_hardware_i 15.719267742494093 29.809999465942383 31.25 AB 6.300742392714863 1.049424116041837
61766.1073 lsst_hardware_z -10.632283200414191 40.90999984741211 30.940000534057617 AB 5.298240416803232 1.0465660082574928
61766.1202 lsst_hardware_r -37.5868745689152 21.489999771118164 31.469999313354492 AB 5.28804486745302 1.0526090803588992
61770.1035 lsst_hardware_i -2.8966125953207116 29.540000915527344 31.239999771118164 AB 7.835118259576122 1.0493696189079385
61770.1162 lsst_hardware_z 18.28494903055642 40.66999816894531 30.940000534057617 AB 7.8707851093128856 1.0576524485924528
61772.089 lsst_hardware_z 30.452066734326298 40.7400016784668 30.940000534057617 AB 5.281702455038323 1.046037026298623
61772.0993 lsst_hardware_r -32.58179818646283 21.860000610351562 31.479999542236328 AB 5.304354583589716 1.0500033817171703
61774.1034 lsst_hardware_g 1.2306571297082494 19.6200008392334 31.540000915527344 AB 2.429168499349595 1.0561602171085196
61774.1169 lsst_hardware_r 13.927158378874434 24.889999389648438 31.510000228881836 AB 2.458777641951913 1.069033757370397
61776.0889 lsst_hardware_r -14.597032377017753 36.25 31.59000015258789 AB 9.004395106965097 1.0502793670643582
61776.1015 lsst_hardware_i 47.61247159884447 37.11000061035156 31.280000686645508 AB 9.090126550218335 1.0590747167647603
61778.0871 lsst_hardware_z -66.12186038414306 47.880001068115234 30.969999313354492 AB 6.107446947893391 1.052403265001733
61778.1001 lsst_hardware_r -0.49238667742562975 50.040000915527344 31.6200008392334 AB 6.211103074879802 1.0628170901573972
61780.0786 lsst_hardware_z -25.10973645124013 52.75 30.979999542236328 AB 9.554662993376377 1.0506171967939424
61780.0916 lsst_hardware_r 20.477467706419304 65.79000091552734 31.649999618530273 AB 9.0011408443687 1.0599761548588291
61782.07 lsst_hardware_i 1.8390444944817879 60.83000183105469 31.329999923706055 AB 3.7974715323864405 1.0490252851896245
61782.0835 lsst_hardware_z -8.930731728601701 56.959999084472656 30.979999542236328 AB 5.951218965035826 1.0577124260260888
61783.0752 lsst_hardware_r -56.372072935800915 69.12999725341797 31.649999618530273 AB 2.1853180214513994 1.0535461113421234
61783.0869 lsst_hardware_z -18.231629451613063 54.90999984741211 30.979999542236328 AB 3.16285659357012 1.0632642067133975
61786.0718 lsst_hardware_g 3.0213503137478113 12.680000305175781 31.360000610351562 AB 3.546246044073062 1.0570820609801213
61786.0849 lsst_hardware_r 11.531718770341206 21.510000228881836 31.469999313354492 AB 3.9921440830007073 1.0699213622782464
61788.0718 lsst_hardware_i 39.53695650218821 29.760000228881836 31.239999771118164 AB 4.14126681018836 1.061863284663682
61788.0855 lsst_hardware_z -46.86708042871677 41.06999969482422 30.940000534057617 AB 4.220784379356036 1.077486598852781
