data/validation/pwv_sim_epoch_fit_4/34257211.ecsv
# %ECSV 0.9
# ---
# datatype:
# - {name: time, datatype: float64}
# - {name: band, datatype: string}
# - {name: flux, datatype: float64}
# - {name: fluxerr, datatype: float64}
# - {name: zp, datatype: float64}
# - {name: zpsys, datatype: string}
# - {name: pwv, datatype: float64}
# - {name: airmass, datatype: float64}
# meta: {SNID: '34257211', alt: 1024.0, c: -0.09340231865644455, dec: -18.839405, lat: -30.244573, lon: -70.7499537, ra: 187.558594, t0: 62162.875,
#   x0: 4.35746060428731e-06, x1: -1.0575203895568848, z: 0.6486653685569763}
# schema: astropy-2.0
time band flux fluxerr zp zpsys pwv airmass
62160.3647 lsst_hardware_g 417.7971958076596 26.337104442755194 31.520000457763672 AB 7.175774186681766 1.0210991372012577
62162.3257 lsst_hardware_z 942.5340167231075 50.87499725364315 30.950000762939453 AB 12.80862335759523 1.0516111131030568
62162.3441 lsst_hardware_y 380.72323115590086 49.92759718895364 30.049999237060547 AB 14.410947020767669 1.0299050934977778
62163.3631 lsst_hardware_u 7.079929251840012 3.6559839869782484 28.68000030517578 AB 11.166355180325224 1.0197119017693461
62165.3544 lsst_hardware_r 1441.141315856153 73.16595358007123 31.649999618530273 AB 11.757913710567928 1.0202094325872388
62165.3724 lsst_hardware_y 395.7076799720005 56.93444864962746 30.06999969482422 AB 11.805366229619342 1.0219253003096995
62167.3479 lsst_hardware_r 1529.2395019180788 101.06547630077301 31.670000076293945 AB 11.822693839594232 1.0204439766606543
62167.3664 lsst_hardware_y 426.26911561214666 58.00692850799547 30.06999969482422 AB 11.891047335953278 1.0217139340644374
62169.3577 lsst_hardware_z 1936.049843065531 106.98369875584137 31.75 AB 10.02666779337215 1.020655838490608
62171.3356 lsst_hardware_r 2462.0653157702477 112.26811635367312 32.40999984741211 AB 8.477839729138855 1.0208115266873998
62171.3536 lsst_hardware_i 1269.5465888819685 71.79482931667556 31.34000015258789 AB 8.571085731513069 1.0210561567144187
62179.3265 lsst_hardware_u 1.5807630588436399 2.964150497896914 28.520000457763672 AB 6.205374897183958 1.0198520682901908
62179.3434 lsst_hardware_g 103.68714254837323 17.639908895337424 31.459999084472656 AB 6.322808626602069 1.0270691111788293
62181.148 lsst_hardware_g 80.84661295156917 16.583962543682897 31.219999313354492 AB 3.445824675731766 1.7844767870181475
62183.279 lsst_hardware_i 633.4449987328886 39.62876613808737 31.260000228881836 AB 4.706116062620672 1.0375416636312338
62183.2975 lsst_hardware_z 635.6916271525083 47.77679141268027 30.950000762939453 AB 5.309919987204551 1.0228431977406662
62185.3129 lsst_hardware_r 375.03044661971245 30.5762863282323 31.520000457763672 AB 5.0503219459018736 1.0203701274677994
62185.3308 lsst_hardware_u -2.417511974075103 2.95761068864344 28.549999237060547 AB 5.059259128697776 1.030031888572866
62187.2737 lsst_hardware_g 63.05302516605842 15.199541426115108 31.459999084472656 AB 2.8252267300267064 1.031795019791846
62187.29 lsst_hardware_i 457.8544831108288 37.70023559795737 31.260000228881836 AB 2.759896582731678 1.0214273067104656
62189.2964 lsst_hardware_z 466.8496740400378 46.171014599467746 30.950000762939453 AB 11.333776900079938 1.0195913008348272
62189.316 lsst_hardware_r 258.1547952590288 28.390162146083338 31.510000228881836 AB 11.467959387593984 1.0269967660049169
62191.2998 lsst_hardware_y 218.79093239169848 48.50583243528674 30.059999465942383 AB 10.132665013719633 1.0213178907439977
62191.3165 lsst_hardware_g 54.58370940184541 16.99831163983659 31.469999313354492 AB 10.23407266635306 1.031877259137392
62193.2974 lsst_hardware_r 195.1103942033528 52.614066510214386 31.6299991607666 AB 6.689066236715082 1.02253241835135
62193.3144 lsst_hardware_i 391.40415234404657 47.89352479487596 31.299999237060547 AB 6.752170905862576 1.0351856458292992
62195.2803 lsst_hardware_i 335.10661896039113 86.15608430157684 31.34000015258789 AB 5.553613438934685 1.0196040706712803
62195.2978 lsst_hardware_z 438.8176113159535 74.56006187708918 31.0 AB 5.353667002821342 1.0257540839816721
62197.2773 lsst_hardware_r 186.09527384877063 129.22418521324207 31.670000076293945 AB 3.5510853624421337 1.0198407129357077
62197.2962 lsst_hardware_z 413.6413935819318 89.95394565636101 31.0 AB 3.4982744662654275 1.0285261201809415
62198.2326 lsst_hardware_z 216.38585324410758 82.66658629190887 30.989999771118164 AB 5.450084623425131 1.0442108743310379
62198.2496 lsst_hardware_i 169.1594308422389 93.1588285322052 31.34000015258789 AB 5.353408795212981 1.026950772001531
62201.2628 lsst_hardware_z 375.5760287659699 49.618230186404105 30.959999084472656 AB 7.925826813829539 1.0195628639754994
62201.2808 lsst_hardware_r 118.89159223911328 45.909950990896654 31.6200008392334 AB 7.993768569366061 1.0253569937083016
62203.2642 lsst_hardware_y 237.17726875041987 48.14919037723639 30.049999237060547 AB 10.102688491097037 1.0204735849592967
62203.2827 lsst_hardware_g -2.9831969375952623 22.459354029834703 31.579999923706055 AB 10.206257424339842 1.0309350933676609
62205.2613 lsst_hardware_r 85.83570859847262 25.709274596608065 31.530000686645508 AB 9.673005315387279 1.0212210003576179
62205.2809 lsst_hardware_i 181.12838561421822 33.758625809914676 31.260000228881836 AB 9.759000389399132 1.0344224913903206
62209.2433 lsst_hardware_r 104.27159238701617 25.428490299543526 31.510000228881836 AB 11.494584421117116 1.0196938963517914
62209.2623 lsst_hardware_u 7.945937239111646 4.020971265631017 28.440000534057617 AB 11.17966766262118 1.027653179350225
62212.2424 lsst_hardware_z 141.30281609379486 43.26188548341417 30.950000762939453 AB 8.445828383545292 1.021291862939655
62212.26 lsst_hardware_r 54.92723609028032 25.46402796188004 31.520000457763672 AB 8.1579962355526 1.0326577513357722
62215.2263 lsst_hardware_u 14.544609874743779 4.496837799508509 28.6200008392334 AB 5.027845727581745 1.0196401800003538
62215.2472 lsst_hardware_g 44.48673266527863 16.938800456451595 31.479999542236328 AB 5.052150684953779 1.0286370121050308
62217.2242 lsst_hardware_r 98.40188782529452 25.531329709417 31.540000915527344 AB 5.946234313784378 1.0200830845662978
62217.2445 lsst_hardware_i 136.8299086918544 33.04023646980746 31.270000457763672 AB 5.991560961562763 1.0309539939597987
62221.2228 lsst_hardware_z 163.52845968182464 50.19838119826945 30.969999313354492 AB 6.679750272756636 1.0234158966469573
62221.2409 lsst_hardware_r 95.0934938804838 46.853376068046515 31.6299991607666 AB 6.773176410841256 1.0384192987197736
62223.2014 lsst_hardware_i 84.09341083308831 78.03965466810499 31.350000381469727 AB 7.347676074070706 1.019566522766518
62223.2201 lsst_hardware_z 125.28443042417562 68.25646990914649 31.0 AB 7.812939318858304 1.0249614289214148
62225.2047 lsst_hardware_r 252.8678905831243 158.0894564754048 31.670000076293945 AB 6.93662086825287 1.0206166215335644
62225.2238 lsst_hardware_z 75.46049198889582 106.27123676277321 31.010000228881836 AB 6.734085721197606 1.0319910688390284
62227.1993 lsst_hardware_y 7.395371138545181 58.438848901396454 30.06999969482422 AB 5.465743409345096 1.0206327266411646
62227.2176 lsst_hardware_r 247.5110827795523 102.17057646580659 31.65999984741211 AB 4.369332602218317 1.0313137534740322
62231.2017 lsst_hardware_r 16.038619564952015 34.45257298102559 31.579999923706055 AB 7.575852549394117 1.02725745884347
62231.2189 lsst_hardware_g 49.7712053440524 31.62589373820239 31.649999618530273 AB 7.428238253387908 1.0450532151643241
62233.181 lsst_hardware_u 0.034840379218533855 2.9253115178794165 28.469999313354492 AB 10.396107805831841 1.020176419786256
62233.1995 lsst_hardware_r 58.34194552022111 25.17701954355726 31.510000228881836 AB 10.397008198076016 1.0298145996509525
62235.1818 lsst_hardware_i 59.3017524966769 32.5133225056286 31.270000457763672 AB 8.128696179406655 1.0221239419580215
62235.1988 lsst_hardware_z 154.33696451330823 42.79141520783757 30.950000762939453 AB 8.24483960703352 1.0342247374603009
62237.1842 lsst_hardware_u -4.405783739592123 2.7574232167264903 28.440000534057617 AB 3.361846894251998 1.026465898199175
62237.2019 lsst_hardware_g 22.498966371016465 16.15487904836236 31.459999084472656 AB 3.4400270016387444 1.0442255393014503
62241.1167 lsst_hardware_g 14.795152697523314 15.771311407105872 31.469999313354492 AB 10.813891489529542 1.0422525651322334
62241.1337 lsst_hardware_r 89.99684109878082 24.817641118270075 31.520000457763672 AB 10.834161050684743 1.0259136452520945
62243.1734 lsst_hardware_i 63.65307185542508 32.38255007251407 31.270000457763672 AB 14.076810464540065 1.0308528039647076
62243.1903 lsst_hardware_z 42.716777557094986 42.91822596883022 30.950000762939453 AB 14.345028409052244 1.0510076618796982
62245.1661 lsst_hardware_r 14.59152767054185 24.87126798609079 31.530000686645508 AB 9.68403733588023 1.0292860005187043
62245.1832 lsst_hardware_g -7.860278339197556 15.373160388816533 31.469999313354492 AB 9.449838027487974 1.0485838911992869
62255.1273 lsst_hardware_i -3.473595505711628 91.61000061035156 31.34000015258789 AB 8.468150399641294 1.022167952156593
62255.1445 lsst_hardware_z 18.41296502110541 77.94999694824219 30.989999771118164 AB 8.587691091393756 1.034536934272285
62260.1306 lsst_hardware_r -2.1525419921724183 23.479999542236328 31.510000228881836 AB 10.422051160612428 1.0342842227222284
62260.1474 lsst_hardware_i -25.497240706729336 34.709999084472656 31.270000457763672 AB 10.660259312051231 1.0565609064184578
62262.1089 lsst_hardware_z -2.481179418636222 41.209999084472656 30.959999084472656 AB 3.7218144546780803 1.0224764985380068
62262.1269 lsst_hardware_i -44.72307980480022 31.040000915527344 31.260000228881836 AB 3.688952355913177 1.0361255563841898
62265.1059 lsst_hardware_r 9.440090605778176 23.5 31.520000457763672 AB 8.73993003959054 1.025251822897196
62265.1235 lsst_hardware_i 49.218290927982245 31.1200008392334 31.260000228881836 AB 8.958705861194126 1.041709983859782
62267.1036 lsst_hardware_z -10.453028845765294 41.290000915527344 30.959999084472656 AB 8.10771000641056 1.027397833923913
62267.1233 lsst_hardware_u 2.565200265987714 2.8299999237060547 28.520000457763672 AB 8.259006556219838 1.048829329636188
62269.0449 lsst_hardware_r -38.70782310985475 23.420000076293945 31.510000228881836 AB 7.614441993629515 1.0367425418227827
62269.0636 lsst_hardware_g 6.541480969643376 14.670000076293945 31.459999084472656 AB 7.5552397551095085 1.0224175591915525
62271.0465 lsst_hardware_r -5.954074205824925 23.329999923706055 31.510000228881836 AB 6.694264885955673 1.029886905531642
62271.0674 lsst_hardware_i -38.051483291657526 30.639999389648438 31.260000228881836 AB 6.628637749426165 1.0197904229886408
62276.0503 lsst_hardware_z 10.745772816326344 42.04999923706055 30.950000762939453 AB 7.410862286787685 1.0204285420706662
62276.0711 lsst_hardware_i 0.6758639017449893 32.91999816894531 31.270000457763672 AB 7.176583383274583 1.0226695238011518
62281.0294 lsst_hardware_r -56.60737338473812 105.4800033569336 31.670000076293945 AB 4.818729183862305 1.023084752412379
62281.0461 lsst_hardware_i 68.30382354599745 88.41000366210938 31.34000015258789 AB 4.9926465784078955 1.019635776249953
62284.0405 lsst_hardware_z -192.50010791107462 129.77999877929688 32.5 AB 7.222992821797046 1.0199446212866718
62287.0113 lsst_hardware_r 3.7770784656152734 23.68000030517578 31.510000228881836 AB 9.08471906050556 1.0239764495610415
62287.033 lsst_hardware_i -35.04151256367292 31.020000457763672 31.260000228881836 AB 9.058944416726598 1.0200652441208904
62290.0113 lsst_hardware_z -10.573701283654554 41.33000183105469 30.959999084472656 AB 9.131205961317063 1.0206265977627118
62290.0341 lsst_hardware_i -14.527465328002087 31.079999923706055 31.260000228881836 AB 9.141976572711568 1.0232601331269362
62304.9823 lsst_hardware_z 7.822166491515774 60.63999938964844 31.709999084472656 AB 6.845525389806246 1.0198175627271875
62308.9512 lsst_hardware_y 26.170137169017313 78.2699966430664 30.079999923706055 AB 4.5274111557825165 1.0239922698543087
62308.9753 lsst_hardware_i 12.17539769854988 68.4000015258789 31.34000015258789 AB 5.131082245504519 1.0206031318755882
62310.9529 lsst_hardware_y 112.3473663260664 104.80999755859375 30.829999923706055 AB 4.5193238290806255 1.020931587894815
62310.976 lsst_hardware_i 168.7120220508887 92.72000122070312 32.08000183105469 AB 4.788830739475318 1.0228901543913105
62312.9532 lsst_hardware_y -47.52053293832084 72.05000305175781 30.079999923706055 AB 5.070114868031228 1.019733481100408
62312.9794 lsst_hardware_g -66.34994082305835 87.83000183105469 31.739999771118164 AB 6.597598847986686 1.028464356661993
62526.3633 lsst_hardware_r -22.084984997453525 69.41999816894531 31.649999618530273 AB 9.734969398812533 1.020882922186056
62528.3218 lsst_hardware_r 27.956237052101194 35.619998931884766 31.59000015258789 AB 12.48501244875407 1.05450709046601
62528.3396 lsst_hardware_y 48.75670955049623 47.880001068115234 30.049999237060547 AB 11.327576225889386 1.0320783769203576
62530.357 lsst_hardware_g 24.696479615494383 16.920000076293945 31.5 AB 11.842216490938396 1.0198550157259993
62530.3752 lsst_hardware_y 82.18689847017143 54.619998931884766 30.059999465942383 AB 12.095636011102538 1.0228218938420428
62532.3532 lsst_hardware_z -26.12971142136764 41.20000076293945 30.950000762939453 AB 11.79918375526705 1.0196615660608137
62532.3723 lsst_hardware_y -0.8394079197847197 49.88999938964844 30.059999465942383 AB 11.880892211726069 1.024141272471179
62534.3556 lsst_hardware_u -1.5829501508521868 2.809999942779541 28.489999771118164 AB 10.067746145125254 1.0200092343279261
62534.3752 lsst_hardware_y -10.118020925690857 50.72999954223633 30.049999237060547 AB 9.889336496137402 1.0300319233556465
62536.3356 lsst_hardware_g 9.591089712682331 14.770000457763672 31.450000762939453 AB 8.479430667437489 1.0210030906005405
62536.3534 lsst_hardware_r 32.47205700530928 23.5 31.510000228881836 AB 8.482217741136735 1.0207651018255992
62538.3377 lsst_hardware_i 6.766734309817157 30.75 31.25 AB 4.426319741937721 1.0195956791103151
62538.3561 lsst_hardware_z -25.226892738557236 41.22999954223633 30.950000762939453 AB 4.416615421477914 1.0242416669771799
62540.3351 lsst_hardware_r 32.91416543643681 23.59000015258789 31.510000228881836 AB 8.25304581142552 1.0195658637076495
62540.3533 lsst_hardware_u 3.6809732860730473 2.75 28.450000762939453 AB 8.462988247506594 1.0258685688174238
62544.3251 lsst_hardware_r 6.30949174406016 23.670000076293945 31.520000457763672 AB 6.20945033296241 1.0196141761843038
62544.3419 lsst_hardware_u 3.4240064260220304 2.8399999141693115 28.530000686645508 AB 6.3481935406240435 1.025556307047503
62545.3196 lsst_hardware_g -0.7880121997919858 14.760000228881836 31.450000762939453 AB 5.811448114733989 1.0195523008305243
62545.3372 lsst_hardware_r 36.08305589495572 23.549999237060547 31.510000228881836 AB 5.729929945298471 1.0243602786422437
62547.3053 lsst_hardware_r 3.896490758043981 40.310001373291016 31.6200008392334 AB 4.117955956843099 1.0210862998681265
62547.322 lsst_hardware_i -44.78325118299946 30.93000030517578 31.260000228881836 AB 4.098612836425437 1.0204015360395278
62549.3141 lsst_hardware_z 83.78779487096193 61.83000183105469 30.989999771118164 AB 5.012198490800813 1.0199142286103533
62549.3315 lsst_hardware_r -35.93356700266268 84.18000030517578 31.65999984741211 AB 5.071792706892519 1.0278230229795358
62551.3099 lsst_hardware_z 54.65763402957201 77.45999908447266 31.0 AB 2.6034829743568864 1.0201402675031064
62551.3261 lsst_hardware_r 137.8242904576543 113.5999984741211 31.670000076293945 AB 2.580377568649876 1.0278682431136437
62555.2993 lsst_hardware_r 52.241967604730405 63.099998474121094 31.639999389648438 AB 11.225834166573609 1.0202057678532694
62555.3172 lsst_hardware_z 15.0899247181608 54.77000045776367 30.969999313354492 AB 11.40547448183428 1.0294678654963698
62558.2783 lsst_hardware_y -48.873062437856106 47.08000183105469 30.059999465942383 AB 6.627015709388 1.0202602926763231
62558.2964 lsst_hardware_g -16.200388776671527 20.420000076293945 31.56999969482422 AB 6.756138782502536 1.0217995738812062
62560.2775 lsst_hardware_r 52.68351107383035 23.43000030517578 31.510000228881836 AB 5.605757558946212 1.0195994105031305
62560.2962 lsst_hardware_i 49.43622427650792 31.100000381469727 31.260000228881836 AB 5.368257688649442 1.0243300460142999
62562.2771 lsst_hardware_z 32.07261974145222 41.279998779296875 30.950000762939453 AB 3.5169841928663836 1.019711276563173
62562.2945 lsst_hardware_r 27.245888432799635 23.65999984741211 31.510000228881836 AB 3.478879301137369 1.0267228631000598
