data/validation/pwv_sim_epoch_fit_4/34375786.ecsv
# %ECSV 0.9
# ---
# datatype:
# - {name: time, datatype: float64}
# - {name: band, datatype: string}
# - {name: flux, datatype: float64}
# - {name: fluxerr, datatype: float64}
# - {name: zp, datatype: float64}
# - {name: zpsys, datatype: string}
# - {name: pwv, datatype: float64}
# - {name: airmass, datatype: float64}
# meta: {SNID: '34375786', alt: 1024.0, c: -0.09314396977424622, dec: -38.873585, lat: -30.244573, lon: -70.7499537, ra: 340.664062, t0: 61356.8125,
#   x0: 1.588806601408183e-05, x1: 0.29145529866218567, z: 0.3782462179660797}
# schema: astropy-2.0
time band flux fluxerr zp zpsys pwv airmass
61198.4226 lsst_hardware_z -29.146367461984788 50.25 30.969999313354492 AB 0.9302572079300564 1.0126166994884502
61198.4357 lsst_hardware_y 11.134707586591597 57.16999816894531 30.06999969482422 AB 0.9241963819136357 1.0111557788990022
61220.1689 lsst_hardware_r -203.38109585272773 148.77999877929688 32.18000030517578 AB 11.286391479771048 1.9845949498454454
61220.1978 lsst_hardware_z 26.99906429408424 101.5 31.65999984741211 AB 9.206212703155995 1.6183665007080519
61222.4127 lsst_hardware_y 51.838120127919666 57.27000045776367 30.059999465942383 AB 10.081588533704766 1.039339024093275
61222.4262 lsst_hardware_r -216.24216640116518 103.77999877929688 31.649999618530273 AB 9.938932827648712 1.0595500686878978
61225.411 lsst_hardware_z 119.11081430984491 63.150001525878906 30.989999771118164 AB 6.63065106134305 1.0483242784732267
61225.4231 lsst_hardware_r -139.49837995601365 81.83999633789062 31.649999618530273 AB 6.122494914692354 1.0687313837560006
61231.3272 lsst_hardware_r -4.888749510421744 22.75 31.5 AB 8.020009696832513 1.014548981256498
61231.3397 lsst_hardware_u 0.9709018327560844 2.799999952316284 28.520000457763672 AB 8.087315716480306 1.0112304740831894
61233.3206 lsst_hardware_g 27.913401912663605 13.819999694824219 31.43000030517578 AB 7.838424756565588 1.015066066786707
61233.3332 lsst_hardware_i -17.13114074733214 30.049999237060547 31.25 AB 7.760369881277945 1.0113427299667175
61238.3441 lsst_hardware_g 6.41383615065672 13.779999732971191 31.40999984741211 AB 0.8666552143071413 1.0166043569585235
61238.356 lsst_hardware_r 25.20761311002422 22.549999237060547 31.489999771118164 AB 0.9074723597119243 1.02519942727764
61242.3457 lsst_hardware_i 12.274217847719731 30.329999923706055 31.25 AB 4.325968570916507 1.025759224845635
61242.3574 lsst_hardware_z 33.571492528973664 41.13999938964844 30.950000762939453 AB 4.349720998351332 1.0384500234803435
61244.3402 lsst_hardware_r -21.51951680059561 22.559999465942383 31.489999771118164 AB 4.560621186540948 1.025723066975635
61244.3519 lsst_hardware_u 0.22040804671621705 2.6700000762939453 28.420000076293945 AB 4.598381149144321 1.0383999584066963
61246.334 lsst_hardware_z 67.34198135318621 46.04999923706055 30.959999084472656 AB 5.656525722084853 1.0250578937316626
61246.3455 lsst_hardware_i 5.08455479347283 39.59000015258789 31.280000686645508 AB 5.711416673046736 1.0372292942561079
61248.3353 lsst_hardware_z -100.1878467011349 59.150001525878906 30.979999542236328 AB 2.6348781273394675 1.0317345666016318
61248.3471 lsst_hardware_r -12.13470435396553 78.31999969482422 31.649999618530273 AB 2.645175415321756 1.0466960688472293
61249.334 lsst_hardware_y -93.72843586482446 81.19999694824219 30.809999465942383 AB 3.222153034563725 1.0333209443000457
61251.3268 lsst_hardware_r -64.56184550667389 129.17999267578125 31.65999984741211 AB 4.585858771240533 1.031399217596971
61251.3392 lsst_hardware_i 150.19563575335147 101.58000183105469 31.34000015258789 AB 4.999818770736639 1.0471190137324107
61253.3384 lsst_hardware_z -14.466222854857863 67.83999633789062 30.979999542236328 AB 5.49059355960513 1.054278305708537
61253.3492 lsst_hardware_r -226.37571747469426 94.05999755859375 31.649999618530273 AB 5.614315672589333 1.0736539931644942
61256.2415 lsst_hardware_z 48.96317267218324 46.56999969482422 30.959999084472656 AB 1.550410511467813 1.026478683454552
61256.2525 lsst_hardware_r 25.67635370154514 45.4900016784668 31.6200008392334 AB 0.9202289679994137 1.0179523982294398
61258.2386 lsst_hardware_u 1.4665458426715066 3.130000114440918 28.540000915527344 AB 2.3492201495288483 1.0241831714567187
61258.2504 lsst_hardware_g -10.04286768460208 19.09000015258789 31.540000915527344 AB 1.2695338624076495 1.0160335033274506
61260.2324 lsst_hardware_r 35.952892921119215 22.81999969482422 31.5 AB 3.1769627288816973 1.0248266867360314
61260.2434 lsst_hardware_z 5.534914546009145 40.869998931884766 30.950000762939453 AB 3.1523074143234577 1.01687335945918
61261.2299 lsst_hardware_r -8.966340366644669 22.90999984741211 31.5 AB 3.452729106224577 1.0246247069440098
61261.2416 lsst_hardware_u -4.342898258279765 2.680000066757202 28.43000030517578 AB 3.4307164658819884 1.016358010926378
61263.2312 lsst_hardware_g 3.230166212776493 14.210000038146973 31.440000534057617 AB 6.607238661405511 1.0193734113765252
61263.244 lsst_hardware_r 3.2372883490040847 22.860000610351562 31.510000228881836 AB 6.55287507766888 1.0129656944919556
61266.3081 lsst_hardware_z 19.888329651041232 41.459999084472656 30.950000762939453 AB 3.562617377685988 1.0630976409268378
61266.3202 lsst_hardware_r 15.212382664468795 23.1200008392334 31.5 AB 3.6795218546927777 1.0872756034551423
61274.262 lsst_hardware_z -54.81699411443285 45.41999816894531 30.959999084472656 AB 1.8060741389085664 1.029297571566432
61274.2733 lsst_hardware_r 48.990155897407156 36.279998779296875 31.59000015258789 AB 1.8680616125795655 1.0427360382805277
61276.2897 lsst_hardware_z 128.14919985582802 56.7400016784668 30.979999542236328 AB 3.033155639774753 1.0803760070435453
61276.2995 lsst_hardware_r 13.864142557110991 68.19999694824219 31.6299991607666 AB 3.4435124999725937 1.102747384705143
61281.2819 lsst_hardware_r -225.87847453846678 115.2300033569336 31.649999618530273 AB 6.586002328766211 1.0932938792772595
61281.2926 lsst_hardware_z 93.77048990385838 77.88999938964844 30.989999771118164 AB 7.821955163615933 1.120356433079389
61286.239 lsst_hardware_r 29.87105260365496 34.060001373291016 31.59000015258789 AB 0.7988953465056963 1.0406799997903122
61286.2509 lsst_hardware_y 8.584227854704423 48.119998931884766 30.040000915527344 AB 1.3616868160995566 1.058580059159719
61299.1343 lsst_hardware_i 13.667724539822641 30.559999465942383 31.270000457763672 AB 3.2437039837852724 1.0184580393370646
61299.1458 lsst_hardware_z 0.4680699909664142 40.7599983215332 30.959999084472656 AB 3.2364271840068253 1.0129398348525573
61305.205 lsst_hardware_z -116.0950805070461 58.11000061035156 30.979999542236328 AB 2.3536133859205832 1.0693382035076107
61305.2173 lsst_hardware_r -56.860692807869924 71.51000213623047 31.639999389648438 AB 2.198051009061111 1.095465242492455
61307.2058 lsst_hardware_i 96.9979825233945 82.95999908447266 31.31999969482422 AB 4.028619677965897 1.0819443206570616
61307.2164 lsst_hardware_r 90.86094762451694 102.83999633789062 31.639999389648438 AB 4.1932981166914605 1.1066057661923276
61309.211 lsst_hardware_z -92.32833151625212 108.4800033569336 31.729999542236328 AB 3.3756189060068422 1.106760297051574
61311.1806 lsst_hardware_z 10.933933545121306 59.22999954223633 30.979999542236328 AB 4.730317082690809 1.0551873778657814
61311.1918 lsst_hardware_r -44.39081131308845 81.77999877929688 31.649999618530273 AB 4.8683073968113915 1.075571918654823
61315.1795 lsst_hardware_i 9.003509562105885 30.6200008392334 31.239999771118164 AB 4.836315903027114 1.0728296146910192
61315.1908 lsst_hardware_u -3.9305908397364355 3.4700000286102295 28.59000015258789 AB 5.027794938100566 1.0973724855803346
61317.1788 lsst_hardware_g 10.6724998986133 13.75 31.40999984741211 AB 2.4026393386412126 1.082595075987329
61317.1913 lsst_hardware_r -34.10016195107446 22.75 31.479999542236328 AB 2.468541828385081 1.1122897995126528
61319.0826 lsst_hardware_g 0.2225791052126974 13.770000457763672 31.440000534057617 AB 3.8438620094720393 1.0167153966158027
61319.0954 lsst_hardware_r -52.29520264958217 22.360000610351562 31.510000228881836 AB 3.472965965803203 1.0118381953393814
61321.0771 lsst_hardware_i -12.85106434775678 30.06999969482422 31.25 AB 5.09843026867688 1.0167375149420441
61321.0881 lsst_hardware_z 83.34263872238319 40.650001525878906 30.959999084472656 AB 8.99317873210401 1.0122608810089777
61323.1672 lsst_hardware_g 2.865750092569821 13.930000305175781 31.43000030517578 AB 3.811053514946148 1.0932454144998855
61323.1788 lsst_hardware_r 19.68364720929697 22.969999313354492 31.5 AB 3.8863402674931593 1.1227870572495646
61325.159 lsst_hardware_i 21.246377158793376 30.8799991607666 31.25 AB 6.561931884179862 1.0870424723233434
61325.1701 lsst_hardware_z 75.50182033548202 42.209999084472656 30.940000534057617 AB 6.845829604919631 1.113988327986638
61326.1533 lsst_hardware_i -9.329635411952276 30.8700008392334 31.239999771118164 AB 6.292441042053428 1.080633881998538
61326.165 lsst_hardware_u 0.1802795858363688 2.700000047683716 28.420000076293945 AB 6.430933709653901 1.1078266511030712
61328.1575 lsst_hardware_g 10.735891859204635 13.800000190734863 31.399999618530273 AB 6.7338601075787565 1.1027063494943379
61328.1687 lsst_hardware_r 12.443066435985932 22.920000076293945 31.479999542236328 AB 7.405742549587898 1.132953985148582
61330.1517 lsst_hardware_i 0.13387257519996584 32.92341159825557 31.260000228881836 AB 7.051977188298051 1.1018714356715704
61330.1633 lsst_hardware_r -12.154350064017333 25.90183466841046 31.520000457763672 AB 7.2520561754939 1.1331337774209218
61332.1466 lsst_hardware_z 191.1118904103842 67.91849236819 31.709999084472656 AB 4.2404854972928465 1.102761485079624
61334.1456 lsst_hardware_z 25.451195186208682 58.37521347483421 30.979999542236328 AB 3.005707181115375 1.1141877602058723
61334.1567 lsst_hardware_r 130.706839663474 68.97205150634973 31.6299991607666 AB 3.0972156771593804 1.1462678301848188
61337.1459 lsst_hardware_i 526.7447160642671 74.85427379323612 31.31999969482422 AB 3.2283374976706596 1.138241515265107
61337.157 lsst_hardware_z 368.1889719698491 67.96148995845584 30.969999313354492 AB 3.327718447799606 1.1746270553475489
61340.1393 lsst_hardware_i 1068.2305474342575 69.3988222336656 31.309999465942383 AB 4.167564975104796 1.143103536028744
61340.1499 lsst_hardware_z 772.522141261457 64.04427019007109 30.969999313354492 AB 4.343873258443708 1.178532197633713
61342.0905 lsst_hardware_r 2061.782292169207 50.746506252314504 31.510000228881836 AB 3.114882265854094 1.0467846754299968
61342.1021 lsst_hardware_u 16.16492999792666 7.489475602037233 28.940000534057617 AB 3.1453070792694118 1.0658444863669843
61343.0888 lsst_hardware_g 1543.5578685944683 41.97804886427533 31.459999084472656 AB 6.289798498640753 1.0482997497734587
61343.1 lsst_hardware_r 2433.074351623795 53.97189388306889 31.510000228881836 AB 6.40206082675102 1.0670101377918366
61561.4233 lsst_hardware_u 0.5037454888902079 3.1600000858306885 28.610000610351562 AB 4.464252818183519 1.014602913223527
61561.4353 lsst_hardware_y 128.5078483272365 55.56999969482422 30.06999969482422 AB 4.449652259473547 1.0112846044258061
61563.4299 lsst_hardware_r 5.298392991781546 23.229999542236328 31.510000228881836 AB 0.9203469252783416 1.0112776397162098
61572.4086 lsst_hardware_z -52.185581084005044 57.52000045776367 31.709999084472656 AB 7.0774422720033074 1.0110631817147582
61574.4243 lsst_hardware_z -75.33781417029232 57.75 30.979999542236328 AB 4.982192822110779 1.0167740453287304
61574.4383 lsst_hardware_y 39.907907504454556 60.84000015258789 30.06999969482422 AB 5.034461336575688 1.027441089097079
61576.394 lsst_hardware_r 344.26062764673225 95.31999969482422 31.670000076293945 AB 3.8604754208825462 1.0113237070882164
61576.4085 lsst_hardware_i -18.095927769398468 74.83000183105469 31.34000015258789 AB 3.8589236159678406 1.0124422447770938
61578.4079 lsst_hardware_z 37.34944812991378 63.88999938964844 30.989999771118164 AB 2.1296280712307056 1.014108605347955
61578.4198 lsst_hardware_i 27.545534637135038 70.19999694824219 31.329999923706055 AB 1.6760904014112668 1.0209687724333232
61580.3358 lsst_hardware_z 35.80539906543574 120.3499984741211 32.470001220703125 AB 3.569855373212013 1.0486466543914104
61582.4079 lsst_hardware_r 11.414482776572886 61.81999969482422 32.380001068115234 AB 5.509364505448078 1.0202526861940884
61582.4224 lsst_hardware_i 46.193509185908916 59.58000183105469 32.04999923706055 AB 6.016940236730788 1.0336905202687292
61587.4215 lsst_hardware_g -18.07596726154993 13.84000015258789 31.40999984741211 AB 9.848654150507263 1.0507472688047863
61587.4323 lsst_hardware_r 4.003054647072297 23.200000762939453 31.489999771118164 AB 10.03366578842782 1.0693071888200398
61589.4103 lsst_hardware_r -9.499847438544887 22.559999465942383 31.489999771118164 AB 6.719738934087938 1.042439527484732
61589.4224 lsst_hardware_i 5.783950063487674 30.68000030517578 31.25 AB 7.428411270302949 1.0612016100432784
61591.4058 lsst_hardware_z 42.557934352021284 40.849998474121094 30.940000534057617 AB 4.123793413594875 1.0437561106734408
61591.4175 lsst_hardware_i 41.44538052997906 30.329999923706055 31.239999771118164 AB 5.628527506571484 1.0621867345860512
61593.4007 lsst_hardware_u 3.5137579779524186 2.7699999809265137 28.520000457763672 AB 1.559424322558537 1.0442573588561632
61593.4128 lsst_hardware_g 11.915859117686228 13.8100004196167 31.420000076293945 AB 1.6843827967865517 1.0635408345931725
61596.1597 lsst_hardware_u -0.9347649314497474 3.859999895095825 28.770000457763672 AB 15.419382183581487 1.711806481543295
61596.1711 lsst_hardware_g -15.491492881954766 24.649999618530273 32.060001373291016 AB 14.491622571181656 1.592792303045273
61598.3089 lsst_hardware_i -4.036014477774531 30.1200008392334 31.25 AB 7.9183056383606445 1.023036904180962
61598.3212 lsst_hardware_z 39.92693374525347 40.66999816894531 30.950000762939453 AB 7.8149851863001505 1.0150979297028935
61600.3193 lsst_hardware_r -14.211521236393459 40.220001220703125 31.6200008392334 AB 6.135018313606898 1.0135918902328527
61600.3312 lsst_hardware_g -14.120047237550477 31.540000915527344 31.670000076293945 AB 6.10574252067756 1.011093772830066
61607.0925 lsst_hardware_z -58.34091182263145 91.06999969482422 30.81999969482422 AB 13.148837731801958 2.3070834714823882
61608.3506 lsst_hardware_r -2.5936184451794007 85.11000061035156 31.65999984741211 AB 4.543139107283744 1.0327663349133311
61608.3623 lsst_hardware_z 108.0440797530843 63.689998626708984 30.989999771118164 AB 4.594810948070022 1.0479270825764075
61611.3415 lsst_hardware_y -4.017310775229282 48.33000183105469 30.049999237060547 AB 5.693184565016238 1.0317634188657383
61611.3528 lsst_hardware_r 11.487793638086723 42.54999923706055 31.6200008392334 AB 5.779857306932188 1.0460175800923923
61612.3332 lsst_hardware_i 23.98389812004478 35.880001068115234 31.280000686645508 AB 8.686770719772069 1.0261581414126717
61612.3445 lsst_hardware_z 6.579329368564914 43.689998626708984 30.959999084472656 AB 7.466122552810734 1.038499984163214
61617.3384 lsst_hardware_r -21.73177657698246 22.860000610351562 31.5 AB 4.136095207285512 1.0489273106941026
61617.3506 lsst_hardware_g -25.629543470071425 14.0600004196167 31.420000076293945 AB 4.224754359163441 1.0696934698476874
61619.3414 lsst_hardware_r 19.99181424348075 23.030000686645508 31.5 AB 1.5467213554304393 1.062795251097416
61619.3537 lsst_hardware_i -52.99559267439754 31.030000686645508 31.25 AB 1.5645122581844875 1.0873477990393752
61622.2402 lsst_hardware_g -8.220363990215155 13.970000267028809 31.40999984741211 AB 1.0856702455158347 1.0257897678198298
61622.2517 lsst_hardware_i -14.12524145112155 30.239999771118164 31.25 AB 0.4850338386634357 1.0171978441036749
61624.2422 lsst_hardware_z -26.264745615038002 40.869998931884766 30.950000762939453 AB 3.2561766954464355 1.0197859992002616
61624.2539 lsst_hardware_r -8.446863320501159 22.850000381469727 31.510000228881836 AB 4.351830421267063 1.0135464066300122
61626.2442 lsst_hardware_y 66.98022966915103 46.849998474121094 30.059999465942383 AB 3.3745666944385277 1.0153653360729735
61626.2557 lsst_hardware_g -0.5373711796676535 14.3100004196167 31.459999084472656 AB 3.3200209497498485 1.0115846891376747
61627.2267 lsst_hardware_r -0.18634482646986392 30.989999771118164 31.56999969482422 AB 4.588256328271023 1.02565247083291
61627.2377 lsst_hardware_i -6.54076110854444 34.310001373291016 31.280000686645508 AB 4.706254098215733 1.0174034693220948
61631.3093 lsst_hardware_r 35.857376519440606 76.56999969482422 31.649999618530273 AB 3.585443455684655 1.0639824291066784
