data/validation/pwv_sim_epoch_fit_4/34578024.ecsv
# %ECSV 0.9
# ---
# datatype:
# - {name: time, datatype: float64}
# - {name: band, datatype: string}
# - {name: flux, datatype: float64}
# - {name: fluxerr, datatype: float64}
# - {name: zp, datatype: float64}
# - {name: zpsys, datatype: string}
# - {name: pwv, datatype: float64}
# - {name: airmass, datatype: float64}
# meta: {SNID: '34578024', alt: 1024.0, c: 0.011211355216801167, dec: -53.764561, lat: -30.244573, lon: -70.7499537, ra: 63.0, t0: 61321.39453125,
#   x0: 4.021812498214518e-06, x1: 0.7369780540466309, z: 0.6706648468971252}
# schema: astropy-2.0
time band flux fluxerr zp zpsys pwv airmass
61297.3282 lsst_hardware_r 476.373405078625 49.49861311548761 32.970001220703125 AB 1.8535746124786117 1.1380932946039968
61297.3424 lsst_hardware_y 30.979415352531863 68.52218096450547 30.770000457763672 AB 1.654872350653003 1.1182829264462923
61311.3827 lsst_hardware_i 1122.66217673526 67.23194409527571 31.309999465942383 AB 4.405229011263415 1.1013072528158538
61311.3952 lsst_hardware_z 459.02032342546374 78.64688537918984 30.989999771118164 AB 4.450555077681374 1.1126387694203435
61317.378 lsst_hardware_z 912.3824499489926 52.51546973763403 30.950000762939453 AB 2.1191341669613513 1.1117741443420117
61317.3892 lsst_hardware_r 1301.2110594515023 52.07976981558922 31.579999923706055 AB 2.16613140618721 1.1251656512097015
61319.3717 lsst_hardware_u -0.9820094182407878 2.981880236700457 28.43000030517578 AB 6.860762207571424 1.1109046888525704
61319.3834 lsst_hardware_g 225.76412236808872 27.14655251219873 31.540000915527344 AB 6.554246559984848 1.1247098344032342
61321.3666 lsst_hardware_r 1227.715097556092 41.026255104640775 31.469999313354492 AB 4.928138787456677 1.1112760344535502
61321.3788 lsst_hardware_i 1191.4767222126695 48.6873187652499 31.25 AB 4.5616544688680065 1.1258711153109024
61323.3647 lsst_hardware_z 949.3514320031001 51.399934526413865 30.940000534057617 AB 3.345375553515809 1.1151251845052697
61323.3764 lsst_hardware_r 1123.3343804480621 41.62030586205989 31.489999771118164 AB 3.6542082362692514 1.1301674957533767
61326.3636 lsst_hardware_i 1307.8384961411782 46.02196409969635 31.239999771118164 AB 6.176201485886609 1.1237970861355044
61326.3754 lsst_hardware_z 888.6516733830215 54.603477242521606 30.950000762939453 AB 6.428948809809427 1.141301049140634
61328.3457 lsst_hardware_z 890.5387781686348 50.52002009840643 30.940000534057617 AB 6.513334126449475 1.1094709504512683
61328.3569 lsst_hardware_r 990.2624027862724 37.99301447749211 31.459999084472656 AB 6.607420443282107 1.1221841785465536
61330.3595 lsst_hardware_g 111.81570269198305 16.88492418324037 31.3700008392334 AB 5.527395387581849 1.1334371949928363
61330.3718 lsst_hardware_r 968.5585345256711 38.791609133176294 31.489999771118164 AB 5.638088158502536 1.154183078899852
61332.3372 lsst_hardware_r 841.5271762477028 36.28485261315688 31.479999542236328 AB 4.232412405433664 1.1119395057624126
61332.3489 lsst_hardware_i 1109.515408068132 44.15903959739543 31.239999771118164 AB 4.340567587812162 1.1260552372394055
61334.345 lsst_hardware_z 762.1212278954937 50.40162123904956 30.940000534057617 AB 2.822052712875135 1.1282193681537522
61334.3557 lsst_hardware_r 780.4128122399235 35.37332837562825 31.469999313354492 AB 2.8779152337722955 1.1449072671154015
61337.3389 lsst_hardware_z 714.6727260338049 57.81472958819081 30.959999084472656 AB 4.012079385483909 1.131225390643959
61337.3506 lsst_hardware_r 693.1086873279895 53.518046634128 31.600000381469727 AB 4.084308735783075 1.150347482265336
61340.3308 lsst_hardware_i 733.9044566871082 66.8546313299616 31.309999465942383 AB 3.5205104935219556 1.1313603257081406
61340.3419 lsst_hardware_z 633.0087676054914 63.116117428733624 30.969999313354492 AB 3.551748830364053 1.1494332784348915
61345.1225 lsst_hardware_z 1110.3060082529016 71.58104551302112 31.670000076293945 AB 7.440358328711116 1.3536127947928045
61345.1356 lsst_hardware_u -3.0860087141135666 2.717225024200731 28.350000381469727 AB 6.007589442225772 1.299289417080488
61355.2728 lsst_hardware_z 454.63038264511454 46.15538845410644 30.940000534057617 AB 1.9856813250866647 1.1103012861017811
61355.2847 lsst_hardware_r 108.84783415792624 25.777473443327356 31.469999313354492 AB 1.828851303290823 1.1241786517518515
61358.3041 lsst_hardware_g 18.128719226550107 13.457780912175304 31.34000015258789 AB 6.922781717846394 1.1717309460655487
61358.3152 lsst_hardware_i 324.05249910508064 35.353385111021126 31.219999313354492 AB 7.0766479621238965 1.1975543363580652
61362.2634 lsst_hardware_i 249.0307378224209 33.794506840682764 31.229999542236328 AB 4.485387810594362 1.1213469526485904
61362.2755 lsst_hardware_r 171.97301262598305 24.50264309769385 31.459999084472656 AB 4.554789517496323 1.1386973793740807
61363.2907 lsst_hardware_g -0.10915951032873916 13.208133610445891 31.34000015258789 AB 6.196640065304238 1.1722739434930454
61363.3037 lsst_hardware_r 97.15174028178559 24.647222547878272 31.450000762939453 AB 7.509139590243071 1.2030503609153593
61365.2969 lsst_hardware_i 217.99473561780863 33.950809721506566 31.219999313354492 AB 5.019180894351426 1.199613024462578
61365.3093 lsst_hardware_z 294.2063171711437 46.24343486416575 30.93000030517578 AB 5.126782775216436 1.2339569830234838
61367.2938 lsst_hardware_r 73.372192146254 70.33737224157241 31.610000610351562 AB 7.782913145280909 1.2057185352876116
61367.3064 lsst_hardware_z 218.98659000423504 58.48162963056789 30.950000762939453 AB 7.903921897269532 1.2417787741194304
61369.2952 lsst_hardware_z 186.98308012507698 61.97781593481415 30.959999084472656 AB 8.362549399466984 1.2246091011485447
61369.3075 lsst_hardware_i 180.46004921488534 65.72572947375524 31.280000686645508 AB 8.699733037194097 1.26302744442423
61371.2676 lsst_hardware_r 82.33340423248404 58.48702233028166 31.610000610351562 AB 5.124806652450022 1.169602126842911
61371.2802 lsst_hardware_z 269.4365630596497 53.57515595092629 30.950000762939453 AB 5.264480946270539 1.1988115330141746
61375.2368 lsst_hardware_u -0.4749897633239868 3.84896186034411 28.65999984741211 AB 8.656641068713569 1.1337112326424545
61375.2503 lsst_hardware_g -10.042046946127183 22.94474403550442 31.559999465942383 AB 8.871097917060847 1.1567853844578122
61378.2687 lsst_hardware_r 43.76449459894408 23.964018979703592 31.459999084472656 AB 5.314413558023103 1.2191352073461525
61378.2806 lsst_hardware_i 184.0602592743701 33.579813948075845 31.219999313354492 AB 5.464511440361225 1.2552957097195832
61380.2649 lsst_hardware_z 160.56124784668984 44.97028889807675 30.93000030517578 AB 6.381170112132994 1.2238531093465659
61380.2756 lsst_hardware_r 65.21207274174482 23.72200883860301 31.440000534057617 AB 6.412255587321584 1.2568121496122273
61382.1886 lsst_hardware_i 95.38101088492148 31.82412248357872 31.239999771118164 AB 4.852000845852823 1.101163312533974
61382.2011 lsst_hardware_u -5.145864725495519 2.728653016526033 28.3799991607666 AB 4.901568529535015 1.1124127159228403
61384.1694 lsst_hardware_u -0.002641673116151882 2.7843147069338374 28.440000534057617 AB 10.668794774611152 1.093338263436273
61384.183 lsst_hardware_g 11.53066255847682 13.032204339005876 31.3799991607666 AB 10.740952882269136 1.1010621350170393
61386.1228 lsst_hardware_g -23.517892256360216 12.96266657024867 31.3799991607666 AB 13.590671808351548 1.0973788939294462
61386.1379 lsst_hardware_r 67.45410998716268 22.866129606939953 31.479999542236328 AB 12.892246744061438 1.0911300193864542
61388.1732 lsst_hardware_z 194.4061050643773 43.35277579910339 30.940000534057617 AB 8.374498521169905 1.1019077001539348
61388.1845 lsst_hardware_u 1.5534741105591028 2.6957410506593114 28.399999618530273 AB 8.452622679051052 1.1121871946119806
61393.1694 lsst_hardware_i 124.92683409312522 41.41538562637884 31.280000686645508 AB 5.833343806142907 1.1106899859373396
61393.1825 lsst_hardware_z 33.35581516342768 47.697359995409876 30.959999084472656 AB 5.957392973477945 1.1263031837934103
61395.1698 lsst_hardware_i 48.538885394613175 49.75055575424753 31.299999237060547 AB 5.436599795885436 1.117109547099747
61395.1815 lsst_hardware_z 24.9154170420254 51.910246719479325 30.959999084472656 AB 5.479948906857362 1.1326889017894506
61404.1085 lsst_hardware_r 6.476991517284936 22.628652820637786 31.469999313354492 AB 8.05445234331008 1.0913152690617276
61404.1208 lsst_hardware_u 2.758110382494117 2.593386818645553 28.360000610351562 AB 8.039997825415771 1.096201400986204
61406.1141 lsst_hardware_g -16.16001988531397 12.789999961853027 31.3700008392334 AB 7.589143227952386 1.0955428786657389
61406.1273 lsst_hardware_r 25.970082416316586 21.709999084472656 31.469999313354492 AB 7.6938938989900905 1.1045415312754503
61408.1085 lsst_hardware_i -16.878635634683107 30.030000686645508 31.239999771118164 AB 4.672739076191815 1.09547276431645
61408.1199 lsst_hardware_z -79.49442360502208 41.40999984741211 30.940000534057617 AB 4.705999452446966 1.1029470797321081
61410.1046 lsst_hardware_r -5.1158917918508715 21.65999984741211 31.469999313354492 AB 11.453116340340877 1.0963067234939092
61410.1181 lsst_hardware_g -13.459911829435569 12.739999771118164 31.360000610351562 AB 11.509848830579246 1.1060426820762266
61412.0911 lsst_hardware_u -3.170176847999066 2.569999933242798 28.3700008392334 AB 9.613860803957646 1.0926600839859804
61412.1051 lsst_hardware_r 8.983525318654612 21.65999984741211 31.469999313354492 AB 9.660210345801445 1.1000429317671034
61414.0973 lsst_hardware_z 58.21540697590834 41.25 30.940000534057617 AB 7.18346517212878 1.0984731511780381
61414.1097 lsst_hardware_i -13.328819413346562 30.09000015258789 31.239999771118164 AB 7.302538358059336 1.1083764677937842
61416.0782 lsst_hardware_r -28.363463455585702 21.899999618530273 31.479999542236328 AB 6.770441342792656 1.092006668192364
61416.0905 lsst_hardware_u -2.3224087449189654 2.6600000858306885 28.43000030517578 AB 6.3262268787255165 1.097636311048064
61419.0763 lsst_hardware_g 0.58815082622956 16.56999969482422 31.479999542236328 AB 7.19292086838887 1.0944242331575094
61419.0898 lsst_hardware_r -1.0927433576019014 23.530000686645508 31.489999771118164 AB 7.57032550103157 1.1029028993344363
61421.0728 lsst_hardware_i 40.768514225201216 34.540000915527344 31.260000228881836 AB 3.635828908274721 1.0953766387812671
61421.0859 lsst_hardware_z -56.32420965926242 43.529998779296875 30.950000762939453 AB 4.159167732003604 1.104179393908171
61425.0702 lsst_hardware_r 90.26873012677953 58.40999984741211 31.6299991607666 AB 9.090372807633834 1.100473883395773
61425.0843 lsst_hardware_i 20.978694419995673 49.84000015258789 31.299999237060547 AB 8.520496089034713 1.1130991984107532
61678.2964 lsst_hardware_r 4.914881529750866 21.8799991607666 31.469999313354492 AB 4.169299298217129 1.121985817604179
61680.3792 lsst_hardware_r -34.1730504790253 22.389999389648438 31.489999771118164 AB 2.29738313452075 1.1069058706436352
61680.3904 lsst_hardware_u -1.0459972829240094 9.819999694824219 29.209999084472656 AB 2.3318299411293566 1.1188308394063284
61686.3702 lsst_hardware_r -14.145160053015935 22.079999923706055 31.469999313354492 AB 4.944200544172166 1.1143953142386551
61686.3809 lsst_hardware_u -12.82304079753173 5.659999847412109 28.889999389648438 AB 4.500476872245091 1.1278212899016622
61688.3676 lsst_hardware_g -13.110982381340115 13.350000381469727 31.3799991607666 AB 3.3530473079424903 1.1176824359808302
61688.3788 lsst_hardware_i -39.95652130985287 35.36000061035156 31.260000228881836 AB 3.5660738300889174 1.13268623507324
61689.3653 lsst_hardware_z 31.728603169711985 42.040000915527344 30.940000534057617 AB 4.8342401205558705 1.1181958296548946
61689.3769 lsst_hardware_r 14.61846331092646 24.309999465942383 31.5 AB 5.154122135392101 1.1339371081091452
61694.3395 lsst_hardware_z 96.31813154301707 58.220001220703125 30.979999542236328 AB 8.096908917390838 1.1055813004493587
61694.3512 lsst_hardware_r -63.16091073565891 78.13999938964844 31.639999389648438 AB 8.181379891800477 1.11766212476642
61698.3422 lsst_hardware_r -33.973825827241924 45.439998626708984 31.610000610351562 AB 0.5913563030278365 1.119992998158781
61698.352 lsst_hardware_z -15.412602733850848 47.29999923706055 30.950000762939453 AB 0.7813205818267424 1.133443784082709
61700.3416 lsst_hardware_g -19.93399397517063 29.1299991607666 31.610000610351562 AB 3.5376252554258056 1.1263333262167594
61700.3529 lsst_hardware_i -87.92894998137572 35.38999938964844 31.260000228881836 AB 3.635763463790945 1.1436215351373877
61705.3287 lsst_hardware_u -1.3888118816725994 2.549999952316284 28.350000381469727 AB 3.5605250040498473 1.1273727551807162
61705.3399 lsst_hardware_g -1.2867188929348938 12.6899995803833 31.34000015258789 AB 3.5240552438856887 1.1447312794821143
61707.34 lsst_hardware_r -1.8393248043098398 21.899999618530273 31.450000762939453 AB 4.046098528098847 1.1547084840464745
61707.3512 lsst_hardware_i -56.932201257667586 31.219999313354492 31.229999542236328 AB 4.216552241870664 1.1776982334618242
61709.3154 lsst_hardware_i 24.475275609750454 30.440000534057617 31.229999542236328 AB 3.8576832145887745 1.12414275315839
61709.3265 lsst_hardware_z -46.616203026120445 42.220001220703125 30.93000030517578 AB 3.916566444851422 1.1405814041211044
61711.3275 lsst_hardware_r -5.498190484925746 21.920000076293945 31.450000762939453 AB 3.56592266349258 1.151783806037809
61711.3387 lsst_hardware_u -2.1708723837147823 2.549999952316284 28.299999237060547 AB 3.0293825154073657 1.1742171964497217
61722.1787 lsst_hardware_z 14.132696190231695 82.66999816894531 31.719999313354492 AB 4.727981610251241 1.1189826898413782
61724.3059 lsst_hardware_r -42.17394114999104 76.79000091552734 31.6200008392334 AB 6.240591789081731 1.1802165647887366
61724.3169 lsst_hardware_y 58.20754129999752 53.40999984741211 30.0 AB 6.301755324315151 1.207232820750029
61726.2686 lsst_hardware_z -83.51672450549378 70.87999725341797 31.709999084472656 AB 4.500012689041422 1.1236454340275723
61728.3043 lsst_hardware_r -13.959770726105925 41.209999084472656 31.56999969482422 AB 7.524664370100168 1.202839686704259
61728.3162 lsst_hardware_i -14.070119412554424 40.400001525878906 31.260000228881836 AB 7.716346079072882 1.2362472189807772
61729.3005 lsst_hardware_z -1.5070565377864023 45.470001220703125 30.940000534057617 AB 5.8480462842574354 1.2000915830613446
61729.3136 lsst_hardware_r -24.33261434346469 34.88999938964844 31.540000915527344 AB 6.049247399884759 1.2366434207600872
61731.2925 lsst_hardware_u 0.9310304324387495 3.450000047683716 28.520000457763672 AB 5.37177888323613 1.19372864071914
61731.3036 lsst_hardware_g 20.714422493190245 18.309999465942383 31.450000762939453 AB 5.504630532693419 1.2232512294874265
61734.299 lsst_hardware_r -30.24722161472793 22.360000610351562 31.450000762939453 AB 8.317854326666009 1.2337826716603266
61734.3111 lsst_hardware_z 44.516544060166 44.15999984741211 30.920000076293945 AB 8.75265135634667 1.2730666312276435
61736.2658 lsst_hardware_i 40.14662486547353 30.739999771118164 31.219999313354492 AB 5.118279631576078 1.1644583482588204
61736.2792 lsst_hardware_r -4.981252255017745 22.030000686645508 31.440000534057617 AB 5.22697637067493 1.1946009303336884
61738.2428 lsst_hardware_z 13.834350547199582 41.88999938964844 30.940000534057617 AB 5.599991568551724 1.1334868067101962
61738.2544 lsst_hardware_u -2.579191135450133 2.5399999618530273 28.329999923706055 AB 5.678230020694852 1.1529401057249642
61740.2468 lsst_hardware_g -0.7771570489399803 12.699999809265137 31.329999923706055 AB 8.778405786576235 1.1490561263462062
61740.2594 lsst_hardware_r 24.831205789682503 21.989999771118164 31.450000762939453 AB 9.125691011423676 1.1739739723100784
61748.1854 lsst_hardware_r 53.2469937525086 46.060001373291016 31.610000610351562 AB 6.655250470980773 1.1003142053369883
61748.1992 lsst_hardware_i 13.114030150593265 42.90999984741211 31.280000686645508 AB 6.700393645075938 1.112560173528648
61752.1263 lsst_hardware_z -4.243021073800368 57.709999084472656 30.969999313354492 AB 11.295078994849177 1.094413700166253
61752.139 lsst_hardware_r -6.876987678545279 79.08999633789062 31.639999389648438 AB 11.269131234578843 1.0905083206856394
61754.1734 lsst_hardware_r 64.14462398915613 70.33999633789062 31.6299991607666 AB 8.801298789528905 1.1036810901888099
61754.186 lsst_hardware_i -99.43561233871458 56.939998626708984 31.299999237060547 AB 8.894996358487752 1.1160905461873636
61756.1311 lsst_hardware_i 44.9263364951421 39.84000015258789 31.280000686645508 AB 10.24484428965882 1.0901573230343424
61756.1426 lsst_hardware_z -31.153626906247204 46.56999969482422 30.959999084472656 AB 10.233783039196457 1.090827824394719
61758.1694 lsst_hardware_u -1.410880364277901 3.5799999237060547 28.600000381469727 AB 5.82966956260807 1.1099903965361901
61758.183 lsst_hardware_g 27.881485904040975 24.079999923706055 31.56999969482422 AB 5.910239222858012 1.126045831866762
61760.1773 lsst_hardware_r -14.437662069115751 21.829999923706055 31.459999084472656 AB 5.475512440780378 1.12572213009465
61760.1903 lsst_hardware_i -32.85532246501853 30.68000030517578 31.229999542236328 AB 5.619527171473259 1.1457510883797593
61764.1714 lsst_hardware_z -47.369414814508616 41.91999816894531 30.940000534057617 AB 7.699147953483566 1.1328940484819845
61764.1843 lsst_hardware_u -0.14187192518538216 2.5199999809265137 28.309999465942383 AB 7.742413604614376 1.1546219351456186
61766.113 lsst_hardware_z -108.69702525840214 41.400001525878906 30.940000534057617 AB 5.474312779456187 1.0904462485844704
61766.1258 lsst_hardware_r 6.325630340917001 21.559999465942383 31.459999084472656 AB 5.350046259563697 1.0942468189525378
61768.1111 lsst_hardware_u 0.5271423738570195 2.5799999237060547 28.3700008392334 AB 8.183290702651323 1.0911054270201765
61768.1233 lsst_hardware_r 17.970059428750005 21.889999389648438 31.479999542236328 AB 8.217725697382873 1.0956967596510496
61770.1044 lsst_hardware_i -43.586281907269985 30.079999923706055 31.229999542236328 AB 8.164958340591632 1.0908427976741875
61770.1171 lsst_hardware_z 7.480339386887836 41.52000045776367 30.940000534057617 AB 8.171332793512562 1.0953162150748597
61772.1089 lsst_hardware_r 11.075725635611791 21.93000030517578 31.469999313354492 AB 5.487602502258839 1.0940196376114113
61772.1223 lsst_hardware_u 3.7537033510888125 2.5299999713897705 28.329999923706055 AB 5.554222799894014 1.1021376723671026
61774.1051 lsst_hardware_g -23.553650676193413 27.469999313354492 32.279998779296875 AB 2.518007884122472 1.094786036574988
61774.1186 lsst_hardware_r -51.58143253423293 35.40999984741211 32.2599983215332 AB 2.538141608429442 1.1035398297519314
61776.087 lsst_hardware_r -40.77868079708615 35.66999816894531 31.579999923706055 AB 9.354936060326198 1.0906578649533107
61776.0996 lsst_hardware_i 42.51798388426436 36.83000183105469 31.270000457763672 AB 9.400870707755828 1.0947687757103202
61778.0856 lsst_hardware_z -5.460698368784136 47.79999923706055 30.959999084472656 AB 6.429304049424382 1.0915626569481123
61778.0987 lsst_hardware_r 0.31963586951410855 48.970001220703125 31.610000610351562 AB 6.421639702454424 1.0972160329971108
61780.0776 lsst_hardware_z -30.426622165894194 52.400001525878906 30.969999313354492 AB 9.844753033096511 1.0909522421427855
61780.0906 lsst_hardware_r -23.25834669467283 64.48999786376953 31.639999389648438 AB 9.28739864863346 1.0957397310379562
61782.0742 lsst_hardware_i 43.038089518519456 61.040000915527344 31.31999969482422 AB 4.352108062794367 1.0914377586945254
61782.0876 lsst_hardware_z -1.0285796296642138 57.20000076293945 30.969999313354492 AB 6.251352614768333 1.0971134810053165
61783.0798 lsst_hardware_r -141.62369030582872 70.7699966430664 31.639999389648438 AB 2.400674703715149 1.0944493748416597
61783.0915 lsst_hardware_z 3.1506334572825287 55.5 30.979999542236328 AB 3.510310400581365 1.1015618411866208
61786.0733 lsst_hardware_g -14.945219632383475 12.789999961853027 31.350000381469727 AB 3.7099517524988386 1.0952695409251867
61786.0864 lsst_hardware_r 18.490166457397198 21.81999969482422 31.469999313354492 AB 4.175384740448066 1.1040150027625768
61788.0737 lsst_hardware_i -12.046522570039432 30.09000015258789 31.229999542236328 AB 4.284750437741977 1.0986539583953787
61788.0874 lsst_hardware_z -3.1968162405560645 41.56999969482422 30.940000534057617 AB 4.3667340593013435 1.1099279555954358
61792.0705 lsst_hardware_r -32.64745000277421 21.850000381469727 31.479999542236328 AB 11.927782303369918 1.1044242873490664
61792.0842 lsst_hardware_i -3.7416377421848996 30.350000381469727 31.239999771118164 AB 12.553371225647517 1.1184234516873577
61794.069 lsst_hardware_z 4.486716263119107 41.52000045776367 30.93000030517578 AB 14.346291328124993 1.107971450051163
61794.081 lsst_hardware_i 13.480915079151504 30.260000228881836 31.219999313354492 AB 14.534831182811391 1.121211955321587
