data/validation/pwv_sim_epoch_fit_4/34615458.ecsv
# %ECSV 0.9
# ---
# datatype:
# - {name: time, datatype: float64}
# - {name: band, datatype: string}
# - {name: flux, datatype: float64}
# - {name: fluxerr, datatype: float64}
# - {name: zp, datatype: float64}
# - {name: zpsys, datatype: string}
# - {name: pwv, datatype: float64}
# - {name: airmass, datatype: float64}
# meta: {SNID: '34615458', alt: 1024.0, c: -0.029695136472582817, dec: -45.586655, lat: -30.244573, lon: -70.7499537, ra: 24.113924, t0: 62346.0,
#   x0: 3.957239759340422e-06, x1: 0.8702012896537781, z: 0.6749104261398315}
# schema: astropy-2.0
time band flux fluxerr zp zpsys pwv airmass
62343.4363 lsst_hardware_r 1415.7516138801698 91.37190252090606 31.65999984741211 AB 6.305915915763381 1.040122484456243
62345.4397 lsst_hardware_y 356.94935528551974 77.61484752444154 30.06999969482422 AB 3.7626326090026714 1.0451757247229643
62347.438 lsst_hardware_i 1361.873499461029 68.24894015698536 31.329999923706055 AB 3.968078317450462 1.0479541311106464
62351.4266 lsst_hardware_z 832.6579165560688 52.689672048739716 30.950000762939453 AB 2.2149292128785714 1.0475780606393998
62351.4384 lsst_hardware_r 1154.1747669227052 50.689749790232575 31.59000015258789 AB 2.268879748069397 1.0586576318855574
62352.43 lsst_hardware_i 1224.9130533059063 48.21277576835399 31.260000228881836 AB 1.5785768741378965 1.0528525172106913
62354.431 lsst_hardware_r 1021.0357536889084 40.8566155351118 31.530000686645508 AB 3.021096550343428 1.0595381869336316
62356.4255 lsst_hardware_g 97.54223140159554 19.596054727595735 31.469999313354492 AB 1.935693705917008 1.059492997217848
62358.3632 lsst_hardware_i 1095.0691367351176 43.19213342259207 31.25 AB 5.3126451872037554 1.038978850170226
62358.3753 lsst_hardware_z 741.6199481840713 48.972716017958405 30.950000762939453 AB 5.388588727588621 1.0362670629978117
62360.239 lsst_hardware_i 936.8403317787901 43.87327067385485 31.219999313354492 AB 3.560198159113022 1.3103818025751086
62362.4148 lsst_hardware_r 691.5833540923701 33.92942837396873 31.479999542236328 AB 3.756735353085272 1.0663455444465717
62362.4259 lsst_hardware_i 914.3374389538646 46.308626649657604 31.270000457763672 AB 4.601748889223725 1.0824885160779547
62367.3856 lsst_hardware_g 78.96911783323829 15.437174684647303 31.399999618530273 AB 1.9892906650161837 1.0497576068686985
62367.3974 lsst_hardware_r 530.7543213568997 31.081175309791913 31.479999542236328 AB 1.9553302294188446 1.0617177716301418
62369.3834 lsst_hardware_i 590.3036715937874 48.85755616626425 31.299999237060547 AB 1.157941180348503 1.0526738003168208
62369.3942 lsst_hardware_z 478.50340153771265 47.663984136424304 30.950000762939453 AB 1.170904230051569 1.0644583909559717
62371.3994 lsst_hardware_r 361.9312358029422 76.22791422656006 31.639999389648438 AB 2.472577586369033 1.0794139637815918
62371.411 lsst_hardware_z 480.5422461018762 61.86330396689014 30.969999313354492 AB 2.5017618100088512 1.0996755208830116
62375.32 lsst_hardware_r 184.10452522263657 71.41913669378073 31.649999618530273 AB 3.1150521844855583 1.0378894439645352
62375.33 lsst_hardware_i 482.66587160065285 60.64793626011245 31.31999969482422 AB 3.108972681774554 1.0362090929145276
62378.2513 lsst_hardware_r 224.4170466681017 45.35868443162269 31.600000381469727 AB 3.021822096521808 1.1064892334389629
62380.3855 lsst_hardware_r 212.78159668092832 32.800254134480035 31.540000915527344 AB 0.7029261519925034 1.0978932479383108
62380.3954 lsst_hardware_i 234.42294892083822 38.47992653988982 31.25 AB 0.7976031889458628 1.1183966192276646
62382.3757 lsst_hardware_i 288.7141573406952 35.574686709920186 31.239999771118164 AB 1.2788628136971112 1.0899398980373107
62382.3882 lsst_hardware_z 448.77971536579395 46.35442675777551 30.940000534057617 AB 1.3077369589154835 1.1145485445302417
62385.3814 lsst_hardware_r 170.81932318544844 25.30805199147407 31.469999313354492 AB 0.8426819439346145 1.1176153102581095
62385.392 lsst_hardware_g 13.385313271736504 14.095664883900897 31.3700008392334 AB 0.8529080559987495 1.143308386057305
62387.3792 lsst_hardware_r 126.92154995707672 25.032853443058755 31.469999313354492 AB 2.532548041820269 1.1250768733097596
62387.3904 lsst_hardware_i 229.86088770032808 34.42080702973999 31.229999542236328 AB 2.617039035445817 1.1537277158467967
62389.3745 lsst_hardware_z 292.59204168915693 45.06773498916018 30.940000534057617 AB 4.026690952098795 1.1268724679380957
62389.3852 lsst_hardware_i 273.9134327051484 34.05255854150202 31.229999542236328 AB 2.6346514795810583 1.154451827757712
62390.3567 lsst_hardware_r 138.1073965196497 24.64736280124495 31.469999313354492 AB 3.280854264414695 1.0950781923947581
62390.3682 lsst_hardware_u -2.8930550063446927 2.6413798479765367 28.34000015258789 AB 3.4572961959821793 1.1186247398564835
62393.3556 lsst_hardware_g 5.999807340115174 13.51442606043157 31.3799991607666 AB 1.611652678152955 1.1090625150724112
62393.3667 lsst_hardware_r 113.33672422015546 24.63037290777226 31.469999313354492 AB 1.646109732305674 1.1344657011065982
62395.3619 lsst_hardware_i 158.0172671063716 33.391372968054455 31.239999771118164 AB 4.673994403782993 1.1361192036420384
62395.3738 lsst_hardware_z 173.9534237031598 45.21409774279545 30.940000534057617 AB 4.824967203872224 1.1688389544264988
62399.342 lsst_hardware_z 110.54559461022349 57.50809737012588 30.969999313354492 AB 5.840449533459955 1.1150151839367406
62399.3541 lsst_hardware_r 89.10697695097612 57.6904972318412 31.610000610351562 AB 5.89126724142405 1.1441575531994659
62404.1613 lsst_hardware_r 45.086296444621695 75.65874024827676 31.6200008392334 AB 6.263540178762501 1.1519507440098657
62404.1786 lsst_hardware_y 86.78611821328319 53.13067724710525 30.020000457763672 AB 6.887101782581448 1.1100619386036101
62409.1005 lsst_hardware_z 231.97352146772425 65.8188146041892 31.670000076293945 AB 5.09698362510657 1.334201590237961
62409.111 lsst_hardware_r 43.05365398876716 24.342159372757877 31.450000762939453 AB 4.924276890894978 1.28319918980987
62411.3311 lsst_hardware_i 82.33841847492745 33.77494348768592 31.239999771118164 AB 3.746941740183096 1.1718042501419599
62411.3417 lsst_hardware_z 105.75955507406496 45.135988291173305 30.940000534057617 AB 2.897877170795204 1.2064434516216502
62413.3019 lsst_hardware_r 20.996834814120707 23.31910310243912 31.469999313354492 AB 2.9807389257229233 1.1109723912496918
62413.3142 lsst_hardware_u 0.8063324077229778 2.6734516623865376 28.350000381469727 AB 2.9913925987980092 1.1397952367300472
62414.3099 lsst_hardware_u -6.179456947878692 2.6393472244503027 28.329999923706055 AB 7.848896682868081 1.1358065745482901
62414.3223 lsst_hardware_g -9.63880950904333 13.440654703074735 31.350000381469727 AB 8.096349259078902 1.1699644891614704
62416.3077 lsst_hardware_r 50.93922440078444 23.4290850132017 31.459999084472656 AB 5.4196855083425 1.1441982072505519
62416.3188 lsst_hardware_i 108.45598866076766 32.625499632518135 31.219999313354492 AB 5.559860528518277 1.175943428197811
62420.2982 lsst_hardware_u 0.918936670297596 2.6665871519398343 28.399999618530273 AB 5.1820087202681355 1.1479859814506281
62420.3106 lsst_hardware_r 77.88899675526491 23.710789542615142 31.459999084472656 AB 5.3584677698850145 1.1845189875402078
62422.2501 lsst_hardware_i 65.8869426504735 31.403583504079403 31.239999771118164 AB 5.926890032191942 1.0652210697685014
62422.2614 lsst_hardware_z 105.17708044932003 42.47910212606492 30.940000534057617 AB 5.996646530069607 1.0813861258841966
62425.2956 lsst_hardware_g 3.815336146912615 13.392736448116894 31.350000381469727 AB 8.319251480191847 1.1802309810406233
62425.3067 lsst_hardware_r 46.16042212288143 23.70874410313637 31.459999084472656 AB 8.588234400947949 1.2180165084311014
62427.2389 lsst_hardware_z 94.1898808325768 53.3167079847569 30.969999313354492 AB 5.306416956587752 1.0684060986418293
62427.2501 lsst_hardware_r 70.72976047857827 59.86529906665746 31.6299991607666 AB 5.59333182928804 1.0852409447590299
62429.2938 lsst_hardware_r 88.8507876176074 81.85773142505886 31.6200008392334 AB 1.508728374345611 1.2108574432956363
62429.3045 lsst_hardware_z 184.0189936116466 64.17002008104484 30.959999084472656 AB 1.4547505808105183 1.2519368165322877
62433.2408 lsst_hardware_r 82.44568747192967 76.94000244140625 31.639999389648438 AB 1.5178615192620355 1.0979106830119931
62433.252 lsst_hardware_z -58.86759528866433 58.04999923706055 30.969999313354492 AB 3.311002032064245 1.1213599115141946
62435.275 lsst_hardware_i -13.174784513826971 49.31999969482422 31.290000915527344 AB 1.6833134285156384 1.2023667346540274
62435.2865 lsst_hardware_z 31.54132199836656 52.25 30.950000762939453 AB 1.743484911206528 1.24534636514752
62438.2767 lsst_hardware_g -23.19236857482462 35.33000183105469 31.600000381469727 AB 3.2835769801174735 1.2389298126465125
62438.2873 lsst_hardware_r -43.27595026036325 37.720001220703125 31.540000915527344 AB 3.3923218192872877 1.2838356828386355
62440.2744 lsst_hardware_i 52.52204726778441 33.13999938964844 31.229999542236328 AB 4.756343826711948 1.2516694280820917
62440.2845 lsst_hardware_z 83.99794471442057 44.84000015258789 30.93000030517578 AB 4.925280738170984 1.296126510044996
62442.2337 lsst_hardware_i -23.868595182068717 30.719999313354492 31.229999542236328 AB 4.911995995511802 1.1364442120448248
62442.2448 lsst_hardware_z -110.21624816084415 42.70000076293945 30.93000030517578 AB 5.031988614856354 1.1668379396765838
62451.2315 lsst_hardware_r -0.9621460375184441 22.260000228881836 31.450000762939453 AB 2.808447992799592 1.2030190588133824
62451.2426 lsst_hardware_u 1.603777565394669 2.4600000381469727 28.209999084472656 AB 2.9079672636963267 1.2444938361039917
62454.1776 lsst_hardware_i 26.62153556488545 38.900001525878906 31.280000686645508 AB 4.390602051901605 1.087320963819064
62456.1175 lsst_hardware_z -68.44313755246162 99.95999908447266 32.47999954223633 AB 6.013477423634278 1.0368660423531717
62458.2043 lsst_hardware_r -51.521535942236724 71.87999725341797 31.610000610351562 AB 6.59813365701665 1.176504909199242
62458.2168 lsst_hardware_y 53.02161718938109 53.4900016784668 29.979999542236328 AB 5.538425051974788 1.2187764872035625
62460.0792 lsst_hardware_i 175.91499454027212 64.95999908447266 31.329999923706055 AB 6.799475738746188 1.041506584781641
62460.0919 lsst_hardware_z -8.203501461952989 59.290000915527344 30.979999542236328 AB 6.003860143889077 1.0369361215697517
62461.177 lsst_hardware_r -183.4629495117933 85.66000366210938 31.639999389648438 AB 3.4660562297628204 1.124734309279444
62463.0828 lsst_hardware_r -2.4470771350502134 57.709999084472656 31.639999389648438 AB 7.079324641161342 1.0371243873708795
62463.0959 lsst_hardware_i -23.712106531300904 52.97999954223633 31.31999969482422 AB 7.08569333921592 1.0364883290130698
62466.0789 lsst_hardware_u 1.9461472103572512 2.5399999618530273 28.360000610351562 AB 4.445585511594794 1.0364280801045749
62466.0911 lsst_hardware_g -9.428010486888637 12.970000267028809 31.3799991607666 AB 3.637012556641618 1.037047657828344
62473.1093 lsst_hardware_i 24.644441277313106 30.010000228881836 31.25 AB 6.963635382813667 1.0633216140871296
62473.1218 lsst_hardware_z -40.026232075169354 41.189998626708984 30.940000534057617 AB 7.078437171880114 1.080851426740948
62479.0818 lsst_hardware_z -4.338481293258484 40.9900016784668 30.950000762939453 AB 5.645195155083708 1.0515404964299013
62479.0946 lsst_hardware_i -0.4742695605877332 30.239999771118164 31.25 AB 6.579469364507805 1.0654148432529296
62483.0744 lsst_hardware_r -6.71010427842825 35.529998779296875 31.59000015258789 AB 11.873948870004082 1.0548995087068302
62483.0862 lsst_hardware_i 44.53016313599298 37.08000183105469 31.280000686645508 AB 12.727376761010664 1.0687042273607723
62485.0822 lsst_hardware_z 132.59399061530073 67.98999786376953 31.709999084472656 AB 8.21758437271529 1.070695543280389
62711.3519 lsst_hardware_u 2.9548131885986213 3.5399999618530273 29.059999465942383 AB 4.556207754741009 1.0833497078721588
62722.4179 lsst_hardware_g -0.15770801706580712 13.369999885559082 31.399999618530273 AB 3.5292166972616537 1.0536547834786247
62722.4297 lsst_hardware_r -22.080159890972865 25.639999389648438 31.520000457763672 AB 3.6167755365947336 1.067052820945391
62723.4291 lsst_hardware_i -46.51426058257179 36.65999984741211 31.280000686645508 AB 5.332023439254103 1.0698996935163072
62725.402 lsst_hardware_z 20.747748164427673 53.61000061035156 30.979999542236328 AB 3.2097666005702292 1.0470044364152102
62725.4129 lsst_hardware_g -25.068200660635814 51.720001220703125 31.709999084472656 AB 3.1870417036892738 1.056886653519905
62731.4194 lsst_hardware_r -109.5837106931788 50.93000030517578 31.6200008392334 AB 2.510647084142162 1.0887454831492465
62731.4287 lsst_hardware_i -41.97670726101011 58.599998474121094 31.309999465942383 AB 2.566081159639959 1.1063476418524596
62733.4125 lsst_hardware_z 37.25753178003735 44.779998779296875 30.950000762939453 AB 1.7380344601985802 1.0862715376241125
62733.4242 lsst_hardware_r -59.738402176442754 38.81999969482422 31.59000015258789 AB 2.73849738080093 1.1083294627185254
62735.3894 lsst_hardware_i 21.287906842389717 31.719999313354492 31.25 AB 1.3033993373843924 1.0611120792817306
62735.4006 lsst_hardware_z -30.95328158010296 42.099998474121094 30.940000534057617 AB 1.4243547875810845 1.0759998395324528
62736.2321 lsst_hardware_r 6.44556457806146 22.739999771118164 31.459999084472656 AB 2.5217521795291415 1.2153998776749015
62738.3931 lsst_hardware_i 8.842648959318508 30.25 31.25 AB 2.413107314757815 1.0770396405971057
62738.4048 lsst_hardware_r 1.3703020299038693 22.350000381469727 31.479999542236328 AB 2.445050386902899 1.0969270466141314
62740.4068 lsst_hardware_u -0.3076663227637456 3.069999933242798 28.520000457763672 AB 3.616857839479604 1.1119384642163106
62740.4184 lsst_hardware_g -60.61665810861198 22.1200008392334 31.559999465942383 AB 3.2146409010718098 1.1391693238301899
62742.3901 lsst_hardware_r 2.0964611140166465 22.010000228881836 31.479999542236328 AB 8.092358680815686 1.0900267619633197
62742.4013 lsst_hardware_i -23.65023613503 30.600000381469727 31.239999771118164 AB 8.2929430792149 1.1118532909208394
62744.3893 lsst_hardware_z -7.257688186886348 41.810001373291016 30.940000534057617 AB 5.298464979273821 1.0986018099574228
62744.4001 lsst_hardware_r -20.211757958122412 22.399999618530273 31.469999313354492 AB 5.393361690690099 1.1212810167754883
62747.3864 lsst_hardware_i 11.995941222763605 30.670000076293945 31.239999771118164 AB 1.2704146441486273 1.1092095263230157
62747.3981 lsst_hardware_u 0.2750539755237529 2.700000047683716 28.34000015258789 AB 1.3094123716527806 1.1361495632562089
62751.3702 lsst_hardware_i -54.95512500695688 30.3799991607666 31.239999771118164 AB 2.60190669121795 1.0986235149407249
62751.3829 lsst_hardware_r -16.503844187798702 22.299999237060547 31.479999542236328 AB 2.309416803463604 1.1257210838233507
62753.364 lsst_hardware_z 64.90452097825352 48.63999938964844 30.959999084472656 AB 4.807538220168588 1.0972148318154218
62753.3761 lsst_hardware_g -30.2650583702509 24.530000686645508 31.579999923706055 AB 4.03900284440427 1.1225948843740876
62755.3609 lsst_hardware_z 0.13160966980451166 64.80000305175781 30.979999542236328 AB 3.3295595574840946 1.1017735133967592
62755.3725 lsst_hardware_r -30.722818014782266 89.05999755859375 31.6299991607666 AB 3.600241119714055 1.1269536059205096
62758.1186 lsst_hardware_z -56.94656955151981 66.22000122070312 30.940000534057617 AB 1.8078338103392044 1.4974808948765121
62762.3541 lsst_hardware_i 7.794631232229637 38.790000915527344 31.270000457763672 AB 1.6837646242428639 1.1286546470178955
62762.3652 lsst_hardware_r 22.09459185185904 39.06999969482422 31.579999923706055 AB 1.7258053524229264 1.1576759030171435
62765.3461 lsst_hardware_g 24.79785877870429 18.729999542236328 31.510000228881836 AB 2.2937945495557424 1.1291137334766652
62765.3577 lsst_hardware_r 23.119646252190087 25.709999084472656 31.5 AB 2.48453407064012 1.1596425067165088
62767.3101 lsst_hardware_r 3.1171053410675995 22.010000228881836 31.479999542236328 AB 2.1500666341072767 1.0714617777946
62767.3223 lsst_hardware_i 30.962635287122087 30.3700008392334 31.239999771118164 AB 2.1807600342535234 1.0908345315148928
62772.3228 lsst_hardware_u 2.4518544130163686 2.509999990463257 28.280000686645508 AB 4.193237039921666 1.1193407589772384
62772.3335 lsst_hardware_g -1.2763198577740489 13.199999809265137 31.350000381469727 AB 5.423872485762065 1.1456061856082087
62774.3255 lsst_hardware_r 17.309411852332108 22.360000610351562 31.459999084472656 AB 4.3050713791641995 1.138983101835982
