data/validation/pwv_sim_epoch_fit_4/34703781.ecsv
# %ECSV 0.9
# ---
# datatype:
# - {name: time, datatype: float64}
# - {name: band, datatype: string}
# - {name: flux, datatype: float64}
# - {name: fluxerr, datatype: float64}
# - {name: zp, datatype: float64}
# - {name: zpsys, datatype: string}
# - {name: pwv, datatype: float64}
# - {name: airmass, datatype: float64}
# meta: {SNID: '34703781', alt: 1024.0, c: -0.09032686054706573, dec: -32.089951, lat: -30.244573, lon: -70.7499537, ra: 281.425781, t0: 60557.77734375,
#   x0: 4.452540334283788e-06, x1: 0.5803256034851074, z: 0.6427662372589111}
# schema: astropy-2.0
time band flux fluxerr zp zpsys pwv airmass
60394.3421 lsst_hardware_r 13.470111069296593 84.06999969482422 31.59000015258789 AB 9.680280301071122 1.2907040401428163
60394.3595 lsst_hardware_z -17.687619898053057 59.86000061035156 30.959999084472656 AB 9.041952335872786 1.2055936447830382
60398.3454 lsst_hardware_i 119.38031755827176 61.2400016784668 31.280000686645508 AB 7.699392680451963 1.2195769709525885
60398.3633 lsst_hardware_z -8.861929403772775 58.77000045776367 30.959999084472656 AB 7.151212905696719 1.148773843300098
60400.3529 lsst_hardware_r -33.52386731257535 73.81999969482422 31.6200008392334 AB 7.054237277039636 1.1664716456452477
60400.3729 lsst_hardware_z 167.1327957745198 61.97999954223633 30.969999313354492 AB 6.671258011598311 1.1024139488719154
60402.3443 lsst_hardware_r 9.033121332280253 49.75 31.59000015258789 AB 6.809798832636191 1.178420736774595
60402.362 lsst_hardware_i 45.53401512526093 47.5099983215332 31.290000915527344 AB 6.498795911744278 1.117912140781724
60414.3461 lsst_hardware_g 6.971237351311004 15.710000038146973 31.469999313354492 AB 10.627648743516868 1.0740694553694334
60414.365 lsst_hardware_r 1.3789649673979472 24.559999465942383 31.520000457763672 AB 10.276618355940965 1.038356911785487
60416.3522 lsst_hardware_i 14.037147414248901 32.040000915527344 31.270000457763672 AB 15.447496217229569 1.050671397192965
60416.3709 lsst_hardware_r -23.142564325524695 24.829999923706055 31.540000915527344 AB 15.058725233972849 1.0229243599540019
60419.3446 lsst_hardware_u -1.9306014446168376 2.9000000953674316 28.520000457763672 AB 4.6975327258339945 1.0496107084870951
60419.3648 lsst_hardware_g 5.763127784963141 15.670000076293945 31.479999542236328 AB 4.615926048156146 1.0205452240009165
60421.3467 lsst_hardware_r 4.145258868792637 47.900001525878906 31.6299991607666 AB 6.430100785665609 1.037113029946066
60421.365 lsst_hardware_i -9.201191479427893 42.630001068115234 31.309999465942383 AB 6.291741076502397 1.0147969478229673
60425.2472 lsst_hardware_r -64.50144837847053 103.0199966430664 31.579999923706055 AB 7.987825039584122 1.3521116695115265
60425.266 lsst_hardware_z 71.1793066681547 71.33000183105469 30.959999084472656 AB 7.546012323025026 1.2462791141553622
60428.2404 lsst_hardware_z -208.87740744767382 141.57000732421875 32.13999938964844 AB 14.054828122163105 1.3432457587285542
60428.2604 lsst_hardware_r 362.3758870715539 181.33999633789062 32.79999923706055 AB 13.142342225026447 1.2338489625899118
60431.2551 lsst_hardware_y 48.479713561132414 51.38999938964844 29.989999771118164 AB 9.77638810559924 1.2205228596253734
60431.2762 lsst_hardware_g 70.84642873735932 39.61000061035156 31.649999618530273 AB 9.132837160077083 1.138686760186657
60434.2564 lsst_hardware_r -10.664030718832963 24.690000534057617 31.489999771118164 AB 10.615332744966018 1.1805307767978224
60434.2766 lsst_hardware_i 42.771910958804725 32.060001373291016 31.25 AB 10.088873900532459 1.112171003953751
60442.2236 lsst_hardware_u 3.8880209161491948 2.609999895095825 28.260000228881836 AB 8.103080288716871 1.2272280926457626
60442.243 lsst_hardware_r 13.364720563925992 24.219999313354492 31.489999771118164 AB 7.594136038926967 1.1493931067304486
60446.2669 lsst_hardware_u -1.531630469865741 2.7799999713897705 28.459999084472656 AB 6.770265672573922 1.0570282080521345
60446.2859 lsst_hardware_g -3.7198965536046162 15.020000457763672 31.459999084472656 AB 6.593793410427593 1.0267107961271422
60448.2311 lsst_hardware_y -63.36730891224957 49.349998474121094 30.010000228881836 AB 9.166766977959325 1.1344072656496154
60448.2477 lsst_hardware_r 57.69992717139037 38.72999954223633 31.59000015258789 AB 8.729025394618686 1.0872322587335967
60459.1754 lsst_hardware_r 127.13058789750383 52.189998626708984 31.59000015258789 AB 15.321250937656343 1.2355847530368018
60461.161 lsst_hardware_r 9.843183133255833 24.760000228881836 31.469999313354492 AB 9.157679733045498 1.2807943682581489
60461.1816 lsst_hardware_u -3.072656974625583 2.7300000190734863 28.3799991607666 AB 8.859604339463566 1.1848350838466575
60463.1595 lsst_hardware_g 4.172738055310432 15.15999984741211 31.3799991607666 AB 11.457934503907945 1.2600367856203751
60463.1792 lsst_hardware_r 4.655113045014346 24.520000457763672 31.489999771118164 AB 11.144869923873019 1.1728972767704715
60465.1591 lsst_hardware_i -59.44022286678252 32.880001068115234 31.219999313354492 AB 10.260613357222999 1.2352015437759674
60465.1799 lsst_hardware_z -19.05026538103438 43.18000030517578 30.940000534057617 AB 9.375759077310654 1.1504587036936886
60483.1575 lsst_hardware_z -225.47164046225524 115.27999877929688 31.0 AB 3.6578381050545197 1.0745705361499764
60483.1771 lsst_hardware_i -104.86685278469024 137.72999572753906 31.350000381469727 AB 3.2039145879128457 1.0376211117845828
60484.1608 lsst_hardware_z -41.05598234637199 103.5199966430664 31.0 AB 3.7474698243795976 1.0616813724425846
60484.1809 lsst_hardware_r -30.343149122640003 152.2100067138672 31.670000076293945 AB 3.862585291565943 1.0283317100499472
60486.1698 lsst_hardware_y 87.58471739173407 75.38999938964844 30.809999465942383 AB 6.3428315513467854 1.0362692800022066
60491.0733 lsst_hardware_z 35.856198515458615 45.45000076293945 30.93000030517578 AB 10.529610821187502 1.313410355642697
60491.0801 lsst_hardware_r 43.67117703412467 25.260000228881836 31.479999542236328 AB 10.296761142518228 1.2754039400311594
60494.0752 lsst_hardware_i -10.249090828007839 33.66999816894531 31.229999542236328 AB 10.632211928793888 1.258324389466109
60494.0954 lsst_hardware_u -4.8077285204857 2.8299999237060547 28.43000030517578 AB 10.353822703397018 1.1697252108000924
60498.0524 lsst_hardware_r -34.04681796752157 25.43000030517578 31.450000762939453 AB 2.501459849739342 1.3240491463487323
60498.0717 lsst_hardware_i 16.43223780822784 33.15999984741211 31.219999313354492 AB 2.2927498251242144 1.2226912230686078
60500.0764 lsst_hardware_u 2.042724560657701 2.8299999237060547 28.43000030517578 AB 9.878679256241275 1.1797785735956938
60500.0966 lsst_hardware_g 5.713614709802806 15.680000305175781 31.459999084472656 AB 9.59030596157388 1.1116188039842998
60502.0743 lsst_hardware_r 6.807017965804062 25.219999313354492 31.489999771118164 AB 9.554259584115291 1.1669443455850288
60502.0921 lsst_hardware_i 80.67007222514006 32.27000045776367 31.25 AB 8.029389372883973 1.1088785213209034
60505.0533 lsst_hardware_i 37.2623815822447 37.34000015258789 31.25 AB 7.677063673353182 1.2194687150736407
60505.0711 lsst_hardware_z -7.886325883679528 45.189998626708984 30.940000534057617 AB 7.2369162361160795 1.149036039553222
60507.0844 lsst_hardware_z -56.276471366288305 70.62999725341797 31.709999084472656 AB 1.8577946472106506 1.0928203807121475
60510.0743 lsst_hardware_y -108.51817324541508 115.2300033569336 31.239999771118164 AB 3.0914993941361377 1.097801104655806
60512.074 lsst_hardware_z -61.16113875029647 102.69999694824219 31.0 AB 5.602258228127527 1.0846929351952357
60512.094 lsst_hardware_r 203.05329444250907 152.25 31.65999984741211 AB 5.097089297865289 1.0438972500876345
60515.0759 lsst_hardware_i -45.24863187080035 51.77000045776367 31.309999465942383 AB 4.992375536731619 1.0622075610067274
60515.0944 lsst_hardware_z -42.62396501358889 52.83000183105469 30.969999313354492 AB 5.475778635452658 1.0308318214331058
60522.0705 lsst_hardware_z 36.22393167086934 41.52000045776367 30.950000762939453 AB 3.9369804481333968 1.0377999116402865
60522.0887 lsst_hardware_r -5.108511618424984 23.940000534057617 31.520000457763672 AB 4.102025041746438 1.0153108473445247
60523.9891 lsst_hardware_y -4.755673716918112 49.93000030517578 29.969999313354492 AB 5.047425196978063 1.2802059173938272
60524.0193 lsst_hardware_r 11.669883429157755 24.440000534057617 31.489999771118164 AB 2.4911020809649083 1.1487673880400775
60525.9879 lsst_hardware_z 28.58572364640303 62.93974407129446 31.68000030517578 AB 1.4900500615108774 1.2579569957879926
60527.979 lsst_hardware_y 58.97285261409952 50.639284474407006 29.959999084472656 AB 3.9911458170744316 1.2758058019417469
60527.9974 lsst_hardware_g -7.902067262361743 15.14304011718066 31.389999389648438 AB 3.758246830420101 1.1899462259905331
60531.9789 lsst_hardware_y -117.02546159196916 50.730659130762554 29.989999771118164 AB 9.434302864183891 1.2225350348819348
60531.9967 lsst_hardware_i 104.52024545238356 33.67016411042811 31.239999771118164 AB 8.895073392111359 1.151391287568618
60533.9801 lsst_hardware_y 87.26853961074637 50.793328847397724 29.989999771118164 AB 4.59773103092643 1.1936990993318295
60533.9985 lsst_hardware_g 0.9210245809323259 27.9567579769357 31.600000381469727 AB 4.4673264006351125 1.12740098438741
60535.9799 lsst_hardware_y 123.3605457018482 53.033844421211526 30.010000228881836 AB 5.2423069979020935 1.1728412098891645
60535.9984 lsst_hardware_i 319.5734368030073 50.36211539304128 31.299999237060547 AB 4.926866709031143 1.1113442077553686
60537.9888 lsst_hardware_z 619.9246321552632 113.02025155149838 31.739999771118164 AB 4.517705558263577 1.1236210143252139
60539.9803 lsst_hardware_y 151.22931407166368 67.30152089187911 30.030000686645508 AB 3.158482451751908 1.1331556272728682
60539.9982 lsst_hardware_r 826.3512441630752 121.84765350921138 31.649999618530273 AB 3.1280331833666843 1.0831139831602092
60541.9799 lsst_hardware_y 241.98297598596216 60.15818220551266 30.040000915527344 AB 3.6202157972475604 1.1175230119609694
60541.9981 lsst_hardware_z 410.4027725691887 69.50030663571589 30.989999771118164 AB 3.381075321706528 1.0708077028365885
60543.9809 lsst_hardware_y 189.6039378030291 52.09902833291138 30.040000915527344 AB 1.5390240674634639 1.0993029053310457
60544.0007 lsst_hardware_u 5.352072066690027 3.5527309523558244 28.469999313354492 AB 1.3988553975054534 1.0544136162101407
60546.9966 lsst_hardware_u 13.514707154568285 4.1756463098586725 28.56999969482422 AB 2.693624539252082 1.047016535081141
60547.0137 lsst_hardware_g 448.3031783073814 26.059872068942223 31.489999771118164 AB 2.31084535274898 1.0223848480252096
60547.9806 lsst_hardware_z 820.5193164922256 52.13467305582717 30.959999084472656 AB 2.2104120424733242 1.0732760584963943
60547.9983 lsst_hardware_g 469.410138839873 26.345112748485768 31.469999313354492 AB 2.260783927951183 1.0396798932866536
60549.9802 lsst_hardware_y 295.83053186309087 54.01648173164637 30.049999237060547 AB 5.691779648219011 1.0624773396379892
60549.9972 lsst_hardware_i 1174.3666575908248 46.52922697252855 31.260000228881836 AB 5.559055484340239 1.0331216634982634
60760.3464 lsst_hardware_z -14.098129041366176 45.599998474121094 30.940000534057617 AB 9.42939648765413 1.2572528650205506
60760.3653 lsst_hardware_u 1.2716703478771745 3.049999952316284 28.5 AB 8.803917747810386 1.1738556997080516
60762.3481 lsst_hardware_g -17.561261543770264 16.5 31.440000534057617 AB 9.580013984169803 1.2229154599227166
60762.3648 lsst_hardware_r 53.66601194685446 25.959999084472656 31.520000457763672 AB 9.078650320352418 1.155559131973833
60764.3464 lsst_hardware_i -40.51364404676961 33.54999923706055 31.25 AB 7.715315624967244 1.2062719863926614
60764.3651 lsst_hardware_z 13.832481407006556 43.459999084472656 30.950000762939453 AB 7.194037512492283 1.1359604472591636
60767.3515 lsst_hardware_i -12.554928814539666 33.150001525878906 31.239999771118164 AB 10.410127797905725 1.1543187881729857
60767.3681 lsst_hardware_u 0.5767390908192156 2.819999933242798 28.40999984741211 AB 9.993361631164731 1.1025434145832538
60769.3447 lsst_hardware_g 0.2800040567066988 16.170000076293945 31.43000030517578 AB 8.822323230923157 1.1591035163690038
60769.3649 lsst_hardware_r -4.1291190324665665 25.420000076293945 31.510000228881836 AB 8.380476225301924 1.096490412835526
60771.3394 lsst_hardware_i -18.467010457432174 33.15999984741211 31.25 AB 20.919141584727313 1.158527316857706
60771.3582 lsst_hardware_r -46.86864967315073 25.43000030517578 31.520000457763672 AB 19.957413492353492 1.0997839911289737
60773.3455 lsst_hardware_u 4.4846345374831 2.799999952316284 28.40999984741211 AB 10.405245370419548 1.1203896456134321
60773.3633 lsst_hardware_g -18.894834316242154 15.989999771118164 31.469999313354492 AB 9.978799486935847 1.0738166852882163
60775.3508 lsst_hardware_i 55.59714970744269 45.56999969482422 31.299999237060547 AB 5.137582504264044 1.090608184315458
60775.3706 lsst_hardware_z -30.08446198329755 42.209999084472656 30.959999084472656 AB 5.003934183475135 1.0483285357932508
60778.3491 lsst_hardware_r 3.0349047493056673 85.7699966430664 31.649999618530273 AB 12.626708054597875 1.0750556729376233
60778.3685 lsst_hardware_z -65.18054498139031 60.22999954223633 30.989999771118164 AB 12.163036015604757 1.0382594160342091
60780.3412 lsst_hardware_z -10.614192107913087 64.4000015258789 30.989999771118164 AB 10.635978166467213 1.080699892444658
60780.3598 lsst_hardware_i 61.98386513509943 71.0199966430664 31.34000015258789 AB 10.26706658970834 1.043454097231398
60782.3493 lsst_hardware_z 16.036101897836804 62.470001220703125 30.989999771118164 AB 15.485313051260206 1.0522713619176438
60782.3693 lsst_hardware_r -81.47687974682704 86.69000244140625 31.670000076293945 AB 15.04584260442983 1.02243124573534
60784.3476 lsst_hardware_y -103.48185022003896 77.52999877929688 30.809999465942383 AB 11.42361089948059 1.0456075390054238
60792.2424 lsst_hardware_r -21.93181289874955 25.43000030517578 31.440000534057617 AB 3.881109431146332 1.3524207443666982
60792.2616 lsst_hardware_g -18.68206379473821 15.420000076293945 31.3799991607666 AB 3.350565556535388 1.2445609694305904
60795.2542 lsst_hardware_z -37.498051484688 44.27000045776367 30.93000030517578 AB 13.14935306345777 1.240739107705017
60795.2741 lsst_hardware_i 14.310597238542208 32.31999969482422 31.239999771118164 AB 12.192501184977855 1.157735758527998
60800.2467 lsst_hardware_r -5.734218256690425 24.84000015258789 31.489999771118164 AB 11.153720088569644 1.2124487377965407
60800.268 lsst_hardware_i 3.741048808575986 32.2599983215332 31.25 AB 10.270513858649473 1.132152914787743
60802.2473 lsst_hardware_z 44.666269809594624 67.5 31.709999084472656 AB 8.095253817627805 1.1869583564860788
60804.2496 lsst_hardware_z 38.225535355267695 51.869998931884766 30.959999084472656 AB 9.678007472698837 1.1574833275765006
60804.2698 lsst_hardware_r 9.875121291599323 56.900001525878906 31.6299991607666 AB 9.442482090337085 1.0953096673179867
60806.2464 lsst_hardware_i -6.827293274478216 68.62999725341797 31.309999465942383 AB 8.653610703080929 1.14952320710426
60806.2674 lsst_hardware_z -32.65153852954245 61.189998626708984 30.979999542236328 AB 8.59144194345199 1.0875242966394925
60808.2432 lsst_hardware_i -46.14210398773542 88.36000061035156 31.31999969482422 AB 7.551690597477356 1.1418311472421698
60808.2625 lsst_hardware_z -78.26956289989897 76.79000091552734 30.989999771118164 AB 7.602994386139594 1.0861420551627992
60810.2477 lsst_hardware_z -118.3166403914291 94.75 30.989999771118164 AB 7.149734798808626 1.1109548037719577
60810.2675 lsst_hardware_r 14.915762469110105 129.99000549316406 31.65999984741211 AB 7.650113366799976 1.0626633375190966
60812.2462 lsst_hardware_i -92.53069630896354 81.77999877929688 31.329999923706055 AB 7.6128790713928085 1.0999680785136263
60812.2647 lsst_hardware_r -147.26714241967437 94.18000030517578 31.65999984741211 AB 6.7698185412106655 1.0573711114737556
60814.2574 lsst_hardware_z 95.20563722146049 71.36000061035156 31.719999313354492 AB 8.004825324989104 1.0610029701205717
60823.1664 lsst_hardware_g -0.8660504591825038 15.199999809265137 31.3700008392334 AB 9.446944237471879 1.300157478319829
60823.1717 lsst_hardware_i 33.53427187272689 33.630001068115234 31.219999313354492 AB 9.597999246266394 1.2712020546023923
60824.164 lsst_hardware_r 78.30794778325915 24.809999465942383 31.469999313354492 AB 11.79245529155592 1.298287691392158
60824.1858 lsst_hardware_u 0.9074390340579902 2.700000047683716 28.350000381469727 AB 10.496663335214969 1.1928026517289736
