data/validation/pwv_sim_epoch_fit_4/34745150.ecsv
# %ECSV 0.9
# ---
# datatype:
# - {name: time, datatype: float64}
# - {name: band, datatype: string}
# - {name: flux, datatype: float64}
# - {name: fluxerr, datatype: float64}
# - {name: zp, datatype: float64}
# - {name: zpsys, datatype: string}
# - {name: pwv, datatype: float64}
# - {name: airmass, datatype: float64}
# meta: {SNID: '34745150', alt: 1024.0, c: -0.03130887448787689, dec: -6.129201, lat: -30.244573, lon: -70.7499537, ra: 42.890625, t0: 60593.1484375,
#   x0: 1.1941327942071082e-05, x1: -1.9922257661819458, z: 0.4272470772266388}
# schema: astropy-2.0
time band flux fluxerr zp zpsys pwv airmass
60529.4201 lsst_hardware_u 5.718252364023918 3.309999942779541 28.59000015258789 AB 2.0702478101680355 1.1027598420639393
60529.4344 lsst_hardware_y 58.47293809253742 67.33000183105469 30.049999237060547 AB 1.997475949889715 1.096710807040473
60531.4199 lsst_hardware_i 3.5545762962434027 32.40999984741211 31.25 AB 5.473371115341926 1.0995488898131782
60537.3911 lsst_hardware_i 31.30469676278945 31.420000076293945 31.25 AB 5.327973494548905 1.109012539844701
60537.4115 lsst_hardware_z 1.889382613381553 42.38999938964844 30.950000762939453 AB 5.322842587000759 1.0968713795271585
60539.3852 lsst_hardware_r 24.641176652172508 63.68000030517578 32.36000061035156 AB 2.682511436481107 1.109469126551778
60539.4047 lsst_hardware_y -55.38191582178143 49.27000045776367 30.030000686645508 AB 2.6408126707787893 1.0971386251677562
60541.4046 lsst_hardware_r 22.853029992672624 78.76000213623047 31.639999389648438 AB 1.7980118762090949 1.0965158568129867
60541.4229 lsst_hardware_y -103.57387152094624 58.7599983215332 30.040000915527344 AB 2.7738773875499 1.1032989277626384
60543.3931 lsst_hardware_z 79.16331344759077 64.7699966430664 30.979999542236328 AB 1.4452400396015352 1.0973034150723455
60543.4112 lsst_hardware_y -52.91343989359739 55.720001220703125 30.040000915527344 AB 1.4242168034380065 1.0994275742203974
60546.3959 lsst_hardware_z 59.403473376744145 57.2400016784668 30.979999542236328 AB 2.4435403718775377 1.096987821269377
60546.4168 lsst_hardware_y -60.29385471926602 58.869998931884766 30.040000915527344 AB 2.282274096125359 1.110190488203993
60549.3179 lsst_hardware_g 14.487687116970484 20.940000534057617 31.520000457763672 AB 3.646464180319154 1.1891936668069858
60549.3345 lsst_hardware_r 2.1554262781371865 29.739999771118164 31.540000915527344 AB 3.492605698379614 1.1463694852449497
60553.3144 lsst_hardware_i 6.114248797085286 31.739999771118164 31.229999542236328 AB 1.8492254193698057 1.168177775975872
60553.3308 lsst_hardware_z -41.929446587791254 42.45000076293945 30.940000534057617 AB 1.7982828288252934 1.1322416677634461
60555.3226 lsst_hardware_z 8.66326538040804 42.54999923706055 30.940000534057617 AB 1.7559944489546089 1.137302104245213
60555.3395 lsst_hardware_r 26.473047970364643 23.329999923706055 31.489999771118164 AB 1.1379825220148307 1.1116729293534653
60557.3559 lsst_hardware_u -2.087646189151041 2.680000066757202 28.389999389648438 AB 1.3886138250238802 1.0970680031790483
60557.3737 lsst_hardware_r 10.802261662787139 23.469999313354492 31.5 AB 1.3827172266715229 1.0997949705082704
60566.3115 lsst_hardware_g -9.624007454205389 23.590346259915098 31.59000015258789 AB 1.8141535332827508 1.1094609315764452
60566.3308 lsst_hardware_r -38.76592928865418 23.514141611888096 31.489999771118164 AB 1.7640934970689943 1.097186791999101
60571.2674 lsst_hardware_i -26.89967211343689 88.75572590520756 31.31999969482422 AB 6.475890819395947 1.1626896753706983
60571.2887 lsst_hardware_z -6.7011269724789715 75.29749263911597 30.989999771118164 AB 6.209340949216858 1.120870246710927
60578.2509 lsst_hardware_u 84.2239526617643 9.98466746700616 29.100000381469727 AB 3.650348417188371 1.1563323215844055
60578.2691 lsst_hardware_g 335.513136777483 30.479973207350103 32.220001220703125 AB 3.5722496598024422 1.121585450487423
60580.2645 lsst_hardware_r 1384.216979354875 44.90749987098038 31.489999771118164 AB 3.8827047167569466 1.1203341492998788
60580.2837 lsst_hardware_i 1083.1660634327282 44.95100061233766 31.239999771118164 AB 3.7851470821376223 1.1008935016762655
60582.2975 lsst_hardware_z 1155.539213469688 53.51790029287506 30.940000534057617 AB 4.16628975397396 1.0969693928315694
60582.3158 lsst_hardware_r 2236.862256141091 52.31485017407276 31.479999542236328 AB 4.1930246879785615 1.1074347145535983
60584.2884 lsst_hardware_u 26.882193176000666 5.308430468490731 28.489999771118164 AB 3.9862057762005927 1.0965424045665615
60584.3081 lsst_hardware_r 2838.6012737073925 58.66954291388049 31.489999771118164 AB 3.5102811169282764 1.1053972604282498
60586.2885 lsst_hardware_i 2264.186308123691 56.88302918774697 31.239999771118164 AB 3.0019747714429026 1.097413551980714
60586.3075 lsst_hardware_z 1621.1862498442958 58.49635463697094 30.940000534057617 AB 2.992809490214794 1.1100925408808582
60588.2912 lsst_hardware_r 3965.646310123488 66.94714042683033 31.5 AB 6.499118058266195 1.1010011533732524
60588.3102 lsst_hardware_u 0.5020411592393764 3.0183701424175973 28.420000076293945 AB 6.395717925643775 1.1203032552545567
60590.2834 lsst_hardware_g 1718.1068457170716 43.85754136470787 31.440000534057617 AB 4.085346856290661 1.0996895979248078
60590.3037 lsst_hardware_r 4304.021427966682 69.12934075936708 31.5 AB 4.064733290580969 1.1188365787447234
60594.2155 lsst_hardware_z 2186.8390499395023 63.79990975282597 30.950000762939453 AB 6.2617824396967645 1.1385058981266845
60594.2326 lsst_hardware_r 4515.200517390744 72.83452045479257 31.549999237060547 AB 6.116869124207728 1.1121580225832233
60599.2565 lsst_hardware_i 3079.7258650871295 98.98804267171484 31.329999923706055 AB 6.678725926877548 1.0986101783735738
60599.2745 lsst_hardware_z 2095.946175220541 85.25182209860671 30.979999542236328 AB 6.723382775587341 1.1128971709754802
60601.2522 lsst_hardware_r 3692.3151083860416 144.4951976626302 31.649999618530273 AB 4.055750054384313 1.099119255930708
60601.2694 lsst_hardware_z 1948.4432401178503 99.14525598987453 30.989999771118164 AB 4.092582575001784 1.1133249659961328
60603.246 lsst_hardware_y 663.2121501863375 59.47317288051181 30.030000686645508 AB 1.9904537161771672 1.098787588284387
60603.2631 lsst_hardware_r 3203.429518510925 99.5159599617847 31.639999389648438 AB 2.1971412487334008 1.1123357796397422
60605.245 lsst_hardware_i 2430.8376129581293 64.73093767530771 31.290000915527344 AB 3.7541199063968422 1.1011302032844075
60605.2624 lsst_hardware_z 1647.1031455729515 62.462442352700506 30.959999084472656 AB 4.07408049819707 1.1183567649175747
60607.246 lsst_hardware_r 2094.1980898134325 52.528209039056456 31.520000457763672 AB 4.917291932315648 1.1060035835167898
60607.2634 lsst_hardware_g 512.279717670818 29.93644198560665 31.530000686645508 AB 4.287047319588601 1.1281703472601583
60611.1781 lsst_hardware_i 1823.1411999008035 52.29320393377579 31.260000228881836 AB 2.408125771778596 1.1229311129767294
60611.1951 lsst_hardware_z 1302.1002729946943 55.12531843666323 30.950000762939453 AB 2.3352264971194407 1.1036042046875025
60615.1589 lsst_hardware_u -12.61087629410763 3.943476499084957 28.389999389648438 AB 4.434632460169626 1.13708524619734
60615.1783 lsst_hardware_g 155.23675609354694 20.20866976833672 31.440000534057617 AB 3.8962470755709573 1.1088572253492586
60620.1712 lsst_hardware_z 984.7577172373349 51.94062042552506 30.940000534057617 AB 5.870942692651544 1.103094122345163
60620.1896 lsst_hardware_r 610.7429395242589 33.85920879814001 31.489999771118164 AB 5.909967015938181 1.0965196931097325
60624.2001 lsst_hardware_i 918.6529851752786 49.44522356481988 31.270000457763672 AB 0.8342744173435993 1.1064647444875322
60624.2174 lsst_hardware_z 811.1597394667566 53.72057719094195 30.950000762939453 AB 2.6191513125329653 1.1288634347531925
60629.1986 lsst_hardware_y 319.2348054537606 67.46403714042533 30.040000915527344 AB 6.170495833608867 1.1207875458375507
60629.2161 lsst_hardware_r 249.43339498731243 133.97631464472462 31.639999389648438 AB 8.861811467872693 1.1534311425056958
60631.181 lsst_hardware_r 537.3239793970033 99.85931529143255 31.639999389648438 AB 6.242541262959271 1.1064738878542917
60631.2009 lsst_hardware_i 650.0781806406417 83.54455860291974 31.31999969482422 AB 6.255894853366321 1.1334340621804215
60633.1804 lsst_hardware_z 578.8437705487516 55.62759135755353 30.959999084472656 AB 5.648453696157536 1.1114263003625382
60633.1996 lsst_hardware_r 254.06924680328203 59.962480187772485 31.610000610351562 AB 5.832064275382093 1.1413972323996595
60640.1106 lsst_hardware_g 34.6174630718523 15.589168103847589 31.43000030517578 AB 4.237812619394537 1.1082870531270748
60640.1313 lsst_hardware_i 390.44885873867554 37.490970512135185 31.25 AB 3.9481709164828716 1.0967141434674643
60642.0943 lsst_hardware_z 331.1318371943282 45.89384530310991 30.940000534057617 AB 5.625982882041329 1.1216633368970403
60642.1084 lsst_hardware_r 210.88481774023424 28.013297803194533 31.5 AB 5.549824951796242 1.1052676030463244
60648.1486 lsst_hardware_z 399.2061790420632 45.67126126050826 30.940000534057617 AB 2.905872018260565 1.1235851206420744
60648.167 lsst_hardware_r 238.85881041414086 27.78574035197447 31.479999542236328 AB 2.8548042298945915 1.1600179723261241
60650.0745 lsst_hardware_r 196.56371646442258 28.482515887106718 31.510000228881836 AB 5.150668149173509 1.118737651862413
60650.0938 lsst_hardware_u 23.34095697992282 4.973821946220275 28.510000228881836 AB 6.301801701401472 1.1001748780379665
60652.0758 lsst_hardware_g 112.04960228811665 26.452949136669563 31.600000381469727 AB 5.988198755826475 1.1103993737045723
60652.0949 lsst_hardware_i 272.97967663164536 39.19938001911269 31.270000457763672 AB 6.767448356956925 1.0974537187962257
60654.0775 lsst_hardware_z 190.59827277775835 53.92998966754375 30.959999084472656 AB 10.935871823100987 1.103741605076713
60654.0961 lsst_hardware_r 247.0653346388744 55.73346406220906 31.6200008392334 AB 11.72301196332033 1.0965052695727593
60656.1214 lsst_hardware_y 293.5050485062411 79.9467009112344 30.790000915527344 AB 13.191255591141635 1.116011471331682
60658.1162 lsst_hardware_r 187.75122058485076 107.67131728790454 31.639999389648438 AB 8.684885643988823 1.1163496801860329
60658.1341 lsst_hardware_i 228.73681518327604 87.93975756920584 31.31999969482422 AB 9.028436538599072 1.1471473893431852
60660.1185 lsst_hardware_z 265.3152278965318 65.05376056875971 30.979999542236328 AB 10.871444081452697 1.1278406585754766
60660.1362 lsst_hardware_r 122.53430114993195 88.80799420877129 31.6299991607666 AB 10.928097685306739 1.164928553745466
60663.0836 lsst_hardware_i 266.7133081388759 35.36473178491354 31.25 AB 3.728442971943128 1.0994302902889965
60663.103 lsst_hardware_z 316.88775581196904 45.49964354729725 30.950000762939453 AB 3.7636347340758998 1.1169436579428151
60665.0459 lsst_hardware_y 72.7179219345307 71.01000213623047 30.790000915527344 AB 5.983605623404025 1.105005655291602
60665.0672 lsst_hardware_r -73.79147905697694 33.119998931884766 32.25 AB 6.015522574842539 1.0965225254908846
60668.0458 lsst_hardware_y 117.65953381625118 50.38999938964844 30.030000686645508 AB 7.895240031074522 1.0995645556484641
60668.0666 lsst_hardware_g 3.576710257951993 14.34000015258789 31.420000076293945 AB 7.869843096434611 1.0980155003862522
60670.0432 lsst_hardware_z 26.24747122276236 49.459999084472656 30.959999084472656 AB 7.0038250751998685 1.098294664450348
60670.065 lsst_hardware_i -46.575987524672 31.389999389648438 31.239999771118164 AB 7.138062736588807 1.099686140284984
60672.0418 lsst_hardware_y -17.639573039738426 59.22999954223633 30.040000915527344 AB 9.008616957019294 1.0970732456943668
60672.0638 lsst_hardware_r -5.358576985151986 23.579999923706055 31.5 AB 9.080336925123936 1.1022501729940057
60674.0394 lsst_hardware_y -73.68861767815388 63.459999084472656 30.049999237060547 AB 8.29066888307581 1.0966009721452947
60674.0605 lsst_hardware_r -15.15899442440499 23.510000228881836 31.5 AB 8.28516090187406 1.1038418415047058
60676.0419 lsst_hardware_y 139.0313689940856 59.56999969482422 30.040000915527344 AB 7.560512824804983 1.097173493274461
60676.0634 lsst_hardware_z -6.883203318421577 42.56999969482422 30.940000534057617 AB 7.665173432433903 1.1118800839343712
60895.4173 lsst_hardware_z 25.859447155395817 55.130001068115234 30.969999313354492 AB 2.0809432717917153 1.1033633466552042
60900.4022 lsst_hardware_r 113.22262241684506 103.29000091552734 32.38999938964844 AB 4.873612285714057 1.1045013678672084
60900.4238 lsst_hardware_y -36.42029423620742 55.79999923706055 30.040000915527344 AB 5.133697897727834 1.096631564595806
60903.4031 lsst_hardware_z -10.0008509230536 65.56999969482422 31.709999084472656 AB 5.353799184382779 1.0988350729914882
60905.3964 lsst_hardware_g 10.948765544412314 17.290000915527344 31.479999542236328 AB 2.7001395218147968 1.0994053427584678
60905.4189 lsst_hardware_y 5.103823769184741 50.279998779296875 30.030000686645508 AB 2.5571707394947154 1.0989130810033156
60913.3992 lsst_hardware_i -32.489150452452726 31.299999237060547 31.239999771118164 AB 2.3419871004317625 1.0999548025511212
60913.4165 lsst_hardware_y 131.17979112975436 51.83000183105469 30.030000686645508 AB 2.330866736696009 1.1154696247398648
60931.3445 lsst_hardware_i -40.7891814532941 45.75 31.299999237060547 AB 3.036105399101643 1.0976519881061615
60931.3646 lsst_hardware_z -10.776541040606046 49.650001525878906 30.959999084472656 AB 3.1434422058966685 1.1121323919679318
60933.3429 lsst_hardware_r -9.381894375482037 27.989999771118164 31.540000915527344 AB 1.4658564695817569 1.0991175727929487
60933.3616 lsst_hardware_g -21.04351826673283 21.850000381469727 31.559999465942383 AB 1.4670941205987371 1.1150956072450497
60935.2695 lsst_hardware_u -1.1472997317440394 2.640000104904175 28.34000015258789 AB 2.306160619199002 1.1661017794702522
60935.2889 lsst_hardware_r 17.67962964550269 23.31999969482422 31.479999542236328 AB 2.221644780614452 1.1258335036897562
60937.333 lsst_hardware_i -1.7858780104745395 31.25 31.239999771118164 AB 6.136641360295052 1.0996087193110338
60937.3532 lsst_hardware_z 59.33308797305909 42.459999084472656 30.940000534057617 AB 5.80082588479206 1.1184111603069522
60939.2584 lsst_hardware_z -18.299087563010474 42.90999984741211 30.93000030517578 AB 4.42565768978401 1.1665654536498213
60939.2769 lsst_hardware_r 36.36237734312755 23.270000457763672 31.479999542236328 AB 4.365648654674089 1.127588976670019
60942.2551 lsst_hardware_u 2.307642671524214 2.619999885559082 28.34000015258789 AB 4.65095225796231 1.1545599316414508
60942.274 lsst_hardware_g 29.498330605872567 14.149999618530273 31.40999984741211 AB 4.503849148901936 1.1195018287553749
60946.2511 lsst_hardware_z -15.075230301581929 42.599998474121094 30.940000534057617 AB 3.777631733537347 1.1397003344424428
60946.2693 lsst_hardware_r -9.740275623766605 23.34000015258789 31.489999771118164 AB 3.7908827747768434 1.1116143317281837
60949.29 lsst_hardware_z 6.276357516608294 42.29999923706055 30.940000534057617 AB 5.156382598502065 1.0966360269038362
60949.3087 lsst_hardware_r -21.637444082286226 23.5 31.479999542236328 AB 4.886770828991593 1.1053541798216677
60951.2835 lsst_hardware_i 53.48980426457901 44.25 31.290000915527344 AB 2.901538468201577 1.0965753848078523
60951.3022 lsst_hardware_z -4.9025272629410255 47.380001068115234 30.959999084472656 AB 3.6337574040404195 1.1044855331429846
60954.2888 lsst_hardware_r -121.92705565953028 103.44999694824219 31.649999618530273 AB 6.548047384816919 1.1008205186018918
60954.3066 lsst_hardware_z 27.443961595961394 71.66000366210938 30.979999542236328 AB 6.38186735739523 1.1181545961270458
60956.2836 lsst_hardware_y -25.924539174367133 62.970001220703125 30.049999237060547 AB 4.176002693518972 1.10097619127828
60956.3025 lsst_hardware_r -108.15040067759944 120.30000305175781 31.639999389648438 AB 3.821612784182814 1.1200506401469588
60958.2131 lsst_hardware_r -62.862415657855585 78.43000030517578 31.6200008392334 AB 3.048832458638937 1.1507199315489476
60958.2305 lsst_hardware_i -185.64049258186304 64.86000061035156 31.309999465942383 AB 2.925889788785188 1.1192437827676842
60960.2121 lsst_hardware_z -41.86282585065564 46.75 30.940000534057617 AB 6.2768616501458805 1.1412475727537965
60960.2299 lsst_hardware_r -51.49528733463116 38.560001373291016 31.579999923706055 AB 6.121357229764856 1.1129740417754284
60962.2113 lsst_hardware_u 3.8482823958038126 2.619999885559082 28.309999465942383 AB 7.134157594479985 1.1324059673777755
