data/validation/pwv_sim_epoch_fit_4/35047363.ecsv
# %ECSV 0.9
# ---
# datatype:
# - {name: time, datatype: float64}
# - {name: band, datatype: string}
# - {name: flux, datatype: float64}
# - {name: fluxerr, datatype: float64}
# - {name: zp, datatype: float64}
# - {name: zpsys, datatype: string}
# - {name: pwv, datatype: float64}
# - {name: airmass, datatype: float64}
# meta: {SNID: '35047363', alt: 1024.0, c: 0.044869814068078995, dec: -40.033035, lat: -30.244573, lon: -70.7499537, ra: 7.382812, t0: 59888.1953125,
#   x0: 2.792786978239036e-06, x1: 0.16215869784355164, z: 0.7783708572387695}
# schema: astropy-2.0
time band flux fluxerr zp zpsys pwv airmass
59842.283 lsst_hardware_u -4.512186396909328 2.609999895095825 28.3700008392334 AB 7.380578984978416 1.0696491282577414
59842.295 lsst_hardware_g -6.1982342629768254 13.699999809265137 31.3799991607666 AB 7.316666122726728 1.0942172666091816
59844.2748 lsst_hardware_r -6.717696687932053 22.59000015258789 31.489999771118164 AB 1.7323407081597784 1.0647453645726972
59844.2881 lsst_hardware_z -49.31763502524168 42.060001373291016 30.950000762939453 AB 1.7985065804757945 1.0909958025330873
59850.2998 lsst_hardware_g -0.6464772875296536 13.680000305175781 31.360000610351562 AB 4.3927230846127765 1.169002861158372
59850.3118 lsst_hardware_r 16.31620317266046 23.139999389648438 31.450000762939453 AB 4.572086141814615 1.2134523311757064
59853.253 lsst_hardware_g 2.1356783444120087 13.42293042488167 31.3799991607666 AB 5.0406609899969474 1.0697119492087983
59853.2645 lsst_hardware_r 2.792718031642455 22.45346692007564 31.469999313354492 AB 5.189622616823793 1.0931658369941988
59856.0506 lsst_hardware_i 25.932279418133973 43.15918816592696 31.25 AB 2.9845799833583464 1.2970795234064956
59856.0593 lsst_hardware_z -6.8588922755384205 49.233577645240466 30.93000030517578 AB 2.935404988964683 1.2546252980332822
59860.2452 lsst_hardware_i 92.42426757459062 85.34167467816673 31.329999923706055 AB 3.4740206155181714 1.092745671984746
59860.2563 lsst_hardware_r 284.02649200995353 107.63157705339492 31.639999389648438 AB 4.215622812656979 1.1199848067634013
59862.2403 lsst_hardware_z 147.81059559879196 101.60479707095716 31.739999771118164 AB 2.9003981850336733 1.0940082422960582
59864.2407 lsst_hardware_r 108.10698196340397 71.68637547189103 31.639999389648438 AB 6.093537037503066 1.1079158250005574
59864.2519 lsst_hardware_i 176.99739161938436 59.99536425135059 31.309999465942383 AB 6.1662922227509975 1.1383223597472765
59867.2378 lsst_hardware_z 157.22018486754388 48.4397506660135 30.959999084472656 AB 7.184058193790211 1.1216328171413288
59867.2489 lsst_hardware_r 214.38814186387341 44.44142393556503 31.59000015258789 AB 7.397958757521853 1.15424777785342
59869.2295 lsst_hardware_i 393.65946746887755 36.60184839043025 31.239999771118164 AB 5.870365067552716 1.1141326755652043
59869.241 lsst_hardware_u 5.590990631060493 3.4497918956594664 28.5 AB 6.0008051318973346 1.1466141457719183
59871.1845 lsst_hardware_u -0.2506968460075377 2.9207218836668725 28.440000534057617 AB 2.6804273981550817 1.0402693653900705
59871.1944 lsst_hardware_g 75.85950270456425 15.536882912170563 31.399999618530273 AB 2.7336457235748335 1.05383412628174
59873.1839 lsst_hardware_r 397.5205465010375 29.81242408550099 31.510000228881836 AB 2.6038145222456497 1.0465492452755827
59873.1946 lsst_hardware_i 647.1700099748327 39.06711349902354 31.260000228881836 AB 2.7102682930957522 1.0629892638628913
59875.2236 lsst_hardware_u 7.313836432811469 2.850791522567506 28.3799991607666 AB 3.9099475323331028 1.1435102821768233
59875.2342 lsst_hardware_g 84.4765837889051 16.3535164096615 31.360000610351562 AB 4.210754623903468 1.17821796126548
59877.2113 lsst_hardware_r 555.5153252430036 32.21082749391896 31.479999542236328 AB 4.986760632244063 1.1238192530599145
59877.2233 lsst_hardware_i 806.5061267245483 41.99576382579002 31.229999542236328 AB 5.122598279252036 1.1597460446575765
59879.2112 lsst_hardware_z 524.1212773146685 48.7475005102697 30.940000534057617 AB 3.6128871570922785 1.1390832055150244
59879.2224 lsst_hardware_r 566.746570515212 33.18014046355297 31.479999542236328 AB 3.635584629752785 1.1751384661830722
59883.165 lsst_hardware_z 620.4861296274338 49.07873151118463 30.959999084472656 AB 4.018427332623283 1.0591532242024093
59883.1764 lsst_hardware_g 80.19718156815827 19.65648095591073 31.510000228881836 AB 3.736684459536639 1.079966606802303
59887.2041 lsst_hardware_z 1356.8810234060913 92.11201965427988 31.719999313354492 AB 5.502723754543552 1.1878091281932064
59896.0775 lsst_hardware_z 637.5314772917632 47.26261491580877 30.950000762939453 AB 4.461554860953179 1.0146815694686135
59896.0891 lsst_hardware_r 438.4698301092786 30.074832446981162 31.489999771118164 AB 3.4394786113394105 1.0179485852136567
59898.0949 lsst_hardware_u -1.089660080020128 2.693020671718378 28.469999313354492 AB 4.303587389818423 1.0246636642424816
59899.1473 lsst_hardware_z 635.5820060490565 48.08314032016616 30.93000030517578 AB 6.57000142179876 1.113402302804576
59899.1593 lsst_hardware_i 737.2436633104303 41.57442297325384 31.219999313354492 AB 6.74074879162401 1.1472801290616002
59901.1506 lsst_hardware_u -0.015814515141107828 2.6173968775072542 28.360000610351562 AB 5.486007146552271 1.1375267526934365
59901.1621 lsst_hardware_g 27.706555928867655 14.435760889941152 31.3700008392334 AB 5.538510650157215 1.1743462815069632
59903.057 lsst_hardware_u -0.23144760805273373 2.6031877033941497 28.399999618530273 AB 6.638791786503115 1.0145369751673041
59903.0687 lsst_hardware_g 16.380987523005544 14.253033574319359 31.40999984741211 AB 6.671218460138409 1.0174063864988359
59905.0625 lsst_hardware_r 288.98871903596154 27.333669129707392 31.489999771118164 AB 4.577018222329829 1.0171151605177398
59905.0762 lsst_hardware_i 651.5323064444963 38.8119030898041 31.25 AB 4.48889761035077 1.0249794749059868
59909.0506 lsst_hardware_u 0.8508039913654428 2.780879505008433 28.530000686645508 AB 4.373053891664177 1.0167528229863234
59909.0622 lsst_hardware_r 183.19170957072646 26.398528153901175 31.5 AB 4.487177549584194 1.02275738100242
59913.0994 lsst_hardware_r 147.61764472921163 36.70138169866456 31.579999923706055 AB 5.461922573058979 1.0903491961124312
59913.1117 lsst_hardware_z 445.7349594389094 48.892891717983204 30.950000762939453 AB 5.6594105235560175 1.1203056133730156
60133.4053 lsst_hardware_z -176.40391433195254 105.37000274658203 31.010000228881836 AB 1.6698498261149581 1.0186669672807431
60133.4169 lsst_hardware_y -82.59999243308052 114.5 30.09000015258789 AB 2.151562704852646 1.0148880683268187
60140.4407 lsst_hardware_i -88.82831569915811 85.9000015258789 31.34000015258789 AB 4.7363798769918715 1.0328661503943894
60144.4339 lsst_hardware_u -12.174117347788323 29.200000762939453 29.530000686645508 AB 3.174212351036723 1.0373242977244193
60147.4247 lsst_hardware_z -56.39311881440832 107.68000030517578 31.010000228881836 AB 5.180923110400481 1.036184622080096
60147.4364 lsst_hardware_r -11.802791642075595 81.16000366210938 31.649999618530273 AB 5.256432098188409 1.0512864196376817
60153.4246 lsst_hardware_r -33.25974471251902 80.05000305175781 31.649999618530273 AB 3.8101108499895533 1.058364124997098
60153.4349 lsst_hardware_u -5.812003000227284 28.649999618530273 29.489999771118164 AB 3.8765240599546957 1.0768122388763044
60158.4054 lsst_hardware_y -99.22586476981753 164.66000366210938 30.829999923706055 AB 1.9594144808014067 1.049873806466194
60160.1445 lsst_hardware_z -68.83793664488861 244.24000549316406 32.810001373291016 AB 2.788633200060748 1.9754190319202465
60164.3928 lsst_hardware_z 26.550643443086685 105.05000305175781 31.0 AB 1.477769642669509 1.055549744763935
60164.4041 lsst_hardware_r -18.747302894617675 79.7300033569336 31.639999389648438 AB 1.505432433144419 1.0753088808174422
60165.3955 lsst_hardware_i -137.7851008402873 85.56999969482422 31.34000015258789 AB 4.203401403571638 1.0645115828731144
60165.4066 lsst_hardware_z 61.397135842522516 104.93000030517578 31.0 AB 4.27860338773765 1.0859399461263073
60168.4056 lsst_hardware_r 56.73921971088729 79.58999633789062 31.639999389648438 AB 3.3770067639612504 1.1021862313361168
60168.4163 lsst_hardware_u -7.8364941387466995 27.969999313354492 29.43000030517578 AB 3.3537561022271585 1.1300986528902028
60176.3744 lsst_hardware_u -1.6607080383501205 28.709999084472656 29.489999771118164 AB 2.899628925722121 1.0814130752320192
60176.385 lsst_hardware_g -76.1602919281044 87.44000244140625 31.709999084472656 AB 1.7705114074152954 1.1051881444539922
60178.3338 lsst_hardware_g 29.214922674446807 88.55999755859375 31.739999771118164 AB 2.008083143709774 1.029786227543474
60178.3441 lsst_hardware_r -29.857717047770944 80.23999786376953 31.65999984741211 AB 2.042799633520429 1.0409170107110466
60179.3669 lsst_hardware_z -63.47566184416579 107.2300033569336 31.0 AB 2.171086134938023 1.0828359775251986
60179.3776 lsst_hardware_r 22.093364309870882 80.41000366210938 31.6299991607666 AB 2.5043325167331814 1.1071319702622375
60181.3758 lsst_hardware_u 11.051223872558056 28.6200008392334 29.43000030517578 AB 2.3685602328927122 1.116455447981481
60181.3878 lsst_hardware_r -45.76153482864622 79.9800033569336 31.6200008392334 AB 2.5982608140165384 1.1509460970172927
60183.3613 lsst_hardware_i 29.50265119757185 85.29000091552734 31.329999923706055 AB 2.97525643045877 1.094380737049572
60183.3714 lsst_hardware_z 108.7501996167905 104.62999725341797 30.989999771118164 AB 3.0846726714635055 1.1192571376862386
60198.3042 lsst_hardware_z 139.28506224379007 107.3499984741211 31.0 AB 2.6518514245790215 1.0624404745909541
60198.3153 lsst_hardware_r -78.55556430238913 80.6500015258789 31.639999389648438 AB 2.7135689254741466 1.083405213790583
60202.2894 lsst_hardware_r 14.158863018302245 81.02999877929688 31.649999618530273 AB 2.697968061676948 1.0560939698631058
60202.3016 lsst_hardware_z 107.48703727223227 107.3499984741211 31.0 AB 1.9322354970289521 1.0777552274959294
60204.2951 lsst_hardware_r -16.510926679126342 80.81999969482422 31.639999389648438 AB 1.20408054687228 1.0757122217440456
60204.3067 lsst_hardware_u -27.98763885008473 28.850000381469727 29.450000762939453 AB 1.23886548390081 1.1007245525550386
60208.2816 lsst_hardware_u 25.988878692136133 28.549999237060547 29.479999542236328 AB 4.135987936488869 1.0708059382495454
60208.2941 lsst_hardware_g 127.43507304322341 87.2300033569336 31.709999084472656 AB 3.4603950776272376 1.0967971719898315
60210.2755 lsst_hardware_r 104.0891231333199 80.81999969482422 31.639999389648438 AB 1.8328023268434428 1.0696249354207428
60210.2872 lsst_hardware_i 7.782415775180311 86.93000030517578 31.329999923706055 AB 1.865900418248494 1.0935146033884513
60214.27 lsst_hardware_z 41.56589435396561 148.44000244140625 31.75 AB 4.107216615799036 1.08008852098502
60216.2945 lsst_hardware_r -92.09149219886817 78.9000015258789 31.6200008392334 AB 7.0141506971074525 1.1581513617327512
60216.3056 lsst_hardware_z 62.504587330493955 104.05999755859375 30.979999542236328 AB 7.259473374880943 1.1971591586649348
60222.2519 lsst_hardware_z -88.8855915520274 107.1500015258789 31.0 AB 7.192601402059572 1.0879199458595703
60222.2639 lsst_hardware_u 18.409323959222128 28.559999465942383 29.43000030517578 AB 7.428872073645289 1.1165639389246427
60228.2408 lsst_hardware_i 204.63215454672797 85.11000061035156 31.31999969482422 AB 3.9594503280569366 1.099847313349149
60228.2515 lsst_hardware_u 35.646867097965426 27.860000610351562 29.43000030517578 AB 4.717419710717873 1.127333197821517
60237.1045 lsst_hardware_r -5.766933702910485 80.19000244140625 31.65999984741211 AB 3.369768438351567 1.0308254629403142
60237.1149 lsst_hardware_i -7.790884922822559 85.86000061035156 31.34000015258789 AB 3.304598866123908 1.0223834375818417
60239.2274 lsst_hardware_g 54.56537143375334 88.0 31.690000534057617 AB 2.808647329615 1.1446346733020887
60239.2384 lsst_hardware_r 3.924930908419437 79.86000061035156 31.6200008392334 AB 2.9617397653731325 1.1809562114798113
60241.2151 lsst_hardware_i 23.56423909948434 85.08000183105469 31.31999969482422 AB 1.8469731808575551 1.1248314134333466
60241.2257 lsst_hardware_z 88.01043654371617 104.44000244140625 30.989999771118164 AB 1.7808707568073066 1.1564095823438054
60243.2162 lsst_hardware_i -39.86702457545155 85.04000091552734 31.31999969482422 AB 1.502462814576335 1.1437894927942662
60243.2268 lsst_hardware_z -101.3895493729329 104.38999938964844 30.989999771118164 AB 1.4962643128308055 1.1785475388230826
60245.2123 lsst_hardware_z -178.13125256128407 106.80999755859375 30.989999771118164 AB 3.0525399507140603 1.148578935424742
60245.2234 lsst_hardware_r 100.24328843192363 79.7300033569336 31.6200008392334 AB 3.1492645540176545 1.185940332900642
60247.1658 lsst_hardware_g 2.104534228397519 89.44999694824219 31.729999542236328 AB 5.893249854556584 1.0549563400413975
60247.1773 lsst_hardware_r -129.64961976521735 80.87000274658203 31.649999618530273 AB 5.570414455426976 1.0749545456246576
60249.1678 lsst_hardware_i -67.65173760778808 85.51000213623047 31.329999923706055 AB 4.753425171040385 1.067425840272502
60249.1789 lsst_hardware_z 217.3369778761769 104.83000183105469 31.0 AB 4.854051779665006 1.0894923940591306
60251.1989 lsst_hardware_g -191.76705840670638 86.26000213623047 31.68000030517578 AB 4.358868402676383 1.1580415522517704
60251.2099 lsst_hardware_r 157.46836915909137 78.58000183105469 31.610000610351562 AB 5.467193763665776 1.1966497977927013
60265.1494 lsst_hardware_r 89.9092260259155 79.22000122070312 31.6299991607666 AB 3.051554766036554 1.1243753743687925
60265.161 lsst_hardware_u -56.941455326859604 27.40999984741211 29.389999389648438 AB 3.173057745792559 1.1591078523443137
60268.0602 lsst_hardware_r 91.45298659942891 80.27999877929688 31.65999984741211 AB 6.735949931789371 1.014819640449979
60268.0732 lsst_hardware_y -237.7113325778777 114.29000091552734 30.09000015258789 AB 6.728276541357917 1.0191270132320382
60270.0567 lsst_hardware_z -129.7298756989937 105.19999694824219 31.0 AB 4.412963983183193 1.0151745993061476
60270.0696 lsst_hardware_r 101.4894792341253 80.16999816894531 31.65999984741211 AB 4.513537180015085 1.020123670474649
60272.0594 lsst_hardware_i 163.2561606676173 85.9800033569336 31.350000381469727 AB 7.6550289757037175 1.017775524158445
60272.0717 lsst_hardware_z 101.11203516756912 105.4000015258789 31.010000228881836 AB 7.790577509020941 1.0251659148636525
60276.0966 lsst_hardware_g -77.89719151591609 87.61000061035156 31.719999313354492 AB 4.103175568863374 1.0720716518543332
60276.1083 lsst_hardware_i 82.382304889865 85.08000183105469 31.31999969482422 AB 4.18830419823747 1.0965103931157842
