data/validation/pwv_sim_epoch_fit_4/35108264.ecsv
# %ECSV 0.9
# ---
# datatype:
# - {name: time, datatype: float64}
# - {name: band, datatype: string}
# - {name: flux, datatype: float64}
# - {name: fluxerr, datatype: float64}
# - {name: zp, datatype: float64}
# - {name: zpsys, datatype: string}
# - {name: pwv, datatype: float64}
# - {name: airmass, datatype: float64}
# meta: {SNID: '35108264', alt: 1024.0, c: -0.1795307993888855, dec: -4.480799, lat: -30.244573, lon: -70.7499537, ra: 120.410156, t0: 60377.2421875,
#   x0: 2.973558701131541e-06, x1: -0.757016658782959, z: 0.757132351398468}
# schema: astropy-2.0
time band flux fluxerr zp zpsys pwv airmass
[from data line 132]
60707.1626 lsst_hardware_g -13.354019321895512 14.739999771118164 31.440000534057617 AB 9.332914161396435 1.1100040629634198
60709.1365 lsst_hardware_r -22.166422240703568 23.65999984741211 31.5 AB 8.397367525390699 1.1222801267937967
60709.1545 lsst_hardware_i 28.105356879188022 31.540000915527344 31.25 AB 8.303649467494564 1.1105589765272923
60711.142 lsst_hardware_z 36.894703768136814 43.2599983215332 30.950000762939453 AB 7.117380435867816 1.1134825462872053
60711.1606 lsst_hardware_i -20.96176413994911 31.510000228881836 31.25 AB 7.100350450452942 1.1102971775532358
60713.1382 lsst_hardware_z 15.920883512272633 47.939998626708984 30.959999084472656 AB 5.503668895395442 1.1126015287187552
60713.1572 lsst_hardware_g 29.7453273350364 37.54999923706055 31.65999984741211 AB 5.541616861007488 1.1108412791007927
60714.1061 lsst_hardware_y 25.688592045061686 51.7599983215332 30.020000457763672 AB 9.658299833161545 1.1461703339425486
60714.1234 lsst_hardware_r 31.100440817609602 59.86000061035156 31.6299991607666 AB 9.696891352169791 1.1217087078480916
60716.1072 lsst_hardware_i -12.3938503779866 81.72000122070312 31.31999969482422 AB 3.87592626155174 1.1352481117554307
60716.1258 lsst_hardware_z 113.56823204266253 72.19000244140625 30.979999542236328 AB 3.8987144104451708 1.1150600120442846
60718.1275 lsst_hardware_z 24.533975709314227 85.9800033569336 30.989999771118164 AB 4.447525700060602 1.1113257621340835
60718.1442 lsst_hardware_r 1.0146856660182557 127.33999633789062 31.639999389648438 AB 4.5008618686356705 1.111049584950788
60720.1263 lsst_hardware_i 130.75722176040514 77.5999984741211 31.31999969482422 AB 2.0826183414624033 1.1101377086687505
60720.1428 lsst_hardware_z -35.69902258738831 69.08999633789062 30.979999542236328 AB 1.8705534330417661 1.1127623040105687
60722.0962 lsst_hardware_z 16.291027170508364 52.459999084472656 30.959999084472656 AB 3.540737285345613 1.127802925735185
60722.1131 lsst_hardware_i -31.407191204507384 52.43000030517578 31.299999237060547 AB 3.5049682999217118 1.112864994418705
60724.0937 lsst_hardware_u -0.5329084560354095 4.079999923706055 28.719999313354492 AB 6.158205667279598 1.1242730565549244
60724.1105 lsst_hardware_g 14.294224775092903 29.280000686645508 31.6200008392334 AB 6.186387801155457 1.1115601116082192
60727.0932 lsst_hardware_r -43.38679379488629 23.40999984741211 31.5 AB 5.107348030870387 1.1169298799104215
60727.1095 lsst_hardware_i -23.318153325866614 31.309999465942383 31.25 AB 5.053342596367434 1.1098116975916767
60729.0863 lsst_hardware_z -66.56745155321691 42.52000045776367 30.940000534057617 AB 7.369057368831664 1.1181050023515617
60729.1043 lsst_hardware_u 1.7790104149675912 2.740000009536743 28.440000534057617 AB 7.308235522537074 1.1097886219258304
60731.0875 lsst_hardware_g 8.705333680535464 14.050000190734863 31.399999618530273 AB 8.461951172599168 1.1134146279735748
60731.1059 lsst_hardware_r 12.154783751019467 23.059999465942383 31.479999542236328 AB 8.51105999786354 1.1102710103856166
60733.0842 lsst_hardware_i 8.30439989536113 31.200000762939453 31.25 AB 7.4785660771846345 1.112302532488233
60733.1028 lsst_hardware_z 7.8817271023874405 42.189998626708984 30.940000534057617 AB 7.4766428236581985 1.1109012033220458
60736.0531 lsst_hardware_z -58.100005340277704 42.68000030517578 30.940000534057617 AB 3.2353494153036397 1.13448053835672
60736.071 lsst_hardware_i 30.314344594279135 31.280000686645508 31.239999771118164 AB 3.2083855710974123 1.1151844181777388
60738.0529 lsst_hardware_u -0.21657895695297066 2.619999885559082 28.329999923706055 AB 5.0550624458029 1.127313684252638
60738.0715 lsst_hardware_g 4.9061524528585085 13.979999542236328 31.389999389648438 AB 4.983144669660446 1.1118747519742167
60740.0513 lsst_hardware_r 45.28134807935083 29.15999984741211 31.540000915527344 AB 5.885265960632823 1.1228566447404043
60740.0687 lsst_hardware_i -23.29575315950274 33.790000915527344 31.25 AB 5.867327818932669 1.1108856709875456
60742.0605 lsst_hardware_z -35.932417487512886 69.86000061035156 31.709999084472656 AB 10.293478634853319 1.1119069548855869
60751.0377 lsst_hardware_i -60.756970294358645 47.959999084472656 31.299999237060547 AB 8.787709032811847 1.1112077934829925
60751.0579 lsst_hardware_z -80.9841661449645 52.22999954223633 30.959999084472656 AB 9.069589487824592 1.1126282877782732
60753.0328 lsst_hardware_g -23.8401931320458 14.130000114440918 31.43000030517578 AB 7.493236616496983 1.111014399361996
60753.0525 lsst_hardware_r 9.726740868401212 34.220001220703125 31.579999923706055 AB 8.02337969645721 1.112658396402331
60756.9995 lsst_hardware_z 2.7522650369281605 44.41999816894531 30.950000762939453 AB 6.554163224937519 1.1292493495757723
60757.0186 lsst_hardware_u -0.8488456901943956 2.819999933242798 28.510000228881836 AB 6.885693728798228 1.1123300407298844
60758.9982 lsst_hardware_y -72.9774893569805 50.25 30.020000457763672 AB 10.054746927939732 1.1241890572383422
60759.0162 lsst_hardware_r -24.35887417664101 23.350000381469727 31.489999771118164 AB 9.36979247309987 1.1110865022056056
60760.9961 lsst_hardware_y 32.69665155080737 51.09000015258789 30.040000915527344 AB 6.83608576462065 1.1206697974787951
60761.0136 lsst_hardware_z 65.89643808289308 42.369998931884766 30.950000762939453 AB 6.10424533006937 1.1102833491600166
60765.9865 lsst_hardware_y 25.96768794971308 57.70000076293945 30.030000686645508 AB 5.389024235919334 1.1170891489208592
60766.005 lsst_hardware_r -17.360408967355895 23.479999542236328 31.489999771118164 AB 3.8898965007554778 1.1097080165715514
60767.9855 lsst_hardware_y -81.0691567376627 58.43000030517578 30.030000686645508 AB 10.263873715952359 1.1139735412781904
60768.0031 lsst_hardware_r 45.755905549879984 25.540000915527344 31.5 AB 6.863087196493197 1.1099481981956827
60769.9839 lsst_hardware_z -81.01844808759064 55.290000915527344 30.969999313354492 AB 9.79865303193734 1.1119669804739827
60770.0019 lsst_hardware_g -10.861148670332877 33.38999938964844 31.639999389648438 AB 8.535340411875174 1.1109384891156024
60771.9823 lsst_hardware_y 90.8752855652675 59.47999954223633 30.040000915527344 AB 12.572858537761444 1.1105947917050962
60772.0015 lsst_hardware_i -37.59165495405008 55.08000183105469 31.309999465942383 AB 11.872662551784755 1.1131142914622385
60773.9807 lsst_hardware_y 93.07243808711478 62.400001525878906 30.040000915527344 AB 10.089303530229746 1.1098529844048564
60773.9989 lsst_hardware_r 12.949800545920807 73.56999969482422 31.6299991607666 AB 10.012643729425957 1.114828206215776
