data/validation/pwv_sim_epoch_fit_4/35248767.ecsv
# %ECSV 0.9
# ---
# datatype:
# - {name: time, datatype: float64}
# - {name: band, datatype: string}
# - {name: flux, datatype: float64}
# - {name: fluxerr, datatype: float64}
# - {name: zp, datatype: float64}
# - {name: zpsys, datatype: string}
# - {name: pwv, datatype: float64}
# - {name: airmass, datatype: float64}
# meta: {SNID: '35248767', alt: 1024.0, c: -0.020976923406124115, dec: -31.03924, lat: -30.244573, lon: -70.7499537, ra: 165.058594, t0: 62479.84765625,
#   x0: 5.237813300993473e-06, x1: 0.9922821521759033, z: 0.6016284823417664}
# schema: astropy-2.0
time band flux fluxerr zp zpsys pwv airmass
62491.2749 lsst_hardware_z 2325.4812424500005 97.61387767394204 31.700000762939453 AB 7.037460408478518 1.3087673945656861
62493.2624 lsst_hardware_r 1465.745644434084 86.63682969127049 31.579999923706055 AB 9.059095913759291 1.3521038677252675
62493.2849 lsst_hardware_z 1112.4114240684905 66.77446904527316 30.959999084472656 AB 8.227701666435454 1.228015174094844
62495.2661 lsst_hardware_r 1122.5062332804441 76.9158499068514 31.59000015258789 AB 8.170262083256242 1.2965754393731106
62495.2881 lsst_hardware_y 319.4014450699213 55.438530041241904 30.010000228881836 AB 7.527643521641563 1.1901883112599807
62497.2619 lsst_hardware_g 190.93530408057686 73.85111962942467 32.36000061035156 AB 8.117884657038365 1.2895083115066555
62497.2848 lsst_hardware_r 2090.8268847187433 89.50114009598659 32.349998474121094 AB 7.419523234627845 1.1814841001026126
62499.249 lsst_hardware_i 775.5671241694808 47.75440642062014 31.229999542236328 AB 9.528716216433308 1.3332003520840734
62499.2706 lsst_hardware_z 822.2781762890651 53.955055799003674 30.940000534057617 AB 8.743318807270365 1.2184819548613282
62501.2527 lsst_hardware_r 683.1820685076647 35.50888675330908 31.450000762939453 AB 7.1802328799830395 1.2800700414463682
62501.2733 lsst_hardware_u -0.15797666328300866 2.8699786644244205 28.329999923706055 AB 6.63426884899099 1.1837924519768235
62503.2625 lsst_hardware_g 157.45323027395514 23.703903160127084 32.11000061035156 AB 5.788879314111238 1.2060165237731746
62503.2847 lsst_hardware_i 1452.2026453647293 58.02252634711523 31.989999771118164 AB 5.413658699951824 1.1242541949228488
62505.2651 lsst_hardware_z 651.4160401719522 50.13692818422009 30.940000534057617 AB 3.2061643171132297 1.173130009920684
62505.2873 lsst_hardware_r 562.0707855186678 32.64800734438194 31.489999771118164 AB 3.02531689899781 1.100849135422819
62507.2636 lsst_hardware_u 0.15457903625780753 2.9294335573471892 28.360000610351562 AB 8.784265032040338 1.158364619609717
62507.2856 lsst_hardware_g 60.74250760331921 15.570375371406044 31.399999618530273 AB 8.083837644199543 1.090936254277941
62510.2992 lsst_hardware_g 49.0515759776534 14.716427577543483 31.43000030517578 AB 7.805718746992703 1.0448257106961767
62510.3167 lsst_hardware_r 358.3588395237383 29.818588927980652 31.5 AB 7.629100845356395 1.0202742688540793
62512.2926 lsst_hardware_i 491.82048109161883 37.42403943184207 31.25 AB 7.746253556857598 1.0467910211969726
62512.31 lsst_hardware_z 550.375864800861 46.98667436456984 30.950000762939453 AB 7.560419267153039 1.0216782793450052
62514.2169 lsst_hardware_g 49.61820858707504 14.670666533886282 31.34000015258789 AB 5.6460790473794935 1.2817432570668543
62514.2361 lsst_hardware_i 444.9108190709508 37.76011994264123 31.229999542236328 AB 5.2424073842992795 1.1907120286864525
62517.1997 lsst_hardware_z 588.5133438899343 58.11362809881264 30.93000030517578 AB 6.92505037359182 1.3341778968484386
62517.2166 lsst_hardware_r 191.99456303583332 58.54912535277119 31.579999923706055 AB 6.309857558843796 1.2412020638995074
62519.2234 lsst_hardware_y 387.46231443546304 76.95393575225144 30.75 AB 7.938766781582374 1.1868391062314854
62521.2202 lsst_hardware_r 118.33175036633995 96.80395971631295 31.6200008392334 AB 11.636164299214535 1.1778487692161563
62521.2406 lsst_hardware_i 282.85724146420625 75.45452568205201 31.31999969482422 AB 11.13789024746859 1.1092595482581382
62523.2159 lsst_hardware_z 494.64028604083876 70.53058299729977 30.969999313354492 AB 11.14682384550476 1.1733498784741854
62523.234 lsst_hardware_r 140.22838589049246 90.74708132498037 31.639999389648438 AB 10.569166587481499 1.112543851313842
62525.2209 lsst_hardware_z 567.8601160033413 64.44948465377038 30.969999313354492 AB 11.299102001057706 1.136159075018363
62525.2382 lsst_hardware_r 199.23250133350152 74.47272774553419 31.6299991607666 AB 10.908958952465499 1.086549696460707
62529.2076 lsst_hardware_r 117.25653821840204 26.241766512747876 31.479999542236328 AB 12.216000733391397 1.1441059627926509
62529.225 lsst_hardware_u 3.0593858735113013 2.7821587842120503 28.399999618530273 AB 10.923135237354387 1.0923135237354387
62531.2092 lsst_hardware_g 2.2056243651330676 13.702873417890892 31.360000610351562 AB 13.791908441055751 1.1213541471940824
62531.2278 lsst_hardware_r 107.75131287041775 25.00721603829022 31.469999313354492 AB 13.193718369763097 1.0724565830137722
62533.2069 lsst_hardware_i 212.31871928656517 33.77148738713966 31.239999771118164 AB 12.351625253750486 1.1119576209714157
62533.2247 lsst_hardware_z 390.5205177397502 44.77894872637449 30.950000762939453 AB 13.43098743162109 1.0672925579726713
62535.2095 lsst_hardware_r 139.41999161862535 24.88787688117105 31.479999542236328 AB 9.86139669475349 1.0900585882188794
62535.2282 lsst_hardware_g 11.413801501774943 13.505415381403385 31.389999389648438 AB 9.47685154606083 1.0496402066817725
62537.2279 lsst_hardware_i 185.42615561415442 32.65320218185444 31.25 AB 5.5822416233520995 1.0408157159761529
62537.2461 lsst_hardware_z 244.25545064011354 43.50256130625421 30.940000534057617 AB 5.397035002728412 1.0169653293251202
62539.1992 lsst_hardware_z 215.86278054956423 44.67272782484926 30.940000534057617 AB 5.5023164782365885 1.0884899066739047
62539.217 lsst_hardware_i 256.0480029031507 32.68756625091667 31.229999542236328 AB 6.147548030847791 1.0501448634861275
62546.1142 lsst_hardware_z 231.3206346947469 54.602387504682916 30.920000076293945 AB 4.366670498815845 1.375401490518934
62546.1332 lsst_hardware_r 21.480282110441426 53.35307513408859 31.56999969482422 AB 2.302464202651702 1.2623159005765912
62548.118 lsst_hardware_i 165.99418067571358 65.66242516303507 31.280000686645508 AB 4.099202600535211 1.3163080333535597
62548.1369 lsst_hardware_z 251.15182524245625 61.24834571220467 30.969999313354492 AB 4.170040544647313 1.218122846537654
62550.107 lsst_hardware_r 106.3267994164432 120.09669226384757 31.579999923706055 AB 7.382758350442971 1.350669292067888
62550.1271 lsst_hardware_z 95.43821163411849 80.97146915339611 30.969999313354492 AB 6.9320976371655 1.238316834077461
62552.1162 lsst_hardware_g 230.17953530208732 155.75159474350752 32.40999984741211 AB 4.025082554323655 1.2655170867996923
62552.1376 lsst_hardware_i 46.65498512332909 124.43333062476601 32.06999969482422 AB 4.541941527566553 1.1700003934998848
62554.1204 lsst_hardware_z 293.93959339833435 60.36945072850928 30.959999084472656 AB 7.492904035897902 1.2186556128971135
62554.1423 lsst_hardware_r -20.526045277840886 68.32474976222424 31.6299991607666 AB 7.381291447614553 1.1342745213391552
62556.1035 lsst_hardware_u 3.1911339501214013 2.6237160112061884 28.260000228881836 AB 9.88786412469072 1.2748938379315424
62556.1222 lsst_hardware_g 12.651398242447154 15.316338748314067 31.40999984741211 AB 9.167058886390501 1.1875710529708088
62557.1133 lsst_hardware_r 25.255185348325355 24.746805721446744 31.459999084472656 AB 9.23769753741368 1.213769672819851
62557.1329 lsst_hardware_i 163.9708251852161 33.012066603573494 31.229999542236328 AB 9.880880048652061 1.138240957894065
62559.1051 lsst_hardware_z 282.8813683014703 45.35494518916372 30.93000030517578 AB 8.172543915364876 1.226188134338316
62559.1242 lsst_hardware_r 68.92982110333611 24.500529368119082 31.469999313354492 AB 7.737246571220672 1.149238257886472
62561.1356 lsst_hardware_r -1.587100953712257 22.770000457763672 31.479999542236328 AB 4.448181937003184 1.0976389727336668
62561.1554 lsst_hardware_i -47.489751264792076 30.40999984741211 31.239999771118164 AB 4.2817226081826085 1.0529689174971577
62563.128 lsst_hardware_z 57.880629260469114 42.029998779296875 30.940000534057617 AB 5.356944349441858 1.1034439156376452
62563.1471 lsst_hardware_i 20.506614256552055 30.510000228881836 31.25 AB 5.209840797942287 1.058426694690901
62566.1056 lsst_hardware_r -2.73743295898038 23.06999969482422 31.469999313354492 AB 8.361934796293363 1.1474615492123361
62566.1253 lsst_hardware_u -4.032593471169069 2.619999885559082 28.360000610351562 AB 8.270556159854516 1.088947486485124
62571.0979 lsst_hardware_i -30.17295089604435 32.099998474121094 31.25 AB 8.494017730120579 1.1278238997238819
62571.1191 lsst_hardware_z 20.04236678539929 41.54999923706055 30.950000762939453 AB 8.109879954258092 1.0713183559125472
62575.1023 lsst_hardware_r 53.03838334095096 48.86000061035156 31.6200008392334 AB 9.770726400028517 1.0850334702974476
62575.1227 lsst_hardware_i 34.97052375126874 43.939998626708984 31.299999237060547 AB 9.273148047853939 1.0431965554912392
62578.0889 lsst_hardware_z 59.0187306909539 71.62000274658203 30.979999542236328 AB 8.74323455596515 1.098396301000615
62578.1058 lsst_hardware_i -20.55532771247573 81.25 31.329999923706055 AB 8.647360224128638 1.0591090020059881
62580.0957 lsst_hardware_z 152.75356853828063 117.23999786376953 31.75 AB 5.447758852275622 1.0687468321230895
62582.0856 lsst_hardware_r 105.63274986560039 77.55999755859375 31.639999389648438 AB 5.6174057065622565 1.079232604526829
62582.1023 lsst_hardware_i -73.81647888375042 63.939998626708984 31.329999923706055 AB 5.454765094718909 1.0453746827748005
62584.092 lsst_hardware_z 15.126612724754212 64.44999694824219 31.709999084472656 AB 5.773301678789837 1.0540992658005859
62589.077 lsst_hardware_i -40.24609148901369 30.549999237060547 31.239999771118164 AB 7.179804765015345 1.056682412433577
62589.0948 lsst_hardware_z 36.0506579088588 40.84000015258789 30.950000762939453 AB 7.0704574738523425 1.0278072645212368
62591.0685 lsst_hardware_i 44.116088115445706 30.440000534057617 31.239999771118164 AB 5.088311231402908 1.062758637811726
62591.0844 lsst_hardware_u 0.3885987311417261 2.549999952316284 28.34000015258789 AB 5.352911231708346 1.0347122226240357
62593.9949 lsst_hardware_y -97.48591525480964 50.75 29.950000762939453 AB 11.88946291223674 1.3017066278621852
62594.012 lsst_hardware_r -32.27630132039941 23.360000610351562 31.459999084472656 AB 7.52807971812647 1.2149902708402953
62595.9928 lsst_hardware_y 19.031243677901212 50.02000045776367 29.969999313354492 AB 11.343074864523265 1.2828992975964333
62596.0105 lsst_hardware_g -1.2299053599764727 13.75 31.360000610351562 AB 9.20261350462127 1.1978280569615278
62597.9903 lsst_hardware_z -1.7694201977656128 45.560001373291016 30.93000030517578 AB 14.350462201370753 1.2670837147199852
62598.0067 lsst_hardware_i -30.582090667727996 31.65999984741211 31.229999542236328 AB 12.68215934976222 1.1909249084197726
62599.9909 lsst_hardware_y -60.12692770850987 50.33000183105469 29.979999542236328 AB 11.154912164719835 1.236777902807228
62600.0101 lsst_hardware_r -7.982800139517452 24.850000381469727 31.479999542236328 AB 9.327302821717657 1.156850854355603
62603.9858 lsst_hardware_y 134.03736953655854 52.900001525878906 30.010000228881836 AB 9.413067992619487 1.2101003365089729
62604.0043 lsst_hardware_z -1.413197087579097 49.77000045776367 30.959999084472656 AB 7.488386762138301 1.1391347042613882
62605.9729 lsst_hardware_y 174.20309563571936 75.63999938964844 30.0 AB 14.128074057019429 1.2445997495502295
62605.9904 lsst_hardware_z -1.474682234756216 65.13999938964844 30.969999313354492 AB 13.266120058469511 1.169078656838027
62607.972 lsst_hardware_y -162.92300275685946 82.18000030517578 30.010000228881836 AB 17.43999919677504 1.2230013461973817
62607.9904 lsst_hardware_r 111.55986523515085 118.05999755859375 31.639999389648438 AB 16.440243961586653 1.149265568793195
62611.9863 lsst_hardware_z -40.23067308964573 60.880001068115234 31.700000762939453 AB 8.1229391933187 1.1267254290713935
62615.976 lsst_hardware_y -105.21562186054928 49.130001068115234 30.020000457763672 AB 15.428871222645103 1.1247855769032795
62615.9947 lsst_hardware_i -66.98885921769752 30.40999984741211 31.239999771118164 AB 14.810218809298156 1.0747488885691867
62617.9732 lsst_hardware_y 18.812084255390644 50.15999984741211 30.030000686645508 AB 6.912379545856047 1.1167010574888605
62617.9912 lsst_hardware_i 37.42652222686839 30.3700008392334 31.239999771118164 AB 6.5385846057647425 1.0703637578497633
62619.9665 lsst_hardware_y 37.9854843181771 59.90999984741211 30.030000686645508 AB 11.839597526729436 1.120422462211689
62619.9843 lsst_hardware_g 2.7357762362717355 13.609999656677246 31.399999618530273 AB 11.384004599840262 1.0735660188301739
62621.9718 lsst_hardware_y -45.55001543584105 49.20000076293945 30.030000686645508 AB 12.451845790881446 1.0904497583747654
62621.9905 lsst_hardware_i -50.94046467763162 30.329999923706055 31.25 AB 12.102419521432315 1.049919278340619
62624.9653 lsst_hardware_y 88.75131707394979 56.04999923706055 30.049999237060547 AB 11.806759590160125 1.0862034168366452
62624.9833 lsst_hardware_r -10.3137370036544 22.360000610351562 31.5 AB 11.58801531502715 1.0481437546097867
62626.9679 lsst_hardware_y -93.16771265086888 49.56999969482422 30.040000915527344 AB 7.326189857494998 1.0675945777667943
62626.9861 lsst_hardware_z 59.7620441328916 40.83000183105469 30.950000762939453 AB 7.479427921825059 1.0347136918895576
62630.965 lsst_hardware_y 36.163526436274914 52.41999816894531 30.049999237060547 AB 8.200433385430545 1.0516072564029937
62630.9837 lsst_hardware_z -47.02820790826025 42.16999816894531 30.950000762939453 AB 7.941379073156054 1.0233076571298312
62632.9648 lsst_hardware_y -132.82718657187968 53.36000061035156 30.049999237060547 AB 12.110793769154409 1.0424164029225877
62632.9847 lsst_hardware_r 40.458743921971234 51.150001525878906 31.639999389648438 AB 11.874471585523578 1.0162439309799376
62855.2595 lsst_hardware_z 27.805463002879595 46.77000045776367 30.90999984741211 AB 6.1400425954847355 1.43570754376101
62855.2828 lsst_hardware_r 52.95419103883021 25.739999771118164 31.479999542236328 AB 5.48562850909259 1.2834631618692327
62858.2607 lsst_hardware_u -2.6990113952759813 2.559999942779541 28.200000762939453 AB 9.164895141853581 1.3678947972915791
62858.2837 lsst_hardware_r -38.86344480110639 23.829999923706055 31.459999084472656 AB 8.287530837763297 1.236944901158701
62863.2592 lsst_hardware_r 0.5169411462217226 23.59000015258789 31.459999084472656 AB 7.984898830805743 1.293205738246877
62863.2842 lsst_hardware_u -1.2569377380829994 2.6700000762939453 28.3799991607666 AB 7.260271634005062 1.17584770167701
62865.2601 lsst_hardware_g 4.530499260587228 13.800000190734863 31.34000015258789 AB 10.954536740268251 1.2591421540538221
62865.2841 lsst_hardware_r -27.71741986574754 22.920000076293945 31.469999313354492 AB 10.055984766839103 1.1558603180274831
62866.2609 lsst_hardware_i -7.806111158388661 32.22999954223633 31.219999313354492 AB 6.98038983687019 1.2415651806430148
62866.2855 lsst_hardware_z -58.81870719957767 42.61000061035156 30.940000534057617 AB 6.3991223984413494 1.1415283233182414
62870.2581 lsst_hardware_r -18.97221084019998 54.650001525878906 32.310001373291016 AB 3.337378567253901 1.2044312293478887
62870.2823 lsst_hardware_i -12.555756482218815 43.880001068115234 31.989999771118164 AB 3.0672820809138015 1.1170678291643585
62872.2577 lsst_hardware_z 39.348676844826386 53.0 30.959999084472656 AB 8.919213558090314 1.1834427542800063
62872.2814 lsst_hardware_i 3.3903517208748775 49.83000183105469 31.299999237060547 AB 8.151647362220409 1.103960910376543
62874.2593 lsst_hardware_z 56.146523422008435 85.63999938964844 31.719999313354492 AB 10.294467466823008 1.1566817378452818
62879.2121 lsst_hardware_y -57.50169917463268 56.540000915527344 29.969999313354492 AB 5.7935962414904765 1.3128723425150735
62879.2285 lsst_hardware_r 57.156445199826656 78.44000244140625 31.610000610351562 AB 5.412068152448247 1.2269017612381257
62881.2043 lsst_hardware_i 15.410771338500082 54.09000015258789 31.260000228881836 AB 8.03549498153351 1.3269198664960593
62881.2216 lsst_hardware_z 36.13553097232401 55.209999084472656 30.950000762939453 AB 6.661694369006655 1.2336471053716027
62883.2068 lsst_hardware_r 19.44560813516456 27.979999542236328 31.489999771118164 AB 3.930890061858797 1.2810461338956538
