data/validation/pwv_sim_epoch_fit_4/35316950.ecsv
# %ECSV 0.9
# ---
# datatype:
# - {name: time, datatype: float64}
# - {name: band, datatype: string}
# - {name: flux, datatype: float64}
# - {name: fluxerr, datatype: float64}
# - {name: zp, datatype: float64}
# - {name: zpsys, datatype: string}
# - {name: pwv, datatype: float64}
# - {name: airmass, datatype: float64}
# meta: {SNID: '35316950', alt: 1024.0, c: -0.05400433763861656, dec: 2.985506, lat: -30.244573, lon: -70.7499537, ra: 75.058594, t0: 62506.6953125,
#   x0: 3.38857718389146e-06, x1: 1.1911356449127197, z: 0.7188072204589844}
# schema: astropy-2.0
time band flux fluxerr zp zpsys pwv airmass
62405.371 lsst_hardware_z -51.62305954824133 63.709999084472656 30.959999084472656 AB 5.050865455224848 1.2058888516712063
62405.3895 lsst_hardware_y -13.236071947126304 58.59000015258789 30.010000228881836 AB 3.8843018149101596 1.1961512466362634
62410.3632 lsst_hardware_r -38.096878156711185 36.93000030517578 31.549999237060547 AB 5.028049834036697 1.200967317046952
62410.3847 lsst_hardware_y 60.959521819999765 53.58000183105469 29.989999771118164 AB 4.937107561847651 1.1974551447607071
62415.3656 lsst_hardware_g 2.759288050234621 14.640000343322754 31.389999389648438 AB 7.392004058441536 1.1961978113585194
62415.385 lsst_hardware_y 29.92814995888512 60.560001373291016 30.0 AB 6.88694051899634 1.207387889024604
62417.3607 lsst_hardware_i 42.56690597168541 32.2400016784668 31.229999542236328 AB 5.249185974230786 1.196259337791658
62417.3787 lsst_hardware_y 46.160715688112255 52.599998474121094 29.989999771118164 AB 4.829566195182947 1.2065118006077935
62419.3608 lsst_hardware_i -52.43549463454217 32.04999923706055 31.229999542236328 AB 3.593129458461341 1.1977098194871136
62419.3788 lsst_hardware_y 93.00902061890753 56.58000183105469 30.0 AB 3.8188834585411886 1.2129857464927014
62421.3614 lsst_hardware_g 17.37779937702894 14.569999694824219 31.3799991607666 AB 6.671317231062693 1.2010292662738884
62421.3801 lsst_hardware_y 133.63598046750104 62.650001525878906 30.0 AB 7.260847004843108 1.2230511518545382
62426.326 lsst_hardware_z 90.24962542187085 43.68000030517578 30.93000030517578 AB 6.480733324608894 1.1975116241462647
62426.3447 lsst_hardware_u -1.423139455612496 2.690000057220459 28.360000610351562 AB 5.872342324716047 1.1991305839531543
62428.318 lsst_hardware_z 17.576684433836565 50.34000015258789 30.940000534057617 AB 4.5547425297657 1.1986164552015
62428.3359 lsst_hardware_r 39.452422499960434 40.470001220703125 31.56999969482422 AB 4.604098068914942 1.197580457514616
62434.326 lsst_hardware_z -26.745128155594614 75.5999984741211 30.979999542236328 AB 4.549931006476707 1.2010905028316354
62434.3446 lsst_hardware_r 176.8622096110815 101.54000091552734 31.6200008392334 AB 4.494446401123823 1.2230340789487695
62450.2711 lsst_hardware_r -7.870585659792624 23.84000015258789 31.479999542236328 AB 11.146686879050595 1.196317346826062
62450.2907 lsst_hardware_i -13.641734897005424 32.290000915527344 31.229999542236328 AB 11.41466201381729 1.2087534783428122
62452.2707 lsst_hardware_z 46.387351962443944 44.02000045776367 30.93000030517578 AB 4.91056370627365 1.1976984649447928
62452.2886 lsst_hardware_i 37.53976539839095 32.650001525878906 31.219999313354492 AB 4.972639817715265 1.2128389799305526
62457.2567 lsst_hardware_y 1.976084931166474 51.5099983215332 30.0 AB 4.851318905918833 1.1975608259488604
62457.2757 lsst_hardware_r -14.586281936416777 46.83000183105469 31.579999923706055 AB 4.887692732592663 1.2138309766373132
62459.2564 lsst_hardware_i -37.61117676717772 75.79000091552734 31.299999237060547 AB 6.435369143260313 1.200180742868391
62459.2772 lsst_hardware_z -12.297527795961102 68.4800033569336 30.959999084472656 AB 6.385625736338151 1.2244728161722245
62462.26 lsst_hardware_r -92.41615134771432 134.49000549316406 31.6200008392334 AB 3.4042418936223537 1.2111866319813878
62462.2804 lsst_hardware_z -143.65132111826006 93.16000366210938 30.979999542236328 AB 3.829628994113843 1.2477071006011438
62467.1815 lsst_hardware_i 63.69372564897335 40.779998779296875 31.25 AB 4.435098967227802 1.2366954248108195
62467.2021 lsst_hardware_z -65.80487889386382 49.0 30.940000534057617 AB 4.293118971066702 1.2055090125845427
62472.2219 lsst_hardware_r -28.196559418796138 24.239999771118164 31.469999313354492 AB 7.56523856349724 1.200831518015435
62472.2417 lsst_hardware_u -0.594081775702426 2.640000104904175 28.290000915527344 AB 7.714071467281459 1.2244557884573746
62474.1098 lsst_hardware_g 7.9472013939270845 14.760904950015172 31.299999237060547 AB 3.752073340958653 1.4431051311379435
62474.1195 lsst_hardware_r 15.423272416219481 24.911920792568008 31.43000030517578 AB 3.607752986283574 1.3875973024167592
62476.2248 lsst_hardware_i -2.2272038351979075 32.56336309145606 31.229999542236328 AB 6.517491989679739 1.2151565190044031
62476.2444 lsst_hardware_z 7.834202016514694 44.15900657856678 30.93000030517578 AB 6.664120117560271 1.253125257156877
62478.1887 lsst_hardware_z 87.04150048060534 44.1650040828837 30.93000030517578 AB 5.335742661034028 1.196287800243042
62478.2068 lsst_hardware_r -25.04509565612552 24.837911532165876 31.479999542236328 AB 5.344475278947866 1.2017483341272681
62480.1904 lsst_hardware_u 7.2022338832172315 3.1440564237598525 28.3799991607666 AB 11.593281756058163 1.1965200057857432
62480.2095 lsst_hardware_r 33.25803772353552 25.65374377893791 31.479999542236328 AB 11.361730497289212 1.2095525724580956
62482.19 lsst_hardware_i 277.26680648636443 35.23456993332431 31.229999542236328 AB 15.217161264534061 1.1982016743727608
62482.2084 lsst_hardware_z 228.78078497659678 45.57853155338967 30.93000030517578 AB 15.266581969985888 1.2151293976707802
62484.1887 lsst_hardware_r 289.8918042935262 38.350459689787066 31.549999237060547 AB 9.124042548935764 1.2005319143336532
62484.2066 lsst_hardware_z 238.3971024816604 48.439925913406825 30.93000030517578 AB 9.276467786187263 1.2205878666035872
62486.1891 lsst_hardware_y 80.748549692806 53.89608253613456 29.989999771118164 AB 12.400050999252208 1.2052832299961804
62486.2079 lsst_hardware_r 375.36064157712394 64.59202809374361 31.59000015258789 AB 12.686363967639188 1.2325914495893642
62488.1496 lsst_hardware_i 490.4179033786611 86.31825609393978 31.299999237060547 AB 3.561642071814854 1.2013971851518834
62488.1684 lsst_hardware_z 412.30345820219463 76.63338673223244 30.969999313354492 AB 4.000842481231258 1.196483820335247
62490.1156 lsst_hardware_z 529.8662768375219 98.7655184269729 30.979999542236328 AB 4.077892000313119 1.2434177106784323
62490.1336 lsst_hardware_r 728.3730640461716 142.45739836310952 31.6200008392334 AB 3.64196238859767 1.2118666961477569
62494.1211 lsst_hardware_i 965.372538802577 62.655330579368346 31.290000915527344 AB 7.52209729271093 1.2139267800711173
62494.1428 lsst_hardware_z 502.72497074237504 61.37887239965919 30.959999084472656 AB 7.515086988541409 1.196717542663547
62496.1226 lsst_hardware_r 924.8813187018781 40.76613197830852 31.489999771118164 AB 9.051604996882293 1.205808836174373
62496.144 lsst_hardware_u -2.3942912925541866 5.25331792098806 28.719999313354492 AB 8.31100370026907 1.19612905411709
62498.1288 lsst_hardware_g 278.63689112563225 21.744666810146807 31.3799991607666 AB 7.391152063503994 1.1977235559073074
62498.1496 lsst_hardware_r 1042.4562176875938 39.76813785480715 31.469999313354492 AB 7.393280364768219 1.1999643521636387
62504.1271 lsst_hardware_r 991.9333814107977 39.86662529300562 31.479999542236328 AB 4.624676244089993 1.197094737355852
62504.1485 lsst_hardware_i 1146.2560628534034 46.76617161049928 31.229999542236328 AB 4.694308154572274 1.2153548620251842
62506.0878 lsst_hardware_i 1207.2878589342822 46.498940981884346 31.219999313354492 AB 12.62628182889921 1.2146495265896298
62506.1072 lsst_hardware_z 711.9380762085831 50.8443037943349 30.93000030517578 AB 12.561469475119702 1.1976230987529106
62508.0883 lsst_hardware_r 981.5555790388491 38.75780922737496 31.469999313354492 AB 10.620601577955137 1.207378183687123
62508.1073 lsst_hardware_u -1.7540955646505476 2.744538540152116 28.350000381469727 AB 10.501712428923046 1.1962083450125918
62511.0856 lsst_hardware_g 172.43303906827475 23.060331564529278 31.489999771118164 AB 10.190957442084262 1.2022955247997948
62511.1068 lsst_hardware_r 853.5247383553003 39.31550708813729 31.5 AB 10.153529889210203 1.1967504363037633
62513.0788 lsst_hardware_i 1072.935265738781 51.69015414434714 31.260000228881836 AB 4.50670552496402 1.20339266354181
62513.0981 lsst_hardware_z 684.6143853076138 53.83319629148233 30.940000534057617 AB 6.891418636999366 1.1961672617920358
62516.08 lsst_hardware_r 816.4188212341247 88.09905640589095 31.610000610351562 AB 7.184272387768276 1.19757832768266
62516.0989 lsst_hardware_i 1063.9990480693527 78.6053318033015 31.299999237060547 AB 6.50766691379301 1.1990542157830137
62518.0807 lsst_hardware_z 708.8275105108573 86.2637128531996 30.969999313354492 AB 3.3001314134868265 1.1961331690782264
62518.1015 lsst_hardware_i 857.8219171108319 99.33618974717324 31.299999237060547 AB 2.4083012742801966 1.2050544279610458
62520.0883 lsst_hardware_z 1195.7408638407799 114.26417123713671 31.719999313354492 AB 4.672701669788921 1.1992304903536808
62524.0511 lsst_hardware_z 1155.0459800516771 73.74328500497994 31.690000534057617 AB 8.575936237463873 1.2015322224117315
62526.0409 lsst_hardware_y 330.4626446438499 54.71330718596101 29.979999542236328 AB 8.061859063214134 1.2055867500600614
62526.0612 lsst_hardware_g 38.64477923596933 16.07930172666089 31.3700008392334 AB 8.40169770785056 1.1960705218014156
62528.0385 lsst_hardware_y 248.61832864666846 56.07591150674155 30.0 AB 13.182087109112343 1.2028366307455565
62528.056 lsst_hardware_i 631.7444666223872 40.50117279296287 31.229999542236328 AB 13.63530585390409 1.1960794608687797
62532.0351 lsst_hardware_y 229.91905228907606 58.09295981663559 30.010000228881836 AB 10.191641343413757 1.1980769604326518
62532.0524 lsst_hardware_g 56.541699916756926 16.61755699867145 31.399999618530273 AB 10.856715126235686 1.1977180347769525
62536.0345 lsst_hardware_z 314.3714030293238 52.06498749062764 30.940000534057617 AB 10.932316152724024 1.1960958591601776
62536.0524 lsst_hardware_u 0.18065820146119393 2.7963173838378124 28.329999923706055 AB 11.633703475440306 1.2050968251135885
62538.0321 lsst_hardware_y 166.500560376968 57.09547922971886 30.010000228881836 AB 6.251179441915381 1.1965124781156822
62538.0507 lsst_hardware_r 225.51591627854685 27.583283825581177 31.469999313354492 AB 5.738868156919393 1.2090312128341285
62766.3697 lsst_hardware_r -9.464652569747388 26.889999389648438 31.489999771118164 AB 1.8449295198809492 1.223022552125508
62766.3892 lsst_hardware_y -59.22145862556839 51.29999923706055 29.989999771118164 AB 1.680673033469221 1.2004807381923008
62769.3557 lsst_hardware_u -2.0188561249918213 3.680000066757202 29.010000228881836 AB 7.256394179684232 1.2336610302082622
62769.3755 lsst_hardware_y -123.79314334108943 69.83999633789062 30.739999771118164 AB 7.807225714989036 1.2048652671768256
62777.3547 lsst_hardware_i -5.817981944223539 32.459999084472656 31.229999542236328 AB 3.4913648806547983 1.2039189243637236
62777.3726 lsst_hardware_y 10.997401898768324 49.54999923706055 30.0 AB 3.468716118003775 1.1961090062081983
62784.3745 lsst_hardware_z -85.41393026455697 87.12000274658203 31.719999313354492 AB 3.6213059630925186 1.2071019876975062
62786.3599 lsst_hardware_r -74.99006883606015 97.87999725341797 31.6200008392334 AB 6.622916995294815 1.1996227010345775
62786.3789 lsst_hardware_y 15.725157313102619 68.06999969482422 30.0 AB 7.2654250623121435 1.2199862972649542
62788.3227 lsst_hardware_i 13.358154642658533 81.08999633789062 31.299999237060547 AB 6.05026446408595 1.2057523760093736
62788.3412 lsst_hardware_z -135.03768693581137 72.41999816894531 30.969999313354492 AB 6.4591952972702975 1.1961472772722772
62790.3212 lsst_hardware_i 3.8457580944393253 74.68000030517578 31.299999237060547 AB 8.46331471024849 1.202260772817457
62790.3391 lsst_hardware_z -61.376372018155514 69.36000061035156 30.969999313354492 AB 8.740929768290478 1.1962132748612748
62792.3188 lsst_hardware_z 8.3240873260536 53.61000061035156 30.950000762939453 AB 7.39743712519291 1.2001033622961401
62792.3368 lsst_hardware_r -46.79126716895882 54.439998626708984 31.600000381469727 AB 7.755636715325076 1.196780564314292
62795.3181 lsst_hardware_i -51.90594454138096 33.400001525878906 31.239999771118164 AB 2.780631744162555 1.1967856579731955
62795.3361 lsst_hardware_r -29.93796017812168 26.81999969482422 31.5 AB 3.0035248850437815 1.2000898551768182
62797.2607 lsst_hardware_u 2.2959294998446147 2.5899999141693115 28.260000228881836 AB 4.650148037626633 1.2810325172525159
62797.2771 lsst_hardware_g 10.825617362385382 14.470000267028809 31.3799991607666 AB 4.505108349148571 1.2380922979451543
62798.3459 lsst_hardware_r -7.536831357231857 24.18000030517578 31.469999313354492 AB 4.338767021601726 1.2196112499231127
62798.3596 lsst_hardware_i -7.964827749482343 34.119998931884766 31.219999313354492 AB 4.452267281314609 1.2461446885238654
62800.3187 lsst_hardware_z -48.86911876787024 43.79999923706055 30.940000534057617 AB 1.6553543777850876 1.1980851950193638
62800.3366 lsst_hardware_r 10.161801591590699 23.969999313354492 31.479999542236328 AB 2.9041699791923477 1.214033294443955
62802.3199 lsst_hardware_u 3.2183554836860027 2.7799999713897705 28.450000762939453 AB 3.432568630374244 1.2021253046690052
62802.3372 lsst_hardware_g -23.185765476725983 14.359999656677246 31.399999618530273 AB 4.147247990377523 1.2231965758376415
62808.2752 lsst_hardware_r 21.72368762600366 24.18000030517578 31.489999771118164 AB 6.370151993090487 1.2000474719710803
62808.2933 lsst_hardware_i -44.91476863785894 32.54999923706055 31.239999771118164 AB 5.7447551023985834 1.1968239796663716
62816.1565 lsst_hardware_z -128.84246701550504 145.5 31.690000534057617 AB 4.265180570821389 1.5657784768066771
62816.1822 lsst_hardware_r -56.18444354808972 201.33999633789062 32.33000183105469 AB 0.9860904089240329 1.3918001537389315
62818.2672 lsst_hardware_i 186.74097023191717 89.55999755859375 31.309999465942383 AB 5.2843305375382155 1.197175019831947
62818.2861 lsst_hardware_z 13.7357601658276 79.26000213623047 30.969999313354492 AB 5.347201556622727 1.2122424748634608
62820.2342 lsst_hardware_i -63.93242608678166 58.59000015258789 31.290000915527344 AB 8.8127060965486 1.2068893586072444
62820.2519 lsst_hardware_z 116.91453893187953 57.810001373291016 30.959999084472656 AB 5.43102958224596 1.1963498602494957
62828.2646 lsst_hardware_z 21.076562926029474 44.459999084472656 30.93000030517578 AB 7.380674022585196 1.2205513515109494
62828.284 lsst_hardware_u 1.3409157013082644 2.559999942779541 28.209999084472656 AB 7.722469628995972 1.2620476595842411
62834.1831 lsst_hardware_z 26.4324855515432 44.0 30.940000534057617 AB 5.385442084375156 1.2246135263492357
62834.202 lsst_hardware_i 71.30334128445418 32.380001068115234 31.239999771118164 AB 5.280371925694975 1.2015409418298637
62837.2189 lsst_hardware_z -26.76649305310701 43.36000061035156 30.940000534057617 AB 7.551463429213873 1.1986449887641069
62837.2381 lsst_hardware_g -1.3148838620540424 14.619999885559082 31.389999389648438 AB 7.670797482949767 1.2175869020555186
62839.2204 lsst_hardware_r 9.280219597122041 38.709999084472656 31.56999969482422 AB 5.2363440229376526 1.2033423010312885
62839.2386 lsst_hardware_i 19.93523160387233 39.31999969482422 31.260000228881836 AB 5.39286794470719 1.2273952647981357
62841.2327 lsst_hardware_z 57.87546955636661 86.38999938964844 31.709999084472656 AB 6.530135378725697 1.2266044383612487
62843.1802 lsst_hardware_z -98.8526554425534 85.72000122070312 30.969999313354492 AB 5.309532005071591 1.1996909009933272
62843.1988 lsst_hardware_r 97.29818743456026 123.66000366210938 31.6200008392334 AB 5.300837846050209 1.1971178514115197
62845.1998 lsst_hardware_r -39.458965619609046 151.1300048828125 31.6200008392334 AB 11.584159961237976 1.2002030662124268
62845.2122 lsst_hardware_i -43.183613940739775 122.31999969482422 31.309999465942383 AB 11.28692852098524 1.2119974788086376
62850.1885 lsst_hardware_z -10.562037043542801 50.529998779296875 30.950000762939453 AB 9.578010037655417 1.2018395965365618
62850.2061 lsst_hardware_i -23.557444318475724 47.099998474121094 31.270000457763672 AB 9.74184256684577 1.2230959261986283
62854.1603 lsst_hardware_r -22.96202999512468 24.3700008392334 31.489999771118164 AB 4.310727842466263 1.1961783815371227
62854.1807 lsst_hardware_i -1.3060165295918462 32.70000076293945 31.239999771118164 AB 6.251853750833014 1.2044413853390088
62859.1279 lsst_hardware_r 5.779895330044614 23.950000762939453 31.479999542236328 AB 7.538749024254026 1.206682516887399
62859.1474 lsst_hardware_g 13.093444019432251 14.59000015258789 31.399999618530273 AB 7.45330039071088 1.1961164117489878
62862.1272 lsst_hardware_r 50.16866437099645 23.940000534057617 31.479999542236328 AB 5.872877461199912 1.200383742708209
62862.1484 lsst_hardware_i 24.473983374412814 32.22999954223633 31.239999771118164 AB 5.78846116034942 1.197633302715444
62867.1249 lsst_hardware_z -102.83246010426289 65.7300033569336 31.690000534057617 AB 8.2870875319155 1.196163646494651
62867.1463 lsst_hardware_g -20.803715411233444 40.189998626708984 32.33000183105469 AB 8.39462520320828 1.2054661539975704
62869.1292 lsst_hardware_r -65.89709864193392 61.369998931884766 31.600000381469727 AB 4.582602628790593 1.1975964010951505
62869.1509 lsst_hardware_i 43.92390944929941 54.7599983215332 31.280000686645508 AB 4.670674809148971 1.2178279927381452
62871.0891 lsst_hardware_i -81.80283044230777 80.9000015258789 31.299999237060547 AB 12.710501057195792 1.2138378802950078
62871.1101 lsst_hardware_z 9.86546171009455 73.12000274658203 30.969999313354492 AB 12.47796240418214 1.196888579503338
62875.0849 lsst_hardware_r -23.761518529814104 111.4800033569336 31.6200008392334 AB 7.921780870014763 1.2059799611820763
62875.1059 lsst_hardware_i -33.83438986720697 89.45999908447266 31.309999465942383 AB 7.815587729323628 1.1960956084208023
62880.0805 lsst_hardware_z 36.2533231685252 43.720001220703125 30.940000534057617 AB 7.852483166681248 1.1989286595861692
62880.1003 lsst_hardware_i -43.558214783578805 32.22999954223633 31.229999542236328 AB 8.27861766136494 1.1980633373900058
62882.0825 lsst_hardware_u 2.273078774267578 2.6700000762939453 28.350000381469727 AB 4.062777887604446 1.1963421341591418
62882.1016 lsst_hardware_g -12.77041029028718 14.350000381469727 31.3799991607666 AB 4.473950068718329 1.2021899956249709
62884.0792 lsst_hardware_r -7.757308326158654 23.81999969482422 31.489999771118164 AB 4.664802127550278 1.1961031096282764
62884.0993 lsst_hardware_i -52.61248095659087 32.150001525878906 31.239999771118164 AB 4.7572633803541535 1.2049042943973094
62886.0519 lsst_hardware_z 55.81374465610892 64.83000183105469 31.690000534057617 AB 10.001702528147517 1.2091520283877761
62890.0405 lsst_hardware_y 12.124623463521756 57.630001068115234 30.0 AB 17.76059626699299 1.2097056731651874
62890.0597 lsst_hardware_i 20.993719298582672 32.290000915527344 31.229999542236328 AB 15.54097125796219 1.1965177855766418
62892.039 lsst_hardware_y -3.5373274672059343 54.959999084472656 30.010000228881836 AB 13.163576753174167 1.2054649458412383
62892.0592 lsst_hardware_i -4.327473883593287 32.189998626708984 31.239999771118164 AB 14.292744794437557 1.1960789529223317
62894.0384 lsst_hardware_y -41.12010901471773 54.060001373291016 30.010000228881836 AB 13.31858789731612 1.2013519255524325
62894.0563 lsst_hardware_g -39.26306460190237 16.979999542236328 31.459999084472656 AB 13.920425114365747 1.1963239183882561
62896.0367 lsst_hardware_y 2.2751332828400175 57.22999954223633 30.010000228881836 AB 12.979985480141563 1.1989825707158706
62896.0559 lsst_hardware_i 3.750957590098791 38.63999938964844 31.260000228881836 AB 13.464067436057006 1.1977553263155543
62898.0424 lsst_hardware_z 43.368987524973186 88.06999969482422 31.719999313354492 AB 9.70020331475804 1.1960670336011392
