data/validation/pwv_sim_epoch_fit_4/35440868.ecsv
# %ECSV 0.9
# ---
# datatype:
# - {name: time, datatype: float64}
# - {name: band, datatype: string}
# - {name: flux, datatype: float64}
# - {name: fluxerr, datatype: float64}
# - {name: zp, datatype: float64}
# - {name: zpsys, datatype: string}
# - {name: pwv, datatype: float64}
# - {name: airmass, datatype: float64}
# meta: {SNID: '35440868', alt: 1024.0, c: 0.0020635875407606363, dec: -27.279613, lat: -30.244573, lon: -70.7499537, ra: 57.128906, t0: 62708.390625,
#   x0: 2.5284276901276794e-05, x1: 0.8092871308326721, z: 0.31021103262901306}
# schema: astropy-2.0
time band flux fluxerr zp zpsys pwv airmass
[from data line 132]
63168.1853 lsst_hardware_r 51.30192675029247 93.87000274658203 31.649999618530273 AB 2.321490999732493 1.0740185055432923
63168.2042 lsst_hardware_z -66.21401817446065 64.62999725341797 30.989999771118164 AB 2.2282655325350706 1.0378507370910228
63170.1861 lsst_hardware_z -64.0605120748668 69.37000274658203 30.989999771118164 AB 3.5171317719024837 1.0604950314795192
63170.2034 lsst_hardware_i 3.885330867544491 78.66000366210938 31.34000015258789 AB 3.5419389311604292 1.0309820786378778
63172.107 lsst_hardware_u -4.590357217654613 11.039999961853027 29.040000915527344 AB 7.409350844975215 1.3528942504519565
63181.1385 lsst_hardware_i -41.02065929464713 30.610000610351562 31.239999771118164 AB 3.0992300279777623 1.10266723006734
63181.1568 lsst_hardware_r 2.435461352932369 22.18000030517578 31.479999542236328 AB 2.9101700525598138 1.059013847365927
63183.1336 lsst_hardware_u -3.433396320232522 2.630000114440918 28.389999389648438 AB 5.505555010015649 1.1011110020031298
63183.1524 lsst_hardware_g -10.953658068154633 13.380000114440918 31.40999984741211 AB 5.284546727431847 1.0569093454863694
63186.1189 lsst_hardware_g -6.893022739363916 13.460000038146973 31.3799991607666 AB 6.4663290650214 1.120098573535666
63186.1354 lsst_hardware_r 9.152661553981968 22.270000457763672 31.479999542236328 AB 6.331721201437376 1.0757561152095216
63187.1186 lsst_hardware_i 5.195059123593011 30.670000076293945 31.229999542236328 AB 3.4495847795371906 1.1127692837216743
63187.1359 lsst_hardware_z 18.764578840845076 41.189998626708984 30.940000534057617 AB 2.956211934861056 1.0684781548246338
63189.0994 lsst_hardware_u -0.06002364648080679 2.759999990463257 28.420000076293945 AB 5.195757906298135 1.158216207378015
63189.1162 lsst_hardware_g 16.430381809587608 14.069999694824219 31.420000076293945 AB 4.903453077017075 1.1039462097184838
63191.156 lsst_hardware_r 44.22285442770375 25.760000228881836 31.530000686645508 AB 2.92715141251916 1.0188483858405126
63193.1059 lsst_hardware_r 44.88420016464318 41.7400016784668 31.600000381469727 AB 7.532769637013245 1.1022086749845623
63193.1228 lsst_hardware_y 9.609833988993161 48.099998474121094 30.040000915527344 AB 7.238774310575298 1.0615205939913184
63195.1086 lsst_hardware_z 10.007303095644618 53.31999969482422 30.969999313354492 AB 5.518914451760917 1.0810272663946434
63195.1262 lsst_hardware_r 70.82960253804156 63.380001068115234 31.649999618530273 AB 8.024344731424517 1.0448478908961056
63199.1257 lsst_hardware_z -47.301209351731856 68.87000274658203 30.989999771118164 AB 5.220253674745172 1.0289593314214769
63199.141 lsst_hardware_r -2.626565419052307 101.70999908447266 31.670000076293945 AB 5.140662715348123 1.0124064955060965
63204.0267 lsst_hardware_y 41.973758768504545 69.04000091552734 29.969999313354492 AB 5.690208537043078 1.3083946969517308
63204.0473 lsst_hardware_g 5.397018007248274 13.800000190734863 31.350000381469727 AB 4.161752684555695 1.20293458460999
63206.0284 lsst_hardware_y 16.056508380267882 66.55999755859375 30.0 AB 4.114747687853786 1.267961898573483
63206.049 lsst_hardware_i -33.070766377378945 31.15999984741211 31.239999771118164 AB 3.9055209602104424 1.173328280863363
63208.0295 lsst_hardware_z -60.715320053625355 59.939998626708984 30.959999084472656 AB 4.464195275833661 1.2345672776085839
63208.0502 lsst_hardware_u 1.9446122022214638 2.759999990463257 28.3799991607666 AB 3.3876909588712216 1.1485644885134798
63211.0322 lsst_hardware_y 5.995684910528653 63.400001525878906 30.010000228881836 AB 11.500296160795036 1.1859439520954613
63211.056 lsst_hardware_r -0.5890564620843232 22.260000228881836 31.469999313354492 AB 11.040173857094224 1.1043118688744555
63213.0357 lsst_hardware_y -13.059376185600875 59.81999969482422 30.030000686645508 AB 12.273480998797236 1.1515744979167983
63213.0557 lsst_hardware_z 3.9566892587491074 41.65999984741211 30.950000762939453 AB 12.391235351420056 1.0903938183227786
63216.0361 lsst_hardware_y -50.341863935823675 59.83000183105469 30.030000686645508 AB 11.115176981874924 1.122843611939129
63216.0564 lsst_hardware_u 6.952392269494635 2.8299999237060547 28.5 AB 10.69980395976622 1.0691720549065336
63218.0375 lsst_hardware_y -40.641617844094945 57.47999954223633 30.040000915527344 AB 3.9693323576353303 1.1025923215653695
63218.0576 lsst_hardware_r 6.038371029122721 22.489999771118164 31.489999771118164 AB 4.282880038737373 1.0554164708568372
63220.0412 lsst_hardware_y -8.500270292897593 52.61000061035156 30.040000915527344 AB 5.172715558861583 1.0789603112521988
63220.0631 lsst_hardware_r 21.558569309982552 26.5 31.540000915527344 AB 5.315902923266226 1.0364909428742335
63222.0503 lsst_hardware_z 17.28043902941186 69.26000213623047 31.719999313354492 AB 5.657549280984004 1.0486652976801554
63224.0427 lsst_hardware_y 34.11870798282122 57.41999816894531 30.049999237060547 AB 6.754651900564919 1.0525910033864427
63224.0643 lsst_hardware_i -182.60632986547685 52.61000061035156 31.31999969482422 AB 6.5631081617168565 1.0205688472281942
