data/validation/pwv_sim_epoch_fit_4/35753467.ecsv
# %ECSV 0.9
# ---
# datatype:
# - {name: time, datatype: float64}
# - {name: band, datatype: string}
# - {name: flux, datatype: float64}
# - {name: fluxerr, datatype: float64}
# - {name: zp, datatype: float64}
# - {name: zpsys, datatype: string}
# - {name: pwv, datatype: float64}
# - {name: airmass, datatype: float64}
# meta: {SNID: '35753467', alt: 1024.0, c: 0.043275266885757446, dec: -47.357574, lat: -30.244573, lon: -70.7499537, ra: 68.486839, t0: 61995.1640625,
#   x0: 2.4010812865502863e-05, x1: -0.3672189712524414, z: 0.31735914945602417}
# schema: astropy-2.0
time band flux fluxerr zp zpsys pwv airmass
62026.3035 lsst_hardware_i 2536.591125310597 59.91361981494663 31.25 AB 3.2951048869508965 1.2054526749408803
62026.3199 lsst_hardware_z 2058.9242850659325 62.39608996913834 30.950000762939453 AB 3.1612135683839147 1.1565768108970178
62027.3908 lsst_hardware_r 1373.3036937584466 44.43562035114188 31.520000457763672 AB 1.263996045308157 1.0493222098719603
62041.3901 lsst_hardware_u 5.2577682390691 5.87507249737364 28.90999984741211 AB 4.206986229913517 1.0517465574783793
62044.3849 lsst_hardware_r 630.1486107784281 34.034572824269105 31.489999771118164 AB 4.3851769827495195 1.0534959718317165
62046.3216 lsst_hardware_g 222.81081308089145 82.1662934266638 31.719999313354492 AB 3.4704755728363157 1.06044272952831
62046.3407 lsst_hardware_y 307.214768020878 54.179600964438066 30.049999237060547 AB 3.0410274168195315 1.048630143730873
62048.3736 lsst_hardware_r 452.7530710048191 80.41831409522058 31.649999618530273 AB 8.00478875058892 1.0532616777090684
62048.3864 lsst_hardware_i 1197.6151312089892 73.25882301392298 31.329999923706055 AB 8.603493409467236 1.0632973646040782
62052.3737 lsst_hardware_z 670.9993926464459 56.29868320089292 30.969999313354492 AB 3.0382361366637176 1.0616397891784
62052.3854 lsst_hardware_r 654.287134724441 60.98679166615783 31.6299991607666 AB 3.0781485995057616 1.074147469875222
62055.3651 lsst_hardware_r 573.909528530727 38.97475344002022 31.56999969482422 AB 5.877317973660414 1.0612708511485038
62055.3768 lsst_hardware_z 654.8672842959946 54.02714281456543 30.969999313354492 AB 6.367612021742199 1.0736454160588225
62064.362 lsst_hardware_r -37.27495973128884 22.360000610351562 31.5 AB 2.742042675063167 1.086961948360224
62064.3737 lsst_hardware_g -0.9280728875189111 26.25 31.610000610351562 AB 2.787835902078027 1.1066866527154824
62065.3573 lsst_hardware_r 2.394115461639467 21.68000030517578 31.469999313354492 AB 3.4734860808316688 1.0840528730815802
62065.3692 lsst_hardware_i 30.714672814568175 35.16999816894531 31.260000228881836 AB 3.561314045217537 1.1034280542889348
62067.3579 lsst_hardware_z -23.50090175267848 42.099998474121094 30.940000534057617 AB 3.900806553163624 1.0933775258797414
62067.3686 lsst_hardware_i 12.10346950317008 37.029998779296875 31.270000457763672 AB 4.000059235383416 1.1126213625839838
62075.3302 lsst_hardware_y -12.603661607140937 49.900001525878906 30.040000915527344 AB 5.926688003623361 1.0843486010167365
62075.3426 lsst_hardware_g -39.84772967612027 39.599998474121094 31.670000076293945 AB 5.613773100891884 1.1047110070630144
62077.3221 lsst_hardware_r 33.19334587584565 80.23999786376953 31.639999389648438 AB 5.186953182762577 1.0806152464088703
62077.3343 lsst_hardware_i 113.51101250635692 64.23999786376953 31.31999969482422 AB 5.37159190569809 1.0996281558603367
62081.3224 lsst_hardware_z 22.775861965805014 49.880001068115234 30.969999313354492 AB 6.345155350301513 1.0979360375431602
62081.334 lsst_hardware_r 40.99875586862796 55.040000915527344 31.6200008392334 AB 5.609713731366087 1.119982776414492
62086.3298 lsst_hardware_r 27.108381575829927 24.549999237060547 31.5 AB 4.198272238909764 1.14130005135514
62086.341 lsst_hardware_z 88.29225054384989 43.18000030517578 30.940000534057617 AB 4.253524894849944 1.1708023382466126
62088.309 lsst_hardware_u 0.008234498726972087 2.549999952316284 28.34000015258789 AB 6.558889891896433 1.1082481970001805
62088.3197 lsst_hardware_g 9.447623528411077 12.970000267028809 31.360000610351562 AB 6.672830232590517 1.1304453058006918
62090.2249 lsst_hardware_g 34.58646594178287 21.729999542236328 32.54999923706055 AB 7.920645158399962 1.047288795239979
62090.2386 lsst_hardware_r -40.81710617636943 30.139999389648438 32.220001220703125 AB 8.02912412403178 1.0461399510137435
62091.3161 lsst_hardware_z -21.28560262294447 42.029998779296875 30.93000030517578 AB 4.331650347018174 1.1411843106153392
62091.3283 lsst_hardware_r 20.360794507590803 21.969999313354492 31.450000762939453 AB 4.44329973231841 1.1735357497044332
62096.2952 lsst_hardware_z -26.711863176575907 41.84000015258789 30.940000534057617 AB 5.0605794581867345 1.1245732129303854
62096.3077 lsst_hardware_r 10.773719288136718 21.84000015258789 31.450000762939453 AB 5.194859699941816 1.1544132666537368
62098.2924 lsst_hardware_u -2.7261481854627925 2.5999999046325684 28.3799991607666 AB 10.535102797013815 1.1304566990142875
62098.3045 lsst_hardware_g 10.774760833284237 12.800000190734863 31.34000015258789 AB 10.694509081887533 1.160428502808977
62100.3068 lsst_hardware_r 13.249562813516643 21.899999618530273 31.450000762939453 AB 6.193352214010046 1.1826145148005605
62100.3192 lsst_hardware_i -7.299339933096422 30.93000030517578 31.209999084472656 AB 6.359091057894052 1.2233726544622083
62107.2477 lsst_hardware_z -147.36432099241915 85.19999694824219 31.729999542236328 AB 6.885485018592994 1.091796473530087
62110.2677 lsst_hardware_r -78.20695835021645 58.529998779296875 31.6200008392334 AB 6.015164340569111 1.1498338869447045
62110.2788 lsst_hardware_z -8.819317159040928 51.93000030517578 30.959999084472656 AB 6.165507817671674 1.1805286860489548
62112.2726 lsst_hardware_r -2.294024117456984 42.95000076293945 31.579999923706055 AB 7.505190030774349 1.178332117035956
62112.2832 lsst_hardware_y -4.057075501657591 50.38999938964844 29.989999771118164 AB 7.7540618730688395 1.2120771998334663
62114.1876 lsst_hardware_u 1.7327107266315773 2.630000114440918 28.440000534057617 AB 10.159294209735855 1.0501647932329805
62114.202 lsst_hardware_g -5.935698580064993 17.1299991607666 31.510000228881836 AB 10.20800273223754 1.0595442755669868
62116.1943 lsst_hardware_r 26.009956580733853 21.450000762939453 31.479999542236328 AB 13.433129121538796 1.0577267024833699
62116.2076 lsst_hardware_i 21.835468488681745 29.860000610351562 31.239999771118164 AB 13.59572669287372 1.0705296608561985
62118.1707 lsst_hardware_i -7.288531433713095 29.780000686645508 31.25 AB 7.963742801958832 1.0478608949945831
62118.1834 lsst_hardware_z -23.091043039862637 40.93000030517578 30.940000534057617 AB 8.009382071349103 1.053866062019619
62120.1912 lsst_hardware_u 3.3430978259561774 2.5299999713897705 28.350000381469727 AB 10.959735026752897 1.0646717628576137
62120.2046 lsst_hardware_g 1.7167684082357704 12.640000343322754 31.360000610351562 AB 11.119496533624478 1.0805045949150465
62124.1778 lsst_hardware_i 3.0489273381147433 29.920000076293945 31.25 AB 4.120729351023992 1.0622946188379536
62124.1882 lsst_hardware_r 1.9709415529302614 21.65999984741211 31.489999771118164 AB 4.071836378482823 1.0734190804436263
62128.1262 lsst_hardware_g -36.05345931621542 18.59000015258789 31.540000915527344 AB 6.5502694062637055 1.0463271285114342
62128.1391 lsst_hardware_r 4.063819931705203 24.360000610351562 31.520000457763672 AB 6.512510822188141 1.0467750256671449
62129.1252 lsst_hardware_i 0.4471454699299327 33.720001220703125 31.270000457763672 AB 6.669414868349355 1.0461416992822798
62129.1395 lsst_hardware_z 40.60377785836576 42.33000183105469 30.959999084472656 AB 6.629777990121484 1.047523777867196
62131.1218 lsst_hardware_i 60.77172464822387 56.54999923706055 32.040000915527344 AB 5.2774362978095954 1.0460207715791279
62131.1362 lsst_hardware_z -106.84108997403007 64.18000030517578 31.709999084472656 AB 5.07611108920174 1.0481877216874171
62133.1243 lsst_hardware_z -54.3874340467191 49.619998931884766 30.969999313354492 AB 7.849245396626529 1.0465660528835372
62133.1383 lsst_hardware_r -2.5668381964310782 55.83000183105469 31.639999389648438 AB 7.551634843787185 1.0514546397336684
62135.1065 lsst_hardware_r 33.56493351073031 74.9800033569336 31.649999618530273 AB 7.793929698326627 1.0464108613870777
62135.1174 lsst_hardware_i -22.47533559582237 60.2599983215332 31.31999969482422 AB 7.8159664255025625 1.0463491315642743
62137.1132 lsst_hardware_z 23.612736489392223 81.55000305175781 31.729999542236328 AB 7.250834001548322 1.0465380176589576
62139.1177 lsst_hardware_g 33.503686251674615 61.63999938964844 31.719999313354492 AB 4.485627610186969 1.0494537311076726
62139.1295 lsst_hardware_r 26.338164027660866 58.15999984741211 31.6299991607666 AB 4.046409650536613 1.056228047647249
62141.1083 lsst_hardware_i -14.648193508260253 29.530000686645508 31.25 AB 10.983365399716671 1.0479977163305878
62141.1203 lsst_hardware_z 36.88544122143566 43.56999969482422 30.950000762939453 AB 10.954489680737616 1.0536878079519327
62143.1037 lsst_hardware_i 11.645982487563375 29.649999618530273 31.239999771118164 AB 9.204536321082088 1.0482830094145705
62143.1174 lsst_hardware_u -1.7132031929085618 2.5799999237060547 28.399999618530273 AB 9.276785354324405 1.055389454316905
62145.095 lsst_hardware_g 11.99980839616215 12.649999618530273 31.3700008392334 AB 6.908076599851462 1.047313007861048
62145.1075 lsst_hardware_r -33.0309509593823 21.440000534057617 31.479999542236328 AB 6.942635133219326 1.052552324623914
62147.0968 lsst_hardware_i 28.507087397829075 29.649999618530273 31.239999771118164 AB 5.994210456895763 1.04986609280949
62147.1103 lsst_hardware_r -6.566387817842596 21.450000762939453 31.469999313354492 AB 5.966958638264613 1.05825283998663
62149.0756 lsst_hardware_z 29.03646646188828 40.619998931884766 30.950000762939453 AB 2.325089557465025 1.0460418659160926
62149.0914 lsst_hardware_u -3.2868089108985865 3.7200000286102295 29.200000762939453 AB 3.5094462289156705 1.0498941650126656
62151.0765 lsst_hardware_g 1.5619492737486476 12.739999771118164 31.389999389648438 AB 6.227828605251713 1.0468258360720617
62151.0893 lsst_hardware_r 18.590992902227814 21.479999542236328 31.479999542236328 AB 5.69453924415819 1.0515422163560557
62153.0758 lsst_hardware_i 0.5951051927392959 29.770000457763672 31.25 AB 2.923381334182916 1.0480886740818989
62153.089 lsst_hardware_z -18.527413737717755 40.9900016784668 30.950000762939453 AB 2.1077098657097277 1.054645917292813
62155.0775 lsst_hardware_i -17.691957361893543 29.899999618530273 31.25 AB 3.7870595650009413 1.0510850860396728
62155.0923 lsst_hardware_u 2.028357177512287 2.6600000858306885 28.459999084472656 AB 4.117138233886894 1.0615284862413013
62157.071 lsst_hardware_g -33.15545095184539 16.760000228881836 31.489999771118164 AB 12.56217965232199 1.0505690698157635
62157.0839 lsst_hardware_r 5.6906431854621005 23.40999984741211 31.5 AB 13.330590272917576 1.058991918725578
62159.0665 lsst_hardware_i -17.46640251415437 34.43000030517578 31.270000457763672 AB 7.8013969214920955 1.0510470759841153
62159.0783 lsst_hardware_r -32.676213492341425 31.530000686645508 31.56999969482422 AB 7.605396194390949 1.0588786904825376
62161.0743 lsst_hardware_z -8.490918739063913 65.0999984741211 31.709999084472656 AB 7.392565026798305 1.0601065991273964
