data/validation/pwv_sim_epoch_fit_4/35790269.ecsv
# %ECSV 0.9
# ---
# datatype:
# - {name: time, datatype: float64}
# - {name: band, datatype: string}
# - {name: flux, datatype: float64}
# - {name: fluxerr, datatype: float64}
# - {name: zp, datatype: float64}
# - {name: zpsys, datatype: string}
# - {name: pwv, datatype: float64}
# - {name: airmass, datatype: float64}
# meta: {SNID: '35790269', alt: 1024.0, c: -0.01612795889377594, dec: -32.089951, lat: -30.244573, lon: -70.7499537, ra: 15.996094, t0: 63175.70703125,
#   x0: 2.484372773942977e-06, x1: 0.1177748516201973, z: 0.8160101771354675}
# schema: astropy-2.0
time band flux fluxerr zp zpsys pwv airmass
63044.3811 lsst_hardware_g 9.128737890964667 13.859999656677246 31.3700008392334 AB 8.27646578930986 1.1498950975642093
63044.4057 lsst_hardware_i 54.433036992183276 30.709999084472656 31.239999771118164 AB 7.75439582595484 1.0790476124989419
63046.3641 lsst_hardware_z -73.37532728203517 61.15999984741211 31.68000030517578 AB 2.5746664369318477 1.19363302593056
63046.3854 lsst_hardware_r 1.4763459661577363 32.34000015258789 32.22999954223633 AB 2.6107783543424943 1.1184256837109072
63048.3632 lsst_hardware_r -17.539016286780846 22.989999771118164 31.469999313354492 AB 10.140176151239345 1.175445458026185
63048.381 lsst_hardware_y 40.89000112894479 47.70000076293945 30.030000686645508 AB 10.818280242601487 1.115286622948607
63051.3675 lsst_hardware_z -97.32492998715223 57.599998474121094 30.969999313354492 AB 8.370050890256863 1.1315466932888183
63051.3869 lsst_hardware_r -62.405291570151306 76.5199966430664 31.649999618530273 AB 6.803504744608053 1.0783238711868393
63061.3898 lsst_hardware_u -1.8787728809406026 3.0199999809265137 28.559999465942383 AB 6.111559971357016 1.0251715124309344
63061.4111 lsst_hardware_r -6.2046084797301715 23.399999618530273 31.520000457763672 AB 5.943730077003123 1.0060051753062451
63063.3223 lsst_hardware_g 7.918213081059378 13.5600004196167 31.350000381469727 AB 3.3361437040570237 1.1752502480238458
63063.3418 lsst_hardware_i 4.79281745267204 30.920000076293945 31.239999771118164 AB 1.577895903598456 1.110216994616328
63066.3764 lsst_hardware_z -45.649842927620334 40.63999938964844 30.950000762939453 AB 2.9037793055835266 1.0248632843235976
63066.3967 lsst_hardware_r 15.492729129502107 22.139999389648438 31.510000228881836 AB 2.8423647111228862 1.0064436864406796
63068.3725 lsst_hardware_u 0.4562339750246844 2.700000047683716 28.479999542236328 AB 4.199707911863207 1.022988286423321
63068.3911 lsst_hardware_g -6.500582594223313 13.430000305175781 31.420000076293945 AB 5.750039253506399 1.0065273735952736
63070.2664 lsst_hardware_u -0.11917300572302819 2.490000009536743 28.170000076293945 AB 7.027840050658094 1.3632173898858324
63070.2853 lsst_hardware_g -8.478956272056967 13.720000267028809 31.350000381469727 AB 6.463424356416858 1.2541003828381045
63078.396 lsst_hardware_r 16.14088540729102 31.1200008392334 32.25 AB 4.553633414436945 1.0024509442899163
63078.4322 lsst_hardware_i 10.765119999976058 47.52000045776367 32.02000045776367 AB 3.6190496630540188 1.0348519267180152
63080.2561 lsst_hardware_z -138.77587152754103 89.7699966430664 31.709999084472656 AB 1.9047870113915066 1.263749883159069
63082.2631 lsst_hardware_i 29.380238971806396 77.80999755859375 31.309999465942383 AB 1.2038667142499009 1.2050717860359368
63082.2814 lsst_hardware_z 34.1396118786464 67.69000244140625 30.979999542236328 AB 1.1453760554502583 1.1362857692958912
63086.269 lsst_hardware_z 163.71283502502328 50.15999984741211 30.959999084472656 AB 3.5139499028710754 1.1411707080851101
63086.289 lsst_hardware_i -36.547947977407944 45.88999938964844 31.299999237060547 AB 3.3401110904478735 1.0838944559175336
63089.2638 lsst_hardware_z 45.11075833694056 42.36000061035156 30.940000534057617 AB 7.588381340494106 1.1314121575211131
63089.2825 lsst_hardware_r 21.604631148554713 24.290000915527344 31.510000228881836 AB 7.330099188189402 1.0798614007350327
63096.2593 lsst_hardware_r -13.268672689539377 22.540000915527344 31.489999771118164 AB 3.2530284970944403 1.0898222162855826
63096.2772 lsst_hardware_i -26.163312371705857 30.280000686645508 31.260000228881836 AB 3.1507469352816275 1.0511249158570901
63107.2636 lsst_hardware_z -8.635817648148418 69.23999786376953 31.719999313354492 AB 6.1641799057045485 1.0259384031685794
63111.1714 lsst_hardware_r -14.191337431204364 163.7899932861328 32.349998474121094 AB 3.195627647878176 1.2640932151416835
63111.1803 lsst_hardware_i 12.022846278276074 126.9800033569336 32.04999923706055 AB 3.085114973396909 1.2210620297754844
63112.1862 lsst_hardware_z -69.17168014951852 101.63999938964844 31.719999313354492 AB 1.545103271351543 1.184365330962537
63117.1727 lsst_hardware_i -2.232713479714552 31.469999313354492 31.229999542236328 AB 3.0461205201460193 1.1837639250543162
63117.191 lsst_hardware_z 24.240186863183748 42.130001068115234 30.940000534057617 AB 2.8747781008908597 1.1201161507464874
63122.1683 lsst_hardware_g 6.837644450759743 13.90999984741211 31.3799991607666 AB 2.510637890655438 1.1493840488274552
63122.1851 lsst_hardware_r 21.414517895376548 22.84000015258789 31.489999771118164 AB 2.3339387216133143 1.0981518451756498
63124.1668 lsst_hardware_i -55.03774732221045 31.3799991607666 31.239999771118164 AB 1.165892898374622 1.1360710337389737
63124.1832 lsst_hardware_r -7.435683856085239 22.959999084472656 31.5 AB 1.1179949267446094 1.0889560974779668
63126.1672 lsst_hardware_u -0.6138265917363535 2.7699999809265137 28.479999542236328 AB 0.8981563922689143 1.1178050930538874
63126.1861 lsst_hardware_g 22.42723317477626 13.989999771118164 31.420000076293945 AB 0.8584905878243239 1.069437044938291
63131.1819 lsst_hardware_r -19.807610651563056 22.670000076293945 31.5 AB 2.3303636729115764 1.0506599066328117
63131.2087 lsst_hardware_u -2.8505330956058486 2.680000066757202 28.450000762939453 AB 2.0513938882127474 1.0144116148902473
63133.1814 lsst_hardware_z 20.812591791598482 42.58000183105469 30.950000762939453 AB 4.024657135199302 1.0421173317448613
63133.2014 lsst_hardware_i -55.53513706159637 32.689998626708984 31.270000457763672 AB 3.9223457142249774 1.016151739436359
63137.0897 lsst_hardware_z 90.2792475533366 62.2400016784668 30.950000762939453 AB 6.086653849754823 1.3239051331712206
63137.1107 lsst_hardware_r -76.36857440477678 77.33999633789062 31.610000610351562 AB 5.571303278865794 1.2148502570574942
63141.1571 lsst_hardware_z -121.37592407114302 95.30893170090398 31.739999771118164 AB 4.5902925123660605 1.046240387251257
63143.0851 lsst_hardware_z 46.35690733009547 50.60615824706056 30.940000534057617 AB 2.643120326187179 1.2586287267557996
63143.1045 lsst_hardware_r 3.8554104488727567 46.64581423944915 31.59000015258789 AB 2.463095705055083 1.1729027166928965
63145.1069 lsst_hardware_r -6.647201222011971 23.33865320188862 31.479999542236328 AB 3.9053679687121323 1.144597880630754
63145.128 lsst_hardware_i 8.469780449337103 31.063157794635337 31.239999771118164 AB 4.679677993679875 1.0836977927816915
63147.1108 lsst_hardware_z -16.21098616684524 42.47379105905789 30.940000534057617 AB 10.752047376248358 1.1150395246422533
63147.1309 lsst_hardware_i -14.757453010630606 31.216069234173286 31.25 AB 5.277807853443166 1.0648971692053333
63149.1085 lsst_hardware_u -4.0942807928918015 2.6983139602594974 28.3700008392334 AB 3.5137667589238926 1.106001497930089
63149.1275 lsst_hardware_g 1.680178622410346 14.252901286859004 31.40999984741211 AB 3.2913016508768185 1.0606837418229098
63151.1064 lsst_hardware_u -1.867568059874719 2.7995713735186314 28.399999618530273 AB 6.332315224791588 1.096884674309993
63151.1256 lsst_hardware_g 13.787842206217482 14.653112118374384 31.40999984741211 AB 6.3748422526889055 1.0537800235868924
63153.1059 lsst_hardware_r 105.03078743353885 24.731330894397164 31.479999542236328 AB 7.830876659982631 1.0843211049674206
63153.1252 lsst_hardware_i 277.6027967684869 33.5723710787841 31.25 AB 8.706041488758093 1.044766769321744
63155.1069 lsst_hardware_z 281.17791642179463 43.58597900896077 30.940000534057617 AB 8.260686299081918 1.0694829491302327
63155.1265 lsst_hardware_r 186.77893399553926 25.639476319056087 31.489999771118164 AB 8.082199984980953 1.0341355208165255
63159.1092 lsst_hardware_i 438.55567005483874 37.36085441367885 31.25 AB 3.418980908963386 1.044123044422984
63159.1288 lsst_hardware_z 306.59246166445615 44.22029829547292 30.950000762939453 AB 3.421042705724095 1.0177635974982433
63161.1083 lsst_hardware_r 392.6101875773739 32.22883358308129 31.530000686645508 AB 4.551895082934692 1.0368387873507787
63161.126 lsst_hardware_z 391.84534922035556 45.30623655228917 30.950000762939453 AB 3.821519684486564 1.0151466820258332
63166.0145 lsst_hardware_y 255.98039684441898 58.620170342326986 29.959999084472656 AB 5.561690355255629 1.3005745627692638
63166.0334 lsst_hardware_z 524.4826454116172 66.48385344748452 30.959999084472656 AB 5.162823728104561 1.2066196267845892
63168.0143 lsst_hardware_y 270.2108514522849 63.85579301184238 29.989999771118164 AB 3.9912186162381023 1.271763765131631
63168.0327 lsst_hardware_z 535.1569875824995 78.09072575605934 30.979999542236328 AB 3.7601064001500584 1.1867774014150632
63170.0151 lsst_hardware_y 293.2408134083959 57.97414840786738 29.979999542236328 AB 5.758451222024559 1.2402436403240489
63170.0335 lsst_hardware_i 948.3789900355594 74.88790108176606 31.309999465942383 AB 5.424691275504209 1.1627245258823726
63172.0165 lsst_hardware_y 237.6202107355903 52.0279156359997 29.989999771118164 AB 10.498944394840015 1.2088594582429493
63172.0362 lsst_hardware_r 591.017132343131 32.61673797123691 31.459999084472656 AB 9.83799400009494 1.1345858609266448
63181.0201 lsst_hardware_y 251.76181821131954 52.617763297539256 30.030000686645508 AB 7.280200309514329 1.1088850999469977
63181.0386 lsst_hardware_g 57.52203079466809 15.132895687654077 31.399999618530273 AB 7.6814418080731075 1.0637888251226462
63183.02 lsst_hardware_z 592.2138470483001 51.03389882864198 30.950000762939453 AB 5.884598804706248 1.0943340202156424
63183.0378 lsst_hardware_i 847.6858143933008 41.13489641034332 31.25 AB 5.224130841126003 1.0545810428717644
63186.0217 lsst_hardware_y 145.8418308630534 54.474274159611916 30.049999237060547 AB 6.933631849715488 1.0706933753261165
63186.0408 lsst_hardware_r 322.81350293813944 28.573965747165747 31.5 AB 6.811834707036704 1.035692321627292
63187.0213 lsst_hardware_y 223.71796236718282 53.545703338695944 30.040000915527344 AB 3.7299384149593244 1.0656966899883784
63187.0386 lsst_hardware_r 285.9340583638645 28.248942750057132 31.489999771118164 AB 3.6221689657054603 1.0349054187729887
63189.0212 lsst_hardware_y 281.29532993576 58.48799269503641 30.059999465942383 AB 5.952260302634013 1.054991191533701
63189.0374 lsst_hardware_z 556.5052142771402 46.30738355228225 30.950000762939453 AB 5.873815182823537 1.0289294376079159
