data/validation/pwv_sim_epoch_fit_4/35832271.ecsv
# %ECSV 0.9
# ---
# datatype:
# - {name: time, datatype: float64}
# - {name: band, datatype: string}
# - {name: flux, datatype: float64}
# - {name: fluxerr, datatype: float64}
# - {name: zp, datatype: float64}
# - {name: zpsys, datatype: string}
# - {name: pwv, datatype: float64}
# - {name: airmass, datatype: float64}
# meta: {SNID: '35832271', alt: 1024.0, c: 0.007221064064651728, dec: -43.804489, lat: -30.244573, lon: -70.7499537, ra: 11.890244, t0: 61231.59765625,
#   x0: 3.0780102619424972e-06, x1: -1.1486412286758423, z: 0.7482458353042603}
# schema: astropy-2.0
time band flux fluxerr zp zpsys pwv airmass
[from data line 132]
61688.2594 lsst_hardware_i 28.18012596829461 46.2400016784668 31.290000915527344 AB 3.5847097016838427 1.1183578520228294
61689.2428 lsst_hardware_z -27.433860973814227 54.0099983215332 30.969999313354492 AB 3.9191628284988207 1.0886563412496724
61689.2548 lsst_hardware_r -51.858413420093584 62.27000045776367 31.6200008392334 AB 4.686955991879864 1.1139527015757253
61692.238 lsst_hardware_y -15.941600700812979 79.31999969482422 30.790000915527344 AB 6.900374617124429 1.095297558273719
61694.2373 lsst_hardware_r -163.78579065485113 90.5999984741211 31.639999389648438 AB 7.917741085710034 1.1052894654443188
61694.2485 lsst_hardware_i -81.69858021968874 71.77999877929688 31.31999969482422 AB 8.079920655102825 1.1320379201545607
61696.2365 lsst_hardware_z 198.1707845651258 52.220001220703125 30.969999313354492 AB 5.592752989292084 1.1158539508105092
61696.2476 lsst_hardware_r -87.27321504088086 62.5 31.6200008392334 AB 5.729196614504405 1.1443135714722514
61698.2369 lsst_hardware_z 1.2790546075702065 47.040000915527344 30.950000762939453 AB 1.2485870377898451 1.1302839811013536
61698.2476 lsst_hardware_r -29.339095882048042 45.040000915527344 31.59000015258789 AB 1.2978031855600818 1.160133956102576
61700.225 lsst_hardware_g 21.287637066689573 18.809999465942383 31.520000457763672 AB 2.67480265938428 1.1145011080767835
61700.2365 lsst_hardware_i 7.2336374920322175 33.81999969482422 31.25 AB 2.8457260526086716 1.1438188789586723
61705.2198 lsst_hardware_u -4.477200811757871 2.619999885559082 28.3700008392334 AB 3.619555903620204 1.1355469501556898
61705.23 lsst_hardware_g -20.198740640869733 13.3100004196167 31.360000610351562 AB 3.4977236720721843 1.1647431475431849
61707.2202 lsst_hardware_r 16.457519752021096 22.43000030517578 31.459999084472656 AB 3.7826801368747263 1.1517929876299597
61707.2309 lsst_hardware_i 38.33861890292622 31.34000015258789 31.219999313354492 AB 3.8593076152435697 1.1852303675826084
61709.2179 lsst_hardware_z -47.22126472680845 42.459999084472656 30.940000534057617 AB 4.43190944902691 1.161148277112822
61709.2295 lsst_hardware_r 7.843605672371976 22.540000915527344 31.459999084472656 AB 4.584895236990451 1.199292502482494
61711.2093 lsst_hardware_r -23.46929693402332 22.3700008392334 31.450000762939453 AB 5.0269955545993215 1.1518578345876889
61711.2199 lsst_hardware_u 1.372242657593705 2.5 28.239999771118164 AB 5.214160394126466 1.1849691254193435
61720.1741 lsst_hardware_z 18.060743930659136 80.79000091552734 31.719999313354492 AB 0.8127853796651289 1.123407573828307
61722.0949 lsst_hardware_z 124.39452260759312 59.900001525878906 30.979999542236328 AB 3.521265455177751 1.0290330823888418
61722.1034 lsst_hardware_r -0.8250376560671693 84.56999969482422 31.65999984741211 AB 3.661782020029642 1.0319481515316644
61724.1573 lsst_hardware_i -119.14219947543418 60.459999084472656 31.309999465942383 AB 4.636960119773644 1.1095418033356674
61724.1688 lsst_hardware_r -3.4732903815627876 77.16000366210938 31.6200008392334 AB 4.312649521819686 1.1379022485009256
61726.1525 lsst_hardware_u -3.4235350698481923 11.90999984741211 29.260000228881836 AB 3.003137160907657 1.1110385352968228
61726.1646 lsst_hardware_g 63.5778258849731 57.31999969482422 31.670000076293945 AB 3.1235215651589407 1.1413251357118095
61728.076 lsst_hardware_g -14.930953447723514 13.220000267028809 31.399999618530273 AB 4.846296272459035 1.028537286786962
61728.0875 lsst_hardware_r 20.285341169663553 21.959999084472656 31.489999771118164 AB 4.644778051773505 1.0321729003941122
61729.0731 lsst_hardware_i 12.215164679878066 29.670000076293945 31.239999771118164 AB 6.72002730046462 1.0285100134631138
61729.0863 lsst_hardware_z -37.834765608655836 40.560001373291016 30.950000762939453 AB 5.971664641262827 1.032921697635369
61731.0756 lsst_hardware_i 27.248452947153947 29.690000534057617 31.239999771118164 AB 4.484737952269004 1.0306188560884761
61731.0874 lsst_hardware_u 1.828182711318041 2.509999990463257 28.31999969482422 AB 3.9636852830273575 1.0368449098907506
61734.0622 lsst_hardware_u -2.302801939095267 2.609999895095825 28.420000076293945 AB 5.344550053915007 1.0290514191480429
61734.0742 lsst_hardware_g 11.377635728980973 13.270000457763672 31.40999984741211 AB 5.322072717626869 1.033746724045403
61736.0641 lsst_hardware_r -6.299003009104505 21.84000015258789 31.479999542236328 AB 3.786900967293127 1.031478382229833
61736.077 lsst_hardware_i -41.07872160531394 29.93000030517578 31.25 AB 3.7467512222115 1.039224636338249
61740.1014 lsst_hardware_g 3.3970638755900437 13.25 31.3799991607666 AB 9.624650312712545 1.08467133501644
61740.1151 lsst_hardware_r -40.53520317061346 22.31999969482422 31.469999313354492 AB 9.884012344127397 1.1129391221852716
61742.1015 lsst_hardware_i 96.11314257382914 30.959999084472656 31.25 AB 7.172656646340267 1.0953635543998912
61742.1122 lsst_hardware_z -37.53607630900164 42.189998626708984 30.940000534057617 AB 7.333484129427901 1.118965100036227
