data/validation/pwv_sim_epoch_fit_4/3589587.ecsv
# %ECSV 0.9
# ---
# datatype:
# - {name: time, datatype: float64}
# - {name: band, datatype: string}
# - {name: flux, datatype: float64}
# - {name: fluxerr, datatype: float64}
# - {name: zp, datatype: float64}
# - {name: zpsys, datatype: string}
# - {name: pwv, datatype: float64}
# - {name: airmass, datatype: float64}
# meta: {SNID: '3589587', alt: 1024.0, c: 0.011060111224651337, dec: 0.74606, lat: -30.244573, lon: -70.7499537, ra: 84.726562, t0: 62025.6015625,
#   x0: 2.596252218229427e-05, x1: 1.1205809116363525, z: 0.3066657781600952}
# schema: astropy-2.0
time band flux fluxerr zp zpsys pwv airmass
[from data line 131]
62459.2585 lsst_hardware_i -18.952161252561766 70.33000183105469 31.299999237060547 AB 6.164440905228523 1.169945132895905
62459.2792 lsst_hardware_z -21.317264164132034 64.25 30.959999084472656 AB 6.248405718394275 1.168581581895184
62464.2632 lsst_hardware_r -80.19991033405552 102.94999694824219 31.6299991607666 AB 10.213704696037533 1.1677253844556628
62464.2827 lsst_hardware_i -36.03376310715143 85.98999786376953 31.309999465942383 AB 10.274939739384806 1.1827836047063904
62467.2178 lsst_hardware_z -14.338552939658337 50.9900016784668 30.950000762939453 AB 4.486322834789017 1.1889285576172832
62467.2365 lsst_hardware_i 81.50329153512357 46.61000061035156 31.280000686645508 AB 4.425537924957009 1.17002919428678
62472.2593 lsst_hardware_u 3.2445166843397932 2.7100000381469727 28.389999389648438 AB 8.13039090169796 1.1808989556927039
62472.2779 lsst_hardware_g -36.018229737101855 14.539999961853027 31.389999389648438 AB 8.3403229021063 1.2115225133189151
62478.2232 lsst_hardware_r -36.13425304414836 23.790000915527344 31.479999542236328 AB 5.91559663501975 1.1672447977547749
62478.242 lsst_hardware_g 3.718779130559992 14.59000015258789 31.399999618530273 AB 6.106868354510937 1.179843190593586
62480.2248 lsst_hardware_r 7.585667475290433 24.079999923706055 31.489999771118164 AB 10.980087888584345 1.1700029717182099
62480.2429 lsst_hardware_i 41.30865272874638 32.40999984741211 31.239999771118164 AB 11.12834828544044 1.1879953332972686
62484.2221 lsst_hardware_z -60.25926565548781 43.16999816894531 30.940000534057617 AB 9.13656799046312 1.1761928432716273
62484.2409 lsst_hardware_g -5.592865980410752 14.550000190734863 31.389999389648438 AB 9.398383653947851 1.2029289514946582
62486.2235 lsst_hardware_r 19.972550293807426 49.369998931884766 31.59000015258789 AB 12.29729415923786 1.1838706886968005
62486.2419 lsst_hardware_i 13.09511999894926 44.77000045776367 31.270000457763672 AB 12.631024022354158 1.2164238094592492
62488.152 lsst_hardware_i -3.9733313892505 73.81999969482422 31.299999237060547 AB 3.6318616269032646 1.2032672424858968
62488.1709 lsst_hardware_z 92.5316053572946 66.69999694824219 30.969999313354492 AB 3.931664580877657 1.1762646464854623
62490.1515 lsst_hardware_r 96.3997950494843 142.05999755859375 31.6200008392334 AB 3.6438122447491663 1.1943988346304337
62490.1706 lsst_hardware_z -86.211380546536 94.62999725341797 30.979999542236328 AB 4.536635586430686 1.1719796567817318
62494.1634 lsst_hardware_z 7.83830497254417 60.5099983215332 30.969999313354492 AB 7.327748544892871 1.1696793239782706
62494.1842 lsst_hardware_i -58.99924878857528 63.56999969482422 31.299999237060547 AB 7.683536810589451 1.168806147187882
62496.1617 lsst_hardware_u 11.866870590926352 6.900000095367432 28.979999542236328 AB 8.085624075659942 1.1680208126630467
62496.1831 lsst_hardware_g 22.941605991359992 44.13999938964844 31.649999618530273 AB 8.312750177799698 1.1711947838913772
62498.1684 lsst_hardware_r -8.53665094930806 23.75 31.479999542236328 AB 7.131062666578354 1.1671929618622792
62498.1898 lsst_hardware_i -44.21106306226638 34.470001220703125 31.25 AB 7.217307617894016 1.1826804781473192
62500.1269 lsst_hardware_i 6.458116062938534 31.829999923706055 31.219999313354492 AB 9.309810730949858 1.1901070475903175
62500.1465 lsst_hardware_z -100.6468083825607 42.970001220703125 30.93000030517578 AB 9.211071076791667 1.1699569511992465
62502.1309 lsst_hardware_r 10.41062727027868 23.700000762939453 31.469999313354492 AB 8.206084900574483 1.1780289537994462
62502.1528 lsst_hardware_g -2.3865530721813535 14.380000114440918 31.389999389648438 AB 8.127876410443358 1.166691151636035
62504.1301 lsst_hardware_r 20.482977159772357 23.739999771118164 31.479999542236328 AB 4.512888683356437 1.1737031686232613
62504.1515 lsst_hardware_i 5.669223791964394 31.799999237060547 31.229999542236328 AB 4.4923980172826585 1.1670839818880714
62506.1286 lsst_hardware_z 39.182530243499244 43.18000030517578 30.93000030517578 AB 13.235572718014634 1.170849257404483
62506.1493 lsst_hardware_i -22.45375770402814 31.8799991607666 31.229999542236328 AB 13.254275750983588 1.1679576807863399
62508.1233 lsst_hardware_u 1.2612361765958415 2.700000047683716 28.3700008392334 AB 10.297612203271322 1.1707486232863966
62508.1433 lsst_hardware_g -3.4509637940026905 14.449999809265137 31.399999618530273 AB 9.333077943151629 1.1677781923739865
62511.1245 lsst_hardware_r 9.094541042636179 24.729999542236328 31.5 AB 9.893226992032858 1.1670211141907272
62511.1435 lsst_hardware_i -21.35331481029932 31.59000015258789 31.229999542236328 AB 9.703159658414547 1.1721151187937846
62513.1256 lsst_hardware_z 105.77942203861606 92.30000305175781 32.45000076293945 AB 8.054885231122666 1.1668673375521819
62515.0818 lsst_hardware_r -73.14992896436428 60.709999084472656 31.600000381469727 AB 7.911319180135069 1.196826017190737
62515.1003 lsst_hardware_z -73.29054932944258 54.95000076293945 30.959999084472656 AB 8.108944081763862 1.1735085501829035
62516.0819 lsst_hardware_r 39.348447346344294 73.87000274658203 31.610000610351562 AB 7.1313465998382055 1.1921341691471423
62516.1008 lsst_hardware_i -79.385323253665 62.95000076293945 31.299999237060547 AB 6.328465766571524 1.1711609456511618
62524.0857 lsst_hardware_z -94.39133298390334 68.38999938964844 31.700000762939453 AB 9.765600057050062 1.1678545870664987
62526.0787 lsst_hardware_g -21.150418461951478 14.029999732971191 31.3700008392334 AB 8.21408302141861 1.168419011830369
62526.0996 lsst_hardware_r -8.785932566103574 23.260000228881836 31.469999313354492 AB 9.312425059865626 1.1702089189841094
62528.0709 lsst_hardware_i -10.431885362585062 31.59000015258789 31.229999542236328 AB 13.332190341590064 1.1694903808412336
62528.0882 lsst_hardware_z -1.2568183382578018 42.86000061035156 30.940000534057617 AB 13.303078187610495 1.1676195015456843
62530.07 lsst_hardware_i 4.372384892052012 31.709999084472656 31.229999542236328 AB 14.71844939945103 1.1676366669757006
62530.0889 lsst_hardware_u 0.07979131284732825 2.5899999141693115 28.290000915527344 AB 13.318424690638249 1.170336088808282
62532.0693 lsst_hardware_g -7.297996704001181 14.149999618530273 31.3799991607666 AB 10.610937755978334 1.1667422899530853
62532.088 lsst_hardware_r -8.443856043439231 23.479999542236328 31.469999313354492 AB 10.436278060395665 1.1735055306435387
62538.0346 lsst_hardware_y -35.20145297529655 53.41999816894531 30.010000228881836 AB 6.1371312091393 1.1760335746170754
62538.0532 lsst_hardware_r 26.0783145883765 23.309999465942383 31.469999313354492 AB 5.53337072730887 1.166721407220019
62540.0329 lsst_hardware_y 6.296128130127367 53.709999084472656 30.010000228881836 AB 7.90777107256761 1.1728247790237465
62540.0515 lsst_hardware_z 16.10516390637583 43.310001373291016 30.940000534057617 AB 11.644890071280395 1.1668129095061195
62542.0291 lsst_hardware_y 73.15168279805502 58.81999969482422 30.010000228881836 AB 2.9290585855442646 1.1716234342177059
62542.0482 lsst_hardware_z -29.537885107575658 45.849998474121094 30.940000534057617 AB 3.0346262639774024 1.1671639476836162
62544.0272 lsst_hardware_y 11.784316345658947 60.91999816894531 30.010000228881836 AB 3.1459319814031343 1.1694914429007932
62544.0434 lsst_hardware_r -27.115256461857026 58.849998474121094 31.610000610351562 AB 2.422566750415944 1.1673145279871817
62545.0263 lsst_hardware_y -94.81584363262738 64.47000122070312 30.020000457763672 AB 3.9129595822887175 1.1686290439886888
62545.0407 lsst_hardware_r -119.83929295717633 72.0 31.610000610351562 AB 3.8852359389173707 1.1673217643216711
62547.0333 lsst_hardware_z -16.913887767273412 102.37999725341797 31.729999542236328 AB 2.555777944584245 1.166933084811327
62551.0227 lsst_hardware_y -43.82895007399303 61.61000061035156 30.030000686645508 AB 7.239781621298901 1.1669851900113748
62551.0396 lsst_hardware_r 24.109944327179523 79.20999908447266 31.6299991607666 AB 7.21310018385872 1.1765924775888947
