data/validation/pwv_sim_epoch_fit_4/36047282.ecsv
# %ECSV 0.9
# ---
# datatype:
# - {name: time, datatype: float64}
# - {name: band, datatype: string}
# - {name: flux, datatype: float64}
# - {name: fluxerr, datatype: float64}
# - {name: zp, datatype: float64}
# - {name: zpsys, datatype: string}
# - {name: pwv, datatype: float64}
# - {name: airmass, datatype: float64}
# meta: {SNID: '36047282', alt: 1024.0, c: 0.013680932112038136, dec: -8.536388, lat: -30.244573, lon: -70.7499537, ra: 156.445312, t0: 60705.51171875,
#   x0: 3.148731418022737e-06, x1: 1.2557204961776733, z: 0.7409757971763611}
# schema: astropy-2.0
time band flux fluxerr zp zpsys pwv airmass
[from data line 133]
61076.2357 lsst_hardware_z -22.580679836898263 70.75 30.989999771118164 AB 5.802475895838199 1.0833599506792857
61078.2171 lsst_hardware_i -25.051961704466255 49.58000183105469 31.299999237060547 AB 6.44588924952171 1.0974528389412974
61078.2344 lsst_hardware_z -31.30190997665299 51.16999816894531 30.959999084472656 AB 6.362708791296934 1.0803784454319043
61082.1945 lsst_hardware_i 5.916433208094198 32.130001068115234 31.25 AB 3.0138628149194573 1.1162454870072063
61082.2116 lsst_hardware_r 21.06094641929296 25.15999984741211 31.520000457763672 AB 4.044356923345107 1.0907601717117201
61084.1955 lsst_hardware_u 1.7358380901020836 2.680000066757202 28.3700008392334 AB 4.441639792484885 1.1050916943421996
61084.2121 lsst_hardware_g -6.417196125120571 14.789999961853027 31.43000030517578 AB 5.371701358722416 1.0848269320880004
61086.1927 lsst_hardware_r -5.985809675134679 24.059999465942383 31.5 AB 4.256273832112825 1.1010452268981896
61086.2102 lsst_hardware_i 38.633770562519416 31.6299991607666 31.25 AB 3.440961919138124 1.0819784353865256
61088.2334 lsst_hardware_z 12.441836545495372 41.93000030517578 30.950000762939453 AB 4.98568941994296 1.0774045207872416
61088.251 lsst_hardware_r -5.617121372607761 23.81999969482422 31.5 AB 4.84383032428046 1.0907480557584073
61090.2327 lsst_hardware_u 1.5867995830985695 2.890000104904175 28.530000686645508 AB 2.815975185398519 1.0797795885854682
61090.2506 lsst_hardware_g 1.678083137677218 15.1899995803833 31.450000762939453 AB 2.769531185286944 1.0969526429495768
61092.2356 lsst_hardware_r -3.783275124800103 24.1200008392334 31.510000228881836 AB 6.005073716171258 1.0861539617763976
61092.2526 lsst_hardware_z 21.852287127776474 42.61000061035156 30.950000762939453 AB 5.751178414928462 1.1081268622212834
61094.1655 lsst_hardware_i 1.650342118401756 31.540000915527344 31.239999771118164 AB 8.574031588086772 1.1095120297740964
61094.1842 lsst_hardware_r -1.259988767454339 23.75 31.489999771118164 AB 12.045956106131138 1.085351643392402
61096.1917 lsst_hardware_z 2.636865688315657 42.119998931884766 30.940000534057617 AB 10.047938064031916 1.0771225882008808
61096.2088 lsst_hardware_g -23.051430641116827 15.010000228881836 31.440000534057617 AB 9.203534727653627 1.07643681025187
61099.1681 lsst_hardware_z 32.13925798849168 57.04999923706055 30.969999313354492 AB 6.616196052056416 1.0876683694044385
61099.1862 lsst_hardware_r 13.396272414107836 69.27999877929688 31.639999389648438 AB 6.570069801552583 1.076251963942816
61101.1731 lsst_hardware_z 101.06912696336643 122.41999816894531 31.739999771118164 AB 4.184286931079739 1.0794677668054793
61103.196 lsst_hardware_r 158.40481373567386 145.32000732421875 31.649999618530273 AB 6.989257456587455 1.0790886917689362
61103.2148 lsst_hardware_z -68.32198655331791 97.83000183105469 30.989999771118164 AB 6.0956817244355745 1.0965428538290294
61109.1945 lsst_hardware_i 100.56564619941035 37.970001220703125 31.280000686645508 AB 11.899461348940202 1.0916937017376331
61109.2131 lsst_hardware_z -49.53808589602441 45.599998474121094 30.950000762939453 AB 11.291647232332373 1.120731220796739
61111.1231 lsst_hardware_z -61.39999738044316 42.2599983215332 30.940000534057617 AB 8.719511068377631 1.1030374533051888
61111.142 lsst_hardware_r 16.787636572256503 23.75 31.5 AB 8.921580309024021 1.0819282450914478
61120.1561 lsst_hardware_i 2.980502137987774 31.479999542236328 31.239999771118164 AB 5.538907760894293 1.0834932452641866
61120.1747 lsst_hardware_z -11.422802629230127 42.560001373291016 30.940000534057617 AB 5.860504039687134 1.1057554791862518
61122.1548 lsst_hardware_r 39.78723245641064 23.850000381469727 31.5 AB 8.13884445832279 1.087208717382137
61122.1738 lsst_hardware_u 2.352919749414051 2.7699999809265137 28.440000534057617 AB 7.652091950917975 1.1135174550230007
61124.0963 lsst_hardware_g 5.955931840460473 17.920000076293945 31.5 AB 9.746693648001084 1.0914550557671765
61124.1134 lsst_hardware_i 37.81060788617139 32.310001373291016 31.25 AB 9.538060782680525 1.0778789248416847
61135.0638 lsst_hardware_r -36.76905181291368 61.959999084472656 31.6299991607666 AB 8.547673176577835 1.0944056817777055
61135.0815 lsst_hardware_z -52.80782702244664 52.91999816894531 30.969999313354492 AB 8.433129418090399 1.0787846644395918
61137.0626 lsst_hardware_g -7.6298422426021 27.190000534057617 31.6200008392334 AB 11.796710643518644 1.0894634875802325
61137.0816 lsst_hardware_i 15.228635647084932 39.150001525878906 31.280000686645508 AB 11.701409936586751 1.076486654699793
61142.0535 lsst_hardware_u -0.7763963210372616 2.869999885559082 28.549999237060547 AB 6.836173105777816 1.0850207294306509
61142.0696 lsst_hardware_g -33.65308441815297 14.609999656677246 31.459999084472656 AB 6.793301005543608 1.0760386497514922
61148.0872 lsst_hardware_z -84.94696362166324 42.150001525878906 30.950000762939453 AB 12.325651791975105 1.0907656453075314
61148.1041 lsst_hardware_r 1.3701218911781565 23.700000762939453 31.5 AB 12.609547368027332 1.1158891476130381
61150.0841 lsst_hardware_u -3.203011289741604 2.740000009536743 28.420000076293945 AB 7.450930806349342 1.0935273430384045
61150.1006 lsst_hardware_r 52.377218003073914 23.8799991607666 31.489999771118164 AB 7.668973099002922 1.1196398421786877
61152.0838 lsst_hardware_i -24.933654129227005 31.420000076293945 31.239999771118164 AB 9.991579933880924 1.1003942658459167
61152.101 lsst_hardware_z -33.856921104872406 42.7400016784668 30.940000534057617 AB 10.294721472177466 1.1319514886575428
61154.079 lsst_hardware_r -1.6944724804635525 36.27000045776367 31.579999923706055 AB 10.18342531795714 1.1013573414040438
61154.096 lsst_hardware_z 31.821859344200522 46.060001373291016 30.950000762939453 AB 10.275101318847963 1.1329916549617336
61158.0145 lsst_hardware_r 4.0272051496044545 95.58999633789062 31.649999618530273 AB 1.6219990345379942 1.0813326896919961
61158.0318 lsst_hardware_i -172.45346862977416 79.05000305175781 31.329999923706055 AB 1.6129742711181723 1.075316180745448
61160.0073 lsst_hardware_z 73.43482721596054 70.25 30.989999771118164 AB 11.692040710874421 1.082596362118002
61160.0258 lsst_hardware_r -184.61605026402933 101.66999816894531 31.649999618530273 AB 11.613519179948677 1.0753258499952478
61162.0079 lsst_hardware_z -37.688718492291414 63.65999984741211 30.989999771118164 AB 9.475283739212886 1.0787185252315297
61162.0243 lsst_hardware_r -27.058446906828454 90.29000091552734 31.649999618530273 AB 9.447291484178889 1.075521529026978
61164.0427 lsst_hardware_i 95.08748698677724 54.18000030517578 31.309999465942383 AB 11.917008120418322 1.0898705716323192
61164.0606 lsst_hardware_z 17.186576999285247 54.08000183105469 30.969999313354492 AB 12.273082072369967 1.1162421166321024
61167.0417 lsst_hardware_r -14.601896786624092 23.860000610351562 31.5 AB 6.973932088383485 1.098776128625096
61167.059 lsst_hardware_u 2.473476186530532 2.7699999809265137 28.43000030517578 AB 7.127468046346359 1.129640707876434
61169.0252 lsst_hardware_g 3.0330304881293895 14.710000038146973 31.420000076293945 AB 9.87364408904204 1.0860003947581156
61169.0368 lsst_hardware_r -17.892135471436077 23.770000457763672 31.489999771118164 AB 9.988352707441782 1.0995645462153933
61171.0408 lsst_hardware_i 13.268579097579213 31.739999771118164 31.239999771118164 AB 8.225203109584305 1.1149668151935797
61171.0592 lsst_hardware_z -9.468871556583682 43.119998931884766 30.940000534057617 AB 8.938411587809503 1.1572007665737147
61173.9664 lsst_hardware_y -44.830939150772764 49.27000045776367 30.030000686645508 AB 7.7988265384196165 1.0847774302327302
61173.9858 lsst_hardware_r 29.00475124171005 23.860000610351562 31.5 AB 7.832414683076409 1.075437962800581
61175.9659 lsst_hardware_y -9.519829628777632 48.84000015258789 30.030000686645508 AB 7.706156682270734 1.0809589959701789
61175.9845 lsst_hardware_r 19.808561517801458 23.899999618530273 31.5 AB 7.656640483766422 1.075370854461576
61179.9574 lsst_hardware_y 42.99864751105129 58.369998931884766 30.040000915527344 AB 7.939841273730129 1.079454996711776
61179.9788 lsst_hardware_u 0.454354338850081 2.7699999809265137 28.389999389648438 AB 8.137865364709874 1.0762474031974207
61180.9559 lsst_hardware_y -16.166127042598568 61.54999923706055 30.049999237060547 AB 5.906685239182793 1.0787809398239607
61180.971 lsst_hardware_r -26.697996547624232 25.790000915527344 31.530000686645508 AB 7.680909841030966 1.0753811468016754
61182.9648 lsst_hardware_z -148.56024300353522 74.05999755859375 31.719999313354492 AB 2.0184119165236822 1.0753393268641536
61185.9554 lsst_hardware_y -99.48036440024462 63.43000030517578 30.059999465942383 AB 7.508044032537699 1.0753172175595889
61185.9746 lsst_hardware_z -86.12062881746742 59.06999969482422 30.979999542236328 AB 6.250458468838085 1.0824866737777221
61187.9548 lsst_hardware_y -58.41796671480475 63.25 30.049999237060547 AB 7.138184775050295 1.0757568796700014
61187.9742 lsst_hardware_i -14.172355148935827 62.52000045776367 31.31999969482422 AB 7.039969418227229 1.0868343370478162
