data/validation/pwv_sim_epoch_fit_4/36135233.ecsv
# %ECSV 0.9
# ---
# datatype:
# - {name: time, datatype: float64}
# - {name: band, datatype: string}
# - {name: flux, datatype: float64}
# - {name: fluxerr, datatype: float64}
# - {name: zp, datatype: float64}
# - {name: zpsys, datatype: string}
# - {name: pwv, datatype: float64}
# - {name: airmass, datatype: float64}
# meta: {SNID: '36135233', alt: 1024.0, c: 0.029330141842365265, dec: -22.508005, lat: -30.244573, lon: -70.7499537, ra: 238.710938, t0: 62541.2421875,
#   x0: 1.1832621892122173e-05, x1: 0.7398474216461182, z: 0.42884182929992676}
# schema: astropy-2.0
time band flux fluxerr zp zpsys pwv airmass
62550.2927 lsst_hardware_r 3758.028572319307 106.75285744982678 31.520000457763672 AB 7.736404583932509 1.57060439200783
62550.3109 lsst_hardware_i 2797.661224849539 86.29016670129657 31.260000228881836 AB 6.998790288401803 1.4091287639607104
62554.3189 lsst_hardware_z 1823.6781138667702 75.2752391290269 30.950000762939453 AB 14.286128133823341 1.2848392961438386
62554.3372 lsst_hardware_r 3239.35101057705 94.14410496640976 31.610000610351562 AB 11.221659914076092 1.1950013219824487
62557.2996 lsst_hardware_z 3160.1197653870104 95.3388949214907 31.690000534057617 AB 12.17955781240063 1.3532842013778477
62567.3904 lsst_hardware_r 1337.5444224738435 43.65959597353426 31.520000457763672 AB 9.031581997519494 1.011186639020656
62569.389 lsst_hardware_r 1123.065849992883 41.80842883438243 31.540000915527344 AB 7.642725035906051 1.009918297481295
62576.3735 lsst_hardware_i 1194.9464620298631 46.23078523512899 31.260000228881836 AB 7.607134884088263 1.0092384589171826
62576.3922 lsst_hardware_y 335.68904949207575 51.00120302074847 30.049999237060547 AB 7.78882230567239 1.012455778717326
62579.3629 lsst_hardware_z 1841.6304566975984 95.51436455056414 31.739999771118164 AB 6.596010509995551 1.0096449579053346
62583.3586 lsst_hardware_r 679.3664824893507 104.8942730246017 31.670000076293945 AB 6.059160630271775 1.0089772499516012
62583.3779 lsst_hardware_y 465.8857434431125 61.91827254000991 30.06999969482422 AB 6.4434955490019705 1.0151233633717165
62590.1682 lsst_hardware_i 640.8823710424457 44.11989180321097 31.139999389648438 AB 11.888485478771749 1.7518275178699958
62590.183 lsst_hardware_z 1313.0666288339194 76.36865656871267 31.639999389648438 AB 10.704953675730897 1.575744809547867
62590.2146 lsst_hardware_r 372.8995843829656 31.092038715036797 31.450000762939453 AB 8.585404494326978 1.3204251759961516
62597.3271 lsst_hardware_u -1.4430819519602405 3.2008978573953875 28.549999237060547 AB 16.87308688148246 1.0097447304188882
62597.3472 lsst_hardware_g 74.2322943087362 17.72128192524883 31.479999542236328 AB 18.41420314566981 1.0208372805508679
62601.3012 lsst_hardware_z 567.5489097010146 46.40955884070768 30.959999084472656 AB 5.271586451251849 1.0100275808309334
62601.3182 lsst_hardware_r 330.21815011576734 29.47853977676512 31.520000457763672 AB 5.331146165881809 1.0102607856512809
62605.2994 lsst_hardware_i 423.53207671696686 37.69486881281603 31.270000457763672 AB 7.443006887733106 1.0089932518391016
62605.3166 lsst_hardware_z 400.4347728730599 46.215761944630906 30.959999084472656 AB 7.464866394692445 1.0143630023361945
62607.2613 lsst_hardware_r 385.0906002771203 76.50828682671303 31.65999984741211 AB 16.936050768119305 1.0252674207837176
62607.2782 lsst_hardware_z 423.3753940318398 59.91618701016115 30.989999771118164 AB 16.734691437426566 1.0124646939111785
62614.1239 lsst_hardware_r -22.120286567165174 39.22999954223633 31.489999771118164 AB 7.178448579320539 1.5125260386263248
62614.1498 lsst_hardware_z -44.895166926840396 52.849998474121094 30.940000534057617 AB 6.987119032948766 1.315965539683469
62617.2695 lsst_hardware_u -0.8198222961587993 3.2100000381469727 28.610000610351562 AB 5.964161781536049 1.0092213517178696
62617.2889 lsst_hardware_r -2.3625251725817042 26.40999984741211 31.549999237060547 AB 5.957465434039623 1.0177902222163364
62619.265 lsst_hardware_i -20.151218238516318 31.18000030517578 31.25 AB 2.729301812083483 1.0093571790249567
62619.2818 lsst_hardware_z 64.48583275675847 41.29999923706055 30.950000762939453 AB 2.8088283469435584 1.016586444785942
62627.1552 lsst_hardware_r -27.924214370580685 24.950000762939453 31.510000228881836 AB 4.003116368835044 1.1308504537776436
62627.1763 lsst_hardware_u 2.5854109343739338 2.930000066757202 28.540000915527344 AB 3.5222108723361307 1.0740630836560676
62628.2281 lsst_hardware_z -44.41500506573498 41.540000915527344 30.959999084472656 AB 6.891454360283593 1.0098725387219665
62628.2462 lsst_hardware_r 28.070587526116306 24.579999923706055 31.520000457763672 AB 6.893417250611986 1.0108020456192655
62633.1567 lsst_hardware_z -58.9741926564854 45.7400016784668 30.950000762939453 AB 13.973176277899451 1.0813896434546648
62633.1763 lsst_hardware_r 74.560625575811 38.939998626708984 31.610000610351562 AB 12.18624664532155 1.043402589644519
62635.1852 lsst_hardware_y -42.54108420902314 50.619998931884766 30.049999237060547 AB 6.056091515204497 1.0249072472739498
62635.2045 lsst_hardware_r -105.82852085469223 63.41999816894531 31.649999618530273 AB 5.989808935307774 1.011279577124392
62643.1596 lsst_hardware_z -39.10327557959377 46.7400016784668 30.959999084472656 AB 5.084196307007129 1.0290333060784556
62643.182 lsst_hardware_r 45.43369205075344 64.04000091552734 32.380001068115234 AB 5.338574523911021 1.0115406790711212
62643.2059 lsst_hardware_i 24.008055398671168 42.959999084472656 31.309999465942383 AB 5.336319793808318 1.0110336379320117
62644.0599 lsst_hardware_i -2.772589284194224 33.91999816894531 31.209999084472656 AB 2.679286196565803 1.368146142927074
62644.0803 lsst_hardware_z -49.776020760700305 44.18000030517578 30.93000030517578 AB 2.361111259360659 1.2468462908081681
62647.1591 lsst_hardware_r -0.6576032109303092 24.809999465942383 31.530000686645508 AB 5.922903282719537 1.018789624915923
62647.1815 lsst_hardware_u -3.0378979184856725 2.950000047683716 28.559999465942383 AB 6.221307253888958 1.0090515374079894
62654.0463 lsst_hardware_g 7.314743036320102 15.619999885559082 31.3799991607666 AB 13.632849918634088 1.282488233173436
62654.0668 lsst_hardware_r 35.134568674055345 25.1200008392334 31.479999542236328 AB 12.54782683490597 1.184120304329721
62655.0412 lsst_hardware_i 21.396337883199315 33.43000030517578 31.219999313354492 AB 11.660369983977906 1.2960166702888423
62655.0605 lsst_hardware_z 8.416008131970752 43.619998931884766 30.93000030517578 AB 10.77092478915424 1.1990676339822706
62656.1405 lsst_hardware_r 29.459485436328162 24.65999984741211 31.520000457763672 AB 10.899222552435823 1.0145811500122899
62656.1618 lsst_hardware_g 9.76897645318906 15.859999656677246 31.479999542236328 AB 10.91088159516891 1.0090910986584067
62658.1301 lsst_hardware_u -1.460962113340929 2.740000009536743 28.40999984741211 AB 5.756652070347768 1.0179756092569
62658.1524 lsst_hardware_r 35.99555065309019 24.6299991607666 31.520000457763672 AB 5.682938741041543 1.00899973208603
62673.0435 lsst_hardware_g -1.5639574701210872 15.430000305175781 31.459999084472656 AB 3.669906569507742 1.091097538132226
62673.0557 lsst_hardware_i 61.95430282995597 31.68000030517578 31.260000228881836 AB 3.572509484345764 1.0635634070692956
62674.9509 lsst_hardware_y -119.46122058980471 82.4000015258789 29.889999389648438 AB 8.631840996325613 1.5760162491003609
62674.9713 lsst_hardware_r -35.629552916842506 25.579999923706055 31.450000762939453 AB 12.52697459008061 1.3965412029075372
62677.0945 lsst_hardware_z 8.19830026321051 41.119998931884766 30.950000762939453 AB 5.194215122952054 1.0098273196070353
62677.1162 lsst_hardware_r -10.765925427587185 23.940000534057617 31.510000228881836 AB 5.22779624086614 1.0123376993398907
62677.9519 lsst_hardware_z -74.11394677280832 77.16000366210938 30.940000534057617 AB 7.241513043549819 1.4875745775576712
62677.9729 lsst_hardware_i 30.667241380852325 33.86000061035156 31.219999313354492 AB 8.253243753526824 1.3294172332454814
62679.9533 lsst_hardware_y -51.083099295664184 77.45999908447266 29.940000534057617 AB 10.112888486536148 1.429888792723386
62679.9726 lsst_hardware_r 13.508403792622271 24.8799991607666 31.459999084472656 AB 8.346973290343838 1.2979950171589314
62683.0766 lsst_hardware_z 59.46186878464046 41.08000183105469 30.950000762939453 AB 8.110725177039953 1.0102206896587171
62683.0978 lsst_hardware_r -50.17378272748462 23.920000076293945 31.510000228881836 AB 8.589666362119832 1.0114612821901663
62687.0549 lsst_hardware_r 7.437895456109207 24.360000610351562 31.520000457763672 AB 4.284206664582235 1.0151747556373776
62687.0762 lsst_hardware_u -4.724217670931615 2.859999895095825 28.520000457763672 AB 4.278424579571194 1.0090227379987877
62689.0564 lsst_hardware_g 2.139780595625839 20.479999542236328 31.56999969482422 AB 3.1823068997633714 1.01154065472453
62689.0757 lsst_hardware_i 55.64429154434514 32.59000015258789 31.260000228881836 AB 3.204104429508337 1.009696774004728
62703.0109 lsst_hardware_i 3.4242778286925266 31.290000915527344 31.25 AB 5.663507064601036 1.015374849106008
62703.0296 lsst_hardware_z -40.270047501728776 41.189998626708984 30.950000762939453 AB 5.637013338050469 1.0089968833490794
62707.9945 lsst_hardware_g -12.598545356952725 15.460000038146973 31.459999084472656 AB 8.40984198447802 1.0172785755991314
62708.0139 lsst_hardware_i 12.664601966971468 31.229999542236328 31.25 AB 9.230289020049687 1.0091423855739454
62709.9978 lsst_hardware_z -13.7752050959542 58.54999923706055 31.700000762939453 AB 4.1767707051862235 1.0120802144909373
62710.0164 lsst_hardware_r 36.107751969806884 34.4900016784668 32.27000045776367 AB 4.54201191073261 1.0093359801628021
62711.9972 lsst_hardware_u -1.905048676389372 2.759999990463257 28.43000030517578 AB 5.350624209477437 1.0102824450660737
62712.0145 lsst_hardware_g -12.127707921490211 15.630000114440918 31.469999313354492 AB 5.17533692665103 1.0100846255905986
62716.9797 lsst_hardware_z -38.54231913832338 42.56999969482422 30.950000762939453 AB 10.850362532458222 1.011641651434266
62716.9984 lsst_hardware_r 34.82128113300744 25.940000534057617 31.530000686645508 AB 8.80231103284151 1.0095261671419777
62720.9805 lsst_hardware_y -66.73288680373777 54.27000045776367 30.06999969482422 AB 3.3948489290892248 1.0089953473454043
62720.9988 lsst_hardware_z 18.514813356828693 60.65999984741211 30.989999771118164 AB 3.3994220181067067 1.0137441405884813
62917.2893 lsst_hardware_i 20.2238700546624 36.400001525878906 31.190000534057617 AB 4.2512297650031705 1.5567518211790674
62917.3098 lsst_hardware_z 0.7544101466428957 47.02000045776367 30.920000076293945 AB 5.031274112951664 1.382091597734181
62919.3145 lsst_hardware_u -0.4572388224089173 2.7899999618530273 28.31999969482422 AB 14.632239222900056 1.3147847266510968
62919.3343 lsst_hardware_g -1.3371067628099513 16.690000534057617 31.440000534057617 AB 11.325909098102604 1.2107121086188946
62921.2922 lsst_hardware_g 12.393377262881383 16.360000610351562 31.3700008392334 AB 14.188456590551057 1.4326709335639982
62921.3117 lsst_hardware_r -24.806278462923444 26.31999969482422 31.479999542236328 AB 12.892353396255448 1.2988686151881905
62933.3918 lsst_hardware_r 22.14200442783522 58.61000061035156 31.639999389648438 AB 8.630340456135452 1.010075835343705
62936.3877 lsst_hardware_z -36.2711842577682 63.560001373291016 30.989999771118164 AB 6.661077377045077 1.0092541480371329
62936.4051 lsst_hardware_y 82.21871071923032 71.3499984741211 30.079999923706055 AB 6.677846921432263 1.0117949880957975
62940.3746 lsst_hardware_r -53.333681829677296 63.93000030517578 31.649999618530273 AB 9.112702601909268 1.0096245150301157
62940.3926 lsst_hardware_y -31.684695974146877 52.380001068115234 30.059999465942383 AB 9.78970872879512 1.0111594486619162
62941.3104 lsst_hardware_i 24.61091658702227 43.08000183105469 31.290000915527344 AB 8.390626039585637 1.0876905312199163
62941.3312 lsst_hardware_z 16.295788519995618 47.43000030517578 30.959999084472656 AB 8.049259479487324 1.045641285562647
62942.3748 lsst_hardware_r -45.53440832697603 31.59000015258789 31.579999923706055 AB 8.894495717392207 1.008980078355023
62942.394 lsst_hardware_y -45.56448958754443 48.310001373291016 30.059999465942383 AB 9.200604817113048 1.0145115026037101
62943.2466 lsst_hardware_z -74.35131079325575 45.599998474121094 30.93000030517578 AB 7.844560679665629 1.3295865558755302
62943.2639 lsst_hardware_r 15.812844673384951 26.09000015258789 31.5 AB 7.762569705478625 1.2334591693027475
62945.3754 lsst_hardware_g -10.656571898658294 16.15999984741211 31.520000457763672 AB 5.722816135241631 1.01002755651986
62945.3947 lsst_hardware_z -88.20411005672736 42.36000061035156 30.969999313354492 AB 5.730167799384327 1.021177580976197
62946.2462 lsst_hardware_u -2.94355460189658 2.7799999713897705 28.360000610351562 AB 7.288238148236877 1.2830840452861894
62946.2645 lsst_hardware_g -28.321444279520907 15.720000267028809 31.440000534057617 AB 5.321430183839205 1.1936810641182605
62949.3558 lsst_hardware_z 9.385346099618328 41.41999816894531 30.959999084472656 AB 6.861046053681034 1.0089773608354462
62949.3757 lsst_hardware_r 10.858144743960771 24.459999084472656 31.530000686645508 AB 6.88176405160335 1.015009447139137
62951.2966 lsst_hardware_g 13.77191226033975 15.59000015258789 31.479999542236328 AB 6.696730622787936 1.058381196310372
62951.3133 lsst_hardware_i 24.13898739634946 31.540000915527344 31.260000228881836 AB 6.5176922117544445 1.0322059143357976
62953.3498 lsst_hardware_z 41.37606344217229 41.540000915527344 30.959999084472656 AB 7.924651004083701 1.0092739705058968
62953.3683 lsst_hardware_r -33.68706831752103 24.40999984741211 31.530000686645508 AB 8.11152367094301 1.0174272668971152
62955.3455 lsst_hardware_u -1.4660351993908516 2.990000009536743 28.6200008392334 AB 6.303978637333179 1.0094576074940997
62955.3642 lsst_hardware_g 14.65229976474367 15.609999656677246 31.5 AB 6.493949854984148 1.0184724136734713
62959.327 lsst_hardware_i 46.328520040269375 31.31999969482422 31.260000228881836 AB 5.8046797734159234 1.0090415645061868
62959.3456 lsst_hardware_z -73.36016394551314 41.36000061035156 30.950000762939453 AB 5.899981954267091 1.0133798533057337
62961.3241 lsst_hardware_r -64.86846171591691 55.560001373291016 31.639999389648438 AB 6.90845019107439 1.00897476136618
62961.3427 lsst_hardware_z -13.301224912740636 48.790000915527344 30.969999313354492 AB 7.756488457487111 1.0148597447510976
62962.2555 lsst_hardware_y -42.24456275469181 53.290000915527344 30.040000915527344 AB 15.794713195294609 1.0818296709105897
62962.2756 lsst_hardware_r -129.18212139389135 81.31999969482422 31.649999618530273 AB 15.226608727122654 1.0429184059673051
62963.3081 lsst_hardware_z 65.08871490213913 67.87000274658203 30.989999771118164 AB 8.464420439434228 1.0106066768803272
62963.3264 lsst_hardware_i -73.78652629570787 78.48999786376953 31.34000015258789 AB 8.457603389611327 1.0100640990777858
62964.3094 lsst_hardware_z 66.68258506788003 77.94999694824219 31.0 AB 10.079435593709862 1.0095588535366604
62964.3292 lsst_hardware_r 25.80478473458915 116.62999725341797 31.670000076293945 AB 10.045921080540163 1.0120305324676537
62967.3062 lsst_hardware_y -6.244941412102553 86.20999908447266 30.81999969482422 AB 3.6117592518355153 1.0089887329071396
62968.2676 lsst_hardware_z 69.25716527571862 60.22999954223633 30.989999771118164 AB 6.095095484487647 1.0313190329082313
62968.2875 lsst_hardware_r -137.51796708737598 75.45999908447266 31.65999984741211 AB 5.879198093172635 1.0136548436504542
62969.2956 lsst_hardware_r -35.981331593598966 51.939998626708984 31.649999618530273 AB 12.292324605948151 1.009588146162592
62969.3134 lsst_hardware_i -24.361880920104642 47.279998779296875 31.31999969482422 AB 12.314179788338487 1.0111478466690516
62971.3008 lsst_hardware_z -47.70003055150741 42.52000045776367 30.959999084472656 AB 9.970304159372349 1.0092933298954647
62971.3179 lsst_hardware_r -37.47381526628991 29.520000457763672 31.56999969482422 AB 9.960830676646863 1.0165150195577979
62973.1342 lsst_hardware_u -1.05742913186996 2.5 28.09000015258789 AB 23.06134050798045 1.5794717484119754
62973.1582 lsst_hardware_g -7.304774152596957 15.239999771118164 31.360000610351562 AB 20.101997855755652 1.3729622431305655
62982.1788 lsst_hardware_u 0.21092852393341202 3.950000047683716 29.15999984741211 AB 7.342392990216422 1.1455186941936275
62982.194 lsst_hardware_g -0.06698795825289229 15.420000076293945 31.440000534057617 AB 7.053501812279574 1.0991471132150958
