data/validation/pwv_sim_epoch_fit_4/3618435.ecsv
# %ECSV 0.9
# ---
# datatype:
# - {name: time, datatype: float64}
# - {name: band, datatype: string}
# - {name: flux, datatype: float64}
# - {name: fluxerr, datatype: float64}
# - {name: zp, datatype: float64}
# - {name: zpsys, datatype: string}
# - {name: pwv, datatype: float64}
# - {name: airmass, datatype: float64}
# meta: {SNID: '3618435', alt: 1024.0, c: -0.04008093476295471, dec: -52.222923, lat: -30.244573, lon: -70.7499537, ra: 80.467979, t0: 60613.30859375,
#   x0: 2.989908854067588e-06, x1: -1.803505778312683, z: 0.7569518685340881}
# schema: astropy-2.0
time band flux fluxerr zp zpsys pwv airmass
60591.3589 lsst_hardware_r 25.002375554186035 22.12966739672949 31.479999542236328 AB 3.0721025528240427 1.0802048357327072
60591.3704 lsst_hardware_y 21.820000602094254 48.543629792899736 30.030000686645508 AB 3.0918275784985494 1.0781683988719806
60600.3751 lsst_hardware_z 373.17893538986647 68.97471010038277 30.979999542236328 AB 6.545376111725774 1.0876331192631727
60602.36 lsst_hardware_r 651.22595911806 70.9211268057825 31.639999389648438 AB 0.5468602335794014 1.0821772432310055
60602.3707 lsst_hardware_y 135.35156127596227 61.445697858908 30.049999237060547 AB 0.6718914356648695 1.088377055614099
60606.3693 lsst_hardware_i 980.4815997617526 53.366712475301384 31.290000915527344 AB 3.9122968167439933 1.0963421092178767
60608.3606 lsst_hardware_r 817.5638384045628 38.499877861984636 31.540000915527344 AB 2.5981204180375563 1.0933699812887716
60608.3718 lsst_hardware_z 687.5547369999006 66.90204781196053 30.979999542236328 AB 2.6349096881963576 1.1048225395141793
60610.3569 lsst_hardware_g 128.1530826792717 18.848634743183734 31.469999313354492 AB 3.703127119808721 1.0949518390918749
60610.3677 lsst_hardware_i 1118.4662314177315 52.329561480988566 31.290000915527344 AB 3.733412299765207 1.106442112992578
60612.348 lsst_hardware_z 654.653093784594 48.98885962963076 30.950000762939453 AB 5.2664151606708485 1.0919376240246421
60612.3593 lsst_hardware_r 688.6851394757983 36.096683767951056 31.510000228881836 AB 5.36098022816953 1.1030066994382135
60614.3494 lsst_hardware_r 649.976045677856 34.252972112276446 31.489999771118164 AB 5.595989057710534 1.0982576980983423
60614.3616 lsst_hardware_u -4.375211068971465 5.913433061947167 28.979999542236328 AB 5.665487961811248 1.112588870843043
60616.3548 lsst_hardware_g 104.31179363066352 18.090932153238363 31.440000534057617 AB 5.419124841857559 1.110817841930421
60616.3661 lsst_hardware_r 638.0922814286383 42.391243857120884 31.559999465942383 AB 5.522444354995705 1.1273553962871419
60619.2994 lsst_hardware_i 1064.941668009864 43.17133674744236 31.25 AB 3.558538236998461 1.078344920302564
60619.311 lsst_hardware_z 687.1872832326629 48.147932736441376 30.950000762939453 AB 3.5676805774846425 1.0811153265104978
60623.3585 lsst_hardware_g 45.36414302294638 25.091190256487437 31.56999969482422 AB 12.218305317509312 1.1480672132966232
60625.2629 lsst_hardware_r 763.7443436715582 53.88898161522018 32.31999969482422 AB 4.43356043350017 1.0813562032927244
60625.2802 lsst_hardware_z 601.8321700075473 47.610910785597746 30.940000534057617 AB 4.420508484802056 1.0781728011712333
60625.2932 lsst_hardware_r 383.56846642636435 28.701365219912333 31.469999313354492 AB 3.9834589464142773 1.0806019386240013
60627.3332 lsst_hardware_r 320.25766204492896 28.006074208708966 31.469999313354492 AB 6.641091448433727 1.1228175352401673
60627.3434 lsst_hardware_y 210.928098536934 51.0740706220203 30.010000228881836 AB 6.551583381361805 1.1400832462237223
60628.3313 lsst_hardware_z 521.678354039725 55.38592801224758 30.950000762939453 AB 5.8858331607090015 1.1241087014340214
60628.342 lsst_hardware_r 220.51117811817994 49.7580999561593 31.59000015258789 AB 6.266978531089887 1.1425667331065261
60632.3177 lsst_hardware_z 338.24238446709865 55.17201099354522 30.959999084472656 AB 7.027276081926298 1.1200185013231296
60632.331 lsst_hardware_r 225.86583752706514 62.419687471014484 31.6200008392334 AB 7.155550349684968 1.142420427825492
60634.3302 lsst_hardware_z 728.7568244935445 72.42695449610552 31.700000762939453 AB 4.806834235465811 1.151544405693518
60641.3168 lsst_hardware_r 93.96186229908535 24.005010826200166 31.459999084472656 AB 4.090034022627721 1.1636770816210886
60641.3285 lsst_hardware_u 3.5168584139608217 2.6619598885667934 28.31999969482422 AB 4.185177286631153 1.191962012616268
60643.3121 lsst_hardware_g 8.556895024544877 13.836577288183104 31.350000381469727 AB 6.774224394962354 1.16537442103861
60643.3246 lsst_hardware_r 104.45631348422485 23.715908160853672 31.450000762939453 AB 6.9528467663490865 1.1961029488379191
60645.2653 lsst_hardware_g 54.63204305092708 14.750276937260983 31.3799991607666 AB 7.5537711659411295 1.0988235849259156
60645.277 lsst_hardware_r 63.484736990055296 23.24140043907208 31.479999542236328 AB 7.651001454762186 1.1126571508210072
60647.2934 lsst_hardware_i 154.68137774162864 32.69889553097691 31.229999542236328 AB 4.1471461876196285 1.1489265670420963
60647.3045 lsst_hardware_z 221.59209418678742 44.318383778819765 30.93000030517578 AB 4.240435880305085 1.1730113085214617
60649.2923 lsst_hardware_i 110.36563753448605 32.49389567389546 31.229999542236328 AB 5.020108114634665 1.1579075342255851
60649.3038 lsst_hardware_u -1.593239140753263 2.677584443908277 28.350000381469727 AB 5.177960767902616 1.184616968177217
60651.2869 lsst_hardware_g 25.0734702747604 13.569711411161487 31.360000610351562 AB 7.489417734697521 1.1580379962936835
60651.2981 lsst_hardware_r 49.11210718730519 23.211571079070122 31.469999313354492 AB 6.568327418157442 1.18401575811761
60653.2153 lsst_hardware_r 64.30222828281734 26.87364128315387 31.530000686645508 AB 10.155874943093394 1.080144107111055
60653.2288 lsst_hardware_i 110.05546719500651 31.825776785895428 31.25 AB 10.147374788062367 1.086597814255727
60655.2119 lsst_hardware_z 233.31180518741564 67.31629709762538 31.709999084472656 AB 13.525609444156576 1.0808382167298154
60659.1927 lsst_hardware_r -8.191747072275824 79.79906328888492 31.639999389648438 AB 11.098410538285892 1.0786921390314175
60659.2053 lsst_hardware_i 60.351662277597484 62.852429904735445 31.31999969482422 AB 11.148398757076352 1.0826348594792594
60661.1949 lsst_hardware_z 18.808840695029946 54.07388400236018 30.969999313354492 AB 3.5900143841217216 1.0806244069998991
60661.2069 lsst_hardware_i 103.22013097591156 55.730603103095895 31.31999969482422 AB 3.5987112880349925 1.0865674178849616
60664.1962 lsst_hardware_z 110.92109857750299 46.579085437303355 30.959999084472656 AB 5.271073056963945 1.0850294477076872
60664.209 lsst_hardware_g 59.07910643927666 44.14330253634752 31.68000030517578 AB 6.457908910781003 1.0945608323357632
60666.1951 lsst_hardware_r 29.029895107587947 27.40211654152902 31.540000915527344 AB 6.347730087309502 1.0878093374800721
60666.2074 lsst_hardware_i 89.49499439477762 34.636403948605256 31.260000228881836 AB 6.345326958256535 1.0982666267480472
60667.1977 lsst_hardware_z 32.03075237601663 42.09314243734977 30.940000534057617 AB 7.056069284455635 1.091862324639365
60667.2115 lsst_hardware_u 4.858575299043449 3.5024501793308094 28.479999542236328 AB 7.8000509670820595 1.1057889516925252
60669.1986 lsst_hardware_g 75.28468682974972 14.983435242140386 31.360000610351562 AB 7.695686295464158 1.0976588639942524
60669.2111 lsst_hardware_r 2.096923982480247 22.279930097458625 31.459999084472656 AB 8.125020918326333 1.1121786213573792
60671.1803 lsst_hardware_r 49.79773747669273 22.367085425899933 31.479999542236328 AB 6.666697279812322 1.087035360523692
60671.1925 lsst_hardware_i 30.360805399256748 31.26301204459723 31.239999771118164 AB 6.584011608373131 1.0970305373572724
60673.1336 lsst_hardware_i 72.00015423264243 30.93925906226384 31.25 AB 8.437270707765569 1.0807314855598842
60673.1466 lsst_hardware_z 74.45669189450352 41.72893024800954 30.950000762939453 AB 8.439551053590575 1.0782153632898275
60675.1787 lsst_hardware_u 2.944776149466519 3.0525569476464853 28.450000762939453 AB 7.609572031723677 1.0943292071156834
60675.1904 lsst_hardware_g 39.243519030272736 14.679137647917658 31.3799991607666 AB 7.694782070449128 1.106690155978208
60677.1833 lsst_hardware_r 16.678476282369555 22.203916376131186 31.469999313354492 AB 5.1252544670939395 1.104739431044821
60677.1974 lsst_hardware_i 81.16600336231912 31.098281159471984 31.229999542236328 AB 5.263913714350431 1.123967341142441
60681.1776 lsst_hardware_g 81.40111450305692 20.471079023953948 32.119998931884766 AB 7.571832032620658 1.111216911156539
60681.1918 lsst_hardware_r 17.618690005070537 31.560413809557236 32.209999084472656 AB 7.689362295521759 1.1327041755206229
60683.109 lsst_hardware_z 15.206463280595141 44.79809907342638 30.959999084472656 AB 6.312932671357897 1.0798721641050115
60683.1232 lsst_hardware_r 8.93363158295178 36.50006769102724 31.59000015258789 AB 6.266925729478954 1.078273525374906
60689.0977 lsst_hardware_g 113.40156962960111 86.71641876674919 31.719999313354492 AB 7.304483442633728 1.0787363556119434
60689.1112 lsst_hardware_r 116.31658311767119 77.21132078736706 31.649999618530273 AB 7.392518436544645 1.0787798088157377
60691.0996 lsst_hardware_i 22.157228565814496 49.44985050700825 31.309999465942383 AB 4.031152772825431 1.0782086988499981
60691.1135 lsst_hardware_z 4.362260818653616 51.91162590032923 30.969999313354492 AB 4.0374251230193 1.0808258929244547
60693.1011 lsst_hardware_r 12.97089492977705 33.60249038782835 31.56999969482422 AB 4.2145639586445816 1.0789283734130128
60693.115 lsst_hardware_g -3.777366682088482 31.221176514905846 31.639999389648438 AB 4.23056439679335 1.0839263122709124
60696.1006 lsst_hardware_r 19.44543708542694 21.929154976624545 31.469999313354492 AB 13.623015822801861 1.0811059299104724
60696.1127 lsst_hardware_i 91.21989027172212 30.686662213701382 31.239999771118164 AB 13.775325401265793 1.0874970712296355
60698.0739 lsst_hardware_i 12.553340637282911 30.56575758189871 31.239999771118164 AB 8.188905204210087 1.078622919416486
60698.0878 lsst_hardware_z 37.067771555806985 41.71114644882876 30.940000534057617 AB 8.797890979974607 1.0789993536685092
60700.0935 lsst_hardware_u 1.8339530044565737 2.5980253385789376 28.399999618530273 AB 8.62522949592589 1.0827327442215064
60700.1071 lsst_hardware_g -26.27728418204551 12.964401471493579 31.3799991607666 AB 8.689906800662435 1.091479726686999
60702.0918 lsst_hardware_r -5.8844938301034 21.639999389648438 31.479999542236328 AB 12.345906345617538 1.0846869043768703
60702.1042 lsst_hardware_i -8.459140226620848 30.110000610351562 31.25 AB 12.362678436799932 1.0936552049539925
60704.0731 lsst_hardware_i -21.866115181582575 30.100000381469727 31.25 AB 13.702588892303913 1.0793689556757666
60704.0857 lsst_hardware_z 22.721721235824255 41.36000061035156 30.950000762939453 AB 12.504507319432374 1.0843311931523043
60706.0709 lsst_hardware_r 32.92101180301128 21.770000457763672 31.489999771118164 AB 9.8602352966241 1.0802777646260313
60706.0828 lsst_hardware_g 23.302215807906375 12.84000015258789 31.3799991607666 AB 9.941257773534064 1.0858235785630472
60708.0649 lsst_hardware_r -9.174373411158108 21.969999313354492 31.489999771118164 AB 7.236740260611543 1.0801104866584392
60708.0769 lsst_hardware_i -48.199595608536654 30.360000610351562 31.25 AB 7.273233162993964 1.0855571885065618
60710.0655 lsst_hardware_z 44.42188119702717 41.849998474121094 30.950000762939453 AB 10.42411223396224 1.0824154961064931
60710.0778 lsst_hardware_i 48.733686112583825 31.399999618530273 31.25 AB 10.602542666337207 1.089908870484829
60717.0617 lsst_hardware_z -22.890616365975692 77.3499984741211 31.719999313354492 AB 1.1205529116208577 1.0923342761535575
60719.0673 lsst_hardware_g 110.85132126305855 85.5 31.709999084472656 AB 2.734406101189698 1.1032503938630962
60719.0801 lsst_hardware_r 66.54262064990583 76.97000122070312 31.6299991607666 AB 2.779476494226502 1.1200039600644005
60721.0562 lsst_hardware_i 67.79983286830489 45.119998931884766 31.290000915527344 AB 1.8877863518217022 1.0972843895306659
60721.068 lsst_hardware_z -117.41707948595872 49.900001525878906 30.959999084472656 AB 1.8961417031595236 1.1107493501544683
60947.3861 lsst_hardware_z 42.96300837229787 43.93000030517578 30.950000762939453 AB 7.58109337424861 1.0796202469735987
60972.2999 lsst_hardware_i 25.617534176067114 30.059999465942383 31.239999771118164 AB 3.461249077976182 1.0884716301712498
60972.3112 lsst_hardware_z 34.05695385742697 41.2599983215332 30.940000534057617 AB 3.498638345595957 1.081969439144965
60974.3612 lsst_hardware_r -5.160958927278523 23.079999923706055 31.489999771118164 AB 2.6089598210998153 1.0957795615553458
60974.3711 lsst_hardware_g -4.356880301386305 31.68000030517578 31.6299991607666 AB 2.6534932586136515 1.1064289622072498
60976.3516 lsst_hardware_r 23.091082130398355 21.81999969482422 31.479999542236328 AB 3.689636867662203 1.0920931974729031
60976.3634 lsst_hardware_i 31.430209460742535 34.290000915527344 31.260000228881836 AB 3.681418803371848 1.1037909612087566
60979.2818 lsst_hardware_u 1.9083119370342092 2.5899999141693115 28.399999618530273 AB 4.133497357071385 1.0877624623872066
60979.2962 lsst_hardware_g 0.6154562263100802 12.640000343322754 31.360000610351562 AB 3.7160251421778607 1.080396901345504
60982.3448 lsst_hardware_i 47.39162934454394 30.299999237060547 31.239999771118164 AB 5.3734854157737795 1.1013121262046794
60982.3568 lsst_hardware_z 83.85431767804576 44.45000076293945 30.950000762939453 AB 5.452430184051683 1.1163290544201632
60991.3344 lsst_hardware_z -16.367907853545567 43.400001525878906 30.940000534057617 AB 4.1062499006649915 1.1194792531800153
60991.3455 lsst_hardware_r -23.46990160512913 30.100000381469727 31.530000686645508 AB 4.16566409563135 1.1376933212155247
60993.1774 lsst_hardware_z 67.43795463004555 42.599998474121094 30.93000030517578 AB 4.804375506334593 1.194672511832487
60993.189 lsst_hardware_r 11.542111756530792 21.8799991607666 31.459999084472656 AB 4.704220461913106 1.166191082571466
60995.3223 lsst_hardware_g 14.022388835011038 12.930000305175781 31.3700008392334 AB 5.386610272792352 1.1177569108069103
60995.3352 lsst_hardware_i 36.207737707534406 30.739999771118164 31.239999771118164 AB 4.545135009195675 1.1388223771813855
60999.3237 lsst_hardware_u 2.1678408472081356 2.5299999713897705 28.31999969482422 AB 5.4882389186143135 1.137773253807225
60999.3358 lsst_hardware_g 33.433547044684175 13.180000305175781 31.360000610351562 AB 5.814601251326697 1.1619326075489467
61001.3165 lsst_hardware_r 48.639228199103044 21.709999084472656 31.459999084472656 AB 5.106044612881252 1.1346765806402783
61001.3277 lsst_hardware_i -11.638709317958487 30.59000015258789 31.219999313354492 AB 5.203192698366904 1.1562650440815343
61004.3258 lsst_hardware_z 21.059226399443652 42.380001068115234 30.93000030517578 AB 8.036356546458004 1.1701585739809988
61004.3374 lsst_hardware_r 42.88808576956931 22.290000915527344 31.440000534057617 AB 6.688975346956905 1.1993500905998096
61006.2683 lsst_hardware_z 40.81053851449489 41.52000045776367 30.940000534057617 AB 4.795991502970252 1.0909691967403117
61006.2801 lsst_hardware_r -24.450799344719236 21.690000534057617 31.469999313354492 AB 4.829623159486156 1.102234269947392
61009.3138 lsst_hardware_i -4.839153175682814 30.790000915527344 31.229999542236328 AB 6.821495025888872 1.1740281726617092
61009.3262 lsst_hardware_z 53.862072845077115 43.060001373291016 30.93000030517578 AB 7.019880929188222 1.2061478379498958
61011.2979 lsst_hardware_z -54.15494738138398 47.02000045776367 30.950000762939453 AB 7.521775824212812 1.1511160267631706
61011.3113 lsst_hardware_r -18.72075818555363 21.950000762939453 31.459999084472656 AB 7.699833921424089 1.1811976766349084
61015.2905 lsst_hardware_z -43.857221504477444 56.939998626708984 30.959999084472656 AB 6.083391499176111 1.1584470291691766
61015.3025 lsst_hardware_r -73.95272215576067 74.31999969482422 31.610000610351562 AB 5.217156827834173 1.18652645618252
61017.213 lsst_hardware_r 0.5732410773770605 51.5099983215332 31.6299991607666 AB 5.3733234727425705 1.078763997739926
61017.2267 lsst_hardware_i -20.184000956361256 45.52000045776367 31.299999237060547 AB 5.63590101656477 1.0834104222541552
61020.2128 lsst_hardware_z -21.96619001460446 42.5 30.950000762939453 AB 10.325422440207289 1.0809131054914722
61020.2249 lsst_hardware_r -27.07688386839349 29.06999969482422 31.549999237060547 AB 10.35298852535998 1.0871752306239368
61022.1892 lsst_hardware_i -7.269349391426145 29.899999618530273 31.25 AB 11.914802040765808 1.0782951558809444
