data/validation/pwv_sim_epoch_fit_4/36303189.ecsv
# %ECSV 0.9
# ---
# datatype:
# - {name: time, datatype: float64}
# - {name: band, datatype: string}
# - {name: flux, datatype: float64}
# - {name: fluxerr, datatype: float64}
# - {name: zp, datatype: float64}
# - {name: zpsys, datatype: string}
# - {name: pwv, datatype: float64}
# - {name: airmass, datatype: float64}
# meta: {SNID: '36303189', alt: 1024.0, c: 0.019484657794237137, dec: -18.052954, lat: -30.244573, lon: -70.7499537, ra: 258.046875, t0: 61145.8125,
#   x0: 2.826241323454987e-05, x1: 0.40920373797416687, z: 0.29568052291870117}
# schema: astropy-2.0
time band flux fluxerr zp zpsys pwv airmass
[from data line 132]
61575.1428 lsst_hardware_z -11.001786434000223 105.38999938964844 31.010000228881836 AB 3.944363436351503 1.0379903779872377
61575.162 lsst_hardware_i 72.74894555266414 127.47000122070312 31.350000381469727 AB 3.8941131969557548 1.0247666307778303
61577.1568 lsst_hardware_z 234.38272301591564 101.38999938964844 31.75 AB 3.03611406065752 1.0246756870258251
61579.1383 lsst_hardware_r -58.174666924850165 60.470001220703125 31.639999389648438 AB 3.5202898681234536 1.0321160648313286
61579.1581 lsst_hardware_i -71.18972946929722 52.52000045776367 31.31999969482422 AB 3.5535908023260503 1.0231313042039039
61581.1133 lsst_hardware_i 2.440683866165496 31.700000762939453 31.25 AB 5.563634586863756 1.0547341196917024
61581.1311 lsst_hardware_z -32.49129144411295 43.849998474121094 30.950000762939453 AB 4.038379536971103 1.033560569958693
61583.9831 lsst_hardware_r -4.276832151661109 26.34000015258789 31.350000381469727 AB 11.274783543084782 1.7423781086787984
61584.0003 lsst_hardware_i -22.935785974529814 35.70000076293945 31.170000076293945 AB 11.063623614023916 1.5433127970738993
61586.1082 lsst_hardware_z 72.29422891473246 41.90999984741211 30.950000762939453 AB 3.7676129248752863 1.0430822051150637
61586.1301 lsst_hardware_i -10.562983612742691 31.530000686645508 31.260000228881836 AB 3.3003556065747843 1.0254859471490785
61588.1996 lsst_hardware_u -1.3316175590263988 2.7799999713897705 28.420000076293945 AB 8.959212837802975 1.0938653309623616
61588.2142 lsst_hardware_g 1.1174441737353853 15.380000114440918 31.43000030517578 AB 9.440505406053914 1.1338811417540484
61590.1221 lsst_hardware_r 6.691585431283656 24.239999771118164 31.530000686645508 AB 9.075532155091024 1.0244131450281937
61590.1473 lsst_hardware_i 62.65545161757668 31.360000610351562 31.25 AB 8.936540443569086 1.0272869558657824
61595.0955 lsst_hardware_i -66.12331514444479 45.380001068115234 32.0099983215332 AB 3.210643197975741 1.031421491023957
61595.1163 lsst_hardware_z 60.09670646860797 58.880001068115234 31.700000762939453 AB 3.191014077920747 1.0229795077753712
61599.1035 lsst_hardware_r 56.90984255913422 64.4000015258789 31.649999618530273 AB 7.116216484326809 1.0231309044848285
61599.1252 lsst_hardware_i -11.757805945021847 55.709999084472656 31.31999969482422 AB 6.6953439896542895 1.028747203880342
61606.0799 lsst_hardware_z 18.423188823414154 63.47999954223633 30.989999771118164 AB 2.8774686542188244 1.0239798300948124
61606.1 lsst_hardware_i 44.36636033210071 71.25 31.34000015258789 AB 3.2817198796126252 1.0255374623789453
61610.0691 lsst_hardware_g -9.767827540139457 15.319999694824219 31.479999542236328 AB 6.246080508679869 1.023947624373749
61610.0915 lsst_hardware_r -10.805894460630414 24.049999237060547 31.520000457763672 AB 6.094085545969048 1.026660487879104
61616.0628 lsst_hardware_i -8.0244625296901 44.33000183105469 32.02000045776367 AB 4.910619426732921 1.0230457139026918
61616.0859 lsst_hardware_z 86.2538746444672 58.88999938964844 31.709999084472656 AB 5.377586930031057 1.03415133269828
61618.0484 lsst_hardware_r 18.020467235391884 24.020000457763672 31.510000228881836 AB 3.8671725832066737 1.0236708578404272
61618.0702 lsst_hardware_g -6.413625647476948 15.1899995803833 31.450000762939453 AB 3.8942460901744047 1.0269410632258622
61621.0192 lsst_hardware_u -4.704399012361865 2.7200000286102295 28.40999984741211 AB 0.4693084762560369 1.0360010513378297
61621.0429 lsst_hardware_r -50.32583236596249 24.049999237060547 31.510000228881836 AB 1.5013687822818667 1.0231954445355746
61623.0179 lsst_hardware_i 21.007012908026717 31.690000534057617 31.260000228881836 AB 1.2398229758101766 1.0323255418902386
61623.0406 lsst_hardware_z -28.571471395378975 41.65999984741211 30.959999084472656 AB 1.2730652651664622 1.0229532062406286
61625.0255 lsst_hardware_r 18.919262984240273 29.809999465942383 31.559999465942383 AB 3.982727287122254 1.0247593688723156
61625.0463 lsst_hardware_z 26.45187196386648 42.900001525878906 30.959999084472656 AB 3.3614333031328623 1.024827226564897
61628.0252 lsst_hardware_y 50.0897210830864 53.75 30.06999969482422 AB 10.204109182890491 1.0230452598331194
61628.0464 lsst_hardware_r 90.41539149755603 75.02999877929688 31.65999984741211 AB 8.30604101255286 1.0289941789584813
61630.0065 lsst_hardware_i -1.9562152449127832 80.08000183105469 31.34000015258789 AB 2.2455802996603174 1.0271379300904824
61630.0261 lsst_hardware_z -54.82727935514016 70.93000030517578 31.0 AB 2.1594034188566287 1.0232118865263393
