data/validation/pwv_sim_epoch_fit_4/3639874.ecsv
# %ECSV 0.9
# ---
# datatype:
# - {name: time, datatype: float64}
# - {name: band, datatype: string}
# - {name: flux, datatype: float64}
# - {name: fluxerr, datatype: float64}
# - {name: zp, datatype: float64}
# - {name: zpsys, datatype: string}
# - {name: pwv, datatype: float64}
# - {name: airmass, datatype: float64}
# meta: {SNID: '3639874', alt: 1024.0, c: 0.0008723249775357544, dec: -64.386185, lat: -30.244573, lon: -70.7499537, ra: 314.352509, t0: 60935.1484375,
#   x0: 1.6942738091365233e-05, x1: 0.37478840351104736, z: 0.36836251616477966}
# schema: astropy-2.0
time band flux fluxerr zp zpsys pwv airmass
60804.4193 lsst_hardware_r -17.569381249628155 23.399999618530273 31.469999313354492 AB 9.007173900228484 1.2111300121323765
60804.431 lsst_hardware_y 116.97238451790777 71.9800033569336 30.010000228881836 AB 8.997737943592345 1.2075339460846843
60810.4146 lsst_hardware_r 4.356758426524352 83.70999908447266 31.6200008392334 AB 9.192060788984776 1.2075353264783362
60810.4265 lsst_hardware_y 120.41046642472847 60.84000015258789 30.010000228881836 AB 9.233877295509734 1.2069244577995275
60814.416 lsst_hardware_z -65.38998450597454 71.0199966430664 31.700000762939453 AB 11.54636274527748 1.2069578994697623
60828.1872 lsst_hardware_z -120.45463070981485 48.65999984741211 30.8799991607666 AB 17.068893614185754 1.6718638145047526
60833.3765 lsst_hardware_r 24.992726595387236 22.579999923706055 31.459999084472656 AB 1.3511234956434628 1.2096905131479185
60833.3895 lsst_hardware_u -1.8920689146689913 2.5799999237060547 28.31999969482422 AB 1.3665734470286999 1.216173343543785
60842.1935 lsst_hardware_z 92.4484663161809 82.22000122070312 31.670000076293945 AB 11.425254745267654 1.4529477643883326
60842.2101 lsst_hardware_i -11.656179945028304 78.05999755859375 31.989999771118164 AB 10.348784782417578 1.393713159779745
60844.3494 lsst_hardware_g -81.61033405587091 46.70000076293945 32.349998474121094 AB 5.333293673225612 1.2108279869590461
60844.3638 lsst_hardware_r -29.60536530649411 36.11000061035156 31.549999237060547 AB 5.376928873045137 1.2191660962236581
60847.3258 lsst_hardware_r 21.664291807865638 23.25 31.469999313354492 AB 3.612202399455684 1.2069507376919364
60847.3372 lsst_hardware_i -23.46222130038315 31.739999771118164 31.229999542236328 AB 4.100204556673821 1.2093215032218356
60849.1199 lsst_hardware_r -7.787354439736406 34.27000045776367 32.11000061035156 AB 5.5543410354781075 1.7357315735869085
60849.1374 lsst_hardware_i 42.07487483355471 48.40999984741211 31.90999984741211 AB 5.58986942116269 1.6276827316481588
60860.0451 lsst_hardware_r -5.235054945146435 42.16999816894531 31.3700008392334 AB 18.01687682760777 2.115650167638301
60860.0584 lsst_hardware_z -88.15362699430077 53.900001525878906 30.850000381469727 AB 16.92183666936994 1.9843842473608846
60861.3382 lsst_hardware_i 14.680290985810421 31.93000030517578 31.219999313354492 AB 5.635716031663999 1.23952698643642
60861.3498 lsst_hardware_r 15.722349467472927 23.100000381469727 31.450000762939453 AB 5.66824095412895 1.2553316744711982
60863.2844 lsst_hardware_z -19.29353952535619 55.45000076293945 30.950000762939453 AB 1.925090970523292 1.2072058761642717
60863.2957 lsst_hardware_g -2.198820761992764 63.5099983215332 31.639999389648438 AB 1.7974076524353695 1.2101038952661822
60867.2681 lsst_hardware_i 45.889140977948145 91.97000122070312 31.299999237060547 AB 10.47092677617989 1.2068029976676489
60867.2804 lsst_hardware_z -27.38220256788978 79.01000213623047 30.969999313354492 AB 10.494930598577712 1.208652442301501
60875.239 lsst_hardware_z -11.026420350634417 43.529998779296875 30.93000030517578 AB 3.0385655689092697 1.2072571210446392
60875.2506 lsst_hardware_u -1.9646398463055663 2.609999895095825 28.329999923706055 AB 2.626922687465291 1.2070868179047862
60877.2102 lsst_hardware_r 8.661468595661633 22.989999771118164 31.459999084472656 AB 6.858033477230929 1.2164846303346757
60877.2235 lsst_hardware_g -1.9515885935371935 13.550000190734863 31.350000381469727 AB 6.789799370531382 1.2097638076670614
60879.2126 lsst_hardware_r -5.922060432445214 23.010000228881836 31.459999084472656 AB 5.917190374372746 1.2120422725056832
60879.2241 lsst_hardware_i -27.730816862434366 31.709999084472656 31.229999542236328 AB 5.9096887390058725 1.2079900669108858
60881.2181 lsst_hardware_z -32.96439872867269 43.439998626708984 30.93000030517578 AB 6.608703803806675 1.2081173262294547
60881.2298 lsst_hardware_i 32.7983259061362 31.65999984741211 31.219999313354492 AB 6.594621874151949 1.2068115791292797
60884.0599 lsst_hardware_u -1.0533639916086563 2.299999952316284 27.969999313354492 AB 6.8723745564754 1.534297575399159
60884.0705 lsst_hardware_g -4.716137003097032 13.5600004196167 31.260000228881836 AB 6.671738906580622 1.4868489187491634
60886.2189 lsst_hardware_z -22.30513918758352 43.459999084472656 30.93000030517578 AB 5.431231624333322 1.2069403609629605
60886.2299 lsst_hardware_u -0.221311496230191 2.5799999237060547 28.299999237060547 AB 5.440847811941261 1.2090772915425023
60888.1958 lsst_hardware_r 4.180430173947368 25.600000381469727 31.479999542236328 AB 5.646612991158256 1.208995394745371
60888.2066 lsst_hardware_g 9.045345011517336 13.460000038146973 31.34000015258789 AB 5.618291451307829 1.2069369390563005
60890.1951 lsst_hardware_r 37.00446248328796 42.880001068115234 31.579999923706055 AB 2.707836251070811 1.2077770968201655
60890.2067 lsst_hardware_i 11.29783107005742 42.0099983215332 31.270000457763672 AB 2.6834654128585473 1.206865488130671
60894.192 lsst_hardware_z -83.49343445556612 100.12999725341797 31.729999542236328 AB 3.4069237661227834 1.2068451172946453
60896.185 lsst_hardware_r 109.9571743163544 111.02999877929688 31.6200008392334 AB 4.585515073074736 1.2069262343590286
60896.1972 lsst_hardware_i 90.59879666292143 85.73999786376953 31.309999465942383 AB 4.584661674810043 1.207708216571992
60899.1846 lsst_hardware_z 76.49726577316831 54.459999084472656 30.950000762939453 AB 3.2754482790389696 1.2070564551321326
60899.1982 lsst_hardware_r -62.35765311986453 63.86000061035156 31.600000381469727 AB 3.285125227502271 1.210436708733335
60902.1218 lsst_hardware_z -12.366427625624508 43.72999954223633 30.93000030517578 AB 4.4619381818090735 1.2342559687814683
60902.1289 lsst_hardware_i 27.166412040981218 31.690000534057617 31.219999313354492 AB 4.069752415642276 1.2269377195183226
60904.1301 lsst_hardware_r -2.626113951841103 22.950000762939453 31.459999084472656 AB 5.161312418272821 1.2211306983295318
60904.141 lsst_hardware_u -2.6748983099190538 2.640000104904175 28.350000381469727 AB 5.165068162223996 1.2137869721660652
60906.1373 lsst_hardware_g 6.322783468941058 13.359999656677246 31.350000381469727 AB 2.26014676312075 1.2128504229250066
60906.1488 lsst_hardware_r -22.444673171276513 22.770000457763672 31.459999084472656 AB 2.208954851083562 1.208399809126675
60910.1267 lsst_hardware_r -4.791999782150512 23.456512188134674 31.459999084472656 AB 2.6373998771298224 1.2126905711379365
60910.1376 lsst_hardware_g -6.3213982765082015 13.413893900211983 31.350000381469727 AB 2.636897798047221 1.2084774509840608
60912.13 lsst_hardware_r 111.74771385924365 24.928694037333614 31.450000762939453 AB 4.233467366778065 1.2091014947005136
60912.1421 lsst_hardware_i 180.25442029732142 33.107310820388534 31.219999313354492 AB 4.288096060015384 1.2068944722812789
60932.1 lsst_hardware_u 18.027648659510536 5.222600438918668 28.309999465942383 AB 1.4495632064583148 1.2079693387152624
60932.1122 lsst_hardware_g 2895.319322944145 55.252601936722634 31.350000381469727 AB 1.4662536238532287 1.2122807969022147
60936.1431 lsst_hardware_z 2723.826984922371 67.78397819932466 30.93000030517578 AB 2.8221750460909756 1.25253719036499
60936.1542 lsst_hardware_r 5309.113705665894 76.56990777783868 31.459999084472656 AB 2.8593766899223727 1.2702695201788696
60938.1373 lsst_hardware_u 11.68526543596623 4.263242234792794 28.229999542236328 AB 8.829226312965963 1.2520469352602344
60938.1495 lsst_hardware_r 5172.866060470357 74.50542818139519 31.43000030517578 AB 8.953785320700373 1.271603671752431
60941.1401 lsst_hardware_r 4816.898093361564 72.53692400840222 31.450000762939453 AB 1.7468317853047168 1.269499843971451
60941.1515 lsst_hardware_u 8.933027308044853 3.9131787722649483 28.25 AB 1.7655609788525475 1.2909293045469263
60943.0463 lsst_hardware_r 4512.513709051754 70.5135850817258 31.459999084472656 AB 5.367249063122226 1.2088398790815822
60943.0572 lsst_hardware_u 10.522840943855382 3.7480708951076713 28.299999237060547 AB 5.324190945678792 1.2069346257394873
60945.0529 lsst_hardware_g 1660.4645379644764 44.03612559027894 31.40999984741211 AB 3.3792773630417017 1.2068847725148935
60945.067 lsst_hardware_r 4097.164885838251 68.91121174115261 31.479999542236328 AB 3.384075062608559 1.208598236645914
60947.048 lsst_hardware_i 3508.53828058715 69.35781733526278 31.239999771118164 AB 4.096424195220772 1.2068716786391387
60947.0594 lsst_hardware_z 2128.6417459852773 64.08564418360112 30.93000030517578 AB 4.100966942074459 1.2080617464869772
60950.0535 lsst_hardware_r 3405.76497355064 83.05865672708761 31.600000381469727 AB 5.881864507877593 1.2086436880463562
60950.065 lsst_hardware_z 1899.5351134920993 68.83726289813161 30.950000762939453 AB 5.941469078689221 1.2132875390421884
60955.0307 lsst_hardware_r 2639.491849207544 96.5997772658065 31.610000610351562 AB 4.674363126687657 1.2070140626668078
60955.0427 lsst_hardware_z 1637.4278177415217 72.57296864298127 30.959999084472656 AB 5.118427408892389 1.209529723846874
60957.0315 lsst_hardware_r 2040.9145423550713 50.17024065396611 31.459999084472656 AB 4.706726821867704 1.2079370773431808
60957.0429 lsst_hardware_u 12.469871553044486 6.680089174989276 28.860000610351562 AB 4.00381432787464 1.2118082106139894
60959.0747 lsst_hardware_g 504.86189045806134 26.054550835145687 31.329999923706055 AB 3.765899674569174 1.2447883454940978
60959.0859 lsst_hardware_r 1775.0429929646198 47.425375691909 31.440000534057617 AB 5.296698964715472 1.2611188011227314
60961.0736 lsst_hardware_i 1971.1587649706353 54.88074507292944 31.219999313354492 AB 5.895856826009407 1.250778430338639
60961.0852 lsst_hardware_z 1579.2429520171988 57.807231150464744 30.920000076293945 AB 6.621539509233713 1.2690208916664734
60963.0782 lsst_hardware_r 1264.637675696134 43.19994792406227 31.440000534057617 AB 7.508092752813313 1.2664049397525667
60963.0901 lsst_hardware_u 3.4558933674050603 2.777407050596585 28.190000534057617 AB 7.987303944962932 1.288274829832731
60965.0783 lsst_hardware_g 336.95364747640866 22.394645537832176 31.329999923706055 AB 8.306729195716146 1.2761586269183685
60965.0895 lsst_hardware_i 1817.4911742491513 53.294010267885426 31.209999084472656 AB 8.927648713483196 1.2983152911168347
60968.0806 lsst_hardware_z 1383.5446581303052 57.81972990490624 30.920000076293945 AB 3.7303972036877036 1.2968152740303152
60968.0912 lsst_hardware_r 984.540773961969 38.96751195788098 31.440000534057617 AB 4.303569315196176 1.3208223172550222
61175.3352 lsst_hardware_r 21.16321958771491 39.63999938964844 32.63999938964844 AB 9.9396559424352 1.2953645381598933
61175.3611 lsst_hardware_z 20.995687974780957 75.3499984741211 32.119998931884766 AB 9.615121057722444 1.2500563665905207
61177.4327 lsst_hardware_z 3.7592525128376373 62.650001525878906 30.959999084472656 AB 8.100355799461028 1.2090083282777653
61178.4101 lsst_hardware_u 1.0707051672842889 2.509999990463257 28.25 AB 9.595088458337791 1.2070305843262275
61178.424 lsst_hardware_y -63.316991133706 51.209999084472656 30.0 AB 9.965302457882911 1.2075129451252884
61182.4151 lsst_hardware_i -41.36485121626676 31.739999771118164 31.229999542236328 AB 4.981506101922394 1.2079306745689604
61182.4286 lsst_hardware_y 55.949841356786756 54.380001068115234 30.0 AB 4.843476933920369 1.2130172849220633
61185.3882 lsst_hardware_z -13.738227821281209 43.060001373291016 30.93000030517578 AB 9.482414931683113 1.207438234085286
61185.4015 lsst_hardware_r -40.473866217920076 22.559999465942383 31.459999084472656 AB 9.49633696291807 1.2070080451109695
61187.389 lsst_hardware_u -2.931851560375921 2.5299999713897705 28.270000457763672 AB 5.972547193845918 1.206758032802125
61187.4024 lsst_hardware_g 19.27213396571083 13.25 31.34000015258789 AB 6.001827574697896 1.2081581349097472
61189.3741 lsst_hardware_r 64.12752127249281 62.56999969482422 31.610000610351562 AB 10.278394012377097 1.2081094692001995
61189.387 lsst_hardware_i 24.831106736319178 51.9900016784668 31.290000915527344 AB 9.829351196697639 1.2067463410579848
61194.2868 lsst_hardware_i -76.90009412889711 67.08000183105469 31.270000457763672 AB 11.290794893509291 1.2882662564381346
61222.3378 lsst_hardware_i 0.3057712105508365 88.37999725341797 31.299999237060547 AB 10.6119749172444 1.2264634403056227
61222.3497 lsst_hardware_r 15.861519093658552 111.91000366210938 31.610000610351562 AB 10.665744794954353 1.239290227540317
61223.235 lsst_hardware_i 7.872750331452764 78.12000274658203 31.299999237060547 AB 10.199800840887958 1.243372715264684
61223.2481 lsst_hardware_z -174.03644238002107 68.4800033569336 30.959999084472656 AB 10.2190391779957 1.2284344616674021
61225.3406 lsst_hardware_r 35.79526810216767 65.79000091552734 31.600000381469727 AB 8.894249463479907 1.2381929437901344
61225.3528 lsst_hardware_i -2.263574076108224 56.27000045776367 31.280000686645508 AB 8.995118299550905 1.254593019219764
61231.2362 lsst_hardware_r -11.029643055590077 23.079999923706055 31.459999084472656 AB 11.802877428909973 1.2197675526793608
61231.2483 lsst_hardware_i 7.504643730723883 31.739999771118164 31.219999313354492 AB 11.657893131892044 1.2122172332215653
61233.241 lsst_hardware_z -49.81834783990146 43.41999816894531 30.920000076293945 AB 8.586922759491152 1.2131563389047757
61233.253 lsst_hardware_i 5.4740581899629435 31.579999923706055 31.219999313354492 AB 9.1689503193568 1.2083752919397293
61235.2745 lsst_hardware_g 2.8093050342006474 13.630000114440918 31.350000381469727 AB 7.578402100340605 1.2090622368124768
61235.2864 lsst_hardware_r -26.83510896429699 23.1299991607666 31.459999084472656 AB 7.628877695386512 1.2144026894916446
61237.2376 lsst_hardware_r 12.373483481221912 22.8799991607666 31.450000762939453 AB 3.518080301539733 1.2097937763204034
61237.2495 lsst_hardware_i 51.62170285057364 31.600000381469727 31.219999313354492 AB 3.543734220916866 1.2069939444539735
61238.2351 lsst_hardware_z 31.92404509888128 43.09000015258789 30.93000030517578 AB 2.1016717530466895 1.2097112930046179
61238.2466 lsst_hardware_u -1.5365668940136852 2.490000009536743 28.219999313354492 AB 2.0684182235034947 1.2070131629080887
61244.2098 lsst_hardware_r -19.70545541346771 41.83000183105469 31.559999465942383 AB 5.923139525647969 1.213799554420841
61244.2218 lsst_hardware_i -3.539157596106959 41.16999816894531 31.260000228881836 AB 5.904450820759391 1.2087106543801955
61246.2123 lsst_hardware_z -140.44727236135793 55.34000015258789 30.950000762939453 AB 6.611230063835558 1.2100723096614912
61246.2233 lsst_hardware_i -8.29261951433335 54.83000183105469 31.280000686645508 AB 6.534283001541007 1.2072020694731203
61249.2086 lsst_hardware_r 21.856478206489882 110.62999725341797 31.610000610351562 AB 3.1359743109336136 1.208584376503946
61249.2207 lsst_hardware_i -119.21487892276959 87.19000244140625 31.299999237060547 AB 3.084461228561488 1.2067532193121528
61251.2144 lsst_hardware_z 62.128501215769674 105.31999969482422 31.719999313354492 AB 5.430507867096337 1.2067795260214083
61253.2141 lsst_hardware_z 1.2743515362225386 59.2400016784668 30.959999084472656 AB 5.41362784899856 1.2068725233704154
61253.2263 lsst_hardware_r -1.7160315675116713 76.04000091552734 31.600000381469727 AB 5.417243247851778 1.2093860502720148
61256.2147 lsst_hardware_i -44.54198841676223 40.970001220703125 31.25 AB 1.9182724009948366 1.2083605675558025
61256.2268 lsst_hardware_z 7.394174991743253 47.58000183105469 30.940000534057617 AB 1.8475444102306804 1.213161856239024
61258.1914 lsst_hardware_z -5.261067381246484 43.34000015258789 30.93000030517578 AB 1.9647542598610432 1.2070986646699016
61258.2022 lsst_hardware_i -16.24612994715655 31.520000457763672 31.219999313354492 AB 1.9342800310184494 1.207039020916427
61261.1906 lsst_hardware_r -10.259868319271131 22.959999084472656 31.459999084472656 AB 4.556726230749403 1.2067867574980213
61261.2025 lsst_hardware_i 35.982884219696025 31.799999237060547 31.219999313354492 AB 4.592120629010456 1.2087708947118863
61266.2313 lsst_hardware_g 12.55295863387791 13.470000267028809 31.34000015258789 AB 3.04654266522044 1.2414599287776855
