data/validation/pwv_sim_epoch_fit_4/36440238.ecsv
# %ECSV 0.9
# ---
# datatype:
# - {name: time, datatype: float64}
# - {name: band, datatype: string}
# - {name: flux, datatype: float64}
# - {name: fluxerr, datatype: float64}
# - {name: zp, datatype: float64}
# - {name: zpsys, datatype: string}
# - {name: pwv, datatype: float64}
# - {name: airmass, datatype: float64}
# meta: {SNID: '36440238', alt: 1024.0, c: 0.040466196835041046, dec: -30.345182, lat: -30.244573, lon: -70.7499537, ra: 6.503906, t0: 60589.12109375,
#   x0: 5.8012338637374855e-06, x1: 0.43971630930900574, z: 0.577118992805481}
# schema: astropy-2.0
time band flux fluxerr zp zpsys pwv airmass
60483.3515 lsst_hardware_z 25.764433425606118 61.720001220703125 30.959999084472656 AB 4.179370290273293 1.2116750859675238
60483.3726 lsst_hardware_i 74.4579307690438 65.5 31.309999465942383 AB 3.8964974640510626 1.131387184683867
60484.3769 lsst_hardware_z -127.17689572144374 86.13999938964844 31.729999542236328 AB 4.322433379781228 1.109928968530644
60486.3567 lsst_hardware_r 18.95056826600435 77.7300033569336 31.6299991607666 AB 6.311148407079565 1.1577964423187388
60486.3796 lsst_hardware_i -105.52550926346565 63.209999084472656 31.31999969482422 AB 5.874684971725672 1.0879046243936428
60491.3625 lsst_hardware_i 38.16763488704206 56.650001525878906 32.43000030517578 AB 9.432937877471739 1.0968532415664813
60491.3948 lsst_hardware_y -142.9798765969945 81.11000061035156 31.229999542236328 AB 10.007255803138795 1.0316758559936903
60492.3669 lsst_hardware_r -11.721275761715862 24.1200008392334 31.510000228881836 AB 7.455347276997412 1.078921458320899
60492.3872 lsst_hardware_i -25.408443689616444 30.899999618530273 31.25 AB 7.685347941319078 1.0390051519324517
60494.3707 lsst_hardware_z -45.40721014094073 41.25 30.950000762939453 AB 7.695090589823601 1.0587631521497103
60494.3909 lsst_hardware_i -0.5495319010589962 30.229999542236328 31.260000228881836 AB 6.5094509978936905 1.0258912554795385
60498.3429 lsst_hardware_g -1.4647161112044422 13.920000076293945 31.40999984741211 AB 1.6276648735260044 1.098165887906896
60498.3627 lsst_hardware_r 3.5988691397260415 22.610000610351562 31.489999771118164 AB 1.624142398754177 1.0530993021588966
60500.3501 lsst_hardware_u -2.453512883085935 2.609999895095825 28.3799991607666 AB 8.520996054573926 1.0675264413146988
60500.3695 lsst_hardware_g 22.85647144980541 13.65999984741211 31.420000076293945 AB 8.238709134531698 1.0327216564406925
60502.3878 lsst_hardware_r -26.891323166581955 22.43000030517578 31.5 AB 7.8961575692626305 1.0076449282836943
60505.2288 lsst_hardware_r 42.330422726036666 24.56999969482422 31.3700008392334 AB 9.6372527680139 1.6755582905850073
60505.2484 lsst_hardware_u 1.1367276664153847 2.440000057220459 28.100000381469727 AB 8.417106887886044 1.4796056933222252
60507.268 lsst_hardware_i 15.522800385018167 39.75 31.229999542236328 AB 2.457463440708133 1.303118041913283
60507.2857 lsst_hardware_z -5.689809224251863 46.15999984741211 30.93000030517578 AB 2.2705811075472853 1.212917258305174
60509.2471 lsst_hardware_r -45.95481467547733 59.150001525878906 31.540000915527344 AB 3.5284900911455486 1.4037688921442357
60509.2664 lsst_hardware_z -13.804451816786298 52.33000183105469 30.940000534057617 AB 2.7699248163909855 1.2813838780528846
60510.1996 lsst_hardware_i -109.60524948759 89.63999938964844 31.90999984741211 AB 6.502277126490391 1.885628939533221
60510.2176 lsst_hardware_r 59.37269709897733 73.73999786376953 31.489999771118164 AB 4.837932706114455 1.647423168937953
60512.2544 lsst_hardware_i -35.97847622415699 79.73999786376953 31.290000915527344 AB 6.390366717798302 1.3028270576551073
60512.2735 lsst_hardware_z 70.64044622235014 68.52999877929688 30.969999313354492 AB 5.9270362869800595 1.206521381573549
60515.2678 lsst_hardware_r -48.33683146295559 92.41999816894531 31.6200008392334 AB 7.047977346454482 1.1958561189617922
60515.2867 lsst_hardware_z -57.97056050517066 67.51000213623047 30.979999542236328 AB 6.643939209625265 1.126727960931362
60517.264 lsst_hardware_r 97.79388066401145 61.439998626708984 31.600000381469727 AB 2.379708080581106 1.1889623185516394
60517.2836 lsst_hardware_i 55.636897150780015 53.349998474121094 31.299999237060547 AB 2.1386629892829 1.1194257991535725
60518.2335 lsst_hardware_i 1.1748459892080896 45.25 31.239999771118164 AB 3.4118402148759053 1.3298928921753674
60518.2521 lsst_hardware_z 80.55111791968635 49.7599983215332 30.940000534057617 AB 3.1183180513864066 1.2292571405879202
60524.3003 lsst_hardware_r 49.8316586200964 22.25 31.489999771118164 AB 2.3880308363280816 1.0382742766643833
60524.3138 lsst_hardware_u 1.0612964227346402 2.6500000953674316 28.43000030517578 AB 2.34632962967778 1.0201433172512089
60528.2531 lsst_hardware_g -14.968390408668471 13.699999809265137 31.3799991607666 AB 4.784464576597714 1.1208553758892017
60528.2728 lsst_hardware_r -13.097763474366303 22.479999542236328 31.479999542236328 AB 4.58600673428982 1.0693939257201988
60530.2547 lsst_hardware_r 13.90093640886855 22.84000015258789 31.489999771118164 AB 3.544506769972924 1.1004367494482843
60530.2757 lsst_hardware_u -0.8763673800901607 2.6700000762939453 28.43000030517578 AB 3.4519347027665073 1.0524191166971057
60532.2621 lsst_hardware_i 13.954556433946228 30.450000762939453 31.239999771118164 AB 7.144336262529528 1.0689113540347153
60532.2811 lsst_hardware_u -4.6054784335445955 2.7200000286102295 28.479999542236328 AB 7.010340001330715 1.0342404014798385
60536.2573 lsst_hardware_y -65.99505136439427 47.709999084472656 30.040000915527344 AB 4.964485431593718 1.0562734960837696
60536.2753 lsst_hardware_r -16.995514507846924 29.34000015258789 31.559999465942383 AB 4.827376575199561 1.02710139897863
60538.2534 lsst_hardware_i 1.7121351409865737 46.849998474121094 31.309999465942383 AB 3.7952371579807496 1.053281664602725
60538.2709 lsst_hardware_z -21.436667885217087 48.66999816894531 30.979999542236328 AB 3.683666465676167 1.0257337878666668
60540.2814 lsst_hardware_z 112.22372470893218 62.849998474121094 30.989999771118164 AB 2.5047124779440035 1.0095576291592114
60542.1651 lsst_hardware_r -105.57376924591767 134.44000244140625 31.59000015258789 AB 2.3753556391555883 1.3481019518476665
60542.1845 lsst_hardware_z 3.647592309747441 87.38999938964844 30.969999313354492 AB 2.1644203791818817 1.2391719728140544
60544.1496 lsst_hardware_z 71.95943585016727 76.26000213623047 30.940000534057617 AB 3.1017566719889316 1.418216043584194
60544.1668 lsst_hardware_i -67.44445544759887 81.47000122070312 31.290000915527344 AB 2.4587437068067293 1.3042003483923774
60545.1612 lsst_hardware_z -102.27373641411427 61.31999969482422 30.950000762939453 AB 3.6429722076453857 1.3212339133721591
60545.1784 lsst_hardware_r -51.40142103688359 71.62000274658203 31.600000381469727 AB 3.659827534029802 1.2291956228374046
60547.1763 lsst_hardware_y -15.849594410121936 85.75 31.18000030517578 AB 2.58659053972457 1.2137919003869404
60548.162 lsst_hardware_r -9.13476712130538 23.739999771118164 31.469999313354492 AB 2.5116273239362132 1.2702093681403641
60548.1798 lsst_hardware_i 3.7456020784493593 31.709999084472656 31.239999771118164 AB 2.7139139705108746 1.1871889634780728
60550.1529 lsst_hardware_z 45.81048237110687 44.5 30.920000076293945 AB 6.708252453519794 1.2900485487538065
60550.1698 lsst_hardware_r 21.95866197329232 23.469999313354492 31.459999084472656 AB 6.4890378750652005 1.2063277227076825
60554.1608 lsst_hardware_u -2.2403712899041093 2.5799999237060547 28.280000686645508 AB 3.7038391123185597 1.1980718461324793
60554.178 lsst_hardware_r 5.546601350561669 23.209999084472656 31.479999542236328 AB 2.8415594903697587 1.1338647253163474
60558.1568 lsst_hardware_r 12.825192913130792 23.597265273556165 31.489999771118164 AB 0.7574200481691549 1.1702125116557047
60558.1748 lsst_hardware_u 3.371994112527995 2.8149374193417422 28.5 AB 0.706603479497236 1.110139009422209
60560.1664 lsst_hardware_g -6.878112685523776 14.15483626581796 31.389999389648438 AB 3.001823145543899 1.1188308406797984
60560.1839 lsst_hardware_r 3.1056903435068763 23.198376952083482 31.489999771118164 AB 2.6991840244650525 1.072807640884361
60567.1652 lsst_hardware_i 246.8512313390244 52.38909710448885 31.309999465942383 AB 1.4808053933670926 1.0718822970445838
60567.1831 lsst_hardware_z 239.93367478641295 52.65142081841599 30.979999542236328 AB 1.0150426404970547 1.0379643532990759
60569.1643 lsst_hardware_r 623.6075076911465 101.01490431460766 31.65999984741211 AB 0.6620343498101998 1.0620871922088768
60569.1793 lsst_hardware_z 276.8682690620406 71.58637615090596 30.989999771118164 AB 0.8436011054060091 1.0354109915998884
60572.1706 lsst_hardware_z 496.32180450160183 78.17669133329483 31.0 AB 6.500239574544911 1.0361837284573245
60572.1889 lsst_hardware_i 746.8774079770108 90.93501685874237 31.350000381469727 AB 6.367133765604965 1.013874803440231
60575.1688 lsst_hardware_z 703.766631988548 53.0987521586658 30.959999084472656 AB 1.9977673743672535 1.027129755458469
60575.1844 lsst_hardware_r 1187.3646722476212 57.08195719722334 31.6299991607666 AB 1.94725795931913 1.0106875221379568
60579.0607 lsst_hardware_i 1245.5261619134806 48.89855992764515 31.200000762939453 AB 3.8374788978543575 1.3705281778051277
60579.0774 lsst_hardware_r 1477.4034902565802 45.796798680212966 31.459999084472656 AB 3.5560203990195016 1.2700072853641078
60581.0859 lsst_hardware_u 4.415623477434396 3.172859255167355 28.31999969482422 AB 4.478337008767125 1.203126337233427
60581.1072 lsst_hardware_g 511.9868002206903 26.21508344502598 31.389999389648438 AB 4.164047052848895 1.1245569751583953
60583.1038 lsst_hardware_i 1617.8845897132485 50.59542658408361 31.239999771118164 AB 7.066506047439742 1.1182360028652771
60583.1243 lsst_hardware_z 1225.7713789793145 53.383657477828045 30.940000534057617 AB 6.748843307130035 1.065803170130819
60585.1067 lsst_hardware_r 1879.6899560997847 49.504767108917406 31.489999771118164 AB 3.942890932309188 1.0946393482257601
60585.1266 lsst_hardware_u -0.7547319885211303 3.0033062376038586 28.440000534057617 AB 3.3388621754471433 1.0504521552452866
60587.1015 lsst_hardware_g 510.8682135874074 25.639024047930093 31.40999984741211 AB 3.8827172850459553 1.0939542959909714
60587.1222 lsst_hardware_i 1710.1506032778602 51.59757471650591 31.25 AB 3.7626500638108484 1.0485300442554055
60589.104 lsst_hardware_z 1312.8261905037702 54.715109115315464 30.950000762939453 AB 8.467067275703164 1.074444110489483
60589.124 lsst_hardware_r 1885.2754219587289 49.46440185768008 31.5 AB 8.177799079558211 1.0364654889012705
60591.1076 lsst_hardware_u -2.9393951965327827 3.0229770269275753 28.530000686645508 AB 5.883358666401733 1.055374073140708
60591.1276 lsst_hardware_g 372.224322448299 24.727425521738606 31.469999313354492 AB 3.6033884919446195 1.0239808161252115
60593.1019 lsst_hardware_z 1386.0294643839914 55.55608510965458 30.950000762939453 AB 4.434513869442544 1.055836635581558
60593.121 lsst_hardware_g 415.39406938621016 30.45374198175375 31.610000610351562 AB 4.306673761446541 1.0253985146301288
60597.1056 lsst_hardware_z 1384.4719661443019 70.40313700979155 30.979999542236328 AB 6.39463398874956 1.0313925788305742
60597.126 lsst_hardware_r 1827.033778046878 88.82449303364828 31.65999984741211 AB 6.216980803242173 1.0093866816251162
60598.0081 lsst_hardware_y 366.85385997813256 63.86145055729263 29.959999084472656 AB 10.762257239197405 1.3754708750425362
60598.0278 lsst_hardware_i 1541.300166851814 91.2986366726632 31.299999237060547 AB 9.84562124358362 1.2581325665073257
60600.0089 lsst_hardware_y 435.8477299055303 66.60937352156883 29.959999084472656 AB 6.997456971724733 1.3343739457903763
60600.0276 lsst_hardware_g 135.54535482357912 119.62868956462158 31.65999984741211 AB 6.4837511425219505 1.232183797514624
60601.9945 lsst_hardware_y 519.2389665506552 84.66605095298041 29.950000762939453 AB 3.223097451499394 1.3942743121122105
60602.0127 lsst_hardware_i 1317.4756241832858 48.34598753702902 31.219999313354492 AB 3.8301218305365436 1.2802279035803605
60604.0103 lsst_hardware_z 1033.056034784817 56.0551503036538 30.93000030517578 AB 5.240369595284282 1.2639071259278554
60604.0291 lsst_hardware_u 4.3390674068255315 2.7244219454217466 28.389999389648438 AB 4.929937281724059 1.1783771687652704
60605.9973 lsst_hardware_y 417.5332274690664 79.14659517330179 29.969999313354492 AB 4.751290072644809 1.3054787945169404
60606.0158 lsst_hardware_r 975.0468176844139 39.06154657111542 31.459999084472656 AB 3.4079235956943106 1.2111678705267657
60608.0119 lsst_hardware_y 370.51118863298694 53.61423801099098 30.0 AB 4.744256094480392 1.2043296905936975
60608.0314 lsst_hardware_z 915.195055554664 52.13107794852801 30.940000534057617 AB 4.1275468723405355 1.1311446621925283
60610.0011 lsst_hardware_y 247.94278367150622 71.40721652911044 30.010000228881836 AB 4.41708269088962 1.2283891608499522
60610.0189 lsst_hardware_u -1.2837421312883515 3.11102722647867 28.540000915527344 AB 4.095990787092638 1.1551017448089784
60612.0231 lsst_hardware_r 709.7018495803547 34.32725978120832 31.5 AB 5.132920719201231 1.122870269445246
60612.0405 lsst_hardware_z 844.9193918239506 50.47866223573933 30.959999084472656 AB 4.861875171633261 1.0760527132480335
60614.0142 lsst_hardware_y 271.0113297208866 52.812394542737366 30.030000686645508 AB 4.733397902484669 1.1337932618031865
60614.0338 lsst_hardware_r 490.68068992173 32.5761878707008 31.5 AB 4.5208011683835005 1.0789501595187352
60616.0139 lsst_hardware_z 827.0299784879921 51.33982759561613 30.950000762939453 AB 3.3379556765336678 1.117619088125112
60616.0327 lsst_hardware_g 61.82075886459013 15.681410031220738 31.43000030517578 AB 3.0525230710621676 1.069028946526952
60623.0136 lsst_hardware_y 368.98594023781993 60.5767007539147 30.049999237060547 AB 14.012793246731372 1.0689988490831308
60623.0311 lsst_hardware_g 81.1862589103479 31.80301133238225 31.65999984741211 AB 13.572419812430251 1.0365637187772907
60625.0243 lsst_hardware_y 530.5263534131304 77.12464715797374 30.809999465942383 AB 5.35813838442814 1.038650522787449
60625.0583 lsst_hardware_z 593.0635898332429 58.39982249654589 30.979999542236328 AB 4.593539000742695 1.0039608051891875
60849.2921 lsst_hardware_r 7.0676398866356855 60.15999984741211 33.33000183105469 AB 4.288528459879748 1.616482646015736
60849.3283 lsst_hardware_i -65.2733501262354 73.37999725341797 32.959999084472656 AB 3.4615627936012103 1.3220481706942877
60860.3746 lsst_hardware_u 4.459510463751673 3.7100000381469727 29.139999389648438 AB 7.630386994183548 1.0475904574132877
60860.3965 lsst_hardware_y -121.53575928136604 65.87000274658203 30.799999237060547 AB 6.44489484639114 1.0171064225346855
60861.3618 lsst_hardware_r -34.557842325981106 22.790000915527344 31.489999771118164 AB 4.841139643462131 1.0673490799137983
60861.3794 lsst_hardware_u 1.192354812569584 2.690000057220459 28.440000534057617 AB 4.104788196324699 1.0352555350125343
60863.3351 lsst_hardware_r 71.1870147944394 45.70000076293945 31.600000381469727 AB 1.7544063286956693 1.1227002956670982
60863.3536 lsst_hardware_i -1.0376966046064877 41.0 31.290000915527344 AB 1.7144092872431222 1.07340662876539
60867.3864 lsst_hardware_z -43.94881339188437 62.369998931884766 30.989999771118164 AB 9.238305685322846 1.0091362167189242
60873.2593 lsst_hardware_g 89.3104723803551 72.94000244140625 32.7599983215332 AB 2.5125843028055597 1.343747733027307
60873.2805 lsst_hardware_r 45.656772965493495 65.8499984741211 32.33000183105469 AB 2.314638045697191 1.2273820834452627
60875.2743 lsst_hardware_u 6.152614725996284 2.7300000190734863 28.309999465942383 AB 2.7319914222418196 1.230857783626876
60875.2959 lsst_hardware_g 4.676013359670325 16.739999771118164 31.459999084472656 AB 2.5574362335966243 1.1436271586793176
60877.267 lsst_hardware_r 17.924912415741577 23.309999465942383 31.459999084472656 AB 5.930571024890603 1.2396678563734538
60877.287 lsst_hardware_i 13.721030176236903 31.299999237060547 31.229999542236328 AB 5.5257406643327975 1.1556903229920799
60879.2708 lsst_hardware_z 46.82940769882364 43.0099983215332 30.93000030517578 AB 6.119870927774797 1.1976654674532368
60879.2914 lsst_hardware_r -28.88207896798667 22.639999389648438 31.479999542236328 AB 5.788199488870949 1.1227595025612858
60881.2706 lsst_hardware_u -2.0575350514373074 2.559999942779541 28.299999237060547 AB 6.942680231271075 1.1762602752478244
60881.2897 lsst_hardware_g 13.493691767504899 13.609999656677246 31.389999389648438 AB 6.657787857205736 1.1114837825051311
60888.2414 lsst_hardware_r 8.393525057283275 23.190000534057617 31.459999084472656 AB 5.417387588770784 1.2188512649101808
