data/validation/pwv_sim_epoch_fit_4/36521977.ecsv
# %ECSV 0.9
# ---
# datatype:
# - {name: time, datatype: float64}
# - {name: band, datatype: string}
# - {name: flux, datatype: float64}
# - {name: fluxerr, datatype: float64}
# - {name: zp, datatype: float64}
# - {name: zpsys, datatype: string}
# - {name: pwv, datatype: float64}
# - {name: airmass, datatype: float64}
# meta: {SNID: '36521977', alt: 1024.0, c: 0.0036134980618953705, dec: -4.031936, lat: -30.244573, lon: -70.7499537, ra: 166.640625, t0: 61481.609375,
#   x0: 6.689489237771578e-06, x1: -1.9086973667144775, z: 0.5442569255828857}
# schema: astropy-2.0
time band flux fluxerr zp zpsys pwv airmass
61413.3394 lsst_hardware_u -1.0540617735061566 2.930000066757202 28.479999542236328 AB 9.860793083173764 1.1234383734437676
61413.359 lsst_hardware_y 104.48151047413303 55.97999954223633 30.030000686645508 AB 9.716017461339911 1.1133284589595407
61415.3386 lsst_hardware_r 2.460638288842768 24.520000457763672 31.489999771118164 AB 7.615128011433655 1.1195287735032633
61415.3572 lsst_hardware_y -90.58356246598609 53.59000015258789 30.030000686645508 AB 7.5733078813543715 1.1132578898039103
61418.3503 lsst_hardware_z 22.590730567268537 64.47000122070312 31.709999084472656 AB 4.61769119892261 1.1133673776787485
61420.3537 lsst_hardware_g 8.826505945385241 16.040000915527344 31.459999084472656 AB 5.983275086659287 1.1160397463224958
61422.351 lsst_hardware_i -48.887810241362416 32.52000045776367 31.260000228881836 AB 2.5703820247851112 1.1175574020804833
61422.3707 lsst_hardware_y -38.06012813506146 71.87999725341797 30.040000915527344 AB 2.6177565642942158 1.138155027954007
61424.3493 lsst_hardware_i -8.213831237725422 32.369998931884766 31.25 AB 6.908931212651533 1.120155302399792
61424.3687 lsst_hardware_y -11.036080118935224 59.2599983215332 30.030000686645508 AB 7.043684156497124 1.1436099293460356
61426.3182 lsst_hardware_z -22.241666205734983 56.060001373291016 30.969999313354492 AB 13.393240049190924 1.1144316898977304
61426.3362 lsst_hardware_g 21.47104787237309 52.2599983215332 31.690000534057617 AB 12.57890055679439 1.1155133663538164
61428.3182 lsst_hardware_r 76.06298192990711 115.72000122070312 31.639999389648438 AB 10.034966351887773 1.1133056860198705
61428.3389 lsst_hardware_i -47.343432825031634 92.43000030517578 31.329999923706055 AB 10.690152651308875 1.1205610745606787
61430.3208 lsst_hardware_z 77.92787765411435 116.68000030517578 31.739999771118164 AB 10.916767574090017 1.1139558749071445
61432.3235 lsst_hardware_r 156.220713501878 71.27999877929688 31.6299991607666 AB 13.241564386868932 1.117431593828602
61432.3413 lsst_hardware_i -16.870863250436503 61.790000915527344 31.309999465942383 AB 12.464336120760944 1.1351165187991874
61438.2982 lsst_hardware_g 12.064743485898681 15.649999618530273 31.469999313354492 AB 9.400245054778091 1.113773110755715
61438.3163 lsst_hardware_r 15.42991607519686 24.770000457763672 31.520000457763672 AB 9.444442661799641 1.1247847552758605
61440.2972 lsst_hardware_i 28.493599760960013 31.950000762939453 31.260000228881836 AB 8.60822007230271 1.1151747907549663
61440.3173 lsst_hardware_r 8.800146544897464 24.350000381469727 31.510000228881836 AB 8.839704625349928 1.1322068043996159
61442.286 lsst_hardware_u 4.683610087069508 2.890000104904175 28.510000228881836 AB 4.287071144539502 1.113524972607618
61442.3045 lsst_hardware_g -14.469616590746035 15.390000343322754 31.450000762939453 AB 3.8291874062765787 1.123917641994925
61443.2892 lsst_hardware_r 4.5139321862714255 24.440000534057617 31.510000228881836 AB 4.70989647682572 1.1152523328053325
61443.3074 lsst_hardware_i -23.88072189775898 32.34000015258789 31.25 AB 4.180928493712645 1.1300570291810292
61445.2447 lsst_hardware_z -27.331657478647134 43.11000061035156 30.950000762939453 AB 6.003527621045722 1.1315312472913914
61445.2632 lsst_hardware_r 10.86330593723499 24.40999984741211 31.5 AB 5.898006586837956 1.115638068128239
61447.2723 lsst_hardware_u 0.39032051508164733 2.7799999713897705 28.440000534057617 AB 4.097550470636576 1.1135152327469255
61447.289 lsst_hardware_g -24.430046728496784 15.029999732971191 31.43000030517578 AB 4.1331878386081575 1.1222086128763917
61450.2728 lsst_hardware_r 22.63818582554992 24.270000457763672 31.5 AB 3.697515614627277 1.1165401085967772
61450.2905 lsst_hardware_z -69.4485041496935 42.81999969482422 30.940000534057617 AB 3.9167675558940136 1.1328595693009753
61452.2238 lsst_hardware_r 15.2316289451334 24.65902975950364 31.5 AB 4.40397632060587 1.133876498611124
61452.2417 lsst_hardware_u 2.0978305559640953 2.865084931294221 28.43000030517578 AB 4.490278183717572 1.11684571165715
61456.2374 lsst_hardware_r -162.0710540520093 124.86498761240227 31.649999618530273 AB 3.6764885251354147 1.1140874318592167
61456.255 lsst_hardware_i 34.46579886457239 99.47316003317802 31.329999923706055 AB 3.0134656971767138 1.1158228945359345
61458.2395 lsst_hardware_z -65.60310800386092 106.71505621573361 30.989999771118164 AB 9.017093731815619 1.1132214483722986
61458.2566 lsst_hardware_r -217.82234902174767 157.802163737276 31.639999389648438 AB 10.41541234701872 1.1202379507414595
61460.2433 lsst_hardware_z 169.14874346611347 92.980044043314 31.729999542236328 AB 9.284584360986447 1.1154663736392472
61462.2435 lsst_hardware_r 169.17467329554273 51.305950127939774 31.610000610351562 AB 6.179761536794092 1.118643855088534
61462.2609 lsst_hardware_z 60.21688337559263 51.23359575767112 30.959999084472656 AB 7.3668882675110705 1.1372603554492022
61464.2356 lsst_hardware_r 321.65862332107923 37.0050641337649 31.559999465942383 AB 5.894120720224288 1.1171041402936344
61464.2527 lsst_hardware_y 191.79825518230865 49.66174565003217 30.010000228881836 AB 6.212827571786943 1.1334174170914793
61466.2378 lsst_hardware_g 107.56641417803823 21.059327063468732 31.469999313354492 AB 3.5817546819275394 1.1228071103221855
61466.2548 lsst_hardware_r 528.7804548515944 35.21348115946974 31.510000228881836 AB 3.9910585438086303 1.1448819689640364
61468.2286 lsst_hardware_i 668.2286075884999 41.36203586410763 31.239999771118164 AB 6.267161207209537 1.1197024459773464
61468.248 lsst_hardware_z 637.6693145918811 49.07620365428351 30.93000030517578 AB 6.385709588609377 1.1426518007711257
61470.2348 lsst_hardware_r 1261.8573154000014 42.80440776972155 31.5 AB 8.91647095995982 1.1314361255341812
61470.253 lsst_hardware_u 19.46880601933928 5.009001043030686 28.360000610351562 AB 9.059853101319092 1.1624262214743242
61472.2029 lsst_hardware_u 11.292107478076323 3.9849726236836123 28.3799991607666 AB 11.971269738790578 1.1133475692899943
61472.2216 lsst_hardware_g 583.6226183770918 29.17426408337636 31.440000534057617 AB 12.1204275245458 1.1229723304447998
61474.2038 lsst_hardware_r 1763.1421677955736 49.43780998759284 31.510000228881836 AB 12.152804611587 1.1149362028978897
61474.2225 lsst_hardware_z 1119.8394093644545 54.3400790922852 30.940000534057617 AB 11.409517255522532 1.129729743434141
61477.1964 lsst_hardware_g 675.0058495639721 30.64517786711226 31.450000762939453 AB 15.408344659082612 1.1152536666967665
61477.2152 lsst_hardware_r 2099.7897866628978 52.129040613341004 31.5 AB 15.65961823243531 1.130821651677916
61479.0259 lsst_hardware_i 1560.4098640731243 56.23232345098608 31.1200008392334 AB 18.2848543900657 1.9293969173614935
61481.2049 lsst_hardware_r 4863.7098135445885 83.21586265416694 32.310001373291016 AB 9.708972048730963 1.1316038052873167
61481.2268 lsst_hardware_z 2913.3722692586807 81.10574530059337 31.690000534057617 AB 9.665765975930325 1.171075689950657
61485.1232 lsst_hardware_z 1318.197474915742 114.07909887718058 30.989999771118164 AB 5.638427058119466 1.1506993996162174
61485.1431 lsst_hardware_i 2203.913792653991 133.1377036927297 31.329999923706055 AB 5.859561204689599 1.1231488612135643
61492.1736 lsst_hardware_r 1549.8680235402378 56.3155238953056 31.600000381469727 AB 8.035609697295637 1.130025270327048
61492.1916 lsst_hardware_i 1535.6041398131727 56.611276765725535 31.280000686645508 AB 8.271020793768749 1.159597269899331
61497.1438 lsst_hardware_r 906.0936637895056 38.353423690841566 31.5 AB 9.42723710035495 1.1161777291445596
61497.1624 lsst_hardware_u -4.0363618377817625 3.0438308507161014 28.43000030517578 AB 9.554126234219469 1.1331466802134011
61499.1432 lsst_hardware_g 130.88830360645287 18.075002910589532 31.420000076293945 AB 6.607789589756147 1.1191423682757546
61499.1614 lsst_hardware_i 1050.2570755519203 46.03158795987786 31.239999771118164 AB 6.619220570121633 1.1395421617333237
61501.142 lsst_hardware_z 763.9118011914819 51.50395953346732 30.950000762939453 AB 13.064661851546997 1.1225865141387843
61501.1605 lsst_hardware_r 574.5343884156481 34.58021082287816 31.5 AB 13.230750376746627 1.1470588561920156
61503.1374 lsst_hardware_u -2.1818569510822323 3.266456967320728 28.420000076293945 AB 8.389958741877113 1.1233793588909569
61503.1548 lsst_hardware_g 33.46035909804305 16.50801449471025 31.40999984741211 AB 8.633051042151859 1.1466397983997687
61505.1293 lsst_hardware_r 330.5123940170221 31.295774836847826 31.5 AB 5.430657243918536 1.1210522256115056
61505.1456 lsst_hardware_i 747.5581218982977 42.01823880056287 31.239999771118164 AB 5.557682061646291 1.1404467371151268
61511.1263 lsst_hardware_z 686.2920301720512 66.13097206006222 30.969999313354492 AB 18.972508667139834 1.1360783633017866
61511.1437 lsst_hardware_r 242.72542567823947 73.93898631202835 31.6200008392334 AB 19.51078241505407 1.1683103242547348
61513.0727 lsst_hardware_z 773.0896882766016 90.33206307255193 30.989999771118164 AB 12.68696951955949 1.11832838164112
61513.0909 lsst_hardware_r 245.39395984693985 123.18624511494792 31.649999618530273 AB 12.58069850406202 1.1133361508019486
61515.0926 lsst_hardware_z 779.4849500644981 88.16988073651751 30.989999771118164 AB 7.624464118076824 1.1152312215617002
61515.1104 lsst_hardware_i 344.7638280481696 101.78691159963728 31.329999923706055 AB 7.7196642157870805 1.1295416596284076
61520.0888 lsst_hardware_u -4.033420726573944 11.199665575869522 29.219999313354492 AB 15.030940328892436 1.1214330014095326
61520.1066 lsst_hardware_g 80.80650276339998 51.96895906999961 31.65999984741211 AB 15.295703330680173 1.1436039873405737
61522.0779 lsst_hardware_r 111.82777919574625 26.813525912644124 31.489999771118164 AB 4.581708975694677 1.1174899940718725
61522.0962 lsst_hardware_i 242.86062446844392 35.509628738055575 31.239999771118164 AB 5.06564769601787 1.1359864766536683
61524.0817 lsst_hardware_z 486.7888867413175 47.503574518112295 30.940000534057617 AB 9.533645594496136 1.1249803049732887
61524.0988 lsst_hardware_r 155.66952513982253 26.96485071243418 31.489999771118164 AB 10.122141858118507 1.1490247303751897
61526.0806 lsst_hardware_u 14.108176418929983 4.586583667483284 28.389999389648438 AB 11.252496520742865 1.129825445127051
61526.0984 lsst_hardware_r 131.4978997706915 26.7045844131542 31.489999771118164 AB 11.343892181329242 1.1588407581294558
61528.0831 lsst_hardware_i 162.4006055262388 34.852134553182275 31.25 AB 14.806782951641988 1.140921407645705
61528.1006 lsst_hardware_z 294.73766623149 47.195990258616845 30.940000534057617 AB 15.469135083151949 1.176225912112835
61530.0744 lsst_hardware_r 128.79684095696496 26.605617112715848 31.5 AB 10.229756462320694 1.1360505436796506
61530.0938 lsst_hardware_u 18.423934917157176 4.707837496198812 28.43000030517578 AB 10.887425117181447 1.1729611201445214
61532.0454 lsst_hardware_u 19.405200294604644 4.757315404765563 28.5 AB 7.020644713703352 1.114918963586367
61532.0648 lsst_hardware_g -22.253031720071665 15.818724164021223 31.440000534057617 AB 7.148400450271596 1.130539372176379
61533.0476 lsst_hardware_r 60.129104900412756 26.283565034215815 31.5 AB 11.480214760100317 1.1173320879931308
61533.0655 lsst_hardware_i 153.6062108695929 34.36205102694213 31.239999771118164 AB 11.60513953233691 1.135050976331325
61535.0458 lsst_hardware_z 181.17625448028323 45.769672955590366 30.950000762939453 AB 8.095609668087214 1.1198021534113305
61535.0634 lsst_hardware_r 111.57059566689396 26.55113347583059 31.5 AB 8.355652749443127 1.1400031038191927
61537.0456 lsst_hardware_z 236.68223808969168 46.724529157888576 30.950000762939453 AB 12.982634366610466 1.1243783282042883
61537.0634 lsst_hardware_r 103.72292467228114 31.812584752116447 31.549999237060547 AB 13.249720575069023 1.1492016631309827
61540.9928 lsst_hardware_r 193.72096651536592 95.793979039205 31.639999389648438 AB 7.936915373898661 1.12087492923297
61541.0112 lsst_hardware_z 226.4407241332828 75.24315801485528 30.989999771118164 AB 5.836205983560786 1.1131955526318795
61542.9957 lsst_hardware_y 124.54690995771931 56.85614714642373 30.030000686645508 AB 8.28807161648084 1.1155875291386474
61543.0154 lsst_hardware_r 26.84994788130166 93.50485927274332 31.639999389648438 AB 8.11578794353818 1.114933661390477
61550.9629 lsst_hardware_y 185.15586586563427 50.346051341365516 30.020000457763672 AB 6.477123891954751 1.123135753763592
61550.9821 lsst_hardware_r 90.4202937914621 26.544476793100145 31.510000228881836 AB 6.429177190468787 1.1133095657252077
61552.9633 lsst_hardware_y -84.42527590113481 50.04986077361622 30.030000686645508 AB 7.170100918313564 1.118449622635973
61552.9843 lsst_hardware_r 48.696129776217184 26.602869275562913 31.510000228881836 AB 7.17858503768399 1.113779145523264
61554.9568 lsst_hardware_y -19.533666788632143 56.571412879825495 30.040000915527344 AB 10.814552131522756 1.1191712854727058
61554.9763 lsst_hardware_z 129.7709871586562 45.148014857574786 30.950000762939453 AB 10.619117029250004 1.1133483989568411
61561.9646 lsst_hardware_z -27.83387080662221 68.45999908447266 31.709999084472656 AB 4.796121978327191 1.1153772042621375
61777.3387 lsst_hardware_r -2.1855172344807383 24.479999542236328 31.5 AB 7.734991051326748 1.1276456041684908
61777.3593 lsst_hardware_y -5.37469217015013 57.86000061035156 30.040000915527344 AB 7.678877724458922 1.1137820784149863
61779.3357 lsst_hardware_g 7.040348508297785 15.510000228881836 31.440000534057617 AB 8.244077142810294 1.1250105271302258
61779.3576 lsst_hardware_y 94.99283721240535 54.189998626708984 30.030000686645508 AB 8.169542123147762 1.1132188576236948
61784.3454 lsst_hardware_r 58.17738493364021 106.13999938964844 31.639999389648438 AB 7.6448056025830935 1.113159093712046
61784.3652 lsst_hardware_y 46.09670950428743 69.83999633789062 30.040000915527344 AB 7.716593247617029 1.1213533746446311
61785.3514 lsst_hardware_r 44.09004532880169 104.79000091552734 31.639999389648438 AB 5.959949610080568 1.114703792409084
61785.3709 lsst_hardware_y -181.98301788388525 88.19999694824219 30.040000915527344 AB 6.054093904693238 1.1300221940631334
61787.3461 lsst_hardware_z -153.15321328589582 58.2599983215332 30.969999313354492 AB 2.563951599731299 1.114761565100565
61787.3663 lsst_hardware_y 47.26193996814752 62.70000076293945 30.030000686645508 AB 2.601497925221412 1.1310860544440924
61791.3172 lsst_hardware_g 21.424748046667673 17.09000015258789 31.469999313354492 AB 13.467878375580332 1.1149828939134345
61791.3364 lsst_hardware_r 47.41490997257287 25.299999237060547 31.510000228881836 AB 12.612644476278355 1.1152420840849735
61793.3252 lsst_hardware_i -28.248319513055126 31.860000610351562 31.239999771118164 AB 10.030897173584362 1.1135234006143653
61793.3447 lsst_hardware_z -28.15550029388714 42.869998931884766 30.940000534057617 AB 10.492479772195978 1.1251385740384943
61795.3269 lsst_hardware_r -9.772681684161919 24.260000228881836 31.489999771118164 AB 10.935640969462666 1.1158817315778229
61795.3442 lsst_hardware_g -23.862500026540797 15.069999694824219 31.40999984741211 AB 11.030537908800422 1.1307573458534517
61799.3262 lsst_hardware_i -23.880931796479313 31.860000610351562 31.239999771118164 AB 12.420980674074935 1.1230712344135627
61799.343 lsst_hardware_u -1.1715135012344162 2.7100000381469727 28.3700008392334 AB 13.20881323643413 1.1450659840145174
61801.2926 lsst_hardware_u -1.6279899964793958 2.75 28.40999984741211 AB 11.981799344111877 1.114067814422304
61801.3101 lsst_hardware_g -5.263447922127063 15.100000381469727 31.43000030517578 AB 12.000262144873561 1.115680749802302
61805.295 lsst_hardware_z -10.49398984746925 42.95000076293945 30.940000534057617 AB 8.586083045048872 1.114111121762397
61805.314 lsst_hardware_u -0.9811004416652623 2.680000066757202 28.34000015258789 AB 8.775827975028562 1.1273343221146883
61807.2903 lsst_hardware_g -3.135910315119174 15.09000015258789 31.420000076293945 AB 4.115256871975786 1.1143397974480873
61807.3092 lsst_hardware_r 7.535436953843401 24.309999465942383 31.489999771118164 AB 3.861977170635077 1.12807862440049
