data/validation/pwv_sim_epoch_fit_4/36572598.ecsv
# %ECSV 0.9
# ---
# datatype:
# - {name: time, datatype: float64}
# - {name: band, datatype: string}
# - {name: flux, datatype: float64}
# - {name: fluxerr, datatype: float64}
# - {name: zp, datatype: float64}
# - {name: zpsys, datatype: string}
# - {name: pwv, datatype: float64}
# - {name: airmass, datatype: float64}
# meta: {SNID: '36572598', alt: 1024.0, c: 0.04986852407455444, dec: -34.590576, lat: -30.244573, lon: -70.7499537, ra: 72.597656, t0: 62441.64453125,
#   x0: 1.1120586049149586e-05, x1: -0.27372443675994873, z: 0.4403180181980133}
# schema: astropy-2.0
time band flux fluxerr zp zpsys pwv airmass
62367.3569 lsst_hardware_y -119.44977074281995 50.02000045776367 29.959999084472656 AB 3.095439843831082 1.2995129487116213
62367.375 lsst_hardware_g 4.374822455208156 13.470000267028809 31.360000610351562 AB 2.1798520898821923 1.21102893882344
62369.355 lsst_hardware_r -9.813964460241305 51.34000015258789 31.579999923706055 AB 2.431190151274971 1.28024757834385
62369.3742 lsst_hardware_i -10.191843153636658 44.06999969482422 31.280000686645508 AB 2.17194037672791 1.1917368322238189
62378.3275 lsst_hardware_z 175.87636867735023 100.12000274658203 32.439998626708984 AB 4.011212370553554 1.2960298450900012
62380.3416 lsst_hardware_y 99.87641376095188 49.22999954223633 30.0 AB 0.9715891207029479 1.2022138016534722
62380.36 lsst_hardware_g -20.51797306024049 27.459999084472656 31.600000381469727 AB 0.9089278447837602 1.1352137944842966
62385.3356 lsst_hardware_i -24.36503569159919 31.200000762939453 31.229999542236328 AB 1.0270871826815053 1.1721394381529306
62385.3539 lsst_hardware_z 14.769431350275948 42.08000183105469 30.940000534057617 AB 0.9705994308241881 1.1126474178343768
62387.3334 lsst_hardware_r 0.15508360498832965 22.239999771118164 31.459999084472656 AB 3.382307760994006 1.1603114102897036
62387.3511 lsst_hardware_u 0.7926177728176897 2.569999933242798 28.350000381469727 AB 3.306720392387335 1.1053104375667973
62389.3299 lsst_hardware_g 0.19776101752551395 13.010000228881836 31.360000610351562 AB 3.242306962789271 1.1534696141082983
62389.3476 lsst_hardware_i 67.74846101108871 30.239999771118164 31.239999771118164 AB 3.9750294165702016 1.1001003920397237
62390.3248 lsst_hardware_z 13.50211575602637 42.560001373291016 30.940000534057617 AB 2.8687916765930206 1.161767687605165
62390.3423 lsst_hardware_r 17.228698891141235 21.93000030517578 31.469999313354492 AB 3.351891486265971 1.1069654842357897
62393.3249 lsst_hardware_u -0.7239951901475713 2.5899999141693115 28.360000610351562 AB 1.8402627829259062 1.1339813800507372
62393.3416 lsst_hardware_g -25.176813288634808 12.970000267028809 31.3799991607666 AB 1.6138327884737211 1.0877327264482506
62395.3288 lsst_hardware_r 27.808937609590075 22.09000015258789 31.489999771118164 AB 2.91983298538024 1.1065562097196462
62395.3461 lsst_hardware_i 20.553417739990973 30.059999465942383 31.25 AB 4.374770081061304 1.0656525378628916
62404.2572 lsst_hardware_r -163.16522849049588 74.43000030517578 31.59000015258789 AB 7.531966781603016 1.2923019928400943
62404.2807 lsst_hardware_i -37.329798494704285 59.18000030517578 31.290000915527344 AB 7.026931476997276 1.1836493223465372
62414.2735 lsst_hardware_r 16.07378124537495 21.827071059032477 31.469999313354492 AB 7.39444095443659 1.1161420308583532
62414.2928 lsst_hardware_u -2.041050015850583 2.6387078005334574 28.440000534057617 AB 7.40165744034352 1.0685870773724528
62416.27 lsst_hardware_g -30.361286030180718 13.196107534150705 31.3700008392334 AB 4.886636262714579 1.1105991506169497
62416.29 lsst_hardware_r -9.866094557216101 21.787287803058202 31.469999313354492 AB 4.678018208858642 1.0631859565587822
62418.2981 lsst_hardware_z 79.74431374804888 41.27343595777225 30.950000762939453 AB 2.831582393310027 1.0395896808848195
62418.3195 lsst_hardware_r 62.519919793793775 22.503342886614895 31.479999542236328 AB 2.762320125489422 1.0146884261623932
62420.2487 lsst_hardware_z 172.97961595601052 43.9956481745738 30.940000534057617 AB 4.11106255660196 1.141961821278322
62420.268 lsst_hardware_r 236.98591985516344 26.402794276828683 31.469999313354492 AB 4.497117576111009 1.0874641997648788
62425.1942 lsst_hardware_r 1210.8997891692857 53.3326193053023 31.549999237060547 AB 10.032219311879658 1.3244728116548676
62425.2138 lsst_hardware_i 884.1987341720609 48.857056535922716 31.260000228881836 AB 8.724872204191138 1.2235131403998232
62427.2191 lsst_hardware_z 1890.054902828198 81.63008072308317 31.709999084472656 AB 5.968988541800223 1.1790594650469577
62429.2101 lsst_hardware_r 2369.1717467482845 87.25908745867402 31.6200008392334 AB 1.3344864779192391 1.1929259337776272
62429.2292 lsst_hardware_i 1627.4031654015162 69.97399650045166 31.309999465942383 AB 1.2662016046142042 1.126012987651582
62433.1899 lsst_hardware_i 2521.842509588493 85.21542994029849 31.299999237060547 AB 2.909796932614917 1.2328342051124141
62433.2084 lsst_hardware_z 1765.420308328273 75.21693464806835 30.969999313354492 AB 1.9487629316323747 1.1582543427248333
62440.1917 lsst_hardware_u -1.5973837551198828 3.1250911412129554 28.34000015258789 AB 3.963837397514213 1.1499383224582242
62440.2106 lsst_hardware_g 1312.1357023978996 38.43182929620034 31.3799991607666 AB 4.184560597252335 1.0943604046426803
62442.1812 lsst_hardware_g 1223.8973002243504 36.583408740378886 31.34000015258789 AB 4.158346692768843 1.1676649189944102
62442.1982 lsst_hardware_r 4098.532447185058 66.02456447184382 31.459999084472656 AB 3.9418500230955034 1.1128882052782336
62451.2051 lsst_hardware_z 1976.8410808279118 59.92407922115544 30.940000534057617 AB 0.7883031986249968 1.0441101968543003
62451.2225 lsst_hardware_r 3024.291714977133 58.63442083188738 31.479999542236328 AB 2.350031768083115 1.0211609652736595
62456.1387 lsst_hardware_z 3060.5495292402416 88.29748538796782 31.690000534057617 AB 6.984767282055769 1.1837752614175443
62456.1461 lsst_hardware_r 5029.005448212633 99.09288193593432 32.349998474121094 AB 6.717957503543632 1.1565237793921637
62458.127 lsst_hardware_y 583.0853950604463 56.156567574196586 29.989999771118164 AB 5.819652481322471 1.209152811411276
62458.1441 lsst_hardware_r 2219.188611871212 81.20821168835941 31.6200008392334 AB 5.343206227261425 1.1447683400667221
62460.1169 lsst_hardware_z 2922.1672411139198 105.74503755765203 31.719999313354492 AB 7.119157539669461 1.2295608876803465
62461.1112 lsst_hardware_z 1441.5479928930915 77.37424157247179 30.959999084472656 AB 4.085047929827584 1.2433565453743978
62461.1291 lsst_hardware_r 1800.377994826015 104.80446881596568 31.6200008392334 AB 3.329024947825716 1.168488925175497
62463.1129 lsst_hardware_i 1875.5381747615625 77.78387060086388 31.299999237060547 AB 8.296410524365035 1.2110664220662777
62463.1303 lsst_hardware_z 1204.3569869911485 69.74660893784777 30.969999313354492 AB 7.55871885906267 1.1452604331913137
62466.1131 lsst_hardware_g 195.4544114409986 18.69363776028054 31.34000015258789 AB 4.2660196431567075 1.177238949474083
62466.1293 lsst_hardware_r 1031.384440216639 39.07235487576098 31.459999084472656 AB 5.854393947839896 1.1226605202243436
62473.135 lsst_hardware_z 951.2027585605019 51.15391937372925 30.950000762939453 AB 6.874305930751828 1.0619645338397146
62473.1508 lsst_hardware_u 0.2804518115769163 2.9731564388040606 28.440000534057617 AB 6.7012323367890385 1.0354179995564243
62477.041 lsst_hardware_y 353.5720066834028 55.183972444181734 29.920000076293945 AB 7.571869281353642 1.3965514643915604
62477.0585 lsst_hardware_r 502.05474493043045 31.651874511417113 31.43000030517578 AB 5.805087619910575 1.2890169023891138
62479.047 lsst_hardware_y 483.6512818002482 53.67532768306315 29.950000762939453 AB 7.082926774635414 1.32308719326938
62479.0704 lsst_hardware_z 809.7325832184493 51.3198191569436 30.940000534057617 AB 6.473580761268026 1.2060325581447449
62481.046 lsst_hardware_y 197.35891751967236 53.26638971485449 29.969999313354492 AB 12.965989768239618 1.2976370864930487
62481.0692 lsst_hardware_z 743.4272661004449 50.323863000950574 30.940000534057617 AB 12.010043835113935 1.1886425014957394
62483.0477 lsst_hardware_y 444.58388760303296 53.48517365684274 29.969999313354492 AB 14.247354027581078 1.2600472298204224
62483.0705 lsst_hardware_r 380.3004265290335 38.223260495438126 31.549999237060547 AB 13.11707481895118 1.1631705966969212
62485.0591 lsst_hardware_z 1265.5871137079948 77.50928424871545 31.700000762939453 AB 9.100316356956544 1.1854108190798254
62487.0464 lsst_hardware_y 434.68223327477045 78.77170404480847 30.75 AB 13.280263622561812 1.2152510635579987
62487.0681 lsst_hardware_z 1227.2358250774043 82.03896196191563 31.719999313354492 AB 12.392510612363184 1.1344903330639697
62489.0484 lsst_hardware_y 271.6058306279248 58.08087551058165 30.010000228881836 AB 4.816951700001232 1.1845448665933767
62489.0705 lsst_hardware_i 752.3033359446034 71.18322456083393 31.31999969482422 AB 4.623989741931965 1.1111353458925783
62491.0477 lsst_hardware_y 208.31181292975535 59.38435183269229 30.020000457763672 AB 5.176983124389667 1.1666221759720221
62491.0703 lsst_hardware_i 533.024402878514 75.14112981808344 31.31999969482422 AB 4.737674165066729 1.0970435903131959
62493.0485 lsst_hardware_y 215.5525835127149 51.41062381118303 30.010000228881836 AB 5.595648766861178 1.1448897732708292
62493.0719 lsst_hardware_g 127.03784668881227 48.91179935455568 31.690000534057617 AB 5.285967822659131 1.0799443930793649
62495.0484 lsst_hardware_y 171.90096692734284 51.18337140936451 30.030000686645508 AB 8.020051871659874 1.1278374169118748
62495.0704 lsst_hardware_i 467.5670691552168 37.05361644288986 31.25 AB 7.643497655633881 1.0712180214380536
62497.0478 lsst_hardware_z 364.0731190039118 48.971511192844034 30.950000762939453 AB 6.968272244889694 1.113542766152488
62497.0702 lsst_hardware_u -0.9308237500736963 3.1516129827223067 28.43000030517578 AB 6.817981593234735 1.060545454907365
62499.0472 lsst_hardware_y 251.74412389494353 52.71098716055353 30.030000686645508 AB 9.107190228368726 1.1003008612261356
62499.0674 lsst_hardware_r 273.8015682487776 26.7257244758669 31.479999542236328 AB 8.697068831007973 1.0555335676931819
62501.0476 lsst_hardware_y 158.76489687391947 51.68025348066459 30.040000915527344 AB 8.162745730559024 1.085664000340341
62501.0711 lsst_hardware_z 425.0786094327915 44.934395429220764 30.950000762939453 AB 7.803169875324228 1.0401799413902393
62503.0467 lsst_hardware_y 140.10984581186682 53.0764898108849 30.040000915527344 AB 7.31444444425683 1.0752319351612343
62503.0684 lsst_hardware_u 3.005369486414935 2.7986904536243453 28.3799991607666 AB 7.096671725373753 1.0361113089410774
62505.0474 lsst_hardware_y 228.39793709157286 52.74212860070428 30.040000915527344 AB 2.410339923945524 1.0624087819043633
62505.0711 lsst_hardware_r 244.22932145679363 26.06075549801791 31.479999542236328 AB 2.3533490891361364 1.0255361538887162
62509.0464 lsst_hardware_z 303.43060163438446 48.63422761529951 30.959999084472656 AB 8.265325533536862 1.0446569177877731
62509.0693 lsst_hardware_g 35.686611595042216 14.516502732812528 31.40999984741211 AB 8.301527481819377 1.0161921206744042
62733.3497 lsst_hardware_z 1.7560560778861705 48.83000183105469 30.93000030517578 AB 3.572079383532238 1.3292282498879575
62733.3679 lsst_hardware_r 4.757404575542672 38.650001525878906 31.559999465942383 AB 3.247344840509258 1.2334812004973126
62738.3443 lsst_hardware_g -11.963721723896137 13.279999732971191 31.329999923706055 AB 2.5048229763158063 1.282715645277586
62738.3619 lsst_hardware_r 28.929826432026207 22.530000686645508 31.459999084472656 AB 2.383459006230266 1.2001304160273243
62742.3391 lsst_hardware_r 9.759377497243856 22.6299991607666 31.450000762939453 AB 8.79285978040067 1.253556020586514
62742.3572 lsst_hardware_g 19.543970501399325 13.100000381469727 31.350000381469727 AB 8.235905435974502 1.1756062381844938
62744.3442 lsst_hardware_r 10.017112219718504 22.520000457763672 31.450000762939453 AB 6.056457612375564 1.2056250845775982
62744.3633 lsst_hardware_i 10.091450118798523 30.719999313354492 31.229999542236328 AB 5.779262071878091 1.1355822708411045
62747.3396 lsst_hardware_i -21.64743807770208 31.010000228881836 31.219999313354492 AB 1.2055103503481797 1.1909215612230737
62747.358 lsst_hardware_z 71.9109130037059 41.81999969482422 30.940000534057617 AB 1.133845292177527 1.1266161717421812
62751.3289 lsst_hardware_g 10.125709280417032 13.149999618530273 31.34000015258789 AB 2.2408534049591435 1.1900442936585998
62751.3453 lsst_hardware_r 4.1963597731189015 22.190000534057617 31.469999313354492 AB 2.5996576574816204 1.1320907203432808
62753.3222 lsst_hardware_i 38.44055261107189 49.5 31.280000686645508 AB 4.32039720128327 1.195020431850434
62753.3385 lsst_hardware_z 41.40835628709869 49.529998779296875 30.950000762939453 AB 5.0192778250517005 1.136311623224171
62755.3284 lsst_hardware_r -112.38719311057189 78.29000091552734 31.6299991607666 AB 2.8567515488265434 1.1516063755011596
62755.347 lsst_hardware_z -10.725607516179723 56.529998779296875 30.969999313354492 AB 3.3037173605997676 1.0963663807300112
62758.3363 lsst_hardware_i -0.9669521681682561 56.16999816894531 31.309999465942383 AB 1.6337824985517988 1.102913477870097
62758.3605 lsst_hardware_y -62.045851619550575 50.54999923706055 30.049999237060547 AB 1.5631668587642191 1.0501624848936641
62762.302 lsst_hardware_g 49.8245151395811 40.95000076293945 31.649999618530273 AB 2.244241772181471 1.1778735683247747
62762.3192 lsst_hardware_r -7.150141992875401 42.65999984741211 31.600000381469727 AB 2.126135913462266 1.120198057672671
62764.3088 lsst_hardware_i 29.67866200154968 34.459999084472656 31.25 AB 7.492735099542948 1.1352628938701435
62764.3256 lsst_hardware_z 15.87703535227929 43.119998931884766 30.950000762939453 AB 7.023368303275516 1.088472422049673
62767.3345 lsst_hardware_i 29.223836893233145 29.959999084472656 31.25 AB 1.8456834480729878 1.0526711681023402
62767.3514 lsst_hardware_z -6.983784068887188 40.5 30.950000762939453 AB 1.7945901403924882 1.027437103278142
62772.2694 lsst_hardware_z 26.27744170399757 42.720001220703125 30.93000030517578 AB 4.006419708912895 1.198809009249819
62772.2897 lsst_hardware_r 29.901616850160266 21.790000915527344 31.459999084472656 AB 3.7380428798396776 1.1267649976909353
62774.2743 lsst_hardware_u -0.7244269123677085 2.4600000381469727 28.25 AB 2.8529446004751944 1.159340846789297
62774.2928 lsst_hardware_g 16.078703820567743 12.699999809265137 31.34000015258789 AB 4.101327529855289 1.1024333122385945
62776.2856 lsst_hardware_r -33.63884925183392 22.020000457763672 31.479999542236328 AB 4.017447305931066 1.1071160333257244
62776.3173 lsst_hardware_z 124.68766915482537 40.81999969482422 30.950000762939453 AB 3.307209289627334 1.0404937201911095
62781.2814 lsst_hardware_z 22.314446855694705 46.09000015258789 30.959999084472656 AB 4.766122246149792 1.08320960139768
62781.3023 lsst_hardware_r -17.556868160537935 35.779998779296875 31.600000381469727 AB 4.833423551409629 1.0425848902954333
62787.2107 lsst_hardware_r 24.134021494229735 86.62999725341797 31.59000015258789 AB 7.452389916032839 1.281800811151182
62787.2298 lsst_hardware_y -42.522684989565676 54.540000915527344 30.0 AB 6.946895741593091 1.1933171419038204
62789.2146 lsst_hardware_g -75.95583755636345 66.41999816894531 31.649999618530273 AB 7.843597867083228 1.2354068147871695
62789.236 lsst_hardware_r -49.527970582189205 64.37999725341797 31.6200008392334 AB 7.303584906052843 1.1501708513469795
62791.2013 lsst_hardware_r 36.82006384184373 43.869998931884766 31.56999969482422 AB 8.341492049912095 1.2738343675102195
62791.2214 lsst_hardware_i 17.19756928622417 44.650001525878906 31.280000686645508 AB 6.252855098235965 1.1833563774103582
62794.2134 lsst_hardware_z 116.35457013260857 60.52000045776367 31.690000534057617 AB 1.3264054695614944 1.1826187409717959
62794.2384 lsst_hardware_g -5.253572958431755 18.459999084472656 32.150001525878906 AB 1.235871360375058 1.10189882788484
62796.2146 lsst_hardware_z -28.91606859863066 42.290000915527344 30.940000534057617 AB 2.850292313948177 1.158066963513977
62796.2342 lsst_hardware_r -15.648199979564595 21.790000915527344 31.469999313354492 AB 2.7730465016707435 1.0985988121506143
62799.1897 lsst_hardware_r 29.348436757436296 22.3799991607666 31.450000762939453 AB 5.629524984468764 1.224475254914359
62799.2088 lsst_hardware_u -1.0918922534257145 2.5999999046325684 28.360000610351562 AB 5.105236097329903 1.1498279498491843
62803.1929 lsst_hardware_i -22.63846467511431 31.260000228881836 31.239999771118164 AB 2.4525522536614455 1.1673261559543056
