data/validation/pwv_sim_epoch_fit_4/36602881.ecsv
# %ECSV 0.9
# ---
# datatype:
# - {name: time, datatype: float64}
# - {name: band, datatype: string}
# - {name: flux, datatype: float64}
# - {name: fluxerr, datatype: float64}
# - {name: zp, datatype: float64}
# - {name: zpsys, datatype: string}
# - {name: pwv, datatype: float64}
# - {name: airmass, datatype: float64}
# meta: {SNID: '36602881', alt: 1024.0, c: -0.0098681366071105, dec: -30.865255, lat: -30.244573, lon: -70.7499537, ra: 62.226562, t0: 61399.69921875,
#   x0: 5.709008215074903e-06, x1: -0.11430897563695908, z: 0.5808746814727783}
# schema: astropy-2.0
time band flux fluxerr zp zpsys pwv airmass
[from data line 132]
61728.1276 lsst_hardware_i -18.594050003165254 30.610000610351562 31.239999771118164 AB 5.343850258744882 1.1057004466676768
61729.1098 lsst_hardware_z 54.91374795839147 42.40999984741211 30.940000534057617 AB 6.6435291256392786 1.153457224197993
61729.127 lsst_hardware_r -26.445105009664847 22.1299991607666 31.469999313354492 AB 5.933193833534395 1.099825846552347
61731.1072 lsst_hardware_u 0.29076276582431554 2.4800000190734863 28.260000228881836 AB 4.3518197556381 1.143510490226418
61731.1232 lsst_hardware_g -17.99070441401006 13.130000114440918 31.360000610351562 AB 4.193141829204992 1.0953871027181867
61734.1145 lsst_hardware_r 31.59584837113276 22.260000228881836 31.479999542236328 AB 5.671213455256097 1.0967343754121905
61734.1323 lsst_hardware_z -50.80252596783931 41.25 30.950000762939453 AB 8.109364931855257 1.0560214778324806
61736.1108 lsst_hardware_r 4.504974638293731 22.200000762939453 31.479999542236328 AB 4.154701688867521 1.092121098473453
61736.127 lsst_hardware_u -1.7469032105862703 2.5899999141693115 28.3799991607666 AB 3.800558923746448 1.055710812151791
61738.1316 lsst_hardware_u 1.686586203022001 2.6500000953674316 28.450000762939453 AB 5.27901838731096 1.0381550417524013
61738.1507 lsst_hardware_g -0.027063330584182112 13.050000190734863 31.399999618530273 AB 5.146319208346546 1.0143861777292384
61740.1349 lsst_hardware_r -21.157124840518367 21.809999465942383 31.489999771118164 AB 8.368467208335868 1.0257569611851933
61740.1514 lsst_hardware_i -8.434705433563558 29.600000381469727 31.260000228881836 AB 8.167957876034585 1.0092204953914234
61742.1304 lsst_hardware_z 2.760323938568256 40.58000183105469 30.950000762939453 AB 6.625380323384648 1.024554126950157
61742.1477 lsst_hardware_r 5.0753050918210745 21.700000762939453 31.5 AB 6.521327066510874 1.0079595808668227
61744.0416 lsst_hardware_y 5.457561931299383 50.91999816894531 29.969999313354492 AB 2.7900107817399387 1.272911922320768
61744.0629 lsst_hardware_i 15.637693072269318 32.88999938964844 31.229999542236328 AB 1.7621606119849247 1.175557446286988
61746.0413 lsst_hardware_y 113.71155577127378 51.619998931884766 29.979999542236328 AB 6.771096407135782 1.2464434694365434
61746.0619 lsst_hardware_g 6.280402668212955 33.849998474121094 31.6200008392334 AB 5.147331668561804 1.1587869582534451
61748.0292 lsst_hardware_y 47.09222218274707 73.44999694824219 29.979999542236328 AB 6.401793827609269 1.2808711139673346
61748.0488 lsst_hardware_i 14.886054367911937 47.790000915527344 31.280000686645508 AB 6.394148136584274 1.1882088955496048
61750.0526 lsst_hardware_z 56.85506158365099 80.69000244140625 31.719999313354492 AB 11.589597478360616 1.1529643333027917
61752.0441 lsst_hardware_y 29.086942276969456 57.439998626708984 30.020000457763672 AB 13.141477771071136 1.1639927166580772
61752.0663 lsst_hardware_r 140.11832509713204 88.7300033569336 31.639999389648438 AB 12.382352594675549 1.0942340575004905
61754.0437 lsst_hardware_y -21.678315824547322 51.34000015258789 30.020000457763672 AB 8.80454868007551 1.1459036609357927
61754.0655 lsst_hardware_z -89.94462564105274 52.029998779296875 30.969999313354492 AB 8.309914838860111 1.082503938300797
61756.0448 lsst_hardware_y 6.005072743729057 50.189998626708984 30.020000457763672 AB 12.279946575789614 1.124451422430182
61756.0677 lsst_hardware_u 1.738471013347992 2.569999933242798 28.3700008392334 AB 11.619591759483924 1.0651788050220832
61760.0387 lsst_hardware_y 17.87329452668763 60.7599983215332 30.040000915527344 AB 4.995158826663662 1.1100352948141472
61760.0611 lsst_hardware_r -19.48669620769496 21.93000030517578 31.489999771118164 AB 4.733578216682646 1.0564254235749397
61764.0411 lsst_hardware_z 28.72513622462113 48.47999954223633 30.959999084472656 AB 6.032808797083638 1.0756545951830805
61764.0621 lsst_hardware_g -8.834810097697908 13.140000343322754 31.40999984741211 AB 7.404660819399628 1.035858356642522
61768.0443 lsst_hardware_y 27.915924451160496 52.77000045776367 30.049999237060547 AB 8.591955926848463 1.0470971819936767
61768.0666 lsst_hardware_r 3.0274168260765193 21.670000076293945 31.5 AB 8.387179415106694 1.0165045952135892
61770.0443 lsst_hardware_y -26.199391447554156 54.18000030517578 30.049999237060547 AB 7.801627707773245 1.0380371496887386
61770.0652 lsst_hardware_g -4.566646576546398 13.010000228881836 31.399999618530273 AB 7.604534993348291 1.0126890159933803
