data/validation/pwv_sim_epoch_fit_4/36691551.ecsv
# %ECSV 0.9
# ---
# datatype:
# - {name: time, datatype: float64}
# - {name: band, datatype: string}
# - {name: flux, datatype: float64}
# - {name: fluxerr, datatype: float64}
# - {name: zp, datatype: float64}
# - {name: zpsys, datatype: string}
# - {name: pwv, datatype: float64}
# - {name: airmass, datatype: float64}
# meta: {SNID: '36691551', alt: 1024.0, c: 0.06486307084560394, dec: 1.940072, lat: -30.244573, lon: -70.7499537, ra: 188.4375, t0: 62618.80859375,
#   x0: 7.210845534930939e-06, x1: 0.8747411966323853, z: 0.5274375081062317}
# schema: astropy-2.0
time band flux fluxerr zp zpsys pwv airmass
62528.3161 lsst_hardware_r -31.53212937875947 36.0 31.540000915527344 AB 14.865558822593465 1.249801767446134
62528.3338 lsst_hardware_y -38.78400744987647 50.130001068115234 29.989999771118164 AB 13.283636175216152 1.2098029303475548
62530.3657 lsst_hardware_g -14.570428095561716 18.309999465942383 31.469999313354492 AB 13.648480520907128 1.1794740476082783
62532.3599 lsst_hardware_z -8.987450279153647 43.810001373291016 30.940000534057617 AB 13.625019797611504 1.179442651551582
62532.3787 lsst_hardware_y 14.293691903896292 61.45000076293945 30.020000457763672 AB 14.03885274160363 1.189439283363883
62534.3617 lsst_hardware_u 1.084256585795908 2.890000104904175 28.420000076293945 AB 11.668090663171585 1.1812797431710031
62534.3811 lsst_hardware_y 31.164621153957548 65.22000122070312 30.010000228881836 AB 11.593351126190523 1.1987748036594674
62536.3285 lsst_hardware_g -0.9843338978342053 15.25 31.399999618530273 AB 9.21279940257109 1.1878542261830334
62536.3463 lsst_hardware_r 24.163432576140384 24.700000762939453 31.479999542236328 AB 9.859763964652094 1.1793976034272913
62540.3292 lsst_hardware_r -27.13312098675243 24.6200008392334 31.479999542236328 AB 9.623100261704398 1.1806036390264223
62540.3473 lsst_hardware_u -2.1675906591705094 2.6600000858306885 28.299999237060547 AB 9.550150460269682 1.1822175568222593
62542.332 lsst_hardware_g -5.314700855411947 15.239999771118164 31.40999984741211 AB 3.4729359109135873 1.1793986566380759
62542.3504 lsst_hardware_i 54.02791591102145 32.43000030517578 31.229999542236328 AB 4.060409356337029 1.188470468706868
62544.3314 lsst_hardware_r -0.2505104767658035 24.719999313354492 31.489999771118164 AB 7.240590547505702 1.1802103581916386
62544.3483 lsst_hardware_u -0.2379097505126427 2.799999952316284 28.40999984741211 AB 7.3797150369953455 1.191910689977444
62545.3258 lsst_hardware_g 15.482529614744148 15.270000457763672 31.420000076293945 AB 6.723683380528364 1.1795935755312918
62545.3433 lsst_hardware_r 42.95150055405082 24.670000076293945 31.489999771118164 AB 6.652015940015513 1.1895239066579222
62547.3004 lsst_hardware_r 21.30500763198456 44.02000045776367 31.59000015258789 AB 4.723995184588401 1.1861883702670184
62547.3172 lsst_hardware_i -60.505945897229694 38.849998474121094 31.270000457763672 AB 4.620176231276986 1.179368533829499
62549.3086 lsst_hardware_z -126.47238644197586 67.62000274658203 30.969999313354492 AB 5.784235724767328 1.1796136891541467
62549.326 lsst_hardware_r 9.448970605285917 92.98999786376953 31.6200008392334 AB 5.830512926710077 1.1841810832123976
62551.3038 lsst_hardware_z 98.27455125555578 90.29000091552734 30.979999542236328 AB 3.005815855892974 1.1795222456087537
62551.3201 lsst_hardware_r 178.94099889190778 133.80999755859375 31.6299991607666 AB 3.074156691798159 1.1838857606411395
62553.3039 lsst_hardware_i -4.441441489809261 94.97000122070312 31.31999969482422 AB 7.6346475810995695 1.179581951037684
62553.3217 lsst_hardware_z 10.559937602729109 83.5999984741211 30.979999542236328 AB 7.703908793612383 1.1897622393676945
62555.3048 lsst_hardware_r 47.12425266727555 61.40999984741211 31.610000610351562 AB 12.961804167772705 1.1814605931795374
62555.3227 lsst_hardware_z -49.091636301438825 55.47999954223633 30.950000762939453 AB 13.226133244511065 1.197314375097186
62558.3046 lsst_hardware_g -26.35099967784511 21.100000381469727 31.530000686645508 AB 7.775680734531526 1.1865833564064776
62558.3224 lsst_hardware_r 27.52621222462019 28.329999923706055 31.520000457763672 AB 7.911867149387557 1.2094573986324928
62560.2711 lsst_hardware_r 9.008961422897576 24.690000534057617 31.479999542236328 AB 6.497349742726325 1.182088555030715
62560.2904 lsst_hardware_i 0.0999205941364968 32.84000015258789 31.239999771118164 AB 6.458847395981084 1.1811363723220512
62562.2716 lsst_hardware_z -36.95693719988062 43.84000015258789 30.940000534057617 AB 4.043891560957074 1.1798944449398192
62562.2891 lsst_hardware_r -9.457300969676684 24.729999542236328 31.489999771118164 AB 4.057025508626419 1.1832662381760894
62565.2672 lsst_hardware_i -40.79536866765549 32.560001373291016 31.229999542236328 AB 12.249073106544486 1.1793831221398503
62565.2857 lsst_hardware_z -82.11352875701301 43.779998779296875 30.93000030517578 AB 12.27583718648411 1.186759202096298
62567.2719 lsst_hardware_r -22.227907126090713 24.790000915527344 31.489999771118164 AB 11.453240046924853 1.1813959613799565
62567.2907 lsst_hardware_u -6.0810058189682294 2.6500000953674316 28.290000915527344 AB 11.606744896583239 1.1983423853030153
62569.2671 lsst_hardware_g -4.03206702920947 15.369999885559082 31.399999618530273 AB 9.194494039489063 1.1816976563299249
62569.2861 lsst_hardware_r -0.14463014597173202 24.829999923706055 31.479999542236328 AB 9.446695090784496 1.1995422482821774
62573.2686 lsst_hardware_i 12.701245021033522 32.939998626708984 31.239999771118164 AB 18.204282398009212 1.1913277604386292
62573.2871 lsst_hardware_z -52.529459624393205 44.380001068115234 30.940000534057617 AB 18.543161368660673 1.2202124173279503
62576.2355 lsst_hardware_z 53.93191486303523 54.560001373291016 30.959999084472656 AB 9.880849783279576 1.1795212824733738
62576.254 lsst_hardware_r 88.99433324678085 59.220001220703125 31.600000381469727 AB 8.911845175389603 1.185414200572801
62577.2376 lsst_hardware_z -8.361214368780567 62.40999984741211 30.959999084472656 AB 9.725984892253686 1.1794791283353974
62577.2558 lsst_hardware_r 36.44932127428956 79.5999984741211 31.610000610351562 AB 9.396122727037858 1.1893826236756782
62579.2362 lsst_hardware_i -143.65798024074235 122.33000183105469 31.309999465942383 AB 7.958501251757459 1.1803049574368571
62579.2549 lsst_hardware_z 82.71975331519636 103.7699966430664 30.979999542236328 AB 6.759956498978085 1.1944089461649248
62581.1939 lsst_hardware_r 38.412756267910964 145.0399932861328 31.6200008392334 AB 6.370377657732074 1.2019580486286932
62581.2135 lsst_hardware_z -171.72231976169115 97.43000030517578 30.979999542236328 AB 6.724677592202177 1.182222319822235
62583.2345 lsst_hardware_y -8.259184621758092 53.959999084472656 30.0 AB 7.620328975954883 1.1851211471158163
62583.2553 lsst_hardware_r -143.85573066702023 71.94000244140625 31.600000381469727 AB 7.4546282649813795 1.211510864050703
62585.1664 lsst_hardware_i 33.91395632307209 40.849998474121094 31.25 AB 10.410579045485921 1.2343584355567618
62585.1828 lsst_hardware_z 42.72091391672517 47.72999954223633 30.940000534057617 AB 8.259801670526036 1.2022271823192952
62590.0422 lsst_hardware_r 2.9072957689756773 37.692766743830575 32.0 AB 10.797228502314065 2.194112680819765
62590.07 lsst_hardware_g 14.372929612665967 15.151793412201302 31.200000762939453 AB 8.54118733147421 1.7402582174967829
62593.2366 lsst_hardware_z 136.20126379529336 63.685755088548895 31.68000030517578 AB 10.467025213173713 1.2291492402051567
62593.2567 lsst_hardware_i 106.85053994873124 49.07120523221971 31.969999313354492 AB 10.174133495519243 1.2878649994328155
62597.2068 lsst_hardware_r 342.9375369123744 31.67066855321012 31.479999542236328 AB 16.48764082623434 1.1957096835328138
62597.2252 lsst_hardware_i 293.1422675583634 37.9653889386508 31.229999542236328 AB 18.215785624966323 1.2280580883817467
62599.1735 lsst_hardware_i 579.8773438193595 40.19593524929732 31.239999771118164 AB 9.936761333750756 1.1794375470326581
62599.1929 lsst_hardware_z 323.3547602381231 47.90794302574256 30.93000030517578 AB 10.050071089278532 1.1867826517549929
62601.1943 lsst_hardware_g 242.44652113639492 21.890636821173544 31.399999618530273 AB 5.8870662889933225 1.193767877723476
62601.2113 lsst_hardware_r 932.5571473452306 39.33408939625078 31.469999313354492 AB 6.016592154906455 1.2215603996155497
62603.19 lsst_hardware_i 1043.1048570912033 49.59742676017949 31.260000228881836 AB 7.768692545330359 1.195183468512363
62603.208 lsst_hardware_z 687.3711311885545 53.50588616249411 30.940000534057617 AB 7.970452478200905 1.2262234581847546
62605.1576 lsst_hardware_z 1039.131258775258 65.91611357167042 30.969999313354492 AB 5.824672744282326 1.1794018785668856
62605.174 lsst_hardware_i 1308.2874956205076 70.13957218162986 31.299999237060547 AB 6.585434439884553 1.1848035694480372
62607.1257 lsst_hardware_z 2551.370595902059 143.75839655558377 31.739999771118164 AB 20.006070216109418 1.1979682764137376
62609.1602 lsst_hardware_r 2323.3082664231433 155.5550008625681 31.6299991607666 AB 13.882360405307828 1.1829204764939782
62609.1783 lsst_hardware_i 1691.4193937641733 125.15507109105341 31.31999969482422 AB 15.500591202883383 1.2015962172777817
62613.1625 lsst_hardware_z 3098.910991175533 88.719219235288 31.700000762939453 AB 12.188400340628725 1.1949412098655614
62617.1565 lsst_hardware_i 2083.9772258521525 55.24082424455645 31.219999313354492 AB 10.483294667771968 1.2016614704002715
62617.1729 lsst_hardware_z 1687.1202749103854 59.81723689924891 30.93000030517578 AB 7.915245712875574 1.233448673538515
62619.1534 lsst_hardware_i 2020.128724043138 55.498782266516656 31.219999313354492 AB 2.5039788211251364 1.205332979802705
62619.1694 lsst_hardware_u -3.7098679311418685 2.742031688638758 28.229999542236328 AB 2.8257439607928485 1.2382751800143945
62621.1179 lsst_hardware_u 0.39800310094691166 2.8389182770372563 28.350000381469727 AB 12.38627508704269 1.179532909917407
62621.1364 lsst_hardware_g 594.426922342046 28.15549634706178 31.389999389648438 AB 12.474906453849549 1.1901265458738362
62626.1135 lsst_hardware_z 1630.3463282027553 58.6935606919433 30.940000534057617 AB 10.971676533541102 1.1827600560790292
62626.1322 lsst_hardware_u -0.18387889425632645 2.87233392626507 28.3700008392334 AB 10.234668116068232 1.2020751433181833
62632.1127 lsst_hardware_g 303.7960320163113 40.59722073000247 31.610000610351562 AB 9.402001757968872 1.1976309480885603
62632.1306 lsst_hardware_r 1805.0550801196953 58.57394460691739 31.559999465942383 AB 9.559574967307519 1.2302789443464122
62640.0054 lsst_hardware_g 80.28607481436211 60.78985377889425 31.6299991607666 AB 10.281580508543296 1.264232376655017
62640.0194 lsst_hardware_r 996.4871874808637 76.61914875377111 31.600000381469727 AB 10.031684214041517 1.2269672473142756
62643.0366 lsst_hardware_i 1040.760830166472 46.14504003777242 31.229999542236328 AB 5.390835888732862 1.1876267792325013
62643.0569 lsst_hardware_z 997.9353538954919 52.53544102460144 30.93000030517578 AB 5.979758889831498 1.1794396232408664
62645.0332 lsst_hardware_i 1002.2935593954521 45.43225274955075 31.239999771118164 AB 8.862527178751044 1.1858867768176722
62645.0526 lsst_hardware_u -3.6183815104509 3.018200672255838 28.3799991607666 AB 9.790419432849827 1.1795686063674489
62647.0354 lsst_hardware_g 91.11752749301147 17.943507507036557 31.440000534057617 AB 6.71275054776191 1.181233049434597
62647.0555 lsst_hardware_r 554.489928845278 34.75343315383104 31.5 AB 6.156847869806341 1.1823985666588273
62651.0364 lsst_hardware_i 786.7031854403228 42.4213596728616 31.239999771118164 AB 11.431866958934002 1.1795969208503132
62651.0566 lsst_hardware_r 363.8468654048631 32.54133855331989 31.489999771118164 AB 12.931719705058246 1.1924130663954464
62652.9941 lsst_hardware_z 794.2979314994868 52.05446038882551 30.940000534057617 AB 8.310629569644208 1.2070631183215987
62653.0159 lsst_hardware_u -3.189927827783041 2.948553361004214 28.3799991607666 AB 8.04294128410065 1.1827854829559779
62655.9989 lsst_hardware_g 51.208299864675794 16.931816103393135 31.40999984741211 AB 12.84900523008821 1.189722706489649
62656.0175 lsst_hardware_r 282.53179601600874 30.923773169239336 31.489999771118164 AB 13.212170866979532 1.1794825948798868
62658.0018 lsst_hardware_i 541.3885871093943 40.242414748600176 31.229999542236328 AB 5.223646821827323 1.1830473126720369
62658.0233 lsst_hardware_z 739.8636106298636 51.51699187646165 30.940000534057617 AB 5.202949085129542 1.1813473542894888
62676.9583 lsst_hardware_y 415.0740921060042 79.1725438065721 30.760000228881836 AB 5.260559397363209 1.179762143387129
62676.9786 lsst_hardware_g 38.31326011792186 24.154331342071206 32.189998626708984 AB 5.931969610943154 1.1857220130479038
62678.959 lsst_hardware_y 159.77729186393483 57.480041345432475 30.0 AB 9.050198822744143 1.1794863577145704
62678.9785 lsst_hardware_i 247.7871397667043 37.023765931845276 31.239999771118164 AB 9.10196262381108 1.1906291040129606
62890.3607 lsst_hardware_z 69.23734638235972 45.09000015258789 30.940000534057617 AB 8.488297084159049 1.1865106351913683
62892.3589 lsst_hardware_u 0.5410385223241484 3.0999999046325684 28.469999313354492 AB 16.539803568065373 1.1837821047856694
62892.3791 lsst_hardware_y 209.016341213774 76.7300033569336 30.020000457763672 AB 14.645706267808091 1.1803279776336626
62894.3602 lsst_hardware_z -64.15254369257497 43.880001068115234 30.93000030517578 AB 13.939846929135005 1.1804509526672657
62894.3772 lsst_hardware_y 97.96613325154885 65.43000030517578 30.010000228881836 AB 14.544268592644157 1.1817402878443353
62896.3574 lsst_hardware_u -2.329627474446321 2.8399999141693115 28.40999984741211 AB 13.396452644898478 1.1797411788704557
62896.3754 lsst_hardware_y -105.85236994015854 57.54999923706055 30.020000457763672 AB 12.610736698775595 1.1838288381859277
62898.3585 lsst_hardware_r 10.877868123252613 24.889999389648438 31.479999542236328 AB 13.853652005255737 1.1794357232467
62898.3755 lsst_hardware_z -12.452120362095556 49.15999984741211 30.940000534057617 AB 13.78221675550901 1.1882501782958519
62907.3334 lsst_hardware_i 69.88529982260235 99.02999877929688 31.309999465942383 AB 4.034951870593724 1.1793794287449686
62907.3532 lsst_hardware_z -73.91611865577745 86.06999969482422 30.979999542236328 AB 4.0647307403404405 1.1904903076268007
62909.3332 lsst_hardware_z -33.52525151220235 70.36000061035156 30.969999313354492 AB 7.1694806044828 1.180485280650309
62909.3506 lsst_hardware_r 85.9152426328989 89.75 31.610000610351562 AB 7.3417530945408105 1.1936839435071638
62911.3402 lsst_hardware_i -8.646250812037495 44.33000183105469 31.280000686645508 AB 2.9380801236012624 1.188423550855014
62911.3579 lsst_hardware_z -34.41224633581023 49.79999923706055 30.950000762939453 AB 2.9738503754823955 1.2130737815551276
62913.2506 lsst_hardware_z -81.77935449380703 45.59000015258789 30.93000030517578 AB 5.852682496679197 1.2864452130298267
62913.2667 lsst_hardware_r -18.27335544983767 28.110000610351562 31.510000228881836 AB 5.630690078030658 1.2377863438185661
62915.2286 lsst_hardware_u -1.1527078630087715 2.680000066757202 28.280000686645508 AB 7.184909655805733 1.3560057856607708
62918.3106 lsst_hardware_r 38.602508852085045 24.770000457763672 31.5 AB 7.649984730221265 1.1812367852107724
62918.328 lsst_hardware_i 53.13381453830571 32.79999923706055 31.239999771118164 AB 7.767516928784484 1.1961220519898599
62922.2903 lsst_hardware_u 1.546241912169485 2.7699999809265137 28.399999618530273 AB 10.43819352692006 1.1793014322315392
62922.3089 lsst_hardware_r 35.17867906672513 24.709999084472656 31.489999771118164 AB 10.685384226969399 1.187264914107711
62924.298 lsst_hardware_i -39.913502709216765 32.65999984741211 31.239999771118164 AB 7.2950713872868 1.1832083995274998
62924.317 lsst_hardware_z 98.81802876130838 44.0 30.940000534057617 AB 7.29746980394501 1.2038056423531853
62928.2714 lsst_hardware_y -33.28503341468442 49.16999816894531 30.0 AB 7.006200724675226 1.179495071494146
62928.2899 lsst_hardware_g 11.517072614033946 15.380000114440918 31.40999984741211 AB 6.937454336502418 1.1851299314973167
62931.2716 lsst_hardware_r -47.767450194422366 68.19000244140625 31.610000610351562 AB 9.196073970703354 1.1800176185166558
62931.2878 lsst_hardware_i 13.941611137407783 57.2400016784668 31.290000915527344 AB 9.255520473841763 1.1906120564517464
62933.2705 lsst_hardware_z 20.547843669985202 85.7300033569336 30.979999542236328 AB 11.69801615022786 1.181617792952309
62933.2902 lsst_hardware_r -69.63051901861458 126.22000122070312 31.610000610351562 AB 11.884342235315756 1.200438609627854
