data/validation/pwv_sim_epoch_fit_4/36777839.ecsv
# %ECSV 0.9
# ---
# datatype:
# - {name: time, datatype: float64}
# - {name: band, datatype: string}
# - {name: flux, datatype: float64}
# - {name: fluxerr, datatype: float64}
# - {name: zp, datatype: float64}
# - {name: zpsys, datatype: string}
# - {name: pwv, datatype: float64}
# - {name: airmass, datatype: float64}
# meta: {SNID: '36777839', alt: 1024.0, c: -0.0721902921795845, dec: -31.213543, lat: -30.244573, lon: -70.7499537, ra: 205.664062, t0: 60398.24609375,
#   x0: 3.080673375528012e-06, x1: 0.1579274982213974, z: 0.747330367565155}
# schema: astropy-2.0
time band flux fluxerr zp zpsys pwv airmass
[from data line 132]
60780.0763 lsst_hardware_z 65.38735360138953 132.6199951171875 31.719999313354492 AB 14.044634681781451 1.2884985946588488
60782.087 lsst_hardware_z -21.507474295840964 61.22999954223633 30.969999313354492 AB 17.220607050854692 1.2088595365163814
60782.1069 lsst_hardware_r -8.19796179028662 72.80000305175781 31.6299991607666 AB 16.11171446425954 1.1336697483999112
60790.0783 lsst_hardware_r -10.370006970212161 23.899999618530273 31.489999771118164 AB 15.831167636178895 1.1567206237047325
60790.097 lsst_hardware_i 23.813845728089717 31.440000534057617 31.25 AB 14.865379142524366 1.0984270302358325
60794.0871 lsst_hardware_z 7.049981180298373 59.5 31.690000534057617 AB 9.656455908318565 1.0957162394196347
60795.0576 lsst_hardware_g 2.6487744191930203 14.789999961853027 31.420000076293945 AB 12.502345494467889 1.183411260282819
60795.0778 lsst_hardware_i -59.52322611565841 31.59000015258789 31.25 AB 11.719962771832462 1.1139678359933338
60797.0553 lsst_hardware_z 38.916900441280845 43.22999954223633 30.940000534057617 AB 9.83717945589615 1.1710927923685892
60797.0736 lsst_hardware_r -22.717023244067942 23.670000076293945 31.489999771118164 AB 9.326630051347097 1.110313101350845
60800.0569 lsst_hardware_y -46.462048949548816 48.810001373291016 30.010000228881836 AB 10.234872942210389 1.1364504710426815
60800.0756 lsst_hardware_g -16.098684597634318 31.09000015258789 31.639999389648438 AB 9.777233536537187 1.083379986873563
60806.0695 lsst_hardware_r -200.86737985313485 141.10000610351562 31.65999984741211 AB 8.17895706689129 1.060595253973368
60806.089 lsst_hardware_i -13.376345747409296 112.41999816894531 31.350000381469727 AB 8.018463587846133 1.0282058841888122
60808.0472 lsst_hardware_i 81.98083746740465 103.9000015258789 31.329999923706055 AB 8.120270819400654 1.1001834688134178
60808.0666 lsst_hardware_z -50.62715454656914 86.16000366210938 31.0 AB 7.76804625291184 1.0555605824362142
60810.0514 lsst_hardware_r 114.4692955369304 116.30000305175781 32.400001525878906 AB 6.994361981429632 1.0760556894507127
60810.0706 lsst_hardware_z -54.44160258572844 60.88999938964844 30.979999542236328 AB 6.753788927465336 1.0390444503792824
60812.0495 lsst_hardware_g 2.49380807296974 29.1200008392334 31.639999389648438 AB 9.457967934149318 1.068133707365154
60812.0683 lsst_hardware_r 17.403819626419832 40.400001525878906 31.610000610351562 AB 9.19655556746631 1.0342311286112846
60814.0511 lsst_hardware_i 22.929676044040683 31.1299991607666 31.25 AB 8.540836206878375 1.0538821026482448
60814.0693 lsst_hardware_z 0.9351777401668243 41.22999954223633 30.950000762939453 AB 8.338410922910317 1.0254456032602002
60817.9692 lsst_hardware_y -42.22643282853925 50.54999923706055 29.950000762939453 AB 2.4149044840389755 1.3074740032698329
60817.9888 lsst_hardware_i 40.179402344146155 32.36000061035156 31.219999313354492 AB 2.3419657312870257 1.2084446497871006
60822.97 lsst_hardware_y -25.488289151227264 70.02999877929688 30.729999542236328 AB 7.888192822687918 1.2317602783709753
60822.9882 lsst_hardware_g 7.5257877126897785 14.34000015258789 31.389999389648438 AB 7.449178293042969 1.1567047038886318
60823.9652 lsst_hardware_y 65.059497575643 49.959999084472656 29.979999542236328 AB 10.960905656902538 1.241642055665639
60823.9855 lsst_hardware_z 48.457405344693655 42.86000061035156 30.940000534057617 AB 10.197989449387732 1.1565952478819985
60825.966 lsst_hardware_y -178.4995012541714 50.310001373291016 30.0 AB 11.021506713529973 1.2126426252210558
60825.9872 lsst_hardware_u -0.882185946399883 2.880000114440918 28.43000030517578 AB 10.299924992059232 1.1322538970036284
60829.9643 lsst_hardware_y -10.34009693894467 51.400001525878906 30.010000228881836 AB 12.684812965234796 1.1745197190032217
60829.9855 lsst_hardware_z -14.796411887745249 47.349998474121094 30.950000762939453 AB 11.930221554279813 1.1046501439147973
60841.9827 lsst_hardware_z 32.18575869125693 41.43000030517578 30.950000762939453 AB 9.487563110459304 1.0398753922958368
60841.9985 lsst_hardware_i -27.61122848391065 30.75 31.260000228881836 AB 9.310048128335342 1.0188835160968912
60846.9603 lsst_hardware_y -3.575051557314155 50.63999938964844 30.049999237060547 AB 5.405948888413375 1.0551967640611493
60846.9822 lsst_hardware_g -7.132167663519091 14.550000190734863 31.459999084472656 AB 5.579515440324776 1.0218268921906066
