data/validation/pwv_sim_epoch_fit_4/36916023.ecsv
# %ECSV 0.9
# ---
# datatype:
# - {name: time, datatype: float64}
# - {name: band, datatype: string}
# - {name: flux, datatype: float64}
# - {name: fluxerr, datatype: float64}
# - {name: zp, datatype: float64}
# - {name: zpsys, datatype: string}
# - {name: pwv, datatype: float64}
# - {name: airmass, datatype: float64}
# meta: {SNID: '36916023', alt: 1024.0, c: 0.04946773871779442, dec: -34.953865, lat: -30.244573, lon: -70.7499537, ra: 335.917969, t0: 60819.15234375,
#   x0: 4.581663118814147e-06, x1: 0.21851661801338196, z: 0.6359870433807373}
# schema: astropy-2.0
time band flux fluxerr zp zpsys pwv airmass
[from data line 133]
61258.1808 lsst_hardware_z 17.541346354385418 42.029998779296875 30.940000534057617 AB 1.7469459983274842 1.0891750392232458
61260.1626 lsst_hardware_r -2.143116191794022 23.729999542236328 31.489999771118164 AB 4.300823259125824 1.1235170478385121
61260.1808 lsst_hardware_u 0.7277742425663373 2.7100000381469727 28.420000076293945 AB 3.5482905210503053 1.0765172364322217
61261.1604 lsst_hardware_g 20.00964924915298 14.5600004196167 31.420000076293945 AB 4.882145960552861 1.1219455269568794
61261.1796 lsst_hardware_r 12.049161054216144 23.459999084472656 31.5 AB 4.063860006369725 1.0731788489786032
61266.157 lsst_hardware_r -36.14841271888911 23.75 31.510000228881836 AB 3.220388081276321 1.0940056894835197
61266.1761 lsst_hardware_g 10.051586725233996 14.739999771118164 31.459999084472656 AB 2.433421729920931 1.0532393420760222
61268.1632 lsst_hardware_r -24.159861624567498 23.520000457763672 31.510000228881836 AB 5.693235132573867 1.0674815873576
61268.1813 lsst_hardware_i 11.914191708915785 30.959999084472656 31.260000228881836 AB 5.049410233544794 1.0362015664980082
61274.189 lsst_hardware_z 42.0762652649923 65.30999755859375 31.719999313354492 AB 2.5107086661761926 1.0111254151127398
61276.0871 lsst_hardware_i 11.23595862514051 58.77000045776367 31.280000686645508 AB 3.5288836820461564 1.2445732309935011
61276.1055 lsst_hardware_z -124.1051003227419 58.369998931884766 30.959999084472656 AB 3.3452307936314707 1.1677896588677135
61280.0866 lsst_hardware_z 98.96488533459927 94.37000274658203 30.979999542236328 AB 4.2044828760148105 1.1985982446946768
61280.1056 lsst_hardware_i -61.78167346133966 109.36000061035156 31.329999923706055 AB 3.9841976616334773 1.1307767540881655
61281.0843 lsst_hardware_z 3.0543149869584085 83.1500015258789 30.979999542236328 AB 5.96616754240385 1.1968439878440997
61281.1021 lsst_hardware_r -142.63224322276295 119.88999938964844 31.639999389648438 AB 5.651954568407586 1.133167173256018
61286.0933 lsst_hardware_u 0.9559708794364186 2.6600000858306885 28.360000610351562 AB 0.5855662859951044 1.1185602406783275
61286.1105 lsst_hardware_g 2.9806425967764554 14.430000305175781 31.420000076293945 AB 0.5745911413332323 1.075006812597254
61299.0871 lsst_hardware_u -4.670432214455586 3.109999895095825 28.610000610351562 AB 3.784680446542126 1.0513001240394795
61299.1037 lsst_hardware_r -7.047288010576858 23.770000457763672 31.530000686645508 AB 3.6972324406652923 1.0270090112959145
61303.0723 lsst_hardware_z -59.021099881695676 47.43000030517578 30.969999313354492 AB 5.883923496528593 1.0583230703031223
61303.0898 lsst_hardware_i 93.68197057780006 43.0099983215332 31.309999465942383 AB 4.088287558065514 1.03070403581669
61309.0029 lsst_hardware_z 154.1607936644871 111.88999938964844 31.719999313354492 AB 4.005181930207537 1.2176889577524814
61310.9985 lsst_hardware_y 19.277080905923818 51.31999969482422 29.989999771118164 AB 5.201138859963063 1.2130936116531632
61311.0193 lsst_hardware_r 98.64725225555766 57.209999084472656 31.610000610351562 AB 5.374790502162762 1.1359591043353114
61312.9979 lsst_hardware_y 34.54906893573162 49.65999984741211 30.0 AB 10.63901509572945 1.1929152991791725
61313.0176 lsst_hardware_z -67.82834550562528 42.2400016784668 30.940000534057617 AB 3.8135402479385707 1.1243853310875394
61314.999 lsst_hardware_y -12.755570326962491 50.0 30.010000228881836 AB 8.237753005726502 1.167840607573869
61315.0195 lsst_hardware_u 0.8361050585777567 2.6700000762939453 28.389999389648438 AB 5.493341255065721 1.1035976538670837
61316.9997 lsst_hardware_y -61.945324968579094 49.119998931884766 30.010000228881836 AB 2.51844205164264 1.1463965032892676
61317.0199 lsst_hardware_r -3.1165968302949234 23.170000076293945 31.489999771118164 AB 2.637042202683121 1.0887121183581316
61319.0007 lsst_hardware_y 25.8205929496557 49.869998931884766 30.020000457763672 AB 3.8431986611076976 1.12593710774643
61319.0209 lsst_hardware_r -12.933199025683704 22.989999771118164 31.5 AB 3.6741158922880888 1.0739103813775925
61323.0013 lsst_hardware_y 56.89462470738126 49.15999984741211 30.040000915527344 AB 2.6260204561201537 1.094175190050064
61323.0223 lsst_hardware_i -25.462009810675784 30.770000457763672 31.260000228881836 AB 2.5200853560440226 1.0500355650183428
61324.9999 lsst_hardware_y -87.99162055094327 50.869998931884766 30.040000915527344 AB 5.749874518250724 1.084319366036627
61325.0192 lsst_hardware_r -17.581925557342668 22.959999084472656 31.510000228881836 AB 6.325631553943519 1.046077650726562
61326.0015 lsst_hardware_y -69.11366800680493 49.22999954223633 30.040000915527344 AB 6.1232193796784 1.074531785501284
61326.022 lsst_hardware_g -25.498940405634663 14.260000228881836 31.440000534057617 AB 5.872515150313983 1.037546846345113
61328.0025 lsst_hardware_y 72.64041794646164 49.9900016784668 30.040000915527344 AB 7.211236673425756 1.0612563169133635
61328.0236 lsst_hardware_z -12.056818791329766 41.0099983215332 30.940000534057617 AB 6.977053904221933 1.0281162503918855
61330.0093 lsst_hardware_y -149.78096954516542 71.01000213623047 30.799999237060547 AB 7.3538813449698 1.0401774692901482
