data/validation/pwv_sim_epoch_fit_4/37158871.ecsv
# %ECSV 0.9
# ---
# datatype:
# - {name: time, datatype: float64}
# - {name: band, datatype: string}
# - {name: flux, datatype: float64}
# - {name: fluxerr, datatype: float64}
# - {name: zp, datatype: float64}
# - {name: zpsys, datatype: string}
# - {name: pwv, datatype: float64}
# - {name: airmass, datatype: float64}
# meta: {SNID: '37158871', alt: 1024.0, c: -0.0021297228522598743, dec: -41.610443, lat: -30.244573, lon: -70.7499537, ra: 242.578125,
#   t0: 62219.46484375, x0: 1.3056484236578193e-05, x1: -1.0206865072250366, z: 0.4115000069141388}
# schema: astropy-2.0
time band flux fluxerr zp zpsys pwv airmass
[from data line 132]
62637.2304 lsst_hardware_i 17.295139287608585 87.80000305175781 31.34000015258789 AB 5.394387868399611 1.0212452973968278
62639.217 lsst_hardware_z 69.71801415717819 123.62000274658203 31.75 AB 8.138839357266752 1.0202882483724214
62642.2086 lsst_hardware_z -48.78561545689853 52.41999816894531 30.979999542236328 AB 7.027476612449046 1.0202862491306182
62642.2211 lsst_hardware_r -10.780906843716261 61.27000045776367 31.649999618530273 AB 7.042627022351562 1.0224858658272922
62644.2124 lsst_hardware_i -55.983233585806936 37.02000045776367 31.280000686645508 AB 1.9525404181026147 1.021514802163813
62644.2261 lsst_hardware_z 8.164323040973217 44.150001525878906 30.959999084472656 AB 1.9545052505642098 1.0275602631662877
62646.2025 lsst_hardware_i 33.37771103054624 30.850000381469727 31.260000228881836 AB 6.529037540647786 1.0206405409798007
62646.2152 lsst_hardware_u 0.3888460627493264 2.809999942779541 28.510000228881836 AB 5.653984635994955 1.0245509895795686
62649.2327 lsst_hardware_u 7.5106383275693265 3.930000066757202 29.219999313354492 AB 7.347151420524199 1.0460439822778482
62649.2419 lsst_hardware_g 16.597014591829176 20.75 32.18000030517578 AB 7.42474881731283 1.0584103802299116
62654.1988 lsst_hardware_g 1.7385278594079319 14.829999923706055 31.459999084472656 AB 10.509917252101886 1.0275632823721046
62654.211 lsst_hardware_r 38.359758435582684 23.6299991607666 31.510000228881836 AB 10.943478778311599 1.0372965666646066
62655.1882 lsst_hardware_i 22.32320270083465 30.850000381469727 31.260000228881836 AB 9.770716349442079 1.023468891352173
62655.2002 lsst_hardware_z 7.318542530634073 41.29999923706055 30.950000762939453 AB 9.857763096400719 1.0303922960594458
62675.1262 lsst_hardware_r -17.910034491974862 23.209999084472656 31.510000228881836 AB 3.533439112033545 1.0211513942731147
62675.1394 lsst_hardware_u 2.339492959204972 2.819999933242798 28.530000686645508 AB 3.5069686260523323 1.0263297120434567
62676.1091 lsst_hardware_u 1.2110810975157627 2.809999942779541 28.520000457763672 AB 3.8651748039488494 1.0208226438811998
62676.1206 lsst_hardware_g 6.797487242034999 14.40999984741211 31.450000762939453 AB 3.8286116615756765 1.0206455755744461
62678.1164 lsst_hardware_r 20.15819356763109 23.1299991607666 31.510000228881836 AB 5.041252636185372 1.0208408983162554
62678.1282 lsst_hardware_i -16.602457372602263 30.670000076293945 31.260000228881836 AB 6.192471922603435 1.0247347215958025
62686.1002 lsst_hardware_i 51.60571317197184 30.59000015258789 31.260000228881836 AB 9.072607260818893 1.0222368114497116
62686.1139 lsst_hardware_z -29.835922488199984 41.0 30.950000762939453 AB 9.07758098296864 1.0292041930803626
62688.1049 lsst_hardware_r -2.738694276853026 23.260000228881836 31.5 AB 5.42193325081209 1.0269137127078678
62688.1163 lsst_hardware_u 1.2377394528199346 2.6600000858306885 28.399999618530273 AB 5.468343102425888 1.0355402920892556
62694.0498 lsst_hardware_r 55.69796131730087 96.8499984741211 31.65999984741211 AB 8.346818062148236 1.023919126022514
62694.0615 lsst_hardware_y -1.0027082789241193 56.689998626708984 30.06999969482422 AB 8.345318149280478 1.020594741206141
62699.0402 lsst_hardware_r -13.824835037669454 55.369998931884766 31.639999389648438 AB 1.5335278157151602 1.0223518771434401
62699.0528 lsst_hardware_z -5.250558666081869 51.90999984741211 30.969999313354492 AB 1.6846709975554517 1.020291307694833
62704.0274 lsst_hardware_u 6.492039918364804 2.7100000381469727 28.459999084472656 AB 6.179742304815231 1.022078528809631
62704.0388 lsst_hardware_g 17.323175542887473 14.199999809265137 31.440000534057617 AB 6.171063380715263 1.0202915482031298
62707.0297 lsst_hardware_r 10.26639530535878 22.81999969482422 31.489999771118164 AB 5.298453202889163 1.0203067981685272
62707.043 lsst_hardware_z 10.363292356461784 40.86000061035156 30.940000534057617 AB 4.804735557219145 1.0222841611104563
62716.0095 lsst_hardware_r -2.8371076854502473 23.43000030517578 31.510000228881836 AB 2.197339827306203 1.0204364523093823
62716.0214 lsst_hardware_i -7.697936159267214 30.670000076293945 31.25 AB 2.1941180290220674 1.023375946372233
62718.01 lsst_hardware_z -86.03797271998096 41.63999938964844 30.950000762939453 AB 0.720451857933122 1.021434581190627
62718.0208 lsst_hardware_r 30.905531950153918 26.68000030517578 31.540000915527344 AB 0.7583150642576911 1.0256741175712685
62719.011 lsst_hardware_z 71.9681814367364 43.59000015258789 30.950000762939453 AB 1.2014883586930778 1.0225432839941087
62719.0234 lsst_hardware_g 7.396495817336091 28.670000076293945 31.639999389648438 AB 1.269192510312653 1.0289359629612103
62722.0083 lsst_hardware_r -88.35413921589301 71.37000274658203 31.649999618530273 AB 5.729126680219087 1.02485793748888
62722.0208 lsst_hardware_z 53.8486575509434 57.59000015258789 30.979999542236328 AB 5.775778898877598 1.0332033449588738
62725.0019 lsst_hardware_z -21.9075279935176 60.880001068115234 30.989999771118164 AB 2.2916156188314893 1.0257903396738985
62725.0133 lsst_hardware_r -83.22660125473661 85.0999984741211 31.65999984741211 AB 2.2965698487873913 1.033792414489035
