data/validation/pwv_sim_epoch_fit_4/37165149.ecsv
# %ECSV 0.9
# ---
# datatype:
# - {name: time, datatype: float64}
# - {name: band, datatype: string}
# - {name: flux, datatype: float64}
# - {name: fluxerr, datatype: float64}
# - {name: zp, datatype: float64}
# - {name: zpsys, datatype: string}
# - {name: pwv, datatype: float64}
# - {name: airmass, datatype: float64}
# meta: {SNID: '37165149', alt: 1024.0, c: -0.020476965233683586, dec: -49.896984, lat: -30.244573, lon: -70.7499537, ra: 118.255814,
#   t0: 61867.35546875, x0: 1.6599450698236447e-05, x1: -2.2580933570861816, z: 0.3716915249824524}
# schema: astropy-2.0
time band flux fluxerr zp zpsys pwv airmass
61744.3347 lsst_hardware_i -34.544523939561756 30.329999923706055 31.239999771118164 AB 4.3578885475534355 1.064890905160841
61744.3464 lsst_hardware_z 5.822113265572294 48.18000030517578 30.959999084472656 AB 4.330410850601665 1.0708236524731563
61748.3123 lsst_hardware_g 20.189133853110327 12.680000305175781 31.3799991607666 AB 7.0018975306771924 1.0624228102082076
61748.3256 lsst_hardware_r 30.26408497569972 21.479999542236328 31.479999542236328 AB 7.057124357502623 1.0655882159982821
61750.3072 lsst_hardware_i 43.799289645678364 35.060001373291016 31.270000457763672 AB 8.815338823883248 1.0624516992406943
61750.3205 lsst_hardware_z -40.13468792900834 40.77000045776367 30.940000534057617 AB 8.838778698707003 1.0657370093795808
61752.317 lsst_hardware_r -153.73887804191594 102.70999908447266 32.38999938964844 AB 10.715046297758652 1.0665982776984524
61752.3311 lsst_hardware_g -169.9442348274955 100.12000274658203 32.459999084472656 AB 10.761962031863488 1.075676292978076
61756.3134 lsst_hardware_z -65.40640533097393 49.66999816894531 30.959999084472656 AB 7.1357838318715485 1.0706753939564948
61756.3254 lsst_hardware_i 21.997877053864716 47.70000076293945 31.299999237060547 AB 7.183809190094628 1.0803532882313396
61758.3124 lsst_hardware_z -25.61475132876891 63.66999816894531 31.709999084472656 AB 5.203441285738086 1.0738339311558731
61760.2978 lsst_hardware_g -13.144637340034704 20.809999465942383 31.559999465942383 AB 6.588150071496435 1.067915721436498
61760.3099 lsst_hardware_r 10.967844297192377 26.6299991607666 31.530000686645508 AB 6.4617839483176045 1.0762166187343685
61764.293 lsst_hardware_i 3.5459844417089674 29.780000686645508 31.239999771118164 AB 7.17242869775566 1.0716447036427723
61764.3051 lsst_hardware_z 57.667771453324235 41.08000183105469 30.940000534057617 AB 7.22874380275239 1.0818773463834956
61768.2914 lsst_hardware_r 24.189986817992313 21.6299991607666 31.469999313354492 AB 7.7402949289784075 1.079187841564138
61768.304 lsst_hardware_i -18.679490802687937 30.270000457763672 31.239999771118164 AB 7.61236017191069 1.093075530249264
61770.285 lsst_hardware_z 2.8270781123020865 41.04999923706055 30.940000534057617 AB 6.039341811760226 1.0783255228711273
61770.2979 lsst_hardware_i 37.06843772142881 29.989999771118164 31.229999542236328 AB 5.555086419510998 1.0922667054584954
61778.2338 lsst_hardware_z -36.610115126233865 44.630001068115234 30.950000762939453 AB 8.534545310630472 1.06283254179707
61778.2464 lsst_hardware_r 30.00461084520095 32.5099983215332 31.56999969482422 AB 8.623981593387514 1.0667963376283418
61780.256 lsst_hardware_r 85.23834534742109 62.040000915527344 31.6299991607666 AB 7.146393972450065 1.0768317595796075
61780.2672 lsst_hardware_i -24.105127259053152 51.209999084472656 31.299999237060547 AB 7.193289912549965 1.0881612453747773
61783.2519 lsst_hardware_z 31.090156295957165 83.80000305175781 31.729999542236328 AB 4.899356543288825 1.0805815049159295
61786.2416 lsst_hardware_r -11.449780994908835 50.54999923706055 31.6299991607666 AB 5.483222126639727 1.0785959202622242
61786.254 lsst_hardware_i -31.433084962132792 45.2599983215332 31.299999237060547 AB 5.0396157133255315 1.092007738532076
61788.187 lsst_hardware_r -32.70085918929484 30.809999465942383 31.559999465942383 AB 6.648266271961145 1.0645174432047093
61788.1994 lsst_hardware_i 20.98798168098017 35.15999984741211 31.270000457763672 AB 6.596508116672115 1.062353679945043
61790.189 lsst_hardware_z 13.438982617940324 40.86000061035156 30.93000030517578 AB 9.496090477069307 1.0627572719244915
61790.2022 lsst_hardware_r 20.736224724197402 22.190000534057617 31.469999313354492 AB 9.376015339883327 1.0630402879686311
61796.1814 lsst_hardware_r 13.753649890111983 21.290000915527344 31.469999313354492 AB 14.817160116209791 1.0624666654388206
61796.194 lsst_hardware_u 0.7902250839557721 2.5 28.329999923706055 AB 14.878890163679198 1.0654033270329883
61798.1776 lsst_hardware_g 24.99354250201826 12.710000038146973 31.3799991607666 AB 11.344616799880834 1.062628025466545
61798.1897 lsst_hardware_r 38.08503449390966 21.540000915527344 31.479999542236328 AB 11.308937974122111 1.065875398126495
61800.175 lsst_hardware_i 7.9949349047039435 29.59000015258789 31.229999542236328 AB 12.969409322602482 1.0630663379182363
61800.1877 lsst_hardware_z -76.59705680768288 40.75 30.93000030517578 AB 13.076128078939693 1.067482597570488
61802.1758 lsst_hardware_r 12.930160340534549 21.450000762939453 31.469999313354492 AB 11.780792408405244 1.064737892214311
61802.1879 lsst_hardware_g 5.172243264078088 12.65999984741211 31.3700008392334 AB 12.096465841600004 1.0707679774807475
61806.1721 lsst_hardware_z -7.180992576578472 43.09000015258789 30.950000762939453 AB 7.301177305746531 1.0678919563765343
61806.1847 lsst_hardware_i 20.582741539517716 33.7599983215332 31.260000228881836 AB 7.486563789303845 1.0765838063422268
61809.1757 lsst_hardware_z 14.436302509730131 72.33000183105469 31.719999313354492 AB 9.73334778638296 1.0759043242132909
61811.1524 lsst_hardware_y 33.622057920425924 53.4900016784668 30.049999237060547 AB 3.7166326427009544 1.0651666239739108
61811.1657 lsst_hardware_r -157.64744890367766 87.76000213623047 31.649999618530273 AB 3.7380166768508216 1.0723964837479605
61813.1721 lsst_hardware_z 75.39052926307754 81.47000122070312 31.729999542236328 AB 6.446827684760468 1.0827119215295062
61815.1576 lsst_hardware_r -76.48505404842858 52.18000030517578 31.6200008392334 AB 1.8997462069872675 1.074517085400038
61815.1689 lsst_hardware_z 13.00696729250137 49.099998474121094 30.959999084472656 AB 1.7122956122019473 1.0851049506983188
61817.1493 lsst_hardware_r 19.475357933523643 31.979999542236328 31.56999969482422 AB 3.732356442640865 1.0723878202248585
61817.1606 lsst_hardware_i 9.079120913632348 36.38999938964844 31.280000686645508 AB 3.8077276872468397 1.0821250976189953
61819.1472 lsst_hardware_z 48.142541366748375 41.22999954223633 30.950000762939453 AB 5.9451038691312865 1.0749344025671324
61819.159 lsst_hardware_i -34.66638081008078 30.09000015258789 31.239999771118164 AB 6.132879930561477 1.086234490003804
61821.1437 lsst_hardware_u -2.5286006383727972 2.690000057220459 28.479999542236328 AB 4.1765932321203705 1.0765571643313168
61821.1562 lsst_hardware_g 11.78289740913772 12.770000457763672 31.3799991607666 AB 4.226045915597936 1.089304070178826
61823.1444 lsst_hardware_r 9.132739572097902 21.56999969482422 31.479999542236328 AB 6.959284224545322 1.0823148094160686
61823.1546 lsst_hardware_i -52.59989251812154 30.100000381469727 31.25 AB 7.074764615703154 1.094106261852411
61825.1416 lsst_hardware_z -133.49376283580025 41.189998626708984 30.940000534057617 AB 10.053971093397735 1.0851170413078575
61825.1528 lsst_hardware_u 3.6938665679944296 2.559999942779541 28.360000610351562 AB 10.33617655640564 1.0990476242013512
61827.1457 lsst_hardware_g 19.65761619517974 12.65999984741211 31.360000610351562 AB 5.909504335827062 1.0967899658179403
61827.158 lsst_hardware_r 13.012564780706313 21.65999984741211 31.459999084472656 AB 5.955925147050688 1.1156551741220733
61829.0803 lsst_hardware_u 0.31436432562427835 2.559999942779541 28.3799991607666 AB 5.812364619339908 1.063156397105082
61829.0919 lsst_hardware_r -16.915023909371705 21.440000534057617 31.479999542236328 AB 5.466746975334531 1.0625358552642432
61831.0797 lsst_hardware_i 32.9925825573529 29.770000457763672 31.239999771118164 AB 3.0737817364088285 1.0624893661973138
61831.0915 lsst_hardware_z 46.559273553864884 41.02000045776367 30.940000534057617 AB 3.159821584434416 1.0633162931355298
61833.0789 lsst_hardware_r 27.57834442008279 23.149999618530273 31.5 AB 4.751418914287757 1.0624026789046188
61833.0928 lsst_hardware_z -10.073540016264015 41.18000030517578 30.940000534057617 AB 4.850752882146213 1.0653580765356447
61835.0805 lsst_hardware_g 21.603098799440804 30.260000228881836 31.639999389648438 AB 5.559295186543697 1.0633015976812936
61835.0926 lsst_hardware_r -59.098724678955975 32.790000915527344 31.559999465942383 AB 7.737581512748968 1.067743539017797
61837.0762 lsst_hardware_i -51.01478547442167 44.04999923706055 31.290000915527344 AB 9.998437395718373 1.0635692646806176
61837.0894 lsst_hardware_z 22.6121302541488 47.61000061035156 30.959999084472656 AB 11.016605266731524 1.0689852120255707
61839.0762 lsst_hardware_r -38.47407462794725 70.58000183105469 31.639999389648438 AB 10.78114292962656 1.0652776967172135
61839.0897 lsst_hardware_z 35.16564654304504 55.369998931884766 30.969999313354492 AB 12.009319638592531 1.0727395836170144
61841.0685 lsst_hardware_r -83.210169681938 87.26522726398562 31.649999618530273 AB 8.248360511186522 1.0644877197608005
61841.0813 lsst_hardware_i 29.563684803469354 68.55062787430295 31.329999923706055 AB 8.283080562217245 1.0707187903590027
61844.0639 lsst_hardware_z -1.2039873974184052 48.3722817105609 30.959999084472656 AB 10.167908670214219 1.0658185188903795
61844.0778 lsst_hardware_i -19.241297709579364 46.84680164830358 31.299999237060547 AB 10.253456211274786 1.0740539686036719
61848.058 lsst_hardware_r -97.91400470662373 23.71291743171117 31.469999313354492 AB 7.766626679670738 1.0682260725990447
61848.0711 lsst_hardware_i 66.66616146190215 31.131829768069544 31.239999771118164 AB 7.77908161027475 1.0775470596356616
61850.0407 lsst_hardware_i 295.13731021612944 34.40648338986163 31.239999771118164 AB 3.9047332026694495 1.0635735979669827
61850.0542 lsst_hardware_z 272.44857685442236 44.27339456467905 30.940000534057617 AB 4.248321984286216 1.069163705621295
61852.0345 lsst_hardware_r 651.0394103264185 33.257067640217 31.479999542236328 AB 6.493832232882535 1.063400474816991
61852.0474 lsst_hardware_g 95.95991439758888 16.476648726736254 31.3799991607666 AB 6.388164077285026 1.0684037481173563
61854.0362 lsst_hardware_r 1258.175500117709 41.89241834955534 31.469999313354492 AB 8.98245115745103 1.065660357984462
61854.0503 lsst_hardware_i 1119.2741720639858 44.488967904600905 31.239999771118164 AB 11.05589156070069 1.0739088451384837
61856.0316 lsst_hardware_z 1320.1876326020813 54.92127867833543 30.950000762939453 AB 5.85511173639839 1.066019433117595
61856.0442 lsst_hardware_i 1638.7212895467358 50.882217827716644 31.239999771118164 AB 6.846842039603134 1.0734251061539757
61858.0295 lsst_hardware_u 24.415725814823123 5.673358187709842 28.309999465942383 AB 6.939394062810206 1.0675990865861855
61858.0431 lsst_hardware_g 1725.101114051511 43.28338951784494 31.360000610351562 AB 7.31640175346496 1.0769444708500342
61860.0232 lsst_hardware_r 7756.681859908832 93.03748005278355 32.220001220703125 AB 6.373192278138893 1.067178881135122
61860.0366 lsst_hardware_i 6040.357573876186 86.98690710175376 31.979999542236328 AB 6.439512841125138 1.0760618572592648
61862.0231 lsst_hardware_z 5020.396552114538 89.8734545588839 31.690000534057617 AB 8.443709969991213 1.0701787034209393
62110.3508 lsst_hardware_z -41.149238608669414 63.849998474121094 30.989999771118164 AB 4.529162312170024 1.0756189068859525
62112.3543 lsst_hardware_i 43.336123858734695 57.0 31.31999969482422 AB 6.817160050158471 1.0840677506811593
62114.3212 lsst_hardware_z 77.67401036694298 61.09000015258789 31.700000762939453 AB 10.710382372435578 1.064729713689945
62116.3182 lsst_hardware_g -11.009237575978442 15.550000190734863 31.459999084472656 AB 11.21852916471779 1.0656572571133358
62116.33 lsst_hardware_r -13.538180067701356 23.34000015258789 31.5 AB 11.259190144850264 1.0722357448590605
62118.3106 lsst_hardware_i 42.37378117723089 30.010000228881836 31.25 AB 7.717459337056152 1.0648443376414145
62118.3244 lsst_hardware_z 6.59636167663298 41.25 30.940000534057617 AB 7.72940248221209 1.0721383136044143
62120.3092 lsst_hardware_i 41.154057627140624 29.899999618530273 31.239999771118164 AB 11.290637681746391 1.066489360557291
62120.3211 lsst_hardware_u -1.5593128126885594 2.680000066757202 28.459999084472656 AB 11.355241696067743 1.0737237011505518
62126.3099 lsst_hardware_u -1.1447213770268947 2.7200000286102295 28.5 AB 6.438943352295106 1.078023302790949
62126.3218 lsst_hardware_g 4.129354667083611 12.850000381469727 31.389999389648438 AB 6.5497270853123615 1.090606311123522
62129.2959 lsst_hardware_i 3.9680946179226217 29.889999389648438 31.239999771118164 AB 7.168009710354987 1.073256179727492
62129.308 lsst_hardware_z 18.75346374691313 41.220001220703125 30.940000534057617 AB 7.25717128979965 1.0841982430635781
62131.2957 lsst_hardware_i 25.032001091326087 30.0 31.25 AB 6.449422968550693 1.0775378094036392
62131.3069 lsst_hardware_u 1.9019506273891729 2.619999885559082 28.40999984741211 AB 6.528108729507972 1.0891072288134755
62133.2913 lsst_hardware_g 11.603218352529892 18.1200008392334 32.13999938964844 AB 7.754705183325587 1.0784903597411692
62133.3036 lsst_hardware_r 54.419407553927805 30.760000228881836 32.2400016784668 AB 7.639047790699297 1.0917344340374862
62135.2869 lsst_hardware_i 30.504939884701763 57.13999938964844 31.31999969482422 AB 6.0500855173163375 1.079472853095596
62135.2993 lsst_hardware_r -46.038143883838636 65.26000213623047 31.639999389648438 AB 5.553912146856477 1.0932001273233976
62137.2254 lsst_hardware_i 4.827550619135043 65.83999633789062 31.329999923706055 AB 7.508052855289644 1.0669439908497043
62137.2387 lsst_hardware_z 8.864564421304635 59.599998474121094 30.979999542236328 AB 7.479481024504995 1.0627863309523178
62139.2309 lsst_hardware_r 102.86767664034515 65.3499984741211 31.639999389648438 AB 3.7546824700659873 1.063197641247625
62139.2422 lsst_hardware_z 31.107180971945663 53.0 30.969999313354492 AB 3.6347381605037707 1.062478269659097
62141.2318 lsst_hardware_r -28.57433093399988 48.90999984741211 31.6299991607666 AB 12.385756359363915 1.0624027070412725
62141.2435 lsst_hardware_i 2.2743345517771107 44.38999938964844 31.299999237060547 AB 12.433664424756815 1.0635699435231012
62145.2464 lsst_hardware_g 26.697421612210057 14.739999771118164 31.440000534057617 AB 7.468496762938082 1.0693723887368387
62145.2567 lsst_hardware_r 14.909592280895767 23.170000076293945 31.5 AB 8.56219550476156 1.0768702684896951
62147.2405 lsst_hardware_i -6.858848988800897 29.809999465942383 31.239999771118164 AB 6.842336472382603 1.0691150738097817
62147.2535 lsst_hardware_r 5.2013546867737634 21.479999542236328 31.469999313354492 AB 6.605316974284737 1.0788888181441831
62149.2398 lsst_hardware_u -4.214670055619422 2.640000104904175 28.450000762939453 AB 4.739599000048268 1.072186178045078
62149.2527 lsst_hardware_g 12.70836990860691 12.75 31.3799991607666 AB 4.935787197285367 1.0834786954857571
62151.2428 lsst_hardware_r -5.451458368665436 21.610000610351562 31.479999542236328 AB 5.8271215500629925 1.0790965833449986
62151.2558 lsst_hardware_i -54.60930171841035 30.079999923706055 31.239999771118164 AB 6.031095351794617 1.0934481208305948
62153.1868 lsst_hardware_r -23.695318634944545 21.510000228881836 31.469999313354492 AB 3.2667530865272143 1.0648404693411901
62153.2012 lsst_hardware_i -48.62833126156711 29.81999969482422 31.239999771118164 AB 3.250675160461898 1.062370007231951
62155.1864 lsst_hardware_z -59.709011984267995 40.95000076293945 30.950000762939453 AB 6.1676229480957305 1.063383266913057
62155.1998 lsst_hardware_i -13.281245196126955 29.739999771118164 31.239999771118164 AB 6.163130609281939 1.0626087257382655
62157.1915 lsst_hardware_u 0.7311889335101042 2.559999942779541 28.3799991607666 AB 12.21760916341822 1.0624007968189757
62157.2034 lsst_hardware_g -3.5703408255699376 12.630000114440918 31.3700008392334 AB 12.243163257232567 1.0646228919332668
62159.1889 lsst_hardware_r 1.9972216693144387 21.420000076293945 31.469999313354492 AB 9.280160418143204 1.0626137883370044
62159.2016 lsst_hardware_i -9.023389244628548 29.729999542236328 31.239999771118164 AB 9.205982454724952 1.066021320628191
62161.1874 lsst_hardware_z 22.259416068963912 62.400001525878906 31.709999084472656 AB 8.223401771942038 1.063244887602808
