data/validation/pwv_sim_epoch_fit_4/37198268.ecsv
# %ECSV 0.9
# ---
# datatype:
# - {name: time, datatype: float64}
# - {name: band, datatype: string}
# - {name: flux, datatype: float64}
# - {name: fluxerr, datatype: float64}
# - {name: zp, datatype: float64}
# - {name: zpsys, datatype: string}
# - {name: pwv, datatype: float64}
# - {name: airmass, datatype: float64}
# meta: {SNID: '37198268', alt: 1024.0, c: -0.09420198947191238, dec: -15.094787, lat: -30.244573, lon: -70.7499537, ra: 245.917969, t0: 61894.28125,
#   x0: 9.87727481050508e-06, x1: 0.26123642921447754, z: 0.4621987044811249}
# schema: astropy-2.0
time band flux fluxerr zp zpsys pwv airmass
61842.3426 lsst_hardware_r -51.791958638526914 89.08999633789062 31.639999389648438 AB 14.377392736509366 1.1136632638659463
61842.3602 lsst_hardware_y 74.3413256941801 54.34000015258789 30.040000915527344 AB 13.826493653244068 1.0756987321153175
61843.3699 lsst_hardware_z 72.01357993515686 62.77000045776367 30.979999542236328 AB 11.015656273656955 1.0569449353452105
61843.381 lsst_hardware_y 56.799573028303975 54.08000183105469 30.059999465942383 AB 11.799510482285658 1.0453299702292136
61845.3906 lsst_hardware_z 26.84387529523587 66.58000183105469 30.989999771118164 AB 7.933926141395865 1.0368660418717848
61847.3907 lsst_hardware_r 11.25989047489938 55.36000061035156 31.639999389648438 AB 7.413230433689926 1.0358013739960774
61849.3791 lsst_hardware_r -7.634085426905848 30.979999542236328 31.56999969482422 AB 5.8413014970978665 1.0370401521655581
61849.3965 lsst_hardware_y -43.580908444533335 48.290000915527344 30.049999237060547 AB 5.882962553714908 1.0370108502934792
61851.3749 lsst_hardware_g 32.331059876061005 16.959999084472656 31.5 AB 6.43922720244913 1.0366760995128579
61851.3961 lsst_hardware_z -24.322941673599566 42.38999938964844 30.950000762939453 AB 5.834915169043413 1.039026874245409
61853.3799 lsst_hardware_i 44.18907981796149 31.549999237060547 31.25 AB 7.0027757089734655 1.0358369512570764
61853.3996 lsst_hardware_y 16.290348074608662 48.08000183105469 30.040000915527344 AB 7.081610220354324 1.0448705599932844
61857.2996 lsst_hardware_g 9.200709296668391 15.449999809265137 31.440000534057617 AB 8.284573679457495 1.1190329148299183
61857.3177 lsst_hardware_i 40.25049277550128 31.850000381469727 31.25 AB 7.946979526719178 1.0784827006313913
61859.3651 lsst_hardware_z 27.806157775114038 41.45000076293945 30.940000534057617 AB 6.561292732305569 1.0360481181597299
61859.3857 lsst_hardware_r 67.03074062498324 24.149999618530273 31.5 AB 7.689242642017208 1.047010163673382
61863.3473 lsst_hardware_r -12.499744141059058 24.020000457763672 31.510000228881836 AB 6.00836333112105 1.0357758938866684
61863.3647 lsst_hardware_i 26.665698177571056 31.399999618530273 31.25 AB 5.93943455669772 1.0397259617851824
61867.3463 lsst_hardware_z -4.9756115759051465 41.6709286205685 30.950000762939453 AB 8.428403781292143 1.0367040321392649
61867.3665 lsst_hardware_r 64.33502879805938 24.463103147890912 31.510000228881836 AB 8.557691661812273 1.049540599333101
61873.2431 lsst_hardware_y 349.14161157312867 111.49753117344615 31.219999313354492 AB 14.150477813271488 1.157653232247243
61873.2619 lsst_hardware_r 502.06586390183634 122.39230049347697 31.649999618530273 AB 13.131648758939205 1.1039328105368384
61875.322 lsst_hardware_i 567.1303525743544 66.53586424953654 31.329999923706055 AB 10.112803197974644 1.036147868644943
61875.3393 lsst_hardware_z 407.3890112915131 61.476787378556985 30.979999542236328 AB 10.293986582244505 1.0446770602303024
61877.3015 lsst_hardware_z 594.6818704633204 50.5933012131446 30.969999313354492 AB 14.404188732734958 1.0374231899458002
61877.3192 lsst_hardware_r 1369.793080752624 53.28446071702211 31.6200008392334 AB 14.439462674811509 1.0367591222266386
61879.276 lsst_hardware_z 712.7268291393123 49.37016419619201 30.950000762939453 AB 10.271486019248323 1.0517956807094573
61879.293 lsst_hardware_r 1602.9668636970778 48.63984762249877 31.540000915527344 AB 11.098952730050993 1.0386604754005453
61884.2976 lsst_hardware_g 1459.002171977077 40.8136923498121 31.459999084472656 AB 9.221997232081483 1.0361794642788182
61884.3131 lsst_hardware_r 2755.896321517342 58.110476437483484 31.510000228881836 AB 9.286352781001046 1.043410424831578
61890.2899 lsst_hardware_r 3628.0805501539685 64.75592646899867 31.510000228881836 AB 10.955886783412536 1.0391621723809672
61890.3102 lsst_hardware_i 2194.9838039955353 56.05262458390964 31.25 AB 11.597555942650917 1.0568934401978372
61892.2088 lsst_hardware_i 2250.7335179486977 57.30080265951562 31.260000228881836 AB 8.821892148468919 1.1068873461065143
61892.2255 lsst_hardware_z 1773.1092065059772 58.53792562900023 30.959999084472656 AB 8.524052771973789 1.0725789137090411
61893.2238 lsst_hardware_r 3756.138592904866 66.06406957191813 31.530000686645508 AB 12.676140583737919 1.0708611666820724
61893.2406 lsst_hardware_u 10.847512404909525 4.038405187455974 28.549999237060547 AB 12.477719779716592 1.0488710622082371
61896.2739 lsst_hardware_i 2503.937606414857 67.62073785586524 31.309999465942383 AB 2.7591410810206707 1.0393550028957825
61896.2924 lsst_hardware_z 1722.4027631444915 63.80724261483383 30.969999313354492 AB 3.2390405855554385 1.0551480040900525
61900.2479 lsst_hardware_r 3564.6359531165917 170.28442178329388 31.670000076293945 AB 6.421270365888361 1.0356887686916711
61900.2672 lsst_hardware_i 2373.3425367555196 133.3316015106829 31.34000015258789 AB 7.397090883759989 1.041843786445069
61907.1808 lsst_hardware_i 1911.634155277429 54.9323823358252 31.260000228881836 AB 7.347034805850482 1.0792030953338776
61909.2051 lsst_hardware_r 2195.5330789410805 52.43631401388777 31.510000228881836 AB 8.734349097677462 1.0420778402478579
61909.2245 lsst_hardware_u 0.3090108606469554 3.29493235420321 28.420000076293945 AB 8.201233501376915 1.035683637991751
61925.0905 lsst_hardware_z 1611.0999607289996 87.54038758399146 31.700000762939453 AB 13.953133613057213 1.1969318771074677
61925.1091 lsst_hardware_r 733.7368419629755 69.3840522205658 31.6200008392334 AB 13.197141620732802 1.1325912165748404
61927.1693 lsst_hardware_z 704.5211597437242 86.94405703498212 31.0 AB 5.660958011219208 1.0362361360459835
61927.1941 lsst_hardware_r 787.9658919860132 121.75477483342266 31.65999984741211 AB 5.659490871307721 1.0422635122114063
61943.1211 lsst_hardware_g 69.09369332062397 17.53731359044581 31.469999313354492 AB 2.6956767162389417 1.0374970523386877
61943.1398 lsst_hardware_i 450.61346084741893 38.154586482675825 31.260000228881836 AB 2.7174427019910916 1.036993971376108
61946.0636 lsst_hardware_z 367.8285708472562 47.12137764132322 30.950000762939453 AB 5.184198575003366 1.1015561381149612
61946.0784 lsst_hardware_r 249.44105610702027 29.03768435696427 31.510000228881836 AB 5.111095245621062 1.0720141042673996
61948.0925 lsst_hardware_r 267.13318567967855 28.691184376675974 31.510000228881836 AB 8.165986655895521 1.0469213661404515
61948.114 lsst_hardware_u 9.130834505581715 3.9409326145342267 28.5 AB 8.080064935720952 1.0359057609898656
61957.0906 lsst_hardware_i 287.7404823046091 109.20051175942223 31.350000381469727 AB 5.43975810248107 1.0357826985778638
61957.1122 lsst_hardware_z 336.45393454578993 90.29332213127962 31.0 AB 5.517448802650109 1.0422735601001198
61959.0829 lsst_hardware_r 273.06569024073866 109.72222424163459 31.65999984741211 AB 1.9517661690274382 1.0360609585211278
61959.1051 lsst_hardware_z 390.98251211423013 75.16055140109914 30.989999771118164 AB 1.8082046476977238 1.0411926954112953
61961.0789 lsst_hardware_g 45.09386147706727 75.76875073238055 31.729999542236328 AB 8.67255827928965 1.0358591725870505
61961.1 lsst_hardware_i 293.79496587748383 60.899674938976325 31.329999923706055 AB 8.956231777544279 1.041422299714451
61975.0652 lsst_hardware_i -56.83682017051783 44.380001068115234 32.0 AB 6.367427223980024 1.0438405285213155
61975.0862 lsst_hardware_z -16.57679718724571 59.34000015258789 31.690000534057617 AB 6.3441005902751755 1.0683601431881629
61977.025 lsst_hardware_z -57.35422530877543 41.63999938964844 30.950000762939453 AB 9.557544091482058 1.0388634882045715
61977.0479 lsst_hardware_r 5.402524763980418 24.1299991607666 31.5 AB 8.778300475581872 1.0372972044566573
61980.0343 lsst_hardware_z 21.11552880519056 43.77000045776367 30.950000762939453 AB 4.615053128782968 1.0359847643039382
61980.0575 lsst_hardware_g -55.794084835785846 27.829999923706055 31.6299991607666 AB 4.088586098211375 1.0490727244811946
61982.0257 lsst_hardware_r 63.80442156569116 65.18000030517578 31.639999389648438 AB 3.355669357519215 1.035700418987412
61982.0494 lsst_hardware_z -73.90192683549455 56.369998931884766 30.969999313354492 AB 3.6777189564593815 1.0465904827715942
61988.9803 lsst_hardware_y -1.9919113987230221 51.790000915527344 30.049999237060547 AB 3.2395320323999792 1.047149671069921
61989.0062 lsst_hardware_i 91.57304498359079 88.4800033569336 32.08000183105469 AB 3.6016108936983295 1.0356896890577512
61989.0289 lsst_hardware_z -6.921483051577155 58.77000045776367 30.979999542236328 AB 3.589872730708121 1.04539101068961
61990.9786 lsst_hardware_y -85.00196330846971 48.15999984741211 30.049999237060547 AB 3.5509900206099902 1.043973840490969
61990.9966 lsst_hardware_r 7.119691263879679 24.700000762939453 31.520000457763672 AB 3.5291593749915826 1.0359060833594
61992.9796 lsst_hardware_y -35.608282381585546 48.45000076293945 30.049999237060547 AB 8.068589659517453 1.039733212141075
61992.9982 lsst_hardware_g -8.88139105226499 15.869999885559082 31.479999542236328 AB 8.036539245610449 1.0359034861575727
61995.9814 lsst_hardware_y -68.70543601263368 48.150001525878906 30.059999465942383 AB 5.10300749904746 1.0361436546294702
61996.001 lsst_hardware_z 58.168435110734265 42.02000045776367 30.959999084472656 AB 3.246841775340518 1.0394328594623363
61999.9704 lsst_hardware_y 29.346090291152446 67.2699966430664 30.06999969482422 AB 3.579407843999901 1.0361580095527285
61999.9904 lsst_hardware_u -8.439540248828461 2.950000047683716 28.520000457763672 AB 3.5944238043899217 1.0396019680086541
62209.3884 lsst_hardware_z 26.229494799574027 42.060001373291016 30.950000762939453 AB 11.718968651349227 1.0390615099355731
62209.407 lsst_hardware_y -105.93844779777626 67.2699966430664 30.06999969482422 AB 11.684589854756993 1.0360822145322879
62215.3793 lsst_hardware_r 43.08490596132803 24.690000534057617 31.530000686645508 AB 5.865142132875341 1.0364273074527903
62215.3986 lsst_hardware_y -55.74242065109993 48.38999938964844 30.059999465942383 AB 5.8274685471054095 1.0385793168963675
62217.3796 lsst_hardware_g -15.066171216110831 15.84000015258789 31.510000228881836 AB 5.92332891682446 1.0356828110022223
62217.3998 lsst_hardware_z 51.92340974676549 43.290000915527344 30.959999084472656 AB 6.036118431139797 1.042417482279519
62219.379 lsst_hardware_i 41.09824880625108 31.790000915527344 31.270000457763672 AB 7.05237392923591 1.0359711978312023
62219.3976 lsst_hardware_y 78.03040597906994 48.11000061035156 30.049999237060547 AB 7.117767365407681 1.0448865774232998
62221.3612 lsst_hardware_r -24.257278177379128 24.520000457763672 31.530000686645508 AB 7.776584135867299 1.0368778847823066
62221.3798 lsst_hardware_u -2.8991025204633214 2.9600000381469727 28.59000015258789 AB 6.662826722626832 1.037581051565336
62223.3565 lsst_hardware_z -12.49625630384465 49.61000061035156 30.979999542236328 AB 8.168145023448266 1.0366652947232626
62223.3758 lsst_hardware_i 28.17099774300295 40.790000915527344 31.299999237060547 AB 7.767583702343454 1.0381578707815498
62225.3476 lsst_hardware_z -86.61299579115347 67.70999908447266 30.989999771118164 AB 6.569909992691904 1.0377911740772507
62225.3661 lsst_hardware_r 97.3706809463411 97.37000274658203 31.65999984741211 AB 6.437779902547699 1.036693445035154
62227.3533 lsst_hardware_y -27.69164514014856 82.37999725341797 30.809999465942383 AB 6.2282793459946895 1.0356731400531598
62229.3432 lsst_hardware_r -45.15802206338532 89.7699966430664 31.65999984741211 AB 5.9760819647003345 1.0360153651604163
62229.3657 lsst_hardware_i -54.175183510899444 78.08000183105469 31.329999923706055 AB 6.011282309282964 1.0415158491394105
62231.3473 lsst_hardware_z -16.45504722275983 47.68000030517578 30.959999084472656 AB 7.979182838260936 1.0361453745171478
62231.3683 lsst_hardware_r -32.174028783956715 45.34000015258789 31.6200008392334 AB 7.984856276386437 1.047938703085677
62233.3238 lsst_hardware_r 18.790699063504455 27.850000381469727 31.549999237060547 AB 8.714728756331153 1.0386217332350842
62233.3429 lsst_hardware_z -74.48634518366188 42.310001373291016 30.950000762939453 AB 8.446849706541059 1.0363596965267234
62235.3242 lsst_hardware_g 3.1365723797310294 15.489999771118164 31.459999084472656 AB 8.08160459309494 1.0365461213888338
62235.3423 lsst_hardware_i -20.865434475457107 31.489999771118164 31.25 AB 7.450249649679082 1.0378560492692182
62237.3195 lsst_hardware_r -9.993958021991627 24.030000686645508 31.520000457763672 AB 3.7077747907813485 1.0363667541548538
62237.3375 lsst_hardware_u 4.145726032266359 2.869999885559082 28.530000686645508 AB 4.360123003362652 1.0381245246101551
62241.2707 lsst_hardware_g 5.209881350955011 15.260000228881836 31.459999084472656 AB 10.025055410413293 1.0712055218421384
62241.2876 lsst_hardware_r -11.4244386929137 24.190000534057617 31.520000457763672 AB 9.830995330971094 1.0489751740259383
62243.3301 lsst_hardware_i 18.26971439592619 31.59000015258789 31.270000457763672 AB 14.493754410131116 1.0433416491996004
62243.3485 lsst_hardware_z -19.882886225196785 42.209999084472656 30.959999084472656 AB 15.645728986403046 1.0634310271132064
62245.3012 lsst_hardware_z -61.444423187254706 41.5099983215332 30.950000762939453 AB 11.041484188915975 1.035802703818006
62245.3198 lsst_hardware_r 29.721928825818605 24.059999465942383 31.510000228881836 AB 11.08644317280839 1.0401666776677145
62247.299 lsst_hardware_u -1.9899081948409745 2.869999885559082 28.530000686645508 AB 9.27215763824768 1.0356770420538584
62247.3172 lsst_hardware_r 15.255956359211195 24.110000610351562 31.520000457763672 AB 9.284203072338855 1.0419396299128953
62249.2828 lsst_hardware_i 22.407414868186574 31.3700008392334 31.25 AB 5.8063022083511004 1.037519007984591
62249.3019 lsst_hardware_z -22.364734118217736 41.709999084472656 30.950000762939453 AB 5.819407425281307 1.037081042880119
62251.2899 lsst_hardware_r 34.29599825335496 45.77000045776367 31.6299991607666 AB 14.0642167496662 1.035771016656199
62251.3086 lsst_hardware_z 87.24238305423813 46.5 30.959999084472656 AB 13.262822051475624 1.0435976828150388
62253.2879 lsst_hardware_y 8.406229180786074 55.7400016784668 30.059999465942383 AB 2.780842992636903 1.0362746385827848
62253.3076 lsst_hardware_r 89.53191614947308 95.16999816894531 31.65999984741211 AB 2.1149352036504943 1.0473432834188647
62258.268 lsst_hardware_z -82.95931789014888 61.31999969482422 30.989999771118164 AB 8.225849893459175 1.0356751518362197
62258.2857 lsst_hardware_r -99.71817700900493 77.98999786376953 31.649999618530273 AB 8.311285644706315 1.0409926909702298
62260.2689 lsst_hardware_z -87.64857268341447 46.400001525878906 30.959999084472656 AB 9.589902261637143 1.036298061555775
62260.2871 lsst_hardware_r -27.899711642720295 42.75 31.610000610351562 AB 9.651126444093562 1.046098069994786
62262.2671 lsst_hardware_i -14.477484871908711 33.439998626708984 31.270000457763672 AB 2.724492755692597 1.037309254023452
62262.2856 lsst_hardware_z -51.04108450650609 42.86000061035156 30.950000762939453 AB 2.7794538246239746 1.049840915816421
62267.2543 lsst_hardware_i -3.771374494908581 31.700000762939453 31.270000457763672 AB 8.197144625678236 1.0376132437567387
62267.272 lsst_hardware_z -31.598024321704752 42.0 30.959999084472656 AB 8.294157952364358 1.049893411691691
62269.2337 lsst_hardware_r 18.944573182717118 24.489999771118164 31.520000457763672 AB 6.858476924524897 1.0360628308508475
62269.2548 lsst_hardware_g -12.629704961783888 15.600000381469727 31.469999313354492 AB 7.328031285631962 1.0404701527235498
62271.2065 lsst_hardware_u -0.9559205188103862 2.799999952316284 28.450000762939453 AB 6.83133280429299 1.0481925358537711
62271.2284 lsst_hardware_r 21.508457983044345 24.469999313354492 31.520000457763672 AB 6.724223300088998 1.0360366647972035
62276.2071 lsst_hardware_i -8.93492738846243 31.6200008392334 31.25 AB 8.358052043385662 1.0383103287985567
62276.227 lsst_hardware_z -109.18305169712347 41.70000076293945 30.940000534057617 AB 7.6773431934444645 1.0367316159675026
62278.1963 lsst_hardware_r 15.019354749706036 33.7400016784668 31.59000015258789 AB 5.507644722218093 1.0411426696064348
