data/validation/pwv_sim_epoch_fit_4/37288999.ecsv
# %ECSV 0.9
# ---
# datatype:
# - {name: time, datatype: float64}
# - {name: band, datatype: string}
# - {name: flux, datatype: float64}
# - {name: fluxerr, datatype: float64}
# - {name: zp, datatype: float64}
# - {name: zpsys, datatype: string}
# - {name: pwv, datatype: float64}
# - {name: airmass, datatype: float64}
# meta: {SNID: '37288999', alt: 1024.0, c: -0.08592197299003601, dec: -6.579593, lat: -30.244573, lon: -70.7499537, ra: 167.519531, t0: 61500.44921875,
#   x0: 2.772354603757299e-06, x1: -1.3117536306381226, z: 0.780154287815094}
# schema: astropy-2.0
time band flux fluxerr zp zpsys pwv airmass
[from data line 132]
61814.2775 lsst_hardware_i 57.54963655504565 95.4800033569336 31.329999923706055 AB 5.794756112013624 1.0931439562372427
61814.2948 lsst_hardware_r 239.3513460647566 114.75 31.649999618530273 AB 6.312095400043272 1.1073851579023284
61816.2766 lsst_hardware_z -36.12311277669185 75.94000244140625 31.719999313354492 AB 3.6782023408277413 1.0956813645599468
61818.2212 lsst_hardware_r 4.08010680876115 33.95000076293945 31.56999969482422 AB 5.146576838248265 1.114339469145451
61818.237 lsst_hardware_i 40.7949231159972 36.86000061035156 31.270000457763672 AB 5.0868695320106365 1.0972539974138378
61820.2642 lsst_hardware_z 10.96700311132919 43.029998779296875 30.950000762939453 AB 2.7644578893816694 1.0947625461217092
61820.2809 lsst_hardware_r 8.675934648776591 26.290000915527344 31.530000686645508 AB 2.800522278351451 1.110473758061574
61822.2394 lsst_hardware_i 16.345492900408157 32.11000061035156 31.25 AB 6.091020572154887 1.0909941916809758
61822.2578 lsst_hardware_u -0.7107593415026373 2.8299999237060547 28.469999313354492 AB 5.7547173803699545 1.0942260903888363
61824.2379 lsst_hardware_g -2.4403449046366807 15.109999656677246 31.43000030517578 AB 12.723198953301319 1.0905287523186182
61824.2547 lsst_hardware_r -23.630015335087617 24.18000030517578 31.5 AB 11.715683209124153 1.0956404385227863
61828.2397 lsst_hardware_u 0.786274736923453 2.6700000762939453 28.350000381469727 AB 6.431565350910182 1.0933387761853262
61828.2569 lsst_hardware_g 0.5311580609446164 15.170000076293945 31.43000030517578 AB 6.562417771829233 1.1077680236038543
61830.2298 lsst_hardware_r -39.06013795910865 24.600000381469727 31.510000228881836 AB 3.867573706508848 1.0916098522463584
61830.2477 lsst_hardware_i 14.289301361866574 32.220001220703125 31.25 AB 3.8821534837477296 1.1035637893820238
61832.1807 lsst_hardware_z -80.98573596084238 43.09000015258789 30.940000534057617 AB 6.101518844944777 1.117699000722619
61832.1993 lsst_hardware_r 13.749028461630713 24.639999389648438 31.5 AB 5.979834229491464 1.0968650854297022
61834.2356 lsst_hardware_u 5.968691265223494 2.690000057220459 28.329999923706055 AB 11.937205562775857 1.1023622821448327
61834.2545 lsst_hardware_g 5.226545208735466 15.40999984741211 31.40999984741211 AB 11.637858786905001 1.1290122998549672
61836.2312 lsst_hardware_r 28.24735290815196 24.600000381469727 31.489999771118164 AB 10.680827618728095 1.1034387794303917
61836.25 lsst_hardware_z 3.7150350844232274 43.119998931884766 30.940000534057617 AB 10.968802544342559 1.1308043860146968
61838.2015 lsst_hardware_i -8.553456614649743 61.310001373291016 31.309999465942383 AB 9.794635362500282 1.0905243540022245
61838.2201 lsst_hardware_r -80.09153606525399 72.5 31.6299991607666 AB 9.707145477857027 1.0982590297771566
61840.2081 lsst_hardware_z -167.94285763567493 137.25999450683594 31.739999771118164 AB 9.655774844960462 1.0939218676138496
61843.1794 lsst_hardware_z 94.93389021190985 71.48999786376953 30.979999542236328 AB 12.133789457171545 1.091658970505762
61843.1962 lsst_hardware_r 220.13673390763066 99.51000213623047 31.639999389648438 AB 12.188640105439474 1.0922454560512107
61845.2008 lsst_hardware_z 110.2248112627117 71.45999908447266 31.709999084472656 AB 8.584921173392328 1.0981085549294487
61847.1913 lsst_hardware_r 15.698741742867378 35.08000183105469 31.56999969482422 AB 7.536059574399611 1.095251367270565
61847.2112 lsst_hardware_z -4.410119045668175 45.22999954223633 30.950000762939453 AB 6.584702654552862 1.1160512973818408
61849.1917 lsst_hardware_r 22.873471713585797 24.440000534057617 31.489999771118164 AB 5.693275742067646 1.099618685092737
61849.2112 lsst_hardware_u 5.1769640772405054 2.869999885559082 28.3799991607666 AB 5.575999356762484 1.1248170571915015
61851.1905 lsst_hardware_g 27.441541379603922 15.3100004196167 31.440000534057617 AB 5.2209697064680425 1.103701866953519
61851.2102 lsst_hardware_r -11.811342949861665 24.469999313354492 31.489999771118164 AB 6.508705196939367 1.1330160638757403
61853.1621 lsst_hardware_r 32.82348103995234 24.290000915527344 31.5 AB 5.88938823714426 1.090627451323011
61853.1826 lsst_hardware_i 33.913247878738204 31.90999984741211 31.239999771118164 AB 6.561362954526547 1.1012693780675495
61855.13 lsst_hardware_r -7.202017863972074 24.479999542236328 31.489999771118164 AB 8.707479811522324 1.1024452177491864
61855.1498 lsst_hardware_u 1.6311938888430708 2.700000047683716 28.360000610351562 AB 8.502594814226299 1.0908920963403965
61857.1217 lsst_hardware_g 2.630524579557233 15.319999694824219 31.450000762939453 AB 9.009031887118136 1.1054478981289382
61857.1393 lsst_hardware_i 17.70725140157584 31.770000457763672 31.25 AB 8.015671394023311 1.0923013482657096
61863.1434 lsst_hardware_g 7.072413005349155 14.979999542236328 31.420000076293945 AB 6.813963316568642 1.0929884615741494
61863.1617 lsst_hardware_r -1.0074851331802066 24.079999923706055 31.489999771118164 AB 6.895779019259104 1.1082007262770757
61867.1447 lsst_hardware_r 195.14362557593458 90.08000183105469 31.639999389648438 AB 11.1384223398375 1.1015779989290184
61867.1614 lsst_hardware_z -154.49054981692626 69.12999725341797 30.979999542236328 AB 11.472172640058362 1.1236945905764362
61875.1269 lsst_hardware_r -39.03930112523962 42.349998474121094 31.600000381469727 AB 11.709004472862453 1.1058053711070754
61875.1432 lsst_hardware_i 14.965030906715839 42.09000015258789 31.280000686645508 AB 11.94930355516203 1.1302071588841065
61882.0742 lsst_hardware_z -12.11259602589868 59.869998931884766 31.700000762939453 AB 10.201780183858963 1.0912940114664607
61882.0912 lsst_hardware_r -42.62595843761167 34.029998779296875 32.2599983215332 AB 10.005359479691151 1.0928449151341095
61884.0872 lsst_hardware_u -0.6084404022206115 2.7200000286102295 28.399999618530273 AB 9.862519469316483 1.0935269397179823
61884.1052 lsst_hardware_g -18.221822976374792 15.010000228881836 31.43000030517578 AB 10.040295748358544 1.1092410924552332
61886.0873 lsst_hardware_r -52.98267868927686 23.790000915527344 31.5 AB 10.749881937336315 1.096926728299624
61886.1048 lsst_hardware_i -16.110250605139033 31.639999389648438 31.25 AB 10.938541014462814 1.1161776545370217
61890.0805 lsst_hardware_u 3.9934528556725604 2.809999942779541 28.469999313354492 AB 11.71841265722923 1.1002773904522574
61890.0988 lsst_hardware_r 15.744688593455754 24.139999389648438 31.5 AB 11.75293440768037 1.124037338148467
61894.0726 lsst_hardware_y 4.723626201033026 51.66999816894531 30.030000686645508 AB 12.10714583631831 1.1031903021793903
61894.0985 lsst_hardware_r -10.359789034869712 56.470001220703125 31.610000610351562 AB 13.538767695823621 1.1449275007039001
61896.0841 lsst_hardware_i -183.0972300107518 125.2699966430664 32.06999969482422 AB 3.982949655975778 1.1269841044968012
61896.104 lsst_hardware_z 110.05911436336275 113.13999938964844 31.729999542236328 AB 4.208947138215343 1.1725447628226147
61900.047 lsst_hardware_z -20.865385619066508 65.43000030517578 30.979999542236328 AB 8.04104575407859 1.095510320719154
61900.0647 lsst_hardware_r 6.844222745549918 94.54000091552734 31.639999389648438 AB 8.033743944833542 1.113478024232001
61909.0007 lsst_hardware_r 42.780456269377225 24.610000610351562 31.5 AB 8.889958436132185 1.0912387605726905
61909.024 lsst_hardware_u -2.6673947284128015 2.7899999618530273 28.420000076293945 AB 8.914756303989023 1.0965709505091539
61918.9637 lsst_hardware_z 45.64044916354101 44.029998779296875 30.959999084472656 AB 9.706648623711871 1.0955276232286562
61918.9837 lsst_hardware_i 25.847478448781118 32.470001220703125 31.260000228881836 AB 9.664325196242014 1.090873967462484
61926.955 lsst_hardware_y -118.16873495039515 87.11000061035156 30.790000915527344 AB 5.4517415530941316 1.0906391477248862
61926.975 lsst_hardware_r 194.6357019835188 110.36000061035156 32.38999938964844 AB 4.715722292277444 1.0966796028552197
