data/validation/pwv_sim_epoch_fit_4/37398740.ecsv
# %ECSV 0.9
# ---
# datatype:
# - {name: time, datatype: float64}
# - {name: band, datatype: string}
# - {name: flux, datatype: float64}
# - {name: fluxerr, datatype: float64}
# - {name: zp, datatype: float64}
# - {name: zpsys, datatype: string}
# - {name: pwv, datatype: float64}
# - {name: airmass, datatype: float64}
# meta: {SNID: '37398740', alt: 1024.0, c: -0.1064460501074791, dec: -57.018551, lat: -30.244573, lon: -70.7499537, ra: 256.601135, t0: 62379.3671875,
#   x0: 9.758417279536903e-06, x1: -0.5142239928245544, z: 0.464547723531723}
# schema: astropy-2.0
time band flux fluxerr zp zpsys pwv airmass
62216.3946 lsst_hardware_u -1.3000065288246652 3.0399999618530273 28.56999969482422 AB 6.888568255252803 1.1245112102167547
62216.407 lsst_hardware_y 24.604387590557714 57.779998779296875 30.030000686645508 AB 6.975645373123919 1.1208857053761452
62218.3924 lsst_hardware_i 18.575410103048217 31.479999542236328 31.25 AB 7.1101813188814225 1.1232070327208914
62218.4055 lsst_hardware_y 25.262837295216784 52.77000045776367 30.030000686645508 AB 7.082896069304308 1.120489787511063
62222.3912 lsst_hardware_r 42.47451281247855 23.010000228881836 31.489999771118164 AB 8.785816273844294 1.120806617546526
62222.4023 lsst_hardware_y 48.298906855012184 49.709999084472656 30.030000686645508 AB 8.78798973615656 1.1207741023028315
62226.3964 lsst_hardware_z -147.7404519452907 64.11000061035156 30.969999313354492 AB 5.608541292173246 1.1217082584346492
62226.4079 lsst_hardware_y -116.78709450589331 61.040000915527344 30.030000686645508 AB 5.63043440528244 1.126086881056488
62228.4013 lsst_hardware_i 67.6033737788656 63.9900016784668 31.309999465942383 AB 11.872283185342635 1.1255127051991891
62228.4133 lsst_hardware_y -52.78348140443164 64.11000061035156 30.030000686645508 AB 11.99082235199264 1.1331249220294655
62230.3736 lsst_hardware_z -17.871489904552227 51.56999969482422 30.959999084472656 AB 8.527784417486224 1.1204551855848561
62230.3867 lsst_hardware_i 169.54398079248995 47.83000183105469 31.290000915527344 AB 9.167879750608746 1.1220250587180514
62232.3775 lsst_hardware_z -30.91188678327958 44.59000015258789 30.940000534057617 AB 21.538738772128642 1.1211669758018137
62232.389 lsst_hardware_g -4.9888513564229315 28.280000686645508 31.610000610351562 AB 21.806628394879684 1.1248599327634188
62234.3731 lsst_hardware_r 39.57103951442865 24.270000457763672 31.489999771118164 AB 10.37554756658257 1.121377742943266
62234.3871 lsst_hardware_i -35.871955057730254 31.700000762939453 31.239999771118164 AB 9.51822441326547 1.1266393071531429
62236.3812 lsst_hardware_u -2.7454049123413324 2.7699999809265137 28.459999084472656 AB 4.933178957144812 1.126403719641095
62236.3927 lsst_hardware_g -16.300885292564857 14.130000114440918 31.40999984741211 AB 4.980361161997894 1.1341126429203696
62238.3205 lsst_hardware_r -26.926311639998648 22.700000762939453 31.489999771118164 AB 7.569592843325692 1.1330453681586188
62238.332 lsst_hardware_g -6.244959138556387 13.670000076293945 31.399999618530273 AB 7.466839760994999 1.125710803707975
62242.3212 lsst_hardware_r 11.360275598161214 22.700000762939453 31.479999542236328 AB 19.22501429214911 1.1256522215673697
62242.3323 lsst_hardware_i 24.039865972318047 30.950000762939453 31.239999771118164 AB 19.160687368217406 1.1216012117980922
62244.326 lsst_hardware_z -168.0622304774202 59.619998931884766 31.700000762939453 AB 14.45803172494121 1.1218067005864198
62244.338 lsst_hardware_i 110.0580149587312 43.70000076293945 31.989999771118164 AB 14.349347601825329 1.1204519180764352
62246.3213 lsst_hardware_u -1.85627875114777 2.640000104904175 28.3799991607666 AB 3.9817565847772447 1.1216215731766888
62246.334 lsst_hardware_g -7.124075151187212 13.5600004196167 31.389999389648438 AB 5.05297630786678 1.120518085789285
62248.3182 lsst_hardware_r -26.83060950488595 22.719999313354492 31.489999771118164 AB 7.740665536501825 1.1211314927584355
62248.3307 lsst_hardware_i 45.07832435378382 30.950000762939453 31.239999771118164 AB 7.737736825997293 1.1207073083566783
62254.305 lsst_hardware_r -79.7730403895775 103.41000366210938 31.639999389648438 AB 3.249968403664906 1.1206787598844503
62254.3179 lsst_hardware_i 155.21110131235278 80.69000244140625 31.31999969482422 AB 3.2516609462380597 1.1212623952545033
62257.2994 lsst_hardware_z 31.205009695546444 61.65999984741211 30.979999542236328 AB 11.061420363433767 1.12048423454556
62257.3108 lsst_hardware_i 75.91615586333262 65.56999969482422 31.31999969482422 AB 11.074166488634244 1.121491365500455
62259.3086 lsst_hardware_z 151.96818101679153 73.44999694824219 31.709999084472656 AB 14.027299733164561 1.122341106408062
62261.3011 lsst_hardware_r 32.075910471578496 34.22999954223633 31.56999969482422 AB 9.415955972526213 1.1217817986628398
62261.3144 lsst_hardware_i -78.88099424692479 36.61000061035156 31.270000457763672 AB 9.449385076519627 1.127208049209069
62264.3001 lsst_hardware_z 33.52043263927138 42.33000183105469 30.950000762939453 AB 10.84399072519235 1.1241955966403199
62264.314 lsst_hardware_u -4.697088603715694 2.8299999237060547 28.479999542236328 AB 10.926361574111114 1.1323534548396108
62266.2901 lsst_hardware_g -18.1125312474673 13.819999694824219 31.40999984741211 AB 7.9699719477093955 1.12253126024076
62266.3022 lsst_hardware_r -56.35007645896591 22.920000076293945 31.489999771118164 AB 7.670787199004766 1.1280569410301127
62268.2642 lsst_hardware_r 18.59557704525559 22.780000686645508 31.479999542236328 AB 11.770130335151723 1.121035970711003
62268.2731 lsst_hardware_i -27.967030358362905 30.959999084472656 31.239999771118164 AB 11.770682750781203 1.120483841102447
62270.282 lsst_hardware_z -7.72359242949908 42.25 30.950000762939453 AB 7.676942233891184 1.1235097664117055
62270.2929 lsst_hardware_i 4.990085957068798 31.139999389648438 31.25 AB 7.622875857980295 1.1290640388033506
62280.2853 lsst_hardware_z 60.75500348586792 49.459999084472656 30.959999084472656 AB 7.76503120680134 1.146454402618396
62280.2977 lsst_hardware_r -45.81236118568452 42.880001068115234 31.59000015258789 AB 8.34906150164966 1.1624711440349467
62283.2128 lsst_hardware_i 44.70053993579078 94.33999633789062 31.329999923706055 AB 5.502299771144109 1.1240653260764268
62283.2239 lsst_hardware_z 37.08698329164352 80.27999877929688 30.989999771118164 AB 5.482142840104398 1.1209397846451197
62285.2075 lsst_hardware_r -151.29241450174695 114.16999816894531 31.639999389648438 AB 9.891204315920056 1.1240004904454608
62285.2192 lsst_hardware_z -20.420459428149403 76.25 30.989999771118164 AB 9.973169461544504 1.1208327108951153
62288.218 lsst_hardware_y -2.8271298491835344 50.15999984741211 30.030000686645508 AB 7.667789146222808 1.1204757641825827
62288.231 lsst_hardware_r -53.85455820089216 54.650001525878906 31.6200008392334 AB 7.63840293054154 1.1228542136233153
62291.2194 lsst_hardware_i 2.3295986880605564 33.18000030517578 31.25 AB 12.887790782340884 1.121848083421038
62291.2314 lsst_hardware_z 7.583739825644137 43.41999816894531 30.940000534057617 AB 12.895248234911769 1.1266161309550835
62302.2018 lsst_hardware_z 22.79779067114156 42.70000076293945 30.940000534057617 AB 13.504918354716471 1.1268575618440146
62302.2146 lsst_hardware_r 45.99165205726062 23.229999542236328 31.489999771118164 AB 13.17625899458226 1.1358843960846776
62306.2013 lsst_hardware_i -4.040676222038407 31.440000534057617 31.239999771118164 AB 4.273695069695525 1.1339068903410785
62306.2142 lsst_hardware_z -62.39462191280612 42.88999938964844 30.940000534057617 AB 3.9552517392178865 1.1463390220900067
62308.197 lsst_hardware_r 20.171772076327187 45.880001068115234 31.600000381469727 AB 3.3251295023498524 1.1348564854436356
62308.211 lsst_hardware_z -13.78102957807777 48.68000030517578 30.950000762939453 AB 3.317601548824383 1.1489529173417778
62310.1314 lsst_hardware_r 2.4746619391574516 80.48999786376953 31.6299991607666 AB 3.9264032374115834 1.1279526680297065
62310.1443 lsst_hardware_y -25.749913657585797 53.9900016784668 30.030000686645508 AB 3.86867221770272 1.122248812155405
62312.1262 lsst_hardware_z -78.0159189708498 79.3499984741211 30.979999542236328 AB 4.466366103370755 1.1277990286902988
62312.1388 lsst_hardware_r -38.990975960093856 114.3499984741211 31.639999389648438 AB 4.41160848918893 1.1222611267333833
62314.1332 lsst_hardware_i 123.01406830860027 84.91000366210938 31.31999969482422 AB 9.024812149828279 1.1223029534689741
62314.1447 lsst_hardware_z -9.800934061466583 73.62000274658203 30.979999542236328 AB 9.063198711783812 1.1204811726428516
62315.1279 lsst_hardware_r -170.54152066985324 85.93000030517578 31.639999389648438 AB 6.969056868795545 1.1231356758735769
62315.1395 lsst_hardware_z 7.3841154068986725 63.08000183105469 30.979999542236328 AB 6.900725929609452 1.1206115507647698
62323.1273 lsst_hardware_g 20.372981593174504 13.8100004196167 31.389999389648438 AB 5.400587016869812 1.1209188494956022
62323.1399 lsst_hardware_i -21.304639691772227 31.1299991607666 31.239999771118164 AB 5.4622117603101215 1.1246060861252052
62325.1076 lsst_hardware_r -2.1593465949757493 22.84000015258789 31.479999542236328 AB 1.9494592186000337 1.1212380475076213
62325.1191 lsst_hardware_z 40.95348829865007 42.41999816894531 30.940000534057617 AB 1.9218496025982732 1.1206120131768358
62330.106 lsst_hardware_i 26.630892051315545 31.059999465942383 31.239999771118164 AB 7.790098900180672 1.1206625443819898
62330.1185 lsst_hardware_z 24.597286152909614 42.33000183105469 30.940000534057617 AB 7.810948550000742 1.1236619185768786
62332.1027 lsst_hardware_r -15.343167077010149 22.75 31.479999542236328 AB 7.113636683102774 1.1209197058266211
62332.1148 lsst_hardware_u 2.2757264340870056 2.609999895095825 28.350000381469727 AB 7.198854648829889 1.1243818272284092
62334.1047 lsst_hardware_g -11.39077840268666 16.850000381469727 31.469999313354492 AB 1.9085005083306654 1.1226473578415679
62334.1173 lsst_hardware_i -9.544087625066371 31.850000381469727 31.239999771118164 AB 1.9185423877501369 1.1285543457353746
62343.0451 lsst_hardware_z -31.345710634663416 65.52999877929688 30.969999313354492 AB 9.508374652101988 1.1258732221465886
62343.0566 lsst_hardware_r 4.051116941741542 93.98999786376953 31.639999389648438 AB 9.578775023346676 1.1216364195955209
62345.049 lsst_hardware_i 33.75880301029926 48.380001068115234 31.290000915527344 AB 5.010385813604721 1.1221887670920276
62345.0604 lsst_hardware_r -12.478081896385232 56.959999084472656 31.610000610351562 AB 5.003729427429191 1.1204887872126277
62348.045 lsst_hardware_r -27.31345959280978 22.489999771118164 31.469999313354492 AB 3.9287204616188918 1.1212101774026517
62348.0575 lsst_hardware_i -8.819066882699936 30.709999084472656 31.229999542236328 AB 3.9270572598939553 1.1207355193761288
62351.0294 lsst_hardware_i 4.907610947640166 30.894097193165504 31.239999771118164 AB 2.459857443657247 1.1232225770124413
62351.0413 lsst_hardware_z 71.13902817184636 42.180657625056085 30.940000534057617 AB 2.4436965780136806 1.1206190360808685
62354.0279 lsst_hardware_g -3.119275494375467 13.959992632163017 31.360000610351562 AB 1.340012998077189 1.1213497891859323
62354.039 lsst_hardware_r -17.066904079602967 22.6860110126866 31.469999313354492 AB 1.3463529542082127 1.1205600950546921
62356.0306 lsst_hardware_i 88.96861046258931 31.942553256853206 31.239999771118164 AB 4.3174310213020926 1.1204890405213268
62356.0437 lsst_hardware_r 23.316131953208057 23.7648897264271 31.479999542236328 AB 3.774902307057967 1.122369367807126
62358.0272 lsst_hardware_u 1.0561831836747049 3.4200364687154474 28.459999084472656 AB 3.4960194396266253 1.12051905116238
62358.0381 lsst_hardware_g 5.328601231039353 14.721503362295724 31.399999618530273 AB 3.7014416663611915 1.1223291893150975
62362.0302 lsst_hardware_z 423.7986269717972 46.351347728964605 30.940000534057617 AB 3.5015980933004918 1.1233271966958749
62362.0418 lsst_hardware_r 834.0944639697459 37.36640453937943 31.489999771118164 AB 3.77622081522147 1.129168218650361
62364.0262 lsst_hardware_z 654.3167265834179 49.755905980271336 30.950000762939453 AB 6.541114814466351 1.1238867967754789
62364.0372 lsst_hardware_g 586.083265203706 34.886501016644004 31.600000381469727 AB 6.556016522541041 1.129730869216432
62366.029 lsst_hardware_r 1918.921690008416 69.68443614341071 31.610000610351562 AB 2.65504158567287 1.128004922218957
62366.0404 lsst_hardware_z 789.9155836136002 58.76228537225615 30.959999084472656 AB 2.6676793678646518 1.1363916370030467
62367.0107 lsst_hardware_i 1342.4050413383452 64.06865058511181 31.299999237060547 AB 2.642475927814217 1.1215941968651177
62367.0216 lsst_hardware_r 2338.2915746690132 76.83844675235143 31.6200008392334 AB 2.6193615125180707 1.1254775905978534
62369.0124 lsst_hardware_z 2331.470736333887 97.40113397854233 31.719999313354492 AB 2.973277794229207 1.1238293288002545
62371.0101 lsst_hardware_r 3129.872364251216 104.74361976159034 31.639999389648438 AB 1.5047707356150162 1.1252024443781277
62371.0216 lsst_hardware_i 1787.0663898063697 81.35183033052199 31.309999465942383 AB 1.4873518331855067 1.132214031859051
62582.3929 lsst_hardware_i 13.464726765557307 61.68000030517578 31.309999465942383 AB 6.466876777314505 1.1243809053837268
62582.4056 lsst_hardware_y 13.937117297621862 58.029998779296875 30.040000915527344 AB 6.512718150656021 1.1208050855149545
62584.3949 lsst_hardware_z -39.77206220032491 77.11000061035156 31.719999313354492 AB 7.590797563529152 1.1218203744223973
62589.3966 lsst_hardware_r -15.358775836777282 23.850000381469727 31.489999771118164 AB 10.360939582273645 1.120666957990396
62589.4076 lsst_hardware_y -37.687421122751495 52.630001068115234 30.030000686645508 AB 10.27238341955649 1.1232377262964526
62591.392 lsst_hardware_g -8.01163624783419 13.649999618530273 31.360000610351562 AB 5.603830629768035 1.120766125953607
62591.4039 lsst_hardware_y -56.778442562696746 49.2400016784668 30.010000228881836 AB 5.619571408194109 1.123914281638822
62594.3776 lsst_hardware_r 5.1660260551525425 22.649999618530273 31.479999542236328 AB 6.888490812973003 1.120444179078275
62594.3916 lsst_hardware_z 13.596524962058835 42.040000915527344 30.940000534057617 AB 6.998103849377441 1.1224503607855176
62596.3745 lsst_hardware_r 25.792189136311045 22.610000610351562 31.469999313354492 AB 8.6424870505092 1.1204607239208313
62596.3863 lsst_hardware_u -2.1791446933644885 2.5799999237060547 28.329999923706055 AB 9.18654137686647 1.1225001682387843
62598.3773 lsst_hardware_g 3.851460286879906 13.5600004196167 31.3799991607666 AB 9.127696740457901 1.1215453388779244
62598.3898 lsst_hardware_r 4.213141972535057 22.709999084472656 31.479999542236328 AB 9.165923551740741 1.1262423728869975
62602.3787 lsst_hardware_u -1.5972038058004705 2.799999952316284 28.5 AB 5.020655815031348 1.1261494566323889
62602.3896 lsst_hardware_r -15.764521054162838 22.8700008392334 31.489999771118164 AB 5.027933985720544 1.1332470807957502
62606.3148 lsst_hardware_r -58.80722809922521 43.810001373291016 31.600000381469727 AB 11.064761925952775 1.1317134014475938
62606.3283 lsst_hardware_z 40.36698359322976 47.33000183105469 30.950000762939453 AB 11.096712649217517 1.1240022941724503
62608.319 lsst_hardware_r -109.77209365528014 84.79000091552734 31.639999389648438 AB 15.63247121962377 1.1257518206588366
62608.331 lsst_hardware_y -93.12609810900794 53.939998626708984 30.040000915527344 AB 15.544171452547571 1.1214456648263744
62614.2656 lsst_hardware_i 67.40253042862778 48.619998931884766 31.290000915527344 AB 6.5069759220780785 1.1611996767731982
62614.2802 lsst_hardware_z -29.73323158605254 51.20000076293945 30.959999084472656 AB 6.476385753204712 1.143093325858336
62616.3359 lsst_hardware_r 31.567049384080025 30.149999618530273 31.540000915527344 AB 17.53475848610061 1.1240229798782442
62616.3498 lsst_hardware_z -34.16943925906898 44.18000030517578 30.940000534057617 AB 17.659881326735043 1.1320436747907079
62618.2937 lsst_hardware_u 0.6463371269223875 2.7100000381469727 28.399999618530273 AB 2.27256755464421 1.1248014293970106
62618.3061 lsst_hardware_g -25.131095296193426 14.539999961853027 31.40999984741211 AB 2.2447008215890523 1.120995874113306
62623.2979 lsst_hardware_g 2.4835489657614733 13.779999732971191 31.40999984741211 AB 10.042387183898516 1.120468668242173
62623.3106 lsst_hardware_r 14.779398614575305 22.770000457763672 31.489999771118164 AB 9.996449641704036 1.1219359867232364
62627.3036 lsst_hardware_r -2.1355151826592578 22.649999618530273 31.479999542236328 AB 3.477009413640965 1.1231557501868576
