data/validation/pwv_sim_epoch_fit_4/37514548.ecsv
# %ECSV 0.9
# ---
# datatype:
# - {name: time, datatype: float64}
# - {name: band, datatype: string}
# - {name: flux, datatype: float64}
# - {name: fluxerr, datatype: float64}
# - {name: zp, datatype: float64}
# - {name: zpsys, datatype: string}
# - {name: pwv, datatype: float64}
# - {name: airmass, datatype: float64}
# meta: {SNID: '37514548', alt: 1024.0, c: -0.07790333777666092, dec: -34.228867, lat: -30.244573, lon: -70.7499537, ra: 279.316406, t0: 61882.7890625,
#   x0: 3.528141613143082e-05, x1: -0.5681926608085632, z: 0.26830098032951355}
# schema: astropy-2.0
time band flux fluxerr zp zpsys pwv airmass
61852.3448 lsst_hardware_g -16.686135846392666 16.84000015258789 31.420000076293945 AB 7.781962016838543 1.283622600715636
61852.3618 lsst_hardware_r -19.437869469677292 26.420000076293945 31.489999771118164 AB 7.276632473029067 1.2030971724100625
61854.3424 lsst_hardware_i 19.56765247257185 34.310001373291016 31.219999313354492 AB 8.391976419959885 1.267638239716012
61854.3601 lsst_hardware_z -50.85298327975725 44.4900016784668 30.940000534057617 AB 7.883828158004074 1.187800546103457
61856.3446 lsst_hardware_u 0.7880113747860923 2.759999990463257 28.329999923706055 AB 9.583012319238682 1.230576547965883
61856.3616 lsst_hardware_g 17.53385175426821 16.31999969482422 31.450000762939453 AB 9.051454922525071 1.161609512440922
61858.3497 lsst_hardware_r 53.10828536759665 26.036054928192463 31.489999771118164 AB 10.44586502963939 1.1857500459321628
61858.3685 lsst_hardware_z 18.8186239505175 43.35874671171134 30.940000534057617 AB 9.908337479355982 1.1212966083127913
61860.3478 lsst_hardware_r 31.19228193626925 26.50947789980213 31.489999771118164 AB 4.859819575275612 1.172123545912034
61860.3658 lsst_hardware_u 5.252173847205478 3.09960260761568 28.31999969482422 AB 4.6656148843382415 1.1132904874141756
61864.3525 lsst_hardware_i 578.7529470765991 39.87051336181608 31.239999771118164 AB 8.517804163609444 1.1201741404010317
61864.3712 lsst_hardware_z 406.65475020008074 46.397950506500074 30.940000534057617 AB 8.236629332714495 1.0726174414265524
61866.3421 lsst_hardware_r 3053.9882402489966 65.6254459539353 32.25 AB 20.58579823008812 1.135298399563663
61866.3607 lsst_hardware_u 32.67508166997834 6.959419396798581 29.170000076293945 AB 19.66403310530322 1.084015055419141
61872.3503 lsst_hardware_r 6202.730517186217 116.17125397962835 31.649999618530273 AB 7.251981777663967 1.0706007422275647
61872.3693 lsst_hardware_z 2922.5983135493707 81.35921315560259 30.989999771118164 AB 7.033390795150826 1.0367234101265175
61876.3053 lsst_hardware_i 6118.8926908527465 99.5552546909613 31.309999465942383 AB 19.97613173364091 1.1677623336565794
61876.3329 lsst_hardware_z 4017.2581054505954 84.98554243555617 30.979999542236328 AB 18.518584585224456 1.085200487472621
61878.3473 lsst_hardware_z 3961.6333819651377 76.43849707986932 30.959999084472656 AB 13.402534602859767 1.045425925523051
61878.3644 lsst_hardware_r 10024.422197881087 106.16564285342425 31.610000610351562 AB 13.089516618717237 1.0221659644467738
61880.3515 lsst_hardware_r 9862.663214163207 103.32884891091813 31.540000915527344 AB 4.641572294075379 1.031116804193131
61880.3716 lsst_hardware_i 6992.205501956328 90.00397341727509 31.270000457763672 AB 4.489273356220763 1.0108699293449137
61883.2557 lsst_hardware_i 7143.437226147464 90.13168480395376 31.209999084472656 AB 7.38565622481422 1.3082763742585415
61883.2744 lsst_hardware_u 113.86711972260765 10.855554551991824 28.280000686645508 AB 6.902319995056119 1.2149119916198283
61885.2507 lsst_hardware_g 7051.944668255339 84.79118579372332 31.3700008392334 AB 17.722226467408397 1.3056650147894202
61885.2686 lsst_hardware_r 9449.161697004924 100.48057932281303 31.479999542236328 AB 16.537088370472702 1.216394677309782
61888.245 lsst_hardware_i 6836.998692724978 88.86692546700105 31.209999084472656 AB 2.7180067181085774 1.291828288074419
61888.2637 lsst_hardware_r 8870.51086444034 97.2627222902212 31.469999313354492 AB 3.3429215629453135 1.202345604703985
61895.2513 lsst_hardware_z 2644.3221687558466 68.16602625992877 30.950000762939453 AB 10.650181302383432 1.175689722812419
61895.2706 lsst_hardware_r 7360.555944043866 91.91897065410197 31.56999969482422 AB 10.013285641603527 1.1122989197175024
61897.2586 lsst_hardware_z 4787.857322634623 99.61660271033676 31.709999084472656 AB 8.273549362391467 1.131735088214413
61903.2458 lsst_hardware_r 4782.034281471916 132.85465866940118 31.639999389648438 AB 7.403122583851625 1.1208502631400699
61903.2663 lsst_hardware_y 717.7577741930492 67.08526351014305 30.049999237060547 AB 7.505534736049099 1.0692660370475338
61908.2536 lsst_hardware_g 1088.7567123586452 39.30364121613159 31.549999237060547 AB 8.436079986578708 1.067284054347814
61908.2737 lsst_hardware_r 3291.7706146663118 63.34850353833025 31.559999465942383 AB 8.219382765560578 1.0329426328895759
61918.1508 lsst_hardware_i 4695.633249099037 82.72796748514641 31.959999084472656 AB 9.722906830289148 1.3652891708613561
61918.1794 lsst_hardware_u 23.807631376719684 6.266641565606984 29.1200008392334 AB 9.203014299377879 1.2125183530141967
61926.1758 lsst_hardware_z 2454.550686179598 91.14890778783797 31.719999313354492 AB 9.355279859828354 1.1433860398018052
61928.1676 lsst_hardware_r 1360.3954002750786 115.54278262688761 31.6299991607666 AB 5.165656542400845 1.1526195334475668
61928.1894 lsst_hardware_i 1521.1930799545744 98.08839059709908 31.329999923706055 AB 4.893903624522768 1.08890535293096
61947.1474 lsst_hardware_g -11.519061422467194 15.329999923706055 31.450000762939453 AB 6.433613303624285 1.0667130866112804
61947.1657 lsst_hardware_r 0.8221210463114172 24.239999771118164 31.520000457763672 AB 6.254875839069586 1.035061366716794
61958.0899 lsst_hardware_y -37.06423670650185 111.6500015258789 30.790000915527344 AB 2.9358626236649945 1.1385932222862565
61960.0538 lsst_hardware_g -16.50713639096128 128.4600067138672 31.639999389648438 AB 3.627835646992434 1.2636139487956928
61960.0734 lsst_hardware_r 107.84277594135263 128.64999389648438 31.6299991607666 AB 3.3357315973958435 1.177351662365073
61962.0584 lsst_hardware_i 1.4701109034543764 51.22999954223633 31.280000686645508 AB 8.079237990400882 1.2162947670908366
61962.0775 lsst_hardware_z 14.938575925598583 55.79999923706055 30.969999313354492 AB 7.5488692579857295 1.1434215780045032
61964.0732 lsst_hardware_u -0.5400842600148691 2.819999933242798 28.450000762939453 AB 7.097567207000487 1.1396222233462756
61964.091 lsst_hardware_r 8.890869815307298 24.31999969482422 31.510000228881836 AB 7.575578678013809 1.089175502446153
61965.0569 lsst_hardware_g 18.628016464908573 15.300000190734863 31.420000076293945 AB 8.542355011227434 1.1884188941607277
61965.0761 lsst_hardware_i 15.429756952684645 32.04999923706055 31.239999771118164 AB 8.074564289004664 1.1221166354146448
61976.0757 lsst_hardware_g -14.060258637507394 15.020000457763672 31.440000534057617 AB 4.946063103414194 1.052353851790254
61976.0966 lsst_hardware_r 9.02513191296454 23.760000228881836 31.5 AB 5.432851151851325 1.022429800862805
61978.0781 lsst_hardware_i -11.81563975786578 31.40999984741211 31.25 AB 3.56279154616042 1.0393965563884238
61978.0968 lsst_hardware_z 64.65682483412563 41.25 30.950000762939453 AB 3.0808792519298196 1.0167359062526218
61979.0751 lsst_hardware_r 19.990352538231985 25.739999771118164 31.520000457763672 AB 4.64169366250201 1.0398059279798408
61979.0952 lsst_hardware_g 15.163183519627376 17.829999923706055 31.520000457763672 AB 3.8597220170191227 1.0157163202681903
61982.9794 lsst_hardware_y 111.97734868772224 56.09000015258789 29.959999084472656 AB 6.19229990577304 1.3273954781935777
61982.9997 lsst_hardware_z -29.104346472253717 59.70000076293945 30.959999084472656 AB 5.717733022430277 1.2223037066512867
61989.9793 lsst_hardware_y -47.803897089180126 49.75 29.989999771118164 AB 4.084943394460516 1.2280927153582912
61989.9982 lsst_hardware_i 39.01307725683792 53.81999969482422 31.299999237060547 AB 3.8395890482228903 1.1530297442110782
61991.9796 lsst_hardware_y 65.36729051450902 49.529998779296875 29.989999771118164 AB 2.5349986754864795 1.2029890499406102
61991.9991 lsst_hardware_r -32.34175457159002 24.190000534057617 31.5 AB 2.428596934144948 1.132125056706525
61993.9792 lsst_hardware_y 29.565041735752008 49.709999084472656 30.0 AB 6.646206787107964 1.1825990724391395
61993.9975 lsst_hardware_g -14.475947392317279 14.899999618530273 31.43000030517578 AB 7.364694644329358 1.120389651774243
61994.977 lsst_hardware_y 57.04957022553239 50.29999923706055 30.010000228881836 AB 4.427446398160415 1.1805474352929735
61994.9931 lsst_hardware_z -77.94700248332559 42.5 30.950000762939453 AB 4.225889127975847 1.1253782547149456
61996.9791 lsst_hardware_y -53.919133538855185 49.540000915527344 30.020000457763672 AB 5.160173771304018 1.1529826323995125
61996.9972 lsst_hardware_u -1.9107531585790611 2.799999952316284 28.459999084472656 AB 4.930633808955036 1.0985036891957303
62001.9988 lsst_hardware_r -24.360096648912997 24.100000381469727 31.510000228881836 AB 2.708441887063405 1.0635243012029076
62002.0141 lsst_hardware_g -10.432986171802545 15.119999885559082 31.459999084472656 AB 2.881628595524603 1.0371166440614012
62006.0661 lsst_hardware_z 32.083848117986925 41.029998779296875 30.950000762939453 AB 2.517449285113987 1.0052707537641958
62006.0727 lsst_hardware_i 3.8333012855378454 30.90999984741211 31.260000228881836 AB 2.5484410824543744 1.00858457799718
62010.9798 lsst_hardware_y -4.510500013467203 54.0099983215332 30.049999237060547 AB 5.572733233427323 1.0529491229905192
62010.9975 lsst_hardware_g 62.25778161229395 50.81999969482422 31.719999313354492 AB 5.539612252907097 1.0264877553255891
62218.3399 lsst_hardware_u 1.9453288953648877 2.9000000953674316 28.420000076293945 AB 7.837775399526303 1.2993120973975387
62218.3575 lsst_hardware_g -6.274865376215976 16.530000686645508 31.450000762939453 AB 7.281511626096705 1.2127767531806795
62220.3477 lsst_hardware_z -27.376270242668213 44.779998779296875 30.940000534057617 AB 8.154006090012965 1.2321262381967455
62220.3663 lsst_hardware_r 7.187941325121084 25.940000534057617 31.520000457763672 AB 7.659493076160407 1.1571396529600777
62224.3457 lsst_hardware_r -101.0985765124938 76.76000213623047 31.6200008392334 AB 10.556477054979453 1.1936315077995867
62224.3625 lsst_hardware_i 57.141430893577045 60.0099983215332 31.309999465942383 AB 9.974392463225229 1.1334536890028668
62228.3536 lsst_hardware_z 21.5781408259107 59.70000076293945 30.969999313354492 AB 10.043135401207886 1.1271862327041693
62228.3714 lsst_hardware_r 126.93127388469284 75.81999969482422 31.639999389648438 AB 9.82206388112556 1.0798223264210374
62230.3449 lsst_hardware_i -79.54859030921651 63.310001373291016 31.309999465942383 AB 8.694159485346985 1.137333905552754
62230.3629 lsst_hardware_z 1.996128942645444 61.08000183105469 30.979999542236328 AB 8.332681035762326 1.086965958226236
62232.3469 lsst_hardware_r 56.00050265703047 42.5099983215332 31.59000015258789 AB 20.124186628588895 1.1147075311256773
62232.3659 lsst_hardware_z 89.36670959193236 47.84000015258789 30.959999084472656 AB 19.46492019430088 1.0679851965233134
62238.3493 lsst_hardware_g -5.579022191312988 15.65999984741211 31.479999542236328 AB 7.248233053365853 1.0684437043545425
62238.3685 lsst_hardware_r -23.277964094615072 24.510000228881836 31.530000686645508 AB 7.025192448546953 1.034968318100565
62242.3468 lsst_hardware_i 1.5432742125532972 31.709999084472656 31.260000228881836 AB 18.059635287882063 1.0521657100008486
62242.3648 lsst_hardware_z 23.612032625329874 41.61000061035156 30.959999084472656 AB 17.553761611138395 1.0256061237555663
62244.3521 lsst_hardware_i -18.20163550546845 31.549999237060547 31.270000457763672 AB 13.260633039939869 1.0349964323159373
62244.3709 lsst_hardware_u -2.3841083622112196 2.869999885559082 28.530000686645508 AB 13.00108739809489 1.014026510527046
62248.2689 lsst_hardware_u 7.332555285995584 2.7799999713897705 28.389999389648438 AB 10.432659272459691 1.2431672154980566
62248.2887 lsst_hardware_g -3.951084641210107 15.399999618530273 31.43000030517578 AB 9.777284418389348 1.1612436460338116
62250.2431 lsst_hardware_z 27.460441617304223 50.060001373291016 30.93000030517578 AB 10.916970775044623 1.355612174305506
62250.262 lsst_hardware_r 12.94884621147571 37.959999084472656 31.549999237060547 AB 10.614095933946189 1.250089816341024
62254.2541 lsst_hardware_r -52.69498015005801 96.7699966430664 31.610000610351562 AB 3.376847239822265 1.2357333153777499
62254.2726 lsst_hardware_z 52.19869291532191 66.19000244140625 30.969999313354492 AB 3.2192952660049525 1.1602457710252445
62257.2483 lsst_hardware_z 141.4202294217236 78.55999755859375 30.969999313354492 AB 11.257804584595991 1.224806025631928
62257.2682 lsst_hardware_i 45.08723328300848 88.66999816894531 31.31999969482422 AB 10.43410214159539 1.1471508932746792
62259.2485 lsst_hardware_z 2.261959711450551 67.44000244140625 30.969999313354492 AB 14.224527640398739 1.2003820793585431
62259.2684 lsst_hardware_r 141.78667388907263 78.55000305175781 31.6299991607666 AB 14.323541366062472 1.1289342431807112
62264.249 lsst_hardware_r 29.49915018339677 24.420000076293945 31.510000228881836 AB 10.272853349107503 1.1474522743411246
62264.2677 lsst_hardware_i 17.29255181911616 31.739999771118164 31.260000228881836 AB 10.163207715321443 1.0928180339055313
62268.239 lsst_hardware_u 3.6962497191127657 2.75 28.40999984741211 AB 12.873403354709312 1.1443788123394438
62268.2526 lsst_hardware_r 61.32357754566153 23.989999771118164 31.5 AB 11.615022849752748 1.1036699781216979
62270.2486 lsst_hardware_i -5.70778859156458 31.729999542236328 31.25 AB 7.374673271327427 1.0997946866493644
62270.2677 lsst_hardware_z 17.58998351618426 41.75 30.950000762939453 AB 7.266270628547312 1.057027403505446
62272.2423 lsst_hardware_r 0.8521797368413873 24.18000030517578 31.5 AB 5.785014751915245 1.1020125253673005
62272.2606 lsst_hardware_u -0.7577245807204175 2.7899999618530273 28.459999084472656 AB 5.149691633243636 1.0601526779708978
62277.2489 lsst_hardware_g 1.7489910250370444 15.130000114440918 31.459999084472656 AB 7.087347202358876 1.0564464676079015
62277.2684 lsst_hardware_r -11.146716082739696 23.950000762939453 31.520000457763672 AB 6.147054241715461 1.0266193133188433
62280.1662 lsst_hardware_r 114.96366972546846 77.16000366210938 32.31999969482422 AB 9.987615212979746 1.3248223924541478
62280.1874 lsst_hardware_i -100.88065277770059 66.98999786376953 32.029998779296875 AB 9.58193975646082 1.2164195785025107
62282.1612 lsst_hardware_z -10.37653905745751 67.19999694824219 30.950000762939453 AB 7.718640486407475 1.3221000576221087
62282.181 lsst_hardware_r 9.425150073792977 90.61000061035156 31.6200008392334 AB 7.537752520525719 1.2205568932680497
62283.1706 lsst_hardware_z 30.0827728472404 109.93000030517578 31.719999313354492 AB 6.19340056001439 1.2565014914904262
62288.1632 lsst_hardware_r -15.19390923151683 68.73999786376953 31.610000610351562 AB 8.77651497464758 1.2269126246012458
62288.185 lsst_hardware_y 13.007542259552926 53.150001525878906 30.020000457763672 AB 8.565646542670077 1.1423908432475192
62291.1674 lsst_hardware_g -17.3550035021783 14.869999885559082 31.389999389648438 AB 13.495604132511637 1.1755923401191815
62291.1881 lsst_hardware_r -27.627664829649145 24.040000915527344 31.489999771118164 AB 12.69079751399986 1.1083181969346094
62302.1631 lsst_hardware_i 15.060190271217762 31.760000228881836 31.239999771118164 AB 13.469320960760855 1.0949777221982648
62302.186 lsst_hardware_z 28.24955092962972 41.65999984741211 30.950000762939453 AB 12.550558124345406 1.0469704379015934
62310.1671 lsst_hardware_y 86.2379718150121 74.1500015258789 30.809999465942383 AB 3.2169745864978916 1.0421882518823655
62314.0786 lsst_hardware_z -126.79122681466227 107.31999969482422 30.969999313354492 AB 9.719447749557535 1.2949479614812547
62314.0991 lsst_hardware_r -28.909049913632945 153.85000610351562 31.6299991607666 AB 9.338615951324584 1.1972584552980237
62315.0563 lsst_hardware_r -170.20944528027601 118.43000030517578 31.559999465942383 AB 9.871341331667617 1.419519892388274
62315.0763 lsst_hardware_i 100.57653323060181 96.91999816894531 31.290000915527344 AB 8.998994840309924 1.2925875955630457
62323.0777 lsst_hardware_i 52.425121501751775 32.63999938964844 31.239999771118164 AB 7.355220429184863 1.184558590680817
62323.0979 lsst_hardware_u 2.644254302690055 2.859999895095825 28.479999542236328 AB 5.878125796786368 1.1163117927681905
