data/validation/pwv_sim_epoch_fit_4/37628012.ecsv
# %ECSV 0.9
# ---
# datatype:
# - {name: time, datatype: float64}
# - {name: band, datatype: string}
# - {name: flux, datatype: float64}
# - {name: fluxerr, datatype: float64}
# - {name: zp, datatype: float64}
# - {name: zpsys, datatype: string}
# - {name: pwv, datatype: float64}
# - {name: airmass, datatype: float64}
# meta: {SNID: '37628012', alt: 1024.0, c: 0.028180237859487534, dec: -24.296478, lat: -30.244573, lon: -70.7499537, ra: 297.949219, t0: 60876.3828125,
#   x0: 7.145826619787892e-06, x1: -0.9011198878288269, z: 0.5295755863189697}
# schema: astropy-2.0
time band flux fluxerr zp zpsys pwv airmass
60775.3395 lsst_hardware_i -19.052390609099866 52.779998779296875 31.260000228881836 AB 6.505501703963793 1.3635509754692503
60775.3587 lsst_hardware_z 89.72095809450356 52.2599983215332 30.950000762939453 AB 5.947377467595256 1.2496459458097928
60778.3384 lsst_hardware_r 66.45569386643092 85.80999755859375 31.600000381469727 AB 15.347408951518497 1.3174966729253934
60778.3571 lsst_hardware_z 86.3895072015182 60.86000061035156 30.969999313354492 AB 14.261658189767184 1.2177048894445557
60782.3428 lsst_hardware_z 31.502093540649366 59.0099983215332 30.959999084472656 AB 18.16792802093265 1.2336824917026001
60782.3623 lsst_hardware_r -8.09540109691096 73.30000305175781 31.6299991607666 AB 16.959318822811348 1.152036330191992
60784.3404 lsst_hardware_y -34.95400398728326 79.20999908447266 30.75 AB 13.333789493272985 1.2191822151727811
60790.3478 lsst_hardware_r -8.327244206901732 25.68000030517578 31.510000228881836 AB 17.585165179332353 1.1272541781623304
60790.3658 lsst_hardware_i -37.04547122483507 32.63999938964844 31.25 AB 16.81624678074881 1.0779645372274878
60795.3503 lsst_hardware_i 3.024730759400197 32.5 31.25 AB 11.455210971564004 1.082339527253006
60795.368 lsst_hardware_z 7.300333096376504 42.16999816894531 30.950000762939453 AB 10.933526135998912 1.04631216262201
60796.4053 lsst_hardware_r 14.372910203687002 25.030000686645508 31.530000686645508 AB 8.936456877896113 1.0071043898418812
60796.4233 lsst_hardware_y 26.84081866576224 54.709999084472656 30.06999969482422 AB 9.234621969597287 1.0065531603463171
60802.34 lsst_hardware_i -17.566406128908238 32.02000045776367 31.260000228881836 AB 6.280154792909864 1.0628117774428605
60802.3605 lsst_hardware_z -83.13086679106691 41.70000076293945 30.959999084472656 AB 6.125900359481598 1.02926036199136
60805.3747 lsst_hardware_z 17.833109670388982 48.68000030517578 30.969999313354492 AB 6.887594265378578 1.0095904427301605
60805.395 lsst_hardware_r -11.235405054309286 24.75 31.540000915527344 AB 7.8481200817949555 1.0058253693346235
60806.2328 lsst_hardware_i -72.66712488166755 68.5 31.239999771118164 AB 11.630257842715311 1.5453609650273465
60806.2533 lsst_hardware_z 65.3932045162379 62.65999984741211 30.950000762939453 AB 10.858207633252249 1.3744566624369934
60807.369 lsst_hardware_i -36.059730407850694 66.41999816894531 31.34000015258789 AB 9.930028233847677 1.0097135831864938
60807.3891 lsst_hardware_z -13.060015615287295 60.36000061035156 30.989999771118164 AB 10.582195175950664 1.005768680886819
60809.3701 lsst_hardware_r 121.49755077460692 97.62000274658203 31.670000076293945 AB 8.036647177291965 1.0070145155741397
60809.3908 lsst_hardware_z 122.27780121216162 68.0999984741211 31.0 AB 8.16963601936643 1.0074569132915134
60810.2376 lsst_hardware_z 296.48263097180745 116.61000061035156 31.700000762939453 AB 9.121558898116643 1.4093879632442279
60810.2571 lsst_hardware_r -131.84851096969913 168.63999938964844 32.36000061035156 AB 9.181701954168338 1.2819577582698645
60814.2491 lsst_hardware_z 95.8718507345446 84.30999755859375 31.709999084472656 AB 10.175141077217448 1.2659847060240688
60826.2404 lsst_hardware_r -30.084621742336907 24.700000762939453 31.489999771118164 AB 8.30447102529794 1.1584939816737418
60826.2597 lsst_hardware_u -1.6848524573805965 2.8399999141693115 28.469999313354492 AB 7.496631768285952 1.0974963549120562
60830.2733 lsst_hardware_z -35.87670310726846 41.619998931884766 30.950000762939453 AB 11.925096856921979 1.0448924980326229
60830.2953 lsst_hardware_r -8.49708253551989 23.889999389648438 31.510000228881836 AB 12.286561649031409 1.0172889527463083
60833.231 lsst_hardware_r -31.72165915555575 54.59000015258789 31.6200008392334 AB 4.474139430446917 1.1253809249049007
60833.2514 lsst_hardware_z 4.425362080358178 49.43000030517578 30.969999313354492 AB 4.063423540592944 1.0712012848663297
60842.1435 lsst_hardware_i -116.7432674406874 66.62000274658203 31.25 AB 11.432307353874627 1.4633977796012154
60842.1651 lsst_hardware_z -174.8786852167028 62.900001525878906 30.950000762939453 AB 10.233883128524628 1.3088480788495496
60847.1335 lsst_hardware_g 4.946951584436658 15.202293295919848 31.31999969482422 AB 4.2227991297374725 1.433400926591232
60847.157 lsst_hardware_r 16.367124138687647 25.058874146693956 31.469999313354492 AB 3.8170257641200096 1.2768819460704761
60860.1394 lsst_hardware_g 147.26585688587613 39.62520172961708 31.610000610351562 AB 10.443690681107201 1.19061645613987
60860.1615 lsst_hardware_r 698.9834806206148 47.1821400053518 31.579999923706055 AB 9.692773227893628 1.1125666338392748
60861.1505 lsst_hardware_i 749.6921561634601 50.65723076363247 31.290000915527344 AB 4.18968907117557 1.1385798141655192
60861.1698 lsst_hardware_r 896.7702918340201 55.023599504111836 31.6200008392334 AB 3.899140802117796 1.0830946672549433
60865.1582 lsst_hardware_r 1824.5675375892622 117.76683194459318 31.649999618530273 AB 3.439372891929775 1.0847475479173319
60865.1777 lsst_hardware_i 1475.1218427347228 99.71933655424503 31.34000015258789 AB 2.6975771316562023 1.0449649938625614
60869.1941 lsst_hardware_z 1442.202940810757 83.73777144851312 31.0 AB 6.21813628274739 1.0131382945413692
60869.2136 lsst_hardware_r 2897.4826967717736 121.07799491611378 31.670000076293945 AB 6.922038511354347 1.0056230282839245
60872.0421 lsst_hardware_z 1321.2339194208816 61.26634996876022 30.889999389648438 AB 6.446642995638284 1.6586204401204823
60872.0617 lsst_hardware_r 2156.0625769132284 53.722191985096885 31.440000534057617 AB 5.665950379115896 1.4624952581068817
60876.1706 lsst_hardware_g 739.8518647802554 31.03462994189879 31.5 AB 3.458557291864617 1.0165251176245567
60876.194 lsst_hardware_r 2525.140451172463 55.99847670328335 31.540000915527344 AB 3.4504307904885265 1.0056633023866297
60877.0612 lsst_hardware_r 2381.101872137143 54.441153530424685 31.450000762939453 AB 7.76553172141768 1.362373986213628
60877.0791 lsst_hardware_g 600.6927964799083 29.267418550963882 31.389999389648438 AB 7.1560434426616535 1.2554462180108164
60879.0667 lsst_hardware_r 2236.624671264349 53.87358716815445 31.469999313354492 AB 6.237541329806399 1.2934248480676827
60879.0863 lsst_hardware_i 1909.0764040022113 55.143038302895604 31.239999771118164 AB 7.68655001973233 1.1957918512340278
60882.1561 lsst_hardware_g 450.8431935257783 26.528236711419165 31.479999542236328 AB 9.161934014763842 1.0149946747769654
60882.1765 lsst_hardware_i 1894.7270552822713 53.80097302840719 31.270000457763672 AB 10.843943965215756 1.0057839957225598
60886.0709 lsst_hardware_z 1475.0230990507484 57.66270891922897 30.940000534057617 AB 5.665925803145686 1.1804012089886846
60886.0907 lsst_hardware_u -2.488147854810677 3.237329133703371 28.510000228881836 AB 5.782483874615703 1.112016129733789
60887.1554 lsst_hardware_y 516.0155480349156 51.41030708065278 30.059999465942383 AB 3.72811836513138 1.0075995581436161
60887.1773 lsst_hardware_g 283.75416288042464 23.08851068086745 31.479999542236328 AB 3.6649630324995415 1.0072730610140281
60890.0495 lsst_hardware_r 1422.2273110748094 59.98788307354237 31.579999923706055 AB 1.9341606144107106 1.2262218603618198
60890.0692 lsst_hardware_i 1483.3935334375144 58.873124702453126 31.280000686645508 AB 1.804119722196848 1.1458365971399478
60891.0523 lsst_hardware_z 1142.4076375357715 63.44200127544869 30.959999084472656 AB 1.7800507449497496 1.2011138629890348
60891.0715 lsst_hardware_i 1595.089339083673 65.4146079023715 31.309999465942383 AB 1.6630481186546684 1.1290211260384715
60894.0722 lsst_hardware_z 1103.6519888838418 100.89285444870227 31.0 AB 2.463557722671307 1.1025096096089984
60894.0899 lsst_hardware_r 961.4984329995441 143.5024448041792 31.65999984741211 AB 2.9960574842882717 1.060645184277643
60897.0826 lsst_hardware_z 1708.6371336254208 122.30963354925767 31.75 AB 3.5112742426869867 1.0588884929695375
60898.1253 lsst_hardware_z 834.6084400528362 71.4073017889111 31.0 AB 8.288961003315066 1.0076232795398956
60898.1456 lsst_hardware_r 770.8886151264036 94.5572891549393 31.670000076293945 AB 8.280044116378258 1.0067636954651202
60899.0679 lsst_hardware_r 651.7404447648922 57.906434799749654 31.6299991607666 AB 3.5596689202042904 1.0786875515770578
60899.087 lsst_hardware_i 1054.0054529562967 62.06514113590368 31.31999969482422 AB 2.8593376313860053 1.041526577726811
60901.0584 lsst_hardware_i 855.4851028584081 43.30576383635918 31.25 AB 3.6614068126558266 1.0884895764119886
60901.0764 lsst_hardware_z 837.6608073366416 50.63389584995857 30.950000762939453 AB 3.5493616568766417 1.0501069990759295
60911.9713 lsst_hardware_y 268.70072584553157 74.20062478473324 29.959999084472656 AB 6.507100610366701 1.32527507339444
60911.9887 lsst_hardware_r 232.887898088927 29.46852783688895 31.469999313354492 AB 5.92623173831906 1.2297000027637204
60931.0293 lsst_hardware_u 2.3926253889940883 3.7517120272056035 28.43000030517578 AB 2.1961973618533253 1.0103265609446004
60931.0485 lsst_hardware_g 43.85678410622288 16.063047700771044 31.479999542236328 AB 2.476255610555792 1.005586034743342
60931.9851 lsst_hardware_y 15.095642538378721 54.52428510834072 30.049999237060547 AB 2.644090656019176 1.062737401936968
60932.0022 lsst_hardware_r 113.52119448464752 26.79394203583994 31.530000686645508 AB 1.4471754313981493 1.033696736712964
60933.9923 lsst_hardware_z 691.4662277798581 68.80334310092064 31.719999313354492 AB 2.7190178153542104 1.040175139768252
61140.3336 lsst_hardware_r -39.40301571760692 56.400001525878906 31.549999237060547 AB 6.64072545143588 1.4113438077543379
61140.3546 lsst_hardware_z 18.02069016092045 55.689998626708984 30.950000762939453 AB 6.043519041681378 1.275071267826653
61147.3487 lsst_hardware_g 31.39163672663599 17.079999923706055 31.459999084472656 AB 17.80227665646304 1.209469112532803
61147.3673 lsst_hardware_r 14.950843397747786 26.489999771118164 31.520000457763672 AB 16.741059701571416 1.1371843699060162
61153.3403 lsst_hardware_r -5.228493838871589 25.790000915527344 31.5 AB 6.614880831045077 1.175856873695186
61153.36 lsst_hardware_i 11.414071863107564 32.72999954223633 31.25 AB 6.211166963802555 1.1090049334250485
61157.3408 lsst_hardware_u -1.4120272651345558 2.8499999046325684 28.43000030517578 AB 2.5886170043701924 1.134529001184891
61157.3609 lsst_hardware_g 23.368712367921507 16.34000015258789 31.479999542236328 AB 2.3841362358004603 1.0783067552240888
61159.3443 lsst_hardware_r -26.320405963611616 56.779998779296875 31.6200008392334 AB 12.649283593272063 1.1070614032270316
61159.362 lsst_hardware_i -63.48518008744251 46.83000183105469 31.299999237060547 AB 12.215337184240164 1.0639301925653377
61170.2314 lsst_hardware_r -1.9182597846370577 37.56999969482422 31.469999313354492 AB 9.888497422368388 1.5949189390916756
61170.2493 lsst_hardware_z 5.872629857603749 51.52000045776367 30.920000076293945 AB 8.865926575077218 1.4299881572705189
61175.1922 lsst_hardware_z 84.21546557047458 72.47000122070312 31.610000610351562 AB 12.633999235846805 1.942646149895734
61175.2198 lsst_hardware_u 1.3228413506792216 3.5399999618530273 28.850000381469727 AB 10.200933438039511 1.5734087565099504
61177.2505 lsst_hardware_i -27.436882766572857 33.790000915527344 31.219999313354492 AB 8.280307745980295 1.2924349703016809
61177.2696 lsst_hardware_z -81.08824132618383 44.15999984741211 30.93000030517578 AB 7.677117781269797 1.1971957918056628
61185.2327 lsst_hardware_z 69.80128100231018 47.630001068115234 30.940000534057617 AB 7.004501353769761 1.269889956870155
61185.2534 lsst_hardware_r 28.766578498279436 32.540000915527344 31.559999465942383 AB 6.381492543232731 1.1740396547203324
61187.2595 lsst_hardware_y -101.5211790946005 50.31999969482422 30.020000457763672 AB 3.9639469014394213 1.1325562575541204
61187.2781 lsst_hardware_r -38.429966689695284 50.61000061035156 31.6200008392334 AB 3.7814688335507625 1.0804196667287893
61194.2089 lsst_hardware_z 239.86418514885537 132.52000427246094 31.719999313354492 AB 11.756251935177884 1.2657463323835214
61194.2379 lsst_hardware_r -30.210392340502843 178.80999755859375 32.38999938964844 AB 10.648717482650172 1.1408525265320264
61223.159 lsst_hardware_z 101.21240161038597 134.86000061035156 31.739999771118164 AB 9.978867343902019 1.1399208754743535
61231.1557 lsst_hardware_z 43.24556452702945 42.5 30.950000762939453 AB 9.802961923649153 1.0859200122201877
61231.174 lsst_hardware_r 5.139969913880044 24.739999771118164 31.530000686645508 AB 9.51647085006844 1.0477906045639644
61233.1553 lsst_hardware_u 3.4471389445452627 2.880000114440918 28.489999771118164 AB 5.806301199907573 1.0739813551835944
61233.1754 lsst_hardware_g 0.13626539256805173 15.729999542236328 31.469999313354492 AB 6.065346764205052 1.0369000366194057
61234.2166 lsst_hardware_g -11.847020365010437 16.100000381469727 31.510000228881836 AB 6.872534042465155 1.005540486119621
61234.2358 lsst_hardware_r 6.861304320546635 24.889999389648438 31.540000915527344 AB 6.943948210655651 1.0113527833754834
61235.1568 lsst_hardware_r 11.039745910837027 24.75 31.520000457763672 AB 7.961682752976979 1.059333100885072
61235.1751 lsst_hardware_z 22.95071834276001 41.630001068115234 30.950000762939453 AB 7.48078300709884 1.0298434756468522
61238.0612 lsst_hardware_i -41.55654660861077 34.70000076293945 31.190000534057617 AB 2.3749865553708984 1.4497832263938741
61238.0808 lsst_hardware_z -6.2677014464264555 45.400001525878906 30.920000076293945 AB 2.1079912881704397 1.3110757467629974
61242.0679 lsst_hardware_r 27.814033716153332 31.889999389648438 31.5 AB 7.542353505042799 1.3232199131654032
61242.0864 lsst_hardware_g 5.820915744315239 25.989999771118164 31.549999237060547 AB 6.903848529693684 1.2229301835782387
61244.0651 lsst_hardware_r -19.24064863438858 45.54999923706055 31.549999237060547 AB 6.26694776984745 1.3069755515844526
61244.0831 lsst_hardware_i -34.536101520115736 43.18000030517578 31.270000457763672 AB 5.849055893626928 1.2129727939777608
61248.0762 lsst_hardware_z -63.7357409475214 126.66999816894531 31.729999542236328 AB 4.111541698584099 1.19530247796616
61251.0765 lsst_hardware_z 287.79297339090374 146.58999633789062 31.739999771118164 AB 5.574880798662551 1.1614334997213647
61253.0698 lsst_hardware_g -68.18813761334047 85.48999786376953 31.670000076293945 AB 4.406885766538535 1.1660998720719067
61253.0885 lsst_hardware_r -65.69539221834253 85.66000366210938 31.639999389648438 AB 4.444965128871071 1.1047051103150705
61254.1662 lsst_hardware_r -49.45340664258086 64.98999786376953 31.649999618530273 AB 1.8495186677264779 1.005810931420182
61254.1864 lsst_hardware_z -23.705916047597427 53.619998931884766 30.979999542236328 AB 1.8452220383378408 1.0149736184476572
61256.0521 lsst_hardware_r 25.696131717250086 25.149999618530273 31.479999542236328 AB 1.7461670886387526 1.2050842571696017
61256.0702 lsst_hardware_i 8.778721951881703 32.540000915527344 31.239999771118164 AB 1.625750553760267 1.1355649968057744
61258.0709 lsst_hardware_i -100.52249408343025 32.33000183105469 31.239999771118164 AB 1.944877585918185 1.1161420866101492
61258.0884 lsst_hardware_u 0.3151772850368549 2.7799999713897705 28.43000030517578 AB 2.095698038364806 1.0709639920100644
61260.0725 lsst_hardware_g 5.8663140492019705 15.569999694824219 31.450000762939453 AB 3.5137413623278007 1.0962171471488562
61260.0917 lsst_hardware_r -13.002478017617712 24.559999465942383 31.520000457763672 AB 4.63466686209038 1.0533333777478135
61261.0753 lsst_hardware_i -7.998583985039534 31.8700008392334 31.25 AB 4.3965987802379995 1.0822396997511678
61261.0929 lsst_hardware_r -44.41108267780504 24.420000076293945 31.520000457763672 AB 4.010549766407428 1.0464123586034342
61263.0725 lsst_hardware_u -0.9948104565983223 2.819999933242798 28.469999313354492 AB 8.71487578758155 1.0759991506603281
61263.0897 lsst_hardware_g -1.2564805071436906 15.520000457763672 31.479999542236328 AB 7.817630053238255 1.042698239845049
61266.0726 lsst_hardware_r 51.04125295327241 24.260000228881836 31.510000228881836 AB 3.5522280624887363 1.0584708171897308
61266.0907 lsst_hardware_i 25.983719592661156 31.3700008392334 31.260000228881836 AB 3.735501582230031 1.0295364948727692
61268.079 lsst_hardware_z -43.85834067300724 41.84000015258789 30.959999084472656 AB 6.050598704227605 1.0381353224296719
61268.0985 lsst_hardware_r 16.84904486764197 24.350000381469727 31.540000915527344 AB 5.205824599318261 1.0157706535255142
61269.118 lsst_hardware_r -26.72141780393912 24.260000228881836 31.530000686645508 AB 4.044141568181216 1.0056926498430128
61269.1383 lsst_hardware_u 1.8016009981967394 2.9000000953674316 28.559999465942383 AB 4.32951264064774 1.010230840938261
61269.9678 lsst_hardware_y -54.08668302345408 80.41000366210938 29.920000076293945 AB 5.047817960686199 1.5019915080521309
61269.9857 lsst_hardware_i 42.188223487520986 35.2400016784668 31.219999313354492 AB 4.727086465200342 1.3607042214163332
61275.9709 lsst_hardware_y -105.34772942838369 80.31999969482422 29.959999084472656 AB 3.4814297809058834 1.3500454797502757
61275.9883 lsst_hardware_r -100.9625387425132 106.58000183105469 31.600000381469727 AB 3.241970705418771 1.2486326817416713
61277.9729 lsst_hardware_y -113.82991039150147 86.73999786376953 29.989999771118164 AB 3.2988367173221915 1.30320123149415
61277.9903 lsst_hardware_r 21.35483824453008 135.5800018310547 31.6299991607666 AB 3.0292143832736116 1.212817716511522
61279.9732 lsst_hardware_y 62.170836609183965 82.13999938964844 29.979999542236328 AB 5.102561743892736 1.270558203160542
61279.9913 lsst_hardware_z -40.47197666430306 80.04000091552734 30.969999313354492 AB 4.78963472748992 1.1849665332732944
61285.9776 lsst_hardware_y -185.5538110381094 62.939998626708984 30.020000457763672 AB 3.5519483192185524 1.1741977914772075
61285.9944 lsst_hardware_r 44.85464361096427 24.6299991607666 31.510000228881836 AB 3.739545163368146 1.1162821383188495
61295.9918 lsst_hardware_z 119.20781388416285 64.0199966430664 31.719999313354492 AB 2.8053392489280013 1.056326555183282
61297.0005 lsst_hardware_i 47.33250313276358 31.610000610351562 31.260000228881836 AB 1.451971082380684 1.0371222017004886
61297.0178 lsst_hardware_z -21.661918987927454 41.369998931884766 30.959999084472656 AB 1.4238583015191235 1.0170416439422312
61298.9848 lsst_hardware_y -101.35347222187639 55.459999084472656 30.059999465942383 AB 2.7610135811271936 1.0540901938636131
61299.002 lsst_hardware_i -17.7781126619864 32.2400016784668 31.270000457763672 AB 2.618119756299309 1.027788441363246
61310.0001 lsst_hardware_y -27.070428214883393 52.20000076293945 30.059999465942383 AB 3.1393166324149786 1.0068366364384151
61310.0194 lsst_hardware_z 61.65424505562137 58.31999969482422 30.979999542236328 AB 3.1283654879314042 1.0072007366166789
61315.9852 lsst_hardware_z -30.995931386535577 66.23999786376953 31.0 AB 2.5071408691239103 1.0064460050676387
61316.0036 lsst_hardware_g -24.564144320907598 16.68000030517578 31.530000686645508 AB 1.9240418598396918 1.0073957117712404
