data/validation/pwv_sim_epoch_fit_4/37833920.ecsv
# %ECSV 0.9
# ---
# datatype:
# - {name: time, datatype: float64}
# - {name: band, datatype: string}
# - {name: flux, datatype: float64}
# - {name: fluxerr, datatype: float64}
# - {name: zp, datatype: float64}
# - {name: zpsys, datatype: string}
# - {name: pwv, datatype: float64}
# - {name: airmass, datatype: float64}
# meta: {SNID: '37833920', alt: 1024.0, c: 0.12707985937595367, dec: -17.426323, lat: -30.244573, lon: -70.7499537, ra: 244.6875, t0: 60617.00390625,
#   x0: 0.001007901103362164, x1: 0.920436441898346, z: 0.05726192519068718}
# schema: astropy-2.0
time band flux fluxerr zp zpsys pwv airmass
[from data line 132]
60831.171 lsst_hardware_i 47.03664669163463 61.52000045776367 32.060001373291016 AB 8.348691081733085 1.025322822441857
60841.1051 lsst_hardware_i 69.01671807810035 50.470001220703125 31.309999465942383 AB 13.076677182573091 1.0530138651917624
60841.1267 lsst_hardware_z 95.37701024882436 51.290000915527344 30.969999313354492 AB 12.68026636977821 1.0309718442553697
60845.1325 lsst_hardware_r -8.347164716259776 24.450000762939453 31.530000686645508 AB 3.8962726701781762 1.0253349132047833
60845.1531 lsst_hardware_i -15.298753754140652 31.670000076293945 31.270000457763672 AB 3.920346712777628 1.03167018757306
60850.0977 lsst_hardware_u -2.715812396214436 2.890000104904175 28.540000915527344 AB 3.911145766850951 1.0341019081261336
60850.1167 lsst_hardware_g -0.7367056855758186 15.40999984741211 31.479999542236328 AB 3.846717889936032 1.0255179658587412
60853.0815 lsst_hardware_g 16.97032268004071 15.430000305175781 31.479999542236328 AB 7.883546643117632 1.0415572259370633
60859.0666 lsst_hardware_i 41.634752403634415 37.9900016784668 31.280000686645508 AB 6.594467293276967 1.040000098821443
60859.0885 lsst_hardware_z -74.24260849077689 44.56999969482422 30.959999084472656 AB 6.621641223102934 1.026186779073706
60862.0683 lsst_hardware_r 25.9654696852516 88.80000305175781 31.65999984741211 AB 6.400325579685059 1.0316588573914423
60862.0902 lsst_hardware_z 20.278330671359388 67.8499984741211 30.989999771118164 AB 5.415801371271641 1.0254286417252196
60864.0686 lsst_hardware_r -148.01863039579823 121.6500015258789 31.670000076293945 AB 1.951486060467695 1.0284059868082958
60864.0904 lsst_hardware_i 67.51835450988489 97.08999633789062 31.34000015258789 AB 1.7775727156684566 1.0265097491829394
60866.0435 lsst_hardware_i 60.574761382931875 93.23999786376953 31.34000015258789 AB 8.760018422937753 1.0443720177564035
60866.0671 lsst_hardware_z 77.0824010550894 80.69000244140625 31.0 AB 8.611868915136276 1.02684221124229
60866.089 lsst_hardware_i 143.3852081698728 95.52999877929688 31.350000381469727 AB 8.910080153197871 1.027967559881282
60871.0448 lsst_hardware_g -10.990402146005048 15.260000228881836 31.459999084472656 AB 6.473591675767189 1.030963505098938
60871.0618 lsst_hardware_r -11.6675292285886 24.010000228881836 31.510000228881836 AB 6.443042509686146 1.0253227169391934
60876.0294 lsst_hardware_i 1.5647305656671664 31.309999465942383 31.25 AB 3.075703820811754 1.0321153761113269
60876.0483 lsst_hardware_z 58.28215361267847 41.4900016784668 30.950000762939453 AB 2.8752469271205614 1.0253176168745874
60878.0101 lsst_hardware_z 13.789234588323582 41.720001220703125 30.950000762939453 AB 6.277698839167278 1.0451218933130875
60878.0289 lsst_hardware_r 30.95288668186265 24.25 31.520000457763672 AB 6.13531254826758 1.0291270698799408
60880.0091 lsst_hardware_u 0.5762673511233075 2.9200000762939453 28.559999465942383 AB 6.524602396171072 1.0401640550809446
60880.0278 lsst_hardware_r 0.43664256654486017 24.309999465942383 31.520000457763672 AB 6.3663183083577515 1.0272121188120935
60882.0142 lsst_hardware_i 25.991867638508683 31.420000076293945 31.25 AB 9.436268604904273 1.0313237573213165
60882.0311 lsst_hardware_z 119.84418336969811 41.47999954223633 30.950000762939453 AB 9.42831803183078 1.0253558607055282
60885.0146 lsst_hardware_r -55.0522344361756 25.06999969482422 31.530000686645508 AB 4.583985946086763 1.027051127785081
60885.0331 lsst_hardware_u -1.973337780152084 3.0799999237060547 28.59000015258789 AB 4.544155249559557 1.0265217709515009
60889.0002 lsst_hardware_i -65.06397170250432 47.529998779296875 31.309999465942383 AB 2.7514146350769666 1.028470100019425
60889.0201 lsst_hardware_z -2.7016171715611237 50.09000015258789 30.969999313354492 AB 2.7106760956063845 1.0259939801689568
60892.9811 lsst_hardware_y -41.414833698870055 78.87999725341797 30.809999465942383 AB 1.0134956636796213 1.033476203616201
60893.0016 lsst_hardware_r -207.69196977895564 124.75 32.40999984741211 AB 1.171950551311549 1.0253285663268144
60894.9818 lsst_hardware_y 60.15979465832469 54.68000030517578 30.059999465942383 AB 3.4191803932472955 1.029486004741376
60895.0022 lsst_hardware_z -8.921517703263067 63.86000061035156 30.989999771118164 AB 3.995111936305505 1.0257026794109128
60897.9817 lsst_hardware_y -29.75562369764358 47.81999969482422 30.049999237060547 AB 7.9263617118106104 1.0262655158685325
60898.0016 lsst_hardware_u 7.548654315511016 7.150000095367432 29.1299991607666 AB 10.24309098515842 1.0279583506606873
60899.9677 lsst_hardware_y -26.998640941761238 65.1500015258789 30.079999923706055 AB 4.156936087316291 1.0297304677207335
60899.9889 lsst_hardware_r -52.337023535381846 25.170000076293945 31.540000915527344 AB 3.788486218410769 1.0257634165372118
60902.9768 lsst_hardware_z 122.95267699888909 75.9000015258789 31.729999542236328 AB 6.191285830015996 1.0253302506236814
