data/validation/pwv_sim_epoch_fit_4/37845764.ecsv
# %ECSV 0.9
# ---
# datatype:
# - {name: time, datatype: float64}
# - {name: band, datatype: string}
# - {name: flux, datatype: float64}
# - {name: fluxerr, datatype: float64}
# - {name: zp, datatype: float64}
# - {name: zpsys, datatype: string}
# - {name: pwv, datatype: float64}
# - {name: airmass, datatype: float64}
# meta: {SNID: '37845764', alt: 1024.0, c: -0.04197106137871742, dec: -48.336796, lat: -30.244573, lon: -70.7499537, ra: 6.255605, t0: 62705.890625,
#   x0: 8.080723298876265e-06, x1: -1.3531547784805298, z: 0.5030152797698975}
# schema: astropy-2.0
time band flux fluxerr zp zpsys pwv airmass
62695.2029 lsst_hardware_z 874.6232439283141 71.22756707762794 30.889999389648438 AB 11.406819799063388 1.8460126444877465
62695.2205 lsst_hardware_r 1848.0759189731864 89.08018213726899 31.510000228881836 AB 11.381547611391154 1.661863274319744
62695.3175 lsst_hardware_i 1249.4266848752995 67.11193589608719 31.299999237060547 AB 7.053806553165797 1.15636173002718
62695.3483 lsst_hardware_z 898.6966088210221 62.01103588473481 30.969999313354492 AB 6.653771672936369 1.0938306218866671
62697.4213 lsst_hardware_r 2761.711421260551 99.99775134846702 31.649999618530273 AB 4.849738825604051 1.056587979434434
62697.4332 lsst_hardware_z 1126.8181983633729 72.32178850825989 30.979999542236328 AB 4.882531601741048 1.0648149756632121
62709.4359 lsst_hardware_r 2778.202777449781 58.63343463014142 31.510000228881836 AB 3.4242787448060152 1.1125915830740039
62711.1887 lsst_hardware_g 534.1386983866354 26.77033513904667 31.229999542236328 AB 6.492406197167284 1.560737096157847
62711.2072 lsst_hardware_r 2307.2785453739248 53.48498925881958 31.40999984741211 AB 6.005628616862146 1.4318434276870728
62716.4122 lsst_hardware_r 1799.8373786416184 48.48080885187472 31.469999313354492 AB 3.0780738381673345 1.1043077630352347
62716.4238 lsst_hardware_g 348.2115961155581 24.076527103140034 31.399999618530273 AB 2.3867932112293038 1.1265543791201873
62722.391 lsst_hardware_z 997.3116405363129 51.69400295314872 30.940000534057617 AB 4.287322931361365 1.096315103484836
62722.4018 lsst_hardware_g 189.3207806468682 19.38966626238201 31.3700008392334 AB 4.323389578978039 1.1152337692978607
62723.4012 lsst_hardware_r 1104.111379879778 39.70355941871944 31.479999542236328 AB 5.820892365999502 1.1194023780768274
62723.412 lsst_hardware_i 1323.9766525086968 47.523680246879856 31.239999771118164 AB 5.942989106768792 1.14288252053246
62725.2885 lsst_hardware_r 1108.577642132688 93.89145777297259 31.649999618530273 AB 3.08135590532746 1.0668899204780864
62725.3004 lsst_hardware_i 1436.2794372600206 78.07738426582905 31.329999923706055 AB 2.662264756160567 1.0579236066603124
62731.3819 lsst_hardware_r 531.7745263034085 55.815057613064354 31.610000610351562 AB 2.712463632756279 1.1245703286717574
62731.3931 lsst_hardware_z 800.4111751186031 56.53095836142967 30.950000762939453 AB 2.8138154186952864 1.149982461151946
62735.3244 lsst_hardware_i 687.3906775584746 40.690455144546 31.260000228881836 AB 1.9244085939484594 1.0608647155173425
62735.3357 lsst_hardware_z 785.23116904282 50.011161352548314 30.950000762939453 AB 2.0663286561869203 1.0706366094232749
62738.367 lsst_hardware_r 265.80746466544963 28.795174800064373 31.469999313354492 AB 2.189007130265753 1.1336132212667556
62738.3776 lsst_hardware_i 561.2075249895978 38.71471475225229 31.229999542236328 AB 2.5663221876800044 1.1591337794399297
62740.3804 lsst_hardware_z 632.0927742987055 50.026831855392295 30.940000534057617 AB 3.840713316989743 1.1819397805784715
62740.391 lsst_hardware_u 0.36641277812058404 2.744842786300837 28.34000015258789 AB 3.969766450188668 1.2152966325390075
62742.3626 lsst_hardware_g 40.0287545078004 15.042420757022526 31.360000610351562 AB 8.083178615824574 1.1488315258420372
62742.3742 lsst_hardware_r 268.54449829083603 27.890442196345276 31.469999313354492 AB 8.319470932936188 1.1797878893315321
62744.3692 lsst_hardware_i 389.0077505481891 36.570527605384164 31.229999542236328 AB 5.933381202195348 1.1811249531592214
62744.3804 lsst_hardware_z 551.3970896131746 48.94496310975458 30.93000030517578 AB 5.857894037208877 1.216382219181632
62751.3513 lsst_hardware_r 195.10926779558798 26.17570516931957 31.459999084472656 AB 2.794276945797737 1.1846849685405894
62751.3614 lsst_hardware_i 263.5604740701701 35.45487999201446 31.219999313354492 AB 2.7871952162139504 1.2167615903145883
62753.2946 lsst_hardware_r 208.21577887766875 71.25358982873277 31.639999389648438 AB 3.9413252903760165 1.0797165437976486
62753.3062 lsst_hardware_i 261.9719690144465 60.98043741352851 31.309999465942383 AB 4.0353193983869735 1.0960577813635963
62758.0471 lsst_hardware_z 330.1917461394513 65.13764603533427 30.889999389648438 AB 1.964421089963176 1.6749362711068716
62758.0562 lsst_hardware_i 113.2448599304223 64.0705930383023 31.209999084472656 AB 1.848311808068748 1.594517735213873
62762.3278 lsst_hardware_r 138.6661988535102 40.389745905573854 31.56999969482422 AB 2.2865576129205496 1.2049311151873614
62762.3392 lsst_hardware_i 213.004037451391 41.867998862091824 31.260000228881836 AB 1.8358636672840676 1.2447939884397823
62765.2905 lsst_hardware_z 198.28206033142698 45.72269804605234 30.940000534057617 AB 4.363240342449807 1.1275736859998857
62765.3016 lsst_hardware_r 147.95829268835374 27.29670865321164 31.5 AB 3.6409524475368733 1.1532950419819048
62767.2858 lsst_hardware_u 0.8663787818667814 3.448197137444861 28.360000610351562 AB 1.9292373276542214 1.1291994894085193
62767.2979 lsst_hardware_r 75.13225617181779 25.224480158326667 31.469999313354492 AB 2.331967925879445 1.1577830000228935
62772.2415 lsst_hardware_r 109.3767363272722 24.593511236889615 31.469999313354492 AB 4.000661378518102 1.0782242906730426
62772.2536 lsst_hardware_z 187.58992093889884 44.38402007884185 30.940000534057617 AB 3.624116747266504 1.0949268855511862
62774.3036 lsst_hardware_g 27.97568899348799 14.581491284204505 31.329999923706055 AB 4.685139169370569 1.2343118407088371
62774.3157 lsst_hardware_r 140.92935255008823 25.16431922611912 31.440000534057617 AB 4.815955144746855 1.281861896392668
62776.0329 lsst_hardware_z 187.6057921113837 48.63714609321623 30.90999984741211 AB 7.040948680629808 1.4127576525358567
62776.0712 lsst_hardware_u 4.6769427507911905 5.515891268419177 29.600000381469727 AB 5.971443934033121 1.2335782542029894
62776.0993 lsst_hardware_g 22.98881099762161 23.349541731329953 32.189998626708984 AB 5.207465669189346 1.1490013612009
62783.1659 lsst_hardware_z 54.74062364224898 85.80999755859375 31.729999542236328 AB 3.702192392558113 1.0509878808331636
62785.0651 lsst_hardware_z 9.852269458213598 67.94000244140625 30.969999313354492 AB 3.7015510487094696 1.1743499520014269
62785.0757 lsst_hardware_r 40.39784929001215 96.77999877929688 31.6299991607666 AB 3.5622098077867776 1.146634058300465
62787.2392 lsst_hardware_y 5.48283615623358 75.27999877929688 30.770000457763672 AB 6.68457964307088 1.147534487094103
62789.1798 lsst_hardware_z 4.921461659770151 48.72999954223633 30.959999084472656 AB 6.939351567939617 1.0630134142065712
62789.1919 lsst_hardware_g 63.21776310779684 57.150001525878906 31.700000762939453 AB 7.156388788374114 1.0745328511072243
62791.2313 lsst_hardware_i -58.03777236600291 40.38999938964844 31.270000457763672 AB 6.0374376232905345 1.1550483304554302
62791.2419 lsst_hardware_z 54.4925723095195 47.27000045776367 30.940000534057617 AB 6.175311817766958 1.184144164480791
62794.0298 lsst_hardware_i -4.213283167003245 31.399999618530273 31.229999542236328 AB 3.594856089719669 1.206935064535729
62794.0375 lsst_hardware_u -1.4497157175299178 2.6500000953674316 28.3799991607666 AB 3.5491886266196766 1.1830628755398922
62796.1851 lsst_hardware_r -27.89467213512215 22.040000915527344 31.479999542236328 AB 3.040147265783527 1.0904401957619096
62796.1955 lsst_hardware_z -72.9533422327346 41.79999923706055 30.940000534057617 AB 3.168693857356442 1.107354135018851
62801.2201 lsst_hardware_r 12.026605295647743 22.540000915527344 31.469999313354492 AB 3.8121079266974403 1.2010421949267298
62801.2308 lsst_hardware_i 9.133151021769043 31.6200008392334 31.229999542236328 AB 3.7566826011885905 1.2376847380581157
62807.2007 lsst_hardware_r -17.932169277957296 25.969999313354492 31.5 AB 4.218364139146278 1.1916282878944289
62807.2123 lsst_hardware_z -14.563268478760465 43.790000915527344 30.93000030517578 AB 5.300769895686617 1.2300196996601627
62809.1565 lsst_hardware_z -20.432024489683833 48.27000045776367 30.959999084472656 AB 5.616593361975724 1.1012928160736715
62809.1683 lsst_hardware_i -33.35533922751578 44.2400016784668 31.290000915527344 AB 5.184702001300807 1.1232834551819035
62813.1642 lsst_hardware_z 75.94840635476528 59.91999816894531 30.969999313354492 AB 6.743385800837465 1.1380921719508534
62813.1731 lsst_hardware_r -9.960766195795573 81.0199966430664 31.6299991607666 AB 6.003820672171178 1.159878420124835
62817.0704 lsst_hardware_g -3.870159223661692 55.459999084472656 31.709999084472656 AB 4.749920606539728 1.0510611705418267
62817.0818 lsst_hardware_r 37.48548301610929 60.220001220703125 31.639999389648438 AB 4.756648139688 1.0520648359830898
62819.0744 lsst_hardware_i 34.932434741795156 29.940000534057617 31.25 AB 4.081853483468948 1.0516626975615635
62819.0864 lsst_hardware_z -5.77896210292649 40.84000015258789 30.950000762939453 AB 3.2156392745840328 1.0556924735994855
62822.1512 lsst_hardware_u 2.260050592657656 2.5199999809265137 28.260000228881836 AB 3.221226331327451 1.1670052826111588
62822.1645 lsst_hardware_g -5.548833643674802 13.350000381469727 31.329999923706055 AB 3.343666247851078 1.2066641096539437
62829.0623 lsst_hardware_g 1.3230724476200988 13.260000228881836 31.399999618530273 AB 8.020007558355799 1.0573974982450292
62829.0743 lsst_hardware_r -3.435642656291693 22.040000915527344 31.479999542236328 AB 8.0647206688857 1.0661508838256633
62831.0521 lsst_hardware_i -15.680893527483992 30.229999542236328 31.25 AB 4.590204177207158 1.0549768276734448
62831.0636 lsst_hardware_z -28.45198185960955 41.2599983215332 30.950000762939453 AB 4.663347944066316 1.0618629094648158
62833.1004 lsst_hardware_i 9.237524030686302 30.889999389648438 31.229999542236328 AB 4.324215734717057 1.1185245045827876
62833.1125 lsst_hardware_u -1.0409998332690558 2.559999942779541 28.309999465942383 AB 4.350667841449518 1.1449125898551362
62835.0989 lsst_hardware_g -24.685551147643643 17.6200008392334 31.5 AB 5.694661381753006 1.1266146231376297
62835.1111 lsst_hardware_r 23.882149654319118 25.010000228881836 31.5 AB 5.780974075573845 1.1549243982766646
63048.439 lsst_hardware_r -31.608964288147018 25.399999618530273 31.510000228881836 AB 9.844864245217128 1.0509409221667219
63051.4456 lsst_hardware_z 78.22370134149445 70.41000366210938 30.989999771118164 AB 6.033979568716879 1.0536481544884473
63063.3809 lsst_hardware_z 17.346647112479687 40.849998474121094 30.950000762939453 AB 3.506638037343717 1.0547337188721828
63063.3925 lsst_hardware_i -3.977017100871153 29.90999984741211 31.25 AB 3.676921598549225 1.0513500567716045
63066.4361 lsst_hardware_u -6.31669722894822 5.28000020980835 28.889999389648438 AB 3.4356207038695175 1.0782646383270356
63068.431 lsst_hardware_r 23.838030651460144 23.020000457763672 31.489999771118164 AB 6.727320346706711 1.0787012501734483
63070.4219 lsst_hardware_z 53.24672161006384 41.689998626708984 30.950000762939453 AB 5.479703298590517 1.0744516271746114
63070.4327 lsst_hardware_u 1.7630728226702663 4.260000228881836 28.760000228881836 AB 5.5496081461056415 1.0881584600207141
63071.3038 lsst_hardware_r -8.627225059111089 38.459999084472656 32.65999984741211 AB 5.874485087607449 1.1206572086240842
63071.3286 lsst_hardware_g 14.744587563873457 18.639999389648438 32.13999938964844 AB 5.716678761819691 1.080351273139883
63078.2618 lsst_hardware_r -77.87821319686788 58.25 31.610000610351562 AB 4.214377487730881 1.1759139175662234
63078.2741 lsst_hardware_y 54.645010446639134 50.560001373291016 30.010000228881836 AB 4.1089904462235065 1.1438752228154334
63080.4085 lsst_hardware_z -10.196773623385786 82.45999908447266 31.729999542236328 AB 2.0510275861095613 1.092715815721663
63082.4008 lsst_hardware_z 73.26220669982607 64.80000305175781 30.979999542236328 AB 2.264306473696528 1.0893945026204128
63082.4134 lsst_hardware_r -51.13302349493665 90.0199966430664 31.639999389648438 AB 2.1873610776909556 1.1100538328808145
63084.4002 lsst_hardware_i 56.24134959354096 54.95000076293945 31.309999465942383 AB 3.1716446917483614 1.0967907639831802
63084.4124 lsst_hardware_z 32.12642460949392 54.58000183105469 30.969999313354492 AB 3.231040393953756 1.118555368186397
63096.3731 lsst_hardware_g 8.6004112835252 13.539999961853027 31.40999984741211 AB 4.357475463432022 1.106309225879282
63096.3843 lsst_hardware_r -5.749084376484811 22.530000686645508 31.479999542236328 AB 2.741561748410204 1.1281373356053237
63107.3601 lsst_hardware_i -13.377316275611625 31.1200008392334 31.229999542236328 AB 8.030770349791599 1.1411666847941833
63107.3717 lsst_hardware_z 30.725753022735116 43.08000183105469 30.940000534057617 AB 8.25323351087326 1.1707267734937716
63111.0413 lsst_hardware_i -206.71536834224642 93.66999816894531 31.1299991607666 AB 3.569047465011803 2.173597725342146
63111.0508 lsst_hardware_r 261.2764322016545 114.44000244140625 31.420000076293945 AB 2.718558568069262 2.0242431631193316
63112.3704 lsst_hardware_z -115.84826163253555 88.45999908447266 31.709999084472656 AB 1.2275445661206565 1.2080149904418467
63117.3012 lsst_hardware_z 11.06514986491648 43.40999984741211 30.950000762939453 AB 3.034568329782681 1.0837744034938146
63117.3129 lsst_hardware_r -51.96161468261005 31.770000457763672 31.559999465942383 AB 3.0838376176682236 1.1013705777386513
63122.3007 lsst_hardware_r -4.493857799268617 22.309999465942383 31.469999313354492 AB 3.0245267990136018 1.1038418974502195
63122.3133 lsst_hardware_u 0.5738769178370754 2.569999933242798 28.329999923706055 AB 3.0580218328333597 1.1281091332042275
63124.2175 lsst_hardware_u 3.6154093288857294 2.619999885559082 28.399999618530273 AB 0.6373607341882532 1.053488816840088
63124.229 lsst_hardware_g 19.641692859652707 13.34000015258789 31.399999618530273 AB 0.913087622780058 1.0510361125525847
63126.2937 lsst_hardware_i -3.890587198912503 30.709999084472656 31.239999771118164 AB 1.2446109632711417 1.1108465272780734
63126.3049 lsst_hardware_z -4.8574431915696215 42.20000076293945 30.940000534057617 AB 1.2583863750632058 1.1335963141474716
63129.2292 lsst_hardware_z -55.5216795773147 41.0 30.940000534057617 AB 6.156230488090757 1.0525270111285274
63129.2399 lsst_hardware_r -14.247098793944167 22.1299991607666 31.479999542236328 AB 6.1534305680969466 1.0570180482859997
63133.3179 lsst_hardware_z -44.60660338046799 43.84000015258789 30.93000030517578 AB 5.365540930976907 1.2244036658377548
63133.3294 lsst_hardware_i 53.19230123035152 32.20000076293945 31.209999084472656 AB 5.6608363448822745 1.2678244893353359
63137.3063 lsst_hardware_r 9.476191141541797 72.7300033569336 31.600000381469727 AB 4.621756858200953 1.2220404172927568
63137.3177 lsst_hardware_z -28.988387338458516 59.4900016784668 30.950000762939453 AB 4.7840562545364005 1.264675398828919
63141.174 lsst_hardware_z -57.848320265204926 60.20000076293945 30.979999542236328 AB 4.767727179336999 1.0525558567967472
63141.1832 lsst_hardware_r 32.68374303756547 83.55999755859375 31.649999618530273 AB 4.772967670977395 1.0510057995398474
63143.2418 lsst_hardware_i 23.20017812333024 48.400001525878906 31.299999237060547 AB 2.8793375823852227 1.1011903938752168
63143.2542 lsst_hardware_z 2.2764293723196047 50.70000076293945 30.959999084472656 AB 3.1185420147965828 1.1244067116626044
63145.2446 lsst_hardware_r 85.31975844589257 40.65999984741211 31.59000015258789 AB 5.358059679357585 1.1161074182804838
63145.2566 lsst_hardware_z 1.4908993465831402 46.40999984741211 30.940000534057617 AB 6.807760870694582 1.1417628294665965
63147.2466 lsst_hardware_g 10.7540066589432 20.65999984741211 31.520000457763672 AB 3.5849127021027507 1.131482178465204
63147.2576 lsst_hardware_i -4.809867754090062 34.13999938964844 31.239999771118164 AB 4.309607373359755 1.1576667371132434
63149.1562 lsst_hardware_r 13.28157208555259 21.8799991607666 31.479999542236328 AB 3.3244135602315397 1.051613621267391
63149.1695 lsst_hardware_z 30.006750268048954 40.810001373291016 30.950000762939453 AB 3.586052258394234 1.0514226715385753
63151.2775 lsst_hardware_g 3.8544200833272453 13.289999961853027 31.31999969482422 AB 6.790670012998877 1.2568332431979432
63151.2881 lsst_hardware_r -35.51445726704997 23.049999237060547 31.43000030517578 AB 7.124118975856155 1.3013872175834416
63153.2375 lsst_hardware_r 42.83053857277199 22.40999984741211 31.459999084472656 AB 7.2344926944101156 1.1483321737158914
63153.2489 lsst_hardware_i -33.05945496390772 31.299999237060547 31.229999542236328 AB 7.425334606953172 1.1786245407862177
63155.2383 lsst_hardware_z -48.808536668559505 42.58000183105469 30.940000534057617 AB 8.279435188053064 1.1643547007071076
63155.2495 lsst_hardware_r -0.6496084545493579 22.530000686645508 31.459999084472656 AB 8.578827717668414 1.196823063290898
63157.184 lsst_hardware_z -14.628966059691516 41.41999816894531 30.950000762939453 AB 6.268742668130098 1.0740585399006042
63157.1952 lsst_hardware_r -0.4059090220897057 22.149999618530273 31.479999542236328 AB 6.32889517618321 1.0882181131135669
63161.1794 lsst_hardware_r 7.434058236728592 23.399999618530273 31.5 AB 3.1042294819317466 1.081613059906532
63161.1901 lsst_hardware_z 90.28945509711716 41.849998474121094 30.950000762939453 AB 3.0562935957686537 1.0970185196587705
63166.2154 lsst_hardware_z -22.914787183728567 57.63999938964844 30.959999084472656 AB 3.7221518507738085 1.1844556406599231
63166.2261 lsst_hardware_r 49.568400296984834 71.20999908447266 31.610000610351562 AB 3.6784823246582867 1.2185448694523964
63168.1635 lsst_hardware_z -50.76648176782208 62.2400016784668 30.979999542236328 AB 3.1233834257701525 1.0858906335971472
63168.1741 lsst_hardware_r 13.203630655849576 88.08000183105469 31.639999389648438 AB 2.256092703279863 1.1021459224617385
63181.0733 lsst_hardware_r 49.02058796926341 21.8700008392334 31.479999542236328 AB 3.669786965193897 1.0510631434036652
63181.0865 lsst_hardware_i 42.919530697436215 29.989999771118164 31.239999771118164 AB 2.0919867548109714 1.0523513333782515
63183.0737 lsst_hardware_z -2.153210367118956 41.060001373291016 30.940000534057617 AB 4.5646298395966385 1.0510920130325174
63183.0848 lsst_hardware_u 0.26026227194675977 2.569999933242798 28.3700008392334 AB 3.710349782262422 1.05352793022487
63186.1514 lsst_hardware_r -6.566642337690671 22.350000381469727 31.459999084472656 AB 6.8733582058133065 1.1584311582831415
63186.1625 lsst_hardware_i -0.41752259705037936 31.139999389648438 31.229999542236328 AB 6.899609286623443 1.1895878080385247
63189.0529 lsst_hardware_z 43.441723703207074 41.27000045776367 30.940000534057617 AB 4.956303196412925 1.0509920190308144
63189.0653 lsst_hardware_i 16.26398931857842 30.65999984741211 31.25 AB 4.97381833587305 1.052530023285954
63193.0576 lsst_hardware_r -94.14435378678456 47.2599983215332 31.6299991607666 AB 7.184641522727606 1.0535694871533137
63193.071 lsst_hardware_i 29.01153691669873 43.79999923706055 31.299999237060547 AB 7.225290160183119 1.0607487572756382
63195.0607 lsst_hardware_z -11.799558759187791 74.2300033569336 31.719999313354492 AB 5.47001379509843 1.0576206100344991
