data/validation/pwv_sim_epoch_fit_4/3789170.ecsv
# %ECSV 0.9
# ---
# datatype:
# - {name: time, datatype: float64}
# - {name: band, datatype: string}
# - {name: flux, datatype: float64}
# - {name: fluxerr, datatype: float64}
# - {name: zp, datatype: float64}
# - {name: zpsys, datatype: string}
# - {name: pwv, datatype: float64}
# - {name: airmass, datatype: float64}
# meta: {SNID: '3789170', alt: 1024.0, c: 0.08149685710668564, dec: -19.471222, lat: -30.244573, lon: -70.7499537, ra: 147.480469, t0: 60687.96484375,
#   x0: 9.084541430249376e-05, x1: 0.954534649848938, z: 0.17633481323719025}
# schema: astropy-2.0
time band flux fluxerr zp zpsys pwv airmass
[from data line 133]
61063.2462 lsst_hardware_g -16.205302870373973 13.550000190734863 31.399999618530273 AB 9.323770461964108 1.0244494395785275
61065.2266 lsst_hardware_r 0.6362147189613254 22.290000915527344 31.489999771118164 AB 8.931325704434144 1.0376615267626768
61065.2457 lsst_hardware_i 39.70179998038086 29.950000762939453 31.25 AB 8.79962120746151 1.0214697269147404
61069.2067 lsst_hardware_z 63.99406859442897 46.54999923706055 30.959999084472656 AB 10.131931861721576 1.0498323346514948
61069.2262 lsst_hardware_g -25.443049181039637 34.2599983215332 31.68000030517578 AB 10.888288618953242 1.0271566638688707
61071.2012 lsst_hardware_r 32.809437038702804 78.86000061035156 31.649999618530273 AB 10.835409279564155 1.0498918927924186
61071.2187 lsst_hardware_i 57.254377137975574 63.22999954223633 31.329999923706055 AB 10.971335874251348 1.0288842645437337
61072.2094 lsst_hardware_z -38.24534430305775 97.2300033569336 31.739999771118164 AB 13.019118537000884 1.0354548147137501
61074.2086 lsst_hardware_z -28.09256071935213 75.30000305175781 31.0 AB 9.279314991625741 1.0306341968818504
61074.2255 lsst_hardware_r 49.86306883462377 108.19999694824219 31.65999984741211 AB 9.189596606848006 1.0195369841735153
61076.2062 lsst_hardware_i 117.34677739417921 64.63999938964844 31.329999923706055 AB 6.943393294188385 1.0278894587991452
61076.2237 lsst_hardware_z -56.668801999379404 60.54999923706055 30.989999771118164 AB 5.475350944588417 1.018417312528061
61080.184 lsst_hardware_z 9.634502308420283 42.90999984741211 30.950000762939453 AB 5.850181503352561 1.0396626094459855
61080.2032 lsst_hardware_g -29.763451323891665 28.020000457763672 31.639999389648438 AB 5.768520387232551 1.022303943862092
61084.1855 lsst_hardware_u 3.512363140157682 2.630000114440918 28.399999618530273 AB 4.125504934295128 1.0269475223835032
61084.2018 lsst_hardware_g 9.493637547923335 13.970000267028809 31.43000030517578 AB 4.120820374453204 1.0184295024907613
61086.163 lsst_hardware_g 9.535963914649958 14.149999618530273 31.43000030517578 AB 2.8943226349952584 1.0458257037019414
61086.1795 lsst_hardware_r -11.335043984464471 22.850000381469727 31.5 AB 3.9122821948125632 1.027385030150344
61090.1661 lsst_hardware_i -6.173191766187757 30.709999084472656 31.260000228881836 AB 3.0944194990332963 1.0295285013973483
61090.1837 lsst_hardware_u 5.742911876032683 2.880000114440918 28.579999923706055 AB 3.181262795733352 1.0189007272746744
61092.1549 lsst_hardware_g -3.723354842283749 14.1899995803833 31.43000030517578 AB 5.228854275795283 1.0353312649045754
61092.172 lsst_hardware_r -10.49019206165299 22.8799991607666 31.5 AB 6.190010850495191 1.021453935725279
61094.154 lsst_hardware_i 31.822773613287765 30.3799991607666 31.239999771118164 AB 8.22050925976436 1.0306233204531403
61094.1727 lsst_hardware_r 16.378956572390774 22.719999313354492 31.489999771118164 AB 11.178953922510509 1.0189239158878145
61096.1802 lsst_hardware_z 15.816202510712957 40.66999816894531 30.950000762939453 AB 9.607637076057406 1.0177671493629787
61096.1976 lsst_hardware_g 11.072718056786902 14.09000015258789 31.43000030517578 AB 9.604469847830956 1.0250963975911793
61099.1589 lsst_hardware_z -37.98080678190343 53.689998626708984 30.979999542236328 AB 6.227935406548829 1.018968489291366
61099.1768 lsst_hardware_r -68.67656533397073 63.619998931884766 31.649999618530273 AB 6.23780217484527 1.018763199702528
61101.1323 lsst_hardware_i 50.44869399400674 84.2699966430664 31.34000015258789 AB 3.5171863240167967 1.0332003889400627
61101.1503 lsst_hardware_z 55.1346740391844 71.87999725341797 31.0 AB 3.500260106556773 1.0201122350620833
61103.1283 lsst_hardware_z -8.350754745520614 78.0 30.989999771118164 AB 5.416931833952085 1.0317146576847078
61103.1464 lsst_hardware_r -87.57372321485308 117.30999755859375 31.670000076293945 AB 5.615414441244841 1.0195015325426364
61105.1314 lsst_hardware_i 4.379912896385417 64.93000030517578 31.329999923706055 AB 7.778206044173635 1.0245266127731203
61105.1502 lsst_hardware_r -86.68919620478661 79.72000122070312 31.65999984741211 AB 7.801673282073671 1.0175653165610494
61107.1263 lsst_hardware_z 40.678030788911535 48.16999816894531 30.969999313354492 AB 11.758045398323624 1.0242794643989497
61107.1443 lsst_hardware_g 9.267301319810448 51.310001373291016 31.719999313354492 AB 11.670252159576311 1.017591852428505
61109.1109 lsst_hardware_r 22.44750505568878 27.290000915527344 31.540000915527344 AB 11.520731834693564 1.0327400685485644
61109.1287 lsst_hardware_i -37.30301380511605 34.09000015258789 31.270000457763672 AB 10.732888840621909 1.0200103437724755
61111.1113 lsst_hardware_z 23.403782237802446 40.880001068115234 30.950000762939453 AB 8.18029343506715 1.0273308902043474
61111.13 lsst_hardware_r 17.292602271789168 22.65999984741211 31.5 AB 8.348390491995396 1.0180136361265826
61113.1098 lsst_hardware_u -1.7717749157680707 2.5999999046325684 28.3700008392334 AB 13.233169506271222 1.0243580528909286
61113.1286 lsst_hardware_g 0.6020352710898806 13.899999618530273 31.420000076293945 AB 11.30059089075448 1.017551780540368
61116.1086 lsst_hardware_r 1.2271811639434305 22.579999923706055 31.5 AB 7.762407529560909 1.0204295424689123
61116.1292 lsst_hardware_u 4.037153062658409 2.7200000286102295 28.469999313354492 AB 8.374147534423532 1.0184429959773382
61118.0849 lsst_hardware_u 3.528882718876269 2.7200000286102295 28.459999084472656 AB 8.426898358078569 1.0342396348447072
61118.1047 lsst_hardware_g -30.813028892315792 13.960000038146973 31.440000534057617 AB 8.344346830649524 1.0197796309990093
61120.0852 lsst_hardware_r -46.25642863284927 22.700000762939453 31.510000228881836 AB 5.040241752849812 1.0286207658877167
61120.1045 lsst_hardware_i -22.218464571359334 30.25 31.260000228881836 AB 4.989155760406429 1.018195053144169
61124.0727 lsst_hardware_z 28.03330902124657 41.54999923706055 30.950000762939453 AB 10.675694974817892 1.0300416468161218
61124.0908 lsst_hardware_g -5.558133430670893 17.520000457763672 31.510000228881836 AB 9.137543758512182 1.0189148827035839
61126.0706 lsst_hardware_r -11.730776137139939 42.84000015258789 31.610000610351562 AB 6.543689502030669 1.0271189915680081
61126.0885 lsst_hardware_z 26.2981818010622 45.880001068115234 30.959999084472656 AB 6.540031973514998 1.0181150910977632
61128.0694 lsst_hardware_r 91.15707962314428 69.69000244140625 31.649999618530273 AB 6.885250731775209 1.0239813699844154
61128.0879 lsst_hardware_y -53.664325333059026 51.380001068115234 30.059999465942383 AB 7.004231293097403 1.017539230492831
61130.0676 lsst_hardware_z -7.004716341758846 72.55999755859375 30.989999771118164 AB 4.885839748198892 1.0217859354894916
61130.086 lsst_hardware_r 59.161256263166806 106.4000015258789 31.65999984741211 AB 5.228018511691924 1.017619175025192
61133.0525 lsst_hardware_i -87.06741822412422 72.58000183105469 31.34000015258789 AB 6.1671260271080595 1.0263148655530137
61133.0715 lsst_hardware_z 55.06453370115284 64.56999969482422 30.989999771118164 AB 6.27377053989695 1.0177670503138176
61135.052 lsst_hardware_r 17.485852563981375 57.9900016784668 31.639999389648438 AB 8.002797523903405 1.022896023676461
61135.0696 lsst_hardware_z 66.39261887318263 50.95000076293945 30.969999313354492 AB 7.949456871056073 1.0175196259525006
61137.0508 lsst_hardware_g -20.088600660874086 13.680000305175781 31.43000030517578 AB 11.110282210121994 1.0206340640709892
61137.0697 lsst_hardware_i 54.15549524851702 37.04999923706055 31.290000915527344 AB 11.08446595945086 1.0179819346829295
61139.0477 lsst_hardware_z 53.551085987586305 40.599998474121094 30.950000762939453 AB 7.833093180578049 1.0196463472429282
61139.067 lsst_hardware_r -5.38034238860243 22.229999542236328 31.489999771118164 AB 7.796336213335695 1.0185963173942638
61142.023 lsst_hardware_r 29.804823517193043 22.31999969482422 31.510000228881836 AB 5.07935470413795 1.030556369087081
61142.0408 lsst_hardware_u 0.3103745146833341 2.819999933242798 28.56999969482422 AB 5.017366052916677 1.01918565611511
61148.0176 lsst_hardware_i 16.785544898365735 30.190000534057617 31.260000228881836 AB 10.938112283055325 1.022253484397694
61148.0367 lsst_hardware_z -6.365995446749412 40.7400016784668 30.950000762939453 AB 10.888384485102176 1.0176060266450633
61152.0166 lsst_hardware_g -33.64305909526254 15.970000267028809 31.489999771118164 AB 9.4266463048461 1.0183079385174838
61152.0347 lsst_hardware_i 35.99393535515709 30.670000076293945 31.260000228881836 AB 9.407934018440521 1.0196276098813808
61156.0052 lsst_hardware_y 135.2814476547637 70.5 30.809999465942383 AB 11.81369089389858 1.0184216287843604
61158.0036 lsst_hardware_r 36.89706161681399 80.01000213623047 31.65999984741211 AB 1.5265812415599593 1.0177208277066396
61158.0211 lsst_hardware_i 114.5067679577808 67.12999725341797 31.329999923706055 AB 1.5312107909574442 1.0208071939716294
61159.9959 lsst_hardware_z 85.64410898354224 64.23999786376953 30.989999771118164 AB 11.389617020046424 1.0180663258142055
61160.0143 lsst_hardware_r 133.3119845222297 92.02999877929688 31.65999984741211 AB 11.018236488905428 1.020207082306058
61161.9759 lsst_hardware_y -3.991962553601249 52.849998474121094 30.059999465942383 AB 9.452709295745903 1.0244248207224083
61161.9952 lsst_hardware_z 26.364996606057556 59.33000183105469 30.989999771118164 AB 9.500362890200076 1.017532619443064
61163.9736 lsst_hardware_y -20.882338637059526 49.36000061035156 30.059999465942383 AB 11.323672243304932 1.0224303960004926
61163.9917 lsst_hardware_i 14.074505306892728 45.849998474121094 31.31999969482422 AB 11.070253517276338 1.017533298154866
61166.9737 lsst_hardware_y -35.68238745833554 46.93000030517578 30.049999237060547 AB 4.17324798658022 1.018817915916561
61166.9919 lsst_hardware_r 23.2426273815854 22.350000381469727 31.5 AB 3.800836708579952 1.0189910746863142
61175.9546 lsst_hardware_y 102.7158631542402 70.38999938964844 30.06999969482422 AB 7.78238045011847 1.01770373350575
61175.973 lsst_hardware_r -11.81012614560401 22.75 31.5 AB 7.487304094884412 1.0213209787048214
