data/validation/pwv_sim_epoch_fit_4/37952834.ecsv
# %ECSV 0.9
# ---
# datatype:
# - {name: time, datatype: float64}
# - {name: band, datatype: string}
# - {name: flux, datatype: float64}
# - {name: fluxerr, datatype: float64}
# - {name: zp, datatype: float64}
# - {name: zpsys, datatype: string}
# - {name: pwv, datatype: float64}
# - {name: airmass, datatype: float64}
# meta: {SNID: '37952834', alt: 1024.0, c: -0.02543656900525093, dec: -14.323464, lat: -30.244573, lon: -70.7499537, ra: 120.585938, t0: 61836.59765625,
#   x0: 3.5296576978847543e-06, x1: -1.3384590148925781, z: 0.707513689994812}
# schema: astropy-2.0
time band flux fluxerr zp zpsys pwv airmass
61735.3444 lsst_hardware_g 8.127342929685074 17.31999969482422 31.510000228881836 AB 5.306309235940213 1.0404527913608261
61737.3452 lsst_hardware_i 0.3689933708073839 33.72999954223633 31.270000457763672 AB 3.966604116522483 1.039511889020961
61739.3394 lsst_hardware_i -82.53835781197449 31.31999969482422 31.25 AB 6.3528901381069245 1.0395260398342654
61741.3256 lsst_hardware_g 3.9415762995021413 13.510000228881836 31.40999984741211 AB 6.81928685214997 1.0411919768150195
61741.3454 lsst_hardware_y 42.45426038165669 52.939998626708984 30.049999237060547 AB 6.9262919713370446 1.0413127822802442
61743.3279 lsst_hardware_i -20.130821198218914 30.149999618530273 31.25 AB 3.7207576955864936 1.0395597752510237
61743.3487 lsst_hardware_y -31.42515030559521 57.0099983215332 30.059999465942383 AB 4.5220549050214975 1.0458842583505121
61745.2178 lsst_hardware_u -6.969561278013602 4.46999979019165 29.469999313354492 AB 6.8949050549909385 1.2816404210215975
61747.3329 lsst_hardware_r -15.364802413796799 22.190000534057617 31.479999542236328 AB 5.770172155339524 1.042990689041268
61747.3538 lsst_hardware_y 52.173890739099456 72.30999755859375 30.059999465942383 AB 6.643862751598686 1.0616591165866642
61749.2791 lsst_hardware_i -63.02219556509375 34.97999954223633 31.270000457763672 AB 9.841915326758695 1.0610657459715405
61749.2953 lsst_hardware_z 45.33385473406772 40.849998474121094 30.940000534057617 AB 10.535810552723659 1.0454526608343786
61751.3033 lsst_hardware_i 122.0286834467038 53.34000015258789 31.31999969482422 AB 10.928363887498232 1.039888721354205
61751.3214 lsst_hardware_z 43.01741263162135 51.209999084472656 30.969999313354492 AB 11.00677850156628 1.0427035336838084
61753.3029 lsst_hardware_z -15.03479700850935 65.93000030517578 30.989999771118164 AB 7.51723383885855 1.0394884312779444
61753.3214 lsst_hardware_r 82.08945471088472 93.02999877929688 31.65999984741211 AB 7.588917012409865 1.0458816169252845
61755.305 lsst_hardware_i -56.216709672258936 68.08999633789062 31.329999923706055 AB 11.004272464545982 1.0406043147428696
61755.3236 lsst_hardware_r 17.79890423454777 84.80000305175781 31.65999984741211 AB 11.128167086546684 1.0522039781714483
61757.2657 lsst_hardware_z -125.67387242642182 73.81999969482422 31.719999313354492 AB 5.589336587085958 1.0516814953122098
61759.2829 lsst_hardware_r -46.66817594316865 33.7599983215332 31.579999923706055 AB 4.453809403526144 1.0396784974966933
61759.3031 lsst_hardware_i -32.61787652905081 35.959999084472656 31.280000686645508 AB 4.642892915907335 1.044637848106049
61762.2562 lsst_hardware_i -46.26785844116746 30.200000762939453 31.239999771118164 AB 7.022039825539218 1.0480656456028683
61762.2763 lsst_hardware_z -17.16639382128964 40.790000915527344 30.950000762939453 AB 6.964884826563342 1.0395350487407973
61765.2605 lsst_hardware_g -1.6959552894429413 13.579999923706055 31.40999984741211 AB 8.328304173424694 1.0410380216780868
61765.2806 lsst_hardware_r -0.43642607017626983 22.329999923706055 31.489999771118164 AB 8.332609092124299 1.0415761365155374
61767.2623 lsst_hardware_i -41.56510830992702 30.31999969482422 31.25 AB 6.407305909843433 1.039556406237273
61767.2824 lsst_hardware_r 0.7353650316174912 22.5 31.489999771118164 AB 6.41143662202887 1.045357130726592
61769.2436 lsst_hardware_u -3.6333872638003557 2.690000057220459 28.440000534057617 AB 9.390658560709118 1.0436867559669554
61769.2627 lsst_hardware_g 0.29316179319413477 13.880000114440918 31.43000030517578 AB 9.045753943778735 1.0397418326182455
61771.2453 lsst_hardware_r 20.983582109267473 22.459999084472656 31.5 AB 7.324896570967433 1.0406656050497407
61771.2662 lsst_hardware_i 38.19767606996804 30.239999771118164 31.25 AB 7.373519982512093 1.0424153805879686
61777.2128 lsst_hardware_g 23.920708470797763 32.91999816894531 32.34000015258789 AB 9.251480265159406 1.050111267327969
61777.2348 lsst_hardware_r 44.23510066299589 31.84000015258789 32.2400016784668 AB 9.108003562296277 1.039568204492803
61779.2139 lsst_hardware_i 101.89380962582796 50.22999954223633 31.309999465942383 AB 7.294882990526012 1.0451121762931248
61779.2349 lsst_hardware_r 10.846577407763244 51.720001220703125 31.6299991607666 AB 7.206244498001113 1.0396745894320811
61781.2146 lsst_hardware_z -23.023557211365347 96.5199966430664 31.739999771118164 AB 6.667921781056838 1.0418627782901309
61784.1888 lsst_hardware_r -26.968053824586473 93.72000122070312 31.65999984741211 AB 8.355392921794763 1.054885058723352
61784.2079 lsst_hardware_i -115.76707477825408 76.79000091552734 31.34000015258789 AB 8.25980660683472 1.0412833475019607
61785.1894 lsst_hardware_z -17.48450281562848 58.470001220703125 30.979999542236328 AB 6.396467223929197 1.0515316823819132
61785.2104 lsst_hardware_r 94.33033942089621 73.52999877929688 31.649999618530273 AB 5.615399057011257 1.0398887142613438
61787.1974 lsst_hardware_z 120.36399487918932 65.45999908447266 31.709999084472656 AB 3.2091463974565357 1.042212632462208
61791.1619 lsst_hardware_i -14.86675743629473 30.610000610351562 31.25 AB 12.671372209420271 1.0644037808215487
61791.1816 lsst_hardware_r 56.889838120516885 22.670000076293945 31.489999771118164 AB 12.015371953429538 1.0448149524721337
61793.1675 lsst_hardware_u -3.7682614029476698 2.609999895095825 28.360000610351562 AB 9.045364498942666 1.0515827745331525
61793.1878 lsst_hardware_g 1.9496463016628924 13.979999542236328 31.420000076293945 AB 9.080732949925512 1.040026680020098
61795.1657 lsst_hardware_r -2.4780681530173254 22.690000534057617 31.479999542236328 AB 8.192341739675115 1.0483737243111098
61795.186 lsst_hardware_i 37.01656051872987 30.469999313354492 31.239999771118164 AB 8.043410629714247 1.039536107232859
61797.1464 lsst_hardware_z 28.722233584491548 41.2599983215332 30.940000534057617 AB 11.695229106840602 1.0632026460764183
61797.1643 lsst_hardware_r -7.767783896778464 22.6200008392334 31.489999771118164 AB 11.49940313563893 1.0454002850580846
61799.1493 lsst_hardware_u -3.707333801283361 2.5999999046325684 28.350000381469727 AB 10.516683614030434 1.053362519455167
61799.1663 lsst_hardware_g -18.03422473159167 14.010000228881836 31.420000076293945 AB 10.405118950156046 1.041518696422146
61805.1353 lsst_hardware_g -33.68089423518164 20.60795622071535 31.559999465942383 AB 10.7409553635017 1.051051237957942
61805.1543 lsst_hardware_r -37.42163335147032 26.439209655768934 31.530000686645508 AB 10.667822938597721 1.0401796980813378
61807.1352 lsst_hardware_i 43.72736832309704 43.797698622892746 31.299999237060547 AB 4.100547510248464 1.0466365364142929
61807.1533 lsst_hardware_z -15.55781135744977 47.21377285813231 30.959999084472656 AB 4.063689145980978 1.0395282402850508
61808.1412 lsst_hardware_r -22.062611073003026 60.383401816850366 31.639999389648438 AB 5.12770855590237 1.0417231440175465
61808.1584 lsst_hardware_z -53.00390370616809 51.91481610712128 30.969999313354492 AB 5.1121584168962295 1.0401136148313794
61812.1242 lsst_hardware_z 115.81270765531912 76.83551212613924 30.989999771118164 AB 1.7527308032392235 1.0448469765956623
61812.141 lsst_hardware_r 86.9000551230031 113.53079573968172 31.65999984741211 AB 2.1601937516811094 1.0394708886107322
61814.1347 lsst_hardware_y 28.366665593208594 72.45065988021172 30.799999237060547 AB 3.762114952884956 1.0394975692981687
61816.1026 lsst_hardware_g 100.22211764453694 28.487564730720308 31.6299991607666 AB 1.5604496553495606 1.0536459522954496
61816.1195 lsst_hardware_r 164.60576401487805 38.54810812865114 31.600000381469727 AB 1.5392317144087078 1.0416636912308062
61820.0949 lsst_hardware_r 350.4516444136162 29.29525939857921 31.5 AB 3.513612717294902 1.050538248599488
61820.1127 lsst_hardware_u 11.304409928991875 5.192100889552857 28.510000228881836 AB 3.4942031618136267 1.040328444157428
61822.0958 lsst_hardware_g 139.357961159233 18.514529368851175 31.40999984741211 AB 4.79925467623833 1.0455512892571068
61822.1128 lsst_hardware_i 572.8169533682742 38.10057564181804 31.25 AB 4.727117483127111 1.0394980721555065
61824.0955 lsst_hardware_z 413.2592634376735 45.853408442195374 30.940000534057617 AB 6.8744999883135565 1.0426045506333517
61824.1124 lsst_hardware_r 613.9721870024372 33.883787514180256 31.489999771118164 AB 6.850200220414746 1.0397076084259003
61828.0844 lsst_hardware_r 938.8150413115291 37.41061722028851 31.5 AB 6.827529682878141 1.0426893223699054
61828.1025 lsst_hardware_i 962.5051765894952 43.25144001063509 31.25 AB 6.768455404427572 1.039861023878871
61832.053 lsst_hardware_r 993.6776677425178 39.1766215765993 31.5 AB 6.673950294404146 1.0603811025573604
61832.0693 lsst_hardware_u 1.879491575106671 2.842445503822241 28.489999771118164 AB 6.567201303328772 1.0450254689626879
61834.0569 lsst_hardware_g 245.70436498087986 28.36265771099079 31.600000381469727 AB 11.238543902742359 1.050331205863772
61834.0755 lsst_hardware_i 1238.0082249453321 48.14780696165068 31.260000228881836 AB 11.128948851267024 1.040088677688507
61836.0533 lsst_hardware_z 777.5126190578272 55.68404263042173 30.959999084472656 AB 6.731106845872098 1.0487312665601813
61836.0712 lsst_hardware_r 968.8645580293099 59.351236996541125 31.6200008392334 AB 6.73729223857741 1.039866065531318
61838.0602 lsst_hardware_y 853.5753590575815 78.86692597786755 30.799999237060547 AB 11.285854754120296 1.0413626734853523
61840.051 lsst_hardware_r 1082.7976561320856 106.2997445242651 31.65999984741211 AB 7.467014174866168 1.0430004667488348
61840.0689 lsst_hardware_i 1384.6895928879446 88.10046112653266 31.34000015258789 AB 7.5224500033062345 1.0397304773056488
61843.0329 lsst_hardware_z 684.0011033990685 57.02273626747888 30.959999084472656 AB 14.507663585503186 1.0498218840139795
61843.0479 lsst_hardware_r 824.2945101134246 67.19277293647076 31.639999389648438 AB 13.5137586342798 1.0408944093569559
61845.0351 lsst_hardware_i 1102.2348836246567 43.46626856674194 31.25 AB 8.484711255768946 1.0442293143791912
61845.0552 lsst_hardware_z 596.4080828847962 48.377756191492246 30.940000534057617 AB 8.100916735162711 1.0397232084660741
61847.0341 lsst_hardware_r 607.1226731705301 32.87724065480827 31.479999542236328 AB 8.084630700991985 1.0419681274638672
61847.0521 lsst_hardware_u 0.10444456290078515 2.639810184586843 28.3799991607666 AB 7.14945369135298 1.0401474781920155
61849.0311 lsst_hardware_g 42.84694841809439 14.915528929613373 31.40999984741211 AB 5.080922136297846 1.0410303516523383
61849.0495 lsst_hardware_r 520.6048272578631 31.760260062533813 31.489999771118164 AB 3.9458217696089988 1.0409308220917162
61853.0038 lsst_hardware_y 249.4681770643546 49.802906004412925 30.040000915527344 AB 4.9859629658291595 1.051447272422851
61853.0235 lsst_hardware_r 355.4268746591959 29.70771149257723 31.489999771118164 AB 4.91452818284105 1.0401117847282988
61855.0001 lsst_hardware_y 238.16050591730306 49.7531358032409 30.040000915527344 AB 7.798281057261848 1.0498493615053792
61855.0183 lsst_hardware_r 328.5034714276483 28.600119392445354 31.479999542236328 AB 7.784128734689896 1.040056393536262
61858.9985 lsst_hardware_y 99.04068644675968 49.00693233155912 30.040000915527344 AB 6.964152434785147 1.0433187168217448
61859.0169 lsst_hardware_u 1.3903250673637848 2.6167310475500445 28.3700008392334 AB 6.196684647723872 1.0397121892154149
61862.9915 lsst_hardware_z 842.7594224271959 78.09480478616055 31.719999313354492 AB 9.406270254326923 1.0415247340431195
61864.9815 lsst_hardware_y -14.365451103589917 67.70770197373274 30.059999465942383 AB 9.432256973756084 1.0436510164317538
61864.9995 lsst_hardware_z 335.15790328242895 52.374914643672916 30.969999313354492 AB 9.277329909345063 1.0395932215760308
61866.9786 lsst_hardware_y 115.95491890370322 71.62236321832376 30.06999969482422 AB 11.780133655728854 1.0423590248180283
61866.9969 lsst_hardware_i 113.79975954037407 61.963031815364225 31.329999923706055 AB 11.757791625608931 1.0400216675559262
62102.2366 lsst_hardware_i 66.36075122967395 60.0 32.0 AB 5.1482356444922655 1.302361660635534
62102.2605 lsst_hardware_y -102.09722510511132 70.22000122070312 30.760000228881836 AB 5.238918158540439 1.1891092682381696
62104.3544 lsst_hardware_g -11.917617523325484 32.58000183105469 31.670000076293945 AB 6.369511044066455 1.0424731659683586
62106.3375 lsst_hardware_i -5.671196444431141 55.369998931884766 31.31999969482422 AB 6.964724579465014 1.0395111312634349
62108.3314 lsst_hardware_z -122.06722275854385 90.06999969482422 31.739999771118164 AB 3.778523659921311 1.039483812908053
62113.3057 lsst_hardware_i -8.274214882190728 42.90999984741211 31.299999237060547 AB 6.795202695000476 1.0417296788288326
62113.3241 lsst_hardware_z 20.101766610702807 47.31999969482422 30.969999313354492 AB 6.731890479238983 1.0403972612994379
62119.3051 lsst_hardware_i 42.41470909841264 30.049999237060547 31.25 AB 8.591913492133756 1.0398419942867534
62119.3231 lsst_hardware_r 37.35878806931285 22.190000534057617 31.489999771118164 AB 8.667618769536698 1.0486718758056486
62123.2573 lsst_hardware_r 23.618546124118463 22.469999313354492 31.510000228881836 AB 4.591138486550938 1.0584757317696687
62125.2586 lsst_hardware_z 97.85644835933566 58.400001525878906 31.700000762939453 AB 5.673270306183752 1.0512870019797154
62125.2835 lsst_hardware_r -26.676679992047447 22.440000534057617 31.5 AB 5.589245411103523 1.0394728307799
62132.2358 lsst_hardware_i 64.27750648470135 38.06999969482422 31.290000915527344 AB 6.413008952553461 1.0549881065273148
62132.2562 lsst_hardware_r -20.346161874516167 22.399999618530273 31.510000228881836 AB 6.413036936025526 1.0408662099453077
62134.2548 lsst_hardware_z 11.013254455486269 52.9900016784668 30.969999313354492 AB 9.046884593856921 1.0398717923973473
62134.2749 lsst_hardware_g 42.717580451991644 51.88999938964844 31.709999084472656 AB 9.080084323054669 1.0436878532246747
62138.2421 lsst_hardware_z 11.590710863804366 72.56999969482422 30.989999771118164 AB 5.715037210878496 1.0402324737674729
62138.2617 lsst_hardware_r 9.135418864551509 107.75 31.65999984741211 AB 5.111822711654342 1.0425199275977586
62140.2536 lsst_hardware_z -103.79745002230851 83.02999877929688 31.729999542236328 AB 2.7179792894657897 1.0414046257412266
62142.2176 lsst_hardware_g -1.4079761976299017 40.79999923706055 31.690000534057617 AB 7.346623740740945 1.0467761207420014
62142.2396 lsst_hardware_r -31.213701768273957 43.5 31.6200008392334 AB 7.289384851908135 1.0395215304514438
62144.2167 lsst_hardware_i 36.73871858908585 31.979999542236328 31.260000228881836 AB 8.427332401427517 1.0438263951727895
62144.2383 lsst_hardware_r -5.1917408182709535 26.959999084472656 31.540000915527344 AB 8.332060828792459 1.0401099558458895
62148.1885 lsst_hardware_r 25.400207229313217 22.729999542236328 31.489999771118164 AB 6.647396672240296 1.0591210375867475
62148.2069 lsst_hardware_i 25.11981837760771 30.520000457763672 31.260000228881836 AB 6.559746742243301 1.0432167210946715
62150.1919 lsst_hardware_z -19.721818055298613 41.33000183105469 30.950000762939453 AB 8.30446934264201 1.049869701977498
62150.2104 lsst_hardware_r 22.050361519536434 22.68000030517578 31.489999771118164 AB 8.19813012497219 1.0399979015547103
62152.1878 lsst_hardware_u 2.3476160620813857 2.809999942779541 28.540000915527344 AB 5.37072260036355 1.0487132243814556
62152.2072 lsst_hardware_g -2.5321533614945713 14.029999732971191 31.440000534057617 AB 5.397307115908696 1.0396430927301734
62156.1673 lsst_hardware_i -9.962997280609656 30.739999771118164 31.25 AB 9.495475232616416 1.05834543386273
62156.1865 lsst_hardware_r -42.996972668570834 22.799999237060547 31.5 AB 9.320640149639432 1.0424994574945305
62158.1636 lsst_hardware_z -34.085358563532196 41.15999984741211 30.950000762939453 AB 10.873387939498585 1.0563096966118863
62158.1835 lsst_hardware_g 3.6375389142607926 13.829999923706055 31.420000076293945 AB 10.170322356136156 1.0414543398838927
62160.1617 lsst_hardware_r -4.728621184989048 31.299999237060547 31.56999969482422 AB 14.837581653474262 1.0525595876193612
