data/validation/pwv_sim_epoch_fit_4/37993323.ecsv
# %ECSV 0.9
# ---
# datatype:
# - {name: time, datatype: float64}
# - {name: band, datatype: string}
# - {name: flux, datatype: float64}
# - {name: fluxerr, datatype: float64}
# - {name: zp, datatype: float64}
# - {name: zpsys, datatype: string}
# - {name: pwv, datatype: float64}
# - {name: airmass, datatype: float64}
# meta: {SNID: '37993323', alt: 1024.0, c: -0.039637088775634766, dec: -16.49037, lat: -30.244573, lon: -70.7499537, ra: 132.539062, t0: 61830.86328125,
#   x0: 2.9381624441464535e-06, x1: 0.8952446579933167, z: 0.7619618773460388}
# schema: astropy-2.0
time band flux fluxerr zp zpsys pwv airmass
61747.3464 lsst_hardware_r -13.255177666962203 26.100000381469727 31.530000686645508 AB 6.556655750700204 1.0296255889919665
61749.3232 lsst_hardware_z 53.97037371150078 57.97999954223633 31.700000762939453 AB 10.43029061176975 1.0386666611999353
61749.342 lsst_hardware_y -54.2253317653429 49.79999923706055 30.059999465942383 AB 9.265949304447737 1.0294355409894846
61753.341 lsst_hardware_r -106.10541399848003 84.55000305175781 31.65999984741211 AB 8.72825456936823 1.029558593485027
61755.3293 lsst_hardware_r 31.793431718315112 81.36000061035156 31.65999984741211 AB 10.88957593884912 1.0290798478790362
61755.3485 lsst_hardware_y -76.92985633975377 60.880001068115234 30.059999465942383 AB 11.050190595147773 1.0349069563715867
61757.3078 lsst_hardware_z 97.19892892644376 77.75 31.729999542236328 AB 7.211820663178982 1.034088684990235
61759.3208 lsst_hardware_i -56.08525598622053 37.41999816894531 31.280000686645508 AB 4.455502820824773 1.029103319280465
61762.2951 lsst_hardware_z 40.749219379010626 40.86000061035156 30.950000762939453 AB 6.9880928438519465 1.033537691360505
61762.3152 lsst_hardware_r 38.7516461557505 22.8799991607666 31.5 AB 6.980567814479771 1.0293545402167326
61769.2784 lsst_hardware_g 27.025898806890783 13.539999961853027 31.420000076293945 AB 8.980884395783889 1.0322855627337804
61769.2996 lsst_hardware_r -19.690537585674505 22.219999313354492 31.5 AB 9.606236806862961 1.030067390602766
61771.2846 lsst_hardware_i 7.0025818966098985 30.059999465942383 31.25 AB 7.2784322553996645 1.029125324466951
61771.3037 lsst_hardware_z 5.3873582436362755 40.88999938964844 30.950000762939453 AB 7.352688349013222 1.0342068387435708
61773.263 lsst_hardware_z 24.231314650182654 57.599998474121094 31.700000762939453 AB 4.539019667155474 1.0347702421419065
61773.2832 lsst_hardware_r -12.748941702718671 31.399999618530273 32.2400016784668 AB 4.4980194066945725 1.029138058273621
61777.2596 lsst_hardware_r -20.811333153538477 22.229999542236328 31.489999771118164 AB 9.757552929475082 1.030999693173382
61777.2827 lsst_hardware_z -20.199539061822584 40.77000045776367 30.950000762939453 AB 9.823620416734194 1.0318025820639856
61779.2478 lsst_hardware_r -31.00112082238117 64.19999694824219 32.380001068115234 AB 7.218397597016218 1.034043275724846
61779.2689 lsst_hardware_y -46.70516187899559 68.25 30.799999237060547 AB 8.187571637007121 1.02936530513039
61784.2243 lsst_hardware_i -104.50907031043093 77.47000122070312 31.34000015258789 AB 8.21206580443851 1.0416226035416207
61784.243 lsst_hardware_z -51.64807761665093 67.44000244140625 30.989999771118164 AB 8.131144439905178 1.030182476681224
61785.2037 lsst_hardware_z -73.70808058589641 60.02000045776367 30.979999542236328 AB 6.432349401977885 1.0646500437750428
61785.2251 lsst_hardware_r -37.21654967171903 77.08000183105469 31.65999984741211 AB 5.607903579637769 1.038500662895883
61789.2049 lsst_hardware_r 20.62742573635851 26.770000457763672 31.530000686645508 AB 6.076610589466529 1.047691480942505
61789.226 lsst_hardware_z 30.31749614611898 42.0099983215332 30.950000762939453 AB 6.163490771324159 1.0313164322590482
61791.2009 lsst_hardware_r 28.61434635215188 22.469999313354492 31.489999771118164 AB 12.02935775529607 1.04603110915618
61791.2214 lsst_hardware_u -6.4119533035171 2.690000057220459 28.450000762939453 AB 12.19450660713928 1.030986355016848
61793.1933 lsst_hardware_g -23.104478002589886 13.789999961853027 31.40999984741211 AB 9.037536292774826 1.0484887660201858
61793.2128 lsst_hardware_r 5.798877389286839 22.5 31.489999771118164 AB 9.36178898835414 1.0323130517826757
61797.182 lsst_hardware_r 7.154342478071142 22.558628207362023 31.479999542236328 AB 11.609676340858615 1.0489407608292929
61797.1994 lsst_hardware_u -1.9863163167929618 2.59431647956406 28.360000610351562 AB 11.22082507842721 1.0336058473127347
61799.1851 lsst_hardware_g 2.107457487850758 14.014660742484722 31.420000076293945 AB 10.022917458580231 1.0400094208543407
61799.2042 lsst_hardware_i 54.809297326595 30.518717850825787 31.25 AB 9.935140678352486 1.0296549568196172
61801.1726 lsst_hardware_z 43.72292013114785 41.57663422530894 30.950000762939453 AB 10.798230459502474 1.0471519064684323
61801.1895 lsst_hardware_r 36.87458028443841 22.894386772835677 31.510000228881836 AB 10.683754502397136 1.0330453009473155
61805.1705 lsst_hardware_r 99.11472683369568 24.10793767226347 31.5 AB 9.390280404086155 1.0384893587421444
61805.1876 lsst_hardware_i 155.84653488367235 32.34645481951048 31.25 AB 9.203448141725023 1.029698829908819
61808.1524 lsst_hardware_r 168.0162010837199 59.07056280147765 31.639999389648438 AB 5.1970109367853174 1.048418587207055
61808.1698 lsst_hardware_z 157.68460670050666 52.424225297063195 30.969999313354492 AB 5.192636249465064 1.0333604476547391
61810.1488 lsst_hardware_z 183.9781673211263 72.04224487452267 30.989999771118164 AB 5.859133581394289 1.0462738538204088
61810.1675 lsst_hardware_i 345.9986363322881 82.14432687769822 31.34000015258789 AB 5.879864496518432 1.0317965307414187
61812.1561 lsst_hardware_r 595.5698043421067 121.68293919360035 31.670000076293945 AB 2.087562340092343 1.035026570305623
61812.1727 lsst_hardware_z 369.317935957547 82.64401774614942 31.0 AB 2.7785973766637064 1.0291101395050763
61814.1465 lsst_hardware_y 273.2573199134125 74.97365979427906 30.799999237060547 AB 3.8316018749418874 1.038022858094653
61816.1356 lsst_hardware_r 601.3623450025186 49.60063378313227 31.610000610351562 AB 3.063539566706014 1.0429070865382175
61816.1525 lsst_hardware_i 722.3764726358313 49.896356230793074 31.299999237060547 AB 2.794612401788217 1.031222288482737
61818.1324 lsst_hardware_z 458.02987570585503 46.772979821456744 30.950000762939453 AB 3.133507596520221 1.0407442889078615
61818.1497 lsst_hardware_r 668.6538996610307 36.86810225198331 31.540000915527344 AB 3.0205195106748395 1.0303079627088254
61820.1304 lsst_hardware_u -0.6746767913727448 3.244421339720071 28.549999237060547 AB 3.1832692464077295 1.0377969723128873
61820.1474 lsst_hardware_r 785.575906158048 35.63951814456309 31.520000457763672 AB 3.131529605146207 1.0295439797740955
61822.1295 lsst_hardware_i 1022.4188056401553 43.40756692591417 31.25 AB 5.291853142864687 1.03457539449945
61822.1475 lsst_hardware_z 608.1299002962838 47.517699495012984 30.950000762939453 AB 5.148660054361728 1.0290459802188665
61824.1167 lsst_hardware_r 801.60171383847 36.261458517422746 31.489999771118164 AB 6.839354209634153 1.0401268663423546
61824.1333 lsst_hardware_u 3.14703786734634 2.923474802808377 28.389999389648438 AB 7.93674818111937 1.0303116452301782
61826.1198 lsst_hardware_g 187.61776102634033 19.261587438789025 31.43000030517578 AB 7.921786226094635 1.0338383329324157
61826.1383 lsst_hardware_r 825.1414402082011 36.19894900304798 31.489999771118164 AB 8.868779637217807 1.029109468129514
61828.118 lsst_hardware_i 1089.0591816339095 44.46724572892843 31.25 AB 6.773456693117128 1.0319492200521239
61828.1369 lsst_hardware_z 633.4674716617709 48.003766311901074 30.950000762939453 AB 8.017006576769848 1.0296694807050923
61830.092 lsst_hardware_z 729.4731892326522 48.30664681896315 30.950000762939453 AB 4.412334659500017 1.048807858212507
61830.1104 lsst_hardware_r 760.5087122615365 35.53990330066115 31.489999771118164 AB 4.2915768706631265 1.0329947937569204
61832.0865 lsst_hardware_u -0.38634308989817123 2.7631706867682317 28.459999084472656 AB 6.077586164821183 1.0488542867928523
61832.1048 lsst_hardware_r 705.052747795288 35.09197365909051 31.5 AB 5.961835145454314 1.0330679510404288
61836.0886 lsst_hardware_r 799.6620772966027 53.636964130881665 31.6200008392334 AB 7.470499056406558 1.036369811293425
61836.108 lsst_hardware_z 675.2730877874894 53.40562428542526 30.959999084472656 AB 7.43565985659846 1.0290621197488443
61838.0889 lsst_hardware_y 348.7447011307669 55.45920103069224 30.059999465942383 AB 10.555358802212085 1.0328139728191785
61838.108 lsst_hardware_r 717.3300203433373 81.7147895209484 31.649999618530273 AB 10.582786383850856 1.0293788277947402
61847.0681 lsst_hardware_u -0.8484984724105055 2.6479491686679717 28.40999984741211 AB 7.156499748510646 1.0311216408775283
61847.0877 lsst_hardware_g 48.91493599802337 15.064095525309787 31.420000076293945 AB 8.37237402428239 1.0303509244417008
61851.0455 lsst_hardware_i 626.349879971694 38.84344868583329 31.25 AB 4.054833751445657 1.0379931526622415
61851.0646 lsst_hardware_z 387.83901608339823 45.666950618494695 30.950000762939453 AB 4.0266989950718575 1.0292540085812079
61853.0428 lsst_hardware_r 294.908030662784 27.628040130499105 31.5 AB 4.384998524091563 1.0359283844688878
61853.0622 lsst_hardware_g 27.077568737259018 14.817407917220828 31.420000076293945 AB 4.235371687527078 1.029043536147466
61859.0349 lsst_hardware_u 0.4242691310828282 2.659986455261913 28.3700008392334 AB 6.101793685620877 1.0312890736260276
61859.0549 lsst_hardware_g 33.00592414743637 14.476839860123489 31.389999389648438 AB 5.111000162132568 1.03033971618437
61861.0329 lsst_hardware_r 190.726973231642 25.798947706404245 31.489999771118164 AB 3.8719000240769703 1.0301259375869911
61861.0509 lsst_hardware_i 397.94357474452863 35.09257882596851 31.239999771118164 AB 5.36024859421644 1.0308170373493153
61863.0265 lsst_hardware_z 529.5049488684849 63.580604614827976 31.700000762939453 AB 6.437679200502535 1.030399615942183
61865.0161 lsst_hardware_z 128.61571964112633 50.77040892045967 30.969999313354492 AB 7.944706795656217 1.032349906851992
61865.0342 lsst_hardware_r 136.04896284318852 49.076210515118746 31.6299991607666 AB 7.84941708460543 1.0293642495056625
61867.015 lsst_hardware_i 220.29856781237817 66.18860888236001 31.329999923706055 AB 11.025180238777766 1.0305833089154766
61867.0352 lsst_hardware_z 216.57498869984374 62.47050758507351 30.979999542236328 AB 11.014016281662949 1.0310657589748862
61870.0258 lsst_hardware_g 90.73921983992332 101.66263928697042 31.739999771118164 AB 5.870934730526268 1.0306364639512444
61870.0479 lsst_hardware_r -108.20307135746344 94.47462417446067 31.65999984741211 AB 5.912502542157686 1.0467385221134258
61874.9844 lsst_hardware_z 124.4142887064576 43.76265849013451 30.959999084472656 AB 11.709901872382323 1.034809285293595
61875.0013 lsst_hardware_u -1.7453555273515793 2.8813738307751007 28.600000381469727 AB 11.699457610113683 1.0290665502782728
61876.9823 lsst_hardware_y 157.01471414656618 49.01694806559441 30.059999465942383 AB 14.744160720062641 1.0328658998292568
61876.9993 lsst_hardware_r 33.01853116235491 23.52509782117286 31.5 AB 14.720044277452129 1.0291218427274533
61878.9819 lsst_hardware_y 147.30859734210838 48.744404708265684 30.049999237060547 AB 9.645234500262085 1.0306940051573075
61878.9998 lsst_hardware_z 253.1968907008302 42.493194297233984 30.950000762939453 AB 9.53119780862483 1.0301955801867915
61881.967 lsst_hardware_y 241.39178728203137 75.52616778656014 30.079999923706055 AB 9.40005243112509 1.0337680007835268
61881.9808 lsst_hardware_r 18.006128509615618 23.75934248198784 31.510000228881836 AB 9.534922168659874 1.029161301563439
61883.9664 lsst_hardware_y 167.82420914955577 72.50496169601027 30.06999969482422 AB 9.929804371869691 1.031382235765297
61883.9837 lsst_hardware_r 31.302408525323937 23.256665834696346 31.489999771118164 AB 9.904542877077263 1.0296050185376193
61885.9658 lsst_hardware_z 158.9771218810612 60.28358554932139 30.979999542236328 AB 14.052004070361662 1.0298280740462926
61885.9827 lsst_hardware_g 38.72258658106454 14.277162696607514 31.40999984741211 AB 14.024567028775628 1.0308391788883227
61886.9634 lsst_hardware_y 82.13206532126088 66.09796648495043 30.06999969482422 AB 6.257032909564689 1.0297523817428
61886.9687 lsst_hardware_i 75.64100604718664 38.71620398609664 31.280000686645508 AB 6.270832521626819 1.0290596958567086
62111.3435 lsst_hardware_r -45.45811382435493 70.9000015258789 31.649999618530273 AB 4.473325013330306 1.0315519458850746
62113.3435 lsst_hardware_z -121.16660541816171 50.369998931884766 30.979999542236328 AB 7.595377875638711 1.029788657609052
62115.3406 lsst_hardware_z 22.642455520190722 43.40999984741211 30.950000762939453 AB 8.770240409827359 1.0293206016718148
62117.3476 lsst_hardware_r 21.72358329129053 25.940000534057617 31.540000915527344 AB 10.722030963344592 1.0303040643828885
62119.3284 lsst_hardware_r -17.77483440683588 22.309999465942383 31.489999771118164 AB 8.508776991088835 1.029524300637754
62119.3471 lsst_hardware_y -128.34097184371888 54.09000015258789 30.059999465942383 AB 8.626255424274165 1.0322046707252053
62123.3013 lsst_hardware_i -82.0591513860414 52.29999923706055 32.439998626708984 AB 5.02084745653128 1.0370794801426986
62123.3254 lsst_hardware_y -32.361415042823424 46.970001220703125 30.049999237060547 AB 5.0079375368688925 1.0291692430884642
62127.2839 lsst_hardware_u 0.006573131004802847 2.6500000953674316 28.420000076293945 AB 6.986316152774655 1.0427337541454709
62130.2818 lsst_hardware_r 16.809685389517664 22.15999984741211 31.479999542236328 AB 8.298989373680387 1.0373736717100484
62132.2622 lsst_hardware_r -4.528038015477913 22.399999618530273 31.5 AB 6.426777871187623 1.051931888237601
62132.2868 lsst_hardware_u 3.2032107787907296 2.7100000381469727 28.479999542236328 AB 6.34061281928756 1.031287410122757
62134.2821 lsst_hardware_g -5.439410444268148 45.88999938964844 31.709999084472656 AB 8.969660165778627 1.0309954213538652
62134.3041 lsst_hardware_r -23.809351736844512 41.810001373291016 31.6200008392334 AB 9.6080290661617 1.0313101434213912
62136.2819 lsst_hardware_i -34.01099145439813 73.88999938964844 31.34000015258789 AB 7.233639875088033 1.0295347542333837
62136.3027 lsst_hardware_z 68.8660422683046 65.30999755859375 30.989999771118164 AB 7.298894320047175 1.0332180293844193
62138.2556 lsst_hardware_z 147.89204382492233 71.5199966430664 30.989999771118164 AB 5.0946368737806145 1.0410674083060996
62138.2752 lsst_hardware_r -98.76561390758259 101.4800033569336 31.65999984741211 AB 4.9769798902997415 1.029790997372179
62140.2667 lsst_hardware_z 44.5896862359258 86.23999786376953 31.739999771118164 AB 2.8564399156932714 1.0306476333008376
62142.2604 lsst_hardware_r -22.249742325370118 46.61000061035156 31.6299991607666 AB 7.693568092966725 1.0309408736332042
62142.2805 lsst_hardware_z -6.767168351486553 47.41999816894531 30.969999313354492 AB 7.774622351325173 1.0306613810859708
62144.2588 lsst_hardware_r 8.612557503371562 27.889999389648438 31.559999465942383 AB 9.165162259159883 1.0297935122651554
62144.2803 lsst_hardware_y 78.3804297027562 47.099998474121094 30.049999237060547 AB 9.192976092591534 1.0329186620889363
62146.2405 lsst_hardware_g -13.98619549649825 19.690000534057617 32.189998626708984 AB 7.516056786369378 1.035638041962045
62146.2645 lsst_hardware_r -19.540456761348445 32.34000015258789 32.2599983215332 AB 6.86713424698016 1.0294010263798756
62148.2226 lsst_hardware_i 25.240824112523264 30.360000610351562 31.260000228881836 AB 5.398088632155602 1.0469527990992227
62148.2395 lsst_hardware_z -31.798009321749348 40.93000030517578 30.959999084472656 AB 5.341363523185862 1.0329459530430967
62150.2261 lsst_hardware_r 1.0833832184558336 22.43000030517578 31.489999771118164 AB 8.19986045791453 1.03823081503534
62150.2442 lsst_hardware_u -1.684928813058171 2.6600000858306885 28.440000534057617 AB 8.106308066134217 1.029437813973486
62156.2042 lsst_hardware_r 29.56287110558938 22.6200008392334 31.489999771118164 AB 9.385060245937895 1.0432481376098088
62156.2226 lsst_hardware_u 1.7764845962804556 2.609999895095825 28.3799991607666 AB 10.294106466677556 1.0307850267033667
62158.188 lsst_hardware_g 8.607295727338874 13.779999732971191 31.420000076293945 AB 10.330241464973591 1.056288909734254
62158.2067 lsst_hardware_r 31.095550141181437 22.43000030517578 31.489999771118164 AB 10.07706255905135 1.0363616556848223
62160.1877 lsst_hardware_i 3.253968985173603 33.869998931884766 31.260000228881836 AB 11.982341579213035 1.0494715637585377
