data/validation/pwv_sim_epoch_fit_4/38007161.ecsv
# %ECSV 0.9
# ---
# datatype:
# - {name: time, datatype: float64}
# - {name: band, datatype: string}
# - {name: flux, datatype: float64}
# - {name: fluxerr, datatype: float64}
# - {name: zp, datatype: float64}
# - {name: zpsys, datatype: string}
# - {name: pwv, datatype: float64}
# - {name: airmass, datatype: float64}
# meta: {SNID: '38007161', alt: 1024.0, c: -0.10354197770357132, dec: -40.620186, lat: -30.244573, lon: -70.7499537, ra: 205.488281, t0: 61082.54296875,
#   x0: 2.700521924857052e-06, x1: 0.4284088611602783, z: 0.7880952954292297}
# schema: astropy-2.0
time band flux fluxerr zp zpsys pwv airmass
[from data line 133]
61495.2529 lsst_hardware_r -38.95852871282006 26.020000457763672 31.549999237060547 AB 4.633907122823511 1.0178818501534348
61498.2334 lsst_hardware_u 2.926444597913595 2.690000057220459 28.450000762939453 AB 7.25937551142713 1.0172535311160695
61498.2451 lsst_hardware_g -7.29616419272168 14.039999961853027 31.440000534057617 AB 7.270311536528962 1.0179657710065755
61500.2222 lsst_hardware_r 4.154978922692337 22.559999465942383 31.489999771118164 AB 7.14336662540735 1.0182504930258656
61500.2344 lsst_hardware_i -54.96334866350665 30.1299991607666 31.239999771118164 AB 7.142044893871125 1.0171921136352722
61502.2287 lsst_hardware_z -19.875188735293836 40.75 30.950000762939453 AB 8.750669317106794 1.017174715990522
61502.2407 lsst_hardware_r 9.172776718882675 22.770000457763672 31.510000228881836 AB 8.80059774485845 1.019964969463989
61504.2253 lsst_hardware_u 0.8226725985595297 2.740000009536743 28.489999771118164 AB 7.4166858722194515 1.0173780345980044
61504.2375 lsst_hardware_r -30.988923896571986 22.780000686645508 31.5 AB 7.656956944572731 1.0209275926096975
61510.2119 lsst_hardware_r -18.918319624573623 29.309999465942383 31.56999969482422 AB 10.261541494051153 1.0178754292472378
61510.2229 lsst_hardware_z 23.594746999496135 42.279998779296875 30.959999084472656 AB 10.249873839409732 1.0217857884704327
61512.2002 lsst_hardware_y -38.05574209308151 70.0199966430664 30.809999465942383 AB 13.917643278651754 1.017111358837414
61514.1973 lsst_hardware_r 7.684630781633686 100.04000091552734 31.670000076293945 AB 9.134325064895156 1.0172987041870445
61514.2087 lsst_hardware_i 97.76549797128034 80.4000015258789 31.34000015258789 AB 9.162340885474961 1.0202768169566505
61517.1978 lsst_hardware_z 9.029729699151092 86.43000030517578 31.010000228881836 AB 9.31442504726525 1.0192509763380477
61517.2106 lsst_hardware_r 203.19839950888624 126.7300033569336 31.670000076293945 AB 8.568572773833319 1.025869233622666
61519.198 lsst_hardware_z 73.98672464654723 60.279998779296875 30.989999771118164 AB 8.07669966769687 1.0216234598484482
61519.2097 lsst_hardware_r 39.65789238961122 79.3499984741211 31.65999984741211 AB 8.32964372779335 1.029325336053867
61521.1851 lsst_hardware_i 5.560585833436759 44.619998931884766 31.309999465942383 AB 6.5386074904958 1.01868625215451
61521.1971 lsst_hardware_z -16.105995247540775 47.86000061035156 30.969999313354492 AB 6.568622713488759 1.0241735972072958
61523.1848 lsst_hardware_r -61.38428407847698 42.02000045776367 32.31999969482422 AB 2.285553890068978 1.0205643626118046
61523.1976 lsst_hardware_z -40.9385971957089 60.75 31.709999084472656 AB 2.3076779022649823 1.0283769617937353
61525.1894 lsst_hardware_g 13.802297108108704 14.270000457763672 31.43000030517578 AB 11.351468971625991 1.026322501277176
61525.2018 lsst_hardware_r -19.95042905188568 23.020000457763672 31.5 AB 11.402413158036365 1.0373295773203168
61527.1948 lsst_hardware_i 14.057003594726702 30.670000076293945 31.260000228881836 AB 8.156319773829404 1.0357231458830989
61527.2062 lsst_hardware_z -58.02411071917679 41.22999954223633 30.950000762939453 AB 8.265809751737011 1.0492935260853076
61529.1353 lsst_hardware_i -59.270498280853765 30.520000457763672 31.260000228881836 AB 10.284633691728333 1.021001549515127
61529.1474 lsst_hardware_z -22.06477948771027 40.83000183105469 30.950000762939453 AB 10.265296257989647 1.017415280577128
61534.1339 lsst_hardware_g -12.561711845241925 14.369999885559082 31.450000762939453 AB 7.732210823529923 1.0173961609907793
61534.1456 lsst_hardware_i -3.3159179759412942 30.489999771118164 31.260000228881836 AB 7.734734294151118 1.0177281965988314
61536.1257 lsst_hardware_z 34.501160329951915 40.83000183105469 30.950000762939453 AB 7.878163610831331 1.0178505957146422
61536.1371 lsst_hardware_r 29.751629712070127 22.950000762939453 31.510000228881836 AB 7.872541616954302 1.0172885306999582
61540.1295 lsst_hardware_y -87.15032905716093 69.0199966430664 30.809999465942383 AB 7.007434684519535 1.0177828154712851
61542.1248 lsst_hardware_r 197.31019878253488 85.52999877929688 31.670000076293945 AB 8.717111432339275 1.0179379263547936
61542.1375 lsst_hardware_i 75.4046710745794 71.11000061035156 31.34000015258789 AB 8.387296267772609 1.0228410082649524
61546.0923 lsst_hardware_z 21.599717752256897 109.79000091552734 31.75 AB 7.253356269206705 1.0195890173189368
61546.1015 lsst_hardware_i 6.316729574207604 129.35000610351562 32.099998474121094 AB 7.256097446010227 1.0173525418531248
61550.1055 lsst_hardware_y -68.04839111780126 48.18000030517578 30.059999465942383 AB 5.820280322028309 1.0185702765690492
61550.1171 lsst_hardware_g -45.345210037496805 46.439998626708984 31.709999084472656 AB 5.862095416628037 1.0236785849345902
61552.1 lsst_hardware_r -3.7254056244087295 22.559999465942383 31.5 AB 6.3150692660594325 1.018559559041844
61552.1123 lsst_hardware_i 37.87865716265259 30.399999618530273 31.260000228881836 AB 6.262597372626146 1.0240811140236803
61558.0019 lsst_hardware_z -79.52020639395298 41.880001068115234 30.950000762939453 AB 11.585686173007911 1.0889143932775123
61558.0155 lsst_hardware_r -16.55065952834036 22.84000015258789 31.5 AB 11.316011902572813 1.0632767955060909
61563.0881 lsst_hardware_u 3.7735215055189264 2.740000009536743 28.489999771118164 AB 4.419036524163158 1.028161127073792
61563.0998 lsst_hardware_g -18.6409552763755 13.770000457763672 31.420000076293945 AB 4.43692137211937 1.039253912894918
61572.0888 lsst_hardware_r 32.64438658558915 94.69000244140625 31.65999984741211 AB 8.38481438778231 1.0572203237652433
61572.1015 lsst_hardware_i 12.97809684348573 79.27999877929688 31.329999923706055 AB 8.581559283869314 1.0793395948645281
61574.0313 lsst_hardware_r -252.42793873377792 107.66000366210938 31.670000076293945 AB 5.13145299738273 1.0171363721273994
61574.045 lsst_hardware_i -5.294195714147584 84.9000015258789 31.34000015258789 AB 5.805041212879179 1.0203376868196354
61576.025 lsst_hardware_z 47.33102905207824 60.369998931884766 30.989999771118164 AB 3.559866936855212 1.0171048391014892
61576.0368 lsst_hardware_r -12.98937609978633 84.54000091552734 31.65999984741211 AB 3.6330961510878295 1.0192919155768716
61578.0151 lsst_hardware_u 2.1754874165359395 5.28000020980835 28.93000030517578 AB 3.134153395801663 1.0172519947425067
61578.0272 lsst_hardware_g -25.35922238269272 36.290000915527344 31.690000534057617 AB 3.153556770491446 1.0180974238874554
61580.0241 lsst_hardware_r -0.7970068775479523 22.40999984741211 31.5 AB 4.098829239046033 1.0187223161541028
61580.0364 lsst_hardware_z -8.916265408745545 40.709999084472656 30.950000762939453 AB 4.18172626596902 1.0244307363961345
61585.0163 lsst_hardware_g 11.25159704067151 13.8100004196167 31.43000030517578 AB 4.670041114184293 1.0209227823766622
61585.0284 lsst_hardware_r 37.23172081029445 22.459999084472656 31.489999771118164 AB 4.531803047744335 1.0284554073215257
61587.013 lsst_hardware_i 8.783468495013574 30.139999389648438 31.25 AB 8.359470572302861 1.0219714016079786
61587.0257 lsst_hardware_z 90.76491496223599 40.81999969482422 30.950000762939453 AB 8.41090524324005 1.0307481915735355
61597.9941 lsst_hardware_z -5.601507603304505 53.27000045776367 30.979999542236328 AB 10.919613820434197 1.0294238812570538
61598.0054 lsst_hardware_r 4.039497408946084 59.91999816894531 31.639999389648438 AB 10.092632958516628 1.0405849013832669
61599.9919 lsst_hardware_i 41.76996260058113 65.70999908447266 31.329999923706055 AB 8.90845737706664 1.0322662082348366
61600.0038 lsst_hardware_z 38.89015758509809 61.06999969482422 30.979999542236328 AB 7.262809118541238 1.0452591679358552
