data/validation/pwv_sim_epoch_fit_4/38082763.ecsv
# %ECSV 0.9
# ---
# datatype:
# - {name: time, datatype: float64}
# - {name: band, datatype: string}
# - {name: flux, datatype: float64}
# - {name: fluxerr, datatype: float64}
# - {name: zp, datatype: float64}
# - {name: zpsys, datatype: string}
# - {name: pwv, datatype: float64}
# - {name: airmass, datatype: float64}
# meta: {SNID: '38082763', alt: 1024.0, c: -0.10076489299535751, dec: -20.264481, lat: -30.244573, lon: -70.7499537, ra: 153.632812, t0: 60727.11328125,
#   x0: 3.000617676292787e-06, x1: 1.108176827430725, z: 0.7549247741699219}
# schema: astropy-2.0
time band flux fluxerr zp zpsys pwv airmass
[from data line 133]
61090.229 lsst_hardware_u 3.6747408470870235 2.859999895095825 28.579999923706055 AB 2.6730920032867833 1.0210760477301097
61090.2471 lsst_hardware_g 6.558517117934488 14.25 31.450000762939453 AB 2.7139152344744324 1.0383886367277744
61092.1691 lsst_hardware_g -0.775971182852909 14.029999732971191 31.43000030517578 AB 6.3758082446018225 1.0358746132578103
61092.1867 lsst_hardware_r -63.82657811695137 22.6299991607666 31.5 AB 6.166740972024752 1.0201391186145166
61094.169 lsst_hardware_i -41.15816864968234 30.260000228881836 31.25 AB 11.368342444257118 1.0299277445422286
61094.1878 lsst_hardware_r 13.895444398218482 22.610000610351562 31.5 AB 11.298843699305186 1.0169976327007368
61096.1954 lsst_hardware_z -56.693240603752535 40.75 30.950000762939453 AB 9.527811272989561 1.0150186899724325
61096.2125 lsst_hardware_g 7.667749620394269 14.109999656677246 31.43000030517578 AB 8.678495306309797 1.0209994478011526
61101.1608 lsst_hardware_z 25.002151786612103 102.19999694824219 31.75 AB 3.39082733313269 1.0209491405743891
61103.1928 lsst_hardware_r 12.074761157752013 127.77999877929688 31.670000076293945 AB 6.5798308568518244 1.0206298994625513
61103.2119 lsst_hardware_z -100.8721081834278 85.19999694824219 31.0 AB 5.807389093103833 1.0387650416951764
61107.1915 lsst_hardware_g -72.46209072777764 54.689998626708984 31.719999313354492 AB 11.04884264015028 1.0281579751215875
61107.2116 lsst_hardware_r -9.003512742633417 54.41999816894531 31.6299991607666 AB 11.381486282120715 1.0546062374364784
61109.1264 lsst_hardware_r -9.226574002070763 29.6299991607666 31.559999465942383 AB 10.825332607388056 1.031639066777769
61109.1446 lsst_hardware_i -27.538193744295068 35.349998474121094 31.280000686645508 AB 10.738574616814455 1.0179065326058758
61111.1261 lsst_hardware_z 6.568891950247904 41.13999938964844 30.950000762939453 AB 8.422227402737077 1.0265792669664355
61111.1452 lsst_hardware_r -4.536843280913149 22.940000534057617 31.5 AB 8.34589536337804 1.0158306558528907
61116.1256 lsst_hardware_r 3.5717744453556426 22.809999465942383 31.5 AB 8.37058884535616 1.0178554607516233
61116.1466 lsst_hardware_u -5.7744419361586905 2.75 28.489999771118164 AB 8.263924720211344 1.0159522245931212
61118.1077 lsst_hardware_g -1.3410940864032965 14.119999885559082 31.440000534057617 AB 8.372202561451466 1.0259528285669237
61118.1265 lsst_hardware_r -9.837887600195835 22.729999542236328 31.5 AB 7.210179644590697 1.0157328512489758
61120.1521 lsst_hardware_i 38.83924985985302 30.239999771118164 31.239999771118164 AB 5.288810934582013 1.0247151241621726
61120.1709 lsst_hardware_z -5.803790297325007 41.04999923706055 30.940000534057617 AB 5.545411821766995 1.0463041173145275
61122.1507 lsst_hardware_r -25.855311798957356 22.760000228881836 31.5 AB 7.664299822198647 1.0283049850892638
61122.1699 lsst_hardware_u -2.350882193020632 2.740000009536743 28.469999313354492 AB 7.23311600900157 1.0533536256601113
61128.142 lsst_hardware_y -150.68297059758638 73.16000366210938 30.809999465942383 AB 6.833893067198406 1.0366949434463764
61130.0681 lsst_hardware_z -54.7066347662405 73.8499984741211 30.989999771118164 AB 4.932690440347748 1.0326817509756503
61130.0866 lsst_hardware_r 76.39619999065637 105.93000030517578 31.65999984741211 AB 5.254781297415285 1.0182040298560215
61133.0687 lsst_hardware_i -28.543495461650956 77.95999908447266 31.34000015258789 AB 6.334171652942843 1.024325312786352
61133.0879 lsst_hardware_z -61.22186340659222 68.30000305175781 30.989999771118164 AB 7.124774475097818 1.0152867082433656
61135.0667 lsst_hardware_r -18.41384053943922 60.56999969482422 31.649999618530273 AB 7.99487233814958 1.0217742140903037
61135.0846 lsst_hardware_z -58.51640480590219 51.47999954223633 30.969999313354492 AB 7.151640575332496 1.0150410051567003
61137.0662 lsst_hardware_g 101.23891414176208 27.559999465942383 31.649999618530273 AB 11.0261253101546 1.0188306874815694
61137.0854 lsst_hardware_i -54.64952253421314 38.63999938964844 31.290000915527344 AB 10.421732594960632 1.015202707565079
61139.0634 lsst_hardware_z 83.8132471493231 40.810001373291016 30.950000762939453 AB 7.791550394351659 1.0175943572432022
61139.0828 lsst_hardware_r -5.559261228538375 22.610000610351562 31.5 AB 7.768311177439555 1.0157089294741077
61142.0559 lsst_hardware_u -2.352320260659361 2.819999933242798 28.56999969482422 AB 6.507997652255372 1.017311759311481
61142.0722 lsst_hardware_g 0.5016122443833031 13.930000305175781 31.450000762939453 AB 6.329665313772915 1.015264305681757
61148.0836 lsst_hardware_z -50.417554416214955 40.81999969482422 30.950000762939453 AB 11.66488007123527 1.0322902717907319
61148.1007 lsst_hardware_r 18.403505271838352 22.530000686645508 31.5 AB 11.937375431961536 1.0564049054833218
61152.0805 lsst_hardware_i 15.979779748381835 30.229999542236328 31.25 AB 9.779628689783186 1.0419563551220654
61152.0978 lsst_hardware_z -32.6510192595885 41.439998626708984 30.950000762939453 AB 9.875698304414296 1.0716593689229144
61154.0137 lsst_hardware_z -30.635982344566855 43.06999969482422 30.950000762939453 AB 9.039537598268259 1.0225528476010926
61154.0302 lsst_hardware_r 10.157080614480767 33.16999816894531 31.579999923706055 AB 8.952428959627063 1.015340788948876
61156.0192 lsst_hardware_y 226.73036297120748 71.01000213623047 30.809999465942383 AB 11.794230078471246 1.016743972282004
61159.9954 lsst_hardware_z 12.534472173478376 66.19000244140625 30.989999771118164 AB 11.50792052307994 1.0239881823888424
61160.0137 lsst_hardware_r 206.8633618123193 95.44999694824219 31.670000076293945 AB 10.965885771762848 1.0153597936817451
61167.0382 lsst_hardware_r 0.4061166145254923 22.739999771118164 31.5 AB 6.705426352182613 1.0401385241234664
61167.0556 lsst_hardware_u -0.6690066641008442 2.7300000190734863 28.459999084472656 AB 6.778781360590615 1.0691241007161287
61168.966 lsst_hardware_y 34.566296949593934 50.529998779296875 30.059999465942383 AB 8.990960312161208 1.0281650124450572
61168.9779 lsst_hardware_g 1.3527548958542508 13.899999618530273 31.420000076293945 AB 8.932579373521815 1.0193129752972785
61170.9715 lsst_hardware_z -18.848015986913126 41.0099983215332 30.950000762939453 AB 7.667376367541904 1.0198352498974963
61170.99 lsst_hardware_i -66.95824541659475 30.09000015258789 31.260000228881836 AB 7.6133512667848375 1.0149781718150697
61173.971 lsst_hardware_y -0.5955660206512907 47.400001525878906 30.049999237060547 AB 7.373186659261495 1.0164304741193129
61173.9904 lsst_hardware_r 10.563301041898113 22.399999618530273 31.5 AB 7.356699314482724 1.0165867316189854
61175.954 lsst_hardware_y -80.98459522649317 70.33999633789062 30.06999969482422 AB 7.798354430582234 1.0222881053854795
61175.9725 lsst_hardware_r -22.677188412398205 22.649999618530273 31.5 AB 7.503258840257954 1.0150512500348963
61182.9612 lsst_hardware_z -130.49872808073906 82.61000061035156 31.729999542236328 AB 1.9145676895626818 1.0154164357268614
