data/validation/pwv_sim_epoch_fit_4/38161299.ecsv
# %ECSV 0.9
# ---
# datatype:
# - {name: time, datatype: float64}
# - {name: band, datatype: string}
# - {name: flux, datatype: float64}
# - {name: fluxerr, datatype: float64}
# - {name: zp, datatype: float64}
# - {name: zpsys, datatype: string}
# - {name: pwv, datatype: float64}
# - {name: airmass, datatype: float64}
# meta: {SNID: '38161299', alt: 1024.0, c: -0.06407180428504944, dec: -60.056278, lat: -30.244573, lon: -70.7499537, ra: 356.388885, t0: 63021.14453125,
#   x0: 2.4548511649272273e-05, x1: -0.5260829329490662, z: 0.3141162097454071}
# schema: astropy-2.0
time band flux fluxerr zp zpsys pwv airmass
63036.4307 lsst_hardware_r 3957.115147166087 67.45021755332057 31.479999542236328 AB 3.0127117386692537 1.1526763443448236
63036.4431 lsst_hardware_y 480.08079923629634 76.52247428973774 30.030000686645508 AB 3.018161715486277 1.1504698257944803
63040.3456 lsst_hardware_r 2934.5350753217067 58.903669309991436 31.450000762939453 AB 4.26201704549577 1.2437490466172816
63040.3731 lsst_hardware_y 498.96269435375274 53.356194205832495 30.0 AB 4.091930782602598 1.1934176544229234
63044.4455 lsst_hardware_z 2027.6626915109912 77.68578561292084 30.969999313354492 AB 8.22452622864214 1.156293960959148
63046.4202 lsst_hardware_u 16.124810332759612 4.126042415536179 28.329999923706055 AB 2.319270102520445 1.150526714768307
63046.4341 lsst_hardware_y 597.0265959768473 55.47172995374061 30.010000228881836 AB 2.3230032915139436 1.1536185854233056
63048.4353 lsst_hardware_r 1678.548097755712 47.34933244690099 31.469999313354492 AB 10.881591672070972 1.156672749750712
63051.4207 lsst_hardware_i 2358.5232604806756 80.90265527163076 31.299999237060547 AB 6.640772169881475 1.1537130246493181
63051.4331 lsst_hardware_z 1901.6443946777981 73.53610150383541 30.959999084472656 AB 6.644751141945307 1.1603005442781904
63053.4277 lsst_hardware_r 1459.6385295769196 91.33759183953944 31.6299991607666 AB 6.11760460092099 1.1603403861579005
63053.4403 lsst_hardware_z 1789.4376583445937 79.40864471164276 30.969999313354492 AB 6.115214123978733 1.1707680321597764
63061.4247 lsst_hardware_r 810.7157947052808 36.8839423109418 31.479999542236328 AB 8.112578841376902 1.177357062822224
63061.4372 lsst_hardware_i 1536.6716511566242 52.82657267703992 31.25 AB 8.223847948729011 1.1935052534255337
63063.3773 lsst_hardware_z 1078.4879902225937 53.59759242591661 30.940000534057617 AB 3.839362764011767 1.1508881187085633
63063.3888 lsst_hardware_i 1259.52149219739 47.686496967077105 31.229999542236328 AB 3.943785067851223 1.1540533752978608
63066.4329 lsst_hardware_u 6.735232252751257 4.350557049488275 28.56999969482422 AB 3.7687554114010777 1.2082571449856514
63068.4263 lsst_hardware_r 623.0470635296764 33.81708488729436 31.459999084472656 AB 7.516652274876304 1.2063316120809346
63068.4395 lsst_hardware_i 1147.1467383756774 53.15580070097039 31.260000228881836 AB 7.718719350462887 1.2308594084616309
63070.4018 lsst_hardware_i 1060.9501045266525 44.51540174913514 31.229999542236328 AB 6.068889456411702 1.1792838389918294
63070.4136 lsst_hardware_z 855.3956824303596 51.0103949185161 30.93000030517578 AB 6.101591342911202 1.1949260891870164
63071.1944 lsst_hardware_i 1936.0475046582364 64.20158494503603 31.940000534057617 AB 8.109471363866959 1.4728426015014455
63071.2079 lsst_hardware_z 684.8871282558446 52.65310540669084 30.920000076293945 AB 7.784956884624963 1.4112983444949625
63078.2549 lsst_hardware_r 1187.279572343555 92.46141797856056 32.349998474121094 AB 4.369734322423642 1.2172244450679843
63078.2689 lsst_hardware_y 547.7348800142792 75.65031365038092 30.739999771118164 AB 4.2664924422101675 1.1940924831262714
63080.379 lsst_hardware_i 901.4905451306215 78.53235168819737 31.299999237060547 AB 2.208718636239778 1.1848289510450307
63080.391 lsst_hardware_z 666.5608039124204 69.99411847379449 30.959999084472656 AB 2.2572761529784775 1.2021708608087045
63082.3966 lsst_hardware_z 430.29660413088567 68.5136371680997 30.959999084472656 AB 2.515268130407296 1.2215969550302552
63082.4092 lsst_hardware_r 676.3446804882318 90.85188201050393 31.600000381469727 AB 2.4348839078113995 1.248018404823885
63086.3438 lsst_hardware_i 785.3473776347706 48.89931131315 31.260000228881836 AB 2.966066193917841 1.1649906496142344
63086.3551 lsst_hardware_z 519.2523404027474 51.516978839841805 30.940000534057617 AB 2.9278734813170146 1.1758528037417728
63092.1063 lsst_hardware_r -19.70872120407661 23.959999084472656 31.3799991607666 AB 6.038706442481001 1.6521768652478797
63096.3694 lsst_hardware_g -1.01158390392601 13.4399995803833 31.360000610351562 AB 5.1445551440599075 1.244449720382174
63096.3805 lsst_hardware_r 8.428539841410178 22.940000534057617 31.459999084472656 AB 3.0689653294238504 1.2712317553705974
63101.3139 lsst_hardware_u 0.4447336702251067 2.549999952316284 28.299999237060547 AB 2.3825230494927383 1.1755870309997063
63101.326 lsst_hardware_r 17.644077324766315 22.540000915527344 31.459999084472656 AB 2.3954142861730183 1.1906623906087408
63107.3064 lsst_hardware_i -53.91633219641823 50.720001220703125 31.290000915527344 AB 8.272004167526264 1.1862905732864282
63107.318 lsst_hardware_z -9.22027795443764 51.720001220703125 30.950000762939453 AB 8.414799095395553 1.2033318136774729
63111.0379 lsst_hardware_i -50.170086439665646 117.7300033569336 31.940000534057617 AB 2.8443649824092017 1.7766177279257975
63111.0483 lsst_hardware_r -23.91927070586035 143.5 32.22999954223633 AB 2.2908666726287055 1.6956822151211735
63112.3075 lsst_hardware_r -85.8514984486576 75.83000183105469 31.600000381469727 AB 1.9289021661871193 1.208585317159849
63112.3191 lsst_hardware_i -91.29111276890777 61.869998931884766 31.290000915527344 AB 1.9408115420608574 1.2303084260288275
63117.2979 lsst_hardware_z 21.44062292982115 45.34000015258789 30.93000030517578 AB 3.404077552475925 1.2157419830271161
63117.3097 lsst_hardware_r -17.86387740458065 32.41999816894531 31.520000457763672 AB 3.4699016527192192 1.239250590256864
63122.296 lsst_hardware_r 16.794908163152165 22.579999923706055 31.450000762939453 AB 3.3884506338140126 1.2391481564506845
63122.3086 lsst_hardware_u -1.149771457985949 2.450000047683716 28.18000030517578 AB 3.4326600828533795 1.2688883034297678
63124.193 lsst_hardware_r 53.18695326652933 22.229999542236328 31.469999313354492 AB 1.2263589860006565 1.151961474130335
63124.2048 lsst_hardware_u 3.177537620760511 2.569999933242798 28.329999923706055 AB 1.1418369192970375 1.1504654098716702
63126.1976 lsst_hardware_g -9.002579646683834 13.210000038146973 31.3700008392334 AB 0.9418664395318407 1.1504883219035686
63126.2092 lsst_hardware_r 10.373657608599364 22.329999923706055 31.469999313354492 AB 2.015774081907133 1.151651541748641
63133.2673 lsst_hardware_g -15.48502635925811 13.1899995803833 31.31999969482422 AB 5.0310081399771125 1.2420708900079283
63133.2792 lsst_hardware_i -10.514760115641211 32.150001525878906 31.209999084472656 AB 5.172948624645669 1.2705264950619548
63137.2474 lsst_hardware_r -8.210396634538856 71.7300033569336 31.600000381469727 AB 4.58549839761341 1.223479283409746
63137.2591 lsst_hardware_z -63.290067891707515 58.310001373291016 30.950000762939453 AB 4.178727053570834 1.2481884961131582
63141.0743 lsst_hardware_z -35.170151928606046 84.05000305175781 31.709999084472656 AB 5.98799956729861 1.2341937583962472
63143.2176 lsst_hardware_r 65.62185871167942 55.209999084472656 31.59000015258789 AB 3.141990286513205 1.1999962902023698
63143.2292 lsst_hardware_i -119.96293163699833 48.4900016784668 31.270000457763672 AB 3.2019108234675677 1.2200079342608372
63145.1845 lsst_hardware_i 52.86331656955274 37.779998779296875 31.25 AB 5.646056824201418 1.1665406661573179
63145.1966 lsst_hardware_z -23.552674028201274 46.349998474121094 30.940000534057617 AB 5.58877651183568 1.1788180788516514
63147.186 lsst_hardware_i 3.5491477744089335 30.979999542236328 31.229999542236328 AB 4.780651665359799 1.1731660528490304
63147.1979 lsst_hardware_u 3.0633153614438653 2.5399999618530273 28.290000915527344 AB 4.782711038746043 1.1872679450755588
63149.1402 lsst_hardware_g -16.574303914200254 12.970000267028809 31.350000381469727 AB 3.5990002831461094 1.1506675032039355
63149.1506 lsst_hardware_r 23.36668211521957 22.09000015258789 31.459999084472656 AB 3.659433729326154 1.1528498792868092
63151.2202 lsst_hardware_r 17.573885338908916 22.450000762939453 31.440000534057617 AB 6.8566603495094185 1.2466655180926216
63151.2327 lsst_hardware_u -3.016929054818078 2.5 28.229999542236328 AB 7.026221178109276 1.277494759656232
63155.1786 lsst_hardware_r -18.86470807303322 22.59000015258789 31.459999084472656 AB 9.048068177877653 1.1907572478919517
63155.1903 lsst_hardware_i -15.961271276875983 31.6299991607666 31.229999542236328 AB 9.157265639777814 1.208973052680996
63159.1609 lsst_hardware_i -57.219035147172924 31.260000228881836 31.219999313354492 AB 3.9131140752618965 1.181852635234641
63159.1725 lsst_hardware_u -2.259146574747767 2.559999942779541 28.299999237060547 AB 2.749408257720293 1.1978252647637935
63163.1592 lsst_hardware_i -36.84029510908552 40.220001220703125 31.260000228881836 AB 3.374405030270816 1.194268281816028
63163.1699 lsst_hardware_r -40.744760724876166 39.61000061035156 31.559999465942383 AB 2.8541595867690326 1.2114857996267536
63166.1612 lsst_hardware_r -60.26402299885689 65.47000122070312 31.600000381469727 AB 4.369257109674462 1.2105999842090405
63166.1719 lsst_hardware_i 91.82808592054863 55.540000915527344 31.280000686645508 AB 3.0442943971675622 1.2308467913076397
63168.1607 lsst_hardware_z 90.91938742562677 61.150001525878906 30.959999084472656 AB 3.502643651623454 1.2195834441585842
63168.1714 lsst_hardware_r 39.372152694067324 83.91999816894531 31.600000381469727 AB 2.6912872653015536 1.2413686648069895
63170.1678 lsst_hardware_z -19.539860572857933 84.25 31.709999084472656 AB 4.30883798681827 1.2455088847571896
63181.069 lsst_hardware_r 15.731173397691562 22.270000457763672 31.459999084472656 AB 4.003208332045651 1.1551603901444671
63181.0822 lsst_hardware_i 16.786728419446106 30.8700008392334 31.229999542236328 AB 4.064934600088988 1.1632933130083911
63183.0709 lsst_hardware_z -45.51994989637362 42.58000183105469 30.93000030517578 AB 5.0265530442502415 1.159193553012451
63183.0819 lsst_hardware_u -2.7453718758321024 2.5399999618530273 28.290000915527344 AB 5.116404401163436 1.1675957099870915
63186.0546 lsst_hardware_r 19.287749316735063 22.510000228881836 31.469999313354492 AB 6.898347600781542 1.15482507755613
63186.0666 lsst_hardware_g -0.8077096577704197 13.380000114440918 31.3700008392334 AB 6.952062176470192 1.1618398155763634
63187.0526 lsst_hardware_r 32.04238512014676 22.450000762939453 31.469999313354492 AB 4.307579542928097 1.1551567559477536
63187.0653 lsst_hardware_i -3.6023642057176097 30.90999984741211 31.229999542236328 AB 4.267560912354996 1.1629023536630547
63189.0492 lsst_hardware_z -22.05531174863276 42.83000183105469 30.940000534057617 AB 5.463813395785665 1.1561587153839983
63189.0616 lsst_hardware_i -11.891120526981565 31.670000076293945 31.229999542236328 AB 5.481224997478724 1.164277621866804
63193.0539 lsst_hardware_r -37.69728505527953 45.29999923706055 31.59000015258789 AB 7.967795332689462 1.1669865741379692
63193.0673 lsst_hardware_i 71.05352124541383 43.040000915527344 31.280000686645508 AB 8.05587673709738 1.1809538572304124
