data/validation/pwv_sim_epoch_fit_4/38239884.ecsv
# %ECSV 0.9
# ---
# datatype:
# - {name: time, datatype: float64}
# - {name: band, datatype: string}
# - {name: flux, datatype: float64}
# - {name: fluxerr, datatype: float64}
# - {name: zp, datatype: float64}
# - {name: zpsys, datatype: string}
# - {name: pwv, datatype: float64}
# - {name: airmass, datatype: float64}
# meta: {SNID: '38239884', alt: 1024.0, c: 0.0736793577671051, dec: -22.185358, lat: -30.244573, lon: -70.7499537, ra: 36.210938, t0: 60576.83203125,
#   x0: 4.888270420866427e-06, x1: 0.08235117048025131, z: 0.6193476319313049}
# schema: astropy-2.0
time band flux fluxerr zp zpsys pwv airmass
[from data line 133]
60956.2245 lsst_hardware_y -146.39910489317205 82.3499984741211 30.81999969482422 AB 3.3972916225450094 1.0212299466574517
60958.2026 lsst_hardware_r 75.50771468839034 65.20999908447266 31.639999389648438 AB 3.560945298435985 1.0399957063190466
60958.2198 lsst_hardware_i 10.831216324056705 54.04999923706055 31.309999465942383 AB 2.696059095647366 1.0205901939359914
60964.2458 lsst_hardware_i 12.933365332160296 30.31999969482422 31.260000228881836 AB 7.222385759109764 1.0151285370687768
60964.2638 lsst_hardware_z 1.9797258174133596 41.06999969482422 30.950000762939453 AB 7.513968105124326 1.0307697798423787
60966.243 lsst_hardware_r 20.53359672730213 22.6299991607666 31.510000228881836 AB 5.149401734850328 1.0167473602337136
60966.261 lsst_hardware_u -0.156009705433338 2.819999933242798 28.549999237060547 AB 5.312371846509034 1.0340383156221966
60973.1837 lsst_hardware_z -9.043949829522342 40.779998779296875 30.950000762939453 AB 4.657968226261171 1.0169681188278308
60973.2017 lsst_hardware_r -27.335096832087526 22.600000381469727 31.5 AB 4.622217472144094 1.0103575661359088
60977.1653 lsst_hardware_i -41.717844014561614 32.689998626708984 31.270000457763672 AB 2.9140106216328254 1.0228785894691952
60977.1826 lsst_hardware_z -37.89689197216713 41.5099983215332 30.950000762939453 AB 2.1414864153129964 1.0120446197128394
60990.1284 lsst_hardware_r 7.488244561978186 22.290000915527344 31.489999771118164 AB 2.702523540328208 1.0242004321601235
60990.1472 lsst_hardware_u -1.5808968753810277 2.619999885559082 28.40999984741211 AB 2.97396279899099 1.0120109343203203
60994.1188 lsst_hardware_i 32.97394417861794 30.040000915527344 31.25 AB 4.296403195445594 1.0229531417727604
60994.136 lsst_hardware_z 29.84845407807409 40.540000915527344 30.950000762939453 AB 4.238191198371958 1.0121053608052435
60996.1752 lsst_hardware_r -28.351974094028193 22.290000915527344 31.5 AB 2.4258996294455084 1.029341096613338
60996.1963 lsst_hardware_u -3.241093926975324 2.6500000953674316 28.420000076293945 AB 2.537124771385108 1.0615584817510912
60997.0149 lsst_hardware_y 58.547996871566696 76.33999633789062 29.979999542236328 AB 9.994494830886664 1.3169278691420976
60997.0314 lsst_hardware_u -5.316550550329218 3.190000057220459 28.479999542236328 AB 9.296680290269707 1.2276086478634238
60998.1114 lsst_hardware_u 0.5997522784393634 2.6500000953674316 28.440000534057617 AB 4.506018624594859 1.019922730781996
60998.1321 lsst_hardware_g -2.2042514304061585 13.609999656677246 31.43000030517578 AB 4.838271606061657 1.0104819129566225
61000.1106 lsst_hardware_r 23.803292634387034 22.09000015258789 31.489999771118164 AB 3.3114406662698825 1.0165589152016121
61000.1316 lsst_hardware_z 15.99806317836712 40.29999923706055 30.950000762939453 AB 2.874306315216599 1.0103009895313178
61003.0537 lsst_hardware_r -3.973676351981547 32.27000045776367 32.25 AB 8.265883681601741 1.0908217588881304
61003.0647 lsst_hardware_u -6.7910312563455815 3.9200000762939453 29.239999771118164 AB 8.005226876427399 1.0659423270875366
61005.1008 lsst_hardware_g -29.32329899892871 16.170000076293945 31.489999771118164 AB 3.568316722357661 1.01432667697008
61005.1217 lsst_hardware_r 6.802732365977593 23.350000381469727 31.510000228881836 AB 3.66292427966436 1.0106942137495067
61006.024 lsst_hardware_y 2.702567206027256 61.349998474121094 30.030000686645508 AB 5.604274515818735 1.1561760824836216
61006.0417 lsst_hardware_i -18.931567967963826 32.939998626708984 31.260000228881836 AB 3.964723604185515 1.1007006119339175
61007.0841 lsst_hardware_i 30.45681689550722 34.61000061035156 31.280000686645508 AB 3.9124129325799792 1.022229472020659
61007.1012 lsst_hardware_z 32.04724776040516 42.56999969482422 30.959999084472656 AB 3.926396794533111 1.0118710062366283
61010.0747 lsst_hardware_z -15.18923342801321 54.45000076293945 30.979999542236328 AB 8.500150025824857 1.023333603975839
61010.0943 lsst_hardware_r 39.247956564221575 65.37000274658203 31.649999618530273 AB 8.986248681679037 1.0114808432539648
61014.0779 lsst_hardware_r 37.99578571908367 83.7699966430664 31.65999984741211 AB 1.5151954225371207 1.0135086438371181
61014.0976 lsst_hardware_z -14.699438212469554 61.81999969482422 30.989999771118164 AB 3.7776042915497356 1.0107753188235111
61016.0652 lsst_hardware_r 33.11022785768481 21.969999313354492 31.479999542236328 AB 4.562637227266201 1.017707517373825
61016.0836 lsst_hardware_u -3.5189449221349816 5.429999828338623 28.940000534057617 AB 5.846235920606022 1.0104106326659499
61019.0636 lsst_hardware_g 8.078741160774202 13.390000343322754 31.40999984741211 AB 7.335359587825842 1.013813015305616
61019.0828 lsst_hardware_r 10.890661050368662 21.93000030517578 31.489999771118164 AB 7.7214838764556974 1.0105882678838698
61021.1089 lsst_hardware_i 9.189738767945324 30.079999923706055 31.25 AB 12.767549180218637 1.0316377812069961
61021.1277 lsst_hardware_z 27.082816463037986 41.31999969482422 30.940000534057617 AB 12.481262999705375 1.0609033765872948
61023.0448 lsst_hardware_y -168.09179171448827 48.459999084472656 30.059999465942383 AB 8.047223546857682 1.0186358920073013
61023.063 lsst_hardware_r -9.814632589814627 22.149999618530273 31.5 AB 7.983646236646992 1.0105881312211382
61025.0461 lsst_hardware_y -46.930324159954544 48.47999954223633 30.059999465942383 AB 10.138989558205452 1.0143704708855832
61025.0641 lsst_hardware_g -1.2393298825845331 13.399999618530273 31.40999984741211 AB 10.101359199038628 1.0103409487996997
61027.0479 lsst_hardware_y 86.24596671586667 47.70000076293945 30.049999237060547 AB 4.097984490817023 1.0114734026451988
61027.0664 lsst_hardware_z -2.4154929400378413 40.40999984741211 30.950000762939453 AB 4.13139749445239 1.011853415246651
61029.0319 lsst_hardware_y 9.195621504258662 82.30000305175781 30.09000015258789 AB 4.7357119404296135 1.0162471975170846
61029.0512 lsst_hardware_u 4.6058142400647455 3.119999885559082 28.579999923706055 AB 5.252130183183806 1.0102678880853677
61031.0326 lsst_hardware_z -46.541951257345104 61.209999084472656 30.989999771118164 AB 4.6173100987367794 1.013012307752625
61031.051 lsst_hardware_r 33.019462629236884 22.65999984741211 31.5 AB 5.5112349658992095 1.0107412212799627
61033.0333 lsst_hardware_y -108.86213993444113 72.18000030517578 30.079999923706055 AB 6.763927505231922 1.0110252617371647
61033.052 lsst_hardware_z 37.70560116031365 41.72999954223633 30.959999084472656 AB 6.528276876616989 1.0125545770784286
61035.0345 lsst_hardware_y 91.73441161816217 74.94000244140625 30.079999923706055 AB 9.536925673770094 1.0102675501875764
61035.0548 lsst_hardware_z -78.84918498556405 41.7400016784668 30.950000762939453 AB 9.66687946881439 1.0168705063709396
