data/validation/pwv_sim_epoch_fit_4/38312936.ecsv
# %ECSV 0.9
# ---
# datatype:
# - {name: time, datatype: float64}
# - {name: band, datatype: string}
# - {name: flux, datatype: float64}
# - {name: fluxerr, datatype: float64}
# - {name: zp, datatype: float64}
# - {name: zpsys, datatype: string}
# - {name: pwv, datatype: float64}
# - {name: airmass, datatype: float64}
# meta: {SNID: '38312936', alt: 1024.0, c: -0.0792899802327156, dec: -32.97485, lat: -30.244573, lon: -70.7499537, ra: 242.226562, t0: 61237.75,
#   x0: 4.150620342122523e-06, x1: 0.6119489669799805, z: 0.6615994572639465}
# schema: astropy-2.0
time band flux fluxerr zp zpsys pwv airmass
[from data line 132]
61517.1843 lsst_hardware_z 35.556342333608846 95.43000030517578 30.989999771118164 AB 10.802650082957198 1.1729898564479286
61519.1663 lsst_hardware_r 65.94791107485844 118.2300033569336 31.610000610351562 AB 11.875460150469912 1.2250741188889562
61519.1855 lsst_hardware_z 136.95813865824312 82.95999908447266 30.989999771118164 AB 9.083718087669334 1.149001434104207
61521.1611 lsst_hardware_g -6.620881849898625 61.439998626708984 31.65999984741211 AB 10.961188802030618 1.223893345470145
61521.1807 lsst_hardware_i -80.2438634139723 57.290000915527344 31.309999465942383 AB 7.354879295511326 1.1467510985153566
61523.161 lsst_hardware_z -27.046251963708723 46.25 30.940000534057617 AB 2.5061378987321348 1.2005451011890467
61523.181 lsst_hardware_r 12.775757941395305 32.869998931884766 31.559999465942383 AB 2.5533377233789394 1.1280484750956217
61525.1633 lsst_hardware_u -2.3815941526346287 2.6600000858306885 28.31999969482422 AB 12.178776336245482 1.1698269900098919
61525.1841 lsst_hardware_g -2.355747496988119 15.020000457763672 31.420000076293945 AB 12.192418154826024 1.1031699505218968
61527.1696 lsst_hardware_r -22.65798220428246 24.25 31.489999771118164 AB 8.951057282803081 1.12954221500449
61527.1894 lsst_hardware_i 2.908171707705855 31.6200008392334 31.25 AB 8.574851904296528 1.0764313211519618
61529.1626 lsst_hardware_z -38.08924425040212 60.849998474121094 31.690000534057617 AB 11.43718674965102 1.134416459993158
61529.1818 lsst_hardware_r -24.20304285820919 34.08000183105469 32.2599983215332 AB 9.93749997561252 1.0813678256331805
61531.164 lsst_hardware_u 2.361859073216141 2.7899999618530273 28.440000534057617 AB 3.8769716130334424 1.1135656515570336
61531.1826 lsst_hardware_r -10.916503749219295 24.09000015258789 31.510000228881836 AB 3.4812514328471447 1.0674319601943412
61534.1616 lsst_hardware_i -10.054917824598673 31.799999237060547 31.239999771118164 AB 8.342087124619326 1.0976430427130692
61534.1832 lsst_hardware_z -17.33283416492584 41.77000045776367 30.950000762939453 AB 8.044497599745172 1.0503783425851114
61536.1613 lsst_hardware_r -31.901252053257718 24.329999923706055 31.510000228881836 AB 8.382333391323417 1.0846704698917466
61536.1815 lsst_hardware_u 1.1354760990042754 2.9000000953674316 28.549999237060547 AB 8.124697660106378 1.0439366111087183
61540.1589 lsst_hardware_y 36.138856189804514 48.9900016784668 30.049999237060547 AB 7.310096596030611 1.0656117486925492
61540.1805 lsst_hardware_r 9.730173032765352 43.70000076293945 31.6299991607666 AB 6.697540850777675 1.029269260540856
61546.1173 lsst_hardware_i 12.128147962652953 194.5800018310547 32.08000183105469 AB 8.045066581873797 1.130878068860561
61546.1473 lsst_hardware_z 109.44366924195545 154.52999877929688 31.75 AB 7.562475643734918 1.0561379294371787
61550.0759 lsst_hardware_r -17.498793436229928 42.119998931884766 31.559999465942383 AB 6.082656652363677 1.2523914729824932
61550.094 lsst_hardware_y -85.7937680746613 50.90999984741211 30.010000228881836 AB 6.730914845977208 1.1737579293708407
61552.053 lsst_hardware_u 0.9323300536060126 2.5899999141693115 28.200000762939453 AB 7.824458156819418 1.350460941531091
61552.0736 lsst_hardware_g -2.7504681196445437 15.289999961853027 31.389999389648438 AB 7.171935157548076 1.237127113294765
61554.0535 lsst_hardware_r -3.835033706852717 25.229999542236328 31.469999313354492 AB 12.659411603530259 1.3141030366461057
61554.0734 lsst_hardware_i -31.804722416312423 32.97999954223633 31.239999771118164 AB 11.727916611540897 1.2132222941051436
61561.057 lsst_hardware_r -13.618214596066068 24.8799991607666 31.479999542236328 AB 11.441974050458489 1.2015935222940968
61561.0761 lsst_hardware_z 20.627731635405112 42.93000030517578 30.940000534057617 AB 10.753050194918735 1.1316518512521423
61563.0485 lsst_hardware_r -3.03133761579924 24.75 31.489999771118164 AB 4.661239944896321 1.2146553602336183
61563.0724 lsst_hardware_u -2.981185540406753 2.799999952316284 28.440000534057617 AB 4.314604756775966 1.126161111067182
61574.0621 lsst_hardware_i 65.3935704191846 123.18000030517578 31.34000015258789 AB 6.011565126190313 1.0741331374967802
61574.0871 lsst_hardware_z -151.42637960967866 99.63999938964844 31.010000228881836 AB 5.306328906947139 1.03002178717831
61576.0514 lsst_hardware_r 59.684463756079055 112.44000244140625 31.649999618530273 AB 4.012190651146786 1.086333208794256
61576.0763 lsst_hardware_z 130.86999235142753 74.66999816894531 31.0 AB 3.9000087288586798 1.0376043088485314
61578.0473 lsst_hardware_g -33.18555003633702 71.98999786376953 32.45000076293945 AB 3.2054901022280546 1.0830578113170208
61578.0672 lsst_hardware_i -150.3906625307809 76.41000366210938 32.06999969482422 AB 3.1226672216181575 1.0433234953618609
61580.0489 lsst_hardware_z 7.565613038319495 41.83000183105469 30.950000762939453 AB 3.6286558477796236 1.0672517199351834
61580.0692 lsst_hardware_r 43.14291078172588 23.65999984741211 31.510000228881836 AB 3.5090739115785907 1.0320805622289972
61581.9685 lsst_hardware_y 71.02042136479301 50.959999084472656 29.950000762939453 AB 8.604438869138923 1.3672669619119555
61581.9884 lsst_hardware_i -30.01344784905396 32.88999938964844 31.229999542236328 AB 7.684890623713178 1.2530223716261717
61584.969 lsst_hardware_z -42.35479792189123 45.56999969482422 30.920000076293945 AB 5.2169715602654625 1.3132716325399076
61584.9888 lsst_hardware_u -3.3986108728901976 2.700000047683716 28.34000015258789 AB 4.734886237888856 1.2130366109021933
61586.9681 lsst_hardware_y -44.17859802520887 50.459999084472656 29.959999084472656 AB 10.09516494160431 1.2875664742815265
61586.9875 lsst_hardware_r -49.69175589346933 24.200000762939453 31.479999542236328 AB 9.20453616283063 1.1953943068611208
61590.9676 lsst_hardware_y 31.030853389604694 50.099998474121094 29.989999771118164 AB 6.050723119560548 1.2348414529715404
61590.9869 lsst_hardware_u 2.643780619239404 2.680000066757202 28.350000381469727 AB 5.664469090040867 1.1560141000083402
61597.979 lsst_hardware_z 132.7417099732932 74.19999694824219 31.719999313354492 AB 11.887920027266038 1.1196094677015405
61599.9674 lsst_hardware_y 1.4414694930185583 62.880001068115234 30.030000686645508 AB 9.746504649287404 1.1387655618118597
61599.9856 lsst_hardware_i -60.23506491775727 84.12999725341797 31.329999923706055 AB 9.095373896873642 1.0869882159394852
61606.9803 lsst_hardware_g -43.21735761199627 15.140000343322754 31.459999084472656 AB 5.820098286776982 1.056982557075546
61606.9949 lsst_hardware_i -66.71729011350818 31.219999313354492 31.260000228881836 AB 5.623357712467747 1.0328826998961147
61607.9693 lsst_hardware_y 1.3108879024723448 49.70000076293945 30.040000915527344 AB 5.754230986362659 1.074051514020095
61607.9887 lsst_hardware_z 71.10092790595476 41.459999084472656 30.950000762939453 AB 5.605760634967574 1.037943644801896
61610.967 lsst_hardware_y -46.926771018261825 54.040000915527344 30.059999465942383 AB 5.226385019430949 1.061626044978842
61610.9833 lsst_hardware_u -0.5533618043394345 2.9700000286102295 28.579999923706055 AB 5.070897159188028 1.0338396151864002
