data/validation/pwv_sim_epoch_fit_4/38311862.ecsv
# %ECSV 0.9
# ---
# datatype:
# - {name: time, datatype: float64}
# - {name: band, datatype: string}
# - {name: flux, datatype: float64}
# - {name: fluxerr, datatype: float64}
# - {name: zp, datatype: float64}
# - {name: zpsys, datatype: string}
# - {name: pwv, datatype: float64}
# - {name: airmass, datatype: float64}
# meta: {SNID: '38311862', alt: 1024.0, c: -0.07526163756847382, dec: -2.238686, lat: -30.244573, lon: -70.7499537, ra: 124.101562, t0: 61386.328125,
#   x0: 2.160468581467499e-05, x1: -0.4598858952522278, z: 0.3318275809288025}
# schema: astropy-2.0
time band flux fluxerr zp zpsys pwv airmass
[from data line 132]
61791.1917 lsst_hardware_r -46.25917775636268 24.1200008392334 31.479999542236328 AB 13.087257238387716 1.1380223685554536
61791.212 lsst_hardware_u 1.9810936886609263 2.680000066757202 28.350000381469727 AB 13.38261330294607 1.1319454130156261
61793.1645 lsst_hardware_u -4.088384199539972 2.609999895095825 28.299999237060547 AB 9.07713945563087 1.1653294405551442
61793.1849 lsst_hardware_g 8.221923743042359 14.529999732971191 31.399999618530273 AB 9.855298374930493 1.1390665109478977
61795.1623 lsst_hardware_r -14.173756229259302 23.790000915527344 31.469999313354492 AB 9.070872103091844 1.1597850409902841
61795.1825 lsst_hardware_i -1.5256708619996158 31.739999771118164 31.229999542236328 AB 8.757872459296504 1.1367954905628899
61797.1722 lsst_hardware_r 5.690233816704444 23.639999389648438 31.479999542236328 AB 12.37071611948021 1.1405786575216863
61797.1895 lsst_hardware_u -2.365527666576045 2.569999933242798 28.290000915527344 AB 12.545552122051516 1.1318614328808656
61805.1431 lsst_hardware_g -47.32342519877499 20.43000030517578 31.520000457763672 AB 11.74640640885235 1.148259381593137
61805.1622 lsst_hardware_r -25.273181538389615 24.889999389648438 31.5 AB 11.660921525600997 1.1331734634469695
61807.1398 lsst_hardware_i 68.90941500851395 47.16999816894531 31.290000915527344 AB 4.515261811264897 1.14571474530954
61807.1579 lsst_hardware_z -65.99363824613164 50.279998779296875 30.959999084472656 AB 4.454479633516298 1.1327828177120365
61808.1446 lsst_hardware_r -47.74260384727087 66.5999984741211 31.6200008392334 AB 5.635384408796478 1.1385381659633265
61808.1619 lsst_hardware_z 98.3201362630157 56.380001068115234 30.959999084472656 AB 5.637336282546478 1.1316922408752417
61810.1409 lsst_hardware_z -58.37887633229563 85.55000305175781 30.979999542236328 AB 6.3684990396285395 1.1372319713622392
61810.1596 lsst_hardware_i 43.27715589939933 98.16000366210938 31.31999969482422 AB 6.338449370521732 1.131865959021738
61812.1272 lsst_hardware_z 49.39050279183088 85.58000183105469 30.979999542236328 AB 2.309136694308636 1.1445535039943673
61812.144 lsst_hardware_r 14.161871488183083 126.7300033569336 31.639999389648438 AB 2.4025114071041473 1.1328593219871024
61814.1377 lsst_hardware_y -37.55708932946038 74.5199966430664 30.770000457763672 AB 4.126059500330512 1.1331437007429972
61816.1278 lsst_hardware_r 54.78258495915612 40.349998474121094 31.579999923706055 AB 3.3553683714541225 1.135168324145742
61816.1445 lsst_hardware_i 3.138574012191995 41.880001068115234 31.270000457763672 AB 3.309389387710585 1.1320602238462663
61818.1247 lsst_hardware_z 12.399148907820075 42.91999816894531 30.940000534057617 AB 2.7107827418806223 1.1339814858316948
61818.1419 lsst_hardware_r -29.119688727462975 23.799999237060547 31.489999771118164 AB 3.3416330076170984 1.1327569517346097
61820.0924 lsst_hardware_r -8.59889309975936 23.65999984741211 31.489999771118164 AB 3.8938777643275344 1.162496160515791
61820.1102 lsst_hardware_u -2.5119806972903826 2.7699999809265137 28.459999084472656 AB 3.824743433055302 1.1398713820107693
61822.0913 lsst_hardware_g -6.018414143204678 14.59000015258789 31.389999389648438 AB 5.293195612026797 1.1555513634172894
61822.1082 lsst_hardware_i 5.4577275026928085 31.940000534057617 31.229999542236328 AB 5.19768039663468 1.1371821171166892
61826.0929 lsst_hardware_u 2.2378988651219713 2.680000066757202 28.3799991607666 AB 8.726722621705893 1.1406735013013387
61826.111 lsst_hardware_g 26.473158798878295 14.359999656677246 31.399999618530273 AB 8.643961277270884 1.1317788906410324
61830.0832 lsst_hardware_z -44.85831058769273 42.43000030517578 30.940000534057617 AB 4.2940530489171955 1.1396106817720795
61830.1016 lsst_hardware_r -4.988044141781418 23.190000534057617 31.479999542236328 AB 4.599755756744474 1.131690430986462
61832.0775 lsst_hardware_u -4.169860402236517 2.700000047683716 28.399999618530273 AB 7.179678600651165 1.1398124465234427
61832.0956 lsst_hardware_r -24.249705102400462 23.399999618530273 31.489999771118164 AB 6.511289326406608 1.131709277206328
61834.0844 lsst_hardware_i -27.950148697532935 34.72999954223633 31.25 AB 11.678963341069009 1.1327069062203228
61834.1023 lsst_hardware_z -29.773628265038422 43.68000030517578 30.940000534057617 AB 11.7305840903701 1.1343761812561743
61836.0498 lsst_hardware_z 97.79038011711633 52.77000045776367 30.950000762939453 AB 7.52656899480116 1.1606716862549151
61836.0677 lsst_hardware_r -30.4587606481955 55.630001068115234 31.610000610351562 AB 7.327956058731852 1.138883498740898
61838.0567 lsst_hardware_y 23.7180399246188 81.58999633789062 30.780000686645508 AB 12.26562125181028 1.144021009355993
61840.046 lsst_hardware_r 96.95572204315947 116.41000366210938 31.6299991607666 AB 8.232467084529071 1.1501875074437893
61840.0639 lsst_hardware_i 149.13949836564834 92.58000183105469 31.31999969482422 AB 8.204886459303973 1.1343161003646045
61843.0382 lsst_hardware_z 28.398616657721867 53.459999084472656 30.950000762939453 AB 15.903928171829998 1.1496815545901202
61843.0533 lsst_hardware_r 44.30978534741148 64.70999908447266 31.610000610351562 AB 14.757675385378283 1.1356061728464484
61845.0424 lsst_hardware_i 9.19882812914116 31.610000610351562 31.229999542236328 AB 8.876417368793742 1.139475266375602
61845.0625 lsst_hardware_z 29.406651914125334 45.86000061035156 30.940000534057617 AB 8.8274006742166 1.1317180351559744
61847.0409 lsst_hardware_r 17.073237490174126 23.31999969482422 31.479999542236328 AB 8.710895743118098 1.1365249844240226
61847.059 lsst_hardware_u -1.3746663104350978 2.619999885559082 28.34000015258789 AB 7.820961451380126 1.1319142414617738
61849.0346 lsst_hardware_g -8.134301117049137 14.109999656677246 31.399999618530273 AB 5.448178887831131 1.1370903480933208
61849.0531 lsst_hardware_r 30.52902524805511 23.170000076293945 31.479999542236328 AB 4.296899630466349 1.1318552016330403
61851.0351 lsst_hardware_i -34.22092378891631 31.31999969482422 31.239999771118164 AB 5.839578859412297 1.1337520436343254
61851.0541 lsst_hardware_z -25.024560301245955 42.36000061035156 30.940000534057617 AB 4.430201187105706 1.1335752962870085
61853.034 lsst_hardware_r -21.555752911876738 23.3700008392334 31.479999542236328 AB 5.311090942800764 1.1323080573074862
61853.0532 lsst_hardware_g -10.607380255762022 14.3100004196167 31.40999984741211 AB 4.738601540112786 1.1359012880813357
61855.0287 lsst_hardware_r -10.505277358341363 23.43000030517578 31.469999313354492 AB 8.404091495323993 1.1322708261540386
61855.0472 lsst_hardware_i 3.775099543191362 31.56999969482422 31.229999542236328 AB 7.865961779845706 1.1355783229247187
61858.9946 lsst_hardware_y 0.3529440446588628 51.040000915527344 30.010000228881836 AB 7.673160599613497 1.1495658717491228
61859.0131 lsst_hardware_u -2.528268518293955 2.5899999141693115 28.299999237060547 AB 6.578416860950932 1.1338188316013327
61860.9927 lsst_hardware_y 41.47846137164075 51.02000045776367 30.010000228881836 AB 5.628266193156656 1.1453144703726694
61861.0118 lsst_hardware_r 7.660028885374649 24.020000457763672 31.479999542236328 AB 4.254780893636055 1.1323937793566505
61862.9993 lsst_hardware_z 47.92152428801979 64.83999633789062 31.690000534057617 AB 10.28396244244985 1.1352518219897236
61864.9893 lsst_hardware_y 32.23442735957945 56.540000915527344 30.020000457763672 AB 10.33117214691089 1.1382643874849492
61865.0074 lsst_hardware_z 89.56716483484318 54.68000030517578 30.959999084472656 AB 8.676411167989151 1.1316935035039817
61866.9872 lsst_hardware_y -123.41360141601305 81.62000274658203 30.780000686645508 AB 12.83977575584826 1.1359450085534961
61867.0055 lsst_hardware_i -43.96795549247709 97.88999938964844 32.06999969482422 AB 12.097429163470547 1.1320997423508272
61869.9837 lsst_hardware_y 64.36071094371744 57.0 30.020000457763672 AB 6.25550236898118 1.1335512130073715
61870.009 lsst_hardware_g 134.64642863440253 95.08999633789062 31.690000534057617 AB 6.462245054236288 1.1373687779709223
61874.9766 lsst_hardware_z 6.132034583961423 51.15999984741211 30.959999084472656 AB 12.814082514862786 1.1318361096023306
61874.9934 lsst_hardware_u -0.8904597004885246 2.9700000286102295 28.540000915527344 AB 12.912275368452713 1.1360689236040484
61878.9742 lsst_hardware_y -27.64724560185694 57.290000915527344 30.030000686645508 AB 10.440052657332814 1.1324291050166662
61878.9919 lsst_hardware_z -15.492808938462302 42.90999984741211 30.940000534057617 AB 10.713107255631954 1.1439516557001552
