data/validation/pwv_sim_epoch_fit_4/3832712.ecsv
# %ECSV 0.9
# ---
# datatype:
# - {name: time, datatype: float64}
# - {name: band, datatype: string}
# - {name: flux, datatype: float64}
# - {name: fluxerr, datatype: float64}
# - {name: zp, datatype: float64}
# - {name: zpsys, datatype: string}
# - {name: pwv, datatype: float64}
# - {name: airmass, datatype: float64}
# meta: {SNID: '3832712', alt: 1024.0, c: 0.243567556142807, dec: -6.129201, lat: -30.244573, lon: -70.7499537, ra: 13.710938, t0: 60181.47265625,
#   x0: 1.0804138563185013e-05, x1: 0.8610841631889343, z: 0.44519248604774475}
# schema: astropy-2.0
time band flux fluxerr zp zpsys pwv airmass
60130.3918 lsst_hardware_y 29.844502568955033 157.14999389648438 30.790000915527344 AB 4.774871794437021 1.166951009821475
60137.4208 lsst_hardware_u -18.772380415018556 27.84000015258789 29.459999084472656 AB 9.577304956685236 1.0983567747259342
60137.4405 lsst_hardware_y -191.35299555602117 112.1500015258789 30.059999465942383 AB 9.588968228356087 1.0991061278825105
60143.4213 lsst_hardware_g 60.25674065027481 87.30000305175781 31.709999084472656 AB 2.38271028816633 1.098023174270198
60143.4415 lsst_hardware_y -108.76533826980547 111.98999786376953 30.059999465942383 AB 2.389169657034322 1.113183299724786
60145.4009 lsst_hardware_i 44.73721430889802 121.58999633789062 32.08000183105469 AB 5.215388835145493 1.0977262382568251
60145.4273 lsst_hardware_z -174.3939614977561 147.94000244140625 31.75 AB 5.720764782749795 1.1045013578047678
60148.3805 lsst_hardware_z -113.96624601332464 104.55000305175781 31.0 AB 5.6555271022084455 1.104325526425862
60148.401 lsst_hardware_r -21.258515061474423 80.73999786376953 31.639999389648438 AB 5.632415609749179 1.0967609015186797
60151.3475 lsst_hardware_u 28.088097195762522 27.579999923706055 29.440000534057617 AB 8.080428599587593 1.1376612445449024
60151.3687 lsst_hardware_r 5.10699413559584 80.83999633789062 31.639999389648438 AB 7.9535437144031205 1.1074788184362665
60161.3563 lsst_hardware_y 466.0035811717667 159.7967228890342 30.809999465942383 AB 2.2564174317617773 1.0980133487891859
60163.3489 lsst_hardware_i 2078.743340596025 129.5480596132298 32.08000183105469 AB 4.664439332292777 1.09872157638806
60163.3702 lsst_hardware_z 1614.3311259511072 152.95178077118 31.75 AB 4.710138767112616 1.0994293951634193
60175.2801 lsst_hardware_i 6619.844385503864 144.86334792607218 32.06999969482422 AB 2.80202966735105 1.1413562799800612
60175.3056 lsst_hardware_z 5151.819125857343 164.1927330839953 31.75 AB 2.958454326025079 1.1053100006943226
60177.3421 lsst_hardware_r 4416.721611022439 103.88158836654962 31.6299991607666 AB 2.0580978233859577 1.1063555024251048
60177.3621 lsst_hardware_u 7.565700510540288 27.3743664438882 29.40999984741211 AB 2.1091008200854358 1.1331636373863994
60180.2869 lsst_hardware_u 19.619216108263174 27.885529752980037 29.450000762939453 AB 3.1239161816584793 1.110133682181407
60180.3062 lsst_hardware_g 1218.0825768506536 93.98200022748348 31.709999084472656 AB 3.424680238429546 1.0975073537496207
60182.2479 lsst_hardware_r 4337.413968714542 103.36982152507247 31.6200008392334 AB 2.8899813341826626 1.1720892257060955
60182.2645 lsst_hardware_i 3669.3878427394775 104.16467726905171 31.31999969482422 AB 2.5229795932260513 1.134603324790609
60184.2567 lsst_hardware_z 2774.134457720469 117.14731881843316 30.989999771118164 AB 4.09825764109376 1.1390376990255031
60184.2743 lsst_hardware_r 4412.314339305762 103.46342066420979 31.6299991607666 AB 4.04280222921461 1.1119837432514743
60187.2451 lsst_hardware_z 2692.045407035666 116.75299110871954 30.989999771118164 AB 4.831464452362578 1.1459830294977653
60187.2621 lsst_hardware_r 3876.401357149329 102.34081081365602 31.639999389648438 AB 5.4621115020118625 1.1169010483793533
60195.2356 lsst_hardware_u -2.485120237697985 27.674538326229182 29.440000534057617 AB 2.723133445491426 1.1235207614198768
60195.2526 lsst_hardware_g 546.356206644442 90.16791842327609 31.709999084472656 AB 3.112205387164172 1.104010424676897
60199.2277 lsst_hardware_z 1808.304956280414 112.93732692253002 30.989999771118164 AB 3.378054929446685 1.1191170877742103
60199.2451 lsst_hardware_r 2412.1923809448554 94.14507999135142 31.639999389648438 AB 3.3473777434948944 1.1015942552089384
60201.2324 lsst_hardware_u 8.932843473458778 27.642485721917126 29.440000534057617 AB 1.3410268052421397 1.1072952358704793
60201.2501 lsst_hardware_r 1977.817021580271 92.51585310267198 31.639999389648438 AB 2.2251857590289443 1.0972316366020436
60206.1916 lsst_hardware_g 162.2270599926591 87.39359525072018 31.68000030517578 AB 7.021352284985565 1.149502406884572
60206.2107 lsst_hardware_i 2030.5928416632944 95.86892210220886 31.31999969482422 AB 6.635191559057444 1.1162839096663832
60209.2312 lsst_hardware_y 668.2212973024714 114.40735587382885 30.059999465942383 AB 2.211459436115957 1.0968180712287343
60209.2512 lsst_hardware_g 137.7573770809194 88.00672164789876 31.700000762939453 AB 1.7881452625225838 1.1034528000756456
60211.1611 lsst_hardware_z 1644.9282911031078 109.98005329591064 30.979999542236328 AB 4.183509864611088 1.1943501147986835
60211.178 lsst_hardware_r 1106.5093515326992 86.24484035269565 31.6200008392334 AB 4.294694775306796 1.149389743156987
60221.1244 lsst_hardware_g 140.07994990508917 85.80166291364586 31.65999984741211 AB 2.5760800254937575 1.2267047740446464
60221.1466 lsst_hardware_i 1210.6422392115733 92.05183303968873 31.31999969482422 AB 2.0938472469024707 1.1588491358190964
60223.1818 lsst_hardware_z 1153.2655380742424 109.35992806446826 30.989999771118164 AB 5.275317079500158 1.100285134946183
60223.1994 lsst_hardware_r 361.3497528834442 83.89535386982169 31.639999389648438 AB 5.187323793896402 1.097149702600762
60227.1541 lsst_hardware_g -150.7671197231979 87.24744018578639 31.700000762939453 AB 3.484889777290765 1.1153431836423167
60227.1748 lsst_hardware_r 620.5146098478052 83.26509649010082 31.639999389648438 AB 3.7516795684312014 1.0984812322168265
60236.1459 lsst_hardware_g 50.07746092151328 87.25430452794926 31.700000762939453 AB 4.104889428893007 1.1005065493010744
60236.1644 lsst_hardware_i 719.771256072471 89.45369281070792 31.31999969482422 AB 4.2295097538526605 1.0972439693495315
60238.1351 lsst_hardware_z 779.8720812799154 107.621102355013 31.0 AB 2.9530605050267575 1.1040854330857766
60238.1528 lsst_hardware_r 320.1896493407038 82.75738931065078 31.639999389648438 AB 2.963828691191033 1.096766507163328
60240.1073 lsst_hardware_r 428.40266781013014 82.27027931032217 31.6299991607666 AB 6.0495009220442695 1.1325118730816544
60240.1245 lsst_hardware_y 339.07697516566157 112.98107166344364 30.049999237060547 AB 5.9262203826907385 1.1086718101816906
60242.1077 lsst_hardware_z 597.031284517791 107.0609845648679 30.989999771118164 AB 5.0707183815750065 1.1228754489555284
60242.1246 lsst_hardware_r 306.28337670157873 82.52040932096271 31.639999389648438 AB 4.995428486153062 1.103758825885463
60244.1094 lsst_hardware_i 453.88720367443506 88.77260065657487 31.329999923706055 AB 4.687487120566571 1.113241083098512
60244.1266 lsst_hardware_z 609.9954150101395 107.14693506822054 31.0 AB 4.098259509605525 1.0992202529116295
60246.1063 lsst_hardware_r 271.2655470193133 82.58794627983903 31.639999389648438 AB 3.2917139197467757 1.1105647502519487
60246.1218 lsst_hardware_z 526.8766867812521 107.12387726487724 31.0 AB 3.2304870304438986 1.0989297076008273
60248.1061 lsst_hardware_g -27.72252156474551 87.09637193613128 31.700000762939453 AB 5.621879865648329 1.105472395172086
60248.123 lsst_hardware_i 542.8718709953008 88.47264782580355 31.31999969482422 AB 5.556919057804055 1.0970129420203445
60250.0861 lsst_hardware_r 349.48716942534645 81.86921466062148 31.6299991607666 AB 6.367428112078881 1.1225082612743729
60250.1057 lsst_hardware_z 416.3117461489357 106.60523699497229 30.989999771118164 AB 6.129060353895315 1.1016884998012297
60260.0858 lsst_hardware_r 11.475894574737222 80.83000183105469 31.639999389648438 AB 3.6563420361494523 1.0980830501239576
60260.1043 lsst_hardware_u -18.125839935793834 27.93000030517578 29.459999084472656 AB 3.7400163879453205 1.098954348915102
60262.0844 lsst_hardware_g -83.86503255818812 87.38999938964844 31.709999084472656 AB 3.1244536464652937 1.0970693983378916
60262.1027 lsst_hardware_r -52.5525868141735 80.83000183105469 31.639999389648438 AB 3.1742144044223664 1.100915426835478
60264.0576 lsst_hardware_r 30.097445177071634 80.58999633789062 31.639999389648438 AB 6.617561763788575 1.1100808147711034
60264.0743 lsst_hardware_i -118.27442833104283 85.8499984741211 31.329999923706055 AB 6.554362784755562 1.0982818082647174
60267.0591 lsst_hardware_z 121.65044624399201 104.48999786376953 30.989999771118164 AB 5.186001904569232 1.1018027487488187
60267.079 lsst_hardware_r -18.315604824187357 80.70999908447266 31.639999389648438 AB 5.176011178181105 1.097096778913219
60269.0686 lsst_hardware_z 213.10282820460972 147.9600067138672 31.75 AB 4.272000603472899 1.0967439827494498
60269.0976 lsst_hardware_g -23.501383646483948 122.95999908447266 32.45000076293945 AB 3.6606240423262 1.1133284800262166
60271.0638 lsst_hardware_r 33.27062666654705 80.7300033569336 31.639999389648438 AB 7.469114333132349 1.0967325632321818
60271.0836 lsst_hardware_z 143.05751851851977 104.4800033569336 30.989999771118164 AB 7.61708022996433 1.104765253267194
60273.059 lsst_hardware_r 106.51208879631359 80.69999694824219 31.639999389648438 AB 5.6630119878312914 1.096739031244605
60273.0774 lsst_hardware_y -71.76204490217467 111.86000061035156 30.049999237060547 AB 5.717949102989125 1.1041709187968238
60275.031 lsst_hardware_z 65.78682136469934 104.41000366210938 30.989999771118164 AB 5.382361150173982 1.1066847229718593
60275.0524 lsst_hardware_g 5.784523361252232 87.04000091552734 31.700000762939453 AB 4.010769203583008 1.0967375454152206
60279.0262 lsst_hardware_y 45.44309508670247 112.05999755859375 30.059999465942383 AB 8.26507324274549 1.1018873337734238
60279.0454 lsst_hardware_r 14.604580418096452 80.76000213623047 31.639999389648438 AB 9.140274659822397 1.096964594930052
60281.0274 lsst_hardware_y 9.270956909040095 112.06999969482422 30.059999465942383 AB 7.375006667646402 1.098455329922865
60281.0458 lsst_hardware_g 7.25389657061386 87.12000274658203 31.709999084472656 AB 7.288132821295975 1.0984825513357446
60495.3816 lsst_hardware_r 9.17366149972971 25.559999465942383 31.510000228881836 AB 4.791612850878657 1.198652370451398
60495.4019 lsst_hardware_y -58.00197256536679 48.52000045776367 30.020000457763672 AB 4.54981203068862 1.1449908641949644
60499.4252 lsst_hardware_u -3.276682446300091 3.0999999046325684 28.540000915527344 AB 2.540164253531633 1.1004718958222173
60499.444 lsst_hardware_y -53.612238571761935 70.0999984741211 30.049999237060547 AB 2.5428749833306763 1.0973675621234982
60501.42 lsst_hardware_r 17.638424897425473 25.100000381469727 31.510000228881836 AB 10.1245055326504 1.100330263655673
60501.4396 lsst_hardware_y 63.67899502898254 56.630001068115234 30.040000915527344 AB 10.111606369526102 1.0976261358002772
60503.4215 lsst_hardware_r 35.09172923750076 24.8799991607666 31.510000228881836 AB 7.064447144800004 1.0975603425464155
60503.4399 lsst_hardware_y 108.2691557914857 59.02000045776367 30.040000915527344 AB 7.062607726899553 1.099837690087916
60508.4107 lsst_hardware_i -0.20817405407390968 31.899999618530273 31.239999771118164 AB 2.0206822538263154 1.0970044809046229
60508.429 lsst_hardware_y -72.56731830359608 49.060001373291016 30.030000686645508 AB 2.3638394604718633 1.101381227942627
60511.4062 lsst_hardware_r 8.036273940637132 70.04000091552734 31.6299991607666 AB 6.453176698266359 1.0967795535613103
60511.4265 lsst_hardware_y 104.9077190721588 51.7400016784668 30.030000686645508 AB 6.910710222339481 1.105580965858414
60520.3697 lsst_hardware_r 34.54088506722718 42.5 32.290000915527344 AB 5.27466167922968 1.099536882026824
60520.392 lsst_hardware_y 40.076492933922225 68.62000274658203 30.770000457763672 AB 5.149480189542091 1.099141982826487
60527.3264 lsst_hardware_i -5.1830249605000756 31.969999313354492 31.239999771118164 AB 3.1534448483370565 1.1235551716165284
60527.347 lsst_hardware_z 0.00529243861314295 42.459999084472656 30.940000534057617 AB 2.8896552414610217 1.1015204224120794
60529.3529 lsst_hardware_z 43.07164627469853 42.439998626708984 30.940000534057617 AB 2.7481899982704565 1.0970818356369088
60529.372 lsst_hardware_r -2.933528093851764 24.229999542236328 31.5 AB 2.7099302672588665 1.1015976696174254
60531.3425 lsst_hardware_u -1.914947976149706 2.859999895095825 28.5 AB 5.601984239140625 1.0983564941782809
60531.3617 lsst_hardware_g 20.231940437752563 15.210000038146973 31.450000762939453 AB 5.633439288389792 1.099028962130995
60535.3207 lsst_hardware_r -44.21721103058891 24.06999969482422 31.510000228881836 AB 3.723695187419144 1.1047355184194454
60535.3398 lsst_hardware_u 5.549114949677537 2.880000114440918 28.530000686645508 AB 3.8387694767252505 1.0967912790643572
60539.3158 lsst_hardware_i -22.364121804777064 51.31999969482422 31.309999465942383 AB 3.6471005352050168 1.1005961630192431
60539.3305 lsst_hardware_z -38.46550664364322 51.68000030517578 30.969999313354492 AB 3.6427852501113085 1.0968115167818289
60541.3286 lsst_hardware_r -88.6706076622044 102.36000061035156 31.649999618530273 AB 2.5329599185688063 1.0972319335364116
60541.3483 lsst_hardware_z 132.21773245559265 70.16999816894531 30.989999771118164 AB 2.9756213848945072 1.109064996233681
60543.3126 lsst_hardware_z 22.9284047727321 88.52999877929688 30.989999771118164 AB 2.0347639538271953 1.0974994357212489
60543.3344 lsst_hardware_i -56.343460039498154 103.18000030517578 31.329999923706055 AB 2.1746188860099513 1.1020028138563942
60549.2494 lsst_hardware_r 19.88975834373869 24.56999969482422 31.5 AB 4.614466929080204 1.1563148001370374
60549.2674 lsst_hardware_y 48.993197576387665 48.38999938964844 30.020000457763672 AB 4.1060126838665125 1.1219635715092027
60557.243 lsst_hardware_z -18.853455544362234 42.369998931884766 30.940000534057617 AB 1.9459265878702725 1.1258977364726745
60557.261 lsst_hardware_r 14.019308334977966 23.829999923706055 31.5 AB 2.567839924359369 1.1044472792943523
60559.2231 lsst_hardware_u 2.454627694367915 2.740000009536743 28.389999389648438 AB 2.1377462716709656 1.1539790940194148
60559.2404 lsst_hardware_g -6.531823425524481 15.09000015258789 31.43000030517578 AB 2.0953753186582613 1.1215211339830125
60568.211 lsst_hardware_z -9.073904127067518 78.58999633789062 31.719999313354492 AB 3.726129828120642 1.1291302509459322
60571.2197 lsst_hardware_r -80.59648971968656 165.6199951171875 31.649999618530273 AB 6.630112699011924 1.1071099909292217
60571.24 lsst_hardware_i 203.4661657354044 131.9600067138672 31.34000015258789 AB 6.5768775212575346 1.0968775052130644
60574.1202 lsst_hardware_i 5.891157109196349 92.11000061035156 32.0099983215332 AB 4.686658053113546 1.4270463495905241
60574.1435 lsst_hardware_z -88.81103482969277 93.20999908447266 31.709999084472656 AB 4.3642570877490225 1.2882148141139045
60580.1902 lsst_hardware_u -3.3364576109118147 2.7300000190734863 28.389999389648438 AB 5.064781561579623 1.1122221381454016
60580.209 lsst_hardware_g 9.101334303512928 15.270000457763672 31.440000534057617 AB 4.07319100716786 1.098265185619915
60582.1762 lsst_hardware_r -10.292201091028076 24.6299991607666 31.5 AB 4.741787154589593 1.1236240566946767
60582.196 lsst_hardware_i -15.190689461184862 31.979999542236328 31.25 AB 4.641367366142837 1.1020698957954937
60584.1726 lsst_hardware_z 21.949434774436313 43.0099983215332 30.940000534057617 AB 5.072260292065519 1.1208589331318466
60584.1911 lsst_hardware_r -42.86394702084856 24.639999389648438 31.5 AB 5.061600910433376 1.1017051970761176
60586.1719 lsst_hardware_u 1.88450916158841 2.75 28.399999618530273 AB 2.463784877830969 1.1144985876798712
60586.1909 lsst_hardware_g 26.709163486319145 15.390000343322754 31.450000762939453 AB 2.467267498305985 1.0989239841018417
60588.1737 lsst_hardware_r 52.299873513223915 24.450000762939453 31.5 AB 5.328337046181838 1.106726980201714
60588.1924 lsst_hardware_z 1.2582507729120744 42.38999938964844 30.940000534057617 AB 5.222292800935949 1.0970051047024365
60592.1424 lsst_hardware_z 8.294017831739948 43.7599983215332 30.950000762939453 AB 3.5514030846388125 1.134542954920154
60592.1608 lsst_hardware_g 18.30341007575802 17.479999542236328 31.5 AB 3.4508489596530043 1.1086174474832056
60594.1437 lsst_hardware_r -6.641334170613629 34.70000076293945 31.56999969482422 AB 6.785191760097717 1.1232211494160933
