data/validation/pwv_sim_epoch_fit_4/38326455.ecsv
# %ECSV 0.9
# ---
# datatype:
# - {name: time, datatype: float64}
# - {name: band, datatype: string}
# - {name: flux, datatype: float64}
# - {name: fluxerr, datatype: float64}
# - {name: zp, datatype: float64}
# - {name: zpsys, datatype: string}
# - {name: pwv, datatype: float64}
# - {name: airmass, datatype: float64}
# meta: {SNID: '38326455', alt: 1024.0, c: 0.025902969762682915, dec: 0.596842, lat: -30.244573, lon: -70.7499537, ra: 108.105469, t0: 61435.3046875,
#   x0: 4.275974702047249e-05, x1: -0.5284164547920227, z: 0.246817484498024}
# schema: astropy-2.0
time band flux fluxerr zp zpsys pwv airmass
61359.3428 lsst_hardware_r 46.0600363748882 23.979999542236328 31.479999542236328 AB 6.3664079110111995 1.16449805551611
61361.3406 lsst_hardware_u -4.957724063577097 3.069999933242798 28.43000030517578 AB 3.6973140452123596 1.164172247974256
61364.3383 lsst_hardware_r -0.45042837930154184 23.56999969482422 31.479999542236328 AB 5.828357121338938 1.164836624686762
61364.3567 lsst_hardware_y 106.47529011994764 73.93000030517578 30.030000686645508 AB 5.917148099479548 1.177424753652283
61366.268 lsst_hardware_z -18.183001617141148 75.80999755859375 31.700000762939453 AB 3.645918218841544 1.2514593428517886
61372.2988 lsst_hardware_i -112.41379079715622 70.30000305175781 31.309999465942383 AB 4.097757899167002 1.1676741733948524
61372.3178 lsst_hardware_r 15.7473564948742 82.52999877929688 31.6200008392334 AB 4.109205493327001 1.1652086750613806
61374.3093 lsst_hardware_z 76.03343962167239 69.83999633789062 31.700000762939453 AB 6.77150766935948 1.1644730232056335
61376.2973 lsst_hardware_r 14.866779250667848 28.100000381469727 31.510000228881836 AB 7.615225996802089 1.1643482998015526
61376.3152 lsst_hardware_i 28.394909741398727 34.029998779296875 31.239999771118164 AB 7.6229426565470515 1.1694320252430852
61379.2988 lsst_hardware_z 27.83123050372455 43.56999969482422 30.940000534057617 AB 3.55009837243088 1.1652401660057592
61379.3173 lsst_hardware_r 2.4941605570540135 24.059999465942383 31.479999542236328 AB 3.664435580626754 1.1792230347952193
61381.2962 lsst_hardware_u 1.2648355441611938 2.6700000762939453 28.350000381469727 AB 4.85255345893709 1.1663390118824877
61381.3154 lsst_hardware_g -0.8467665765015719 14.4399995803833 31.389999389648438 AB 4.934552435011834 1.1838190567801867
61389.2622 lsst_hardware_r -2.272247393884716 23.770000457763672 31.469999313354492 AB 9.499077781765626 1.1642918678078369
61389.2805 lsst_hardware_i 33.56766594974153 32.16999816894531 31.229999542236328 AB 9.547841116228891 1.1699971607998292
61390.2586 lsst_hardware_z -80.1743763326462 43.47999954223633 30.940000534057617 AB 12.201686931519141 1.164408863435514
61390.278 lsst_hardware_r 15.044390743907929 23.920000076293945 31.479999542236328 AB 12.264495876647654 1.1701687567953458
61394.2484 lsst_hardware_r -16.569209768738602 35.75 31.56999969482422 AB 5.743815509346977 1.1643065949114633
61394.2698 lsst_hardware_z -27.847216305840686 43.43000030517578 30.940000534057617 AB 5.016859361080404 1.1723916715280398
61396.237 lsst_hardware_r 158.75390648541003 80.1500015258789 31.6299991607666 AB 5.543226291205123 1.165849612564072
61396.2584 lsst_hardware_y 144.6919208321041 54.36000061035156 30.020000457763672 AB 5.447204052795963 1.1679880038158057
61407.2079 lsst_hardware_r 60.55439381820844 23.739999771118164 31.479999542236328 AB 5.512000561466785 1.1654920837609497
61407.2277 lsst_hardware_i -3.483601075745484 31.790000915527344 31.239999771118164 AB 6.452115736935546 1.1675924243459181
61409.2105 lsst_hardware_z -10.196478348672388 43.29999923706055 30.93000030517578 AB 3.033465219172755 1.164142845312388
61409.232 lsst_hardware_r -19.075562679673602 24.079999923706055 31.479999542236328 AB 3.082313542634166 1.1754087489389218
61411.209 lsst_hardware_u -2.9266557331127534 2.787690807220547 28.40999984741211 AB 8.173358542319196 1.1645864057734046
61411.2315 lsst_hardware_g -7.44079566633291 14.831372157216014 31.389999389648438 AB 8.288428612082722 1.1811505379005625
61413.1732 lsst_hardware_g -40.17000228645084 16.323680454382426 31.40999984741211 AB 7.98591473610356 1.1799519409136465
61413.1941 lsst_hardware_r 70.07881671454965 25.478578454425385 31.489999771118164 AB 7.7920267054474674 1.164727459708135
61415.1708 lsst_hardware_i 189.59736130543095 35.202995539375095 31.229999542236328 AB 8.963841857516556 1.1764086605953767
61415.1917 lsst_hardware_r 271.39942128527224 28.915257708006706 31.479999542236328 AB 8.962218002799416 1.1642268125226594
61418.1538 lsst_hardware_u 12.261652881170862 4.3600864996923026 28.389999389648438 AB 5.893405940066009 1.187867362281509
61418.1731 lsst_hardware_g 723.5388826103624 31.05439001742491 31.40999984741211 AB 5.994737732848306 1.16771127009463
61420.1573 lsst_hardware_r 2702.865478740851 56.29679684829639 31.489999771118164 AB 6.493840944780452 1.1762428881111762
61420.1771 lsst_hardware_i 2161.2497742247992 55.54868639704616 31.239999771118164 AB 7.059642452765718 1.1643330644069958
61424.1648 lsst_hardware_z 6778.118457268647 113.98809164811486 31.719999313354492 AB 4.94473259532535 1.1645625518900964
61428.1201 lsst_hardware_i 7906.135209880554 132.7909757656955 31.309999465942383 AB 9.914593152193254 1.198669277689182
61428.1387 lsst_hardware_r 10923.158611774565 161.32546981023083 31.6299991607666 AB 9.103334211938819 1.1730093048628398
61430.1181 lsst_hardware_z 5376.448673286622 92.0621506048286 30.959999084472656 AB 9.352513816339634 1.1925550775810454
61430.1365 lsst_hardware_g 11157.349395262738 126.49631758692763 31.670000076293945 AB 9.148712320839278 1.1702737189676193
61432.1107 lsst_hardware_r 12326.633598354767 115.86954084674518 31.549999237060547 AB 13.618929314918919 1.1959017663258622
61432.1293 lsst_hardware_i 9640.115840793946 103.40517580589983 31.270000457763672 AB 12.888351096276185 1.1716682814796533
61436.1092 lsst_hardware_u 113.49970068285106 11.197709734893078 28.440000534057617 AB 10.485638586774302 1.1814582171348107
61436.1264 lsst_hardware_g 8863.318078623142 95.26439248869085 31.420000076293945 AB 10.583385445118875 1.1664274921144977
61442.1033 lsst_hardware_g 6468.7492402415055 82.2581710492188 31.420000076293945 AB 5.055058126818766 1.1706039660714873
61442.1212 lsst_hardware_r 10987.774187117771 108.33468862231973 31.5 AB 5.097855209269305 1.1641596732745616
61443.1053 lsst_hardware_i 8467.09062055425 97.74732794046889 31.239999771118164 AB 6.45194936239241 1.1674390800330061
61443.1232 lsst_hardware_z 4511.91573744769 77.38665497546194 30.940000534057617 AB 6.423546461378954 1.1649522055456962
61447.0951 lsst_hardware_g 4357.088419159366 67.39335589386144 31.399999618530273 AB 1.9349660195106748 1.1670482626722736
61447.1121 lsst_hardware_i 7002.045280920298 88.97227710422558 31.239999771118164 AB 1.9089840967330136 1.1649025761910075
61450.0957 lsst_hardware_z 2851.9732736277233 69.0208408463958 30.940000534057617 AB 3.7085480868481753 1.1642574571520015
61450.1126 lsst_hardware_r 8037.317699253246 94.0430718330359 31.520000457763672 AB 3.7197965020541854 1.169012099954175
61452.0618 lsst_hardware_r 7791.701383610356 103.41053365667071 31.600000381469727 AB 2.8478379321847176 1.186599138410299
61452.0795 lsst_hardware_y 869.8957755180053 58.73816772530496 30.010000228881836 AB 2.8035698906021094 1.1681541210842123
61454.0596 lsst_hardware_z 2771.2713578958687 86.00352022652788 30.969999313354492 AB 5.361539459173973 1.1820406670969963
61454.0771 lsst_hardware_r 7307.774870687701 124.56229445974547 31.6299991607666 AB 5.2754612388169555 1.16649225844491
61456.0575 lsst_hardware_i 5351.344429862358 116.77659195374558 31.31999969482422 AB 3.890212853927897 1.1779005411570136
61456.0749 lsst_hardware_z 2794.854220602868 94.23065898829415 30.989999771118164 AB 3.8717858560897023 1.1652061562190006
61458.0567 lsst_hardware_r 5330.229818548389 114.0691143682952 31.6200008392334 AB 6.486537838373442 1.1730785493034528
61458.0742 lsst_hardware_z 2765.9216586983694 82.21480665233997 30.969999313354492 AB 6.441046151822021 1.1642198195792175
61460.0523 lsst_hardware_g 1418.6294363823872 50.83735652704107 31.610000610351562 AB 9.283837749649507 1.1721277381035928
61460.0701 lsst_hardware_i 4841.665836140898 81.67314847070344 31.280000686645508 AB 9.21914388754559 1.164131309985553
61462.0535 lsst_hardware_z 2656.169570442257 66.44855037539604 30.940000534057617 AB 7.535890072132519 1.1673897664152222
61462.0715 lsst_hardware_r 3786.248699537766 65.48589327996736 31.469999313354492 AB 7.487441384392479 1.164997881498752
61464.0529 lsst_hardware_u 11.524173951869926 4.126856916136328 28.3700008392334 AB 6.4331749574899675 1.1652543319226838
61464.0713 lsst_hardware_g 914.7980065285498 32.79264981797083 31.399999618530273 AB 6.477680254400465 1.167149595387471
61466.052 lsst_hardware_r 3009.1024540039075 59.785026316170715 31.489999771118164 AB 3.321230704217436 1.1642547455775074
61466.0707 lsst_hardware_i 4052.62480442717 70.35095354031566 31.239999771118164 AB 3.3595303282597784 1.1702962128169223
61470.0467 lsst_hardware_u 6.466787114144185 3.9444460097271348 28.280000686645508 AB 6.170301856983578 1.164354357211645
61470.0654 lsst_hardware_r 2369.1525299587056 53.85527436231552 31.469999313354492 AB 6.186225797105176 1.1753437233258495
61472.0117 lsst_hardware_y 819.5329117941166 60.11754923794401 30.0 AB 9.573308594654712 1.180432625728078
61472.0301 lsst_hardware_i 3039.9762476015862 63.10413485468237 31.229999542236328 AB 9.34799770102042 1.1655857482569103
61474.0103 lsst_hardware_y 746.7714958021501 57.44092831342453 30.0 AB 12.173534992269335 1.1757514922591634
61474.0296 lsst_hardware_r 2034.7294637668253 50.05294762454122 31.469999313354492 AB 12.023393898165056 1.164324204538329
61478.9978 lsst_hardware_y 685.5187558576871 79.93194940248219 30.010000228881836 AB 10.84555209396681 1.174568777027869
61479.0019 lsst_hardware_r 1796.990751583521 56.027413900387074 31.559999465942383 AB 11.073188556791262 1.1708883348591896
61481.0023 lsst_hardware_y 557.9246415760715 62.36792794693148 30.010000228881836 AB 9.243388747045586 1.1670208632088321
61481.0237 lsst_hardware_r 1778.3409166961098 72.88050389434385 31.610000610351562 AB 9.238018101345803 1.166551444465896
61487.0012 lsst_hardware_y 475.5269871345421 60.299600209197195 30.020000457763672 AB 7.126409007046129 1.1645093426187911
61487.0272 lsst_hardware_z 1103.353556827899 68.3655931453342 30.969999313354492 AB 7.3382964180819075 1.1855083066368186
61488.9965 lsst_hardware_y 411.9010776615146 56.92330481884823 30.010000228881836 AB 10.396992285504872 1.1646681175652371
61489.0187 lsst_hardware_r 1376.6246753152036 58.4652703980834 31.59000015258789 AB 9.976566214964652 1.1813577519200298
61721.3422 lsst_hardware_g 0.544243437697781 23.06999969482422 31.540000915527344 AB 4.2979473085459 1.1682379202353628
61721.3612 lsst_hardware_y -25.57585793585925 75.44000244140625 30.020000457763672 AB 4.176765578030654 1.1649046375765315
61723.3357 lsst_hardware_i -147.8464000469658 70.9800033569336 31.309999465942383 AB 6.781996872937051 1.168906734390935
61723.3542 lsst_hardware_y 6.59917961467255 65.38999938964844 30.020000457763672 AB 6.671110359890692 1.1645475010719546
61725.341 lsst_hardware_i -24.86790626978356 78.12999725341797 31.309999465942383 AB 4.6447093621340825 1.1644280354658627
61725.3582 lsst_hardware_y -40.81388162330109 77.5999984741211 30.020000457763672 AB 4.656800642251899 1.168484604111353
61727.3354 lsst_hardware_z -87.1367829042036 65.01000213623047 30.969999313354492 AB 4.26848715171586 1.1644504369507664
61727.3554 lsst_hardware_y 6.314138107736588 71.73999786376953 30.020000457763672 AB 4.29089505007488 1.1703505000659484
61730.3379 lsst_hardware_r -30.651059388163162 35.15999984741211 31.549999237060547 AB 4.27306961386596 1.1652766877191054
61730.3564 lsst_hardware_y 46.507610570510934 74.47000122070312 30.020000457763672 AB 4.300162432614109 1.1794192080675012
61733.3424 lsst_hardware_z 26.1806703696559 67.94999694824219 31.700000762939453 AB 9.831289018948919 1.1732081806259484
61735.3358 lsst_hardware_g 17.059664504302475 14.989999771118164 31.399999618530273 AB 5.978123801061136 1.1721811374629678
61735.3558 lsst_hardware_y -58.003067039449384 80.66000366210938 30.010000228881836 AB 6.117730029600972 1.1995549077648966
61737.3024 lsst_hardware_r -6.581547949614487 23.56999969482422 31.469999313354492 AB 4.094156737280792 1.166177237707234
61737.3213 lsst_hardware_i 0.6683366470075297 31.850000381469727 31.229999542236328 AB 4.0934984775537195 1.1662388824939374
61739.2976 lsst_hardware_z -117.30936881772892 42.72999954223633 30.940000534057617 AB 6.783968794244876 1.1658974783876184
61739.3168 lsst_hardware_i 32.740579827062696 31.510000228881836 31.239999771118164 AB 6.783983551442115 1.1666853349571547
61741.2961 lsst_hardware_u -2.4424796426854907 2.6500000953674316 28.34000015258789 AB 7.574327712952719 1.1646540651883939
61741.315 lsst_hardware_g 0.04616828983130318 14.260000228881836 31.3799991607666 AB 7.59946653466228 1.1687890702340877
61743.2995 lsst_hardware_r -18.89092195318767 23.459999084472656 31.479999542236328 AB 4.207790020463965 1.1645175333389024
61743.318 lsst_hardware_i 38.78710877042574 31.829999923706055 31.239999771118164 AB 4.157992665893594 1.1760969237646628
61745.1717 lsst_hardware_z -9.813572067983625 49.20000076293945 30.899999618530273 AB 8.251337213103163 1.5867956179044544
61745.2032 lsst_hardware_u 0.731935823870415 2.5899999141693115 28.239999771118164 AB 7.092202497046947 1.3638850955859514
61747.3036 lsst_hardware_g -5.121160441391502 14.25 31.3700008392334 AB 6.453019950133904 1.1726722506830853
61747.3213 lsst_hardware_r -12.28248307258986 23.690000534057617 31.459999084472656 AB 6.603877014820578 1.1963545316703947
61749.2709 lsst_hardware_i 100.85144106046481 41.43000030517578 31.270000457763672 AB 10.766291474038093 1.1656561346908207
61749.2884 lsst_hardware_z 112.75613005640558 43.13999938964844 30.93000030517578 AB 10.769885365954025 1.1661715022283126
61751.2964 lsst_hardware_i -62.73437642313361 62.88999938964844 31.299999237060547 AB 12.417565447837354 1.1763514065779987
61751.3144 lsst_hardware_z 116.78173980422018 57.88999938964844 30.959999084472656 AB 12.655501998534506 1.2039863637852324
61753.2705 lsst_hardware_z 221.31574886928826 123.16999816894531 31.729999542236328 AB 9.26921227414848 1.1642545090935728
61755.2646 lsst_hardware_r 1.6048288935520365 100.73999786376953 31.6299991607666 AB 12.205501511931512 1.1642088400849158
61755.2834 lsst_hardware_i -38.8899710174467 83.11000061035156 31.309999465942383 AB 12.315447762285535 1.1742085593759488
61757.2345 lsst_hardware_z 32.699614001223175 76.12999725341797 31.709999084472656 AB 5.63776981944935 1.176168947034041
61759.2481 lsst_hardware_g 20.367206326588562 28.549999237060547 31.59000015258789 AB 5.7391415174500615 1.1644213071163478
61759.269 lsst_hardware_r 3.854496120876714 33.720001220703125 31.549999237060547 AB 5.0155006217274325 1.1710934847300059
61762.2462 lsst_hardware_i -11.612415848125067 31.65999984741211 31.239999771118164 AB 7.848132686247226 1.1642818211989563
61762.2663 lsst_hardware_z 16.37239313004072 43.0099983215332 30.93000030517578 AB 7.881024679862271 1.176272340277951
61763.2724 lsst_hardware_i -28.31607876947704 32.16999816894531 31.239999771118164 AB 6.594298348831565 1.1877160253054977
61763.2855 lsst_hardware_u 2.9457422906536377 2.700000047683716 28.360000610351562 AB 6.701660883923219 1.2121475711368015
61765.2531 lsst_hardware_g -16.155772073408368 14.539999961853027 31.399999618530273 AB 9.371884090092317 1.1714855112615397
61765.2733 lsst_hardware_r -38.779341348034535 23.959999084472656 31.479999542236328 AB 9.587413517655525 1.1984266897069407
61769.2123 lsst_hardware_z -61.897769710795075 43.209999084472656 30.940000534057617 AB 10.483044802079602 1.1675286101103872
61769.2318 lsst_hardware_u 7.328848041536436 2.7799999713897705 28.43000030517578 AB 10.470067600490204 1.1653802599538308
61771.2115 lsst_hardware_g -10.19296574360339 14.729999542236328 31.40999984741211 AB 8.201126181806401 1.1654020023413407
61771.2309 lsst_hardware_r -21.39901872345917 24.149999618530273 31.489999771118164 AB 8.216342892052033 1.1674349390414438
61773.2153 lsst_hardware_i 32.89165421712176 32.279998779296875 31.229999542236328 AB 4.13693334148668 1.1641855470625226
61773.2354 lsst_hardware_z -6.702109959324956 43.72999954223633 30.93000030517578 AB 4.1172551419342645 1.1753511681228275
61775.2148 lsst_hardware_i -46.79733223753218 32.27000045776367 31.229999542236328 AB 13.534077120927334 1.1651738729221586
