data/validation/pwv_sim_epoch_fit_4/38387295.ecsv
# %ECSV 0.9
# ---
# datatype:
# - {name: time, datatype: float64}
# - {name: band, datatype: string}
# - {name: flux, datatype: float64}
# - {name: fluxerr, datatype: float64}
# - {name: zp, datatype: float64}
# - {name: zpsys, datatype: string}
# - {name: pwv, datatype: float64}
# - {name: airmass, datatype: float64}
# meta: {SNID: '38387295', alt: 1024.0, c: -0.009454737417399883, dec: -9.594068, lat: -30.244573, lon: -70.7499537, ra: 334.863281, t0: 63076.04296875,
#   x0: 2.3152960046980653e-06, x1: 0.4026438891887665, z: 0.8396516442298889}
# schema: astropy-2.0
time band flux fluxerr zp zpsys pwv airmass
63016.4154 lsst_hardware_r -9.85775744062066 26.020000457763672 31.530000686645508 AB 13.96588197846548 1.0812993337737
63016.4339 lsst_hardware_y -96.42151407682633 58.65999984741211 30.059999465942383 AB 13.611734530593889 1.070441532761394
63018.4123 lsst_hardware_r -31.050541663215864 25.719999313354492 31.520000457763672 AB 6.7364538525505555 1.0791563815694807
63018.4321 lsst_hardware_y -87.70001889784713 52.79999923706055 30.040000915527344 AB 6.699878011937608 1.06988351022994
63021.4171 lsst_hardware_z 13.825825756560132 51.54999923706055 30.969999313354492 AB 11.970623145364502 1.0713405061408245
63021.4364 lsst_hardware_y -72.21808507979017 58.58000183105469 30.049999237060547 AB 11.946544574309884 1.0718875978863995
63033.3652 lsst_hardware_g -14.922058632451495 16.020000457763672 31.459999084472656 AB 7.1925839116654355 1.085222573522729
63033.3858 lsst_hardware_r 4.408551453603352 25.209999084472656 31.520000457763672 AB 7.496165308687448 1.070880758383921
63034.4202 lsst_hardware_i -13.465271063729954 32.45000076293945 31.260000228881836 AB 3.904847941140204 1.0870705322742709
63034.4351 lsst_hardware_z -44.733188799707584 46.689998626708984 30.959999084472656 AB 3.9732121084403036 1.1094225917089455
63037.3875 lsst_hardware_r -16.077438894291742 24.829999923706055 31.520000457763672 AB 4.06721807318278 1.0703205455744158
63037.407 lsst_hardware_g -29.54761301377176 15.8100004196167 31.469999313354492 AB 4.13456011326396 1.0816848643753274
63045.3323 lsst_hardware_i -19.240116322419095 32.22727107685895 31.260000228881836 AB 5.883671292394431 1.0853813298806125
63045.3518 lsst_hardware_z 40.25512421282768 42.28073819019892 30.950000762939453 AB 5.413945609358222 1.0712729377903976
63047.3332 lsst_hardware_r 16.842701691269816 24.610513436388 31.510000228881836 AB 3.8243451402616455 1.07910415921604
63047.3534 lsst_hardware_u 0.18081106273920416 2.843353914515554 28.450000762939453 AB 3.8411522806748817 1.069859515553243
63049.3336 lsst_hardware_y 17.36205248583773 50.07468346628757 30.040000915527344 AB 7.419663762713766 1.0747684164139428
63049.354 lsst_hardware_r 66.25116948807191 46.20045283136938 31.610000610351562 AB 7.422640523639111 1.0701872676158597
63062.2748 lsst_hardware_u 0.8779769637025713 4.098942360461556 29.170000076293945 AB 5.872204319642849 1.1003849563651924
63062.2984 lsst_hardware_r 750.7863003563318 44.42274894781995 32.2599983215332 AB 5.038493742605746 1.0745921071939741
63065.3055 lsst_hardware_r 479.90278729286143 32.66317023563434 31.5 AB 1.9256693470481758 1.0698163039156532
63065.3275 lsst_hardware_u 1.8979999352774957 2.9672086658904933 28.469999313354492 AB 1.9420427702593621 1.07891265014409
63067.2896 lsst_hardware_g 79.35569598332847 17.94898971365336 31.450000762939453 AB 3.028117933267706 1.07208990379455
63067.3049 lsst_hardware_r 539.2750289080216 33.21852970114819 31.510000228881836 AB 3.5415594514456386 1.070200030654874
63069.2981 lsst_hardware_i 739.735913669029 42.285492151965165 31.25 AB 5.090541369960191 1.070003440874449
63069.3182 lsst_hardware_z 463.26049912195015 48.24882812566489 30.940000534057617 AB 5.2050844499430475 1.0803413138113422
63077.3187 lsst_hardware_i 878.7501787663394 49.08883574061712 31.280000686645508 AB 4.957719306930428 1.111284798415338
63077.3374 lsst_hardware_z 594.0712487379973 49.75487200825957 30.940000534057617 AB 5.530644001352792 1.1549645513849522
63083.1549 lsst_hardware_i 1476.1791450664887 158.27958335954776 32.040000915527344 AB 2.639985794792678 1.3068158376995354
63083.1836 lsst_hardware_z 1252.3098108205813 130.94788417563566 31.729999542236328 AB 2.0016021313518126 1.182281235293451
63085.2527 lsst_hardware_r 346.8194892635677 67.11594094525881 31.639999389648438 AB 4.4556821906920705 1.0698558594614493
63085.2734 lsst_hardware_z 550.0956131168483 59.776139622317636 30.969999313354492 AB 4.593442400376766 1.0793496799334468
63088.2054 lsst_hardware_r 263.71829757030014 29.7806010492874 31.5 AB 4.57540224214629 1.0979208707757857
63088.2241 lsst_hardware_i 626.7545045547588 41.106991305737914 31.260000228881836 AB 4.985245448885058 1.0768431685678923
63094.2274 lsst_hardware_g 9.574554650131068 16.480415788607722 31.469999313354492 AB 4.741744918476938 1.0698279470871312
63094.2503 lsst_hardware_r 192.4084255241651 28.61647450634705 31.520000457763672 AB 4.919768607367636 1.0806740488451698
63099.2131 lsst_hardware_i 417.05421125624406 37.24578726633363 31.25 AB 1.4723387005920656 1.0698192193221185
63099.2343 lsst_hardware_z 390.9043325508445 46.34853816330395 30.950000762939453 AB 1.5365643184761042 1.0786061317176514
63100.1795 lsst_hardware_r 117.63835833264885 27.51459636549533 31.520000457763672 AB 2.6961860546508554 1.0884885162094693
63100.1941 lsst_hardware_g -5.26276793595733 16.659179092911018 31.489999771118164 AB 2.67929318191933 1.0749420990648821
63102.1809 lsst_hardware_r 131.73161357411544 27.07721497169195 31.510000228881836 AB 3.2194336315303107 1.0810421573820894
63102.1982 lsst_hardware_i 300.17651192829896 36.39218512733678 31.25 AB 3.1970580980313485 1.0706825512496145
63108.1486 lsst_hardware_i 302.1374935036183 84.22791548431029 31.31999969482422 AB 4.518647689677353 1.1013704685095007
63108.1665 lsst_hardware_z 179.58488327602097 74.73776723361472 30.989999771118164 AB 4.4442669374430395 1.0792513052578465
63110.1537 lsst_hardware_r 117.34504606228857 170.7096205483968 31.649999618530273 AB 1.4126978548612457 1.0866906575855735
63110.1722 lsst_hardware_z 371.3977466973814 112.16492344125322 31.0 AB 1.6328017859269115 1.072095722867309
63113.1423 lsst_hardware_y 302.1799492679269 76.13478166925503 30.790000915527344 AB 1.5269037989949326 1.0906455707106661
63118.1304 lsst_hardware_z 124.12095475645168 44.36602993886498 30.940000534057617 AB 3.6101506468253652 1.0884329370861863
63118.1479 lsst_hardware_r 25.133830140348547 25.640202687986797 31.5 AB 3.5601435670316994 1.0732483244832536
63123.1219 lsst_hardware_i 151.95007892024444 33.47957709872779 31.25 AB 1.3165258665930064 1.0826692981853145
63123.1401 lsst_hardware_z 112.6205243292577 43.78080810786448 30.940000534057617 AB 1.8001698438755964 1.0708922331205213
63125.1221 lsst_hardware_r 65.9791391758094 25.225226135338676 31.510000228881836 AB 3.8793294655283934 1.0775915182023315
63125.1408 lsst_hardware_u 1.4622408294925888 2.8185947823704245 28.450000762939453 AB 3.418622694592919 1.0698519320671194
63128.1053 lsst_hardware_u -2.985423527114151 2.862859621463306 28.469999313354492 AB 6.087534886329854 1.0858317770967096
63128.1253 lsst_hardware_g 31.240520594567265 15.955659978443538 31.459999084472656 AB 8.011600392196113 1.0712485899643807
63135.0977 lsst_hardware_z 118.90175347740451 55.99404743845221 30.979999542236328 AB 4.029311665045013 1.0754868984505572
63135.1168 lsst_hardware_r 72.68583343666057 63.68843587698041 31.639999389648438 AB 3.970933449745997 1.0698998921584257
63136.097 lsst_hardware_i -91.41723910004737 76.34118435198262 31.329999923706055 AB 3.5628124969152126 1.0742148231906838
63136.117 lsst_hardware_z 169.94881361823886 69.84428436015006 30.989999771118164 AB 3.548032277754676 1.0702963130483347
63142.0775 lsst_hardware_r -0.8698061584405956 57.54053865299677 31.6299991607666 AB 3.222245175692049 1.076234193618142
63142.0965 lsst_hardware_i 10.951599412080391 56.335122989193835 31.31999969482422 AB 3.8225143621399464 1.0698332947494953
63146.0645 lsst_hardware_u 0.6090171027370693 2.8454012444972356 28.469999313354492 AB 4.999894203197168 1.0777956894152119
63146.0836 lsst_hardware_r 7.972179070206417 24.700307157664962 31.510000228881836 AB 8.932399497788888 1.0698445366692428
63150.0651 lsst_hardware_r 28.986402188230254 24.799093641487318 31.510000228881836 AB 3.3767094765100842 1.071291077572715
63150.0831 lsst_hardware_u -3.5867701705870094 2.8547622652699127 28.479999542236328 AB 3.423768672672173 1.0714903002312246
63152.0392 lsst_hardware_u -2.620246035792021 2.7603625237524603 28.420000076293945 AB 6.137535848596166 1.0864818283937274
63152.0584 lsst_hardware_g 14.22145219893543 15.429061048125595 31.450000762939453 AB 5.15104886218415 1.071739685239875
63154.0369 lsst_hardware_r 33.58004740619878 24.65412714113322 31.5 AB 7.339329911135047 1.0830294999214687
63154.0543 lsst_hardware_i 38.855826558768776 32.257282893954326 31.25 AB 6.351973576367028 1.0712494436912097
63156.0402 lsst_hardware_z 42.56935267647455 42.930000875601294 30.950000762939453 AB 7.616803033764429 1.0755917579276182
63156.0587 lsst_hardware_r 8.739099587668976 24.79034640316176 31.520000457763672 AB 6.996280474334579 1.069849449397443
63158.0293 lsst_hardware_u 0.012068117100123624 2.8316900979137456 28.459999084472656 AB 4.395503939869529 1.079843739066338
63158.0464 lsst_hardware_r 0.30664315248633495 24.799930180417043 31.510000228881836 AB 4.037621185272007 1.070419190156948
63160.0335 lsst_hardware_i 64.46637979711426 33.21265287041871 31.260000228881836 AB 3.5659203522280576 1.073102724113168
63160.0507 lsst_hardware_z 56.742679386007396 43.29609346088454 30.950000762939453 AB 3.189071396499062 1.0701581867446517
63162.0339 lsst_hardware_r -28.61357084366893 37.968271605585414 31.59000015258789 AB 4.2660990223339 1.0708079875336094
63162.0522 lsst_hardware_z 96.92884071310898 46.39983388746534 30.959999084472656 AB 4.618630102109062 1.0722298553938623
63164.016 lsst_hardware_y 93.01194001873812 81.22884725144729 30.799999237060547 AB 3.890263699214442 1.0772872199790766
63169.0117 lsst_hardware_y -93.81591197370784 57.36000061035156 30.049999237060547 AB 4.906383151329917 1.0718477665384856
63169.0285 lsst_hardware_r 103.34717705911775 88.75 31.649999618530273 AB 4.853800561128862 1.0706519380454091
63171.0046 lsst_hardware_y 55.024987964850176 63.209999084472656 30.049999237060547 AB 4.490505186735231 1.0725515463629858
63171.0225 lsst_hardware_r -6.901131601521293 24.920000076293945 31.520000457763672 AB 4.495471467416897 1.0705202732378705
