data/validation/pwv_sim_epoch_fit_4/38508366.ecsv
# %ECSV 0.9
# ---
# datatype:
# - {name: time, datatype: float64}
# - {name: band, datatype: string}
# - {name: flux, datatype: float64}
# - {name: fluxerr, datatype: float64}
# - {name: zp, datatype: float64}
# - {name: zpsys, datatype: string}
# - {name: pwv, datatype: float64}
# - {name: airmass, datatype: float64}
# meta: {SNID: '38508366', alt: 1024.0, c: -0.03612668812274933, dec: -40.228184, lat: -30.244573, lon: -70.7499537, ra: 355.605469, t0: 62368.78125,
#   x0: 5.419385289496892e-06, x1: 0.5955666899681091, z: 0.5932500958442688}
# schema: astropy-2.0
time band flux fluxerr zp zpsys pwv airmass
[from data line 132]
62740.3276 lsst_hardware_i 21.581998290630764 31.030000686645508 31.25 AB 3.3012101946994923 1.0934780373300736
62742.3044 lsst_hardware_z -4.541140310113777 41.380001068115234 30.940000534057617 AB 7.409585057565706 1.0592687716319809
62742.3151 lsst_hardware_r 20.892747759869252 22.829999923706055 31.489999771118164 AB 7.529627663467422 1.0785886926611405
62744.308 lsst_hardware_u -1.3791859773014636 2.5899999141693115 28.350000381469727 AB 6.431549263102086 1.0753750387663898
62744.3192 lsst_hardware_r 0.3860019509803499 22.860000610351562 31.479999542236328 AB 6.511428182356994 1.099253512679496
62751.2913 lsst_hardware_y 18.10873355656893 49.279998779296875 30.030000686645508 AB 2.094024050093944 1.0801362019054046
62751.3043 lsst_hardware_g 41.943989457538144 27.81999969482422 31.600000381469727 AB 2.0460942600394114 1.1094451728558554
62753.2872 lsst_hardware_r 14.870522879035377 77.05000305175781 31.639999389648438 AB 4.656522988546668 1.08291232291783
62753.2988 lsst_hardware_i -0.8740082713057109 64.6500015258789 31.31999969482422 AB 4.035063238224124 1.1093465647610312
62755.2432 lsst_hardware_r 67.05471789393698 113.38999938964844 31.670000076293945 AB 2.2890425102565417 1.0277054071788365
62755.2558 lsst_hardware_i -2.6640770323698897 88.37999725341797 31.34000015258789 AB 2.9057374346756144 1.040674781117035
62757.2457 lsst_hardware_z 70.32518858111742 66.87999725341797 30.989999771118164 AB 2.442060927526923 1.035356526650577
62757.2574 lsst_hardware_r -6.45226033931554 96.41000366210938 31.65999984741211 AB 3.7218944325525976 1.0500231148614356
62758.0327 lsst_hardware_i 46.41397307724374 56.79999923706055 31.219999313354492 AB 2.204271483388515 1.5744796309917963
62762.2773 lsst_hardware_y 11.232067052742286 48.720001220703125 30.030000686645508 AB 1.8333551646846677 1.117218260015173
62762.2889 lsst_hardware_g 4.8138622000517675 36.720001220703125 31.639999389648438 AB 1.902133818575625 1.1504841644610635
62764.2244 lsst_hardware_u 3.0144904983163294 2.7100000381469727 28.469999313354492 AB 6.00145460277305 1.033071138875361
62764.2361 lsst_hardware_g 21.429291865691596 13.850000381469727 31.420000076293945 AB 6.078144813424351 1.0469631923907246
62767.23 lsst_hardware_z -28.50460043887382 41.16999816894531 30.950000762939453 AB 2.0990722724053787 1.0498860982354346
62767.2421 lsst_hardware_r 14.867462625767196 22.540000915527344 31.479999542236328 AB 2.110756230020938 1.0695496478442954
62772.2345 lsst_hardware_r 24.117756562575515 22.479999542236328 31.479999542236328 AB 3.9825175148276535 1.0812264746136908
62772.2466 lsst_hardware_z -58.25938821728773 41.81999969482422 30.940000534057617 AB 4.174583520756294 1.1085417625374785
62776.0277 lsst_hardware_z -27.58965612169522 44.84000015258789 30.920000076293945 AB 6.370608759117946 1.2764832458283717
62776.0361 lsst_hardware_u 3.0002202578563812 3.1700000762939453 28.43000030517578 AB 6.18529325153174 1.237739406980187
62780.1863 lsst_hardware_z 14.70181104517301 48.900001525878906 30.969999313354492 AB 4.942401920074531 1.0391930025387994
62787.1727 lsst_hardware_i 42.35276631079578 61.619998931884766 31.329999923706055 AB 6.897284464792269 1.0461526565741799
62787.1834 lsst_hardware_r 141.65246062755355 77.6500015258789 31.649999618530273 AB 6.846956622205282 1.062367202824714
62789.1727 lsst_hardware_z 23.79160499535012 48.709999084472656 30.959999084472656 AB 6.986428533431431 1.0539719199586095
62789.1849 lsst_hardware_g -30.374227832851595 56.84000015258789 31.700000762939453 AB 7.11245716066086 1.0749305532484925
62791.2244 lsst_hardware_i 34.190059288343605 41.13999938964844 31.260000228881836 AB 6.2646675102428375 1.201508920261452
62791.235 lsst_hardware_z 60.885630505777925 48.41999816894531 30.940000534057617 AB 6.478865835852824 1.2454567158502161
62794.0177 lsst_hardware_z 16.44041044620647 42.279998779296875 30.950000762939453 AB 3.3776396065499785 1.1291103791013495
62794.0244 lsst_hardware_i 6.318071327667697 30.790000915527344 31.25 AB 3.3285600845957655 1.111248637189734
62796.1669 lsst_hardware_g 7.333344665808183 13.649999618530273 31.420000076293945 AB 3.091262079615425 1.07709480125973
62796.179 lsst_hardware_r -45.908802430946174 22.6200008392334 31.479999542236328 AB 3.081474441742814 1.103482342611817
62799.1542 lsst_hardware_i -66.15592996998627 30.520000457763672 31.25 AB 4.675660016514302 1.0686001637560079
62799.165 lsst_hardware_r -10.781850274911857 22.5 31.479999542236328 AB 4.795546581123462 1.0901447104168163
62801.1569 lsst_hardware_u 2.5403681044361504 2.759999990463257 28.489999771118164 AB 4.056025417215293 1.0844987746564956
62801.1681 lsst_hardware_g -16.035680031044148 13.680000305175781 31.399999618530273 AB 2.6456465869304706 1.110255605636148
62803.1596 lsst_hardware_r -15.623950821047371 22.770000457763672 31.5 AB 3.168150141772556 1.102796359612191
62803.1699 lsst_hardware_i 63.02399958840776 31.260000228881836 31.25 AB 2.3342784043163034 1.1295806456886532
62817.0506 lsst_hardware_r -22.97143141850847 47.849998474121094 31.6299991607666 AB 4.546021427785045 1.0155870265925822
62817.062 lsst_hardware_g 41.793822777612995 50.04999923706055 31.719999313354492 AB 4.574786367865428 1.0196403494498294
62819.0595 lsst_hardware_r 1.1697461548326373 22.190000534057617 31.489999771118164 AB 3.8876629218127965 1.0212774750821707
62819.0712 lsst_hardware_i -6.551470783826698 30.079999923706055 31.25 AB 3.936206869717262 1.0301509734931333
62822.0464 lsst_hardware_z 34.488664056114224 40.43000030517578 30.940000534057617 AB 3.7162057464757474 1.0186967506786588
62822.0585 lsst_hardware_i 29.58646010977372 29.979999542236328 31.239999771118164 AB 3.896244492022349 1.0262727491171617
62825.0483 lsst_hardware_u -5.812989554891213 2.630000114440918 28.40999984741211 AB 6.83521864457868 1.024732003235063
62825.0602 lsst_hardware_g 22.063104574079865 13.640000343322754 31.40999984741211 AB 6.873576998636217 1.035554154795842
