data/validation/pwv_sim_epoch_fit_4/38655418.ecsv
# %ECSV 0.9
# ---
# datatype:
# - {name: time, datatype: float64}
# - {name: band, datatype: string}
# - {name: flux, datatype: float64}
# - {name: fluxerr, datatype: float64}
# - {name: zp, datatype: float64}
# - {name: zpsys, datatype: string}
# - {name: pwv, datatype: float64}
# - {name: airmass, datatype: float64}
# meta: {SNID: '38655418', alt: 1024.0, c: -0.06639964133501053, dec: -8.838267, lat: -30.244573, lon: -70.7499537, ra: 201.796875, t0: 61608.57421875,
#   x0: 3.7131630067188785e-05, x1: -0.4099995195865631, z: 0.262395441532135}
# schema: astropy-2.0
time band flux fluxerr zp zpsys pwv airmass
61440.3694 lsst_hardware_u 0.2843953974035782 3.4800000190734863 28.65999984741211 AB 9.027652484508634 1.0777999623338932
61442.3649 lsst_hardware_r -27.274324225171114 25.1299991607666 31.530000686645508 AB 4.6899897450679395 1.0772299156055976
61442.3835 lsst_hardware_z -28.575237839064425 55.86000061035156 30.979999542236328 AB 4.698096466359543 1.0733599420515225
61443.369 lsst_hardware_z -56.90402509061969 43.18000030517578 30.950000762939453 AB 5.100729062247035 1.0742334675400573
61445.3209 lsst_hardware_u -0.6518548152512654 2.7699999809265137 28.399999618530273 AB 6.144428304001416 1.1245807923132387
61445.3387 lsst_hardware_y 74.30175844624377 48.119998931884766 30.030000686645508 AB 7.243302624635639 1.0941407018495173
61447.3664 lsst_hardware_z 57.00145238612622 42.5 30.950000762939453 AB 4.739681705277605 1.0730544951953014
61447.3827 lsst_hardware_y -57.25666302372459 53.459999084472656 30.040000915527344 AB 4.220465201479606 1.0785982838410237
61450.3723 lsst_hardware_u 0.893463101471492 3.0 28.5 AB 2.6279070349652383 1.0772318241300423
61450.3897 lsst_hardware_y -96.34714558658044 67.47000122070312 30.049999237060547 AB 2.834525350584606 1.0933559693672539
61452.2954 lsst_hardware_g -5.690880212472295 15.579999923706055 31.440000534057617 AB 5.684229217909964 1.139162139933152
61452.3115 lsst_hardware_r 41.705005231381755 24.760000228881836 31.510000228881836 AB 5.499331878045176 1.1061900956558304
61454.3433 lsst_hardware_i -9.769743261038657 31.780000686645508 31.25 AB 5.667361633340841 1.0732792487980893
61454.3632 lsst_hardware_z -29.86325561136084 42.29999923706055 30.950000762939453 AB 5.643318031845762 1.0783410251934578
61456.3333 lsst_hardware_r 185.90900058156458 86.73999786376953 31.649999618530273 AB 3.878019613739357 1.0742932583423124
61456.3506 lsst_hardware_z 74.00143460195353 62.810001373291016 30.989999771118164 AB 4.005272829144246 1.0747361183723745
61458.3329 lsst_hardware_r 24.17011773726264 117.30999755859375 31.649999618530273 AB 11.96793506873922 1.0732130268339883
61458.3514 lsst_hardware_i -122.61722677555748 93.36000061035156 31.329999923706055 AB 10.044970348100826 1.0777865180365693
61464.3142 lsst_hardware_g -10.721975563970043 32.36000061035156 31.649999618530273 AB 5.608929781202711 1.073582119093255
61464.3326 lsst_hardware_r -25.910086154381112 36.59000015258789 31.579999923706055 AB 5.64260547804276 1.0764222583065166
61470.3057 lsst_hardware_r 28.118679088975913 24.329999923706055 31.5 AB 7.682869169065102 1.0731763052193186
61470.3224 lsst_hardware_i 32.49017602116103 31.829999923706055 31.239999771118164 AB 7.74487578080372 1.0803662815419313
61472.3041 lsst_hardware_z -35.543828478619794 42.16999816894531 30.940000534057617 AB 10.43615366372141 1.0738624932658225
61472.3222 lsst_hardware_i -25.23176952717695 31.829999923706055 31.239999771118164 AB 10.590790120981259 1.0849366693851383
61476.3044 lsst_hardware_r -29.976015907958526 24.329999923706055 31.5 AB 8.169423744962453 1.0791841142618828
61476.3235 lsst_hardware_i -29.711233103145737 32.040000915527344 31.25 AB 8.277520178119874 1.1000026814777468
61479.1121 lsst_hardware_r 32.730095334342536 41.59000015258789 32.09000015258789 AB 17.702403923921093 1.982537070341197
61481.2932 lsst_hardware_r -62.42184658860048 34.77000045776367 32.2599983215332 AB 8.736740246279812 1.0810121561840895
61481.3147 lsst_hardware_i -34.89430530162432 45.70000076293945 32.0 AB 8.878829602643588 1.1077766191695055
61485.196 lsst_hardware_z 15.276483969773857 74.4800033569336 30.979999542236328 AB 6.170268312244574 1.164201568348033
61485.2141 lsst_hardware_i 95.85330019292468 84.62000274658203 31.329999923706055 AB 6.373683224760379 1.1195977207764813
61489.2744 lsst_hardware_r -106.87573193437107 109.5199966430664 31.649999618530273 AB 7.126603389366328 1.08361936989858
61489.2946 lsst_hardware_i 162.380281902181 93.45999908447266 31.329999923706055 AB 6.817973728631079 1.1108262357755008
61497.2411 lsst_hardware_i 32.53678083268104 32.4900016784668 31.260000228881836 AB 9.146764325580019 1.0757313435419653
61497.2597 lsst_hardware_z 65.31362804877517 43.119998931884766 30.950000762939453 AB 8.620790891652835 1.0912393533737765
61499.2433 lsst_hardware_i 20.12478023024673 32.150001525878906 31.25 AB 5.942308057573557 1.080419646831556
61499.2623 lsst_hardware_u -1.1777689209901556 2.7799999713897705 28.40999984741211 AB 7.1087163751818645 1.1024399248129957
61501.2146 lsst_hardware_u -4.302003999932928 2.819999933242798 28.450000762939453 AB 15.937780519655547 1.0733234911209877
61501.2344 lsst_hardware_g 2.2019948353005065 15.84000015258789 31.459999084472656 AB 15.97776978548557 1.078025129463312
61503.212 lsst_hardware_r 22.438877992952868 24.90999984741211 31.510000228881836 AB 9.882121746105655 1.0730550614708616
61503.2304 lsst_hardware_i 8.770630778329881 32.20000076293945 31.25 AB 9.961899840753453 1.078984024920946
61505.219 lsst_hardware_u 0.8136162394164073 2.890000104904175 28.489999771118164 AB 5.229634258403684 1.0756137923495854
61505.2362 lsst_hardware_g -28.359928393468085 15.989999771118164 31.469999313354492 AB 5.28010595459695 1.089280557267972
61511.1958 lsst_hardware_z -100.49443898320699 49.689998626708984 30.969999313354492 AB 18.26993843863475 1.0734604147340185
61511.2119 lsst_hardware_r 100.8390221842486 49.54999923706055 31.6299991607666 AB 17.711360689588147 1.0814997367955312
61513.1512 lsst_hardware_i -6.599694750350612 76.37000274658203 31.329999923706055 AB 12.918589892407782 1.096623459359479
61513.1671 lsst_hardware_z 61.662705255668676 68.30999755859375 30.989999771118164 AB 13.929365388155054 1.0797957665236475
61518.1847 lsst_hardware_z 49.43551683319054 68.41999816894531 30.989999771118164 AB 4.321214428605398 1.076178257165548
61518.2017 lsst_hardware_r 53.160879840066976 95.77999877929688 31.639999389648438 AB 4.471533843346178 1.0904407031408334
61520.1849 lsst_hardware_i -84.26745202394443 50.310001373291016 31.299999237060547 AB 13.659539705740116 1.079627706035774
61520.2024 lsst_hardware_r -61.01431178078906 58.25 31.6200008392334 AB 13.901045604563027 1.0985712223303785
61522.1808 lsst_hardware_z 6.9863305846875186 45.65999984741211 30.950000762939453 AB 3.869169735611496 1.0806478954343757
61522.1988 lsst_hardware_g -63.75972546449838 37.61000061035156 31.65999984741211 AB 3.913463696203203 1.101350008312346
61524.1575 lsst_hardware_g 42.86723662215289 15.8100004196167 31.459999084472656 AB 8.705008937446593 1.073102679665507
61524.1745 lsst_hardware_r 42.48046670358916 24.899999618530273 31.510000228881836 AB 10.535134100953242 1.0800096467625657
61526.1537 lsst_hardware_i -26.396711966699858 32.13999938964844 31.25 AB 10.002316661108734 1.073277117964329
61526.1713 lsst_hardware_z -16.711438712601264 42.7599983215332 30.950000762939453 AB 10.439308192175684 1.0817935950441124
61528.1576 lsst_hardware_i 47.79742431081089 32.27000045776367 31.260000228881836 AB 12.224388633214126 1.0762800346200145
61528.1743 lsst_hardware_u 0.6424525860513102 2.890000104904175 28.5 AB 12.577641184353727 1.0903263372456782
61530.1518 lsst_hardware_g 14.230413022975139 15.699999809265137 31.459999084472656 AB 9.229895725360308 1.0761112334644032
61530.1706 lsst_hardware_r -31.09703629697449 24.809999465942383 31.510000228881836 AB 9.9999928769659 1.0924775088180367
61532.143 lsst_hardware_i -60.25419335911261 32.099998474121094 31.260000228881836 AB 6.586058495076769 1.0746899910378194
61532.1622 lsst_hardware_r 2.537114421185114 24.780000686645508 31.510000228881836 AB 6.656451038699903 1.0889602528138134
61535.1426 lsst_hardware_r 24.20225997795337 24.68000030517578 31.520000457763672 AB 7.559839224531914 1.0786928738927821
61535.16 lsst_hardware_i 6.995831959349902 32.150001525878906 31.260000228881836 AB 7.781629888372262 1.0965190072858988
61543.0773 lsst_hardware_i 76.32138908552062 111.44000244140625 31.329999923706055 AB 9.109816676918788 1.0868309087233106
61543.0994 lsst_hardware_r -24.536950615362812 137.75 31.649999618530273 AB 9.056686320762457 1.073406248510089
61547.084 lsst_hardware_z -102.26160030192926 89.30999755859375 31.729999542236328 AB 5.021421230177609 1.0745605029268963
61553.0463 lsst_hardware_i -46.64620090728446 32.0099983215332 31.25 AB 8.01892212170967 1.0910098124775445
61553.075 lsst_hardware_z -93.04734929267754 59.849998474121094 31.700000762939453 AB 7.833462465576787 1.0730770500790119
61553.1007 lsst_hardware_r -39.27727354489723 24.489999771118164 31.510000228881836 AB 8.27910920104377 1.084599458652059
61555.0421 lsst_hardware_i -26.667657499664287 32.060001373291016 31.25 AB 11.853429944352749 1.0895197338437197
61555.0634 lsst_hardware_u 3.311625351002048 2.75 28.40999984741211 AB 11.740047206264443 1.0741614169233824
61560.0419 lsst_hardware_i 39.538907547198015 31.8700008392334 31.25 AB 12.3881900713334 1.0777024855444404
61560.0624 lsst_hardware_r 45.55926843120097 24.469999313354492 31.510000228881836 AB 12.333406601530815 1.0735358959138355
61562.027 lsst_hardware_u -6.054504927005493 2.859999895095825 28.5 AB 4.800648912326611 1.0852194059965212
61562.0477 lsst_hardware_g -3.5596431041061978 15.430000305175781 31.459999084472656 AB 4.4774150661323855 1.0733774331466484
61570.9995 lsst_hardware_z 63.2215472575733 74.27999877929688 30.989999771118164 AB 14.13759352930998 1.088288529917101
61571.0199 lsst_hardware_r 104.11041169403346 100.45999908447266 31.649999618530273 AB 14.202029889360473 1.074107613933212
61575.0014 lsst_hardware_i -33.043325048353346 70.87000274658203 31.329999923706055 AB 4.316902586477099 1.0774299300691594
61575.0202 lsst_hardware_z -142.2060737478597 63.529998779296875 30.989999771118164 AB 4.21994385970701 1.0733218803833007
61576.9925 lsst_hardware_g -11.210747940419676 46.2599983215332 31.690000534057617 AB 5.9332505837034715 1.0796889331015869
61577.0105 lsst_hardware_r 36.34453598386548 57.5099983215332 31.6299991607666 AB 4.197200821167235 1.0730412427885045
61578.992 lsst_hardware_i -11.656964085285736 32.15999984741211 31.25 AB 9.055119974840231 1.0765806651816223
61579.0107 lsst_hardware_r -40.45862379228423 24.8799991607666 31.510000228881836 AB 3.4654947743257623 1.0735733501628755
61580.9911 lsst_hardware_u 1.5856331919765485 2.809999942779541 28.43000030517578 AB 5.375966693780893 1.0745844075918767
61581.0097 lsst_hardware_g 21.360233229450486 15.930000305175781 31.459999084472656 AB 5.465383855622606 1.0748755452253715
61582.9925 lsst_hardware_r -33.48632503416346 25.110000610351562 31.520000457763672 AB 8.157139108434192 1.0731195108446725
61583.0116 lsst_hardware_i 36.38511123397234 32.33000183105469 31.25 AB 8.902836364081416 1.078739411617765
61587.9771 lsst_hardware_y 64.38342672813164 68.27269699287925 30.790000915527344 AB 9.981864329260247 1.073318745081747
61588.0102 lsst_hardware_r 395.04822713259887 41.56895663303156 32.27000045776367 AB 9.642797606005145 1.090012728876408
61594.9593 lsst_hardware_z 1922.5669204261346 69.77603968768125 30.969999313354492 AB 3.3004102317520716 1.0731587259455773
61594.9814 lsst_hardware_g 3074.5223210474496 60.43606426425232 31.56999969482422 AB 3.387667247501639 1.0805956132380732
61805.3702 lsst_hardware_g -40.94787338598998 24.56999969482422 32.25 AB 9.01854490303996 1.077699052344953
61807.37 lsst_hardware_i -20.115625633616787 32.90999984741211 31.25 AB 4.629881324341513 1.0750498431133382
61808.3747 lsst_hardware_r -11.30303081516213 25.40999984741211 31.510000228881836 AB 5.140987177737283 1.0731629637276536
61810.3185 lsst_hardware_g -100.62605294064875 71.69000244140625 31.690000534057617 AB 6.150598713036126 1.1313526557594271
61810.3366 lsst_hardware_y 6.802635682027404 51.11000061035156 30.030000686645508 AB 7.255031418870265 1.097944069241597
61812.3684 lsst_hardware_r 14.84587014986981 96.05000305175781 31.649999618530273 AB 4.758286189263945 1.0730757601091379
61812.3853 lsst_hardware_y 54.0605984396165 66.73999786376953 30.049999237060547 AB 3.9998248751678736 1.0798906225845273
61816.3653 lsst_hardware_i -5.252751417161403 72.5 31.329999923706055 AB 4.3243084919671775 1.0748296755029336
61816.3827 lsst_hardware_z 56.12426910619786 69.23999786376953 30.989999771118164 AB 3.2106661230072397 1.0874398384444504
61818.2925 lsst_hardware_z -9.974048685767032 47.7400016784668 30.950000762939453 AB 5.592923762722398 1.1412577396386336
61818.3092 lsst_hardware_r -54.20507298123119 41.08000183105469 31.600000381469727 AB 5.4772853664699985 1.1065968145605762
61820.3396 lsst_hardware_z -78.48791551360614 60.7400016784668 31.700000762939453 AB 3.3695097444282034 1.0735196318369424
61820.3593 lsst_hardware_r 48.153633879980845 27.139999389648438 31.540000915527344 AB 3.365688373031199 1.07716390122348
61824.3305 lsst_hardware_r 16.236557164721248 24.399999618530273 31.510000228881836 AB 11.867117951053897 1.0732188967717746
61824.349 lsst_hardware_u -2.7319331131657485 2.7899999618530273 28.450000762939453 AB 10.597638447727105 1.077525049335931
61826.3375 lsst_hardware_g 9.283297056598895 15.319999694824219 31.440000534057617 AB 9.241928493388333 1.0746428480684107
61826.3555 lsst_hardware_r 11.736718303315849 24.43000030517578 31.5 AB 9.35289375239503 1.0875457851622128
61830.3072 lsst_hardware_z -9.626532072507315 59.68000030517578 31.700000762939453 AB 4.413777498913563 1.075045262380506
61830.3249 lsst_hardware_r -13.848992921403314 24.420000076293945 31.510000228881836 AB 4.428319471359391 1.0740961647797367
61832.2576 lsst_hardware_u 1.5868362350314575 2.6600000858306885 28.31999969482422 AB 6.682508908567403 1.1332688934823183
61832.2757 lsst_hardware_r -6.2417959598516015 24.389999389648438 31.489999771118164 AB 6.448366560286672 1.0991533909579556
61834.3163 lsst_hardware_i -8.165670566676157 31.690000534057617 31.25 AB 10.447104719185766 1.0748787350832465
61834.336 lsst_hardware_z 9.236111356786779 42.189998626708984 30.940000534057617 AB 10.561247149702169 1.0901932541628045
61838.2999 lsst_hardware_y -78.0616888301229 49.279998779296875 30.040000915527344 AB 7.728238333749235 1.0733664352429493
61838.3178 lsst_hardware_r -18.66023674603182 38.75 31.600000381469727 AB 7.795441249316799 1.082700173516222
61840.2989 lsst_hardware_i -6.914285326232391 81.87999725341797 31.329999923706055 AB 8.439176839675945 1.0745068550644188
61840.3182 lsst_hardware_z 53.02309604828173 71.80000305175781 30.979999542236328 AB 8.683430379075645 1.0885584027924842
61843.2461 lsst_hardware_z -54.52595055246726 129.88999938964844 31.739999771118164 AB 12.399808655894164 1.0985190720820326
61843.268 lsst_hardware_r 377.80930549292174 130.75 31.649999618530273 AB 11.729447093739482 1.076795816278727
61845.2734 lsst_hardware_i 92.29385923748295 61.27000045776367 31.31999969482422 AB 8.072766020371938 1.0731850204888085
61845.2935 lsst_hardware_z 33.64413732890534 58.900001525878906 30.969999313354492 AB 8.34809498145889 1.0786813801820467
61847.2756 lsst_hardware_r 5.089683002933128 39.869998931884766 31.600000381469727 AB 6.763569323606113 1.073412049453438
61847.2956 lsst_hardware_z 17.328450069297517 46.220001220703125 30.950000762939453 AB 6.7213114945192105 1.0848990898287398
61849.2665 lsst_hardware_g -8.23774013112288 20.700000762939453 31.549999237060547 AB 5.345865209003973 1.0730180230500572
61849.2862 lsst_hardware_r -23.687836049805234 27.719999313354492 31.530000686645508 AB 5.386210632012717 1.0813693527655988
61851.2652 lsst_hardware_i -10.992401779841819 31.850000381469727 31.239999771118164 AB 5.659811481859505 1.0735096935576691
61851.2844 lsst_hardware_z -49.89249795095421 42.540000915527344 30.940000534057617 AB 5.731169948639054 1.0846271666614569
61853.2646 lsst_hardware_r 16.04066595002025 24.600000381469727 31.510000228881836 AB 6.5703121792785675 1.0749416629356732
61853.2852 lsst_hardware_g 12.419328750505674 15.59000015258789 31.450000762939453 AB 6.667766926869371 1.0914810744189885
61855.2056 lsst_hardware_r -4.875938459020017 24.84000015258789 31.510000228881836 AB 8.16996679484731 1.1110814109359732
