data/validation/pwv_sim_epoch_fit_4/38765927.ecsv
# %ECSV 0.9
# ---
# datatype:
# - {name: time, datatype: float64}
# - {name: band, datatype: string}
# - {name: flux, datatype: float64}
# - {name: fluxerr, datatype: float64}
# - {name: zp, datatype: float64}
# - {name: zpsys, datatype: string}
# - {name: pwv, datatype: float64}
# - {name: airmass, datatype: float64}
# meta: {SNID: '38765927', alt: 1024.0, c: 0.03927433490753174, dec: -29.82786, lat: -30.244573, lon: -70.7499537, ra: 165.9375, t0: 61513.71875,
#   x0: 3.771251150186797e-06, x1: -0.00968242809176445, z: 0.6887401342391968}
# schema: astropy-2.0
time band flux fluxerr zp zpsys pwv airmass
[from data line 133]
61794.2274 lsst_hardware_i -18.30134603092094 31.0 31.239999771118164 AB 11.371024070005644 1.1290858971309263
61796.2173 lsst_hardware_u 0.6224532986295253 2.569999933242798 28.31999969482422 AB 16.10353573545114 1.1444485633893213
61796.2359 lsst_hardware_g 9.745017321685136 13.539999961853027 31.399999618530273 AB 15.320645194885042 1.0891582977204737
61798.1981 lsst_hardware_r -22.014897556173896 23.020000457763672 31.459999084472656 AB 12.800732762789107 1.1968894588863062
61798.2154 lsst_hardware_i 1.5895577337323878 30.950000762939453 31.229999542236328 AB 11.397335615123952 1.1325606772233143
61800.2017 lsst_hardware_z 2.8512373796932486 42.529998779296875 30.93000030517578 AB 14.340705581608084 1.1610967194241757
61800.2189 lsst_hardware_u -0.12395725560931664 2.4700000286102295 28.25 AB 13.60569343935557 1.1054349560737382
61802.2029 lsst_hardware_g 5.318557273608859 13.59000015258789 31.389999389648438 AB 12.839534041061992 1.1377522411220196
61802.2228 lsst_hardware_r 21.694736082106306 22.360000610351562 31.489999771118164 AB 13.475658756376976 1.0810435877696543
61811.2247 lsst_hardware_r -44.09652240839606 98.76000213623047 31.65999984741211 AB 4.44006249615318 1.0310540667589954
61811.2443 lsst_hardware_y -10.65162117360926 55.40999984741211 30.06999969482422 AB 4.3739521069726495 1.0098007865572258
61815.1099 lsst_hardware_z -177.7161604447483 67.52999877929688 30.940000534057617 AB 4.598793586551923 1.4418164085858471
61815.1302 lsst_hardware_r -61.40080071664793 79.75 31.59000015258789 AB 2.473316065359003 1.303803935350028
61819.1025 lsst_hardware_i 18.7367710396341 33.150001525878906 31.200000762939453 AB 7.9139059274454375 1.4147132512415872
61819.1219 lsst_hardware_z -42.389680353021184 44.22999954223633 30.93000030517578 AB 7.176399975398087 1.2888649381103066
61821.1019 lsst_hardware_r 18.72808816841984 23.84000015258789 31.450000762939453 AB 4.407012541105187 1.3796345218945592
61821.1222 lsst_hardware_u -0.6256099293787665 2.7200000286102295 28.389999389648438 AB 4.020796883273059 1.258006012391842
61823.1207 lsst_hardware_g 17.3825559260147 13.989999771118164 31.3700008392334 AB 7.607908926934109 1.2382664269098484
61823.1389 lsst_hardware_r 5.735941946766107 23.219999313354492 31.479999542236328 AB 7.585922409666222 1.161110572908095
61825.1146 lsst_hardware_i 11.983143337525856 31.950000762939453 31.219999313354492 AB 9.634619959891793 1.241374773379519
61825.1348 lsst_hardware_z -18.54284349718593 42.61000061035156 30.940000534057617 AB 10.823064729184729 1.1561456412033253
61827.1073 lsst_hardware_r -0.27820164318041846 23.510000228881836 31.459999084472656 AB 7.153808045888029 1.250483562281957
61827.127 lsst_hardware_g -1.9704643735531568 13.880000114440918 31.3700008392334 AB 6.3385446967790315 1.1647454422600205
61831.0985 lsst_hardware_z -89.9941561475073 44.06999969482422 30.920000076293945 AB 3.65799900984175 1.2399996643531357
61831.1179 lsst_hardware_i 23.18830581328174 31.459999084472656 31.229999542236328 AB 3.4362417297229477 1.1580234991202925
61835.1091 lsst_hardware_r -7.627861200097836 33.790000915527344 31.549999237060547 AB 8.230911916457183 1.1504256312603218
61835.1291 lsst_hardware_i 77.36319389647547 35.209999084472656 31.260000228881836 AB 8.357178008068031 1.0899719165378703
61839.1018 lsst_hardware_z 97.52140173356742 63.72999954223633 30.979999542236328 AB 12.710662335890467 1.1380134897462129
61839.1235 lsst_hardware_r 79.92079831554015 86.0199966430664 31.649999618530273 AB 12.035120326257621 1.0769682618575054
61841.1033 lsst_hardware_i 21.022847122795664 99.81999969482422 31.329999923706055 AB 8.907858018800415 1.1160398436584358
61841.1251 lsst_hardware_z -67.26748913502124 83.41000366210938 31.0 AB 8.742597490062995 1.0615101372101676
61844.0958 lsst_hardware_i -61.18532508194284 58.27000045776367 31.309999465942383 AB 9.857861066516039 1.1139875016310001
61844.1162 lsst_hardware_z -16.539084207838307 55.4900016784668 30.969999313354492 AB 9.560554031307388 1.0629727450726272
61850.0916 lsst_hardware_u 3.4139359888970566 3.6700000762939453 29.09000015258789 AB 5.298814517199011 1.0813907177957165
61850.1087 lsst_hardware_g -32.922222272694306 19.68000030517578 32.15999984741211 AB 5.125525890706554 1.0460256919809294
61852.0822 lsst_hardware_r 36.70846605587608 22.969999313354492 31.479999542236328 AB 6.541088181913924 1.0912119527187774
61852.0996 lsst_hardware_i -32.592486261284414 30.559999465942383 31.239999771118164 AB 6.420922737783296 1.0526102848825076
61854.0883 lsst_hardware_z -58.122719979368554 41.540000915527344 30.940000534057617 AB 9.551258258653242 1.0642169296264488
61854.1053 lsst_hardware_r 21.646366237746935 22.780000686645508 31.5 AB 9.112971798679933 1.033929879680422
61856.0832 lsst_hardware_u 1.8903103396268155 2.690000057220459 28.420000076293945 AB 6.7026430044158865 1.063461445591689
61856.1005 lsst_hardware_g -0.8039770119738315 14.039999961853027 31.43000030517578 AB 6.624901880171607 1.032962014527428
61858.0799 lsst_hardware_r 28.041334166696426 22.690000534057617 31.489999771118164 AB 7.1383091876268185 1.05904394257853
61858.0987 lsst_hardware_z -33.13737293199356 40.779998779296875 30.950000762939453 AB 7.072697459010589 1.0278714016800905
61860.0773 lsst_hardware_r 18.578645951662125 22.579999923706055 31.479999542236328 AB 5.035063613192279 1.0534707842226816
61860.0963 lsst_hardware_u -3.954147354998303 2.5899999141693115 28.3700008392334 AB 5.273404344574355 1.0239620086551888
61862.0734 lsst_hardware_g 7.533302019247167 15.1899995803833 31.450000762939453 AB 9.128053158343919 1.0505599952057452
61862.0918 lsst_hardware_r 25.565605116510138 22.639999389648438 31.489999771118164 AB 8.81448104076038 1.0227989139893687
61863.9981 lsst_hardware_y 92.81030078378075 50.560001373291016 29.959999084472656 AB 8.060661186345088 1.2941057493630326
61864.0193 lsst_hardware_g 8.24390132385064 29.360000610351562 31.59000015258789 AB 6.074201974655671 1.1910199950305238
61867.9767 lsst_hardware_y -37.83805963599961 91.16999816894531 29.959999084472656 AB 11.85119171412448 1.358380619419379
61867.9951 lsst_hardware_i -76.52199385451352 78.25 31.290000915527344 AB 10.942806603895809 1.2517509270070701
61871.9746 lsst_hardware_y -83.98382608430343 71.80000305175781 29.969999313354492 AB 7.056309087579334 1.303605712430957
61871.9914 lsst_hardware_g 157.7380992454875 58.869998931884766 31.649999618530273 AB 6.606770391070374 1.217239524240688
61873.9731 lsst_hardware_y 24.799788220238906 77.29000091552734 29.979999542236328 AB 6.241356606366402 1.2812638658180964
61873.9905 lsst_hardware_i 26.769706246790857 32.22999954223633 31.239999771118164 AB 5.768765181373881 1.1972739441444262
61877.9716 lsst_hardware_y 31.27552243144132 67.5 30.0 AB 13.908833488161518 1.2331072732090533
61877.9913 lsst_hardware_r 42.34049296538695 23.15999984741211 31.479999542236328 AB 12.981977461320332 1.151803518882116
61879.9822 lsst_hardware_y 19.35939713826564 48.84000015258789 30.010000228881836 AB 10.67240286650215 1.16506708633261
61880.0033 lsst_hardware_z -39.70118427286 41.70000076293945 30.950000762939453 AB 7.668453216701837 1.0976494137343835
61882.9696 lsst_hardware_y 62.350699314669036 64.37000274658203 30.020000457763672 AB 7.713700439346338 1.1821461172403778
61882.9886 lsst_hardware_u -3.272260190310534 2.5799999237060547 28.299999237060547 AB 7.2592913651724515 1.1160986083545266
61884.9692 lsst_hardware_y 1.288837840135233 58.08000183105469 30.020000457763672 AB 15.83681245580998 1.1626335172932172
61884.9884 lsst_hardware_r -16.523222009134788 22.6200008392334 31.489999771118164 AB 15.027927875477621 1.1010344807935395
61888.9683 lsst_hardware_z 5.220986213769286 70.63999938964844 31.709999084472656 AB 12.12678701281224 1.1281694109865714
61888.994 lsst_hardware_g 4.192432872057468 19.43000030517578 32.15999984741211 AB 11.227059713126618 1.06158520323633
61890.9728 lsst_hardware_y 28.20827081932578 48.849998474121094 30.020000457763672 AB 12.392297919035284 1.0989002322457466
61890.9922 lsst_hardware_i 11.468008349855728 30.950000762939453 31.25 AB 12.185990234607972 1.0543338150725015
61896.9645 lsst_hardware_y -27.153972605967542 63.0 30.059999465942383 AB 4.546017751246575 1.0784479878016546
61896.9836 lsst_hardware_z -77.82160200946898 64.63999938964844 30.989999771118164 AB 3.793428806617966 1.0405784684184243
61898.9667 lsst_hardware_y -78.47703038635811 60.720001220703125 30.059999465942383 AB 9.339721357075131 1.0615732390401627
61898.9859 lsst_hardware_z -78.74699424740251 67.36000061035156 30.989999771118164 AB 9.043971309801872 1.0290102753216375
61902.9629 lsst_hardware_y 46.514254334661366 51.599998474121094 30.049999237060547 AB 8.139294206533071 1.047932819175095
61902.9826 lsst_hardware_u 2.1007767415118233 2.6600000858306885 28.440000534057617 AB 7.913730206129673 1.0196353984877742
