data/validation/pwv_sim_epoch_fit_4/39040790.ecsv
# %ECSV 0.9
# ---
# datatype:
# - {name: time, datatype: float64}
# - {name: band, datatype: string}
# - {name: flux, datatype: float64}
# - {name: fluxerr, datatype: float64}
# - {name: zp, datatype: float64}
# - {name: zpsys, datatype: string}
# - {name: pwv, datatype: float64}
# - {name: airmass, datatype: float64}
# meta: {SNID: '39040790', alt: 1024.0, c: -0.11405128985643387, dec: -1.342993, lat: -30.244573, lon: -70.7499537, ra: 146.953125, t0: 60782.22265625,
#   x0: 4.636268394496569e-06, x1: 0.9078120589256287, z: 0.6319413781166077}
# schema: astropy-2.0
time band flux fluxerr zp zpsys pwv airmass
[from data line 132]
61065.2331 lsst_hardware_r 30.54329549254561 24.290000915527344 31.479999542236328 AB 9.976856976757357 1.156815279498018
61065.2524 lsst_hardware_i -51.38129087522113 32.16999816894531 31.229999542236328 AB 10.633739280533453 1.1420926649876166
61067.2145 lsst_hardware_z 33.37297680566156 43.380001068115234 30.93000030517578 AB 12.751616354563481 1.1769636360856057
61067.2316 lsst_hardware_i -16.57121589940978 32.040000915527344 31.229999542236328 AB 12.615763787984339 1.152387649050855
61069.2142 lsst_hardware_z 104.21529667080586 49.38999938964844 30.950000762939453 AB 12.411220980036903 1.1680233060971128
61069.2341 lsst_hardware_g -10.054407998257641 33.560001373291016 31.6299991607666 AB 12.06902448908065 1.1457028231070945
61071.2062 lsst_hardware_r -105.5921197134386 92.19999694824219 31.6299991607666 AB 12.100562572324884 1.1722511574061405
61071.2239 lsst_hardware_i 90.42152486793742 73.9800033569336 31.31999969482422 AB 12.319263572986445 1.1493279860355559
61072.2143 lsst_hardware_z 37.19482867709979 120.2300033569336 31.729999542236328 AB 14.481942952814704 1.1564353048329825
61074.215 lsst_hardware_z -185.55899695643396 99.0 30.979999542236328 AB 10.351924692706318 1.1499583084543787
61074.2322 lsst_hardware_r 83.69965159672006 145.74000549316406 31.6299991607666 AB 10.276380154889404 1.1411015458662368
61076.2116 lsst_hardware_i -12.59808207619804 72.5 31.309999465942383 AB 6.121366705777134 1.1481868273934852
61076.2293 lsst_hardware_z 32.33031358723415 66.33999633789062 30.969999313354492 AB 6.1141908070990505 1.1409200983577363
61080.1785 lsst_hardware_z 36.25905185358391 45.209999084472656 30.940000534057617 AB 6.661460256914087 1.1779076252942293
61080.1976 lsst_hardware_g -8.763466397633065 28.649999618530273 31.600000381469727 AB 6.474216580107695 1.1509036347667045
61082.1887 lsst_hardware_i 4.996674088974011 32.43000030517578 31.239999771118164 AB 3.1170475092426595 1.1544620404602441
61082.2058 lsst_hardware_r -13.42011805343476 25.649999618530273 31.510000228881836 AB 3.083791204604988 1.1421448905944398
61084.1628 lsst_hardware_z 29.50426270567166 43.599998474121094 30.93000030517578 AB 4.431021431869978 1.1875434323269418
61084.1789 lsst_hardware_u 0.29793206386533844 2.6700000762939453 28.31999969482422 AB 4.7352655020216305 1.1597515312323365
61086.1592 lsst_hardware_g 10.444791728794813 15.1899995803833 31.40999984741211 AB 3.489781199574243 1.1836454040387483
61086.1756 lsst_hardware_r -15.172730672161146 24.469999313354492 31.489999771118164 AB 4.397771533004458 1.1570038234686657
61092.1599 lsst_hardware_g 3.6428038218729895 15.270000457763672 31.420000076293945 AB 5.841125514002517 1.1561815450396735
61092.1772 lsst_hardware_r 9.840491964723384 24.510000228881836 31.489999771118164 AB 7.067038556786846 1.1426093058669111
61096.1853 lsst_hardware_z -87.17752880867289 42.900001525878906 30.940000534057617 AB 10.645780701195191 1.143283619992503
61096.2026 lsst_hardware_g 14.109468210820175 15.130000114440918 31.420000076293945 AB 10.848157562594302 1.158125073406032
61101.1258 lsst_hardware_i -12.988762413376941 116.94999694824219 31.31999969482422 AB 3.8809168018262747 1.169684832900045
61101.1436 lsst_hardware_z -86.23911352158515 98.80999755859375 30.989999771118164 AB 3.8021680531992974 1.147968716527653
61103.1228 lsst_hardware_z -37.16971021235675 92.0999984741211 30.979999542236328 AB 5.308714668271697 1.1657683274029271
61103.1407 lsst_hardware_r 126.85988158581374 136.33999633789062 31.639999389648438 AB 6.140263879094253 1.1460705305346084
61105.1264 lsst_hardware_i 80.65554237032718 67.62000274658203 31.309999465942383 AB 8.761978424114272 1.1539040944838812
61105.1451 lsst_hardware_r -29.50405404335054 81.91000366210938 31.6299991607666 AB 8.701580987332074 1.1415402729576798
61107.1169 lsst_hardware_z -69.35399263635993 49.63999938964844 30.950000762939453 AB 11.940432991618488 1.1587028618746742
61107.1349 lsst_hardware_g -53.98669736844501 50.689998626708984 31.68000030517578 AB 13.122634797575873 1.1431696375383649
61109.1175 lsst_hardware_r 14.710224066361254 30.139999389648438 31.530000686645508 AB 12.899289828232666 1.1517908650722608
61109.1354 lsst_hardware_i -62.417130006118455 36.47999954223633 31.260000228881836 AB 12.019223149616687 1.1412821880372876
61114.1151 lsst_hardware_r -37.84878995793061 24.010000228881836 31.489999771118164 AB 10.279954961856316 1.1434877599395235
61114.134 lsst_hardware_z 4.907065958571539 42.869998931884766 30.940000534057617 AB 11.383062907177074 1.1423903361695134
61116.1147 lsst_hardware_r -67.0158184068569 24.229999542236328 31.479999542236328 AB 8.687785642209448 1.1416275482535567
61116.1353 lsst_hardware_u 4.1853778193806335 2.7200000286102295 28.3700008392334 AB 9.435893388545585 1.1458859551945253
61118.0789 lsst_hardware_u -3.7601926381384616 2.680000066757202 28.360000610351562 AB 8.783709976013348 1.1704850498840689
61118.0985 lsst_hardware_g -14.344128389180673 14.720000267028809 31.420000076293945 AB 9.33331896411198 1.1469516392149899
61120.08 lsst_hardware_r -7.477919731685912 24.040000915527344 31.489999771118164 AB 4.527313321708574 1.1605519922349588
61120.0993 lsst_hardware_i 28.14132648571586 31.940000534057617 31.25 AB 5.601751207823196 1.1432145322088154
61124.0672 lsst_hardware_z 27.692688679207194 43.65999984741211 30.940000534057617 AB 12.080757000065036 1.1631770652864466
61124.0852 lsst_hardware_g 8.372499792115192 18.940000534057617 31.5 AB 10.23253083676638 1.1448878802173785
61126.0657 lsst_hardware_r -81.37569111539337 50.33000183105469 31.600000381469727 AB 7.29476446382089 1.157837859978945
61126.0834 lsst_hardware_z 59.904049505467256 50.599998474121094 30.950000762939453 AB 7.363768013254272 1.142998527474479
61128.0639 lsst_hardware_r -170.62047660819053 93.54000091552734 31.6299991607666 AB 7.851989029649222 1.153573314835831
61128.0823 lsst_hardware_y 17.216205132292096 58.220001220703125 30.020000457763672 AB 7.743418366933674 1.141535877189222
61130.0585 lsst_hardware_z -7.402475188776478 87.38999938964844 30.979999542236328 AB 5.5235718072648785 1.1535077388044082
61130.0767 lsst_hardware_r 207.3507375175309 124.88999938964844 31.639999389648438 AB 5.450803923957882 1.1415694629392752
61133.0586 lsst_hardware_i 13.632308312898072 75.66999816894531 31.309999465942383 AB 6.895215105249181 1.1461937589243538
61133.0777 lsst_hardware_z -117.4800014598824 67.61000061035156 30.969999313354492 AB 6.942296397548882 1.1412150408990502
61135.0576 lsst_hardware_r -114.58650908382477 59.369998931884766 31.6200008392334 AB 8.941902598369845 1.1435632958951933
61135.0753 lsst_hardware_z 61.94482472189963 52.40999984741211 30.959999084472656 AB 8.93706395214534 1.141934381363404
61139.0543 lsst_hardware_z -59.88321948596593 43.2400016784668 30.940000534057617 AB 8.753147264737859 1.1411442884737446
61139.0737 lsst_hardware_r -22.292871669965283 24.229999542236328 31.489999771118164 AB 8.785994519483067 1.1467222187226382
61142.0176 lsst_hardware_r 13.515919277830282 24.030000686645508 31.5 AB 5.809459904941359 1.1638317004890868
61142.0353 lsst_hardware_u 1.995805039368061 2.869999885559082 28.510000228881836 AB 5.76635559798574 1.1453491215067264
61148.0126 lsst_hardware_i 21.319202113774352 32.5 31.25 AB 12.307794651753442 1.1502611824068638
61148.0316 lsst_hardware_z 8.590092267905828 43.41999816894531 30.950000762939453 AB 12.208148242573158 1.140948433885342
61150.0121 lsst_hardware_r -29.628306063543665 24.34000015258789 31.5 AB 7.979327818064168 1.1462492825374995
61150.0295 lsst_hardware_u 3.462704883845962 2.740000009536743 28.399999618530273 AB 7.9081933935949005 1.1409888030002742
61152.0075 lsst_hardware_g 13.67708252374295 17.950000762939453 31.479999542236328 AB 10.550835407963794 1.1456676641049435
61152.0256 lsst_hardware_i -41.19698875256757 33.099998474121094 31.239999771118164 AB 10.696554913104638 1.1411788774549532
61154.0048 lsst_hardware_z -9.775723676903443 47.290000915527344 30.950000762939453 AB 10.116667103185051 1.1440311097122076
61154.0212 lsst_hardware_r 41.92602891836688 40.18000030517578 31.579999923706055 AB 10.08914379177519 1.1413704159483216
61158.0092 lsst_hardware_r -86.8156830307569 90.27999877929688 31.6299991607666 AB 1.7117655157232505 1.141177010482167
61158.0265 lsst_hardware_i 64.35437212767751 75.51000213623047 31.309999465942383 AB 1.7259320353401364 1.1506213568934243
61161.9709 lsst_hardware_y 71.53231814115541 57.18000030517578 30.030000686645508 AB 10.649098114670743 1.153748441459452
61161.9901 lsst_hardware_z -75.06919380210667 60.380001068115234 30.969999313354492 AB 10.555611028669315 1.1413939261104362
61163.9676 lsst_hardware_y 9.389786637390369 53.529998779296875 30.010000228881836 AB 12.591782729908454 1.1515119094566488
61163.9856 lsst_hardware_i -63.844133143967085 47.56999969482422 31.290000915527344 AB 12.423536858331019 1.141213628047401
61166.9676 lsst_hardware_y 8.327365771799684 51.310001373291016 30.010000228881836 AB 4.667785270046136 1.1450004750726415
61166.9858 lsst_hardware_r 29.139707430067197 24.700000762939453 31.5 AB 4.235134073330335 1.1413917459457945
61168.9596 lsst_hardware_y -175.20859985658362 64.25 30.020000457763672 AB 10.038499926670552 1.1466892502764976
61168.9713 lsst_hardware_g 2.657724219651055 16.040000915527344 31.43000030517578 AB 9.975230695391678 1.141330743179826
61170.9626 lsst_hardware_z 16.864468000027728 48.86000061035156 30.959999084472656 AB 8.58704111214111 1.142197540854098
61170.981 lsst_hardware_i 50.01311055910402 32.599998474121094 31.239999771118164 AB 8.590234686964626 1.1435095982470163
61173.9612 lsst_hardware_y 72.60409024562254 55.40999984741211 30.020000457763672 AB 8.241633040425196 1.1409210060115498
61173.9805 lsst_hardware_r 22.383030219448035 25.209999084472656 31.5 AB 8.352036500439699 1.1485725189694749
61175.9597 lsst_hardware_y 47.42835309791908 56.650001525878906 30.020000457763672 AB 8.391850245921264 1.1411273111124915
61175.9782 lsst_hardware_r -27.04559718548534 24.829999923706055 31.5 AB 8.322613990695151 1.1514407845456371
