data/validation/pwv_sim_epoch_fit_4/39122238.ecsv
# %ECSV 0.9
# ---
# datatype:
# - {name: time, datatype: float64}
# - {name: band, datatype: string}
# - {name: flux, datatype: float64}
# - {name: fluxerr, datatype: float64}
# - {name: zp, datatype: float64}
# - {name: zpsys, datatype: string}
# - {name: pwv, datatype: float64}
# - {name: airmass, datatype: float64}
# meta: {SNID: '39122238', alt: 1024.0, c: -0.04872022569179535, dec: -4.181528, lat: -30.244573, lon: -70.7499537, ra: 6.152344, t0: 61699.5703125,
#   x0: 4.26888629504454e-06, x1: 0.6325908303260803, z: 0.6542361974716187}
# schema: astropy-2.0
time band flux fluxerr zp zpsys pwv airmass
61588.4004 lsst_hardware_r -20.46965302520509 25.920000076293945 31.520000457763672 AB 8.434869560288584 1.1423944687869607
61588.4161 lsst_hardware_y -36.569559371855256 48.619998931884766 30.020000457763672 AB 8.31062488565542 1.12327245787893
61590.4372 lsst_hardware_r 1.1375381007072456 27.299999237060547 31.530000686645508 AB 6.45974061416954 1.1155756176788176
61597.3437 lsst_hardware_i -0.3090301107549237 47.349998474121094 31.989999771118164 AB 11.445445232119292 1.2202509243075073
61597.3693 lsst_hardware_y 70.42782139072645 48.68000030517578 30.010000228881836 AB 10.827258099652804 1.1537691450731602
61599.4348 lsst_hardware_r 16.32480700772242 26.459999084472656 31.510000228881836 AB 7.292955324792814 1.1323878667966871
61610.3809 lsst_hardware_r -17.581567377635675 80.97000122070312 31.639999389648438 AB 5.983758630000135 1.1151765605926731
61610.3989 lsst_hardware_y -58.43270747319073 56.0099983215332 30.030000686645508 AB 6.05923598990446 1.12583351726207
61616.3689 lsst_hardware_g 23.171091967724692 15.380000114440918 31.440000534057617 AB 5.328982681660376 1.1164849532077292
61616.391 lsst_hardware_r 21.053848822357246 24.709999084472656 31.5 AB 5.388526534458235 1.1358215073511122
61618.3299 lsst_hardware_r -3.9691817136645398 34.56999969482422 32.25 AB 5.468390650723465 1.127406370735995
61618.3492 lsst_hardware_i -36.83131812128953 45.290000915527344 32.0 AB 5.831725252072486 1.1152303270895592
61621.3341 lsst_hardware_z -76.62501276390215 60.56999969482422 31.690000534057617 AB 2.108421838068777 1.117735556495199
61621.3532 lsst_hardware_r 23.71672833545239 24.540000915527344 31.5 AB 2.087986104086769 1.1157745479622918
61623.3179 lsst_hardware_u 0.848046301378068 2.75 28.40999984741211 AB 3.1152664996605908 1.1257286797135355
61623.3389 lsst_hardware_g -22.045892721080474 15.3100004196167 31.450000762939453 AB 2.928080686317292 1.114751530323842
61625.3221 lsst_hardware_r 4.524008360521662 24.139999389648438 31.489999771118164 AB 2.8565439348704054 1.118312906774268
61625.3425 lsst_hardware_z 61.56986651093688 42.349998474121094 30.940000534057617 AB 2.898962084066741 1.115843758301286
61628.3168 lsst_hardware_r -18.37497507455444 24.25 31.5 AB 6.287496945823281 1.1168837278307633
61628.3406 lsst_hardware_u 0.8281416438686681 2.680000066757202 28.360000610351562 AB 6.040790947601567 1.1186649902965864
61643.2542 lsst_hardware_r -13.582591775005751 24.290000915527344 31.489999771118164 AB 2.528205209715801 1.1365274037832327
61643.2675 lsst_hardware_i -19.608696296997547 31.8799991607666 31.239999771118164 AB 2.4687847574561546 1.122004889012038
61648.2344 lsst_hardware_z -6.216067511823737 43.08000183105469 30.940000534057617 AB 4.735290807952534 1.146004551779413
61648.2503 lsst_hardware_r -2.0016864475052367 24.360000610351562 31.489999771118164 AB 5.607238586162422 1.1251043062277246
61650.2309 lsst_hardware_i -45.97944558801612 32.029998779296875 31.239999771118164 AB 2.489086860408435 1.1427877080346336
61650.2477 lsst_hardware_u 2.0977920805639076 2.680000066757202 28.360000610351562 AB 2.4596318506575874 1.1225642645529625
61652.2329 lsst_hardware_g -8.863508008334403 15.210000038146973 31.420000076293945 AB 1.8847557662593717 1.1322121142927744
61652.2505 lsst_hardware_r -30.12969512880689 24.31999969482422 31.489999771118164 AB 2.473007355287098 1.1172384708773877
61654.2342 lsst_hardware_i 25.97760326283709 32.13999938964844 31.239999771118164 AB 0.4778691098994743 1.1248390189866009
61654.2529 lsst_hardware_r -35.21765182254287 24.479999542236328 31.5 AB 0.9448759368195863 1.114897860554084
61656.2094 lsst_hardware_z -17.38869406356825 63.43000030517578 31.700000762939453 AB 2.7699393852786076 1.1515823386690442
61673.1783 lsst_hardware_r 35.27607150709742 25.727977298673416 31.5 AB 7.015213366636004 1.1289822356284054
61673.1979 lsst_hardware_g 15.296085040538308 16.304421636583186 31.459999084472656 AB 6.973639897016136 1.1155146600041808
61677.1763 lsst_hardware_r 248.1157557635051 29.46109537723145 31.510000228881836 AB 4.506254895947533 1.120773063160496
61677.1948 lsst_hardware_i 227.7813845913418 35.75809155605171 31.25 AB 4.505478037894832 1.11475745267501
61679.1411 lsst_hardware_i 314.62684775541163 37.79494950408533 31.239999771118164 AB 7.074750578442226 1.1624949601710568
61679.1604 lsst_hardware_z 320.69231706703147 46.02183515272662 30.940000534057617 AB 6.703365229781947 1.130733522032378
61681.1434 lsst_hardware_r 578.55588529865 34.421460341430496 31.489999771118164 AB 3.5967014807782536 1.1475477325606616
61681.162 lsst_hardware_u -2.802480947407293 2.8968850589222983 28.459999084472656 AB 3.518697726157173 1.1234667069466233
61685.1421 lsst_hardware_i 801.7693077290826 45.096090654728535 31.260000228881836 AB 4.312566285899313 1.1330967645557837
61685.1601 lsst_hardware_z 513.2153137539475 50.092627247636415 30.950000762939453 AB 4.301178008029702 1.1173825791556207
61687.136 lsst_hardware_r 1234.7348530554477 57.313121303363566 31.600000381469727 AB 3.982901122649041 1.1339220278004387
61687.1549 lsst_hardware_z 675.8785940971426 54.29419591960895 30.959999084472656 AB 3.9216728561956513 1.1172591883940983
61690.1339 lsst_hardware_r 1640.012595382547 103.73284115098379 31.639999389648438 AB 6.824002467904483 1.1268167879630917
61690.153 lsst_hardware_i 1211.820475252262 85.76786119935072 31.31999969482422 AB 6.70455219785484 1.1151640614068044
61691.14 lsst_hardware_z 851.3782127839172 91.76954926143968 30.989999771118164 AB 6.498469349945379 1.1194606976649095
61691.158 lsst_hardware_i 1255.1234169896682 107.15496850844912 31.329999923706055 AB 6.502183926191355 1.1148990085632102
61693.1047 lsst_hardware_r 1599.9298664372463 153.29100282863993 31.639999389648438 AB 7.183966677097615 1.1587043027576798
61693.1226 lsst_hardware_z 804.0238795061 103.0431933491021 30.989999771118164 AB 7.007435664258505 1.1302315587513718
61695.111 lsst_hardware_g 329.51070448259304 105.61595852831582 31.700000762939453 AB 7.8398643765596105 1.1382743196456613
61695.1278 lsst_hardware_r 1702.210975438217 109.26092775245205 31.639999389648438 AB 7.170003599330624 1.1203130623954098
61697.1091 lsst_hardware_i 1492.6548228252068 55.64312367956976 31.280000686645508 AB 4.768012265615964 1.1333969966996744
61697.1255 lsst_hardware_z 889.7181684302744 57.264169405174584 30.959999084472656 AB 4.3011078846093325 1.1183327833097587
61701.1028 lsst_hardware_r 1450.012286014111 44.76228945762653 31.5 AB 6.035780180001113 1.1279372435919917
61701.1196 lsst_hardware_g 302.7293766063091 22.685938008602204 31.43000030517578 AB 5.943275916231035 1.1160732214136522
61706.0757 lsst_hardware_i 1169.7150690017143 46.89985778470061 31.239999771118164 AB 3.0728424890580217 1.146583018305232
61706.0914 lsst_hardware_z 935.0990676885081 51.70467700239682 30.940000534057617 AB 4.152808209510438 1.1256256440667973
61708.0789 lsst_hardware_r 1146.2173626493882 41.032744509739345 31.489999771118164 AB 5.906857600770942 1.133608802604364
61708.0978 lsst_hardware_u -4.101766759742211 2.762251671195955 28.34000015258789 AB 6.702876343871696 1.1171460573119494
61721.0554 lsst_hardware_z 599.6445179117231 88.39136693754278 30.979999542236328 AB 5.06374540002398 1.1213313305093502
61721.0728 lsst_hardware_r 770.1158928789272 124.17224350772781 31.639999389648438 AB 4.977585453173901 1.1146967516673274
61723.051 lsst_hardware_z 709.8972311543356 73.61870553388935 30.979999542236328 AB 4.317116119588412 1.1205527218173763
61723.0691 lsst_hardware_r 573.5390987661092 101.53780735103885 31.639999389648438 AB 4.314064099927648 1.1147452454594597
61725.0539 lsst_hardware_i 517.8297742036507 39.62401332999119 31.239999771118164 AB 6.6350043334198014 1.116127228903224
61725.0709 lsst_hardware_z 531.2793353950293 55.982766228650476 30.959999084472656 AB 6.6506013749873345 1.1163409777570013
61727.0251 lsst_hardware_y 279.43503191050587 53.50659367784645 30.020000457763672 AB 8.614498669498985 1.1361776140199136
61727.045 lsst_hardware_r 317.94670481799295 30.56324488130321 31.489999771118164 AB 7.367103350841703 1.1175824257951614
61730.0269 lsst_hardware_y 122.94115669490161 52.82506751167033 30.030000686645508 AB 5.154219609973125 1.1246387977248802
61730.0472 lsst_hardware_g 42.50057395715907 16.388953949624874 31.450000762939453 AB 4.338892346672123 1.1147278444820048
61733.0293 lsst_hardware_z 404.3760718603041 49.387368614017646 30.950000762939453 AB 8.648644282247778 1.1172515543531558
61733.0484 lsst_hardware_i 398.2632114589733 37.295611006194875 31.25 AB 8.47010583813973 1.1161030225509643
61735.024 lsst_hardware_y 150.590283087466 64.10713462305993 30.040000915527344 AB 5.356301359791213 1.1171762143688002
61735.043 lsst_hardware_r 220.77053499751386 28.504522638197013 31.5 AB 4.8793208975794835 1.1161237280015124
61737.026 lsst_hardware_y 201.91445119147681 59.59385270224937 30.040000915527344 AB 4.977603164890245 1.1149295923149063
61737.0462 lsst_hardware_r 221.98866419633367 28.16165104813425 31.5 AB 4.2824320249891175 1.1207621107011563
61952.4055 lsst_hardware_z 70.58793456052891 61.650001525878906 31.690000534057617 AB 11.056744997176528 1.1398706182656215
61957.4314 lsst_hardware_z 4.25064265146716 53.060001373291016 30.969999313354492 AB 5.821105694002309 1.1153680195444164
61959.41 lsst_hardware_i 89.22347496897426 95.77999877929688 32.06999969482422 AB 1.570593907089268 1.117065367773306
61959.4325 lsst_hardware_y 8.981819823826076 55.25 30.030000686645508 AB 2.3533765242358182 1.117816588459065
61963.4087 lsst_hardware_z -49.86164658438326 64.0199966430664 30.979999542236328 AB 8.670244989230195 1.1147497655787593
61963.4291 lsst_hardware_y -77.11696253865107 55.7599983215332 30.030000686645508 AB 9.805991528167631 1.1229091756814602
61966.3781 lsst_hardware_r 32.27092406222117 52.22999954223633 31.610000610351562 AB 5.325008098468201 1.1263303047894244
61966.3992 lsst_hardware_i 45.277597914695534 49.0099983215332 31.299999237060547 AB 5.264806253293875 1.1148345692522763
61967.3961 lsst_hardware_z 56.61016192285463 66.5 31.700000762939453 AB 3.886443126606038 1.1148718091239351
61982.3335 lsst_hardware_u -0.9134630985610956 2.700000047683716 28.360000610351562 AB 4.422319824356082 1.12728009797504
61982.353 lsst_hardware_g 12.526606803608823 15.260000228881836 31.43000030517578 AB 4.362878661798806 1.115207769385798
61984.3368 lsst_hardware_r -49.11170677985903 40.63999938964844 31.59000015258789 AB 1.603759390320792 1.1198133762277147
61984.3565 lsst_hardware_i -4.346419751019548 39.61000061035156 31.280000686645508 AB 1.59966036053496 1.1151344444299263
61991.2935 lsst_hardware_i -203.48328375557156 95.02999877929688 31.31999969482422 AB 5.1251738147354216 1.1489274383864199
61991.3157 lsst_hardware_z -62.91836524025923 81.69000244140625 30.989999771118164 AB 5.013701651598702 1.1212154271186066
61993.2928 lsst_hardware_i 40.0613790110815 75.5 31.31999969482422 AB 6.4505708045993195 1.1410544186914684
61993.3176 lsst_hardware_z -55.64275360285415 67.80999755859375 30.979999542236328 AB 6.295562845325135 1.1168946502646602
61996.2887 lsst_hardware_z -32.697572513670266 46.20000076293945 30.950000762939453 AB 4.086078821999167 1.1351532784810743
61996.3101 lsst_hardware_g 22.138447425013183 32.33000183105469 31.639999389648438 AB 3.754787171082786 1.1166099834702972
62000.2851 lsst_hardware_r -36.811368862732984 24.56999969482422 31.510000228881836 AB 3.3585370315930314 1.1265218129225285
62000.3054 lsst_hardware_i -38.02564758745589 32.189998626708984 31.25 AB 3.735667796985904 1.1149583038310413
62010.1722 lsst_hardware_g 56.86794936076506 29.200000762939453 31.510000228881836 AB 6.128779494760999 1.4252975569211626
62010.1963 lsst_hardware_r 11.478613542195731 31.25 31.520000457763672 AB 5.536929801124132 1.287658093284682
62012.234 lsst_hardware_r -17.455505061915026 43.09000015258789 31.59000015258789 AB 3.2070346648651054 1.1528838554382044
62012.2529 lsst_hardware_i -14.877979324209106 41.22999954223633 31.280000686645508 AB 3.093580973474282 1.1259621377522409
62014.2198 lsst_hardware_z -29.930327065690086 53.9900016784668 30.959999084472656 AB 1.8691150100697702 1.1712470036990728
62014.2363 lsst_hardware_i -2.225171970297102 53.189998626708984 31.299999237060547 AB 1.8844588671866265 1.1397936696693305
62029.1905 lsst_hardware_r 6.754328696392434 25.010000228881836 31.5 AB 3.4358988850735956 1.1476267603998267
62029.2073 lsst_hardware_g -13.17481331849304 15.720000267028809 31.450000762939453 AB 3.3520835259433217 1.125174889827129
62032.1816 lsst_hardware_u -2.7905396403838973 2.7899999618530273 28.40999984741211 AB 7.016713314046378 1.1488683281287368
62032.2003 lsst_hardware_r 10.023072441398135 24.739999771118164 31.5 AB 6.886350555167242 1.1240727288581311
62034.1812 lsst_hardware_i 13.491887322879098 32.84000015258789 31.239999771118164 AB 4.946158659047314 1.1405438875589502
62034.2004 lsst_hardware_z 59.025450667675706 43.38999938964844 30.950000762939453 AB 4.891078191347092 1.1197523331840702
62038.1747 lsst_hardware_g 0.027693507685107324 17.190000534057617 31.469999313354492 AB 7.043245430796416 1.134269334213071
62038.1935 lsst_hardware_r -17.993571148806165 24.8799991607666 31.5 AB 6.969083657807201 1.1174671142158583
62040.1745 lsst_hardware_i -77.84670574814646 37.459999084472656 31.260000228881836 AB 4.4607873809957335 1.1279806256731708
62040.1941 lsst_hardware_z 4.889204068841846 45.099998474121094 30.940000534057617 AB 4.444613732207309 1.1153359428375258
62042.1754 lsst_hardware_r -0.7589121280161439 53.119998931884766 31.610000610351562 AB 4.525186232075718 1.1220397302443554
62042.1936 lsst_hardware_z -4.856139123135469 50.43000030517578 30.959999084472656 AB 4.464418119201528 1.114757531116949
62047.1414 lsst_hardware_i 75.44013792737876 131.86000061035156 31.31999969482422 AB 2.0973350690810526 1.1475479130481125
62047.1606 lsst_hardware_z 199.30024237965745 108.29000091552734 30.989999771118164 AB 2.048033329434228 1.12297920736633
62049.1448 lsst_hardware_r 121.80734228333992 121.06999969482422 31.639999389648438 AB 4.94748267845966 1.1340934506497788
62049.1647 lsst_hardware_z -29.212651613127484 82.66999816894531 30.989999771118164 AB 4.811069945686513 1.1169053849533401
62051.144 lsst_hardware_g 137.6924467100928 67.69000244140625 31.690000534057617 AB 5.6034992100641565 1.1284863981601363
62051.1628 lsst_hardware_r -13.963179160952537 68.83000183105469 31.6299991607666 AB 5.519682088073295 1.115650750494855
62053.1356 lsst_hardware_i -11.721371939690258 32.7400016784668 31.25 AB 3.589559082917659 1.1319066875579062
62053.1538 lsst_hardware_z 32.35685541311166 43.97999954223633 30.950000762939453 AB 3.4947677585728445 1.1168960557918965
62056.1374 lsst_hardware_r 23.92634409170987 24.8799991607666 31.510000228881836 AB 6.570836725364638 1.1218615736553843
62056.1552 lsst_hardware_g -11.575719553858619 15.609999656677246 31.450000762939453 AB 6.513446304099607 1.1147594045380926
62058.1065 lsst_hardware_u -0.7261652596744073 2.75 28.3799991607666 AB 7.1706476544196995 1.1565560732934999
62058.1255 lsst_hardware_r 40.50811671418066 24.739999771118164 31.5 AB 6.91778291407437 1.127822769769614
62060.1049 lsst_hardware_i 46.71710329792495 32.709999084472656 31.239999771118164 AB 7.918660804335228 1.1493115501157647
62061.0238 lsst_hardware_r -27.714178814464 25.940000534057617 31.420000076293945 AB 7.894429872815828 1.4947797032596917
62066.104 lsst_hardware_g -12.690905144874646 15.880000114440918 31.450000762939453 AB 6.015923523803195 1.1274571651669272
62066.1226 lsst_hardware_r -46.35239686507522 24.809999465942383 31.510000228881836 AB 5.953544860924782 1.1154530716196818
62069.1028 lsst_hardware_r 4.400784955083688 33.720001220703125 31.56999969482422 AB 2.5500220961463165 1.1211763145771592
62069.1197 lsst_hardware_g 7.762522981805029 29.059999465942383 31.6299991607666 AB 2.5607853563949035 1.1147581904062054
62074.076 lsst_hardware_z -22.58578433064195 83.45999908447266 30.989999771118164 AB 4.633218163083745 1.1348046282607043
62074.0933 lsst_hardware_r 102.00025859540338 114.81999969482422 31.649999618530273 AB 5.677864866404628 1.1184605272142696
62078.0822 lsst_hardware_r 50.856435875543426 100.43000030517578 31.639999389648438 AB 4.483750507128417 1.118560685325787
62078.1015 lsst_hardware_z 143.47509508236644 71.0999984741211 30.979999542236328 AB 5.002555213551983 1.1155005586290772
62080.0815 lsst_hardware_g 18.954220641764554 38.540000915527344 31.649999618530273 AB 3.67244007751073 1.116328012010253
62080.1007 lsst_hardware_r 12.732996451740725 51.47999954223633 31.610000610351562 AB 3.805728088600394 1.117141317592833
62082.0824 lsst_hardware_i -11.413530059164984 32.060001373291016 31.239999771118164 AB 8.547623183353815 1.1148588996159123
62082.1033 lsst_hardware_z -5.792536992830573 42.88999938964844 30.940000534057617 AB 6.284257527513621 1.122188844198861
62087.0502 lsst_hardware_u 2.356895212807841 2.7100000381469727 28.3700008392334 AB 4.917794538571338 1.1240030943538513
62087.0669 lsst_hardware_r 26.709706073028883 24.329999923706055 31.489999771118164 AB 4.889744202011694 1.1151070015990179
62089.0517 lsst_hardware_i -19.868798259653683 31.899999618530273 31.239999771118164 AB 5.8727331030922825 1.1188289394346127
62089.0696 lsst_hardware_z 80.62653419304178 42.5 30.940000534057617 AB 5.9373609876503055 1.1151020729928265
62092.0246 lsst_hardware_y 79.16607008293494 52.41999816894531 30.010000228881836 AB 8.633523897220808 1.1379239581157636
62092.0448 lsst_hardware_r -16.777301151350684 24.360000610351562 31.489999771118164 AB 7.23970000622557 1.1181003870618642
62094.0262 lsst_hardware_y -35.4790317019906 52.099998474121094 30.020000457763672 AB 8.444168996889129 1.1289121755218925
62094.0472 lsst_hardware_g -5.49365802521453 15.470000267028809 31.440000534057617 AB 7.442015707094685 1.1152150214183199
62097.028 lsst_hardware_z 28.90719279983993 45.79999923706055 30.950000762939453 AB 8.58993487674651 1.1200002012382797
62097.0483 lsst_hardware_i -41.26587494443908 33.720001220703125 31.260000228881836 AB 7.588109370595994 1.1152014359548803
62099.0296 lsst_hardware_y -28.368447609312224 52.58000183105469 30.020000457763672 AB 7.003310032736025 1.116332196180127
62099.0493 lsst_hardware_r -57.921601744294975 41.86000061035156 31.59000015258789 AB 5.774329781993691 1.1173599087936121
62101.0252 lsst_hardware_y 36.99161385817202 67.0999984741211 30.040000915527344 AB 5.440611538364636 1.1159656506568147
62101.0451 lsst_hardware_r 18.62897094400267 75.63999938964844 31.6299991607666 AB 4.050103078234311 1.1179894400721677
