data/validation/pwv_sim_epoch_fit_4/39255834.ecsv
# %ECSV 0.9
# ---
# datatype:
# - {name: time, datatype: float64}
# - {name: band, datatype: string}
# - {name: flux, datatype: float64}
# - {name: fluxerr, datatype: float64}
# - {name: zp, datatype: float64}
# - {name: zpsys, datatype: string}
# - {name: pwv, datatype: float64}
# - {name: airmass, datatype: float64}
# meta: {SNID: '39255834', alt: 1024.0, c: 0.014465909451246262, dec: -10.199918, lat: -30.244573, lon: -70.7499537, ra: 213.222656, t0: 61957.07421875,
#   x0: 6.074340220595441e-06, x1: 0.3807354271411896, z: 0.566216230392456}
# schema: astropy-2.0
time band flux fluxerr zp zpsys pwv airmass
61818.3255 lsst_hardware_r 16.725396594083747 45.650001525878906 31.600000381469727 AB 5.538061469177682 1.127111319665754
61818.3428 lsst_hardware_y -87.05731056931971 49.91999816894531 30.030000686645508 AB 4.3304295342988075 1.0933357405286392
61826.3727 lsst_hardware_r 1.1047870231958885 24.479999542236328 31.510000228881836 AB 9.17321685209581 1.0666531223367222
61826.3901 lsst_hardware_y 59.04173284565523 50.849998474121094 30.040000915527344 AB 8.756756594442084 1.0810810610422326
61828.3425 lsst_hardware_i -35.111241846473355 31.68000030517578 31.25 AB 5.545013463654556 1.0663487430104914
61828.3589 lsst_hardware_z 107.2779787304015 41.959999084472656 30.940000534057617 AB 5.532456087106341 1.0639338629050654
61830.3423 lsst_hardware_r -4.934756095474086 24.40999984741211 31.510000228881836 AB 4.462716454432961 1.064452344527838
61830.3614 lsst_hardware_g -8.343114644466135 15.420000076293945 31.459999084472656 AB 4.440072266763542 1.0664705204396017
61834.3461 lsst_hardware_z 126.85160168164286 42.16999816894531 30.940000534057617 AB 10.326433663641803 1.0647728882676568
61834.3649 lsst_hardware_i 38.70490276259773 31.809999465942383 31.239999771118164 AB 10.438711316404234 1.0773497759273694
61836.3381 lsst_hardware_u 0.25626327587474756 2.680000066757202 28.360000610351562 AB 9.15148189299705 1.0641258015112849
61836.355 lsst_hardware_g -14.798910565991672 15.270000457763672 31.440000534057617 AB 9.228846812577771 1.073121722392764
61838.3364 lsst_hardware_r 33.73081207731342 24.239999771118164 31.510000228881836 AB 7.446961119731803 1.06517037089711
61838.3573 lsst_hardware_i 22.537064387866355 31.739999771118164 31.25 AB 7.508673747759094 1.0810328131146867
61840.3078 lsst_hardware_i 144.39508754531528 73.94999694824219 31.329999923706055 AB 8.396290929996375 1.0673138119295293
61840.3271 lsst_hardware_z -59.77066789108023 65.52999877929688 30.979999542236328 AB 8.50196084330202 1.0641084944212609
61843.2968 lsst_hardware_r -72.17258069208086 125.18000030517578 31.65999984741211 AB 11.298891642117558 1.0689753836027902
61843.3235 lsst_hardware_i 38.17981486686969 101.19999694824219 31.34000015258789 AB 11.267062532641306 1.065443265498001
61847.3039 lsst_hardware_z 2.393892382104833 46.63999938964844 30.959999084472656 AB 6.616994120796502 1.0635974261888934
61847.3227 lsst_hardware_g -2.231116085244475 39.290000915527344 31.68000030517578 AB 6.504000418521808 1.0712639318966413
61849.3037 lsst_hardware_r 15.662818058576068 27.829999923706055 31.540000915527344 AB 5.088314213789692 1.0643709896887867
61849.3224 lsst_hardware_i 8.37642285152111 33.36000061035156 31.260000228881836 AB 5.152551208023245 1.0757827663554405
61851.3023 lsst_hardware_z -38.21063000879771 42.0099983215332 30.940000534057617 AB 6.159170961837691 1.0656927003785308
61851.3221 lsst_hardware_u 2.255687782934499 2.8299999237060547 28.420000076293945 AB 6.257293064692559 1.0813761651037732
61855.2395 lsst_hardware_i 33.13653036378666 32.0099983215332 31.239999771118164 AB 7.156484730384856 1.09700343319987
61855.2583 lsst_hardware_z 9.737305646549782 42.349998474121094 30.950000762939453 AB 7.6206408706347695 1.0733297000894042
61859.2851 lsst_hardware_g 6.7997363377048865 15.34000015258789 31.440000534057617 AB 7.188231749984024 1.0679821340110685
61859.3031 lsst_hardware_r -2.375116129443071 24.420000076293945 31.5 AB 6.816849270105986 1.0849240870737658
61863.2493 lsst_hardware_z 20.565240916848484 42.06999969482422 30.940000534057617 AB 7.619203364852446 1.0653620952707188
61863.2677 lsst_hardware_u -4.70592351040914 2.740000009536743 28.399999618530273 AB 6.362663959249141 1.0650146812150716
61865.2529 lsst_hardware_g -8.985307148766385 15.520000457763672 31.450000762939453 AB 7.310298695375831 1.0635740099964837
61865.2717 lsst_hardware_r 35.093918344814654 24.6200008392334 31.510000228881836 AB 7.276706520637968 1.0698941169336358
61867.2497 lsst_hardware_i 15.211363516640239 51.2400016784668 31.31999969482422 AB 9.236624108276557 1.0636166327542336
61867.2688 lsst_hardware_z -74.85307218141527 51.75 30.969999313354492 AB 8.574522638680694 1.0718153298350868
61875.2396 lsst_hardware_z -25.011454804916976 71.44999694824219 31.719999313354492 AB 10.72426857772951 1.0669852330842216
61877.2281 lsst_hardware_r 43.86044208676006 34.34000015258789 31.59000015258789 AB 14.060415373223337 1.0645915430737978
61877.2467 lsst_hardware_i -48.300523892894994 36.959999084472656 31.280000686645508 AB 14.211525194560041 1.076521956965966
61879.1989 lsst_hardware_z 32.14963907047064 42.209999084472656 30.950000762939453 AB 9.550111675359837 1.0687233298298833
61879.2153 lsst_hardware_r 7.619455128008701 24.84000015258789 31.510000228881836 AB 9.54487867188722 1.0635653576615625
61882.229 lsst_hardware_r -2.7211430709117925 25.010000228881836 31.520000457763672 AB 8.97278905295929 1.0727654541746685
61882.242 lsst_hardware_z 10.115509014382859 42.84000015258789 30.950000762939453 AB 9.08247972851062 1.087201308176982
61884.2181 lsst_hardware_r -48.57026731343878 24.940000534057617 31.520000457763672 AB 8.60677496682431 1.0687441751887634
61884.2364 lsst_hardware_u 1.12534745990515 2.859999895095825 28.469999313354492 AB 8.745354023595972 1.0870095322666522
61887.0964 lsst_hardware_r 23.052591717677053 25.530000686645508 31.469999313354492 AB 5.703391379972803 1.2719427698423282
61887.1062 lsst_hardware_i -2.559025691853582 33.380001068115234 31.229999542236328 AB 5.4740510618506875 1.227021812687181
61890.1941 lsst_hardware_z -4.545042740303075 42.41999816894531 30.950000762939453 AB 11.766170741429566 1.065052793974163
61890.213 lsst_hardware_r 26.417450648362877 24.969999313354492 31.520000457763672 AB 10.654300921467195 1.0783978260044056
61893.1412 lsst_hardware_r 15.282407747269946 30.6299991607666 31.559999465942383 AB 12.364665097565814 1.0886065280801016
61893.1602 lsst_hardware_z 71.47078282202845 43.63999938964844 30.959999084472656 AB 12.108607838140303 1.0690275531940143
61894.1905 lsst_hardware_r 1.2988491852099429 35.47999954223633 31.59000015258789 AB 9.892086560048726 1.0685579915255758
61894.2039 lsst_hardware_y -18.662771746665214 48.470001220703125 30.040000915527344 AB 9.838814823709368 1.0804364900299464
61896.1914 lsst_hardware_z -89.49257623699673 57.68000030517578 30.979999542236328 AB 3.4825077826341433 1.0733021725808949
61896.2116 lsst_hardware_r -54.35202427118037 70.77999877929688 31.639999389648438 AB 2.580098676033374 1.099317714543406
61898.1846 lsst_hardware_i -78.35543115678715 113.22000122070312 31.34000015258789 AB 9.449665200656128 1.0721706306352272
61898.2024 lsst_hardware_z 48.062047053396206 100.04000091552734 31.0 AB 9.631871433057807 1.0931954070944931
61900.1546 lsst_hardware_z -74.19869061496881 96.6500015258789 31.0 AB 7.482380153615933 1.063782499181263
61900.1726 lsst_hardware_r 30.446920064599368 145.3300018310547 31.649999618530273 AB 6.699217038596804 1.0676610240007656
61909.1306 lsst_hardware_r 17.25019924144944 24.440000534057617 31.510000228881836 AB 7.977861540897189 1.0637148721196252
61909.1498 lsst_hardware_z 11.186171172267715 42.18000030517578 30.950000762939453 AB 8.015388756910708 1.0687185009214277
61919.0862 lsst_hardware_u -3.5637070390512937 2.7699999809265137 28.43000030517578 AB 10.20138444949016 1.0711614346180094
61925.0222 lsst_hardware_r -79.12453875884087 90.26000213623047 31.6299991607666 AB 12.977546963859869 1.1567300272325516
61927.072 lsst_hardware_z 40.09305159682409 89.7272826708467 31.0 AB 4.571457146864704 1.0664363484132282
61927.0945 lsst_hardware_r -109.6298385542263 131.2986963317466 31.65999984741211 AB 5.434429012976421 1.0655743162698865
61943.0354 lsst_hardware_i 1059.3419049951838 44.62016589230017 31.260000228881836 AB 3.2803708403075107 1.0640766092796163
61943.0559 lsst_hardware_u 1.61498940035564 3.580136806218032 28.510000228881836 AB 3.1573993805965 1.0680721815176748
61945.9895 lsst_hardware_u 7.0392394857476495 3.5081993624387953 28.389999389648438 AB 5.5500659217828705 1.0996036035760317
61946.0049 lsst_hardware_g 513.0378633524703 27.57695183017046 31.459999084472656 AB 5.4549644685705365 1.0781272419600065
61948.0073 lsst_hardware_r 1840.2211982608846 48.9358976106412 31.510000228881836 AB 8.754987082191505 1.0709464320723145
61948.0277 lsst_hardware_i 1478.1302873687127 49.67124209433591 31.260000228881836 AB 8.76868480736117 1.063579939033477
61958.9693 lsst_hardware_y 566.6234323322268 57.98538711070405 30.040000915527344 AB 1.526516634339469 1.0782388376051344
61958.9909 lsst_hardware_i 1963.0624277917996 78.25948313338519 31.329999923706055 AB 1.5139847484740514 1.0642503064664024
61960.9679 lsst_hardware_y 526.5108308788812 53.08132193506267 30.040000915527344 AB 8.594700258815461 1.0742032569448146
61960.9871 lsst_hardware_i 1796.9171962562357 52.74663945002785 31.270000457763672 AB 8.487454710100232 1.063924125365077
61962.9691 lsst_hardware_y 458.14176531605744 52.38395864836777 30.040000915527344 AB 11.339523666822823 1.0690100086564056
61962.9886 lsst_hardware_g 346.445609536152 24.976318764256895 31.479999542236328 AB 11.27747149416688 1.0637033439182753
62181.2338 lsst_hardware_i -8.81178493352534 51.93000030517578 31.899999618530273 AB 3.9493737579840795 1.7552772257706515
62181.2602 lsst_hardware_z -33.37317976596746 67.56999969482422 31.65999984741211 AB 5.060573357059301 1.4721311067540572
62183.3471 lsst_hardware_r -6.872789555337406 24.799999237060547 31.510000228881836 AB 3.9113435311178355 1.087970199425466
62183.3662 lsst_hardware_y -3.012029907105538 47.7599983215332 30.040000915527344 AB 3.88557842712688 1.068665424251623
62187.337 lsst_hardware_z -52.842650144133984 42.56999969482422 30.950000762939453 AB 4.066200910903592 1.0868320324938852
62187.3663 lsst_hardware_y 54.45213590634276 47.61000061035156 30.040000915527344 AB 4.077935554086333 1.0640868628563105
62189.3692 lsst_hardware_u 0.1409463538342726 2.819999933242798 28.459999084472656 AB 9.917591087458655 1.0637197498212836
62189.3877 lsst_hardware_y 75.54216086490985 50.40999984741211 30.040000915527344 AB 9.231918577837938 1.0724501005242573
62191.3441 lsst_hardware_g 26.407404439932684 15.600000381469727 31.469999313354492 AB 10.728358679905272 1.0688277638759784
62191.3619 lsst_hardware_r 4.176964365007147 24.59000015258789 31.520000457763672 AB 10.66052510884516 1.063570845578167
62193.3417 lsst_hardware_i 26.389628018729685 31.860000610351562 31.260000228881836 AB 7.0206848915711015 1.0670544709432481
62193.3608 lsst_hardware_z -32.419554225106715 42.220001220703125 30.950000762939453 AB 7.195390855887051 1.064131453527127
62195.35 lsst_hardware_r -143.70052423259887 87.9800033569336 31.649999618530273 AB 5.105008281667748 1.0635433920141142
62195.3681 lsst_hardware_z 24.51360330983225 62.97999954223633 30.979999542236328 AB 5.06070034692086 1.0699720591830137
62197.3467 lsst_hardware_r -43.9437045119423 107.20999908447266 31.65999984741211 AB 3.4036786905749334 1.0636495908046666
62197.3647 lsst_hardware_i -20.799871414094486 85.47000122070312 31.34000015258789 AB 3.4288293020621845 1.0715091568944326
62198.289 lsst_hardware_z 5.738192534413327 79.30999755859375 30.979999542236328 AB 6.582189313919514 1.1185480672241614
62198.3067 lsst_hardware_i -29.598863809745723 89.43000030517578 31.329999923706055 AB 6.548740256419458 1.0871985152186368
62201.3458 lsst_hardware_z 12.271357922901053 72.80000305175781 31.719999313354492 AB 7.662914076876658 1.0664784213321143
62203.3384 lsst_hardware_r -20.98727997678436 29.809999465942383 31.549999237060547 AB 8.700595425749356 1.0656291283565864
62203.3559 lsst_hardware_i -84.67476871932834 34.40999984741211 31.260000228881836 AB 8.807753340105812 1.0786214787503674
62205.3358 lsst_hardware_z 55.01611683052906 42.2599983215332 30.950000762939453 AB 8.887268641767593 1.0669310173495945
62205.356 lsst_hardware_u -4.468214030108251 2.9800000190734863 28.459999084472656 AB 9.100648788005065 1.0853271198749854
62209.3152 lsst_hardware_r 35.4509224763567 24.190000534057617 31.510000228881836 AB 11.256511837244766 1.0637916965689846
62209.3344 lsst_hardware_i 25.01782679387918 31.610000610351562 31.25 AB 11.17651606315358 1.0735639148777132
62210.3117 lsst_hardware_z 61.632972655325034 42.0 30.950000762939453 AB 8.828677669364426 1.0636961047427018
62210.3313 lsst_hardware_i -43.20301213445552 31.790000915527344 31.260000228881836 AB 8.907886309080606 1.0732393143470609
62212.3034 lsst_hardware_u -0.6214897340438081 2.8299999237060547 28.489999771118164 AB 8.65242471718015 1.0635393912089177
62212.3228 lsst_hardware_g 4.146324824604812 15.3100004196167 31.459999084472656 AB 8.739156086720653 1.070778176403907
62215.3031 lsst_hardware_r -14.637887874755037 24.469999313354492 31.530000686645508 AB 5.085087822397924 1.0647354586165905
62215.3227 lsst_hardware_i -30.608789451600703 31.959999084472656 31.270000457763672 AB 5.165483668204206 1.0781452353930125
62217.3052 lsst_hardware_z -34.74489119954549 42.4900016784668 30.959999084472656 AB 6.185951521575238 1.0681240666345722
62217.3254 lsst_hardware_u -3.883502253309025 2.990000009536743 28.59000015258789 AB 6.294078507011436 1.088281923923483
62219.3018 lsst_hardware_g 27.312922202158283 15.399999618530273 31.469999313354492 AB 6.449564762527305 1.0694317693841047
62219.3215 lsst_hardware_r -7.625909216793972 24.3700008392334 31.510000228881836 AB 6.5830386646809265 1.090538998539042
62221.2886 lsst_hardware_i 16.596940608589993 31.799999237060547 31.260000228881836 AB 7.564137277528569 1.065371447539235
62221.3063 lsst_hardware_z -42.29570195244822 42.380001068115234 30.950000762939453 AB 6.830992429221694 1.0781238051170603
62223.2751 lsst_hardware_i -37.031193019684736 65.41000366210938 31.329999923706055 AB 8.113114370030113 1.06359653513768
62223.2934 lsst_hardware_z 37.69504511052827 60.529998779296875 30.979999542236328 AB 8.008010812078679 1.071258023554596
62225.278 lsst_hardware_z -108.02845451901761 94.55999755859375 31.0 AB 7.077628484891046 1.065493367523837
62225.2971 lsst_hardware_r -11.859475208326192 142.89999389648438 31.649999618530273 AB 6.888162034888336 1.080030110131055
62229.2801 lsst_hardware_z 36.116061688669866 79.13999938964844 31.729999542236328 AB 6.383932495186591 1.0738322111331524
62231.2477 lsst_hardware_g -21.747541773011317 33.29999923706055 31.649999618530273 AB 7.48463201533292 1.0638127657174914
62231.2663 lsst_hardware_r 12.054624205845416 36.880001068115234 31.59000015258789 AB 7.391529302290784 1.0677286164711264
62233.2492 lsst_hardware_i -7.339749682388593 32.65999984741211 31.260000228881836 AB 9.117027623324 1.0637270926581237
62233.2677 lsst_hardware_z -42.659405277297694 42.66999816894531 30.950000762939453 AB 8.580389353352333 1.0725486691690416
62237.2306 lsst_hardware_g 1.782254994078501 15.930000305175781 31.479999542236328 AB 2.978993699227553 1.0639263211526977
62237.2482 lsst_hardware_r 29.543755587016506 24.850000381469727 31.520000457763672 AB 2.9870645694585463 1.0668087748066237
62241.1805 lsst_hardware_i 21.94230247503162 32.40999984741211 31.25 AB 10.90005552455792 1.1010157095513051
62241.1976 lsst_hardware_r 33.47470437134909 24.850000381469727 31.510000228881836 AB 10.66404217273684 1.0771759770441252
62243.2379 lsst_hardware_u -1.1815271271133665 2.9600000381469727 28.549999237060547 AB 14.204448864441545 1.0705795044046988
62243.2546 lsst_hardware_g -11.896427415788402 15.960000038146973 31.479999542236328 AB 14.701867420966217 1.0885434192926267
62245.2224 lsst_hardware_r 2.080178026046195 25.020000457763672 31.530000686645508 AB 9.575038074440668 1.0651259039933938
62245.2398 lsst_hardware_i -14.682515383063535 32.31999969482422 31.270000457763672 AB 9.67178840330786 1.0770965424921053
62247.2232 lsst_hardware_z 38.211433821510646 42.59000015258789 30.950000762939453 AB 8.51462596994745 1.06806647891965
62247.2393 lsst_hardware_r -40.17295228758137 25.06999969482422 31.520000457763672 AB 8.62841400299309 1.0827247520225425
