data/validation/pwv_sim_epoch_fit_4/39284993.ecsv
# %ECSV 0.9
# ---
# datatype:
# - {name: time, datatype: float64}
# - {name: band, datatype: string}
# - {name: flux, datatype: float64}
# - {name: fluxerr, datatype: float64}
# - {name: zp, datatype: float64}
# - {name: zpsys, datatype: string}
# - {name: pwv, datatype: float64}
# - {name: airmass, datatype: float64}
# meta: {SNID: '39284993', alt: 1024.0, c: 0.013804350048303604, dec: -2.985506, lat: -30.244573, lon: -70.7499537, ra: 74.355469, t0: 60643.3125,
#   x0: 2.3328562768073803e-06, x1: 0.19073505699634552, z: 0.837237536907196}
# schema: astropy-2.0
time band flux fluxerr zp zpsys pwv airmass
60578.3622 lsst_hardware_r 6.307720491273334 32.58000183105469 31.549999237060547 AB 4.79891157822909 1.1434601274522276
60578.3808 lsst_hardware_y -26.03327739909989 48.65999984741211 30.020000457763672 AB 3.6170573798120715 1.1275702332245976
60584.3682 lsst_hardware_i 9.687545506373834 31.309999465942383 31.239999771118164 AB 2.753984106507265 1.1262203270883855
60584.3874 lsst_hardware_y 36.135771341833674 56.040000915527344 30.030000686645508 AB 2.357916973511836 1.1289551802315538
60586.3623 lsst_hardware_i -34.44399538644279 31.329999923706055 31.25 AB 2.6555463600614084 1.1263451265634845
60586.3809 lsst_hardware_y 37.8255350724357 50.18000030517578 30.030000686645508 AB 2.1686813258883726 1.1283950878316122
60588.3647 lsst_hardware_g -5.204139055583177 14.210000038146973 31.399999618530273 AB 7.075808575775119 1.125377109467123
60588.3838 lsst_hardware_y -56.32841669330773 57.279998779296875 30.030000686645508 AB 6.533292215382482 1.1342521207261254
60596.3286 lsst_hardware_i -20.20190472265024 31.059999465942383 31.239999771118164 AB 5.648795550351488 1.129119275814003
60596.3459 lsst_hardware_z -30.12982302143446 42.06999969482422 30.940000534057617 AB 6.078894052240312 1.125721120785243
60599.3267 lsst_hardware_i 30.35319072928627 63.75 31.309999465942383 AB 6.110775572908266 1.1263756393797302
60599.344 lsst_hardware_z 34.721404268734375 58.41999816894531 30.969999313354492 AB 5.506329971619427 1.1277108128860396
60601.3239 lsst_hardware_z -64.61541440128605 71.95999908447266 30.979999542236328 AB 4.277791334197126 1.1257345616308225
60601.3416 lsst_hardware_r 24.20757851540524 101.95999908447266 31.639999389648438 AB 4.309801464743629 1.12930425314271
60605.3213 lsst_hardware_z -4.480594542461459 74.36000061035156 31.709999084472656 AB 3.5234840102262353 1.1257137412863372
60611.3151 lsst_hardware_u 3.1780782098351072 2.8363028861377892 28.510000228881836 AB 3.4322953340421214 1.1297877992237944
60611.3323 lsst_hardware_g 16.66984318622476 14.432715200746701 31.420000076293945 AB 3.489374413117235 1.1471915878741594
60615.3066 lsst_hardware_i 42.23299095169324 32.253996405900715 31.239999771118164 AB 3.47347748131719 1.131425889680019
60615.3266 lsst_hardware_r 8.661328689400847 23.483160880454008 31.479999542236328 AB 3.5480246864302383 1.1552066485012713
60620.2436 lsst_hardware_g 20.7095386835507 15.222682431282397 31.420000076293945 AB 5.290253591884852 1.1488480057660626
60620.2629 lsst_hardware_r 90.28580200417032 25.18128092467766 31.5 AB 5.776497607762531 1.1292146628407218
60622.2794 lsst_hardware_i 269.34384526842047 35.41860245315882 31.25 AB 8.778987978064277 1.1269560947450634
60622.2969 lsst_hardware_z 180.59444261264173 44.61910618613916 30.940000534057617 AB 9.12239498872953 1.1402993735911913
60624.2722 lsst_hardware_i 319.45358373060265 36.75061487028441 31.239999771118164 AB 1.832416169041307 1.1263699430645155
60624.2885 lsst_hardware_z 434.6573662948101 45.749429772512705 30.940000534057617 AB 1.9135404460120105 1.1370944514288406
60629.2691 lsst_hardware_i 566.4078165673963 90.98697203508517 31.31999969482422 AB 6.718896922214615 1.1319611535793812
60629.2877 lsst_hardware_r 488.8787828623968 111.35232078233274 31.6299991607666 AB 6.84568342002338 1.1540869980125184
60631.2679 lsst_hardware_z 940.5183998359823 115.28437951045944 31.729999542236328 AB 4.542478141929274 1.1356195354823184
60633.2566 lsst_hardware_g 86.97065987777026 71.51671399570345 31.690000534057617 AB 4.904887152407153 1.130809718134214
60633.2776 lsst_hardware_r 369.6066258549001 75.74978086071769 31.6200008392334 AB 5.078156573782093 1.1554394934657777
60635.1234 lsst_hardware_i 1345.5353310752819 61.25592970540617 31.940000534057617 AB 5.628944228138545 1.464155086003003
60635.1416 lsst_hardware_z 950.7831455881702 71.70191134941477 31.65999984741211 AB 5.644531170959119 1.3465542930998984
60642.1525 lsst_hardware_u 2.485462210354568 2.703943611768061 28.34000015258789 AB 6.216157745141815 1.2193326294904017
60642.1695 lsst_hardware_g 46.86210549323706 16.16530431990091 31.399999618530273 AB 5.154306323951645 1.1742799948249496
60646.2241 lsst_hardware_z 523.2591869533944 48.872791467374704 30.940000534057617 AB 7.146335197503665 1.1330787203876898
60646.2439 lsst_hardware_u -3.218144211966112 2.7661522909842082 28.40999984741211 AB 7.297658291672003 1.1585085734851557
60648.2213 lsst_hardware_g 40.63390610415027 15.6234687537833 31.40999984741211 AB 3.0316159166903485 1.1354366729176013
60648.2395 lsst_hardware_r 369.3712334719143 30.41818323088159 31.479999542236328 AB 3.0506952716130207 1.1604013965814608
60650.219 lsst_hardware_i 700.0056749825164 41.39812298755727 31.239999771118164 AB 4.821636247625411 1.1386553896860658
60650.2378 lsst_hardware_z 579.4962006002573 49.18366340654333 30.940000534057617 AB 4.965109640078866 1.1675742833812737
60652.1928 lsst_hardware_z 577.7910118364265 49.067024898052736 30.950000762939453 AB 6.776794446310047 1.1256666162219837
60652.2124 lsst_hardware_i 695.003379451091 40.841984313308615 31.239999771118164 AB 6.171285179999107 1.1374417829110433
60654.2011 lsst_hardware_z 1074.9609588875212 73.26992716718173 31.700000762939453 AB 11.434708579409104 1.1321493642979312
60656.1892 lsst_hardware_r 280.04616644331685 71.41905035116322 31.6299991607666 AB 12.464901305728098 1.1280793965786085
60656.208 lsst_hardware_i 471.79710359835053 64.25919836124733 31.309999465942383 AB 12.696970585660114 1.1451952484698629
60658.1965 lsst_hardware_z 1030.3950086988214 121.02746141535117 31.729999542236328 AB 9.072333562723164 1.137944783423091
60660.1893 lsst_hardware_z 406.425266858297 81.03965724459151 30.979999542236328 AB 9.683467968777874 1.1361683268182992
60660.2082 lsst_hardware_r 354.97968134965566 115.73470775253327 31.6299991607666 AB 9.91739511211508 1.163103414243293
60662.1485 lsst_hardware_i 323.845672166524 59.311266835906544 31.309999465942383 AB 3.824628880967779 1.129041736079049
60662.1679 lsst_hardware_z 537.3180905387609 59.38998370013747 30.969999313354492 AB 5.81718474578978 1.1261973565678198
60663.1663 lsst_hardware_i 416.0247396914471 50.46745312998096 31.299999237060547 AB 3.4122765837789246 1.1265356829907311
60663.1849 lsst_hardware_z 467.55036963164696 54.537231711356775 30.969999313354492 AB 4.301941037705131 1.1402162882929114
60665.1308 lsst_hardware_u 1.9349463643427824 2.7820624370908016 28.459999084472656 AB 3.9821019093524206 1.1364716367928855
60665.1542 lsst_hardware_g 33.89239754577035 14.929041474682773 31.420000076293945 AB 3.9662664186366596 1.1253415856537219
60668.1279 lsst_hardware_r 93.65993774589806 25.69036910909191 31.489999771118164 AB 7.189993332533498 1.1318368095290827
60668.148 lsst_hardware_i 320.01514831536326 35.931155904314906 31.25 AB 7.1837679716263105 1.1254973125418761
60670.1282 lsst_hardware_z 287.8273393524778 46.06829787704857 30.940000534057617 AB 5.479723553865343 1.1282115614299655
60670.1483 lsst_hardware_u 0.5263303711576816 2.670120372794538 28.360000610351562 AB 5.507542658621 1.1269205910523608
60672.1235 lsst_hardware_g 27.466808684503892 14.69320257598484 31.420000076293945 AB 8.458809838954123 1.1278413118605497
60672.1432 lsst_hardware_r 51.7796311036842 25.054317450647087 31.489999771118164 AB 8.037794350934975 1.1270569316571595
60674.1268 lsst_hardware_i 218.90263789656933 34.31404378785066 31.239999771118164 AB 7.5922971094588485 1.1254099847261587
60674.1436 lsst_hardware_z 286.8994510557093 45.14355067274846 30.940000534057617 AB 7.5797719471977105 1.1300863911733885
60676.1259 lsst_hardware_i 158.75249086363752 34.092337230132536 31.239999771118164 AB 7.8398531519535 1.1254640511512177
60676.1475 lsst_hardware_u -0.215502624463857 2.714592745716195 28.389999389648438 AB 7.923552036327773 1.138094723493386
60678.0917 lsst_hardware_u -2.2344735543460996 2.5634550170775277 28.270000457763672 AB 4.819694206818731 1.140351166880098
60678.1113 lsst_hardware_g 25.17413160223593 14.308649311067672 31.3799991607666 AB 4.8113916841451125 1.126262098348575
60680.0886 lsst_hardware_r 63.86109191266569 25.92448466151447 31.489999771118164 AB 11.936775600694913 1.1377387387477287
60680.1096 lsst_hardware_i 213.0623293469779 33.97905970398087 31.239999771118164 AB 11.75653541346033 1.1254940243284606
60682.0992 lsst_hardware_z 293.8943531031075 66.27892317158611 31.700000762939453 AB 9.885219926257127 1.1266277815090275
60684.088 lsst_hardware_z 105.69353697990886 55.17875516518186 30.959999084472656 AB 7.430398387134937 1.1292827823450644
60684.1102 lsst_hardware_r -73.25707271417646 60.020940155025315 31.6200008392334 AB 7.407809302337101 1.126962963881963
60686.0868 lsst_hardware_i 105.24833676127412 74.71539880973425 31.31999969482422 AB 6.428825523993897 1.1271720038562105
60686.1046 lsst_hardware_z 224.23121977071 68.24529439645221 30.979999542236328 AB 6.446488299082428 1.1269099377820906
60688.0797 lsst_hardware_i 126.11364218840228 84.9945210587777 31.31999969482422 AB 2.29130586329458 1.1278886848607337
60688.0995 lsst_hardware_z 81.01569792234902 74.65665594277922 30.979999542236328 AB 3.6771772750742215 1.1270465698020704
60690.0781 lsst_hardware_g 161.41948301735567 71.93843004988346 31.690000534057617 AB 6.676935749841917 1.1263861920360874
60690.0985 lsst_hardware_r 93.5162528971836 82.3783084204647 31.6299991607666 AB 6.111864550349893 1.1292128499491718
60692.0451 lsst_hardware_y 150.73467138674027 54.397961917776875 30.010000228881836 AB 3.1579959282218337 1.1517125923493194
60692.0648 lsst_hardware_i 96.69845132637539 32.83198761980366 31.239999771118164 AB 3.0948328195217942 1.1301197076946483
60694.0795 lsst_hardware_u -5.666589755802188 2.729492602239823 28.43000030517578 AB 4.131028177365758 1.125927549023095
60694.1005 lsst_hardware_g 11.706397508197758 14.338225105128748 31.399999618530273 AB 4.440209415231593 1.140489158217835
60695.0458 lsst_hardware_y -65.09649781883121 51.91714422575645 30.010000228881836 AB 9.43190663520956 1.139750059136152
60695.0667 lsst_hardware_r 29.5447583793898 23.757834239897637 31.489999771118164 AB 9.206302077536872 1.1258088752720157
60701.0402 lsst_hardware_y 39.42422712138035 53.887912491254035 30.020000457763672 AB 12.228320759056748 1.1301329229044383
60701.0571 lsst_hardware_r 54.98717108327389 23.767335881293466 31.489999771118164 AB 13.420615617648373 1.1254027715320574
60703.0404 lsst_hardware_y -19.183723823855832 54.1623232270343 30.030000686645508 AB 12.470142543041526 1.1271596152191798
60703.0595 lsst_hardware_r 0.9745982006835191 23.756878930655862 31.489999771118164 AB 13.183462622965227 1.1274340897632749
60707.0342 lsst_hardware_y 143.02670124093646 57.10972781659785 30.040000915527344 AB 9.513732715120145 1.1257523032919352
60707.0528 lsst_hardware_i 43.58071633035542 32.023151318722455 31.25 AB 9.17898292354027 1.1296398728551102
60709.0325 lsst_hardware_y 75.14759179458876 60.36710778491395 30.040000915527344 AB 7.875773421691409 1.1253248364009443
60709.0509 lsst_hardware_r 42.36809741915418 25.218121214510372 31.510000228881836 AB 8.937178696656137 1.1321124485107688
60711.0325 lsst_hardware_y -51.64529054953336 58.47292342223469 30.030000686645508 AB 6.301459028242765 1.1257966343930619
60711.0512 lsst_hardware_g 38.269492980853904 30.789548502015247 31.6200008392334 AB 6.824369234800152 1.1373158921964004
60939.3777 lsst_hardware_u -1.6588898794720783 2.7699999809265137 28.440000534057617 AB 3.857615284776199 1.1388634688246213
60939.397 lsst_hardware_y 47.2577808913885 57.400001525878906 30.030000686645508 AB 3.4494053648904743 1.1260300429448729
60942.373 lsst_hardware_r 28.107602358676292 23.229999542236328 31.479999542236328 AB 4.580405241126276 1.1353092678463939
60942.3918 lsst_hardware_y -101.77018657926766 51.86000061035156 30.020000457763672 AB 4.227123358171837 1.1255071179316614
60946.3295 lsst_hardware_g 12.680017856628156 14.140000343322754 31.389999389648438 AB 4.472746408583665 1.191461483373379
60946.3473 lsst_hardware_y -140.12077431458707 48.31999969482422 30.010000228881836 AB 5.494803630873388 1.1542492660169619
60951.361 lsst_hardware_i -45.07407340916667 31.309999465942383 31.229999542236328 AB 3.2684003495229605 1.1270346032837795
60951.3796 lsst_hardware_y -36.37451040281469 49.709999084472656 30.020000457763672 AB 2.9463601973303915 1.127469701456191
60954.3613 lsst_hardware_z 86.56102441235667 58.2599983215332 30.969999313354492 AB 7.037308239338256 1.1253691214292656
60954.3819 lsst_hardware_y 18.54552084427493 56.459999084472656 30.020000457763672 AB 6.506851332096919 1.1343883075482775
60956.3574 lsst_hardware_i -63.3897367060575 76.72000122070312 31.31999969482422 AB 4.964527852825901 1.1254030193802103
60956.3764 lsst_hardware_y -11.543743061109419 58.97999954223633 30.020000457763672 AB 4.499597390649345 1.134352283356978
60958.3663 lsst_hardware_z -1.809817997932245 89.68000030517578 31.719999313354492 AB 3.3920928733120324 1.1306976244373441
60960.3251 lsst_hardware_g -0.5556075685518724 50.66999816894531 31.670000076293945 AB 5.990719960579812 1.1341764408519144
60960.3427 lsst_hardware_r 18.797781063997935 54.380001068115234 31.610000610351562 AB 6.2095748330415645 1.1255006796438205
60962.323 lsst_hardware_i -22.317034813416072 35.099998474121094 31.260000228881836 AB 5.670329928162751 1.1314636193080947
60962.3416 lsst_hardware_z 42.20112448120578 44.29999923706055 30.950000762939453 AB 6.077385378297963 1.125441736721845
60966.3202 lsst_hardware_g -17.07572241037766 14.0 31.389999389648438 AB 6.951559550370143 1.1269753391576236
60966.3387 lsst_hardware_r 13.440364697232425 23.190000534057617 31.479999542236328 AB 7.329153916864036 1.1274898660646808
60973.3237 lsst_hardware_r -30.2383415278164 23.170000076293945 31.479999542236328 AB 4.2710268671065466 1.1296273479817496
60973.3421 lsst_hardware_i -8.528884665245048 31.56999969482422 31.239999771118164 AB 4.219075438445593 1.1485165206057861
60975.3168 lsst_hardware_z -26.433517692190463 42.810001373291016 30.940000534057617 AB 3.5492069626968616 1.1287928640206286
60975.3341 lsst_hardware_r -7.695351134436796 23.469999313354492 31.479999542236328 AB 3.533784483276634 1.1449782319720478
60994.2709 lsst_hardware_g 12.357979628176873 14.3100004196167 31.40999984741211 AB 5.2663259813164345 1.132847750753737
60994.2883 lsst_hardware_r 39.22460034027941 23.729999542236328 31.489999771118164 AB 5.22171179518782 1.153948206151891
60996.2602 lsst_hardware_r -26.05128924907097 23.25 31.489999771118164 AB 4.536937824488017 1.129200105650919
60996.2796 lsst_hardware_i -2.096085564963415 31.43000030517578 31.239999771118164 AB 4.6262037613837474 1.148939218026511
60998.2577 lsst_hardware_z -27.654715576480104 42.599998474121094 30.93000030517578 AB 5.935497619028157 1.1311095986713973
60998.2783 lsst_hardware_i -0.15691048122096268 31.719999313354492 31.229999542236328 AB 6.040184366564489 1.1554632934605846
61000.262 lsst_hardware_u -1.5101909613821827 2.6600000858306885 28.3700008392334 AB 3.8553682695870153 1.140191720106849
61000.2806 lsst_hardware_g 3.421950357162876 14.329999923706055 31.399999618530273 AB 3.9629629180522885 1.1699359136154075
61003.1473 lsst_hardware_r 4.850627698083833 24.059999465942383 31.450000762939453 AB 11.308639080328375 1.2820132729088733
61003.1617 lsst_hardware_i -37.223443778730335 32.34000015258789 31.219999313354492 AB 10.866567070304578 1.2271673710112454
61005.2334 lsst_hardware_i -1.9889906222725886 31.350000381469727 31.229999542236328 AB 5.9305328542339595 1.128013857200899
61005.2531 lsst_hardware_z 23.428061526721393 42.66999816894531 30.940000534057617 AB 6.18525107550943 1.1461951464901037
61007.1585 lsst_hardware_r 15.508255703043732 30.3799991607666 31.530000686645508 AB 5.105777877814296 1.2034832947116785
61007.1758 lsst_hardware_g 17.202782705506195 22.06999969482422 31.540000915527344 AB 3.7505933893234458 1.1629446441146571
61010.2266 lsst_hardware_r 50.78569245926335 50.4900016784668 31.610000610351562 AB 8.68662851297403 1.1323492456297075
