data/validation/pwv_sim_epoch_fit_4/39329620.ecsv
# %ECSV 0.9
# ---
# datatype:
# - {name: time, datatype: float64}
# - {name: band, datatype: string}
# - {name: flux, datatype: float64}
# - {name: fluxerr, datatype: float64}
# - {name: zp, datatype: float64}
# - {name: zpsys, datatype: string}
# - {name: pwv, datatype: float64}
# - {name: airmass, datatype: float64}
# meta: {SNID: '39329620', alt: 1024.0, c: 0.15197233855724335, dec: -29.656013, lat: -30.244573, lon: -70.7499537, ra: 288.808594, t0: 61067.94140625,
#   x0: 0.00011949076562906264, x1: 0.2094244360923767, z: 0.15572629868984222}
# schema: astropy-2.0
time band flux fluxerr zp zpsys pwv airmass
61134.3372 lsst_hardware_i -127.92872219371074 65.25 31.280000686645508 AB 9.869655824610875 1.2964781274118848
61134.3556 lsst_hardware_z -29.42651929953636 60.040000915527344 30.959999084472656 AB 9.266955408163092 1.204491409578843
61136.3355 lsst_hardware_r 127.38919450442097 70.05999755859375 31.579999923706055 AB 23.033848427041228 1.2755834654321783
61136.3551 lsst_hardware_z 44.28105353451057 58.310001373291016 30.959999084472656 AB 21.523833533224384 1.1837122016438708
61140.3366 lsst_hardware_r -41.282254640357166 72.98999786376953 32.34000015258789 AB 5.744272852033649 1.2161051872623367
61140.3577 lsst_hardware_z -22.709512682631168 73.5999984741211 31.709999084472656 AB 5.358573148938962 1.1343896584152342
61147.3515 lsst_hardware_g 20.21567622984806 16.360000610351562 31.479999542236328 AB 16.13118123927835 1.0960978854908479
61147.3703 lsst_hardware_r -24.72051407429799 25.34000015258789 31.530000686645508 AB 15.512741405574019 1.0534312910169046
61149.3451 lsst_hardware_i 36.28055775788087 32.56999969482422 31.25 AB 11.999886848063651 1.0986224531308275
61149.3625 lsst_hardware_z 17.2248389837099 42.279998779296875 30.950000762939453 AB 11.637686155583598 1.057971468689418
61151.3455 lsst_hardware_r -51.6250114440601 35.459999084472656 32.27000045776367 AB 10.593560813724077 1.0835185449242177
61151.3651 lsst_hardware_g -5.9869693667350745 22.639999389648438 32.2400016784668 AB 10.356831924751578 1.0431941906478222
61153.3428 lsst_hardware_r -36.5022496642792 24.899999618530273 31.520000457763672 AB 6.059354861832882 1.0769155103303454
61153.3626 lsst_hardware_i -45.34553138446236 31.760000228881836 31.260000228881836 AB 5.833527192928068 1.0383636868864488
61155.3488 lsst_hardware_z -56.205711103894174 42.20000076293945 30.950000762939453 AB 16.423506405275237 1.052788872133028
61155.3684 lsst_hardware_i -10.451958576110304 31.770000457763672 31.260000228881836 AB 15.955227472665763 1.022770991837549
61157.3437 lsst_hardware_u 0.1278710859543193 2.8499999046325684 28.479999542236328 AB 2.333937906466707 1.0521132561082076
61157.364 lsst_hardware_g 31.012952074122833 15.859999656677246 31.489999771118164 AB 2.28038006201492 1.021523097811671
61159.3477 lsst_hardware_r 33.18539448256219 53.619998931884766 31.6299991607666 AB 11.781437586729648 1.036064746443951
61159.3656 lsst_hardware_i -17.865197055324796 45.130001068115234 31.309999465942383 AB 11.655233266404913 1.014145246221206
61161.2419 lsst_hardware_z 86.90467847328286 96.55000305175781 31.690000534057617 AB 13.254987475024118 1.442327255171286
61163.2634 lsst_hardware_i -59.73101442544434 78.19000244140625 31.290000915527344 AB 16.073413968962896 1.2669865710315218
61163.2846 lsst_hardware_z 47.68102875775308 70.66999816894531 30.969999313354492 AB 14.819049314786989 1.171065193592734
61168.2437 lsst_hardware_z 105.24941421798262 87.91999816894531 31.700000762939453 AB 11.653046582716605 1.300381819803778
61170.2337 lsst_hardware_r -17.902002970901986 33.43000030517578 31.510000228881836 AB 8.230490222667521 1.3274984230108906
61170.2517 lsst_hardware_z 92.78439268171283 46.90999984741211 30.940000534057617 AB 8.732778330260846 1.2299687789099782
61175.2086 lsst_hardware_z 15.074104894498463 45.880001068115234 30.920000076293945 AB 9.000148408606735 1.4047367580156773
61175.2365 lsst_hardware_u -0.05784886613308627 2.680000066757202 28.31999969482422 AB 8.006241642340859 1.2373769989707402
61177.2528 lsst_hardware_i 13.859868076953443 32.369998931884766 31.239999771118164 AB 7.3736540138523905 1.1475462430937358
61177.272 lsst_hardware_z 28.010743524940526 42.41999816894531 30.940000534057617 AB 7.000324808882986 1.0898274222443673
61178.2363 lsst_hardware_r 18.994098095912772 24.709999084472656 31.479999542236328 AB 9.596349127649082 1.2009447431564924
61178.2549 lsst_hardware_u -0.356141607569609 2.680000066757202 28.34000015258789 AB 8.971680984712455 1.1313238529318281
61182.2399 lsst_hardware_g 4.893243029154496 15.079999923706055 31.420000076293945 AB 5.471124056579965 1.1449459153667645
61182.2597 lsst_hardware_i 59.03950585780429 31.6200008392334 31.25 AB 4.751059324632878 1.086411675284777
61185.2351 lsst_hardware_z -16.81071637408454 45.65999984741211 30.950000762939453 AB 6.276929731373005 1.1335654463110199
61185.2559 lsst_hardware_r 56.305051376530265 31.100000381469727 31.56999969482422 AB 5.843436240568785 1.0758420768790915
61187.262 lsst_hardware_y -49.10494318582894 49.220001220703125 30.049999237060547 AB 3.681078402389107 1.0517366863968878
61187.2807 lsst_hardware_r 20.946539258807405 50.119998931884766 31.639999389648438 AB 3.5811187423862316 1.0231767835389234
61194.1266 lsst_hardware_z 59.14555217794449 117.7300033569336 30.90999984741211 AB 15.251708951175585 1.6892537419156302
61194.1518 lsst_hardware_r -33.2220369776181 148.3699951171875 31.559999465942383 AB 13.070446999121321 1.4423888540505412
61198.1531 lsst_hardware_i -53.339567563474255 40.34000015258789 31.229999542236328 AB 7.181194317471343 1.3540055906237214
61198.172 lsst_hardware_z 84.72037464412277 49.0099983215332 30.940000534057617 AB 5.5767660962950645 1.2457407512200442
61220.1443 lsst_hardware_z 98.33620428520882 109.19999694824219 30.989999771118164 AB 5.433535319147971 1.118586787266695
61220.1586 lsst_hardware_r 37.07706856454381 163.36000061035156 31.649999618530273 AB 5.09463408827368 1.0799436329143994
61223.1642 lsst_hardware_z -79.6289191298191 120.52999877929688 31.75 AB 9.140864529120599 1.0508351313366722
61225.1554 lsst_hardware_r -36.95550892998402 67.37000274658203 31.649999618530273 AB 9.214399284520576 1.0572023273185163
61225.1748 lsst_hardware_i -101.21428815300126 56.369998931884766 31.31999969482422 AB 7.877330457637427 1.0258499065792166
61231.0568 lsst_hardware_r 2.7575793340477266 25.81999969482422 31.459999084472656 AB 11.7110447950444 1.3967909825022393
61231.0765 lsst_hardware_u 0.9230158617526877 2.7799999713897705 28.360000610351562 AB 10.677032914030388 1.273640316991209
61233.0641 lsst_hardware_i 11.453220305443747 33.65999984741211 31.219999313354492 AB 10.831449221804503 1.3129294598037742
61233.0826 lsst_hardware_z 24.306132200575117 44.060001373291016 30.940000534057617 AB 9.932738029868394 1.2165515673064906
61235.0405 lsst_hardware_z 40.6549825792962 46.529998779296875 30.90999984741211 AB 9.961367522526007 1.4373403507523181
61235.0604 lsst_hardware_r -32.30985483672062 25.420000076293945 31.469999313354492 AB 9.333805663297065 1.3025732423078007
61237.0638 lsst_hardware_g -21.65733251660065 15.529999732971191 31.3799991607666 AB 4.8791385132261675 1.254384740738581
61237.0828 lsst_hardware_r 9.991302766636881 25.040000915527344 31.479999542236328 AB 4.533350651130343 1.1701737575246332
61242.0693 lsst_hardware_r 18.63942134394601 31.34000015258789 31.530000686645508 AB 6.666677629925807 1.1695925666536502
61242.0878 lsst_hardware_g 19.113969663218697 25.799999237060547 31.59000015258789 AB 6.25786125504679 1.1080763621154122
61244.0675 lsst_hardware_r -59.958601255726556 46.79999923706055 31.59000015258789 AB 5.435037975691289 1.1559811362689731
61244.0855 lsst_hardware_i -23.263631819449277 43.68000030517578 31.290000915527344 AB 7.05422154761181 1.0992592695643477
61246.0477 lsst_hardware_i 9.372365731865093 64.27999877929688 31.290000915527344 AB 5.705198171275312 1.2138719513351728
61246.0656 lsst_hardware_z -79.62839857907811 57.90999984741211 30.959999084472656 AB 5.374229384742198 1.1434530605834463
61248.0792 lsst_hardware_z -219.66302423177981 134.49000549316406 31.75 AB 3.7252057684295306 1.0871751841323598
61251.0789 lsst_hardware_z 4.913458631424972 121.19999694824219 31.75 AB 5.129515083586743 1.0686489757472382
61253.0722 lsst_hardware_g -219.17503152960103 78.18000030517578 31.709999084472656 AB 4.0671687609425025 1.0713883551677137
61253.091 lsst_hardware_r -5.799982028460864 76.91000366210938 31.649999618530273 AB 4.167774792811285 1.0361584800226946
61256.0545 lsst_hardware_r -12.088678154950724 24.260000228881836 31.5 AB 1.633043451233539 1.094533144258404
61256.0727 lsst_hardware_i -30.679996065127277 31.389999389648438 31.25 AB 1.5124029992541872 1.0534499646534854
61258.0734 lsst_hardware_i -1.9050409377852233 31.31999969482422 31.25 AB 1.8185910006810568 1.042471195575269
61258.0911 lsst_hardware_u 5.547594472679468 2.740000009536743 28.440000534057617 AB 2.0338140193420946 1.0183496717059641
61260.0751 lsst_hardware_g 17.235558901517336 15.260000228881836 31.459999084472656 AB 3.4490828974410754 1.0314243114357282
61260.0945 lsst_hardware_r -16.30380871061695 24.079999923706055 31.530000686645508 AB 4.444677130461853 1.0101538932867848
61260.9808 lsst_hardware_y 30.043290820164284 51.209999084472656 29.950000762939453 AB 4.615447687774286 1.3559226443384198
61260.9999 lsst_hardware_u -2.2692234511920533 2.7100000381469727 28.34000015258789 AB 4.251278523241345 1.2461915206022947
61262.9809 lsst_hardware_z 11.829236050713579 45.86000061035156 30.93000030517578 AB 10.21447601322272 1.3206808692792087
61262.9997 lsst_hardware_r -10.996099964537551 24.760000228881836 31.489999771118164 AB 9.512645104162512 1.22105707004204
61265.9809 lsst_hardware_y -12.98997365438402 51.220001220703125 29.969999313354492 AB 6.435515839118999 1.273834063000874
61265.9985 lsst_hardware_z 63.75019159684833 43.630001068115234 30.940000534057617 AB 6.295081151610431 1.19055908304689
61267.969 lsst_hardware_y 11.06451916920732 73.37000274658203 29.979999542236328 AB 7.90164188340118 1.3101710965680191
61267.9869 lsst_hardware_u -4.45183278107194 3.0299999713897705 28.440000534057617 AB 7.401992534528379 1.2171660602710554
61269.9701 lsst_hardware_y 47.377782739113876 72.5199966430664 30.0 AB 4.361908730121712 1.2731782633163198
61269.9881 lsst_hardware_i -27.63944186604189 33.77000045776367 31.25 AB 4.013547649503082 1.1884070322016678
61273.9729 lsst_hardware_z -65.30636115156086 74.16000366210938 30.969999313354492 AB 4.00231812543855 1.2065471915103905
61273.9905 lsst_hardware_i 26.640327715503325 58.709999084472656 31.299999237060547 AB 3.765202600551444 1.138871051007419
61275.9732 lsst_hardware_y -14.12906378723362 76.87999725341797 30.020000457763672 AB 3.0576470799740534 1.182384795040237
61275.9906 lsst_hardware_r 46.39970565100395 107.30000305175781 31.639999389648438 AB 2.887657691566873 1.1210213936398847
61279.9755 lsst_hardware_y 66.34349799328922 68.83000183105469 30.030000686645508 AB 4.604629097129194 1.1342847880599074
61279.9938 lsst_hardware_z 152.27278290508164 71.4800033569336 30.979999542236328 AB 4.378961333808059 1.0822939529926
61280.9759 lsst_hardware_y 67.64656937844566 67.20999908447266 30.040000915527344 AB 5.949701284865127 1.124264473953051
61280.9928 lsst_hardware_z -27.013153555045694 58.189998626708984 30.979999542236328 AB 5.678721260567078 1.0781529171237232
61285.9801 lsst_hardware_y 90.40906644372774 55.88999938964844 30.049999237060547 AB 3.272608911096015 1.075926217346635
61285.9969 lsst_hardware_r 15.543559041527644 24.299999237060547 31.520000457763672 AB 3.509910387126392 1.0425476397405125
