data/validation/pwv_sim_epoch_fit_4/39390426.ecsv
# %ECSV 0.9
# ---
# datatype:
# - {name: time, datatype: float64}
# - {name: band, datatype: string}
# - {name: flux, datatype: float64}
# - {name: fluxerr, datatype: float64}
# - {name: zp, datatype: float64}
# - {name: zpsys, datatype: string}
# - {name: pwv, datatype: float64}
# - {name: airmass, datatype: float64}
# meta: {SNID: '39390426', alt: 1024.0, c: -0.08832892775535583, dec: -43.804489, lat: -30.244573, lon: -70.7499537, ra: 16.646341, t0: 62748.4921875,
#   x0: 2.0778118421176857e-06, x1: -0.1333712488412857, z: 0.8767508864402771}
# schema: astropy-2.0
time band flux fluxerr zp zpsys pwv airmass
62695.3398 lsst_hardware_i 2.077184032746387 95.75 32.4900016784668 AB 6.95747780387869 1.1561113000795828
62695.3673 lsst_hardware_z 50.5482451661163 52.25 30.969999313354492 AB 6.553067593877171 1.0896354495971727
62711.2623 lsst_hardware_i 51.74206481850577 31.83091019035649 31.209999084472656 AB 5.364106395955374 1.2836373140721988
62711.2834 lsst_hardware_z -32.84618876361842 42.821188971946455 30.93000030517578 AB 5.003246976856793 1.1973070839023134
62716.4271 lsst_hardware_g 1.7733596419002402 14.898999897503609 31.440000534057617 AB 2.2552348446674424 1.061536759080933
62716.4379 lsst_hardware_r -37.43180025058047 33.456130830823376 31.56999969482422 AB 2.2997789381707623 1.0781898444308418
62722.4108 lsst_hardware_g 25.02383692913877 14.439750819437203 31.389999389648438 AB 4.210493537994711 1.061647387290648
62722.4226 lsst_hardware_r -8.050347762880628 23.60058302221834 31.489999771118164 AB 3.6117144436127675 1.0800581470133874
62723.4219 lsst_hardware_i 143.6685536098073 33.079164704786486 31.25 AB 5.406797625819236 1.083671357392952
62723.4337 lsst_hardware_r 50.0565920556125 34.305441355952674 31.56999969482422 AB 5.4933646257302655 1.1074215554339817
62725.3947 lsst_hardware_z 209.92552225961208 81.27265290664434 31.729999542236328 AB 3.0707228527257624 1.0516774425683302
62731.3964 lsst_hardware_z 208.9799696322775 51.515081641460405 30.959999084472656 AB 2.6457375468351474 1.0772547014801088
62731.4081 lsst_hardware_r 307.8758129808104 53.918911392823816 31.610000610351562 AB 2.6920834653423706 1.0993330696286818
62733.3912 lsst_hardware_i 374.6991048218009 42.75141107989452 31.280000686645508 AB 1.7870906703424168 1.0776967708984875
62733.4015 lsst_hardware_z 285.6655837640984 48.036704346169266 30.950000762939453 AB 1.8108380779441844 1.0969789961800298
62735.3824 lsst_hardware_i 589.6743794120814 39.53611911546556 31.25 AB 1.3460432260143187 1.0721884309440308
62735.3936 lsst_hardware_z 366.44302734976065 46.486087893889064 30.940000534057617 AB 1.3237044425607587 1.0920902929342802
62736.2207 lsst_hardware_r 2141.364189282454 68.84590443209818 33.220001220703125 AB 2.4401171938391886 1.1784210530454438
62736.2384 lsst_hardware_u 7.339633109632367 6.436107390003046 30.170000076293945 AB 2.318588764075724 1.127261371400676
62738.3861 lsst_hardware_i 605.1396758171034 39.63352107896687 31.239999771118164 AB 2.3142930701940405 1.0934529034698985
62738.3977 lsst_hardware_r 499.9716402160957 31.64225970177264 31.479999542236328 AB 2.409446795610199 1.118851541959693
62742.3692 lsst_hardware_g 75.14325246836718 15.890141477499691 31.399999618530273 AB 7.6304596823157285 1.082181205831191
62742.3807 lsst_hardware_r 546.0295479685344 32.0422431954552 31.479999542236328 AB 8.226658407319958 1.1049415840777164
62744.3757 lsst_hardware_i 649.101641622828 40.481615726458664 31.239999771118164 AB 5.345415254710535 1.105947983733214
62744.3869 lsst_hardware_z 491.2381143597048 47.758823897827945 30.940000534057617 AB 5.524469284883441 1.13283717393372
62747.3716 lsst_hardware_z 495.80424134040493 47.775364496996005 30.940000534057617 AB 1.1228474188678317 1.115226703063564
62747.3836 lsst_hardware_i 676.0371457916036 40.83406005149038 31.229999542236328 AB 1.3713067770526282 1.1460984346449046
62751.3573 lsst_hardware_r 407.1812105481417 30.41581306497837 31.469999313354492 AB 2.565750704389252 1.1075182896644253
62751.3674 lsst_hardware_i 724.2901009050574 40.55538944441917 31.229999542236328 AB 2.670728200034345 1.1318243537368322
62755.3549 lsst_hardware_z 612.0506813245404 71.36315597362335 30.979999542236328 AB 3.517887549066135 1.1277690368880535
62755.3665 lsst_hardware_r 548.3376455831643 96.4733562298314 31.6299991607666 AB 3.5454122838166025 1.159894967442727
62758.1184 lsst_hardware_z 942.7180668565125 96.18321894575345 31.700000762939453 AB 1.727763455271395 1.3650116178324274
62764.3391 lsst_hardware_z 829.1078681052774 67.62792453864401 31.690000534057617 AB 5.922439956568811 1.1515535595117268
62765.3391 lsst_hardware_g -22.82984867840361 19.299035342833946 31.510000228881836 AB 2.4687926840656558 1.159602012243145
62765.3507 lsst_hardware_r 164.354213667157 29.181105625054148 31.510000228881836 AB 2.68237430190291 1.1974885276362235
62772.3068 lsst_hardware_r 112.50834145511149 24.469379173947765 31.459999084472656 AB 4.234092197116236 1.1235484137233562
62772.3191 lsst_hardware_u 0.631820371748083 2.525537447781314 28.280000686645508 AB 4.379054582969281 1.1569496916696222
62774.3097 lsst_hardware_g 29.483336884548432 13.85923441818564 31.350000381469727 AB 4.340048519952779 1.1455849333384662
62774.3218 lsst_hardware_r 56.23306435876068 24.57036006057898 31.450000762939453 AB 4.44048769627538 1.1826320517413267
62781.3135 lsst_hardware_r 72.14161871901621 38.629748885125935 31.549999237060547 AB 5.74743565580856 1.221472581993885
62781.3258 lsst_hardware_i 182.93908253859442 34.45831860414945 31.219999313354492 AB 6.074666975311658 1.273159209580479
62787.293 lsst_hardware_r 216.27088649915328 82.81352429668813 31.6200008392334 AB 6.31390845952126 1.2059992282411083
62787.3045 lsst_hardware_i 148.29135112158414 67.73232981188559 31.299999237060547 AB 6.651541416469444 1.251465929721438
62789.2458 lsst_hardware_r 39.28135313056054 56.18854424331513 31.6299991607666 AB 6.89715800861784 1.0913800319560565
62789.2565 lsst_hardware_i 1.8791225085198597 49.717842185158254 31.299999237060547 AB 7.054203172540205 1.1142320601074402
62791.2906 lsst_hardware_r -39.607740147765135 43.79667992647929 31.56999969482422 AB 7.4729611631294075 1.2390059543439613
62791.3016 lsst_hardware_g 21.362707281052078 44.2709870509444 31.600000381469727 AB 6.96228210693202 1.2876026459202945
62796.2395 lsst_hardware_r 36.96721856135382 22.90920591476538 31.469999313354492 AB 2.8186013871061366 1.1192328472958502
62796.2498 lsst_hardware_u -0.5621208925089858 2.5940837379484547 28.31999969482422 AB 2.871836117791404 1.146060306401861
62799.271 lsst_hardware_r 21.40587357102 23.3975295857498 31.440000534057617 AB 4.7437120232200645 1.248345269268438
62799.282 lsst_hardware_i 68.28350963663226 33.19842046708924 31.209999084472656 AB 4.933995257353723 1.2984198045667692
62801.2267 lsst_hardware_r 40.546862502255266 23.038563065048656 31.489999771118164 AB 3.617867804887759 1.1212979404583305
62801.2373 lsst_hardware_i 77.0368382632592 32.05175935460224 31.239999771118164 AB 3.666926534610139 1.149326605425861
62803.2272 lsst_hardware_z 52.85529763512242 43.27354459740556 30.950000762939453 AB 3.744806707208478 1.1365118990009841
62803.2382 lsst_hardware_r 14.029705058475585 23.241636486527938 31.479999542236328 AB 3.8244433156056536 1.1683635383723254
62807.2225 lsst_hardware_z 74.00412407596122 43.17190115602747 30.93000030517578 AB 5.185642101756118 1.1539034494339382
62807.2346 lsst_hardware_r 14.806608625718106 23.068783678052835 31.459999084472656 AB 5.220491067930882 1.1925055263388205
62809.1627 lsst_hardware_z 170.31442128422896 47.8228305002361 30.969999313354492 AB 5.348645653978968 1.0487540497997978
62809.1744 lsst_hardware_i 52.540462481212906 43.6175840539947 31.299999237060547 AB 4.910762136304081 1.0632423793960917
62817.1683 lsst_hardware_i -23.52193899181076 56.71726401156097 31.309999465942383 AB 3.699573598476151 1.0893647874196368
62817.1805 lsst_hardware_z 94.96879462456118 55.349722587305415 30.959999084472656 AB 3.784109942200609 1.1152970479284956
62819.131 lsst_hardware_r 12.13311604893463 42.176039296862214 31.610000610351562 AB 5.2089910770599674 1.0443394413860112
62819.1427 lsst_hardware_z 34.094864011998105 47.47019005084942 30.959999084472656 AB 5.277572555868743 1.0573295936428575
62822.1592 lsst_hardware_u -0.5964618945940046 2.575597254692003 28.329999923706055 AB 3.0476024823287733 1.0984330446309
62822.1724 lsst_hardware_g 23.992817372953134 13.902385074542613 31.360000610351562 AB 2.7069874639740052 1.1288913837597936
62825.072 lsst_hardware_g -8.630404918574003 13.785937153149856 31.399999618530273 AB 6.724296581260251 1.0287042194686769
62825.0857 lsst_hardware_r 33.864344903142594 22.10939110637045 31.489999771118164 AB 5.936358584759038 1.0284751532846197
62827.0541 lsst_hardware_u -0.47205925054928033 3.745796757582007 29.190000534057617 AB 4.598750974265789 1.0331950065752484
62827.0641 lsst_hardware_g 55.47088369576327 19.33430988139558 32.150001525878906 AB 4.587422819043375 1.029262467813187
62829.0791 lsst_hardware_r 14.167440203499838 22.002629728021603 31.479999542236328 AB 7.754329754860087 1.0294269078935738
62829.0917 lsst_hardware_i 59.132589743832106 30.421371380679208 31.25 AB 8.178758379278936 1.0350238394430442
62831.0737 lsst_hardware_z 3.3623064438157244 41.04771418719962 30.950000762939453 AB 4.450974278244946 1.029444363174475
62831.0868 lsst_hardware_r -16.508894659497827 22.024227384034482 31.489999771118164 AB 3.707065101952742 1.035372540985288
62833.1594 lsst_hardware_g -29.871716566568104 13.612219015919274 31.3700008392334 AB 5.035455244381495 1.178343660931707
62833.1715 lsst_hardware_i 34.97078503344081 31.959545866637878 31.229999542236328 AB 4.06459501511548 1.2214243903882789
62835.1059 lsst_hardware_g 14.981700935078628 16.609678402940695 31.5 AB 5.381101134969188 1.066867356501838
62835.1181 lsst_hardware_r 42.81045939009816 23.89519177374348 31.510000228881836 AB 5.487818136122478 1.0873785151327966
62838.104 lsst_hardware_z 30.78800823821269 66.70309173717759 31.709999084472656 AB 7.050994289894439 1.0768511577512092
62840.1093 lsst_hardware_r 113.31985033396168 57.8190552670396 31.6299991607666 AB 4.0916068076121475 1.0968965124736556
62840.1213 lsst_hardware_i 83.0654489956887 51.16489418936804 31.299999237060547 AB 4.1812454324965564 1.1239907076604272
62842.1154 lsst_hardware_z 30.166527284092933 56.20063030303222 30.969999313354492 AB 6.370627604163209 1.122907333283762
62842.127 lsst_hardware_r -70.32990175070817 71.09461020915447 31.6200008392334 AB 5.145050102873924 1.15411621867966
63063.4411 lsst_hardware_i -6.121394758164921 39.22999954223633 31.280000686645508 AB 2.987193066531431 1.0305700140406857
63071.3175 lsst_hardware_r 36.78554530546767 22.239999771118164 31.469999313354492 AB 6.020206624933576 1.1363168412483156
63071.3384 lsst_hardware_g 10.521871460087176 13.130000114440918 31.3799991607666 AB 5.537877971619693 1.0887760610038488
63080.4181 lsst_hardware_z 28.122100645644753 54.630001068115234 30.969999313354492 AB 1.3050696034243638 1.0467073413375463
63080.43 lsst_hardware_g 54.39878211146482 52.22999954223633 31.700000762939453 AB 1.2736738405316244 1.0608055307037405
63082.4233 lsst_hardware_r 63.24159634491608 83.01000213623047 31.649999618530273 AB 1.5797103523610565 1.0591420397995686
63082.4341 lsst_hardware_i -10.234485482014668 70.83999633789062 31.329999923706055 AB 1.5981160292555785 1.0752070167676016
63084.4163 lsst_hardware_z 41.73312232579062 54.0099983215332 30.969999313354492 AB 3.0554875084801907 1.0571401828440286
63084.4271 lsst_hardware_r -7.821444549912149 65.36000061035156 31.639999389648438 AB 3.0582535762285836 1.0726950460289666
63092.1904 lsst_hardware_g 32.682971460706 19.030000686645508 32.02000045776367 AB 3.4484200394425986 1.449423484179026
63092.2062 lsst_hardware_r 69.3880067059732 32.93000030517578 32.18000030517578 AB 3.24503857699019 1.3509267276281798
63096.3951 lsst_hardware_r -3.7726295496131286 22.260000228881836 31.489999771118164 AB 2.618948975814694 1.0739265893171244
63096.4063 lsst_hardware_i 57.11857895927794 30.700000762939453 31.25 AB 2.6458460152270904 1.094229121268441
63101.3898 lsst_hardware_z 56.3734258880421 41.650001525878906 30.940000534057617 AB 2.459306045953626 1.0886702283991263
63101.4005 lsst_hardware_r 0.7449925289076711 22.350000381469727 31.469999313354492 AB 2.540303898151231 1.1110010488306281
63111.1257 lsst_hardware_y 110.01912505644863 87.70999908447266 30.649999618530273 AB 4.75328828659691 1.5466230867451984
63114.3672 lsst_hardware_z 30.353708815496077 51.81999969482422 30.959999084472656 AB 1.3510133714576997 1.1160787868299875
63114.3778 lsst_hardware_r -98.87380409260315 58.369998931884766 31.610000610351562 AB 1.1378740899831208 1.1432090656226934
63117.3602 lsst_hardware_i -8.149532634812632 35.279998779296875 31.260000228881836 AB 3.316826206282243 1.1189113481217507
63117.3723 lsst_hardware_z -35.77802535603922 44.369998931884766 30.950000762939453 AB 3.3595899921044685 1.1508072592273813
63119.3184 lsst_hardware_i 24.069200083282364 31.18000030517578 31.25 AB 3.1005709672231667 1.054227512727113
63119.3298 lsst_hardware_z 62.10492291407401 41.77000045776367 30.950000762939453 AB 3.141876343412242 1.0699391600246013
63122.3501 lsst_hardware_g 1.8784380087670731 13.609999656677246 31.389999389648438 AB 3.1484728057321565 1.127676506351059
63122.3613 lsst_hardware_r -6.449152023297039 22.93000030517578 31.479999542236328 AB 3.295028720602417 1.1585895642061945
63124.2639 lsst_hardware_r 3.9042819323741087 22.139999389648438 31.5 AB 2.4537132236019747 1.0280921327941235
63124.2753 lsst_hardware_i 43.033242001813626 30.030000686645508 31.25 AB 2.463740173425308 1.030853629048246
63126.3143 lsst_hardware_z -2.00275126174411 41.61000061035156 30.950000762939453 AB 1.1999095969305558 1.075750105578284
63126.3255 lsst_hardware_u 3.54991963437745 2.700000047683716 28.450000762939453 AB 1.2135079079825921 1.0964607255319436
63129.3258 lsst_hardware_g 3.537629691086878 13.479999542236328 31.3799991607666 AB 7.4307504357380205 1.1150307018739058
63129.338 lsst_hardware_r -14.353745674712298 22.670000076293945 31.469999313354492 AB 5.893222491639155 1.1464298203752856
63137.3128 lsst_hardware_r 72.91636650344488 64.0199966430664 31.6200008392334 AB 4.261676975721758 1.1372053304128067
63137.3242 lsst_hardware_z 14.307957422314532 54.41999816894531 30.959999084472656 AB 4.387214196678183 1.1704439831067388
63145.3098 lsst_hardware_r -18.188710225821527 42.47999954223633 31.56999969482422 AB 6.8369546559230985 1.195236966741604
63145.3218 lsst_hardware_i -3.8686367956590657 41.5 31.25 AB 7.0921345032878245 1.240950322092888
63147.2665 lsst_hardware_i 9.534999775357587 33.5 31.25 AB 4.075524659277595 1.0931223940842902
63147.278 lsst_hardware_z -56.83151489344481 43.279998779296875 30.940000534057617 AB 4.222009481803597 1.1182156303886448
63149.1633 lsst_hardware_r 25.822635805343772 21.959999084472656 31.489999771118164 AB 3.231818350270636 1.038919344296596
63149.1766 lsst_hardware_z 33.78481194224395 40.61000061035156 30.950000762939453 AB 3.5793089127320563 1.0311049297288428
63151.296 lsst_hardware_r -17.949256286053085 22.530000686645508 31.450000762939453 AB 6.369749856469988 1.2044530313832114
63151.3066 lsst_hardware_i 20.359326496250482 31.510000228881836 31.209999084472656 AB 6.593755947144434 1.2458679163239608
63157.2378 lsst_hardware_u -4.082758883319421 2.680000066757202 28.440000534057617 AB 5.417890587948292 1.0903930743040586
63157.2485 lsst_hardware_r 7.17158960908698 22.350000381469727 31.479999542236328 AB 5.607029131536148 1.1130578921162426
63159.2758 lsst_hardware_z -4.246784303929639 43.41999816894531 30.93000030517578 AB 1.5562878606976773 1.2104909468740035
63159.2864 lsst_hardware_i 6.983472428596458 31.84000015258789 31.219999313354492 AB 1.4917093204383756 1.2528353755085895
63161.238 lsst_hardware_r -18.894801017608213 22.290000915527344 31.479999542236328 AB 2.711284356243738 1.1140356882357425
63161.2487 lsst_hardware_u 2.9505304066570788 2.5899999141693115 28.34000015258789 AB 2.8474674585037842 1.1410789614975927
63163.2348 lsst_hardware_g -9.922169359209535 21.440000534057617 31.540000915527344 AB 1.8615383823530751 1.119385677904486
63163.2459 lsst_hardware_r -8.444667804288787 23.350000381469727 31.469999313354492 AB 1.9323620825445944 1.1485064383635861
63165.0969 lsst_hardware_z 75.05943683449584 73.73999786376953 31.719999313354492 AB 2.4407671895571985 1.0636696061405093
63166.221 lsst_hardware_z -80.55191197081803 56.959999084472656 30.969999313354492 AB 3.4338972062006894 1.1064595476722054
63166.2317 lsst_hardware_r 14.813225380469978 70.69000244140625 31.6200008392334 AB 3.6562503015913 1.1321412917142901
63170.2205 lsst_hardware_i 44.624880065060346 67.69999694824219 31.309999465942383 AB 4.306655355264104 1.1314198450679915
63170.2311 lsst_hardware_z -126.80779715352233 62.18000030517578 30.969999313354492 AB 4.415270858377764 1.1611749172792438
63181.1796 lsst_hardware_r -32.247406544113524 21.969999313354492 31.469999313354492 AB 0.8177876982411357 1.105491988159697
63181.1899 lsst_hardware_u -4.202810769180532 2.5799999237060547 28.350000381469727 AB 0.8274169098906904 1.129965052769327
63183.1703 lsst_hardware_g 19.558039305332816 13.15999984741211 31.3799991607666 AB 4.572413000974359 1.0973571730903844
63183.1819 lsst_hardware_r 2.9169712909981302 22.260000228881836 31.469999313354492 AB 4.88300711038366 1.123563532071712
63186.1575 lsst_hardware_r 48.088356233795594 22.06999969482422 31.479999542236328 AB 6.31919095903423 1.088264803507617
63186.1686 lsst_hardware_i 37.627245440278166 30.6299991607666 31.239999771118164 AB 6.118190169362456 1.1114215088611443
63187.1583 lsst_hardware_z 6.278129703195935 41.630001068115234 30.940000534057617 AB 2.973103904681952 1.0951667389932598
63187.1699 lsst_hardware_r -3.598573690988992 22.219999313354492 31.469999313354492 AB 2.702074768059332 1.120921534092216
63193.0753 lsst_hardware_i 24.148241152060674 43.34000015258789 31.309999465942383 AB 7.018020264033343 1.0280930619349182
63193.0885 lsst_hardware_r 20.493159872483844 46.939998626708984 31.6299991607666 AB 7.080966465686947 1.0315341926850647
63195.0828 lsst_hardware_z -168.65985440900883 75.0 31.729999542236328 AB 5.309981723394673 1.0314315886033227
63197.0592 lsst_hardware_z -45.97680020755883 57.52000045776367 30.979999542236328 AB 3.7014698880647052 1.027995710442084
63197.0704 lsst_hardware_r -80.45727782355947 78.68000030517578 31.65999984741211 AB 3.741100133153953 1.0290941132828844
63199.1046 lsst_hardware_i -67.78729109018053 63.349998474121094 31.31999969482422 AB 5.314847853755551 1.0601601463632695
63199.1157 lsst_hardware_z 2.908977090097119 58.41999816894531 30.979999542236328 AB 5.400327922691843 1.076978246897263
63201.1079 lsst_hardware_i -81.76871379481611 52.650001525878906 31.309999465942383 AB 9.533382265953245 1.073115839553486
63201.1205 lsst_hardware_z 64.87248981189927 52.75 30.969999313354492 AB 9.747689999413769 1.0960362807732529
63204.11 lsst_hardware_g 1.9152188860829844 13.3100004196167 31.3799991607666 AB 2.837752685400859 1.0914433405387918
63204.1216 lsst_hardware_r 0.13750257254592446 22.389999389648438 31.469999313354492 AB 2.9026912846412354 1.1164197248620136
63206.1113 lsst_hardware_i 16.869250678977355 30.809999465942383 31.25 AB 5.768823335457145 1.1054209252920364
63206.1228 lsst_hardware_r 18.916232829776128 22.600000381469727 31.479999542236328 AB 5.952548436870061 1.132991486255127
63208.0689 lsst_hardware_u -3.260742175471198 2.5999999046325684 28.389999389648438 AB 3.2059723731805314 1.047019063742613
63208.0822 lsst_hardware_g 11.855697603432498 13.300000190734863 31.389999389648438 AB 3.1012370816297294 1.0631597811552038
