data/validation/pwv_sim_epoch_fit_4/39618748.ecsv
# %ECSV 0.9
# ---
# datatype:
# - {name: time, datatype: float64}
# - {name: band, datatype: string}
# - {name: flux, datatype: float64}
# - {name: fluxerr, datatype: float64}
# - {name: zp, datatype: float64}
# - {name: zpsys, datatype: string}
# - {name: pwv, datatype: float64}
# - {name: airmass, datatype: float64}
# meta: {SNID: '39618748', alt: 1024.0, c: -0.14801424741744995, dec: -46.768478, lat: -30.244573, lon: -70.7499537, ra: 301.753235, t0: 60759.03125,
#   x0: 8.382769973567e-06, x1: 0.2579379379749298, z: 0.4945835471153259}
# schema: astropy-2.0
time band flux fluxerr zp zpsys pwv airmass
60794.3626 lsst_hardware_i 610.779838539127 39.32714059014266 31.239999771118164 AB 12.656874899430477 1.1059834760075564
60794.3846 lsst_hardware_y 245.92392904911725 49.44144871660992 30.040000915527344 AB 13.411257226880828 1.0713150319032494
60800.4142 lsst_hardware_i 414.29077316019135 38.03148920920568 31.260000228881836 AB 6.957647136046638 1.0426825890121594
60800.4271 lsst_hardware_y 281.4928947162687 62.924715233969394 30.059999465942383 AB 5.734159236459925 1.0445210139733003
60806.4016 lsst_hardware_z 555.8617684788657 56.8153320966448 30.979999542236328 AB 7.925123633400659 1.0427794254474552
60806.4163 lsst_hardware_y 185.491845474503 52.477557490378004 30.059999465942383 AB 7.954477472072239 1.0466417726410842
60808.3855 lsst_hardware_i 570.3196211753874 108.68569562040375 32.09000015258789 AB 6.806353506978887 1.0434391395031255
60808.3988 lsst_hardware_z 763.6299669262849 96.89402390873 31.739999771118164 AB 6.818874609983636 1.043066685190236
60810.3908 lsst_hardware_z 815.5603435706345 99.72581911996028 31.739999771118164 AB 7.929967952793797 1.0427879615749884
60810.4042 lsst_hardware_r 430.58245437288105 133.92479426431308 32.40999984741211 AB 7.976182980711872 1.046125382741409
60812.399 lsst_hardware_i 256.77591121900986 73.54666140379963 31.329999923706055 AB 7.6191243745785675 1.0462357103862439
60812.4118 lsst_hardware_r 39.82410199980142 85.6193001219131 31.649999618530273 AB 7.676277509835623 1.0538667397122368
60814.3936 lsst_hardware_z 811.8129023648792 76.07499889573567 31.719999313354492 AB 10.036523901140136 1.0462613850189086
60823.1803 lsst_hardware_i 428.2110227544412 52.67782339075128 31.920000076293945 AB 11.720268914300968 1.5530048692786123
60823.1926 lsst_hardware_z 385.5087379072681 69.94411041292743 31.649999618530273 AB 11.063700186997902 1.4628074288670652
60828.1177 lsst_hardware_r 252.48455724267475 44.3374758984757 32.06999969482422 AB 20.186401757660278 2.1191404096958535
60828.1402 lsst_hardware_i 519.165424690559 55.91917828980368 31.899999618530273 AB 19.12725241475424 1.80761257050082
60830.3402 lsst_hardware_g 38.12309136440333 14.876714989347388 31.420000076293945 AB 12.566037092869216 1.0433008504188253
60830.3531 lsst_hardware_r 189.18856224052163 25.74104912379584 31.489999771118164 AB 12.52649924864855 1.047760382137834
60833.297 lsst_hardware_r 168.82696886348742 49.93102501607144 31.6299991607666 AB 3.4320048944934505 1.0527622375746781
60833.3095 lsst_hardware_i 260.6790253181801 45.121825884988034 31.299999237060547 AB 3.4091373180528652 1.0457476435744986
60844.3222 lsst_hardware_z -55.50771639358732 44.52000045776367 30.959999084472656 AB 4.933332072385476 1.0522197019057935
60844.3344 lsst_hardware_g -29.363879799805584 33.33000183105469 31.65999984741211 AB 4.682149301149681 1.0628365544377176
60847.3231 lsst_hardware_r -17.966623641015683 23.360000610351562 31.5 AB 3.1288990910595245 1.0597456701301997
60847.3344 lsst_hardware_i 22.366897434548395 31.079999923706055 31.25 AB 3.628573772568421 1.0722735734540743
60849.1152 lsst_hardware_r -26.802057952618924 24.56999969482422 31.399999618530273 AB 4.825670983171176 1.5080221822409925
60849.1326 lsst_hardware_i 26.70256227903709 33.4900016784668 31.190000534057617 AB 4.8197618841657 1.3938004291977155
60861.2292 lsst_hardware_y -33.396732301043905 48.459999084472656 30.049999237060547 AB 3.7965839452730985 1.0474779818659248
60861.2416 lsst_hardware_r 28.27769850091694 41.52000045776367 31.6200008392334 AB 3.764371282177399 1.0432919623568788
60863.2027 lsst_hardware_r -18.713062821103918 67.98999786376953 31.639999389648438 AB 2.407474370878873 1.063841966804628
60863.2142 lsst_hardware_i -7.025116832721866 56.97999954223633 31.31999969482422 AB 1.8961677478983374 1.0534265266101874
60867.2102 lsst_hardware_z 45.47990327686528 85.62000274658203 31.0 AB 8.705645536209428 1.0488729561698105
60867.2229 lsst_hardware_r -128.096487130407 129.8699951171875 31.65999984741211 AB 8.663325643854122 1.043774173958328
60870.216 lsst_hardware_i 29.843774550388993 61.29999923706055 31.329999923706055 AB 6.828771251682427 1.043489813067479
60870.2282 lsst_hardware_z 83.25871790113906 57.790000915527344 30.979999542236328 AB 6.808417549695371 1.0429028669433809
60875.2117 lsst_hardware_i -19.72984800002313 30.770000457763672 31.25 AB 2.6336867099796937 1.0427001161252498
60875.2246 lsst_hardware_z 20.07715952113331 41.34000015258789 30.940000534057617 AB 2.6267137260365 1.0452848520125353
60877.2064 lsst_hardware_r -31.126218110891845 23.190000534057617 31.5 AB 6.428284119257768 1.0427062642753882
60877.2197 lsst_hardware_g -1.7821550552737258 14.5 31.440000534057617 AB 5.9385824920406405 1.045494408974028
60879.1933 lsst_hardware_u -3.537725511316081 2.799999952316284 28.510000228881836 AB 5.612601218824899 1.043153637820782
60879.2052 lsst_hardware_r 10.708469667202058 23.270000457763672 31.510000228881836 AB 5.588003775767263 1.043105628205758
60881.197 lsst_hardware_i -18.9067151835106 30.68000030517578 31.25 AB 6.079501508313104 1.0427961420777194
60881.21 lsst_hardware_z -35.386720455396066 41.36000061035156 30.950000762939453 AB 5.650380315684163 1.0459793253765575
60884.0451 lsst_hardware_r 16.88322418960853 24.34000015258789 31.440000534057617 AB 6.0187756196630104 1.3490979422436515
60884.053 lsst_hardware_u -1.2646848876783907 2.5299999713897705 28.200000762939453 AB 5.8771341917410584 1.3095705110277684
60886.1983 lsst_hardware_i -14.208887090488926 30.829999923706055 31.260000228881836 AB 5.1161438152416325 1.0468348898136235
60886.2119 lsst_hardware_z 31.688470362509673 41.540000915527344 30.950000762939453 AB 4.7500384576893735 1.0555641017087496
60890.1922 lsst_hardware_r 54.834054095670346 43.11000061035156 31.610000610351562 AB 2.4025365802290506 1.0493717319190763
60890.2038 lsst_hardware_i -28.67607205248075 41.59000015258789 31.290000915527344 AB 2.402704377736978 1.057994001645521
60891.1901 lsst_hardware_z 38.36156579485886 50.90999984741211 30.969999313354492 AB 1.2995886385993967 1.0497484964453931
60891.2014 lsst_hardware_i -27.094448370987905 49.38999938964844 31.309999465942383 AB 1.3263935446438726 1.058292721790324
60894.1324 lsst_hardware_z 21.153191462538228 71.66000366210938 30.989999771118164 AB 2.780280401184947 1.0514107151840213
60894.144 lsst_hardware_r -217.54103824916794 107.44999694824219 31.65999984741211 AB 2.7900533242195937 1.0453553106854978
60896.1342 lsst_hardware_y -9.536182532561781 89.69999694824219 30.809999465942383 AB 4.581018138487696 1.0472095413161955
60897.1348 lsst_hardware_r 63.76936918880858 111.08999633789062 31.65999984741211 AB 4.5169149825281805 1.0457435520593101
60897.1464 lsst_hardware_i 28.392529077922315 86.44999694824219 31.34000015258789 AB 4.47183172751038 1.0428712051096967
60899.1296 lsst_hardware_z 28.04943182418708 52.68000030517578 30.979999542236328 AB 3.2906336287259457 1.04564144541657
60899.1403 lsst_hardware_r -106.04461966127057 63.099998474121094 31.649999618530273 AB 3.230680925874651 1.0429401460910313
60906.1177 lsst_hardware_u -1.1255388443620966 2.740000009536743 28.479999542236328 AB 2.2867400738000656 1.0434985316043952
60906.1293 lsst_hardware_g 3.4081780293743362 14.010000228881836 31.43000030517578 AB 1.9232746559056566 1.042849210196913
60908.1165 lsst_hardware_r 57.823361082408795 22.770000457763672 31.5 AB 2.5510972765944238 1.0428604094407454
60908.1279 lsst_hardware_i -38.85688333482139 30.56999969482422 31.25 AB 1.8451426798184098 1.0434360112073948
60912.113 lsst_hardware_u -3.0103693074025033 2.6500000953674316 28.399999618530273 AB 4.024912754444681 1.0428585968246358
60912.1238 lsst_hardware_r -33.77995280566792 22.68000030517578 31.489999771118164 AB 4.018423056994484 1.0453754050453914
60920.0201 lsst_hardware_z 68.07885283519738 51.560001373291016 30.959999084472656 AB 1.7473836196223809 1.1031462245090788
60920.0279 lsst_hardware_r 88.19589667432759 55.810001373291016 31.6200008392334 AB 1.7486871461374542 1.0895247016432736
60934.039 lsst_hardware_u -2.8750992323560793 2.7300000190734863 28.469999313354492 AB 2.6453934557672523 1.0440282006579107
60934.051 lsst_hardware_g 16.871569895546934 13.970000267028809 31.43000030517578 AB 2.7357712944572317 1.0427282280995673
60936.0463 lsst_hardware_r 8.849585743180679 22.8700008392334 31.510000228881836 AB 1.1679029385121347 1.0427704808144058
60936.0578 lsst_hardware_i -12.493647718226622 30.520000457763672 31.25 AB 1.2039069766885284 1.0452093561179525
60938.0379 lsst_hardware_z -130.27148011937032 41.220001220703125 30.950000762939453 AB 6.500138066869795 1.0426913806336584
60938.0501 lsst_hardware_r -8.327998949156918 22.65999984741211 31.489999771118164 AB 5.811423416412818 1.0444686226478823
60940.0423 lsst_hardware_u 3.470547264354842 2.630000114440918 28.389999389648438 AB 2.676908842955978 1.043832654691228
60940.0539 lsst_hardware_g -12.36388453384176 13.989999771118164 31.420000076293945 AB 2.7079606031148775 1.0483780887009493
60941.0362 lsst_hardware_r -7.372494917081742 22.84000015258789 31.5 AB 1.5647444293977455 1.0431629529318303
60941.0489 lsst_hardware_z 18.652251376328326 41.2599983215332 30.950000762939453 AB 1.4088522836227313 1.0472142841597731
60947.029 lsst_hardware_r 54.49851987575019 33.290000915527344 31.579999923706055 AB 3.5740346139389723 1.0456763468796213
60947.04 lsst_hardware_i 2.488890640525457 36.130001068115234 31.270000457763672 AB 3.576375442750148 1.0515658461482034
60950.0278 lsst_hardware_z 3.5533299706406316 54.599998474121094 30.979999542236328 AB 5.218427248538281 1.0490531047603466
60950.0403 lsst_hardware_r 125.27620994121801 65.19999694824219 31.639999389648438 AB 5.264453095364171 1.0583056161420947
61161.4121 lsst_hardware_z -6.148473928558504 83.19999694824219 31.739999771118164 AB 9.290477069523059 1.0453910153713415
61166.407 lsst_hardware_r 109.00922112206253 79.47000122070312 31.649999618530273 AB 2.746546514253425 1.0431243882465868
61166.4206 lsst_hardware_y -148.3836162810899 56.290000915527344 30.059999465942383 AB 2.4276844542066174 1.0433800168503782
61168.403 lsst_hardware_z 64.8724211048144 51.790000915527344 30.969999313354492 AB 11.042315350768448 1.0429249312042232
61168.4161 lsst_hardware_y -34.74459009008557 50.77000045776367 30.049999237060547 AB 11.058957086823897 1.0435767818590407
61170.4025 lsst_hardware_z 16.773016448158195 44.11000061035156 30.959999084472656 AB 8.134795769809323 1.0426551871070653
61170.416 lsst_hardware_y -1.7205401748595501 48.63999938964844 30.049999237060547 AB 8.175213577040621 1.0451118903618641
61175.2587 lsst_hardware_u 1.172731024340183 2.490000009536743 28.170000076293945 AB 9.252683021440701 1.2957578715738123
61175.2754 lsst_hardware_g 30.859426076568152 14.050000190734863 31.360000610351562 AB 8.774529938079697 1.227121171677436
61177.4128 lsst_hardware_i 57.52596592327213 43.279998779296875 32.0 AB 7.66704481749089 1.0540704337502438
61177.4244 lsst_hardware_z -19.195549755308928 61.88999938964844 31.700000762939453 AB 7.134624637455839 1.0648693488740058
61178.3877 lsst_hardware_r 14.71356605751617 22.729999542236328 31.5 AB 8.207007976309503 1.043352145475346
61178.401 lsst_hardware_u -3.924333910042178 2.6600000858306885 28.40999984741211 AB 8.274789173349475 1.0481492788400788
61182.3868 lsst_hardware_g 9.60476743146041 13.9399995803833 31.43000030517578 AB 4.328141852950772 1.0465403045742174
61182.4009 lsst_hardware_i 5.356872506600589 30.559999465942383 31.25 AB 4.341828236059018 1.0554642823253957
61185.3279 lsst_hardware_g -17.038009881663545 13.979999542236328 31.420000076293945 AB 7.715880614320084 1.0569699471671348
61185.3409 lsst_hardware_r 5.2162827570236 22.81999969482422 31.510000228881836 AB 7.768287071745022 1.047939349794132
61187.3251 lsst_hardware_i -37.83892735797344 39.290000915527344 31.290000915527344 AB 4.256991604219508 1.0547551051089241
61187.3382 lsst_hardware_r -19.969412843188092 22.6200008392334 31.489999771118164 AB 3.8793808858354932 1.0465955627252859
61196.3477 lsst_hardware_z 97.69197514254651 58.630001068115234 30.979999542236328 AB 5.497986909963728 1.046156234354523
61196.3597 lsst_hardware_r -33.04489839436892 72.36000061035156 31.649999618530273 AB 5.561450511093875 1.0531388059511835
61198.3328 lsst_hardware_z -35.38337705331038 66.01000213623047 31.700000762939453 AB 3.38497495646374 1.0432963342465995
61222.2271 lsst_hardware_y 32.599634256423855 64.0999984741211 30.059999465942383 AB 8.10925945862544 1.0567875752427331
61222.2391 lsst_hardware_r -114.84432241191139 122.38999938964844 31.65999984741211 AB 8.012621441254119 1.0483607799625532
61223.2322 lsst_hardware_i 48.459918106914294 95.25 31.34000015258789 AB 8.631902985079545 1.050855593192194
61223.2453 lsst_hardware_z -31.813440453932827 79.37000274658203 31.0 AB 8.70062972957895 1.0445456130753903
61225.2324 lsst_hardware_r -69.05770422751891 69.01000213623047 31.649999618530273 AB 7.624115335167439 1.047580369867512
61225.2442 lsst_hardware_z -100.70725249735591 55.88999938964844 30.979999542236328 AB 7.563837340619791 1.043431830682839
61231.2155 lsst_hardware_u -1.540405773643874 2.799999952316284 28.510000228881836 AB 10.084823438313661 1.0478464418294249
61231.2281 lsst_hardware_r -16.423238753316888 23.209999084472656 31.510000228881836 AB 10.116936927064465 1.0433775922579926
61233.2195 lsst_hardware_i -42.43632317161423 30.729999542236328 31.239999771118164 AB 7.471984843588029 1.044107994352978
61233.2328 lsst_hardware_z -1.7043254805873111 41.349998474121094 30.940000534057617 AB 7.488389375190593 1.0427454251400217
61235.2105 lsst_hardware_r 18.29568234562328 23.18000030517578 31.5 AB 6.868505682488183 1.0452357896120499
61235.2225 lsst_hardware_u -2.001553036890353 2.740000009536743 28.459999084472656 AB 6.878459374574925 1.042717439298877
61238.2093 lsst_hardware_i 47.51361739025197 30.600000381469727 31.239999771118164 AB 1.8051175534719146 1.0433200386120305
61238.2219 lsst_hardware_z -17.029576965723948 41.029998779296875 30.940000534057617 AB 1.7842758204969553 1.0430295131509872
61242.1962 lsst_hardware_z -22.66934745746989 41.970001220703125 30.940000534057617 AB 6.472761640635829 1.043783372809648
61242.2082 lsst_hardware_r -18.443568733267014 23.040000915527344 31.489999771118164 AB 6.492827684849261 1.0427453455325366
61244.1893 lsst_hardware_z 35.56742271744469 45.790000915527344 30.959999084472656 AB 5.5579557724757045 1.0441560746725393
61244.2012 lsst_hardware_r 19.566668114070566 41.630001068115234 31.610000610351562 AB 5.525731281530828 1.0426727789664272
61246.1922 lsst_hardware_i -43.224765084787435 57.349998474121094 31.31999969482422 AB 6.14119018102152 1.04273540725379
61246.2053 lsst_hardware_z -57.48987855506206 55.310001373291016 30.969999313354492 AB 6.0769662878462 1.0441074331594347
61249.1892 lsst_hardware_y 55.55115593918042 64.5999984741211 30.059999465942383 AB 3.309875323841733 1.0427541056996796
61249.2008 lsst_hardware_r -22.342089764735643 132.7100067138672 31.65999984741211 AB 3.4307284367530424 1.0452898626643776
61251.1831 lsst_hardware_i -97.0277593203196 101.44000244140625 31.34000015258789 AB 5.032925342727645 1.042715148438938
61251.1955 lsst_hardware_z 130.0571329685636 85.44000244140625 31.0 AB 5.1020908611389135 1.045349764101606
61256.189 lsst_hardware_r -41.23105170339626 39.59000015258789 31.600000381469727 AB 1.2938910124643548 1.048675682126993
61256.2011 lsst_hardware_i 45.306958320702535 39.5099983215332 31.280000686645508 AB 1.273249100148692 1.0573694949333516
61260.1358 lsst_hardware_z 35.268354634092596 41.22999954223633 30.950000762939453 AB 4.069871056973048 1.048125433163288
61260.1479 lsst_hardware_r 27.74548087512145 23.020000457763672 31.5 AB 3.9983516954233744 1.0435927515460348
61261.1334 lsst_hardware_u -3.55402302086863 2.7699999809265137 28.489999771118164 AB 4.572997754947265 1.0479513617753686
61261.145 lsst_hardware_g 0.10099337106826321 14.109999656677246 31.43000030517578 AB 4.491784972799833 1.0436303375464298
61263.1322 lsst_hardware_r 29.78114460727561 22.84000015258789 31.5 AB 8.579834319800298 1.0459598496211024
61263.1436 lsst_hardware_i 15.055877186712463 30.65999984741211 31.25 AB 8.554605740637331 1.042937232803828
61266.1225 lsst_hardware_z -50.75547187683757 41.38999938964844 30.950000762939453 AB 3.868976039351503 1.046612093602751
61266.1357 lsst_hardware_r -5.174106692571574 22.950000762939453 31.510000228881836 AB 3.130799651217495 1.0429046139965006
61274.1279 lsst_hardware_i 3.5200484602266084 49.279998779296875 31.309999465942383 AB 2.1042602642605543 1.0438661914479808
61274.1394 lsst_hardware_z -105.88423853350531 50.95000076293945 30.969999313354492 AB 2.102800095403094 1.0484294974587474
61276.1144 lsst_hardware_z 94.57781413800146 67.2300033569336 30.989999771118164 AB 2.9942852399400737 1.0426994451329334
61276.1264 lsst_hardware_r -35.5383632144521 89.91000366210938 31.649999618530273 AB 2.9052441902037334 1.0450518669797602
61278.1146 lsst_hardware_z -39.351073872937974 77.04000091552734 31.0 AB 1.9695827019957466 1.0433493322716751
61278.1256 lsst_hardware_r -274.40426797678236 111.9000015258789 31.65999984741211 AB 2.2515011402978313 1.0469663521496542
61280.1151 lsst_hardware_i 18.015137675102007 83.01000213623047 31.34000015258789 AB 3.677081800921254 1.0449223645698362
61280.1266 lsst_hardware_z 77.29806637230266 71.52999877929688 30.989999771118164 AB 4.097171914242772 1.0505569010878901
61286.0624 lsst_hardware_r 14.866850693960204 22.6200008392334 31.489999771118164 AB 1.5143227724879271 1.049487338715283
61286.0761 lsst_hardware_u 5.789736282237983 2.6700000762939453 28.420000076293945 AB 1.5548024389956836 1.0437834555491872
61296.0936 lsst_hardware_r 4.685254915470084 22.790000915527344 31.5 AB 2.670363070569253 1.0589325153442066
61296.1051 lsst_hardware_i 5.199843156877682 30.700000762939453 31.25 AB 2.8553785152864295 1.0714365911018497
61299.0419 lsst_hardware_z 92.03472283951294 41.400001525878906 30.950000762939453 AB 2.723527771340228 1.0434972303985548
61299.0543 lsst_hardware_r -16.80555416026314 24.290000915527344 31.530000686645508 AB 2.7423373336724666 1.0429120873445394
61303.0467 lsst_hardware_z -161.3162102241465 73.41999816894531 31.729999542236328 AB 5.791352163621724 1.0434242082076643
61307.0235 lsst_hardware_i -24.822133386279752 66.63999938964844 31.329999923706055 AB 2.9463092500357098 1.042941327446269
61307.0373 lsst_hardware_r -9.160105027954069 82.30000305175781 31.649999618530273 AB 2.9666969078719254 1.043754042877422
61309.0264 lsst_hardware_z 50.36755897725509 85.5 31.729999542236328 AB 3.351031967007139 1.0428522718901885
61311.033 lsst_hardware_r -58.36601228556559 57.34000015258789 31.639999389648438 AB 4.929058705052373 1.0458801227256866
61311.0455 lsst_hardware_i 48.386579239224005 53.7599983215332 31.31999969482422 AB 4.731755394348309 1.0530027025977728
61313.0301 lsst_hardware_z 85.60140003839744 41.459999084472656 30.950000762939453 AB 3.5510970066467724 1.047006488446223
61313.0421 lsst_hardware_r 12.824944388968193 23.06999969482422 31.5 AB 3.9158981605176137 1.054574337983603
61315.0269 lsst_hardware_u -5.39557355898584 2.690000057220459 28.43000030517578 AB 5.234774646753119 1.0481428245517825
61315.0394 lsst_hardware_g -2.843751887523509 14.140000343322754 31.420000076293945 AB 5.278303771261782 1.0568585272499063
61317.0272 lsst_hardware_r -0.7273446690825043 23.059999465942383 31.5 AB 2.5292042235742773 1.0516441678063524
61317.038 lsst_hardware_z -26.38786135020975 41.5 30.950000762939453 AB 2.559744504905275 1.0605943670624716
61319.0283 lsst_hardware_r -24.87897342102744 23.360000610351562 31.510000228881836 AB 3.5976437778446693 1.056706041711843
61319.0395 lsst_hardware_u 1.5510548577970116 2.859999895095825 28.540000915527344 AB 3.6566759127900985 1.0680583914292956
