data/validation/pwv_sim_epoch_fit_4/39682927.ecsv
# %ECSV 0.9
# ---
# datatype:
# - {name: time, datatype: float64}
# - {name: band, datatype: string}
# - {name: flux, datatype: float64}
# - {name: fluxerr, datatype: float64}
# - {name: zp, datatype: float64}
# - {name: zpsys, datatype: string}
# - {name: pwv, datatype: float64}
# - {name: airmass, datatype: float64}
# meta: {SNID: '39682927', alt: 1024.0, c: 0.014114107936620712, dec: -54.916332, lat: -30.244573, lon: -70.7499537, ra: 107.380951, t0: 60626.01953125,
#   x0: 5.775483655189123e-06, x1: 1.0739320516586304, z: 0.5780061483383179}
# schema: astropy-2.0
time band flux fluxerr zp zpsys pwv airmass
[from data line 131]
61048.2066 lsst_hardware_z 41.38740402940721 46.650001525878906 30.959999084472656 AB 7.373675665513304 1.1021936719750764
61048.2196 lsst_hardware_r -7.2717843245801985 44.13999938964844 31.610000610351562 AB 8.90226774005618 1.1075571820542056
61054.1879 lsst_hardware_u -5.463983252512043 3.5799999237060547 29.09000015258789 AB 8.739554742645351 1.1016708360828646
61054.2014 lsst_hardware_g -4.99601477484119 17.8700008392334 32.099998474121094 AB 8.800892674447901 1.1065665558819657
61056.1815 lsst_hardware_r -19.65043232412473 21.59000015258789 31.469999313354492 AB 5.6707727262538885 1.101495212208787
61056.1931 lsst_hardware_i 3.328937609467458 30.100000381469727 31.239999771118164 AB 5.66926256879485 1.105173267468171
61058.1832 lsst_hardware_z -5.942125202968866 41.560001373291016 30.940000534057617 AB 6.873352848483507 1.1033849820981656
61058.1954 lsst_hardware_r 15.406103964045768 21.600000381469727 31.459999084472656 AB 6.914496334218107 1.1094554742821991
61060.1827 lsst_hardware_u 3.4397975488883774 2.5299999713897705 28.34000015258789 AB 9.797692163095538 1.1054184463815953
61060.1962 lsst_hardware_r 2.03486849436565 21.559999465942383 31.459999084472656 AB 9.97913239259989 1.1139911132618765
61062.1604 lsst_hardware_g 0.8504162837523435 12.649999618530273 31.360000610351562 AB 11.282850122511288 1.1009269768757681
61062.1747 lsst_hardware_i -57.58611123446028 30.309999465942383 31.239999771118164 AB 10.81170487062686 1.1043056912953229
61064.16 lsst_hardware_z 21.951187217180546 41.09000015258789 30.940000534057617 AB 15.639273680382301 1.1015641679457857
61064.172 lsst_hardware_r 18.976072774592218 21.3799991607666 31.459999084472656 AB 12.455597205697313 1.1055263792039098
61066.1629 lsst_hardware_y -39.550406859847534 67.06999969482422 30.770000457763672 AB 14.515419070212893 1.1039600768310371
61066.1755 lsst_hardware_g -4.841925533927164 17.81999969482422 32.099998474121094 AB 15.535723446981738 1.1107656273536437
61068.1156 lsst_hardware_z 28.131883108371454 46.09000015258789 30.950000762939453 AB 13.61909953333326 1.1087537527391578
61068.1275 lsst_hardware_r 19.819126061140093 40.7599983215332 31.59000015258789 AB 13.122644067158395 1.103113993540551
61070.154 lsst_hardware_z 44.65340177493322 49.849998474121094 30.959999084472656 AB 13.27734255918525 1.1047956919198627
61070.1673 lsst_hardware_r -13.37659979801239 56.540000915527344 31.6200008392334 AB 13.719124236605758 1.1127523916461806
61073.1528 lsst_hardware_z -53.77640418985216 59.2599983215332 30.979999542236328 AB 7.924048747373314 1.1084394303089056
61073.1646 lsst_hardware_r -86.3607025941389 83.44999694824219 31.639999389648438 AB 8.017323998421206 1.1173192109847645
61075.1584 lsst_hardware_i -56.055059085831914 54.900001525878906 31.299999237060547 AB 11.430433220561996 1.1166621780986197
61075.1701 lsst_hardware_z 17.35946980910646 53.880001068115234 30.959999084472656 AB 10.075078037160885 1.1287338155008835
61077.116 lsst_hardware_z 10.811438560259592 47.18000030517578 30.950000762939453 AB 4.782851808155149 1.1008558711420606
61077.127 lsst_hardware_r 3.4426487564851773 46.279998779296875 31.610000610351562 AB 4.350410876291111 1.1021138852282764
61079.1538 lsst_hardware_g -33.13581447270621 26.8799991607666 31.600000381469727 AB 9.69194286932505 1.1227489133094626
61079.1665 lsst_hardware_r -33.788032276981774 34.56999969482422 31.559999465942383 AB 9.758929281342594 1.1381228570495274
61081.1493 lsst_hardware_i -23.306461888834615 30.3700008392334 31.229999542236328 AB 3.91510541251366 1.123765516544209
61081.1639 lsst_hardware_z 19.22450837206711 42.209999084472656 30.940000534057617 AB 3.967197947800835 1.142187508963772
61083.0874 lsst_hardware_i -12.50677454694784 30.3700008392334 31.239999771118164 AB 4.975418212110224 1.1028505189671114
61083.1005 lsst_hardware_z 56.40003657192174 41.849998474121094 30.940000534057617 AB 4.961277982924674 1.1008549360236668
61085.1445 lsst_hardware_r 7.593891604021583 21.829999923706055 31.469999313354492 AB 1.9585461380703746 1.1308003106641886
61085.1567 lsst_hardware_i -65.34147704146953 30.6299991607666 31.229999542236328 AB 1.944401923733749 1.1478169561593432
61087.0885 lsst_hardware_g -7.223883773710868 12.760000228881836 31.3799991607666 AB 3.438740972804394 1.1008668144715805
61087.1002 lsst_hardware_i -5.975514854904073 30.290000915527344 31.239999771118164 AB 3.4351584398130846 1.1022488175238427
61089.0841 lsst_hardware_z 2.718950595178956 41.38999938964844 30.940000534057617 AB 6.1196717370513785 1.1008583804733547
61089.0964 lsst_hardware_r 3.0016551435891095 21.610000610351562 31.469999313354492 AB 5.989929827454114 1.1027116766300074
61091.0776 lsst_hardware_u 0.049789010923783565 2.640000104904175 28.420000076293945 AB 3.6746987853418305 1.1008684198148084
61091.0901 lsst_hardware_g 14.091778608856705 12.760000228881836 31.3700008392334 AB 3.506961372540562 1.1024713525748386
61093.0833 lsst_hardware_r 6.402621674751077 30.3700008392334 32.209999084472656 AB 5.890016997783012 1.1021222805413318
61093.0958 lsst_hardware_i 17.53196603463418 42.56999969482422 31.989999771118164 AB 6.769490663401159 1.107075622617631
61095.0763 lsst_hardware_z 71.52945608075822 60.060001373291016 31.700000762939453 AB 8.715400133735535 1.101774067726038
61095.089 lsst_hardware_r 15.084364914669209 36.369998931884766 32.27000045776367 AB 8.612595571578424 1.106365646405193
61098.0753 lsst_hardware_z -12.975133541220108 47.380001068115234 30.950000762939453 AB 8.546933817384144 1.103898458816163
61098.0887 lsst_hardware_r -16.60711211518823 46.97999954223633 31.600000381469727 AB 7.42362315586195 1.111196071677873
61100.0755 lsst_hardware_i 10.613399366515598 53.06999969482422 31.299999237060547 AB 4.247930232305574 1.1064479344417724
61100.087 lsst_hardware_z 15.424399880415207 52.959999084472656 30.959999084472656 AB 4.683424636113956 1.1140401132525442
61102.0728 lsst_hardware_r -52.02097427887163 82.12000274658203 31.639999389648438 AB 6.950417483262396 1.1079746775130352
61102.0842 lsst_hardware_z 125.0327173491161 59.34000015258789 30.969999313354492 AB 6.419648834284982 1.116266533521993
61106.0534 lsst_hardware_r -20.013008951107388 40.13999938964844 31.59000015258789 AB 7.164556928112962 1.1038811968742686
61106.0664 lsst_hardware_i -29.643279735768793 43.33000183105469 31.280000686645508 AB 7.232569806642048 1.1108800645057415
61108.0501 lsst_hardware_z 3.004118171954646 41.529998779296875 30.93000030517578 AB 11.902692621437254 1.1047607779318223
61108.0643 lsst_hardware_r 22.135335737469873 21.610000610351562 31.459999084472656 AB 12.015550664465609 1.1133671130349199
61110.0498 lsst_hardware_u 0.6021220232825589 2.5799999237060547 28.3700008392334 AB 7.979149557602703 1.1073180836270466
61110.0632 lsst_hardware_r 49.5625625187224 21.770000457763672 31.459999084472656 AB 8.00527571745614 1.1170152163892086
61112.0516 lsst_hardware_i -11.233457654844683 30.1299991607666 31.239999771118164 AB 11.533499437624176 1.1120198718583212
61112.0656 lsst_hardware_z 13.920066052306558 41.689998626708984 30.940000534057617 AB 11.856458658675992 1.1248122689865476
61115.049 lsst_hardware_r 11.7014746427347 21.65999984741211 31.459999084472656 AB 8.689333818685007 1.1165341295465214
61115.0623 lsst_hardware_u 2.599665788066064 2.4700000286102295 28.270000457763672 AB 8.793777682095559 1.130475137500772
61119.0291 lsst_hardware_i 31.8585329071534 30.030000686645508 31.229999542236328 AB 5.364878993180785 1.1096688485619384
61119.0432 lsst_hardware_z -15.978903941880361 41.619998931884766 30.93000030517578 AB 4.2103469528916975 1.121363712595445
61121.0298 lsst_hardware_r 4.283536549910543 21.65999984741211 31.459999084472656 AB 5.713441118221612 1.1141655846766463
61121.0437 lsst_hardware_g -1.5624387905546469 12.680000305175781 31.350000381469727 AB 4.421582744060703 1.1278349012377105
61127.0311 lsst_hardware_z 77.67153159611757 66.38999938964844 31.700000762939453 AB 7.824709415113261 1.1324293620213122
