data/validation/pwv_sim_epoch_fit_4/39704020.ecsv
# %ECSV 0.9
# ---
# datatype:
# - {name: time, datatype: float64}
# - {name: band, datatype: string}
# - {name: flux, datatype: float64}
# - {name: fluxerr, datatype: float64}
# - {name: zp, datatype: float64}
# - {name: zpsys, datatype: string}
# - {name: pwv, datatype: float64}
# - {name: airmass, datatype: float64}
# meta: {SNID: '39704020', alt: 1024.0, c: 0.031948234885931015, dec: -11.26298, lat: -30.244573, lon: -70.7499537, ra: 303.046875, t0: 60804.0703125,
#   x0: 7.890725298429139e-06, x1: 1.449605107307434, z: 0.5079154372215271}
# schema: astropy-2.0
time band flux fluxerr zp zpsys pwv airmass
60799.4047 lsst_hardware_g 1042.9218953180655 35.847183641766 31.479999542236328 AB 9.552701265072132 1.0630649081985457
60799.4236 lsst_hardware_y 496.82910573042926 57.41610966044202 30.049999237060547 AB 9.41704916009743 1.0580954112469023
60801.4001 lsst_hardware_i 2129.5549716001756 56.440148971907355 31.260000228881836 AB 2.811491346562766 1.0625439707342275
60801.4192 lsst_hardware_z 1929.5002364957054 60.41900524968463 30.959999084472656 AB 2.4587660415829684 1.0582165016496528
60803.4071 lsst_hardware_r 2915.300289341062 59.11131756057488 31.530000686645508 AB 11.189845054663149 1.0581580533653627
60803.4268 lsst_hardware_y 491.3904852346209 61.173066047531854 30.049999237060547 AB 11.294255144879921 1.0631971895552779
60805.3994 lsst_hardware_r 5486.411707346185 82.291885311931 32.27000045776367 AB 8.266283453898042 1.05851333283654
60805.4188 lsst_hardware_y 1160.0738371701232 76.73106124163921 30.790000915527344 AB 8.069071931649098 1.0617199910064603
60807.3925 lsst_hardware_z 1893.6031392804748 72.53465285222264 30.989999771118164 AB 11.118899573268704 1.0588419744089805
60807.4125 lsst_hardware_y 575.4513832246698 57.37246211599227 30.059999465942383 AB 11.143507342008292 1.0612864135245992
60809.3955 lsst_hardware_z 1666.9210625243288 76.56587959422437 30.989999771118164 AB 8.583659106776613 1.058034690729907
60809.4177 lsst_hardware_y 697.6237424637521 59.952230142995255 30.049999237060547 AB 8.327626190133591 1.0688205427083552
60811.3646 lsst_hardware_y 654.2223850027309 60.109113696281064 30.049999237060547 AB 4.407782692550683 1.0686829173355734
60811.3844 lsst_hardware_r 2636.616861438667 102.738610122924 31.649999618530273 AB 4.822907761868101 1.058274084669712
60813.3698 lsst_hardware_i 2268.4611295718714 85.68147405184328 31.329999923706055 AB 7.450597001038483 1.0612126292280333
60813.3898 lsst_hardware_z 1744.3005305994993 78.64350751277789 30.989999771118164 AB 8.432942374062133 1.0588827692192533
60822.3304 lsst_hardware_u 1.5151133983097786 3.310442487300602 28.549999237060547 AB 4.327399052987693 1.0728201932867873
60822.3502 lsst_hardware_r 1503.1148428565064 46.31633535871799 31.530000686645508 AB 3.8831161025426657 1.0592242505570724
60825.3305 lsst_hardware_i 2591.663337935225 68.22321131467503 32.0 AB 13.689225475546728 1.0652748335433748
60825.3541 lsst_hardware_z 2022.6234050508688 73.75339661061378 31.700000762939453 AB 12.980189555681108 1.05828265754544
60827.3348 lsst_hardware_r 1150.387849192707 40.752950169802226 31.510000228881836 AB 7.0794142931618875 1.0598190014464264
60827.3548 lsst_hardware_u 11.35575698919383 3.5290004119505474 28.450000762939453 AB 7.078695089887318 1.0599229003350112
60841.2591 lsst_hardware_r 505.02989553532353 105.04760165193548 31.649999618530273 AB 12.983791507710125 1.1015971753480125
60841.2808 lsst_hardware_i 837.5401979610393 87.87901464235732 31.34000015258789 AB 12.623338939803993 1.070485119200938
60843.2565 lsst_hardware_z 790.6725134511204 59.40780002921802 30.959999084472656 AB 4.804968484912292 1.0963364291625917
60843.2681 lsst_hardware_r 559.7903249646145 59.20354970717113 31.6299991607666 AB 4.720874653711396 1.078666689094158
60845.2989 lsst_hardware_z 795.5632030353207 51.50863033730113 30.959999084472656 AB 3.1936605014626593 1.058204274838522
60845.3185 lsst_hardware_r 375.0378166532601 36.30057482408174 31.56999969482422 AB 3.271843969049767 1.0680084769217455
60850.2534 lsst_hardware_r 296.25026443706156 29.075713664806223 31.510000228881836 AB 4.030553705872361 1.0734307885496397
60850.2746 lsst_hardware_u 0.7201122489944078 3.1134902232801016 28.479999542236328 AB 3.996789827741228 1.058986044002975
60853.2149 lsst_hardware_u -1.1762028662355244 2.857955862144524 28.43000030517578 AB 8.174715429797592 1.1264593399197775
60853.2373 lsst_hardware_g 35.762571855352924 16.55598375810404 31.450000762939453 AB 7.817046295430258 1.0833936471537824
60859.2437 lsst_hardware_r 186.31313077996057 27.86704095892519 31.520000457763672 AB 7.155273869163114 1.0614820920998562
60859.264 lsst_hardware_i 301.7992513508729 36.47062790948881 31.260000228881836 AB 6.8287153480235805 1.0588386786096957
60862.2419 lsst_hardware_z 1090.2437619943255 75.74291182356902 31.719999313354492 AB 4.648883388705042 1.0589711591583237
60862.2649 lsst_hardware_r 369.0829326826876 74.51938319848725 32.380001068115234 AB 4.721604797688288 1.0627064590790654
60864.2126 lsst_hardware_r 186.5251375514517 83.32876065714142 31.649999618530273 AB 1.7028593156754348 1.076396533296735
60864.2341 lsst_hardware_z 449.70394789397477 64.71224251686542 30.979999542236328 AB 1.6882963092905046 1.0597110425507925
60869.2083 lsst_hardware_z 297.3249687872335 84.91189055121491 30.989999771118164 AB 6.534414990216936 1.0669158430179364
60869.2281 lsst_hardware_r 195.65122340812047 117.63130654089069 31.65999984741211 AB 7.096772280829173 1.058061665962073
60871.2177 lsst_hardware_y 441.92803434317926 73.92048850852724 30.799999237060547 AB 6.096026133553294 1.0588740479501995
60876.1987 lsst_hardware_r 135.70555486870705 27.54592047614233 31.520000457763672 AB 3.6318092351542317 1.060795220082046
60876.2198 lsst_hardware_i 212.5305638802372 35.50713402461031 31.260000228881836 AB 3.116679037759782 1.0594942904565832
60878.2043 lsst_hardware_z 357.42676651592467 45.32769281895767 30.950000762939453 AB 5.756683159510988 1.0580193272396596
60878.2251 lsst_hardware_r 121.1625282398987 27.317735612296232 31.510000228881836 AB 5.375644213903475 1.0653278267743709
60880.201 lsst_hardware_u 0.9289803743523265 2.8299999237060547 28.469999313354492 AB 5.831609555839979 1.0580163083982908
60880.221 lsst_hardware_r 8.72795231490405 24.829999923706055 31.520000457763672 AB 6.669164905031349 1.0663838991095858
60882.1716 lsst_hardware_g -8.160280659864709 15.75 31.459999084472656 AB 11.58951919299125 1.0679451900226913
60882.1922 lsst_hardware_i -8.442954287124582 32.040000915527344 31.260000228881836 AB 11.507319937871939 1.0580957140242906
60885.1719 lsst_hardware_z -21.86461130477091 42.31999969482422 30.959999084472656 AB 4.4487244654991445 1.0619170430058427
60885.1913 lsst_hardware_r -3.5203161569676844 24.850000381469727 31.530000686645508 AB 4.425091027310232 1.058465402801044
60887.1592 lsst_hardware_y 45.9481145981467 47.540000915527344 30.040000915527344 AB 3.9474572988413077 1.0668803510381912
60887.1811 lsst_hardware_g 3.077650064108829 15.609999656677246 31.459999084472656 AB 3.9069207502580063 1.0579976305620489
60898.1386 lsst_hardware_z 102.88075249131383 97.55000305175781 31.739999771118164 AB 8.700871916888575 1.0608124257319067
60898.1586 lsst_hardware_r 6.661700152127806 138.58999633789062 32.400001525878906 AB 8.686800600438682 1.0591398909304335
60900.1356 lsst_hardware_y 78.25858035494656 49.540000915527344 30.049999237060547 AB 3.45226939057863 1.059791063876786
60900.1569 lsst_hardware_g 63.2957189740832 54.04999923706055 31.709999084472656 AB 3.567564737456569 1.0605127043568874
60903.1203 lsst_hardware_r -11.932473141314992 24.18000030517578 31.510000228881836 AB 5.4783222787685775 1.0633733516421813
60903.1385 lsst_hardware_i -32.82628400080774 31.540000915527344 31.25 AB 5.650770831335574 1.058031673834091
60905.1374 lsst_hardware_z -35.1896164629704 41.9900016784668 30.950000762939453 AB 2.8703329645516806 1.0586100616104794
60905.1553 lsst_hardware_r 6.884184500183804 24.219999313354492 31.510000228881836 AB 2.9135422917548612 1.0685689507948999
60909.1381 lsst_hardware_g 7.690463215002693 15.140000343322754 31.450000762939453 AB 2.153669032769571 1.0636715805751678
60909.1606 lsst_hardware_i -3.1623264235430346 31.90999984741211 31.25 AB 2.2029632136664605 1.0885550160180162
60911.1057 lsst_hardware_z 30.516771018720828 41.93000030517578 30.950000762939453 AB 3.000837737729188 1.0597425795396362
60911.1263 lsst_hardware_r 11.078573789476492 24.079999923706055 31.510000228881836 AB 2.8956052872201097 1.0602728990187145
60913.0884 lsst_hardware_u 1.8238988100506808 2.690000057220459 28.3799991607666 AB 2.003754714067039 1.0667253701612969
60913.1075 lsst_hardware_g -13.098517788466141 15.039999961853027 31.440000534057617 AB 2.008984898226218 1.0581030011725168
60931.053 lsst_hardware_g 31.170457493778393 15.100000381469727 31.450000762939453 AB 2.628467444011588 1.0591185429681713
60931.0721 lsst_hardware_r -13.097182760084348 24.0 31.5 AB 2.6079034778353956 1.0604466718858985
60933.0509 lsst_hardware_i -8.868845803223364 31.579999923706055 31.260000228881836 AB 1.2471830862385131 1.0583549278595685
60933.0688 lsst_hardware_z -22.26706696945498 42.0099983215332 30.950000762939453 AB 1.2642064768565482 1.0614663953456407
60935.025 lsst_hardware_z -34.51175119575227 42.06999969482422 30.950000762939453 AB 1.9254059591724901 1.06966997731805
60935.0431 lsst_hardware_r -69.92324089289401 24.190000534057617 31.510000228881836 AB 0.3853299813963828 1.0588412587031357
60937.0232 lsst_hardware_u 2.558721026578401 2.759999990463257 28.440000534057617 AB 6.29208987359919 1.0664559107795237
60937.0418 lsst_hardware_g 27.230424934793927 15.289999961853027 31.459999084472656 AB 5.847429444339594 1.058118877057606
60939.0219 lsst_hardware_r -23.12670313953777 24.219999313354492 31.510000228881836 AB 4.147414460094755 1.0634396051525012
60939.0415 lsst_hardware_z -37.363962841627576 41.97999954223633 30.950000762939453 AB 4.126704749300191 1.058129422897485
60943.9957 lsst_hardware_z 28.67583922846755 43.45000076293945 30.950000762939453 AB 3.3026208168843065 1.0746054718714304
60944.0149 lsst_hardware_g -9.627582057871026 16.1200008392334 31.469999313354492 AB 3.5242463932134984 1.0600034267880287
60945.9967 lsst_hardware_y -32.09756895291033 48.77000045776367 30.040000915527344 AB 4.566218282678925 1.0680795951843676
60946.0157 lsst_hardware_i -5.588415414399061 33.290000915527344 31.260000228881836 AB 5.004383438664095 1.0583075085289921
60948.9985 lsst_hardware_y 102.64461466492334 52.34000015258789 30.040000915527344 AB 2.9979383234645334 1.061217105652484
60949.0184 lsst_hardware_r 40.780593177957215 60.29999923706055 31.6299991607666 AB 6.435963633836576 1.058880453076476
60950.9989 lsst_hardware_y 79.80060796692594 58.29999923706055 30.059999465942383 AB 2.6184907766610874 1.0589744311112514
60951.0177 lsst_hardware_z -33.59751026330654 69.18000030517578 30.989999771118164 AB 2.0787428976223112 1.0605380201291832
60953.9906 lsst_hardware_y 6.859932558088849 69.83999633789062 30.059999465942383 AB 3.545720749955635 1.0590036587055167
60954.0093 lsst_hardware_z 120.01002188256645 64.55999755859375 30.979999542236328 AB 3.6215153197806886 1.060447130069258
60955.9997 lsst_hardware_y -211.09525856138157 82.80999755859375 30.799999237060547 AB 4.672969380191288 1.058989888243984
61162.3559 lsst_hardware_z 70.90295086191264 62.0 30.969999313354492 AB 10.501300092784435 1.1615090477119556
61162.3744 lsst_hardware_y 43.08234754594503 54.04999923706055 30.040000915527344 AB 9.850078787019493 1.1128355939240218
61164.4025 lsst_hardware_i -96.29111346405125 65.16999816894531 31.329999923706055 AB 9.581238928161916 1.0650554611118181
61164.4215 lsst_hardware_y 12.41927866022704 57.900001525878906 30.049999237060547 AB 9.41622317837232 1.0580026043114965
61169.3752 lsst_hardware_g 1.4881391607363665 52.099998474121094 31.700000762939453 AB 8.243193530479957 1.0787755315530414
61169.3974 lsst_hardware_y 63.15281692662673 51.20000076293945 30.049999237060547 AB 8.112610185109537 1.060183198707481
61171.41 lsst_hardware_i 47.61706840813792 35.09000015258789 31.270000457763672 AB 8.048461847767715 1.0590081378641731
61171.4281 lsst_hardware_z 11.23548322570989 53.59000015258789 30.969999313354492 AB 7.222359568355062 1.0702698858981543
61176.3604 lsst_hardware_u -1.381843782689222 2.7100000381469727 28.3799991607666 AB 4.438773266506064 1.0736370071368373
61176.379 lsst_hardware_r 11.898265986566397 24.3700008392334 31.5 AB 4.723646390404661 1.0599056971738208
61179.3751 lsst_hardware_i 10.3534098875835 31.780000686645508 31.260000228881836 AB 10.10566538711072 1.0586282617966396
61179.3986 lsst_hardware_z -35.09263413829812 42.189998626708984 30.950000762939453 AB 10.205255286536572 1.0639617678251176
61186.3573 lsst_hardware_r 30.116079727464136 34.52000045776367 32.27000045776367 AB 6.0989024640398695 1.0583778679461813
61186.378 lsst_hardware_g 35.18745037990374 21.719999313354492 32.209999084472656 AB 5.926942896610164 1.0630016553972519
61188.3295 lsst_hardware_z 44.04891463881324 49.599998474121094 30.959999084472656 AB 8.48214025192355 1.071653853685856
61188.3519 lsst_hardware_r -72.9088108110635 44.79999923706055 31.6200008392334 AB 9.555302678904095 1.0583683971464752
61195.2561 lsst_hardware_r 114.61350868059044 111.6500015258789 31.6299991607666 AB 13.62870258241678 1.194740413545489
61195.2816 lsst_hardware_z 51.47922440429742 81.94999694824219 30.989999771118164 AB 12.780332631591751 1.1188735068147888
61197.3447 lsst_hardware_y -13.065826758850088 52.9900016784668 30.049999237060547 AB 5.818523366138614 1.0611933915992366
61197.368 lsst_hardware_r -41.36548148584244 69.52999877929688 31.639999389648438 AB 5.912031782673907 1.0832857137286132
61219.2881 lsst_hardware_i -176.48082695012656 75.25 31.329999923706055 AB 6.1135358128955835 1.0631311734450193
61219.3079 lsst_hardware_z -21.515762886766126 66.94999694824219 30.979999542236328 AB 5.867009022443171 1.0832401186158527
61224.2574 lsst_hardware_z 45.835066166705644 78.02999877929688 31.0 AB 6.84196344499312 1.0580219499737822
61224.2762 lsst_hardware_i 86.75651800046188 89.9000015258789 31.34000015258789 AB 6.853728173996128 1.0642848206834314
61226.2559 lsst_hardware_z -95.60895168378049 53.5 30.969999313354492 AB 4.243055906617932 1.0582286372111644
61226.275 lsst_hardware_r 38.51745139633634 61.970001220703125 31.639999389648438 AB 4.163590442094301 1.0675872928446926
61232.2286 lsst_hardware_r 37.02004143687925 24.360000610351562 31.510000228881836 AB 8.790464344257721 1.0590920896696048
61232.2459 lsst_hardware_u 0.3798688842118874 2.740000009536743 28.40999984741211 AB 8.796403495203403 1.0598076500245064
61234.2291 lsst_hardware_g 13.874881593538303 15.600000381469727 31.479999542236328 AB 7.23152232871612 1.0580651085714823
61234.248 lsst_hardware_r -5.065190811885162 24.540000915527344 31.520000457763672 AB 7.290471992887509 1.0636813529162459
61236.2278 lsst_hardware_i 75.97234788554638 31.719999313354492 31.25 AB 6.001867879263311 1.0581416961898147
61236.2476 lsst_hardware_z -18.736478194741842 42.06999969482422 30.940000534057617 AB 6.091901468167726 1.0675060983938773
61239.2083 lsst_hardware_r -7.517870178618745 24.459999084472656 31.510000228881836 AB 2.2509076455230086 1.0594583936566426
61239.2289 lsst_hardware_u 0.7899127907177579 2.759999990463257 28.40999984741211 AB 2.051337226128048 1.060670747739425
61245.2031 lsst_hardware_z 36.849900100898225 48.77000045776367 30.969999313354492 AB 5.845203378525748 1.0581309197952748
61245.2225 lsst_hardware_r 28.366687607870606 49.90999984741211 31.6200008392334 AB 6.719646705036829 1.0670622546639046
61247.169 lsst_hardware_r -31.146222647259375 82.27999877929688 31.649999618530273 AB 11.545367357148574 1.0710733452836305
61247.1892 lsst_hardware_y -24.23293880278411 53.97999954223633 30.049999237060547 AB 11.353293207484782 1.0586972824535488
61250.1736 lsst_hardware_z 81.78920148400589 115.30999755859375 31.0 AB 4.452099297160555 1.0614135885470388
61250.1935 lsst_hardware_r -92.28469346771678 173.27000427246094 31.65999984741211 AB 4.4212521985968385 1.05881349052371
61252.169 lsst_hardware_i -121.70148945208824 100.19000244140625 31.329999923706055 AB 3.870760302447321 1.06099096894328
61252.1888 lsst_hardware_z 2.4113135051073877 84.66999816894531 30.989999771118164 AB 3.8855102704084334 1.0590107033001999
61254.1712 lsst_hardware_r 7.423512447521068 69.58999633789062 31.639999389648438 AB 1.948377854242747 1.0584695663412995
