data/validation/pwv_sim_epoch_fit_4/39749648.ecsv
# %ECSV 0.9
# ---
# datatype:
# - {name: time, datatype: float64}
# - {name: band, datatype: string}
# - {name: flux, datatype: float64}
# - {name: fluxerr, datatype: float64}
# - {name: zp, datatype: float64}
# - {name: zpsys, datatype: string}
# - {name: pwv, datatype: float64}
# - {name: airmass, datatype: float64}
# meta: {SNID: '39749648', alt: 1024.0, c: -0.0640048012137413, dec: -17.582775, lat: -30.244573, lon: -70.7499537, ra: 174.902344, t0: 62255.2578125,
#   x0: 2.136369515355797e-06, x1: 0.11425250768661499, z: 0.8671266436576843}
# schema: astropy-2.0
time band flux fluxerr zp zpsys pwv airmass
[from data line 132]
62549.28 lsst_hardware_i 5.615922978055019 75.55000305175781 31.34000015258789 AB 4.609894449946626 1.0248005446343
62549.2977 lsst_hardware_z -96.41126757491102 66.48999786376953 30.989999771118164 AB 5.083497443416002 1.0336864018875525
62555.2665 lsst_hardware_z 39.51891243663211 50.7599983215332 30.969999313354492 AB 10.93614753971158 1.0255041843911774
62555.2841 lsst_hardware_r 82.52232397994608 55.61000061035156 31.6299991607666 AB 11.071960759964805 1.0360860376148482
62558.2637 lsst_hardware_y -3.1489803704869233 47.099998474121094 30.059999465942383 AB 6.658708003474329 1.027591610510577
62558.2822 lsst_hardware_g 34.85818426822443 19.989999771118164 31.56999969482422 AB 6.773644278151701 1.0425535661419132
62560.2631 lsst_hardware_r 8.330029486314414 23.43000030517578 31.510000228881836 AB 5.615873208353965 1.0303409243838115
62560.2826 lsst_hardware_i 17.321390071289656 31.06999969482422 31.25 AB 5.733885482797065 1.0499057890863768
62562.2427 lsst_hardware_i -17.358822120388098 30.690000534057617 31.25 AB 3.4129549613414625 1.0245011891159084
62562.261 lsst_hardware_z 40.60407127864323 41.150001525878906 30.950000762939453 AB 3.5629117278637397 1.0327280370619536
62564.2417 lsst_hardware_r -11.54405424086886 23.40999984741211 31.510000228881836 AB 5.69219541061662 1.025436031456786
62564.2595 lsst_hardware_u -0.2512710986324333 2.7100000381469727 28.43000030517578 AB 6.074757500116119 1.0360586981437383
62565.2394 lsst_hardware_g 2.4377356364457845 14.640000343322754 31.440000534057617 AB 11.161194351612567 1.0255622853636466
62565.2569 lsst_hardware_i 34.12522052292258 30.93000030517578 31.239999771118164 AB 10.75137992509891 1.036177710591645
62569.2293 lsst_hardware_u 1.854214063193314 2.680000066757202 28.40999984741211 AB 9.057482706478735 1.0258205681498085
62569.2461 lsst_hardware_g 8.540978375425167 14.680000305175781 31.440000534057617 AB 9.122964890078302 1.036288395533408
62573.2267 lsst_hardware_r 5.298950524658208 23.56999969482422 31.510000228881836 AB 14.52240407892223 1.0297629818655567
62573.2458 lsst_hardware_i -8.512141990602542 31.110000610351562 31.25 AB 14.442129810055325 1.0481514764410509
62576.2035 lsst_hardware_i 18.70274719308819 53.599998474121094 31.31999969482422 AB 8.047398626146983 1.024385101450767
62576.2224 lsst_hardware_z -8.361816767289186 53.29999923706055 30.969999313354492 AB 8.629465811692336 1.0324385816580932
62577.2073 lsst_hardware_r -117.1747230982759 77.88999938964844 31.65999984741211 AB 8.778860770540167 1.0257675681254395
62577.2264 lsst_hardware_z -66.06070276138102 59.2400016784668 30.979999542236328 AB 8.53519150807491 1.0383444657025338
62579.2038 lsst_hardware_z -217.82946516510754 96.37000274658203 31.0 AB 6.413721429896849 1.0264691538911788
62579.2233 lsst_hardware_i 49.10212523738282 118.27999877929688 31.34000015258789 AB 7.0642089943691895 1.0408057747053827
62581.1634 lsst_hardware_z -37.09047557966698 83.94999694824219 31.0 AB 5.383969436599179 1.0338048362139651
62581.1825 lsst_hardware_r 6.189470713075488 125.76000213623047 31.670000076293945 AB 5.4302623302874515 1.0245777981674438
62583.2134 lsst_hardware_y 47.15390744424284 72.43000030517578 30.799999237060547 AB 6.705105557710868 1.0419339664676255
62585.1378 lsst_hardware_r -18.194732227307128 32.08000183105469 31.559999465942383 AB 8.862624316657886 1.0497630224054353
62585.1559 lsst_hardware_i 11.639563940789808 37.099998474121094 31.280000686645508 AB 8.732817104393664 1.0312117971770283
62589.9967 lsst_hardware_z -134.60810648297934 136.3300018310547 32.380001068115234 AB 11.72064206094929 1.762414223991172
62590.0192 lsst_hardware_r -5.0597101671527085 35.45000076293945 32.15999984741211 AB 8.732601871014545 1.506660088166707
62595.1737 lsst_hardware_r -14.71702906573661 23.59000015258789 31.510000228881836 AB 4.776102272302102 1.0350205379352264
62595.1931 lsst_hardware_u 2.2258442840993 2.6600000858306885 28.3799991607666 AB 4.913817387519832 1.0588982625837018
62597.1626 lsst_hardware_g -9.293273242440552 14.789999961853027 31.459999084472656 AB 11.964136102558994 1.030680229372746
62597.1822 lsst_hardware_r 3.9288332113259097 23.6200008392334 31.510000228881836 AB 14.326034341535443 1.0507579830963358
62599.1454 lsst_hardware_r 7.3511464040246315 23.520000457763672 31.510000228881836 AB 7.686141024127902 1.0252288947749635
62599.1621 lsst_hardware_i -2.4492671888284043 31.110000610351562 31.260000228881836 AB 7.735009096346998 1.0344378597588764
62601.155 lsst_hardware_r -27.783534971911777 23.559999465942383 31.510000228881836 AB 4.959907956571587 1.0330989286756065
62601.1718 lsst_hardware_g -12.523470203800336 14.8100004196167 31.450000762939453 AB 5.184011074862243 1.0514879973352307
62603.1515 lsst_hardware_r -0.06267097162238866 38.209999084472656 31.610000610351562 AB 6.518682248159288 1.0347114679617917
62603.1685 lsst_hardware_i -33.393519956528806 38.150001525878906 31.290000915527344 AB 6.855072070251319 1.0546264723463568
62605.1318 lsst_hardware_i -46.143936620005896 57.65999984741211 31.329999923706055 AB 5.060152350716467 1.0260878740173307
62605.1483 lsst_hardware_z 29.538307847937695 56.119998931884766 30.989999771118164 AB 5.088850909395594 1.0367425709270846
62607.0874 lsst_hardware_r -182.23792112315505 119.37999725341797 31.670000076293945 AB 16.557259571059955 1.0383548030432617
62607.1052 lsst_hardware_z -192.83819985959855 81.62000274658203 31.0 AB 16.352125098711902 1.0262195949236597
62609.1323 lsst_hardware_y -38.82188994584875 64.86000061035156 30.06999969482422 AB 12.165551466293024 1.0324371824293939
62609.1496 lsst_hardware_r -36.71343923211585 132.08999633789062 31.65999984741211 AB 12.350852421459523 1.05098730008165
62613.1273 lsst_hardware_i 24.06616214865708 42.209999084472656 31.299999237060547 AB 10.519174084469999 1.0375473772717858
62613.1448 lsst_hardware_z 18.93203709095852 46.95000076293945 30.959999084472656 AB 10.74850013231353 1.060271283088881
62615.0597 lsst_hardware_r 19.8394662495249 23.18000030517578 31.5 AB 9.705020717098066 1.0448426244386138
62615.0686 lsst_hardware_g -0.32319686014137033 14.34000015258789 31.43000030517578 AB 9.622448511111589 1.0354791112546435
62617.1126 lsst_hardware_r 5.40794944985309 23.139999389648438 31.510000228881836 AB 10.134581446862773 1.034140963965589
62617.1322 lsst_hardware_i -27.216473419593104 30.969999313354492 31.25 AB 9.47026252273851 1.057578453254003
62619.1136 lsst_hardware_z -11.932304378745872 41.18000030517578 30.940000534057617 AB 2.396981289957569 1.0402812108315413
62619.1322 lsst_hardware_i -17.6246135501815 30.899999618530273 31.239999771118164 AB 2.2371721274814367 1.0667593391789414
62621.0884 lsst_hardware_r 16.45561806249661 23.450000762939453 31.520000457763672 AB 10.80527780537712 1.0261909687427817
62621.1066 lsst_hardware_u -1.418294085966131 2.7699999809265137 28.479999542236328 AB 10.849018580743586 1.0386805725939288
62624.089 lsst_hardware_g 19.92971153299906 14.34000015258789 31.450000762939453 AB 13.604494662327735 1.0307606669187963
62624.107 lsst_hardware_r 9.977662206094758 23.1299991607666 31.510000228881836 AB 13.807767676185943 1.048744316890902
62626.0858 lsst_hardware_i -15.461498823354901 30.809999465942383 31.260000228881836 AB 9.592307899023515 1.0323745249984833
62626.1031 lsst_hardware_z -26.15150883824525 41.529998779296875 30.950000762939453 AB 9.722496662563383 1.0508724392531263
62629.0698 lsst_hardware_r -1.9255353488769515 23.59000015258789 31.510000228881836 AB 10.56677412476706 1.0275631239643819
62629.0871 lsst_hardware_i -17.72105539562984 30.799999237060547 31.25 AB 10.77419826356058 1.0411529969618647
62632.0718 lsst_hardware_z -52.855793594333925 46.2400016784668 30.959999084472656 AB 7.938472008025974 1.0342724509669583
62632.0909 lsst_hardware_g 67.40804826910895 36.869998931884766 31.670000076293945 AB 8.20740804796773 1.0570427004917327
62635.0266 lsst_hardware_r 37.307342437581006 93.86000061035156 31.65999984741211 AB 6.052474649306634 1.0270907570167096
62635.0459 lsst_hardware_i 17.156931297537614 79.94999694824219 31.34000015258789 AB 6.516043184656859 1.0249379763518458
62638.0103 lsst_hardware_i -221.98485022992872 79.05000305175781 31.34000015258789 AB 9.242949382620194 1.0318382833434416
62638.0299 lsst_hardware_z -78.51023391775145 69.01000213623047 30.989999771118164 AB 9.330322639093843 1.0242690275372142
62639.9849 lsst_hardware_r 51.50990566823328 48.66999816894531 31.6299991607666 AB 10.143215982448924 1.053612566884978
62639.996 lsst_hardware_g 62.01097224893007 50.13999938964844 31.709999084472656 AB 10.001170858769983 1.0396767876469655
62643.0062 lsst_hardware_r -1.3330059008516029 23.309999465942383 31.510000228881836 AB 4.723972414820442 1.0264856311062978
62643.0253 lsst_hardware_i 11.399484829724708 30.770000457763672 31.25 AB 4.748131926913857 1.0252376630313893
62644.9909 lsst_hardware_z 30.185644351720413 41.459999084472656 30.950000762939453 AB 8.163154437918019 1.0320478449894517
62645.01 lsst_hardware_i -8.447905937111141 30.940000534057617 31.260000228881836 AB 7.583362108708794 1.0243172591682297
62646.9926 lsst_hardware_u 0.18318950642410664 2.799999952316284 28.510000228881836 AB 5.922772842118958 1.0276644607494039
62647.0114 lsst_hardware_g 2.0651190916882722 14.579999923706055 31.459999084472656 AB 5.812264344860667 1.024608827981079
62652.9823 lsst_hardware_z -28.68064805823252 41.119998931884766 30.950000762939453 AB 7.032160750417755 1.0253454314096362
62653.0041 lsst_hardware_u 2.4841705599956443 2.7699999809265137 28.479999542236328 AB 6.986890426321171 1.0274838862237017
62655.9666 lsst_hardware_y 58.73387533578643 47.709999084472656 30.049999237060547 AB 11.106650247286147 1.028393541415384
62655.9873 lsst_hardware_g 21.620262259994576 14.859999656677246 31.450000762939453 AB 11.06664118468246 1.0246889985817091
62657.965 lsst_hardware_y -4.657287224616203 47.369998931884766 30.049999237060547 AB 4.414303091495287 1.0265821143012297
62657.9851 lsst_hardware_i -24.283968879857117 31.1200008392334 31.25 AB 4.409422538151016 1.0254471018955853
