data/validation/pwv_sim_epoch_fit_4/39743434.ecsv
# %ECSV 0.9
# ---
# datatype:
# - {name: time, datatype: float64}
# - {name: band, datatype: string}
# - {name: flux, datatype: float64}
# - {name: fluxerr, datatype: float64}
# - {name: zp, datatype: float64}
# - {name: zpsys, datatype: string}
# - {name: pwv, datatype: float64}
# - {name: airmass, datatype: float64}
# meta: {SNID: '39743434', alt: 1024.0, c: -0.08346176892518997, dec: -42.010422, lat: -30.244573, lon: -70.7499537, ra: 78.176468, t0: 60527.48828125,
#   x0: 2.7292096446363105e-05, x1: -0.7193756699562073, z: 0.29999834299087524}
# schema: astropy-2.0
time band flux fluxerr zp zpsys pwv airmass
60591.3646 lsst_hardware_r 475.729524695578 31.220692848947305 31.489999771118164 AB 2.9368841789637123 1.021347306194923
60591.3762 lsst_hardware_y 228.94277817056366 51.12950712000114 30.059999465942383 AB 2.9250456114955723 1.0228028246968608
60593.3806 lsst_hardware_g -11.160038749440949 22.1200008392334 31.600000381469727 AB 4.813297175223947 1.0268732417632194
60600.3604 lsst_hardware_r -15.971158084735158 77.01000213623047 31.65999984741211 AB 6.656379735806966 1.0262952181637361
60600.3711 lsst_hardware_z -42.257479868257555 58.810001373291016 30.979999542236328 AB 6.622750306721825 1.033391894944
60602.3614 lsst_hardware_r -8.814784945691004 67.55000305175781 31.649999618530273 AB 0.7403722690090488 1.0302026006619418
60602.3721 lsst_hardware_y -65.83827075655849 61.34000015258789 30.06999969482422 AB 0.6325407908670807 1.0392236432660586
60608.363 lsst_hardware_r 23.7884955356526 27.5 31.559999465942383 AB 2.506296020747571 1.0472353580894478
60610.3514 lsst_hardware_g -32.435227706102346 14.220000267028809 31.450000762939453 AB 3.454056873521564 1.0403785763619169
60610.3621 lsst_hardware_i -1.7070484481222903 33.04999923706055 31.270000457763672 AB 3.539568603202545 1.053051276519812
60612.3457 lsst_hardware_z -43.75945973319433 40.939998626708984 30.959999084472656 AB 5.053661677024692 1.0401334406610434
60612.3569 lsst_hardware_r -9.488552872462877 22.969999313354492 31.520000457763672 AB 5.081613279757888 1.0534024211770083
60616.3529 lsst_hardware_g -12.50468137190381 14.609999656677246 31.440000534057617 AB 5.194303754547059 1.0634984653568453
60616.3642 lsst_hardware_r 2.6674545382184616 29.270000457763672 31.549999237060547 AB 5.280808057260207 1.0832797136162113
60619.298 lsst_hardware_i -7.928948983483554 29.5 31.25 AB 3.373779899541225 1.0223575453155227
60619.3095 lsst_hardware_z -4.785450860716858 40.4900016784668 30.950000762939453 AB 3.388488688532017 1.0268147541006112
60621.2031 lsst_hardware_i 24.63432781455157 30.309999465942383 31.239999771118164 AB 5.7644574131420265 1.1137075390462932
60625.266 lsst_hardware_r 19.91815618368188 31.309999465942383 31.56999969482422 AB 4.1900579657233505 1.0219653574935001
60627.3356 lsst_hardware_r 20.840667228068558 21.770000457763672 31.469999313354492 AB 6.227391493990068 1.0860940037478581
60627.3458 lsst_hardware_y -22.95456137084204 49.36000061035156 30.020000457763672 AB 6.500379798168666 1.1082239274015706
60630.324 lsst_hardware_r 19.31345154182342 81.94999694824219 31.639999389648438 AB 4.045215463255822 1.0795157684317358
60630.3355 lsst_hardware_i -3.610689101657016 65.83000183105469 31.309999465942383 AB 3.524338645025612 1.1033383877359666
60632.3196 lsst_hardware_z -34.71879597843142 51.86000061035156 30.969999313354492 AB 6.772751197254986 1.0815204115541517
60632.3329 lsst_hardware_r -2.3890903717269305 61.810001373291016 31.6299991607666 AB 6.939201030371734 1.1100057634762983
60634.3242 lsst_hardware_z 66.48435753895136 67.0199966430664 31.700000762939453 AB 4.544970026098644 1.1024790845600938
60636.325 lsst_hardware_r 7.811651446659528 33.459999084472656 31.56999969482422 AB 7.262994721645894 1.1173838033301375
60636.3371 lsst_hardware_z 73.34471086149836 44.70000076293945 30.940000534057617 AB 7.608738457599436 1.150587379386235
60641.301 lsst_hardware_i 39.872600753938045 30.219999313354492 31.229999542236328 AB 3.8403006640389 1.093531582944967
60641.3125 lsst_hardware_r -3.377908512335471 21.979999542236328 31.459999084472656 AB 3.9210117602417043 1.1202890743547727
60643.2953 lsst_hardware_u 3.9624462396309847 2.5799999237060547 28.3799991607666 AB 6.367882811220884 1.0930267588026292
60643.3074 lsst_hardware_g 29.742797261059025 12.880000114440918 31.3700008392334 AB 6.5154441368887674 1.1212098954965917
60645.2668 lsst_hardware_g -2.9006236350670167 12.819999694824219 31.389999389648438 AB 7.252976951884021 1.0534079302689112
60645.2784 lsst_hardware_r -3.563737211295791 21.729999542236328 31.489999771118164 AB 7.366982535099143 1.0711845584120538
60647.2958 lsst_hardware_i -19.86308300991532 30.34000015258789 31.229999542236328 AB 3.9457121919426017 1.119483303069186
60647.3068 lsst_hardware_z 51.84508004675239 42.34000015258789 30.93000030517578 AB 4.114817240384063 1.1497917542112381
60649.2863 lsst_hardware_i -11.322495213097074 30.389999389648438 31.239999771118164 AB 5.797871110231328 1.1095696179313108
60649.2978 lsst_hardware_u 2.2274128856656983 2.619999885559082 28.389999389648438 AB 4.921754750759296 1.1394929098245412
60653.2133 lsst_hardware_r -25.11481906066684 25.899999618530273 31.540000915527344 AB 9.548579638924931 1.0251490146646671
60653.2268 lsst_hardware_i 2.1824118880819072 29.65999984741211 31.260000228881836 AB 9.677475804923793 1.0337342857315783
60655.1905 lsst_hardware_i 101.2218325391444 42.369998931884766 31.299999237060547 AB 12.971159580686937 1.0213511480855857
60655.2069 lsst_hardware_z -21.37853106230229 80.05999755859375 32.15999984741211 AB 13.014166898134647 1.0247375510342243
60657.1965 lsst_hardware_r -48.817110433947136 65.43000030517578 31.649999618530273 AB 7.77451001140403 1.0229618436057935
60657.2083 lsst_hardware_z -144.4717324045234 52.84000015258789 30.969999313354492 AB 7.815080689288383 1.02830009069584
60661.1883 lsst_hardware_z 51.80525351362169 53.68000030517578 30.979999542236328 AB 3.3860789740948847 1.0238610010869984
60661.2003 lsst_hardware_i -30.72592249395423 56.06999969482422 31.329999923706055 AB 3.453774715853661 1.030208714646815
60664.1938 lsst_hardware_z 6.187379309896052 44.939998626708984 30.959999084472656 AB 4.921942221079553 1.0314212533693838
60664.2065 lsst_hardware_g -37.55407695210427 42.689998626708984 31.700000762939453 AB 5.046477996125025 1.0430917726591618
60666.1937 lsst_hardware_r 20.28526230655726 26.440000534057617 31.549999237060547 AB 6.052033553412611 1.0357898116088045
60666.2059 lsst_hardware_i -42.86633771030808 33.02000045776367 31.270000457763672 AB 6.139012058216208 1.0487912287493826
60667.1948 lsst_hardware_z 12.43326517696022 40.41999816894531 30.950000762939453 AB 6.803794290431429 1.0394084211989452
60667.2086 lsst_hardware_u -2.5030671975493006 2.990000009536743 28.510000228881836 AB 7.682884649555652 1.0559940415853375
60669.1813 lsst_hardware_r 35.45896384630976 21.350000381469727 31.489999771118164 AB 7.2632190912256185 1.0322937878375769
60669.1936 lsst_hardware_g 8.375044716754948 12.699999809265137 31.389999389648438 AB 7.317599147921106 1.0439296896553958
60671.1817 lsst_hardware_r 0.8836323808157835 21.469999313354492 31.489999771118164 AB 6.356061919290913 1.037301006820135
60671.1939 lsst_hardware_i 2.9856944946846293 29.790000915527344 31.25 AB 6.4472097435482905 1.050889933748614
60673.1366 lsst_hardware_i -56.3465090184802 29.510000228881836 31.260000228881836 AB 8.001388799150018 1.0217147525942816
60673.1492 lsst_hardware_z 61.32425247747766 40.400001525878906 30.950000762939453 AB 8.07785166791523 1.0220816112925217
60675.1721 lsst_hardware_u 0.6872438943305719 2.6500000953674316 28.459999084472656 AB 7.220679314565095 1.038566074330149
60675.1843 lsst_hardware_g 24.296534903548565 12.819999694824219 31.399999618530273 AB 7.318744003956884 1.052628350993052
60677.1757 lsst_hardware_r -27.227306592061936 21.43000030517578 31.479999542236328 AB 4.93536478357002 1.0485902514667182
60677.1899 lsst_hardware_i -2.8427148979974644 29.899999618530273 31.239999771118164 AB 5.0106473767484 1.0692802767282117
60679.1702 lsst_hardware_z -25.55760365591572 40.61000061035156 30.950000762939453 AB 2.693006515643006 1.0485424460647654
60679.184 lsst_hardware_u -1.5689368756847286 2.5799999237060547 28.399999618530273 AB 2.700215953621584 1.0685460837441962
60681.1755 lsst_hardware_g 1.5408723687506716 12.739999771118164 31.3799991607666 AB 7.169402022898367 1.0636305945995632
60681.1897 lsst_hardware_r -8.111066787589532 21.59000015258789 31.469999313354492 AB 7.3140655638349354 1.0892130400349866
60683.1115 lsst_hardware_z 19.165698277923518 43.65999984741211 30.959999084472656 AB 5.966105437359917 1.0214767898687223
60683.1252 lsst_hardware_r -15.34910112068349 36.31999969482422 31.610000610351562 AB 7.459614130505821 1.022880824175492
60687.1019 lsst_hardware_r 112.8312844382061 71.8499984741211 31.65999984741211 AB 5.681343542410993 1.021395734837477
60687.1144 lsst_hardware_z 104.43387193097153 55.06999969482422 30.979999542236328 AB 5.689806131815568 1.022917144810134
60689.0912 lsst_hardware_g -77.66471722339081 121.36000061035156 32.4900016784668 AB 7.006117393262587 1.0219951463477468
60689.1049 lsst_hardware_r 145.3282048591003 110.2699966430664 32.40999984741211 AB 6.929642955271224 1.0219707435755419
60691.0926 lsst_hardware_i -89.563528882797 47.380001068115234 31.31999969482422 AB 3.835203684660666 1.0213591703490454
60691.1065 lsst_hardware_z 48.84184172206215 50.2400016784668 30.979999542236328 AB 3.8414624984692685 1.0239121739106465
60693.0986 lsst_hardware_r -42.721781897381156 25.399999618530273 31.530000686645508 AB 3.9984965335362572 1.0230912898448863
60693.1125 lsst_hardware_g -42.587014261380205 29.709999084472656 31.649999618530273 AB 4.016714744467311 1.0299268575557208
60696.0981 lsst_hardware_r -21.443220753667624 21.219999313354492 31.479999542236328 AB 12.93558496490904 1.026226494637766
60696.1103 lsst_hardware_i -85.18875962848598 29.440000534057617 31.239999771118164 AB 13.026876293746414 1.0345085337967346
60698.0774 lsst_hardware_i -15.971817368735817 29.360000610351562 31.25 AB 7.450739254173508 1.021558820069035
60698.0912 lsst_hardware_z 36.35080761131046 40.279998779296875 30.940000534057617 AB 8.480959100312585 1.0255192938638138
60700.0741 lsst_hardware_r 13.456404917219194 21.260000228881836 31.479999542236328 AB 6.9824258119497 1.021843334512993
60700.0875 lsst_hardware_u 0.09610106383950567 2.609999895095825 28.440000534057617 AB 8.313790800889858 1.026393926035785
60702.0753 lsst_hardware_g -1.1856403593935927 12.779999732971191 31.40999984741211 AB 11.667936600523651 1.0235032105722501
60702.0877 lsst_hardware_r 25.57390789332082 21.450000762939453 31.489999771118164 AB 11.77446941310339 1.0297769296049843
60704.0757 lsst_hardware_i 72.11949018556842 29.59000015258789 31.260000228881836 AB 12.981671550504867 1.025948752674252
60704.0882 lsst_hardware_z 8.038898824438492 40.59000015258789 30.950000762939453 AB 11.935765817907408 1.0342951315344375
60706.0733 lsst_hardware_r 17.978281482128285 21.440000534057617 31.5 AB 9.27456753666257 1.027595982124258
60706.0852 lsst_hardware_g 1.4390879532051817 12.779999732971191 31.399999618530273 AB 9.2151725935545 1.036451042923658
60708.071 lsst_hardware_r 40.08898569955246 21.639999389648438 31.5 AB 6.89809103003568 1.0295658253784596
60708.083 lsst_hardware_i 25.955008738022933 29.760000228881836 31.260000228881836 AB 6.965137121341363 1.0395727046778154
60710.0631 lsst_hardware_z 41.55102819962917 41.130001068115234 30.959999084472656 AB 9.996236210937427 1.02802274955007
60710.0754 lsst_hardware_i 24.430282590870654 30.979999542236328 31.260000228881836 AB 10.04551566875238 1.0374919358380976
60712.0619 lsst_hardware_z 41.262615015239646 43.529998779296875 30.959999084472656 AB 4.928728665586142 1.0308272446150604
60712.0747 lsst_hardware_g 85.85819149259194 32.36000061035156 31.670000076293945 AB 4.989863180472258 1.042305357291239
60715.061 lsst_hardware_r -30.08520519559386 55.84000015258789 31.639999389648438 AB 6.233743290427006 1.036797220861025
60715.0737 lsst_hardware_i -29.898159350494428 48.33000183105469 31.309999465942383 AB 6.2696963243101 1.050831122696778
60717.0602 lsst_hardware_z -48.592104462002816 77.91000366210938 31.729999542236328 AB 1.0506884944742503 1.0414026541414887
