data/validation/pwv_sim_epoch_fit_4/39877763.ecsv
# %ECSV 0.9
# ---
# datatype:
# - {name: time, datatype: float64}
# - {name: band, datatype: string}
# - {name: flux, datatype: float64}
# - {name: fluxerr, datatype: float64}
# - {name: zp, datatype: float64}
# - {name: zpsys, datatype: string}
# - {name: pwv, datatype: float64}
# - {name: airmass, datatype: float64}
# meta: {SNID: '39877763', alt: 1024.0, c: -0.045105963945388794, dec: -37.92165, lat: -30.244573, lon: -70.7499537, ra: 359.824219, t0: 61656.37890625,
#   x0: 7.792541118757298e-06, x1: -0.3427012860774994, z: 0.5105730891227722}
# schema: astropy-2.0
time band flux fluxerr zp zpsys pwv airmass
61559.3577 lsst_hardware_g -26.950020020040505 14.149999618530273 31.329999923706055 AB 14.271594652720612 1.3473831543420651
61559.3791 lsst_hardware_i 6.099138011263394 32.22999954223633 31.219999313354492 AB 13.327096140144167 1.2358594300155328
61580.4262 lsst_hardware_z -27.234257799369857 53.63999938964844 30.979999542236328 AB 4.0260606789632485 1.011488320650678
61580.4406 lsst_hardware_y 49.66033255054729 60.11000061035156 30.06999969482422 AB 4.030997523406911 1.0086739986838547
61582.3654 lsst_hardware_g -35.63600250481499 42.90999984741211 31.690000534057617 AB 5.860881761214641 1.0790208827029102
61582.3927 lsst_hardware_r -4.326399331489225 45.09000015258789 31.6299991607666 AB 5.582671549234019 1.0338280646729663
61587.4418 lsst_hardware_r -17.179776385039048 28.100000381469727 31.549999237060547 AB 9.494326751035608 1.0144595310434457
61593.2393 lsst_hardware_g -14.195416867271708 13.6899995803833 31.25 AB 2.761121332330306 1.533956295739059
61593.3473 lsst_hardware_r -38.024644425578764 33.459999084472656 32.220001220703125 AB 1.6473041298678173 1.0561898674083035
61596.1992 lsst_hardware_g 4.71010917292481 13.34000015258789 31.100000381469727 AB 17.21484563126099 1.897126894803294
61598.4238 lsst_hardware_u 1.8972699468586445 2.7100000381469727 28.440000534057617 AB 8.941544018634113 1.023372198073491
61598.4356 lsst_hardware_g 11.188760982451122 16.93000030517578 31.5 AB 9.113900174380122 1.0362592580307377
61600.2719 lsst_hardware_i -80.94684746467316 45.689998626708984 31.270000457763672 AB 7.554923182584317 1.2153994823977343
61600.2925 lsst_hardware_z -60.73777038031827 48.47999954223633 30.950000762939453 AB 6.957546711150368 1.140768439276991
61607.1822 lsst_hardware_z 79.7507128893224 79.94999694824219 30.90999984741211 AB 10.848255764015539 1.7258261854459298
61607.2229 lsst_hardware_i 109.01103384633393 116.45999908447266 32.02000045776367 AB 7.648151773925104 1.3706774588115125
61607.2704 lsst_hardware_z 63.18616442432096 69.01000213623047 30.979999542236328 AB 5.439996187759386 1.150267025886535
61619.4017 lsst_hardware_z -46.106565776929735 41.66999816894531 30.950000762939453 AB 1.9884357899003533 1.0750238546947306
61619.4125 lsst_hardware_r -23.10786360322498 22.68000030517578 31.479999542236328 AB 2.0889179129545297 1.099430480502384
61622.2654 lsst_hardware_i -1.2202744709863969 30.270000457763672 31.239999771118164 AB 0.39697966283826824 1.0609701456702045
61622.2858 lsst_hardware_z 23.45141160749012 40.75 30.950000762939453 AB 0.2544284010516065 1.0311181400267742
61622.4017 lsst_hardware_u 1.309182478529949 2.5999999046325684 28.360000610351562 AB 1.5571529723717286 1.093122479727433
61622.4115 lsst_hardware_g 10.960175438424713 13.75 31.389999389648438 AB 1.6183687091751897 1.1182371457422953
61627.2561 lsst_hardware_i 8.323303019293537 33.561475831766835 31.270000457763672 AB 4.342118945636125 1.0534648985591377
61627.3057 lsst_hardware_z -73.58109442288966 57.80149070238227 31.709999084472656 AB 4.89955719287789 1.0092468812574615
61627.3474 lsst_hardware_u 1.0008042408557523 2.766126644824893 28.5 AB 5.243405003346694 1.0260229929092592
61649.1656 lsst_hardware_i 1702.2307799713149 51.654748817770816 31.239999771118164 AB 1.4566133337334604 1.1204717951795848
61649.1846 lsst_hardware_u 3.1393050410338668 3.6764942078134992 28.3799991607666 AB 1.699479217822734 1.0745995686517444
61649.3099 lsst_hardware_z 1272.2163982113968 54.608748827771876 30.940000534057617 AB 1.657233538773503 1.0564038494173724
61649.322 lsst_hardware_i 1745.8207071355087 51.49850684558731 31.239999771118164 AB 1.6518629019995654 1.0796489555552715
61651.3082 lsst_hardware_r 2601.0404109304322 56.19472997123771 31.489999771118164 AB 1.6541480961588482 1.0630771826213676
61651.3203 lsst_hardware_u 4.5607571888575205 3.305509391167583 28.3799991607666 AB 1.656139120527179 1.0879547515367654
61655.2916 lsst_hardware_i 1997.5982577275306 54.303401342640804 31.25 AB 2.0354552151542604 1.0531848301936497
61655.3023 lsst_hardware_z 1577.7820023613003 57.28963418286672 30.950000762939453 AB 1.9969348411023873 1.0727557567028672
61678.0121 lsst_hardware_u 0.4807771875119598 2.4971851308811543 28.1299991607666 AB 5.022965837945768 1.4928938713399187
61678.0972 lsst_hardware_r 903.4288181474719 37.258083979192264 31.489999771118164 AB 4.164862784223248 1.0927096377341172
61678.1167 lsst_hardware_z 749.4649034171721 50.22067124404698 30.950000762939453 AB 4.081619527351977 1.0537290634702405
61682.2433 lsst_hardware_g 112.74109238950581 17.37614338674815 31.389999389648438 AB 2.881275393874348 1.1065159767816086
61682.2539 lsst_hardware_r 669.8753945629394 33.65390346762811 31.469999313354492 AB 3.1622409898689066 1.1362705676854306
61684.2435 lsst_hardware_i 845.4067908734089 41.776174483332404 31.229999542236328 AB 5.381658278219286 1.1218020313132742
61684.2557 lsst_hardware_z 772.9756051772688 50.71172868800174 30.93000030517578 AB 6.878219733677897 1.159576240575088
61686.2389 lsst_hardware_r 526.7269770682941 37.06776470316916 31.540000915527344 AB 3.7849623821951783 1.1242462521371817
61686.2509 lsst_hardware_z 660.9762004775365 51.99079508346474 30.93000030517578 AB 4.314624682331882 1.1618233593928413
61688.1438 lsst_hardware_i 713.6191899242745 56.35480788194781 31.31999969482422 AB 3.154272905595569 1.0087217478718438
61688.1561 lsst_hardware_z 722.225709361905 57.463237978160755 30.969999313354492 AB 3.1389293648683236 1.0101953060964917
61689.1811 lsst_hardware_z 710.9224436835568 62.2072260668405 30.979999542236328 AB 4.008631476730555 1.0291296418802502
61689.1929 lsst_hardware_r 512.4184714516934 72.49949407683903 31.639999389648438 AB 4.036823442382285 1.0440960709671654
61692.1827 lsst_hardware_i 573.8858549487172 83.88047805187962 31.34000015258789 AB 8.543380809409744 1.0412408055345566
61692.1944 lsst_hardware_r 478.54848350893127 104.44694904285859 31.649999618530273 AB 8.719431301074415 1.0597267016376293
61694.1815 lsst_hardware_z 1372.4428975167252 96.20993992561127 31.739999771118164 AB 7.9425745254297615 1.0474530382024676
61696.0071 lsst_hardware_y 185.09888284721674 51.96887969967484 29.979999542236328 AB 6.4716809817371885 1.2268977184246455
61696.0251 lsst_hardware_i 369.4309777494049 37.24422034418276 31.229999542236328 AB 6.095152849102994 1.157893778325037
61696.1741 lsst_hardware_r 330.57537244056493 62.74905932894459 31.639999389648438 AB 6.0747777820704805 1.0445539832756803
61696.1854 lsst_hardware_i 420.8023736151088 54.994867044974725 31.309999465942383 AB 6.203078424330357 1.063202609437872
61698.1752 lsst_hardware_z 503.78657311435074 50.63590935369077 30.950000762939453 AB 2.365263267865949 1.054861530991956
61698.1868 lsst_hardware_r 268.61393556871207 41.786641572594256 31.59000015258789 AB 2.355124490879502 1.0766693546635446
61700.0086 lsst_hardware_y 225.89595678805685 52.57439054390833 30.0 AB 4.941012216346738 1.1774126572969126
61700.122 lsst_hardware_g 99.28924226893209 21.144107336986643 32.13999938964844 AB 4.39614687956493 1.0098346583992468
61700.2282 lsst_hardware_i 278.1790216262534 39.68368701929215 31.239999771118164 AB 3.0185099226276617 1.2212447428028301
61702.0115 lsst_hardware_y 236.07154596588754 51.05527720819609 30.010000228881836 AB 3.277047228892595 1.148732706648881
61702.0328 lsst_hardware_z 482.2632205703743 47.06930736665017 30.940000534057617 AB 3.1369462073674867 1.0900690495586784
61705.163 lsst_hardware_i 286.7907358394899 35.026316826751 31.25 AB 3.9836607365076464 1.06729021741665
61705.1732 lsst_hardware_r 155.71594774589505 26.17138942812892 31.479999542236328 AB 2.6456313416039148 1.0887371776147796
61707.1685 lsst_hardware_u 13.942700352842623 4.168360237988195 28.389999389648438 AB 2.2605931749127794 1.0904935720756292
61707.1797 lsst_hardware_g 17.58468526126261 14.428401841725552 31.389999389648438 AB 2.2615130160783194 1.1190069352190128
61709.0111 lsst_hardware_y 104.10672741129419 51.56658723904214 30.040000915527344 AB 5.143034832304925 1.0961868881131613
61709.0298 lsst_hardware_z 323.5052208218743 45.16011564707956 30.950000762939453 AB 4.902295898780962 1.0575549344797675
61709.1581 lsst_hardware_r 124.32203956392254 25.638027335366964 31.479999542236328 AB 3.943915183989419 1.079489580946878
61709.1688 lsst_hardware_i 267.43722172727263 34.560357958481404 31.239999771118164 AB 3.704572070547703 1.1045235749991107
61711.0125 lsst_hardware_y 114.42847569614047 51.22674045623453 30.030000686645508 AB 9.616639798730377 1.0805213257000423
61711.0319 lsst_hardware_u 6.3098359504936985 3.9851048391295065 28.399999618530273 AB 9.228850345872878 1.0454066998043585
61720.0645 lsst_hardware_z 284.72981963199953 59.29538102492767 30.979999542236328 AB 3.4845072158055332 1.0092220165491987
61720.0755 lsst_hardware_i 171.06608662274115 61.784051060563556 31.329999923706055 AB 3.5311408121319183 1.0128039042398187
61722.0145 lsst_hardware_r 93.00124238158742 82.98580420720944 31.65999984741211 AB 5.143563714422047 1.0291930329664603
61722.0233 lsst_hardware_z 230.95044528469884 62.56019871575027 30.989999771118164 AB 5.4384031004626125 1.0207691990917023
61724.056 lsst_hardware_g -34.96648867908852 65.04371737043678 31.739999771118164 AB 5.378792129993208 1.009722569925513
61724.0673 lsst_hardware_r 196.8735588567103 68.58664607575899 31.65999984741211 AB 5.34591732849897 1.014213114873762
61726.0575 lsst_hardware_i 177.6412478812142 32.83576444304041 31.25 AB 3.9349153817021536 1.0120667134007597
61726.0697 lsst_hardware_z 201.79871977051226 43.449501333832806 30.950000762939453 AB 3.9499088263510247 1.0194628536200865
61728.0601 lsst_hardware_r 86.35871255273946 24.745442120988912 31.489999771118164 AB 4.796425771358279 1.0164790416837044
61728.0737 lsst_hardware_g 12.657808052841412 14.360265269800015 31.420000076293945 AB 4.851965909826454 1.0281585568863334
61729.0481 lsst_hardware_r 130.85424264440317 24.697629942406145 31.489999771118164 AB 6.609301263637505 1.011563231473121
61729.0608 lsst_hardware_i 247.29478606564462 32.881410316962 31.25 AB 6.7964344466461375 1.0189174988412935
61734.053 lsst_hardware_u 5.604221665752115 2.680000066757202 28.450000762939453 AB 5.311640528015435 1.0238649136792455
61734.0651 lsst_hardware_g 6.933981391506114 13.680000305175781 31.420000076293945 AB 5.354679184384195 1.0373264595862863
61947.3467 lsst_hardware_i -4.561699317749589 43.880001068115234 31.979999542236328 AB 6.145241313754502 1.1276361821067653
61947.3699 lsst_hardware_z 138.3115563235062 58.58000183105469 31.690000534057617 AB 5.808122258258926 1.0711810638291446
61947.4193 lsst_hardware_r -12.889964936670733 22.139999389648438 31.489999771118164 AB 5.903706825457504 1.0123822044855533
61947.4337 lsst_hardware_y -71.65858511310438 48.029998779296875 30.059999465942383 AB 5.8903928471061535 1.0087152747848538
61958.2833 lsst_hardware_r -6.497861543121064 92.11000061035156 31.610000610351562 AB 1.9981801699602668 1.2527120860729952
61958.3051 lsst_hardware_i -2.751000314426678 70.4000015258789 31.309999465942383 AB 1.7252333821715606 1.1643869845927293
61960.2425 lsst_hardware_i -19.78936363066267 82.4800033569336 31.260000228881836 AB 3.228716291578326 1.4682657078574597
61960.2618 lsst_hardware_z 47.10691493072908 71.16000366210938 30.950000762939453 AB 2.8084188322775185 1.3373423010845327
61964.3827 lsst_hardware_r -127.10704942446958 58.439998626708984 31.649999618530273 AB 6.172457272178623 1.0092585810892967
61964.3954 lsst_hardware_i 7.740881472187098 50.5099983215332 31.31999969482422 AB 6.188582610207578 1.0091725732794876
61965.4333 lsst_hardware_z 87.45347358376578 48.88999938964844 30.959999084472656 AB 7.157063523686241 1.0394776549415403
61965.4444 lsst_hardware_i -17.86156977976719 58.400001525878906 31.309999465942383 AB 7.270434889765953 1.0564421519566918
61976.2723 lsst_hardware_i -23.300593180901288 30.540000915527344 31.229999542236328 AB 6.595590183148601 1.1142454414599505
61976.2933 lsst_hardware_r 2.8778939934271235 22.219999313354492 31.479999542236328 AB 5.75321213720754 1.06618296675815
61978.4123 lsst_hardware_i 30.01541167897613 30.440000534057617 31.239999771118164 AB 3.1260557861362734 1.062441073797306
61978.424 lsst_hardware_z -36.36570876655672 42.18000030517578 30.940000534057617 AB 3.3483264462889575 1.0862666564510393
61979.4139 lsst_hardware_r -1.0836376852214478 22.389999389648438 31.479999542236328 AB 3.7759416342777135 1.0706828830655142
61979.4255 lsst_hardware_g -17.228139774001736 14.34000015258789 31.40999984741211 AB 3.9460896232079974 1.0961360064466659
61981.3996 lsst_hardware_r 18.00069842806633 22.309999465942383 31.479999542236328 AB 4.993723356581006 1.0545478271706479
61981.4112 lsst_hardware_i 17.09072257197814 30.600000381469727 31.239999771118164 AB 5.063474778782936 1.0762854901318792
61990.2674 lsst_hardware_i 3.5852894332201575 83.61000061035156 31.34000015258789 AB 3.271470283597073 1.0453930019749387
61990.2865 lsst_hardware_z -94.53659513100767 71.94999694824219 31.0 AB 3.146958955552727 1.0227637913127754
61994.3423 lsst_hardware_i -106.59090805064525 43.97999954223633 31.299999237060547 AB 3.2016533752919627 1.0256778392734143
61994.3536 lsst_hardware_z -1.204539685723524 47.5099983215332 30.959999084472656 AB 3.2216578908765876 1.038769774310639
61995.2888 lsst_hardware_r 17.95445267007644 38.22999954223633 31.610000610351562 AB 3.441266582930686 1.0121372302737313
61995.3009 lsst_hardware_z 42.90656742317433 44.33000183105469 30.969999313354492 AB 3.7189690712703336 1.0088531706131658
61997.3438 lsst_hardware_g -4.439677251043169 21.350000381469727 31.59000015258789 AB 5.786665951677777 1.0366653442633065
61997.355 lsst_hardware_r 26.52010699103822 27.059999465942383 31.540000915527344 AB 5.89623916866678 1.0530252116918883
62001.3444 lsst_hardware_z -26.827478011155502 41.20000076293945 30.950000762939453 AB 2.5095648957901546 1.0535536926071178
62001.3561 lsst_hardware_u 3.837074850904563 2.7100000381469727 28.450000762939453 AB 2.572816910613849 1.0752552128780062
62002.1974 lsst_hardware_r 6.391125372683208 22.940000534057617 31.479999542236328 AB 2.4402019715393446 1.1251651741968158
62011.3123 lsst_hardware_g -5.393203638071081 13.899999618530273 31.40999984741211 AB 7.299857353216495 1.04599966850474
62011.3231 lsst_hardware_r -8.325691808902203 22.850000381469727 31.489999771118164 AB 7.42336103355051 1.064090454549437
62016.3013 lsst_hardware_z -64.5464425831358 67.94999694824219 30.989999771118164 AB 1.6475757142314993 1.0500801237931798
62016.3125 lsst_hardware_r 203.12660828624718 97.12999725341797 31.649999618530273 AB 1.7118799498549557 1.0699249686593473
62017.1018 lsst_hardware_z -66.50702262455737 83.4000015258789 30.959999084472656 AB 1.2906733992728632 1.3639877403147826
62017.1338 lsst_hardware_r -158.11618068948002 168.52999877929688 32.369998931884766 AB 1.6834004017308688 1.202428858379192
62020.2936 lsst_hardware_i 118.88971271855941 70.51000213623047 31.329999923706055 AB 1.9072810905536337 1.055349891024282
62020.3047 lsst_hardware_z 105.96092887096897 63.7400016784668 30.979999542236328 AB 1.9485271689715555 1.0762370444473293
62021.0539 lsst_hardware_z -39.281624635884974 58.060001373291016 30.899999618530273 AB 3.752507495046327 1.6717437607868997
62021.0653 lsst_hardware_r -37.40357909442195 53.9900016784668 31.520000457763672 AB 3.503866907108264 1.5580820753464453
62027.0417 lsst_hardware_r 4.336541848813143 24.5 31.389999389648438 AB 1.873461496441975 1.6276815781427556
62027.053 lsst_hardware_i -9.142230364144957 33.959999084472656 31.190000534057617 AB 1.807875587748505 1.521994321101855
62030.0909 lsst_hardware_u 1.4100388588999424 2.680000066757202 28.360000610351562 AB 1.325145202832732 1.2336495294008893
62030.1069 lsst_hardware_r 11.761946802870018 23.309999465942383 31.479999542236328 AB 1.4509041728881467 1.1700840103936667
62031.2824 lsst_hardware_i -7.625123070637388 30.8700008392334 31.239999771118164 AB 1.7737288067388335 1.0934319162060002
