data/validation/pwv_sim_epoch_fit_4/39969197.ecsv
# %ECSV 0.9
# ---
# datatype:
# - {name: time, datatype: float64}
# - {name: band, datatype: string}
# - {name: flux, datatype: float64}
# - {name: fluxerr, datatype: float64}
# - {name: zp, datatype: float64}
# - {name: zpsys, datatype: string}
# - {name: pwv, datatype: float64}
# - {name: airmass, datatype: float64}
# meta: {SNID: '39969197', alt: 1024.0, c: -0.005880925338715315, dec: -8.989299, lat: -30.244573, lon: -70.7499537, ra: 341.894531, t0: 61572.5625,
#   x0: 1.4633121278878286e-05, x1: -0.367989182472229, z: 0.3920745253562927}
# schema: astropy-2.0
time band flux fluxerr zp zpsys pwv airmass
61571.4027 lsst_hardware_g 2434.200874786491 51.8013334706921 31.459999084472656 AB 12.779078176707193 1.0772214597241352
61571.4223 lsst_hardware_y 876.0586792378233 53.788071281602704 30.030000686645508 AB 12.104993481047625 1.0749960908527856
61573.4001 lsst_hardware_i 4104.287704854928 81.53528596755046 31.309999465942383 AB 3.9810446206996293 1.0759580055944944
61573.4215 lsst_hardware_y 796.1467872804434 56.66745344372313 30.040000915527344 AB 3.856412036147083 1.0766837540719154
61575.4017 lsst_hardware_i 7825.429418971691 130.50189107567323 32.06999969482422 AB 3.142261162520814 1.074216111624687
61575.4217 lsst_hardware_y 1296.4167727508714 84.8989335393983 30.790000915527344 AB 2.8345315130722257 1.079890093239805
61579.3581 lsst_hardware_r 4892.743505964381 115.96998401452899 31.639999389648438 AB 3.7663548699555225 1.0991040694405843
61579.3809 lsst_hardware_i 3690.1227473863055 98.45244741843571 31.329999923706055 AB 3.5311664518495176 1.0772046018301908
61581.3846 lsst_hardware_z 4820.527142068139 113.31350664122235 31.729999542236328 AB 4.761415887539514 1.0743064896206482
61584.2845 lsst_hardware_i 5932.67786374336 92.6252392910064 31.989999771118164 AB 7.362664762702001 1.2797215694151798
61584.3114 lsst_hardware_z 3933.228044896738 89.33137729591105 31.700000762939453 AB 6.364437793843848 1.1726638853661433
61586.3676 lsst_hardware_i 2768.5753450079305 61.81393635226117 31.260000228881836 AB 3.8412817378207347 1.074985560957233
61586.3912 lsst_hardware_u 7.523514690788537 3.6570021453865857 28.469999313354492 AB 4.384354115249535 1.0795799520456855
61588.3623 lsst_hardware_g 738.1232889026702 32.07325151309114 31.450000762939453 AB 7.462620091491799 1.074944076173976
61588.3776 lsst_hardware_r 2631.1535727583187 56.70090960770645 31.520000457763672 AB 7.938435157948387 1.0755229857672925
61597.2223 lsst_hardware_g 615.8446839157821 36.86203446536025 32.130001068115234 AB 12.0181770773438 1.4479731418486506
61597.2512 lsst_hardware_r 2600.997374340165 62.166973208608376 32.220001220703125 AB 11.014925056497155 1.2690127658480388
61599.3465 lsst_hardware_i 1677.8186393509206 51.35474410508999 31.25 AB 6.4801612002878874 1.075188518381966
61599.37 lsst_hardware_z 1387.6905053950197 55.33273684013485 30.940000534057617 AB 6.662622668730539 1.0931890180590844
61609.2735 lsst_hardware_z 2047.9983230270234 113.55948349020296 31.739999771118164 AB 5.653666939836921 1.1031545248462284
61610.3119 lsst_hardware_r 618.2752214170133 75.7927740008612 31.639999389648438 AB 5.663450723676764 1.0742508959933164
61610.3301 lsst_hardware_i 1091.797518230906 70.45681749004312 31.31999969482422 AB 5.6202700944475215 1.082903679084301
61616.292 lsst_hardware_z 754.3624250837942 50.36481353000324 30.950000762939453 AB 4.800085050982081 1.074084817852334
61616.3122 lsst_hardware_u 7.836842804813072 3.699692273725937 28.420000076293945 AB 4.769658542097788 1.0816778641791867
61618.286 lsst_hardware_g 108.9252060840661 18.852449200254018 31.450000762939453 AB 4.739477644916357 1.0741025824173045
61618.3052 lsst_hardware_r 429.8244745009805 31.986539110707774 31.510000228881836 AB 5.2329140390549655 1.0805294410850828
61621.2578 lsst_hardware_r 409.8982875941658 31.67825467868653 31.520000457763672 AB 1.086800990742408 1.0828306118328026
61621.2757 lsst_hardware_i 680.9404646835616 41.73742623506504 31.25 AB 1.0241461405554 1.0742791684147552
61623.2486 lsst_hardware_z 591.7135154402827 48.71243192869239 30.940000534057617 AB 2.489391888779055 1.0862405972636873
61623.269 lsst_hardware_i 673.9281103169656 41.29067887892748 31.260000228881836 AB 1.3449603503576624 1.0744640306432294
61628.2382 lsst_hardware_r 454.0602430825262 45.18179662294068 31.600000381469727 AB 6.990539859034409 1.083244812866902
61628.2555 lsst_hardware_i 579.4982734325869 46.104364935594994 31.280000686645508 AB 7.237692258126872 1.0744393777141394
61630.2563 lsst_hardware_z 946.5957132191877 80.00152478499996 31.719999313354492 AB 3.652141226896897 1.0741591843814404
61643.2031 lsst_hardware_r 15.94265266573375 24.84000015258789 31.5 AB 2.3437133519189794 1.0789335260301436
61643.2162 lsst_hardware_g -4.026847216859489 15.739999771118164 31.440000534057617 AB 2.6438304796056142 1.0742183840748754
61648.1705 lsst_hardware_r 17.732656911653134 25.040000915527344 31.510000228881836 AB 4.282231957860983 1.0980081943233289
61648.1865 lsst_hardware_i 25.196659058571157 32.29999923706055 31.25 AB 4.215642776344959 1.0809340452166563
61650.1896 lsst_hardware_z 9.981783150968555 42.27000045776367 30.940000534057617 AB 2.7033961955972705 1.0760856585121985
61650.208 lsst_hardware_i 1.9728444132833494 32.02000045776367 31.239999771118164 AB 2.6954731732410995 1.0754290015258567
61652.1692 lsst_hardware_r 26.971676654948265 25.0 31.510000228881836 AB 1.6296975931311892 1.0864650620874594
61652.187 lsst_hardware_u 3.2459431911533225 2.799999952316284 28.420000076293945 AB 1.6126691421652235 1.0751127614434823
61654.1637 lsst_hardware_g -7.74623057612034 16.719999313354492 31.479999542236328 AB 0.7173645911042755 1.086504492395722
61654.1814 lsst_hardware_r -15.356593080129803 24.979999542236328 31.510000228881836 AB 0.6655196224469183 1.0751528634037453
61673.1126 lsst_hardware_i 1.140254717597841 31.8799991607666 31.25 AB 5.467789598989076 1.0857405875673751
61673.1311 lsst_hardware_z -49.88619808130101 42.119998931884766 30.950000762939453 AB 5.8140166167846505 1.074745816153426
61677.0989 lsst_hardware_r -38.270088907589795 24.469999313354492 31.5 AB 4.057528129807054 1.088587407388764
61677.1191 lsst_hardware_u 1.3392501811187998 2.7899999618530273 28.440000534057617 AB 3.985612586915566 1.0750135096198425
61679.0985 lsst_hardware_g 19.806223940807882 15.479999542236328 31.450000762939453 AB 6.8540164574583375 1.0836389656060967
61679.1161 lsst_hardware_i -4.51290076400661 31.860000610351562 31.25 AB 6.772194417463553 1.0744682683656201
61681.0988 lsst_hardware_z -29.02281329455539 42.150001525878906 30.940000534057617 AB 3.81776603815848 1.0792779979718037
61681.1184 lsst_hardware_r -13.144270418593573 24.290000915527344 31.5 AB 3.854236079975553 1.074301611068165
61683.0987 lsst_hardware_u -3.250828884745444 3.240000009536743 28.549999237060547 AB 3.8134662235218237 1.0764141481961256
61683.1182 lsst_hardware_g 14.155919760818602 16.950000762939453 31.489999771118164 AB 3.827808898179744 1.075529333571062
61685.0711 lsst_hardware_g 0.24562656812456635 27.729999542236328 31.6200008392334 AB 4.434905305702454 1.0957823968626732
61685.0897 lsst_hardware_r -51.162302462370356 32.560001373291016 31.56999969482422 AB 8.978515174100949 1.0781765444728566
61687.0695 lsst_hardware_i 51.45173841312253 48.59000015258789 31.309999465942383 AB 3.7484943406217663 1.0909471305651242
61687.0875 lsst_hardware_z -3.5765031772747777 50.790000915527344 30.969999313354492 AB 6.459207460202027 1.0765345767003378
61690.0715 lsst_hardware_r -18.8313929028475 116.05999755859375 31.649999618530273 AB 5.828877999039985 1.0811737535895063
61690.0893 lsst_hardware_z -96.78879890814045 83.25 30.989999771118164 AB 6.21329040126149 1.0741120048280326
61691.0751 lsst_hardware_z -95.53975821101288 89.88999938964844 30.989999771118164 AB 5.1599120953152 1.0772259071639247
61691.0935 lsst_hardware_i 122.52043917450115 106.75 31.34000015258789 AB 5.614734416335898 1.0747274452248043
61693.0634 lsst_hardware_z -160.37681999636212 78.12000274658203 30.989999771118164 AB 6.425185608998746 1.0811047324376026
61693.0813 lsst_hardware_r -15.791069920904823 115.41999816894531 31.649999618530273 AB 6.356543175715328 1.0741032740309404
61697.0406 lsst_hardware_g -1.0654583085196714 15.430000305175781 31.450000762939453 AB 4.428112557782539 1.0928664121877025
61697.0598 lsst_hardware_r 14.891807580251164 24.469999313354492 31.510000228881836 AB 4.069783695807413 1.0767098273664835
61701.0402 lsst_hardware_i -48.65361511764556 31.8700008392334 31.25 AB 4.250430924671796 1.0821541403276165
61701.0587 lsst_hardware_z -54.853524466486625 42.310001373291016 30.950000762939453 AB 4.682460961666606 1.0741437085890018
61704.0431 lsst_hardware_r 21.737940146520117 24.6200008392334 31.520000457763672 AB 2.341410016578534 1.0757272559800302
61704.0599 lsst_hardware_u 2.1634766283825595 2.880000114440918 28.510000228881836 AB 2.3542894014162634 1.0752225620169422
61706.0369 lsst_hardware_g 28.021763004857437 15.510000228881836 31.459999084472656 AB 3.863568343569755 1.0760030663487372
61706.0536 lsst_hardware_i 8.262697232940251 32.08000183105469 31.260000228881836 AB 2.804098996975075 1.074985239400067
61708.0374 lsst_hardware_z 64.55163560332595 42.09000015258789 30.940000534057617 AB 4.871536232622992 1.0743863334890353
61708.0548 lsst_hardware_r 7.198145796253529 24.440000534057617 31.510000228881836 AB 5.588590800574955 1.077630312490264
61712.0161 lsst_hardware_z -2.722519389022561 44.529998779296875 30.950000762939453 AB 3.0293813230383773 1.0781036174403125
61712.0354 lsst_hardware_r -67.51888677272487 25.3799991607666 31.510000228881836 AB 3.137912914417474 1.074566376719642
61721.0127 lsst_hardware_y -67.29878282302187 69.56999969482422 30.049999237060547 AB 5.671962928530458 1.0749988966653319
61721.0312 lsst_hardware_z 89.38075240109696 66.05999755859375 30.979999542236328 AB 5.535707779937086 1.086764717533661
61927.4414 lsst_hardware_r 60.33337844696971 37.459999084472656 31.59000015258789 AB 4.081631873105686 1.074113650817286
61946.297 lsst_hardware_r -9.641998604883808 25.489999771118164 31.479999542236328 AB 5.078777777381366 1.2623308477335624
61957.3526 lsst_hardware_z -48.54775981115346 57.70000076293945 30.969999313354492 AB 6.106263573561807 1.0748571683791246
61957.376 lsst_hardware_r 103.26622439802992 75.62000274658203 31.639999389648438 AB 5.342873209637658 1.0799501164878704
61959.3375 lsst_hardware_z -102.97791860452338 101.19999694824219 31.739999771118164 AB 1.7264219554105962 1.0790137221316225
61959.3576 lsst_hardware_r -31.08657537419358 148.5800018310547 32.400001525878906 AB 1.5737509521911117 1.0744772090520032
61966.3274 lsst_hardware_g -84.70321110599438 40.040000915527344 31.670000076293945 AB 5.102309883550617 1.0750192011694741
61966.3483 lsst_hardware_r -19.183660635999008 44.040000915527344 31.610000610351562 AB 3.9083660587706115 1.078021254660031
61982.2898 lsst_hardware_r 54.85840722754286 24.299999237060547 31.5 AB 3.8448554447652326 1.0741319862453507
61982.3086 lsst_hardware_u 0.37091113958843874 2.7300000190734863 28.389999389648438 AB 3.671988834376077 1.0805528829179951
61989.2491 lsst_hardware_z -21.637025503835268 100.3499984741211 31.0 AB 3.4515393443521187 1.083912701042223
61989.2679 lsst_hardware_r 41.062256599849825 149.72000122070312 31.649999618530273 AB 4.53148332145454 1.0743628216986305
61991.227 lsst_hardware_z 97.95032292515889 87.33999633789062 30.989999771118164 AB 3.6766796715358945 1.1044396730357149
61991.2456 lsst_hardware_r -363.33391491683597 123.37000274658203 31.649999618530273 AB 3.6003983019196553 1.082256948048292
61993.2245 lsst_hardware_i -41.48812743857664 61.08000183105469 31.31999969482422 AB 7.139200761680054 1.099917948081356
61993.2421 lsst_hardware_z -55.15365242751924 58.79999923706055 30.979999542236328 AB 6.974125336778644 1.0807570644317677
61996.2408 lsst_hardware_r 18.150611593843667 30.110000610351562 31.56999969482422 AB 2.6137078478366274 1.07670766131272
61996.2609 lsst_hardware_z 8.363807214998344 44.18000030517578 30.959999084472656 AB 3.8599802639706207 1.0755779209949483
62000.24 lsst_hardware_g -29.034139511890846 22.6299991607666 32.2400016784668 AB 2.583360140998873 1.0741622207895523
62000.2592 lsst_hardware_r 14.44959531917163 35.380001068115234 32.27000045776367 AB 3.21429634530112 1.080375221097234
62014.1768 lsst_hardware_i -75.28313244129482 62.060001373291016 31.31999969482422 AB 1.73236789148915 1.0878291312333752
62014.1966 lsst_hardware_z -33.7822139613054 58.77000045776367 30.979999542236328 AB 1.6565192014435823 1.0749637906837004
62019.1554 lsst_hardware_z -63.53497190908846 137.24000549316406 31.75 AB 0.7137541114186982 1.0972392181686368
62019.1745 lsst_hardware_r 300.1466098740881 205.5399932861328 32.40999984741211 AB 0.6816326307899968 1.0785326436550582
62028.1323 lsst_hardware_g 8.052330109632932 15.979999542236328 31.479999542236328 AB 1.487719509938503 1.0952536269485913
62028.1519 lsst_hardware_r -44.630249495413025 24.979999542236328 31.520000457763672 AB 1.4962143940801325 1.0774467552185305
62029.1288 lsst_hardware_i -36.976185780332656 32.310001373291016 31.260000228881836 AB 3.4974970351812273 1.096279501153869
62029.1462 lsst_hardware_z -44.20031873736596 42.470001220703125 30.950000762939453 AB 3.4319371102921687 1.079140668278298
62034.1082 lsst_hardware_u -1.214039218036624 2.759999990463257 28.389999389648438 AB 4.178943967891835 1.1067118559039222
62034.1271 lsst_hardware_g -3.788149094114317 15.710000038146973 31.459999084472656 AB 4.902957349837249 1.0831674251268257
62036.1117 lsst_hardware_r 20.13000648958621 24.68000030517578 31.510000228881836 AB 1.4217449348472375 1.0936499498824903
62036.1314 lsst_hardware_z 52.173907293022104 42.279998779296875 30.950000762939453 AB 1.5161279394605314 1.0767954115486729
62040.1068 lsst_hardware_g 27.19194556497918 34.7400016784668 31.65999984741211 AB 3.5633759264179212 1.086809279883468
62040.1261 lsst_hardware_r -8.857824669470864 38.08000183105469 31.59000015258789 AB 4.189650570426957 1.074843545593233
62045.0999 lsst_hardware_r -184.3071221600121 135.77000427246094 31.649999618530273 AB 4.888832047023176 1.0809224410266078
62045.1181 lsst_hardware_z 113.02673222273523 93.6500015258789 31.0 AB 4.8838935298748085 1.0741307569095775
62049.1007 lsst_hardware_z -39.685912490248164 67.41000366210938 30.979999542236328 AB 3.683843247676119 1.0750515314230569
62049.1188 lsst_hardware_r -43.56974054657542 95.41000366210938 31.649999618530273 AB 3.679802162535443 1.0765951323977305
62051.076 lsst_hardware_r 18.578954442341914 36.290000915527344 31.59000015258789 AB 5.43470301154091 1.087593158203104
62051.0938 lsst_hardware_u -1.4661382346528191 6.400000095367432 29.020000457763672 AB 10.181563265354336 1.0754793773480866
62053.0725 lsst_hardware_g 7.879089049100513 15.430000305175781 31.469999313354492 AB 2.6069584855288412 1.085629574762056
62053.0904 lsst_hardware_r -2.998756089622945 24.399999618530273 31.520000457763672 AB 3.405614961046838 1.074891623686535
62056.0633 lsst_hardware_i -63.41921384458683 31.889999389648438 31.260000228881836 AB 5.126580459410157 1.0866195445186237
62056.0818 lsst_hardware_z 68.18660722723811 42.209999084472656 30.950000762939453 AB 5.137131513523657 1.074994823651185
62058.065 lsst_hardware_r -1.1395931171530178 24.34000015258789 31.510000228881836 AB 6.3770562249903335 1.080490719246037
62058.0823 lsst_hardware_u 1.3397809721604268 2.7100000381469727 28.389999389648438 AB 6.382160134723981 1.0741363480601371
62060.0657 lsst_hardware_g -2.658473189112024 15.40999984741211 31.450000762939453 AB 7.030537457408994 1.076871866242536
62060.0832 lsst_hardware_i -19.816104148608886 31.829999923706055 31.25 AB 7.017421748994134 1.0747531778120822
62069.0345 lsst_hardware_i -24.292216588773524 39.540000915527344 31.280000686645508 AB 3.9954457345565615 1.0808239137660345
62069.0518 lsst_hardware_z 52.8343490625178 46.09000015258789 30.959999084472656 AB 2.346575142936117 1.0741522683667646
62074.0118 lsst_hardware_y 87.27348917831345 62.369998931884766 30.049999237060547 AB 5.066166639782674 1.0890883301516658
62074.0293 lsst_hardware_r -58.18176305259821 101.06999969482422 31.649999618530273 AB 5.009991913317704 1.0760869705885634
62076.0116 lsst_hardware_y -12.505271438366602 62.25 30.049999237060547 AB 9.54459192279863 1.083873713695052
62076.0277 lsst_hardware_z 68.96715765069571 70.13999938964844 30.989999771118164 AB 9.446982394649256 1.074864307048499
62078.0154 lsst_hardware_y -9.98097732346834 54.33000183105469 30.049999237060547 AB 5.035192051700279 1.077430538880231
62078.0335 lsst_hardware_z 105.12582274670153 57.630001068115234 30.979999542236328 AB 5.059381811892203 1.0746350492549284
62080.0085 lsst_hardware_y 49.229408759862125 62.310001373291016 30.049999237060547 AB 2.63351789824475 1.0782058948801434
62080.0254 lsst_hardware_u 1.2988485591085306 3.059999942779541 28.520000457763672 AB 2.596983894742967 1.0742435965847044
62082.0087 lsst_hardware_z -7.30101757443029 59.79999923706055 30.979999542236328 AB 10.914398646963292 1.0756281311678502
62082.0277 lsst_hardware_r -6.238808767341508 25.049999237060547 31.520000457763672 AB 11.23633443803418 1.0761741632060322
