data/validation/pwv_sim_epoch_fit_4/39967347.ecsv
# %ECSV 0.9
# ---
# datatype:
# - {name: time, datatype: float64}
# - {name: band, datatype: string}
# - {name: flux, datatype: float64}
# - {name: fluxerr, datatype: float64}
# - {name: zp, datatype: float64}
# - {name: zpsys, datatype: string}
# - {name: pwv, datatype: float64}
# - {name: airmass, datatype: float64}
# meta: {SNID: '39967347', alt: 1024.0, c: -0.10071604698896408, dec: -6.880079, lat: -30.244573, lon: -70.7499537, ra: 54.667969, t0: 61055.72265625,
#   x0: 4.201526781543027e-06, x1: -1.6803206205368042, z: 0.6584131121635437}
# schema: astropy-2.0
time band flux fluxerr zp zpsys pwv airmass
60911.4175 lsst_hardware_g 14.428877199412554 17.959999084472656 31.5 AB 3.7090671737988825 1.0910090716145355
60931.3524 lsst_hardware_i -22.984668086067842 46.0 31.299999237060547 AB 3.1082904007484906 1.096205396137715
60931.3725 lsst_hardware_z -15.201199419535683 49.59000015258789 30.959999084472656 AB 3.1571908670998967 1.0901902165400197
60933.3506 lsst_hardware_r -7.547536879372614 28.540000915527344 31.540000915527344 AB 1.4761920478219508 1.0938807319910715
60933.3688 lsst_hardware_g -8.152189625951808 22.270000457763672 31.56999969482422 AB 1.4372060826499895 1.0904446757587174
60935.3501 lsst_hardware_r 9.251620196483245 22.950000762939453 31.489999771118164 AB 1.3011989443185543 1.0916098526156681
60935.3675 lsst_hardware_i -4.485408958449169 30.979999542236328 31.25 AB 1.4168260577541498 1.091545499040177
60937.3409 lsst_hardware_i 39.02781326493281 30.670000076293945 31.239999771118164 AB 5.8505973361549 1.0932290257534405
60937.361 lsst_hardware_z 54.533921504129665 41.59000015258789 30.940000534057617 AB 5.619704648021473 1.0912047860240255
60939.3391 lsst_hardware_r -0.4654571463315458 23.149999618530273 31.489999771118164 AB 2.3240987295805295 1.0916386705404084
60939.3594 lsst_hardware_u -3.779515699831004 2.7100000381469727 28.420000076293945 AB 2.2902838719877843 1.0926926870180438
60942.3294 lsst_hardware_g 10.86749037326473 13.869999885559082 31.399999618530273 AB 4.87679801053735 1.0922279978807055
60942.349 lsst_hardware_r 31.249903924554275 22.84000015258789 31.489999771118164 AB 4.482246759993348 1.09176635245257
60944.3324 lsst_hardware_i 77.41730093373529 31.149999618530273 31.239999771118164 AB 3.730568708057422 1.0901189425969502
60944.3507 lsst_hardware_z -29.288920246335017 42.18000030517578 30.940000534057617 AB 4.586469200863131 1.0954942358749244
60946.2868 lsst_hardware_r -40.91025433239182 22.979999542236328 31.479999542236328 AB 3.8453764027823 1.1268227108831972
60946.3062 lsst_hardware_g -20.803726346284673 13.920000076293945 31.40999984741211 AB 4.137013781891635 1.1005135309842522
60949.3271 lsst_hardware_r -3.9679224270862283 22.979999542236328 31.479999542236328 AB 4.855512541484167 1.0908812719577998
60949.3451 lsst_hardware_i -51.414876798234125 31.18000030517578 31.239999771118164 AB 4.608052776575726 1.102229176345653
60951.3223 lsst_hardware_z 12.598450749869123 45.84000015258789 30.950000762939453 AB 3.5124929123224504 1.091062200969906
60951.3421 lsst_hardware_i -38.074461385399424 31.0 31.239999771118164 AB 3.2040236281308134 1.1048357338382115
60954.2957 lsst_hardware_r -73.92434589538293 93.86000061035156 31.639999389648438 AB 6.244078209887173 1.0926408440073414
60954.3134 lsst_hardware_z -9.031175897606289 65.83999633789062 30.979999542236328 AB 6.241494018044057 1.0908683234030307
60956.2914 lsst_hardware_y 127.24755775669921 60.040000915527344 30.049999237060547 AB 4.029248115841226 1.0921344730326197
60956.3103 lsst_hardware_r 5.378467296117782 110.7300033569336 31.649999618530273 AB 4.063994217997146 1.091591248454416
60958.2914 lsst_hardware_i 46.281166962011845 66.58999633789062 31.31999969482422 AB 3.519737632033578 1.0904898168026846
60958.3096 lsst_hardware_z 27.554062972622962 62.79999923706055 30.979999542236328 AB 3.0476190437783295 1.0937413202542081
60960.292 lsst_hardware_r -103.80361984523766 46.959999084472656 31.610000610351562 AB 5.752354630550692 1.0900804681733356
60960.3099 lsst_hardware_g -62.921387757681316 44.40999984741211 31.670000076293945 AB 5.805801813900758 1.0975915205483908
60962.2843 lsst_hardware_r 2.681844567723407 26.06999969482422 31.520000457763672 AB 6.273013763178508 1.0900584322826374
60962.301 lsst_hardware_i 38.66187301397058 33.130001068115234 31.25 AB 5.50155230139857 1.095126859809947
60964.2841 lsst_hardware_z 29.937800581745865 41.88999938964844 30.950000762939453 AB 7.9526985274432125 1.090431480716179
60964.3016 lsst_hardware_i -3.5407264743731663 31.1299991607666 31.25 AB 7.714372582925108 1.0998012521396818
60966.2818 lsst_hardware_u 0.5477333318874026 2.640000104904175 28.3799991607666 AB 5.6166511227726845 1.0911945451983769
60966.2986 lsst_hardware_g 5.6100598651176075 14.020000457763672 31.40999984741211 AB 6.82114312789549 1.1021397847626346
60971.2041 lsst_hardware_i -32.57747095200474 31.600000381469727 31.229999542236328 AB 3.7833525917499475 1.1579328479138218
60971.2273 lsst_hardware_z 53.65033107045868 42.34000015258789 30.940000534057617 AB 3.943443621518119 1.1128668326566742
60973.26 lsst_hardware_r -1.996676885520224 32.849998474121094 32.2400016784668 AB 4.143966211458902 1.0905174240681321
60973.2781 lsst_hardware_g -4.859962138273502 14.289999961853027 31.40999984741211 AB 4.18298766497002 1.1007862276236895
60977.2535 lsst_hardware_z -28.46772719191059 42.349998474121094 30.940000534057617 AB 2.863017911498479 1.0917826025798192
60977.2682 lsst_hardware_i -19.644267268829637 31.520000457763672 31.239999771118164 AB 2.894720428272505 1.1017712870867185
60980.2391 lsst_hardware_r -72.96745108288825 46.65999984741211 31.610000610351562 AB 5.349937854958099 1.0902294986838499
60980.2575 lsst_hardware_z -4.062723016400744 47.540000915527344 30.950000762939453 AB 5.5000678160336465 1.0994272020323121
60990.2301 lsst_hardware_g -41.378461178500785 23.850000381469727 31.579999923706055 AB 2.56878855439007 1.099338896315294
60990.2464 lsst_hardware_r -25.682365309009686 33.16999816894531 31.559999465942383 AB 2.637249868868897 1.1193760054622788
60992.2049 lsst_hardware_r 21.522509348519467 23.559999465942383 31.5 AB 4.697469090175983 1.0900897117076016
60992.2231 lsst_hardware_i 21.189190684664343 31.420000076293945 31.239999771118164 AB 7.330780833376287 1.09803869438325
60994.2092 lsst_hardware_z 14.39877059679377 41.93000030517578 30.950000762939453 AB 7.978641357539354 1.0926652091948386
60994.2276 lsst_hardware_r 61.80130203095539 23.420000076293945 31.489999771118164 AB 8.169906028223632 1.1082346755593642
60998.2198 lsst_hardware_i 0.4999742498593571 31.440000534057617 31.239999771118164 AB 5.9184363546738075 1.1123138019747387
60998.2396 lsst_hardware_z 76.57156761536551 42.81999969482422 30.93000030517578 AB 6.102317909322368 1.1487256641390158
61000.1911 lsst_hardware_z -83.08917971787466 42.380001068115234 30.940000534057617 AB 3.486436051521098 1.091928294878068
61000.2119 lsst_hardware_r -14.617183712920252 23.6299991607666 31.479999542236328 AB 3.654811825236466 1.1090871409780552
61005.1903 lsst_hardware_r 16.408966447597745 23.3700008392334 31.489999771118164 AB 5.174329812195622 1.1003749512006002
61005.2088 lsst_hardware_i 29.50668113190325 31.559999465942383 31.239999771118164 AB 5.939860850745102 1.124973645974407
61010.1837 lsst_hardware_z -39.43369878839383 54.310001373291016 30.959999084472656 AB 8.596976274581863 1.1079648515748124
61010.2032 lsst_hardware_r -67.9168148216309 61.93000030517578 31.6200008392334 AB 8.8317233310227 1.1406074300687519
61012.1529 lsst_hardware_z -102.29500310015771 72.62999725341797 30.989999771118164 AB 7.051575186570788 1.090392418267402
61012.1714 lsst_hardware_i -17.828059968188597 81.9800033569336 31.31999969482422 AB 7.022087333420339 1.1005702384134999
61014.1537 lsst_hardware_z 91.6467014433525 77.69999694824219 30.989999771118164 AB 2.733839669376686 1.0922615625943144
61014.1724 lsst_hardware_r -47.08131782774041 114.11000061035156 31.639999389648438 AB 2.6280081485556206 1.1075012390752397
61016.1566 lsst_hardware_u -15.57077263936166 16.610000610351562 29.389999389648438 AB 4.9980273893289935 1.0972617759229404
61016.1752 lsst_hardware_g -158.54803807097798 71.51000213623047 31.700000762939453 AB 4.513059887683341 1.1190329500825384
61019.1573 lsst_hardware_r -3.308811366994889 22.959999084472656 31.489999771118164 AB 8.274996581164011 1.1057901890196897
61019.1756 lsst_hardware_i 19.90366807829745 35.43000030517578 31.260000228881836 AB 10.92017762560499 1.1343576623060732
61021.1483 lsst_hardware_z 21.330198646835143 41.880001068115234 30.940000534057617 AB 12.926083263749444 1.1019913692747283
61021.1669 lsst_hardware_r 23.593481547050512 23.059999465942383 31.479999542236328 AB 14.327724745902724 1.1281673028269863
61027.0814 lsst_hardware_z -37.24285087762881 41.97738021553109 30.940000534057617 AB 4.506126778116031 1.1041722073304798
61027.1027 lsst_hardware_r -63.17053984630849 23.622064978871723 31.479999542236328 AB 4.370304853034115 1.0905314667580754
61029.0821 lsst_hardware_u -6.73240812899095 3.808069279346196 28.40999984741211 AB 5.833262192493984 1.098284244291642
61029.1008 lsst_hardware_g -22.419249616304402 14.535762980204396 31.399999618530273 AB 3.686693880262256 1.0900659495662701
61031.0814 lsst_hardware_r -15.951142683442336 23.692491890933553 31.479999542236328 AB 5.90331370144146 1.0948282087243906
61031.1004 lsst_hardware_i -15.225569786855464 30.875582611881313 31.239999771118164 AB 4.326261867373749 1.0902877689954007
61035.0787 lsst_hardware_z 131.9141552643543 43.449844279477595 30.940000534057617 AB 10.392627170800118 1.091060829983584
61035.0987 lsst_hardware_r 88.84826798652207 26.955403187895964 31.510000228881836 AB 8.205245917074338 1.0933646216744441
61039.0479 lsst_hardware_y 95.43051826147249 55.83764055340478 30.030000686645508 AB 9.294155636258877 1.1049781801484784
61039.0686 lsst_hardware_r 485.4245189589562 69.95351002734336 31.6299991607666 AB 9.352178565056866 1.0908344862577384
61041.0615 lsst_hardware_y 223.18076890220686 79.52738267527752 30.790000915527344 AB 7.522574853748239 1.0913092684925196
61044.0479 lsst_hardware_z 437.2717220099876 61.94624114148153 30.969999313354492 AB 2.4590832744559115 1.0936550030935785
61044.0689 lsst_hardware_i 687.5192045719141 67.25086025645037 31.309999465942383 AB 2.421357077634005 1.0911929146615615
61047.0405 lsst_hardware_y 295.45674667438203 63.6486308062865 30.049999237060547 AB 10.568224474550547 1.0932363274622776
61047.0623 lsst_hardware_r 1226.4724364171632 41.13935380951899 31.479999542236328 AB 10.60020187730289 1.091735092157465
61050.0414 lsst_hardware_y 611.4895402499665 83.96879545930665 30.799999237060547 AB 12.496273972702976 1.0902667418382705
61050.063 lsst_hardware_r 2690.7761006484666 61.659633122175116 32.25 AB 9.950137456525809 1.0966755710928904
61277.4006 lsst_hardware_r 7.671465545162094 32.54999923706055 31.56999969482422 AB 2.472751267923304 1.0997337193343582
61277.4184 lsst_hardware_y -67.03312560761415 54.040000915527344 30.040000915527344 AB 2.218123437892599 1.0903888105653674
61279.4049 lsst_hardware_z 89.99500207106546 80.7300033569336 31.729999542236328 AB 3.573828926182046 1.0929976072121863
61287.3462 lsst_hardware_r 13.931458777736367 38.029998779296875 31.579999923706055 AB 2.3029734078431936 1.140226962665277
61287.3653 lsst_hardware_y -15.478678535503727 48.970001220703125 30.030000686645508 AB 2.244861586386459 1.1082543726760812
61298.3502 lsst_hardware_i 20.242149001921327 31.25 31.239999771118164 AB 1.440969207824748 1.0945455433533977
61298.3697 lsst_hardware_z 13.154086978585486 42.22999954223633 30.940000534057617 AB 1.423841997313099 1.0905095715956021
61302.3139 lsst_hardware_u 2.423682626089358 3.6600000858306885 29.079999923706055 AB 6.202466089685749 1.1236351611750177
61302.3416 lsst_hardware_g -4.351147434629802 19.760000228881836 32.15999984741211 AB 5.535505397373336 1.0932532055378543
61304.351 lsst_hardware_r -14.8803758407703 22.850000381469727 31.5 AB 2.4125723507157977 1.0901818123442515
61304.3704 lsst_hardware_i 62.80904001657511 30.84000015258789 31.25 AB 2.519406986210033 1.0996975059843006
61306.3414 lsst_hardware_z 7.294706564388461 47.40999984741211 30.959999084472656 AB 1.9019269078442111 1.0901377003310342
61306.3615 lsst_hardware_r -19.60309277699829 34.900001525878906 31.579999923706055 AB 1.935805991084452 1.09687750934983
61308.3373 lsst_hardware_z -8.617586349218026 58.4900016784668 30.969999313354492 AB 6.4608791879129726 1.0900757867240847
61308.3569 lsst_hardware_r -167.05539460848237 72.63999938964844 31.6299991607666 AB 6.405221881565712 1.097536305957113
61312.328 lsst_hardware_r 53.796107223723006 92.3499984741211 31.639999389648438 AB 6.478005254014923 1.0900991859344225
61312.3483 lsst_hardware_z 57.17733375221918 68.19999694824219 30.979999542236328 AB 7.595671147201005 1.0994674889196254
61314.3264 lsst_hardware_y -37.93296795586555 51.79999923706055 30.030000686645508 AB 4.791299775329976 1.0905841673741488
61314.3456 lsst_hardware_r -24.126060826404586 63.2599983215332 31.6299991607666 AB 4.601748169827992 1.1020611498979092
61316.3285 lsst_hardware_i -26.609056352546496 36.939998626708984 31.280000686645508 AB 3.5590183139702303 1.0932884437754138
61316.3459 lsst_hardware_z -37.049158668968246 44.91999816894531 30.950000762939453 AB 3.2147276106560683 1.108526762295196
61318.2956 lsst_hardware_z -31.864215107773944 41.93000030517578 30.950000762939453 AB 7.579076804721752 1.0945437239798903
61318.315 lsst_hardware_r -5.506749970027409 23.81999969482422 31.5 AB 7.525479184427181 1.0904911149727674
61322.2896 lsst_hardware_i 13.760937680874278 31.229999542236328 31.260000228881836 AB 2.8259934582742385 1.0920658712294948
61322.307 lsst_hardware_z 96.01134548114634 42.16999816894531 30.950000762939453 AB 2.9706172677929223 1.091202620714922
61324.2966 lsst_hardware_r -7.069664404222805 23.139999389648438 31.5 AB 4.913351862147608 1.0902004797487388
61324.3155 lsst_hardware_u 1.6045235886904687 2.75 28.459999084472656 AB 4.9541360912668795 1.0994328610434263
61327.2925 lsst_hardware_g 0.8875280819135473 14.119999885559082 31.420000076293945 AB 5.455521090992817 1.090958757030914
61327.3102 lsst_hardware_r -31.00696432573146 23.100000381469727 31.489999771118164 AB 5.530413849494708 1.1021517619479484
61329.2871 lsst_hardware_i 17.3925396429525 31.079999923706055 31.25 AB 7.950023640854947 1.09097471199336
61329.305 lsst_hardware_z -22.5097484121506 42.099998474121094 30.950000762939453 AB 7.717631965432434 1.1024138604083715
61331.2854 lsst_hardware_r 22.973098182653697 23.139999389648438 31.5 AB 5.626886667572391 1.0922812127676194
61331.3035 lsst_hardware_g -9.838752471474914 14.199999809265137 31.420000076293945 AB 6.812505444209276 1.1067646665562563
61333.2815 lsst_hardware_r -45.18829063095619 23.280000686645508 31.510000228881836 AB 1.3454739933465754 1.0929926834659425
61333.2986 lsst_hardware_i -17.070683974944146 31.290000915527344 31.25 AB 1.4213928459693348 1.1074350182859543
61336.2518 lsst_hardware_i -37.24592907998699 54.25 31.309999465942383 AB 3.9558510417815906 1.0918967797902033
61336.2689 lsst_hardware_z -5.1622191110759434 53.400001525878906 30.969999313354492 AB 3.890262003511831 1.0912375886428698
61344.2493 lsst_hardware_i -7.192191636348726 42.33000183105469 31.299999237060547 AB 4.167270999481493 1.0920283011328789
61351.1871 lsst_hardware_u -3.141620354251304 2.75 28.43000030517578 AB 5.99108770073393 1.112809417364092
61357.2046 lsst_hardware_z 44.66102969651787 41.970001220703125 30.940000534057617 AB 4.666318938450047 1.09007041720494
61357.222 lsst_hardware_r 15.650265880203142 23.350000381469727 31.479999542236328 AB 7.322134842088507 1.0966752134930196
61359.2072 lsst_hardware_u -1.4763978671875302 2.740000009536743 28.43000030517578 AB 4.069823566558681 1.0915932677403704
61359.2249 lsst_hardware_g 1.4329755004128473 14.489999771118164 31.40999984741211 AB 8.24145243644646 1.104308245537513
61361.2209 lsst_hardware_r 25.13868398009435 23.3799991607666 31.479999542236328 AB 6.078563909776889 1.1059474932498912
61361.2403 lsst_hardware_i -16.30692732310089 31.549999237060547 31.239999771118164 AB 6.154704392721466 1.136830278643477
61364.2185 lsst_hardware_z 18.049979095423293 50.13999938964844 30.959999084472656 AB 5.469040183797896 1.113366169130664
61364.2381 lsst_hardware_r 31.13098705632938 44.880001068115234 31.59000015258789 AB 5.663501781382204 1.1500079763200577
61366.1 lsst_hardware_r 5.128684964911592 85.88999938964844 31.610000610351562 AB 4.678154976882901 1.2310934149691846
