data/validation/pwv_sim_epoch_fit_4/39982821.ecsv
# %ECSV 0.9
# ---
# datatype:
# - {name: time, datatype: float64}
# - {name: band, datatype: string}
# - {name: flux, datatype: float64}
# - {name: fluxerr, datatype: float64}
# - {name: zp, datatype: float64}
# - {name: zpsys, datatype: string}
# - {name: pwv, datatype: float64}
# - {name: airmass, datatype: float64}
# meta: {SNID: '39982821', alt: 1024.0, c: 0.10547752678394318, dec: -40.033035, lat: -30.244573, lon: -70.7499537, ra: 100.898438, t0: 60741.32421875,
#   x0: 5.8549178019605685e-06, x1: -1.42599618434906, z: 0.5751586556434631}
# schema: astropy-2.0
time band flux fluxerr zp zpsys pwv airmass
60619.3282 lsst_hardware_z 23.176865205226424 40.439998626708984 30.950000762939453 AB 3.3747955050914 1.0226653045731515
60619.3402 lsst_hardware_y -14.778005215530667 46.650001525878906 30.049999237060547 AB 3.5305257392660527 1.0167832786423032
60621.252 lsst_hardware_u 1.5030787132485302 2.6700000762939453 28.43000030517578 AB 5.930483004642874 1.1480576249550638
60621.2609 lsst_hardware_y -38.36043008347202 47.83000183105469 30.030000686645508 AB 5.786426424877617 1.1223248654177602
60625.3022 lsst_hardware_r -9.883790406575827 21.34000015258789 31.479999542236328 AB 3.8094900652438186 1.030288050099748
60625.3108 lsst_hardware_y 66.33297782435922 46.54999923706055 30.049999237060547 AB 3.7820456307361274 1.02334996434719
60632.3446 lsst_hardware_r -31.657758159317147 61.16999816894531 31.639999389648438 AB 5.960411271963472 1.025432399013103
60632.3572 lsst_hardware_z 39.36458711829322 70.05999755859375 30.989999771118164 AB 6.019655277231088 1.0373648408360046
60634.3499 lsst_hardware_z -20.998974275329417 51.790000915527344 30.969999313354492 AB 3.8070966390837717 1.0353342625437443
60641.3365 lsst_hardware_u 2.1435434355823184 2.950000047683716 28.530000686645508 AB 3.9961330375541944 1.0419711540274852
60641.3499 lsst_hardware_g 41.43240618941609 22.610000610351562 31.579999923706055 AB 4.057893077382614 1.0614883578626537
60643.3333 lsst_hardware_r 20.164240209391103 21.68000030517578 31.479999542236328 AB 6.065383351519566 1.044870012751185
60643.345 lsst_hardware_i 12.720308684315508 33.88999938964844 31.260000228881836 AB 6.4836575842872275 1.0624302355725554
60645.3365 lsst_hardware_z -10.941149103995114 41.41999816894531 30.950000762939453 AB 7.0291176012849235 1.0574474559080214
60645.3478 lsst_hardware_r -33.25373143399278 25.34000015258789 31.520000457763672 AB 7.132464002492018 1.0775335578036813
60647.3315 lsst_hardware_r 9.668926152353034 21.68000030517578 31.469999313354492 AB 3.7949105031021197 1.0581834794289633
60647.344 lsst_hardware_u -6.200879901534456 4.619999885559082 28.780000686645508 AB 4.681178107715761 1.0808538692485137
60649.3306 lsst_hardware_g -10.83149425057903 13.149999618530273 31.399999618530273 AB 4.614837363285179 1.065843839317554
60649.3436 lsst_hardware_i 31.44182835077596 33.220001220703125 31.270000457763672 AB 4.592554143197431 1.0915809954715716
60653.2929 lsst_hardware_r -32.293982527378596 21.450000762939453 31.489999771118164 AB 10.354068173347873 1.0302042856919789
60653.3036 lsst_hardware_u 0.8116555597778019 2.640000104904175 28.450000762939453 AB 10.422456778191659 1.0418029115817435
60655.2833 lsst_hardware_g -11.305490168049793 12.680000305175781 31.3799991607666 AB 12.767057879947027 1.0266140502393193
60655.2962 lsst_hardware_r -26.706296795481844 21.3700008392334 31.479999542236328 AB 10.955265586545432 1.0394483216988881
60657.2816 lsst_hardware_i -98.83162206797451 47.220001220703125 31.309999465942383 AB 8.192506037136319 1.0298561957430947
60657.2947 lsst_hardware_z 16.55173434635795 48.52000045776367 30.969999313354492 AB 7.52545085666406 1.0443795424893454
60659.283 lsst_hardware_r 58.8488778398481 80.9800033569336 31.65999984741211 AB 10.867110856975362 1.0368268035838624
60659.2959 lsst_hardware_z 64.04568223301796 59.209999084472656 30.979999542236328 AB 11.15408431206623 1.0537632793638385
60661.2219 lsst_hardware_i 16.987634784215324 57.59000015258789 31.329999923706055 AB 4.8070526690215285 1.018155747462994
60661.2356 lsst_hardware_z -94.61790229246884 54.95000076293945 30.979999542236328 AB 4.866419106157826 1.014894495549165
60664.229 lsst_hardware_g 40.91550489332164 44.619998931884766 31.719999313354492 AB 5.987592921206829 1.014846257831666
60664.2417 lsst_hardware_r -59.7579260345304 44.88999938964844 31.6299991607666 AB 5.999778567419688 1.0169116215965572
60666.2276 lsst_hardware_i -35.440523284285696 34.15999984741211 31.280000686645508 AB 6.844360664196253 1.0150319834192871
60666.2405 lsst_hardware_r -26.802809648549644 31.90999984741211 31.579999923706055 AB 6.907808158706659 1.018587851027681
60669.2299 lsst_hardware_r -10.636515530741312 21.299999237060547 31.479999542236328 AB 7.448856452140963 1.0175801715090058
60669.2428 lsst_hardware_i 33.65189293669658 29.690000534057617 31.239999771118164 AB 7.535908405443042 1.0248521143420806
60673.2199 lsst_hardware_u -1.9755281406804952 2.640000104904175 28.469999313354492 AB 9.150253422964262 1.0179484093890732
60673.2337 lsst_hardware_g 3.695421051760986 12.789999961853027 31.389999389648438 AB 9.216025517181818 1.0262548945944392
60675.2058 lsst_hardware_g -19.67287011707237 12.880000114440918 31.420000076293945 AB 7.057897768608121 1.0154175642207792
60675.2194 lsst_hardware_r 13.082155626977501 21.479999542236328 31.5 AB 7.130672706045934 1.0203255584676434
60677.2118 lsst_hardware_i 55.5266503029325 29.389999389648438 31.25 AB 5.576482034945778 1.0192181128815234
60677.2241 lsst_hardware_r 1.84523017263981 21.3700008392334 31.479999542236328 AB 5.6886791912136285 1.0273319030604917
60679.2056 lsst_hardware_u 2.0669356292064758 2.559999942779541 28.399999618530273 AB 2.5536155032918653 1.0188650764563898
60679.2183 lsst_hardware_g 5.918737493631155 12.710000038146973 31.389999389648438 AB 2.674356456759796 1.02705147633749
60681.213 lsst_hardware_r 3.9500685430878884 21.389999389648438 31.479999542236328 AB 7.197226482777362 1.0271847122813518
60681.2262 lsst_hardware_i 0.6963456074137824 29.549999237060547 31.25 AB 7.305391745652698 1.040641741525295
60683.1984 lsst_hardware_z 14.103336465547889 42.209999084472656 30.959999084472656 AB 7.0098277631393655 1.0207991500130138
60683.2124 lsst_hardware_r 25.604450931850494 21.40999984741211 31.479999542236328 AB 8.28771754824966 1.0315483770419975
60685.1856 lsst_hardware_z 16.142240318114418 66.91000366210938 31.719999313354492 AB 7.828533326605966 1.0173532588181908
60687.1746 lsst_hardware_r -44.54650476587409 71.69999694824219 31.65999984741211 AB 6.372852596652301 1.0157289302673334
60687.1882 lsst_hardware_z -33.36973787123404 54.77000045776367 30.979999542236328 AB 6.406451560171472 1.0212196960953464
60689.1751 lsst_hardware_r -53.577024023847635 85.5 31.65999984741211 AB 8.074978635227238 1.0175124288340773
60689.1871 lsst_hardware_y -102.42679977921078 52.95000076293945 30.059999465942383 AB 8.116549738740707 1.024062631320455
60691.1709 lsst_hardware_z 75.76926163358972 75.58000183105469 31.729999542236328 AB 5.2287759033220205 1.0180142912284253
60693.1689 lsst_hardware_r -13.390153569695673 48.599998474121094 31.6299991607666 AB 6.376674003494348 1.0196152867755572
60693.1814 lsst_hardware_i 16.421173422419805 44.380001068115234 31.309999465942383 AB 6.43018867300104 1.0281721574993647
60696.1567 lsst_hardware_z -35.59483385781689 41.349998474121094 30.950000762939453 AB 12.137682955586945 1.0177923739538757
60696.1709 lsst_hardware_r -8.87217417726564 26.84000015258789 31.540000915527344 AB 11.80200125390483 1.02626097860042
60698.1539 lsst_hardware_u -1.5796375709962645 2.5999999046325684 28.43000030517578 AB 7.96958057586661 1.018954216143866
60698.1679 lsst_hardware_g 27.501020314913834 12.75 31.389999389648438 AB 8.929972247007285 1.0283050279635988
60700.1528 lsst_hardware_r 8.142290943003193 21.530000686645508 31.5 AB 7.992111858185158 1.021280014250502
60700.1663 lsst_hardware_z -32.84353717175339 40.5099983215332 30.959999084472656 AB 8.058499645689722 1.0318621766643545
60704.1475 lsst_hardware_g -10.037150301003466 12.90999984741211 31.420000076293945 AB 10.249917811209752 1.0250601184622061
60704.1609 lsst_hardware_r 4.348053140014366 21.610000610351562 31.5 AB 10.353971121856373 1.0377060080535565
60706.1508 lsst_hardware_i -40.38925027738654 29.59000015258789 31.260000228881836 AB 9.394214517484402 1.0327379298607768
60706.1628 lsst_hardware_z -31.13774734285525 40.68000030517578 30.950000762939453 AB 9.499442080545982 1.0469146803191605
60708.1502 lsst_hardware_r -14.273356021729137 21.610000610351562 31.5 AB 7.4561909978691645 1.037960743073598
60708.162 lsst_hardware_u 0.53563053865754 2.740000009536743 28.530000686645508 AB 7.538232159823076 1.0536105329607395
60710.0983 lsst_hardware_i 13.227602696715296 30.35410086726534 31.260000228881836 AB 10.655884508599636 1.0152570810661112
60710.1115 lsst_hardware_z -29.43690488612803 40.71122710807079 30.959999084472656 AB 10.646682052106708 1.0156705643997528
60712.0944 lsst_hardware_g 17.51522523216582 30.806740140094096 31.670000076293945 AB 4.389122813400473 1.015060780157359
60712.1069 lsst_hardware_r -21.188866315694902 33.35819134216507 31.59000015258789 AB 4.392587064397376 1.0158619482880027
60715.0945 lsst_hardware_i -27.304783646043777 49.51256842430841 31.31999969482422 AB 6.079897123381905 1.0151208465129984
60715.1067 lsst_hardware_r -24.899456225224142 57.79591433343054 31.649999618530273 AB 6.113621692303343 1.0185974162451332
60717.0904 lsst_hardware_z 87.71772394460214 114.57848243931215 32.5 AB 1.672720965172122 1.0153086283290573
60721.0862 lsst_hardware_z 138.971596697622 52.47551535582753 30.979999542236328 AB 1.506050848655896 1.016972043434298
60721.0989 lsst_hardware_r 236.7344174025041 62.70282454221242 31.649999618530273 AB 1.5072638464380765 1.0234928789756066
60723.0848 lsst_hardware_u 34.76477768431477 6.7692420759587 28.90999984741211 AB 2.3829535178358987 1.018573848188031
60723.0962 lsst_hardware_g 56.34525856369848 35.254391769738014 31.68000030517578 AB 2.400451226153535 1.025505169776155
60725.0774 lsst_hardware_r 420.5281334707913 30.24345789082089 31.489999771118164 AB 2.962425689003076 1.0177533931127978
60725.0914 lsst_hardware_z 536.270561281778 45.17236773947018 30.950000762939453 AB 3.346533074803112 1.0260193382125025
60728.0798 lsst_hardware_r 915.5650445113557 35.88453504275472 31.489999771118164 AB 5.622619846845435 1.0235041133786174
60728.092 lsst_hardware_u -0.2612047310479371 4.202365794477703 28.479999542236328 AB 6.379009586978173 1.034042727667073
60730.0631 lsst_hardware_u 8.381643726069111 3.7979549634971073 28.559999465942383 AB 8.063459971387257 1.017503387663618
60730.0759 lsst_hardware_g 311.96738029796126 21.804551869351727 31.40999984741211 AB 8.11658355423959 1.0246163188217325
60732.0597 lsst_hardware_r 1389.3781743631623 42.40675126318752 31.489999771118164 AB 6.603616733007616 1.0183432815371054
60732.0708 lsst_hardware_i 1243.4279615970577 46.03014863495983 31.25 AB 6.641587821943579 1.0248836719217498
60734.0619 lsst_hardware_z 1193.9387077026618 52.10132986344119 30.940000534057617 AB 5.702090166231457 1.022490765014607
60734.075 lsst_hardware_r 1511.9048783804 44.35069683426616 31.469999313354492 AB 5.787086793915693 1.0334083560563738
60737.0578 lsst_hardware_u 0.8331474276691067 2.5958621452784243 28.40999984741211 AB 6.433297523802959 1.0253764864141575
60737.0697 lsst_hardware_g 377.514182720144 23.234869385093727 31.3700008392334 AB 6.526934091133761 1.0364874294471738
60739.0491 lsst_hardware_r 3607.8302611690724 68.69841925797003 32.2599983215332 AB 10.946681142500687 1.0230543123832418
60739.063 lsst_hardware_z 2760.172774763171 76.95258020388196 31.700000762939453 AB 11.075986124083183 1.0351388901012322
60741.0426 lsst_hardware_r 1972.3989662785182 54.61214660211625 31.56999969482422 AB 6.61815600951942 1.0223721950853728
60741.0549 lsst_hardware_y 680.991026443129 52.0029290024019 30.040000915527344 AB 6.649106462158682 1.0324165098326197
60743.0414 lsst_hardware_z 1490.8427459594914 59.308972399124585 30.959999084472656 AB 11.226724006352955 1.02536523941485
60743.0541 lsst_hardware_r 1919.623985609608 64.32588557496419 31.6200008392334 AB 11.247983582834177 1.037365717709181
60979.3126 lsst_hardware_g -25.596110615600217 12.75 31.3799991607666 AB 3.626119890019914 1.0553317491326875
60997.3481 lsst_hardware_r -19.73393094844031 23.239999771118164 31.5 AB 3.753697149465575 1.0277062695319266
61004.3553 lsst_hardware_r -9.570250757754394 34.16999816894531 31.579999923706055 AB 5.881080989983553 1.0602591851176744
61006.3425 lsst_hardware_r -2.5981372705474186 22.93000030517578 31.5 AB 4.091968551195592 1.0490433817797622
61006.3547 lsst_hardware_i 19.777956428870585 44.900001525878906 31.299999237060547 AB 4.175226307667372 1.0686527534341879
61009.3351 lsst_hardware_z -18.145588559852214 41.29999923706055 30.950000762939453 AB 6.445241541230916 1.0501697058273272
61009.347 lsst_hardware_i -84.45106173117341 34.029998779296875 31.260000228881836 AB 6.574132408217605 1.0695443180397766
61011.337 lsst_hardware_z 8.674247917736912 42.150001525878906 30.950000762939453 AB 7.040577808660224 1.061607027843722
61011.3489 lsst_hardware_g -2.3869265482374487 23.31999969482422 31.59000015258789 AB 7.1733357476801265 1.0839129265155827
61013.3317 lsst_hardware_y -30.410535966467872 50.7599983215332 30.040000915527344 AB 3.851956703549195 1.0618764172429072
61013.3439 lsst_hardware_r -31.088880338188627 55.189998626708984 31.6200008392334 AB 4.656286721186015 1.0848757505093232
61015.3192 lsst_hardware_r 45.151803312249356 75.4800033569336 31.649999618530273 AB 4.543420623671813 1.0508663406203629
61015.3308 lsst_hardware_i 86.56367978167397 61.150001525878906 31.31999969482422 AB 4.694888776527314 1.0698772350087122
61017.2952 lsst_hardware_z -4.0722213088834485 49.689998626708984 30.969999313354492 AB 5.676864012936301 1.0291942612967677
61017.3073 lsst_hardware_r 5.847320473505812 56.16999816894531 31.639999389648438 AB 5.77532992582225 1.0421647986446165
61022.2761 lsst_hardware_i -31.37147171058832 30.799999237060547 31.260000228881836 AB 10.849477670661457 1.0247440538995474
61022.2895 lsst_hardware_z 25.808470485558967 41.20000076293945 30.950000762939453 AB 10.847353113339404 1.037230169567738
61024.2807 lsst_hardware_r -10.67026867519177 21.649999618530273 31.489999771118164 AB 8.438303435772447 1.033630683108155
61024.2943 lsst_hardware_u 3.431996893054247 2.619999885559082 28.399999618530273 AB 8.677792637447023 1.0503943638843063
61026.2833 lsst_hardware_g -14.474993231193437 12.770000457763672 31.389999389648438 AB 7.3891272802072505 1.042888716729438
61026.2962 lsst_hardware_r -24.246395355036633 21.56999969482422 31.479999542236328 AB 7.071246362966988 1.0618682829097854
61028.2814 lsst_hardware_i 32.781508134504264 29.6200008392334 31.25 AB 4.524605459631853 1.0476048760434946
61028.2941 lsst_hardware_z -85.45352182707498 40.88999938964844 30.950000762939453 AB 5.156970433678909 1.0676957419624156
61032.2295 lsst_hardware_r -7.084781174176677 21.3799991607666 31.489999771118164 AB 6.836300238205936 1.015644070450991
61032.2422 lsst_hardware_u -2.01303286030588 2.640000104904175 28.469999313354492 AB 6.928538315930209 1.020478432274867
61034.2158 lsst_hardware_g -7.7277532171844 12.699999809265137 31.389999389648438 AB 6.776267686959148 1.0148544429766424
61034.2279 lsst_hardware_i 35.985970376804005 29.520000457763672 31.260000228881836 AB 6.731056186971591 1.0166478822361118
61036.2169 lsst_hardware_z -1.3810155862368205 40.20000076293945 30.950000762939453 AB 5.09190532520397 1.0153350598612731
61036.2294 lsst_hardware_r -8.433886953116762 21.309999465942383 31.479999542236328 AB 5.112719346743389 1.0194854131094129
61038.2167 lsst_hardware_y -45.7929085914615 46.470001220703125 30.049999237060547 AB 7.244536304909028 1.0165630119847089
61038.2293 lsst_hardware_g -16.34490351608367 12.760000228881836 31.399999618530273 AB 7.317336881922613 1.0225814040348828
61040.2078 lsst_hardware_z -60.87120912068176 47.54999923706055 30.969999313354492 AB 6.624494443979751 1.0156762534370427
61040.2202 lsst_hardware_r 16.27817258329255 46.95000076293945 31.6299991607666 AB 6.882130699229382 1.0203937528974187
61043.2075 lsst_hardware_r 123.71490589249649 85.0999984741211 31.65999984741211 AB 3.8677724611612065 1.0181921185928062
61043.2197 lsst_hardware_z -56.647796390366764 59.849998474121094 30.989999771118164 AB 3.5039815447017237 1.0254555296171273
