data/validation/pwv_sim_epoch_fit_4/40236122.ecsv
# %ECSV 0.9
# ---
# datatype:
# - {name: time, datatype: float64}
# - {name: band, datatype: string}
# - {name: flux, datatype: float64}
# - {name: fluxerr, datatype: float64}
# - {name: zp, datatype: float64}
# - {name: zpsys, datatype: string}
# - {name: pwv, datatype: float64}
# - {name: airmass, datatype: float64}
# meta: {SNID: '40236122', alt: 1024.0, c: -0.09204630553722382, dec: -22.831406, lat: -30.244573, lon: -70.7499537, ra: 254.53125, t0: 62567.265625,
#   x0: 1.1610705452514153e-05, x1: -1.17484450340271, z: 0.43200957775115967}
# schema: astropy-2.0
time band flux fluxerr zp zpsys pwv airmass
62563.2867 lsst_hardware_i 2341.6831308217857 60.53117183368488 31.149999618530273 AB 10.284936601300778 1.7346344232692812
62563.3098 lsst_hardware_u 5.109703750271425 3.223416908565961 28.079999923706055 AB 8.962837277261995 1.4840363071880116
62568.3195 lsst_hardware_r 4083.362040274168 69.03679239456366 31.469999313354492 AB 12.568453527224563 1.312403779382968
62568.3402 lsst_hardware_u 4.130416148191865 3.968212020841047 28.360000610351562 AB 9.79355344068798 1.2049525933607792
62572.2952 lsst_hardware_r 3521.7359055865863 65.72538495926415 31.459999084472656 AB 10.594864368010764 1.4028287809348912
62572.3175 lsst_hardware_i 2591.6712554098503 61.0135021806222 31.229999542236328 AB 9.587486179333272 1.2618434034394936
62580.328 lsst_hardware_r 2559.8531080791427 101.4033265946341 31.6299991607666 AB 5.406232888773656 1.1277277567973973
62580.3453 lsst_hardware_z 1509.8485603807142 71.69569002259267 30.969999313354492 AB 5.621811083450485 1.0803557267536645
62581.3466 lsst_hardware_z 1324.7147819377928 72.74981337441406 30.979999542236328 AB 6.250113986927745 1.0712950698919146
62581.3652 lsst_hardware_y 477.3384509552898 57.0489721166651 30.059999465942383 AB 6.068677391099871 1.0380461648236057
62595.3786 lsst_hardware_r 689.5344085022075 36.03591336165203 31.520000457763672 AB 8.373006069316153 1.0096575675204122
62595.3976 lsst_hardware_u 23.175816302615175 5.489352508485778 28.510000228881836 AB 8.38011424175049 1.0211349604082807
62597.3659 lsst_hardware_g 137.01388977259813 20.058628837317723 31.489999771118164 AB 18.37860437324614 1.0083821154906352
62597.3846 lsst_hardware_r 612.3414766452869 34.942281081375356 31.530000686645508 AB 19.642587388136093 1.0151513984385108
62599.3448 lsst_hardware_i 1843.0993954087241 61.48758273415587 32.0099983215332 AB 9.36373476388979 1.011384492949392
62599.3634 lsst_hardware_z 1547.1437553236426 69.8566467646767 31.700000762939453 AB 9.337364649521422 1.008699661459616
62602.2391 lsst_hardware_u -0.12449319212592937 3.5445653208121994 28.34000015258789 AB 3.482728963211386 1.243831772575495
62602.2578 lsst_hardware_r 421.44582610762916 32.66622427414949 31.5 AB 4.013259044075649 1.1626456600093618
62603.3332 lsst_hardware_r 424.78097715435354 32.176227396343826 31.540000915527344 AB 6.733836930476104 1.0116942503720108
62603.3523 lsst_hardware_i 812.3856791704006 41.932414881228276 31.270000457763672 AB 6.838293394892103 1.0086722317120884
62605.3323 lsst_hardware_z 678.6611698279479 47.7175373547334 30.959999084472656 AB 7.368083095547308 1.0099028800293284
62605.349 lsst_hardware_i 722.875924580715 41.23137737400929 31.280000686645508 AB 6.778507470063768 1.0090693533235564
62606.263 lsst_hardware_z 962.5393226659318 78.5582026934941 31.719999313354492 AB 10.35026533703339 1.1097100179085868
62607.3036 lsst_hardware_z 972.1220007538569 82.42119877832906 31.739999771118164 AB 17.451464519396616 1.0262146648801351
62608.2399 lsst_hardware_y 244.80178011988255 57.23928032798186 30.020000457763672 AB 15.555916168938928 1.168387875089299
62608.2571 lsst_hardware_r 277.63746328121 92.19787866458691 31.639999389648438 AB 14.998879004075693 1.110973211501335
62613.3414 lsst_hardware_z 699.9236759629729 99.05973536490635 31.75 AB 6.29595411413655 1.0154764700220242
62614.2079 lsst_hardware_r 304.60776866613713 65.08582673282798 31.59000015258789 AB 5.0243806692097 1.2361113668713384
62614.2412 lsst_hardware_i 544.4528191118632 59.05466236557571 31.309999465942383 AB 5.033022501366352 1.1095932467967926
62617.3057 lsst_hardware_r 304.45122905716045 31.46592420071886 31.549999237060547 AB 3.7729893266614667 1.0085510095326027
62617.3232 lsst_hardware_i 471.3100916048051 38.511629045977976 31.270000457763672 AB 3.7845646857116417 1.0113748492013588
62619.3004 lsst_hardware_z 346.9369823265917 44.910003768955725 30.950000762939453 AB 2.9247431795347825 1.008532130874063
62619.3197 lsst_hardware_i 437.7608082137498 36.95927456165824 31.25 AB 2.935693699993695 1.012308172411619
62620.2376 lsst_hardware_u 23.20444250912015 5.0757292341212015 28.389999389648438 AB 11.277224722182538 1.0768931170915332
62620.2585 lsst_hardware_g 69.80665964644801 17.051094454209984 31.450000762939453 AB 11.042554154860484 1.0383707889285332
62626.2828 lsst_hardware_z 251.40603102349496 44.48982223257557 30.950000762939453 AB 9.071858587613006 1.0083951151520627
62626.3021 lsst_hardware_u 12.194009285504922 4.488691390962126 28.510000228881836 AB 8.472921819840156 1.0131135407694563
62627.1509 lsst_hardware_r 169.87004387749096 29.229244218496788 31.459999084472656 AB 4.6936076077396125 1.3608933069049545
62627.1719 lsst_hardware_u 8.18078740957938 4.243740839486165 28.420000076293945 AB 4.074178534438978 1.2386031215360074
62632.2749 lsst_hardware_z 471.78729648229125 62.664764807216486 31.700000762939453 AB 7.9709984748487965 1.0089871487150375
62632.2932 lsst_hardware_g 91.36462065564055 24.762804974883796 32.2400016784668 AB 7.756735884751146 1.0182115889670709
62633.1522 lsst_hardware_z 220.55285892322797 50.086187554239835 30.940000534057617 AB 16.423413009080754 1.2553726741127689
62633.1717 lsst_hardware_r 134.14027408990944 41.80128024713758 31.579999923706055 AB 13.609714022813478 1.1681823715613306
62643.2282 lsst_hardware_i -10.126385370636333 65.83000183105469 32.060001373291016 AB 4.819130546158845 1.0100175798852067
62643.2571 lsst_hardware_z 49.81635151840135 69.01000213623047 31.719999313354492 AB 4.372001384617456 1.013934573090263
62645.196 lsst_hardware_z 10.263707706577366 42.849998474121094 30.959999084472656 AB 8.118773923734517 1.0306936554188664
62645.2212 lsst_hardware_i 12.527564147232084 34.209999084472656 31.280000686645508 AB 7.539315805091485 1.0105644132553429
62647.2044 lsst_hardware_u 1.9653671829248158 2.9000000953674316 28.520000457763672 AB 6.295108050691793 1.0169802989808865
62647.2297 lsst_hardware_g -12.499212335975246 16.049999237060547 31.5 AB 6.053939154496118 1.0084016248015522
62649.1375 lsst_hardware_r -24.27180895724644 25.1200008392334 31.489999771118164 AB 8.05537914090136 1.1345604423804734
62649.161 lsst_hardware_z 32.868239358623576 42.47999954223633 30.950000762939453 AB 7.685773326485649 1.0711879200677328
62651.1915 lsst_hardware_r 7.082669003414774 24.690000534057617 31.520000457763672 AB 12.629854524393458 1.0185366551930208
62651.2146 lsst_hardware_i 13.164183058722546 31.719999313354492 31.270000457763672 AB 12.30237497745246 1.008391391594464
62654.1661 lsst_hardware_r -7.639449778446439 24.709999084472656 31.520000457763672 AB 10.997308900534343 1.0377593602567676
62654.1858 lsst_hardware_g 4.951681263781561 15.9399995803833 31.489999771118164 AB 10.38227322132 1.0165991746904606
62655.1553 lsst_hardware_r 7.372049454180226 24.799999237060547 31.520000457763672 AB 9.565837449343519 1.0504598392338869
62655.1753 lsst_hardware_i 7.394877387954199 31.729999542236328 31.260000228881836 AB 9.716578472895215 1.023336332058452
62673.0812 lsst_hardware_z 9.569068999695885 42.970001220703125 30.950000762939453 AB 3.694395216617545 1.106520469222725
62673.1112 lsst_hardware_i -53.7459977384771 31.940000534057617 31.260000228881836 AB 3.1266924866239973 1.0422308288746658
62675.0465 lsst_hardware_g 6.707724942439805 15.720000267028809 31.420000076293945 AB 3.6358581625733155 1.2119527208577718
62675.0647 lsst_hardware_r 38.4220865878256 24.93000030517578 31.5 AB 3.4217682837750525 1.1405894279250175
62677.1364 lsst_hardware_r 12.881074385995259 24.360000610351562 31.510000228881836 AB 4.020602422976318 1.0096942297780809
62677.1569 lsst_hardware_u -1.7711704265846542 2.7200000286102295 28.399999618530273 AB 3.9586366714753565 1.0103717895547106
62678.0491 lsst_hardware_u 1.1038629626010983 2.7300000190734863 28.360000610351562 AB 4.499274567445238 1.1671774570744073
62678.0694 lsst_hardware_g 5.8753102057427045 15.640000343322754 31.450000762939453 AB 4.231601750929667 1.101405973693406
62679.1206 lsst_hardware_g -2.0890754409934407 15.59000015258789 31.469999313354492 AB 7.913123834541409 1.014503055710437
62679.14 lsst_hardware_r 0.16932710405834106 24.350000381469727 31.510000228881836 AB 8.163413216040066 1.0083267312302453
62680.0456 lsst_hardware_r 4.779166065813368 24.780000686645508 31.489999771118164 AB 8.17274155522272 1.1598299233978684
62680.0652 lsst_hardware_i 43.32028649238248 32.040000915527344 31.25 AB 7.6372634090720455 1.098017886431176
62681.1159 lsst_hardware_i 12.793597001699288 31.43000030517578 31.260000228881836 AB 4.000516853936628 1.0140298729930777
62681.1388 lsst_hardware_z 43.4652041702489 41.349998474121094 30.950000762939453 AB 4.844623146603305 1.0085960749347616
62682.0465 lsst_hardware_z -33.676130479504174 43.36000061035156 30.940000534057617 AB 3.6301395481778647 1.137529039773714
62682.0656 lsst_hardware_r -44.025899420760034 24.709999084472656 31.510000228881836 AB 3.488470427291498 1.0832357388406773
62683.1178 lsst_hardware_r -26.873017442675355 24.229999542236328 31.520000457763672 AB 8.582275245164551 1.0104323117418332
62683.1379 lsst_hardware_g -5.85997055271427 15.40999984741211 31.459999084472656 AB 8.497732109305565 1.0095315841170542
62686.0685 lsst_hardware_g 34.27300768883414 15.449999809265137 31.459999084472656 AB 8.932909513727704 1.054279418591727
62686.0878 lsst_hardware_i 12.756034527397064 31.479999542236328 31.270000457763672 AB 9.053552310671561 1.0263343982623279
62687.0961 lsst_hardware_u -2.652931468158579 2.880000114440918 28.540000915527344 AB 3.7567738483037307 1.0163056535381674
62687.117 lsst_hardware_r 43.304593503763186 24.280000686645508 31.530000686645508 AB 3.6845261451500795 1.0083541721812217
62688.0507 lsst_hardware_r 13.677242517675252 25.510000228881836 31.530000686645508 AB 6.708793172395135 1.0797413904069422
62688.0706 lsst_hardware_z 42.025172550000825 41.849998474121094 30.950000762939453 AB 6.48388948603564 1.0416862869670294
62698.0696 lsst_hardware_y 7.122904214383266 54.790000915527344 30.059999465942383 AB 3.941678353687391 1.0139582894434755
62698.0888 lsst_hardware_r -95.16005138726875 93.51000213623047 31.65999984741211 AB 3.869972449721965 1.008330497582586
62703.0471 lsst_hardware_z -8.381787379655718 41.310001373291016 30.950000762939453 AB 5.817525531520225 1.0206185143017938
62703.0663 lsst_hardware_r 11.545183011699201 24.020000457763672 31.510000228881836 AB 5.753820545713964 1.0094422010024497
62708.9653 lsst_hardware_y -91.3944728720558 58.31999969482422 30.010000228881836 AB 5.124248514717686 1.1639846705650836
62708.9846 lsst_hardware_i 28.73037566439676 32.060001373291016 31.239999771118164 AB 4.797730921507843 1.1018290411485516
62710.034 lsst_hardware_r -32.381614921492364 24.1200008392334 31.510000228881836 AB 4.571131991010914 1.0158071091135363
62710.0522 lsst_hardware_u -4.9544670123527235 2.7699999809265137 28.450000762939453 AB 4.533221756691483 1.0085031716777029
62710.978 lsst_hardware_u -1.1086015652500933 3.0 28.479999542236328 AB 4.88200426032076 1.1049633362351066
62710.9963 lsst_hardware_g -19.021795762599872 15.380000114440918 31.459999084472656 AB 4.703433924969054 1.0617232336273257
62721.015 lsst_hardware_z 36.73916757885196 58.81999969482422 30.989999771118164 AB 3.9373447936391606 1.0100935848227708
62721.0329 lsst_hardware_r 42.148707647088116 70.31999969482422 31.65999984741211 AB 3.903290492844204 1.009210676422702
62731.9875 lsst_hardware_y 0.8233443455292584 47.220001220703125 30.059999465942383 AB 3.028023665838754 1.0093412219462514
62732.0083 lsst_hardware_r -22.991028055064042 24.969999313354492 31.540000915527344 AB 2.3451497361950024 1.0109856600926868
62733.9689 lsst_hardware_y 67.93614354796253 81.12000274658203 30.09000015258789 AB 3.186661172756555 1.0155070658882044
62733.9882 lsst_hardware_g 3.7486922991007368 16.450000762939453 31.510000228881836 AB 3.246975702797813 1.008377547452737
62736.9699 lsst_hardware_z -120.86637699141833 59.060001373291016 30.989999771118164 AB 2.6163650519762913 1.0106022668334727
62736.9885 lsst_hardware_i -101.476640287937 32.2599983215332 31.270000457763672 AB 2.6115878525055263 1.0090493344731248
62937.2968 lsst_hardware_r 41.84640864976145 83.80999755859375 31.56999969482422 AB 10.48432375668208 1.3961413884655542
62937.3172 lsst_hardware_y -79.03736385578064 55.529998779296875 29.989999771118164 AB 9.603965281654675 1.2671810636831609
62941.3065 lsst_hardware_i 81.60605607563228 49.59000015258789 31.270000457763672 AB 9.76562050130672 1.2660016854716216
62941.3272 lsst_hardware_z 28.54782788386447 51.88999938964844 30.959999084472656 AB 9.121738831259401 1.1713308290541768
62947.3909 lsst_hardware_i 8.397865724968325 32.25 31.280000686645508 AB 5.8720249831138664 1.0118511149983376
62947.4098 lsst_hardware_y 1.5983957760323015 67.22000122070312 30.079999923706055 AB 5.8311985076490815 1.008596126895935
62951.3291 lsst_hardware_i -54.58142403282572 32.279998779296875 31.260000228881836 AB 6.849289981733062 1.0815806898199205
62951.3463 lsst_hardware_y 37.75182092661911 47.38999938964844 30.049999237060547 AB 7.8541447013523396 1.0472192935136453
62953.3845 lsst_hardware_r 9.445087758465439 24.860000610351562 31.540000915527344 AB 7.447553234035178 1.0086979549483135
62953.4041 lsst_hardware_y -50.33936618891182 49.36000061035156 30.06999969482422 AB 7.5475284250867025 1.0118460630213433
62955.3814 lsst_hardware_g 12.279887848578502 16.079999923706055 31.510000228881836 AB 7.353414866099697 1.0084222251919353
62955.3994 lsst_hardware_y 21.676728281875103 47.599998474121094 30.059999465942383 AB 7.471521772949344 1.0122184482861285
62956.2528 lsst_hardware_u 8.579219906197388 2.690000057220459 28.270000457763672 AB 6.067642901771589 1.341434345165908
62956.2705 lsst_hardware_r -23.85346118976277 25.350000381469727 31.479999542236328 AB 5.6824730061001985 1.2405114896251046
62959.362 lsst_hardware_z -2.944310149752893 41.34000015258789 30.950000762939453 AB 5.872911981581033 1.0102486206848331
62959.3796 lsst_hardware_r 24.33020038018228 24.420000076293945 31.520000457763672 AB 6.249988736420063 1.0090391889602943
62960.25 lsst_hardware_r 36.941681066905254 55.63999938964844 31.56999969482422 AB 8.137536625364639 1.2916724802166095
62960.2689 lsst_hardware_z 40.50489778397646 50.65999984741211 30.950000762939453 AB 7.770776956825292 1.1975307376830804
62963.3434 lsst_hardware_i -74.26467333276982 69.13999938964844 31.34000015258789 AB 8.279375408310814 1.013914877177334
62963.3626 lsst_hardware_z 41.40017122206926 62.18000030517578 30.989999771118164 AB 8.221928585239304 1.0083307070443102
62967.3507 lsst_hardware_r 112.9506824683555 104.72000122070312 31.670000076293945 AB 4.2215321209683285 1.0083277359000784
62967.3675 lsst_hardware_i -48.044729840935446 87.29000091552734 31.350000381469727 AB 4.252846672377639 1.0126629111146057
62968.2625 lsst_hardware_z -25.548161383790692 68.94999694824219 30.979999542236328 AB 6.605252796429256 1.138836689039527
62968.282 lsst_hardware_r -81.49194803997943 86.4000015258789 31.649999618530273 AB 6.427801970813793 1.0832157011820238
62969.3291 lsst_hardware_i 18.013257388686142 54.400001525878906 31.329999923706055 AB 12.347049524214395 1.0127311608219487
62969.3464 lsst_hardware_z 61.41052187039084 54.209999084472656 30.979999542236328 AB 11.700715022225541 1.0083346279063405
62971.3343 lsst_hardware_r 62.43025285500705 31.06999969482422 31.579999923706055 AB 9.942255465515524 1.0088795216028335
62971.3514 lsst_hardware_g 5.408280919819261 25.40999984741211 31.6299991607666 AB 9.921661638704649 1.0103525090330598
62974.3187 lsst_hardware_r 24.979528321342308 24.309999465942383 31.540000915527344 AB 13.023389412378634 1.0111654294493455
62974.3374 lsst_hardware_i 74.6150334151951 31.489999771118164 31.280000686645508 AB 12.924111427523938 1.0087964324156702
62976.3197 lsst_hardware_z 27.08353735149862 41.41999816894531 30.959999084472656 AB 3.5460516225925343 1.009073262298089
62976.3374 lsst_hardware_i 0.05267523434430968 31.350000381469727 31.270000457763672 AB 4.514203798556803 1.0102279956489015
