data/validation/pwv_sim_epoch_fit_4/40307854.ecsv
# %ECSV 0.9
# ---
# datatype:
# - {name: time, datatype: float64}
# - {name: band, datatype: string}
# - {name: flux, datatype: float64}
# - {name: fluxerr, datatype: float64}
# - {name: zp, datatype: float64}
# - {name: zpsys, datatype: string}
# - {name: pwv, datatype: float64}
# - {name: airmass, datatype: float64}
# meta: {SNID: '40307854', alt: 1024.0, c: 0.04766163229942322, dec: -4.031936, lat: -30.244573, lon: -70.7499537, ra: 59.0625, t0: 59842.1015625,
#   x0: 2.2856171181660863e-05, x1: 1.0746904611587524, z: 0.32404762506484985}
# schema: astropy-2.0
time band flux fluxerr zp zpsys pwv airmass
59843.3748 lsst_hardware_z 3706.318947449243 73.29562968374428 30.950000762939453 AB 2.665443738557385 1.119463980915359
59843.3939 lsst_hardware_y 981.5848247623403 59.50057064606556 30.020000457763672 AB 3.3930795783206573 1.1389995227662495
59845.3389 lsst_hardware_i 5708.8039873418475 81.24479342178613 31.239999771118164 AB 1.958114394983619 1.121057859723446
59845.3585 lsst_hardware_u 28.523803647074757 5.883374509606891 28.40999984741211 AB 1.9822335594650156 1.115494406001697
59851.3071 lsst_hardware_i 5253.910575993127 78.0714533245322 31.239999771118164 AB 6.809827882116739 1.1372299787828724
59851.3258 lsst_hardware_r 5876.747086949181 79.97315548170211 31.489999771118164 AB 6.63003088510604 1.118976816377723
59854.2777 lsst_hardware_u 16.923096980255018 4.395792301851698 28.450000762939453 AB 4.325856959972197 1.177985420375028
59854.3074 lsst_hardware_g 2377.8214749194217 50.67342121865376 31.40999984741211 AB 3.5939173333261003 1.1270025870832467
59857.3328 lsst_hardware_r 4604.643457528134 70.95635352630447 31.489999771118164 AB 7.739765735441997 1.1175077766517545
59857.3523 lsst_hardware_i 4170.920252432995 71.61940002552416 31.239999771118164 AB 8.620984298320362 1.1343400392526792
59861.3278 lsst_hardware_z 4415.857569365549 117.13350390588222 31.729999542236328 AB 3.0549630066292672 1.1208474051289083
59863.3235 lsst_hardware_r 3408.8072449894175 132.20437949790272 31.639999389648438 AB 5.061580323729557 1.1216798501339738
59863.3414 lsst_hardware_z 2181.533020025171 93.17591324672378 30.979999542236328 AB 4.9307465422035905 1.14216968779328
59866.2915 lsst_hardware_i 3324.695352570864 85.06793539167793 31.309999465942383 AB 6.413862643054037 1.1161823176948509
59866.3098 lsst_hardware_r 3033.701634983975 92.3440837982108 31.6299991607666 AB 5.636328767122848 1.1182452418073237
59868.2876 lsst_hardware_z 2034.2798921398169 64.79967361861237 30.959999084472656 AB 8.125265333185132 1.1158013366087793
59868.305 lsst_hardware_g 967.0070377886665 50.89211067699947 31.670000076293945 AB 7.830855980693332 1.1185871794152606
59870.2925 lsst_hardware_r 2158.107221479402 53.016263571025036 31.530000686645508 AB 6.91711459420216 1.1159036235001003
59870.3095 lsst_hardware_i 2788.33124067137 63.02310548011112 31.260000228881836 AB 6.876427505180382 1.1260525390579228
59872.2817 lsst_hardware_z 2001.532693640623 61.531578784247884 30.950000762939453 AB 1.3361055194347788 1.1152800663061593
59872.2991 lsst_hardware_r 1773.9144003604158 48.49183965410599 31.5 AB 1.4056238959660294 1.1218067805001803
59878.2815 lsst_hardware_r 1382.8618300492228 43.46225598304821 31.5 AB 1.5692918927705184 1.1209227805503703
59878.2973 lsst_hardware_u 3.421806903264501 3.083331058495839 28.469999313354492 AB 1.570505751585706 1.1374981300717328
59880.2502 lsst_hardware_u 1.113391627124603 3.146234385255098 28.520000457763672 AB 2.485569911527664 1.117235604687117
59880.2682 lsst_hardware_g 325.1281623839659 22.864513432924273 31.440000534057617 AB 2.502717062056516 1.1167858375977313
59882.2039 lsst_hardware_r 1171.747454536201 41.057921152559864 31.5 AB 6.1049871427267 1.171632639980722
59882.22 lsst_hardware_i 2218.836363313829 55.831066323089374 31.260000228881836 AB 6.028089454421017 1.1408193517069645
59884.24 lsst_hardware_i 1886.9559624702476 54.87535494993166 31.260000228881836 AB 5.474178076641117 1.1169512500798033
59884.2591 lsst_hardware_z 1677.1399095493089 58.29706416807371 30.950000762939453 AB 5.602821428034819 1.1175097589325482
59886.2386 lsst_hardware_i 1728.7174211329445 59.36778678814189 31.290000915527344 AB 5.125560234608014 1.1157682143363632
59886.2586 lsst_hardware_z 1582.0186693212456 60.04616280005304 30.959999084472656 AB 5.939061050123882 1.1202076767339082
59895.2348 lsst_hardware_g 205.81615093247123 72.04953747882065 31.690000534057617 AB 7.733906427680274 1.1207206512760566
59895.2521 lsst_hardware_r 713.1894353910386 75.98109527619128 31.6200008392334 AB 4.670880254464852 1.139239086454842
59897.2344 lsst_hardware_i 1254.8577497683898 54.88471703822234 31.290000915527344 AB 8.17466614228761 1.1247476805568122
59897.2529 lsst_hardware_r 750.7563519919732 52.60798733665844 31.600000381469727 AB 6.539836424562153 1.1493561378843853
59900.2223 lsst_hardware_z 833.2302249455715 51.04122934094591 30.940000534057617 AB 6.187333756154055 1.1215371903238904
59900.242 lsst_hardware_u -10.711348836735716 3.361628247585861 28.329999923706055 AB 6.253744050732678 1.144745387283622
59902.2172 lsst_hardware_g 149.35464499488398 19.778709700643958 31.399999618530273 AB 5.949490517326765 1.1218045662914615
59902.2386 lsst_hardware_r 543.0524348917579 33.73439264759931 31.469999313354492 AB 6.087950979648208 1.1482186523501756
59904.2186 lsst_hardware_i 1038.0597811146085 44.646272195641515 31.239999771118164 AB 3.7196590465068495 1.1279954653175506
59904.2385 lsst_hardware_z 749.2333710011101 50.77645008878902 30.940000534057617 AB 3.8084793486437407 1.1582379285245945
59906.2169 lsst_hardware_i 868.4040300688848 44.29736904619714 31.239999771118164 AB 7.008834016215041 1.1322833628779978
59906.2367 lsst_hardware_u -0.5197298436177881 3.0111431354190454 28.350000381469727 AB 7.168458701890856 1.1659190081687485
59910.189 lsst_hardware_r 40.18236089897838 23.549999237060547 31.489999771118164 AB 4.007229054177323 1.1179065128471681
59910.2082 lsst_hardware_i -22.985320721806474 31.639999389648438 31.239999771118164 AB 4.0561592129289945 1.1351191827228306
59912.1968 lsst_hardware_z -18.26306765022181 60.13999938964844 31.700000762939453 AB 4.918621995011398 1.1280380693397136
59916.1897 lsst_hardware_i 55.17593582421278 52.08000183105469 31.299999237060547 AB 7.2370095851097895 1.1324076949397404
59916.2089 lsst_hardware_z 111.28341398599954 53.900001525878906 30.959999084472656 AB 7.3370236504476924 1.1648333296783777
59918.1721 lsst_hardware_i 54.91363596208746 76.51000213623047 31.31999969482422 AB 2.684362819790052 1.1207805517372613
59918.1878 lsst_hardware_z -127.91565277517078 69.08999633789062 30.979999542236328 AB 2.824227393041219 1.1370819901521472
59920.1847 lsst_hardware_z -31.447362545970286 87.12000274658203 30.989999771118164 AB 4.579515755248906 1.1405069953301277
59920.204 lsst_hardware_r -60.28075007004827 130.0800018310547 31.6299991607666 AB 4.799896139189137 1.1788529199808389
59924.1656 lsst_hardware_z -43.52991474733867 78.37999725341797 31.719999313354492 AB 10.818326888743053 1.1297432157488547
59927.1528 lsst_hardware_g -196.9816797369677 92.0 31.690000534057617 AB 8.074003127697232 1.1250222075030107
59927.1702 lsst_hardware_r -75.64131149676162 87.58999633789062 31.6299991607666 AB 8.724543476544428 1.1479662469137406
59929.1501 lsst_hardware_i -1.9345655038615108 90.93000030517578 31.329999923706055 AB 11.499078125821592 1.1277348112170003
59929.1695 lsst_hardware_z -170.8818306901901 107.56999969482422 30.989999771118164 AB 11.909316886151723 1.1567594056315198
59931.106 lsst_hardware_i 75.62820047611521 91.05999755859375 31.329999923706055 AB 4.454836029595116 1.1197744523487116
59931.1265 lsst_hardware_u 25.162873774244602 28.280000686645508 29.450000762939453 AB 3.330851609264433 1.1160189672250809
59933.1141 lsst_hardware_g -23.455770556829677 92.66000366210938 31.709999084472656 AB 3.7519941455133914 1.1152818862066063
59933.1343 lsst_hardware_r -61.14694095385003 88.12999725341797 31.639999389648438 AB 3.420329542112023 1.1231687191895652
59935.0868 lsst_hardware_r 20.593425607117585 87.97000122070312 31.639999389648438 AB 4.473422159167073 1.1264282757681063
59935.1072 lsst_hardware_i 112.68480505806896 90.94999694824219 31.329999923706055 AB 4.547796414226506 1.1153849936786095
59939.0877 lsst_hardware_g 95.4049018638408 92.22000122070312 31.700000762939453 AB 8.449448024082276 1.1178366825311428
59939.1079 lsst_hardware_r 42.03826308221167 87.91999816894531 31.6299991607666 AB 8.399398565606496 1.1170650868588936
59942.08 lsst_hardware_i -149.8137201496481 91.13999938964844 31.329999923706055 AB 9.27393117470625 1.1176104090994148
59942.1021 lsst_hardware_z -108.30104835621744 107.95999908447266 31.0 AB 8.385948507240586 1.1181264676320781
59944.0852 lsst_hardware_i 48.906178984803816 91.0199966430664 31.329999923706055 AB 8.334609579655595 1.1152590345105
59944.1058 lsst_hardware_z -6.1377171402103645 107.88999938964844 31.0 AB 8.420448839585335 1.1244882101405052
59946.0826 lsst_hardware_z -43.61646621387879 107.76000213623047 30.989999771118164 AB 7.686204964787478 1.1154515719022076
59946.1045 lsst_hardware_r -80.14385291656389 87.80000305175781 31.6299991607666 AB 5.677980545183901 1.1285987964984896
59948.0473 lsst_hardware_y -202.76646254922983 113.0 30.040000915527344 AB 2.532283466441603 1.130736086823665
59948.0701 lsst_hardware_i 31.995717767340007 90.81999969482422 31.31999969482422 AB 2.501177198846742 1.115600891546272
59950.0576 lsst_hardware_z -42.56270727556602 152.2100067138672 31.739999771118164 AB 10.893952351259626 1.1178634920570147
59952.048 lsst_hardware_y -1.1576260721891733 113.69000244140625 30.049999237060547 AB 9.386336584231975 1.1201881533827074
59952.0699 lsst_hardware_r -176.1586758068814 88.16999816894531 31.639999389648438 AB 9.228006098424084 1.1162122953127198
59954.0448 lsst_hardware_y -20.087919546863034 113.5199966430664 30.049999237060547 AB 10.088079867503522 1.1188258633090766
59954.0668 lsst_hardware_z 111.44906046396115 107.7699966430664 30.989999771118164 AB 10.098846275276442 1.1170054502020161
59958.0403 lsst_hardware_y -185.0192280458333 113.76000213623047 30.059999465942383 AB 7.031797295397845 1.1161583008568008
59958.0605 lsst_hardware_r 24.919323782307103 88.08999633789062 31.639999389648438 AB 7.320180958428289 1.1192509397084651
60187.3898 lsst_hardware_z 113.22942645895435 107.69999694824219 30.989999771118164 AB 5.4378907830752965 1.1334842695310674
60187.4078 lsst_hardware_y 87.90589398680461 113.72000122070312 30.049999237060547 AB 5.332877699549553 1.1179060598233503
60192.3391 lsst_hardware_i -158.78041500738792 90.18000030517578 31.309999465942383 AB 1.4842135168374355 1.215074512351564
60192.3555 lsst_hardware_y 0.8236892039445779 112.73999786376953 30.040000915527344 AB 1.4288003075743572 1.1699490747794123
60195.3557 lsst_hardware_i 68.2124914496852 90.73999786376953 31.31999969482422 AB 3.3947534381291464 1.1525871790842996
60195.3647 lsst_hardware_y 67.75462966003761 113.41000366210938 30.049999237060547 AB 3.402222105580568 1.1378669249433337
60196.3774 lsst_hardware_u -16.428725387182382 28.170000076293945 29.440000534057617 AB 4.024943540319237 1.1213884628597162
60196.396 lsst_hardware_z -131.1486669681988 107.83000183105469 30.989999771118164 AB 4.002536789297477 1.1153787903852521
60199.381 lsst_hardware_r -64.03688884163648 87.91999816894531 31.6299991607666 AB 3.4455949189858424 1.1158616890978061
60199.3994 lsst_hardware_y 58.50061698630079 113.37000274658203 30.049999237060547 AB 3.464010703296697 1.1191074854501497
60201.3785 lsst_hardware_z -25.754879222095916 107.95999908447266 31.0 AB 1.3509472347752567 1.115409853949572
60201.3954 lsst_hardware_y -41.79108079052238 113.79000091552734 30.059999465942383 AB 1.3620909758309225 1.1199870981204385
60206.3467 lsst_hardware_i -72.88809364796455 90.98999786376953 31.329999923706055 AB 6.066412110812858 1.1241035412249285
60206.3665 lsst_hardware_y -112.06489590654566 113.72000122070312 30.049999237060547 AB 5.864723114225856 1.1153197681570566
60209.3651 lsst_hardware_r -136.31906096255616 87.9000015258789 31.6299991607666 AB 1.7378754242662244 1.1161691870688661
60209.3869 lsst_hardware_i 28.4273906650106 90.62999725341797 31.31999969482422 AB 1.5853156002175164 1.1323682858696547
60211.3012 lsst_hardware_z -82.89966388921835 107.31999969482422 30.979999542236328 AB 5.125222674019835 1.1756670825270588
60211.3177 lsst_hardware_u 10.397632835990196 27.729999542236328 29.399999618530273 AB 5.074122945677543 1.1428419329968742
60215.3014 lsst_hardware_z -63.848956897795794 107.55999755859375 30.989999771118164 AB 4.316277716744964 1.1520314190601075
60215.3206 lsst_hardware_r 144.83361268124207 87.97000122070312 31.639999389648438 AB 4.221905842963727 1.1254914052420295
60221.2949 lsst_hardware_i 14.05258932324457 90.68000030517578 31.31999969482422 AB 3.0300178055420854 1.1362211701668465
60221.318 lsst_hardware_z -165.20784247240863 107.69999694824219 30.989999771118164 AB 2.991307388607433 1.116680313059367
60223.3363 lsst_hardware_g 103.27230000529353 92.30000305175781 31.700000762939453 AB 7.007592952298634 1.1206172098557656
60223.3567 lsst_hardware_r -43.29163312284103 87.76000213623047 31.6299991607666 AB 7.059569425579206 1.1437131511671457
60226.2714 lsst_hardware_i 101.84840492831034 90.54000091552734 31.31999969482422 AB 2.962873754109907 1.1519726882231365
60226.2895 lsst_hardware_r -96.29912653754653 87.87999725341797 31.6299991607666 AB 2.9022953541760215 1.126521679716401
60232.2554 lsst_hardware_i 11.748409837588621 90.68000030517578 31.31999969482422 AB 7.290640553147831 1.1512749583874577
60232.2771 lsst_hardware_z 42.284969957150636 107.76000213623047 30.989999771118164 AB 7.131771265157798 1.1229367446319214
60236.3015 lsst_hardware_i 32.883066581353475 91.02999877929688 31.329999923706055 AB 4.260155021390512 1.1210934266817136
60236.3193 lsst_hardware_u 0.22355830413900502 28.079999923706055 29.43000030517578 AB 4.334805053349624 1.1407381719341116
60238.2818 lsst_hardware_g -66.70805457529137 92.63999938964844 31.709999084472656 AB 2.2132658143338615 1.1154168145818202
60238.3004 lsst_hardware_r -149.06002389584063 88.04000091552734 31.639999389648438 AB 2.6051084600233567 1.1245881545535248
60242.2853 lsst_hardware_z -147.5707405409143 152.3000030517578 31.739999771118164 AB 4.260641737860757 1.1212215099633571
60244.2791 lsst_hardware_r 35.90436171154067 87.94000244140625 31.6299991607666 AB 3.689174089156068 1.1207050040472433
60244.2965 lsst_hardware_i -35.75862628276422 90.66999816894531 31.31999969482422 AB 3.5942351209284267 1.1393090168565094
60246.2477 lsst_hardware_i 65.17721519699802 90.9000015258789 31.31999969482422 AB 3.6677051063829142 1.1174646137357176
60246.2641 lsst_hardware_z 174.02953334893786 107.79000091552734 30.989999771118164 AB 2.9180398259122033 1.1161697663823293
60248.2508 lsst_hardware_i -161.74559808976153 90.8499984741211 31.31999969482422 AB 4.23836122005065 1.1153582158028026
60248.2682 lsst_hardware_z -39.11017416547773 107.58000183105469 30.989999771118164 AB 4.258727721645748 1.1207178214857232
60250.198 lsst_hardware_z 11.633944824239437 107.4800033569336 30.989999771118164 AB 4.108231174154135 1.1680236474955639
60250.216 lsst_hardware_g 106.61394338469282 92.22000122070312 31.700000762939453 AB 4.997137519843985 1.1358421456629129
60260.2366 lsst_hardware_r -87.84082523480733 87.83000183105469 31.6299991607666 AB 7.670384503648743 1.1215378828291083
60260.2538 lsst_hardware_i 64.05354562181763 90.61000061035156 31.31999969482422 AB 4.677160963144239 1.1407709666205461
60273.1844 lsst_hardware_y 72.67581582128155 113.44999694824219 30.049999237060547 AB 6.592205256865915 1.1153065514661484
60273.2033 lsst_hardware_r -167.9738745959045 87.9000015258789 31.6299991607666 AB 6.637459781401787 1.1232480239292264
60275.1892 lsst_hardware_i -22.126770940688665 90.66999816894531 31.31999969482422 AB 4.05263010084084 1.1177099795470025
60275.209 lsst_hardware_z 121.92045412217917 107.47000122070312 30.989999771118164 AB 4.293393442574613 1.135292772545677
60277.1449 lsst_hardware_r 187.02077722510037 87.94000244140625 31.6299991607666 AB 5.750402742526305 1.132452045004688
60277.1645 lsst_hardware_z -40.04643198693976 107.73999786376953 30.989999771118164 AB 5.64323264297003 1.1168820377958895
60279.1888 lsst_hardware_r 26.222392443429666 87.97000122070312 31.639999389648438 AB 8.696489561311527 1.124885469061076
60279.2065 lsst_hardware_i 39.6485887472448 90.7300033569336 31.31999969482422 AB 8.900521245503091 1.1481950844006954
60281.1849 lsst_hardware_z 33.24989657817671 107.7300033569336 30.989999771118164 AB 7.194744506529485 1.1263637929229577
60281.203 lsst_hardware_i -61.71068945067754 90.51000213623047 31.31999969482422 AB 7.358557757836412 1.151690461281745
60291.1559 lsst_hardware_i 168.7193110738146 90.72000122070312 31.31999969482422 AB 11.63430976871869 1.1247580460550108
60291.1744 lsst_hardware_z -58.417575306747395 107.45999908447266 30.989999771118164 AB 12.747107814818055 1.149354515642407
60292.153 lsst_hardware_r -11.614845635056 23.360000610351562 31.489999771118164 AB 8.005217081164533 1.1246046543973849
60292.17 lsst_hardware_g -17.785768661233423 14.279999732971191 31.399999618530273 AB 8.713186972377603 1.1464719700496846
60296.1054 lsst_hardware_z 31.829502949160165 42.630001068115234 30.940000534057617 AB 4.406030078077764 1.1206519910332151
60296.1238 lsst_hardware_i 7.455789940253284 32.060001373291016 31.25 AB 4.469181265596874 1.1154362559723094
60300.0829 lsst_hardware_r 11.066464666950088 64.8499984741211 31.6299991607666 AB 6.14994109956237 1.1314745062362637
60300.1019 lsst_hardware_z -26.196343210776934 55.83000183105469 30.969999313354492 AB 4.528260298089298 1.1168021123203815
60302.0821 lsst_hardware_y 91.00250047388805 57.349998474121094 30.030000686645508 AB 7.237293832709908 1.1263978365349654
60302.1025 lsst_hardware_r -321.545974804412 92.61000061035156 31.639999389648438 AB 6.913320177063231 1.1154114516074913
60305.0798 lsst_hardware_i 52.02837289682333 81.81999969482422 31.31999969482422 AB 7.071908383946544 1.121368173146371
60305.0982 lsst_hardware_z 54.11138035843671 71.7300033569336 30.979999542236328 AB 5.623560825080119 1.115343281451897
60307.0794 lsst_hardware_r -47.856631347405 48.77000045776367 31.610000610351562 AB 9.248018737402164 1.1182610323339979
60307.1006 lsst_hardware_g -3.8943746135564075 54.34000015258789 31.690000534057617 AB 8.378815342231112 1.1171753789641483
60309.0801 lsst_hardware_r 19.94422943620657 32.79999923706055 32.22999954223633 AB 8.390224791777653 1.1159687153772095
60309.1018 lsst_hardware_i -32.877282264473436 44.279998779296875 31.989999771118164 AB 8.35418841358003 1.1208034095026034
60311.0784 lsst_hardware_z 8.49663117519001 42.119998931884766 30.940000534057617 AB 7.627619586414658 1.115366482708323
60311.0994 lsst_hardware_i -34.84403160339847 31.040000915527344 31.239999771118164 AB 5.712173413118232 1.123117069036223
60313.0484 lsst_hardware_y -20.394658723903838 50.34000015258789 30.010000228881836 AB 2.524248691222045 1.1303027834868666
60313.0706 lsst_hardware_u -0.10387191966366113 2.700000047683716 28.399999618530273 AB 2.4843162036026243 1.115669115797743
60317.0584 lsst_hardware_z 14.18845997948179 61.52000045776367 31.700000762939453 AB 8.98743517070158 1.1159317300265814
60319.0487 lsst_hardware_y -26.593544054349938 50.7599983215332 30.030000686645508 AB 10.082207489523327 1.1173071725673207
60319.0724 lsst_hardware_g -3.7568554093963678 14.199999809265137 31.40999984741211 AB 10.140369995526953 1.1194520694233971
60321.0414 lsst_hardware_y 42.75177561506764 60.02000045776367 30.040000915527344 AB 5.659669527975503 1.1181434694716175
60321.0624 lsst_hardware_i -6.4407193826891 31.219999313354492 31.239999771118164 AB 4.213173952879445 1.1171823540946488
60323.0393 lsst_hardware_y 87.99398008007907 63.47999954223633 30.040000915527344 AB 7.035361871170869 1.1167241065350586
60323.0579 lsst_hardware_i 13.75231202248394 31.469999313354492 31.25 AB 7.39080015444738 1.1175886722620096
60325.0406 lsst_hardware_y 139.42528237720205 59.720001220703125 30.030000686645508 AB 3.3605898708167623 1.1153325344968097
60325.0599 lsst_hardware_g -19.825694481273224 17.3700008392334 31.469999313354492 AB 3.780079336501589 1.1221014728019494
