data/validation/pwv_sim_epoch_fit_4/40396492.ecsv
# %ECSV 0.9
# ---
# datatype:
# - {name: time, datatype: float64}
# - {name: band, datatype: string}
# - {name: flux, datatype: float64}
# - {name: fluxerr, datatype: float64}
# - {name: zp, datatype: float64}
# - {name: zpsys, datatype: string}
# - {name: pwv, datatype: float64}
# - {name: airmass, datatype: float64}
# meta: {SNID: '40396492', alt: 1024.0, c: 0.022904900833964348, dec: -25.613083, lat: -30.244573, lon: -70.7499537, ra: 312.363281, t0: 61144.296875,
#   x0: 5.866976031964982e-06, x1: 0.8257449865341187, z: 0.5743421316146851}
# schema: astropy-2.0
time band flux fluxerr zp zpsys pwv airmass
61153.3371 lsst_hardware_r 1570.5917940323204 47.101982283180874 31.459999084472656 AB 7.904155828252831 1.4082082984044964
61153.3566 lsst_hardware_i 1447.6886046536663 51.23234762772106 31.229999542236328 AB 7.185376141850377 1.2813867395185694
61157.337 lsst_hardware_u 2.8953683359965185 2.786339350894201 28.290000915527344 AB 2.9453510598756 1.3331401900462885
61157.357 lsst_hardware_g 189.78546009819817 21.29355289509343 31.43000030517578 AB 2.7046074797462207 1.2234352290768853
61159.3411 lsst_hardware_r 1228.4133978305329 72.33025318465234 31.579999923706055 AB 14.439072407614304 1.2765137391065866
61159.3587 lsst_hardware_i 1287.0187701284137 61.244622493677355 31.280000686645508 AB 13.653686810210134 1.1916291508299994
61161.3488 lsst_hardware_z 2173.4506245147527 95.65531328727512 31.719999313354492 AB 10.77736162176535 1.2109395080635224
61163.3576 lsst_hardware_z 978.6549743553106 68.83545542976523 30.969999313354492 AB 13.178145979482341 1.1533472763418817
61163.3764 lsst_hardware_r 1287.804675645274 88.99686833360914 31.639999389648438 AB 12.211531226659606 1.0948772767477233
61166.342 lsst_hardware_i 1028.8472972107063 74.53991488497388 31.309999465942383 AB 3.6088711657726633 1.181686694751978
61166.3604 lsst_hardware_z 876.3891879031287 65.72558366713737 30.979999542236328 AB 3.424332158519755 1.1169942889593634
61170.3435 lsst_hardware_g 64.16724775384743 38.052038510144946 31.649999618530273 AB 7.821384756527762 1.1359760969031631
61170.3636 lsst_hardware_r 646.8839179248629 48.48767861003457 31.610000610351562 AB 7.353393949333439 1.079067286970361
61175.2867 lsst_hardware_g 38.41675007465543 16.855240982459605 31.3700008392334 AB 9.54838283412343 1.3405942905051909
61175.3093 lsst_hardware_r 391.37219589555525 32.20751409542015 31.479999542236328 AB 8.834041855810334 1.2167543073059548
61178.3466 lsst_hardware_z 589.605897183832 49.10618929208095 30.950000762939453 AB 7.484079159155325 1.068111485334125
61178.3667 lsst_hardware_r 384.4856311826206 30.677278930530775 31.530000686645508 AB 7.253252501375064 1.0325649514378263
61182.2343 lsst_hardware_g 30.337672875347298 16.137914351947938 31.280000686645508 AB 7.754554828345974 1.6257496408007566
61182.254 lsst_hardware_i 339.7623718729966 39.638512650487186 31.200000762939453 AB 6.150285615271454 1.4388035360806595
61185.2289 lsst_hardware_z 564.785490661647 56.87788726604946 30.899999618530273 AB 8.862696940544117 1.5953492632684423
61185.2496 lsst_hardware_r 289.72586999642 38.33823641384287 31.510000228881836 AB 7.7873544447659295 1.4092633590286443
61187.2552 lsst_hardware_y 187.91671523458024 54.01342692762036 29.950000762939453 AB 4.663753302169747 1.3325009434770705
61187.2737 lsst_hardware_r 328.6076604612723 55.2578646506178 31.579999923706055 AB 4.3052436626623045 1.2300696179035155
61194.2027 lsst_hardware_z 497.16654325904005 92.26759467031015 30.93000030517578 AB 15.424414463639687 1.6129263268471912
61194.2321 lsst_hardware_r 224.17479940796585 118.40037176104774 31.579999923706055 AB 12.703160158961659 1.3586751925874352
61196.2552 lsst_hardware_z 772.5334860305026 113.16260140489943 31.719999313354492 AB 7.4438958290077215 1.2022928240452866
61196.2763 lsst_hardware_r 304.5884559023266 141.97316310159204 32.38999938964844 AB 6.955705365497465 1.1237608970053528
61220.1401 lsst_hardware_z 217.62499371132492 92.47952764160766 30.93000030517578 AB 7.469535185514263 1.5275123078761272
61220.1543 lsst_hardware_r 40.864641650429895 134.88458782926617 31.559999465942383 AB 6.8221528805983205 1.4073549005875854
61223.1546 lsst_hardware_z 40.49187425924615 155.0399932861328 31.709999084472656 AB 11.849934119966385 1.3475021742059292
61225.1486 lsst_hardware_r -60.180933862298964 94.62000274658203 31.579999923706055 AB 11.870879766888649 1.3510746640362667
61225.1678 lsst_hardware_i -32.44034768299604 78.02999877929688 31.299999237060547 AB 9.51943558838622 1.2405732676733947
61231.1518 lsst_hardware_z 94.59664862358154 44.93000030517578 30.93000030517578 AB 11.186414240899348 1.2386912511838346
61231.1701 lsst_hardware_r 14.27802055382864 24.700000762939453 31.489999771118164 AB 10.534807663292943 1.1601359294427294
61233.1519 lsst_hardware_u 6.212392120668873 2.7200000286102295 28.34000015258789 AB 6.453455732757831 1.212447845583307
61233.1719 lsst_hardware_g 14.791322466540143 15.329999923706055 31.43000030517578 AB 6.5991984757547035 1.1346627365465447
61235.1529 lsst_hardware_r 26.00176262981276 24.709999084472656 31.479999542236328 AB 8.903518117952462 1.1846348532590036
61235.1711 lsst_hardware_z -56.55994058791811 42.900001525878906 30.940000534057617 AB 8.170676582299325 1.1198076587815151
61237.1534 lsst_hardware_r 10.786341771854577 24.719999313354492 31.479999542236328 AB 3.3303839488001774 1.1613229705517625
61237.1729 lsst_hardware_u 3.211976937521634 2.700000047683716 28.360000610351562 AB 3.3497802009283184 1.0988289981723203
61238.153 lsst_hardware_g 15.6114245957046 15.359999656677246 31.40999984741211 AB 1.8444529591726218 1.1527830994828885
61238.1713 lsst_hardware_r -14.7442300361488 24.489999771118164 31.489999771118164 AB 2.3888206583391796 1.0957892928161372
61242.1587 lsst_hardware_i 67.25886971629328 34.2599983215332 31.260000228881836 AB 6.490548862828173 1.1003261475445092
61242.177 lsst_hardware_z 6.452928512190053 42.75 30.950000762939453 AB 6.5374904000796885 1.0575611323935867
61244.1516 lsst_hardware_r -25.94101030093852 41.43000030517578 31.59000015258789 AB 6.408326688199021 1.104883911758452
61244.1698 lsst_hardware_z 67.96611140824112 45.77000045776367 30.950000762939453 AB 5.618992846410761 1.0610214658839108
61246.1534 lsst_hardware_z -28.51329689609392 53.599998474121094 30.959999084472656 AB 6.118145545881831 1.0856437842039137
61246.1716 lsst_hardware_i 28.562906696831387 53.779998779296875 31.309999465942383 AB 6.157972994863321 1.047363380366242
61248.1591 lsst_hardware_z 119.4167591338614 70.4000015258789 30.979999542236328 AB 3.324018811050833 1.0605749995376228
61248.1775 lsst_hardware_r -75.08596384939464 103.51000213623047 31.65999984741211 AB 3.3885968609251877 1.029968650737139
61249.162 lsst_hardware_y 5.404636999679864 94.66999816894531 30.809999465942383 AB 3.8844614590286404 1.049854448386119
61251.1524 lsst_hardware_r -35.07797266396662 167.02999877929688 31.65999984741211 AB 5.888535835624424 1.0576149855191819
61251.1714 lsst_hardware_i 92.28715778688569 130.5 31.350000381469727 AB 4.9473395031495 1.0272714915177534
61253.067 lsst_hardware_g 90.53946779443591 96.77999877929688 31.59000015258789 AB 5.237742217901722 1.3867466819967496
61253.0857 lsst_hardware_r -4.456230287090073 102.45999908447266 31.600000381469727 AB 5.114786292557962 1.269807917715482
61258.0666 lsst_hardware_i 31.87333697935283 33.75 31.209999084472656 AB 2.232047631908391 1.3004744408089286
61258.0841 lsst_hardware_u -0.8005612791343164 2.680000066757202 28.299999237060547 AB 2.4042361528210456 1.210389068377771
61260.0692 lsst_hardware_g 4.6772459053379345 15.479999542236328 31.399999618530273 AB 4.275373064529438 1.255985036583266
61260.0883 lsst_hardware_r 1.3313879725384832 24.809999465942383 31.489999771118164 AB 5.148334248702898 1.1700759656142947
61261.0709 lsst_hardware_i -37.66911888554364 33.220001220703125 31.219999313354492 AB 4.950485558167246 1.2337658711943291
61261.0884 lsst_hardware_r -22.62176147840655 24.93000030517578 31.5 AB 4.421427410454637 1.1593638870173368
61266.0686 lsst_hardware_r -32.16524219293889 24.889999389648438 31.489999771118164 AB 3.913301201120213 1.1832492859990063
61266.0866 lsst_hardware_i 39.50304842728377 32.310001373291016 31.25 AB 4.097866843760785 1.119380881518994
61270.074 lsst_hardware_z -18.121783469543317 43.2599983215332 30.950000762939453 AB 3.2415352697237356 1.1245894138796968
61270.0928 lsst_hardware_g 7.586527545910307 18.56999969482422 31.540000915527344 AB 2.8207578415433914 1.0739266505447729
61274.075 lsst_hardware_z 27.40378457265264 50.40999984741211 30.969999313354492 AB 3.3807827828994377 1.090575091257883
61274.0944 lsst_hardware_r -9.869433025902763 52.52000045776367 31.639999389648438 AB 2.9174279720211134 1.048680076211759
61276.0769 lsst_hardware_i -52.14838975854039 69.3499984741211 31.329999923706055 AB 2.7003269867838413 1.072835513223616
61276.0947 lsst_hardware_z 33.24429695714533 64.2699966430664 30.989999771118164 AB 2.998699705260716 1.0391104956144555
61278.0768 lsst_hardware_r -245.83395793039526 142.25 31.65999984741211 AB 2.171812043972288 1.0613620251544473
61278.0955 lsst_hardware_z 70.88450197994386 98.12999725341797 31.010000228881836 AB 1.950555219036255 1.0300868119717934
61280.0774 lsst_hardware_z -6.995917494030111 87.54000091552734 31.0 AB 3.6742292949873026 1.0497797985678008
61280.0957 lsst_hardware_i 17.763446152985292 101.0199966430664 31.350000381469727 AB 3.595915517076688 1.0231170856629122
61285.9743 lsst_hardware_y 145.6097844297206 71.05999755859375 29.950000762939453 AB 4.355192812945949 1.4058456961762313
61285.9911 lsst_hardware_r -15.861047936140555 25.299999237060547 31.469999313354492 AB 4.486402174541555 1.2949326781599197
61295.9874 lsst_hardware_z 90.71346471983878 76.44000244140625 31.709999084472656 AB 3.146539384658928 1.1803580173155501
61296.9977 lsst_hardware_i 37.73015114063487 32.47999954223633 31.25 AB 2.8848548035289587 1.1328705295617352
61297.0149 lsst_hardware_z 15.252684732110984 42.5 30.950000762939453 AB 1.5173065723189285 1.0837904087992347
61298.9819 lsst_hardware_y 119.7157031753047 65.75 30.020000457763672 AB 3.130218318559524 1.1697377872046053
61298.999 lsst_hardware_i -43.23455503969297 32.63999938964844 31.260000228881836 AB 2.923844962159418 1.1118690437922263
61302.985 lsst_hardware_y -4.0711564983016375 60.900001525878906 30.030000686645508 AB 6.949581993999778 1.1211414272961568
61303.0021 lsst_hardware_i 44.961516002913996 46.7400016784668 31.299999237060547 AB 6.721598836113783 1.075283768375194
61306.987 lsst_hardware_y -8.519608061497317 68.30999755859375 30.049999237060547 AB 2.7623383137546256 1.0852560164045606
61307.0037 lsst_hardware_i -145.60971642754635 82.93000030517578 31.34000015258789 AB 2.9800280680683198 1.0497368877126707
61308.9947 lsst_hardware_z -57.869778778693544 102.29000091552734 31.739999771118164 AB 3.1839273770730574 1.0563209434582042
61310.9915 lsst_hardware_y -43.17118050599934 51.40999984741211 30.049999237060547 AB 4.504999688417403 1.052057920813639
61311.0119 lsst_hardware_r -103.33239918809633 49.95000076293945 31.6299991607666 AB 4.813737203255304 1.0221695646777
61517.3471 lsst_hardware_r -18.56345050851377 83.62000274658203 31.579999923706055 AB 8.439234690335883 1.3611668855380457
61517.3678 lsst_hardware_z 127.22159526020825 60.47999954223633 30.959999084472656 AB 7.691567212873393 1.2405753569150633
61519.3423 lsst_hardware_r 12.511602369577187 72.75 31.56999969482422 AB 12.569135977944349 1.3566987941005288
61519.3615 lsst_hardware_i 33.19599619596791 61.52000045776367 31.290000915527344 AB 11.517466618496133 1.2447614621054426
61521.3409 lsst_hardware_z -18.93367345466676 64.08000183105469 30.950000762939453 AB 4.209412601535002 1.330198325654792
61521.3591 lsst_hardware_i -10.25316441650975 66.58999633789062 31.299999237060547 AB 4.007810546168683 1.2297669672196019
61523.3322 lsst_hardware_z -11.642069444724523 60.47999954223633 30.940000534057617 AB 3.9185127960047255 1.3512113089671467
61523.353 lsst_hardware_g 49.38197661015379 55.7400016784668 31.6299991607666 AB 4.374957812022842 1.232845522831911
61525.3477 lsst_hardware_r 23.675550194128636 36.06999969482422 31.540000915527344 AB 12.890461335996642 1.232073023536306
61525.3654 lsst_hardware_i 16.210940339273932 38.849998474121094 31.260000228881836 AB 12.164568130575983 1.1573362210965812
61527.3509 lsst_hardware_z -10.447946283352179 44.65999984741211 30.940000534057617 AB 10.781291692593822 1.1929616714872968
61527.3689 lsst_hardware_u -6.709581080630809 3.049999952316284 28.469999313354492 AB 10.249475808120227 1.126687458296237
61529.344 lsst_hardware_g -10.339858245329347 16.34000015258789 31.440000534057617 AB 9.936129729646106 1.1991105421205137
61529.3633 lsst_hardware_r -2.469554707618906 25.549999237060547 31.510000228881836 AB 9.262685560291168 1.1271330601175686
61531.345 lsst_hardware_i 35.227725997669566 33.290000915527344 31.25 AB 3.631815744731125 1.172562121630798
61531.3636 lsst_hardware_z 39.71050771911633 43.15999984741211 30.950000762939453 AB 3.4351790230894457 1.109613681751601
61534.3537 lsst_hardware_i -28.96746591174751 33.09000015258789 31.260000228881836 AB 8.629278587118561 1.114641855797276
61534.3702 lsst_hardware_u 2.433217211172805 2.9800000190734863 28.549999237060547 AB 8.334547487985335 1.0717952082283235
61536.3513 lsst_hardware_g 22.812902026087418 16.06999969482422 31.469999313354492 AB 7.553342928376336 1.1057448292162442
61536.3704 lsst_hardware_r -5.230660617104168 25.06999969482422 31.530000686645508 AB 7.2582052066416205 1.0598240792351057
61542.3531 lsst_hardware_z -100.81088031486772 46.869998931884766 30.959999084472656 AB 7.8564389670486126 1.0616809414930557
61542.3722 lsst_hardware_g 1.846961142446238 15.90999984741211 31.479999542236328 AB 7.620265805527094 1.0297656493955532
61546.3306 lsst_hardware_i -37.99546599179915 73.6500015258789 31.329999923706055 AB 7.334085890954062 1.0880625904538832
61546.3439 lsst_hardware_z -82.14820918841463 64.91000366210938 30.989999771118164 AB 7.464798882136285 1.05823630310975
61550.2441 lsst_hardware_y -17.724710079194285 90.5 30.68000030517578 AB 8.044166774869758 1.4585977832946073
61552.2321 lsst_hardware_r -58.600473002529185 70.1500015258789 31.530000686645508 AB 7.50488580343744 1.5162406498964456
61552.2522 lsst_hardware_i -92.41598002365224 61.939998626708984 31.270000457763672 AB 4.74867348995611 1.3567638542731741
61558.2286 lsst_hardware_u -1.8757710171748931 3.700000047683716 28.959999084472656 AB 14.91950237421682 1.4082530636708448
61558.2593 lsst_hardware_r -33.28730878781658 35.25 32.22999954223633 AB 12.080918696961234 1.2240245897730149
61559.2272 lsst_hardware_i 12.88697272946102 34.279998779296875 31.200000762939453 AB 13.130249031993976 1.3983225806170367
61559.2475 lsst_hardware_z 3.6486400528488976 45.0 30.93000030517578 AB 11.932117871415691 1.2697344499945755
61561.2489 lsst_hardware_r -25.869506739959007 24.770000457763672 31.479999542236328 AB 9.819897224607242 1.2345860227064676
61561.2681 lsst_hardware_u -0.3315895861128991 2.690000057220459 28.350000381469727 AB 7.126320737784089 1.1537642015327831
61563.2515 lsst_hardware_g -10.842250031785332 15.270000457763672 31.420000076293945 AB 4.590094746141322 1.1977284716381635
61563.2709 lsst_hardware_r 14.060921980750692 24.489999771118164 31.510000228881836 AB 4.294911903451785 1.1257960428445657
61574.2703 lsst_hardware_r 63.45060686888952 103.79000091552734 31.65999984741211 AB 5.314721475348373 1.0528022995836634
61574.2893 lsst_hardware_z 287.7688349276716 69.76000213623047 31.0 AB 5.19193479087587 1.0242186008632326
61576.2403 lsst_hardware_z 25.461846596775914 85.01000213623047 30.989999771118164 AB 3.6660265106267027 1.1109171244323341
61576.2603 lsst_hardware_r 15.193216240290715 121.0199966430664 31.65999984741211 AB 3.7443034909114163 1.061636507122313
61578.2492 lsst_hardware_z -124.23656523358709 86.13999938964844 31.0 AB 2.628948306417763 1.0737705812461933
61578.2686 lsst_hardware_i -143.99680542646414 100.02999877929688 31.34000015258789 AB 2.6894433235680775 1.037293731971103
61580.1547 lsst_hardware_r -43.32694977425196 80.19999694824219 31.540000915527344 AB 5.375629851112649 1.525217719141212
61580.1736 lsst_hardware_z 108.49826339197705 66.8499984741211 30.950000762939453 AB 5.204335282544609 1.3715470503477691
61582.1502 lsst_hardware_r 57.00185532426491 25.420000076293945 31.420000076293945 AB 9.13483780227394 1.5162185654630824
61582.1686 lsst_hardware_u 1.8069598498987436 3.3399999141693115 28.3799991607666 AB 8.350252365102083 1.3683517237873772
