data/validation/pwv_sim_epoch_fit_4/40399402.ecsv
# %ECSV 0.9
# ---
# datatype:
# - {name: time, datatype: float64}
# - {name: band, datatype: string}
# - {name: flux, datatype: float64}
# - {name: fluxerr, datatype: float64}
# - {name: zp, datatype: float64}
# - {name: zpsys, datatype: string}
# - {name: pwv, datatype: float64}
# - {name: airmass, datatype: float64}
# meta: {SNID: '40399402', alt: 1024.0, c: -0.011577511206269264, dec: -8.536388, lat: -30.244573, lon: -70.7499537, ra: 323.4375, t0: 62679.62890625,
#   x0: 1.4992659311159909e-05, x1: 0.48423027992248535, z: 0.3879704773426056}
# schema: astropy-2.0
time band flux fluxerr zp zpsys pwv airmass
[from data line 133]
63102.1479 lsst_hardware_z 32.61442906802178 43.040000915527344 30.950000762939453 AB 2.999651214609426 1.0901876120695715
63102.1652 lsst_hardware_r 7.118846578239382 24.850000381469727 31.510000228881836 AB 2.9424258196667936 1.0787006945896043
63108.1145 lsst_hardware_z 7.534971180644148 82.81999969482422 30.989999771118164 AB 3.5316034472627007 1.1137191571310945
63108.1319 lsst_hardware_i -34.35824726599743 94.76000213623047 31.329999923706055 AB 4.474729796527243 1.089802678160556
63110.1192 lsst_hardware_z -53.34440391094046 109.4800033569336 30.989999771118164 AB 1.2101652818898703 1.098153613330191
63110.1361 lsst_hardware_r -223.17945154062795 166.44000244140625 31.649999618530273 AB 1.406663624016878 1.0820489415514445
63113.134 lsst_hardware_y -27.763581890797884 73.58000183105469 30.790000915527344 AB 1.5107370291485864 1.079097877963276
63115.0976 lsst_hardware_g 5.741693166200139 15.479999542236328 31.459999084472656 AB 1.4636340611411123 1.1099348289745543
63115.117 lsst_hardware_r 12.44073733270293 24.469999313354492 31.510000228881836 AB 1.4367150503684034 1.0859524190236516
63121.0935 lsst_hardware_r -36.47704580040675 24.329999923706055 31.5 AB 3.289044557921193 1.0928873759498896
63121.1113 lsst_hardware_u 2.6583415881093004 2.690000057220459 28.3700008392334 AB 3.221001310829636 1.0794240317793686
63123.0955 lsst_hardware_g -12.90977315459082 15.289999961853027 31.450000762939453 AB 1.3237043406124689 1.085670978562892
63123.1123 lsst_hardware_i -32.50133459426471 31.729999542236328 31.25 AB 1.3616546259651552 1.0776847059481518
63125.0909 lsst_hardware_z 37.4675689019966 42.54999923706055 30.950000762939453 AB 3.90594902721707 1.0849858408936306
63125.1073 lsst_hardware_r -31.279318963673933 24.329999923706055 31.510000228881836 AB 3.8794445868055774 1.0776234963348825
63128.0679 lsst_hardware_r 11.094179852793964 24.389999389648438 31.510000228881836 AB 6.073311954137193 1.1010687936192776
63128.0871 lsst_hardware_u -4.499454722244025 2.869999885559082 28.510000228881836 AB 6.0066803058655935 1.0819598269347417
63135.0596 lsst_hardware_r -41.71071329111722 72.66000366210938 31.639999389648438 AB 3.200774805815539 1.088421255059267
63135.0794 lsst_hardware_z 66.92767963390199 60.18000030517578 30.979999542236328 AB 3.141507163473866 1.0777040011917207
63136.062 lsst_hardware_z -104.09030114835794 77.0199966430664 30.989999771118164 AB 3.0355602433637916 1.0841286583442113
63136.0801 lsst_hardware_i -157.73136342676065 86.27999877929688 31.329999923706055 AB 3.0168096054925915 1.07743200196164
63146.0368 lsst_hardware_r 2.580981605142027 24.350000381469727 31.510000228881836 AB 4.187614513597565 1.0826770837069304
63146.0553 lsst_hardware_u 1.4433487325511831 2.8299999237060547 28.479999542236328 AB 5.083497359027681 1.0775258034072748
63148.0362 lsst_hardware_g 2.9655436400010298 15.329999923706055 31.450000762939453 AB 4.196369554854073 1.080007606448095
63148.0542 lsst_hardware_i -22.709444575551533 31.889999389648438 31.25 AB 3.7610406049007703 1.0782799899363797
63150.0294 lsst_hardware_z 43.823902516400736 42.25 30.940000534057617 AB 3.760655870299031 1.080648238591547
63150.048 lsst_hardware_r -2.5828430016168094 24.360000610351562 31.510000228881836 AB 3.283890044095762 1.078099160897856
63152.031 lsst_hardware_u 4.445940883965318 2.7699999809265137 28.43000030517578 AB 6.174113736450471 1.0780711954687971
63152.0501 lsst_hardware_g 2.835505094805779 15.25 31.43000030517578 AB 5.177845542737723 1.0809698419076665
63156.004 lsst_hardware_y 104.95475904067487 50.209999084472656 30.030000686645508 AB 7.677631125852196 1.086841730685695
63156.0228 lsst_hardware_z -0.004595190496658723 42.47999954223633 30.950000762939453 AB 7.592979934972845 1.0776043619423896
63158.004 lsst_hardware_y 42.99447975192226 50.0099983215332 30.040000915527344 AB 4.400263262593628 1.0826975425696852
63158.0209 lsst_hardware_u -2.907660714129437 2.880000114440918 28.479999542236328 AB 4.371693305375589 1.0774351954098802
63159.9992 lsst_hardware_y 2.1249116146484055 58.83000183105469 30.049999237060547 AB 3.651785955042511 1.0822778824527077
63160.0172 lsst_hardware_i 10.262803736792959 33.099998474121094 31.260000228881836 AB 3.5634120300046512 1.0775361445432874
63162.0002 lsst_hardware_y 53.97111511543621 63.220001220703125 30.049999237060547 AB 4.235191372371327 1.0790983813927835
63162.0176 lsst_hardware_r -13.98671583589955 40.060001373291016 31.59000015258789 AB 4.266468056484576 1.0787529852046969
63164.0082 lsst_hardware_y -63.04830066734555 91.13999938964844 30.799999237060547 AB 3.8958351444834673 1.0777854512588285
