data/validation/pwv_sim_epoch_fit_4/40439316.ecsv
# %ECSV 0.9
# ---
# datatype:
# - {name: time, datatype: float64}
# - {name: band, datatype: string}
# - {name: flux, datatype: float64}
# - {name: fluxerr, datatype: float64}
# - {name: zp, datatype: float64}
# - {name: zpsys, datatype: string}
# - {name: pwv, datatype: float64}
# - {name: airmass, datatype: float64}
# meta: {SNID: '40439316', alt: 1024.0, c: -0.12071559578180313, dec: -49.896984, lat: -30.244573, lon: -70.7499537, ra: 330.069763, t0: 62453.546875,
#   x0: 2.1908138057468694e-06, x1: 0.281919926404953, z: 0.8577106595039368}
# schema: astropy-2.0
time band flux fluxerr zp zpsys pwv airmass
[from data line 131]
62735.2282 lsst_hardware_z 13.964567250568983 41.630001068115234 30.940000534057617 AB 2.13141735206112 1.073401385963297
62735.2399 lsst_hardware_i -24.809729543541195 30.760000228881836 31.239999771118164 AB 2.157529213102205 1.0845943009185397
62736.0452 lsst_hardware_z -28.83298993324479 46.209999084472656 30.90999984741211 AB 3.0432524698181975 1.398392863787799
62736.0505 lsst_hardware_r -25.442344279840505 23.959999084472656 31.43000030517578 AB 2.986216998695367 1.3699814192890776
62738.1585 lsst_hardware_g -10.71252773037636 13.829999923706055 31.40999984741211 AB 3.8016774606577415 1.0721030627912413
62738.1695 lsst_hardware_r -22.1413123623852 22.649999618530273 31.489999771118164 AB 4.059627151302887 1.0653325274587704
62742.233 lsst_hardware_g 12.170965719115355 13.869999885559082 31.40999984741211 AB 5.838584267313619 1.1002875639204648
62742.2432 lsst_hardware_r 12.046081631121421 22.940000534057617 31.479999542236328 AB 5.933814531013268 1.1167080856307294
62744.2327 lsst_hardware_i 4.873728250134927 30.809999465942383 31.239999771118164 AB 4.596289354151613 1.1082071981076826
62744.2434 lsst_hardware_z -34.95518499887185 42.15999984741211 30.940000534057617 AB 4.769728259412875 1.1271956184362224
62747.1488 lsst_hardware_i 1.383715673272842 30.65999984741211 31.25 AB 1.4891620838766886 1.0636872027690634
62747.1615 lsst_hardware_z 66.07859154963347 41.13999938964844 30.950000762939453 AB 1.4852980248892071 1.060927160635148
62748.1384 lsst_hardware_r 45.7514141200046 27.110000610351562 31.540000915527344 AB 1.4942504100858867 1.067321721489919
62748.1489 lsst_hardware_z -3.4839913384399086 42.130001068115234 30.950000762939453 AB 1.4878110524167578 1.0627221802976843
62753.1313 lsst_hardware_i -23.138452544849773 67.94999694824219 31.329999923706055 AB 3.5211922786817533 1.0641258019588256
62753.1436 lsst_hardware_z 13.17762278613874 62.45000076293945 30.979999542236328 AB 3.5040179854537468 1.0610466028778158
62755.1366 lsst_hardware_r -70.34911451311359 104.19999694824219 31.65999984741211 AB 2.8653086260627045 1.0612254170602609
62755.1471 lsst_hardware_z -22.107052014465687 70.62999725341797 30.989999771118164 AB 2.8651994027783845 1.0611849639919941
62757.1371 lsst_hardware_r -43.49200380894411 85.0 31.649999618530273 AB 3.856689418860722 1.0608658573370466
62757.149 lsst_hardware_i 91.61642842706968 67.04000091552734 31.329999923706055 AB 3.8389194833836884 1.0627992571371752
62758.0067 lsst_hardware_z 0.42195135132699535 44.25 30.93000030517578 AB 1.8111689647839087 1.293692117702792
62758.0133 lsst_hardware_g -4.918033777450438 13.739999771118164 31.360000610351562 AB 1.7737101796096424 1.2669358425783162
62760.12 lsst_hardware_r -0.17147804715541878 37.220001220703125 31.600000381469727 AB 3.822240158658049 1.0617333774050135
62760.1317 lsst_hardware_z 3.9452019740466944 46.02000045776367 30.969999313354492 AB 3.368153661767688 1.0610028860506184
62762.1984 lsst_hardware_r -16.330799351798326 31.93000030517578 31.549999237060547 AB 1.3879083915123407 1.1355356036099187
62762.2095 lsst_hardware_i -13.998832388427683 37.099998474121094 31.260000228881836 AB 1.5978692625165658 1.1606798517068613
62764.1941 lsst_hardware_z -49.69353429870571 42.27000045776367 30.940000534057617 AB 7.081017112525116 1.137969805146607
62764.2066 lsst_hardware_u 2.111611891896223 2.619999885559082 28.350000381469727 AB 7.262257710869269 1.1670964581549066
62765.2048 lsst_hardware_g 3.828097094707755 13.5600004196167 31.3700008392334 AB 5.061540829283729 1.1694872526073699
62765.2167 lsst_hardware_r -47.715418133957094 22.979999542236328 31.469999313354492 AB 3.9674131594946216 1.2029754880214134
62767.2019 lsst_hardware_i -18.42785475748747 31.3799991607666 31.229999542236328 AB 2.2681701026614385 1.1762334153819043
62767.2131 lsst_hardware_z 33.76563548591309 43.45000076293945 30.93000030517578 AB 2.35761647902554 1.2087241625355243
62772.0765 lsst_hardware_z -26.505176284225787 41.0099983215332 30.940000534057617 AB 4.776382129961427 1.0654234540873737
62772.089 lsst_hardware_r -43.30713163979115 22.15999984741211 31.479999542236328 AB 4.864523686202155 1.0614085174541497
62774.0791 lsst_hardware_u 4.134925721414256 2.6500000953674316 28.420000076293945 AB 3.939501355488316 1.0623851918256657
62774.0911 lsst_hardware_g 1.89489447937042 13.430000305175781 31.399999618530273 AB 4.03585296911118 1.0608800602251454
62780.0714 lsst_hardware_z -34.47446231322214 51.689998626708984 30.969999313354492 AB 4.001859011231697 1.060938232033854
62780.083 lsst_hardware_r 26.03133604762003 56.9900016784668 31.639999389648438 AB 4.028556347220472 1.0619395946366819
62781.0585 lsst_hardware_r 9.90235349778469 68.2300033569336 31.649999618530273 AB 4.581304306072315 1.0628243373319444
62781.0707 lsst_hardware_z -3.7340231817482854 55.790000915527344 30.979999542236328 AB 4.663590983501749 1.060871470314994
62784.9937 lsst_hardware_z 48.808709590243055 69.41000366210938 30.989999771118164 AB 2.598750485298191 1.1179424923317283
62784.9966 lsst_hardware_r -166.34394802713743 84.30000305175781 31.639999389648438 AB 2.4207314163563516 1.1128946822577357
62787.1379 lsst_hardware_g 125.58209933547077 81.97000122070312 31.690000534057617 AB 6.780659376753447 1.1526832769660604
62787.149 lsst_hardware_r -28.480852219083097 73.47000122070312 31.6200008392334 AB 6.952959219640133 1.1808861458591975
62789.1339 lsst_hardware_i -92.66740159085302 45.779998779296875 31.280000686645508 AB 7.214324339329545 1.1561417210464016
62789.1451 lsst_hardware_z 18.218705659989936 50.459999084472656 30.950000762939453 AB 7.344431013402351 1.1852228639163644
62791.1451 lsst_hardware_r 21.50607278128522 23.09000015258789 31.479999542236328 AB 7.687334403745274 1.201146000585199
62791.1561 lsst_hardware_g -6.758331155503532 24.1299991607666 31.549999237060547 AB 7.9167317487227855 1.2369893357379351
62793.1426 lsst_hardware_r 14.20746375524781 23.15999984741211 31.469999313354492 AB 4.5426085007314025 1.2102864566779936
62793.1532 lsst_hardware_i -17.62396033129776 32.029998779296875 31.229999542236328 AB 4.71692355379245 1.246105200896209
62796.0868 lsst_hardware_z -44.760151961626235 42.0 30.950000762939453 AB 4.814005364583196 1.102149509195985
62796.0984 lsst_hardware_r -6.054735207309802 22.959999084472656 31.489999771118164 AB 4.884723150406488 1.1215068649768083
62799.0809 lsst_hardware_u -1.5210475321244237 2.740000009536743 28.469999313354492 AB 4.22571940476923 1.1056545114194316
62799.0916 lsst_hardware_g -4.733305424707356 13.829999923706055 31.40999984741211 AB 5.076849887061579 1.1241087653099664
62801.0806 lsst_hardware_r -10.806382022486705 22.90999984741211 31.489999771118164 AB 3.2570350160227175 1.1141193293313363
62801.0913 lsst_hardware_i 43.738463622550604 31.260000228881836 31.239999771118164 AB 4.785963644006864 1.134293800918099
62803.0847 lsst_hardware_z 84.58161004531101 42.650001525878906 30.950000762939453 AB 3.3785631479740683 1.1319733575966942
62803.0954 lsst_hardware_r -26.130100889763064 23.170000076293945 31.489999771118164 AB 3.3917752898412012 1.1554991902706795
