data/validation/pwv_sim_epoch_fit_4/40481463.ecsv
# %ECSV 0.9
# ---
# datatype:
# - {name: time, datatype: float64}
# - {name: band, datatype: string}
# - {name: flux, datatype: float64}
# - {name: fluxerr, datatype: float64}
# - {name: zp, datatype: float64}
# - {name: zpsys, datatype: string}
# - {name: pwv, datatype: float64}
# - {name: airmass, datatype: float64}
# meta: {SNID: '40481463', alt: 1024.0, c: 0.0035077203065156937, dec: -6.279288, lat: -30.244573, lon: -70.7499537, ra: 320.449219, t0: 60884.08203125,
#   x0: 3.829351739128133e-06, x1: -2.035160779953003, z: 0.684546947479248}
# schema: astropy-2.0
time band flux fluxerr zp zpsys pwv airmass
[from data line 134]
61285.145 lsst_hardware_r -14.123979006469732 33.52000045776367 31.56999969482422 AB 3.3944368174692596 1.0959223474394941
61287.0999 lsst_hardware_r 14.650441024762012 24.329999923706055 31.5 AB 1.0461390911746518 1.11976354420621
61287.118 lsst_hardware_u 0.7500451396346859 2.7100000381469727 28.3799991607666 AB 1.014007195091426 1.1006862361915073
61298.0865 lsst_hardware_g 16.817493153381022 21.979999542236328 32.220001220703125 AB 1.140450965820163 1.1017075825023903
61298.1047 lsst_hardware_i 31.37558798877673 45.16999816894531 32.0099983215332 AB 1.1030039498660014 1.0953365937100312
61300.0889 lsst_hardware_z -18.888260941976977 43.25 30.950000762939453 AB 1.1338553978746544 1.0972794172980525
61300.1072 lsst_hardware_r -35.77672985744085 26.829999923706055 31.530000686645508 AB 1.3947951281841535 1.0968244782566332
61304.0687 lsst_hardware_z -75.88514666232518 55.52000045776367 30.969999313354492 AB 4.323362729406999 1.1027814380462109
61304.0902 lsst_hardware_r 55.45099531998334 63.52000045776367 31.6299991607666 AB 4.065231913875743 1.0954545712414723
61306.064 lsst_hardware_i -6.325049322077119 94.31999969482422 31.329999923706055 AB 1.5057813295830194 1.1021944586433434
61306.0832 lsst_hardware_z 83.4543032290265 82.63999938964844 30.989999771118164 AB 1.501356589125787 1.0953477060740955
61308.0619 lsst_hardware_r 164.89073656605336 129.13999938964844 31.649999618530273 AB 4.860062759993259 1.099893503317726
61308.0808 lsst_hardware_z -9.86136867250092 88.66999816894531 30.989999771118164 AB 4.838048380793704 1.0956552534447401
61310.0605 lsst_hardware_z 15.587927437731743 70.95999908447266 30.979999542236328 AB 3.0736784520104545 1.097742304289448
61310.0807 lsst_hardware_i 56.08114075227882 81.66000366210938 31.31999969482422 AB 3.071935067096577 1.0971196668202061
61312.06 lsst_hardware_z 18.78178280016245 49.13999938964844 30.959999084472656 AB 3.7258043358888444 1.0960397144211487
61312.0808 lsst_hardware_r 41.89574428126087 51.81999969482422 31.6200008392334 AB 3.7353245187189237 1.0998918907718627
61316.0329 lsst_hardware_g -29.227443334865985 15.180000305175781 31.440000534057617 AB 2.225284573105314 1.105365298338197
61316.0504 lsst_hardware_r 11.723109082339356 24.309999465942383 31.510000228881836 AB 3.178791430203006 1.0957571286465655
61318.027 lsst_hardware_i -45.292189375066 31.989999771118164 31.25 AB 3.064093217590778 1.1057716411370544
61318.0466 lsst_hardware_z -34.858451953477015 42.70000076293945 30.950000762939453 AB 3.0823805299598925 1.0955030908517567
61320.0267 lsst_hardware_r 59.38353516082423 24.389999389648438 31.510000228881836 AB 4.240454529279203 1.101512129867314
61320.0458 lsst_hardware_u -1.0789480159935 2.7899999618530273 28.450000762939453 AB 4.526985222153308 1.0953929519456314
61322.03 lsst_hardware_g 6.752259597935832 15.260000228881836 31.450000762939453 AB 4.385161098820677 1.0968386940521953
61322.0463 lsst_hardware_i 37.6116769752598 32.08000183105469 31.25 AB 3.4431614401280757 1.0965482293401516
61324.0304 lsst_hardware_z -10.010960370809427 42.54999923706055 30.950000762939453 AB 3.760422051097525 1.0954812733825923
61324.0479 lsst_hardware_r -8.100637819199992 24.5 31.520000457763672 AB 3.4504706960109024 1.0998100391024976
61327.0021 lsst_hardware_y -81.75160790279038 50.380001068115234 30.040000915527344 AB 8.031502375751762 1.1060771045966376
61327.0202 lsst_hardware_u -3.675980888676676 2.940000057220459 28.520000457763672 AB 7.933046059984594 1.095787657206505
61329.0027 lsst_hardware_z -32.384639812174875 44.93000030517578 30.959999084472656 AB 8.598818711341664 1.1011068555036225
61329.0215 lsst_hardware_r 4.80454840099257 26.559999465942383 31.530000686645508 AB 8.564219207713892 1.0954138340055501
61331.0036 lsst_hardware_y 22.723718381995855 51.11000061035156 30.030000686645508 AB 5.813902348658557 1.0975494475647352
61331.0216 lsst_hardware_z -3.6982354969441786 45.68000030517578 30.950000762939453 AB 5.79651160099907 1.0965089099563157
61332.9992 lsst_hardware_y 48.56049683087013 66.69000244140625 30.049999237060547 AB 2.5553733497014774 1.0971191483512603
61333.0167 lsst_hardware_z 1.7577845444471933 59.65999984741211 30.979999542236328 AB 3.263200223040655 1.0966897069537116
61336.0009 lsst_hardware_y -80.71212323223288 67.77999877929688 30.049999237060547 AB 4.342728920184841 1.0953348685755322
61336.0183 lsst_hardware_i -51.840880411292716 74.0199966430664 31.31999969482422 AB 4.310538080787692 1.1019462084202811
