data/validation/pwv_sim_epoch_fit_4/40490090.ecsv
# %ECSV 0.9
# ---
# datatype:
# - {name: time, datatype: float64}
# - {name: band, datatype: string}
# - {name: flux, datatype: float64}
# - {name: fluxerr, datatype: float64}
# - {name: zp, datatype: float64}
# - {name: zpsys, datatype: string}
# - {name: pwv, datatype: float64}
# - {name: airmass, datatype: float64}
# meta: {SNID: '40490090', alt: 1024.0, c: -0.1191968321800232, dec: -27.953188, lat: -30.244573, lon: -70.7499537, ra: 165.410156, t0: 61854.8984375,
#   x0: 2.3917174245124355e-06, x1: -0.8175472021102905, z: 0.827941358089447}
# schema: astropy-2.0
time band flux fluxerr zp zpsys pwv airmass
61756.2434 lsst_hardware_z 94.00704027183535 63.75 30.899999618530273 AB 14.493511955221987 1.7228884521007237
61756.2653 lsst_hardware_i 53.6041650490344 60.25 31.239999771118164 AB 10.470862000618233 1.490885558768125
61760.2465 lsst_hardware_y -99.28187039784864 52.47999954223633 29.8700008392334 AB 9.231627364903588 1.564682604220947
61760.2682 lsst_hardware_g 2.91034582504202 27.440000534057617 31.510000228881836 AB 7.424876198850524 1.3819722419997251
61764.2417 lsst_hardware_r 37.001589486704255 24.360000610351562 31.399999618530273 AB 9.909311265154415 1.5065467525890404
61764.2639 lsst_hardware_i -6.17516390883679 33.02000045776367 31.209999084472656 AB 8.462139952707236 1.3375352928409754
61766.2506 lsst_hardware_z 56.32580288125278 45.720001220703125 30.920000076293945 AB 8.726746825314775 1.3906612207186606
61766.2706 lsst_hardware_r -5.8670889794644845 23.690000534057617 31.459999084472656 AB 7.949227948245346 1.2666914812559809
61768.2445 lsst_hardware_u -1.9393937559536212 2.430000066757202 28.09000015258789 AB 9.952573449858855 1.3952857773529868
61768.2676 lsst_hardware_r -35.53030472574895 23.75 31.459999084472656 AB 9.004866035515986 1.2538685591342753
61770.2443 lsst_hardware_i -12.994960949285774 32.970001220703125 31.209999084472656 AB 9.088559196314886 1.3585797969004652
61770.2652 lsst_hardware_z 25.7993348716238 43.79999923706055 30.93000030517578 AB 6.947419010097056 1.2385646940494819
61772.2523 lsst_hardware_r 12.581820771547239 23.549999237060547 31.450000762939453 AB 6.234449607696396 1.2770277770783276
61772.2738 lsst_hardware_u -2.3722263185754238 2.5199999809265137 28.25 AB 5.691761993844797 1.176632165210473
61774.252 lsst_hardware_g 4.071979638788411 13.859999656677246 31.34000015258789 AB 3.4567977585627503 1.2498967428815537
61774.2736 lsst_hardware_r -18.34907156107612 22.989999771118164 31.469999313354492 AB 3.0295611383983285 1.1566521479042964
61776.2478 lsst_hardware_i -0.9103442878319082 32.029998779296875 31.219999313354492 AB 8.738558703363116 1.2435836538116223
61776.2702 lsst_hardware_z 62.451870183965994 42.529998779296875 30.940000534057617 AB 8.661568459754116 1.1492572038594582
61780.3007 lsst_hardware_z 33.269382039060744 48.540000915527344 30.969999313354492 AB 7.4860920875970605 1.043600198085092
61780.317 lsst_hardware_r 3.952195479255205 42.88999938964844 31.6200008392334 AB 7.302039520095718 1.020693251341308
61782.2965 lsst_hardware_z -15.84007400923873 84.5199966430664 31.739999771118164 AB 7.1102836670479705 1.0414946048114795
61783.2979 lsst_hardware_r 21.37671515150465 87.68000030517578 31.65999984741211 AB 5.671608626807185 1.0349965558819645
61783.3144 lsst_hardware_z -1.6288885068380137 61.529998779296875 30.989999771118164 AB 5.643236392843245 1.0149097283453987
61786.2071 lsst_hardware_y -7.992427998364009 56.220001220703125 29.969999313354492 AB 6.799857500095668 1.3172274686610814
61786.224 lsst_hardware_r 130.2749557250419 75.58000183105469 31.610000610351562 AB 6.212806044758837 1.2266555749959893
61788.2055 lsst_hardware_i -54.614170636742536 44.849998474121094 31.260000228881836 AB 8.044026779008988 1.2944658890721181
61788.2243 lsst_hardware_z 45.57553230810326 49.34000015258789 30.950000762939453 AB 8.001699630388062 1.200675180871519
61790.2088 lsst_hardware_r -40.244685269424764 24.5 31.459999084472656 AB 12.349896970487737 1.2474643404533148
61790.2258 lsst_hardware_g -18.76177094513123 16.43000030517578 31.43000030517578 AB 11.529102284260532 1.1721530747363076
61794.2097 lsst_hardware_z -36.23597855388504 43.130001068115234 30.93000030517578 AB 12.11460950362642 1.1930874043358697
61794.2274 lsst_hardware_i -14.462751382273575 31.0 31.239999771118164 AB 11.359360203745767 1.1279277334669529
61796.2082 lsst_hardware_u -0.3002848988135597 2.5399999618530273 28.270000457763672 AB 16.442521721386388 1.1769317895628737
61796.2262 lsst_hardware_g 1.8289443756193544 13.65999984741211 31.389999389648438 AB 15.695286977228825 1.114761673158048
61798.1981 lsst_hardware_r -14.284879884173504 23.020000457763672 31.459999084472656 AB 12.790749857845215 1.1959560409392382
61798.2154 lsst_hardware_i -4.962795049414494 30.950000762939453 31.229999542236328 AB 11.385728507160799 1.1314072713309837
61800.2017 lsst_hardware_z 46.37469163382992 42.529998779296875 30.93000030517578 AB 14.327320729230925 1.1600130134588968
61800.2189 lsst_hardware_u -0.2852404701923261 2.4700000286102295 28.25 AB 13.591309964362745 1.1042663279462743
61804.2269 lsst_hardware_z 78.43602495895233 40.90999984741211 30.940000534057617 AB 9.54207211572164 1.058896809468256
61804.2448 lsst_hardware_r 27.72381601527209 22.149999618530273 31.5 AB 9.303517148405072 1.0289604219434152
61806.2247 lsst_hardware_z 106.54700046368384 40.939998626708984 30.940000534057617 AB 5.591899715333018 1.0525598661060918
61806.2423 lsst_hardware_g 16.23192309969546 13.489999771118164 31.40999984741211 AB 5.521230753381434 1.025107826472602
61809.2223 lsst_hardware_r -51.00235309503131 58.75 31.639999389648438 AB 7.399436691672792 1.0422965171977168
61809.241 lsst_hardware_z -46.54953010041739 50.0099983215332 30.969999313354492 AB 7.267628967520607 1.0172815538346727
61811.2247 lsst_hardware_r -16.68587444999396 98.76000213623047 31.65999984741211 AB 4.436871465751874 1.0303130580738096
61811.2443 lsst_hardware_y 28.97294011973558 55.40999984741211 30.06999969482422 AB 4.372943893431968 1.0095680234172784
61815.1099 lsst_hardware_z -16.045263589140067 67.52999877929688 30.940000534057617 AB 4.603263171802337 1.4432177155226193
61815.1302 lsst_hardware_r -184.8751420215383 79.75 31.59000015258789 AB 2.4730053360552127 1.303640134979026
61817.107 lsst_hardware_u -2.0944557415580882 2.4700000286102295 28.1299991607666 AB 4.475180804118638 1.423101803302502
61817.125 lsst_hardware_r 53.12490981724526 33.22999954223633 31.520000457763672 AB 4.427190781359934 1.3021149356940982
61819.1025 lsst_hardware_i 6.165804520060966 33.15263631097357 31.200000762939453 AB 7.919768635764762 1.4157612863362108
61819.1219 lsst_hardware_z -54.986657031218286 44.23080765581854 30.93000030517578 AB 7.174745735419972 1.2885678404130876
61821.1019 lsst_hardware_r 7.885858226387445 23.922549013057505 31.450000762939453 AB 4.409003741717702 1.3802578759420958
61821.1222 lsst_hardware_u -0.5150486306824221 2.7567862895484216 28.389999389648438 AB 4.019047799072641 1.257458768026065
61823.1082 lsst_hardware_g -11.19681519263875 20.35034685088982 32.09000015258789 AB 8.015242226251594 1.3045641644289705
61823.126 lsst_hardware_r -46.04267180690697 33.73345311398846 32.220001220703125 AB 7.833391791319059 1.2127557927471126
61825.1018 lsst_hardware_i 3.6974197053790125 32.904620198699305 31.209999084472656 AB 10.188950675979958 1.3101249194938065
61825.1215 lsst_hardware_z 4.372009943400223 43.67850706226188 30.93000030517578 AB 9.415446876458617 1.2084642228729174
61827.1073 lsst_hardware_r -6.947359609071056 23.90856917996313 31.459999084472656 AB 7.150357157577739 1.2498803480106755
61827.127 lsst_hardware_g 3.6105241852414665 13.978217504385103 31.3700008392334 AB 6.332705887111858 1.1636725261139025
61829.1008 lsst_hardware_r -1.3015015480435639 23.53530927681053 31.450000762939453 AB 6.441880582044413 1.2551766928821497
61829.1211 lsst_hardware_i 92.76651918376675 32.453815424955685 31.229999542236328 AB 5.961524891422572 1.1653276433411666
61833.1019 lsst_hardware_z 154.57784671921266 44.81182857088144 30.93000030517578 AB 5.407662040025251 1.1986837682928737
61833.1232 lsst_hardware_g 155.3082145976709 18.927795129541117 31.389999389648438 AB 5.074824586664521 1.1207651472315636
61835.1001 lsst_hardware_r 126.57669958123212 36.311179522671715 31.540000915527344 AB 8.57265887108122 1.1834150843568774
61835.1198 lsst_hardware_i 295.73274656395466 39.39267874080022 31.25 AB 8.098828469203141 1.1145176792481388
61837.1096 lsst_hardware_z 244.39846811568756 72.479260777334 31.709999084472656 AB 11.6461043476341 1.1292005863756498
61839.1018 lsst_hardware_z 337.41912895553855 65.6942043234006 30.979999542236328 AB 12.697861192904462 1.1368673753253216
61839.1235 lsst_hardware_r 240.03651871955861 88.02662838868535 31.649999618530273 AB 12.022664644630828 1.0758536594747945
61841.0978 lsst_hardware_i 618.0910381952457 108.22060991844401 31.329999923706055 AB 8.934485408659462 1.1320461302520752
61841.1193 lsst_hardware_z 403.3553815138922 89.3407084764173 31.0 AB 8.516061716717505 1.0729572529567224
61844.0958 lsst_hardware_i 846.1685269335214 64.32306397824497 31.309999465942383 AB 9.847487653642649 1.1128152542020455
61844.1162 lsst_hardware_z 476.4534203423767 59.0471480318554 30.969999313354492 AB 9.551111592891049 1.0619229047965588
61848.0869 lsst_hardware_i 891.1511910276311 42.32715919399705 31.239999771118164 AB 9.051094145273622 1.106941803335543
61848.105 lsst_hardware_r 644.4640150794601 33.97768132916062 31.489999771118164 AB 8.710722040317824 1.0624991307563758
61850.0898 lsst_hardware_u -0.10987686120900965 2.704025435380492 28.34000015258789 AB 5.314806337473636 1.0846543545864562
61850.1067 lsst_hardware_g 94.58460205352237 17.236069252117865 31.40999984741211 AB 5.138281533563704 1.0486288844007559
61852.0822 lsst_hardware_r 540.2769916543274 33.93932003808219 31.479999542236328 AB 6.534170747841205 1.090057957155292
61852.0996 lsst_hardware_i 822.8328046211179 42.37812060452718 31.239999771118164 AB 6.414944515838741 1.0516302484981543
61854.0852 lsst_hardware_z 533.8691115746332 47.526278887843965 30.940000534057617 AB 9.561673693457148 1.0698276409682284
61854.1019 lsst_hardware_r 588.8383380719449 33.61241943079623 31.5 AB 9.303503429462381 1.0382988091360867
61856.079 lsst_hardware_u 0.6563133698017276 2.8116944183219355 28.43000030517578 AB 6.777525296796074 1.0714749168243272
61856.096 lsst_hardware_g 95.3359270285828 16.961415917760966 31.43000030517578 AB 6.673460423937703 1.038994305455037
61858.0778 lsst_hardware_r 487.90677786754816 32.21644160114221 31.489999771118164 AB 7.2259970377738405 1.0622821146332724
61858.0964 lsst_hardware_z 605.6732153629495 47.137674856575934 30.950000762939453 AB 7.080042978783306 1.0302740073898835
61860.0762 lsst_hardware_r 437.3766117188803 31.132924527868997 31.479999542236328 AB 5.040777378054342 1.0545743220183772
61860.095 lsst_hardware_u 2.894186307868402 2.649567564404986 28.34000015258789 AB 5.322814189040235 1.0249321288267206
61862.0723 lsst_hardware_g 52.2757201964392 16.958801175491708 31.450000762939453 AB 9.14823077204491 1.0516215084255247
61862.0906 lsst_hardware_r 420.5374515012789 30.551333116283907 31.5 AB 8.898064653948039 1.0236288811198755
61863.9795 lsst_hardware_y 136.62490221757432 88.80154040061741 29.940000534057617 AB 8.827790066278295 1.4167533407604214
61863.9999 lsst_hardware_g 90.01013618986033 30.60012904278523 31.559999465942383 AB 8.043346406226096 1.2837004997368227
61865.9788 lsst_hardware_y -25.452455477626998 79.29799007226381 29.959999084472656 AB 11.625762566492375 1.3818807282173273
61865.9965 lsst_hardware_i 698.6326580991824 57.30677858149992 31.270000457763672 AB 10.606477822555183 1.2724083402879387
61871.9746 lsst_hardware_y 105.01924255282958 72.80451938999292 29.969999313354492 AB 7.055400979284584 1.303437945522528
61871.9914 lsst_hardware_g 42.22136544793275 59.20690951379103 31.649999618530273 AB 6.602294841364644 1.2164149434437102
61873.9735 lsst_hardware_y 105.0130982077186 75.60478191971717 29.989999771118164 AB 6.185701374739889 1.278697958602561
61873.991 lsst_hardware_i 439.9234312892511 37.612826669647056 31.239999771118164 AB 5.772268465372559 1.1942212610680787
61877.9716 lsst_hardware_y 81.10507961581268 68.3302251728805 30.0 AB 13.900653526979614 1.232382067199753
61877.9913 lsst_hardware_r 111.53402331459577 25.77808301670153 31.479999542236328 AB 12.969411103063154 1.150688590458979
61879.9716 lsst_hardware_y -96.42829643615582 62.50232299365315 30.0 AB 10.99116683842541 1.2072456528128084
61879.9921 lsst_hardware_z 355.8074622216586 45.547872544781654 30.940000534057617 AB 10.181769617131625 1.1294880045628293
61882.9696 lsst_hardware_y 177.54270143791928 65.18361659510408 30.020000457763672 AB 7.707134701145606 1.1811398995395683
61882.9886 lsst_hardware_u -0.9739386173868639 2.584788422380529 28.299999237060547 AB 7.251664509689264 1.1149259976460288
61884.9692 lsst_hardware_y 133.58314927322053 58.84446445790113 30.020000457763672 AB 15.82207693029037 1.1615517329435046
61884.9884 lsst_hardware_r 38.24927285471774 24.32234504308598 31.489999771118164 AB 15.01197855444663 1.0998659396249981
61888.9683 lsst_hardware_z 376.3284594223861 72.99468734527716 31.709999084472656 AB 12.11428709435404 1.1270065287136768
61888.994 lsst_hardware_g 130.40092213112064 21.848894994153373 32.15999984741211 AB 11.216032183106865 1.0605424847511395
61890.9656 lsst_hardware_y 116.69961437600699 58.622224549997014 30.030000686645508 AB 12.6503474560838 1.1184110561474494
61890.9845 lsst_hardware_i 89.77645966403367 33.18439667914344 31.25 AB 12.10221884741364 1.0691006048951393
61894.9654 lsst_hardware_y 8.494844026619578 57.24546199495366 30.049999237060547 AB 11.26858794493396 1.0884895382693995
61894.9849 lsst_hardware_r 37.32660951126043 60.44793343956782 31.639999389648438 AB 10.853150789429623 1.0467173757135104
61896.9635 lsst_hardware_y 164.7719179795248 65.7533956855153 30.049999237060547 AB 4.219099975499015 1.0796980232446511
61896.9825 lsst_hardware_z 10.98755595388251 68.94312526227651 30.989999771118164 AB 3.785511251847537 1.0415016283513032
61898.9641 lsst_hardware_y 19.104688286990374 66.1747486982384 30.049999237060547 AB 9.30444695261669 1.0659642884690321
61898.9832 lsst_hardware_z 229.35163278700674 70.17340463925919 30.989999771118164 AB 9.039200272750543 1.0320292593336744
61902.9629 lsst_hardware_y 77.68073009357374 52.11879917461087 30.049999237060547 AB 8.131981555803366 1.0469913165705236
61902.9826 lsst_hardware_u 3.0480145994804793 2.863058958303563 28.440000534057617 AB 7.90961369943522 1.0191050119526703
62122.2412 lsst_hardware_r 41.93730028724934 25.010000228881836 31.3700008392334 AB 8.241090012049822 1.724919419252736
62122.2635 lsst_hardware_u -4.191926156925637 2.4600000381469727 28.110000610351562 AB 7.882615939693737 1.4887841739539731
62124.2408 lsst_hardware_g -2.3820941157793625 14.3100004196167 31.229999542236328 AB 8.292972343602539 1.6631681812187564
62128.2382 lsst_hardware_r -0.2927227442136336 24.59000015258789 31.389999389648438 AB 11.18728872595873 1.5727210017745714
62128.2624 lsst_hardware_g 3.3390389135993 14.09000015258789 31.309999465942383 AB 7.613922772928232 1.3701293135657235
62129.2419 lsst_hardware_r 11.704897472164454 34.849998474121094 32.16999816894531 AB 10.085856488074116 1.5109897360409488
62129.2662 lsst_hardware_i -40.500471470254325 33.06999969482422 31.219999313354492 AB 8.388366619886131 1.327395717413706
62131.245 lsst_hardware_z -14.017231834405056 65.58000183105469 31.65999984741211 AB 7.196765355468331 1.4382025090864863
62131.2674 lsst_hardware_i -71.40016804485794 46.150001525878906 31.969999313354492 AB 8.10118013176114 1.287963030526818
62135.2446 lsst_hardware_r 59.11089258144669 76.12999725341797 31.559999465942383 AB 9.136297410396539 1.3612054297052087
62135.2664 lsst_hardware_i -38.81361761040559 59.33000183105469 31.280000686645508 AB 6.956291833236364 1.2360881063619444
62137.2617 lsst_hardware_z 103.36961212786852 89.02999877929688 31.709999084472656 AB 8.718952721985117 1.2324217766228882
62139.2511 lsst_hardware_z 41.60972826515906 61.40999984741211 30.959999084472656 AB 5.5301312986987625 1.2580393475712819
62139.275 lsst_hardware_r -57.10355829109637 76.9800033569336 31.6299991607666 AB 5.077964001346701 1.1540827275787957
62141.2515 lsst_hardware_i 4.947388019259629 61.540000915527344 31.290000915527344 AB 12.821182850884156 1.2289851600042325
62141.2729 lsst_hardware_z 3.050575189292479 58.369998931884766 30.969999313354492 AB 11.915426999696928 1.1422726720486607
