data/validation/pwv_sim_epoch_fit_4/40693520.ecsv
# %ECSV 0.9
# ---
# datatype:
# - {name: time, datatype: float64}
# - {name: band, datatype: string}
# - {name: flux, datatype: float64}
# - {name: fluxerr, datatype: float64}
# - {name: zp, datatype: float64}
# - {name: zpsys, datatype: string}
# - {name: pwv, datatype: float64}
# - {name: airmass, datatype: float64}
# meta: {SNID: '40693520', alt: 1024.0, c: -0.10064201056957245, dec: -7.933337, lat: -30.244573, lon: -70.7499537, ra: 346.992188, t0: 61260.68359375,
#   x0: 4.400127911598863e-06, x1: 0.7766331434249878, z: 0.6457735896110535}
# schema: astropy-2.0
time band flux fluxerr zp zpsys pwv airmass
61218.3492 lsst_hardware_z 8.259809618027147 73.7300033569336 31.709999084472656 AB 8.11583158968942 1.1271988319013084
61219.4038 lsst_hardware_z 38.587029697263006 53.900001525878906 30.969999313354492 AB 5.627561236722727 1.0842388870443997
61219.4244 lsst_hardware_r -31.674648750814747 53.34000015258789 31.610000610351562 AB 5.597330427486283 1.101547578224755
61221.3839 lsst_hardware_i -17.485243536429408 71.20999908447266 31.31999969482422 AB 4.377078170365517 1.0823635436116787
61221.4032 lsst_hardware_z -52.84548110622599 63.90999984741211 30.979999542236328 AB 4.424517176769959 1.0867489381291862
61224.3712 lsst_hardware_i -20.803554754583292 77.62000274658203 31.329999923706055 AB 7.106823217579562 1.0834810713998646
61224.3909 lsst_hardware_z -9.935713336050185 69.69999694824219 30.989999771118164 AB 7.000694971428186 1.0845663412060675
61226.3685 lsst_hardware_z -76.78600009689433 69.54000091552734 30.989999771118164 AB 4.927738113669609 1.0827020903038542
61226.3881 lsst_hardware_r 84.1188442593632 88.13999938964844 31.649999618530273 AB 4.584409436282494 1.0859026319138967
61232.3381 lsst_hardware_r -21.729114431971833 24.827166819022377 31.510000228881836 AB 10.217547273010245 1.0898426466505153
61232.3583 lsst_hardware_i 11.475017614247149 32.29142713333174 31.25 AB 10.166044958223802 1.082060115651682
61236.3304 lsst_hardware_g 53.4172021176551 16.761893225286258 31.440000534057617 AB 5.128469347875437 1.0875001267804425
61236.3509 lsst_hardware_r 103.6496991722922 26.998918213561353 31.5 AB 4.036716419719833 1.0823746935833654
61239.3282 lsst_hardware_i 282.13867493214667 36.27845062071589 31.239999771118164 AB 1.9516721231042897 1.0842622906134942
61239.3486 lsst_hardware_z 198.91246878316315 44.829742371467255 30.940000534057617 AB 1.7284443019724507 1.0840039523188778
61245.3249 lsst_hardware_g 240.3671206017691 22.28737693505386 31.440000534057617 AB 5.661482163821824 1.082190989930579
61245.3463 lsst_hardware_r 933.6939984583784 39.05325819048695 31.5 AB 5.51165334836784 1.0935820135650476
61247.2931 lsst_hardware_r 1216.5866674429574 69.0414501642356 31.6299991607666 AB 9.102932712607256 1.0934015910402695
61247.3128 lsst_hardware_i 852.0020233840204 58.40402768543927 31.299999237060547 AB 8.962202091843695 1.0823915569857372
61250.3076 lsst_hardware_z 1534.55858271165 114.54917081455697 31.739999771118164 AB 4.003716252408787 1.0820854736239964
61252.2863 lsst_hardware_z 845.0165290687869 100.47083531452988 30.989999771118164 AB 3.9058735439195456 1.0877850567915555
61252.3071 lsst_hardware_r 1548.2807173325014 148.81825883172252 31.649999618530273 AB 3.666408474726898 1.082361231437988
61254.2984 lsst_hardware_i 1323.4418068778994 99.81974085405211 31.329999923706055 AB 1.4667471266894065 1.0820709160379245
61254.3181 lsst_hardware_z 835.3913352633784 87.47528064557127 30.989999771118164 AB 1.475411073399624 1.0903395049141205
61257.2793 lsst_hardware_i 1352.4852249133835 54.981420065057286 31.280000686645508 AB 0.3927392925422281 1.084166439039967
61257.3007 lsst_hardware_z 847.0798929094623 55.19823350780687 30.950000762939453 AB 1.699097240388989 1.0845301534397802
61259.2777 lsst_hardware_g 857.9670442365125 37.45515665529303 32.220001220703125 AB 4.509936165818654 1.082882805887185
61259.2985 lsst_hardware_r 3404.8661579358404 67.76906401214859 32.2599983215332 AB 4.5077030489221475 1.0861935057644814
61262.2573 lsst_hardware_r 1524.504904084168 46.13923167107312 31.5 AB 4.669086899124458 1.088999859854101
61262.2773 lsst_hardware_i 1296.5173179337257 47.685027569440955 31.239999771118164 AB 4.636269704998893 1.082102860310163
61265.2471 lsst_hardware_z 918.89419031052 51.798591430509354 30.950000762939453 AB 3.831871611012609 1.0905879404252854
61265.2675 lsst_hardware_u -2.2991286853351554 2.983622037905947 28.479999542236328 AB 3.6790275862465163 1.0820669371313283
61267.2493 lsst_hardware_g 242.33602733711712 22.539500820946007 31.459999084472656 AB 4.702227520994965 1.085421656829523
61267.2689 lsst_hardware_r 1386.9809188164877 43.981427964650315 31.510000228881836 AB 5.0898200100386894 1.0829404276678063
61269.2465 lsst_hardware_i 1157.2273907356987 46.46270425611529 31.260000228881836 AB 4.582848416919811 1.0841846266667283
61269.2657 lsst_hardware_z 894.3216161809848 51.401155393117236 30.950000762939453 AB 3.8241641011496674 1.0836395866108437
61273.2451 lsst_hardware_i 999.0719132186216 47.855890832670454 31.260000228881836 AB 1.518518224241656 1.0820794947090184
61273.2637 lsst_hardware_z 820.0066910697955 52.38609024471054 30.950000762939453 AB 1.1539826178224786 1.088406147439263
61275.2384 lsst_hardware_z 830.8473382457333 56.24207582745906 30.969999313354492 AB 2.2258011543362186 1.0821494956663686
61275.2568 lsst_hardware_r 996.9243633533252 59.19437218494058 31.6200008392334 AB 2.0832235288882983 1.0874193025646868
61277.2359 lsst_hardware_i 862.3826002135827 70.63675627141014 31.31999969482422 AB 3.6550130051509124 1.0820851173565316
61277.2537 lsst_hardware_r 947.2433612372593 83.3191179301351 31.639999389648438 AB 3.509389123273101 1.0890832078017278
61279.1937 lsst_hardware_z 1523.1540690214526 137.59882247008457 31.739999771118164 AB 2.5282597100515556 1.1080758407822742
61285.1888 lsst_hardware_g 75.97157881219552 43.98505707935991 31.68000030517578 AB 2.7461686181154095 1.0939458045872033
61285.2066 lsst_hardware_r 517.7970047174006 53.64946916681056 31.6200008392334 AB 2.7154127732019657 1.0829163602002305
61287.1716 lsst_hardware_r 374.9320123072719 32.2361849076235 31.510000228881836 AB 1.6626892839457357 1.1084595226304905
61287.1904 lsst_hardware_i 566.3975720452974 39.549023636459715 31.239999771118164 AB 1.6320383525081341 1.088025568338756
61298.155 lsst_hardware_z 330.60898551496575 46.92065011752442 30.950000762939453 AB 1.528544219813126 1.0923374605620244
61298.1729 lsst_hardware_i 259.6261963997046 36.67940996187185 31.260000228881836 AB 1.0978506325885253 1.0825150033740596
61300.1317 lsst_hardware_r 160.1957436119733 30.086342753311136 31.530000686645508 AB 0.785293905600783 1.1154742977283851
61300.1505 lsst_hardware_z 434.57536148974503 46.750448905718464 30.950000762939453 AB 0.6046789572438463 1.0914782621730077
61304.1418 lsst_hardware_i 288.0770576947465 49.876191615828866 31.299999237060547 AB 4.915901829326871 1.0896379982992068
61304.1612 lsst_hardware_z 358.32547483692395 53.225986033034005 30.959999084472656 AB 4.853623911043052 1.0820697605714085
61306.1396 lsst_hardware_r 114.82534033968398 90.06805331112515 31.649999618530273 AB 1.4667729592475596 1.0873038986271384
61306.1587 lsst_hardware_z 330.969974124709 69.53989109289671 30.989999771118164 AB 1.49240642114836 1.0822381589186425
61308.1073 lsst_hardware_z 199.88539205772534 107.26779741055303 31.0 AB 5.646431627211903 1.1199533806040596
61308.1278 lsst_hardware_r 172.7495618145265 154.3464009019673 31.649999618530273 AB 6.0098847556204085 1.0922429434095369
61310.1071 lsst_hardware_i 179.18776157026284 106.76616595997258 31.329999923706055 AB 3.6253126559891293 1.1110650458913662
61310.1251 lsst_hardware_z 166.31298269069714 91.18896895108888 30.989999771118164 AB 4.230946000125813 1.089888201990163
61312.1065 lsst_hardware_r 48.03607429762368 71.32093738865306 31.639999389648438 AB 4.103716894426516 1.1039658065577054
61312.1242 lsst_hardware_z 260.77317166873195 59.48955417966973 30.969999313354492 AB 4.048807908800026 1.0866851913576452
61314.1079 lsst_hardware_g 17.10937643345268 15.809894081254697 31.440000534057617 AB 6.938355091330808 1.0957027569612268
61314.1262 lsst_hardware_r 109.09508594940758 26.73132917333583 31.510000228881836 AB 6.390354102283044 1.083263868164946
61316.0998 lsst_hardware_i 135.00078310602765 34.14796227416682 31.25 AB 3.938265859520737 1.0986421404652758
61316.1184 lsst_hardware_z 139.94781291641166 44.67766191047965 30.950000762939453 AB 3.889374104794917 1.0840957274351715
61318.0984 lsst_hardware_r 94.54973922050542 26.41101483246933 31.510000228881836 AB 3.866230118802604 1.0942418789507122
61318.1187 lsst_hardware_g -11.469574487334185 15.649070759527394 31.450000762939453 AB 3.8304899376052033 1.0824415224598707
61322.0982 lsst_hardware_z 182.33663903289144 44.2662888933538 30.950000762939453 AB 6.181084060176713 1.0859248173180325
61322.116 lsst_hardware_i 231.2372869430878 33.64114251340456 31.25 AB 6.228323639458036 1.0823710200066101
61324.0735 lsst_hardware_r 84.49165008196232 26.089470147560966 31.520000457763672 AB 3.423280123983869 1.1042839109625384
61324.0925 lsst_hardware_u -1.1000182029708094 3.1541794710646154 28.479999542236328 AB 4.561446343425261 1.0860586531964906
61327.072 lsst_hardware_g 5.372464769144627 15.513252159612243 31.440000534057617 AB 7.892155696927624 1.0961327356843922
61327.0894 lsst_hardware_r 109.20947988629982 25.79063099161734 31.5 AB 7.808778498096061 1.0836996574126159
61329.0761 lsst_hardware_i 70.51002897588654 33.89384604274289 31.25 AB 9.019399435494071 1.087766766089737
61329.0941 lsst_hardware_z 176.81118114373447 43.909682133191055 30.950000762939453 AB 8.364577534729024 1.082092824673871
61331.0727 lsst_hardware_r 15.726088913294097 32.92659156454987 31.559999465942383 AB 6.239157376148853 1.086456473673158
61331.091 lsst_hardware_g -10.405326041905294 26.794738390885446 31.6200008392334 AB 9.367194980856327 1.082307956732037
61333.0676 lsst_hardware_r 62.13864216956633 54.408036882782746 31.6299991607666 AB 3.130194730539985 1.0862445565783638
61333.0833 lsst_hardware_i 168.59776722208812 50.138280059291226 31.309999465942383 AB 3.1327645798401296 1.0820982400645218
61338.0424 lsst_hardware_r 120.10125274488506 114.86957080117668 31.649999618530273 AB 4.174584085128285 1.0956673961973584
61338.0603 lsst_hardware_z -53.696538911394256 78.89113589878792 30.989999771118164 AB 4.1459983523950354 1.0833782685961084
61341.0414 lsst_hardware_g 12.108824799784601 16.016608257805984 31.469999313354492 AB 3.8606819754089376 1.0891523346085659
61341.0597 lsst_hardware_r 78.41529087056166 46.82513718099027 31.6200008392334 AB 2.838275522638298 1.0820722541510857
61344.0368 lsst_hardware_i 8.355391033304043 32.06999969482422 31.260000228881836 AB 5.055046648006009 1.0866978337198572
61344.0549 lsst_hardware_z -19.317411057837685 42.470001220703125 30.959999084472656 AB 4.40530925301346 1.082230455015897
61351.0122 lsst_hardware_y 55.75823786543805 56.630001068115234 30.040000915527344 AB 4.4475254811580704 1.0906589646032787
61351.0256 lsst_hardware_r 10.559340406135801 24.979999542236328 31.520000457763672 AB 4.253187330281744 1.0831316814876792
61356.0122 lsst_hardware_y -28.829986522094494 66.56999969482422 30.049999237060547 AB 5.79707148497908 1.0830586613692816
61356.0296 lsst_hardware_z -21.782827338829772 42.65999984741211 30.940000534057617 AB 5.639158182397083 1.084192873327966
61359.0155 lsst_hardware_y 21.752308216893912 62.18000030517578 30.049999237060547 AB 6.055160788795455 1.08245459301841
61359.0341 lsst_hardware_r -28.879243311443403 27.489999771118164 31.530000686645508 AB 6.111630491762544 1.0926959370236082
61571.4125 lsst_hardware_g 13.375412350500136 16.290000915527344 31.459999084472656 AB 12.94566828206986 1.0878712842075513
61571.4321 lsst_hardware_y -54.232750425263575 49.7599983215332 30.040000915527344 AB 12.161780523474437 1.0822255810526669
61573.4006 lsst_hardware_i -62.723966541854935 52.02000045776367 31.309999465942383 AB 4.044546916267212 1.0931207881803275
61573.422 lsst_hardware_y 20.317618418470182 50.31999969482422 30.040000915527344 AB 3.8705840753885026 1.0821763491300567
61575.4024 lsst_hardware_i 39.002320875652515 66.05999755859375 31.31999969482422 AB 3.164937244451367 1.0873270615653585
61575.4224 lsst_hardware_y -31.394258966605904 53.560001373291016 30.040000915527344 AB 2.825470891648097 1.0823831029458206
61579.394 lsst_hardware_i 111.87767533692414 70.97000122070312 31.329999923706055 AB 3.56448183520106 1.085821897860366
61579.4179 lsst_hardware_y 42.898878791823776 55.7400016784668 30.049999237060547 AB 3.1269610558700407 1.0841818165398398
61581.3838 lsst_hardware_z -26.063655659284365 128.52000427246094 32.4900016784668 AB 4.845474950178961 1.0888707753211146
61586.3743 lsst_hardware_i 21.093052557538694 46.0 32.0 AB 3.871413763098248 1.0861536789763462
61586.3979 lsst_hardware_u -6.012148212372799 4.179999828338623 29.209999084472656 AB 4.406520231806079 1.0838370661161136
61588.3671 lsst_hardware_g -23.33577706892647 15.84000015258789 31.469999313354492 AB 7.530552904951338 1.0872089662818487
61588.3824 lsst_hardware_r -4.252673675224712 24.889999389648438 31.520000457763672 AB 7.995612499628685 1.082108901795973
61590.3855 lsst_hardware_i 92.0984351835553 45.380001068115234 32.0 AB 6.837447363957444 1.0833315953350937
61590.4082 lsst_hardware_r 25.576018360800578 35.130001068115234 32.2599983215332 AB 6.96826473758107 1.1009476623521628
61599.3574 lsst_hardware_i -78.89249914109017 45.0099983215332 32.0 AB 6.555122284971318 1.0824773960980876
61599.3807 lsst_hardware_z 101.35558144123839 60.0 31.690000534057617 AB 6.724575265635993 1.097471754809468
61606.3229 lsst_hardware_i -14.017651715788121 94.69999694824219 31.329999923706055 AB 3.5198789522010245 1.084541350239108
61606.3456 lsst_hardware_z 178.03990299139946 80.94999694824219 30.989999771118164 AB 3.2178167147971086 1.0848096805047143
61609.274 lsst_hardware_z 82.27916575693058 105.58999633789062 31.729999542236328 AB 5.842013609928659 1.1376482963737153
61616.3011 lsst_hardware_z 27.597657124168816 42.279998779296875 30.950000762939453 AB 4.770746766321552 1.0827226703709247
61616.3214 lsst_hardware_u 0.37916443513687775 2.7899999618530273 28.450000762939453 AB 4.8716408409592615 1.0864497861193714
61618.2854 lsst_hardware_g -8.75077194387465 15.25 31.450000762939453 AB 4.801855721370472 1.0870895494179085
61618.3046 lsst_hardware_r 22.000829538140323 24.219999313354492 31.510000228881836 AB 5.2669418918665025 1.0823410001266895
61621.2876 lsst_hardware_i 6.991244388039906 31.850000381469727 31.260000228881836 AB 1.0523759464177127 1.0826913028988814
61621.3087 lsst_hardware_z -12.675141347733234 42.349998474121094 30.950000762939453 AB 1.99959407503841 1.0870312992869855
61623.2793 lsst_hardware_i 1.752615476461709 31.959999084472656 31.25 AB 1.3480992855327039 1.0834633598816186
61623.2989 lsst_hardware_u 3.118974805430969 2.819999933242798 28.469999313354492 AB 3.0472349812872106 1.0846825989394437
61625.2577 lsst_hardware_u 0.8617592259003019 2.809999942779541 28.459999084472656 AB 3.4403081858479587 1.0940426190585797
61625.2761 lsst_hardware_g 21.691046263641176 15.369999885559082 31.450000762939453 AB 3.4492432969970963 1.0828232717845692
61630.2645 lsst_hardware_z -117.6378699093796 72.95999908447266 31.719999313354492 AB 3.6802280312711053 1.082420009197384
61648.1766 lsst_hardware_r -0.48042363717131575 25.09000015258789 31.5 AB 4.365592436884535 1.1193826761242398
61648.1926 lsst_hardware_i -23.438518614627434 32.400001525878906 31.25 AB 4.276094394413399 1.0964344601059999
61650.1891 lsst_hardware_z -77.23644391657784 42.5099983215332 30.940000534057617 AB 2.7438152442387236 1.094388849659798
61650.2075 lsst_hardware_i 30.910056265911756 32.09000015258789 31.25 AB 2.708723300499408 1.0829117672572262
61652.1682 lsst_hardware_r 10.26495834381377 25.149999618530273 31.5 AB 1.6725059948479224 1.1150039965652816
61652.1859 lsst_hardware_u -2.8779697370546495 2.7899999618530273 28.40999984741211 AB 1.638346102539129 1.092230735026086
61654.1724 lsst_hardware_g 2.5032715349593326 15.869999885559082 31.459999084472656 AB 0.736218727692057 1.100887817109618
61654.1902 lsst_hardware_r 23.042660011522564 24.850000381469727 31.510000228881836 AB 0.7296156000534365 1.0853337300906456
61656.1658 lsst_hardware_i -28.19860861765003 36.68000030517578 31.270000457763672 AB 2.8812372709119467 1.1023385063269044
61656.1851 lsst_hardware_z -8.449064490262282 44.540000915527344 30.950000762939453 AB 2.760630454144172 1.0851534804025833
61673.1115 lsst_hardware_i -22.863601211066346 32.34000015258789 31.25 AB 5.608895044266602 1.1139442675052462
61673.1301 lsst_hardware_z 1.4793301351007093 42.68000030517578 30.950000762939453 AB 5.970780384094047 1.0908855756566467
61677.1071 lsst_hardware_r 8.366460560498535 24.739999771118164 31.5 AB 4.099237466139588 1.1041469236083685
61677.1274 lsst_hardware_u -2.0007550982884914 2.759999990463257 28.399999618530273 AB 4.329672558169466 1.0853349772938437
61679.1063 lsst_hardware_g -8.352908633346908 15.609999656677246 31.440000534057617 AB 6.939014767447291 1.0982929356516764
61679.1239 lsst_hardware_i 13.300324647599407 32.15999984741211 31.25 AB 6.89110397516307 1.084416278089027
61681.0993 lsst_hardware_z -16.919913294413796 42.47999954223633 30.940000534057617 AB 3.9212015913148877 1.1001220213171854
61681.1189 lsst_hardware_r 1.1115985733135874 24.43000030517578 31.5 AB 3.9118757802320157 1.0842227772261683
61685.1002 lsst_hardware_r 24.715752641489686 31.959999084472656 31.559999465942383 AB 8.884095418759664 1.088637125112234
61685.1188 lsst_hardware_i 52.815701019130536 35.540000915527344 31.270000457763672 AB 8.807390397590487 1.0821219311451635
61687.0954 lsst_hardware_z 8.446425828505182 50.400001525878906 30.969999313354492 AB 6.141973728600255 1.0881663725152522
61687.1154 lsst_hardware_r 52.048669640699245 51.86000061035156 31.6200008392334 AB 6.116519335460668 1.0822505459381897
61690.072 lsst_hardware_r 59.29452323708179 116.5 31.649999618530273 AB 5.9779001130667515 1.1036123285661696
61690.0898 lsst_hardware_z 90.04781166009565 83.54000091552734 30.989999771118164 AB 6.279383302584033 1.0864924824957038
61691.0746 lsst_hardware_z 44.98427962030697 90.75 30.989999771118164 AB 5.227154684684386 1.0970853732612615
61691.093 lsst_hardware_i -111.62375042137622 106.44999694824219 31.329999923706055 AB 5.650515807009664 1.0836853074015655
61693.0711 lsst_hardware_z -28.292768884036864 82.01000213623047 30.989999771118164 AB 6.464272511285641 1.0949898384493335
61693.0891 lsst_hardware_r 39.69465900076471 121.30999755859375 31.649999618530273 AB 6.715722560586903 1.0831810581591779
61695.0663 lsst_hardware_y 40.48896074574515 53.36000061035156 30.040000915527344 AB 7.134236675382359 1.0943199727041149
61695.0865 lsst_hardware_g -22.424052348154973 85.33000183105469 31.719999313354492 AB 7.450285082361262 1.0825100314610152
61697.0683 lsst_hardware_r -16.84625643142213 24.229999542236328 31.510000228881836 AB 4.130225587279091 1.0880228974457828
61697.0862 lsst_hardware_i -15.798535499400922 31.65999984741211 31.25 AB 4.565574321945211 1.0821247084347414
61701.069 lsst_hardware_z -18.26081320629965 42.459999084472656 30.950000762939453 AB 4.711782974928874 1.0827329177753489
61701.0859 lsst_hardware_r -24.301364626238907 24.40999984741211 31.510000228881836 AB 5.7970286218332365 1.0846718349393276
61704.0426 lsst_hardware_r -4.509553581721756 24.549999237060547 31.520000457763672 AB 2.385568611055188 1.0934615482300327
61704.0594 lsst_hardware_u -3.3843990631282375 2.859999895095825 28.5 AB 2.377009651213825 1.0830845919868581
61706.0441 lsst_hardware_g -11.390175584641403 15.430000305175781 31.459999084472656 AB 2.877141549068813 1.0877661811221693
61706.0609 lsst_hardware_i 51.12800373773519 31.920000076293945 31.260000228881836 AB 2.957958145600505 1.082113826815377
61710.0066 lsst_hardware_u 2.9668001589214072 7.409999847412109 29.06999969482422 AB 4.6984231753743435 1.1206733870898853
61710.0084 lsst_hardware_g 18.16641651259679 21.850000381469727 31.559999465942383 AB 4.6695747743976375 1.1174573196285102
61712.0441 lsst_hardware_r -5.844181859889961 25.030000686645508 31.5 AB 3.1787190499899696 1.0821171234006501
61712.0621 lsst_hardware_i 15.027689801889998 32.13999938964844 31.25 AB 3.2262900339641893 1.0882777345768173
61721.0132 lsst_hardware_y -38.31702572251401 69.38999938964844 30.049999237060547 AB 5.631714413166398 1.0830220025316761
61721.0317 lsst_hardware_z 118.1978323369762 68.4000015258789 30.979999542236328 AB 5.443275095615648 1.0848580160668955
61723.0135 lsst_hardware_y -108.46554348499515 70.05000305175781 30.059999465942383 AB 6.645188407612804 1.0821313732032423
61723.0316 lsst_hardware_z 8.653782721987485 61.70000076293945 30.979999542236328 AB 6.704510852747257 1.0879530795533072
