data/validation/pwv_sim_epoch_fit_4/40746453.ecsv
# %ECSV 0.9
# ---
# datatype:
# - {name: time, datatype: float64}
# - {name: band, datatype: string}
# - {name: flux, datatype: float64}
# - {name: fluxerr, datatype: float64}
# - {name: zp, datatype: float64}
# - {name: zpsys, datatype: string}
# - {name: pwv, datatype: float64}
# - {name: airmass, datatype: float64}
# meta: {SNID: '40746453', alt: 1024.0, c: 0.021945619955658913, dec: -26.443335, lat: -30.244573, lon: -70.7499537, ra: 297.421875, t0: 61189.58984375,
#   x0: 5.762242110497284e-06, x1: -0.0733957439661026, z: 0.5787537097930908}
# schema: astropy-2.0
time band flux fluxerr zp zpsys pwv airmass
[from data line 132]
61580.1768 lsst_hardware_z 68.42820686381415 57.060001373291016 30.969999313354492 AB 4.312833229470051 1.14424052075258
61582.154 lsst_hardware_r 15.09989528281657 24.969999313354492 31.489999771118164 AB 7.344201174991335 1.2131655874443668
61582.1724 lsst_hardware_u 1.2657081428699068 3.609999895095825 28.59000015258789 AB 6.9695322404434314 1.1405985255413829
61585.1586 lsst_hardware_g -15.646943346996636 15.40999984741211 31.40999984741211 AB 5.475000330698291 1.1605724071432517
61585.1773 lsst_hardware_r -17.656787901798822 24.510000228881836 31.489999771118164 AB 6.3939962385328215 1.1004210031034887
61589.1525 lsst_hardware_r -40.27376616111282 24.799999237060547 31.489999771118164 AB 7.086178249347797 1.1433007824052592
61589.1713 lsst_hardware_u -2.6152992540418087 2.809999942779541 28.440000534057617 AB 7.209794822402376 1.0874501994573975
61591.1517 lsst_hardware_g -16.895554812196 15.449999809265137 31.43000030517578 AB 4.087751073612136 1.127811028724551
61591.1701 lsst_hardware_i -43.660169408876456 31.84000015258789 31.25 AB 3.8775258778017747 1.077090521611604
61593.1476 lsst_hardware_z 3.6245879939522454 42.959999084472656 30.950000762939453 AB 2.022306249049066 1.1235034716939256
61593.1653 lsst_hardware_r -10.183348675435527 24.709999084472656 31.520000457763672 AB 1.9359981055838689 1.0755545031021494
61598.1517 lsst_hardware_r 20.76111751790099 40.15999984741211 31.600000381469727 AB 5.808069724677023 1.0754356976935606
61598.1698 lsst_hardware_i 42.90880794805546 39.38999938964844 31.290000915527344 AB 6.0983086673977045 1.04022322684825
61600.1552 lsst_hardware_z 26.280832218283216 53.349998474121094 30.969999313354492 AB 7.932050313020176 1.0563977199010257
61600.1752 lsst_hardware_r -8.36434706783524 62.56999969482422 31.649999618530273 AB 7.465352286355522 1.0249677059594318
61611.0642 lsst_hardware_i -29.782005238965514 33.439998626708984 31.229999542236328 AB 5.947145569885812 1.2653501212523004
61611.0837 lsst_hardware_r 48.15343947241349 25.110000610351562 31.5 AB 6.276995356516132 1.1755773680150072
61612.0676 lsst_hardware_u 2.781088138655455 2.700000047683716 28.299999237060547 AB 10.43319818760777 1.2342111420671653
61612.085 lsst_hardware_g -27.11543841789375 15.710000038146973 31.43000030517578 AB 8.36148178071198 1.1601352947061299
61617.0699 lsst_hardware_r -5.697273942888359 24.889999389648438 31.5 AB 4.118262171781075 1.1655733876123788
61617.0886 lsst_hardware_i -12.052214825409703 32.220001220703125 31.25 AB 4.301467841718531 1.1041200877138477
61619.0539 lsst_hardware_i 80.69628473583327 32.810001373291016 31.229999542236328 AB 2.096451151954981 1.2090260391897238
61619.0731 lsst_hardware_z -24.894781143278788 42.88999938964844 30.940000534057617 AB 1.9944419486096279 1.134817609450713
61622.0704 lsst_hardware_u -2.008245242376138 2.7200000286102295 28.3700008392334 AB 2.4582877093398303 1.1174035042453774
61622.0889 lsst_hardware_g -4.330339836721593 15.470000267028809 31.450000762939453 AB 2.509271065532722 1.0692916472440577
61624.0727 lsst_hardware_r 26.779124127826307 25.770000457763672 31.520000457763672 AB 2.497624818316944 1.0953293798122767
61624.0906 lsst_hardware_z -69.47110742741064 42.099998474121094 30.950000762939453 AB 2.880576704652397 1.0546090385278934
61626.0753 lsst_hardware_r 0.97035710882507 32.7400016784668 31.56999969482422 AB 4.36848982550967 1.0753205724334234
61626.0945 lsst_hardware_y -9.933852673486047 47.88999938964844 30.049999237060547 AB 3.957030208541404 1.0384089070699976
61627.071 lsst_hardware_g 16.52698409336241 38.810001373291016 31.68000030517578 AB 3.5272325553837036 1.0789943577192944
61627.0887 lsst_hardware_r 81.27012229474795 41.380001068115234 31.6200008392334 AB 3.902340865734952 1.0433601530417411
61631.0759 lsst_hardware_r -88.63312689624478 122.91999816894531 31.65999984741211 AB 3.5214185868363352 1.0465617317293514
61631.0942 lsst_hardware_z 66.20215635420006 84.80999755859375 31.0 AB 3.646698975525663 1.0207694823024949
61648.9763 lsst_hardware_y 46.11432985664469 63.4900016784668 30.020000457763672 AB 5.238101328035016 1.1903873936902545
61648.9949 lsst_hardware_z -11.202773612968079 42.84000015258789 30.940000534057617 AB 4.91658528650737 1.1228712376165892
61652.9777 lsst_hardware_y 29.108003472251717 62.83000183105469 30.020000457763672 AB 2.234092158659272 1.1434892686678764
61652.9936 lsst_hardware_r 26.35497489935054 25.530000686645508 31.510000228881836 AB 2.176979275753316 1.0951059027055037
