data/validation/pwv_sim_epoch_fit_4/40873107.ecsv
# %ECSV 0.9
# ---
# datatype:
# - {name: time, datatype: float64}
# - {name: band, datatype: string}
# - {name: flux, datatype: float64}
# - {name: fluxerr, datatype: float64}
# - {name: zp, datatype: float64}
# - {name: zpsys, datatype: string}
# - {name: pwv, datatype: float64}
# - {name: airmass, datatype: float64}
# meta: {SNID: '40873107', alt: 1024.0, c: -0.029904412105679512, dec: -18.209957, lat: -30.244573, lon: -70.7499537, ra: 258.574219,
#   t0: 61579.8046875, x0: 6.857239061882181e-05, x1: 1.1684842109680176, z: 0.19998539984226227}
# schema: astropy-2.0
time band flux fluxerr zp zpsys pwv airmass
61489.4068 lsst_hardware_y 55.161385033493744 61.060001373291016 30.06999969482422 AB 7.581886633355824 1.0224032138834
61494.3837 lsst_hardware_r 37.89831668440573 41.619998931884766 31.6299991607666 AB 7.500372207195739 1.0245010527517742
61494.4032 lsst_hardware_y 19.39053221845508 50.279998779296875 30.059999465942383 AB 7.515311535012247 1.0235125569746113
61497.3804 lsst_hardware_r 19.426038964994873 25.469999313354492 31.540000915527344 AB 10.758059105325524 1.023034386749396
61497.3999 lsst_hardware_y -20.257848266057998 48.0 30.059999465942383 AB 10.809662247605978 1.0253009285165406
61499.3867 lsst_hardware_z -17.128993614949113 41.54999923706055 30.950000762939453 AB 8.357520207525198 1.0228479601254703
61499.4042 lsst_hardware_y 33.72563810125528 48.130001068115234 30.049999237060547 AB 8.43385607399473 1.0313489543252334
61503.3613 lsst_hardware_g 7.635242173739201 15.619999885559082 31.489999771118164 AB 9.501754280845649 1.0237488450846481
61503.3799 lsst_hardware_r 12.28834983861098 24.469999313354492 31.530000686645508 AB 8.661837320246667 1.023898181990622
61505.3578 lsst_hardware_z 5.267840565147453 58.720001220703125 31.700000762939453 AB 4.888634687754876 1.0232085579519388
61505.3764 lsst_hardware_u -3.6512283504065457 3.950000047683716 29.219999313354492 AB 4.480926103577949 1.0246020053912992
61511.3323 lsst_hardware_r -9.758694119589208 24.31999969482422 31.530000686645508 AB 17.541927920052558 1.0268445611738084
61511.3497 lsst_hardware_g -14.656081757120697 15.529999732971191 31.5 AB 17.657902765992944 1.0223722760613116
61515.3375 lsst_hardware_z -27.687447654711423 63.4900016784668 30.989999771118164 AB 4.49833552235538 1.0223489823534955
61515.3566 lsst_hardware_i -76.9920195678263 70.72000122070312 31.34000015258789 AB 4.571773406747668 1.0285204514617925
61520.3192 lsst_hardware_r -55.764679738080304 98.54000091552734 31.670000076293945 AB 13.119116083170596 1.0227336646400778
61520.3372 lsst_hardware_i -21.308713440100288 82.83999633789062 31.34000015258789 AB 15.995347360892236 1.0253427795443741
61522.3279 lsst_hardware_z 16.76016138459865 72.18000030517578 31.719999313354492 AB 2.063925088950359 1.0238570098141508
61524.3016 lsst_hardware_r 17.617262165061476 32.08000183105469 31.56999969482422 AB 12.309614831635898 1.0245774351443468
61524.3189 lsst_hardware_g -83.86215656176482 27.309999465942383 31.639999389648438 AB 12.330460839843676 1.0229351949430625
61526.2954 lsst_hardware_r -13.767662508621065 24.8799991607666 31.530000686645508 AB 10.046856393281614 1.0248756904296248
61526.3121 lsst_hardware_i 32.18519119163498 31.770000457763672 31.260000228881836 AB 10.04545066811423 1.0226979555219373
61528.2982 lsst_hardware_z -41.849698153305866 41.290000915527344 30.950000762939453 AB 12.768302069651924 1.022609488198941
61528.3177 lsst_hardware_i 7.4390427152546605 31.209999084472656 31.25 AB 12.822415742096462 1.026498121411086
61530.2959 lsst_hardware_u -0.748538304885038 2.869999885559082 28.540000915527344 AB 8.522637841840474 1.0223587154704423
61530.3144 lsst_hardware_g 5.683716157696671 15.289999961853027 31.479999542236328 AB 8.61548721366155 1.0277331759109567
61535.2823 lsst_hardware_g 7.283358172884605 15.460000038146973 31.489999771118164 AB 7.258739730865812 1.0223577085726496
61535.3019 lsst_hardware_r -43.99146493272848 24.229999542236328 31.520000457763672 AB 6.993512448311963 1.0284577129870534
61539.1328 lsst_hardware_z 50.229507661120586 85.91999816894531 32.11000061035156 AB 9.242884671918214 1.4662711657636058
61539.1567 lsst_hardware_i -46.995145216442246 55.599998474121094 32.0 AB 8.176604133832637 1.297461779408543
61541.263 lsst_hardware_z -46.566384034657496 67.44000244140625 31.719999313354492 AB 5.071447457337867 1.022572327318856
61547.2231 lsst_hardware_z 52.344115681815396 146.0800018310547 31.760000228881836 AB 4.9188812278375575 1.0350092010178975
61553.213 lsst_hardware_r -18.554653911295137 43.959999084472656 32.33000183105469 AB 7.229431086348203 1.02979681440804
61553.2334 lsst_hardware_i -34.502005976246494 50.689998626708984 32.029998779296875 AB 7.2216475067126575 1.0223532127711907
61560.2092 lsst_hardware_r 2024.4832492477735 56.98623634488914 32.27000045776367 AB 11.712243652983036 1.0228735978268204
61560.2317 lsst_hardware_i 1530.9436414129536 59.31576176921412 32.0099983215332 AB 11.761119883225497 1.0272617593873354
61562.1931 lsst_hardware_z 1070.3716541464796 52.32022827136165 30.950000762939453 AB 5.641028572229893 1.0268239619374016
61562.2143 lsst_hardware_u 29.278410266533587 6.131911872939847 28.520000457763672 AB 6.466942843900863 1.022778439892064
61575.1428 lsst_hardware_z 6714.505074247244 132.08004029444166 31.010000228881836 AB 3.947852692140207 1.0389086031947914
61575.162 lsst_hardware_i 13239.506655289117 170.5820065349618 31.350000381469727 AB 3.8939391552891225 1.0247208303392428
61577.1568 lsst_hardware_z 12199.769213891652 148.99625960687467 31.75 AB 3.035940088233114 1.024616972066525
61579.1383 lsst_hardware_r 20604.559925049678 156.33214635355696 31.639999389648438 AB 3.522307483385735 1.0327076107559146
61579.1581 lsst_hardware_i 13666.287466037349 127.52348305755947 31.31999969482422 AB 3.5522233989159355 1.0227376085557027
61583.9831 lsst_hardware_r 15428.625274720045 127.00896699568096 31.350000381469727 AB 11.385864417058572 1.7595442815250655
61584.0003 lsst_hardware_i 12029.398416692518 113.86960153690738 31.170000076293945 AB 11.153380222557338 1.5558333353174454
61586.1082 lsst_hardware_z 5138.811367693729 82.80507062606443 30.950000762939453 AB 3.7717841235978473 1.044237022037146
61586.1301 lsst_hardware_i 12505.515897995567 115.81756930917885 31.260000228881836 AB 3.300505840556953 1.0255326278271217
61588.1996 lsst_hardware_u 160.13758286709393 12.939435616518658 28.420000076293945 AB 8.924995386580791 1.0896875885330366
61588.2142 lsst_hardware_g 12335.702121553928 111.98077824446652 31.43000030517578 AB 9.396147008615843 1.1285533390390365
61595.0955 lsst_hardware_i 16705.161608194823 136.68338434569503 32.0099983215332 AB 3.21234561351808 1.031968393270251
61595.1163 lsst_hardware_z 6405.886863589523 99.61642508444979 31.700000762939453 AB 3.189493758126301 1.0224921216476368
61599.1035 lsst_hardware_r 11382.645060169396 124.19460633632282 31.649999618530273 AB 7.1134752053067105 1.0227367782957986
61599.1252 lsst_hardware_i 7824.148068677033 103.75998458597084 31.31999969482422 AB 6.685624119064503 1.027253734731218
61606.0799 lsst_hardware_z 3170.2355116412914 84.71548538306749 30.989999771118164 AB 2.8769859711324153 1.0238080618484107
61606.1 lsst_hardware_i 7168.533116184819 110.90559598357055 31.34000015258789 AB 3.2779485791481573 1.024358930983799
61610.0691 lsst_hardware_g 2177.893892284243 49.674254692985485 31.479999542236328 AB 6.244995844562835 1.0237698105840713
61610.0915 lsst_hardware_r 6376.254620869934 84.39071281422673 31.520000457763672 AB 6.086351004858661 1.0253574625621777
61616.0628 lsst_hardware_i 11692.949749083466 115.92113685487469 32.02000045776367 AB 4.9073614421545 1.0223669671155209
61616.0859 lsst_hardware_z 6917.0147550196025 100.49987612418684 31.709999084472656 AB 5.367851405752643 1.0322791164908929
61618.0484 lsst_hardware_r 4711.382491307768 72.19520550516386 31.510000228881836 AB 3.8662867432592636 1.0234363690713424
61618.0702 lsst_hardware_g 1449.8275415061398 40.19962312379201 31.450000762939453 AB 3.8891982488901524 1.0256099107061165
61625.0255 lsst_hardware_r 3489.453228411358 66.34971081202153 31.559999465942383 AB 3.982544808924372 1.0247124170653215
61625.0463 lsst_hardware_z 2510.0518429485564 64.84266866011029 30.959999084472656 AB 3.3578723421912886 1.0237415677412465
61628.0252 lsst_hardware_y 922.8389540481287 60.19782646495599 30.06999969482422 AB 10.199739736234607 1.0226071871303213
61628.0464 lsst_hardware_r 3409.223167555172 94.99949385823078 31.65999984741211 AB 8.29382246045451 1.0274804832079425
61853.3934 lsst_hardware_i 44.13537972605586 32.08000183105469 31.260000228881836 AB 7.02465298642114 1.0282738763699246
61853.4131 lsst_hardware_y 109.6334518769602 77.0199966430664 30.06999969482422 AB 7.001679766681382 1.0223669075974857
61855.3439 lsst_hardware_u -1.7730375600542487 2.819999933242798 28.43000030517578 AB 8.196394429532546 1.0928525906043394
61855.3619 lsst_hardware_y 135.33002773721785 47.29999923706055 30.040000915527344 AB 7.929126090291927 1.0572168120389236
61859.3903 lsst_hardware_r 1.359919718768094 24.65999984741211 31.510000228881836 AB 7.464287485221788 1.022832067586246
61859.4119 lsst_hardware_y -33.28693645678511 59.880001068115234 30.059999465942383 AB 7.579627469200496 1.026864270574489
61863.3809 lsst_hardware_i 30.596441579278306 31.540000915527344 31.260000228881836 AB 6.263054064411222 1.0225950905210441
61863.4001 lsst_hardware_z 37.75247957959703 42.189998626708984 30.950000762939453 AB 6.31843990348386 1.026387248779089
61865.3605 lsst_hardware_z 14.14799932050641 41.650001525878906 30.950000762939453 AB 7.845126489327703 1.0283632953403685
61865.3788 lsst_hardware_r 2.4467179802159102 24.3799991607666 31.520000457763672 AB 8.369983468559957 1.0223504908464587
61869.3099 lsst_hardware_i 116.71428778865295 61.689998626708984 31.31999969482422 AB 8.51243597395947 1.0832368153500915
61869.3278 lsst_hardware_z -127.36300818428408 56.93000030517578 30.979999542236328 AB 8.194886807841797 1.0509408978551722
61873.2766 lsst_hardware_r -106.49206135886405 161.22999572753906 32.38999938964844 AB 13.606375247173817 1.1440818908171995
61875.3628 lsst_hardware_z -194.71961399670803 91.12999725341797 31.739999771118164 AB 10.06041264387583 1.0243515483136902
61879.3106 lsst_hardware_r 27.49206410963939 27.639999389648438 31.549999237060547 AB 11.06060292802951 1.0383105306763212
61879.3292 lsst_hardware_i 22.749951329587756 32.970001220703125 31.270000457763672 AB 10.914460315699154 1.0247357352078823
61882.3137 lsst_hardware_u 2.100528609492535 2.8499999046325684 28.520000457763672 AB 7.05570784329234 1.0286163075031658
61882.3286 lsst_hardware_g 15.694337977465366 15.239999771118164 31.469999313354492 AB 7.148435242149084 1.0226537941344167
61884.3175 lsst_hardware_r -51.56289308021919 24.040000915527344 31.510000228881836 AB 9.113710042840593 1.0240123643641115
61884.3367 lsst_hardware_i -28.92030716940222 31.219999313354492 31.260000228881836 AB 9.498540656492985 1.0238254547553742
61887.2242 lsst_hardware_g -12.931336046481054 21.459999084472656 32.150001525878906 AB 3.3781052258551774 1.1968486185492215
61887.2454 lsst_hardware_r -32.81057751441091 24.31999969482422 31.489999771118164 AB 3.2001602189984917 1.1222725649652785
61890.3052 lsst_hardware_r -25.254766444910256 24.049999237060547 31.520000457763672 AB 11.22579092649996 1.0229210129621578
61890.3274 lsst_hardware_i 9.387830726477018 31.260000228881836 31.260000228881836 AB 11.263209700556825 1.0269389528897745
61890.3463 lsst_hardware_z -25.1984943493288 41.56999969482422 30.950000762939453 AB 10.929721795011254 1.043908480898878
61892.2422 lsst_hardware_z 30.67309591778282 42.79999923706055 30.950000762939453 AB 8.673319560775452 1.0944942344344062
61892.2599 lsst_hardware_i 3.8204856290750686 31.719999313354492 31.260000228881836 AB 8.430849552510422 1.0588194100484045
61893.2581 lsst_hardware_u 1.3799604296837062 2.869999885559082 28.520000457763672 AB 13.425342063733181 1.0573078043524937
61893.276 lsst_hardware_g -19.63880480372145 15.289999961853027 31.469999313354492 AB 13.08623433304253 1.034703046732581
61900.2851 lsst_hardware_i -6.564030377288052 106.95999908447266 31.350000381469727 AB 7.258903293775034 1.0223807456021174
61900.3037 lsst_hardware_z -87.23586929805364 89.52999877929688 31.0 AB 6.998492465850676 1.0291900685074524
61909.2448 lsst_hardware_u 0.6919810255438313 2.809999942779541 28.469999313354492 AB 8.138432399946574 1.0258528235226774
61909.2639 lsst_hardware_g 10.182648494998467 16.719999313354492 31.510000228881836 AB 7.636419761943818 1.0227347895460472
61911.2264 lsst_hardware_r -12.467019100574419 24.469999313354492 31.530000686645508 AB 6.949187211415745 1.0351321566161051
61911.2473 lsst_hardware_i -26.441999788187847 31.450000762939453 31.260000228881836 AB 6.914549023609999 1.0230388415569747
61925.1132 lsst_hardware_r -12.53214650390744 59.5099983215332 31.600000381469727 AB 14.263974104696324 1.2289466488825478
61925.1358 lsst_hardware_z -3.055281368033973 52.540000915527344 30.959999084472656 AB 12.234761094257037 1.140265252616009
61927.1995 lsst_hardware_r 13.69428719058448 147.6300048828125 32.41999816894531 AB 5.623665667330496 1.024222741743048
61927.2241 lsst_hardware_i -141.4718984606921 117.73999786376953 32.09000015258789 AB 6.524609482633998 1.0257475932347435
61943.1564 lsst_hardware_i 4.296700582440411 31.649999618530273 31.260000228881836 AB 2.6900995227874986 1.0240196127854762
61943.1772 lsst_hardware_z 10.660372085110277 41.68000030517578 30.959999084472656 AB 2.151184907487358 1.0243737654701703
61946.0743 lsst_hardware_z 7.811476856793879 43.2599983215332 30.940000534057617 AB 5.48049570986763 1.1542138071642456
61946.0892 lsst_hardware_r 50.6557821702459 24.790000915527344 31.510000228881836 AB 5.680401115576817 1.1086233189168562
61948.1362 lsst_hardware_u -0.19531989770873176 2.809999942779541 28.469999313354492 AB 8.24007186703914 1.0269708612486983
61948.1589 lsst_hardware_g -9.872017097408762 15.510000228881836 31.459999084472656 AB 8.171837006025777 1.0230141469737093
61959.1236 lsst_hardware_z 149.18709512413707 85.97000122070312 31.0 AB 1.7436447485560498 1.0223657276786537
61959.1452 lsst_hardware_r -103.58305532063284 131.14999389648438 31.670000076293945 AB 1.7446910403470566 1.0310904941721093
61961.0941 lsst_hardware_g 240.0543566548686 114.4000015258789 32.4900016784668 AB 8.901497183198035 1.0314596967784515
61961.1151 lsst_hardware_i -93.63180887187347 88.73999786376953 32.08000183105469 AB 8.870524326220194 1.0224209689050476
61963.0949 lsst_hardware_z -71.65075977722987 46.34000015258789 30.959999084472656 AB 7.464422969128538 1.0271670523088672
61963.1176 lsst_hardware_r 17.71218075954484 47.13999938964844 31.6299991607666 AB 7.344732813450864 1.0229432887815457
61967.0973 lsst_hardware_r -20.5246083946153 23.850000381469727 31.5 AB 3.864233066372347 1.0225543970289355
61967.1208 lsst_hardware_i -8.460385479087574 31.25 31.25 AB 3.983571810952557 1.0292137478239394
61977.0725 lsst_hardware_r 13.019341817750702 23.84000015258789 31.5 AB 8.78688886735602 1.0223652886312464
61977.097 lsst_hardware_u -0.8946496857464513 2.690000057220459 28.389999389648438 AB 7.6941311594605954 1.031845931085462
61980.077 lsst_hardware_g -12.740668183129712 25.68000030517578 31.6200008392334 AB 3.947803689611755 1.0246938111122397
61980.0976 lsst_hardware_i 1.160551627194598 34.97999954223633 31.270000457763672 AB 3.803649904365761 1.0403856412378996
61982.0548 lsst_hardware_z -36.498494915783446 53.90999984741211 30.979999542236328 AB 3.6456909447976136 1.0227776531905215
61982.0781 lsst_hardware_r 20.768397730059245 60.08000183105469 31.639999389648438 AB 3.6725107578801355 1.0280665568983514
61988.0394 lsst_hardware_g 108.75370597552327 108.0999984741211 31.739999771118164 AB 1.159658158719389 1.0226262422569568
61988.0655 lsst_hardware_r 152.8818290255654 100.87000274658203 31.65999984741211 AB 1.7647195682178116 1.0306938001857442
61989.0443 lsst_hardware_z 25.373523084264388 62.34000015258789 30.989999771118164 AB 2.394603976080623 1.022570289775007
61989.0679 lsst_hardware_r 125.1866270684246 89.20999908447266 31.65999984741211 AB 2.433961017279224 1.035067411132989
61991.0157 lsst_hardware_r 8.701033310248015 24.239999771118164 31.520000457763672 AB 5.732237027544946 1.028880643929331
61991.0347 lsst_hardware_u -2.9689337887238283 6.860000133514404 29.100000381469727 AB 5.717347668883831 1.0223545929934728
61993.0155 lsst_hardware_g 16.934867762276113 15.579999923706055 31.479999542236328 AB 10.21186910856756 1.0258287861139215
61993.0331 lsst_hardware_i 24.137041844063226 31.469999313354492 31.260000228881836 AB 10.347824853203674 1.0225375975892363
61996.0056 lsst_hardware_z 8.626315120624197 59.08000183105469 31.709999084472656 AB 3.230898846120253 1.026714320042451
61996.0246 lsst_hardware_r -20.561049548420613 34.63999938964844 32.290000915527344 AB 3.1961786969635724 1.0225045151576344
62003.9853 lsst_hardware_z 19.82407972350318 42.54999923706055 30.959999084472656 AB 3.4131151790180114 1.0259094293569155
62004.005 lsst_hardware_r -41.83207879320834 24.68000030517578 31.530000686645508 AB 3.0691439458800103 1.022820688473676
62011.9736 lsst_hardware_y -59.441518129813836 77.41000366210938 30.079999923706055 AB 6.002785108549784 1.0226645272029955
62011.9909 lsst_hardware_z 18.790871581188174 63.13999938964844 30.989999771118164 AB 5.794198781170997 1.0252346005406445
62013.9731 lsst_hardware_y 57.871455651690425 81.7699966430664 30.079999923706055 AB 4.100932370681354 1.0223577116064453
62013.9905 lsst_hardware_i 85.69417546368979 67.83000183105469 31.329999923706055 AB 4.6499206811531675 1.0279285996322607
