data/validation/pwv_sim_epoch_fit_4/40923680.ecsv
# %ECSV 0.9
# ---
# datatype:
# - {name: time, datatype: float64}
# - {name: band, datatype: string}
# - {name: flux, datatype: float64}
# - {name: fluxerr, datatype: float64}
# - {name: zp, datatype: float64}
# - {name: zpsys, datatype: string}
# - {name: pwv, datatype: float64}
# - {name: airmass, datatype: float64}
# meta: {SNID: '40923680', alt: 1024.0, c: -0.09075386077165604, dec: -25.778666, lat: -30.244573, lon: -70.7499537, ra: 238.007812, t0: 63065.453125,
#   x0: 4.002598294083991e-06, x1: -0.13980738818645477, z: 0.6715309619903564}
# schema: astropy-2.0
time band flux fluxerr zp zpsys pwv airmass
62914.3029 lsst_hardware_r 23.19360902749011 29.81999969482422 31.459999084472656 AB 7.184882870221589 1.4568873680746792
62914.323 lsst_hardware_i -59.39698314172958 36.290000915527344 31.219999313354492 AB 6.452519568193071 1.3137574199721207
62921.2918 lsst_hardware_g -14.872703578782776 16.420000076293945 31.360000610351562 AB 13.824967079333708 1.3943838300848477
62921.3113 lsst_hardware_r -27.70223431158031 26.489999771118164 31.479999542236328 AB 12.59740182019808 1.2712663300791924
62925.3162 lsst_hardware_g -27.483768951298895 16.18000030517578 31.43000030517578 AB 6.264558867778439 1.1951273654368177
62925.3368 lsst_hardware_r -29.565439829143205 25.459999084472656 31.510000228881836 AB 5.322665368926172 1.1201484440313931
62927.2964 lsst_hardware_r -28.436037165980128 26.010000228881836 31.489999771118164 AB 4.244820028523653 1.263339294203468
62927.3159 lsst_hardware_i -19.015759749866383 33.27000045776367 31.239999771118164 AB 3.976502314916549 1.1740196279738857
62929.3192 lsst_hardware_r 0.7605219300422084 25.399999618530273 31.489999771118164 AB 8.36914937669533 1.1418445155461259
62929.34 lsst_hardware_u 3.0607557910799037 2.809999942779541 28.40999984741211 AB 8.099370293249065 1.081502242388712
62935.294 lsst_hardware_r -64.14689067071328 94.37999725341797 31.6200008392334 AB 10.134979449850801 1.1742532093443172
62935.3123 lsst_hardware_z -25.647667562725573 65.30000305175781 30.979999542236328 AB 9.577934660555945 1.1117311762620206
62937.3001 lsst_hardware_r 7.22600246719117 90.70999908447266 31.6299991607666 AB 8.485885346184835 1.1326595496776577
62937.3206 lsst_hardware_y -146.51706036760555 55.900001525878906 30.040000915527344 AB 8.01800761577775 1.0757372530727733
62939.3023 lsst_hardware_z 127.05793189486232 68.2300033569336 30.979999542236328 AB 11.71045574293598 1.1090496962719991
62939.3227 lsst_hardware_r -180.88942035733965 83.0999984741211 31.649999618530273 AB 11.211413226049096 1.0594629227835286
62941.3114 lsst_hardware_i -72.89491695540342 59.459999084472656 32.04999923706055 AB 8.213762957022729 1.0718263971756496
62941.3322 lsst_hardware_z 4.636514052822954 65.91999816894531 31.719999313354492 AB 8.049349120210787 1.0338455468535743
62943.2465 lsst_hardware_z 57.702548821203216 64.70999908447266 31.68000030517578 AB 7.657489790196135 1.297879625456972
62943.2639 lsst_hardware_r 32.08115001576049 36.9900016784668 32.25 AB 7.608003601595328 1.208898877372139
62948.2452 lsst_hardware_r -27.03969810469237 25.280000686645508 31.489999771118164 AB 7.980947137841717 1.2323408049166757
62948.2626 lsst_hardware_z -83.45649725176017 43.77000045776367 30.950000762939453 AB 7.109552335585432 1.158662375421345
62950.2452 lsst_hardware_r -8.141712811729132 24.989999771118164 31.489999771118164 AB 8.497273470523565 1.2070705137174862
62950.263 lsst_hardware_u 0.6991349455354238 2.9200000762939453 28.520000457763672 AB 7.472411552883621 1.1380029016384503
62954.2549 lsst_hardware_z 86.99554364143462 43.56999969482422 30.950000762939453 AB 8.995667850559244 1.128726478316038
62954.2751 lsst_hardware_r 11.813633768043998 24.700000762939453 31.530000686645508 AB 8.53121908005468 1.073649519261863
62956.2569 lsst_hardware_u 1.5648705824777878 2.7799999713897705 28.440000534057617 AB 5.06837618421725 1.106149319995035
62956.2747 lsst_hardware_r -6.505429969289269 24.239999771118164 31.520000457763672 AB 4.878271173627205 1.0626884159954701
62958.2541 lsst_hardware_i 7.966272313033107 32.13999938964844 31.260000228881836 AB 8.680157858330853 1.0987541592823864
62958.2712 lsst_hardware_z 68.84209680163629 42.15999984741211 30.959999084472656 AB 8.363906196275076 1.058722303325959
62960.2542 lsst_hardware_r -5.584855850773371 52.68000030517578 31.6200008392334 AB 7.0173736296131395 1.0843504024744397
62960.2732 lsst_hardware_z 51.84848617234244 48.34000015258789 30.959999084472656 AB 6.685927814162414 1.0450027843329517
62965.2524 lsst_hardware_i 39.34243076387778 102.23999786376953 31.34000015258789 AB 5.427031613051178 1.0581071579355
62965.2714 lsst_hardware_z 64.21501098575634 86.83999633789062 31.0 AB 5.482513700959921 1.0274575901349177
62968.1534 lsst_hardware_r -68.35826538593386 79.47000122070312 31.559999465942383 AB 9.288920288466029 1.4744317918200045
62968.1713 lsst_hardware_i -155.3460527408676 68.62999725341797 31.280000686645508 AB 8.713634734018239 1.34055918984896
62970.1551 lsst_hardware_z -88.20505823489012 46.619998931884766 30.90999984741211 AB 6.991757319578494 1.4162911518389927
62970.1742 lsst_hardware_r -23.752602372441594 31.190000534057617 31.510000228881836 AB 7.264460314535414 1.2897399581953686
62973.1337 lsst_hardware_u -1.2098705263739409 2.509999990463257 28.110000610351562 AB 22.357063611841443 1.5291063273265468
62973.1578 lsst_hardware_g -6.89353575293048 15.079999923706055 31.360000610351562 AB 19.552999618963344 1.339582974191921
62975.1557 lsst_hardware_r -46.69414031789682 25.18000030517578 31.469999313354492 AB 12.501242774305359 1.3184183478491203
62975.1741 lsst_hardware_u -5.926042578248118 2.7899999618530273 28.399999618530273 AB 11.044495801336856 1.2199818625137782
62977.1466 lsst_hardware_g -16.263226074365196 15.180000305175781 31.3700008392334 AB 9.713017048849501 1.341391665356926
62977.1633 lsst_hardware_r 29.121037763657387 24.81999969482422 31.479999542236328 AB 8.996295761748275 1.2457655281795021
62979.1586 lsst_hardware_i -17.902147412760673 33.13999938964844 31.219999313354492 AB 6.811245279097095 1.241964768035209
62979.1773 lsst_hardware_z -109.50755894435436 43.529998779296875 30.940000534057617 AB 4.739739923885121 1.1611317794916416
62984.1584 lsst_hardware_r 1.1354857870759283 24.780000686645508 31.489999771118164 AB 2.4561018004898436 1.1815282263330578
62984.1773 lsst_hardware_u -2.9686924802945907 2.799999952316284 28.43000030517578 AB 2.4967348189069307 1.1153606517342434
62990.1695 lsst_hardware_y -20.924730579269998 73.23999786376953 30.790000915527344 AB 9.97953031129601 1.091414492139843
62997.1493 lsst_hardware_z 15.90010484862427 53.220001220703125 30.969999313354492 AB 8.478604463959128 1.0942605703170558
62997.1677 lsst_hardware_r 14.458261485612965 59.04999923706055 31.639999389648438 AB 8.204273809213555 1.0529887131198077
63002.1594 lsst_hardware_i 49.65129659182113 31.8700008392334 31.260000228881836 AB 7.046000030198306 1.043542658500934
63002.1782 lsst_hardware_z 25.61882017575564 41.619998931884766 30.959999084472656 AB 5.471109709497051 1.018575718536127
63005.0355 lsst_hardware_u -0.6724562491438093 2.319999933242798 27.90999984741211 AB 13.426947946025665 1.6420383937905914
63005.0544 lsst_hardware_g 21.005072118695796 15.510000228881836 31.31999969482422 AB 11.81916669826481 1.4573571761115858
63010.0429 lsst_hardware_r 12.575547732595943 25.84000015258789 31.43000030517578 AB 11.950013168893337 1.4397606227582331
63010.0636 lsst_hardware_i -13.95535483091923 33.97999954223633 31.219999313354492 AB 10.771284028583684 1.2977450636847812
63013.039 lsst_hardware_z 58.4243247940259 47.220001220703125 30.90999984741211 AB 8.22863128817037 1.406423328320364
63013.0597 lsst_hardware_u -0.653798582538029 3.0399999618530273 28.3700008392334 AB 7.381838648484223 1.2735725304340495
63015.0416 lsst_hardware_g 30.979227349248312 26.520000457763672 31.520000457763672 AB 12.708112449656108 1.34958183825864
63015.0597 lsst_hardware_r -25.77620337061389 31.809999465942383 31.530000686645508 AB 11.966418831981269 1.2450105427853573
63019.0438 lsst_hardware_i 64.06722691029744 67.45999908447266 31.290000915527344 AB 13.519133438963632 1.2709535996016896
63019.0633 lsst_hardware_z 1.0105449483468711 62.52000045776367 30.969999313354492 AB 12.592899573511222 1.1796719325063791
63020.0452 lsst_hardware_z 119.33234751222196 78.52999877929688 30.959999084472656 AB 11.213962117843058 1.2492925350611956
63020.0654 lsst_hardware_r 8.155704235313122 106.66999816894531 31.6299991607666 AB 10.393636539049236 1.1609758770230725
63022.0436 lsst_hardware_i -102.51874023190976 136.55999755859375 31.309999465942383 AB 11.690255790903016 1.2302402852856462
63022.0641 lsst_hardware_r 133.79648824029007 163.0 31.639999389648438 AB 10.894879430186222 1.1459649138565176
63031.0453 lsst_hardware_u 5.647540442231782 3.869999885559082 29.1299991607666 AB 15.632082949037027 1.1267110463060197
63031.0651 lsst_hardware_g 28.45019502138843 21.81999969482422 32.20000076293945 AB 14.896087672852767 1.0731278490636633
63036.07 lsst_hardware_i -17.170552023565946 44.72904524685098 32.02000045776367 AB 4.040080967439091 1.0380475250357377
63039.9756 lsst_hardware_i 57.854983348601465 48.98434833976644 31.969999313354492 AB 11.127249032794165 1.3348827679325992
63043.953 lsst_hardware_y 127.28594815152391 75.50707381482808 29.950000762939453 AB 10.891515865293707 1.4167211219407585
63043.9735 lsst_hardware_z 195.05002227757754 47.512601734182084 30.93000030517578 AB 9.808533601650248 1.2821612551176795
63045.9535 lsst_hardware_y 40.782881142336635 79.91887123892235 29.959999084472656 AB 5.187050963369379 1.37308328687092
63045.9738 lsst_hardware_z 138.33947364605447 53.48177108395639 30.940000534057617 AB 4.872021858991377 1.2513754774804957
63047.9534 lsst_hardware_y 108.24810827967858 87.95732939379843 29.959999084472656 AB 9.998537737392517 1.3371647165209803
63047.9718 lsst_hardware_r 442.4541864037542 97.90221628317477 31.600000381469727 AB 9.614549314392992 1.234137643847328
63050.9644 lsst_hardware_z 916.4250934836497 132.8583552715019 31.729999542236328 AB 10.095609215116488 1.230321633235141
63052.9571 lsst_hardware_y 371.3238735804165 67.749574753123 30.010000228881836 AB 6.986635528066674 1.2392595500096433
63052.976 lsst_hardware_g 443.57759503458124 46.972608255403685 31.65999984741211 AB 7.556778689634082 1.1583637049155509
63060.9613 lsst_hardware_y 531.0130075373856 60.14604899778914 30.030000686645508 AB 9.71300228164495 1.1334606676885528
63060.981 lsst_hardware_i 1192.352319471021 46.88580143977244 31.25 AB 9.196443205909112 1.0781714649938388
63062.9625 lsst_hardware_y 346.0649127309846 60.80556793732832 30.040000915527344 AB 4.784529207730751 1.1126812111001747
63062.9818 lsst_hardware_i 1283.4091990392653 47.406419094887234 31.260000228881836 AB 4.509252199901028 1.0642558885770659
63065.9646 lsst_hardware_y 443.2470107136093 57.18020191614531 30.030000686645508 AB 2.2647980488018407 1.0848032804703402
63065.9843 lsst_hardware_g 332.21881518853957 22.99035009469547 31.450000762939453 AB 2.176925976868409 1.0441309293904997
63067.9661 lsst_hardware_y 282.65102227904947 55.34802464195015 30.049999237060547 AB 5.776638689178261 1.0686265072167962
63067.9855 lsst_hardware_i 1204.6953368687978 47.11948692938102 31.260000228881836 AB 5.606153486008929 1.0337734622918917
63070.9784 lsst_hardware_r 1086.8393690194728 42.29569262284271 31.530000686645508 AB 5.840436587755196 1.0322288032321514
63070.9998 lsst_hardware_i 1164.8709185000996 46.5545818736368 31.270000457763672 AB 5.7056656915122455 1.0101801218411128
