data/validation/pwv_sim_epoch_fit_4/41081640.ecsv
# %ECSV 0.9
# ---
# datatype:
# - {name: time, datatype: float64}
# - {name: band, datatype: string}
# - {name: flux, datatype: float64}
# - {name: fluxerr, datatype: float64}
# - {name: zp, datatype: float64}
# - {name: zpsys, datatype: string}
# - {name: pwv, datatype: float64}
# - {name: airmass, datatype: float64}
# meta: {SNID: '41081640', alt: 1024.0, c: -0.08463035523891449, dec: -18.997131, lat: -30.244573, lon: -70.7499537, ra: 291.445312, t0: 60812.2734375,
#   x0: 4.329779743510834e-06, x1: -0.0824894979596138, z: 0.6503186821937561}
# schema: astropy-2.0
time band flux fluxerr zp zpsys pwv airmass
[from data line 132]
61247.176 lsst_hardware_y -11.060408637491243 56.47999954223633 30.059999465942383 AB 11.061359814512707 1.022574594195588
61250.1475 lsst_hardware_z -197.38147602993823 156.72000122070312 31.760000228881836 AB 4.187613765390223 1.020705337680425
61252.1402 lsst_hardware_r -34.629526282245976 111.05999755859375 31.65999984741211 AB 3.778530448540037 1.0212244455513613
61252.1622 lsst_hardware_i -115.68318721863612 88.44000244140625 31.34000015258789 AB 3.783288227359691 1.0225103317188353
61254.1418 lsst_hardware_z 63.71441626784475 74.70999908447266 31.729999542236328 AB 1.8658249506253137 1.0198551246927103
61254.1635 lsst_hardware_r -47.260141722426795 89.77999877929688 32.400001525878906 AB 1.871464871188506 1.0262099458171299
61257.1158 lsst_hardware_u -0.5956431622144824 2.7300000190734863 28.40999984741211 AB 2.454354454260483 1.0265686110535308
61257.1353 lsst_hardware_g -5.146878358238427 15.4399995803833 31.459999084472656 AB 2.094452437251681 1.0197772152488316
61259.1189 lsst_hardware_r -20.476739447421952 24.389999389648438 31.520000457763672 AB 2.770618817952154 1.0219914488944648
61259.1397 lsst_hardware_z 14.402457172234062 41.43000030517578 30.950000762939453 AB 2.66545137828573 1.021245738806793
61262.13 lsst_hardware_r -34.79209304240252 24.3700008392334 31.530000686645508 AB 4.490194426983366 1.0208080691838508
61262.15 lsst_hardware_u -2.027456473082976 2.819999933242798 28.479999542236328 AB 4.5450745666438825 1.032971492419064
61265.0974 lsst_hardware_u 3.944569581864209 2.9100000858306885 28.549999237060547 AB 2.5226446229483126 1.024424212364797
61265.1169 lsst_hardware_g -27.14383883301789 15.5 31.489999771118164 AB 2.478397916048792 1.0199168378801615
61267.0911 lsst_hardware_r -0.7651704196633331 34.18000030517578 32.27000045776367 AB 3.6911237959988212 1.0249088449449488
61267.11 lsst_hardware_i -9.278931215181613 44.15999984741211 32.0099983215332 AB 3.6719950946690716 1.019809783744419
61269.0794 lsst_hardware_z 8.501505969966317 41.70000076293945 30.959999084472656 AB 4.019339055231737 1.0292801677930186
61269.1001 lsst_hardware_r 21.61015419178018 24.420000076293945 31.530000686645508 AB 4.13475549229474 1.0199199536987518
61273.0859 lsst_hardware_z 6.675049023814608 47.380001068115234 30.969999313354492 AB 2.482957340671885 1.020428373850694
61273.1055 lsst_hardware_g -27.493104844015704 42.5 31.700000762939453 AB 2.5352484362130316 1.0227931159709658
61275.0598 lsst_hardware_z 38.042591186249105 62.400001525878906 30.989999771118164 AB 2.208111142114557 1.0320687740661636
61275.0779 lsst_hardware_r 63.56443424489842 83.88999938964844 31.65999984741211 AB 2.197857328835497 1.0210719297725885
61277.0647 lsst_hardware_i -68.81654020679352 99.9800033569336 31.350000381469727 AB 4.29986517273393 1.0243871763511194
61277.0833 lsst_hardware_r 110.3462580422235 122.08000183105469 31.670000076293945 AB 4.2783402301142015 1.0198463034379615
61279.0597 lsst_hardware_z -25.611081770849204 115.73999786376953 31.75 AB 1.6464630621533338 1.024132114132283
61285.0472 lsst_hardware_r 81.12545871530935 24.229999542236328 31.520000457763672 AB 1.3759808735980672 1.0222740517073308
61285.0646 lsst_hardware_i 14.941548243500812 31.260000228881836 31.260000228881836 AB 1.476279245957324 1.0202344477935894
61287.0513 lsst_hardware_z -86.78992555618073 41.25 30.950000762939453 AB 1.5896640340072625 1.0198871047950786
61287.0702 lsst_hardware_r 25.194070878877216 24.059999465942383 31.510000228881836 AB 1.6063902449419991 1.0242658309938357
61298.0129 lsst_hardware_i -41.99658694915092 31.850000381469727 31.270000457763672 AB 1.3114867006715465 1.0218049868887045
61298.0307 lsst_hardware_u -1.1347475065291586 3.130000114440918 28.639999389648438 AB 1.3127796502991456 1.020559458641471
61299.9936 lsst_hardware_y 45.90018491719139 48.060001373291016 30.049999237060547 AB 6.891086311374202 1.0302374073260356
61300.0122 lsst_hardware_g 8.352403261221655 21.719999313354492 31.59000015258789 AB 1.8076788688948258 1.0204227315240337
61304.0064 lsst_hardware_z -33.88716090494575 92.75 31.75 AB 3.9771893209791815 1.0197921335844056
61307.983 lsst_hardware_y 120.96257038792162 77.37000274658203 30.079999923706055 AB 4.589843982412193 1.0228824386016373
61308.0024 lsst_hardware_z -42.01554665169997 63.22999954223633 30.989999771118164 AB 4.467587568936589 1.020346595623293
61309.9836 lsst_hardware_y 139.37083676409733 77.73999786376953 30.06999969482422 AB 2.1506612034978034 1.0207219760314312
61310.0029 lsst_hardware_z 76.30004165542577 56.970001220703125 30.979999542236328 AB 3.184765867750948 1.0221233060447013
