data/validation/pwv_sim_epoch_fit_4/41223748.ecsv
# %ECSV 0.9
# ---
# datatype:
# - {name: time, datatype: float64}
# - {name: band, datatype: string}
# - {name: flux, datatype: float64}
# - {name: fluxerr, datatype: float64}
# - {name: zp, datatype: float64}
# - {name: zpsys, datatype: string}
# - {name: pwv, datatype: float64}
# - {name: airmass, datatype: float64}
# meta: {SNID: '41223748', alt: 1024.0, c: -0.05561728775501251, dec: 1.342993, lat: -30.244573, lon: -70.7499537, ra: 200.742188, t0: 61151.3515625,
#   x0: 9.289739506709417e-06, x1: -1.108025312423706, z: 0.4745329022407532}
# schema: astropy-2.0
time band flux fluxerr zp zpsys pwv airmass
61074.3665 lsst_hardware_z -39.93502790854163 71.02999877929688 30.969999313354492 AB 12.587063258594501 1.1794842972289084
61074.3846 lsst_hardware_y 9.060938735124061 83.4000015258789 30.020000457763672 AB 11.914325357764653 1.1721890980829222
61076.366 lsst_hardware_z 41.383662804020155 73.08999633789062 30.969999313354492 AB 8.165865234089 1.175931630974044
61076.384 lsst_hardware_y -39.371580015900776 75.41000366210938 30.020000457763672 AB 6.717015857283169 1.1728681434054773
61078.3673 lsst_hardware_i -29.072331148141913 68.19999694824219 31.299999237060547 AB 5.554669328008866 1.1729847593725828
61078.3861 lsst_hardware_y -103.71291559983578 78.83999633789062 30.020000457763672 AB 5.178281438795647 1.1761470532725335
61080.3162 lsst_hardware_r -33.52986094443742 44.459999084472656 31.56999969482422 AB 6.754619766983614 1.2375064841265355
61080.3346 lsst_hardware_y 88.21202282210123 50.720001220703125 30.0 AB 7.9259680617024175 1.1984377699989797
61082.3646 lsst_hardware_r 31.338201305981784 28.639999389648438 31.520000457763672 AB 5.232321964620907 1.1723120964814668
61082.3825 lsst_hardware_y -58.11057217234647 54.75 30.010000228881836 AB 4.710393722112665 1.181932181861659
61086.3362 lsst_hardware_r 25.28953935365448 24.68000030517578 31.5 AB 4.760611865140492 1.177567711369869
61086.3541 lsst_hardware_g 16.384500777893955 15.319999694824219 31.43000030517578 AB 4.777957357546847 1.17236102503911
61088.3379 lsst_hardware_r -11.744305783621478 24.479999542236328 31.479999542236328 AB 4.755091266837432 1.1736619194958828
61088.3554 lsst_hardware_i -81.60061980073802 32.599998474121094 31.239999771118164 AB 4.754279983820875 1.174331229793967
61092.3389 lsst_hardware_u -2.3306606193594273 2.75 28.399999618530273 AB 6.644435869284694 1.1725475063443578
61092.3568 lsst_hardware_g -12.988783800081531 15.1899995803833 31.420000076293945 AB 6.771337542620843 1.183541628598793
61094.3431 lsst_hardware_r 34.26597647314869 24.510000228881836 31.479999542236328 AB 11.585487552932422 1.1765698840167655
61094.3611 lsst_hardware_i 0.6534974214041976 32.93000030517578 31.229999542236328 AB 11.728910273740855 1.1961562667626184
61099.3191 lsst_hardware_r -26.650285407652255 24.479999542236328 31.5 AB 6.187480886338088 1.1724265061749102
61099.3388 lsst_hardware_i 12.697660897782677 32.45000076293945 31.239999771118164 AB 5.649991517885003 1.184732966635583
61103.3147 lsst_hardware_z 2.460805176148215 126.04000091552734 31.729999542236328 AB 8.364958919923378 1.174441406798649
61105.3085 lsst_hardware_r -35.356518995842954 122.05000305175781 31.6299991607666 AB 8.413094043287225 1.174111233450187
61105.3269 lsst_hardware_i 69.1920105892343 101.94000244140625 31.309999465942383 AB 8.54902123802003 1.190174194350567
61107.3172 lsst_hardware_z 38.5105786486855 88.52999877929688 31.709999084472656 AB 11.571514488729143 1.1849989235769731
61109.3045 lsst_hardware_z 23.967247327529567 48.84000015258789 30.950000762939453 AB 10.142114925225295 1.1782196706813775
61109.3241 lsst_hardware_r 10.86435476337443 44.72999954223633 31.579999923706055 AB 10.425423091412789 1.2026558976481867
61114.274 lsst_hardware_u -6.0296992521412545 2.680000066757202 28.329999923706055 AB 10.198009698227601 1.1721850227847819
61114.2931 lsst_hardware_g 5.320082194992865 15.029999732971191 31.399999618530273 AB 9.794426968793596 1.1800514420233248
61116.2742 lsst_hardware_r -35.12822156037166 24.5 31.479999542236328 AB 9.264419659430448 1.1727113492949934
61116.2931 lsst_hardware_i 5.695303696480861 32.650001525878906 31.229999542236328 AB 9.650791022734397 1.1855280416109837
61120.2699 lsst_hardware_g -7.692549899289655 15.25 31.40999984741211 AB 5.327991100593352 1.1752489468607814
61120.2896 lsst_hardware_r 28.267318828546472 24.65999984741211 31.479999542236328 AB 5.4108090399255815 1.1953626510384585
61122.2685 lsst_hardware_i 6.840301965383566 32.650933372643095 31.239999771118164 AB 7.21347664784285 1.1778386732449
61122.2882 lsst_hardware_z -131.42335113249274 44.001767116706425 30.940000534057617 AB 7.363921587638794 1.2019458521717292
61124.2511 lsst_hardware_i 34.63897975317479 32.544965804689404 31.229999542236328 AB 7.726044831082293 1.1724633319378526
61124.2689 lsst_hardware_u 1.4419431984118054 2.8372301581665282 28.280000686645508 AB 7.647980118543212 1.182982230246413
61126.247 lsst_hardware_g -11.949772736115394 16.055670112019268 31.40999984741211 AB 7.388223516409111 1.1727338914935097
61126.2641 lsst_hardware_r -34.71480862153974 25.029133246368033 31.479999542236328 AB 8.209716711726776 1.1836669535110091
61128.2447 lsst_hardware_i -55.13061786440274 54.43630621991482 31.290000915527344 AB 7.769704342705694 1.1737009002300018
61128.262 lsst_hardware_r 6.916945167199713 55.75683977789907 31.600000381469727 AB 9.419157911160083 1.1874883902118107
61130.2498 lsst_hardware_z 144.181350811343 110.2846612133874 31.719999313354492 AB 4.542326988091875 1.1803872808934976
61133.2457 lsst_hardware_r 864.2109064799957 157.88704855158812 31.6299991607666 AB 8.475780971048625 1.184429984774809
61133.2658 lsst_hardware_i 385.83160662129984 127.8577888799346 31.309999465942383 AB 7.283593371166087 1.2167205464466213
61135.2122 lsst_hardware_i 535.0037015257462 77.48409942059733 31.309999465942383 AB 8.224693679228096 1.172833968898388
61135.2289 lsst_hardware_z 325.36604417059584 70.06336936645921 30.969999313354492 AB 8.356623819029465 1.1752236760307877
61139.2084 lsst_hardware_g 746.2678808075359 44.233975026822975 31.6200008392334 AB 8.59254328306031 1.1722432855471092
61139.2274 lsst_hardware_r 1804.1815000008162 57.835369003065956 31.56999969482422 AB 8.766552967738598 1.1824322859102505
61146.0251 lsst_hardware_u 0.03499271497725777 2.2346069883354396 27.5 AB 35.72629595060045 2.2770105768387796
61146.0379 lsst_hardware_g 964.7319271532095 34.855828319614766 31.139999389648438 AB 31.54732688042015 2.0116261361657997
61148.1925 lsst_hardware_r 3244.9625343681923 63.10222093135387 31.5 AB 15.15436005886578 1.1747565937105255
61148.211 lsst_hardware_i 2196.702044041554 55.91792784247789 31.239999771118164 AB 14.172550763771646 1.1922229874886767
61150.1852 lsst_hardware_z 1623.8519279712166 59.501185243313316 30.940000534057617 AB 3.8762073351198953 1.1739264573969348
61150.2025 lsst_hardware_r 3434.6714961428643 63.41467195821615 31.489999771118164 AB 4.026779269693277 1.188190991352398
61152.186 lsst_hardware_u 4.420124426384212 3.3078765864366977 28.3799991607666 AB 10.86163902547132 1.1774134444955755
61152.2037 lsst_hardware_g 1124.378539997012 37.11660149582082 31.40999984741211 AB 10.998586301077317 1.1976464638838478
61154.1878 lsst_hardware_r 3246.106219230182 61.591225473617165 31.479999542236328 AB 9.383302223944954 1.1838261755489612
61154.2055 lsst_hardware_z 1722.0286052540055 60.334880622639226 30.93000030517578 AB 9.572367355041454 1.2106066107445586
61156.1839 lsst_hardware_r 3273.6919829946673 78.47146958006063 31.600000381469727 AB 7.620670090901719 1.1855429512914932
61156.2019 lsst_hardware_y 661.0334127255087 56.37473860286984 30.0 AB 7.778978796452601 1.2143901956266745
61160.1523 lsst_hardware_r 3098.2299848129423 158.5540149024751 31.6200008392334 AB 12.264925663290713 1.1723869104134887
61160.17 lsst_hardware_i 2030.6026438454842 130.09769798623822 31.309999465942383 AB 13.113304890499672 1.182373006476888
61164.1594 lsst_hardware_z 2660.52443367244 102.1931217355039 31.719999313354492 AB 11.938915347865644 1.18269535211983
61167.1517 lsst_hardware_r 1737.5117498836767 61.706057984513734 31.59000015258789 AB 7.336605890617242 1.1831963053355405
61167.1698 lsst_hardware_z 1057.5948636302726 58.38984771585005 30.950000762939453 AB 7.720099635769145 1.2102050376124067
61169.094 lsst_hardware_r 1313.3119450883257 43.78328828094883 31.479999542236328 AB 10.229083680163614 1.1947072740205686
61169.1056 lsst_hardware_u -0.9355137609089622 2.758660386892206 28.299999237060547 AB 10.051796929142496 1.1808047140507278
61171.1477 lsst_hardware_g 227.71178300468972 20.755516746783766 31.399999618530273 AB 9.206653287360067 1.1915298524424975
61171.1697 lsst_hardware_r 1036.9145674235947 41.152386470276845 31.469999313354492 AB 9.628345158119846 1.2348517826714553
61174.0809 lsst_hardware_r 833.7944904790688 38.10682121779909 31.489999771118164 AB 7.588579721053262 1.1938925014112167
61174.1004 lsst_hardware_i 1272.2275952632467 46.59765448524929 31.239999771118164 AB 7.206477023514101 1.1748413797707626
61176.0737 lsst_hardware_z 789.5062678665225 51.6391701157803 30.93000030517578 AB 6.05108647770299 1.1965171738994493
61176.0933 lsst_hardware_r 726.0879805054752 36.259798245427326 31.489999771118164 AB 6.169057567702523 1.1757304302843135
61180.0862 lsst_hardware_r 510.42359148306974 33.45493729219802 31.479999542236328 AB 9.536031512484643 1.1738580500371203
61183.0725 lsst_hardware_g 192.26357728151368 41.755827705755884 32.33000183105469 AB 2.35042073396892 1.176779406192595
61186.0691 lsst_hardware_i 733.4001982135673 75.54851820772798 31.309999465942383 AB 6.114426862331159 1.1741578228192453
61186.0893 lsst_hardware_z 622.7749216568524 70.95668629275532 30.969999313354492 AB 7.538412218617961 1.1750463937574271
61188.0702 lsst_hardware_r 537.5178682408645 113.23620723708163 31.6200008392334 AB 8.60445617469106 1.1723357830972776
61188.0927 lsst_hardware_z 651.4682737548853 84.37169982141754 30.969999313354492 AB 9.047282270428472 1.1815572426962144
61190.0439 lsst_hardware_z 1153.008241204142 114.26655496469014 31.729999542236328 AB 12.99266455755655 1.1852458089360107
61194.9609 lsst_hardware_r 202.7380748708403 30.40313675861303 31.440000534057617 AB 15.218513205594785 1.4091215931106282
61197.0349 lsst_hardware_r 240.1390685825709 28.77303945523286 31.479999542236328 AB 5.188314188435339 1.176377331341031
61197.0554 lsst_hardware_u 18.868408567189487 4.949219853841219 28.290000915527344 AB 4.968906776765059 1.1733879353193195
61218.9636 lsst_hardware_y 112.66661854890164 58.392027149852666 30.0 AB 7.4924898627656 1.186537490639224
61218.9848 lsst_hardware_r 219.52178920731407 86.28574033866076 31.6200008392334 AB 7.551941147217935 1.1724492685928432
61223.9622 lsst_hardware_y 118.14317979501979 53.31175910608869 30.0 AB 8.583056857563887 1.1757612133649162
61223.9851 lsst_hardware_u -2.7194543800012374 2.9180790473169047 28.3799991607666 AB 8.576264705841153 1.1748307816220758
61225.9617 lsst_hardware_y -25.35384763800734 53.2400016784668 30.010000228881836 AB 5.749938617102388 1.1734568606331404
61225.9873 lsst_hardware_r 11.730368702377747 25.81999969482422 31.5 AB 5.782368315735754 1.1800751664766844
61231.9638 lsst_hardware_y 143.24164240161215 53.060001373291016 30.010000228881836 AB 6.941392501522859 1.1751130017815146
61231.9883 lsst_hardware_r 11.294445054612163 25.90999984741211 31.5 AB 7.177701703492583 1.2027483898441764
61440.3649 lsst_hardware_u 6.909206072792809 3.109999895095825 28.510000228881836 AB 9.853370672439349 1.179055961761327
61440.3841 lsst_hardware_y -36.603113364568 72.30999755859375 30.020000457763672 AB 8.969974623791423 1.1722137029326887
61442.362 lsst_hardware_r 4.099215376401322 25.010000228881836 31.510000228881836 AB 5.195055071461946 1.1771272820532936
61442.3806 lsst_hardware_z 17.81589244437886 50.869998931884766 30.959999084472656 AB 5.104063229040536 1.172494328812106
61443.3666 lsst_hardware_z 51.64278311594 43.84000015258789 30.940000534057617 AB 5.603312164547744 1.1733456527165302
61443.3856 lsst_hardware_y 24.539119907085517 67.76000213623047 30.020000457763672 AB 5.199572112445853 1.1753765724658611
61447.3688 lsst_hardware_z 7.973179215616483 43.9900016784668 30.940000534057617 AB 5.246492221969773 1.1729247086898769
61447.3851 lsst_hardware_y -55.22347093817978 60.63999938964844 30.010000228881836 AB 4.492104333030399 1.1837941847409696
61450.3439 lsst_hardware_r 14.887013765359807 24.6299991607666 31.489999771118164 AB 2.8420209870088042 1.1748743228643446
61450.3606 lsst_hardware_u 2.4916005870284517 2.759999990463257 28.389999389648438 AB 2.848731626475509 1.172920896129906
61452.2926 lsst_hardware_g -20.78022224577263 15.1899995803833 31.3799991607666 AB 6.212170381319571 1.2520329958990986
61452.3087 lsst_hardware_r -4.9073374427801575 24.780000686645508 31.479999542236328 AB 5.991038560325504 1.2119634977646891
61456.3362 lsst_hardware_r 195.0422240592331 93.12999725341797 31.6299991607666 AB 4.415043256591422 1.1722131796158386
61456.3535 lsst_hardware_z 68.72564746927242 67.19999694824219 30.969999313354492 AB 4.500337030809824 1.177533565254849
61460.3339 lsst_hardware_z 120.77153602000311 79.5 30.979999542236328 AB 11.895147397974709 1.1730914593663273
61460.3513 lsst_hardware_i 18.478782326165025 90.18000030517578 31.309999465942383 AB 11.917823621289344 1.1856564703653647
61462.351 lsst_hardware_z -75.33167724979646 80.04000091552734 31.709999084472656 AB 7.980265365735448 1.1922410346956671
61468.3051 lsst_hardware_r 10.190981179921542 24.510000228881836 31.479999542236328 AB 8.515352981258186 1.1721063979708821
61468.3228 lsst_hardware_g 16.00477627861372 15.300000190734863 31.399999618530273 AB 8.657360383524829 1.1791154460178868
61470.3086 lsst_hardware_r 23.84746372268344 24.399999618530273 31.479999542236328 AB 8.445155467035038 1.173794150878771
61470.3252 lsst_hardware_i -64.98920681141968 32.56999969482422 31.229999542236328 AB 8.517499118099463 1.187066529821173
61472.3071 lsst_hardware_z -49.771548901828375 43.43000030517578 30.93000030517578 AB 11.374417484323033 1.1757516565757289
61472.3251 lsst_hardware_i 22.68481261306509 32.47999954223633 31.229999542236328 AB 11.48878522623763 1.1942604185278523
61474.3087 lsst_hardware_u 3.890126409383409 2.7300000190734863 28.3799991607666 AB 10.182341631337412 1.1811091093072046
61474.3264 lsst_hardware_g -1.156989216557616 15.109999656677246 31.399999618530273 AB 10.358900806069302 1.2054578129638442
61476.2742 lsst_hardware_g -22.505614996383347 15.029999732971191 31.399999618530273 AB 9.363646045973395 1.174247596945143
61476.2921 lsst_hardware_r -31.7352055384123 24.43000030517578 31.479999542236328 AB 8.827159261945557 1.1737463282954244
61477.2715 lsst_hardware_i 53.305512314610354 32.779998779296875 31.239999771118164 AB 17.794340064125066 1.1742338698775945
61477.2913 lsst_hardware_z -10.06614279039009 44.11000061035156 30.940000534057617 AB 17.88048658408502 1.1745962107439576
61481.2893 lsst_hardware_r -63.718696568336696 24.6299991607666 31.479999542236328 AB 9.328646708864113 1.1808413555524193
61481.3109 lsst_hardware_i 2.7442184153151823 32.970001220703125 31.229999542236328 AB 9.861408398301712 1.212443400541183
61485.1998 lsst_hardware_z 197.8183358316136 81.05999755859375 30.969999313354492 AB 6.679706066758134 1.2603218993883272
61485.218 lsst_hardware_i -228.22548252070456 92.43000030517578 31.309999465942383 AB 6.906556858131268 1.2131842537887025
61487.3072 lsst_hardware_z -31.586689648678007 153.38999938964844 31.729999542236328 AB 7.698767679643961 1.2428726814255977
61489.2773 lsst_hardware_r 166.25973406805957 104.37999725341797 31.6200008392334 AB 7.746692486824055 1.1922574046670582
61489.2975 lsst_hardware_i -155.19766014410467 88.23999786376953 31.299999237060547 AB 7.515480173078107 1.2316421129265833
61494.2414 lsst_hardware_g 0.031598660855004276 26.389999389648438 31.59000015258789 AB 7.483372809660275 1.1731876269324883
61494.2598 lsst_hardware_r 33.00057029272109 31.989999771118164 31.549999237060547 AB 8.003216848661697 1.1872153952572229
61497.2455 lsst_hardware_i -37.67221430630799 33.0099983215332 31.239999771118164 AB 10.051393974122021 1.1807342609145506
61497.2641 lsst_hardware_z -20.336202220191975 44.43000030517578 30.940000534057617 AB 9.530336134957263 1.206371662652818
61499.2462 lsst_hardware_i -58.42701118715271 32.83000183105469 31.239999771118164 AB 6.530027165208092 1.1872776664014713
61499.2651 lsst_hardware_u 2.824318877763293 2.6700000762939453 28.299999237060547 AB 7.845424684407368 1.2195592545324339
