data/validation/pwv_sim_epoch_fit_4/41321015.ecsv
# %ECSV 0.9
# ---
# datatype:
# - {name: time, datatype: float64}
# - {name: band, datatype: string}
# - {name: flux, datatype: float64}
# - {name: fluxerr, datatype: float64}
# - {name: zp, datatype: float64}
# - {name: zpsys, datatype: string}
# - {name: pwv, datatype: float64}
# - {name: airmass, datatype: float64}
# meta: {SNID: '41321015', alt: 1024.0, c: -0.04456876590847969, dec: 1.193748, lat: -30.244573, lon: -70.7499537, ra: 68.378906, t0: 60622.75390625,
#   x0: 2.268284889517429e-06, x1: 0.21301555633544922, z: 0.8464710116386414}
# schema: astropy-2.0
time band flux fluxerr zp zpsys pwv airmass
60571.387 lsst_hardware_r -117.4817089828896 86.44999694824219 31.6299991607666 AB 7.843681504710253 1.1737352610796916
60574.3371 lsst_hardware_z -31.68628772935327 64.33999633789062 30.959999084472656 AB 1.8922504401391713 1.2297322113010904
60574.3579 lsst_hardware_y 70.52191754091238 55.209999084472656 30.010000228881836 AB 1.843745727306325 1.1906656295165159
60578.3577 lsst_hardware_r 4.556675112208287 47.0 32.290000915527344 AB 4.943851819774477 1.179330520570395
60578.3765 lsst_hardware_y 52.384762079701865 49.18000030517578 30.0 AB 3.792794188276217 1.1728477621839841
60580.3403 lsst_hardware_z -111.13805534416656 61.58000183105469 31.68000030517578 AB 5.6954137651718195 1.1923198336048966
60582.3734 lsst_hardware_g 0.3494341758995156 14.680000305175781 31.389999389648438 AB 3.8125353850597006 1.1750764016211128
60582.392 lsst_hardware_y -18.193227414593967 63.470001220703125 30.010000228881836 AB 3.732822459172119 1.1922141357942346
60584.3637 lsst_hardware_i -2.7275578855992393 31.8799991607666 31.229999542236328 AB 2.8395013881962967 1.1735093214750563
60584.3829 lsst_hardware_y 10.401638981953393 51.33000183105469 30.0 AB 2.4745847222598223 1.1875156629256716
60586.3302 lsst_hardware_z -53.931184050652305 43.292779817291 30.93000030517578 AB 3.1679304524463445 1.184605198633902
60586.3487 lsst_hardware_i -1.263891985922685 31.86567306184377 31.229999542236328 AB 2.770641852827933 1.1730894867664667
60588.3326 lsst_hardware_u 2.8991817711719245 2.712627474683431 28.3799991607666 AB 6.735662480327183 1.1777006318324503
60588.3505 lsst_hardware_g -8.142793396751056 14.414540642251861 31.399999618530273 AB 7.350423698378821 1.1730179450833946
60590.3271 lsst_hardware_r -50.57618955387984 23.664181957067875 31.489999771118164 AB 4.1773997539816605 1.1777275878155231
60590.3447 lsst_hardware_i 22.37415359709225 31.89793978905542 31.239999771118164 AB 5.25175705909925 1.1729653943787104
60592.3249 lsst_hardware_z -39.72822384999122 43.47301777255432 30.940000534057617 AB 3.2786350312892156 1.1757350021059694
60592.3435 lsst_hardware_u -2.277164941457404 2.8102633849271825 28.450000762939453 AB 3.5220401487666475 1.174013382922216
60599.3228 lsst_hardware_i 225.92643553802807 68.09998243689537 31.299999237060547 AB 6.368605588684661 1.1735219056894564
60599.3401 lsst_hardware_z 229.8321383261759 62.209690323829854 30.959999084472656 AB 5.785857627469014 1.1853836565189537
60601.32 lsst_hardware_z 228.96702961437018 80.21561319487492 30.979999542236328 AB 4.4627630629316855 1.1744113323504435
60601.3377 lsst_hardware_r 148.51517197171285 114.45846816445491 31.6299991607666 AB 4.537832558394738 1.1890036835830573
60603.3157 lsst_hardware_i 166.72505425331462 78.04578422302107 31.309999465942383 AB 2.719119585370734 1.1749040409206162
60603.3326 lsst_hardware_r 277.6412833765096 92.15455882580494 31.6299991607666 AB 2.758754723931678 1.189460214399923
60605.2916 lsst_hardware_z 576.0737838865258 78.35113857294184 31.709999084472656 AB 4.298347311264822 1.174679292534392
60607.2838 lsst_hardware_g 128.2125369180925 25.765961749965292 31.549999237060547 AB 4.468086782838168 1.1758123112732022
60607.3013 lsst_hardware_r 315.0450207874055 38.26814379446748 31.549999237060547 AB 4.447611222314066 1.1736154162144923
60609.2169 lsst_hardware_i 648.5760264701552 40.6347956183124 31.219999313354492 AB 3.989100877280837 1.3100495491895097
60609.2375 lsst_hardware_z 457.1347826065256 48.146030387160906 30.940000534057617 AB 3.720528557395639 1.2401761857985463
60611.286 lsst_hardware_i 659.8255115384786 41.27429265164694 31.25 AB 3.0786208863075286 1.1728079566885823
60611.303 lsst_hardware_u -4.7645083531307755 3.0155953586601063 28.469999313354492 AB 3.557505445550782 1.1810453534722085
60613.2704 lsst_hardware_g 95.42906368089817 17.66744705265366 31.43000030517578 AB 4.462768943385461 1.1744128798382791
60613.286 lsst_hardware_r 541.7503204911701 33.0745756286143 31.5 AB 4.461021405507933 1.173953001449456
60615.2741 lsst_hardware_r 539.6368314745428 33.27771750438681 31.489999771118164 AB 3.6447110762531127 1.1727498502450087
60615.2921 lsst_hardware_i 723.981496546537 42.24348230191305 31.239999771118164 AB 3.598697058911379 1.1810623757503704
60620.2393 lsst_hardware_g 49.34639247976139 16.861754578860737 31.420000076293945 AB 5.476551209952474 1.1826275781794078
60620.2586 lsst_hardware_r 551.5745738141163 33.32074311610723 31.5 AB 5.878188441396904 1.1727644154616694
60624.2384 lsst_hardware_z 572.5249393950875 50.99828796768913 30.940000534057617 AB 2.753888698925172 1.17528502692599
60624.2578 lsst_hardware_i 803.6041369806693 44.216693337216356 31.239999771118164 AB 2.0925417654978253 1.1746503805947468
60631.2233 lsst_hardware_i 736.0340195601757 100.7492192081187 31.309999465942383 AB 5.296577490734455 1.1736917601761274
60631.2426 lsst_hardware_z 281.31281050782513 87.92749236329558 30.979999542236328 AB 5.359768238818725 1.1766779887637158
60633.2215 lsst_hardware_r 303.6308103529846 72.20054363784901 31.610000610351562 AB 5.7686413967848615 1.1729052806963576
60633.2406 lsst_hardware_g 88.15810194868189 69.85964172475401 31.670000076293945 AB 5.805914696279992 1.1790853856954995
60642.1492 lsst_hardware_u 1.9931920512419874 2.6503130042418426 28.309999465942383 AB 6.236705864532702 1.2353989827400533
60642.1661 lsst_hardware_g 42.62432827241591 15.27793614159573 31.399999618530273 AB 6.115425372235803 1.199769552804281
60644.2225 lsst_hardware_r 149.49390191627506 26.937158572013193 31.479999542236328 AB 9.174330000822568 1.191884202428014
60644.2418 lsst_hardware_i 393.93434155948324 37.67185020682969 31.229999542236328 AB 9.3853400233883 1.2282868765067794
60646.2251 lsst_hardware_z 277.1726894833561 46.99215369425655 30.940000534057617 AB 7.5925896124843435 1.2046266384267916
60646.2448 lsst_hardware_u -0.785689148657373 2.676944602549779 28.31999969482422 AB 7.883310562398314 1.25098143538894
60648.1896 lsst_hardware_r 119.50287991616307 26.192145466408512 31.489999771118164 AB 2.8000880861475115 1.1736720470072353
60648.2088 lsst_hardware_g 19.713602266286145 15.292643351557484 31.399999618530273 AB 3.172674002706214 1.1882674167437621
60650.1863 lsst_hardware_r 72.55934112368377 26.158933038678935 31.489999771118164 AB 4.741559419049805 1.1744285218914643
60650.2049 lsst_hardware_i 289.68943951955697 36.13722178424953 31.229999542236328 AB 4.809004017415861 1.1902493236735896
60652.1913 lsst_hardware_z 72.02496295059267 46.91648519290612 30.940000534057617 AB 7.1713536489272345 1.1812475125889037
60652.2109 lsst_hardware_i 191.98147802345696 35.728013696624195 31.229999542236328 AB 6.701762267677795 1.2086680675734336
60654.1983 lsst_hardware_z 544.3235412118092 72.08271077118268 31.700000762939453 AB 12.083491130848413 1.196385260480041
60656.1858 lsst_hardware_r 77.62002222629265 79.0757716990552 31.6200008392334 AB 13.164212787471685 1.1868739834532467
60656.2046 lsst_hardware_i 298.1561751980836 68.58422154404909 31.299999237060547 AB 13.488561689347456 1.2180937995527572
60658.1969 lsst_hardware_z 391.2203665753266 123.80594066139368 31.729999542236328 AB 9.666136592718297 1.2133761432350203
60660.158 lsst_hardware_r -61.54343464374849 109.01977479161741 31.6299991607666 AB 11.028515104914018 1.1740477210415639
60660.1753 lsst_hardware_z 190.79010908845424 77.51721700353211 30.979999542236328 AB 10.055547488021437 1.1873709210948546
60665.1273 lsst_hardware_u -3.2197768036715644 2.7625067488015365 28.420000076293945 AB 4.1361361750741406 1.174871800901651
60665.1507 lsst_hardware_g 27.01352287328529 14.864671108631734 31.40999984741211 AB 4.1360973135327255 1.1772572998670343
60670.1252 lsst_hardware_z 89.21658946623766 44.480636338881524 30.940000534057617 AB 5.717750097316454 1.1728116706459062
60670.1454 lsst_hardware_u 1.1723061279678406 2.6368446906777896 28.309999465942383 AB 5.746294963765194 1.1844367646636218
60672.125 lsst_hardware_g 5.950051783747101 14.995651700792056 31.40999984741211 AB 8.452521610521705 1.1739613347946813
60672.1446 lsst_hardware_r 51.868339721287356 24.59040347256406 31.479999542236328 AB 8.492694232637788 1.189939059976018
60674.0874 lsst_hardware_r 28.41435872281423 24.376002429716415 31.479999542236328 AB 8.865237003622592 1.1874543084917915
60674.1104 lsst_hardware_i 133.39740151341576 32.95514692660039 31.229999542236328 AB 8.735585824087002 1.172797989405518
60676.0881 lsst_hardware_z 18.489070195887535 62.27023742065202 31.68000030517578 AB 8.184998282538157 1.18101889162229
60676.1096 lsst_hardware_i 89.48516775853162 46.26202615740509 31.979999542236328 AB 8.126358175170255 1.1728978400160865
60678.0903 lsst_hardware_u -1.8027344147075308 2.595383131753925 28.25 AB 4.964852517771488 1.1755999568511197
60678.1099 lsst_hardware_g 7.42511313826417 14.843736559304766 31.3700008392334 AB 5.013386492073288 1.1744390025354707
60680.0866 lsst_hardware_r 39.98688298409491 25.929121834796348 31.489999771118164 AB 12.298086811371718 1.174751972047225
60680.1077 lsst_hardware_i 46.48052806938548 33.5141354218015 31.239999771118164 AB 12.310854768310604 1.176009052855654
60682.094 lsst_hardware_z 139.18940864205655 66.1882542692273 31.690000534057617 AB 10.302285013204001 1.1730135792552447
60684.0841 lsst_hardware_z 113.09420982329709 57.04978504762147 30.959999084472656 AB 7.715976216619144 1.1727298756165583
60684.1063 lsst_hardware_r -19.818919484288468 64.53541205344924 31.610000610351562 AB 7.779284053372026 1.1835210791681179
60686.0456 lsst_hardware_y 46.8495229222105 63.165576821831586 30.010000228881836 AB 7.4421671257418245 1.2003495364099717
60686.0692 lsst_hardware_i 139.3660990488684 78.04106961272204 31.309999465942383 AB 7.286367965726875 1.1752206396333669
60688.0445 lsst_hardware_y 134.63008065050622 63.46667350671927 30.010000228881836 AB 2.6271091543999936 1.1935979801908194
60688.0637 lsst_hardware_i 62.81026007050473 82.75438273695694 31.309999465942383 AB 2.562902852863318 1.175239185080081
60690.0446 lsst_hardware_y 24.29541669240634 57.22378145401795 30.010000228881836 AB 7.073647949500687 1.1864057947084887
60690.0633 lsst_hardware_g -22.729681519473292 59.38533577371745 31.670000076293945 AB 7.02760327220667 1.1733694990535788
60694.0416 lsst_hardware_z 86.0938065681631 49.071219067066885 30.950000762939453 AB 5.689572074376932 1.178819449782837
60694.062 lsst_hardware_u -1.4632428000330224 2.7698931589718345 28.389999389648438 AB 4.303125281023636 1.1731530209988101
60695.0424 lsst_hardware_y 45.23087540466927 53.80674840066997 30.0 AB 9.704993421376713 1.1764222542201177
60695.0633 lsst_hardware_r -39.322116052475934 24.175645590899393 31.479999542236328 AB 9.726159294821812 1.1743614382236975
60697.0406 lsst_hardware_y 146.15948768460365 55.726342171621766 30.010000228881836 AB 10.82999352907345 1.1745666080607473
60697.0598 lsst_hardware_z -29.343575219299716 44.18153298349421 30.940000534057617 AB 12.692456334040966 1.1752274383371264
60701.0378 lsst_hardware_y 214.306640455085 57.049190016043 30.010000228881836 AB 12.948297613284138 1.172720263854558
60701.0547 lsst_hardware_r 22.372890552382767 24.594937885252687 31.479999542236328 AB 14.036956297801538 1.1788826990679018
60703.0365 lsst_hardware_y 7.7591557611925 58.14008678723202 30.020000457763672 AB 12.985291287981678 1.1729810563953218
60703.0556 lsst_hardware_r -7.764845329867641 23.92756860685218 31.489999771118164 AB 13.854135034504267 1.1847554261142157
60931.3949 lsst_hardware_z 130.16675033373778 83.61000061035156 31.709999084472656 AB 2.379533844633858 1.1767248881400434
60933.3824 lsst_hardware_g 51.37331782228123 25.6200008392334 31.56999969482422 AB 1.405585211697999 1.1822403126358723
60933.3992 lsst_hardware_y 51.27029602363208 52.31999969482422 30.010000228881836 AB 1.3773049771256565 1.1730063680275287
60935.3826 lsst_hardware_i -41.389982730513864 32.29999923706055 31.239999771118164 AB 0.8243325023017644 1.177617860431092
60935.4011 lsst_hardware_y 0.6418011203273067 58.869998931884766 30.020000457763672 AB 0.8212272827379207 1.1731818324827439
60937.3772 lsst_hardware_z 26.347681366163766 43.279998779296875 30.93000030517578 AB 8.20182801731464 1.1775776047831499
60937.397 lsst_hardware_y -32.900920853659585 53.47999954223633 30.010000228881836 AB 7.831120462151777 1.1734945747477639
60942.3687 lsst_hardware_r 37.188537442445075 23.6299991607666 31.479999542236328 AB 4.842812896759838 1.1747272035804894
60942.3874 lsst_hardware_y -37.876302307138076 50.09000015258789 30.010000228881836 AB 4.42454263457421 1.1749432741351855
60944.3801 lsst_hardware_z 87.02772318415285 63.11000061035156 31.700000762939453 AB 3.8004569592836157 1.1741885559063694
60946.3261 lsst_hardware_g 16.28137320907414 14.470000267028809 31.389999389648438 AB 4.604778540763818 1.2131139953713683
60946.3439 lsst_hardware_y 94.27893735255618 48.779998779296875 30.0 AB 5.6670955349201195 1.1853368615185356
60949.3651 lsst_hardware_i 16.793757939473064 31.920000076293945 31.229999542236328 AB 4.907395763329499 1.1737373267949054
60949.3853 lsst_hardware_y 16.160635379068154 53.91999816894531 30.0 AB 5.06972887532757 1.1896583070108722
60951.3624 lsst_hardware_i 32.99483102033413 31.790000915527344 31.229999542236328 AB 3.4067836617071046 1.1747529867955533
60951.381 lsst_hardware_y 88.2016919177355 50.709999084472656 30.0 AB 3.111569684278186 1.1911834432252826
60954.3377 lsst_hardware_z 38.02814742904781 87.37999725341797 31.719999313354492 AB 7.34803938785466 1.1740426423574453
60956.3243 lsst_hardware_r -87.26616156000674 105.05000305175781 31.6299991607666 AB 4.233626931129858 1.1782986170688545
60956.3427 lsst_hardware_i 82.85314516762934 83.16000366210938 31.309999465942383 AB 5.197945775829354 1.1729981440866606
60958.3368 lsst_hardware_z 259.55577562563394 94.55000305175781 31.719999313354492 AB 3.518812506412166 1.1729375021373887
60960.3237 lsst_hardware_g -0.16309619251736066 51.45000076293945 31.649999618530273 AB 6.196361096842099 1.17334953152241
60960.3412 lsst_hardware_r -30.328549155972507 55.31999969482422 31.600000381469727 AB 6.516345586436066 1.1764834206546624
60962.3197 lsst_hardware_i -8.646048813163626 35.04999923706055 31.25 AB 5.87193671204877 1.1730578768160291
60962.3382 lsst_hardware_z -17.744549693942957 44.65999984741211 30.940000534057617 AB 6.3616901865813364 1.17809077529284
60964.3206 lsst_hardware_i -88.15361466880343 32.150001525878906 31.239999771118164 AB 8.268005924459294 1.172960904801167
60964.3381 lsst_hardware_u -0.6401343556361295 2.809999942779541 28.40999984741211 AB 8.662300719469123 1.1826070131361648
60971.2652 lsst_hardware_u -0.9499947350369085 2.6500000953674316 28.34000015258789 AB 4.3831199898260635 1.1996223030656348
60971.2822 lsst_hardware_g 11.967709591905246 14.140000343322754 31.3799991607666 AB 4.346193474462565 1.179161693274944
60973.2927 lsst_hardware_g 5.519026986473408 14.460000038146973 31.399999618530273 AB 4.446464330303185 1.17277121488537
60973.3106 lsst_hardware_r 1.806391394444121 23.850000381469727 31.479999542236328 AB 4.455838260188728 1.1799637895236619
60975.2871 lsst_hardware_i -16.555286508496103 31.90999984741211 31.239999771118164 AB 3.855006959711536 1.172774331766724
60975.3036 lsst_hardware_z -2.6993184872754723 43.33000183105469 30.940000534057617 AB 3.659111652091065 1.1787425793963324
60977.2829 lsst_hardware_i 16.594439261865706 31.700000762939453 31.239999771118164 AB 3.0871352139063912 1.1727751857310935
60977.301 lsst_hardware_u -1.109773056767027 2.6500000953674316 28.34000015258789 AB 3.571258862562309 1.1811020381090207
60990.2643 lsst_hardware_r 13.66906958722633 38.34000015258789 31.559999465942383 AB 2.015433358850965 1.1800536865680205
60990.2814 lsst_hardware_i -41.89144875325853 40.400001525878906 31.260000228881836 AB 2.1497260389038573 1.2016355723330672
60992.2386 lsst_hardware_i -37.788254717918264 32.02000045776367 31.229999542236328 AB 7.856205365917534 1.1729326829363478
