data/validation/pwv_sim_epoch_fit_4/41368064.ecsv
# %ECSV 0.9
# ---
# datatype:
# - {name: time, datatype: float64}
# - {name: band, datatype: string}
# - {name: flux, datatype: float64}
# - {name: fluxerr, datatype: float64}
# - {name: zp, datatype: float64}
# - {name: zpsys, datatype: string}
# - {name: pwv, datatype: float64}
# - {name: airmass, datatype: float64}
# meta: {SNID: '41368064', alt: 1024.0, c: -0.003267057240009308, dec: -37.92165, lat: -30.244573, lon: -70.7499537, ra: 279.667969, t0: 62675.24609375,
#   x0: 7.576600604855321e-06, x1: 1.01978600025177, z: 0.5165569186210632}
# schema: astropy-2.0
time band flux fluxerr zp zpsys pwv airmass
62589.3505 lsst_hardware_i -41.3087111662793 33.7400016784668 31.239999771118164 AB 10.415770806530137 1.180892923276577
62589.3669 lsst_hardware_z -88.56288165900736 43.470001220703125 30.940000534057617 AB 9.9356199494505 1.127126483204831
62600.3441 lsst_hardware_r 4.342283735609981 24.56999969482422 31.5 AB 7.964363076872594 1.1073149915707465
62600.3632 lsst_hardware_i 6.927600351866691 31.81999969482422 31.25 AB 7.6533993893846235 1.064944256407879
62602.4079 lsst_hardware_r -1.5240240415885564 24.899999618530273 31.540000915527344 AB 4.497674408208792 1.011054154930604
62606.3432 lsst_hardware_z -50.78863281173943 42.869998931884766 30.950000762939453 AB 10.568216288907914 1.0719359254394882
62606.3629 lsst_hardware_r -14.362772377590202 24.360000610351562 31.530000686645508 AB 10.237241371444146 1.039261090446591
62606.4048 lsst_hardware_u 0.1315921293560385 3.309999942779541 28.700000762939453 AB 9.602973761559893 1.0092457973263156
62606.4191 lsst_hardware_y -15.6577426994782 60.84000015258789 30.079999923706055 AB 10.196486279196323 1.0103033221893807
62608.4032 lsst_hardware_r 84.22690645095332 84.63999938964844 32.40999984741211 AB 14.745170735469506 1.00897569012382
62608.4158 lsst_hardware_y 118.47830442552117 85.0199966430664 30.829999923706055 AB 14.833225579409525 1.0109542054462106
62618.3813 lsst_hardware_z 19.788171120100557 41.220001220703125 30.950000762939453 AB 1.4130013629174856 1.009286687798204
62618.3941 lsst_hardware_i -39.37619598092578 31.389999389648438 31.260000228881836 AB 1.4185454337006453 1.0132467383576038
62620.3903 lsst_hardware_u 3.8348846855632033 2.700000047683716 28.40999984741211 AB 12.621935754033228 1.014095187726126
62620.4027 lsst_hardware_g 28.475676542854217 14.930000305175781 31.440000534057617 AB 12.831952933364997 1.0229146584849933
62622.3855 lsst_hardware_r -27.857075102318763 23.65999984741211 31.520000457763672 AB 9.02280821246339 1.0144540812843568
62622.3978 lsst_hardware_i -34.374105806717 31.06999969482422 31.260000228881836 AB 9.080872144307484 1.0234178811545198
62623.3784 lsst_hardware_z 41.65909352041801 41.189998626708984 30.959999084472656 AB 10.518194479622235 1.0123057790531809
62623.391 lsst_hardware_u -0.5464057402852455 2.9700000286102295 28.6299991607666 AB 10.551242721138536 1.0199693292329577
62627.3312 lsst_hardware_u -2.4494012756023653 2.8499999046325684 28.549999237060547 AB 3.084092321015398 1.014921372608934
62627.3427 lsst_hardware_r 13.525319523115646 23.34000015258789 31.520000457763672 AB 3.114115097067703 1.0101470823596377
62631.3281 lsst_hardware_i 30.837231914649774 30.809999465942383 31.260000228881836 AB 6.876658157017107 1.0112732583848687
62631.3407 lsst_hardware_z -44.21411485579581 41.0 30.959999084472656 AB 6.96224135923945 1.0089717442499035
62633.3205 lsst_hardware_r -22.393021809061285 23.34000015258789 31.510000228881836 AB 9.014196416990071 1.01210135954304
62633.3324 lsst_hardware_u 3.4929201427088628 2.7300000190734863 28.450000762939453 AB 8.992243994133098 1.0091078332189107
62639.3198 lsst_hardware_i -26.19512899457298 94.45999908447266 31.350000381469727 AB 7.966703550679646 1.0089756475794471
62639.332 lsst_hardware_z 156.39944882611505 80.44999694824219 31.0 AB 7.976989287945201 1.011238870223351
62649.1489 lsst_hardware_r 59.20692967526736 25.740542766906483 31.43000030517578 AB 9.913973336634395 1.364809104712885
62649.1728 lsst_hardware_z 1.4733233059946114 44.92929661833934 30.93000030517578 AB 9.338429593593306 1.2375064063775936
62649.2748 lsst_hardware_r 41.05229594055356 24.615025411966954 31.510000228881836 AB 7.757215209124938 1.0129998531917823
62649.2857 lsst_hardware_u 4.286955928201035 3.1784228882420336 28.459999084472656 AB 7.744855934176414 1.0094963417852467
62652.2978 lsst_hardware_i 227.09784836515345 34.00524309809038 31.260000228881836 AB 7.478971879464603 1.0117200540376314
62652.3107 lsst_hardware_z 157.03861481072076 42.94736476228313 30.950000762939453 AB 7.586173186749577 1.0190990309980341
62675.2162 lsst_hardware_r 2680.2283752682342 57.15797966978183 31.510000228881836 AB 3.131695285010647 1.0092746990768837
62675.2289 lsst_hardware_z 1650.694438229507 57.909708436254796 30.950000762939453 AB 3.0918402117284405 1.0098552678482422
62676.207 lsst_hardware_r 2660.374480687704 57.082237426306776 31.520000457763672 AB 3.795477132483112 1.0106898098215282
62676.2196 lsst_hardware_u 4.490355988521143 3.140357289406432 28.520000457763672 AB 4.1115062997389105 1.0089998690512276
62678.1615 lsst_hardware_z 1760.4252871030656 57.76873294933899 30.950000762939453 AB 6.331714486962251 1.0460888830634156
62678.1807 lsst_hardware_u 1.8782975518287446 3.0018723832027585 28.469999313354492 AB 6.255682745216333 1.0232292806089636
62680.0573 lsst_hardware_r 2230.1319152368264 54.27588710076953 31.440000534057617 AB 9.910311116311643 1.4107204436031433
62680.1446 lsst_hardware_i 3922.030621466867 77.07130062243672 31.989999771118164 AB 6.630985412970255 1.0653041068311118
62680.225 lsst_hardware_z 1572.7115888381998 57.00208987888268 30.950000762939453 AB 6.181314265849147 1.0133302075162536
62682.1963 lsst_hardware_z 1458.2560084070894 56.957375480902506 30.950000762939453 AB 3.1290947279483015 1.0093853961123553
62682.2098 lsst_hardware_r 2363.9929403365877 54.04024175006489 31.520000457763672 AB 3.3528972149736616 1.00985810400291
62686.1994 lsst_hardware_u -2.135342135091737 3.0317823651675915 28.479999542236328 AB 7.772113019702191 1.0099774347702684
62686.212 lsst_hardware_g 459.537924211463 26.09549941900765 31.469999313354492 AB 7.36462580655429 1.015157021671714
62695.0086 lsst_hardware_z 1004.6514834891811 95.77267112606117 30.940000534057617 AB 8.37496605435583 1.4674901094017576
62697.1278 lsst_hardware_z 894.5859144203725 95.22261968284596 31.0 AB 7.06436757605004 1.0241677247450887
62697.1403 lsst_hardware_r 1205.9672003437913 141.72703501618003 31.670000076293945 AB 6.999759046031185 1.0148010021791696
62699.0756 lsst_hardware_z 1089.3177867766515 70.27231483001344 30.969999313354492 AB 1.8190067412805222 1.102762498502893
62699.0963 lsst_hardware_r 946.7903503386229 89.57389457381542 31.649999618530273 AB 1.8000000140246402 1.0588235376615531
62699.136 lsst_hardware_i 1122.6211823186889 75.25650256079341 31.329999923706055 AB 1.6226529168238288 1.014158073014893
62699.148 lsst_hardware_z 875.6637854747923 67.52684575360585 30.979999542236328 AB 1.6155520554916454 1.0097200346822783
62704.1337 lsst_hardware_i 1018.0574061400621 43.14689053940779 31.25 AB 5.230053242781857 1.0098577414137588
62704.1458 lsst_hardware_u 0.1408265437551843 2.8918139199523303 28.43000030517578 AB 5.16678288872894 1.00920298627429
62715.9788 lsst_hardware_y 208.79661005870054 52.73841984243022 29.959999084472656 AB 5.0649655418826445 1.2912046758711029
62715.9978 lsst_hardware_r 279.8298342495339 30.063070950228372 31.479999542236328 AB 4.556173376640686 1.2038506367731248
62716.1157 lsst_hardware_g 38.451184716336286 16.051376697718247 31.450000762939453 AB 1.7738706684583923 1.0096019740799045
62716.1276 lsst_hardware_r 324.2984348190972 29.238459203917156 31.510000228881836 AB 1.9211198275135528 1.013783550139078
62718.9797 lsst_hardware_y 311.5311935902573 52.46994963028329 29.979999542236328 AB 1.2116022930717738 1.2465044167405082
62718.9989 lsst_hardware_z 671.6937920691777 51.14958872335487 30.940000534057617 AB 0.9133284010532172 1.1689356668769846
62719.1169 lsst_hardware_i 511.4242376547506 39.979250086656926 31.270000457763672 AB 2.0150216105310026 1.0125736736336697
62719.1284 lsst_hardware_z 608.966148671846 49.30612943114126 30.950000762939453 AB 2.1181018181155564 1.019584492654657
62722.1047 lsst_hardware_z 679.0191666354995 64.95940035198272 30.989999771118164 AB 3.928767706344316 1.0110055857808327
62722.1157 lsst_hardware_r 192.42224258361992 76.69765873192986 31.65999984741211 AB 3.905640536272401 1.0163880646094035
62722.9807 lsst_hardware_y 281.72740837775393 63.600762799365654 30.010000228881836 AB 2.516546144322749 1.1958876022447085
62723.0006 lsst_hardware_r 207.93511693418154 102.00809809633502 31.639999389648438 AB 3.721628777794511 1.1284502055168317
62733.0878 lsst_hardware_i 282.64282551208754 34.935307536512056 31.260000228881836 AB 2.1374437345388344 1.0178303497803973
62733.1001 lsst_hardware_z 418.6380262530831 45.99822701239951 30.950000762939453 AB 2.1602856358911757 1.0287074456624645
62736.0033 lsst_hardware_u 1.2167669337601432 2.902767277957568 28.450000762939453 AB 1.3691874476991834 1.045846554576079
62736.0173 lsst_hardware_g 31.006170277594258 15.302095180668193 31.450000762939453 AB 1.3807940868066992 1.028141538947654
62740.0411 lsst_hardware_i 223.157853350009 34.364540754915176 31.260000228881836 AB 1.5150022605151336 1.009048516744275
62740.0519 lsst_hardware_z 366.6457464779073 44.90372630821201 30.959999084472656 AB 1.6273940269742417 1.0099673315934474
62744.0357 lsst_hardware_r 136.44709660441248 26.19110565345194 31.5 AB 2.764979893257849 1.0091167493641784
62744.0462 lsst_hardware_i 193.77720164462949 34.047503713086 31.25 AB 3.9438525102639774 1.0115684540593723
62747.0358 lsst_hardware_z 295.51105467057016 44.80768893792624 30.950000762939453 AB 1.7979591013085472 1.0107992136660842
62747.0474 lsst_hardware_i 226.27206938564888 35.25211498375737 31.260000228881836 AB 1.4716135144240807 1.0163661682353362
62748.0288 lsst_hardware_z 371.7157821663019 46.09209074613391 30.950000762939453 AB 1.8076916394358584 1.0096955722039798
62748.0407 lsst_hardware_g 6.08081372791774 26.41895442697548 31.6200008392334 AB 1.81072933026097 1.0140354658919002
62753.0179 lsst_hardware_i -4.207920280749016 66.77999877929688 31.34000015258789 AB 2.6439164673784212 1.0103495831011098
62753.0293 lsst_hardware_z 98.07448133837964 62.150001525878906 30.989999771118164 AB 2.6547655200502023 1.015303765197515
62757.0127 lsst_hardware_r -93.97532083219295 57.790000915527344 31.649999618530273 AB 2.167763162760972 1.0123820958603489
62757.0241 lsst_hardware_i 61.81711257248902 54.33000183105469 31.329999923706055 AB 2.180182680541579 1.0191738280677425
62960.3453 lsst_hardware_r -41.36890733714141 25.0 31.5 AB 8.821304904771324 1.1450787380171337
62960.3632 lsst_hardware_z 34.23400701589185 42.7599983215332 30.940000534057617 AB 8.384158850759048 1.095491139036461
62968.3562 lsst_hardware_z -73.99542667632377 61.31999969482422 30.979999542236328 AB 7.213777438615179 1.0640443643707473
62968.3791 lsst_hardware_r 137.62252785354073 72.20999908447266 31.649999618530273 AB 6.4132721615008705 1.03032728114722
62970.3493 lsst_hardware_z 36.056184245334364 49.06999969482422 30.969999313354492 AB 7.1643542469689745 1.0667458831862282
62970.3679 lsst_hardware_r 23.852071605503998 46.540000915527344 31.6299991607666 AB 6.966754175619818 1.0372081351261484
62970.4069 lsst_hardware_i 2.10285026337437 44.08000183105469 31.309999465942383 AB 6.781357633594424 1.0094310261379018
62970.4185 lsst_hardware_y 63.182712337466114 62.15999984741211 30.079999923706055 AB 7.19150791227292 1.009428893314872
62972.3789 lsst_hardware_i 12.180571130662495 32.7400016784668 31.280000686645508 AB 16.463168093108337 1.0201281478741095
62972.3903 lsst_hardware_y 165.94939713966087 47.060001373291016 30.059999465942383 AB 16.336520920627297 1.0129343583720132
62973.3789 lsst_hardware_g -51.07431740259907 23.729999542236328 32.279998779296875 AB 14.79659728580565 1.0180677917851693
62973.3893 lsst_hardware_y -13.743340707931726 66.5 30.81999969482422 AB 14.785181812810885 1.012163738682929
62975.3534 lsst_hardware_g 4.798916492974972 15.279999732971191 31.489999771118164 AB 11.327655583721274 1.0383136286218086
62975.3729 lsst_hardware_r -12.68327694089946 23.959999084472656 31.530000686645508 AB 11.133106966836293 1.0184582820183228
62995.3321 lsst_hardware_i -54.850667992293424 84.55000305175781 31.350000381469727 AB 8.379180420090318 1.0110726607716838
62995.3445 lsst_hardware_z -46.450994398384324 73.87000274658203 31.0 AB 7.802335429606511 1.0089661747842378
63005.3233 lsst_hardware_u 1.0778958170247483 2.809999942779541 28.520000457763672 AB 7.306916009303916 1.0094865484480249
63005.3362 lsst_hardware_g 5.9860005902977145 14.65999984741211 31.459999084472656 AB 8.368049400909301 1.0139812667714132
63013.3122 lsst_hardware_i -11.325034238899327 30.770000457763672 31.270000457763672 AB 4.058036914517455 1.0129054616484727
63013.3263 lsst_hardware_z -13.10185113316544 41.15999984741211 30.950000762939453 AB 4.110425693734427 1.0223244139614722
63017.2881 lsst_hardware_r 35.249664107665325 23.209999084472656 31.5 AB 7.062071720543069 1.009155718854397
63017.3012 lsst_hardware_i 14.459478897189385 30.75 31.260000228881836 AB 7.515146837518215 1.012868525655
63019.2786 lsst_hardware_i -17.35327100164973 48.119998931884766 31.31999969482422 AB 9.98592524449785 1.0089680795343297
63019.2907 lsst_hardware_z -29.727906646027375 49.25 30.969999313354492 AB 9.978697246426588 1.0108763334665956
63031.2921 lsst_hardware_i 1.0446909542903353 31.40999984741211 31.25 AB 12.761900795704472 1.038671804643577
63031.3055 lsst_hardware_z 66.61887840180111 41.779998779296875 30.940000534057617 AB 13.02166106256812 1.0592816510240775
63040.1346 lsst_hardware_u -0.3878798573516185 2.6600000858306885 28.329999923706055 AB 3.860670731138758 1.1220433716889509
63040.1589 lsst_hardware_r -14.48031266148798 24.18000030517578 31.5 AB 3.711894130500235 1.0654116333237857
63044.1645 lsst_hardware_i 69.05877191274813 32.2599983215332 31.270000457763672 AB 8.317579780367561 1.0390048026774936
63044.1861 lsst_hardware_z 23.143065484778756 41.25 30.950000762939453 AB 7.533923783040285 1.017341676192058
63044.2205 lsst_hardware_g 3.09046426569857 15.130000114440918 31.469999313354492 AB 7.3492406662350005 1.0102974842462082
63044.2339 lsst_hardware_i 2.0929232108149347 31.1200008392334 31.260000228881836 AB 7.306149750744558 1.0164370827413423
63048.0778 lsst_hardware_y 29.58296501769404 53.27000045776367 29.979999542236328 AB 10.13351151172094 1.2506905226956677
63051.071 lsst_hardware_r 167.46955939527413 155.2899932861328 31.6200008392334 AB 10.53762635288639 1.2442586318203772
63051.0917 lsst_hardware_i 272.21220924122827 121.45999908447266 31.31999969482422 AB 10.256798709802823 1.1620459649694672
63053.0776 lsst_hardware_z -27.62592416224106 82.79000091552734 30.969999313354492 AB 7.42207125088778 1.1934509166888312
63053.098 lsst_hardware_r -21.23866304213361 116.62999725341797 31.639999389648438 AB 5.950555164813788 1.1251877025269745
63053.1957 lsst_hardware_i -44.19429937051163 88.38999938964844 31.350000381469727 AB 4.9205271931613295 1.0102368997730624
63053.2098 lsst_hardware_z 25.011296320310546 77.56999969482422 31.0 AB 4.4326752721962634 1.0167463733151456
63061.0551 lsst_hardware_r -44.928541031381165 24.56999969482422 31.479999542236328 AB 8.567363135927437 1.196002299105738
63061.0741 lsst_hardware_u -2.0426138184391673 2.6700000762939453 28.34000015258789 AB 8.12675354690355 1.1311771280429779
63063.1842 lsst_hardware_g 11.296122144931925 15.050000190734863 31.459999084472656 AB 3.079697031466908 1.0179134131438083
63063.1958 lsst_hardware_i -34.6664548867066 31.06999969482422 31.25 AB 3.1719289204359544 1.028094618081502
63068.1387 lsst_hardware_i -8.855171946528065 30.8799991607666 31.260000228881836 AB 5.956719026803244 1.0095420990274546
63068.1519 lsst_hardware_r -1.8217665273123909 23.670000076293945 31.520000457763672 AB 5.884264655326778 1.0095964521578686
63071.0584 lsst_hardware_g 1.0697051862956077 15.489999771118164 31.459999084472656 AB 6.708519208154175 1.0997572472383894
63080.1215 lsst_hardware_z -4.738366300597915 120.5999984741211 31.75 AB 1.6073449811009635 1.0101146778321701
63082.1029 lsst_hardware_r -60.273783686338234 90.08000183105469 31.670000076293945 AB 1.7736560270973103 1.009192618547545
63082.1146 lsst_hardware_i -63.64154709501657 70.91000366210938 31.34000015258789 AB 1.8072564801569537 1.009781522647238
63091.9923 lsst_hardware_u -1.4425232823973064 2.8299999237060547 28.479999542236328 AB 5.684920593820924 1.1229472777917875
63092.0108 lsst_hardware_g -10.587543447589372 14.859999656677246 31.450000762939453 AB 3.3495986792366086 1.0775610999635221
63092.023 lsst_hardware_r -13.473012996593207 23.540000915527344 31.510000228881836 AB 3.2815164632368843 1.0546413187327284
63092.028 lsst_hardware_i 22.244179160696152 30.979999542236328 31.25 AB 3.257546498652788 1.0467133825264676
63094.9803 lsst_hardware_z 30.086925327525698 43.970001220703125 30.940000534057617 AB 4.596496998263187 1.134050824029735
63095.001 lsst_hardware_r 5.238280437454763 23.799999237060547 31.510000228881836 AB 4.259958880833426 1.0809792042715396
63096.0565 lsst_hardware_g -2.8143342670638325 14.710000038146973 31.459999084472656 AB 2.9145259436769533 1.0110227885446028
63096.0692 lsst_hardware_r 3.492677141516061 23.3700008392334 31.510000228881836 AB 2.9002950292437037 1.008973744736025
63107.0349 lsst_hardware_z 84.38293177681267 66.19000244140625 30.989999771118164 AB 5.039520786734757 1.0091656143649075
63107.0465 lsst_hardware_i 73.11627208824557 73.5 31.34000015258789 AB 5.654979547196919 1.0098177762851641
63112.0384 lsst_hardware_z -26.8080117153202 71.0999984741211 31.719999313354492 AB 1.711451236841542 1.011446187742171
63114.0314 lsst_hardware_g -11.29101735775011 15.09000015258789 31.469999313354492 AB 1.3879785374510476 1.0109093499279298
63114.0438 lsst_hardware_r -0.06473931579805321 23.829999923706055 31.520000457763672 AB 1.2113941652991256 1.0171235644828929
63117.017 lsst_hardware_r -24.011863404074784 23.719999313354492 31.520000457763672 AB 2.4225846777123143 1.009410282380131
63117.0283 lsst_hardware_i -28.29976100260886 30.93000030517578 31.260000228881836 AB 2.4310519511802067 1.0129383129917529
63119.0206 lsst_hardware_z -41.63256550698984 41.11000061035156 30.950000762939453 AB 3.2629714935674214 1.011957147877111
63119.0327 lsst_hardware_i -35.54292557451669 30.969999313354492 31.25 AB 3.268687068839132 1.0189438842984695
63122.0109 lsst_hardware_u -0.2657537303215374 2.799999952316284 28.479999542236328 AB 2.2364034656948113 1.0113752247347931
63122.0231 lsst_hardware_g 7.181076764168799 15.270000457763672 31.469999313354492 AB 2.258503261234408 1.017916962809874
63124.0105 lsst_hardware_r 6.3368867708172845 23.959999084472656 31.530000686645508 AB 1.3118260735455105 1.0135801224999925
63124.0215 lsst_hardware_i 10.716480247532338 31.239999771118164 31.270000457763672 AB 1.3085000532921343 1.020869946005176
63126.009 lsst_hardware_z 42.27648983317439 41.43000030517578 30.959999084472656 AB 1.6616081667824987 1.0158081410866566
63126.021 lsst_hardware_u 1.585064041286777 2.890000104904175 28.540000915527344 AB 1.7394228157224534 1.0253008050235504
