data/validation/pwv_sim_epoch_fit_4/41455020.ecsv
# %ECSV 0.9
# ---
# datatype:
# - {name: time, datatype: float64}
# - {name: band, datatype: string}
# - {name: flux, datatype: float64}
# - {name: fluxerr, datatype: float64}
# - {name: zp, datatype: float64}
# - {name: zpsys, datatype: string}
# - {name: pwv, datatype: float64}
# - {name: airmass, datatype: float64}
# meta: {SNID: '41455020', alt: 1024.0, c: -0.053065769374370575, dec: -18.681826, lat: -30.244573, lon: -70.7499537, ra: 316.757812,
#   t0: 62039.68359375, x0: 2.5088454134328066e-06, x1: -0.06212250143289566, z: 0.8125556111335754}
# schema: astropy-2.0
time band flux fluxerr zp zpsys pwv airmass
61911.393 lsst_hardware_g 2.4451696493303348 16.90999984741211 31.510000228881836 AB 7.366828668274613 1.02924605913717
61911.4132 lsst_hardware_y -31.5528329238797 47.220001220703125 30.049999237060547 AB 7.270833924258658 1.0211845399239687
61925.327 lsst_hardware_z -26.485869702470733 42.290000915527344 30.950000762939453 AB 12.846036794349228 1.0642065110056522
61925.3475 lsst_hardware_r 25.411207218644314 24.540000915527344 31.520000457763672 AB 12.527056513283577 1.0356362858204016
61927.3874 lsst_hardware_z 3.3617035550263434 49.93000030517578 30.969999313354492 AB 4.536291910113525 1.0256529170848685
61927.4085 lsst_hardware_r -31.444769356231383 44.060001373291016 31.610000610351562 AB 4.623255272537826 1.045275892502359
61946.1893 lsst_hardware_r -20.8586630107447 25.350000381469727 31.440000534057617 AB 5.257636006896808 1.3892245311628502
61946.2063 lsst_hardware_z 29.47494862906713 45.2400016784668 30.920000076293945 AB 4.856823605870265 1.281145767837035
61952.2412 lsst_hardware_g 5.950458896613573 15.260000228881836 31.440000534057617 AB 8.403395866888625 1.089016505784828
61952.2644 lsst_hardware_r 36.8607003088036 24.15999984741211 31.510000228881836 AB 8.55941754136318 1.0467247930902044
61957.2952 lsst_hardware_i -61.94474898421911 76.19000244140625 31.34000015258789 AB 5.219040776484254 1.021755270704153
61957.3176 lsst_hardware_z -92.16525883814201 67.04000091552734 30.989999771118164 AB 5.297231460016648 1.0349524181081045
61959.285 lsst_hardware_r 158.96778880804695 141.8300018310547 31.670000076293945 AB 1.6345593725723715 1.0211741186416314
61959.3062 lsst_hardware_z -107.59951542222178 92.70999908447266 31.0 AB 1.3596925892596148 1.0297450975775335
61961.2695 lsst_hardware_z 146.52323803269928 128.3800048828125 31.75 AB 9.666673375412584 1.0224595468123172
61963.2604 lsst_hardware_r 29.57481007631667 78.43000030517578 31.65999984741211 AB 7.745524845338947 1.0237729451476778
61963.2795 lsst_hardware_z 36.648851915333736 61.86000061035156 30.989999771118164 AB 7.7194471110126495 1.0219019209707116
61967.2623 lsst_hardware_g 21.14315830374667 21.770000457763672 31.579999923706055 AB 3.3049543883723684 1.0211507456735265
61967.282 lsst_hardware_r -21.715316306315287 30.020000457763672 31.559999465942383 AB 3.3236038898574813 1.028024710750845
61977.2356 lsst_hardware_z -21.824096500060183 41.40999984741211 30.940000534057617 AB 10.381423935675901 1.0211655168499596
61977.2555 lsst_hardware_r 1.841996743999893 24.520000457763672 31.510000228881836 AB 10.947615713754972 1.0285890116274639
61980.2346 lsst_hardware_z -8.191146023562665 41.4900016784668 30.950000762939453 AB 4.21913887770264 1.0222845885480694
61980.2537 lsst_hardware_g 13.038892410195192 15.739999771118164 31.459999084472656 AB 4.3222627748806435 1.033889873792886
61991.1589 lsst_hardware_z 169.95068007026472 67.12000274658203 30.989999771118164 AB 4.583106954265041 1.0454167322684857
61991.1775 lsst_hardware_r -66.74785792618813 91.12000274658203 31.65999984741211 AB 3.902418392199985 1.0272225301921518
61993.1566 lsst_hardware_z -44.84148649687841 50.2599983215332 30.969999313354492 AB 8.547574033214472 1.0414345456246692
61993.1748 lsst_hardware_g 50.03842914720916 53.7599983215332 31.729999542236328 AB 7.539826679569731 1.0255709477776151
61996.1578 lsst_hardware_r 7.539010083414649 24.90999984741211 31.540000915527344 AB 3.0113162361896877 1.0317732585520167
61996.1779 lsst_hardware_z 5.209385017652705 41.75 30.959999084472656 AB 2.43042668889277 1.0215453683612346
62004.14 lsst_hardware_u 0.11727793570713564 3.990571076169125 29.229999542236328 AB 2.058206257922514 1.028588834543985
62004.1591 lsst_hardware_g -2.912158637135439 22.222858298495744 32.22999954223633 AB 2.0493856989871237 1.0212037367264133
62012.131 lsst_hardware_z 103.09355484432572 50.79879532491297 30.969999313354492 AB 4.203653348352283 1.0222478048925425
62012.1485 lsst_hardware_r 109.00425475132678 54.692376940919786 31.639999389648438 AB 4.205713335186029 1.0226658565801896
62014.117 lsst_hardware_z 107.30242117528763 104.3280276743218 31.75 AB 1.1202051874430714 1.02582892622953
62019.095 lsst_hardware_z 275.4022460054184 71.07266259813876 31.0 AB 1.3426813290086224 1.0317735622504782
62019.1148 lsst_hardware_r 165.74398760615944 104.30794126165499 31.670000076293945 AB 1.3490173911598502 1.0215959039453617
62022.0829 lsst_hardware_i 469.8499913800358 37.612327164117346 31.260000228881836 AB 2.658576457033661 1.0354056044529383
62022.1023 lsst_hardware_r 255.10501990353998 43.45748831228603 31.6200008392334 AB 2.6405127763301204 1.0226618033811465
62028.0633 lsst_hardware_z 395.89656397886733 46.843142994945744 30.959999084472656 AB 1.2428493968710848 1.0388098323084918
62028.0812 lsst_hardware_u 4.260405298706174 3.2919627934377655 28.559999465942383 AB 1.208549137069579 1.0245559621925076
62029.0632 lsst_hardware_g 147.18260679406742 19.176755145730617 31.469999313354492 AB 2.7212218854348027 1.0359981797340618
62029.08 lsst_hardware_r 509.56969174726777 33.7787604151422 31.520000457763672 AB 2.662712600084015 1.0238577031852614
62034.058 lsst_hardware_i 899.698879817327 43.555754558925265 31.270000457763672 AB 4.01833474150418 1.0286498047667334
62034.0775 lsst_hardware_u -0.657292104492873 2.9776502510793583 28.520000457763672 AB 3.9836442331026767 1.0211853968476214
62036.0599 lsst_hardware_g 99.22943211228457 18.747231018446072 31.479999542236328 AB 1.4126777056109567 1.0242980342798478
62036.0797 lsst_hardware_r 630.0483268663273 34.93965053111221 31.520000457763672 AB 1.4233632844951023 1.0217970455817043
62040.0573 lsst_hardware_z 835.6883095565993 53.36142387978125 30.969999313354492 AB 2.8605455711697987 1.0216234182749282
62040.0764 lsst_hardware_g 58.815166984983414 42.45167232257859 31.700000762939453 AB 2.868284921335407 1.0243874719055026
62042.0365 lsst_hardware_z 567.7281812601271 72.27924001435738 30.989999771118164 AB 3.5146564883208513 1.0284040345236696
62042.0545 lsst_hardware_r 765.6128928456768 90.42787249687515 31.65999984741211 AB 3.4488142396666928 1.0212656913434093
62045.0376 lsst_hardware_i 926.5338726820522 87.83950269479587 31.350000381469727 AB 5.098237075519835 1.023331408173391
62045.0563 lsst_hardware_z 707.3790033640028 77.8823458814999 31.0 AB 4.980530637960019 1.0220666197332928
62047.0233 lsst_hardware_i 716.3579571967156 82.21556711614232 31.34000015258789 AB 2.4761473125602484 1.0280869057755704
62047.0425 lsst_hardware_z 527.2976272235751 71.99562871890933 30.989999771118164 AB 2.449432190091699 1.0211640592379607
62049.0252 lsst_hardware_g 34.25483903404738 56.3723207116947 31.719999313354492 AB 3.489838496514393 1.0239385304817408
62049.0437 lsst_hardware_r 517.018286574183 70.6349962265664 31.649999618530273 AB 3.861581607230956 1.0216950564826695
62051.0263 lsst_hardware_i 665.4451524878282 41.04525017029139 31.260000228881836 AB 4.668656800920612 1.0218115125674354
62051.0462 lsst_hardware_r 328.1726899060268 30.549044297565512 31.520000457763672 AB 5.459060470098373 1.0243100609997886
62056.0058 lsst_hardware_y 195.09218766949846 49.98829317288957 30.049999237060547 AB 5.9155088648536145 1.024064548576643
62056.0251 lsst_hardware_r 204.81932491431627 29.133376316784187 31.520000457763672 AB 5.816076604115866 1.021798419556547
62059.993 lsst_hardware_y 86.4925302988272 74.41976126167907 30.079999923706055 AB 6.691298198615095 1.0249627059405302
62060.0109 lsst_hardware_u 2.009900516566122 3.045044750890802 28.540000915527344 AB 7.2057217429588825 1.0212914383047103
62271.4111 lsst_hardware_u 3.907844993643889 3.0999999046325684 28.6200008392334 AB 7.8057709190283315 1.0267036163267675
62271.4301 lsst_hardware_y 106.90167820368048 59.18000030517578 30.06999969482422 AB 7.817082581650451 1.0211734267342196
62276.3993 lsst_hardware_i 31.86545327138489 31.940000534057617 31.270000457763672 AB 7.302000846386375 1.0256219366376367
62276.4179 lsst_hardware_y -71.0049042649951 47.630001068115234 30.059999465942383 AB 6.144730953429582 1.021256633350262
62281.3871 lsst_hardware_g -9.354836257563612 15.850000381469727 31.479999542236328 AB 8.046835275958907 1.0248569657345243
62281.4084 lsst_hardware_y -81.5731645030801 47.060001373291016 30.049999237060547 AB 8.057583135132674 1.021887525064358
62284.3706 lsst_hardware_r 6.136170451183936 91.43000030517578 31.65999984741211 AB 9.39789716860242 1.0302358381512724
62284.3901 lsst_hardware_i -84.60185227163598 71.4800033569336 31.34000015258789 AB 9.523298837202514 1.0213748216647913
62287.3802 lsst_hardware_z -238.35781641384887 102.13999938964844 31.75 AB 7.560071245100033 1.0216312493378423
62287.4021 lsst_hardware_r 228.29743017261697 133.57000732421875 32.40999984741211 AB 7.591413372833499 1.0258666720045269
62290.352 lsst_hardware_i -0.9151999128303734 46.849998474121094 31.309999465942383 AB 10.915661183833947 1.0320836947745597
62290.3737 lsst_hardware_z 40.94950714178838 50.189998626708984 30.979999542236328 AB 10.807115970340964 1.0213780441525404
62301.3356 lsst_hardware_z 87.53244696562959 41.529998779296875 30.950000762939453 AB 12.252165489659518 1.0234658443904787
62301.3587 lsst_hardware_r 33.96182153020542 24.270000457763672 31.520000457763672 AB 12.238977773407582 1.023390076585704
62307.3268 lsst_hardware_z 57.42892252103802 41.5 30.959999084472656 AB 3.6929438458922657 1.0214434977689943
62307.3475 lsst_hardware_r 15.832829564033922 24.209999084472656 31.520000457763672 AB 3.79572093741363 1.0258705236253054
62309.3285 lsst_hardware_z -27.788077147026986 41.45000076293945 30.950000762939453 AB 2.0426517912070783 1.0213258956035391
62309.3499 lsst_hardware_r -38.1382228540462 24.290000915527344 31.520000457763672 AB 2.1424203683519747 1.031414764511903
62311.3033 lsst_hardware_z 19.837483441993754 56.619998931884766 30.979999542236328 AB 3.4973864398795214 1.0258772250929908
62311.3235 lsst_hardware_i 5.010673441602356 60.38999938964844 31.329999923706055 AB 3.498220104476608 1.021378132693931
62313.3078 lsst_hardware_z 109.56047838458616 79.47000122070312 31.0 AB 5.673540918689418 1.0219220531397368
62313.3291 lsst_hardware_r 33.72445977044217 118.91999816894531 31.670000076293945 AB 5.653110939062018 1.024795021885676
62318.2719 lsst_hardware_y 99.96913922779129 72.62999725341797 30.809999465942383 AB 8.469123074429064 1.0355139070462664
62320.3227 lsst_hardware_r 59.017254519854 37.83000183105469 31.600000381469727 AB 6.635708231133509 1.0339483570987367
62320.338 lsst_hardware_i 21.0463957694654 38.720001220703125 31.280000686645508 AB 6.864021721367326 1.0527237025217073
62324.3105 lsst_hardware_z -0.2546680787965437 41.400001525878906 30.950000762939453 AB 1.54321555181046 1.0327693169218404
62324.3311 lsst_hardware_r -26.52206361833624 24.270000457763672 31.510000228881836 AB 1.5861563065376292 1.0591439362556838
62326.2691 lsst_hardware_r -21.861709577298427 24.290000915527344 31.530000686645508 AB 2.147935134334456 1.0228262544449789
62326.2882 lsst_hardware_u 4.265785529703098 2.8399999141693115 28.510000228881836 AB 2.147468432163548 1.0226040153159752
62329.2596 lsst_hardware_g 19.729571525630366 15.59000015258789 31.469999313354492 AB 7.749250773259626 1.0232960943626948
62329.2806 lsst_hardware_i 58.08137140249286 31.56999969482422 31.260000228881836 AB 7.725341177262829 1.0227950101188539
62331.2574 lsst_hardware_z -90.76536001871743 41.650001525878906 30.950000762939453 AB 6.371850164500674 1.0222356177757468
62331.2765 lsst_hardware_r -25.737618931199204 24.489999771118164 31.520000457763672 AB 6.396265898835593 1.0232797502436657
62333.2346 lsst_hardware_u 1.5657102405686991 2.7300000190734863 28.420000076293945 AB 2.973971803808007 1.0320915508617063
62333.2566 lsst_hardware_g 0.4064746493520811 15.489999771118164 31.479999542236328 AB 3.3474691100249467 1.0213483173226383
62335.2452 lsst_hardware_r 3.038359547338957 24.389999389648438 31.520000457763672 AB 2.0989040950283715 1.0226085724864171
62335.2631 lsst_hardware_i -20.282426611831355 31.420000076293945 31.25 AB 1.917338333249816 1.0224441185174329
62346.2183 lsst_hardware_r -197.55906252052904 109.4000015258789 32.40999984741211 AB 4.197363654699212 1.0217950228504595
62346.2391 lsst_hardware_z 58.47366125535237 85.5 31.739999771118164 AB 4.216558116056462 1.0248460137867121
62349.2029 lsst_hardware_g 18.565860323209098 27.639999389648438 31.639999389648438 AB 4.716304817121278 1.0241704271707444
62349.2243 lsst_hardware_i -59.04028934315281 38.349998474121094 31.290000915527344 AB 4.5673793285734385 1.0222805972858071
62350.1877 lsst_hardware_z -61.187832271939456 41.90999984741211 30.950000762939453 AB 1.9362327700298467 1.0325198080415128
62350.2057 lsst_hardware_r 6.982886567982797 25.520000457763672 31.540000915527344 AB 1.9002509339641454 1.0221898515137953
62353.1736 lsst_hardware_u 5.024024474119152 2.75 28.399999618530273 AB 1.7538622499789585 1.0384027530958901
62353.1922 lsst_hardware_g -27.317806391245117 15.90999984741211 31.479999542236328 AB 1.7265842092183272 1.0240712984685074
62355.1665 lsst_hardware_g 3.0452215471474564 16.09000015258789 31.5 AB 2.779229298267265 1.040260498415695
62355.1839 lsst_hardware_r -12.759417223583599 25.030000686645508 31.540000915527344 AB 2.90004186940014 1.025474494130177
62357.1815 lsst_hardware_i 45.826060919407524 31.90999984741211 31.270000457763672 AB 3.873436667460411 1.0239737406543945
62357.2026 lsst_hardware_z -41.492976118045625 41.900001525878906 30.959999084472656 AB 3.865393842274202 1.0223205084036504
62363.1637 lsst_hardware_g 5.509165750760818 15.9399995803833 31.489999771118164 AB 3.4220039282562276 1.024628768098279
62363.1821 lsst_hardware_i -7.198912937050801 31.719999313354492 31.260000228881836 AB 3.639361850501506 1.0214557877679353
62365.157 lsst_hardware_z 31.622156747117216 44.02000045776367 30.959999084472656 AB 4.317020378303455 1.025258164574918
62365.1755 lsst_hardware_r -18.121371824017874 34.08000183105469 31.600000381469727 AB 4.500694900506756 1.021318409373519
62368.1494 lsst_hardware_y 10.160126215804969 75.4000015258789 30.809999465942383 AB 1.8592619897901626 1.024951482795018
62370.1488 lsst_hardware_z 106.38216321584932 99.98999786376953 31.010000228881836 AB 2.0553159935137306 1.0228845355907752
62370.1666 lsst_hardware_r -81.71425967341003 142.1999969482422 31.670000076293945 AB 2.0527147087341793 1.022183438659231
62373.0957 lsst_hardware_r -20.99154596938373 118.91000366210938 31.649999618530273 AB 4.09606918614587 1.074519723543163
62373.1151 lsst_hardware_z 10.460779094591945 79.9800033569336 30.989999771118164 AB 3.9487085625289406 1.0429763767905285
62377.1096 lsst_hardware_g -26.201424709300937 15.550000190734863 31.469999313354492 AB 5.169712799565101 1.0367590887708475
62377.1258 lsst_hardware_i 27.561075886207092 37.7599983215332 31.290000915527344 AB 5.327254980911595 1.0244721117137683
62379.1056 lsst_hardware_z 86.98424519288338 41.77000045776367 30.950000762939453 AB 3.4648702543177956 1.035268239923648
62379.1214 lsst_hardware_r 6.077515580643211 24.43000030517578 31.520000457763672 AB 3.43650143221969 1.0239873159176038
62386.0997 lsst_hardware_i 17.674576723232413 31.239999771118164 31.25 AB 1.5573354481237183 1.0252372930373392
62386.1191 lsst_hardware_z -42.627177319828874 41.310001373291016 30.950000762939453 AB 1.57810640588115 1.0214280944214564
62388.0805 lsst_hardware_r 2.2104568570771264 24.100000381469727 31.520000457763672 AB 2.678395119962731 1.0357957279906607
62388.0993 lsst_hardware_u 3.2877299067781594 2.7899999618530273 28.469999313354492 AB 2.6233295599574444 1.0230064578022011
62391.0885 lsst_hardware_g -22.230636711204117 15.699999809265137 31.489999771118164 AB 3.078794900450318 1.0240462000499977
62391.1072 lsst_hardware_i -23.089069532197733 31.459999084472656 31.270000457763672 AB 2.9890225168308273 1.0217133880809528
62394.0628 lsst_hardware_r 3.639975584600412 36.130001068115234 31.600000381469727 AB 1.2173682603358393 1.0371614571552261
62394.0814 lsst_hardware_z -83.25196512352915 44.220001220703125 30.959999084472656 AB 1.200662564336288 1.0235827487948796
62402.0617 lsst_hardware_r 17.033063282611714 95.54000091552734 31.65999984741211 AB 1.379062692594541 1.0227906249157623
62402.0823 lsst_hardware_z -4.2144807717280015 66.87999725341797 30.989999771118164 AB 1.3897808733861094 1.0231515632290378
62405.0378 lsst_hardware_u 1.3761865768204786 2.9000000953674316 28.549999237060547 AB 3.3200610289501182 1.0322770397046617
62405.0565 lsst_hardware_g 11.516416436716947 15.430000305175781 31.469999313354492 AB 3.0165358687733694 1.021948291275809
62408.0363 lsst_hardware_r -2.8111959669948465 24.170000076293945 31.510000228881836 AB 3.5020174976302316 1.0271854216749134
62408.0568 lsst_hardware_z -74.02048084354638 41.38999938964844 30.950000762939453 AB 3.456045242966361 1.0212145210804364
62410.0363 lsst_hardware_r -17.971255646069796 24.219999313354492 31.510000228881836 AB 6.237994408121642 1.0241890994069949
62410.0548 lsst_hardware_u 1.1455038119830148 2.75 28.420000076293945 AB 5.867146166795914 1.021616953995421
62412.0228 lsst_hardware_g 33.123102688408665 15.40999984741211 31.469999313354492 AB 2.148897019213548 1.0289599070489457
62412.0419 lsst_hardware_r 27.986267635725827 24.1299991607666 31.510000228881836 AB 3.033122820634794 1.02125347496121
62415.023 lsst_hardware_i -21.79964548316835 31.510000228881836 31.270000457763672 AB 3.487591991090799 1.024030533976567
62415.0422 lsst_hardware_z -21.58049914980695 41.5 30.959999084472656 AB 3.879338251625074 1.0218196369353825
62417.0259 lsst_hardware_r 35.16861871567361 24.40999984741211 31.520000457763672 AB 4.6328842306251286 1.0215278607849907
62417.0432 lsst_hardware_u -3.9623776623941587 2.7699999809265137 28.440000534057617 AB 5.195234467289765 1.0238932730172972
62419.0048 lsst_hardware_y -81.0277511596548 47.91999816894531 30.049999237060547 AB 2.4675934629888734 1.0281639429120306
62419.024 lsst_hardware_g -19.338530516007754 15.779999732971191 31.479999542236328 AB 2.4508420163363946 1.0211841734734979
62421.0049 lsst_hardware_y -14.907180886490805 47.88999938964844 30.049999237060547 AB 6.292006030860174 1.0248401385878612
62421.023 lsst_hardware_z 4.4731887549814395 41.779998779296875 30.950000762939453 AB 6.2971978323020394 1.0213604464038073
62424.0152 lsst_hardware_y 61.05343127595882 72.55999755859375 30.809999465942383 AB 6.898334529478745 1.0214080369392922
62425.9928 lsst_hardware_z -67.17984694455687 83.87000274658203 31.0 AB 6.7655648979648895 1.0241028656286728
62426.0114 lsst_hardware_r 21.78131601300545 83.33000183105469 31.65999984741211 AB 7.197992160551218 1.0216680772925004
