data/validation/pwv_sim_epoch_fit_4/41548474.ecsv
# %ECSV 0.9
# ---
# datatype:
# - {name: time, datatype: float64}
# - {name: band, datatype: string}
# - {name: flux, datatype: float64}
# - {name: fluxerr, datatype: float64}
# - {name: zp, datatype: float64}
# - {name: zpsys, datatype: string}
# - {name: pwv, datatype: float64}
# - {name: airmass, datatype: float64}
# meta: {SNID: '41548474', alt: 1024.0, c: -0.01848655194044113, dec: -54.532822, lat: -30.244573, lon: -70.7499537, ra: 87.408379, t0: 61084.546875,
#   x0: 8.826523432247922e-06, x1: -2.141645908355713, z: 0.4849890470504761}
# schema: astropy-2.0
time band flux fluxerr zp zpsys pwv airmass
60972.3196 lsst_hardware_z 32.88524794460432 58.849998474121094 31.690000534057617 AB 3.5284043839307127 1.106747852867934
60982.3486 lsst_hardware_i -1.0267269818196088 30.68000030517578 31.239999771118164 AB 5.418016512471174 1.1063385599001834
60982.3606 lsst_hardware_z 44.70731437632842 48.7599983215332 30.959999084472656 AB 5.443084860344437 1.1162440113497711
60991.3517 lsst_hardware_r 5.421222392189133 31.329999923706055 31.540000915527344 AB 4.027403013712132 1.1347993839705346
60995.3422 lsst_hardware_i -58.784211873684775 31.229999542236328 31.239999771118164 AB 4.543260986401731 1.1368099553113302
60995.3547 lsst_hardware_z -58.637588518148505 55.70000076293945 30.959999084472656 AB 4.623705703154456 1.1569387471924073
60997.3411 lsst_hardware_r -1.7834818910129364 22.31999969482422 31.459999084472656 AB 4.227068340955879 1.1433264231949625
60997.3541 lsst_hardware_u 7.807382863923105 8.569999694824219 29.079999923706055 AB 4.295159083503749 1.1660010180536826
60999.3436 lsst_hardware_g -8.509905074069376 15.149999618530273 31.420000076293945 AB 5.785900145292956 1.1566209955774194
60999.3558 lsst_hardware_r 38.52266476729745 32.689998626708984 31.540000915527344 AB 5.907997826740628 1.1806747034971017
61001.3202 lsst_hardware_r -7.494824828215714 21.709999084472656 31.459999084472656 AB 5.08137455482739 1.1291943455171978
61001.3313 lsst_hardware_i 38.3617174696776 30.68000030517578 31.229999542236328 AB 5.152908599853933 1.1450907999675406
61004.3295 lsst_hardware_z 17.47477382055574 42.119998931884766 30.93000030517578 AB 7.735943238414239 1.1558259731681217
61004.3411 lsst_hardware_r 9.352221552331503 22.6299991607666 31.459999084472656 AB 6.59585870149465 1.1784281395041074
61006.3266 lsst_hardware_u 3.276838265533748 2.640000104904175 28.3799991607666 AB 4.50085892218694 1.1604638190503906
61006.3387 lsst_hardware_r -33.99917951348616 22.790000915527344 31.469999313354492 AB 4.66946796167861 1.1850940218295813
61009.3143 lsst_hardware_i 1.0728370717903761 30.399999618530273 31.229999542236328 AB 6.705866811319828 1.1531188899596834
61009.3266 lsst_hardware_z 41.282911685456156 42.349998474121094 30.93000030517578 AB 6.832921131522043 1.1766359610002657
61011.3178 lsst_hardware_r -28.78576912847509 22.0 31.459999084472656 AB 7.665859137621722 1.1697946241188453
61011.3295 lsst_hardware_z -71.15204751293808 43.189998626708984 30.940000534057617 AB 7.82467341180657 1.195336604308978
61013.3209 lsst_hardware_y -77.00350535297285 74.19999694824219 30.75 AB 4.284401337812541 1.1880488978336337
61015.2942 lsst_hardware_z -53.360149980939426 56.36000061035156 30.959999084472656 AB 4.9586363493553245 1.1469032842270568
61015.3062 lsst_hardware_r -28.957373138125565 73.51000213623047 31.610000610351562 AB 5.069612264523903 1.1684499601322738
61020.2132 lsst_hardware_z 1.8944669304013408 42.88999938964844 30.940000534057617 AB 10.45265584211262 1.0971997035107957
61020.2254 lsst_hardware_r -43.32013296076424 29.280000686645508 31.540000915527344 AB 10.4659996363916 1.0978705167724327
61022.2118 lsst_hardware_u -0.20414056752926402 2.6700000762939453 28.459999084472656 AB 11.90084149794478 1.097028691074116
61022.2244 lsst_hardware_g 18.572442652229313 13.039999961853027 31.389999389648438 AB 11.88468698415456 1.0990093382795358
61024.2124 lsst_hardware_r -14.72097556246135 21.670000076293945 31.469999313354492 AB 8.8524518989153 1.0975075775889347
61024.2251 lsst_hardware_z -70.24424612739841 41.709999084472656 30.940000534057617 AB 8.887127844209703 1.1013719798432884
61026.2173 lsst_hardware_r -43.8516124257044 21.530000686645508 31.469999313354492 AB 9.258506141263462 1.100369163449425
61026.2295 lsst_hardware_u 5.008348804017148 2.569999933242798 28.3700008392334 AB 9.308338323813569 1.1070811517380008
61028.2195 lsst_hardware_g -19.969355085167784 12.699999809265137 31.3700008392334 AB 5.705188326601346 1.1041587626478315
61028.2309 lsst_hardware_r -32.263750447084426 21.700000762939453 31.469999313354492 AB 5.74678334625019 1.1124780227944036
61030.2016 lsst_hardware_r 28.386001238782207 21.489999771118164 31.469999313354492 AB 5.2270362894396305 1.0987324038900568
61030.2152 lsst_hardware_i -9.998000064871862 30.040000915527344 31.239999771118164 AB 6.518673318490929 1.104859884489988
61032.2034 lsst_hardware_z -47.80107947765241 41.54999923706055 30.950000762939453 AB 6.452356203786773 1.1014449328625868
61032.2161 lsst_hardware_r -16.019769718750418 21.709999084472656 31.479999542236328 AB 7.538433353699997 1.1092864442776225
61034.1982 lsst_hardware_u 1.8244718144085255 2.559999942779541 28.360000610351562 AB 7.378299868240735 1.1015676124575597
61034.2107 lsst_hardware_g 6.223539561760245 12.640000343322754 31.350000381469727 AB 7.354891935000461 1.109335133484146
61036.1997 lsst_hardware_r -14.056645739628888 21.59000015258789 31.469999313354492 AB 6.086802577488886 1.1054184716063908
61036.2124 lsst_hardware_z 33.90132810325735 41.59000015258789 30.940000534057617 AB 5.6159317657082655 1.1155448707768318
61038.197 lsst_hardware_r -21.597027829060014 29.950000762939453 31.549999237060547 AB 7.828453722458228 1.107277754237373
61038.2084 lsst_hardware_y 49.40943069183307 48.290000915527344 30.020000457763672 AB 7.9710042010727165 1.1169737889048688
61040.201 lsst_hardware_z 18.94512698043085 48.81999969482422 30.959999084472656 AB 7.320030761430907 1.1150934208897718
61040.2135 lsst_hardware_r -41.89385578225645 49.08000183105469 31.610000610351562 AB 7.583344427845166 1.1289498689195863
61043.1781 lsst_hardware_z -22.83182522548754 57.720001220703125 30.969999313354492 AB 4.168284544566002 1.1039132778970235
61043.1917 lsst_hardware_r 38.718932175126945 79.93000030517578 31.6299991607666 AB 4.20614654477472 1.1140634471658641
61045.1853 lsst_hardware_z -13.541372339372588 93.06999969482422 32.150001525878906 AB 12.85753631070961 1.1132146388394961
61054.1608 lsst_hardware_r 27.64252139874974 21.6200008392334 31.469999313354492 AB 8.297618922325418 1.1132886891390223
61054.1751 lsst_hardware_u -1.5470372949449243 2.5299999713897705 28.329999923706055 AB 8.957694937294889 1.1287418015744568
61056.0985 lsst_hardware_z -13.33844463886253 41.229107170872375 30.940000534057617 AB 4.118580719147247 1.1019613964273571
61056.112 lsst_hardware_u -1.4230681724519278 2.6211675428079886 28.34000015258789 AB 4.135737876133203 1.0975949777423575
61058.099 lsst_hardware_g -42.22692424870271 13.23694280616603 31.350000381469727 AB 4.346015379488125 1.099491589270292
61058.1137 lsst_hardware_r -32.288449553570224 22.336718120998302 31.459999084472656 AB 4.344630942595313 1.0970597670842333
61060.1027 lsst_hardware_i -66.77771503799002 30.60135746758627 31.229999542236328 AB 8.419283098643032 1.0973681903800099
61060.1147 lsst_hardware_z -55.17166950183545 41.77790527786703 30.940000534057617 AB 8.443528651571913 1.097631283922248
61062.1 lsst_hardware_i -27.060260366025105 30.332225536325723 31.239999771118164 AB 12.1780794367436 1.0971242735805045
61062.1129 lsst_hardware_u -2.760938380642734 3.208817272809985 28.34000015258789 AB 12.282860796833837 1.098400250108101
61064.0935 lsst_hardware_g -151.70882393944058 22.81340425874429 32.13999938964844 AB 14.25020253175494 1.0971962887128934
61064.1076 lsst_hardware_r 73.26015209616241 32.48964734971914 32.220001220703125 AB 14.258519328950785 1.0984427606916012
61066.0962 lsst_hardware_i 388.63062973758355 49.63458427908107 32.0 AB 14.990187965324878 1.0973381622433205
61066.1105 lsst_hardware_r 414.25753195040323 44.146770231369004 32.27000045776367 AB 15.077097624485104 1.1014426434222213
61068.0955 lsst_hardware_z 583.1725860722648 68.39830730945499 31.700000762939453 AB 13.663570290282271 1.0981591183493558
61070.0896 lsst_hardware_r 975.4633743620657 64.5728874389943 31.6200008392334 AB 13.907231896247971 1.098062169814885
61070.101 lsst_hardware_i 544.7037987966327 53.75973810108079 31.290000915527344 AB 13.963735346170289 1.1021246277512429
61073.0914 lsst_hardware_z 815.0510518519036 64.35949600784512 30.979999542236328 AB 6.803313064253449 1.1014538150437085
61073.1039 lsst_hardware_r 1901.2250512553098 89.97527700893518 31.639999389648438 AB 6.850706372718482 1.1091267737806267
61075.0693 lsst_hardware_i 1505.9845355102716 59.77518850204481 31.299999237060547 AB 10.618950635963664 1.097140708868776
61075.0834 lsst_hardware_z 1060.9569559062088 60.31379629956134 30.959999084472656 AB 11.530443475402208 1.100364401803861
61079.0686 lsst_hardware_i 1769.9027594353079 51.86904828555901 31.239999771118164 AB 11.175302415274368 1.099002884565143
61079.0819 lsst_hardware_r 2838.4392950028036 57.011417140382235 31.459999084472656 AB 11.186890948633117 1.1052055867055046
61085.0575 lsst_hardware_z 1580.9719304383102 58.003214856122455 30.93000030517578 AB 2.755322920143427 1.100954816253367
61085.0691 lsst_hardware_r 3023.6355119703067 59.393577478860124 31.459999084472656 AB 2.7856718885924705 1.1076230173329902
61087.0653 lsst_hardware_u 1.8980836657066633 3.1550364059292453 28.459999084472656 AB 2.661242906184028 1.1088512109100117
61087.078 lsst_hardware_g 812.1394074444138 30.952831342907132 31.3700008392334 AB 2.6893037716931874 1.1205432382054947
61089.0576 lsst_hardware_r 2733.5920909409674 56.99965306637239 31.469999313354492 AB 5.085803577737541 1.1072141315829187
61089.0698 lsst_hardware_z 1636.480342453779 58.2323683885459 30.940000534057617 AB 5.150609080243717 1.1176728564724159
61091.0566 lsst_hardware_r 2482.6691814281967 55.093502571377 31.479999542236328 AB 3.6816487175690593 1.1106029313933814
61091.0673 lsst_hardware_u -4.543316591620889 3.1717847013433382 28.420000076293945 AB 3.746790596739878 1.1207868970206036
61093.055 lsst_hardware_g 431.8405569026999 24.564057091995704 31.3700008392334 AB 5.907229331616588 1.1139410393393527
61093.0682 lsst_hardware_r 2233.760531899339 52.23787973501843 31.459999084472656 AB 6.118525744978557 1.1282547934682938
61340.3715 lsst_hardware_i 131.6012783728267 70.01000213623047 31.31999969482422 AB 3.396073284123931 1.1085599099474233
61345.1817 lsst_hardware_g -3.3259583123028595 12.970000267028809 31.299999237060547 AB 6.216214725152626 1.3965883453498846
61345.1953 lsst_hardware_r -46.492767746982494 22.6299991607666 31.450000762939453 AB 5.944406704104784 1.3352716193563965
61348.2903 lsst_hardware_r 41.75894771236236 31.0 32.22999954223633 AB 5.675138773272405 1.1067143134682516
61348.3049 lsst_hardware_g 15.984948016735057 19.1299991607666 32.150001525878906 AB 6.2659003976313485 1.0992807715142716
61358.3472 lsst_hardware_z -14.894895324585757 44.5099983215332 30.950000762939453 AB 6.6672379864978835 1.1352032668061627
61358.359 lsst_hardware_i 71.63933985205381 48.0099983215332 31.290000915527344 AB 6.65946957552557 1.1537042878471253
61362.3413 lsst_hardware_g -0.5775397309070882 13.510000228881836 31.3700008392334 AB 4.20551046420348 1.1425947647717563
61362.3541 lsst_hardware_r -68.72880560500079 27.43000030517578 31.520000457763672 AB 4.290384152174625 1.1647047739140237
61363.3134 lsst_hardware_r -9.730117166454804 21.59000015258789 31.459999084472656 AB 6.935982314464989 1.112382392761315
61363.325 lsst_hardware_i 27.123551321025104 30.329999923706055 31.229999542236328 AB 7.082543281489661 1.1242132192840733
61365.3195 lsst_hardware_z 87.72236359928533 41.86000061035156 30.93000030517578 AB 4.64618737891161 1.1241682504020347
61365.3312 lsst_hardware_r 17.849808339608593 21.770000457763672 31.450000762939453 AB 4.71694808078659 1.1397035531951893
61369.3219 lsst_hardware_i 29.055756125885992 61.619998931884766 31.299999237060547 AB 7.826055225235946 1.1421563376001087
61369.3338 lsst_hardware_z -9.584152886922416 58.41999816894531 30.959999084472656 AB 6.4864853535368425 1.1624525723183874
61371.3269 lsst_hardware_r -138.70070017371614 58.16999816894531 31.610000610351562 AB 4.5034158239939295 1.1597774463028405
61371.3389 lsst_hardware_z -28.835291369072863 52.66999816894531 30.959999084472656 AB 4.680926643921112 1.184045525443789
61373.314 lsst_hardware_y -34.292601306756694 49.43000030517578 30.010000228881836 AB 5.1417504359336 1.1469227880960764
61373.3256 lsst_hardware_r -9.015380281292668 43.04999923706055 31.579999923706055 AB 5.225690899010359 1.1676869222971586
61375.3164 lsst_hardware_i -95.44472598356151 34.220001220703125 31.25 AB 8.136274730173625 1.1605564944141988
61375.3283 lsst_hardware_z 12.407073798205248 44.31999969482422 30.940000534057617 AB 8.196562663394555 1.1847597200763027
61378.3089 lsst_hardware_z -25.594807605852278 42.70000076293945 30.93000030517578 AB 4.229112788230474 1.1618441725907895
61378.3206 lsst_hardware_r 3.960732424366724 22.809999465942383 31.459999084472656 AB 4.29527041245483 1.1858563200151377
61380.289 lsst_hardware_r -57.273748317234315 21.8700008392334 31.459999084472656 AB 5.87678274715611 1.1378822925952727
61380.3011 lsst_hardware_u 3.8303699987969573 2.569999933242798 28.34000015258789 AB 5.085986704257885 1.1575503167585512
61384.2173 lsst_hardware_r 6.344314656298088 21.6299991607666 31.479999542236328 AB 10.297777964330168 1.0971423358544818
61384.2315 lsst_hardware_z 50.52329474392114 41.54999923706055 30.950000762939453 AB 10.291856206563931 1.098501036029927
61386.2168 lsst_hardware_r 11.718522455463717 21.540000915527344 31.469999313354492 AB 13.76191076714728 1.0970692362753676
61386.2296 lsst_hardware_u -5.156352953560596 2.5899999141693115 28.389999389648438 AB 13.788749145865813 1.099603193513918
61391.218 lsst_hardware_i 10.45052558645808 30.18000030517578 31.25 AB 9.322056322984857 1.1003804433977797
61391.2318 lsst_hardware_z -99.55138037977488 41.650001525878906 30.950000762939453 AB 9.350341344196567 1.1082542780842204
61393.1971 lsst_hardware_z 65.62684158906457 44.689998626708984 30.959999084472656 AB 5.695168094327325 1.0970530552832911
61393.209 lsst_hardware_r -7.491279275807506 32.5099983215332 31.579999923706055 AB 5.66564739915019 1.0991119645278995
61395.2017 lsst_hardware_z 60.64280416231192 69.91999816894531 31.709999084472656 AB 5.384474075881887 1.0985733288659998
61404.1998 lsst_hardware_r -9.28442471243152 29.239999771118164 31.540000915527344 AB 10.332383597044185 1.111008988929482
61404.212 lsst_hardware_z 1.3507044443261622 43.93000030517578 30.940000534057617 AB 10.081765544977156 1.123024529739001
61406.2032 lsst_hardware_r 8.97315774277511 21.809999465942383 31.469999313354492 AB 7.836136127948449 1.1193552716986948
61406.2165 lsst_hardware_u 2.5706516040995586 2.7899999618530273 28.450000762939453 AB 7.992467515561478 1.135741363330216
61408.1791 lsst_hardware_u -0.9025542026046697 2.5899999141693115 28.3799991607666 AB 4.186578179203361 1.104103954780896
61408.1936 lsst_hardware_g -26.043545958128142 12.699999809265137 31.360000610351562 AB 4.23509918550876 1.1152090194664397
61410.1816 lsst_hardware_r 8.781504434004262 21.579999923706055 31.459999084472656 AB 12.53514211652786 1.1095500877652433
61410.1957 lsst_hardware_i 10.124153073993302 30.209999084472656 31.229999542236328 AB 12.793141923659322 1.1231249494023732
61412.1837 lsst_hardware_z 19.777740272954453 41.650001525878906 30.940000534057617 AB 8.928171197606884 1.116195805295438
61412.196 lsst_hardware_r -40.54508536404239 21.719999313354492 31.459999084472656 AB 8.993303361259903 1.130166931983651
61414.1623 lsst_hardware_u 1.9932004770116734 2.509999990463257 28.329999923706055 AB 7.064749047250935 1.1038670386329585
61414.1755 lsst_hardware_g 7.499235558737864 12.569999694824219 31.350000381469727 AB 8.359686732821935 1.1136226373359894
61416.1604 lsst_hardware_r 1.3592040238454797 21.639999389648438 31.469999313354492 AB 5.3661112494497285 1.1060726062969657
61416.1712 lsst_hardware_z -13.143468071024857 41.650001525878906 30.940000534057617 AB 7.623936142664576 1.1146920305087482
61421.1554 lsst_hardware_g 3.8475557991801477 18.5 31.510000228881836 AB 4.87847149247469 1.1127477268522388
61421.1682 lsst_hardware_r 5.645296402546369 23.829999923706055 31.489999771118164 AB 5.809670144692393 1.1261233077519661
61425.1015 lsst_hardware_i -10.885718525321561 49.86000061035156 31.309999465942383 AB 8.396121171868185 1.0976397910733944
61425.1149 lsst_hardware_z -15.457541949168807 50.709999084472656 30.969999313354492 AB 8.415791714589389 1.0975568732143546
61427.0971 lsst_hardware_i -89.76887524280362 61.86000061035156 31.309999465942383 AB 12.256537062290146 1.097477481979493
61427.11 lsst_hardware_z 24.988756710340418 57.2400016784668 30.969999313354492 AB 12.187557562235575 1.0976485345754046
61429.103 lsst_hardware_g 91.92323685957432 73.4800033569336 31.700000762939453 AB 14.259779941147038 1.0974196854538627
61429.1161 lsst_hardware_r -20.65305934025403 67.69999694824219 31.6299991607666 AB 14.314040922544539 1.1012000735370808
61433.0895 lsst_hardware_u 0.6130711502161242 2.5799999237060547 28.389999389648438 AB 13.48085802724282 1.0971643222302288
61433.1014 lsst_hardware_g -14.170190415214877 12.619999885559082 31.360000610351562 AB 13.482167572191422 1.099687403930785
61435.0904 lsst_hardware_r -3.6306141423550495 21.770000457763672 31.479999542236328 AB 13.864313074265747 1.0980909305734865
61435.1023 lsst_hardware_i 25.378451013252597 30.299999237060547 31.239999771118164 AB 13.862635949569837 1.1024403315893145
61437.091 lsst_hardware_z -82.95022038071369 41.72999954223633 30.950000762939453 AB 8.383646577655343 1.0998792903732904
61437.104 lsst_hardware_r -23.52991223366724 21.709999084472656 31.469999313354492 AB 8.450758771332389 1.1067238377822657
61439.0886 lsst_hardware_u 6.278388480163453 2.7200000286102295 28.489999771118164 AB 8.035887018682253 1.1011206876869792
61439.1006 lsst_hardware_g -0.8021753898839601 12.8100004196167 31.3799991607666 AB 8.06237998689106 1.1081928438048259
61441.0915 lsst_hardware_r -1.7523958376834692 21.719999313354492 31.489999771118164 AB 6.815561254906512 1.1056743958209834
61441.1039 lsst_hardware_z -68.32810530772161 41.599998474121094 30.950000762939453 AB 6.855138854067174 1.1156242032223938
61444.0676 lsst_hardware_i 27.92314636622906 30.280000686645508 31.239999771118164 AB 10.943166305442949 1.0985276532149337
61444.082 lsst_hardware_r 27.24744175088253 21.75 31.469999313354492 AB 10.948697851467822 1.1048502658819155
61446.0658 lsst_hardware_u -3.101171355020258 2.630000114440918 28.40999984741211 AB 2.8591130195897296 1.0996588536883576
61446.0789 lsst_hardware_g 24.74132540266488 12.8100004196167 31.360000610351562 AB 2.876567987852029 1.1063723030200112
61449.0632 lsst_hardware_r -2.024049275805878 24.229999542236328 31.5 AB 2.7403396942388953 1.1020132818655017
61449.076 lsst_hardware_i 18.201937526753852 31.270000457763672 31.239999771118164 AB 2.7625781605011284 1.1102866208725757
61451.0653 lsst_hardware_z -12.48187254636349 44.08000183105469 30.950000762939453 AB 1.9092048761667544 1.1064112867146885
61451.077 lsst_hardware_r 49.94877768804601 33.880001068115234 31.56999969482422 AB 1.92365015006692 1.1160221330885245
61453.0626 lsst_hardware_z 20.704277817651697 82.77999877929688 32.13999938964844 AB 1.3588620608509814 1.1083703595848136
61457.0563 lsst_hardware_r 107.33799381005934 79.06999969482422 31.639999389648438 AB 3.446326407588979 1.1120769304901514
61457.0681 lsst_hardware_y -8.520065097581329 53.0 30.030000686645508 AB 3.661557718376738 1.1240104530587822
61461.0535 lsst_hardware_i 15.082769280118935 30.510000228881836 31.239999771118164 AB 10.016625948766809 1.1199060037752722
61461.0684 lsst_hardware_z 89.75300022928732 45.720001220703125 30.950000762939453 AB 10.12424224622636 1.1387815246259039
