data/validation/pwv_sim_epoch_fit_4/41569987.ecsv
# %ECSV 0.9
# ---
# datatype:
# - {name: time, datatype: float64}
# - {name: band, datatype: string}
# - {name: flux, datatype: float64}
# - {name: fluxerr, datatype: float64}
# - {name: zp, datatype: float64}
# - {name: zpsys, datatype: string}
# - {name: pwv, datatype: float64}
# - {name: airmass, datatype: float64}
# meta: {SNID: '41569987', alt: 1024.0, c: -0.06113715469837189, dec: -18.839405, lat: -30.244573, lon: -70.7499537, ra: 98.964844, t0: 62421.75390625,
#   x0: 1.2196469336458188e-05, x1: 1.0044126510620117, z: 0.4230949580669403}
# schema: astropy-2.0
time band flux fluxerr zp zpsys pwv airmass
[from data line 133]
62880.1478 lsst_hardware_z -15.113012022074736 45.16999816894531 30.969999313354492 AB 7.359312956217816 1.0215710837231342
62882.1285 lsst_hardware_g -5.425250894886493 13.40999984741211 31.40999984741211 AB 4.483554236701943 1.029321806780626
62882.1491 lsst_hardware_r -39.96814662156193 22.059999465942383 31.5 AB 4.426666116281434 1.0201650354403153
62884.1267 lsst_hardware_i 30.114378457635212 42.54999923706055 32.0099983215332 AB 4.647021844555071 1.0266258355362887
62884.1466 lsst_hardware_r 11.860981964010652 31.3700008392334 32.25 AB 4.448885475658876 1.0200356472908119
62886.1242 lsst_hardware_u 2.6286096633594056 2.680000066757202 28.459999084472656 AB 7.8114379285158755 1.0247868715665274
62886.1439 lsst_hardware_g -24.232111945468432 13.600000381469727 31.43000030517578 AB 7.612595716717905 1.0201816827550128
62888.1141 lsst_hardware_r -5.421130231752342 22.010000228881836 31.479999542236328 AB 11.445433370830894 1.0278021436052618
62888.133 lsst_hardware_i 31.135590414283747 29.739999771118164 31.239999771118164 AB 10.48778835406511 1.0201384484658327
62890.1113 lsst_hardware_z 42.78007617068631 40.47999954223633 30.950000762939453 AB 13.328171306682586 1.02598054808703
62890.1308 lsst_hardware_r 13.712293541031702 21.989999771118164 31.489999771118164 AB 14.468642066001394 1.0200438558504497
62894.0992 lsst_hardware_r 27.87220551328382 22.6299991607666 31.5 AB 12.595724921360011 1.0267556487760352
62894.1167 lsst_hardware_z -24.894065359035153 40.61000061035156 30.950000762939453 AB 12.526692629308153 1.0201305125866813
62896.1 lsst_hardware_r -4.83676359570328 28.90999984741211 31.56999969482422 AB 13.096731695357185 1.02318216369978
62896.1162 lsst_hardware_y 135.64159642082004 46.939998626708984 30.059999465942383 AB 12.839944179287704 1.0201429461089166
62898.0848 lsst_hardware_z 82.43923252373611 65.61000061035156 31.719999313354492 AB 7.864409618207879 1.0293280770744573
62909.0691 lsst_hardware_z -5.10142308930047 40.40999984741211 30.950000762939453 AB 2.001969663889141 1.0214130938209902
62909.0874 lsst_hardware_r 14.14625379233515 33.540000915527344 31.59000015258789 AB 4.608311436414374 1.0214776813819075
62911.0554 lsst_hardware_u 0.3493786035187599 2.5899999141693115 28.40999984741211 AB 2.597244507862299 1.0250932145226914
62911.0724 lsst_hardware_g 7.955556928037327 13.170000076293945 31.420000076293945 AB 2.571328960184474 1.0200313230483864
62913.0515 lsst_hardware_r 14.589403449056176 21.829999923706055 31.489999771118164 AB 2.458119953180571 1.0242166471585712
62913.0686 lsst_hardware_z 20.311850157587813 40.45000076293945 30.950000762939453 AB 2.4481477670905267 1.0200615696210529
62918.0286 lsst_hardware_z 4.666371330018447 42.380001068115234 30.959999084472656 AB 4.212492119950557 1.0306421481315204
62918.046 lsst_hardware_g -7.096142746343635 13.180000305175781 31.40999984741211 AB 3.192147805967611 1.0209972192444912
62920.0294 lsst_hardware_y -30.109807396758324 47.72999954223633 30.059999465942383 AB 7.279223317597758 1.0259652315148355
62920.0478 lsst_hardware_i 14.313444947008216 29.709999084472656 31.25 AB 7.179484196053144 1.0200304320598343
62922.0273 lsst_hardware_y -3.225435609391277 47.290000915527344 30.049999237060547 AB 9.681061704863037 1.0240175274870995
62922.0458 lsst_hardware_r -38.352751800656485 21.90999984741211 31.5 AB 9.15668666060558 1.0201962761920707
62924.0244 lsst_hardware_y 148.05739884733012 47.459999084472656 30.049999237060547 AB 8.094394703394208 1.0227943774822097
62924.0419 lsst_hardware_g -12.300493399212456 16.43000030517578 31.5 AB 8.030574332616691 1.0204033459487536
62926.0233 lsst_hardware_y -4.783219161821704 48.189998626708984 30.049999237060547 AB 5.288682261822866 1.0212275668496966
62926.0413 lsst_hardware_z -12.740810677125696 42.77000045776367 30.959999084472656 AB 5.262825515324062 1.0215772595258612
62928.0312 lsst_hardware_y -60.43605018503633 70.56999969482422 30.809999465942383 AB 5.449995302486356 1.020439126694278
62931.0052 lsst_hardware_z -102.25810868436604 78.16999816894531 31.0 AB 5.2339967451604315 1.0228310090532715
62931.0244 lsst_hardware_r 55.05087222495988 73.41999816894531 31.649999618530273 AB 5.215115875961316 1.0207037857439947
62933.0035 lsst_hardware_y -98.6242863720459 76.72000122070312 30.079999923706055 AB 8.104029613999012 1.021430503402951
62933.0222 lsst_hardware_z -3.0632961510512087 61.209999084472656 30.989999771118164 AB 8.015327811729296 1.021581418777672
62936.0003 lsst_hardware_y 107.57967660367343 78.18000030517578 30.079999923706055 AB 8.210976235463056 1.020313915559249
62936.0188 lsst_hardware_z 59.35602596658694 49.36000061035156 30.969999313354492 AB 8.272151091142545 1.0235277271891297
