data/validation/pwv_sim_epoch_fit_4/41613475.ecsv
# %ECSV 0.9
# ---
# datatype:
# - {name: time, datatype: float64}
# - {name: band, datatype: string}
# - {name: flux, datatype: float64}
# - {name: fluxerr, datatype: float64}
# - {name: zp, datatype: float64}
# - {name: zpsys, datatype: string}
# - {name: pwv, datatype: float64}
# - {name: airmass, datatype: float64}
# meta: {SNID: '41613475', alt: 1024.0, c: -0.02647465094923973, dec: -14.015684, lat: -30.244573, lon: -70.7499537, ra: 284.0625, t0: 63001.6640625,
#   x0: 3.241724902137841e-06, x1: 0.4731076657772064, z: 0.7322382926940918}
# schema: astropy-2.0
time band flux fluxerr zp zpsys pwv airmass
62974.4027 lsst_hardware_z 107.29492181736002 42.854386493542684 30.959999084472656 AB 13.514875064795296 1.0439219901357764
62974.4211 lsst_hardware_y 45.25502502290615 65.05580569533994 30.06999969482422 AB 14.073087754833303 1.0427212799491203
62976.4048 lsst_hardware_u 0.91386887929889 3.3465691394619586 28.610000610351562 AB 4.897149438429493 1.0419466890275517
62976.4226 lsst_hardware_y 126.51171382131872 68.832273161184 30.06999969482422 AB 4.54150260796804 1.0454656095691073
62985.3687 lsst_hardware_u 7.8400243069632625 4.396519381588627 29.219999313354492 AB 11.988286995513057 1.04579415488628
62985.389 lsst_hardware_g 245.38218974724026 26.85427134268079 32.220001220703125 AB 13.02652170906037 1.0422468063415906
62989.3177 lsst_hardware_r 750.049388266864 36.63774915710327 31.510000228881836 AB 13.726602663531873 1.09888277925764
62989.3364 lsst_hardware_i 842.373613500801 42.77874467001024 31.260000228881836 AB 12.103872679983233 1.066044801830477
63001.308 lsst_hardware_r 932.8118299053064 40.50874672944567 31.540000915527344 AB 7.6627004851694265 1.0604835288789471
63001.3283 lsst_hardware_i 1159.9346716953596 47.08194020132569 31.260000228881836 AB 7.53744459508863 1.0442084407880807
63003.3024 lsst_hardware_z 717.4531443510497 49.40475035265468 30.950000762939453 AB 6.621640247092421 1.060650367946888
63003.3255 lsst_hardware_r 891.8740834195905 37.650092680234245 31.510000228881836 AB 6.4960710240263895 1.0432103780353925
63004.2957 lsst_hardware_u -3.450164295589815 2.800280296828037 28.43000030517578 AB 8.447492201376525 1.0657054921837499
63004.3111 lsst_hardware_g 168.33128198577455 19.208799870469033 31.459999084472656 AB 8.381730514399752 1.0495201771043672
63014.2964 lsst_hardware_u -0.08889401014262892 2.8955163222223765 28.530000686645508 AB 8.280811316806284 1.0429233396481465
63014.3169 lsst_hardware_g 71.67524966732118 17.27017334923065 31.469999313354492 AB 8.173378470587892 1.0445212102988066
63016.291 lsst_hardware_r 469.03234295010134 32.62990785755407 31.510000228881836 AB 12.086584423286821 1.0429059269978274
63016.3113 lsst_hardware_i 778.1055872229174 42.04067077983813 31.260000228881836 AB 13.405282547791801 1.044458956040292
63018.285 lsst_hardware_z 980.9450727071231 71.42405180949883 31.709999084472656 AB 6.266059731205343 1.0430684271232953
63018.3052 lsst_hardware_r 829.7376177516969 45.02528308642756 32.2599983215332 AB 7.169007484048993 1.0441822815044413
63023.2614 lsst_hardware_z 476.076973690878 102.62445280654347 31.0 AB 6.1354986155582 1.04796719691839
63023.2831 lsst_hardware_r 348.672397750091 150.1901965385374 31.670000076293945 AB 6.094024558447028 1.0419213903252165
63037.2634 lsst_hardware_r 170.03968189901107 26.809991084301018 31.520000457763672 AB 3.6987115382550093 1.0502978882382323
63037.2898 lsst_hardware_i 286.7075459363075 35.70105057483364 31.25 AB 3.819428425271059 1.0849107868970485
63043.2289 lsst_hardware_i 158.39056845503012 34.2212691811645 31.25 AB 6.136526665267747 1.041973058399586
63043.2511 lsst_hardware_z 193.09782788298446 44.21778568590095 30.950000762939453 AB 6.105764684690458 1.0538536672604608
63045.2181 lsst_hardware_i 116.52029552914328 34.165670930048314 31.260000228881836 AB 6.281781781252171 1.0417980482196063
63045.2391 lsst_hardware_z 232.67851241408928 43.848955994353325 30.950000762939453 AB 6.373065715920807 1.0484602641969185
63047.2089 lsst_hardware_z 204.48347048536652 49.077062090108996 30.959999084472656 AB 3.4687374907023085 1.0422889094658216
63047.2282 lsst_hardware_r 22.586599016509144 46.18736464358852 31.6200008392334 AB 3.4641079349488066 1.045189963275295
63052.1854 lsst_hardware_z 58.926432250056386 112.85065164044745 31.0 AB 3.765640485877738 1.0460112460771493
63062.0904 lsst_hardware_i 109.72134956235975 48.09483562935699 31.989999771118164 AB 7.524622146101673 1.1795619301531035
63062.1266 lsst_hardware_z 103.47046596859289 43.64677493709815 30.950000762939453 AB 7.5473541719816515 1.082627068755138
63067.1831 lsst_hardware_r -14.995306693199884 25.085184975872703 31.510000228881836 AB 3.577987984904818 1.0516277020392333
63067.1996 lsst_hardware_i 34.31422741900797 33.07806310169851 31.25 AB 3.6931854209591686 1.0710059219794592
63069.1481 lsst_hardware_z 95.70951640848777 42.55552775557763 30.950000762939453 AB 5.415508008549304 1.0424461999132444
63069.1683 lsst_hardware_u -3.6076871541385933 2.8742624774790104 28.450000762939453 AB 5.732644564009865 1.0452764658135048
63072.1385 lsst_hardware_g 9.812572962736581 15.5851705926759 31.459999084472656 AB 5.8094373593059325 1.0427997413939927
63072.1576 lsst_hardware_r 68.55627902353876 24.9963853369935 31.510000228881836 AB 5.863775191388978 1.044119514136214
63073.1249 lsst_hardware_i 73.80549119583762 33.63832221614346 31.260000228881836 AB 7.6769324274424555 1.0479619271424285
63073.1447 lsst_hardware_z 90.27522375376431 43.02596601815293 30.950000762939453 AB 9.408439014504266 1.0417744862610145
63081.1033 lsst_hardware_r 179.38939908630138 186.54399450772632 32.40999984741211 AB 1.87163154579334 1.0477993258465164
63081.126 lsst_hardware_i 110.80229833405166 147.341099449588 32.09000015258789 AB 1.9374374017280847 1.0420999023190056
63085.0999 lsst_hardware_g 7.070270011399485 15.189301093637573 31.450000762939453 AB 2.9436980007173994 1.0438336931121655
63085.1201 lsst_hardware_r 7.112945352959657 36.73356373772879 31.59000015258789 AB 2.8845455028421485 1.0433610451563111
63094.0813 lsst_hardware_i -18.243672273644684 31.25 31.25 AB 6.1112081011066826 1.0421569067371559
63094.1037 lsst_hardware_r -55.612960727471126 23.969999313354492 31.510000228881836 AB 5.3823190600062905 1.0473815185041269
63102.0408 lsst_hardware_i -10.521352710043898 32.529998779296875 31.260000228881836 AB 3.1503789860286924 1.051733143200565
63102.0586 lsst_hardware_z -17.401437685200335 42.06999969482422 30.950000762939453 AB 2.611266681927796 1.0423178053798208
63108.0379 lsst_hardware_i -51.05105601829916 88.73999786376953 31.329999923706055 AB 4.904609933956735 1.043534028501433
63108.0551 lsst_hardware_z 2.346136878717585 77.70999908447266 30.989999771118164 AB 4.321979835523658 1.042697185892318
63118.0117 lsst_hardware_g 32.53246502663891 15.40999984741211 31.459999084472656 AB 2.739159634957505 1.0431582234049528
63118.0301 lsst_hardware_r -36.11663144380347 24.280000686645508 31.510000228881836 AB 2.731965980210531 1.0433988466749322
63120.99 lsst_hardware_y -17.487026600094417 48.099998474121094 30.040000915527344 AB 3.1503794555019997 1.0508270365250165
63121.0071 lsst_hardware_i -26.31712907882916 31.540000915527344 31.25 AB 2.2025206231189833 1.0422432855170867
63122.992 lsst_hardware_y -51.554858251209616 48.209999084472656 30.049999237060547 AB 2.5746600468297856 1.045759564106594
63123.0106 lsst_hardware_i 23.715213231361325 31.59000015258789 31.260000228881836 AB 1.458792992173348 1.0419949944095344
63124.993 lsst_hardware_y 37.401314100125454 48.209999084472656 30.049999237060547 AB 2.7866248303845795 1.04302863270789
63125.0126 lsst_hardware_g -3.9294735624035657 15.609999656677246 31.469999313354492 AB 2.64759618008455 1.0440048028724567
63127.9819 lsst_hardware_y 62.46355511536479 68.66999816894531 30.06999969482422 AB 6.35002803190694 1.0440690614776291
63128.0013 lsst_hardware_i -7.806515071402638 32.0 31.260000228881836 AB 6.153239362273334 1.0429219258090396
