data/validation/pwv_sim_epoch_fit_4/41656497.ecsv
# %ECSV 0.9
# ---
# datatype:
# - {name: time, datatype: float64}
# - {name: band, datatype: string}
# - {name: flux, datatype: float64}
# - {name: fluxerr, datatype: float64}
# - {name: zp, datatype: float64}
# - {name: zpsys, datatype: string}
# - {name: pwv, datatype: float64}
# - {name: airmass, datatype: float64}
# meta: {SNID: '41656497', alt: 1024.0, c: -0.14446109533309937, dec: -53.18726, lat: -30.244573, lon: -70.7499537, ra: 2.954545, t0: 60919.82421875,
#   x0: 3.116413240282394e-06, x1: -0.3815676271915436, z: 0.7432008385658264}
# schema: astropy-2.0
time band flux fluxerr zp zpsys pwv airmass
[from data line 132]
61303.2973 lsst_hardware_z 1.525270050622143 42.939998626708984 30.93000030517578 AB 7.716329221433869 1.187432042282719
61307.2808 lsst_hardware_y -2.7212011523577058 54.880001068115234 30.0 AB 4.611803459825759 1.174258768866713
61307.2928 lsst_hardware_r -53.70131349165191 81.68000030517578 31.610000610351562 AB 5.19370163581747 1.2039411136403522
61309.223 lsst_hardware_z 60.938645006786004 67.73999786376953 30.979999542236328 AB 3.3150208297645394 1.0965996790488055
61309.235 lsst_hardware_r -1.8529376986486248 99.1500015258789 31.639999389648438 AB 3.3259877889145812 1.1076779936438437
61311.2505 lsst_hardware_i 31.057060397362783 62.9900016784668 31.299999237060547 AB 3.8035177866430674 1.136311236580198
61311.2625 lsst_hardware_z 44.41624036879506 59.209999084472656 30.959999084472656 AB 3.82279699348791 1.1584233313599728
61315.25 lsst_hardware_g 48.16787163776881 33.43000030517578 31.6299991607666 AB 4.274477376111183 1.155264155705725
61315.2621 lsst_hardware_i -45.04397832099839 38.04999923706055 31.270000457763672 AB 4.325967729282571 1.1815548594831193
61317.2514 lsst_hardware_z -2.8735728197129764 42.5 30.940000534057617 AB 3.251443047567227 1.1695838300601535
61317.263 lsst_hardware_r 27.750718209212078 22.459999084472656 31.459999084472656 AB 3.2571006193681384 1.197353412137906
61321.2384 lsst_hardware_r -20.24155824539117 22.450000762939453 31.469999313354492 AB 3.8632377176903923 1.1650880274516002
61321.2491 lsst_hardware_i 18.18947638028172 31.40999984741211 31.229999542236328 AB 3.7815221186133745 1.189781474131109
61323.2411 lsst_hardware_z 88.10999175251241 43.279998779296875 30.940000534057617 AB 3.080640297797929 1.1835718631484307
61323.2526 lsst_hardware_r 17.04843502464257 22.760000228881836 31.469999313354492 AB 3.906379967135285 1.213538355742555
61326.2244 lsst_hardware_g 9.73692590006469 13.109999656677246 31.360000610351562 AB 6.758677556955104 1.16435239869448
61326.2355 lsst_hardware_i -75.9014596025108 30.90999984741211 31.219999313354492 AB 6.908347606974146 1.189914758123265
61328.1847 lsst_hardware_r -35.07433898450467 21.959999084472656 31.469999313354492 AB 7.399126333448558 1.1094251799453057
61328.1969 lsst_hardware_z -32.37051879959123 41.83000183105469 30.940000534057617 AB 7.490347207889806 1.125127259346556
61330.1765 lsst_hardware_r 8.965550800647701 23.950000762939453 31.5 AB 7.2090067751502565 1.1064536842336758
61330.1877 lsst_hardware_y 8.970215048003228 48.08000183105469 30.020000457763672 AB 7.345020982038646 1.119881224629575
61332.1796 lsst_hardware_g -52.64607456849755 31.639999389648438 31.639999389648438 AB 2.887879230351208 1.1164121891760737
61332.1904 lsst_hardware_r 28.798792865241463 35.540000915527344 31.579999923706055 AB 2.9248738057072297 1.131844104111195
61340.17 lsst_hardware_z 30.470128506818742 81.6500015258789 31.729999542236328 AB 2.827847881252857 1.134163588737777
61342.1689 lsst_hardware_r -54.15178687845584 52.52000045776367 31.6200008392334 AB 2.467977902152397 1.1415253941497172
61342.1805 lsst_hardware_z -7.874040280312822 49.810001373291016 30.959999084472656 AB 2.377292284580174 1.1639129912261694
61355.0674 lsst_hardware_i -55.45359042250991 30.420000076293945 31.239999771118164 AB 3.7747037425297116 1.084736934488159
61355.079 lsst_hardware_z 3.794896219063063 41.689998626708984 30.940000534057617 AB 3.7645536174603156 1.0867126150956576
61358.1495 lsst_hardware_u 2.9204185883285327 2.569999933242798 28.309999465942383 AB 5.939939533501324 1.1933979775317172
61358.1607 lsst_hardware_g 8.704934646669003 13.229999542236328 31.34000015258789 AB 6.103585082398862 1.2241446214197478
61362.0565 lsst_hardware_r 31.914632881563584 39.11000061035156 31.59000015258789 AB 7.053902027801739 1.085800358316284
61362.0686 lsst_hardware_i -4.6813162326474576 39.150001525878906 31.280000686645508 AB 7.180586049812871 1.0903630779459224
61363.0595 lsst_hardware_z 139.75042561158105 67.58999633789062 31.709999084472656 AB 5.136690775793632 1.0875139257149538
61365.0562 lsst_hardware_z 7.806521222080549 51.56999969482422 30.959999084472656 AB 4.200200669507503 1.0883698560589514
61365.068 lsst_hardware_r -12.527339838166789 58.90999984741211 31.6299991607666 AB 4.255286260635278 1.0950768845727226
61367.0508 lsst_hardware_i -12.627774172047166 58.16999816894531 31.31999969482422 AB 7.404997716110386 1.088396709985236
61367.063 lsst_hardware_z -15.929486284572254 55.599998474121094 30.969999313354492 AB 7.4561875783298825 1.0954108169581327
61369.0557 lsst_hardware_i 75.94102602913603 56.79999923706055 31.309999465942383 AB 5.659499537215252 1.0941164203921738
61369.0689 lsst_hardware_z -5.200137184818163 55.52000045776367 30.969999313354492 AB 5.688018837791829 1.1053281845689968
