data/validation/pwv_sim_epoch_fit_4/41674050.ecsv
# %ECSV 0.9
# ---
# datatype:
# - {name: time, datatype: float64}
# - {name: band, datatype: string}
# - {name: flux, datatype: float64}
# - {name: fluxerr, datatype: float64}
# - {name: zp, datatype: float64}
# - {name: zpsys, datatype: string}
# - {name: pwv, datatype: float64}
# - {name: airmass, datatype: float64}
# meta: {SNID: '41674050', alt: 1024.0, c: -0.05338503047823906, dec: -16.957764, lat: -30.244573, lon: -70.7499537, ra: 290.214844, t0: 62300.18359375,
#   x0: 2.0602221680424136e-05, x1: -1.2686150074005127, z: 0.33878737688064575}
# schema: astropy-2.0
time band flux fluxerr zp zpsys pwv airmass
62247.4011 lsst_hardware_z -34.90571917594069 42.130001068115234 30.959999084472656 AB 11.779086090530496 1.034765981598542
62247.4189 lsst_hardware_y 14.20292289975165 54.27000045776367 30.059999465942383 AB 9.89496510154269 1.0278347461870458
62249.404 lsst_hardware_u 3.9969730194657016 2.940000057220459 28.489999771118164 AB 5.842538631018863 1.0301272931564263
62249.4215 lsst_hardware_y 1.132947043004451 58.349998474121094 30.059999465942383 AB 6.356852644419388 1.0283257401899766
62251.4072 lsst_hardware_r 39.32716182513213 25.139999389648438 31.530000686645508 AB 15.095670942370202 1.0279070039632436
62251.4239 lsst_hardware_y -22.290127404389377 63.869998931884766 30.06999969482422 AB 13.55258373961121 1.0309806070299632
62253.3953 lsst_hardware_r 1.1208502185491558 56.310001373291016 31.649999618530273 AB 1.4410329687132426 1.029309263366602
62253.4122 lsst_hardware_y 36.50138332781002 50.63999938964844 30.059999465942383 AB 1.440175807753181 1.0286970055379865
62258.3986 lsst_hardware_i -141.14671813627032 77.54000091552734 31.34000015258789 AB 10.607037393868781 1.0287108324962448
62258.4165 lsst_hardware_y 8.727847513066719 57.810001373291016 30.059999465942383 AB 10.776018695484444 1.0389862152162406
62260.3737 lsst_hardware_z 100.81200218778206 56.13999938964844 30.979999542236328 AB 8.546267643330992 1.03023970787053
62260.3928 lsst_hardware_r -145.45367955019537 65.36000061035156 31.649999618530273 AB 9.148248434699124 1.0286250629323253
62262.374 lsst_hardware_z 99.4000491207648 43.93000030517578 30.959999084472656 AB 3.151930330030918 1.028418183706863
62262.3918 lsst_hardware_g 38.85462128831048 27.770000457763672 31.649999618530273 AB 2.7356181599543157 1.0300736740861585
62265.3508 lsst_hardware_r 5.336190373960378 24.65999984741211 31.530000686645508 AB 8.066602048197542 1.0356070286866568
62265.3693 lsst_hardware_u -2.321416105687389 3.009999990463257 28.579999923706055 AB 7.968869594798918 1.0278765076648826
62267.3603 lsst_hardware_g -20.29440878801824 15.720000267028809 31.5 AB 7.076366020962222 1.0284294620444547
62267.3793 lsst_hardware_r -7.537069059865617 24.520000457763672 31.540000915527344 AB 7.832261432712981 1.0305607148306555
62271.3297 lsst_hardware_z -36.33453947369132 41.68000030517578 30.959999084472656 AB 7.499141643399023 1.039526149625622
62271.3517 lsst_hardware_r 25.34365049420076 24.270000457763672 31.530000686645508 AB 7.8381286251755355 1.0280187061676878
62276.331 lsst_hardware_u 2.307268192412151 2.943122483325767 28.510000228881836 AB 7.3217131036335825 1.0298492304147384
62276.3544 lsst_hardware_g -55.988141449609024 16.689315548621774 31.459999084472656 AB 7.9187621485830935 1.0304179763933758
62284.302 lsst_hardware_z 2416.957280790761 147.639904331253 32.189998626708984 AB 8.183519260213401 1.0334901191597645
62284.3357 lsst_hardware_r 1198.5489116599792 123.71620370774318 31.65999984741211 AB 9.35976789353738 1.0319479485708247
62301.2544 lsst_hardware_g 3772.4137256935223 64.20116428289501 31.450000762939453 AB 12.83530276056848 1.034270971842746
62301.2731 lsst_hardware_r 6442.910411736726 83.9885383534866 31.520000457763672 AB 12.79302686375563 1.0277587357907716
62303.2609 lsst_hardware_i 4902.3733347918 75.8148316632627 31.260000228881836 AB 6.789405800351443 1.0286978485380975
62303.2802 lsst_hardware_r 6230.835045605428 82.72285593114235 31.520000457763672 AB 6.7994232231396925 1.0302156398696505
62309.2524 lsst_hardware_z 2721.2704417364885 70.89107041442543 30.969999313354492 AB 2.6390213658773307 1.0277563492853006
62309.2706 lsst_hardware_r 5452.534596081454 88.7998660682752 31.6299991607666 AB 2.6122477175525396 1.0338370307914828
62311.2595 lsst_hardware_z 4800.37126182742 116.45244427295947 31.739999771118164 AB 3.868608061347116 1.0307126273571356
62313.2279 lsst_hardware_z 2263.632142144471 115.16993754141517 31.0 AB 6.119078479193851 1.030726301941693
62313.2474 lsst_hardware_r 4542.050037961654 175.55738230557355 31.670000076293945 AB 6.127944775949551 1.0284662561034212
62320.276 lsst_hardware_u 2.4903251293635185 6.958026099934644 29.040000915527344 AB 6.985656950079016 1.080618292223531
62320.2904 lsst_hardware_g 862.4955399424665 42.42667648426763 31.6299991607666 AB 7.192255025766257 1.1146462651323141
62324.2325 lsst_hardware_r 1625.2670361318828 47.00201873379615 31.520000457763672 AB 1.8645313302958157 1.035850739053231
62324.253 lsst_hardware_i 2334.4389877485723 58.02527949800846 31.260000228881836 AB 1.6881865496183404 1.059143545533509
62326.2175 lsst_hardware_z 1539.1012865422413 57.944504045935155 30.950000762939453 AB 2.2655364854221705 1.0302576104694545
62326.2366 lsst_hardware_r 1432.8332601301354 44.78029866906093 31.530000686645508 AB 2.2738913643758902 1.0447467789459637
62329.1796 lsst_hardware_i 1944.5948376638262 54.20308592622621 31.260000228881836 AB 6.033663254219245 1.033205745831456
62329.2004 lsst_hardware_u 8.262853419120214 3.9562082460165677 28.5 AB 6.0128197372028 1.0279202901449627
62331.1743 lsst_hardware_g 306.0549101276456 23.397363235466997 31.479999542236328 AB 7.508448214810108 1.0331068243369332
62331.1952 lsst_hardware_r 953.259111823067 40.32110760911357 31.530000686645508 AB 7.487755436328029 1.0279494936041225
62335.173 lsst_hardware_z 2505.7627468641463 78.21891010697502 31.700000762939453 AB 2.1901456657573317 1.0288411818002732
62335.193 lsst_hardware_g 545.0455912622923 33.31232250553033 32.25 AB 2.200095299414174 1.030288530457619
62344.1372 lsst_hardware_z 850.9738808674302 80.20190440894994 31.0 AB 3.2221993989933035 1.0341372770239654
62344.1585 lsst_hardware_r 659.2586846058502 113.01676082049913 31.670000076293945 AB 3.245388644202984 1.0278348833580313
62346.131 lsst_hardware_i 945.1918740260927 60.9829893790099 31.31999969482422 AB 4.292386380730418 1.0346423864849152
62346.1512 lsst_hardware_z 703.6375715969104 58.93006955844632 30.979999542236328 AB 4.296363012372611 1.0277560830171304
62349.1374 lsst_hardware_i 801.6695182089359 42.21261481279057 31.260000228881836 AB 4.195133533148086 1.0282400048566562
62349.1596 lsst_hardware_u 14.927396251432363 4.489715340090354 28.479999542236328 AB 4.2291048570386485 1.0327274228132066
62350.1259 lsst_hardware_g 157.20164607604158 19.463242786022295 31.489999771118164 AB 1.9006556105696875 1.031190312272072
62350.1449 lsst_hardware_r 488.52335645694575 32.21316431191611 31.520000457763672 AB 1.8735101938521384 1.028177184954983
62355.1136 lsst_hardware_u 22.330718861956147 5.929649225513193 28.540000915527344 AB 2.97359565208024 1.0305602259917077
62355.1355 lsst_hardware_g 77.97428901386884 17.920131010820466 31.479999542236328 AB 2.6996440960411237 1.0292200137404206
62357.1017 lsst_hardware_g 44.85688919538314 17.722833970236124 31.469999313354492 AB 3.929045174610624 1.0341406846667724
62357.1224 lsst_hardware_r 457.72087836527373 31.414087186836273 31.520000457763672 AB 3.9655812482481556 1.0277964358310554
62361.1003 lsst_hardware_i 623.80241234353 40.41691121646805 31.260000228881836 AB 2.632595160551735 1.0293627216233567
62361.1183 lsst_hardware_z 416.8828880091492 46.29302209692316 30.950000762939453 AB 2.4937103019502227 1.0289706218073955
62363.087 lsst_hardware_i 639.9845501002654 40.69949294774426 31.260000228881836 AB 3.742443299034525 1.0330631116216022
62363.105 lsst_hardware_z 398.77288288831005 46.16085988631716 30.950000762939453 AB 3.7002773143872205 1.027759646621763
62365.0798 lsst_hardware_g 120.96526531564808 36.69343033215611 31.690000534057617 AB 4.055531064708736 1.0341785196248212
62365.0998 lsst_hardware_r 391.0279923631881 42.99299198061062 31.6200008392334 AB 4.176326295198866 1.0277657918540335
62370.0831 lsst_hardware_z 138.53462476884616 126.08999633789062 31.75 AB 3.0859268089370864 1.027842836328551
62372.0627 lsst_hardware_z 89.64877718703568 73.0999984741211 31.0 AB 2.607806804938278 1.0328970412667702
62372.0812 lsst_hardware_r 129.8553576993323 109.33000183105469 31.65999984741211 AB 2.632412901935201 1.027784441946394
62373.0362 lsst_hardware_i -2.9304298063859915 71.94999694824219 31.329999923706055 AB 4.607815600978592 1.0575054451726644
62373.0487 lsst_hardware_z 29.472923678620642 64.3499984741211 30.989999771118164 AB 4.35629608811516 1.0419476003544264
62377.0386 lsst_hardware_i 22.911052664665462 31.3799991607666 31.260000228881836 AB 5.121063389197078 1.0411310575241834
62377.0576 lsst_hardware_u 2.06541235991071 2.809999942779541 28.479999542236328 AB 5.762676533754842 1.0290493810276504
62379.0408 lsst_hardware_g -34.93692528412908 15.239999771118164 31.459999084472656 AB 2.7376669364623023 1.0347087633873269
62379.0586 lsst_hardware_r -30.99621810746791 24.020000457763672 31.510000228881836 AB 3.9147742490213004 1.0278370197627307
62384.0261 lsst_hardware_z 2.140202283661699 41.540000915527344 30.950000762939453 AB 1.4474888772891619 1.0354614919505183
62384.0448 lsst_hardware_u -1.9879680056277704 2.7799999713897705 28.459999084472656 AB 1.212004713694376 1.027848520447437
62386.0265 lsst_hardware_g -6.473817731522582 15.430000305175781 31.469999313354492 AB 2.630193817411548 1.0317520123218782
62386.0446 lsst_hardware_r -11.703606839575988 24.280000686645508 31.530000686645508 AB 2.209651057101539 1.027904042689505
62388.0151 lsst_hardware_i 22.19693271666358 31.40999984741211 31.260000228881836 AB 2.7120235228839036 1.0355187181687298
62388.0314 lsst_hardware_z 72.44910278051863 41.43000030517578 30.950000762939453 AB 2.70096183230893 1.028154485081435
62391.015 lsst_hardware_i 15.430047448447231 31.81999969482422 31.260000228881836 AB 2.0706664627843208 1.0306951034267402
62391.0345 lsst_hardware_u -3.739426760558074 3.059999942779541 28.579999923706055 AB 2.2729509788149045 1.0284846057985992
62394.0123 lsst_hardware_g -9.958632248867929 38.959999084472656 31.700000762939453 AB 1.31558109238232 1.0287353778566297
62394.0311 lsst_hardware_r 14.113731276747096 43.15999984741211 31.6200008392334 AB 1.3364635272587675 1.0299635429391312
62397.9976 lsst_hardware_z 53.95378464584748 137.86000061035156 32.5 AB 6.225139532257289 1.029970141008817
62401.9827 lsst_hardware_y 103.59544186613806 72.0199966430664 30.06999969482422 AB 1.1513285511769413 1.0318105014281773
62402.0048 lsst_hardware_z -74.44904006505082 57.599998474121094 30.979999542236328 AB 1.5428430812542144 1.0285620541694762
62404.984 lsst_hardware_y 77.40752362043239 71.86000061035156 30.06999969482422 AB 3.178838192887625 1.0283342314234127
62405.0043 lsst_hardware_u -1.5616313174746281 2.869999885559082 28.469999313354492 AB 3.400322796810323 1.0314166366301125
62613.4159 lsst_hardware_z -56.35072670063179 67.44000244140625 30.989999771118164 AB 6.2007881515033425 1.0279395170132775
62615.3592 lsst_hardware_i 29.86331694925457 53.33000183105469 31.309999465942383 AB 10.029000177472431 1.0813521135880566
62617.4027 lsst_hardware_r 43.375058727511565 29.950000762939453 31.559999465942383 AB 4.1226574188286715 1.0282864423093276
62617.4225 lsst_hardware_y 24.166805411269355 61.220001220703125 30.059999465942383 AB 4.541839906382092 1.0312987979977501
62621.3915 lsst_hardware_z 82.56668316608385 41.70000076293945 30.950000762939453 AB 11.759945259727802 1.0283417847171437
62621.4109 lsst_hardware_y 13.251232292772949 47.58000183105469 30.049999237060547 AB 11.798926576367709 1.0309691621624106
62624.3738 lsst_hardware_r -48.1262697692785 24.56999969482422 31.520000457763672 AB 11.882611783382442 1.0318349933468602
62624.3936 lsst_hardware_u 2.7425931276239006 2.8299999237060547 28.479999542236328 AB 11.416958188715197 1.0281071175057586
62626.3711 lsst_hardware_g 5.300844212054542 15.65999984741211 31.489999771118164 AB 6.902515042534766 1.0304952849676725
62626.3895 lsst_hardware_r 10.640497449965187 24.5 31.530000686645508 AB 6.882068663271991 1.0283511475726441
62630.2907 lsst_hardware_g 15.109244543169105 15.630000114440918 31.440000534057617 AB 9.958468156823953 1.1560346891023434
62630.3165 lsst_hardware_i 22.714680124871872 32.13999938964844 31.260000228881836 AB 8.986111128832956 1.0850061231171249
62635.3198 lsst_hardware_y 128.9886381561308 68.45999908447266 30.790000915527344 AB 7.161296068022512 1.0550712439076249
62635.3455 lsst_hardware_g -7.651068743824028 21.65999984741211 32.209999084472656 AB 8.241100505237043 1.030964482583369
62643.3507 lsst_hardware_r -33.51771111192318 72.06999969482422 31.649999618530273 AB 4.357300243661898 1.0309069977117802
62643.3738 lsst_hardware_z -74.37528698102001 60.0099983215332 30.979999542236328 AB 4.435286523655912 1.051347943344454
62647.3242 lsst_hardware_z 28.39569592182063 59.33000183105469 31.709999084472656 AB 5.805576708949938 1.0278388980141335
62647.3458 lsst_hardware_r -18.58176837049977 36.709999084472656 32.290000915527344 AB 5.911165400638159 1.034369902557067
62653.2826 lsst_hardware_g 8.021100789236842 21.649999618530273 32.220001220703125 AB 6.466440804772331 1.0408478599805233
62653.3075 lsst_hardware_r -32.23628062175237 34.06999969482422 32.27000045776367 AB 7.086786424537437 1.0278649813194891
62656.2794 lsst_hardware_i -48.886756691610394 31.309999465942383 31.260000228881836 AB 11.831389714505523 1.0364774169518636
62656.3042 lsst_hardware_z 21.27567724526104 41.36000061035156 30.950000762939453 AB 12.409941851972546 1.0278661408847927
62673.2085 lsst_hardware_z 88.11253867714798 67.56999969482422 31.719999313354492 AB 3.0818620401134282 1.0669420253119017
62677.2552 lsst_hardware_r -2.699705047989015 34.560001373291016 32.27000045776367 AB 4.5222049616956195 1.029782711356385
62677.2818 lsst_hardware_z 7.924826464790184 59.400001525878906 31.700000762939453 AB 4.614207190883276 1.0524507477637624
62681.218 lsst_hardware_u -0.38676985758547416 2.809999942779541 28.469999313354492 AB 2.8154724212900053 1.0319385783591954
62681.241 lsst_hardware_g 1.2554776625087027 15.729999542236328 31.479999542236328 AB 2.823552425981041 1.0287414716957886
62683.2151 lsst_hardware_r 6.462239421406602 24.520000457763672 31.520000457763672 AB 7.950590700801297 1.0306703008557554
62683.2366 lsst_hardware_i 18.77712385410784 31.549999237060547 31.25 AB 7.869049871616253 1.0290375142691583
62689.2037 lsst_hardware_u 2.766361327382226 2.8299999237060547 28.469999313354492 AB 2.286473730046073 1.0288617354338654
62689.224 lsst_hardware_g 12.850449201540602 15.800000190734863 31.479999542236328 AB 1.8547425287209176 1.0304125159560653
62696.178 lsst_hardware_z -231.69889385066634 109.08000183105469 31.010000228881836 AB 7.516961208727587 1.0314397798240191
62696.2003 lsst_hardware_r -62.959729742840715 163.33999633789062 31.670000076293945 AB 7.456300187559656 1.0288099603393652
62698.1661 lsst_hardware_i 7.475701342132997 109.66000366210938 31.34000015258789 AB 2.9036289066344745 1.035438675807961
62698.1854 lsst_hardware_r 39.476956054409854 138.3699951171875 31.65999984741211 AB 3.1332925149061217 1.0278145038235595
62708.1215 lsst_hardware_i 52.74065277929406 31.559999465942383 31.239999771118164 AB 7.797934874932883 1.0536681924037001
62708.1402 lsst_hardware_u 1.76134443604848 2.690000057220459 28.3700008392334 AB 9.415228315805992 1.034441543198395
62712.1201 lsst_hardware_i 31.67294997250736 31.530000686645508 31.25 AB 5.419733799664556 1.0422564999354915
62712.1393 lsst_hardware_r 43.2385223352762 24.350000381469727 31.520000457763672 AB 5.716752592587624 1.029350005417533
62717.1072 lsst_hardware_u -1.7462473242713816 2.759999990463257 28.43000030517578 AB 1.9522923222588735 1.0415003052861422
62717.125 lsst_hardware_g 9.720098331425675 15.4399995803833 31.469999313354492 AB 1.3384440794877173 1.0295723688367056
62721.1098 lsst_hardware_r -37.282397450423396 50.09000015258789 31.639999389648438 AB 4.538205609586258 1.0314103658150586
62721.1289 lsst_hardware_i 16.600695384812727 45.959999084472656 31.309999465942383 AB 3.8959514055824145 1.0281363667089412
62730.0723 lsst_hardware_i 26.146225773477866 31.520000457763672 31.270000457763672 AB 4.080565133128264 1.0409162365022568
62730.0892 lsst_hardware_z 51.02734180647752 46.130001068115234 30.969999313354492 AB 4.196469076218897 1.0296820209100472
62732.0909 lsst_hardware_g 27.024290569237948 21.559999465942383 32.220001220703125 AB 2.2382980305678815 1.0279603646069828
62732.1131 lsst_hardware_r -45.088278013793115 34.02000045776367 32.27000045776367 AB 2.2491149680984166 1.0339570017691835
62734.085 lsst_hardware_i 11.471744257278171 31.34000015258789 31.260000228881836 AB 2.5679807347320027 1.0280147056573268
62734.1047 lsst_hardware_r 13.02240548995848 24.0 31.510000228881836 AB 2.569590843660637 1.0321714575861165
62737.0589 lsst_hardware_z -12.815791902622877 41.540000915527344 30.950000762939453 AB 2.6769558598095387 1.0359736299572517
62737.0789 lsst_hardware_u -1.7966009399975202 2.7799999713897705 28.469999313354492 AB 2.654849295561508 1.027816219729581
62739.0536 lsst_hardware_g 13.7555667419094 15.380000114440918 31.479999542236328 AB 2.0761052410004615 1.0358514361983093
62739.0705 lsst_hardware_r -20.581637425347257 24.139999389648438 31.530000686645508 AB 2.0760684238682754 1.0281383800263837
62741.0528 lsst_hardware_i -31.122451138622974 31.329999923706055 31.260000228881836 AB 3.614512193248293 1.0327177694995122
62741.0698 lsst_hardware_z 21.96491043714063 41.43000030517578 30.950000762939453 AB 3.5971834960779288 1.0277667131651225
62743.0432 lsst_hardware_i -46.218902809188464 31.420000076293945 31.260000228881836 AB 4.306484683568991 1.0354615733515247
62743.061 lsst_hardware_u 4.2847276059333685 2.819999933242798 28.489999771118164 AB 4.278820500568987 1.0279448650014817
62745.0418 lsst_hardware_g -30.519249514688795 15.390000343322754 31.469999313354492 AB 1.3121262032110041 1.032763638890991
62745.059 lsst_hardware_r -6.8317427049100585 24.15999984741211 31.520000457763672 AB 1.298584128155108 1.0277674144480475
62750.0291 lsst_hardware_z -45.62739573683744 54.38999938964844 30.979999542236328 AB 0.9121347625566177 1.0322158761485678
62750.0497 lsst_hardware_r -65.57023132235709 60.220001220703125 31.649999618530273 AB 0.7034149947517463 1.028133975275831
62754.0143 lsst_hardware_i 27.004611950054453 83.02999877929688 31.34000015258789 AB 3.3268228674846334 1.0346475161284334
62754.0324 lsst_hardware_z 183.396134376121 72.6500015258789 30.989999771118164 AB 3.3004183148907646 1.0278208231564938
62756.0157 lsst_hardware_g -110.97831305232945 94.02999877929688 31.739999771118164 AB 2.1943756350821806 1.0307072029507658
62756.0345 lsst_hardware_r 35.65434474523911 88.86000061035156 31.65999984741211 AB 2.2726467679129696 1.0283469538067735
62759.0145 lsst_hardware_i 23.02279597937152 31.709999084472656 31.270000457763672 AB 1.3125743666897964 1.0283946461398248
62759.0318 lsst_hardware_r 10.93772559206944 24.610000610351562 31.530000686645508 AB 1.3227450433066814 1.0299747271222799
62760.9927 lsst_hardware_z 19.878491605407614 42.4900016784668 30.950000762939453 AB 6.638885420339993 1.036489097916785
62761.0116 lsst_hardware_u -1.390030320945302 2.8399999141693115 28.489999771118164 AB 1.7778804383297442 1.027973656160592
62765.9961 lsst_hardware_y -24.016051802207087 47.70000076293945 30.059999465942383 AB 1.9662794030852921 1.0282543616608901
62766.0158 lsst_hardware_z -16.547684968490564 41.70000076293945 30.950000762939453 AB 2.672098616874477 1.0313664651814463
62769.9848 lsst_hardware_y 43.186725883375146 68.19999694824219 30.06999969482422 AB 3.1886678285687644 1.0283260935993432
62770.012 lsst_hardware_r 15.272140810540096 24.700000762939453 31.510000228881836 AB 3.3574992134471713 1.035838918175572
