data/validation/pwv_sim_epoch_fit_4/41780550.ecsv
# %ECSV 0.9
# ---
# datatype:
# - {name: time, datatype: float64}
# - {name: band, datatype: string}
# - {name: flux, datatype: float64}
# - {name: fluxerr, datatype: float64}
# - {name: zp, datatype: float64}
# - {name: zpsys, datatype: string}
# - {name: pwv, datatype: float64}
# - {name: airmass, datatype: float64}
# meta: {SNID: '41780550', alt: 1024.0, c: -0.02476317249238491, dec: -18.681826, lat: -30.244573, lon: -70.7499537, ra: 239.414062, t0: 61116.12890625,
#   x0: 7.065131477114484e-06, x1: -0.08808176964521408, z: 0.5318328142166138}
# schema: astropy-2.0
time band flux fluxerr zp zpsys pwv airmass
[from data line 132]
61530.2472 lsst_hardware_r -25.377920309008967 24.610000610351562 31.530000686645508 AB 9.30353251814322 1.0206464402263693
61530.2652 lsst_hardware_u -4.754648517736532 2.890000104904175 28.530000686645508 AB 9.320266207418822 1.028386429153572
61533.2509 lsst_hardware_i 61.02761961800832 31.719999313354492 31.270000457763672 AB 9.527960491497383 1.0245118808061702
61533.2695 lsst_hardware_z 38.780212373544494 41.970001220703125 30.950000762939453 AB 9.675911403558112 1.040420581027754
61535.224 lsst_hardware_z 48.39697093698959 41.70000076293945 30.959999084472656 AB 6.3302854436184175 1.021013781228777
61535.2409 lsst_hardware_r 26.133146626519267 24.8799991607666 31.530000686645508 AB 6.339296411376099 1.0224671631251772
61541.1978 lsst_hardware_r -2.031091169760552 79.93000030517578 32.400001525878906 AB 5.477783892184642 1.0246189903390772
61541.2211 lsst_hardware_z 9.63144158029685 71.33000183105469 31.719999313354492 AB 5.503004637199066 1.0213919794347242
61543.1863 lsst_hardware_y 227.2010283370629 82.33999633789062 30.81999969482422 AB 7.565531227125241 1.0284843973797229
61543.2068 lsst_hardware_r -65.98020139838634 145.49000549316406 32.41999816894531 AB 7.545716150564949 1.020449814127385
61551.1601 lsst_hardware_z -9.847693101257597 47.2400016784668 30.959999084472656 AB 6.024520194884411 1.0320671873374208
61551.1809 lsst_hardware_r -6.207456642334327 45.77000045776367 31.6200008392334 AB 6.284845051146623 1.0209023555480883
61560.1585 lsst_hardware_g -62.48775018648656 22.440000534057617 32.2400016784668 AB 11.002479134563618 1.0205908014066127
61560.1796 lsst_hardware_r -7.343825699971296 35.02000045776367 32.279998779296875 AB 11.770554653566112 1.0258905001582876
61571.1011 lsst_hardware_z 8.44995490666591 67.87000274658203 30.989999771118164 AB 12.853083254910485 1.0363648517314015
61571.1202 lsst_hardware_r 64.10703218115782 90.31999969482422 31.65999984741211 AB 12.688717653159934 1.0226307924236446
61573.1026 lsst_hardware_z -86.8066615826846 102.23999786376953 31.010000228881836 AB 5.556171958223019 1.029874320337909
61573.1221 lsst_hardware_r 6.426512258249639 150.1699981689453 31.670000076293945 AB 5.47903887335129 1.0207011795422725
61575.1039 lsst_hardware_i -88.61226415419925 103.73999786376953 31.350000381469727 AB 3.775849959887086 1.0252104153915087
61575.1238 lsst_hardware_z -53.89232227730302 87.98999786376953 31.010000228881836 AB 3.702683875129186 1.0205854121083318
61579.079 lsst_hardware_u -4.313399534556243 7.480000019073486 29.1200008392334 AB 3.1099121850249083 1.0366373950083028
61579.0991 lsst_hardware_g 46.203086660793105 50.459999084472656 31.719999313354492 AB 3.271526965522267 1.0223521767257084
61581.0769 lsst_hardware_r 5.79422754073059 24.09000015258789 31.510000228881836 AB 4.8738664134731255 1.03325554663415
61581.0972 lsst_hardware_i -18.00126651268252 31.239999771118164 31.260000228881836 AB 5.385373742916862 1.021278879152349
61583.0788 lsst_hardware_z 33.5759263374716 41.61000061035156 30.950000762939453 AB 7.744151492724595 1.0272574495124596
61583.9556 lsst_hardware_u -7.074198714375621 8.470000267028809 28.829999923706055 AB 10.237543128075533 1.4710170454881926
61588.1433 lsst_hardware_r 33.53804050790096 34.459999084472656 32.25 AB 9.579507750749162 1.0801519676857656
61588.1727 lsst_hardware_u -4.619026775238286 3.7699999809265137 29.059999465942383 AB 9.504347906269274 1.1644036679826366
61597.0269 lsst_hardware_z -33.929246370304114 46.18000030517578 30.959999084472656 AB 5.154667736133895 1.0399464161670007
61597.0424 lsst_hardware_r 54.079010730660066 41.09000015258789 31.610000610351562 AB 6.792713596917562 1.0260638347852775
61606.0149 lsst_hardware_g -10.928441963103454 77.36000061035156 31.739999771118164 AB 3.0398894400424297 1.0280315996085323
61606.0367 lsst_hardware_i 80.4142998981027 62.029998779296875 31.329999923706055 AB 2.9558457855160123 1.0204300755521332
61610.0237 lsst_hardware_u 1.4582667095920678 2.930000066757202 28.559999465942383 AB 6.350988027790334 1.02045761252054
61610.0471 lsst_hardware_g -40.99461522710304 15.630000114440918 31.479999542236328 AB 6.274674253449844 1.028635123516368
61618.0082 lsst_hardware_z 0.18534799850565226 58.849998474121094 31.700000762939453 AB 3.749855308337872 1.0208317536309996
61618.029 lsst_hardware_r -15.623194166696349 34.77000045776367 32.27000045776367 AB 3.8065435318756897 1.0317001102768668
61620.9788 lsst_hardware_y -109.96007753995849 47.470001220703125 30.049999237060547 AB 10.316574857452762 1.024927130920036
61620.9977 lsst_hardware_u 0.854172039045466 2.7699999809265137 28.43000030517578 AB 10.354294430466512 1.0205380913963593
61622.9778 lsst_hardware_y -61.93451926243151 48.290000915527344 30.049999237060547 AB 0.8134626324896376 1.022794592401053
61622.9963 lsst_hardware_i -53.01154678607507 32.189998626708984 31.270000457763672 AB 0.9394812354950758 1.0211752559729084
61629.9673 lsst_hardware_z 26.56181993592048 116.58000183105469 31.75 AB 3.8696005770235065 1.0205988598242137
61629.9871 lsst_hardware_i 192.80761368386482 94.58999633789062 32.09000015258789 AB 4.053798217965057 1.0250885810890462
