data/validation/pwv_sim_epoch_fit_4/41809439.ecsv
# %ECSV 0.9
# ---
# datatype:
# - {name: time, datatype: float64}
# - {name: band, datatype: string}
# - {name: flux, datatype: float64}
# - {name: fluxerr, datatype: float64}
# - {name: zp, datatype: float64}
# - {name: zpsys, datatype: string}
# - {name: pwv, datatype: float64}
# - {name: airmass, datatype: float64}
# meta: {SNID: '41809439', alt: 1024.0, c: -0.124323271214962, dec: -47.945496, lat: -30.244573, lon: -70.7499537, ra: 62.599998, t0: 62079.31640625,
#   x0: 2.4794270542930764e-06, x1: 0.5089468359947205, z: 0.8156536221504211}
# schema: astropy-2.0
time band flux fluxerr zp zpsys pwv airmass
[from data line 132]
62477.2582 lsst_hardware_i -67.00404048983192 53.66999816894531 32.41999816894531 AB 5.3963423463676925 1.184447398236902
62479.1901 lsst_hardware_i 86.47279179355785 29.65999984741211 31.239999771118164 AB 6.442086898381215 1.0660411878837575
62479.2039 lsst_hardware_z 33.16019333548861 41.029998779296875 30.940000534057617 AB 6.508108858308905 1.0816202190974307
62481.174 lsst_hardware_z -48.61550059630315 40.83000183105469 30.940000534057617 AB 10.681518192331183 1.0575760586466518
62481.1881 lsst_hardware_r -24.237053206706456 21.479999542236328 31.469999313354492 AB 10.801469118833158 1.069452388003283
62483.1737 lsst_hardware_y 33.85646847877998 47.59000015258789 30.040000915527344 AB 11.740007291757138 1.0613075552657658
62483.1859 lsst_hardware_g 2.2858165450692987 18.489999771118164 31.530000686645508 AB 11.86219575701298 1.0729678220807022
62485.1742 lsst_hardware_r -27.673951041627163 42.86000061035156 31.610000610351562 AB 8.506649333111747 1.066500391704053
62485.1845 lsst_hardware_i -41.79834794505712 40.95000076293945 31.280000686645508 AB 8.595159507627093 1.0777604725296928
62487.169 lsst_hardware_z -28.476895115191194 50.40999984741211 30.969999313354492 AB 9.08204933274485 1.0667507658487565
62487.1818 lsst_hardware_r 4.6263223526229424 57.0099983215332 31.6299991607666 AB 9.21391055566101 1.0812862614829482
62489.1772 lsst_hardware_z 121.73371927743403 57.25 30.979999542236328 AB 5.715237340593758 1.0824313145063935
62489.1891 lsst_hardware_r 74.28651234060014 76.72000122070312 31.639999389648438 AB 5.7694573627032995 1.1004814399866416
62493.1106 lsst_hardware_r -9.104374487692368 63.77000045776367 31.639999389648438 AB 4.463360424527692 1.0495850498594885
62493.123 lsst_hardware_z 77.21639922154122 52.459999084472656 30.969999313354492 AB 4.50266824284631 1.0499401289136785
62495.11 lsst_hardware_r 16.00820816255078 34.709999084472656 31.59000015258789 AB 6.2976634261691435 1.0492608174223832
62495.1223 lsst_hardware_u -2.7730933659488315 6.119999885559082 29.010000228881836 AB 6.370275381724397 1.0511138324766478
62499.106 lsst_hardware_i 2.6937608450034105 29.719999313354492 31.25 AB 7.873747696719546 1.0498330262292728
62499.1196 lsst_hardware_z -6.504422959852478 40.79999923706055 30.950000762939453 AB 7.908795391886804 1.054506052251574
62501.1124 lsst_hardware_r 28.652835489143065 21.399999618530273 31.469999313354492 AB 7.866251340735702 1.0536451583210933
62501.125 lsst_hardware_u 0.004844532737348464 2.5799999237060547 28.389999389648438 AB 7.113221979784267 1.0616749223558608
62503.1032 lsst_hardware_g -4.873330697166859 12.619999885559082 31.3700008392334 AB 5.320249749463331 1.0520565057273743
62503.1169 lsst_hardware_i 30.016721082479393 29.649999618530273 31.239999771118164 AB 5.38831614898819 1.059649193508002
62505.1084 lsst_hardware_z 5.977025848714191 40.84000015258789 30.940000534057617 AB 2.4323510900386824 1.0575439521907315
62505.1218 lsst_hardware_r 10.97445607123334 21.510000228881836 31.469999313354492 AB 2.4579645312177 1.0686802309642176
62507.1085 lsst_hardware_u 2.5341826002788728 2.569999933242798 28.3799991607666 AB 9.117415489118455 1.0615841519611637
62507.1218 lsst_hardware_g 6.180475923305442 12.729999542236328 31.3700008392334 AB 9.225502871715687 1.0746176381113022
62509.0889 lsst_hardware_g 6.8357444659271325 12.850000381469727 31.3799991607666 AB 6.226149917312175 1.0529002114958583
62509.1006 lsst_hardware_r 9.903831502933159 21.549999237060547 31.479999542236328 AB 6.250186134078519 1.059712806727458
62510.0778 lsst_hardware_i -10.583603379795152 30.229999542236328 31.239999771118164 AB 8.84358586385852 1.050192777570751
62510.0902 lsst_hardware_z 34.85871837962889 41.150001525878906 30.940000534057617 AB 6.93270998579266 1.054845750814814
62512.0785 lsst_hardware_r 34.188956153222925 28.059999465942383 31.559999465942383 AB 6.522481010896678 1.0520130662736578
62512.0907 lsst_hardware_z 20.2071949348676 42.310001373291016 30.959999084472656 AB 6.048249124324988 1.0584965215829556
62517.0707 lsst_hardware_z 10.516687090294386 50.290000915527344 30.969999313354492 AB 3.5393865473407855 1.0546443824019027
62517.0835 lsst_hardware_r 5.28513777793329 58.15999984741211 31.639999389648438 AB 3.9716566556919273 1.0635042591222135
62519.0759 lsst_hardware_y 81.219581708828 72.69999694824219 30.790000915527344 AB 4.1407207980593395 1.0617232815536768
62521.0714 lsst_hardware_r 109.41951040215856 76.02999877929688 31.639999389648438 AB 8.670077571342624 1.0625095062919883
62521.0857 lsst_hardware_i -33.68229165922565 60.779998779296875 31.31999969482422 AB 8.248913049159611 1.0771628426690534
