data/validation/pwv_sim_epoch_fit_4/41835936.ecsv
# %ECSV 0.9
# ---
# datatype:
# - {name: time, datatype: float64}
# - {name: band, datatype: string}
# - {name: flux, datatype: float64}
# - {name: fluxerr, datatype: float64}
# - {name: zp, datatype: float64}
# - {name: zpsys, datatype: string}
# - {name: pwv, datatype: float64}
# - {name: airmass, datatype: float64}
# meta: {SNID: '41835936', alt: 1024.0, c: 0.09243018925189972, dec: -13.248015, lat: -30.244573, lon: -70.7499537, ra: 84.199219, t0: 60342.89453125,
#   x0: 4.8583362113216395e-06, x1: 0.04026227816939354, z: 0.6209204792976379}
# schema: astropy-2.0
time band flux fluxerr zp zpsys pwv airmass
[from data line 133]
60662.1572 lsst_hardware_i 55.555844990785914 54.97999954223633 31.329999923706055 AB 3.4507088962804793 1.0642124583748587
60662.1768 lsst_hardware_z 103.33767048485034 53.83000183105469 30.979999542236328 AB 5.427123504930353 1.0483818747452454
60663.174 lsst_hardware_i -0.2444083739625931 47.11000061035156 31.309999465942383 AB 4.008167473593878 1.048412269397008
60663.1927 lsst_hardware_z -110.0166284227265 50.040000915527344 30.969999313354492 AB 3.9351989734173065 1.046572276345794
60665.1771 lsst_hardware_g -26.890340918556983 23.530000686645508 31.6200008392334 AB 3.8808543513566147 1.0459819018547576
60665.1961 lsst_hardware_r 41.39817151239905 33.689998626708984 31.59000015258789 AB 3.797167903206798 1.0501743492240332
60668.1578 lsst_hardware_i 22.227656937975244 30.459999084472656 31.260000228881836 AB 6.636183869486302 1.0496554026630236
60668.1771 lsst_hardware_r 23.641972365017434 22.639999389648438 31.510000228881836 AB 6.994403542706195 1.0461658815699353
60670.1572 lsst_hardware_u 5.002486378601427 2.6600000858306885 28.420000076293945 AB 5.123788459474196 1.0474881855206368
60670.1757 lsst_hardware_g 38.22185480237035 13.970000267028809 31.43000030517578 AB 5.787339104592551 1.0471663036054073
60672.1584 lsst_hardware_r 24.63487429719913 22.469999313354492 31.5 AB 7.419566635255194 1.0459300983619657
60672.1781 lsst_hardware_i -9.995082526438788 30.329999923706055 31.25 AB 7.431730818539061 1.0508297668406887
60674.1569 lsst_hardware_z 1.898814735858353 40.939998626708984 30.950000762939453 AB 7.025500471221211 1.0457726214976497
60674.1778 lsst_hardware_r -12.05344697078506 22.43000030517578 31.489999771118164 AB 6.878690057781359 1.0544881857634398
60678.1337 lsst_hardware_g -13.10448148264634 13.65999984741211 31.399999618530273 AB 4.0255900254398975 1.0481260236776404
60678.1547 lsst_hardware_r -25.45142896313051 22.5 31.489999771118164 AB 4.074047812531226 1.0474476957272723
60680.1336 lsst_hardware_i 5.120374639357239 30.489999771118164 31.239999771118164 AB 11.83002391635562 1.0464186034236853
60680.1543 lsst_hardware_r 11.637794062948123 22.34000015258789 31.489999771118164 AB 11.908075911816713 1.0497014709493098
60682.1227 lsst_hardware_z 18.424237619706318 43.13999938964844 30.950000762939453 AB 9.214441270264368 1.0481576525757386
60682.1444 lsst_hardware_g 3.9029756639844426 22.950000762939453 31.59000015258789 AB 8.368808627234557 1.0476725872852475
60684.1214 lsst_hardware_r -39.28184048689973 50.45000076293945 31.6299991607666 AB 6.8204822962883584 1.0467284064285387
60684.1425 lsst_hardware_i -16.44759121631118 46.040000915527344 31.309999465942383 AB 6.715142091903367 1.049240951859901
60686.1192 lsst_hardware_z -164.8984203000375 58.150001525878906 30.979999542236328 AB 5.907056766927968 1.046052198853899
60686.1411 lsst_hardware_r 55.50325252402024 73.43000030517578 31.649999618530273 AB 5.0521694614422294 1.0516041965847385
60688.0871 lsst_hardware_i 149.39258052697772 77.31999969482422 31.329999923706055 AB 3.3028943278094425 1.063163410239091
60688.107 lsst_hardware_z 21.630000253411193 68.29000091552734 30.989999771118164 AB 3.413286383866624 1.0478775226770067
60694.089 lsst_hardware_u -1.4720938812057398 2.7200000286102295 28.479999542236328 AB 4.071656890699609 1.048562840706381
60694.11 lsst_hardware_g 3.7713051723316036 13.550000190734863 31.420000076293945 AB 4.083014724690811 1.0471058449369492
60695.0876 lsst_hardware_r 50.65882259540308 22.25 31.489999771118164 AB 8.012936464895958 1.047990644114041
60695.1068 lsst_hardware_i -15.411813103523462 30.149999618530273 31.25 AB 8.012137074317941 1.0469618208249245
60697.0733 lsst_hardware_z -115.95741232726934 41.369998931884766 30.950000762939453 AB 11.372647981014438 1.0530229612050406
60697.0925 lsst_hardware_r -20.693394387213033 22.360000610351562 31.489999771118164 AB 11.609688432772089 1.0457608556768163
60701.0665 lsst_hardware_r -15.212860673294104 22.309999465942383 31.5 AB 12.536352235855237 1.0503122727798844
60701.0851 lsst_hardware_z -10.786255691945673 41.099998474121094 30.959999084472656 AB 14.289725308413342 1.0458957725490374
60705.0423 lsst_hardware_z -8.93331793572373 43.72999954223633 30.959999084472656 AB 11.925846297846707 1.0613488450893702
60705.0603 lsst_hardware_g -4.494909394911935 13.479999542236328 31.420000076293945 AB 11.838137803407975 1.0479860544649982
60707.0661 lsst_hardware_i 67.99349596750595 30.1299991607666 31.260000228881836 AB 8.472060690812084 1.0457505198653014
60707.0829 lsst_hardware_z -0.6194942921921219 41.040000915527344 30.959999084472656 AB 8.530480971637264 1.051048028211666
60709.0408 lsst_hardware_y -59.66166171323827 48.810001373291016 30.059999465942383 AB 7.364956051060534 1.0528259290336102
60709.0592 lsst_hardware_r 2.416947791907391 23.18000030517578 31.520000457763672 AB 8.286216183714105 1.0457772680903774
60711.0399 lsst_hardware_y -111.6378806489837 49.869998931884766 30.049999237060547 AB 5.85692486321785 1.0499103456516765
60711.0586 lsst_hardware_g 29.51301200709639 26.780000686645508 31.649999618530273 AB 6.180485743054044 1.0459887020188892
60713.0384 lsst_hardware_y -27.800332572157327 51.470001220703125 30.049999237060547 AB 5.038729748886759 1.048006880780676
60713.0569 lsst_hardware_z 100.32530356492268 49.5099983215332 30.969999313354492 AB 6.5505290645230145 1.046744816957976
60714.0354 lsst_hardware_y 120.89414463458945 87.62999725341797 30.809999465942383 AB 7.082655422024251 1.0481177095115428
60716.0257 lsst_hardware_z -118.45702581945336 71.95999908447266 30.989999771118164 AB 2.625544871714233 1.050217948685693
60716.0441 lsst_hardware_r -38.19353174161284 75.94999694824219 31.649999618530273 AB 2.719310662239131 1.0458887162458197
60720.0224 lsst_hardware_y 122.45221267189521 68.81999969482422 30.06999969482422 AB 2.650008038090662 1.0469167557889034
60720.0394 lsst_hardware_z 16.233802074449642 51.27000045776367 30.969999313354492 AB 2.635872176307599 1.047227722013349
60724.0192 lsst_hardware_y -195.21881032738114 69.19999694824219 30.06999969482422 AB 3.7934521189318113 1.0457483442954496
60724.0372 lsst_hardware_r -17.352255219199844 22.610000610351562 31.5 AB 3.6969175400388914 1.0515053444054487
