data/validation/pwv_sim_epoch_fit_4/41896095.ecsv
# %ECSV 0.9
# ---
# datatype:
# - {name: time, datatype: float64}
# - {name: band, datatype: string}
# - {name: flux, datatype: float64}
# - {name: fluxerr, datatype: float64}
# - {name: zp, datatype: float64}
# - {name: zpsys, datatype: string}
# - {name: pwv, datatype: float64}
# - {name: airmass, datatype: float64}
# meta: {SNID: '41896095', alt: 1024.0, c: -0.03212053328752518, dec: -37.544327, lat: -30.244573, lon: -70.7499537, ra: 302.167969, t0: 61678.0,
#   x0: 6.456931495153503e-06, x1: 0.7759585380554199, z: 0.5518754124641418}
# schema: astropy-2.0
time band flux fluxerr zp zpsys pwv airmass
61510.3559 lsst_hardware_r 4.726629960965445 25.239999771118164 31.479999542236328 AB 12.048210312967514 1.2251275199397527
61510.3765 lsst_hardware_u -2.0728520782440034 2.7200000286102295 28.350000381469727 AB 10.867931202608451 1.147717807192655
61517.3636 lsst_hardware_r -18.81631193475674 82.94999694824219 31.639999389648438 AB 6.997231924913418 1.128585794340874
61517.3855 lsst_hardware_z 27.28210815699731 59.369998931884766 30.979999542236328 AB 6.534048220104252 1.074193123193334
61525.357 lsst_hardware_r -15.586477308879717 30.649999618530273 31.559999465942383 AB 11.492912327006254 1.088721998832295
61525.3751 lsst_hardware_i -36.805736984010466 34.58000183105469 31.270000457763672 AB 12.041782393013879 1.0529715278955822
61527.3599 lsst_hardware_z -16.450028905617806 42.189998626708984 30.950000762939453 AB 9.545266155461329 1.0707473135362773
61527.3785 lsst_hardware_u 0.45744162946000816 3.0199999809265137 28.549999237060547 AB 10.754041393715701 1.0395735058692757
61527.4161 lsst_hardware_g 6.388709754854482 17.649999618530273 31.530000686645508 AB 10.401221659219408 1.009272082597219
61527.4276 lsst_hardware_z -85.40654541575243 58.91999816894531 30.989999771118164 AB 11.194226127381784 1.0080347705882076
61529.4152 lsst_hardware_i 2.717772024010793 31.360000610351562 31.260000228881836 AB 9.037779103705168 1.0083430886650864
61529.4267 lsst_hardware_y 77.17711316503161 61.54999923706055 30.06999969482422 AB 8.976161337024527 1.0085574535982613
61531.411 lsst_hardware_r -18.566434413114532 23.8799991607666 31.530000686645508 AB 2.684300325595168 1.008187915716495
61531.4251 lsst_hardware_y 84.97817091837366 56.70000076293945 30.06999969482422 AB 2.3681707003523043 1.0094504264076987
61536.3554 lsst_hardware_g -12.719235739942823 14.850000381469727 31.459999084472656 AB 7.1080414760636685 1.0375945516478606
61536.375 lsst_hardware_r -20.77824861600622 23.56999969482422 31.520000457763672 AB 7.733166108574922 1.0175218563914372
61540.3925 lsst_hardware_r 18.69392684762409 23.329999923706055 31.510000228881836 AB 7.661563448910013 1.008056240810931
61540.4049 lsst_hardware_u -1.511006875913794 2.7799999713897705 28.489999771118164 AB 7.6935041912768325 1.01096188494785
61542.3958 lsst_hardware_g -7.762368506363892 14.59000015258789 31.459999084472656 AB 7.365593093733941 1.009665381076379
61542.4087 lsst_hardware_r -27.460363609658824 23.329999923706055 31.520000457763672 AB 7.396304118330607 1.0159409523478737
61544.2349 lsst_hardware_i -1.8115900451746554 69.61000061035156 31.270000457763672 AB 11.023295049479163 1.3750471995192304
61544.2544 lsst_hardware_z 11.336772035435892 62.54999923706055 30.959999084472656 AB 9.583545408142959 1.2651545093258032
61546.2548 lsst_hardware_z -94.0863309333309 72.76000213623047 30.969999313354492 AB 7.408274679325665 1.23760018030833
61546.2706 lsst_hardware_i -42.98241077110667 84.19999694824219 31.31999969482422 AB 7.039578739720022 1.173719569786072
61550.3057 lsst_hardware_y 61.23629401991197 142.64999389648438 31.969999313354492 AB 7.700761092978778 1.0548987798601066
61554.3833 lsst_hardware_i 25.56690911774894 34.34000015258789 31.280000686645508 AB 8.28540449776354 1.021649170484006
61554.3964 lsst_hardware_z 66.32451921048356 42.959999084472656 30.959999084472656 AB 8.447843124672943 1.0357826293125105
61558.3332 lsst_hardware_z 20.307728790989515 40.90999984741211 30.959999084472656 AB 9.56928026646785 1.0088501827173022
61558.3417 lsst_hardware_r 2.454057600236038 23.110000610351562 31.510000228881836 AB 8.771531179871786 1.0079902528007347
61559.2373 lsst_hardware_i 4.001016835100699 32.060001373291016 31.239999771118164 AB 10.861179156709495 1.1659463776615073
61559.2579 lsst_hardware_z -20.280833875321733 42.33000183105469 30.950000762939453 AB 9.67606788370599 1.103985839017189
61561.3688 lsst_hardware_z -44.67692451373247 41.08000183105469 30.950000762939453 AB 5.391804732850711 1.0260332507803447
61561.38 lsst_hardware_r -51.054253768970646 23.209999084472656 31.5 AB 4.781076418434646 1.0393644387901404
61563.2586 lsst_hardware_g 11.371981000309896 14.619999885559082 31.440000534057617 AB 4.192518822060866 1.076937791436133
61563.3084 lsst_hardware_r 32.83966171708375 32.9900016784668 32.27000045776367 AB 3.31512520950384 1.0130252741035417
61563.3493 lsst_hardware_u 1.7266746898346828 2.7699999809265137 28.489999771118164 AB 2.422312603890721 1.0146166095393578
61572.325 lsst_hardware_z -122.66752444362687 75.62999725341797 31.729999542236328 AB 6.596089276557175 1.0147829656241807
61574.1688 lsst_hardware_z 10.29807689500974 75.45999908447266 30.959999084472656 AB 7.457275486036242 1.2837451344527988
61574.2589 lsst_hardware_r -96.24012291385448 154.92999267578125 32.400001525878906 AB 5.189414648889829 1.028829232531708
61574.3392 lsst_hardware_i -134.42259245743804 86.4000015258789 31.34000015258789 AB 4.569267899111905 1.032564023753208
61578.2449 lsst_hardware_z 290.56696826227864 154.22999572753906 32.4900016784668 AB 2.5580120196223324 1.032358385534001
61587.1593 lsst_hardware_i -47.75368758417222 32.099998474121094 31.239999771118164 AB 9.868931221715377 1.1714444300963267
61587.1783 lsst_hardware_z 31.609119019431873 42.40999984741211 30.950000762939453 AB 8.266425797022857 1.1122622589479652
61591.1583 lsst_hardware_g 23.36029634652976 14.850000381469727 31.40999984741211 AB 4.195486163608826 1.1384536092826336
61591.177 lsst_hardware_i 17.521133558813275 31.399999618530273 31.239999771118164 AB 3.917861682030599 1.0882949116751663
61593.3041 lsst_hardware_r -10.772664003697008 23.700000762939453 31.5 AB 1.5770731011365082 1.0571375943267847
61593.3163 lsst_hardware_z 59.61500083838284 41.900001525878906 30.940000534057617 AB 1.6110388196067653 1.0809922743950562
61598.1537 lsst_hardware_r 23.94775915253655 39.41999816894531 31.59000015258789 AB 5.906143476344316 1.0982725115621985
61598.1719 lsst_hardware_i -91.61844367454921 38.880001068115234 31.290000915527344 AB 6.163215106939252 1.0596999839991836
61600.2184 lsst_hardware_z -83.28899371402626 51.689998626708984 30.969999313354492 AB 6.548050950419605 1.0088799050527735
61600.2306 lsst_hardware_r 89.520337945371 59.97999954223633 31.649999618530273 AB 6.5362384960531665 1.0082249752893888
61608.0832 lsst_hardware_g 101.6858537750356 64.33000183105469 31.649999618530273 AB 6.454495193216204 1.248290715552386
61608.1041 lsst_hardware_r -109.59072668359377 73.44000244140625 31.6200008392334 AB 5.693778620259178 1.1639355293364815
61611.1927 lsst_hardware_r -52.6312654773668 34.97999954223633 31.600000381469727 AB 5.922278524822454 1.0081761118138408
61611.2046 lsst_hardware_i -20.594696409370563 37.70000076293945 31.290000915527344 AB 5.912494837466694 1.008915120936256
61617.1869 lsst_hardware_g 0.9162081847251734 14.819999694824219 31.459999084472656 AB 3.7178481614137517 1.0086403042359608
61617.1984 lsst_hardware_r 2.740082216015212 23.540000915527344 31.510000228881836 AB 3.6792902874640423 1.0126719293921536
61619.0627 lsst_hardware_i -10.619693814548647 32.40999984741211 31.229999542236328 AB 2.233000446751747 1.2067011330730868
61619.0824 lsst_hardware_z -12.741734843499017 42.7400016784668 30.940000534057617 AB 2.0842670605300513 1.1367695994160598
61619.1919 lsst_hardware_i -32.027814738867235 30.719999313354492 31.25 AB 1.9079128534803764 1.0121553599365392
61619.2033 lsst_hardware_z 2.1070345779928523 41.15999984741211 30.950000762939453 AB 1.923039564998964 1.0195040768715515
61626.0822 lsst_hardware_r 21.348481638043342 32.20000076293945 31.56999969482422 AB 4.15970493781335 1.0865576676917763
61626.1021 lsst_hardware_y 5.741045051046972 47.77000045776367 30.049999237060547 AB 4.037948768246898 1.048545512398684
61626.1418 lsst_hardware_g -51.41646394214165 26.899999618530273 31.649999618530273 AB 4.3901633087121015 1.010568753803787
61626.154 lsst_hardware_r -2.8072925023860367 31.270000457763672 31.59000015258789 AB 4.388649641514389 1.0080159957540946
61627.133 lsst_hardware_i 21.41699269599041 38.939998626708984 31.299999237060547 AB 4.4328904573087184 1.013386525331567
61627.1442 lsst_hardware_z -26.641154057492358 44.849998474121094 30.969999313354492 AB 4.336645927503428 1.0089916071436547
61629.0651 lsst_hardware_r 25.972644755241934 65.91999816894531 31.6299991607666 AB 3.65755984449388 1.1083514680284485
61629.0841 lsst_hardware_i 20.921922959801503 58.349998474121094 31.31999969482422 AB 2.8915006390328264 1.0655327253529638
61629.1357 lsst_hardware_r -31.720832543372527 68.88999938964844 31.65999984741211 AB 3.1749288006429874 1.0098374047846652
61629.1472 lsst_hardware_z 80.11493859074427 56.66999816894531 30.989999771118164 AB 3.2101027254143295 1.0079870395900135
61631.1357 lsst_hardware_r -39.90211627171164 103.44000244140625 31.670000076293945 AB 3.0275220791223627 1.0085016919128456
61631.1472 lsst_hardware_i 253.5043011396317 88.4000015258789 31.350000381469727 AB 3.0989523397809653 1.0083905872707735
61649.109 lsst_hardware_i 16.12963176138322 30.659065538574513 31.25 AB 1.085548574539263 1.0116948504555865
61649.1205 lsst_hardware_z -33.70887367424283 41.014409177616436 30.950000762939453 AB 1.044949461238039 1.0188002547007204
61653.06 lsst_hardware_r 84.49827015343004 25.78685662457967 31.530000686645508 AB 1.2167829209409227 1.0145494060096631
61653.0722 lsst_hardware_u 2.623355809906005 3.6520078359746164 28.579999923706055 AB 1.20722557958193 1.009245294341867
61654.9937 lsst_hardware_z 350.5309168482064 65.81124990841853 31.700000762939453 AB 2.307144295238015 1.1094262289263146
61655.099 lsst_hardware_r 293.6594932755016 34.71595056049374 31.579999923706055 AB 1.6298604593983474 1.015173129490948
61655.1109 lsst_hardware_i 310.4381987594562 37.56468567931626 31.280000686645508 AB 1.6739839076181686 1.0247835369559426
61671.0394 lsst_hardware_r 2105.874572303955 52.05289618432887 31.510000228881836 AB 1.5129501582395313 1.0086334388263543
61671.0521 lsst_hardware_i 1791.67357379594 51.22171280373996 31.260000228881836 AB 1.3937671290540286 1.0132803555463676
61672.0392 lsst_hardware_z 1227.421298919428 53.63600749390294 30.950000762939453 AB 2.876557066399768 1.0092002337971353
61672.0519 lsst_hardware_r 2273.7288688263275 52.48088262303177 31.5 AB 3.0557456312274 1.0147483831837725
61674.0258 lsst_hardware_i 1764.2665807912576 52.28965629855 31.260000228881836 AB 3.4019748391467046 1.0080174342517212
61674.0384 lsst_hardware_u 1.9771947432630248 3.3727375010339244 28.40999984741211 AB 3.2837152242144434 1.0107108187491554
61680.0262 lsst_hardware_i 1824.7789822327506 52.65289436369733 31.260000228881836 AB 5.042588579788632 1.012584932101668
61680.0385 lsst_hardware_r 2116.578077101876 52.601231989098764 31.510000228881836 AB 5.092802391258216 1.0209767899879267
61682.0258 lsst_hardware_u 2.145188166573846 3.2751459274537567 28.610000610351562 AB 2.44450857965354 1.0155128074445228
61682.0381 lsst_hardware_g 588.413787512559 28.788832470030844 31.5 AB 2.5124696988250554 1.0257071642478284
61684.0256 lsst_hardware_r 2147.2460558285134 55.523861632616054 31.56999969482422 AB 3.4909621723220923 1.0193334323153784
61684.0378 lsst_hardware_i 1791.0945200671456 54.64725126913666 31.270000457763672 AB 3.533561296277998 1.031320334557606
61885.3301 lsst_hardware_r -5.281497086579683 24.649999618530273 31.479999542236328 AB 15.627670515161165 1.2217071412503844
61885.3484 lsst_hardware_u 0.08950422322085591 2.7100000381469727 28.360000610351562 AB 17.98100860628083 1.152628756812874
61891.3589 lsst_hardware_g -4.242880157074509 15.109999656677246 31.459999084472656 AB 9.611607977626827 1.0799559525423401
61891.378 lsst_hardware_r -12.868606810921536 23.950000762939453 31.520000457763672 AB 9.295953642559507 1.0452035915064986
61891.4188 lsst_hardware_i -31.06763340547126 33.150001525878906 31.280000686645508 AB 9.232593341888455 1.0094678921811127
61897.3335 lsst_hardware_z -9.504298688332169 49.040000915527344 30.959999084472656 AB 6.609771355145406 1.1009863171725502
61897.3514 lsst_hardware_i -48.49891823207278 42.66999816894531 31.290000915527344 AB 6.52204436935152 1.0622222099921041
61897.4031 lsst_hardware_g 12.857506020427923 14.720000267028809 31.450000762939453 AB 7.012635706115859 1.0092785683680383
61897.4151 lsst_hardware_y -21.340000753031998 47.599998474121094 30.049999237060547 AB 6.99386239577019 1.008051656928537
61899.3525 lsst_hardware_z -72.38448148232592 58.709999084472656 30.979999542236328 AB 8.193836407609323 1.0508960379132133
61899.3725 lsst_hardware_r 59.20221010951041 79.16999816894531 31.65999984741211 AB 7.99272303710974 1.0249708947306668
61903.3547 lsst_hardware_i 12.220051986002186 72.69999694824219 31.329999923706055 AB 6.3905477969111555 1.03248207398193
61903.3754 lsst_hardware_r 92.04018041042998 89.44999694824219 31.65999984741211 AB 6.658657092278067 1.014111649753012
61903.4145 lsst_hardware_y 6.6622288748107445 79.5199966430664 30.809999465942383 AB 6.677211480566147 1.012516904655198
61908.3994 lsst_hardware_g -45.28998876988909 25.979999542236328 31.6299991607666 AB 7.929940162057963 1.0118161145872382
61908.4118 lsst_hardware_r 18.49377579513431 31.43000030517578 31.579999923706055 AB 8.085179561868198 1.0197401280418985
61918.3417 lsst_hardware_g 19.037580556125885 14.729999542236328 31.479999542236328 AB 9.219211027494133 1.0106013732522743
61918.3547 lsst_hardware_i 2.2904939650754255 30.690000534057617 31.270000457763672 AB 9.089504938825893 1.0079850223261317
61926.3258 lsst_hardware_z 31.151767214179248 48.310001373291016 30.969999313354492 AB 6.445625476636332 1.0088234889284864
61926.3412 lsst_hardware_r 65.37669236125436 43.88999938964844 31.6299991607666 AB 5.248553821758553 1.0087714560919778
61944.1649 lsst_hardware_z 74.67931498483144 44.279998779296875 30.93000030517578 AB 4.2557444439582985 1.2399284562483206
61944.1826 lsst_hardware_u 0.6684491914851068 2.680000066757202 28.350000381469727 AB 3.6005918263017347 1.1687703396348414
61944.2935 lsst_hardware_z 84.28485072164715 40.91999816894531 30.950000762939453 AB 2.672776639484093 1.0091026829162193
61944.3062 lsst_hardware_u 7.124002092113849 2.740000009536743 28.469999313354492 AB 2.7206380253375944 1.014532514109809
61947.1532 lsst_hardware_g 1.589979214931127 14.630000114440918 31.360000610351562 AB 7.591679481123902 1.25627659790235
61947.1717 lsst_hardware_r 7.168596749246422 24.079999923706055 31.479999542236328 AB 7.218328474721403 1.1785346770885952
61950.1317 lsst_hardware_u 1.2637385933507361 2.740000009536743 28.260000228881836 AB 6.570989600196981 1.326133118102317
61955.1439 lsst_hardware_z 11.459570825008301 55.959999084472656 30.959999084472656 AB 10.410029532938426 1.2013882900102408
61955.1574 lsst_hardware_r -20.45211515723256 66.12000274658203 31.6200008392334 AB 10.076234572766547 1.1522829834964023
61958.2429 lsst_hardware_y -25.30659088833022 66.95999908447266 30.079999923706055 AB 1.814638987532491 1.0081327708513839
61958.2545 lsst_hardware_r 213.07733884078849 138.91000366210938 31.670000076293945 AB 1.59106209967717 1.008916994088283
61960.2137 lsst_hardware_r 175.2522295481889 139.67999267578125 31.670000076293945 AB 2.1787122537891377 1.0182087878440451
61960.2248 lsst_hardware_i 131.48475183028478 107.80000305175781 31.350000381469727 AB 2.1611236690740108 1.0115252371046153
61962.2212 lsst_hardware_z 30.109057684596706 62.09000015258789 30.989999771118164 AB 8.389195095448796 1.0107463970420236
61962.234 lsst_hardware_r -56.282696360613556 81.6500015258789 31.65999984741211 AB 8.366414574974359 1.008001756021007
61964.1545 lsst_hardware_z -17.794058817589292 49.029998779296875 30.959999084472656 AB 7.1196281004416155 1.091465292111231
61964.1739 lsst_hardware_r -3.2375086689500834 49.630001068115234 31.6299991607666 AB 6.565741873615235 1.0527645975866224
61965.2237 lsst_hardware_i -35.43243564737097 39.16999816894531 31.299999237060547 AB 6.557539980878172 1.0081414357893546
