data/validation/pwv_sim_epoch_fit_4/41923136.ecsv
# %ECSV 0.9
# ---
# datatype:
# - {name: time, datatype: float64}
# - {name: band, datatype: string}
# - {name: flux, datatype: float64}
# - {name: fluxerr, datatype: float64}
# - {name: zp, datatype: float64}
# - {name: zpsys, datatype: string}
# - {name: pwv, datatype: float64}
# - {name: airmass, datatype: float64}
# meta: {SNID: '41923136', alt: 1024.0, c: -0.00011945167352678254, dec: -43.008633, lat: -30.244573, lon: -70.7499537, ra: 359.820007,
#   t0: 59883.11328125, x0: 5.698190505431802e-06, x1: -0.143157958984375, z: 0.5813681483268738}
# schema: astropy-2.0
time band flux fluxerr zp zpsys pwv airmass
59842.2742 lsst_hardware_u 1.289992143244637 2.609999895095825 28.360000610351562 AB 7.608554098436653 1.102688999773428
59842.2862 lsst_hardware_g -10.64964618420874 13.630000114440918 31.3700008392334 AB 7.809232701641053 1.1317728553102975
59844.2753 lsst_hardware_r 29.001468594085058 22.68000030517578 31.479999542236328 AB 1.8529405562170174 1.117912854429573
59844.2885 lsst_hardware_z 28.4884201243462 42.540000915527344 30.940000534057617 AB 1.8123223872082321 1.1536106856836081
59850.2499 lsst_hardware_z -3.955781426010519 41.630001068115234 30.940000534057617 AB 4.107446697255077 1.0973919707683608
59850.2619 lsst_hardware_u -1.7985336361187516 2.5799999237060547 28.329999923706055 AB 3.7504820874804006 1.1253697001844016
59853.2525 lsst_hardware_g -11.144942358374717 13.488715126851318 31.3700008392334 AB 5.2770861610365145 1.1223067122578227
59853.2641 lsst_hardware_r 19.39157540916202 22.650330315867766 31.469999313354492 AB 5.440947050662102 1.154128625608874
59856.0432 lsst_hardware_i 28.969527767148406 43.76203430761334 31.270000457763672 AB 2.9002706442589243 1.2366134071598598
59856.054 lsst_hardware_z 101.11658327572835 48.825369997807194 30.950000762939453 AB 2.7826953810312745 1.1951447592119266
59860.1887 lsst_hardware_y 96.13549760965176 58.25774141469544 30.059999465942383 AB 4.177350958787687 1.0445553553959626
59860.2002 lsst_hardware_r 129.90688184346388 105.27853396136956 31.65999984741211 AB 4.35826396335416 1.0584733365768684
59862.1796 lsst_hardware_i 394.92787953526465 79.21045732474283 31.34000015258789 AB 3.5881616046093927 1.0409520175832296
59862.191 lsst_hardware_z 204.14786256243409 69.30791146713817 30.989999771118164 AB 3.6402604126343854 1.0535193167955967
59864.1861 lsst_hardware_r 572.6951164362605 72.01642665324492 31.649999618530273 AB 6.618495828725947 1.0542363537315738
59864.1974 lsst_hardware_z 268.35116755134385 56.711558538911795 30.969999313354492 AB 6.65626054887512 1.0707121526340675
59867.1844 lsst_hardware_r 800.7476772183721 44.374962877553976 31.579999923706055 AB 7.078209358928099 1.0632199117156167
59867.196 lsst_hardware_i 696.5547837257507 45.68403891548956 31.280000686645508 AB 7.153539909125282 1.082557492301177
59869.2211 lsst_hardware_i 803.3238897570948 42.414660893218155 31.229999542236328 AB 6.018264181743793 1.1561911880782194
59869.2326 lsst_hardware_u 7.667564442325926 4.434818344249216 28.420000076293945 AB 6.277208749469059 1.1938396252318484
59871.1774 lsst_hardware_u 8.208358872884519 4.029894664998798 28.479999542236328 AB 2.7686255773086894 1.0692770405749927
59871.1873 lsst_hardware_g 387.95654629294535 24.061732135859348 31.389999389648438 AB 2.8025836223767144 1.0867641526698304
59873.1755 lsst_hardware_r 1470.514913701813 44.96379334609382 31.5 AB 2.76648631580763 1.075198723594277
59873.1862 lsst_hardware_i 1252.7218418447874 46.82427420722786 31.25 AB 2.764700368918445 1.0955093259485795
59875.1643 lsst_hardware_i 1331.1349604969873 47.91808356073352 31.239999771118164 AB 5.107666068452982 1.0658550181973008
59875.1754 lsst_hardware_z 1083.5773046215747 51.94270165693267 30.940000534057617 AB 3.5085442987488076 1.084893104127785
59881.1553 lsst_hardware_z 1245.2606379080496 54.34598353764311 30.959999084472656 AB 3.069094230820899 1.078073027628675
59881.166 lsst_hardware_i 1738.6770199533883 51.324934378736785 31.260000228881836 AB 3.1624986466073617 1.0989801853147323
59883.1566 lsst_hardware_z 1290.7738321763234 55.23245040074052 30.959999084472656 AB 4.096060494496224 1.0908283607180358
59883.168 lsst_hardware_g 471.5860291339233 28.38641499469775 31.520000457763672 AB 3.7300545852353295 1.1159475198906916
59885.1499 lsst_hardware_g 493.0638988422141 49.475245322208245 31.690000534057617 AB 4.244665604553102 1.088375796039257
59885.1621 lsst_hardware_r 2148.5917927900105 65.80591839373783 31.610000610351562 AB 4.34808142369678 1.1148926727427642
59887.1519 lsst_hardware_i 1822.4375655833678 72.70100654628811 31.31999969482422 AB 5.630184809244774 1.1039578057342696
59887.1635 lsst_hardware_z 1303.8374467137746 68.14214816743261 30.969999313354492 AB 5.774387945286887 1.1322329304484093
59896.0693 lsst_hardware_z 1074.5709552249384 51.93252336885162 30.950000762939453 AB 4.478083898428812 1.0287941872216717
59896.0809 lsst_hardware_r 1172.5047452887131 40.631531587150214 31.489999771118164 AB 4.490020957505153 1.0359395414444192
59899.0538 lsst_hardware_g 132.80739270040561 17.46454628184812 31.40999984741211 AB 6.137090919237083 1.0261549859386494
59899.0663 lsst_hardware_i 1147.0575059059568 44.209503240557986 31.25 AB 6.169298170480424 1.0315402135459408
59901.058 lsst_hardware_z 1028.606295775389 50.197918928027875 30.950000762939453 AB 6.758012052174073 1.0299492573609805
59901.0708 lsst_hardware_r 961.7725336949467 36.52841210184763 31.489999771118164 AB 6.8258841734776725 1.0388683012674336
59903.0491 lsst_hardware_u 0.8143066967399809 2.687502776665311 28.399999618530273 AB 6.833312112479912 1.0283131267057244
59903.0608 lsst_hardware_g 80.32616727528143 16.42250353308382 31.40999984741211 AB 6.904980414152429 1.0351906471500212
59905.0532 lsst_hardware_r 615.2434249728165 33.243952984727976 31.479999542236328 AB 4.562555227643236 1.03365546616309
59905.0669 lsst_hardware_i 752.9156290159336 41.19474654459973 31.25 AB 4.674285864241217 1.0457015356244332
60119.284 lsst_hardware_u 3.0509148156539556 49.40999984741211 30.6200008392334 AB 5.43459926468716 1.4440279698916725
60119.3214 lsst_hardware_g 187.57696126821838 172.58999633789062 33.15999984741211 AB 4.287666180309874 1.2406441493952183
60124.4111 lsst_hardware_r 5.269101363051136 81.33000183105469 31.65999984741211 AB 2.3701473820935557 1.0280405040527243
60124.4267 lsst_hardware_y 71.58070426824936 117.0 30.079999923706055 AB 2.1011795831792304 1.024799016344986
60127.4396 lsst_hardware_z 77.970406466344 107.76000213623047 31.010000228881836 AB 7.561712782939882 1.0306624572106018
60131.441 lsst_hardware_r 53.46836956073164 81.26000213623047 31.65999984741211 AB 5.475250667438387 1.0396374570280809
60133.3901 lsst_hardware_i -223.31443279805185 87.58999633789062 31.34000015258789 AB 1.612988636550493 1.0267273307132356
60133.4023 lsst_hardware_z -98.98752436019826 107.72000122070312 31.010000228881836 AB 1.6237919223911104 1.024797679009852
60138.4397 lsst_hardware_r -0.8447742566892193 80.81999969482422 31.639999389648438 AB 6.7907714338082155 1.0602297320543832
60140.4285 lsst_hardware_g -43.98136306855605 89.69999694824219 31.729999542236328 AB 4.830090644021148 1.0525748688528997
60140.4398 lsst_hardware_i 162.7211171827013 87.37000274658203 31.34000015258789 AB 4.893679425804267 1.0686056176011065
60142.4248 lsst_hardware_z 17.193055448326355 107.44999694824219 31.0 AB 2.9149854289312955 1.0548165112832624
60142.4367 lsst_hardware_r -72.60749559688229 80.80999755859375 31.639999389648438 AB 2.9787423800559214 1.0724545022704786
60144.4249 lsst_hardware_u 21.30005035049414 29.690000534057617 29.510000228881836 AB 3.339386571623999 1.062511967638552
60144.4366 lsst_hardware_g 49.11048159753076 89.22000122070312 31.719999313354492 AB 3.419595759040653 1.0818652546398058
60147.4025 lsst_hardware_i -86.38352067502946 87.38999938964844 31.34000015258789 AB 5.539911620564001 1.0446750180207431
60147.4137 lsst_hardware_z -10.87635012524014 107.43000030517578 31.0 AB 5.672372937669918 1.0582291754432942
60153.4125 lsst_hardware_z 36.23600410283337 107.37000274658203 31.0 AB 3.7895769750857093 1.082736278595917
60153.4232 lsst_hardware_r 74.81866019577005 80.66999816894531 31.639999389648438 AB 3.9765556031494365 1.1045987786526212
60158.3975 lsst_hardware_y -12.125974984862237 163.8800048828125 30.81999969482422 AB 2.051046720904994 1.080256348791254
60160.1258 lsst_hardware_z 224.2208804933295 227.14999389648438 32.630001068115234 AB 2.505108321337772 1.9008093491023246
60162.4017 lsst_hardware_z -109.61368250448209 107.0999984741211 30.989999771118164 AB 3.19573414325787 1.1116241439820986
60162.4143 lsst_hardware_r 0.8634331138197994 80.25 31.6299991607666 AB 3.3006341969549817 1.1442325686396009
60164.3441 lsst_hardware_z 132.7071538084812 107.48999786376953 31.0 AB 2.6422772529768093 1.0341593945114713
60164.3559 lsst_hardware_r -139.88926575718662 80.98999786376953 31.649999618530273 AB 2.578293685713341 1.0444778957720644
60165.3437 lsst_hardware_z 45.7971914700408 107.80999755859375 31.010000228881836 AB 5.118154903448404 1.0358890005292771
60165.3541 lsst_hardware_g 139.28258751267404 89.83999633789062 31.729999542236328 AB 5.13982359955132 1.0454587293141204
60178.3267 lsst_hardware_g -140.70085652562372 89.61000061035156 31.729999542236328 AB 1.9787565758420964 1.0550554923178332
60178.337 lsst_hardware_r 161.53266444757992 81.0199966430664 31.649999618530273 AB 2.018964695935683 1.070122630354602
60179.3163 lsst_hardware_r -6.772096957238334 81.01000213623047 31.649999618530273 AB 2.1019360321293896 1.0459127710048381
60179.3279 lsst_hardware_i -57.01969520735312 87.19999694824219 31.329999923706055 AB 2.137629105305911 1.0604195644345158
60183.3184 lsst_hardware_z 72.7216275110704 152.02000427246094 31.75 AB 3.210710243990289 1.0624747794689757
60200.1123 lsst_hardware_z -58.08170304153197 106.66000366210938 30.989999771118164 AB 3.212958945481407 1.194186562156256
60200.1238 lsst_hardware_i 8.999232109551249 86.62999725341797 31.31999969482422 AB 2.988344141206444 1.1564799308074474
60202.2407 lsst_hardware_u 7.303356184165045 29.829999923706055 29.520000457763672 AB 0.843045708081604 1.0344119117565693
60202.2514 lsst_hardware_g 99.37013955021962 89.58000183105469 31.729999542236328 AB 2.490979101062952 1.0437063272610134
60204.2007 lsst_hardware_r -89.94796363937832 82.5 31.65999984741211 AB 0.8341331158144538 1.025573503050558
60204.2123 lsst_hardware_i -61.56193044311819 89.37999725341797 31.34000015258789 AB 1.801622409850854 1.0250080086387114
60210.2281 lsst_hardware_r -98.85392985669469 81.11000061035156 31.649999618530273 AB 2.0343030944166904 1.042252460635202
60210.2399 lsst_hardware_g 5.184219391602845 89.31999969482422 31.719999313354492 AB 2.088913086939369 1.0558064629463577
60212.2311 lsst_hardware_r -10.216517246139913 81.12000274658203 31.649999618530273 AB 6.39670888263019 1.051557003596766
60212.2422 lsst_hardware_i -93.056069357829 87.2699966430664 31.329999923706055 AB 6.48249001345764 1.0669887274228689
60214.1697 lsst_hardware_z 124.15316977816572 107.62999725341797 31.0 AB 4.100196770763276 1.0265034058491052
60214.1819 lsst_hardware_i 10.657524279313968 87.51000213623047 31.34000015258789 AB 4.086955495416765 1.024813313795578
60216.2478 lsst_hardware_z 119.22972200372574 151.50999450683594 31.75 AB 5.076786584802082 1.0972288784400155
60217.0701 lsst_hardware_y 123.13764373366195 114.18000030517578 30.030000686645508 AB 4.387528169860837 1.1796544640242108
60222.2436 lsst_hardware_z -75.73650439006737 106.86000061035156 30.989999771118164 AB 7.640793457529881 1.1256463260739253
60222.2556 lsst_hardware_u -19.73636695982635 27.959999084472656 29.3799991607666 AB 7.705813879837156 1.1593210621354624
60225.2395 lsst_hardware_i 69.26448430950532 86.63999938964844 31.31999969482422 AB 3.7919955067217344 1.1364621898270462
60225.2507 lsst_hardware_z -142.061650148137 106.5999984741211 30.979999542236328 AB 4.382217425234153 1.1696309853826516
60228.1858 lsst_hardware_i 30.0187647022591 87.2300033569336 31.329999923706055 AB 4.084616425657064 1.0496251896844568
60228.1975 lsst_hardware_z -15.488450182080367 107.27999877929688 31.0 AB 4.1537398247769035 1.065425741649399
60237.0946 lsst_hardware_r 175.0442487034016 81.25 31.65999984741211 AB 3.3420861572608107 1.0322248960732394
60237.1067 lsst_hardware_i -2.65910337175103 87.56999969482422 31.34000015258789 AB 3.3635549223916157 1.026569486461656
60239.2195 lsst_hardware_g 84.81148804755804 87.12000274658203 31.670000076293945 AB 2.997200289244811 1.1933113294936208
60239.2305 lsst_hardware_r -85.35159124780287 79.33000183105469 31.600000381469727 AB 3.0085046220424547 1.2353141305221371
60241.1632 lsst_hardware_z -38.35132111077381 107.4800033569336 31.0 AB 3.052421687108346 1.0672803101776276
60241.1744 lsst_hardware_r -141.73312998680254 80.83999633789062 31.649999618530273 AB 2.6511881042153314 1.086849455130636
60243.164 lsst_hardware_i 65.05213868591964 87.29000091552734 31.329999923706055 AB 2.6562077588384785 1.0777148061290387
60243.1755 lsst_hardware_z -151.35768122258088 107.33000183105469 31.0 AB 1.4006452872724902 1.1002712390203815
60247.1578 lsst_hardware_g -121.27715732591665 88.69000244140625 31.709999084472656 AB 5.999553267920501 1.0864327525773916
60247.1694 lsst_hardware_r -134.48879419690658 80.45999908447266 31.6299991607666 AB 5.693338587610956 1.111112136536096
60249.1598 lsst_hardware_i -32.833088170027516 86.9000015258789 31.329999923706055 AB 5.090303027595205 1.101757446180582
60249.171 lsst_hardware_z 25.213453350652102 106.91999816894531 30.989999771118164 AB 4.991594412982297 1.1285540160483978
60251.1503 lsst_hardware_z -31.59372144354084 107.20999908447266 31.0 AB 4.292261487454136 1.0932216459609387
60251.1619 lsst_hardware_r 102.21509486990722 80.41000366210938 31.6299991607666 AB 4.370601447602319 1.1193276714023652
60261.0647 lsst_hardware_r 10.98608193973984 81.3499984741211 31.65999984741211 AB 4.509842983177116 1.0267143957147673
60261.0757 lsst_hardware_u -41.62225922419594 29.899999618530273 29.530000686645508 AB 4.4987566212616645 1.0318249131334092
60265.0545 lsst_hardware_r -78.35977285965312 81.30999755859375 31.65999984741211 AB 3.7925308732045795 1.0269512248049226
60265.0668 lsst_hardware_z -156.66316175112988 107.6500015258789 31.010000228881836 AB 3.8920249111792624 1.0331209532627945
60268.0505 lsst_hardware_r -28.828931500722643 81.26000213623047 31.65999984741211 AB 6.842998691426121 1.0285969999514286
60268.0636 lsst_hardware_y -158.45787694688076 116.69000244140625 30.079999923706055 AB 6.931432866059723 1.0367989329101486
60270.047 lsst_hardware_z 92.37984439004948 107.55000305175781 31.0 AB 4.488745798409147 1.0295288528461344
60270.0601 lsst_hardware_r 8.022715311105024 81.02999877929688 31.649999618530273 AB 4.556643994916659 1.0384329979301057
