data/validation/pwv_sim_epoch_fit_4/42084265.ecsv
# %ECSV 0.9
# ---
# datatype:
# - {name: time, datatype: float64}
# - {name: band, datatype: string}
# - {name: flux, datatype: float64}
# - {name: fluxerr, datatype: float64}
# - {name: zp, datatype: float64}
# - {name: zpsys, datatype: string}
# - {name: pwv, datatype: float64}
# - {name: airmass, datatype: float64}
# meta: {SNID: '42084265', alt: 1024.0, c: -0.01584283635020256, dec: -43.605747, lat: -30.244573, lon: -70.7499537, ra: 177.995956, t0: 60761.5,
#   x0: 3.0213047625269005e-06, x1: 0.1743917018175125, z: 0.7536462545394897}
# schema: astropy-2.0
time band flux fluxerr zp zpsys pwv airmass
[from data line 132]
61100.2633 lsst_hardware_i 36.58934956290421 54.2599983215332 31.31999969482422 AB 4.016228925859628 1.0307493447037992
61102.268 lsst_hardware_z -72.81363134073855 67.1500015258789 30.989999771118164 AB 6.043510701293703 1.0356605271763575
61102.2801 lsst_hardware_r -74.8241862644682 99.5199966430664 31.65999984741211 AB 6.157723471641521 1.0451581564313757
61106.2642 lsst_hardware_z 21.16939688984624 83.86000061035156 31.729999542236328 AB 10.069206832575155 1.0407628209865964
61108.2537 lsst_hardware_z 59.186440466632725 48.599998474121094 30.959999084472656 AB 8.011166131874203 1.0370105992523482
61108.2655 lsst_hardware_r -19.15134310441289 50.810001373291016 31.6299991607666 AB 8.213206911028022 1.0469018719643124
61110.2606 lsst_hardware_i -44.95395543918125 35.34000015258789 31.270000457763672 AB 9.198089116211806 1.0474692231984974
61110.2723 lsst_hardware_z 23.285348420771303 43.540000915527344 30.950000762939453 AB 9.339141433780298 1.0613665802193883
61112.2501 lsst_hardware_i 0.22726859984536393 30.8700008392334 31.25 AB 15.803072115678692 1.0426941221746442
61112.262 lsst_hardware_z 43.57032080241866 41.54999923706055 30.950000762939453 AB 15.952221959170513 1.0551341802079446
61115.2517 lsst_hardware_g 2.180814534733544 13.40999984741211 31.389999389648438 AB 7.921250367906293 1.0526345420353427
61115.2634 lsst_hardware_r -0.7027541781539598 22.25 31.479999542236328 AB 8.034352841278034 1.0681730807491412
61117.2272 lsst_hardware_i 4.767219905037058 30.030000686645508 31.25 AB 6.110994515338472 1.0357617822607579
61117.2392 lsst_hardware_r -15.184139793415477 22.229999542236328 31.489999771118164 AB 6.166769655777944 1.0452151958945668
61119.2047 lsst_hardware_z -120.43595433295333 40.54999923706055 30.940000534057617 AB 5.435756324197154 1.0290120821953912
61119.2172 lsst_hardware_u 0.39401970697170624 2.569999933242798 28.360000610351562 AB 5.0735722101767715 1.0332088810053663
61121.2052 lsst_hardware_g 14.55428491433353 13.59000015258789 31.420000076293945 AB 4.887568578407892 1.0304985142913943
61121.2176 lsst_hardware_r 10.021269002713659 22.239999771118164 31.489999771118164 AB 6.003703252580697 1.036610633539113
61125.1539 lsst_hardware_z 32.88709088162067 41.790000915527344 30.950000762939453 AB 8.062286426008038 1.0387313411219115
61125.1654 lsst_hardware_i -13.348908422325195 32.09000015258789 31.260000228881836 AB 8.071028191044372 1.0319908182475488
61127.1905 lsst_hardware_z -41.40862558974271 46.130001068115234 30.959999084472656 AB 7.345826955449922 1.0310897331375926
61127.2022 lsst_hardware_r 51.87432985120337 43.58000183105469 31.6200008392334 AB 7.375015921829872 1.037273688021079
61129.1943 lsst_hardware_i -19.016645642422468 56.43000030517578 31.31999969482422 AB 7.026322402827398 1.03568152748313
61129.2053 lsst_hardware_r -109.66210426245895 68.30000305175781 31.649999618530273 AB 7.072488767350621 1.0441538023425865
61132.1485 lsst_hardware_z -212.53607857052066 110.98999786376953 31.75 AB 8.687036145975444 1.0311022131721785
61134.1868 lsst_hardware_r -22.19083979079838 98.29000091552734 31.65999984741211 AB 4.780411515895194 1.0400112076351995
61134.1986 lsst_hardware_i 168.29022428018078 78.25 31.329999923706055 AB 4.747968243987154 1.0512494728190311
61136.1459 lsst_hardware_i -37.6647406015114 54.900001525878906 31.31999969482422 AB 11.963676743643687 1.028912211880773
61136.1568 lsst_hardware_z -6.117283881727708 53.779998779296875 30.979999542236328 AB 11.928340278300967 1.0287929861831875
61138.1878 lsst_hardware_z -14.566644226584984 64.94999694824219 31.719999313354492 AB 9.002502040869315 1.0513870996635697
61147.1212 lsst_hardware_r -14.036318966086574 22.3799991607666 31.5 AB 14.644868228946201 1.0284678695843394
61147.134 lsst_hardware_i -10.752217480767753 30.209999084472656 31.260000228881836 AB 15.072223148603062 1.0304384459289713
61149.1326 lsst_hardware_u -0.5690100535970054 2.630000114440918 28.40999984741211 AB 9.820190015698797 1.031966163902774
61149.1451 lsst_hardware_g -6.7138351789960256 13.65999984741211 31.40999984741211 AB 9.891287501619335 1.0394375264417124
61153.1148 lsst_hardware_i -65.00955398574236 30.940000534057617 31.25 AB 4.823334020837937 1.0296368920563426
61153.1265 lsst_hardware_z -17.115680019455844 40.849998474121094 30.950000762939453 AB 5.53144954137115 1.034350809475228
61155.1077 lsst_hardware_i -1.2250141403608819 37.560001373291016 31.290000915527344 AB 13.770724973672287 1.029266270221535
61155.1201 lsst_hardware_z -52.03456299466843 44.20000076293945 30.959999084472656 AB 13.949927132828897 1.033838473282774
61157.1064 lsst_hardware_z -83.86170359982935 51.849998474121094 30.969999313354492 AB 4.61698567446787 1.0303471712715977
61157.1183 lsst_hardware_r -101.11486418588187 60.59000015258789 31.649999618530273 AB 4.570452664852195 1.0359727239422438
61159.108 lsst_hardware_i -87.67320451153458 73.47000122070312 31.329999923706055 AB 9.099047170651055 1.0332292367100944
61159.119 lsst_hardware_r 101.96759930890717 91.44000244140625 31.65999984741211 AB 9.173331615225083 1.0403846568062696
61161.1086 lsst_hardware_z -230.27756905353075 109.12999725341797 31.75 AB 10.06388985653129 1.0367662363790568
61163.0509 lsst_hardware_r -170.10821991536454 94.0199966430664 31.65999984741211 AB 13.488208090667358 1.0381866975915353
61163.0628 lsst_hardware_z -51.927483818233874 65.94000244140625 30.989999771118164 AB 13.377504800342845 1.0315184424360748
61166.0474 lsst_hardware_r 10.97978111140222 36.56999969482422 31.610000610351562 AB 3.737154430691276 1.0351033622226269
61166.0583 lsst_hardware_i 22.448638764741442 40.29999923706055 31.299999237060547 AB 3.7138530239624523 1.0302188281640683
61168.0943 lsst_hardware_i 29.878580198654625 30.020000457763672 31.25 AB 10.753441934972805 1.040286537193848
61168.1052 lsst_hardware_u -1.4113770086681112 2.609999895095825 28.399999618530273 AB 10.890499375103552 1.0506318334665934
61172.0863 lsst_hardware_i 21.109195773909757 30.079999923706055 31.25 AB 12.656012670431943 1.0427342088128964
61174.9947 lsst_hardware_z -61.02537352418676 57.939998626708984 31.690000534057617 AB 7.002464521124863 1.062804490710037
61175.0022 lsst_hardware_u -0.03384895925094036 2.569999933242798 28.3700008392334 AB 6.211301237133287 1.0532091966313237
61178.0791 lsst_hardware_z 24.032753708067787 40.93000030517578 30.940000534057617 AB 8.765838570450844 1.0519847872370802
61178.0904 lsst_hardware_r -23.552902362366194 22.030000686645508 31.469999313354492 AB 9.095634933027586 1.0667281000423283
61182.0234 lsst_hardware_z -17.472729427677663 41.150001525878906 30.950000762939453 AB 4.742998058642285 1.028571007566716
61182.0355 lsst_hardware_i 16.46503332516272 31.15999984741211 31.25 AB 4.6628647893250434 1.0296140854154112
61185.0241 lsst_hardware_z 100.44231056578715 68.63999938964844 31.719999313354492 AB 4.852249151064041 1.02896355787037
61189.023 lsst_hardware_z 86.88399085504575 93.77999877929688 31.739999771118164 AB 9.71090543822963 1.0318127225447198
61195.9972 lsst_hardware_r 17.457675612584058 21.809999465942383 31.479999542236328 AB 12.208798270993146 1.0295977290111864
61196.0091 lsst_hardware_i 20.222037502518287 29.81999969482422 31.239999771118164 AB 10.52225647093889 1.0343656010491078
61198.0013 lsst_hardware_z -23.903390393084635 40.5099983215332 30.940000534057617 AB 4.841596928316926 1.0331311462373411
61198.0137 lsst_hardware_i -29.55542426348868 29.81999969482422 31.229999542236328 AB 4.768495227418349 1.0413645876907711
