data/validation/pwv_sim_epoch_fit_4/42243786.ecsv
# %ECSV 0.9
# ---
# datatype:
# - {name: time, datatype: float64}
# - {name: band, datatype: string}
# - {name: flux, datatype: float64}
# - {name: fluxerr, datatype: float64}
# - {name: zp, datatype: float64}
# - {name: zpsys, datatype: string}
# - {name: pwv, datatype: float64}
# - {name: airmass, datatype: float64}
# meta: {SNID: '42243786', alt: 1024.0, c: -0.04833422973752022, dec: -37.92165, lat: -30.244573, lon: -70.7499537, ra: 191.777344, t0: 61175.48828125,
#   x0: 6.9898911067145895e-06, x1: 0.7223193049430847, z: 0.5339835286140442}
# schema: astropy-2.0
time band flux fluxerr zp zpsys pwv airmass
[from data line 133]
61453.3588 lsst_hardware_i 21.1108696265281 30.1200008392334 31.25 AB 4.227238621293883 1.0285252119936745
61455.2248 lsst_hardware_z -56.46020697377077 55.06999969482422 30.959999084472656 AB 2.9760994305771367 1.135410223403244
61455.2921 lsst_hardware_r -193.71316638357467 84.23999786376953 32.38999938964844 AB 2.6111952754639853 1.0175139894648288
61455.3511 lsst_hardware_z 39.53822414176704 48.63999938964844 30.969999313354492 AB 3.2733212547305945 1.0262535612479982
61461.2933 lsst_hardware_r -68.77163493180815 73.83999633789062 31.65999984741211 AB 9.090068229321083 1.010007581035676
61461.3043 lsst_hardware_i -49.34830529155727 62.720001220703125 31.34000015258789 AB 9.086980320275828 1.0096644800306476
61467.2731 lsst_hardware_g 6.045769580703206 14.15999984741211 31.450000762939453 AB 5.983309296156276 1.010907589635696
61467.2851 lsst_hardware_r 8.442076697775784 22.700000762939453 31.5 AB 5.948944504963967 1.0094362847789535
61469.2844 lsst_hardware_i 4.060316864473456 29.809999465942383 31.239999771118164 AB 10.48194694709161 1.0099512089309746
61469.2969 lsst_hardware_r 0.30471782970657973 22.170000076293945 31.489999771118164 AB 9.84939872607455 1.014286563854993
61473.273 lsst_hardware_r 9.673999467962854 22.209999084472656 31.5 AB 7.925726587758546 1.0098718297401728
61473.2844 lsst_hardware_i -7.870464117937082 30.0 31.25 AB 7.9579963575625134 1.013499281401267
61478.1189 lsst_hardware_i 4.375266377972547 32.58000183105469 31.209999084472656 AB 16.908573639783505 1.3151258956042
61478.1408 lsst_hardware_z -75.35841236904108 43.36000061035156 30.93000030517578 AB 13.456070155854015 1.2102596452574441
61478.2737 lsst_hardware_u 0.2912639782564289 2.690000057220459 28.459999084472656 AB 11.044450024516667 1.0150293732467393
61478.286 lsst_hardware_g -5.695935017670612 13.779999732971191 31.420000076293945 AB 11.14959746339706 1.0240732457769999
61482.1755 lsst_hardware_y -109.98563592520495 48.869998931884766 30.049999237060547 AB 7.39839448557894 1.0743330408159355
61482.1961 lsst_hardware_r 23.35077918340735 44.459999084472656 31.6299991607666 AB 7.1711175095317925 1.0398198375308914
61486.232 lsst_hardware_z -184.64728717722915 109.08999633789062 31.760000228881836 AB 5.866343579972331 1.009408129619603
61488.2269 lsst_hardware_r 7.875144768841003 115.8499984741211 31.670000076293945 AB 5.966978977808529 1.0094133829607301
61488.2407 lsst_hardware_i 39.044022539047056 93.1500015258789 31.350000381469727 AB 6.001575859298538 1.0122977385525478
61491.2277 lsst_hardware_r -116.86279493639611 60.11000061035156 31.65999984741211 AB 6.36738192411376 1.0106955435101206
61491.2401 lsst_hardware_z -45.32596021083264 52.099998474121094 30.979999542236328 AB 6.4016945190072745 1.0161419871440118
61495.2192 lsst_hardware_r -34.09478483872815 24.389999389648438 31.530000686645508 AB 3.922803627802449 1.0114228768345062
61495.2305 lsst_hardware_z -15.20853751187636 41.369998931884766 30.959999084472656 AB 3.813242714111355 1.0169777212876154
61498.0804 lsst_hardware_r 7.908693263668931 23.850000381469727 31.459999084472656 AB 7.596864932327353 1.234961380529475
61498.0982 lsst_hardware_u -5.674864542582198 2.6700000762939453 28.360000610351562 AB 8.190612822002205 1.16509428477983
61498.2029 lsst_hardware_r 10.044849924098948 22.690000534057617 31.5 AB 6.387574381535409 1.00962714144392
61498.2141 lsst_hardware_u 0.15092710038740403 2.680000066757202 28.440000534057617 AB 7.268859631020155 1.0125875365355095
61500.2014 lsst_hardware_g 7.107447765701206 13.920000076293945 31.420000076293945 AB 7.449115267231058 1.0102778391362193
61500.2124 lsst_hardware_r -13.023332580157687 22.56999969482422 31.489999771118164 AB 7.146869558838912 1.0143638490096536
61504.1887 lsst_hardware_z 39.26608789332934 40.65999984741211 30.950000762939453 AB 8.018613509377913 1.0099327446554252
61504.2006 lsst_hardware_r 10.576626041475782 22.770000457763672 31.510000228881836 AB 8.036027956208509 1.0139138827503402
61510.085 lsst_hardware_r -5.837682462111852 38.209999084472656 31.59000015258789 AB 11.507371101679745 1.1065489231694094
61510.1459 lsst_hardware_z 78.47547665313317 62.29999923706055 31.709999084472656 AB 10.716645339275818 1.0150741500616451
61510.2005 lsst_hardware_r -18.039202356217192 31.059999465942383 31.579999923706055 AB 10.155785228047547 1.0258368917219745
61512.0794 lsst_hardware_y -58.66149731791037 51.2599983215332 30.030000686645508 AB 16.166372318231964 1.106906697585208
61512.098 lsst_hardware_r 16.03155166252253 62.33000183105469 31.639999389648438 AB 15.145714845661988 1.065736540524371
61512.1916 lsst_hardware_y 82.80437189688814 70.94000244140625 30.809999465942383 AB 13.994031813944567 1.0226814314348909
61514.1423 lsst_hardware_z 131.31357647165953 104.62000274658203 31.75 AB 9.64062006967907 1.0117137233370836
61519.1371 lsst_hardware_z -17.580506644207038 56.61000061035156 30.989999771118164 AB 9.751474932286081 1.0096872098661114
61521.125 lsst_hardware_z 14.305208857947537 46.08000183105469 30.969999313354492 AB 9.100020013103226 1.0111133347892474
61521.1356 lsst_hardware_g -56.979320359091254 43.77000045776367 31.719999313354492 AB 8.701161316921533 1.009415466000178
61523.1224 lsst_hardware_r 30.317723188369605 22.799999237060547 31.5 AB 2.34485382429174 1.0103499422442417
61523.1341 lsst_hardware_z 0.16245521177187533 40.61000061035156 30.950000762939453 AB 2.113209371820477 1.0095753030434638
61525.1255 lsst_hardware_r -13.119768022160152 22.649999618530273 31.5 AB 10.51834208842769 1.009413602209898
61525.1371 lsst_hardware_u -3.105135805412555 2.6600000858306885 28.43000030517578 AB 10.557381989278257 1.0113645780652143
61527.1313 lsst_hardware_g -15.520035484299392 14.069999694824219 31.440000534057617 AB 7.519692226418895 1.011255006242455
61527.1438 lsst_hardware_r -36.33213712637998 22.75 31.510000228881836 AB 7.565579709390916 1.0174259964215864
61529.1268 lsst_hardware_i -7.995852950900667 30.239999771118164 31.260000228881836 AB 10.201307679442738 1.011574533349691
61529.1388 lsst_hardware_z 54.37655789599413 40.77000045776367 30.950000762939453 AB 10.268636914447876 1.017737974275451
61540.0995 lsst_hardware_r 53.168234610376444 53.060001373291016 31.639999389648438 AB 6.742734674343364 1.0126253515733374
61540.1128 lsst_hardware_y 35.08247942501328 49.52000045776367 30.059999465942383 AB 6.822297641958847 1.0207290281591692
61542.0993 lsst_hardware_z -58.28607551021137 65.41000366210938 31.0 AB 8.678459673496684 1.0152323193047146
61542.1124 lsst_hardware_r 146.21341168173896 90.27999877929688 31.65999984741211 AB 8.74884937309534 1.0251456628403597
61546.0391 lsst_hardware_i -200.67771170619932 80.37999725341797 31.34000015258789 AB 6.774404240098421 1.0208822162649887
61546.0492 lsst_hardware_z -170.868011611652 70.30999755859375 31.0 AB 7.204319775738687 1.0142167680533407
61552.0766 lsst_hardware_g 3.9500458463548327 13.529999732971191 31.40999984741211 AB 5.898009243580172 1.0181562120286858
61552.0885 lsst_hardware_r -1.8067123564560714 22.299999237060547 31.489999771118164 AB 6.328277594742144 1.0285422464094935
61554.077 lsst_hardware_i -9.433710485864326 30.200000762939453 31.260000228881836 AB 9.891064390795432 1.022755081252759
61557.9897 lsst_hardware_z -55.238748634817576 57.880001068115234 31.700000762939453 AB 9.872197532367798 1.0383589305672152
61558.0047 lsst_hardware_r 15.942831617770883 22.280000686645508 31.510000228881836 AB 10.860741150492201 1.0222355075996585
61560.96 lsst_hardware_y 106.30763361041829 49.63999938964844 30.040000915527344 AB 12.771852387296953 1.0739267100703755
61560.9814 lsst_hardware_u 0.2977197569269858 2.619999885559082 28.389999389648438 AB 12.04972056084844 1.038500436167287
61561.0289 lsst_hardware_g 3.0005896446821665 13.510000228881836 31.420000076293945 AB 10.184882146520811 1.009470280149413
61561.0419 lsst_hardware_r -20.89050726554006 22.1299991607666 31.489999771118164 AB 9.62398784106124 1.0125184472447442
61576.0016 lsst_hardware_i 0.8735343981465499 61.2599983215332 31.34000015258789 AB 3.5738272279406336 1.0127981942019555
61576.0142 lsst_hardware_z -130.1193953330048 57.06999969482422 30.989999771118164 AB 3.674453913815798 1.0204926626039061
61580.0011 lsst_hardware_g -20.156878961519677 13.59000015258789 31.40999984741211 AB 4.08172812391906 1.01884009333397
61580.0134 lsst_hardware_r -10.829087590371232 22.3799991607666 31.5 AB 4.186661306484034 1.0299923258463308
61581.9904 lsst_hardware_i 79.19359964951293 42.599998474121094 32.0099983215332 AB 6.32690948915582 1.0154194713102829
61582.0036 lsst_hardware_r -7.581958708243871 31.809999465942383 32.2599983215332 AB 4.2018518470170765 1.0255506277550528
61584.991 lsst_hardware_u 1.432245559266411 2.700000047683716 28.469999313354492 AB 3.996187054640536 1.021607257257913
61585.004 lsst_hardware_g 23.280273717673147 13.779999732971191 31.43000030517578 AB 4.622968296982721 1.0348963634696886
