data/validation/pwv_sim_epoch_fit_4/4225522.ecsv
# %ECSV 0.9
# ---
# datatype:
# - {name: time, datatype: float64}
# - {name: band, datatype: string}
# - {name: flux, datatype: float64}
# - {name: fluxerr, datatype: float64}
# - {name: zp, datatype: float64}
# - {name: zpsys, datatype: string}
# - {name: pwv, datatype: float64}
# - {name: airmass, datatype: float64}
# meta: {SNID: '4225522', alt: 1024.0, c: 0.14046162366867065, dec: 3.732834, lat: -30.244573, lon: -70.7499537, ra: 187.382812, t0: 60022.67578125,
#   x0: 1.7725587732700175e-05, x1: 0.5526184439659119, z: 0.36137762665748596}
# schema: astropy-2.0
time band flux fluxerr zp zpsys pwv airmass
59967.3083 lsst_hardware_z -38.78369400315056 100.94999694824219 30.959999084472656 AB 12.017327071709897 1.3345295149919818
59967.3218 lsst_hardware_y 244.20225370884214 102.83000183105469 29.989999771118164 AB 11.594494682563264 1.2861217421798565
59972.3639 lsst_hardware_r -195.67976973294736 88.23999786376953 31.610000610351562 AB 14.240287228498612 1.204082911090638
59974.3595 lsst_hardware_z -82.06954704073466 98.6500015258789 30.979999542236328 AB 13.746810594454452 1.2041001980544044
59974.3782 lsst_hardware_y 127.5957560822432 100.66000366210938 30.020000457763672 AB 12.967932332198234 1.2136576820026423
59978.3635 lsst_hardware_r -40.93154467517587 88.5199966430664 31.6200008392334 AB 12.886470089688997 1.210300240093513
59978.3826 lsst_hardware_y -64.88961192509666 103.93000030517578 30.010000228881836 AB 12.481231209153108 1.2349503175283418
59980.3259 lsst_hardware_i -79.69802860759727 89.02999877929688 31.299999237060547 AB 7.974264303873659 1.2107289291776395
59980.3443 lsst_hardware_z 143.0776370219322 102.91999816894531 30.979999542236328 AB 8.33444645389821 1.2041822581034187
59982.3313 lsst_hardware_r -45.33090086955914 88.38999938964844 31.610000610351562 AB 4.43494305472413 1.2048201724325265
59982.3497 lsst_hardware_z 44.53479169245349 101.8499984741211 30.979999542236328 AB 5.788030139668006 1.2082309027592222
59984.2848 lsst_hardware_r -91.8644796161734 87.68000030517578 31.600000381469727 AB 6.651752456282553 1.2598413692886525
59984.3036 lsst_hardware_i -10.532455780668988 88.97000122070312 31.299999237060547 AB 6.6115040947281845 1.2233897570852998
59986.3354 lsst_hardware_i -65.80699553837182 89.06999969482422 31.309999465942383 AB 5.366391752965912 1.2063373615748931
59986.3521 lsst_hardware_z 11.16405917351138 102.77999877929688 30.979999542236328 AB 5.451265208454647 1.2213667637830383
59988.3028 lsst_hardware_z -70.92215638563556 101.87000274658203 30.979999542236328 AB 6.907236706540478 1.211795913428154
59988.3196 lsst_hardware_g -181.2890715501727 91.13999938964844 31.65999984741211 AB 6.863307493343251 1.2040890339198687
59990.3045 lsst_hardware_r 26.166567361498352 86.56999969482422 31.6200008392334 AB 4.845217759949289 1.206779018667339
59990.3218 lsst_hardware_i -55.63222385767549 86.7699966430664 31.309999465942383 AB 4.791339590064742 1.2052421146793384
59992.3049 lsst_hardware_z -170.49611925663217 98.5999984741211 30.979999542236328 AB 5.926785203950046 1.2045903331086376
59992.3228 lsst_hardware_u 18.00116135929304 25.709999084472656 29.34000015258789 AB 5.986653635536231 1.2084891098885504
59996.3037 lsst_hardware_i 53.261363083727375 86.5346458780488 31.309999465942383 AB 7.807327048180974 1.204725970889602
59996.3221 lsst_hardware_z 76.56209788619556 98.69874064989 30.979999542236328 AB 7.900167203166639 1.2179555537597757
60000.3037 lsst_hardware_g -155.10707829912943 91.07514284621335 31.65999984741211 AB 10.89450331067101 1.2105003678523343
60000.3218 lsst_hardware_r 128.76056896038114 89.15000988193297 31.600000381469727 AB 11.102618466829714 1.2336242740921906
60002.2708 lsst_hardware_r 554.5788788601959 91.63519093535183 31.610000610351562 AB 7.146716472040554 1.2072835979571857
60002.2889 lsst_hardware_i 616.888158570143 91.51018174568415 31.309999465942383 AB 7.239178851245674 1.2051907077545516
60004.2713 lsst_hardware_z 784.5599796451199 102.99814162367701 30.979999542236328 AB 4.686647632287713 1.20479373580661
60004.2892 lsst_hardware_u 15.121942635983562 26.091331905025783 29.350000381469727 AB 4.680586440205295 1.207945229525217
60009.2697 lsst_hardware_i 2265.2437487071074 101.33760145720487 31.299999237060547 AB 9.396824737776756 1.2051588916200404
60009.2891 lsst_hardware_z 1748.4642610247736 109.88215191004072 30.979999542236328 AB 9.515705722147802 1.22108420841557
60011.2734 lsst_hardware_i 3313.434893459925 102.51730709771137 31.299999237060547 AB 11.981808200285949 1.2102836565945403
60011.2924 lsst_hardware_z 2251.759400542742 108.61023323001119 30.969999313354492 AB 11.976034321702457 1.234748791652457
60013.2669 lsst_hardware_z 2837.427543664178 111.67371621762773 30.979999542236328 AB 11.47200470881354 1.2094891627636837
60013.2859 lsst_hardware_r 5168.137966450458 111.17707139739771 31.610000610351562 AB 11.630316778696685 1.2329066629949048
60015.2707 lsst_hardware_i 4412.261059778625 110.60533174465142 31.299999237060547 AB 9.730303066340419 1.2185218399992175
60015.2899 lsst_hardware_r 5713.17144772616 115.14280392010915 31.600000381469727 AB 10.00215163843449 1.2519512643157356
60019.2327 lsst_hardware_g 3525.975848998095 106.89663301098707 31.670000076293945 AB 10.077946913793948 1.2042955881848822
60019.2509 lsst_hardware_r 6478.3354994404335 118.24483917729918 31.6200008392334 AB 9.099409603327548 1.2097731554740352
60022.2329 lsst_hardware_i 5562.347909284722 114.90262653211529 31.299999237060547 AB 8.133991989621181 1.2047681240644432
60022.2521 lsst_hardware_u 27.29797509039985 26.58774026979913 29.31999969482422 AB 6.889412497744767 1.2191492652176195
60025.228 lsst_hardware_g 2954.7315556260974 106.18936785481705 31.670000076293945 AB 6.910363959231112 1.2059095108088902
60025.2481 lsst_hardware_r 6530.159531261878 119.05475834616753 31.610000610351562 AB 7.126952560199559 1.2248253594328193
60027.2318 lsst_hardware_i 5427.212698270587 115.41155345114524 31.309999465942383 AB 7.189220601082333 1.2120409004606478
60027.2521 lsst_hardware_r 6216.822119879775 117.71685116001882 31.610000610351562 AB 7.586326028184169 1.241167496124041
60029.1649 lsst_hardware_u 50.944358844469576 25.597402782774633 29.309999465942383 AB 9.829181867190684 1.2527235134224226
60029.1827 lsst_hardware_g 2214.6706172191316 101.64526868060763 31.65999984741211 AB 9.013935629815599 1.2207112917028233
60031.2116 lsst_hardware_r 5283.5847046127155 114.94781853176782 31.6200008392334 AB 9.247657951067684 1.2059016714423652
60031.2301 lsst_hardware_i 5185.8344338963325 113.74507434514025 31.309999465942383 AB 9.32377232375357 1.2225225948977583
60036.2113 lsst_hardware_z 2490.705774780213 110.97202797302931 30.979999542236328 AB 10.359740293612598 1.2161222758192907
60036.2299 lsst_hardware_r 4253.8833940596805 107.94456203985207 31.610000610351562 AB 10.616649433717718 1.2460612390662682
60038.2192 lsst_hardware_z 4651.553181870074 158.37195022910936 31.719999313354492 AB 6.796281723312676 1.2356875860568501
60040.1736 lsst_hardware_z 2265.732826286513 108.57628085333846 30.979999542236328 AB 16.422860402477617 1.2046402407744163
60040.1922 lsst_hardware_r 3201.9446754951496 104.18697306944419 31.610000610351562 AB 16.490282913069322 1.2087877813421288
60042.1746 lsst_hardware_i 3351.152806377353 105.89629011986477 31.309999465942383 AB 10.149813093697858 1.2041300753769084
60042.1928 lsst_hardware_r 3004.1399589708653 103.51939261345422 31.610000610351562 AB 10.39801373683146 1.2138940056617373
60044.1909 lsst_hardware_z 2200.3140809114 110.94857238384904 30.979999542236328 AB 6.022107863086951 1.217776521806535
60044.2083 lsst_hardware_r 2741.3210748100296 101.32074019021633 31.600000381469727 AB 6.120511377984121 1.2465823099190307
60046.1568 lsst_hardware_r 2252.1306653510287 99.25393762298573 31.6200008392334 AB 7.589893223622152 1.2047449561305004
60046.1732 lsst_hardware_i 2810.4922397702153 101.43777279427057 31.309999465942383 AB 7.846538864702636 1.2071598253388671
60053.1536 lsst_hardware_u 20.069999751254716 26.86142235855345 29.360000610351562 AB 11.35507883615156 1.206895768310736
60053.1707 lsst_hardware_g 277.71254851894633 93.16766232686336 31.65999984741211 AB 11.025807121297959 1.2234584022745183
60060.1501 lsst_hardware_g 113.88211160233037 90.5085938723075 31.65999984741211 AB 10.640957920542862 1.2214139027253055
60060.1691 lsst_hardware_r 1023.7149115794195 91.91094947508634 31.600000381469727 AB 8.05302490962919 1.2568123151976887
60068.0713 lsst_hardware_r 632.8978811916082 91.83567010491231 31.600000381469727 AB 13.432023987702808 1.2277901268466915
60068.0896 lsst_hardware_z 1354.345871029883 107.40048716793643 30.979999542236328 AB 14.284921075574744 1.2078739335876838
60070.112 lsst_hardware_r 715.2256764297987 90.29312287815918 31.610000610351562 AB 4.372299064280853 1.2100458664983909
60070.1316 lsst_hardware_y 591.3910296514808 101.67449306340795 30.0 AB 4.382157511629989 1.235280482489074
60072.1129 lsst_hardware_g 171.1156132700708 90.01002464201878 31.65999984741211 AB 12.566276181114509 1.2160127908955398
60072.1321 lsst_hardware_r 674.4588914077117 89.64334023183962 31.600000381469727 AB 12.252437187639933 1.2471308654526878
60077.0734 lsst_hardware_i 1659.4593616114178 132.32789103062947 32.060001373291016 AB 8.779044152631569 1.204464984068814
60077.0948 lsst_hardware_z 785.3397886328406 103.72841816107642 30.979999542236328 AB 7.779628108206416 1.2116228072482413
60080.0342 lsst_hardware_z 980.4493464253584 105.480739486757 30.979999542236328 AB 6.454151844306762 1.235126178223437
60080.0526 lsst_hardware_r 531.2466247792192 91.17772779395015 31.610000610351562 AB 6.123736848753181 1.21094262383891
60085.0472 lsst_hardware_r 606.718275201798 90.93052259822369 31.6200008392334 AB 8.459116665096328 1.2058039530214641
60085.071 lsst_hardware_u 43.31014888891371 26.670372717559633 29.350000381469727 AB 8.525775390333616 1.2100163767149965
60094.9983 lsst_hardware_r -26.93560217976871 88.0999984741211 31.610000610351562 AB 11.157509518547032 1.2266728437508834
60095.019 lsst_hardware_i 19.379742766785622 88.62999725341797 31.299999237060547 AB 10.67274413048377 1.2061983025438878
60101.9962 lsst_hardware_u -7.8729925789793365 26.170000076293945 29.3700008392334 AB 5.360946314063831 1.2082367171656143
60102.0157 lsst_hardware_g -44.84516789719196 89.63999938964844 31.670000076293945 AB 5.594690259958083 1.205146175046618
60110.9591 lsst_hardware_y 41.760891034518586 104.0 30.010000228881836 AB 11.130099298455088 1.2203387202954978
60110.9795 lsst_hardware_r 93.91230990571553 88.33999633789062 31.610000610351562 AB 11.046013740367695 1.2047130265424264
60120.9611 lsst_hardware_y -159.74652154268315 100.5 30.010000228881836 AB 7.77260323632674 1.2044478729830395
60120.9842 lsst_hardware_i -19.553477749223447 86.12999725341797 31.299999237060547 AB 7.4290943169627335 1.2223261003585817
60122.9624 lsst_hardware_y -26.37422006523355 108.33000183105469 30.010000228881836 AB 7.699788428189563 1.2068791538326618
60122.9831 lsst_hardware_r -93.60673458029548 89.62999725341797 31.600000381469727 AB 7.951594454667624 1.228820407412802
60331.3523 lsst_hardware_i -11.029783215097423 33.220001220703125 31.229999542236328 AB 10.952332327808413 1.224956081848611
60331.3735 lsst_hardware_y -69.35026009607317 68.37999725341797 30.010000228881836 AB 10.758689514649594 1.205455407803878
60333.3596 lsst_hardware_r -9.310945897144258 48.59000015258789 31.579999923706055 AB 8.65403598496053 1.2104534381537697
60341.3587 lsst_hardware_i -71.26583732917163 60.90999984741211 31.299999237060547 AB 14.188705904193853 1.2045764414800793
60341.3763 lsst_hardware_z 82.1185041525572 65.95999908447266 30.969999313354492 AB 14.045658060607698 1.2166009580431094
60345.3316 lsst_hardware_z 73.4387746630021 44.529998779296875 30.93000030517578 AB 7.882917037120699 1.2071848448883153
60345.3504 lsst_hardware_r 21.735966058123722 26.389999389648438 31.489999771118164 AB 8.338185036884937 1.2053755022602117
60349.2841 lsst_hardware_u 0.21511905788377 2.700000047683716 28.31999969482422 AB 6.6867825156901946 1.2632858431985003
60349.3018 lsst_hardware_r 14.439810700660681 24.649999618530273 31.469999313354492 AB 6.68252027390077 1.2269947714300329
60351.3345 lsst_hardware_z -50.58048549949095 44.25 30.93000030517578 AB 5.340611426909675 1.2055556268419234
60351.3512 lsst_hardware_i -30.271210735731657 33.02000045776367 31.229999542236328 AB 5.413014442104879 1.2192160464226425
60353.3344 lsst_hardware_u -4.613601977346727 2.75 28.3799991607666 AB 6.7541104129860985 1.2083928458348276
60353.3518 lsst_hardware_g 14.462929591556625 15.170000076293945 31.399999618530273 AB 6.8376245741191415 1.2277644005600732
60355.3005 lsst_hardware_g -9.999518555134705 15.25 31.40999984741211 AB 4.758612545227505 1.209688603807437
60355.3172 lsst_hardware_r 11.153708263013916 24.729999542236328 31.479999542236328 AB 4.716853802818241 1.2040469183965077
60357.2597 lsst_hardware_i -60.91764748695658 33.11000061035156 31.229999542236328 AB 5.691033674621378 1.270083765956045
60357.276 lsst_hardware_z 52.7294434456781 44.150001525878906 30.93000030517578 AB 5.477978670052444 1.2335474580714831
60360.3042 lsst_hardware_r -2.284875164851537 24.739999771118164 31.489999771118164 AB 4.393780583394418 1.2041053941886593
60360.3232 lsst_hardware_g -14.33848590767039 15.1899995803833 31.399999618530273 AB 4.40888701608474 1.2152389790751936
60366.3155 lsst_hardware_z 104.94615063758648 151.7100067138672 31.729999542236328 AB 8.00212809345685 1.2265050978577914
60368.2686 lsst_hardware_y -29.57346601261848 62.689998626708984 30.010000228881836 AB 6.634269593273395 1.2072917885305379
60368.2876 lsst_hardware_r -29.05629489693673 109.95999908447266 31.6200008392334 AB 6.586102184213966 1.2053627716350597
60376.1196 lsst_hardware_z -49.925451707580926 72.0199966430664 31.610000610351562 AB 19.762945223349856 1.9163913235464674
60376.1447 lsst_hardware_i -51.17698910722166 35.2599983215332 31.170000076293945 AB 18.568490485675888 1.615447364122246
60380.2706 lsst_hardware_u -3.2713720621224 2.6700000762939453 28.290000915527344 AB 9.710122214304727 1.2174811306556126
60380.2912 lsst_hardware_g -12.62959288880628 15.359999656677246 31.3799991607666 AB 10.001666118858855 1.253250007061997
60383.1673 lsst_hardware_g -3.8366823528802834 15.399999618530273 31.350000381469727 AB 13.695908239914166 1.3447136219847338
60383.1845 lsst_hardware_r -43.074162824381354 25.31999969482422 31.469999313354492 AB 13.035700666008864 1.282200065509036
60391.246 lsst_hardware_z 59.65533235466738 67.33999633789062 30.959999084472656 AB 7.917901275470753 1.2246386629759112
60391.2659 lsst_hardware_i 105.60247644670044 73.94000244140625 31.290000915527344 AB 7.7732828383136825 1.2649425572911634
60395.1675 lsst_hardware_r 170.9204737321595 170.99000549316406 31.610000610351562 AB 8.447789901167523 1.242565684619659
60395.1856 lsst_hardware_i -176.9394082354945 136.8699951171875 31.309999465942383 AB 8.145318799133467 1.2148126471489138
60397.22 lsst_hardware_z 70.14746729286718 99.30999755859375 31.719999313354492 AB 8.017279977067366 1.213024002985816
60401.2076 lsst_hardware_i 28.611640847014566 39.060001373291016 31.25 AB 9.935659299450707 1.2116657682256962
60401.2257 lsst_hardware_z -58.79515746587867 47.369998931884766 30.93000030517578 AB 10.54089947633288 1.2362274600859515
60413.1677 lsst_hardware_z -49.99668979707406 44.290000915527344 30.940000534057617 AB 6.609275210194961 1.2066776594449697
60413.1864 lsst_hardware_u -2.675487271774473 2.799999952316284 28.389999389648438 AB 6.918214678461221 1.2253302654022709
60415.1576 lsst_hardware_g 5.459984730681721 15.390000343322754 31.40999984741211 AB 20.12028911794294 1.2048077316133496
60415.1759 lsst_hardware_r 2.9897873583434422 25.010000228881836 31.479999542236328 AB 20.819899722553338 1.2185118548481246
60417.1568 lsst_hardware_i 56.068328879575404 43.290000915527344 31.260000228881836 AB 14.194281708657893 1.2066889151286146
60417.1747 lsst_hardware_z -26.588319659272454 48.65999984741211 30.940000534057617 AB 15.792029469258908 1.224188330950303
60423.1528 lsst_hardware_z 145.4697892646604 101.55999755859375 30.979999542236328 AB 11.584336890826847 1.2170232150260645
60423.173 lsst_hardware_r 345.13723828711136 153.86000061035156 31.610000610351562 AB 9.893429761072547 1.2514220359956418
60426.1503 lsst_hardware_i -21.300491115942194 68.58000183105469 31.290000915527344 AB 5.471730561557009 1.2244432025861838
60426.169 lsst_hardware_r 21.110747393130215 86.0999984741211 31.59000015258789 AB 4.432609384258184 1.2615039158329944
60429.1287 lsst_hardware_z 81.98645998340142 68.66000366210938 31.700000762939453 AB 12.650993361843986 1.2096663745697402
60432.1144 lsst_hardware_g 5.7912000231448495 15.199999809265137 31.40999984741211 AB 15.998705639504612 1.2059931885650996
60432.1324 lsst_hardware_r 13.981064752898382 24.75 31.479999542236328 AB 13.852599275929263 1.2222971588846325
60436.1131 lsst_hardware_i 7.373750905049018 32.75 31.229999542236328 AB 8.03463259820485 1.212637452092948
60436.1299 lsst_hardware_z 59.54055607282752 44.279998779296875 30.93000030517578 AB 7.588219623954325 1.235799298184842
60445.0381 lsst_hardware_z 52.726570843881575 66.26000213623047 31.690000534057617 AB 6.425139666053624 1.2295153166633737
60445.0578 lsst_hardware_g -23.81715550173173 41.25 32.34000015258789 AB 6.132016056946932 1.2076246481113302
60447.0369 lsst_hardware_r 51.69969816804635 65.30999755859375 31.600000381469727 AB 8.834479467216443 1.2230474573904142
60447.0578 lsst_hardware_i -45.05983646712037 58.900001525878906 31.290000915527344 AB 10.127075401200527 1.2050781882354162
60458.0375 lsst_hardware_i -15.759081524330988 32.90999984741211 31.239999771118164 AB 11.319707877061065 1.2042242422405387
60458.0571 lsst_hardware_u -3.9169841174675546 2.759999990463257 28.3700008392334 AB 11.727970492856109 1.2168784719313428
60459.9976 lsst_hardware_u -5.761994151055907 3.8499999046325684 29.079999923706055 AB 11.158930643459941 1.2287766822192048
60460.0168 lsst_hardware_g -2.6781943262195114 21.979999542236328 32.15999984741211 AB 10.69468187529108 1.2076539960241741
60462.0003 lsst_hardware_r -5.905711423147416 25.06999969482422 31.479999542236328 AB 13.128605382004096 1.217443410873262
60462.0201 lsst_hardware_i -16.72302584365238 32.9900016784668 31.229999542236328 AB 12.92825577629152 1.2042714813660362
60463.9975 lsst_hardware_z -12.24616538863309 44.27000045776367 30.93000030517578 AB 13.116719293374988 1.2145110456828692
60464.018 lsst_hardware_u -0.8130872446400056 2.740000009536743 28.34000015258789 AB 13.527313293826905 1.2039885742698062
60465.9984 lsst_hardware_g 13.451485839818366 15.630000114440918 31.399999618530273 AB 5.198614119242876 1.2089800277309015
60466.0193 lsst_hardware_r 55.88798062728287 25.170000076293945 31.469999313354492 AB 5.321495222176949 1.2051169613716695
60467.9967 lsst_hardware_i 6.822479534135261 33.060001373291016 31.229999542236328 AB 2.985921659692546 1.2066767668993923
60468.0162 lsst_hardware_z -58.32684908051228 44.09000015258789 30.940000534057617 AB 2.87109560653402 1.2060470920435553
60484.9582 lsst_hardware_y 43.194207884200544 55.04999923706055 30.0 AB 5.51017110621107 1.2041457836999714
60484.9767 lsst_hardware_i 31.192633198331205 33.77000045776367 31.239999771118164 AB 6.112866024760523 1.2103886261158714
60486.9608 lsst_hardware_y 77.05641920204644 53.27000045776367 30.0 AB 9.176710186470663 1.2047669931036384
60486.9821 lsst_hardware_g -8.879177514761672 16.700000762939453 31.440000534057617 AB 9.349826193627358 1.2221462498750413
