data/validation/pwv_sim_epoch_fit_4/42426450.ecsv
# %ECSV 0.9
# ---
# datatype:
# - {name: time, datatype: float64}
# - {name: band, datatype: string}
# - {name: flux, datatype: float64}
# - {name: fluxerr, datatype: float64}
# - {name: zp, datatype: float64}
# - {name: zpsys, datatype: string}
# - {name: pwv, datatype: float64}
# - {name: airmass, datatype: float64}
# meta: {SNID: '42426450', alt: 1024.0, c: 0.019060073420405388, dec: 3.732834, lat: -30.244573, lon: -70.7499537, ra: 11.25, t0: 62072.1953125,
#   x0: 4.690605848193293e-06, x1: 0.4297696650028229, z: 0.6297845244407654}
# schema: astropy-2.0
time band flux fluxerr zp zpsys pwv airmass
61957.4352 lsst_hardware_z -2.7375107516183816 56.900001525878906 30.959999084472656 AB 6.373936780784938 1.2087302480984095
61961.4072 lsst_hardware_i 29.286039479525297 66.9800033569336 31.299999237060547 AB 11.518857991759663 1.220261095917193
61963.4111 lsst_hardware_z -81.11928324744851 64.12000274658203 30.969999313354492 AB 9.242005807859107 1.2121060766397727
61963.4315 lsst_hardware_y 116.31447595433997 57.13999938964844 30.0 AB 10.607647697436397 1.209675869248078
61966.4144 lsst_hardware_i -43.94983530560637 53.54999923706055 31.290000915527344 AB 5.778711949535471 1.2081772840341776
61966.4338 lsst_hardware_y 44.70588595669213 54.560001373291016 30.0 AB 5.584062300812375 1.2165713073665305
61967.4266 lsst_hardware_z -60.62502623038533 72.61000061035156 31.700000762939453 AB 3.5088616958361145 1.2129498286003737
61975.3772 lsst_hardware_g -9.043907793281495 15.9399995803833 31.399999618530273 AB 6.4372954780949385 1.2128677302110105
61975.3969 lsst_hardware_r 73.52259329774269 25.549999237060547 31.479999542236328 AB 6.42731151712028 1.2090503230098346
61977.3749 lsst_hardware_i -2.9346063074496116 32.9900016784668 31.219999313354492 AB 8.653001829446623 1.2109439515016034
61977.3939 lsst_hardware_z 80.56309460845277 43.86000061035156 30.920000076293945 AB 8.064248170329737 1.2099397104770797
61980.3746 lsst_hardware_i 84.04608040545929 33.040000915527344 31.219999313354492 AB 5.090618016030353 1.2083357965060675
61980.3938 lsst_hardware_u 0.3539077322418499 2.619999885559082 28.239999771118164 AB 5.7105846264789095 1.2150180056338105
61982.3664 lsst_hardware_g 42.70731665244615 15.609999656677246 31.40999984741211 AB 4.781561222278083 1.2088895724620132
61982.3856 lsst_hardware_r -18.970234185821155 25.040000915527344 31.479999542236328 AB 5.4354322473716365 1.2129276981582455
61984.37 lsst_hardware_i -5.454336308514928 33.029998779296875 31.229999542236328 AB 1.6951161134927677 1.2084953280604334
61984.3892 lsst_hardware_r -9.22154315079497 25.149999618530273 31.479999542236328 AB 2.2590432378642573 1.2213245113701157
61993.2977 lsst_hardware_i 250.39241649734265 121.13999938964844 32.04999923706055 AB 7.069258705610134 1.2583603475141902
61993.3221 lsst_hardware_z -141.62206890065954 107.3499984741211 31.719999313354492 AB 6.853307577540107 1.217896675806079
61996.327 lsst_hardware_g 17.923600292158795 50.68000030517578 32.369998931884766 AB 4.054217917674798 1.2092517153533897
61996.3476 lsst_hardware_r -62.31466357735267 58.5 32.33000183105469 AB 4.245821707260624 1.213091916360178
62000.3208 lsst_hardware_i 37.947094335781664 33.02000045776367 31.239999771118164 AB 4.005074722656776 1.2082584576987032
62000.3417 lsst_hardware_r -23.0355691767243 24.969999313354492 31.489999771118164 AB 4.784516291078316 1.2172793006178135
62012.2699 lsst_hardware_i -33.984650249048215 40.599998474121094 31.260000228881836 AB 3.3297437682068094 1.218236080931788
62012.2896 lsst_hardware_z 2.778409972076348 47.0099983215332 30.940000534057617 AB 3.3064880762481885 1.2081805339355762
62014.249 lsst_hardware_i -21.053509268649655 52.58000183105469 31.280000686645508 AB 1.9993695833639247 1.2402395968144118
62014.2657 lsst_hardware_z -43.42403943858943 53.560001373291016 30.950000762939453 AB 1.9991286441144978 1.2170020154917802
62019.2401 lsst_hardware_z -83.40187554640313 144.8800048828125 31.729999542236328 AB 0.516245080271563 1.2320884970681694
62022.2321 lsst_hardware_r -188.33270481563815 92.76000213623047 31.610000610351562 AB 3.788364739774386 1.2317882424888265
62022.2511 lsst_hardware_i 35.60426725340378 78.63999938964844 31.299999237060547 AB 5.209409846060455 1.2114906618745245
62029.1929 lsst_hardware_r 37.508676594901935 25.459999084472656 31.469999313354492 AB 3.8036883000454793 1.275050550325407
62029.2098 lsst_hardware_g 2.0104901747991235 15.609999656677246 31.399999618530273 AB 4.158270187097614 1.2370895042935257
62032.2144 lsst_hardware_r -10.325310473976268 25.290000915527344 31.479999542236328 AB 7.287395413269081 1.21917166182276
62032.2335 lsst_hardware_i 24.231331989135175 33.34000015258789 31.239999771118164 AB 7.194018164956632 1.20826640325103
62034.1794 lsst_hardware_i -27.406849481823446 33.790000915527344 31.219999313354492 AB 5.6848668397776905 1.2746338205779575
62034.1985 lsst_hardware_z -53.5362656558198 44.77000045776367 30.93000030517578 AB 5.425766731733525 1.23312880266671
62036.1843 lsst_hardware_r -15.186869907138805 25.40999984741211 31.489999771118164 AB 2.4681584847921143 1.2494369043449742
62036.2037 lsst_hardware_u 1.5845679142838858 2.7799999713897705 28.3700008392334 AB 2.4343232372510015 1.218939238347776
62040.1779 lsst_hardware_i 3.803385171071545 38.013223228392626 31.239999771118164 AB 4.922554492393314 1.2404589229047218
62040.1976 lsst_hardware_z -19.305903359863965 46.071819302283316 30.93000030517578 AB 4.812622997915874 1.2144909988011756
62042.1783 lsst_hardware_r -43.05148447855575 51.65966347408279 31.59000015258789 AB 4.933462575402576 1.2305456434178115
62042.1965 lsst_hardware_z 31.582790889121505 51.1660272333359 30.950000762939453 AB 4.8901959337692436 1.2114940997817398
62047.1753 lsst_hardware_z 199.69228814409993 118.6054274377696 30.979999542236328 AB 2.741966771129637 1.2172993434536672
62047.1948 lsst_hardware_i 83.14646303571091 140.02794429160832 31.309999465942383 AB 2.708368246712028 1.208194013403135
62049.1424 lsst_hardware_r 324.78792632408425 140.62944328380172 31.610000610351562 AB 5.474456122439002 1.2642355804951222
62049.1623 lsst_hardware_z 240.56935991382352 97.20339295177398 30.979999542236328 AB 5.349867675760894 1.2260496564136345
62051.1416 lsst_hardware_g 115.69265776251912 73.46497300989977 31.639999389648438 AB 6.245658617167965 1.2532255937064194
62051.1604 lsst_hardware_r 347.7672507015463 78.78617325908601 31.610000610351562 AB 6.065778309208471 1.2215435945240931
62053.1391 lsst_hardware_i 489.8811910972748 39.87042765054096 31.229999542236328 AB 3.8922277924007496 1.2469094321322278
62053.1573 lsst_hardware_z 372.9829957036283 51.498533138979525 30.940000534057617 AB 3.8548532577835495 1.2189259313149563
62056.1403 lsst_hardware_r 787.8797789839379 37.533610891886035 31.489999771118164 AB 7.292552377944384 1.230204941805477
62056.1581 lsst_hardware_g 182.29682990973805 20.44838720217888 31.420000076293945 AB 7.17518103590855 1.2115974450278282
62058.1395 lsst_hardware_r 990.197894614885 39.942269901794965 31.489999771118164 AB 7.6095158839313415 1.2237227366279295
62058.1565 lsst_hardware_i 848.0368570142329 43.78946335551737 31.239999771118164 AB 7.483591631327676 1.2097137411723866
62061.0565 lsst_hardware_u 7.0461138732513415 4.228899053310175 28.850000381469727 AB 8.85696994139678 1.507312787848329
62061.0847 lsst_hardware_g 576.3868762937622 32.537082864285125 32.119998931884766 AB 11.794263484061831 1.3478901526515703
62066.1073 lsst_hardware_g 329.730108220213 24.7141740071469 31.420000076293945 AB 6.6222943619353085 1.239743094278109
62066.1259 lsst_hardware_r 1561.0081223025493 46.48581002571284 31.489999771118164 AB 5.770284019859773 1.2150737578450745
62076.076 lsst_hardware_i 1421.2684845250872 126.91383129365502 31.309999465942383 AB 8.248443819626395 1.2475274865205912
62076.0931 lsst_hardware_z 1217.0318395648885 108.0535969292841 30.979999542236328 AB 6.670743505928838 1.220444001694327
62078.0851 lsst_hardware_r 1385.7325314539848 119.86397116008054 31.6200008392334 AB 5.4974081933595755 1.2234587967417452
62078.1045 lsst_hardware_z 987.4854568353816 85.88103304984493 30.969999313354492 AB 5.458020798138586 1.2088639641504344
62080.0845 lsst_hardware_g 184.41755409564806 43.80435913147985 31.6200008392334 AB 4.064003386171805 1.2179830328184587
62080.1037 lsst_hardware_r 1456.8692917518313 66.90599707110488 31.59000015258789 AB 4.06447170463822 1.2081959041754475
62089.0547 lsst_hardware_i 890.0425544469058 44.230164724785915 31.219999313354492 AB 6.583459244361666 1.2239188035624513
62089.0726 lsst_hardware_z 821.5660350470055 52.518940527593195 30.93000030517578 AB 6.395489853525257 1.2094345411357805
62092.0603 lsst_hardware_r 567.4797185112062 35.06218130375959 31.469999313354492 AB 7.7990225264877076 1.2113104801566297
62092.0812 lsst_hardware_u 1.0757704651371742 2.6327960120483973 28.25 AB 7.84136286155981 1.2105538960339344
62094.0626 lsst_hardware_g 66.10793092963004 17.32414569335862 31.40999984741211 AB 7.944531769644403 1.2084776041442657
62094.0823 lsst_hardware_r 549.2212485982639 34.110947171642486 31.489999771118164 AB 7.962283595936362 1.2148430152731893
62097.0251 lsst_hardware_z 662.2270175575454 57.938102667951604 30.950000762939453 AB 9.401586299062158 1.2354252692591534
62097.0453 lsst_hardware_i 668.1273781960371 42.27898291886272 31.239999771118164 AB 8.273770849512923 1.2121113183107897
62099.0266 lsst_hardware_y 188.42081794758428 58.206263487808855 30.0 AB 7.699609385484459 1.224947136684169
62099.0464 lsst_hardware_r 431.2465937385526 45.4271376852748 31.56999969482422 AB 6.21947375070785 1.2090734352075914
62101.0286 lsst_hardware_y 149.48996406305 63.270376612509125 30.0 AB 5.956142292676332 1.2165944528776906
62101.0485 lsst_hardware_r 412.45056771012645 76.91423397268082 31.610000610351562 AB 4.41011176866926 1.2082497996354136
62106.0291 lsst_hardware_y 294.553115139719 70.3759821699258 30.010000228881836 AB 8.42081078738625 1.2086131643938498
62106.0471 lsst_hardware_r 212.65197479342905 103.93931078450836 31.6200008392334 AB 7.608906985935317 1.2129936476236656
62324.4341 lsst_hardware_r -58.63164821785212 28.56999969482422 31.520000457763672 AB 1.9744908167817592 1.2082554717687333
62326.4181 lsst_hardware_z 63.416116991024886 63.36000061035156 31.690000534057617 AB 2.8152096049855957 1.211667991098881
62326.4395 lsst_hardware_y 128.76616810283286 57.970001220703125 30.0 AB 2.8129349533674275 1.2105587232968416
62329.4189 lsst_hardware_u 0.7012751371471407 2.7799999713897705 28.31999969482422 AB 10.643696744446245 1.2084124369262312
62329.4388 lsst_hardware_y -84.19970912907925 57.4900016784668 29.989999771118164 AB 10.62607506750573 1.2156126144950117
62331.4096 lsst_hardware_r 3.644752813227112 26.110000610351562 31.489999771118164 AB 7.18420334670471 1.209309152330044
62331.433 lsst_hardware_y -67.9351410640956 52.040000915527344 29.979999542236328 AB 8.36233412246506 1.2153230567111228
62333.4111 lsst_hardware_r 3.5057299855913167 25.860000610351562 31.489999771118164 AB 4.2022271618458396 1.208230926350155
62333.4324 lsst_hardware_y -11.167245581533464 51.619998931884766 29.979999542236328 AB 3.524645724520212 1.2200579425459668
62335.3725 lsst_hardware_u 2.821389833988912 2.7200000286102295 28.299999237060547 AB 1.975220376062261 1.235542353666969
62335.3971 lsst_hardware_g -2.7155902166738715 16.190000534057617 31.43000030517578 AB 2.227113189251371 1.2098944393597018
62344.3732 lsst_hardware_r -26.778509362789585 97.47000122070312 31.6200008392334 AB 3.0579673426363745 1.2096389804732495
62344.3942 lsst_hardware_i 86.39889632540333 77.87000274658203 31.299999237060547 AB 3.578993807313625 1.2128071187101406
62346.3727 lsst_hardware_z -21.812318228519636 72.5 30.969999313354492 AB 5.086043211222208 1.2083972228535944
62346.3935 lsst_hardware_r -173.45951361193713 95.51000213623047 31.610000610351562 AB 5.718113013580293 1.2166197901234665
62350.3555 lsst_hardware_r -80.20919648144697 44.970001220703125 31.579999923706055 AB 1.7113973296998195 1.2101807870593893
62350.3783 lsst_hardware_z -79.99847696676365 50.13999938964844 30.940000534057617 AB 2.2938509015417305 1.213142830255653
62355.3102 lsst_hardware_u 2.270450614511309 2.7200000286102295 28.329999923706055 AB 5.17090541693583 1.2503196784724342
62355.3328 lsst_hardware_g -14.693957854169685 15.470000267028809 31.40999984741211 AB 5.112725296073332 1.2162537378654754
62361.327 lsst_hardware_z 11.236689376988824 44.13999938964844 30.940000534057617 AB 4.468963442272324 1.2095714838340828
62361.3475 lsst_hardware_r 34.99330362835673 24.940000534057617 31.479999542236328 AB 5.697719535103795 1.2126247591736226
62363.3258 lsst_hardware_u -4.022070475890859 2.7899999618530273 28.399999618530273 AB 5.688495523416359 1.208475485624691
62363.3442 lsst_hardware_g -10.282291823429482 15.460000038146973 31.420000076293945 AB 6.737483349490674 1.2141797349956163
62365.3126 lsst_hardware_r 13.117591199415156 24.84000015258789 31.489999771118164 AB 5.065010968299504 1.2111456165230758
62365.333 lsst_hardware_z 81.40574476842781 44.029998779296875 30.940000534057617 AB 5.076642389404443 1.2105738662808916
62373.2757 lsst_hardware_z 22.511082838490726 90.7699966430664 30.969999313354492 AB 3.9774736275668743 1.2250945464785035
62377.2627 lsst_hardware_z 17.199007926043166 92.0 31.709999084472656 AB 7.408260811947731 1.227956375260688
62381.2385 lsst_hardware_r -17.923619311188823 24.829999923706055 31.469999313354492 AB 2.7393260731762616 1.2518818218491559
62381.2551 lsst_hardware_y 99.58140928332902 49.130001068115234 29.989999771118164 AB 3.570582148066777 1.2235004505083187
62386.241 lsst_hardware_r 25.310129613834548 25.110000610351562 31.479999542236328 AB 2.2983976801879473 1.2240711948453475
62386.2607 lsst_hardware_i 32.3096290027087 33.09000015258789 31.229999542236328 AB 2.3647416918585282 1.208968145121947
62388.2292 lsst_hardware_z 30.75064799012696 44.099998474121094 30.93000030517578 AB 3.881050684168178 1.233254109999421
62388.2463 lsst_hardware_r -20.603799261693133 24.920000076293945 31.479999542236328 AB 3.7128807545436984 1.213359723707091
62394.197 lsst_hardware_g -23.324300892170644 24.469999313354492 31.540000915527344 AB 1.2449908727483452 1.2660924129644187
62394.2148 lsst_hardware_r -55.780865756732155 29.81999969482422 31.520000457763672 AB 1.1163624337190874 1.230151442116801
62397.186 lsst_hardware_i 56.43016211247423 50.880001068115234 31.270000457763672 AB 1.5441262126602318 1.2735061547713253
62400.0906 lsst_hardware_z 17.861543740481608 138.5399932861328 31.639999389648438 AB 7.4050763614421395 1.904108089854591
62402.1914 lsst_hardware_i 124.1990479429852 142.22999572753906 31.309999465942383 AB 2.512401646223177 1.232576441319316
62402.2127 lsst_hardware_z -3.1834315579033503 117.05999755859375 30.979999542236328 AB 2.4012036907459753 1.2105892063251702
62405.1779 lsst_hardware_i -95.98575801205881 75.62999725341797 31.290000915527344 AB 4.202618136294211 1.2418472700204892
62405.1975 lsst_hardware_z 11.046678138932506 69.08000183105469 30.969999313354492 AB 4.130942317020879 1.215221313106787
62412.1735 lsst_hardware_u -5.306351378522057 2.700000047683716 28.299999237060547 AB 3.4768437725287007 1.2199451833434038
62412.1909 lsst_hardware_g 6.115157627372926 15.8100004196167 31.40999984741211 AB 3.493528471532329 1.2086939700838413
62415.1405 lsst_hardware_g 16.44287174605495 15.770000457763672 31.389999389648438 AB 5.458211888202985 1.2639870058941918
62415.1595 lsst_hardware_r -12.474770902919392 25.3799991607666 31.479999542236328 AB 5.362814917902896 1.2271887683989193
62417.1402 lsst_hardware_i -9.09714738218919 33.81999969482422 31.229999542236328 AB 6.236408848409276 1.2519138509302974
62417.1596 lsst_hardware_z 29.98945311361828 44.83000183105469 30.940000534057617 AB 6.067942374878453 1.2202183278905627
62421.1402 lsst_hardware_g 34.70144092895398 16.219999313354492 31.420000076293945 AB 7.411850181616732 1.2315112040569463
62421.1582 lsst_hardware_r 52.96667181619098 25.209999084472656 31.479999542236328 AB 7.307752906880373 1.212033321574628
62424.1367 lsst_hardware_i 14.201544691195764 39.529998779296875 31.260000228881836 AB 7.629409504079984 1.2247881478121714
62424.1539 lsst_hardware_r -13.93987444496923 37.900001525878906 31.559999465942383 AB 7.548512203746985 1.210020657827362
62426.1499 lsst_hardware_z 32.08119696993211 78.18000030517578 31.700000762939453 AB 7.7405561246253045 1.2094618944727038
62428.1396 lsst_hardware_r -92.5073192656986 105.33999633789062 31.6200008392334 AB 4.606977439702945 1.2117247342719468
62428.1568 lsst_hardware_i 64.9659077202009 86.88999938964844 31.309999465942383 AB 4.562798719596489 1.2090086697396634
62430.104 lsst_hardware_i 11.454912556069175 134.6699981689453 31.309999465942383 AB 3.37130959095184 1.2534690965583914
62430.1212 lsst_hardware_z -88.5122852472983 111.7300033569336 30.979999542236328 AB 3.302339791303128 1.2236553186859698
62434.1077 lsst_hardware_g 19.395686394605285 69.80000305175781 31.65999984741211 AB 5.541292273100371 1.2270807764754468
62434.1259 lsst_hardware_r -12.047966712520038 76.79000091552734 31.610000610351562 AB 5.299301876623758 1.210323795121621
62436.1079 lsst_hardware_i 43.56918999198144 32.9900016784668 31.219999313354492 AB 5.163545111499898 1.2200232601795458
62436.1252 lsst_hardware_r 11.268434945894485 25.450000762939453 31.479999542236328 AB 4.493455272307896 1.2087304027728034
62439.1096 lsst_hardware_u -4.0665021374166725 2.759999990463257 28.360000610351562 AB 7.270223498381177 1.2117039163968628
62439.1271 lsst_hardware_g 0.19482266230570772 15.510000228881836 31.40999984741211 AB 6.726537516440025 1.2091021464862537
62450.0859 lsst_hardware_i -13.24462953036407 33.189998626708984 31.229999542236328 AB 11.377799386803105 1.208989415237818
62450.1048 lsst_hardware_z 12.335890939780246 44.5 30.93000030517578 AB 11.41770460290696 1.2128430638312047
62452.0526 lsst_hardware_z -20.106750987850216 45.540000915527344 30.93000030517578 AB 5.569830746853725 1.2363664254948648
62452.0705 lsst_hardware_i 9.70782135767471 35.5 31.239999771118164 AB 5.546145482793362 1.2141520713950624
62457.0599 lsst_hardware_r -178.07345855319477 109.61000061035156 31.6200008392334 AB 4.613301621744951 1.212033266796703
62457.0802 lsst_hardware_i -31.77061401975734 91.91000366210938 31.309999465942383 AB 4.625055278326777 1.2098764706894
62459.0696 lsst_hardware_z 171.3841608313674 119.83999633789062 31.729999542236328 AB 5.695026467582338 1.2084723101446135
62462.0263 lsst_hardware_y -24.972300098200193 59.83000183105469 29.989999771118164 AB 5.755977985727825 1.2346585125971312
62462.0473 lsst_hardware_g -51.28874313589317 74.81999969482422 31.65999984741211 AB 5.3047720919415795 1.2114117588357114
62464.0269 lsst_hardware_y 43.364909465236906 56.65999984741211 29.989999771118164 AB 9.531531883431326 1.225552702309874
62464.0466 lsst_hardware_i -28.69145145630674 33.029998779296875 31.239999771118164 AB 9.10283615615028 1.209304245348102
62474.0262 lsst_hardware_y -47.664734842314644 73.9000015258789 30.010000228881836 AB 5.291597337241917 1.2082651757602276
62474.0323 lsst_hardware_i -36.599885565153194 38.9900016784668 31.260000228881836 AB 5.290828674749659 1.2093322685142078
