data/validation/pwv_sim_epoch_fit_4/42478660.ecsv
# %ECSV 0.9
# ---
# datatype:
# - {name: time, datatype: float64}
# - {name: band, datatype: string}
# - {name: flux, datatype: float64}
# - {name: fluxerr, datatype: float64}
# - {name: zp, datatype: float64}
# - {name: zpsys, datatype: string}
# - {name: pwv, datatype: float64}
# - {name: airmass, datatype: float64}
# meta: {SNID: '42478660', alt: 1024.0, c: 0.0548536479473114, dec: -8.234748, lat: -30.244573, lon: -70.7499537, ra: 323.085938, t0: 60929.87109375,
#   x0: 2.68937755033947e-05, x1: 0.6775673031806946, z: 0.30212274193763733}
# schema: astropy-2.0
time band flux fluxerr zp zpsys pwv airmass
[from data line 134]
61279.1185 lsst_hardware_r -291.5897317431101 165.3300018310547 31.649999618530273 AB 1.6095627134998332 1.1204752617471865
61279.1363 lsst_hardware_i -10.09983624660194 133.9199981689453 31.34000015258789 AB 2.1780186226932745 1.0941151821968895
61285.1274 lsst_hardware_z -35.07315683515806 42.72999954223633 30.950000762939453 AB 3.3466736210724006 1.0871117820602243
61285.1455 lsst_hardware_r 43.66529972483539 33.849998474121094 31.579999923706055 AB 3.3328051312592724 1.07956760716707
61287.1264 lsst_hardware_u -0.3059583182339741 2.7799999713897705 28.440000534057617 AB 1.517644703609093 1.0840319311493523
61287.1451 lsst_hardware_r 10.725124793864397 24.459999084472656 31.510000228881836 AB 1.5117051734166163 1.0797894095832974
61298.086 lsst_hardware_g 1.5563454611389564 15.569999694824219 31.469999313354492 AB 1.1197559249223688 1.0924448048025317
61298.1042 lsst_hardware_i -15.066253945447897 31.90999984741211 31.260000228881836 AB 1.1335102425033308 1.0805626715951677
61300.088 lsst_hardware_z -3.6812663348784187 42.68000030517578 30.950000762939453 AB 1.3384282230676385 1.0859458199331753
61300.1062 lsst_hardware_r -24.94667170825807 26.760000228881836 31.540000915527344 AB 1.1829842629555443 1.0795293654336977
61304.0697 lsst_hardware_z 14.068020662612478 55.400001525878906 30.969999313354492 AB 4.263300317229974 1.0923603323815965
61304.0912 lsst_hardware_r 12.963095652151484 63.83000183105469 31.639999389648438 AB 4.138954631625155 1.0798211927015797
61308.0608 lsst_hardware_r -172.22307367380557 133.72999572753906 31.649999618530273 AB 4.816200462569707 1.090378189397715
61308.0797 lsst_hardware_z -11.582327093920748 91.04000091552734 30.989999771118164 AB 4.766746981412029 1.079915491937377
61310.06 lsst_hardware_z 50.18324968383104 71.9000015258789 30.979999542236328 AB 3.0420720603391427 1.0864543072639796
61310.0802 lsst_hardware_i 173.62549590414076 82.79000091552734 31.329999923706055 AB 3.0228092481140405 1.0795747314693003
61316.0339 lsst_hardware_g 3.1445251117390978 15.279999732971191 31.450000762939453 AB 2.296494298608634 1.0956556768170962
61316.0513 lsst_hardware_r -21.115981933475847 24.329999923706055 31.510000228881836 AB 3.178673474029256 1.0819174520183554
61318.0343 lsst_hardware_i -8.508297578305605 31.829999923706055 31.260000228881836 AB 2.9913243883667833 1.0896364223173785
61318.0539 lsst_hardware_z -58.42992831914419 42.209999084472656 30.950000762939453 AB 3.0828943664652257 1.0796968362590482
61320.0267 lsst_hardware_r 6.816895205999272 24.389999389648438 31.510000228881836 AB 4.202550720593192 1.0916661322867414
61320.0458 lsst_hardware_u -2.152878475390965 2.7899999618530273 28.450000762939453 AB 4.463945991504834 1.080139372452927
61322.0295 lsst_hardware_g 7.73786164278113 15.380000114440918 31.459999084472656 AB 4.189758691937944 1.0848676053695676
61322.0458 lsst_hardware_i -14.794860948850365 31.940000534057617 31.260000228881836 AB 3.258015300947006 1.0795279327193525
61324.0299 lsst_hardware_z 11.157718069331482 42.349998474121094 30.959999084472656 AB 3.742414632262162 1.0817269387018484
61324.0474 lsst_hardware_r 23.389939374554576 24.469999313354492 31.520000457763672 AB 3.331503707514828 1.080487688923728
61327.0294 lsst_hardware_u 0.6836457031759138 2.950000047683716 28.530000686645508 AB 7.800742279990459 1.0796875128015249
61327.0474 lsst_hardware_g -14.120398985538568 15.729999542236328 31.459999084472656 AB 7.805427387770106 1.0840871371902925
61329.0032 lsst_hardware_z -10.249561274919294 44.63999938964844 30.959999084472656 AB 8.522480517943652 1.0906215737674767
61329.022 lsst_hardware_r 22.225959340533034 26.420000076293945 31.530000686645508 AB 8.449044978683968 1.0799801847487107
61331.0047 lsst_hardware_y 25.25153342888925 50.540000915527344 30.040000915527344 AB 5.742986760029049 1.0850154468220383
61331.0226 lsst_hardware_z 30.010695830871086 45.31999969482422 30.959999084472656 AB 5.681363282413521 1.0795597825716092
61332.9981 lsst_hardware_y 30.915917143343936 67.9800033569336 30.059999465942383 AB 2.517691199348794 1.0857967436547087
61333.0156 lsst_hardware_z -0.36244188658409643 59.20000076293945 30.979999542236328 AB 3.2125871381264206 1.0795285950412212
61335.9998 lsst_hardware_y 28.274867298503374 71.08000183105469 30.059999465942383 AB 4.129736270222539 1.0807527204316267
61336.0173 lsst_hardware_i 111.44297758831073 75.87999725341797 31.329999923706055 AB 4.287068409054716 1.0813642096240927
61338.0007 lsst_hardware_y 77.78613684515128 68.30000305175781 30.059999465942383 AB 3.9008513966548652 1.0795714197384623
61338.0182 lsst_hardware_r 55.80261796569565 90.18000030517578 31.649999618530273 AB 3.919401419676151 1.0846051341230931
