data/validation/pwv_sim_epoch_fit_4/42481535.ecsv
# %ECSV 0.9
# ---
# datatype:
# - {name: time, datatype: float64}
# - {name: band, datatype: string}
# - {name: flux, datatype: float64}
# - {name: fluxerr, datatype: float64}
# - {name: zp, datatype: float64}
# - {name: zpsys, datatype: string}
# - {name: pwv, datatype: float64}
# - {name: airmass, datatype: float64}
# meta: {SNID: '42481535', alt: 1024.0, c: -0.05493343994021416, dec: -48.141209, lat: -30.244573, lon: -70.7499537, ra: 48.013393, t0: 60673.2578125,
#   x0: 2.695362896285724e-06, x1: 0.4080590307712555, z: 0.7891437411308289}
# schema: astropy-2.0
time band flux fluxerr zp zpsys pwv airmass
[from data line 131]
60976.3215 lsst_hardware_u 0.9759576373084288 2.5299999713897705 28.309999465942383 AB 3.3804776140968085 1.1692097238551504
60982.2686 lsst_hardware_z -26.37805071046735 77.19000244140625 31.719999313354492 AB 5.791017716988297 1.092146860768825
60991.2538 lsst_hardware_g -34.0330959307202 18.850000381469727 31.510000228881836 AB 4.544639222008303 1.1084485907337327
60991.2655 lsst_hardware_r 38.722730967351936 27.229999542236328 31.520000457763672 AB 4.641052846974546 1.131964109018182
60993.1373 lsst_hardware_r -13.822762620218958 37.52000045776367 32.66999816894531 AB 5.356102243658638 1.0757745610401308
60993.1459 lsst_hardware_i 37.07032190312697 42.279998779296875 32.0 AB 5.311186329726505 1.0667710428775306
60995.2426 lsst_hardware_z -33.78291759531893 41.75 30.940000534057617 AB 8.287427955269349 1.1079449138060626
60995.2551 lsst_hardware_i 49.49194627596784 30.6200008392334 31.229999542236328 AB 6.661334024355312 1.1331208206430468
60997.2432 lsst_hardware_u -1.696050173913161 2.5 28.290000915527344 AB 5.0836866112733174 1.1195081724892457
60997.2547 lsst_hardware_g 18.80544587711114 12.760000228881836 31.329999923706055 AB 4.579302467732368 1.144825616933092
60999.2367 lsst_hardware_r 27.680174143801302 21.8700008392334 31.469999313354492 AB 5.504334257038234 1.1174422447040908
60999.2487 lsst_hardware_i -35.09327849945378 30.690000534057617 31.229999542236328 AB 5.625151793629505 1.143536592582528
61001.242 lsst_hardware_z -3.6567397756464532 41.9900016784668 30.940000534057617 AB 3.4663199658120907 1.1406120321853452
61001.2536 lsst_hardware_u 1.6547316247708526 2.509999990463257 28.290000915527344 AB 3.3031198657912415 1.1702125174042912
61004.1601 lsst_hardware_r 13.324458131586939 21.489999771118164 31.479999542236328 AB 8.07420009716236 1.0511456470876184
61004.1733 lsst_hardware_g 12.04515744220968 12.710000038146973 31.3799991607666 AB 6.240239836902868 1.0561462024038026
61006.1611 lsst_hardware_r -43.256307609000736 23.809999465942383 31.5 AB 3.790932848946129 1.053036902485036
61006.1739 lsst_hardware_i -11.198802249970594 30.649999618530273 31.239999771118164 AB 3.854681316756029 1.059949033021672
61009.219 lsst_hardware_z 12.562256950101084 46.81999969482422 30.950000762939453 AB 6.2193806260647575 1.1379344297986502
61009.2306 lsst_hardware_i -31.02582165160438 39.029998779296875 31.260000228881836 AB 6.364046249257945 1.1670368133361724
61015.2085 lsst_hardware_i -88.63338076546293 58.709999084472656 31.299999237060547 AB 6.145750820039059 1.1520762620749947
61015.2196 lsst_hardware_z -86.84344629185019 56.68000030517578 30.959999084472656 AB 6.310763748914294 1.1822891197442107
61017.1223 lsst_hardware_z -20.369715129720266 44.86000061035156 30.959999084472656 AB 4.01397999917622 1.0507342609422787
61017.1354 lsst_hardware_r -27.143090689023843 38.220001220703125 31.600000381469727 AB 3.9031630189503885 1.0549089240406455
61022.0992 lsst_hardware_g 6.988966079710479 12.8100004196167 31.389999389648438 AB 12.438836629273126 1.0504295534924526
61022.1113 lsst_hardware_i -5.991725762553679 29.860000610351562 31.25 AB 12.621753743906558 1.0512287959943478
61024.1039 lsst_hardware_z 13.615180697222195 40.619998931884766 30.950000762939453 AB 8.179526485036634 1.0508523159181953
61024.1186 lsst_hardware_r -43.47696155335524 21.469999313354492 31.479999542236328 AB 8.207528543835712 1.0561063473070158
61026.105 lsst_hardware_u 0.7701289551254201 2.619999885559082 28.440000534057617 AB 10.207651498387063 1.052516050701536
61026.1175 lsst_hardware_g -4.222795063101697 12.8100004196167 31.389999389648438 AB 10.267975482585722 1.0587360868794353
61028.1 lsst_hardware_r 9.771123124075933 21.610000610351562 31.489999771118164 AB 3.2632925973682094 1.0526750314090998
61028.1126 lsst_hardware_i -34.31444519694393 29.8799991607666 31.25 AB 3.2451170284462822 1.0591113017121616
61030.1086 lsst_hardware_z -22.789030418482554 40.97999954223633 30.950000762939453 AB 3.286388925980535 1.0601254599937209
61030.1207 lsst_hardware_r -16.957970076555153 21.6299991607666 31.469999313354492 AB 3.31917659480146 1.0707021273553097
61034.1027 lsst_hardware_i -29.755335766758886 30.239999771118164 31.25 AB 6.413768390825458 1.064040212488207
61034.1153 lsst_hardware_z -11.838260910549693 41.25 30.950000762939453 AB 6.543787954506224 1.0768565358960889
61036.0857 lsst_hardware_z -39.69747081700846 42.31999969482422 30.950000762939453 AB 5.32454723727978 1.0560387221896286
61036.0977 lsst_hardware_r 3.9060169610876905 27.729999542236328 31.540000915527344 AB 5.350643543186264 1.064433986807831
61038.089 lsst_hardware_y 229.89002857801026 68.37999725341797 30.799999237060547 AB 7.963461584573378 1.061794877943117
61040.0894 lsst_hardware_r 83.06854099325679 54.689998626708984 31.6299991607666 AB 7.9827088481210025 1.0667792126313873
61040.1024 lsst_hardware_i -1.3037472309810871 47.72999954223633 31.299999237060547 AB 8.07398821750314 1.0811808399455178
61042.0838 lsst_hardware_z -44.28338879928043 54.70000076293945 30.969999313354492 AB 5.407922570880599 1.0666513946510054
61042.0965 lsst_hardware_r 35.30630025889181 71.44000244140625 31.639999389648438 AB 5.451990198405259 1.0806184427739474
61043.0843 lsst_hardware_z -99.73563627344681 56.25 30.979999542236328 AB 4.551656131892917 1.0697822743740333
61043.0981 lsst_hardware_r 12.692678145627433 76.38999938964844 31.639999389648438 AB 4.594203605411436 1.0864211895740914
61048.0822 lsst_hardware_r 7.799951661236846 21.8700008392334 31.479999542236328 AB 9.143969635227203 1.0833445453737578
61048.0961 lsst_hardware_u 0.35269070626111504 2.5999999046325684 28.3799991607666 AB 6.312791906230432 1.1047938232814896
