data/validation/pwv_sim_epoch_fit_4/42527932.ecsv
# %ECSV 0.9
# ---
# datatype:
# - {name: time, datatype: float64}
# - {name: band, datatype: string}
# - {name: flux, datatype: float64}
# - {name: fluxerr, datatype: float64}
# - {name: zp, datatype: float64}
# - {name: zpsys, datatype: string}
# - {name: pwv, datatype: float64}
# - {name: airmass, datatype: float64}
# meta: {SNID: '42527932', alt: 1024.0, c: 0.08951280266046524, dec: -9.291553, lat: -30.244573, lon: -70.7499537, ra: 12.128906, t0: 61671.1484375,
#   x0: 1.9151868954209254e-05, x1: 1.0817009210586548, z: 0.34960371255874634}
# schema: astropy-2.0
time band flux fluxerr zp zpsys pwv airmass
61590.4387 lsst_hardware_r -32.09115713845425 27.450000762939453 31.540000915527344 AB 6.160610947195981 1.0733239160583616
61597.3394 lsst_hardware_i 38.65400365172296 46.970001220703125 31.979999542236328 AB 11.697735068203606 1.2451905476567724
61597.3664 lsst_hardware_y 106.12243553997335 48.61000061035156 30.010000228881836 AB 10.78234971090515 1.1504445400546155
61606.4073 lsst_hardware_z 1.9637076038485175 64.23999786376953 30.979999542236328 AB 5.088409249052354 1.0721845652085735
61606.4305 lsst_hardware_y 20.43506325846397 56.810001373291016 30.049999237060547 AB 5.640485438052713 1.0861883215378514
61609.3456 lsst_hardware_r -135.70286484187176 85.93000030517578 31.639999389648438 AB 5.073392860015588 1.1219149418628407
61609.367 lsst_hardware_z 87.70270749607408 65.75 30.979999542236328 AB 4.911186794166419 1.087749013104287
61610.3879 lsst_hardware_r -100.6124027643591 106.81999969482422 32.400001525878906 AB 5.736528583905667 1.0723485529312398
61610.4058 lsst_hardware_y -7.492533351913949 76.37999725341797 30.799999237060547 AB 5.711689116999418 1.0752932869580492
61616.3664 lsst_hardware_g -11.018469336962893 15.020000457763672 31.450000762939453 AB 5.124557068912969 1.0738053507535732
61616.389 lsst_hardware_r 20.38525553096892 24.18000030517578 31.510000228881836 AB 5.069462967171943 1.075082718141969
61618.3619 lsst_hardware_i -4.445051949594096 44.5099983215332 32.0 AB 5.499668675337521 1.0734551741062175
61618.384 lsst_hardware_z 2.0340259814821096 59.5099983215332 31.700000762939453 AB 6.754872976320871 1.0753170655185054
61623.3558 lsst_hardware_g 0.6127990326380223 14.869999885559082 31.440000534057617 AB 2.791272603410224 1.071951587061884
61623.3767 lsst_hardware_i 57.79778395544551 31.479999542236328 31.25 AB 3.1030931342619352 1.0793993162253819
61625.3302 lsst_hardware_r -51.787589841191 23.700000762939453 31.489999771118164 AB 2.739499044613633 1.0809545092517294
61625.3501 lsst_hardware_z -37.05898464882613 41.75 30.940000534057617 AB 2.6713382074381746 1.0719655728082562
61628.3255 lsst_hardware_r -17.521693714939506 23.920000076293945 31.5 AB 6.052722231751934 1.078243917654215
61628.3489 lsst_hardware_u 1.182476163477025 2.7100000381469727 28.399999618530273 AB 5.79142945866554 1.0724869367899148
61630.3291 lsst_hardware_z -6.804449284216113 48.15999984741211 30.969999313354492 AB 3.899564094772044 1.0734714887425336
61630.3484 lsst_hardware_r -39.786034589475136 41.150001525878906 31.610000610351562 AB 5.000066956715621 1.0740128786845329
61652.239 lsst_hardware_g 444.41231029283 26.94774302895711 31.420000076293945 AB 1.837996770667529 1.1021367803323179
61652.2568 lsst_hardware_r 1197.8512640209535 41.21368689054741 31.489999771118164 AB 2.411570161056234 1.0806946722187918
61654.2327 lsst_hardware_i 1527.523500934032 49.99280449663277 31.25 AB 0.4501297501295203 1.1034845764155756
61654.2514 lsst_hardware_r 1918.6313509876302 49.97237694983984 31.510000228881836 AB 0.9509670940419785 1.0806444250477028
61673.1859 lsst_hardware_r 6266.882612499893 82.69649442012955 31.510000228881836 AB 6.867188006988155 1.0958133014701104
61673.2056 lsst_hardware_g 3082.7736266182196 57.09953702548373 31.450000762939453 AB 6.74887017783621 1.0763319130554938
61679.1707 lsst_hardware_z 2998.3842417825254 69.28571291098788 30.940000534057617 AB 5.203955456466125 1.0941874382812837
61679.1888 lsst_hardware_i 4814.688327718985 76.75335143686384 31.239999771118164 AB 5.134215014297107 1.076581047242072
61681.1728 lsst_hardware_u 12.127385019669175 4.00302645310563 28.450000762939453 AB 3.155377905636281 1.0851924471979246
61681.1909 lsst_hardware_g 2093.5510349807787 47.74557866259745 31.450000762939453 AB 3.1017121928449174 1.0731330386962001
61683.1697 lsst_hardware_r 4491.993389539722 71.58146946046371 31.5 AB 6.636198953226877 1.0828717356366948
61683.1877 lsst_hardware_i 4555.641012358956 73.73200366472106 31.25 AB 6.630964185197305 1.0725376765380017
61685.1436 lsst_hardware_i 4277.857280890712 73.578004232665 31.260000228881836 AB 4.132845420620767 1.1111790878170194
61685.1615 lsst_hardware_z 2361.250250232677 64.88111558384526 30.950000762939453 AB 4.169373535045692 1.085585888312539
61690.1413 lsst_hardware_r 3508.1969932164134 105.37531765814012 31.639999389648438 AB 6.581176055328382 1.0933396924346632
61690.1604 lsst_hardware_i 3521.607858037783 92.88785835720964 31.329999923706055 AB 6.4907954982685325 1.075644174711683
61691.1478 lsst_hardware_z 2085.798503542658 90.51737829297493 30.989999771118164 AB 6.426705775535677 1.0829245145885193
61691.1659 lsst_hardware_i 3478.776341151926 107.84087651961946 31.329999923706055 AB 6.341766201620292 1.0725275797258849
61693.1488 lsst_hardware_z 4065.4661454584443 148.96639768710125 31.75 AB 6.624365739387999 1.0777167688810017
61697.1447 lsst_hardware_z 3731.2978507536254 93.4508879429232 31.709999084472656 AB 4.164364667707657 1.0740280264032815
61704.111 lsst_hardware_r 1341.2037956325823 43.56675541951738 31.510000228881836 AB 2.4800620744386155 1.0841801418310397
61704.1284 lsst_hardware_i 2399.9906346679873 57.29335675161463 31.260000228881836 AB 2.5960421870464083 1.0730403087815596
61706.1004 lsst_hardware_z 1801.9082358930673 59.675998520946855 30.950000762939453 AB 4.0693764763823586 1.0898169460049165
61706.1178 lsst_hardware_i 2147.7123525576358 55.97485555845867 31.25 AB 3.9709787939301466 1.075077735023052
61708.1085 lsst_hardware_u 4.704301174176352 2.6607311434430088 28.360000610351562 AB 6.46367647496313 1.077279412493855
61708.1264 lsst_hardware_g 299.54279160873284 21.777406647727727 31.43000030517578 AB 5.9171749692065205 1.0719519871750944
61710.0544 lsst_hardware_g 219.8797170987501 21.256918473017212 31.40999984741211 AB 4.6987399128479534 1.1601826945303588
61710.0568 lsst_hardware_r 1042.1715130247176 39.874352723554814 31.489999771118164 AB 4.795302085355358 1.1534100024904785
61712.088 lsst_hardware_i 1900.1043101786336 52.64571320124414 31.25 AB 4.42063677587644 1.0853515285726592
61712.1065 lsst_hardware_z 1676.5800536992954 57.45784753920577 30.940000534057617 AB 4.325486934500272 1.073055553088521
61723.0584 lsst_hardware_z 1126.1820270885155 77.7121193816023 30.989999771118164 AB 4.138897792876355 1.0849011252624783
61723.0765 lsst_hardware_r 564.7503076176889 105.0018097809951 31.649999618530273 AB 4.112257195636981 1.0730426708630316
61725.0596 lsst_hardware_i 1067.0834749440228 55.874438426568275 31.299999237060547 AB 6.444759551750027 1.0790121190529387
61725.0767 lsst_hardware_z 840.2879494343724 58.79139347426546 30.969999313354492 AB 6.377973659541239 1.0719884015140186
61727.0563 lsst_hardware_r 552.1937489308315 33.149736024152666 31.5 AB 7.053227174930115 1.0774865833991423
61727.0766 lsst_hardware_u -4.074122033891459 3.5095540387523685 28.43000030517578 AB 7.030024383153182 1.0721403665019342
61730.0585 lsst_hardware_g 149.09919369789125 19.340627201861306 31.450000762939453 AB 4.158996212070968 1.0727356750248105
61730.0775 lsst_hardware_r 500.1136660834105 32.951172937596 31.510000228881836 AB 4.1901964507534615 1.0749606081974563
61733.0307 lsst_hardware_z 712.7504255579778 51.21997019255907 30.950000762939453 AB 8.406051853517754 1.0853053692784156
61733.0499 lsst_hardware_i 883.058410321919 43.055127623298624 31.25 AB 8.095304236917352 1.0728414856540498
61735.0323 lsst_hardware_y 268.7869442107534 51.8742905217237 30.040000915527344 AB 5.152254590620947 1.07900619698868
61735.0513 lsst_hardware_r 517.5805450351395 32.18230322815848 31.5 AB 4.672108854971949 1.0719124017220232
61737.0338 lsst_hardware_y 304.061496779428 52.103316587445406 30.040000915527344 AB 4.8041717497188055 1.0747587806977195
61737.0541 lsst_hardware_r 500.8393763065347 32.30465136199495 31.510000228881836 AB 4.150522613825624 1.0732259818546979
61741.0259 lsst_hardware_y -82.25971277302261 64.08000183105469 30.049999237060547 AB 7.421896673588191 1.0735109214003458
61741.0428 lsst_hardware_u 3.4785505313421368 3.1600000858306885 28.5 AB 6.703522368143513 1.0731072865948725
61957.4392 lsst_hardware_z 21.398920968816626 56.34000015258789 30.979999542236328 AB 5.60147302152054 1.0721548514729398
61959.4187 lsst_hardware_i 20.536461873021477 64.79000091552734 31.31999969482422 AB 2.352932212492996 1.0785021600427285
61959.4405 lsst_hardware_y -41.03412611904936 65.87000274658203 30.059999465942383 AB 2.2776773124245726 1.0721845186371228
61963.416 lsst_hardware_z 49.80076564101676 60.290000915527344 30.979999542236328 AB 8.269818290857343 1.0739326395503335
61963.4364 lsst_hardware_y 27.39328006256058 58.97999954223633 30.049999237060547 AB 9.461399747878728 1.0740199501905625
61966.4105 lsst_hardware_i -3.105332670875711 45.599998474121094 31.299999237060547 AB 5.131967579825459 1.073016063943434
61966.4299 lsst_hardware_y 57.29728916502514 50.91999816894531 30.040000915527344 AB 4.933045418179123 1.0747570765291337
61967.4232 lsst_hardware_z -46.20053219081319 65.63999938964844 31.709999084472656 AB 3.097271915117369 1.0732057917939601
61975.3811 lsst_hardware_g 18.118925389547005 15.09000015258789 31.43000030517578 AB 5.704598723103628 1.0748690419904148
61975.4008 lsst_hardware_r 1.4126635761908726 24.100000381469727 31.5 AB 5.6986474290913565 1.0730400469032353
61977.3795 lsst_hardware_i 34.76402078948936 44.13999938964844 31.989999771118164 AB 7.175129775960307 1.073317842327645
61977.3984 lsst_hardware_z 145.614618523422 41.65999984741211 30.940000534057617 AB 7.184485894286611 1.074114878607604
61980.3707 lsst_hardware_i -9.483427598874488 31.309999465942383 31.239999771118164 AB 4.524548790374698 1.0735247050872954
61980.3899 lsst_hardware_u -4.994240028027914 2.6500000953674316 28.350000381469727 AB 5.04775365816648 1.0739901400354213
61982.3636 lsst_hardware_g 18.308935598044744 15.050000190734863 31.440000534057617 AB 4.1936690848330915 1.074152166872937
61982.3827 lsst_hardware_r -13.050177720858967 24.030000686645508 31.5 AB 4.894951034930916 1.073356097198191
61984.3661 lsst_hardware_i -15.948043114957578 31.1200008392334 31.239999771118164 AB 1.5039683335939036 1.0720933826260453
61984.3853 lsst_hardware_r 9.897856016417174 23.670000076293945 31.5 AB 1.9888761951319902 1.0773004577765284
61991.3024 lsst_hardware_i 21.50490490922345 118.52999877929688 32.08000183105469 AB 4.974250619167113 1.1168679470484675
61991.3243 lsst_hardware_z -195.59752479798252 103.05000305175781 31.739999771118164 AB 4.859352513049929 1.0845760282079262
61993.3035 lsst_hardware_i 20.872336975170665 71.69999694824219 31.31999969482422 AB 6.212514333370134 1.1049708306225412
61993.3279 lsst_hardware_z 15.299616392333787 64.44000244140625 30.979999542236328 AB 6.066085596832728 1.07713860849353
61996.3224 lsst_hardware_g -42.97660662306328 32.470001220703125 31.65999984741211 AB 3.6345121770742517 1.075564639331468
61996.343 lsst_hardware_r -3.414595080398668 36.939998626708984 31.600000381469727 AB 3.755196891944728 1.0729133976984937
62000.3174 lsst_hardware_i 41.201699149015745 31.40999984741211 31.260000228881836 AB 3.5737140438102024 1.0731068369673555
62000.3383 lsst_hardware_r -29.35919959460259 23.790000915527344 31.510000228881836 AB 4.474167625534658 1.0753702707235744
62010.1821 lsst_hardware_g 29.149821930697954 38.439998626708984 32.25 AB 6.003860599209751 1.396246650979012
62010.2063 lsst_hardware_r 2.1966273510275696 42.22999954223633 32.27000045776367 AB 5.408149457256797 1.2577091761062318
62012.2742 lsst_hardware_i 23.03856786651473 38.599998474121094 31.280000686645508 AB 2.995187737282128 1.0783754229638622
62012.294 lsst_hardware_z 31.013194491618787 44.7400016784668 30.959999084472656 AB 3.2307905134242905 1.072016760986907
62014.2448 lsst_hardware_i -79.92510544325683 51.33000183105469 31.309999465942383 AB 1.7670508801508218 1.1072903687629172
62014.2614 lsst_hardware_z -53.07675348294261 51.470001220703125 30.969999313354492 AB 1.7253758113468378 1.0846872242331336
62022.2278 lsst_hardware_r 139.50573739921404 78.0 31.639999389648438 AB 3.4671579613937196 1.0994634410634911
62022.2467 lsst_hardware_i -9.883333634188418 65.73999786376953 31.329999923706055 AB 3.396251969162785 1.0785176148500428
62032.2106 lsst_hardware_r -20.53625354934028 24.25 31.5 AB 6.41528877347767 1.0864163883958036
62032.2296 lsst_hardware_i -23.56088271620791 31.75 31.25 AB 6.3825762755820055 1.0732430259932002
62036.1877 lsst_hardware_r 3.7494443244007982 24.329999923706055 31.510000228881836 AB 2.1399817097847342 1.1023730636364013
62036.2071 lsst_hardware_u -0.2247770137051334 2.799999952316284 28.459999084472656 AB 2.119059398979805 1.0795462868927048
62038.1825 lsst_hardware_g 11.253283429817698 15.949999809265137 31.450000762939453 AB 6.8365582111003755 1.1019597374436454
62038.2014 lsst_hardware_r 20.825397766110182 24.31999969482422 31.5 AB 6.780723126364934 1.0797329819051908
62042.1739 lsst_hardware_r 76.50941984559314 51.0 31.6200008392334 AB 4.453687621438689 1.0984102979542407
62042.192 lsst_hardware_z 10.170306350525163 48.959999084472656 30.959999084472656 AB 4.3639597024877155 1.0785861845001767
62045.173 lsst_hardware_r -114.95155214514473 102.68000030517578 31.649999618530273 AB 4.983340939206836 1.0887788811901435
62045.1917 lsst_hardware_i -82.01924067830882 82.25 31.329999923706055 AB 4.8356726352832675 1.0741165338257912
62047.1718 lsst_hardware_z -56.45449492970241 100.02999877929688 31.0 AB 2.417921816116548 1.084188842141689
62047.1914 lsst_hardware_i -211.41418596260837 118.68000030517578 31.34000015258789 AB 2.418889311421578 1.0725196473934477
62049.1836 lsst_hardware_z -192.07859901527735 114.20999908447266 31.739999771118164 AB 5.054903115214175 1.0731139189500423
62051.1454 lsst_hardware_g -10.915736746263438 67.98999786376953 31.700000762939453 AB 5.487056326440583 1.1045540481327543
62051.1643 lsst_hardware_r 51.25958074800338 69.31999969482422 31.639999389648438 AB 5.3718863532944265 1.081043706851134
62053.1429 lsst_hardware_i 39.34528584707015 31.989999771118164 31.260000228881836 AB 3.4651019137674406 1.0998577729779715
62053.1611 lsst_hardware_z -89.39380327953684 45.189998626708984 30.959999084472656 AB 3.3545060077490723 1.079226576932059
62056.1441 lsst_hardware_r -11.800588878673464 24.40999984741211 31.510000228881836 AB 6.348179810296483 1.0874826227488623
62056.162 lsst_hardware_g -2.9214178690906443 15.350000381469727 31.459999084472656 AB 6.350804924746287 1.0739805396978876
62058.1438 lsst_hardware_r 33.18943348865107 24.100000381469727 31.510000228881836 AB 6.6504933533083905 1.0822609199850008
62058.1609 lsst_hardware_i 3.289696669005155 31.459999084472656 31.260000228881836 AB 6.662311219834893 1.0726200394179743
62061.0508 lsst_hardware_u -0.9234798057883062 2.619999885559082 28.229999542236328 AB 7.605690928095032 1.3443950497457635
62061.0789 lsst_hardware_g -10.330494381558067 15.09000015258789 31.399999618530273 AB 7.30002260061341 1.2080796448496376
62066.111 lsst_hardware_g -4.4707041722146625 15.510000228881836 31.450000762939453 AB 5.829128420141656 1.0946720037825133
62066.1296 lsst_hardware_r -0.4647528603761624 24.15999984741211 31.510000228881836 AB 5.175079383554294 1.0765155512100044
62069.1094 lsst_hardware_r 8.463160300072904 32.91999816894531 31.56999969482422 AB 2.4933950809909455 1.0866044803853137
62069.1263 lsst_hardware_g -5.700253354871957 28.209999084472656 31.6299991607666 AB 2.7037693134978396 1.0740609031373833
62074.1019 lsst_hardware_r -7.666312772082749 104.05999755859375 31.65999984741211 AB 5.474850138119448 1.0807047252504496
62074.1184 lsst_hardware_i -152.4958573218111 85.19000244140625 31.34000015258789 AB 5.328098980737013 1.0723757634571829
62078.0883 lsst_hardware_r 97.49622374329039 101.41999816894531 31.649999618530273 AB 4.784961569445617 1.083080992801045
62078.1078 lsst_hardware_z -20.40531736850509 70.75 30.989999771118164 AB 4.857157101047488 1.0723187418373625
62082.0804 lsst_hardware_i 37.083875820555946 31.579999923706055 31.25 AB 8.209025003541775 1.0804191897268305
62082.1013 lsst_hardware_z 71.69760759136041 42.099998474121094 30.950000762939453 AB 6.002956432674497 1.0719565058347318
62084.0816 lsst_hardware_r -36.57196428116271 23.520000457763672 31.510000228881836 AB 9.193150344696768 1.0758514154120655
62084.0998 lsst_hardware_g 3.1202792450061883 14.630000114440918 31.450000762939453 AB 10.095857821262669 1.0722783213122806
62087.0563 lsst_hardware_u 0.48677654697587597 2.640000104904175 28.350000381469727 AB 4.771891129155834 1.0912168143508283
62087.0732 lsst_hardware_r 47.85745474995429 23.520000457763672 31.5 AB 4.689063878285611 1.0759669293909158
62089.0586 lsst_hardware_i -36.51871290845541 31.420000076293945 31.239999771118164 AB 5.835563592726408 1.0827653015542087
62089.0765 lsst_hardware_z -19.363114808457375 41.93000030517578 30.940000534057617 AB 5.682960277193068 1.0725602108509453
62092.0564 lsst_hardware_r -1.3834312194410425 23.549999237060547 31.489999771118164 AB 6.939707134120755 1.0779290360548965
62092.0773 lsst_hardware_u -2.0991532246705424 2.609999895095825 28.329999923706055 AB 6.944515560630295 1.072180880134367
62094.0592 lsst_hardware_g 10.287943955408341 14.670000076293945 31.43000030517578 AB 7.006566920688533 1.0736113983230549
62094.0789 lsst_hardware_r 37.846252295703636 23.559999465942383 31.5 AB 6.988399170935839 1.074091783022176
62097.0604 lsst_hardware_i -54.26890845072368 32.66999816894531 31.260000228881836 AB 7.307689187645001 1.07195401623035
62097.0812 lsst_hardware_z 14.112434456692426 42.63999938964844 30.950000762939453 AB 7.369874793702433 1.0805607859298576
62099.0311 lsst_hardware_y -6.058669115302735 51.09000015258789 30.040000915527344 AB 6.817320263391388 1.0829451584641214
62099.0508 lsst_hardware_r 8.938019489484228 39.15999984741211 31.600000381469727 AB 5.568067808292478 1.0722600651460303
62101.0326 lsst_hardware_y -69.42037618719596 54.38999938964844 30.040000915527344 AB 5.216807142796894 1.0774075057408568
62101.0525 lsst_hardware_r 15.94049931108896 67.22000122070312 31.639999389648438 AB 3.9626675212038633 1.0721503033561437
62104.025 lsst_hardware_y 87.46214013214762 70.73999786376953 30.059999465942383 AB 6.031344363449767 1.0770257791874585
62104.0445 lsst_hardware_z 90.13358190054863 67.29000091552734 30.979999542236328 AB 5.289034199798935 1.072173971173512
