data/validation/pwv_sim_epoch_fit_4/42555367.ecsv
# %ECSV 0.9
# ---
# datatype:
# - {name: time, datatype: float64}
# - {name: band, datatype: string}
# - {name: flux, datatype: float64}
# - {name: fluxerr, datatype: float64}
# - {name: zp, datatype: float64}
# - {name: zpsys, datatype: string}
# - {name: pwv, datatype: float64}
# - {name: airmass, datatype: float64}
# meta: {SNID: '42555367', alt: 1024.0, c: -0.1138421967625618, dec: -28.971533, lat: -30.244573, lon: -70.7499537, ra: 94.042969, t0: 59884.20703125,
#   x0: 9.33596863227183e-06, x1: 0.6407111287117004, z: 0.4730510711669922}
# schema: astropy-2.0
time band flux fluxerr zp zpsys pwv airmass
[from data line 133]
60293.1281 lsst_hardware_i 9.484032698307182 31.06999969482422 31.229999542236328 AB 9.160377177580152 1.162679522873849
60293.1494 lsst_hardware_r -31.98742220806232 22.200000762939453 31.479999542236328 AB 8.618128976914841 1.095159748704458
60295.1487 lsst_hardware_g 12.862769286954556 13.210000038146973 31.3799991607666 AB 10.159707216146522 1.0830185979849007
60295.1705 lsst_hardware_r 7.9430340693762025 21.8799991607666 31.489999771118164 AB 8.903709229802935 1.0391918568072287
60297.1548 lsst_hardware_i 51.04473619438895 31.719999313354492 31.260000228881836 AB 3.7249833903393093 1.0574828645391936
60297.1784 lsst_hardware_z -17.687416060434423 40.939998626708984 30.950000762939453 AB 5.22646431360717 1.0209267444212469
60301.1548 lsst_hardware_r 7.828157481146072 53.959999084472656 31.639999389648438 AB 5.102307340818247 1.038109326717853
60301.1765 lsst_hardware_z 32.54381911533081 48.439998626708984 30.969999313354492 AB 5.887970496816635 1.0119540820353592
60303.0334 lsst_hardware_y 21.367912247250846 84.93000030517578 29.8700008392334 AB 9.163372999389239 1.599890528047008
60303.0535 lsst_hardware_z 78.68859911014296 66.4000015258789 30.93000030517578 AB 10.157754863922774 1.4196061022905209
60304.0342 lsst_hardware_y 56.35267779127955 86.73999786376953 29.899999618530273 AB 14.776429547861934 1.5638088208128862
60304.0544 lsst_hardware_z 137.03379301380426 70.19000244140625 30.950000762939453 AB 13.446942521524843 1.3927439172993106
60306.0351 lsst_hardware_y 125.40348539230811 84.47000122070312 29.920000076293945 AB 8.646270040465625 1.5038734996171657
60306.0568 lsst_hardware_r 58.046281381134555 63.369998931884766 31.56999969482422 AB 8.403810506118068 1.3394661310358904
60308.0466 lsst_hardware_z 78.96740528830236 86.55000305175781 31.690000534057617 AB 11.685987567095326 1.3708171303949628
60314.038 lsst_hardware_y 38.06091589753262 70.45999908447266 29.969999313354492 AB 13.426050446585334 1.3204868892633719
60314.0576 lsst_hardware_i 10.738534313962518 31.790000915527344 31.229999542236328 AB 12.880444933111225 1.2169732552070318
60316.0395 lsst_hardware_y -85.85505318016992 66.41000366210938 29.989999771118164 AB 12.623297733398315 1.2802100402351153
60316.0607 lsst_hardware_g 7.419979949287881 13.449999809265137 31.3700008392334 AB 11.537665945015599 1.1804446434433802
60318.0408 lsst_hardware_y 186.94426384079804 63.540000915527344 30.0 AB 8.522408827985315 1.2449045153478302
60318.0638 lsst_hardware_i -16.247272637423073 30.959999084472656 31.239999771118164 AB 9.792774967180312 1.148353394892739
60320.0374 lsst_hardware_z 109.33101790723373 66.76000213623047 30.959999084472656 AB 8.287463695637847 1.2348307529167235
60320.0548 lsst_hardware_u -1.3184402311938799 2.9600000381469727 28.440000534057617 AB 7.198896637966161 1.161112360962284
60324.0372 lsst_hardware_y -88.08367745905636 73.12000274658203 30.020000457763672 AB 6.9966558446526586 1.1871482118634678
60324.0532 lsst_hardware_z -16.27476352373448 43.119998931884766 30.940000534057617 AB 6.725174210737499 1.1289531997209166
60326.0458 lsst_hardware_y -4.22918635303149 52.220001220703125 30.020000457763672 AB 3.1619918518928203 1.1352632086501624
60326.0635 lsst_hardware_z 51.422021262837404 42.0 30.940000534057617 AB 2.997785493687941 1.0843861434935658
60328.0378 lsst_hardware_y -108.77739220809279 62.4900016784668 30.030000686645508 AB 5.334494630702984 1.1438208803437113
60328.055 lsst_hardware_r 72.74994343492168 36.880001068115234 31.579999923706055 AB 3.932634456289665 1.0920951003303707
60330.0381 lsst_hardware_y -227.55743400747917 60.869998931884766 30.040000915527344 AB 13.416190491803803 1.1248823436228481
60330.0553 lsst_hardware_r 25.529735618211102 53.90999984741211 31.6299991607666 AB 12.969290303226064 1.0778176781655315
60334.0412 lsst_hardware_y -63.550794567823694 59.7599983215332 30.040000915527344 AB 7.276124824594945 1.0855162291930047
60334.0585 lsst_hardware_i -136.05709752949915 67.52999877929688 31.329999923706055 AB 7.230308444978753 1.0485546291028573
60336.0378 lsst_hardware_y 55.69511901046178 58.36000061035156 30.049999237060547 AB 11.91897919387692 1.080474034572412
60336.0565 lsst_hardware_r 26.867460166414947 56.880001068115234 31.639999389648438 AB 11.885027941963665 1.042546310698567
60338.0354 lsst_hardware_y -29.877993022699883 59.45000076293945 30.040000915527344 AB 13.679947673089757 1.0733158897720574
60338.0525 lsst_hardware_g 5.355270468844725 13.220000267028809 31.389999389648438 AB 13.109934509732627 1.040140789410713
60340.0349 lsst_hardware_y -127.3274583979868 55.869998931884766 30.049999237060547 AB 9.08240061854551 1.0625279787720803
60340.0513 lsst_hardware_z -42.37042234084239 40.970001220703125 30.950000762939453 AB 9.366119133110068 1.0335598248852427
60344.0342 lsst_hardware_y -9.136890441161297 53.040000915527344 30.049999237060547 AB 9.545260503473047 1.0433118923896654
60344.0517 lsst_hardware_u 3.334752882517499 2.5899999141693115 28.3700008392334 AB 9.911661264414839 1.0191066333045846
