data/validation/pwv_sim_epoch_fit_4/42641869.ecsv
# %ECSV 0.9
# ---
# datatype:
# - {name: time, datatype: float64}
# - {name: band, datatype: string}
# - {name: flux, datatype: float64}
# - {name: fluxerr, datatype: float64}
# - {name: zp, datatype: float64}
# - {name: zpsys, datatype: string}
# - {name: pwv, datatype: float64}
# - {name: airmass, datatype: float64}
# meta: {SNID: '42641869', alt: 1024.0, c: -0.059935327619314194, dec: -21.381943, lat: -30.244573, lon: -70.7499537, ra: 244.511719,
#   t0: 62287.703125, x0: 8.822395583396123e-06, x1: -0.10301842540502548, z: 0.484762966632843}
# schema: astropy-2.0
time band flux fluxerr zp zpsys pwv airmass
62205.388 lsst_hardware_u -5.537093519392508 3.4200000762939453 28.65999984741211 AB 9.465971841182448 1.0193261014572115
62205.4061 lsst_hardware_z 27.537442802388238 64.94000244140625 31.0 AB 9.407204314087338 1.0120533231343176
62210.3892 lsst_hardware_u -1.4545817009388957 3.0 28.549999237060547 AB 9.796376337885333 1.0125628008632708
62210.4078 lsst_hardware_y -2.4595193108005233 68.5999984741211 30.079999923706055 AB 9.812579909441514 1.0143162479933343
62212.3932 lsst_hardware_r -18.736135654454046 25.260000228881836 31.540000915527344 AB 9.163678139130374 1.0120392584814875
62215.3764 lsst_hardware_r -28.915111933315877 24.81999969482422 31.540000915527344 AB 5.7774058669738935 1.0123958879043038
62215.3958 lsst_hardware_y -34.2888571340452 47.84000015258789 30.059999465942383 AB 5.704076531476396 1.0150204397905682
62217.3774 lsst_hardware_g -22.61829576954384 16.079999923706055 31.520000457763672 AB 5.764548107132181 1.01190119052656
62217.3976 lsst_hardware_z -44.563272231173734 42.5 30.969999313354492 AB 5.878724817283817 1.0191963968938245
62219.354 lsst_hardware_r -28.612189919853737 24.6299991607666 31.540000915527344 AB 6.913267128360603 1.0166569306412652
62219.3743 lsst_hardware_i 13.911331687981352 31.700000762939453 31.270000457763672 AB 6.88201200871364 1.0120605895167119
62221.3628 lsst_hardware_r -20.76321563916725 24.520000457763672 31.540000915527344 AB 7.590115167063567 1.0120153556084757
62221.3815 lsst_hardware_u 0.22080958827615693 2.9800000190734863 28.600000381469727 AB 6.520161213712216 1.0160366533503005
62223.3587 lsst_hardware_z 26.41341011204907 49.220001220703125 30.979999542236328 AB 7.955472751476697 1.0119213599359809
62223.3779 lsst_hardware_i -52.34524196904306 33.36000061035156 31.280000686645508 AB 7.547489419115659 1.0170676364894768
62225.3456 lsst_hardware_z 1.9987978342462107 66.47000122070312 31.0 AB 6.455228170811422 1.0132338105418772
62225.3641 lsst_hardware_r -0.3138083243359038 95.72000122070312 31.670000076293945 AB 6.333557049726485 1.0133421055000909
62227.3516 lsst_hardware_y -121.34727242402084 84.23999786376953 30.81999969482422 AB 6.09364416816169 1.0119810957671163
62229.3405 lsst_hardware_r -56.03359912367664 90.41999816894531 31.65999984741211 AB 5.799528436659985 1.0120605139230687
62229.363 lsst_hardware_i 46.41814781395398 77.36000061035156 31.34000015258789 AB 5.836791167144861 1.017970990563766
62231.3444 lsst_hardware_z 47.327042898222096 47.189998626708984 30.959999084472656 AB 7.7253584109597675 1.0124978258138793
62231.366 lsst_hardware_r 36.40453918761719 44.849998474121094 31.6200008392334 AB 7.843846229341659 1.0245581229138991
62233.3261 lsst_hardware_r 1.9278152812273015 27.809999465942383 31.559999465942383 AB 8.503967120493497 1.01262818601758
62233.3452 lsst_hardware_z -4.4041446109734785 42.04999923706055 30.959999084472656 AB 8.240670948353888 1.014392484795072
62235.3258 lsst_hardware_g 21.646656764625718 15.720000267028809 31.479999542236328 AB 7.979724871221014 1.011927742894832
62235.3439 lsst_hardware_i 22.51377483452041 31.450000762939453 31.260000228881836 AB 7.290404976832048 1.0163676253773868
62237.3173 lsst_hardware_r 40.53811114637035 24.200000762939453 31.520000457763672 AB 3.622282025772198 1.0122347424262261
62237.3355 lsst_hardware_u 1.6798750996027274 2.9100000858306885 28.559999465942383 AB 4.256795699072748 1.0149122486911117
62241.2512 lsst_hardware_u -0.7759164088709979 2.859999895095825 28.5 AB 10.066058957953945 1.073102479437896
62241.2678 lsst_hardware_g -3.3583791994143968 15.479999542236328 31.479999542236328 AB 9.811871862361636 1.0431133487042386
62243.3087 lsst_hardware_r 11.63585881743469 24.25 31.540000915527344 AB 14.066252877460393 1.0120516505052894
62243.3266 lsst_hardware_i -16.659606736398395 31.389999389648438 31.270000457763672 AB 14.101250308074041 1.0191833023964856
62245.3035 lsst_hardware_z 56.16969336996249 41.2400016784668 30.950000762939453 AB 10.806649412577935 1.0120796752640655
62245.322 lsst_hardware_r 27.654551594539956 24.15999984741211 31.520000457763672 AB 10.864215359640243 1.0197949336333145
62249.2806 lsst_hardware_i 104.79373044684851 31.200000762939453 31.260000228881836 AB 5.6796766252173905 1.0130822210388353
62249.2998 lsst_hardware_z 19.732654870964005 41.2599983215332 30.950000762939453 AB 5.7198794349205855 1.0137436228960504
62253.2854 lsst_hardware_y 55.37282715522401 78.80999755859375 30.81999969482422 AB 2.716980821642371 1.0127281437444384
62253.3054 lsst_hardware_r 74.66565492502708 95.5 31.65999984741211 AB 2.0653715489355435 1.0240665476913693
62255.2649 lsst_hardware_r 75.00103225692303 153.42999267578125 31.670000076293945 AB 10.769397650184928 1.012899212319587
62255.2825 lsst_hardware_i -118.40572795945063 120.37000274658203 31.350000381469727 AB 10.746483163979867 1.0134367374556648
62258.2696 lsst_hardware_z 99.07531687965975 60.78360629138157 30.989999771118164 AB 8.073594294463136 1.0122994538854162
62258.2873 lsst_hardware_r 4.426789301079458 77.494445972861 31.65999984741211 AB 8.190591651924995 1.020380173405342
62262.2693 lsst_hardware_i 2.7863912657613445 33.93201274221924 31.270000457763672 AB 2.6733364739326895 1.0158983370445334
62262.2878 lsst_hardware_z 8.696767201546164 42.91565437714756 30.959999084472656 AB 2.735324500535243 1.0312250708898183
62265.244 lsst_hardware_g 16.24865176270317 16.41855622373423 31.5 AB 8.44777686757097 1.0119218839362893
62265.2623 lsst_hardware_r 160.171393528606 28.257665403761937 31.540000915527344 AB 8.763713361150774 1.0165345016510652
62267.2515 lsst_hardware_i 266.50356213072087 36.122107641203904 31.280000686645508 AB 8.010992049553963 1.014049626525818
62267.2695 lsst_hardware_z 299.05055192054016 44.14530013155033 30.959999084472656 AB 8.107471859668516 1.0262622607175336
62269.2301 lsst_hardware_r 764.3929020223317 36.71380753566572 31.530000686645508 AB 6.699141045031473 1.0122096769123274
62269.2516 lsst_hardware_g 269.76638565914027 21.81388255652352 31.489999771118164 AB 7.131176932403436 1.0166578338264654
62271.2087 lsst_hardware_u 19.012030729099955 5.1325491577784 28.489999771118164 AB 6.600237123638512 1.018712320364024
62271.2307 lsst_hardware_r 1086.1387509233682 41.35668252793176 31.530000686645508 AB 6.5316679667319315 1.0119295548541192
62276.2092 lsst_hardware_i 1389.7554515931547 48.46042354003838 31.260000228881836 AB 7.493335564296654 1.0125216959233385
62276.2293 lsst_hardware_z 1006.9712889129428 51.75418003148432 30.950000762939453 AB 7.552888264018943 1.0150367240987976
62278.1934 lsst_hardware_r 2736.0515727893244 62.690270529305174 31.600000381469727 AB 5.364589971160838 1.0163897824956984
62278.2138 lsst_hardware_z 1182.2883275203667 55.37539145081285 30.959999084472656 AB 4.83728825430604 1.0121261516891082
62281.1843 lsst_hardware_y 660.1568552055104 58.11606879463465 30.059999465942383 AB 6.4621417826613925 1.016899450436507
62281.2026 lsst_hardware_r 3384.0523160566586 101.4090928599682 31.65999984741211 AB 6.41846694951752 1.0118976745258337
62284.1692 lsst_hardware_r 3840.213614764656 181.6344640466093 31.670000076293945 AB 7.71267372263741 1.0216815104831647
62284.1893 lsst_hardware_i 2257.8319959114438 143.55744354019745 31.350000381469727 AB 7.66141632909425 1.0121875586164235
62287.1827 lsst_hardware_z 1729.1486758170545 68.59001149358888 30.989999771118164 AB 7.946774947157238 1.012005723929607
62287.202 lsst_hardware_r 3674.148589249596 90.89951635588895 31.65999984741211 AB 7.8852753101026485 1.0164056857569796
62290.1729 lsst_hardware_i 2194.8826055980167 58.02138984032445 31.280000686645508 AB 9.647519392626538 1.0121899061998667
62290.1928 lsst_hardware_z 1793.845101637294 59.24478777348274 30.959999084472656 AB 9.644343538951437 1.0158713042678866
62303.1424 lsst_hardware_u 0.5283559451377206 3.3044275156104232 28.510000228881836 AB 7.9029787473155215 1.0118942922908087
62303.1644 lsst_hardware_g 394.7777118824114 25.282920241026854 31.479999542236328 AB 7.964530203441527 1.020352334215516
62305.1229 lsst_hardware_r 1477.4593643384676 47.42298950375543 31.540000915527344 AB 5.245195604510362 1.014806321006777
62305.1468 lsst_hardware_i 1553.1773248915258 49.67485183082915 31.260000228881836 AB 5.950290946957121 1.0137069673114896
62307.13 lsst_hardware_z 1000.513153887542 54.60038590143766 30.969999313354492 AB 3.035015830247852 1.0118968093735892
62307.1503 lsst_hardware_r 1528.5853384178142 54.351134377915784 31.610000610351562 AB 3.0009547982038565 1.0181356397637833
62309.1323 lsst_hardware_z 974.3876367111386 66.82229923061756 30.989999771118164 AB 2.6540675731663903 1.0126807910333009
62309.1531 lsst_hardware_r 1436.5138478058495 82.2710521285127 31.649999618530273 AB 2.6886689538777913 1.0246126408121405
62311.1242 lsst_hardware_i 1280.2481469114007 114.97450374399067 31.350000381469727 AB 3.7940373393204796 1.01219315410951
62311.1481 lsst_hardware_z 855.2601416809604 100.7444576679733 31.010000228881836 AB 3.758063843219166 1.0250429848535059
62313.1129 lsst_hardware_z 855.8580501402135 91.8501502297137 31.0 AB 4.940718371906509 1.011923885695191
62313.1366 lsst_hardware_r 870.5029738106739 136.23097119888473 31.670000076293945 AB 6.143874633729204 1.0199841676316432
62320.1549 lsst_hardware_r 539.8794149781903 32.92088485328791 31.5 AB 6.629137160680873 1.0727048454403996
62320.1853 lsst_hardware_i 735.0745037025317 42.89424159322497 31.239999771118164 AB 7.74661796555455 1.1595431599079309
62324.122 lsst_hardware_z 613.5479352371569 48.807819266333894 30.950000762939453 AB 2.6438417188305894 1.0354471483670715
62324.1412 lsst_hardware_r 416.7859793863541 31.491993375068997 31.510000228881836 AB 1.9204725030724101 1.066929168373561
62326.1029 lsst_hardware_u 18.303686472560795 5.463959361999682 29.309999465942383 AB 3.198553611485389 1.0213582580581337
62326.1217 lsst_hardware_r 713.2791155181525 43.77284293113856 32.279998779296875 AB 3.2835895764912957 1.0425197089082323
62329.0544 lsst_hardware_g 112.41350012817458 24.34536092847622 32.220001220703125 AB 8.399341113300228 1.0162542181851009
62329.0752 lsst_hardware_i 966.9054015568629 54.16731310283744 32.0099983215332 AB 8.342925167104445 1.0122145248086925
62331.0549 lsst_hardware_z 530.4425227519658 47.31486215078052 30.950000762939453 AB 7.2777867256634305 1.013642850437103
62331.0763 lsst_hardware_r 267.32762837511575 29.331310251056564 31.510000228881836 AB 7.278990761447734 1.013881153512081
62333.0374 lsst_hardware_u 12.187555946142892 4.615199945793109 28.549999237060547 AB 4.476959257992922 1.0201376886222786
62333.0567 lsst_hardware_g 60.0716765659143 18.05436536123561 31.5 AB 3.921162875934539 1.0120435865103985
62335.0385 lsst_hardware_r 329.6840509816261 36.13163803297004 31.579999923706055 AB 2.2472196505014943 1.0159986363506115
62335.0608 lsst_hardware_i 390.29234503999993 40.685337230396776 31.280000686645508 AB 2.223349117684969 1.0125693351633696
62344.0213 lsst_hardware_i 277.1721792275325 58.37139721810166 31.329999923706055 AB 4.599284110251617 1.0130581740642328
62344.0407 lsst_hardware_z 422.48052588158123 58.12341115501639 30.979999542236328 AB 4.576492501152111 1.0138441517838086
62349.0011 lsst_hardware_g 52.68106929532531 17.160729641531848 31.479999542236328 AB 3.6666634906159232 1.015579039524318
62349.0211 lsst_hardware_i 275.02172775285027 35.30464840757576 31.260000228881836 AB 3.6531151308269245 1.0122937667688048
62349.9995 lsst_hardware_z 270.4308360432744 44.807155000260025 30.950000762939453 AB 3.9451319253737527 1.0150425193929038
62350.0173 lsst_hardware_r 165.97607131743632 27.92588932915835 31.520000457763672 AB 2.6674898098787447 1.012138042071237
62352.9965 lsst_hardware_u 4.9473388894118395 3.0008960884595486 28.420000076293945 AB 1.1876317573919846 1.0131215674068828
62353.017 lsst_hardware_g 37.03690562144501 17.104788072547148 31.479999542236328 AB 0.896526966654615 1.0141707767586143
62354.9828 lsst_hardware_z 265.04653798197126 45.16118972062164 30.959999084472656 AB 3.147689001775829 1.0165859624639344
62355.0032 lsst_hardware_r 177.87379883720106 27.971597559600067 31.530000686645508 AB 3.5564635806940195 1.012084115166198
62360.9661 lsst_hardware_y 27.218918193162512 65.60554582248814 30.079999923706055 AB 4.243040693305111 1.0167639499103647
62360.987 lsst_hardware_u -0.9997424160609004 3.3772725215979564 28.649999618530273 AB 3.8149629503400497 1.0121054873558675
62362.9668 lsst_hardware_y 58.65627603120264 68.55000305175781 30.079999923706055 AB 4.5176716682131115 1.0138970247911376
62362.9857 lsst_hardware_i -33.32983244567313 34.150001525878906 31.280000686645508 AB 4.515448030624719 1.0128865030562402
62364.9678 lsst_hardware_y -194.8347286242007 105.33000183105469 30.829999923706055 AB 4.102762073020698 1.0122362119381632
62364.9863 lsst_hardware_r 105.69038707480078 76.93000030517578 32.400001525878906 AB 4.0791170674085615 1.0150424023080362
62573.39 lsst_hardware_g 4.889561570696431 16.770000457763672 31.510000228881836 AB 14.399011907432108 1.014157762180033
62577.3781 lsst_hardware_r 20.88887210597911 24.729999542236328 31.520000457763672 AB 9.228703043499502 1.014551985433625
62577.3963 lsst_hardware_y -120.62111345707066 48.08000183105469 30.059999465942383 AB 9.151797333632453 1.012366961685006
62579.374 lsst_hardware_z -39.282297119205104 57.959999084472656 30.979999542236328 AB 6.626742102825728 1.0140127162519366
62579.394 lsst_hardware_y 106.63580698024667 52.06999969482422 30.059999465942383 AB 6.365005539164952 1.013092282705018
62581.3302 lsst_hardware_z -0.16686846258234347 66.80999755859375 30.989999771118164 AB 4.136330409060216 1.0536408097969092
62581.3483 lsst_hardware_y -90.05282765159252 55.43000030517578 30.059999465942383 AB 5.986915215197263 1.0284587013437658
62583.3904 lsst_hardware_y 5.962714327062388 83.81999969482422 30.81999969482422 AB 6.449290358317057 1.0160362911881933
62590.1987 lsst_hardware_z -98.64966376580747 69.12999725341797 31.639999389648438 AB 10.809055974439998 1.594040526640695
62590.2159 lsst_hardware_r 28.949618476570716 25.489999771118164 31.420000076293945 AB 9.206002261765013 1.4341056592218377
62592.294 lsst_hardware_u 2.1025899207372913 2.7300000190734863 28.399999618530273 AB 5.417355904797226 1.0650982363818582
62592.3124 lsst_hardware_r -5.72141617297547 24.200000762939453 31.5 AB 5.235599033106284 1.0353001301355427
62595.3623 lsst_hardware_r 5.127286734268655 24.200000762939453 31.520000457763672 AB 7.8294394828577465 1.0188391796899854
62595.3815 lsst_hardware_u 3.4209066142324636 2.809999942779541 28.469999313354492 AB 8.528095495297697 1.0382706431651432
62599.3256 lsst_hardware_r 1.6457985404536863 24.09000015258789 31.510000228881836 AB 10.048092731229241 1.0123257921294857
62599.3429 lsst_hardware_i -16.69551153741992 31.229999542236328 31.260000228881836 AB 9.398645956271238 1.01427885423266
62601.319 lsst_hardware_r 3.038001914576362 24.110000610351562 31.520000457763672 AB 5.310523917622637 1.0125409061676223
62601.3354 lsst_hardware_g -16.783885312640958 15.369999885559082 31.479999542236328 AB 4.815825997925203 1.0135380401820906
62603.3167 lsst_hardware_r 27.2682479330262 24.329999923706055 31.540000915527344 AB 6.706340166457705 1.0120486178914518
62603.3361 lsst_hardware_i -42.33032506340143 31.440000534057617 31.270000457763672 AB 6.907331287233999 1.0161949740312548
62605.3 lsst_hardware_i -25.182399990526644 31.3799991607666 31.270000457763672 AB 7.5131511833435285 1.0152907004518281
62605.3171 lsst_hardware_z -8.87331801344872 41.54999923706055 30.959999084472656 AB 7.421756198616142 1.0120001634383695
62613.315 lsst_hardware_i -26.306963624214877 66.48999786376953 31.34000015258789 AB 7.1338980802457055 1.0201484456235814
62613.3321 lsst_hardware_z -50.64433007523805 61.599998474121094 30.989999771118164 AB 7.174032577659001 1.037922319326622
62615.233 lsst_hardware_r 23.338111281293216 54.75 32.349998474121094 AB 8.58540700223114 1.0616087631306153
62615.2507 lsst_hardware_g -56.117454381653786 49.220001220703125 32.43000030517578 AB 8.740169412964342 1.0339317128901035
62619.2831 lsst_hardware_z -37.282166780306945 41.2599983215332 30.950000762939453 AB 2.83308802645096 1.0126610365009985
62619.3027 lsst_hardware_i -44.89920984226569 31.280000686645508 31.25 AB 2.968037408713092 1.0234611754183076
62621.265 lsst_hardware_r -23.740012370656512 24.329999923706055 31.530000686645508 AB 10.634472135491722 1.012421185785579
62621.282 lsst_hardware_u -0.491233388240535 2.8399999141693115 28.5 AB 10.737136843276174 1.013957772910764
62628.2473 lsst_hardware_r 39.7103910485657 24.469999313354492 31.520000457763672 AB 6.90329647045062 1.0121888229198632
62628.2654 lsst_hardware_g -15.88080231291397 15.649999618530273 31.479999542236328 AB 7.505844468781946 1.014989110044888
62630.1372 lsst_hardware_z 30.244860505248607 44.66999816894531 30.93000030517578 AB 9.428091694474983 1.2405383808519714
62630.1541 lsst_hardware_i 115.12307926348029 32.790000915527344 31.239999771118164 AB 8.87081544192139 1.1672125581475514
62632.2574 lsst_hardware_z 15.528410681598425 41.540000915527344 30.950000762939453 AB 8.029968218624209 1.0164516732435707
62632.2774 lsst_hardware_g 11.672209612313143 15.800000190734863 31.479999542236328 AB 8.170713317350764 1.0342675085254132
62643.1825 lsst_hardware_r 16.628175491453245 65.61000061035156 32.380001068115234 AB 5.431059207243584 1.0249860104259407
62643.2051 lsst_hardware_i 59.9287823565346 61.84000015258789 32.060001373291016 AB 5.347108445525299 1.0123903651988575
62651.1643 lsst_hardware_g 22.129352005911663 22.690000534057617 32.25 AB 12.324517155981916 1.0217922196475264
62651.1901 lsst_hardware_r -63.68741949387085 34.900001525878906 32.27000045776367 AB 12.547668040896044 1.0119087129754873
62677.1182 lsst_hardware_r 0.5591098943469361 24.170000076293945 31.510000228881836 AB 5.266184018822505 1.01188445887841
62677.1388 lsst_hardware_u -0.3730591623009369 2.700000047683716 28.389999389648438 AB 4.006081672523359 1.0190998912549882
62679.083 lsst_hardware_u -1.1124315616688345 2.740000009536743 28.43000030517578 AB 7.7224269019523115 1.026145223274021
62679.1027 lsst_hardware_g 9.295380296163922 15.260000228881836 31.459999084472656 AB 7.904641889260351 1.0134156268282501
62681.0914 lsst_hardware_r 29.0499626090656 33.9900016784668 32.2599983215332 AB 4.0179477342051335 1.0158303727132214
62681.1148 lsst_hardware_i 38.416754429031045 44.15999984741211 32.0099983215332 AB 3.9918301232259794 1.0128977729575932
62683.0771 lsst_hardware_z 1.5676671774466004 41.22999954223633 30.950000762939453 AB 8.223277677485202 1.0216520906305382
62683.0984 lsst_hardware_r 48.275190311239214 23.969999313354492 31.510000228881836 AB 8.61343287416621 1.0120353512121276
62696.0554 lsst_hardware_z -26.199267492216066 81.4800033569336 31.0 AB 7.264570453318521 1.0137081427022303
62696.0758 lsst_hardware_r -12.62771493045497 122.55000305175781 31.670000076293945 AB 7.289689057486478 1.0134655871566343
62698.0411 lsst_hardware_y -158.86593413638442 74.94999694824219 30.809999465942383 AB 4.478034480764729 1.018062894666403
62710.0138 lsst_hardware_z -42.89021303480301 41.34000015258789 30.950000762939453 AB 4.567785856781087 1.0150635237291303
62710.0329 lsst_hardware_r 13.92475477208776 24.270000457763672 31.520000457763672 AB 4.555433638340455 1.012318586297879
62716.9999 lsst_hardware_r -47.96948279820496 25.610000610351562 31.530000686645508 AB 10.008086870344592 1.0131266181670064
62717.0184 lsst_hardware_i 29.511434708693784 31.969999313354492 31.260000228881836 AB 0.43730235242772025 1.013446934942573
62720.9793 lsst_hardware_y -43.93778017045203 54.95000076293945 30.06999969482422 AB 3.3842537076159815 1.0174381683926288
62720.9975 lsst_hardware_z -6.4387535854239335 61.279998779296875 30.989999771118164 AB 3.437030763471022 1.011883443612666
62729.9675 lsst_hardware_y 91.02819664772794 71.98999786376953 30.079999923706055 AB 4.050274116217894 1.012399795755181
62729.9847 lsst_hardware_i -52.260312732818456 32.68000030517578 31.280000686645508 AB 4.064079565505575 1.0140762452396845
