data/validation/pwv_sim_epoch_fit_4/4278128.ecsv
# %ECSV 0.9
# ---
# datatype:
# - {name: time, datatype: float64}
# - {name: band, datatype: string}
# - {name: flux, datatype: float64}
# - {name: fluxerr, datatype: float64}
# - {name: zp, datatype: float64}
# - {name: zpsys, datatype: string}
# - {name: pwv, datatype: float64}
# - {name: airmass, datatype: float64}
# meta: {SNID: '4278128', alt: 1024.0, c: -0.09001859277486801, dec: -24.460293, lat: -30.244573, lon: -70.7499537, ra: 225.703125, t0: 62632.22265625,
#   x0: 4.7355132327076015e-06, x1: 0.739932119846344, z: 0.626700222492218}
# schema: astropy-2.0
time band flux fluxerr zp zpsys pwv airmass
62539.2986 lsst_hardware_i -57.01498281434125 35.02000045776367 31.190000534057617 AB 5.2246924074707675 1.4413938637067205
62539.3175 lsst_hardware_z 94.60686023625277 45.5099983215332 30.920000076293945 AB 4.717011572406306 1.3091900006678616
62541.3045 lsst_hardware_r -20.187491081817605 26.270000457763672 31.469999313354492 AB 7.422935503751445 1.3572747309840003
62541.3214 lsst_hardware_u 4.437454531015397 2.7799999713897705 28.34000015258789 AB 6.892236954866235 1.2567901084730553
62543.3157 lsst_hardware_r 52.00253973727227 25.969999313354492 31.489999771118164 AB 4.762943418736878 1.258041050907812
62543.3342 lsst_hardware_i 14.454517565211939 33.220001220703125 31.25 AB 5.19519291136541 1.173922248642054
62546.305 lsst_hardware_z -37.187678630930655 45.2400016784668 30.93000030517578 AB 3.1819129051739377 1.2714089924775989
62546.3229 lsst_hardware_u 1.0520483458586727 2.7699999809265137 28.350000381469727 AB 3.129027091302862 1.1864359547407677
62548.2965 lsst_hardware_r 36.240781337775594 68.16999816894531 31.59000015258789 AB 6.393539048855106 1.2883056871402159
62548.3141 lsst_hardware_g 12.35003659654158 64.01000213623047 31.670000076293945 AB 6.13108981338993 1.200565871882105
62550.2965 lsst_hardware_r 108.45169438282025 86.23999786376953 31.600000381469727 AB 6.235594641070225 1.2585084295010291
62550.3147 lsst_hardware_i -93.50549895290074 66.73999786376953 31.309999465942383 AB 5.768551017320622 1.175456142092851
62557.3029 lsst_hardware_z 130.17980271811152 69.16999816894531 31.709999084472656 AB 10.333526272929094 1.1481695858810104
62561.2991 lsst_hardware_i 55.51462147532067 32.7400016784668 31.239999771118164 AB 4.6280096615176065 1.12448602774381
62561.3196 lsst_hardware_z 53.543881251292404 42.52000045776367 30.940000534057617 AB 4.415001833189644 1.0702602318749896
62566.2994 lsst_hardware_g -3.040639183707896 15.40999984741211 31.43000030517578 AB 7.800374087037456 1.0854959764872725
62566.319 lsst_hardware_r 23.407079015913467 24.360000610351562 31.510000228881836 AB 7.471115056784695 1.0451670068596783
62568.2032 lsst_hardware_u -6.5059702921256655 3.359999895095825 28.729999542236328 AB 17.126005574370012 1.5920800942986089
62568.2247 lsst_hardware_g 1.3041835339054904 21.56999969482422 32.09000015258789 AB 15.120528656039314 1.4004595782133014
62571.2008 lsst_hardware_r 7.737265502734955 25.459999084472656 31.420000076293945 AB 13.632194789099495 1.533559612914432
62571.2209 lsst_hardware_i 51.265158406154235 33.75 31.209999084472656 AB 11.781109383994753 1.3689015987212698
62572.1982 lsst_hardware_z 24.587277687182247 47.79999923706055 30.899999618530273 AB 12.21557192625967 1.5323095742924926
62572.2202 lsst_hardware_r -23.254476725542993 25.25 31.450000762939453 AB 10.027228506037229 1.35503087919422
62575.2047 lsst_hardware_z -24.99715766424054 51.81999969482422 30.920000076293945 AB 14.584830153009316 1.4071230248923603
62575.2265 lsst_hardware_r -13.681023148320671 42.529998779296875 31.549999237060547 AB 11.661623195687916 1.2677744410162435
62576.3355 lsst_hardware_r -1.8670432743470033 24.100000381469727 31.520000457763672 AB 7.5583928755733565 1.0054731285474654
62576.3556 lsst_hardware_i -46.25611316000433 31.209999084472656 31.260000228881836 AB 7.631225964605054 1.0080546830824682
62582.2448 lsst_hardware_i -95.59499810680441 94.8499984741211 31.31999969482422 AB 6.472847505111067 1.1152070360564652
62582.263 lsst_hardware_r 120.71726858973292 115.44000244140625 31.649999618530273 AB 5.6423082727691325 1.068669590940679
62589.2569 lsst_hardware_r -23.697383853280055 24.0 31.520000457763672 AB 8.333362496166437 1.044019355570839
62589.2764 lsst_hardware_u -3.539639927444746 2.890000104904175 28.559999465942383 AB 8.069271499773336 1.0188474115875426
62591.1599 lsst_hardware_z -41.48638328474987 46.38999938964844 30.90999984741211 AB 7.1224017357416844 1.4156326431288038
62591.1783 lsst_hardware_i -48.53242220825513 33.2599983215332 31.209999084472656 AB 6.164502835263427 1.292913292373698
62594.1464 lsst_hardware_r -13.56438877663372 25.030000686645508 31.420000076293945 AB 9.064285510483945 1.4582183897174763
62594.1652 lsst_hardware_u 0.12754878773552125 2.509999990463257 28.15999984741211 AB 8.29375076630197 1.3222927603813412
62596.1637 lsst_hardware_r 0.22118870015462264 24.780000686645508 31.459999084472656 AB 9.14109769118909 1.2984206374644194
62596.1824 lsst_hardware_i 22.44678806294692 32.5099983215332 31.229999542236328 AB 8.89196360775898 1.2034191220308317
62598.165 lsst_hardware_z 1.815702573368824 44.34000015258789 30.93000030517578 AB 12.740040051983117 1.2608907414868487
62598.1844 lsst_hardware_u 5.494497518497056 2.6700000762939453 28.329999923706055 AB 12.020725165512925 1.172524889339953
62604.1529 lsst_hardware_i -6.105760107660537 42.39948806809943 31.260000228881836 AB 10.506205098840155 1.239061043597856
62604.1709 lsst_hardware_z 29.61119794439611 47.68419104626942 30.950000762939453 AB 11.513596753337188 1.1615230015976987
62606.1698 lsst_hardware_r -26.553947479801867 64.02448246115243 31.6299991607666 AB 11.343391861975508 1.1457971577753039
62606.1877 lsst_hardware_z 34.949972817073 53.59962486423236 30.969999313354492 AB 10.808738411115728 1.0917917586985584
62607.2271 lsst_hardware_z 69.84294447213766 61.936499530279356 30.989999771118164 AB 16.64912432607209 1.0189962099959968
62607.2462 lsst_hardware_r 28.916288765563944 84.21916506595588 31.670000076293945 AB 16.410395426608247 1.006695524981719
62608.1569 lsst_hardware_i 283.1820416158624 94.48196491341004 31.31999969482422 AB 17.21932426968878 1.1732981922655206
62608.1754 lsst_hardware_r 6.821616962771785 118.35317713059386 31.649999618530273 AB 15.177759242416883 1.1105406630875099
62614.1295 lsst_hardware_r 735.3562860287833 45.301791719380205 31.549999237060547 AB 6.459445494040578 1.2203751169545773
62614.1554 lsst_hardware_z 405.4656551144536 51.82151301951787 30.959999084472656 AB 5.9976873462770115 1.1213774602742848
62616.1655 lsst_hardware_z 564.3734602461583 47.30489608178522 30.950000762939453 AB 15.252478442811684 1.0792038851733239
62616.1851 lsst_hardware_r 953.5520364747567 38.694180298030425 31.510000228881836 AB 13.213014083022406 1.0409412355322063
62620.1539 lsst_hardware_r 1319.9445325439776 44.015612444882336 31.510000228881836 AB 9.023700407805592 1.0808121221470346
62620.1722 lsst_hardware_z 696.3344568917731 48.89030774326658 30.950000762939453 AB 10.224393288550742 1.0441222679528959
62623.1571 lsst_hardware_g 559.7613456060943 28.19992761038222 31.5 AB 7.870505362438657 1.0563964067520903
62623.1768 lsst_hardware_r 1641.882039678892 47.421567627930884 31.540000915527344 AB 8.113684662939512 1.0260745700840357
62625.0591 lsst_hardware_r 1538.3190278251348 47.375350627867434 31.43000030517578 AB 16.183321462094252 1.4809945819743102
62625.077 lsst_hardware_g 488.3597674924541 27.447684722947788 31.3799991607666 AB 14.788428432599252 1.345054732530856
62627.0618 lsst_hardware_r 1660.5911420618743 48.43566155603348 31.459999084472656 AB 5.113807586002193 1.4141841087739109
62627.0812 lsst_hardware_i 1268.0639562569513 49.25307887572282 31.229999542236328 AB 4.656318177736228 1.2861277047493322
62630.0938 lsst_hardware_g 530.6637569833415 28.553936150670335 31.459999084472656 AB 10.228222347021196 1.185468514953778
62630.1087 lsst_hardware_i 1333.0789465702944 49.29454702825093 31.239999771118164 AB 9.660290053116793 1.1309166533735417
62631.0407 lsst_hardware_i 1324.7386641390915 51.72343215448452 31.190000534057617 AB 11.348935044292585 1.498934803772024
62631.0618 lsst_hardware_z 1050.1311115472777 55.74202299952125 30.920000076293945 AB 9.758062591568134 1.3373621039632884
62633.0733 lsst_hardware_z 1953.3062266867696 80.74165378354502 31.690000534057617 AB 14.180739163474195 1.2411482353922538
62637.04 lsst_hardware_y 519.863616912772 75.3345044235396 29.950000762939453 AB 7.277129126423954 1.373820865853116
62637.06 lsst_hardware_r 1443.3308655416572 154.89726183091915 31.610000610351562 AB 6.268389656894549 1.253176660714663
62639.0738 lsst_hardware_z 1939.9505395844753 147.23669300398888 31.739999771118164 AB 9.732501780774376 1.1673398905454633
62644.0642 lsst_hardware_i 1065.5132020817787 45.857683528229686 31.239999771118164 AB 2.188658310471407 1.1523297527928231
62644.0846 lsst_hardware_z 917.1093815032765 51.492043667753805 30.940000534057617 AB 2.8046935620166904 1.090118635233539
62649.0263 lsst_hardware_r 1854.7420457146459 55.0899141303869 32.22999954223633 AB 8.893001186025574 1.2580281773978743
62649.0579 lsst_hardware_u 1.9684250801834846 3.981605878756862 29.15999984741211 AB 8.32155455622275 1.1274546084980976
62652.0505 lsst_hardware_z 1475.9894376005232 71.01040353924084 31.690000534057617 AB 10.25982669886634 1.1249501602331449
62652.0778 lsst_hardware_u 3.9517900367829366 3.9886672581644524 29.149999618530273 AB 9.696381104022391 1.056624742313189
62654.0501 lsst_hardware_g 107.16337409948899 18.360875676732007 31.43000030517578 AB 11.733804182474882 1.109684526430346
62654.0707 lsst_hardware_r 669.1430117536837 34.8262806790484 31.5 AB 11.231244616284146 1.0598179997751773
62655.0436 lsst_hardware_i 628.7241070725315 41.03054724711882 31.239999771118164 AB 10.080263406970078 1.1209322406349451
62655.0629 lsst_hardware_z 678.3349361276843 48.63445719142383 30.940000534057617 AB 9.58046469935526 1.0703831852248582
62657.045 lsst_hardware_i 595.8266448027299 40.15138764705728 31.239999771118164 AB 10.460778937983536 1.100980101527877
62657.0641 lsst_hardware_u 4.767690857843088 3.115026582288779 28.420000076293945 AB 10.046378456468865 1.0567163497504197
62675.9534 lsst_hardware_y 31.040669304204837 70.14047545271711 30.0 AB 5.61767178379658 1.2537580234628913
62675.9718 lsst_hardware_g 16.61497002390878 16.31260059012289 31.440000534057617 AB 5.444597497052825 1.1710910551109728
62677.9562 lsst_hardware_z 358.77975993212624 58.59598043334396 30.950000762939453 AB 6.123283853460693 1.2137331721430022
62677.9773 lsst_hardware_i 264.24101115334184 35.531631417568 31.239999771118164 AB 6.963620412971678 1.132019899694818
62679.9566 lsst_hardware_y 110.16884769234198 61.77267362233539 30.010000228881836 AB 8.383238851993028 1.1882691498217803
62679.976 lsst_hardware_r 101.12367997599253 26.746934701044033 31.489999771118164 AB 7.14178503758384 1.1189051420608151
62685.959 lsst_hardware_y 159.74935092903587 57.31193227309753 30.030000686645508 AB 9.21095506240663 1.120792755441435
62685.9789 lsst_hardware_z 149.0125224544668 44.757889729266466 30.940000534057617 AB 8.79520618232363 1.0689794006794444
62687.9606 lsst_hardware_y 133.52584627396203 55.9461046616846 30.040000915527344 AB 7.204268420711862 1.1003082734955114
62687.9817 lsst_hardware_u 1.2378187546229353 3.888182872274682 28.639999389648438 AB 6.894992792217498 1.052509966755822
62693.9647 lsst_hardware_y 152.2424736253207 62.5861480587574 30.059999465942383 AB 11.171277482608316 1.053645600811914
62693.9847 lsst_hardware_r 87.65679426330234 95.94265824158468 31.670000076293945 AB 10.858781477406248 1.0240430169032817
62912.3137 lsst_hardware_z 84.55905133128357 51.58000183105469 30.950000762939453 AB 4.871265467360753 1.2176895241814194
62912.3318 lsst_hardware_g -59.23346089013649 39.27000045776367 31.649999618530273 AB 4.555762595555652 1.1450235866932208
62917.293 lsst_hardware_i 79.99751243702522 33.779998779296875 31.229999542236328 AB 4.524846694098447 1.2519751055840758
62917.3137 lsst_hardware_z 27.621622271766334 43.779998779296875 30.940000534057617 AB 4.2263265272307216 1.1610255557613813
62919.3178 lsst_hardware_u 6.077005661636736 2.8399999141693115 28.43000030517578 AB 12.543633406426064 1.1279992272139623
62919.3376 lsst_hardware_g -25.446082321489193 16.040000915527344 31.469999313354492 AB 10.040268374670895 1.0742850818179857
62921.2951 lsst_hardware_g -4.9210797761635865 15.979999542236328 31.420000076293945 AB 11.818109824464704 1.1914217848442137
62921.3146 lsst_hardware_r 22.027650867047175 25.290000915527344 31.510000228881836 AB 11.110747624406002 1.1209107543096706
62923.3229 lsst_hardware_r -0.6203670856988945 25.100000381469727 31.520000457763672 AB 7.114821009688876 1.0831453886667324
62923.3404 lsst_hardware_u 2.783137713061562 2.880000114440918 28.5 AB 6.97101455889156 1.0470919352446955
62925.3192 lsst_hardware_g 3.4781505017423964 15.770000457763672 31.459999084472656 AB 5.635854371959305 1.078942159846713
62925.3398 lsst_hardware_r -8.234698586054627 24.709999084472656 31.520000457763672 AB 4.924334332161557 1.0392179660570975
62927.2992 lsst_hardware_r -7.157687720083245 24.989999771118164 31.510000228881836 AB 3.768311986284011 1.1179170293055163
62927.3188 lsst_hardware_i -4.1925370555139585 32.040000915527344 31.260000228881836 AB 3.688556741053583 1.0675996356160877
62929.3232 lsst_hardware_r -27.635117099483704 24.530000686645508 31.510000228881836 AB 7.5765122340473905 1.048507090236318
62929.3442 lsst_hardware_u -0.32979888723621154 2.7799999713897705 28.450000762939453 AB 7.363640070885929 1.0199653813818435
62939.2134 lsst_hardware_i -86.78742808677028 74.79000091552734 31.270000457763672 AB 15.262443003423034 1.3689619771806933
62939.2323 lsst_hardware_z 143.55976466067787 68.83999633789062 30.959999084472656 AB 14.001421740606867 1.2552638093932194
62941.2128 lsst_hardware_r -7.141075348276708 39.52000045776367 31.530000686645508 AB 11.086026545003742 1.3364709517786142
62941.2343 lsst_hardware_g 5.352202706127957 34.0 31.600000381469727 AB 10.163862882534367 1.2187373055518893
62942.3387 lsst_hardware_i 10.184252524451967 33.849998474121094 31.280000686645508 AB 8.86299510717396 1.0049127072648842
62942.3574 lsst_hardware_r -55.579993761175814 29.309999465942383 31.56999969482422 AB 8.944169428130502 1.0099939129141864
62943.2489 lsst_hardware_z 12.218968775694893 43.459999084472656 30.950000762939453 AB 6.720641894088523 1.1390918464556818
62943.2663 lsst_hardware_r 3.906404906941889 25.260000228881836 31.520000457763672 AB 6.9216498768142305 1.0880816197046055
62946.2499 lsst_hardware_u -1.8614518194739078 2.869999885559082 28.510000228881836 AB 6.315987045789885 1.11029173270261
62946.2683 lsst_hardware_g -9.033483162668734 15.289999961853027 31.469999313354492 AB 4.872636866935965 1.0647081540338612
62952.2608 lsst_hardware_r 39.39245082482307 24.040000915527344 31.520000457763672 AB 7.252256893887482 1.047824727309029
62952.2786 lsst_hardware_i 14.932904853056783 31.15999984741211 31.270000457763672 AB 7.065122284213984 1.0228807071311794
62954.2594 lsst_hardware_z 79.04808470413522 41.79999923706055 30.959999084472656 AB 8.312310065083853 1.0411210001357631
62954.28 lsst_hardware_r 39.53812189402306 24.149999618530273 31.540000915527344 AB 8.128763073201835 1.0162224119517234
62956.2601 lsst_hardware_u 2.2648668890190744 2.819999933242798 28.5 AB 4.68991795388496 1.0321122257669542
62956.2781 lsst_hardware_r 23.559716832506997 23.969999313354492 31.520000457763672 AB 4.588356151213611 1.0133854897495864
62958.1487 lsst_hardware_z -26.85408980267184 51.349998474121094 30.90999984741211 AB 12.30788296776791 1.4677577923520253
62958.1659 lsst_hardware_i -21.380557718609804 42.72999954223633 31.239999771118164 AB 11.205239105048742 1.3396185193434793
62960.1633 lsst_hardware_z 19.28322237621528 54.060001373291016 30.93000030517578 AB 7.895727990225062 1.3214791821740992
62960.1805 lsst_hardware_r -56.90422022389469 57.619998931884766 31.59000015258789 AB 5.57716717374821 1.2277748318653188
62962.1482 lsst_hardware_r 101.72298869116999 96.55999755859375 31.579999923706055 AB 16.055295528094753 1.3859889095385478
62962.1654 lsst_hardware_i 36.40805949538896 75.26000213623047 31.290000915527344 AB 14.809439886766805 1.2772263809199487
62968.1563 lsst_hardware_r 58.56726185738073 67.4800033569336 31.600000381469727 AB 7.807000740020499 1.2392064666699205
62968.1742 lsst_hardware_i 37.73784047989401 58.95000076293945 31.309999465942383 AB 7.553043381867021 1.1620066741333879
