data/validation/pwv_sim_epoch_fit_4/43006537.ecsv
# %ECSV 0.9
# ---
# datatype:
# - {name: time, datatype: float64}
# - {name: band, datatype: string}
# - {name: flux, datatype: float64}
# - {name: fluxerr, datatype: float64}
# - {name: zp, datatype: float64}
# - {name: zpsys, datatype: string}
# - {name: pwv, datatype: float64}
# - {name: airmass, datatype: float64}
# meta: {SNID: '43006537', alt: 1024.0, c: -0.05798890441656113, dec: -34.048595, lat: -30.244573, lon: -70.7499537, ra: 275.625, t0: 62325.02734375,
#   x0: 7.458047314856779e-06, x1: 0.6029654741287231, z: 0.51978600025177}
# schema: astropy-2.0
time band flux fluxerr zp zpsys pwv airmass
[from data line 133]
62637.2643 lsst_hardware_r -72.81238433627774 87.51000213623047 31.65999984741211 AB 5.091596886103132 1.0375133746516827
62639.2521 lsst_hardware_z -85.73238728489267 118.41999816894531 31.75 AB 8.31964616059229 1.0482434448095415
62642.1577 lsst_hardware_z 239.68556747295054 70.30999755859375 30.950000762939453 AB 9.761866660559154 1.3703269570884933
62642.1803 lsst_hardware_r 6.152944028846024 84.80999755859375 31.610000610351562 AB 9.281838852240728 1.2430340519712615
62644.167 lsst_hardware_u 1.293245974190979 3.799999952316284 28.489999771118164 AB 2.565137234229043 1.2825686171145214
62644.1865 lsst_hardware_r -44.79693626943196 38.560001373291016 31.559999465942383 AB 2.383817928046012 1.191908964023006
62649.1471 lsst_hardware_r 2.3563300145409234 24.760000228881836 31.450000762939453 AB 9.461220067056791 1.3174434403755193
62649.1709 lsst_hardware_z -38.99595746337807 43.779998779296875 30.93000030517578 AB 9.067989773570892 1.1998663279617454
62652.1539 lsst_hardware_r 26.704637033346117 24.770000457763672 31.469999313354492 AB 10.123618443406562 1.2387671954243866
62652.1754 lsst_hardware_i -22.073098647518954 32.31999969482422 31.229999542236328 AB 8.986060372440875 1.1519113411665833
62654.173 lsst_hardware_r 3.210491702978194 24.290000915527344 31.489999771118164 AB 11.664370135045367 1.1416349932756238
62654.1933 lsst_hardware_g -25.270725247412006 15.199999809265137 31.450000762939453 AB 11.075039007727113 1.084538791855178
62657.1608 lsst_hardware_z 73.09349778619323 43.189998626708984 30.940000534057617 AB 9.593032727699022 1.155195559827674
62657.1805 lsst_hardware_i 3.0113275093470357 31.729999542236328 31.239999771118164 AB 8.947752082131823 1.0959226842110585
62675.1627 lsst_hardware_u -0.1043861033058336 2.809999942779541 28.469999313354492 AB 3.5426190355110343 1.034416829114789
62675.1832 lsst_hardware_g -12.922181441402476 15.350000381469727 31.469999313354492 AB 3.1231144982843775 1.0122454078276937
62676.0778 lsst_hardware_r -0.4374300019127448 25.270000457763672 31.469999313354492 AB 4.3944157530906205 1.2924752214972415
62676.099 lsst_hardware_u -4.080099364754249 2.7799999713897705 28.389999389648438 AB 4.489360336292919 1.1924459700632608
62678.0614 lsst_hardware_u -1.00948268636688 2.5799999237060547 28.170000076293945 AB 5.417764407100215 1.357382096317074
62678.0821 lsst_hardware_g -12.330385678910892 15.510000228881836 31.389999389648438 AB 4.831398810476356 1.2426170933776641
62680.0563 lsst_hardware_r 10.475420180591078 25.68000030517578 31.450000762939453 AB 9.4231831201034 1.3550737877629884
62680.0763 lsst_hardware_i 24.0579935989699 33.61000061035156 31.229999542236328 AB 8.662369798098553 1.2442358227662385
62682.0558 lsst_hardware_z -54.30562955524463 45.41999816894531 30.920000076293945 AB 4.131956407350623 1.3245218882919054
62682.0753 lsst_hardware_r 4.34570167979001 25.049999237060547 31.479999542236328 AB 3.9536936187029625 1.2235802301596221
62686.0753 lsst_hardware_g -37.824125142862236 15.5600004196167 31.43000030517578 AB 10.083229432655823 1.1782914908157978
62686.0952 lsst_hardware_i 37.400706817765005 32.2599983215332 31.260000228881836 AB 9.874229355330185 1.1124325424960269
62688.0567 lsst_hardware_r -61.01303385994373 25.860000610351562 31.489999771118164 AB 7.68030599375356 1.2336850042171006
62688.0768 lsst_hardware_z 15.093571930176687 43.20000076293945 30.940000534057617 AB 7.166261065427638 1.1529816019994956
62694.0829 lsst_hardware_y -122.20465192547738 78.29000091552734 30.799999237060547 AB 8.902295337153252 1.087391788093018
62699.0736 lsst_hardware_z 36.43038803261743 60.599998474121094 30.979999542236328 AB 1.7294851933901279 1.0772252839552336
62699.0942 lsst_hardware_r 35.06968614872815 78.56999969482422 31.649999618530273 AB 1.765865327774968 1.0387443104558636
62704.0504 lsst_hardware_g 20.243886417123026 15.170000076293945 31.440000534057617 AB 5.686509720138064 1.10054378171818
62704.0698 lsst_hardware_i 14.575707528463937 31.329999923706055 31.25 AB 5.451891337681124 1.0569094677248927
62707.0766 lsst_hardware_r 13.117975498823961 23.670000076293945 31.5 AB 4.853477110176705 1.032654704292916
62707.0962 lsst_hardware_u -4.438272553004707 2.6700000762939453 28.399999618530273 AB 5.403376829172498 1.0119630731664946
62709.0762 lsst_hardware_g -3.5067053792008287 14.850000381469727 31.43000030517578 AB 3.529734464762959 1.026160175815963
62709.0964 lsst_hardware_r 24.35239902309868 23.6200008392334 31.510000228881836 AB 3.080942534480813 1.0081618241101453
62711.0673 lsst_hardware_r 16.8291088387408 23.84000015258789 31.510000228881836 AB 3.9745752896772837 1.0304836115315748
62711.0781 lsst_hardware_i -10.801744618773931 31.06999969482422 31.260000228881836 AB 3.921787983444614 1.018161390708653
62715.9783 lsst_hardware_y 71.46243660558368 49.79999923706055 29.969999313354492 AB 4.9257506557418225 1.242830274787676
62715.9973 lsst_hardware_r 52.07140897379286 24.489999771118164 31.479999542236328 AB 4.467228814764386 1.1637449152738069
62717.9786 lsst_hardware_y 138.74491642209261 50.18000030517578 29.989999771118164 AB 1.5694002629813335 1.2165107651815774
62717.9982 lsst_hardware_z -14.812749746382481 43.43000030517578 30.940000534057617 AB 1.3724750885982333 1.1418261968371326
62718.9787 lsst_hardware_y 114.3175217766392 49.66999816894531 29.989999771118164 AB 1.0172824285049558 1.2043596233286769
62718.998 lsst_hardware_z 30.481798734556595 43.97999954223633 30.940000534057617 AB 1.0815243744193959 1.1336733484480042
62721.9777 lsst_hardware_y 45.906297353811034 58.2400016784668 30.010000228881836 AB 4.008062512262408 1.175643473568171
62721.9951 lsst_hardware_r 43.106044819578855 79.01000213623047 31.6299991607666 AB 3.821493601348337 1.1176136482789054
62722.9798 lsst_hardware_y 32.48302148614808 62.70000076293945 30.030000686645508 AB 2.3732934384039437 1.1579865520390065
62722.9996 lsst_hardware_r -253.96698661469622 105.25 31.649999618530273 AB 2.3157304723933962 1.0977193627778294
62730.9792 lsst_hardware_y -54.69240472432273 49.29999923706055 30.040000915527344 AB 3.697226869715085 1.0940159401435374
62730.998 lsst_hardware_i 35.224674740020056 31.350000381469727 31.260000228881836 AB 3.7375903775288792 1.0533616226390135
62732.9803 lsst_hardware_y -78.11814312805066 49.290000915527344 30.040000915527344 AB 2.839000548009357 1.0782720865995343
62732.9997 lsst_hardware_r -7.560471382911665 23.8799991607666 31.510000228881836 AB 2.619726070993003 1.0412955565391202
62737.9781 lsst_hardware_y 4.317929299864296 52.58000183105469 30.059999465942383 AB 5.0453517327216995 1.0547957419582292
62737.9955 lsst_hardware_u -0.8945515756143 2.8299999237060547 28.489999771118164 AB 5.080723557242028 1.0280183230799795
