data/validation/pwv_sim_epoch_fit_4/43109079.ecsv
# %ECSV 0.9
# ---
# datatype:
# - {name: time, datatype: float64}
# - {name: band, datatype: string}
# - {name: flux, datatype: float64}
# - {name: fluxerr, datatype: float64}
# - {name: zp, datatype: float64}
# - {name: zpsys, datatype: string}
# - {name: pwv, datatype: float64}
# - {name: airmass, datatype: float64}
# meta: {SNID: '43109079', alt: 1024.0, c: -0.07242539525032043, dec: -12.48276, lat: -30.244573, lon: -70.7499537, ra: 250.3125, t0: 60422.87109375,
#   x0: 9.099753029517249e-06, x1: 0.37334781885147095, z: 0.47842511534690857}
# schema: astropy-2.0
time band flux fluxerr zp zpsys pwv airmass
60385.4014 lsst_hardware_r 24.69561259917889 26.489999771118164 31.530000686645508 AB 9.56749184145233 1.0506030572605047
60389.271 lsst_hardware_u -2.4798988753466857 2.5799999237060547 28.15999984741211 AB 6.475019174899861 1.4290485930037704
60392.383 lsst_hardware_r -10.094479701631618 37.560001373291016 31.59000015258789 AB 7.078357466184997 1.050435180854047
60392.4026 lsst_hardware_y -0.47550481468377415 49.880001068115234 30.040000915527344 AB 7.176387107652338 1.0531827278620742
60395.3318 lsst_hardware_r -17.08372269500378 95.67939095748484 31.639999389648438 AB 7.611856971308586 1.09566475530728
60395.3487 lsst_hardware_y 153.53535995960542 55.63687317986495 30.049999237060547 AB 8.318450943264123 1.0690836696529882
60397.3952 lsst_hardware_z 7.277081696056963 96.49087159110269 31.739999771118164 AB 9.763788016978683 1.057068352614076
60399.3614 lsst_hardware_r 193.66894348957078 91.96662093245025 31.649999618530273 AB 4.357170821235121 1.0511026426266645
60399.3798 lsst_hardware_z 120.49284303552677 68.50536167427764 30.979999542236328 AB 5.257889995129652 1.0515779990259304
60405.2446 lsst_hardware_u 7.105427971130272 3.6171075103813153 28.31999969482422 AB 19.496439811162247 1.312862100367829
60405.2655 lsst_hardware_g 342.68733140472614 24.43938071661836 31.40999984741211 AB 17.67115263611047 1.210352920281539
60406.2349 lsst_hardware_r 2297.5179987341758 59.841206189040484 32.209999084472656 AB 11.72426306259316 1.3557326596108488
60406.2545 lsst_hardware_i 1597.9379875015347 61.09298116553874 31.979999542236328 AB 9.973746784598292 1.2467183480747865
60413.3529 lsst_hardware_z 1330.701837564098 54.42502934598132 30.959999084472656 AB 7.1062055842185705 1.0581271499022564
60413.3697 lsst_hardware_u 27.48775286375897 4.934746022380381 28.56999969482422 AB 7.218893196398211 1.0769913016482897
60415.3259 lsst_hardware_g 1476.0026984480803 41.27532997525973 31.479999542236328 AB 17.93671587869168 1.0497697504062709
60415.3427 lsst_hardware_r 3153.942196763698 60.353542028139394 31.530000686645508 AB 18.166504397909197 1.0547969631974683
60420.2066 lsst_hardware_z 1598.9824688555345 66.86469255938594 30.950000762939453 AB 8.804060912008609 1.2961444110428575
60420.2205 lsst_hardware_i 2026.0543811829448 68.9169528084969 31.280000686645508 AB 9.804442746834813 1.2275244972353332
60423.3133 lsst_hardware_z 3665.058932353442 115.28819196270065 31.739999771118164 AB 9.356014595016152 1.051237594945635
60426.2987 lsst_hardware_r 3349.589526418323 143.79486445863395 31.65999984741211 AB 2.1198043880309494 1.0498845456424692
60426.3162 lsst_hardware_i 2217.2904038890483 116.0099860941238 31.34000015258789 AB 2.13492197456246 1.0571973628832385
60429.2957 lsst_hardware_z 3313.8556023390674 95.86620402752226 31.719999313354492 AB 11.513260242180237 1.0508634759200655
60443.223 lsst_hardware_z 942.6787457792277 51.57468683238339 30.940000534057617 AB 7.135184355493065 1.0631281167388742
60443.2426 lsst_hardware_i 1362.44791319822 48.261679141557984 31.25 AB 7.078343221483435 1.0507189344111816
60445.2194 lsst_hardware_u 4.922376198814819 3.480010432581676 28.399999618530273 AB 5.686552507370534 1.0613199901774044
60445.2398 lsst_hardware_g 266.59809506298484 21.978177115446808 31.450000762939453 AB 5.520085702898607 1.0501447166173283
60447.2275 lsst_hardware_r 1114.6525748353126 45.89587749520112 31.559999465942383 AB 8.41615423215993 1.0521507978697249
60447.2472 lsst_hardware_i 1149.0842989017815 46.20689241597302 31.25 AB 8.404410720288457 1.0510549705427756
60452.189 lsst_hardware_r 756.5588566785809 126.95737817142613 31.649999618530273 AB 2.14880703881294 1.07440351940647
60454.1532 lsst_hardware_r 1020.9046000800986 164.0391251588414 31.639999389648438 AB 6.448306496866282 1.1369332642138612
60458.184 lsst_hardware_z 772.4169682366565 56.95097578174718 30.969999313354492 AB 9.338855576324567 1.0612335882187007
60458.2031 lsst_hardware_i 753.3826953961628 55.96799537511478 31.309999465942383 AB 9.243287462344888 1.0503735752664645
60460.1793 lsst_hardware_u 4.478778651200594 4.117792716368752 28.639999389648438 AB 8.284376493202231 1.060535939730171
60460.2007 lsst_hardware_g 119.18105048335532 26.789965267683517 31.6200008392334 AB 8.210219243360518 1.0499001589975085
60462.1858 lsst_hardware_r 420.56624625932847 31.519428721162225 31.510000228881836 AB 10.748670131104957 1.0524755948304774
60462.2095 lsst_hardware_i 592.4542571500871 40.1203294637406 31.25 AB 11.055710921235567 1.0522567501175986
60466.1577 lsst_hardware_r 281.7678126617378 30.342416631483616 31.5 AB 5.993663231611334 1.0657769693907686
60466.1772 lsst_hardware_g 66.83745974406554 17.60831917389225 31.459999084472656 AB 5.688810969990372 1.0515362236581496
60468.1502 lsst_hardware_r 299.1929617531279 29.84077291492921 31.510000228881836 AB 3.2219761717437914 1.0681174114847276
60468.1696 lsst_hardware_i 533.436522193865 38.538464458732584 31.25 AB 3.5913871121676713 1.052395432248607
60485.1011 lsst_hardware_i 239.01479977225523 68.68974904279877 31.329999923706055 AB 5.66307187964705 1.0714523067522996
60485.12 lsst_hardware_z 324.803155736671 63.49230592318745 30.979999542236328 AB 5.576317024887011 1.053991373151599
60487.1107 lsst_hardware_r 217.19929988683887 43.69203540407443 31.610000610351562 AB 8.240092782524796 1.056422151605743
60487.1296 lsst_hardware_z 283.6290273804867 50.47361286179262 30.959999084472656 AB 8.447511416740836 1.0497715194160624
60490.1176 lsst_hardware_g 31.434391401652892 16.21206425288206 31.440000534057617 AB 3.7696612313467113 1.050044911238729
60490.1379 lsst_hardware_r 195.44403236336262 27.543579792572743 31.510000228881836 AB 3.3927098068459847 1.0547830893350036
60493.093 lsst_hardware_r 157.14226405223874 27.326660642648903 31.510000228881836 AB 6.843047913465359 1.05738571930961
60493.1149 lsst_hardware_i 215.49911673865105 35.04680738135437 31.25 AB 6.778699758686545 1.0498218613422274
60497.1143 lsst_hardware_u 0.24990565333559422 3.8499999046325684 29.170000076293945 AB 2.703837676138131 1.0524181678124414
60497.1367 lsst_hardware_r 11.21815903738834 33.95000076293945 32.25 AB 1.9294694461284638 1.0719274700713688
60499.0954 lsst_hardware_i -46.29059842099288 44.43000030517578 32.0099983215332 AB 3.288362511810031 1.0498124439108325
60499.1176 lsst_hardware_z -21.137257427662398 59.400001525878906 31.700000762939453 AB 3.3177907927532457 1.0577441422167277
60501.0945 lsst_hardware_r 51.317345630333435 23.889999389648438 31.510000228881836 AB 7.723767978943367 1.049948069093756
60501.1152 lsst_hardware_u -0.5819507619512381 2.75 28.440000534057617 AB 7.702765947734272 1.0602933270565247
60503.0917 lsst_hardware_g 11.003632228283351 18.600000381469727 31.540000915527344 AB 7.249736706530272 1.050382020650607
60503.1129 lsst_hardware_r -23.72774560350058 25.5 31.530000686645508 AB 7.372968708406965 1.063306707298348
60506.0641 lsst_hardware_r 23.396054356455405 48.88999938964844 31.6200008392334 AB 4.100026637382842 1.0532242935435652
60506.0863 lsst_hardware_i -41.247009948518084 45.4900016784668 31.299999237060547 AB 4.040501734808524 1.0511190777337471
60508.0629 lsst_hardware_z -66.24927702336133 66.5999984741211 30.979999542236328 AB 2.295742689267163 1.0514049412718363
60508.0852 lsst_hardware_r 41.03399223256975 86.56999969482422 31.649999618530273 AB 2.545615249377831 1.0528497619264483
60511.0629 lsst_hardware_z 226.23020334863403 77.11000061035156 30.989999771118164 AB 5.983860959714119 1.049800168370898
60511.0854 lsst_hardware_r -99.6060289357736 113.69000244140625 31.649999618530273 AB 5.995347631848404 1.0581892625489917
60514.0461 lsst_hardware_i 9.089670764450705 58.06999969482422 31.31999969482422 AB 6.414474414167778 1.0515531826504554
60514.0666 lsst_hardware_z -62.60798327434658 55.56999969482422 30.969999313354492 AB 6.416477831434739 1.0518816117106131
60516.0391 lsst_hardware_r 35.725224453588645 24.020000457763672 31.510000228881836 AB 9.664755429002943 1.0521561231995076
60516.0615 lsst_hardware_u -0.6249696308908219 2.6700000762939453 28.3700008392334 AB 8.899445360816602 1.0520267981105604
60520.0198 lsst_hardware_u 3.377492248337996 2.7300000190734863 28.40999984741211 AB 5.412703529687886 1.0569966209317272
60520.0413 lsst_hardware_g -8.825337974429535 15.170000076293945 31.440000534057617 AB 5.364287027504247 1.0498311098253468
60525.0143 lsst_hardware_r -42.25839500966849 24.190000534057617 31.5 AB 0.41300908382544627 1.052252442867379
60525.0347 lsst_hardware_i -31.379160358158835 31.510000228881836 31.25 AB 0.339540815791076 1.0512099560095232
60529.0074 lsst_hardware_u 2.2926148520681693 2.859999895095825 28.5 AB 4.0749377492112835 1.05082849079244
60529.0281 lsst_hardware_r 22.047225250981878 24.399999618530273 31.510000228881836 AB 4.055853146782427 1.052966936986481
60531.0051 lsst_hardware_i -68.31483011607403 32.099998474121094 31.260000228881836 AB 3.409424294357234 1.0501306861469921
60531.025 lsst_hardware_z 73.81307286107126 42.2599983215332 30.950000762939453 AB 3.2680879258490143 1.0542219115641982
60532.9814 lsst_hardware_y 11.209420284544583 48.88999938964844 30.040000915527344 AB 5.847309180608438 1.0592951414153664
60533.0029 lsst_hardware_r -19.585064426861873 29.729999542236328 31.559999465942383 AB 2.409286194655272 1.0497979061678746
60534.9796 lsst_hardware_y -67.43081973553289 51.189998626708984 30.049999237060547 AB 5.566171064571578 1.0564500241184933
60534.9976 lsst_hardware_g 14.708816943952387 46.619998931884766 31.709999084472656 AB 5.388931568732126 1.0497918640387258
60538.9703 lsst_hardware_y 23.185036549394006 72.66999816894531 30.06999969482422 AB 3.553109049774879 1.0553528030815709
60538.9899 lsst_hardware_r -69.36301835496859 80.7300033569336 31.649999618530273 AB 3.6779487367359187 1.049867619135351
60540.9715 lsst_hardware_y 73.12978866307809 71.41000366210938 30.06999969482422 AB 2.725700622073331 1.0518863953971198
60540.9896 lsst_hardware_r -12.714567783907812 84.08999633789062 31.65999984741211 AB 2.691329322657209 1.0507874368596057
60542.9716 lsst_hardware_y -50.23634977608285 69.66000366210938 30.06999969482422 AB 3.473034863290155 1.0502600261952992
60542.9915 lsst_hardware_z -26.550309524500232 49.939998626708984 30.969999313354492 AB 3.4964548904758184 1.053810339965084
60749.2713 lsst_hardware_z 42.46809407450836 71.16000366210938 30.920000076293945 AB 13.504295803830022 1.5522179084862096
60749.2888 lsst_hardware_y -84.47539837920615 57.900001525878906 29.940000534057617 AB 12.206690896471157 1.4030679191346158
60753.3924 lsst_hardware_r 141.24835494708216 118.2300033569336 32.40999984741211 AB 6.610749120298107 1.051007425159015
60755.3908 lsst_hardware_y 146.9843765273621 75.12000274658203 30.809999465942383 AB 6.3487830064640915 1.050108836355191
60761.3814 lsst_hardware_i 13.565681506701461 31.770000457763672 31.260000228881836 AB 8.245764780293097 1.049880924407073
60761.4005 lsst_hardware_y 8.992868772375829 48.63999938964844 30.049999237060547 AB 8.270636224235249 1.0585059479407826
60763.3568 lsst_hardware_z -24.552517171459108 42.11000061035156 30.950000762939453 AB 9.33221976366058 1.0548158765334517
60763.3763 lsst_hardware_i -67.63993285575019 31.670000076293945 31.260000228881836 AB 9.677443268411073 1.049917901245258
60766.3566 lsst_hardware_u -2.0411678315310495 2.819999933242798 28.479999542236328 AB 6.330265328430009 1.0511025867048718
60766.3757 lsst_hardware_g -16.55824836077206 15.369999885559082 31.459999084472656 AB 7.1313059612132275 1.0518150385270246
60768.3472 lsst_hardware_r 8.610403516180813 24.170000076293945 31.510000228881836 AB 6.020196652094201 1.0526352881412218
60768.3658 lsst_hardware_i -34.65137918081909 31.469999313354492 31.25 AB 6.011617657546687 1.0504464782025518
60772.3475 lsst_hardware_g -5.702059497021267 15.229999542236328 31.459999084472656 AB 8.5053548052165 1.049784597039805
60772.3672 lsst_hardware_r -0.47552037989615115 24.15999984741211 31.510000228881836 AB 8.565149180561715 1.0560568621616173
60774.3447 lsst_hardware_i 35.75999408540173 31.309999465942383 31.25 AB 7.555522668860702 1.049791260754561
60774.3637 lsst_hardware_z 93.48106873344908 41.70000076293945 30.950000762939453 AB 7.592590989292135 1.0574761994858994
60781.2694 lsst_hardware_i 183.75443475848402 174.4199981689453 32.52000045776367 AB 18.288636579715607 1.1075966920854898
60781.2881 lsst_hardware_r 22.3991128280501 121.38999938964844 31.65999984741211 AB 17.778020531094786 1.074233090491845
60783.3314 lsst_hardware_z -19.43504217899022 87.19000244140625 31.739999771118164 AB 13.551708517274358 1.0527234146876685
60785.3235 lsst_hardware_r 15.530970933216063 44.29999923706055 31.6200008392334 AB 3.746641795889003 1.051688925161749
60785.341 lsst_hardware_i 16.498333150959713 42.540000915527344 31.299999237060547 AB 4.753318006986804 1.0640962630371174
60791.2937 lsst_hardware_i 9.784080746088268 31.3700008392334 31.25 AB 3.949097967840182 1.0499429625364392
60791.3126 lsst_hardware_z -24.17643063152391 41.7599983215332 30.950000762939453 AB 3.9579346628332894 1.054324630482985
60796.2811 lsst_hardware_g 10.692501288637654 15.229999542236328 31.469999313354492 AB 9.466321788947907 1.0498402213189548
60796.3001 lsst_hardware_r 7.44204413650936 24.049999237060547 31.510000228881836 AB 10.33077395704568 1.055021850188522
60799.2599 lsst_hardware_r -39.8005386861233 24.1200008392334 31.520000457763672 AB 9.718771196244155 1.0540013949835505
60799.278 lsst_hardware_i -29.005331406543746 31.3700008392334 31.25 AB 9.672007958103496 1.0499167359944452
60805.2584 lsst_hardware_i 4.435809126901289 68.37999725341797 31.34000015258789 AB 7.4532778057386535 1.0497574374279794
60805.2771 lsst_hardware_z -28.04474413576854 62.15999984741211 30.989999771118164 AB 7.497987303914146 1.0560545498470628
60807.25 lsst_hardware_i 127.08487090333314 103.41999816894531 31.34000015258789 AB 11.129426563488739 1.0499459022159188
60807.2715 lsst_hardware_z 1.01664386716608 86.76000213623047 31.0 AB 11.116084289748633 1.05595937016708
60809.2316 lsst_hardware_z 132.41199601904398 107.12999725341797 31.0 AB 7.08151859814308 1.0545820697160209
60809.252 lsst_hardware_r -11.258224139735292 151.8800048828125 31.65999984741211 AB 7.171069405270937 1.050090702192259
60811.2315 lsst_hardware_i -38.25702744827046 75.55999755859375 31.34000015258789 AB 5.553271342121019 1.051905354382043
60811.2494 lsst_hardware_r -35.702273352867074 92.20999908447266 31.65999984741211 AB 5.639410682843187 1.050691345704233
60813.2233 lsst_hardware_z 16.944034857832396 70.69999694824219 31.719999313354492 AB 8.420634962823843 1.0531388503672447
60816.2062 lsst_hardware_g -9.285284881755365 15.4399995803833 31.469999313354492 AB 7.941085690121465 1.0591056213554242
60816.2286 lsst_hardware_r -35.76773135249067 26.299999237060547 31.540000915527344 AB 7.232911442989665 1.04975674357925
60822.2012 lsst_hardware_i 48.70355196279545 31.790000915527344 31.260000228881836 AB 5.217375743363382 1.0520139956036594
60822.2191 lsst_hardware_z 76.69013005521677 42.150001525878906 30.950000762939453 AB 5.221597390573809 1.0506232174192776
60825.1968 lsst_hardware_i -56.42186346069846 31.84000015258789 31.260000228881836 AB 13.029059135683452 1.050730575458343
60825.2157 lsst_hardware_u 2.9704847521753646 2.869999885559082 28.5 AB 12.837588257362942 1.052261332570733
60831.1637 lsst_hardware_r 16.333640707470682 45.400001525878906 31.6200008392334 AB 8.823034235510999 1.0604502241176668
60831.1855 lsst_hardware_i -19.899235414600682 42.650001525878906 31.299999237060547 AB 8.57854852856744 1.0498453148009719
60841.1428 lsst_hardware_z -47.82886983721179 74.12999725341797 31.719999313354492 AB 12.975729593786102 1.0554808378666063
60843.1839 lsst_hardware_g -13.196475565656243 37.630001068115234 31.68000030517578 AB 5.493425899330949 1.0654433474264835
60843.1953 lsst_hardware_r 0.1582260344605837 39.91999816894531 31.600000381469727 AB 5.56685474997062 1.0805580052351933
60845.1456 lsst_hardware_r -43.31327000461702 24.3799991607666 31.530000686645508 AB 3.990124250714013 1.0500326975563192
60845.1659 lsst_hardware_i -3.798203339957031 31.739999771118164 31.270000457763672 AB 4.008115709997394 1.0547672921045774
60859.0824 lsst_hardware_i 42.744255224637065 37.599998474121094 31.280000686645508 AB 6.770241617075211 1.0652710864079964
60859.1017 lsst_hardware_z 33.186413817460675 44.5 30.950000762939453 AB 6.728490364603537 1.0514361440676432
60862.0833 lsst_hardware_r 97.23509529253471 79.26000213623047 31.649999618530273 AB 6.558500930053233 1.0569845305555916
60862.1036 lsst_hardware_z 36.0972332363094 62.2400016784668 30.989999771118164 AB 5.560785982094882 1.0497660979948178
60864.0721 lsst_hardware_r -48.92971800721775 120.11000061035156 31.65999984741211 AB 2.003076771451872 1.061842172435473
60864.094 lsst_hardware_i -19.507631827238935 102.27999877929688 31.34000015258789 AB 1.8212184264015745 1.049996210090208
60866.0687 lsst_hardware_z -235.59108953562688 81.76000213623047 31.0 AB 8.88195386018748 1.0599517311148037
60866.0906 lsst_hardware_i -117.10740367505431 96.63999938964844 31.34000015258789 AB 9.12943530004628 1.0498028249506761
60869.0823 lsst_hardware_z 34.516683636237495 78.44999694824219 31.729999542236328 AB 6.552558243036207 1.0498090643048836
60871.0433 lsst_hardware_g -25.025393234712567 15.039999961853027 31.440000534057617 AB 6.755528052481596 1.0729731000725207
60871.0602 lsst_hardware_r 50.63608060599165 23.889999389648438 31.5 AB 6.643011712758929 1.0559408230313692
60876.0412 lsst_hardware_i 6.690451427080376 31.450000762939453 31.25 AB 3.0980361230320015 1.0601241438457858
60876.0602 lsst_hardware_z 18.4860513037394 41.79999923706055 30.950000762939453 AB 2.9497924014623935 1.050153048848866
60878.0339 lsst_hardware_r -6.471676709339095 24.059999465942383 31.510000228881836 AB 6.328430885532756 1.0618172626732811
60878.0548 lsst_hardware_g 3.880948949422989 15.149999618530273 31.459999084472656 AB 5.415587050757612 1.0501429223885228
60885.0124 lsst_hardware_r 13.01805876790564 24.90999984741211 31.520000457763672 AB 4.7524988336458085 1.0642106776343971
60885.0309 lsst_hardware_u -0.2718791770714314 3.0399999618530273 28.559999465942383 AB 4.66203888315518 1.0513703294029835
60889.0135 lsst_hardware_i -31.3211900141738 44.5099983215332 31.290000915527344 AB 2.809421500552401 1.054389754382586
60889.032 lsst_hardware_z -74.84226939989982 48.529998779296875 30.959999084472656 AB 2.764373681977794 1.0498950558214182
60893.0091 lsst_hardware_r 50.93292780148374 90.41999816894531 31.649999618530273 AB 1.1995969702113598 1.051355802113374
60893.0312 lsst_hardware_i -7.018312843634817 74.66999816894531 31.329999923706055 AB 1.287043082334867 1.0527959773700344
60895.0072 lsst_hardware_z 33.02517761572927 66.02999877929688 30.989999771118164 AB 4.090481688980855 1.0503676339076065
60895.027 lsst_hardware_i 172.95507868997538 74.7699966430664 31.34000015258789 AB 4.058493366191786 1.0534244764297767
60897.9802 lsst_hardware_y 60.443346555391415 48.25 30.040000915527344 AB 8.248190607356275 1.0609628719627329
60898.0001 lsst_hardware_u -9.75977344595722 6.880000114440918 29.09000015258789 AB 10.56669647394665 1.0501586636798497
60899.9825 lsst_hardware_y 74.18768842465803 48.5099983215332 30.049999237060547 AB 4.404163857199168 1.0549737760777311
60900.0037 lsst_hardware_r -31.512580874839696 24.709999084472656 31.530000686645508 AB 2.3072081987682935 1.050123208238935
60902.9888 lsst_hardware_z 93.07408804687206 60.0 31.709999084472656 AB 6.360743870248591 1.0498586933728968
60908.975 lsst_hardware_y -181.3988730656514 81.9800033569336 30.809999465942383 AB 3.4642219183448466 1.0497642176802566
60909.0016 lsst_hardware_i -84.57702416586527 45.40999984741211 32.0 AB 3.2049834821930063 1.0632478653742141
