data/validation/pwv_sim_epoch_fit_4/43224326.ecsv
# %ECSV 0.9
# ---
# datatype:
# - {name: time, datatype: float64}
# - {name: band, datatype: string}
# - {name: flux, datatype: float64}
# - {name: fluxerr, datatype: float64}
# - {name: zp, datatype: float64}
# - {name: zpsys, datatype: string}
# - {name: pwv, datatype: float64}
# - {name: airmass, datatype: float64}
# meta: {SNID: '43224326', alt: 1024.0, c: -0.04812901094555855, dec: -19.15501, lat: -30.244573, lon: -70.7499537, ra: 225.175781, t0: 62225.49609375,
#   x0: 4.182407478461172e-06, x1: -0.48955512046813965, z: 0.6599087119102478}
# schema: astropy-2.0
time band flux fluxerr zp zpsys pwv airmass
[from data line 132]
62603.2666 lsst_hardware_r 4.43667506140934 24.489999771118164 31.540000915527344 AB 5.957854347258655 1.0186107620548221
62603.2843 lsst_hardware_u -2.7025428121928012 3.009999990463257 28.6200008392334 AB 6.032408161544662 1.0240910213979564
62605.2654 lsst_hardware_z 22.92375073836165 65.69000244140625 31.719999313354492 AB 7.181139197410724 1.0189626388663673
62605.2835 lsst_hardware_i -70.48633093262188 39.36000061035156 31.299999237060547 AB 7.22663436470863 1.0273131515685023
62607.2107 lsst_hardware_z -31.925928226424215 62.90999984741211 30.989999771118164 AB 17.19530661301297 1.0529887699334337
62607.2293 lsst_hardware_r -0.7959957291834465 85.93000030517578 31.65999984741211 AB 16.8177804683718 1.030106758647687
62609.2636 lsst_hardware_y -43.89493057432017 98.91000366210938 30.829999923706055 AB 12.982906564453579 1.0217732662629602
62615.1581 lsst_hardware_i 56.96371064797527 61.09000015258789 32.45000076293945 AB 10.692419081716688 1.1218079594726234
62615.1824 lsst_hardware_z -73.62264382612102 76.44000244140625 32.13999938964844 AB 8.417648240026505 1.064032305734761
62617.2299 lsst_hardware_r 35.08700439156614 24.760000228881836 31.530000686645508 AB 6.030671122987012 1.018665767797136
62617.2496 lsst_hardware_u 1.151876957753719 3.119999885559082 28.610000610351562 AB 6.082610928832811 1.0264566326254396
62621.2283 lsst_hardware_z 124.93383104486925 41.7599983215332 30.950000762939453 AB 10.090975568010123 1.0207081115701224
62621.2475 lsst_hardware_r 12.997682416533351 24.959999084472656 31.530000686645508 AB 10.237411746646455 1.0342909422758593
62624.2109 lsst_hardware_u 1.040627162487242 2.940000057220459 28.559999465942383 AB 12.111001360096425 1.0186728370843994
62624.2305 lsst_hardware_g -16.898936323390014 16.0 31.510000228881836 AB 12.141373798547571 1.026465306344729
62626.213 lsst_hardware_r 1.6136206385316185 24.770000457763672 31.540000915527344 AB 9.310757380013461 1.0201333822738767
62626.2311 lsst_hardware_i -22.598790015102573 31.739999771118164 31.260000228881836 AB 9.397108139479991 1.0315534567104532
62628.1916 lsst_hardware_i 11.314337005033972 31.709999084472656 31.260000228881836 AB 6.515189912506734 1.0192990919412896
62628.2088 lsst_hardware_z -36.02314343843191 41.72999954223633 30.950000762939453 AB 6.950043675925131 1.0205644164354084
62630.0929 lsst_hardware_g -6.565604656686825 17.989999771118164 31.459999084472656 AB 10.366937604097526 1.2103367377137522
62630.1078 lsst_hardware_i 61.91014801832253 33.18000030517578 31.239999771118164 AB 9.781793660016497 1.1517929578478712
62632.1979 lsst_hardware_z -53.07162676879348 42.849998474121094 30.959999084472656 AB 7.942941332361604 1.020571942398212
62632.2184 lsst_hardware_r 43.172577904159674 24.860000610351562 31.520000457763672 AB 7.7873047641145465 1.0352819778799056
62635.1589 lsst_hardware_y -191.04480907034292 73.51000213623047 30.809999465942383 AB 6.472081262531539 1.0253614167508438
62638.1584 lsst_hardware_r 5.8391075844301445 172.02999877929688 31.670000076293945 AB 8.047999324390624 1.0211577255373725
62638.1799 lsst_hardware_i 185.2996176226655 137.6999969482422 31.350000381469727 AB 6.956755802481614 1.0200272430998831
62640.0686 lsst_hardware_z -17.768217095697022 77.22000122070312 30.969999313354492 AB 9.704504251800913 1.1973724631558582
62640.0849 lsst_hardware_r 30.483976123170045 106.97000122070312 31.639999389648438 AB 9.108390527287376 1.1370682582829494
62643.1405 lsst_hardware_z -49.78746155846822 45.0099983215332 30.959999084472656 AB 5.032493954977032 1.0232285782498227
62643.1626 lsst_hardware_r 29.315542078677744 41.9900016784668 31.6200008392334 AB 5.048736321267907 1.0191231976721653
62645.1153 lsst_hardware_g 13.92564768421215 15.609999656677246 31.459999084472656 AB 9.004500313831914 1.0411231164702655
62645.1343 lsst_hardware_i 46.018635459300825 31.459999084472656 31.260000228881836 AB 7.708269992657695 1.0236519766261378
62651.1212 lsst_hardware_u -0.5081138022994507 2.9200000762939453 28.549999237060547 AB 12.366445553770523 1.021914723997151
62651.1389 lsst_hardware_g 1.3581025366252244 15.770000457763672 31.5 AB 12.334700760825154 1.0188354152663948
62656.0999 lsst_hardware_z -19.703134944908932 41.459999084472656 30.940000534057617 AB 11.928449426591039 1.0265373392265722
62656.1221 lsst_hardware_r -28.1770678375814 24.209999084472656 31.510000228881836 AB 11.820909575161078 1.0186121895312543
62658.088 lsst_hardware_r -46.24728522527814 24.18000030517578 31.520000457763672 AB 5.263245118308576 1.0320088467271717
62658.1087 lsst_hardware_u 1.5219672267811037 2.7300000190734863 28.420000076293945 AB 5.199593766910136 1.0195281895902228
62677.0522 lsst_hardware_r 48.72455344603984 24.040000915527344 31.510000228881836 AB 4.806544656310007 1.0210397570494243
62677.0739 lsst_hardware_z -79.35875851668457 41.34000015258789 30.950000762939453 AB 4.878509168850483 1.020181758437993
62679.045 lsst_hardware_r 18.409478147188423 24.079999923706055 31.510000228881836 AB 7.668920871328985 1.0217961722324993
62679.064 lsst_hardware_u -1.9705162811226764 2.7300000190734863 28.420000076293945 AB 7.711969642858878 1.0190683578635702
62681.0495 lsst_hardware_g 27.719750012060413 15.350000381469727 31.469999313354492 AB 3.6026547366685002 1.0188503214560238
62681.0684 lsst_hardware_r -17.594344766387422 24.110000610351562 31.510000228881836 AB 3.610772371917251 1.022447224102294
62683.0362 lsst_hardware_i -11.257895678002013 31.149999618530273 31.25 AB 8.312828148589585 1.020887065007471
62683.0572 lsst_hardware_z -27.093122231700697 41.18000030517578 30.950000762939453 AB 8.172203460941942 1.020080318832756
62687.0114 lsst_hardware_z 29.151384004902383 41.66999816894531 30.959999084472656 AB 3.856334717416124 1.0296372510011012
62687.0333 lsst_hardware_r -28.708146824440863 24.59000015258789 31.530000686645508 AB 3.861525854612196 1.018827453835503
62689.0149 lsst_hardware_z 17.330639870228072 42.25 30.950000762939453 AB 3.06968359627557 1.02322786542519
62689.0373 lsst_hardware_g -16.04123025420439 21.600000381469727 31.579999923706055 AB 3.057543505655099 1.0191811685516996
62695.9964 lsst_hardware_r 70.40942469437843 95.4800033569336 31.65999984741211 AB 8.498176616105113 1.022890781909708
62696.0184 lsst_hardware_z 22.996783377836802 66.80000305175781 30.989999771118164 AB 7.144337007091414 1.0192242059691727
62697.9956 lsst_hardware_r -92.72809180330856 64.19000244140625 31.649999618530273 AB 4.289527427340623 1.0207489713668494
62698.0145 lsst_hardware_y 50.56037116672762 51.52000045776367 30.059999465942383 AB 4.462035481723313 1.0195830943080157
62699.962 lsst_hardware_z 4.726199893038742 53.88999938964844 30.969999313354492 AB 2.0528692581963974 1.045249113134622
62699.9687 lsst_hardware_g -6.011086346357799 17.31999969482422 31.5 AB 2.0503597527201416 1.0368443755854067
62702.9739 lsst_hardware_y -57.814202680613164 48.2400016784668 30.049999237060547 AB 5.646588529158093 1.0249132131821321
62702.9926 lsst_hardware_i 57.96528044481404 31.75 31.260000228881836 AB 5.575217869294401 1.0186147142438005
62707.9598 lsst_hardware_y -54.63602236288934 67.69000244140625 30.06999969482422 AB 8.468748164577239 1.025210116164547
62707.9774 lsst_hardware_g -15.198242541090199 16.59000015258789 31.489999771118164 AB 8.386093537821214 1.0186879088731775
62711.9623 lsst_hardware_y -49.233229324009706 73.63999938964844 30.06999969482422 AB 5.380644978654669 1.0192867701805328
62711.9807 lsst_hardware_u 2.6336406962854184 3.0199999809265137 28.479999542236328 AB 5.397609319658907 1.0210497483433405
