data/validation/pwv_sim_epoch_fit_4/43246283.ecsv
# %ECSV 0.9
# ---
# datatype:
# - {name: time, datatype: float64}
# - {name: band, datatype: string}
# - {name: flux, datatype: float64}
# - {name: fluxerr, datatype: float64}
# - {name: zp, datatype: float64}
# - {name: zpsys, datatype: string}
# - {name: pwv, datatype: float64}
# - {name: airmass, datatype: float64}
# meta: {SNID: '43246283', alt: 1024.0, c: -0.08683312684297562, dec: 0.298417, lat: -30.244573, lon: -70.7499537, ra: 198.808594, t0: 60428.1015625,
#   x0: 8.403664679850982e-06, x1: 0.7672598361968994, z: 0.49443235993385315}
# schema: astropy-2.0
time band flux fluxerr zp zpsys pwv airmass
60345.3681 lsst_hardware_r -21.44060473579663 27.079999923706055 31.510000228881836 AB 7.987895182837436 1.1605392843882818
60349.316 lsst_hardware_r 10.103671746006894 24.780000686645508 31.479999542236328 AB 6.596217581986244 1.2139905368521835
60349.3341 lsst_hardware_y 28.798561209491258 48.84000015258789 30.0 AB 7.79614976440275 1.1800130820720087
60351.3671 lsst_hardware_i -4.4540872833310745 32.709999084472656 31.239999771118164 AB 5.1800984929544045 1.1613919607543084
60351.3851 lsst_hardware_y 76.58667674561337 60.75 30.010000228881836 AB 4.464214297131229 1.1764443861027483
60353.3672 lsst_hardware_g 10.717087029598623 15.4399995803833 31.420000076293945 AB 6.512483449035671 1.1643989717567802
60353.384 lsst_hardware_y -132.58770425002845 54.2599983215332 30.0 AB 5.847547313971093 1.1824573710067425
60355.3339 lsst_hardware_r -21.010937442149245 24.610000610351562 31.489999771118164 AB 4.673442211934549 1.163705730063395
60355.3508 lsst_hardware_i 0.8897206647019672 32.47999954223633 31.239999771118164 AB 4.742912319082132 1.1598489500720615
60357.2913 lsst_hardware_z 20.30844305990912 44.4900016784668 30.93000030517578 AB 5.435521388192041 1.2210081740603609
60357.3084 lsst_hardware_u 2.637126529878838 2.700000047683716 28.34000015258789 AB 5.860831325426323 1.185802999580446
60361.3408 lsst_hardware_i -4.46407412655993 32.619998931884766 31.239999771118164 AB 6.711946675386414 1.1618227205861804
60361.3576 lsst_hardware_z 10.453863018933133 43.93000030517578 30.940000534057617 AB 6.7081951308872965 1.176188509214605
60366.3179 lsst_hardware_z -200.58348658311525 132.24000549316406 31.729999542236328 AB 7.615274931109685 1.1595688150101215
60368.3048 lsst_hardware_r 88.34069395942095 114.61000061035156 31.6299991607666 AB 6.0767752179482 1.1606867000187566
60368.3227 lsst_hardware_i 77.61468838846466 95.0199966430664 31.309999465942383 AB 6.129136992396161 1.1623073042992766
60370.3161 lsst_hardware_z -34.991102899866966 82.98999786376953 31.709999084472656 AB 4.057936878114595 1.1617617210396074
60371.3072 lsst_hardware_z -63.0666898749589 51.0 30.950000762939453 AB 7.065267244086912 1.1598567256155154
60371.3256 lsst_hardware_r 20.672078170036777 51.18000030517578 31.59000015258789 AB 7.054978074929029 1.1708049744727262
60376.1672 lsst_hardware_i 97.27371369464979 50.290000915527344 31.920000076293945 AB 17.496262354398123 1.6216008484543418
60376.1939 lsst_hardware_u 1.4118602275893122 2.569999933242798 28.18000030517578 AB 15.118773045240154 1.410464879675347
60380.273 lsst_hardware_u -1.388744229330742 2.700000047683716 28.350000381469727 AB 9.276478357869333 1.1603938277973922
60380.2936 lsst_hardware_g -1.624237689768163 15.229999542236328 31.420000076293945 AB 8.833061940321203 1.1644666719822296
60383.2002 lsst_hardware_r 24.782600090347028 24.989999771118164 31.469999313354492 AB 13.257350056411662 1.2849382172436472
60383.2186 lsst_hardware_i -90.44549502572626 32.939998626708984 31.229999542236328 AB 11.378852129404454 1.225443124161786
60385.2808 lsst_hardware_z -6.023016614687592 43.380001068115234 30.93000030517578 AB 9.20396544735631 1.1650589173868746
60385.2999 lsst_hardware_u -4.201105484749392 2.630000114440918 28.280000686645508 AB 9.582002989003445 1.1875817052740218
60389.1436 lsst_hardware_i -94.6796153253041 71.0 31.969999313354492 AB 7.74420426304708 1.5148822423435484
60389.1595 lsst_hardware_z 20.060553703816982 75.91999816894531 31.670000076293945 AB 7.3231265621083965 1.403794229158194
60392.2712 lsst_hardware_z -2.0315716538802246 76.04000091552734 30.969999313354492 AB 7.184794255451266 1.1740339483559403
60392.2893 lsst_hardware_r 145.12174242712948 106.66999816894531 31.610000610351562 AB 7.360490868693242 1.2035959722602614
60395.2012 lsst_hardware_i -192.12449750492524 137.57000732421875 31.31999969482422 AB 8.007321813903141 1.1916248544922579
60395.2188 lsst_hardware_r -85.34949219187284 168.75999450683594 31.6299991607666 AB 7.359484890321004 1.1681722048128578
60397.2532 lsst_hardware_z -10.951579627405284 107.12999725341797 31.719999313354492 AB 9.304843098097658 1.1693908631516474
60401.2417 lsst_hardware_z 42.974922948800966 47.059530530999034 30.940000534057617 AB 9.992425115800973 1.1688413985028698
60401.2598 lsst_hardware_r 50.527825010541086 39.26372474356025 31.559999465942383 AB 9.43143863834505 1.1938529921955758
60413.2063 lsst_hardware_u -9.131260462792175 3.230120218545027 28.450000762939453 AB 6.393824166074272 1.1665433618088437
60413.2269 lsst_hardware_g 653.1787710375633 30.49924778350203 31.43000030517578 AB 7.871012148993879 1.1936024084811019
60415.194 lsst_hardware_r 1939.839466155165 50.68395906466823 31.5 AB 19.836122873169536 1.1621139418342925
60415.2132 lsst_hardware_i 1306.0773695616977 48.14815605020611 31.239999771118164 AB 19.277133193554487 1.180232644503336
60417.1895 lsst_hardware_z 1034.04546185537 56.51312531722913 30.940000534057617 AB 14.997586372511217 1.1626035947683113
60420.1132 lsst_hardware_z 2576.3097331453064 108.79836544623774 31.719999313354492 AB 8.663159189405276 1.2375941699150395
60423.1917 lsst_hardware_r 6278.986452870813 248.05415749010575 32.380001068115234 AB 9.35662334055915 1.1807209717406966
60423.2127 lsst_hardware_z 1694.2462306034265 120.80213321901863 30.979999542236328 AB 9.88129812866017 1.2224034302789686
60429.1547 lsst_hardware_z 1642.0770890597732 62.24868881248602 30.950000762939453 AB 12.09303320031974 1.1616188655991295
60429.1716 lsst_hardware_g 1487.7001710991897 59.68208007081948 31.649999618530273 AB 12.994636911309728 1.1757547007051548
60432.148 lsst_hardware_r 2887.1642061442526 58.89195446207663 31.5 AB 13.154297025013449 1.1623227396243299
60432.1652 lsst_hardware_i 2088.405708960267 55.16828112378292 31.25 AB 13.344790628957028 1.178061894812035
60436.146 lsst_hardware_z 1495.6291112415663 57.87379291530858 30.940000534057617 AB 7.182930496495215 1.1687163189871812
60436.1661 lsst_hardware_r 2502.391815972003 55.77170275330252 31.479999542236328 AB 7.310832909176839 1.1973848734798558
60443.075 lsst_hardware_i 1648.1724495090286 51.317734899119735 31.239999771118164 AB 7.575029662638558 1.1835983847872746
60443.0961 lsst_hardware_u 6.3543538948818 3.037304350260927 28.399999618530273 AB 7.198185333161174 1.1623099197741666
60445.0783 lsst_hardware_g 486.2254882095851 33.83280605757519 31.56999969482422 AB 5.8768118651470775 1.1721389908047026
60445.0987 lsst_hardware_r 1671.0981170608452 52.59304233958594 31.540000915527344 AB 6.296254638961578 1.159744822059469
60447.0774 lsst_hardware_i 1458.06904095439 63.340438370665495 31.290000915527344 AB 9.741807165562522 1.1676623715165435
60447.0978 lsst_hardware_r 1606.264651630195 68.74194010294879 31.600000381469727 AB 9.990547351864087 1.1596240058652674
60454.1022 lsst_hardware_z 871.2295649035116 75.20450463575004 30.969999313354492 AB 6.699812119313327 1.1743754810365166
60454.1104 lsst_hardware_r 1029.4414349652675 106.43725090988232 31.6200008392334 AB 6.799709449142041 1.1857890104880615
60458.039 lsst_hardware_i 977.5417778466881 43.90840144991576 31.239999771118164 AB 11.100306631744687 1.1766485838289156
60458.0586 lsst_hardware_u 1.1727972120588654 3.212753656280958 28.420000076293945 AB 11.15019441851834 1.1608437488371819
60460.0368 lsst_hardware_g 101.35631244207504 18.336510639822087 31.399999618530273 AB 10.380815291509712 1.1727415812138517
60460.0558 lsst_hardware_r 548.1585238845774 34.26282529039809 31.489999771118164 AB 10.570458243357189 1.160090898384744
60462.0383 lsst_hardware_i 785.0844327984888 41.77443426612622 31.229999542236328 AB 12.390204210909634 1.166127720809371
60462.0586 lsst_hardware_r 481.22443414978665 33.10637749017645 31.479999542236328 AB 12.396042233782214 1.1598364701440635
60464.0345 lsst_hardware_u 6.5564415925635 3.138340048089547 28.299999237060547 AB 13.182693724068564 1.1648919343801383
60464.0529 lsst_hardware_g 107.9115449062615 17.67029474508212 31.399999618530273 AB 13.319340762083993 1.159800371126966
60466.0373 lsst_hardware_r 409.24360564634105 31.624681641643246 31.479999542236328 AB 5.1314943721170625 1.1606652178045904
60466.0567 lsst_hardware_i 672.0720209003082 40.763546342538966 31.239999771118164 AB 5.0062556764732715 1.1631634936043846
60468.0337 lsst_hardware_z 630.8205451129329 50.32029401930278 30.93000030517578 AB 2.7614498821295252 1.1601511950969543
60468.0532 lsst_hardware_r 311.12657032808374 31.029165578744493 31.479999542236328 AB 3.4931657239374463 1.1643885746458154
60484.994 lsst_hardware_i 251.997509664854 49.90061642466714 31.280000686645508 AB 5.838151513373332 1.1596288635163794
60485.0124 lsst_hardware_z 394.27195456472987 55.59479456294719 30.950000762939453 AB 5.908051379506281 1.168908140771539
60486.9633 lsst_hardware_y 23.856317713322703 52.15179417346093 30.0 AB 8.927784279694215 1.172497169333391
60486.9845 lsst_hardware_g -2.152097934381949 17.058121645152916 31.440000534057617 AB 8.921922219266078 1.1596952624695942
60489.9623 lsst_hardware_y 167.94517785982634 53.37419448104219 30.010000228881836 AB 1.9954295699554898 1.1657816377539376
60489.984 lsst_hardware_i 269.32130026879145 36.816921974156365 31.25 AB 1.9520670177960295 1.1602181383628107
60496.9651 lsst_hardware_y -0.010905905620684303 52.02937107903229 30.0 AB 4.707227726974223 1.1602730409105797
60496.9916 lsst_hardware_z 339.11018987743444 47.5903329529468 30.93000030517578 AB 4.763517250411409 1.1836295814166296
60709.3622 lsst_hardware_r 5.861584172289528 25.09000015258789 31.510000228881836 AB 12.366798318387142 1.165286605790604
60709.3802 lsst_hardware_y -35.182463450818915 58.95000076293945 30.030000686645508 AB 11.844448939543181 1.15960991494263
60711.3638 lsst_hardware_z -92.7003446877155 44.220001220703125 30.950000762939453 AB 8.06886592063913 1.1612663833973431
60711.3818 lsst_hardware_y 32.08502557782224 62.2400016784668 30.020000457763672 AB 6.663371469111131 1.161473151317959
60713.3666 lsst_hardware_u -0.5992829182636126 2.8299999237060547 28.3799991607666 AB 5.537206968184301 1.1595030820195469
60713.3846 lsst_hardware_y -152.15160737116108 63.91999816894531 30.020000457763672 AB 5.1488868509066625 1.1666001210445052
60714.3154 lsst_hardware_r 21.928397482791567 24.84000015258789 31.489999771118164 AB 9.941183775381626 1.217039433835739
60714.3346 lsst_hardware_y -4.415525745638253 48.58000183105469 30.010000228881836 AB 9.619466619199942 1.1802181789687782
60718.3369 lsst_hardware_z 34.141397312234716 68.08000183105469 30.979999542236328 AB 7.217264121546995 1.1658298710231032
60718.3538 lsst_hardware_r 17.752723540180888 93.58000183105469 31.6299991607666 AB 7.1664669681291295 1.1594974061259562
60720.3368 lsst_hardware_i 100.97396941558695 90.13999938964844 31.31999969482422 AB 2.849867762560158 1.1623810594718702
60720.3553 lsst_hardware_z 11.533182534430033 77.86000061035156 30.989999771118164 AB 2.8092560506962183 1.1607296976329793
60722.2917 lsst_hardware_i 12.858564955459569 97.55000305175781 31.299999237060547 AB 5.963662584739226 1.2216864866821717
60722.3083 lsst_hardware_z 58.0571562790166 83.48999786376953 30.979999542236328 AB 6.0966360564349875 1.187020470806546
60724.3386 lsst_hardware_z -65.57815349723828 63.790000915527344 30.969999313354492 AB 6.133521122603397 1.15954712046068
60724.357 lsst_hardware_r 73.20398894309788 78.37999725341797 31.6200008392334 AB 6.063701392778803 1.168718546632614
60727.3384 lsst_hardware_i -11.977869228946068 36.5099983215332 31.260000228881836 AB 6.6118570856556715 1.1615882443140044
60727.3554 lsst_hardware_r -77.75550486699052 33.04999923706055 31.549999237060547 AB 6.72129273178932 1.1759077530466808
60729.3075 lsst_hardware_z -21.583102974460864 43.689998626708984 30.940000534057617 AB 12.9260538265742 1.1653492450932383
60729.3243 lsst_hardware_u -0.6921250151180407 3.2300000190734863 28.520000457763672 AB 12.758653520655589 1.1595086582137872
60731.3101 lsst_hardware_g -3.2310803893866025 15.130000114440918 31.420000076293945 AB 10.44819764835152 1.1609108498168357
60731.3275 lsst_hardware_r 48.17223500892331 24.479999542236328 31.489999771118164 AB 10.454357889577953 1.161595321064217
60733.3042 lsst_hardware_i 57.89768500383408 32.439998626708984 31.239999771118164 AB 7.027980420361009 1.161073917125559
60733.3235 lsst_hardware_z 16.46612380121391 43.52000045776367 30.940000534057617 AB 7.119020758142454 1.162289103370167
60736.3058 lsst_hardware_i -20.758944793366595 32.5 31.239999771118164 AB 4.035681951705371 1.1595398879555716
60736.3242 lsst_hardware_u -2.0207601149356544 2.75 28.3799991607666 AB 3.9394202296224865 1.1686784364763867
60738.307 lsst_hardware_g 13.131218610170816 15.039999961853027 31.399999618530273 AB 8.476643488933526 1.1610249950600637
60738.3258 lsst_hardware_r -16.683102287670117 24.440000534057617 31.479999542236328 AB 8.390729578636007 1.176449168023556
60740.3053 lsst_hardware_i 77.19884029112353 32.380001068115234 31.239999771118164 AB 8.279223205568115 1.1627714203248771
60740.3237 lsst_hardware_r -12.012856188941624 24.520000457763672 31.489999771118164 AB 8.43565494002581 1.1810094067447146
60742.304 lsst_hardware_u 0.06579266160349072 2.5899999141693115 28.25 AB 11.212834327754104 1.1654743346301675
60742.3249 lsst_hardware_g 34.98913844414457 15.039999961853027 31.389999389648438 AB 11.543042622039478 1.1917449149485821
60744.2742 lsst_hardware_z -56.76078665555894 48.790000915527344 30.959999084472656 AB 10.940074593348424 1.161058593085532
60749.1077 lsst_hardware_i -121.48848708365246 278.8699951171875 32.310001373291016 AB 19.542430844008134 2.200930737945607
60749.1387 lsst_hardware_z 174.33730418238758 176.75999450683594 31.670000076293945 AB 16.970895624186436 1.7003627607330547
60751.2814 lsst_hardware_i -0.791683304415275 98.11000061035156 31.31999969482422 AB 9.219613763872065 1.1670397169458309
60751.3053 lsst_hardware_z 6.681166489306432 85.0199966430664 30.979999542236328 AB 9.801826074585476 1.2012777835143438
60753.2685 lsst_hardware_z -51.021026291113635 59.130001068115234 30.969999313354492 AB 6.567340899645215 1.162086982360248
60753.2875 lsst_hardware_r 39.35312130108642 71.30000305175781 31.6200008392334 AB 6.726000552573222 1.1800000969426705
60755.2684 lsst_hardware_i 51.156286745566725 42.150001525878906 31.280000686645508 AB 5.207556600134802 1.1653925478650111
60755.2874 lsst_hardware_r 2.725705127582948 43.25 31.59000015258789 AB 5.38462777909789 1.1882660882925535
60759.2453 lsst_hardware_r -34.40926579230188 24.969999313354492 31.5 AB 8.269002499005051 1.1598156739882017
60759.2625 lsst_hardware_i -14.520664000301378 32.88999938964844 31.25 AB 7.72015600493301 1.169720606808032
60761.2421 lsst_hardware_z 22.747839020107676 43.79999923706055 30.940000534057617 AB 7.3100750386054925 1.1603293712072211
60761.2604 lsst_hardware_r -19.077064155542164 25.010000228881836 31.5 AB 8.196441039035351 1.1732946733678182
60768.2121 lsst_hardware_i -2.959144010644667 32.779998779296875 31.239999771118164 AB 8.307201683003694 1.1600211810792254
60768.2294 lsst_hardware_r 9.913871242577619 25.06999969482422 31.489999771118164 AB 8.356705429248166 1.1630766081068997
60770.2129 lsst_hardware_z 38.19293780313033 43.369998931884766 30.940000534057617 AB 8.19323851082619 1.1595299336012157
60770.2305 lsst_hardware_g -7.760572412478853 15.670000076293945 31.43000030517578 AB 8.208257270611258 1.1678810439570202
60774.2065 lsst_hardware_z 19.78244283471341 61.84000015258789 30.969999313354492 AB 9.222351153237087 1.1602995820761912
60774.2256 lsst_hardware_r -16.86911772569712 77.37999725341797 31.6200008392334 AB 8.5732845335322 1.1741008673695155
60779.1907 lsst_hardware_r 146.10397250060896 140.52000427246094 31.6299991607666 AB 6.412628224546024 1.159817005705557
60779.2073 lsst_hardware_z -51.661135747272596 95.5 30.979999542236328 AB 6.532603676336257 1.169146071827518
60783.1886 lsst_hardware_g 46.40071209660079 52.650001525878906 31.670000076293945 AB 15.004859454031154 1.1631673995372986
