data/validation/pwv_sim_epoch_fit_4/434465.ecsv
# %ECSV 0.9
# ---
# datatype:
# - {name: time, datatype: float64}
# - {name: band, datatype: string}
# - {name: flux, datatype: float64}
# - {name: fluxerr, datatype: float64}
# - {name: zp, datatype: float64}
# - {name: zpsys, datatype: string}
# - {name: pwv, datatype: float64}
# - {name: airmass, datatype: float64}
# meta: {SNID: '434465', alt: 1024.0, c: 0.057671744376420975, dec: 2.836105, lat: -30.244573, lon: -70.7499537, ra: 114.609375, t0: 60690.6953125,
#   x0: 3.5617915848746614e-06, x1: 0.7719533443450928, z: 0.7048913240432739}
# schema: astropy-2.0
time band flux fluxerr zp zpsys pwv airmass
[from data line 133]
61047.2155 lsst_hardware_i 22.645057900974702 83.11000061035156 32.040000915527344 AB 10.317702702768166 1.1929818896286324
61047.2369 lsst_hardware_z 58.7759671145036 81.73999786376953 31.709999084472656 AB 10.36750343036022 1.2003129936354102
61050.204 lsst_hardware_r -19.533685122669873 32.220001220703125 31.549999237060547 AB 9.158788081812315 1.193845937233847
61050.2264 lsst_hardware_z -12.474134765809362 45.56999969482422 30.940000534057617 AB 8.52485726021493 1.198433541735932
61055.1557 lsst_hardware_u -0.7363219831941353 2.740000009536743 28.3799991607666 AB 6.81612956721562 1.2362244544856333
61055.1753 lsst_hardware_g 4.2167810213464145 14.789999961853027 31.399999618530273 AB 7.253209780502309 1.204601998007438
61057.16 lsst_hardware_r -21.78874008914205 24.079999923706055 31.469999313354492 AB 1.5921701658769922 1.2178762105127425
61057.1805 lsst_hardware_z 32.552059123288544 43.29999923706055 30.93000030517578 AB 3.690090548805515 1.1958165429561485
61059.1596 lsst_hardware_r -4.958944124091516 24.06999969482422 31.469999313354492 AB 5.038948120855259 1.210412712191991
61059.1796 lsst_hardware_u -4.656497779831457 2.569999933242798 28.260000228881836 AB 6.923936990175721 1.1937822396854691
61063.1561 lsst_hardware_i 17.674681843175144 32.47999954223633 31.229999542236328 AB 9.157584665028223 1.201887916488086
61063.175 lsst_hardware_z 10.186706065459594 43.869998931884766 30.93000030517578 AB 10.256754407029865 1.1926458612825426
61065.1572 lsst_hardware_r -19.577872233204605 24.3700008392334 31.479999542236328 AB 9.337488934905952 1.196679274824011
61065.1785 lsst_hardware_u 0.3633312232012959 2.630000114440918 28.290000915527344 AB 9.236699560126588 1.194375064346876
61067.1425 lsst_hardware_g 15.448852472613055 28.420000076293945 31.56999969482422 AB 13.250991176441367 1.2046355614946698
61067.161 lsst_hardware_i 27.14329687391169 36.86000061035156 31.25 AB 13.12248339011252 1.1929530354647746
61069.1457 lsst_hardware_z 10.77271693728926 57.40999984741211 30.959999084472656 AB 11.952939031355436 1.1970495758467856
61069.1634 lsst_hardware_r -29.867279998566467 65.13999938964844 31.600000381469727 AB 11.905030608647289 1.1930781211428623
61071.1475 lsst_hardware_y -29.347578411362772 89.5 30.760000228881836 AB 10.860651643061212 1.1935656432406638
61072.1391 lsst_hardware_r -156.82889778208454 140.83999633789062 31.6200008392334 AB 9.978751435850656 1.1960627395242307
61072.1568 lsst_hardware_i 13.633949993281954 114.93000030517578 31.309999465942383 AB 10.018577386538878 1.1934692222930343
61076.1073 lsst_hardware_r 4.9980926979286435 60.810001373291016 31.59000015258789 AB 7.5083075270563695 1.2192109651512424
61076.1256 lsst_hardware_z -42.20460906082423 55.439998626708984 30.950000762939453 AB 7.664223637928276 1.1977220875024654
61078.1052 lsst_hardware_g 17.400647660935828 25.010000228881836 31.530000686645508 AB 6.687168795399796 1.2139543673478896
61078.1238 lsst_hardware_i 19.788710923781217 39.47999954223633 31.25 AB 6.586200160986348 1.1954622751064226
61080.1043 lsst_hardware_z 0.10773242349263898 44.119998931884766 30.93000030517578 AB 7.197160414961303 1.2077798984664148
61080.1217 lsst_hardware_r -22.277886210687686 24.149999618530273 31.469999313354492 AB 7.163020196897909 1.1939693627455121
61082.0959 lsst_hardware_u 0.8833164393873753 2.619999885559082 28.299999237060547 AB 2.0158525561088134 1.2116318894718638
61082.1126 lsst_hardware_g 8.239259987139413 14.510000228881836 31.389999389648438 AB 1.9775369792426285 1.195608814536051
61084.0946 lsst_hardware_r -9.902750642555835 24.06999969482422 31.469999313354492 AB 4.116628670081633 1.2063086137329881
61084.112 lsst_hardware_i -13.058794448045596 32.279998779296875 31.229999542236328 AB 4.0851667871721595 1.1935625595555543
61090.0899 lsst_hardware_i 19.891041335243372 32.29999923706055 31.25 AB 4.002408907275362 1.1960878318342971
61090.1081 lsst_hardware_z 101.68423533359044 43.650001525878906 30.940000534057617 AB 3.912512082940932 1.1935971779659638
61094.0571 lsst_hardware_y 88.9662024443518 49.349998474121094 29.979999542236328 AB 8.698835969021536 1.2209749412620585
61094.0747 lsst_hardware_g 19.704175518556962 16.489999771118164 31.43000030517578 AB 8.610255603233808 1.199032948507702
61099.0522 lsst_hardware_z 141.9137717118539 69.97000122070312 30.969999313354492 AB 6.749967908583363 1.2080479478448973
61099.0728 lsst_hardware_r -83.98557179202045 90.88999938964844 31.6200008392334 AB 6.520812301033486 1.1931043319722778
61101.0521 lsst_hardware_i 144.4170680880907 90.05999755859375 31.309999465942383 AB 3.456665371769661 1.202109327688958
61101.0713 lsst_hardware_z -65.39700602845124 78.62999725341797 30.979999542236328 AB 3.434781118360692 1.1926323327641293
61105.0489 lsst_hardware_g 90.22251443146327 51.599998474121094 31.649999618530273 AB 6.350543956870206 1.196109484593836
61105.0684 lsst_hardware_r 20.07151332133612 61.189998626708984 31.600000381469727 AB 6.3135775492364665 1.1940195831626443
61109.0458 lsst_hardware_r 12.449605930392037 24.09000015258789 31.469999313354492 AB 11.965589532892707 1.1930394868032013
61109.0644 lsst_hardware_g 1.180785496854715 14.609999656677246 31.3799991607666 AB 12.018238487297928 1.1977514936513596
61111.0467 lsst_hardware_r -23.950052656521795 23.709999084472656 31.469999313354492 AB 9.302637327239617 1.1927477554371677
61111.0635 lsst_hardware_i 55.84129283735049 32.0099983215332 31.219999313354492 AB 9.308514770187893 1.201512103543727
61113.0066 lsst_hardware_y 12.063172790416914 52.880001068115234 29.989999771118164 AB 16.89368170681201 1.2186605379124984
61113.0253 lsst_hardware_z 34.94346941274498 43.31999969482422 30.93000030517578 AB 16.48409204853132 1.1972104983045897
61114.0064 lsst_hardware_y 25.699724257683926 51.849998474121094 29.989999771118164 AB 11.519832077111927 1.2146916649122939
61114.0263 lsst_hardware_u -1.0178362531230831 2.5799999237060547 28.280000686645508 AB 11.308652865072974 1.1950493979206132
61123.9967 lsst_hardware_y -41.0049681611637 52.0099983215332 30.0 AB 10.647833768565151 1.1962962064899805
61124.0147 lsst_hardware_i -50.64318576865316 36.209999084472656 31.25 AB 9.821905305427391 1.1934271331017487
61125.993 lsst_hardware_y 62.81577712670449 57.029998779296875 30.0 AB 7.291423128918578 1.1953152670358325
61126.0111 lsst_hardware_z -17.29786863084181 54.810001373291016 30.950000762939453 AB 6.563896276380423 1.1940327029660998
61127.9904 lsst_hardware_y 7.906368857078176 63.77000045776367 30.010000228881836 AB 8.923516274442147 1.1940476727621072
61128.0087 lsst_hardware_i 14.377828384269739 67.25 31.299999237060547 AB 7.770091186241887 1.1953986440372133
61129.9999 lsst_hardware_z -162.74687461153763 95.31999969482422 31.719999313354492 AB 10.933434835876009 1.193932278009837
61132.9882 lsst_hardware_y -11.188437454949266 60.439998626708984 30.0 AB 10.8561151213545 1.1929796836653295
61133.0078 lsst_hardware_r -94.3109762702348 76.13999938964844 31.600000381469727 AB 7.4377512911082215 1.2061055322671133
61134.9866 lsst_hardware_y 4.1140623628632484 53.060001373291016 29.989999771118164 AB 11.027754323685699 1.1940614285838014
61135.0058 lsst_hardware_z -34.77749401080513 49.63999938964844 30.940000534057617 AB 9.30615722677518 1.2104389460248015
