data/validation/pwv_sim_epoch_fit_4/43549574.ecsv
# %ECSV 0.9
# ---
# datatype:
# - {name: time, datatype: float64}
# - {name: band, datatype: string}
# - {name: flux, datatype: float64}
# - {name: fluxerr, datatype: float64}
# - {name: zp, datatype: float64}
# - {name: zpsys, datatype: string}
# - {name: pwv, datatype: float64}
# - {name: airmass, datatype: float64}
# meta: {SNID: '43549574', alt: 1024.0, c: -0.09934686124324799, dec: -13.248015, lat: -30.244573, lon: -70.7499537, ra: 36.386719, t0: 60606.1015625,
#   x0: 2.409867101164203e-06, x1: -0.35798007249832153, z: 0.8255583643913269}
# schema: astropy-2.0
time band flux fluxerr zp zpsys pwv airmass
[from data line 133]
60964.2658 lsst_hardware_z 132.4369914642046 41.77000045776367 30.950000762939453 AB 7.817018692820568 1.071497222158267
60966.1777 lsst_hardware_z 59.192192996507856 41.970001220703125 30.950000762939453 AB 6.319118631702133 1.0860391220593164
60966.195 lsst_hardware_r 3.4490521847275133 23.280000686645508 31.5 AB 6.15935176582558 1.0614691692024782
60971.1196 lsst_hardware_r -15.877724155221053 24.09000015258789 31.469999313354492 AB 6.4700213170336465 1.2149894495384617
60971.1352 lsst_hardware_i -2.69492374179173 32.029998779296875 31.229999542236328 AB 5.598222894605658 1.1572354435802648
60975.1687 lsst_hardware_u -3.2004304203707585 2.6700000762939453 28.399999618530273 AB 2.54988345713592 1.0633745086231465
60975.1864 lsst_hardware_r 18.297884345846906 23.059999465942383 31.5 AB 2.479751658758142 1.049260222323844
60977.1674 lsst_hardware_i -61.052063100657236 33.380001068115234 31.260000228881836 AB 2.1820240341539234 1.0589779345566237
60977.1848 lsst_hardware_z -73.20271908995613 42.349998474121094 30.950000762939453 AB 2.2222670628298102 1.0477449612587506
60980.151 lsst_hardware_z 47.126965947209385 49.869998931884766 30.959999084472656 AB 4.926858075471804 1.0683079199462069
60980.1686 lsst_hardware_r 44.71887694137052 53.599998474121094 31.6299991607666 AB 4.631696525139955 1.051503240790031
60990.1264 lsst_hardware_r 17.90215675477875 22.850000381469727 31.489999771118164 AB 2.740439980460766 1.0649378162412304
60990.145 lsst_hardware_u -1.7599536762659433 2.6500000953674316 28.399999618530273 AB 3.1260128464596235 1.0494671597335352
60992.1286 lsst_hardware_g -7.788045923735192 14.229999542236328 31.420000076293945 AB 5.284809063989904 1.0569618127979807
60992.145 lsst_hardware_r 8.248523192075027 23.079999923706055 31.5 AB 5.236976601982817 1.0473953203965634
60996.179 lsst_hardware_r 37.21758274490712 23.010000228881836 31.489999771118164 AB 2.724073593028583 1.0722940172648088
60996.1998 lsst_hardware_u 2.490669230042227 2.700000047683716 28.40999984741211 AB 2.8914265076966092 1.1111611507192503
60998.1072 lsst_hardware_u -3.7265776533736252 2.6600000858306885 28.399999618530273 AB 4.769633312074136 1.0619243709392867
60998.1275 lsst_hardware_g 9.436977881034402 14.170000076293945 31.43000030517578 AB 4.931655968892985 1.0477280579758286
61000.1065 lsst_hardware_r -38.03468177219849 22.899999618530273 31.489999771118164 AB 3.4850262374088614 1.0571898187193098
61000.127 lsst_hardware_z -20.18237184561464 41.2599983215332 30.940000534057617 AB 3.0790759863637613 1.0465927893826519
61005.1035 lsst_hardware_g -1.587934208284724 16.59000015258789 31.479999542236328 AB 3.732665497724242 1.0497301610661098
61005.1243 lsst_hardware_r -0.2911441978291538 23.950000762939453 31.510000228881836 AB 3.7496864255849838 1.0472765531716468
61007.0866 lsst_hardware_i 41.043407491110294 35.38999938964844 31.270000457763672 AB 4.053206871280676 1.05791026743014
61007.1039 lsst_hardware_z -16.545840333873848 43.540000915527344 30.950000762939453 AB 4.0961578984652025 1.0474321254172867
61010.1438 lsst_hardware_r -20.72837859056461 68.54000091552734 31.639999389648438 AB 8.790797691916897 1.0767758074372051
61010.1634 lsst_hardware_z 142.66010208065802 57.36000061035156 30.969999313354492 AB 9.050935484104098 1.115517293961312
61012.083 lsst_hardware_z 157.30741027320968 97.7699966430664 31.739999771118164 AB 6.9688598674064375 1.050458002090561
61014.075 lsst_hardware_r -50.07443421507682 91.86000061035156 31.649999618530273 AB 1.472771294474149 1.0519794960529636
61014.0945 lsst_hardware_z 37.580470549472906 65.4000015258789 30.989999771118164 AB 3.918419777266105 1.0464001541568733
61016.0679 lsst_hardware_r -30.048047453513583 22.549999237060547 31.479999542236328 AB 4.79313940601364 1.0530900595433763
61016.0864 lsst_hardware_u 5.142060259541615 5.650000095367432 28.940000534057617 AB 5.839962286193446 1.0463382022563508
61019.0664 lsst_hardware_g -10.287861768796676 13.65999984741211 31.40999984741211 AB 8.047612547071553 1.04918680810087
61019.0856 lsst_hardware_r 12.45828887713705 22.31999969482422 31.489999771118164 AB 9.633809613237002 1.047153218830109
61021.1109 lsst_hardware_i 14.864309436025476 30.6200008392334 31.239999771118164 AB 13.322824945177933 1.0725185111236462
61021.1296 lsst_hardware_z -13.968950601264746 42.06999969482422 30.940000534057617 AB 13.051087980738663 1.1067043718164689
61025.0435 lsst_hardware_y 143.30037342383204 50.709999084472656 30.049999237060547 AB 10.530057071529964 1.0529648228045652
61025.0615 lsst_hardware_g -0.17040626512823148 13.84000015258789 31.40999984741211 AB 10.46660889862337 1.0463462194424973
61027.0457 lsst_hardware_y -47.33105921242097 48.470001220703125 30.049999237060547 AB 4.240878905143594 1.0486842000850445
61027.0642 lsst_hardware_z 35.87367369880379 41.040000915527344 30.950000762939453 AB 4.2681241632596185 1.047263934059531
61029.046 lsst_hardware_y -61.761060541020505 49.90999984741211 30.049999237060547 AB 5.5773438903293036 1.0468970230560166
61029.0652 lsst_hardware_u 1.257613940693665 2.75 28.469999313354492 AB 5.627839604862216 1.04972527020046
61031.0358 lsst_hardware_z 52.19779582540064 59.31999969482422 30.979999542236328 AB 4.730613502173914 1.0482773258377351
61031.0542 lsst_hardware_r 8.222360435769307 23.170000076293945 31.5 AB 5.658705928733574 1.0475205347526855
61033.0366 lsst_hardware_y -141.8501402608739 68.25 30.06999969482422 AB 6.996009879439072 1.0466279179333373
61033.0553 lsst_hardware_z 42.26236960368072 41.84000015258789 30.959999084472656 AB 6.777475247291556 1.0502557267426336
61035.0373 lsst_hardware_y -118.25366656118855 64.51000213623047 30.059999465942383 AB 9.864475231370667 1.0464066226127788
61035.0576 lsst_hardware_z 19.990377486259828 42.04999923706055 30.950000762939453 AB 10.05530304042639 1.0555640395157855
