data/validation/pwv_sim_epoch_fit_4/43551699.ecsv
# %ECSV 0.9
# ---
# datatype:
# - {name: time, datatype: float64}
# - {name: band, datatype: string}
# - {name: flux, datatype: float64}
# - {name: fluxerr, datatype: float64}
# - {name: zp, datatype: float64}
# - {name: zpsys, datatype: string}
# - {name: pwv, datatype: float64}
# - {name: airmass, datatype: float64}
# meta: {SNID: '43551699', alt: 1024.0, c: -0.07843989133834839, dec: -9.594068, lat: -30.244573, lon: -70.7499537, ra: 81.035156, t0: 61704.3671875,
#   x0: 2.985408536326209e-06, x1: 0.5419856905937195, z: 0.7568200826644897}
# schema: astropy-2.0
time band flux fluxerr zp zpsys pwv airmass
61681.3699 lsst_hardware_r 171.09098418447925 25.832632751441476 31.489999771118164 AB 3.1215807377886176 1.0764071509615922
61681.3886 lsst_hardware_y 13.491317238292792 60.111713886840114 30.049999237060547 AB 2.781321274981751 1.0688824755734512
61683.3689 lsst_hardware_g 69.58761252750979 15.856240341113363 31.399999618530273 AB 8.157595449070861 1.073367822246166
61683.3871 lsst_hardware_y 120.9387790680029 63.76157928914952 30.049999237060547 AB 8.542004880495925 1.0690312203780685
61685.3679 lsst_hardware_i 430.0525280394203 37.094669448367355 31.25 AB 3.856008009614592 1.0711133360040532
61685.3864 lsst_hardware_z 238.91862124232415 63.008147961202376 30.979999542236328 AB 4.143803645853633 1.0700129916991936
61687.3677 lsst_hardware_r 449.40256399481126 30.704007025744474 31.489999771118164 AB 3.083052775413523 1.06945231268319
61687.387 lsst_hardware_y 76.90602734269626 69.2670769977919 30.059999465942383 AB 3.061737518118458 1.0725376639835016
61691.3567 lsst_hardware_z 544.6969167414036 52.47702210213103 30.959999084472656 AB 5.827536866271003 1.0694690523529093
61691.3746 lsst_hardware_y 181.20278581331803 51.956227796065264 30.040000915527344 AB 5.867148381048723 1.0717884087773177
61693.2987 lsst_hardware_z 494.3018468419721 66.10397809515999 30.969999313354492 AB 6.45734859362651 1.1375915074800704
61693.3169 lsst_hardware_y 321.54785667510754 55.38319346109962 30.030000686645508 AB 6.184389890548821 1.100425247428616
61695.3543 lsst_hardware_r 896.247645962192 91.3539442523738 31.649999618530273 AB 5.222454997126777 1.0690251260686303
61695.3726 lsst_hardware_y 280.90353191942097 62.31192927678478 30.049999237060547 AB 5.260188874688267 1.077613126472603
61701.3452 lsst_hardware_g 224.46559607009388 28.566071553895863 31.610000610351562 AB 3.525396342124633 1.0708709304011035
61701.3632 lsst_hardware_y 42.55884983923514 52.41033574874609 30.040000915527344 AB 3.5640572467147615 1.0843987566068913
61704.3179 lsst_hardware_r 798.4825308979339 36.13304129210995 31.479999542236328 AB 1.463587755944624 1.0703957259461758
61704.3351 lsst_hardware_i 1046.2832483586274 44.93680817534922 31.239999771118164 AB 2.548471812555013 1.0701869313640875
61706.3204 lsst_hardware_z 689.0398827173819 48.59037726140475 30.940000534057617 AB 3.0792541479798587 1.0688761867443353
61706.3377 lsst_hardware_i 1037.4901961545763 44.643548207431536 31.239999771118164 AB 3.6251556100112072 1.0740406221794556
61710.2441 lsst_hardware_g 92.07687035735532 16.843143852144884 31.350000381469727 AB 5.691425496830354 1.1597402948202453
61710.2686 lsst_hardware_r 663.5044051156249 33.82597655000916 31.469999313354492 AB 5.523111183017888 1.1035554663194689
61712.2573 lsst_hardware_i 967.9548474434977 43.35402739452512 31.239999771118164 AB 5.928885541559003 1.114277627231136
61712.277 lsst_hardware_z 677.4770394290813 47.91632246294775 30.940000534057617 AB 5.771637522717811 1.0841470520414147
61721.2748 lsst_hardware_z 530.9627509484864 61.36238767632263 30.969999313354492 AB 4.384786945890477 1.0694602307049945
61721.2936 lsst_hardware_r 445.59883318106915 72.08650969092557 31.6299991607666 AB 3.9646520376393264 1.0722279067785696
61723.2683 lsst_hardware_z 326.14117125737334 74.69663825844707 30.989999771118164 AB 5.933656106688988 1.0697054455904664
61723.285 lsst_hardware_r 223.78043200227367 106.07590110882715 31.649999618530273 AB 5.898025727162465 1.070810771089772
61725.2753 lsst_hardware_i 594.3370911262415 76.92075960526392 31.329999923706055 AB 6.242912797645481 1.0695069839105702
61725.2927 lsst_hardware_z 497.94546879709793 69.33977242667498 30.989999771118164 AB 5.267162636466367 1.0793504294813103
61727.2641 lsst_hardware_z 425.75265253311494 56.79783205169205 30.969999313354492 AB 4.275407576958538 1.0688518942396346
61727.2829 lsst_hardware_r 309.7896702491768 63.9206702801686 31.6299991607666 AB 4.303094977630846 1.0757737444077116
61730.2655 lsst_hardware_u 3.398151276671749 4.453101028717232 28.760000228881836 AB 3.478217874473767 1.0706601296345826
61730.2853 lsst_hardware_g 16.178898458023543 25.42461554001972 31.579999923706055 AB 3.7085244061061844 1.0858455219906165
61733.2516 lsst_hardware_r 176.8605436902289 26.322939505761084 31.5 AB 9.279001989225998 1.069153149143625
61733.2711 lsst_hardware_i 331.50795736884146 35.74276215195559 31.25 AB 9.305079322319173 1.0795694894939123
61737.26 lsst_hardware_u -1.2818176583491885 2.772845492425575 28.43000030517578 AB 4.750094384602197 1.0794033596278283
61737.2789 lsst_hardware_r 148.8303320950952 25.716510996079833 31.479999542236328 AB 4.888784677626378 1.1041446987035153
61739.2257 lsst_hardware_g 15.324616550453268 14.665284784385772 31.43000030517578 AB 5.8534229581521675 1.0694439022202094
61739.2446 lsst_hardware_i 263.5260264557353 34.37182327712745 31.25 AB 5.8706386989161965 1.0722954182317832
61743.2293 lsst_hardware_y 139.8746550569963 48.72673295400373 30.040000915527344 AB 4.662395358489673 1.0704001282189455
61743.2479 lsst_hardware_g 52.58909694235017 14.813522663101338 31.40999984741211 AB 4.7124195744562005 1.0836885304027135
61749.2016 lsst_hardware_z 113.02072496206956 53.269565536833255 30.969999313354492 AB 10.422090312306254 1.068950612383759
61749.2174 lsst_hardware_r 175.58171684105798 58.4816431917821 31.639999389648438 AB 10.016062777266567 1.0723453242853942
61751.2198 lsst_hardware_i 177.1679725988627 76.76112795705093 31.329999923706055 AB 13.538240284945042 1.0776708684533634
61751.2384 lsst_hardware_z 137.84229231083594 68.58942146465358 30.979999542236328 AB 13.825547808231638 1.1003440425183135
61755.1943 lsst_hardware_y 131.99672116968924 53.088186137529476 30.049999237060547 AB 11.009766717565828 1.0697162708865915
61755.2139 lsst_hardware_g -100.15505174428006 75.58098698203491 31.709999084472656 AB 11.250371644313992 1.0823688368765796
61757.1588 lsst_hardware_r 24.71730825630246 36.645468941132485 31.579999923706055 AB 3.184292777357353 1.0794212804601198
61757.1763 lsst_hardware_i 67.05274113576682 41.853956663887786 31.280000686645508 AB 3.5514303410509007 1.0694931763854687
61759.1734 lsst_hardware_z 163.36012329101118 42.68403490506298 30.950000762939453 AB 4.121966569054219 1.0690440430664447
61759.194 lsst_hardware_r 56.76599037544315 27.270884663602086 31.540000915527344 AB 4.106084601537593 1.0746802595138631
61763.201 lsst_hardware_i 200.06981377678815 45.46202191860489 32.0 AB 7.087792810674612 1.093317141785939
61763.2275 lsst_hardware_z 228.24663175728847 61.70561793246849 31.690000534057617 AB 8.356540541192965 1.1469311750196218
61765.1773 lsst_hardware_r 14.768707113603975 23.345797659677597 31.489999771118164 AB 7.609359213189467 1.0744647293405065
61765.1967 lsst_hardware_u -7.1595263405213565 2.8722613889388717 28.440000534057617 AB 7.7736754327369075 1.0949866794163472
61767.1433 lsst_hardware_u -1.9206236161029901 2.9107332047345276 28.479999542236328 AB 6.630085349236582 1.0713990787761078
61767.1639 lsst_hardware_g 20.187928756409253 14.854912505913667 31.420000076293945 AB 6.551066097676938 1.0704356368753167
61769.1395 lsst_hardware_r -16.618793956466877 23.321324291540737 31.5 AB 8.452907896179845 1.0707111842821961
61769.1593 lsst_hardware_i 76.2791321124286 31.772167613039358 31.25 AB 8.416472431405436 1.0707526099069722
61775.127 lsst_hardware_i 74.18687372158912 35.32424540569897 31.270000457763672 AB 12.161526900023508 1.069521317388401
61775.1488 lsst_hardware_z 98.17079832902893 43.64192474059165 30.950000762939453 AB 12.162831131885124 1.0736962510491808
61777.1207 lsst_hardware_r 11.033241065826772 48.3193135719743 31.6200008392334 AB 9.397913643407467 1.0697276115579906
61777.1414 lsst_hardware_z 116.67127872935436 49.12824127034981 30.959999084472656 AB 8.521246191221284 1.0725744135967044
61779.1197 lsst_hardware_y 145.85776530747077 53.95508841417808 30.049999237060547 AB 7.045906853759628 1.0689383074807917
61779.1406 lsst_hardware_r 12.676112363123833 75.82695735596042 31.639999389648438 AB 6.883320210599642 1.075518782906194
61781.0944 lsst_hardware_r -87.03118392974402 107.10484954036295 31.649999618530273 AB 6.215919162153096 1.0784037408315572
61781.1164 lsst_hardware_i 405.8260737040192 87.18852349080655 31.329999923706055 AB 6.021801630079784 1.0688323802058544
61784.0873 lsst_hardware_z 58.61349257566997 53.49336554707062 30.969999313354492 AB 7.401556671328511 1.0774781644985216
61784.1059 lsst_hardware_r 41.67515316484682 67.79472117189952 31.639999389648438 AB 7.349393065044202 1.0689507997252305
61787.0824 lsst_hardware_i 11.659859421369843 31.286097445511416 31.239999771118164 AB 2.974192939739688 1.0749771174626142
61787.1011 lsst_hardware_z 74.09305113764427 41.81918085181823 30.940000534057617 AB 2.2312161014151632 1.0688460366060664
61791.0756 lsst_hardware_g -13.432009396588091 13.689028532692227 31.389999389648438 AB 12.894883420568322 1.0724510589931
61791.0945 lsst_hardware_r 29.967931667822047 23.080074186875123 31.479999542236328 AB 13.485294500184718 1.069356193184451
61793.0775 lsst_hardware_i 21.27556264664433 30.40999984741211 31.239999771118164 AB 7.61340393073452 1.0695987539666367
61793.0974 lsst_hardware_z 39.71414797720715 41.369998931884766 30.950000762939453 AB 9.032758920821601 1.072402741032493
61795.0461 lsst_hardware_y -16.403455288823018 48.720001220703125 30.030000686645508 AB 7.330270707142713 1.0892337318834597
61795.0668 lsst_hardware_r 53.80601482620407 22.239999771118164 31.469999313354492 AB 7.4471096978938185 1.0714109553492357
61799.0706 lsst_hardware_z 17.449725327651507 41.27000045776367 30.940000534057617 AB 13.57407156848254 1.0690209409982836
61799.089 lsst_hardware_i 33.785344854042826 30.329999923706055 31.239999771118164 AB 12.392323087591654 1.0778744966157683
61801.0414 lsst_hardware_y -5.647693226168857 50.75 30.040000915527344 AB 9.113642565757496 1.0770505297330113
61801.0594 lsst_hardware_u -2.389674026661683 2.690000057220459 28.43000030517578 AB 9.654793610660992 1.0689541198694632
61803.0344 lsst_hardware_y 17.594285382138537 55.220001220703125 30.049999237060547 AB 7.309678657966948 1.0783357579612927
61803.0462 lsst_hardware_r 14.052062922210935 25.770000457763672 31.530000686645508 AB 7.174908545782192 1.0708818725048048
61805.0492 lsst_hardware_z 73.84482378037343 64.79000091552734 31.700000762939453 AB 10.399421501074581 1.0688912891896787
61807.0367 lsst_hardware_y 109.36900835552036 55.189998626708984 30.040000915527344 AB 5.506960634466023 1.0703519211790133
61807.054 lsst_hardware_z 5.097030033072486 53.0 30.969999313354492 AB 5.060230847781634 1.0701933410888076
61808.0379 lsst_hardware_y 143.244176538006 54.4900016784668 30.049999237060547 AB 5.113923339204068 1.0692991822695386
61808.0566 lsst_hardware_i -34.764122491735684 59.09000015258789 31.31999969482422 AB 6.700338485384204 1.0724831509218415
61812.0259 lsst_hardware_y 54.863433836155814 66.0999984741211 30.049999237060547 AB 0.6040158024677851 1.0695277600137851
61812.0428 lsst_hardware_g -89.72478146921844 85.44000244140625 31.709999084472656 AB 1.0995823445789696 1.0711087048419352
61814.0249 lsst_hardware_y -60.74813138241713 63.90999984741211 30.049999237060547 AB 3.573148953280403 1.0688716799043958
61814.0439 lsst_hardware_i -81.21214624671802 41.13999938964844 31.290000915527344 AB 2.6577735789022228 1.0747163683389498
62045.3765 lsst_hardware_z 113.66627000534457 41.95000076293945 30.950000762939453 AB 2.2375725520476113 1.0741637246298625
62047.3711 lsst_hardware_i 48.4662418688382 59.18000030517578 31.31999969482422 AB 2.574140214367412 1.0741248547328144
62047.3901 lsst_hardware_y -3.1592040028931434 75.36000061035156 30.059999465942383 AB 2.0513876749895004 1.06898784522642
62049.3709 lsst_hardware_r 99.86157061858461 81.05999755859375 31.649999618530273 AB 6.635336682833901 1.0712955290144657
62051.3757 lsst_hardware_y 112.92204424515297 84.22000122070312 30.809999465942383 AB 4.3111526661553485 1.068880826319371
62053.3631 lsst_hardware_i -0.30017044030450324 52.709999084472656 31.31999969482422 AB 3.210384789058192 1.0701282630193973
62053.3811 lsst_hardware_z 3.5713365601059013 60.220001220703125 30.979999542236328 AB 3.3323040640645836 1.0707631214024635
62056.3574 lsst_hardware_r -9.205074716412811 29.219999313354492 31.559999465942383 AB 5.858370623141977 1.0694685775657
62056.3749 lsst_hardware_y 8.428127874032603 50.93000030517578 30.040000915527344 AB 5.869355679081121 1.071604359750684
62061.3084 lsst_hardware_u 1.1944082207707893 3.869999885559082 29.219999313354492 AB 6.739173559123915 1.102072536242668
62066.3332 lsst_hardware_g -5.84321057158905 13.699999809265137 31.420000076293945 AB 3.360876552000176 1.068981091603215
62066.3521 lsst_hardware_r -18.92696294313503 22.739999771118164 31.5 AB 3.531299654156619 1.0740779116893036
62068.3015 lsst_hardware_i -8.120237166332737 30.84000015258789 31.25 AB 4.104680329581402 1.0850092286930453
62068.3188 lsst_hardware_z 36.660060041905766 41.68000030517578 30.940000534057617 AB 4.061647003146724 1.0713919818377302
62069.3219 lsst_hardware_r -15.90781261731226 22.520000457763672 31.5 AB 1.4131232773373708 1.0694676670060828
62069.3382 lsst_hardware_g 12.829002068407867 13.65999984741211 31.420000076293945 AB 2.5562922448141703 1.0710721696148293
62076.2587 lsst_hardware_i 8.34736289888986 68.98999786376953 31.31999969482422 AB 3.489025549757051 1.1183670325369552
62076.2797 lsst_hardware_z -75.43237315545227 61.81999969482422 30.979999542236328 AB 3.367174652729648 1.0849604165392777
62078.3064 lsst_hardware_r 29.655937404958543 101.2300033569336 31.649999618530273 AB 6.093808622654578 1.0690892320446628
62078.3256 lsst_hardware_z -60.13137109619849 70.25 30.989999771118164 AB 6.149472921335172 1.0788548984798547
62082.2983 lsst_hardware_i 43.51479543925243 53.91999816894531 31.31999969482422 AB 6.426808745863469 1.069619496690267
62082.3169 lsst_hardware_z 31.705655384097092 53.9900016784668 30.969999313354492 AB 6.496375584114464 1.0809277178227061
62084.2779 lsst_hardware_z -3.075771464305282 44.5099983215332 30.959999084472656 AB 10.12329448894472 1.0703042631483404
62084.2957 lsst_hardware_r -55.39801423444881 36.52000045776367 31.59000015258789 AB 11.101519379020658 1.0704730694607003
62087.2736 lsst_hardware_u 2.8658809649945733 2.6600000858306885 28.40999984741211 AB 4.7166536661757785 1.0692935085413235
62087.2913 lsst_hardware_r -15.297100754902013 22.969999313354492 31.5 AB 4.758672065655864 1.0720949381922191
62092.2685 lsst_hardware_z -49.82268131297126 41.31999969482422 30.940000534057617 AB 4.276518852412989 1.0691297131032473
62092.2887 lsst_hardware_r -15.648266455578296 22.6299991607666 31.479999542236328 AB 4.320245177314293 1.0800612943285732
62094.2674 lsst_hardware_u -0.7524466701733009 2.6500000953674316 28.40999984741211 AB 4.655534340763112 1.0701352761068355
62094.2862 lsst_hardware_g -3.601781286157625 13.789999961853027 31.399999618530273 AB 4.760367486373101 1.0830298575500468
62097.2571 lsst_hardware_r 7.887378157763841 22.850000381469727 31.5 AB 6.47188092693797 1.0695555985687155
62097.2768 lsst_hardware_i -29.565666407438883 30.899999618530273 31.25 AB 6.582587000025353 1.0817727198069602
62099.2569 lsst_hardware_z 22.29266821710166 41.36000061035156 30.950000762939453 AB 6.995724545807937 1.0713207573978463
62099.2764 lsst_hardware_r 9.421109703684591 22.84000015258789 31.5 AB 7.213299354707167 1.0874320635236934
62102.1222 lsst_hardware_i -135.2858979703973 48.25 31.239999771118164 AB 5.292852488438275 1.387258209445793
62102.1371 lsst_hardware_z 12.52823189952762 51.720001220703125 30.940000534057617 AB 5.493078398738934 1.2969393169673824
62104.2591 lsst_hardware_r -57.73742413838717 64.66999816894531 31.6299991607666 AB 6.521661061565093 1.0832424319516807
62104.2795 lsst_hardware_z -6.701221591870986 53.43000030517578 30.959999084472656 AB 6.761027713061327 1.1140266457508112
62106.234 lsst_hardware_y 57.95319022579538 82.29000091552734 30.799999237060547 AB 6.740608240715177 1.069937815986536
