data/validation/pwv_sim_epoch_fit_4/43569556.ecsv
# %ECSV 0.9
# ---
# datatype:
# - {name: time, datatype: float64}
# - {name: band, datatype: string}
# - {name: flux, datatype: float64}
# - {name: fluxerr, datatype: float64}
# - {name: zp, datatype: float64}
# - {name: zpsys, datatype: string}
# - {name: pwv, datatype: float64}
# - {name: airmass, datatype: float64}
# meta: {SNID: '43569556', alt: 1024.0, c: 0.039656348526477814, dec: -42.410164, lat: -30.244573, lon: -70.7499537, ra: 214.683792, t0: 60723.36328125,
#   x0: 5.644319874882437e-06, x1: 0.4300796389579773, z: 0.5836796164512634}
# schema: astropy-2.0
time band flux fluxerr zp zpsys pwv airmass
[from data line 134]
61147.2251 lsst_hardware_g -17.501491468144266 14.239999771118164 31.450000762939453 AB 13.567246809691516 1.0234796929459502
61147.237 lsst_hardware_r -22.106978196056907 22.920000076293945 31.510000228881836 AB 13.560135608294756 1.0258323286484836
61149.2233 lsst_hardware_i -1.4326078554972224 30.479999542236328 31.260000228881836 AB 9.209879594262032 1.0238034176429958
61149.2348 lsst_hardware_z -4.028539395309117 40.81999969482422 30.950000762939453 AB 9.223510515085803 1.027136047263587
61151.215 lsst_hardware_r 0.8737395922161959 22.90999984741211 31.510000228881836 AB 8.186130609841912 1.0235222067819345
61151.2264 lsst_hardware_g 16.762627265797096 14.170000076293945 31.440000534057617 AB 8.152873282134747 1.0259488190605806
61153.2109 lsst_hardware_r 6.624482832075336 22.889999389648438 31.5 AB 4.663407351945343 1.0236310930023254
61153.2228 lsst_hardware_i 1.1507382152716792 30.530000686645508 31.260000228881836 AB 4.710808942057117 1.0266741850799186
61155.2142 lsst_hardware_z 20.71671459767745 42.45000076293945 30.950000762939453 AB 13.023919129784625 1.025505443290128
61155.2257 lsst_hardware_i 24.467118163933257 30.540000915527344 31.25 AB 13.09476331451809 1.0310837255526055
61159.1967 lsst_hardware_y -38.874580836345274 53.900001525878906 30.059999465942383 AB 9.983449246187421 1.023908507010436
61159.2084 lsst_hardware_r -36.19720116013176 86.51000213623047 31.65999984741211 AB 10.773859639673784 1.0275497987290207
61161.1975 lsst_hardware_i -171.32347538327855 105.75 31.350000381469727 AB 9.942988894539178 1.0254027735860274
61161.2088 lsst_hardware_z -56.56593681874643 89.44999694824219 31.0 AB 9.462344053660804 1.030756432860654
61163.2046 lsst_hardware_r 28.325656396075225 124.6500015258789 31.670000076293945 AB 11.91152258943137 1.031568596988947
61163.2179 lsst_hardware_z -43.8434772092892 81.0199966430664 31.0 AB 12.375521829099888 1.0428224674821545
61168.1863 lsst_hardware_z 18.012519704777105 45.040000915527344 30.959999084472656 AB 9.062962335484984 1.0287909416700072
61168.199 lsst_hardware_i -46.893480263157755 39.290000915527344 31.280000686645508 AB 9.15079740704587 1.0377897277650758
61170.1857 lsst_hardware_u 1.6010430272249623 2.6500000953674316 28.399999618530273 AB 6.454385594121729 1.0317112522573437
61170.1985 lsst_hardware_g -6.334309530466892 17.079999923706055 31.5 AB 6.515799004570516 1.042527840731317
61178.1326 lsst_hardware_u 3.206591295045716 2.6500000953674316 28.40999984741211 AB 8.040372718820382 1.0239904124834924
61178.1443 lsst_hardware_r -11.588719581046494 22.950000762939453 31.5 AB 8.105184584150656 1.0238343439841668
61185.122 lsst_hardware_r -19.832904347582307 44.779998779296875 31.6299991607666 AB 5.881823103009606 1.0235191014517875
61185.1345 lsst_hardware_z 26.646235477945744 46.650001525878906 30.969999313354492 AB 5.867056341632396 1.0263072317724309
61196.0988 lsst_hardware_z 54.89396533306416 45.599998474121094 30.959999084472656 AB 9.275415520408885 1.0245304330348841
61196.1132 lsst_hardware_r -35.903050925774416 44.439998626708984 31.6200008392334 AB 9.31102020649274 1.0307402442612186
61219.965 lsst_hardware_z -21.79345528997633 100.72000122070312 31.739999771118164 AB 4.082706309915375 1.071576459295374
61222.0202 lsst_hardware_i 8.335141727251862 65.25 31.329999923706055 AB 8.368285363870148 1.023486973107494
61222.0331 lsst_hardware_r 0.1550981545162798 82.70999908447266 31.65999984741211 AB 8.33941713675189 1.026168780478264
61225.0151 lsst_hardware_r -18.260497591304098 22.43000030517578 31.5 AB 8.08744689694654 1.0237274553096887
61225.0267 lsst_hardware_i 56.544551129019105 30.18000030517578 31.25 AB 8.112450113848082 1.0268924194744407
61231.017 lsst_hardware_z -47.66741195886805 40.97999954223633 30.950000762939453 AB 8.42520622629161 1.030354191793037
61231.029 lsst_hardware_r 48.24183650975733 22.729999542236328 31.510000228881836 AB 8.50645225752394 1.039643805981436
61233.0017 lsst_hardware_i 9.426065948878223 30.309999465942383 31.25 AB 9.896751473758036 1.0256763886162332
61233.0143 lsst_hardware_u -3.866852681297313 2.7100000381469727 28.459999084472656 AB 10.019487762436418 1.032138837232698
61235.0019 lsst_hardware_g -2.3319075246658336 13.979999542236328 31.43000030517578 AB 7.122667239164841 1.0280491564828154
61235.014 lsst_hardware_r -8.492452229457193 22.729999542236328 31.5 AB 7.236293544555338 1.0360379709439127
61237.0041 lsst_hardware_i -27.0185094217149 30.25 31.239999771118164 AB 4.535185624320364 1.0326406491564715
61237.0162 lsst_hardware_r -27.210082956572826 22.610000610351562 31.489999771118164 AB 4.569836134701589 1.0432026483615018
61237.9932 lsst_hardware_u -3.0186289750117767 2.640000104904175 28.389999389648438 AB 1.882589263965648 1.027801236014293
61238.0047 lsst_hardware_g 4.073238179112209 14.119999885559082 31.43000030517578 AB 1.5527082409047481 1.035138827269832
61241.9981 lsst_hardware_r -41.417318995812124 36.58000183105469 31.59000015258789 AB 5.708435693318343 1.0388418004219004
61242.0094 lsst_hardware_i 51.06372358639761 37.9900016784668 31.280000686645508 AB 5.880232734772799 1.0510425526881793
61243.9984 lsst_hardware_z 45.580221596406986 53.61000061035156 30.969999313354492 AB 3.528659367038203 1.0446001678618526
61244.0092 lsst_hardware_r -63.48861330843295 61.84000015258789 31.639999389648438 AB 4.469902055232802 1.058006719452318
