data/validation/pwv_sim_epoch_fit_4/43727114.ecsv
# %ECSV 0.9
# ---
# datatype:
# - {name: time, datatype: float64}
# - {name: band, datatype: string}
# - {name: flux, datatype: float64}
# - {name: fluxerr, datatype: float64}
# - {name: zp, datatype: float64}
# - {name: zpsys, datatype: string}
# - {name: pwv, datatype: float64}
# - {name: airmass, datatype: float64}
# meta: {SNID: '43727114', alt: 1024.0, c: -0.012502261437475681, dec: -56.255466, lat: -30.244573, lon: -70.7499537, ra: 27.445055, t0: 61339.07421875,
#   x0: 3.6677811974392668e-06, x1: 0.579195499420166, z: 0.6963306665420532}
# schema: astropy-2.0
time band flux fluxerr zp zpsys pwv airmass
61244.4401 lsst_hardware_z -38.256720857834914 57.83000183105469 30.969999313354492 AB 5.6687934190051505 1.111528121373559
61249.433 lsst_hardware_r -17.24695744904767 58.63999938964844 31.6200008392334 AB 4.005143664908942 1.1125399069191504
61251.4321 lsst_hardware_z -38.32820707882145 65.23999786376953 30.979999542236328 AB 4.2045801341398805 1.1138452384140265
61263.4198 lsst_hardware_g 8.417978901209082 13.609999656677246 31.3799991607666 AB 5.5120164030092855 1.1258586695507138
61263.4321 lsst_hardware_r 13.366323368304583 31.110000610351562 31.549999237060547 AB 5.618740615718915 1.1380688224934927
61266.4129 lsst_hardware_i 43.675016907118604 30.81999969482422 31.239999771118164 AB 3.943231057688238 1.1269594334633433
61266.424 lsst_hardware_z -4.435342879188102 45.869998931884766 30.950000762939453 AB 4.806595142909472 1.1381719856130723
61268.4176 lsst_hardware_r 18.86643346567298 22.530000686645508 31.469999313354492 AB 5.291306673016954 1.1371002878976262
61268.4289 lsst_hardware_u 19.073284699817037 10.050000190734863 29.170000076293945 AB 5.272464972278764 1.1515284592921005
61271.2637 lsst_hardware_r -82.94689164709327 38.869998931884766 32.63999938964844 AB 3.043612508611456 1.2371151340763973
61271.2853 lsst_hardware_z 50.65493684663029 74.02999877929688 32.130001068115234 AB 2.942665015800889 1.1861997443520134
61272.2716 lsst_hardware_r 7.468700390490609 22.389999389648438 31.459999084472656 AB 1.8565536657950705 1.2101381852004804
61272.2945 lsst_hardware_u -2.1547833378780186 2.569999933242798 28.34000015258789 AB 2.8339935834787693 1.164335901182732
61274.4152 lsst_hardware_r 29.15965629508163 22.809999465942383 31.469999313354492 AB 1.4399856667642583 1.155454898105724
61274.4255 lsst_hardware_i -11.804318649061434 45.72999954223633 31.280000686645508 AB 1.969359983183883 1.1724125513819814
61276.4141 lsst_hardware_z 82.71485294330355 44.029998779296875 30.940000534057617 AB 4.424941347615894 1.1622662559950692
61276.425 lsst_hardware_r 69.70449946766905 34.84000015258789 31.559999465942383 AB 4.017689640423633 1.1816734236540098
61278.3872 lsst_hardware_r 101.63591251615851 63.45000076293945 31.6200008392334 AB 2.285407699888664 1.1337284993249694
61278.398 lsst_hardware_z -44.10359517032504 54.22999954223633 30.959999084472656 AB 2.3260917586001524 1.146564021491141
61281.3878 lsst_hardware_z -18.755686872405455 62.459999084472656 30.969999313354492 AB 8.459462125870337 1.1439434923421687
61281.3996 lsst_hardware_r -100.2683433740646 85.43000030517578 31.6200008392334 AB 8.646748953441989 1.1608971519501439
61286.3851 lsst_hardware_r -8.809648984616395 36.349998474121094 31.559999465942383 AB 1.3481700951198508 1.1595499671328993
61286.3972 lsst_hardware_y -71.21394753293742 49.77000045776367 30.0 AB 1.4077989595112008 1.180709219606822
61297.1402 lsst_hardware_z -19.69477134322251 46.040000915527344 30.90999984741211 AB 2.431204885781523 1.4379446315431157
61297.1567 lsst_hardware_r 14.379017951310658 23.0 31.43000030517578 AB 2.2788463961288214 1.3609115533764236
61299.3553 lsst_hardware_z -88.07666266046613 42.470001220703125 30.940000534057617 AB 4.886038784133195 1.1689787150267827
61299.3669 lsst_hardware_r -3.3449822071355606 22.290000915527344 31.459999084472656 AB 4.90145878204677 1.1911199956372152
61303.3466 lsst_hardware_i -15.121485168230565 31.0 31.219999313354492 AB 6.029928832427846 1.1729097125906582
61303.3587 lsst_hardware_u 2.70017063741251 2.5299999713897705 28.280000686645508 AB 6.246062883036691 1.196907709693865
61305.3411 lsst_hardware_z 11.01801906321912 42.453401369091644 30.940000534057617 AB 1.7642429309941192 1.1728389104168078
61305.353 lsst_hardware_r 66.95207042252605 22.283062166952853 31.459999084472656 AB 1.8164179546009527 1.1963892340527458
61307.3411 lsst_hardware_i 20.796608762404368 55.73115122951967 31.290000915527344 AB 4.742507392532521 1.1831127335744682
61307.3527 lsst_hardware_r -40.7988659759676 56.84578165293496 31.600000381469727 AB 4.89892685941249 1.2079711156240265
61309.3387 lsst_hardware_z -32.076776254266655 92.26057106892237 31.719999313354492 AB 4.971023848478473 1.189263864545549
61311.3353 lsst_hardware_z 56.96770313632294 59.16211042812756 30.950000762939453 AB 5.70615073294753 1.1935681081310527
61311.3473 lsst_hardware_r 31.348869124043226 77.01856864292625 31.600000381469727 AB 5.814134243219658 1.2213284829786866
61313.3261 lsst_hardware_i 108.20898632624001 48.198062491545805 31.280000686645508 AB 4.498843715160508 1.185856662974763
61313.3382 lsst_hardware_z 56.353769410367114 51.418499828820124 30.940000534057617 AB 3.9120475587403294 1.2124114334939815
61315.3259 lsst_hardware_i 228.9052271338614 40.44429842315599 31.260000228881836 AB 3.8040308133931844 1.1968320117647206
61315.3378 lsst_hardware_z 151.62165448319325 47.61002452314719 30.940000534057617 AB 2.9337182617280404 1.2249345560451108
61317.3296 lsst_hardware_g -7.005322314614735 21.914898625016537 31.5 AB 3.2403154959540164 1.2180492419712494
61317.3416 lsst_hardware_r 266.72894528536983 31.591993333287547 31.489999771118164 AB 2.97996130992325 1.2501585693986506
61319.3289 lsst_hardware_i 409.4507119232179 37.35311754699373 31.219999313354492 AB 7.046068633621637 1.2301813362547012
61319.34 lsst_hardware_r 328.2375934468738 29.77232221362459 31.450000762939453 AB 7.941767604903129 1.2615993018114582
61321.2627 lsst_hardware_i 538.1476706002934 37.99925509311341 31.239999771118164 AB 4.245191018650498 1.126942133966153
61321.274 lsst_hardware_z 269.0880182715824 46.18676857064896 30.940000534057617 AB 4.2457488047947045 1.1383721882549034
61323.3049 lsst_hardware_g 131.7022746790381 17.280980549226626 31.350000381469727 AB 3.344197821853349 1.1986730147925622
61323.3155 lsst_hardware_r 608.9928878179778 33.48201301437027 31.459999084472656 AB 3.419109432315929 1.2237692960238813
61326.3029 lsst_hardware_i 787.4322166902796 42.55691394045505 31.229999542236328 AB 6.403004006126795 1.2128815796924073
61326.3148 lsst_hardware_u -2.6424473718915746 2.9495351242588654 28.290000915527344 AB 6.5953283892263235 1.243814877741881
61328.2998 lsst_hardware_g 206.84883239434407 19.43035521163615 31.329999923706055 AB 6.92751662136666 1.2186319845256233
61328.3113 lsst_hardware_r 894.3243351499575 38.00232383940274 31.450000762939453 AB 7.04325372662039 1.2493945825367294
61330.2995 lsst_hardware_i 1061.0163966177047 44.95709531176492 31.219999313354492 AB 6.679973392171844 1.2318613336928887
61330.3097 lsst_hardware_r 990.3116175460071 38.978962625758356 31.440000534057617 AB 6.813139670943726 1.2607975210703004
61332.2916 lsst_hardware_z 696.3253742752929 51.10646994765499 30.93000030517578 AB 4.494300282001412 1.225495441374819
61332.3036 lsst_hardware_g 224.8067938733464 20.07860818345953 31.34000015258789 AB 4.78371198286957 1.2588715744393606
61334.3019 lsst_hardware_r 1063.228180017809 39.91374666819793 31.450000762939453 AB 2.9291953083476265 1.2704331249158423
61334.3129 lsst_hardware_i 1191.674969289744 46.74867366134705 31.209999084472656 AB 3.028831347924297 1.3075032799154596
61340.2754 lsst_hardware_i 1265.3717891542283 71.85707448382907 31.290000915527344 AB 4.073340005989656 1.240548197347277
61340.286 lsst_hardware_z 703.7231943623975 65.89874832595615 30.950000762939453 AB 4.181567947299099 1.2719598318780532
61348.0832 lsst_hardware_r 846.529503870077 35.629761342423414 31.469999313354492 AB 4.735106927782689 1.170896866415196
61355.2261 lsst_hardware_r 529.853275762414 32.306078615281855 31.459999084472656 AB 2.808096439770736 1.2187036989964506
61355.2374 lsst_hardware_i 770.3931188360702 42.03233398444606 31.219999313354492 AB 2.900983304258723 1.2488986026800848
61358.1733 lsst_hardware_g 51.719522604812276 14.66906295576529 31.350000381469727 AB 4.564789415250509 1.1387774517277058
61358.185 lsst_hardware_i 701.927930120216 40.447189033302124 31.229999542236328 AB 4.618423038003938 1.1542210191612043
61362.2133 lsst_hardware_g 51.690247335697435 23.624251926227327 31.5 AB 5.570878986133215 1.2350227758428676
61362.2262 lsst_hardware_r 325.84428014214217 34.363059527787 31.489999771118164 AB 5.804436253943308 1.2728329047626123
61363.1772 lsst_hardware_r 347.38740024911 46.96403631193562 31.579999923706055 AB 6.267542498979483 1.1633489557270502
61363.1885 lsst_hardware_i 596.4849408359672 47.86212211269591 31.270000457763672 AB 6.322172207278006 1.1837426507619921
61365.1808 lsst_hardware_z 518.9506488794071 56.78130029701045 30.959999084472656 AB 3.7509982047957875 1.179404649745634
61365.1926 lsst_hardware_r 395.3899158947151 61.01997922508428 31.600000381469727 AB 3.742475148545099 1.2040134526150452
61367.0778 lsst_hardware_z 515.5657175390456 59.827215269924906 30.969999313354492 AB 7.629943834907552 1.1178449463280382
61367.0906 lsst_hardware_r 232.0127983297541 75.6432709379185 31.6299991607666 AB 7.597499220850062 1.112738342916732
61369.084 lsst_hardware_z 376.7486725697424 60.12231303081564 30.969999313354492 AB 5.737419836319218 1.1130355179822917
61369.0967 lsst_hardware_g 57.38756010908573 85.7847235465188 31.700000762939453 AB 5.751318685142533 1.1114733182224734
61371.0815 lsst_hardware_r 221.51692032608852 25.778835788166084 31.479999542236328 AB 4.038874038817413 1.1123310489720224
61371.0945 lsst_hardware_z 347.5112869879332 50.20473324573845 30.959999084472656 AB 4.249242789650325 1.1116881807753534
61373.1602 lsst_hardware_u 2.992338773423693 3.863008559651504 28.649999618530273 AB 6.006127701973595 1.1818045522527478
61373.1713 lsst_hardware_g 27.24312405121653 26.454571354047193 31.579999923706055 AB 5.230834096276039 1.2052613125059999
61375.1574 lsst_hardware_r 113.90354172621184 25.46605804602383 31.469999313354492 AB 9.681437818632189 1.1870811074466245
61375.1695 lsst_hardware_i 312.26739365607614 35.37989441391462 31.229999542236328 AB 9.428057944630051 1.2138609430449403
61378.1787 lsst_hardware_z 232.9817245043452 47.18526292025648 30.93000030517578 AB 4.711078857778244 1.2610235393662412
61378.1902 lsst_hardware_r 93.11729350837565 25.48350958496521 31.450000762939453 AB 4.758550098163486 1.2984651335462134
61382.0746 lsst_hardware_u -4.812176939029027 2.5934125985441994 28.350000381469727 AB 3.316836960846684 1.1139670733322196
61382.0861 lsst_hardware_g 3.326751670358334 13.494614359045608 31.360000610351562 AB 4.257232137243064 1.1195140719855539
61384.0722 lsst_hardware_r 134.38677370930586 24.135956091929124 31.479999542236328 AB 8.101638600757386 1.1151345829309793
61384.0851 lsst_hardware_z 213.2563497522378 44.417478944093936 30.940000534057617 AB 10.327268074994269 1.1225291385863336
61386.0749 lsst_hardware_r 117.23428877821473 24.054618708589018 31.479999542236328 AB 15.210309139985338 1.119344729827278
61386.0864 lsst_hardware_u -0.5241065305464283 2.702462524508383 28.440000534057617 AB 13.96655363354058 1.128033084767977
61388.0775 lsst_hardware_g 13.490268961422379 15.04398418194988 31.40999984741211 AB 8.888238276479763 1.1250934527189573
61388.0902 lsst_hardware_r 83.86620409521338 24.627572659656863 31.469999313354492 AB 8.406526798969546 1.1374389336629473
61391.0769 lsst_hardware_i 102.94374491064158 37.00188163432249 31.260000228881836 AB 12.345030332479336 1.1319830973939544
61391.0889 lsst_hardware_z 136.36843162320145 46.11547324810269 30.940000534057617 AB 10.962246171229154 1.1458793907208176
61607.3084 lsst_hardware_z 80.7485936738446 106.44999694824219 32.13999938964844 AB 6.6622343353311955 1.3572160601642365
61626.4242 lsst_hardware_u -2.273231302742748 3.9000000953674316 28.65999984741211 AB 3.7357840438959165 1.1243894789753401
61626.4355 lsst_hardware_g 6.02892942998964 30.950000762939453 31.6200008392334 AB 3.839301937671391 1.1349647291911584
61627.4151 lsst_hardware_r 21.06716323800264 22.219999313354492 31.479999542236328 AB 5.823114643966344 1.1198297392242968
61627.4259 lsst_hardware_i 50.15800313988889 33.79999923706055 31.260000228881836 AB 5.592062123226584 1.1281521381042838
61629.426 lsst_hardware_z 13.008606603967536 46.189998626708984 30.950000762939453 AB 3.6797661308693934 1.1335727671210332
61631.4188 lsst_hardware_z 56.714569050418625 43.939998626708984 30.950000762939453 AB 4.711649179171526 1.1317917797673618
61631.43 lsst_hardware_r 47.02992473282705 30.579999923706055 31.540000915527344 AB 4.695629175384912 1.1446239965998812
61649.3933 lsst_hardware_g 13.407356308027811 12.979999542236328 31.350000381469727 AB 0.7295620789883677 1.1628031541852055
61649.4035 lsst_hardware_i 22.82691530964133 31.209999084472656 31.229999542236328 AB 0.8008916901630673 1.1809658739194897
61653.3775 lsst_hardware_r 37.907823062968305 22.149999618530273 31.459999084472656 AB 1.3769599919120497 1.155167778449706
61653.3892 lsst_hardware_u -2.107395380269915 2.5299999713897705 28.270000457763672 AB 1.17304605577181 1.1746122053789823
61655.3704 lsst_hardware_g -16.285804090452544 13.09000015258789 31.360000610351562 AB 2.692056570947856 1.1527504585845803
61655.3819 lsst_hardware_r 9.632873568243273 22.3700008392334 31.469999313354492 AB 2.4386365221853534 1.171295159551082
61671.3049 lsst_hardware_r 55.6305538470796 30.049999237060547 31.540000915527344 AB 2.3106585528264953 1.1273796557803595
61671.3167 lsst_hardware_g 32.70384545988527 26.399999618530273 31.59000015258789 AB 2.2534836271317 1.139561884769805
61672.3388 lsst_hardware_i -15.440716698080056 32.56999969482422 31.239999771118164 AB 4.782381027233949 1.177346387797624
61672.3509 lsst_hardware_z 10.273941563369574 43.61000061035156 30.940000534057617 AB 4.964687239452365 1.202248998535685
61678.132 lsst_hardware_z -61.9196521869863 62.38999938964844 31.68000030517578 AB 5.307776936624833 1.2912204678782435
61678.1501 lsst_hardware_r 19.393549394072046 22.479999542236328 31.459999084472656 AB 5.102450040559075 1.236058633856365
61680.3308 lsst_hardware_r 5.880445038179091 22.40999984741211 31.450000762939453 AB 3.8551657171936813 1.2062156443126397
61680.3428 lsst_hardware_i -16.76981725188959 31.600000381469727 31.219999313354492 AB 2.959219841797436 1.2362706482930381
61682.3291 lsst_hardware_z -80.24002704704132 43.439998626708984 30.93000030517578 AB 3.2510312324998676 1.2151116548309642
61682.3411 lsst_hardware_u 2.5458798391058743 2.5299999713897705 28.260000228881836 AB 2.98860458592022 1.2467237374344553
61686.3258 lsst_hardware_i 37.493735923165644 31.31999969482422 31.219999313354492 AB 4.250740667504563 1.2346037372943837
61686.3372 lsst_hardware_z 35.42302773630471 43.720001220703125 30.93000030517578 AB 5.672273615191239 1.267641600534395
61688.2669 lsst_hardware_i 16.371461049218745 41.619998931884766 31.270000457763672 AB 3.6399536353889936 1.1357109626799098
61688.2781 lsst_hardware_z -44.03072445141685 46.84000015258789 30.950000762939453 AB 3.706511469401368 1.149632650955476
61689.3092 lsst_hardware_z -96.70987207758368 69.0999984741211 31.690000534057617 AB 5.489583759405442 1.21321236717492
61692.2966 lsst_hardware_r -54.40018649423786 83.55000305175781 31.6200008392334 AB 6.031172571363579 1.202946460613705
61692.3077 lsst_hardware_i -27.159758844641452 67.19000244140625 31.299999237060547 AB 6.169661739057658 1.2300372299167444
61694.3026 lsst_hardware_z -104.1489631277877 87.5999984741211 31.709999084472656 AB 8.663702523481215 1.2309892758569139
61698.2975 lsst_hardware_i -31.023491066327633 43.16999816894531 31.260000228881836 AB 1.6160794699899719 1.2469748996842176
61698.3087 lsst_hardware_z -8.1188036783441 49.439998626708984 30.93000030517578 AB 1.5138325254197935 1.2812801738635577
61700.2984 lsst_hardware_i -14.63118408577082 36.540000915527344 31.229999542236328 AB 3.2352338796911075 1.2658647675594994
61700.309 lsst_hardware_z -74.70565872755688 46.61000061035156 30.920000076293945 AB 3.2882771541565803 1.300871191437301
61707.2814 lsst_hardware_z -94.16874493145924 43.779998779296875 30.93000030517578 AB 3.377177041704328 1.2724856977032133
61707.2916 lsst_hardware_u -1.6286726609869588 2.4700000286102295 28.209999084472656 AB 3.419466206233106 1.306968864657728
61709.2736 lsst_hardware_g 8.902111689063377 12.979999542236328 31.309999465942383 AB 4.8076542153296105 1.265172161928845
61709.2833 lsst_hardware_r 27.983986171408574 22.75 31.43000030517578 AB 4.9283630280881425 1.2969376389705638
61711.2282 lsst_hardware_u 1.5196880982991932 2.4700000286102295 28.25 AB 5.11366016519991 1.169906237748778
61711.2402 lsst_hardware_r -16.36885015002768 22.010000228881836 31.450000762939453 AB 5.269529846876468 1.193078586489015
61720.2283 lsst_hardware_i 20.04672900574556 54.68000030517578 31.290000915527344 AB 2.8228537799954347 1.2224556246823621
61720.2398 lsst_hardware_z 5.267827600280653 55.189998626708984 30.950000762939453 AB 2.935258518865219 1.2538481498784617
61724.2292 lsst_hardware_y 63.52911078168701 53.459999084472656 29.979999542236328 AB 9.167570141967856 1.254800183680243
61724.2408 lsst_hardware_r 44.67803465372453 78.48999786376953 31.59000015258789 AB 9.745420988920344 1.2916396274246176
61726.1782 lsst_hardware_g 37.78357448031325 58.349998474121094 31.65999984741211 AB 2.8561177655450725 1.1552316700321428
61726.1899 lsst_hardware_r -62.49870595210052 54.970001220703125 31.600000381469727 AB 2.824221808545135 1.174678926294198
61728.1803 lsst_hardware_i -13.456076478415994 36.459999084472656 31.260000228881836 AB 6.148549676436808 1.1673537871568538
61728.1928 lsst_hardware_z 61.441973828024366 45.72999954223633 30.940000534057617 AB 6.273263694880279 1.1910317908167192
61729.1792 lsst_hardware_r -6.697266028056032 22.1200008392334 31.469999313354492 AB 5.884256301894667 1.1701812273830199
61729.1913 lsst_hardware_u -2.487624445336631 2.619999885559082 28.34000015258789 AB 6.126051737384917 1.1936192253136813
61734.0835 lsst_hardware_g -5.13505399852668 12.970000267028809 31.3700008392334 AB 5.7163813646146275 1.1133277562790198
61734.0972 lsst_hardware_r 24.891341079162178 21.940000534057617 31.469999313354492 AB 5.681027434412915 1.1114208029762809
61736.0859 lsst_hardware_i -3.221980960608665 30.350000381469727 31.239999771118164 AB 4.2491651775029045 1.1116921126307553
61736.0968 lsst_hardware_r 15.763882235276146 21.93000030517578 31.469999313354492 AB 4.241761846298926 1.11183989330917
61738.1656 lsst_hardware_g 6.794313814656053 12.869999885559082 31.31999969482422 AB 6.018047871761654 1.1912601771822087
61738.1782 lsst_hardware_r 5.588041199082625 22.270000457763672 31.450000762939453 AB 5.316314079859746 1.2200843206531307
61740.1624 lsst_hardware_i 42.53417993800674 31.299999237060547 31.219999313354492 AB 9.753063368254379 1.1960589504461687
61740.1739 lsst_hardware_z 59.04969697455351 43.56999969482422 30.93000030517578 AB 9.517431384780867 1.2230058320201087
61742.1602 lsst_hardware_r -32.28640879753823 22.479999542236328 31.450000762939453 AB 7.784911168953965 1.2032636484743318
61742.1723 lsst_hardware_u -0.3662302178930484 2.5199999809265137 28.25 AB 7.871311897836806 1.233051129042307
61746.1159 lsst_hardware_g -14.204030925140101 34.7599983215332 31.639999389648438 AB 6.4315432208979715 1.144538478033638
61746.1279 lsst_hardware_r 9.51563340922925 37.349998474121094 31.56999969482422 AB 5.234632070340362 1.1619605039601248
61748.0721 lsst_hardware_i -64.7378934391948 44.88999938964844 31.290000915527344 AB 5.984082003515945 1.1137665422060263
61748.0852 lsst_hardware_r 81.83303543629681 49.7400016784668 31.600000381469727 AB 6.8931263618063205 1.1201960448210484
61750.0819 lsst_hardware_z -117.72039691108209 73.66999816894531 31.709999084472656 AB 11.158247933314104 1.1216574118731508
61752.079 lsst_hardware_r 88.95879506232572 76.66000366210938 31.6299991607666 AB 12.825176496409767 1.123537143793988
61752.0914 lsst_hardware_i -51.355099313028205 61.08000183105469 31.309999465942383 AB 13.418831504916756 1.1349448693191506
61754.0773 lsst_hardware_z 29.758434212571867 51.869998931884766 30.959999084472656 AB 8.656202411389932 1.1265906267952377
61754.0905 lsst_hardware_r 88.76014449710777 61.33000183105469 31.610000610351562 AB 8.862523235923542 1.1401279030316205
61756.0794 lsst_hardware_u -3.7309441330049413 2.5899999141693115 28.350000381469727 AB 12.364100385312947 1.1338010440452035
61756.0928 lsst_hardware_g -16.897509936082283 13.3100004196167 31.3700008392334 AB 11.004103801071638 1.150204656703625
