data/validation/pwv_sim_epoch_fit_4/43767103.ecsv
# %ECSV 0.9
# ---
# datatype:
# - {name: time, datatype: float64}
# - {name: band, datatype: string}
# - {name: flux, datatype: float64}
# - {name: fluxerr, datatype: float64}
# - {name: zp, datatype: float64}
# - {name: zpsys, datatype: string}
# - {name: pwv, datatype: float64}
# - {name: airmass, datatype: float64}
# meta: {SNID: '43767103', alt: 1024.0, c: -0.07717672735452652, dec: -26.777105, lat: -30.244573, lon: -70.7499537, ra: 289.6875, t0: 62382.36328125,
#   x0: 5.458957326371368e-06, x1: -0.523279070854187, z: 0.5913820862770081}
# schema: astropy-2.0
time band flux fluxerr zp zpsys pwv airmass
[from data line 132]
62644.2641 lsst_hardware_r -73.92209031073233 47.099998474121094 31.6200008392334 AB 1.8044144470442012 1.0796257162211016
62646.2327 lsst_hardware_u -3.759882837637991 2.9100000858306885 28.450000762939453 AB 6.383951899165982 1.1573866564434256
62646.2512 lsst_hardware_g -30.72587280065424 18.190000534057617 31.520000457763672 AB 5.955009900175727 1.0986089659949687
62649.2666 lsst_hardware_z -17.318896188980077 41.56999969482422 30.950000762939453 AB 8.040185673185873 1.046399593057031
62649.2715 lsst_hardware_r -29.44017802592236 24.049999237060547 31.520000457763672 AB 7.957106315571134 1.0383123005899708
62652.256 lsst_hardware_g 9.48139473588294 15.319999694824219 31.469999313354492 AB 7.2470619325189265 1.0507049003265407
62652.2708 lsst_hardware_r -17.833622981452013 24.170000076293945 31.530000686645508 AB 7.028247049716196 1.027621656552714
62654.256 lsst_hardware_i 11.240029991335827 31.350000381469727 31.25 AB 10.283146413353714 1.0412609862645945
62654.2761 lsst_hardware_z 16.595370007491585 41.209999084472656 30.950000762939453 AB 10.050616960936868 1.0156412928946623
62655.1467 lsst_hardware_r 50.740428585444356 25.579999923706055 31.40999984741211 AB 13.939180751996341 1.5318903310128937
62655.1664 lsst_hardware_i 17.13737581943779 34.02000045776367 31.209999084472656 AB 12.495185314882578 1.3714896803983512
62657.1477 lsst_hardware_z -58.13822361304613 47.40999984741211 30.899999618530273 AB 12.244080146408507 1.4736072869196954
62657.1668 lsst_hardware_i 45.881960077332195 33.689998626708984 31.200000762939453 AB 10.829183795392174 1.332617602878594
62675.1574 lsst_hardware_u 4.082651632897706 2.799999952316284 28.420000076293945 AB 3.9262445065847675 1.1435941182800393
62675.1776 lsst_hardware_g 18.207611299725976 15.539999961853027 31.450000762939453 AB 3.3402808671556383 1.0841547767463753
62678.1574 lsst_hardware_z -23.547557579767673 42.97999954223633 30.940000534057617 AB 6.739656805254163 1.1170856180755542
62678.1763 lsst_hardware_u -2.2578909516028562 2.819999933242798 28.459999084472656 AB 6.526806999079517 1.0681589109835006
62680.1575 lsst_hardware_g 18.447339429104197 15.760000228881836 31.459999084472656 AB 6.927516428138541 1.1010038824123556
62680.176 lsst_hardware_r -29.377180179657987 24.719999313354492 31.520000457763672 AB 6.220874817670761 1.0574623595780623
62682.1533 lsst_hardware_i -45.43112028730964 32.099998474121094 31.25 AB 3.517228893531561 1.0975620003219018
62682.1721 lsst_hardware_z 47.42138681191936 41.939998626708984 30.950000762939453 AB 3.2687509799266965 1.0544357999763536
62686.1562 lsst_hardware_i 24.918412849241875 31.860000610351562 31.25 AB 9.258308997830767 1.0644283398703636
62686.1764 lsst_hardware_u 1.7555850558425616 2.8499999046325684 28.489999771118164 AB 7.901257786320772 1.0297034473919338
62688.0415 lsst_hardware_r 10.79692063045226 27.65999984741211 31.399999618530273 AB 9.72588411026222 1.6956357594529512
62688.0612 lsst_hardware_z 42.258507926267384 47.41999816894531 30.90999984741211 AB 9.265139089922247 1.4897917576152295
62707.0705 lsst_hardware_r -30.503249445261307 24.829999923706055 31.489999771118164 AB 5.367297678456654 1.1419782294588625
62707.0896 lsst_hardware_u -0.8804148738136509 2.7100000381469727 28.360000610351562 AB 5.7809126212188575 1.0857193391339344
62709.0725 lsst_hardware_g -0.06401185215691231 15.470000267028809 31.420000076293945 AB 3.910326307090336 1.1178748733820285
62709.0923 lsst_hardware_r -20.01446313674405 24.5 31.5 AB 3.246194313683057 1.0667743390348527
62711.0643 lsst_hardware_r -42.46262614232011 24.739999771118164 31.5 AB 4.358192220041332 1.1263904079365923
62711.075 lsst_hardware_i 39.81657517058157 32.130001068115234 31.25 AB 4.271293211963337 1.0952033876829068
62716.0747 lsst_hardware_r -17.167665394756572 24.3700008392334 31.510000228881836 AB 1.6983386504255868 1.0635666321420374
62716.0935 lsst_hardware_g -16.873444595934295 15.420000076293945 31.469999313354492 AB 1.8182680757665777 1.0310564648520428
62718.0528 lsst_hardware_z -5.905480507960426 42.81999969482422 30.940000534057617 AB 2.428003405331203 1.1036379115141832
62718.0712 lsst_hardware_r -51.6717322465681 26.149999618530273 31.520000457763672 AB 2.331001454789909 1.0595461158135948
62719.0561 lsst_hardware_i 1.783516188941206 34.470001220703125 31.260000228881836 AB 1.854118688346525 1.0875659526912846
62719.0744 lsst_hardware_z 54.16576474242926 42.970001220703125 30.950000762939453 AB 1.791900410470022 1.0483036722718537
62724.9742 lsst_hardware_z 218.3060919820087 165.9199981689453 31.709999084472656 AB 7.6766482105384055 1.379038600695522
62730.9697 lsst_hardware_y -38.82187483103639 73.30999755859375 29.989999771118164 AB 4.655562616111328 1.3024374363159401
62730.9881 lsst_hardware_i 52.64624716211582 32.93000030517578 31.239999771118164 AB 4.079965148765154 1.2080731804767646
62735.9976 lsst_hardware_u 1.9520326177306515 2.75 28.389999389648438 AB 1.5700846672922855 1.1214890480659183
62736.0114 lsst_hardware_g -1.2495401730450362 15.350000381469727 31.459999084472656 AB 1.467491296743722 1.0832858981868025
62737.9735 lsst_hardware_y -23.614553271719142 66.56999969482422 30.020000457763672 AB 5.809656443751544 1.188676510230495
62737.9906 lsst_hardware_u 0.5368739881770709 2.8299999237060547 28.420000076293945 AB 5.387461067236166 1.1263181032219027
62739.9747 lsst_hardware_z 35.65187309726753 56.7400016784668 30.959999084472656 AB 2.535178455454566 1.162392689341846
62739.9931 lsst_hardware_r 11.659759623508569 24.59000015258789 31.510000228881836 AB 2.270807651550469 1.102601433139339
62741.9768 lsst_hardware_y 52.289933780888475 60.34000015258789 30.030000686645508 AB 6.045106473881558 1.13567558022041
62741.9938 lsst_hardware_z 25.2213649188054 42.31999969482422 30.950000762939453 AB 5.817155223797666 1.0863034965075007
62743.977 lsst_hardware_y -122.96969894800701 60.08000183105469 30.040000915527344 AB 3.003183992371744 1.1176717500453086
62743.9938 lsst_hardware_u 1.5450405377583427 2.880000114440918 28.450000762939453 AB 3.025520483909739 1.073260192944214
62746.9786 lsst_hardware_y -42.73831760890651 57.59000015258789 30.040000915527344 AB 3.777209174030258 1.0902347585896115
62746.9979 lsst_hardware_i 8.873131170686209 32.689998626708984 31.270000457763672 AB 3.2194161218493575 1.0483851685805234
62747.9799 lsst_hardware_y 39.85316829225114 57.5 30.040000915527344 AB 1.3716008190740576 1.080213285350705
62747.9969 lsst_hardware_r -17.123288898195426 31.059999465942383 31.559999465942383 AB 1.3422355826044368 1.0453548151124896
62750.989 lsst_hardware_y 158.26901149558827 86.62999725341797 30.809999465942383 AB 2.1765203250408995 1.0448551386362679
62752.9821 lsst_hardware_z 39.21709819745698 73.58999633789062 30.989999771118164 AB 3.024138945903983 1.0473510736485265
62752.9986 lsst_hardware_i 86.6642608534795 76.33000183105469 31.34000015258789 AB 2.9645195685111667 1.023218420402508
