data/validation/pwv_sim_epoch_fit_4/43764624.ecsv
# %ECSV 0.9
# ---
# datatype:
# - {name: time, datatype: float64}
# - {name: band, datatype: string}
# - {name: flux, datatype: float64}
# - {name: fluxerr, datatype: float64}
# - {name: zp, datatype: float64}
# - {name: zpsys, datatype: string}
# - {name: pwv, datatype: float64}
# - {name: airmass, datatype: float64}
# meta: {SNID: '43764624', alt: 1024.0, c: -0.013163487426936626, dec: -8.084014, lat: -30.244573, lon: -70.7499537, ra: 30.761719, t0: 60588.20703125,
#   x0: 2.6596689624895427e-06, x1: 1.157379388809204, z: 0.7935213446617126}
# schema: astropy-2.0
time band flux fluxerr zp zpsys pwv airmass
60520.4259 lsst_hardware_y -67.18347337845961 74.47000122070312 30.790000915527344 AB 4.060469844733194 1.0808224598908285
60527.365 lsst_hardware_z -78.38914030545448 60.040000915527344 31.690000534057617 AB 2.9155799965445586 1.1209457887522332
60527.3859 lsst_hardware_y 110.94461912964437 67.44000244140625 30.780000686645508 AB 3.141691383015898 1.0917179682098508
60531.4132 lsst_hardware_i 29.180506306932052 31.81999969482422 31.25 AB 5.6420798471121225 1.0850153552138697
60531.434 lsst_hardware_y 96.13332250895276 71.47000122070312 30.040000915527344 AB 5.490750769490315 1.1062256007837847
60535.358 lsst_hardware_u -3.5636282582641305 4.010000228881836 29.260000228881836 AB 3.843804472456439 1.0982298492732683
60535.3773 lsst_hardware_g -10.283542466749442 20.610000610351562 32.20000076293945 AB 3.8146228123792314 1.0827768414360577
60537.3522 lsst_hardware_r -55.17387370034315 23.5 31.489999771118164 AB 6.031542941990755 1.0986417016376602
60537.371 lsst_hardware_i 26.21602243829754 31.200000762939453 31.25 AB 5.907411350639099 1.0831337276566004
60541.3669 lsst_hardware_z -43.419429574997885 62.970001220703125 30.979999542236328 AB 2.8972295374377097 1.0810557975513841
60541.3866 lsst_hardware_r 9.98466524242869 87.41999816894531 31.649999618530273 AB 1.7622128644237895 1.0854406309970985
60546.3575 lsst_hardware_r -17.33237260718797 67.51000213623047 31.639999389648438 AB 2.1570703987915634 1.0806965925809435
60546.376 lsst_hardware_z 22.50804198677053 57.7400016784668 30.979999542236328 AB 2.3609889318667308 1.08751217497316
60549.2853 lsst_hardware_y 10.665692462037686 48.529998779296875 30.010000228881836 AB 4.1933522629795705 1.1673060024995139
60549.303 lsst_hardware_g 11.151128448670567 18.59000015258789 31.520000457763672 AB 3.4727706855621583 1.124662606648219
60553.2841 lsst_hardware_r -30.41197206157682 23.343301213782272 31.479999542236328 AB 1.909982045207915 1.141878464652002
60553.3006 lsst_hardware_i 13.322067288240754 31.192028400830804 31.239999771118164 AB 1.6930548195407689 1.10965415011684
60555.2857 lsst_hardware_i 77.45145323491627 31.473301011193712 31.239999771118164 AB 1.4148683630150944 1.1264875501712535
60555.3065 lsst_hardware_z -67.76667375607938 41.962761644484914 30.940000534057617 AB 1.6948811831409416 1.0947076913553635
60557.2795 lsst_hardware_r 7.298507761439334 23.4484010589233 31.479999542236328 AB 2.6462522818027816 1.1279847748519956
60557.298 lsst_hardware_u -1.3534908219357706 2.771987103046716 28.3799991607666 AB 2.042302250622721 1.0981595647924296
60559.2622 lsst_hardware_g 25.825401007516913 15.063618785195471 31.40999984741211 AB 2.2104495609764028 1.1556899064012973
60559.2809 lsst_hardware_i 91.27005765966416 32.37955735989966 31.239999771118164 AB 2.2164506428187574 1.1151017824008507
60566.2347 lsst_hardware_y 91.72322099549008 50.61648619220388 30.010000228881836 AB 1.4203865425532662 1.179886370665974
60566.2518 lsst_hardware_g -26.572281548409222 40.10081960674457 31.65999984741211 AB 2.3127200030471764 1.134613247611043
60568.2672 lsst_hardware_r 343.9367512764827 62.166589656597054 31.6299991607666 AB 4.49090332720109 1.099095283211231
60568.2843 lsst_hardware_i 326.3597717408097 54.56440474500858 31.309999465942383 AB 4.379547055514767 1.084135751014465
60571.2592 lsst_hardware_i 668.7194812637209 102.49454764817393 31.329999923706055 AB 6.071757484152094 1.098861186164589
60571.2803 lsst_hardware_z 340.73637723032925 86.21866235112522 30.989999771118164 AB 5.974522674542155 1.0822920473786795
60574.1938 lsst_hardware_z 861.3310389488288 104.66342733798986 31.719999313354492 AB 2.786393346960447 1.251186954180538
60574.2161 lsst_hardware_i 1517.0966858659876 112.00291192659813 32.060001373291016 AB 2.559217360147729 1.1700616573993092
60578.2209 lsst_hardware_r 636.5546184145936 34.38355286064496 31.479999542236328 AB 3.4879326495129743 1.1306102591615697
60578.2353 lsst_hardware_u 0.00871591099786474 2.8774313841080454 28.350000381469727 AB 3.434671952633057 1.105225341402893
60580.2271 lsst_hardware_g 162.50013098342725 18.713671184672364 31.420000076293945 AB 4.147472551657238 1.1093206423688837
60580.2463 lsst_hardware_r 711.7277227151571 34.90210131027991 31.489999771118164 AB 4.077885809415949 1.0874362158441029
60582.2218 lsst_hardware_i 944.7103316044776 43.96855854962925 31.239999771118164 AB 4.174822683275816 1.1090715768814017
60582.2418 lsst_hardware_z 615.293010949991 48.77571252892499 30.940000534057617 AB 4.094049739519272 1.086747558436332
60584.2163 lsst_hardware_r 614.2834309811469 34.976773616065735 31.489999771118164 AB 3.7388862734483013 1.109132682719655
60584.2349 lsst_hardware_u 3.2047483114306625 2.8584717203239336 28.440000534057617 AB 3.664504898088556 1.0877936617701576
60586.2156 lsst_hardware_g 102.84369949274652 17.996456818152158 31.420000076293945 AB 2.8924084628076407 1.102254804969769
60586.2332 lsst_hardware_i 869.3936267116499 44.38106610950983 31.25 AB 2.837535357166093 1.0852378979472992
60588.2107 lsst_hardware_z 606.0127770738283 49.077602549125686 30.950000762939453 AB 5.300467615402235 1.1015103107654087
60588.229 lsst_hardware_r 584.0417416757782 34.04251950598449 31.489999771118164 AB 5.252640500294597 1.084509394417329
60590.2052 lsst_hardware_u 4.164097952484806 2.8094080492754165 28.440000534057617 AB 4.532009597354123 1.1015619843683038
60590.2226 lsst_hardware_g 88.00180825325276 17.470174541072947 31.450000762939453 AB 3.5661835845680665 1.0850457153858215
60592.2045 lsst_hardware_r 569.4678326313392 33.4479173407707 31.510000228881836 AB 3.7344196634640974 1.0957804176831272
60592.2223 lsst_hardware_i 994.7757534882785 44.100310900911964 31.260000228881836 AB 2.858257011326448 1.0825364264587825
60594.1795 lsst_hardware_i 917.2430438679671 46.98669658285357 31.270000457763672 AB 6.886199526034788 1.1259319041914304
60594.1994 lsst_hardware_z 627.8851542174687 50.44758097590227 30.959999084472656 AB 6.860012213281429 1.0953819799789382
60596.1792 lsst_hardware_r 515.070221300852 55.350882591208766 31.610000610351562 AB 8.936964134533458 1.1162833043386016
60596.1978 lsst_hardware_z 537.4706618091932 54.33466528760053 30.959999084472656 AB 8.706570935967182 1.0914593125195609
60599.1785 lsst_hardware_z 654.6830414502358 87.76896357250418 30.989999771118164 AB 7.227785287249139 1.104462287622433
60599.196 lsst_hardware_i 903.3452235334998 102.89343199354678 31.329999923706055 AB 7.107280064867253 1.086324809303449
60601.179 lsst_hardware_z 585.6313328177072 91.69020098195902 30.989999771118164 AB 2.832105003333847 1.0968294348880918
60601.1976 lsst_hardware_r 302.62571091613916 131.2321456157379 31.649999618530273 AB 2.794511175580091 1.0825843913662976
60603.1767 lsst_hardware_y 542.6731641725104 78.68450677801184 30.790000915527344 AB 2.732770045949726 1.0933995916043182
60605.1669 lsst_hardware_r 255.57435823302518 29.4381014338492 31.5 AB 3.602150059632765 1.0982164815953552
60605.1837 lsst_hardware_i 671.7367571860549 45.49125293455588 31.280000686645508 AB 3.4912955917333983 1.0839166692745728
60607.1675 lsst_hardware_z 463.04742946406105 47.486240732460786 30.950000762939453 AB 5.021494653525158 1.0917083818085234
60607.1852 lsst_hardware_r 261.11775361496024 29.05382550041068 31.510000228881836 AB 4.964596065578433 1.0813561212303293
60611.1434 lsst_hardware_g 40.54511842804324 16.073769240383626 31.459999084472656 AB 3.1642775975539545 1.1078756833356904
60611.1618 lsst_hardware_i 513.3457410575351 38.61923847521202 31.260000228881836 AB 3.1182828134718426 1.087330556217377
60615.1506 lsst_hardware_u -6.069363338443894 2.82613037278899 28.450000762939453 AB 4.241384824479068 1.0875345703792483
60615.1698 lsst_hardware_g 50.169720249469805 15.916175198977339 31.450000762939453 AB 3.8500063928058874 1.080703548857793
60617.1247 lsst_hardware_g 5.631991091164457 15.577085734191403 31.440000534057617 AB 4.908214909062744 1.1115036593461582
60617.1433 lsst_hardware_r 149.112988591343 26.55364751814266 31.510000228881836 AB 5.553740495656676 1.088968724638564
60620.1354 lsst_hardware_i 313.3178838040216 35.442572083371886 31.25 AB 4.902559264086571 1.0887317930460962
60620.1539 lsst_hardware_z 338.4097046649673 45.011945735761614 30.950000762939453 AB 4.934669784196002 1.0807423968890342
60622.1287 lsst_hardware_r 128.58706341951404 29.20207032493713 31.540000915527344 AB 7.174446637545357 1.0897617737594527
60622.147 lsst_hardware_z 247.36302460170546 45.880519479671165 30.959999084472656 AB 7.090526688101175 1.080872970747028
60624.1184 lsst_hardware_g -26.011633749270448 38.11112690593863 31.670000076293945 AB 2.1992783584317017 1.094395202205284
60624.1368 lsst_hardware_i 117.62601449520194 42.73325833919987 31.280000686645508 AB 2.9672501862153013 1.0818850946343312
60631.1052 lsst_hardware_g -20.903303148420274 88.90367868640392 31.709999084472656 AB 6.050902561210345 1.0888630236863484
60631.1255 lsst_hardware_r 122.67778696349164 85.87144936358263 31.649999618530273 AB 5.036830060745724 1.0806908889654507
60633.0966 lsst_hardware_i 220.80242658135393 33.40998764482466 31.25 AB 6.316461379202063 1.091617266985743
60633.116 lsst_hardware_z 156.4606014428833 43.93752190031667 30.950000762939453 AB 6.245681694709416 1.081004158779683
60640.0689 lsst_hardware_u 3.419316381664138 2.7666678589420997 28.399999618530273 AB 3.955745913741192 1.1012655661864275
60640.0906 lsst_hardware_g -12.422859013938234 14.67554048741057 31.440000534057617 AB 4.140645238883743 1.0827811211097707
60644.0717 lsst_hardware_r 12.19481511954792 24.036721282163604 31.5 AB 9.078755282931771 1.0873194877557841
60644.0912 lsst_hardware_u -5.006081931031075 2.8072702354838444 28.469999313354492 AB 9.597415590033915 1.0807190507418523
60646.0656 lsst_hardware_g 0.14296489969842394 14.756020606922307 31.440000534057617 AB 7.208709413838474 1.0877943282478206
60646.0847 lsst_hardware_r 47.16497992372942 23.933936299993015 31.510000228881836 AB 7.082329979672214 1.0806881125754475
60648.0663 lsst_hardware_i 64.29776790690522 32.331504451785015 31.25 AB 1.5803304201929038 1.0839028945081646
60648.0856 lsst_hardware_z 88.36167283126979 43.073768216230945 30.950000762939453 AB 4.053094544435113 1.081546242677875
60650.0671 lsst_hardware_r -3.9423713877284614 24.8817139584512 31.520000457763672 AB 4.887632926483155 1.081514173033834
60650.0864 lsst_hardware_u 3.5217168478276237 3.0738907719754507 28.530000686645508 AB 6.049970745431829 1.0839651359469356
60652.068 lsst_hardware_g 17.804740541384017 27.147676923480855 31.6299991607666 AB 5.820396411418126 1.0806863211669533
60652.087 lsst_hardware_i 43.90029530640254 36.46619127368868 31.270000457763672 AB 6.783586491155652 1.0878105341816875
60663.0375 lsst_hardware_y 167.8847467833194 61.92877006478044 30.049999237060547 AB 4.97117379094619 1.0806899545535196
60663.0605 lsst_hardware_i 40.1703808757489 32.67534825483428 31.260000228881836 AB 5.905020465121447 1.0907449485334824
60880.414 lsst_hardware_u -0.357030034889276 2.8299999237060547 28.479999542236328 AB 5.872079188170161 1.0974310495108464
60880.4331 lsst_hardware_y -72.3342023991293 50.72999954223633 30.040000915527344 AB 5.605674504818157 1.0826119587642695
60882.4143 lsst_hardware_i -16.34278956736585 31.59000015258789 31.25 AB 7.33723979039699 1.0913774711467479
60882.4333 lsst_hardware_y -62.69349383790414 52.68000030517578 30.040000915527344 AB 6.573201246311143 1.0810593574328946
60885.4064 lsst_hardware_r 12.099262071398444 23.760000228881836 31.489999771118164 AB 5.128217964682432 1.0911102052515813
60885.4298 lsst_hardware_y 71.14022282887666 49.599998474121094 30.040000915527344 AB 4.924922663235736 1.0807379116163565
60887.4122 lsst_hardware_g -18.369437032095533 14.729999542236328 31.43000030517578 AB 4.966356030512446 1.0833716118186263
60887.4312 lsst_hardware_y 38.59014691353377 51.029998779296875 30.030000686645508 AB 3.7643504435181954 1.0818394281455717
60895.3769 lsst_hardware_i 118.62772918222265 61.70000076293945 31.31999969482422 AB 1.530526801425926 1.093233429589947
60895.3979 lsst_hardware_z 23.21217078106084 57.2400016784668 30.979999542236328 AB 1.5134685270769501 1.0810489479121073
60898.3686 lsst_hardware_r -85.7307660585073 92.66000366210938 31.649999618530273 AB 5.90406559923082 1.0933454813390406
60898.3877 lsst_hardware_z 42.87205235395641 66.04000091552734 30.989999771118164 AB 6.5065325607763125 1.0814481111570369
60900.3603 lsst_hardware_y -39.78501670521785 78.0 30.790000915527344 AB 5.094043921846189 1.096397156475845
60900.3825 lsst_hardware_r -67.05945333502281 113.68000030517578 32.400001525878906 AB 4.765315925047978 1.0813878801167875
60903.3539 lsst_hardware_i 26.810720708056305 54.400001525878906 32.029998779296875 AB 5.898271795439069 1.0944344004402033
60903.3733 lsst_hardware_z 6.6864106526604035 64.44000244140625 31.709999084472656 AB 5.930624825156893 1.0816386695526794
60913.3185 lsst_hardware_r 3.581852684952922 23.350000381469727 31.489999771118164 AB 3.008792010779831 1.1044140502067163
60913.3368 lsst_hardware_i -26.967054147643907 31.110000610351562 31.25 AB 2.574792901274033 1.0857996491175288
60931.2674 lsst_hardware_r -8.057081704236634 44.81999969482422 31.600000381469727 AB 3.9302969582836855 1.1072558633502576
60931.2832 lsst_hardware_i -65.14544671736556 43.43000030517578 31.290000915527344 AB 3.8407070894165627 1.0890473788515773
60933.2615 lsst_hardware_z -37.000050805349 42.33000183105469 30.940000534057617 AB 2.7247382558547475 1.1079174258016051
60933.28 lsst_hardware_r -5.912015800184242 25.010000228881836 31.510000228881836 AB 2.8240809490544825 1.0873001600569105
60935.2341 lsst_hardware_r 5.451178762085928 23.610000610351562 31.479999542236328 AB 2.0587562597473985 1.15250397074855
60935.2523 lsst_hardware_u 0.24666288665999575 2.680000066757202 28.389999389648438 AB 2.2049545807002007 1.1138947111392197
60937.2509 lsst_hardware_g 27.169811409767124 14.609999656677246 31.43000030517578 AB 6.129927785924597 1.1074346752042992
60937.2703 lsst_hardware_i -8.397986393152117 31.309999465942383 31.25 AB 5.999614327211601 1.086443809536258
60939.2507 lsst_hardware_z -20.750903870705805 42.22999954223633 30.940000534057617 AB 4.217267697738575 1.1001567907142624
60939.2691 lsst_hardware_r 20.772036930194123 23.469999313354492 31.489999771118164 AB 4.18666913664222 1.0839272845675652
60942.2172 lsst_hardware_r -48.53035334973699 23.549999237060547 31.479999542236328 AB 4.456939192268471 1.1469220772692925
60942.2374 lsst_hardware_u 1.765196831889697 2.6600000858306885 28.3700008392334 AB 4.2675502170923085 1.1072083932609984
60946.2217 lsst_hardware_i 3.939400241194441 31.579999923706055 31.25 AB 4.098029874840226 1.1148573679004679
60946.2413 lsst_hardware_z -2.379632088118609 42.02000045776367 30.940000534057617 AB 4.088724206095645 1.089842080700599
60949.2149 lsst_hardware_r -45.28224123203992 36.45000076293945 31.579999923706055 AB 4.684562848500138 1.1125245736508076
60949.2346 lsst_hardware_z -2.0470318248944466 44.709999084472656 30.950000762939453 AB 4.58694083036954 1.088608072393565
60954.2074 lsst_hardware_z -16.372429273613825 82.88999938964844 30.989999771118164 AB 5.258652935105893 1.1032524777310833
60954.2269 lsst_hardware_r -66.34601299122039 122.66000366210938 31.649999618530273 AB 5.146725892549981 1.0845867994979372
60956.214 lsst_hardware_y 102.03942120221586 93.47000122070312 30.799999237060547 AB 3.5628663850146616 1.089839322461788
60958.206 lsst_hardware_r -15.291828444202743 70.9000015258789 31.6299991607666 AB 3.7693833157625245 1.0921527861007894
60958.2233 lsst_hardware_i -12.615162766989151 60.900001525878906 31.309999465942383 AB 2.8213528959455902 1.0815997300923188
60960.1782 lsst_hardware_i -13.230684278491477 31.649999618530273 31.239999771118164 AB 6.955564319680581 1.124525380418438
60960.1964 lsst_hardware_z 8.742413693638321 44.689998626708984 30.950000762939453 AB 6.662351508355709 1.0965028815595308
60962.1761 lsst_hardware_r -9.390730867376364 23.8700008392334 31.489999771118164 AB 9.253238860387286 1.1182161764818472
60962.195 lsst_hardware_u -6.585312782894424 2.6500000953674316 28.350000381469727 AB 9.048023563240504 1.0922288222163814
60966.1756 lsst_hardware_z 53.53208199039776 42.34000015258789 30.950000762939453 AB 6.445861493979978 1.1019508494708912
60966.1929 lsst_hardware_r -27.712987894174262 23.780000686645508 31.5 AB 6.331293241181895 1.0853025383431998
60971.1109 lsst_hardware_r 40.29203725549499 24.229999542236328 31.469999313354492 AB 6.6011916380486575 1.2351373632797562
60971.1264 lsst_hardware_i 34.94273359269256 32.11000061035156 31.229999542236328 AB 5.55826625354853 1.1792644102295324
60973.173 lsst_hardware_z -24.580325286427342 42.02000045776367 30.940000534057617 AB 4.988390240545508 1.0857898983611298
60973.1908 lsst_hardware_r -21.927596761980237 23.729999542236328 31.5 AB 4.966752816982215 1.0808057630571508
60975.1706 lsst_hardware_u -1.2936858666157558 2.690000057220459 28.3799991607666 AB 2.5777332332992438 1.0840300963585394
60975.1884 lsst_hardware_r 14.145450432031632 23.790000915527344 31.5 AB 2.586364227897285 1.08121828025666
60977.1425 lsst_hardware_g -20.862999070526385 23.950000762939453 31.579999923706055 AB 3.207326202515203 1.1062288580760644
60977.1595 lsst_hardware_i -5.96662868977231 34.15999984741211 31.260000228881836 AB 3.1031904441019034 1.0875667444281583
60980.1525 lsst_hardware_z 53.916495552707175 51.5099983215332 30.959999084472656 AB 4.9999600471517995 1.0867115946863046
60980.1702 lsst_hardware_r 50.35451290292624 56.4900016784668 31.6299991607666 AB 4.772360596447628 1.080738387570652
60992.1205 lsst_hardware_g -20.313862940655902 14.380000114440918 31.420000076293945 AB 3.66109655842043 1.0861907854985535
60992.1367 lsst_hardware_r -15.119295032699736 23.329999923706055 31.5 AB 5.403677325348317 1.0807354650696634
60994.1223 lsst_hardware_i 39.97098740201957 31.18000030517578 31.25 AB 4.546280148090211 1.082447654307193
60994.1397 lsst_hardware_z -64.00501717268487 41.900001525878906 30.950000762939453 AB 4.541850294844364 1.0820369969849588
61000.0973 lsst_hardware_r -12.095709886729102 23.170000076293945 31.479999542236328 AB 3.564679205370477 1.087123880869107
61000.1178 lsst_hardware_z -71.92635625242332 41.77000045776367 30.940000534057617 AB 3.5025380680825036 1.080863468008796
61007.0622 lsst_hardware_r -15.838888334510818 33.61000061035156 31.56999969482422 AB 4.291301369646584 1.103919062677167
61007.0803 lsst_hardware_i 7.651768050823577 36.2400016784668 31.270000457763672 AB 4.11877431995425 1.0856974747266583
61010.0702 lsst_hardware_z 54.433724235297625 63.84000015258789 30.979999542236328 AB 9.039107215472393 1.0869755144369777
61010.0896 lsst_hardware_r -157.54714666445727 80.80999755859375 31.639999389648438 AB 9.605747865191763 1.0807851104263342
61012.0732 lsst_hardware_z 91.71046963382216 101.4000015258789 31.739999771118164 AB 7.17758166395563 1.0824249093125258
61014.0658 lsst_hardware_r -43.012288017016985 91.19999694824219 31.649999618530273 AB 1.5462859412379908 1.083212568292813
61014.0852 lsst_hardware_z -50.041761098894874 65.8499984741211 30.979999542236328 AB 4.022945402814928 1.0820671724969546
61016.0694 lsst_hardware_r -6.223338629653848 23.18000030517578 31.489999771118164 AB 4.813955594410846 1.0808162537967771
61016.0879 lsst_hardware_u 5.857416689731768 5.78000020980835 28.93000030517578 AB 6.1558315082689825 1.0860676620093477
61019.0394 lsst_hardware_z 5.0652246970151875 46.029998779296875 30.959999084472656 AB 7.917240677664766 1.0921838429665838
61019.0581 lsst_hardware_g 5.741365640077314 14.5 31.420000076293945 AB 8.233956988227824 1.0812694527170188
61025.0351 lsst_hardware_y -19.99676940459634 63.130001068115234 30.049999237060547 AB 10.734193464320185 1.0835146869363825
61025.0532 lsst_hardware_g 12.382498535265924 15.0 31.440000534057617 AB 10.816554729043682 1.0815001805707425
61029.0357 lsst_hardware_y 93.71770594082085 69.5199966430664 30.059999465942383 AB 5.122640260517946 1.0807257933582166
61029.0549 lsst_hardware_u -2.256309460102123 2.930000066757202 28.489999771118164 AB 5.818513015510824 1.0878266913785135
