data/validation/pwv_sim_epoch_fit_4/43815963.ecsv
# %ECSV 0.9
# ---
# datatype:
# - {name: time, datatype: float64}
# - {name: band, datatype: string}
# - {name: flux, datatype: float64}
# - {name: fluxerr, datatype: float64}
# - {name: zp, datatype: float64}
# - {name: zpsys, datatype: string}
# - {name: pwv, datatype: float64}
# - {name: airmass, datatype: float64}
# meta: {SNID: '43815963', alt: 1024.0, c: 0.040879808366298676, dec: 1.044512, lat: -30.244573, lon: -70.7499537, ra: 81.914062, t0: 60995.1640625,
#   x0: 4.094268057918307e-06, x1: 0.31929251551628113, z: 0.6659403443336487}
# schema: astropy-2.0
time band flux fluxerr zp zpsys pwv airmass
[from data line 132]
61405.1527 lsst_hardware_z 53.32669160047628 43.41999816894531 30.940000534057617 AB 7.877525579176338 1.1709004613988834
61407.132 lsst_hardware_r 42.94015057924506 23.639999389648438 31.479999542236328 AB 5.423407772816971 1.1733052079361732
61407.1532 lsst_hardware_g 8.783324608393892 14.359999656677246 31.389999389648438 AB 5.412301510522754 1.1729324952371787
61409.127 lsst_hardware_r -18.529899485755013 33.58000183105469 32.22999954223633 AB 2.95418287140102 1.1730706306026553
61409.1491 lsst_hardware_i -15.402936906980822 45.22999954223633 31.989999771118164 AB 2.862682577473607 1.1736313949328079
61411.1257 lsst_hardware_z -88.22484928766835 42.939998626708984 30.940000534057617 AB 9.31667501096399 1.1714176459720023
61411.1469 lsst_hardware_i -50.251792236827406 31.809999465942383 31.229999542236328 AB 9.45393195247336 1.17566721345631
61413.129 lsst_hardware_u 0.5389234169772233 2.7799999713897705 28.440000534057617 AB 8.389826416741741 1.1706053950456472
61413.1506 lsst_hardware_g -0.3394728578961315 14.539999961853027 31.399999618530273 AB 8.38163780630222 1.1841398377144376
61415.088 lsst_hardware_g -0.9898323734390437 14.34000015258789 31.3799991607666 AB 10.16411073733685 1.1967280766887647
61415.1093 lsst_hardware_r 11.016761475775603 23.579999923706055 31.469999313354492 AB 9.959278302803872 1.1737626536662755
61418.081 lsst_hardware_i 32.09342849276956 32.310001373291016 31.229999542236328 AB 2.520515436684056 1.194840216489242
61418.1007 lsst_hardware_z 7.323752611139375 43.29999923706055 30.940000534057617 AB 3.655034265419711 1.1739938754024575
61420.0834 lsst_hardware_r 0.6909661341100359 28.850000381469727 31.520000457763672 AB 6.419925357389773 1.1842149610126396
61420.1036 lsst_hardware_g 9.883159464382695 20.790000915527344 31.530000686645508 AB 6.324086099749083 1.1708198959684804
61422.0818 lsst_hardware_r -79.42208238005372 45.810001373291016 31.59000015258789 AB 3.2486032888811445 1.18013015670917
61422.1016 lsst_hardware_i 23.532912040978132 43.869998931884766 31.280000686645508 AB 2.4076563756253138 1.1704697985538492
61424.0788 lsst_hardware_z 54.12912527141085 64.8499984741211 30.959999084472656 AB 4.274626746026286 1.177907618083842
61424.0987 lsst_hardware_i -91.72502230847346 69.19999694824219 31.299999237060547 AB 4.542895426854537 1.1705727839697313
61428.079 lsst_hardware_r 1.7574211451222452 93.69000244140625 31.6200008392334 AB 8.695442807775457 1.1714978521758785
61428.0992 lsst_hardware_i -8.116727277262841 76.41000366210938 31.309999465942383 AB 9.587347409934903 1.1748000502319749
61432.0747 lsst_hardware_g 8.465529016754012 14.34000015258789 31.389999389648438 AB 13.343277030924892 1.170462897449552
61432.0923 lsst_hardware_r -19.75958562884714 23.68000030517578 31.479999542236328 AB 13.34174048380238 1.177766638753741
61434.0691 lsst_hardware_i -39.96314433063818 31.579999923706055 31.229999542236328 AB 14.782941761146963 1.1704625305737897
61434.0863 lsst_hardware_z -9.019992072003824 42.939998626708984 30.940000534057617 AB 13.642817278575261 1.1773228580061497
61436.0377 lsst_hardware_y 12.072487674837161 52.970001220703125 30.010000228881836 AB 10.156071225223437 1.1866302001137359
61436.0557 lsst_hardware_i -87.37287142162604 31.75 31.239999771118164 AB 10.644098566998428 1.1719994017835749
61438.036 lsst_hardware_y -7.257316636288963 55.310001373291016 30.010000228881836 AB 7.980302820978802 1.1822670845894432
61438.0545 lsst_hardware_g -6.7854418156312 14.5 31.420000076293945 AB 7.844390809569663 1.1708045984432331
61440.0365 lsst_hardware_y 11.309617152836973 52.34000015258789 30.010000228881836 AB 10.715163560622297 1.1767792609546306
61440.0557 lsst_hardware_i -29.1626917527431 32.0 31.239999771118164 AB 11.318220798510682 1.170648591468101
61442.0336 lsst_hardware_z 37.92949915460131 49.310001373291016 30.950000762939453 AB 6.214899078476312 1.174950199163685
61442.0504 lsst_hardware_u 2.7491239773102047 2.869999885559082 28.459999084472656 AB 5.541953781566541 1.1706704228066203
61443.0324 lsst_hardware_y -21.904088087213324 55.279998779296875 30.010000228881836 AB 5.582893597186074 1.1740072402739328
61443.0509 lsst_hardware_r 14.467818526495341 23.850000381469727 31.479999542236328 AB 7.202658956251059 1.1713703968858025
61447.0282 lsst_hardware_y 112.06947537846655 57.18000030517578 30.010000228881836 AB 0.635952556210104 1.1711833447700728
61447.0455 lsst_hardware_u -3.389849208775919 2.869999885559082 28.420000076293945 AB 1.1812387178146102 1.1737074284818516
61450.0264 lsst_hardware_y -19.324262232848728 58.2400016784668 30.020000457763672 AB 3.0198237077147057 1.1704743053157773
61450.0442 lsst_hardware_r 9.136303347039002 35.09000015258789 31.559999465942383 AB 3.0067738265016617 1.1786647693068057
