data/validation/pwv_sim_epoch_fit_4/43851735.ecsv
# %ECSV 0.9
# ---
# datatype:
# - {name: time, datatype: float64}
# - {name: band, datatype: string}
# - {name: flux, datatype: float64}
# - {name: fluxerr, datatype: float64}
# - {name: zp, datatype: float64}
# - {name: zpsys, datatype: string}
# - {name: pwv, datatype: float64}
# - {name: airmass, datatype: float64}
# meta: {SNID: '43851735', alt: 1024.0, c: -0.006721570622175932, dec: -20.582914, lat: -30.244573, lon: -70.7499537, ra: 161.367188,
#   t0: 61529.29296875, x0: 9.408110619723632e-06, x1: 0.3420277237892151, z: 0.4720885753631592}
# schema: astropy-2.0
time band flux fluxerr zp zpsys pwv airmass
[from data line 134]
61810.2232 lsst_hardware_z 5.4615837157783735 60.619998931884766 30.989999771118164 AB 5.523036789211041 1.0366060039810563
61810.2417 lsst_hardware_i -38.304170199449445 66.1500015258789 31.329999923706055 AB 5.453069744852204 1.0194559253789874
61812.2659 lsst_hardware_z 9.081631594630242 78.41000366210938 31.0 AB 3.736569746119837 1.0160854982763725
61812.2832 lsst_hardware_r 241.23500821064272 120.68000030517578 31.670000076293945 AB 3.787297860763731 1.0276676539698981
61814.267 lsst_hardware_i 44.887258546589514 80.73999786376953 31.34000015258789 AB 5.425629508275269 1.0192803885544373
61814.2845 lsst_hardware_r -15.808273718123944 98.43000030517578 31.65999984741211 AB 5.509734321505469 1.0350158399822422
61816.211 lsst_hardware_z -70.64615030865716 71.75 31.719999313354492 AB 3.3142488034693263 1.0316727792900626
61818.1984 lsst_hardware_g -7.692150145109898 26.649999618530273 31.639999389648438 AB 4.4163110459576 1.0404785124178646
61818.2155 lsst_hardware_r -15.952808171376097 32.099998474121094 31.579999923706055 AB 4.638221353546959 1.0224228708358778
61822.2441 lsst_hardware_i -27.3613515476335 30.540000915527344 31.260000228881836 AB 5.681608203170809 1.0186657468706208
61822.2623 lsst_hardware_u -3.0779614495101324 2.7699999809265137 28.489999771118164 AB 5.391907145425318 1.034584038137253
61824.2275 lsst_hardware_g 18.262116709982227 14.069999694824219 31.43000030517578 AB 11.867433340076337 1.0144839579480542
61824.2445 lsst_hardware_r -2.8454776350514646 22.719999313354492 31.5 AB 11.918031703837395 1.0225388981156605
61826.2329 lsst_hardware_i 49.25262560185513 30.31999969482422 31.239999771118164 AB 8.739663118407954 1.0185098321928276
61826.2506 lsst_hardware_r 11.93211544650218 22.889999389648438 31.489999771118164 AB 9.147404665882185 1.0336634460570862
61828.2299 lsst_hardware_u -5.104300031810577 2.630000114440918 28.389999389648438 AB 5.945833359059885 1.0199705560693728
61828.2473 lsst_hardware_g -15.301649665369615 14.15999984741211 31.420000076293945 AB 5.9677039065943855 1.0362695985751256
61830.1603 lsst_hardware_g -15.960304731888654 14.369999885559082 31.450000762939453 AB 4.24156858068407 1.0482930956915772
61830.1781 lsst_hardware_r -13.32370926884096 23.059999465942383 31.510000228881836 AB 3.953114526527907 1.0262942823403332
61832.1573 lsst_hardware_i 14.10805809696065 30.549999237060547 31.239999771118164 AB 5.209713735349842 1.0445541324009708
61832.1744 lsst_hardware_z -7.571827000191904 40.810001373291016 30.950000762939453 AB 5.621697331881356 1.0247352044989713
61834.2101 lsst_hardware_i -13.471671611648171 30.40999984741211 31.239999771118164 AB 11.039140655644882 1.0179952651830397
61834.2282 lsst_hardware_u 0.02203986985420556 2.5999999046325684 28.350000381469727 AB 11.215466990099657 1.03301713089248
61836.2061 lsst_hardware_z -52.00855411133069 43.54999923706055 30.950000762939453 AB 9.579091279845537 1.018790340764754
61836.2236 lsst_hardware_r 11.47260284168805 27.209999084472656 31.540000915527344 AB 10.027125090941759 1.0340173854383183
61838.2061 lsst_hardware_i 65.83532158834052 56.27000045776367 31.31999969482422 AB 9.286577907496172 1.0224036890001933
61838.2245 lsst_hardware_r 12.59569430517954 67.2699966430664 31.639999389648438 AB 9.219057586066402 1.0422510083735064
61840.1968 lsst_hardware_z -114.83159871962435 114.31999969482422 31.75 AB 9.02969411669584 1.0197570927124808
61843.1688 lsst_hardware_z 41.941214111792156 64.94000244140625 30.989999771118164 AB 11.282227533308152 1.0139505287416333
61843.1858 lsst_hardware_r -56.92183884672458 90.26000213623047 31.65999984741211 AB 11.314305583725588 1.018137327279529
61845.1972 lsst_hardware_z 36.92276838549321 69.1500015258789 31.709999084472656 AB 8.068787943900192 1.0319242814324023
61847.1211 lsst_hardware_g 1.1345824378951093 14.319999694824219 31.440000534057617 AB 8.49503084114283 1.0379730385976222
61847.1396 lsst_hardware_r -43.26699403809223 28.260000228881836 31.559999465942383 AB 6.260241408740408 1.0201232588488056
61849.1186 lsst_hardware_i -33.926028622040796 30.530000686645508 31.25 AB 5.360858692930712 1.0342991513283004
61849.1398 lsst_hardware_r -19.400607192219567 22.940000534057617 31.5 AB 4.865933807848506 1.0170203381436451
61851.1653 lsst_hardware_u -3.6010205775921444 2.700000047683716 28.440000534057617 AB 5.068320187660409 1.0188772930146788
61851.1842 lsst_hardware_g 4.5857874712177376 14.25 31.43000030517578 AB 4.9973160545933375 1.035892082486095
61853.1659 lsst_hardware_r 16.32057606335476 23.030000686645508 31.5 AB 5.524103478786737 1.0229821257012475
61853.1863 lsst_hardware_i 5.608724367568767 30.790000915527344 31.25 AB 6.20237417783473 1.0462844429545628
61855.1058 lsst_hardware_z 70.82515669784617 41.04999923706055 30.940000534057617 AB 8.349282494509575 1.030277437186908
61855.1228 lsst_hardware_r -1.5967971851381184 22.899999618530273 31.489999771118164 AB 8.26755852126326 1.0173056843530153
61859.1569 lsst_hardware_r -7.6480386755817875 22.770000457763672 31.479999542236328 AB 6.5117739269161 1.029692271808365
61859.1765 lsst_hardware_z -48.33374693047291 41.189998626708984 30.940000534057617 AB 7.170442601219293 1.0571066650445575
61861.1529 lsst_hardware_r 19.171405107546995 22.790000915527344 31.489999771118164 AB 5.08061044038846 1.0312470447337876
61861.1704 lsst_hardware_u -3.8403202326427506 2.569999933242798 28.31999969482422 AB 5.654250115209573 1.0559809721186988
61863.1332 lsst_hardware_g 0.05214868959698441 15.270000457763672 31.459999084472656 AB 6.376526214448349 1.019265699240465
61863.1517 lsst_hardware_r -21.89206416837014 22.760000228881836 31.489999771118164 AB 6.449949447346395 1.0362196879020635
61865.1354 lsst_hardware_i -42.723675552895074 40.959999084472656 31.299999237060547 AB 7.209053681225832 1.0248382241234657
61865.1535 lsst_hardware_z 37.52148130888879 46.5099983215332 30.959999084472656 AB 7.3469809493412175 1.0462307328059834
61867.1336 lsst_hardware_r -25.655286260587086 78.73999786376953 31.649999618530273 AB 10.39218595665278 1.0282166772190449
61867.1505 lsst_hardware_z -54.22859678853159 62.47999954223633 30.979999542236328 AB 10.634117944513726 1.0500758313926963
61870.0887 lsst_hardware_r 0.47826478230644565 174.22000122070312 32.41999816894531 AB 5.1349232482963965 1.0148403929568952
61870.1121 lsst_hardware_z -99.3122112665647 116.43000030517578 31.75 AB 5.166242244869115 1.018145950705011
61875.1229 lsst_hardware_r -34.59755595941809 40.279998779296875 31.6200008392334 AB 10.813127366727358 1.0414428335291288
61875.1393 lsst_hardware_i -18.765689409634255 40.689998626708984 31.290000915527344 AB 11.303392336605118 1.0694686433750802
61877.0988 lsst_hardware_i 70.47284840476162 30.469999313354492 31.270000457763672 AB 14.528595620602237 1.0217973289058213
61877.1148 lsst_hardware_z -81.79740460801672 41.27000045776367 30.959999084472656 AB 14.780760205062096 1.037901847135882
61879.0935 lsst_hardware_r 25.33304138841213 22.59000015258789 31.5 AB 9.339449282126704 1.0219147568662392
61882.0625 lsst_hardware_z -27.792536660605055 40.689998626708984 30.950000762939453 AB 9.531040895878132 1.0139405208380992
61882.0833 lsst_hardware_r -15.513294161616901 22.579999923706055 31.510000228881836 AB 9.582780967259612 1.0205123409871615
61884.0765 lsst_hardware_u 1.6467894011072939 2.619999885559082 28.389999389648438 AB 9.431031543538134 1.019653652300255
61884.0946 lsst_hardware_g 15.084926038321061 13.869999885559082 31.40999984741211 AB 9.406926557712799 1.0365188207495784
61886.076 lsst_hardware_r 1.2009131398526907 22.559999465942383 31.489999771118164 AB 11.109268509393345 1.023141325234237
61886.0937 lsst_hardware_i -20.261503304803124 30.450000762939453 31.25 AB 10.217655816703198 1.042617940479918
61890.0767 lsst_hardware_u -0.23325748964100262 2.759999990463257 28.510000228881836 AB 10.888587055706639 1.0346597775563378
61890.0951 lsst_hardware_r -46.64469340991944 22.6299991607666 31.5 AB 11.179284208835904 1.0630738121753427
61894.0479 lsst_hardware_y 63.819407433750705 109.1500015258789 31.799999237060547 AB 11.17576341495167 1.018880758671823
61896.0585 lsst_hardware_r 52.095179963884554 86.29000091552734 31.65999984741211 AB 3.7290301990423558 1.0325433196849791
61896.0772 lsst_hardware_i -36.60519524441803 73.5199966430664 31.329999923706055 AB 3.8194835290220914 1.0602313751622738
61900.0363 lsst_hardware_z 13.489371151102944 61.970001220703125 30.989999771118164 AB 7.748260702776421 1.0220182073658663
61900.0543 lsst_hardware_r -83.6063195675659 90.13999938964844 31.65999984741211 AB 7.587156024579704 1.0409763359511153
61908.9706 lsst_hardware_y -92.28410195167177 66.66999816894531 30.799999237060547 AB 9.719020390327856 1.0199323534437055
61908.9909 lsst_hardware_r -18.909361876284557 31.780000686645508 32.25 AB 9.6750607285263 1.0139535972185885
61910.9691 lsst_hardware_y 3.2541395401458275 46.970001220703125 30.049999237060547 AB 7.289184977221725 1.017687256854691
61910.9881 lsst_hardware_g 12.104900646448138 13.960000038146973 31.43000030517578 AB 7.176597902873394 1.014180943702299
61918.9514 lsst_hardware_z -20.93445399065291 64.30999755859375 30.989999771118164 AB 9.6172036028341 1.0159017890317712
61918.9713 lsst_hardware_i 25.73075106341271 30.889999389648438 31.270000457763672 AB 8.964691554794719 1.0152538567151437
