data/validation/pwv_sim_epoch_fit_4/43864312.ecsv
# %ECSV 0.9
# ---
# datatype:
# - {name: time, datatype: float64}
# - {name: band, datatype: string}
# - {name: flux, datatype: float64}
# - {name: fluxerr, datatype: float64}
# - {name: zp, datatype: float64}
# - {name: zpsys, datatype: string}
# - {name: pwv, datatype: float64}
# - {name: airmass, datatype: float64}
# meta: {SNID: '43864312', alt: 1024.0, c: -0.06703245639801025, dec: -7.331168, lat: -30.244573, lon: -70.7499537, ra: 152.578125, t0: 60352.703125,
#   x0: 9.588028901999955e-06, x1: -1.3696211576461792, z: 0.4682680070400238}
# schema: astropy-2.0
time band flux fluxerr zp zpsys pwv airmass
60305.3232 lsst_hardware_z -45.164545576320414 128.5800018310547 32.4900016784668 AB 6.6218373849022925 1.106220745890794
60307.3368 lsst_hardware_z -6.260832092851319 94.13999938964844 31.729999542236328 AB 7.435864142451343 1.08836105810036
60307.3589 lsst_hardware_y 72.4294654684417 110.80999755859375 30.809999465942383 AB 7.447191573321697 1.0862298094110154
60309.3347 lsst_hardware_i 7.879670682506908 70.48999786376953 31.31999969482422 AB 6.403616134999414 1.086770855065767
60309.3553 lsst_hardware_y -27.358753142372517 67.11000061035156 30.049999237060547 AB 6.355179430380752 1.0869438323390015
60311.3237 lsst_hardware_i -56.95800420454248 55.040000915527344 31.309999465942383 AB 5.624516347393868 1.08963540358281
60311.3447 lsst_hardware_y -80.51393374545293 52.5 30.040000915527344 AB 4.877731256943314 1.0853069621619773
60313.3301 lsst_hardware_g -12.014469005331064 32.33000183105469 31.649999618530273 AB 3.500976964074344 1.085013521923867
60313.3499 lsst_hardware_y -63.922349924072854 50.349998474121094 30.030000686645508 AB 3.0143614134578693 1.0898893296421857
60315.3308 lsst_hardware_i -53.12652387244671 32.040000915527344 31.25 AB 7.744870718701499 1.0848424025261794
60315.3498 lsst_hardware_y 33.452821641214854 48.95000076293945 30.030000686645508 AB 8.301215799150452 1.0939445375555175
60317.2952 lsst_hardware_z 21.53931900740362 42.34000015258789 30.940000534057617 AB 9.607562740910213 1.1003125872391923
60317.3154 lsst_hardware_u 4.152466410048674 2.75 28.43000030517578 AB 9.51582433638986 1.0858681251110531
60319.2998 lsst_hardware_g 3.399200830131747 14.520000457763672 31.420000076293945 AB 7.80912175831189 1.0910150083796242
60319.3205 lsst_hardware_r 34.680810020855056 23.510000228881836 31.489999771118164 AB 7.797407774841983 1.0849070484208403
60321.2992 lsst_hardware_i 32.205366773025716 31.139999389648438 31.25 AB 7.394943877921252 1.088025092386646
60321.3225 lsst_hardware_z -30.34356504692823 41.97999954223633 30.950000762939453 AB 7.496859865255412 1.0869214960258164
60323.2585 lsst_hardware_i 27.622280810617358 31.510000228881836 31.239999771118164 AB 8.019500275391831 1.132617791877951
60323.2775 lsst_hardware_u 1.3303170198304093 2.700000047683716 28.399999618530273 AB 7.720632029196416 1.10184558715519
60325.2663 lsst_hardware_g 24.441806398936183 14.721987072472125 31.420000076293945 AB 5.010106545199031 1.1094124325064285
60325.2866 lsst_hardware_r 11.584201147567509 23.674013393087247 31.5 AB 4.893727606017806 1.0889469528299522
60327.3181 lsst_hardware_i -57.61021515815172 31.501115279797116 31.239999771118164 AB 7.915734015297803 1.09488350431174
60327.337 lsst_hardware_r -33.23807083493149 24.277083679977544 31.479999542236328 AB 7.477523913142447 1.1198368480145426
60331.2337 lsst_hardware_g -29.73905987426389 49.53856863639334 31.670000076293945 AB 10.819920989355861 1.1389390515111433
60331.2523 lsst_hardware_r 113.80295555904733 45.8888114190419 31.610000610351562 AB 10.817047282960077 1.1060941032731813
60333.2383 lsst_hardware_i 295.2660811936097 71.97035863994793 31.31999969482422 AB 11.367354688990812 1.1191645849159015
60333.2581 lsst_hardware_z 161.91828762609026 64.33223308514792 30.979999542236328 AB 10.337139033858891 1.0937421165491623
60335.2367 lsst_hardware_i 422.05571477565627 96.14836152266153 31.329999923706055 AB 15.629923089677984 1.112846072600782
60335.2565 lsst_hardware_z 175.39147740032658 82.05828053023198 30.989999771118164 AB 13.867348474844215 1.0907362874717643
60337.2804 lsst_hardware_r 1121.4525733568942 117.20257073951856 31.649999618530273 AB 12.79741941743433 1.087630194971616
60337.2996 lsst_hardware_z 492.940049209202 83.30772587255869 30.979999542236328 AB 12.923241103702411 1.1045505216839668
60339.2133 lsst_hardware_i 802.6372698145738 75.48158833929567 31.299999237060547 AB 13.873014458489518 1.1357979252645405
60339.2308 lsst_hardware_r 1528.5734004530466 90.48514996150863 31.6299991607666 AB 13.50607030759776 1.1056351385595897
60341.2222 lsst_hardware_z 1742.5353828665338 82.13810318378205 31.709999084472656 AB 13.964857193381368 1.110010507521868
60345.2119 lsst_hardware_r 2893.8943777898858 58.91732552764147 31.489999771118164 AB 5.89897667735614 1.1091081744840967
60345.2287 lsst_hardware_i 1788.9354086120793 52.43033833596076 31.239999771118164 AB 5.867490926523618 1.0910849054466532
60349.2081 lsst_hardware_z 1602.9812445503449 57.51660141312572 30.950000762939453 AB 6.162538174303357 1.099994914197065
60349.2258 lsst_hardware_r 3457.38810140529 63.45649776982962 31.5 AB 5.766920905705574 1.0866289430717357
60351.1941 lsst_hardware_u 3.352626037713557 3.094026594000001 28.450000762939453 AB 3.0002046468052193 1.1111869062241553
60351.2112 lsst_hardware_g 1321.1346844761072 39.89882585201993 31.440000534057617 AB 4.0609127372596845 1.0919122733450457
60353.1953 lsst_hardware_r 3467.6051475717445 63.6954479899741 31.489999771118164 AB 4.49442775578366 1.1021832519854478
60353.2111 lsst_hardware_z 1810.4106357009855 58.78719486650606 30.940000534057617 AB 5.34513132027404 1.0883997801413234
60355.1878 lsst_hardware_r 3398.950105834098 62.95750526900032 31.5 AB 4.192458149359896 1.104732055167298
60355.2054 lsst_hardware_u 7.228884453323623 3.387498005300185 28.399999618530273 AB 4.171975882812788 1.088530844358862
60357.1885 lsst_hardware_g 991.3855788010072 34.333055280565866 31.440000534057617 AB 4.635797279399304 1.0975765005286084
60357.2065 lsst_hardware_r 3096.2557542058576 61.402226734253546 31.5 AB 4.5976444532781455 1.0857585200798547
60360.2325 lsst_hardware_i 2282.496459388298 66.23484635091866 31.299999237060547 AB 3.6280162830078533 1.0993988736387434
60360.2496 lsst_hardware_z 1644.2417675181543 63.62871357730607 30.959999084472656 AB 3.7115019345987608 1.1246975559390184
60364.1696 lsst_hardware_z 2717.2088042316304 142.17874402732346 31.739999771118164 AB 10.616007023256913 1.0973562260236276
60366.1616 lsst_hardware_r 2128.332797889358 134.43381888408067 31.649999618530273 AB 5.8821501869749575 1.1000841943098856
60366.1788 lsst_hardware_z 1209.2290316277868 91.8976149669483 30.989999771118164 AB 7.576498108330092 1.0868595765786964
60368.1556 lsst_hardware_r 1980.1310961200256 85.95183097804879 31.6299991607666 AB 6.707290528897537 1.1006986262618352
60368.1721 lsst_hardware_y 357.1139049949202 56.13131159695129 30.030000686645508 AB 6.66806323906448 1.0874058417989232
60370.154 lsst_hardware_g 368.7383481786897 49.91109076487153 31.68000030517578 AB 3.716913648968653 1.0965694846373408
60370.1725 lsst_hardware_r 1487.3052436303913 61.84711843196732 31.610000610351562 AB 4.232203585795849 1.0853659392535089
60371.1529 lsst_hardware_i 1521.1105004706997 54.0532855389999 31.270000457763672 AB 5.4121124449127205 1.095015163361198
60371.1711 lsst_hardware_z 900.4576375340537 54.740804524575886 30.950000762939453 AB 5.962325813130139 1.0850950112616842
60373.2001 lsst_hardware_r 1005.351519163292 41.90434564851599 31.510000228881836 AB 12.936126986558754 1.1030121918962101
60373.2179 lsst_hardware_u -11.364352679947942 4.949993764677382 28.610000610351562 AB 12.283127541189096 1.1321376599095898
60380.1214 lsst_hardware_r 552.8110729563823 33.617162613446446 31.5 AB 8.69567305940436 1.1023926292348183
60380.1393 lsst_hardware_z 799.0423416837464 49.90113131631326 30.950000762939453 AB 8.950364693163813 1.0874190170898697
60391.1643 lsst_hardware_z 779.1967837078955 78.03591408818977 30.979999542236328 AB 8.382959760096766 1.1234701487733145
60391.1849 lsst_hardware_i 620.2152002977977 89.38873410232985 31.309999465942383 AB 8.050300941092429 1.172018335372874
60395.105 lsst_hardware_y 645.4374466385225 86.31759457017246 30.790000915527344 AB 6.945985474195869 1.0851971889692622
60399.0656 lsst_hardware_i 408.8045457218145 43.668049332887946 31.270000457763672 AB 5.289248423770269 1.1074833990899404
60399.0824 lsst_hardware_z 246.69395771449808 50.02485851031294 30.950000762939453 AB 5.221243118968901 1.0902764617541687
60403.0649 lsst_hardware_g 23.244942687640606 14.972659147926851 31.40999984741211 AB 5.35306067372337 1.0955916237665049
60403.0835 lsst_hardware_i 276.33306456421366 35.63886616299219 31.239999771118164 AB 6.510777296293934 1.0851295493823223
60413.0424 lsst_hardware_r 211.48226427744524 27.429051012739528 31.510000228881836 AB 6.287765663259165 1.0915312322296962
60413.0627 lsst_hardware_i 283.22886416388485 35.231436309998934 31.260000228881836 AB 6.236871173489687 1.0847675751786567
60415.0448 lsst_hardware_z 243.3926787263886 46.52067964370621 30.959999084472656 AB 18.038643214212623 1.086938079691446
60415.0617 lsst_hardware_r 172.20333530857954 33.30898162757158 31.559999465942383 AB 17.98761818595454 1.085498708732484
60417.0859 lsst_hardware_z 218.26611264359002 53.518356619233 30.959999084472656 AB 12.555660622156338 1.111120409040384
60417.103 lsst_hardware_r 132.5878016644443 53.97848397003279 31.600000381469727 AB 12.92244044564963 1.1435788004999672
60419.9782 lsst_hardware_z 142.90078707285977 73.22231576862492 30.969999313354492 AB 8.445442590864142 1.1706476815872302
60419.984 lsst_hardware_i 254.96674802211055 77.61113299970032 31.309999465942383 AB 8.336181731353948 1.1548757290692269
60423.011 lsst_hardware_z 300.815089399694 71.04201721055374 30.979999542236328 AB 9.662755668945746 1.0949298208437104
60423.0295 lsst_hardware_r 98.3703333385766 101.94304993826363 31.639999389648438 AB 9.59811320199344 1.0850229710596246
60426.0093 lsst_hardware_u 7.247792715507774 13.70855164106332 29.31999969482422 AB 5.040163129123201 1.0898631867641841
60426.0262 lsst_hardware_g 95.67695073448384 71.65251071743008 31.709999084472656 AB 4.98922731731917 1.0847128871787306
60429.0028 lsst_hardware_r 35.62156510320287 23.780000686645508 31.489999771118164 AB 11.759337221219946 1.0888275204833282
60429.0205 lsst_hardware_i -10.018233118489443 31.600000381469727 31.25 AB 11.717166212001741 1.0849227974075686
60435.9685 lsst_hardware_y -65.77001636488046 50.13999938964844 30.030000686645508 AB 4.31727631180552 1.1023771329829397
60435.986 lsst_hardware_u -2.3929973279232715 2.7799999713897705 28.440000534057617 AB 4.268832282824 1.0876005816112102
60442.9595 lsst_hardware_y 62.85836683962773 58.36000061035156 30.040000915527344 AB 7.871726010017511 1.0922839051828184
60442.9791 lsst_hardware_i 26.608073005452873 32.529998779296875 31.239999771118164 AB 7.882868698379549 1.0846989310677608
60444.9654 lsst_hardware_y 13.0690853498005 51.38999938964844 30.040000915527344 AB 7.830047211479396 1.0859982262800827
60444.983 lsst_hardware_r -3.5160240322863996 37.060001373291016 31.59000015258789 AB 7.956605573806537 1.086522678384069
60446.9685 lsst_hardware_y -151.8110921272618 83.2300033569336 30.790000915527344 AB 8.053203511546855 1.0847039255888549
60668.324 lsst_hardware_r -51.85722351826332 29.770000457763672 31.549999237060547 AB 7.444273720543198 1.1140092113197368
60668.3445 lsst_hardware_y 85.5926036657659 50.08000183105469 30.040000915527344 AB 7.053893373678371 1.0907520293301949
60672.3244 lsst_hardware_g -13.862950936226133 14.90999984741211 31.440000534057617 AB 7.682304070373612 1.0989372597330171
60672.3477 lsst_hardware_y 41.043045159408685 50.45000076293945 30.040000915527344 AB 7.396666694938748 1.0848998990303003
60674.3248 lsst_hardware_i -55.82002529382908 44.58000183105469 32.0 AB 5.582223964267698 1.0933032082783152
60674.3452 lsst_hardware_y -130.840250609493 70.62000274658203 30.790000915527344 AB 6.382493355593226 1.084689424544947
60676.3263 lsst_hardware_i 16.89640975107807 31.079999923706055 31.25 AB 7.736664065487712 1.0884660172664786
60676.3469 lsst_hardware_y -72.93469941290762 48.9900016784668 30.040000915527344 AB 7.754628927381101 1.0856324167265534
60678.3301 lsst_hardware_g -2.4022860431156943 14.59000015258789 31.420000076293945 AB 5.1017066540437455 1.0850847190451072
60678.3496 lsst_hardware_y -45.01034836345909 50.220001220703125 30.030000686645508 AB 5.948514927945618 1.0892222344601727
60682.2993 lsst_hardware_z 48.25472484338047 41.95000076293945 30.940000534057617 AB 9.088365975096988 1.096646438889925
60682.3203 lsst_hardware_u 0.9279290775433803 2.7100000381469727 28.420000076293945 AB 8.916405546507475 1.084907846628978
60684.2993 lsst_hardware_g -11.552607605228014 14.649999618530273 31.440000534057617 AB 8.210296302391674 1.091855218359837
60684.3208 lsst_hardware_r 22.30532035037531 23.549999237060547 31.5 AB 8.217961111838116 1.0848196836483932
60686.3012 lsst_hardware_i 56.84783017292257 31.350000381469727 31.25 AB 8.046342756789802 1.0873436157824057
60686.3233 lsst_hardware_z 22.659734806488043 42.15999984741211 30.950000762939453 AB 8.04322621816053 1.086922461913585
60688.2697 lsst_hardware_i 68.6172273043146 73.05000305175781 31.31999969482422 AB 5.029771639035369 1.1135203982810202
60688.2887 lsst_hardware_z 161.84357877985556 64.80000305175781 30.979999542236328 AB 5.043783742773162 1.0916099432470956
60692.2673 lsst_hardware_i -27.594672386744936 82.68000030517578 31.31999969482422 AB 2.432154890580025 1.1017689198550509
60692.2858 lsst_hardware_r -54.6798986283222 99.83999633789062 31.649999618530273 AB 2.3055991336111696 1.0869058968113776
60694.3242 lsst_hardware_z -45.57244814814042 81.18000030517578 31.719999313354492 AB 7.3079137978004205 1.1072596663333971
60695.3147 lsst_hardware_r -54.740197348527715 52.02000045776367 31.6200008392334 AB 12.057963672265693 1.0989258302361078
60695.3349 lsst_hardware_i 3.0895085238548683 48.029998779296875 31.290000915527344 AB 10.952786822862453 1.1298812970070875
60697.2379 lsst_hardware_i -44.20257801950049 35.25 31.260000228881836 AB 10.697601626798281 1.1260633291366613
60697.258 lsst_hardware_z -0.2557804680743452 43.779998779296875 30.950000762939453 AB 10.743420601861228 1.0969856727817935
60699.1423 lsst_hardware_i 9.65824862328845 34.47999954223633 31.170000076293945 AB 22.38174853651505 1.5857835154112974
60699.1677 lsst_hardware_u 6.354691465094297 2.509999990463257 28.15999984741211 AB 15.723354291202183 1.3775297619509834
60701.2453 lsst_hardware_r -39.91870704382826 23.579999923706055 31.510000228881836 AB 15.43266992381171 1.0988408219453674
60701.2634 lsst_hardware_z 15.376469930607303 41.91999816894531 30.950000762939453 AB 13.784588807713682 1.086077710466263
60703.286 lsst_hardware_r -1.436905794705221 23.65999984741211 31.5 AB 12.863868613026453 1.0924729183037327
60703.3039 lsst_hardware_u 0.5835751544255063 2.8299999237060547 28.489999771118164 AB 13.02855420778226 1.1135516416907916
60705.2171 lsst_hardware_u 0.3884657277519155 2.799999952316284 28.469999313354492 AB 13.773589436448741 1.1240993582346153
60705.2347 lsst_hardware_g -1.0307436908262038 14.75 31.450000762939453 AB 13.418468155031745 1.0984938182910888
60707.2166 lsst_hardware_r -6.954585552228087 23.959999084472656 31.5 AB 14.009357469869084 1.1154687123510592
60707.2333 lsst_hardware_i 24.227232068935788 31.65999984741211 31.25 AB 13.763853136585036 1.094504739001494
60709.2131 lsst_hardware_z 16.280285332650635 42.650001525878906 30.950000762939453 AB 10.066393121188547 1.1123700890865293
60709.2309 lsst_hardware_r 26.520566531167344 23.799999237060547 31.510000228881836 AB 9.875451616900783 1.0919541805909128
60711.2108 lsst_hardware_u 2.049046070855936 2.809999942779541 28.489999771118164 AB 5.889852823581973 1.107739857735936
60711.2289 lsst_hardware_g 39.53194497787941 14.789999961853027 31.450000762939453 AB 5.8951185350493365 1.0895364468425235
60716.2509 lsst_hardware_z 65.7585413884304 61.43000030517578 30.979999542236328 AB 3.683228873210982 1.0927841190360428
60716.2702 lsst_hardware_r -48.122247382292045 78.20999908447266 31.6299991607666 AB 3.854491885536592 1.1164350139135675
60718.1906 lsst_hardware_i 70.28403464852796 108.16000366210938 31.329999923706055 AB 6.65161058665351 1.10927965756632
60718.2072 lsst_hardware_z 99.78952490030578 90.5199966430664 30.989999771118164 AB 6.451003792410793 1.0912942019416025
