data/validation/pwv_sim_epoch_fit_4/4393837.ecsv
# %ECSV 0.9
# ---
# datatype:
# - {name: time, datatype: float64}
# - {name: band, datatype: string}
# - {name: flux, datatype: float64}
# - {name: fluxerr, datatype: float64}
# - {name: zp, datatype: float64}
# - {name: zpsys, datatype: string}
# - {name: pwv, datatype: float64}
# - {name: airmass, datatype: float64}
# meta: {SNID: '4393837', alt: 1024.0, c: -0.12235849350690842, dec: -54.340912, lat: -30.244573, lon: -70.7499537, ra: 210.234375, t0: 62178.3125,
#   x0: 6.990998162438681e-06, x1: 0.00012406414316501468, z: 0.5335752964019775}
# schema: astropy-2.0
time band flux fluxerr zp zpsys pwv airmass
62178.3755 lsst_hardware_r 2536.309114243859 55.27045350072601 31.489999771118164 AB 4.312761598745566 1.0985828437230396
62178.3863 lsst_hardware_y 555.6737290771349 62.01174770403115 30.040000915527344 AB 4.274171339979731 1.096691243580197
62182.3776 lsst_hardware_u 5.693653522946562 3.5013812779268467 28.549999237060547 AB 3.1649357656464896 1.096651339447848
62182.3888 lsst_hardware_y 522.0903904144458 61.20386012151771 30.040000915527344 AB 3.2266331607761383 1.0982413753492932
62184.3696 lsst_hardware_r 2160.2451242938578 51.77798598687278 31.489999771118164 AB 4.481980193776701 1.0967101471283296
62184.3818 lsst_hardware_y 507.4704476577272 52.82044750888978 30.030000686645508 AB 3.622888273286279 1.0978449312988725
62186.3826 lsst_hardware_z 2494.1803538314566 79.69279703821364 31.709999084472656 AB 2.3558090750030414 1.0998174953328856
62188.3757 lsst_hardware_g 475.4826959783879 25.361133383642123 31.399999618530273 AB 5.730918701950868 1.0992810809368672
62188.3873 lsst_hardware_y 390.20202706126275 53.993207010733514 30.030000686645508 AB 5.769631363845771 1.1050463875594414
62194.3535 lsst_hardware_z 1039.9430525318003 60.14760488508354 30.959999084472656 AB 5.707641888237632 1.0976234400456983
62194.3659 lsst_hardware_g 326.21448213523684 49.73497586244065 31.68000030517578 AB 5.731187950891389 1.1021515290175747
62196.3606 lsst_hardware_r 1267.3259694908504 94.16750913671909 31.639999389648438 AB 4.608722408777423 1.102235553668741
62196.3727 lsst_hardware_i 1244.158980746453 77.42206926861121 31.31999969482422 AB 4.724925050591433 1.1103319417819877
62200.3423 lsst_hardware_z 878.8349109463866 60.42173496568994 30.969999313354492 AB 10.637305716308811 1.0990655283679094
62200.3503 lsst_hardware_r 901.1609493948887 67.31902614662619 31.6299991607666 AB 10.665933254341974 1.102564491985218
62204.2981 lsst_hardware_i 765.3601916432012 42.027451496432604 31.239999771118164 AB 7.927603474073811 1.101056038065807
62204.3093 lsst_hardware_z 716.9322880283586 49.46613528895076 30.940000534057617 AB 7.901391345904282 1.097415464708928
62206.3399 lsst_hardware_u 9.340357989591114 3.6149737876597925 28.360000610351562 AB 7.360427199335795 1.1062073566538861
62206.3511 lsst_hardware_g 124.21131497805777 17.280215765028075 31.399999618530273 AB 7.373419723369423 1.1154243514709934
62208.3401 lsst_hardware_r 444.6224627559931 30.436253102172966 31.469999313354492 AB 14.340621845468327 1.1104709497807284
62208.3528 lsst_hardware_i 627.7658514788561 39.29367126433085 31.229999542236328 AB 14.546788087895159 1.1230005857795313
62211.3366 lsst_hardware_z 694.2924107002273 48.76861961521486 30.940000534057617 AB 8.385817948556317 1.114616594478144
62211.3488 lsst_hardware_u 4.236218069980339 3.202416278260552 28.3799991607666 AB 8.492043263837955 1.1280610074173691
62213.2896 lsst_hardware_r 311.91398083497506 28.751728051112686 31.5 AB 6.965652744264519 1.0967804667398078
62213.302 lsst_hardware_g 60.83052347228534 15.69913210413592 31.40999984741211 AB 6.794133633952082 1.0977165500784278
62216.2884 lsst_hardware_r 285.45594855392136 27.998353453352195 31.5 AB 4.903497609575678 1.096856640101892
62216.3009 lsst_hardware_i 425.3717260244415 36.905269808448026 31.260000228881836 AB 4.360886939510813 1.0999147334663757
62218.2811 lsst_hardware_z 564.5044135781075 47.67143908470384 30.950000762939453 AB 6.695323414746034 1.0967250126532586
62218.2941 lsst_hardware_i 403.46115879556316 36.21776617635293 31.25 AB 6.7998387128916855 1.099408037654274
62220.2917 lsst_hardware_g 57.235130891446346 15.035094134347773 31.40999984741211 AB 6.7947641371120415 1.100634022371757
62220.3027 lsst_hardware_r 213.93768108281253 26.963917406317872 31.489999771118164 AB 6.782965187734549 1.1069259006543404
62222.2909 lsst_hardware_i 279.46291421759474 48.523538330338816 31.290000915527344 AB 7.734813347765646 1.1029381519005343
62222.3011 lsst_hardware_r 269.6277893402846 47.03455146599771 31.600000381469727 AB 7.664872182972189 1.1098457459507367
62224.2367 lsst_hardware_i 301.94407462539533 74.42105279631774 31.329999923706055 AB 7.491240067049542 1.1047668772839438
62224.2493 lsst_hardware_z 350.1556903799544 67.89171502491119 30.989999771118164 AB 7.375820418661154 1.0988050430650922
62226.2755 lsst_hardware_z 529.4653307814759 76.39137838507531 30.989999771118164 AB 5.041009880051476 1.1007172618704932
62226.2873 lsst_hardware_r 6.110603655438234 108.31992130570517 31.639999389648438 AB 5.024789979909529 1.1076358381813325
62228.24 lsst_hardware_r 272.3965214190438 81.11524249516633 31.639999389648438 AB 9.337920806266922 1.0983204900337475
62228.2515 lsst_hardware_i 325.0081591028425 68.04373885734331 31.31999969482422 AB 8.663766306635166 1.096679279320907
62230.2322 lsst_hardware_z 325.84453471963354 51.75838842293326 30.950000762939453 AB 6.044749070233001 1.0990452854969093
62230.2446 lsst_hardware_i 265.89469895973286 46.908619096885836 31.290000915527344 AB 6.031918609548831 1.0967124744634238
62232.2287 lsst_hardware_z 185.91559767428413 46.47273338499163 30.950000762939453 AB 16.342102304651828 1.0984318086159452
62232.2417 lsst_hardware_g 7.068733448846266 24.029906684858975 31.59000015258789 AB 16.338516491869314 1.0966919379694877
62234.2254 lsst_hardware_r 180.47721388275127 25.344159247956238 31.489999771118164 AB 10.137665365530507 1.0978628292755586
62234.2387 lsst_hardware_i 231.06079153064152 33.747609706376736 31.25 AB 10.112316422012713 1.0968201766527401
62236.2248 lsst_hardware_z 317.3433963233655 44.84285208288527 30.940000534057617 AB 5.299198622975301 1.0969911584961292
62236.2347 lsst_hardware_u 0.20468041175123072 3.976718920555056 28.389999389648438 AB 5.451186499872469 1.0969653541465014
62238.2144 lsst_hardware_g 35.24865804780425 14.619748257345329 31.389999389648438 AB 7.544293940624483 1.0978841533773198
62238.2252 lsst_hardware_r 135.93993802434665 25.15418562214323 31.479999542236328 AB 7.521945666686844 1.0966933722160102
62242.2146 lsst_hardware_i 202.64463997092145 33.37808259690393 31.25 AB 17.918756888056283 1.0967030457076756
62242.226 lsst_hardware_z 260.2819459058942 44.67354204186941 30.950000762939453 AB 17.95152962579212 1.098568797539423
62244.2201 lsst_hardware_i 170.26021461858858 33.29916789796861 31.239999771118164 AB 13.050202287122225 1.098440235154219
62244.2321 lsst_hardware_u -0.030465208229525885 3.015607787217378 28.440000534057617 AB 13.119763949795132 1.103668216374048
62248.1913 lsst_hardware_r 104.45922567008202 24.967551121727677 31.479999542236328 AB 10.139348988240107 1.0970946752045125
62248.2038 lsst_hardware_i 146.90161832508363 33.21469761496469 31.239999771118164 AB 10.140606617448796 1.0972307528077034
62250.2149 lsst_hardware_z 444.6620076139982 70.21342050583152 31.709999084472656 AB 8.912235751780033 1.1032042770043984
62252.1993 lsst_hardware_z 432.47963663082976 84.3726855514016 31.719999313354492 AB 7.049742476288239 1.0987610525042388
62252.2121 lsst_hardware_r 186.64334815242412 106.91130524411244 32.380001068115234 AB 6.546788424711599 1.1047878089796168
62254.1991 lsst_hardware_i 132.958292760835 94.30950263430599 31.329999923706055 AB 2.5058702121068492 1.1007556389664048
62254.2125 lsst_hardware_z 186.40106219410475 81.68797476771896 30.989999771118164 AB 2.328675223778167 1.1088929637038891
62259.1922 lsst_hardware_g -0.8985939808210097 46.119998931884766 31.68000030517578 AB 12.794480145787128 1.10430520850916
62259.203 lsst_hardware_r -21.53724948323408 46.959999084472656 31.610000610351562 AB 12.875892230609958 1.1123240329377682
62264.1945 lsst_hardware_u -1.9569151585309295 2.7300000190734863 28.450000762939453 AB 9.856227727193858 1.117190583805553
62264.2066 lsst_hardware_g 0.9301949638655114 13.890000343322754 31.399999618530273 AB 9.964259555035726 1.1313380136288078
62266.1256 lsst_hardware_r 7.474471721316147 22.729999542236328 31.489999771118164 AB 7.692776434292603 1.102709397497596
62266.1366 lsst_hardware_g -35.47709924598824 13.800000190734863 31.40999984741211 AB 7.754541373948847 1.098247332555012
62268.1709 lsst_hardware_i 63.09699629388746 30.940000534057617 31.25 AB 12.898245211749707 1.106433215676578
62268.1834 lsst_hardware_z -2.4285466781539378 42.11000061035156 30.950000762939453 AB 13.02157435323823 1.117012597318313
62270.1302 lsst_hardware_z -43.85020185578185 41.689998626708984 30.940000534057617 AB 6.840705268551346 1.0972633163478607
62270.1423 lsst_hardware_i -23.03301667061165 30.790000915527344 31.25 AB 6.895978503638071 1.0970376238686081
62272.13 lsst_hardware_u 0.9265652444885931 2.759999990463257 28.479999542236328 AB 7.454508926246121 1.0967351664331502
62272.1429 lsst_hardware_g -12.939552495138296 13.920000076293945 31.420000076293945 AB 7.3016871916637 1.0982457985505285
62277.1091 lsst_hardware_g 16.99600327168657 25.899999618530273 31.600000381469727 AB 7.873005887591394 1.0976400066351046
62277.1224 lsst_hardware_r 38.15765824849099 30.290000915527344 31.549999237060547 AB 7.852331309794288 1.0969496591097958
62280.1261 lsst_hardware_z 11.600420470882119 54.38999938964844 30.969999313354492 AB 8.254052661755303 1.0999292830767906
62280.1392 lsst_hardware_r 7.667447898453741 64.69999694824219 31.6299991607666 AB 8.359637262729189 1.1071878410749003
62282.1034 lsst_hardware_r -337.8698299042604 103.9000015258789 31.649999618530273 AB 7.043772347065 1.0967194945541037
62282.1159 lsst_hardware_i 74.16002083742238 80.69999694824219 31.329999923706055 AB 7.054146133261872 1.098334699162354
62283.0997 lsst_hardware_z -104.81652140080001 78.4800033569336 30.989999771118164 AB 6.7859654176023225 1.0967512257734235
62283.1117 lsst_hardware_i -36.114987239700305 92.23999786376953 31.329999923706055 AB 6.6938385650493935 1.0979505574165216
62288.1005 lsst_hardware_r -45.38298673662675 35.70000076293945 31.579999923706055 AB 8.180354944302088 1.0986240859928207
62288.1121 lsst_hardware_i -75.11858931076434 40.0099983215332 31.280000686645508 AB 8.16423964869063 1.1037728231668889
62291.1059 lsst_hardware_z 33.06656355413457 41.689998626708984 30.940000534057617 AB 12.758849176026066 1.1049891390116673
62291.1191 lsst_hardware_u 2.295043188818913 2.619999885559082 28.3700008392334 AB 12.99331618477522 1.115545497726999
62302.0847 lsst_hardware_r -12.975043311303413 22.350000381469727 31.469999313354492 AB 13.787769070434797 1.1115732290099671
62302.097 lsst_hardware_g 14.43469926104792 13.420000076293945 31.3700008392334 AB 13.96433589612719 1.1240409897607075
62304.0778 lsst_hardware_r -2.419225105152956 23.18000030517578 31.489999771118164 AB 6.51758918781626 1.1103691277849557
62304.0902 lsst_hardware_i 29.200310594982746 31.219999313354492 31.239999771118164 AB 6.001132054160495 1.1224937206752779
62306.0379 lsst_hardware_i -36.67829805718718 34.709999084472656 31.270000457763672 AB 4.3496236592406765 1.0967281036916046
62306.0494 lsst_hardware_z -25.665510269116535 43.779998779296875 30.950000762939453 AB 4.251786206487072 1.098085280600912
62310.025 lsst_hardware_y -14.064209331260829 77.2699966430664 30.790000915527344 AB 3.509807629369673 1.0968148841780228
62312.0193 lsst_hardware_r 51.01212602083874 100.3499984741211 31.649999618530273 AB 5.524743660279782 1.096832173968589
62312.0314 lsst_hardware_i 2.447031025788049 79.11000061035156 31.329999923706055 AB 5.479738261706459 1.0977039787072689
62314.0177 lsst_hardware_z -74.61089189721596 60.5 30.979999542236328 AB 9.046375360785607 1.0967297521713775
62314.0298 lsst_hardware_r 66.60788657763912 82.87999725341797 31.639999389648438 AB 8.97766471087417 1.0987228871465142
62315.0196 lsst_hardware_u 5.327037926466517 10.800000190734863 29.260000228881836 AB 7.939642005503093 1.097077598779862
62315.0329 lsst_hardware_r 8.113151522055256 61.43000030517578 31.6299991607666 AB 7.947895244699314 1.1009435869374555
62322.9987 lsst_hardware_g -14.958788336512628 13.380000114440918 31.389999389648438 AB 7.173759594029392 1.097212714170019
62323.0116 lsst_hardware_i 16.23949502034623 30.420000076293945 31.239999771118164 AB 6.294060803342116 1.1011945185762144
62325.0006 lsst_hardware_z -49.95030649289235 41.7599983215332 30.950000762939453 AB 1.0423945200208353 1.098992641034091
62325.0124 lsst_hardware_r 0.2071105606489881 22.299999237060547 31.479999542236328 AB 0.9593319996295044 1.1045849160961478
62326.9945 lsst_hardware_u -0.13876360024077794 2.700000047683716 28.450000762939453 AB 8.827653192646416 1.0987868051588767
62327.0064 lsst_hardware_g -8.598822333403458 13.420000076293945 31.389999389648438 AB 9.025081915421826 1.104255709705357
62327.9978 lsst_hardware_r -5.456807466735787 22.389999389648438 31.489999771118164 AB 6.340015594597277 1.1011272796833425
62328.0094 lsst_hardware_i 27.273860817769123 30.649999618530273 31.239999771118164 AB 5.488937785851786 1.1081301048152998
62329.9976 lsst_hardware_z -67.91033669316494 41.97999954223633 30.940000534057617 AB 6.492362566277471 1.1038929777166506
62330.009 lsst_hardware_r -36.52803105689606 22.3799991607666 31.469999313354492 AB 6.420932862298161 1.1122350359081814
62331.9944 lsst_hardware_u -4.018543876526807 2.7200000286102295 28.420000076293945 AB 7.2087061836409045 1.105290736528811
62332.0054 lsst_hardware_r 6.4181221339905195 22.729999542236328 31.479999542236328 AB 6.034967203694963 1.113907872832614
62543.3803 lsst_hardware_r 21.150460020349264 24.25 31.5 AB 4.069347265750076 1.097574052932074
62546.3659 lsst_hardware_g 12.957023822931616 13.680000305175781 31.389999389648438 AB 2.673828576458702 1.0993230862200616
62546.3773 lsst_hardware_z 35.777081733315896 42.880001068115234 30.950000762939453 AB 2.7842959198610995 1.0968272286236358
62548.3772 lsst_hardware_i 9.26908142799637 31.5 31.25 AB 3.8056643269181367 1.096733235423094
62548.3902 lsst_hardware_y 101.2098146177167 61.04999923706055 30.040000915527344 AB 3.725751670738935 1.0993660875594882
62550.3733 lsst_hardware_r 98.86064959502826 78.5999984741211 31.639999389648438 AB 5.789923104954121 1.0968360132520238
62550.3859 lsst_hardware_y 5.551200007196879 58.4900016784668 30.040000915527344 AB 4.985668869140771 1.0998001145184517
62552.3703 lsst_hardware_z -84.16218499407009 59.279998779296875 30.979999542236328 AB 4.079716481600097 1.0971157873563222
62552.3813 lsst_hardware_y -8.601268045424492 54.52000045776367 30.040000915527344 AB 2.970386284889439 1.10014306847757
62557.3572 lsst_hardware_g 11.539116546804326 30.6299991607666 31.6299991607666 AB 9.435924612813427 1.0972005363736543
62557.3685 lsst_hardware_r -31.106813832063605 34.849998474121094 31.56999969482422 AB 9.4643098271025 1.1005011426863374
62559.3634 lsst_hardware_i 14.670318649579867 31.530000686645508 31.239999771118164 AB 5.723423574946378 1.1006583797973803
62559.3744 lsst_hardware_z -55.573378425043835 42.369998931884766 30.940000534057617 AB 5.756152864235033 1.1069524738913525
62561.3577 lsst_hardware_r -8.956258386519421 22.469999313354492 31.469999313354492 AB 4.688824913759561 1.1005554809802394
62561.3708 lsst_hardware_u 2.0775006550990573 2.5199999809265137 28.270000457763672 AB 4.7385033678265644 1.1083138176380232
62563.3595 lsst_hardware_g 4.698136198252734 13.399999618530273 31.3799991607666 AB 6.522932900835263 1.1043340125567602
62563.3714 lsst_hardware_i -19.02188393665186 30.770000457763672 31.239999771118164 AB 6.555399776896129 1.113349146891346
62566.3371 lsst_hardware_r 5.9875015832616265 22.209999084472656 31.469999313354492 AB 7.8640818272180875 1.0981437356911157
62566.3499 lsst_hardware_z 55.3981794281806 41.540000915527344 30.940000534057617 AB 7.907412216758623 1.1035009896742891
62568.2998 lsst_hardware_i 29.070805976825696 30.610000610351562 31.239999771118164 AB 10.565684647373885 1.1019313033937947
62568.3115 lsst_hardware_r 38.915664208817866 22.309999465942383 31.469999313354492 AB 10.564507878934492 1.0977062477029518
62572.343 lsst_hardware_i -50.31945113743676 30.56999969482422 31.239999771118164 AB 7.572030525505142 1.1100649478475562
