data/validation/pwv_sim_epoch_fit_4/43967697.ecsv
# %ECSV 0.9
# ---
# datatype:
# - {name: time, datatype: float64}
# - {name: band, datatype: string}
# - {name: flux, datatype: float64}
# - {name: fluxerr, datatype: float64}
# - {name: zp, datatype: float64}
# - {name: zpsys, datatype: string}
# - {name: pwv, datatype: float64}
# - {name: airmass, datatype: float64}
# meta: {SNID: '43967697', alt: 1024.0, c: -0.07720978558063507, dec: -30.17244, lat: -30.244573, lon: -70.7499537, ra: 94.21875, t0: 61044.0390625,
#   x0: 3.0507628742054464e-06, x1: 0.4183608889579773, z: 0.7502155900001526}
# schema: astropy-2.0
time band flux fluxerr zp zpsys pwv airmass
60938.2984 lsst_hardware_r -38.430679772056195 23.920000076293945 31.389999389648438 AB 10.04301482272568 1.5504461324164083
60938.3145 lsst_hardware_i 31.86271159496323 33.09000015258789 31.190000534057617 AB 9.137474824737017 1.4137403029505442
60940.3262 lsst_hardware_i 9.220240287750745 32.52000045776367 31.209999084472656 AB 2.5491235894782758 1.300960450548178
60940.3429 lsst_hardware_u 0.3855932080622461 2.5 28.229999542236328 AB 1.8849585015794017 1.2157100945366168
60941.3197 lsst_hardware_g -31.91854831497828 13.539999961853027 31.299999237060547 AB 2.760194912164701 1.3233055911297007
60941.3357 lsst_hardware_r 35.281343424940616 23.09000015258789 31.450000762939453 AB 2.191087657572774 1.2365054500973578
60945.2641 lsst_hardware_r -8.652844680324549 24.489999771118164 31.350000381469727 AB 6.549002227154702 1.7169454410088356
60945.2839 lsst_hardware_i 42.14657006890699 34.06999969482422 31.170000076293945 AB 5.81357452171829 1.507669741109515
60950.2684 lsst_hardware_z 26.37406891187384 51.400001525878906 30.90999984741211 AB 5.540235073785573 1.5244507322791698
60950.2878 lsst_hardware_r -15.905188257195794 36.97999954223633 31.520000457763672 AB 4.963034829470997 1.3705308469371065
60955.2647 lsst_hardware_r -31.609513552132455 88.01000213623047 31.549999237060547 AB 6.334748928775149 1.4397156656307155
60955.2841 lsst_hardware_z -63.05436699063378 62.459999084472656 30.950000762939453 AB 5.753615085517183 1.3076397921629959
60957.3156 lsst_hardware_i -96.01510508175801 55.38999938964844 31.299999237060547 AB 3.1079503299640607 1.140916025561159
60957.336 lsst_hardware_r -10.140774844154654 65.2300033569336 31.6299991607666 AB 3.1112217578769137 1.08216408969624
60959.2732 lsst_hardware_i 79.03446923298279 48.47999954223633 31.260000228881836 AB 5.452361169805373 1.307520664221912
60959.2924 lsst_hardware_z -34.87414556025597 50.790000915527344 30.950000762939453 AB 5.455409608253967 1.2096028399151457
60965.2664 lsst_hardware_z 83.4226456771235 43.52000045776367 30.920000076293945 AB 7.53908173881192 1.2551887017280918
60965.2856 lsst_hardware_i -5.1476599565458185 30.81999969482422 31.229999542236328 AB 7.060920447312001 1.170237488678045
60970.3165 lsst_hardware_i 11.601638908684802 29.780000686645508 31.239999771118164 AB 2.648102029399902 1.0485802459260751
60970.3367 lsst_hardware_r -13.02516075684757 21.520000457763672 31.489999771118164 AB 3.292140729216955 1.0195016451768635
60972.2438 lsst_hardware_g -18.673060527588767 13.15999984741211 31.31999969482422 AB 1.8617031481112774 1.2733947661499845
60972.253 lsst_hardware_r 8.278210405083522 22.520000457763672 31.450000762939453 AB 3.667111001685376 1.2273479115364412
60979.23 lsst_hardware_z 21.16584564396014 46.66999816894531 30.940000534057617 AB 4.735412581861568 1.2460519029545394
60979.2453 lsst_hardware_r -3.3311329632848223 33.33000183105469 31.549999237060547 AB 4.50809805954182 1.1783053454401307
60982.2918 lsst_hardware_z 16.692560537261645 49.099998474121094 30.969999313354492 AB 4.969391852875282 1.0352899693490172
60982.3104 lsst_hardware_r 10.588256403290432 46.900001525878906 31.6299991607666 AB 4.862713614000352 1.0130653362500734
60991.2053 lsst_hardware_z 32.5070529705218 43.189998626708984 30.920000076293945 AB 4.0765776970942085 1.208441796525086
60991.2232 lsst_hardware_r 48.0096925453347 21.93000030517578 31.450000762939453 AB 7.828301324080424 1.13949073130728
60993.1954 lsst_hardware_r 25.831548229718937 22.43000030517578 31.450000762939453 AB 4.954113477436969 1.2285972085897447
60993.2039 lsst_hardware_u 1.204783812657841 2.5399999618530273 28.299999237060547 AB 4.830455142381834 1.1911363987460761
60995.1994 lsst_hardware_i -1.0834089073143065 31.010000228881836 31.219999313354492 AB 6.540648903054532 1.1871942587828894
60995.2181 lsst_hardware_z 4.20578097217173 41.79999923706055 30.940000534057617 AB 8.315526501494062 1.1208419600340571
60997.2135 lsst_hardware_r 0.1138869033721767 21.790000915527344 31.459999084472656 AB 5.071721552024952 1.1182276600210117
60997.2323 lsst_hardware_u 3.937688314207597 2.5199999809265137 28.34000015258789 AB 4.879434283389147 1.0694650484141324
61001.2108 lsst_hardware_i -2.812748132475366 30.170000076293945 31.239999771118164 AB 3.471415580778798 1.0949974231615818
61001.2289 lsst_hardware_z -70.44806430475951 40.7400016784668 30.950000762939453 AB 3.1688630815285723 1.0540624508909764
61004.2394 lsst_hardware_g 14.647699013378489 12.819999694824219 31.389999389648438 AB 6.3592564123613355 1.0247499187347222
61004.2579 lsst_hardware_r 2.0818337488274183 21.360000610351562 31.479999542236328 AB 6.628207573173175 1.007198820793616
61006.2394 lsst_hardware_i 1.3616853170662824 29.559999465942383 31.25 AB 3.8642768345384138 1.0184336733387442
61006.2554 lsst_hardware_z 38.821658051739924 40.150001525878906 30.950000762939453 AB 4.40675915506959 1.0053825214045462
61009.1846 lsst_hardware_i -63.46953325458726 39.092548779547904 31.280000686645508 AB 4.930610168587762 1.1069243811841118
61009.2015 lsst_hardware_z 61.824005409291104 44.79173152929355 30.959999084472656 AB 4.759106841714713 1.0652331959369405
61011.2161 lsst_hardware_z 123.28912140596508 69.53625687412683 31.719999313354492 AB 6.490659023686995 1.030263337093174
61013.1526 lsst_hardware_r -51.22308370359243 86.91530301923277 31.6200008392334 AB 3.791355200956586 1.1778052814403808
61013.1736 lsst_hardware_y 36.091605110201805 53.80712186275207 30.030000686645508 AB 4.007046376203052 1.1071482700013124
61015.1516 lsst_hardware_g 86.18425380977398 90.46631735825822 31.690000534057617 AB 6.33465115960579 1.160830338941871
61015.1751 lsst_hardware_r -60.875104440683266 84.22820456477984 31.649999618530273 AB 5.660078308186908 1.0884765977282516
61017.1619 lsst_hardware_r 4.504098026712869 51.29308861090021 31.610000610351562 AB 4.104681613847496 1.109373409147972
61017.1833 lsst_hardware_g 30.831242051857746 57.144795169441586 31.709999084472656 AB 4.669830755364633 1.05777920728572
61020.1573 lsst_hardware_r 62.22121168967389 24.455222229413284 31.469999313354492 AB 10.530799809405782 1.0993440427391856
61020.1797 lsst_hardware_i 197.2949100617017 32.757890076732295 31.25 AB 10.595939485711266 1.0491029193773531
61022.1545 lsst_hardware_z 159.63121829866506 43.47882235380539 30.940000534057617 AB 11.300805317121206 1.0922873880844222
61022.1747 lsst_hardware_i 278.60077454896134 34.206091814868465 31.25 AB 11.629221179057984 1.0482756989626094
61024.151 lsst_hardware_u 2.3209996200205993 2.9449304367002713 28.360000610351562 AB 8.559932762648216 1.0872856097595258
61024.1708 lsst_hardware_g 92.95966881993422 15.741303158839404 31.389999389648438 AB 8.328814742757823 1.0455305070943293
61026.1294 lsst_hardware_g 92.04243934111294 16.551960718065324 31.3700008392334 AB 10.65087030520081 1.1336743273231178
61026.151 lsst_hardware_r 396.9544598172975 29.489802713076198 31.479999542236328 AB 10.084898589459833 1.0742138425457284
61028.1353 lsst_hardware_i 562.2981161785611 38.87203838335258 31.239999771118164 AB 3.963299964629585 1.0997710619848429
61028.1587 lsst_hardware_z 459.0560360051135 44.97613943484949 30.950000762939453 AB 3.66265566629712 1.0475954712331057
61032.0538 lsst_hardware_y 271.545910046407 52.88827829967416 29.920000076293945 AB 7.066710108572896 1.4450364887000673
61032.0778 lsst_hardware_r 678.7045318644589 34.81531183458635 31.440000534057617 AB 6.265004120841453 1.2852828449574722
61038.0456 lsst_hardware_y 493.2017871844754 98.44428061793016 30.700000762939453 AB 11.28389197297459 1.383932295698116
61040.0362 lsst_hardware_z 867.718566028164 83.02809323346125 30.940000534057617 AB 10.545480041028696 1.4123883667125503
61040.0589 lsst_hardware_r 1037.2210513755444 66.11378087603084 31.579999923706055 AB 9.555722811014181 1.2693574403578882
61048.0394 lsst_hardware_y 346.6018292357638 67.79700736081715 29.989999771118164 AB 12.40568297754961 1.2571628473398468
61048.0615 lsst_hardware_r 698.9636817702551 34.95329147759718 31.469999313354492 AB 9.4383279518893 1.1608188607310888
61054.0478 lsst_hardware_y 267.8585594969599 52.784327106679 30.020000457763672 AB 7.699363313472298 1.1511488738200069
61054.0676 lsst_hardware_g 59.207178145870465 15.887566793931432 31.389999389648438 AB 7.231936518439926 1.091064096319828
61056.0369 lsst_hardware_z 661.8515481562853 68.73903826652692 30.959999084472656 AB 3.2332118946381194 1.1711706935419413
61056.0519 lsst_hardware_i 911.0386511010377 42.51804518812235 31.229999542236328 AB 3.7881766416584455 1.1197684427012782
61058.0438 lsst_hardware_y 321.8625836068965 54.49271868574719 30.030000686645508 AB 4.39907077177533 1.127966864557777
61058.0604 lsst_hardware_r 467.29417878685837 30.513889366216674 31.469999313354492 AB 4.218960628311506 1.0817847764901298
61060.0368 lsst_hardware_y 292.2137338665417 68.56769966724282 30.030000686645508 AB 10.11931765615063 1.13290739344511
61060.0539 lsst_hardware_r 402.1831698971189 29.972340330952072 31.469999313354492 AB 8.849821438701834 1.084315471354119
61062.0404 lsst_hardware_y 364.4235559122701 84.20842699818095 30.790000915527344 AB 10.147375940525768 1.1054789948825166
61062.0572 lsst_hardware_z 893.4652918770637 65.38795283917166 31.700000762939453 AB 11.495145630934294 1.0643653361976197
61064.0364 lsst_hardware_y 283.87252246225495 64.11889084229355 30.040000915527344 AB 16.10054227967862 1.1014189546913833
61064.0535 lsst_hardware_u 0.9726420015069581 3.262050561896309 28.540000915527344 AB 13.75389742164858 1.0607255174217098
61075.0349 lsst_hardware_y 239.77739500603252 52.47000599133788 30.049999237060547 AB 9.424346601940435 1.039927900903772
61075.0525 lsst_hardware_i 393.13620207864426 47.16977478437769 31.309999465942383 AB 9.767028875569109 1.0168692218187585
61309.3176 lsst_hardware_z -56.013554601408146 85.0999984741211 31.700000762939453 AB 4.439001201201922 1.2916589334244195
61311.2852 lsst_hardware_z 26.25951382105117 61.70000076293945 30.920000076293945 AB 4.971543943934878 1.4785627234183174
61311.306 lsst_hardware_r -19.308513797560177 76.70999908447266 31.579999923706055 AB 5.013393884217418 1.3278168670126473
61313.2815 lsst_hardware_z 26.07222440260163 55.689998626708984 30.920000076293945 AB 3.6193676249531554 1.4638493933076464
61313.2989 lsst_hardware_r 31.75882249053763 58.95000076293945 31.56999969482422 AB 4.974863071358256 1.3380481633562862
61319.2806 lsst_hardware_g -21.6378284153042 13.369999885559082 31.309999465942383 AB 7.943988812562401 1.3503486897193913
61319.3012 lsst_hardware_r -27.884624920571166 22.75 31.459999084472656 AB 7.0645617123553395 1.2350452433423766
61321.2932 lsst_hardware_z 50.38876263465861 43.7599983215332 30.93000030517578 AB 4.445850952411467 1.2474329271637112
61321.3134 lsst_hardware_u 3.101073626779794 2.5999999046325684 28.360000610351562 AB 4.247021222121959 1.1607054446903415
61323.2756 lsst_hardware_r -21.904947160457716 22.940000534057617 31.440000534057617 AB 4.235779880336592 1.3135219413401324
61323.2943 lsst_hardware_g -18.272648136361255 13.25 31.360000610351562 AB 3.386664936563828 1.2163652461395185
61326.2432 lsst_hardware_i 30.66039108198595 33.349998474121094 31.18000030517578 AB 8.647993790169703 1.487528316639503
61326.261 lsst_hardware_z 46.61149211117275 45.0 30.90999984741211 AB 7.546004575687154 1.35354342164792
61328.2719 lsst_hardware_u -1.9529588621923015 2.5299999713897705 28.270000457763672 AB 8.027498011743129 1.258491536121937
61328.2905 lsst_hardware_g -18.235474362785304 13.0 31.350000381469727 AB 7.491700667644022 1.175045851567602
61330.2723 lsst_hardware_r -11.580863267423828 22.65999984741211 31.450000762939453 AB 7.450416546629267 1.2296784111289372
61330.2917 lsst_hardware_i -26.568024841554355 30.950000762939453 31.239999771118164 AB 6.240227437166466 1.1503783643038705
61337.2396 lsst_hardware_r -38.55070755072993 70.52999877929688 31.579999923706055 AB 1.977446179284828 1.3005236299159817
61337.257 lsst_hardware_i -13.029079035221118 55.43000030517578 31.290000915527344 AB 3.5825717760505027 1.2122394911066443
61340.2403 lsst_hardware_z 79.7775618735717 61.959999084472656 30.959999084472656 AB 4.046154872489241 1.2525825779708715
61340.2586 lsst_hardware_i 41.610089824092334 65.08999633789062 31.299999237060547 AB 3.864609052368591 1.171715016256642
61342.2499 lsst_hardware_z -2.975895455396466 54.75 30.959999084472656 AB 3.8817194218861846 1.1844742171244016
61348.2335 lsst_hardware_z 37.361252909770926 74.06999969482422 32.130001068115234 AB 6.656588017523466 1.1845516536210456
61348.2613 lsst_hardware_r 14.505384127486604 31.059999465942383 32.2400016784668 AB 5.51720868071693 1.0932381797987112
61355.2024 lsst_hardware_u 5.315343531407226 2.4700000286102295 28.229999542236328 AB 0.9061777361328939 1.2375250749505085
61355.2204 lsst_hardware_r -18.59282397133772 22.030000686645508 31.469999313354492 AB 2.7086665983516434 1.161354837080882
61358.2039 lsst_hardware_i 4.784191935457259 31.149999618530273 31.229999542236328 AB 4.842023410742761 1.1939890047860875
61358.2208 lsst_hardware_z -75.14650153898924 42.06999969482422 30.940000534057617 AB 8.227876119331516 1.1316795432681126
61360.2039 lsst_hardware_r -7.336599686350232 22.25 31.450000762939453 AB 6.511337749373786 1.1720876783943737
61360.2215 lsst_hardware_z 62.86652019141807 41.869998931884766 30.940000534057617 AB 8.324237662194037 1.1127172386304018
61362.1788 lsst_hardware_y -137.2289240068506 49.7400016784668 29.979999542236328 AB 7.149133586213062 1.2599072289631197
61362.1956 lsst_hardware_g -10.980471844705773 26.059999465942383 31.56999969482422 AB 6.487286059167284 1.183253525710316
61363.2077 lsst_hardware_i -9.10588415847552 37.5099983215332 31.260000228881836 AB 6.056775597639022 1.129907612462888
61363.2236 lsst_hardware_z -104.58006426436879 43.790000915527344 30.950000762939453 AB 5.753376921150863 1.0849798540664493
61365.2029 lsst_hardware_r 39.87037354283667 51.52000045776367 31.610000610351562 AB 3.5196875062344017 1.127803740315616
61365.2191 lsst_hardware_z -25.644243581513773 47.97999954223633 30.959999084472656 AB 3.5645524705273908 1.0826279333416524
61369.2089 lsst_hardware_z -45.18726159412191 62.47999954223633 30.979999542236328 AB 6.731770290718905 1.080887972177106
61369.2254 lsst_hardware_i -73.09800481652543 68.70999908447266 31.329999923706055 AB 6.507042248721876 1.0467372715711214
61371.2399 lsst_hardware_g -22.969052795937923 67.97000122070312 31.729999542236328 AB 3.8598575492816116 1.0186336476299034
61371.2576 lsst_hardware_r -16.8748020557043 64.69999694824219 31.65999984741211 AB 4.400629985300855 1.0045571416757628
61373.1821 lsst_hardware_g -7.437823813337231 29.229999542236328 31.6200008392334 AB 4.892072338438335 1.1245281599352543
61373.1989 lsst_hardware_r 5.248934950208206 39.5 31.600000381469727 AB 4.756332720660543 1.0786965650121174
61375.2059 lsst_hardware_z 11.777051840460132 41.290000915527344 30.950000762939453 AB 8.172607077708912 1.052391214977122
61375.222 lsst_hardware_u -0.014467280941409914 3.2799999713897705 28.6299991607666 AB 7.8114662752404085 1.0269236996371582
61378.1482 lsst_hardware_i 42.94333755541114 31.299999237060547 31.229999542236328 AB 3.8523045221057006 1.1986012825468888
61378.1695 lsst_hardware_z -5.674736090066971 42.0 30.940000534057617 AB 4.211892657765665 1.1212776620194334
61380.1473 lsst_hardware_r -7.726984362521484 22.399999618530273 31.459999084472656 AB 6.346589161441731 1.1798827219633756
61380.1691 lsst_hardware_u -2.3551539246406703 2.6500000953674316 28.420000076293945 AB 5.75313432882223 1.1063719863119672
61382.1229 lsst_hardware_i -20.517791078491992 32.04999923706055 31.209999084472656 AB 4.834990245787042 1.266643735524702
61382.145 lsst_hardware_z 47.25775138389597 42.93000030517578 30.940000534057617 AB 4.320271406469202 1.167640920667352
61384.1328 lsst_hardware_r -1.3608995257086596 22.399999618530273 31.469999313354492 AB 8.962850323357113 1.194462750214177
