data/validation/pwv_sim_epoch_fit_4/44129030.ecsv
# %ECSV 0.9
# ---
# datatype:
# - {name: time, datatype: float64}
# - {name: band, datatype: string}
# - {name: flux, datatype: float64}
# - {name: fluxerr, datatype: float64}
# - {name: zp, datatype: float64}
# - {name: zpsys, datatype: string}
# - {name: pwv, datatype: float64}
# - {name: airmass, datatype: float64}
# meta: {SNID: '44129030', alt: 1024.0, c: -0.04037196934223175, dec: -28.461132, lat: -30.244573, lon: -70.7499537, ra: 184.921875, t0: 60414.5234375,
#   x0: 5.092170476940801e-06, x1: -0.36417773365974426, z: 0.6087558269500732}
# schema: astropy-2.0
time band flux fluxerr zp zpsys pwv airmass
60312.2462 lsst_hardware_z -85.65759848750963 60.470001220703125 30.889999389648438 AB 6.263236242221264 1.7800870377209765
60312.2699 lsst_hardware_r 52.02936108883563 55.369998931884766 31.520000457763672 AB 6.628441987931625 1.5140918996303254
60316.2496 lsst_hardware_r -57.44810628239307 25.31999969482422 31.389999389648438 AB 13.983478333402095 1.6066807736578432
60316.2712 lsst_hardware_z -44.71477267681358 46.43000030517578 30.90999984741211 AB 13.283491132163112 1.41276162001203
60318.2521 lsst_hardware_r -4.390903742189541 25.190000534057617 31.40999984741211 AB 12.10230005365716 1.5272004610583823
60318.2731 lsst_hardware_u -0.44375665295860317 2.609999895095825 28.229999542236328 AB 10.812223394739402 1.3604559162930987
60322.2922 lsst_hardware_r 3.573322750274875 23.84000015258789 31.479999542236328 AB 6.681540736712501 1.1983751657631605
60322.3089 lsst_hardware_g -4.105917464356336 14.529999732971191 31.420000076293945 AB 6.135316410657825 1.1353287214392718
60324.2834 lsst_hardware_r -12.194768137792238 23.950000762939453 31.459999084472656 AB 6.774698560396845 1.2130167520853796
60324.3003 lsst_hardware_i -5.271143021306077 31.719999313354492 31.229999542236328 AB 6.815715166444264 1.1459798514408153
60326.2884 lsst_hardware_z 34.35235098367033 43.279998779296875 30.940000534057617 AB 2.582192068770203 1.169515184949705
60326.3059 lsst_hardware_i -22.736623454312664 31.510000228881836 31.239999771118164 AB 2.925857067253479 1.110698326754666
60328.2916 lsst_hardware_u -1.86220543113454 3.619999885559082 29.030000686645508 AB 7.246254180994766 1.1383935139811727
60328.3102 lsst_hardware_g 1.3771021789537565 20.149999618530273 32.15999984741211 AB 7.157254928000023 1.0844325648484883
60330.2938 lsst_hardware_r 11.178092276307767 23.6299991607666 31.479999542236328 AB 13.421302664666763 1.1141709002711908
60330.3111 lsst_hardware_i -39.369238006009695 31.1200008392334 31.239999771118164 AB 12.923933058181499 1.069552121337485
60332.3019 lsst_hardware_z -93.18472963428869 68.41999816894531 31.709999084472656 AB 9.708977493872183 1.0780964756122637
60334.3078 lsst_hardware_z 40.6718702390787 57.33000183105469 30.979999542236328 AB 10.328032621241572 1.0538808797185277
60334.3251 lsst_hardware_r 141.82085502496463 75.37999725341797 31.649999618530273 AB 10.058123031848393 1.026339084882489
60336.303 lsst_hardware_z 3.647523960358981 61.720001220703125 30.979999542236328 AB 12.500673478726723 1.0526291979728903
60336.3212 lsst_hardware_r -3.136577052444686 85.58000183105469 31.65999984741211 AB 12.10908414991192 1.024370539710001
60338.3144 lsst_hardware_z 27.798979976784786 86.81999969482422 31.739999771118164 AB 11.377590273683879 1.0260557572612192
60340.2002 lsst_hardware_z -35.22474875032413 65.51000213623047 30.940000534057617 AB 14.920749457495416 1.4557538862866888
60340.2172 lsst_hardware_r 55.199291869701526 74.8499984741211 31.59000015258789 AB 14.03782077441049 1.333379632827744
60348.2011 lsst_hardware_i -45.27079443316353 32.279998779296875 31.209999084472656 AB 11.807629455916892 1.2987310125664775
60348.2333 lsst_hardware_z -85.67963281957827 42.2400016784668 30.93000030517578 AB 8.260139625621784 1.1511721213339794
60350.209 lsst_hardware_u -1.8066371217767097 2.6500000953674316 28.31999969482422 AB 5.328566337835047 1.2287712066955028
60350.2278 lsst_hardware_r -12.298091347283703 23.360000610351562 31.479999542236328 AB 5.009554389738842 1.151312917548284
60352.2054 lsst_hardware_z 100.25738386018729 43.66999816894531 30.93000030517578 AB 7.280692855231045 1.2200915297560788
60352.2266 lsst_hardware_i -7.750322546433366 31.31999969482422 31.239999771118164 AB 6.68989669446273 1.136642129658961
60362.2113 lsst_hardware_z 21.602829456487317 55.40999984741211 30.969999313354492 AB 8.91219228515047 1.1002706524877124
60362.2305 lsst_hardware_r 31.501814341825675 69.31999969482422 31.649999618530273 AB 8.549764325574879 1.055526459947516
60363.1684 lsst_hardware_r -44.16994073807502 88.61000061035156 31.600000381469727 AB 13.887113606860924 1.2538777108464318
60363.1849 lsst_hardware_z 89.34991266800898 63.060001373291016 30.969999313354492 AB 12.951877412652877 1.1792301134433574
60365.2142 lsst_hardware_i 79.62952616908694 85.51000213623047 31.329999923706055 AB 9.251688337051721 1.072555888751045
60365.2344 lsst_hardware_z 31.23697245539816 72.91000366210938 30.989999771118164 AB 8.823229080320996 1.034780580178381
60367.218 lsst_hardware_z -68.76775812777599 73.77999877929688 30.989999771118164 AB 6.162345774917419 1.0533174175487363
60367.2383 lsst_hardware_r 6.084030336243738 104.5 31.65999984741211 AB 6.005789103153935 1.0222764753804623
60369.2142 lsst_hardware_i -27.077898411189633 66.11000061035156 31.329999923706055 AB 3.7286306229547104 1.0502198731446934
60369.2341 lsst_hardware_r 77.24137760650945 76.6500015258789 31.65999984741211 AB 3.586817325891699 1.020818895519884
60372.0915 lsst_hardware_g -35.00556428237554 13.890000343322754 31.209999084472656 AB 7.55115511907055 1.6647779060967591
60372.1124 lsst_hardware_r -22.72641167806865 24.1299991607666 31.420000076293945 AB 6.60022528418705 1.4593120722674686
60375.1018 lsst_hardware_i -6.801503616063831 34.04999923706055 31.18000030517578 AB 10.744156583564882 1.4795717122191923
60375.1198 lsst_hardware_z 42.01262895460261 45.38999938964844 30.90999984741211 AB 9.797170034624418 1.3451492038385928
60379.0856 lsst_hardware_u -0.29786639924700775 2.4000000953674316 28.040000915527344 AB 11.458637082140099 1.5268004106782067
60379.1095 lsst_hardware_g -4.684256090538747 14.170000076293945 31.309999465942383 AB 10.067510835108314 1.3411426512133262
60382.0867 lsst_hardware_r 0.8038814485047682 24.3799991607666 31.40999984741211 AB 18.60965993281079 1.4462529576693832
60382.1136 lsst_hardware_u -0.45683978124025876 2.4800000190734863 28.15999984741211 AB 16.601962699719525 1.2691419168442568
60386.1733 lsst_hardware_z -20.4477351307595 41.54582428152788 30.950000762939453 AB 7.171761811041064 1.0406677517290956
60386.1902 lsst_hardware_g -8.989095865808368 14.580656787259146 31.450000762939453 AB 7.005830303933525 1.018067326009369
60390.0799 lsst_hardware_z 137.11012030666356 78.90705465370682 31.690000534057617 AB 5.233132155004944 1.3383684461128138
60390.0977 lsst_hardware_r 43.72215764519103 85.74844461488195 32.349998474121094 AB 6.521509754402947 1.2388101857283895
60393.0786 lsst_hardware_i 139.94959246000624 94.94447408827695 31.290000915527344 AB 13.47772798589028 1.2966418868508751
60393.0967 lsst_hardware_z 96.2305392829661 80.46450947681751 30.969999313354492 AB 10.640248917354308 1.2055345564160704
60414.0611 lsst_hardware_z 1141.6192956117884 53.62668052399479 30.950000762939453 AB 12.256207770266652 1.124422731217124
60414.0791 lsst_hardware_g 440.78823289708185 26.131201119773024 31.479999542236328 AB 11.723638358879132 1.075563152190746
60419.0679 lsst_hardware_z 2404.1114416773303 87.8402959900979 31.719999313354492 AB 7.241079711342279 1.0700048829685174
60421.058 lsst_hardware_z 1073.133922915153 77.49016360725659 30.989999771118164 AB 10.14047913983025 1.0802491848619835
60421.0762 lsst_hardware_r 1481.5669393314686 105.18528200860897 31.65999984741211 AB 9.764326330857848 1.0432158333507913
60426.9622 lsst_hardware_y 619.783190116901 90.36520342143697 29.93000030517578 AB 1.4734082587270207 1.459542603989124
60426.9806 lsst_hardware_i 1087.4399070657714 46.41029780663455 31.200000762939453 AB 1.4207640513593132 1.3275067053112013
60433.9597 lsst_hardware_z 687.6188535312144 77.03647587572307 30.950000762939453 AB 13.907640789986656 1.3387535053170765
60433.978 lsst_hardware_i 661.3035097473867 42.36289076278598 31.229999542236328 AB 12.83882227058936 1.236672263403507
60436.9592 lsst_hardware_y 128.44166543226368 72.98294709000334 29.969999313354492 AB 12.697745462633804 1.292413319577988
60436.9786 lsst_hardware_r 542.1581824099482 32.583008215218875 31.469999313354492 AB 11.729655680789454 1.1967306441200969
60441.9805 lsst_hardware_r 330.9717537237417 29.83303364298805 31.469999313354492 AB 8.85923229292921 1.1378656482409346
60441.9882 lsst_hardware_i 482.5205631985911 38.3043406483771 31.239999771118164 AB 8.656276502572915 1.113586170999961
60443.9577 lsst_hardware_y 136.73577219042355 67.7946244937357 30.0 AB 9.511446507090671 1.2044252422844726
60443.9775 lsst_hardware_z 609.2817311552677 48.75005045454555 30.940000534057617 AB 7.452027552034074 1.1297797986710238
60445.957 lsst_hardware_y 292.63855548221653 65.46435030400872 30.010000228881836 AB 11.304382358741055 1.1843663852840387
60445.9758 lsst_hardware_z 583.7846054482125 51.095237314767715 30.950000762939453 AB 11.639394434751686 1.1180168993349842
60454.9572 lsst_hardware_y 166.50740835377823 60.27987923978871 30.040000915527344 AB 7.7934324227638925 1.1007413793597365
60454.9787 lsst_hardware_g -25.567032447595885 60.31103482635329 31.709999084472656 AB 6.0577610255323755 1.051481648774677
60456.9588 lsst_hardware_y 414.48317181607996 74.74455101454994 30.799999237060547 AB 6.960021438769056 1.0824294617059185
60456.9833 lsst_hardware_i 402.76854752911885 48.02125022052347 32.0099983215332 AB 6.636908776005145 1.0346324916801097
60458.9594 lsst_hardware_y 218.33178504977607 51.72522451716751 30.049999237060547 AB 10.22261724251546 1.068417353941868
60458.9818 lsst_hardware_g 31.813396029158238 15.106783810630919 31.43000030517578 AB 9.78105059936757 1.0289885434082973
60460.9573 lsst_hardware_y -10.785638245761731 54.51070475371815 30.049999237060547 AB 9.317265876885594 1.061292743451604
60460.9762 lsst_hardware_i 254.82326592716595 33.42119019182951 31.25 AB 7.059983616214381 1.0291771349470813
60462.9566 lsst_hardware_z 249.347718280883 50.59837423497686 30.959999084472656 AB 9.993597790484076 1.0519576621562186
60462.9755 lsst_hardware_u 5.440820891172415 3.5762514109138044 28.40999984741211 AB 9.398543319127493 1.0230820572718227
60679.2438 lsst_hardware_r 73.6652771758644 26.030000686645508 31.360000610351562 AB 4.561219933895107 1.748263677230781
60679.2675 lsst_hardware_i -51.998065897985505 35.119998931884766 31.18000030517578 AB 3.8849679160714703 1.4928786663525566
60681.2516 lsst_hardware_z -119.13868884557525 47.63999938964844 30.899999618530273 AB 12.014533942373648 1.592876163475382
60681.2726 lsst_hardware_r 18.864406910136132 24.610000610351562 31.450000762939453 AB 10.48656572877664 1.407466767462861
60683.2469 lsst_hardware_u 0.5299707829073607 2.380000114440918 28.0 AB 12.705338025828942 1.5849972587111971
60683.2699 lsst_hardware_r 13.688890811204178 24.799999237060547 31.440000534057617 AB 12.347635120470544 1.3873747326371397
60685.2902 lsst_hardware_i -55.563389270381386 32.4900016784668 31.229999542236328 AB 8.188258129428238 1.2354506626574988
60685.3072 lsst_hardware_u 2.5916227135620264 2.759999990463257 28.43000030517578 AB 8.366844030128288 1.162976976805119
60687.2842 lsst_hardware_g 11.79688517919516 67.41999816894531 31.649999618530273 AB 7.273034156157012 1.2380686281652928
60687.3016 lsst_hardware_r 0.028685310268926047 57.13999938964844 31.610000610351562 AB 7.994797127221615 1.1635001155362785
60689.287 lsst_hardware_i -62.11347286633284 65.52999877929688 31.299999237060547 AB 8.592056686774011 1.2002314239300629
60689.3059 lsst_hardware_r -151.5238840373565 80.95999908447266 31.6299991607666 AB 9.290270739383102 1.1295619769048109
60693.3002 lsst_hardware_r 13.516475071321029 73.68000030517578 31.6299991607666 AB 8.100555954683829 1.1134402191929968
60693.3176 lsst_hardware_i -39.82981853783177 61.75 31.31999969482422 AB 7.743386133255612 1.0687903565570203
60702.3056 lsst_hardware_u 5.275764212730601 2.7899999618530273 28.510000228881836 AB 12.32937183725582 1.0443015192909868
60702.3246 lsst_hardware_g -14.844325394665821 14.220000267028809 31.459999084472656 AB 12.063334544085288 1.0181461142848744
60704.195 lsst_hardware_i -18.903271094701026 34.470001220703125 31.190000534057617 AB 14.706478977201199 1.5314994769370869
60704.2127 lsst_hardware_z 6.236593884828394 45.939998626708984 30.920000076293945 AB 14.61469869954889 1.3864293797745895
60708.2009 lsst_hardware_r 62.86872461949077 24.190000534057617 31.450000762939453 AB 12.398261475248528 1.3927240344390162
60708.2191 lsst_hardware_i 38.556216715026956 32.540000915527344 31.229999542236328 AB 13.353719202646857 1.2781736494517324
60710.2026 lsst_hardware_z 15.754523504119685 45.09000015258789 30.920000076293945 AB 11.999248572555688 1.3438513352621444
60710.2205 lsst_hardware_i -59.72701121171881 32.13999938964844 31.229999542236328 AB 9.342774472084642 1.2425141433101166
60712.2201 lsst_hardware_g -3.6176237697972415 14.199999809265137 31.389999389648438 AB 5.286482936580114 1.218457960182871
60712.239 lsst_hardware_r 14.136929023418341 23.260000228881836 31.489999771118164 AB 4.954512261528712 1.143217073767345
60717.2168 lsst_hardware_z -75.29082416421247 83.8499984741211 31.719999313354492 AB 4.363310870503548 1.1745907182188742
60719.2247 lsst_hardware_r 103.56377087491657 102.4800033569336 31.639999389648438 AB 5.538083814777686 1.1273070595964771
60719.2433 lsst_hardware_i 50.76312905346702 78.81999969482422 31.329999923706055 AB 5.2906842410583 1.0762902775598244
60721.2114 lsst_hardware_z 85.62930846996984 72.44000244140625 30.979999542236328 AB 3.8608193776158823 1.153861140949158
60721.2314 lsst_hardware_r -140.53044210347974 99.4800033569336 31.649999618530273 AB 3.651152488231614 1.0921784290252727
60723.2241 lsst_hardware_z 105.34945272457722 93.51000213623047 31.729999542236328 AB 4.98828748912121 1.097050250521489
60725.2136 lsst_hardware_r -6.111990805767408 50.790000915527344 31.6200008392334 AB 2.8914069446470982 1.1111892181189809
60725.2335 lsst_hardware_z -57.68691733522948 49.349998474121094 30.969999313354492 AB 2.7729980101266087 1.061841091375305
60728.2186 lsst_hardware_r 60.24852127176174 34.970001220703125 32.27000045776367 AB 8.720373564079027 1.0765893288986454
60728.2386 lsst_hardware_y 99.33238012722799 66.56999969482422 30.799999237060547 AB 8.405971830345113 1.0377743000426065
60730.2166 lsst_hardware_g -14.196820635559666 14.109999656677246 31.43000030517578 AB 8.923034277138337 1.0687548541308345
60730.2369 lsst_hardware_r 13.841575624009728 22.770000457763672 31.5 AB 8.595606757879803 1.0321333763064124
60732.2129 lsst_hardware_i 29.301220628214168 30.56999969482422 31.25 AB 5.892402096254224 1.0649560990880578
60732.2318 lsst_hardware_z -3.1826748989719778 40.810001373291016 30.950000762939453 AB 5.7063981156623464 1.0316185692239621
60734.2167 lsst_hardware_r 17.79114219007438 22.739999771118164 31.5 AB 5.523279794725746 1.0469680209886734
60734.2352 lsst_hardware_u -0.03275284837475762 2.7300000190734863 28.479999542236328 AB 5.398809667799949 1.020359976904531
60737.2155 lsst_hardware_g -3.354024172065118 13.920000076293945 31.40999984741211 AB 5.390932893826412 1.035506454402973
60737.2361 lsst_hardware_i 35.40270809997833 30.190000534057617 31.25 AB 5.2626014501938 1.0115038105220893
60739.0942 lsst_hardware_r 17.25285636098458 25.75 31.399999618530273 AB 16.385963503164394 1.583031929587896
60739.1142 lsst_hardware_z 8.305795163643866 46.58000183105469 30.90999984741211 AB 14.571532260646615 1.4078321722952511
60741.0911 lsst_hardware_g -21.009069720394383 30.09000015258789 31.450000762939453 AB 11.235586826885822 1.559270966399498
60741.1117 lsst_hardware_r 33.17265984875306 32.31999969482422 31.489999771118164 AB 10.124599916009092 1.3862984823380775
60743.0911 lsst_hardware_i 30.63340934622645 46.31999969482422 31.219999313354492 AB 15.523174273869454 1.5077264185580785
60743.1096 lsst_hardware_z 47.72191533525042 50.97999954223633 30.93000030517578 AB 13.983522498718427 1.3630160585538242
60750.0895 lsst_hardware_r 210.30549790831785 135.86000061035156 31.579999923706055 AB 10.146537202678015 1.3697345816512365
60750.111 lsst_hardware_z -10.304792853622846 92.04000091552734 30.969999313354492 AB 9.034176277402729 1.2439485407783448
