data/validation/pwv_sim_epoch_fit_4/44157229.ecsv
# %ECSV 0.9
# ---
# datatype:
# - {name: time, datatype: float64}
# - {name: band, datatype: string}
# - {name: flux, datatype: float64}
# - {name: fluxerr, datatype: float64}
# - {name: zp, datatype: float64}
# - {name: zpsys, datatype: string}
# - {name: pwv, datatype: float64}
# - {name: airmass, datatype: float64}
# meta: {SNID: '44157229', alt: 1024.0, c: 0.01015271246433258, dec: -10.351558, lat: -30.244573, lon: -70.7499537, ra: 308.320312, t0: 60113.75390625,
#   x0: 3.7620426443890056e-05, x1: -0.5243249535560608, z: 0.26106998324394226}
# schema: astropy-2.0
time band flux fluxerr zp zpsys pwv airmass
60070.4123 lsst_hardware_r 59.33507665181898 95.44999694824219 31.649999618530273 AB 2.8239937341763426 1.0711146346203333
60070.4302 lsst_hardware_y 164.4026752967896 149.6300048828125 30.06999969482422 AB 2.526241296463384 1.0640165511059845
60072.4125 lsst_hardware_z -386.24832888496815 194.36000061035156 31.760000228881836 AB 11.315826902819982 1.0675308398886776
60077.3941 lsst_hardware_g -42.29844380107811 105.45999908447266 31.719999313354492 AB 6.99007318716088 1.0704553119695408
60077.4132 lsst_hardware_y 224.53911908224865 149.5399932861328 30.06999969482422 AB 6.972699606027215 1.0639928188240917
60080.3846 lsst_hardware_i 67.37286797419294 110.2699966430664 31.34000015258789 AB 4.812093585848205 1.071417601123988
60080.4049 lsst_hardware_y -303.1107550452343 149.38999938964844 30.06999969482422 AB 4.808528033328134 1.0639905664539815
60082.3787 lsst_hardware_i -62.79532464459683 110.19999694824219 31.34000015258789 AB 8.52617898737089 1.0717563463551778
60082.3981 lsst_hardware_y -48.879634226312376 149.39999389648438 30.06999969482422 AB 8.501307378384592 1.063993414065656
60085.4009 lsst_hardware_r -60.16315113311727 95.43000030517578 31.649999618530273 AB 7.537188101678538 1.0660049645256868
60085.4195 lsst_hardware_i 125.43639383447564 110.18000030517578 31.34000015258789 AB 6.816198835757166 1.0801075695790987
60095.3626 lsst_hardware_g 752.5258894960722 151.64517947126743 32.47999954223633 AB 7.573532039216195 1.0639971957314127
60095.3862 lsst_hardware_r 1798.4001982078576 141.4310077219148 32.400001525878906 AB 7.948049312106364 1.0740607178522112
60100.328 lsst_hardware_r 3923.658602797601 114.3713933103055 31.649999618530273 AB 6.847753694489555 1.0730213020706527
60100.3502 lsst_hardware_i 2949.8783658533494 123.05350590394848 31.34000015258789 AB 5.59528026512537 1.063994345638345
60111.2838 lsst_hardware_r 12511.591546901025 145.46392785160108 31.639999389648438 AB 7.187368767115639 1.0889952677447938
60111.3042 lsst_hardware_u 381.77820959801625 41.27202901772248 29.5 AB 6.919466860858461 1.0685610162703205
60118.2828 lsst_hardware_g 8706.52612098353 140.66346566808366 31.719999313354492 AB 4.038362266034877 1.0700246680743195
60118.3054 lsst_hardware_r 11819.449876322267 145.04378404529973 31.649999618530273 AB 2.8392348662971294 1.0644469631207258
60121.2997 lsst_hardware_r 11064.682275938265 141.63457809708532 31.649999618530273 AB 5.864410251596047 1.06503001118644
60121.3214 lsst_hardware_g 7111.385310048438 134.89899148456536 31.719999313354492 AB 6.002296869783522 1.0803270104002018
60125.2952 lsst_hardware_z 3261.670423110657 148.77202132314184 31.0 AB 3.7620729963994326 1.0676333441360575
60125.3138 lsst_hardware_i 6759.899820033174 137.34364621866644 31.34000015258789 AB 3.8287887282224955 1.0843355220114685
60128.2691 lsst_hardware_r 7867.489765463698 130.8954597601027 31.649999618530273 AB 6.894142659644517 1.0643215221372986
60128.2884 lsst_hardware_z 2697.4867607870615 147.0174244445292 31.0 AB 6.875473527020316 1.0684081468506246
60130.2264 lsst_hardware_y 816.9761525498458 151.0858207062909 30.059999465942383 AB 3.9803352008802424 1.0975188973015217
60130.2478 lsst_hardware_r 6912.662544110053 127.53718123294247 31.649999618530273 AB 3.8868054106642536 1.0716555597723436
60132.2917 lsst_hardware_i 5121.360578546167 131.0428316605518 31.34000015258789 AB 1.594588040551135 1.080710295188841
60132.3047 lsst_hardware_z 2836.461602238932 146.13035375644722 31.0 AB 1.6450283775728636 1.0992505028886113
60137.2307 lsst_hardware_r 4497.56304262874 116.73115340575967 31.649999618530273 AB 7.5936703622755335 1.0701842010065035
60137.2528 lsst_hardware_i 4642.862954745442 128.9351908308464 31.34000015258789 AB 8.034419527929279 1.064325992263168
60141.2317 lsst_hardware_r 6955.919641735109 158.82787643583032 32.400001525878906 AB 3.1440428980920134 1.0646945134073869
60141.2596 lsst_hardware_u 71.3457649932447 53.17190767198357 30.25 AB 3.497811828753865 1.0731953144907158
60143.2315 lsst_hardware_g 847.8941032159752 109.93510292495847 31.719999313354492 AB 2.124297090373243 1.0640105636733803
60143.2542 lsst_hardware_r 3114.6093070238176 110.35295639439056 31.649999618530273 AB 2.012874809764857 1.0732470326658796
60145.2126 lsst_hardware_i 3747.8672785642334 125.80319659748753 31.34000015258789 AB 3.1352632916670116 1.0678689685514344
60145.2311 lsst_hardware_z 2680.713753592204 146.14045459201532 31.0 AB 3.091760896771138 1.0643505296131062
60151.1834 lsst_hardware_r 1822.3771243150086 105.22811229372543 31.649999618530273 AB 11.59099241012035 1.0781064908843483
60151.2029 lsst_hardware_i 2867.3257743575873 122.3660507797898 31.34000015258789 AB 11.491370585162548 1.0650841663856536
60159.1395 lsst_hardware_r 1582.7016930149891 102.17649849355895 31.639999389648438 AB 2.1326241817645153 1.1117067845861939
60159.1521 lsst_hardware_z 1478.1916107335007 141.66974867288482 31.0 AB 2.0286434239361917 1.0899360236057443
60161.18 lsst_hardware_g 769.1534725904849 107.71527453673863 31.719999313354492 AB 1.8077011424280771 1.064188270660171
60161.1994 lsst_hardware_r 1469.8159848118912 102.27563522138674 31.649999618530273 AB 1.7974774758823662 1.0690785939030727
60163.1518 lsst_hardware_i 1566.01615334471 118.01108119228026 31.34000015258789 AB 2.8663689514408084 1.0769075584624201
60163.1749 lsst_hardware_z 1053.446062716645 141.4196034398403 31.010000228881836 AB 2.9917629830226242 1.0641478435033196
60166.162 lsst_hardware_r 2392.54713177587 143.87296070034702 32.40999984741211 AB 4.5897435262286095 1.0650704346136932
60166.1824 lsst_hardware_g 885.1130898118421 152.31384534212594 32.47999954223633 AB 4.422834051801427 1.067200366396333
60177.1434 lsst_hardware_r 110.9078288850133 134.82000732421875 32.400001525878906 AB 1.8690919047358694 1.0643021190486113
60177.1657 lsst_hardware_u -42.47928022138711 52.540000915527344 30.25 AB 1.9082693883333461 1.0773067679714035
60182.0857 lsst_hardware_r 89.68812917011824 95.22000122070312 31.649999618530273 AB 2.0659973337692668 1.09543867113959
60182.103 lsst_hardware_i -14.854768395988936 110.33000183105469 31.34000015258789 AB 2.0340640447379874 1.0739987036061007
60194.1128 lsst_hardware_r -120.02843874106695 95.43000030517578 31.649999618530273 AB 1.7760392002256433 1.0715168628812328
60194.1363 lsst_hardware_u 81.48086075877252 36.939998626708984 29.479999542236328 AB 2.2323877225276134 1.1007829006546417
60196.0634 lsst_hardware_r -12.983489346263575 95.45999908447266 31.649999618530273 AB 2.7492374099546315 1.0752509262582484
60196.082 lsst_hardware_i -107.10325579590965 110.4000015258789 31.34000015258789 AB 2.720395130194413 1.0645950157296162
60199.0637 lsst_hardware_z -81.07608280544494 137.11000061035156 31.0 AB 3.055890527178035 1.068711168540682
60199.0818 lsst_hardware_r -13.611746218236648 95.20999908447266 31.649999618530273 AB 3.0750303222192503 1.0641163845381956
60207.1292 lsst_hardware_z -210.34925253518003 192.72999572753906 31.739999771118164 AB 8.223918032054367 1.1700815297795
60207.1779 lsst_hardware_r -69.2798533693417 129.0399932861328 32.310001373291016 AB 8.838100216914867 1.4146618994660949
60215.025 lsst_hardware_z -10.192964313646549 137.39999389648438 31.010000228881836 AB 5.011075815794381 1.0661863437860386
60215.0457 lsst_hardware_r 125.5121953943699 95.51000213623047 31.649999618530273 AB 4.781018405976454 1.0659226529376509
60217.9989 lsst_hardware_y -48.14652846229397 149.14999389648438 30.06999969482422 AB 3.5950300684452228 1.0798047862770994
60218.0184 lsst_hardware_u 56.17517330962625 37.43000030517578 29.510000228881836 AB 6.476703799543055 1.0655832512238874
60220.9893 lsst_hardware_y -102.51805223233814 149.32000732421875 30.06999969482422 AB 2.362454824821356 1.0814212434810708
60220.9978 lsst_hardware_i -50.82194857611828 110.26000213623047 31.34000015258789 AB 2.3314821786066022 1.0728912890010056
60223.0021 lsst_hardware_y -73.25848762423834 149.77999877929688 30.079999923706055 AB 3.6396421043047065 1.0666399309267542
60223.0228 lsst_hardware_r 23.868813374418725 95.5199966430664 31.649999618530273 AB 3.651513269299545 1.0655389740921921
60226.9898 lsst_hardware_z -26.295874652272072 137.2899932861328 31.0 AB 3.1746736042827735 1.0672965554821174
60227.0056 lsst_hardware_i -195.48688557814464 110.31999969482422 31.34000015258789 AB 2.5539369085617403 1.0641403785673917
60228.9938 lsst_hardware_y 31.31456598802139 149.60000610351562 30.06999969482422 AB 5.6203441749349405 1.0642575601088697
60229.0134 lsst_hardware_r 78.11449506577331 95.33000183105469 31.649999618530273 AB 6.488617549406113 1.0688769540245635
60443.389 lsst_hardware_i -69.91399519940268 32.16999816894531 31.25 AB 8.726306808499114 1.0728406214985695
60443.4092 lsst_hardware_y -111.72802818789641 47.68000030517578 30.030000686645508 AB 8.671539422532884 1.0640360860402873
60445.3886 lsst_hardware_r -15.092572315951347 24.90999984741211 31.520000457763672 AB 4.900261156869917 1.0691478887715218
60445.4085 lsst_hardware_y -5.832644027674877 47.540000915527344 30.040000915527344 AB 4.797616977049984 1.0642451146959946
60458.3569 lsst_hardware_i 14.249788080339686 77.5999984741211 31.329999923706055 AB 9.076257539345644 1.0670417986533791
60458.3806 lsst_hardware_z 27.776985516069434 71.2300033569336 30.989999771118164 AB 8.68759236696459 1.066376592168495
60460.3572 lsst_hardware_r -66.79386208094266 65.91999816894531 32.369998931884766 AB 7.563814333624368 1.064901001988554
60460.3792 lsst_hardware_z 105.90479551789548 68.86000061035156 31.709999084472656 AB 7.906359367927188 1.0684269416117822
60462.3246 lsst_hardware_y -29.41183782159121 47.790000915527344 30.030000686645508 AB 10.306956138147267 1.0864199012496571
60462.3462 lsst_hardware_g 10.594044107854355 19.75 31.540000915527344 AB 9.304758337273729 1.0669370871773567
60464.3256 lsst_hardware_r -28.426827447523536 24.350000381469727 31.510000228881836 AB 13.023527065209015 1.0786199610915115
60464.3487 lsst_hardware_i 26.847624446360513 31.600000381469727 31.25 AB 12.757157946912594 1.0643826245807788
60466.3271 lsst_hardware_z 18.962267522471418 42.04999923706055 30.940000534057617 AB 6.555223606681149 1.072122272834959
60466.3499 lsst_hardware_r -25.235963938269457 24.1200008392334 31.5 AB 5.779717865739006 1.0641108102253531
60468.3238 lsst_hardware_u 5.1049723873530635 3.8499999046325684 29.15999984741211 AB 3.0744733437786635 1.0704990751318466
60468.3489 lsst_hardware_r 18.914681307205637 34.15999984741211 32.2599983215332 AB 2.662192626332762 1.0648770505331049
60485.2699 lsst_hardware_z 38.23732375641945 94.86000061035156 30.989999771118164 AB 4.7265385112997995 1.0769260093720343
60485.2911 lsst_hardware_i -48.80740778606367 110.68000030517578 31.34000015258789 AB 4.682005421589627 1.0644348570387345
60487.282 lsst_hardware_z 46.07160966761181 61.97999954223633 30.979999542236328 AB 7.575266350215357 1.065338414149919
60487.3053 lsst_hardware_r -53.17626198719068 77.23999786376953 31.639999389648438 AB 7.328185170728432 1.0683264335197555
60490.2534 lsst_hardware_r 17.206776374070923 29.139999389648438 31.549999237060547 AB 3.7554822894830258 1.0799632743127556
60490.2806 lsst_hardware_y 184.35008473051778 67.66999816894531 30.790000915527344 AB 3.699304814480193 1.064063323036546
60490.3078 lsst_hardware_g -1.5444246859443338 25.809999465942383 31.610000610351562 AB 3.8523118209749274 1.0767414774579727
60493.2559 lsst_hardware_g -1.9713858346341522 15.149999618530273 31.440000534057617 AB 6.886298078221721 1.070256530010758
60493.2764 lsst_hardware_r 28.74343569094847 24.030000686645508 31.5 AB 6.831760442439833 1.0641371405669522
60495.2241 lsst_hardware_i -9.223573790392589 31.799999237060547 31.25 AB 3.978472864630768 1.1027318883810509
60495.2456 lsst_hardware_z -66.57079133899055 42.029998779296875 30.950000762939453 AB 3.892929975437947 1.074084558555523
60497.2739 lsst_hardware_r 17.219115367802598 24.139999389648438 31.5 AB 1.6769226932590313 1.0662925137297783
60497.2925 lsst_hardware_u -0.25470680476734947 2.740000009536743 28.40999984741211 AB 1.6209179634885293 1.080852165029026
60499.2507 lsst_hardware_g -8.01662134728283 15.350000381469727 31.469999313354492 AB 2.2363262858657835 1.0649172789837065
60499.2712 lsst_hardware_i -8.856179972635362 31.75 31.260000228881836 AB 2.2419455127935 1.067593101330238
60501.2538 lsst_hardware_z 51.12175462208866 42.119998931884766 30.950000762939453 AB 9.247194491768424 1.0640782277360068
60501.2724 lsst_hardware_r -3.406188895403797 24.280000686645508 31.5 AB 9.314827478491322 1.07195329409634
60503.2516 lsst_hardware_u -6.596413792321673 2.9000000953674316 28.530000686645508 AB 6.615129262161413 1.0644954023753816
60503.2716 lsst_hardware_g -5.286413337415832 15.449999809265137 31.459999084472656 AB 6.686199156574354 1.0760472866113975
60506.2221 lsst_hardware_z 32.99373510509924 44.04999923706055 30.950000762939453 AB 3.0807219090395823 1.069138264459338
60506.2425 lsst_hardware_r 21.181603869813397 30.079999923706055 31.559999465942383 AB 2.9822774027600674 1.064338830392601
60508.2229 lsst_hardware_i 19.694520708519896 66.7300033569336 32.04999923706055 AB 2.128730263621585 1.065964077927684
60508.2458 lsst_hardware_z -40.54757834121566 70.3499984741211 31.709999084472656 AB 2.2095835227255134 1.0671738820214989
60511.213 lsst_hardware_r 53.34485497953916 125.66000366210938 31.649999618530273 AB 6.02967989176222 1.0666807999225545
60511.2342 lsst_hardware_z 173.7144981131949 84.19999694824219 30.989999771118164 AB 5.889349897618954 1.0657206437769922
60514.2003 lsst_hardware_z -69.08048736414955 85.30999755859375 30.989999771118164 AB 5.908187738584531 1.0691133659506251
60514.2207 lsst_hardware_i 95.12459699789576 98.63999938964844 31.329999923706055 AB 6.6429448033261425 1.0643470631264553
60516.1978 lsst_hardware_z -114.96732250741996 54.380001068115234 30.969999313354492 AB 11.433838578252644 1.0674274962386703
60516.2214 lsst_hardware_r -46.22248645023611 64.25 31.6299991607666 AB 10.86936678222191 1.0660422501197664
60520.1751 lsst_hardware_r 1.5806559735991996 24.719999313354492 31.510000228881836 AB 5.215166452436833 1.0761796228718186
60520.1962 lsst_hardware_u -0.03684026221993433 2.7899999618530273 28.43000030517578 AB 5.15216643375716 1.0643322695361588
60525.174 lsst_hardware_g 12.65656383204144 15.770000457763672 31.469999313354492 AB 1.3179784668396186 1.0670450412950632
60525.194 lsst_hardware_r -25.9165143388724 24.700000762939453 31.510000228881836 AB 1.3148476442930885 1.0650851715618377
60529.1643 lsst_hardware_r 42.74383579665448 24.65999984741211 31.520000457763672 AB 4.093526585316336 1.0664854325617896
60529.1843 lsst_hardware_u -0.7317868664547766 2.8399999141693115 28.479999542236328 AB 3.4999533615741476 1.0654618417232748
60531.1685 lsst_hardware_g 1.6590105821575465 15.649999618530273 31.469999313354492 AB 4.414513390702039 1.0640800395392993
60531.1914 lsst_hardware_i -9.533896987350879 31.8799991607666 31.25 AB 4.5167341172028035 1.0726885965491142
60537.1189 lsst_hardware_z -13.077316634924111 51.90999984741211 30.969999313354492 AB 5.60602893480533 1.0877044887087903
60537.1371 lsst_hardware_r 13.659595829811579 56.75 31.6299991607666 AB 5.7055422046862345 1.0693714401598564
60539.1583 lsst_hardware_i 114.98080880767523 118.37000274658203 32.09000015258789 AB 2.883247156152905 1.0659282748647483
60539.1757 lsst_hardware_z -79.77053891244259 104.20999908447266 31.739999771118164 AB 3.393658445502603 1.0784931500537933
60541.1409 lsst_hardware_r -118.7379223346246 153.83999633789062 31.65999984741211 AB 1.9874761201184181 1.0641017909881343
60541.1628 lsst_hardware_z -175.2558638614545 103.80999755859375 31.0 AB 2.0133778795198256 1.0716582193052964
60543.1256 lsst_hardware_z 18.90646566414995 71.2300033569336 30.989999771118164 AB 2.1597950588413637 1.0666971521626687
60543.1438 lsst_hardware_i 309.55517643981557 81.3499984741211 31.329999923706055 AB 2.1391990201047197 1.0648078746165852
60549.0816 lsst_hardware_r 33.199968896832914 24.489999771118164 31.520000457763672 AB 3.8304428217695823 1.0944122347913092
60549.0996 lsst_hardware_u 2.499295710319244 2.890000104904175 28.530000686645508 AB 3.768858554970566 1.0728573753919297
60553.0843 lsst_hardware_g 25.54875915706827 15.140000343322754 31.43000030517578 AB 1.1418448751929584 1.07687350694086
60553.101 lsst_hardware_r -5.822968692050255 24.149999618530273 31.5 AB 1.1160530124552113 1.0656139520578085
60555.0882 lsst_hardware_i 58.21644732075353 31.579999923706055 31.25 AB 0.6201442396929441 1.0692142063671448
60555.1071 lsst_hardware_z -92.37199333413002 41.790000915527344 30.940000534057617 AB 0.6124145077399072 1.064143367054574
60561.0623 lsst_hardware_r -12.855134347183546 24.8799991607666 31.520000457763672 AB 2.75468555682293 1.0770307142537194
60561.0797 lsst_hardware_z 46.59545696098287 42.150001525878906 30.950000762939453 AB 2.7626593933850825 1.0654297699131747
60566.0492 lsst_hardware_r -26.34577628861688 62.130001068115234 31.6299991607666 AB 1.236155888007284 1.0764782769296142
60566.0695 lsst_hardware_y 56.731017520171065 51.81999969482422 30.040000915527344 AB 1.2298838112322459 1.064527245729007
60568.0508 lsst_hardware_z 121.53028023807411 79.37999725341797 30.989999771118164 AB 2.7909477058255563 1.0704907137347912
60568.0704 lsst_hardware_r -113.4331004299286 111.47000122070312 31.649999618530273 AB 2.800956157320811 1.0640583097330343
60571.0325 lsst_hardware_r 77.36598156699372 102.3499984741211 31.649999618530273 AB 6.370119135952331 1.0796812094834458
60571.0532 lsst_hardware_i 1.4190722305760248 81.11000061035156 31.329999923706055 AB 5.888660602215254 1.0651782819805498
60573.0348 lsst_hardware_z 41.64183314299344 48.709999084472656 30.959999084472656 AB 4.181816610182967 1.0722606692776837
60573.0533 lsst_hardware_r 40.88955214022968 49.5099983215332 31.6200008392334 AB 4.154945444139617 1.0641200582579322
60577.0232 lsst_hardware_r 19.38314446393116 24.219999313354492 31.510000228881836 AB 4.690337432496579 1.0728127704703978
60577.0442 lsst_hardware_z -2.2533243536721224 41.939998626708984 30.950000762939453 AB 4.790267287902759 1.0640309391164633
60580.0262 lsst_hardware_g -0.40231866879340006 15.170000076293945 31.43000030517578 AB 5.053071766416244 1.0660114130479752
60580.0462 lsst_hardware_r 10.468874617481063 24.18000030517578 31.5 AB 4.775373741743366 1.0658721593088258
60582.025 lsst_hardware_i 46.664812188270105 31.65999984741211 31.25 AB 3.513503205272691 1.0646979409917245
60582.0447 lsst_hardware_z 51.85963969851096 42.15999984741211 30.950000762939453 AB 3.953385124662217 1.0676648849067516
60583.997 lsst_hardware_y -10.881403856159071 49.08000183105469 30.040000915527344 AB 7.52899721584368 1.0796841131704755
60584.0158 lsst_hardware_r -39.38280829307024 24.5 31.520000457763672 AB 5.3241772855595295 1.0658124518594216
60585.9998 lsst_hardware_y -31.277127318607967 48.380001068115234 30.040000915527344 AB 2.335419764597147 1.0718670991801587
60586.0188 lsst_hardware_g 10.103176418284095 15.550000190734863 31.469999313354492 AB 2.5728850420000224 1.0640550215052944
60588.0005 lsst_hardware_y 13.591438093026175 49.16999816894531 30.040000915527344 AB 3.6377348369733715 1.0678021096274666
60588.0203 lsst_hardware_z -7.172882312583583 42.22999954223633 30.950000762939453 AB 3.647443903746245 1.064662179099388
60591.9928 lsst_hardware_z -103.70621249401799 56.16999816894531 30.979999542236328 AB 3.100255805532204 1.066265503034778
60592.0116 lsst_hardware_r 22.170979112158218 29.030000686645508 31.559999465942383 AB 2.556592026214052 1.0652466775891885
60593.9932 lsst_hardware_y -32.15555138058452 62.880001068115234 30.059999465942383 AB 5.666314587819809 1.0644964470826226
60594.0135 lsst_hardware_z -7.15396775605348 50.36000061035156 30.969999313354492 AB 6.5490914370514535 1.0685415952114194
