data/validation/pwv_sim_epoch_fit_4/44151436.ecsv
# %ECSV 0.9
# ---
# datatype:
# - {name: time, datatype: float64}
# - {name: band, datatype: string}
# - {name: flux, datatype: float64}
# - {name: fluxerr, datatype: float64}
# - {name: zp, datatype: float64}
# - {name: zpsys, datatype: string}
# - {name: pwv, datatype: float64}
# - {name: airmass, datatype: float64}
# meta: {SNID: '44151436', alt: 1024.0, c: 0.023325221613049507, dec: -31.213543, lat: -30.244573, lon: -70.7499537, ra: 194.765625, t0: 61828.578125,
#   x0: 7.124492163797289e-06, x1: 0.7598232626914978, z: 0.5300334692001343}
# schema: astropy-2.0
time band flux fluxerr zp zpsys pwv airmass
[from data line 133]
62190.2361 lsst_hardware_i -40.97568991813181 31.059999465942383 31.25 AB 12.762187057971511 1.0912982220677678
62192.2202 lsst_hardware_z 11.808917867870953 48.65999984741211 30.950000762939453 AB 9.567900669549866 1.1204177412500453
62192.241 lsst_hardware_i -51.07986621430237 42.86000061035156 31.290000915527344 AB 9.129358469871052 1.0670332291657993
62194.2216 lsst_hardware_z -5.05285533094583 82.9000015258789 31.729999542236328 AB 6.441653538202903 1.1007296792987615
62196.2194 lsst_hardware_r -141.85942034578952 115.47000122070312 31.649999618530273 AB 3.8355112006254224 1.0921159455083616
62196.2403 lsst_hardware_i 23.08663181159475 89.25 31.34000015258789 AB 3.718815758482097 1.0472095814001305
62199.2282 lsst_hardware_z -61.55972482313271 94.55000305175781 31.739999771118164 AB 5.874033552835806 1.0543317373762964
62204.2139 lsst_hardware_i 13.767222095496825 30.81999969482422 31.25 AB 9.345301372378174 1.0555686791089867
62204.2347 lsst_hardware_u -1.632445223240888 2.7899999618530273 28.479999542236328 AB 9.013373489240903 1.0233554277607715
62206.2092 lsst_hardware_g 11.076737423041706 14.180000305175781 31.420000076293945 AB 9.090916725462693 1.0541211779452344
62206.2317 lsst_hardware_r 17.655433421387677 22.8700008392334 31.5 AB 8.804452247605374 1.02051025761872
62208.1131 lsst_hardware_r -9.404912883061849 24.3700008392334 31.43000030517578 AB 18.91263655877947 1.4412098499765527
62208.1352 lsst_hardware_u -5.786145033291831 2.630000114440918 28.299999237060547 AB 18.118459334195812 1.2941756667282722
62211.1048 lsst_hardware_g 22.704087522236513 14.180000305175781 31.280000686645508 AB 10.64172052914812 1.4420652522729345
62211.1268 lsst_hardware_r 9.749510512005875 24.06999969482422 31.450000762939453 AB 11.069870085765244 1.295352911059765
62213.1765 lsst_hardware_g -13.071246982927494 14.430000305175781 31.450000762939453 AB 7.438429172998375 1.0833452687814789
62213.1934 lsst_hardware_r -24.523062241634598 23.170000076293945 31.520000457763672 AB 7.185713293549814 1.0480657257772614
62216.1809 lsst_hardware_i 12.310006135781089 30.979999542236328 31.260000228881836 AB 5.596930688715087 1.0560246582481296
62216.1982 lsst_hardware_z 22.827685769625315 41.22999954223633 30.959999084472656 AB 5.448690088107553 1.0280547336051988
62218.1633 lsst_hardware_i 37.00513137999152 31.18000030517578 31.260000228881836 AB 8.024210189827206 1.0822564658311207
62218.1797 lsst_hardware_u 0.4187275341480404 2.9000000953674316 28.59000015258789 AB 7.221243625230727 1.048152061140972
62220.1595 lsst_hardware_z -1.5826909761917756 45.560001373291016 30.959999084472656 AB 9.122604503592207 1.0783220453418487
62220.176 lsst_hardware_r -0.21654808443218734 39.33000183105469 31.610000610351562 AB 7.253807304666868 1.0450916995558175
62222.155 lsst_hardware_i -120.05820174923483 53.63999938964844 31.31999969482422 AB 7.425073053317099 1.076097543959
62222.1739 lsst_hardware_r -10.805518627854516 62.52000045776367 31.649999618530273 AB 6.955322623673493 1.0395559919798962
62226.1576 lsst_hardware_r -20.83330853095271 142.35000610351562 31.65999984741211 AB 5.303865944808224 1.0486093208399019
62226.1769 lsst_hardware_i 165.39414070376515 111.69999694824219 31.350000381469727 AB 4.859008988544796 1.0207287280747106
62228.086 lsst_hardware_z -144.19447165210465 65.93000030517578 30.959999084472656 AB 10.878836572443753 1.2649809967957852
62228.1054 lsst_hardware_r 108.71623904083651 79.7300033569336 31.6200008392334 AB 10.166341503684508 1.1773866781598799
62230.0765 lsst_hardware_i 68.04018603761665 33.119998931884766 31.209999084472656 AB 6.349678664171299 1.2865754418825543
62230.0933 lsst_hardware_z -16.889059681117683 43.95000076293945 30.93000030517578 AB 7.227564094762281 1.2045940157937134
62232.0788 lsst_hardware_r -25.843750314247586 24.280000686645508 31.469999313354492 AB 9.832839011144262 1.246188037405808
62232.0972 lsst_hardware_u 0.8261748848569839 2.680000066757202 28.350000381469727 AB 10.82576200558375 1.1669883584891507
62234.0728 lsst_hardware_g -6.626894658466234 14.529999732971191 31.3700008392334 AB 9.433590588862069 1.248848124201223
62234.0906 lsst_hardware_r -57.89414101334224 23.799999237060547 31.479999542236328 AB 8.671841270274877 1.1712900729739604
62238.0868 lsst_hardware_g -8.97028576146789 14.5 31.399999618530273 AB 7.7754834706015075 1.1455733237635586
62238.1051 lsst_hardware_r 14.38616979200743 23.5 31.489999771118164 AB 7.389001443865308 1.0911643776320907
62246.0626 lsst_hardware_z 36.82511670980425 43.40999984741211 30.940000534057617 AB 7.813398236317218 1.153780011269489
62246.082 lsst_hardware_g 22.848000782777497 16.190000534057617 31.469999313354492 AB 7.430314934246986 1.0944100944000863
62248.0742 lsst_hardware_i -16.70486820193166 35.630001068115234 31.270000457763672 AB 10.289086272371739 1.1006332257841047
62248.0935 lsst_hardware_r -5.616254776454029 32.38999938964844 31.579999923706055 AB 9.607523931522334 1.0560813349907299
62250.07 lsst_hardware_z -56.3128110673231 70.8499984741211 31.709999084472656 AB 10.200026000944288 1.0972489243700825
62254.0762 lsst_hardware_z 62.52775763912106 94.3499984741211 31.0 AB 1.7350758351026156 1.0578655635215621
62254.0955 lsst_hardware_r -82.75904871292971 138.1999969482422 31.670000076293945 AB 2.37455013704335 1.0266845011356995
62259.0538 lsst_hardware_g 2.8430010466139652 14.329999923706055 31.40999984741211 AB 14.050158514727238 1.0765030147920245
62259.0735 lsst_hardware_r -46.658458748674505 23.209999084472656 31.510000228881836 AB 13.54039114564273 1.0385726669716586
62261.0516 lsst_hardware_i -67.66751346231912 30.959999084472656 31.25 AB 9.630511294976092 1.069205406247924
62261.0726 lsst_hardware_r 5.194510807875785 23.1299991607666 31.510000228881836 AB 9.305331087038333 1.031785676416131
62264.0514 lsst_hardware_u 1.2767802424519357 2.8299999237060547 28.520000457763672 AB 10.853632141246392 1.0530690952050186
62264.0729 lsst_hardware_g 10.084489355729453 14.520000457763672 31.459999084472656 AB 10.484365577585303 1.021005542191648
62267.9812 lsst_hardware_y -44.20351277319481 70.05999755859375 30.739999771118164 AB 14.439131148053344 1.242788507937456
62268.0122 lsst_hardware_r -31.24212808866861 33.11000061035156 32.25 AB 11.432955026911337 1.1219228719798993
62269.9696 lsst_hardware_y -45.58381004245255 50.33000183105469 29.979999542236328 AB 9.23630356329405 1.2740314814420042
62269.989 lsst_hardware_z 16.019139556330725 43.279998779296875 30.940000534057617 AB 8.564454237784082 1.1841896443449778
62271.969 lsst_hardware_y 39.97568846279512 49.7599983215332 29.989999771118164 AB 8.984509686589117 1.249062934323633
62271.9901 lsst_hardware_u 3.688656710548452 2.6600000858306885 28.360000610351562 AB 8.313689159511489 1.1591869993741617
62278.9726 lsst_hardware_z 51.304272544576726 78.20999908447266 31.709999084472656 AB 2.1776302003960577 1.1534058264811524
62279.9664 lsst_hardware_y -166.45705254589933 57.66999816894531 30.010000228881836 AB 9.199052789852733 1.166011423422297
62279.9872 lsst_hardware_z -47.49552550047876 65.06999969482422 30.979999542236328 AB 8.783021984165304 1.09961881113827
62281.9634 lsst_hardware_y 18.214156343833977 65.41000366210938 30.020000457763672 AB 6.660667777702585 1.1570020169137034
62281.9824 lsst_hardware_i 21.289244640496168 93.94000244140625 31.329999923706055 AB 6.343175776625222 1.0978467897352335
62282.9631 lsst_hardware_y -83.4557605495094 64.08000183105469 30.030000686645508 AB 6.662026465947686 1.148427248051661
62282.9819 lsst_hardware_i 39.584128734574925 90.7300033569336 31.329999923706055 AB 6.416641922123692 1.0920084959366392
62284.9627 lsst_hardware_y 76.7676908436381 53.79999923706055 30.020000457763672 AB 9.985750747132203 1.1315618852808325
62284.9825 lsst_hardware_g 38.7402761944488 59.58000183105469 31.700000762939453 AB 9.483774249450208 1.0772119774477555
62287.9623 lsst_hardware_y -7.011906473724589 48.90999984741211 30.020000457763672 AB 7.598732762411803 1.1080638840827983
62287.9816 lsst_hardware_i 36.36211247138239 30.59000015258789 31.239999771118164 AB 7.307626277052186 1.0613836277490465
62290.955 lsst_hardware_z 45.55401828152487 50.27000045776367 30.959999084472656 AB 12.824449083151608 1.1055559554441041
62290.976 lsst_hardware_u 0.34356357493370066 2.630000114440918 28.3700008392334 AB 11.407532317265888 1.056252992339434
