data/validation/pwv_sim_epoch_fit_4/44174253.ecsv
# %ECSV 0.9
# ---
# datatype:
# - {name: time, datatype: float64}
# - {name: band, datatype: string}
# - {name: flux, datatype: float64}
# - {name: fluxerr, datatype: float64}
# - {name: zp, datatype: float64}
# - {name: zpsys, datatype: string}
# - {name: pwv, datatype: float64}
# - {name: airmass, datatype: float64}
# meta: {SNID: '44174253', alt: 1024.0, c: -0.0024443711154162884, dec: -11.26298, lat: -30.244573, lon: -70.7499537, ra: 129.375, t0: 62551.64453125,
#   x0: 0.00037860923504643947, x1: 0.35491952300071716, z: 0.0912291631102562}
# schema: astropy-2.0
time band flux fluxerr zp zpsys pwv airmass
[from data line 133]
62890.1949 lsst_hardware_u 2.2228629815191794 2.7300000190734863 28.450000762939453 AB 12.117298682618525 1.0639319835473937
62890.2126 lsst_hardware_r -12.969102306431385 23.010000228881836 31.489999771118164 AB 10.551533447434409 1.0568442956164272
62892.1931 lsst_hardware_i -32.87283436493278 30.8799991607666 31.25 AB 14.811100659212725 1.0614866870755306
62892.2116 lsst_hardware_z 25.010165855635353 41.61000061035156 30.950000762939453 AB 14.958631418594257 1.0569230141026114
62898.1704 lsst_hardware_i -34.2175104563065 38.20000076293945 31.280000686645508 AB 12.036533092084273 1.066028969275
62898.188 lsst_hardware_z 45.085446449084145 44.34000015258789 30.950000762939453 AB 11.757273139821825 1.0571661322503103
62909.1318 lsst_hardware_z 32.488366974856135 49.7599983215332 30.969999313354492 AB 4.332623877604598 1.0746927638855506
62909.1486 lsst_hardware_r 80.67699881279255 51.83000183105469 31.6299991607666 AB 4.247458671220401 1.060406608718113
62911.1331 lsst_hardware_i -49.36400186420889 31.850000381469727 31.25 AB 1.8224079864959042 1.067608662270594
62911.1506 lsst_hardware_z -27.19377382005043 43.220001220703125 30.950000762939453 AB 1.801013428509613 1.0575533931354157
62913.1287 lsst_hardware_r 3.3608616235986895 23.06999969482422 31.489999771118164 AB 3.7302040198946087 1.0666614616641321
62915.0584 lsst_hardware_g 27.02507203180167 19.989999771118164 32.11000061035156 AB 5.623256812395274 1.2191342682700121
62915.0814 lsst_hardware_r 17.639067114868798 23.3799991607666 31.479999542236328 AB 5.325676598976677 1.140401841322629
62918.1202 lsst_hardware_i -1.8802612844524924 43.439998626708984 32.0099983215332 AB 4.871543585570229 1.0626890206661106
62918.1374 lsst_hardware_z 34.80885302509294 58.459999084472656 31.700000762939453 AB 5.3442357269687255 1.056782215104634
62920.1233 lsst_hardware_r 31.742581844087255 23.18000030517578 31.5 AB 6.980603857467807 1.0583487635928905
62920.14 lsst_hardware_g 18.660927248853348 14.329999923706055 31.440000534057617 AB 8.061870595730625 1.057849441770191
62926.0927 lsst_hardware_r 18.180447333743157 30.799999237060547 31.559999465942383 AB 4.350842294163871 1.0671021630176887
62926.1114 lsst_hardware_z 50.59089442607174 42.79999923706055 30.950000762939453 AB 4.488801443418103 1.057183571224235
62928.0892 lsst_hardware_y -112.74010238361322 49.290000915527344 30.040000915527344 AB 6.1251553912794305 1.0654297079978134
62928.1061 lsst_hardware_r 33.17389165097847 48.47999954223633 31.6200008392334 AB 6.221887891713029 1.0571553634717854
62931.0812 lsst_hardware_i -64.84891296385942 75.77999877929688 31.329999923706055 AB 5.626421782396376 1.065273925351139
62931.0992 lsst_hardware_z 52.0357410356858 67.9000015258789 30.989999771118164 AB 7.722911419921023 1.056967803821308
62936.0762 lsst_hardware_r -137.86354920201504 76.54000091552734 31.649999618530273 AB 7.6305718714957536 1.0597403212539673
62936.095 lsst_hardware_i -56.298844716304565 62.779998779296875 31.31999969482422 AB 8.031404290511313 1.0575058317913277
62938.0757 lsst_hardware_z 130.49020807827895 45.880001068115234 30.959999084472656 AB 11.036977826605092 1.0578572996745832
62938.0954 lsst_hardware_i -31.877050833359128 42.70000076293945 31.299999237060547 AB 13.822091503913715 1.0595294549012273
62940.0473 lsst_hardware_r 43.820453162999584 22.440000534057617 31.479999542236328 AB 10.292769509512226 1.0745139899271734
62940.0671 lsst_hardware_u 3.0834692249772693 2.6700000762939453 28.43000030517578 AB 10.187528583939706 1.0589396168535805
62942.0461 lsst_hardware_g 2.0751898747954614 13.699999809265137 31.420000076293945 AB 8.767244655754062 1.0698611496084767
62942.0642 lsst_hardware_r 17.12483430334503 22.530000686645508 31.5 AB 8.595946595352528 1.058027767290606
62945.0433 lsst_hardware_i -3.8818205100145837 30.65999984741211 31.25 AB 3.9572203916398516 1.065009524977084
62945.062 lsst_hardware_z -16.389331726666253 41.459999084472656 30.959999084472656 AB 4.006209659707574 1.056861500098727
62947.0399 lsst_hardware_r -7.222801944798164 22.649999618530273 31.5 AB 5.54485747626311 1.0634555957543366
62947.0604 lsst_hardware_g 17.567594254989707 13.850000381469727 31.440000534057617 AB 4.1397594123308705 1.0568249361351838
62951.0334 lsst_hardware_z 6.25876682615233 41.400001525878906 30.950000762939453 AB 7.864905154466336 1.0606750039738821
62951.0508 lsst_hardware_i 54.676934761877554 30.56999969482422 31.25 AB 7.319402352170063 1.0569406893543816
62953.0241 lsst_hardware_u 1.2060362110831622 3.0299999713897705 28.600000381469727 AB 7.368319042099998 1.0630449709675707
62953.0421 lsst_hardware_g 3.264105971007277 14.779999732971191 31.469999313354492 AB 7.467417455361246 1.056772326957171
62957.0278 lsst_hardware_z -23.732681921271272 68.88999938964844 31.719999313354492 AB 4.132228840279515 1.0570162449554257
62959.0185 lsst_hardware_z -59.72688084010522 60.31999969482422 30.979999542236328 AB 6.654183036394525 1.0578146469111398
62959.0371 lsst_hardware_r 248.98896306322587 76.41999816894531 31.649999618530273 AB 6.65516403871923 1.0591070680276877
62960.991 lsst_hardware_y -54.05743398025851 56.380001068115234 30.040000915527344 AB 9.837392391421451 1.0733066817327426
62961.0095 lsst_hardware_i 30.873268821044707 71.43000030517578 31.31999969482422 AB 8.080499667945674 1.0590432068080722
62962.9892 lsst_hardware_y 129.47919957391179 57.529998779296875 30.049999237060547 AB 12.111343611697645 1.069418576182632
62963.0072 lsst_hardware_i 44.06038390794723 72.56999969482422 31.329999923706055 AB 11.313783333816167 1.0579231992472131
62963.9899 lsst_hardware_y -86.96348280085589 54.5099983215332 30.049999237060547 AB 9.348695143816643 1.0662593189605818
62964.0086 lsst_hardware_g 105.36462599000528 90.80999755859375 31.729999542236328 AB 8.12986629441036 1.0570279596177765
62966.9876 lsst_hardware_y 83.03364989498877 48.380001068115234 30.040000915527344 AB 3.0901494907900915 1.0619070415086225
62967.0055 lsst_hardware_i -49.42716657960033 30.440000534057617 31.25 AB 1.856457240376267 1.0568067782028085
62968.9852 lsst_hardware_z -63.05280302149841 42.150001525878906 30.950000762939453 AB 8.2220916106629 1.0601740646639963
62969.0024 lsst_hardware_u -5.48302261599752 2.7200000286102295 28.459999084472656 AB 6.92754041496978 1.0570345855380172
62970.9827 lsst_hardware_y -42.718241032500245 49.439998626708984 30.040000915527344 AB 11.99001638270303 1.0588379629277431
62971.0002 lsst_hardware_r 18.74524562718626 22.950000762939453 31.5 AB 12.031535610797464 1.057694170308122
62973.9723 lsst_hardware_y -33.99027777699066 60.83000183105469 30.059999465942383 AB 11.91165405100671 1.0598028427427117
62973.9907 lsst_hardware_z -21.66136307150157 41.540000915527344 30.959999084472656 AB 11.902945431555949 1.0573816675451673
62975.9704 lsst_hardware_y -26.737069967519986 63.72999954223633 30.059999465942383 AB 9.497177058973563 1.0583385155425389
62975.9879 lsst_hardware_u -0.7753552757819631 2.9800000190734863 28.579999923706055 AB 9.489970812689403 1.058085718886097
62977.9695 lsst_hardware_y 56.36324493662019 62.279998779296875 30.059999465942383 AB 9.619127727084367 1.0571631747536954
62977.9863 lsst_hardware_r -39.41073488479716 23.190000534057617 31.510000228881836 AB 9.76511774356116 1.0595830884940494
