data/validation/pwv_sim_epoch_fit_4/44208775.ecsv
# %ECSV 0.9
# ---
# datatype:
# - {name: time, datatype: float64}
# - {name: band, datatype: string}
# - {name: flux, datatype: float64}
# - {name: fluxerr, datatype: float64}
# - {name: zp, datatype: float64}
# - {name: zpsys, datatype: string}
# - {name: pwv, datatype: float64}
# - {name: airmass, datatype: float64}
# meta: {SNID: '44208775', alt: 1024.0, c: 0.08356495201587677, dec: -38.873585, lat: -30.244573, lon: -70.7499537, ra: 346.289062, t0: 63080.765625,
#   x0: 2.5079226691112318e-05, x1: -0.32860541343688965, z: 0.3114728629589081}
# schema: astropy-2.0
time band flux fluxerr zp zpsys pwv airmass
63031.4293 lsst_hardware_i 14.692753535669995 31.59000015258789 31.260000228881836 AB 12.794983923883882 1.0110016335565954
63031.4428 lsst_hardware_z -2.3218214761453932 65.5199966430664 30.989999771118164 AB 12.785361448290631 1.0130830568562805
63036.425 lsst_hardware_r -9.057529371592027 22.520000457763672 31.5 AB 2.6309668918185367 1.0119103430071295
63036.4374 lsst_hardware_y 31.94801788823843 51.939998626708984 30.059999465942383 AB 2.6553639132189186 1.01682889104342
63040.259 lsst_hardware_r 5.905994429262601 33.470001220703125 32.18000030517578 AB 5.248327106502549 1.3878038227018235
63040.2823 lsst_hardware_u -0.002687258277071476 3.5899999141693115 29.0 AB 4.753829180144967 1.2579040829490369
63040.3304 lsst_hardware_r -12.196552097953392 22.690000534057617 31.479999542236328 AB 2.917101094968366 1.0936395007380375
63044.4237 lsst_hardware_i 18.470829326063136 30.18000030517578 31.25 AB 7.2980528831473 1.022398778838726
63044.4398 lsst_hardware_z -47.991698852877256 48.939998626708984 30.969999313354492 AB 7.420175137918711 1.0390946839264403
63046.4002 lsst_hardware_r 8.052033009880029 31.399999618530273 32.25 AB 2.345592987850478 1.012559027779138
63046.4132 lsst_hardware_u -1.2715447001618236 3.740000009536743 29.18000030517578 AB 2.3702407346453818 1.018728109446439
63048.4091 lsst_hardware_g -20.408250648523747 13.619999885559082 31.420000076293945 AB 9.890578295696017 1.0196472469789708
63048.4209 lsst_hardware_r -31.442273256519396 22.31999969482422 31.479999542236328 AB 9.66520016154725 1.0298561706496805
63051.4155 lsst_hardware_i -72.63647342104652 64.66000366210938 31.329999923706055 AB 6.519630722723274 1.0328673286071948
63051.4279 lsst_hardware_z -78.94406413883276 58.29999923706055 30.979999542236328 AB 6.035136769723069 1.0491328587088928
63053.4216 lsst_hardware_r -105.17270817102988 92.5 31.649999618530273 AB 5.5322745313498025 1.0478784982194602
63053.4343 lsst_hardware_z 38.29976031465145 68.66000366210938 30.989999771118164 AB 5.619050187445032 1.0693277867538955
63063.3598 lsst_hardware_i 889.5800075521447 42.99700219644191 31.25 AB 1.524775269496449 1.0148254705467215
63063.372 lsst_hardware_z 842.0321215014685 49.609132226106674 30.950000762939453 AB 1.5849296287907244 1.0225352443811124
63066.4064 lsst_hardware_r 2501.7505287212934 54.80978162815338 31.5 AB 3.075432202846158 1.0848085371591385
63066.418 lsst_hardware_u 4.96421395478428 4.609069012412662 28.420000076293945 AB 3.5210624579458307 1.1126464646568284
63068.4007 lsst_hardware_g 2036.4542024479201 47.77054765034273 31.399999618530273 AB 6.31055234046321 1.084287343722201
63068.412 lsst_hardware_r 3422.207636979029 62.91574601363497 31.479999542236328 AB 6.560717125193121 1.111232575405339
63070.3419 lsst_hardware_g 2859.7210584055038 56.33936029486946 31.43000030517578 AB 4.493159525071961 1.015403282502138
63070.3548 lsst_hardware_r 4702.957112817162 71.79779187737995 31.5 AB 4.616249932961819 1.024126441034236
63080.3828 lsst_hardware_i 6586.453587198514 112.50716608448921 31.31999969482422 AB 2.071394046429032 1.1207831435271711
63080.3948 lsst_hardware_z 4680.365661404865 95.90700219012136 30.979999542236328 AB 2.150152988428921 1.1570329982577154
63082.3289 lsst_hardware_z 4706.608532665336 100.27206516594275 31.0 AB 1.9123284186467546 1.0307195932339677
63082.3401 lsst_hardware_r 8782.332012888992 144.34843293025057 31.65999984741211 AB 1.9448980318006852 1.0445209622989717
63084.333 lsst_hardware_z 4523.437700512574 87.30619782313036 30.979999542236328 AB 2.8408493372223282 1.042258531450041
63084.3443 lsst_hardware_r 8676.719883330648 117.92408171277951 31.649999618530273 AB 2.7716606793489738 1.0596045796995024
63086.2489 lsst_hardware_z 8750.835065800746 112.3411833802689 31.719999313354492 AB 3.176188474336507 1.024576927205325
63089.2384 lsst_hardware_r 6530.503199921467 83.54341781445743 31.5 AB 6.659367739378007 1.026676767466609
63089.2504 lsst_hardware_z 3932.1843467339595 72.93014115763864 30.950000762939453 AB 6.767507105032798 1.01744074344626
63096.3041 lsst_hardware_z 2578.056873046317 65.43777416202661 30.950000762939453 AB 3.4831590625770485 1.0477241878709727
63096.3159 lsst_hardware_r 4495.445617995038 70.75347963873487 31.5 AB 3.594846287262416 1.0674326441281021
63101.3088 lsst_hardware_u 0.024462770212950503 3.30329795123151 28.3700008392334 AB 2.1716746910155758 1.0804351696594905
63101.3209 lsst_hardware_r 3061.355834996333 60.2945637218178 31.479999542236328 AB 2.2408267517441334 1.1086341381541784
63107.2896 lsst_hardware_z 2307.1535043557024 72.57958843648231 30.969999313354492 AB 6.500585274178836 1.0746545336714888
63107.2999 lsst_hardware_i 3115.320942347194 78.89077088160343 31.309999465942383 AB 7.667908978801944 1.0972050576013657
63112.2568 lsst_hardware_z 4527.953266043908 112.19182841779006 31.739999771118164 AB 1.3167973766985592 1.0425949142506408
63114.2487 lsst_hardware_r 1487.6249097061486 67.05718039831036 31.6299991607666 AB 1.8458048834751648 1.0391095234425773
63114.2601 lsst_hardware_i 2481.4883725735253 69.62860487168894 31.299999237060547 AB 2.467639033012978 1.0557497288988782
63117.2371 lsst_hardware_z 1916.2667097586002 60.641796317637606 30.950000762939453 AB 2.4971900649614116 1.034925946452666
63117.2478 lsst_hardware_r 1167.3616448166429 45.16045619748935 31.559999465942383 AB 2.546496527837807 1.0492723391839331
63131.0561 lsst_hardware_r 693.2934355923542 36.034079828659074 31.5 AB 2.9276545783872576 1.167675572195536
63131.0631 lsst_hardware_i 1172.3261123021396 47.606125212238204 31.239999771118164 AB 2.9467625059663574 1.1447071985884654
63133.2622 lsst_hardware_g 161.88258641069874 19.01493676679597 31.3799991607666 AB 4.709036040639466 1.200621095645978
63133.2742 lsst_hardware_i 1264.087605709313 46.84913733678864 31.229999542236328 AB 5.1085473080462025 1.2518392423229412
63141.0536 lsst_hardware_i 1071.4396412990739 73.2781299537829 31.31999969482422 AB 5.366245103010875 1.096102763215212
63141.0608 lsst_hardware_z 734.7237744164343 66.09267651874585 30.979999542236328 AB 5.278488204276017 1.0800528322218048
63143.2125 lsst_hardware_r 626.1285077903694 60.58682727564273 31.6200008392334 AB 2.9264537948125158 1.1255591518509676
63143.2241 lsst_hardware_i 1077.9908963209384 58.00430872086393 31.290000915527344 AB 3.02871763446468 1.1613923312320624
63145.1775 lsst_hardware_i 994.656254244599 47.5801725674087 31.270000457763672 AB 4.9844998828308364 1.0591797456077727
63145.1896 lsst_hardware_z 585.1989355045279 50.9607837721378 30.950000762939453 AB 5.166944604241574 1.0824226676948934
63147.1794 lsst_hardware_i 36.03586480427641 30.690000534057617 31.25 AB 4.451729867732199 1.0727059922246263
63147.1914 lsst_hardware_u 3.304988557440917 2.630000114440918 28.3700008392334 AB 4.311444192910888 1.09892375350349
63149.084 lsst_hardware_r 32.734176549149815 22.290000915527344 31.5 AB 3.2238762989535985 1.019085284954512
63149.0956 lsst_hardware_u 5.38066149282408 2.630000114440918 28.420000076293945 AB 3.1927106300232766 1.013183676952367
63151.1631 lsst_hardware_r 24.399011229715267 22.540000915527344 31.489999771118164 AB 6.428447735001922 1.0626411662124013
63151.1737 lsst_hardware_i -10.442097210862414 30.760000228881836 31.239999771118164 AB 6.660385056073588 1.0834592326333075
63153.1623 lsst_hardware_z -90.97440233535993 41.290000915527344 30.940000534057617 AB 8.982547879832094 1.071306497554913
63153.1734 lsst_hardware_u -1.7416405198006135 2.640000104904175 28.389999389648438 AB 8.796743033334486 1.0950756919377376
63155.1631 lsst_hardware_g -3.932016394553086 13.680000305175781 31.40999984741211 AB 8.430664408611934 1.0841555259427016
63155.1739 lsst_hardware_r 1.7663763794576643 22.719999313354492 31.489999771118164 AB 8.403952285142863 1.1097744896306423
63157.1572 lsst_hardware_i 25.7268299776323 30.579999923706055 31.239999771118164 AB 6.613711102633461 1.0832086754326793
63157.1681 lsst_hardware_z 27.439600906746453 41.9900016784668 30.940000534057617 AB 6.483559762603094 1.1089010739607925
63159.1558 lsst_hardware_i -22.403150178263047 30.760000228881836 31.239999771118164 AB 3.696528147193268 1.0922470640774598
63159.1674 lsst_hardware_u 2.426408581628345 2.609999895095825 28.350000381469727 AB 2.5005344246338486 1.121609281037872
63161.156 lsst_hardware_g 21.974444520186193 16.780000686645508 31.479999542236328 AB 4.1620593504510595 1.1059012489572781
63161.1672 lsst_hardware_r -20.34657914236431 24.739999771118164 31.5 AB 3.2727717110706713 1.136773779462097
63163.1425 lsst_hardware_r 5.0163309496219 44.65999984741211 31.610000610351562 AB 3.1508665718944133 1.0868805008259446
63163.1531 lsst_hardware_i -85.16438169909173 43.380001068115234 31.290000915527344 AB 3.1458637074017153 1.1124971116264575
63166.1464 lsst_hardware_z -18.704600811496793 61.310001373291016 30.969999313354492 AB 3.9299492459646337 1.1164628539672257
63166.157 lsst_hardware_r -72.10561264807517 79.77999877929688 31.6200008392334 AB 4.103853038978686 1.1473960034423167
63168.1361 lsst_hardware_i -5.207566859100052 71.5999984741211 31.31999969482422 AB 3.1953274255699005 1.1039307049818279
63168.1472 lsst_hardware_z -26.880789600391225 64.87999725341797 30.969999313354492 AB 3.2802979087655135 1.1341354991697403
63170.1395 lsst_hardware_i -114.23072570757135 64.0999984741211 31.309999465942383 AB 4.124842986165503 1.1276224675138062
63170.1502 lsst_hardware_z 86.01195288671326 60.02000045776367 30.959999084472656 AB 4.353600246247216 1.1608052916270406
63172.0935 lsst_hardware_r -51.9708421827907 45.56999969482422 31.6200008392334 AB 5.820014774657363 1.0433250268281355
63172.1053 lsst_hardware_u -10.641691926445725 10.670000076293945 29.25 AB 5.770172883027363 1.0618321514541995
63181.044 lsst_hardware_g 9.074413238070958 13.989999771118164 31.43000030517578 AB 3.5290731940908895 1.0183445950341623
63181.0551 lsst_hardware_r -16.415363548218767 22.719999313354492 31.5 AB 3.557548388214356 1.0272035769627592
63183.0447 lsst_hardware_i -4.6692514660478555 30.299999237060547 31.25 AB 4.491732368955732 1.0228241760117798
63183.0566 lsst_hardware_z 30.15219942555857 41.08000183105469 30.950000762939453 AB 4.528951232397776 1.0345976544598736
