data/validation/pwv_sim_epoch_fit_4/44240365.ecsv
# %ECSV 0.9
# ---
# datatype:
# - {name: time, datatype: float64}
# - {name: band, datatype: string}
# - {name: flux, datatype: float64}
# - {name: fluxerr, datatype: float64}
# - {name: zp, datatype: float64}
# - {name: zpsys, datatype: string}
# - {name: pwv, datatype: float64}
# - {name: airmass, datatype: float64}
# meta: {SNID: '44240365', alt: 1024.0, c: -0.039592444896698, dec: -9.140394, lat: -30.244573, lon: -70.7499537, ra: 196.875, t0: 61444.96484375,
#   x0: 3.1525958370302985e-06, x1: 1.462707281112671, z: 0.7402782440185547}
# schema: astropy-2.0
time band flux fluxerr zp zpsys pwv airmass
61436.3656 lsst_hardware_g 270.15376644636115 28.092956803179472 31.59000015258789 AB 12.506445725315803 1.0762476152159606
61438.3712 lsst_hardware_z 659.188391626092 51.40422106886253 30.959999084472656 AB 10.563674303687492 1.0714480618391349
61440.37 lsst_hardware_u -0.7173693422252937 3.7602106868430347 28.670000076293945 AB 8.989625096078216 1.070873383427367
61447.3395 lsst_hardware_i 1104.836608695528 46.10912242532858 31.25 AB 4.756689221990359 1.0739871803997292
61447.3574 lsst_hardware_z 730.1412271424932 49.93196107963048 30.950000762939453 AB 4.785477093836535 1.071355480793995
61450.3463 lsst_hardware_r 715.1421577993923 36.71281305055752 31.510000228881836 AB 2.645208619064226 1.0709346635887722
61450.3631 lsst_hardware_u -3.660837150610025 2.827906285602639 28.440000534057617 AB 2.614774395148773 1.077924103946727
61452.2879 lsst_hardware_g 137.85971811755965 18.854621691586715 31.450000762939453 AB 5.088899783728519 1.1226339694966951
61452.3039 lsst_hardware_r 753.7228054680684 36.039055843149086 31.510000228881836 AB 5.298181460455438 1.0945902060027761
61454.3335 lsst_hardware_i 957.3185187209214 44.573479645861774 31.260000228881836 AB 5.613860225624121 1.0708364760370284
61454.3539 lsst_hardware_z 666.8116892010062 49.01621185224763 30.950000762939453 AB 5.570823448854772 1.0792683465653552
61456.3328 lsst_hardware_r 774.3288103935366 92.32039790096638 31.649999618530273 AB 3.91237815892833 1.0713463079535384
61456.3501 lsst_hardware_z 646.2823611783562 68.58221400473141 30.989999771118164 AB 4.078484720935595 1.0806795762945403
61458.3335 lsst_hardware_r 573.4802013040252 123.93586530856882 31.649999618530273 AB 10.052142130372888 1.0733161209089623
61458.3519 lsst_hardware_i 959.1454761162589 101.90979509744379 31.329999923706055 AB 10.210376122453598 1.088178207657849
61460.3027 lsst_hardware_i 848.1474259443651 96.86852750554866 31.329999923706055 AB 10.649131764265995 1.074665768273683
61460.3212 lsst_hardware_z 596.030779220641 84.19385201865731 30.989999771118164 AB 10.626220878873417 1.0712186172911027
61462.3122 lsst_hardware_r 590.6936948490273 68.75829525595128 31.639999389648438 AB 6.974075940477589 1.0708479793956784
61462.3303 lsst_hardware_z 477.3635118755431 60.968589476040506 30.979999542236328 AB 7.120910847130607 1.0778915455568807
61466.3076 lsst_hardware_i 631.0234192732241 41.32766073039874 31.260000228881836 AB 3.6478605484259505 1.071849328626626
61466.324 lsst_hardware_z 459.7269366616226 47.65807690062257 30.950000762939453 AB 3.691084066332981 1.0817684404932004
61468.3016 lsst_hardware_r 332.2809321811504 30.233639633719335 31.5 AB 7.67821175359101 1.0717023872693154
61468.3195 lsst_hardware_g 35.9587967788069 17.252120290714245 31.440000534057617 AB 7.904665317725774 1.082682552763426
61470.3052 lsst_hardware_r 259.60411478272187 29.51700659669944 31.5 AB 7.717120969466775 1.075669368849256
61470.3219 lsst_hardware_i 538.3112130149601 38.83085323938939 31.239999771118164 AB 7.842083299381638 1.0916040227424446
61472.2769 lsst_hardware_i 450.1564734300672 38.09623316193496 31.25 AB 10.610821665921579 1.071800168274907
61472.2953 lsst_hardware_z 318.6677936529529 46.03436703018636 30.940000534057617 AB 10.240387987799036 1.0733221753305244
61476.2782 lsst_hardware_g 21.993234854551797 15.654192930039281 31.450000762939453 AB 8.555380472001666 1.0713420468341193
61476.296 lsst_hardware_r 194.10030223079 27.975636985000904 31.5 AB 8.141951324797509 1.0811248605494193
61477.2749 lsst_hardware_i 407.95932496868977 36.779822789532275 31.260000228881836 AB 16.292044933586357 1.0712342699504318
61477.2947 lsst_hardware_z 323.5482760805198 45.74234132032042 30.950000762939453 AB 15.018590878099143 1.0824599717538752
61479.0926 lsst_hardware_r 534.8354131329002 64.63275689806927 32.83000183105469 AB 18.74928255179393 2.087118651405632
61479.132 lsst_hardware_g -0.830913298470701 15.161142392116023 31.290000915527344 AB 15.33427478190512 1.5332741507754704
61481.2829 lsst_hardware_r 119.63801146917761 27.14830408967432 31.5 AB 8.544862338860568 1.0816281441595657
61481.3046 lsst_hardware_i 243.60614534308607 36.26744691787955 31.25 AB 8.981974055100338 1.1116992456340324
61485.1965 lsst_hardware_z 213.13544608630158 79.91693697481386 30.989999771118164 AB 5.964808417600571 1.1254355504906737
61485.2146 lsst_hardware_i 205.44054132324786 91.66602506819014 31.329999923706055 AB 6.219461812596212 1.09348368205287
61487.2807 lsst_hardware_r 5.23127739811332 168.2195413440466 31.649999618530273 AB 6.733717151409996 1.0989637392139044
61487.2934 lsst_hardware_z 397.28625978298174 113.8324660462035 31.0 AB 6.907175084593488 1.1219928664363992
61489.2443 lsst_hardware_y 232.4784941690538 60.97584212552619 30.049999237060547 AB 7.586347802424894 1.0717072650432482
61489.2643 lsst_hardware_r 155.8434985710824 105.75185334686482 31.649999618530273 AB 7.076367978803061 1.084847214891537
61492.2513 lsst_hardware_z 373.78193160516844 70.5602602472949 31.719999313354492 AB 8.273072668992059 1.080223624955454
61494.239 lsst_hardware_g 10.170819022985494 26.48009457710416 31.6299991607666 AB 6.951186006278496 1.0752582251642513
61494.2574 lsst_hardware_r 60.71159189814325 32.7909721981334 31.56999969482422 AB 7.298300176481573 1.0929553121485927
61497.216 lsst_hardware_r 26.999124820462974 26.036730090383635 31.520000457763672 AB 9.125930315991107 1.0708253196688435
61497.2324 lsst_hardware_i 137.0171745076 34.33079180426105 31.260000228881836 AB 9.17194658083419 1.076245858545469
61499.2166 lsst_hardware_z 155.0322583959259 43.94534613677898 30.950000762939453 AB 5.893825648542706 1.0716046633714011
61499.2343 lsst_hardware_i 103.53667723281556 33.92682943889073 31.25 AB 5.951750019941573 1.0821363672621043
61503.2125 lsst_hardware_r 77.93451698359179 25.544592478433504 31.510000228881836 AB 9.990009145996256 1.0741945318275543
61503.2309 lsst_hardware_i 106.56467426786712 33.76567012956629 31.25 AB 10.045531347549295 1.0904437544830439
61505.1932 lsst_hardware_z 7.769029124262835 43.687832819893366 30.950000762939453 AB 5.2763469566405385 1.0708321519362478
61505.2102 lsst_hardware_u 0.17502866765343456 2.856543203077954 28.469999313354492 AB 5.3033173944123115 1.0760146208059607
61511.1886 lsst_hardware_z 57.547410389101685 51.41255790743983 30.969999313354492 AB 18.253689211260276 1.073220335791883
61511.2047 lsst_hardware_r 91.19967566437856 52.407791788701246 31.6299991607666 AB 18.466038203716234 1.0853437289124388
61515.1897 lsst_hardware_i 226.2913472204504 135.72725911403546 31.34000015258789 AB 3.646631153071109 1.0812842559143392
61515.2074 lsst_hardware_z -97.18610204036322 113.24326793291463 31.0 AB 3.618951917388542 1.1039841118708216
61518.1852 lsst_hardware_z 36.37362702178516 67.41167086590596 30.979999542236328 AB 4.378410855124715 1.0849287656210576
61518.2022 lsst_hardware_r 79.46653292592666 94.12510724767948 31.639999389648438 AB 4.447764462607049 1.1091681951638526
61520.1563 lsst_hardware_r 82.86656749002678 56.89274217323166 31.6299991607666 AB 15.102790464918735 1.071043930566537
61520.1754 lsst_hardware_i 116.37722567568771 50.50533180030542 31.299999237060547 AB 13.705997979558562 1.080701595076545
61524.157 lsst_hardware_g -8.167380957516508 15.918222370272428 31.459999084472656 AB 8.925261844763577 1.0752032098258135
61524.174 lsst_hardware_r 33.70626674045248 25.52063183926323 31.510000228881836 AB 10.653419363675361 1.0909985864590992
61526.1542 lsst_hardware_i 44.51543838640981 33.112343869766036 31.25 AB 10.041582985191779 1.0769031031360157
61526.1718 lsst_hardware_z 28.334034838197113 43.59563537454372 30.950000762939453 AB 10.542777172696786 1.0954008924400316
61528.1497 lsst_hardware_i 79.01854625670467 33.309734242356086 31.260000228881836 AB 12.186963132279505 1.0775863771412977
61528.1665 lsst_hardware_u -0.19846786551970494 2.9232001001233128 28.520000457763672 AB 12.439509513457555 1.0956300353149888
61532.1425 lsst_hardware_i 20.336819307228428 31.84000015258789 31.260000228881836 AB 6.592993944163357 1.080582486477823
61532.1618 lsst_hardware_r 6.556407229169033 24.540000915527344 31.510000228881836 AB 6.813805293470598 1.1053596431304706
61533.118 lsst_hardware_z 6.0425267859437515 42.20000076293945 30.950000762939453 AB 11.106276830993366 1.0708285551335401
61533.1355 lsst_hardware_u -1.969635968942166 2.9100000858306885 28.540000915527344 AB 10.627043167809564 1.0771925566681428
61535.1155 lsst_hardware_g 16.4136811076961 15.430000305175781 31.459999084472656 AB 8.081450793432568 1.071064682208352
61535.1336 lsst_hardware_r 11.746671177257088 24.520000457763672 31.510000228881836 AB 7.6583283381795795 1.0799687415024968
61541.0651 lsst_hardware_z 34.28234477515194 69.30000305175781 30.979999542236328 AB 5.507575652610056 1.0890993973917786
61541.0866 lsst_hardware_r 81.95274942682026 90.56999969482422 31.649999618530273 AB 5.677225179839427 1.0723885870493817
61543.0688 lsst_hardware_i 152.0753088179227 152.97999572753906 32.09000015258789 AB 9.000385543655941 1.0797007609952212
61543.0909 lsst_hardware_r -219.0345582266061 190.63999938964844 32.40999984741211 AB 9.188469839263005 1.0708340267961962
61547.0758 lsst_hardware_z -34.22035588896495 85.77999877929688 31.729999542236328 AB 5.4431467155982505 1.0710463324945316
61551.039 lsst_hardware_g 0.956494139755419 15.300000190734863 31.450000762939453 AB 6.181291035109018 1.0876650354312978
61551.0581 lsst_hardware_r -34.46705234834974 24.3700008392334 31.510000228881836 AB 5.604933345858256 1.0728342901169148
61553.0468 lsst_hardware_i 22.235576099785245 31.8700008392334 31.260000228881836 AB 7.934601322332217 1.0758173647589018
61553.0701 lsst_hardware_z 46.26520131918542 42.099998474121094 30.950000762939453 AB 7.9281401042397395 1.0718531010689147
61555.0428 lsst_hardware_i 13.723453037279782 45.060001373291016 32.0 AB 11.780860059052829 1.0749450302525811
61555.0642 lsst_hardware_u -7.253410201662144 3.890000104904175 29.170000076293945 AB 11.736545890935998 1.0717327998298174
61560.0326 lsst_hardware_i -21.692253489709838 31.8799991607666 31.25 AB 12.12379159856532 1.073218495004307
61560.0531 lsst_hardware_r -24.05668294679239 24.510000228881836 31.510000228881836 AB 12.308375306186644 1.0725396204677893
61562.0276 lsst_hardware_u -1.0823166765136216 2.869999885559082 28.5 AB 4.741689848031149 1.0730232740509502
61562.0483 lsst_hardware_g 3.8194781124412227 15.5 31.459999084472656 AB 4.434913312859229 1.07278986764858
61570.999 lsst_hardware_z -26.081022666761708 72.33999633789062 30.989999771118164 AB 13.943236906458772 1.0750099128620436
61571.0194 lsst_hardware_r -128.3590177952279 97.5999984741211 31.649999618530273 AB 14.156162516593424 1.0714624974714975
61572.9909 lsst_hardware_i -158.93310606582935 76.75 31.329999923706055 AB 7.640783237319105 1.0766594902342066
61573.0117 lsst_hardware_z 28.08706219866851 68.38999938964844 30.989999771118164 AB 6.4817065205846545 1.0710613914488734
61574.9937 lsst_hardware_i -5.442324014149996 67.55999755859375 31.329999923706055 AB 6.57657058156672 1.0724126508873575
61575.0124 lsst_hardware_z 20.37532903887368 61.5 30.979999542236328 AB 4.232265630569652 1.0726363852081573
61582.9631 lsst_hardware_y -107.63306252117249 49.75 30.030000686645508 AB 8.291823959790877 1.0770001246643561
61582.9821 lsst_hardware_r 2.016865456779769 25.309999465942383 31.520000457763672 AB 8.192382801856853 1.0708530523973057
61589.958 lsst_hardware_y 1.7409331440156968 60.31999969482422 30.049999237060547 AB 9.411965817386896 1.0711035962354325
61589.9781 lsst_hardware_r -19.077498070784326 25.81999969482422 31.520000457763672 AB 8.849208110334342 1.0760114837926358
61801.3646 lsst_hardware_r 22.353449228582985 25.3799991607666 31.520000457763672 AB 12.455760647277822 1.0773714474886213
61801.3821 lsst_hardware_y 30.82536608990292 74.8499984741211 30.049999237060547 AB 12.67532606556234 1.0708149726266187
61803.2763 lsst_hardware_r -13.968051757771923 25.479999542236328 31.469999313354492 AB 11.923442169591272 1.304819672750205
61803.2908 lsst_hardware_y 103.32376846457748 49.369998931884766 29.989999771118164 AB 11.32646045208278 1.2348280678204175
61805.3702 lsst_hardware_g 11.777062703262876 17.229999542236328 31.5 AB 8.961354389606603 1.0708648941971708
61808.3663 lsst_hardware_r -32.5416055898255 24.639999389648438 31.510000228881836 AB 5.109335303541368 1.0709149661583337
61808.385 lsst_hardware_y 2.930842048556883 64.75 30.049999237060547 AB 4.75068643067918 1.0795378951702423
61810.319 lsst_hardware_g -44.970853013788314 71.55999755859375 31.700000762939453 AB 6.005654728358194 1.101601270850313
61810.3371 lsst_hardware_y -14.115500911502213 51.06999969482422 30.040000915527344 AB 7.139617732010992 1.0796473162892308
61812.3439 lsst_hardware_z -65.00439287280476 70.33000183105469 30.989999771118164 AB 4.738842217585937 1.0723788679760078
61812.3603 lsst_hardware_r -24.065864906829265 100.91000366210938 31.649999618530273 AB 4.736783329106083 1.0718523118416303
61814.3527 lsst_hardware_y -45.61686212872144 86.51000213623047 30.799999237060547 AB 5.979615474108569 1.0713276850503624
61816.3396 lsst_hardware_r -34.50279482717527 79.73999786376953 31.639999389648438 AB 4.351365367779319 1.0709076152782426
61816.3569 lsst_hardware_i 48.32945442841617 69.83999633789062 31.31999969482422 AB 4.388614624457078 1.075113822747947
61818.285 lsst_hardware_z 21.36478641898838 47.18000030517578 30.950000762939453 AB 5.056281878554121 1.1244511219912796
61818.3016 lsst_hardware_r -53.431865584406 39.790000915527344 31.59000015258789 AB 5.38081680674177 1.0949230428152552
61824.3056 lsst_hardware_z 24.13021243099741 42.0099983215332 30.940000534057617 AB 11.78059426042656 1.0749207774466498
61824.3224 lsst_hardware_r 7.84917768767005 24.200000762939453 31.5 AB 11.819942781009852 1.0708894931832256
61828.3099 lsst_hardware_r 4.809765521640338 24.360000610351562 31.510000228881836 AB 6.57203417661553 1.0707998658436708
61828.3267 lsst_hardware_i -56.637101605880844 31.829999923706055 31.25 AB 6.513142525268502 1.076730455491569
61830.3065 lsst_hardware_z 11.309195658853826 42.119998931884766 30.950000762939453 AB 4.427778037124623 1.070934342030384
61830.3244 lsst_hardware_r 17.565734620766705 24.3700008392334 31.510000228881836 AB 4.434340328954443 1.0790899567540015
61832.2496 lsst_hardware_u -0.8267305555065856 2.640000104904175 28.309999465942383 AB 5.830772777247573 1.1185240720481315
61832.2675 lsst_hardware_r 8.213792699070332 24.280000686645508 31.5 AB 6.320832928900794 1.089485710238574
61834.3062 lsst_hardware_i -47.43743425913449 31.700000762939453 31.239999771118164 AB 10.464095285933533 1.0742505212695903
61834.3272 lsst_hardware_z 25.861309875194014 42.5 30.940000534057617 AB 10.617967267388234 1.0940718462017758
61836.3005 lsst_hardware_r 31.910883019429924 24.229999542236328 31.489999771118164 AB 9.638135223215524 1.0741262925683186
61836.3203 lsst_hardware_u 1.7082339232381658 2.680000066757202 28.350000381469727 AB 9.715941402519924 1.0921287499554164
61838.2836 lsst_hardware_y 65.43329072060924 70.06999969482422 30.790000915527344 AB 8.442786896316758 1.070842108801282
61840.2712 lsst_hardware_r 83.70807537512648 109.69000244140625 31.649999618530273 AB 9.429039874016002 1.0713296263617103
61840.2905 lsst_hardware_i 115.98677277887948 86.37999725341797 31.329999923706055 AB 9.531362932112238 1.0746122533503721
61843.2338 lsst_hardware_z -107.01349040893729 92.04000091552734 30.989999771118164 AB 12.288777263653989 1.0942811454722876
61843.2611 lsst_hardware_r -91.1340156609446 130.38999938964844 31.649999618530273 AB 11.6795828186927 1.071791765692507
61849.267 lsst_hardware_g -15.782983726915345 20.760000228881836 31.549999237060547 AB 5.351368584156439 1.0752197275781417
61849.2867 lsst_hardware_r -24.52277703510778 27.860000610351562 31.530000686645508 AB 5.445210577566003 1.0946980554664438
61851.2647 lsst_hardware_i 6.143924456823485 32.040000915527344 31.25 AB 5.701508633828902 1.0772807999676717
