data/validation/pwv_sim_epoch_fit_4/44427279.ecsv
# %ECSV 0.9
# ---
# datatype:
# - {name: time, datatype: float64}
# - {name: band, datatype: string}
# - {name: flux, datatype: float64}
# - {name: fluxerr, datatype: float64}
# - {name: zp, datatype: float64}
# - {name: zpsys, datatype: string}
# - {name: pwv, datatype: float64}
# - {name: airmass, datatype: float64}
# meta: {SNID: '44427279', alt: 1024.0, c: -0.045892827212810516, dec: -31.914005, lat: -30.244573, lon: -70.7499537, ra: 61.875, t0: 60906.51953125,
#   x0: 4.500659256032269e-06, x1: 0.6465838551521301, z: 0.6402303576469421}
# schema: astropy-2.0
time band flux fluxerr zp zpsys pwv airmass
60894.3783 lsst_hardware_z 1428.5897494624396 84.37828596040576 31.700000762939453 AB 3.8472392946659717 1.2144382884648601
60896.3634 lsst_hardware_r 1617.10153747523 91.88532578770888 31.600000381469727 AB 6.224983910881202 1.2593109499742288
60896.3815 lsst_hardware_i 1118.512946277785 71.51682276147675 31.299999237060547 AB 4.550967167770063 1.1783964701631442
60897.3788 lsst_hardware_z 1567.103957962564 92.45510360309324 31.719999313354492 AB 6.127052651693737 1.1782793560949494
60899.3648 lsst_hardware_z 918.0466915293454 61.8183156670146 30.950000762939453 AB 3.7875801839090557 1.2137734926803574
60899.3844 lsst_hardware_r 1686.1955596979763 75.26088844798024 31.6200008392334 AB 3.344264767805968 1.138537710328859
60902.3837 lsst_hardware_z 1850.307715470238 78.28149426072488 31.709999084472656 AB 5.508521493340919 1.1151981968500697
60902.4149 lsst_hardware_i 2764.4696195602705 76.21863516687071 32.04999923706055 AB 5.138619050689725 1.044116438217967
60904.3435 lsst_hardware_u -0.6351443953726454 4.0814611983272595 28.6200008392334 AB 5.577479069108268 1.249575236721915
60904.3609 lsst_hardware_g 435.70284173158194 28.708223543068492 31.530000686645508 AB 5.202871047885896 1.1736019958013333
60910.3579 lsst_hardware_r 1363.04816640619 43.24123695709104 31.469999313354492 AB 2.2726162901482287 1.127196638909595
60910.3765 lsst_hardware_i 1296.3159903710805 46.707020028199075 31.239999771118164 AB 2.4405698248736782 1.0769595461676893
60919.2998 lsst_hardware_i 1019.0263461847236 44.61473367647944 31.209999084472656 AB 1.9412958385779484 1.2634531979029928
60919.3166 lsst_hardware_u 0.5129845608836959 2.5383058210998364 28.260000228881836 AB 1.869731523844718 1.1867543788287642
60932.3287 lsst_hardware_r 444.0107730916774 38.18822584756832 31.56999969482422 AB 1.7234950053461466 1.051659720540585
60932.3454 lsst_hardware_i 636.2021094780126 42.18766220551056 31.280000686645508 AB 1.505751180517134 1.0259490214743134
60934.2697 lsst_hardware_r 351.6389143004345 29.160451690722304 31.459999084472656 AB 4.954573925484633 1.2117823069015081
60934.2874 lsst_hardware_i 543.2878769764067 38.02908029814979 31.239999771118164 AB 4.635607303395946 1.1433710359441962
60936.2546 lsst_hardware_i 531.8235365756394 38.074747099212985 31.209999084472656 AB 2.0449529190718176 1.2572720068071426
60936.2724 lsst_hardware_z 514.0186128730753 48.06559627904845 30.93000030517578 AB 1.9093403226255978 1.1779991707715771
60938.2548 lsst_hardware_r 202.57323108126542 27.715470074877032 31.440000534057617 AB 8.485540262046648 1.2297884437748765
60938.2719 lsst_hardware_u 0.3465679090576808 2.7109616871334508 28.290000915527344 AB 7.999691555372649 1.1593755877351664
60940.2602 lsst_hardware_g 21.337722822703615 13.803605274857496 31.34000015258789 AB 1.8378401696221236 1.1830319727205594
60940.2776 lsst_hardware_i 396.3124001534893 35.93181724125101 31.229999542236328 AB 1.8113171545735074 1.1222535034532264
60941.2523 lsst_hardware_z 508.3233562241122 47.52007448792726 30.93000030517578 AB 2.096792190586475 1.2043608217040345
60941.2694 lsst_hardware_r 240.40156603777706 26.626677915020533 31.459999084472656 AB 1.951090434045959 1.1396556273632938
60943.2602 lsst_hardware_u 3.967033013020779 2.7050769619309283 28.329999923706055 AB 6.786816603626247 1.1524239315621998
60943.2774 lsst_hardware_g 1.9457912372982271 13.85074011798871 31.3700008392334 AB 6.494608173040266 1.0993835248481196
60945.1967 lsst_hardware_z 322.56031233934766 50.15535183266509 30.899999618530273 AB 5.82776665753549 1.4752594694631156
60945.2155 lsst_hardware_u -0.25845371657104393 2.4845701552092025 28.1200008392334 AB 4.451927570249775 1.3391940951316217
60947.2081 lsst_hardware_r 180.18033410954484 28.19731878649971 31.450000762939453 AB 5.472077241442138 1.3515195096798596
60947.228 lsst_hardware_i 254.8159312989189 35.27010933789385 31.209999084472656 AB 5.713117961253926 1.2403418583222474
60950.2194 lsst_hardware_z 363.3933231460525 51.143539457465245 30.940000534057617 AB 4.201522715674961 1.2423189579169014
60950.2395 lsst_hardware_r 151.48784218131982 43.34182259459385 31.59000015258789 AB 3.855224618599783 1.1580728803242486
60952.2288 lsst_hardware_z 640.890836990183 77.23271792009984 31.709999084472656 AB 3.073357587018915 1.1776820489279742
60955.1967 lsst_hardware_z 314.88881394024327 70.47621711822342 30.959999084472656 AB 5.770043084591853 1.2891550365874185
60955.2163 lsst_hardware_r 18.324003205069634 95.86358034276512 31.6200008392334 AB 4.837742686087893 1.1949961348921805
60959.2128 lsst_hardware_g -49.139988928574574 48.987402504737226 31.65999984741211 AB 4.19707708418018 1.1658547456056056
60959.2327 lsst_hardware_r 75.19751877690082 50.698250095937915 31.610000610351562 AB 3.9676918003778727 1.1021366112160758
60961.1933 lsst_hardware_r 100.99925770846087 24.527949160140682 31.440000534057617 AB 8.142100825365588 1.2238239629286138
60961.2123 lsst_hardware_i 145.68701932394782 33.13592097800535 31.229999542236328 AB 6.68329129279842 1.1481016908635506
60963.1913 lsst_hardware_z 248.05478409798246 45.1785669495034 30.93000030517578 AB 8.002856155991022 1.2084038890664923
60963.2105 lsst_hardware_r 87.59676811027012 24.136125625320947 31.469999313354492 AB 7.181866840805954 1.1358321747281281
60965.211 lsst_hardware_g 8.041029395880898 13.382379686653554 31.3799991607666 AB 5.851753480831619 1.1172799008748384
60965.2316 lsst_hardware_i 138.2423356654079 32.18079322216111 31.239999771118164 AB 5.564106343434494 1.065410501375681
60968.1892 lsst_hardware_r 109.8684948183411 23.91842862112347 31.459999084472656 AB 2.4684735582202486 1.1622727261493755
60968.2077 lsst_hardware_z 170.1348113107142 43.490716838 30.940000534057617 AB 2.4764697199662495 1.1033093239132945
60970.1668 lsst_hardware_u 2.661646645331727 2.7643169486720485 28.280000686645508 AB 3.465912845629732 1.2327628830267585
60972.1977 lsst_hardware_i 137.64417917701715 32.24073683336629 31.239999771118164 AB 2.6243988183525824 1.100799951772126
60974.1901 lsst_hardware_i 125.42565596493728 32.3329155327198 31.239999771118164 AB 1.3545872729997621 1.1066889485295917
60974.2087 lsst_hardware_z 78.92079303831797 42.99205848395387 30.950000762939453 AB 1.3988693633853797 1.0619619384221586
60976.1877 lsst_hardware_r 52.787826978346565 24.765299093651354 31.5 AB 2.2329003065903152 1.0983277454942748
60976.2053 lsst_hardware_z 256.2707349232248 42.82513515853161 30.950000762939453 AB 2.228200174369241 1.0578573386780203
60979.1558 lsst_hardware_r 93.50345511724647 40.006263287136115 31.56999969482422 AB 4.437067354378113 1.1749152268972287
60979.171 lsst_hardware_z 193.2626479476054 46.835196736596416 30.950000762939453 AB 3.782146579933627 1.1226318135746305
60981.1635 lsst_hardware_y 21.017217177984143 71.92974093078533 30.770000457763672 AB 4.402946300789767 1.1289605899460942
60982.1918 lsst_hardware_r 143.05606303477626 66.19078213240005 31.639999389648438 AB 3.8817156440695886 1.0523832571694696
60982.2099 lsst_hardware_i 72.83068394984335 55.26806661044247 31.31999969482422 AB 4.681600651601032 1.02470055301794
60991.1422 lsst_hardware_r 8.84377208337712 21.969999313354492 31.459999084472656 AB 4.856850990258056 1.1108991286043126
60991.1621 lsst_hardware_i -39.698034160532785 29.8700008392334 31.239999771118164 AB 4.564519786264828 1.062339748548835
60995.1192 lsst_hardware_i -40.594218876582104 31.06999969482422 31.229999542236328 AB 6.635133700409462 1.1490403845197787
60995.1357 lsst_hardware_u 4.653387540744505 2.5299999713897705 28.299999237060547 AB 6.449138058430676 1.0986606573135733
60997.128 lsst_hardware_g 4.9546146818532 13.15999984741211 31.3700008392334 AB 5.142334498127238 1.1047498787531467
60997.1471 lsst_hardware_r 23.52140311781925 21.8700008392334 31.469999313354492 AB 5.003506166917069 1.0595597791131492
60999.1071 lsst_hardware_r -21.104395463527947 22.389999389648438 31.459999084472656 AB 6.659282423495159 1.153155777683902
60999.1247 lsst_hardware_u -3.5810577311696905 2.5999999046325684 28.3799991607666 AB 6.366490623424257 1.0988707134383966
61004.1105 lsst_hardware_i -12.414016255308724 30.59000015258789 31.239999771118164 AB 5.630727572810025 1.1003424833279642
61004.1272 lsst_hardware_z -18.163493874324416 41.0099983215332 30.940000534057617 AB 8.168088192706273 1.0611351987926305
61009.1377 lsst_hardware_z -88.9496238833201 64.6500015258789 31.709999084472656 AB 5.395944150594197 1.0228793233674607
61011.1303 lsst_hardware_r 37.47867324388788 64.19000244140625 31.649999618530273 AB 6.609415443451957 1.0252189100776026
61011.1464 lsst_hardware_z 19.457888452925374 52.18000030517578 30.979999542236328 AB 6.504600379080943 1.0094041556612263
61013.0431 lsst_hardware_y 67.7997227342013 57.470001220703125 29.979999542236328 AB 4.363984817892322 1.2637631597738275
61013.067 lsst_hardware_i -13.596173472220068 71.83000183105469 31.309999465942383 AB 4.006133554961034 1.1598533743372998
61015.0425 lsst_hardware_z -84.08482318953459 54.70000076293945 30.950000762939453 AB 3.8480658311353415 1.239578813851715
61015.0661 lsst_hardware_u -0.9522895400557361 10.239999771118164 29.190000534057617 AB 3.5670973841032954 1.14388093875737
61020.0431 lsst_hardware_y 21.42305655604441 50.529998779296875 30.010000228881836 AB 11.881237352843685 1.1778372896216727
61020.0652 lsst_hardware_z 57.70345877125935 41.599998474121094 30.940000534057617 AB 11.018789937444874 1.1047513472473305
61022.0424 lsst_hardware_y -86.14883115840037 51.619998931884766 30.020000457763672 AB 13.131758543824313 1.159946872522243
61022.063 lsst_hardware_u 0.46940468848080535 2.7300000190734863 28.479999542236328 AB 12.363498426807132 1.0959576657039067
61024.0435 lsst_hardware_y 43.17680883875295 50.470001220703125 30.010000228881836 AB 8.733934155881022 1.1373036969870436
61024.0648 lsst_hardware_r 30.258040985660905 21.899999618530273 31.479999542236328 AB 8.282966539067917 1.078014586707676
61026.0448 lsst_hardware_y 92.89671377402422 50.220001220703125 30.020000457763672 AB 12.190291218215501 1.1162418513436552
61026.0664 lsst_hardware_r -13.476391732090274 21.81999969482422 31.479999542236328 AB 11.611931772987658 1.0626176774231353
61028.0443 lsst_hardware_z -46.81234404775571 45.4900016784668 30.950000762939453 AB 4.524907485307474 1.1021574681057504
61028.066 lsst_hardware_g -1.1856252515490304 13.09000015258789 31.40999984741211 AB 4.351050849720344 1.0527584925527085
61030.047 lsst_hardware_y 30.855921925332304 49.36000061035156 30.030000686645508 AB 4.689426857610983 1.0813436258903113
61030.0714 lsst_hardware_i 1.450613809043266 29.729999542236328 31.25 AB 4.453456703756189 1.0347250705753228
61034.0454 lsst_hardware_y -52.99573016496116 51.400001525878906 30.049999237060547 AB 7.569920965251104 1.0609064232343561
61034.0673 lsst_hardware_g 6.430921839184385 14.630000114440918 31.459999084472656 AB 7.29516833222528 1.0254664509735316
61036.0461 lsst_hardware_y -24.82903554469129 50.099998474121094 30.049999237060547 AB 6.803422183564986 1.0492226832039149
61036.068 lsst_hardware_z 44.18998250018506 41.4900016784668 30.950000762939453 AB 6.554756633275298 1.01841237262012
61256.3734 lsst_hardware_r 15.462054066271143 47.61000061035156 31.56999969482422 AB 2.3789506821307604 1.2821076163465512
61256.3933 lsst_hardware_i 12.671721233453672 43.70000076293945 31.270000457763672 AB 2.467896599976207 1.1884886106314505
61261.3755 lsst_hardware_r -24.56794166881207 23.030000686645508 31.469999313354492 AB 4.7581781381296615 1.2058231470171468
61261.3944 lsst_hardware_i 18.931665437757978 31.049999237060547 31.239999771118164 AB 4.484991427242374 1.1348662518325845
61263.3703 lsst_hardware_z 35.84963951376619 43.380001068115234 30.93000030517578 AB 6.505408092601174 1.2047052023335507
61263.39 lsst_hardware_u -0.5412367260398185 2.5799999237060547 28.34000015258789 AB 6.790993631921217 1.1314551202801095
61266.3467 lsst_hardware_r -3.060140937553139 23.09000015258789 31.450000762939453 AB 4.476029857089236 1.2788656734540673
61266.3647 lsst_hardware_g 14.353006865391594 13.479999542236328 31.3700008392334 AB 4.178311603803625 1.193803315372464
61268.3693 lsst_hardware_i -28.236705808559275 30.860000610351562 31.239999771118164 AB 6.280907917877786 1.1552157288721328
61268.388 lsst_hardware_z 36.723909202035436 41.40999984741211 30.940000534057617 AB 5.290176894422158 1.0974901497686134
61272.3285 lsst_hardware_u 0.5291289857376256 2.640000104904175 28.329999923706055 AB 3.0505397823696314 1.2887789532613567
61272.3515 lsst_hardware_g 18.92062166148335 13.399999618530273 31.3700008392334 AB 3.1087197224510783 1.1809749483795409
61274.3665 lsst_hardware_z -6.08897476437001 42.060001373291016 30.950000762939453 AB 2.1237004038040332 1.1116425232562006
61274.3851 lsst_hardware_g -17.64820892333821 13.149999618530273 31.389999389648438 AB 1.3781259120242246 1.065561272183679
61276.3446 lsst_hardware_z 15.062776920308226 47.779998779296875 30.950000762939453 AB 3.7445920811651305 1.1656015401411524
61276.3636 lsst_hardware_r 13.91886300556781 37.119998931884766 31.59000015258789 AB 3.5364408665134452 1.1044187481629497
61278.3388 lsst_hardware_i 27.810242020868802 56.099998474121094 31.299999237060547 AB 2.8207042198192727 1.1668660589434388
61278.3565 lsst_hardware_z -34.65594644145355 53.27000045776367 30.969999313354492 AB 2.6194858002719563 1.109011769802233
61281.3348 lsst_hardware_z -35.27917862616951 59.47999954223633 30.969999313354492 AB 8.108501232308411 1.151721210971319
61281.3545 lsst_hardware_r -41.9789836688508 79.94000244140625 31.639999389648438 AB 7.69634452276705 1.092299818729325
61297.2867 lsst_hardware_z -18.397991102955523 42.72999954223633 30.93000030517578 AB 2.3315518641878135 1.167722135653329
61297.3105 lsst_hardware_r 1.606935275100234 21.90999984741211 31.469999313354492 AB 1.761563868404955 1.0931206133445415
61299.3241 lsst_hardware_i 3.89285292374084 29.799999237060547 31.239999771118164 AB 2.7664348901780222 1.051343383649957
61299.3408 lsst_hardware_z 53.24153273510092 40.41999816894531 30.950000762939453 AB 4.219602737108092 1.0257314462736944
61303.2618 lsst_hardware_z 59.29318438757288 44.849998474121094 30.940000534057617 AB 8.291796275360356 1.2017096051246894
61303.2792 lsst_hardware_i 24.096036089971197 34.11000061035156 31.25 AB 7.842667637648607 1.136618498209943
61307.2666 lsst_hardware_y 100.49597225512862 72.25 30.760000228881836 AB 4.519814208656208 1.1421844439174613
61309.2545 lsst_hardware_r -134.8670644477318 87.81999969482422 31.6200008392334 AB 3.676402861755346 1.1656318521734637
61309.2718 lsst_hardware_i -8.73957873427593 66.95999908447266 31.309999465942383 AB 3.5159966730876877 1.1092055333364597
61311.2776 lsst_hardware_z 33.25501440760921 59.970001220703125 30.969999313354492 AB 3.707638617079785 1.0799995971685945
61311.2982 lsst_hardware_r 77.25668020049416 80.77999877929688 31.649999618530273 AB 3.921586310433102 1.039657028216623
61313.2189 lsst_hardware_z -21.17796750261043 56.09000015258789 30.940000534057617 AB 4.666771489938845 1.2761201777245952
61313.2413 lsst_hardware_r 155.9110425647715 62.4900016784668 31.610000610351562 AB 4.47736526337493 1.1742368904730753
61315.2189 lsst_hardware_u -6.4938269062580805 4.440000057220459 28.670000076293945 AB 4.1425174259544715 1.2481221530444324
61315.24 lsst_hardware_g -22.834842936299676 32.09000015258789 31.6299991607666 AB 3.9362747157225124 1.1587502842868744
61317.2209 lsst_hardware_r 19.747027217726902 22.510000228881836 31.459999084472656 AB 3.180386758105169 1.2133092067163735
61317.2419 lsst_hardware_z -7.172573645517619 42.11000061035156 30.940000534057617 AB 2.9530955626960362 1.1336259357758747
61319.2181 lsst_hardware_r -16.281361543923676 22.520000457763672 31.450000762939453 AB 5.87353647937241 1.201787575918716
61319.2388 lsst_hardware_u 1.486524269595426 2.559999942779541 28.329999923706055 AB 5.386008622219796 1.1261517888666983
