data/validation/pwv_sim_epoch_fit_4/44421041.ecsv
# %ECSV 0.9
# ---
# datatype:
# - {name: time, datatype: float64}
# - {name: band, datatype: string}
# - {name: flux, datatype: float64}
# - {name: fluxerr, datatype: float64}
# - {name: zp, datatype: float64}
# - {name: zpsys, datatype: string}
# - {name: pwv, datatype: float64}
# - {name: airmass, datatype: float64}
# meta: {SNID: '44421041', alt: 1024.0, c: -0.035230107605457306, dec: -22.831406, lat: -30.244573, lon: -70.7499537, ra: 28.125, t0: 62275.0625,
#   x0: 0.00014689836910962613, x1: -0.7521539926528931, z: 0.1416686326265335}
# schema: astropy-2.0
time band flux fluxerr zp zpsys pwv airmass
62325.3607 lsst_hardware_u 10.140863851568026 4.3986467107235 28.329999923706055 AB 1.9274752329159248 1.283272458665729
62325.3805 lsst_hardware_g 1622.4195726457422 43.697777257461084 31.399999618530273 AB 1.7382773246434977 1.1875506914733054
62327.3368 lsst_hardware_i 3274.4127236880677 66.13774827977707 31.200000762939453 AB 11.204531349305444 1.403387812912065
62327.3554 lsst_hardware_r 4611.318150264047 71.3913231085411 31.469999313354492 AB 10.237410541629037 1.2823746476914806
62330.3908 lsst_hardware_r 4320.603485390466 69.70033087456997 31.489999771118164 AB 6.754108142124708 1.1055694680875257
62330.4128 lsst_hardware_i 3148.6367617830756 64.05123677081714 31.260000228881836 AB 6.492219575768028 1.0552165096738135
62346.4201 lsst_hardware_r -113.59185851165589 68.69000244140625 31.65999984741211 AB 4.601595924394867 1.008826934608638
62346.4385 lsst_hardware_y 100.80474311365208 69.37000274658203 30.079999923706055 AB 4.636925347757245 1.0132402974194576
62352.368 lsst_hardware_z 93.55135886118485 41.36000061035156 30.950000762939453 AB 1.9458415561756726 1.031820533544325
62352.3883 lsst_hardware_g 1.027931628226612 18.280000686645508 31.540000915527344 AB 2.1066740180562373 1.0135549762118052
62353.3815 lsst_hardware_u 1.1280260634168768 2.9700000286102295 28.549999237060547 AB 1.4715656123459397 1.0160991626762919
62353.4044 lsst_hardware_y -29.815104469749613 46.59000015258789 30.059999465942383 AB 1.4980970139110201 1.008819537987219
62355.3866 lsst_hardware_r 30.77083867017854 22.25 31.5 AB 3.1785829990505388 1.0106246618781851
62355.4097 lsst_hardware_z -56.9780265434327 40.52000045776367 30.950000762939453 AB 3.2088791017666183 1.011254509722134
62356.254 lsst_hardware_r -16.86784785456689 23.84000015258789 31.420000076293945 AB 4.40117628492351 1.4314708068595234
62356.2731 lsst_hardware_i -9.473849413831768 32.400001525878906 31.209999084472656 AB 3.9449075080228093 1.3003403405101968
62357.3778 lsst_hardware_i 26.435933286543367 29.969999313354492 31.25 AB 3.840729169428979 1.0119609615569065
62357.3979 lsst_hardware_z -19.203472349013126 40.47999954223633 30.950000762939453 AB 3.898849263138722 1.0093672583203457
62361.3721 lsst_hardware_r -10.080542454704943 22.25 31.5 AB 4.719712593342198 1.01003229874998
62361.3894 lsst_hardware_u 0.6216651305234037 2.740000009536743 28.510000228881836 AB 4.472325764865 1.0099343089646218
62363.3543 lsst_hardware_g 2.123495657059059 13.680000305175781 31.440000534057617 AB 5.659795676695385 1.016030100833926
62363.3742 lsst_hardware_i 41.5781389053353 30.020000457763672 31.260000228881836 AB 5.597174867395764 1.0088029199271429
62365.3433 lsst_hardware_z 63.678349750655535 40.70000076293945 30.959999084472656 AB 4.5796435942928015 1.020362857303582
62365.3647 lsst_hardware_r 3.834582849080731 22.239999771118164 31.510000228881836 AB 4.533967888124352 1.0092304703671346
62368.3323 lsst_hardware_y -48.45432824913333 47.88999938964844 30.049999237060547 AB 2.4806724973405663 1.0229577308623512
62368.3517 lsst_hardware_g 6.842609267185855 29.0 31.65999984741211 AB 2.6264355219059525 1.0104265921669475
62376.2358 lsst_hardware_i 83.72064882201444 63.310001373291016 31.299999237060547 AB 4.834123742750804 1.2111045328200063
62376.2565 lsst_hardware_z 90.75958770710425 58.84000015258789 30.969999313354492 AB 4.109398101564007 1.131753814806942
62377.2964 lsst_hardware_z 97.28186086996448 52.65999984741211 30.969999313354492 AB 7.224473515496677 1.0362124950511584
62377.3145 lsst_hardware_i 75.12602101543183 51.939998626708984 31.31999969482422 AB 7.096047303175738 1.0171600128781697
62381.2632 lsst_hardware_y -0.9943194966791266 47.34000015258789 30.030000686645508 AB 3.1356849594901792 1.07632206847489
62381.28 lsst_hardware_g 0.3419285554274626 15.829999923706055 31.469999313354492 AB 3.0287779410703664 1.0442861536847603
62385.2665 lsst_hardware_g 2.376195536480969 13.600000381469727 31.40999984741211 AB 0.8951375370428781 1.0484773493913653
62385.2853 lsst_hardware_r 5.343694934126081 22.200000762939453 31.489999771118164 AB 0.9014785329959624 1.023535092814397
62386.271 lsst_hardware_i 2.723102777009162 30.260000228881836 31.25 AB 2.0187073386523173 1.0373624556281178
62386.2895 lsst_hardware_z -88.25626866039262 40.66999816894531 30.950000762939453 AB 2.029536003036498 1.0174812849447683
62400.1557 lsst_hardware_i -72.57193057019157 79.54000091552734 31.280000686645508 AB 5.80401262156618 1.2846420145122135
62400.1816 lsst_hardware_z 3.651837321947024 68.30000305175781 30.969999313354492 AB 5.170253957854891 1.164471612129697
62402.2405 lsst_hardware_z 12.541882141957581 75.91000366210938 31.0 AB 2.0315244982699343 1.0219792898147795
62402.2618 lsst_hardware_r -198.95429421892698 113.13999938964844 31.670000076293945 AB 1.7488120659127526 1.0096095829380605
62405.2328 lsst_hardware_z 61.52050899802834 81.79000091552734 31.739999771118164 AB 3.1704689620864586 1.0215236694511196
62411.0961 lsst_hardware_g -7.816563850931819 14.079999923706055 31.280000686645508 AB 6.7428761432498145 1.4972523910847395
62411.1154 lsst_hardware_i 40.977781917144306 33.130001068115234 31.209999084472656 AB 6.1061084785059 1.3474310728589702
62423.0929 lsst_hardware_r -5.8198997582493375 30.350000381469727 31.5 AB 9.271182467482644 1.284660742359185
62423.1148 lsst_hardware_z -104.7514249406557 44.22999954223633 30.940000534057617 AB 8.520296119921984 1.180014697032353
62424.179 lsst_hardware_r -20.187367573418342 33.77000045776367 31.59000015258789 AB 6.709802821725991 1.0233557938576774
62424.1969 lsst_hardware_y -20.23507407257204 47.310001373291016 30.059999465942383 AB 6.731275515608691 1.0111068769690603
62429.1001 lsst_hardware_i -57.76463094408938 78.72000122070312 31.309999465942383 AB 3.8181231974944687 1.1733629986154988
62429.1187 lsst_hardware_z 23.0005627268247 69.13999938964844 30.979999542236328 AB 3.622283799752906 1.1107041164440785
62431.0968 lsst_hardware_z 9.989047204960988 81.20999908447266 30.979999542236328 AB 5.09118416131628 1.1650751351271094
62431.1111 lsst_hardware_i -71.00579491760658 93.04000091552734 31.31999969482422 AB 4.908509912251174 1.116966642906172
62433.1038 lsst_hardware_r -31.17218536408469 91.30000305175781 31.639999389648438 AB 3.479861244581322 1.1225358853488134
62433.122 lsst_hardware_z -63.23467533935242 65.70999908447266 30.989999771118164 AB 3.3312303250582613 1.0745904274381488
62437.1066 lsst_hardware_z 4.547510806633751 41.689998626708984 30.940000534057617 AB 4.090329847149802 1.0849681292174542
62437.1252 lsst_hardware_r 10.362015155850006 22.6299991607666 31.5 AB 3.0815786683484245 1.0473544628595206
62439.1354 lsst_hardware_g 2.984269013140324 13.949999809265137 31.43000030517578 AB 5.693215216468887 1.0260818629303212
62439.1515 lsst_hardware_r -0.20251936854908037 22.540000915527344 31.5 AB 5.6222491708288995 1.0131547814261774
62441.1289 lsst_hardware_r 4.425892738670655 22.3700008392334 31.489999771118164 AB 4.753632217669107 1.027220100339048
62441.1471 lsst_hardware_i -18.955951994122838 29.979999542236328 31.25 AB 4.671745346775164 1.0126066896899006
62457.0908 lsst_hardware_i 17.602331336391423 63.75 31.329999923706055 AB 3.1667687041485233 1.021538291660814
62457.1102 lsst_hardware_r 127.20861042651744 75.9800033569336 31.65999984741211 AB 3.130903463316745 1.0099688591344338
62462.0955 lsst_hardware_r 147.18714606364804 83.43000030517578 31.65999984741211 AB 3.852018932893644 1.0102772914876565
62462.1137 lsst_hardware_i -101.41786749207287 67.88999938964844 31.34000015258789 AB 3.878350441426641 1.0099432597787033
62463.0213 lsst_hardware_y 14.071499154062753 60.93000030517578 30.030000686645508 AB 8.60123734819339 1.1243447513978286
62463.039 lsst_hardware_u -3.366291932738258 3.4200000762939453 28.600000381469727 AB 8.201989777110956 1.0770244276997116
62464.0735 lsst_hardware_i 3.2370087742180558 31.709999084472656 31.270000457763672 AB 7.700428871879228 1.0199243538912885
62464.094 lsst_hardware_z -25.660331826409404 47.150001525878906 30.969999313354492 AB 8.004718812197426 1.0092950210814535
62467.0739 lsst_hardware_i 91.02164033406154 29.920000076293945 31.25 AB 3.640166161565346 1.0137856001389989
62467.0949 lsst_hardware_u 1.2125430901792433 2.680000066757202 28.459999084472656 AB 3.8452092198283183 1.0089543795058233
62478.0431 lsst_hardware_y -29.171018790959106 47.650001525878906 30.059999465942383 AB 3.0837685938601096 1.0142307495017628
62478.062 lsst_hardware_r 41.17788723438531 22.299999237060547 31.5 AB 3.0626352683394047 1.0087731450395359
62480.0457 lsst_hardware_y 36.17201954628252 47.709999084472656 30.059999465942383 AB 7.527441187905755 1.0104852140559601
62480.066 lsst_hardware_z -103.68232062282362 40.650001525878906 30.950000762939453 AB 7.466497367089679 1.010374257482985
62482.0457 lsst_hardware_y -35.78921844010322 47.83000183105469 30.059999465942383 AB 13.709618541467826 1.0091484842576104
62482.0657 lsst_hardware_z -23.22350567730095 42.38999938964844 30.959999084472656 AB 13.755080413830006 1.012470035613277
62484.0293 lsst_hardware_y -209.48726088536557 71.3499984741211 30.079999923706055 AB 8.447749373429447 1.0127981505130614
62484.0482 lsst_hardware_r 8.049732779628545 47.939998626708984 31.639999389648438 AB 7.970493167040431 1.0089231857013203
62486.0309 lsst_hardware_y 7.489715494914612 77.41999816894531 30.079999923706055 AB 10.007460145101957 1.0099976671336428
62486.0499 lsst_hardware_r 30.165992989016548 65.44000244140625 31.649999618530273 AB 10.104687417233823 1.0104661507845292
