data/validation/pwv_sim_epoch_fit_4/44576591.ecsv
# %ECSV 0.9
# ---
# datatype:
# - {name: time, datatype: float64}
# - {name: band, datatype: string}
# - {name: flux, datatype: float64}
# - {name: fluxerr, datatype: float64}
# - {name: zp, datatype: float64}
# - {name: zpsys, datatype: string}
# - {name: pwv, datatype: float64}
# - {name: airmass, datatype: float64}
# meta: {SNID: '44576591', alt: 1024.0, c: -0.08998391777276993, dec: -60.623394, lat: -30.244573, lon: -70.7499537, ra: 34.811321, t0: 62054.12109375,
#   x0: 4.3221631579878166e-06, x1: -0.3940834403038025, z: 0.6507861018180847}
# schema: astropy-2.0
time band flux fluxerr zp zpsys pwv airmass
[from data line 132]
62425.3299 lsst_hardware_i 17.86281258384018 31.700000762939453 31.219999313354492 AB 9.07891936112304 1.2932626520438317
62427.2953 lsst_hardware_i -6.7163788677626295 44.31999969482422 31.260000228881836 AB 7.475091050912969 1.2261617995920446
62427.3064 lsst_hardware_z -60.34167308147094 49.38999938964844 30.940000534057617 AB 7.606817334131958 1.2486568178155737
62429.2975 lsst_hardware_r 22.568200496758703 72.12999725341797 31.600000381469727 AB 1.6087289495620594 1.2413032018231713
62429.3081 lsst_hardware_z 14.291333812183423 57.91999816894531 30.950000762939453 AB 1.4593211918409323 1.265124570299898
62433.2925 lsst_hardware_r 50.157709106488305 75.12000274658203 31.600000381469727 AB 3.890920119746086 1.2541915073853585
62433.3036 lsst_hardware_i -66.11565549297089 60.939998626708984 31.280000686645508 AB 3.984639797795597 1.2812689936372132
62435.2926 lsst_hardware_z -1.163186955933519 52.040000915527344 30.940000534057617 AB 1.7403832000709514 1.2672693204400132
62435.3046 lsst_hardware_i -23.22663680438347 49.54999923706055 31.260000228881836 AB 1.7573899281437986 1.298883908458092
62437.2397 lsst_hardware_z -67.90148187818853 47.45000076293945 30.940000534057617 AB 3.191186432979034 1.1841137042592909
62437.2504 lsst_hardware_r 52.417298717092265 42.400001525878906 31.56999969482422 AB 2.6939057230325365 1.197557556360153
62438.28 lsst_hardware_g 34.23786391834328 35.0 31.579999923706055 AB 3.2685848191131712 1.2568257443398505
62438.2905 lsst_hardware_r 35.61549065422712 37.150001525878906 31.530000686645508 AB 3.350686629227316 1.2827231401366874
62440.2776 lsst_hardware_i -32.56854936507619 33.349998474121094 31.219999313354492 AB 4.8032555976030515 1.2640146309481715
62440.2877 lsst_hardware_z -35.28905464459344 45.06999969482422 30.920000076293945 AB 4.90145573031816 1.289856771136358
62458.209 lsst_hardware_r -7.3392319936629 64.26000213623047 31.600000381469727 AB 5.571089402128866 1.223138350541493
62458.2215 lsst_hardware_y -25.652571362323812 51.970001220703125 29.979999542236328 AB 5.684898866884035 1.2481253344056282
62460.1822 lsst_hardware_z -38.41713911236278 84.33999633789062 31.709999084472656 AB 6.16665757515642 1.1904361330374995
62461.1813 lsst_hardware_r -63.71843195471606 82.54000091552734 31.610000610351562 AB 3.763209562658169 1.1927764065479511
62465.0464 lsst_hardware_z -167.16522398572306 60.91999816894531 31.68000030517578 AB 6.23807290607527 1.212689134151491
62465.0599 lsst_hardware_i 39.18438217407165 30.959999084472656 31.219999313354492 AB 6.177528700285599 1.1927649944236072
62466.1371 lsst_hardware_r 46.11198309773714 33.380001068115234 31.549999237060547 AB 6.070326896097405 1.1644780233901184
62466.1492 lsst_hardware_z 58.483967134519546 46.40999984741211 30.940000534057617 AB 6.129939166333902 1.1730070163611357
62468.1796 lsst_hardware_r -13.558495775502454 22.399999618530273 31.450000762939453 AB 4.015170269834367 1.2193972423762407
62468.1922 lsst_hardware_u 8.255743197044524 3.3299999237060547 28.459999084472656 AB 4.010770557299667 1.2438426290273734
62473.1618 lsst_hardware_u 2.3606967241230277 2.490000009536743 28.25 AB 7.840032883479484 1.2123315824385719
62473.1734 lsst_hardware_g -17.652637042684802 12.899999618530273 31.31999969482422 AB 7.871929777689428 1.2333122063813033
62477.1836 lsst_hardware_z -36.51005766072298 44.27000045776367 30.920000076293945 AB 5.135711018446555 1.2816848062007875
62477.1941 lsst_hardware_r -15.210232744909815 22.81999969482422 31.43000030517578 AB 5.283689898419469 1.311089304818592
62479.1022 lsst_hardware_i -24.009763467272965 31.200000762939453 31.229999542236328 AB 7.1229405971880535 1.1648308417316071
62479.1149 lsst_hardware_u -2.792576011476908 2.619999885559082 28.360000610351562 AB 7.2374413609961366 1.1740516442527598
62481.103 lsst_hardware_g 21.011962277776437 17.790000915527344 31.469999313354492 AB 12.47171887049754 1.1689040219157085
62481.1153 lsst_hardware_r 17.927020101313104 24.6299991607666 31.479999542236328 AB 12.470859226989315 1.1796028118382884
62483.0796 lsst_hardware_r -40.88181523330539 33.599998474121094 31.559999465942383 AB 13.172616728568842 1.1596634147872913
62483.0904 lsst_hardware_i 64.99407629729238 36.2599983215332 31.260000228881836 AB 13.904117048039252 1.1643363892286882
62485.0869 lsst_hardware_z 67.2029728087718 67.38999938964844 31.700000762939453 AB 9.058756885813155 1.165475273209216
62489.0809 lsst_hardware_i 96.24801389986773 82.01000213623047 32.04999923706055 AB 4.7549674788717535 1.1687274127743588
62489.0939 lsst_hardware_z -78.09762631860401 79.44000244140625 31.709999084472656 AB 3.5944799668980796 1.1800656490144712
62491.0816 lsst_hardware_i 7.024561364748266 61.9900016784668 31.299999237060547 AB 5.219580407449109 1.173598742540744
62491.0946 lsst_hardware_z -18.516395984951377 58.41999816894531 30.959999084472656 AB 3.6793024234213654 1.186871749490763
62493.0841 lsst_hardware_g 19.515116964818965 54.97999954223633 31.649999618530273 AB 5.06318239080622 1.1812386011678921
62493.0967 lsst_hardware_r -3.9865116109757124 60.959999084472656 31.600000381469727 AB 5.085613670938776 1.1965211366023898
62495.0826 lsst_hardware_i -56.7832817812376 30.989999771118164 31.219999313354492 AB 8.444752370817822 1.18561667504937
62495.0958 lsst_hardware_r 1.3923599750607534 22.459999084472656 31.459999084472656 AB 7.236052025278033 1.203051170086605
