data/validation/pwv_sim_epoch_fit_4/44593447.ecsv
# %ECSV 0.9
# ---
# datatype:
# - {name: time, datatype: float64}
# - {name: band, datatype: string}
# - {name: flux, datatype: float64}
# - {name: fluxerr, datatype: float64}
# - {name: zp, datatype: float64}
# - {name: zpsys, datatype: string}
# - {name: pwv, datatype: float64}
# - {name: airmass, datatype: float64}
# meta: {SNID: '44593447', alt: 1024.0, c: -0.10720118135213852, dec: -14.323464, lat: -30.244573, lon: -70.7499537, ra: 2.8125, t0: 60523.51953125,
#   x0: 1.6550117772583107e-05, x1: 0.0030548619106411934, z: 0.37169140577316284}
# schema: astropy-2.0
time band flux fluxerr zp zpsys pwv airmass
[from data line 133]
60942.1886 lsst_hardware_r -4.691283116967053 23.969999313354492 31.510000228881836 AB 3.867240159283642 1.0416808509854927
60946.1499 lsst_hardware_g 0.5865739557181308 16.969999313354492 31.5 AB 4.585384040437483 1.0635446292836552
60946.1684 lsst_hardware_r -3.489426761052809 24.90999984741211 31.520000457763672 AB 4.695986022737474 1.0457795726613377
60949.1447 lsst_hardware_i 41.01808579814369 55.93000030517578 32.040000915527344 AB 6.4346224909310985 1.0597786150311994
60949.1648 lsst_hardware_z -20.00580654106768 64.19999694824219 31.709999084472656 AB 6.15060032409428 1.0433588336035964
60954.1334 lsst_hardware_z -47.67232276858041 97.79000091552734 31.0 AB 4.612763421820077 1.0570640897897627
60954.1523 lsst_hardware_r -32.81806658164636 141.66000366210938 31.65999984741211 AB 4.548485679040288 1.0428718741351857
60956.1352 lsst_hardware_i -295.2288113656355 87.19000244140625 31.34000015258789 AB 5.231420842785501 1.0500292729640486
60956.1525 lsst_hardware_r -42.06535729109067 111.11000061035156 31.65999984741211 AB 5.20382211622699 1.0411808956036825
60958.1302 lsst_hardware_z -46.47635609640949 48.959999084472656 30.959999084472656 AB 3.280943877091646 1.049650124639309
60958.1493 lsst_hardware_g -48.723686698963 54.16999816894531 31.709999084472656 AB 3.2767903397059075 1.0408291399048946
60960.1091 lsst_hardware_g 3.8827639859406085 15.039999961853027 31.450000762939453 AB 6.1817199283576665 1.0670709620571748
60960.1277 lsst_hardware_r -27.810363587552057 23.829999923706055 31.510000228881836 AB 6.303806044899853 1.0474048425521065
60962.1117 lsst_hardware_i -3.459334035000956 31.190000534057617 31.25 AB 7.637019554846002 1.0569050243126747
60962.1291 lsst_hardware_z 5.378923078950108 41.41999816894531 30.950000762939453 AB 8.694714072695904 1.0434491646566293
60964.1132 lsst_hardware_i -32.42066421460267 31.079999923706055 31.260000228881836 AB 8.142235656532286 1.0501593710059398
60964.1316 lsst_hardware_u 0.6842668659700948 2.809999942779541 28.510000228881836 AB 8.184950735546463 1.041011222327054
60969.0998 lsst_hardware_i -50.407852043208614 30.90999984741211 31.25 AB 2.840985829065119 1.0499485663316275
60971.0452 lsst_hardware_u -4.232056753370639 3.880000114440918 29.170000076293945 AB 4.9317468798494275 1.140617954287152
60971.0639 lsst_hardware_g 14.528000451507815 14.739999771118164 31.440000534057617 AB 4.789382816358722 1.0934663964288545
60973.0804 lsst_hardware_g 3.2073244939743675 14.899999618530273 31.440000534057617 AB 4.0394663186120985 1.0583292394075052
60973.0977 lsst_hardware_r 58.18992662222945 23.639999389648438 31.510000228881836 AB 4.717055089831372 1.0440967476662204
60975.0796 lsst_hardware_i 16.711174088367102 31.770000457763672 31.260000228881836 AB 3.068762915796442 1.053381246304451
60975.097 lsst_hardware_z -18.86836596114445 41.65999984741211 30.940000534057617 AB 4.425563747357402 1.042126471120318
60977.0793 lsst_hardware_i 75.86252627436546 34.70000076293945 31.270000457763672 AB 2.4897542905287287 1.0488696326608653
60977.096 lsst_hardware_z -39.918721698863806 43.150001525878906 30.950000762939453 AB 3.0751919321236163 1.0410263818969587
60992.0487 lsst_hardware_z 31.94615254564381 41.470001220703125 30.950000762939453 AB 4.528637647402226 1.0428041327275457
60992.066 lsst_hardware_u -1.9785045543274347 2.7799999713897705 28.469999313354492 AB 4.547134655940729 1.041368294043451
60996.0287 lsst_hardware_y 55.74517034672597 48.11000061035156 30.049999237060547 AB 3.667659957509758 1.047902845002788
60996.0491 lsst_hardware_i -24.001697853342943 31.040000915527344 31.260000228881836 AB 3.985144833949253 1.0406436438047322
60998.0287 lsst_hardware_y -45.46322756591354 49.150001525878906 30.049999237060547 AB 5.895696464782333 1.0444720322633163
60998.0478 lsst_hardware_i 94.77634694688501 31.200000762939453 31.25 AB 4.920771493809952 1.0410108408532366
61000.0296 lsst_hardware_y 27.479266766636783 48.59000015258789 30.040000915527344 AB 4.751113646650572 1.0418537682474804
61000.0495 lsst_hardware_g 1.8208751894038475 14.920000076293945 31.440000534057617 AB 4.020830476839139 1.043107180086196
61005.0225 lsst_hardware_z -131.16033328801905 58.09000015258789 30.979999542236328 AB 5.095214174090972 1.0406891695447245
61005.045 lsst_hardware_u 4.50215212847741 3.630000114440918 28.65999984741211 AB 4.607859378317653 1.0485116910613592
