data/validation/pwv_sim_epoch_fit_4/44615113.ecsv
# %ECSV 0.9
# ---
# datatype:
# - {name: time, datatype: float64}
# - {name: band, datatype: string}
# - {name: flux, datatype: float64}
# - {name: fluxerr, datatype: float64}
# - {name: zp, datatype: float64}
# - {name: zpsys, datatype: string}
# - {name: pwv, datatype: float64}
# - {name: airmass, datatype: float64}
# meta: {SNID: '44615113', alt: 1024.0, c: -0.03271012380719185, dec: -13.708317, lat: -30.244573, lon: -70.7499537, ra: 73.828125, t0: 62832.6328125,
#   x0: 3.038773383497605e-06, x1: -0.5047832131385803, z: 0.7518859505653381}
# schema: astropy-2.0
time band flux fluxerr zp zpsys pwv airmass
62763.3855 lsst_hardware_r -7.9523836530346586 41.0 31.610000610351562 AB 7.279329646339915 1.052002261195381
62766.3756 lsst_hardware_r 23.17261890964192 24.540000915527344 31.510000228881836 AB 1.4747887930756127 1.0534205664825806
62766.3951 lsst_hardware_y -28.98328759872398 54.75 30.049999237060547 AB 1.46116860343054 1.043691859593243
62769.3612 lsst_hardware_u -0.26533179216818154 2.5999999046325684 28.3799991607666 AB 6.266481237301759 1.059511579559009
62769.3811 lsst_hardware_y -21.626206981311594 47.41999816894531 30.040000915527344 AB 6.785748200274914 1.0451269801355225
62770.3671 lsst_hardware_r -8.965414921468271 31.290000915527344 32.22999954223633 AB 4.402139217027687 1.0514454450415187
62770.3789 lsst_hardware_y 55.90008867976923 47.060001373291016 30.040000915527344 AB 3.4016442469432313 1.044944986773402
62777.3498 lsst_hardware_i -60.27142398763182 30.209999084472656 31.25 AB 3.0453229035733806 1.0501113460597864
62777.3678 lsst_hardware_y -12.35280011257554 47.029998779296875 30.049999237060547 AB 3.0259775824623376 1.0434405456766682
62779.3411 lsst_hardware_g 1.8644836473137207 13.489999771118164 31.40999984741211 AB 7.999638726047976 1.0525840429010496
62779.3594 lsst_hardware_y -77.90488314732511 46.970001220703125 30.040000915527344 AB 7.932281647502505 1.0437212694082243
62786.354 lsst_hardware_r -85.60707508288687 88.01000213623047 31.65999984741211 AB 5.785454503087963 1.0450918867538093
62786.3731 lsst_hardware_y -74.61076961257456 56.2599983215332 30.049999237060547 AB 5.872251988594562 1.0585402412969411
62788.3281 lsst_hardware_i 20.06612965565431 66.20999908447266 31.329999923706055 AB 5.278091608341493 1.0455462263544175
62788.3466 lsst_hardware_z 81.04712845695076 60.61000061035156 30.979999542236328 AB 5.640204288145392 1.0444822755824799
62790.3277 lsst_hardware_i -66.30450435040338 55.88999938964844 31.31999969482422 AB 7.32744530604115 1.0440187085618222
62790.3455 lsst_hardware_z 27.082443285268468 54.9900016784668 30.979999542236328 AB 7.642835320906683 1.0460442744491885
62792.3232 lsst_hardware_z -6.140195130865503 47.310001373291016 30.969999313354492 AB 6.413315704865306 1.0438339363387543
62792.3412 lsst_hardware_r 32.97970573960077 45.34000015258789 31.6200008392334 AB 6.799698607482058 1.0465770960018559
62795.3122 lsst_hardware_i 14.751021011807097 31.3799991607666 31.260000228881836 AB 2.4055834070978497 1.0444677938046496
62795.3303 lsst_hardware_r -5.229579713176506 25.09000015258789 31.530000686645508 AB 2.4322305039951986 1.0454087197944442
62797.2565 lsst_hardware_u -3.144659435294373 2.5899999141693115 28.350000381469727 AB 4.0009171283367655 1.1071372198787313
62797.2728 lsst_hardware_g 5.175423677805952 13.420000076293945 31.399999618530273 AB 3.8346907091887923 1.0755238637436528
62800.3134 lsst_hardware_z 69.56871071135251 41.044855331135714 30.950000762939453 AB 1.4478330674568365 1.0443614336067586
62800.3313 lsst_hardware_r -31.115193511342657 22.510273062445904 31.5 AB 1.409440616335317 1.0549705212087428
62802.316 lsst_hardware_u -1.35491106563318 2.9093921633289943 28.559999465942383 AB 2.991961834474772 1.047666822693238
62802.3333 lsst_hardware_g -2.1378948392451282 13.65567137723899 31.420000076293945 AB 3.0024484764483614 1.062970400276747
62808.3042 lsst_hardware_i 120.53842867871168 31.909591529360647 31.25 AB 5.042944358858249 1.0506134080954685
62808.3227 lsst_hardware_r 59.784851636447534 23.53325169219636 31.5 AB 5.139278052818876 1.0706829276705994
62816.158 lsst_hardware_z 863.8582073057049 115.20126050756144 31.719999313354492 AB 3.700404879363061 1.2771760973411392
62816.1842 lsst_hardware_r 898.9145510112606 160.987697315653 32.380001068115234 AB 0.9023235854182295 1.1650401361108689
62818.2633 lsst_hardware_i 661.4502075739713 74.32105138045773 31.329999923706055 AB 4.609102670584969 1.0441220276187348
62818.2823 lsst_hardware_z 370.26177426643824 67.17654263368559 30.979999542236328 AB 4.730361178722125 1.0550991476703626
62820.2293 lsst_hardware_i 808.443621817695 58.12038764504702 31.309999465942383 AB 7.812431837295343 1.0524628637067686
62820.247 lsst_hardware_z 469.24521679399993 55.64195717738236 30.969999313354492 AB 7.640509162858705 1.043785404761941
62821.2643 lsst_hardware_z 923.7506837199741 73.50128416766991 31.709999084472656 AB 6.175559772369944 1.0477594651176407
62828.2338 lsst_hardware_i 1151.1397525869156 44.56417473385794 31.25 AB 6.450104690594725 1.0437062606139982
62828.2529 lsst_hardware_z 652.5405468604849 48.06572485515816 30.950000762939453 AB 6.414121819280871 1.0532219736093384
62830.2251 lsst_hardware_r 763.18704136976 36.07564441005676 31.489999771118164 AB 6.487965327004247 1.0434167460605266
62830.2441 lsst_hardware_g 191.1307998674882 18.1009467700584 31.420000076293945 AB 6.52148362333562 1.0505813327967168
62834.1884 lsst_hardware_z 722.1223359213992 48.607218837338515 30.950000762939453 AB 4.626645217248414 1.0547865074660112
62834.2075 lsst_hardware_i 1124.456988668446 44.79504946301796 31.25 AB 4.494863733135239 1.0440222359403621
62837.214 lsst_hardware_z 674.1874795798335 48.11877062652541 30.950000762939453 AB 6.582391184926586 1.0448239976073947
62837.2334 lsst_hardware_g 96.33812169959153 16.862414658304125 31.420000076293945 AB 6.665658949452333 1.058041103087672
62839.2155 lsst_hardware_r 677.2539184615359 45.28298028900268 31.600000381469727 AB 4.591859484528267 1.0479510434252506
62839.2337 lsst_hardware_i 1050.766904003286 48.788981142255174 31.280000686645508 AB 4.621719887604021 1.064728419651832
62841.2277 lsst_hardware_z 1218.93126831397 85.02477368408205 31.719999313354492 AB 5.668970264628467 1.0640458476146213
62845.2027 lsst_hardware_r 402.7015905286645 117.65907681377628 31.65999984741211 AB 10.224507769462505 1.050256312828382
62845.2151 lsst_hardware_i 865.0457184118063 95.5577057999381 31.34000015258789 AB 9.957278660498012 1.0619964441657435
62850.1836 lsst_hardware_z 595.6229282863779 52.04871084976443 30.959999084472656 AB 8.33839302354773 1.0469341123446847
62850.2012 lsst_hardware_i 708.9839276000707 50.448782885795495 31.290000915527344 AB 8.465422503322964 1.0617017488023064
62852.1557 lsst_hardware_u 5.849430734387406 2.7971215949330293 28.520000457763672 AB 9.805975365074255 1.0447077699926406
62852.1752 lsst_hardware_g 28.93258903037915 20.640925323160857 31.559999465942383 AB 8.94900811797867 1.0455975601553043
62854.155 lsst_hardware_r 226.56827674908698 27.450736357235034 31.510000228881836 AB 3.3448972633101755 1.0436496921404603
62854.1754 lsst_hardware_i 498.045026239989 37.408549729510234 31.260000228881836 AB 5.418409869773744 1.04845392217001
62856.1281 lsst_hardware_i 378.4710522493554 36.61085664268746 31.260000228881836 AB 4.401698627238628 1.0549939786059388
62856.148 lsst_hardware_z 405.1232988420758 45.11954272379254 30.950000762939453 AB 4.29799969716803 1.0439005882974572
62859.1327 lsst_hardware_r 193.6711775639736 25.716046104897348 31.5 AB 6.511175156605415 1.0461819894123985
62859.1524 lsst_hardware_g 8.801158938895474 14.059374905448848 31.43000030517578 AB 6.508754778893092 1.0443667662390135
62862.1331 lsst_hardware_r 116.25586998512132 25.07693313481406 31.5 AB 5.037461317486287 1.043654905989804
62862.1542 lsst_hardware_i 278.82451374686605 34.45674081467553 31.25 AB 5.062280055296419 1.048851145819278
62867.1198 lsst_hardware_z 215.33019855028067 45.880298686142886 30.959999084472656 AB 7.23193747239691 1.0436072690063725
62867.1412 lsst_hardware_g 9.052620573349483 29.173351609902763 31.649999618530273 AB 7.308689497490103 1.0492706544890353
62869.1223 lsst_hardware_r 289.09976407990183 77.54789506522222 32.38999938964844 AB 4.425033344860234 1.0437630250879193
62869.1441 lsst_hardware_i 295.1751997492292 71.39755126187598 32.060001373291016 AB 4.094960030423308 1.0560825352477898
62871.0945 lsst_hardware_i 175.49094874340352 65.19261327740317 31.329999923706055 AB 10.9226125513425 1.049175129803647
62871.1156 lsst_hardware_z 181.8815557379508 60.079597976190456 30.979999542236328 AB 10.85713040724376 1.0435869155660267
62873.0912 lsst_hardware_r -21.68037253818698 101.71456374232982 31.65999984741211 AB 9.200752806310604 1.047852113809136
62873.1127 lsst_hardware_z 140.46017479217056 72.84981337707386 30.989999771118164 AB 9.178680113427925 1.0440105910004176
62875.0904 lsst_hardware_r 224.4209901656472 96.8310265805968 31.65999984741211 AB 6.851208062367445 1.0455868847565732
62875.1113 lsst_hardware_i 361.35835890615033 77.77463775180131 31.34000015258789 AB 6.868872532775851 1.0451723269591982
62880.0751 lsst_hardware_z 145.17482500073913 42.3280250057397 30.950000762939453 AB 6.9327500107459725 1.0462949005049762
62880.0948 lsst_hardware_i 131.90252665418447 31.82065203250537 31.25 AB 7.170814318299883 1.0442933473252256
62884.0482 lsst_hardware_y 129.14473923714127 49.6512925222074 30.049999237060547 AB 4.127832438086349 1.0584185738682947
62884.0675 lsst_hardware_r 34.72353329352946 23.117957237362663 31.510000228881836 AB 4.075366271448259 1.0449657106277588
62886.0574 lsst_hardware_z 158.89133961155267 60.6740502364372 31.700000762939453 AB 8.631515721262142 1.0469317092550228
62888.0488 lsst_hardware_y 114.40194631488909 49.04658121262479 30.040000915527344 AB 11.32608628906638 1.0487116934320722
62888.0699 lsst_hardware_g 55.478840235351925 14.666187317238041 31.389999389648438 AB 11.27171984382897 1.0436777633174972
62890.0466 lsst_hardware_y 158.46782237776878 48.95260407503376 30.040000915527344 AB 13.587837269378129 1.0468690835069248
62890.0658 lsst_hardware_i 45.39186820885083 31.370233716576575 31.25 AB 13.556460937021132 1.0439088217939092
62892.045 lsst_hardware_y 115.07932256856608 49.64862154711913 30.049999237060547 AB 12.440598416895464 1.0451942212021506
62892.0653 lsst_hardware_i 37.12967799959298 31.444888068535573 31.260000228881836 AB 12.492826322441434 1.0453227430327388
62894.0434 lsst_hardware_y 84.53087147404237 50.328788046622 30.049999237060547 AB 12.20268053597548 1.0440647294277854
62894.0613 lsst_hardware_g 19.412317521043946 16.80362391053311 31.479999542236328 AB 12.171606266252628 1.0459102543182255
62896.0312 lsst_hardware_y 66.263852815117 69.17930024473378 30.06999969482422 AB 11.32236861669857 1.0463893365195645
62896.0504 lsst_hardware_i 113.73821963612424 36.748336346473714 31.280000686645508 AB 11.674789857118817 1.044116608426313
62898.0373 lsst_hardware_z 141.0032205798595 87.5130087225212 31.729999542236328 AB 8.840859877240536 1.0434155408049732
63142.3251 lsst_hardware_z -65.86194188081949 86.37999725341797 31.729999542236328 AB 3.4877392844506163 1.0804644623452964
63144.3616 lsst_hardware_z -55.37118430852392 55.38999938964844 30.979999542236328 AB 7.9309182075474105 1.043541869414133
63144.37 lsst_hardware_y 105.95457723078194 51.59000015258789 30.049999237060547 AB 7.934636533098893 1.0440311227761703
63146.3692 lsst_hardware_i 10.464671256178288 43.400001525878906 31.299999237060547 AB 3.7634723382686284 1.0454089828523967
63146.3883 lsst_hardware_y -74.398545411874 77.79000091552734 30.06999969482422 AB 4.128144420921164 1.0594720159773718
63148.3551 lsst_hardware_i -38.477212629814005 33.43000030517578 31.270000457763672 AB 2.987830227174528 1.04347970681299
63148.3737 lsst_hardware_y -50.2764663662143 49.33000183105469 30.049999237060547 AB 3.0078765032580854 1.0510313330352636
63150.3317 lsst_hardware_u -0.5714013249068985 2.7699999809265137 28.450000762939453 AB 4.743388989575564 1.0481469427854284
63150.3503 lsst_hardware_g 1.9543241265222362 15.220000267028809 31.459999084472656 AB 4.509359027172207 1.043531160467968
63152.3304 lsst_hardware_r 10.078085963945291 22.149999618530273 31.489999771118164 AB 5.527325194385505 1.0460164379847512
63152.3495 lsst_hardware_i 2.940249515517677 30.079999923706055 31.239999771118164 AB 5.696557559840611 1.0443456782889597
63156.3289 lsst_hardware_g -3.26517492470447 13.430000305175781 31.420000076293945 AB 5.663957850854751 1.0435345791662427
63156.3463 lsst_hardware_r 12.981919226275272 22.100000381469727 31.489999771118164 AB 5.121977900446164 1.047439243445001
63158.3098 lsst_hardware_i 15.852824200879748 30.219999313354492 31.25 AB 3.9830850327253904 1.0481802717698396
63158.3278 lsst_hardware_z 20.942697003430027 40.970001220703125 30.950000762939453 AB 3.965216812262668 1.0434781084901759
63160.3129 lsst_hardware_i -9.386817366807692 30.149999618530273 31.25 AB 2.419513747405781 1.0444695650359046
63160.3309 lsst_hardware_u 1.9207929502264158 2.630000114440918 28.40999984741211 AB 2.427278328687416 1.0453770212915945
63162.3142 lsst_hardware_g 3.552049521531792 13.5 31.40999984741211 AB 3.313412435018087 1.0434301480138835
63162.3328 lsst_hardware_r 22.54168687603146 22.290000915527344 31.489999771118164 AB 3.333953037680935 1.0491552317460262
63164.3071 lsst_hardware_i 16.938349652684483 30.219999313354492 31.25 AB 3.9522805828769774 1.0435293844644267
63164.3257 lsst_hardware_r -2.0887802339023827 22.190000534057617 31.489999771118164 AB 3.9689561504658353 1.0481398284680903
63167.3086 lsst_hardware_z 81.23582429280717 53.75 30.969999313354492 AB 2.9333358138173993 1.0443563200061947
63167.326 lsst_hardware_g 65.81308319258922 52.45000076293945 31.700000762939453 AB 3.0149484291637516 1.0544850233157979
63169.2879 lsst_hardware_z 121.59222258460662 67.87000274658203 30.989999771118164 AB 3.655019177462284 1.0445896477455374
63169.304 lsst_hardware_r 26.62891547573445 98.0199966430664 31.65999984741211 AB 4.644526971658229 1.0445942022285193
63180.2767 lsst_hardware_z 99.51855014917773 40.869998931884766 30.940000534057617 AB 9.986534331982181 1.0455279356463634
63180.2946 lsst_hardware_i 16.39886685465281 30.56999969482422 31.25 AB 10.981948171140074 1.0585180328493702
63182.2658 lsst_hardware_u 2.2047348867752046 2.5799999237060547 28.360000610351562 AB 4.280119249933145 1.043931524373938
63182.2838 lsst_hardware_g -11.262511695521413 13.59000015258789 31.389999389648438 AB 4.318852207300024 1.0533785871463475
63185.263 lsst_hardware_r 11.605431329156069 22.600000381469727 31.489999771118164 AB 4.754182205635573 1.045507109931403
63185.2809 lsst_hardware_i -48.782848531145625 30.59000015258789 31.25 AB 4.92547530230979 1.0584642758495995
63188.2565 lsst_hardware_i 1.277356205423353 30.459999084472656 31.25 AB 4.184878442046112 1.046219610511528
63188.2767 lsst_hardware_z 35.29146691644775 41.4900016784668 30.940000534057617 AB 4.252075158137208 1.063018789534302
63190.2529 lsst_hardware_r -0.6549874531868101 22.469999313354492 31.489999771118164 AB 4.58553744044076 1.0471255810711535
63190.2736 lsst_hardware_g -6.821720639632139 13.75 31.40999984741211 AB 4.598497602599713 1.066009296458931
63192.2538 lsst_hardware_r 3.9153792979193063 22.700000762939453 31.5 AB 3.1059243483983634 1.0511928074452945
63192.2738 lsst_hardware_i -54.48714821957237 30.860000610351562 31.25 AB 3.1678781799844358 1.074099744570371
63196.2284 lsst_hardware_r 63.22932137193451 72.48999786376953 31.649999618530273 AB 5.486569257644852 1.0440995764492316
63196.2469 lsst_hardware_z -38.05777929989685 57.41999816894531 30.979999542236328 AB 5.577846175648492 1.05454616378528
63200.2316 lsst_hardware_i 40.442816346396974 88.97000122070312 31.34000015258789 AB 5.764302738161092 1.0509211920074917
63200.2516 lsst_hardware_z 94.11220496449273 77.37999725341797 30.989999771118164 AB 6.464360632858513 1.073546563623435
63203.2153 lsst_hardware_r -20.541675865310996 60.7599983215332 31.639999389648438 AB 6.590211373079477 1.0461048326442275
63203.2332 lsst_hardware_z 92.59738958617316 52.66999816894531 30.969999313354492 AB 6.682697911549408 1.060036033535217
63205.218 lsst_hardware_r -7.8776010785509705 40.630001068115234 31.610000610351562 AB 2.815254479997201 1.0509582753139342
63205.2365 lsst_hardware_i 31.930950830188728 40.189998626708984 31.290000915527344 AB 2.8361873279935126 1.0713711693240835
63207.2206 lsst_hardware_z -77.25132459922537 42.15999984741211 30.950000762939453 AB 4.496158345605858 1.0582100997778394
63207.2394 lsst_hardware_i 14.13498813466548 33.459999084472656 31.260000228881836 AB 4.5698642547700805 1.085134776342482
63209.1958 lsst_hardware_r 15.571387435809523 22.510000228881836 31.489999771118164 AB 6.358459718086594 1.044897040891762
63209.2141 lsst_hardware_u 0.7633100118773681 2.6600000858306885 28.420000076293945 AB 5.68615046294019 1.0571345328181805
63212.1523 lsst_hardware_g 17.339791463320715 13.84000015258789 31.40999984741211 AB 12.50690871491702 1.0560145830977148
63212.1704 lsst_hardware_r -34.493813455329914 22.530000686645508 31.489999771118164 AB 13.266493926022251 1.044605820946634
63215.1833 lsst_hardware_i -15.237181481745818 30.43000030517578 31.25 AB 8.336146617640267 1.0464508900180172
63215.2025 lsst_hardware_z -31.73645807896164 41.459999084472656 30.950000762939453 AB 8.461402978770096 1.062427106768837
63221.1228 lsst_hardware_i 26.180627511489362 34.56999969482422 31.270000457763672 AB 3.289917273915452 1.06126363674692
63221.1431 lsst_hardware_z 13.277398960394262 42.779998779296875 30.950000762939453 AB 4.360186689970774 1.0455456363458064
63223.1211 lsst_hardware_r -35.83986946802045 49.13999938964844 31.6299991607666 AB 4.542125187683421 1.0571686693083213
63223.1394 lsst_hardware_z -12.839983215414025 47.939998626708984 30.969999313354492 AB 4.970265690800661 1.0449051907779945
63225.1293 lsst_hardware_y -141.14073483539147 52.810001373291016 30.049999237060547 AB 6.653419940300598 1.0468347465366947
63225.15 lsst_hardware_r 32.9522399972837 75.91000366210938 31.649999618530273 AB 6.683369327185651 1.0442764573727579
63227.1191 lsst_hardware_i -145.3191948636803 81.91999816894531 31.34000015258789 AB 5.271743466656507 1.049625379125238
63227.1401 lsst_hardware_z -58.201097489232744 71.1500015258789 30.989999771118164 AB 5.053732160902897 1.0435127319642572
63230.1176 lsst_hardware_r -129.1484544590267 90.33999633789062 31.65999984741211 AB 7.7694778560536895 1.045924773083288
63230.1377 lsst_hardware_z 87.40248986261352 64.62999725341797 30.989999771118164 AB 8.182743198764472 1.0446499679260146
