data/validation/pwv_sim_epoch_fit_4/44613954.ecsv
# %ECSV 0.9
# ---
# datatype:
# - {name: time, datatype: float64}
# - {name: band, datatype: string}
# - {name: flux, datatype: float64}
# - {name: fluxerr, datatype: float64}
# - {name: zp, datatype: float64}
# - {name: zpsys, datatype: string}
# - {name: pwv, datatype: float64}
# - {name: airmass, datatype: float64}
# meta: {SNID: '44613954', alt: 1024.0, c: -0.13195785880088806, dec: -17.582775, lat: -30.244573, lon: -70.7499537, ra: 58.886719, t0: 61609.546875,
#   x0: 2.5401897216735284e-05, x1: 0.4546293318271637, z: 0.30916815996170044}
# schema: astropy-2.0
time band flux fluxerr zp zpsys pwv airmass
61648.3827 lsst_hardware_r 1038.7812384948468 39.709756539038096 31.489999771118164 AB 5.090978049533215 1.0474365468392384
61648.3994 lsst_hardware_y 404.0310079585572 51.432152052175596 30.049999237060547 AB 5.029993258064742 1.0314408594801248
61650.4126 lsst_hardware_z 1256.8780138078776 59.80092665908906 30.969999313354492 AB 2.2719966476381073 1.0252692453240555
61652.3928 lsst_hardware_r 961.210933466852 37.28471689059083 31.5 AB 2.332681001504341 1.0289348288201468
61652.4119 lsst_hardware_y 362.4035181618864 57.557374719347614 30.059999465942383 AB 2.4375541453107346 1.0256188549694536
61654.3944 lsst_hardware_g 296.36854685266513 21.18018199463724 31.40999984741211 AB 0.730684331255376 1.0262420382800226
61654.4128 lsst_hardware_y 456.47697558795426 67.20877239679429 30.06999969482422 AB 0.7730468249352261 1.0273047507444866
61656.3893 lsst_hardware_i 1308.2664946623397 46.84806408872355 31.25 AB 2.3285077062198094 1.0261510273462253
61656.408 lsst_hardware_z 1006.694051136829 56.09118696795375 30.969999313354492 AB 2.350200993519945 1.02756000591122
61673.3465 lsst_hardware_i 786.6075285046915 41.84842983031857 31.25 AB 6.060104191721235 1.0254850988613649
61673.3649 lsst_hardware_z 495.8670117385168 46.70522053657447 30.950000762939453 AB 6.034974954367764 1.0290689665560175
61677.3433 lsst_hardware_r -9.017502172498872 22.100000381469727 31.5 AB 7.084444314025548 1.0255667692271053
61677.3618 lsst_hardware_u -0.8255649549945557 2.630000114440918 28.420000076293945 AB 7.1689851774615505 1.0341622644379895
61679.3327 lsst_hardware_g 16.914268118250387 13.34000015258789 31.40999984741211 AB 4.5813107722390205 1.0252840221349
61679.3519 lsst_hardware_i 15.277019701112586 29.889999389648438 31.25 AB 4.324378905726428 1.0310050637510104
61681.3243 lsst_hardware_z -13.090744408711444 40.72999954223633 30.950000762939453 AB 3.318274969639298 1.0255305355845439
61681.3421 lsst_hardware_r 1.5412469349060731 22.139999389648438 31.489999771118164 AB 2.9829165332997882 1.0285919080344097
61683.321 lsst_hardware_u -2.6329376964776796 2.640000104904175 28.43000030517578 AB 7.086499187068415 1.025320001022688
61683.3397 lsst_hardware_g 3.781114696147399 13.34000015258789 31.399999618530273 AB 7.82970554299969 1.0302244135525909
61685.3173 lsst_hardware_r 3.810104335282742 22.079999923706055 31.489999771118164 AB 4.744936339835663 1.0252671434391771
61685.3376 lsst_hardware_i -31.25102667916 30.1299991607666 31.25 AB 3.7166282804049127 1.0323967445569202
61687.3179 lsst_hardware_z -14.462000533148528 40.7599983215332 30.950000762939453 AB 2.787200875963421 1.0259005739389762
61687.3372 lsst_hardware_r 7.9015415293364155 22.290000915527344 31.5 AB 2.9990741271369616 1.0364269532785262
61691.2978 lsst_hardware_z -7.730336341519622 53.91999816894531 30.979999542236328 AB 5.470256892095666 1.0254328314479673
61691.3151 lsst_hardware_i -64.2850246077897 54.869998931884766 31.31999969482422 AB 5.447163644913965 1.0287372322782686
61693.2416 lsst_hardware_z -2.650160880063488 68.41999816894531 30.979999542236328 AB 6.821119201753868 1.0771322036667863
61693.2613 lsst_hardware_r 202.64381733143404 98.80000305175781 31.649999618530273 AB 6.653005027654469 1.0456315529632287
61695.3059 lsst_hardware_y -46.378683483317346 77.31999969482422 30.81999969482422 AB 5.58258026394803 1.0296322513160334
61697.2837 lsst_hardware_r -36.23782178954011 63.619998931884766 31.649999618530273 AB 3.7125290365431463 1.0252772815638558
61697.3013 lsst_hardware_i 16.249578155441693 55.08000183105469 31.31999969482422 AB 3.914451193084161 1.0301187350221477
61701.2765 lsst_hardware_z -13.62452083084374 41.650001525878906 30.950000762939453 AB 3.707280048546146 1.0254087952647255
61701.2939 lsst_hardware_r -19.966620000340995 26.56999969482422 31.540000915527344 AB 3.2840083686144634 1.032382385606458
61706.2766 lsst_hardware_i 6.576413253632023 30.1299991607666 31.25 AB 2.2882409469386467 1.0300431901591927
61706.294 lsst_hardware_z -49.028722282763894 41.0099983215332 30.950000762939453 AB 3.0175760500546733 1.0455005803567512
61710.1646 lsst_hardware_u -3.9945376915962303 4.53000020980835 29.530000686645508 AB 5.353746485380903 1.16076675925655
61710.1965 lsst_hardware_g -29.540538034994466 19.299999237060547 32.150001525878906 AB 4.767166263495215 1.0745331372692422
61723.2226 lsst_hardware_r 97.33614288061638 105.52999877929688 31.65999984741211 AB 7.379719726048874 1.0266721933846514
61723.2414 lsst_hardware_z -44.84767785215667 73.54000091552734 31.0 AB 7.410375119349002 1.0387405549970565
61725.229 lsst_hardware_z -3.565196825144839 60.90999984741211 30.989999771118164 AB 7.730701982263185 1.032825916134026
61725.2475 lsst_hardware_i 117.11618587116077 67.12000274658203 31.329999923706055 AB 8.096122255047407 1.0525379946759499
61727.2142 lsst_hardware_r -33.42351262929888 50.31999969482422 31.6299991607666 AB 4.701638850586462 1.0275683205303858
61727.2342 lsst_hardware_z -16.398504563834972 48.68000030517578 30.969999313354492 AB 4.7695286533578685 1.0426338732883473
61730.2152 lsst_hardware_r 3.6783081256127548 22.549999237060547 31.489999771118164 AB 3.3984149401517882 1.0327174474365057
61730.2359 lsst_hardware_u 2.2300312500531074 3.1600000858306885 28.510000228881836 AB 3.4597285851338784 1.0555193608828857
61733.1898 lsst_hardware_u 4.049033159566085 2.759999990463257 28.520000457763672 AB 7.9330850987008485 1.0254763571226535
61733.2092 lsst_hardware_g -2.1130056099223515 13.829999923706055 31.43000030517578 AB 7.937698569162228 1.0343850621151722
61737.1985 lsst_hardware_z -74.73917086624245 40.91999816894531 30.940000534057617 AB 3.4011229736752413 1.0345621212700353
61737.2178 lsst_hardware_r 16.298328681089274 22.59000015258789 31.489999771118164 AB 4.059600967397003 1.0570501151925538
61739.1912 lsst_hardware_u -1.4432581016602208 2.7100000381469727 28.469999313354492 AB 4.626034365130539 1.03313504767292
61739.2099 lsst_hardware_g -13.863866972119864 13.739999771118164 31.420000076293945 AB 5.771893599557969 1.0534254478280305
61741.1755 lsst_hardware_r 10.486527207451523 22.420000076293945 31.5 AB 6.486358912460021 1.0273792527852712
61741.1961 lsst_hardware_z -39.029023550440556 40.9900016784668 30.950000762939453 AB 6.573102085112011 1.0427702205301834
61743.1798 lsst_hardware_r 18.352535190602516 22.280000686645508 31.489999771118164 AB 3.8734525224631446 1.032782968260871
61743.1994 lsst_hardware_y -7.086815855386361 47.150001525878906 30.040000915527344 AB 3.828955154054881 1.0540342688717785
61745.1048 lsst_hardware_g 7.09154610367131 26.290000915527344 31.6200008392334 AB 5.5959514276169475 1.0673186014909302
61745.1268 lsst_hardware_r -3.6642027067499634 30.139999389648438 31.56999969482422 AB 5.610843701620309 1.037604013244625
61747.1635 lsst_hardware_r -73.51136710307739 43.189998626708984 31.6200008392334 AB 3.8087456509985795 1.0293907164861025
61747.1831 lsst_hardware_i -21.186105605933818 41.27000045776367 31.299999237060547 AB 4.682470143591497 1.0467713952029278
61749.1462 lsst_hardware_z 22.03821542357079 54.959999084472656 30.969999313354492 AB 7.669588886077306 1.0254832044494893
61749.1607 lsst_hardware_r 50.793584763768855 66.94999694824219 31.649999618530273 AB 7.686690664784144 1.030940271564397
61751.1704 lsst_hardware_z -117.74525521816501 94.36000061035156 31.739999771118164 AB 13.266576617874486 1.0446123321161014
61753.1597 lsst_hardware_r 101.25782994673835 94.6500015258789 31.65999984741211 AB 7.388428487437645 1.0389409389633646
61753.1771 lsst_hardware_z -64.29337167776478 66.30000305175781 30.989999771118164 AB 8.069722579248037 1.0618056025326366
61755.1487 lsst_hardware_r -121.05829270691083 59.900001525878906 31.639999389648438 AB 10.544230206210337 1.034038077294329
61755.1657 lsst_hardware_y -39.62897472236616 50.36000061035156 30.049999237060547 AB 10.731996330925423 1.0526887826433247
61757.1081 lsst_hardware_g -15.705120729764863 13.5 31.420000076293945 AB 3.9637640842062134 1.0279915498262762
61757.1283 lsst_hardware_r -11.3855392135919 22.100000381469727 31.5 AB 2.999625929119663 1.0262440812385554
61759.1183 lsst_hardware_i 14.454643894054852 30.0 31.25 AB 3.4663217261937693 1.025412565371934
61759.1401 lsst_hardware_z -3.9043414420593057 40.72999954223633 30.940000534057617 AB 3.166921211382378 1.0359572166772582
61765.086 lsst_hardware_r -14.88624677111107 21.969999313354492 31.489999771118164 AB 7.749320435933226 1.0281022137224138
61765.1128 lsst_hardware_z -22.067174062613482 40.689998626708984 30.950000762939453 AB 7.682336132224966 1.02859730640669
61767.0992 lsst_hardware_r -3.1190596839003155 22.1299991607666 31.5 AB 5.542891883866564 1.0258282326711716
61767.1255 lsst_hardware_u 3.855195682428382 2.700000047683716 28.469999313354492 AB 6.446751329851563 1.0432058464908067
61769.0876 lsst_hardware_g -6.1886530862882045 13.489999771118164 31.420000076293945 AB 7.6135235670998975 1.0252522982898788
61769.108 lsst_hardware_r 33.66106244057578 22.18000030517578 31.489999771118164 AB 7.58144065137965 1.0322024054795809
61771.0861 lsst_hardware_i -13.831270424431727 29.920000076293945 31.25 AB 7.102947303535369 1.0254749773926595
61771.1086 lsst_hardware_z 13.577968093852474 40.689998626708984 30.950000762939453 AB 7.183167003688206 1.037083500200064
61773.0571 lsst_hardware_y -112.40906051863571 47.220001220703125 30.049999237060547 AB 6.874780918315853 1.0321073303197787
61773.0853 lsst_hardware_r 20.848432644981777 34.099998474121094 32.27000045776367 AB 4.3307596173032366 1.0264287769871985
61773.109 lsst_hardware_z -5.568042658427415 41.15999984741211 30.950000762939453 AB 4.428103324889368 1.0430724515374525
61775.0527 lsst_hardware_y 88.63817252601667 48.810001373291016 30.049999237060547 AB 10.978656166954385 1.0313923779373757
61775.0736 lsst_hardware_g 9.452372734942463 29.190000534057617 31.649999618530273 AB 10.954013466940419 1.0253206783301765
61777.0533 lsst_hardware_y -24.80509028577639 50.290000915527344 30.049999237060547 AB 10.135490189724417 1.0280705149967724
61777.0751 lsst_hardware_z -3.3354608017347482 48.709999084472656 30.969999313354492 AB 9.997447612539691 1.0266428026842978
61779.0624 lsst_hardware_y 116.80871635414843 73.48999786376953 30.809999465942383 AB 8.73565545891937 1.0253016452013617
61781.0544 lsst_hardware_z -94.68433989567991 60.779998779296875 30.989999771118164 AB 6.356601677619541 1.025258335099926
61781.0767 lsst_hardware_r 55.21541968720393 85.44000244140625 31.65999984741211 AB 6.406215144331721 1.0332605071502776
61785.036 lsst_hardware_y 36.77835083766326 74.19000244140625 30.06999969482422 AB 6.030215897049203 1.0264197271573112
61785.0553 lsst_hardware_u 1.0483833369176099 2.9100000858306885 28.530000686645508 AB 6.082157693636197 1.027348117670064
61787.0345 lsst_hardware_y 11.160860700385456 75.77999877929688 30.079999923706055 AB 3.7057049900163546 1.0255641116281424
61787.0527 lsst_hardware_i 10.691174568086678 30.309999465942383 31.25 AB 2.8514812473071456 1.0285801234762904
