data/validation/pwv_sim_epoch_fit_4/44707030.ecsv
# %ECSV 0.9
# ---
# datatype:
# - {name: time, datatype: float64}
# - {name: band, datatype: string}
# - {name: flux, datatype: float64}
# - {name: fluxerr, datatype: float64}
# - {name: zp, datatype: float64}
# - {name: zpsys, datatype: string}
# - {name: pwv, datatype: float64}
# - {name: airmass, datatype: float64}
# meta: {SNID: '44707030', alt: 1024.0, c: 0.05290979892015457, dec: -0.447628, lat: -30.244573, lon: -70.7499537, ra: 143.4375, t0: 62588.8046875,
#   x0: 1.5642792191536084e-05, x1: -0.7723314166069031, z: 0.38125813007354736}
# schema: astropy-2.0
time band flux fluxerr zp zpsys pwv airmass
62486.338 lsst_hardware_u 3.850586646446945 3.2799999713897705 28.540000915527344 AB 12.39370553475968 1.161036325686749
62490.3121 lsst_hardware_z -74.78534518972457 90.94000244140625 31.719999313354492 AB 5.170258858205947 1.181098539852872
62490.3344 lsst_hardware_y 109.08141242168931 54.93000030517578 30.010000228881836 AB 5.635606870236191 1.155153089007047
62492.3146 lsst_hardware_z 118.77595341979826 73.98999786376953 30.979999542236328 AB 6.997695974009885 1.1690591778824517
62492.3338 lsst_hardware_y 42.78512956270977 59.20000076293945 30.020000457763672 AB 7.561196651185751 1.1526214407294626
62496.3259 lsst_hardware_r 41.237402321277706 112.4800033569336 32.380001068115234 AB 9.838244046470853 1.1515921941283507
62496.3476 lsst_hardware_y -156.7476787016899 83.13999938964844 30.770000457763672 AB 10.24135512451114 1.156431247121854
62498.3291 lsst_hardware_g 28.7707895069874 36.099998474121094 31.6299991607666 AB 7.2133800391243215 1.1509488414729494
62498.3491 lsst_hardware_y -50.708255937488296 54.25 30.010000228881836 AB 6.528668454576324 1.1625811933121015
62500.3274 lsst_hardware_i 9.266685181053877 33.209999084472656 31.239999771118164 AB 10.735850396255438 1.1517299143115591
62500.3474 lsst_hardware_z -12.232279615553159 46.63999938964844 30.940000534057617 AB 10.29998582108772 1.1668617404110693
62502.2957 lsst_hardware_z -12.937803643822457 43.02000045776367 30.940000534057617 AB 8.244049210374298 1.1597224237511392
62502.3156 lsst_hardware_r 61.018623781379226 24.030000686645508 31.489999771118164 AB 8.182437801732519 1.1507809128166984
62504.2913 lsst_hardware_u 0.10382570596821543 2.5899999141693115 28.270000457763672 AB 5.076239691357237 1.1587824588397282
62504.3113 lsst_hardware_r -78.46277204110281 24.100000381469727 31.479999542236328 AB 5.296823039322592 1.1508161296326627
62506.2897 lsst_hardware_i 61.21071285373421 31.8799991607666 31.239999771118164 AB 12.124445930887177 1.1558099076155555
62506.311 lsst_hardware_z -37.45615335197372 42.84000015258789 30.93000030517578 AB 11.617973260616619 1.1517197780041257
62508.2912 lsst_hardware_r 5.782409332385106 24.079999923706055 31.489999771118164 AB 10.837354835155493 1.1521950741726403
62508.3137 lsst_hardware_u 4.32921771041389 2.7200000286102295 28.3799991607666 AB 9.5448564745332 1.1556332438166375
62515.2325 lsst_hardware_z -2.846770411266459 43.33000183105469 30.93000030517578 AB 9.50954574671335 1.203943165097065
62515.2527 lsst_hardware_r -40.495887906188166 23.729999542236328 31.479999542236328 AB 8.250847230280847 1.1678894837440599
62520.2274 lsst_hardware_r 23.03575312497555 123.7300033569336 31.6299991607666 AB 7.090925626646743 1.186071025616246
62520.2463 lsst_hardware_z -1.4132197961246697 82.88999938964844 30.979999542236328 AB 6.936476396977729 1.1599458857822265
62522.2326 lsst_hardware_y 58.99313883962338 71.58000183105469 30.020000457763672 AB 13.818743026286299 1.169164337493906
62522.2529 lsst_hardware_r -155.72877380559868 143.3699951171875 31.639999389648438 AB 13.632620548333152 1.1522147244682197
62524.2266 lsst_hardware_i 97.85873853384041 77.83000183105469 31.309999465942383 AB 10.72099299075982 1.1698819304275474
62524.2466 lsst_hardware_z -84.2719662724561 69.73999786376953 30.969999313354492 AB 10.5639413649252 1.1525347429684694
62526.1968 lsst_hardware_z -8.722257153021614 51.56999969482422 30.940000534057617 AB 9.434006624987369 1.2180377166634189
62526.217 lsst_hardware_r -35.7372874676892 49.93000030517578 31.59000015258789 AB 10.139559260647612 1.1758737400727837
62528.2112 lsst_hardware_r 25.292777775581143 28.459999084472656 31.510000228881836 AB 12.783275133639313 1.1764020767630525
62528.2289 lsst_hardware_i 30.93496952458643 34.7599983215332 31.25 AB 12.495470309124082 1.1563099086144621
62530.2108 lsst_hardware_z 14.807768881382907 43.27000045776367 30.940000534057617 AB 12.300441384080202 1.169104563058591
62530.2311 lsst_hardware_i 45.45517350062015 32.08000183105469 31.239999771118164 AB 12.11197289526903 1.152195289097692
62532.2099 lsst_hardware_u -2.7664857178154385 2.7699999809265137 28.40999984741211 AB 12.314835471037988 1.1636065012004397
62532.2265 lsst_hardware_g -9.963475138380112 14.989999771118164 31.420000076293945 AB 12.250843109726134 1.1519002485168544
62534.2113 lsst_hardware_r -24.988644959208756 24.549999237060547 31.5 AB 12.075107290638462 1.1572106399155384
62534.229 lsst_hardware_i 8.359387769973647 32.34000015258789 31.239999771118164 AB 11.938862101140913 1.1507799125562548
62536.1781 lsst_hardware_i -20.277737826537575 32.83000183105469 31.219999313354492 AB 10.63632814945567 1.1973464834892262
62536.1986 lsst_hardware_z -17.025437530756875 43.630001068115234 30.93000030517578 AB 10.563800626273578 1.1640230986775508
62542.1737 lsst_hardware_z 14.366187288893666 43.4900016784668 30.940000534057617 AB 3.805728492359992 1.1752725798630888
62542.1937 lsst_hardware_i 21.533384165269332 32.290000915527344 31.239999771118164 AB 3.74107710908581 1.1543565263314497
62544.1578 lsst_hardware_z -28.875900504618457 47.11000061035156 30.950000762939453 AB 4.838187491698069 1.1940736683060513
62544.1744 lsst_hardware_g -47.86860217747496 28.0 31.59000015258789 AB 6.905770929595963 1.1667781476001289
62545.1529 lsst_hardware_r -37.69577949627484 49.45000076293945 31.579999923706055 AB 4.410248672828926 1.1987085860463884
62545.1694 lsst_hardware_i 65.08515708428286 45.9900016784668 31.280000686645508 AB 4.699809176655797 1.169688695036286
62547.1668 lsst_hardware_z -49.84251028202541 90.91000366210938 31.719999313354492 AB 4.478836166731308 1.1660599236478124
62551.1544 lsst_hardware_i -52.01470258673561 117.86000061035156 31.31999969482422 AB 3.5270096176084054 1.1678839793405316
62551.1724 lsst_hardware_z 76.94883777514983 98.19000244140625 30.989999771118164 AB 3.695912971693483 1.1527213946802286
62553.1577 lsst_hardware_i 34.534502015734354 64.06999969482422 31.309999465942383 AB 5.838868172986468 1.1586013737219945
62553.1752 lsst_hardware_z -81.57213149513183 60.33000183105469 30.969999313354492 AB 7.077870682373884 1.1507797223597893
62555.1569 lsst_hardware_g 46.868286613769804 42.900001525878906 31.649999618530273 AB 8.9246138886153 1.1551402910452109
62555.173 lsst_hardware_r -37.79849230528314 44.849998474121094 31.59000015258789 AB 12.597388564225817 1.1508668522040761
62560.1233 lsst_hardware_z -12.200748863551325 43.5 30.940000534057617 AB 6.048877147933799 1.1772251540765435
62560.1409 lsst_hardware_u 4.633458075942835 2.740000009536743 28.389999389648438 AB 7.04502319002113 1.1567549433563236
62564.1174 lsst_hardware_i 18.02897950867662 32.47777924734858 31.229999542236328 AB 5.2879039233636975 1.1698471125762995
62564.1364 lsst_hardware_z 88.37474630935886 43.30169696979325 30.93000030517578 AB 6.341922553143703 1.1529370778954737
62565.1184 lsst_hardware_i 27.317810250558427 32.89691371805235 31.229999542236328 AB 12.052353236841023 1.1651727989469753
62565.137 lsst_hardware_u -6.728973927221399 2.811347510211579 28.299999237060547 AB 11.877902624432094 1.1517035511731184
62567.1178 lsst_hardware_g -19.337261000444784 15.712460452293904 31.399999618530273 AB 8.47599487524011 1.1600887187244093
62567.1374 lsst_hardware_r 20.956664653424934 25.12810948971085 31.479999542236328 AB 9.84714912421781 1.1507599891962361
62569.1184 lsst_hardware_i 299.50840196360815 36.85428062638221 31.229999542236328 AB 11.823754009228022 1.1553122123485375
62569.1364 lsst_hardware_r 353.37541264884493 29.66964714267956 31.479999542236328 AB 10.924588343358227 1.151087560764073
62573.0893 lsst_hardware_z 1807.0120974872289 77.39893573349211 31.690000534057617 AB 15.319135132750317 1.1748929255297165
62576.0812 lsst_hardware_z 1511.0882898503446 79.55457590148765 30.969999313354492 AB 9.13909435494894 1.1747537063830287
62576.0979 lsst_hardware_r 2637.0815594639034 105.5046285529429 31.6299991607666 AB 8.467427310434106 1.156252164651152
62577.0828 lsst_hardware_i 2234.7785362942755 109.84080350863582 31.309999465942383 AB 9.4921478139558 1.168659892758274
62577.1027 lsst_hardware_z 1441.7623959959494 94.31976853251608 30.979999542236328 AB 8.799401111681878 1.1522065093206753
62579.0788 lsst_hardware_i 3005.651190756986 121.90236062050715 31.31999969482422 AB 8.525120875322099 1.1668124743813724
62579.098 lsst_hardware_z 2040.310547713631 101.91680186303962 30.979999542236328 AB 9.412809989137394 1.15194247993113
62581.0775 lsst_hardware_g 2435.268730093654 109.19276108807914 31.690000534057617 AB 4.535742744979437 1.1621170240787695
62581.0985 lsst_hardware_r 4817.074008643172 114.03319921290225 31.6299991607666 AB 5.638855491555274 1.1507868350112804
62585.0612 lsst_hardware_u 3.4627907668770512 4.006946399514862 28.290000915527344 AB 12.061584295914743 1.1683430592407165
62585.0807 lsst_hardware_g 2331.6853477915474 50.284559401818036 31.389999389648438 AB 11.9205434964039 1.1522628718008665
62593.0685 lsst_hardware_u 6.664228200311435 3.7363508842394104 28.399999618530273 AB 10.057016267599325 1.1507980853551243
62593.0868 lsst_hardware_g 1846.5048633248628 44.79153563419445 31.399999618530273 AB 10.006576736260312 1.1596898017763138
62599.0211 lsst_hardware_u -1.520475518941885 3.0201967991647294 28.31999969482422 AB 9.005230260680417 1.1708409245155553
62599.0404 lsst_hardware_g 1267.5652546472277 37.74883679123345 31.420000076293945 AB 8.787815388673673 1.1531305048013567
62601.0172 lsst_hardware_r 3390.5487746208128 65.99821122470995 31.540000915527344 AB 6.6577613541903915 1.1687459587800213
62601.0359 lsst_hardware_i 3397.8972984397888 67.32168193293934 31.260000228881836 AB 6.5447612779721265 1.1527033205005728
62603.0155 lsst_hardware_z 1986.4459890361088 68.84718120287468 30.959999084472656 AB 5.739930915601489 1.1641877966233054
62603.0335 lsst_hardware_r 3150.5199744893603 78.0688730374729 31.610000610351562 AB 5.709179981216357 1.1516248071036523
62605.0213 lsst_hardware_z 3883.201334736248 119.06341070840253 31.729999542236328 AB 5.795927444051682 1.154567219930614
62607.0143 lsst_hardware_r 2381.8863764164626 113.09122731964565 31.639999389648438 AB 18.11537631171521 1.1555323095844918
62607.0318 lsst_hardware_z 1794.0465615673938 83.89930119857769 30.989999771118164 AB 18.045520033515132 1.1509540003836487
62609.0086 lsst_hardware_r 2134.672874336147 104.16830791662628 31.6299991607666 AB 12.36590471896124 1.1556920298094617
62609.0278 lsst_hardware_y 439.88449347147974 59.35076704379669 30.020000457763672 AB 12.317865352454387 1.1512023693882605
62613.0064 lsst_hardware_g 312.9604487483802 23.56176408575523 31.420000076293945 AB 10.812071617489432 1.151567964372077
62613.0242 lsst_hardware_r 1347.4198497800764 44.29415089506419 31.489999771118164 AB 10.824662260681253 1.15391265104535
62614.9864 lsst_hardware_i 1961.0974667364671 53.48364490435633 31.239999771118164 AB 11.171551641688138 1.1603993811046471
62614.9967 lsst_hardware_z 1577.6708196189347 57.19084750177667 30.940000534057617 AB 11.098740010230983 1.153135812938508
62616.9736 lsst_hardware_y 434.26375428620526 54.59921336543275 30.010000228881836 AB 15.971675093625027 1.1686306500054366
62616.9925 lsst_hardware_r 1066.3205574259055 40.57366011525533 31.489999771118164 AB 15.785787302133405 1.1525837691394134
62620.9698 lsst_hardware_y 554.767777817249 55.298268688676025 30.020000457763672 AB 12.98912016256801 1.1606064180998967
62620.9874 lsst_hardware_z 1360.6703070743426 55.78356150177025 30.940000534057617 AB 12.989727334035221 1.1509763568516245
62623.9692 lsst_hardware_y 511.8353203220133 54.088104433943926 30.010000228881836 AB 15.212585818592704 1.1546992917069068
62623.9873 lsst_hardware_u -4.720809506036436 3.2832642857812337 28.3700008392334 AB 15.172807864673558 1.151301293589991
62627.9621 lsst_hardware_y 380.06463691409226 61.4286862240906 30.020000457763672 AB 4.536979709961878 1.1527367461266387
62627.9795 lsst_hardware_z 1010.9363155881393 53.62147176511442 30.940000534057617 AB 4.8370320050817766 1.1522229645267572
62631.9621 lsst_hardware_y 307.48762391077025 60.3348910661987 30.020000457763672 AB 8.645913817520235 1.150806564364063
62631.9796 lsst_hardware_r 434.84205437090424 59.07446795696722 31.610000610351562 AB 8.708305844051198 1.1590597736067798
62852.3238 lsst_hardware_r -61.13179489448137 53.540000915527344 31.600000381469727 AB 7.797339688407956 1.1764242137006573
62852.3428 lsst_hardware_y -35.83084818000502 53.9900016784668 30.020000457763672 AB 8.311655806494587 1.1554129752784283
62854.3252 lsst_hardware_g 31.751385028284936 22.979999542236328 31.559999465942383 AB 5.6392697088163 1.166825927750014
62854.3436 lsst_hardware_y -68.11707922148754 51.150001525878906 30.010000228881836 AB 5.9970818680852656 1.1522140064847746
62856.3195 lsst_hardware_i -58.71025742596533 32.689998626708984 31.239999771118164 AB 7.1466694464321705 1.1671207588076489
62856.339 lsst_hardware_z 40.432140422382616 44.099998474121094 30.950000762939453 AB 7.370519130635725 1.1519135939104048
62859.329 lsst_hardware_r -20.54921706548945 24.229999542236328 31.489999771118164 AB 6.989432835548138 1.1525792775399275
62859.3495 lsst_hardware_y 51.65628833602021 54.0 30.020000457763672 AB 6.896223495181534 1.1537291147414614
62862.3268 lsst_hardware_r -21.377426910188248 24.139999389648438 31.479999542236328 AB 6.887874055978946 1.1509362761505086
62862.3468 lsst_hardware_y 29.16114546829765 51.54999923706055 30.010000228881836 AB 7.413169863740729 1.157298169108834
62864.3301 lsst_hardware_z 68.30070710884796 43.619998931884766 30.940000534057617 AB 8.018091568088877 1.151473178758575
62864.351 lsst_hardware_y -51.15363023059134 55.7599983215332 30.010000228881836 AB 7.963345936719796 1.1670186024209914
62867.2953 lsst_hardware_r 19.071451560311576 24.290000915527344 31.489999771118164 AB 8.25329447309486 1.1606923505881461
62867.3154 lsst_hardware_u -0.8620723376098843 2.7300000190734863 28.3799991607666 AB 8.180430709174491 1.1507389675087378
62869.2963 lsst_hardware_g -12.149434107361886 14.630000114440918 31.389999389648438 AB 5.32666668199444 1.155459150107256
62869.316 lsst_hardware_r 5.323308195346488 23.959999084472656 31.479999542236328 AB 5.322534796708179 1.1513577092060812
62871.2883 lsst_hardware_i 37.4974280645873 42.970001220703125 31.270000457763672 AB 12.13486784471109 1.157281480565002
62871.3116 lsst_hardware_z 78.25692142617228 43.150001525878906 30.940000534057617 AB 11.579512566270745 1.1516364500924
62873.2916 lsst_hardware_r -143.91814034690327 86.38999938964844 31.6200008392334 AB 10.96748134868385 1.1522480842602578
62873.3121 lsst_hardware_z 20.677187825946735 63.369998931884766 30.969999313354492 AB 9.59063964683486 1.1541661310938005
62875.293 lsst_hardware_r -246.2789567278008 175.91000366210938 32.38999938964844 AB 8.705022714467162 1.1507603698551994
62875.3155 lsst_hardware_i -165.4415616193075 140.14999389648438 32.06999969482422 AB 8.788010937489574 1.1609636291063454
62880.2365 lsst_hardware_i -65.47909320255519 59.43000030517578 31.290000915527344 AB 9.431369558071731 1.1965073602306913
62880.2563 lsst_hardware_z 11.41217737163744 58.25 30.959999084472656 AB 8.223806745276123 1.1643503816050012
62882.2344 lsst_hardware_r -0.10672295186703996 36.540000915527344 31.559999465942383 AB 6.054361917803899 1.1896178774830821
62882.2535 lsst_hardware_z 25.52177054262268 46.119998931884766 30.950000762939453 AB 5.2663085135650425 1.1615148905083903
62884.2366 lsst_hardware_g 14.155759352990325 16.459999084472656 31.459999084472656 AB 7.79940328161746 1.1761440557380352
62884.2547 lsst_hardware_r 22.44696567161055 25.850000381469727 31.510000228881836 AB 8.454152406606365 1.1558863011493485
62886.2568 lsst_hardware_i 7.574752075570604 32.130001068115234 31.229999542236328 AB 13.68423798573482 1.151993095715864
62886.276 lsst_hardware_z -9.270293651579436 43.209999084472656 30.940000534057617 AB 13.683416354090651 1.1538261278131359
62888.2357 lsst_hardware_r 21.95398773916571 23.860000610351562 31.479999542236328 AB 11.04830984808164 1.1629799840085937
