data/validation/pwv_sim_epoch_fit_4/44995028.ecsv
# %ECSV 0.9
# ---
# datatype:
# - {name: time, datatype: float64}
# - {name: band, datatype: string}
# - {name: flux, datatype: float64}
# - {name: fluxerr, datatype: float64}
# - {name: zp, datatype: float64}
# - {name: zpsys, datatype: string}
# - {name: pwv, datatype: float64}
# - {name: airmass, datatype: float64}
# meta: {SNID: '44995028', alt: 1024.0, c: 0.11192288994789124, dec: -11.567418, lat: -30.244573, lon: -70.7499537, ra: 214.453125, t0: 60506.4609375,
#   x0: 1.1446607725103194e-05, x1: -0.5834469795227051, z: 0.4350391924381256}
# schema: astropy-2.0
time band flux fluxerr zp zpsys pwv airmass
60357.3276 lsst_hardware_u -2.494350736146911 2.7699999809265137 28.389999389648438 AB 5.530519390462676 1.1199917761163782
60357.3446 lsst_hardware_z 20.661797767619095 42.619998931884766 30.950000762939453 AB 4.440011495871913 1.0864406914716858
60361.3701 lsst_hardware_z 39.00136960790842 42.22999954223633 30.950000762939453 AB 6.018251941914057 1.0552165882958604
60361.388 lsst_hardware_y 50.07275896006569 51.38999938964844 30.049999237060547 AB 5.51090898645779 1.0584162839502165
60366.3714 lsst_hardware_r -109.50769790619171 100.7699966430664 31.65999984741211 AB 6.921625283714869 1.0570594507811721
60366.3889 lsst_hardware_y 170.1198383232385 60.88999938964844 30.049999237060547 AB 6.434235947530271 1.069994891496165
60368.3439 lsst_hardware_i 81.46290606996973 84.88999938964844 31.329999923706055 AB 4.989237424471702 1.0572658242152542
60368.3619 lsst_hardware_r 141.87948385960777 102.68000030517578 31.649999618530273 AB 5.0527482973175815 1.0557351227157505
60370.3546 lsst_hardware_z 163.40474138125208 94.81999969482422 31.739999771118164 AB 3.377071828395292 1.0553349463735286
60371.349 lsst_hardware_r 25.563572541778598 61.540000915527344 31.639999389648438 AB 6.2555851288822515 1.0549640444458235
60371.3666 lsst_hardware_i 138.23904839203072 54.880001068115234 31.31999969482422 AB 6.3380280330764895 1.0621206624527688
60380.3162 lsst_hardware_g 5.658118901123938 15.25 31.450000762939453 AB 7.899628187600344 1.0556060917485812
60380.3373 lsst_hardware_r 14.359992279180238 24.239999771118164 31.510000228881836 AB 7.268736064680109 1.0590421890697206
60383.2405 lsst_hardware_i 95.8192966016975 32.5099983215332 31.239999771118164 AB 10.792192812602053 1.1650232431156746
60383.2585 lsst_hardware_r 2.6928054499564267 24.420000076293945 31.489999771118164 AB 9.705742319333268 1.1156025654406057
60385.3246 lsst_hardware_u 0.15079601597856027 2.740000009536743 28.420000076293945 AB 8.558847748107434 1.0595911789671846
60385.3451 lsst_hardware_g -40.686059402929374 15.3100004196167 31.450000762939453 AB 9.528839970784537 1.0800408006783138
60392.3034 lsst_hardware_r -131.4215643479303 82.72000122070312 31.649999618530273 AB 6.3983695380084455 1.0584273173623742
60392.3253 lsst_hardware_z 19.730026623741555 62.119998931884766 30.979999542236328 AB 6.531114692575405 1.079077190016589
60395.232 lsst_hardware_r -128.1167744817175 148.92999267578125 31.649999618530273 AB 6.944175217740929 1.1022500345620523
60395.2491 lsst_hardware_y -56.81737382594185 70.61000061035156 30.049999237060547 AB 6.770882633998724 1.0747432752378927
60397.2737 lsst_hardware_z -83.55095510970598 90.05999755859375 31.0 AB 8.37945385387509 1.0549814426835906
60397.2922 lsst_hardware_r 127.5587422222994 127.54000091552734 31.65999984741211 AB 7.857415357344193 1.0598078442600745
60399.2782 lsst_hardware_i 22.37033555249257 63.630001068115234 31.31999969482422 AB 4.812107387560725 1.055981432425
60399.2972 lsst_hardware_z -58.43515315805682 60.279998779296875 30.969999313354492 AB 4.371860610678747 1.0683051097203098
60401.2747 lsst_hardware_r -45.206293036981144 41.04999923706055 31.600000381469727 AB 8.34726501041623 1.0566158241033201
60401.2934 lsst_hardware_z 54.98353125498362 46.4900016784668 30.950000762939453 AB 9.43987939581598 1.070048579293912
60405.1267 lsst_hardware_r -15.27434269287821 25.719999313354492 31.440000534057617 AB 16.896233483823142 1.4501959903719117
60405.1467 lsst_hardware_z 67.9414247777566 45.25 30.93000030517578 AB 15.299553337678176 1.3133791173215021
60415.2342 lsst_hardware_i -5.306316066905216 32.16999816894531 31.270000457763672 AB 17.185501839724587 1.0558907484342588
60415.2519 lsst_hardware_z 7.096931996741372 42.56999969482422 30.959999084472656 AB 17.612822950799018 1.0667111247304286
60420.13 lsst_hardware_z -172.49009713949874 103.62000274658203 32.15999984741211 AB 8.631527792732316 1.1984903905487803
60420.1503 lsst_hardware_i 160.7367322261282 106.33999633789062 32.5 AB 8.33797010266467 1.1332613119489867
60423.2266 lsst_hardware_z 254.98243003891744 107.01000213623047 31.0 AB 8.600316517327173 1.063649649667375
60423.2447 lsst_hardware_r 236.53149468622152 161.9600067138672 31.649999618530273 AB 8.78234020285461 1.0849985837237504
60426.1945 lsst_hardware_r -196.5264879710767 113.06999969482422 31.65999984741211 AB 3.680125237802252 1.0549809568472772
60426.2147 lsst_hardware_y 56.22803729799295 61.11000061035156 30.049999237060547 AB 3.068603809029171 1.0608829071838102
60429.1913 lsst_hardware_g -74.70065937139711 48.61000061035156 31.700000762939453 AB 11.639264570718149 1.0550138596294059
60429.2099 lsst_hardware_r -18.39308895826769 49.33000183105469 31.6200008392334 AB 10.494342855800365 1.0633912963445422
60432.1887 lsst_hardware_i 16.01874535195495 32.15999984741211 31.270000457763672 AB 12.166580287675766 1.0561573211906392
60432.2083 lsst_hardware_z 85.0405939141756 42.59000015258789 30.959999084472656 AB 12.385753623327117 1.069550700036883
60445.1196 lsst_hardware_r 27.72998677557293 29.610000610351562 31.540000915527344 AB 5.709464145567681 1.0669901225131155
60445.1376 lsst_hardware_z -30.198982192420445 43.029998779296875 30.950000762939453 AB 7.00898105080331 1.0558874737576545
60447.1195 lsst_hardware_r -14.440977303041532 46.18000030517578 31.610000610351562 AB 9.11381919196921 1.062381783334925
60447.1394 lsst_hardware_y 5.04943955511469 49.0099983215332 30.040000915527344 AB 8.542417865900669 1.0548799538033697
60449.0946 lsst_hardware_z 64.56350990618208 63.849998474121094 30.979999542236328 AB 8.83894279394956 1.0845772171397063
60449.1161 lsst_hardware_r 98.2626812036365 81.12999725341797 31.649999618530273 AB 8.693428327377301 1.060907333609889
60458.0794 lsst_hardware_u 1.595600962151623 4.380000114440918 28.770000457763672 AB 10.306981267556958 1.0719689305831643
60458.0984 lsst_hardware_g 49.0937991786947 31.860000610351562 31.649999618530273 AB 10.054683059108884 1.0571636062568712
60460.0775 lsst_hardware_r 19.52741589761244 24.34000015258789 31.510000228881836 AB 9.723090470160674 1.0681193529782131
60460.0966 lsst_hardware_z 53.427906830175964 42.130001068115234 30.950000762939453 AB 9.339784854312843 1.0558997046630436
60462.0838 lsst_hardware_r 21.796106206295605 24.209999084472656 31.510000228881836 AB 10.091728948504407 1.0589432264957406
60462.103 lsst_hardware_u 1.1933293263217113 2.799999952316284 28.459999084472656 AB 10.044178192538727 1.055254715156539
60464.0682 lsst_hardware_g -0.6303618757497137 15.229999542236328 31.440000534057617 AB 12.250561564090708 1.0665336977936715
60464.0883 lsst_hardware_r -9.656912234029267 24.15999984741211 31.510000228881836 AB 12.320590103519525 1.0553043293830384
60466.0713 lsst_hardware_i 32.04285216266193 31.579999923706055 31.25 AB 4.430235026557149 1.0598648388893752
60466.0905 lsst_hardware_z 76.65951311148426 41.90999984741211 30.950000762939453 AB 5.380691704906529 1.0550375891973587
60468.0678 lsst_hardware_r -38.534659971806356 24.170000076293945 31.5 AB 3.1762035452298374 1.0587345150766125
60468.0863 lsst_hardware_u 3.4881031049227076 2.7100000381469727 28.389999389648438 AB 2.5620352457585334 1.055203972717615
60485.0267 lsst_hardware_z 118.81271787940588 53.05060843231892 30.969999313354492 AB 5.281315197186114 1.0564038932896613
60485.0462 lsst_hardware_g 61.898750828209884 69.39321762732845 31.719999313354492 AB 5.030222669466919 1.0569360024093963
60487.0055 lsst_hardware_g 112.8435591272648 18.029917630323904 31.459999084472656 AB 8.806116458947315 1.0664385660244606
60487.0246 lsst_hardware_r 470.6508796502319 32.37247969256232 31.510000228881836 AB 8.678686786234625 1.0554803023696715
60490.0089 lsst_hardware_i 843.432757907147 43.000757287829906 31.25 AB 3.6315021907498517 1.0581300089598427
60490.0301 lsst_hardware_r 1094.385945058385 40.435835415907896 31.5 AB 3.685746394276111 1.0560877920561922
60493.008 lsst_hardware_u 14.125496094326683 4.162427498147983 28.459999084472656 AB 7.017852225460889 1.0555277587678062
60493.0281 lsst_hardware_g 532.7384696460542 28.348074955556676 31.469999313354492 AB 6.889135433408453 1.0586725899101197
60497.0096 lsst_hardware_z 5206.416263187981 101.78725570759113 32.13999938964844 AB 3.167122972099321 1.0557076573664403
60497.0315 lsst_hardware_r 8945.769516130547 104.19512737995981 32.70000076293945 AB 3.2108612146832956 1.0702870715610986
60499.0004 lsst_hardware_u 8.42502399032256 3.767276121531498 28.530000686645508 AB 2.584320345080149 1.055039944919499
60499.0228 lsst_hardware_g 1196.9534817684207 38.48871278535749 31.479999542236328 AB 2.646858188939664 1.066958858788604
60502.9724 lsst_hardware_y 801.7823822569702 55.855625012765984 30.049999237060547 AB 6.2349830581509496 1.058645867673313
60502.9949 lsst_hardware_r 4294.637204763152 71.77554339369631 31.559999465942383 AB 6.219754357865047 1.0561797202991574
60505.9745 lsst_hardware_z 2480.4708719956607 76.89245007290597 30.979999542236328 AB 4.441538087928233 1.0551642590896975
60505.9992 lsst_hardware_g 1615.1321637912142 72.81158846855669 31.709999084472656 AB 4.461195181737814 1.0630330059740623
60510.9621 lsst_hardware_y 994.7371781928962 72.89293924947572 30.059999465942383 AB 5.751575139449491 1.0550122542554858
60510.9834 lsst_hardware_r 4280.848900598153 105.31517299035983 31.649999618530273 AB 5.821949040797652 1.0614310010569212
60720.3747 lsst_hardware_z -71.49158148571226 64.91000366210938 30.989999771118164 AB 2.6400945503281523 1.0600660712018444
60720.3916 lsst_hardware_y -104.76034220492139 76.97000122070312 30.06999969482422 AB 2.7167938733924384 1.0548607545689919
60722.3258 lsst_hardware_z -52.96674416009737 68.83000183105469 30.979999542236328 AB 5.802953019888675 1.1260399449986918
60722.3421 lsst_hardware_y -29.024733545769624 56.7400016784668 30.040000915527344 AB 3.9222740931192046 1.0917191825535326
60724.3813 lsst_hardware_r -0.4749178140280857 85.26000213623047 31.649999618530273 AB 4.823932901455198 1.0548727096993744
60727.3684 lsst_hardware_r -2.2414158247925657 52.029998779296875 32.349998474121094 AB 6.004158258923909 1.055135082479123
60727.3856 lsst_hardware_y -91.3597266496022 51.0 30.049999237060547 AB 5.527756084866289 1.058196905454183
60729.3688 lsst_hardware_g 23.799174922602955 18.389999389648438 31.540000915527344 AB 10.357333687102836 1.0549331520780993
60729.3868 lsst_hardware_z -40.67541229726413 44.619998931884766 30.959999084472656 AB 10.30510962944522 1.0623824360252805
60731.3728 lsst_hardware_i 13.735003869650942 31.8700008392334 31.25 AB 9.092952403533664 1.057320046922519
60731.392 lsst_hardware_y -88.13313855918939 52.150001525878906 30.049999237060547 AB 8.68865810273192 1.0726738398434468
60733.3445 lsst_hardware_z 2.858637663877092 41.84000015258789 30.950000762939453 AB 5.49783290320226 1.057275558308127
60733.362 lsst_hardware_r 33.91589543557865 24.389999389648438 31.510000228881836 AB 5.488907099980514 1.0555590576885603
60736.3474 lsst_hardware_u 4.941143115398831 2.7899999618530273 28.450000762939453 AB 3.375543021449933 1.054857194203104
60736.3653 lsst_hardware_g -3.8260349812933425 15.520000457763672 31.469999313354492 AB 3.3941867796210463 1.0606833686315769
60738.3395 lsst_hardware_r -34.27151799783668 24.299999237060547 31.510000228881836 AB 7.637801339759275 1.0549935088759992
60738.3582 lsst_hardware_z -132.89492140039792 41.95000076293945 30.950000762939453 AB 7.776382575504944 1.059645154729053
60740.3376 lsst_hardware_r -20.617802856028934 24.299999237060547 31.510000228881836 AB 7.538088917103993 1.0548683063397695
60740.3562 lsst_hardware_u 1.394127302100586 2.7899999618530273 28.450000762939453 AB 7.581037443205987 1.0619558666721747
60742.3403 lsst_hardware_g 10.956195930985524 15.25 31.440000534057617 AB 8.637676789450376 1.0563704148286759
60742.3584 lsst_hardware_r 21.73465631987081 24.299999237060547 31.5 AB 8.724801086485837 1.0687246775667947
60749.1688 lsst_hardware_z 152.0683534931287 97.37000274658203 30.93000030517578 AB 16.479118592522813 1.5983626180914465
60749.195 lsst_hardware_r 52.25472180228086 137.69000244140625 31.579999923706055 AB 14.273145053128381 1.3741795622395745
60751.3454 lsst_hardware_z 3.278636437323147 125.58000183105469 31.75 AB 9.572298350970367 1.0834111164608302
60753.3029 lsst_hardware_r 22.70403886256406 85.87999725341797 31.649999618530273 AB 5.801963915520908 1.0549025300947106
60753.323 lsst_hardware_z 57.41280424434611 66.58999633789062 30.989999771118164 AB 5.850561134005416 1.0637383880009847
60755.3027 lsst_hardware_r 33.543303786546346 47.650001525878906 31.6299991607666 AB 4.14668667775113 1.0557409910893545
60755.3229 lsst_hardware_y -0.23642692766584555 49.849998474121094 30.049999237060547 AB 4.223024060763176 1.0687141745573014
60757.3023 lsst_hardware_g -11.310297786975816 24.229999542236328 31.6200008392334 AB 6.513311961264533 1.0575275144121752
60757.3228 lsst_hardware_r 39.486889455035325 30.09000015258789 31.56999969482422 AB 6.606108393376024 1.0748339170826389
60759.2852 lsst_hardware_i -29.43129750429446 31.850000381469727 31.260000228881836 AB 6.915002867923051 1.0548532945410918
60759.3018 lsst_hardware_z -113.78119487734962 42.16999816894531 30.959999084472656 AB 6.5163720597028645 1.0602191677368908
60761.2841 lsst_hardware_r 16.953189909346534 24.3799991607666 31.520000457763672 AB 7.317346121165117 1.0552596256937838
60761.3018 lsst_hardware_u 1.1498927057095496 2.869999885559082 28.510000228881836 AB 7.392705668689109 1.0642729053358444
60763.2751 lsst_hardware_g 4.916469240383423 15.510000228881836 31.479999542236328 AB 8.38203680479251 1.0548750068956194
60763.2941 lsst_hardware_i -49.11216291074795 31.84000015258789 31.260000228881836 AB 7.894155995956783 1.0624705243548833
60766.2744 lsst_hardware_z -7.183505705886961 42.18000030517578 30.959999084472656 AB 4.878432492519279 1.056242600863008
60766.293 lsst_hardware_r -4.515377213134611 24.780000686645508 31.530000686645508 AB 5.3821030931159815 1.068849600618813
60768.2501 lsst_hardware_r 6.150254776378045 24.709999084472656 31.530000686645508 AB 6.283745546404542 1.0568021436940167
60768.2691 lsst_hardware_u -0.7664887673900053 2.859999895095825 28.489999771118164 AB 6.314001241296234 1.0562946451352964
60770.2513 lsst_hardware_g -11.373277348491136 15.489999771118164 31.450000762939453 AB 7.298381186923549 1.0550859464519708
60770.2695 lsst_hardware_r 12.420986935442182 24.5 31.510000228881836 AB 7.222911623628201 1.0588709377875267
60772.2473 lsst_hardware_i -4.666044227448017 35.33000183105469 31.270000457763672 AB 9.07153216340447 1.0549315433748936
60772.2635 lsst_hardware_z 62.92654113405702 42.040000915527344 30.950000762939453 AB 8.468632083886119 1.0585790104857649
60777.2482 lsst_hardware_i -144.1776153658072 109.63999938964844 31.34000015258789 AB 7.224474757779122 1.0577561870833267
60777.2656 lsst_hardware_z 22.051929900256376 93.0199966430664 31.0 AB 6.370859132955823 1.0717232959804563
60781.1884 lsst_hardware_y -2.747663660492093 82.0 30.799999237060547 AB 18.45516232991564 1.080112506871904
60783.2291 lsst_hardware_r 91.44918075685239 58.90999984741211 31.639999389648438 AB 12.565201474857432 1.0566244180059787
60783.2464 lsst_hardware_i 70.36711668062246 51.81999969482422 31.309999465942383 AB 12.687080984345313 1.0686557432905373
60785.2229 lsst_hardware_z -57.439101883974246 44.939998626708984 30.959999084472656 AB 2.870318655194291 1.0563645912510424
60785.2402 lsst_hardware_r -18.37970844212807 37.119998931884766 31.59000015258789 AB 2.89321689873497 1.067903256892138
60791.1903 lsst_hardware_r -19.736326314021024 24.920000076293945 31.520000457763672 AB 6.784274640573649 1.0558223726365068
60791.2078 lsst_hardware_u 6.500061697783613 2.819999933242798 28.450000762939453 AB 6.7910845268549975 1.0568273569563353
60793.1903 lsst_hardware_g -18.479837044694555 15.880000114440918 31.469999313354492 AB 2.345320562189706 1.054906358794499
60793.2076 lsst_hardware_i 2.928964770496858 32.11000061035156 31.260000228881836 AB 2.3751268707072173 1.0593786220817205
