data/validation/pwv_sim_epoch_fit_4/45077693.ecsv
# %ECSV 0.9
# ---
# datatype:
# - {name: time, datatype: float64}
# - {name: band, datatype: string}
# - {name: flux, datatype: float64}
# - {name: fluxerr, datatype: float64}
# - {name: zp, datatype: float64}
# - {name: zpsys, datatype: string}
# - {name: pwv, datatype: float64}
# - {name: airmass, datatype: float64}
# meta: {SNID: '45077693', alt: 1024.0, c: -0.04313114285469055, dec: -30.0, lat: -30.244573, lon: -70.7499537, ra: 1.933594, t0: 61928.93359375,
#   x0: 2.4575246956843732e-05, x1: 0.21430765092372894, z: 0.3139858841896057}
# schema: astropy-2.0
time band flux fluxerr zp zpsys pwv airmass
61947.3399 lsst_hardware_i 3309.710478071361 64.97459164098531 31.229999542236328 AB 6.366936992105356 1.1743866074158875
61947.3627 lsst_hardware_z 2001.397934742461 60.291259045622304 30.940000534057617 AB 5.956023812838576 1.0996074610612872
61954.3245 lsst_hardware_z 1916.6388409800597 60.04023709744308 30.93000030517578 AB 7.478835839522222 1.1603489614484208
61954.3434 lsst_hardware_g 788.7866134422167 31.244043215375704 31.389999389648438 AB 7.223140970623015 1.1001242768340014
61955.3462 lsst_hardware_u -7.240482894608449 16.79423006839937 30.989999771118164 AB 7.841274351718877 1.0857107344274812
61955.3789 lsst_hardware_y 3242.5914253100386 126.59899679978952 32.0 AB 6.515921860350113 1.025268309086874
61958.4256 lsst_hardware_y 567.7756251488428 56.917981189370515 30.059999465942383 AB 1.7288970087072957 1.0029859368861813
61962.2574 lsst_hardware_z 1884.6628751502737 80.28263647664272 30.940000534057617 AB 12.149579552219073 1.398284736557377
61962.2782 lsst_hardware_r 1653.1688098129143 94.93731814841043 31.600000381469727 AB 11.02221608481589 1.2690120986471072
61965.26 lsst_hardware_i 2105.194686152387 68.76368736431512 31.25 AB 8.225119659087488 1.3262043952092049
61965.2792 lsst_hardware_z 1676.411981355257 66.79044130059543 30.940000534057617 AB 7.675543130732147 1.2234865913337287
61974.2361 lsst_hardware_u 3.588043769090814 2.84515121076258 28.149999618530273 AB 6.474656442796905 1.3221004528657725
61974.2562 lsst_hardware_g 199.9197616251838 20.315627061016325 31.360000610351562 AB 6.2528386185588 1.2163083712547513
61976.2744 lsst_hardware_i 1324.6228976848315 47.25357393626613 31.229999542236328 AB 6.737258361102727 1.1263806889939914
61976.2955 lsst_hardware_r 729.3832849729786 35.00627824152437 31.479999542236328 AB 5.771922734700414 1.0701462048484305
61978.2584 lsst_hardware_u 4.754209652844837 2.9292941275668154 28.209999084472656 AB 2.3569417022336268 1.162486659548028
61978.2765 lsst_hardware_g 234.32062228714992 19.91268342395779 31.3799991607666 AB 2.20951505849559 1.103929582061249
61981.268 lsst_hardware_z 871.4167475916204 50.541690289794886 30.940000534057617 AB 4.868929202496192 1.1047962641572147
61981.2873 lsst_hardware_r 571.2968250712962 33.7542667404684 31.489999771118164 AB 4.680613099286875 1.0586827984966731
61986.2636 lsst_hardware_i 4140.296400964172 140.39472349675935 32.81999969482422 AB 0.9816778243216546 1.080746228610996
61986.2993 lsst_hardware_r 2068.7683243116535 140.52517274752165 32.849998474121094 AB 1.867596069674862 1.0193374345537316
61992.2652 lsst_hardware_r 630.9909753388027 82.48542165259101 31.649999618530273 AB 4.3674303608636125 1.0440280549485719
61992.2836 lsst_hardware_z 542.3245108968181 64.79572202070733 30.989999771118164 AB 4.192298236341391 1.0185988547266942
61994.2599 lsst_hardware_z 527.5116193091442 54.37552626645834 30.969999313354492 AB 3.0160192599889557 1.0437557640913473
61994.2786 lsst_hardware_i 890.8859514729846 55.22670070840013 31.309999465942383 AB 2.9510705991230637 1.0181079029835485
61995.2504 lsst_hardware_z -36.374877237773326 45.790000915527344 30.959999084472656 AB 3.5906616492885264 1.056076955673096
61995.2697 lsst_hardware_r -31.040805073956662 40.04999923706055 31.610000610351562 AB 3.4858972506238652 1.0252638972423134
62006.1688 lsst_hardware_z -53.04306856975457 43.630001068115234 30.940000534057617 AB 3.638464535368057 1.2164709245630414
62006.1757 lsst_hardware_i 1.2463017961255118 31.84000015258789 31.239999771118164 AB 3.5446763965139327 1.1868336149042185
62009.1653 lsst_hardware_r 9.329003369930069 26.170000076293945 31.5 AB 2.361389065740327 1.1959932802466517
62009.1764 lsst_hardware_u 0.27880131613136305 3.0399999618530273 28.5 AB 2.6593679196364435 1.1529051674724466
62013.1511 lsst_hardware_z 34.30475693437864 72.86000061035156 31.700000762939453 AB 5.677656001985508 1.2101575847926482
62016.1557 lsst_hardware_z -37.57885287097314 72.80999755859375 30.979999542236328 AB 1.6220909174521434 1.1586363696086739
62016.1736 lsst_hardware_r -253.9686226419022 103.94000244140625 31.649999618530273 AB 1.5270711595549131 1.101584244944933
62020.1336 lsst_hardware_z 25.6310940581408 74.38999938964844 30.969999313354492 AB 2.412535311701655 1.203109493430572
62020.1501 lsst_hardware_i 60.69961545033842 82.16999816894531 31.31999969482422 AB 2.3415103694026245 1.1399758370996225
62027.1851 lsst_hardware_r 4.881299753019787 23.100000381469727 31.530000686645508 AB 0.9006347542976664 1.0219002507160804
62027.2068 lsst_hardware_g -8.744300429263376 14.470000267028809 31.479999542236328 AB 0.8877896071600687 1.0040029484423778
62030.1595 lsst_hardware_z 10.388223585814094 41.2599983215332 30.950000762939453 AB 0.7192272379246027 1.0474183076584511
62030.1773 lsst_hardware_r 13.861524922941882 23.010000228881836 31.510000228881836 AB 0.8380960227745746 1.0214454878422603
62031.1676 lsst_hardware_z -68.13978215309983 41.130001068115234 30.950000762939453 AB 1.255269664836484 1.0303170983609993
62031.1846 lsst_hardware_i -75.48901075145096 30.309999465942383 31.25 AB 1.2274933427951877 1.011461931850735
62033.0592 lsst_hardware_z 64.71395003945777 46.77000045776367 30.90999984741211 AB 7.94217133114777 1.4309359193708604
62033.0766 lsst_hardware_r -19.69219743884134 24.18000030517578 31.450000762939453 AB 7.331663607539395 1.3125852373705427
62035.064 lsst_hardware_u 2.585762733450381 2.490000009536743 28.139999389648438 AB 3.4623884324245084 1.3574001499261343
62035.0799 lsst_hardware_g -0.4942664469195173 14.319999694824219 31.350000381469727 AB 3.1975760141780456 1.2637391618132776
62037.0653 lsst_hardware_r -26.12159168160806 25.309999465942383 31.450000762939453 AB 4.0118042750464955 1.3148427186474558
62037.0813 lsst_hardware_i 8.254995130070016 32.90999984741211 31.219999313354492 AB 3.7111824989970477 1.2296827365794543
62043.0941 lsst_hardware_z 8.336574625756347 57.0 30.969999313354492 AB 4.274611984324841 1.1182765165009396
62043.1142 lsst_hardware_i -34.40604098593387 58.119998931884766 31.31999969482422 AB 4.133636449775415 1.0666072635210286
62044.077 lsst_hardware_r 108.30489923423113 85.12999725341797 31.6200008392334 AB 6.7071369505753555 1.1669998174066851
62044.0965 lsst_hardware_z 47.9522639494688 63.4900016784668 30.979999542236328 AB 6.9916114219562004 1.1033869520959836
62048.1159 lsst_hardware_z -27.409528994575094 102.68000030517578 31.75 AB 3.666981694403833 1.0381433065053467
62050.1034 lsst_hardware_g 0.3339337130858141 74.0 31.729999542236328 AB 8.133153047083733 1.050105298683756
62050.1227 lsst_hardware_r -122.08120062519303 71.20999908447266 31.65999984741211 AB 8.315945291375627 1.021437132117747
62052.1018 lsst_hardware_i 12.124540510576944 30.549999237060547 31.260000228881836 AB 5.90607654506363 1.0433228108459232
62052.1216 lsst_hardware_z 30.88845212551045 44.5099983215332 30.969999313354492 AB 5.947364241691511 1.016701391821049
62053.9888 lsst_hardware_y 39.360502952902856 82.30000305175781 29.90999984741211 AB 3.416347747220788 1.5432981842587508
62054.0088 lsst_hardware_g 23.136914020865383 14.529999732971191 31.350000381469727 AB 4.774659583182759 1.3799594171048435
62057.0063 lsst_hardware_y -10.05632064883652 51.56999969482422 29.940000534057617 AB 9.722739481661556 1.3419930271443563
62057.0251 lsst_hardware_u 0.3047705074305129 2.5899999141693115 28.280000686645508 AB 9.019763194429387 1.2372789018421657
62058.9923 lsst_hardware_z 84.69530496659708 68.77999877929688 30.950000762939453 AB 9.881397216321433 1.4002263307809883
62059.0103 lsst_hardware_r 14.535816663223901 23.959999084472656 31.469999313354492 AB 10.062617748593674 1.285642632615254
62064.9975 lsst_hardware_y -66.30201252426544 69.56999969482422 29.989999771118164 AB 4.562870181063384 1.2662914471036217
62065.0164 lsst_hardware_u 2.6158574340119145 2.890000104904175 28.440000534057617 AB 4.8891720787053865 1.1796297439373404
62066.9992 lsst_hardware_y 49.54779878933558 66.04000091552734 30.010000228881836 AB 4.4577230887208765 1.2305653799091447
62067.0182 lsst_hardware_i -6.723707834234732 32.29999923706055 31.239999771118164 AB 3.273777904535859 1.1523329477422948
62070.0015 lsst_hardware_y -42.796167690133295 66.54000091552734 30.010000228881836 AB 5.073862211663314 1.1846284129416353
62070.0203 lsst_hardware_r -35.95888383693355 43.369998931884766 31.600000381469727 AB 4.780612614993651 1.118511793560487
62077.0125 lsst_hardware_z 8.973944847480603 67.63999938964844 30.989999771118164 AB 3.04424738714209 1.0872312096936037
62077.0302 lsst_hardware_i -39.416614123343756 71.4800033569336 31.329999923706055 AB 3.0006693205894632 1.0491545073588893
62079.0092 lsst_hardware_y -1.4266399533303875 58.93000030517578 30.040000915527344 AB 4.328329215897249 1.0819019869765947
62079.0275 lsst_hardware_r 48.34411042538968 22.540000915527344 31.489999771118164 AB 4.2774589401366 1.0443014990568928
62081.0121 lsst_hardware_y 8.22666298819454 54.79999923706055 30.049999237060547 AB 4.262599593772054 1.0631028811236551
62081.0292 lsst_hardware_r -29.142531108067626 22.690000534057617 31.5 AB 4.058092590167856 1.0329878045484548
62083.0133 lsst_hardware_y 84.34618749594597 54.619998931884766 30.059999465942383 AB 9.54797684843318 1.0500936869324367
62083.0303 lsst_hardware_z 1.9176959114890249 41.08000183105469 30.959999084472656 AB 8.605650898491776 1.0241774351076198
62310.3508 lsst_hardware_r 0.7160490070873929 44.4900016784668 31.59000015258789 AB 4.035612671326852 1.1565845586664332
62310.3729 lsst_hardware_i -13.27028378177733 36.88999938964844 31.270000457763672 AB 3.7553254024715894 1.0889735834338377
62312.3611 lsst_hardware_z -49.34828577360282 80.9000015258789 31.719999313354492 AB 3.9845618506283174 1.1059778920625245
62314.3684 lsst_hardware_z -128.33393599316284 107.5 32.18000030517578 AB 7.729404422887843 1.0735283920677559
62314.3931 lsst_hardware_r 8.827504276157581 149.4499969482422 32.849998474121094 AB 7.384970651744329 1.0290371209713456
62315.354 lsst_hardware_i -113.68326527882813 93.5 32.06999969482422 AB 5.565637276103014 1.1029253953139828
62315.3757 lsst_hardware_z -36.61615094843606 85.2300033569336 31.739999771118164 AB 5.460160438008687 1.0527301615697984
62325.3666 lsst_hardware_u -0.1089627584782789 2.7699999809265137 28.510000228881836 AB 1.5805569401980042 1.0244508632591822
62325.3867 lsst_hardware_g -32.28333378220277 14.09000015258789 31.450000762939453 AB 1.642342995315905 1.0060293998875183
62327.2654 lsst_hardware_u 1.4679396488736365 2.5199999809265137 28.190000534057617 AB 12.84311033492753 1.348240084149509
62327.286 lsst_hardware_g 4.380129121481949 13.8100004196167 31.350000381469727 AB 11.793391858426146 1.2332958806196543
62330.2717 lsst_hardware_z -29.66823826664084 44.220001220703125 30.920000076293945 AB 7.8983147301991545 1.2637977593790526
62330.2925 lsst_hardware_r 2.214159046393389 23.040000915527344 31.469999313354492 AB 7.139209707810754 1.170362247182091
62332.2539 lsst_hardware_u 1.2160483640329351 2.509999990463257 28.200000762939453 AB 7.0956692952834866 1.3345249756034392
62332.2724 lsst_hardware_r -24.68633505872909 23.299999237060547 31.459999084472656 AB 6.619973319439652 1.2330567300469666
62334.2495 lsst_hardware_g 9.036717428676937 13.819999694824219 31.31999969482422 AB 2.317670357110946 1.3279241923859508
62334.27 lsst_hardware_i 20.19519850775868 31.93000030517578 31.229999542236328 AB 2.312466457632859 1.2187982032499256
62343.2567 lsst_hardware_r -65.51520080032222 107.94000244140625 31.6200008392334 AB 12.29657656460476 1.1715488342801792
62343.2744 lsst_hardware_z -63.22898186305059 71.8499984741211 30.979999542236328 AB 11.856042913263778 1.1119209934910383
62345.2591 lsst_hardware_y -64.6009859533843 57.119998931884766 30.020000457763672 AB 2.881037013496875 1.1430418621292897
62345.2766 lsst_hardware_r 8.560600321342447 93.02999877929688 31.639999389648438 AB 2.7506717981496442 1.0908870902834202
62347.261 lsst_hardware_i -28.604092682709343 60.18000030517578 31.309999465942383 AB 4.938967219397795 1.1193126842827863
62347.2785 lsst_hardware_z 3.5201127467744375 57.220001220703125 30.979999542236328 AB 4.733590798149692 1.073092711259234
62348.2664 lsst_hardware_r -17.851190812599796 54.56999969482422 31.6200008392334 AB 3.915811765002733 1.0961496029680133
62348.2858 lsst_hardware_z -44.56955087689094 50.459999084472656 30.969999313354492 AB 3.7840573739099743 1.0523694288840921
62352.2652 lsst_hardware_z 17.983911469608124 41.54999923706055 30.950000762939453 AB 1.0047462983205062 1.072301278890615
62352.2848 lsst_hardware_i -11.462674309868325 30.549999237060547 31.25 AB 1.0155619194955214 1.0355831945909464
62354.2683 lsst_hardware_u 4.079591548578034 2.700000047683716 28.450000762939453 AB 1.2777777615968853 1.054489590754599
62354.2885 lsst_hardware_g 7.552088498518006 13.75 31.43000030517578 AB 1.2640896352748636 1.023140133771642
62356.2645 lsst_hardware_r -48.141015932654895 22.68000030517578 31.5 AB 3.1901813748311296 1.0513615428422924
62356.284 lsst_hardware_i 12.591689019308767 30.260000228881836 31.260000228881836 AB 3.139835857927476 1.0219988145259908
62360.2999 lsst_hardware_z -32.69766759664399 40.470001220703125 30.950000762939453 AB 2.5162506608871795 1.0019248077328915
62360.342 lsst_hardware_r 16.681077332462547 32.0 32.2599983215332 AB 3.1676698879863414 1.0143035184073763
62362.1687 lsst_hardware_z -114.30685700700438 45.47999954223633 30.920000076293945 AB 3.2566002091243993 1.3557398962530025
62362.1872 lsst_hardware_r 54.069954352387384 23.600000381469727 31.459999084472656 AB 2.892847987102074 1.2491606997204983
62364.1467 lsst_hardware_z -37.328648486721086 47.560001373291016 30.899999618530273 AB 7.807756606131099 1.4799096394499
62364.1644 lsst_hardware_g 3.1442076984889558 19.040000915527344 31.43000030517578 AB 7.24182863712146 1.3481530196316711
62367.1448 lsst_hardware_r -52.603846180529914 50.16999816894531 31.530000686645508 AB 2.6613384640573985 1.428906557883167
62367.1626 lsst_hardware_y -94.5813337831743 52.029998779296875 29.959999084472656 AB 2.4262571727912454 1.3086608267482445
62369.1583 lsst_hardware_z -0.8743235077170932 58.900001525878906 30.950000762939453 AB 2.330594158202575 1.3018866911102738
62369.1763 lsst_hardware_r -12.341261959121887 71.37000274658203 31.610000610351562 AB 2.0828139775729086 1.2104691849513225
62371.1671 lsst_hardware_i 5.8654495162749685 87.94999694824219 31.299999237060547 AB 2.3159994959417114 1.2275073517645219
62371.1855 lsst_hardware_z 33.63038197127397 74.97000122070312 30.979999542236328 AB 2.1824664364270743 1.152153325288148
62376.1789 lsst_hardware_z 19.26584906816749 79.6500015258789 31.719999313354492 AB 4.852196168997652 1.1284177137203841
62378.1745 lsst_hardware_g -2.3875177381052315 26.739999771118164 31.59000015258789 AB 3.87173565104694 1.1250684766699748
62380.1532 lsst_hardware_u 3.2170494636632307 2.609999895095825 28.309999465942383 AB 1.535676137572376 1.1812893365941353
62380.1712 lsst_hardware_g 14.436558313071325 14.180000305175781 31.399999618530273 AB 1.8101574310034063 1.1184167012687094
62382.163 lsst_hardware_r 2.2923635466672176 23.3799991607666 31.479999542236328 AB 1.5776464502177576 1.1268903215841126
62382.1814 lsst_hardware_i -32.539328728827655 30.93000030517578 31.25 AB 1.361947216628217 1.076638115911634
62385.1716 lsst_hardware_z 30.559345738954875 41.779998779296875 30.950000762939453 AB 0.7341575245954428 1.080437858124272
62385.1891 lsst_hardware_r 4.239139534280599 23.100000381469727 31.510000228881836 AB 0.7087805242316609 1.0446286281969948
62387.1654 lsst_hardware_u 0.09641530342356247 2.630000114440918 28.360000610351562 AB 2.865177964957125 1.0822201945069405
62387.1817 lsst_hardware_r 9.214913453582856 23.020000457763672 31.489999771118164 AB 2.6446835565355404 1.0480220156669469
62389.1646 lsst_hardware_i 11.863886962876053 30.959999084472656 31.239999771118164 AB 3.8831680926540058 1.0713665588781915
62389.181 lsst_hardware_z -14.913665333496539 41.16999816894531 30.940000534057617 AB 3.9137982508974516 1.0399357648193044
62390.1653 lsst_hardware_r -6.977768917049616 23.190000534057617 31.5 AB 2.8726410531594744 1.0639411307998052
62390.1825 lsst_hardware_u 1.1539161236061122 2.75 28.479999542236328 AB 2.579433448650661 1.0334268624401686
62393.1591 lsst_hardware_g -17.163789284054758 18.290000915527344 31.530000686645508 AB 1.7944926915340247 1.059844093828541
62393.1762 lsst_hardware_r -14.943170942589054 25.0 31.530000686645508 AB 0.9069463023171666 1.0307184039971586
62399.0627 lsst_hardware_i -119.9491848669351 81.43000030517578 31.270000457763672 AB 7.760322154098907 1.3898669569444246
62399.0802 lsst_hardware_z 2.054300510857111 71.12999725341797 30.959999084472656 AB 7.148602821473795 1.2804614421842064
62401.0606 lsst_hardware_i -40.87422100950076 103.81999969482422 31.280000686645508 AB 3.5137654469475152 1.3665592404268412
62401.0778 lsst_hardware_z -35.243211140996266 86.9800033569336 30.969999313354492 AB 3.257262636399487 1.2640972684193217
62406.095 lsst_hardware_g 8.521044818148576 14.1899995803833 31.399999618530273 AB 3.6391152829359164 1.1348592358429843
62407.0957 lsst_hardware_r 14.682098515961007 23.25 31.489999771118164 AB 5.153392012360154 1.1238860160715407
62411.1033 lsst_hardware_g -26.743888959495184 14.149999618530273 31.43000030517578 AB 4.843521619892783 1.0741500543100364
62411.1227 lsst_hardware_i -17.540514581792536 30.469999313354492 31.25 AB 4.685626146237025 1.037140106888337
62414.0998 lsst_hardware_u -1.7882007141936198 2.6500000953674316 28.389999389648438 AB 3.7624182762440377 1.063881882155721
62414.1194 lsst_hardware_g -2.1257290059191076 14.130000114440918 31.440000534057617 AB 3.6893567540353254 1.0299711764476063
62416.0821 lsst_hardware_g 11.12060862222206 13.899999618530273 31.399999618530273 AB 4.741510712151256 1.092576925433782
62416.1007 lsst_hardware_r -8.585425621838477 22.729999542236328 31.489999771118164 AB 8.42467507672076 1.0513321643158409
62418.1021 lsst_hardware_z -48.8482150763118 41.18000030517578 30.950000762939453 AB 5.956769441832008 1.0394851133111669
62418.1217 lsst_hardware_r -15.126582875711339 22.729999542236328 31.510000228881836 AB 5.533331298463443 1.014607535932844
62419.9896 lsst_hardware_y -39.41810236966226 84.80999755859375 29.920000076293945 AB 3.3899460955197447 1.516924083464133
62420.009 lsst_hardware_i -10.396047459586521 33.470001220703125 31.209999084472656 AB 4.676776389245819 1.3646852609412954
62422.9919 lsst_hardware_y -273.43198998368007 101.51000213623047 30.690000534057617 AB 10.238220933541847 1.428921274744007
62423.0133 lsst_hardware_g 62.4419977572481 37.61000061035156 32.290000915527344 AB 9.296905655674415 1.288031725083334
62425.0079 lsst_hardware_y 30.194132360845998 53.0099983215332 29.979999542236328 AB 10.0648145264926 1.287691902658055
62425.0278 lsst_hardware_i 8.751988690063751 46.869998931884766 31.280000686645508 AB 9.325018556997643 1.1916068310559567
62427.0175 lsst_hardware_z -3.4373082680580738 88.25 31.709999084472656 AB 6.425062008453037 1.2124283573631345
62428.9959 lsst_hardware_y 72.98407714878446 76.68000030517578 29.979999542236328 AB 2.983715505606123 1.2937519807509126
62429.0136 lsst_hardware_r 109.6751547614839 100.44000244140625 31.610000610351562 AB 3.614129344237838 1.205546966806228
62437.011 lsst_hardware_y -184.3633728180032 50.90999984741211 30.020000457763672 AB 4.049594670902988 1.132753754098738
62437.0291 lsst_hardware_r 29.282303406119617 22.520000457763672 31.479999542236328 AB 3.876407215904781 1.0816874381652883
62438.0118 lsst_hardware_y -3.9756449525547835 50.150001525878906 30.020000457763672 AB 3.5169102694500887 1.1215829497556775
62438.0303 lsst_hardware_r -25.203541708991462 22.549999237060547 31.489999771118164 AB 3.3179911625782412 1.0725108811264652
62440.0059 lsst_hardware_z 60.27467934920429 52.939998626708984 30.959999084472656 AB 5.203976385546424 1.1229382069474938
62440.0228 lsst_hardware_g -18.096057669890456 14.050000190734863 31.40999984741211 AB 4.975817018473733 1.0771915394217821
62442.0129 lsst_hardware_y 81.62128353434089 49.880001068115234 30.030000686645508 AB 9.467608567918061 1.0879807593564021
62442.0318 lsst_hardware_i 26.12687882868367 30.170000076293945 31.239999771118164 AB 9.125094526031036 1.0475369677456476
