data/validation/pwv_sim_epoch_fit_4/45077693.ecsv
# %ECSV 0.9
# ---
# datatype:
# - {name: time, datatype: float64}
# - {name: band, datatype: string}
# - {name: flux, datatype: float64}
# - {name: fluxerr, datatype: float64}
# - {name: zp, datatype: float64}
# - {name: zpsys, datatype: string}
# - {name: pwv, datatype: float64}
# - {name: airmass, datatype: float64}
# meta: {SNID: '45077693', alt: 1024.0, c: -0.04313114285469055, dec: -30.0, lat: -30.244573, lon: -70.7499537, ra: 1.933594, t0: 61928.93359375,
#   x0: 2.4575246956843732e-05, x1: 0.21430765092372894, z: 0.3139858841896057}
# schema: astropy-2.0
time band flux fluxerr zp zpsys pwv airmass
61947.3399 lsst_hardware_i 3306.471501286152 64.97459164098531 31.229999542236328 AB 6.366936992105356 1.1743866074158875
61947.3627 lsst_hardware_z 1947.9176257056163 60.291259045622304 30.940000534057617 AB 5.956023812838576 1.0996074610612872
61954.3245 lsst_hardware_z 1813.1235196457103 60.04023709744308 30.93000030517578 AB 7.478835839522222 1.1603489614484208
61954.3434 lsst_hardware_g 764.1198737281534 31.244043215375704 31.389999389648438 AB 7.223140970623015 1.1001242768340014
61955.3462 lsst_hardware_u 29.6447208783591 16.79423006839937 30.989999771118164 AB 7.841274351718877 1.0857107344274812
61955.3789 lsst_hardware_y 3427.9128511938115 126.59899679978952 32.0 AB 6.515921860350113 1.025268309086874
61958.4256 lsst_hardware_y 529.6057720597843 56.917981189370515 30.059999465942383 AB 1.7288970087072957 1.0029859368861813
61962.2574 lsst_hardware_z 1656.7096262895761 80.28263647664272 30.940000534057617 AB 12.149579552219073 1.398284736557377
61962.2782 lsst_hardware_r 1464.3551817260516 94.93731814841043 31.600000381469727 AB 11.02221608481589 1.2690120986471072
61965.26 lsst_hardware_i 1966.3151200259824 68.76368736431512 31.25 AB 8.225119659087488 1.3262043952092049
61965.2792 lsst_hardware_z 1819.402482298804 66.79044130059543 30.940000534057617 AB 7.675543130732147 1.2234865913337287
61974.2361 lsst_hardware_u 6.24538088271097 2.84515121076258 28.149999618530273 AB 6.474656442796905 1.3221004528657725
61974.2562 lsst_hardware_g 206.32882408894625 20.315627061016325 31.360000610351562 AB 6.2528386185588 1.2163083712547513
61976.2744 lsst_hardware_i 1319.2772958334726 47.25357393626613 31.229999542236328 AB 6.737258361102727 1.1263806889939914
61976.2955 lsst_hardware_r 709.4148087378161 35.00627824152437 31.479999542236328 AB 5.771922734700414 1.0701462048484305
61978.2584 lsst_hardware_u 0.39610880126856607 2.9292941275668154 28.209999084472656 AB 2.3569417022336268 1.162486659548028
61978.2765 lsst_hardware_g 176.39144522129808 19.91268342395779 31.3799991607666 AB 2.20951505849559 1.103929582061249
61981.268 lsst_hardware_z 856.6330529286524 50.541690289794886 30.940000534057617 AB 4.868929202496192 1.1047962641572147
61981.2873 lsst_hardware_r 656.0974226649363 33.7542667404684 31.489999771118164 AB 4.680613099286875 1.0586827984966731
61986.2636 lsst_hardware_i 4099.452038462701 140.39472349675935 32.81999969482422 AB 0.9816778243216546 1.080746228610996
61986.2993 lsst_hardware_r 2163.0576651222277 140.52517274752165 32.849998474121094 AB 1.867596069674862 1.0193374345537316
61992.2652 lsst_hardware_r 649.4826252474729 82.48542165259101 31.649999618530273 AB 4.3674303608636125 1.0440280549485719
61992.2836 lsst_hardware_z 625.4752963398383 64.79572202070733 30.989999771118164 AB 4.192298236341391 1.0185988547266942
61994.2599 lsst_hardware_z 525.2503619679181 54.37552626645834 30.969999313354492 AB 3.0160192599889557 1.0437557640913473
61994.2786 lsst_hardware_i 916.1802542576048 55.22670070840013 31.309999465942383 AB 2.9510705991230637 1.0181079029835485
61995.2504 lsst_hardware_z -7.571165045244561 45.790000915527344 30.959999084472656 AB 3.5906616492885264 1.056076955673096
61995.2697 lsst_hardware_r -60.862155457606015 40.04999923706055 31.610000610351562 AB 3.4858972506238652 1.0252638972423134
62006.1688 lsst_hardware_z -78.87160835785876 43.630001068115234 30.940000534057617 AB 3.638464535368057 1.2164709245630414
62006.1757 lsst_hardware_i -18.306257551580423 31.84000015258789 31.239999771118164 AB 3.5446763965139327 1.1868336149042185
62009.1653 lsst_hardware_r 41.22916738095056 26.170000076293945 31.5 AB 2.361389065740327 1.1959932802466517
62009.1764 lsst_hardware_u 0.6885665020989934 3.0399999618530273 28.5 AB 2.6593679196364435 1.1529051674724466
62013.1511 lsst_hardware_z 9.342421884577817 72.86000061035156 31.700000762939453 AB 5.677656001985508 1.2101575847926482
62016.1557 lsst_hardware_z 80.59176976108066 72.80999755859375 30.979999542236328 AB 1.6220909174521434 1.1586363696086739
62016.1736 lsst_hardware_r 173.23633313729994 103.94000244140625 31.649999618530273 AB 1.5270711595549131 1.101584244944933
62020.1336 lsst_hardware_z 4.1935369926133115 74.38999938964844 30.969999313354492 AB 2.412535311701655 1.203109493430572
62020.1501 lsst_hardware_i -29.46230498796281 82.16999816894531 31.31999969482422 AB 2.3415103694026245 1.1399758370996225
62027.1851 lsst_hardware_r -5.945773939750411 23.100000381469727 31.530000686645508 AB 0.9006347542976664 1.0219002507160804
62027.2068 lsst_hardware_g -12.451474472150988 14.470000267028809 31.479999542236328 AB 0.8877896071600687 1.0040029484423778
62030.1595 lsst_hardware_z 15.309149222626916 41.2599983215332 30.950000762939453 AB 0.7192272379246027 1.0474183076584511
62030.1773 lsst_hardware_r -16.97253018133541 23.010000228881836 31.510000228881836 AB 0.8380960227745746 1.0214454878422603
62031.1676 lsst_hardware_z 114.11786681359291 41.130001068115234 30.950000762939453 AB 1.255269664836484 1.0303170983609993
62031.1846 lsst_hardware_i -22.024370520776742 30.309999465942383 31.25 AB 1.2274933427951877 1.011461931850735
62033.0592 lsst_hardware_z 15.696790727273246 46.77000045776367 30.90999984741211 AB 7.94217133114777 1.4309359193708604
62033.0766 lsst_hardware_r 13.647414838746656 24.18000030517578 31.450000762939453 AB 7.331663607539395 1.3125852373705427
62035.064 lsst_hardware_u -0.6861573852327368 2.490000009536743 28.139999389648438 AB 3.4623884324245084 1.3574001499261343
62035.0799 lsst_hardware_g 5.36438701517641 14.319999694824219 31.350000381469727 AB 3.1975760141780456 1.2637391618132776
62037.0653 lsst_hardware_r -22.050173646280115 25.309999465942383 31.450000762939453 AB 4.0118042750464955 1.3148427186474558
62037.0813 lsst_hardware_i -27.349477518139366 32.90999984741211 31.219999313354492 AB 3.7111824989970477 1.2296827365794543
62043.0941 lsst_hardware_z 59.15686014391741 57.0 30.969999313354492 AB 4.274611984324841 1.1182765165009396
62043.1142 lsst_hardware_i 33.8916064715165 58.119998931884766 31.31999969482422 AB 4.133636449775415 1.0666072635210286
62044.077 lsst_hardware_r 32.74708288008927 85.12999725341797 31.6200008392334 AB 6.7071369505753555 1.1669998174066851
62044.0965 lsst_hardware_z 88.02548721523344 63.4900016784668 30.979999542236328 AB 6.9916114219562004 1.1033869520959836
62048.1159 lsst_hardware_z -2.112147106133182 102.68000030517578 31.75 AB 3.666981694403833 1.0381433065053467
62050.1034 lsst_hardware_g 6.391356039083935 74.0 31.729999542236328 AB 8.133153047083733 1.050105298683756
62050.1227 lsst_hardware_r 79.73693646968078 71.20999908447266 31.65999984741211 AB 8.315945291375627 1.021437132117747
62052.1018 lsst_hardware_i -33.92112592278459 30.549999237060547 31.260000228881836 AB 5.90607654506363 1.0433228108459232
62052.1216 lsst_hardware_z -90.89285029623706 44.5099983215332 30.969999313354492 AB 5.947364241691511 1.016701391821049
62053.9888 lsst_hardware_y 13.729263164963298 82.30000305175781 29.90999984741211 AB 3.416347747220788 1.5432981842587508
62054.0088 lsst_hardware_g 9.130663715670678 14.529999732971191 31.350000381469727 AB 4.774659583182759 1.3799594171048435
62057.0063 lsst_hardware_y -60.090304631771865 51.56999969482422 29.940000534057617 AB 9.722739481661556 1.3419930271443563
62057.0251 lsst_hardware_u 0.5431998244311615 2.5899999141693115 28.280000686645508 AB 9.019763194429387 1.2372789018421657
62058.9923 lsst_hardware_z 26.571819395778732 68.77999877929688 30.950000762939453 AB 9.881397216321433 1.4002263307809883
62059.0103 lsst_hardware_r -21.27914949165685 23.959999084472656 31.469999313354492 AB 10.062617748593674 1.285642632615254
62064.9975 lsst_hardware_y -97.13537291294438 69.56999969482422 29.989999771118164 AB 4.562870181063384 1.2662914471036217
62065.0164 lsst_hardware_u 0.7563060893551562 2.890000104904175 28.440000534057617 AB 4.8891720787053865 1.1796297439373404
62066.9992 lsst_hardware_y 23.125001333844594 66.04000091552734 30.010000228881836 AB 4.4577230887208765 1.2305653799091447
62067.0182 lsst_hardware_i 44.15178809526057 32.29999923706055 31.239999771118164 AB 3.273777904535859 1.1523329477422948
62070.0015 lsst_hardware_y 8.593493647247575 66.54000091552734 30.010000228881836 AB 5.073862211663314 1.1846284129416353
62070.0203 lsst_hardware_r 10.053629730517658 43.369998931884766 31.600000381469727 AB 4.780612614993651 1.118511793560487
62077.0125 lsst_hardware_z 104.30490455705285 67.63999938964844 30.989999771118164 AB 3.04424738714209 1.0872312096936037
62077.0302 lsst_hardware_i 18.835757552698404 71.4800033569336 31.329999923706055 AB 3.0006693205894632 1.0491545073588893
62079.0092 lsst_hardware_y 86.17488242840517 58.93000030517578 30.040000915527344 AB 4.328329215897249 1.0819019869765947
62079.0275 lsst_hardware_r 3.63885643889652 22.540000915527344 31.489999771118164 AB 4.2774589401366 1.0443014990568928
62081.0121 lsst_hardware_y -36.12538019749742 54.79999923706055 30.049999237060547 AB 4.262599593772054 1.0631028811236551
62081.0292 lsst_hardware_r -21.69121952984104 22.690000534057617 31.5 AB 4.058092590167856 1.0329878045484548
62083.0133 lsst_hardware_y 77.43054966560086 54.619998931884766 30.059999465942383 AB 9.54797684843318 1.0500936869324367
62083.0303 lsst_hardware_z 40.962036567779016 41.08000183105469 30.959999084472656 AB 8.605650898491776 1.0241774351076198
62310.3508 lsst_hardware_r 17.621059026683028 44.4900016784668 31.59000015258789 AB 4.035612671326852 1.1565845586664332
62310.3729 lsst_hardware_i 18.852005266404213 36.88999938964844 31.270000457763672 AB 3.7553254024715894 1.0889735834338377
62312.3611 lsst_hardware_z -87.70991060734325 80.9000015258789 31.719999313354492 AB 3.9845618506283174 1.1059778920625245
62314.3684 lsst_hardware_z -130.92626453871907 107.5 32.18000030517578 AB 7.729404422887843 1.0735283920677559
62314.3931 lsst_hardware_r -158.56434838938264 149.4499969482422 32.849998474121094 AB 7.384970651744329 1.0290371209713456
62315.354 lsst_hardware_i 154.06382595903466 93.5 32.06999969482422 AB 5.565637276103014 1.1029253953139828
62315.3757 lsst_hardware_z 68.96731770626883 85.2300033569336 31.739999771118164 AB 5.460160438008687 1.0527301615697984
62325.3666 lsst_hardware_u 0.19499588658569522 2.7699999809265137 28.510000228881836 AB 1.5805569401980042 1.0244508632591822
62325.3867 lsst_hardware_g -12.05629354304771 14.09000015258789 31.450000762939453 AB 1.642342995315905 1.0060293998875183
62327.2654 lsst_hardware_u 2.6363185665393614 2.5199999809265137 28.190000534057617 AB 12.84311033492753 1.348240084149509
62327.286 lsst_hardware_g 7.926549596649377 13.8100004196167 31.350000381469727 AB 11.793391858426146 1.2332958806196543
62330.2717 lsst_hardware_z 55.52736888509272 44.220001220703125 30.920000076293945 AB 7.8983147301991545 1.2637977593790526
62330.2925 lsst_hardware_r -41.730688186410156 23.040000915527344 31.469999313354492 AB 7.139209707810754 1.170362247182091
62332.2539 lsst_hardware_u 1.2873848906883045 2.509999990463257 28.200000762939453 AB 7.0956692952834866 1.3345249756034392
62332.2724 lsst_hardware_r -6.932320699439538 23.299999237060547 31.459999084472656 AB 6.619973319439652 1.2330567300469666
62334.2495 lsst_hardware_g -1.8730252489130998 13.819999694824219 31.31999969482422 AB 2.317670357110946 1.3279241923859508
62334.27 lsst_hardware_i -14.763665030574064 31.93000030517578 31.229999542236328 AB 2.312466457632859 1.2187982032499256
62343.2567 lsst_hardware_r -104.4815192160263 107.94000244140625 31.6200008392334 AB 12.29657656460476 1.1715488342801792
62343.2744 lsst_hardware_z -28.368993264573785 71.8499984741211 30.979999542236328 AB 11.856042913263778 1.1119209934910383
62345.2591 lsst_hardware_y 86.15772662790152 57.119998931884766 30.020000457763672 AB 2.881037013496875 1.1430418621292897
62345.2766 lsst_hardware_r 98.02036423259077 93.02999877929688 31.639999389648438 AB 2.7506717981496442 1.0908870902834202
62347.261 lsst_hardware_i 27.947174726972886 60.18000030517578 31.309999465942383 AB 4.938967219397795 1.1193126842827863
62347.2785 lsst_hardware_z -40.06309069439135 57.220001220703125 30.979999542236328 AB 4.733590798149692 1.073092711259234
62348.2664 lsst_hardware_r -52.649790139908674 54.56999969482422 31.6200008392334 AB 3.915811765002733 1.0961496029680133
62348.2858 lsst_hardware_z 10.414378921619678 50.459999084472656 30.969999313354492 AB 3.7840573739099743 1.0523694288840921
62352.2652 lsst_hardware_z 58.340274296795435 41.54999923706055 30.950000762939453 AB 1.0047462983205062 1.072301278890615
62352.2848 lsst_hardware_i -26.50363012751431 30.549999237060547 31.25 AB 1.0155619194955214 1.0355831945909464
62354.2683 lsst_hardware_u -0.9316420233741964 2.700000047683716 28.450000762939453 AB 1.2777777615968853 1.054489590754599
62354.2885 lsst_hardware_g 2.073904741057721 13.75 31.43000030517578 AB 1.2640896352748636 1.023140133771642
62356.2645 lsst_hardware_r 4.453823547047441 22.68000030517578 31.5 AB 3.1901813748311296 1.0513615428422924
62356.284 lsst_hardware_i -2.228128296941411 30.260000228881836 31.260000228881836 AB 3.139835857927476 1.0219988145259908
62360.2999 lsst_hardware_z 44.46660221697168 40.470001220703125 30.950000762939453 AB 2.5162506608871795 1.0019248077328915
62360.342 lsst_hardware_r 3.0628546495313294 32.0 32.2599983215332 AB 3.1676698879863414 1.0143035184073763
62362.1687 lsst_hardware_z -35.01067744324011 45.47999954223633 30.920000076293945 AB 3.2566002091243993 1.3557398962530025
62362.1872 lsst_hardware_r 7.697248999141659 23.600000381469727 31.459999084472656 AB 2.892847987102074 1.2491606997204983
62364.1467 lsst_hardware_z 50.459534034558956 47.560001373291016 30.899999618530273 AB 7.807756606131099 1.4799096394499
62364.1644 lsst_hardware_g -5.701427830782616 19.040000915527344 31.43000030517578 AB 7.24182863712146 1.3481530196316711
62367.1448 lsst_hardware_r -86.02818977276483 50.16999816894531 31.530000686645508 AB 2.6613384640573985 1.428906557883167
62367.1626 lsst_hardware_y 27.477264584434977 52.029998779296875 29.959999084472656 AB 2.4262571727912454 1.3086608267482445
62369.1583 lsst_hardware_z 170.0039774127467 58.900001525878906 30.950000762939453 AB 2.330594158202575 1.3018866911102738
62369.1763 lsst_hardware_r -84.8421232872959 71.37000274658203 31.610000610351562 AB 2.0828139775729086 1.2104691849513225
62371.1671 lsst_hardware_i 27.782354197570683 87.94999694824219 31.299999237060547 AB 2.3159994959417114 1.2275073517645219
62371.1855 lsst_hardware_z 55.83559923955214 74.97000122070312 30.979999542236328 AB 2.1824664364270743 1.152153325288148
62376.1789 lsst_hardware_z -102.16993899490053 79.6500015258789 31.719999313354492 AB 4.852196168997652 1.1284177137203841
62378.1745 lsst_hardware_g -19.534750977825695 26.739999771118164 31.59000015258789 AB 3.87173565104694 1.1250684766699748
62380.1532 lsst_hardware_u 0.7548933563478807 2.609999895095825 28.309999465942383 AB 1.535676137572376 1.1812893365941353
62380.1712 lsst_hardware_g -33.54594871067207 14.180000305175781 31.399999618530273 AB 1.8101574310034063 1.1184167012687094
62382.163 lsst_hardware_r 3.0225624966689857 23.3799991607666 31.479999542236328 AB 1.5776464502177576 1.1268903215841126
62382.1814 lsst_hardware_i -12.964563979255564 30.93000030517578 31.25 AB 1.361947216628217 1.076638115911634
62385.1716 lsst_hardware_z -59.494546533956935 41.779998779296875 30.950000762939453 AB 0.7341575245954428 1.080437858124272
62385.1891 lsst_hardware_r -12.346121361173012 23.100000381469727 31.510000228881836 AB 0.7087805242316609 1.0446286281969948
62387.1654 lsst_hardware_u -4.649957253838719 2.630000114440918 28.360000610351562 AB 2.865177964957125 1.0822201945069405
62387.1817 lsst_hardware_r 19.9135072383152 23.020000457763672 31.489999771118164 AB 2.6446835565355404 1.0480220156669469
62389.1646 lsst_hardware_i -14.567913875519444 30.959999084472656 31.239999771118164 AB 3.8831680926540058 1.0713665588781915
62389.181 lsst_hardware_z 22.598160368700867 41.16999816894531 30.940000534057617 AB 3.9137982508974516 1.0399357648193044
62390.1653 lsst_hardware_r -12.519672342213687 23.190000534057617 31.5 AB 2.8726410531594744 1.0639411307998052
62390.1825 lsst_hardware_u -1.6849705752282422 2.75 28.479999542236328 AB 2.579433448650661 1.0334268624401686
62393.1591 lsst_hardware_g 13.713924474184886 18.290000915527344 31.530000686645508 AB 1.7944926915340247 1.059844093828541
62393.1762 lsst_hardware_r 25.760367145979252 25.0 31.530000686645508 AB 0.9069463023171666 1.0307184039971586
62399.0627 lsst_hardware_i -4.0030639882348105 81.43000030517578 31.270000457763672 AB 7.760322154098907 1.3898669569444246
62399.0802 lsst_hardware_z -35.953706479622745 71.12999725341797 30.959999084472656 AB 7.148602821473795 1.2804614421842064
62401.0606 lsst_hardware_i 145.57868750650175 103.81999969482422 31.280000686645508 AB 3.5137654469475152 1.3665592404268412
62401.0778 lsst_hardware_z 115.72576935538434 86.9800033569336 30.969999313354492 AB 3.257262636399487 1.2640972684193217
62406.095 lsst_hardware_g -16.13849839424323 14.1899995803833 31.399999618530273 AB 3.6391152829359164 1.1348592358429843
62407.0957 lsst_hardware_r -2.718959969336959 23.25 31.489999771118164 AB 5.153392012360154 1.1238860160715407
62411.1033 lsst_hardware_g 16.0886526806024 14.149999618530273 31.43000030517578 AB 4.843521619892783 1.0741500543100364
62411.1227 lsst_hardware_i -0.7230552283989693 30.469999313354492 31.25 AB 4.685626146237025 1.037140106888337
62414.0998 lsst_hardware_u -1.724107823353418 2.6500000953674316 28.389999389648438 AB 3.7624182762440377 1.063881882155721
62414.1194 lsst_hardware_g 12.013544373375916 14.130000114440918 31.440000534057617 AB 3.6893567540353254 1.0299711764476063
62416.0821 lsst_hardware_g -8.189383648835857 13.899999618530273 31.399999618530273 AB 4.741510712151256 1.092576925433782
62416.1007 lsst_hardware_r -23.334439884215044 22.729999542236328 31.489999771118164 AB 8.42467507672076 1.0513321643158409
62418.1021 lsst_hardware_z -3.9889537372370567 41.18000030517578 30.950000762939453 AB 5.956769441832008 1.0394851133111669
62418.1217 lsst_hardware_r 31.8048470397025 22.729999542236328 31.510000228881836 AB 5.533331298463443 1.014607535932844
62419.9896 lsst_hardware_y 22.705813465706708 84.80999755859375 29.920000076293945 AB 3.3899460955197447 1.516924083464133
62420.009 lsst_hardware_i 8.757985363907057 33.470001220703125 31.209999084472656 AB 4.676776389245819 1.3646852609412954
62422.9919 lsst_hardware_y 264.7260871732477 101.51000213623047 30.690000534057617 AB 10.238220933541847 1.428921274744007
62423.0133 lsst_hardware_g -116.5589396830012 37.61000061035156 32.290000915527344 AB 9.296905655674415 1.288031725083334
62425.0079 lsst_hardware_y 29.254851938113987 53.0099983215332 29.979999542236328 AB 10.0648145264926 1.287691902658055
62425.0278 lsst_hardware_i -35.42639554074636 46.869998931884766 31.280000686645508 AB 9.325018556997643 1.1916068310559567
62427.0175 lsst_hardware_z -139.24010077825142 88.25 31.709999084472656 AB 6.425062008453037 1.2124283573631345
62428.9959 lsst_hardware_y -54.943745595005446 76.68000030517578 29.979999542236328 AB 2.983715505606123 1.2937519807509126
62429.0136 lsst_hardware_r 1.5981484958287744 100.44000244140625 31.610000610351562 AB 3.614129344237838 1.205546966806228
62437.011 lsst_hardware_y 5.980497169644811 50.90999984741211 30.020000457763672 AB 4.049594670902988 1.132753754098738
62437.0291 lsst_hardware_r -7.666437064584625 22.520000457763672 31.479999542236328 AB 3.876407215904781 1.0816874381652883
62438.0118 lsst_hardware_y -51.29480207031397 50.150001525878906 30.020000457763672 AB 3.5169102694500887 1.1215829497556775
62438.0303 lsst_hardware_r 7.104533153632992 22.549999237060547 31.489999771118164 AB 3.3179911625782412 1.0725108811264652
62440.0059 lsst_hardware_z 47.22943511789387 52.939998626708984 30.959999084472656 AB 5.203976385546424 1.1229382069474938
62440.0228 lsst_hardware_g -6.176320412167432 14.050000190734863 31.40999984741211 AB 4.975817018473733 1.0771915394217821
62442.0129 lsst_hardware_y -33.199888846308085 49.880001068115234 30.030000686645508 AB 9.467608567918061 1.0879807593564021
62442.0318 lsst_hardware_i -19.830363364104855 30.170000076293945 31.239999771118164 AB 9.125094526031036 1.0475369677456476
