data/validation/pwv_sim_epoch_fit_4/4536960.ecsv
# %ECSV 0.9
# ---
# datatype:
# - {name: time, datatype: float64}
# - {name: band, datatype: string}
# - {name: flux, datatype: float64}
# - {name: fluxerr, datatype: float64}
# - {name: zp, datatype: float64}
# - {name: zpsys, datatype: string}
# - {name: pwv, datatype: float64}
# - {name: airmass, datatype: float64}
# meta: {SNID: '4536960', alt: 1024.0, c: -0.04312413930892944, dec: -11.567418, lat: -30.244573, lon: -70.7499537, ra: 3.164062, t0: 60984.64453125,
#   x0: 2.656740059943919e-05, x1: 0.944712221622467, z: 0.30352360010147095}
# schema: astropy-2.0
time band flux fluxerr zp zpsys pwv airmass
[from data line 133]
61298.1899 lsst_hardware_i 6.378883357579731 31.950000762939453 31.25 AB 1.1264778697506481 1.076681356990399
61298.2088 lsst_hardware_u 3.143231737511025 2.9000000953674316 28.530000686645508 AB 0.795019822561002 1.0600264300835298
61304.1891 lsst_hardware_z 221.2983863824237 67.83000183105469 31.709999084472656 AB 4.717850845838753 1.0619412168004396
61306.1759 lsst_hardware_z -16.946053552747234 59.84000015258789 30.979999542236328 AB 2.144577708363712 1.0680611122790846
61306.1955 lsst_hardware_r 70.63220361105726 76.38999938964844 31.649999618530273 AB 2.0422553413098496 1.0570223892912745
61308.1742 lsst_hardware_i 39.096894062079215 108.2699966430664 31.34000015258789 AB 6.684254753618512 1.064795659676333
61308.1934 lsst_hardware_z 6.694892961239819 91.76000213623047 31.0 AB 6.620355628278597 1.0565942829315356
61310.1436 lsst_hardware_z 1.2747154941672194 97.30000305175781 30.989999771118164 AB 4.277916334700729 1.097581749725444
61310.1632 lsst_hardware_i -68.19763367867681 112.47000122070312 31.34000015258789 AB 4.157953311353909 1.0697993082385415
61314.1447 lsst_hardware_r -4.385868018207901 30.420000076293945 31.559999465942383 AB 6.549104069931605 1.0786336650999075
61314.1646 lsst_hardware_i 52.096726022749785 39.40999984741211 31.280000686645508 AB 6.3379140159026 1.0602951093101636
61316.1454 lsst_hardware_z -35.63394373931043 41.9900016784668 30.950000762939453 AB 3.3761238721652846 1.0712752251834419
61316.1649 lsst_hardware_u -4.664150263027336 2.7899999618530273 28.459999084472656 AB 3.3510172018467514 1.0578540610359881
61318.1366 lsst_hardware_g -13.478313081713397 15.229999542236328 31.450000762939453 AB 4.426607434209872 1.0750716294377347
61318.1531 lsst_hardware_r -6.101792315331095 24.15999984741211 31.510000228881836 AB 4.6255854265342515 1.0606100146825455
61320.1346 lsst_hardware_i -35.97275733046631 31.75 31.260000228881836 AB 4.079635745873621 1.0711453910048017
61320.1528 lsst_hardware_z -7.317380477511596 42.0 30.950000762939453 AB 4.132117059393316 1.0582509115741803
61322.1319 lsst_hardware_i -93.49105202188736 31.549999237060547 31.25 AB 3.7456626403806808 1.068357855214113
61322.1499 lsst_hardware_u -3.7408167233420535 2.7699999809265137 28.450000762939453 AB 3.7131637534733235 1.0574546133250722
61324.1349 lsst_hardware_g 17.1883698154793 15.220000267028809 31.459999084472656 AB 4.733331334662168 1.0616817946905799
61324.1538 lsst_hardware_r -20.562508630225093 24.09000015258789 31.510000228881836 AB 4.714039033536494 1.0566435371047134
61327.1091 lsst_hardware_r 7.736863997682838 23.989999771118164 31.5 AB 7.7745241160773775 1.0787711823608366
61327.13 lsst_hardware_i -28.71094885164862 31.360000610351562 31.25 AB 8.798017204049495 1.0598318186696307
61329.1105 lsst_hardware_z 12.254729647001193 42.400001525878906 30.950000762939453 AB 8.26858568821697 1.0706442688355522
61329.1275 lsst_hardware_u 4.1845328381727525 3.0899999141693115 28.600000381469727 AB 8.357019338682418 1.0585204988832129
61331.1095 lsst_hardware_g -23.530073529445325 25.239999771118164 31.6200008392334 AB 9.060631013476744 1.0663747760072941
61331.1277 lsst_hardware_r 6.931133419578702 30.15999984741211 31.56999969482422 AB 6.466865558424169 1.0569364318745067
61333.1066 lsst_hardware_i -48.267723533819435 44.38999938964844 31.299999237060547 AB 3.429634060770113 1.0642774432180335
61333.1255 lsst_hardware_z -75.52462201998364 48.439998626708984 30.969999313354492 AB 3.563814531519023 1.0565711626205228
61336.1023 lsst_hardware_i -38.10053798045767 86.25 31.34000015258789 AB 5.669886036460459 1.0615776140162287
61336.1193 lsst_hardware_z 60.684929159126455 75.91000366210938 31.0 AB 5.6329641910133965 1.0565439728056638
61338.1011 lsst_hardware_z -17.34032875206195 85.83999633789062 31.0 AB 4.771211482464025 1.0592883957367425
61338.1192 lsst_hardware_r 60.923299865677 129.86000061035156 31.65999984741211 AB 4.8113700857798465 1.0572116206943192
61341.0786 lsst_hardware_r -40.19466200179968 54.599998474121094 31.639999389648438 AB 2.790449149198259 1.0697524052897291
61341.0966 lsst_hardware_i 2.8909848022839797 54.56999969482422 31.31999969482422 AB 3.9909651626145664 1.057863181466901
61344.0786 lsst_hardware_z 20.737870184364198 41.90999984741211 30.959999084472656 AB 4.261704013305576 1.0627911668918082
61344.0948 lsst_hardware_u 0.5674745194049968 2.890000104904175 28.549999237060547 AB 5.256642550458354 1.0566115679311956
61356.0463 lsst_hardware_z -2.2548742775092125 41.7400016784668 30.940000534057617 AB 4.834245699487678 1.0624715823049842
61356.0657 lsst_hardware_i 20.172027211455212 31.290000915527344 31.25 AB 4.7845652533489815 1.0565841560580482
61357.0457 lsst_hardware_u 2.726605579009805 2.8499999046325684 28.479999542236328 AB 4.622268244867324 1.0611267779768123
61357.064 lsst_hardware_g -6.479989311713136 15.239999771118164 31.459999084472656 AB 4.595712200813308 1.05666774749983
61359.051 lsst_hardware_r 35.3788885304997 26.0 31.530000686645508 AB 5.632624855201155 1.0569759533122827
61359.069 lsst_hardware_i -25.764382611296494 32.4900016784668 31.260000228881836 AB 5.613126926588989 1.0597804071724704
61364.0284 lsst_hardware_y -25.232439270212023 57.33000183105469 30.049999237060547 AB 7.926943397902987 1.06011791923274
61364.0482 lsst_hardware_z -5.1130017870283275 63.61000061035156 30.979999542236328 AB 6.979674306203445 1.0572060445627756
61366.0169 lsst_hardware_y -84.27952222190905 76.08999633789062 30.06999969482422 AB 4.9261459319897085 1.0639624043175744
61366.0236 lsst_hardware_i -190.7226870674033 74.4800033569336 31.329999923706055 AB 4.892480818153342 1.0597813967623402
61368.0221 lsst_hardware_y 33.88994194409675 66.80000305175781 30.059999465942383 AB 8.195809710414135 1.0581154680570817
61368.0425 lsst_hardware_i 40.181620036813996 72.33999633789062 31.329999923706055 AB 7.943125685617689 1.0588951767175503
61370.0221 lsst_hardware_y -31.70228653026517 65.08000183105469 30.059999465942383 AB 5.092147446214321 1.0567910026386471
61370.0411 lsst_hardware_g 12.962235142836452 15.510000228881836 31.469999313354492 AB 5.189509616988944 1.0609239736253264
