data/validation/pwv_sim_epoch_fit_4/45389287.ecsv
# %ECSV 0.9
# ---
# datatype:
# - {name: time, datatype: float64}
# - {name: band, datatype: string}
# - {name: flux, datatype: float64}
# - {name: fluxerr, datatype: float64}
# - {name: zp, datatype: float64}
# - {name: zpsys, datatype: string}
# - {name: pwv, datatype: float64}
# - {name: airmass, datatype: float64}
# meta: {SNID: '45389287', alt: 1024.0, c: 0.06724253296852112, dec: -31.03924, lat: -30.244573, lon: -70.7499537, ra: 60.996094, t0: 61681.46875,
#   x0: 3.4070917895560125e-06, x1: 1.0052274465560913, z: 0.7177315950393677}
# schema: astropy-2.0
time band flux fluxerr zp zpsys pwv airmass
[from data line 132]
62052.2424 lsst_hardware_r 53.72194031166761 58.5099983215332 31.6299991607666 AB 3.3268006254907867 1.0906053136428415
62054.1965 lsst_hardware_u -0.28547788000442487 3.450000047683716 28.530000686645508 AB 4.770863814311257 1.2348553938945288
62054.2168 lsst_hardware_g -4.0614056566592 25.079999923706055 31.579999923706055 AB 4.1450001941813355 1.1513889428281487
62055.208 lsst_hardware_z -10.91845336643804 43.09000015258789 30.940000534057617 AB 7.334409188654199 1.1737558714372451
62055.2276 lsst_hardware_r -28.333926449414022 24.190000534057617 31.5 AB 6.096429547509016 1.1084417359107301
62057.2084 lsst_hardware_u -1.9659336636550913 2.569999933242798 28.329999923706055 AB 7.258401948722615 1.1521272934480342
62057.2263 lsst_hardware_g 11.682594409157787 13.079999923706055 31.3700008392334 AB 6.911030173963988 1.0969889165022204
62059.202 lsst_hardware_r -32.84776913907788 22.530000686645508 31.469999313354492 AB 8.754208907850586 1.1554677602864956
62059.221 lsst_hardware_i 17.710930005627866 30.559999465942383 31.239999771118164 AB 7.823429640758379 1.096563128566596
62064.2063 lsst_hardware_z 56.959227863609755 41.720001220703125 30.950000762939453 AB 2.818785865332639 1.0993704622983986
62064.2235 lsst_hardware_r -29.554656116905385 21.989999771118164 31.489999771118164 AB 1.9197489101437284 1.059171812493152
62067.1933 lsst_hardware_g -19.936442563643446 13.229999542236328 31.3799991607666 AB 2.725523101423215 1.112874790467883
62067.2114 lsst_hardware_i 44.53071541282013 30.1299991607666 31.239999771118164 AB 1.9125274069556033 1.067258597631475
62070.1926 lsst_hardware_z -40.050446174435436 44.09000015258789 30.959999084472656 AB 2.6306016965190353 1.092291361876416
62070.2114 lsst_hardware_r 48.917087134758034 31.34000015258789 31.579999923706055 AB 3.411486301181105 1.0509816084969517
62077.1664 lsst_hardware_z -84.18450012052604 66.95999908447266 30.989999771118164 AB 4.366404582576586 1.1117044681090906
62077.1844 lsst_hardware_r -101.93045662533295 96.0199966430664 31.65999984741211 AB 3.8739357752199357 1.0666122729129779
62079.1051 lsst_hardware_g -50.42176992633309 90.70999908447266 31.600000381469727 AB 5.241580765480159 1.3661809119409625
62079.124 lsst_hardware_r 31.967070135376346 88.06999969482422 31.600000381469727 AB 4.815838979118265 1.2557052659472057
62081.1212 lsst_hardware_i -8.176097229041618 43.83000183105469 31.270000457763672 AB 5.666347316063554 1.2424837881949997
62081.1397 lsst_hardware_z -76.60275729771679 49.939998626708984 30.950000762939453 AB 5.137319191037586 1.1636057057842777
62083.1398 lsst_hardware_u -1.8562948338046816 2.740000009536743 28.469999313354492 AB 7.523148252122182 1.1438571160288082
62083.1586 lsst_hardware_g 8.983065718796285 13.279999732971191 31.399999618530273 AB 7.281414451876887 1.0884841097056897
62091.1298 lsst_hardware_r -14.253296822552928 22.170000076293945 31.469999313354492 AB 3.060455332693303 1.107055645756304
62091.1477 lsst_hardware_i -26.859130366687435 30.079999923706055 31.239999771118164 AB 2.899645408304532 1.0634071360792892
62093.125 lsst_hardware_z -29.62178586399326 41.83000183105469 30.940000534057617 AB 5.194436122841247 1.1051991750726058
62095.1513 lsst_hardware_i 16.311296065492133 29.8799991607666 31.25 AB 2.9685371577612987 1.0372247231870366
62096.1 lsst_hardware_z 46.49560440610852 42.630001068115234 30.940000534057617 AB 4.404205847481262 1.1590015388108585
62096.1173 lsst_hardware_r -20.149147290895996 22.809999465942383 31.489999771118164 AB 4.24202701217257 1.1038321655406114
62098.1095 lsst_hardware_y 33.3988906175188 47.81999969482422 30.030000686645508 AB 8.779895428981565 1.1104420862960926
62098.1263 lsst_hardware_g -15.343504358430184 20.790000915527344 31.56999969482422 AB 9.360019833007406 1.0682515216853923
62100.1111 lsst_hardware_r -17.813214966686836 36.16999816894531 31.579999923706055 AB 3.8343397998223483 1.0912386481173528
62100.1285 lsst_hardware_i 37.29756994718464 36.689998626708984 31.270000457763672 AB 5.486403951999947 1.0528168264304114
62103.1321 lsst_hardware_i -11.61468611018935 50.52000045776367 31.31999969482422 AB 5.243668051387224 1.0332690173182062
62103.1491 lsst_hardware_z 78.36032039548876 50.58000183105469 30.979999542236328 AB 5.152305025988418 1.0133688505844918
62105.1305 lsst_hardware_r -28.629183085544 82.27999877929688 31.65999984741211 AB 8.399800561505165 1.0279176701821535
62105.1478 lsst_hardware_z -2.3435330665929777 59.380001068115234 30.989999771118164 AB 8.172464297783787 1.0099020840034854
62107.1302 lsst_hardware_g -306.60664891585276 101.05999755859375 31.739999771118164 AB 6.609320168896093 1.0215386267554762
62107.147 lsst_hardware_i 85.19927772602357 72.5 31.34000015258789 AB 6.506937329070634 1.0066510075493338
62112.0423 lsst_hardware_y -68.1425499253564 50.400001525878906 29.979999542236328 AB 3.682215300818565 1.2156537803954475
62112.0642 lsst_hardware_r -42.75786576820817 22.209999084472656 31.459999084472656 AB 3.453732284595924 1.1320000932795555
62114.0415 lsst_hardware_z 21.615436710258333 45.43000030517578 30.950000762939453 AB 8.534276194247195 1.1954860716858267
62114.0632 lsst_hardware_g -1.3149742410167307 13.1899995803833 31.389999389648438 AB 8.303948960268928 1.1181259820828897
62116.0442 lsst_hardware_y -26.36745283281407 49.88999938964844 30.020000457763672 AB 15.792162765426829 1.1633697569285757
62116.068 lsst_hardware_i 79.9122113543554 30.469999313354492 31.260000228881836 AB 14.812760669656821 1.0897411521679994
62118.0425 lsst_hardware_y 33.78844774981983 49.93000030517578 30.010000228881836 AB 9.083766133995328 1.1498438144297882
62118.0641 lsst_hardware_r -11.561380477269827 21.780000686645508 31.469999313354492 AB 8.578059679583196 1.0858303391877464
62120.0457 lsst_hardware_y -91.81626300230037 48.880001068115234 30.020000457763672 AB 11.216883396538517 1.1215092268249578
62120.0688 lsst_hardware_g 13.952225418763303 12.899999618530273 31.3799991607666 AB 10.627022482686172 1.0628237138359073
62122.0452 lsst_hardware_y 61.30933435366288 50.13999938964844 30.030000686645508 AB 4.454021310584509 1.1069329134722996
62122.0679 lsst_hardware_z 1.1631373036853674 40.900001525878906 30.940000534057617 AB 4.268471240319617 1.0538134157064467
62124.0387 lsst_hardware_y 34.387625765425966 56.310001373291016 30.040000915527344 AB 5.328398573413029 1.1098903468313894
62124.06 lsst_hardware_u -1.8169478912591581 2.7799999713897705 28.510000228881836 AB 5.811349270293258 1.0585335647167398
62126.0405 lsst_hardware_z -48.28414934215515 49.41999816894531 30.969999313354492 AB 4.925961678104608 1.0902366354460842
62126.0619 lsst_hardware_r 5.40409166031566 22.940000534057617 31.510000228881836 AB 5.727759322099467 1.0449573076075407
62129.0435 lsst_hardware_y -13.568607812021142 54.150001525878906 30.049999237060547 AB 7.611377588754951 1.0643298576612683
62129.064 lsst_hardware_z -14.408506340505319 42.70000076293945 30.959999084472656 AB 7.340692222610266 1.029213285405995
62131.0451 lsst_hardware_y -27.77435733035083 53.25 30.049999237060547 AB 6.645578276563319 1.050518222662709
62131.0661 lsst_hardware_i 15.982851639592488 42.380001068115234 31.299999237060547 AB 6.616497816783584 1.019923359941976
62133.0446 lsst_hardware_y 23.22537535086563 56.650001525878906 30.059999465942383 AB 8.569226264167927 1.0419145557988845
62133.0657 lsst_hardware_r 21.868938882920535 61.959999084472656 31.65999984741211 AB 8.335055735920157 1.0147377326419267
