data/validation/pwv_sim_epoch_fit_4/45431756.ecsv
# %ECSV 0.9
# ---
# datatype:
# - {name: time, datatype: float64}
# - {name: band, datatype: string}
# - {name: flux, datatype: float64}
# - {name: fluxerr, datatype: float64}
# - {name: zp, datatype: float64}
# - {name: zpsys, datatype: string}
# - {name: pwv, datatype: float64}
# - {name: airmass, datatype: float64}
# meta: {SNID: '45431756', alt: 1024.0, c: -0.07214655727148056, dec: 2.089372, lat: -30.244573, lon: -70.7499537, ra: 354.550781, t0: 62747.67578125,
#   x0: 4.605003245609216e-06, x1: 0.5602360367774963, z: 0.6340901851654053}
# schema: astropy-2.0
time band flux fluxerr zp zpsys pwv airmass
62673.4115 lsst_hardware_i 69.48458978590885 65.83000183105469 31.299999237060547 AB 3.6343255330537123 1.1974055899358371
62673.4153 lsst_hardware_y -28.068639640625108 56.119998931884766 30.0 AB 3.642152275192003 1.193691683571968
62677.4332 lsst_hardware_g -29.22512335145026 21.8700008392334 31.530000686645508 AB 4.876100649067022 1.188519820214581
62679.3962 lsst_hardware_i -109.04856284586208 47.400001525878906 31.989999771118164 AB 8.589588506386802 1.1962798657967064
62679.4209 lsst_hardware_y -73.69039143714112 49.400001525878906 29.989999771118164 AB 8.471814504010622 1.1861133362282985
62683.3756 lsst_hardware_g 17.9679035783367 15.920000076293945 31.40999984741211 AB 11.722800138861219 1.2085360967898164
62683.4042 lsst_hardware_r -1.367938273832694 36.0099983215332 32.2400016784668 AB 11.50267954593174 1.1858432521579114
62683.4354 lsst_hardware_y 17.133063035139017 52.2400016784668 29.989999771118164 AB 11.3054530113885 1.2067302011729257
62703.3018 lsst_hardware_z 17.647678027897488 57.279998779296875 30.950000762939453 AB 6.191110187264475 1.2478932098290705
62705.1966 lsst_hardware_i -16.17382605189376 65.12000274658203 32.27000045776367 AB 10.992314350444694 2.048575434156489
62705.2314 lsst_hardware_z 49.83741137569142 69.12999725341797 31.639999389648438 AB 7.762357529882954 1.5929319782235007
62708.3329 lsst_hardware_i 45.9993307068934 32.689998626708984 31.219999313354492 AB 10.014500680029206 1.1863647938748862
62708.362 lsst_hardware_u 1.2814677251505722 2.609999895095825 28.239999771118164 AB 8.62849507939898 1.199957594947012
62712.3069 lsst_hardware_i 33.417362705855936 32.529998779296875 31.229999542236328 AB 5.281768660391359 1.1955112404688453
62712.3292 lsst_hardware_r 10.086629038752056 24.600000381469727 31.479999542236328 AB 5.305122431251611 1.1858997275626715
62717.2687 lsst_hardware_z -30.601063515776328 44.14573561529866 30.93000030517578 AB 1.2126869417384218 1.2353347454041648
62717.2915 lsst_hardware_u -2.335365998765155 2.6541191849113352 28.25 AB 1.1633788528245692 1.1973024214318035
62721.2696 lsst_hardware_g 35.559941220237924 25.624346986340857 31.559999465942383 AB 3.7720139818862433 1.212119213309989
62721.2895 lsst_hardware_r 25.499663318705892 25.260979395363453 31.489999771118164 AB 3.610182533750326 1.1897778316215508
62724.2636 lsst_hardware_i 384.49568176627105 87.283388696343 32.040000915527344 AB 8.196240790647275 1.2086622364088146
62724.2875 lsst_hardware_z 318.38701639967326 83.57358482220229 31.709999084472656 AB 8.070623573302944 1.1868564078386683
62730.2286 lsst_hardware_z 383.4439275544383 79.02718225155077 30.969999313354492 AB 5.3532144059468125 1.2465763578235223
62730.2499 lsst_hardware_i 596.9146076684491 87.82175782715603 31.309999465942383 AB 5.125520894677196 1.2047765168088684
62734.243 lsst_hardware_r 1108.402642801632 43.80573382972897 31.510000228881836 AB 1.756984254193398 1.199647854925791
62734.2625 lsst_hardware_i 861.0591225365732 46.01409345359774 31.25 AB 1.1862479552099348 1.1862479552099348
62737.2477 lsst_hardware_z 728.2286975258296 51.42745006920668 30.940000534057617 AB 3.0694197203773252 1.188699304348025
62737.2675 lsst_hardware_u 5.648125230076044 3.8302944580734923 28.399999618530273 AB 3.3266532137504923 1.187666266958405
62739.2215 lsst_hardware_g 470.7583964922152 26.493949194643644 31.43000030517578 AB 2.9819402738499603 1.21044865997573
62739.2381 lsst_hardware_r 1543.301200914355 46.44370050420528 31.5 AB 2.919325615281754 1.1913183494314443
62741.2192 lsst_hardware_i 1261.9834672746654 48.087376010186816 31.229999542236328 AB 4.761367266899278 1.2057146788805464
62741.2346 lsst_hardware_z 835.4683875846075 52.802813253115964 30.940000534057617 AB 4.727570234946172 1.1899744686695906
62743.2173 lsst_hardware_i 1262.6973707525735 48.792565327416895 31.239999771118164 AB 3.3369978641679223 1.201006969288437
62743.2344 lsst_hardware_u 1.1055856615928121 3.274148580832222 28.3799991607666 AB 3.31809639821167 1.1872959440165805
62745.1831 lsst_hardware_u -1.4300134990632785 2.992355560030748 28.290000915527344 AB 2.072853860379522 1.2589455574731383
62746.1248 lsst_hardware_r 1457.8357761303225 46.99782765465106 31.420000076293945 AB 4.517858193741025 1.5465937788809352
62750.2112 lsst_hardware_z 889.4042630821306 56.584190580111205 30.940000534057617 AB 0.49840059437752376 1.189263697063091
62750.2318 lsst_hardware_r 1682.1043889669756 55.09072695545712 31.56999969482422 AB 0.4937381768486664 1.1875843099186203
62756.1737 lsst_hardware_z 1791.9471539464648 177.63042664910526 31.729999542236328 AB 3.2511401063027625 1.2126971892584362
62759.1615 lsst_hardware_r 1037.4500244509538 91.51691692736819 31.610000610351562 AB 1.6647874959334579 1.2197734736354557
62759.1793 lsst_hardware_i 1084.304538286127 78.70491483425914 31.299999237060547 AB 1.2262040219788333 1.1948394854848556
62763.1451 lsst_hardware_r 898.1112411323672 39.06563475825114 31.479999542236328 AB 9.179970009335577 1.2308889795300608
62763.1649 lsst_hardware_g 103.17996440745512 19.195324815504158 31.420000076293945 AB 8.906981145386498 1.198423242677049
62766.1413 lsst_hardware_r 791.5853808605217 37.09205557241095 31.479999542236328 AB 4.142470454140903 1.2218475432526505
62766.1607 lsst_hardware_i 808.5328392493782 43.49440073567708 31.239999771118164 AB 4.044120504369623 1.1943651814440706
62768.1139 lsst_hardware_z 597.9317606026412 51.769168757317665 30.93000030517578 AB 4.696839859394353 1.278631540669969
62768.1332 lsst_hardware_i 733.6439935613545 42.63557858835295 31.229999542236328 AB 4.313028419774363 1.2271514851406933
62775.1393 lsst_hardware_g 21.88506495710498 17.411338820682747 31.420000076293945 AB 7.085692155926861 1.1917071600717917
62775.1582 lsst_hardware_r 389.7760420195797 31.694982789994622 31.489999771118164 AB 7.0609961545555775 1.1860575847515706
62782.1208 lsst_hardware_r 698.4088030094305 149.3548110098797 32.380001068115234 AB 11.457563285426595 1.1912522368894045
62782.1496 lsst_hardware_i 621.1742231893112 124.62358700997363 32.060001373291016 AB 5.921216575652288 1.190393682489989
62784.1178 lsst_hardware_z 1008.1789563251735 159.6540785826461 31.739999771118164 AB 3.7434951114941466 1.1896070477710332
62786.1005 lsst_hardware_z 212.91581330077827 90.28436225861911 30.979999542236328 AB 6.953525544203718 1.2002805927939788
62786.1178 lsst_hardware_r 138.33827040486284 129.8780079886084 31.6200008392334 AB 6.853121795605922 1.1870132005495166
62788.1031 lsst_hardware_i 283.3635530919102 62.96797656709943 31.299999237060547 AB 8.612950402587673 1.1922551284598226
62788.1214 lsst_hardware_z 299.0848729821146 62.461370643881715 30.959999084472656 AB 8.571639211383525 1.1858936374354798
62790.1047 lsst_hardware_i 258.59635582282016 36.25558480292039 31.239999771118164 AB 9.163260395542283 1.1878740466090592
62790.122 lsst_hardware_u -3.7155334926588544 4.400626510923501 28.75 AB 9.253454982807403 1.1873552159291567
62792.0698 lsst_hardware_u 3.122539984680156 2.784879757514786 28.350000381469727 AB 7.255533104732268 1.2228426581009442
62792.0871 lsst_hardware_g 16.13559536372685 16.09371122547846 31.420000076293945 AB 10.332000493381889 1.1969301145973195
62798.0813 lsst_hardware_g -0.29629117194953714 15.699094842008236 31.40999984741211 AB 4.355139932606868 1.1886298942705675
62798.1028 lsst_hardware_r 143.94170967640756 26.868040811080643 31.489999771118164 AB 3.6845040771796804 1.1885497023160259
62800.0732 lsst_hardware_i 120.8254606704361 35.071983403623975 31.239999771118164 AB 2.60173752394508 1.190181849929131
62800.0907 lsst_hardware_z 236.56544052251206 46.34566758927575 30.940000534057617 AB 2.7112394545329437 1.186191973690948
62802.0751 lsst_hardware_i 192.50332022618062 35.19121417327048 31.239999771118164 AB 3.213578852448123 1.186698246841995
62802.0924 lsst_hardware_u -0.08726442275078795 3.3769711578386903 28.479999542236328 AB 4.469586986015203 1.1888253354059877
62804.0411 lsst_hardware_u 3.142617492432644 3.4307008859584114 28.469999313354492 AB 5.474086303559763 1.2153158247344484
62804.0585 lsst_hardware_g 38.21494602241141 16.158804167211777 31.450000762939453 AB 6.139177296787988 1.1929998633477448
62808.0468 lsst_hardware_r 158.50037836135004 47.547067379967174 31.59000015258789 AB 3.5516591167897444 1.1936678168735337
62808.0673 lsst_hardware_i 155.5514661095933 46.55659700544959 31.280000686645508 AB 3.566738140241525 1.1859478438041269
62814.0575 lsst_hardware_z 382.88958450130247 113.1159983519928 31.729999542236328 AB 7.380067901920685 1.1877791687640586
62818.0189 lsst_hardware_y 16.50589474950852 56.05092171662673 30.010000228881836 AB 5.900527132601089 1.1941969505365488
62818.0369 lsst_hardware_i 141.697181741036 34.30744850664481 31.239999771118164 AB 6.309285389533554 1.1858073028814937
62821.0206 lsst_hardware_y 38.989179703572006 57.48745849714815 30.0 AB 7.693395293079786 1.1876341868779499
62821.0418 lsst_hardware_g -13.903129275859893 15.700130275439555 31.399999618530273 AB 7.102249029292145 1.1895568259429101
62824.0215 lsst_hardware_y -72.89852583549646 55.71340545528884 30.010000228881836 AB 6.704515633385349 1.1858004303829766
62824.0406 lsst_hardware_i 103.26669329317173 34.367737524803296 31.229999542236328 AB 6.700681155856823 1.1949853446421632
63043.4147 lsst_hardware_i -24.658069054323967 33.45000076293945 31.239999771118164 AB 6.407750779519245 1.186620514725786
63043.435 lsst_hardware_y 65.42735120001592 52.060001373291016 30.0 AB 6.909023034118482 1.1909370893102629
63045.4055 lsst_hardware_i -36.57129398608644 33.540000915527344 31.239999771118164 AB 6.169177782424192 1.1879986101113627
63045.4246 lsst_hardware_y 91.85088089915891 49.650001525878906 30.0 AB 5.997669539383157 1.188049430052788
63047.3667 lsst_hardware_u -1.4861094691380787 2.700000047683716 28.299999237060547 AB 4.430759632939419 1.2314507039853153
63047.3878 lsst_hardware_g -0.018432407732894358 15.9399995803833 31.40999984741211 AB 4.846062080883506 1.1972976110891618
63057.3632 lsst_hardware_z 69.52541784432754 60.93000030517578 30.969999313354492 AB 9.540987896151739 1.1946145112043156
63057.384 lsst_hardware_r 26.39701356363311 69.0999984741211 31.6200008392334 AB 11.450531496558941 1.1859076688476082
63062.3428 lsst_hardware_i 20.518748777326692 32.91999816894531 31.229999542236328 AB 4.519048609313228 1.2020344751464898
63062.3584 lsst_hardware_z -109.33917460429196 43.7599983215332 30.93000030517578 AB 4.4295320895052 1.1883385887335913
63065.3451 lsst_hardware_u -4.2735938696392575 3.890000104904175 29.1200008392334 AB 1.8603210662942296 1.1914951321269616
63065.3669 lsst_hardware_g -3.8004342313298256 21.860000610351562 32.16999816894531 AB 1.8871062742234248 1.186859291964418
63069.3455 lsst_hardware_z 10.417792639592944 43.599998474121094 30.93000030517578 AB 5.131197827032769 1.1862212746473226
63069.3671 lsst_hardware_u -3.018982721663338 2.690000057220459 28.329999923706055 AB 5.194727519131284 1.1933672224054193
63077.3865 lsst_hardware_i -53.130076303809616 47.33000183105469 31.969999313354492 AB 6.005839191018966 1.2745613280084094
63077.4122 lsst_hardware_z -140.70034292310174 65.80000305175781 31.670000076293945 AB 6.611424256807023 1.3819385312955184
63079.1678 lsst_hardware_z -14.908707031185443 69.25 30.829999923706055 AB 9.739519003164055 2.1450322658658862
63079.2026 lsst_hardware_r 27.200131247350694 79.93000030517578 31.489999771118164 AB 7.52171448474472 1.6401470747371827
63083.228 lsst_hardware_z 109.822064717109 194.11000061035156 32.459999084472656 AB 1.4749316440292606 1.375067375857602
63085.3016 lsst_hardware_z 80.58391095721232 68.4800033569336 30.969999313354492 AB 4.897729265826621 1.1862738412304104
63085.325 lsst_hardware_r 96.5034587818028 85.54000091552734 31.6200008392334 AB 4.898672086420258 1.1947980698585996
63091.3057 lsst_hardware_i -3.4394570119139845 32.86000061035156 31.239999771118164 AB 4.357378086697067 1.192277842036775
63091.3235 lsst_hardware_u -0.8084314050539341 2.799999952316284 28.40999984741211 AB 4.432632817474564 1.2144199499931692
63099.2587 lsst_hardware_z -11.9189752027923 43.84000015258789 30.93000030517578 AB 1.2581291223339077 1.1877546588000072
63099.2766 lsst_hardware_u 1.8613492514657792 2.6700000762939453 28.309999465942383 AB 1.2133649770918566 1.187826702977833
63113.2003 lsst_hardware_r 118.8496827904086 99.5 31.610000610351562 AB 1.809722646833152 1.2064817645554347
63113.2188 lsst_hardware_i -65.65700471746773 82.16000366210938 31.309999465942383 AB 1.9444625910097455 1.1885468160206267
63115.2077 lsst_hardware_z -130.58047951398643 75.02999877929688 31.700000762939453 AB 0.8062264736522889 1.1922018094673406
63118.1931 lsst_hardware_g 24.882242072495103 15.75 31.420000076293945 AB 3.870111677969306 1.1982697354189353
63118.2103 lsst_hardware_r -37.04882048298626 25.1299991607666 31.489999771118164 AB 3.751328922913549 1.1865661625537083
63121.1609 lsst_hardware_r -2.6226861830694785 25.260000228881836 31.479999542236328 AB 4.257890901459105 1.240192500242949
63121.1798 lsst_hardware_i -4.325509199641407 33.040000915527344 31.229999542236328 AB 3.2265163177882585 1.204598214593339
63123.1614 lsst_hardware_z 76.1121982990142 44.27000045776367 30.93000030517578 AB 2.052042268141612 1.2268088490285407
63123.179 lsst_hardware_i -50.15009853948512 33.060001373291016 31.239999771118164 AB 1.0574178411197828 1.1987731784070743
63125.1657 lsst_hardware_u 1.742542373434423 2.7100000381469727 28.309999465942383 AB 3.8521703472359405 1.2092195293196424
63125.1854 lsst_hardware_g -13.214064153216327 15.800000190734863 31.420000076293945 AB 3.5462452399211144 1.1888848097182034
63128.1422 lsst_hardware_g 14.473125851318665 15.829999923706055 31.40999984741211 AB 9.183096230303914 1.2392006248301617
63128.1619 lsst_hardware_r -43.93370318584392 25.31999969482422 31.489999771118164 AB 8.918865950115466 1.2029762543992228
63132.1451 lsst_hardware_r 6.992095288173176 28.40999984741211 31.520000457763672 AB 1.6687313206560745 1.211566786535992
63132.1581 lsst_hardware_g 0.517367646692591 19.440000534057617 31.5 AB 1.6701605743287584 1.194963444547168
63136.139 lsst_hardware_z -31.110118826459995 60.189998626708984 30.959999084472656 AB 4.676744235674852 1.2043893561409476
63136.1587 lsst_hardware_i 24.24846665724974 62.380001068115234 31.299999237060547 AB 4.6072308627607095 1.1873541299556953
63146.1079 lsst_hardware_r 4.748039153061825 25.18000030517578 31.489999771118164 AB 9.596227203170619 1.2099389164902958
63146.1274 lsst_hardware_i -16.19504402682088 33.0 31.239999771118164 AB 4.5025264239454446 1.189256847317867
63148.1046 lsst_hardware_z 45.85845629596613 43.900001525878906 30.93000030517578 AB 6.888376861368796 1.206687722057642
63148.1248 lsst_hardware_i 1.7623135488235944 32.779998779296875 31.239999771118164 AB 6.573772347427543 1.1878164814957848
63150.1042 lsst_hardware_u 0.9532898127495522 2.759999990463257 28.3700008392334 AB 5.0401149954875315 1.2000273798779837
63150.1222 lsst_hardware_g 1.1801611143676065 15.399999618530273 31.40999984741211 AB 4.984449146820331 1.186773606385793
63152.1061 lsst_hardware_r -36.92633046498515 24.780000686645508 31.479999542236328 AB 6.207648152361048 1.1926699194392318
63152.1235 lsst_hardware_i -36.95095702936449 32.70000076293945 31.229999542236328 AB 6.196225216403098 1.1858804241920273
63158.0681 lsst_hardware_r -25.65683803657938 24.75 31.479999542236328 AB 4.615982695953778 1.2222642236467118
63158.0855 lsst_hardware_i 51.09170365944853 32.709999084472656 31.229999542236328 AB 5.032395111977365 1.1965511768358474
63160.0709 lsst_hardware_z -32.431593270982944 44.58000183105469 30.940000534057617 AB 3.513954779308566 1.2080635253316945
63160.0881 lsst_hardware_i 66.85548067724557 33.36000061035156 31.239999771118164 AB 3.240992060684389 1.18990071066889
63162.0743 lsst_hardware_z -55.06840607859459 46.209999084472656 30.940000534057617 AB 5.204154659675895 1.1968388799345768
63162.0925 lsst_hardware_g -18.132533270189942 28.829999923706055 31.579999923706055 AB 6.287096120080167 1.1860953565740475
63164.0676 lsst_hardware_r -14.055978219522864 65.27999877929688 31.610000610351562 AB 4.574998139684619 1.1981662522089793
63164.0838 lsst_hardware_i -56.194613774340546 57.54999923706055 31.299999237060547 AB 5.364450492523317 1.1868253302043281
63167.0814 lsst_hardware_z -65.48572845416885 137.25999450683594 31.729999542236328 AB 3.275389243448669 1.1858759027689836
63169.0414 lsst_hardware_r -80.24049842974806 116.12000274658203 31.6200008392334 AB 5.573310142026764 1.216083382506303
63169.0583 lsst_hardware_z 45.64928797266436 80.12000274658203 30.979999542236328 AB 6.112078375535874 1.1938430318775717
63180.0163 lsst_hardware_y 54.210993415667026 53.869998931884766 30.0 AB 15.432388167933464 1.2080462504905645
63180.034 lsst_hardware_z 5.707746483372313 43.72999954223633 30.940000534057617 AB 14.747294508567034 1.189585747242642
63182.0176 lsst_hardware_y 34.492297767835524 53.2400016784668 30.0 AB 6.145490338594192 1.1991200660671595
63182.0356 lsst_hardware_u 1.2434619517016807 2.7200000286102295 28.329999923706055 AB 5.9846928550034555 1.186556204213455
63190.0218 lsst_hardware_y -74.00431118528472 56.2400016784668 30.010000228881836 AB 8.877430575430871 1.1860426736566925
63190.0422 lsst_hardware_g 18.498030891255745 21.270000457763672 31.510000228881836 AB 8.002865301575605 1.1988413304735934
