data/validation/pwv_sim_epoch_fit_4/4545793.ecsv
# %ECSV 0.9
# ---
# datatype:
# - {name: time, datatype: float64}
# - {name: band, datatype: string}
# - {name: flux, datatype: float64}
# - {name: fluxerr, datatype: float64}
# - {name: zp, datatype: float64}
# - {name: zpsys, datatype: string}
# - {name: pwv, datatype: float64}
# - {name: airmass, datatype: float64}
# meta: {SNID: '4545793', alt: 1024.0, c: 0.01043006032705307, dec: -19.31304, lat: -30.244573, lon: -70.7499537, ra: 60.820312, t0: 62778.91796875,
#   x0: 1.2136473897677582e-05, x1: -0.16611510515213013, z: 0.4243457317352295}
# schema: astropy-2.0
time band flux fluxerr zp zpsys pwv airmass
62749.3365 lsst_hardware_i 57.341904768929446 30.75 31.239999771118164 AB 1.3963382427098803 1.1146184336136773
62749.3563 lsst_hardware_z -34.63807591696002 41.279998779296875 30.950000762939453 AB 1.3102755853330663 1.0678692627001356
62750.4148 lsst_hardware_r 49.38584200808234 33.689998626708984 31.59000015258789 AB 0.755752066413434 1.019908321745525
62752.3852 lsst_hardware_r 19.72358700500291 22.11938405326366 31.489999771118164 AB 2.3348138548130466 1.0230689497464602
62754.3938 lsst_hardware_z 18.207633035521702 48.88951262799229 30.969999313354492 AB 2.324993421571276 1.0188402373230834
62754.4118 lsst_hardware_y -106.63381024755853 74.5367276876588 30.079999923706055 AB 2.320349043287389 1.0231567766388134
62756.3739 lsst_hardware_z 46.399720830411944 60.24802910038604 30.989999771118164 AB 3.3392920950372735 1.023276433617142
62756.3931 lsst_hardware_y 15.79465372809401 53.11608907726352 30.059999465942383 AB 3.1347886175725934 1.0189188063292918
62759.3751 lsst_hardware_r 670.8865093147235 74.22030711665765 31.65999984741211 AB 1.2051550075004487 1.0195896848565555
62759.393 lsst_hardware_y 96.39670633662956 53.425752925055434 30.06999969482422 AB 1.2177320793742656 1.0208023019553747
62761.3812 lsst_hardware_z 1135.0454209761622 79.47050027020067 31.729999542236328 AB 0.7133973502306629 1.01913907175809
62763.3714 lsst_hardware_r 1602.752103396235 54.33645982718448 31.600000381469727 AB 5.562546240629626 1.0187813627530649
62763.3918 lsst_hardware_y 347.211267442289 52.21636193942184 30.049999237060547 AB 6.970186233744485 1.026008130381171
62766.3622 lsst_hardware_r 2244.39480471328 53.3490461789606 31.510000228881836 AB 1.5378618690154775 1.0187889162076698
62766.3817 lsst_hardware_y 574.1025273348587 51.6557864790402 30.049999237060547 AB 1.4346205094089064 1.024728935292076
62769.3241 lsst_hardware_r 3149.4928758940027 59.65569407043469 31.469999313354492 AB 6.383030167536454 1.034750378396771
62769.3434 lsst_hardware_u 11.738752198966132 4.376247008659952 28.3799991607666 AB 6.05572697730451 1.0209436023441811
62777.3241 lsst_hardware_r 4386.107383200416 69.75793088502509 31.5 AB 3.334304328612098 1.02008086741154
62777.3445 lsst_hardware_i 3156.4737383372762 63.027715476448215 31.260000228881836 AB 2.9610320324818784 1.021045528442027
62779.3034 lsst_hardware_u 6.080126134880277 3.663190661870296 28.520000457763672 AB 7.120305218795488 1.0285618642552257
62779.3219 lsst_hardware_g 1568.3051318418225 42.04065660188505 31.420000076293945 AB 7.038567686947374 1.019294413054746
62784.3314 lsst_hardware_z 4731.207811307796 107.23070634093509 31.739999771118164 AB 2.8395890981076795 1.0240133783295295
62786.2948 lsst_hardware_r 4408.024942409613 118.18482912378377 31.670000076293945 AB 5.394568350865395 1.0218598296824741
62786.3131 lsst_hardware_z 2175.0529687606186 81.17929421369396 30.989999771118164 AB 5.376331654796936 1.019161490886107
62788.2939 lsst_hardware_r 3680.31969256443 100.91530959090805 31.65999984741211 AB 5.155737395780719 1.0201300743530881
62788.3127 lsst_hardware_i 2940.376028182654 84.16477401171663 31.329999923706055 AB 5.118863408119899 1.0204053439887746
62790.2942 lsst_hardware_z 2086.320211085142 67.65562887105192 30.979999542236328 AB 7.18461922382938 1.0189503933951451
62790.3118 lsst_hardware_i 2784.20860969622 74.80037768366617 31.329999923706055 AB 7.18876748439705 1.0222692130538484
62792.3003 lsst_hardware_z 3423.9600483755107 86.51553910766489 31.719999313354492 AB 6.216605489191528 1.0199516799330517
62795.2773 lsst_hardware_r 2298.1629937087127 52.70247189581601 31.520000457763672 AB 2.0180557573787414 1.0194775233031754
62795.2943 lsst_hardware_i 2107.824045118944 55.708102700147016 31.270000457763672 AB 2.363567272703487 1.020648719725092
62797.2227 lsst_hardware_z 1497.7519770044605 55.470106703031085 30.940000534057617 AB 3.7148706011709933 1.0729126384281673
62797.2391 lsst_hardware_u 4.378477763538576 2.9643053187519413 28.479999542236328 AB 3.605846238115423 1.0451223336405264
62798.3022 lsst_hardware_g 389.69929860191866 23.952765308331813 31.420000076293945 AB 3.2135537031119403 1.0308111317119295
62798.322 lsst_hardware_r 1733.316287804564 47.39061557419767 31.489999771118164 AB 3.446306242921234 1.0560693287807663
62800.278 lsst_hardware_i 1637.5572773383233 51.22388778646325 31.260000228881836 AB 1.4277550633168865 1.0198250452263475
62800.2959 lsst_hardware_z 1331.600783011157 54.534396686142756 30.959999084472656 AB 1.4266294898327998 1.0300573933810828
62804.2053 lsst_hardware_u 1.3480775139592442 3.741201391819858 28.610000610351562 AB 5.568167824801354 1.0694989099431933
62804.2219 lsst_hardware_g 218.71776826126882 20.840641840586013 31.459999084472656 AB 5.458881116280409 1.0425670581128943
62808.2671 lsst_hardware_r 875.0947124802871 37.105705911918825 31.520000457763672 AB 5.444839962206553 1.024766378808931
62808.2855 lsst_hardware_i 1369.0093730629912 47.06346266475805 31.260000228881836 AB 5.5312965492376165 1.0425098335273069
62816.1185 lsst_hardware_r 1421.779199171313 161.74295076653033 32.36000061035156 AB 2.450505623191802 1.2497266246625323
62816.1365 lsst_hardware_z 1553.9955062050528 114.74493160086696 31.729999542236328 AB 3.182937489877795 1.170771514177708
62818.2286 lsst_hardware_r 483.1853338408017 78.23975989094086 31.649999618530273 AB 6.830912495366273 1.019754798208502
62818.2456 lsst_hardware_i 1013.352222290072 69.31240542280705 31.329999923706055 AB 6.8695618760371495 1.0290579164423148
62820.1922 lsst_hardware_z 642.5104797126324 55.32868684762066 30.969999313354492 AB 3.8394264295517715 1.027958883413844
62820.2104 lsst_hardware_i 842.2528891607835 54.56672453024189 31.309999465942383 AB 7.536034403180416 1.0192094134677327
62821.2301 lsst_hardware_r 515.3958364668664 47.29508684435463 31.610000610351562 AB 7.658324461291651 1.0238401686218783
62821.251 lsst_hardware_z 760.0309352949845 52.95836748275383 30.950000762939453 AB 6.1719511665149405 1.0438156001123604
62830.2114 lsst_hardware_r 389.6349943954899 28.15042588370307 31.489999771118164 AB 6.400970328596935 1.0278830417402207
62830.2307 lsst_hardware_g 106.17556449974069 16.00974190449008 31.40999984741211 AB 6.523529561929453 1.04986796232974
62834.1523 lsst_hardware_i 564.1361812598926 37.544816624263404 31.260000228881836 AB 5.207409705635146 1.029335778935547
62834.1723 lsst_hardware_z 538.1420346333668 45.8072639462478 30.950000762939453 AB 4.464711339009151 1.0191853612104287
62839.1774 lsst_hardware_y 151.53481601982696 50.094743674996586 30.059999465942383 AB 3.7559826830116188 1.0219665826844102
62839.1965 lsst_hardware_r 259.97972309741533 47.454916170404054 31.6299991607666 AB 3.86640296803128 1.0371948140381004
62841.1802 lsst_hardware_i 476.41006327956063 61.90372011377506 31.329999923706055 AB 5.340308115105195 1.0269823298279221
62841.1997 lsst_hardware_z 318.61663585069266 59.94497330896462 30.979999542236328 AB 5.4518663211382545 1.0484358309881259
62843.1381 lsst_hardware_r 210.21753596553668 98.94812812039861 31.65999984741211 AB 3.782729159861637 1.022359232395037
62843.1562 lsst_hardware_z 291.0623804953504 69.5177559944057 30.989999771118164 AB 3.770201989908828 1.0189735107861697
62850.147 lsst_hardware_i 38.5377550525971 37.9900016784668 31.280000686645508 AB 8.050034977770302 1.0217965337837
62850.1653 lsst_hardware_z 11.297091438335675 45.52000045776367 30.959999084472656 AB 8.16221168892295 1.0358921559181589
62854.1139 lsst_hardware_g 3.450110923215157 13.529999732971191 31.440000534057617 AB 3.1077753909500077 1.0200575681455166
62854.1338 lsst_hardware_r -71.26866486144678 22.170000076293945 31.510000228881836 AB 3.4198549098584605 1.0208522118980479
62856.1138 lsst_hardware_i -5.334103679829459 30.040000915527344 31.260000228881836 AB 3.1587749803692464 1.0189596710868536
62856.1336 lsst_hardware_z -37.06085412156291 40.779998779296875 30.959999084472656 AB 4.2008943247936115 1.0232980512256087
62859.0942 lsst_hardware_z 14.387845636440165 40.529998779296875 30.950000762939453 AB 6.287116345859712 1.0224615947080358
62859.1147 lsst_hardware_r -5.228323784157335 21.950000762939453 31.489999771118164 AB 6.3146136601583756 1.0193080968778312
62862.0926 lsst_hardware_u -3.108292732649579 2.7300000190734863 28.5 AB 5.155596797066374 1.019900454414713
62862.113 lsst_hardware_r -11.447913622821037 22.030000686645508 31.5 AB 5.126985973269229 1.0212610872504815
62864.0724 lsst_hardware_i 53.59773459155395 42.93000030517578 32.0099983215332 AB 8.465538737351881 1.0276830030169202
62864.0949 lsst_hardware_z 10.228513732349741 57.41999816894531 31.709999084472656 AB 7.640753432562322 1.018767124341643
62867.0718 lsst_hardware_r 21.8880858812835 36.220001220703125 31.600000381469727 AB 7.04948169467093 1.0227438236849964
62867.0957 lsst_hardware_z 43.82556050032385 43.93000030517578 30.959999084472656 AB 7.06712396757245 1.0199871789517785
62871.0546 lsst_hardware_z 7.083157568593586 57.790000915527344 30.979999542236328 AB 10.90389631330147 1.0266838956076898
62871.0766 lsst_hardware_i 80.55431599135616 60.22999954223633 31.329999923706055 AB 10.856970815497638 1.0187642690717509
62873.0529 lsst_hardware_y -0.38106926267014885 54.29999923706055 30.059999465942383 AB 9.993233580731376 1.024159219137215
62873.0734 lsst_hardware_r -47.14936793640883 89.5 31.65999984741211 AB 9.882849751050175 1.018876749509026
62875.0517 lsst_hardware_y 60.12737388698442 53.630001068115234 30.06999969482422 AB 8.608213469549987 1.0218879136042536
62875.0714 lsst_hardware_r -74.56789228023041 84.69999694824219 31.65999984741211 AB 8.566887987063453 1.0193821974135475
62880.0351 lsst_hardware_y -11.395300800214587 78.05000305175781 30.079999923706055 AB 6.447366995772605 1.0233915866305723
62880.0541 lsst_hardware_z -13.893468230224162 41.13999938964844 30.950000762939453 AB 6.680835032311845 1.0188600308535463
62882.0359 lsst_hardware_y 39.78274457943659 72.02999877929688 30.06999969482422 AB 3.050676278383886 1.0205490602605622
62882.0558 lsst_hardware_u -5.651953149119299 2.819999933242798 28.450000762939453 AB 3.4570575450745156 1.0203076942594307
62884.0353 lsst_hardware_y -55.9677886298652 71.22000122070312 30.079999923706055 AB 7.428955896705992 1.0192592383118966
62884.0544 lsst_hardware_r -9.51004356848843 22.43000030517578 31.510000228881836 AB 3.985406363714652 1.0218990676191415
63110.3964 lsst_hardware_z -56.871629532239254 55.90999984741211 30.979999542236328 AB 0.81908125801492 1.0289965552951257
63110.4143 lsst_hardware_y -88.35794663452438 58.70000076293945 30.06999969482422 AB 0.7217425235097702 1.0195303451580038
63113.4076 lsst_hardware_y 100.15085703438696 87.97000122070312 30.81999969482422 AB 2.3476363984552195 1.019234326391557
63118.393 lsst_hardware_r 3.8577286944256706 30.5 31.56999969482422 AB 3.662670986996798 1.0194143997207834
63121.3752 lsst_hardware_r 45.61273382951501 22.40999984741211 31.5 AB 3.1627154755759053 1.0229531739551727
63121.3937 lsst_hardware_y -34.36552615927893 47.18000030517578 30.049999237060547 AB 3.137838231845817 1.0189164871370533
63125.3743 lsst_hardware_u -1.6365225141046187 2.609999895095825 28.40999984741211 AB 4.228448103675189 1.0193329967275813
63125.3928 lsst_hardware_y -145.22475612311715 47.540000915527344 30.049999237060547 AB 4.39911592060505 1.0215456120299673
63130.2744 lsst_hardware_i -22.6308060372721 43.869998931884766 31.969999313354492 AB 4.569038772869617 1.1785998554262271
63136.3382 lsst_hardware_i 16.006984376270346 29.81999969482422 31.25 AB 5.010286534784888 1.0211181796438316
63136.3572 lsst_hardware_z 13.697028643751013 40.5099983215332 30.950000762939453 AB 4.917506406356124 1.0196654146441047
63139.2823 lsst_hardware_y 42.1961307272616 93.33999633789062 31.229999542236328 AB 2.7118525560140663 1.0811372316335148
63139.3097 lsst_hardware_r -32.47969159960761 85.7699966430664 31.65999984741211 AB 3.9260833660244994 1.036316052797809
63142.2917 lsst_hardware_i -0.6279407276371273 66.91999816894531 31.329999923706055 AB 3.358796900575425 1.0489684261636036
63142.3115 lsst_hardware_z 60.01436396929085 60.599998474121094 30.989999771118164 AB 3.31698904158525 1.0270375812525285
63144.3209 lsst_hardware_r 207.51372035908213 86.76000213623047 32.400001525878906 AB 7.057350491420344 1.0196641490222638
63144.3416 lsst_hardware_z 55.6918999358137 53.59000015258789 30.979999542236328 AB 7.766002351181726 1.0218424146291745
63148.3178 lsst_hardware_z 24.92547109560196 41.709999084472656 30.959999084472656 AB 2.7778188166294178 1.0187910938461366
63148.3372 lsst_hardware_i 28.325772301103637 32.52000045776367 31.270000457763672 AB 2.967562021648343 1.0255369271909953
63150.3181 lsst_hardware_u -1.2468228792123754 2.630000114440918 28.389999389648438 AB 4.611458019073146 1.0194634628853143
63150.3368 lsst_hardware_g -11.864263756446958 14.460000038146973 31.440000534057617 AB 4.479775625463768 1.0294193428996996
63152.3163 lsst_hardware_r -14.944077027281873 21.8700008392334 31.489999771118164 AB 5.355775414452186 1.0204716572471615
63152.3355 lsst_hardware_i -35.861323961341434 29.81999969482422 31.25 AB 5.671200178105652 1.0332878159981145
63154.3109 lsst_hardware_z 27.17165036322942 40.439998626708984 30.950000762939453 AB 5.805577675381593 1.0204917692707278
63154.3301 lsst_hardware_u 1.358492462828808 2.6500000953674316 28.440000534057617 AB 5.862528355489616 1.0333481237643272
63156.2959 lsst_hardware_r 11.766545322669565 22.139999389648438 31.5 AB 5.523109660664539 1.018788962077849
63156.3148 lsst_hardware_g -19.323317862499522 13.489999771118164 31.420000076293945 AB 5.5568897625208935 1.0251618416236312
63158.2875 lsst_hardware_r 25.071650126948093 22.010000228881836 31.5 AB 3.769860295635598 1.018881160982594
63158.306 lsst_hardware_i -29.460837911589586 29.850000381469727 31.25 AB 3.8879736553645 1.0231509619380263
63160.2923 lsst_hardware_z 34.37316755832132 40.41999816894531 30.950000762939453 AB 2.3675143211778527 1.0198209438629107
63160.3095 lsst_hardware_i 26.497423928626194 29.93000030517578 31.25 AB 2.391684001612812 1.0294192259452561
63162.28 lsst_hardware_u -0.7768318007243908 2.700000047683716 28.489999771118164 AB 3.7678643302279613 1.0188006300751584
63162.2963 lsst_hardware_g -20.302699875735282 13.449999809265137 31.420000076293945 AB 3.2046218078971633 1.023840833193982
63164.2699 lsst_hardware_r -42.880013543904504 30.229999542236328 31.56999969482422 AB 3.872215078375889 1.0190039679936551
63164.2878 lsst_hardware_i 26.677206156553073 30.030000686645508 31.25 AB 3.884422151356414 1.022216355620109
63167.282 lsst_hardware_z -102.83463152530432 79.16000366210938 31.729999542236328 AB 2.3201988608587225 1.023466634697275
63169.2569 lsst_hardware_r -24.1883771906449 106.52999877929688 31.65999984741211 AB 3.5010462622719167 1.0189308097415357
63169.2736 lsst_hardware_z -8.712191070233217 71.4000015258789 30.989999771118164 AB 3.491511892652476 1.0219557713017637
63171.2675 lsst_hardware_r 290.81480328254145 92.01000213623047 31.65999984741211 AB 5.1090104140802355 1.021665860701287
63171.2866 lsst_hardware_i -52.86597468911937 74.66000366210938 31.329999923706055 AB 5.198389257280311 1.0364303696312178
63180.2419 lsst_hardware_i -10.599848775221078 30.170000076293945 31.25 AB 9.272752309276827 1.0212282278938771
63180.2603 lsst_hardware_z 17.52414325981921 40.869998931884766 30.950000762939453 AB 9.899896453328477 1.034562025950787
63182.2286 lsst_hardware_r -6.036027243075133 22.209999084472656 31.489999771118164 AB 6.936955100503423 1.0190789154195679
63182.2475 lsst_hardware_u 0.21676593441209646 2.5899999141693115 28.3799991607666 AB 6.992634170540556 1.0278247188447658
63188.2143 lsst_hardware_r 0.3008205727008464 22.34000015258789 31.5 AB 4.6346559143620025 1.0194458981274683
63188.2356 lsst_hardware_i 44.90756603122755 30.149999618530273 31.25 AB 4.7162006659370785 1.0317091968143066
63190.2143 lsst_hardware_z -36.221739988113306 40.81999969482422 30.950000762939453 AB 5.019165462650869 1.0211068161703893
63190.2336 lsst_hardware_r 12.269124800941128 22.489999771118164 31.489999771118164 AB 5.074286920062366 1.0351990452516902
63192.2158 lsst_hardware_z -1.7109988524274813 41.900001525878906 30.950000762939453 AB 3.246148257350037 1.024694964834711
63192.235 lsst_hardware_r -0.9380493284387217 22.43000030517578 31.489999771118164 AB 3.334039899873001 1.0434091069913418
63194.2165 lsst_hardware_i -41.6213824556974 43.9900016784668 31.309999465942383 AB 7.848587663516614 1.0292667281809669
63194.2348 lsst_hardware_z -23.661748650958856 46.790000915527344 30.959999084472656 AB 8.030104901682812 1.0509003732000226
63196.1922 lsst_hardware_z -0.10502575388943028 57.95000076293945 30.979999542236328 AB 4.703469198504246 1.0193908102522375
63196.212 lsst_hardware_r -74.05429778641668 75.0 31.65999984741211 AB 5.412827667813313 1.0300991501800725
63200.1956 lsst_hardware_r -192.26978029669647 100.37000274658203 31.65999984741211 AB 4.613630206070141 1.0257830444089842
63200.2148 lsst_hardware_i 0.4088417900936623 79.76000213623047 31.34000015258789 AB 5.708112342929072 1.0456333289849524
63203.1772 lsst_hardware_z 38.065683042425235 49.08000183105469 30.969999313354492 AB 6.521897611164542 1.0205108827943878
63203.1965 lsst_hardware_r -108.15963883560181 54.38999938964844 31.639999389648438 AB 6.598414758716866 1.033523496978051
63205.1798 lsst_hardware_u -9.74164539974926 5.070000171661377 28.889999389648438 AB 2.510232635241988 1.02437569281422
63205.1988 lsst_hardware_r -24.35189963058478 36.83000183105469 31.600000381469727 AB 2.4658165677005 1.0424816379793547
63207.1813 lsst_hardware_i 63.892413543677705 29.8700008392334 31.239999771118164 AB 4.155126968633436 1.029516097282708
63207.2007 lsst_hardware_z -10.315517259917302 41.65999984741211 30.950000762939453 AB 4.268414345487927 1.0530627497091924
63209.1827 lsst_hardware_r 12.171185534283854 22.110000610351562 31.489999771118164 AB 6.296565308912276 1.0362584338881051
63209.2013 lsst_hardware_u -2.8539250190688334 2.5999999046325684 28.3799991607666 AB 6.453576542561688 1.0633673657212093
63212.1171 lsst_hardware_u 1.3278632816440874 2.6600000858306885 28.440000534057617 AB 12.86483330659703 1.0296809113651495
63212.137 lsst_hardware_g -11.204192384280846 13.609999656677246 31.420000076293945 AB 12.087257627448574 1.0192762784559237
63215.1461 lsst_hardware_r 23.889699801809993 22.110000610351562 31.489999771118164 AB 8.034089004514161 1.0211251191180628
63215.1643 lsst_hardware_i -10.833175789281746 30.15999984741211 31.25 AB 8.142998261042278 1.034098865797199
63217.1051 lsst_hardware_z -1.676226811346447 40.68000030517578 30.950000762939453 AB 9.880202625333322 1.0282951561491749
63217.1247 lsst_hardware_r -8.264676977288536 22.010000228881836 31.489999771118164 AB 9.868721118232518 1.019057339461236
63221.1088 lsst_hardware_i -63.13410996961288 34.79999923706055 31.280000686645508 AB 3.1625063140082688 1.0201633270994415
63221.1291 lsst_hardware_z -43.24917807675549 42.79999923706055 30.950000762939453 AB 4.210637725069204 1.0208844041869045
63223.0854 lsst_hardware_z -31.364238072339056 48.84000015258789 30.969999313354492 AB 4.398634337756754 1.0311716037563696
63223.1048 lsst_hardware_r 14.840033013721296 51.189998626708984 31.639999389648438 AB 4.34108165172938 1.0197513863587926
63225.1016 lsst_hardware_y 202.87208749678305 74.05999755859375 30.809999465942383 AB 6.137450884821821 1.019256146279469
63230.0722 lsst_hardware_z -85.44634125961754 57.380001068115234 30.989999771118164 AB 8.782990623880554 1.0263100812760888
63230.0942 lsst_hardware_r -16.38233467768434 78.72000122070312 31.65999984741211 AB 7.618967160634639 1.0187827987744387
