data/validation/pwv_sim_epoch_fit_4/45473133.ecsv
# %ECSV 0.9
# ---
# datatype:
# - {name: time, datatype: float64}
# - {name: band, datatype: string}
# - {name: flux, datatype: float64}
# - {name: fluxerr, datatype: float64}
# - {name: zp, datatype: float64}
# - {name: zpsys, datatype: string}
# - {name: pwv, datatype: float64}
# - {name: airmass, datatype: float64}
# meta: {SNID: '45473133', alt: 1024.0, c: 0.02047027088701725, dec: -5.529265, lat: -30.244573, lon: -70.7499537, ra: 345.9375, t0: 60471.25,
#   x0: 6.486664658070917e-06, x1: 0.7655698657035828, z: 0.5510147213935852}
# schema: astropy-2.0
time band flux fluxerr zp zpsys pwv airmass
60485.3617 lsst_hardware_z 1142.61005696262 73.55032789964396 30.969999313354492 AB 4.108059081639805 1.1329972185630353
60485.3835 lsst_hardware_i 1665.3287320300794 80.53925899415124 31.31999969482422 AB 4.920626072588151 1.1076254524677243
60487.3904 lsst_hardware_z 2240.9500027198355 107.81442412183956 31.729999542236328 AB 7.919500798621422 1.1023548263943517
60490.3714 lsst_hardware_r 1054.6255935138076 51.2236827990626 31.59000015258789 AB 3.9970897802110903 1.106614003380637
60490.3934 lsst_hardware_i 1303.6695841710557 52.95615698629966 31.280000686645508 AB 4.474229458121451 1.1030684451135602
60493.3712 lsst_hardware_z 871.9295479516729 51.67526244143379 30.940000534057617 AB 7.234836269424371 1.1029974874298696
60493.3935 lsst_hardware_u 2.3682305155274483 3.1922416975900485 28.43000030517578 AB 7.168320584959045 1.1069625652379234
60495.3331 lsst_hardware_g 105.99273381438665 18.859493074501124 31.450000762939453 AB 5.0252332380373055 1.1351969815411145
60495.3537 lsst_hardware_r 726.323988892143 36.55425936366339 31.510000228881836 AB 5.017433234954123 1.1094788608286557
60497.3796 lsst_hardware_i 813.8428952785162 43.39621820071916 31.239999771118164 AB 1.649837411220062 1.1052335697334863
60497.4001 lsst_hardware_z 787.3129863262286 51.62143064307608 30.940000534057617 AB 1.71659113959722 1.124895897508008
60499.3414 lsst_hardware_z 1450.1906346099804 72.55084607870297 31.700000762939453 AB 2.308600636820765 1.11061608570617
60499.3647 lsst_hardware_i 1462.1020007870632 60.4200334580046 32.0099983215332 AB 2.513028053605897 1.102205286669253
60501.3413 lsst_hardware_u 3.8134343566027136 3.03268239570429 28.440000534057617 AB 10.39192698165938 1.1066622038613576
60501.3622 lsst_hardware_g 57.837332251037815 17.12190105985795 31.440000534057617 AB 10.36241732877416 1.1027563181327862
60506.33 lsst_hardware_z 778.0397385176489 49.97217875674907 30.940000534057617 AB 3.312995965488945 1.10531449026544
60506.3505 lsst_hardware_u 3.5838349789340618 2.8535419724588778 28.34000015258789 AB 1.4356949750660513 1.1033198655646888
60508.3325 lsst_hardware_g 37.94437496975946 28.18167157091214 31.600000381469727 AB 1.984439277469143 1.102466265260635
60508.3521 lsst_hardware_r 294.03713350993314 29.742452471783263 31.489999771118164 AB 1.7435821468106443 1.1066849551322584
60511.3295 lsst_hardware_i 424.52989705178095 72.04483391009653 31.31999969482422 AB 5.392233430459197 1.1020301308929485
60511.3498 lsst_hardware_z 658.1531131372185 67.59941303642444 30.969999313354492 AB 4.743687710231702 1.1111073649824412
60514.3282 lsst_hardware_i 414.8513155291294 103.66332726139706 31.329999923706055 AB 5.751965969052837 1.103177209254476
60514.3499 lsst_hardware_z 495.93964638515723 91.76676387181784 30.989999771118164 AB 5.650532994168376 1.1198783763298625
60516.3007 lsst_hardware_z 1325.5643201366795 109.31562209233522 31.729999542236328 AB 9.39008215390274 1.1064511571762854
60520.2905 lsst_hardware_r 197.66431587830067 29.307442448434035 31.520000457763672 AB 4.8732367711260665 1.1060246487529133
60520.3116 lsst_hardware_i 306.71449370376143 37.23608316675963 31.25 AB 4.879617154231658 1.1031122763042065
60527.2524 lsst_hardware_g 14.802277320691987 15.664303463325822 31.40999984741211 AB 1.3860203028312637 1.1247882352049208
60527.2723 lsst_hardware_r 135.1070646058794 26.92885143998606 31.489999771118164 AB 1.393505280165256 1.1055178739906832
60529.2753 lsst_hardware_r 204.91977113614476 38.27382268642866 32.2599983215332 AB 3.325261212743086 1.1024488065455733
60529.2946 lsst_hardware_i 402.68082210820853 49.774249122911456 32.0 AB 2.822172171279097 1.10658953258885
60531.2614 lsst_hardware_z 344.3115810429492 46.56772888851943 30.950000762939453 AB 4.804535218810751 1.1055074134401177
60531.282 lsst_hardware_i 174.58904859314956 35.22042810805715 31.25 AB 4.7450764058566035 1.1032495712291568
60535.2435 lsst_hardware_r 120.25575956081444 27.14178988492691 31.510000228881836 AB 2.745778623539821 1.1103027187787389
60535.2636 lsst_hardware_i 175.72806362289668 35.014304930340266 31.25 AB 4.066038717127613 1.1020319504354907
60537.2349 lsst_hardware_z 604.1654565117645 71.70040297235265 31.709999084472656 AB 4.932604106434985 1.113140559985328
60539.2569 lsst_hardware_z 282.2013825220531 60.50692791826748 30.979999542236328 AB 3.300691950374894 1.1024355211672994
60539.2735 lsst_hardware_r 151.27658557277275 74.84124440039577 31.639999389648438 AB 3.3198436216223746 1.111244726902887
60543.2435 lsst_hardware_i 330.38299898048734 124.53340342905085 31.329999923706055 AB 2.190812082617557 1.1021105471371964
60543.2618 lsst_hardware_z 144.42373497321935 105.49468457807617 30.989999771118164 AB 1.9633039369988783 1.1105707195242076
60546.2137 lsst_hardware_z 643.917342697882 76.28976609596279 31.719999313354492 AB 3.7520856751070935 1.1101118888849608
60546.2324 lsst_hardware_g -75.3829431153672 74.6716032086879 32.439998626708984 AB 3.734768225539135 1.1020537218498936
60553.177 lsst_hardware_z -0.8964405652093539 43.2400016784668 30.940000534057617 AB 1.8578624876876348 1.131463147191008
60553.1952 lsst_hardware_u -0.09339759751259427 2.799999952316284 28.40999984741211 AB 1.717131166878141 1.1096162629261008
60555.1719 lsst_hardware_r 8.889489010219034 25.110000610351562 31.510000228881836 AB 1.5530812596976933 1.130884412401233
60555.1922 lsst_hardware_g -23.13086629632457 15.90999984741211 31.459999084472656 AB 1.5315036271779614 1.1077783921717095
60557.1708 lsst_hardware_r -17.89416162971108 25.079999923706055 31.5 AB 2.4625429923140953 1.1243632869556786
60557.1906 lsst_hardware_i -12.045209789659365 32.369998931884766 31.239999771118164 AB 2.3786644336233116 1.1054129503322647
60559.1504 lsst_hardware_z 14.740070733243934 43.52000045776367 30.940000534057617 AB 2.357900353438278 1.1504758982377545
60559.17 lsst_hardware_i -13.242396875671329 32.630001068115234 31.25 AB 2.675103513746974 1.1183543117671295
60568.133 lsst_hardware_i -39.46844877658378 72.1500015258789 31.31999969482422 AB 3.6298236211385073 1.1365989993910206
60568.1519 lsst_hardware_z 58.3110291219073 65.69999694824219 30.979999542236328 AB 3.5508562073358965 1.1116110426805477
60571.1444 lsst_hardware_r -132.07704300530872 164.8800048828125 31.649999618530273 AB 8.241389495854012 1.1109988535796727
60571.1638 lsst_hardware_z 2.2621534139433033 110.87999725341797 31.0 AB 8.189505961320426 1.1020732016310626
60578.1195 lsst_hardware_r 0.6726943574678819 24.940000534057617 31.5 AB 4.09406708079372 1.116766797816072
60578.1527 lsst_hardware_i -14.045744939925486 32.369998931884766 31.25 AB 3.1291147223087266 1.1029660635561251
60580.1126 lsst_hardware_i 15.122248639984987 32.27000045776367 31.239999771118164 AB 5.124645194232676 1.1184297674012573
60580.1336 lsst_hardware_z 6.41654577918096 42.61000061035156 30.940000534057617 AB 4.74499932502388 1.1030393037772985
60584.1064 lsst_hardware_r -11.706328027698946 24.75 31.5 AB 5.070040626407599 1.1133159039103204
60584.126 lsst_hardware_i -10.112210880994347 32.34000015258789 31.25 AB 4.837120111182748 1.1023100257167306
60588.1005 lsst_hardware_u -0.09412441546080792 2.759999990463257 28.40999984741211 AB 3.785377641787571 1.108943208374856
60588.1211 lsst_hardware_g 17.619037145186418 15.460000038146973 31.450000762939453 AB 3.751186956656587 1.102155709315944
60590.1004 lsst_hardware_r 0.9804918411752039 24.739999771118164 31.510000228881836 AB 10.158676854532448 1.1054656787129276
60590.1187 lsst_hardware_i -0.5942208911333267 32.16999816894531 31.260000228881836 AB 9.973047083418164 1.102654120799441
60592.0723 lsst_hardware_i -27.606096764922146 33.56999969482422 31.25 AB 2.7543022585347443 1.1286582127583982
60592.0908 lsst_hardware_z -65.45646967599129 43.54999923706055 30.950000762939453 AB 3.5355814701776667 1.1080432917766845
60594.0731 lsst_hardware_r 19.981897486851878 38.380001068115234 31.579999923706055 AB 6.068879440703744 1.1199777514562848
60594.093 lsst_hardware_g 44.118909713855246 34.7400016784668 31.65999984741211 AB 6.394459198192035 1.1038410469438886
60596.0735 lsst_hardware_r 72.089766064219 72.95999908447266 31.639999389648438 AB 8.01682246824253 1.1134475650336848
60596.0928 lsst_hardware_i 69.26422150126568 62.5099983215332 31.31999969482422 AB 7.966432880240708 1.1023788853986842
60599.0742 lsst_hardware_z 76.02299029890305 93.47000122070312 30.989999771118164 AB 7.248706046244746 1.1063911543492013
60599.0924 lsst_hardware_i 46.46257624695389 110.08000183105469 31.329999923706055 AB 7.594925997724457 1.1023247979860922
60601.077 lsst_hardware_z -103.42560832484762 95.9000015258789 31.729999542236328 AB 4.164675276105667 1.1028357161547357
60603.0683 lsst_hardware_r 25.41733898233993 24.600000381469727 31.510000228881836 AB 3.383144164226788 1.1038891146833378
60603.0868 lsst_hardware_i 74.7759546973015 42.130001068115234 31.290000915527344 AB 2.958474634119876 1.103736844689523
60605.0687 lsst_hardware_z -39.13228967920469 42.7599983215332 30.950000762939453 AB 4.807418419941782 1.1023028764555534
60605.0853 lsst_hardware_u -7.583018231556524 2.7899999618530273 28.440000534057617 AB 5.9189621665115775 1.1055559256317737
60607.0404 lsst_hardware_r 42.59959896240037 34.849998474121094 32.2599983215332 AB 4.037698689981722 1.1166716819493125
60607.0586 lsst_hardware_g -13.768645847406997 21.889999389648438 32.209999084472656 AB 4.195004291663731 1.103440334494307
60611.0451 lsst_hardware_z -32.95362420747834 42.7599983215332 30.950000762939453 AB 2.647021504730589 1.1044595986356125
60611.0611 lsst_hardware_i -48.59728849619799 32.189998626708984 31.260000228881836 AB 2.5511300484534294 1.1025953748040451
60613.0359 lsst_hardware_u -2.203239739956437 2.940000057220459 28.540000915527344 AB 5.126384618375802 1.1064338463013654
60613.0524 lsst_hardware_g 12.11062871105668 15.550000190734863 31.469999313354492 AB 4.491391547724515 1.1021143605235793
60622.0176 lsst_hardware_y -33.67458412231987 50.959999084472656 30.030000686645508 AB 9.544865859607386 1.103452700532646
60622.036 lsst_hardware_i 10.028842798778067 35.380001068115234 31.270000457763672 AB 9.74426275816176 1.1041657516330607
60624.0123 lsst_hardware_y 27.76824759871601 65.52999877929688 30.049999237060547 AB 7.167302830653255 1.1033975723282068
60624.0308 lsst_hardware_i 109.85504616800196 54.150001525878906 31.309999465942383 AB 7.896868173434677 1.1042769021507448
60626.0148 lsst_hardware_y -12.203850516538806 69.4800033569336 30.040000915527344 AB 5.566923260397006 1.1020337049183544
60626.0346 lsst_hardware_z 23.527815850390525 74.05999755859375 30.979999542236328 AB 5.73814689868256 1.1100898415932985
60843.3816 lsst_hardware_r 12.424525548850625 106.01000213623047 32.380001068115234 AB 4.1917198784907335 1.132897264456955
60843.4092 lsst_hardware_y -111.3963256447933 77.9000015258789 30.790000915527344 AB 4.086146714769149 1.1043639769646347
60845.425 lsst_hardware_z -72.47788541420016 47.77000045776367 30.959999084472656 AB 2.8715807512255966 1.1044541350867678
60850.3497 lsst_hardware_g 12.417372833198982 22.579999923706055 32.18000030517578 AB 3.9410917747977288 1.1580660487186802
60850.3744 lsst_hardware_r -10.645393257678741 25.239999771118164 31.510000228881836 AB 3.8012083238787686 1.1164700383430886
60853.3412 lsst_hardware_i -7.217043389635154 33.15999984741211 31.25 AB 8.343218065243304 1.1587802868393478
60853.3664 lsst_hardware_r 31.47597401063107 25.31999969482422 31.510000228881836 AB 8.037081692690665 1.1162613462070368
60859.3691 lsst_hardware_u -1.1288609499998132 2.8399999141693115 28.459999084472656 AB 7.194778944649981 1.1030707465925613
60859.3918 lsst_hardware_g -12.001285728234308 15.800000190734863 31.459999084472656 AB 7.164356768907814 1.1072338720203714
60862.3706 lsst_hardware_r -27.952322020336936 24.84000015258789 31.510000228881836 AB 6.2557793215683555 1.1022266706626378
60862.3913 lsst_hardware_i 19.31255484146385 32.40999984741211 31.25 AB 5.499514819299316 1.113562665894793
60864.366 lsst_hardware_z 17.84201452867243 51.060001373291016 30.969999313354492 AB 1.6775792031368024 1.1023409504786785
60864.3888 lsst_hardware_r -19.630470564008093 47.4900016784668 31.610000610351562 AB 1.6672077083810526 1.1166829928875102
60869.3243 lsst_hardware_z 95.94981783002459 77.06999969482422 30.979999542236328 AB 6.798938674397692 1.1145801105569988
60869.3444 lsst_hardware_r -95.1549882221994 107.69000244140625 31.639999389648438 AB 6.69858269849968 1.1024658819123898
60876.3268 lsst_hardware_u -1.0163378110792078 2.809999942779541 28.420000076293945 AB 3.5946912698404527 1.102243394355064
60876.3474 lsst_hardware_g 28.332360925844853 16.360000610351562 31.469999313354492 AB 3.055722253042002 1.1086520645957376
60878.3308 lsst_hardware_r 6.294101473012562 24.489999771118164 31.5 AB 5.378723378984136 1.1029884915378112
60878.3502 lsst_hardware_i -34.94166532061452 32.099998474121094 31.239999771118164 AB 4.836795798567455 1.1162695127087452
60880.2917 lsst_hardware_i -29.779035297220286 32.209999084472656 31.25 AB 5.757871253613315 1.1173823507885339
60880.3129 lsst_hardware_z 5.225003247930438 42.619998931884766 30.950000762939453 AB 5.735559335269806 1.1027801067619922
60882.289 lsst_hardware_i 32.44365052846851 32.08000183105469 31.239999771118164 AB 11.773139535835512 1.1143881683443724
60882.3111 lsst_hardware_u 3.338218119655195 2.7200000286102295 28.3799991607666 AB 9.540433470760169 1.102175770651591
60887.2847 lsst_hardware_i 63.071439101076024 32.119998931884766 31.239999771118164 AB 3.979883623498819 1.1067016610739635
60887.3056 lsst_hardware_r 38.58486452018922 24.559999465942383 31.510000228881836 AB 3.7237868466192134 1.102826875279019
60889.2767 lsst_hardware_z -34.125257475153724 42.65999984741211 30.950000762939453 AB 1.7463148114476734 1.108419429671643
60889.2991 lsst_hardware_g 6.156404422481439 15.3100004196167 31.440000534057617 AB 1.5263537423935871 1.102591193638517
60892.2925 lsst_hardware_r 52.98662697383341 71.83000183105469 32.369998931884766 AB 1.6562965739634916 1.1029721913186403
60893.2534 lsst_hardware_z 6.96820200678526 53.66999816894531 30.959999084472656 AB 1.420868547472846 1.1207797653105882
60898.2528 lsst_hardware_z -13.649005982099425 100.16000366210938 31.0 AB 7.278898647288265 1.1079414966000631
60898.2724 lsst_hardware_r 135.53880495787928 144.92999267578125 31.649999618530273 AB 7.391967176912713 1.1022504644045052
60900.247 lsst_hardware_i -93.77193330992658 68.75 31.31999969482422 AB 3.9044962374900503 1.10818247043237
60900.2655 lsst_hardware_r -56.036122985429195 80.7699966430664 31.639999389648438 AB 3.7472244956078744 1.102124851649375
60903.2294 lsst_hardware_u 5.660859345646094 3.2200000286102295 28.540000915527344 AB 4.930794895570941 1.1168278359164079
60903.2504 lsst_hardware_g -2.257187617305531 21.149999618530273 31.559999465942383 AB 4.998618724085824 1.1027175654281542
60905.2459 lsst_hardware_r -22.646757235715285 35.189998626708984 32.2599983215332 AB 2.763184330944863 1.102517438780765
60905.2649 lsst_hardware_i 40.92793946068386 32.27000045776367 31.25 AB 3.307377973147522 1.106424010419845
60907.215 lsst_hardware_z 16.948792116823494 43.02000045776367 30.940000534057617 AB 2.0166956647836374 1.1210092633594428
60907.2326 lsst_hardware_r 31.639987966071583 24.959999084472656 31.510000228881836 AB 1.9681386744073177 1.105281921232114
60911.2203 lsst_hardware_g -13.911602565207787 15.6899995803833 31.450000762939453 AB 2.8183615761326193 1.1060350223556619
60911.2395 lsst_hardware_r 14.073879708143288 24.780000686645508 31.5 AB 2.814819479371232 1.1026976283773435
60913.1902 lsst_hardware_i -9.622070897470033 32.619998931884766 31.239999771118164 AB 2.4115998113786987 1.1334037416889664
60913.2091 lsst_hardware_r -15.24940315073067 25.15999984741211 31.510000228881836 AB 2.7599107070750284 1.1100324602795395
60933.1583 lsst_hardware_g -18.421937189018546 15.970000267028809 31.459999084472656 AB 1.5392310902654391 1.1072277354744797
60933.1757 lsst_hardware_r -4.179958771229889 25.190000534057617 31.520000457763672 AB 1.1388881529916846 1.1021498254758237
60935.128 lsst_hardware_r 13.745447167766933 25.1299991607666 31.5 AB 0.6238745347547082 1.137073878652066
60935.1464 lsst_hardware_i -9.517109272978365 32.470001220703125 31.25 AB 0.8053348809948264 1.1123409958492079
60937.1375 lsst_hardware_z -26.390818024135744 43.22999954223633 30.940000534057617 AB 8.256967662605575 1.1158064408926454
60937.1582 lsst_hardware_i -15.602368892654177 32.52000045776367 31.25 AB 8.207655886161104 1.102586766007717
60939.1381 lsst_hardware_u -3.5779843875754063 2.8399999141693115 28.450000762939453 AB 4.941363758423215 1.1100446497637235
60939.1568 lsst_hardware_g -13.566395792858113 15.880000114440918 31.459999084472656 AB 4.965534480483028 1.1021050894426174
60942.135 lsst_hardware_r -26.831825388590104 24.8799991607666 31.5 AB 3.8732289961144515 1.1064261082025666
60942.1539 lsst_hardware_i -46.1769582760004 32.27000045776367 31.25 AB 3.8892657301387024 1.102503750393628
60944.1094 lsst_hardware_i 4.4638433800297825 32.33000183105469 31.239999771118164 AB 4.247838601956913 1.1273457011561077
60944.1296 lsst_hardware_z -32.67883088241102 42.59000015258789 30.940000534057617 AB 3.156529365181726 1.1063895426504473
60946.1099 lsst_hardware_r -13.379144068122004 26.8799991607666 31.520000457763672 AB 5.1370582254935115 1.1192864041020563
60946.1292 lsst_hardware_g 20.24955756103376 18.450000762939453 31.510000228881836 AB 4.77378264438493 1.1038923908856089
60949.1066 lsst_hardware_r -18.13193052942493 43.290000915527344 31.600000381469727 AB 7.034045946551374 1.1138631744341052
60949.1239 lsst_hardware_i -12.206525003875877 41.97999954223633 31.280000686645508 AB 7.0088618113693455 1.1029472006980716
60954.1101 lsst_hardware_z 141.5836320953791 146.08999633789062 31.75 AB 3.791332816337524 1.1029866610756955
60956.0996 lsst_hardware_r -36.63197384665685 101.2300033569336 31.639999389648438 AB 10.299889441612398 1.1048913717364501
60956.1192 lsst_hardware_i 48.905962889649416 80.91000366210938 31.31999969482422 AB 9.772394626134307 1.1034149637141428
60958.0718 lsst_hardware_i 9.245491107969432 32.33000183105469 31.239999771118164 AB 2.7373942162885534 1.1264224194314465
60958.0892 lsst_hardware_z 3.135832555337899 45.970001220703125 30.950000762939453 AB 3.489180382486962 1.1077935387300453
60960.071 lsst_hardware_r -35.05545055479587 24.479999542236328 31.5 AB 6.001023595795614 1.1201163967886205
60960.0895 lsst_hardware_g 19.10983604348777 15.350000381469727 31.450000762939453 AB 6.380008536590981 1.1045083738111028
60962.074 lsst_hardware_r -12.057365409066335 24.510000228881836 31.510000228881836 AB 8.00025064568382 1.1111459230116416
60962.0929 lsst_hardware_i 22.00175880258476 31.940000534057617 31.239999771118164 AB 7.954160762379911 1.1021677230151448
60964.074 lsst_hardware_z 132.12375167306647 42.77000045776367 30.940000534057617 AB 9.110279397464943 1.1070046657375685
60964.0932 lsst_hardware_i -15.067712280554314 32.060001373291016 31.25 AB 8.548706836678356 1.102395138842694
60966.0681 lsst_hardware_u -0.8562713691880277 2.7699999809265137 28.43000030517578 AB 6.6156899035364 1.1072902092506807
60966.0856 lsst_hardware_g -2.549926152519915 15.329999923706055 31.450000762939453 AB 9.358627941212381 1.1021496176900807
60969.0685 lsst_hardware_r 18.864764946795823 24.489999771118164 31.5 AB 3.2990287847234168 1.1031696320760465
60969.0869 lsst_hardware_i -51.03842502619235 32.060001373291016 31.25 AB 2.897966412802366 1.1046885944610942
60973.0435 lsst_hardware_r -0.3840582475289994 24.65999984741211 31.510000228881836 AB 4.237435677065289 1.1115557234464972
60973.0619 lsst_hardware_g -34.16488325992686 15.5 31.450000762939453 AB 4.193742225413359 1.1022627191379077
60980.0543 lsst_hardware_z 61.682374244385144 98.37000274658203 31.729999542236328 AB 4.577310948514072 1.1036313317695172
60990.0127 lsst_hardware_y -38.27819758681989 62.61000061035156 30.040000915527344 AB 7.704399859920304 1.102755293769456
60990.0301 lsst_hardware_r 11.267735965047603 25.1299991607666 31.510000228881836 AB 7.2963192591896835 1.1049448650968727
60992.0255 lsst_hardware_z -18.950577507664658 66.22000122070312 31.700000762939453 AB 5.842212881938389 1.1053806124475452
