data/validation/pwv_sim_epoch_fit_4/45521941.ecsv
# %ECSV 0.9
# ---
# datatype:
# - {name: time, datatype: float64}
# - {name: band, datatype: string}
# - {name: flux, datatype: float64}
# - {name: fluxerr, datatype: float64}
# - {name: zp, datatype: float64}
# - {name: zpsys, datatype: string}
# - {name: pwv, datatype: float64}
# - {name: airmass, datatype: float64}
# meta: {SNID: '45521941', alt: 1024.0, c: -0.058900054544210434, dec: -17.113819, lat: -30.244573, lon: -70.7499537, ra: 151.875, t0: 61483.68359375,
#   x0: 4.357791940663095e-06, x1: 0.9507964253425598, z: 0.6486103534698486}
# schema: astropy-2.0
time band flux fluxerr zp zpsys pwv airmass
[from data line 133]
61808.2296 lsst_hardware_i 81.81684592553414 42.869998931884766 31.299999237060547 AB 6.03693875921437 1.0278264679006333
61810.2084 lsst_hardware_z 48.85698123307446 64.25 30.989999771118164 AB 5.542067796598791 1.0373547583713225
61810.2265 lsst_hardware_i -5.443132031129241 71.33999633789062 31.34000015258789 AB 5.478627127338227 1.027146291411098
61812.2094 lsst_hardware_z 259.9691758662849 122.81999969482422 31.75 AB 3.825316461544879 1.032381196890482
61816.1966 lsst_hardware_z 33.588153573484696 69.2300033569336 31.719999313354492 AB 4.003068254075154 1.0336722983495836
61818.1849 lsst_hardware_g -20.39018424659973 23.329999923706055 31.600000381469727 AB 4.384903126787943 1.0388714219438366
61818.2017 lsst_hardware_r -18.362849772232394 30.920000076293945 31.579999923706055 AB 4.369454820750706 1.028026387126666
61820.2255 lsst_hardware_i -5.98085311668871 31.209999084472656 31.260000228881836 AB 2.6917802601756704 1.0326192615999399
61820.2441 lsst_hardware_z -113.72255856446294 41.77000045776367 30.959999084472656 AB 2.741325079946744 1.0513231370840717
61822.1639 lsst_hardware_z 40.82898950045036 41.540000915527344 30.950000762939453 AB 5.391519505196778 1.0502960075058658
61822.1816 lsst_hardware_i 36.29886341078305 30.700000762939453 31.25 AB 6.356317440733813 1.032707951378361
61824.1619 lsst_hardware_u -1.5253108410656888 2.6500000953674316 28.399999618530273 AB 8.051662783401525 1.0459421646403644
61824.1799 lsst_hardware_g -15.020206319563501 14.25 31.440000534057617 AB 11.31481877571948 1.0304309491578667
61828.1539 lsst_hardware_z -19.072222131374872 41.209999084472656 30.950000762939453 AB 8.045888373442477 1.0426186825764516
61828.1718 lsst_hardware_u 2.212109951699672 2.7300000190734863 28.469999313354492 AB 6.848064690512595 1.0290491288947765
61830.1467 lsst_hardware_g 8.622213782842765 14.430000305175781 31.440000534057617 AB 4.230807492458892 1.0445578534587012
61830.1641 lsst_hardware_r 14.867036325071203 23.219999313354492 31.510000228881836 AB 4.208734990722355 1.0301219688477656
61832.1438 lsst_hardware_i -4.041325933232727 30.549999237060547 31.239999771118164 AB 5.084737175344324 1.0417408677206152
61832.1606 lsst_hardware_z -14.191028787981226 40.91999816894531 30.950000762939453 AB 5.1600122315875065 1.0291722227050624
61834.1961 lsst_hardware_i 63.627523346019316 30.469999313354492 31.239999771118164 AB 12.263563566221734 1.039901938965635
61834.2145 lsst_hardware_u 0.23645558097911376 2.559999942779541 28.309999465942383 AB 11.527038748819844 1.0644601300969474
61836.1352 lsst_hardware_z -110.08292439768587 64.83000183105469 31.709999084472656 AB 8.881208790918413 1.0393963572538407
61838.1254 lsst_hardware_r -105.8009014867261 74.86000061035156 31.649999618530273 AB 9.952904125171326 1.0439379195690617
61838.143 lsst_hardware_i 71.5996968657733 61.790000915527344 31.329999923706055 AB 9.856370076951064 1.0297443925075116
61840.1316 lsst_hardware_z -96.35410719414578 120.83999633789062 31.75 AB 7.8116737992249226 1.0332901850826617
61843.1043 lsst_hardware_i -127.43890717885147 68.19000244140625 31.31999969482422 AB 13.659505562404767 1.053384916802311
61843.1211 lsst_hardware_z -95.0883570186038 61.83000183105469 30.979999542236328 AB 13.542281473804106 1.0350063223955417
61845.1062 lsst_hardware_i 2.8424030432332095 43.619998931884766 31.299999237060547 AB 7.689752162087188 1.0440349148050716
61845.1266 lsst_hardware_z 7.462945281496861 47.7400016784668 30.969999313354492 AB 8.874551612242586 1.0285360184171435
61847.1063 lsst_hardware_g 11.586420423463071 14.239999771118164 31.43000030517578 AB 8.430126912194133 1.0383208415068226
61847.1245 lsst_hardware_r -1.1497188151957896 26.510000228881836 31.540000915527344 AB 8.215056607166968 1.0273957737827326
61851.1508 lsst_hardware_u 0.24656326079997623 2.799999952316284 28.510000228881836 AB 5.201385706210679 1.041023207874446
61851.1701 lsst_hardware_g -17.36362335321139 14.1899995803833 31.40999984741211 AB 5.122663417762928 1.0679631864689625
61855.0926 lsst_hardware_z -31.57725999450533 40.849998474121094 30.940000534057617 AB 8.37797067979719 1.0319816070372234
61855.1093 lsst_hardware_r 21.254782342184157 22.649999618530273 31.489999771118164 AB 8.328451674490237 1.026292809622854
61859.074 lsst_hardware_g 26.634909410305557 13.850000381469727 31.40999984741211 AB 5.195169586011527 1.037892235742988
61859.0925 lsst_hardware_r 6.25193624666854 22.510000228881836 31.489999771118164 AB 6.061787001612868 1.0271893925010687
61861.0706 lsst_hardware_i -53.70614216406441 30.3700008392334 31.239999771118164 AB 5.387705001097696 1.0360971155957106
61861.0903 lsst_hardware_r 13.240244120955028 22.6299991607666 31.489999771118164 AB 5.025275152520642 1.0265440186273953
61863.0672 lsst_hardware_z 34.93844351538016 42.02000045776367 30.950000762939453 AB 6.23931729086513 1.034455324689568
61863.0851 lsst_hardware_g 15.53229055153527 19.700000762939453 31.559999465942383 AB 7.192399041475584 1.0265079507339272
61865.0657 lsst_hardware_r 40.21807661461096 46.2400016784668 31.6200008392334 AB 8.06225757760495 1.0317268580307457
61865.0865 lsst_hardware_i -29.265981680678085 43.029998779296875 31.299999237060547 AB 7.21532857914891 1.0264111971855665
61870.0717 lsst_hardware_r -176.20013856607352 112.88999938964844 31.65999984741211 AB 5.773529354664227 1.0263139906966894
61870.0956 lsst_hardware_z -5.384904915426741 76.30000305175781 30.989999771118164 AB 5.2421725674100745 1.037814214685071
61875.0431 lsst_hardware_g -19.737634780932332 14.029999732971191 31.450000762939453 AB 11.21834823391445 1.0292062599921512
61875.062 lsst_hardware_r -39.021779078715774 22.719999313354492 31.510000228881836 AB 11.192542962372437 1.0268388038873795
61877.0869 lsst_hardware_i 20.81495235731673 30.780000686645508 31.260000228881836 AB 14.90905758940655 1.0492439891202883
61877.1031 lsst_hardware_z 41.795907759254625 41.95000076293945 30.950000762939453 AB 15.322510418523 1.0754022448635263
61879.016 lsst_hardware_z 0.3549237643346787 40.90999984741211 30.950000762939453 AB 9.555589091359757 1.04117848669158
61879.0324 lsst_hardware_r -16.32407813465663 22.43000030517578 31.489999771118164 AB 9.444964909948268 1.0291061699328021
61886.0108 lsst_hardware_g -9.206240245263343 13.800000190734863 31.40999984741211 AB 11.951723417053222 1.030320984228726
61886.0284 lsst_hardware_r -7.787407074691949 22.440000534057617 31.489999771118164 AB 11.905553467502557 1.0263408161640135
61886.9778 lsst_hardware_i -4.930032649916905 31.190000534057617 31.239999771118164 AB 6.396197754902273 1.063153584858055
61886.9843 lsst_hardware_z 48.31789967128406 41.36000061035156 30.940000534057617 AB 6.502062407542796 1.0531787661539254
61889.9997 lsst_hardware_r 12.066823151171251 23.139999389648438 31.5 AB 11.714110773957039 1.030415842893157
61890.0186 lsst_hardware_u 3.7399686043806875 2.8299999237060547 28.530000686645508 AB 11.085659294171807 1.0264499346455376
61894.0295 lsst_hardware_y -2.8495011886227646 99.33000183105469 31.549999237060547 AB 11.449783962197008 1.037306030276953
61896.0437 lsst_hardware_r 42.81790486899556 80.91999816894531 31.649999618530273 AB 3.844669314257315 1.0619411156885206
61896.0627 lsst_hardware_i -63.91303876999437 69.16000366210938 31.329999923706055 AB 3.971571823214654 1.1006919762252212
61899.9706 lsst_hardware_y 110.7984861215104 53.58000183105469 30.059999465942383 AB 7.994853934251596 1.0314387856776308
61899.9888 lsst_hardware_z -49.671945758266396 58.81999969482422 30.979999542236328 AB 7.9836644130217795 1.0262658856399716
61910.9531 lsst_hardware_y 30.017723028048607 76.04000091552734 30.06999969482422 AB 5.639019217123981 1.0266450814038077
61910.972 lsst_hardware_g -15.456001425640974 14.350000381469727 31.440000534057617 AB 7.2937398992429205 1.0297044563637063
