data/validation/pwv_sim_epoch_fit_4/45614092.ecsv
# %ECSV 0.9
# ---
# datatype:
# - {name: time, datatype: float64}
# - {name: band, datatype: string}
# - {name: flux, datatype: float64}
# - {name: fluxerr, datatype: float64}
# - {name: zp, datatype: float64}
# - {name: zpsys, datatype: string}
# - {name: pwv, datatype: float64}
# - {name: airmass, datatype: float64}
# meta: {SNID: '45614092', alt: 1024.0, c: -0.0005077491514384747, dec: -3.134927, lat: -30.244573, lon: -70.7499537, ra: 5.273438, t0: 61288.9921875,
#   x0: 6.126905584374131e-06, x1: -1.3756219148635864, z: 0.5643370747566223}
# schema: astropy-2.0
time band flux fluxerr zp zpsys pwv airmass
61219.4406 lsst_hardware_r 28.818316563564093 51.650001525878906 31.610000610351562 AB 5.629928338319175 1.1251605499272217
61221.4224 lsst_hardware_z -64.51940475895492 84.94000244140625 31.719999313354492 AB 5.1463443867126095 1.130547050628006
61221.4416 lsst_hardware_y -124.12173154624969 68.9800033569336 30.040000915527344 AB 5.109029930424999 1.1251304673352907
61224.4109 lsst_hardware_z -3.5763646171324925 62.22999954223633 30.969999313354492 AB 7.314848805324707 1.1331188607117688
61224.4308 lsst_hardware_y 146.51310410795844 54.970001220703125 30.030000686645508 AB 7.874490743848317 1.1249272491211881
61232.3763 lsst_hardware_i 82.92654816344803 32.83000183105469 31.25 AB 10.46778024811702 1.1476990258150377
61232.3947 lsst_hardware_r 0.4447697464809162 25.360000610351562 31.510000228881836 AB 10.280619257850653 1.1290353176978423
61234.373 lsst_hardware_u 1.3579898778070565 2.819999933242798 28.40999984741211 AB 6.956342350445873 1.144700074123105
61234.3942 lsst_hardware_g 19.093639042631374 16.049999237060547 31.450000762939453 AB 6.9297393653016846 1.1266037010732701
61236.3776 lsst_hardware_r 26.192404144159923 25.209999084472656 31.510000228881836 AB 5.376620346915079 1.133590627643913
61236.3977 lsst_hardware_i -20.09710268407381 32.70000076293945 31.25 AB 5.369568063685139 1.124929149674779
61243.3714 lsst_hardware_u 5.256081744191024 2.700000047683716 28.329999923706055 AB 4.967913060496616 1.1260002403663079
61243.3915 lsst_hardware_g -11.611362176208281 15.579999923706055 31.43000030517578 AB 6.042504371651014 1.1286489603830987
61245.3679 lsst_hardware_r 17.86277869822989 24.610000610351562 31.5 AB 5.703220609294513 1.125487556103377
61245.3883 lsst_hardware_z -113.68495855743798 42.91999816894531 30.950000762939453 AB 6.001418047789579 1.1300509434241075
61247.3643 lsst_hardware_r 103.27447655097106 46.18000030517578 31.59000015258789 AB 8.057989229332373 1.1251555824061958
61247.3855 lsst_hardware_y 39.18905332537723 49.790000915527344 30.010000228881836 AB 7.664995484402437 1.1319912105449417
61250.3478 lsst_hardware_z 60.96499470543876 93.94000244140625 31.719999313354492 AB 4.76716569124506 1.1278116100179547
61252.3344 lsst_hardware_r 10.140446524419058 111.8499984741211 31.639999389648438 AB 4.431497866499013 1.1331822024801432
61252.355 lsst_hardware_i -167.06430994303886 87.87999725341797 31.31999969482422 AB 4.3881135217949465 1.1249650115693761
61254.3359 lsst_hardware_z -28.93189283244433 113.4000015258789 31.729999542236328 AB 1.6298652834032976 1.1283248760145823
61254.3558 lsst_hardware_r 57.415189296321586 152.0500030517578 32.38999938964844 AB 1.5854009304402883 1.1261282801754149
61257.3271 lsst_hardware_z 11.446701214145381 50.70000076293945 30.950000762939453 AB 1.7621291250209647 1.1286655724713945
61257.347 lsst_hardware_g -25.292126825696005 45.43000030517578 31.65999984741211 AB 2.2331167021698706 1.1259411943713633
61259.3191 lsst_hardware_r 4.665526131594418 27.43156693616638 31.520000457763672 AB 4.667967078529877 1.130258372525507
61259.3397 lsst_hardware_z 8.07607553939786 43.85654904620621 30.940000534057617 AB 4.833904700019539 1.1254725727635713
61262.326 lsst_hardware_r -52.20131945253727 25.282290947928598 31.5 AB 5.452992981934076 1.1249469774310432
61262.3444 lsst_hardware_u -2.5068986765502186 3.236034586494733 28.389999389648438 AB 5.779389101797256 1.1318819235795645
61265.2863 lsst_hardware_u -0.744301495395661 2.988458033484136 28.420000076293945 AB 3.901773349214868 1.1475803968279024
61265.3071 lsst_hardware_g -30.480056683612926 15.897385600088787 31.43000030517578 AB 4.116455981414127 1.127693173613586
61267.2854 lsst_hardware_r 59.32626236404314 25.698116448332676 31.489999771118164 AB 5.365167837251396 1.141525071755616
61267.3054 lsst_hardware_i 140.09939704808798 33.67019008476949 31.239999771118164 AB 5.330871625922704 1.1261611772247102
61269.2833 lsst_hardware_z 211.87001016134954 45.1248462680168 30.940000534057617 AB 3.9184693807652295 1.137684366920296
61269.3039 lsst_hardware_r 211.6062278075541 28.144480346842236 31.5 AB 4.694767050513223 1.1252138013533328
61273.2879 lsst_hardware_z 398.2173958704771 47.34988615472625 30.940000534057617 AB 1.1823187628022092 1.1265543237753302
61273.3081 lsst_hardware_g 188.6261646165066 20.1781685769028 31.43000030517578 AB 1.6891556968937067 1.1278582440866058
61275.2771 lsst_hardware_r 935.0295739147231 55.53828296493068 31.600000381469727 AB 2.15927028196772 1.1291778177370742
61275.2975 lsst_hardware_z 585.0898593611023 52.88417877384906 30.950000762939453 AB 2.25244149273453 1.1258454645457499
61277.2729 lsst_hardware_r 2800.722043906009 107.13359860846994 32.380001068115234 AB 3.646387021739782 1.1284465716133016
61277.2924 lsst_hardware_y 604.1332404746101 76.51913000551087 30.780000686645508 AB 2.7694612363850193 1.1259498182888819
61279.2467 lsst_hardware_z 815.7792505600895 82.85153975322581 30.979999542236328 AB 3.2767665030801765 1.149608175563154
61279.264 lsst_hardware_r 1638.6454531652635 120.12674803268342 31.639999389648438 AB 2.939586858647573 1.1306103302490664
61298.1924 lsst_hardware_i 1522.8333120914842 50.63826280172249 31.25 AB 1.2105863497548823 1.153397077972099
61298.2113 lsst_hardware_u -1.4009123180638337 3.082811146829555 28.5 AB 0.837095941547573 1.1312107318234175
61304.1979 lsst_hardware_z 2141.5627855697517 81.12154790362483 31.709999084472656 AB 4.926311392718824 1.1291972935633001
61308.1762 lsst_hardware_i 1103.9917062165373 109.8060759434896 31.329999923706055 AB 7.1264330559334415 1.1383623746549165
61308.1954 lsst_hardware_z 756.8687402121776 94.39612803648272 30.989999771118164 AB 7.033435915684796 1.1256198952843797
61310.1735 lsst_hardware_i 842.0624693483139 132.03210985911267 31.31999969482422 AB 4.513675563843478 1.135515865117856
61310.1932 lsst_hardware_z 994.4607711911598 111.81958714710755 30.989999771118164 AB 4.469506513552465 1.1250645696138108
61312.1507 lsst_hardware_z 1523.710035293772 103.76121490449458 31.719999313354492 AB 4.621846255914718 1.1593259839250665
61316.1419 lsst_hardware_z 665.909132581976 51.05553413062231 30.940000534057617 AB 3.680704499832974 1.1556372055989372
61316.1614 lsst_hardware_u 2.7281514742819284 3.108480053142536 28.399999618530273 AB 3.5289033655440285 1.1317842737473958
61318.1428 lsst_hardware_g 73.5378827174525 17.972538310387417 31.440000534057617 AB 5.040510555238159 1.1458961194062312
61318.1595 lsst_hardware_r 253.9995427427608 29.82229808127527 31.5 AB 4.912478756002242 1.1293054611503437
61320.1366 lsst_hardware_i 392.02421524963324 38.37102477637824 31.25 AB 4.315508816282291 1.1469282821444784
61320.1548 lsst_hardware_z 596.292167407046 49.916722578576085 30.950000762939453 AB 4.370901810243265 1.128848608017372
61322.1348 lsst_hardware_i 341.21824960646177 37.74059454077869 31.239999771118164 AB 4.020274803548064 1.142069448477302
61322.1529 lsst_hardware_u -1.0895460540309385 2.954902722895313 28.389999389648438 AB 3.96251459052016 1.1270484732458383
61324.1374 lsst_hardware_g 40.82288223276459 16.563876085647916 31.440000534057617 AB 5.049257123060251 1.133560680175272
61324.1563 lsst_hardware_r 211.16749404355699 28.223070590834126 31.5 AB 5.021869275687165 1.1249707158798457
61329.1085 lsst_hardware_z 443.12754324478874 48.34369069484249 30.950000762939453 AB 8.925030207642934 1.152211490787882
61329.1256 lsst_hardware_u 6.361920660260965 4.033347379821707 28.559999465942383 AB 8.802888119868866 1.1320222626418732
61331.1071 lsst_hardware_g 56.17153897839282 26.178440097765286 31.59000015258789 AB 9.898877221980523 1.1461787456579
61331.1252 lsst_hardware_r 164.30022603375082 32.9779905880603 31.549999237060547 AB 6.903071971843339 1.1285983768238927
61333.1036 lsst_hardware_i 305.71797935617695 47.04046246242741 31.290000915527344 AB 3.664211198377828 1.1435472258338715
61333.1225 lsst_hardware_z 351.57704765840583 53.10114633440831 30.959999084472656 AB 3.6093167573603098 1.1272069823111524
61336.1051 lsst_hardware_i 164.33691278139338 91.55071854582569 31.31999969482422 AB 6.047292911308688 1.133159196372646
61336.1223 lsst_hardware_z 328.8290089600409 81.53548448175978 30.989999771118164 AB 6.008168317870662 1.1250549250117148
61338.1041 lsst_hardware_z 270.0776610603215 100.77233664083394 30.989999771118164 AB 5.1025814902317315 1.129806219698516
61338.1223 lsst_hardware_r 39.31389454420564 147.30340421967335 31.639999389648438 AB 5.108685775683125 1.12517857184128
61341.0767 lsst_hardware_r 74.17201323018763 56.99520232489242 31.6200008392334 AB 3.1655868075749933 1.150704037649943
61341.0946 lsst_hardware_i 157.51211066725014 58.050496827322185 31.309999465942383 AB 4.2397384625069785 1.1306974297732715
61344.0766 lsst_hardware_z 209.226740333697 45.974943897596134 30.950000762939453 AB 4.616495187887504 1.1398284485134367
61344.0929 lsst_hardware_u 10.437386968653403 4.180973508536367 28.510000228881836 AB 5.633957744513358 1.1270169522932703
61351.0378 lsst_hardware_r 82.35655506369713 26.197333993122264 31.489999771118164 AB 4.589316317123899 1.17186500277661
61351.0528 lsst_hardware_i 136.1323451886059 34.25514574633109 31.239999771118164 AB 4.244618135114087 1.1457490017403509
61356.0541 lsst_hardware_z 316.04552013997255 45.384807885539004 30.940000534057617 AB 5.153568667552744 1.1303751418504833
61356.0735 lsst_hardware_i 69.7096289272286 33.973848495282866 31.239999771118164 AB 5.105721759485745 1.12522793597482
61357.0487 lsst_hardware_u -4.562894391020159 2.904651544742323 28.420000076293945 AB 4.917624834891792 1.1323757607258405
61357.067 lsst_hardware_g 38.39877642275998 16.88526775496567 31.440000534057617 AB 4.872145563052371 1.1249470244868092
61359.0535 lsst_hardware_r 131.99544065634097 27.68031855255427 31.520000457763672 AB 6.007126282300335 1.126406578342459
61359.0715 lsst_hardware_i 18.35167468639788 34.66547346667938 31.25 AB 5.96254360810846 1.1270283731422661
61361.033 lsst_hardware_z 508.1100869358922 69.57599126789692 31.700000762939453 AB 3.978642054248288 1.136754872642368
61364.0254 lsst_hardware_y 58.365166220445076 61.51231212284634 30.030000686645508 AB 8.50242093806198 1.1361556675435422
61364.0452 lsst_hardware_z 210.03609048303775 71.73614693617297 30.979999542236328 AB 7.475962819947602 1.1251213875886499
61368.0241 lsst_hardware_y 69.65432685848019 65.93000030517578 30.040000915527344 AB 8.767973960885655 1.128633050830557
61368.0445 lsst_hardware_i -61.43206096160583 76.87999725341797 31.31999969482422 AB 8.546515147455851 1.126121988860135
61370.0251 lsst_hardware_y -35.07392623728106 60.619998931884766 30.030000686645508 AB 5.395215218870583 1.1258796366591368
61370.044 lsst_hardware_g 4.0884430760186525 15.739999771118164 31.450000762939453 AB 4.886436556699643 1.1282467228583797
61372.0254 lsst_hardware_y -18.921901490884213 63.380001068115234 30.040000915527344 AB 5.00662580457019 1.1249580506843138
61372.0444 lsst_hardware_i 31.794300293360926 32.439998626708984 31.239999771118164 AB 4.388225954412297 1.1321532390124605
61586.4227 lsst_hardware_u 1.6663120719590512 3.1500000953674316 28.479999542236328 AB 5.13942320167962 1.1308898582590161
61588.4002 lsst_hardware_r 0.7382451098780691 36.70000076293945 32.27000045776367 AB 8.498823509675265 1.1497715033213143
61588.4161 lsst_hardware_y 33.42091327221088 48.619998931884766 30.020000457763672 AB 8.373282254280696 1.1317412911409654
61597.3441 lsst_hardware_i 49.92292348108103 33.45000076293945 31.239999771118164 AB 11.489876899934396 1.22330336970289
61597.3693 lsst_hardware_y 11.423780872682732 48.68000030517578 30.010000228881836 AB 10.888441958104048 1.1602889903939098
61599.3991 lsst_hardware_z 37.846676676280104 43.2599983215332 30.940000534057617 AB 6.882837540199102 1.1254435395758058
61599.4204 lsst_hardware_r 2.9085025778546254 25.18000030517578 31.489999771118164 AB 7.275401488334323 1.1310672366172627
61606.384 lsst_hardware_z -111.46929505121476 96.94000244140625 31.729999542236328 AB 5.318712395150138 1.1249986558405454
61609.3353 lsst_hardware_r -38.123117101653136 99.4800033569336 31.6299991607666 AB 5.2718447904113495 1.16258637296584
61609.3584 lsst_hardware_z -26.843251940739343 74.54000091552734 30.979999542236328 AB 5.101253797877412 1.132039677753526
61616.3368 lsst_hardware_u -1.0081552569816021 2.7799999713897705 28.40999984741211 AB 5.425642838830017 1.134142422804888
61616.3546 lsst_hardware_g -9.949900320204279 15.460000038146973 31.440000534057617 AB 5.385816878461047 1.1251510687755082
61621.3339 lsst_hardware_z -18.345053146827897 42.900001525878906 30.940000534057617 AB 2.0782822246596258 1.127051097971724
61621.3532 lsst_hardware_r 13.012984797281591 24.540000915527344 31.5 AB 2.108970894034126 1.1269883651767685
61625.3241 lsst_hardware_r -28.996568185020532 24.520000457763672 31.489999771118164 AB 2.8518153551536285 1.1266060133606643
61625.3444 lsst_hardware_z 59.64210879274997 43.130001068115234 30.93000030517578 AB 2.8921167850471683 1.1279706649949954
61628.3173 lsst_hardware_r -14.694256551165722 24.459999084472656 31.489999771118164 AB 6.354749714483436 1.1261296676383903
61628.3411 lsst_hardware_u 3.3776645153971296 2.690000057220459 28.34000015258789 AB 6.107341095559832 1.1309890917703391
61630.3233 lsst_hardware_z -59.25068065243201 49.7400016784668 30.959999084472656 AB 4.070546021795628 1.1253928730427503
61630.3426 lsst_hardware_r -36.94714275847438 44.08000183105469 31.600000381469727 AB 5.302790605788912 1.1371245044579512
61643.2546 lsst_hardware_r -20.3718237278079 24.5 31.489999771118164 AB 2.530693661487011 1.1434287412117976
61643.268 lsst_hardware_i -46.34629866884097 32.150001525878906 31.239999771118164 AB 2.494608272859663 1.1302737124529338
61652.2024 lsst_hardware_u 2.9106656781456426 2.690000057220459 28.31999969482422 AB 1.797206853267041 1.1981379021780274
61652.221 lsst_hardware_g -23.088823631863725 15.430000305175781 31.420000076293945 AB 1.9044548519091262 1.157019958632519
61654.2042 lsst_hardware_r -23.38983129801221 24.84000015258789 31.479999542236328 AB 0.7391879560542048 1.179869043981173
61654.222 lsst_hardware_i 57.276812699563976 32.459999084472656 31.239999771118164 AB 0.48552004618593986 1.146897746895921
61656.2084 lsst_hardware_z 88.57768128895759 64.22000122070312 31.690000534057617 AB 2.8086197493310525 1.1599875061769467
61673.1798 lsst_hardware_r -16.179643925538038 25.1299991607666 31.5 AB 7.112963066290212 1.1354398701077275
61673.1994 lsst_hardware_g -2.404663598837134 15.880000114440918 31.450000762939453 AB 6.991501600245355 1.125120952726964
61677.1443 lsst_hardware_u 2.346671084615631 2.7699999809265137 28.3799991607666 AB 4.6751023151055495 1.1733958248367122
61677.1636 lsst_hardware_r -30.79789211687442 25.139999389648438 31.5 AB 4.562237759460702 1.1411537907978826
61679.1411 lsst_hardware_i 26.332711559585277 32.77000045776367 31.239999771118164 AB 7.1122171222530595 1.168651314076711
61679.1604 lsst_hardware_z 26.2159824103106 43.150001525878906 30.940000534057617 AB 6.749703095072555 1.138549861412295
61681.1434 lsst_hardware_r 18.567750103465496 24.979999542236328 31.489999771118164 AB 3.618057882998314 1.1543616121873856
61681.162 lsst_hardware_u -2.9758002624736317 2.859999895095825 28.459999084472656 AB 3.5451740273782595 1.1319201875408391
61683.1422 lsst_hardware_g -23.146000511283088 16.520000457763672 31.459999084472656 AB 4.65140312994455 1.1477860900541765
61683.1594 lsst_hardware_r 18.15971427810484 25.059999465942383 31.510000228881836 AB 4.6098763614548375 1.1298716572193228
61685.1421 lsst_hardware_i -39.18481784586935 35.56999969482422 31.260000228881836 AB 4.341670505799626 1.1407436956909158
61685.1601 lsst_hardware_z -52.00902719922616 44.529998779296875 30.950000762939453 AB 4.3369942732785685 1.1266871163695622
61687.136 lsst_hardware_r -61.13049744060009 45.400001525878906 31.600000381469727 AB 4.009563634492195 1.1415127785031158
61687.1549 lsst_hardware_z 14.29042604983208 48.16999816894531 30.959999084472656 AB 3.9544215542897856 1.1265890803038254
61690.1339 lsst_hardware_r -32.121193379668156 96.12000274658203 31.639999389648438 AB 6.873253726530747 1.1349494264416689
61690.153 lsst_hardware_i -26.86997740957548 78.79000091552734 31.31999969482422 AB 6.764404289983824 1.1251192232390306
61691.1099 lsst_hardware_i -165.40649173045944 107.81999969482422 31.31999969482422 AB 6.085007207896825 1.1655241260138036
61691.1285 lsst_hardware_z 32.34860387693789 91.77999877929688 30.989999771118164 AB 6.661691422802018 1.1376162953411728
61693.1047 lsst_hardware_r 14.306045289701414 147.7899932861328 31.639999389648438 AB 7.223091225932778 1.1650147138601255
61693.1226 lsst_hardware_z 124.16357420847966 98.91000366210938 30.989999771118164 AB 7.056132183036029 1.138085835973553
61697.1086 lsst_hardware_i 18.71427083230381 42.27000045776367 31.280000686645508 AB 4.796838323397721 1.1416286840953982
61697.125 lsst_hardware_z -137.79746476012244 49.2400016784668 30.950000762939453 AB 4.398018325215601 1.1276970064655387
61701.1028 lsst_hardware_r -7.778914915723607 24.670000076293945 31.5 AB 6.078786976140434 1.1359741444807678
61701.1196 lsst_hardware_g 7.923057764064601 15.390000343322754 31.43000030517578 AB 5.994489797529037 1.1256905506924861
61704.1038 lsst_hardware_r -34.17739331043641 24.559999465942383 31.510000228881836 AB 2.5853341538995998 1.1288025704698659
61704.1211 lsst_hardware_i 3.464366434945696 32.25 31.25 AB 2.586385890604485 1.125371865812844
61706.0748 lsst_hardware_i 46.19129517578462 32.43000030517578 31.239999771118164 AB 3.149473429634578 1.1549224164409893
61706.0904 lsst_hardware_z -50.966305901247296 43.060001373291016 30.940000534057617 AB 4.240268976080252 1.1347731425727703
61708.0784 lsst_hardware_r 12.37453564747537 24.459999084472656 31.489999771118164 AB 5.926477751498887 1.1418298923959067
61708.0973 lsst_hardware_u 1.0472453539905293 2.680000066757202 28.34000015258789 AB 6.760109299939092 1.126684883323182
61712.0812 lsst_hardware_i 20.486971325977297 32.5 31.239999771118164 AB 3.3901009794403993 1.1292494588004107
61712.0997 lsst_hardware_z 29.028412741972033 43.0099983215332 30.940000534057617 AB 4.600104158420479 1.1254536352358049
61721.0554 lsst_hardware_z 22.631797233308344 84.73999786376953 30.979999542236328 AB 5.103015173214839 1.130027349669535
61721.0728 lsst_hardware_r 175.97853962456432 121.69000244140625 31.639999389648438 AB 5.024093861621306 1.125111996630823
61725.0539 lsst_hardware_i 34.0084681518805 32.09000015258789 31.239999771118164 AB 6.692077726834943 1.125728001598381
61725.0709 lsst_hardware_z 39.44489909018259 50.97999954223633 30.959999084472656 AB 6.718533996018661 1.127743851618743
61727.0251 lsst_hardware_y 9.343942315936292 52.0099983215332 30.020000457763672 AB 8.670937578852225 1.143621416361412
61727.045 lsst_hardware_r -3.804165837617998 24.43000030517578 31.489999771118164 AB 7.42817233231994 1.1268465309951365
61730.0264 lsst_hardware_y -15.837861528219939 51.90999984741211 30.030000686645508 AB 5.122957887622033 1.1333977627482374
61730.0467 lsst_hardware_g 4.398309660524902 15.4399995803833 31.450000762939453 AB 4.331684438876748 1.12501543733278
61733.0239 lsst_hardware_z -28.282885829959763 54.029998779296875 30.959999084472656 AB 8.684460325232838 1.1292207427054402
61733.0431 lsst_hardware_i 25.207726990619264 32.54999923706055 31.25 AB 8.547486768095023 1.1256073176895252
61735.025 lsst_hardware_y -56.48180281799816 60.40999984741211 30.030000686645508 AB 5.518285148351421 1.126180642520698
61735.044 lsst_hardware_r -25.86294220013566 24.690000534057617 31.489999771118164 AB 4.885123616849015 1.1279435735047365
61737.0269 lsst_hardware_y 30.629795740429866 56.5099983215332 30.020000457763672 AB 5.043390875124076 1.1250035411831534
61737.0472 lsst_hardware_r 17.71244629925544 24.959999084472656 31.5 AB 4.405169261569164 1.1339889981729443
