data/validation/pwv_sim_epoch_fit_4/45674588.ecsv
# %ECSV 0.9
# ---
# datatype:
# - {name: time, datatype: float64}
# - {name: band, datatype: string}
# - {name: flux, datatype: float64}
# - {name: fluxerr, datatype: float64}
# - {name: zp, datatype: float64}
# - {name: zpsys, datatype: string}
# - {name: pwv, datatype: float64}
# - {name: airmass, datatype: float64}
# meta: {SNID: '45674588', alt: 1024.0, c: -0.060331664979457855, dec: -5.379379, lat: -30.244573, lon: -70.7499537, ra: 316.230469, t0: 59819.6328125,
#   x0: 1.8740915257248378e-05, x1: -0.751867949962616, z: 0.3527495563030243}
# schema: astropy-2.0
time band flux fluxerr zp zpsys pwv airmass
59843.0625 lsst_hardware_r 1632.7999928572303 47.34770296865614 31.5 AB 4.316414625782952 1.1067729809699876
59843.0828 lsst_hardware_i 2218.8918671956144 56.6881907179122 31.25 AB 4.334022828429913 1.1039518146751068
59845.061 lsst_hardware_z 1487.881295613754 57.24269974586411 30.940000534057617 AB 1.5191990545505867 1.104872039673154
59845.0805 lsst_hardware_i 2173.991560109175 55.65294589457398 31.25 AB 1.5314245588651838 1.1050568073592875
59849.0338 lsst_hardware_r 1073.2342928482235 40.8346744950902 31.479999542236328 AB 3.4737332483469103 1.1169560284073665
59849.0535 lsst_hardware_u 4.32654919243499 3.38381914078036 28.309999465942383 AB 3.0905250960073163 1.103758962859756
59854.0299 lsst_hardware_i 2908.12431298497 73.36227322515855 32.0099983215332 AB 5.53060598613927 1.1083563825994296
59854.0501 lsst_hardware_z 2519.3208032252915 79.41373399474399 31.700000762939453 AB 5.346805423047206 1.1033440823456884
59857.0322 lsst_hardware_r 730.154200871238 89.14077783021332 31.639999389648438 AB 2.98917481876768 1.1036274021663945
59857.0508 lsst_hardware_z 1151.2207277602872 73.40716822356912 30.979999542236328 AB 3.106211947488902 1.1065292219280065
59860.9992 lsst_hardware_y 246.98284712607568 61.574361458258 30.040000915527344 AB 5.089750997551129 1.1190364963468955
59861.0166 lsst_hardware_z 835.7866515762885 74.78347408271834 30.979999542236328 AB 4.366503624417169 1.1051641671520769
59863.0005 lsst_hardware_y 266.1360193162555 55.53035585010187 30.040000915527344 AB 3.8623088455673527 1.1120958380556731
59863.0184 lsst_hardware_u 26.059651053475793 11.393867299003023 29.280000686645508 AB 3.7643793393808394 1.1031687035403457
59866.0011 lsst_hardware_y 212.29467283404725 52.94452237568229 30.030000686645508 AB 7.97489070522266 1.1060235592334229
59866.0192 lsst_hardware_r 477.5493585073444 32.97387885889413 31.510000228881836 AB 8.087640924391184 1.103738099541615
59871.9995 lsst_hardware_y 275.583111812511 59.549945449405605 30.040000915527344 AB 2.5519226281317464 1.103136582766378
59872.0174 lsst_hardware_i 715.5729515619579 42.274854783754996 31.25 AB 3.3243675352327986 1.1118595953843078
60080.3917 lsst_hardware_i 9.092831101033235 99.29000091552734 31.329999923706055 AB 4.968184802816749 1.1281073575878178
60080.4121 lsst_hardware_y 64.71590155924216 133.5399932861328 30.059999465942383 AB 4.9782671556557085 1.1071016654534565
60082.3859 lsst_hardware_i 26.88452273361331 99.04000091552734 31.31999969482422 AB 9.004096674620573 1.128615777716233
60082.4054 lsst_hardware_y 190.05577572657987 133.0800018310547 30.049999237060547 AB 8.790527620412456 1.1078635045050724
60085.4282 lsst_hardware_i -36.97560573171497 109.98999786376953 31.329999923706055 AB 7.028457156686679 1.1081233692484778
60095.3729 lsst_hardware_g 160.47874243983756 104.7699966430664 31.709999084472656 AB 7.8726100569416895 1.1061438386448292
60095.396 lsst_hardware_r 73.6213845680393 94.94999694824219 31.639999389648438 AB 8.180082259341027 1.1054165215325713
60100.361 lsst_hardware_i 32.6823735337644 109.7699966430664 31.329999923706055 AB 5.789071339387273 1.1053119502410067
60100.3824 lsst_hardware_z -75.81092608382147 136.86000061035156 31.0 AB 5.085033269545033 1.1054420151184854
60111.3164 lsst_hardware_u 90.09559621778193 51.86000061035156 30.219999313354492 AB 7.224665891665833 1.1162382280989596
60111.3409 lsst_hardware_g -58.47124667899867 148.32000732421875 32.459999084472656 AB 7.3545738725442575 1.103006842269744
60118.2935 lsst_hardware_g -99.91790963263517 104.73999786376953 31.709999084472656 AB 2.968075771329929 1.1205924130367213
60118.3218 lsst_hardware_r 78.73311492965098 134.3300018310547 32.38999938964844 AB 2.9343731953832926 1.1030095960593758
60120.3066 lsst_hardware_i 109.56516413764702 110.0 31.329999923706055 AB 4.429216434308315 1.1052317989540543
60120.3317 lsst_hardware_z -164.26911607116105 137.1199951171875 31.0 AB 4.458385668689656 1.107535875963149
60121.3101 lsst_hardware_r 154.58705013683013 95.05999755859375 31.639999389648438 AB 6.109647801543514 1.1033556106808657
60121.3312 lsst_hardware_g 81.2481568847393 104.8499984741211 31.709999084472656 AB 6.144881210981822 1.109017514389882
60128.3065 lsst_hardware_z 173.2082876936276 193.77999877929688 31.75 AB 7.11466620445769 1.1057061472465133
60130.2585 lsst_hardware_r 179.5590836158325 94.80999755859375 31.639999389648438 AB 4.446129470999227 1.1234692283005732
60130.2787 lsst_hardware_i -113.68055655448606 109.86000061035156 31.329999923706055 AB 4.418782644612961 1.105501756183791
60137.241 lsst_hardware_r 96.6043558724439 88.22000122070312 31.6299991607666 AB 7.937319491743643 1.1213807000509044
60137.2632 lsst_hardware_i 138.88184338714396 99.33000183105469 31.329999923706055 AB 8.361931983050702 1.1041283428323991
60141.2796 lsst_hardware_u -39.508354470574055 49.599998474121094 30.219999313354492 AB 3.6233011215572666 1.1113568350762264
60141.3065 lsst_hardware_g -132.99680936688586 142.3000030517578 32.439998626708984 AB 3.2920956318716765 1.1502779985575389
60148.2236 lsst_hardware_r -1.365873841385568 94.88999938964844 31.639999389648438 AB 5.430929117526504 1.108975265205269
60148.2456 lsst_hardware_g 78.7469335273932 104.70999908447266 31.709999084472656 AB 5.380459042407065 1.1035518571946055
60151.1911 lsst_hardware_r -55.233666945247414 94.44999694824219 31.6299991607666 AB 12.406544836405436 1.1392515976834063
60151.2106 lsst_hardware_i 164.6653723075064 109.81999969482422 31.329999923706055 AB 11.31381354728445 1.1128797292299963
60161.2105 lsst_hardware_r 69.72032058329336 94.81999969482422 31.639999389648438 AB 1.1854496381696578 1.1036421628485118
60161.2319 lsst_hardware_i -94.4859255435918 109.55999755859375 31.31999969482422 AB 1.1998333649133408 1.1182044407393668
60163.1614 lsst_hardware_i -144.52045266459947 109.75 31.329999923706055 AB 3.072242958537286 1.1339479423735062
60163.1841 lsst_hardware_z -68.05000300674747 136.99000549316406 31.0 AB 3.109953825000846 1.107993762247199
60166.1709 lsst_hardware_r 133.22681847203148 129.75 32.38999938964844 AB 4.6527552398204035 1.1117694718806221
60166.1907 lsst_hardware_g 319.50334294023565 143.5500030517578 32.459999084472656 AB 4.585649011382674 1.1030265421863392
60169.1656 lsst_hardware_r -95.74329474693182 134.38999938964844 32.400001525878906 AB 3.611849182625368 1.109460661227267
60169.1849 lsst_hardware_i 17.32725165195765 155.69000244140625 32.09000015258789 AB 3.2678764005900978 1.1030806415494
60177.1526 lsst_hardware_r 81.55014278955186 94.83999633789062 31.639999389648438 AB 1.9463098629513966 1.1046026463969334
60177.1748 lsst_hardware_u 83.71289462350094 36.619998931884766 29.459999084472656 AB 1.9284166375604663 1.1068012077064089
60182.1175 lsst_hardware_i 96.35760434397426 109.77999877929688 31.329999923706055 AB 2.1318120660475723 1.1222032283107066
60182.1353 lsst_hardware_z -45.87279592554033 136.97999572753906 31.0 AB 2.3741074359045107 1.1062083261183264
60184.1093 lsst_hardware_r 4.043823546815986 94.6500015258789 31.639999389648438 AB 3.9576563001860556 1.1259068206593648
60184.1281 lsst_hardware_z -46.34051814596877 136.83999633789062 31.0 AB 4.317966339429759 1.1071708562640408
60194.1163 lsst_hardware_r 116.41747828985727 134.38999938964844 32.400001525878906 AB 1.7185705778907094 1.103061988376139
60194.1397 lsst_hardware_u -24.09350341685797 51.650001525878906 30.209999084472656 AB 2.2401927386689433 1.1159117004577552
60196.0917 lsst_hardware_i -45.99060151319437 99.19999694824219 31.329999923706055 AB 2.88273256296612 1.1095968294711778
60196.1097 lsst_hardware_z -53.2280659440718 123.20999908447266 31.0 AB 2.7744715232753263 1.1030233991288072
60199.0916 lsst_hardware_r -68.08724225191973 88.3499984741211 31.639999389648438 AB 3.285603795487806 1.1049617607155897
60199.1103 lsst_hardware_g 4.213445668246742 97.75 31.709999084472656 AB 3.471316966995337 1.1047233565105696
60201.0621 lsst_hardware_u 25.22776870547632 36.34000015258789 29.440000534057617 AB 1.3233195076292814 1.1270286793152149
60201.0795 lsst_hardware_r -137.75545673394186 94.83999633789062 31.639999389648438 AB 1.2792788046046588 1.1085604892588032
60207.1945 lsst_hardware_r 11.368923799032844 91.2300033569336 31.549999237060547 AB 9.07998196070636 1.4488562247816117
60207.2162 lsst_hardware_u 55.06307230225066 28.899999618530273 28.950000762939453 AB 9.62810234416959 1.6489770806102115
60209.0661 lsst_hardware_g -0.37580383358969655 105.01000213623047 31.709999084472656 AB 2.7654533068092224 1.1043040059136358
60209.0887 lsst_hardware_r -69.10642138636699 94.94999694824219 31.639999389648438 AB 3.6104490114388033 1.1075563202940562
60211.0283 lsst_hardware_r 53.55731345686994 94.62000274658203 31.6299991607666 AB 3.1952492779744626 1.1374367053009902
60211.0462 lsst_hardware_i 18.021081874533266 109.75 31.329999923706055 AB 3.384250090532224 1.1134232901899077
60215.0348 lsst_hardware_z 191.26353661656438 136.8699951171875 31.0 AB 5.280150162392484 1.1138773987186654
60215.0553 lsst_hardware_r 1.129956790479739 95.01000213623047 31.639999389648438 AB 4.934756393593954 1.1031291653122859
60218.0287 lsst_hardware_u 6.3963412330405935 36.63999938964844 29.459999084472656 AB 6.761375396616383 1.1119616368960845
60218.048 lsst_hardware_r -20.718027208861965 94.88999938964844 31.639999389648438 AB 6.30013550367611 1.1030614556028857
60223.0322 lsst_hardware_r -86.53605919239989 95.0 31.639999389648438 AB 3.7542794870180205 1.1032804487489898
60223.0512 lsst_hardware_u -39.81339604259681 36.84000015258789 29.469999313354492 AB 4.188209760210296 1.1080164272255464
60226.996 lsst_hardware_z 17.626758421355827 136.97000122070312 31.0 AB 3.4437879761425236 1.120477623602578
60227.0118 lsst_hardware_i 99.68891178364503 110.02999877929688 31.329999923706055 AB 2.65570231869382 1.1065426327890917
60237.9979 lsst_hardware_y -204.94240903037138 133.49000549316406 30.059999465942383 AB 3.732029064224411 1.1032258159011907
60238.0158 lsst_hardware_z -43.01427364959459 123.30000305175781 31.0 AB 3.68070755026491 1.1122762680227067
