data/validation/pwv_sim_epoch_fit_4/45681174.ecsv
# %ECSV 0.9
# ---
# datatype:
# - {name: time, datatype: float64}
# - {name: band, datatype: string}
# - {name: flux, datatype: float64}
# - {name: fluxerr, datatype: float64}
# - {name: zp, datatype: float64}
# - {name: zpsys, datatype: string}
# - {name: pwv, datatype: float64}
# - {name: airmass, datatype: float64}
# meta: {SNID: '45681174', alt: 1024.0, c: 0.10116813331842422, dec: 1.492246, lat: -30.244573, lon: -70.7499537, ra: 17.753906, t0: 62431.84375,
#   x0: 4.315828343055072e-06, x1: 1.184863567352295, z: 0.6515982151031494}
# schema: astropy-2.0
time band flux fluxerr zp zpsys pwv airmass
62329.4203 lsst_hardware_u -2.1969259943485224 2.819999933242798 28.3700008392334 AB 10.448238645247889 1.1868053438243589
62329.4403 lsst_hardware_y -46.64573819230827 59.150001525878906 30.010000228881836 AB 10.367827458139342 1.1778499024659659
62331.4115 lsst_hardware_r 1.4148145435340842 25.84000015258789 31.489999771118164 AB 7.084944943641234 1.1901969583202492
62331.4349 lsst_hardware_y -45.996770187004955 52.27000045776367 30.0 AB 8.090379701143448 1.1778532776914936
62333.4117 lsst_hardware_r 0.25653947536455335 25.90999984741211 31.489999771118164 AB 3.901866991315489 1.1847774265128002
62333.4329 lsst_hardware_y 4.529728673370858 51.36000061035156 29.989999771118164 AB 3.3978910273350205 1.178254994163447
62335.4149 lsst_hardware_g -1.967908278167106 16.309999465942383 31.450000762939453 AB 2.1611641348275157 1.179513786234147
62335.4341 lsst_hardware_z 16.184357271080884 47.31999969482422 30.950000762939453 AB 2.5731936726501274 1.1806348578344241
62344.3747 lsst_hardware_r -28.086697950210276 92.62999725341797 31.6200008392334 AB 2.9867625483386253 1.1916860812629173
62344.3956 lsst_hardware_i 205.06640032153177 73.22000122070312 31.309999465942383 AB 3.4739596741000827 1.1780793559374043
62346.3752 lsst_hardware_z 6.008269504580368 67.26000213623047 30.969999313354492 AB 5.57249004515886 1.185636179821034
62346.396 lsst_hardware_r 73.37483664370251 86.8499984741211 31.6200008392334 AB 5.536748520510834 1.178031600108688
62350.3567 lsst_hardware_r 12.531050091816205 65.23999786376953 32.34000015258789 AB 1.731972196700549 1.1936403836668152
62350.3795 lsst_hardware_z 62.274637411945825 70.7300033569336 31.700000762939453 AB 2.1840911483363437 1.178042690580552
62353.3422 lsst_hardware_r -27.50423073356828 25.670000076293945 31.5 AB 2.5042628025852514 1.202527156103362
62353.3669 lsst_hardware_u 0.10996773573735272 2.950000047683716 28.43000030517578 AB 2.446632928974673 1.179100206734782
62355.3525 lsst_hardware_g 14.977863743620082 21.889999389648438 32.15999984741211 AB 5.089278174229758 1.1841038097323773
62355.3741 lsst_hardware_r -33.67445948820715 35.27000045776367 32.2400016784668 AB 5.0493291720591085 1.1785565639288356
62357.3669 lsst_hardware_i 44.140327490903644 32.56999969482422 31.239999771118164 AB 5.784867169516128 1.1781806862558304
62357.3871 lsst_hardware_z 3.543280870175509 43.63999938964844 30.940000534057617 AB 4.643095470649632 1.191555723862181
62361.3294 lsst_hardware_z 14.613512301648226 43.56999969482422 30.940000534057617 AB 4.309364920783454 1.1904322985589653
62361.35 lsst_hardware_r -12.333815531837935 24.65999984741211 31.489999771118164 AB 5.536526630219084 1.1779843894083157
62363.3272 lsst_hardware_u -2.7796142824672847 2.7799999713897705 28.399999618530273 AB 5.5852357995473625 1.1870851858762186
62363.3457 lsst_hardware_g 3.172023564986693 15.399999618530273 31.43000030517578 AB 6.5616358240335 1.177890585932338
62365.3141 lsst_hardware_r 10.398816859842038 24.809999465942383 31.489999771118164 AB 5.01367081490605 1.1957715502419324
62365.3345 lsst_hardware_z -21.152819699636343 43.75 30.940000534057617 AB 5.222903691196116 1.1789850318727124
62368.3048 lsst_hardware_r 37.47694376107906 51.560001373291016 31.59000015258789 AB 2.9081953638519282 1.19728092377601
62368.3226 lsst_hardware_y -16.698476165025042 50.709999084472656 30.0 AB 2.847439841976616 1.180530614418166
62370.3263 lsst_hardware_z 12.990134596505001 59.47999954223633 30.959999084472656 AB 2.156756942958866 1.1779120387541597
62370.3466 lsst_hardware_r 17.774874729136293 76.73999786376953 31.6200008392334 AB 2.3322432857464266 1.1863891237370547
62377.2723 lsst_hardware_z -0.398124261710539 115.22000122070312 32.15999984741211 AB 7.357179624828115 1.2099297705560983
62377.3065 lsst_hardware_i -111.31150519451862 70.2699966430664 31.299999237060547 AB 8.225484489244304 1.1779720724992737
62381.2408 lsst_hardware_r 30.605697117202876 24.65999984741211 31.469999313354492 AB 2.764612174342425 1.259265366942839
62381.257 lsst_hardware_y 48.20858348101678 49.040000915527344 29.989999771118164 AB 3.5604756740273027 1.2183674029978222
62384.2379 lsst_hardware_u -2.0926643169334924 2.7200000286102295 28.34000015258789 AB 2.1971757553412923 1.2441538818467113
62384.2572 lsst_hardware_g 15.049014115161405 15.279999732971191 31.40999984741211 AB 2.773993928205427 1.2031201076501783
62386.243 lsst_hardware_r 23.59258481325192 24.729999542236328 31.479999542236328 AB 2.298996518324306 1.2190878577062163
62386.2627 lsst_hardware_i -47.3116794330775 32.619998931884766 31.229999542236328 AB 2.2979139015085153 1.1887811182144414
62388.2311 lsst_hardware_z -39.49286378944542 44.22999954223633 30.93000030517578 AB 3.7186552354936344 1.2335893964152047
62388.2482 lsst_hardware_r -1.3076708607158458 24.670000076293945 31.479999542236328 AB 3.7012970269634997 1.2001611630880349
62391.2394 lsst_hardware_u -2.2770689430530004 2.6600000858306885 28.309999465942383 AB 3.616851381887605 1.2010797150390542
62391.2573 lsst_hardware_g -19.2795739350973 15.140000343322754 31.40999984741211 AB 4.274738893780913 1.181955454501635
62394.2296 lsst_hardware_r 1.4817281843084311 28.389999389648438 31.520000457763672 AB 0.9613748172266026 1.2035991451999635
62394.2463 lsst_hardware_z -15.807083395811013 43.689998626708984 30.940000534057617 AB 0.8879299590599375 1.183906612082367
62400.1194 lsst_hardware_r -40.07715868541825 126.01898880104469 31.5 AB 6.231441111683096 1.6970155532906035
62400.1429 lsst_hardware_i -113.76192226256396 97.10896817838413 31.260000228881836 AB 6.6777402130225445 1.4842721078069496
62402.2295 lsst_hardware_z -151.64870080210082 105.07154643018954 30.989999771118164 AB 2.307049916574378 1.1806806123716138
62402.2504 lsst_hardware_r 49.40166156983661 156.76943459631542 31.6299991607666 AB 2.0454182188643473 1.180275948565553
62405.2229 lsst_hardware_z 249.93173324775762 102.82247824199688 31.719999313354492 AB 3.620771888191325 1.1799169742096431
62412.1755 lsst_hardware_u -2.2234010905206514 3.0178905514067487 28.309999465942383 AB 3.426956240561597 1.212223643636751
62412.1929 lsst_hardware_g 64.94475693210295 17.688463386573282 31.40999984741211 AB 3.405239333966803 1.1875980006855917
62415.1758 lsst_hardware_r 709.8191930535983 36.4621006526071 31.479999542236328 AB 5.657525442502335 1.1982474727316181
62415.1941 lsst_hardware_i 683.3367279417001 42.20342578633413 31.239999771118164 AB 5.602106212124302 1.1806335536614476
62419.1739 lsst_hardware_u -6.980207628233695 2.6909979585396897 28.299999237060547 AB 4.026379316912136 1.1874889845397054
62419.1922 lsst_hardware_g 184.34431464046023 20.562213765991242 31.420000076293945 AB 4.106319276657172 1.1779458624950256
62424.1377 lsst_hardware_i 1211.734297928138 52.54925575780663 31.25 AB 7.506848352490049 1.2223648854044453
62424.1549 lsst_hardware_r 1303.5709286587535 52.39364444210652 31.56999969482422 AB 7.339725196708919 1.1933703998442793
62426.1514 lsst_hardware_z 2037.2717926833916 87.6333278724178 31.709999084472656 AB 7.622706373493749 1.1910478708583982
62428.1387 lsst_hardware_r 1514.33905456962 105.39037674726116 31.6200008392334 AB 4.489436186686254 1.2005980174771584
62428.1559 lsst_hardware_i 1332.36157382859 88.55252635296159 31.309999465942383 AB 4.403301283529354 1.182200094020768
62430.1359 lsst_hardware_z 916.2369571638094 113.4027771898545 30.979999542236328 AB 3.218127884835553 1.1967749664691532
62430.1539 lsst_hardware_r 1560.897444349457 162.3014042402285 31.6299991607666 AB 3.1992880285701384 1.1802587414792118
62436.1084 lsst_hardware_i 1289.5368417739842 48.45877416243285 31.219999313354492 AB 5.15563678987259 1.2152355426924786
62436.1257 lsst_hardware_r 1193.8847784433665 43.64225469910248 31.5 AB 4.360731844538707 1.1892905030556753
62439.1111 lsst_hardware_u 3.760255079390745 2.79538801704998 28.389999389648438 AB 7.1825122522578635 1.1970853753763107
62439.1286 lsst_hardware_g 130.32163989584402 18.950484669243544 31.420000076293945 AB 6.606441136918449 1.1806176360484446
62450.0878 lsst_hardware_i 835.7675588692964 43.75512210506907 31.229999542236328 AB 11.170161709822931 1.1889474943930742
62450.1068 lsst_hardware_z 821.9136095492595 51.78774348588013 30.940000534057617 AB 11.116971399995641 1.1780196460735024
62452.0862 lsst_hardware_i 853.485966672974 44.81476797059538 31.239999771118164 AB 4.06985071596868 1.185307103648379
62452.1046 lsst_hardware_z 753.8157042343687 52.37452487423315 30.93000030517578 AB 3.9962688885577826 1.1778848687815595
62455.0868 lsst_hardware_z 727.1043846510191 63.02915463446219 30.959999084472656 AB 4.954880879900701 1.1797335428335
62455.1046 lsst_hardware_r 694.4224603986173 68.83582755905505 31.610000610351562 AB 4.955072514306614 1.1797791700730031
62457.0618 lsst_hardware_r 426.92379351144774 110.17655160404897 31.6200008392334 AB 4.496131200672489 1.1972921112239145
62457.0822 lsst_hardware_i 624.6060582743827 94.05140238751568 31.309999465942383 AB 4.5695366436249705 1.1793874418957209
62459.0715 lsst_hardware_z 1360.9466055114754 129.97922711615675 31.729999542236328 AB 5.577158290892592 1.1820395890197573
62462.0646 lsst_hardware_g 87.32079997009413 91.79721233831229 31.670000076293945 AB 5.228857140027986 1.1812622026494943
62462.0845 lsst_hardware_r 51.10761407583184 94.7140719988186 31.6200008392334 AB 4.536678694455594 1.179379209997185
62464.0628 lsst_hardware_i 419.6838026430706 38.603209691050175 31.239999771118164 AB 8.970073531734181 1.1794968483542003
62464.0831 lsst_hardware_z 546.9554249609836 54.48293300046438 30.950000762939453 AB 8.97524945066166 1.1813165599958313
62467.0645 lsst_hardware_i 370.12832130638895 37.8514711475283 31.229999542236328 AB 4.246830299611471 1.1779300017413472
62467.0853 lsst_hardware_u -2.907755796015548 2.7391874640511733 28.329999923706055 AB 4.553731036298977 1.1899216609452286
62472.0326 lsst_hardware_y 328.9099207016328 56.295318999272546 30.010000228881836 AB 8.199696422860573 1.1844707852746144
62472.0516 lsst_hardware_g 23.962738315475665 15.637397025345923 31.40999984741211 AB 7.404513855143296 1.1779997648316216
62474.0267 lsst_hardware_y 160.6967298112338 73.60133233636451 30.020000457763672 AB 5.152804782631231 1.1848251972019386
62474.0328 lsst_hardware_i 291.21888478609463 41.41749023384013 31.260000228881836 AB 5.129684780750184 1.1807307586028735
62476.0322 lsst_hardware_z 464.4487274951877 57.097708585392354 30.959999084472656 AB 3.778685812343493 1.1787519431247249
62476.0513 lsst_hardware_u -6.8541449124025675 2.997832606024067 28.450000762939453 AB 3.8226312599536945 1.1818915572355264
62480.0343 lsst_hardware_y 203.63310117669317 62.48462991116228 30.020000457763672 AB 8.446672564578783 1.1790030449214899
62480.0546 lsst_hardware_z 303.0515159416388 47.55485374991743 30.93000030517578 AB 8.87837795701757 1.1957008797033863
62705.3384 lsst_hardware_r -24.995645532898518 37.400001525878906 31.520000457763672 AB 5.917360485343501 1.3126596880324217
62705.3626 lsst_hardware_y -13.754478125815215 50.560001373291016 29.969999313354492 AB 5.541690743397057 1.2342295642309702
62708.3937 lsst_hardware_u -2.4776987422589474 2.7100000381469727 28.290000915527344 AB 7.900896498033331 1.1796050759116639
62708.4312 lsst_hardware_g -26.165456898921654 39.66999816894531 32.279998779296875 AB 7.211740425915764 1.1982952798530764
62712.3538 lsst_hardware_r 19.24087922082461 25.18000030517578 31.479999542236328 AB 5.8058981694484615 1.2120029579253886
62712.3765 lsst_hardware_u -1.890297468648358 2.690000057220459 28.309999465942383 AB 5.578718732789834 1.1830807598034465
62717.3561 lsst_hardware_g 5.987821832209645 15.550000190734863 31.399999618530273 AB 2.253269838283032 1.1889560311052847
62717.3804 lsst_hardware_r -34.07829272676159 25.010000228881836 31.479999542236328 AB 2.3550405902729143 1.1781093498113628
62721.3531 lsst_hardware_i -0.5021791959141126 56.810001373291016 32.43000030517578 AB 2.903121327428705 1.1822933526486274
62721.3773 lsst_hardware_z -1.5679814875783344 61.81999969482422 31.690000534057617 AB 1.65287755370099 1.1806268240721358
62724.3536 lsst_hardware_r 73.96612819959459 60.41999816894531 31.600000381469727 AB 6.3638001619872355 1.1784815114791176
62724.3769 lsst_hardware_z 34.57187040678613 51.959999084472656 30.950000762939453 AB 7.129820436879841 1.1860630648020143
62730.3172 lsst_hardware_z -75.0837532402286 157.1699981689453 32.47999954223633 AB 5.005533079774172 1.192787580072453
62732.3318 lsst_hardware_r 56.85246354837376 66.30000305175781 31.610000610351562 AB 3.163322945619759 1.1784755315711126
62732.3501 lsst_hardware_z 31.955092140458802 58.88999938964844 30.959999084472656 AB 2.7735974257829374 1.1822665924053442
62741.2815 lsst_hardware_r -6.160057169951197 24.479999542236328 31.479999542236328 AB 4.358872922801742 1.2004607333521735
62741.2993 lsst_hardware_u 2.4779190849340225 2.7100000381469727 28.360000610351562 AB 3.6255611365173954 1.1817985993972062
62743.2531 lsst_hardware_u 4.0344530675600225 2.700000047683716 28.329999923706055 AB 3.4636041311898915 1.2493837609125769
62743.2705 lsst_hardware_g 26.88673148696263 15.09000015258789 31.399999618530273 AB 3.2891430997246056 1.2095773098187388
62746.1883 lsst_hardware_r 2.401114170537687 25.530000686645508 31.399999618530273 AB 3.8550224914569386 1.5398019471252293
62746.2046 lsst_hardware_u 0.7290081089024314 2.509999990463257 28.1200008392334 AB 3.577428378328942 1.4234271872392088
62750.2526 lsst_hardware_r -51.395407068382056 33.560001373291016 31.549999237060547 AB 1.0347816772013685 1.2074465311567892
62750.2726 lsst_hardware_i 36.163287168802036 36.43000030517578 31.260000228881836 AB 1.0128257320413292 1.183207630889403
62752.2465 lsst_hardware_z 7.879441390021599 73.55000305175781 31.700000762939453 AB 2.92260984455523 1.2085639799669616
62752.2712 lsst_hardware_r -85.41612882317538 76.75 32.349998474121094 AB 3.3293224443739753 1.1807154692344979
62754.2446 lsst_hardware_z -38.60838550067382 94.13999938964844 31.719999313354492 AB 4.419455061765357 1.2026273468453057
62756.2318 lsst_hardware_r 43.21720035040207 139.89999389648438 31.6200008392334 AB 3.6851399737995183 1.2156160230247464
62756.2507 lsst_hardware_z 54.39131410167426 92.44999694824219 30.979999542236328 AB 4.331824052500551 1.1878859376144106
62759.2321 lsst_hardware_r -178.3471639494808 103.0 31.6299991607666 AB 0.9471720931192965 1.2008520990442606
62759.251 lsst_hardware_y 21.388176554269478 60.72999954223633 30.020000457763672 AB 2.95956749339171 1.1813068760207817
62763.2183 lsst_hardware_r -41.48240877504261 29.729999542236328 31.520000457763672 AB 7.21367134683146 1.2054260591818295
62763.2381 lsst_hardware_i -32.64692964920911 36.709999084472656 31.25 AB 6.978093634230652 1.1825273062583719
62766.2136 lsst_hardware_z 45.01758171758741 44.4900016784668 30.940000534057617 AB 2.6173655813324204 1.1999383753954396
62766.2338 lsst_hardware_r 28.07087928056625 25.149999618530273 31.489999771118164 AB 2.4904539317008845 1.180309920236865
62768.1849 lsst_hardware_u -3.5103419047339908 2.630000114440918 28.260000228881836 AB 4.700249431541159 1.2492357293132648
62770.2241 lsst_hardware_i -22.60414629022272 46.22999954223633 31.979999542236328 AB 3.5762594395809515 1.1797644951333686
62770.2368 lsst_hardware_r 4.487999167770066 25.09000015258789 31.479999542236328 AB 3.6107206324382224 1.1783054386288119
62773.1812 lsst_hardware_u 5.820310058264487 2.7100000381469727 28.31999969482422 AB 4.947413308479858 1.2243547061612352
62773.2016 lsst_hardware_g -5.703110337152386 15.579999923706055 31.40999984741211 AB 4.779902077614862 1.190708812824428
62775.1771 lsst_hardware_r -34.33326016756455 25.18000030517578 31.469999313354492 AB 5.81786482689168 1.221406566292275
62775.1952 lsst_hardware_i 71.10337981026916 33.04999923706055 31.229999542236328 AB 5.69224264470555 1.1917807159813494
62779.1558 lsst_hardware_r -42.072840620511386 39.09000015258789 31.549999237060547 AB 5.059831469102836 1.2466477287600297
