data/validation/pwv_sim_epoch_fit_4/45810999.ecsv
# %ECSV 0.9
# ---
# datatype:
# - {name: time, datatype: float64}
# - {name: band, datatype: string}
# - {name: flux, datatype: float64}
# - {name: fluxerr, datatype: float64}
# - {name: zp, datatype: float64}
# - {name: zpsys, datatype: string}
# - {name: pwv, datatype: float64}
# - {name: airmass, datatype: float64}
# meta: {SNID: '45810999', alt: 1024.0, c: 0.12653477489948273, dec: -15.094787, lat: -30.244573, lon: -70.7499537, ra: 188.964844, t0: 61807.98046875,
#   x0: 3.5885212636061785e-06, x1: 0.9643049836158752, z: 0.7026814222335815}
# schema: astropy-2.0
time band flux fluxerr zp zpsys pwv airmass
[from data line 133]
62219.2421 lsst_hardware_r -35.26597581863855 24.190000534057617 31.520000457763672 AB 6.201682002954182 1.0464324648534855
62221.2218 lsst_hardware_z -35.112320789627184 49.810001373291016 30.969999313354492 AB 6.756516543071395 1.037057578143757
62221.2399 lsst_hardware_r 77.64483113378053 47.61000061035156 31.6299991607666 AB 6.8335472233888765 1.0495791150618403
62225.2063 lsst_hardware_r -127.60701665332894 161.1999969482422 31.670000076293945 AB 7.0338969810813925 1.0357674835931958
62225.2253 lsst_hardware_z 44.44821586070016 108.0999984741211 31.010000228881836 AB 6.684303918236431 1.0460569512106752
62227.2003 lsst_hardware_y 46.36989958072632 58.439998626708984 30.059999465942383 AB 5.451478959209115 1.0356644899946075
62227.2186 lsst_hardware_r -187.69584019438105 103.13999938964844 31.65999984741211 AB 4.3939846217631215 1.0449842534614553
62231.2027 lsst_hardware_r 21.623847670286764 34.04999923706055 31.579999923706055 AB 7.695594774588239 1.0412467983071017
62231.2199 lsst_hardware_g 4.231688892403356 30.969999313354492 31.649999618530273 AB 7.453592359179268 1.0580976235053297
62233.1799 lsst_hardware_u -4.924117277603738 2.809999942779541 28.469999313354492 AB 10.568848608121156 1.0352228232359042
62233.1985 lsst_hardware_r -31.296120700716514 24.389999389648438 31.520000457763672 AB 10.616461769076585 1.0421066767191978
62235.1802 lsst_hardware_i 29.469186915137215 31.860000610351562 31.270000457763672 AB 8.261583239598831 1.03603263499374
62235.1972 lsst_hardware_z 42.03223766229572 42.15999984741211 30.950000762939453 AB 8.350855331439947 1.0453596208850156
62241.1147 lsst_hardware_g 10.315923708083892 15.539999961853027 31.459999084472656 AB 11.101213648724189 1.0676810433973731
62241.1316 lsst_hardware_r 19.817866912237303 24.469999313354492 31.520000457763672 AB 11.07949540325445 1.0467166181629146
62245.1651 lsst_hardware_r 46.62483292426092 24.270000457763672 31.530000686645508 AB 9.910399962091194 1.0416649108777793
62245.1822 lsst_hardware_g -10.586529909668073 15.399999618530273 31.469999313354492 AB 9.616981006838072 1.0587890572319798
62247.1536 lsst_hardware_r -21.075992857695198 24.209999084472656 31.530000686645508 AB 7.483919191083765 1.0382075592819262
62247.1728 lsst_hardware_i 10.914951575396612 31.65999984741211 31.260000228881836 AB 7.137863726984832 1.0538573609239759
62251.1613 lsst_hardware_z 43.6336263484266 93.47000122070312 31.739999771118164 AB 14.847084879971119 1.053183926981778
62253.1514 lsst_hardware_r -206.18941029557527 151.6699981689453 31.65999984741211 AB 4.683041020855672 1.0484420195945536
62253.168 lsst_hardware_i -74.1781518323332 124.5999984741211 31.34000015258789 AB 3.8145257277936633 1.070118263787819
62255.1571 lsst_hardware_z 248.92719569803216 113.0199966430664 31.739999771118164 AB 8.720947218647476 1.0618144119133688
62258.128 lsst_hardware_r -60.7600213986835 50.2599983215332 31.6299991607666 AB 7.725884391637428 1.0406165839766661
62258.1454 lsst_hardware_g -7.0152569198066566 52.7599983215332 31.700000762939453 AB 7.890810160095171 1.057088080748661
62260.129 lsst_hardware_r -6.9384108386600865 24.079999923706055 31.520000457763672 AB 10.539908106156142 1.0454097390079242
62260.1459 lsst_hardware_i -47.55421674476959 35.189998626708984 31.270000457763672 AB 10.737987928835482 1.0654086993759626
62262.1218 lsst_hardware_z 18.368932213942678 41.68000030517578 30.950000762939453 AB 3.7326219681171464 1.0439683863746827
62262.1397 lsst_hardware_i -23.55129338855065 31.510000228881836 31.260000228881836 AB 3.812853661514742 1.0642996961660132
62265.1069 lsst_hardware_r 25.5451080291621 23.899999618530273 31.520000457763672 AB 8.993312510567153 1.0394489725574612
62265.1244 lsst_hardware_i -13.002837652687226 31.479999542236328 31.260000228881836 AB 9.13691824903539 1.0547466040905868
62267.1053 lsst_hardware_z 41.821727449991805 41.63999938964844 30.959999084472656 AB 8.064434473095844 1.0418492956651177
62267.1248 lsst_hardware_u 2.2021730205654193 2.8499999046325684 28.520000457763672 AB 8.258640676795503 1.062477894866268
62269.0689 lsst_hardware_g -13.47198141938316 15.069999694824219 31.469999313354492 AB 7.538151925671904 1.0375983380140266
62269.0888 lsst_hardware_r 28.243922394257776 23.8799991607666 31.510000228881836 AB 6.643772094752657 1.0364160097892885
62276.0486 lsst_hardware_z -55.61469531695308 42.4900016784668 30.950000762939453 AB 7.295345593025958 1.0381139228781158
62276.0694 lsst_hardware_i -13.349712716342651 33.31999969482422 31.270000457763672 AB 7.316510624156328 1.0363329495972895
62281.0299 lsst_hardware_r 13.462958517360855 108.87000274658203 31.65999984741211 AB 4.91310796756578 1.0408759508984613
62281.0467 lsst_hardware_i -65.00127312600577 91.41000366210938 31.34000015258789 AB 5.02115996590019 1.0352195655075422
62284.0421 lsst_hardware_z -58.03865275265075 129.27000427246094 32.5 AB 7.6263810036607875 1.0353138983418684
62287.0379 lsst_hardware_i -36.93673021409744 31.43000030517578 31.260000228881836 AB 9.168725035258781 1.0359555997128547
62287.0616 lsst_hardware_z 23.184201540368367 46.619998931884766 30.959999084472656 AB 9.594310050011158 1.051604104785589
62290.0092 lsst_hardware_z 9.391820076139942 41.61000061035156 30.950000762939453 AB 9.373163521075874 1.0386735825368336
62290.032 lsst_hardware_i 18.85944404196998 31.3700008392334 31.260000228881836 AB 9.341315147797085 1.0365801902493528
62302.9688 lsst_hardware_y -24.934370159101817 67.7300033569336 30.799999237060547 AB 9.506245749613823 1.041552070736696
62302.9925 lsst_hardware_r 19.494543414470815 35.41999816894531 32.279998779296875 AB 9.42510328509288 1.0356118322264278
62306.9688 lsst_hardware_y -3.452617093643986 51.79999923706055 30.059999465942383 AB 3.7877678152353815 1.036324983648531
62306.9926 lsst_hardware_g -16.938612319898812 53.279998779296875 31.719999313354492 AB 3.7514529086480253 1.039663623643869
62308.9692 lsst_hardware_y -107.22574654467185 55.4900016784668 30.059999465942383 AB 5.218841721657344 1.0352790560718723
62308.9933 lsst_hardware_i -92.48839979906484 70.12999725341797 31.329999923706055 AB 5.667523042873765 1.043838851252369
62310.9546 lsst_hardware_y -88.81178590059746 68.77999877929688 30.059999465942383 AB 4.570976960335941 1.037443704116192
62310.9777 lsst_hardware_i -13.157712502942278 66.41000366210938 31.329999923706055 AB 4.884973114604102 1.0377000774518617
62312.9545 lsst_hardware_y 67.58954149068236 93.83000183105469 30.81999969482422 AB 5.257789761268925 1.0358135857503794
62312.9808 lsst_hardware_g -80.22756836971236 125.41000366210938 32.47999954223633 AB 6.707722026157611 1.0426375864807753
