data/validation/pwv_sim_epoch_fit_4/45823280.ecsv
# %ECSV 0.9
# ---
# datatype:
# - {name: time, datatype: float64}
# - {name: band, datatype: string}
# - {name: flux, datatype: float64}
# - {name: fluxerr, datatype: float64}
# - {name: zp, datatype: float64}
# - {name: zpsys, datatype: string}
# - {name: pwv, datatype: float64}
# - {name: airmass, datatype: float64}
# meta: {SNID: '45823280', alt: 1024.0, c: -0.11891082674264908, dec: -36.609226, lat: -30.244573, lon: -70.7499537, ra: 77.34375, t0: 63122.4765625,
#   x0: 2.4825098380802312e-06, x1: 0.6491373777389526, z: 0.8152738809585571}
# schema: astropy-2.0
time band flux fluxerr zp zpsys pwv airmass
63117.3302 lsst_hardware_r 806.68058715107 45.60265330071644 31.549999237060547 AB 3.4432144783753786 1.2297194565626353
63117.3478 lsst_hardware_i 961.0206686522703 48.273726118306485 31.260000228881836 AB 3.3564480133976424 1.1604637593860698
63122.3281 lsst_hardware_u 2.4856100542535753 2.7289871973612194 28.34000015258789 AB 3.2776965821295194 1.1823235935177272
63122.3441 lsst_hardware_g 128.23912752977753 16.967014629738806 31.3799991607666 AB 3.2218254456491677 1.128485269929656
63124.3434 lsst_hardware_u 1.7357756947867233 2.761543544337248 28.420000076293945 AB 1.498113997216501 1.1148063975318125
63124.3624 lsst_hardware_g 98.11062659128127 16.493145526409997 31.389999389648438 AB 1.4148256899496212 1.0695419100034935
63129.3021 lsst_hardware_r 443.3244679925904 31.306633487710272 31.459999084472656 AB 7.956493534479579 1.209653140931901
63129.3189 lsst_hardware_g 98.50919641248078 15.630496397081513 31.3700008392334 AB 7.378376287185136 1.1474924241347315
63137.278 lsst_hardware_z 447.1819103032037 56.0441096466997 30.950000762939453 AB 4.075335233157665 1.2192172421002065
63137.2975 lsst_hardware_r 312.0363665633883 60.09932579848079 31.610000610351562 AB 4.353497180625907 1.1460592788591113
63140.3383 lsst_hardware_y 369.0745511393734 75.96181861868857 30.799999237060547 AB 4.350468375431745 1.036710298571816
63145.2788 lsst_hardware_z 367.9803045924434 52.13503522263002 30.950000762939453 AB 6.761729842811428 1.1361069464258908
63145.3001 lsst_hardware_r 150.49191976677355 49.39266365677399 31.6200008392334 AB 6.175558569580255 1.0800207361980159
63149.296 lsst_hardware_r 140.12715233393274 25.99659649848126 31.5 AB 2.972182744949507 1.0658715240988408
63149.3166 lsst_hardware_z 223.60902913675108 44.24099877431355 30.950000762939453 AB 2.8838572740493444 1.0329618317889504
63149.3503 lsst_hardware_r 153.54815749237588 26.95180896070772 31.520000457763672 AB 3.0223350686333346 1.0074450228777783
63149.3618 lsst_hardware_y 204.8072161495572 48.100192156717505 30.059999465942383 AB 3.0184913190660483 1.006163773022016
63153.2666 lsst_hardware_i 274.6105102008053 34.12451687228021 31.229999542236328 AB 6.401340299988364 1.1083612327917425
63153.2845 lsst_hardware_z 277.6830623116846 44.023418170197 30.940000534057617 AB 6.113957678960948 1.0670083209355352
63155.3654 lsst_hardware_z 181.2324947146448 44.09202204172441 30.950000762939453 AB 7.409047774894215 1.0127414659839455
63155.3772 lsst_hardware_r 88.1685905180571 30.30892011301476 31.559999465942383 AB 7.971514484210709 1.0219890364372703
63159.1958 lsst_hardware_u 1.0744017524207383 2.5066601930553554 28.190000534057617 AB 3.015542600055749 1.331022591704454
63159.2149 lsst_hardware_g 24.36472428801039 13.324088345783702 31.329999923706055 AB 1.3690784839860253 1.2325712212343238
63159.3664 lsst_hardware_i 169.83937918332632 34.1625217146406 31.260000228881836 AB 0.7372783853610652 1.0221049704635838
63159.3767 lsst_hardware_z 225.95227549254923 66.44173198368932 30.989999771118164 AB 1.3437035899441285 1.033618146110868
63161.2152 lsst_hardware_z 183.47926614361123 45.43026388325342 30.940000534057617 AB 2.954422686761097 1.2077353854927835
63161.2351 lsst_hardware_r 77.16568294659616 23.615147364956748 31.469999313354492 AB 2.832839325064538 1.1361655047050285
63166.1929 lsst_hardware_i 166.04192527846033 51.79602055440729 31.270000457763672 AB 3.009674760323172 1.2458122498755964
63166.2105 lsst_hardware_z 210.1819084119632 52.82083443983828 30.950000762939453 AB 3.579627925278941 1.1729754813726356
63170.1916 lsst_hardware_z 202.4018327441867 66.56175830430016 30.969999313354492 AB 4.031342382603452 1.2037451127508823
63170.2092 lsst_hardware_i 192.64727174241864 72.39094082080685 31.31999969482422 AB 4.361540493624755 1.1403217116975826
63181.2046 lsst_hardware_u 1.4838395155158122 2.6383613154651884 28.360000610351562 AB 0.7945208368436982 1.0740396577812752
63181.2234 lsst_hardware_g 20.701739970838112 13.76392528873517 31.389999389648438 AB 2.4403030392133838 1.0408628872737828
63187.2059 lsst_hardware_u 0.7837984913444905 2.608515192879773 28.34000015258789 AB 2.727621161102596 1.0425025936620236
63187.2235 lsst_hardware_r 8.265003506060339 21.912872283605665 31.479999542236328 AB 5.783061309190035 1.0212911804305567
63193.1149 lsst_hardware_r -29.782281662775652 40.6510079551477 31.549999237060547 AB 8.697797568435991 1.266469741681918
63193.2226 lsst_hardware_y 95.95115915768908 68.89247979868209 30.770000457763672 AB 6.226258334813525 1.0103188557140077
63193.325 lsst_hardware_g 25.82750699870891 13.168629717455177 31.350000381469727 AB 7.249714385023058 1.115340674618932
63197.2736 lsst_hardware_r 27.10629040261137 76.31062593520302 31.649999618530273 AB 4.548760056298348 1.0344556384782186
63197.2857 lsst_hardware_i 80.3880855464433 62.25801840171252 31.31999969482422 AB 4.616352971432645 1.0525200573261844
63199.1308 lsst_hardware_z 89.56557980830821 67.72193113927675 30.979999542236328 AB 5.79430007510895 1.1378850014942
63199.2213 lsst_hardware_r 215.91515232727653 134.09027832600535 32.38999938964844 AB 5.071232174830664 1.0061968600853253
63199.3082 lsst_hardware_z 63.04238174654182 66.39127419748489 30.979999542236328 AB 4.997482987644743 1.114183186900556
63201.3036 lsst_hardware_z 110.97524700373569 59.22229277535444 30.969999313354492 AB 7.71068878533328 1.116574135058157
63201.3156 lsst_hardware_i 36.99698369885207 63.92409022731222 31.299999237060547 AB 8.069551627714041 1.1533972501377923
63204.1432 lsst_hardware_r 4.34035764494226 35.21507512739689 31.59000015258789 AB 3.442319658162423 1.071150189242534
63204.1646 lsst_hardware_z -8.324116717185984 46.08757819267092 30.959999084472656 AB 3.325774771396118 1.035341200528049
63208.1531 lsst_hardware_i 37.60035415358114 30.342648336736122 31.25 AB 3.833607670745099 1.0361101812824591
63208.174 lsst_hardware_z 0.3025603286419396 40.894990180417764 30.950000762939453 AB 4.518966301509059 1.0148708778864879
63211.2034 lsst_hardware_g 28.14841871536444 13.014691295899432 31.399999618530273 AB 10.184402982367715 1.0083567309274966
63211.2155 lsst_hardware_r 29.528610740549432 21.857848588423455 31.5 AB 9.652088637260675 1.0147097896301718
63213.0458 lsst_hardware_y 81.16709295357283 52.16157551809694 29.950000762939453 AB 15.159087663732857 1.3463973411255759
63213.0663 lsst_hardware_z 95.23866901234435 44.193112358414005 30.93000030517578 AB 14.007554055574381 1.2378538401886163
63216.0475 lsst_hardware_y -104.01743497315401 50.849998474121094 29.959999084472656 AB 12.894265127916974 1.2900937700822974
63216.0684 lsst_hardware_u -0.22216758934457007 2.619999885559082 28.360000610351562 AB 11.947557523881834 1.1941464315167112
63216.1963 lsst_hardware_i 22.351280669000225 29.520000457763672 31.260000228881836 AB 10.405508535965017 1.01127931816735
63216.2089 lsst_hardware_u -5.64853382501373 2.680000066757202 28.489999771118164 AB 10.60651795365912 1.020362070194247
63218.0474 lsst_hardware_y 67.43762759538595 51.56999969482422 29.969999313354492 AB 5.090331720486506 1.2627179461671953
63218.068 lsst_hardware_r 17.02039913350713 22.889999389648438 31.459999084472656 AB 4.724557790987072 1.1748978031673505
63226.0479 lsst_hardware_y 54.60845657076281 55.40999984741211 30.010000228881836 AB 11.154734990903421 1.168585720067406
63226.0687 lsst_hardware_r -0.2251942527097692 74.37999725341797 31.639999389648438 AB 10.512125787671348 1.1046500236617731
63229.0505 lsst_hardware_y -70.85906256277913 56.56999969482422 30.030000686645508 AB 9.3573113886448 1.1329149934796903
63229.074 lsst_hardware_g 99.34777639416112 95.26000213623047 31.719999313354492 AB 8.793448109483837 1.0730914771473348
