data/validation/pwv_sim_epoch_fit_4/45986426.ecsv
# %ECSV 0.9
# ---
# datatype:
# - {name: time, datatype: float64}
# - {name: band, datatype: string}
# - {name: flux, datatype: float64}
# - {name: fluxerr, datatype: float64}
# - {name: zp, datatype: float64}
# - {name: zpsys, datatype: string}
# - {name: pwv, datatype: float64}
# - {name: airmass, datatype: float64}
# meta: {SNID: '45986426', alt: 1024.0, c: -0.12116222083568573, dec: -49.31284, lat: -30.244573, lon: -70.7499537, ra: 183.509171, t0: 61466.33984375,
#   x0: 5.083073053009298e-06, x1: 0.25543463230133057, z: 0.6085586547851562}
# schema: astropy-2.0
time band flux fluxerr zp zpsys pwv airmass
[from data line 132]
61817.3059 lsst_hardware_z -13.677023274554013 48.130001068115234 30.969999313354492 AB 5.20618411919625 1.0592260122811221
61819.2897 lsst_hardware_i 11.277251938383197 32.959999084472656 31.260000228881836 AB 5.078581089778173 1.0596934981279444
61819.3012 lsst_hardware_z 21.40054596176872 42.290000915527344 30.950000762939453 AB 5.254410322978892 1.0593035276405205
61821.2921 lsst_hardware_g -18.882257187222432 14.260000228881836 31.440000534057617 AB 3.8407195170335897 1.0590705961763807
61821.3031 lsst_hardware_r -21.332781639158927 22.799999237060547 31.5 AB 3.8699466997779735 1.0607921877960547
61823.3304 lsst_hardware_r -15.75894254222664 22.110000610351562 31.479999542236328 AB 12.088866746178729 1.0842519167835907
61823.3406 lsst_hardware_u 1.7645999390384526 2.640000104904175 28.40999984741211 AB 10.236751583054382 1.0974513235297239
61827.2772 lsst_hardware_g 9.952785777554533 13.119999885559082 31.389999389648438 AB 6.88169337585156 1.0591294152907365
61827.288 lsst_hardware_r -0.2081279303371153 21.959999084472656 31.479999542236328 AB 6.8905951634777205 1.0611935723216757
61829.2775 lsst_hardware_i -61.947925914579216 30.049999237060547 31.239999771118164 AB 5.827150830984664 1.0598673755883345
61829.2905 lsst_hardware_z -58.70267725430619 41.040000915527344 30.940000534057617 AB 5.842334665872549 1.0645976856450723
61831.2688 lsst_hardware_i 41.93482781044775 30.06999969482422 31.239999771118164 AB 3.63993268707752 1.0593517715592318
61831.2811 lsst_hardware_u -4.199941251251907 2.619999885559082 28.40999984741211 AB 3.6234990110352756 1.0627135627241986
61835.2691 lsst_hardware_i 24.608670524844513 30.020000457763672 31.239999771118164 AB 8.277726469246515 1.0622683951551513
61835.2802 lsst_hardware_r 9.952513039071821 21.989999771118164 31.479999542236328 AB 8.323501306166802 1.0682911288490715
61837.2751 lsst_hardware_z 20.609350798367032 41.18000030517578 30.940000534057617 AB 10.578557427239442 1.0685411542666103
61837.2879 lsst_hardware_g 0.2024504545464592 13.270000457763672 31.389999389648438 AB 10.687918930218077 1.0795877707290986
61839.2561 lsst_hardware_z -67.87689484159097 54.970001220703125 30.979999542236328 AB 10.076476250469131 1.0614917964203348
61839.2673 lsst_hardware_r 8.414276733847219 70.63999938964844 31.639999389648438 AB 10.067567574420478 1.0669882438048393
61841.2533 lsst_hardware_i 24.965227802030117 81.41000366210938 31.329999923706055 AB 8.495205986357508 1.0625094776829445
61841.2646 lsst_hardware_z 59.15333252164551 70.5999984741211 30.989999771118164 AB 8.537612030529557 1.0688381622521432
61844.2492 lsst_hardware_i -13.967433053882184 62.52000045776367 31.31999969482422 AB 9.7341614822736 1.0644244376461016
61844.2615 lsst_hardware_z -14.127717401084825 58.939998626708984 30.969999313354492 AB 9.333098602052061 1.0727699542588578
61846.2107 lsst_hardware_z 63.702314251860805 47.97999954223633 30.959999084472656 AB 8.761729123294444 1.0609989250780387
61846.2241 lsst_hardware_r -62.48707542628 47.810001373291016 31.610000610351562 AB 8.765562657321057 1.059090516199004
61848.228 lsst_hardware_i -18.50168231897493 33.66999816894531 31.270000457763672 AB 7.191531413384333 1.0604241402859635
61848.2405 lsst_hardware_r -36.038153991530905 29.59000015258789 31.559999465942383 AB 7.2269349374104825 1.0656445515406028
61850.2278 lsst_hardware_u 0.4474355464187869 2.680000066757202 28.450000762939453 AB 6.027023794038697 1.0621398018660415
61850.2407 lsst_hardware_g 4.351824496476486 13.479999542236328 31.399999618530273 AB 6.079816912537907 1.0693234881640217
61854.206 lsst_hardware_i -0.11952626754766442 30.15999984741211 31.239999771118164 AB 7.351107596422039 1.0593646109891253
61854.2188 lsst_hardware_z -78.14340762222687 41.15999984741211 30.940000534057617 AB 7.488429242992485 1.0629424049670153
61858.2112 lsst_hardware_r -14.820141550236142 22.209999084472656 31.479999542236328 AB 7.168231106949323 1.0645492529162803
61858.2238 lsst_hardware_z -77.64497190724771 41.25 30.940000534057617 AB 7.1533750819436515 1.0732209064728424
61860.2085 lsst_hardware_r 15.476102133454901 22.1299991607666 31.469999313354492 AB 4.030386474470973 1.0660987897026777
61860.2194 lsst_hardware_u 1.8091458080919818 2.5399999618530273 28.31999969482422 AB 4.019436665094477 1.0741412787532525
61862.1902 lsst_hardware_u 0.07534297801372634 2.5799999237060547 28.360000610351562 AB 8.696460956977178 1.0605440191435584
61862.2021 lsst_hardware_g 25.10659354688413 13.470000267028809 31.389999389648438 AB 8.737519122234723 1.065551112467649
61864.1924 lsst_hardware_r -1.1805972676151686 22.239999771118164 31.479999542236328 AB 4.849436722533863 1.0633563693748191
61864.2037 lsst_hardware_i -45.1027307026619 30.31999969482422 31.239999771118164 AB 4.940743803356411 1.070235850396674
61866.1496 lsst_hardware_i 63.0795304282053 42.88999938964844 31.299999237060547 AB 12.313349266112859 1.0635585632574411
61866.161 lsst_hardware_z 3.283091063332351 46.9900016784668 30.969999313354492 AB 12.267056772460705 1.0597889220268286
61872.1379 lsst_hardware_z -51.65144724572565 68.86000061035156 30.989999771118164 AB 6.688180301663181 1.0616159208989175
61872.1494 lsst_hardware_r 82.45478625421474 98.38999938964844 31.65999984741211 AB 6.672849467380594 1.0591824551397768
61874.1384 lsst_hardware_i 10.413993564979373 50.70000076293945 31.31999969482422 AB 5.239466947967554 1.0599413900605323
61874.1504 lsst_hardware_r -86.29531632132579 58.779998779296875 31.639999389648438 AB 5.225373602637226 1.0592689241105262
61876.0625 lsst_hardware_z 28.137646353194363 42.720001220703125 30.950000762939453 AB 19.050108845376766 1.140725080561483
61880.1337 lsst_hardware_z -13.34751083983395 41.16999816894531 30.940000534057617 AB 6.7608849747282695 1.0592432689245654
61880.1448 lsst_hardware_r 10.154601321496898 22.31999969482422 31.479999542236328 AB 6.764185958102543 1.0617427272365014
61883.1194 lsst_hardware_i -2.617081435317486 30.280000686645508 31.239999771118164 AB 4.823528866086653 1.059185082583806
61883.1314 lsst_hardware_u 1.0508781052832092 2.5899999141693115 28.3700008392334 AB 5.573396553636091 1.060185762533021
61885.1737 lsst_hardware_z 15.053735434606269 41.75 30.940000534057617 AB 13.97753521634901 1.1009906632721003
61885.1854 lsst_hardware_r 63.64039184476632 22.6200008392334 31.479999542236328 AB 14.217106960768712 1.1207073739028086
61888.1035 lsst_hardware_i -39.01323545700563 30.15999984741211 31.239999771118164 AB 2.4602797408289536 1.0593999171073434
61888.1164 lsst_hardware_r -14.795979634664526 22.270000457763672 31.479999542236328 AB 2.4964073675484397 1.0598955707111972
61891.114 lsst_hardware_r -3.6829889891873995 22.479999542236328 31.5 AB 10.368138889445763 1.0614755031340577
61891.124 lsst_hardware_i 59.767718140080184 30.5 31.25 AB 10.417119031634718 1.0661989387910393
61895.1067 lsst_hardware_z 26.101072071460806 48.45000076293945 30.969999313354492 AB 9.830708471520161 1.0628942016996488
61895.1178 lsst_hardware_r 24.80258255507682 50.0 31.6299991607666 AB 9.887840981201128 1.0693218559003401
61897.1074 lsst_hardware_z -79.16428143055327 85.48999786376953 31.729999542236328 AB 7.1072324956506705 1.0660715484532448
61903.0865 lsst_hardware_i 11.442085699663918 49.27000045776367 31.299999237060547 AB 6.826061435178023 1.0636498321296302
61903.0984 lsst_hardware_r -14.9440756034218 57.029998779296875 31.6299991607666 AB 6.879306756842136 1.0711676993019705
61908.0452 lsst_hardware_z 81.09419105621978 40.84000015258789 30.940000534057617 AB 8.83181865829737 1.0600302450446935
61908.0561 lsst_hardware_u -1.6253902023485087 2.5299999713897705 28.329999923706055 AB 8.801356750827297 1.0591708553284347
61910.0811 lsst_hardware_r -13.061432715031847 22.200000762939453 31.489999771118164 AB 7.5343956570352 1.0726390779977348
61910.0932 lsst_hardware_i -26.45655397070493 30.399999618530273 31.239999771118164 AB 8.835151911618691 1.0846888089235862
61912.0794 lsst_hardware_z 8.773740172582635 41.529998779296875 30.950000762939453 AB 5.460513043316858 1.0759631612446463
61917.9996 lsst_hardware_z -38.2656106058066 58.33000183105469 31.700000762939453 AB 6.8778925674055955 1.0682030778342737
61918.0041 lsst_hardware_i -9.519636128189516 30.239999771118164 31.25 AB 7.538252420850858 1.065402080538599
61926.0193 lsst_hardware_z -157.44796262738157 85.41999816894531 31.729999542236328 AB 10.76341269845458 1.06179468269257
61928.0162 lsst_hardware_r 63.29089646603026 95.7300033569336 31.649999618530273 AB 4.87413699886586 1.0627331429109568
61928.029 lsst_hardware_i -1.0592025390590742 75.48999786376953 31.329999923706055 AB 4.926491748929557 1.070297836284144
