data/validation/pwv_sim_epoch_fit_4/46036239.ecsv
# %ECSV 0.9
# ---
# datatype:
# - {name: time, datatype: float64}
# - {name: band, datatype: string}
# - {name: flux, datatype: float64}
# - {name: fluxerr, datatype: float64}
# - {name: zp, datatype: float64}
# - {name: zpsys, datatype: string}
# - {name: pwv, datatype: float64}
# - {name: airmass, datatype: float64}
# meta: {SNID: '46036239', alt: 1024.0, c: -0.00918660406023264, dec: -1.940072, lat: -30.244573, lon: -70.7499537, ra: 4.921875, t0: 63010.19921875,
#   x0: 1.6396301445129915e-05, x1: 0.14146341383457184, z: 0.3735361695289612}
# schema: astropy-2.0
time band flux fluxerr zp zpsys pwv airmass
63045.4074 lsst_hardware_i 1552.9447412542693 50.779208699388974 31.239999771118164 AB 6.05852725659897 1.1675900088198712
63045.4266 lsst_hardware_y 378.5522107265526 52.110991237038775 30.010000228881836 AB 5.80272685290975 1.1442211488582392
63047.4089 lsst_hardware_g 255.01807124454612 22.03090482563846 31.450000762939453 AB 4.679241072286462 1.15708236208867
63047.4263 lsst_hardware_y 401.96775771399905 52.50529498248869 30.010000228881836 AB 5.1928578099075136 1.1408695298222293
63049.4103 lsst_hardware_i 1318.6241020949908 48.67483758037694 31.25 AB 8.471773498072933 1.1490136643068196
63049.4293 lsst_hardware_y 348.616290505621 52.24980872753063 30.020000457763672 AB 8.357474107767892 1.1379615492075967
63057.4031 lsst_hardware_r 501.845928454241 72.1225103227744 31.6200008392334 AB 11.091280644012313 1.1390665296899145
63057.4233 lsst_hardware_y 310.7400042641129 56.56673810045536 30.020000457763672 AB 11.881781708966635 1.1410800901747025
63062.3457 lsst_hardware_i 759.4347693610721 43.35715700032251 31.229999542236328 AB 4.423543755612401 1.1994424500031604
63062.3614 lsst_hardware_z 669.2019605184339 50.67831692830231 30.940000534057617 AB 4.392257052255241 1.1669120755194582
63065.3888 lsst_hardware_g 147.8708688103342 19.151609486565405 31.440000534057617 AB 2.0831309648610565 1.137701236953062
63065.4097 lsst_hardware_r 434.62848427199407 32.11635405813093 31.5 AB 2.0780782089435923 1.1471588235956898
63067.3465 lsst_hardware_i 689.0244808611449 41.99405994408926 31.239999771118164 AB 3.359502506186707 1.1690308851448081
63067.3618 lsst_hardware_r 427.6805163582462 31.964361577178906 31.5 AB 3.262842339998862 1.1483826977558687
63069.3845 lsst_hardware_u 2.9534324071297666 2.957090734996481 28.40999984741211 AB 6.114186395597028 1.1385821965730034
63069.4058 lsst_hardware_g 91.69105540336997 18.689045371819795 31.43000030517578 AB 6.1340633733823795 1.1548102552609554
63079.1818 lsst_hardware_z 35.42630835518097 97.13999938964844 31.579999923706055 AB 10.622681813070038 2.3065208583367793
63079.2069 lsst_hardware_r -21.145352342631007 112.01000213623047 32.220001220703125 AB 8.521571415277789 1.8270950718863186
63083.2778 lsst_hardware_z 108.9750615523911 116.51000213623047 31.719999313354492 AB 0.5917500713569679 1.2291848461629935
63085.344 lsst_hardware_r -146.81344001390886 88.9000015258789 31.6299991607666 AB 4.861416039479889 1.1397060226187141
63085.3662 lsst_hardware_i 48.30846686331623 77.2300033569336 31.309999465942383 AB 4.944414182651477 1.1603428284862858
63088.2806 lsst_hardware_z 66.74421806783154 46.099998474121094 30.950000762939453 AB 5.111329169709142 1.1857169099829827
63088.2981 lsst_hardware_r 10.456919994398735 34.43000030517578 31.559999465942383 AB 5.656735714795892 1.1556150592024295
63091.3392 lsst_hardware_u -2.361586827267141 2.880000114440918 28.479999542236328 AB 5.336069073276847 1.1476240031421996
63091.3571 lsst_hardware_g 8.369530184168141 15.899999618530273 31.450000762939453 AB 5.480007804556134 1.172235973736561
63094.3057 lsst_hardware_i -31.908018817838478 32.25 31.25 AB 5.478493373266361 1.1381123273872367
63094.3235 lsst_hardware_r -28.708765056200676 24.56999969482422 31.5 AB 5.494910709026411 1.1417996278496685
63099.2908 lsst_hardware_u 3.7533460991157632 2.700000047683716 28.360000610351562 AB 1.154036614104428 1.138383836354553
63100.2252 lsst_hardware_r -8.234280937894098 24.93000030517578 31.489999771118164 AB 2.489412770377022 1.249862066211699
63102.2492 lsst_hardware_z 46.086933792655074 43.400001525878906 30.940000534057617 AB 2.9869850609825312 1.1721327904444203
63102.2668 lsst_hardware_r -30.73127870291276 24.520000457763672 31.5 AB 3.264793567313822 1.147857455327001
63110.2159 lsst_hardware_z 103.1112842583006 89.95999908447266 30.979999542236328 AB 1.898770223958395 1.196389744684073
63110.2327 lsst_hardware_r 76.07554928532296 134.1699981689453 31.6299991607666 AB 1.931346244475004 1.1631696328080325
63115.211 lsst_hardware_z 34.56600922505427 76.06999969482422 31.709999084472656 AB 0.4856097418051085 1.1772357377093539
63118.1965 lsst_hardware_g 1.7098359694335843 15.4399995803833 31.40999984741211 AB 3.8638777464733702 1.1906256055691766
63118.2138 lsst_hardware_r -22.70372025743169 24.739999771118164 31.489999771118164 AB 3.5483647033071404 1.1588388972263686
63121.1984 lsst_hardware_i -17.824964374866653 32.59000015258789 31.239999771118164 AB 3.1335530416702038 1.1702186692821226
63121.2168 lsst_hardware_z 17.261332486183875 43.130001068115234 30.940000534057617 AB 3.4722478644051633 1.1461455238175156
63123.1932 lsst_hardware_i -14.239483557235 32.91999816894531 31.239999771118164 AB 1.0367994375015421 1.1697624341875241
63123.2119 lsst_hardware_u 3.92051766552177 2.75 28.3700008392334 AB 1.3801430600138418 1.1456638572335034
63125.1984 lsst_hardware_g 33.30177698432122 15.65999984741211 31.440000534057617 AB 3.436242762549941 1.153972886424334
63125.2149 lsst_hardware_r 16.911382144385964 24.860000610351562 31.5 AB 3.7464582030491598 1.1401272681220815
63128.1804 lsst_hardware_r -22.972000007304384 25.389999389648438 31.5 AB 7.146263628174449 1.1682946450790235
63132.1764 lsst_hardware_g 8.927609150008905 25.770000457763672 32.22999954223633 AB 2.353995659150496 1.1577027831884739
63132.2003 lsst_hardware_r 14.842937647859939 25.030000686645508 31.489999771118164 AB 2.312561473156714 1.1384918021691692
63135.1745 lsst_hardware_i -35.77789054570902 46.560001373291016 31.290000915527344 AB 3.884230932804685 1.1500881167009178
63144.117 lsst_hardware_g -5.631876223079988 22.25 32.16999816894531 AB 4.280285883576122 1.2122021760339126
63144.1426 lsst_hardware_r -34.9670184533047 42.439998626708984 31.579999923706055 AB 4.955318243928115 1.1591387705095004
63146.1466 lsst_hardware_i 5.849210270962871 32.79999923706055 31.239999771118164 AB 4.310088938033457 1.1479285168768083
63146.166 lsst_hardware_z -62.455258683422954 43.43000030517578 30.940000534057617 AB 4.311528514236826 1.1378066100202742
63148.1391 lsst_hardware_i -21.086334674190553 32.790000915527344 31.25 AB 4.03319901796985 1.1499878395580052
63148.1569 lsst_hardware_u -2.4713531619134157 2.8299999237060547 28.43000030517578 AB 3.9912979551665084 1.138419268444526
63152.1388 lsst_hardware_i 15.300552031279684 32.41999816894531 31.239999771118164 AB 6.678849491313633 1.1413585003668982
63152.1566 lsst_hardware_r 20.219341221705207 24.760000228881836 31.489999771118164 AB 6.644692556427936 1.1382770974608885
63154.104 lsst_hardware_z -49.438342745734516 43.61000061035156 30.940000534057617 AB 7.305187040844643 1.1782559743297811
63154.1231 lsst_hardware_u -0.39532041654260497 2.799999952316284 28.420000076293945 AB 7.127434910286873 1.1495862758527213
63156.107 lsst_hardware_g -0.347486785300121 15.619999885559082 31.43000030517578 AB 8.001031882273864 1.1633352225474527
63156.1252 lsst_hardware_r 15.214207156450863 24.940000534057617 31.5 AB 7.315505740072561 1.1430477718863377
63162.1064 lsst_hardware_g -19.44442967860644 27.399999618530273 31.600000381469727 AB 6.129540812929481 1.1448525986046845
63162.1237 lsst_hardware_r 9.285476664821136 32.34000015258789 31.549999237060547 AB 6.073375474847815 1.137726836588307
63164.0981 lsst_hardware_i 94.10449962054462 51.15999984741211 31.299999237060547 AB 5.217409885412141 1.1473138835431287
63164.1148 lsst_hardware_r 17.47861719568218 56.7599983215332 31.6200008392334 AB 5.16801432288548 1.138078467933432
63167.0834 lsst_hardware_z -219.92616569770237 133.83999633789062 31.739999771118164 AB 4.288487238623756 1.1543707237209364
63169.0753 lsst_hardware_z -2.998119877302933 86.73999786376953 30.979999542236328 AB 6.0263678468300785 1.1578036209086646
63169.0929 lsst_hardware_r 52.54353653463815 127.43000030517578 31.639999389648438 AB 6.846403198089878 1.1410671996816464
63171.0799 lsst_hardware_i -32.53669052234419 66.37999725341797 31.309999465942383 AB 4.70152422247859 1.1464802005637693
63171.099 lsst_hardware_z 25.299099033046275 63.02000045776367 30.969999313354492 AB 6.157483195088402 1.1377288219424706
63180.0518 lsst_hardware_z 38.625631126972436 43.209999084472656 30.940000534057617 AB 9.880560413529471 1.1499051979666868
63180.071 lsst_hardware_i -23.228909445760035 32.25 31.25 AB 9.752344679721462 1.1380960065025971
63185.0499 lsst_hardware_r -27.03228880387262 24.559999465942383 31.5 AB 6.081633887765275 1.1406984690548594
63185.0683 lsst_hardware_i -18.29422537610333 32.310001373291016 31.25 AB 6.1224681504879035 1.1387460523551003
63188.035 lsst_hardware_z 86.79673712117011 63.459999084472656 31.690000534057617 AB 8.702592152374722 1.145178369029045
63190.0253 lsst_hardware_y 18.995939168598944 53.18000030517578 30.020000457763672 AB 8.587861253919634 1.1490699118808676
63190.0457 lsst_hardware_g -24.859972902110382 20.600000381469727 31.530000686645508 AB 7.506546574961749 1.13781526500014
63192.0269 lsst_hardware_y -5.14302032391575 53.97999954223633 30.010000228881836 AB 5.29686647352829 1.1430441246284615
63192.048 lsst_hardware_i -19.23346483338423 45.16999816894531 31.280000686645508 AB 5.08360203754069 1.1384172069289882
63194.0235 lsst_hardware_y -71.10400562570247 70.5 30.030000686645508 AB 8.848283543050645 1.141714005554922
63194.0423 lsst_hardware_i 21.749210351071568 78.13999938964844 31.31999969482422 AB 8.635584612855789 1.1383581087338936
63196.025 lsst_hardware_y -34.19001387671122 69.2300033569336 30.030000686645508 AB 5.5793155571485 1.1386358279894897
63196.0453 lsst_hardware_z -74.70954938428103 72.08999633789062 30.969999313354492 AB 4.906334947989742 1.1419819104639013
