data/validation/pwv_sim_epoch_fit_4/46040490.ecsv
# %ECSV 0.9
# ---
# datatype:
# - {name: time, datatype: float64}
# - {name: band, datatype: string}
# - {name: flux, datatype: float64}
# - {name: fluxerr, datatype: float64}
# - {name: zp, datatype: float64}
# - {name: zpsys, datatype: string}
# - {name: pwv, datatype: float64}
# - {name: airmass, datatype: float64}
# meta: {SNID: '46040490', alt: 1024.0, c: -0.10501712560653687, dec: -53.18726, lat: -30.244573, lon: -70.7499537, ra: 304.318176, t0: 60050.38671875,
#   x0: 1.845723309789106e-05, x1: 1.0924793481826782, z: 0.3547024726867676}
# schema: astropy-2.0
time band flux fluxerr zp zpsys pwv airmass
60067.4043 lsst_hardware_z 3068.494499356721 201.86935291580247 31.75 AB 12.161776137893002 1.0927513489278944
60069.4149 lsst_hardware_z 1554.7453538493794 138.08824491680517 31.0 AB 7.451705927618456 1.0862149233072347
60071.4098 lsst_hardware_i 5533.183623683787 169.9291188228155 32.09000015258789 AB 7.538175681406326 1.0861402931760549
60071.4247 lsst_hardware_y 708.0015815413716 208.7661111805338 30.81999969482422 AB 8.011078383265966 1.0858307610544151
60073.407 lsst_hardware_i 2569.56552251941 120.89528512322852 31.34000015258789 AB 8.372476347817347 1.0856896063735484
60073.4179 lsst_hardware_y 324.54326401937135 149.93372623649626 30.059999465942383 AB 8.069183021210916 1.085637683363175
60083.3877 lsst_hardware_r 1420.2424043399292 100.18973751343046 31.649999618530273 AB 10.39268409150723 1.0853694777167593
60083.4021 lsst_hardware_i 2011.9937291904444 115.22666616069563 31.329999923706055 AB 10.41162524897761 1.0887120224795734
60087.3846 lsst_hardware_z 2776.1007246046784 197.88099771986495 31.75 AB 2.1435963907064894 1.0865572648676975
60087.3988 lsst_hardware_u -114.69283206694918 51.57308858133193 30.229999542236328 AB 2.1646787632406532 1.092536387907463
60094.3275 lsst_hardware_z 1137.513033831306 140.9827564249931 31.0 AB 14.114495660109231 1.0947409958977143
60094.3416 lsst_hardware_r 931.855794020071 99.52396512004447 31.649999618530273 AB 13.339619924935176 1.087587231623116
60096.3275 lsst_hardware_z 1073.2618433761754 140.6373478982453 31.0 AB 7.526200839931249 1.0913864327046474
60096.34 lsst_hardware_r 872.7356429952936 99.01752129619135 31.649999618530273 AB 7.2783400901725015 1.0864815778731902
60101.3302 lsst_hardware_i 1156.4033685881177 111.36981904251394 31.329999923706055 AB 6.666353698243222 1.085740093906251
60101.3423 lsst_hardware_z 811.744801633263 135.58171531829714 31.0 AB 5.831575042592101 1.0857521956046245
60103.3274 lsst_hardware_r 631.4415869967385 96.43477550336276 31.649999618530273 AB 3.1127662669247473 1.0854385029813434
60103.34 lsst_hardware_z 555.43321243609 135.57570909407474 31.0 AB 2.7158517290513955 1.0863406916205582
60113.3042 lsst_hardware_u 21.273033780662217 37.21514560113449 29.489999771118164 AB 5.021189610367803 1.0853106258225014
60119.1213 lsst_hardware_u -19.575832760120857 42.56999969482422 29.81999969482422 AB 5.698064136530416 1.5074243747434963
60122.2521 lsst_hardware_r -154.3791319705611 95.20999908447266 31.649999618530273 AB 7.823537682447424 1.0940480607534122
60122.2641 lsst_hardware_i -39.67018354331205 110.19000244140625 31.34000015258789 AB 7.8021104647298944 1.0879581386162351
60124.2432 lsst_hardware_z -63.01991530707705 132.55999755859375 31.0 AB 3.020370266015254 1.0964558080887077
60124.2557 lsst_hardware_r 14.2183709370102 93.22000122070312 31.649999618530273 AB 2.915578144754854 1.0891214586310651
60126.2448 lsst_hardware_z -53.916809365387195 187.47000122070312 31.75 AB 8.434427740036154 1.0918353061535475
60129.2346 lsst_hardware_r -188.13776287736908 95.06999969482422 31.639999389648438 AB 7.949382262201604 1.093024121117621
60129.2468 lsst_hardware_y 119.00554673712041 148.83999633789062 30.059999465942383 AB 7.904841923372473 1.0873484385298955
60131.3188 lsst_hardware_r 106.39318573550321 94.54000091552734 31.6299991607666 AB 5.811110873682548 1.1374262817934249
60131.33 lsst_hardware_i 41.26042774774623 109.30999755859375 31.31999969482422 AB 5.90628945859853 1.158020284673916
60133.2361 lsst_hardware_i 64.95825134717974 110.0199966430664 31.329999923706055 AB 1.7366596586529304 1.0872810509644617
60133.2482 lsst_hardware_z 54.74893310155732 137.14999389648438 31.0 AB 1.721307668415324 1.0853137884081487
60138.2195 lsst_hardware_z 221.39105189242002 132.67999267578125 31.0 AB 7.314844221766143 1.0883025523357681
60138.231 lsst_hardware_r -2.606929057838061 93.2300033569336 31.649999618530273 AB 7.384455226679818 1.0855236025107533
60140.2157 lsst_hardware_u 38.27647210537381 37.189998626708984 29.489999771118164 AB 6.230722375974808 1.0877024805309528
60140.2274 lsst_hardware_g 14.758028362513466 105.3499984741211 31.719999313354492 AB 6.236845947699477 1.0853767148487234
60142.2177 lsst_hardware_r 32.32055286159744 93.25 31.649999618530273 AB 1.8645605286866664 1.0858355015160632
60142.2298 lsst_hardware_z -42.053641152859704 132.7100067138672 31.0 AB 1.8923423313443677 1.0856811998533378
60144.2178 lsst_hardware_r -1.2195049298594471 93.33000183105469 31.649999618530273 AB 2.7421626307508657 1.0853244357996763
60144.2309 lsst_hardware_u 67.62456384768741 36.22999954223633 29.5 AB 2.741536047033958 1.0870843130029242
60153.1942 lsst_hardware_r -58.753133141238315 93.20999908447266 31.649999618530273 AB 3.443163239750308 1.085315442001673
60153.2069 lsst_hardware_z -47.450024299193046 132.6699981689453 31.0 AB 3.555339918631491 1.0872599139545844
60158.1862 lsst_hardware_r -67.38446342681283 95.01000213623047 31.639999389648438 AB 2.0006710106097367 1.0856985541227713
60158.1987 lsst_hardware_y -88.7730419695762 148.63999938964844 30.059999465942383 AB 2.007312227474752 1.0893025247454904
60162.1557 lsst_hardware_r -12.278529090203609 95.04000091552734 31.639999389648438 AB 2.2692809481315663 1.08768858354285
60162.1675 lsst_hardware_i -27.323928957274624 110.0 31.329999923706055 AB 1.7369637385117556 1.0853762165247378
60164.1324 lsst_hardware_i -227.88416743565278 110.0 31.329999923706055 AB 4.232302640716509 1.097683748780974
60164.145 lsst_hardware_z -18.0561323620987 137.19000244140625 31.0 AB 4.244430782558991 1.089805918151059
60176.1301 lsst_hardware_i 137.6350333241131 110.19000244140625 31.34000015258789 AB 2.013318386508977 1.0853468390883974
60176.1433 lsst_hardware_r -64.76086967615711 95.30999755859375 31.649999618530273 AB 1.9694277708107655 1.0870306448520852
60178.1262 lsst_hardware_u -19.541556725271075 36.290000915527344 29.5 AB 2.192449624371571 1.0853263269856381
60178.1366 lsst_hardware_g 76.02485102066085 103.33999633789062 31.719999313354492 AB 2.181899008582733 1.086693288909803
60179.129 lsst_hardware_r -23.920457522197655 95.2699966430664 31.649999618530273 AB 2.3691459168615716 1.0857265992873346
60179.1411 lsst_hardware_i -89.64252131290444 110.1500015258789 31.34000015258789 AB 2.3946902471457374 1.0891969437042355
60181.1187 lsst_hardware_i 54.514627845290974 106.63999938964844 31.329999923706055 AB 4.099859414986335 1.0853367081366871
60181.1306 lsst_hardware_z -116.98858161739746 132.5800018310547 31.0 AB 3.90745807777893 1.0873178956809935
60183.111 lsst_hardware_i -89.91250697058474 110.05999755859375 31.329999923706055 AB 1.56018891504147 1.0853488104636313
60183.1225 lsst_hardware_z 154.15630741858635 137.0800018310547 31.0 AB 1.5233878343741822 1.0865819075422127
60185.1073 lsst_hardware_z 243.98850049161487 132.7100067138672 31.0 AB 5.4040410114416675 1.0853304123397491
60185.1187 lsst_hardware_r 19.097857550562253 93.31999969482422 31.649999618530273 AB 5.412939090324962 1.0870265096460472
60192.9863 lsst_hardware_r -82.61927083555976 93.66999816894531 31.610000610351562 AB 0.8265923283054686 1.2131981335207465
60192.9913 lsst_hardware_i -73.11606561628045 108.9000015258789 31.309999465942383 AB 0.8165640124271305 1.1996532993546212
60197.1002 lsst_hardware_g -36.963252642837084 102.75 31.709999084472656 AB 3.836737121761593 1.0936327575747111
60197.112 lsst_hardware_r 254.6338061185739 92.9000015258789 31.639999389648438 AB 3.885291819153864 1.102940523983875
60204.0391 lsst_hardware_g 59.554798709096715 105.06999969482422 31.709999084472656 AB 1.8889220180756863 1.0884021999859903
60204.0501 lsst_hardware_r 128.71202211913982 95.22000122070312 31.649999618530273 AB 0.35391394537357396 1.0856255993054416
60208.0365 lsst_hardware_i 180.20131968731792 110.19999694824219 31.34000015258789 AB 4.23552142475102 1.0860311345515434
60208.0486 lsst_hardware_z 160.38786509661907 137.24000549316406 31.0 AB 4.236771045588749 1.0855860727919127
60216.0566 lsst_hardware_z 1.4506841312109051 187.4199981689453 31.75 AB 3.7310739960901533 1.0998007357672122
60216.985 lsst_hardware_y 356.97366141117607 148.58999633789062 30.059999465942383 AB 10.952762250355716 1.0998957873424098
60216.9891 lsst_hardware_g -179.68362953570372 104.87999725341797 31.709999084472656 AB 10.471047859004777 1.0966170455050297
60222.0274 lsst_hardware_i 101.22570651024232 110.02999877929688 31.329999923706055 AB 2.980878142668985 1.0909975817253126
60222.0389 lsst_hardware_z -105.90242844260693 137.00999450683594 31.0 AB 3.0544047505331355 1.0987067447960919
60224.0249 lsst_hardware_r -118.37538662112112 94.95999908447266 31.639999389648438 AB 4.236449497415684 1.0926663364353464
60224.0367 lsst_hardware_g -125.82952156283467 104.61000061035156 31.700000762939453 AB 4.238950675180245 1.101502990518903
60225.0299 lsst_hardware_r 48.533370966513026 93.06999969482422 31.639999389648438 AB 5.017844894472145 1.0980567633835867
60225.0411 lsst_hardware_i -112.53007733533003 106.47000122070312 31.329999923706055 AB 5.094738766948523 1.1085761338080138
60434.4184 lsst_hardware_i 33.284873893578315 32.439998626708984 31.260000228881836 AB 5.865753817594663 1.085697805301867
60434.4294 lsst_hardware_z -54.76142232203396 68.7699966430664 30.989999771118164 AB 6.030485086678004 1.0855958751895598
60442.3718 lsst_hardware_r -64.6438878582621 31.860000610351562 32.22999954223633 AB 6.750187752376362 1.0967444254237022
60442.3867 lsst_hardware_y 17.073404059227848 66.86000061035156 30.780000686645508 AB 7.186322271169068 1.088287067819681
60446.4118 lsst_hardware_u -1.4923422542888678 2.640000104904175 28.350000381469727 AB 7.9414864285420395 1.0902769474127298
60446.4255 lsst_hardware_y 46.79279541335804 50.91999816894531 30.030000686645508 AB 7.365975348423709 1.0993993057348819
60451.291 lsst_hardware_r 65.87872595576061 68.66000366210938 31.610000610351562 AB 5.110566755672632 1.1824997313653847
60451.3034 lsst_hardware_i 37.54622311825976 55.91999816894531 31.299999237060547 AB 4.9316590570363115 1.1555641865236088
60461.3305 lsst_hardware_y 29.94055585716956 47.97999954223633 30.030000686645508 AB 7.491335306370248 1.0901773426684485
60461.3453 lsst_hardware_g 16.853782420725928 24.469999313354492 31.600000381469727 AB 7.245477025307813 1.0856138084342803
60463.326 lsst_hardware_r -5.132144765909824 22.8799991607666 31.479999542236328 AB 10.250438904224124 1.0897186949688653
60463.3385 lsst_hardware_i -9.699570225361578 30.709999084472656 31.239999771118164 AB 11.496708036071526 1.0858072410462807
60467.3309 lsst_hardware_u 0.2054012204765199 2.5299999713897705 28.299999237060547 AB 3.547656390001475 1.085408104635605
60467.343 lsst_hardware_r -14.614533130537502 22.399999618530273 31.469999313354492 AB 2.6616842022577565 1.086216984427583
60483.304 lsst_hardware_z -10.320364496009127 82.58000183105469 30.989999771118164 AB 2.905401017027717 1.087486344489476
60483.3166 lsst_hardware_i 18.937916987942806 96.83999633789062 31.329999923706055 AB 2.879010128004769 1.0935718389483802
60484.3083 lsst_hardware_z -122.33954099229688 84.91000366210938 30.989999771118164 AB 3.7180752310586227 1.0903979366709877
60484.3214 lsst_hardware_r -94.6926811847699 125.2300033569336 31.649999618530273 AB 3.798489891870958 1.0991000844534022
60486.2855 lsst_hardware_r -4.020597683129067 82.58000183105469 31.639999389648438 AB 6.276605642037064 1.0854015203903098
60486.2979 lsst_hardware_y -57.52309229901427 54.150001525878906 30.040000915527344 AB 6.022604312382769 1.0882257987802593
60491.103 lsst_hardware_g -6.666014910044277 14.010000228881836 31.280000686645508 AB 12.921913478521429 1.506811537900427
60491.1114 lsst_hardware_r -9.719141569892738 24.1299991607666 31.43000030517578 AB 12.35908665500667 1.4556085099332607
60492.2409 lsst_hardware_z 70.95215618340501 42.099998474121094 30.950000762939453 AB 9.085368755005144 1.0929219092783153
60492.2529 lsst_hardware_r -35.51104973499831 22.920000076293945 31.489999771118164 AB 8.938892556808629 1.0873462816188906
60494.2337 lsst_hardware_u 0.8739452147596671 2.7300000190734863 28.440000534057617 AB 7.9431821616047715 1.094026879912509
60494.2456 lsst_hardware_g -6.5408935144661005 13.979999542236328 31.40999984741211 AB 7.889061456843813 1.0879713319939983
60496.2345 lsst_hardware_r 1.1668929902673695 22.899999618530273 31.479999542236328 AB 4.746895292603952 1.0904047379641544
60496.247 lsst_hardware_z 72.31449028562439 41.66999816894531 30.940000534057617 AB 4.7279914213316365 1.0860623479322289
60498.3169 lsst_hardware_u -3.698665996456482 2.609999895095825 28.34000015258789 AB 1.4906665091323614 1.1422731870746519
60498.328 lsst_hardware_g -0.5847291767558909 14.010000228881836 31.389999389648438 AB 1.5198044755568179 1.1636351500467388
60500.2176 lsst_hardware_u 5.487414692211982 2.740000009536743 28.450000762939453 AB 10.581129579098615 1.0938452356063117
60500.2291 lsst_hardware_g -13.902654160313157 14.09000015258789 31.420000076293945 AB 10.48049947939059 1.0880164176818843
60502.214 lsst_hardware_r 34.28241950115982 23.020000457763672 31.489999771118164 AB 7.778155936990765 1.092680620033533
60502.2262 lsst_hardware_i 10.214301078530035 31.040000915527344 31.25 AB 7.762976630241722 1.0871628083944582
60507.2162 lsst_hardware_z 2.0802724068727403 66.93000030517578 31.700000762939453 AB 1.8887604265563258 1.0862228083329777
60509.2021 lsst_hardware_r -40.51439110150659 73.37000274658203 31.639999389648438 AB 3.471389366925615 1.0889779207671915
60509.2142 lsst_hardware_z -46.06927438336138 57.86000061035156 30.969999313354492 AB 2.74139753152081 1.0856303339135938
60512.2082 lsst_hardware_z 135.7680622842199 79.94000244140625 30.989999771118164 AB 5.906056895036782 1.0854061924228342
60512.2203 lsst_hardware_r -76.34142969044757 125.79000091552734 31.639999389648438 AB 5.455471030534117 1.0862603475601806
60515.2119 lsst_hardware_i -55.456262123966134 59.790000915527344 31.309999465942383 AB 5.88077727905667 1.086216712053319
60515.2229 lsst_hardware_z 73.29399109834917 57.040000915527344 30.969999313354492 AB 5.9423049486492 1.090031174658204
60517.1877 lsst_hardware_z -99.60997252335002 46.290000915527344 30.950000762939453 AB 3.4958121188321503 1.0864994930325254
60517.1992 lsst_hardware_r -6.22408877474476 42.279998779296875 31.600000381469727 AB 3.3011711778555664 1.0853165516233787
60518.1901 lsst_hardware_u -1.705194971920537 3.799999952316284 28.639999389648438 AB 3.4792695109355254 1.0855755104323013
60518.202 lsst_hardware_g 10.804471797452768 24.739999771118164 31.59000015258789 AB 3.454941555376375 1.0858904836175092
60526.1878 lsst_hardware_g 17.140471611141972 13.890000343322754 31.399999618530273 AB 1.7352164828533776 1.0879100205974466
60530.0471 lsst_hardware_i -23.832655851956314 32.54999923706055 31.219999313354492 AB 4.976125717627649 1.2643131190245986
60530.055 lsst_hardware_z 77.08332097527477 44.130001068115234 30.93000030517578 AB 4.709579014295593 1.2382766908752654
60532.1332 lsst_hardware_i -3.823097001776305 30.8799991607666 31.25 AB 8.97073040397377 1.0920382734913696
60532.1442 lsst_hardware_u 3.4120036089413004 2.700000047683716 28.43000030517578 AB 8.942777068408143 1.087201637396893
60534.1347 lsst_hardware_g 33.596966950293584 23.690000534057617 31.59000015258789 AB 3.676311733951623 1.0886324352832761
60534.1458 lsst_hardware_r -37.509055905083734 28.950000762939453 31.549999237060547 AB 3.659212735117993 1.0856587257433594
60536.1364 lsst_hardware_i -39.922055519369415 43.70000076293945 31.299999237060547 AB 3.6045784356646133 1.0863708365475024
60536.148 lsst_hardware_r 40.96124076509123 46.380001068115234 31.6200008392334 AB 3.6714816493366724 1.0853541199724108
60538.1331 lsst_hardware_z 33.37338999719889 87.30999755859375 31.729999542236328 AB 4.56345871960703 1.0859344934418254
60540.1274 lsst_hardware_r 41.2163707356107 107.6500015258789 31.649999618530273 AB 1.9897833920067642 1.0859781099777672
60540.1384 lsst_hardware_i 138.1920109128024 84.30000305175781 31.329999923706055 AB 2.0240870550452583 1.0854468722589736
60542.1308 lsst_hardware_z -74.77490428420765 71.6500015258789 30.989999771118164 AB 1.9450767668770776 1.085321361597923
60542.1412 lsst_hardware_r -74.13270853069841 106.87000274658203 31.649999618530273 AB 1.9143525866893538 1.086979797495611
60544.1359 lsst_hardware_z 69.67704307526928 74.20999908447266 31.719999313354492 AB 2.3672734140375 1.0870271675066008
60545.1084 lsst_hardware_g 19.105069425474593 37.709999084472656 31.670000076293945 AB 3.037646520599545 1.0873007680000386
60545.1216 lsst_hardware_r -23.566208508314666 45.540000915527344 31.610000610351562 AB 3.110293616416178 1.0853016399242261
60547.0336 lsst_hardware_r -40.115130133525696 22.90999984741211 31.479999542236328 AB 2.5839525542351964 1.1717277198663172
60548.1111 lsst_hardware_u -1.6770508638754862 2.7699999809265137 28.510000228881836 AB 1.5284398365357743 1.0853469458801877
60548.1227 lsst_hardware_g -6.04516315382259 13.770000457763672 31.420000076293945 AB 1.5500660156708368 1.0864314110186346
60554.1099 lsst_hardware_z 9.45789541974723 41.68000030517578 30.950000762939453 AB 3.1648742270023504 1.0874299419907862
60554.1203 lsst_hardware_r 20.512220961144333 22.520000457763672 31.489999771118164 AB 3.195409555950697 1.092105456164973
60556.0576 lsst_hardware_z 75.66630700517977 41.79999923706055 30.940000534057617 AB 1.673585466106457 1.0991147982310356
60556.0705 lsst_hardware_i 37.59581090563955 30.649999618530273 31.25 AB 1.716838189553655 1.0905175881136915
60560.0575 lsst_hardware_r 11.891148201461302 22.700000762939453 31.489999771118164 AB 2.507820988931023 1.0916226011017223
60560.0695 lsst_hardware_i -34.22751341201334 30.760000228881836 31.25 AB 2.450906984092152 1.0867160733485748
60567.1001 lsst_hardware_z 185.72765061369202 86.58999633789062 31.729999542236328 AB 1.1436454994891758 1.1039049222870698
60572.0459 lsst_hardware_z 31.999912079381673 57.15999984741211 30.979999542236328 AB 6.031786459029165 1.0853416930326882
60572.0574 lsst_hardware_i -30.830616242313788 60.880001068115234 31.31999969482422 AB 6.060293777964146 1.0864960309494793
60575.0439 lsst_hardware_u 2.8588109308034753 2.6500000953674316 28.399999618530273 AB 1.461170573146586 1.0855650617732622
60575.0551 lsst_hardware_g -14.988717585413818 13.65999984741211 31.399999618530273 AB 1.4837633096887142 1.088334945981942
60579.0206 lsst_hardware_g 8.28194543442769 13.680000305175781 31.389999389648438 AB 3.3932704178420607 1.0860492629052017
60579.0321 lsst_hardware_r -48.58842322436849 22.579999923706055 31.479999542236328 AB 3.3786401126046766 1.0854778011634887
60581.0492 lsst_hardware_z -26.17012029869287 41.849998474121094 30.940000534057617 AB 3.690390662981068 1.0937191394362602
60581.0617 lsst_hardware_u -3.42224347657437 2.5899999141693115 28.34000015258789 AB 3.7242172948032928 1.1037443205147168
60583.0301 lsst_hardware_r -5.3839032242402265 22.799999237060547 31.489999771118164 AB 6.6122766270376845 1.0872474585427818
60583.0414 lsst_hardware_g 0.1759785644831764 13.880000114440918 31.399999618530273 AB 6.632705697606935 1.0922828727463987
60585.0308 lsst_hardware_r 9.252859993436854 22.850000381469727 31.5 AB 2.100120230239175 1.0896036474936042
60585.0421 lsst_hardware_i -19.88661280373625 30.979999542236328 31.25 AB 3.201933494675636 1.0963648329654634
60587.0332 lsst_hardware_z 11.304309121470165 41.880001068115234 30.950000762939453 AB 3.0018544709850397 1.0939702882599778
60587.0462 lsst_hardware_i 6.4905558352762815 31.049999237060547 31.25 AB 3.1365327986335463 1.104607430404489
60589.0275 lsst_hardware_u -1.1305494284216415 2.640000104904175 28.3700008392334 AB 4.26369289640999 1.0938155198589574
60589.0391 lsst_hardware_g -3.0618186936579908 14.050000190734863 31.399999618530273 AB 4.2859997763647355 1.1030281658311922
60591.0306 lsst_hardware_r 24.550567645635386 24.760000228881836 31.510000228881836 AB 4.246542615715008 1.1002830977365785
60591.0419 lsst_hardware_i -14.220231919767308 32.029998779296875 31.25 AB 3.3573680733171245 1.1117112825553392
