data/validation/pwv_sim_epoch_fit_4/46345828.ecsv
# %ECSV 0.9
# ---
# datatype:
# - {name: time, datatype: float64}
# - {name: band, datatype: string}
# - {name: flux, datatype: float64}
# - {name: fluxerr, datatype: float64}
# - {name: zp, datatype: float64}
# - {name: zpsys, datatype: string}
# - {name: pwv, datatype: float64}
# - {name: airmass, datatype: float64}
# meta: {SNID: '46345828', alt: 1024.0, c: -0.06123257428407669, dec: -11.415158, lat: -30.244573, lon: -70.7499537, ra: 198.105469, t0: 61495.17578125,
#   x0: 2.2658672386050358e-06, x1: 0.2778266966342926, z: 0.8466907143592834}
# schema: astropy-2.0
time band flux fluxerr zp zpsys pwv airmass
61438.3717 lsst_hardware_z 29.033545285411307 44.65999984741211 30.969999313354492 AB 10.43723830895232 1.0569890433897735
61440.3705 lsst_hardware_u 3.5488508839890662 3.559999942779541 28.690000534057617 AB 8.84303407517551 1.055968722904378
61442.3655 lsst_hardware_r 13.19859561654024 24.889999389648438 31.530000686645508 AB 4.572480983255035 1.0558986202070706
61442.3841 lsst_hardware_z 11.50458861210682 57.36000061035156 30.979999542236328 AB 4.648398890115807 1.0597459282884276
61443.3613 lsst_hardware_z -83.93555179447867 42.459999084472656 30.950000762939453 AB 5.039936560496882 1.0561476446976035
61443.3803 lsst_hardware_y 136.55661691733548 54.029998779296875 30.049999237060547 AB 4.688506851178055 1.059170583296686
61447.3653 lsst_hardware_z -30.873316810505283 42.040000915527344 30.950000762939453 AB 4.677037521582823 1.0573758032177296
61447.3817 lsst_hardware_y 77.62651865391278 51.2400016784668 30.040000915527344 AB 3.974147797947258 1.068462911129832
61452.2958 lsst_hardware_g -4.900259122741844 15.529999732971191 31.459999084472656 AB 5.6334330317223404 1.0968344292938537
61452.312 lsst_hardware_r 21.73888033432432 24.56999969482422 31.520000457763672 AB 5.261882249781272 1.0726859710073264
61454.3335 lsst_hardware_i 25.355900711658986 31.809999465942383 31.260000228881836 AB 5.5350187156925275 1.055797561410115
61454.3539 lsst_hardware_z -48.52262915321248 42.25 30.950000762939453 AB 5.478058429041018 1.0612964344283666
61456.3328 lsst_hardware_r -46.95983991663832 88.54000091552734 31.649999618530273 AB 3.855169690123965 1.0556806234650993
61456.3501 lsst_hardware_z 102.03395565055014 63.900001525878906 30.989999771118164 AB 4.009640074111376 1.062437751486851
61458.3325 lsst_hardware_r -79.79804771925137 116.16011566838473 31.65999984741211 AB 11.828719851782155 1.0565130271330971
61458.3509 lsst_hardware_i 156.64060733296463 92.87049321591934 31.329999923706055 AB 9.967305225936942 1.0677062988068815
61460.3038 lsst_hardware_i -200.57202761055797 91.4801692000459 31.34000015258789 AB 10.510667321026345 1.0606479182979258
61460.3222 lsst_hardware_z -9.324310135971285 79.85750820800646 31.0 AB 10.455500520355374 1.0557023900195588
61464.3147 lsst_hardware_g -7.750063763150641 32.03457233768195 31.649999618530273 AB 5.589848535587993 1.0561830015281992
61464.3331 lsst_hardware_r -34.24697323188674 36.25367363892879 31.579999923706055 AB 5.573680731718317 1.0663759949716969
61468.3012 lsst_hardware_r 22.992210070572767 24.71099614211442 31.5 AB 7.686855251111978 1.0557779419856441
61468.319 lsst_hardware_g 11.180230486348915 16.04147741159476 31.450000762939453 AB 7.717295726330205 1.0636843287729858
61470.3052 lsst_hardware_r 69.1856691694257 25.52871857619607 31.5 AB 7.593818218107377 1.058482519860247
61470.3219 lsst_hardware_i 140.72406085463308 33.875308505081044 31.239999771118164 AB 7.698465531472561 1.0716126853386196
61472.3036 lsst_hardware_z 79.80284773640497 43.511272279920696 30.940000534057617 AB 10.378447635496707 1.0605583890484584
61472.3217 lsst_hardware_i 161.96637255555476 34.842352712247056 31.25 AB 10.297051002262576 1.0780370967296362
61474.2769 lsst_hardware_r 186.24242778768945 27.379046659186216 31.510000228881836 AB 10.014938416131555 1.0560938960383375
61474.297 lsst_hardware_u 1.3794423949817611 3.0078380373683835 28.479999542236328 AB 9.122085933222598 1.0598860495610947
61476.2787 lsst_hardware_g 103.39930163068452 17.301695172789955 31.450000762939453 AB 8.425207691820024 1.0557132655490962
61476.2965 lsst_hardware_r 206.51864148643142 28.52962422581289 31.5 AB 7.963711009500495 1.0631748227088305
61477.2749 lsst_hardware_i 346.8001617717828 37.54858714137722 31.260000228881836 AB 16.054954683604297 1.055645115741293
61477.2947 lsst_hardware_z 223.96801241185432 45.2645134096853 30.950000762939453 AB 14.761040823838599 1.063897136750052
61479.1057 lsst_hardware_r 935.1395568608634 59.074190586583676 32.560001373291016 AB 16.524787830134212 1.8490997198956594
61479.1302 lsst_hardware_g 33.16809811771157 17.71215343634155 31.299999237060547 AB 15.272225428200258 1.5462021745121626
61481.2819 lsst_hardware_r 382.65168626344314 31.752995349410334 31.510000228881836 AB 8.39352111444545 1.0624710271449938
61481.3036 lsst_hardware_i 555.2992866824038 39.901884491295135 31.25 AB 8.709375341522719 1.0875164314818904
61485.1956 lsst_hardware_z 580.9735501514098 78.98715362814492 30.989999771118164 AB 5.924230301709491 1.1177793022093379
61485.2136 lsst_hardware_i 650.1184200905413 90.98271433593536 31.329999923706055 AB 6.174623796582237 1.0836634085409311
61487.3043 lsst_hardware_z 1113.5676000384317 157.21676004155822 31.75 AB 6.920013548745181 1.121467230977269
61489.2453 lsst_hardware_y 234.7086039725271 62.21800330914449 30.059999465942383 AB 7.528609518903955 1.0559676725714155
61489.2653 lsst_hardware_r 606.0492307691005 111.72205438198294 31.65999984741211 AB 6.9043426512494985 1.0667882806282836
61492.2504 lsst_hardware_z 1241.452046984156 75.78117292825664 31.719999313354492 AB 8.10312061366345 1.0614514820098977
61494.238 lsst_hardware_g 125.68153214958919 27.65338454820059 31.6299991607666 AB 6.924054693292764 1.057753543124434
61494.2564 lsst_hardware_r 559.2292653380721 39.47438116344026 31.56999969482422 AB 7.275340946357934 1.0716366101573322
61497.217 lsst_hardware_r 533.4748349183097 33.249431071966356 31.520000457763672 AB 9.022022467511851 1.055701201440663
61497.2334 lsst_hardware_i 853.6238237500761 42.48043876505574 31.260000228881836 AB 9.050242733653482 1.059437252988415
61501.2157 lsst_hardware_u 1.1348065453428096 2.8581043329404503 28.459999084472656 AB 15.699241007352677 1.0566661361854535
61501.2354 lsst_hardware_g 37.724669183364846 17.250543633929443 31.469999313354492 AB 15.903544660549098 1.069601263992459
61503.2125 lsst_hardware_r 361.67170065983754 31.34229510385388 31.510000228881836 AB 9.833792370640722 1.057397029101153
61503.2309 lsst_hardware_i 682.1064327430148 41.32050551172325 31.25 AB 9.862894977732878 1.0706185524188094
61505.1942 lsst_hardware_z 527.1196814085283 47.61083669790081 30.950000762939453 AB 5.227237349717634 1.0557942536290919
61505.2111 lsst_hardware_u -0.15457080205517404 2.887987820198166 28.479999542236328 AB 5.27267200740866 1.0591948588606312
61511.1963 lsst_hardware_z 426.7550468478676 53.55091391790314 30.969999313354492 AB 18.063490430167185 1.0600639923807034
61511.2124 lsst_hardware_r 256.01542213443525 52.48050372131237 31.6299991607666 AB 17.559596288670807 1.0744469085181978
61513.1433 lsst_hardware_i 583.0186582928444 82.21689368713307 31.329999923706055 AB 12.5972928506247 1.075251900642277
61513.1592 lsst_hardware_z 420.10653839781827 73.10771908188276 30.989999771118164 AB 12.514074468351046 1.0605747049283332
61515.1887 lsst_hardware_i 409.61420330515693 135.42136969240386 31.34000015258789 AB 3.3768298112360355 1.0622023574623825
61515.2064 lsst_hardware_z 170.09158234466574 114.84383632797302 31.0 AB 3.354084400143995 1.0809166613419257
61518.1842 lsst_hardware_z 379.8546571428012 70.4908230182246 30.989999771118164 AB 4.36611108211263 1.0650783254462424
61518.2012 lsst_hardware_r 158.11588803103206 96.8100857369356 31.649999618530273 AB 4.42856191670855 1.0853431705028713
61520.1563 lsst_hardware_r 204.22520260946573 57.69848670732125 31.6299991607666 AB 14.885214995612563 1.0556141405299315
61520.1754 lsst_hardware_i 333.8644739098698 52.77205721827318 31.299999237060547 AB 13.474566162597885 1.062453472312053
61522.1651 lsst_hardware_z 526.7799451915608 67.82261217013962 31.709999084472656 AB 4.7726554702449215 1.0594129789666862
61524.158 lsst_hardware_g 20.1171910246444 16.2836242720709 31.469999313354492 AB 8.635678690512458 1.0585858466504192
61524.175 lsst_hardware_r 116.31814085902214 26.388985624684487 31.510000228881836 AB 10.507641920018925 1.0722083591856044
61526.1553 lsst_hardware_i 199.97396221280752 34.99362625847776 31.260000228881836 AB 9.886528955839925 1.06003759388557
61526.1728 lsst_hardware_z 323.13934801592615 44.9841000784481 30.950000762939453 AB 10.293619965611503 1.0761287588738777
61528.1487 lsst_hardware_i 156.39360162232856 34.6418539671657 31.260000228881836 AB 12.031909875877638 1.059403453818278
61528.1656 lsst_hardware_u 7.021700888402884 2.95454111787548 28.540000915527344 AB 12.213614798349411 1.0739840223657948
61530.142 lsst_hardware_g 25.42618857386009 16.004490109712812 31.469999313354492 AB 9.121301950906611 1.0587698143826594
61530.1609 lsst_hardware_r 118.67994591761824 26.1059528214033 31.510000228881836 AB 9.25629501363152 1.0749072450145474
61533.1426 lsst_hardware_u -4.263001198335836 2.929434093366029 28.540000915527344 AB 10.421827334595243 1.0645380321343454
61533.1603 lsst_hardware_g -20.924361529704665 15.813530083186391 31.459999084472656 AB 10.5704548739334 1.0854294679810443
61535.1421 lsst_hardware_r 52.31035165825281 25.59274240990551 31.520000457763672 AB 7.5199078278785745 1.0691178713884986
61535.1595 lsst_hardware_i 132.26831008421846 33.940274238342305 31.260000228881836 AB 7.633508053371851 1.093103778525802
61538.9818 lsst_hardware_i 124.72721894914747 47.1728121440492 31.239999771118164 AB 10.237271382267336 1.4145739093916452
61538.9954 lsst_hardware_z 51.846265314104194 52.304543578446285 30.940000534057617 AB 9.579797749255917 1.3240299109816527
61541.0755 lsst_hardware_z 266.1880178528188 67.55004418383275 30.989999771118164 AB 5.35173702834162 1.0660299842321836
61541.0971 lsst_hardware_r 125.86078924556391 86.40264169831818 31.649999618530273 AB 5.661616010195889 1.0556807775864048
61543.068 lsst_hardware_i 254.97712511943237 109.59848470068522 31.34000015258789 AB 8.894114150191603 1.0679344586982378
61543.0901 lsst_hardware_r -203.5939012753475 135.8785416373941 31.65999984741211 AB 9.029497113270512 1.0558345548726045
61547.0746 lsst_hardware_z 50.30474487112215 87.6118380803728 31.729999542236328 AB 5.321512485034211 1.0568167119637657
61551.04 lsst_hardware_g 7.8745480880664145 15.85677220306763 31.450000762939453 AB 6.124652386747336 1.0746889606505239
61551.0591 lsst_hardware_r 30.9609701379847 24.810960159787818 31.520000457763672 AB 5.511890680136781 1.0585878838968348
61553.0468 lsst_hardware_i 65.47443752866458 32.74568535152971 31.260000228881836 AB 7.837995135879067 1.0627189608558705
61553.0701 lsst_hardware_z 25.13260349057335 42.98657876937309 30.950000762939453 AB 7.810096220746496 1.0558940361531992
61557.0006 lsst_hardware_g 32.38928257157116 16.085273550748834 31.450000762939453 AB 7.576295550324842 1.1141611103418885
61557.0105 lsst_hardware_r 17.07529715754 24.904821929836572 31.510000228881836 AB 7.441345101233412 1.0943154560637371
61560.0317 lsst_hardware_i 53.75427061311326 32.3083679081383 31.25 AB 12.008036374817928 1.0600782498184003
61560.0521 lsst_hardware_r -29.39796239235543 24.753937301402743 31.510000228881836 AB 12.1319750511454 1.0560793063171987
61562.0265 lsst_hardware_u -2.0018486940173688 2.9124731455793693 28.510000228881836 AB 4.681612667257352 1.0599277778066942
61562.0472 lsst_hardware_g 29.13479340799171 16.008360710788086 31.459999084472656 AB 4.362768373214128 1.0561898902230227
61573.0017 lsst_hardware_i 90.2444139184212 77.86397003025094 31.34000015258789 AB 6.3979811475944395 1.057459282837492
61573.0221 lsst_hardware_z 48.379661033263346 69.13497732026218 30.989999771118164 AB 6.374779103372401 1.05767426984029
61574.9932 lsst_hardware_i 143.0361730348637 69.89526847795045 31.329999923706055 AB 6.6215206166023375 1.0587656886158177
61575.0119 lsst_hardware_z 23.06265596246952 62.965858785500416 30.989999771118164 AB 4.1390225337182684 1.056232358043166
61576.992 lsst_hardware_g 1.7383341232024248 45.885214540449034 31.700000762939453 AB 5.473313654771359 1.0570323782873938
61577.01 lsst_hardware_r 93.86785030403323 57.235343482876715 31.6299991607666 AB 4.124633806080168 1.0572369632809728
61578.9646 lsst_hardware_y 64.90932791951582 49.13647211422721 30.040000915527344 AB 9.52476263667513 1.0734243525965703
61578.9838 lsst_hardware_i 47.68006099024521 32.67545946163322 31.260000228881836 AB 9.490867280373406 1.0580677012679383
61580.9644 lsst_hardware_z 14.211970825657897 43.876108047468975 30.950000762939453 AB 5.351004426768018 1.0677805826994848
61580.983 lsst_hardware_u -2.40252755248216 2.851943155792014 28.459999084472656 AB 5.295932960484261 1.056474972999487
61587.9599 lsst_hardware_y -84.10863553688 76.36000061035156 30.799999237060547 AB 9.837421803310113 1.0577872906785066
61587.9931 lsst_hardware_r -35.567683165992015 36.15999984741211 32.279998779296875 AB 9.90552390281827 1.0651100970772334
61589.957 lsst_hardware_y 11.34422990253624 62.709999084472656 30.059999465942383 AB 9.253300758803361 1.056875895698244
61589.9771 lsst_hardware_r 22.69100024037207 25.59000015258789 31.520000457763672 AB 8.690797710157693 1.058272423532849
61803.2763 lsst_hardware_r 30.739263900044502 25.479999542236328 31.469999313354492 AB 11.866579813936353 1.2985970468304284
61803.2908 lsst_hardware_y -64.57688346228477 49.369998931884766 29.989999771118164 AB 11.260740285883468 1.2276631546343384
61805.3712 lsst_hardware_g -33.60099714265834 17.65999984741211 31.520000457763672 AB 8.78643210795725 1.0559346362164703
61807.3606 lsst_hardware_i 23.939525687511352 31.84000015258789 31.25 AB 4.671716700529183 1.0572484753672833
61807.3792 lsst_hardware_y 48.466312001242244 53.970001220703125 30.049999237060547 AB 4.599809572200558 1.0571844569525528
61808.3663 lsst_hardware_r -6.161936279102399 24.639999389648438 31.510000228881836 AB 5.036326328650098 1.055612309505374
61808.385 lsst_hardware_y -111.84346170261077 64.75 30.049999237060547 AB 4.671357257563625 1.0615112689509827
61810.3176 lsst_hardware_g -157.94544662252486 71.80999755859375 31.700000762939453 AB 5.963530197051916 1.0932227675622286
61810.3356 lsst_hardware_y 79.78302924951065 50.720001220703125 30.040000915527344 AB 7.0779557391973125 1.0685722950288452
61812.3673 lsst_hardware_r -62.15938515480818 97.29000091552734 31.65999984741211 AB 4.692072556896411 1.0578452388448678
61812.3842 lsst_hardware_y -29.368912233504396 64.51000213623047 30.049999237060547 AB 3.988772461506246 1.0702846370483197
61814.3544 lsst_hardware_y -154.2646152863831 84.08999633789062 30.809999465942383 AB 5.902060594806636 1.0558247933464464
61818.2841 lsst_hardware_z 9.048901007895342 47.2400016784668 30.950000762939453 AB 4.98719810674409 1.116745237561655
61818.3006 lsst_hardware_r -19.895554403806106 40.40999984741211 31.600000381469727 AB 5.371453370484641 1.085251716432906
61820.3301 lsst_hardware_z 24.019285111706797 42.5 30.959999084472656 AB 2.7366800898127703 1.055953732403694
61820.3506 lsst_hardware_r 10.731093654861027 26.90999984741211 31.549999237060547 AB 3.2622431919670274 1.0604610132359291
61822.3329 lsst_hardware_i 7.839514934308624 31.899999618530273 31.260000228881836 AB 6.846081752761136 1.0558694834991342
61822.3504 lsst_hardware_z -43.432449220014284 42.29999923706055 30.950000762939453 AB 6.084488367288939 1.0641868591672827
61824.33 lsst_hardware_r 6.062844877409074 24.170000076293945 31.510000228881836 AB 11.723504339171653 1.056361897564575
61824.3485 lsst_hardware_u 1.5629375976639732 2.799999952316284 28.459999084472656 AB 10.486406641167667 1.0673187421035792
61826.3116 lsst_hardware_u -4.333483421379331 2.799999952316284 28.459999084472656 AB 9.507468172257859 1.0563853524730955
61826.3294 lsst_hardware_g 7.081211223335726 15.210000038146973 31.440000534057617 AB 9.52178024184175 1.057975582426861
61828.3109 lsst_hardware_r -8.728837214052602 24.040000915527344 31.510000228881836 AB 6.404081726576471 1.0556468683056903
61828.3277 lsst_hardware_i -2.4326114549948787 31.399999618530273 31.25 AB 6.512169886965109 1.0598372344316231
61830.3079 lsst_hardware_z 24.802418670957294 41.849998474121094 30.950000762939453 AB 4.362081962468792 1.055597796838459
61830.3254 lsst_hardware_r -15.315560262227566 24.25 31.520000457763672 AB 4.388498448422839 1.061819126160861
