data/validation/pwv_sim_epoch_fit_4/46353111.ecsv
# %ECSV 0.9
# ---
# datatype:
# - {name: time, datatype: float64}
# - {name: band, datatype: string}
# - {name: flux, datatype: float64}
# - {name: fluxerr, datatype: float64}
# - {name: zp, datatype: float64}
# - {name: zpsys, datatype: string}
# - {name: pwv, datatype: float64}
# - {name: airmass, datatype: float64}
# meta: {SNID: '46353111', alt: 1024.0, c: -0.13731694221496582, dec: -18.052954, lat: -30.244573, lon: -70.7499537, ra: 183.515625, t0: 60384.29296875,
#   x0: 3.2429950389657435e-06, x1: -0.2991570234298706, z: 0.7313171625137329}
# schema: astropy-2.0
time band flux fluxerr zp zpsys pwv airmass
60331.3599 lsst_hardware_i 27.061230109738087 31.6200008392334 31.260000228881836 AB 9.139065104620277 1.0244631597892884
60335.3603 lsst_hardware_z -9.900931164922435 61.709999084472656 30.979999542236328 AB 14.288492906544887 1.0225726538436317
60337.3502 lsst_hardware_r -104.74400826371651 89.8499984741211 31.65999984741211 AB 12.077684464990915 1.0228174763399245
60337.3682 lsst_hardware_y 66.26902630214101 56.380001068115234 30.059999465942383 AB 12.120481559942245 1.0259711825238207
60339.3596 lsst_hardware_y 58.462793727696045 78.2699966430664 30.809999465942383 AB 11.647814888665891 1.0246217693361483
60341.331 lsst_hardware_r 21.83530848723122 62.72999954223633 31.649999618530273 AB 10.092948498530733 1.0250810987741958
60341.3497 lsst_hardware_i 103.84098662134721 57.130001068115234 31.329999923706055 AB 11.985480890424414 1.0232922383537266
60345.337 lsst_hardware_z -28.26283165029024 41.560001373291016 30.950000762939453 AB 7.0447011098201315 1.0229478862275214
60345.3558 lsst_hardware_r 8.480906356472493 25.440000534057617 31.530000686645508 AB 7.204438790949085 1.0320929444444555
60351.3089 lsst_hardware_i -56.30757484549122 30.627649145759705 31.260000228881836 AB 3.9584407744524004 1.023381792774664
60351.3259 lsst_hardware_z -44.95050790278745 41.109487476630775 30.950000762939453 AB 3.9224857740068173 1.0242814398764375
60355.3064 lsst_hardware_g 13.593402749726124 14.842719106838622 31.459999084472656 AB 4.126169699168914 1.0225947209836217
60355.3231 lsst_hardware_r -14.172071573560508 23.92414586941084 31.510000228881836 AB 4.1321055794429284 1.0282066760666861
60357.2528 lsst_hardware_i 27.748674094553746 31.766749969254274 31.25 AB 4.637743677690432 1.060762873006484
60357.2689 lsst_hardware_z 22.345417435529498 41.77401514690954 30.950000762939453 AB 4.533812422462207 1.0386740944930752
60360.2968 lsst_hardware_r 97.05076301130318 25.226181515615195 31.520000457763672 AB 3.7139368931152466 1.0230761378583075
60360.3164 lsst_hardware_g 34.94773056306558 16.65270965124698 31.459999084472656 AB 3.7774114276096977 1.0333972535864575
60361.3007 lsst_hardware_r 135.8218471213087 42.492444016496535 31.6200008392334 AB 6.649329881735542 1.0250765490856437
60361.3186 lsst_hardware_i 164.989734663426 33.53329504534865 31.260000228881836 AB 6.745313217479649 1.0381264650928652
60364.2776 lsst_hardware_i 399.7591323733815 84.44197549130806 31.34000015258789 AB 10.105151997366338 1.0226851530580243
60364.2948 lsst_hardware_z 204.76813120185633 70.93518867982772 30.989999771118164 AB 10.179950113403933 1.0261184490621351
60366.2783 lsst_hardware_r 222.87423373732068 125.24957797842193 31.670000076293945 AB 6.643204377198479 1.0227526143611745
60366.2956 lsst_hardware_z 365.384601437741 85.02736326805149 31.0 AB 6.794922429662279 1.029897806749196
60368.2757 lsst_hardware_y 113.25752433015224 59.65386030456298 30.06999969482422 AB 5.6004437472470165 1.0232235835408678
60368.2941 lsst_hardware_r 521.6518545187449 104.88907095617323 31.65999984741211 AB 5.45166022666623 1.0330005166586889
60371.2637 lsst_hardware_r 905.3919155807237 54.339745639800114 31.6200008392334 AB 6.034102617147102 1.0226570356015143
60371.2833 lsst_hardware_z 402.41573267003395 51.66885518249232 30.959999084472656 AB 6.004522080687613 1.0308929818764054
60373.2651 lsst_hardware_r 907.7475517188358 41.724144398028194 31.549999237060547 AB 10.572121868090584 1.0240335013648376
60376.1033 lsst_hardware_z 2726.4460478969936 117.28103408240582 32.63999938964844 AB 15.577263125624608 1.5116829688042965
60376.1391 lsst_hardware_i 1913.8737603308796 63.603058372328974 31.969999313354492 AB 14.473695682174286 1.260152858534488
60380.2425 lsst_hardware_r 1010.9439741658919 40.04476750759756 31.5 AB 7.571169679944193 1.0231310378302962
60380.2601 lsst_hardware_u -1.9724108790984025 3.0148431974223153 28.420000076293945 AB 8.236488178836309 1.0319689499043185
60383.1734 lsst_hardware_g 223.85364441738676 21.659687279355825 31.440000534057617 AB 10.955129210417143 1.0764067020797978
60383.1907 lsst_hardware_r 1000.7325462591372 40.05286818451343 31.510000228881836 AB 10.742192765180489 1.047337611164845
60385.2422 lsst_hardware_i 1145.7670840018852 45.71177296286072 31.25 AB 8.52862721963674 1.0288470015847346
60385.2592 lsst_hardware_z 738.6823034144462 48.552169986480074 30.940000534057617 AB 8.257399501993955 1.0452404432903741
60392.2367 lsst_hardware_z 1261.4974086054149 106.27032805504719 31.739999771118164 AB 6.19645860468147 1.041129981184229
60395.1612 lsst_hardware_r 856.3445364366429 145.26072742543332 31.65999984741211 AB 7.197887662528722 1.0431721250041626
60395.1792 lsst_hardware_i 785.4144880613995 117.04889556909379 31.350000381469727 AB 6.8843916958129645 1.027214517429568
60397.2121 lsst_hardware_z 1140.984358447943 102.9214611271912 31.739999771118164 AB 6.895996745210909 1.0307275449029476
60399.2061 lsst_hardware_z 466.89068344302336 55.880016626728754 30.969999313354492 AB 4.9281349904512926 1.0303259732288363
60399.2217 lsst_hardware_r 557.4658349354097 62.72283122328868 31.639999389648438 AB 4.052700617569785 1.046173200766627
60401.1792 lsst_hardware_r 469.9333181125751 41.79453210284466 31.59000015258789 AB 8.384906526284203 1.0225495763761223
60401.1976 lsst_hardware_i 691.369999698387 45.24541936622796 31.280000686645508 AB 8.431697328582723 1.028255771778381
60413.1735 lsst_hardware_z 316.14974506024015 44.921555442722486 30.959999084472656 AB 5.705541202855354 1.0350188123092738
60413.1921 lsst_hardware_u -1.0887367114448998 3.0609456856761104 28.549999237060547 AB 5.8440879035637 1.0588554429612176
60415.165 lsst_hardware_g 43.201808420526795 16.930571514448896 31.469999313354492 AB 17.240111445763077 1.032342002740304
60415.1832 lsst_hardware_r 192.21051336791197 27.013536084767335 31.520000457763672 AB 17.97044280375688 1.0534494374564374
60417.1499 lsst_hardware_i 302.8393623663078 42.274598427617455 31.290000915527344 AB 12.05123252082186 1.0260151988666906
60417.168 lsst_hardware_z 267.7764999942288 47.43803428295726 30.959999084472656 AB 13.424048019969796 1.0406238775170384
60420.0802 lsst_hardware_i 500.2034428145851 103.83956259256223 32.08000183105469 AB 7.468726049807175 1.0617532175245947
60420.0933 lsst_hardware_z 378.5629149582221 94.53899823144651 31.739999771118164 AB 7.2991402702579276 1.042734324322561
60423.1351 lsst_hardware_z 400.2247174667021 134.3769617580711 31.75 AB 9.852098856549816 1.026830759090161
60426.1237 lsst_hardware_r 126.43506717590776 85.22311964287711 31.65999984741211 AB 4.569870849209206 1.0252668908428304
60426.1406 lsst_hardware_i 12.012064772877215 69.24057176540107 31.329999923706055 AB 4.647870667851674 1.0375676311825892
60432.1069 lsst_hardware_g 43.5427762282683 16.984461019137516 31.469999313354492 AB 13.596782436364565 1.02508914628804
60432.1251 lsst_hardware_r 30.6443271873045 24.92161234662268 31.520000457763672 AB 11.791017434448504 1.0384901738989345
60436.1072 lsst_hardware_i 87.86374290925923 32.41089588237043 31.25 AB 6.905388003938914 1.0319641341909758
60436.124 lsst_hardware_z 161.30316242467163 42.70363620822575 30.940000534057617 AB 6.984384904948056 1.0507179517767582
60443.0445 lsst_hardware_z 83.7426509263664 42.29063131519407 30.950000762939453 AB 6.5428401897782855 1.0295038586664669
60443.0625 lsst_hardware_i 64.49551095145031 32.32103959686358 31.25 AB 6.544799851201353 1.0226249767502114
60445.0451 lsst_hardware_z 121.00850884612107 43.83894478788045 30.959999084472656 AB 5.1891993624766615 1.0259389803235788
60445.0647 lsst_hardware_g 83.49487927259162 27.570192115351205 31.6299991607666 AB 5.122981466040346 1.0230617006571152
60447.044 lsst_hardware_r 7.814592681194764 53.64484600945985 31.6299991607666 AB 8.571210747514751 1.024161876868772
60447.0649 lsst_hardware_i 169.77755615472253 48.272152754256126 31.309999465942383 AB 8.54883981148433 1.0246721576752162
60454.0591 lsst_hardware_i 191.62300094472803 73.02069721332468 31.34000015258789 AB 5.0467676421006304 1.0328332714579147
60454.0803 lsst_hardware_z 63.872132655753724 65.4138154176081 30.989999771118164 AB 5.133280446629485 1.0590998480030345
60458.0055 lsst_hardware_z 3.7043027927876824 41.934265589064125 30.959999084472656 AB 9.679756780591449 1.02821174973089
60458.0269 lsst_hardware_i 51.890273452469664 31.85804791227412 31.260000228881836 AB 9.625158770041567 1.0227199939833187
60460.0046 lsst_hardware_u 4.124385531991547 2.806810490843291 28.469999313354492 AB 9.088147058811412 1.0257212898971892
60460.024 lsst_hardware_g 43.51272167780807 15.574268820901327 31.459999084472656 AB 9.051720188896827 1.0231111575796983
60462.0076 lsst_hardware_r -5.511625636346967 24.443549825591415 31.510000228881836 AB 10.982269834130413 1.0230022201574627
60462.0276 lsst_hardware_i 28.623904464159015 31.982861614191165 31.25 AB 11.015264896145194 1.0262987884231056
60463.989 lsst_hardware_z 70.88821345804253 41.79448085704795 30.950000762939453 AB 11.10547900787005 1.0282850933213008
60464.0096 lsst_hardware_u 1.6865778084728413 2.752118574909381 28.440000534057617 AB 11.522960850762344 1.0226345465306965
60467.9907 lsst_hardware_i 53.074694904101904 31.961947738378 31.25 AB 2.4994285912205694 1.0230980725421248
60468.0101 lsst_hardware_z 121.88753511443021 42.02869310488203 30.950000762939453 AB 2.4426607068799595 1.0257533763493893
60701.3125 lsst_hardware_r -12.062904880958031 23.959999084472656 31.520000457763672 AB 12.801587359247666 1.0579824263841047
60701.333 lsst_hardware_y 0.10101880146898237 47.04999923706055 30.049999237060547 AB 12.537170517365604 1.0328434746769044
60703.3532 lsst_hardware_g -16.857504930293377 15.260000228881836 31.479999542236328 AB 12.080881240299888 1.022561400584027
60703.3723 lsst_hardware_y -78.03684186820057 55.119998931884766 30.059999465942383 AB 12.169675568488 1.0295688641012957
60707.3354 lsst_hardware_z -9.866544115152077 41.279998779296875 30.959999084472656 AB 12.040457879625885 1.0230944779606201
60707.3534 lsst_hardware_r 17.34530083567107 23.649999618530273 31.530000686645508 AB 12.086409801904155 1.0251117979619595
60711.3349 lsst_hardware_i 68.95960565727148 31.049999237060547 31.270000457763672 AB 7.107116558001526 1.022913327688385
60711.3526 lsst_hardware_z 94.50977264132715 41.38999938964844 30.959999084472656 AB 7.120034361610767 1.0311418336872942
60713.323 lsst_hardware_r -49.22226552136718 23.56999969482422 31.520000457763672 AB 3.7342335805438496 1.0225874116639555
60713.3423 lsst_hardware_u -2.828532354680732 2.819999933242798 28.520000457763672 AB 4.867199604382681 1.0278111296341845
60714.2743 lsst_hardware_g -7.900714754670244 14.670000076293945 31.440000534057617 AB 7.965112496661977 1.0625108379459827
60714.2927 lsst_hardware_r -24.683079056895664 23.450000762939453 31.510000228881836 AB 8.488325349128543 1.0373332809493676
60720.3069 lsst_hardware_r 104.77821760233783 109.0199966430664 31.670000076293945 AB 2.605487671723076 1.0225618805820549
60720.3243 lsst_hardware_i 50.567829150755465 84.5999984741211 31.350000381469727 AB 2.7035866689543027 1.028501142133303
60722.2503 lsst_hardware_z -69.4430185178698 75.51000213623047 30.989999771118164 AB 4.854488869517907 1.0663347324586228
60722.2679 lsst_hardware_i 75.66983603609852 83.12999725341797 31.34000015258789 AB 4.717343578226 1.0405139868155342
60724.3093 lsst_hardware_z -25.670709698801158 81.12999725341797 31.739999771118164 AB 5.074675152337187 1.026171609592483
60727.296 lsst_hardware_r -6.930969488193417 31.1200008392334 31.579999923706055 AB 6.64465861909449 1.0240669829844284
60727.3157 lsst_hardware_i 22.38802103350494 34.65999984741211 31.280000686645508 AB 6.726974830275703 1.037206377695792
60729.2794 lsst_hardware_i -14.92207782413366 31.420000076293945 31.260000228881836 AB 10.931368389044199 1.0225788951397754
60729.2968 lsst_hardware_z -8.515190201442378 41.560001373291016 30.950000762939453 AB 11.304211144505645 1.0267688037154716
60731.2811 lsst_hardware_r -39.188132956761194 23.260000228881836 31.510000228881836 AB 9.00777005881208 1.0230483324097082
60731.2995 lsst_hardware_g 20.10785293289009 14.489999771118164 31.440000534057617 AB 9.291059051276642 1.0323398945862936
60733.2751 lsst_hardware_r -18.157969390739435 23.389999389648438 31.510000228881836 AB 6.109066841648987 1.0229515809860996
60733.2921 lsst_hardware_i -47.886818778750076 30.8799991607666 31.25 AB 6.309027439163956 1.0308026205642997
60736.2629 lsst_hardware_z 18.602023189226692 41.16999816894531 30.950000762939453 AB 3.5441459414580305 1.0225464343502686
60736.282 lsst_hardware_i 14.67677062996239 30.959999084472656 31.260000228881836 AB 3.591987204448698 1.0294193363914879
60738.266 lsst_hardware_u -1.9136466921969435 2.690000057220459 28.420000076293945 AB 5.9172770165007575 1.0240751708732774
60738.2844 lsst_hardware_g -26.138718752302093 14.569999694824219 31.440000534057617 AB 5.943555851109449 1.035943966612151
60740.2642 lsst_hardware_r 18.567987090379756 23.670000076293945 31.510000228881836 AB 7.9730498762235715 1.0254946356265178
60740.2827 lsst_hardware_i 8.97602824701061 31.139999389648438 31.25 AB 8.102619009521344 1.0398527149805479
60744.244 lsst_hardware_r -3.6135790059411637 48.220001220703125 31.6299991607666 AB 10.312516750805012 1.0227881035238415
60744.2627 lsst_hardware_z 87.06797046202848 47.4900016784668 30.969999313354492 AB 9.77170198167549 1.0312869825783393
60751.2317 lsst_hardware_z 8.177796989675475 74.48999786376953 31.0 AB 8.424853168220624 1.0244850937217176
60751.2524 lsst_hardware_i 85.39217937138612 85.16999816894531 31.34000015258789 AB 8.212493241630359 1.0395561065354884
60753.2349 lsst_hardware_z 51.73654824301287 76.83000183105469 31.739999771118164 AB 6.964713190186889 1.0289511638318463
60755.2258 lsst_hardware_r -21.367964923218626 40.130001068115234 31.6200008392334 AB 5.848834299257866 1.0267567563101714
60755.2454 lsst_hardware_i -14.615004667168513 39.88999938964844 31.299999237060547 AB 5.934766243196757 1.0441485341225223
60757.2347 lsst_hardware_z -96.98547399019292 60.310001373291016 31.709999084472656 AB 6.735963162272741 1.038138731952325
60759.2062 lsst_hardware_g 6.954929813704703 15.180000305175781 31.489999771118164 AB 7.05915277747914 1.023374609842963
60759.224 lsst_hardware_r 35.008679018151284 23.899999618530273 31.520000457763672 AB 7.322769469584351 1.0331342500148588
60763.2045 lsst_hardware_i -23.1794474202187 31.469999313354492 31.270000457763672 AB 6.731307777741108 1.0270533685903431
60763.2229 lsst_hardware_u -1.4472409241330402 2.890000104904175 28.530000686645508 AB 7.0114005289758525 1.0433372975336983
60766.2015 lsst_hardware_g -6.455510010234409 15.199999809265137 31.469999313354492 AB 5.5104404118181325 1.0304222171601838
60766.2204 lsst_hardware_r 25.406728903305346 24.15999984741211 31.520000457763672 AB 4.447728685448272 1.0508928137626983
60768.1822 lsst_hardware_r -46.499188091795844 23.829999923706055 31.520000457763672 AB 6.369004888686543 1.0235169630415486
60768.2001 lsst_hardware_i 22.318771529213315 31.170000076293945 31.260000228881836 AB 6.557923265065265 1.0337205651111365
60770.1919 lsst_hardware_z -37.85335506051685 58.630001068115234 31.700000762939453 AB 7.62742946524605 1.0314306241035902
60774.1607 lsst_hardware_i 78.7864603713083 63.81999969482422 31.329999923706055 AB 7.039797795040853 1.022631870284842
60774.1803 lsst_hardware_z -43.67967473407144 59.58000183105469 30.989999771118164 AB 8.165020314374331 1.0309043672074103
60777.1628 lsst_hardware_i 238.39402220861498 119.51000213623047 31.350000381469727 AB 6.459523386691377 1.0253211724906948
60777.1796 lsst_hardware_z -174.48028038879477 101.2699966430664 31.0 AB 6.744550897543788 1.0376232150067366
60779.1644 lsst_hardware_z 47.40890522834653 86.98999786376953 31.0 AB 5.055127926897843 1.029278117326831
60779.1807 lsst_hardware_r -4.3493754731215715 130.97999572753906 31.65999984741211 AB 5.772583427919272 1.0451898294259045
