data/validation/pwv_sim_epoch_fit_4/4640424.ecsv
# %ECSV 0.9
# ---
# datatype:
# - {name: time, datatype: float64}
# - {name: band, datatype: string}
# - {name: flux, datatype: float64}
# - {name: fluxerr, datatype: float64}
# - {name: zp, datatype: float64}
# - {name: zpsys, datatype: string}
# - {name: pwv, datatype: float64}
# - {name: airmass, datatype: float64}
# meta: {SNID: '4640424', alt: 1024.0, c: 0.09923858195543289, dec: -35.685333, lat: -30.244573, lon: -70.7499537, ra: 304.628906, t0: 62283.71484375,
#   x0: 3.3856085135807987e-06, x1: 0.6217045187950134, z: 0.7196743488311768}
# schema: astropy-2.0
time band flux fluxerr zp zpsys pwv airmass
[from data line 133]
62688.1806 lsst_hardware_r -4.976453281073174 23.969999313354492 31.489999771118164 AB 5.26968912274712 1.085824881914971
62694.1547 lsst_hardware_i 23.926760665464517 59.58000183105469 31.309999465942383 AB 5.898312467191638 1.1099571823846195
62694.1739 lsst_hardware_r -77.20071396167921 70.58999633789062 31.639999389648438 AB 6.264054348649554 1.0649531364586118
62697.1745 lsst_hardware_i 174.89121138418844 123.0 31.34000015258789 AB 6.713394869353421 1.048967948336472
62697.1942 lsst_hardware_z -29.138300091099286 99.0999984741211 31.010000228881836 AB 6.544120261358287 1.0225187908372324
62699.1593 lsst_hardware_z 23.324387058415144 70.19000244140625 30.979999542236328 AB 1.7069497250010164 1.0668435781256351
62699.178 lsst_hardware_r -22.414935821098542 97.87000274658203 31.65999984741211 AB 2.2652600891922883 1.0353896956770354
62704.0577 lsst_hardware_g 52.706325749794004 14.979999542236328 31.31999969482422 AB 7.475535237663939 1.4419936160097615
62704.0772 lsst_hardware_i -2.5020709583920318 33.22999954223633 31.219999313354492 AB 6.824622439811639 1.313690556267828
62707.0825 lsst_hardware_r 8.60450222638979 24.459999084472656 31.469999313354492 AB 5.845771197990951 1.2437811059555215
62707.1024 lsst_hardware_u 1.7915009407792697 2.619999885559082 28.299999237060547 AB 6.185666563004562 1.1623915367855986
62709.0837 lsst_hardware_g 5.310848863979068 14.819999694824219 31.3799991607666 AB 3.689690822201414 1.2139137431161093
62709.1043 lsst_hardware_r -22.915206681227883 24.079999923706055 31.489999771118164 AB 3.4469039283247893 1.1377798079962995
62716.082 lsst_hardware_r 19.701518290370075 24.280000686645508 31.489999771118164 AB 1.8113327472781862 1.1481086502925328
62716.1012 lsst_hardware_g -23.250739828492705 15.0600004196167 31.43000030517578 AB 1.901393936600497 1.0929121635870078
62718.0583 lsst_hardware_z -11.222140741963774 44.20000076293945 30.93000030517578 AB 2.6784323404482215 1.2174692456582825
62718.0769 lsst_hardware_r 1.3639889674878196 26.239999771118164 31.5 AB 2.5232126546707603 1.1469148430321636
62722.0902 lsst_hardware_z 13.877080812331263 76.33000183105469 31.729999542236328 AB 4.173007456367388 1.0802504417208996
62723.0826 lsst_hardware_r -68.62597716823123 79.87999725341797 31.639999389648438 AB 3.6199329742798256 1.0916565061157495
62723.1025 lsst_hardware_i -84.71729968682958 68.63999938964844 31.329999923706055 AB 3.889582912036419 1.050670694769427
62725.0834 lsst_hardware_z 163.12480632237063 132.30999755859375 31.75 AB 2.954117333049955 1.0771621998358183
62731.0824 lsst_hardware_g 32.98391484943718 14.800000190734863 31.469999313354492 AB 3.0268901754200837 1.0477596014953618
62731.1009 lsst_hardware_r 21.514848722266773 23.510000228881836 31.530000686645508 AB 2.681896750847177 1.0230064849539036
62733.0581 lsst_hardware_r -6.188585497821919 23.59000015258789 31.489999771118164 AB 2.336492230449972 1.084974335012757
62733.0783 lsst_hardware_i -2.727687280401335 31.040000915527344 31.25 AB 2.376031982392986 1.0455586281157254
62738.0786 lsst_hardware_i -16.693558147881895 30.959999084472656 31.260000228881836 AB 4.309830614930945 1.0264963852722413
62738.099 lsst_hardware_r -30.09843747840009 23.450000762939453 31.520000457763672 AB 3.8302689525136073 1.0094265258964907
62739.9866 lsst_hardware_z -83.96867789913584 44.81999969482422 30.93000030517578 AB 2.739011401606733 1.272183651466202
62740.0056 lsst_hardware_r -28.141861585925934 23.950000762939453 31.489999771118164 AB 1.8086329302957393 1.1872214410343456
62741.9862 lsst_hardware_y 21.42140777924011 50.97999954223633 29.969999313354492 AB 6.616186582969261 1.247258487088699
62742.0035 lsst_hardware_z 75.80324541566407 43.599998474121094 30.93000030517578 AB 5.87287664991608 1.1744578841947964
62743.9849 lsst_hardware_y -2.9941575032862224 50.099998474121094 29.989999771118164 AB 3.446267044285942 1.2280684344894226
62744.002 lsst_hardware_u -3.72323055227968 2.630000114440918 28.31999969482422 AB 3.2910902685676087 1.1601963343951616
62746.9884 lsst_hardware_y -22.076642813378957 49.7599983215332 30.0 AB 3.4929312269431487 1.1798782469628264
62747.0084 lsst_hardware_i 1.1649112729884723 32.47999954223633 31.25 AB 1.8874490782722921 1.1143610794227554
62747.986 lsst_hardware_y 57.55026479941473 51.029998779296875 30.0 AB 1.488020884640745 1.1786304036758377
62748.0033 lsst_hardware_r -15.919378263049897 29.559999465942383 31.540000915527344 AB 2.012893867901043 1.1211290979258537
62752.9863 lsst_hardware_z -66.68190492668631 75.68000030517578 30.979999542236328 AB 3.269697972267862 1.1311224535059485
62753.0029 lsst_hardware_i 22.031178550276806 83.75 31.329999923706055 AB 2.8417243905221037 1.0863552942422825
62754.9875 lsst_hardware_y 6.8010726610862715 61.5099983215332 30.040000915527344 AB 2.8905068766499773 1.111733414096145
62755.0047 lsst_hardware_r -45.181470325852224 102.80999755859375 31.649999618530273 AB 2.0523163708410084 1.0703084072182574
62756.9882 lsst_hardware_y -50.46292052477407 52.7599983215332 30.049999237060547 AB 2.914086369405589 1.0955211915058605
62757.0063 lsst_hardware_r 10.686515840152596 57.959999084472656 31.639999389648438 AB 2.26637687901465 1.0565859575825876
62759.987 lsst_hardware_y -19.78364213851079 50.84000015258789 30.049999237060547 AB 2.8154786376661503 1.07900305480273
62760.0038 lsst_hardware_u -3.21862206626517 2.869999885559082 28.530000686645508 AB 2.6372566823729024 1.046807362677786
62761.9884 lsst_hardware_y -39.669329349240726 51.22999954223633 30.049999237060547 AB 1.588506784153783 1.064623368323864
62762.0076 lsst_hardware_r 22.823671490685474 23.59000015258789 31.520000457763672 AB 0.8865039891332713 1.0332214325558864
62763.9944 lsst_hardware_z -18.171870083452884 62.099998474121094 31.709999084472656 AB 6.462620934770662 1.0443795951471657
62764.9888 lsst_hardware_y -26.452024447232215 51.45000076293945 30.049999237060547 AB 3.5883523824914385 1.04902135524014
62765.007 lsst_hardware_g -4.386508467983165 14.819999694824219 31.459999084472656 AB 3.9941324759066004 1.0241365322837437
62766.9903 lsst_hardware_y 25.09549582742894 50.04999923706055 30.049999237060547 AB 1.1951831464990998 1.0382364092943228
62767.0082 lsst_hardware_i -32.94572119169538 30.75 31.25 AB 1.526439915822762 1.017626610548508
