data/validation/pwv_sim_epoch_fit_4/46460906.ecsv
# %ECSV 0.9
# ---
# datatype:
# - {name: time, datatype: float64}
# - {name: band, datatype: string}
# - {name: flux, datatype: float64}
# - {name: fluxerr, datatype: float64}
# - {name: zp, datatype: float64}
# - {name: zpsys, datatype: string}
# - {name: pwv, datatype: float64}
# - {name: airmass, datatype: float64}
# meta: {SNID: '46460906', alt: 1024.0, c: 0.0010286312317475677, dec: -46.37508, lat: -30.244573, lon: -70.7499537, ra: 332.381989, t0: 61590.12109375,
#   x0: 4.744802320125141e-06, x1: 0.18120190501213074, z: 0.6268007755279541}
# schema: astropy-2.0
time band flux fluxerr zp zpsys pwv airmass
61552.4184 lsst_hardware_i -40.38441332854953 46.880001068115234 31.309999465942383 AB 4.432850881713123 1.0469034378492348
61552.4306 lsst_hardware_z 2.6789819676112563 55.2400016784668 30.979999542236328 AB 4.406018554935765 1.0416735161500335
61558.4027 lsst_hardware_r 1.0788611177925884 22.486652026521543 31.489999771118164 AB 8.000034558971642 1.0465085432627335
61559.412 lsst_hardware_z 102.2033197496087 41.10889345857931 30.950000762939453 AB 11.201392165486237 1.041537828429789
61559.426 lsst_hardware_y -22.473446011397908 47.739700644081374 30.049999237060547 AB 11.182166757269936 1.0404596573354772
61561.4156 lsst_hardware_u 2.2730920882025045 2.8316122150533753 28.520000457763672 AB 4.785217837755686 1.0402647473381927
61561.4277 lsst_hardware_y 96.48691145839548 48.60728110080519 30.049999237060547 AB 4.584159494230735 1.0418544305069852
61572.3871 lsst_hardware_i 502.8890451876699 48.14031273565795 31.299999237060547 AB 7.281795328042624 1.0402564754346606
61572.3998 lsst_hardware_z 304.34694457563455 45.517507456611334 30.950000762939453 AB 7.2976623358520945 1.0425231908360135
61578.3997 lsst_hardware_z 747.3911344946696 70.76844912892416 30.979999542236328 AB 2.208284298344228 1.0515639515924895
61578.4117 lsst_hardware_i 1107.2005053350179 79.09942048411574 31.329999923706055 AB 2.231843242655039 1.0627824965023995
61580.3966 lsst_hardware_z 1700.897638834846 87.38291411231874 31.719999313354492 AB 4.101291261743782 1.053458948176835
61582.3333 lsst_hardware_y 335.35325678017097 51.6492449190067 30.049999237060547 AB 5.7793616136685895 1.0489176829913651
61582.3461 lsst_hardware_g 510.9102174279327 44.42305574917582 31.690000534057617 AB 5.6329299965413195 1.0424595163396337
61587.4005 lsst_hardware_r 1510.705375203572 45.69252530016867 31.479999542236328 AB 10.476729923104518 1.0800752498045896
61587.4126 lsst_hardware_g 344.0115698791317 23.08297405953677 31.399999618530273 AB 10.673558086012685 1.1003668129909985
61589.4014 lsst_hardware_r 1588.6144760299132 45.571867596687035 31.479999542236328 AB 7.027959476063574 1.0901695154183415
61589.4135 lsst_hardware_i 1413.4382459563353 48.35414100874123 31.239999771118164 AB 7.20764013806486 1.1129198833802345
61591.3977 lsst_hardware_z 1010.8056980100826 52.71582830442367 30.940000534057617 AB 4.390138030147016 1.0931845440386003
61591.4095 lsst_hardware_i 1295.3377528404212 48.08762627617015 31.229999542236328 AB 4.690893336143772 1.115993656497329
61593.3923 lsst_hardware_u 3.382942633590238 2.846520332832207 28.469999313354492 AB 1.6951448288066844 1.0932891511168554
61593.4044 lsst_hardware_g 237.2747670314826 20.932811605545197 31.399999618530273 AB 1.602554842295975 1.1167629563038155
61596.1449 lsst_hardware_r 1190.7214874533556 45.44682786232003 31.43000030517578 AB 14.32595807148843 1.5878622730853929
61596.1528 lsst_hardware_u -1.3038854422748398 3.107093884755042 28.229999542236328 AB 13.796057829200569 1.5242297857588047
61598.2943 lsst_hardware_r 1241.563442010954 41.639463942390215 31.5 AB 8.03241100609546 1.0460571064425148
61598.3063 lsst_hardware_i 1212.466307044854 46.02901497234764 31.25 AB 7.961077382727227 1.041344327367887
61600.3043 lsst_hardware_z 934.2635346967609 56.868470361747455 30.969999313354492 AB 6.3020845279031334 1.0406777901834015
61600.3164 lsst_hardware_r 1224.5321892485413 54.93215923669933 31.6200008392334 AB 6.262288256398726 1.0407658727603002
61607.0897 lsst_hardware_z 1722.8373189672643 127.8056214099358 31.6299991607666 AB 10.508403124986938 1.8451980904279082
61608.342 lsst_hardware_r 941.0168777468299 84.13231263737966 31.639999389648438 AB 4.736134859440872 1.0783549315665815
61608.3538 lsst_hardware_z 840.4712545984709 67.3293468051427 30.969999313354492 AB 4.762371592853608 1.0976578655930747
61611.2358 lsst_hardware_r 607.3160775654977 47.36778706861894 31.610000610351562 AB 5.768993639488255 1.0658156462958615
61611.2483 lsst_hardware_y 291.104837492475 50.54439003515003 30.040000915527344 AB 5.701226682318996 1.05329577060065
61612.2383 lsst_hardware_g 105.02667116109824 27.086649585759268 31.6200008392334 AB 10.627080099021448 1.0600490535262166
61612.2499 lsst_hardware_r 504.9301027505377 40.01517161623688 31.579999923706055 AB 10.58347445810303 1.0499565431033355
61617.2427 lsst_hardware_i 578.7543236010135 38.23564075209819 31.25 AB 3.346911585656111 1.0459098705175347
61617.2542 lsst_hardware_z 508.3984025033099 47.5431134658875 30.950000762939453 AB 3.7235270614859535 1.0414003807819756
61619.239 lsst_hardware_r 339.0484641839213 28.772113251051874 31.5 AB 1.8633157806421277 1.0449964652851116
61619.2504 lsst_hardware_u 3.5786922513743913 2.8580632218308843 28.43000030517578 AB 1.6130799884908316 1.0410325837307721
61624.2351 lsst_hardware_z 444.71830400599873 46.5292357383075 30.950000762939453 AB 3.2935976317448112 1.0413989139159394
61624.2468 lsst_hardware_r 241.32625645859963 27.286551356280064 31.5 AB 3.297637529861145 1.040318901055096
61626.2206 lsst_hardware_r 200.79657990379988 28.080029751353898 31.520000457763672 AB 3.475294603349924 1.0446515678514838
61626.2322 lsst_hardware_y 233.4891213149033 48.93440765144969 30.049999237060547 AB 3.5300837272351595 1.040862074962453
61627.2124 lsst_hardware_z 352.101203341107 48.403906313541945 30.959999084472656 AB 4.816333304297039 1.0476552948604143
61627.224 lsst_hardware_r 200.78317827038776 34.937963680902435 31.579999923706055 AB 4.733479558705467 1.0422149080654897
61629.2262 lsst_hardware_i 276.71832432768497 51.0423217160927 31.31999969482422 AB 2.830346896061383 1.0405368325950979
61629.2375 lsst_hardware_z 352.59225184661403 53.780043265478085 30.979999542236328 AB 2.8102000730374304 1.0408148418657148
61649.234 lsst_hardware_u 6.230243110506589 2.942990821067918 28.329999923706055 AB 1.7444127322833198 1.084328038715699
61649.2452 lsst_hardware_g -16.685149500690784 14.159680189387977 31.3799991607666 AB 1.8329796012362924 1.1039274888248687
61651.144 lsst_hardware_u 5.3241947319617395 3.017472602584494 28.440000534057617 AB 1.4693767522244379 1.0495548230174556
61651.156 lsst_hardware_g 31.47379955944662 14.242915501702823 31.43000030517578 AB 1.4603199779078833 1.043085698505631
61653.1392 lsst_hardware_r 34.58289092607051 24.168406509703935 31.489999771118164 AB 1.627154341343914 1.0491001556053605
61653.1507 lsst_hardware_i 65.26520152593118 32.34846763242161 31.25 AB 1.543677120768606 1.0430250816004094
61655.2208 lsst_hardware_z 150.85266735416602 43.83812820833961 30.940000534057617 AB 2.0593285246010087 1.0894957364964335
61655.2329 lsst_hardware_g -14.319902706263626 14.319691172298715 31.399999618530273 AB 2.0770047966472975 1.1120853810354976
61672.1976 lsst_hardware_i -49.068507474783054 30.940000534057617 31.229999542236328 AB 4.335103102515128 1.137225367920887
61672.2088 lsst_hardware_z 33.71414551419113 42.66999816894531 30.93000030517578 AB 4.505374606566166 1.1671954939289335
61684.0711 lsst_hardware_z -30.167124735672395 41.91999816894531 30.950000762939453 AB 3.955711622432162 1.0414563608062033
61684.0843 lsst_hardware_r 24.78890634543627 27.190000534057617 31.549999237060547 AB 3.5688564564326946 1.0404323763955186
61686.1581 lsst_hardware_r 42.66767326797815 43.54999923706055 31.59000015258789 AB 5.615251463963749 1.1341269325001682
61686.1698 lsst_hardware_i 21.970345157386777 43.130001068115234 31.270000457763672 AB 4.650180481671891 1.1649721457215592
61688.0545 lsst_hardware_z -25.717347856299465 55.04999923706055 30.979999542236328 AB 2.5518586104146905 1.0432782544622612
61688.0664 lsst_hardware_i -129.40601640233785 56.11000061035156 31.31999969482422 AB 2.5545703779991946 1.0404169337492448
61689.1384 lsst_hardware_r 144.62787233894338 74.22000122070312 31.6299991607666 AB 4.893447259921292 1.1087034045588606
61689.1495 lsst_hardware_z -119.16099781739887 60.06999969482422 30.969999313354492 AB 4.9964139809292005 1.1331449911389624
61692.1404 lsst_hardware_y -38.78646876764781 55.25 30.020000457763672 AB 9.45877937368422 1.130981989679261
61692.1519 lsst_hardware_r -23.455505239224472 91.62999725341797 31.6299991607666 AB 9.65989634976639 1.1606732236983006
61694.1415 lsst_hardware_i -36.996885881108646 64.83999633789062 31.309999465942383 AB 8.96091356503137 1.1473028837596846
61694.1521 lsst_hardware_z 55.98682252180428 60.40999984741211 30.969999313354492 AB 9.22785040874846 1.177209428639496
61696.1396 lsst_hardware_r 127.11261251038958 59.349998474121094 31.610000610351562 AB 7.08511696770743 1.1568482272361287
61696.1502 lsst_hardware_g 9.956753847014012 65.6500015258789 31.670000076293945 AB 7.268259353984333 1.1883036628765362
61698.1353 lsst_hardware_r 15.076640781671642 22.850000381469727 31.469999313354492 AB 3.819333535153722 1.1600689081160886
61698.1468 lsst_hardware_i -48.95410677520051 38.29999923706055 31.260000228881836 AB 3.9908293256173217 1.194978338841398
61700.1392 lsst_hardware_z -5.110567218322901 43.29999923706055 30.93000030517578 AB 4.424917583655915 1.1880568086067702
61700.1503 lsst_hardware_i -11.702112951614996 32.13999938964844 31.229999542236328 AB 4.563240919282142 1.226265614855799
61705.0843 lsst_hardware_u 1.8609001604952125 2.7100000381469727 28.440000534057617 AB 4.6089892608535665 1.0895526403656828
61705.0951 lsst_hardware_g 3.9102641524193853 13.880000114440918 31.40999984741211 AB 4.702772746313813 1.1094934129397167
61707.0817 lsst_hardware_r 7.202619566783368 23.010000228881836 31.5 AB 2.6568269952645895 1.0944704408914618
61707.0934 lsst_hardware_i 33.395139563365944 31.270000457763672 31.25 AB 3.2540817954460195 1.1173452427993658
61709.0822 lsst_hardware_z 13.061880096159076 42.150001525878906 30.940000534057617 AB 4.444161599843049 1.1055586715476717
61709.0929 lsst_hardware_r 3.7885581731684925 23.09000015258789 31.479999542236328 AB 5.641137987285614 1.1284532881148859
61711.0838 lsst_hardware_u 3.6506857154990398 2.5799999237060547 28.299999237060547 AB 6.273245961491958 1.1202224931233569
61711.0966 lsst_hardware_r 12.529499417426832 23.350000381469727 31.469999313354492 AB 6.483861174945714 1.1513219014402822
61918.3762 lsst_hardware_i -2.6572680247112035 53.279998779296875 32.439998626708984 AB 10.184943589004376 1.0928441921031915
61918.3923 lsst_hardware_y -36.04259125517144 81.98999786376953 31.229999542236328 AB 9.955521147428335 1.0688770826098706
61926.4296 lsst_hardware_r -24.922013219278814 23.600000381469727 31.510000228881836 AB 4.585626942608144 1.042187941501851
61928.4251 lsst_hardware_y 8.249910473791735 73.02999877929688 30.799999237060547 AB 0.9570194444659178 1.0425048414662001
61947.318 lsst_hardware_r -4.121254934499241 22.290000915527344 31.479999542236328 AB 5.862263805624254 1.0631277870257272
61947.3305 lsst_hardware_i 18.656424707102456 30.15999984741211 31.239999771118164 AB 5.797652077989193 1.0514103813793505
61954.3541 lsst_hardware_g 5.277000631501531 13.479999542236328 31.389999389648438 AB 6.801762998962236 1.042495670007215
61954.3666 lsst_hardware_i 25.965328383580086 30.229999542236328 31.239999771118164 AB 6.843003093722231 1.0488164753961329
61958.3757 lsst_hardware_r 42.15543428853584 103.51000213623047 31.649999618530273 AB 1.594412686008391 1.0676870665234761
61958.387 lsst_hardware_y -10.100071569498782 57.7400016784668 30.040000915527344 AB 1.6886041533226994 1.0833645123969415
61960.3101 lsst_hardware_z -35.51508220734664 76.55999755859375 31.0 AB 1.8117921871839682 1.0428581276960676
61960.322 lsst_hardware_r 50.356613676285214 113.2699966430664 31.670000076293945 AB 1.8170515013945292 1.040296661103738
61962.307 lsst_hardware_r -31.472399253749973 80.5199966430664 31.649999618530273 AB 8.927325802886653 1.0420597412030643
61962.3191 lsst_hardware_i 41.30938598614962 66.08999633789062 31.329999923706055 AB 8.865291070628242 1.040221891537507
61964.2953 lsst_hardware_z 19.48089264118532 49.83000183105469 30.969999313354492 AB 6.3713620089374166 1.0444855752356421
61964.3079 lsst_hardware_r -56.9771837469567 53.86000061035156 31.639999389648438 AB 6.347808521761176 1.040624347829701
61965.312 lsst_hardware_z 20.51704325354329 65.04000091552734 31.709999084472656 AB 6.274735851657786 1.0402413547178027
61974.3246 lsst_hardware_g 6.402924405858262 13.890000343322754 31.399999618530273 AB 5.0952918126534925 1.0594039981259968
61974.3361 lsst_hardware_r -3.722501599293023 22.799999237060547 31.479999542236328 AB 4.7355819640933925 1.0729157664329407
61976.2438 lsst_hardware_r 4.853580366792788 22.690000534057617 31.489999771118164 AB 5.7415073640741 1.0579523427444444
61976.2563 lsst_hardware_i 25.74479059298341 30.420000076293945 31.239999771118164 AB 6.249849086373538 1.0479290889291646
61978.2412 lsst_hardware_z -54.509040325730446 41.150001525878906 30.940000534057617 AB 2.3861758887647038 1.0552852754911346
61978.2521 lsst_hardware_u 1.5104792580961237 2.5199999809265137 28.299999237060547 AB 2.066553080798942 1.0471512950590027
61979.2435 lsst_hardware_g -0.2858085159953384 13.819999694824219 31.399999618530273 AB 2.694585517500605 1.0511353686368656
61979.2547 lsst_hardware_r 41.404651322457354 22.600000381469727 31.479999542236328 AB 2.621773150703256 1.044323103247662
61981.2393 lsst_hardware_i 49.81817377481831 30.489999771118164 31.239999771118164 AB 4.725911933549119 1.0502026518998042
61981.2525 lsst_hardware_z -7.072709456235874 41.150001525878906 30.950000762939453 AB 4.590064956107522 1.0429595446733746
61992.22 lsst_hardware_i -9.525426885533076 54.68000030517578 31.31999969482422 AB 4.894122342774932 1.0439680765304888
61992.23 lsst_hardware_z -20.007857409120867 53.54999923706055 30.979999542236328 AB 4.888938717360392 1.0408641084437709
61994.2161 lsst_hardware_i -48.877677310769315 40.7400016784668 31.290000915527344 AB 2.8184243497693298 1.0433134527325771
61994.2272 lsst_hardware_z -9.296146303415435 45.83000183105469 30.959999084472656 AB 2.811879154143737 1.0404733225323726
61995.206 lsst_hardware_g 16.54940863392638 26.459999084472656 31.6299991607666 AB 3.1126328206995577 1.0469669763537026
61995.2174 lsst_hardware_r 7.47073027504293 33.619998931884766 31.579999923706055 AB 3.657206590229503 1.04191446268498
61997.2997 lsst_hardware_r -24.302697833341846 26.559999465942383 31.520000457763672 AB 5.26667659780421 1.1190615336364704
61997.3108 lsst_hardware_u 1.2632128597484606 4.059999942779541 28.690000534057617 AB 5.393460737896717 1.145473237314796
62009.0904 lsst_hardware_r -3.233449233284671 27.700000762939453 31.520000457763672 AB 1.71087610620364 1.181952404976608
62009.0951 lsst_hardware_z 19.654532264235282 44.029998779296875 30.940000534057617 AB 1.7026893710863118 1.167825357398019
62011.1529 lsst_hardware_r 16.686943823372285 39.529998779296875 31.600000381469727 AB 5.479389847464458 1.053728816820088
62011.1639 lsst_hardware_i -18.336698015404757 38.9900016784668 31.280000686645508 AB 5.439534905358541 1.0460644048766425
62013.2233 lsst_hardware_z -2.608019190890631 77.25 31.719999313354492 AB 4.393780898286402 1.065029911110348
62016.1368 lsst_hardware_r -29.61162773655845 107.16999816894531 31.649999618530273 AB 1.478230443461388 1.0558788881867058
62016.1489 lsst_hardware_z 26.67297457707902 73.83999633789062 30.989999771118164 AB 1.4655649052666853 1.0468320751904896
62020.2138 lsst_hardware_i -23.30468075812381 62.93000030517578 31.31999969482422 AB 2.0249747285177424 1.0774963081860993
62020.2256 lsst_hardware_z 29.525751747621666 58.599998474121094 30.969999313354492 AB 2.0292355863369282 1.0965877256616743
62021.0355 lsst_hardware_r 50.14373247833439 23.389999389648438 31.459999084472656 AB 3.0290496391029875 1.2621040162929116
62021.0413 lsst_hardware_z -44.745439292762 43.630001068115234 30.93000030517578 AB 2.9730352779218396 1.2387646991341
62031.2008 lsst_hardware_i 35.04282308898938 30.90999984741211 31.239999771118164 AB 1.3317302371356456 1.106471151812487
62031.2129 lsst_hardware_u -1.0560698739753087 2.559999942779541 28.299999237060547 AB 1.567317166477728 1.1328638716861061
62033.1973 lsst_hardware_g -11.0943549742439 13.630000114440918 31.3799991607666 AB 6.95169821399787 1.110406231770285
62033.2096 lsst_hardware_r -30.477693728061624 22.760000228881836 31.469999313354492 AB 6.632054597050317 1.1381268078340907
62035.1979 lsst_hardware_i 55.42340210010532 31.239999771118164 31.25 AB 2.529328561544984 1.1233970959560222
62035.2095 lsst_hardware_r 3.3643800962015944 23.010000228881836 31.479999542236328 AB 2.292361449875658 1.1519404270726559
62037.2007 lsst_hardware_u -1.6222881487922973 2.6500000953674316 28.3799991607666 AB 4.321331421102531 1.1432093706620452
62037.2129 lsst_hardware_g -4.022757759502029 13.699999809265137 31.3700008392334 AB 4.513612429208621 1.1772593712072563
62039.1524 lsst_hardware_r -36.32388137722839 30.850000381469727 31.559999465942383 AB 3.028200389111372 1.0651425920194766
62039.1636 lsst_hardware_g 8.160839313296414 25.209999084472656 31.59000015258789 AB 3.0328786137597055 1.0799567764129516
62039.2035 lsst_hardware_r 4.798650520375655 26.84000015258789 31.510000228881836 AB 3.9500582628225924 1.1656100711619315
62039.2157 lsst_hardware_i 13.276738298939065 33.45000076293945 31.229999542236328 AB 3.6806053826452922 1.2038613331809722
62041.1635 lsst_hardware_r 38.37016455544525 50.720001220703125 31.6200008392334 AB 4.692878981984128 1.0883720726645838
62041.1761 lsst_hardware_i 40.46224960899968 47.0 31.290000915527344 AB 5.102370904560704 1.1117285674939348
62043.073 lsst_hardware_i 30.340345256482323 63.099998474121094 31.31999969482422 AB 3.8842868925350746 1.048178342450237
62043.0845 lsst_hardware_z 165.3719110810321 59.02000045776367 30.979999542236328 AB 4.03452523546933 1.0425129807415126
62057.138 lsst_hardware_r -7.94530193079809 22.8799991607666 31.479999542236328 AB 9.357795819762115 1.1237895784510767
62057.1491 lsst_hardware_i -10.506797879907818 31.40999984741211 31.239999771118164 AB 9.589936191160994 1.1510685994031762
62059.1419 lsst_hardware_z 13.49920646035522 42.75 30.940000534057617 AB 9.028613566167046 1.1464906115766924
62059.1535 lsst_hardware_u 1.2572333179962534 2.690000057220459 28.389999389648438 AB 9.250759517399539 1.179317053105221
62064.1403 lsst_hardware_g 0.4487365413752076 14.039999961853027 31.399999618530273 AB 3.1906811171617186 1.1807133775114291
62064.1509 lsst_hardware_r -27.11058879088302 23.489999771118164 31.469999313354492 AB 3.2664313154091738 1.2159441551343246
62065.137 lsst_hardware_i -1.1809460422755604 31.510000228881836 31.229999542236328 AB 4.399887328269058 1.178962306610046
62065.1486 lsst_hardware_z -5.941172027035564 43.529998779296875 30.93000030517578 AB 4.61640000576812 1.2174853315139764
62067.0857 lsst_hardware_i 34.707231739979555 32.08000183105469 31.25 AB 3.3413243276698354 1.0778465573128502
62067.0974 lsst_hardware_z -49.914793825567756 42.650001525878906 30.950000762939453 AB 3.400212431922213 1.0968427199749073
62075.0804 lsst_hardware_y 92.6235699997595 52.63999938964844 30.040000915527344 AB 4.610094301460394 1.1059802402538434
62075.0915 lsst_hardware_r -78.50277537395692 76.62999725341797 31.639999389648438 AB 6.113216090107184 1.1298974675592794
