data/validation/pwv_sim_epoch_fit_4/46667657.ecsv
# %ECSV 0.9
# ---
# datatype:
# - {name: time, datatype: float64}
# - {name: band, datatype: string}
# - {name: flux, datatype: float64}
# - {name: fluxerr, datatype: float64}
# - {name: zp, datatype: float64}
# - {name: zpsys, datatype: string}
# - {name: pwv, datatype: float64}
# - {name: airmass, datatype: float64}
# meta: {SNID: '46667657', alt: 1024.0, c: 0.03937990590929985, dec: -14.78593, lat: -30.244573, lon: -70.7499537, ra: 291.269531, t0: 62342.71484375,
#   x0: 3.827877840830682e-06, x1: -0.2796778976917267, z: 0.6845964789390564}
# schema: astropy-2.0
time band flux fluxerr zp zpsys pwv airmass
62247.4011 lsst_hardware_z -2.032001751588246 42.130001068115234 30.959999084472656 AB 11.922125631390985 1.0473316806492432
62247.4189 lsst_hardware_y 76.57728775652764 54.27000045776367 30.059999465942383 AB 9.995823871774668 1.0383114024903572
62249.4035 lsst_hardware_u -0.835938119698501 2.9100000858306885 28.479999542236328 AB 5.881331819810499 1.0419272150367012
62249.4209 lsst_hardware_y 174.38439587534316 56.84000015258789 30.059999465942383 AB 6.413084450636064 1.037925866985404
62251.4061 lsst_hardware_r 11.73299809675717 25.09000015258789 31.530000686645508 AB 15.256675443235464 1.0387229032868603
62251.4229 lsst_hardware_y -14.090645897153214 60.459999084472656 30.059999465942383 AB 13.686116365814742 1.0395308275930888
62253.3964 lsst_hardware_r -2.3420316343274 55.7599983215332 31.639999389648438 AB 1.4561630761172943 1.0401164829409246
62253.4132 lsst_hardware_y -34.51768652220619 50.83000183105469 30.059999465942383 AB 1.4537242824998489 1.0383744874998921
62255.3984 lsst_hardware_z -48.63166720493826 89.52999877929688 31.739999771118164 AB 12.941431054307651 1.0380965831875548
62258.3733 lsst_hardware_r 54.00523849761742 89.80999755859375 31.65999984741211 AB 9.249877817310747 1.0455678997723843
62258.3932 lsst_hardware_i -21.82420438545972 76.41000366210938 31.34000015258789 AB 10.746560345591746 1.037847058871209
62260.3727 lsst_hardware_z -19.187680358512484 56.060001373291016 30.979999542236328 AB 8.59380594275963 1.04235782395629
62260.3917 lsst_hardware_r 88.245945966235 63.79999923706055 31.639999389648438 AB 9.240345103393013 1.0380077626817585
62262.3735 lsst_hardware_z -48.8606695246508 44.33000183105469 30.959999084472656 AB 3.1964371035236065 1.0394917409832867
62262.3913 lsst_hardware_g -25.667895125255146 28.06999969482422 31.649999618530273 AB 2.775247261754709 1.0390293005446307
62265.3508 lsst_hardware_r -22.87077040560124 24.65999984741211 31.530000686645508 AB 8.165661162224302 1.0483244423050104
62265.3693 lsst_hardware_u -2.388423979404677 3.009999990463257 28.579999923706055 AB 8.050475296982759 1.0384025406446433
62267.3614 lsst_hardware_g -1.0099237580448295 15.609999656677246 31.489999771118164 AB 7.1504060159722505 1.0390011647736488
62267.3803 lsst_hardware_r -16.80038160508398 24.5 31.530000686645508 AB 7.903481230028624 1.03993174079324
62269.3565 lsst_hardware_i -21.704708210336946 31.559999465942383 31.260000228881836 AB 6.387080697081331 1.0388453132324633
62269.3779 lsst_hardware_z -4.819539990355177 41.88999938964844 30.950000762939453 AB 6.834324207073029 1.0412886044296132
62271.3574 lsst_hardware_r -15.789757950645495 24.290000915527344 31.520000457763672 AB 7.957013419624657 1.0378600345158844
62271.3784 lsst_hardware_u 2.54442422184296 2.9100000858306885 28.549999237060547 AB 7.964908188175551 1.0449092964776374
62276.331 lsst_hardware_u 1.4134403271755338 2.8399999141693115 28.510000228881836 AB 7.40311735699717 1.0412992976998623
62276.3544 lsst_hardware_g -0.709821999476199 15.239999771118164 31.459999084472656 AB 7.988169067816617 1.0394494557991694
62278.3332 lsst_hardware_r -5.310320429449886 24.149999618530273 31.520000457763672 AB 4.407537621039289 1.0385338409611897
62278.3542 lsst_hardware_z -1.1714827647362593 41.560001373291016 30.950000762939453 AB 4.42634483404207 1.0417380169550394
62281.3084 lsst_hardware_r 9.581931282352068 57.349998474121094 31.639999389648438 AB 7.644812292252476 1.047234560582531
62281.3281 lsst_hardware_y -40.78217071223559 49.31999969482422 30.049999237060547 AB 7.577511420571442 1.0380152630919783
62284.3133 lsst_hardware_z 211.1051186068012 111.79000091552734 31.75 AB 8.127061268784946 1.0395430925269877
62284.3363 lsst_hardware_r -116.78735398202637 166.4199981689453 32.40999984741211 AB 9.417358321105308 1.0409754960690905
62286.2928 lsst_hardware_i -135.29379615360412 102.58999633789062 31.34000015258789 AB 13.335899792372789 1.048921441127301
62287.2962 lsst_hardware_z 73.36260188824627 78.72000122070312 31.0 AB 7.748242780329266 1.0440968576107352
62287.3157 lsst_hardware_r 123.86229471386112 107.80999755859375 31.65999984741211 AB 7.724378880044409 1.0378509781500012
62290.2805 lsst_hardware_z 8.59661441626168 66.25 31.709999084472656 AB 9.166504715009182 1.0502010366632881
62290.2994 lsst_hardware_g 37.86440982712919 39.47999954223633 31.690000534057617 AB 9.70434774335569 1.038786956043264
62301.2533 lsst_hardware_g -8.989858925549425 15.100000381469727 31.440000534057617 AB 13.000511381662253 1.0476538619296691
62301.272 lsst_hardware_r -3.0957560139407234 24.059999465942383 31.510000228881836 AB 12.922467214891931 1.0382271463491106
62303.2598 lsst_hardware_i -9.451325170099043 31.420000076293945 31.260000228881836 AB 6.865071115135538 1.0401622901720513
62303.2792 lsst_hardware_r -29.15632961690686 24.15999984741211 31.520000457763672 AB 6.857320854934937 1.0389880083234753
62305.2594 lsst_hardware_u -4.8254821995094614 2.819999933242798 28.489999771118164 AB 5.285563030655874 1.0385570534429933
62305.2789 lsst_hardware_g 2.212402424830316 15.369999885559082 31.479999542236328 AB 5.251230228942776 1.0409469199701553
62307.2502 lsst_hardware_r -38.91076928666214 24.1299991607666 31.510000228881836 AB 3.647368775156463 1.0396547495635742
62307.2699 lsst_hardware_i 32.3423464106973 31.420000076293945 31.25 AB 3.6497719967389886 1.0395002482820712
62313.2518 lsst_hardware_r -84.7831617528049 157.34120706173874 31.670000076293945 AB 5.97792547215676 1.0389616288779944
62313.2721 lsst_hardware_z -27.683630297410136 102.30302654454171 31.0 AB 6.059987995854852 1.0522182568658858
62318.1974 lsst_hardware_i 161.31014762983847 48.29261587651711 31.309999465942383 AB 7.90181967359089 1.0573943248742155
62318.2175 lsst_hardware_r 90.24890686901627 52.91916860629074 31.6299991607666 AB 7.911755757948062 1.0407466137789712
62324.233 lsst_hardware_r 375.54480391129255 31.003161294533307 31.520000457763672 AB 1.8799635773856964 1.0444242096587202
62324.2535 lsst_hardware_i 427.0184272133078 37.61473068243689 31.260000228881836 AB 1.6945615827537734 1.06654458161362
62326.2186 lsst_hardware_z 346.6086217109819 46.130947065468426 30.950000762939453 AB 2.2798175259876023 1.0397070007924305
62326.2377 lsst_hardware_r 455.744560313001 33.20185672228748 31.520000457763672 AB 2.291342140185198 1.0533695622045103
62329.1785 lsst_hardware_i 759.3294074597075 41.62050355161206 31.260000228881836 AB 6.103664356844093 1.0463125665285151
62329.1993 lsst_hardware_u 9.22224024431368 3.6416983061603947 28.520000457763672 AB 6.06965624210412 1.037858546078591
62331.1738 lsst_hardware_g 188.0884849239276 20.943498092262523 31.479999542236328 AB 7.61427834670616 1.0457258304394104
62331.1947 lsst_hardware_r 923.1094318103668 38.66890167324237 31.530000686645508 AB 7.57038060468797 1.0378440713825157
62333.1711 lsst_hardware_i 1006.8767648050477 44.835428822400786 31.260000228881836 AB 3.2302254323087527 1.0437758889437767
62333.1917 lsst_hardware_r 957.0005697553089 40.03075542760624 31.520000457763672 AB 3.141351386608189 1.037948583052433
62335.1658 lsst_hardware_z 758.7734388527949 50.43652186626848 30.950000762939453 AB 2.599610985173973 1.0436711884271554
62335.1858 lsst_hardware_g 231.56916976827546 23.464340721097212 31.520000457763672 AB 2.201675598467996 1.037914247951913
62344.1362 lsst_hardware_z 945.2591068337333 80.60296810446872 30.989999771118164 AB 3.3468907755740616 1.0474035547499998
62344.1574 lsst_hardware_r 1174.7640786789532 114.72780269974763 31.65999984741211 AB 3.275025878265145 1.037905996016948
62349.1363 lsst_hardware_i 1196.9127083736018 46.175179545765 31.260000228881836 AB 4.2254685422699545 1.0393904252877881
62349.1586 lsst_hardware_u -5.300415794634761 2.8242017054634765 28.469999313354492 AB 4.1762428871847295 1.0408730480864177
62350.1249 lsst_hardware_g 100.43963893021457 18.52862542712825 31.479999542236328 AB 1.6250282892879595 1.0436360434281784
62350.1438 lsst_hardware_r 842.4151384898437 37.982309646606815 31.520000457763672 AB 1.8868311221775524 1.0378609032879826
62353.1032 lsst_hardware_i 980.0647618378788 44.64660381739041 31.25 AB 2.503621519664474 1.055786415377203
62353.1233 lsst_hardware_r 774.1597341271254 36.1695395224064 31.510000228881836 AB 2.4875435943882356 1.0401603990752462
62355.1141 lsst_hardware_u 3.609610115465977 2.8844364526479667 28.530000686645508 AB 2.9693506219275556 1.041938343269509
62355.136 lsst_hardware_g 52.8605567498073 17.344122588701833 31.479999542236328 AB 2.752472863809124 1.0386690052109901
62357.1007 lsst_hardware_g 38.04818739780677 16.97634654976564 31.459999084472656 AB 4.029029650096383 1.0474080546177773
62357.1214 lsst_hardware_r 570.9851489982277 34.13547979979688 31.520000457763672 AB 3.931733869299139 1.0379445272702135
62361.0998 lsst_hardware_i 695.810009251504 40.97974901077377 31.260000228881836 AB 2.630317684986024 1.0408855104812125
62361.1178 lsst_hardware_z 760.5885416987638 48.75961778225226 30.950000762939453 AB 2.6574954228306527 1.038286939961185
62363.0995 lsst_hardware_i 571.8994625862673 40.61962881053487 31.260000228881836 AB 3.763779698283232 1.038952805930226
62363.1174 lsst_hardware_z 568.706043980992 48.52863172238708 30.950000762939453 AB 3.753206641290831 1.0396454305184546
62365.0809 lsst_hardware_g 17.9659772436795 34.584132475279105 31.68000030517578 AB 4.101453786115827 1.0457779026706737
62365.1009 lsst_hardware_r 328.1989611568005 42.232197929117284 31.610000610351562 AB 4.218658103682745 1.0378641007890825
62370.1075 lsst_hardware_z 1319.6429690358175 137.51003535642732 31.75 AB 2.920408376930583 1.0444951276575762
62372.0614 lsst_hardware_z 864.454462509519 110.9796291880986 31.739999771118164 AB 2.700964181639289 1.0460744313087873
62372.0799 lsst_hardware_r 266.4173913107751 160.90395903641928 32.40999984741211 AB 2.626388569040567 1.0379956798896903
62377.0526 lsst_hardware_i 273.67838374565895 35.27262634873871 31.25 AB 5.839413934998893 1.0427524883926595
62377.0716 lsst_hardware_u -1.537154341524263 2.8172371225555706 28.440000534057617 AB 5.812541675295467 1.0379538705884763
62384.0244 lsst_hardware_z 225.99562229935515 44.66145909743383 30.950000762939453 AB 1.464662302471717 1.0496863132859893
62384.043 lsst_hardware_u -1.8689534070403326 2.819436563696106 28.43000030517578 AB 1.2391173056400178 1.038729141996432
62386.0255 lsst_hardware_g 10.305713494991974 15.869092930478027 31.459999084472656 AB 2.694221283278509 1.0443730141597087
62386.0435 lsst_hardware_r 108.0994027277048 25.951203064543122 31.520000457763672 AB 2.2327965068041222 1.0378663651088265
62388.0269 lsst_hardware_i 163.14103333729477 33.76967722718529 31.260000228881836 AB 2.7112294251918896 1.0405127639216667
62388.0433 lsst_hardware_z 183.19521995697878 43.96555295642614 30.950000762939453 AB 2.6910840090615937 1.0381601012261017
62394.0134 lsst_hardware_g 30.960073033865477 38.02786025490414 31.690000534057617 AB 1.3287869704505961 1.039400537475207
62394.0323 lsst_hardware_r 46.95835076669936 42.796417199563706 31.6200008392334 AB 1.3296764908028045 1.0394865074679904
62397.9955 lsst_hardware_z 393.22097083120195 101.5794603369631 31.739999771118164 AB 6.3398489555362065 1.042609703660878
62401.9838 lsst_hardware_y 179.8531502673376 69.81895631439042 30.06999969482422 AB 1.168245929587729 1.0430767228463793
62402.0059 lsst_hardware_z 97.97162645912364 59.67790304138275 30.979999542236328 AB 1.5574445132458423 1.0382963421638949
62404.9845 lsst_hardware_y 202.66646461802006 70.53233746445763 30.06999969482422 AB 3.2383537807233433 1.039043993815149
62405.0049 lsst_hardware_u 0.5209168610266691 3.0299971377985457 28.450000762939453 AB 3.4643104158461564 1.0405157307374635
62613.4159 lsst_hardware_z 67.14397854661028 67.44000244140625 30.989999771118164 AB 6.264626532236762 1.0385223643311803
62615.3592 lsst_hardware_i -42.747570633876144 53.33000183105469 31.309999465942383 AB 10.197205568425122 1.099488443412057
62617.4027 lsst_hardware_r 70.73782886561354 29.950000762939453 31.559999465942383 AB 4.166080293897119 1.0391171151455059
62617.4225 lsst_hardware_y -6.885113232732624 61.220001220703125 30.059999465942383 AB 4.580874301686535 1.0401621938434458
62619.3958 lsst_hardware_g 22.774384302223975 16.549999237060547 31.479999542236328 AB 5.208167081299901 1.0395888914401479
62619.4141 lsst_hardware_y -51.16861547296639 48.22999954223633 30.040000915527344 AB 5.210491072668682 1.0391194055710993
62621.392 lsst_hardware_z 30.33512180931558 41.790000915527344 30.950000762939453 AB 11.892989519982116 1.0390520286547367
62621.4114 lsst_hardware_y 19.579886738082024 47.65999984741211 30.040000915527344 AB 11.91388419934908 1.040089995287139
62624.3726 lsst_hardware_r 7.125191612234479 24.56999969482422 31.520000457763672 AB 11.942069582387411 1.044617703147954
62624.3924 lsst_hardware_u -1.9388441100518272 2.819999933242798 28.469999313354492 AB 11.541078474352611 1.037851213952364
62626.3706 lsst_hardware_g 16.15905032950482 15.680000305175781 31.479999542236328 AB 6.958712220253394 1.0424126061772472
62626.389 lsst_hardware_r 9.110952699626367 24.559999465942383 31.520000457763672 AB 7.037425948239901 1.037955671376689
62630.2893 lsst_hardware_g 18.464395073494167 15.5600004196167 31.420000076293945 AB 10.22064540561183 1.1863204997566568
62630.3156 lsst_hardware_i -22.414282405331956 32.380001068115234 31.25 AB 9.150010062451 1.1056189218657753
62632.3776 lsst_hardware_z 42.69223194142259 59.040000915527344 31.700000762939453 AB 7.895146886273808 1.0388351166149747
62632.3989 lsst_hardware_r -7.251351995976244 34.5099983215332 32.27000045776367 AB 8.00096560969393 1.0527586328544645
62635.3203 lsst_hardware_y -82.2676736069952 48.459999084472656 30.040000915527344 AB 7.309224556985617 1.069655662676854
62635.3461 lsst_hardware_g -17.784718886894648 15.279999732971191 31.459999084472656 AB 8.33716149905962 1.0423732065213858
62643.3413 lsst_hardware_r 181.93388963288854 103.08999633789062 32.400001525878906 AB 4.379142550498851 1.037875466226594
62643.3644 lsst_hardware_z 10.054321429746754 85.66999816894531 31.729999542236328 AB 4.415360953576999 1.0484472740803386
62645.3077 lsst_hardware_g -7.471412374896628 32.13999938964844 31.65999984741211 AB 7.550492693570637 1.0509907472781306
62645.33 lsst_hardware_i 28.22008958478933 37.900001525878906 31.280000686645508 AB 7.474663223554836 1.0382438036236923
62647.3252 lsst_hardware_z 81.1630361499709 42.15999984741211 30.959999084472656 AB 5.900276066928827 1.0381412979552787
62647.3468 lsst_hardware_r -6.391809246004313 25.959999084472656 31.540000915527344 AB 5.994558934291304 1.0433939226824147
62651.2956 lsst_hardware_r -29.84031917201493 24.06999969482422 31.520000457763672 AB 13.32895257126543 1.0471258787630728
62651.3183 lsst_hardware_u 2.241077607475898 2.7899999618530273 28.469999313354492 AB 13.35984616048298 1.0378527615267317
62653.2813 lsst_hardware_g 7.53778999071401 15.239999771118164 31.459999084472656 AB 6.439776792229914 1.0558742076127092
62653.3062 lsst_hardware_r 13.961631630317306 24.079999923706055 31.520000457763672 AB 7.081806211134277 1.0386418300367728
62656.2981 lsst_hardware_i -35.80299526439468 31.229999542236328 31.25 AB 12.53745309495406 1.0386209460457054
62656.3227 lsst_hardware_z -13.630051788700284 41.470001220703125 30.950000762939453 AB 12.55229624667388 1.0436981101855347
62673.2181 lsst_hardware_z -13.276309692642908 95.68000030517578 32.470001220703125 AB 3.0701579792671727 1.0672932515775682
62679.2223 lsst_hardware_r 2.1897565306634474 24.200000762939453 31.5 AB 7.542220905039448 1.0447254000885744
62679.2438 lsst_hardware_u -2.3468553960959366 2.680000066757202 28.3700008392334 AB 7.539480268610383 1.0379240457888743
62681.217 lsst_hardware_u 0.0952329136029812 2.799999952316284 28.459999084472656 AB 2.9165590260637497 1.0446128316846466
62681.24 lsst_hardware_g -0.642237120163326 15.5 31.469999313354492 AB 2.806992310794788 1.0380888723353505
