data/validation/pwv_sim_epoch_fit_4/46671910.ecsv
# %ECSV 0.9
# ---
# datatype:
# - {name: time, datatype: float64}
# - {name: band, datatype: string}
# - {name: flux, datatype: float64}
# - {name: fluxerr, datatype: float64}
# - {name: zp, datatype: float64}
# - {name: zpsys, datatype: string}
# - {name: pwv, datatype: float64}
# - {name: airmass, datatype: float64}
# meta: {SNID: '46671910', alt: 1024.0, c: -0.13194602727890015, dec: -57.780128, lat: -30.244573, lon: -70.7499537, ra: 336.982758, t0: 62393.94140625,
#   x0: 2.9801173515505587e-06, x1: 1.1646372079849243, z: 0.7566919922828674}
# schema: astropy-2.0
time band flux fluxerr zp zpsys pwv airmass
62288.4223 lsst_hardware_i 37.22298013002986 51.93000030517578 31.299999237060547 AB 7.046720654715696 1.1293726508078406
62288.4367 lsst_hardware_y 59.18590491135866 67.58999633789062 30.040000915527344 AB 7.0077918178669165 1.1262019795687814
62291.4257 lsst_hardware_z -10.074155380407921 92.20999908447266 32.45000076293945 AB 12.586085376248004 1.1264396219792367
62302.401 lsst_hardware_g -25.565108150138983 13.210000038146973 31.3700008392334 AB 13.34777233624831 1.1261408686862289
62302.4142 lsst_hardware_r 10.050122784228392 22.389999389648438 31.479999542236328 AB 13.312704877926057 1.128259072088202
62306.3994 lsst_hardware_i 38.15117606715049 30.81999969482422 31.239999771118164 AB 3.2741803520676136 1.1272138003446197
62306.4138 lsst_hardware_u 0.4986522726706464 2.700000047683716 28.43000030517578 AB 3.297042720613823 1.1328746033491546
62308.3901 lsst_hardware_g 25.855599108047283 13.199999809265137 31.360000610351562 AB 3.422386422356887 1.1265261429746172
62308.4031 lsst_hardware_r -2.815559302219506 22.329999923706055 31.469999313354492 AB 3.4451849195999795 1.1302482102684606
62312.3975 lsst_hardware_z -57.87507783939806 89.1500015258789 31.719999313354492 AB 5.0943575711489215 1.1329186592621767
62314.3355 lsst_hardware_r 123.45674266202674 100.80000305175781 31.639999389648438 AB 8.197184808027181 1.1384978900037752
62314.3499 lsst_hardware_z 41.932727827924296 69.41000366210938 30.979999542236328 AB 8.135601637176064 1.1299446718300088
62315.3267 lsst_hardware_r -106.0574800548501 88.23999786376953 31.6299991607666 AB 6.204252658769175 1.1436059092690056
62315.338 lsst_hardware_i 31.304946531258338 70.41999816894531 31.309999465942383 AB 5.7645858009137125 1.1348168317168934
62323.4042 lsst_hardware_i 15.988047520256865 31.579999923706055 31.239999771118164 AB 5.849370686142804 1.1703422741382161
62323.4158 lsst_hardware_u 0.09326440167635584 3.140000104904175 28.479999542236328 AB 5.850435549015515 1.1895158689967158
62325.403 lsst_hardware_g -0.29200592070802395 13.59000015258789 31.360000610351562 AB 1.7121645139487378 1.1769475950845754
62325.4147 lsst_hardware_r 1.2963411346935465 22.899999618530273 31.459999084472656 AB 1.7037481398676293 1.1977139823326448
62327.3147 lsst_hardware_r -19.057130931308027 22.469999313354492 31.479999542236328 AB 8.931261230241914 1.129824317551174
62327.3264 lsst_hardware_i -10.385376545253946 30.799999237060547 31.239999771118164 AB 8.959974764697758 1.1265684951422161
62330.3202 lsst_hardware_g 8.801755281689713 13.270000457763672 31.350000381469727 AB 6.8706352715527235 1.126333651074217
62330.3344 lsst_hardware_r 32.91047041401939 22.440000534057617 31.459999084472656 AB 6.85268227877388 1.1273331232903236
62332.3393 lsst_hardware_r 35.67691437597357 22.459999084472656 31.469999313354492 AB 4.1763596411423425 1.1310384945544598
62332.3517 lsst_hardware_i -21.354630763132313 30.860000610351562 31.229999542236328 AB 4.271731161222774 1.138824623093248
62343.2354 lsst_hardware_z 46.26783020915083 73.81999969482422 30.979999542236328 AB 11.739498182270621 1.1600103603963
62343.2485 lsst_hardware_r -172.19647652811358 108.9000015258789 31.639999389648438 AB 11.552829947115024 1.1452619526260246
62345.2467 lsst_hardware_y 16.27853170661594 75.1500015258789 30.770000457763672 AB 2.8839074611492914 1.141915446901323
62347.2392 lsst_hardware_r 21.269601597710942 53.40999984741211 31.610000610351562 AB 5.146834463766695 1.1437409919481545
62347.2512 lsst_hardware_i 42.277440385709 47.47999954223633 31.290000915527344 AB 5.014444425053416 1.1344683000064288
62348.2374 lsst_hardware_z -28.984763733734276 47.310001373291016 30.950000762939453 AB 3.65726946761756 1.1428967086304875
62348.2494 lsst_hardware_r -61.27724389603494 44.029998779296875 31.600000381469727 AB 3.628466060026563 1.1338956437583008
62351.2339 lsst_hardware_u 0.4703964933561919 2.6600000858306885 28.389999389648438 AB 2.5694996982327845 1.1389626321952786
62351.2454 lsst_hardware_r -9.699880729922972 23.350000381469727 31.489999771118164 AB 2.526043998661272 1.1315711506620598
62352.2348 lsst_hardware_i -33.09665064976025 30.950000762939453 31.229999542236328 AB 1.7034819101321965 1.13628587668629
62352.2464 lsst_hardware_z 47.114473915215186 42.209999084472656 30.940000534057617 AB 1.6495842151036073 1.1298522021261588
62360.0388 lsst_hardware_i -3.3701951565448716 50.54083667811733 31.8799991607666 AB 4.062044082204727 1.7957754563239285
62360.0495 lsst_hardware_z 10.948350136223361 69.90308348477531 31.6299991607666 AB 5.627172064271614 1.705203655839883
62362.2971 lsst_hardware_r -15.49050417040916 23.07776556312848 31.469999313354492 AB 3.944268030795168 1.169422749655137
62362.3082 lsst_hardware_i 12.340921395539565 31.999824717482568 31.229999542236328 AB 4.002656458629031 1.1874969715078216
62367.2852 lsst_hardware_r 48.51927025800394 45.31973051859132 31.579999923706055 AB 2.844272612353802 1.17205011326004
62367.2954 lsst_hardware_i 106.09274509329552 44.524638908377575 31.270000457763672 AB 3.191153981976285 1.1890283730893443
62369.2851 lsst_hardware_z 200.8943433337483 88.6516636820614 31.709999084472656 AB 1.2467240794258592 1.1806099236987302
62371.2936 lsst_hardware_z 197.3151936732952 73.62723059158974 30.969999313354492 AB 2.41641482279533 1.2067492560466089
62371.3047 lsst_hardware_r 178.7628246121073 106.15341470048776 31.600000381469727 AB 2.467812976367049 1.231750924066472
62376.0395 lsst_hardware_z 294.7858219143199 49.258930277541246 30.899999618530273 AB 5.261812575113585 1.4833149525785336
62376.0456 lsst_hardware_g 76.10305659586425 15.931590438981694 31.280000686645508 AB 5.080073240352508 1.4514494972435739
62380.2344 lsst_hardware_g 229.5127444848008 22.526611376057964 31.469999313354492 AB 1.927460558419633 1.1518688596133264
62380.2442 lsst_hardware_r 685.8365870111169 37.958082001699 31.510000228881836 AB 1.830519585212183 1.164082407130164
62382.1405 lsst_hardware_g 259.52437086269344 20.52948660787413 31.360000610351562 AB 1.6054806662249197 1.1467719044463713
62382.1532 lsst_hardware_r 776.3390968432641 36.215180105008365 31.459999084472656 AB 1.5905264878751184 1.1360903484822276
62385.1422 lsst_hardware_i 983.1289847825561 44.02309068645379 31.239999771118164 AB 0.6948191278510418 1.1381148695348762
62385.1548 lsst_hardware_z 591.3570194064826 48.436968253115445 30.940000534057617 AB 0.751232618681352 1.1305231281886412
62387.145 lsst_hardware_r 988.9779179712824 37.947838118434085 31.469999313354492 AB 2.9495783122971226 1.1327105653982805
62387.1566 lsst_hardware_u 5.927858464933608 3.251086255559902 28.31999969482422 AB 2.957817992328519 1.1278619608497689
62389.1424 lsst_hardware_g 239.925063012169 21.155023141413174 31.3700008392334 AB 4.095207613847724 1.1312207395187306
62389.1546 lsst_hardware_i 1042.5668755742627 44.57432263632958 31.229999542236328 AB 4.087173200628336 1.1270296982292392
62390.1386 lsst_hardware_z 679.3864207049862 48.874223768038156 30.940000534057617 AB 3.0557417228725052 1.1317561936564833
62390.1506 lsst_hardware_r 846.414818608112 37.82985609470505 31.469999313354492 AB 3.043720022894693 1.1273037121832195
62393.1353 lsst_hardware_y 351.5239306118981 50.92735710502666 30.020000457763672 AB 1.8898036556148223 1.1295334894346403
62393.1458 lsst_hardware_g 208.0486858014745 24.984847979467432 31.520000457763672 AB 1.9097813983081162 1.1266592979547414
62399.2023 lsst_hardware_z 690.4139634290665 68.00383604116995 30.969999313354492 AB 7.383271704384274 1.1791538296549189
62399.2161 lsst_hardware_r 991.741518587116 90.91569253772535 31.6200008392334 AB 6.99009923795872 1.2046010692407105
62401.2015 lsst_hardware_i 1222.2597278077508 80.29676134612241 31.299999237060547 AB 2.6719428559187923 1.1871344467037315
62401.2142 lsst_hardware_z 601.1281746213962 70.84221818283676 30.959999084472656 AB 2.3920512550381234 1.2120857638900402
62416.16 lsst_hardware_r 303.61880464799833 28.765279633122983 31.459999084472656 AB 4.395211850887017 1.186185278217079
62416.172 lsst_hardware_i 533.1435674533967 39.245913562518965 31.229999542236328 AB 5.422331338832128 1.2094419343119989
62418.0766 lsst_hardware_i 490.1634843692378 38.02235906363055 31.229999542236328 AB 3.4616136353624296 1.1268273552612076
62418.0881 lsst_hardware_z 386.16622071485926 46.162108909506706 30.940000534057617 AB 6.144974654041336 1.12638156979953
62423.1377 lsst_hardware_z 250.59397907339627 48.33478716659873 30.940000534057617 AB 9.838926592794287 1.1807184198721092
62423.1429 lsst_hardware_r 202.96972116669187 36.13329848433816 31.540000915527344 AB 9.955436011232386 1.1897979457292518
62425.1472 lsst_hardware_y 104.19000342000932 74.37130327039245 30.75 AB 9.527711566192378 1.2089726001300733
62427.1371 lsst_hardware_r 65.45660139658234 67.99446815018884 31.610000610351562 AB 7.3479895462976215 1.1995085642167251
62427.1482 lsst_hardware_i 325.44044425436084 59.80317887003406 31.290000915527344 AB 7.496155648621614 1.2232629974904723
62429.1385 lsst_hardware_z 279.5335784316229 61.580014362730395 30.959999084472656 AB 4.069276538585298 1.2137432507212553
62429.1496 lsst_hardware_r 201.98976063116848 79.72582646380262 31.600000381469727 AB 4.151613801585535 1.2399045699110607
62433.1388 lsst_hardware_z 162.82779669404545 58.18165320179826 30.950000762939453 AB 3.5581884912303727 1.2402190628199279
62433.1499 lsst_hardware_r 19.49659396236578 74.267483046118 31.59000015258789 AB 3.641164338655915 1.2705798965912274
62435.1359 lsst_hardware_i 186.32754660019128 48.41615089448672 31.270000457763672 AB 3.019857728097783 1.2468446441361614
62435.1475 lsst_hardware_z 228.80389397729678 53.33804432321614 30.940000534057617 AB 3.3204827687567264 1.2797338522957578
62437.1411 lsst_hardware_r 68.68212485079526 24.468117822530914 31.450000762939453 AB 3.818011432295195 1.276891312603641
62437.1513 lsst_hardware_u -0.5509864365216006 2.567495717821188 28.25 AB 3.834105830017966 1.309611464198326
62438.0854 lsst_hardware_r 79.88771254826149 24.038317238957383 31.469999313354492 AB 3.4106984643851224 1.1635314297424797
62438.0966 lsst_hardware_u -2.941818505113384 2.641443913326965 28.309999465942383 AB 3.509212529757905 1.1804931138452848
62440.0834 lsst_hardware_g -0.21547439360267184 13.621123088118411 31.360000610351562 AB 5.809922445481542 1.1684107482113255
62440.0942 lsst_hardware_r 16.438953535014086 24.249059799538912 31.459999084472656 AB 5.865826033133707 1.1857339868877514
62442.0862 lsst_hardware_i 186.80933763595598 33.4358142228953 31.229999542236328 AB 6.508370717932406 1.1813711785688832
62442.0965 lsst_hardware_z 108.0082956666468 44.76356651610499 30.93000030517578 AB 6.622261902240329 1.2002287090603223
62655.4214 lsst_hardware_u 0.613919144452099 2.690000057220459 28.329999923706055 AB 12.195844990156681 1.1279915825154163
62655.435 lsst_hardware_y 15.57281812928977 56.970001220703125 30.020000457763672 AB 12.052227050864298 1.126095712987218
62657.4135 lsst_hardware_i 29.911289223113343 30.649999618530273 31.229999542236328 AB 5.192428080509438 1.1287887131542258
62657.4285 lsst_hardware_y -74.85565514561489 49.439998626708984 30.020000457763672 AB 4.9547860419114285 1.1260877367980517
62675.4007 lsst_hardware_z 22.146491031627544 43.630001068115234 30.940000534057617 AB 3.718184962956527 1.1312935992768338
62675.4151 lsst_hardware_r -27.66684198913012 29.0 31.530000686645508 AB 3.7433111262274017 1.140905555083024
62680.3979 lsst_hardware_z 4.941549997448897 42.15999984741211 30.940000534057617 AB 5.898426910420989 1.1380699573118285
62680.4109 lsst_hardware_r 1.093823867699161 22.350000381469727 31.459999084472656 AB 5.954254329144465 1.149969451816817
62682.4066 lsst_hardware_r -6.961593460155833 22.489999771118164 31.459999084472656 AB 4.702799871441339 1.1512361986392217
62682.4198 lsst_hardware_u -2.635397248219468 2.609999895095825 28.31999969482422 AB 5.378158025669278 1.1681067205074203
62695.1137 lsst_hardware_z 50.21145255467159 97.12000274658203 31.6200008392334 AB 12.929676337931424 1.8685403446117557
62697.3367 lsst_hardware_r 4.266532197466809 104.4800033569336 31.6299991607666 AB 4.241377088166111 1.1295278530402426
62697.349 lsst_hardware_i 5.6996142755283525 81.37999725341797 31.31999969482422 AB 4.210430363831416 1.1362651096561087
62707.3861 lsst_hardware_z -15.05824386429658 44.040000915527344 30.920000076293945 AB 7.556512767965518 1.2354308457394783
62707.3985 lsst_hardware_r 15.384691155329117 24.139999389648438 31.450000762939453 AB 7.835010542542012 1.268827618225427
62709.3476 lsst_hardware_r 12.680512106554277 22.65999984741211 31.450000762939453 AB 2.969529653616591 1.1703348608578263
62709.3595 lsst_hardware_u -1.2905575496429047 2.4600000381469727 28.200000762939453 AB 3.0306992004117794 1.1900651310517458
62716.2407 lsst_hardware_g -5.260750351958178 13.510000228881836 31.3700008392334 AB 2.528629812851629 1.1345930958053974
62716.2527 lsst_hardware_r 34.28597706790855 22.5 31.469999313354492 AB 2.6064471226872428 1.1286985483110286
62722.2341 lsst_hardware_z -62.15582188147352 49.810001373291016 30.950000762939453 AB 3.8172603371580536 1.1295340544926924
62722.2451 lsst_hardware_r 20.657689122341417 50.5099983215332 31.610000610351562 AB 3.7648876916554395 1.1265373104893595
62723.2387 lsst_hardware_i 69.18295243600254 54.4900016784668 31.299999237060547 AB 5.094200388245249 1.1272225232605517
62723.2499 lsst_hardware_r -2.8810722711590686 63.880001068115234 31.6200008392334 AB 5.177035344717147 1.126115687577823
62725.2129 lsst_hardware_z 46.41340554884565 97.62000274658203 31.729999542236328 AB 3.0880346111017927 1.1367695973133785
62736.0546 lsst_hardware_r -20.668843045576743 23.81999969482422 31.40999984741211 AB 3.195593097601817 1.4792700370798828
62736.0626 lsst_hardware_u 0.029487090787191483 2.4200000762939453 28.100000381469727 AB 3.086512778330177 1.4382631772274823
62738.2542 lsst_hardware_i -4.141296038353695 31.06999969482422 31.229999542236328 AB 3.6880448207552345 1.151794135151541
62738.266 lsst_hardware_r 20.69633508456681 22.700000762939453 31.469999313354492 AB 3.7983445465464505 1.1668066393241197
62740.2998 lsst_hardware_g -9.782234069329393 13.600000381469727 31.350000381469727 AB 3.7616590446953095 1.2451014656684425
62740.3104 lsst_hardware_r 3.9974675325161395 23.18000030517578 31.459999084472656 AB 3.8460603686713415 1.274725858257087
62742.2864 lsst_hardware_i 48.19012425078076 31.760000228881836 31.229999542236328 AB 7.486673427080367 1.2254485094522642
62742.2971 lsst_hardware_z 4.828562029251123 43.88999938964844 30.93000030517578 AB 8.750032474132443 1.2524349593805755
62744.2355 lsst_hardware_i 35.96184247214706 30.969999313354492 31.229999542236328 AB 4.751662956854554 1.1492714855132553
62744.2462 lsst_hardware_z -8.405164447907435 42.58000183105469 30.93000030517578 AB 4.902260624981245 1.1620861976961585
62747.2472 lsst_hardware_i -60.739387735315255 31.25 31.229999542236328 AB 0.8408783856748673 1.1755056649695257
62747.2586 lsst_hardware_u 2.341364755897701 2.5399999618530273 28.280000686645508 AB 1.4428512524659203 1.1954028603694453
62751.1402 lsst_hardware_y 22.45947552963274 50.40999984741211 30.020000457763672 AB 2.3076603670200453 1.1380398801726272
62751.1527 lsst_hardware_r -81.9426722295898 54.959999084472656 31.6200008392334 AB 2.2923743958984137 1.1305014897785297
62753.1346 lsst_hardware_i 17.544246427352803 63.630001068115234 31.309999465942383 AB 3.771342847908635 1.1381463716244655
62753.1469 lsst_hardware_z -21.120019342939994 59.83000183105469 30.969999313354492 AB 3.737202264185629 1.1306582082046075
62755.1398 lsst_hardware_r 111.27417051600092 98.63999938964844 31.639999389648438 AB 3.0549122005645013 1.1314489631720375
62755.1503 lsst_hardware_z 45.66136780852865 67.6500015258789 30.979999542236328 AB 3.044225298750227 1.127490851388973
62757.1403 lsst_hardware_r 3.004692549481819 84.25 31.639999389648438 AB 4.032471234174837 1.128884983322012
62757.1523 lsst_hardware_i 106.92127180705097 66.52999877929688 31.31999969482422 AB 4.051686183922048 1.1262505028275325
62762.2158 lsst_hardware_i 52.51871394910408 37.2599983215332 31.260000228881836 AB 1.6632549258492353 1.1919414219282978
62762.2269 lsst_hardware_r -17.040789929756862 36.20000076293945 31.559999465942383 AB 1.693237829024529 1.2143709029579752
62765.208 lsst_hardware_g -15.108076120713994 13.34000015258789 31.360000610351562 AB 5.3057985209609875 1.192671629168512
62765.22 lsst_hardware_r -5.845809537638001 22.670000076293945 31.459999084472656 AB 3.901616875238132 1.2172265625744496
62767.2033 lsst_hardware_i 22.26469215455897 31.34000015258789 31.219999313354492 AB 2.2961584647357745 1.1941019101551156
62767.2145 lsst_hardware_z -56.31454976035144 43.40999984741211 30.93000030517578 AB 2.376670049844666 1.2171406878684263
62771.1761 lsst_hardware_z -5.161747420392198 42.529998779296875 30.93000030517578 AB 4.663613892783543 1.167119222385871
62771.1878 lsst_hardware_i 6.476906955554596 31.149999618530273 31.219999313354492 AB 4.680791234727189 1.1857609207669246
62772.1747 lsst_hardware_u -0.20112797135952443 2.549999952316284 28.309999465942383 AB 5.359123232282177 1.1690506960078784
62772.1863 lsst_hardware_g -2.5229242536288554 13.199999809265137 31.350000381469727 AB 5.4091101325801105 1.1879451242855295
62776.0106 lsst_hardware_r -17.17319682653509 24.450000762939453 31.469999313354492 AB 6.140031831055093 1.233867235579998
62776.0177 lsst_hardware_i -33.362317013141926 32.16999816894531 31.219999313354492 AB 6.075687597347782 1.2172270926452895
62780.0751 lsst_hardware_z -113.24633265614594 50.900001525878906 30.959999084472656 AB 4.273020144411538 1.1298308155503802
62780.0867 lsst_hardware_r -33.360336087004704 53.61000061035156 31.6200008392334 AB 3.8885744181237887 1.1265787787900885
62783.0771 lsst_hardware_i 110.17103510420924 62.650001525878906 31.309999465942383 AB 3.5990238557570478 1.1268077193979487
62783.0894 lsst_hardware_z 27.9565783861529 58.90999984741211 30.969999313354492 AB 6.617901640726809 1.1263874345950717
62787.156 lsst_hardware_r 11.98022984236902 73.75 31.610000610351562 AB 7.084119213045932 1.2087221748408743
62787.167 lsst_hardware_i -9.351625267130444 59.41999816894531 31.290000915527344 AB 7.926020106286792 1.2338138397084046
62793.1459 lsst_hardware_r -6.688531509351166 22.989999771118164 31.459999084472656 AB 4.560249395753366 1.2225869693708755
62793.1565 lsst_hardware_i 7.070194990107316 32.08000183105469 31.229999542236328 AB 4.698219698172372 1.2488622270527305
62796.1402 lsst_hardware_u 1.586995856666811 2.5799999237060547 28.280000686645508 AB 4.6339540539907755 1.2284323822627812
62796.1509 lsst_hardware_g -22.425600209727975 13.59000015258789 31.329999923706055 AB 4.690980629687038 1.25586791504907
62799.1357 lsst_hardware_r -20.835521585187333 23.020000457763672 31.459999084472656 AB 5.427521512684132 1.2374650051719407
62799.1468 lsst_hardware_i -2.3592312543386296 32.130001068115234 31.219999313354492 AB 5.557493549338005 1.2674114405833645
62801.1384 lsst_hardware_z -85.81263321350401 43.93000030517578 30.93000030517578 AB 4.512695274289 1.2590640151468961
62801.1495 lsst_hardware_u -1.738309187270928 2.640000104904175 28.329999923706055 AB 4.6177223322144 1.2922730407312675
62803.0879 lsst_hardware_z 7.667337970998539 42.61000061035156 30.950000762939453 AB 3.420963590433625 1.165972593876491
62803.0986 lsst_hardware_r -11.041004802975701 22.850000381469727 31.479999542236328 AB 3.534882237961776 1.1826303907533544
62807.0868 lsst_hardware_z 61.57736817940204 45.459999084472656 30.950000762939453 AB 6.5425698656479385 1.1811469593467017
62807.0993 lsst_hardware_r 26.745247040555856 33.439998626708984 31.549999237060547 AB 6.671374995342366 1.204400480579335
