data/validation/pwv_sim_epoch_fit_4/47065011.ecsv
# %ECSV 0.9
# ---
# datatype:
# - {name: time, datatype: float64}
# - {name: band, datatype: string}
# - {name: flux, datatype: float64}
# - {name: fluxerr, datatype: float64}
# - {name: zp, datatype: float64}
# - {name: zpsys, datatype: string}
# - {name: pwv, datatype: float64}
# - {name: airmass, datatype: float64}
# meta: {SNID: '47065011', alt: 1024.0, c: 0.017143715173006058, dec: -34.590576, lat: -30.244573, lon: -70.7499537, ra: 282.480469, t0: 60843.79296875,
#   x0: 1.0876484491664024e-05, x1: -1.162562370300293, z: 0.4444515109062195}
# schema: astropy-2.0
time band flux fluxerr zp zpsys pwv airmass
60762.3485 lsst_hardware_g 4.518418166200455 16.31999969482422 31.43000030517578 AB 9.733300562429765 1.2301169747146623
60762.3653 lsst_hardware_r 56.05044282034952 25.809999465942383 31.510000228881836 AB 9.089349363912222 1.1621846583088797
60764.3469 lsst_hardware_i 21.4719634754178 33.56999969482422 31.239999771118164 AB 7.565987828322619 1.2130164325014887
60764.3655 lsst_hardware_z -12.994228163710337 43.650001525878906 30.950000762939453 AB 7.134110446011317 1.1428138104168388
60769.3447 lsst_hardware_g 26.814555919091205 16.170000076293945 31.43000030517578 AB 8.886694605562303 1.1675608223126597
60769.3649 lsst_hardware_r 8.12781884790216 25.420000076293945 31.510000228881836 AB 8.438071894628479 1.1040261539485121
60771.3398 lsst_hardware_i -4.205767897823667 32.869998931884766 31.239999771118164 AB 21.21841548781948 1.1655268051535008
60771.3587 lsst_hardware_r -7.476474894544502 25.079999923706055 31.510000228881836 AB 20.126806782455283 1.1060204304138086
60775.3513 lsst_hardware_i -12.628244082178789 45.31999969482422 31.299999237060547 AB 5.188696092725954 1.0967440483462174
60775.3712 lsst_hardware_z -40.23382099592202 42.06999969482422 30.959999084472656 AB 5.014321145454599 1.053594819657425
60778.3491 lsst_hardware_r 44.44474961526692 85.7699966430664 31.649999618530273 AB 12.709930263498716 1.082141328787619
60778.3685 lsst_hardware_z -27.667891449475498 60.22999954223633 30.989999771118164 AB 12.233260642925615 1.0442539210623807
60780.3417 lsst_hardware_z -11.95751762639774 63.439998626708984 30.979999542236328 AB 10.678568483335917 1.0867112892012158
60780.3603 lsst_hardware_i 54.281026443367615 69.0999984741211 31.329999923706055 AB 10.298282876247287 1.0487850779079142
60782.3498 lsst_hardware_z 131.44678653115096 61.849998474121094 30.989999771118164 AB 15.57210153429796 1.0578034939009335
60782.3698 lsst_hardware_r -75.97043966160241 84.31999969482422 31.65999984741211 AB 15.119692259461662 1.0270948605351822
60784.3481 lsst_hardware_y 11.369648001399446 77.69999694824219 30.809999465942383 AB 11.461054469909525 1.0509907812846884
60790.2519 lsst_hardware_i -47.993240151693676 34.130001068115234 31.219999313354492 AB 18.162512618113468 1.3365926962257864
60790.2738 lsst_hardware_z -93.36131305869192 44.56999969482422 30.93000030517578 AB 16.600352410827618 1.2222918032712267
60795.2542 lsst_hardware_z -104.33367437003628 44.27000045776367 30.93000030517578 AB 13.246246224527258 1.2498816969736986
60795.2741 lsst_hardware_i -8.891470269423513 32.31999969482422 31.239999771118164 AB 12.2814129879892 1.1661783555095144
60800.2462 lsst_hardware_r -36.63593001609222 24.68000030517578 31.489999771118164 AB 11.23166826788793 1.2236265680235243
60800.2675 lsst_hardware_i -37.54824892512247 32.150001525878906 31.25 AB 10.389743838760335 1.1418974031462854
60802.2477 lsst_hardware_z 142.4656075203188 67.9800033569336 31.700000762939453 AB 8.130415353501 1.1940835453756962
60804.2491 lsst_hardware_z 76.48965759917877 51.83000183105469 30.959999084472656 AB 9.781590025730022 1.1677419000453677
60804.2693 lsst_hardware_r -14.800947679766091 56.88999938964844 31.6299991607666 AB 9.513157652949088 1.1041589708323811
60808.2437 lsst_hardware_i 42.69740968741187 87.83999633789062 31.31999969482422 AB 7.602832316292322 1.1483918156650246
60808.263 lsst_hardware_z 137.85138428257494 75.8499984741211 30.989999771118164 AB 7.660318146451531 1.092224730370219
60810.2484 lsst_hardware_z 16.337168064530605 129.50999450683594 31.739999771118164 AB 7.246406853043148 1.1167216602007886
60810.2682 lsst_hardware_r -324.4225637437412 176.6699981689453 32.40999984741211 AB 7.645683869790657 1.0679821022196987
60812.2472 lsst_hardware_i 15.050570905432263 84.08999633789062 31.329999923706055 AB 7.717051335443006 1.1048560659696964
60812.2658 lsst_hardware_r 142.88083523304826 97.11000061035156 31.649999618530273 AB 6.8005591663599 1.0618269468000623
60819.3384 lsst_hardware_r -29.386623432626788 24.43331319988372 31.510000228881836 AB 6.9431934198093614 1.0146170271768806
60826.1641 lsst_hardware_g 84.31573875984792 17.84826525016163 31.3799991607666 AB 10.465505928884307 1.2773976356023728
60826.1829 lsst_hardware_r 575.1693223324893 34.43764777640317 31.489999771118164 AB 9.294820870467365 1.191185553052287
60828.1597 lsst_hardware_i 699.060395530479 42.377174982447386 31.219999313354492 AB 13.47230421672254 1.2718920178168998
60830.1699 lsst_hardware_r 1565.6039491741126 53.715293433372956 31.549999237060547 AB 13.768974376684927 1.1996144199705057
60830.1896 lsst_hardware_g 491.3906699667188 37.11674135115167 31.610000610351562 AB 12.9582913895828 1.1292136629848635
60844.1718 lsst_hardware_u 7.478142556467321 3.560651187813619 28.5 AB 6.254813184542234 1.0756188391468569
60844.1967 lsst_hardware_g 1560.9006168896128 45.30500913011826 31.610000610351562 AB 6.01096533409448 1.031954905850445
60847.1449 lsst_hardware_g 1125.2461275418711 35.986060773741734 31.43000030517578 AB 3.3094809865513386 1.1240170904171531
60847.1687 lsst_hardware_r 3651.8683387353817 66.0562462308811 31.510000228881836 AB 3.1294479008028473 1.0648908212004022
60851.1658 lsst_hardware_g 762.1735988929713 32.154422171998746 31.469999313354492 AB 4.109125002912532 1.0499201540498326
60851.1864 lsst_hardware_r 3313.069392953373 62.25873936087297 31.530000686645508 AB 3.853700420069164 1.0214791712499993
60858.0727 lsst_hardware_i 2046.8447446249345 56.769964919763986 31.229999542236328 AB 11.100461305813964 1.2991225988176482
60858.0865 lsst_hardware_z 1470.7975300492717 58.11709034125894 30.940000534057617 AB 10.778224654351217 1.2297124479664725
60861.0837 lsst_hardware_y 737.7350317690456 77.23714164570264 30.75 AB 4.414996766020552 1.2061184991177576
60863.0686 lsst_hardware_r 1560.5305107710278 85.67606325385653 31.59000015258789 AB 3.9927981054340225 1.2496368803194073
60863.0875 lsst_hardware_i 1529.762845102647 74.7397867642754 31.299999237060547 AB 3.0410807030151297 1.1696464242365883
60865.0791 lsst_hardware_z 1208.8456912708398 103.75434631196347 30.989999771118164 AB 3.395087438111037 1.1806946402750955
60865.0989 lsst_hardware_r 1426.4639049076216 152.39824386569947 31.649999618530273 AB 3.5169159100945078 1.1148296418304653
60870.0556 lsst_hardware_g 142.9149960813425 41.2706674686593 31.6200008392334 AB 8.736500126960527 1.2213472066395397
60870.0742 lsst_hardware_i 1286.7800603725548 63.13433958701863 31.299999237060547 AB 8.214573619258472 1.1491592845779928
60872.0552 lsst_hardware_z 850.8253725197626 52.60686368058601 30.940000534057617 AB 4.668666689169208 1.199734464098989
60872.0752 lsst_hardware_r 650.0072014648915 35.03817774884081 31.5 AB 4.391386269794564 1.1283834444130698
60875.078 lsst_hardware_i 1024.6511714797136 44.5113487578205 31.25 AB 2.8868192726326916 1.0974760421859373
60875.0981 lsst_hardware_z 914.1371261527524 50.75775183439153 30.950000762939453 AB 3.0058168079086793 1.0537482236314388
60877.0716 lsst_hardware_r 474.8587876212441 32.48506965926194 31.5 AB 6.269493193256886 1.0999110865362958
60877.09 lsst_hardware_g 75.26253217734717 17.7227949045903 31.450000762939453 AB 6.032036863112628 1.0586235280997942
60879.0764 lsst_hardware_r 452.74296941650465 31.615357840387603 31.510000228881836 AB 5.197115196354123 1.075265213038784
60879.0966 lsst_hardware_i 813.9682125356694 42.19559742103685 31.260000228881836 AB 6.6665566052721905 1.0383235893267175
60881.0541 lsst_hardware_i 735.5637345113308 41.75247840936634 31.25 AB 5.25475600965788 1.1180331935442298
60881.0741 lsst_hardware_z 615.0930641184058 48.90675117226153 30.950000762939453 AB 5.021990853349301 1.0685086922019789
60883.0787 lsst_hardware_u 11.867335452100178 4.131277079095463 28.3799991607666 AB 3.6119625449586237 1.0494552320646833
60883.098 lsst_hardware_g 38.76037169264563 16.66463515322647 31.440000534057617 AB 3.0794932230561343 1.0225778592250157
60884.082 lsst_hardware_g 71.91720442774206 16.77140583716345 31.450000762939453 AB 4.632385481092074 1.0397393717848438
60884.0927 lsst_hardware_r 369.20868101735186 29.818394026121332 31.510000228881836 AB 3.8967586342108076 1.0254627984765283
60889.9797 lsst_hardware_y 293.85398508929757 54.86449199163514 29.950000762939453 AB 5.2892091642157375 1.3316236566504878
60889.9992 lsst_hardware_r 329.1300126380465 51.63096094952771 31.579999923706055 AB 4.66346372695054 1.2293841107953971
60890.9813 lsst_hardware_y 162.54432945471808 57.23780953491885 29.969999313354492 AB 13.242796952472586 1.306382258308433
60891.0028 lsst_hardware_z 430.61782942051707 62.04744854241819 30.959999084472656 AB 0.5450577805102176 1.2018914674977235
60893.9792 lsst_hardware_y 238.09322421740805 72.7880140654807 29.989999771118164 AB 3.950204059740703 1.2734378013348493
60893.9981 lsst_hardware_z 251.54605828083308 97.1227830643447 30.979999542236328 AB 3.6880261479098975 1.1877700959452167
60895.9872 lsst_hardware_y 240.9595448930561 92.17452988903115 30.760000228881836 AB 4.1181199243905775 1.2100847027936465
60896.9801 lsst_hardware_z 267.00252755975816 70.59920424353005 30.959999084472656 AB 2.5467492064462194 1.2293238325565017
60896.9984 lsst_hardware_r 112.01663364929401 96.42433532262433 31.6200008392334 AB 2.363732974958115 1.1562837103871604
60898.9778 lsst_hardware_y 246.94803597517398 51.98716266777654 30.0 AB 6.777240627364716 1.215285229055239
60898.9938 lsst_hardware_z 335.917464480557 46.32440851908242 30.940000534057617 AB 7.196627253971846 1.1533056496749754
60900.9803 lsst_hardware_y 148.13801198188312 51.6740100421284 30.010000228881836 AB 5.836820961138608 1.182639958356493
60901.0003 lsst_hardware_u 8.259767037282767 3.8234400523655707 28.450000762939453 AB 3.5172465870643803 1.1157007413368376
60905.9799 lsst_hardware_y 128.39786959446957 50.952152535107125 30.020000457763672 AB 3.3165674214740126 1.136070137522498
60905.9976 lsst_hardware_g 57.06718758289687 16.465660144215093 31.440000534057617 AB 3.0984750988593737 1.086929992583971
60907.9807 lsst_hardware_z 282.89815402289776 47.84715868842475 30.950000762939453 AB 3.5948248871391892 1.117099094822835
60907.9989 lsst_hardware_i 342.23553357317604 36.19799354423313 31.25 AB 3.3605979378686075 1.0716192403917753
60911.9802 lsst_hardware_y 43.95280659656749 52.21577794221704 30.030000686645508 AB 5.36279164721294 1.0893893956046803
60911.9981 lsst_hardware_r 239.88608979271447 27.466935477230997 31.510000228881836 AB 5.03474257072877 1.0519180090318663
60918.9812 lsst_hardware_y 142.739901966254 54.45000076293945 30.049999237060547 AB 4.305499652414255 1.0480980997864096
60918.9985 lsst_hardware_z -64.41955101928983 50.189998626708984 30.969999313354492 AB 4.441175402410334 1.023902110065783
60920.003 lsst_hardware_r 80.85765407917597 62.560001373291016 31.649999618530273 AB 1.6911305705385693 1.0166099011352987
60920.0146 lsst_hardware_z 12.76345721694541 55.439998626708984 30.979999542236328 AB 1.6398311102111263 1.008196194412005
61125.3476 lsst_hardware_u -0.128552766413542 2.759999990463257 28.31999969482422 AB 9.479980732076065 1.2639974309434754
61125.3665 lsst_hardware_g 11.570845659757135 16.440000534057617 31.440000534057617 AB 8.854330515731 1.1805774020974666
61129.3518 lsst_hardware_r -31.93314700516649 25.920000076293945 31.489999771118164 AB 7.541073396906877 1.1954935037041432
61129.371 lsst_hardware_y -14.386913103056086 48.459999084472656 30.020000457763672 AB 7.082239632776945 1.1276553829753913
61132.342 lsst_hardware_z 53.723227702385294 60.72999954223633 30.959999084472656 AB 10.892219367421296 1.2020990362456145
61132.3595 lsst_hardware_r -104.1945768665482 81.79000091552734 31.6299991607666 AB 10.314145785758013 1.138007994015273
61134.3505 lsst_hardware_i -3.9270290504061625 64.86000061035156 31.299999237060547 AB 8.768528989278998 1.1496694623415653
61134.3695 lsst_hardware_z 61.48443812966659 59.349998474121094 30.969999313354492 AB 8.411526147578739 1.0939213821196851
61136.3491 lsst_hardware_r -83.54655755073011 72.61000061035156 31.6299991607666 AB 20.543257405711273 1.1363468648867672
61136.3695 lsst_hardware_z 78.85209399979438 60.029998779296875 30.979999542236328 AB 19.695754397938575 1.0807986682607902
61138.3428 lsst_hardware_z 163.15786219524605 63.459999084472656 30.969999313354492 AB 10.532484622729752 1.139036926810593
61138.3601 lsst_hardware_i -37.39648873833744 67.8499984741211 31.31999969482422 AB 10.097667613495291 1.0901469281879181
61140.348 lsst_hardware_r 37.43490919963492 48.20000076293945 31.610000610351562 AB 5.22363815739039 1.1073481705210795
61140.3698 lsst_hardware_z 99.93603659498723 49.77000045776367 30.969999313354492 AB 5.0361587487571375 1.0574611545946746
61147.3568 lsst_hardware_g -19.201728961041535 15.649999618530273 31.479999542236328 AB 15.402700937848541 1.0466813405941622
61147.3761 lsst_hardware_r 20.620501327358724 24.389999389648438 31.530000686645508 AB 14.99354623824554 1.0208371906890366
61151.3489 lsst_hardware_r 37.748431605333266 24.459999084472656 31.520000457763672 AB 10.447477088671286 1.0418305832340733
61151.3687 lsst_hardware_g -12.959698781577549 15.539999961853027 31.479999542236328 AB 10.117988450951222 1.0173945149272219
61153.3455 lsst_hardware_r 14.011763251015083 24.100000381469727 31.520000457763672 AB 5.823376708366414 1.0386985225321725
61153.3655 lsst_hardware_i -57.35164561478105 31.09000015258789 31.25 AB 5.692319865402841 1.0153826703853566
61157.2449 lsst_hardware_z 37.383491369338905 52.459999084472656 30.93000030517578 AB 3.8715551699648016 1.350503242335328
61157.2618 lsst_hardware_r -36.09761725849175 47.560001373291016 31.56999969482422 AB 3.371598997556799 1.2562234287788863
61159.2494 lsst_hardware_i -66.73958708248723 56.439998626708984 31.280000686645508 AB 13.462873378250348 1.2921877442651346
61159.2684 lsst_hardware_r 48.15139369183567 66.83000183105469 31.610000610351562 AB 12.816424810919658 1.2016430922269563
61161.2577 lsst_hardware_z -23.93434322324416 93.83000183105469 31.719999313354492 AB 11.08564446860009 1.2242003738388727
61166.2461 lsst_hardware_z 32.92436283516265 81.80999755859375 30.969999313354492 AB 2.8076537164748165 1.2151714851656326
61166.2658 lsst_hardware_r -58.84543950061866 103.0 31.6299991607666 AB 2.976663582290195 1.1408483866969765
61170.2438 lsst_hardware_r -63.213548185587065 33.459999084472656 31.549999237060547 AB 7.316007832491723 1.1800012633051165
61170.2621 lsst_hardware_z 42.14709189809908 45.189998626708984 30.950000762939453 AB 7.942255207655348 1.1186274940359646
61175.2068 lsst_hardware_z -93.14023727804283 44.93000030517578 30.93000030517578 AB 8.381528487284676 1.2863489985473162
61175.2346 lsst_hardware_u 2.076859286401936 2.690000057220459 28.360000610351562 AB 7.509616200673188 1.1634999019790095
61177.2593 lsst_hardware_i 37.85624473502436 31.34000015258789 31.25 AB 6.90831505263886 1.0768862528632475
61177.2789 lsst_hardware_z 6.59259337663162 41.2599983215332 30.940000534057617 AB 6.68683746456532 1.0403211322769257
61178.2427 lsst_hardware_r 45.581978258992265 33.689998626708984 32.2400016784668 AB 8.883739696759925 1.1116601808306734
61178.2615 lsst_hardware_u 3.138696533919173 3.7699999809265137 29.1299991607666 AB 8.480611767442406 1.0663747467784401
61182.2441 lsst_hardware_g 4.346915260289123 14.9399995803833 31.440000534057617 AB 5.169634519008183 1.0803833895523893
61182.2641 lsst_hardware_i -7.243337510017156 31.170000076293945 31.25 AB 4.532931817458741 1.0420932183130558
61185.2377 lsst_hardware_z 29.97701852283291 44.33000183105469 30.959999084472656 AB 5.937693769818521 1.0763516305299392
61185.2586 lsst_hardware_r -12.218453910005689 27.049999237060547 31.549999237060547 AB 5.512383124260362 1.038015841118607
61187.2636 lsst_hardware_y -29.27859277622196 48.959999084472656 30.049999237060547 AB 3.5854300763861313 1.0244085932531803
61187.2826 lsst_hardware_r -70.48608066971559 49.83000183105469 31.639999389648438 AB 3.529226289696511 1.0083503684847175
