data/validation/pwv_sim_epoch_fit_4/47208351.ecsv
# %ECSV 0.9
# ---
# datatype:
# - {name: time, datatype: float64}
# - {name: band, datatype: string}
# - {name: flux, datatype: float64}
# - {name: fluxerr, datatype: float64}
# - {name: zp, datatype: float64}
# - {name: zpsys, datatype: string}
# - {name: pwv, datatype: float64}
# - {name: airmass, datatype: float64}
# meta: {SNID: '47208351', alt: 1024.0, c: -0.07658328860998154, dec: -21.061817, lat: -30.244573, lon: -70.7499537, ra: 198.105469, t0: 61183.14453125,
#   x0: 9.564268490999743e-06, x1: -0.11653997749090195, z: 0.468606561422348}
# schema: astropy-2.0
time band flux fluxerr zp zpsys pwv airmass
61072.3638 lsst_hardware_r 61.38607075881182 62.380001068115234 31.65999984741211 AB 11.955060759804974 1.0182029945325655
61072.3828 lsst_hardware_z -36.39192589426593 68.02999877929688 31.0 AB 11.45368602981519 1.0125924216877171
61074.3737 lsst_hardware_z -47.41854647146689 63.900001525878906 30.989999771118164 AB 10.812411837246277 1.012745808852561
61076.3737 lsst_hardware_z -34.03507553530883 66.04000091552734 30.989999771118164 AB 6.9921183197813015 1.0126778086702843
61080.3105 lsst_hardware_r 65.46586116322213 46.20000076293945 31.6200008392334 AB 5.714101543017496 1.054797460522866
61080.3287 lsst_hardware_y 56.0399109812271 49.189998626708984 30.049999237060547 AB 5.61819046718007 1.029302517689756
61082.3575 lsst_hardware_r 27.55409878328225 27.940000534057617 31.549999237060547 AB 4.55306033732257 1.0126913561660609
61082.3761 lsst_hardware_y -14.022737884557495 48.2599983215332 30.059999465942383 AB 4.056418641192794 1.0199481130290944
61086.3434 lsst_hardware_r 12.443330127478461 23.780000686645508 31.520000457763672 AB 4.0850505908472945 1.012592325921124
61086.3613 lsst_hardware_g -2.6339814695583645 15.109999656677246 31.479999542236328 AB 4.143190584956696 1.0174829530836875
61088.3444 lsst_hardware_r 31.577054105721633 23.850000381469727 31.520000457763672 AB 4.200475156425572 1.0131392080139145
61088.362 lsst_hardware_i -9.400687868514996 31.170000076293945 31.260000228881836 AB 4.0824480301831025 1.0216336411869924
61090.3322 lsst_hardware_z -9.960447790228905 41.33000183105469 30.959999084472656 AB 2.5458423833449477 1.0125988929446261
61090.3497 lsst_hardware_i 31.685473566294725 31.200000762939453 31.270000457763672 AB 3.238624829218325 1.0171027990217607
61092.3322 lsst_hardware_u 1.382693327452789 2.809999942779541 28.510000228881836 AB 6.581120062211944 1.0129215394728899
61092.3503 lsst_hardware_g 17.94600642771494 14.90999984741211 31.459999084472656 AB 5.788001752732358 1.0210366928745296
61094.3168 lsst_hardware_g -10.115275541013961 14.779999732971191 31.450000762939453 AB 11.155348704518651 1.0130634976632154
61094.3345 lsst_hardware_r 18.540648482824064 23.549999237060547 31.510000228881836 AB 9.995019706970856 1.015066320951678
61097.1908 lsst_hardware_r -44.107451658288035 49.189998626708984 32.27000045776367 AB 9.230955295072144 1.3213033165249088
61099.3261 lsst_hardware_r 72.64036815317442 23.610000610351562 31.520000457763672 AB 5.387176787535782 1.0176485076809032
61099.3448 lsst_hardware_i 51.4229086647234 31.079999923706055 31.260000228881836 AB 4.900871795231856 1.0344848116584393
61101.3159 lsst_hardware_z -33.0877329030502 60.470001220703125 30.989999771118164 AB 3.4388248604045244 1.0152761305167743
61101.3346 lsst_hardware_i -88.73823777142458 65.18000030517578 31.329999923706055 AB 3.2929974612800494 1.0290617066500154
61103.3075 lsst_hardware_z -177.63490262958712 109.68000030517578 31.75 AB 7.212847554917602 1.0141799149209227
61107.31 lsst_hardware_z 16.370032137268524 91.25 31.739999771118164 AB 10.004204211741534 1.021532084248652
61109.2771 lsst_hardware_r 27.296589161474007 45.720001220703125 31.6299991607666 AB 9.584993383570463 1.0128648597015257
61109.2953 lsst_hardware_z 30.552227359866684 47.380001068115234 30.969999313354492 AB 8.732361880293919 1.0158240195774195
61111.2807 lsst_hardware_r -11.14670097475709 29.139999389648438 31.56999969482422 AB 8.089967502001802 1.0129764391671356
61111.2991 lsst_hardware_i -21.132283551667967 33.619998931884766 31.270000457763672 AB 7.715748458059171 1.0215475252296213
61113.2808 lsst_hardware_z 17.01977204351462 41.34000015258789 30.950000762939453 AB 11.052764931003303 1.0143796254926436
61113.2991 lsst_hardware_i -74.59885221580409 31.450000762939453 31.260000228881836 AB 10.862605360964452 1.0262909357507484
61114.2646 lsst_hardware_u -3.9740962171699676 2.7200000286102295 28.440000534057617 AB 8.810742294540582 1.0127289993724806
61114.2842 lsst_hardware_g -9.887402995166049 14.739999771118164 31.450000762939453 AB 8.848876915078682 1.0171122890895037
61116.2668 lsst_hardware_r 12.313153494412619 23.729999542236328 31.510000228881836 AB 8.002199432526536 1.0129366370286754
61116.2859 lsst_hardware_i -25.698288119584774 31.06999969482422 31.25 AB 8.073007902045966 1.0218997344361982
61118.2652 lsst_hardware_z 2.952515878868051 40.849998474121094 30.950000762939453 AB 5.740985974054083 1.0137711414539958
61118.2848 lsst_hardware_u 2.423345113649365 2.7200000286102295 28.440000534057617 AB 5.763595839025714 1.025672530375932
61122.2612 lsst_hardware_i 2.197438972907311 31.049999237060547 31.260000228881836 AB 6.239441710531985 1.0164992332996254
61122.2812 lsst_hardware_z 112.3286160355727 41.45000076293945 30.950000762939453 AB 6.346571292210524 1.0335032637607042
61124.2408 lsst_hardware_i -3.134652896579759 30.709999084472656 31.239999771118164 AB 7.11129392743403 1.012584124938693
61124.2588 lsst_hardware_u 1.1519657611169465 2.700000047683716 28.420000076293945 AB 6.669302609088265 1.0182141387921015
61126.2386 lsst_hardware_g -1.4263600214644183 15.050000190734863 31.459999084472656 AB 6.380712460694557 1.0128115016975487
61126.2559 lsst_hardware_r 35.41500334154282 23.84000015258789 31.510000228881836 AB 7.149010538404312 1.0198909405082535
61128.2376 lsst_hardware_i 14.13200508371657 48.72999954223633 31.31999969482422 AB 6.818065980125805 1.0136880731676785
61128.2551 lsst_hardware_r 62.24832524127916 51.61000061035156 31.639999389648438 AB 8.131830460773156 1.0235154764975651
61135.2187 lsst_hardware_i 83.60844280455969 77.56999969482422 31.34000015258789 AB 7.179007595128419 1.0137454829552957
61135.2352 lsst_hardware_z -32.73617188169342 69.12999725341797 30.989999771118164 AB 7.196430096048687 1.0228497791323437
61139.1993 lsst_hardware_g 52.45014657603102 33.13999938964844 31.68000030517578 AB 8.051770707957726 1.01257845228506
61139.2186 lsst_hardware_r -31.850269825859314 36.619998931884766 31.600000381469727 AB 7.6204324522078455 1.018683600241669
61146.0329 lsst_hardware_u -5.595841228684868 2.5999999046325684 28.170000076293945 AB 23.587290221468525 1.5042115249913497
61146.0429 lsst_hardware_g 13.998330665035017 15.529999732971191 31.350000381469727 AB 23.587314942388467 1.4195685807144873
61148.1838 lsst_hardware_r -23.192169411160517 24.479999542236328 31.530000686645508 AB 13.079499968367882 1.0139147262300683
61148.203 lsst_hardware_i 46.79763089857414 31.56999969482422 31.260000228881836 AB 13.232458853983427 1.0257720041847618
61152.1794 lsst_hardware_u 3.069528417545478 2.8399999141693115 28.520000457763672 AB 9.423437787060823 1.0165520805890855
61152.1975 lsst_hardware_g 5.216334644355302 15.329999923706055 31.469999313354492 AB 9.587975265004822 1.0314086989032725
61154.1605 lsst_hardware_g 16.122059810973532 19.581514063344127 31.559999465942383 AB 9.85991994888232 1.0126500063041897
61154.1782 lsst_hardware_r 21.69727533367462 24.23979383802155 31.520000457763672 AB 8.065032565086053 1.0190413046059117
61158.1742 lsst_hardware_z 83.60529453716843 90.77345396537777 31.729999542236328 AB 2.276722019019615 1.024396858951458
61160.1594 lsst_hardware_r 288.94463572176204 149.09360437882955 31.670000076293945 AB 10.598839509964101 1.0175537163944028
61160.177 lsst_hardware_i 36.010400898089095 121.03362983834435 31.34000015258789 AB 11.294796647138034 1.0329661903305827
61162.1153 lsst_hardware_z 159.58096644150731 94.86190368839819 31.010000228881836 AB 9.049693026956522 1.020018938838851
61162.1328 lsst_hardware_r 588.047705792411 145.4409239873101 31.670000076293945 AB 7.599765222459962 1.0128068796312863
61164.1501 lsst_hardware_z 654.8517686159622 92.33270499309491 31.75 AB 10.268813851721804 1.0185294437335652
61167.1452 lsst_hardware_r 1433.5655019068677 57.645471117806586 31.6200008392334 AB 6.259100562667395 1.020782913183049
61167.1635 lsst_hardware_z 604.6085072936281 52.24212574008176 30.959999084472656 AB 6.394361410328601 1.0401845912040888
61171.1227 lsst_hardware_u 25.91363890495892 5.386265405731001 28.479999542236328 AB 7.959997793591328 1.01446476691412
61171.1388 lsst_hardware_g 951.3871140555707 34.67761153771761 31.459999084472656 AB 7.92026733571813 1.024481611139326
61174.088 lsst_hardware_r 2822.5461238840917 58.49064173470722 31.520000457763672 AB 6.275911913702603 1.016671296566145
61174.1076 lsst_hardware_i 1809.0245681448257 51.85931221454616 31.260000228881836 AB 6.20112904907896 1.0128150668138889
61176.0815 lsst_hardware_z 1380.6858921355013 55.42648088804229 30.950000762939453 AB 5.138793276872532 1.0172303215465
61176.1015 lsst_hardware_r 3090.551922858354 61.089093211998915 31.510000228881836 AB 5.471843546685769 1.012741726204912
61180.0759 lsst_hardware_r 3571.3964816348603 63.68752329564436 31.5 AB 7.3222425634127575 1.0147466307997088
61181.0372 lsst_hardware_r 10784.399462314619 111.68095438719448 32.70000076293945 AB 6.950646943841253 1.0506079270197544
61181.0642 lsst_hardware_u 16.05926595849669 5.274006720390364 29.239999771118164 AB 7.2389842095309245 1.0194795150029765
61183.0659 lsst_hardware_g 1664.6973851473545 48.78844946515253 31.639999389648438 AB 1.9392372183244933 1.015484666603964
61183.0856 lsst_hardware_r 3797.056252276272 68.77657565265645 31.56999969482422 AB 2.5863097242747 1.0132457293926347
61188.0413 lsst_hardware_z 1734.7723252889423 90.47835131058173 31.0 AB 7.228621242720396 1.0222912236912114
61188.0597 lsst_hardware_r 3909.807665409089 131.1328372057663 31.670000076293945 AB 7.415323989885709 1.0131377419860146
61197.0267 lsst_hardware_r 2204.945577969594 51.86730341555522 31.510000228881836 AB 4.495643916943158 1.0159264623426216
61197.0478 lsst_hardware_u 6.2846536368697645 3.1650532639961724 28.40999984741211 AB 4.3728920456314055 1.0133381845277871
61218.971 lsst_hardware_y 361.9363607542203 56.68526329931143 30.059999465942383 AB 6.471018005926609 1.0141866634161287
61218.9923 lsst_hardware_r 415.3769249407918 90.92900751214007 31.65999984741211 AB 6.5453636088578815 1.0147063962262637
61223.9531 lsst_hardware_y 276.1797679557037 68.65778537007841 30.079999923706055 AB 7.366906035754571 1.015868084266678
61223.9761 lsst_hardware_u 13.055705485696127 4.470874740534752 28.579999923706055 AB 7.4011731854527465 1.013859340472979
61225.9537 lsst_hardware_y 315.70369629429416 71.17976609615404 30.079999923706055 AB 5.49635033597888 1.0136503969961277
61225.9794 lsst_hardware_r 314.28967282383167 30.390422814185225 31.520000457763672 AB 4.9866158975247465 1.0176767137805605
61436.3687 lsst_hardware_g -12.93715916498779 23.1299991607666 31.6200008392334 AB 11.803090944551888 1.0173251307927647
61438.3749 lsst_hardware_z 31.72801873516143 44.619998931884766 30.969999313354492 AB 9.962478016909188 1.0130389218200826
61440.3744 lsst_hardware_u 4.249288196326888 4.460000038146973 28.860000610351562 AB 8.486718192024895 1.0125737581957859
61442.3687 lsst_hardware_r -23.09624662927447 24.670000076293945 31.540000915527344 AB 4.457449634611666 1.0125772951318501
61443.3568 lsst_hardware_z 35.731722728144945 41.310001373291016 30.959999084472656 AB 4.819966785689083 1.0141427143630788
61443.3758 lsst_hardware_y 19.88241407660506 48.959999084472656 30.059999465942383 AB 4.465072599817292 1.013963461533363
61445.3089 lsst_hardware_u -1.8233406406929213 2.759999990463257 28.440000534057617 AB 5.8070055069649715 1.058899618337887
61445.3265 lsst_hardware_y 11.13186233807467 46.970001220703125 30.049999237060547 AB 5.628060688519677 1.0325295947382869
61447.3441 lsst_hardware_i 35.82051159963112 31.079999923706055 31.260000228881836 AB 4.543618349121771 1.0147668004738828
61447.3616 lsst_hardware_z 39.12053965624198 41.220001220703125 30.950000762939453 AB 4.535354958546591 1.0131475390476024
61450.35 lsst_hardware_r -10.68514446641019 23.829999923706055 31.520000457763672 AB 2.531685648686125 1.01267425947445
61450.3667 lsst_hardware_u 0.6424574424786345 2.859999895095825 28.510000228881836 AB 2.4717671901732574 1.0186553431581526
61454.3299 lsst_hardware_i -37.352190684158614 31.149999618530273 31.260000228881836 AB 4.995800487312924 1.0132955706734719
61454.3507 lsst_hardware_z 28.454671626081208 41.310001373291016 30.950000762939453 AB 5.316314200704122 1.015856216695055
61456.3302 lsst_hardware_r 31.557495590136046 84.62000274658203 31.670000076293945 AB 3.662677321233604 1.0125818516979967
61456.3476 lsst_hardware_z -45.76895983405824 60.689998626708984 30.989999771118164 AB 3.8335953398848126 1.017048639870396
61458.3294 lsst_hardware_r 90.5099557708374 108.87999725341797 31.670000076293945 AB 11.328176087012535 1.0128007230230252
61458.3483 lsst_hardware_i 46.11140269927493 82.22000122070312 31.34000015258789 AB 9.584787910997806 1.021043214040087
61460.3064 lsst_hardware_i 84.14116428977962 86.22000122070312 31.350000381469727 AB 10.082711785958383 1.015685684089693
61460.3247 lsst_hardware_z -139.42810276946096 74.93000030517578 31.0 AB 10.030955311236541 1.0129038164125825
61462.316 lsst_hardware_r 15.655472957636833 66.98999786376953 31.65999984741211 AB 6.627096607808521 1.0125949792923437
61462.3339 lsst_hardware_z 46.63700205060797 57.15999984741211 30.989999771118164 AB 6.6699820443270585 1.018628901088469
61464.3179 lsst_hardware_g -88.49893582464148 32.2599983215332 31.670000076293945 AB 5.321910204659357 1.0137937336240173
61464.3362 lsst_hardware_r 3.4099318252602955 36.279998779296875 31.600000381469727 AB 4.859322665145205 1.024579129227812
61466.3045 lsst_hardware_i -9.755188408904429 31.860000610351562 31.270000457763672 AB 3.427567764908441 1.0125754106081066
61466.321 lsst_hardware_z 41.784706408103645 41.630001068115234 30.950000762939453 AB 3.5025286846312307 1.0174375263997382
61468.2973 lsst_hardware_r -45.5245294378427 33.20000076293945 32.2599983215332 AB 7.373133461321049 1.0125844209738446
61468.316 lsst_hardware_g -5.865509256580585 14.920000076293945 31.450000762939453 AB 7.327965651022264 1.0177023333133117
61470.302 lsst_hardware_r 26.43447276147221 23.520000457763672 31.510000228881836 AB 7.228329120326955 1.0139331070734963
61470.3189 lsst_hardware_i 25.42081943817464 30.90999984741211 31.25 AB 7.288187675073739 1.0237656517872817
61472.3003 lsst_hardware_z -12.762916050521367 41.150001525878906 30.950000762939453 AB 9.68336517285338 1.0152938582284015
61472.3185 lsst_hardware_i 6.097968279602583 31.09000015258789 31.25 AB 9.95517086429602 1.0286038433920461
61474.2802 lsst_hardware_r -5.147930973074264 23.690000534057617 31.520000457763672 AB 9.593781607659148 1.0126164717691795
61474.3001 lsst_hardware_u -2.1036069836128983 2.799999952316284 28.5 AB 8.783185678169488 1.0179862862968931
61477.2781 lsst_hardware_i -77.18349865668229 31.06999969482422 31.260000228881836 AB 15.301828541472139 1.0128742249772085
61477.2979 lsst_hardware_z -14.579756766590359 41.439998626708984 30.959999084472656 AB 14.050465679344478 1.022186583197736
61479.1109 lsst_hardware_r -18.16371858813334 56.970001220703125 32.91999816894531 AB 14.482853506965808 1.6051929628114407
61479.1261 lsst_hardware_g -31.138506754160566 16.280000686645508 31.360000610351562 AB 14.325333514361855 1.4589773152755894
61481.2788 lsst_hardware_r -8.142280625134305 23.649999618530273 31.510000228881836 AB 8.032346272441137 1.016752692714068
61481.3007 lsst_hardware_i 9.608671841398651 31.239999771118164 31.260000228881836 AB 8.374888396629435 1.036496088691742
61485.1931 lsst_hardware_z 41.97606277167935 71.5999984741211 30.989999771118164 AB 5.681102787147177 1.0719061862541843
61485.2111 lsst_hardware_i 77.94156975018934 81.45999908447266 31.34000015258789 AB 5.927826399111595 1.0404715255801602
61489.249 lsst_hardware_y 13.770700281032013 61.93000030517578 30.079999923706055 AB 7.1844122918756375 1.0136141026689698
61489.2688 lsst_hardware_r -100.3729825372938 112.66000366210938 31.670000076293945 AB 6.721220777766357 1.0253578608339218
61492.2477 lsst_hardware_z -56.51282275784992 66.91000366210938 31.729999542236328 AB 7.788560448809761 1.0162084698138114
