data/validation/pwv_sim_epoch_fit_4/47468498.ecsv
# %ECSV 0.9
# ---
# datatype:
# - {name: time, datatype: float64}
# - {name: band, datatype: string}
# - {name: flux, datatype: float64}
# - {name: fluxerr, datatype: float64}
# - {name: zp, datatype: float64}
# - {name: zpsys, datatype: string}
# - {name: pwv, datatype: float64}
# - {name: airmass, datatype: float64}
# meta: {SNID: '47468498', alt: 1024.0, c: 0.07677379995584488, dec: -13.708317, lat: -30.244573, lon: -70.7499537, ra: 5.625, t0: 60522.30078125,
#   x0: 1.2776054288426772e-05, x1: 0.7138149738311768, z: 0.4152500033378601}
# schema: astropy-2.0
time band flux fluxerr zp zpsys pwv airmass
[from data line 132]
60937.1742 lsst_hardware_i 9.615332119694104 31.729999542236328 31.25 AB 6.61036918231057 1.0790971321959666
60937.1931 lsst_hardware_u 3.804330526984415 2.8399999141693115 28.489999771118164 AB 6.459836384704729 1.0549398703944795
60939.1718 lsst_hardware_g 26.94210514102157 15.15999984741211 31.450000762939453 AB 4.704285870013072 1.074201370835887
60939.192 lsst_hardware_r -41.886992841423655 24.010000228881836 31.510000228881836 AB 4.537633517673658 1.0513516027974186
60942.1695 lsst_hardware_i -14.670680431534553 31.350000381469727 31.25 AB 4.0865419762497455 1.0658690600547067
60942.1886 lsst_hardware_r 25.277592696123815 23.969999313354492 31.510000228881836 AB 3.891565113525636 1.0482330272122924
60944.1742 lsst_hardware_u 3.204519883415092 2.819999933242798 28.479999542236328 AB 3.5588947996149902 1.0547477795846183
60944.1944 lsst_hardware_g 0.36827605925592316 15.329999923706055 31.459999084472656 AB 3.544147138715311 1.0442389919609047
60949.1447 lsst_hardware_i -71.09007175379065 39.209999084472656 31.280000686645508 AB 6.520297623201639 1.0738892599289003
60949.1648 lsst_hardware_z -59.98746745664591 45.209999084472656 30.959999084472656 AB 6.197263364645354 1.0512745317462708
60954.1447 lsst_hardware_z -24.629579359676057 99.76000213623047 31.0 AB 4.5532699809161645 1.0568109506594325
60954.1636 lsst_hardware_r -333.81452289738644 144.8300018310547 31.65999984741211 AB 4.499952015124836 1.0449816000289895
60956.1346 lsst_hardware_i 11.513348548377344 85.31999969482422 31.34000015258789 AB 5.280070927946426 1.0617832076843703
60956.1519 lsst_hardware_r 81.51094371985863 108.23999786376953 31.65999984741211 AB 5.225220559480653 1.0474182599520219
60958.1306 lsst_hardware_z 22.57146198186144 50.04999923706055 30.959999084472656 AB 3.360866546178089 1.0601266607297273
60958.1499 lsst_hardware_g 17.472006155858853 55.7599983215332 31.709999084472656 AB 3.278080517233178 1.0458899313178123
60960.1338 lsst_hardware_r -30.837735693472403 23.510000228881836 31.5 AB 6.333053924806255 1.05200231309074
60960.1514 lsst_hardware_i 3.8641583676313296 30.90999984741211 31.25 AB 6.32055170533696 1.0441440041856211
60962.1122 lsst_hardware_i 6.220226378307567 31.219999313354492 31.25 AB 7.7037868605323085 1.0695000153449605
60962.1296 lsst_hardware_z -78.8681058875754 41.439998626708984 30.950000762939453 AB 8.779484596131693 1.0510576554688966
60964.1127 lsst_hardware_i -35.878301674774804 31.3700008392334 31.260000228881836 AB 8.21127612255226 1.0618487162229742
60964.1311 lsst_hardware_u 1.153057631076389 2.819999933242798 28.5 AB 8.25794391285629 1.046910643434319
60966.1102 lsst_hardware_g -11.078987873066666 14.829999923706055 31.440000534057617 AB 9.192723121078995 1.0585715000906633
60966.1281 lsst_hardware_r -29.91102200239529 23.68000030517578 31.510000228881836 AB 6.430200926560245 1.045872904100449
60969.1115 lsst_hardware_i 7.080177655981948 31.1200008392334 31.25 AB 2.823228656783089 1.050340842703568
60971.0459 lsst_hardware_u 1.5526492513946473 2.7300000190734863 28.389999389648438 AB 5.095848895352503 1.1677682945522783
60973.1032 lsst_hardware_r -1.8365495932023288 23.440000534057617 31.510000228881836 AB 4.749058461684247 1.048665934421665
60973.1197 lsst_hardware_i -19.296491860696243 30.899999618530273 31.25 AB 4.703615447190386 1.0439332944863362
60975.1026 lsst_hardware_z -7.61497740765949 41.5 30.940000534057617 AB 4.433946912927349 1.0462357038526071
60975.1198 lsst_hardware_r 28.95725816983131 24.170000076293945 31.510000228881836 AB 4.4307288255537225 1.044572611132559
60977.0798 lsst_hardware_i 42.05059992208996 34.540000915527344 31.260000228881836 AB 2.549434889370411 1.0589553019189464
60977.0966 lsst_hardware_z -10.649583584443576 43.04999923706055 30.950000762939453 AB 3.1107828558810464 1.0464620506438485
60980.0762 lsst_hardware_z -64.94768774445554 59.709999084472656 30.979999542236328 AB 4.429698003910022 1.0544807785542603
60980.0957 lsst_hardware_r -20.177449117256838 73.1500015258789 31.649999618530273 AB 5.667058214196686 1.0442981967191916
60990.0559 lsst_hardware_r 20.06896706662396 23.549999237060547 31.510000228881836 AB 3.62620351995828 1.0491981057892166
60990.0735 lsst_hardware_i 28.98340174144108 31.06999969482422 31.260000228881836 AB 3.627673820274776 1.043934912309288
60994.0523 lsst_hardware_g 2.523768176796966 14.789999961853027 31.450000762939453 AB 5.517792089117729 1.045630488746964
60994.0697 lsst_hardware_r 17.23224281088572 23.65999984741211 31.510000228881836 AB 5.625300389120344 1.0450121473379796
60996.055 lsst_hardware_i 32.44964008819253 31.260000228881836 31.260000228881836 AB 4.068346511738743 1.0439688251834014
60996.0751 lsst_hardware_z -86.70554603550168 41.75 30.950000762939453 AB 3.925766202772085 1.0502317289384926
60998.0282 lsst_hardware_y -4.0001174208793735 49.58000183105469 30.040000915527344 AB 5.989408954131621 1.0534842203561716
60998.0472 lsst_hardware_i -33.586859596419345 31.1200008392334 31.25 AB 4.911726667090181 1.0441965773497177
61000.0302 lsst_hardware_y -111.59587145346383 48.40999984741211 30.040000915527344 AB 4.794933003728219 1.048244631082373
61000.05 lsst_hardware_g -21.735541084880435 14.5600004196167 31.43000030517578 AB 4.072689399655915 1.0442793332451064
61005.0225 lsst_hardware_z -45.995828090335586 58.09000015258789 30.979999542236328 AB 5.118996124245054 1.0455465940043
61005.045 lsst_hardware_u 2.6565586228736846 3.630000114440918 28.65999984741211 AB 4.601354226534995 1.0470314532467373
61007.0215 lsst_hardware_y -13.688455290025065 74.0 30.06999969482422 AB 4.642512417717956 1.0443760008363887
61007.0366 lsst_hardware_r -72.4284290942529 39.91999816894531 31.600000381469727 AB 4.681474039514495 1.0457889064033274
