data/validation/pwv_sim_epoch_fit_4/47468498.ecsv
# %ECSV 0.9
# ---
# datatype:
# - {name: time, datatype: float64}
# - {name: band, datatype: string}
# - {name: flux, datatype: float64}
# - {name: fluxerr, datatype: float64}
# - {name: zp, datatype: float64}
# - {name: zpsys, datatype: string}
# - {name: pwv, datatype: float64}
# - {name: airmass, datatype: float64}
# meta: {SNID: '47468498', alt: 1024.0, c: 0.07677379995584488, dec: -13.708317, lat: -30.244573, lon: -70.7499537, ra: 5.625, t0: 60522.30078125,
#   x0: 1.2776054288426772e-05, x1: 0.7138149738311768, z: 0.4152500033378601}
# schema: astropy-2.0
time band flux fluxerr zp zpsys pwv airmass
60490.425 lsst_hardware_i 44.06752501958517 39.56999969482422 31.290000915527344 AB 4.717942515820582 1.0484316701823515
60493.4225 lsst_hardware_u 1.8062978941034207 2.9800000190734863 28.510000228881836 AB 7.320209449011191 1.0457442070015988
60493.4406 lsst_hardware_z -54.34148378404273 49.83000183105469 30.969999313354492 AB 7.31538158892751 1.04505451270393
60495.3708 lsst_hardware_r 88.34315152728352 35.04937006260714 32.2599983215332 AB 5.057734630909274 1.104228505401973
60495.3909 lsst_hardware_y 155.63271305592514 67.54169119021161 30.790000915527344 AB 4.479537728189892 1.0681885566891896
60499.4158 lsst_hardware_u 4.418235778179805 3.2610355763677856 28.530000686645508 AB 2.1260666968885955 1.0438952685214054
60499.4352 lsst_hardware_y 139.75948430480418 50.689557777783705 30.049999237060547 AB 2.4254502593211105 1.050471112421169
60503.4126 lsst_hardware_r 909.9741423335482 39.20447512789707 31.520000457763672 AB 6.4112780821430855 1.044862790440529
60503.4312 lsst_hardware_y 273.53550959736947 50.53296091703526 30.040000915527344 AB 6.802788690278863 1.056196976107487
60506.3805 lsst_hardware_u 2.1571066557189935 2.8960875512969615 28.399999618530273 AB 3.611785547853494 1.0489212626873652
60506.4 lsst_hardware_g 664.0941648261545 29.855642546138675 31.440000534057617 AB 3.654160450587988 1.0440458430251394
60508.3813 lsst_hardware_r 4470.805501707775 75.27453381136459 32.25 AB 1.9107512670947895 1.0458408686889926
60508.4023 lsst_hardware_i 1697.0646218068755 51.41408044675801 31.239999771118164 AB 1.947053363796278 1.0459593681419703
60516.3618 lsst_hardware_r 4829.953546753348 115.59289289906991 31.649999618530273 AB 7.487164926920407 1.0450609398762956
60516.3834 lsst_hardware_z 2299.9151481187755 84.34360363626516 30.989999771118164 AB 7.010111474362698 1.0472622183921865
60527.2897 lsst_hardware_r 4198.467918758977 68.56358511028422 31.489999771118164 AB 1.3175076828507302 1.0911036710979132
60527.3075 lsst_hardware_i 3393.399488036375 65.79863812480217 31.239999771118164 AB 2.876032704767633 1.0630973526740881
60529.3445 lsst_hardware_z 2545.9748858198345 64.50182094557891 30.950000762939453 AB 2.578909291198035 1.045786411678035
60529.3637 lsst_hardware_r 3971.2386058950447 66.89880367676749 31.5 AB 2.6277181947397823 1.0597774530105997
60531.3333 lsst_hardware_u 6.433213664262554 3.2241250197174187 28.510000228881836 AB 5.032976625523307 1.0442582389217734
60531.3525 lsst_hardware_g 1025.5363184459932 35.283279104416735 31.450000762939453 AB 5.37714914643183 1.054136276501045
60535.3105 lsst_hardware_r 3091.9787609001783 60.52843075935933 31.520000457763672 AB 3.5406544731358642 1.0449031940787559
60535.3295 lsst_hardware_u -1.4136648019889222 3.105861441256486 28.540000915527344 AB 3.509405805362598 1.0463344679077513
60537.2736 lsst_hardware_z 1951.8307006422185 62.91903977265879 30.959999084472656 AB 4.829625374769511 1.071939934473313
60537.2932 lsst_hardware_g 782.9945401768134 43.80971071425597 31.65999984741211 AB 5.057625771299618 1.0506805147772906
60539.2944 lsst_hardware_r 2856.4784186063357 83.22260683981627 31.649999618530273 AB 3.4732660364491608 1.0467950682486924
60539.3092 lsst_hardware_i 2604.7924283716698 73.67368345574044 31.31999969482422 AB 3.522934133141496 1.0439870004865373
60541.2974 lsst_hardware_z 1637.8276086910291 85.83040361842205 31.0 AB 2.4669538482485702 1.044213269099924
60541.3187 lsst_hardware_r 2656.9550985587703 122.12078752913311 31.65999984741211 AB 2.541842287630257 1.0492641022209523
60543.2961 lsst_hardware_z 3131.5203077252936 138.1135216152402 31.75 AB 1.884501179876912 1.0439003904594444
60549.2403 lsst_hardware_r 1209.1180458636932 43.073059699731544 31.520000457763672 AB 4.236071026772617 1.0727398877573842
60549.258 lsst_hardware_y 408.03624342023954 51.34368737267652 30.049999237060547 AB 3.8673016654725982 1.0525179167574883
60555.2396 lsst_hardware_r 902.3482371873057 37.82722071568709 31.520000457763672 AB 0.7896025211903331 1.054208973551264
60555.2574 lsst_hardware_i 1398.5042698903496 48.714204590900266 31.260000228881836 AB 1.299755661221187 1.0445397759613075
60557.2339 lsst_hardware_z 1121.0914587695147 53.76832226692891 30.940000534057617 AB 1.9106086794040433 1.054419800995368
60557.2518 lsst_hardware_r 778.2207452137075 36.16863838841151 31.5 AB 2.4347189267946767 1.044570150930859
60559.1956 lsst_hardware_i 1243.0039274517433 47.38522064274034 31.25 AB 2.490796178646093 1.1053011664726395
60559.2134 lsst_hardware_u -1.355544321583567 2.8241989310451396 28.469999313354492 AB 1.9907886812488746 1.0721418263615994
60566.1746 lsst_hardware_i 1909.9686260272777 74.49914005350813 32.040000915527344 AB 0.9843624756023173 1.1096617855545146
60566.1911 lsst_hardware_r 1019.1209029048767 70.39586525071014 32.369998931884766 AB 0.9678375353018016 1.0770704278606713
60571.1918 lsst_hardware_z 969.6185928307688 108.53587136498487 31.0 AB 6.470247980260059 1.0581377783654375
60571.2108 lsst_hardware_r 447.64783231729945 155.60350890318406 31.65999984741211 AB 6.254168209548895 1.0453231170898316
60574.1089 lsst_hardware_i 712.3785636142094 60.08179056344209 31.270000457763672 AB 4.11326553811995 1.267961016683011
60574.1321 lsst_hardware_z 657.6123689025213 63.255678038577905 30.969999313354492 AB 3.9611437132851113 1.1693700843666481
60582.1491 lsst_hardware_g 66.28385690097409 17.263493824283703 31.440000534057617 AB 4.478867213859389 1.0744124133678368
60582.1677 lsst_hardware_r 337.53098461639553 29.859516383724365 31.510000228881836 AB 4.430288062804852 1.0526791824972161
60586.1457 lsst_hardware_i 551.015002794796 38.484005354443894 31.25 AB 1.930757589117315 1.0639736898148926
60586.1648 lsst_hardware_u 0.009944647368612104 2.8860879781919593 28.420000076293945 AB 1.906815530513286 1.047413090092499
60588.1483 lsst_hardware_g 58.68249052268973 16.617203138828852 31.440000534057617 AB 4.551184465247934 1.0552859463795168
60588.1658 lsst_hardware_r 283.35221211115584 29.116785963458035 31.5 AB 4.5074482475261615 1.044902520435001
60590.1449 lsst_hardware_i 481.21792998022704 37.99912065056895 31.25 AB 5.2439859732466845 1.0534675675320624
60590.1633 lsst_hardware_r 305.2518801535065 29.03900269066788 31.510000228881836 AB 5.213825657189096 1.0442619068376198
60592.1336 lsst_hardware_z 526.0448776583504 47.049746854778164 30.959999084472656 AB 3.288591791024073 1.0590425218660018
60592.1519 lsst_hardware_g 78.28143450525519 18.53211050457827 31.520000457763672 AB 3.259974354146603 1.0458692185263403
60594.1355 lsst_hardware_r -33.514034690171 34.709999084472656 31.59000015258789 AB 6.3254712804288475 1.0522284422238426
60594.1527 lsst_hardware_i 36.793073057365135 36.470001220703125 31.280000686645508 AB 6.284585943725527 1.0442113389923613
60596.1129 lsst_hardware_i -68.67878167360348 54.06999969482422 31.31999969482422 AB 7.7315633361508596 1.0713730113144682
60596.1321 lsst_hardware_z -63.487540801622934 53.83000183105469 30.979999542236328 AB 8.773608214515113 1.0506895790007043
60599.112 lsst_hardware_i 248.86499456381918 112.45999908447266 31.34000015258789 AB 7.3024732074872984 1.0618175466489548
60599.13 lsst_hardware_z 57.81595714445586 92.56999969482422 31.0 AB 6.7012349817134895 1.0470679658927327
60601.1103 lsst_hardware_z -96.71149792154334 75.55999755859375 30.989999771118164 AB 4.4708661841067405 1.0577133491568103
60601.1278 lsst_hardware_r 42.471516092992765 111.01000213623047 31.65999984741211 AB 3.864182610032306 1.0456925699167345
60603.1113 lsst_hardware_i -43.43079049407386 45.529998779296875 31.309999465942383 AB 2.7841245152501077 1.0519362148302212
60603.1281 lsst_hardware_r -46.708009710632616 52.189998626708984 31.639999389648438 AB 2.8155490377415093 1.0442140083106104
60605.0994 lsst_hardware_u 0.9301481407912577 2.7699999809265137 28.459999084472656 AB 5.61563318311749 1.057690830572145
60605.1168 lsst_hardware_g -11.318332972794549 14.869999885559082 31.450000762939453 AB 5.573168081702295 1.045720627019851
60607.1006 lsst_hardware_r -50.37583927063251 23.729999542236328 31.520000457763672 AB 4.785008514923958 1.0517658017197402
60607.1171 lsst_hardware_i 45.16206039007311 31.190000534057617 31.260000228881836 AB 4.726687651171135 1.0442257044452337
60609.092 lsst_hardware_z -28.13453835901455 41.56999969482422 30.950000762939453 AB 4.476757212725931 1.0543469648436525
60609.0981 lsst_hardware_r 6.439146198205907 23.59000015258789 31.520000457763672 AB 4.458477320628452 1.0496709407012756
60611.0801 lsst_hardware_i 1.0983979065489127 31.25 31.270000457763672 AB 2.5371344152092856 1.0608227520038824
60611.0976 lsst_hardware_u -1.1357981013856033 2.9800000190734863 28.639999389648438 AB 3.0625107943639343 1.0468929333513903
60613.0759 lsst_hardware_g 3.7534706909335527 14.949999809265137 31.469999313354492 AB 4.3977720267543745 1.0594275454409992
60613.0927 lsst_hardware_r -2.1005976837845077 23.809999465942383 31.530000686645508 AB 5.283940137274817 1.0466356615380443
60615.078 lsst_hardware_i 45.54830252192001 31.190000534057617 31.260000228881836 AB 6.951925637338687 1.0523520952665213
60615.0969 lsst_hardware_r -4.776491506221099 23.670000076293945 31.520000457763672 AB 5.895229505396676 1.0440193929272013
60617.077 lsst_hardware_u -6.237039726287905 2.7100000381469727 28.420000076293945 AB 4.271271504777157 1.0491946707878057
60617.0966 lsst_hardware_g -24.605418453743926 14.579999923706055 31.450000762939453 AB 4.629332548131005 1.0440141059496062
60624.0582 lsst_hardware_i 51.3512065785608 45.900001525878906 31.309999465942383 AB 3.640729147683314 1.0489999465087678
60624.0767 lsst_hardware_z 36.957954345872444 48.91999816894531 30.969999313354492 AB 3.601284833351315 1.043951541216924
60626.0599 lsst_hardware_z -55.667276072618435 69.33999633789062 30.989999771118164 AB 4.567792048463836 1.045560411665542
60626.0774 lsst_hardware_r -11.268297509958492 89.33000183105469 31.649999618530273 AB 4.564460987157137 1.0450371443323132
60629.0492 lsst_hardware_i -14.57585253396838 79.37000274658203 31.329999923706055 AB 6.225225189521465 1.0465494854897757
60629.0672 lsst_hardware_r -31.9584363483589 100.7300033569336 31.65999984741211 AB 6.259872110254965 1.0445306374528918
60631.0281 lsst_hardware_z -52.7209509310662 43.11000061035156 30.950000762939453 AB 8.015326435931856 1.0580008715247031
60631.048 lsst_hardware_u 2.983683039279605 8.890000343322754 29.190000534057617 AB 6.860978765600527 1.0450047621051217
60633.029 lsst_hardware_y -117.62347302745115 49.060001373291016 30.049999237060547 AB 7.872885258516192 1.0522316990833023
60633.0495 lsst_hardware_r 10.053046637355303 23.6200008392334 31.510000228881836 AB 6.828541823315566 1.043906719830026
60635.0322 lsst_hardware_y 52.724146471239486 48.09000015258789 30.040000915527344 AB 4.833203265722726 1.0468276512286605
60635.053 lsst_hardware_z -5.336612583782197 41.209999084472656 30.950000762939453 AB 4.66474557498913 1.045086944099872
60642.0217 lsst_hardware_y -48.49992884629832 73.37000274658203 30.06999969482422 AB 6.422144837125271 1.0441945971154116
60642.0369 lsst_hardware_r 11.479236990470199 24.6200008392334 31.520000457763672 AB 6.476307241757152 1.046140519344756
60853.3927 lsst_hardware_r -8.919870445751226 24.780000686645508 31.510000228881836 AB 7.908221637446176 1.099675071547726
60853.4139 lsst_hardware_y -29.641157279722428 47.630001068115234 30.040000915527344 AB 7.63288969856174 1.0640645490560046
60862.4075 lsst_hardware_i -15.941347070325186 31.559999465942383 31.260000228881836 AB 5.140568792401021 1.0479550405818878
60862.4263 lsst_hardware_y -76.14736664256395 47.72999954223633 30.049999237060547 AB 5.50191628881358 1.0442050272942835
60864.4065 lsst_hardware_r -8.458649351051951 41.40999984741211 31.610000610351562 AB 1.6266323552135065 1.0458976725369038
60864.4254 lsst_hardware_y -5.574105725805465 47.22999954223633 30.049999237060547 AB 2.2639796521508893 1.0452352964686544
60869.3949 lsst_hardware_z 106.64656548132115 64.08000183105469 30.989999771118164 AB 6.398877929997286 1.045198257152543
60869.4151 lsst_hardware_y -48.20138154481325 54.38999938964844 30.059999465942383 AB 6.423279365923598 1.0464775767226455
60871.3734 lsst_hardware_r 52.27846782258304 84.48999786376953 31.65999984741211 AB 3.9382248020255504 1.0548345525712857
60871.3963 lsst_hardware_y -39.361580448971715 55.560001373291016 30.059999465942383 AB 4.979729128756769 1.043968370808547
60880.3651 lsst_hardware_r 7.93778094182465 23.729999542236328 31.510000228881836 AB 5.305088015757844 1.0451316027891733
60880.3855 lsst_hardware_u 1.683141940772089 2.859999895095825 28.530000686645508 AB 5.565405459059873 1.0466698874530769
60882.3616 lsst_hardware_g 18.424741376936034 14.529999732971191 31.440000534057617 AB 7.449548656433001 1.044622135612742
60882.383 lsst_hardware_i 7.530716683450887 30.809999465942383 31.25 AB 7.093839126965135 1.04815698483755
60885.3323 lsst_hardware_r 1.938510115101211 33.41999816894531 32.2599983215332 AB 3.913089683449158 1.0575918063376102
60885.3528 lsst_hardware_z 15.704711376075565 58.52000045776367 31.700000762939453 AB 4.414746560001624 1.0447661806066122
60887.3343 lsst_hardware_r 17.32576885747176 23.6200008392334 31.510000228881836 AB 4.13102187434829 1.0511060279924407
60887.3539 lsst_hardware_u -3.0662625555077576 2.75 28.450000762939453 AB 4.129098073946587 1.0439317564334873
60889.3302 lsst_hardware_g -5.86783446423611 14.829999923706055 31.440000534057617 AB 1.4521833429504483 1.0501506638185718
60889.3513 lsst_hardware_r -26.785607043864005 23.739999771118164 31.510000228881836 AB 1.483258160891935 1.0440578326315828
60893.2807 lsst_hardware_r -119.48205668576955 58.33000183105469 31.6200008392334 AB 1.3723772310817894 1.1058640057065185
60893.3046 lsst_hardware_z -55.98060232975758 50.459999084472656 30.969999313354492 AB 2.929724565116746 1.0641934490071725
60895.3255 lsst_hardware_z -28.807822993764653 64.61000061035156 30.989999771118164 AB 2.6401278740296883 1.0447676588958006
60895.346 lsst_hardware_i 23.666542072904498 72.52999877929688 31.329999923706055 AB 2.6508716382144235 1.0473613742451298
60898.3223 lsst_hardware_z -43.00892833746998 83.36000061035156 31.0 AB 5.888456819290725 1.0439909259424487
60898.3411 lsst_hardware_r -135.63235606398993 120.05999755859375 31.65999984741211 AB 5.6657396979785135 1.0492110551812062
60900.2858 lsst_hardware_r -134.34336967332484 84.61000061035156 31.649999618530273 AB 3.616954389750861 1.0638101146326062
60900.3052 lsst_hardware_y -42.493315170071355 55.4900016784668 30.059999465942383 AB 3.805934094727599 1.0472165719694393
60903.2795 lsst_hardware_g -5.879160176751279 25.729999542236328 31.6200008392334 AB 4.82583621940135 1.0615565814785195
60903.2981 lsst_hardware_r 14.379851741686506 32.61000061035156 31.579999923706055 AB 5.049038817441069 1.0467040823925513
60905.2921 lsst_hardware_i -28.635715698611488 30.90999984741211 31.25 AB 3.496560295748443 1.0469527047678548
60905.3115 lsst_hardware_z 19.55603704707864 41.349998474121094 30.950000762939453 AB 3.5026410265844676 1.044706890339115
60907.2571 lsst_hardware_r -9.452079719879674 23.6200008392334 31.510000228881836 AB 1.6839874949959326 1.0774646728846276
60907.2753 lsst_hardware_u -3.308544000026329 2.7699999809265137 28.469999313354492 AB 1.7204391591376886 1.0546753465978167
60911.2857 lsst_hardware_z -16.835442126917098 58.59000015258789 31.700000762939453 AB 2.9672943071353095 1.0440866668315658
60911.3075 lsst_hardware_r 23.263775601460505 33.31999969482422 32.2599983215332 AB 3.257821378133107 1.0504583119517756
60931.205 lsst_hardware_u 7.810804862334669 4.119999885559082 28.719999313354492 AB 2.3292343111203655 1.0593849201578374
60931.222 lsst_hardware_g 3.424061654249593 28.209999084472656 31.639999389648438 AB 2.5047474588445766 1.0465518630269819
60933.1901 lsst_hardware_r -0.8690489892338555 24.34000015258789 31.520000457763672 AB 1.0766890643033604 1.0713324022924524
