data/validation/pwv_sim_epoch_fit_4/47501673.ecsv
# %ECSV 0.9
# ---
# datatype:
# - {name: time, datatype: float64}
# - {name: band, datatype: string}
# - {name: flux, datatype: float64}
# - {name: fluxerr, datatype: float64}
# - {name: zp, datatype: float64}
# - {name: zpsys, datatype: string}
# - {name: pwv, datatype: float64}
# - {name: airmass, datatype: float64}
# meta: {SNID: '47501673', alt: 1024.0, c: -0.03278927505016327, dec: -23.969482, lat: -30.244573, lon: -70.7499537, ra: 185.449219, t0: 62267.33984375,
#   x0: 2.379175902544458e-06, x1: -0.42975571751594543, z: 0.8304418325424194}
# schema: astropy-2.0
time band flux fluxerr zp zpsys pwv airmass
[from data line 132]
62558.2974 lsst_hardware_g -17.52863973309313 20.18000030517578 31.56999969482422 AB 6.61422124648553 1.0110911459595715
62562.2788 lsst_hardware_z 12.796730425118712 40.7599983215332 30.950000762939453 AB 3.464555972677994 1.0075288792200447
62562.2962 lsst_hardware_r 22.77656364238945 23.020000457763672 31.510000228881836 AB 3.463671065609436 1.0183523897418407
62566.0937 lsst_hardware_r -47.83269397194874 25.020000457763672 31.3700008392334 AB 11.86834522035462 1.6340080615449226
62566.1131 lsst_hardware_u 0.5247720732611695 2.4000000953674316 28.040000915527344 AB 10.556113252863922 1.4464391960625131
62568.0951 lsst_hardware_g 7.845382327416826 14.220000267028809 31.25 AB 16.10351157133651 1.560518596615076
62568.1146 lsst_hardware_r 24.904544185824015 24.350000381469727 31.440000534057617 AB 14.360060759161707 1.3925244984520067
62575.0946 lsst_hardware_r 47.01653911205461 49.970001220703125 31.540000915527344 AB 12.487873016327226 1.3990708262153957
62575.1147 lsst_hardware_i 37.33816801117975 45.16999816894531 31.260000228881836 AB 11.217146456844672 1.271064754316714
62578.1655 lsst_hardware_z 68.59452528957027 70.18000030517578 30.989999771118164 AB 6.503940113438274 1.0630392863054425
62578.1833 lsst_hardware_i -3.2784695507449273 79.88999938964844 31.34000015258789 AB 7.117438496202106 1.0329849538524136
62579.2271 lsst_hardware_i -34.792288843282165 100.26000213623047 31.350000381469727 AB 6.804989052699681 1.0061714490370282
62579.2461 lsst_hardware_z -80.02809678219793 82.91000366210938 31.0 AB 6.898235993706206 1.0152302871637848
62580.0854 lsst_hardware_z 45.847412124419336 152.0399932861328 31.709999084472656 AB 6.944902505795391 1.3671516465360039
62582.0767 lsst_hardware_r 3.1248185609397328 102.26000213623047 31.579999923706055 AB 5.456583359108507 1.3901532909282426
62582.0931 lsst_hardware_i 29.66823876656121 83.91000366210938 31.299999237060547 AB 6.689230794566024 1.2848256856199547
62591.0631 lsst_hardware_i -57.44893295379942 32.880001068115234 31.209999084472656 AB 6.28778007891747 1.3167436425145218
62591.0789 lsst_hardware_u -0.38465660085201353 2.549999952316284 28.229999542236328 AB 5.873631219875204 1.2307671760582253
62594.0663 lsst_hardware_g 0.25380600933010916 14.729999542236328 31.360000610351562 AB 7.625141465160014 1.2526928643272093
62594.0843 lsst_hardware_r 14.78136174384776 24.030000686645508 31.469999313354492 AB 8.23176985082762 1.1718516900163667
62597.1794 lsst_hardware_g 11.961315637581434 14.850000381469727 31.469999313354492 AB 13.748142402920843 1.0064525917218772
62597.1985 lsst_hardware_r 29.18553349981934 23.510000228881836 31.510000228881836 AB 13.976634335919458 1.0164824971577557
62598.0597 lsst_hardware_u 1.1109022230708971 2.680000066757202 28.329999923706055 AB 13.401057192039476 1.2311867329000559
62598.0781 lsst_hardware_g 11.57619290998553 14.710000038146973 31.40999984741211 AB 12.468954091534236 1.1541409482769143
62601.1867 lsst_hardware_g 13.440049724388574 14.760000228881836 31.450000762939453 AB 5.029704899773087 1.0157599932224342
62601.204 lsst_hardware_r -41.49979212104003 23.510000228881836 31.5 AB 5.107694415879356 1.034819061127001
62602.0804 lsst_hardware_r 33.995348523284605 31.420000076293945 31.559999465942383 AB 3.538079901393446 1.1111478360827363
62602.0984 lsst_hardware_z 5.423786352374076 43.470001220703125 30.950000762939453 AB 4.122792536547553 1.0662854096851293
62604.0693 lsst_hardware_z -81.53579858601644 69.08999633789062 31.719999313354492 AB 8.6172300111377 1.1283527577763126
62606.0715 lsst_hardware_z -63.794945895220714 63.29999923706055 30.979999542236328 AB 12.048487393243661 1.105365815893914
62606.089 lsst_hardware_r 76.50904249704521 82.06999969482422 31.649999618530273 AB 11.03865285424126 1.0631382316660523
62608.0583 lsst_hardware_r -75.93342678227641 148.72999572753906 31.639999389648438 AB 16.48315090911338 1.1286028729443884
62608.0768 lsst_hardware_y -155.7476275828128 72.0 30.059999465942383 AB 15.75262285188175 1.0778086736185022
62614.0824 lsst_hardware_i -41.35979346855897 30.84000015258789 31.25 AB 5.298614351117405 1.036640345203614
62614.0908 lsst_hardware_z -10.521197387825197 41.099998474121094 30.950000762939453 AB 4.658040602646697 1.0257177214746374
62616.0795 lsst_hardware_u 2.7861462944341713 2.7699999809265137 28.489999771118164 AB 14.08141999848833 1.0330437971160098
62616.1003 lsst_hardware_r -5.840862269572504 23.1299991607666 31.510000228881836 AB 13.728955476912892 1.0122732148875866
62618.0728 lsst_hardware_i -23.48226533220178 30.8799991607666 31.260000228881836 AB 4.2424920540022635 1.0347541595127472
62618.0911 lsst_hardware_z -2.6429520644655047 40.91999816894531 30.950000762939453 AB 4.4700182500495735 1.0149329057273255
62619.9618 lsst_hardware_y 104.3601392942239 83.62999725341797 29.93000030517578 AB 15.664481911013755 1.479048736198197
62619.9795 lsst_hardware_g -3.544650851645862 15.130000114440918 31.360000610351562 AB 14.121575116948891 1.344783841248261
62621.1255 lsst_hardware_u 1.67460322530367 2.680000066757202 28.420000076293945 AB 10.536452611642913 1.01115161456231
62621.1437 lsst_hardware_g -11.22278521101084 14.430000305175781 31.43000030517578 AB 10.747924402501786 1.0274034558491372
62622.9606 lsst_hardware_z 94.11196270975285 66.12999725341797 30.940000534057617 AB 13.091309485167786 1.4214233968694663
62622.98 lsst_hardware_u 1.9693685492556432 2.880000114440918 28.3799991607666 AB 12.13553276684297 1.291380473202643
62624.9595 lsst_hardware_y 49.25232531467746 81.37999725341797 29.950000762939453 AB 15.122229879972659 1.3886345160672187
62624.9775 lsst_hardware_r 19.05859192981158 24.579999923706055 31.469999313354492 AB 14.138446477493318 1.274767512171429
62628.1072 lsst_hardware_g -6.084704552424658 14.390000343322754 31.450000762939453 AB 6.7694090494473915 1.0116429872894555
62628.1252 lsst_hardware_r 27.449469684266905 23.079999923706055 31.5 AB 6.305626110196127 1.0281470911782369
62630.0177 lsst_hardware_i 52.85156162855836 32.130001068115234 31.25 AB 9.778516812608881 1.075576796349181
62630.0336 lsst_hardware_z -12.965937150399355 41.709999084472656 30.940000534057617 AB 9.503462548732154 1.0445374163967964
62632.9577 lsst_hardware_y 46.11384648114808 73.2300033569336 29.989999771118164 AB 14.087458503245164 1.2637325412195708
62632.9773 lsst_hardware_r 2.8927003488531313 51.18000030517578 31.59000015258789 AB 13.637800071468785 1.1738509271362565
62638.0605 lsst_hardware_z 3.222068320223017 106.6500015258789 31.75 AB 8.939150786436025 1.0056984627817995
62643.9564 lsst_hardware_y -105.21069703451316 59.7400016784668 30.020000457763672 AB 2.934438425741865 1.140473542845653
62643.9754 lsst_hardware_r -14.726964986987065 23.389999389648438 31.5 AB 2.062991405534137 1.0852137851308787
62645.0257 lsst_hardware_i -17.632974779566492 30.540000915527344 31.260000228881836 AB 7.538595767240491 1.0096333616839943
62645.0449 lsst_hardware_u 3.880235006445693 2.740000009536743 28.479999542236328 AB 8.348863050146404 1.0058871144754702
62647.0085 lsst_hardware_u 4.3071703214490835 2.819999933242798 28.530000686645508 AB 5.789556143674938 1.017764989658941
62647.0272 lsst_hardware_g -9.891634865806148 14.539999961853027 31.469999313354492 AB 5.73692868489181 1.006920348379422
62651.0065 lsst_hardware_r 18.07261847479215 23.030000686645508 31.510000228881836 AB 9.728251340189148 1.011173904341011
62651.0261 lsst_hardware_i 20.81879805980111 30.489999771118164 31.260000228881836 AB 9.568961832244094 1.0057152790622597
62651.9592 lsst_hardware_z 54.89903865325085 64.6500015258789 31.709999084472656 AB 9.72901930215022 1.072048553982504
62651.9852 lsst_hardware_r -38.75050073666663 32.36000061035156 32.2400016784668 AB 9.344692266244298 1.027896447938293
62653.0012 lsst_hardware_z 14.508809063746797 40.84000015258789 30.950000762939453 AB 6.8753361461845754 1.0110788450271435
62653.0233 lsst_hardware_u 6.281319087536409 2.7300000190734863 28.469999313354492 AB 6.840220769290318 1.005914819013282
62653.9586 lsst_hardware_y 74.82659528364675 50.83000183105469 30.040000915527344 AB 10.092606231051208 1.0617928230242282
62653.9791 lsst_hardware_z -58.380297623126985 40.97999954223633 30.940000534057617 AB 9.79766993821522 1.0286807641571798
62654.9566 lsst_hardware_y -58.18056568569495 54.220001220703125 30.049999237060547 AB 10.07318503548396 1.0603352668930484
62654.9762 lsst_hardware_u 1.3660492374882003 2.680000066757202 28.43000030517578 AB 9.424471534069733 1.0288911589442866
