data/validation/pwv_sim_epoch_fit_4/47534201.ecsv
# %ECSV 0.9
# ---
# datatype:
# - {name: time, datatype: float64}
# - {name: band, datatype: string}
# - {name: flux, datatype: float64}
# - {name: fluxerr, datatype: float64}
# - {name: zp, datatype: float64}
# - {name: zpsys, datatype: string}
# - {name: pwv, datatype: float64}
# - {name: airmass, datatype: float64}
# meta: {SNID: '47534201', alt: 1024.0, c: 0.1004505455493927, dec: 3.433834, lat: -30.244573, lon: -70.7499537, ra: 260.859375, t0: 62372.44921875,
#   x0: 5.037376784012416e-06, x1: -0.4431377351284027, z: 0.6118123531341553}
# schema: astropy-2.0
time band flux fluxerr zp zpsys pwv airmass
62219.3859 lsst_hardware_i 42.214384765488674 32.290000915527344 31.239999771118164 AB 8.365849836153659 1.224240848196921
62219.4044 lsst_hardware_y 39.73090584084618 52.0099983215332 30.010000228881836 AB 8.10762991294676 1.2046998384764873
62225.3891 lsst_hardware_r -121.09308234535116 86.13999938964844 31.6200008392334 AB 8.875817710689688 1.2040993548009886
62225.4067 lsst_hardware_y -13.825728424336123 60.040000915527344 30.010000228881836 AB 8.775652149654027 1.202473574904618
62227.3948 lsst_hardware_y -44.46091248652418 79.38999938964844 30.75 AB 8.063668739069296 1.2012914322635824
62229.3912 lsst_hardware_i -22.945606237249446 64.44999694824219 31.299999237060547 AB 7.382344426949014 1.2014230921583509
62229.4086 lsst_hardware_z 9.868305697022347 63.58000183105469 30.969999313354492 AB 7.6122900721310645 1.2109911027888665
62231.3933 lsst_hardware_r 52.03182941146853 46.400001525878906 31.579999923706055 AB 9.792554925072292 1.2037189914350872
62231.4118 lsst_hardware_y -41.30918995208898 57.45000076293945 30.0 AB 10.07105832552264 1.2215116680945621
62233.3915 lsst_hardware_r 38.1832607669118 28.450000762939453 31.510000228881836 AB 9.823182396932037 1.205853294084031
62233.4107 lsst_hardware_y 61.094346352736125 53.4900016784668 29.989999771118164 AB 10.020642583771739 1.2283209835464373
62235.3546 lsst_hardware_i 31.561273076712553 32.279998779296875 31.219999313354492 AB 8.69030697539525 1.2092123665628067
62235.3737 lsst_hardware_z -47.8677582438252 43.880001068115234 30.93000030517578 AB 8.626611073361124 1.2013244929307247
62243.371 lsst_hardware_z 26.58022138791979 43.7400016784668 30.940000534057617 AB 17.824743044890663 1.2116196883316226
62243.3879 lsst_hardware_u 3.1978702875697937 2.740000009536743 28.40999984741211 AB 18.053469573018802 1.2364543231983292
62245.3307 lsst_hardware_r 30.86190618007976 23.389999389648438 31.469999313354492 AB 12.876314066809847 1.2064758011252903
62245.3489 lsst_hardware_g 5.711681324968848 14.029999732971191 31.3799991607666 AB 13.086614376970548 1.2016357471508217
62249.3275 lsst_hardware_z 20.243997513007056 43.369998931884766 30.93000030517578 AB 6.735930685833508 1.2024153312805264
62249.346 lsst_hardware_i -28.082372917313354 31.729999542236328 31.219999313354492 AB 6.760255167494002 1.2047144555812175
62251.332 lsst_hardware_z -54.46128815934405 43.25 30.93000030517578 AB 15.39383486574753 1.2015481877778742
62251.3495 lsst_hardware_g 9.797015100913606 13.970000267028809 31.3700008392334 AB 18.906786148312488 1.2119734710456724
62253.3309 lsst_hardware_r -29.72543963756754 83.8499984741211 31.610000610351562 AB 2.4317863121506615 1.2027134214980808
62253.3478 lsst_hardware_i 17.98000079548523 67.23999786376953 31.299999237060547 AB 2.6664206776855996 1.2162478383847954
62255.3359 lsst_hardware_z 45.47954378715562 111.51000213623047 31.719999313354492 AB 13.88123307542058 1.2093773371162728
62258.2966 lsst_hardware_r -60.619464972080486 78.36000061035156 31.610000610351562 AB 10.904408983700906 1.2055287054504795
62258.3152 lsst_hardware_z 69.02396248321863 63.15999984741211 30.959999084472656 AB 10.849720507870872 1.2020519064780493
62260.2977 lsst_hardware_r -1.1898503822426363 46.619998931884766 31.579999923706055 AB 10.98652546357963 1.2023447625918193
62260.3144 lsst_hardware_i -67.68657753493913 44.5 31.270000457763672 AB 11.027815435485138 1.203866173227154
62262.2988 lsst_hardware_z 72.27471988060077 44.560001373291016 30.940000534057617 AB 3.6903869322389853 1.201297829504878
62262.3169 lsst_hardware_i -66.73891755738263 34.54999923706055 31.239999771118164 AB 3.7312484320883734 1.2094808531891
62265.2879 lsst_hardware_r -7.280650336026258 23.530000686645508 31.479999542236328 AB 10.352500444441299 1.2014739679035993
62265.3064 lsst_hardware_i -30.101776824673376 32.040000915527344 31.229999542236328 AB 9.989845086951156 1.2075238833495898
62267.2946 lsst_hardware_z -49.37740176336573 43.70000076293945 30.940000534057617 AB 9.176341834853346 1.2035335871011834
62267.3136 lsst_hardware_u -0.012920075699480628 2.740000009536743 28.40999984741211 AB 9.391429338914602 1.221649344899411
62269.2801 lsst_hardware_g 25.191187205818554 14.170000076293945 31.3799991607666 AB 8.453198320587223 1.2013071985675825
62269.3012 lsst_hardware_r -18.84357712497635 23.559999465942383 31.469999313354492 AB 8.34399075403925 1.2128774989518496
62271.2827 lsst_hardware_i -28.32116457335779 31.899999618530273 31.219999313354492 AB 8.633740676602647 1.2030992059366168
62271.3017 lsst_hardware_z 63.67621066706599 43.72999954223633 30.93000030517578 AB 8.90870999425752 1.2202597928396184
62276.2408 lsst_hardware_z -21.422995031756223 43.630001068115234 30.93000030517578 AB 9.060170018322179 1.2109828494081771
62276.2615 lsst_hardware_i 5.003428224822352 31.950000762939453 31.219999313354492 AB 9.087853347984954 1.2013289582918873
62278.2436 lsst_hardware_z -67.74012882410132 43.31999969482422 30.940000534057617 AB 5.7760735903290295 1.2045615912541856
62278.2639 lsst_hardware_g 32.97187045663474 14.40999984741211 31.399999618530273 AB 5.069636130221794 1.2032364233121347
62281.2287 lsst_hardware_r -30.71682099334529 71.52999877929688 31.610000610351562 AB 6.699304475837524 1.2095154471466656
62281.2517 lsst_hardware_i 108.11642626803452 59.689998626708984 31.290000915527344 AB 6.551467977864851 1.2018836870051095
62284.2466 lsst_hardware_z -44.59254940085443 129.94000244140625 31.729999542236328 AB 8.444678440108058 1.2028599729517924
62287.2127 lsst_hardware_r 5.424831314672271 74.95999908447266 31.610000610351562 AB 8.68611893695102 1.209176437245235
62287.2317 lsst_hardware_i -78.5202490356621 63.02000045776367 31.299999237060547 AB 8.58843955902665 1.2013483786581023
62303.1747 lsst_hardware_g -7.5259458458768025 14.300000190734863 31.3700008392334 AB 9.507681337543202 1.2049529608444112
62303.1959 lsst_hardware_r 18.0738081226532 23.760000228881836 31.459999084472656 AB 9.429878031630064 1.2033661549376378
62309.183 lsst_hardware_r 1.5091415397392731 88.80000305175781 32.349998474121094 AB 2.531006215049817 1.2052410547856272
62309.2042 lsst_hardware_i -131.0046683903148 77.87000274658203 32.029998779296875 AB 2.583137158381806 1.2300653135151458
62311.1788 lsst_hardware_z -61.667728999904405 76.83000183105469 30.969999313354492 AB 4.559748305551503 1.2060699097738061
62311.1988 lsst_hardware_i 38.11090956238631 88.91000366210938 31.299999237060547 AB 4.651692221607828 1.2301724845577824
62313.1468 lsst_hardware_r 98.78439497305175 136.41000366210938 31.6299991607666 AB 7.286501474567525 1.2053267399309109
62313.1659 lsst_hardware_z 52.60046721481902 91.18000030517578 30.979999542236328 AB 7.29549244012916 1.2023389955302994
62318.1035 lsst_hardware_g -16.121869184424348 14.140000343322754 31.34000015258789 AB 10.668956549184417 1.2470532863536683
62318.1278 lsst_hardware_r 40.302768071276375 35.56999969482422 31.540000915527344 AB 10.125418954184822 1.209426441548976
62320.2183 lsst_hardware_i -2.01163356835816 37.25 31.209999084472656 AB 9.181336131708157 1.3687483983961062
62320.2308 lsst_hardware_z -10.19664010008948 48.869998931884766 30.899999618530273 AB 9.634134578009037 1.436251334709502
62324.167 lsst_hardware_r -29.515961395880993 23.65999984741211 31.459999084472656 AB 2.731274965325949 1.2369904734266075
62324.1868 lsst_hardware_g -16.03097503628027 14.149999618530273 31.34000015258789 AB 2.8781799094424834 1.2873922362199868
62329.0899 lsst_hardware_i 8.178255269135326 32.15999984741211 31.229999542236328 AB 8.856984365189177 1.2181246548191353
62329.1118 lsst_hardware_z 59.11621481957723 43.59000015258789 30.940000534057617 AB 8.66090833268672 1.2017355810583414
62331.0856 lsst_hardware_r 28.546921751031533 23.459999084472656 31.459999084472656 AB 9.153690242894324 1.21663934113897
62331.1051 lsst_hardware_u -2.1184143450926873 2.640000104904175 28.329999923706055 AB 9.03718954800831 1.2020203344723894
62333.0842 lsst_hardware_g -11.469135046025974 14.550000190734863 31.3799991607666 AB 4.54620296216902 1.2119975905542577
62333.1052 lsst_hardware_r -12.05104968160808 23.420000076293945 31.459999084472656 AB 4.623358143489836 1.2013402997245253
62335.0907 lsst_hardware_i -49.21406955752265 35.369998931884766 31.239999771118164 AB 2.9222364431273826 1.2032266441644452
62335.1103 lsst_hardware_z 43.1633991118856 45.2400016784668 30.93000030517578 AB 2.955055175415149 1.2042607520539899
62349.0493 lsst_hardware_i 87.2105813333837 33.47406769307442 31.229999542236328 AB 4.559077656560044 1.2048567815253273
62349.0703 lsst_hardware_z 138.81428534535718 44.637083817854936 30.93000030517578 AB 4.541693540219258 1.2033898404166488
62353.0435 lsst_hardware_g 75.88124475033155 15.773506985793896 31.3700008392334 AB 2.6454685900916313 1.2024857227689232
62353.0604 lsst_hardware_r 299.4597475095506 29.338580683851024 31.469999313354492 AB 2.648532270629874 1.2038783048317607
62355.0497 lsst_hardware_i 466.1682099813125 38.63921826657478 31.229999542236328 AB 2.6785123475510413 1.2019350897698724
62355.0679 lsst_hardware_z 394.3085883744812 47.94778113803855 30.940000534057617 AB 2.8561838587873614 1.2146220960184397
62361.0149 lsst_hardware_u 6.784834263346525 4.678230106538962 29.149999618530273 AB 2.597192825842802 1.2058933608091942
62361.0344 lsst_hardware_r 2132.921890161276 57.23481917856817 32.22999954223633 AB 2.556735045762044 1.2022265105464156
62363.014 lsst_hardware_i 1188.2859621316727 47.56856684755074 31.239999771118164 AB 4.872644989991835 1.203345061429113
62363.034 lsst_hardware_z 900.9517578817096 53.092937611496986 30.940000534057617 AB 4.871919731479492 1.2043556594720952
62365.0114 lsst_hardware_r 1657.9956056084998 58.31896911417641 31.579999923706055 AB 4.6447952384174735 1.2022765932055584
62365.0287 lsst_hardware_z 1080.910314327624 58.253968534931204 30.950000762939453 AB 4.700849810791105 1.2044453449235244
62369.9789 lsst_hardware_z 1353.9985951950855 78.26031667645863 30.969999313354492 AB 4.049493875485149 1.216916921411945
62370.0008 lsst_hardware_i 1582.536953447864 82.49397531025741 31.299999237060547 AB 3.613364148468376 1.2015842648567454
62376.9794 lsst_hardware_y 617.7333368602023 57.11385179701221 30.0 AB 6.461079942760349 1.2020613846995998
62376.9974 lsst_hardware_z 1266.3063598085773 55.300975152667725 30.93000030517578 AB 6.445926707906691 1.2053154732353764
62378.9816 lsst_hardware_y 433.40191637612094 56.2470845503598 30.0 AB 3.403208012657526 1.201485617884387
62378.999 lsst_hardware_u 1.2946516444687763 2.636702571477564 28.290000915527344 AB 3.3202966083021175 1.211013625714688
62595.4068 lsst_hardware_u 2.5167195916012424 3.5299999713897705 28.489999771118164 AB 9.957774915684169 1.2112239520369976
62597.3565 lsst_hardware_g 6.6975199976174515 14.09000015258789 31.3799991607666 AB 22.110533348839542 1.2167028944195648
62597.3755 lsst_hardware_r -4.6365250515608105 23.40999984741211 31.469999313354492 AB 23.170195660306195 1.2021321535367933
62601.3587 lsst_hardware_g -3.4756462775254975 14.130000114440918 31.389999389648438 AB 5.733438741799516 1.2046937525449422
62601.3752 lsst_hardware_r 34.234722845751264 23.43000030517578 31.469999313354492 AB 5.278223895678685 1.2018498083175693
62603.3617 lsst_hardware_i 28.966408000668558 32.02000045776367 31.239999771118164 AB 8.139512436625632 1.2015518420409346
62603.3792 lsst_hardware_z 5.91527939126083 43.689998626708984 30.940000534057617 AB 7.567768706495898 1.2063072776752846
62607.3199 lsst_hardware_z 92.5511033030095 55.959999084472656 30.959999084472656 AB 20.976171420481087 1.230683008261656
62607.3367 lsst_hardware_r -59.02880085390075 63.93000030517578 31.610000610351562 AB 20.630540158719146 1.2087616908580137
62613.3498 lsst_hardware_z -140.17444941423054 91.30000305175781 31.719999313354492 AB 7.470605818792773 1.2049364223859311
62615.2769 lsst_hardware_g -86.6382588105511 66.58999633789062 32.790000915527344 AB 10.789870802920426 1.2810516229524014
62615.3012 lsst_hardware_r -27.24246119286376 59.689998626708984 32.31999969482422 AB 10.906425257080638 1.22544104012142
62617.3324 lsst_hardware_i 0.7451876356302775 33.279998779296875 31.229999542236328 AB 4.487674445957998 1.2020824873656997
62617.353 lsst_hardware_z 78.88186532556773 44.040000915527344 30.93000030517578 AB 3.976641536766804 1.2185204647669081
62619.3286 lsst_hardware_i -28.91647173786267 31.84000015258789 31.219999313354492 AB 3.487585620040785 1.2026157310485466
62619.3483 lsst_hardware_u -1.242100910502014 2.549999952316284 28.229999542236328 AB 4.3098771976814 1.2195464622755816
62624.2915 lsst_hardware_r 71.57973054047196 23.520000457763672 31.469999313354492 AB 15.304294356216884 1.20775701877287
62624.3096 lsst_hardware_i -37.42813309871495 32.119998931884766 31.229999542236328 AB 15.001078885602292 1.2013918232961651
62626.292 lsst_hardware_z 26.679997824984753 43.54999923706055 30.93000030517578 AB 10.029358081576706 1.2038600506033739
62626.3112 lsst_hardware_u 1.2829929407981986 2.609999895095825 28.309999465942383 AB 10.038930524667458 1.2033119204899414
62628.2916 lsst_hardware_g -6.598894945342586 13.979999542236328 31.360000610351562 AB 8.83309691756994 1.2019454235365272
62632.3036 lsst_hardware_g 4.847697732499729 14.180000305175781 31.3799991607666 AB 9.300359954248126 1.2091737572967238
62632.3242 lsst_hardware_r 8.39207320313273 23.6299991607666 31.459999084472656 AB 9.345857004289302 1.238682174193362
62635.2142 lsst_hardware_r 16.392777396704073 58.15999984741211 31.56999969482422 AB 8.82934461068695 1.3079864615110786
62635.2438 lsst_hardware_i -55.96335612835133 85.7300033569336 32.459999084472656 AB 8.263776521137215 1.2300947486063136
62635.2711 lsst_hardware_r -68.20926431126675 54.66999816894531 31.59000015258789 AB 8.289886543626976 1.2023476621526488
62643.2422 lsst_hardware_i -63.6222578795659 68.5999984741211 32.029998779296875 AB 5.77970925540013 1.205864647485944
62643.2711 lsst_hardware_z -176.66610807401517 73.12999725341797 31.700000762939453 AB 5.296632883749648 1.2071409911115374
62645.2315 lsst_hardware_i 7.778785203912295 35.400001525878906 31.25 AB 9.033950395954498 1.2100931479411459
62645.2528 lsst_hardware_z -23.42272242257632 45.20000076293945 30.940000534057617 AB 8.139203376547057 1.2014618788649045
62647.2402 lsst_hardware_g 19.00264625046748 14.399999618530273 31.399999618530273 AB 7.222164188448442 1.201841192902339
62647.2627 lsst_hardware_r -34.11757448226952 23.850000381469727 31.479999542236328 AB 6.852706781915627 1.2092300656283532
62651.203 lsst_hardware_r -0.8898030491522564 23.790000915527344 31.469999313354492 AB 15.194004081734507 1.2253229098172989
62651.2261 lsst_hardware_i 37.31544788227065 31.979999542236328 31.229999542236328 AB 14.674452650545936 1.202823987749667
62653.1832 lsst_hardware_z 7.783859448635761 44.43000030517578 30.93000030517578 AB 9.348056199798787 1.2537629023335282
62653.2032 lsst_hardware_u -0.6910012674143656 2.680000066757202 28.350000381469727 AB 9.077024427171223 1.2172488168393754
62656.1942 lsst_hardware_g -2.477415910583806 14.40999984741211 31.3799991607666 AB 13.94831800556659 1.2183001140332421
62656.2183 lsst_hardware_r 14.075178732116548 23.770000457763672 31.469999313354492 AB 13.806811342660883 1.2014106428431837
62673.0935 lsst_hardware_z 16.355524631179296 45.619998931884766 30.920000076293945 AB 4.1422391717881215 1.3807463905960404
62673.1238 lsst_hardware_i -94.92465929383248 32.54999923706055 31.229999542236328 AB 3.7980028322375903 1.2660009440791968
62677.1693 lsst_hardware_u -3.0050099216833126 2.559999942779541 28.25 AB 4.549916050747301 1.2023296692204009
62677.193 lsst_hardware_g -1.8504170562765583 14.1899995803833 31.350000381469727 AB 4.642580462048504 1.224013304286088
62681.1259 lsst_hardware_i 15.946357649526151 32.02000045776367 31.219999313354492 AB 5.989302531408126 1.218369730071028
62681.1488 lsst_hardware_z -59.392324589683675 43.34000015258789 30.93000030517578 AB 5.7595946829130344 1.2015844261988249
62683.1285 lsst_hardware_r -15.147210369658817 23.549999237060547 31.459999084472656 AB 10.2125718461143 1.2094232917533958
62683.1485 lsst_hardware_g -4.318656359863309 14.149999618530273 31.360000610351562 AB 10.137022511835248 1.201424890291548
62687.1256 lsst_hardware_r -3.2263834312162984 23.6200008392334 31.479999542236328 AB 4.364752287396817 1.2038205302066654
62687.146 lsst_hardware_i 72.65412852480549 31.8799991607666 31.229999542236328 AB 4.413243851567794 1.203995048852164
62689.1297 lsst_hardware_z -16.829693277937295 43.709999084472656 30.93000030517578 AB 2.1624100237717157 1.2013389020953975
62689.1499 lsst_hardware_i -31.050952822752816 32.36000061035156 31.229999542236328 AB 2.179831372898574 1.2110174293880966
62696.0892 lsst_hardware_r -265.1730900960851 128.72000122070312 31.6200008392334 AB 9.129776067248132 1.2132324068899647
62696.1119 lsst_hardware_z 60.097442554887756 86.76000213623047 30.979999542236328 AB 9.015772467866563 1.2013554856355908
62698.0801 lsst_hardware_y -94.87922108742492 57.900001525878906 29.989999771118164 AB 4.726212265190201 1.217572932208725
62698.0994 lsst_hardware_r -69.30149677783547 99.93000030517578 31.610000610351562 AB 4.655252286090426 1.2022862309117837
62703.0746 lsst_hardware_r -39.61870230407236 23.270000457763672 31.459999084472656 AB 6.8901963407432305 1.2088063755689877
62703.0939 lsst_hardware_g 15.54018784465052 13.9399995803833 31.360000610351562 AB 6.783304319693102 1.201435409084901
62708.0408 lsst_hardware_i 20.558578396642417 32.029998779296875 31.209999084472656 AB 11.368315175472894 1.2369188693959086
62708.0591 lsst_hardware_z -49.25566262542436 43.470001220703125 30.93000030517578 AB 10.344088021549334 1.2104955556501795
62712.0395 lsst_hardware_g 2.3007408937952736 13.829999923706055 31.350000381469727 AB 6.254897310462879 1.2207853705932363
62712.0585 lsst_hardware_r 14.027217535253078 23.219999313354492 31.459999084472656 AB 5.775785776055714 1.2032887033449404
62717.0433 lsst_hardware_i 34.974840573201334 32.119998931884766 31.229999542236328 AB 1.7045044534035645 1.2040295173559439
62717.0612 lsst_hardware_z -38.59147896936987 43.38999938964844 30.93000030517578 AB 1.7756337807919713 1.202732296765842
62721.0421 lsst_hardware_r 49.15253572456502 57.75 31.600000381469727 AB 3.9716962358634826 1.201360022947212
62721.0615 lsst_hardware_z 29.82327667689309 54.209999084472656 30.950000762939453 AB 4.042365234702863 1.2100474659856901
62724.0074 lsst_hardware_z -10.889656512372571 70.33999633789062 30.969999313354492 AB 12.198287528382883 1.2198592493195213
62724.0239 lsst_hardware_r 126.54338383317501 95.4800033569336 31.610000610351562 AB 12.217633199006556 1.2041822589204174
62730.0091 lsst_hardware_i 42.934246502070486 32.130001068115234 31.229999542236328 AB 4.772507053708649 1.2034058551061944
62730.027 lsst_hardware_z 11.9520634152745 43.849998474121094 30.940000534057617 AB 4.670650661304688 1.2032590797693483
62732.0173 lsst_hardware_r -6.56985561097119 33.400001525878906 32.2400016784668 AB 2.8676421599829114 1.2018617602610693
62732.0384 lsst_hardware_u -2.7464677652043856 3.8499999046325684 29.139999389648438 AB 2.9060385685349264 1.2177840069287982
62736.9793 lsst_hardware_z 31.977353365290796 46.15999984741211 30.940000534057617 AB 3.131007356417601 1.211104286400774
62736.998 lsst_hardware_i 35.3748917216453 31.969999313354492 31.229999542236328 AB 3.1166870676934657 1.2013826993132757
62738.9788 lsst_hardware_y 12.593305084680637 53.63999938964844 29.989999771118164 AB 3.091052710458819 1.2068139161085314
62738.9957 lsst_hardware_r -28.43795491880903 23.649999618530273 31.469999313354492 AB 3.0533046220764177 1.2014577474069708
62740.9783 lsst_hardware_y 2.727247598618068 55.97999954223633 29.989999771118164 AB 4.902344976508713 1.2037679500328333
62740.9951 lsst_hardware_r -31.142599178690777 23.68000030517578 31.469999313354492 AB 4.790908284864781 1.2025372200965816
62744.9796 lsst_hardware_y -13.993849851212063 55.060001373291016 29.989999771118164 AB 5.185327957349964 1.2014894183753853
62744.9979 lsst_hardware_u 1.772233287035899 2.740000009536743 28.34000015258789 AB 5.092851022640228 1.2119583602047106
