data/validation/pwv_sim_epoch_fit_4/47575571.ecsv
# %ECSV 0.9
# ---
# datatype:
# - {name: time, datatype: float64}
# - {name: band, datatype: string}
# - {name: flux, datatype: float64}
# - {name: fluxerr, datatype: float64}
# - {name: zp, datatype: float64}
# - {name: zpsys, datatype: string}
# - {name: pwv, datatype: float64}
# - {name: airmass, datatype: float64}
# meta: {SNID: '47575571', alt: 1024.0, c: -0.017493313178420067, dec: -28.29155, lat: -30.244573, lon: -70.7499537, ra: 75.761719, t0: 60335.63671875,
#   x0: 3.613613763963796e-06, x1: 0.8891016244888306, z: 0.7004848718643188}
# schema: astropy-2.0
time band flux fluxerr zp zpsys pwv airmass
60181.3384 lsst_hardware_r 43.388586954910245 70.94999694824219 31.559999465942383 AB 2.720844272168522 1.405939424967812
60181.3569 lsst_hardware_u -28.665959050961465 22.079999923706055 29.260000228881836 AB 2.549531495634331 1.2863428333170186
60183.3259 lsst_hardware_z -168.26886309411378 82.7300033569336 30.93000030517578 AB 4.415153072130154 1.4612051315690406
60183.3432 lsst_hardware_i -33.96324032189215 71.31999969482422 31.270000457763672 AB 3.6422924951927067 1.3354775709578697
60185.3227 lsst_hardware_z -152.32225802966667 85.3499984741211 30.940000534057617 AB 10.086670082299062 1.4427907094464227
60185.341 lsst_hardware_r -78.30869109315623 73.0999984741211 31.579999923706055 AB 9.236499160082372 1.3153034357168614
60193.2694 lsst_hardware_i -115.30715230025665 97.54000091552734 31.940000534057617 AB 1.4502442514043348 1.7729147327681354
60193.2848 lsst_hardware_z 109.46957898090626 117.0999984741211 31.670000076293945 AB 1.3677410542981585 1.5894724628682841
60198.3209 lsst_hardware_r -21.743946222885327 73.86000061035156 31.600000381469727 AB 3.0439365028686574 1.232362956626987
60198.3388 lsst_hardware_u -28.02916567514541 23.81999969482422 29.389999389648438 AB 3.6073614321128753 1.1571946424656359
60200.2798 lsst_hardware_z 11.166923614227947 84.58999633789062 30.940000534057617 AB 5.094282939413522 1.4586350578134637
60200.2959 lsst_hardware_i -18.810277446726413 72.80999755859375 31.270000457763672 AB 3.7066216225656703 1.3411566250802969
60202.3361 lsst_hardware_r -45.670963703225375 73.4800033569336 31.6299991607666 AB 1.4739130339968907 1.129002707006427
60202.3538 lsst_hardware_u -33.05452358233323 24.31999969482422 29.469999313354492 AB 1.4243973519474105 1.0796341727748615
60204.3435 lsst_hardware_g -18.29847254932523 79.48999786376953 31.719999313354492 AB 1.3395282468481224 1.0917100626303542
60204.3616 lsst_hardware_r -20.19099447984804 74.26000213623047 31.649999618530273 AB 1.3175503599273444 1.0515166479867073
60208.2996 lsst_hardware_g 32.656283260387596 76.98999786376953 31.649999618530273 AB 3.7622069849835142 1.2048701312997643
60208.3156 lsst_hardware_r 23.717979459311834 73.06999969482422 31.6200008392334 AB 3.491455800040706 1.1426790378140093
60210.3285 lsst_hardware_z -33.27795191280408 85.62999725341797 30.989999771118164 AB 2.22438414223656 1.0881618306905307
60210.3458 lsst_hardware_r 5.246347892838832 74.0999984741211 31.649999618530273 AB 1.8804686307168965 1.050443327837266
60214.2916 lsst_hardware_z -83.46779465393804 83.44000244140625 30.979999542236328 AB 4.466659921643893 1.170406128476806
60214.3067 lsst_hardware_i -10.083397136131273 71.86000061035156 31.31999969482422 AB 4.838026008732772 1.1184894252069486
60216.2628 lsst_hardware_z -121.23932670249522 84.5999984741211 30.969999313354492 AB 5.8865753647417 1.2783008392490118
60216.2821 lsst_hardware_r 6.783441215202535 72.93000030517578 31.6200008392334 AB 5.398853814922762 1.1864743568068097
60217.2511 lsst_hardware_y 346.4751213470519 122.13999938964844 30.719999313354492 AB 3.088856560500865 1.330925627504861
60225.2669 lsst_hardware_z -71.29532279234994 85.05999755859375 30.979999542236328 AB 4.349519959842242 1.1506666560427952
60225.2853 lsst_hardware_r 107.80609230492577 73.56999969482422 31.6299991607666 AB 4.039358550772352 1.093985343713859
60228.2687 lsst_hardware_u 4.152136969754904 23.6299991607666 29.40999984741211 AB 4.697160009801538 1.1178169582076043
60228.2861 lsst_hardware_g -62.25852850210787 79.19000244140625 31.709999084472656 AB 4.409996014332317 1.072013616367625
60237.1588 lsst_hardware_u -7.024456498689647 26.18000030517578 29.639999389648438 AB 5.556459754989856 1.6537082604136477
60237.1787 lsst_hardware_g 21.90384685439204 103.77999877929688 32.29999923706055 AB 3.1581549307932546 1.4593499622446664
60239.1823 lsst_hardware_r 20.48894168354119 70.94999694824219 31.559999465942383 AB 3.8560299702934646 1.3895603496553026
60239.201 lsst_hardware_g 106.86254473924336 76.06999969482422 31.6299991607666 AB 3.6010374600852155 1.2729011877289558
60241.1794 lsst_hardware_r -83.74155007197321 72.62999725341797 31.56999969482422 AB 3.3397429725935686 1.3715576889501309
60241.1982 lsst_hardware_i 113.31657134996878 73.86000061035156 31.290000915527344 AB 2.9179496128146027 1.258822093535204
60243.1796 lsst_hardware_z 39.66569927852537 85.37000274658203 30.959999084472656 AB 1.6637217324801028 1.3341794165838834
60243.1985 lsst_hardware_i -33.47965843649572 73.69999694824219 31.299999237060547 AB 1.537742012463788 1.2301936099710304
60245.1897 lsst_hardware_z 41.00491787226961 120.81999969482422 31.729999542236328 AB 2.50544477431698 1.2464899374711345
60247.1819 lsst_hardware_r 27.354567069025524 72.47000122070312 31.600000381469727 AB 6.448050337751206 1.2584017052597982
60247.1997 lsst_hardware_i 32.533751105660485 73.26000213623047 31.309999465942383 AB 6.019994420388195 1.1774666358823265
60249.1917 lsst_hardware_z -354.4549354150823 120.16999816894531 31.729999542236328 AB 5.284209889755255 1.1877298021476757
60251.1677 lsst_hardware_r 91.20307914820992 70.62000274658203 31.579999923706055 AB 4.658640539011543 1.2758155659347532
60251.1848 lsst_hardware_g 95.06226278691427 75.91999816894531 31.65999984741211 AB 4.4418517469966945 1.1937252746564617
60263.1977 lsst_hardware_i -0.03669310369523509 75.06999969482422 31.329999923706055 AB 4.004834020737263 1.056916829752233
60263.2143 lsst_hardware_u -30.81041320545585 25.1299991607666 29.510000228881836 AB 7.63271899221091 1.0293619679313433
60265.205 lsst_hardware_g -20.035330038950146 79.8499984741211 31.729999542236328 AB 2.283230056581102 1.0348527224259256
60265.2231 lsst_hardware_r -86.44980190485175 74.29000091552734 31.65999984741211 AB 5.521385398587577 1.0133306535600979
60268.0984 lsst_hardware_g 48.765863038990624 74.9800033569336 31.559999465942383 AB 8.199878154453932 1.4247030065943762
60268.1153 lsst_hardware_r 83.70505592252023 73.01000213623047 31.579999923706055 AB 7.5303971483152665 1.3099000634879534
60270.0965 lsst_hardware_i 17.233816399573946 73.20999908447266 31.270000457763672 AB 5.3633176189331175 1.3979714893609063
60270.1118 lsst_hardware_z 31.781831961603768 86.80000305175781 30.959999084472656 AB 4.975667845796008 1.2983954714380919
60272.0998 lsst_hardware_r -3.6862746954852876 72.87999725341797 31.579999923706055 AB 10.591773280396952 1.33813357370459
60272.1173 lsst_hardware_z -86.82755861611798 86.43000030517578 30.969999313354492 AB 9.813087229157336 1.239965533125769
60274.0999 lsst_hardware_r -44.54833717440789 73.2300033569336 31.59000015258789 AB 4.638776399819039 1.3040955089101198
60274.117 lsst_hardware_i -31.534640425095393 74.08999633789062 31.299999237060547 AB 4.394417899265408 1.2156066111385995
60276.1223 lsst_hardware_i 26.772370650812196 73.93000030517578 31.299999237060547 AB 4.542372299297878 1.1705133909890988
60276.1409 lsst_hardware_z 56.41511524860962 86.5199966430664 30.989999771118164 AB 4.640170660203208 1.1082107258917626
60278.1245 lsst_hardware_r 119.9667571350131 74.48999786376953 31.6200008392334 AB 5.764966731498764 1.1426334695096267
60278.1425 lsst_hardware_u 6.292824353676759 24.239999771118164 29.440000534057617 AB 5.770853937391459 1.0890458458938403
60280.1239 lsst_hardware_g -57.872896994409466 79.81999969482422 31.700000762939453 AB 7.159126810894432 1.1265936022179657
60280.1417 lsst_hardware_r -103.69037483188114 75.19000244140625 31.639999389648438 AB 6.951644887477466 1.077607330255416
60284.1449 lsst_hardware_r -0.2755220446072145 74.2300033569336 31.649999618530273 AB 5.696376874067865 1.0483807626884816
60284.1653 lsst_hardware_g 235.6836605255862 80.2300033569336 31.739999771118164 AB 5.449007138874933 1.0191727557981731
60286.0258 lsst_hardware_y 24.58246167635073 83.13999938964844 29.8700008392334 AB 6.202914859698873 1.6447538075920647
60286.0471 lsst_hardware_u 15.863775956539149 20.809999465942383 29.1200008392334 AB 4.29815140295252 1.4416070444247928
60287.0264 lsst_hardware_y -94.9030733378139 82.58000183105469 29.8700008392334 AB 8.050999217629817 1.608055769167074
60287.0465 lsst_hardware_i 1.6997402128876753 71.18000030517578 31.260000228881836 AB 7.642342524957156 1.4248797473585253
60290.029 lsst_hardware_y -125.33311258589063 84.33000183105469 29.920000076293945 AB 20.00776119833146 1.5023191463878702
60290.0504 lsst_hardware_r -60.680259289244205 71.68000030517578 31.579999923706055 AB 18.19850370215042 1.3397507050576476
60293.0319 lsst_hardware_y -36.13899099934134 74.05999755859375 29.940000534057617 AB 10.697443650503397 1.4113049857571707
60293.0532 lsst_hardware_g 0.5129707850230308 13.899999618530273 31.350000381469727 AB 9.791699975315625 1.27486851021043
60295.0328 lsst_hardware_z 30.533417795558808 70.05999755859375 30.950000762939453 AB 13.865594275131215 1.3658217013476597
60295.0524 lsst_hardware_i -24.397929755640817 32.400001525878906 31.219999313354492 AB 13.64316125616361 1.2504329451379128
60301.037 lsst_hardware_y -51.38883622006644 67.27999877929688 29.989999771118164 AB 6.88509388084108 1.2454945515266886
60301.0584 lsst_hardware_r 108.05601601725397 61.25 31.610000610351562 AB 5.631251890551722 1.1542407154602556
60303.0381 lsst_hardware_y -45.02956895594625 69.98597920054576 30.010000228881836 AB 6.980558664326648 1.2143269834437938
60303.0582 lsst_hardware_z 187.82081153868373 62.29956133035343 30.969999313354492 AB 8.11265961695568 1.1360146961755802
60304.0389 lsst_hardware_y -149.81574137881415 67.84381876726465 30.020000457763672 AB 11.340492337948836 1.1987835452377205
60304.0592 lsst_hardware_z 16.135905835574487 64.99514771051065 30.979999542236328 AB 10.651341421855065 1.123974191089127
60310.041 lsst_hardware_y -47.77526808734243 58.89521580032584 30.030000686645508 AB 7.7455728732529865 1.1297493546907
60310.0617 lsst_hardware_g 7.324705478651269 13.918931170603098 31.389999389648438 AB 7.399185519265521 1.0731778290798695
60312.0432 lsst_hardware_y 40.02206707497589 57.954961990528574 30.040000915527344 AB 7.347553559980093 1.1065037237056512
60312.0651 lsst_hardware_i 197.33002685760525 33.23440788293333 31.25 AB 6.89603927100792 1.0546015095592451
60314.0427 lsst_hardware_y 107.98864898298937 58.736235479011064 30.049999237060547 AB 11.638146223282266 1.0929376178130505
60314.0625 lsst_hardware_i 407.34847802563024 34.76446844811174 31.25 AB 11.227053776169836 1.0492573622588632
60318.0452 lsst_hardware_y 161.41221625483442 55.007433492167706 30.049999237060547 AB 9.07093806181294 1.0616009825109014
60318.0683 lsst_hardware_i 578.5265990836263 37.86792309169003 31.25 AB 8.778055707167734 1.023968547851314
60320.0417 lsst_hardware_z 361.222329621129 53.356458688629694 30.969999313354492 AB 6.55735669222622 1.0576381761655194
60320.0592 lsst_hardware_u -5.039604849187865 2.9823424151775217 28.450000762939453 AB 6.377551962697174 1.0286374133382539
60322.0415 lsst_hardware_y 187.5710617358812 61.49410321133658 30.059999465942383 AB 3.936004880429536 1.047738654950187
60322.0582 lsst_hardware_r 866.6058546626087 36.051360083648234 31.5 AB 2.1809835718437327 1.0229754089323324
60554.3294 lsst_hardware_u 1.2633337854719813 2.5399999618530273 28.239999771118164 AB 3.54077642347825 1.3236547377488783
60554.3463 lsst_hardware_r -10.728072034712177 22.90999984741211 31.459999084472656 AB 2.6727687544937107 1.2316906702735995
60556.3169 lsst_hardware_g 4.572005316307045 13.600000381469727 31.299999237060547 AB 3.1565860980347513 1.3694516694293934
60556.3338 lsst_hardware_i -27.71175240958532 32.279998779296875 31.219999313354492 AB 2.5470484851425024 1.2671883010659217
60558.3095 lsst_hardware_z 11.26264937066795 46.11000061035156 30.920000076293945 AB 0.9680742344672806 1.3829631920961152
60558.3259 lsst_hardware_r -11.926680492769153 23.280000686645508 31.450000762939453 AB 0.8962742044650167 1.2803917206643096
60560.3267 lsst_hardware_u -3.0290122079814323 2.5 28.229999542236328 AB 3.492894736663967 1.2474624059514168
60560.3443 lsst_hardware_g -13.008709383405904 13.329999923706055 31.360000610351562 AB 3.4359006199661684 1.1698674225284877
60567.315 lsst_hardware_r 12.640171804212411 41.099998474121094 31.579999923706055 AB 2.1808770878155443 1.212271866490089
60567.3317 lsst_hardware_i 28.14196275499087 39.09000015258789 31.270000457763672 AB 2.033625504382417 1.146027334112446
60569.3298 lsst_hardware_r 125.61204904764679 65.33000183105469 31.6200008392334 AB 1.2717527693415644 1.1339748277676744
60569.347 lsst_hardware_i 4.178646579690383 52.38999938964844 31.309999465942383 AB 1.2581041106695183 1.08457250919728
60572.3042 lsst_hardware_z -50.019464456349006 60.849998474121094 30.959999084472656 AB 7.744358834613698 1.199745752845072
60572.3207 lsst_hardware_i -2.6631576534026795 64.37000274658203 31.309999465942383 AB 7.451084113649492 1.1369914720724794
60575.3247 lsst_hardware_r -43.27434641263817 53.349998474121094 31.6299991607666 AB 2.292608792362218 1.1000122154479588
60575.3411 lsst_hardware_z -41.89333437182904 49.34000015258789 30.969999313354492 AB 1.9066223407581442 1.0609045761427753
60579.302 lsst_hardware_u -0.7752317535382347 2.549999952316284 28.280000686645508 AB 4.910063724575697 1.1356249459353243
60579.3188 lsst_hardware_g 11.286579463856462 14.899999618530273 31.420000076293945 AB 4.683100161326826 1.0868183247451182
60581.2705 lsst_hardware_u 0.6093442860591102 2.450000047683716 28.200000762939453 AB 5.620127262316028 1.2418341155592607
60581.2894 lsst_hardware_g 3.403571608689373 13.010000228881836 31.34000015258789 AB 5.249385061350087 1.160683607315025
60583.2713 lsst_hardware_r 5.140062835939699 22.31999969482422 31.450000762939453 AB 5.722325947274318 1.212357192219135
60583.2901 lsst_hardware_i -8.828310458053213 30.479999542236328 31.229999542236328 AB 5.396111282773528 1.1389006506486972
60585.2705 lsst_hardware_z 27.23663820295748 42.849998474121094 30.940000534057617 AB 3.13017720229277 1.1921456908567107
60585.2905 lsst_hardware_r 15.774669552152563 22.09000015258789 31.479999542236328 AB 2.9393691716925 1.1200441401087398
60587.2774 lsst_hardware_u 0.6272375118080511 2.559999942779541 28.34000015258789 AB 7.581492666638893 1.1449811472685787
60587.2979 lsst_hardware_g -12.19340893867862 12.920000076293945 31.3799991607666 AB 7.501462993458282 1.084470471068349
60589.269 lsst_hardware_r 12.918894755531388 22.18000030517578 31.469999313354492 AB 5.083767011679001 1.1554015935634092
60589.2896 lsst_hardware_z -77.19164671822514 41.34000015258789 30.940000534057617 AB 4.803380928859771 1.091677483831766
60593.262 lsst_hardware_g -4.670087011835536 13.199999809265137 31.3799991607666 AB 4.809981713518109 1.1416095839047546
60593.2804 lsst_hardware_r 4.931852905943602 22.020000457763672 31.479999542236328 AB 4.549314525983806 1.0872689566181821
60597.2011 lsst_hardware_i -96.67010443529472 49.540000915527344 31.239999771118164 AB 9.335218080855057 1.3967907352900335
60597.2204 lsst_hardware_z 7.778320438575946 51.40999984741211 30.940000534057617 AB 8.115386672008157 1.275068608778908
60598.1971 lsst_hardware_i -160.42216651769183 55.81999969482422 31.260000228881836 AB 10.667498919965757 1.4061314305127486
60598.2158 lsst_hardware_z -80.20272560963615 54.349998474121094 30.950000762939453 AB 9.143786763033093 1.2853680215123517
60602.1963 lsst_hardware_i 4.890840228809356 69.43000030517578 31.270000457763672 AB 2.9804557460993264 1.3365272404032853
60602.2145 lsst_hardware_r -113.36559840341738 83.45999908447266 31.610000610351562 AB 1.3880957552919857 1.2353269848342747
60604.1966 lsst_hardware_z -61.2119978564706 54.470001220703125 30.940000534057617 AB 3.7208539295694893 1.3014529309442076
60604.2146 lsst_hardware_g -30.985849623239755 55.52000045776367 31.639999389648438 AB 2.9769555442518985 1.2095299316414523
60606.2051 lsst_hardware_r 2.447085589175402 22.59000015258789 31.459999084472656 AB 2.7774545517149907 1.228056544605007
60606.2237 lsst_hardware_i -0.8602451148773865 35.15999984741211 31.25 AB 1.8923304006082031 1.1514027384290861
