data/validation/pwv_sim_epoch_fit_4/4766933.ecsv
# %ECSV 0.9
# ---
# datatype:
# - {name: time, datatype: float64}
# - {name: band, datatype: string}
# - {name: flux, datatype: float64}
# - {name: fluxerr, datatype: float64}
# - {name: zp, datatype: float64}
# - {name: zpsys, datatype: string}
# - {name: pwv, datatype: float64}
# - {name: airmass, datatype: float64}
# meta: {SNID: '4766933', alt: 1024.0, c: 0.08001227676868439, dec: -52.222923, lat: -30.244573, lon: -70.7499537, ra: 25.935961, t0: 62362.8984375,
#   x0: 8.357168760773334e-06, x1: 1.6120469570159912, z: 0.49593299627304077}
# schema: astropy-2.0
time band flux fluxerr zp zpsys pwv airmass
62343.4378 lsst_hardware_r 930.7611610454346 88.1459586038672 31.649999618530273 AB 6.472137071887489 1.0795891696225257
62347.4395 lsst_hardware_i 1331.5582681516162 71.34055895471133 31.31999969482422 AB 4.074993690327554 1.0858927936563034
62351.4256 lsst_hardware_z 1383.4446429605357 56.92914000464074 30.950000762939453 AB 2.330153998003001 1.0840446606201446
62351.4374 lsst_hardware_r 2618.4099207905724 62.036538232732084 31.579999923706055 AB 2.3195901096372986 1.0926859274416103
62354.43 lsst_hardware_r 2761.8482246344984 57.8252819879189 31.510000228881836 AB 3.1693784813634767 1.0933918403967835
62356.424 lsst_hardware_g 976.8797184174352 35.013734401817594 31.450000762939453 AB 2.0441004154329 1.0929070123505078
62356.4349 lsst_hardware_r 2971.204159671739 62.98581660395718 31.549999237060547 AB 2.0335227132859814 1.1041752289335645
62360.2457 lsst_hardware_i 6741.971059275036 98.85858121329403 32.40999984741211 AB 3.5922290766293736 1.3232670960078228
62360.2694 lsst_hardware_z 3933.1347584460405 86.47918966472804 31.68000030517578 AB 3.572791462109801 1.2345512999688324
62367.4024 lsst_hardware_r 2733.9152249563326 56.32543593371889 31.479999542236328 AB 2.0297787192011283 1.1013449371682735
62367.4138 lsst_hardware_i 2341.003732524446 56.65604645244647 31.239999771118164 AB 2.0545670623565693 1.1158039802805408
62369.4031 lsst_hardware_z 3968.141282316535 84.72184453710557 31.690000534057617 AB 1.2195846074380596 1.108713279489145
62371.398 lsst_hardware_r 2793.064963562593 91.30004291450891 31.6299991607666 AB 2.538349487938064 1.1091760926100345
62371.4096 lsst_hardware_z 1717.3600815855439 71.47377761932007 30.959999084472656 AB 2.559297510774851 1.1260383562843077
62375.3247 lsst_hardware_r 2350.5193943349404 82.10834750717105 31.639999389648438 AB 3.240112889299875 1.0788987921527233
62375.3347 lsst_hardware_i 2060.6381498484907 70.70130509213644 31.309999465942383 AB 2.9168054158397068 1.077239474026729
62376.2087 lsst_hardware_z 1621.671631971991 67.09418507624811 30.940000534057617 AB 5.131018247786985 1.2955480994286037
62376.2263 lsst_hardware_i 1976.566844211796 68.0622782548889 31.280000686645508 AB 4.905318659845064 1.2326986077680677
62378.2527 lsst_hardware_r 2091.470238986216 61.2826666628779 31.579999923706055 AB 3.138072462145307 1.150425245035398
62378.2697 lsst_hardware_z 1502.7821586460245 59.75792099043231 30.940000534057617 AB 3.0345165723577034 1.1203679425356112
62380.3865 lsst_hardware_r 1797.147577243604 51.492602303927875 31.530000686645508 AB 0.8159667836183896 1.1284546967167068
62380.3963 lsst_hardware_i 1624.3900815562688 53.421484321210094 31.239999771118164 AB 0.7679609836657606 1.1462104233817323
62382.3776 lsst_hardware_i 1528.2990004174242 50.16758143703225 31.229999542236328 AB 1.3048168319540259 1.1229060515955473
62382.39 lsst_hardware_z 1161.4429585437094 54.632538896983924 30.93000030517578 AB 1.3711987501990042 1.1445732472445778
62385.3828 lsst_hardware_r 1177.3915670759266 41.086485514265085 31.459999084472656 AB 0.8619818928151961 1.1465066186860122
62385.3934 lsst_hardware_g 177.36681155193367 18.86552136611915 31.350000381469727 AB 0.8696749702451612 1.1691798838160357
62387.3807 lsst_hardware_r 1000.1076870978223 39.04220132527463 31.459999084472656 AB 2.621062176448582 1.1532981122537032
62387.3919 lsst_hardware_i 1267.0270438781072 47.51845712276393 31.229999542236328 AB 2.699031055048055 1.1786161812436922
62389.3755 lsst_hardware_z 928.3218831452643 51.89130880974101 30.93000030517578 AB 2.638254610864734 1.1538397598358776
62389.3862 lsst_hardware_i 1228.463971526826 46.525654640307195 31.219999313354492 AB 2.664507433687605 1.1780299611027656
62390.3724 lsst_hardware_u 5.809042534659165 2.5920268730547256 28.290000915527344 AB 3.593740517987976 1.1530718239533613
62390.3832 lsst_hardware_g 108.68538576083675 16.897300543480203 31.350000381469727 AB 2.9261626273166184 1.1773723017636608
62393.3541 lsst_hardware_g 94.29345059360104 16.150400196964206 31.360000610351562 AB 1.6820975842530799 1.1337435975644214
62393.3653 lsst_hardware_r 655.9282101224661 34.281953479328216 31.469999313354492 AB 1.6739106949195683 1.1553507614765874
62395.3605 lsst_hardware_i 935.645038674948 43.60356662559765 31.229999542236328 AB 4.762626277505555 1.1567493539390503
62395.3724 lsst_hardware_z 918.7001766443053 52.10577036101069 30.940000534057617 AB 4.893277385040508 1.1844544351082302
62399.3406 lsst_hardware_z 736.4232068284102 62.555015290015966 30.959999084472656 AB 5.973120605491885 1.138930423394526
62399.3527 lsst_hardware_r 497.28287016103604 60.964658073217194 31.610000610351562 AB 5.998689493943946 1.1635514487333272
62404.1704 lsst_hardware_r 425.45421706217576 74.99436286733416 31.610000610351562 AB 7.345170873879134 1.175509462091505
62404.1865 lsst_hardware_y 372.71769761891386 55.1867164841725 30.010000228881836 AB 7.134930346798235 1.1410867773057032
62411.3325 lsst_hardware_i 537.8344735338238 39.23475169903918 31.229999542236328 AB 3.82018638019506 1.1943058712573134
62411.3431 lsst_hardware_z 653.5383710976198 51.163798627462405 30.93000030517578 AB 2.9471812087651093 1.2247601643293817
62413.3029 lsst_hardware_r 272.7445303917375 26.74988389463099 31.469999313354492 AB 3.023597587198154 1.1399048396601348
62413.3151 lsst_hardware_u 1.7554521455141152 2.6618938219389348 28.31999969482422 AB 3.0789720493676738 1.1649534806538158
62414.3085 lsst_hardware_u -0.03684689054924136 2.6276125208535337 28.309999465942383 AB 7.993068242723782 1.1564882070062448
62414.3209 lsst_hardware_g 32.52452888536833 14.607354417120986 31.34000015258789 AB 8.20452507367031 1.1854108829576029
62416.3068 lsst_hardware_r 214.13818467293962 26.366458104590336 31.459999084472656 AB 5.443850413450244 1.1647091171269168
62416.3178 lsst_hardware_i 436.1119028335557 36.814141854288174 31.219999313354492 AB 5.465927682204867 1.1915261623759308
62420.3042 lsst_hardware_u 1.6139433959085454 2.6574261732807867 28.350000381469727 AB 5.359746138366703 1.1846051803219317
62420.3165 lsst_hardware_r 238.97796865957685 26.32211937793629 31.459999084472656 AB 5.505534627683883 1.2186003049378415
62422.2557 lsst_hardware_i 269.49152582866077 35.25205073099737 31.239999771118164 AB 6.159877492913187 1.1053733986565117
62422.267 lsst_hardware_z 546.2900846535236 46.95867307617461 30.940000534057617 AB 6.224779326419078 1.120774095502133
62423.2213 lsst_hardware_z 937.5465854669 65.63680186039477 31.690000534057617 AB 6.805940746990921 1.080308055077924
62423.2335 lsst_hardware_r 164.428644030552 25.792555785076694 31.469999313354492 AB 6.847595098520767 1.0869198569080583
62425.2974 lsst_hardware_g 23.239579086930167 13.726911879698747 31.350000381469727 AB 8.444937753483227 1.202839798715712
62425.3085 lsst_hardware_r 160.2420573748246 26.309060553942075 31.459999084472656 AB 8.681830825741653 1.2361997473645732
62427.293 lsst_hardware_i 257.361269527617 49.717777584269726 31.270000457763672 AB 7.441915625262295 1.2058194369856
62427.3041 lsst_hardware_z 426.529512397971 54.465589945510885 30.940000534057617 AB 7.6453347294005685 1.2396499939575853
62429.2957 lsst_hardware_r 63.152840641307506 78.2415509557298 31.610000610351562 AB 1.4910110331863327 1.2302071230904033
62429.3063 lsst_hardware_z 413.1616049089789 64.13004188546756 30.959999084472656 AB 1.5774454528613682 1.2660075865667368
62433.2393 lsst_hardware_r 147.31517948145833 76.62691525075726 31.6299991607666 AB 1.773760875086425 1.1244125991039144
62433.2505 lsst_hardware_z 407.64905474044974 60.299067617965946 30.959999084472656 AB 3.4168399054542142 1.1440950629346105
62435.2727 lsst_hardware_i 280.665794235431 51.412019969036294 31.280000686645508 AB 1.6943281176018452 1.2102343697156037
62435.2842 lsst_hardware_z 414.6035464073436 54.97043815677098 30.950000762939453 AB 1.7445360258492155 1.2460971613208682
62437.2369 lsst_hardware_z 310.0832023387002 49.713267005672826 30.950000762939453 AB 3.0647875261406288 1.1390439269600072
62437.2476 lsst_hardware_r 15.758469564867692 43.609676573215026 31.579999923706055 AB 3.090266284647757 1.1605907428571947
62438.2814 lsst_hardware_g -6.788731231138104 34.790000915527344 31.600000381469727 AB 3.356874836755805 1.2648360349494367
62438.292 lsst_hardware_r -36.962733157441576 36.939998626708984 31.540000915527344 AB 3.976853932925941 1.3055987961017534
62442.2319 lsst_hardware_i 3.569737651220261 30.899999618530273 31.219999313354492 AB 5.140398877291772 1.1561850826117346
62442.243 lsst_hardware_z 55.339165518570354 43.029998779296875 30.93000030517578 AB 5.2426220371996415 1.181768844677293
62454.1762 lsst_hardware_i 40.29126778546778 38.75 31.270000457763672 AB 4.507790890964435 1.115743795461681
62456.1188 lsst_hardware_z -65.5327860290135 69.8499984741211 31.709999084472656 AB 6.239156085875413 1.0773883760793324
62458.2062 lsst_hardware_r 116.23489586913773 67.63999938964844 31.600000381469727 AB 6.64053994747439 1.1998265357177247
62458.2187 lsst_hardware_y 21.091031499963695 52.689998626708984 29.979999542236328 AB 5.643192127266181 1.2372029876166764
62460.1799 lsst_hardware_z -57.39427665978483 85.56999969482422 31.719999313354492 AB 5.90029911453071 1.1502865721308224
62461.1784 lsst_hardware_r -70.93402859648566 83.77999877929688 31.6299991607666 AB 3.5588078291088814 1.1528058833663537
62466.084 lsst_hardware_u 1.555306197457718 2.5199999809265137 28.329999923706055 AB 3.86936852447722 1.0774433761161768
62466.0963 lsst_hardware_g -0.10483143009560944 12.84000015258789 31.360000610351562 AB 3.827203204836355 1.0780854098132149
62468.1561 lsst_hardware_i -1.6476252787007752 31.020000457763672 31.229999542236328 AB 4.915615657401805 1.1463878707379584
62468.1668 lsst_hardware_r 24.527782736738946 22.440000534057617 31.459999084472656 AB 3.8623683180594233 1.1692630948488376
62473.1586 lsst_hardware_u -0.3628699681274135 2.559999942779541 28.309999465942383 AB 7.653410606147509 1.1824038582479957
62473.1701 lsst_hardware_g -3.3332482913348653 13.0600004196167 31.329999923706055 AB 7.747751513880015 1.2136305704577488
62479.0758 lsst_hardware_z -12.03805881949205 41.790000915527344 30.950000762939453 AB 5.845344079219763 1.0839096478449355
62479.089 lsst_hardware_i -2.1180571483503146 30.75 31.25 AB 6.782605599733782 1.0937040393023918
62483.0763 lsst_hardware_r 40.61321375130203 34.25 31.579999923706055 AB 12.367239715764143 1.092126431981878
62483.0877 lsst_hardware_i -35.91007021908614 36.310001373291016 31.270000457763672 AB 13.263712957561237 1.103699850847617
62485.0834 lsst_hardware_z 107.11901436706327 95.69000244140625 32.470001220703125 AB 8.59814808139137 1.1050745731589817
62487.076 lsst_hardware_z 17.80186145270881 50.90999984741211 30.959999084472656 AB 12.033600215705981 1.1028027874056587
62487.0882 lsst_hardware_r 4.658436049014259 58.25 31.6200008392334 AB 10.77807033556906 1.1188308306818493
62711.3549 lsst_hardware_u 2.0648253977859365 3.5199999809265137 29.040000915527344 AB 4.735339889358621 1.1247615580115884
62711.3765 lsst_hardware_z 4.417866278124091 41.40999984741211 30.940000534057617 AB 5.15505377894518 1.0968199529670595
62722.4164 lsst_hardware_g 11.485934836240602 13.229999542236328 31.3799991607666 AB 4.112423933720091 1.0883267291072931
62722.4282 lsst_hardware_r -4.1487012130293754 24.559999465942383 31.510000228881836 AB 3.6891533176664324 1.0989434964749576
62723.4271 lsst_hardware_i 3.4464055627904426 33.689998626708984 31.260000228881836 AB 5.476520401079634 1.1006974979559108
62731.4204 lsst_hardware_r 43.10736150233128 49.38999938964844 31.610000610351562 AB 2.595170183365625 1.120459171058052
62731.4297 lsst_hardware_i -17.177566912517086 60.720001220703125 31.309999465942383 AB 2.6164090920091705 1.135840717173557
62733.4134 lsst_hardware_z -27.937587593408793 45.18000030517578 30.950000762939453 AB 1.8614507837340442 1.1181563500427674
62733.4252 lsst_hardware_r -56.89521251864242 39.45000076293945 31.579999923706055 AB 2.910772815838336 1.1375760882611963
62735.3885 lsst_hardware_i 2.6938847607646017 31.969999313354492 31.25 AB 1.3784594765852214 1.0947394916626512
62735.3996 lsst_hardware_z 62.30925901539122 42.58000183105469 30.940000534057617 AB 1.39969958311806 1.1068464578198827
62736.2296 lsst_hardware_r 103.36262542040441 32.220001220703125 32.209999084472656 AB 2.6342406837074748 1.2704319670642572
62736.2461 lsst_hardware_u 2.1138764332380404 2.609999895095825 28.34000015258789 AB 2.5490805770474694 1.2158743510839347
62736.288 lsst_hardware_g -13.5671327324705 12.960000038146973 31.360000610351562 AB 2.1405790312041546 1.1226322439775296
62738.3921 lsst_hardware_i 10.935889870632748 30.530000686645508 31.239999771118164 AB 2.41425208483375 1.1077091465169764
62738.4038 lsst_hardware_r 23.74304666730023 22.3700008392334 31.469999313354492 AB 2.4263702139227297 1.1243606181291612
62740.4054 lsst_hardware_u 1.0590965845140772 2.940000057220459 28.469999313354492 AB 3.692494721758256 1.1363270416243287
62740.417 lsst_hardware_g -13.895973862154896 20.229999542236328 31.520000457763672 AB 3.2727573166416573 1.1593189219417843
62744.3907 lsst_hardware_z 7.98128065815586 42.34000015258789 30.940000534057617 AB 5.454744553424122 1.1297365316032009
62744.4015 lsst_hardware_r -13.273774934381068 22.469999313354492 31.459999084472656 AB 5.53643906775331 1.1497320898683001
62747.3874 lsst_hardware_i 35.76022680453731 30.8700008392334 31.229999542236328 AB 1.3400243374126344 1.138347164728275
62747.3991 lsst_hardware_u 0.5683851277570999 2.7300000190734863 28.31999969482422 AB 1.37615832131655 1.1619687486489305
62751.3716 lsst_hardware_i 16.890299488128694 30.56999969482422 31.229999542236328 AB 2.6805347976585066 1.129756166475909
62751.3843 lsst_hardware_r -36.20129902030892 22.270000457763672 31.469999313354492 AB 2.3704641605398185 1.1536508872319349
62753.3659 lsst_hardware_z -28.204998023669166 49.04999923706055 30.959999084472656 AB 4.90355525133342 1.129352686333049
62753.378 lsst_hardware_g -7.823134214692236 14.899999618530273 31.40999984741211 AB 4.139886354949393 1.151914954886561
62764.3446 lsst_hardware_z -1.3982191539462119 61.2599983215332 31.690000534057617 AB 5.926884893149925 1.14518112127343
62765.3447 lsst_hardware_g 28.9437786672983 18.600000381469727 31.510000228881836 AB 2.360327570009402 1.1508179278457074
62765.3563 lsst_hardware_r -1.588774578923801 25.479999542236328 31.5 AB 2.54393077010064 1.1766562303888253
62767.3092 lsst_hardware_r 26.10284974939724 21.979999542236328 31.469999313354492 AB 2.179766902028016 1.103213952945721
62767.3213 lsst_hardware_i -1.2887116265607366 30.540000915527344 31.239999771118164 AB 2.2944374885374463 1.119237799286559
62772.3275 lsst_hardware_u -0.5440966404209503 2.5 28.280000686645508 AB 4.385823140548905 1.1547717589650197
62772.3382 lsst_hardware_g 16.031800804768434 12.90999984741211 31.329999923706055 AB 5.589065298791204 1.179127700166998
62774.3269 lsst_hardware_r -7.461421229173819 22.149999618530273 31.450000762939453 AB 4.40855075215579 1.1653583801627783
62774.3386 lsst_hardware_i 0.7182982676086601 31.079999923706055 31.219999313354492 AB 3.8262674978074793 1.194153705427639
62781.3199 lsst_hardware_r -2.7773051286875163 22.3799991607666 31.459999084472656 AB 5.631263455356779 1.1952589759497174
62781.3322 lsst_hardware_i 12.553223360700416 31.549999237060547 31.219999313354492 AB 5.881789107570282 1.2311866677861323
62785.0909 lsst_hardware_r -0.6714239778521771 96.44000244140625 31.600000381469727 AB 5.414095651122744 1.2890703931244627
62785.1023 lsst_hardware_z 9.552605642088299 66.94000244140625 30.959999084472656 AB 5.240096292041343 1.247641974295558
62787.299 lsst_hardware_r 90.91098261862841 78.16999816894531 31.6200008392334 AB 6.2582616355682 1.183502318600873
62787.3105 lsst_hardware_i 98.03486127875597 62.88999938964844 31.299999237060547 AB 6.352560432824849 1.2149290811043214
62789.3049 lsst_hardware_z -102.55233617640593 73.55000305175781 31.700000762939453 AB 6.850293731463049 1.2145193070379496
