data/validation/pwv_sim_epoch_fit_4/47713129.ecsv
# %ECSV 0.9
# ---
# datatype:
# - {name: time, datatype: float64}
# - {name: band, datatype: string}
# - {name: flux, datatype: float64}
# - {name: fluxerr, datatype: float64}
# - {name: zp, datatype: float64}
# - {name: zpsys, datatype: string}
# - {name: pwv, datatype: float64}
# - {name: airmass, datatype: float64}
# meta: {SNID: '47713129', alt: 1024.0, c: -0.04711085930466652, dec: 3.732834, lat: -30.244573, lon: -70.7499537, ra: 311.132812, t0: 62728.55078125,
#   x0: 4.038887477524672e-06, x1: 1.1312445402145386, z: 0.669139564037323}
# schema: astropy-2.0
time band flux fluxerr zp zpsys pwv airmass
62630.3353 lsst_hardware_i 10.564418868688561 34.18000030517578 31.200000762939453 AB 11.390860555671534 1.4756434311197726
62630.3638 lsst_hardware_y -26.644425268095578 50.279998779296875 29.959999084472656 AB 10.315470217807908 1.3277732292197342
62640.3755 lsst_hardware_r -152.97174775547452 120.75 32.36000061035156 AB 11.753435837429363 1.2269042341845418
62640.3975 lsst_hardware_y 84.09935480165383 78.1500015258789 30.75 AB 11.597273725356153 1.208301075782054
62643.3864 lsst_hardware_z -93.06383208752365 63.380001068115234 30.969999313354492 AB 4.9470312120898745 1.209345961234487
62643.4066 lsst_hardware_r -18.430770056671278 75.5 31.610000610351562 AB 5.049192613643006 1.2108375572284786
62651.3672 lsst_hardware_g 15.5650370050023 14.609999656677246 31.399999618530273 AB 14.776160821344732 1.2083873749873022
62651.3889 lsst_hardware_r 37.87910753151124 23.950000762939453 31.479999542236328 AB 15.688844991495838 1.2136806336897243
62653.3591 lsst_hardware_i 39.30467602271016 32.29999923706055 31.229999542236328 AB 8.09440039429698 1.2093528814408196
62653.3802 lsst_hardware_z -95.05694498919532 43.959999084472656 30.93000030517578 AB 7.531402806763047 1.2113882754893248
62656.3365 lsst_hardware_z -27.922103077035178 43.560001373291016 30.93000030517578 AB 14.643538327147033 1.2208544188709651
62656.3558 lsst_hardware_r 24.042694341412904 23.739999771118164 31.469999313354492 AB 14.586548154827707 1.2078456634644212
62673.259 lsst_hardware_z -52.59363225591526 55.93000030517578 30.950000762939453 AB 4.180663729848461 1.284480752699366
62673.2852 lsst_hardware_i 6.501067485006374 52.77000045776367 31.280000686645508 AB 3.9599434348220623 1.2272235019205275
62679.269 lsst_hardware_u -3.5413218945217038 2.509999990463257 28.209999084472656 AB 8.749524053626693 1.2269701379367477
62679.2917 lsst_hardware_g 6.210491636917189 14.149999618530273 31.360000610351562 AB 8.272202414678171 1.2081499072116504
62683.2905 lsst_hardware_z -33.18972508692572 43.310001373291016 30.93000030517578 AB 9.876747172527827 1.2080662746191029
62683.3126 lsst_hardware_r 60.229583025493895 23.639999389648438 31.459999084472656 AB 10.729211026801085 1.2256352555176233
62687.2523 lsst_hardware_r 16.863181682011323 23.729999542236328 31.459999084472656 AB 4.884549006716554 1.2203745176056349
62687.2728 lsst_hardware_u 1.0630307825997716 2.5899999141693115 28.280000686645508 AB 4.872291993056851 1.2076320131505929
62689.2519 lsst_hardware_g -31.71659091289152 14.34000015258789 31.3700008392334 AB 1.9374925015998659 1.2152367770853876
62689.2749 lsst_hardware_i 14.583498369545648 32.16999816894531 31.229999542236328 AB 1.9194345653885605 1.2082680997042818
62696.253 lsst_hardware_z 66.0776191094963 112.43079262102675 31.729999542236328 AB 7.509829801590448 1.2077079245109874
62696.2738 lsst_hardware_r 179.31201687602788 166.4325533570485 32.369998931884766 AB 7.6069252059995565 1.2214073869620354
62705.055 lsst_hardware_r 187.34013573400082 26.811798713028512 31.09000015258789 AB 12.51668310031306 2.6621800284253228
62705.077 lsst_hardware_u 0.7925137977382353 1.8777394460936876 27.389999389648438 AB 10.111905597521185 2.0986313934668663
62708.1942 lsst_hardware_g 88.80903898526834 17.17523816797715 31.3700008392334 AB 13.093984361592055 1.2212828766116732
62708.2163 lsst_hardware_i 429.31756598504245 38.08065997201804 31.219999313354492 AB 12.157487143607511 1.2075774403476447
62710.1828 lsst_hardware_z 443.6586385300829 48.02885955071263 30.920000076293945 AB 3.8973315933232398 1.2292805656425614
62710.2001 lsst_hardware_r 639.3419156286341 34.19032035097031 31.459999084472656 AB 3.8877635862764937 1.2111413041359793
62712.1856 lsst_hardware_u -12.378077098179837 3.3994973225213583 28.229999542236328 AB 5.884651446493253 1.2186697274643028
62712.2055 lsst_hardware_g 138.61987155978755 19.25397079247852 31.3700008392334 AB 5.8914457632886075 1.2075727928851103
62717.15 lsst_hardware_g 315.9910709924459 22.353210793589515 31.3700008392334 AB 1.6317205829226824 1.255169679171294
62717.1689 lsst_hardware_r 1194.4567724172566 41.67769958393967 31.469999313354492 AB 1.5325957442232714 1.2221656652498176
62724.1459 lsst_hardware_r 1430.129468128209 111.35214002734455 31.6200008392334 AB 10.090278434775366 1.2273411506492766
62724.1641 lsst_hardware_z 791.0059091865511 79.75425499968401 30.969999313354492 AB 9.930146501779092 1.209936011426488
62730.112 lsst_hardware_z 770.1336692606086 60.716904084242 30.950000762939453 AB 5.13016418415439 1.2611023068226133
62730.1291 lsst_hardware_g 193.42688117830053 59.968897255717145 31.649999618530273 AB 5.240061094822196 1.2279474523095288
62732.1428 lsst_hardware_r 1157.497226910877 42.31150684311483 31.479999542236328 AB 2.2738979993706683 1.20968107427619
62732.1611 lsst_hardware_z 956.1739456157338 54.212497763483235 30.940000534057617 AB 2.1872671140046323 1.2096043766097786
62734.1303 lsst_hardware_r 1133.0433884235592 41.29055960575376 31.469999313354492 AB 2.1209848167047545 1.2141884266986476
62734.1492 lsst_hardware_u -1.5274115562853905 2.6487661905701723 28.260000228881836 AB 2.1115047675595866 1.2077243665736435
62739.1144 lsst_hardware_i 1014.0959481711102 45.74284131619655 31.239999771118164 AB 2.3038174115588395 1.2161626314757203
62739.1315 lsst_hardware_z 781.7425006370419 51.778742718865324 30.940000534057617 AB 2.6150685776977136 1.2076049770019457
62741.1159 lsst_hardware_r 822.6556680130999 37.98891019132465 31.479999542236328 AB 4.265483553464224 1.210896421697362
62741.1347 lsst_hardware_u -0.3225343579080654 2.7324154324910506 28.350000381469727 AB 4.714569606185623 1.208864001586057
62743.0846 lsst_hardware_u -0.7598199457063283 2.635348829998287 28.280000686645508 AB 3.9049380686820006 1.2433138800229246
62743.1025 lsst_hardware_g 56.16625093748915 17.5243830176131 31.3799991607666 AB 3.7766711728528817 1.2171031817121758
62745.0815 lsst_hardware_r 677.9677333813537 35.757996595041064 31.459999084472656 AB 1.5677612773509404 1.2388473151726118
62745.0986 lsst_hardware_z 727.5387166117105 51.19320272979467 30.93000030517578 AB 1.2290001103498616 1.2156282001482313
62746.0251 lsst_hardware_r 1364.918000550083 50.88626259203239 32.189998626708984 AB 2.284175703745257 1.434783733508327
62746.041 lsst_hardware_u 8.00142287706241 4.047039355607382 29.040000915527344 AB 2.2097034269701408 1.3531558034109865
62750.0975 lsst_hardware_i 714.0391240898448 52.79203153144896 31.270000457763672 AB 1.5715730334266378 1.2082827012506185
62750.117 lsst_hardware_z 576.1046678804909 56.201267577564224 30.950000762939453 AB 1.6041977679056958 1.2125455539724643
62752.0928 lsst_hardware_r 449.9579173089501 92.31527810420138 31.610000610351562 AB 2.8428445719188247 1.2080931674702846
62752.1146 lsst_hardware_z 674.035231807028 73.15895008489056 30.959999084472656 AB 2.824165362719573 1.214956060537458
62754.0664 lsst_hardware_z 1337.7304293327836 136.2643832824941 31.729999542236328 AB 3.7945512066725127 1.2240487763459718
62756.0584 lsst_hardware_r 168.50040857201785 116.8055447727658 31.610000610351562 AB 3.5000086555745145 1.227534820017366
62756.0764 lsst_hardware_z 488.90926378578865 81.91246410110547 30.979999542236328 AB 3.404444505779388 1.2101106063196876
62759.0551 lsst_hardware_r 281.2795473973227 29.008874841269975 31.469999313354492 AB 1.442965360312818 1.221127244270368
62759.0739 lsst_hardware_u -3.0136894129177727 5.845343062740521 28.8700008392334 AB 1.416635608036236 1.2080462831464134
62761.0588 lsst_hardware_g 2.1780248776833426 14.787033914878238 31.389999389648438 AB 0.3273757489856415 1.2125027740208942
62761.0776 lsst_hardware_r 225.95502017999775 28.371890812874156 31.469999313354492 AB 0.40230543080675024 1.2081244168344598
62763.0659 lsst_hardware_i 391.3389478098093 36.877184099006364 31.229999542236328 AB 6.626297197438357 1.2076173797442524
62763.0855 lsst_hardware_z 505.4051025785266 47.73591378898057 30.93000030517578 AB 6.714815026742951 1.2157912414888559
62766.0278 lsst_hardware_z 321.7465167493357 47.924768201945845 30.93000030517578 AB 3.14164656288929 1.2325821864471156
62766.047 lsst_hardware_r 173.35614709863546 27.251521871991987 31.469999313354492 AB 3.1129992524540135 1.2112837558186824
62770.0498 lsst_hardware_r 133.86009921452978 26.432316244026246 31.459999084472656 AB 3.5787844339252914 1.2076208651679743
62770.0796 lsst_hardware_u -2.3766149048090934 2.6173084274148324 28.260000228881836 AB 3.623137239791947 1.2324644067665438
62775.0291 lsst_hardware_i 149.23915218706352 35.26375825634979 31.229999542236328 AB 7.36091426010812 1.2083249585688345
62775.0486 lsst_hardware_z 313.3985880467679 46.610202759701615 30.93000030517578 AB 6.917656140803269 1.2124539726234367
62778.0412 lsst_hardware_g 21.81968806751047 34.00166010845711 31.610000610351562 AB 2.9583695649940167 1.2130265420600084
62778.061 lsst_hardware_i 181.40414246470297 42.63470827153519 31.260000228881836 AB 2.909315030802252 1.2380063960860648
62785.9979 lsst_hardware_y 48.28776868557438 58.382803620297665 30.0 AB 6.471878643628325 1.2086802957565272
62786.0154 lsst_hardware_z 156.13358547759609 62.12234882421297 30.959999084472656 AB 7.3900245655095995 1.2104872343177067
62787.9977 lsst_hardware_y 121.8433465729384 57.730736493951774 30.010000228881836 AB 8.619453152895515 1.207615063860856
62788.015 lsst_hardware_u 1.7387236079988484 2.937777486314393 28.40999984741211 AB 8.74599604466842 1.2138787015500057
62790.0004 lsst_hardware_y 60.54873788929304 55.30934519641482 30.0 AB 9.44778357507118 1.208697444517502
62790.0188 lsst_hardware_i 104.43234448710184 34.136196571203506 31.229999542236328 AB 9.554316963091319 1.2235006995890885
63001.3886 lsst_hardware_z 32.67138160531971 45.220001220703125 30.940000534057617 AB 9.31189611323221 1.2249137117981614
63001.4093 lsst_hardware_y 31.013617656913997 49.439998626708984 30.0 AB 9.201345010046547 1.2083052288830043
63003.3975 lsst_hardware_u 3.4540291153452785 2.8299999237060547 28.389999389648438 AB 8.839981461301155 1.211066964284568
63003.417 lsst_hardware_y -85.27689614074397 49.650001525878906 29.989999771118164 AB 8.100271429601309 1.2089957357613892
63004.3789 lsst_hardware_i -34.567595554584514 32.5 31.229999542236328 AB 9.84218169158183 1.2270007095555806
63004.394 lsst_hardware_y 46.64511001037891 49.18000030517578 29.989999771118164 AB 9.617211900352492 1.211540929749558
63012.3567 lsst_hardware_u -0.3030580930119203 2.6600000858306885 28.31999969482422 AB 7.09077712262483 1.2275213576775972
63012.379 lsst_hardware_g -2.0770736529066247 14.600000381469727 31.389999389648438 AB 6.680380224966607 1.2083895492854881
63014.3677 lsst_hardware_r -57.62373091038729 24.010000228881836 31.479999542236328 AB 10.950420942221104 1.210939052726842
63014.3891 lsst_hardware_i 49.92112995706372 32.369998931884766 31.229999542236328 AB 11.338665178359161 1.2099308364187764
63018.3675 lsst_hardware_u 0.7454775510687561 2.640000104904175 28.31999969482422 AB 8.090347914579166 1.207574692459211
63018.3875 lsst_hardware_r -23.89454030136349 23.84000015258789 31.469999313354492 AB 7.543493682259653 1.2166925293967181
63033.3187 lsst_hardware_u -1.5803031444636066 2.609999895095825 28.299999237060547 AB 7.836965889933971 1.2094860868009376
63033.3404 lsst_hardware_g 25.913313264190233 14.319999694824219 31.3799991607666 AB 8.055106828311835 1.2117498049359663
63037.3176 lsst_hardware_i 3.5488918807972083 32.06999969482422 31.239999771118164 AB 4.369488483581821 1.2075970014505262
63037.337 lsst_hardware_z 20.51326116903912 43.61000061035156 30.93000030517578 AB 4.50689943776203 1.2180809291248729
63043.305 lsst_hardware_r -13.432411904596316 23.65999984741211 31.469999313354492 AB 6.6456673121816765 1.2081567044324948
63043.323 lsst_hardware_u 5.662240189263923 2.619999885559082 28.299999237060547 AB 6.727881798232745 1.2206988656867903
63045.2905 lsst_hardware_g -11.81178637972879 14.34000015258789 31.389999389648438 AB 6.991797411607309 1.2080163696732544
63045.3095 lsst_hardware_i 1.0762572548626472 32.279998779296875 31.229999542236328 AB 6.578805770888552 1.2130557659905135
63047.2907 lsst_hardware_z -36.33965997852869 44.310001373291016 30.940000534057617 AB 4.209393610900516 1.2076294188296404
63047.3098 lsst_hardware_r -22.89266143566191 23.739999771118164 31.469999313354492 AB 4.337380210228819 1.2181941329108295
63049.2581 lsst_hardware_r -74.36782083452209 64.2300033569336 31.600000381469727 AB 10.011623129644018 1.224226601678549
63049.2776 lsst_hardware_y 60.696497943742926 51.91999816894531 30.0 AB 9.916016994972065 1.2085334545974484
63069.2213 lsst_hardware_g -0.6843585851410818 14.569999694824219 31.3799991607666 AB 6.1303591278292515 1.2091438121951188
63069.2422 lsst_hardware_r 23.18182177837614 24.059999465942383 31.469999313354492 AB 6.1676330666499455 1.2118347709303363
63072.2099 lsst_hardware_i 7.155577314000582 32.65999984741211 31.229999542236328 AB 6.575445713875765 1.21066894616815
63072.2319 lsst_hardware_z -78.14584554677303 44.29999923706055 30.93000030517578 AB 6.558873381480348 1.210570945271382
63073.195 lsst_hardware_r -33.4282211549875 24.239999771118164 31.479999542236328 AB 13.299886041396045 1.2212187231938092
63073.2142 lsst_hardware_u -1.465091029939785 2.7699999809265137 28.40999984741211 AB 12.292875307920829 1.2080064832455732
63081.1818 lsst_hardware_r 224.65555697730673 230.47000122070312 32.369998931884766 AB 2.7324738563377657 1.2129503301909959
63083.0757 lsst_hardware_z 9.084215434531943 83.69999694824219 30.920000076293945 AB 3.602706504880999 1.6375938658549996
63085.1721 lsst_hardware_i 31.914473200666006 70.83000183105469 32.029998779296875 AB 3.4103241534089275 1.2120928187929725
63085.194 lsst_hardware_z -67.33214666085195 52.380001068115234 30.950000762939453 AB 3.40721025605969 1.2094099764166084
63100.0912 lsst_hardware_i 0.1731485778970833 33.130001068115234 31.229999542236328 AB 3.515658921722978 1.2822682307734032
63100.1177 lsst_hardware_z -49.89935476068011 44.279998779296875 30.940000534057617 AB 3.4006976050745106 1.2258079138774483
63102.1176 lsst_hardware_r -12.586631104807731 25.649999618530273 31.489999771118164 AB 3.423955085172118 1.2192124932363626
63102.1351 lsst_hardware_z 55.00952751132891 44.2599983215332 30.93000030517578 AB 3.3292652017389934 1.208006241559867
63110.0827 lsst_hardware_r 110.27328285901667 142.1999969482422 31.6200008392334 AB 1.5897935313418659 1.237996260616638
63110.1002 lsst_hardware_z 130.2905113585278 94.20999908447266 30.979999542236328 AB 1.2549817596731114 1.2148903772242097
63113.0915 lsst_hardware_r -12.50456039147359 57.150001525878906 31.59000015258789 AB 1.1591252593580932 1.2153344790124174
63113.111 lsst_hardware_y 9.776239181249231 52.540000915527344 29.989999771118164 AB 1.1322292101125337 1.2077111574533692
63115.0937 lsst_hardware_g -17.940885680023435 14.5 31.389999389648438 AB 1.5977790299199435 1.2100566966891337
63115.1131 lsst_hardware_r -13.172672483231732 23.850000381469727 31.469999313354492 AB 1.6027887055188914 1.2098801324920863
63125.0582 lsst_hardware_r 22.7461079550092 23.690000534057617 31.459999084472656 AB 3.1967902710614777 1.2158178008601912
63125.0766 lsst_hardware_z -9.734481708175425 43.79999923706055 30.93000030517578 AB 3.1571254669423525 1.2076216244838782
63136.0388 lsst_hardware_z 4.9801341782563595 105.30999755859375 31.719999313354492 AB 3.7604055716111278 1.2090040418854766
63142.034 lsst_hardware_g 3.80801894184074 14.420000076293945 31.389999389648438 AB 2.449623211840158 1.208049913372042
63142.0537 lsst_hardware_r 8.801823239341793 46.380001068115234 31.579999923706055 AB 3.523478363915857 1.221944984885249
63145.996 lsst_hardware_y 33.860968409805416 52.630001068115234 30.0 AB 7.414934266528639 1.2208667599454415
63146.0152 lsst_hardware_r -31.29248936236238 23.729999542236328 31.469999313354492 AB 4.688737933579126 1.2079706127989502
63147.9977 lsst_hardware_y 48.79236114220191 52.880001068115234 30.0 AB 5.562095901584901 1.213857178536697
63148.0162 lsst_hardware_g 15.30160070939926 14.489999771118164 31.389999389648438 AB 4.690522134961626 1.2078079399926938
63149.9976 lsst_hardware_y -71.07009210891984 53.29999923706055 29.989999771118164 AB 2.7902202554480158 1.2103326729820774
63150.0162 lsst_hardware_z 38.19005341828215 43.650001525878906 30.93000030517578 AB 4.138615963933938 1.2092965707413863
63151.9977 lsst_hardware_y 88.6941937155836 53.95000076293945 30.0 AB 5.995639929406797 1.208209695425306
63152.0163 lsst_hardware_u -4.405511713583589 2.6600000858306885 28.309999465942383 AB 6.961331994356911 1.212353186060068
