data/validation/pwv_sim_epoch_fit_4/47842112.ecsv
# %ECSV 0.9
# ---
# datatype:
# - {name: time, datatype: float64}
# - {name: band, datatype: string}
# - {name: flux, datatype: float64}
# - {name: fluxerr, datatype: float64}
# - {name: zp, datatype: float64}
# - {name: zpsys, datatype: string}
# - {name: pwv, datatype: float64}
# - {name: airmass, datatype: float64}
# meta: {SNID: '47842112', alt: 1024.0, c: -0.07258149981498718, dec: -5.67919, lat: -30.244573, lon: -70.7499537, ra: 29.355469, t0: 60575.64453125,
#   x0: 8.249312269904247e-06, x1: 0.8607173562049866, z: 0.49833202362060547}
# schema: astropy-2.0
time band flux fluxerr zp zpsys pwv airmass
60514.4166 lsst_hardware_z 4.4251188881348344 60.040000915527344 30.969999313354492 AB 5.926156355360524 1.1129977191023617
60514.4355 lsst_hardware_y -13.23418177899118 59.540000915527344 30.040000915527344 AB 5.804770364789915 1.101213253932163
60516.4135 lsst_hardware_z -12.977215879677903 60.0099983215332 30.969999313354492 AB 7.487016044990933 1.110695914697629
60516.4354 lsst_hardware_y 6.975537452705831 60.290000915527344 30.030000686645508 AB 6.638036964317014 1.100591958270755
60527.3659 lsst_hardware_z -44.720615954655386 42.810001373291016 30.93000030517578 AB 2.973508790926213 1.1338090779165944
60527.3869 lsst_hardware_y 28.276806032281634 47.939998626708984 30.020000457763672 AB 3.2073986767578924 1.1077821817031634
60531.4132 lsst_hardware_i -7.259767551423528 31.81999969482422 31.25 AB 5.760597310907749 1.107807175174567
60531.434 lsst_hardware_y -84.89525584403619 71.47000122070312 30.040000915527344 AB 5.626225417936798 1.1335197779665152
60535.3568 lsst_hardware_u -2.8661050375588424 2.8399999141693115 28.489999771118164 AB 3.9048577401227846 1.1156736400350813
60535.3761 lsst_hardware_g 9.026252578616537 14.850000381469727 31.440000534057617 AB 3.759820877732172 1.1017790117896475
60539.3463 lsst_hardware_z 16.509753579489253 72.0199966430664 31.719999313354492 AB 4.56117517801836 1.115201755016714
60539.3647 lsst_hardware_r -37.00332631575297 71.80000305175781 32.369998931884766 AB 4.597825340941601 1.1019353723047574
60546.358 lsst_hardware_r -71.50763173998394 71.65884429466952 31.639999389648438 AB 2.1808014593187526 1.1009978338097957
60546.3765 lsst_hardware_z -63.80271253525836 60.82997619873278 30.979999542236328 AB 2.4469864807844752 1.1115087353097775
60549.2843 lsst_hardware_y 78.96846634870185 49.41303564220766 30.0 AB 4.304232708070865 1.1825898089763343
60549.3021 lsst_hardware_g -0.29151261740378887 19.131081778692383 31.520000457763672 AB 3.507848254505402 1.1405782001318168
60553.2831 lsst_hardware_r 256.65837556633466 29.38941899641546 31.479999542236328 AB 1.8548132855025685 1.1575701802595602
60553.2997 lsst_hardware_i 231.1185182496618 35.03060272217049 31.239999771118164 AB 1.7911153897413792 1.12613353646088
60555.2842 lsst_hardware_i 467.94436569920515 37.86433881396715 31.229999542236328 AB 1.4858184221474935 1.143523670200739
60555.305 lsst_hardware_z 310.08610462438446 45.81147028464719 30.940000534057617 AB 1.7791596835644559 1.1126702211159822
60557.279 lsst_hardware_r 973.6966332304247 38.73934412335243 31.489999771118164 AB 2.6698843254711297 1.1430114843258494
60557.2975 lsst_hardware_u 0.13856954738184468 3.2309075629681736 28.3799991607666 AB 2.1129678379296655 1.1148265061183602
60559.2622 lsst_hardware_g 529.0021904141281 26.845006284862976 31.40999984741211 AB 2.2350591012852044 1.168556518622702
60559.2809 lsst_hardware_i 910.9267194020863 43.29400514715434 31.239999771118164 AB 2.245837260850231 1.129886262376437
60566.2361 lsst_hardware_y 513.0848801756364 54.06312781474742 30.0 AB 1.428595203849633 1.187774021076394
60566.2533 lsst_hardware_g 1431.0706049123273 55.38187600158338 31.649999618530273 AB 2.3840467256219813 1.1452586352064884
60574.1936 lsst_hardware_z 1628.0387867112527 80.47658845613608 30.969999313354492 AB 2.7865359307626716 1.2624469048647282
60574.2159 lsst_hardware_i 2175.3458765595274 86.83321123202526 31.309999465942383 AB 2.362174482135098 1.1830096317185406
60580.2266 lsst_hardware_g 933.0860983568434 33.7003931485722 31.43000030517578 AB 4.2355374913374835 1.1252258112917821
60580.2458 lsst_hardware_r 2793.70305301519 57.73219129088633 31.5 AB 4.172860566171847 1.1052715328121687
60582.2218 lsst_hardware_i 1955.2463595896847 53.9699187332465 31.239999771118164 AB 4.232023670135877 1.1242674291388397
60582.2418 lsst_hardware_z 1535.4851100200353 57.2830514262339 30.940000534057617 AB 4.1605685303867395 1.1044046799088831
60584.2149 lsst_hardware_r 2440.221537500918 54.82933391111484 31.489999771118164 AB 3.7933735526038044 1.1263821698771597
60584.2334 lsst_hardware_u -3.1114920784083626 3.2200717177535965 28.43000030517578 AB 3.690697176907639 1.106241192029163
60586.2084 lsst_hardware_g 602.477559506658 28.696801168076785 31.420000076293945 AB 2.956687741849904 1.127968618731529
60586.2258 lsst_hardware_i 1830.87384642217 52.68481927776891 31.239999771118164 AB 2.884270125171664 1.1078078770303739
60588.2112 lsst_hardware_z 1254.5737220738567 55.48575871154161 30.950000762939453 AB 5.419078960656227 1.1167218630284848
60588.2295 lsst_hardware_r 2089.539672710528 51.4211414978044 31.5 AB 5.38439415751416 1.1024558062070173
60590.2062 lsst_hardware_u -2.177149436835305 2.994963370742303 28.440000534057617 AB 4.460089353612204 1.116185031143826
60590.2236 lsst_hardware_g 450.8713927845197 26.021502359043374 31.450000762939453 AB 3.448481128165242 1.1026318555284547
60594.1781 lsst_hardware_i 1346.7938872148513 52.221462650551764 31.260000228881836 AB 6.979347621269676 1.142781512051579
60594.1978 lsst_hardware_z 1108.2579958144765 54.477202143634415 30.950000762939453 AB 6.774749625574925 1.1134134368756186
60596.1783 lsst_hardware_r 1370.3965450199712 63.70226140705781 31.610000610351562 AB 9.337369854809157 1.1324887634698795
60596.1969 lsst_hardware_z 870.49718551123 57.907359776140844 30.959999084472656 AB 9.13458388391846 1.1091044055267676
60601.1722 lsst_hardware_z 709.8189938774678 98.93209824384634 30.989999771118164 AB 2.9106044547049383 1.1211161795101514
60601.1907 lsst_hardware_r 987.6348215642918 141.29398438781627 31.649999618530273 AB 2.85452145659837 1.103978905478336
60603.1767 lsst_hardware_y 583.9356309709248 79.30176194365758 30.790000915527344 AB 2.7743829712435035 1.1100492016178327
60605.1674 lsst_hardware_r 662.2417059899977 35.43855877477881 31.510000228881836 AB 3.6306089939851014 1.1137976257240316
60605.1842 lsst_hardware_i 915.8062304492236 48.41903499658183 31.280000686645508 AB 3.5272717215312044 1.1020428207243265
60607.1675 lsst_hardware_z 896.142640343012 50.46087226955351 30.950000762939453 AB 5.099076915775376 1.1085753132347613
60607.1852 lsst_hardware_r 602.4107522184815 34.15578088689269 31.510000228881836 AB 5.053296463668664 1.1006762667494117
60609.1062 lsst_hardware_r 509.064850979915 33.39833961324463 31.479999542236328 AB 5.214112934790938 1.22950196929641
60609.1134 lsst_hardware_u 6.176612440882694 3.3640891074005506 28.420000076293945 AB 5.1098558376865 1.2042552742103183
60611.143 lsst_hardware_g 85.55997863325217 17.807480200950422 31.450000762939453 AB 3.2428795363298586 1.12372377811026
60611.1613 lsst_hardware_i 695.1674939870242 41.31477406336617 31.260000228881836 AB 3.1843975079174447 1.1051819208412366
60615.1521 lsst_hardware_u 0.0025678976214213033 2.8479173996184843 28.440000534057617 AB 4.306295773073711 1.1041784033522337
60615.1714 lsst_hardware_g 52.49326441878733 17.14723028511214 31.450000762939453 AB 3.947371138892459 1.1013870365213334
60617.1237 lsst_hardware_g 55.389778124638035 16.802711154664145 31.440000534057617 AB 5.071087686774786 1.128057322111362
60617.1422 lsst_hardware_r 275.40731096560705 30.181551564700264 31.510000228881836 AB 5.645788711843545 1.1070173944791264
60620.1349 lsst_hardware_i 437.73998849053544 38.2416254446787 31.25 AB 4.93722053501167 1.1063799518233433
60620.1535 lsst_hardware_z 620.4512464243539 48.574142770445896 30.950000762939453 AB 4.916720421719044 1.1006761633577442
60622.1283 lsst_hardware_r 302.18533245126787 31.95503337473027 31.530000686645508 AB 7.387791583363338 1.1071999375590333
60622.1465 lsst_hardware_z 599.9660653354036 49.16972567008481 30.950000762939453 AB 7.2535244265452645 1.1006030538722804
60624.1194 lsst_hardware_g 45.201990740997765 38.919916682879375 31.649999618530273 AB 2.14232293354847 1.110011882667601
60624.1378 lsst_hardware_i 440.1746814670619 45.00343468338358 31.280000686645508 AB 2.839984862343142 1.10076932648959
60629.1283 lsst_hardware_y 287.6030107678379 93.52160712697774 30.790000915527344 AB 6.408891839619536 1.1006325878417356
60631.1037 lsst_hardware_g 188.22102833291316 91.8505557105376 31.700000762939453 AB 6.09292313986252 1.1072170466926665
60631.1239 lsst_hardware_r 362.3967732305688 90.2102053656092 31.639999389648438 AB 6.013556101417783 1.1007119160618273
60633.0975 lsst_hardware_i 271.4476945489458 35.835535058407324 31.25 AB 6.423642854437771 1.1077792919816805
60633.1169 lsst_hardware_z 440.3602261218123 46.600001962886715 30.940000534057617 AB 6.372538320110713 1.1006111088273722
60640.0689 lsst_hardware_u 2.8415213869737572 2.7765777226399253 28.399999618530273 AB 4.012593612427817 1.1170917629254675
60640.0906 lsst_hardware_g 1.0814960917308452 15.403759859537338 31.440000534057617 AB 4.21198637166886 1.101436868531188
60644.0708 lsst_hardware_r 143.4778051668332 26.90520396789623 31.5 AB 9.185872420685513 1.105421980467179
60644.0903 lsst_hardware_u -0.6777040717834393 2.836089974282139 28.459999084472656 AB 9.77044254390269 1.1009672985720274
60646.0671 lsst_hardware_g 41.46066041668478 15.498989500535242 31.440000534057617 AB 7.323426676573898 1.1043682802779664
60646.0862 lsst_hardware_r 197.5719536677134 26.921796048393556 31.510000228881836 AB 7.21019058273906 1.1012442302888363
60648.0668 lsst_hardware_i 238.38001028049771 34.89916834152874 31.25 AB 1.6403723079373198 1.102030438654565
60648.086 lsst_hardware_z 222.8527126982903 45.38081938663991 30.950000762939453 AB 4.108822989229112 1.1030397286521718
60650.0681 lsst_hardware_r 143.22498340001707 27.54513253281563 31.510000228881836 AB 5.074796800321542 1.1006445372925318
60650.0874 lsst_hardware_u 4.032233650529019 3.2587607547480095 28.510000228881836 AB 6.3201932831246 1.1071224950002219
60652.0383 lsst_hardware_y -15.496287196136464 53.02000045776367 30.030000686645508 AB 5.47759489900907 1.1146160684411048
60652.0573 lsst_hardware_g -12.635680418566825 27.6200008392334 31.6200008392334 AB 5.902637474196285 1.1015808661019506
60654.0402 lsst_hardware_y -32.14657238087774 54.61000061035156 30.040000915527344 AB 10.734858888848194 1.1077428360909316
60654.06 lsst_hardware_z -12.437096191845475 54.75 30.969999313354492 AB 10.902055484769384 1.1006247965508622
60656.0502 lsst_hardware_y 259.57927592469076 82.01000213623047 30.799999237060547 AB 12.437813579450818 1.1007888821532394
60658.0361 lsst_hardware_z 19.947114016014858 73.7699966430664 30.989999771118164 AB 8.362147006057162 1.1034399728998996
60658.0553 lsst_hardware_r 138.1945518859258 94.47000122070312 31.649999618530273 AB 8.468553229754763 1.1017466240961773
60663.0375 lsst_hardware_y -31.910796395320066 61.560001373291016 30.049999237060547 AB 5.063768674500596 1.100819277065347
60663.0605 lsst_hardware_i -44.89578008067237 31.790000915527344 31.260000228881836 AB 6.036721138303019 1.1150720181583467
60878.4133 lsst_hardware_z 4.386146438688833 43.06999969482422 30.940000534057617 AB 5.953097433714189 1.120952301221897
60878.4339 lsst_hardware_y -51.64570102837876 52.5 30.030000686645508 AB 5.51462885834005 1.1029257716680099
60880.413 lsst_hardware_u 0.11630126101556404 2.880000114440918 28.479999542236328 AB 5.930528062525432 1.1147085310888458
60880.432 lsst_hardware_y -93.45943416270244 51.099998474121094 30.030000686645508 AB 5.71566743079531 1.1016384383158324
60882.4133 lsst_hardware_i 4.0589102289290775 32.13999938964844 31.239999771118164 AB 7.522155645859947 1.1091216778315336
60882.4324 lsst_hardware_y -163.9887599919031 51.93000030517578 30.030000686645508 AB 6.665255921504222 1.1006642684268895
60885.4057 lsst_hardware_r -39.8898288274399 33.86000061035156 32.2400016784668 AB 5.210566747516345 1.108631222875818
60885.4291 lsst_hardware_y -234.38597501622104 70.11000061035156 30.780000686645508 AB 5.046337872203846 1.1009391038187433
60887.4054 lsst_hardware_g 12.851125913311883 15.180000305175781 31.43000030517578 AB 4.989845319325679 1.104966669715965
60887.4244 lsst_hardware_y 43.468292789964856 48.68000030517578 30.020000457763672 AB 3.848610495756235 1.1010710935789343
60889.4018 lsst_hardware_i -13.415163411432223 31.8700008392334 31.239999771118164 AB 2.0634145616832975 1.1039221908247692
60889.4201 lsst_hardware_z 4.238581363682533 42.72999954223633 30.940000534057617 AB 1.364166422817758 1.1013184253103536
60893.3695 lsst_hardware_r 13.294063312697027 44.95000076293945 31.600000381469727 AB 2.9499145741230937 1.1249197562437117
60893.3927 lsst_hardware_y 15.191625478072199 49.060001373291016 30.030000686645508 AB 3.189353059605217 1.1030416668663747
60898.3686 lsst_hardware_r 25.862254529542767 92.66000366210938 31.649999618530273 AB 5.994060437378637 1.110011192107155
60898.3877 lsst_hardware_z 9.063319890267339 66.04000091552734 30.989999771118164 AB 6.622588191391444 1.1007376699728155
60900.3591 lsst_hardware_y -59.70785455813613 56.310001373291016 30.040000915527344 AB 5.220378336627362 1.1139579635736598
60900.3813 lsst_hardware_r -6.9595426610475535 85.1500015258789 31.639999389648438 AB 4.893226678075363 1.1008383977672358
60903.3465 lsst_hardware_i -24.542825612810955 40.04999923706055 31.280000686645508 AB 6.073268826980777 1.1190839924417249
60903.3657 lsst_hardware_z 21.218221945789775 46.66999816894531 30.959999084472656 AB 6.002784179283509 1.1029123308335698
60907.3188 lsst_hardware_r -18.13296939426367 23.780000686645508 31.479999542236328 AB 2.699498194715309 1.146770685945331
60907.3377 lsst_hardware_i 40.54627471147391 31.43000030517578 31.229999542236328 AB 2.9777411498181614 1.1165133670111074
60911.3695 lsst_hardware_u -4.649062882651531 2.6700000762939453 28.3799991607666 AB 3.562067673149434 1.1054311595581154
60911.3895 lsst_hardware_g 0.06766786880979898 14.489999771118164 31.420000076293945 AB 4.308266819203953 1.126737028821538
60913.291 lsst_hardware_g 21.362201868457642 14.520000457763672 31.389999389648438 AB 2.595096744074472 1.1736323558036355
60913.3096 lsst_hardware_r -15.382738805251671 23.670000076293945 31.479999542236328 AB 3.090672233557967 1.133290558048512
60931.2684 lsst_hardware_r 27.7914244703051 46.0 31.600000381469727 AB 3.9135908036911573 1.1212388598375047
60931.2842 lsst_hardware_i -41.99948047219827 44.2400016784668 31.290000915527344 AB 3.8430476059174272 1.1056478367539948
60933.2615 lsst_hardware_z -38.88435758150736 42.33000183105469 30.940000534057617 AB 2.7623433794754426 1.1232082052624461
60933.28 lsst_hardware_r 29.850862416527576 25.010000228881836 31.510000228881836 AB 2.8697081565411002 1.1048671033910806
60935.2628 lsst_hardware_u -0.19148174198801324 2.690000057220459 28.3799991607666 AB 2.2002788001513185 1.1147707663844553
60935.2821 lsst_hardware_r 4.5771647915536935 23.729999542236328 31.489999771118164 AB 2.1892990219283996 1.101580286936116
60939.2204 lsst_hardware_r 15.169810162572201 24.010000228881836 31.479999542236328 AB 3.828208763296082 1.1726185715630228
60939.2401 lsst_hardware_z -35.21056007654588 42.849998474121094 30.940000534057617 AB 3.7045609109457702 1.1308183488845451
60942.2157 lsst_hardware_r -21.620248537887512 23.93000030517578 31.479999542236328 AB 4.471876755223012 1.1637430834202842
60942.2359 lsst_hardware_u 1.267978961632316 2.6600000858306885 28.350000381469727 AB 4.286127999730346 1.1246727892233919
60944.2226 lsst_hardware_g -2.9264679834808556 14.699999809265137 31.420000076293945 AB 3.4972981914926793 1.137456046669345
60944.242 lsst_hardware_r -4.744816619762918 23.770000457763672 31.5 AB 3.435031520553061 1.1109416301919537
60949.2078 lsst_hardware_r -13.07020017986875 36.81999969482422 31.56999969482422 AB 5.381361578961077 1.1395757486285303
60949.2274 lsst_hardware_z 55.008375007501414 45.11000061035156 30.950000762939453 AB 4.6817081189212315 1.1118466113925622
60951.2036 lsst_hardware_z -73.75853207454065 50.54999923706055 30.950000762939453 AB 3.1907548481879027 1.137253718018737
60951.2221 lsst_hardware_i -130.56524353940665 47.66999816894531 31.290000915527344 AB 3.6232785834584282 1.111690905410166
