data/validation/pwv_sim_epoch_fit_4/4841950.ecsv
# %ECSV 0.9
# ---
# datatype:
# - {name: time, datatype: float64}
# - {name: band, datatype: string}
# - {name: flux, datatype: float64}
# - {name: fluxerr, datatype: float64}
# - {name: zp, datatype: float64}
# - {name: zpsys, datatype: string}
# - {name: pwv, datatype: float64}
# - {name: airmass, datatype: float64}
# meta: {SNID: '4841950', alt: 1024.0, c: -0.045344822108745575, dec: -62.696659, lat: -30.244573, lon: -70.7499537, ra: 116.452705, t0: 62567.46875,
#   x0: 5.460496558343238e-06, x1: 0.8100746870040894, z: 0.5913223624229431}
# schema: astropy-2.0
time band flux fluxerr zp zpsys pwv airmass
62460.3575 lsst_hardware_r -77.07652604952591 61.5099983215332 31.610000610351562 AB 5.931984858229661 1.1860806834636997
62475.3292 lsst_hardware_z -43.61247498940425 42.779998779296875 30.93000030517578 AB 3.711638196934105 1.188675163149236
62475.3418 lsst_hardware_y -83.31051597744305 51.79999923706055 30.0 AB 4.863385441227961 1.1947882179653508
62481.3093 lsst_hardware_z 4.99328167704424 42.95000076293945 30.93000030517578 AB 9.839241240972502 1.1876089569566328
62481.3224 lsst_hardware_r 2.414912914627154 22.309999465942383 31.459999084472656 AB 9.889514285950197 1.193004990514223
62483.3113 lsst_hardware_u -3.2201516701328052 2.640000104904175 28.389999389648438 AB 11.92435503570497 1.1902137711975949
62483.3233 lsst_hardware_g 3.1209201643613325 13.0600004196167 31.360000610351562 AB 11.980371948315055 1.1970197280626522
62485.3032 lsst_hardware_r 15.479877231322225 22.280000686645508 31.459999084472656 AB 9.823332867545746 1.1891536830744223
62485.3163 lsst_hardware_i -26.691950319149697 31.25 31.219999313354492 AB 9.876912927055207 1.195966438517074
62487.2916 lsst_hardware_i 3.5675099248802433 31.450000762939453 31.229999542236328 AB 8.400636251805544 1.1872851744478712
62487.3083 lsst_hardware_z 6.5832618003489465 61.0 31.68000030517578 AB 7.900298520806125 1.1943457456148947
62487.3252 lsst_hardware_r 14.845173469551511 22.25 31.450000762939453 AB 8.002303156449447 1.20794039872434
62489.315 lsst_hardware_z -49.00252328262298 53.84000015258789 30.950000762939453 AB 5.781432213756075 1.2034621593995787
62489.3273 lsst_hardware_r 42.49952842693904 53.20000076293945 31.59000015258789 AB 5.9374642956431005 1.2161950626061246
62491.2936 lsst_hardware_z 31.968566104776013 59.02000045776367 30.959999084472656 AB 7.0628282610512585 1.1922062052695892
62491.3053 lsst_hardware_i -65.34522896783201 63.380001068115234 31.299999237060547 AB 7.3983907239031295 1.1999011851172139
62493.2941 lsst_hardware_z -30.36131318218661 55.41999816894531 30.959999084472656 AB 8.113091658566018 1.1957393748808056
62493.3063 lsst_hardware_r -139.1546593568384 69.05000305175781 31.600000381469727 AB 8.175711159704205 1.2055014980395833
62499.2947 lsst_hardware_z -108.46048483633787 43.810001373291016 30.940000534057617 AB 8.465116713668456 1.210282139875393
62499.3077 lsst_hardware_r -17.568110362406312 27.360000610351562 31.510000228881836 AB 8.56288337244187 1.2260422439960088
62503.295 lsst_hardware_i -26.024106604033772 31.049999237060547 31.219999313354492 AB 6.359700589595777 1.2236468553609114
62503.3074 lsst_hardware_z -17.48511862339243 43.130001068115234 30.93000030517578 AB 6.4311541205761005 1.2420550656148517
62505.2321 lsst_hardware_r -11.603026633871862 22.260000228881836 31.459999084472656 AB 3.098644408062237 1.1860461515341398
62505.2449 lsst_hardware_z 15.45159374529338 43.02000045776367 30.940000534057617 AB 3.1018499529254533 1.187955172983928
62507.229 lsst_hardware_r -0.6699189360269194 22.139999389648438 31.450000762939453 AB 8.32415129561276 1.1861285465457831
62507.2421 lsst_hardware_u -0.2939269586727649 2.5199999809265137 28.280000686645508 AB 8.33742421630777 1.1888103541593087
62509.229 lsst_hardware_g -3.146449499520208 12.850000381469727 31.34000015258789 AB 9.558087488313166 1.1867872094754823
62509.2409 lsst_hardware_r 29.948769499558043 22.170000076293945 31.459999084472656 AB 9.604710350955575 1.1905066903356667
62510.2474 lsst_hardware_z -14.713042702527197 43.15999984741211 30.93000030517578 AB 8.28683274611415 1.1955755089073616
62510.2597 lsst_hardware_r -64.7384972297873 22.280000686645508 31.450000762939453 AB 9.531511523466035 1.2053506963873912
62512.2423 lsst_hardware_u -2.6078810571832185 2.5199999809265137 28.290000915527344 AB 7.653218805670332 1.1958154383859894
62512.254 lsst_hardware_r -6.0660622585049575 22.09000015258789 31.450000762939453 AB 7.3944752717909825 1.2051297468625803
62514.2426 lsst_hardware_i 45.856912092878225 30.8700008392334 31.229999542236328 AB 5.302041781363244 1.2000094563628616
62514.255 lsst_hardware_z -55.487429696131144 42.790000915527344 30.93000030517578 AB 5.454830733232821 1.211646098008179
62517.1796 lsst_hardware_r -73.09648444914008 55.459999084472656 31.600000381469727 AB 6.1418221500150185 1.1902179448699226
62517.1924 lsst_hardware_z -61.95072239512672 50.5099983215332 30.950000762939453 AB 6.134116947104854 1.1865403447178013
62519.1816 lsst_hardware_r -141.03095183843868 75.69000244140625 31.610000610351562 AB 7.381151137452446 1.1876349376431956
62519.1946 lsst_hardware_y -28.76870733565242 52.58000183105469 30.0 AB 7.383528978714012 1.1860773171343197
62521.1835 lsst_hardware_z -24.775901080005347 60.369998931884766 30.959999084472656 AB 10.54855247477574 1.1862969494799525
62521.1971 lsst_hardware_r 56.04785197466995 83.52999877929688 31.610000610351562 AB 10.57430933726454 1.1869687948736598
62523.1917 lsst_hardware_i -121.47252641483817 55.369998931884766 31.290000915527344 AB 11.545194611904401 1.1869834587883024
62523.2058 lsst_hardware_z -52.41415634534103 54.61000061035156 30.959999084472656 AB 11.667861834075284 1.1920273628151388
62525.1869 lsst_hardware_r 142.52438371016532 69.05999755859375 32.34000015258789 AB 13.596523175253287 1.1871236765355158
62525.2006 lsst_hardware_z -110.24480116582406 70.06999969482422 31.700000762939453 AB 13.41483799846909 1.1921651187264313
62529.1814 lsst_hardware_z 91.17896541157863 42.2400016784668 30.93000030517578 AB 12.727793134795801 1.188624685729903
62529.1911 lsst_hardware_r 7.6429798250796255 21.799999237060547 31.450000762939453 AB 12.65186951797677 1.1929348635613135
62531.1798 lsst_hardware_u 2.1909655779830546 2.4800000190734863 28.25 AB 14.672632738572618 1.1900910648529985
62531.1912 lsst_hardware_g -5.293576382059977 12.720000267028809 31.309999465942383 AB 14.735024422677226 1.1963645859357144
62533.1763 lsst_hardware_r -19.358682831419436 21.959999084472656 31.450000762939453 AB 13.322130055618947 1.1909646035775923
62533.1891 lsst_hardware_i 12.007992114874659 30.920000076293945 31.229999542236328 AB 13.34122294789772 1.1987800294633588
62537.1788 lsst_hardware_u 3.3795142777816105 2.467699630357915 28.209999084472656 AB 8.255705056588349 1.1992598861981911
62537.1893 lsst_hardware_r 19.292486102308196 22.035133324955748 31.440000534057617 AB 8.236833985875352 1.2086330133345802
62539.1734 lsst_hardware_i 22.272625252853143 31.376429322823647 31.219999313354492 AB 6.036724274142516 1.1993094813037863
62539.1855 lsst_hardware_z 42.20443881674309 43.268053970299476 30.920000076293945 AB 5.972500355035756 1.210355731084356
62541.1553 lsst_hardware_z 87.33390735510521 43.24960655356548 30.940000534057617 AB 6.6717052732243 1.1913759416471965
62541.1677 lsst_hardware_r 66.40504166365986 22.838015895250983 31.459999084472656 AB 6.793861535824463 1.1991283525018064
62546.1412 lsst_hardware_r 476.4137160851487 54.850492647395704 31.600000381469727 AB 2.1047939086542513 1.1911680297986709
62546.1538 lsst_hardware_i 329.32426563116013 49.235030234104315 31.280000686645508 AB 2.2588150966895997 1.1989464419796176
62550.1516 lsst_hardware_z 987.7687097130635 92.57216919742777 31.709999084472656 AB 6.704753735806311 1.2064696021724408
62550.1652 lsst_hardware_r 1869.8075566121165 130.6232796310394 32.36000061035156 AB 6.810248990955394 1.221788480616302
62552.1474 lsst_hardware_i 791.4392093688186 66.25308982188962 31.290000915527344 AB 4.697473491206106 1.2077060930792345
62552.1597 lsst_hardware_z 719.8290746265467 62.377538022630766 30.959999084472656 AB 4.760104818589859 1.221740553173596
62554.152 lsst_hardware_r 1443.3421730844661 63.5703586067172 31.59000015258789 AB 7.945296491239379 1.2189153400009274
62554.1641 lsst_hardware_z 696.3276513572207 56.56137260908413 30.940000534057617 AB 7.952667347035422 1.2356857201142697
62556.1425 lsst_hardware_g 583.9525449278449 32.17433612635231 31.520000457763672 AB 11.17320270141098 1.2141266337377914
62556.1551 lsst_hardware_r 1642.0002280997626 50.59311101796491 31.530000686645508 AB 11.500162822930807 1.2304025844790452
62557.0799 lsst_hardware_g 479.4046895972606 25.35985840108478 31.31999969482422 AB 10.624809860813308 1.1871848627008679
62557.0928 lsst_hardware_r 1569.9246665181822 44.983228859921525 31.450000762939453 AB 9.109822728012038 1.186213448095581
62561.0799 lsst_hardware_r 1865.9037647299797 47.778845959166794 31.450000762939453 AB 4.51825790192598 1.1861279522021344
62561.0938 lsst_hardware_u 6.906182556653798 3.339628080879849 28.270000457763672 AB 4.850634065064504 1.188589577325221
62563.0722 lsst_hardware_g 597.6703993227308 26.254861030105836 31.31999969482422 AB 7.468086415350249 1.1861322628080975
62563.0848 lsst_hardware_i 1513.0068374719651 49.363514434941195 31.219999313354492 AB 6.862901181741964 1.1875586055964638
62566.0743 lsst_hardware_z 1138.4248225334125 54.05337684535391 30.93000030517578 AB 6.248959588220226 1.187037216783428
62566.0866 lsst_hardware_r 1910.689700808673 48.2966590827605 31.440000534057617 AB 8.532134164964921 1.1911952017356089
62568.074 lsst_hardware_u -0.703950429401201 2.620743872557744 28.209999084472656 AB 11.141995686763142 1.1883739066852521
62568.0869 lsst_hardware_g 420.74137218349415 24.24522814707896 31.309999465942383 AB 12.306955535624471 1.1943089411552503
62572.0674 lsst_hardware_z 1221.3633741364813 55.01710592793915 30.93000030517578 AB 9.21062059816825 1.1899514144311076
62572.0815 lsst_hardware_r 1748.2555021082453 50.81968626731841 31.510000228881836 AB 9.307278621986278 1.1980021395271305
62578.0356 lsst_hardware_z 1101.1667735209207 65.77565778862117 30.959999084472656 AB 9.08363820163762 1.1862407054048474
62578.0484 lsst_hardware_i 1343.9554020516764 70.31333734903421 31.290000915527344 AB 8.243609736480302 1.1889535929155985
62580.0309 lsst_hardware_z 917.9226257804795 69.12515243913046 30.959999084472656 AB 5.604880508302875 1.1863017867157206
62580.0449 lsst_hardware_r 1362.7366701284584 92.49216116856795 31.610000610351562 AB 4.454602932847137 1.18969187203253
62584.0276 lsst_hardware_r 1129.9860269420076 38.77051811653313 31.450000762939453 AB 5.56514842745496 1.18761170026785
62584.041 lsst_hardware_i 985.6622057576832 44.18820205477255 31.219999313354492 AB 5.646659835371107 1.1930403201713728
62587.0237 lsst_hardware_z 857.649513609437 50.92486417236565 30.93000030517578 AB 6.516351585637793 1.188916376938978
62587.0364 lsst_hardware_r 785.3141216026189 36.31670774234454 31.450000762939453 AB 6.540839420102577 1.1951832294011286
62589.0272 lsst_hardware_u -1.0989600034730587 2.696054834835611 28.200000762939453 AB 7.754256395862329 1.1929625224403584
62589.0405 lsst_hardware_r 716.006958899464 34.51611287344962 31.440000534057617 AB 7.815065076033071 1.2023177040050879
62591.0206 lsst_hardware_i 676.7613817757818 40.62414568258429 31.209999084472656 AB 7.095870119223172 1.1923494193110324
62591.0328 lsst_hardware_z 820.1033465245004 50.079818482971234 30.920000076293945 AB 7.140535369417683 1.200459867648466
62594.0197 lsst_hardware_r 486.0798324003548 31.31377712603272 31.440000534057617 AB 7.628940323264539 1.1967903872090768
62594.0329 lsst_hardware_u -0.798852953309705 2.848734266422243 28.239999771118164 AB 7.555011401169959 1.207932113065786
62596.0172 lsst_hardware_g 37.737203165575636 14.237704289843842 31.299999237060547 AB 9.219251031777159 1.1989402473213029
62596.0286 lsst_hardware_r 413.67260938579125 30.086091199197543 31.43000030517578 AB 9.304997779689112 1.2091086352453122
62600.0172 lsst_hardware_r 297.0864246554628 30.253160676210026 31.459999084472656 AB 9.781396613443986 1.2086243189724437
62600.0301 lsst_hardware_g 39.203636685649656 17.213439715839698 31.40999984741211 AB 9.867202078170616 1.2237125355317011
62827.2866 lsst_hardware_z 90.15952826466119 61.099998474121094 31.68000030517578 AB 3.6017055819802937 1.2312120266568918
62840.3351 lsst_hardware_r -4.4219950352382105 22.889999389648438 31.469999313354492 AB 4.837904644036971 1.1908199813021756
62840.3468 lsst_hardware_g 3.457497046582602 19.690000534057617 31.5 AB 4.874668855624968 1.197756383707351
62844.3081 lsst_hardware_z -27.013000983695676 58.189998626708984 30.959999084472656 AB 7.852970143821029 1.1862940660630732
62844.3207 lsst_hardware_i -68.06387053782424 61.2599983215332 31.299999237060547 AB 7.768879772078124 1.1893569767420746
62849.3204 lsst_hardware_z 107.95036081525431 71.93000030517578 31.690000534057617 AB 8.653329046472967 1.1964781831321454
62851.3111 lsst_hardware_r -26.897674368749076 42.31999969482422 31.579999923706055 AB 12.628041359017637 1.1940219131446628
62851.3229 lsst_hardware_i -1.0345181116674953 41.16999816894531 31.260000228881836 AB 12.727705492597778 1.2026528068927826
62853.3201 lsst_hardware_z 26.905755601581888 63.06999969482422 31.690000534057617 AB 8.412018983306602 1.2050452177404345
62855.2916 lsst_hardware_r 24.746616269050094 23.530000686645508 31.479999542236328 AB 5.106152736494158 1.1897369585245499
62855.3043 lsst_hardware_g 20.277024101959267 15.539999961853027 31.440000534057617 AB 5.251623327230557 1.1966784384711306
62858.2919 lsst_hardware_r 24.474069547130924 22.290000915527344 31.459999084472656 AB 8.107114539383856 1.1939785772288447
62858.3043 lsst_hardware_i 11.793684465597867 31.270000457763672 31.229999542236328 AB 8.145647145522496 1.2031086545340073
62863.2919 lsst_hardware_u 4.194041345443106 2.559999942779541 28.31999969482422 AB 7.56258911794934 1.2042339359791943
62863.3039 lsst_hardware_g 18.877683968958372 12.869999885559082 31.329999923706055 AB 7.531434017871456 1.2168409119784511
62866.2948 lsst_hardware_z -10.890277984538207 43.290000915527344 30.93000030517578 AB 6.205485426111743 1.2157685732790353
62866.3065 lsst_hardware_u 1.9690874692715106 2.5199999809265137 28.270000457763672 AB 6.262038930526675 1.2311701018484493
62868.2953 lsst_hardware_g -9.416457427279797 12.930000305175781 31.34000015258789 AB 6.2972037626219315 1.223193453194716
62868.3075 lsst_hardware_r 37.16960823571606 22.329999923706055 31.450000762939453 AB 6.45070567338418 1.2411568124777155
62870.225 lsst_hardware_z -35.54131841230759 68.02999877929688 31.700000762939453 AB 3.0854047978629335 1.1866941530242052
62870.2362 lsst_hardware_r -41.156014405887746 41.5 31.579999923706055 AB 3.1068705290928857 1.1862434805152764
62872.2211 lsst_hardware_i 68.05406328866441 53.790000915527344 31.290000915527344 AB 8.30735416814197 1.1864682640971143
62872.2352 lsst_hardware_z 35.379345816672526 53.70000076293945 30.950000762939453 AB 8.318450433728765 1.1868382560874269
62879.1989 lsst_hardware_y -8.290366355806727 71.7300033569336 30.760000228881836 AB 6.063898014182836 1.1869825161521825
62883.1827 lsst_hardware_z 38.449106808914195 43.119998931884766 30.940000534057617 AB 3.6650399712898754 1.188340439218549
62883.1979 lsst_hardware_r 26.565747603399544 24.530000686645508 31.489999771118164 AB 3.6362315419899938 1.186114453187999
62883.247 lsst_hardware_g 14.717170190150881 21.510000228881836 31.520000457763672 AB 3.8935105104306476 1.2141924668702644
62883.2589 lsst_hardware_r 28.006099991214082 27.829999923706055 31.510000228881836 AB 2.754033426072715 1.2294792080681762
62908.2477 lsst_hardware_z -123.27146129010329 95.05000305175781 32.130001068115234 AB 5.032106493804118 1.3567591148729234
62912.1447 lsst_hardware_i 0.8611685591728424 31.3799991607666 31.229999542236328 AB 3.258167682952278 1.1941970737760335
62912.1568 lsst_hardware_z -8.407954868406055 43.61000061035156 30.93000030517578 AB 3.4379494215321347 1.203131906047991
62917.1383 lsst_hardware_r 8.718307650608084 22.15999984741211 31.469999313354492 AB 4.672409026788544 1.1991553846795673
62917.1495 lsst_hardware_i -35.366187401129594 31.1200008392334 31.229999542236328 AB 4.688429966689657 1.2091892967734674
62919.0792 lsst_hardware_g -4.20979927576016 12.819999694824219 31.34000015258789 AB 6.571175129686364 1.1903224580538654
62919.0921 lsst_hardware_i -21.605100858586695 31.030000686645508 31.229999542236328 AB 7.285545964577704 1.1866193191217402
62921.0826 lsst_hardware_z 53.93672939218928 42.63999938964844 30.940000534057617 AB 9.403285486932717 1.1873834691808296
62921.0945 lsst_hardware_r -23.239640059453926 22.010000228881836 31.459999084472656 AB 9.265972942757765 1.1861710615862298
62923.0809 lsst_hardware_u -1.8925109938370943 2.4700000286102295 28.239999771118164 AB 7.6092860516928695 1.186664144881127
62923.0928 lsst_hardware_g 3.722911221998906 12.729999542236328 31.329999923706055 AB 6.79424928402068 1.1864403062944477
62925.0782 lsst_hardware_r 24.784474065859246 25.420000076293945 31.5 AB 6.558459808450313 1.1863358109949038
62925.0896 lsst_hardware_i -6.730061206725584 32.2400016784668 31.239999771118164 AB 6.183282530705565 1.1867535205998878
62927.0757 lsst_hardware_z -23.140775391721192 45.16999816894531 30.950000762939453 AB 3.40826340618472 1.1861705589970024
62927.0883 lsst_hardware_r 29.88003189120685 34.529998779296875 31.559999465942383 AB 3.46113102169541 1.187623592026333
62929.079 lsst_hardware_z 45.00361393401454 48.400001525878906 30.940000534057617 AB 5.319386317554716 1.186811114821169
62929.092 lsst_hardware_r -102.7471938415716 47.09000015258789 31.579999923706055 AB 5.413795218600239 1.1908920410471269
62932.0735 lsst_hardware_i -10.550349866868931 58.65999984741211 31.299999237060547 AB 7.658410460611492 1.1873504590095145
62932.0859 lsst_hardware_z -51.3309628838291 56.58000183105469 30.959999084472656 AB 8.687784571578245 1.1919034945230302
62935.0772 lsst_hardware_r -15.891888670292824 82.38999938964844 31.610000610351562 AB 11.934392738043536 1.1916517961101882
62935.09 lsst_hardware_z 60.74973087977678 60.88999938964844 30.959999084472656 AB 13.435744268987667 1.1998342801382094
62937.0719 lsst_hardware_g 84.38236207643189 58.349998474121094 31.65999984741211 AB 9.201772308245525 1.1917335919848129
62937.0845 lsst_hardware_r 30.26702413311604 59.20000076293945 31.600000381469727 AB 9.486464095069014 1.199805745582053
62939.0747 lsst_hardware_i 26.000828270074717 30.959999084472656 31.219999313354492 AB 15.552273101286396 1.1966201845028732
62939.0877 lsst_hardware_z 110.46527869913311 45.86000061035156 30.93000030517578 AB 15.728260537747921 1.2074744669403021
62941.0719 lsst_hardware_r 19.862463923632443 22.079999923706055 31.450000762939453 AB 9.342113040597527 1.1985263052425879
62941.0862 lsst_hardware_g 5.317770498900128 12.75 31.31999969482422 AB 8.902724580926144 1.2115709875718002
62943.0341 lsst_hardware_u 0.2645421285013969 2.630000114440918 28.3799991607666 AB 9.203584231369673 1.1861817542685729
62943.0475 lsst_hardware_r -0.16265074922952363 22.15999984741211 31.459999084472656 AB 8.086323595363178 1.1884661368846257
62952.0265 lsst_hardware_i -22.29120119534934 31.31999969482422 31.229999542236328 AB 6.523523453066673 1.1897545699165684
62952.0382 lsst_hardware_z -8.818567573045302 43.31999969482422 30.940000534057617 AB 6.561809899131557 1.1959556316764686
62954.0255 lsst_hardware_r 23.273001367890366 34.52000045776367 32.25 AB 7.7464206798703 1.191757027672354
62954.0391 lsst_hardware_g 19.834784135396834 23.790000915527344 32.220001220703125 AB 7.804114821398925 1.2006330494459885
62956.0241 lsst_hardware_r -75.13799031866213 43.72999954223633 32.29999923706055 AB 7.145107460882509 1.1939688287555124
62956.038 lsst_hardware_i 30.448297306060844 49.34000015258789 32.0 AB 7.21002100793075 1.2043800230402886
62958.0221 lsst_hardware_z -26.402406513273956 47.47999954223633 30.950000762939453 AB 9.340324412086034 1.1961484349124094
62958.0347 lsst_hardware_i 34.89042758592608 41.13999938964844 31.270000457763672 AB 9.326291468864694 1.2064019664795977
