data/validation/pwv_sim_epoch_fit_4/4853295.ecsv
# %ECSV 0.9
# ---
# datatype:
# - {name: time, datatype: float64}
# - {name: band, datatype: string}
# - {name: flux, datatype: float64}
# - {name: fluxerr, datatype: float64}
# - {name: zp, datatype: float64}
# - {name: zpsys, datatype: string}
# - {name: pwv, datatype: float64}
# - {name: airmass, datatype: float64}
# meta: {SNID: '4853295', alt: 1024.0, c: -0.07111747562885284, dec: -36.609226, lat: -30.244573, lon: -70.7499537, ra: 101.953125, t0: 62179.625,
#   x0: 3.409013660058842e-06, x1: -0.943964958190918, z: 0.7172812223434448}
# schema: astropy-2.0
time band flux fluxerr zp zpsys pwv airmass
[from data line 132]
62495.1633 lsst_hardware_g -54.68385468828408 53.900001525878906 31.709999084472656 AB 6.718426090644743 1.0515203021707935
62499.1597 lsst_hardware_r 33.38555447882442 21.59000015258789 31.479999542236328 AB 7.4694205284448705 1.0401885382538236
62499.1844 lsst_hardware_g 18.935998272295162 12.84000015258789 31.389999389648438 AB 7.116752828334503 1.0143604373338801
62501.1399 lsst_hardware_u -2.382679324784087 2.690000057220459 28.469999313354492 AB 7.16370077752394 1.0640871591999612
62501.1623 lsst_hardware_r -0.9502511718442092 21.6299991607666 31.489999771118164 AB 6.964463598556604 1.0297129590532421
62503.0544 lsst_hardware_y 64.92637951029035 51.380001068115234 29.940000534057617 AB 9.745097972097204 1.3686935354069107
62503.0762 lsst_hardware_u -1.9717310585114332 2.4800000190734863 28.219999313354492 AB 8.587517943647063 1.2484276909740846
62507.0546 lsst_hardware_y -37.774162523937754 50.290000915527344 29.959999084472656 AB 12.758736518297711 1.3027094668468155
62507.0784 lsst_hardware_r 17.169532517116245 22.18000030517578 31.450000762939453 AB 11.585717635276499 1.1920280165247787
62509.0543 lsst_hardware_z 92.49092116101819 44.560001373291016 30.93000030517578 AB 10.446276778604776 1.2754527369255961
62509.0775 lsst_hardware_g 18.0712529654281 13.390000343322754 31.3700008392334 AB 9.960873158065693 1.1747698028146827
62509.2104 lsst_hardware_u -3.1171784110603933 2.7100000381469727 28.520000457763672 AB 8.199047159999397 1.0183254250759979
62509.2236 lsst_hardware_g 18.71755665961502 12.84000015258789 31.389999389648438 AB 8.263700440402298 1.0318984098151653
62510.0503 lsst_hardware_y -76.08724350070578 50.97999954223633 29.969999313354492 AB 10.789420282380494 1.2819747847771235
62510.0678 lsst_hardware_i 1.1354493022202816 31.549999237060547 31.219999313354492 AB 10.110237640920644 1.2016089582838692
62512.0498 lsst_hardware_y 73.91973036781886 51.709999084472656 29.989999771118164 AB 7.7942713261737255 1.257140536479633
62512.0674 lsst_hardware_r -33.74449407362531 28.270000457763672 31.530000686645508 AB 7.32750136184959 1.181855058362837
62517.0479 lsst_hardware_y 109.50282268539199 53.79999923706055 29.989999771118164 AB 4.034309622970335 1.2048109968554084
62517.0653 lsst_hardware_z -33.94117367610084 53.09000015258789 30.959999084472656 AB 3.7946179358208636 1.1418394450675886
62519.1624 lsst_hardware_i -53.019598479243975 66.19999694824219 31.329999923706055 AB 4.434903068723964 1.007302951274536
62519.1745 lsst_hardware_r -85.7881119658039 83.44999694824219 31.65999984741211 AB 6.321917640180241 1.012262645203924
62525.0431 lsst_hardware_y -114.24491423122703 52.59000015258789 30.020000457763672 AB 14.778371662595717 1.1429742773522857
62525.0601 lsst_hardware_u 0.5302549897602941 2.569999933242798 28.34000015258789 AB 14.1757364098154 1.0951588697323393
62527.0428 lsst_hardware_y -31.433482383273184 52.06999969482422 30.020000457763672 AB 13.472540800226914 1.1271105955376024
62527.0608 lsst_hardware_i -44.54485525556238 30.100000381469727 31.229999542236328 AB 12.870704145263373 1.0807997770721203
62529.0419 lsst_hardware_y 40.26927167571049 49.880001068115234 30.020000457763672 AB 12.945760783773844 1.114093010651789
62529.0605 lsst_hardware_r -10.457953886383082 21.68000030517578 31.469999313354492 AB 12.435279906638785 1.069885563678808
62531.0423 lsst_hardware_y 2.8369234879858496 49.04999923706055 30.020000457763672 AB 12.345252376463012 1.0986741758076815
62531.0619 lsst_hardware_g 23.256232207039904 12.819999694824219 31.3700008392334 AB 11.679852738187245 1.056872721679474
62531.1518 lsst_hardware_r 10.373937487912604 21.329999923706055 31.479999542236328 AB 12.250705230867993 1.0195822226335327
62531.1645 lsst_hardware_u -1.5814251891197861 2.549999952316284 28.3799991607666 AB 12.421767654647235 1.0331097824829283
62535.0378 lsst_hardware_y 32.45265435556417 51.400001525878906 30.040000915527344 AB 7.555231918973903 1.0833815262912947
62535.0558 lsst_hardware_r 10.94295169854691 21.739999771118164 31.489999771118164 AB 8.112008388769068 1.0487066854683518
62537.0359 lsst_hardware_y -88.0613205021199 51.189998626708984 30.040000915527344 AB 5.975441472721856 1.0755902209921442
62537.055 lsst_hardware_r 2.159488622825043 21.549999237060547 31.489999771118164 AB 6.146900710910065 1.0415533540090478
62537.0995 lsst_hardware_i 37.871167882921945 29.270000457763672 31.25 AB 6.19559465034467 1.0066499106929208
62537.1125 lsst_hardware_z 10.501380422791538 40.04999923706055 30.950000762939453 AB 6.244228673916331 1.0071336570832792
62543.0322 lsst_hardware_y -15.654417606393306 52.61000061035156 30.049999237060547 AB 0.5347330078417724 1.0515890026386872
62543.0505 lsst_hardware_r 17.671842845260326 32.720001220703125 31.579999923706055 AB 1.033395400421384 1.02646674985983
62546.0913 lsst_hardware_z 3.7639073739511235 69.58999633789062 31.719999313354492 AB 3.2159581279512826 1.0080320116867503
62550.0796 lsst_hardware_z 95.37766255913219 61.040000915527344 30.989999771118164 AB 4.5678417493379735 1.00779740746566
62550.0927 lsst_hardware_r -139.1950680739125 89.37000274658203 31.670000076293945 AB 5.626393535499405 1.0140386654950717
62554.0758 lsst_hardware_r 42.55896133868947 35.279998779296875 31.59000015258789 AB 5.388700818047076 1.0105866788029587
62554.0904 lsst_hardware_z -54.41316396103464 44.93000030517578 30.959999084472656 AB 6.275617945078608 1.0208406580038403
62559.0604 lsst_hardware_r -22.53116429481527 21.239999771118164 31.479999542236328 AB 7.8731820217589625 1.0097706838218496
62559.0731 lsst_hardware_i 8.81932545163783 29.31999969482422 31.25 AB 7.894799176583068 1.0176988948221808
62561.0592 lsst_hardware_z 27.52083853918312 40.11000061035156 30.940000534057617 AB 3.7203060563431007 1.0119151520041074
62561.072 lsst_hardware_r -56.99815476452686 21.270000457763672 31.479999542236328 AB 3.769346858907847 1.0215032137961646
62566.0422 lsst_hardware_r -3.27353362021716 21.190000534057617 31.469999313354492 AB 5.267119587713451 1.0101878764314252
62566.0568 lsst_hardware_z -51.69057139050922 40.189998626708984 30.940000534057617 AB 5.368733419980601 1.020089952494869
62572.0368 lsst_hardware_i -8.329196378086985 33.150001525878906 31.260000228881836 AB 7.506338801701564 1.0170616566410973
62572.0503 lsst_hardware_z 16.242598517466455 42.06999969482422 30.950000762939453 AB 8.041989420243908 1.0303637950344533
