data/validation/pwv_sim_epoch_fit_4/48665348.ecsv
# %ECSV 0.9
# ---
# datatype:
# - {name: time, datatype: float64}
# - {name: band, datatype: string}
# - {name: flux, datatype: float64}
# - {name: fluxerr, datatype: float64}
# - {name: zp, datatype: float64}
# - {name: zpsys, datatype: string}
# - {name: pwv, datatype: float64}
# - {name: airmass, datatype: float64}
# meta: {SNID: '48665348', alt: 1024.0, c: -0.05623117461800575, dec: -19.471222, lat: -30.244573, lon: -70.7499537, ra: 254.707031, t0: 62951.9609375,
#   x0: 2.7487955051808355e-06, x1: 0.8547359704971313, z: 0.7827692031860352}
# schema: astropy-2.0
time band flux fluxerr zp zpsys pwv airmass
62949.3933 lsst_hardware_r 745.9274467358343 37.28049193409725 31.540000915527344 AB 6.8492613151080715 1.0187047393631399
62949.4122 lsst_hardware_y 313.209532299258 74.30089065846488 30.079999923706055 AB 6.853455221363869 1.020011195321308
62951.3431 lsst_hardware_i 1033.5206229323383 45.30070856220507 31.260000228881836 AB 7.987251216819836 1.0649668289093115
62951.3606 lsst_hardware_y 306.41289390233385 49.67552315129756 30.049999237060547 AB 7.786408156594866 1.0381877542126488
62959.3615 lsst_hardware_z 476.5057765322004 47.79119394640029 30.950000762939453 AB 5.904604311060687 1.0201605605461066
62959.3791 lsst_hardware_r 525.0674976999304 33.54562462036801 31.520000457763672 AB 6.3489827367561915 1.0183355544412198
62961.3595 lsst_hardware_z 597.4530823274574 52.40849027034699 30.959999084472656 AB 7.863130243418716 1.018980161134209
62961.378 lsst_hardware_r 414.2893926209079 32.68999338386716 31.510000228881836 AB 8.313680991270434 1.019489376286267
62963.3446 lsst_hardware_i 751.1609672165298 74.96469579843874 31.34000015258789 AB 8.326201462516538 1.0231576864018455
62963.3637 lsst_hardware_z 508.09230037260573 65.92724603018387 30.989999771118164 AB 8.305623036587 1.0178147773152881
62964.3637 lsst_hardware_r 632.6310854457826 100.56189517957166 31.670000076293945 AB 9.426992801877185 1.0180521033723269
62964.3817 lsst_hardware_z 517.4721278996201 70.88678828780907 31.0 AB 8.615629580419203 1.0259144534912126
62971.3332 lsst_hardware_r 359.2692263932118 35.66785965363657 31.579999923706055 AB 9.995621710869091 1.018713994177445
62971.3504 lsst_hardware_g 72.0613223571509 26.335149434845036 31.6299991607666 AB 10.041498736316749 1.0193897504001572
62974.3345 lsst_hardware_r 273.5493039485841 28.85659099916762 31.540000915527344 AB 13.052364215078203 1.0178604794706203
62974.3528 lsst_hardware_i 510.17525914575873 38.600632403158144 31.270000457763672 AB 13.143246286211491 1.0247679146142663
62976.3209 lsst_hardware_z 358.7593237584756 45.54906624450571 30.959999084472656 AB 3.6726344742075363 1.018408173090478
62976.3386 lsst_hardware_i 400.8043301327086 37.72832879284131 31.260000228881836 AB 4.5009903491390855 1.0200544700599212
62989.2415 lsst_hardware_r 112.19936219897295 50.253362774181454 31.6200008392334 AB 12.596278788085398 1.061037101340901
62989.2576 lsst_hardware_g -14.261522167869352 48.33896358180892 31.709999084472656 AB 13.15028859958021 1.0373071570977237
62996.1734 lsst_hardware_y 343.3229225205542 89.30268834342651 30.760000228881836 AB 7.583752904762379 1.2058757997714071
62996.1906 lsst_hardware_r 139.70530009247665 148.4991475485077 32.38999938964844 AB 7.1808678798343495 1.140484072185031
63001.233 lsst_hardware_r 74.93175253407033 35.59314789657725 32.27000045776367 AB 6.611784252785401 1.0289647122662344
63001.2534 lsst_hardware_g 15.762522639069665 23.37793068961379 32.2599983215332 AB 7.262515416915988 1.018264280825286
63008.2431 lsst_hardware_u 0.05247579291306126 4.100929148322553 29.270000457763672 AB 4.83869253576567 1.0179934504924444
63008.2658 lsst_hardware_g 70.89122877577277 22.97014605938292 32.22999954223633 AB 4.49622319902688 1.0293747665424509
63014.2132 lsst_hardware_i -1.8270720675556815 32.78956434465717 31.270000457763672 AB 7.17711465887416 1.0194765140446025
63014.2342 lsst_hardware_z 113.87726700197412 42.61211953650289 30.950000762939453 AB 7.214626079869283 1.0198072061445025
63018.1971 lsst_hardware_r -33.39903249198924 51.538176556131724 31.639999389648438 AB 7.62092556980209 1.021674507464146
63018.2178 lsst_hardware_i 59.214429325567735 46.718870849211235 31.309999465942383 AB 6.809675761304071 1.0182946507781983
63021.2042 lsst_hardware_z -67.64232224328843 92.20767588632036 31.0 AB 11.654714806385261 1.0177901324238285
63021.2259 lsst_hardware_i 70.02298996028789 106.69468714968578 31.350000381469727 AB 11.752212720511036 1.0257819397894539
63023.176 lsst_hardware_r 195.55503601460006 160.75379120247547 31.670000076293945 AB 5.591378672679036 1.0264432761007063
63023.2069 lsst_hardware_z 373.92387237256537 190.1780366583231 32.20000076293945 AB 5.526666586345882 1.0189282054472883
63043.1379 lsst_hardware_z 16.91635228118046 41.5099983215332 30.950000762939453 AB 6.1609558624767375 1.0184239792506646
63043.1651 lsst_hardware_r 9.010054782760735 24.399999618530273 31.520000457763672 AB 6.209943831772626 1.0252507564425666
63049.1143 lsst_hardware_y -56.33403773594792 62.310001373291016 30.06999969482422 AB 8.951473193335723 1.0207894927304824
63049.1384 lsst_hardware_r -152.55178446519972 112.62000274658203 31.670000076293945 AB 8.899447761107865 1.0197213078956864
63052.1252 lsst_hardware_i -44.72108959289617 97.70999908447266 31.34000015258789 AB 3.7426502414361567 1.018338954203473
63052.1484 lsst_hardware_z -103.01855052799195 82.75 31.0 AB 3.749332858733556 1.0319501434621114
63061.996 lsst_hardware_u -0.8889188311366822 2.6500000953674316 28.299999237060547 AB 7.701507055887336 1.1939395482346076
63062.021 lsst_hardware_r 37.24084452631619 24.389999389648438 31.5 AB 5.964950158723422 1.1086237633534843
63069.067 lsst_hardware_r -2.5206654402435613 34.119998931884766 32.27000045776367 AB 5.248862193293054 1.0184055477867782
63069.0896 lsst_hardware_i 87.89257754793725 44.11000061035156 32.0 AB 4.997173868223308 1.0223873701035064
63072.0598 lsst_hardware_z 51.169443961975844 41.650001525878906 30.950000762939453 AB 4.7856373761408495 1.0182207183278402
63072.0796 lsst_hardware_r 13.086731778541157 25.139999389648438 31.540000915527344 AB 4.800742092350021 1.0214344877340469
63073.0383 lsst_hardware_z -64.40723432466169 42.310001373291016 30.950000762939453 AB 9.444483685939433 1.0273746236313905
63073.0563 lsst_hardware_r -39.53633793085969 27.8799991607666 31.549999237060547 AB 8.684585509325192 1.0183613402116782
63079.0415 lsst_hardware_r -126.38444152428166 109.58000183105469 31.670000076293945 AB 3.756342245593425 1.0180938892630402
63079.0618 lsst_hardware_z -87.17781548783945 77.61000061035156 31.0 AB 3.8676011715794534 1.0221158424681975
63081.032 lsst_hardware_y -115.1239999599944 77.87999725341797 30.81999969482422 AB 2.196162174943584 1.0189431680839391
63082.9925 lsst_hardware_r -22.08126237432706 24.229999542236328 31.5 AB 1.3606205149872208 1.0485131119860422
63083.0039 lsst_hardware_i -21.636865165943536 31.31999969482422 31.25 AB 0.9526697351611682 1.0340120135613258
63085.0212 lsst_hardware_z 24.213642761069252 41.41999816894531 30.950000762939453 AB 3.547333156874514 1.0189094232010667
63085.0401 lsst_hardware_r -30.00019476370148 24.270000457763672 31.520000457763672 AB 3.5547470833299273 1.0197209074383038
63093.0182 lsst_hardware_r 36.881899970224026 24.600000381469727 31.530000686645508 AB 4.138967164516572 1.0197011984519766
63093.0436 lsst_hardware_u 2.2640343313847584 2.9700000286102295 28.579999923706055 AB 3.8478342046512086 1.0399551904462725
63098.9852 lsst_hardware_z 3.3061071329621985 42.5099983215332 30.959999084472656 AB 3.3061787820556323 1.018382498708034
63099.004 lsst_hardware_i 7.379224040466987 31.84000015258789 31.260000228881836 AB 2.726608232336556 1.0205645286350178
63099.9698 lsst_hardware_y 51.036889428237195 78.66999816894531 30.079999923706055 AB 3.399260720226134 1.0236167789890491
63099.9769 lsst_hardware_r 15.776048217267483 27.790000915527344 31.559999465942383 AB 3.3718248167695357 1.0200135575585971
