data/validation/pwv_sim_epoch_fit_4/48756247.ecsv
# %ECSV 0.9
# ---
# datatype:
# - {name: time, datatype: float64}
# - {name: band, datatype: string}
# - {name: flux, datatype: float64}
# - {name: fluxerr, datatype: float64}
# - {name: zp, datatype: float64}
# - {name: zpsys, datatype: string}
# - {name: pwv, datatype: float64}
# - {name: airmass, datatype: float64}
# meta: {SNID: '48756247', alt: 1024.0, c: -0.0331515334546566, dec: -28.122234, lat: -30.244573, lon: -70.7499537, ra: 13.359375, t0: 60171.828125,
#   x0: 6.710532158983329e-06, x1: 1.0252872705459595, z: 0.5431010723114014}
# schema: astropy-2.0
time band flux fluxerr zp zpsys pwv airmass
60119.3256 lsst_hardware_g -200.76889293241007 139.72000122070312 32.72999954223633 AB 5.115347711881083 1.4829243982841676
60119.3656 lsst_hardware_z -435.123766190843 179.97999572753906 32.16999816894531 AB 4.194878625524692 1.2251099687579534
60122.3612 lsst_hardware_g -216.1211716860809 85.43000030517578 31.670000076293945 AB 8.696465963123215 1.2078424948782243
60122.3831 lsst_hardware_r -45.74672146464872 79.47000122070312 31.6299991607666 AB 8.075611829517953 1.1254293141581375
60124.3475 lsst_hardware_i -68.95424277121968 84.08999633789062 31.290000915527344 AB 2.7377063993710893 1.2466786882382008
60124.3677 lsst_hardware_z -9.431708315453205 104.37999725341797 30.989999771118164 AB 2.4910006389991506 1.1594138417496627
60126.3651 lsst_hardware_z -68.98770249099867 104.54000091552734 30.989999771118164 AB 9.92582415716984 1.1490882330597176
60126.3849 lsst_hardware_i 9.020792747176326 85.48999786376953 31.329999923706055 AB 10.564865310075568 1.0891613721727391
60127.3679 lsst_hardware_z -32.18259518136375 148.24000549316406 31.75 AB 7.837708477562018 1.130384377322535
60131.3444 lsst_hardware_i 46.258214546636516 85.01000213623047 31.31999969482422 AB 6.692644707111283 1.175385442063801
60131.3622 lsst_hardware_z 10.227835044388248 104.91999816894531 31.0 AB 6.347265193280122 1.114174282779333
60133.3467 lsst_hardware_r 49.34654391115081 79.25 31.6299991607666 AB 1.6352353430381845 1.1465948414431584
60133.3671 lsst_hardware_i -49.38941859521333 85.58000183105469 31.329999923706055 AB 1.6366440818041552 1.0858477902169836
60138.3958 lsst_hardware_z -114.98661557788108 105.33000183105469 31.0 AB 6.199911783713095 1.0147431927297137
60138.4175 lsst_hardware_r 24.33869262842224 80.5 31.65999984741211 AB 6.412615770628752 1.0018668530302184
60142.3701 lsst_hardware_g 43.95874078618888 88.10573141433632 31.729999542236328 AB 0.9654395691925081 1.0321877076185046
60142.3904 lsst_hardware_r 41.00133805245079 80.5202308266212 31.65999984741211 AB 2.32315578397621 1.0100677321635696
60144.2572 lsst_hardware_g 34.48012422394349 81.52748595622951 31.56999969482422 AB 3.3926784723587704 1.4842195285565165
60144.2773 lsst_hardware_r 145.17011069574662 77.87497581372051 31.579999923706055 AB 2.933169640849383 1.3347757182477284
60147.2506 lsst_hardware_r 94.47319787323175 77.18756083088579 31.549999237060547 AB 7.242343831430811 1.4706013160933673
60147.2695 lsst_hardware_g -146.68427500871633 83.73866523992399 31.6200008392334 AB 6.558075203596344 1.3323102600927088
60149.2502 lsst_hardware_r 894.0931261817196 111.21480804945175 32.310001373291016 AB 8.445789069890786 1.429490808596587
60149.2777 lsst_hardware_u 72.78029797510402 37.434046428446095 30.059999465942383 AB 7.4133474385908205 1.254532713726923
60150.2329 lsst_hardware_i 240.81268099282357 83.90067647679878 31.239999771118164 AB 8.486266552129656 1.557541810063257
60150.2515 lsst_hardware_z 404.59476053071864 104.0410068734513 30.950000762939453 AB 8.299417805948519 1.3990140707897711
60153.2573 lsst_hardware_z 364.27475629136666 105.7957077893803 30.969999313354492 AB 3.3486349577307255 1.3067843737485758
60153.2753 lsst_hardware_g 397.5676702219901 87.2827398395892 31.670000076293945 AB 3.12934952357847 1.2135141148147242
60162.2618 lsst_hardware_z 1214.9628833271065 109.73865125467552 30.989999771118164 AB 1.4573486749609283 1.1675134588110783
60162.282 lsst_hardware_r 2290.503641069638 93.2270785045514 31.639999389648438 AB 1.3955411540886589 1.10145316029097
60164.258 lsst_hardware_i 1815.3407037615218 95.04208138132341 31.31999969482422 AB 3.663870555930539 1.1612595195891937
60164.2765 lsst_hardware_z 1260.9408206403614 110.70870903844627 31.0 AB 3.394559054344085 1.1015632832723712
60168.2445 lsst_hardware_u -35.36235749106841 27.761260086616588 29.40999984741211 AB 3.187977243201222 1.1710458833848005
60168.2622 lsst_hardware_g 1094.2213040271147 93.16556919421087 31.709999084472656 AB 3.21892257932092 1.111186667966448
60179.2603 lsst_hardware_r 2344.0835040968486 93.44171452713364 31.649999618530273 AB 2.0158255819705233 1.046140508742273
60179.2785 lsst_hardware_g 538.7214666520186 91.8513320142976 31.739999771118164 AB 1.9498373763659806 1.0202340854797143
60181.2665 lsst_hardware_r 2323.489367874371 92.7642797301769 31.65999984741211 AB 3.3194318040710895 1.0282184214985306
60181.2844 lsst_hardware_i 1801.0940972441495 95.90715299408623 31.34000015258789 AB 3.3105099020592546 1.009712251543083
60183.2562 lsst_hardware_z 1244.864437567182 111.43347653336188 31.010000228881836 AB 2.6911827175938496 1.0350702759976345
60183.2745 lsst_hardware_i 1779.073325012875 95.6437780280592 31.350000381469727 AB 2.63465458394193 1.0133286861315116
60185.1627 lsst_hardware_r 1584.9399282971126 87.65910145842749 31.579999923706055 AB 7.030538408294711 1.3520266169797521
60185.1808 lsst_hardware_z 1096.725697927739 109.35054637577022 30.969999313354492 AB 6.731668311809055 1.24751007276433
60197.1665 lsst_hardware_z 717.6052868826176 108.28109303581526 30.989999771118164 AB 4.241352506505886 1.1665420600062029
60197.1837 lsst_hardware_r 815.7524747608643 84.57530916652095 31.639999389648438 AB 4.149325681141046 1.1092229315353996
60198.1558 lsst_hardware_u -0.03688283504657922 27.07296528091745 29.360000610351562 AB 3.2366162915807863 1.1987467746595504
60198.1745 lsst_hardware_r 754.0868729227235 83.96729008807546 31.6299991607666 AB 2.7456679357129397 1.1289753025135443
60202.1601 lsst_hardware_r 560.9225229838682 82.85685926003536 31.6299991607666 AB 1.554084368024392 1.1404728728163347
60202.1772 lsst_hardware_u -54.05987218078458 28.528275690188217 29.479999542236328 AB 1.185054426973381 1.0897052202054076
60208.1632 lsst_hardware_g 70.83888340373753 87.50103932259621 31.709999084472656 AB 4.898391782419683 1.0837149961104007
60208.1788 lsst_hardware_r 368.8449264519695 82.36548207202273 31.649999618530273 AB 4.645137943893657 1.050302519722714
60210.1659 lsst_hardware_i 518.1529130185748 88.7895217058615 31.34000015258789 AB 1.4807264074912583 1.0650153973807472
60210.1839 lsst_hardware_z 709.2500647526277 108.63624943855943 31.010000228881836 AB 2.107281155261046 1.0329809584612972
60212.172 lsst_hardware_r 374.55159677360126 82.232713803018 31.65999984741211 AB 6.539983717429002 1.0430596040556621
60212.1894 lsst_hardware_z 674.4680541011486 108.5708456754935 31.010000228881836 AB 6.33600807780495 1.0191423641314057
60214.113 lsst_hardware_z 673.5363117954967 107.07970739628244 30.979999542236328 AB 3.864261437073605 1.1949784111553474
60214.1285 lsst_hardware_i 434.9889505370839 87.53887763706564 31.31999969482422 AB 4.4198836569382935 1.1365577483233944
60216.0957 lsst_hardware_r 277.5292697344301 79.86924665432633 31.600000381469727 AB 4.642745046740285 1.2498416313909946
60217.1213 lsst_hardware_y 53.21287008092911 113.44240434717412 30.049999237060547 AB 4.340458685349774 1.1332790301175264
60222.0983 lsst_hardware_g 55.60048277893989 86.12002175049966 31.68000030517578 AB 4.183898261336212 1.1663246947761796
60222.1201 lsst_hardware_r 329.2556271018952 80.95050260199169 31.639999389648438 AB 3.8829055857477637 1.0962466362924235
60224.0946 lsst_hardware_i 351.5768685422614 86.54484217716319 31.309999465942383 AB 9.318519483267742 1.1597290403456835
60224.1135 lsst_hardware_z 452.2394055256891 107.03612816220038 31.0 AB 8.857105444458474 1.0993283686049327
60225.1009 lsst_hardware_r -9.184318118307354 80.4190455659301 31.6299991607666 AB 10.158964479025704 1.1285961816034198
60225.1194 lsst_hardware_u -21.22569910071206 28.482119352442616 29.479999542236328 AB 10.319517350377836 1.077418808767784
60228.0999 lsst_hardware_i 367.79697158574146 87.01369373188076 31.329999923706055 AB 4.648600017164826 1.1068095278963872
60228.1196 lsst_hardware_u -28.263702789737906 28.976694446642213 29.510000228881836 AB 4.448355121000921 1.0591321716668858
60237.1197 lsst_hardware_i 172.78352679964968 87.2087465310487 31.34000015258789 AB 3.275012544621847 1.02073010585076
60237.1309 lsst_hardware_z 411.70826564074866 106.9329486877458 31.010000228881836 AB 3.346009598350208 1.0101669311714425
60239.1088 lsst_hardware_r 119.49017861145651 81.22904627437912 31.65999984741211 AB 4.499796393081599 1.0273507746761155
60239.1287 lsst_hardware_i 255.0738802924544 87.34292288001402 31.350000381469727 AB 3.771108311060928 1.0078461444674092
60240.9965 lsst_hardware_y -15.28764939372424 107.35064032111414 29.940000534057617 AB 5.283947717344516 1.4495433008283425
60241.0148 lsst_hardware_i 69.77302368362467 84.94910238875241 31.290000915527344 AB 3.777914175028859 1.3202565699910078
60242.9977 lsst_hardware_y 132.40933577484856 107.57695683873267 29.950000762939453 AB 5.018354764311025 1.398194965677555
60243.016 lsst_hardware_i 275.3315739261213 85.09665664710123 31.290000915527344 AB 4.9399094082856685 1.2814845626578757
60244.9994 lsst_hardware_y 114.03048557200333 108.82983677772121 29.969999313354492 AB 5.638992495599327 1.348611087914246
60245.0172 lsst_hardware_z 457.5920426572578 105.12723793834729 30.979999542236328 AB 4.478353713113553 1.246410718929461
60247.0016 lsst_hardware_y 133.09330018569145 109.78753963554432 29.989999771118164 AB 5.8835691002396215 1.3012427513523437
60247.019 lsst_hardware_i 126.52439780827392 85.6309648244916 31.309999465942383 AB 5.5165758919342744 1.2119681203788157
60251.0046 lsst_hardware_y 16.228247503087825 110.30999755859375 30.010000228881836 AB 3.552290349453389 1.2279977009604663
60251.0208 lsst_hardware_r -24.648815238477617 78.91000366210938 31.6200008392334 AB 3.2879743029015605 1.160017982383757
60261.0154 lsst_hardware_y -138.3255105007484 113.2300033569336 30.059999465942383 AB 5.600454561203477 1.0915292307039421
60261.0319 lsst_hardware_z 38.58909310272342 105.29000091552734 31.0 AB 5.5862476760523485 1.0544068848720929
60483.3506 lsst_hardware_z -3.2446928213396484 62.59000015258789 30.950000762939453 AB 4.537868709108994 1.3246351044615032
60483.3716 lsst_hardware_i -41.46743811944817 65.29000091552734 31.299999237060547 AB 4.22164810068663 1.2132915938171087
60484.363 lsst_hardware_z -3.5455700591292234 87.12000274658203 31.709999084472656 AB 4.227655796733155 1.2409644959956236
60486.3534 lsst_hardware_r -44.60540277956352 73.7300033569336 31.600000381469727 AB 6.871806304183725 1.262001096541323
60486.3763 lsst_hardware_i 20.934193444278385 60.7599983215332 31.299999237060547 AB 6.266614527852893 1.1604841718246097
60491.3475 lsst_hardware_i 24.92971310878666 48.77000045776367 31.979999542236328 AB 10.525084822676721 1.223657358085187
60491.3788 lsst_hardware_y 108.73670841955926 67.9800033569336 30.770000457763672 AB 10.74369003526295 1.1075969108518506
60494.364 lsst_hardware_z 13.066118967226155 42.470001220703125 30.940000534057617 AB 8.17268317125418 1.1276165942885317
60494.3837 lsst_hardware_i 16.778220782439394 30.790000915527344 31.25 AB 6.808142825349457 1.0739242566999696
60496.366 lsst_hardware_u -3.415082699698647 2.569999933242798 28.31999969482422 AB 6.287156586879731 1.1051750365124187
60496.3869 lsst_hardware_g -23.98510765149007 13.829999923706055 31.40999984741211 AB 5.192260980188803 1.0556236744759464
60498.341 lsst_hardware_g -19.745765355844025 13.949999809265137 31.389999389648438 AB 1.7806747860737788 1.1700852827119343
60498.3607 lsst_hardware_r 12.781867720762028 22.850000381469727 31.479999542236328 AB 1.6592939368563129 1.1047229939123255
60500.3471 lsst_hardware_u -1.8939988391457265 2.5899999141693115 28.329999923706055 AB 9.018928302431025 1.1292834670239291
60500.3663 lsst_hardware_g -18.75190455512672 13.699999809265137 31.399999618530273 AB 8.599837024360937 1.0762801332060814
60502.3862 lsst_hardware_r 3.255552593860622 22.479999542236328 31.5 AB 8.002847662348376 1.0297356016789496
60502.4078 lsst_hardware_i -45.28706769622077 30.059999465942383 31.260000228881836 AB 7.895139662151399 1.0079008919863235
60505.3429 lsst_hardware_r 15.70742482494199 22.770000457763672 31.489999771118164 AB 4.075048448886739 1.1010668600072249
60505.3618 lsst_hardware_i 58.61580531297469 30.3700008392334 31.239999771118164 AB 3.9059360165792656 1.0566579241388518
60507.3617 lsst_hardware_i 46.77404984064274 30.299999237060547 31.239999771118164 AB 1.0266260535873415 1.0466875652547236
60507.3814 lsst_hardware_u -2.6868788952232676 2.569999933242798 28.350000381469727 AB 2.3435575751528384 1.0189380761534081
60509.3563 lsst_hardware_z 31.774425459735617 46.27000045776367 30.959999084472656 AB 2.263756614083784 1.0465818835338807
60509.3754 lsst_hardware_r -7.760127671137521 36.29999923706055 31.600000381469727 AB 2.836818919716192 1.019521624336457
60510.3292 lsst_hardware_y 46.288904161634804 50.70000076293945 30.030000686645508 AB 3.5012785452183355 1.1012041343665153
60510.3386 lsst_hardware_g -2.0802022562403883 68.95999908447266 31.709999084472656 AB 2.8344217000879017 1.0772148978956395
60512.2526 lsst_hardware_i -60.0512235815687 78.19999694824219 31.25 AB 7.1803912197135 1.4597258019340311
60512.2716 lsst_hardware_z 83.26374400655627 68.18000030517578 30.950000762939453 AB 6.494588093806371 1.323580332286207
60517.2505 lsst_hardware_r -53.72319905321518 65.72000122070312 31.559999465942383 AB 2.662856002613888 1.3722525135861314
60517.2695 lsst_hardware_i -46.3335022171828 56.970001220703125 31.270000457763672 AB 2.5591608777967005 1.25819118869061
60518.2326 lsst_hardware_i 0.7438863771375659 47.09000015258789 31.229999542236328 AB 3.789084600849069 1.490591896478784
60518.2511 lsst_hardware_z 23.269475601784873 51.310001373291016 30.93000030517578 AB 3.3829614391247147 1.3498100505235768
60524.2943 lsst_hardware_r -2.8785577035143954 31.770000457763672 32.22999954223633 AB 2.512249883617891 1.0922825580947353
60524.3072 lsst_hardware_u 1.2972186202138416 3.7100000381469727 29.139999389648438 AB 2.442965489584276 1.0621589085149026
60530.2524 lsst_hardware_r -0.450499684554092 22.979999542236328 31.479999542236328 AB 3.8354752230630123 1.1749043415723732
60530.2733 lsst_hardware_u -1.4018278759147027 2.640000104904175 28.389999389648438 AB 3.563633067586785 1.1048312099168454
60532.2549 lsst_hardware_i -11.170786296498628 31.170000076293945 31.229999542236328 AB 7.68525011762506 1.145470822763358
60532.2734 lsst_hardware_u -1.6138209570271251 2.630000114440918 28.389999389648438 AB 7.19270966010648 1.0898457759924967
60534.2564 lsst_hardware_g 17.903622483528366 13.770000457763672 31.399999618530273 AB 3.8167241440552946 1.1225659247221456
60534.2734 lsst_hardware_r -5.257585996957549 22.579999923706055 31.5 AB 3.6599704480548256 1.0764618964867134
60536.2553 lsst_hardware_y 24.257200939894513 48.47999954223633 30.020000457763672 AB 5.214480743718539 1.109463988025221
60536.2733 lsst_hardware_r -43.52904180842253 29.829999923706055 31.549999237060547 AB 5.00334580177969 1.0645416599531254
60538.2514 lsst_hardware_i -5.206814434149624 46.25 31.299999237060547 AB 4.022192878387376 1.1049980435130153
60538.2688 lsst_hardware_z 104.68956176630468 48.5 30.969999313354492 AB 3.6986645604245436 1.0625293192831209
60540.2792 lsst_hardware_z 14.235981903304525 60.83000183105469 30.989999771118164 AB 2.5585496856865966 1.0343843483673323
60540.2957 lsst_hardware_r -15.083868482081565 84.12999725341797 31.65999984741211 AB 2.7243930643372245 1.0145455800659973
60542.2591 lsst_hardware_r -114.96770812088224 119.80000305175781 31.65999984741211 AB 1.0817550298493819 1.0600245270449602
60542.2762 lsst_hardware_i 71.39547644931638 92.08000183105469 31.34000015258789 AB 1.09294711370601 1.0308390603216318
60545.2616 lsst_hardware_z 80.43984473842035 81.44999694824219 31.729999542236328 AB 2.9379185997059656 1.0405236761841565
60548.2564 lsst_hardware_z -40.47747220550932 42.470001220703125 30.959999084472656 AB 2.6931418080276632 1.035823772318332
60548.2732 lsst_hardware_u -6.74359277435729 4.639999866485596 28.860000610351562 AB 2.6394274897608776 1.015164419138799
