data/validation/pwv_sim_epoch_fit_4/48806630.ecsv
# %ECSV 0.9
# ---
# datatype:
# - {name: time, datatype: float64}
# - {name: band, datatype: string}
# - {name: flux, datatype: float64}
# - {name: fluxerr, datatype: float64}
# - {name: zp, datatype: float64}
# - {name: zpsys, datatype: string}
# - {name: pwv, datatype: float64}
# - {name: airmass, datatype: float64}
# meta: {SNID: '48806630', alt: 1024.0, c: -0.02564929984509945, dec: -20.582914, lat: -30.244573, lon: -70.7499537, ra: 76.289062, t0: 60654.625,
#   x0: 2.139876148447887e-06, x1: -0.4156341254711151, z: 0.8669375777244568}
# schema: astropy-2.0
time band flux fluxerr zp zpsys pwv airmass
60578.3675 lsst_hardware_r 8.467337394750516 28.93000030517578 31.549999237060547 AB 4.318133395413207 1.0282086027652688
60578.3849 lsst_hardware_y -16.72734354768913 48.630001068115234 30.059999465942383 AB 3.2742903936102397 1.0165972761532438
60580.3499 lsst_hardware_z -105.06611725245112 57.79999923706055 31.690000534057617 AB 4.9359116422203515 1.0425963230121669
60582.3827 lsst_hardware_g 2.9209101628115777 14.720000267028809 31.459999084472656 AB 3.2226548720039863 1.0146099557667017
60584.3728 lsst_hardware_i 0.50261772138579 29.90999984741211 31.260000228881836 AB 2.428951437396256 1.0153064389283502
60584.3921 lsst_hardware_y 66.5856780836137 69.0199966430664 30.079999923706055 AB 2.122275797020361 1.0170244624513531
60586.3727 lsst_hardware_i 30.33167350129022 30.020000457763672 31.260000228881836 AB 2.416820021087187 1.0145469898917738
60586.3914 lsst_hardware_y -46.68651498178554 77.87999725341797 30.079999923706055 AB 1.9649726396476968 1.0193529169882023
60588.3584 lsst_hardware_g 16.37309112187835 13.199999809265137 31.420000076293945 AB 6.294764191640016 1.016309052131502
60588.3777 lsst_hardware_y 24.72806685510481 47.900001525878906 30.059999465942383 AB 5.846447542116129 1.0158018490341636
60592.3523 lsst_hardware_u -2.358848083644506 2.7699999809265137 28.559999465942383 AB 3.0450797362485025 1.0150265787495008
60592.3707 lsst_hardware_z -31.98786104573435 41.40999984741211 30.959999084472656 AB 3.051622109029446 1.017207369676482
60596.3326 lsst_hardware_i 27.9154962357443 29.75 31.25 AB 5.129063517325965 1.0179406292654976
60596.35 lsst_hardware_z 49.38265036940813 40.41999816894531 30.950000762939453 AB 5.479121947258696 1.014652212455314
60599.351 lsst_hardware_z -78.259822844122 53.75 30.979999542236328 AB 4.971083833310732 1.0169628354142233
60599.37 lsst_hardware_y -67.75393157354829 54.08000183105469 30.059999465942383 AB 5.049457480384999 1.0307820115102528
60601.3301 lsst_hardware_z -41.91395215191884 62.880001068115234 30.989999771118164 AB 3.8557761379623776 1.014677931042731
60601.3478 lsst_hardware_r -39.34006245292379 85.66000366210938 31.65999984741211 AB 3.9230558575492758 1.0179619921850822
60603.3242 lsst_hardware_i 66.30764157383172 56.130001068115234 31.329999923706055 AB 2.3600883962143158 1.0147280814966153
60603.341 lsst_hardware_r -116.67751066233703 66.62999725341797 31.65999984741211 AB 2.554731874982846 1.0173485929446524
60605.3311 lsst_hardware_z 8.678090715614442 66.6500015258789 31.719999313354492 AB 3.156175396659693 1.0157455617216808
60607.3086 lsst_hardware_r 24.54929452802567 30.610000610351562 31.579999923706055 AB 3.857735879993849 1.0156613914286445
60607.326 lsst_hardware_i 5.573352744121868 34.13999938964844 31.270000457763672 AB 3.8482127163792357 1.0158509524517318
60609.2458 lsst_hardware_z -98.05045620057139 58.77000045776367 31.700000762939453 AB 3.318474389760838 1.0900794579163515
60609.2755 lsst_hardware_r -8.39722789760987 22.139999389648438 31.5 AB 3.4127858022374324 1.0362972146777294
60613.293 lsst_hardware_r 8.172016271334028 22.049999237060547 31.520000457763672 AB 3.4669304279288005 1.0154543601450594
60613.3096 lsst_hardware_z 101.34723616570093 40.599998474121094 30.959999084472656 AB 3.4814683821371344 1.0158444921861016
60620.248 lsst_hardware_g -22.906047271639004 13.523690902287708 31.43000030517578 AB 4.76503829207882 1.0332946529499774
60620.2675 lsst_hardware_r -6.12472240000769 22.154904102315957 31.510000228881836 AB 5.091062720978583 1.0177375999823914
60624.2802 lsst_hardware_i 11.894763448541209 29.888295359234046 31.25 AB 1.6867076599364743 1.0160379458475408
60624.2964 lsst_hardware_z -15.655417198914526 40.71396938072512 30.950000762939453 AB 1.993827304443847 1.0256313294464234
60626.2657 lsst_hardware_z -54.970785339660566 46.37840576180267 30.959999084472656 AB 4.521989421298162 1.0145055536863958
60626.2837 lsst_hardware_r 44.14742212106252 37.6774976333686 31.600000381469727 AB 4.56967074519407 1.0202435242675805
60629.2627 lsst_hardware_i 58.52280019710534 72.44334346535186 31.34000015258789 AB 6.020981235406844 1.015053681672685
60629.2816 lsst_hardware_r 12.281930761643835 87.7619669732694 31.65999984741211 AB 6.081966675366688 1.0246548047369382
60631.2622 lsst_hardware_z 201.89966257086928 89.85925936028308 31.739999771118164 AB 4.065648646472312 1.016412161618078
60633.249 lsst_hardware_g 75.59450980214321 61.88221291054338 31.729999542236328 AB 4.9896172482655325 1.0146482347221306
60633.2703 lsst_hardware_r -4.057743574174203 60.99812129730235 31.649999618530273 AB 4.537409380073771 1.0243422549315258
60635.1168 lsst_hardware_i 298.1053811069154 36.40841479778772 31.209999084472656 AB 5.091519461129419 1.3295520201408588
60635.135 lsst_hardware_z 135.99992636866267 45.688937175480724 30.93000030517578 AB 5.162599389198573 1.229385471312567
60640.2389 lsst_hardware_z 453.50348000989163 44.40665949662273 30.950000762939453 AB 3.8370693436090937 1.0168911688009965
60640.2571 lsst_hardware_i 520.4447908528845 37.188809295195405 31.25 AB 4.5180497523700085 1.0297744881847484
60642.1564 lsst_hardware_u 3.1992275748670025 2.8307477432261203 28.420000076293945 AB 5.491987317176067 1.0883843276210992
60642.1734 lsst_hardware_g 78.19973100288041 16.222858094809613 31.40999984741211 AB 4.6249646304739525 1.053762731937461
60644.231 lsst_hardware_r 397.44056897171794 30.041295894666508 31.489999771118164 AB 7.7909571540483125 1.0182482993004998
60644.2501 lsst_hardware_i 627.2001693610058 38.91090334726459 31.25 AB 7.97259710597226 1.0340592874153385
60646.2186 lsst_hardware_z 526.3006866228493 45.99945773149655 30.950000762939453 AB 6.407532231895326 1.0155826838915167
60646.2385 lsst_hardware_u 0.9542043138554466 2.7829786421192844 28.479999542236328 AB 6.479344427083158 1.0275907937093052
60648.2168 lsst_hardware_g 48.75140981422686 15.38677139187533 31.40999984741211 AB 2.700334172868573 1.0167877898403739
60648.2352 lsst_hardware_r 457.7210041207183 30.988419749084983 31.489999771118164 AB 2.752682631678986 1.0297138807365513
60650.2128 lsst_hardware_i 775.2371310826331 40.14752245762824 31.25 AB 4.326464913473299 1.01739327771271
60650.2319 lsst_hardware_z 643.6137058637404 46.945913563979296 30.950000762939453 AB 4.346794852371853 1.0320025765365275
60652.219 lsst_hardware_i 714.6958561776545 40.36207351570659 31.25 AB 5.625973049929849 1.0248140716664722
60652.2373 lsst_hardware_z 527.0589230430144 47.25801635026432 30.950000762939453 AB 5.787795095976633 1.0460815909831294
60656.1943 lsst_hardware_r 416.3185690500426 64.32203359367712 31.649999618530273 AB 11.251539090997925 1.0165369373445485
60656.2131 lsst_hardware_i 862.5031704090331 58.54715176799303 31.31999969482422 AB 11.194505699487141 1.0294508310446369
60658.2069 lsst_hardware_z 1244.0820095809327 96.04350545731344 31.739999771118164 AB 8.195375532761929 1.0287120098119846
60660.1991 lsst_hardware_z 517.6984182475123 68.72461170808573 30.989999771118164 AB 8.787713189421108 1.026502076054314
60660.2178 lsst_hardware_r 338.250430963176 95.23145705043228 31.65999984741211 AB 8.81080530917399 1.0496968320369313
60665.1624 lsst_hardware_g 2.614746339475844 14.109681734521713 31.450000762939453 AB 3.5631352817236235 1.0147287035309163
60665.1817 lsst_hardware_r 248.40136307681112 34.43949155510118 31.579999923706055 AB 3.918953098484484 1.0233589498586058
60668.1337 lsst_hardware_r 183.27471739379806 26.213296623843434 31.5 AB 6.462046378999554 1.0191296580056362
60668.1538 lsst_hardware_i 539.2372750436509 37.167167260316994 31.260000228881836 AB 6.464524531299405 1.0146797255218027
60672.1346 lsst_hardware_g 3.369174184044826 13.925155044124072 31.43000030517578 AB 7.2382632983932815 1.0148876506481204
60672.1542 lsst_hardware_r 176.9465698647273 25.24029774565922 31.5 AB 7.205390887881128 1.0180700654018586
60674.1217 lsst_hardware_i 346.3378250701328 35.17945515902491 31.25 AB 7.551820010492253 1.0170116504602476
60674.1386 lsst_hardware_z 290.1536613840051 44.34206633982718 30.950000762939453 AB 6.805727631108513 1.0148335703423692
60676.1193 lsst_hardware_i 326.8098797412774 34.54185640721585 31.25 AB 7.03910311132386 1.015914379736833
60676.1408 lsst_hardware_u -4.331450598797691 2.675340496976908 28.469999313354492 AB 7.080927811641972 1.0169619100928105
60678.1203 lsst_hardware_g 21.297348984285094 13.470313048848526 31.389999389648438 AB 4.283982799166971 1.014620829928823
60678.1414 lsst_hardware_r 89.25924965661545 23.939337029455032 31.489999771118164 AB 3.8934754974217998 1.0200354984075974
60680.1191 lsst_hardware_i 246.6847982902378 33.921117102085404 31.25 AB 10.622061497811798 1.014523543248501
60680.1397 lsst_hardware_r 81.72266219717885 23.95442462895806 31.489999771118164 AB 11.56268646654534 1.0225678944545955
60684.0951 lsst_hardware_z 214.43159791622745 50.3661648627554 30.969999313354492 AB 6.651445397957714 1.0167296542277169
60684.1175 lsst_hardware_r -5.032642362445257 49.692033352689485 31.6299991607666 AB 6.707260948794801 1.016405659765845
60686.0817 lsst_hardware_i 212.0516042371496 59.05750973732497 31.329999923706055 AB 6.32927766666662 1.0208512365591322
60686.0995 lsst_hardware_z 240.9527440291705 56.57829595490629 30.979999542236328 AB 5.746355016027477 1.0145400805133258
60692.0723 lsst_hardware_i 106.55985664145899 31.45479598332562 31.25 AB 2.7863799033246544 1.0171125765010673
60692.0919 lsst_hardware_r 7.7308849653835106 39.36568307977175 31.610000610351562 AB 2.101669520634627 1.0152992853307377
60694.0743 lsst_hardware_u 1.4750125497868416 2.689366760580193 28.479999542236328 AB 3.7026896881514113 1.0149221375046698
60694.0954 lsst_hardware_g -4.051584499349431 13.589749631162618 31.420000076293945 AB 3.9565178818173177 1.018714641501262
60697.0493 lsst_hardware_y 96.37944263612142 48.591684529345486 30.059999465942383 AB 11.042888474503938 1.0224896735651794
60697.0686 lsst_hardware_z 121.52515622593283 41.7176035171507 30.950000762939453 AB 10.957697270912892 1.014601599158601
60701.0454 lsst_hardware_y -147.14264671547426 49.461789204488916 30.059999465942383 AB 12.149181915944386 1.0181731918270547
60701.0623 lsst_hardware_r 32.36902252698091 22.45684991180459 31.5 AB 12.116104270151085 1.0145508362534752
60703.0471 lsst_hardware_y 13.283906971993805 47.803836051286126 30.059999465942383 AB 11.834746245577882 1.01548032882572
60703.0663 lsst_hardware_r 20.989103002724523 22.33783896221675 31.5 AB 11.832489946360164 1.016653392114804
60705.0439 lsst_hardware_z 11.975483476633999 42.932342068631165 30.959999084472656 AB 11.46628038934482 1.014984543626168
60705.062 lsst_hardware_g 35.40449908225745 14.053028258357324 31.420000076293945 AB 11.44188162712234 1.0171164181986199
60707.0283 lsst_hardware_y 267.183774641709 78.49534189307954 30.079999923706055 AB 8.731404543528631 1.0185365463433809
60707.047 lsst_hardware_i 94.35168540352943 31.22061914304743 31.260000228881836 AB 8.242265059518289 1.0146407541466913
60711.0268 lsst_hardware_y 135.09273518882011 68.1394370287106 30.079999923706055 AB 5.653386776695911 1.0151225695099646
60711.0456 lsst_hardware_g 40.72899287946944 27.08024781492549 31.65999984741211 AB 6.125114321015963 1.017108861166423
60942.3782 lsst_hardware_r 15.256116633760927 21.899999618530273 31.479999542236328 AB 3.8400171767015427 1.0220966666759497
60942.397 lsst_hardware_y -43.72250761378848 62.20000076293945 30.06999969482422 AB 3.784524226731609 1.0146177551558428
60944.3808 lsst_hardware_z 48.23606797073872 41.029998779296875 30.950000762939453 AB 3.263780112363268 1.0174406751275977
60946.3338 lsst_hardware_g -6.819875198405418 13.369999885559082 31.399999618530273 AB 5.043267900036163 1.0662300000077154
60946.3518 lsst_hardware_y -8.25319032183525 46.93000030517578 30.040000915527344 AB 4.923490709444937 1.037343315131933
60949.3736 lsst_hardware_i 42.65941758274747 30.06999969482422 31.25 AB 4.261406973548166 1.0152854782412688
60951.3708 lsst_hardware_i 74.89516198238746 29.780000686645508 31.239999771118164 AB 2.942918262714186 1.0147994009359262
60951.3896 lsst_hardware_y -14.882449421766077 68.22000122070312 30.06999969482422 AB 2.65938523579171 1.0180439222095188
60954.3549 lsst_hardware_z -15.415551606429036 55.20000076293945 30.979999542236328 AB 6.3549160269276594 1.016854354598648
60954.3759 lsst_hardware_y 60.60976942763167 51.9900016784668 30.059999465942383 AB 5.922057213487603 1.0158773845934648
60956.3507 lsst_hardware_i 39.987617933577056 66.05999755859375 31.34000015258789 AB 4.465309541316754 1.016383051892848
60956.3697 lsst_hardware_y -28.528127237606185 53.0 30.059999465942383 AB 4.54746343651158 1.015663364318956
60960.3506 lsst_hardware_r 64.61713733051054 43.83000183105469 31.6200008392334 AB 5.630014391615081 1.014508404651785
60960.3703 lsst_hardware_y -34.4708806819658 50.09000015258789 30.059999465942383 AB 5.668812939611431 1.021070446329098
60962.3494 lsst_hardware_z 31.913717577668656 41.709999084472656 30.959999084472656 AB 5.4800993641523625 1.0148332155837707
60962.3674 lsst_hardware_y -1.530957859253217 47.599998474121094 30.059999465942383 AB 5.5235605705722515 1.0228815871430095
60964.3298 lsst_hardware_i -24.50221077535306 29.93000030517578 31.260000228881836 AB 7.156146910680914 1.0160651584098686
60964.3472 lsst_hardware_u -0.8750788475071788 2.8399999141693115 28.540000915527344 AB 7.416951641624654 1.0154875259509517
60966.3259 lsst_hardware_g -15.350883663592704 13.199999809265137 31.399999618530273 AB 6.209063998044512 1.0156039471203062
60966.3444 lsst_hardware_r -3.7956904841749255 21.899999618530273 31.489999771118164 AB 6.534698176102775 1.0162827645571966
60971.2752 lsst_hardware_u -1.5966372125164454 2.5999999046325684 28.399999618530273 AB 3.838661441043772 1.0491729254646454
60973.318 lsst_hardware_r 6.176178530517375 21.809999465942383 31.5 AB 3.8485285340677926 1.0146620324907123
60973.3365 lsst_hardware_i 37.88859559051174 29.81999969482422 31.260000228881836 AB 3.74634101052861 1.0222404867511206
60975.3123 lsst_hardware_z -40.70752549824971 40.470001220703125 30.950000762939453 AB 3.2098085587445366 1.0146383937867984
60975.3297 lsst_hardware_r 26.201260428412944 21.889999389648438 31.489999771118164 AB 3.1767670490680415 1.0213043076893504
60980.3009 lsst_hardware_g -6.552873416342724 13.229999542236328 31.40999984741211 AB 5.49450411697511 1.0149321070700899
60980.3208 lsst_hardware_r 14.484000455747076 21.829999923706055 31.479999542236328 AB 5.616798665763561 1.024900918270828
60990.2719 lsst_hardware_r -79.40873180093234 35.5 31.59000015258789 AB 1.6613903753141561 1.0146928187993625
60990.2892 lsst_hardware_i 44.75842884796905 36.7599983215332 31.280000686645508 AB 1.814552074868718 1.0216113774244449
60992.2806 lsst_hardware_z -74.9391740324145 40.939998626708984 30.950000762939453 AB 4.581782861844894 1.0196089745223609
60992.299 lsst_hardware_u 2.571716729017179 3.5799999237060547 28.65999984741211 AB 4.199517750512553 1.036214360745803
60996.2713 lsst_hardware_r 8.825665454103385 21.979999542236328 31.489999771118164 AB 4.102811919537561 1.020599979984468
60996.2904 lsst_hardware_i -10.850491066240043 29.950000762939453 31.25 AB 4.189562400256684 1.039163885966933
60998.2516 lsst_hardware_z -11.273801398448285 40.380001068115234 30.950000762939453 AB 5.321136490185001 1.0149030116698456
60998.2724 lsst_hardware_i 26.815464370282342 29.860000610351562 31.239999771118164 AB 5.396858097452406 1.025531229919697
61000.2557 lsst_hardware_u -0.03720249869141603 2.6500000953674316 28.440000534057617 AB 3.3688283897742997 1.0179779582315571
61000.2746 lsst_hardware_g 8.2098181299238 13.520000457763672 31.420000076293945 AB 3.4129657294371465 1.0331884145622037
61003.1445 lsst_hardware_r -19.806857415148343 22.959999084472656 31.469999313354492 AB 10.235037508447862 1.1585960503110553
61005.2607 lsst_hardware_z -23.87659204095076 40.619998931884766 30.950000762939453 AB 5.5322455986459165 1.032906198402897
