data/validation/pwv_sim_epoch_fit_4/48822780.ecsv
# %ECSV 0.9
# ---
# datatype:
# - {name: time, datatype: float64}
# - {name: band, datatype: string}
# - {name: flux, datatype: float64}
# - {name: fluxerr, datatype: float64}
# - {name: zp, datatype: float64}
# - {name: zpsys, datatype: string}
# - {name: pwv, datatype: float64}
# - {name: airmass, datatype: float64}
# meta: {SNID: '48822780', alt: 1024.0, c: -0.0575471967458725, dec: -21.542267, lat: -30.244573, lon: -70.7499537, ra: 64.6875, t0: 61381.37890625,
#   x0: 2.248436766773014e-06, x1: -1.1483052968978882, z: 0.8495948314666748}
# schema: astropy-2.0
time band flux fluxerr zp zpsys pwv airmass
[from data line 133]
61739.2115 lsst_hardware_g 15.290522756981392 13.520000457763672 31.43000030517578 AB 5.588541649451135 1.022637161752586
61741.1927 lsst_hardware_r -0.5168564712161261 22.100000381469727 31.5 AB 6.407477942559595 1.014296167990827
61741.2128 lsst_hardware_z 6.906783682252751 40.61000061035156 30.950000762939453 AB 6.48385072644723 1.0291826549916239
61745.124 lsst_hardware_g -20.953327489821806 25.540000915527344 31.6299991607666 AB 5.479037754519129 1.046583251953649
61745.145 lsst_hardware_r 77.6152357595591 29.030000686645508 31.56999969482422 AB 5.611277684658425 1.0217184422174845
61749.1626 lsst_hardware_r 63.35310488674736 62.08000183105469 31.649999618530273 AB 7.56236229487615 1.0120934548817118
61749.1821 lsst_hardware_z 48.21000755768845 51.91999816894531 30.969999313354492 AB 9.915156519419686 1.020926853033097
61751.1813 lsst_hardware_z -44.94255402721037 62.810001373291016 30.989999771118164 AB 13.016620966611775 1.0249307847725808
61751.2 lsst_hardware_i -23.704275904114976 71.31999969482422 31.329999923706055 AB 13.319297200476274 1.04876355909262
61753.1602 lsst_hardware_r -141.29620691217468 94.87000274658203 31.670000076293945 AB 7.229387397727577 1.0144017115413424
61753.1776 lsst_hardware_z 76.6888224454515 65.73999786376953 30.989999771118164 AB 7.802454970736987 1.0266388119390772
61755.1619 lsst_hardware_r 38.855607130297315 60.650001525878906 31.649999618530273 AB 10.375613480185704 1.0181984215521644
61755.1786 lsst_hardware_y -39.41737273056051 50.08000183105469 30.059999465942383 AB 10.633387459351226 1.033843162635421
61757.125 lsst_hardware_g 11.18666491376288 13.239999771118164 31.40999984741211 AB 2.940847070570475 1.0140851967484397
61757.1455 lsst_hardware_r 48.61566287518404 31.510000228881836 31.579999923706055 AB 2.9704438221685145 1.0130830145238645
61759.1172 lsst_hardware_i -77.69789197788846 29.770000457763672 31.25 AB 3.4334940938463694 1.0150758592302644
61759.1392 lsst_hardware_z -33.092946645310796 40.279998779296875 30.950000762939453 AB 3.1150315343691224 1.01285369350321
61765.1081 lsst_hardware_r -16.00640252264443 21.8700008392334 31.489999771118164 AB 7.572010241340675 1.0125828594871769
61765.1343 lsst_hardware_z 57.096767403571974 40.52000045776367 30.950000762939453 AB 7.079978289216173 1.018006152516794
61767.1015 lsst_hardware_r 12.845761009035837 30.90999984741211 32.25 AB 5.436679397727874 1.0128571193680445
61767.1276 lsst_hardware_u 3.381053679075377 3.7799999713897705 29.219999313354492 AB 6.248897063941009 1.0172386560216522
61769.104 lsst_hardware_g -8.319828111451374 13.220000267028809 31.420000076293945 AB 7.513236176290938 1.011826879698011
61769.1242 lsst_hardware_r -15.777424524179077 21.920000076293945 31.5 AB 7.619551088900192 1.0185430886354272
61771.0855 lsst_hardware_i -9.31595918245582 29.780000686645508 31.25 AB 7.028168524501927 1.0145998287148725
61771.1081 lsst_hardware_z -9.47532524148403 40.34000015258789 30.950000762939453 AB 7.022770285542954 1.013329007299433
61775.0764 lsst_hardware_g -18.88883544698019 39.349998474121094 32.400001525878906 AB 10.686252274933247 1.0138759274130216
61775.0997 lsst_hardware_i -42.31298275890891 48.650001525878906 32.029998779296875 AB 10.636513217739216 1.0142247680763348
61777.0788 lsst_hardware_z 40.22720931020562 47.63999938964844 30.969999313354492 AB 9.930825215464678 1.0120070534459076
61777.0982 lsst_hardware_r 40.809721492933704 47.290000915527344 31.6299991607666 AB 8.927076206738487 1.0160569322488602
61779.0639 lsst_hardware_y -4.326282297973541 72.55999755859375 30.809999465942383 AB 8.535286122235044 1.014495180931265
61781.0551 lsst_hardware_z 41.57322152187278 60.58000183105469 30.989999771118164 AB 6.299687913623423 1.0160786957457133
61781.0773 lsst_hardware_r -149.06373910209595 86.0 31.65999984741211 AB 6.277073468439008 1.0124312045869368
61784.0525 lsst_hardware_y 43.77713831908829 48.7400016784668 30.059999465942383 AB 6.595720383418722 1.01363460633452
61784.0729 lsst_hardware_z -12.808655294064222 48.130001068115234 30.969999313354492 AB 6.709021990085137 1.0134219163795177
61785.0518 lsst_hardware_y -23.110378724614176 47.77000045776367 30.059999465942383 AB 6.031164324717013 1.0130026159507861
61785.0711 lsst_hardware_u -1.9189127924552436 2.7200000286102295 28.520000457763672 AB 6.077101379797334 1.0137372500600248
61787.0497 lsst_hardware_y -55.06334375724094 48.279998779296875 30.059999465942383 AB 2.8246946128898482 1.0122539376061095
61787.0679 lsst_hardware_i 21.536789984898945 29.649999618530273 31.25 AB 2.7897045335483184 1.0146224890155875
61789.0335 lsst_hardware_y 48.11521280016694 72.56999969482422 30.06999969482422 AB 4.87300035986545 1.0159492046003231
61789.0531 lsst_hardware_r 19.52708685481338 21.989999771118164 31.489999771118164 AB 3.7165080849827015 1.0120520348512987
61791.0329 lsst_hardware_y -53.46676261940281 69.47000122070312 30.079999923706055 AB 12.15231176164178 1.0138050161962564
61791.0525 lsst_hardware_g -18.722091135478177 13.819999694824219 31.43000030517578 AB 12.060145581414657 1.013031968199467
61793.0322 lsst_hardware_z 17.923833339839586 71.88999938964844 30.989999771118164 AB 8.667000542879945 1.0124606373832732
61793.0531 lsst_hardware_i -11.900826700836028 30.06999969482422 31.25 AB 7.649083005731455 1.0153425374303229
