data/validation/pwv_sim_epoch_fit_4/4883667.ecsv
# %ECSV 0.9
# ---
# datatype:
# - {name: time, datatype: float64}
# - {name: band, datatype: string}
# - {name: flux, datatype: float64}
# - {name: fluxerr, datatype: float64}
# - {name: zp, datatype: float64}
# - {name: zpsys, datatype: string}
# - {name: pwv, datatype: float64}
# - {name: airmass, datatype: float64}
# meta: {SNID: '4883667', alt: 1024.0, c: 0.03297620639204979, dec: -40.423901, lat: -30.244573, lon: -70.7499537, ra: 347.695312, t0: 61592.140625,
#   x0: 1.0149590887900337e-05, x1: 0.840438723564148, z: 0.4573690891265869}
# schema: astropy-2.0
time band flux fluxerr zp zpsys pwv airmass
61572.4091 lsst_hardware_z 768.5492136964483 63.92762066941882 31.709999084472656 AB 7.1453114743501125 1.0207587820500161
61574.4249 lsst_hardware_z 502.1533735888407 62.01684216139618 30.979999542236328 AB 4.976143767087665 1.015539544303605
61574.4388 lsst_hardware_y 367.75178294528337 62.857323032416765 30.06999969482422 AB 4.991835333806424 1.0187419048584538
61576.4098 lsst_hardware_i 2642.0416371608585 112.3640096158099 32.09000015258789 AB 3.8827630171591365 1.0163857642753291
61576.4235 lsst_hardware_y 789.1086840685834 80.73428496013094 30.81999969482422 AB 3.6827589631572555 1.0159335070778925
61578.4213 lsst_hardware_i 1614.7323757525867 76.76352901652078 31.329999923706055 AB 1.6468472531260692 1.016572378472947
61578.4344 lsst_hardware_y 499.63297681191034 58.648569558593415 30.059999465942383 AB 1.6461979064395955 1.022059958468292
61580.4155 lsst_hardware_z 1390.4062718651542 65.7179662713406 30.979999542236328 AB 3.9581355189134375 1.0164920972234601
61580.4301 lsst_hardware_y 605.062399184694 56.28506678555992 30.059999465942383 AB 4.063819571126093 1.022773381994822
61582.4122 lsst_hardware_r 3343.145976577144 71.89646871011706 31.6200008392334 AB 5.492092427081444 1.0170541531632304
61582.4266 lsst_hardware_i 2200.914917101007 61.86608016606911 31.299999237060547 AB 5.954250986049637 1.0240642640686184
61587.422 lsst_hardware_g 1363.8929374893605 39.265594079706176 31.40999984741211 AB 9.688581534574848 1.0314316750789403
61587.4328 lsst_hardware_r 3534.9864434768947 64.0287191122615 31.489999771118164 AB 9.811171051004203 1.0433346266709407
61589.4229 lsst_hardware_i 2638.872510814284 58.721034130538804 31.25 AB 7.266155855780956 1.0380222651115651
61589.4348 lsst_hardware_z 2051.110790227071 61.877454967536664 30.950000762939453 AB 7.375321987715194 1.0536174268164562
61593.4142 lsst_hardware_g 1202.0121258159613 36.576405625906276 31.420000076293945 AB 1.6401653361271948 1.0406039988117977
61593.4258 lsst_hardware_r 3540.9446427517273 64.17178892641303 31.489999771118164 AB 1.7094038500610853 1.056546288989597
61600.3294 lsst_hardware_r 3336.3394152150213 69.00883426703 31.600000381469727 AB 6.222816129514512 1.0226485011527546
61600.3413 lsst_hardware_g 1008.0018990735734 41.937902337153716 31.649999618530273 AB 5.797777460171818 1.0171539403810206
61607.1581 lsst_hardware_i 1941.2419585701643 103.250723413834 31.239999771118164 AB 9.512843935613947 1.606334021351824
61607.173 lsst_hardware_z 1541.3094047671461 88.48158150316948 30.940000534057617 AB 9.27164290416292 1.4784361816484624
61608.4015 lsst_hardware_z 1550.013010485762 72.85186933933021 30.979999542236328 AB 5.816694424813734 1.0870802083471915
61608.4136 lsst_hardware_r 2553.8733806510454 95.71257131532164 31.639999389648438 AB 5.919135039854171 1.1155024810090313
61611.3957 lsst_hardware_i 1881.9314097459799 59.027420292424004 31.290000915527344 AB 6.758891571810654 1.0922578493553095
61611.4078 lsst_hardware_r 1839.133543355899 61.86884043285074 31.600000381469727 AB 7.017377367020964 1.1217932007068436
61622.3369 lsst_hardware_z 912.9563324451495 51.14619252409964 30.950000762939453 AB 2.165748987716179 1.042896783811964
61622.3501 lsst_hardware_i 1159.2113002862038 45.777601582420736 31.25 AB 2.134911986019724 1.0621452666764795
61627.2354 lsst_hardware_r 671.0808151844074 39.08202919215936 31.56999969482422 AB 4.732802650719792 1.0412061710966432
61627.2463 lsst_hardware_i 1049.3368178011583 46.215632331610905 31.280000686645508 AB 4.747202795928351 1.0297619947783843
61629.3279 lsst_hardware_r 641.915026444892 42.83389616761387 31.59000015258789 AB 2.6596032185687353 1.057146029242293
61629.3386 lsst_hardware_g 114.0320600880946 21.533118013767954 31.530000686645508 AB 3.337271809332999 1.0758162985089588
61649.2992 lsst_hardware_i 438.6022939422737 37.27234006670313 31.229999542236328 AB 1.6888523802365942 1.1092626471174054
61649.3089 lsst_hardware_z 524.7958514471566 47.486420383332664 30.940000534057617 AB 1.7210792721698347 1.1352765647558276
61651.2487 lsst_hardware_r 238.45341422842972 27.67888955444806 31.5 AB 0.8018055290936253 1.0328109005070314
61651.26 lsst_hardware_z 460.4200839750319 46.199933667277755 30.950000762939453 AB 1.257784695758724 1.0458298468060345
61653.244 lsst_hardware_r 247.69472772814493 27.356511601332333 31.489999771118164 AB 1.8283831709098297 1.033568779485247
61653.2572 lsst_hardware_u -0.40648203087009777 2.8219324217677655 28.399999618530273 AB 2.419699825081437 1.0494577815880168
61655.2795 lsst_hardware_r 241.2271978853148 27.568350481788443 31.479999542236328 AB 2.193650223921081 1.1012300320888961
61655.2906 lsst_hardware_i 339.6147599467442 36.79838107200152 31.239999771118164 AB 2.2555044221050307 1.1298235542352801
61672.2182 lsst_hardware_z 5.0381575714643025 41.4900016784668 30.940000534057617 AB 4.115287711401708 1.0702031149621873
61672.2305 lsst_hardware_r 28.055214923875997 22.75 31.489999771118164 AB 4.24051155730863 1.0952677289647774
61680.1874 lsst_hardware_r 18.45648072067915 22.469999313354492 31.5 AB 4.805777003026739 1.0552097642597913
61680.1991 lsst_hardware_i -6.041491954903704 30.549999237060547 31.25 AB 4.912839976936558 1.0753334255662492
61684.1799 lsst_hardware_g -1.6723559689367196 15.770000457763672 31.459999084472656 AB 5.049122350888087 1.0606285791173378
61684.1915 lsst_hardware_r 22.51325320303415 23.860000610351562 31.489999771118164 AB 5.201202875231081 1.0818934737868766
61689.1648 lsst_hardware_z -19.80190721906536 82.83000183105469 31.729999542236328 AB 4.675529426529486 1.0582909521342345
61692.1621 lsst_hardware_r -84.36735549313516 98.95999908447266 31.649999618530273 AB 8.915622622308135 1.0675261571312873
61692.1724 lsst_hardware_i 67.99506199556369 78.5199966430664 31.329999923706055 AB 8.891190555951379 1.0876074074558262
61694.1699 lsst_hardware_z 90.62748412221754 87.7300033569336 31.729999542236328 AB 8.302874526617002 1.0940790222518078
61696.153 lsst_hardware_g 103.02368015847851 63.91999816894531 31.709999084472656 AB 6.544985358334452 1.0708126455431894
61696.1642 lsst_hardware_r 62.867130906894225 59.08000183105469 31.6299991607666 AB 6.725667877957253 1.0935452622552577
61700.1592 lsst_hardware_i -17.666930145901436 30.84000015258789 31.25 AB 4.125691413774476 1.107419517856615
61700.1699 lsst_hardware_u -3.8594057201947702 2.680000066757202 28.40999984741211 AB 3.2188816076857867 1.136009037475381
61702.1587 lsst_hardware_g 15.465178447549278 13.670000076293945 31.389999389648438 AB 3.181902474650807 1.1200923962511518
61702.1694 lsst_hardware_r -11.655337960046321 22.850000381469727 31.479999542236328 AB 2.787508837928523 1.1509119892355586
61705.1426 lsst_hardware_r -37.6076269510104 22.790000915527344 31.479999542236328 AB 3.9795956562130046 1.100349029367651
61705.1536 lsst_hardware_i 9.115303258573233 31.260000228881836 31.239999771118164 AB 4.272296394300914 1.1284956357384317
61707.148 lsst_hardware_z -10.20918628867428 42.22999954223633 30.940000534057617 AB 3.2585462502838003 1.1281101783915644
61707.1586 lsst_hardware_u 1.9579229616093803 2.619999885559082 28.34000015258789 AB 3.3598973306370694 1.159985268647274
61709.1394 lsst_hardware_g -1.9651688506994338 13.770000457763672 31.389999389648438 AB 4.216416310299679 1.1196007196759636
61709.1496 lsst_hardware_r 8.407305759661902 22.979999542236328 31.479999542236328 AB 4.276360404069958 1.1487872139879003
61720.0422 lsst_hardware_i 4.884459394938412 58.81999969482422 31.329999923706055 AB 3.5616600970987076 1.0196564835668247
61720.0542 lsst_hardware_z 101.3056373259242 55.81999969482422 30.979999542236328 AB 3.5453923173033988 1.0273521638086385
61724.0474 lsst_hardware_g 4.197859729845688 59.36000061035156 31.719999313354492 AB 5.502606459144522 1.030933294453306
61724.0588 lsst_hardware_r -72.03767573520965 63.72999954223633 31.639999389648438 AB 5.5718370303453915 1.0434151742219835
61947.3907 lsst_hardware_z -13.906425018130156 40.47999954223633 30.950000762939453 AB 5.493260068482286 1.0172703830522751
61947.4051 lsst_hardware_r 3.3662350498897915 22.170000076293945 31.489999771118164 AB 5.484245593090087 1.0156010357574234
61950.2088 lsst_hardware_z 170.4181819260059 85.12000274658203 32.06999969482422 AB 4.68654186463672 1.7104167389185108
61950.232 lsst_hardware_r -0.8864637678804571 41.470001220703125 32.59000015258789 AB 4.162097318739945 1.4921477003130776
61954.3755 lsst_hardware_i 26.87907469369033 29.81999969482422 31.25 AB 6.591982887469177 1.0162619112725162
61954.387 lsst_hardware_z -14.910298735099651 40.4900016784668 30.950000762939453 AB 6.555964085641144 1.015693671603152
61955.163 lsst_hardware_r 41.797534257871625 88.94999694824219 32.11000061035156 AB 19.16481839550639 2.186204864737646
61955.1805 lsst_hardware_z -14.189744228039583 84.66000366210938 31.6200008392334 AB 14.578698323153471 1.895080754783518
61958.4364 lsst_hardware_y -80.97553402903313 56.61000061035156 30.049999237060547 AB 1.8643980263681632 1.0735497272753338
61960.3698 lsst_hardware_i 34.61923975772973 80.37000274658203 31.350000381469727 AB 2.166646287666119 1.0156154473434933
61960.3823 lsst_hardware_z 13.944720651795588 69.70999908447266 31.0 AB 2.2073508968479922 1.0187773370069604
61962.3319 lsst_hardware_i -97.55632588652172 68.19999694824219 31.329999923706055 AB 8.749692160633515 1.0272003006144252
61962.3445 lsst_hardware_z 18.45386347354556 62.45000076293945 30.989999771118164 AB 9.558439014109696 1.0192769005199975
61964.3193 lsst_hardware_r 39.67005031521829 58.720001220703125 31.649999618530273 AB 6.305457676907912 1.0336815863783462
61964.3307 lsst_hardware_z 71.33006606856078 51.63999938964844 30.979999542236328 AB 6.246555082154388 1.024025423303998
61965.3305 lsst_hardware_z 23.361033746900727 46.7400016784668 30.959999084472656 AB 6.21479830943192 1.0223809680331652
61965.3436 lsst_hardware_i -22.662082690347216 42.68000030517578 31.299999237060547 AB 5.795141139841627 1.0166914280423907
61974.3971 lsst_hardware_r -0.4092453029249543 22.6299991607666 31.479999542236328 AB 5.563012528874843 1.0821402575256225
61974.4091 lsst_hardware_u -2.207982865342457 2.5799999237060547 28.31999969482422 AB 5.679839899143196 1.1092354065312364
61976.4053 lsst_hardware_g -2.753835884436545 13.65999984741211 31.3799991607666 AB 6.969428158850211 1.1134161129243887
61976.417 lsst_hardware_r 3.517448663582474 22.81999969482422 31.459999084472656 AB 7.026727777879534 1.146098153299549
61978.4029 lsst_hardware_i -26.457576394390326 30.93000030517578 31.229999542236328 AB 3.2876059015238037 1.121411905010962
61978.4146 lsst_hardware_z -42.70018925093724 42.63999938964844 30.940000534057617 AB 3.3796329701048844 1.155627618432171
61990.3393 lsst_hardware_z -1.3895640051208 71.83999633789062 30.989999771118164 AB 2.649893913565525 1.0567872038147657
61990.3505 lsst_hardware_r -213.088792894454 103.4800033569336 31.649999618530273 AB 2.754902318369133 1.0763439415390244
61992.3353 lsst_hardware_z -38.59938895723734 56.529998779296875 30.979999542236328 AB 5.429929074862539 1.0591022690432923
61992.3465 lsst_hardware_r 15.006423934175224 70.94999694824219 31.639999389648438 AB 5.523654148133673 1.0792075705824375
61994.2441 lsst_hardware_z 69.05487569353554 66.01000213623047 31.709999084472656 AB 2.782105080856528 1.0275549698454398
61995.2285 lsst_hardware_r 25.393308964328202 36.34000015258789 31.59000015258789 AB 3.6532868027345504 1.0404766134906396
61995.2391 lsst_hardware_z -35.84902243148166 44.22999954223633 30.959999084472656 AB 3.6105752142566754 1.0294849254165306
61997.3221 lsst_hardware_u -3.1234923233615763 4.269999980926514 28.780000686645508 AB 5.009999883979573 1.0598314460345322
61997.3333 lsst_hardware_g -4.272022340421144 21.399999618530273 31.56999969482422 AB 5.087125290024577 1.080107284056317
62002.0517 lsst_hardware_g -11.250492073581048 14.010000228881836 31.149999618530273 AB 4.087376861230966 1.9019901634392584
62002.0625 lsst_hardware_r 23.64245786072079 25.170000076293945 31.3700008392334 AB 4.049259694444051 1.7605476932365438
62006.1097 lsst_hardware_i 27.624920506059592 32.72999954223633 31.219999313354492 AB 3.7344682091047727 1.2963152591627791
62006.1155 lsst_hardware_u 1.819984027553993 2.690000057220459 28.350000381469727 AB 3.637640421342236 1.2676545682040607
62009.0994 lsst_hardware_z 22.368235590622998 45.369998931884766 30.93000030517578 AB 1.8485448942158764 1.3073160496576213
62009.105 lsst_hardware_g 22.266446976660497 30.219999313354492 32.25 AB 1.7915890347747716 1.2787930298178243
62011.2538 lsst_hardware_r -5.758572700971655 29.959999084472656 31.56999969482422 AB 6.189100381387983 1.024911743440271
62011.2651 lsst_hardware_y -93.73381288989853 47.33000183105469 30.049999237060547 AB 6.287894430884564 1.034874001133075
62013.28 lsst_hardware_r 16.031665748921565 55.540000915527344 31.6299991607666 AB 5.102213058941907 1.062444587827148
62016.2417 lsst_hardware_r -90.37265410094435 108.72000122070312 31.670000076293945 AB 0.8187991262199282 1.0260640679447721
62016.2545 lsst_hardware_i -59.47392456714869 85.87999725341797 31.34000015258789 AB 1.3413544987686992 1.0382000764463615
62027.0321 lsst_hardware_g -19.08822169045609 13.989999771118164 31.290000915527344 AB 1.9830902323364474 1.4164930230974626
62027.0387 lsst_hardware_r -16.0080024039467 23.989999771118164 31.43000030517578 AB 1.9230249089078866 1.3735892206484905
62030.2329 lsst_hardware_r 2.2277917148299315 22.75 31.5 AB 1.8760377213668513 1.0613074041298423
62030.2442 lsst_hardware_u 3.3171982527534922 2.7300000190734863 28.459999084472656 AB 1.8926422754102386 1.0821282306519373
62031.2238 lsst_hardware_u 2.771367055701184 2.680000066757202 28.43000030517578 AB 1.4621952855428382 1.0514347690863348
62031.2342 lsst_hardware_g 6.153464861904173 13.819999694824219 31.40999984741211 AB 1.4690038674290773 1.068236965770831
62033.2193 lsst_hardware_r -23.7584229726986 22.489999771118164 31.489999771118164 AB 6.139644297117764 1.0528413439282798
62033.2321 lsst_hardware_z 0.6145924228751728 41.459999084472656 30.950000762939453 AB 6.258749002319646 1.0744326060461564
62035.218 lsst_hardware_r 23.151597352353527 22.770000457763672 31.510000228881836 AB 2.262867435381403 1.0592708884172746
62035.2302 lsst_hardware_u 0.928770079204444 2.7899999618530273 28.510000228881836 AB 2.295588484704294 1.081421969004496
62039.2109 lsst_hardware_r 4.474116082952033 25.600000381469727 31.510000228881836 AB 3.2918587738521676 1.0656713414866195
62039.2231 lsst_hardware_i -16.987685536303935 31.959999084472656 31.239999771118164 AB 3.3717650872918457 1.0894232915322446
62041.2295 lsst_hardware_z -35.542582106236964 48.66999816894531 30.959999084472656 AB 4.118828203123554 1.117728141960102
62041.2411 lsst_hardware_r -33.14256636020557 43.06999969482422 31.59000015258789 AB 4.365370820758421 1.150927163552541
62043.1816 lsst_hardware_i -107.17936092732535 60.20000076293945 31.329999923706055 AB 4.37220062918001 1.039144534564445
62048.1859 lsst_hardware_z -108.54113725361222 92.37000274658203 31.729999542236328 AB 6.7330539068999515 1.064935374756639
62050.1784 lsst_hardware_r -36.81046963602405 66.43000030517578 31.639999389648438 AB 4.762994516006967 1.061490095497885
62050.19 lsst_hardware_i 0.7621530024909349 54.86000061035156 31.309999465942383 AB 4.976231299781055 1.0829665505509503
62052.1324 lsst_hardware_z -8.08286919971492 44.650001525878906 30.969999313354492 AB 3.5790239543207734 1.0193503299515647
62052.1446 lsst_hardware_r 10.50746560353538 38.470001220703125 31.610000610351562 AB 3.6074320182211475 1.027002543679985
62057.1608 lsst_hardware_i 8.350968258533626 30.40999984741211 31.25 AB 8.849582276302382 1.0640353825060505
62057.1724 lsst_hardware_r 1.6627043517808284 22.510000228881836 31.489999771118164 AB 8.878982301723815 1.0861140430243197
62059.1652 lsst_hardware_u -3.362691756985197 2.630000114440918 28.3799991607666 AB 8.501729846279147 1.0825057897538306
62059.1763 lsst_hardware_g 5.987929645097816 13.699999809265137 31.389999389648438 AB 8.405187512913278 1.1074514708041714
62065.1569 lsst_hardware_z -37.042180627410595 41.9900016784668 30.950000762939453 AB 4.161017375853399 1.1002161226476466
62065.1672 lsst_hardware_r -33.0756946177349 22.81999969482422 31.479999542236328 AB 3.2429240638872034 1.1264064132990284
62067.1597 lsst_hardware_u 1.698611801934064 2.7699999809265137 28.43000030517578 AB 3.2376731119699755 1.1208838885129402
62067.1709 lsst_hardware_g 0.36131359233853155 14.300000190734863 31.399999618530273 AB 2.564906591590913 1.153414993407943
62070.1473 lsst_hardware_g 17.311432289553245 42.15999984741211 31.670000076293945 AB 3.9942210756306533 1.1100197523750361
62070.1586 lsst_hardware_r 90.35605811852714 45.810001373291016 31.600000381469727 AB 4.315260794407289 1.140848855097451
62075.1379 lsst_hardware_i -18.761077789420668 66.38999938964844 31.31999969482422 AB 5.175113919498657 1.1210037733128
62075.15 lsst_hardware_r -25.32848273861736 83.6500015258789 31.6299991607666 AB 5.319500660528608 1.1564131870714367
62077.0901 lsst_hardware_i 88.64790549802704 65.30000305175781 31.329999923706055 AB 4.18789016932443 1.0407281732913594
62077.1017 lsst_hardware_z -81.344527835351 59.70000076293945 30.989999771118164 AB 4.2261359054585546 1.0567100947136483
62079.1439 lsst_hardware_r 45.7184914289562 70.9800033569336 31.6200008392334 AB 4.179495806387369 1.1723690901507344
62079.1559 lsst_hardware_i 84.99399359352135 58.11000061035156 31.290000915527344 AB 4.370027434590223 1.2171365722428378
62081.0917 lsst_hardware_r 55.15737897510136 22.450000762939453 31.479999542236328 AB 4.815700472030402 1.0581631448100202
62081.1034 lsst_hardware_i -9.467402963495127 30.59000015258789 31.239999771118164 AB 4.914806835549077 1.0790311029782693
62083.0486 lsst_hardware_z 7.039130485671984 40.81999969482422 30.959999084472656 AB 6.350511803018295 1.019752999280167
62083.0595 lsst_hardware_i 15.051809371175839 30.290000915527344 31.260000228881836 AB 6.604773555836375 1.0266487392491774
62086.0434 lsst_hardware_u -0.2158289198974286 2.609999895095825 28.389999389648438 AB 4.5861394584934265 1.02131712910694
62086.0547 lsst_hardware_g 11.908826681661289 13.770000457763672 31.40999984741211 AB 4.717575921831988 1.0294764695761092
62091.0495 lsst_hardware_g 16.222598023380144 13.850000381469727 31.420000076293945 AB 3.836335331655112 1.0379695161401907
62091.0621 lsst_hardware_r 50.197912669718264 22.670000076293945 31.489999771118164 AB 3.9903541401080855 1.0546030102697286
