data/validation/pwv_sim_epoch_fit_4/48845220.ecsv
# %ECSV 0.9
# ---
# datatype:
# - {name: time, datatype: float64}
# - {name: band, datatype: string}
# - {name: flux, datatype: float64}
# - {name: fluxerr, datatype: float64}
# - {name: zp, datatype: float64}
# - {name: zpsys, datatype: string}
# - {name: pwv, datatype: float64}
# - {name: airmass, datatype: float64}
# meta: {SNID: '48845220', alt: 1024.0, c: -0.017413446679711342, dec: -38.682186, lat: -30.244573, lon: -70.7499537, ra: 238.886719,
#   t0: 62694.859375, x0: 1.0839566650026205e-05, x1: -0.8924576640129089, z: 0.44497546553611755}
# schema: astropy-2.0
time band flux fluxerr zp zpsys pwv airmass
62566.3873 lsst_hardware_r -7.382736274080208 23.979999542236328 31.520000457763672 AB 7.565077166682558 1.0156965472508726
62566.3993 lsst_hardware_y -118.24087420957753 57.099998474121094 30.06999969482422 AB 7.499224168102926 1.0116883454625032
62568.3924 lsst_hardware_g -9.345277970275463 16.260000228881836 31.5 AB 8.632272251238899 1.0119600540709708
62568.4055 lsst_hardware_y 66.95694708785678 77.08000183105469 30.079999923706055 AB 8.619919686930821 1.011579250336608
62572.3817 lsst_hardware_r 29.573630159961432 23.450000762939453 31.510000228881836 AB 7.440612497889629 1.0119152043913757
62572.3948 lsst_hardware_y -29.389976692408805 48.560001373291016 30.059999465942383 AB 7.410066870635705 1.0116132246601646
62575.3812 lsst_hardware_r -35.02351797471617 23.360000610351562 31.510000228881836 AB 9.787698029468825 1.011169354342266
62575.3947 lsst_hardware_y -58.356742392104344 47.86000061035156 30.049999237060547 AB 9.830748351273304 1.0137753314136373
62578.3716 lsst_hardware_z 107.62820568172792 50.16999816894531 30.969999313354492 AB 7.503501200050087 1.011185391826708
62578.3849 lsst_hardware_i 9.395639090423836 45.970001220703125 31.309999465942383 AB 7.263390835644899 1.01320186024688
62580.3736 lsst_hardware_z 36.258074709485925 90.16000366210938 31.739999771118164 AB 5.170898856409278 1.0117195962452326
62582.3714 lsst_hardware_r -7.553180114521292 89.55999755859375 31.65999984741211 AB 6.305424266310171 1.0124316419894344
62582.385 lsst_hardware_i -3.9896747129013153 73.4000015258789 31.34000015258789 AB 5.710110784099435 1.0185713136103167
62584.3758 lsst_hardware_z 157.4538507211222 82.93000030517578 31.729999542236328 AB 6.831526085453088 1.0163692755267557
62594.3207 lsst_hardware_u 2.8152300605757588 2.7100000381469727 28.450000762939453 AB 5.840604069790737 1.0121194668075446
62594.3328 lsst_hardware_g -4.444900006192343 14.399999618530273 31.440000534057617 AB 5.813488891814013 1.011364010289785
62596.32 lsst_hardware_r -5.657132708801656 23.15999984741211 31.510000228881836 AB 6.885232978879157 1.0113444446062216
62596.3326 lsst_hardware_i 14.837924349168146 30.530000686645508 31.25 AB 7.000963611422399 1.0122850797313827
62598.3123 lsst_hardware_z -15.35397292274758 40.91999816894531 30.959999084472656 AB 8.476296140758102 1.0116320260288578
62598.3243 lsst_hardware_u 3.6542613835652755 2.7899999618530273 28.520000457763672 AB 8.481956930637173 1.0116938500069186
62600.3107 lsst_hardware_g 22.855571068802487 14.220000267028809 31.43000030517578 AB 7.932028999586746 1.0112224629764093
62600.3216 lsst_hardware_r -37.979852433748185 22.940000534057617 31.5 AB 7.969231284167386 1.0122658079643825
62602.313 lsst_hardware_z -63.2007819949232 41.0 30.959999084472656 AB 3.635046605087974 1.0116319780388154
62602.3257 lsst_hardware_r -10.179257889302683 23.290000915527344 31.520000457763672 AB 3.6435852850128274 1.0158695032563645
62606.2955 lsst_hardware_z 85.72704785543885 48.75 30.979999542236328 AB 9.971743848602472 1.0111792170159177
62606.305 lsst_hardware_r 70.16765576259633 47.70000076293945 31.639999389648438 AB 10.018888303354306 1.0122134070877253
62608.301 lsst_hardware_i -20.72647871755243 74.5999984741211 31.34000015258789 AB 14.03367922602199 1.0125918508343688
62608.3125 lsst_hardware_r 29.41401929857297 94.69000244140625 31.670000076293945 AB 14.043326175988561 1.017632331593374
62614.1679 lsst_hardware_z -13.688883210383223 73.83999633789062 31.700000762939453 AB 4.825682236037839 1.1864486730137287
62614.1833 lsst_hardware_r 71.98320719983106 72.97000122070312 32.36000061035156 AB 4.562878441943228 1.1351385127978841
62616.2558 lsst_hardware_r -19.238629159637323 28.93000030517578 31.559999465942383 AB 13.776298511942215 1.0135469090242333
62616.2672 lsst_hardware_i 4.435570067551403 33.400001525878906 31.270000457763672 AB 13.745443135786859 1.0112148264391128
62620.2724 lsst_hardware_g 14.677570082656672 14.470000267028809 31.440000534057617 AB 10.780017258757347 1.0139933929460174
62620.2845 lsst_hardware_r 10.807358409544028 23.200000762939453 31.5 AB 10.891983450551031 1.0208044470994553
62623.282 lsst_hardware_u 0.4666094603363609 2.890000104904175 28.579999923706055 AB 8.238414738857163 1.0254437066041175
62623.2933 lsst_hardware_g 5.8884732438639675 14.779999732971191 31.469999313354492 AB 9.408501778402165 1.0374735475706276
62625.2736 lsst_hardware_r -52.79695476391936 23.420000076293945 31.520000457763672 AB 9.416590681793934 1.0229309306169068
62625.2858 lsst_hardware_i -11.465415268544968 30.979999542236328 31.260000228881836 AB 9.53097319004845 1.0350190791169518
62627.276 lsst_hardware_z -27.09755002756448 41.2400016784668 30.950000762939453 AB 2.702940775854988 1.0302150079487948
62627.2887 lsst_hardware_r -39.39794416569997 23.420000076293945 31.5 AB 2.761341204530327 1.045896548651093
62633.224 lsst_hardware_z 2.4511873562559043 43.15999984741211 30.950000762939453 AB 11.373242931488768 1.0112021099814694
62633.236 lsst_hardware_g -7.179858328904497 22.90999984741211 31.600000381469727 AB 11.416216637791988 1.0136485360969578
62637.2206 lsst_hardware_r 150.236666498201 114.7699966430664 31.670000076293945 AB 5.293261290921811 1.012273271144747
62637.2321 lsst_hardware_i -41.23546771835881 91.26000213623047 31.350000381469727 AB 5.401809641539316 1.016922888763814
62639.216 lsst_hardware_z 43.61155113826308 129.75 31.760000228881836 AB 8.088652234389883 1.0124948032950014
62642.208 lsst_hardware_z -75.30545327144186 51.7400016784668 30.979999542236328 AB 7.662871155899803 1.0125469787016959
62642.2205 lsst_hardware_r 90.10366015488792 60.08000183105469 31.649999618530273 AB 6.979433737439539 1.0181398821953838
62644.1984 lsst_hardware_r 29.50941186375538 34.439998626708984 31.59000015258789 AB 2.023293576360567 1.0116467881802835
62644.21 lsst_hardware_i -8.434328754269156 36.81999969482422 31.280000686645508 AB 1.9298654977309952 1.0153624155021022
62654.1983 lsst_hardware_g 3.095387319144334 14.899999618530273 31.459999084472656 AB 10.481357797488538 1.0263012212664109
62654.2105 lsst_hardware_r 10.904558017835857 23.739999771118164 31.510000228881836 AB 10.997938397657 1.039797522705608
62655.1866 lsst_hardware_i -21.352678881239395 30.989999771118164 31.260000228881836 AB 9.752081848106904 1.0191683113049566
62655.1986 lsst_hardware_z 92.56576652480987 41.290000915527344 30.950000762939453 AB 9.86936855155608 1.029238559970391
62657.1332 lsst_hardware_i 42.11746031599817 30.84000015258789 31.260000228881836 AB 8.472496244157801 1.0189820691337894
62657.1452 lsst_hardware_z 8.319004834677477 40.95000076293945 30.950000762939453 AB 8.416674899604086 1.0130909152439844
62675.113 lsst_hardware_z 183.47046281568984 43.338657005505716 30.959999084472656 AB 3.2369125421529206 1.0115351694227877
62675.1245 lsst_hardware_r 320.83338361273553 29.684806843905367 31.520000457763672 AB 3.2478800017414304 1.014962500544197
62676.1102 lsst_hardware_u 22.394738548739344 4.691532791189909 28.520000457763672 AB 3.8257581802905376 1.0115255401112173
62676.1217 lsst_hardware_g 87.91680025712053 17.65638137697577 31.459999084472656 AB 3.806328965814039 1.0149308414756126
62680.1132 lsst_hardware_z 679.7421206385714 48.013920467946754 30.950000762939453 AB 7.295701812559755 1.016114458573848
62680.1251 lsst_hardware_r 1322.1371811238544 43.13220394364716 31.510000228881836 AB 6.34265837516604 1.0243311329402518
62682.1003 lsst_hardware_u 23.91874584341969 5.76897732669544 28.459999084472656 AB 3.588543395513023 1.0129974299260474
62682.1123 lsst_hardware_r 1902.070265743944 48.837790087825056 31.5 AB 3.6401334780620402 1.018789106650445
62686.0991 lsst_hardware_i 1937.2463093538772 53.54281231442904 31.260000228881836 AB 9.030778548025484 1.0173805608094952
62686.1129 lsst_hardware_z 1494.6454095692932 55.448572617057884 30.950000762939453 AB 9.099960779612992 1.0281860662801914
62688.0911 lsst_hardware_z 1711.738563724226 57.24431130160533 30.950000762939453 AB 5.38182723087833 1.0159822353229708
62688.1033 lsst_hardware_r 3490.876449541012 63.17213584718752 31.5 AB 5.419769044521597 1.0243696414279282
62694.0399 lsst_hardware_r 4697.833378334858 120.60553651353469 31.670000076293945 AB 9.878914120606348 1.0147310482878484
62694.0516 lsst_hardware_y 917.9274331823576 62.29046497440672 30.06999969482422 AB 8.344234315811438 1.011442774497841
62694.9772 lsst_hardware_z 4206.254555190194 125.58203204097558 31.739999771118164 AB 6.459063646277865 1.095220626753347
62699.039 lsst_hardware_r 4265.0490204905855 84.57378517525206 31.639999389648438 AB 1.5169973237289547 1.0113315491526365
62699.0517 lsst_hardware_z 2113.7712628928725 68.71338151409081 30.969999313354492 AB 1.6707552685807954 1.012374430568044
62704.0279 lsst_hardware_u 0.6228723255083716 3.185568237787294 28.469999313354492 AB 6.08818835428847 1.0111869930998152
62704.0394 lsst_hardware_g 722.2943158137435 30.854992318176457 31.459999084472656 AB 6.14905715859958 1.012746169409758
62707.0194 lsst_hardware_r 2503.3954252578183 54.53414745314727 31.5 AB 5.246079748492575 1.0111950170571655
62707.0327 lsst_hardware_z 1641.7948004718992 56.01120764067233 30.940000534057617 AB 5.2526720603602675 1.0132143501739785
62709.0217 lsst_hardware_r 2158.7311321468783 51.54242416258594 31.5 AB 4.503452108713631 1.0117843425552981
62709.0332 lsst_hardware_u 4.01975080564112 3.158473639364385 28.350000381469727 AB 4.582836556438912 1.0156995914093334
62716.0101 lsst_hardware_r 1130.8595158654155 42.122502960529275 31.510000228881836 AB 2.1927907057571914 1.0139291179518455
62716.0219 lsst_hardware_i 1452.7966932367244 49.259608289676194 31.25 AB 2.2341308694664694 1.0204617247867551
62718.0106 lsst_hardware_z 970.0533428849302 52.638139367212354 30.950000762939453 AB 0.9048999434339906 1.016741509476394
62718.0213 lsst_hardware_r 1060.0394141661723 42.24654385912685 31.540000915527344 AB 0.7989535066441084 1.0242993674924468
62719.0116 lsst_hardware_z 991.1561199254177 54.15569035188273 30.959999084472656 AB 1.168801413780841 1.0190073354671674
62719.024 lsst_hardware_g 155.26638781560513 33.1593920296231 31.649999618530273 AB 1.2409377785616396 1.0293967470435508
62723.004 lsst_hardware_r 797.3798269118028 86.02834308177954 31.65999984741211 AB 3.3126004468140033 1.0213567667463526
62723.0151 lsst_hardware_y 326.4005594592684 57.60434589371861 30.059999465942383 AB 3.3544937756702473 1.031517151190113
62725.0014 lsst_hardware_z 1001.9319109307064 67.41840790334065 30.989999771118164 AB 2.4157739676997254 1.0236330371609004
62725.0127 lsst_hardware_r 655.4431065979254 89.3766040169649 31.65999984741211 AB 2.328141833904195 1.0349596950007534
62937.3783 lsst_hardware_r -61.413608608688776 81.19000244140625 31.670000076293945 AB 7.321337330618859 1.0129833733128826
62937.3922 lsst_hardware_y -44.13640806970732 54.7400016784668 30.06999969482422 AB 7.302249991207833 1.0112519029508147
62941.3135 lsst_hardware_i 45.40439741405213 41.810001373291016 31.290000915527344 AB 8.300178718962917 1.0722590658580757
62941.3346 lsst_hardware_z 22.019809112337935 46.45000076293945 30.969999313354492 AB 7.831224927688989 1.0385206945846328
62941.3898 lsst_hardware_g 32.89674809864986 36.029998779296875 31.690000534057617 AB 7.7570756945506085 1.0128052871850974
62941.4019 lsst_hardware_y 180.05305028894136 53.95000076293945 30.059999465942383 AB 7.830567490034846 1.018455842803457
62946.3731 lsst_hardware_i -30.30933362054 30.719999313354492 31.260000228881836 AB 5.989900048411646 1.0120211275035738
62946.386 lsst_hardware_u 0.6173871589542994 2.869999885559082 28.559999465942383 AB 6.229715706482619 1.0170964418746704
62948.3715 lsst_hardware_g -16.895260066335283 14.8100004196167 31.489999771118164 AB 6.133809822718744 1.013057487545934
62948.3844 lsst_hardware_r -2.2358221194691654 23.510000228881836 31.530000686645508 AB 6.439272562203433 1.0195175050986944
62950.3756 lsst_hardware_i -21.75692742482458 30.829999923706055 31.270000457763672 AB 7.553929233473978 1.0173984623689656
62950.3882 lsst_hardware_r 14.166420811622944 23.469999313354492 31.530000686645508 AB 7.613930315616798 1.0270589454519061
62952.3642 lsst_hardware_g 7.793495538706879 14.619999885559082 31.469999313354492 AB 7.8868127144838 1.0144028014941937
62952.3757 lsst_hardware_r -24.54301160657294 23.399999618530273 31.530000686645508 AB 7.991819536032115 1.021101303581616
62954.3693 lsst_hardware_i -24.60702859113525 30.790000915527344 31.270000457763672 AB 9.02785691339628 1.020413904139284
62954.3816 lsst_hardware_z -2.0442232543421692 41.380001068115234 30.959999084472656 AB 9.530433433488032 1.031432189771432
62956.3194 lsst_hardware_i -23.348128907887332 30.6299991607666 31.260000228881836 AB 4.152936347550342 1.0158846251346236
62956.3319 lsst_hardware_z 32.52370527397098 40.93000030517578 30.950000762939453 AB 4.135715530095776 1.0116720964030763
62958.319 lsst_hardware_i -10.937821361286717 30.649999618530273 31.270000457763672 AB 8.937691186977359 1.0136597223598467
62958.3309 lsst_hardware_u 1.2899796463781195 2.7699999809265137 28.489999771118164 AB 8.920800090188454 1.011208836725401
62960.3192 lsst_hardware_g -24.574283357552734 30.3799991607666 31.670000076293945 AB 7.062308669689774 1.0120095535845488
62960.3312 lsst_hardware_r 51.49708144480571 23.170000076293945 31.510000228881836 AB 7.022172863097987 1.0114154036748924
62962.3237 lsst_hardware_i 94.58261322373961 62.310001373291016 31.329999923706055 AB 16.960243608308375 1.0112387561410332
62962.3353 lsst_hardware_r -218.45509632863897 76.7300033569336 31.65999984741211 AB 18.52063956694218 1.0137648807339605
62965.3095 lsst_hardware_z -119.16772550249452 109.95999908447266 31.75 AB 7.895501505813291 1.0113793559965787
62970.306 lsst_hardware_z -18.077847790565382 44.33000183105469 30.969999313354492 AB 7.425162722446714 1.011717414208704
62970.3168 lsst_hardware_r 25.624203572957107 36.93000030517578 31.610000610351562 AB 7.437467945421405 1.0151807466877878
62972.2883 lsst_hardware_z -43.51176833570549 41.310001373291016 30.959999084472656 AB 16.699646189403154 1.0116603610191424
62972.2997 lsst_hardware_g -23.97206734556944 17.360000610351562 31.540000915527344 AB 17.2097207898911 1.0115827887000528
62973.3181 lsst_hardware_r -1.7465067901828504 33.5099983215332 32.279998779296875 AB 14.208011224016655 1.0209043722535245
62973.3268 lsst_hardware_z -24.226740884184384 58.529998779296875 31.709999084472656 AB 14.271323389061855 1.0284094320296788
62977.2836 lsst_hardware_g 9.906149752337935 14.510000228881836 31.469999313354492 AB 8.29973998131995 1.0113001073863717
62977.2951 lsst_hardware_r 16.436755090423834 23.1299991607666 31.520000457763672 AB 9.083928315872717 1.0140576374048578
62986.266 lsst_hardware_u 5.7845317415807935 2.5999999046325684 28.360000610351562 AB 10.676883306953409 1.0125387216558206
62986.2768 lsst_hardware_g -35.10578567104064 14.40999984741211 31.43000030517578 AB 10.742293992867793 1.017102161230973
62990.2758 lsst_hardware_r 98.3563938318969 88.80000305175781 32.400001525878906 AB 9.429799929592452 1.0241804315036243
62990.2895 lsst_hardware_y -61.56448982191099 71.4000015258789 30.799999237060547 AB 9.604914161806589 1.0386685345476088
62995.2308 lsst_hardware_z 131.6641632303473 108.91999816894531 31.75 AB 8.482067452168932 1.0111843891358852
62999.1786 lsst_hardware_i 32.05720944416292 34.25 31.280000686645508 AB 6.116220577803013 1.0356528607218876
62999.1899 lsst_hardware_z 62.43259370538441 42.959999084472656 30.959999084472656 AB 6.086403508646789 1.0241298180459009
63002.213 lsst_hardware_i -6.399092426838175 30.809999465942383 31.260000228881836 AB 5.412621530928096 1.0111851909632361
63002.2234 lsst_hardware_u 1.680954462692829 2.75 28.459999084472656 AB 5.31165104673268 1.012852371022176
63005.2095 lsst_hardware_g -16.929970625782218 15.0600004196167 31.469999313354492 AB 8.004894370061779 1.0115704764189275
63005.221 lsst_hardware_r -11.59558825680509 23.850000381469727 31.530000686645508 AB 8.12868370594903 1.015070392850778
63010.2023 lsst_hardware_r 4.438945811804776 33.33000183105469 32.2599983215332 AB 7.9618386124915705 1.013085457754367
63010.2139 lsst_hardware_i 54.7970122972765 43.720001220703125 32.0 AB 7.585960225328865 1.0187054913154392
63013.1996 lsst_hardware_z -72.28912831962322 41.099998474121094 30.950000762939453 AB 5.086123492262599 1.0152787475197735
63013.2125 lsst_hardware_u -0.15866252407779385 2.8399999141693115 28.520000457763672 AB 5.118774114458333 1.0237548228916666
63015.2007 lsst_hardware_g 28.9763561603405 15.15999984741211 31.479999542236328 AB 8.967209074826163 1.0190010312302458
63015.212 lsst_hardware_r -28.97835814721129 23.93000030517578 31.530000686645508 AB 9.161324749524576 1.0282839811648596
63020.19 lsst_hardware_z -6.547166587940604 70.97000122070312 31.0 AB 9.798207527113814 1.0210720641010644
63020.2038 lsst_hardware_r -84.11285666113673 99.11000061035156 31.65999984741211 AB 9.887363480958367 1.0340988161649387
63031.1756 lsst_hardware_z 42.23893843005256 41.36000061035156 30.950000762939453 AB 13.211754329411233 1.0362566633523935
63031.1892 lsst_hardware_u -1.253449323124846 2.690000057220459 28.399999618530273 AB 13.458225807371397 1.0555195268650368
63043.9689 lsst_hardware_y -48.82348314049047 50.68000030517578 29.969999313354492 AB 9.892340404941573 1.28338614490676
63043.99 lsst_hardware_z -56.095636100989026 44.529998779296875 30.940000534057617 AB 9.054169603197595 1.1907114154652283
63044.1071 lsst_hardware_i -9.145721205855669 32.81999969482422 31.280000686645508 AB 7.896718071039665 1.012399752697393
63044.1196 lsst_hardware_z 73.81664225650758 42.02000045776367 30.959999084472656 AB 7.938760840862512 1.0177898513926298
63063.0792 lsst_hardware_i 27.954916746901763 30.670000076293945 31.260000228881836 AB 3.9786584272858283 1.0266180950292423
63063.0909 lsst_hardware_z 28.144857138295738 41.209999084472656 30.950000762939453 AB 3.9135331849368957 1.039589104778202
63066.0302 lsst_hardware_r 41.631763540259556 23.020000457763672 31.5 AB 1.6277762893182997 1.0119315894845151
63066.0422 lsst_hardware_z 7.086270140167391 40.72999954223633 30.950000762939453 AB 2.6475315142378943 1.011473357875231
63068.0306 lsst_hardware_r 9.91341373916195 23.15999984741211 31.510000228881836 AB 5.639129489145303 1.011215856031077
63068.0424 lsst_hardware_u -5.068170678959221 2.740000009536743 28.469999313354492 AB 5.771965442556794 1.012625516238034
63071.0132 lsst_hardware_i -0.06848818598285931 30.959999084472656 31.270000457763672 AB 6.326393047116806 1.0127630278201931
63071.0196 lsst_hardware_z 32.83384678500658 41.09000015258789 30.959999084472656 AB 6.32117283365262 1.0114415969362558
63076.0203 lsst_hardware_z 30.75177949329022 56.599998474121094 30.979999542236328 AB 4.477770239476322 1.012554749160723
63076.0324 lsst_hardware_r -67.87476884713881 68.26000213623047 31.65999984741211 AB 4.546700416417298 1.0178990130222865
63078.1377 lsst_hardware_y 141.3008991671404 83.3499984741211 30.719999313354492 AB 4.827725415186914 1.30479065275322
63080.0096 lsst_hardware_z -64.58646635718074 62.939998626708984 30.989999771118164 AB 2.6928004862934776 1.0126165220620391
63080.0221 lsst_hardware_r 221.48536669683682 89.87999725341797 31.65999984741211 AB 2.707873126178047 1.0182845261551365
63082.0089 lsst_hardware_i 2.5222433275093046 54.84000015258789 31.31999969482422 AB 0.4746754563800899 1.0142637956839529
63082.0202 lsst_hardware_z -61.02162543727965 54.54999923706055 30.969999313354492 AB 0.35469348369151427 1.0207006724935663
63084.0077 lsst_hardware_r -22.734257049905953 23.459999084472656 31.510000228881836 AB 1.1661707052999695 1.0162707671459428
63084.0189 lsst_hardware_u -1.8744407558395146 2.7699999809265137 28.479999542236328 AB 1.2922657223229048 1.0239823473240133
63086.0107 lsst_hardware_g -19.66470989627206 14.720000267028809 31.450000762939453 AB 3.956280368269487 1.021766624036541
63086.0221 lsst_hardware_i -24.077962501682542 30.8799991607666 31.25 AB 3.998424516582883 1.0324287601453415
