data/validation/pwv_sim_epoch_fit_4/49011407.ecsv
# %ECSV 0.9
# ---
# datatype:
# - {name: time, datatype: float64}
# - {name: band, datatype: string}
# - {name: flux, datatype: float64}
# - {name: fluxerr, datatype: float64}
# - {name: zp, datatype: float64}
# - {name: zpsys, datatype: string}
# - {name: pwv, datatype: float64}
# - {name: airmass, datatype: float64}
# meta: {SNID: '49011407', alt: 1024.0, c: -0.0895153135061264, dec: -40.033035, lat: -30.244573, lon: -70.7499537, ra: 339.257812, t0: 60893.54296875,
#   x0: 3.9214170574889165e-06, x1: 0.6956830024719238, z: 0.6770544052124023}
# schema: astropy-2.0
time band flux fluxerr zp zpsys pwv airmass
60833.4081 lsst_hardware_u 1.7789890337937944 2.680000066757202 28.450000762939453 AB 1.1470149556318607 1.0200977890449094
60833.4229 lsst_hardware_y -34.49265777217359 46.900001525878906 30.059999465942383 AB 0.9307495500302908 1.014809612971481
60842.3353 lsst_hardware_i 102.87290392611263 63.79999923706055 31.31999969482422 AB 7.225565549551262 1.081550057935326
60842.3605 lsst_hardware_y 74.8431764686936 53.34000015258789 30.059999465942383 AB 6.885603830730786 1.040553678753353
60844.4126 lsst_hardware_z 4.515121507809384 45.869998931884766 30.959999084472656 AB 4.751502347097208 1.0170167694985464
60844.426 lsst_hardware_r 3.4886626124776154 41.40999984741211 31.610000610351562 AB 5.020508961521381 1.0245936656166084
60847.3955 lsst_hardware_u 0.1760730330814199 2.940000057220459 28.510000228881836 AB 3.057156856145077 1.0147115747563458
60847.4101 lsst_hardware_g 8.544741005905214 15.319999694824219 31.469999313354492 AB 3.0969409382081676 1.019624979655859
60849.2265 lsst_hardware_g -10.196655203554446 19.559999465942383 32.029998779296875 AB 4.56747550439399 1.466088165112543
60849.2503 lsst_hardware_r -34.92373876107747 33.349998474121094 32.20000076293945 AB 4.957087166441153 1.3135706303918078
60856.3742 lsst_hardware_u 0.07900105236600849 2.630000114440918 28.420000076293945 AB 3.6584853552886174 1.0153058340301435
60856.3863 lsst_hardware_r 2.3879884292380438 22.360000610351562 31.5 AB 4.163147497540184 1.0200459402662978
60860.116 lsst_hardware_z -74.44789061671388 55.18132585954187 30.75 AB 24.197416797687747 2.729083268221705
60860.1304 lsst_hardware_g 3.496832420857769 36.50071132018937 31.149999618530273 AB 20.451826240826367 2.3465141494398036
60861.4011 lsst_hardware_u -4.402527996570734 2.770030214800794 28.489999771118164 AB 4.1137059505602735 1.047521939665395
60861.4129 lsst_hardware_g -19.503535523583736 13.826728551980095 31.43000030517578 AB 4.386641822069688 1.0661421368502626
60863.312 lsst_hardware_g 103.17314618691468 54.663359981126284 31.719999313354492 AB 1.5229746628245182 1.0308944017313977
60863.3241 lsst_hardware_r -48.83720186627785 49.0065911058188 31.6299991607666 AB 1.5239997959614555 1.0213334944452603
60867.3086 lsst_hardware_r 86.44481651526465 115.95879595079329 31.670000076293945 AB 8.713313135860798 1.0244629065413478
60867.3208 lsst_hardware_z 38.697386186886156 77.07716048467975 31.0 AB 8.663080999464345 1.0174204761695111
60870.3162 lsst_hardware_z 286.4609678049315 66.15019582886359 30.989999771118164 AB 6.139208088605161 1.016130771482627
60870.3288 lsst_hardware_i 123.74904446634093 73.49722116373295 31.34000015258789 AB 6.158297170085898 1.014379372440438
60875.3518 lsst_hardware_g 179.52774408110355 22.481041720181338 31.540000915527344 AB 2.2829960830502145 1.0340046422571267
60875.364 lsst_hardware_r 537.480208818897 35.18069500899866 31.530000686645508 AB 2.327338996542204 1.0490991307053246
60877.3422 lsst_hardware_i 635.0823756533676 39.35359427091813 31.25 AB 4.251398588593302 1.029893068942176
60877.3526 lsst_hardware_z 465.57454271562034 45.84339714132176 30.940000534057617 AB 4.427119578832188 1.0411852255014553
60879.3387 lsst_hardware_r 961.2738387521669 37.80562894981499 31.5 AB 4.6434283644140235 1.031777434922105
60879.35 lsst_hardware_u 2.4508996974779356 3.114894072673893 28.469999313354492 AB 4.597384089450497 1.0448600203296583
60881.3372 lsst_hardware_g 274.22730846343677 22.562165638451617 31.440000534057617 AB 5.700883843016413 1.0359278917622725
60881.3491 lsst_hardware_i 851.4693535436162 42.70023302034513 31.25 AB 5.790070148780086 1.051242802453491
60886.2454 lsst_hardware_u 5.233075565693593 3.6533376666696444 28.5 AB 4.656488743222858 1.0347752762717461
60886.257 lsst_hardware_g 351.55340524237795 24.21803634792168 31.440000534057617 AB 4.529622384426962 1.024260733645955
60890.2445 lsst_hardware_z 735.5706698758279 51.80336081175644 30.959999084472656 AB 2.3018273719545372 1.025465119670866
60890.2565 lsst_hardware_r 1449.4508278682338 49.810477919538286 31.579999923706055 AB 2.359117122757304 1.0180675899265526
60894.236 lsst_hardware_r 1440.6824925145359 100.45606951249485 31.670000076293945 AB 3.2500829851485227 1.0236481842987473
60894.2475 lsst_hardware_z 831.5847236912684 71.72831833770813 31.0 AB 3.253857913289537 1.017254453925449
60896.2346 lsst_hardware_r 1315.9682917942605 140.24884846503267 31.670000076293945 AB 3.429696753772411 1.0209709767872028
60896.246 lsst_hardware_y 271.3179041811802 67.60964417168843 30.079999923706055 AB 3.419000403422602 1.0158967177009663
60897.2275 lsst_hardware_z 822.4753177611029 91.92282240832408 31.0 AB 4.802981078379775 1.0238714726880782
60897.238 lsst_hardware_r 1517.119942816978 137.03311358780942 31.670000076293945 AB 4.72181993657695 1.0177981218035135
60899.226 lsst_hardware_i 1212.0796001163906 72.66466601982683 31.34000015258789 AB 2.7693793463667613 1.0212203354557536
60899.2385 lsst_hardware_z 839.8729066775713 65.05806376648842 30.989999771118164 AB 2.754420200880583 1.015704087350716
60904.2945 lsst_hardware_z 708.2127478380431 49.96474187618072 30.950000762939453 AB 4.446631795759601 1.0643816633909522
60904.3047 lsst_hardware_r 941.6107823766513 39.69768679695271 31.530000686645508 AB 4.54852681028477 1.0838858120540111
60906.2962 lsst_hardware_u -0.2123233411178207 2.8427134882287173 28.489999771118164 AB 2.8884914058278333 1.0776947694535335
60906.3073 lsst_hardware_g 149.51325826796185 18.109099450493506 31.420000076293945 AB 2.9522766739474706 1.1019384164033679
60910.2816 lsst_hardware_z 660.0516197275108 48.692135125180904 30.940000534057617 AB 2.042237139663145 1.0706354598496173
60910.2919 lsst_hardware_r 666.3938463928857 34.648461852552735 31.479999542236328 AB 2.188675754697729 1.0916088552108376
60912.2844 lsst_hardware_u -1.820414083632524 2.7126955822492644 28.389999389648438 AB 3.5644152910666103 1.0871539114680593
60912.2946 lsst_hardware_r 547.1704591936905 33.70202310862723 31.489999771118164 AB 2.7215970890126293 1.111007112129254
60934.1321 lsst_hardware_z 306.98659155241324 44.03430954443099 30.950000762939453 AB 3.251938122225891 1.0202425544905598
60934.1434 lsst_hardware_u 1.0146610127860478 2.7010072904908085 28.399999618530273 AB 3.2276176691421776 1.0155862293758326
60936.2175 lsst_hardware_r 74.9274617934932 25.40829171441453 31.489999771118164 AB 1.5175826319919534 1.0842457480294976
60936.2286 lsst_hardware_i 237.59950347287446 34.11547983380826 31.239999771118164 AB 1.5521730764959705 1.1098180848447994
60938.2023 lsst_hardware_i 210.55435383951772 33.56073701097619 31.25 AB 6.6715573601551945 1.0654886784564712
60938.2138 lsst_hardware_z 274.09427987388375 44.43719274560815 30.940000534057617 AB 6.332857209243698 1.08799516823566
60940.2105 lsst_hardware_i 212.46971488679353 33.59227943581608 31.239999771118164 AB 2.3475037922232165 1.0927516779812483
60940.2211 lsst_hardware_u 1.4784292561625898 2.677129770366292 28.3799991607666 AB 2.443445283495295 1.1186655755954003
60941.2004 lsst_hardware_g -14.995980818557175 14.145885686471207 31.399999618530273 AB 2.1356040580417672 1.077227772025831
60941.2133 lsst_hardware_r 93.33940744458651 24.899306485655078 31.479999542236328 AB 2.2035251648162943 1.10572476280821
60943.2029 lsst_hardware_i 146.6575851830944 33.13704318390981 31.229999542236328 AB 6.835290028264217 1.0940840381374755
60943.2145 lsst_hardware_r 98.4225214387629 24.888352669367016 31.479999542236328 AB 6.663918852523569 1.1229431307963975
60945.2177 lsst_hardware_u 3.876278505723688 2.7154930839978344 28.290000915527344 AB 3.8281849998053863 1.1481110666216294
60945.2303 lsst_hardware_g 10.658147880116461 14.338451436549905 31.3700008392334 AB 4.056602241443787 1.190899963238219
60947.167 lsst_hardware_g 19.17802225130454 21.07659836447528 31.56999969482422 AB 4.242272500961139 1.048510257281547
60947.1789 lsst_hardware_r 106.88238741121616 28.179854710397954 31.530000686645508 AB 4.329385711449987 1.067578261906074
60950.0811 lsst_hardware_z 280.29663495440303 55.16622484989183 30.979999542236328 AB 5.0157752298982325 1.0251443932140887
60950.0939 lsst_hardware_r 158.80992240368195 62.556936370757676 31.649999618530273 AB 4.6339037788449 1.0175458451569828
60955.1726 lsst_hardware_z 182.4078398701824 96.79346077164469 31.729999542236328 AB 4.956344629556791 1.0997806130674617
60957.0812 lsst_hardware_g 91.48618717946407 54.76294263275397 31.719999313354492 AB 3.4423411612508734 1.015439870575479
60957.0929 lsst_hardware_r 58.4667989337233 59.21617563813117 31.649999618530273 AB 5.711159622563323 1.0144756271950321
60959.1618 lsst_hardware_z 75.03239667078782 46.61318879150856 30.950000762939453 AB 4.879540899255143 1.1000693392775829
60959.1734 lsst_hardware_u -2.613379258418867 6.33677133488176 28.950000762939453 AB 4.357201457736915 1.1301261724126959
60961.1565 lsst_hardware_g 3.3579555464425557 14.012977071079634 31.389999389648438 AB 6.477525460525428 1.100450279978837
60961.1677 lsst_hardware_r 66.1243621204245 24.043764894391572 31.469999313354492 AB 7.450991212490591 1.1294514495212964
60963.1572 lsst_hardware_i 104.46384730625516 32.56105737802444 31.239999771118164 AB 6.822043341480159 1.115776476731115
60963.1675 lsst_hardware_z 67.58359152015792 43.974268743945174 30.940000534057617 AB 7.667667424750584 1.1448836489276624
60968.1416 lsst_hardware_u 1.6704740783721368 2.6781887926276995 28.399999618530273 AB 3.740336590588953 1.1107711118360957
60968.1531 lsst_hardware_g 10.049864255428497 13.91737475510436 31.3799991607666 AB 3.7748301288369834 1.1426183418939513
60974.1389 lsst_hardware_g 13.014533622462631 14.132632218985272 31.389999389648438 AB 2.7430231678872756 1.1493113831929926
60974.1487 lsst_hardware_r 42.9535887629459 24.131488380985747 31.469999313354492 AB 2.8929850159095327 1.1820968465988284
60976.0869 lsst_hardware_z 123.73565709748156 43.618631855310426 30.950000762939453 AB 3.9599516177870315 1.0472368523765687
60976.0975 lsst_hardware_r 32.17990702586746 28.83817595202757 31.540000915527344 AB 4.039157769164581 1.0636826990426391
60978.0878 lsst_hardware_i 50.211929362005925 43.83000183105469 31.299999237060547 AB 6.3400300002606755 1.0566716667101126
60978.0984 lsst_hardware_z 12.32037409199521 48.66999816894531 30.959999084472656 AB 6.451999109202088 1.0753331848670147
60982.0796 lsst_hardware_i -31.783081566563236 62.06999969482422 31.31999969482422 AB 3.1475097477266614 1.0611073738648669
60982.0913 lsst_hardware_z -60.172644616423526 58.599998474121094 30.979999542236328 AB 4.398459619472287 1.0830087703886668
61194.3667 lsst_hardware_r -235.633283334107 82.51000213623047 31.639999389648438 AB 11.546104302506523 1.0917785733541279
61194.395 lsst_hardware_y -65.11068405198604 53.130001068115234 30.059999465942383 AB 11.257895394247452 1.042655167409927
61220.1691 lsst_hardware_r -196.9162903763969 182.0 32.619998931884766 AB 11.538680929708752 1.9048585934307682
61220.198 lsst_hardware_z -35.39100443417074 124.31999969482422 32.11000061035156 AB 9.577385647284425 1.5724476702022616
61222.4074 lsst_hardware_y 1.2698314312936192 82.83999633789062 30.809999465942383 AB 10.093327906570753 1.0405492687186344
61223.4167 lsst_hardware_i 23.886192078253227 80.5 31.329999923706055 AB 7.797768259464663 1.0575396025584407
61223.4286 lsst_hardware_z 13.95322807631069 71.80000305175781 30.989999771118164 AB 7.881143846009506 1.0789805724078
61225.4105 lsst_hardware_z 18.024873315781864 62.119998931884766 30.979999542236328 AB 6.667230310203006 1.0563622451403005
61225.4226 lsst_hardware_r 55.76331385065102 79.81999969482422 31.639999389648438 AB 6.19147194567544 1.07790249750617
61231.3177 lsst_hardware_r 0.4472518284135804 22.549999237060547 31.5 AB 8.080721951083966 1.020658310138387
61231.3301 lsst_hardware_u 1.9236046819786181 2.7300000190734863 28.469999313354492 AB 8.059505269166937 1.0154773543679467
61233.3206 lsst_hardware_g 17.91496687877669 13.819999694824219 31.43000030517578 AB 7.851056512138254 1.016701863116195
61233.3332 lsst_hardware_i -59.493424968468034 30.049999237060547 31.25 AB 7.783429335559414 1.014347871706266
61235.3169 lsst_hardware_z -33.84091654512242 40.66999816894531 30.950000762939453 AB 6.18305021272161 1.0161134285491553
61235.3302 lsst_hardware_r -4.969898079895887 22.43000030517578 31.5 AB 6.1616610155978515 1.0143904211380586
61238.3441 lsst_hardware_g 15.184176852039025 13.779999732971191 31.40999984741211 AB 0.8713907428358303 1.0221592291329387
61238.356 lsst_hardware_r -14.267373614873726 22.549999237060547 31.489999771118164 AB 0.9134719165289567 1.0319773110852457
61242.3457 lsst_hardware_i 30.11234305288362 30.329999923706055 31.25 AB 4.354823688074402 1.0326012538903446
61242.3574 lsst_hardware_z -20.818800504310946 41.13999938964844 30.950000762939453 AB 4.383496916374848 1.0465136677641689
61244.3402 lsst_hardware_r -3.4657170575155973 22.559999465942383 31.489999771118164 AB 4.591024387969745 1.0325610093830104
61244.3519 lsst_hardware_u 0.4115899688318369 2.6700000762939453 28.420000076293945 AB 4.6340711403900485 1.0464594219924837
61246.334 lsst_hardware_z -67.70164425634567 46.04999923706055 30.959999084472656 AB 5.693837627418297 1.0318194404780847
61246.3455 lsst_hardware_i -34.41811832577779 39.59000015258789 31.280000686645508 AB 5.755249059307774 1.0451895320867062
61248.3358 lsst_hardware_z -181.90999703618704 61.5099983215332 30.979999542236328 AB 2.6083319346267717 1.0397974624781967
61248.3476 lsst_hardware_r -113.70111761539633 81.70999908447266 31.639999389648438 AB 2.6799113304599427 1.0561920640278282
61256.2415 lsst_hardware_z 25.955172546317925 46.56999969482422 30.959999084472656 AB 1.5500253835681896 1.0262237022244565
61256.2525 lsst_hardware_r -46.97032461742298 45.4900016784668 31.6200008392334 AB 0.9211672353915591 1.0189903046366804
61258.2386 lsst_hardware_u -0.20356507637727808 3.130000114440918 28.540000915527344 AB 2.349342166156482 1.0242363667167225
61258.2504 lsst_hardware_g -5.055531030347974 19.09000015258789 31.540000915527344 AB 1.271306053926933 1.0174518238710948
61260.2324 lsst_hardware_r 55.15309803846321 22.81999969482422 31.5 AB 3.1768532266216347 1.0247913634263337
61260.2434 lsst_hardware_z -49.65708824968883 40.869998931884766 30.950000762939453 AB 3.1561663098482144 1.018118164467166
61261.2299 lsst_hardware_r -45.14295527300068 22.90999984741211 31.5 AB 3.452703082216114 1.0246169841133954
61261.2416 lsst_hardware_u 3.3982930041100508 2.680000066757202 28.43000030517578 AB 3.435272721524005 1.0177078126274641
61263.2318 lsst_hardware_g 9.361104725692895 14.15999984741211 31.440000534057617 AB 6.591137742806662 1.019826356615606
61263.2445 lsst_hardware_r -23.792578548206887 22.829999923706055 31.510000228881836 AB 6.587208308033014 1.0150824390846025
61266.3085 lsst_hardware_z 57.50271528493647 41.88999938964844 30.950000762939453 AB 3.6258303995889016 1.073683861293657
61266.3207 lsst_hardware_r 11.93989000472259 23.309999465942383 31.489999771118164 AB 3.7066044063726977 1.0996650730931659
61268.3017 lsst_hardware_r 30.717346538794065 23.309999465942383 31.5 AB 5.168499528994181 1.0711546120674615
61268.3124 lsst_hardware_u 1.5389687786233346 2.740000009536743 28.440000534057617 AB 5.25950821315006 1.0931308962675705
61274.262 lsst_hardware_z 35.10329833034511 45.41999816894531 30.959999084472656 AB 1.8187470684837976 1.0365199858380305
61274.2733 lsst_hardware_r -33.544737613214735 36.279998779296875 31.59000015258789 AB 1.8831300176915844 1.0511470933249145
61276.2897 lsst_hardware_z -15.586501869405934 56.7400016784668 30.979999542236328 AB 3.063591314227385 1.0912168527969317
61276.2995 lsst_hardware_r 165.7866512470712 68.19999694824219 31.6299991607666 AB 3.4810323890654207 1.1147627206656983
61281.2819 lsst_hardware_r 65.68045270201547 115.2300033569336 31.649999618530273 AB 6.655485367108283 1.104828248191946
61281.2926 lsst_hardware_z 4.675422496516448 77.88999938964844 30.989999771118164 AB 7.9117810397808235 1.1332223976768905
