data/validation/pwv_sim_epoch_fit_4/49061357.ecsv
# %ECSV 0.9
# ---
# datatype:
# - {name: time, datatype: float64}
# - {name: band, datatype: string}
# - {name: flux, datatype: float64}
# - {name: fluxerr, datatype: float64}
# - {name: zp, datatype: float64}
# - {name: zpsys, datatype: string}
# - {name: pwv, datatype: float64}
# - {name: airmass, datatype: float64}
# meta: {SNID: '49061357', alt: 1024.0, c: -0.1411830633878708, dec: -44.597992, lat: -30.244573, lon: -70.7499537, ra: 351.632233, t0: 61578.9765625,
#   x0: 3.060400333757279e-06, x1: 0.8220452666282654, z: 0.7485308051109314}
# schema: astropy-2.0
time band flux fluxerr zp zpsys pwv airmass
61572.4173 lsst_hardware_z 1245.2451590572014 67.39917367257003 31.700000762939453 AB 7.258640475867498 1.038060847460493
61576.4194 lsst_hardware_i 1299.8144690026306 77.5469214068934 31.34000015258789 AB 3.729921555188988 1.0326471636736143
61576.433 lsst_hardware_y 309.9838589672301 58.25853187530364 30.059999465942383 AB 3.727500497979275 1.0317388470672275
61578.4305 lsst_hardware_i 1148.129395344098 72.5902179408938 31.329999923706055 AB 1.66611006496488 1.0321796995136727
61578.4435 lsst_hardware_y 212.30928291234147 74.99884910490312 30.06999969482422 AB 1.6841716614584208 1.0368386998512749
61580.4166 lsst_hardware_z 647.3780841715225 59.725017658522596 30.969999313354492 AB 4.014520272993806 1.0315242018741313
61580.4311 lsst_hardware_y 280.0405861300228 54.364627451160366 30.059999465942383 AB 4.0418038371946885 1.0337975540612763
61582.431 lsst_hardware_i 1195.9961070382835 53.22051503894209 31.299999237060547 AB 6.03420554362723 1.0360336880261942
61582.4433 lsst_hardware_y 215.87108081134855 70.1271780127266 30.06999969482422 AB 6.063767995833687 1.0440671499699292
61587.4295 lsst_hardware_g 163.7329854623473 18.556272605123294 31.420000076293945 AB 9.804721848211754 1.043943978727827
61587.4403 lsst_hardware_r 682.0894301952947 37.495601835358094 31.520000457763672 AB 9.913613028982965 1.05437795890912
61589.4306 lsst_hardware_i 968.2965409878343 43.13786854581342 31.25 AB 7.34923727808045 1.0498910397257786
61589.4424 lsst_hardware_z 680.2619911776906 59.576218859409536 30.969999313354492 AB 7.445639618095251 1.0636628025850359
61591.42 lsst_hardware_i 883.0677367889709 41.75666804568181 31.239999771118164 AB 5.535005735967302 1.0451294818669377
61591.4322 lsst_hardware_u -0.14696677561568489 3.678490596318506 28.6200008392334 AB 5.596533794514972 1.0576459972625547
61593.4147 lsst_hardware_g 66.38540110706822 16.22452325388798 31.40999984741211 AB 1.4816651261246623 1.0452664029100818
61593.4263 lsst_hardware_r 547.999885739631 32.03780475688005 31.489999771118164 AB 1.746010880487705 1.0571206138169758
61596.1779 lsst_hardware_g 88.69950471723045 17.488541553653366 31.200000762939453 AB 16.366959162024283 1.801701769968721
61598.318 lsst_hardware_i 643.3616353146033 39.21142220028717 31.239999771118164 AB 8.137863538882549 1.0658047745330848
61598.3304 lsst_hardware_z 389.88171282173676 45.67861037537954 30.940000534057617 AB 8.07509271952171 1.0508742287632988
61600.329 lsst_hardware_r 406.99136447164204 42.427445975330095 31.600000381469727 AB 6.330071794184338 1.0469417894040667
61600.3409 lsst_hardware_g 76.7987182702516 29.788312669422687 31.649999618530273 AB 5.916790789502736 1.0380334718425852
61607.1685 lsst_hardware_i 379.6159587872216 89.84872121232034 31.229999542236328 AB 9.921662395915567 1.5902223687857193
61607.1795 lsst_hardware_z 322.5764538039753 79.02735385691474 30.93000030517578 AB 9.28161739660346 1.5006657068073501
61608.402 lsst_hardware_z 193.44063758686104 62.28580398012937 30.979999542236328 AB 5.806178311592247 1.0810237035174544
61608.4141 lsst_hardware_r 58.020652753598924 78.7435501325474 31.639999389648438 AB 5.8743713915265126 1.1038939005029622
61611.3971 lsst_hardware_i 317.3609661796948 44.54083188522202 31.290000915527344 AB 6.717835231359649 1.0867645767790421
61611.4092 lsst_hardware_r 102.09930674677572 44.71573318368216 31.600000381469727 AB 6.942469967474417 1.1109729504679817
61612.3946 lsst_hardware_z 367.14080915815185 46.76929110305043 30.950000762939453 AB 7.324416764220516 1.0871791844968295
61612.4064 lsst_hardware_g 43.42411475532016 31.143691130424354 31.6299991607666 AB 7.403606113467452 1.1108186216755367
61617.3473 lsst_hardware_r 126.31434026327484 24.55158398919268 31.489999771118164 AB 4.112526111145902 1.043700053585797
61617.3595 lsst_hardware_g 40.260961983332464 14.738605473433122 31.399999618530273 AB 4.166203118743965 1.0556257902222885
61622.3459 lsst_hardware_z 166.89842321183735 43.1008677196431 30.950000762939453 AB 2.104769962102492 1.0556839935313043
61622.359 lsst_hardware_i 123.90952177392782 33.097487392256916 31.239999771118164 AB 2.1559875770283496 1.0732981092863247
61624.3347 lsst_hardware_u -2.2143151858303587 2.7305653392105054 28.420000076293945 AB 4.504995804129695 1.0495447241119116
61624.3469 lsst_hardware_g 27.796684422767118 14.372342526645124 31.40999984741211 AB 4.5627001719110165 1.0637317777224937
61626.3376 lsst_hardware_r 55.25177239729532 23.971625014067993 31.5 AB 5.226245434407475 1.0588017492721788
61626.3489 lsst_hardware_i 191.59372921152104 32.813277380256096 31.25 AB 5.324157863299858 1.074574380375375
61629.3797 lsst_hardware_r 37.87151046943182 24.219246638888958 31.479999542236328 AB 3.3972185860096156 1.1616408227080237
61629.3912 lsst_hardware_i 132.7042615845937 33.68516660236711 31.229999542236328 AB 3.6392532143183667 1.198732908012967
61631.3173 lsst_hardware_r 43.51406558074438 70.41867282473576 31.649999618530273 AB 3.5291388214623054 1.0512775756515655
61631.329 lsst_hardware_i 117.11526820518827 59.8215418520318 31.31999969482422 AB 3.584108791712874 1.0653778920127444
61649.3113 lsst_hardware_z 21.921082648520553 42.93196634014092 30.940000534057617 AB 1.7677311514063947 1.1245109105638642
61649.3234 lsst_hardware_i 30.327961308935592 32.48750048065313 31.239999771118164 AB 1.7734533313653047 1.1566628608285046
61651.2993 lsst_hardware_r 47.605211083522626 23.69719076654308 31.489999771118164 AB 1.7215926230279979 1.109452310635088
61651.3114 lsst_hardware_u -1.548930373489329 2.685409587791013 28.34000015258789 AB 1.728350126466293 1.1385705707946594
61653.2431 lsst_hardware_r 47.07029294583496 23.37013049868452 31.489999771118164 AB 1.8643465809344077 1.0394052672000043
61653.2562 lsst_hardware_u 0.20497164571819002 2.67299125484225 28.3799991607666 AB 2.4583973411039195 1.0502231432270215
61655.2781 lsst_hardware_r 51.57065333789407 23.666575496394135 31.489999771118164 AB 2.1736419264157316 1.088817127942427
61655.2892 lsst_hardware_i 23.325755631905636 32.207347795459924 31.239999771118164 AB 2.2232594829258043 1.1112593216890059
61672.2187 lsst_hardware_z -16.84236871988589 41.25 30.940000534057617 AB 4.076779423130684 1.0676855756779333
61672.231 lsst_hardware_r 8.803191240553826 22.489999771118164 31.479999542236328 AB 4.188606029904722 1.0875729695095047
61682.1858 lsst_hardware_z 14.790084004507575 41.16999816894531 30.950000762939453 AB 2.341397471196122 1.0601754454136842
61682.1979 lsst_hardware_u -2.609961240958551 2.619999885559082 28.389999389648438 AB 2.407746100855745 1.0776127558656177
61684.1808 lsst_hardware_g 21.830250589996577 15.619999885559082 31.450000762939453 AB 5.010498057067765 1.0607596183060068
61684.1924 lsst_hardware_r -10.834399313508019 23.729999542236328 31.489999771118164 AB 5.1296750972283265 1.0775496475639799
61686.1802 lsst_hardware_i -36.949674310741024 38.43000030517578 31.280000686645508 AB 4.391047824741532 1.0672994510210987
61686.1914 lsst_hardware_z -2.1287270452334677 45.40999984741211 30.950000762939453 AB 4.2572755270344365 1.085116956763524
61689.1725 lsst_hardware_z -51.67918313808986 57.310001373291016 30.969999313354492 AB 4.163778563387589 1.068000657503713
61689.1844 lsst_hardware_r 64.79558586765312 70.79000091552734 31.6299991607666 AB 4.228664952137494 1.0872467309232503
61694.1828 lsst_hardware_z 67.38494556754802 87.72000122070312 31.729999542236328 AB 8.418275692262357 1.1114580236018472
61698.1636 lsst_hardware_i 66.29981336060972 37.61000061035156 31.270000457763672 AB 3.7115081808163075 1.0943021663340464
61698.1738 lsst_hardware_z -61.01444384632869 45.5 30.950000762939453 AB 2.493411754365826 1.1157868829202682
61700.1662 lsst_hardware_i 26.41182356839227 30.68000030517578 31.239999771118164 AB 4.1570076962769225 1.1109795406633054
61700.1769 lsst_hardware_u -3.754858758900165 2.6700000762939453 28.40999984741211 AB 3.2578387798740795 1.1367197417564827
61705.155 lsst_hardware_i 43.44388550483003 30.6200008392334 31.239999771118164 AB 4.2390069163057404 1.1165075284387376
61705.1653 lsst_hardware_r 19.75024797272956 22.469999313354492 31.479999542236328 AB 4.047994027519388 1.1421567912116777
61709.1464 lsst_hardware_g -11.119717791170318 13.479999542236328 31.3799991607666 AB 4.074897501794183 1.1219431447671209
61709.1567 lsst_hardware_r 2.20212047860294 22.610000610351562 31.469999313354492 AB 4.188616082193916 1.1485100307633442
61711.1515 lsst_hardware_i 15.887317022147553 30.940000534057617 31.219999313354492 AB 4.482030078209188 1.1492384815920995
61711.1626 lsst_hardware_z -1.2050104882080472 42.84000015258789 30.93000030517578 AB 4.613059552435275 1.1828357826757117
61720.0493 lsst_hardware_i 48.56030839702721 56.650001525878906 31.31999969482422 AB 3.585639799901768 1.0339712019710623
61720.0613 lsst_hardware_z 16.42586771892241 54.63999938964844 30.979999542236328 AB 3.6212050541607 1.0401776294984777
61724.048 lsst_hardware_g 75.83908093689931 59.41999816894531 31.729999542236328 AB 5.572841272422056 1.0386434204496693
61724.0593 lsst_hardware_r -65.9287612233738 63.7599983215332 31.649999618530273 AB 5.560699367230044 1.0473113037443629
61726.0484 lsst_hardware_i 26.377427015695023 30.290000915527344 31.25 AB 3.857745633546815 1.0427044080134567
61726.0606 lsst_hardware_z -46.27034939000151 41.209999084472656 30.940000534057617 AB 3.8860067987953855 1.0541897046579547
61947.4082 lsst_hardware_r -23.12647946889721 22.0 31.489999771118164 AB 5.571647943591625 1.0317866562206712
61947.4226 lsst_hardware_y 0.3721800029962431 46.7599983215332 30.049999237060547 AB 6.027971955296081 1.03265851221381
61950.2061 lsst_hardware_z 144.2631710379994 87.31999969482422 32.04999923706055 AB 11.277172227505629 1.8324698605268308
61950.2295 lsst_hardware_r 28.95448284938633 34.06999969482422 32.130001068115234 AB 4.434025419938554 1.5881179870838915
61954.3836 lsst_hardware_i -20.1550310067295 29.950000762939453 31.25 AB 6.710089056443526 1.0328775581380014
61954.3952 lsst_hardware_z 4.35161097487931 40.709999084472656 30.950000762939453 AB 6.688389600981504 1.031495633103432
61955.1749 lsst_hardware_r 35.4184196592353 63.11000061035156 31.3700008392334 AB 16.02168694267474 2.083828222712199
61955.192 lsst_hardware_z -37.05696200160322 59.880001068115234 30.8700008392334 AB 14.11083040765374 1.8380657037454395
61958.4373 lsst_hardware_y 49.92155523100713 57.189998626708984 30.049999237060547 AB 1.8267639124566777 1.07089237662352
61960.3708 lsst_hardware_i 175.28224857172472 76.08999633789062 31.34000015258789 AB 2.3331787597216933 1.032075535117423
61960.3834 lsst_hardware_z 56.28941272728868 66.69999694824219 30.989999771118164 AB 2.2392559063692206 1.0319151642252504
61962.3473 lsst_hardware_z 81.48787255616715 60.75 30.979999542236328 AB 9.750814215675636 1.0395509034285224
61962.358 lsst_hardware_r -64.71340234610122 79.2699966430664 31.65999984741211 AB 9.713714876562928 1.0340798108527554
61976.4057 lsst_hardware_g -9.42750473814018 13.600000381469727 31.3799991607666 AB 6.812477336542083 1.1019859813235335
61976.4174 lsst_hardware_r 5.542705177134983 22.75 31.469999313354492 AB 6.962888411645633 1.1285527633445898
61979.3466 lsst_hardware_i 20.03845388367346 30.040000915527344 31.239999771118164 AB 3.2223398292640706 1.037178208013756
61979.3592 lsst_hardware_z -32.19352379231545 40.9900016784668 30.940000534057617 AB 3.2692999008560513 1.0462317673015258
61981.3449 lsst_hardware_r 33.51341063953241 22.299999237060547 31.479999542236328 AB 4.977743448550735 1.0394299577602593
61981.3558 lsst_hardware_u 1.2443780596640617 2.619999885559082 28.399999618530273 AB 5.026899820731696 1.0481260377179358
61990.3403 lsst_hardware_z -14.610971074300824 69.19000244140625 30.989999771118164 AB 2.5881297577322537 1.0578907654740461
61990.3515 lsst_hardware_r -111.87247228484554 98.87999725341797 31.649999618530273 AB 2.681548137295464 1.0732632128458932
61992.3362 lsst_hardware_z 23.468586214397586 55.65999984741211 30.979999542236328 AB 5.423971626815351 1.0595591580814308
61992.3474 lsst_hardware_r -32.26030098646697 68.76000213623047 31.639999389648438 AB 5.495689144294009 1.0753896409543924
61994.2437 lsst_hardware_z 22.65594772240183 66.19999694824219 31.709999084472656 AB 2.8667548140963146 1.0537925492159832
61995.2795 lsst_hardware_r 26.825937311909847 37.20000076293945 31.610000610351562 AB 3.507302779539772 1.0315596410411094
61995.2916 lsst_hardware_z 1.2026112093609052 44.15999984741211 30.959999084472656 AB 3.5110728878948017 1.0326684964396475
61997.3362 lsst_hardware_g 20.146205264433547 21.239999771118164 31.56999969482422 AB 6.003258938667344 1.0793669243356225
61997.3475 lsst_hardware_r 6.102396103112861 27.209999084472656 31.530000686645508 AB 6.159713565502534 1.1002108059363898
62009.106 lsst_hardware_g 61.98593946069445 21.469999313354492 31.479999542236328 AB 1.9122505304766195 1.3311872819189834
62009.1147 lsst_hardware_r 4.545246486192538 27.940000534057617 31.5 AB 1.812847522726179 1.2879911351518147
62011.3042 lsst_hardware_g 13.064986417894545 13.880000114440918 31.40999984741211 AB 7.605575896953099 1.090326986875937
62011.315 lsst_hardware_r -2.1789936424750698 22.90999984741211 31.489999771118164 AB 7.785793509261346 1.1124151320562004
62020.2704 lsst_hardware_z 24.828526252697444 60.369998931884766 30.979999542236328 AB 2.111074857349496 1.0745206264079554
62020.2819 lsst_hardware_i -17.85424546036701 65.73999786376953 31.31999969482422 AB 2.1060983101447426 1.0946456913434213
62027.0326 lsst_hardware_g -18.709763136197907 13.850000381469727 31.290000915527344 AB 2.074377676094163 1.4816983400672594
62030.2334 lsst_hardware_r -2.3630056534728516 22.6299991607666 31.5 AB 1.8642879929031677 1.0607613046389464
62030.2447 lsst_hardware_u 0.2457460958893495 2.7200000286102295 28.459999084472656 AB 1.9326311176554678 1.0770747451171716
62033.2284 lsst_hardware_r 22.476047031312273 22.469999313354492 31.489999771118164 AB 6.2249751246701095 1.0649782084349457
62033.241 lsst_hardware_z -100.73973236384136 41.70000076293945 30.950000762939453 AB 6.315233854645289 1.0846568708957387
62035.2265 lsst_hardware_r -32.41616692849274 22.510000228881836 31.5 AB 2.191181123762158 1.070043278604399
62035.2386 lsst_hardware_u 6.9645194293959145 2.740000009536743 28.469999313354492 AB 2.3779911276525176 1.0901965055135825
62037.2236 lsst_hardware_g -6.119846471765545 13.670000076293945 31.40999984741211 AB 4.176493480073822 1.073924782739476
62037.2351 lsst_hardware_r -10.52408335271096 22.690000534057617 31.489999771118164 AB 4.18456051531618 1.0939074194796568
62041.243 lsst_hardware_r 58.75821634895128 41.130001068115234 31.59000015258789 AB 4.277914593821952 1.1363580548060526
62041.2551 lsst_hardware_z 45.65815888564465 47.560001373291016 30.940000534057617 AB 4.0139508804135415 1.170816980188685
62043.1807 lsst_hardware_i 1.9636290069330948 58.459999084472656 31.31999969482422 AB 4.395210473776996 1.0430845203172998
62044.2343 lsst_hardware_z -89.5478180832841 61.7599983215332 30.969999313354492 AB 4.784285236246133 1.1350393000326922
62044.2459 lsst_hardware_r 28.510229286035262 80.4000015258789 31.6200008392334 AB 4.929196861030571 1.1677102424709962
62048.1938 lsst_hardware_z -102.27968136606363 91.06999969482422 31.729999542236328 AB 6.649874802927446 1.074293183025256
62050.1868 lsst_hardware_r 11.962040324779549 67.13999938964844 31.649999618530273 AB 4.844658814963653 1.07192598468831
62050.1983 lsst_hardware_i -99.09215182266874 55.060001373291016 31.309999465942383 AB 4.9973761589978345 1.0914280445531717
62052.1329 lsst_hardware_z 16.537396371220023 44.84000015258789 30.969999313354492 AB 3.628815127421213 1.0320372927206065
62052.1451 lsst_hardware_r -60.61745749187141 38.63999938964844 31.610000610351562 AB 3.646219538244751 1.0360540457221
62054.222 lsst_hardware_g 25.040697941907887 26.34000015258789 31.579999923706055 AB 4.242164020811141 1.1783788946697613
62054.2331 lsst_hardware_i 29.173912520468114 37.63999938964844 31.25 AB 4.380702224163643 1.216861728934345
62057.1599 lsst_hardware_i 39.07386231921637 30.3700008392334 31.25 AB 8.85093553755825 1.0610512132936962
62057.1715 lsst_hardware_r -19.180615049999954 22.440000534057617 31.489999771118164 AB 8.71074522041505 1.077929120209923
62059.1777 lsst_hardware_g -3.133175387225965 13.4399995803833 31.389999389648438 AB 8.343539902676472 1.0991720057539074
62059.1885 lsst_hardware_r -40.755234470184156 22.530000686645508 31.479999542236328 AB 8.521363466871822 1.1229805355099154
62064.1606 lsst_hardware_r -7.900241512779012 22.540000915527344 31.489999771118164 AB 2.944093128012118 1.0924278768135696
62064.1717 lsst_hardware_i 7.8312223024401675 31.09000015258789 31.25 AB 2.7897758554629264 1.1156128454265748
62065.1584 lsst_hardware_z -32.061310365369394 41.959999084472656 30.940000534057617 AB 4.0853663675534895 1.0934403124934062
62065.1687 lsst_hardware_r 3.682612501258298 22.56999969482422 31.469999313354492 AB 3.096909708202809 1.1149989948524965
62067.1607 lsst_hardware_u -2.15394628111366 2.740000009536743 28.43000030517578 AB 3.1704968132588176 1.1093410823158913
62067.1718 lsst_hardware_g -3.4686149418519387 13.850000381469727 31.389999389648438 AB 2.6168470762299747 1.135825402928999
62075.1463 lsst_hardware_i 11.922068057462234 66.0999984741211 31.31999969482422 AB 5.193618511045482 1.1265983754979356
62075.1585 lsst_hardware_r -50.645042617839025 83.19000244140625 31.6299991607666 AB 5.346837644844737 1.1594573663330234
62077.1434 lsst_hardware_z 78.2925327906543 86.44000244140625 31.729999542236328 AB 4.443576476244422 1.133011446676435
62079.1448 lsst_hardware_r 4.050485276906357 70.91000366210938 31.6200008392334 AB 4.140427883499846 1.1514515550868631
62079.1568 lsst_hardware_i 41.7105410623264 57.869998931884766 31.290000915527344 AB 4.3035881891328 1.188426148190104
62081.0907 lsst_hardware_r -1.642193818900219 22.350000381469727 31.479999542236328 AB 4.829883707295151 1.0565590726181604
62081.1024 lsst_hardware_i -23.38278154968666 30.540000915527344 31.239999771118164 AB 4.909565260431047 1.0723086732403728
62083.0476 lsst_hardware_z 19.91482483340591 40.83000183105469 30.959999084472656 AB 6.59065545441869 1.031939789313824
62083.0585 lsst_hardware_i -1.6840251021411845 30.219999313354492 31.260000228881836 AB 6.537003851739693 1.0351550042341444
62086.0519 lsst_hardware_u -4.297628464822329 2.5999999046325684 28.3799991607666 AB 4.735730070551692 1.0358870004852407
62086.0631 lsst_hardware_g 9.122882697048128 13.390000343322754 31.389999389648438 AB 4.668499392706413 1.0429487612859902
62090.0136 lsst_hardware_z -205.57408665939866 89.2699966430664 31.739999771118164 AB 6.804163247442544 1.0325635026153719
62091.0506 lsst_hardware_g -5.111474353319916 13.779999732971191 31.420000076293945 AB 3.8385707735910475 1.0438699499873676
62091.0632 lsst_hardware_r -6.80599137203846 22.549999237060547 31.489999771118164 AB 3.9929441555103806 1.056334432674704
