data/validation/pwv_sim_epoch_fit_4/49178487.ecsv
# %ECSV 0.9
# ---
# datatype:
# - {name: time, datatype: float64}
# - {name: band, datatype: string}
# - {name: flux, datatype: float64}
# - {name: fluxerr, datatype: float64}
# - {name: zp, datatype: float64}
# - {name: zpsys, datatype: string}
# - {name: pwv, datatype: float64}
# - {name: airmass, datatype: float64}
# meta: {SNID: '49178487', alt: 1024.0, c: 0.12509088218212128, dec: -48.532253, lat: -30.244573, lon: -70.7499537, ra: 165.202698, t0: 60033.94140625,
#   x0: 5.078726593842595e-05, x1: -2.481468677520752, z: 0.22884626686573029}
# schema: astropy-2.0
time band flux fluxerr zp zpsys pwv airmass
[from data line 132]
60375.2045 lsst_hardware_r 8.582379236109283 21.760000228881836 31.469999313354492 AB 9.934734488027614 1.054306960418934
60386.2028 lsst_hardware_g 4.712223990892242 13.220000267028809 31.389999389648438 AB 7.315415660250049 1.0681258112452394
60386.2158 lsst_hardware_r -7.48333378701345 22.1200008392334 31.469999313354492 AB 6.381058617075483 1.081535358826353
60388.1809 lsst_hardware_i -26.336300893694812 36.97999954223633 31.270000457763672 AB 5.489409989847432 1.0576048788339218
60388.1939 lsst_hardware_z 21.707231355053334 43.869998931884766 30.940000534057617 AB 5.502490252664657 1.0653417720550862
60390.1479 lsst_hardware_i 1.2058885951003757 47.810001373291016 31.309999465942383 AB 5.2589821941766655 1.0554200476656517
60390.1628 lsst_hardware_z -47.988707507477784 49.560001373291016 30.969999313354492 AB 5.243467110139816 1.054228119656158
60393.1497 lsst_hardware_i -69.40849053015341 75.36000061035156 31.329999923706055 AB 9.044413501000443 1.0540046033096893
60393.1621 lsst_hardware_z 3.689193380240779 66.75 30.989999771118164 AB 8.997571005316573 1.0557431511078215
60398.1402 lsst_hardware_z 16.011759960930117 74.76000213623047 31.719999313354492 AB 6.680195594408423 1.054157423766535
60402.1266 lsst_hardware_z -42.62376780906313 40.83000183105469 30.940000534057617 AB 6.617618537807222 1.0540126682817905
60402.1386 lsst_hardware_r -2.6842653200513777 21.940000534057617 31.479999542236328 AB 6.6467085781105775 1.0560808068497312
60404.1217 lsst_hardware_u 1.5348513294575792 2.5999999046325684 28.399999618530273 AB 7.3789088322872205 1.0540294494268003
60404.1352 lsst_hardware_g 20.77910594597612 13.199999809265137 31.389999389648438 AB 7.416470771111881 1.0568034917394167
60414.1152 lsst_hardware_r 6.012389130385818 22.200000762939453 31.5 AB 11.016678517351858 1.0602390123284462
60414.1263 lsst_hardware_z -34.3517123839358 41.27000045776367 30.950000762939453 AB 11.299777124803626 1.0680991673832907
60416.1143 lsst_hardware_r 19.594085792454866 30.709999084472656 31.579999923706055 AB 15.128508377305009 1.0630795838125047
60416.1268 lsst_hardware_y -24.556043646262687 48.040000915527344 30.040000915527344 AB 15.716725909564277 1.0736690818329233
60419.1018 lsst_hardware_z 48.72392651153209 70.2699966430664 31.709999084472656 AB 7.243307868558734 1.0603842188935724
60421.0938 lsst_hardware_r 74.19456843514037 76.8499984741211 31.649999618530273 AB 9.607434588943375 1.0590205675643052
60421.105 lsst_hardware_i -1.3133059677713934 62.189998626708984 31.31999969482422 AB 9.599523076994736 1.0662977351519627
60427.0844 lsst_hardware_z 19.80316501297083 51.630001068115234 30.959999084472656 AB 2.456645734616565 1.0631761690492925
60431.0873 lsst_hardware_r 14.874187844370537 22.170000076293945 31.5 AB 9.562860164700108 1.0751833783978384
60431.0986 lsst_hardware_u -3.22490139502635 2.7799999713897705 28.530000686645508 AB 9.784937945064042 1.0888788922035064
60434.0868 lsst_hardware_g -6.3839825715550695 13.270000457763672 31.40999984741211 AB 10.047402913553567 1.084115623596335
60437.0266 lsst_hardware_g 8.297976626769401 12.9399995803833 31.3700008392334 AB 10.315827476121743 1.0541772806610086
60437.039 lsst_hardware_r -15.224054932035838 21.760000228881836 31.469999313354492 AB 10.303233160486863 1.054992558713265
60442.0003 lsst_hardware_i 69.04381983174939 42.27000045776367 31.989999771118164 AB 7.479359794000867 1.057340136985448
60442.0106 lsst_hardware_z 59.34867398028152 40.79999923706055 30.940000534057617 AB 7.461621724476993 1.0544598798059697
60444.0192 lsst_hardware_i 6.429417947072086 31.34000015258789 31.25 AB 6.196704878712325 1.0548480515298875
60444.0326 lsst_hardware_z -100.45401455484844 41.650001525878906 30.940000534057617 AB 6.232738936890648 1.0598694485133173
60446.0131 lsst_hardware_g 39.25348245689586 32.060001373291016 31.649999618530273 AB 9.468509600867044 1.0547227269895618
60446.025 lsst_hardware_r 27.877584806816003 34.95000076293945 31.579999923706055 AB 9.74060094030656 1.0587609717724522
60455.0039 lsst_hardware_g 25.642155765467653 136.22999572753906 32.91999816894531 AB 6.016211537548393 1.060623765213914
60455.0191 lsst_hardware_r 147.22804967461738 104.27999877929688 32.400001525878906 AB 6.105062116451476 1.0724746800968679
60457.0054 lsst_hardware_i -34.830171299640845 30.059999465942383 31.25 AB 7.509796755300289 1.0652949507482976
60457.0144 lsst_hardware_u 1.80784805284694 2.640000104904175 28.420000076293945 AB 7.601692288904893 1.0732305928144468
60460.9898 lsst_hardware_i -47.25725684815456 30.06999969482422 31.239999771118164 AB 7.284380125727287 1.0620178051796758
60461.0027 lsst_hardware_r 12.243307982724655 21.8799991607666 31.479999542236328 AB 7.292726805003586 1.0724598242652332
60462.9886 lsst_hardware_u -1.1293390821296212 2.5299999713897705 28.34000015258789 AB 9.793383778596478 1.0649805649583846
60463.0007 lsst_hardware_g -2.486231576193361 13.020000457763672 31.3799991607666 AB 9.648317979574319 1.076020592517582
