data/validation/pwv_sim_epoch_fit_4/49191948.ecsv
# %ECSV 0.9
# ---
# datatype:
# - {name: time, datatype: float64}
# - {name: band, datatype: string}
# - {name: flux, datatype: float64}
# - {name: fluxerr, datatype: float64}
# - {name: zp, datatype: float64}
# - {name: zpsys, datatype: string}
# - {name: pwv, datatype: float64}
# - {name: airmass, datatype: float64}
# meta: {SNID: '49191948', alt: 1024.0, c: -0.07123409956693649, dec: -36.981888, lat: -30.244573, lon: -70.7499537, ra: 345.234375, t0: 61249.046875,
#   x0: 3.2775977976970985e-06, x1: 0.9694395661354065, z: 0.7285566329956055}
# schema: astropy-2.0
time band flux fluxerr zp zpsys pwv airmass
61182.3623 lsst_hardware_u 3.2377413263356276 2.569999933242798 28.239999771118164 AB 5.418809018852333 1.2773180684023726
61182.3834 lsst_hardware_g 3.2594836853639957 14.399999618530273 31.389999389648438 AB 4.872759171970846 1.1841456067973488
61185.3594 lsst_hardware_r -14.907913169178878 23.989999771118164 31.469999313354492 AB 9.167767191401248 1.2512876057417095
61185.3786 lsst_hardware_z -49.42537765356438 43.220001220703125 30.940000534057617 AB 9.145250440295897 1.1716168305456587
61194.3263 lsst_hardware_z -21.682552289555364 61.810001373291016 30.940000534057617 AB 12.156839617710846 1.2942446095721116
61194.3405 lsst_hardware_r 108.05415296611329 80.13999938964844 31.600000381469727 AB 12.982416129605106 1.2254595290950094
61198.3603 lsst_hardware_z -18.845967520702565 52.33000183105469 30.950000762939453 AB 2.5817358817018774 1.1168690500889604
61198.3791 lsst_hardware_i 8.898087112300903 49.0 31.299999237060547 AB 1.1875674669749592 1.0716505943524972
61220.1673 lsst_hardware_r -169.32338182649198 105.463917548889 31.3700008392334 AB 13.300988895032061 2.2966397125152485
61220.2369 lsst_hardware_z -32.22940317287954 97.87423354454732 31.690000534057617 AB 3.8245774279490328 1.4067842427473145
61220.2906 lsst_hardware_r 286.15819417367726 92.30900993095997 31.6299991607666 AB 2.9599736447801064 1.1458332119539751
61222.2645 lsst_hardware_r -64.83883658766415 104.03641120796996 31.610000610351562 AB 9.917172844129444 1.2235367055596453
61222.2852 lsst_hardware_i -118.24494223792557 84.82596326565891 31.31999969482422 AB 9.353381469727944 1.1456393422277318
61225.2688 lsst_hardware_z 11.347373776030407 67.19836440360032 30.969999313354492 AB 8.130801423291429 1.173783950236961
61225.3564 lsst_hardware_r 291.8474335855425 116.41386852806566 32.400001525878906 AB 7.229337111635805 1.0101071834059347
61225.437 lsst_hardware_z 42.50902759586751 65.38138507224896 30.989999771118164 AB 6.1209176978131765 1.0678502613072534
61237.2674 lsst_hardware_i 837.4427318745867 42.6351600894215 31.239999771118164 AB 3.540596477512207 1.0828340018387361
61237.2882 lsst_hardware_r 853.2622326900745 37.00076767845283 31.489999771118164 AB 3.4037864332964163 1.0441062678823363
61244.3407 lsst_hardware_r 1017.6166485592383 38.862675127022435 31.489999771118164 AB 4.527485566482856 1.0124827953372022
61244.3524 lsst_hardware_u 0.4440681390790391 3.015721027381725 28.440000534057617 AB 4.548020654894989 1.0211665798248641
61246.271 lsst_hardware_z 1326.089176382882 77.40443346671609 31.709999084472656 AB 6.155776533840592 1.0338892398119905
61248.1669 lsst_hardware_z 766.2921119741565 69.41035189824872 30.940000534057617 AB 4.433055609023753 1.364017110468847
61248.1856 lsst_hardware_r 978.2530959371232 90.47858557492566 31.600000381469727 AB 3.858630082328517 1.2599608432093117
61249.3442 lsst_hardware_y 484.9508242543774 82.70099949279798 30.809999465942383 AB 3.2086032394323514 1.0265887824131663
61253.1875 lsst_hardware_r 989.1223753012112 109.97354803996132 31.6200008392334 AB 5.602799670610068 1.1920850363000144
61253.2725 lsst_hardware_z 1540.3024983759951 108.28058989562669 31.739999771118164 AB 4.463060052219429 1.0141781666912806
61253.3487 lsst_hardware_r 977.6977011731067 101.41508194728513 31.649999618530273 AB 5.4391024366063565 1.0469039897229333
61256.163 lsst_hardware_u 2.7115067344677874 5.422092478016888 28.780000686645508 AB 1.6854205880419704 1.263670543986482
61256.1826 lsst_hardware_r 793.9784112891693 53.10391559660475 31.59000015258789 AB 1.4610670219029291 1.179548187758016
61260.1645 lsst_hardware_r 613.1282992489448 34.52084032043206 31.469999313354492 AB 4.5956350039903295 1.2076826394508573
61260.1828 lsst_hardware_u -0.6444619379098138 2.7505736240952277 28.3700008392334 AB 3.736866486366523 1.141347395871538
61261.1623 lsst_hardware_g 93.26445979102576 17.17785866476776 31.3799991607666 AB 5.260220719197512 1.2055049201781853
61261.1815 lsst_hardware_r 585.3326219663717 34.12027081060776 31.489999771118164 AB 4.300510372344599 1.1368740657840457
61263.2416 lsst_hardware_g 82.7277083144612 16.640927050295506 31.440000534057617 AB 6.540177226098974 1.016713217861795
61263.2543 lsst_hardware_r 582.5378770976251 32.914544406025506 31.5 AB 6.730064176700878 1.0094213021411944
61266.3184 lsst_hardware_z 594.7729662021367 47.235462520159246 30.950000762939453 AB 3.5423694052035497 1.055480778230188
61266.3305 lsst_hardware_r 482.6670486558779 31.790200655217845 31.489999771118164 AB 3.6537122251729532 1.0791175658890662
61268.1652 lsst_hardware_r 490.3178118612886 31.557404098748922 31.5 AB 6.04094087738044 1.1283569231623516
61268.1834 lsst_hardware_i 648.1443983103514 40.672650672661284 31.260000228881836 AB 5.230027675875929 1.081422109253229
61268.3129 lsst_hardware_u -0.6163861863200368 2.8129113349562496 28.469999313354492 AB 5.083392184695238 1.055412059523585
61268.3236 lsst_hardware_r 432.9436334799782 31.323903328126434 31.5 AB 5.167888532579551 1.076026970502223
61271.1522 lsst_hardware_r 354.2549281568575 32.61310643460377 31.510000228881836 AB 2.0662442956362406 1.143150371029732
61271.1684 lsst_hardware_u -0.829204792278856 3.11777205326585 28.5 AB 2.6577951518276093 1.0973933118374328
61274.1914 lsst_hardware_z 756.8654127421868 70.82318091622973 31.709999084472656 AB 2.5664067098526346 1.03805044216771
61274.3113 lsst_hardware_i 518.4639546179641 38.23607743173436 31.25 AB 1.9833680755987952 1.0849934768045926
61274.323 lsst_hardware_z 386.82802216295613 46.892333797056295 30.940000534057617 AB 2.025024242653885 1.1143344298549376
61276.1594 lsst_hardware_z 402.969517905995 58.429855535823215 30.969999313354492 AB 2.950359221322848 1.086288373093832
61276.1758 lsst_hardware_r 358.3552413796718 69.3876673696148 31.649999618530273 AB 3.1570323678228567 1.0536025923707284
61278.2933 lsst_hardware_z 359.67902615030187 76.8354025486468 30.989999771118164 AB 2.896942905386352 1.069837965920977
61278.3044 lsst_hardware_r 203.9468690736871 108.7426915276419 31.649999618530273 AB 2.9659703489797478 1.0944540033135601
61297.0512 lsst_hardware_g 19.47272845232174 20.324432749860257 32.11000061035156 AB 1.4648457181554677 1.262979495463832
61297.0583 lsst_hardware_r 95.21935255781476 35.394183193413134 32.209999084472656 AB 1.4637200204418952 1.2298445767611499
61299.0891 lsst_hardware_u -5.261427322346081 3.189444528181291 28.59000015258789 AB 3.9766742094657794 1.1046317248516053
61299.1058 lsst_hardware_r 44.845912490845386 25.125790974761603 31.520000457763672 AB 3.840350635995687 1.0667640655543575
61299.1434 lsst_hardware_i 195.63863241970517 32.62074307548309 31.270000457763672 AB 3.2309901360427093 1.016647393148714
61299.155 lsst_hardware_z 92.83161201023401 42.59182654205951 30.959999084472656 AB 3.2311371686051387 1.0098355563928967
61305.0732 lsst_hardware_z 150.14621599992876 57.558913861603926 30.969999313354492 AB 2.8048029232697558 1.103384312851989
61305.0902 lsst_hardware_r 45.24142150032637 70.02368677741272 31.639999389648438 AB 3.495606985249277 1.0652466814716004
61307.0822 lsst_hardware_y 55.390514942363524 83.82967652926665 30.799999237060547 AB 3.2168235417098496 1.0702529250448651
61309.0679 lsst_hardware_r -66.3898725709657 114.72618996956793 31.649999618530273 AB 3.2146879875310885 1.0895400737266268
61309.0855 lsst_hardware_i 54.80775769343926 89.68660984731194 31.34000015258789 AB 3.968625260218539 1.0539437684818853
61311.0004 lsst_hardware_y 124.13464727096756 54.47200642062198 29.959999084472656 AB 6.2970446130319635 1.3304552319948633
61311.0212 lsst_hardware_r 71.17170540351225 61.282228103574184 31.600000381469727 AB 5.805362154264234 1.224889155873929
61323.0032 lsst_hardware_y 101.96572923285031 49.827329758252134 30.010000228881836 AB 2.8001704711522306 1.1667376963134295
61323.0242 lsst_hardware_i 27.341268352454552 32.18183192036336 31.25 AB 2.6472091734122856 1.103003822255119
61326.0034 lsst_hardware_y 31.009317924512224 49.71575634638773 30.020000457763672 AB 6.450881433360369 1.138826274756759
61326.024 lsst_hardware_g -6.322331588328908 14.107480407389197 31.420000076293945 AB 6.1713841244308 1.0837446877567478
61326.1628 lsst_hardware_i 15.8214775096124 31.975859517222563 31.25 AB 6.352190667146129 1.0709699754935518
61326.1745 lsst_hardware_u 1.683500169554194 2.6877478007314077 28.40999984741211 AB 7.053456036073553 1.0973018102165821
61328.0045 lsst_hardware_y 173.37395935521846 50.472040438112835 30.020000457763672 AB 7.482630246420271 1.1193164168167078
61328.0257 lsst_hardware_z 138.34325379498614 42.280608990743794 30.940000534057617 AB 7.1950534291079 1.0685722914515863
61328.1571 lsst_hardware_g 4.047317069467663 13.857763882557125 31.40999984741211 AB 6.597316501548973 1.070486079624019
61328.1683 lsst_hardware_r 5.674064630466534 23.59644562993731 31.489999771118164 AB 7.305401086191842 1.0954815184730984
61330.0114 lsst_hardware_y 51.942086302094715 70.11779268083009 30.790000915527344 AB 7.66236053154422 1.0875795606847718
61330.1512 lsst_hardware_i 80.23702181892953 33.434825992894375 31.260000228881836 AB 6.845455169932428 1.069602370301942
61330.1629 lsst_hardware_r 70.45977031768304 26.1703625105626 31.520000457763672 AB 7.0120397700765125 1.095631214074455
61334.0059 lsst_hardware_y 169.67309267325265 55.9871616089969 30.049999237060547 AB 3.596541152409872 1.0755742867197944
61334.0259 lsst_hardware_z 85.91870512589671 57.36613240959286 30.979999542236328 AB 3.4782084945333387 1.0403933878657976
61337.0061 lsst_hardware_y 43.340474215735924 57.22999954223633 30.059999465942383 AB 2.973241824473515 1.0591296907911711
61337.0256 lsst_hardware_z -43.097346240531536 63.459999084472656 30.989999771118164 AB 2.9609275614528867 1.0301565839620377
61337.1464 lsst_hardware_i 73.1562034390093 72.81999969482422 31.31999969482422 AB 3.103728984086125 1.1021764858260388
61337.1575 lsst_hardware_z 96.66126637783674 66.20999908447266 30.979999542236328 AB 3.2817016761668327 1.1331842804443484
61340.1388 lsst_hardware_i -48.17433087469192 61.59000015258789 31.309999465942383 AB 4.080000691399354 1.1036972113794465
61340.1495 lsst_hardware_z -133.33540766533702 58.47999954223633 30.969999313354492 AB 4.051331253248327 1.1337680746027485
61358.0429 lsst_hardware_z 30.374004887134088 40.95000076293945 30.950000762939453 AB 3.920169416173073 1.022830774788812
61358.0549 lsst_hardware_i -8.609999323467246 30.84000015258789 31.25 AB 4.000977259955264 1.0366121236605745
61558.3553 lsst_hardware_r 0.2962533767430099 23.459999084472656 31.469999313354492 AB 10.254371241385355 1.1795220169531868
61558.3693 lsst_hardware_u 4.437038666196993 2.6600000858306885 28.3700008392334 AB 9.893906637635352 1.1324146317540749
61561.3457 lsst_hardware_r -21.09243447376776 23.6299991607666 31.469999313354492 AB 6.1926640404546625 1.1848209261074558
61561.3643 lsst_hardware_z -80.45314928599096 42.56999969482422 30.940000534057617 AB 5.865266793831105 1.1229868612042004
61563.3723 lsst_hardware_u -3.255012249386179 2.759999990463257 28.469999313354492 AB 2.5664308857777574 1.088008571657355
61563.3905 lsst_hardware_g -9.936933836412672 14.0600004196167 31.43000030517578 AB 1.1634013947538893 1.0518207441458092
61572.3386 lsst_hardware_z 23.594152728379587 51.29999923706055 30.959999084472656 AB 7.338933140479364 1.1109075709334895
61572.3503 lsst_hardware_r -91.54391924066783 53.22999954223633 31.6200008392334 AB 7.227467012176186 1.0821586392927098
61576.3683 lsst_hardware_z -50.314892528872704 64.41999816894531 30.989999771118164 AB 3.8204946850115618 1.0325661310842058
61576.3775 lsst_hardware_r -67.94656084852225 91.94000244140625 31.65999984741211 AB 3.8864905135392807 1.0224915847248832
61578.4084 lsst_hardware_z -47.08701019772487 62.31999969482422 30.989999771118164 AB 2.1141759191233036 1.0067504376777636
61578.4203 lsst_hardware_i 25.868492711905994 68.45999908447266 31.329999923706055 AB 1.6677792389328077 1.0096534591462112
61582.2761 lsst_hardware_i -50.965504965151844 45.70000076293945 31.260000228881836 AB 7.159501295960573 1.2357283790222882
61582.2968 lsst_hardware_r 6.6204639268444625 46.52000045776367 31.59000015258789 AB 6.38560782650131 1.1546863252767505
61589.2694 lsst_hardware_z 55.7818860809448 42.97999954223633 30.93000030517578 AB 7.676539977763568 1.184285710855225
61589.2889 lsst_hardware_r -17.767855228041814 22.860000610351562 31.479999542236328 AB 7.190448063403321 1.1200074865114207
61591.4185 lsst_hardware_i 21.998463118311058 30.200000762939453 31.239999771118164 AB 5.474178227533453 1.040026261524357
61591.4308 lsst_hardware_u 1.136596045154308 3.3499999046325684 28.56999969482422 AB 5.60513423251578 1.0599223244959637
61593.4133 lsst_hardware_g -7.336570801589159 13.770000457763672 31.43000030517578 AB 1.4826497860773207 1.0403951484081544
61593.4248 lsst_hardware_r -18.21443171055904 22.690000534057617 31.489999771118164 AB 1.806377385467894 1.0589413104845147
61611.295 lsst_hardware_y 15.35110757396975 84.05000305175781 31.25 AB 5.466229184929951 1.012514667497521
61611.3532 lsst_hardware_r 87.64619671929881 43.279998779296875 31.6200008392334 AB 5.661551270534496 1.02669732283162
61612.2626 lsst_hardware_r -7.437255124522834 33.970001220703125 31.59000015258789 AB 11.005729599799142 1.04260416822652
61612.2811 lsst_hardware_i -41.25991516670674 36.029998779296875 31.280000686645508 AB 10.902221822734932 1.020743569945846
61617.1642 lsst_hardware_r -44.55823803769239 23.770000457763672 31.450000762939453 AB 4.87969573578689 1.318836685347808
61617.1842 lsst_hardware_g 23.008022692063182 14.130000114440918 31.3700008392334 AB 4.421782813356738 1.2196339300389902
61619.3409 lsst_hardware_r 11.643658315521341 22.860000610351562 31.510000228881836 AB 1.5006761261905197 1.0384104206137503
61619.3532 lsst_hardware_i -31.978720949995257 30.729999542236328 31.25 AB 1.5112892769442745 1.0578319717295437
61622.3364 lsst_hardware_z -5.9254311958348005 41.27000045776367 30.950000762939453 AB 2.049156485353213 1.0437129806552867
61622.3496 lsst_hardware_i 26.319287469427763 30.84000015258789 31.25 AB 2.170566699716542 1.0663991974042375
61624.1637 lsst_hardware_u 0.5779203130559464 2.630000114440918 28.309999465942383 AB 3.285166287501636 1.2256558714718204
61624.1842 lsst_hardware_g 4.171715734563503 14.140000343322754 31.389999389648438 AB 3.2425039795803072 1.1478567394821262
61624.3332 lsst_hardware_u 3.271464352644996 2.690000057220459 28.43000030517578 AB 4.354872091053264 1.0471798872362772
61624.3455 lsst_hardware_g -8.397878200362902 14.079999923706055 31.40999984741211 AB 4.583332440225011 1.0690819360630588
61627.1697 lsst_hardware_z -0.6929479565348354 64.68000030517578 31.700000762939453 AB 4.807792345247319 1.1693997920984238
61629.3289 lsst_hardware_r -54.5210986471812 35.36000061035156 31.59000015258789 AB 2.6877953252268862 1.063350385821002
61629.3395 lsst_hardware_g 1.897608533095814 16.360000610351562 31.479999542236328 AB 3.390550279477347 1.0854392101624204
61631.1621 lsst_hardware_i 59.262325330571855 64.48999786376953 31.309999465942383 AB 3.484535122928816 1.1578131378968792
61631.1801 lsst_hardware_z -13.659106044976838 59.41999816894531 30.979999542236328 AB 2.640642333347638 1.104101324047793
61653.0888 lsst_hardware_u 5.449985860891221 2.8299999237060547 28.389999389648438 AB 1.7987518347479021 1.2074861275998447
61653.1072 lsst_hardware_g 5.136171756265811 14.960000038146973 31.420000076293945 AB 1.7080827699486818 1.140876836211966
61655.0681 lsst_hardware_g -11.154748304387823 23.889999389648438 31.520000457763672 AB 2.6909696772263296 1.277561169754548
61655.0863 lsst_hardware_r -16.027353543667488 29.18000030517578 31.520000457763672 AB 1.860260318741383 1.195540050605002
61674.0723 lsst_hardware_g 14.400871483465318 13.880000114440918 31.399999618530273 AB 3.2005871963889545 1.0810968405299626
61674.0885 lsst_hardware_i 26.28532736927903 30.489999771118164 31.25 AB 3.915786927845146 1.0500903534042623
61680.1775 lsst_hardware_r -5.0470053842020075 22.540000915527344 31.5 AB 4.79321357932045 1.0429098301394435
61680.1892 lsst_hardware_i -6.39945066596183 30.639999389648438 31.25 AB 4.780539000727704 1.062499407481339
61684.1789 lsst_hardware_g 2.3861991828150018 15.960000038146973 31.459999084472656 AB 5.17583106076726 1.0636726388751745
61684.1906 lsst_hardware_r -34.2564330260254 24.059999465942383 31.489999771118164 AB 5.272599204291475 1.0883680884077769
61686.0026 lsst_hardware_y -64.3261233477551 50.959999084472656 30.0 AB 5.414532309702108 1.1918407021136053
61686.023 lsst_hardware_z 15.71855441950336 46.63999938964844 30.950000762939453 AB 5.146698674714917 1.1230590092663282
61688.0029 lsst_hardware_y -3.069710522944451 54.279998779296875 30.0 AB 2.8087019225243663 1.170292467718486
61688.0225 lsst_hardware_z 15.177499007214957 55.90999984741211 30.969999313354492 AB 2.66227960124256 1.1092831671844001
61689.1658 lsst_hardware_z 71.511953221039 85.72000122070312 31.729999542236328 AB 4.7717482157084214 1.0647262660560761
61694.0033 lsst_hardware_z 22.264448556494017 60.18000030517578 30.979999542236328 AB 8.717524246204277 1.1169749714852675
61694.0231 lsst_hardware_g -65.2911149951241 83.23999786376953 31.719999313354492 AB 8.369056731793995 1.0696988952604705
61696.0042 lsst_hardware_y -9.92423665209573 49.68000030517578 30.020000457763672 AB 5.776520104556202 1.1000800046765244
61696.0222 lsst_hardware_i -4.214837165644145 30.579999923706055 31.239999771118164 AB 5.614716273813626 1.0609150860641317
61700.1587 lsst_hardware_i -37.61000241210777 31.079999923706055 31.239999771118164 AB 4.184635509435538 1.1186621692000778
61700.1694 lsst_hardware_u -0.5177490646355442 2.680000066757202 28.389999389648438 AB 3.297597474298952 1.1513957661658352
61702.0069 lsst_hardware_y 13.985747726369562 49.38999938964844 30.040000915527344 AB 2.984085343286428 1.0589373113152691
61702.028 lsst_hardware_z 25.629452307060184 40.810001373291016 30.950000762939453 AB 2.8977052697044376 1.0281931232871884
61702.1471 lsst_hardware_u 1.437300202476816 2.680000066757202 28.40999984741211 AB 3.1513887915967795 1.1021732243059472
61702.1577 lsst_hardware_g -1.7057039751604068 13.819999694824219 31.389999389648438 AB 3.254965846891396 1.131670003265153
61722.0091 lsst_hardware_y -36.93356005021938 75.41999816894531 30.079999923706055 AB 5.31977563368947 1.0068023153057066
61722.0127 lsst_hardware_r 8.465498677932686 79.44000244140625 31.65999984741211 AB 5.2947203400388485 1.0066486696209607
