data/validation/pwv_sim_epoch_fit_4/49224477.ecsv
# %ECSV 0.9
# ---
# datatype:
# - {name: time, datatype: float64}
# - {name: band, datatype: string}
# - {name: flux, datatype: float64}
# - {name: fluxerr, datatype: float64}
# - {name: zp, datatype: float64}
# - {name: zpsys, datatype: string}
# - {name: pwv, datatype: float64}
# - {name: airmass, datatype: float64}
# meta: {SNID: '49224477', alt: 1024.0, c: 0.0211904626339674, dec: -32.442867, lat: -30.244573, lon: -70.7499537, ra: 219.550781, t0: 62482.484375,
#   x0: 4.05696273490162e-05, x1: -0.638046145439148, z: 0.25258851051330566}
# schema: astropy-2.0
time band flux fluxerr zp zpsys pwv airmass
62533.3129 lsst_hardware_r 1223.2049118772084 43.06031118902701 31.469999313354492 AB 12.825108669459492 1.295727285255556
62533.3302 lsst_hardware_i 1672.0848021472955 51.97572308023197 31.239999771118164 AB 11.86378463058997 1.2102197929807172
62535.3226 lsst_hardware_z 922.2982509657293 53.531382638890946 30.93000030517578 AB 11.479505434958297 1.2196669607903092
62535.3424 lsst_hardware_r 1192.0264192113723 42.407170499958845 31.5 AB 12.158157550277819 1.1426481830404212
62537.3177 lsst_hardware_u 1.8432440586919185 3.504251631471092 28.25 AB 7.953366568942232 1.2171657249822416
62537.3373 lsst_hardware_r 1145.7074720412404 41.60275698654737 31.489999771118164 AB 7.869330014955987 1.141447602797919
62539.3138 lsst_hardware_i 1402.8690437845046 49.60298688268369 31.229999542236328 AB 4.469658759479258 1.210305648383189
62539.3333 lsst_hardware_z 806.0000538908796 51.19085457905015 30.93000030517578 AB 4.142223969085422 1.1366464894245516
62541.3173 lsst_hardware_r 1042.263970640083 40.58816527696499 31.479999542236328 AB 6.414250750843727 1.1738037790911833
62541.3346 lsst_hardware_u 2.212972057587307 3.0834737549139746 28.399999618530273 AB 7.379269680525307 1.1157748089954223
62543.3276 lsst_hardware_r 1007.4901787595165 40.50037355456806 31.510000228881836 AB 4.272968968533082 1.120337957140294
62543.347 lsst_hardware_i 1371.526543877494 48.201747313604756 31.25 AB 4.742068619043758 1.0704443835313318
62546.315 lsst_hardware_z 8.525354378531947 43.11000061035156 30.940000534057617 AB 2.8441435123439076 1.1340285136937898
62546.3333 lsst_hardware_u 1.7302096646613043 2.7300000190734863 28.399999618530273 AB 2.7501106460314024 1.0830049800596229
62552.3004 lsst_hardware_z 12.754187964883084 63.59000015258789 30.979999542236328 AB 4.099435966775458 1.1283886503648384
62552.3185 lsst_hardware_i 7.375582484372531 68.37000274658203 31.31999969482422 AB 3.911664080098039 1.0792782341850562
62557.3072 lsst_hardware_z 60.50633719990954 65.29000091552734 31.709999084472656 AB 9.665296170420865 1.0739217967134294
62561.3027 lsst_hardware_i -38.856280244068515 31.31999969482422 31.25 AB 4.3672087190733 1.0603881799376715
62561.3234 lsst_hardware_z 15.581318017958324 41.20000076293945 30.940000534057617 AB 4.256019204635307 1.0269077583870931
62563.2208 lsst_hardware_g -1.8664615577566683 14.6899995803833 31.34000015258789 AB 7.064269361833222 1.3572300603915957
62563.2412 lsst_hardware_i 39.34223730868108 32.439998626708984 31.219999313354492 AB 6.486293656028066 1.2427238655714528
62566.2214 lsst_hardware_z -9.444617535304497 45.189998626708984 30.920000076293945 AB 10.314729046114639 1.303681628679825
62566.2436 lsst_hardware_r 28.556861773888546 24.139999389648438 31.469999313354492 AB 9.335875234881726 1.1954255710719857
62568.2211 lsst_hardware_u -1.4263895808004898 2.5899999141693115 28.25 AB 13.771142663659454 1.2753124500413882
62568.2434 lsst_hardware_g 11.850409852232199 14.520000457763672 31.389999389648438 AB 12.659109108142943 1.1745232168498985
62571.2158 lsst_hardware_r -28.80333177362804 24.1299991607666 31.469999313354492 AB 10.741686997147104 1.2603299336667342
62571.2364 lsst_hardware_i 29.76530541789173 31.959999084472656 31.239999771118164 AB 10.105028043411464 1.1700148255590446
62575.2186 lsst_hardware_z 61.92716685120808 47.689998626708984 30.940000534057617 AB 11.116632862092821 1.1972034744593867
62575.2412 lsst_hardware_r 65.57741570542338 36.900001525878906 31.579999923706055 AB 10.262330795096936 1.11747490554766
62578.2534 lsst_hardware_i 12.522350639248378 61.9900016784668 31.31999969482422 AB 6.727881037009038 1.0662815315667378
62578.2712 lsst_hardware_z 9.274949959260391 57.27000045776367 30.979999542236328 AB 6.540890130403833 1.0347872378427199
62580.2464 lsst_hardware_z -102.77974195274997 106.5 31.739999771118164 AB 5.330652413684231 1.0695530525048782
62580.2645 lsst_hardware_r 46.499190890647 157.88999938964844 32.40999984741211 AB 5.158566832284827 1.0366200346208374
62582.2479 lsst_hardware_i 37.35098363105432 92.0199966430664 31.34000015258789 AB 6.10683114929803 1.0554799624309088
62582.2663 lsst_hardware_r -27.571546192343448 114.31999969482422 31.670000076293945 AB 5.411290631287203 1.026615562756062
62584.1713 lsst_hardware_r 37.45289333093311 76.0 31.579999923706055 AB 7.76347843402598 1.3091869197345665
62584.1897 lsst_hardware_i -30.291629924622843 64.80999755859375 31.290000915527344 AB 7.182187199337715 1.2157743883770993
62589.1825 lsst_hardware_r -1.6013692637484405 23.790000915527344 31.479999542236328 AB 7.8410726483990185 1.1885215210790752
62589.2003 lsst_hardware_i -39.94819513708193 31.459999084472656 31.239999771118164 AB 7.369571003521495 1.1255549451731952
62591.1751 lsst_hardware_z -88.93103137909966 43.4900016784668 30.93000030517578 AB 5.5921925001510076 1.1964468335796374
62591.1938 lsst_hardware_i 53.767323414004345 31.59000015258789 31.229999542236328 AB 5.347047648473509 1.1287835441151592
62594.1606 lsst_hardware_r 13.329845360529909 23.809999465942383 31.459999084472656 AB 7.622999072282118 1.2238409106613877
62594.1795 lsst_hardware_u 0.8053134257449469 2.619999885559082 28.31999969482422 AB 7.3341639625929504 1.1488352071730812
62596.1774 lsst_hardware_r -11.431678518830434 23.829999923706055 31.489999771118164 AB 8.405825113160507 1.1375748706784228
62596.1969 lsst_hardware_i -52.16222732538681 31.25 31.239999771118164 AB 8.006613935784499 1.082755220309844
62598.1768 lsst_hardware_z 16.42344785878174 42.38999938964844 30.940000534057617 AB 11.403780310183391 1.122281245927754
62598.1972 lsst_hardware_u -0.8177606094751582 2.7100000381469727 28.420000076293945 AB 10.980766571912698 1.0696767397508837
62602.1661 lsst_hardware_i 1.7356275041386782 33.63999938964844 31.260000228881836 AB 3.2606238342637544 1.1216134731593823
62602.185 lsst_hardware_z -87.3577197884717 41.91999816894531 30.950000762939453 AB 3.5384278234946653 1.0724675157086276
62604.1624 lsst_hardware_i 14.043983061712112 40.63999938964844 31.280000686645508 AB 9.441245179446025 1.1163713076154338
62604.1808 lsst_hardware_z -8.563286025295728 45.869998931884766 30.959999084472656 AB 10.418154556830077 1.0697172472145198
62606.1767 lsst_hardware_r -87.69307020361775 63.58000183105469 31.639999389648438 AB 10.561497785426736 1.0668179581239128
62606.1951 lsst_hardware_z 52.37792187999751 52.79999923706055 30.979999542236328 AB 10.239446323585835 1.0342875074329125
62608.1641 lsst_hardware_i -68.10593038333705 90.26000213623047 31.329999923706055 AB 15.886774045901062 1.0828445980302446
62608.183 lsst_hardware_r -114.85692541254186 115.06999969482422 31.65999984741211 AB 14.298132184115637 1.044637837203875
62616.1697 lsst_hardware_z 59.21581637091462 41.349998474121094 30.950000762939453 AB 13.012744955072263 1.0315976710105514
62616.1897 lsst_hardware_r -18.35677676809941 23.6299991607666 31.510000228881836 AB 12.74319157208054 1.0103620671619855
62618.156 lsst_hardware_u -5.947704333013992 2.7300000190734863 28.43000030517578 AB 4.73949487265811 1.0441332563226973
62618.174 lsst_hardware_g -0.2399701045888821 14.979999542236328 31.459999084472656 AB 3.5811254803971178 1.0196584592422686
62620.0799 lsst_hardware_r -25.020650895030013 24.729999542236328 31.469999313354492 AB 10.792875347788687 1.2712581019980984
62620.0998 lsst_hardware_u 0.39979224242750155 2.6700000762939453 28.31999969482422 AB 10.416284451605607 1.1808284374635563
62623.0599 lsst_hardware_r 8.114148971546253 24.860000610351562 31.469999313354492 AB 11.245242849309394 1.3387193868225469
62623.0791 lsst_hardware_i 33.68421962405586 32.779998779296875 31.239999771118164 AB 10.370448611739716 1.2345772156832995
62625.0738 lsst_hardware_r 47.5406307683759 24.780000686645508 31.479999542236328 AB 13.49473355107773 1.2338230114968056
62625.0923 lsst_hardware_g 7.527365089620349 15.300000190734863 31.440000534057617 AB 13.628629014183788 1.1578140356965243
62631.0558 lsst_hardware_i -16.121687975441674 35.33000183105469 31.239999771118164 AB 8.967982927624767 1.241501062867691
62631.0775 lsst_hardware_z 11.120454688026223 44.220001220703125 30.940000534057617 AB 8.302963305505655 1.1522291570227108
62639.0834 lsst_hardware_z -1.7379977148810632 125.30999755859375 31.75 AB 9.202053267256389 1.07375183981983
62644.0713 lsst_hardware_i -13.73328704102546 31.440000534057617 31.25 AB 2.097864896816333 1.0703392330694448
62644.0924 lsst_hardware_z -26.058549685619454 41.369998931884766 30.950000762939453 AB 2.6644147615191427 1.032785617230755
62649.0353 lsst_hardware_r -10.325760154526188 34.09000015258789 32.25 AB 7.926349910550798 1.129230318132368
62649.0674 lsst_hardware_u -7.325349358072775 3.9200000762939453 29.219999313354492 AB 7.725244293409145 1.0509940651993992
62652.0533 lsst_hardware_z -17.220504716856787 41.7400016784668 30.950000762939453 AB 9.68143725538053 1.0622890967363083
62652.0807 lsst_hardware_u 1.5203832970939113 2.680000066757202 28.399999618530273 AB 9.325294185836771 1.020161271834238
62654.0522 lsst_hardware_g 1.5929277147246579 14.5 31.420000076293945 AB 11.257528704871046 1.0538290386024494
62654.0729 lsst_hardware_r 15.502415696971427 23.239999771118164 31.5 AB 10.82082119607805 1.0227780396109907
62656.9668 lsst_hardware_y 49.9740429402634 51.43000030517578 29.940000534057617 AB 15.733037293782502 1.3403793140749516
62656.9872 lsst_hardware_i 18.09836765550846 32.7400016784668 31.219999313354492 AB 14.596744149790924 1.2302182143633513
62674.9638 lsst_hardware_y 16.761221115249086 49.470001220703125 30.020000457763672 AB 10.127319636618155 1.1308281129215028
62674.9848 lsst_hardware_r -24.720417418666283 23.399999618530273 31.5 AB 9.167929655969298 1.0744297114248058
62677.9649 lsst_hardware_z 28.51686150154172 43.43000030517578 30.950000762939453 AB 6.970985705241966 1.1034842226036545
62677.9866 lsst_hardware_i 11.545495224759797 30.8799991607666 31.25 AB 6.710358909689279 1.0539554843625998
62679.9638 lsst_hardware_y -10.251134203023836 49.52000045776367 30.030000686645508 AB 6.958523011443489 1.0919898014505038
62679.9837 lsst_hardware_r 25.865550356234866 23.139999389648438 31.489999771118164 AB 6.755689862794285 1.0493053023405872
62681.9632 lsst_hardware_y 20.699793273040402 49.689998626708984 30.030000686645508 AB 1.7642049186820923 1.0801254604172654
62681.9825 lsst_hardware_r -14.588891480911549 23.440000534057617 31.510000228881836 AB 1.5770237835821663 1.0420862006045994
62685.9632 lsst_hardware_y -11.525806161735611 50.790000915527344 30.049999237060547 AB 8.680642274236185 1.0568963807917366
62685.9835 lsst_hardware_z -25.602007082985068 41.08000183105469 30.950000762939453 AB 8.418288779536887 1.0251828264673797
