data/validation/pwv_sim_epoch_fit_4/49398807.ecsv
# %ECSV 0.9
# ---
# datatype:
# - {name: time, datatype: float64}
# - {name: band, datatype: string}
# - {name: flux, datatype: float64}
# - {name: fluxerr, datatype: float64}
# - {name: zp, datatype: float64}
# - {name: zpsys, datatype: string}
# - {name: pwv, datatype: float64}
# - {name: airmass, datatype: float64}
# meta: {SNID: '49398807', alt: 1024.0, c: 0.11837685853242874, dec: -10.199918, lat: -30.244573, lon: -70.7499537, ra: 53.261719, t0: 61601.38671875,
#   x0: 0.001115538319781458, x1: 0.9704075455665588, z: 0.054536256939172745}
# schema: astropy-2.0
time band flux fluxerr zp zpsys pwv airmass
61650.4016 lsst_hardware_z 30031.736742409994 177.71043588263075 30.950000762939453 AB 2.2226137798156125 1.0654907861052794
61650.4186 lsst_hardware_y 17183.6617261315 143.82870788740135 30.059999465942383 AB 4.481713330140654 1.0738715273594346
61652.3816 lsst_hardware_r 51928.82804949532 228.32433384364336 31.489999771118164 AB 2.521160019488542 1.0671576802067904
61652.4006 lsst_hardware_y 15738.493914473755 128.6063356907069 30.040000915527344 AB 2.427859309826335 1.066604858792459
61654.382 lsst_hardware_g 6.259717849946235 13.90999984741211 31.40999984741211 AB 0.7934497902218635 1.065510013726764
61654.4014 lsst_hardware_y -22.430458445511547 48.2599983215332 30.040000915527344 AB 0.8056630704517059 1.069464252811999
61656.378 lsst_hardware_i 16.520352280909226 30.700000762939453 31.25 AB 2.4372402329103573 1.065304975410661
61656.3965 lsst_hardware_z 23.40993546249929 41.88999938964844 30.950000762939453 AB 2.421480025131727 1.0697945770407453
61673.335 lsst_hardware_i 25.88525384308901 31.079999923706055 31.25 AB 6.182098303170634 1.065144435418786
61673.3535 lsst_hardware_z -26.22556185010897 41.79999923706055 30.940000534057617 AB 6.2898446941105135 1.0720717051492268
61677.3318 lsst_hardware_r 12.261685366373882 22.510000228881836 31.5 AB 6.409495963005957 1.0664275134986372
61677.3504 lsst_hardware_u 2.315123483916451 2.7100000381469727 28.459999084472656 AB 7.480958417238224 1.079036263845121
61679.3216 lsst_hardware_g -14.599495733571628 19.469999313354492 32.15999984741211 AB 4.765037905842885 1.0653684392255667
61679.3406 lsst_hardware_i -44.96999831175068 43.38999938964844 31.989999771118164 AB 4.488560759407123 1.0748683744663672
61681.2987 lsst_hardware_r 16.901489243808896 22.690000534057617 31.489999771118164 AB 3.4457621399932075 1.0688952972785597
61681.3183 lsst_hardware_z 73.78545920676511 41.470001220703125 30.940000534057617 AB 3.5002572337124658 1.0657436010490282
61683.2958 lsst_hardware_r -10.295855118363534 22.649999618530273 31.489999771118164 AB 7.371987618749683 1.0676432424358995
61683.315 lsst_hardware_u 3.0827756717271053 2.619999885559082 28.3799991607666 AB 7.358523443052524 1.066298136944271
61685.2935 lsst_hardware_g -2.938810457234918 13.920000076293945 31.40999984741211 AB 5.015149782761394 1.0664480683501687
61685.3109 lsst_hardware_r 54.50454931514442 22.860000610351562 31.489999771118164 AB 4.930470041328379 1.06673951564891
61687.2943 lsst_hardware_i -49.57072394775205 30.6200008392334 31.25 AB 2.892859636308092 1.0652157364661627
61687.3119 lsst_hardware_z -66.97773020726565 41.4900016784668 30.950000762939453 AB 2.8934905231426247 1.0698140953201718
61691.2953 lsst_hardware_z -73.78590647757885 56.2599983215332 30.969999313354492 AB 5.686796681081197 1.0670246293952679
61691.3126 lsst_hardware_i -3.562384931471701 58.52000045776367 31.309999465942383 AB 5.71045315114188 1.0794807469077277
61693.23 lsst_hardware_z -5.341776412722861 74.55000305175781 30.979999542236328 AB 7.023939603839916 1.1146751381464108
61693.2494 lsst_hardware_r 11.422255083072972 108.87999725341797 31.649999618530273 AB 6.844543714842905 1.0832259519165468
61697.2863 lsst_hardware_r -58.85324785685333 72.01000213623047 31.639999389648438 AB 3.9223234012065924 1.0708928106678601
61697.3038 lsst_hardware_i -51.83551172560753 61.04999923706055 31.31999969482422 AB 4.137236370331674 1.0887464132451776
61701.2548 lsst_hardware_i -18.97600403428376 31.649999618530273 31.260000228881836 AB 3.827243090372149 1.0653425442928737
61701.271 lsst_hardware_z 54.229706514193104 42.31999969482422 30.950000762939453 AB 3.891431075706018 1.068340720852716
61706.2457 lsst_hardware_g -6.9458448328773335 14.170000076293945 31.420000076293945 AB 2.8447038299332448 1.0651661869444673
61706.2628 lsst_hardware_i -4.474135718023074 30.940000534057617 31.25 AB 2.441977593921941 1.0716303209750702
61710.1243 lsst_hardware_r -7.364496191102493 34.27000045776367 32.20000076293945 AB 7.271206825622785 1.3416542155373785
61710.1546 lsst_hardware_u -1.3022912884490574 3.7100000381469727 29.059999465942383 AB 5.518952718358003 1.1963263899329113
61721.2079 lsst_hardware_r 19.793231950391196 96.16000366210938 31.649999618530273 AB 3.605495524017867 1.065506237704175
61721.225 lsst_hardware_i -83.03903051889807 77.70999908447266 31.31999969482422 AB 7.30363923384145 1.074064593211978
61723.2035 lsst_hardware_z -6.782566789970652 79.66999816894531 30.989999771118164 AB 4.286628560333479 1.0657069429850365
61723.2187 lsst_hardware_r 70.37489844190347 118.05999755859375 31.65999984741211 AB 7.704159146646001 1.0733764049662604
61727.2167 lsst_hardware_r -1.285682152938215 52.13999938964844 31.6200008392334 AB 4.949142092037552 1.0821344904422328
61727.2366 lsst_hardware_z 29.926072586355758 50.650001525878906 30.959999084472656 AB 5.038338105314142 1.113814105297699
61733.1873 lsst_hardware_u -0.5931392678617626 2.7899999618530273 28.489999771118164 AB 8.27505353817356 1.0704191365350415
61733.2067 lsst_hardware_g 8.989418081091394 14.329999923706055 31.43000030517578 AB 8.391806048964419 1.0904113888988205
61737.1861 lsst_hardware_z -35.512996973452076 41.5099983215332 30.940000534057617 AB 3.4720215176298637 1.0785187598443993
61737.2058 lsst_hardware_r 7.958952722354876 23.040000915527344 31.479999542236328 AB 3.5726362938673057 1.1069646912240774
61739.1793 lsst_hardware_u -2.35110798116557 2.7300000190734863 28.459999084472656 AB 4.803133433896708 1.0771772670770816
61739.1983 lsst_hardware_g -9.003232937386302 14.0 31.40999984741211 AB 4.872975763161827 1.1032320043381993
61745.0823 lsst_hardware_z -4.938291646144047 44.5 30.950000762939453 AB 3.799739687225217 1.1272404510927714
61745.0988 lsst_hardware_g 35.203917081271 27.170000076293945 31.610000610351562 AB 5.715195461287157 1.0951447613606382
61747.1519 lsst_hardware_r 62.26112406093877 47.52000045776367 31.6200008392334 AB 3.9678125031688376 1.0723817576131993
61747.1717 lsst_hardware_i 13.442482203841642 44.939998626708984 31.290000915527344 AB 4.900702381450051 1.0952513982455494
61751.1582 lsst_hardware_z -46.58249413322589 103.81999969482422 31.739999771118164 AB 12.880740994348047 1.091341588992502
61753.1483 lsst_hardware_r -120.3167806910515 98.54000091552734 31.649999618530273 AB 7.719325577140446 1.0852800361520907
61753.166 lsst_hardware_z -1.1068996386750072 69.52999877929688 30.979999542236328 AB 7.951038165931373 1.1146054764044822
61755.1262 lsst_hardware_i -5.721702785675665 48.79999923706055 31.309999465942383 AB 10.909141192709873 1.0697729757491403
61755.1433 lsst_hardware_r 0.5932812060850634 59.720001220703125 31.6299991607666 AB 11.06480651315435 1.0858701985397141
61757.083 lsst_hardware_u -0.5227472805174371 2.6500000953674316 28.399999618530273 AB 4.319128532471485 1.074610569750945
61757.102 lsst_hardware_g 8.161457329515017 13.789999961853027 31.420000076293945 AB 4.115664540428315 1.065314376296949
61759.0901 lsst_hardware_r -32.37125589350093 22.709999084472656 31.489999771118164 AB 3.526086570987908 1.0668945751854488
61759.1115 lsst_hardware_i -3.0033381208766308 30.719999313354492 31.25 AB 3.53658611577194 1.0677829510443237
61765.0897 lsst_hardware_r 9.8249183749829 22.739999771118164 31.489999771118164 AB 8.087469355036532 1.0658938194446104
61765.1162 lsst_hardware_z 11.421472612157965 41.959999084472656 30.940000534057617 AB 8.14916125082561 1.0861324486022916
61767.0824 lsst_hardware_r -10.488246404566505 22.59000015258789 31.5 AB 6.724786331554699 1.0655096120559175
61767.1088 lsst_hardware_u -0.6648329385839205 2.759999990463257 28.489999771118164 AB 5.7869109194992605 1.0836911834269118
61769.0545 lsst_hardware_z 6.673767345125078 42.04999923706055 30.950000762939453 AB 8.942074503671822 1.0712920215253172
61769.0807 lsst_hardware_g 10.593653948884846 13.8100004196167 31.43000030517578 AB 9.011003676763995 1.0664330360287186
61771.0524 lsst_hardware_y -57.89515570148624 68.12000274658203 30.790000915527344 AB 7.368756350394516 1.0691854102504619
61771.0773 lsst_hardware_i -23.018054113180952 43.29999923706055 32.0 AB 7.356738459884386 1.0671698988327567
61773.0529 lsst_hardware_y 45.09529543061122 48.59000015258789 30.040000915527344 AB 7.038219740620869 1.0665315934770834
61773.0787 lsst_hardware_r -23.5677919404428 25.260000228881836 31.520000457763672 AB 6.993556815396918 1.0708111439496129
61775.0499 lsst_hardware_y -56.165845606982515 70.47000122070312 30.790000915527344 AB 11.331434542967662 1.0658359161894053
61775.0708 lsst_hardware_g -35.189917565472655 43.529998779296875 32.400001525878906 AB 11.410027199656115 1.0693057682073124
61779.049 lsst_hardware_y -124.79198954816151 87.33999633789062 30.809999465942383 AB 9.031343922831228 1.0654043537250646
61781.0405 lsst_hardware_z -73.51720251345611 71.0199966430664 30.989999771118164 AB 7.142836719842502 1.06512793903682
61781.0628 lsst_hardware_r 148.8052903806825 87.29000091552734 31.649999618530273 AB 6.6678510879066035 1.0754598528881618
