data/validation/pwv_sim_epoch_fit_4/49643944.ecsv
# %ECSV 0.9
# ---
# datatype:
# - {name: time, datatype: float64}
# - {name: band, datatype: string}
# - {name: flux, datatype: float64}
# - {name: fluxerr, datatype: float64}
# - {name: zp, datatype: float64}
# - {name: zpsys, datatype: string}
# - {name: pwv, datatype: float64}
# - {name: airmass, datatype: float64}
# meta: {SNID: '49643944', alt: 1024.0, c: -0.0886886864900589, dec: -3.882372, lat: -30.244573, lon: -70.7499537, ra: 55.371094, t0: 60676.2890625,
#   x0: 2.8464040260227237e-06, x1: -0.6297067999839783, z: 0.7717371582984924}
# schema: astropy-2.0
time band flux fluxerr zp zpsys pwv airmass
60546.4032 lsst_hardware_z -23.206197857412707 56.63999938964844 30.969999313354492 AB 2.465220235308123 1.1277311231967626
60546.4236 lsst_hardware_y 53.8322820656784 70.56999969482422 30.040000915527344 AB 2.3363814940584042 1.1169506365762658
60549.3953 lsst_hardware_r -16.855204079701323 31.329999923706055 31.559999465942383 AB 4.088041889928776 1.1274505913251065
60549.413 lsst_hardware_y 13.067075348602497 50.40999984741211 30.030000686645508 AB 4.0297835349264615 1.1172893976367815
60553.4009 lsst_hardware_z 59.930292946997724 61.060001373291016 31.700000762939453 AB 0.8393707845314269 1.117546811757174
60555.4009 lsst_hardware_r -27.3568486846386 24.040000915527344 31.5 AB 1.2920227429043714 1.1168616132297384
60557.3861 lsst_hardware_r -16.765656115710364 23.399999618530273 31.489999771118164 AB 1.3179588568576461 1.1188105745820427
60557.4049 lsst_hardware_y -40.57744636210842 49.380001068115234 30.030000686645508 AB 1.2521859230772465 1.1186890319332161
60559.372 lsst_hardware_z -39.86473944753127 42.20000076293945 30.940000534057617 AB 2.5926011295582274 1.1239600272651276
60559.3912 lsst_hardware_y -16.609871117271002 47.88999938964844 30.020000457763672 AB 2.280395746640876 1.1168829419081063
60566.3157 lsst_hardware_g -10.975208187174784 15.109999656677246 31.420000076293945 AB 1.9310136577612234 1.1856408050108338
60566.3482 lsst_hardware_r 18.265571403242518 23.420000076293945 31.489999771118164 AB 1.6606027638384944 1.1281268776075142
60566.3593 lsst_hardware_y 50.87144041038734 48.130001068115234 30.020000457763672 AB 1.6459633418363038 1.119829918473503
60568.3525 lsst_hardware_i 15.149273345694684 43.47999954223633 31.280000686645508 AB 4.5975997961845145 1.1205458923189167
60568.3718 lsst_hardware_z -88.00709281227344 47.18000030517578 30.959999084472656 AB 4.633054631106658 1.1176779762635929
60571.3505 lsst_hardware_z -17.02197841518053 68.16999816894531 30.979999542236328 AB 5.628568212892892 1.1178884236132853
60571.3693 lsst_hardware_r 83.92504686143172 96.5999984741211 31.639999389648438 AB 5.8401560473785805 1.1198765191521725
60578.3269 lsst_hardware_g -47.5071805551725 24.020000457763672 31.559999465942383 AB 3.819502949143834 1.1196510501691912
60578.3417 lsst_hardware_r 4.232570643747174 30.81999969482422 31.540000915527344 AB 4.6644790635822 1.1171067090365703
60580.2947 lsst_hardware_i 28.25127180554324 31.299999237060547 31.229999542236328 AB 4.35842788555398 1.1486676321410825
60580.3133 lsst_hardware_z 14.552520093730463 42.2400016784668 30.940000534057617 AB 4.267226398727339 1.125076169634136
60584.3272 lsst_hardware_r 42.531261266671734 23.200000762939453 31.479999542236328 AB 3.573059715916959 1.117454172296156
60584.3452 lsst_hardware_i 9.259438192472508 31.31999969482422 31.239999771118164 AB 2.785539464560615 1.1285102489779668
60586.3262 lsst_hardware_z 16.192504531697793 42.20000076293945 30.940000534057617 AB 2.953571143084342 1.118882902958364
60586.3448 lsst_hardware_i 18.326788873582185 31.3700008392334 31.239999771118164 AB 2.674822993046467 1.1342005624224307
60588.2975 lsst_hardware_r -38.82248744977516 23.329999923706055 31.489999771118164 AB 6.3891538375766475 1.1207730974581682
60588.3165 lsst_hardware_u 0.4188230319793595 2.740000009536743 28.440000534057617 AB 6.389795486675133 1.1175041294192263
60590.2903 lsst_hardware_g 12.281484242066599 14.3100004196167 31.43000030517578 AB 4.14822019539152 1.1218480651018263
60590.3105 lsst_hardware_r 22.7874462057203 23.360000610351562 31.5 AB 3.8762036942231215 1.1173835959128666
60592.2904 lsst_hardware_i -71.71377443669398 31.469999313354492 31.25 AB 3.5981041252320543 1.1188714564079982
60592.3085 lsst_hardware_z 41.57752582968168 42.560001373291016 30.950000762939453 AB 3.1185758475258125 1.1183703953831552
60596.2909 lsst_hardware_r 36.1959622514044 37.61000061035156 31.579999923706055 AB 6.402494780864847 1.1169252528875224
60596.3099 lsst_hardware_i 51.47910685620255 38.029998779296875 31.270000457763672 AB 5.653908260384644 1.1260896120268171
60599.2869 lsst_hardware_z -3.0858620283661673 67.91999816894531 30.979999542236328 AB 6.892663090016089 1.1176083272103468
60599.3051 lsst_hardware_i -86.86541551327406 76.43000030517578 31.31999969482422 AB 6.1193894362082455 1.129385931013518
60601.294 lsst_hardware_z 228.8955747027866 119.23999786376953 31.739999771118164 AB 4.271899552897263 1.124184092867701
60603.2791 lsst_hardware_r -55.38896956817423 87.06999969482422 31.639999389648438 AB 2.228073925924948 1.118604598406023
60603.2971 lsst_hardware_i 70.81281245316819 73.19999694824219 31.31999969482422 AB 2.6204571066814486 1.132640034584785
60605.2872 lsst_hardware_z -35.81334435939577 70.72000122070312 31.709999084472656 AB 4.155165377626399 1.1278440292132275
60607.2513 lsst_hardware_r 3.506411336984714 27.06999969482422 31.530000686645508 AB 4.249061724651467 1.1181741380661756
60607.2688 lsst_hardware_g 34.268089106925025 20.649999618530273 31.540000915527344 AB 4.251639370893072 1.1188524660244925
60611.2534 lsst_hardware_z -19.418950605277985 42.66999816894531 30.950000762939453 AB 2.9557921603310984 1.1174313503867417
60611.2703 lsst_hardware_i 48.355190064568134 31.770000457763672 31.25 AB 2.9895201494183925 1.127340889731026
60615.24 lsst_hardware_g -10.019705526239289 14.649999618530273 31.420000076293945 AB 5.016506095140847 1.1170131585706629
60615.2589 lsst_hardware_r -19.28725926740523 23.90999984741211 31.489999771118164 AB 3.524900090152735 1.126886218079519
60617.2389 lsst_hardware_i 19.338258983337713 31.610000610351562 31.25 AB 6.163471667160652 1.1179211004523553
60620.2011 lsst_hardware_r 9.744553388578902 23.899999618530273 31.489999771118164 AB 6.181734726803539 1.1277965294054346
60620.2198 lsst_hardware_g -12.284586050624236 14.75 31.43000030517578 AB 5.18554387580631 1.117172827821876
60624.2344 lsst_hardware_z 39.666837890266116 44.68000030517578 30.950000762939453 AB 2.604010274965983 1.1269519366558929
60624.254 lsst_hardware_i -29.246047152842607 35.189998626708984 31.25 AB 1.9914888308586982 1.1542074846802404
60631.2189 lsst_hardware_i -91.2323291094029 89.06999969482422 31.31999969482422 AB 5.179428813023576 1.1306327904439155
60631.2383 lsst_hardware_z 149.49543215700933 78.06999969482422 30.979999542236328 AB 5.236283939508176 1.1608455222542098
60633.2176 lsst_hardware_r -19.53582298241042 61.119998931884766 31.6200008392334 AB 5.585303637497682 1.1356090079629308
60633.2367 lsst_hardware_g -21.7561928641401 62.70000076293945 31.670000076293945 AB 5.758701269342634 1.1690816314009747
60635.0833 lsst_hardware_u 3.273786147543522 2.559999942779541 28.209999084472656 AB 6.108875921205001 1.3664860577575215
60640.194 lsst_hardware_i 51.17244376744652 31.899999618530273 31.239999771118164 AB 4.053440883613588 1.130272815228606
60640.2141 lsst_hardware_z -11.952825328042978 43.5 30.940000534057617 AB 4.405774659537425 1.161605130607046
60642.1178 lsst_hardware_r 16.73948842588822 23.911916608915973 31.479999542236328 AB 5.8464792105040235 1.1631119634948903
60642.1328 lsst_hardware_u -3.7633968690518302 2.7018721461777684 28.3799991607666 AB 5.741680584012015 1.1373793622791142
60644.1816 lsst_hardware_g -17.669930316727648 14.391867492953315 31.40999984741211 AB 8.716495029753128 1.1287141508258696
60644.2002 lsst_hardware_r 28.345295665102622 23.550117053055654 31.479999542236328 AB 8.92762670383036 1.1557172340632385
60646.185 lsst_hardware_i 27.247753249592254 31.708888316691283 31.239999771118164 AB 7.283435855868097 1.139538795619883
60646.2052 lsst_hardware_z 31.698391079791385 43.318472228424106 30.940000534057617 AB 7.528227668447138 1.1784337597360586
60650.1531 lsst_hardware_u 6.8277364744212115 2.897867568319906 28.40999984741211 AB 4.988406609113635 1.1196064659664764
60650.1709 lsst_hardware_r 31.778840782122103 23.733011617551696 31.489999771118164 AB 4.637451247490918 1.135238983473909
60656.1477 lsst_hardware_y 162.80514176616637 56.19037011845207 30.030000686645508 AB 11.634201410645597 1.1275818318424762
60656.166 lsst_hardware_r 140.95485076829365 85.42560330746429 31.6299991607666 AB 11.902037470362597 1.1530375047982622
60658.1518 lsst_hardware_i 474.9239391842195 94.83284429524319 31.31999969482422 AB 8.968399949467823 1.1389186044813504
60658.1698 lsst_hardware_z 189.85317612699285 82.07353654350473 30.979999542236328 AB 9.346587883337302 1.172160916990644
60665.0867 lsst_hardware_r 670.3599315475632 34.25361140093363 31.489999771118164 AB 4.364771237065595 1.1210885026709576
60665.1082 lsst_hardware_u 5.2831781579295995 3.4872311285426525 28.40999984741211 AB 4.452689995327298 1.1180172402058184
60668.0797 lsst_hardware_g 174.35093280080918 19.32493702953187 31.40999984741211 AB 8.051176781982539 1.1203975482859732
60668.1009 lsst_hardware_r 733.1285215053899 35.61021896707829 31.489999771118164 AB 6.7823059843683025 1.1183158389659342
60670.0824 lsst_hardware_i 1001.4572760972253 44.20006835509803 31.239999771118164 AB 7.151116795509166 1.1173183540502647
60670.1023 lsst_hardware_z 583.3171419875991 48.49236981323778 30.940000534057617 AB 5.677831256487366 1.1217684987627607
60674.0823 lsst_hardware_r 1550.7693848064312 51.13000618341261 32.25 AB 8.405518381643677 1.1176312529609322
60674.1053 lsst_hardware_i 2037.528193746372 63.42836966727219 31.989999771118164 AB 8.423044268942748 1.1351429222657927
60676.0481 lsst_hardware_y 180.2643400614476 52.673415181295134 30.020000457763672 AB 7.775873260782945 1.1278739622053002
60676.0697 lsst_hardware_z 663.4837178667613 48.899672936127985 30.940000534057617 AB 7.695750174549724 1.1168622024421595
60678.0477 lsst_hardware_y 194.36930524696749 54.210692277528054 30.020000457763672 AB 7.5616169235368185 1.123471257845925
60678.0711 lsst_hardware_u -1.0324619600162732 2.7004708796334285 28.31999969482422 AB 7.674004640069573 1.1175599286517721
60680.0481 lsst_hardware_y 308.13792592796216 53.90002439145886 30.030000686645508 AB 11.822061966165606 1.119778542852532
60680.0694 lsst_hardware_r 588.0658891835753 35.73457623051214 31.510000228881836 AB 11.930849863129726 1.1187968738868836
60684.0402 lsst_hardware_y 187.82124928230624 68.54296900709286 30.040000915527344 AB 7.70895123123759 1.1184550208542023
60684.0609 lsst_hardware_z 612.5848299596047 62.53154563560897 30.969999313354492 AB 9.456837466197872 1.119914434816339
60686.0416 lsst_hardware_y 329.96045775172314 64.72313418064594 30.030000686645508 AB 7.49240721814134 1.1169083283770538
60686.0652 lsst_hardware_i 945.8881544315567 77.15954299649817 31.309999465942383 AB 6.987484587740153 1.1270136431838955
60688.0405 lsst_hardware_y 174.92174648067143 70.86413301203824 30.040000915527344 AB 4.3018272191705895 1.1169708895198
60688.0598 lsst_hardware_i 866.5180264799645 77.920661402372 31.31999969482422 AB 2.4587053848098073 1.1270709992252304
60911.417 lsst_hardware_g -15.886174374754434 17.700000762939453 31.489999771118164 AB 3.778091554976457 1.1187715590691316
60913.4055 lsst_hardware_i 67.35150697345419 31.6299991607666 31.25 AB 2.283706133697024 1.1219845897385583
60913.4228 lsst_hardware_y 32.34823398097688 71.13999938964844 30.040000915527344 AB 2.620593497411444 1.1169681739338835
60931.392 lsst_hardware_z -49.95584506068512 76.33000183105469 31.719999313354492 AB 2.303143695452224 1.1256811805729345
60933.3496 lsst_hardware_r 17.032665582263668 29.469999313354492 31.540000915527344 AB 1.4887588209318647 1.1228853457690235
60933.3678 lsst_hardware_g -17.476235954099877 23.030000686645508 31.56999969482422 AB 1.5114096049580754 1.1169426813337175
60935.3487 lsst_hardware_r -4.345899037156774 23.59000015258789 31.489999771118164 AB 1.3278274484342447 1.1200568945037914
60935.3661 lsst_hardware_i -27.599252665608628 31.739999771118164 31.239999771118164 AB 1.4432297564441852 1.1174833576798229
60937.3394 lsst_hardware_i 16.538382869557356 31.1299991607666 31.239999771118164 AB 5.626859824241545 1.1223789543039628
60937.3595 lsst_hardware_z 13.699695722550613 42.130001068115234 30.940000534057617 AB 5.995941287745817 1.1172561405741854
60939.3391 lsst_hardware_r 8.44373033379139 23.149999618530273 31.489999771118164 AB 2.383217018051671 1.119406772217788
60939.3594 lsst_hardware_u 0.011390232408792783 2.7100000381469727 28.420000076293945 AB 2.3450282336279495 1.1188111801670009
60942.3361 lsst_hardware_g -17.604247466554074 14.130000114440918 31.399999618530273 AB 4.4887468844202205 1.1175767171468245
60942.3553 lsst_hardware_r 7.138584427095479 23.260000228881836 31.489999771118164 AB 4.662089026688333 1.1208291926165004
60944.3324 lsst_hardware_i -4.487176975481051 31.149999618530273 31.239999771118164 AB 3.823307015698808 1.1172182386495622
60944.3507 lsst_hardware_z 1.6366048548382928 42.18000030517578 30.940000534057617 AB 4.694700563635272 1.1213456760275053
60946.2878 lsst_hardware_r -2.438782252836846 23.3799991607666 31.479999542236328 AB 4.032757195449566 1.1575908705990863
60946.3072 lsst_hardware_g 10.183733225733473 14.15999984741211 31.399999618530273 AB 4.2834720226158085 1.1289129463100611
60949.3275 lsst_hardware_r -54.34100687601329 23.139999389648438 31.479999542236328 AB 5.023837894351015 1.1174016668931224
60949.3455 lsst_hardware_i -15.896598113768544 31.360000610351562 31.239999771118164 AB 4.730981953908666 1.1281478339308584
60951.3232 lsst_hardware_z 14.512224809186751 46.47999954223633 30.950000762939453 AB 3.6257273049743004 1.117671795614766
60951.3431 lsst_hardware_i -35.97641809676448 31.530000686645508 31.229999542236328 AB 3.2810476392403123 1.1313957376690733
60956.2904 lsst_hardware_y 52.69342648160419 61.060001373291016 30.040000915527344 AB 4.187237333802328 1.120580910027385
60956.3093 lsst_hardware_r -292.1112012956007 113.1500015258789 31.639999389648438 AB 4.0021553576182995 1.1176083098623044
60958.2909 lsst_hardware_i 12.661856165785107 69.44999694824219 31.31999969482422 AB 3.6028189467723895 1.117990932773139
60958.3091 lsst_hardware_z 80.96891128000725 64.41999816894531 30.979999542236328 AB 3.1269505998057823 1.119500184905704
60962.2905 lsst_hardware_r 17.318646669635555 26.479999542236328 31.520000457763672 AB 6.4589993483389785 1.117135702570904
60962.3073 lsst_hardware_i 1.1940943119453806 33.380001068115234 31.25 AB 5.675017469225219 1.1256232996810351
60964.2851 lsst_hardware_z 18.43861738565154 42.220001220703125 30.940000534057617 AB 8.134300609005889 1.1171443795558353
60964.3026 lsst_hardware_i -42.229647014106234 31.360000610351562 31.239999771118164 AB 7.926890877403979 1.126298789059924
60966.2828 lsst_hardware_u -0.8617735873127959 2.6500000953674316 28.360000610351562 AB 5.787787287522376 1.117818992327242
60966.2996 lsst_hardware_g -8.381123209580227 14.279999732971191 31.399999618530273 AB 6.939384596434657 1.1286610891463253
60971.2025 lsst_hardware_i 36.058141802377726 45.290000915527344 31.979999542236328 AB 3.950425128236747 1.1985513131787753
60971.2259 lsst_hardware_z 14.46326400610393 43.040000915527344 30.940000534057617 AB 4.070300607565418 1.1462137678829225
60973.2589 lsst_hardware_r 55.02204215843841 23.559999465942383 31.489999771118164 AB 4.244451835425024 1.1169610093223747
60973.2772 lsst_hardware_g -4.635736696127527 14.479999542236328 31.40999984741211 AB 4.277135137920016 1.1255618784000043
60975.2561 lsst_hardware_r 22.002817688717386 23.729999542236328 31.489999771118164 AB 3.6844397187879863 1.117315120301631
60975.2733 lsst_hardware_i -29.316313864610805 31.790000915527344 31.239999771118164 AB 3.7142144821132943 1.1269709420050604
60980.2386 lsst_hardware_r -17.565797607664646 46.380001068115234 31.600000381469727 AB 5.475132975523066 1.1168992045266157
60980.257 lsst_hardware_z 95.08873330442596 47.619998931884766 30.950000762939453 AB 5.673442372527038 1.1246416755372746
60992.2342 lsst_hardware_i -16.09722629473736 31.670000076293945 31.229999542236328 AB 7.576541289972791 1.135034025113916
60992.2526 lsst_hardware_z -39.507044243550766 43.27000045776367 30.940000534057617 AB 5.221367203220017 1.166525291157287
