data/validation/pwv_sim_epoch_fit_4/49666122.ecsv
# %ECSV 0.9
# ---
# datatype:
# - {name: time, datatype: float64}
# - {name: band, datatype: string}
# - {name: flux, datatype: float64}
# - {name: fluxerr, datatype: float64}
# - {name: zp, datatype: float64}
# - {name: zpsys, datatype: string}
# - {name: pwv, datatype: float64}
# - {name: airmass, datatype: float64}
# meta: {SNID: '49666122', alt: 1024.0, c: 0.12112497538328171, dec: -38.873585, lat: -30.244573, lon: -70.7499537, ra: 46.054688, t0: 62349.6171875,
#   x0: 2.5188300401994834e-05, x1: -1.016004204750061, z: 0.3109131455421448}
# schema: astropy-2.0
time band flux fluxerr zp zpsys pwv airmass
62360.384 lsst_hardware_r 5731.797905368683 78.29496988524248 31.479999542236328 AB 3.1639311674979083 1.044977678968841
62369.4207 lsst_hardware_z 5554.482530275206 102.46289475124867 31.719999313354492 AB 1.534573006687374 1.01314238997846
62375.3597 lsst_hardware_z 2472.971196183407 73.06150826258471 30.969999313354492 AB 2.7773049948630497 1.0257189443049548
62375.3706 lsst_hardware_y 789.8424182921854 58.058827796249574 30.059999465942383 AB 2.7970287622602914 1.0175330487820136
62380.4124 lsst_hardware_i 2625.5405220791486 63.568816684685586 31.280000686645508 AB 0.6982644291673089 1.0269853107007854
62382.4078 lsst_hardware_z 2213.512767049003 63.89434587270745 30.950000762939453 AB 1.1800987163950496 1.0278113366771697
62385.4099 lsst_hardware_g 292.6086237282483 26.4132964953857 31.549999237060547 AB 0.7492380660229939 1.0394054095116678
62387.4089 lsst_hardware_i 2046.3045738916485 57.0937077255867 31.280000686645508 AB 2.345961959185561 1.0454375932199471
62389.3936 lsst_hardware_i 1754.9149960553812 50.750962614586044 31.239999771118164 AB 2.3707841504363625 1.0329464020491015
62389.4048 lsst_hardware_u 5.304325589004303 5.411488120877084 28.8700008392334 AB 2.3639861323818585 1.0474019195311737
62393.3893 lsst_hardware_i 1384.2005421031943 47.932721879578125 31.25 AB 1.2652746654559865 1.0410213222812368
62393.401 lsst_hardware_r 723.7187406955858 36.680048853501326 31.520000457763672 AB 1.2829212301880366 1.0586614469988829
62395.3958 lsst_hardware_u 5.6857165060840416 3.9333799687757343 28.690000534057617 AB 4.469068412669514 1.059104608421561
62399.3808 lsst_hardware_i 1254.9912149343463 47.969779566896506 31.270000457763672 AB 6.256789986180366 1.0524162461684015
62399.3921 lsst_hardware_z 841.3616230399082 52.33629499327996 30.950000762939453 AB 6.235003116734384 1.07231973802294
62409.181 lsst_hardware_z 638.9652757828324 49.93003507265244 30.93000030517578 AB 5.19912964074031 1.2343124221280362
62411.359 lsst_hardware_z 707.7418309713853 48.538020375565196 30.950000762939453 AB 2.6009209990426525 1.0716608978338082
62411.3706 lsst_hardware_i 891.8083562615899 44.06364013246379 31.25 AB 2.6345164849359333 1.0966490155135893
62413.3232 lsst_hardware_u 2.212099486128356 2.810427137645558 28.469999313354492 AB 2.732013841020017 1.027845688871338
62413.335 lsst_hardware_g 146.9592132569406 17.70379240618561 31.40999984741211 AB 2.4980287697577084 1.0414238895599117
62414.3449 lsst_hardware_r 395.22340349503395 30.88795010637017 31.479999542236328 AB 8.061941905421252 1.060781829660691
62414.3572 lsst_hardware_i 818.3287351809814 42.14854367568377 31.239999771118164 AB 8.244571303065145 1.0848120135612034
62416.3425 lsst_hardware_z -20.918156726455777 41.38999938964844 30.940000534057617 AB 3.8385565828292156 1.0662657174525598
62416.3542 lsst_hardware_u -3.164872704441602 2.5999999046325684 28.3700008392334 AB 3.924988114765809 1.090274476323836
62418.3514 lsst_hardware_g 15.437505324473552 13.130000114440918 31.3799991607666 AB 3.1211962649439107 1.0964389689498515
62418.3631 lsst_hardware_r 17.529605525485874 22.3700008392334 31.479999542236328 AB 3.212206564536917 1.1268923222371223
62420.3397 lsst_hardware_i 27.899255397008826 30.239999771118164 31.239999771118164 AB 4.75445579508219 1.0824031405991699
62420.3511 lsst_hardware_z 59.781567270562036 41.79999923706055 30.940000534057617 AB 4.873473899180384 1.1091832487465239
62422.2812 lsst_hardware_z 63.08489389908031 40.290000915527344 30.950000762939453 AB 5.643928741978472 1.0152472628352822
62422.2945 lsst_hardware_i -31.895563929501854 29.68000030517578 31.25 AB 5.439548209327015 1.0240755963590238
62425.3244 lsst_hardware_r -6.0834447560456315 22.079999923706055 31.489999771118164 AB 7.562623265806671 1.0789361706971663
62425.3355 lsst_hardware_i 6.090697938232067 30.530000686645508 31.239999771118164 AB 8.067348585654093 1.1042464614384688
62427.3249 lsst_hardware_z -81.9816905533392 61.709999084472656 31.700000762939453 AB 6.720196452241752 1.0919454778056985
62429.3119 lsst_hardware_z -3.1636737614699855 57.810001373291016 30.979999542236328 AB 1.3683009876759802 1.0757083236446385
62429.3231 lsst_hardware_r 44.39214350015864 66.08000183105469 31.6299991607666 AB 1.273945611326909 1.1006009601096407
62433.3101 lsst_hardware_i 13.974930652618816 65.27999877929688 31.31999969482422 AB 3.5395902252695794 1.0956222323366032
62433.3208 lsst_hardware_z 33.18552000670245 60.7599983215332 30.969999313354492 AB 3.5202629974423334 1.1230998848618297
62435.3111 lsst_hardware_i -71.2087753438106 51.029998779296875 31.299999237060547 AB 1.4573815450470018 1.1116564035442726
62435.3218 lsst_hardware_z -77.74778882053288 52.369998931884766 30.959999084472656 AB 1.5535346019647214 1.1420249463104009
62438.3036 lsst_hardware_r -39.336618173066086 36.349998474121094 31.56999969482422 AB 3.3435668686999467 1.1134706783704102
62438.3142 lsst_hardware_i 43.11086271517657 37.689998626708984 31.260000228881836 AB 3.489120859199112 1.1438490413722364
62440.3002 lsst_hardware_z -62.31097574411582 42.540000915527344 30.940000534057617 AB 3.823057918238577 1.1189983662339662
62440.3104 lsst_hardware_u -1.3071517348351402 4.289999961853027 28.719999313354492 AB 3.9462578625669877 1.1490608160439642
62442.3057 lsst_hardware_g -5.813304846750543 13.609999656677246 31.360000610351562 AB 3.5066734014686753 1.1514908279778926
62442.3177 lsst_hardware_r -2.342532314319917 22.920000076293945 31.459999084472656 AB 3.659132741079863 1.1935846714408036
62458.2324 lsst_hardware_y -26.372184920805722 73.06999969482422 30.790000915527344 AB 4.873554824938324 1.0750686207330997
62465.0543 lsst_hardware_z 69.22624634173553 59.20000076293945 31.690000534057617 AB 5.885301633963224 1.1382461336356684
62465.0647 lsst_hardware_i 81.64455538781857 42.709999084472656 31.989999771118164 AB 5.762389651155753 1.1092184121570265
62466.1436 lsst_hardware_r 22.348339030220387 32.869998931884766 31.579999923706055 AB 5.260379093745135 1.011141442677948
62466.1556 lsst_hardware_z -105.90915762857955 43.849998474121094 30.959999084472656 AB 5.291664570094017 1.0130657590199497
62468.1843 lsst_hardware_r 20.208047515959844 26.3700008392334 31.530000686645508 AB 3.4402148496950242 1.040728519835915
62468.1969 lsst_hardware_u 2.640177681926466 3.569999933242798 28.6200008392334 AB 3.4309784394885057 1.059816239545461
62477.1988 lsst_hardware_r -17.54981320447804 21.959999084472656 31.469999313354492 AB 4.513680338232305 1.1179855527325722
62477.2103 lsst_hardware_u -3.2429797810097893 2.5899999141693115 28.360000610351562 AB 4.900522579129288 1.152025054843699
62485.1041 lsst_hardware_z 19.419774519142376 66.73999786376953 31.719999313354492 AB 7.87685880754567 1.0131948476944106
62487.0964 lsst_hardware_r -72.77082543882867 62.720001220703125 31.649999618530273 AB 9.679624505572482 1.0125130235953932
62487.1094 lsst_hardware_i 56.71592707894251 52.630001068115234 31.31999969482422 AB 9.85146278775347 1.0184144852949286
62489.1006 lsst_hardware_z -42.377417017199306 57.41999816894531 30.989999771118164 AB 3.1006795661104785 1.0164496200985014
62489.1151 lsst_hardware_r -74.51097308065309 77.6500015258789 31.65999984741211 AB 3.145556776701336 1.0272883006862625
62491.1074 lsst_hardware_z 122.36360988643082 82.56999969482422 31.739999771118164 AB 3.1781834284388455 1.0252204607867244
62495.0881 lsst_hardware_i -65.0290911423109 41.83000183105469 32.0 AB 6.188240041338202 1.018766109616529
62495.1012 lsst_hardware_r -63.62635844805483 47.04999923706055 32.34000015258789 AB 6.240576038875534 1.0297555445527582
62499.0844 lsst_hardware_r -6.076678292391183 21.690000534057617 31.5 AB 7.68158657065221 1.024211542753628
62499.0961 lsst_hardware_i 27.847546374754497 29.809999465942383 31.25 AB 7.771945132095289 1.0362593509460385
62501.0817 lsst_hardware_z -43.84379350879523 40.43000030517578 30.950000762939453 AB 7.726360928695774 1.0266907087496735
62501.0941 lsst_hardware_r 17.555816596789757 21.649999618530273 31.479999542236328 AB 7.781189735782818 1.0406138061896113
62503.0778 lsst_hardware_u -1.1952025725399584 2.559999942779541 28.3799991607666 AB 6.982103949053094 1.028191235379898
62503.0899 lsst_hardware_g -10.675504457293346 12.920000076293945 31.3799991607666 AB 5.2820798806257026 1.0422929072321447
62725.4317 lsst_hardware_g 8.643434113319913 43.09000015258789 31.709999084472656 AB 3.1028147835069486 1.0111829178774479
62735.4247 lsst_hardware_g -15.258350751978726 33.029998779296875 31.670000076293945 AB 1.7169556027537745 1.0156495727615849
62736.3569 lsst_hardware_z -25.006576333977755 41.060001373291016 30.950000762939453 AB 2.0900115824764947 1.0418801507858895
62736.377 lsst_hardware_y 33.54596230047952 46.72999954223633 30.059999465942383 AB 2.299998509826217 1.021011472251946
62747.417 lsst_hardware_u -9.43465850540792 11.520000457763672 29.309999465942383 AB 0.8857405461731809 1.0371669158936545
62751.4027 lsst_hardware_r -8.211385452234405 22.540000915527344 31.5 AB 2.1410265361188334 1.033189304436643
62751.4148 lsst_hardware_u -13.939778533023096 11.270000457763672 29.309999465942383 AB 2.1385118234848903 1.0490614782854502
62753.3946 lsst_hardware_g 2.151396716109851 13.4399995803833 31.40999984741211 AB 3.6961938581653837 1.030321872702841
62753.4058 lsst_hardware_r 2.3943594368598946 24.8700008392334 31.520000457763672 AB 3.754113578334451 1.0439451009202931
62755.4077 lsst_hardware_i -0.9257589705482946 58.47999954223633 31.31999969482422 AB 2.6292368298011115 1.055035678234855
62758.1931 lsst_hardware_i -61.514834887843016 68.54000091552734 31.260000228881836 AB 1.2386823730556775 1.4130799958806093
62758.2159 lsst_hardware_z -100.00690065134548 62.220001220703125 30.950000762939453 AB 1.5633403225954472 1.278718824289207
62762.3927 lsst_hardware_y 316.315649010047 72.19999694824219 30.799999237060547 AB 1.7962881167720741 1.0620021383094156
62764.3778 lsst_hardware_g -21.163677239158776 23.59000015258789 31.600000381469727 AB 5.906053633259468 1.0468323476280408
62764.3897 lsst_hardware_r 7.0134116274672005 29.079999923706055 31.549999237060547 AB 6.361340924961584 1.0664444132374826
62767.3697 lsst_hardware_z 12.23823772444079 41.0099983215332 30.950000762939453 AB 1.878602208978525 1.0469638913124513
62767.3824 lsst_hardware_r 41.42096373607767 22.65999984741211 31.489999771118164 AB 1.5190209683584266 1.068103341163783
62772.3512 lsst_hardware_g 1.2123607818521247 12.869999885559082 31.3799991607666 AB 4.951959126919314 1.0402729114898663
62772.3633 lsst_hardware_r -18.699761982865617 21.649999618530273 31.469999313354492 AB 4.985741363330215 1.0583752827745507
62774.3565 lsst_hardware_i 6.584141428816018 29.84000015258789 31.239999771118164 AB 3.4160760616989823 1.05613728913254
62774.3686 lsst_hardware_r 2.777434658516213 21.860000610351562 31.469999313354492 AB 3.456660382108326 1.0785772683265533
62776.1438 lsst_hardware_r -25.905265382314177 41.709999084472656 32.619998931884766 AB 6.209611333521872 1.414167919271696
62776.155 lsst_hardware_i 25.865191519624656 46.150001525878906 31.959999084472656 AB 5.90722032422835 1.342651789732938
62781.3565 lsst_hardware_z -29.273332288587564 41.65999984741211 30.950000762939453 AB 3.9383095025041706 1.093974861806714
62781.3686 lsst_hardware_r -8.747122079650111 22.459999084472656 31.479999542236328 AB 4.050198509181377 1.1250551414392713
62785.1321 lsst_hardware_r -105.19084534257274 142.82000732421875 32.34000015258789 AB 5.9310129742433215 1.3329117479008399
62785.1487 lsst_hardware_z 120.22794588548302 68.93000030517578 30.959999084472656 AB 5.518739099274648 1.2475485869809317
62787.3231 lsst_hardware_i 95.31376917851195 67.08999633789062 31.329999923706055 AB 5.636069438291573 1.059660528938486
62787.3342 lsst_hardware_r -153.5583590693192 83.94000244140625 31.639999389648438 AB 5.89103456931806 1.0808576666842915
62789.3298 lsst_hardware_z 4.363552531239212 73.68000030517578 31.719999313354492 AB 6.158576625003413 1.0831123153364342
62791.3349 lsst_hardware_r -56.066283859165054 44.560001373291016 31.610000610351562 AB 5.417089419957064 1.10788364788212
62791.345 lsst_hardware_i -34.37538599000382 42.2599983215332 31.280000686645508 AB 5.5638483142605235 1.1357883058506544
62793.3119 lsst_hardware_z 27.95261321988575 43.290000915527344 30.959999084472656 AB 4.062277046378368 1.0690202753627285
62793.324 lsst_hardware_r -56.31492162433187 31.59000015258789 31.56999969482422 AB 4.1594362465060275 1.094588485922639
62794.1347 lsst_hardware_i 21.25387493652711 54.310001373291016 32.41999816894531 AB 4.070416973341049 1.2026049753812935
62794.1502 lsst_hardware_z -68.89340196752076 73.5 32.130001068115234 AB 3.8644548888076775 1.14774424972013
62796.3155 lsst_hardware_r 28.92353434285719 22.81999969482422 31.489999771118164 AB 2.671862437133513 1.0938674642827828
62796.3261 lsst_hardware_z -41.05219392872397 42.290000915527344 30.940000534057617 AB 2.7061386013206277 1.1207476519705792
62799.3122 lsst_hardware_r -8.758098123044947 22.149999618530273 31.479999542236328 AB 4.198193516316714 1.1057091917782789
62799.3233 lsst_hardware_u 2.5909373956506085 2.549999952316284 28.31999969482422 AB 4.312777720905437 1.1362122692235888
62803.3068 lsst_hardware_r 25.34050366308665 22.540000915527344 31.489999771118164 AB 3.39598202627959 1.1202315771991946
62803.3174 lsst_hardware_i 6.838568399131328 31.360000610351562 31.239999771118164 AB 3.478576907435955 1.1517830939029705
62807.3006 lsst_hardware_z 0.9081699363636384 41.95000076293945 30.940000534057617 AB 3.4021381553877905 1.1336681624084606
62807.3117 lsst_hardware_r 19.86364425052913 22.280000686645508 31.459999084472656 AB 3.5038066483909103 1.1692346991294975
62810.2423 lsst_hardware_z -31.747324526816108 46.689998626708984 30.969999313354492 AB 4.349392908794719 1.0339695492201877
62813.2456 lsst_hardware_z 124.60654482572127 85.94999694824219 31.729999542236328 AB 4.984811360084098 1.0491762781247864
62819.1706 lsst_hardware_r -47.96385384815247 52.13999938964844 31.639999389648438 AB 4.0963068327991765 1.0117252293580479
62819.182 lsst_hardware_i 12.734452954038929 46.119998931884766 31.309999465942383 AB 4.090962401154184 1.0114461186305053
62822.2428 lsst_hardware_z 36.21495755121846 43.90999984741211 30.950000762939453 AB 5.880169263616653 1.0899462636648671
62822.2543 lsst_hardware_i -15.58180456790227 36.459999084472656 31.270000457763672 AB 4.5071215470590245 1.118531219024451
62827.1573 lsst_hardware_i 22.780765314658467 41.65999984741211 32.0 AB 4.2259061673767615 1.0111839283852668
62827.1747 lsst_hardware_z 13.744093126005776 40.220001220703125 30.950000762939453 AB 3.8425141277259107 1.0162692747227036
62829.2353 lsst_hardware_g 1.4763870238470604 13.020000457763672 31.360000610351562 AB 8.602104212686422 1.1188394939599295
62829.2477 lsst_hardware_r 26.471483984599157 22.270000457763672 31.459999084472656 AB 8.74195424339281 1.1559736296897345
62831.229 lsst_hardware_i 39.828920576414006 30.299999237060547 31.229999542236328 AB 5.877809238958418 1.1165697462007442
62831.2412 lsst_hardware_z 27.327342999744097 42.029998779296875 30.93000030517578 AB 6.0639864069105665 1.1525934818469732
62833.1917 lsst_hardware_i 33.73431745821439 29.8700008392334 31.25 AB 3.540929632746588 1.050253487393097
62833.2042 lsst_hardware_z -22.873236613206995 41.209999084472656 30.940000534057617 AB 3.614034758298166 1.0719367516824527
62835.1871 lsst_hardware_r -10.630994987897749 21.709999084472656 31.489999771118164 AB 4.681285479590991 1.05158041473403
62838.1755 lsst_hardware_i -68.94145128822485 38.0 31.290000915527344 AB 6.6859728471786735 1.046468527340192
62838.1866 lsst_hardware_z -56.400155901098714 44.61000061035156 30.959999084472656 AB 6.800820012229067 1.0645177364131477
62840.1971 lsst_hardware_r 54.81826073771548 55.900001525878906 31.6200008392334 AB 2.629734170518437 1.0979718884597351
62840.2087 lsst_hardware_z 75.25201329597927 52.06999969482422 30.959999084472656 AB 2.9799444031634943 1.1284462380623475
62842.206 lsst_hardware_r 9.331368843588812 75.0199966430664 31.6200008392334 AB 4.601461528233865 1.1365375090319114
62842.2177 lsst_hardware_i -93.745378571654 62.650001525878906 31.299999237060547 AB 4.954026819520698 1.1747287245435003
62844.1631 lsst_hardware_z 51.90507680149292 61.93000030517578 30.989999771118164 AB 5.762595541456948 1.0524808075351715
62844.1772 lsst_hardware_i 21.699874339635617 69.26000213623047 31.329999923706055 AB 6.567816972586204 1.0780167373961764
62851.0977 lsst_hardware_u 1.3968841302298065 2.6600000858306885 28.479999542236328 AB 10.216526222730652 1.011986116064779
62851.11 lsst_hardware_g -5.137939006893209 12.800000190734863 31.389999389648438 AB 10.260333387078251 1.0167271199266068
62853.0937 lsst_hardware_r 1.0094914619890785 21.559999465942383 31.5 AB 3.9438728522523325 1.0123309995083514
62853.1078 lsst_hardware_i 8.433438583504463 29.559999465942383 31.25 AB 3.9126234600988186 1.0186912892424782
62855.0991 lsst_hardware_z -21.284869590111516 40.36000061035156 30.959999084472656 AB 3.4170945830469153 1.0167402677055042
62855.1115 lsst_hardware_r 10.185436156039751 21.670000076293945 31.5 AB 3.3976256581001887 1.0258273467655277
62858.0872 lsst_hardware_r -8.466318496467364 21.6299991607666 31.489999771118164 AB 4.357503140457334 1.0148675895793806
62858.0997 lsst_hardware_u 3.294688885230815 2.6600000858306885 28.469999313354492 AB 4.391260717589549 1.0227297688664425
62860.088 lsst_hardware_g -26.090200833833915 12.989999771118164 31.399999618530273 AB 6.130147652518717 1.0182546659222984
62860.1012 lsst_hardware_i -12.871749580774404 29.760000228881836 31.25 AB 6.2362857028522765 1.0290475975170323
62863.0746 lsst_hardware_z 38.45894071078769 40.349998474121094 30.950000762939453 AB 6.393390941250153 1.0153611870699024
62863.0859 lsst_hardware_r -8.808281343017294 21.809999465942383 31.5 AB 5.510857135412326 1.02261219807243
62865.0746 lsst_hardware_y -17.809174129056558 46.7599983215332 30.059999465942383 AB 8.613671780399057 1.0184153048405211
62865.0874 lsst_hardware_g 20.23285558496288 18.190000534057617 31.540000915527344 AB 7.59319751773243 1.0289001706522112
62866.0776 lsst_hardware_r 27.312609029203642 29.25 31.56999969482422 AB 7.688373130060242 1.0225260180955096
62866.0914 lsst_hardware_i 24.987911119896363 33.54999923706055 31.280000686645508 AB 7.6865473868989564 1.0363418345556097
62868.0786 lsst_hardware_z 26.723953977540884 45.7599983215332 30.959999084472656 AB 7.380414934749767 1.0282948543678851
62868.0911 lsst_hardware_r 27.717154953808983 42.869998931884766 31.610000610351562 AB 5.314778919669775 1.0429826658823085
