data/validation/pwv_sim_epoch_fit_4/49973994.ecsv
# %ECSV 0.9
# ---
# datatype:
# - {name: time, datatype: float64}
# - {name: band, datatype: string}
# - {name: flux, datatype: float64}
# - {name: fluxerr, datatype: float64}
# - {name: zp, datatype: float64}
# - {name: zpsys, datatype: string}
# - {name: pwv, datatype: float64}
# - {name: airmass, datatype: float64}
# meta: {SNID: '49973994', alt: 1024.0, c: -0.023941723629832268, dec: -18.839405, lat: -30.244573, lon: -70.7499537, ra: 33.925781, t0: 62495.3046875,
#   x0: 3.3336033597518694e-06, x1: 0.9426271319389343, z: 0.7238632440567017}
# schema: astropy-2.0
time band flux fluxerr zp zpsys pwv airmass
[from data line 132]
62777.2724 lsst_hardware_u 1.9023597518041062 2.7300000190734863 28.479999542236328 AB 2.7049878251046264 1.0239701546137387
62779.197 lsst_hardware_z 54.41500775322406 44.189998626708984 30.950000762939453 AB 6.814760604704049 1.076014832321692
62779.2155 lsst_hardware_r -28.11081484143867 33.599998474121094 31.59000015258789 AB 7.073576098755675 1.0449056833270707
62782.2312 lsst_hardware_y 88.54379978400466 71.12000274658203 30.809999465942383 AB 3.3828319892537797 1.0238079160418176
62784.2073 lsst_hardware_r 96.91795508429057 106.12999725341797 31.670000076293945 AB 3.547456125369937 1.038279841571689
62784.2257 lsst_hardware_i 115.60076240639557 82.91999816894531 31.350000381469727 AB 2.6892493986177106 1.023825913179412
62786.2001 lsst_hardware_z -0.24642782799684146 78.05000305175781 31.0 AB 6.40392438278242 1.0402736164363906
62786.2182 lsst_hardware_r -30.654342897036493 114.37999725341797 31.670000076293945 AB 5.636637695364518 1.0248432173390034
62788.1994 lsst_hardware_z -79.47953849316319 61.290000915527344 30.989999771118164 AB 8.533192608184335 1.0350791615944124
62788.2166 lsst_hardware_r 124.27925374709699 79.66999816894531 31.65999984741211 AB 6.445135247231231 1.0230373408303541
62790.1822 lsst_hardware_g 3.145754635946473 51.43000030517578 31.709999084472656 AB 7.972551114353918 1.0494111112941997
62790.1997 lsst_hardware_i 17.943682493416507 47.84000015258789 31.31999969482422 AB 7.823891707324381 1.0298885554056938
62792.177 lsst_hardware_z -44.162997571331665 41.63999938964844 30.959999084472656 AB 6.13406543320329 1.0490363869347776
62792.1948 lsst_hardware_r 54.37405045727377 29.450000762939453 31.56999969482422 AB 6.013681755981746 1.0294462349754772
62795.1779 lsst_hardware_u 6.7649908258891385 2.880000114440918 28.579999923706055 AB 2.6319947502386234 1.037580059226959
62795.1948 lsst_hardware_g -8.889415920880264 14.279999732971191 31.450000762939453 AB 2.5776692610025163 1.0242394414579534
62798.1951 lsst_hardware_z 14.526303776586843 40.93000030517578 30.959999084472656 AB 2.296519496679698 1.021280535138336
62798.2116 lsst_hardware_r -8.817978373664705 22.950000762939453 31.520000457763672 AB 1.4734651773996903 1.022529616516093
62802.1693 lsst_hardware_i -9.575273325060063 30.56999969482422 31.260000228881836 AB 2.120965300481494 1.0280975765783171
62802.1859 lsst_hardware_z 10.445636961042869 41.0099983215332 30.959999084472656 AB 2.1328254725418385 1.0209791634951728
62804.1631 lsst_hardware_r 12.278236669058863 23.040000915527344 31.520000457763672 AB 5.683983754476352 1.0286357063704208
62804.179 lsst_hardware_u 1.8862486520591009 2.950000047683716 28.649999618530273 AB 5.2814265573488415 1.0212233111211895
62808.1468 lsst_hardware_y -174.0979992333898 47.68000030517578 30.049999237060547 AB 4.044803828787431 1.0331335209009849
62808.1664 lsst_hardware_g 5.499199779743004 31.229999542236328 31.68000030517578 AB 4.012491121475002 1.021596653180403
62814.1245 lsst_hardware_z 142.6667741265993 78.95999908447266 31.0 AB 6.6278430384639995 1.0392812625648835
62814.1415 lsst_hardware_r -44.29236259959666 115.62999725341797 31.670000076293945 AB 6.757138681339339 1.0249736338777913
62818.1122 lsst_hardware_r 11.867857431297427 54.810001373291016 31.639999389648438 AB 3.4712169699348987 1.0408966874711076
62818.1313 lsst_hardware_z 56.290887772038964 52.11000061035156 30.979999542236328 AB 5.122951012415084 1.0245902024830167
62830.0922 lsst_hardware_i -37.91952234580814 29.889999389648438 31.239999771118164 AB 5.256475098617475 1.0285637606139273
62830.1117 lsst_hardware_z 39.6993098148687 40.41999816894531 30.950000762939453 AB 5.284842857344387 1.020732565397274
62832.0988 lsst_hardware_r -5.360250512804267 22.40999984741211 31.5 AB 3.893843436966872 1.0221850114544044
62832.1176 lsst_hardware_u 1.1890561410090328 2.740000009536743 28.5 AB 3.9028399149785087 1.0221317978992166
62834.0759 lsst_hardware_u 1.851113805705378 2.759999990463257 28.440000534057617 AB 5.54796112906605 1.0330436884956802
62834.0954 lsst_hardware_g 14.982608686070263 14.149999618530273 31.43000030517578 AB 5.12448632666536 1.021594111040707
62837.0744 lsst_hardware_r -42.3086977516846 34.7599983215332 31.600000381469727 AB 6.464436939394385 1.027623506686263
62837.0918 lsst_hardware_z -11.933574896365837 43.560001373291016 30.959999084472656 AB 6.46113092680839 1.0207964178542366
62841.0626 lsst_hardware_z -54.28757060283658 61.33000183105469 30.989999771118164 AB 3.428164672214587 1.0282437529137933
62841.0817 lsst_hardware_r -110.2059660459856 78.58999633789062 31.65999984741211 AB 3.5026290270682865 1.0207282608383836
62845.0402 lsst_hardware_y -15.47725636656478 55.400001525878906 30.06999969482422 AB 7.497353616385304 1.0388822692188733
62845.0563 lsst_hardware_r 38.31553252669386 84.31999969482422 31.65999984741211 AB 7.538845507495173 1.0252747868208036
62850.0453 lsst_hardware_y -79.73490168601865 48.38999938964844 30.049999237060547 AB 7.869894061009583 1.0239048642489
62850.0638 lsst_hardware_g -2.557567034219319 13.649999618530273 31.420000076293945 AB 7.840081436850493 1.0210270425195351
62852.0484 lsst_hardware_y 115.53855994873078 47.7599983215332 30.059999465942383 AB 11.153024995364982 1.0211288878541396
62852.0689 lsst_hardware_z -34.549359379428665 40.650001525878906 30.950000762939453 AB 11.19573012756148 1.024593221155063
62854.0332 lsst_hardware_y 147.56392470592849 71.80999755859375 30.079999923706055 AB 3.748238772003715 1.0244821716483616
62854.0522 lsst_hardware_u -4.178597344967185 3.0799999237060547 28.6200008392334 AB 4.272579721369164 1.0209270540906006
62856.034 lsst_hardware_z 20.55503922361003 65.16999816894531 31.0 AB 4.5987949928728495 1.0219544428606333
62856.0549 lsst_hardware_r 22.03524788387892 22.739999771118164 31.520000457763672 AB 4.5320007338624615 1.0231597239356112
62859.0338 lsst_hardware_y -48.831826554414796 71.76000213623047 30.079999923706055 AB 6.818054744772203 1.0206668779599106
62859.0563 lsst_hardware_z -8.981038418624806 41.130001068115234 30.950000762939453 AB 6.602226481363358 1.0287046558683617
