data/validation/pwv_sim_epoch_fit_4/50165684.ecsv
# %ECSV 0.9
# ---
# datatype:
# - {name: time, datatype: float64}
# - {name: band, datatype: string}
# - {name: flux, datatype: float64}
# - {name: fluxerr, datatype: float64}
# - {name: zp, datatype: float64}
# - {name: zpsys, datatype: string}
# - {name: pwv, datatype: float64}
# - {name: airmass, datatype: float64}
# meta: {SNID: '50165684', alt: 1024.0, c: -0.050856977701187134, dec: -47.945496, lat: -30.244573, lon: -70.7499537, ra: 51.0, t0: 59866.6328125,
#   x0: 2.7594265609897317e-06, x1: -0.02425343729555607, z: 0.7817567586898804}
# schema: astropy-2.0
time band flux fluxerr zp zpsys pwv airmass
59842.3845 lsst_hardware_i 123.5048320047918 32.865738215915876 31.25 AB 6.09117749425577 1.073650557154092
59842.3976 lsst_hardware_u 12.913992755626053 6.857454515305507 29.020000457763672 AB 6.261165736124858 1.091048862010605
59844.3776 lsst_hardware_g 56.632416657479986 14.935751399504907 31.389999389648438 AB 1.5008512342482216 1.072036595891587
59844.3897 lsst_hardware_r 132.09450700380114 25.5014310358469 31.489999771118164 AB 1.5224028056043624 1.0874305754316875
59850.3673 lsst_hardware_z 293.1162896742155 44.62895781838679 30.940000534057617 AB 5.142088781886726 1.0792504526994913
59850.3803 lsst_hardware_u 0.496611219809631 3.473567122461601 28.399999618530273 AB 4.393038296868139 1.0982595742170347
59856.2749 lsst_hardware_z 455.33454408334416 48.395156985788475 30.959999084472656 AB 2.895749227807407 1.0590652748677254
59856.2912 lsst_hardware_i 830.1655002689328 41.82494271440036 31.25 AB 2.8986041227382837 1.0508852071923442
59858.3566 lsst_hardware_z 461.2035593174741 47.593610535917676 30.940000534057617 AB 6.858903579404765 1.0952341044957707
59858.3688 lsst_hardware_g 134.14764242784713 17.882067304955115 31.3700008392334 AB 6.987298884622918 1.117074162209899
59860.3546 lsst_hardware_r 723.058071846829 78.32569562391738 31.639999389648438 AB 4.837593455477913 1.1009543594622215
59860.3653 lsst_hardware_i 1055.6096191130287 66.39793397056499 31.309999465942383 AB 4.815196918309741 1.1210298583677198
59862.3432 lsst_hardware_z 1368.994342825026 97.1404309861506 31.729999542236328 AB 3.2740819542923756 1.0913606514307919
59864.346 lsst_hardware_z 652.0412683274585 60.11482466594672 30.969999313354492 AB 6.102911123224887 1.1049992980671532
59864.3581 lsst_hardware_r 730.218057854573 74.33872778463034 31.6299991607666 AB 6.264036989465715 1.1288926181718586
59867.3417 lsst_hardware_i 1091.3233001897331 51.952020980063104 31.280000686645508 AB 6.507255785765722 1.112161303326905
59867.3528 lsst_hardware_z 544.1499581694544 52.88237353861652 30.950000762939453 AB 6.640346702830436 1.1353284192568662
59871.3224 lsst_hardware_u 6.791634481883145 3.1961341811771806 28.600000381469727 AB 4.169858758408073 1.0973312522126508
59871.3331 lsst_hardware_g 86.66276752426381 19.060187833799162 31.479999542236328 AB 4.243331382377296 1.116666153257183
59875.3208 lsst_hardware_z 590.2170524803382 48.009904295395295 30.940000534057617 AB 3.469737127945856 1.1139697015638033
59875.3315 lsst_hardware_u 2.392932187759212 2.637457867712393 28.3799991607666 AB 3.582179989629068 1.1365685697244603
59877.3176 lsst_hardware_g 37.80267597052056 14.38793509518146 31.350000381469727 AB 4.229508619757742 1.1184244917825672
59877.3287 lsst_hardware_r 370.2348948278843 29.639658082376357 31.459999084472656 AB 4.320457967873979 1.1428019400553082
59881.3075 lsst_hardware_i 761.7794485244895 39.923824425809045 31.25 AB 3.3632443832423777 1.1200858292325857
59881.3191 lsst_hardware_u 1.612611638074145 2.729195946959958 28.469999313354492 AB 3.4551685827369627 1.1459928964300914
59885.2995 lsst_hardware_r 287.2109196876874 27.036365623474687 31.469999313354492 AB 3.3890324824308644 1.126173842189986
59885.312 lsst_hardware_i 540.8845942897341 38.46810474831484 31.229999542236328 AB 3.477521518059063 1.1555787056020994
59887.305 lsst_hardware_z 1003.3250466773599 73.11123494221684 31.700000762939453 AB 6.564421556131319 1.151652904584442
59896.2562 lsst_hardware_z 282.3504619188201 49.82638667277717 30.950000762939453 AB 4.933325176578721 1.1007791394374238
59896.2679 lsst_hardware_r 88.33062295694009 48.35076849868563 31.600000381469727 AB 5.016275370436128 1.1228791308242791
59898.2198 lsst_hardware_u -2.3193742348570825 3.856195051306906 28.68000030517578 AB 7.806530119970765 1.0621129414924417
59898.2309 lsst_hardware_r 158.65405655326452 31.679202742376116 31.549999237060547 AB 7.871636772880511 1.0728685801936093
59899.2559 lsst_hardware_i 250.17260180689388 36.275873333615664 31.239999771118164 AB 6.534996931100978 1.1151990837958559
59899.2687 lsst_hardware_z 263.5702484302915 46.00042471869677 30.93000030517578 AB 6.706737598217023 1.1429706723275537
59901.243 lsst_hardware_z 247.915775780154 43.781271256520554 30.940000534057617 AB 4.980399543466726 1.1015536728707163
59901.2545 lsst_hardware_r 64.80785059346553 23.56471626117077 31.459999084472656 AB 4.493623631260497 1.1234059078151242
59905.2456 lsst_hardware_r 86.52377396307195 23.316727030853542 31.469999313354492 AB 3.415894028567388 1.1276989282455874
59905.2562 lsst_hardware_i 141.35603365845256 33.23789009282335 31.239999771118164 AB 3.6035970358381353 1.1525363654066532
59907.2385 lsst_hardware_z 129.10141285395008 43.52751320637456 30.940000534057617 AB 8.524698337342505 1.1242101682321892
59907.2514 lsst_hardware_r 60.779786114835495 23.145717720627548 31.459999084472656 AB 10.264869622732377 1.1542207221962943
59909.1566 lsst_hardware_r 64.27573095563423 22.509268404869992 31.479999542236328 AB 5.463991510993086 1.049254250790799
59909.1686 lsst_hardware_u 1.688759093147326 2.642653085283672 28.420000076293945 AB 4.843158910653928 1.0506527393131668
59913.2389 lsst_hardware_r 46.33837598122912 22.917266635337995 31.459999084472656 AB 6.342347054199747 1.164445603586245
59913.2514 lsst_hardware_z 117.27861762322803 44.41831190508617 30.93000030517578 AB 7.304675244437769 1.2014268494141067
59915.1847 lsst_hardware_r 49.93248631967481 42.446992099972626 31.610000610351562 AB 6.7688880029204395 1.0731207529863827
59915.1963 lsst_hardware_y 119.56300530344197 49.84047447810753 30.030000686645508 AB 6.876849371365215 1.0881090777476605
59917.2023 lsst_hardware_z 75.24329390191389 53.19834441642927 30.969999313354492 AB 4.14341446249725 1.1068290269793644
59917.2139 lsst_hardware_r -30.480659240045714 59.576913778595305 31.6200008392334 AB 4.88169520671245 1.1300220385908448
59923.1659 lsst_hardware_g 81.3172306425808 75.38805192937427 31.719999313354492 AB 8.06473953412065 1.076686333601677
59923.1777 lsst_hardware_i 125.20772734325865 55.818721035915786 31.309999465942383 AB 10.640688666869629 1.093006205990563
59926.1224 lsst_hardware_r 9.735740691903137 79.0642214861526 31.649999618530273 AB 12.604258152541254 1.0507196792669817
59926.1348 lsst_hardware_z -33.887016777841204 101.59430213957685 31.0 AB 10.920366279309789 1.0560942212672066
59928.1032 lsst_hardware_i 134.14745710414496 86.28176592212154 31.34000015258789 AB 8.1610352533801 1.0493458077144069
59928.1141 lsst_hardware_r -100.27280535071785 80.33575713099832 31.649999618530273 AB 8.16282512502935 1.0500438022420646
59930.1036 lsst_hardware_u 23.25009541896881 28.84911753321343 29.510000228881836 AB 10.171240516879816 1.049347772880121
59930.1172 lsst_hardware_g 32.36971253940078 88.07365507808152 31.729999542236328 AB 10.192866247547732 1.0527101727392443
59932.1092 lsst_hardware_r 101.35952105743134 79.34402512311118 31.65999984741211 AB 3.2081128050513947 1.0517253212932833
59932.123 lsst_hardware_i -50.65254185038749 84.08840460567394 31.34000015258789 AB 3.2710054851400954 1.0590919492116222
59934.1028 lsst_hardware_z 198.03613083479425 146.60539532651703 31.760000228881836 AB 3.2593510286621545 1.051403557632953
59934.1163 lsst_hardware_r 21.477499981194697 112.73676605905844 32.40999984741211 AB 3.2805100517746313 1.0582290489595585
59936.1025 lsst_hardware_u -37.59559819307923 28.83161327842711 29.510000228881836 AB 4.527762069908734 1.053457903654894
59936.1143 lsst_hardware_g -90.04845210892672 87.85629755551011 31.719999313354492 AB 4.528497712879561 1.060745121111746
59938.1059 lsst_hardware_r 67.95959136463942 80.18428604876213 31.649999618530273 AB 6.421141945211631 1.0585899427460135
59938.1187 lsst_hardware_z 112.353601180103 105.38311681197112 31.0 AB 6.483528245256791 1.0696685081884303
59941.0847 lsst_hardware_i 15.71003901422171 83.96003285713338 31.34000015258789 AB 5.590430857962326 1.0517554605473651
59941.0961 lsst_hardware_r 111.37875206351492 79.14696092571539 31.649999618530273 AB 5.612191838872966 1.0575074126386668
59943.0814 lsst_hardware_z -2.775727065257284 102.20875534251967 31.0 AB 8.73964724281884 1.0525890934385207
59943.0933 lsst_hardware_g 7.65526096057435 86.70694354133347 31.719999313354492 AB 7.7622093364270315 1.0593377843162415
59947.0831 lsst_hardware_z 70.88015288263968 105.39192468226868 31.0 AB 6.821401388183874 1.0598684067459077
59947.095 lsst_hardware_r 79.78419743032835 80.05231900403689 31.649999618530273 AB 4.599262721556904 1.0705918811817754
59949.0897 lsst_hardware_z 307.9789134310433 148.93739227852222 31.75 AB 11.232318910064308 1.0707644337525548
59953.0819 lsst_hardware_r 58.43605791187792 80.12560919250318 31.649999618530273 AB 9.193293212514384 1.0742338411444683
59953.0937 lsst_hardware_y -63.406655121108 113.24013213192809 30.059999465942383 AB 7.126201201234996 1.0898415142397242
60198.406 lsst_hardware_i -17.488385791972785 85.66000366210938 31.329999923706055 AB 2.660833102170272 1.0695383273947634
60200.3235 lsst_hardware_i -45.63792290290229 85.62999725341797 31.329999923706055 AB 2.9207432696706963 1.066938180701745
60200.3408 lsst_hardware_u -7.3539242457189555 28.8700008392334 29.510000228881836 AB 3.028249198075891 1.0542207826199794
60202.398 lsst_hardware_g 27.42817109310669 86.2699966430664 31.709999084472656 AB 1.2810537051632536 1.0726847018324175
60204.4053 lsst_hardware_i 88.38485055697697 85.56999969482422 31.329999923706055 AB 0.7624841749549465 1.089263107078495
60208.3742 lsst_hardware_z 125.03392702235341 105.06999969482422 31.0 AB 2.6255952359921566 1.0651501971570616
60208.3876 lsst_hardware_u 5.937204681130174 28.360000610351562 29.469999313354492 AB 3.440478380851935 1.0798739425147317
60210.3817 lsst_hardware_g 37.539955317931984 87.29000091552734 31.709999084472656 AB 1.5660804104785315 1.0793111030175957
60210.3934 lsst_hardware_r -112.37569092691194 79.66999816894531 31.639999389648438 AB 1.5827530109481294 1.0962158681390715
60214.3654 lsst_hardware_i -17.265564529948435 82.9000015258789 31.329999923706055 AB 5.285657454909342 1.072866871767796
60214.3769 lsst_hardware_z 32.718215248428095 100.88999938964844 31.0 AB 6.115498146249687 1.087650844127879
60216.3685 lsst_hardware_z -95.11749113142204 148.41000366210938 31.75 AB 7.50258262665567 1.0835097424525915
60217.2803 lsst_hardware_y -94.63126649794569 196.7899932861328 31.260000228881836 AB 2.729994601799425 1.063979708398607
60217.2995 lsst_hardware_r -128.5771774950733 159.64999389648438 33.15999984741211 AB 3.925929944051004 1.05196407932762
60217.3236 lsst_hardware_i 52.241876450690434 83.13999938964844 31.34000015258789 AB 3.9823769845940507 1.0502741437579948
60225.3472 lsst_hardware_r 55.51776735896202 79.79000091552734 31.639999389648438 AB 4.86324412552475 1.0881363646011
60225.3584 lsst_hardware_i -153.70290116005626 85.43000030517578 31.329999923706055 AB 4.790722794043822 1.1064024928505558
60228.342 lsst_hardware_z -113.30960099102813 104.8499984741211 30.989999771118164 AB 4.732228081187223 1.09264097926273
60228.3541 lsst_hardware_i 80.81267524543509 85.20999908447266 31.31999969482422 AB 4.872833241431914 1.113663179392507
60233.2852 lsst_hardware_u 14.938973296478334 28.729999542236328 29.5 AB 7.66934326218764 1.05187979776957
60233.2972 lsst_hardware_g 58.47130524240717 87.58999633789062 31.719999313354492 AB 7.415390972690803 1.0581826056258579
60237.2762 lsst_hardware_i 118.66725941401 121.47000122070312 32.09000015258789 AB 1.2838702942406481 1.0526403068384653
60237.2887 lsst_hardware_z 1.9551944295524268 105.13999938964844 31.0 AB 1.2927381028160967 1.0599109889172698
60239.3224 lsst_hardware_r 85.03892033197525 79.5199966430664 31.639999389648438 AB 2.7461617125933833 1.1104950480579816
60239.3335 lsst_hardware_g -5.6965496696125735 86.33000183105469 31.690000534057617 AB 3.578516119766635 1.1333384385642549
60241.3174 lsst_hardware_r -34.480968361648515 78.20999908447266 31.639999389648438 AB 3.5236666254655677 1.1113622494700452
60241.3287 lsst_hardware_i -140.86976157738474 82.41999816894531 31.31999969482422 AB 3.672215032485348 1.1348299139814662
60243.3172 lsst_hardware_z 179.7893959010394 100.70999908447266 30.989999771118164 AB 1.47398604936135 1.1217549842929113
60243.3284 lsst_hardware_i 174.00879052653684 82.41000366210938 31.31999969482422 AB 1.594730539282567 1.1470130946649966
60245.3149 lsst_hardware_z -75.18510653220646 144.52000427246094 31.739999771118164 AB 3.220292623200446 1.1284424435216338
60249.3062 lsst_hardware_i -108.66182878242215 82.80000305175781 31.31999969482422 AB 6.140856230936045 1.1333478125381813
60249.3181 lsst_hardware_z 126.80527514591643 101.06999969482422 30.979999542236328 AB 6.285539375986973 1.1626252005648263
60251.3008 lsst_hardware_r -9.712088641583042 78.05000305175781 31.6299991607666 AB 5.440726807516315 1.133484751565899
60251.3127 lsst_hardware_g -90.8031432590262 84.69000244140625 31.68000030517578 AB 5.581384808639025 1.162788501799797
60263.2519 lsst_hardware_g -70.58230438023858 86.93000030517578 31.709999084472656 AB 5.000780941997704 1.1015744787424269
60263.2634 lsst_hardware_i -22.07600691814706 85.18000030517578 31.31999969482422 AB 5.225200218980801 1.1234372391337073
60265.2429 lsst_hardware_r 17.97814300716574 79.62999725341797 31.639999389648438 AB 6.114129600872065 1.0956894240089996
60265.2545 lsst_hardware_z -0.03367354021335917 104.72000122070312 30.989999771118164 AB 4.51715486766143 1.116449547123495
60270.2351 lsst_hardware_z 150.4539080467954 100.62999725341797 30.989999771118164 AB 3.3935578531792276 1.1056335316613468
60270.2476 lsst_hardware_r 90.59976096361542 77.94999694824219 31.6299991607666 AB 3.4700286332125545 1.1305479908381475
60272.2405 lsst_hardware_i -68.76159699959243 85.0999984741211 31.31999969482422 AB 8.500379421835373 1.126985151661286
60272.253 lsst_hardware_z -5.036386459681564 104.41999816894531 30.989999771118164 AB 10.02383372790018 1.1565628369834176
60274.2383 lsst_hardware_r -119.13969269193939 78.13999938964844 31.6299991607666 AB 6.002957541097236 1.1341671205272355
60274.2507 lsst_hardware_z -95.57532539485162 100.38999938964844 30.989999771118164 AB 6.236382066977685 1.1649530635700187
60276.2371 lsst_hardware_z 142.4562426359455 104.5999984741211 30.989999771118164 AB 4.4877826247036445 1.1441128424991547
60276.2487 lsst_hardware_i 11.247187835838465 84.86000061035156 31.309999465942383 AB 4.563847630003457 1.174584385536857
60278.24 lsst_hardware_z 72.55732617914437 101.19999694824219 30.989999771118164 AB 6.40823975120021 1.1655583396144433
60278.2521 lsst_hardware_r 68.70563595645531 77.62000274658203 31.610000610351562 AB 7.252936888562211 1.2014638486872216
60284.2067 lsst_hardware_r -32.043183156943215 78.37000274658203 31.6299991607666 AB 5.848902516127275 1.1247889454090914
60284.2183 lsst_hardware_i -23.78887170508725 82.83999633789062 31.31999969482422 AB 6.117121533514781 1.1516207527680136
60287.1161 lsst_hardware_i -250.06315503102047 85.76000213623047 31.34000015258789 AB 6.412994351768377 1.0498476470113824
60287.1285 lsst_hardware_u -1.5781287938921047 28.649999618530273 29.5 AB 5.760904031689664 1.049568037838581
60290.1638 lsst_hardware_r 55.38012336279697 79.77999877929688 31.639999389648438 AB 12.71428237201307 1.0800137926788576
60290.1773 lsst_hardware_z -77.5243749489295 104.76000213623047 30.989999771118164 AB 13.971162093323294 1.100091503411283
60293.1043 lsst_hardware_r -24.07130347258468 21.489999771118164 31.479999542236328 AB 8.160836180363814 1.0492930296095184
60293.1162 lsst_hardware_i -9.603471439686775 29.670000076293945 31.239999771118164 AB 8.171285522159282 1.0503318469927128
60301.1006 lsst_hardware_i 1.817385625875225 48.88999938964844 31.309999465942383 AB 4.472887738840578 1.052320371448201
60301.1133 lsst_hardware_z -92.16210773003989 50.279998779296875 30.969999313354492 AB 4.548078336074991 1.0594584002970047
60303.1006 lsst_hardware_i -43.85450535051513 57.439998626708984 31.31999969482422 AB 6.407589236191177 1.0548774311546572
60303.1131 lsst_hardware_z -61.53492701398312 54.709999084472656 30.979999542236328 AB 6.460916437361717 1.0636566551198448
60304.089 lsst_hardware_z -70.45602937387956 79.68000030517578 31.729999542236328 AB 7.899564511042121 1.0511146435937846
60306.0852 lsst_hardware_r -50.587653212563694 63.79999923706055 31.639999389648438 AB 5.611341754977292 1.0516664749754405
60306.0971 lsst_hardware_i 3.958746276807672 56.27000045776367 31.31999969482422 AB 5.663234743069845 1.0576918526558456
60308.0861 lsst_hardware_z 40.405954528698295 40.900001525878906 30.950000762939453 AB 7.717652921132386 1.054432205640248
60308.0993 lsst_hardware_u 4.033481723513484 5.539999961853027 28.950000762939453 AB 7.883512923866833 1.0635311023642455
60310.085 lsst_hardware_g -8.186384893461497 12.760000228881836 31.3700008392334 AB 7.320444520288309 1.0569329610645366
60310.0971 lsst_hardware_r 9.139188184357774 21.579999923706055 31.479999542236328 AB 7.389138742110741 1.0664930936322279
60314.0773 lsst_hardware_i 49.068378260249496 29.93000030517578 31.239999771118164 AB 11.202110947419877 1.059100968839925
60314.0886 lsst_hardware_u 1.6854057402475084 2.5899999141693115 28.389999389648438 AB 11.214345440621916 1.0688812175334637
60316.0808 lsst_hardware_g 2.675309889769857 12.779999732971191 31.3700008392334 AB 10.521498535456827 1.0665752842653733
60316.0932 lsst_hardware_r 51.07181690905565 21.65999984741211 31.469999313354492 AB 9.49395141896919 1.0805362212871337
60318.0843 lsst_hardware_i -23.916046899877575 30.239999771118164 31.25 AB 7.0544443373149495 1.0762339276577995
60318.0965 lsst_hardware_r -25.459208385463455 22.010000228881836 31.479999542236328 AB 7.154284424385176 1.0930498337550418
