data/validation/pwv_sim_epoch_fit_4/5019034.ecsv
# %ECSV 0.9
# ---
# datatype:
# - {name: time, datatype: float64}
# - {name: band, datatype: string}
# - {name: flux, datatype: float64}
# - {name: fluxerr, datatype: float64}
# - {name: zp, datatype: float64}
# - {name: zpsys, datatype: string}
# - {name: pwv, datatype: float64}
# - {name: airmass, datatype: float64}
# meta: {SNID: '5019034', alt: 1024.0, c: -0.007747036404907703, dec: 2.388015, lat: -30.244573, lon: -70.7499537, ra: 132.363281, t0: 60700.4140625,
#   x0: 3.2154155494156125e-06, x1: -0.17504188418388367, z: 0.7348772287368774}
# schema: astropy-2.0
time band flux fluxerr zp zpsys pwv airmass
[from data line 132]
61047.2587 lsst_hardware_z 23.28362737734266 65.62999725341797 30.959999084472656 AB 11.174069951131598 1.1884147781049292
61047.28 lsst_hardware_r -95.05900758673079 82.86000061035156 31.610000610351562 AB 11.41439461867114 1.1894124298719495
61050.2488 lsst_hardware_z -30.79243629277241 46.439998626708984 30.940000534057617 AB 8.604079391564849 1.1892848403379352
61050.2709 lsst_hardware_r -22.164346389682176 36.56999969482422 31.559999465942383 AB 7.922662229560681 1.1889194867095392
61055.1951 lsst_hardware_g 9.306509713661017 14.970000267028809 31.389999389648438 AB 7.570213153644447 1.2529316705800144
61055.2145 lsst_hardware_i -1.333751460453667 32.63999938964844 31.239999771118164 AB 6.5411867242531345 1.2113308748616916
61057.2007 lsst_hardware_z -108.98013857911157 43.810001373291016 30.93000030517578 AB 3.769651940299488 1.2265678764532009
61057.2208 lsst_hardware_r 2.509449549611103 24.170000076293945 31.479999542236328 AB 3.923699273483258 1.196128220754991
61061.1957 lsst_hardware_r 11.293468859116725 34.68000030517578 32.22999954223633 AB 13.976570948665906 1.2153539955361656
61061.2152 lsst_hardware_i -25.319431412450736 46.040000915527344 31.989999771118164 AB 14.071399708600183 1.1915574408705194
61063.1928 lsst_hardware_z 51.602781855121314 44.279998779296875 30.93000030517578 AB 10.576433036757162 1.2110997322494874
61063.2136 lsst_hardware_r -10.878214642768093 24.6200008392334 31.479999542236328 AB 10.927495685009317 1.1891176442540177
61065.1969 lsst_hardware_u -0.5911808055394239 2.609999895095825 28.260000228881836 AB 9.245862715799968 1.198271476905125
61065.2163 lsst_hardware_r 29.559747438881043 24.56999969482422 31.469999313354492 AB 10.214075787740851 1.186349737241959
61067.1788 lsst_hardware_i -6.943319164284198 36.18000030517578 31.239999771118164 AB 13.27663788435524 1.2162548446642762
61067.1965 lsst_hardware_z 13.8471213064151 44.0 30.93000030517578 AB 13.149764114821078 1.1933718227444485
61069.1811 lsst_hardware_r 2.188727324916349 56.970001220703125 31.59000015258789 AB 11.566340625823667 1.204220856772493
61069.1979 lsst_hardware_z 53.052396122625616 52.439998626708984 30.950000762939453 AB 11.452900790463568 1.1887590344044083
61071.1722 lsst_hardware_y -62.55226516109894 60.41999816894531 30.010000228881836 AB 12.361215426612427 1.209157334110577
61071.1905 lsst_hardware_r 45.20525113611301 107.01000213623047 31.6299991607666 AB 12.179664707192412 1.189827060732908
61072.1729 lsst_hardware_i -175.79124141848172 113.68000030517578 31.31999969482422 AB 13.618652046947698 1.2042313243387937
61072.1911 lsst_hardware_z -13.448971536714167 94.93000030517578 30.989999771118164 AB 13.099435195636147 1.188103505114158
61074.1811 lsst_hardware_r -252.91913035654846 136.72000122070312 31.6200008392334 AB 10.848716373157572 1.190585728454807
61074.1994 lsst_hardware_z 2.5412008921599476 93.58000183105469 30.979999542236328 AB 10.826456155818038 1.1866776933669754
61076.1438 lsst_hardware_z -83.46365844765813 61.849998474121094 30.950000762939453 AB 7.841626163100225 1.2376303919034344
61076.1624 lsst_hardware_r 46.74495239848162 76.05999755859375 31.610000610351562 AB 7.638072947882845 1.2036675339417207
61078.1428 lsst_hardware_i -65.71664339453879 43.220001220703125 31.260000228881836 AB 6.008084100851568 1.2277264697605548
61078.1618 lsst_hardware_z -131.16823748894453 49.16999816894531 30.940000534057617 AB 5.9121252395414166 1.1978372201407486
61080.14 lsst_hardware_r 3.7605246901578084 25.520000457763672 31.479999542236328 AB 6.845226355436708 1.2223618491851265
61080.1595 lsst_hardware_z -4.783428401759187 44.81999969482422 30.940000534057617 AB 6.690259016463318 1.1946891100827355
61082.1569 lsst_hardware_r -2.512603475386601 24.440000534057617 31.489999771118164 AB 2.4346157994041735 1.1922702249775052
61082.1742 lsst_hardware_i -10.801976237978186 32.41999816894531 31.239999771118164 AB 3.202684825927298 1.1861795651582585
61084.1291 lsst_hardware_i -4.603778781824099 32.63999938964844 31.229999542236328 AB 4.45025584894809 1.222317926010004
61084.1462 lsst_hardware_z 59.14217588442011 43.56999969482422 30.93000030517578 AB 4.427435123007292 1.1970084820567197
61088.1252 lsst_hardware_r 45.98347146410703 24.329999923706055 31.469999313354492 AB 3.6089758480084253 1.2100505777060415
61088.1424 lsst_hardware_i 40.0817188322306 32.400001525878906 31.229999542236328 AB 3.5736873738163886 1.190898319516657
61092.1272 lsst_hardware_u 3.0425054090060786 2.7300000190734863 28.3700008392334 AB 5.986251754303078 1.194264689137771
61092.1445 lsst_hardware_g -4.8605965640875075 14.930000305175781 31.389999389648438 AB 6.063234095829572 1.1861560017925477
61094.126 lsst_hardware_r -19.416800316843833 24.290000915527344 31.469999313354492 AB 9.34684719390294 1.190908733376179
61094.1435 lsst_hardware_i 6.604803651848786 32.349998474121094 31.229999542236328 AB 9.319892394682352 1.1864161917996758
61099.0901 lsst_hardware_r 76.96861031386035 93.68000030517578 31.610000610351562 AB 6.423369575497958 1.218624468885972
61099.1083 lsst_hardware_i 23.991755390474584 78.98999786376953 31.309999465942383 AB 6.142608485825151 1.1940726997764788
61101.0894 lsst_hardware_z 65.5901201415691 97.41000366210938 30.979999542236328 AB 3.5379552813567834 1.2105230205372206
61101.1085 lsst_hardware_i -76.31170356170978 116.08000183105469 31.309999465942383 AB 3.5053570236738016 1.1898700012470476
61103.0958 lsst_hardware_z 166.84884418866233 111.5 31.729999542236328 AB 5.391629421753395 1.1955274226882135
61105.0874 lsst_hardware_r -23.546603628371265 69.56999969482422 31.600000381469727 AB 8.619319026790901 1.198570366198825
61105.1059 lsst_hardware_i -110.402358583099 59.16999816894531 31.290000915527344 AB 8.632455418233677 1.1865374440896652
61107.0926 lsst_hardware_z -35.1997914442627 68.75 31.690000534057617 AB 12.274522269204962 1.1895838090006423
61109.0815 lsst_hardware_g -4.252950269972792 14.760000228881836 31.399999618530273 AB 12.059861141758615 1.1936320227404973
61109.1 lsst_hardware_r 1.7913926657300305 24.09000015258789 31.479999542236328 AB 13.284840401294852 1.1861464644013262
61111.0794 lsst_hardware_i 29.9668546388684 32.2400016784668 31.229999542236328 AB 9.194748938970452 1.1910296553070534
61111.0989 lsst_hardware_z -49.637494595392596 43.52000045776367 30.93000030517578 AB 9.36459598400679 1.1867940162225414
61113.0802 lsst_hardware_i -42.75015925559183 32.18000030517578 31.219999313354492 AB 15.429405919440779 1.187661539563233
61113.099 lsst_hardware_u -2.14625193140838 2.619999885559082 28.299999237060547 AB 15.387158087555855 1.18895497807913
61116.0785 lsst_hardware_i -71.82863102974561 32.310001373291016 31.229999542236328 AB 9.686933225974181 1.1861792966355456
61116.0971 lsst_hardware_r -23.412222120747906 24.049999237060547 31.469999313354492 AB 9.133313780240584 1.193221327384145
61118.0404 lsst_hardware_z 1.0403510835724594 44.0099983215332 30.93000030517578 AB 8.266449715025132 1.2147611631190494
61118.0597 lsst_hardware_u 0.14725683461456116 2.680000066757202 28.34000015258789 AB 8.628630477070521 1.191443234354892
61120.0406 lsst_hardware_g 2.81373513473409 14.59000015258789 31.389999389648438 AB 4.403843267116362 1.2059266853497579
61120.0608 lsst_hardware_r -9.234854612282842 23.950000762939453 31.479999542236328 AB 4.647462466937554 1.1877739357069974
61122.0393 lsst_hardware_i 17.091033108526442 32.310001373291016 31.229999542236328 AB 7.369103785645488 1.2005056398010368
61122.0583 lsst_hardware_z 29.838180677104233 43.279998779296875 30.93000030517578 AB 7.1091516719974575 1.1868036513170124
61124.0321 lsst_hardware_i -18.10608814931069 35.56999969482422 31.239999771118164 AB 10.043425604829684 1.202661430347226
61124.0501 lsst_hardware_z -12.603942320238609 45.029998779296875 30.93000030517578 AB 12.2664148897869 1.187685407609123
61128.028 lsst_hardware_i -58.872856957595914 80.08000183105469 31.299999237060547 AB 7.768048629701383 1.1950844045694435
61128.0455 lsst_hardware_r 41.83308467542285 96.13999938964844 31.6200008392334 AB 7.977960639227692 1.1861962589920738
61133.0258 lsst_hardware_r 10.888434863997015 83.68000030517578 31.610000610351562 AB 7.5622179280757225 1.1875808453654308
61133.0431 lsst_hardware_i 62.4737074536988 67.70999908447266 31.299999237060547 AB 7.380356786927416 1.1883197338368376
61137.0205 lsst_hardware_u 0.1793072456994766 2.700000047683716 28.360000610351562 AB 12.677501447279957 1.1862359634402593
61137.0388 lsst_hardware_g -1.5938596026456369 14.800000190734863 31.399999618530273 AB 12.73451275043177 1.1924445424588146
61138.9842 lsst_hardware_y 28.199986524006846 53.459999084472656 30.0 AB 10.917180227892931 1.2128403452702856
61139.0044 lsst_hardware_r -21.868045435026353 24.100000381469727 31.479999542236328 AB 9.627702575190643 1.190074483954344
61141.9813 lsst_hardware_y -66.97519314344139 54.130001068115234 30.0 AB 6.517043168164995 1.2048517596903299
61141.9993 lsst_hardware_r -14.522666730373054 24.489999771118164 31.489999771118164 AB 6.436433358741535 1.1883926008169867
61145.9721 lsst_hardware_z -81.37875945166407 61.70000076293945 30.969999313354492 AB 17.87970152105613 1.2025693930032426
61145.9779 lsst_hardware_g 58.99569549656769 20.09000015258789 31.520000457763672 AB 17.795470427513617 1.19599913262483
61147.9766 lsst_hardware_y -22.876801369984307 53.65999984741211 30.0 AB 13.447688540610258 1.1923295243702847
61147.9936 lsst_hardware_i -31.71630158457697 32.970001220703125 31.239999771118164 AB 13.394894721981352 1.1861499388529235
61149.9751 lsst_hardware_y 94.36373584600763 54.04999923706055 30.010000228881836 AB 10.644830304913448 1.189632354147681
61149.9935 lsst_hardware_r -5.674155084122944 24.850000381469727 31.5 AB 10.719113738887295 1.1870996056208014
61153.9704 lsst_hardware_y 44.140238365918485 59.27000045776367 30.010000228881836 AB 11.413850692548301 1.186943933918398
61153.9882 lsst_hardware_z 53.55027420100025 49.58000183105469 30.950000762939453 AB 11.43593791495926 1.1895913226379258
61155.978 lsst_hardware_y 158.38865779209004 82.81999969482422 30.760000228881836 AB 16.180563186455938 1.1873899747894576
61157.9712 lsst_hardware_z 19.35805976533528 66.18000030517578 30.959999084472656 AB 1.2572937777973185 1.186966039931384
61157.9924 lsst_hardware_r 140.89513474012674 77.56999969482422 31.600000381469727 AB 1.2404728632249045 1.204050340426988
