data/validation/pwv_sim_epoch_fit_4/50314152.ecsv
# %ECSV 0.9
# ---
# datatype:
# - {name: time, datatype: float64}
# - {name: band, datatype: string}
# - {name: flux, datatype: float64}
# - {name: fluxerr, datatype: float64}
# - {name: zp, datatype: float64}
# - {name: zpsys, datatype: string}
# - {name: pwv, datatype: float64}
# - {name: airmass, datatype: float64}
# meta: {SNID: '50314152', alt: 1024.0, c: 0.01282267551869154, dec: -0.74606, lat: -30.244573, lon: -70.7499537, ra: 234.140625, t0: 62978.59375,
#   x0: 9.564130008690908e-06, x1: 0.4980405867099762, z: 0.4688885509967804}
# schema: astropy-2.0
time band flux fluxerr zp zpsys pwv airmass
62931.3881 lsst_hardware_z -49.85858056614275 64.22000122070312 31.690000534057617 AB 8.581124955275198 1.1482454026394404
62933.3851 lsst_hardware_r 11.019286540976655 64.86000061035156 31.610000610351562 AB 9.821175742601396 1.147870002641574
62933.4038 lsst_hardware_y 21.575231929931984 74.56999969482422 30.030000686645508 AB 9.842344974005375 1.153985810060426
62936.3786 lsst_hardware_z -62.75597070654673 68.0999984741211 30.969999313354492 AB 7.575286605836025 1.1477706978539433
62936.396 lsst_hardware_y 67.6736389564286 60.16999816894531 30.020000457763672 AB 7.618271959196994 1.1542836301813628
62938.3788 lsst_hardware_z 90.33480868964409 68.02999877929688 30.979999542236328 AB 16.284778009861338 1.1483788733389126
62938.3975 lsst_hardware_y -103.00536107302761 60.59000015258789 30.020000457763672 AB 16.481772073087367 1.1607971692004437
62940.3807 lsst_hardware_r -40.23177554450313 55.689998626708984 31.610000610351562 AB 11.152287927309619 1.1513425713867944
62940.3987 lsst_hardware_y 30.52838711503259 54.06999969482422 30.010000228881836 AB 11.318899295062703 1.1691970589971028
62942.3488 lsst_hardware_i 67.7393910995331 34.7400016784668 31.260000228881836 AB 10.210901444358823 1.1521251817766085
62942.3673 lsst_hardware_r 6.529259887218711 29.75 31.540000915527344 AB 10.12067097808919 1.1482494869626947
62947.3479 lsst_hardware_r 8.561863297610214 23.899999618530273 31.5 AB 7.136021703046637 1.147793212832212
62947.3665 lsst_hardware_i 2.7945653918662425 31.979999542236328 31.25 AB 7.179824446750166 1.1546993682369764
62949.3457 lsst_hardware_z -13.382453917548478 43.28486245889193 30.940000534057617 AB 7.805504530689941 1.147868313336756
62949.3655 lsst_hardware_r 37.341380356349745 23.78576995238654 31.479999542236328 AB 7.879308745823785 1.1587218743858507
62951.3025 lsst_hardware_g -18.045456195450182 14.67181477680746 31.40999984741211 AB 7.419780450773538 1.1769956298815891
62951.3193 lsst_hardware_i 3.6284943498116315 32.066072723535406 31.239999771118164 AB 7.3543212899746635 1.1557946393170744
62953.3247 lsst_hardware_r 53.80483009039389 25.05333367457405 31.5 AB 8.418205402431244 1.1491907629820268
62953.3421 lsst_hardware_z 76.09232876772447 43.50288554051203 30.950000762939453 AB 9.091670912659698 1.1497892330025858
62955.3203 lsst_hardware_r 141.86838435104934 26.96761040985529 31.5 AB 7.199462976130797 1.1488351978507303
62955.3387 lsst_hardware_u 1.8873593856476034 3.24618768156637 28.479999542236328 AB 7.296546507651009 1.1507689630530131
62957.316 lsst_hardware_g 75.90395950703673 17.122534421212002 31.420000076293945 AB 5.806647210589022 1.1485044754750002
62957.335 lsst_hardware_r 362.24321304783155 30.976830166713256 31.489999771118164 AB 6.912862395761374 1.1517598126893327
62959.3173 lsst_hardware_i 519.3565488703606 39.2899389420397 31.239999771118164 AB 6.607824481713643 1.147789557358642
62959.3359 lsst_hardware_z 404.5193828080415 47.22248684191501 30.940000534057617 AB 6.720899537202624 1.156532508015104
62961.3145 lsst_hardware_r 1291.3172456841396 73.01855790650768 31.6200008392334 AB 7.969933908392217 1.1480746050694637
62961.3331 lsst_hardware_z 522.0844455668503 57.86369786864524 30.959999084472656 AB 8.051614512857576 1.159089399389246
62963.3144 lsst_hardware_z 771.2662934583882 78.29634961274627 30.979999542236328 AB 9.650313315628305 1.1496223621842117
62963.3324 lsst_hardware_i 892.1979225034426 91.07395024188915 31.31999969482422 AB 9.768936817757973 1.164505168656021
62964.3162 lsst_hardware_z 1061.7386242020657 88.26408541402515 30.979999542236328 AB 11.45240286437625 1.1519503975030805
62964.3357 lsst_hardware_r 1846.4672229896007 132.32332767972764 31.6200008392334 AB 10.875575815023325 1.1729482112837926
62967.3 lsst_hardware_y 1045.1529903522282 87.04793581137788 30.770000457763672 AB 4.134493513612288 1.1484704204478577
62969.2846 lsst_hardware_r 3111.266299296214 74.21367007395762 31.610000610351562 AB 13.647930706520382 1.1481955486882407
62969.3029 lsst_hardware_i 2000.9629227712244 63.554742572368 31.290000915527344 AB 14.038239540256406 1.1521706756246282
62971.2912 lsst_hardware_z 1627.7839829271297 58.63799952599077 30.940000534057617 AB 10.775949641537817 1.1491077711091406
62971.3085 lsst_hardware_r 3143.1137107276936 63.75399972764825 31.530000686645508 AB 11.423926057546367 1.1620309284454
62974.2898 lsst_hardware_u 1.0016078597486568 3.6996666846625272 28.440000534057617 AB 14.707976253801508 1.1525272306391496
62974.3076 lsst_hardware_r 3410.515509974018 62.81060957938938 31.489999771118164 AB 15.092643280261125 1.1717284260851761
62976.2604 lsst_hardware_g 1280.5532287363708 38.28319794860323 31.420000076293945 AB 4.119490515845274 1.149785695449209
62976.2788 lsst_hardware_i 2369.3569781014185 58.26189354257624 31.25 AB 4.127376587470966 1.149580332597985
62982.1698 lsst_hardware_u 2.2714686219709797 2.9701783902649224 28.290000915527344 AB 8.515654949395072 1.3262538532477726
62982.1864 lsst_hardware_g 920.066967484747 33.671958762538935 31.3700008392334 AB 8.081777600588923 1.2574075719202764
62985.254 lsst_hardware_r 3035.1219598298917 59.670151940877226 31.489999771118164 AB 12.246390901603638 1.1494911089150428
62985.2741 lsst_hardware_i 2329.924051665612 56.96928327779951 31.229999542236328 AB 12.395441424492546 1.1667945050588362
62989.2065 lsst_hardware_z 1693.756440326714 65.60775439729456 30.950000762939453 AB 13.439577590454864 1.1655170922257276
62989.2279 lsst_hardware_r 2948.4185778949554 77.28145117690421 31.610000610351562 AB 13.627546388304541 1.1487114123324986
62994.2369 lsst_hardware_z 1470.9661199608527 109.5516542938673 30.989999771118164 AB 10.284291977929863 1.1537235784081068
62994.2575 lsst_hardware_r 2303.496692598235 157.2710946393958 31.6299991607666 AB 10.96514395946983 1.179047737577401
62996.138 lsst_hardware_y 945.2411354481978 83.35439805081482 30.719999313354492 AB 9.165389750773997 1.2970655935997166
63001.1835 lsst_hardware_z 1029.2603516533861 53.176947361046935 30.940000534057617 AB 7.522110323991425 1.1552039198328319
63001.2034 lsst_hardware_r 1206.497708780554 42.559866890156016 31.489999771118164 AB 7.486930780237539 1.1478474704916222
63004.1227 lsst_hardware_g 216.540570911276 19.576149603680832 31.360000610351562 AB 10.764522561894156 1.2706999168049455
63004.1474 lsst_hardware_i 1228.2853032510104 47.38591227407305 31.229999542236328 AB 9.59316809272939 1.1972752689833874
63008.1706 lsst_hardware_z 778.408415541712 51.785954469654335 30.940000534057617 AB 6.072036128326516 1.15096961694469
63008.193 lsst_hardware_r 746.2826661663955 36.56537476078042 31.5 AB 6.088344171237958 1.1502815091687757
63014.1611 lsst_hardware_r 474.5200334052475 33.09016177435444 31.5 AB 8.172171157119367 1.14834134154702
63014.1821 lsst_hardware_i 860.4690232087037 42.92815360852675 31.239999771118164 AB 8.738232174163072 1.1535873846504372
63016.1671 lsst_hardware_z 1401.3093464315832 75.02344058019628 31.700000762939453 AB 14.244165862400987 1.1487230534194344
63016.1904 lsst_hardware_r 829.8048078509618 54.92400946738562 32.29999923706055 AB 14.48423219163423 1.168083241260825
63018.1641 lsst_hardware_z 848.4999403504078 60.55739691604228 30.959999084472656 AB 8.194980031448653 1.1495810387330945
63018.1855 lsst_hardware_r 479.7430754265473 64.81325008586924 31.610000610351562 AB 8.746348406946598 1.168868184417039
63021.1305 lsst_hardware_z 692.3686002911455 102.43563258718825 30.979999542236328 AB 12.404411273694818 1.153943449624736
63021.1511 lsst_hardware_i 508.40009803771125 120.48173892768506 31.31999969482422 AB 12.302092314045257 1.1481633892167846
63023.1294 lsst_hardware_z 828.7485502892885 85.36411931840371 30.989999771118164 AB 6.463468211789491 1.1511074286357064
63023.151 lsst_hardware_r 504.5147420400902 123.25288850307231 31.639999389648438 AB 6.479771535273653 1.1498130663248431
63033.0858 lsst_hardware_r 254.9319433752487 28.148158414211306 31.479999542236328 AB 9.22837830992979 1.1662668869772972
63037.077 lsst_hardware_i 390.13399537109154 36.91747732249054 31.239999771118164 AB 4.3114543996270065 1.163580712385842
63037.1012 lsst_hardware_z 466.5862482221484 47.11747225354847 30.940000534057617 AB 4.3389075990525185 1.1478844592832942
63043.0798 lsst_hardware_r 412.93549917151665 41.835894509020136 32.27000045776367 AB 4.53884877085222 1.1489302039873992
63043.1016 lsst_hardware_z 636.4146333516097 66.71347581022712 31.690000534057617 AB 5.574150739568372 1.1526763548994812
63045.0806 lsst_hardware_g -4.420734581789221 33.023735705108884 31.6200008392334 AB 8.08111294531533 1.1478038413913338
63047.0392 lsst_hardware_r 351.94184668036723 70.15749912487162 31.610000610351562 AB 4.066547758627971 1.1790512492397713
63047.0567 lsst_hardware_z 365.7008294684927 61.07383335302578 30.959999084472656 AB 3.7317788462395853 1.1562444140169126
63049.0412 lsst_hardware_r 257.2468910284069 105.1500768884367 31.6299991607666 AB 10.254692867147154 1.1674950608694887
63049.0611 lsst_hardware_y 22.43224532279267 61.75562635420896 30.020000457763672 AB 9.78911108844057 1.1498001572092873
63052.0433 lsst_hardware_z 152.86802506058464 97.30000305175781 31.719999313354492 AB 4.864358401257473 1.156024494298128
63052.0658 lsst_hardware_r -42.322944870791375 99.41000366210938 31.6299991607666 AB 4.832377692391776 1.1480604297901666
63057.0367 lsst_hardware_i -10.738832594229908 45.040000915527344 31.989999771118164 AB 9.408814858212015 1.1510426985273063
63057.0578 lsst_hardware_z -97.9199165006678 42.91999816894531 30.940000534057617 AB 9.627429804357654 1.1496696917303426
63067.0221 lsst_hardware_r -53.31678534070169 33.97999954223633 32.25 AB 3.381051414081856 1.147805164902746
63067.0482 lsst_hardware_u -2.0281782062601637 3.9000000953674316 29.170000076293945 AB 3.276153706943328 1.164233726703386
63069.0112 lsst_hardware_g 25.193008003320095 14.59000015258789 31.399999618530273 AB 6.8950441291749005 1.1482968503240416
63069.0338 lsst_hardware_r 22.62926520107078 23.8799991607666 31.479999542236328 AB 6.988073889440427 1.1550535354446987
63072.0077 lsst_hardware_i 68.66466368300361 33.04999923706055 31.239999771118164 AB 5.950358370419523 1.1477945739436468
63072.0296 lsst_hardware_z -34.53949614901413 43.91999816894531 30.940000534057617 AB 5.994460737408167 1.1586857518910152
63078.9727 lsst_hardware_y -104.79097895704086 56.25 30.010000228881836 AB 5.349635106774347 1.1535394023699872
63078.9941 lsst_hardware_z -20.970196842303416 62.310001373291016 30.969999313354492 AB 5.337545415351741 1.1484766896937582
63084.9713 lsst_hardware_y -13.687148036045192 77.54000091552734 30.770000457763672 AB 3.6271005265920415 1.1478166223392536
63084.9922 lsst_hardware_z -26.45299272758895 61.06999969482422 31.690000534057617 AB 3.6857694352810633 1.156864229529524
