data/validation/pwv_sim_epoch_fit_4/50333285.ecsv
# %ECSV 0.9
# ---
# datatype:
# - {name: time, datatype: float64}
# - {name: band, datatype: string}
# - {name: flux, datatype: float64}
# - {name: fluxerr, datatype: float64}
# - {name: zp, datatype: float64}
# - {name: zpsys, datatype: string}
# - {name: pwv, datatype: float64}
# - {name: airmass, datatype: float64}
# meta: {SNID: '50333285', alt: 1024.0, c: 0.13914698362350464, dec: -2.985506, lat: -30.244573, lon: -70.7499537, ra: 226.582031, t0: 61489.87890625,
#   x0: 5.654374223692256e-06, x1: 1.426621675491333, z: 0.583043098449707}
# schema: astropy-2.0
time band flux fluxerr zp zpsys pwv airmass
[from data line 132]
61879.2336 lsst_hardware_r -59.03617358407833 25.209999084472656 31.5 AB 10.18058383364741 1.1313959751782126
61879.2516 lsst_hardware_z -94.11126048270727 43.18000030517578 30.940000534057617 AB 10.901340709655502 1.12381093876384
61884.256 lsst_hardware_u 4.36192111433658 2.7799999713897705 28.43000030517578 AB 9.549951305010762 1.1303501110641632
61884.2737 lsst_hardware_g 1.4434167190380256 15.270000457763672 31.43000030517578 AB 9.75551675979258 1.1509123551605542
61887.1192 lsst_hardware_i -49.29062095827646 34.5 31.190000534057617 AB 6.520938031551677 1.45670457534947
61887.1385 lsst_hardware_z -16.47603304060956 45.689998626708984 30.920000076293945 AB 6.061777617680075 1.334948273300806
61890.2284 lsst_hardware_r -11.875715124953507 24.420000076293945 31.5 AB 11.05753369897154 1.1246188511247543
61890.246 lsst_hardware_u 0.09433522053989477 2.759999990463257 28.40999984741211 AB 11.20821430307023 1.136102002237112
61893.1804 lsst_hardware_z -9.644003602590455 44.310001373291016 30.950000762939453 AB 13.248267683485553 1.148760132101759
61893.1998 lsst_hardware_r 12.45999916902092 24.559999465942383 31.510000228881836 AB 12.991800517228285 1.1282174941146748
61898.222 lsst_hardware_z 48.4041860315106 81.29000091552734 30.979999542236328 AB 10.171562176326217 1.1339534198803114
61898.2416 lsst_hardware_r 46.15051546694449 118.47000122070312 31.6299991607666 AB 10.365792594844175 1.1614984138992857
61900.2182 lsst_hardware_z -25.73125395159637 108.45999908447266 30.989999771118164 AB 7.0406573548599045 1.1355898959451458
61900.2362 lsst_hardware_r -17.586162558508246 156.17999267578125 31.6299991607666 AB 7.202001945702411 1.1616132170487758
61907.1347 lsst_hardware_g 4.815324200521446 15.130000114440918 31.40999984741211 AB 9.456841522512894 1.1614174421262382
61907.1544 lsst_hardware_i -8.320509510537093 32.029998779296875 31.239999771118164 AB 9.212279380054857 1.1338190006221363
61909.1605 lsst_hardware_z 30.750185208293594 42.779998779296875 30.940000534057617 AB 8.444397253212884 1.1259196337617179
61909.1789 lsst_hardware_r -44.12424875955421 24.34000015258789 31.5 AB 9.422026646270716 1.1253764358327885
61911.155 lsst_hardware_u 2.6732526337961713 2.7899999618530273 28.440000534057617 AB 7.995279230049779 1.1259370835163751
61911.1734 lsst_hardware_g 8.21338515886497 15.15999984741211 31.440000534057617 AB 8.427558942069599 1.125362569463475
61927.118 lsst_hardware_r 146.69983490835284 134.3800048828125 31.639999389648438 AB 5.732582505870087 1.124035785464723
61927.1376 lsst_hardware_z 62.10954907070322 90.44000244140625 30.989999771118164 AB 6.386907960402324 1.1296264521404888
61943.0804 lsst_hardware_u -2.0161741484735076 2.700000047683716 28.3799991607666 AB 3.3341275258303456 1.1239895019092805
61943.1039 lsst_hardware_g -12.636800127761239 14.720000267028809 31.40999984741211 AB 2.929885783200779 1.1389992677986929
61946.0162 lsst_hardware_g -4.517926521079548 14.699999809265137 31.389999389648438 AB 5.9654429788115415 1.1877831642951235
61946.0301 lsst_hardware_r -48.313818669720554 24.010000228881836 31.479999542236328 AB 5.820732567639545 1.1579706699548167
61948.0451 lsst_hardware_i -7.5267509357334745 31.90999984741211 31.239999771118164 AB 8.573707784234308 1.1314940767509645
61948.0674 lsst_hardware_r -23.514356617020084 23.90999984741211 31.489999771118164 AB 8.475936205011958 1.1240797760946277
61957.0513 lsst_hardware_r -110.3961687518332 103.87000274658203 31.6299991607666 AB 6.998594501079214 1.1269273524361356
61957.0743 lsst_hardware_i -188.63488051901507 82.69999694824219 31.31999969482422 AB 7.153481608604541 1.150802076645992
61959.0095 lsst_hardware_i -22.5128810307861 71.76000213623047 31.309999465942383 AB 1.068561447283466 1.13676749711007
61959.0305 lsst_hardware_z -109.94812838676357 64.37999725341797 30.969999313354492 AB 0.9470206970266127 1.1240601745127141
61961.0058 lsst_hardware_i 36.1809482348711 45.7400016784668 31.290000915527344 AB 9.302126883135482 1.1349478165142477
61961.0275 lsst_hardware_u 9.441632780241004 10.3100004196167 29.219999313354492 AB 9.214314446390448 1.1238339366252528
61963.0056 lsst_hardware_g 29.11785291417965 21.350000381469727 32.189998626708984 AB 10.91857900453077 1.130346188159886
61963.0262 lsst_hardware_r 24.863665975342457 34.2599983215332 32.25 AB 10.880216664381527 1.124047385131621
61974.9735 lsst_hardware_y 112.32891890913945 70.5 30.770000457763672 AB 6.3130575551326515 1.1298537011423089
61975.0015 lsst_hardware_r 34.86039390783587 34.529998779296875 32.2400016784668 AB 7.021354826890931 1.1266012986400382
61976.975 lsst_hardware_y 34.33022574100107 49.06999969482422 30.020000457763672 AB 9.23205294298062 1.1258601149976366
61976.9985 lsst_hardware_z 36.383768048152106 43.0 30.940000534057617 AB 9.291450227506344 1.12794539939379
61979.9706 lsst_hardware_y -25.587841378225363 52.0099983215332 30.020000457763672 AB 5.030515729317183 1.1245773720040648
61979.9983 lsst_hardware_z 7.6855238556732886 46.599998474121094 30.940000534057617 AB 5.004763784325741 1.134159828752
61981.9683 lsst_hardware_y -215.80057887336253 88.3499984741211 30.780000686645508 AB 4.590728794494512 1.1239848513411848
61981.9909 lsst_hardware_r 113.76202999560559 98.51000213623047 32.369998931884766 AB 4.540509182891688 1.1323906849011947
