data/validation/pwv_sim_epoch_fit_4/50346672.ecsv
# %ECSV 0.9
# ---
# datatype:
# - {name: time, datatype: float64}
# - {name: band, datatype: string}
# - {name: flux, datatype: float64}
# - {name: fluxerr, datatype: float64}
# - {name: zp, datatype: float64}
# - {name: zpsys, datatype: string}
# - {name: pwv, datatype: float64}
# - {name: airmass, datatype: float64}
# meta: {SNID: '50346672', alt: 1024.0, c: 0.04510156810283661, dec: -25.944481, lat: -30.244573, lon: -70.7499537, ra: 75.058594, t0: 60274.3671875,
#   x0: 1.3791386070148179e-05, x1: 0.6015952229499817, z: 0.4020400047302246}
# schema: astropy-2.0
time band flux fluxerr zp zpsys pwv airmass
60179.3316 lsst_hardware_i -44.13583187646023 72.12999725341797 31.239999771118164 AB 3.031212205558448 1.5099438134787568
60179.3488 lsst_hardware_z -37.61299607169378 85.80000305175781 30.950000762939453 AB 2.757078934015083 1.3721361649046533
60181.3379 lsst_hardware_r 49.69501896895465 71.95999908447266 31.549999237060547 AB 2.7535292747558047 1.4117043192800844
60181.3564 lsst_hardware_u -37.68910830720463 22.09000015258789 29.239999771118164 AB 2.475016299340071 1.289742730245165
60183.3264 lsst_hardware_z -117.4382634037671 86.45999908447266 30.940000534057617 AB 4.4184096316302774 1.459826970802955
60183.3437 lsst_hardware_i 7.53195499068894 74.41000366210938 31.280000686645508 AB 3.6545241124049834 1.333362400390994
60193.2697 lsst_hardware_i -49.10115764236939 68.93000030517578 31.190000534057617 AB 1.4376186911050368 1.7781307249289262
60193.285 lsst_hardware_z -29.277686933053527 82.77999877929688 30.920000076293945 AB 1.277188316490738 1.5925041352752345
60198.3213 lsst_hardware_r -33.95377748340863 75.08000183105469 31.600000381469727 AB 2.928710577777671 1.2305506629317946
60198.3393 lsst_hardware_u -15.814784180277284 24.020000457763672 29.389999389648438 AB 3.5538687383842684 1.1551035986081046
60200.2798 lsst_hardware_z -40.65422923528149 84.58999633789062 30.940000534057617 AB 5.103982574197894 1.4614123333422746
60200.2959 lsst_hardware_i -49.10215672693157 72.80999755859375 31.270000457763672 AB 3.7097891909515988 1.3423027375672905
60202.3366 lsst_hardware_r 30.565895725764967 76.08000183105469 31.6299991607666 AB 1.482873948334023 1.1270893957441268
60202.3543 lsst_hardware_u -11.98398882530557 24.940000534057617 29.469999313354492 AB 1.4335286562748155 1.0782464507520235
60204.344 lsst_hardware_g -61.256161026139445 81.70999908447266 31.719999313354492 AB 1.3043775040719723 1.0901608893199293
60204.3621 lsst_hardware_r -6.050247649673474 76.83000183105469 31.649999618530273 AB 1.2843998678795432 1.0506338387557388
60208.3 lsst_hardware_g 17.769183468818742 80.19999694824219 31.670000076293945 AB 3.849760796391412 1.2030502488723163
60208.316 lsst_hardware_r -4.7180863722702355 76.0199966430664 31.6299991607666 AB 3.57478927599242 1.1410115786761634
60210.329 lsst_hardware_z -43.859858490388575 88.62999725341797 30.989999771118164 AB 2.1846339185689128 1.0866572859205679
60210.3463 lsst_hardware_r 69.40986868182179 76.75 31.649999618530273 AB 1.868260527076988 1.0495845657734668
60214.292 lsst_hardware_z -42.12589311661352 86.16999816894531 30.979999542236328 AB 5.052021735049091 1.1686379215935905
60214.3072 lsst_hardware_i 4.59785514785295 74.38999938964844 31.31999969482422 AB 4.80480830219375 1.1166614948740172
60216.2623 lsst_hardware_z 68.78613402954413 85.55999755859375 30.959999084472656 AB 5.875537658286653 1.2815626708492045
60216.2817 lsst_hardware_r 7.416345324097625 74.02999877929688 31.610000610351562 AB 5.467030846611911 1.187968458629272
60225.2674 lsst_hardware_z -25.206000345164117 88.87999725341797 30.979999542236328 AB 4.318391033406851 1.1486100807004658
60225.2858 lsst_hardware_r -52.061554060313696 76.4800033569336 31.639999389648438 AB 4.132579808802049 1.0924080911450165
60228.2692 lsst_hardware_u 7.06265615057587 24.360000610351562 29.420000076293945 AB 4.717866649969739 1.1159944766338827
60228.2866 lsst_hardware_g -126.96893873356778 81.73999786376953 31.719999313354492 AB 4.431979182265343 1.0707419002855674
60237.1595 lsst_hardware_u 19.418676367637396 27.209999084472656 29.670000076293945 AB 5.462771784728016 1.6520479187683463
60237.1794 lsst_hardware_g 54.08757130689544 106.94999694824219 32.31999969482422 AB 3.298500679169151 1.4562916905824068
60239.1828 lsst_hardware_r 5.738653654454083 72.27999877929688 31.559999465942383 AB 3.808533475294761 1.3876966570576648
60239.2015 lsst_hardware_g 84.75230117047647 77.29000091552734 31.6299991607666 AB 3.555842030003623 1.2706242737196398
60241.1794 lsst_hardware_r 51.336579208163656 72.62999725341797 31.56999969482422 AB 3.343440278455186 1.3730760897146554
60241.1982 lsst_hardware_i -6.34404323915988 73.86000061035156 31.290000915527344 AB 2.918678369539847 1.2591364838394508
60243.1796 lsst_hardware_z 54.01159369691183 85.37000274658203 30.959999084472656 AB 1.6650474895810636 1.3352425738420717
60243.1985 lsst_hardware_i -100.6320434151241 73.69999694824219 31.299999237060547 AB 1.5378606476597478 1.2302885181277983
60245.1902 lsst_hardware_z 198.58900385125975 125.12999725341797 31.729999542236328 AB 2.534422407445955 1.2441936217211365
60247.1824 lsst_hardware_r -93.55682176389186 73.74191376904031 31.600000381469727 AB 6.461848575296475 1.256110006213171
60247.2002 lsst_hardware_i -79.42768810269814 74.4422927005971 31.309999465942383 AB 6.032737991033805 1.1752850167608258
60251.1682 lsst_hardware_r 296.792841519453 74.35067556680589 31.59000015258789 AB 4.689181426242078 1.2735419408587936
60251.1852 lsst_hardware_g -1.8969686410822262 78.55787492582989 31.65999984741211 AB 4.354651984325576 1.1919124084644412
60261.1968 lsst_hardware_i 2109.676964312994 87.08896023928008 31.329999923706055 AB 4.563113526920471 1.0700858361778667
60261.2144 lsst_hardware_z 1314.8225074324796 94.39852789317321 31.0 AB 6.944773217464675 1.0374107280980782
60263.1977 lsst_hardware_i 2572.2412571517702 90.14146329836224 31.329999923706055 AB 4.004717151269058 1.0568859866992648
60263.2143 lsst_hardware_u -15.129645736577498 25.621090633207785 29.510000228881836 AB 7.635656748975759 1.0297581589987537
60265.2056 lsst_hardware_g 2266.1737911208797 95.94274987140439 31.729999542236328 AB 2.7355310731538847 1.034259834205445
60265.2237 lsst_hardware_r 4440.942974701898 101.53345407515032 31.65999984741211 AB 5.613424797148635 1.0137262797902695
60268.0984 lsst_hardware_g 2434.3417740590276 89.31926776321394 31.559999465942383 AB 8.212839388296295 1.4269549801574661
60268.1153 lsst_hardware_r 4704.890050948295 100.38697952781969 31.579999923706055 AB 7.534966843014892 1.310694954283122
60270.096 lsst_hardware_i 3534.632454140433 92.5759987609099 31.25 AB 5.365797496814531 1.403556760872229
60270.1113 lsst_hardware_z 2534.382463575488 97.74263569629954 30.959999084472656 AB 4.971915830719234 1.3020030981283615
60272.0998 lsst_hardware_r 5080.675771874913 102.40001952527768 31.579999923706055 AB 10.600535874037906 1.3392406140870907
60272.1173 lsst_hardware_z 2695.721006739146 99.56579281732702 30.969999313354492 AB 9.814383119659192 1.2401292797143282
60274.0999 lsst_hardware_r 5132.05405463753 103.02446608432291 31.59000015258789 AB 4.641388029183819 1.304829714190133
60274.117 lsst_hardware_i 3882.9149618051206 96.45997671514095 31.299999237060547 AB 4.394406111286581 1.2156033502869183
60276.1223 lsst_hardware_i 3865.822809213589 96.43721562145764 31.299999237060547 AB 4.541489175841736 1.1702858209522988
60276.1409 lsst_hardware_z 2846.985563758019 100.74656645488187 30.989999771118164 AB 4.638894898870372 1.1079060361516089
60278.1245 lsst_hardware_r 5051.514381258106 103.171269577298 31.6200008392334 AB 5.763445859874443 1.1423320282521634
60278.1425 lsst_hardware_u 20.24939276006405 24.51777311272206 29.440000534057617 AB 5.769519310415189 1.0887939819617267
60280.1239 lsst_hardware_g 1791.0607072462906 90.95871154472354 31.700000762939453 AB 7.157114122758401 1.1262768762208981
60280.1417 lsst_hardware_r 4809.365238827842 102.77035546738387 31.639999389648438 AB 6.950381600248249 1.0774115021312156
60286.0263 lsst_hardware_y 664.9766597333053 89.12491860249783 29.8799991607666 AB 6.116120013076782 1.6452977079654183
60286.0476 lsst_hardware_u 39.00541417044536 21.768098543896105 29.149999618530273 AB 4.337508003486891 1.440075698368525
60290.0294 lsst_hardware_y 530.1545178132552 89.12144525023524 29.920000076293945 AB 19.986611674983862 1.502188025177303
60290.0508 lsst_hardware_r 2954.9898750103616 92.11243365200443 31.579999923706055 AB 18.195959103323837 1.3382907827423036
60293.0319 lsst_hardware_y 490.0584162116014 76.12400331466944 29.940000534057617 AB 10.713027150639109 1.4133609041761512
60293.0532 lsst_hardware_g 553.5904511049833 27.191038028317973 31.350000381469727 AB 9.795163536538423 1.2753194620520165
60295.0323 lsst_hardware_z 1512.70813926796 81.95215579571783 30.940000534057617 AB 13.901418458339856 1.3707232662290738
60295.0519 lsst_hardware_i 2108.1690853160003 55.4870456087468 31.219999313354492 AB 13.66738366392422 1.2532368796580573
60297.0336 lsst_hardware_y 305.72283241899936 78.54761459046064 29.959999084472656 AB 4.783405426824647 1.326145114173883
60297.0533 lsst_hardware_r 1731.007299187764 50.585410756542025 31.5 AB 5.08938250125258 1.219744158478749
60301.0375 lsst_hardware_y 271.6453581492339 68.14713471556027 30.0 AB 7.210532634361934 1.2431952817865404
60301.0589 lsst_hardware_r 1484.0745567032595 73.91957553416132 31.6200008392334 AB 5.613327137967697 1.152160742604207
60303.0381 lsst_hardware_y 723.8192905789634 72.36681780081398 30.010000228881836 AB 6.980486687840207 1.2143144625276519
60303.0582 lsst_hardware_z 1392.7060822682463 72.1141904105525 30.969999313354492 AB 8.110434887446857 1.1357031675849123
60304.0384 lsst_hardware_y 551.5475671812877 71.10328486318723 30.010000228881836 AB 11.32336420682196 1.200844605421492
60304.0587 lsst_hardware_z 1437.1778804345436 75.50358019137192 30.979999542236328 AB 10.714709566321742 1.1252287606733433
60306.0393 lsst_hardware_y 301.45640743845667 67.61419288377346 30.020000457763672 AB 6.722214899917504 1.174527938250001
60306.0611 lsst_hardware_r 1038.7164838038216 68.69423682508388 31.6299991607666 AB 7.028180758224169 1.1019411662315899
60308.0514 lsst_hardware_z 2616.9312438586926 84.56077269509616 31.709999084472656 AB 9.254632061776736 1.1141210347244788
60310.0415 lsst_hardware_y 348.9246291393532 59.83140370500831 30.030000686645508 AB 7.73375551291949 1.1278258352204413
60310.0622 lsst_hardware_g 168.46552494907 18.038610785123392 31.389999389648438 AB 7.38588936066154 1.0718836555845948
60312.0427 lsst_hardware_y 494.3978325218991 61.1550427697185 30.030000686645508 AB 7.4619999052623065 1.1076283520298316
60312.0646 lsst_hardware_i 1263.4967601684166 46.207862044000926 31.239999771118164 AB 7.037606162521165 1.0555485638788353
60314.0423 lsst_hardware_y 400.6730246894505 61.825707109115534 30.040000915527344 AB 11.56169620279719 1.0937183050607522
60314.062 lsst_hardware_i 1128.6864829160852 45.38828642323581 31.25 AB 11.094442808947653 1.0502123067917137
60316.0438 lsst_hardware_y 413.3568480446448 58.98548852091159 30.040000915527344 AB 10.569998661025748 1.0764842306778453
60316.0652 lsst_hardware_g 124.50845119644082 17.07916309553696 31.389999389648438 AB 10.169589019055277 1.0359425491181187
60318.0457 lsst_hardware_y 282.5416364292423 55.80367018017175 30.049999237060547 AB 9.01148003135854 1.0605068293611963
60318.0689 lsst_hardware_i 1053.8908528096526 43.367786630495644 31.25 AB 8.611097607915902 1.0237899902408634
60320.0423 lsst_hardware_z 843.2683929649655 56.419582295987354 30.959999084472656 AB 6.549848024492815 1.0564271007246475
60320.0598 lsst_hardware_u -1.2489611019471094 2.892198229893305 28.450000762939453 AB 6.375246369630752 1.028265543488831
60548.3268 lsst_hardware_r -12.42707203353941 37.11000061035156 31.489999771118164 AB 4.409329113970739 1.4622619695356878
60548.3445 lsst_hardware_i 26.24634301841944 39.279998779296875 31.229999542236328 AB 3.6577233301499295 1.3326657748906714
60550.3293 lsst_hardware_z 29.150358531108203 46.31999969482422 30.90999984741211 AB 9.775808271571206 1.3994929704121122
60550.3467 lsst_hardware_r 12.459810141432865 24.899999618530273 31.459999084472656 AB 9.071064338721342 1.2867366313378423
60554.3298 lsst_hardware_u 0.8677738409555238 2.5799999237060547 28.280000686645508 AB 3.427606220926025 1.3221239039251782
60554.3467 lsst_hardware_r 16.252733487370733 22.8799991607666 31.469999313354492 AB 2.614117746151288 1.2298836726188134
60556.3169 lsst_hardware_g 23.044355710019595 13.600000381469727 31.299999237060547 AB 3.160047080973509 1.3709531804657307
60556.3338 lsst_hardware_i -58.63378896351916 32.279998779296875 31.219999313354492 AB 2.5478401782325997 1.2675821782251742
60558.3095 lsst_hardware_z 46.10911455353802 46.11000061035156 30.920000076293945 AB 0.9692488098285719 1.38464115689796
60558.3259 lsst_hardware_r 10.880411012179243 23.280000686645508 31.450000762939453 AB 0.896633176806015 1.2809045382943072
60567.3155 lsst_hardware_r -9.98645420713783 41.56999969482422 31.579999923706055 AB 2.170651963227719 1.2100071333085953
60567.3322 lsst_hardware_i -9.131296164729282 39.470001220703125 31.280000686645508 AB 2.055963992783439 1.144002963618718
60575.3252 lsst_hardware_r -45.48040117909524 54.9900016784668 31.6299991607666 AB 2.261268968440741 1.0983698693096828
60575.3416 lsst_hardware_z -98.50391916988458 50.06999969482422 30.969999313354492 AB 1.890385850299997 1.0598313494486995
60583.2718 lsst_hardware_r 1.738227068034346 22.389999389648438 31.459999084472656 AB 5.723936462843684 1.2100919198429267
60583.2906 lsst_hardware_i 17.73859661690111 30.5 31.229999542236328 AB 5.39829045558887 1.1369210127955778
60585.2705 lsst_hardware_z -12.985483872761337 42.849998474121094 30.940000534057617 AB 3.1298449178759 1.1920191384572427
60585.2905 lsst_hardware_r 56.69452326644075 22.09000015258789 31.479999542236328 AB 2.9385574220898887 1.1197348236083164
60587.2769 lsst_hardware_u -2.3470933824608355 2.569999933242798 28.329999923706055 AB 7.579452176617661 1.1464332222372182
60587.2974 lsst_hardware_g -4.500959914171366 13.069999694824219 31.3799991607666 AB 7.5011358499699705 1.0854824262844696
60589.269 lsst_hardware_r -18.62893447449492 22.18000030517578 31.469999313354492 AB 5.082591520146431 1.155134436396916
60589.2896 lsst_hardware_z -16.60595368872606 41.34000015258789 30.940000534057617 AB 4.80225577000985 1.0914217659113294
60591.299 lsst_hardware_r 2.140317617518001 21.959999084472656 31.5 AB 2.8743452178188043 1.057684297133656
60591.3192 lsst_hardware_i -30.047312350458043 29.780000686645508 31.260000228881836 AB 2.795501058393599 1.0256837491812485
60595.2513 lsst_hardware_i -41.84182113144 37.130001068115234 31.260000228881836 AB 6.471915912757953 1.159980149257609
60595.2705 lsst_hardware_z 38.83197965713511 43.97999954223633 30.950000762939453 AB 6.138261102585225 1.0986357609853339
60597.2721 lsst_hardware_r 39.83938724247445 50.779998779296875 31.6200008392334 AB 6.85709236878538 1.0805944795060218
60597.2912 lsst_hardware_z -40.06771060472927 47.470001220703125 30.959999084472656 AB 6.5894859168253515 1.042255377786474
60598.2622 lsst_hardware_z 59.0881627698387 51.77000045776367 30.959999084472656 AB 8.01873665818625 1.0989337828993742
60598.2818 lsst_hardware_i -6.683886873515262 50.880001068115234 31.309999465942383 AB 7.677624051934972 1.0540033705508571
60600.195 lsst_hardware_z 145.65646454342425 68.72000122070312 30.940000534057617 AB 8.027817369234619 1.3834703646429145
60600.2133 lsst_hardware_r -81.20526229773073 94.1500015258789 31.59000015258789 AB 6.452237411283787 1.2696048034009255
60602.1968 lsst_hardware_i 232.1082084051085 72.0999984741211 31.280000686645508 AB 2.928276844327618 1.3344215293336503
60602.215 lsst_hardware_r 33.0095047315738 86.33999633789062 31.610000610351562 AB 1.3575753889325854 1.2330385003929023
60604.1971 lsst_hardware_z 37.59501746641807 55.36000061035156 30.940000534057617 AB 3.661898933723854 1.2992368045853662
60604.2151 lsst_hardware_g 46.83467979788887 57.060001373291016 31.649999618530273 AB 3.0121344943148043 1.207268334394711
60606.2055 lsst_hardware_r -31.92919354006854 22.719999313354492 31.459999084472656 AB 2.9526950541988675 1.2262447015195088
60606.2241 lsst_hardware_i -35.74908589004739 35.400001525878906 31.25 AB 1.6567186474949798 1.1497006575260096
60608.1828 lsst_hardware_i -8.740587712048447 32.20000076293945 31.219999313354492 AB 1.5785607233091046 1.3194990721446958
