data/validation/pwv_sim_epoch_fit_4/5045640.ecsv
# %ECSV 0.9
# ---
# datatype:
# - {name: time, datatype: float64}
# - {name: band, datatype: string}
# - {name: flux, datatype: float64}
# - {name: fluxerr, datatype: float64}
# - {name: zp, datatype: float64}
# - {name: zpsys, datatype: string}
# - {name: pwv, datatype: float64}
# - {name: airmass, datatype: float64}
# meta: {SNID: '5045640', alt: 1024.0, c: -0.04222245514392853, dec: -9.594068, lat: -30.244573, lon: -70.7499537, ra: 359.121094, t0: 63093.2109375,
#   x0: 4.658718605779867e-06, x1: 1.0441181659698486, z: 0.6311744451522827}
# schema: astropy-2.0
time band flux fluxerr zp zpsys pwv airmass
63037.4359 lsst_hardware_g -25.832354311093958 20.030000686645508 31.559999465942383 AB 3.912395894591184 1.0735068993253352
63043.4211 lsst_hardware_i 25.225766167293177 32.45000076293945 31.260000228881836 AB 6.225539289930027 1.0727215111450035
63043.4405 lsst_hardware_y 34.1137194717631 57.150001525878906 30.049999237060547 AB 6.224691628611069 1.0709761067779393
63045.4105 lsst_hardware_i 32.11838713519279 32.33000183105469 31.260000228881836 AB 5.587165797861596 1.0756443755809975
63045.4296 lsst_hardware_y -80.12991864663351 48.79999923706055 30.040000915527344 AB 5.400256787742612 1.0699934194061052
63049.402 lsst_hardware_i 2.949531271223901 32.130001068115234 31.260000228881836 AB 7.923213731421077 1.074139870498587
63049.4215 lsst_hardware_y 7.488206116370616 47.68000030517578 30.040000915527344 AB 7.8722405660020005 1.0703614080698869
63057.3697 lsst_hardware_z 28.24903700250203 78.9800033569336 31.729999542236328 AB 8.655595194512234 1.0823327254876394
63057.3894 lsst_hardware_r -27.97318059437711 63.11000061035156 31.639999389648438 AB 10.147718344328052 1.070509706483806
63065.382 lsst_hardware_g 35.49377857462505 15.759570995350714 31.450000762939453 AB 2.0004511735647594 1.071478936028259
63065.403 lsst_hardware_r 46.82909318235068 24.888279026634244 31.5 AB 1.9773921596457655 1.0875249056212102
63067.3408 lsst_hardware_i 160.48668726882815 33.36284765832977 31.25 AB 2.8928673708606913 1.0839784059431161
63067.3565 lsst_hardware_r 103.46976702646958 25.862799891317565 31.510000228881836 AB 3.0654822254483873 1.0723156013805764
63069.3806 lsst_hardware_u 0.2811126130139561 3.2155248556373146 28.469999313354492 AB 5.781423965102617 1.076565144099924
63069.4018 lsst_hardware_g 97.8962581091022 16.910270622451883 31.450000762939453 AB 5.886866197042886 1.1011206354066658
63077.3799 lsst_hardware_i 706.6938618129406 41.89378080651446 31.25 AB 5.22942417939761 1.101027987591391
63077.4058 lsst_hardware_z 597.8337508812559 48.686436765806434 30.940000534057617 AB 5.538795703118946 1.1586428734843084
63079.1624 lsst_hardware_z 478.4280447152353 71.65177462494357 30.860000610351562 AB 8.512784156726285 2.0865093216919344
63079.1972 lsst_hardware_r 1169.7248379258376 85.27877052924042 31.530000686645508 AB 7.3792201840230485 1.5777678392180987
63085.3058 lsst_hardware_z 756.1673627949037 69.31004838570666 30.979999542236328 AB 4.416271654179008 1.0730391967714445
63085.3293 lsst_hardware_r 1797.2823007341858 90.08663124058397 31.649999618530273 AB 4.459344256501907 1.0722154980769192
63088.2509 lsst_hardware_i 1300.6660898362065 50.72319713547478 31.260000228881836 AB 4.903645684695075 1.1419096896300895
63088.2706 lsst_hardware_z 920.1057877282196 53.74858510518753 30.950000762939453 AB 4.756548179088294 1.1011165412554649
63091.3116 lsst_hardware_i 1427.2187922320566 48.79112913881724 31.260000228881836 AB 3.8916805923143585 1.0716946738519437
63091.3293 lsst_hardware_u -1.6836942845523828 3.1548167647709215 28.510000228881836 AB 3.9680031073526614 1.0844501523237664
63094.2995 lsst_hardware_i 1336.3106817888838 48.46735207508303 31.25 AB 5.162888189530825 1.0705463483959412
63094.3174 lsst_hardware_r 1490.8688205204246 46.82025402486068 31.510000228881836 AB 5.198424038600962 1.0807347146309467
63099.2893 lsst_hardware_u 0.5490906938240205 2.828204670782967 28.389999389648438 AB 1.1210884928413687 1.0715302201590144
63100.2238 lsst_hardware_r 1375.2177527777224 44.38621664037582 31.510000228881836 AB 2.2459788472774864 1.1282546118272705
63102.2223 lsst_hardware_i 1175.985779207317 46.79811049500569 31.239999771118164 AB 2.86594520579644 1.1196556345083108
63102.2393 lsst_hardware_z 950.714407800187 52.17958873032532 30.940000534057617 AB 2.8030197001019848 1.0910229127870197
63110.2097 lsst_hardware_z 947.4549717018233 99.64420636099773 30.989999771118164 AB 1.8530858004487245 1.102480396895622
63110.2265 lsst_hardware_r 980.4300137797817 147.15190201063592 31.649999618530273 AB 1.746104218186239 1.080900212444409
63113.2052 lsst_hardware_r 792.8897865754627 99.06327999545788 31.639999389648438 AB 1.6450545724015297 1.0967030482676865
63113.2237 lsst_hardware_i 856.4929567292049 83.44784639070346 31.329999923706055 AB 1.8045009433335994 1.0764571147346984
63115.2038 lsst_hardware_z 1385.599257391106 79.71169701082572 31.709999084472656 AB 0.7320831534726672 1.0910330156075518
63118.1897 lsst_hardware_g 77.28454268854382 17.93339189143833 31.440000534057617 AB 3.620175924309171 1.0995219208227274
63118.2069 lsst_hardware_r 533.9079800314346 33.16316515891722 31.510000228881836 AB 3.5409835088055828 1.0789102708121825
63121.1907 lsst_hardware_i 568.2930893638876 39.639075854972674 31.25 AB 2.9192243914940397 1.0869645245726844
63121.2089 lsst_hardware_z 560.2056134286515 48.2621094497169 30.950000762939453 AB 3.2772476101382852 1.072397778186539
63123.1904 lsst_hardware_i 500.1861855278647 39.079311574235135 31.25 AB 0.9562032703003652 1.081474009764913
63123.209 lsst_hardware_u 1.1920260116054289 2.976369418923415 28.43000030517578 AB 1.304217834255875 1.0705666605835213
63125.169 lsst_hardware_u -3.7074861327098487 2.975315846415142 28.43000030517578 AB 3.2871799250371647 1.1020635068434046
63125.1888 lsst_hardware_g 22.598082834201453 16.215937163308034 31.469999313354492 AB 3.223095399159726 1.0780785146035805
63128.1737 lsst_hardware_r 325.36190653542684 29.460897969316846 31.510000228881836 AB 6.636659534162554 1.0845839438089762
63132.15 lsst_hardware_r 463.755298536662 43.99086396347384 32.290000915527344 AB 1.4324436855609253 1.1018797581237887
63132.1615 lsst_hardware_g 33.88686306870152 19.680401024923462 31.520000457763672 AB 1.4881856219736258 1.086002643133271
63135.1446 lsst_hardware_r 208.10638762392267 53.69200129289285 31.6200008392334 AB 3.1282431299349662 1.0975008057310562
63135.1636 lsst_hardware_i 311.4646338769115 49.99392836613863 31.309999465942383 AB 3.023117529685962 1.076481019472746
63136.1454 lsst_hardware_z 377.7646921254613 60.64420698916088 30.969999313354492 AB 4.242891648758133 1.092449465414302
63136.1651 lsst_hardware_i 339.91622456711036 61.50382211679109 31.31999969482422 AB 4.167425112263829 1.0738018841184822
63144.1069 lsst_hardware_g 1.2361940938226743 22.09419346715852 32.189998626708984 AB 4.016058596748668 1.1211777210353626
63144.1338 lsst_hardware_r 309.5710552564017 55.91514409268733 32.34000015258789 AB 4.485226755741944 1.0807775315040826
63148.108 lsst_hardware_z 290.7126852365003 45.23365692998266 30.940000534057617 AB 6.439984018188291 1.0991922199844888
63148.1283 lsst_hardware_i 192.56530683203422 34.292342949653595 31.25 AB 3.7721258606488277 1.0763407520577166
63152.1114 lsst_hardware_r 110.61316258603712 26.150557263501106 31.5 AB 5.681868903803765 1.0812995883919876
63152.1289 lsst_hardware_i 160.65452330485283 33.83188839591816 31.25 AB 6.358673671750708 1.0707842276312356
63154.0972 lsst_hardware_z 191.95091837057066 44.72366039958251 30.950000762939453 AB 6.765337144894125 1.0911834104667943
63154.1162 lsst_hardware_u -1.625731498919961 3.0419171696775744 28.469999313354492 AB 6.656724031702186 1.0736651664035783
63156.1017 lsst_hardware_g -34.108422922022825 15.419299167545217 31.459999084472656 AB 7.425974608428619 1.0801679471155916
63156.1198 lsst_hardware_r 80.46197326630596 26.109352643795216 31.520000457763672 AB 7.363323225166174 1.0703801175286827
63160.1002 lsst_hardware_i 127.11312193192396 33.854140287223515 31.260000228881836 AB 2.835278039429551 1.0734606869586563
63160.1184 lsst_hardware_u 4.387290064519381 3.0396852628252047 28.520000457763672 AB 2.9002435702908853 1.070365149730605
63162.0773 lsst_hardware_z 150.2238807601807 46.14497259374761 30.950000762939453 AB 4.748400903489428 1.0887082204492557
63162.0955 lsst_hardware_g -24.372637470424248 28.08496264229789 31.6299991607666 AB 5.7010557840044935 1.073072582238865
63164.072 lsst_hardware_r 103.45227163395182 61.674727683509 31.6299991607666 AB 4.161737335825014 1.0885102011748073
63164.0881 lsst_hardware_i 203.4435341573336 54.85477162766694 31.31999969482422 AB 4.886644628893963 1.0741058641375894
63167.0774 lsst_hardware_z 535.085037121708 116.29932509029278 31.739999771118164 AB 2.8661031135995505 1.0756626434974226
63169.0694 lsst_hardware_z 202.01004288657958 77.42181158571738 30.989999771118164 AB 5.521075825201638 1.0774933304452847
63169.087 lsst_hardware_r 42.67082806175155 112.47694382114793 31.649999618530273 AB 6.420105482159528 1.0700175803599212
63171.0775 lsst_hardware_i 137.54137091255961 61.145956082685274 31.31999969482422 AB 4.2933575212266515 1.0706627234976418
63171.0966 lsst_hardware_z 73.66110404931955 59.86717877786635 30.979999542236328 AB 5.865879023084402 1.0731902466383008
63180.0456 lsst_hardware_z 32.338199064156896 42.31999969482422 30.950000762939453 AB 9.281604035346776 1.073452152356072
63180.0646 lsst_hardware_i 25.270241679623552 31.780000686645508 31.260000228881836 AB 9.178126687292293 1.0705227371892803
63182.0471 lsst_hardware_u 2.154062802792828 2.690000057220459 28.360000610351562 AB 4.852728677626082 1.070750098952156
63182.0662 lsst_hardware_g -1.4360163407307738 15.3100004196167 31.440000534057617 AB 4.8316617924428815 1.0730071529438558
63185.0226 lsst_hardware_y -28.770658991062486 51.20000076293945 30.040000915527344 AB 6.028326471388801 1.0800871604256093
63185.0395 lsst_hardware_r -19.626973532466284 24.190000534057617 31.510000228881836 AB 5.970061666408998 1.070607029662681
63188.0281 lsst_hardware_z -5.71896233443584 67.31999969482422 31.700000762939453 AB 8.117918528547417 1.0715427433706484
63190.0179 lsst_hardware_y -122.82556844049117 65.41999816894531 30.059999465942383 AB 8.034380315034646 1.073660479970791
63190.0383 lsst_hardware_g 15.466583818707877 21.09000015258789 31.559999465942383 AB 8.026835596073845 1.0707563297229359
63192.0204 lsst_hardware_y -37.550620098997776 65.45999908447266 30.049999237060547 AB 5.0286218633286905 1.0706029089478446
63192.0415 lsst_hardware_i 3.8903580540007012 46.790000915527344 31.290000915527344 AB 5.057812329029503 1.074415789491132
63194.0201 lsst_hardware_y -44.2292780292389 75.29000091552734 30.06999969482422 AB 8.262775828728818 1.0699381684300666
63194.0388 lsst_hardware_i 28.374029826292062 69.37000274658203 31.329999923706055 AB 8.349897242827529 1.0762026004675453
