data/validation/pwv_sim_epoch_fit_4/50596098.ecsv
# %ECSV 0.9
# ---
# datatype:
# - {name: time, datatype: float64}
# - {name: band, datatype: string}
# - {name: flux, datatype: float64}
# - {name: fluxerr, datatype: float64}
# - {name: zp, datatype: float64}
# - {name: zpsys, datatype: string}
# - {name: pwv, datatype: float64}
# - {name: airmass, datatype: float64}
# meta: {SNID: '50596098', alt: 1024.0, c: -0.08777439594268799, dec: -24.95302, lat: -30.244573, lon: -70.7499537, ra: 180.527344, t0: 61102.94921875,
#   x0: 2.3084297141137733e-05, x1: 1.0137064456939697, z: 0.32233744859695435}
# schema: astropy-2.0
time band flux fluxerr zp zpsys pwv airmass
[from data line 132]
61461.2189 lsst_hardware_z -46.60624440793023 59.189998626708984 30.979999542236328 AB 9.01559090645652 1.0440753800181106
61461.2398 lsst_hardware_r -30.554191106963977 72.12999725341797 31.65999984741211 AB 8.75085915615392 1.01724605128206
61465.1023 lsst_hardware_z 35.68345624388814 47.93000030517578 30.899999618530273 AB 6.440526044699582 1.539138736933823
61465.1215 lsst_hardware_i -24.75028477029648 33.560001373291016 31.200000762939453 AB 5.744552320505041 1.379492662665556
61467.0955 lsst_hardware_u -0.9486131449867437 2.359999895095825 28.0 AB 9.098630338791972 1.552269954583634
61467.1144 lsst_hardware_g 19.462491828110576 14.300000190734863 31.309999465942383 AB 8.16126532689793 1.3912828719566874
61471.0951 lsst_hardware_z 102.6551390139524 47.099998474121094 30.90999984741211 AB 10.600058820762243 1.4565855836518289
61471.1138 lsst_hardware_u 0.46859033215015716 2.640000104904175 28.280000686645508 AB 9.571985363648396 1.321853990560909
61473.0994 lsst_hardware_g -2.7449405990575273 14.239999771118164 31.309999465942383 AB 14.208293167581134 1.3813234656407867
61473.1199 lsst_hardware_r -18.541357302075824 23.780000686645508 31.459999084472656 AB 12.896844966393248 1.256176001791526
61475.1002 lsst_hardware_i 33.868653014263934 33.08000183105469 31.209999084472656 AB 10.130807568268164 1.3388142683055406
61475.1203 lsst_hardware_z -59.031668926098 43.79999923706055 30.93000030517578 AB 9.198504130383576 1.2270671168638325
61478.1042 lsst_hardware_i 61.702862756246084 32.68000030517578 31.209999084472656 AB 16.318081244374085 1.2669809576748934
61478.1254 lsst_hardware_z 30.93572183491841 43.220001220703125 30.940000534057617 AB 13.064187794936736 1.1699971157922815
61480.0927 lsst_hardware_g -13.844487360615936 29.719999313354492 31.540000915527344 AB 9.381432174194746 1.3008838337667665
61480.1139 lsst_hardware_r 14.887231245973695 32.02000045776367 31.540000915527344 AB 8.894929260679065 1.1944846813804118
61482.0858 lsst_hardware_i 45.23699327673873 47.209999084472656 31.260000228881836 AB 10.687303998421129 1.3094378041989554
61482.1017 lsst_hardware_r 1.0210144406579091 50.209999084472656 31.59000015258789 AB 9.764694660374975 1.2246434640214072
61486.0865 lsst_hardware_z -311.45066615816717 138.3000030517578 31.739999771118164 AB 6.513398554386284 1.2454710729274312
61488.0856 lsst_hardware_r -20.206006760383097 126.81999969482422 31.610000610351562 AB 6.699187440740017 1.2233165835635673
61488.1035 lsst_hardware_i 104.49559482788366 100.94000244140625 31.31999969482422 AB 6.311939757517421 1.149960178092021
61491.0701 lsst_hardware_z 27.240511944453505 69.9000015258789 31.690000534057617 AB 7.979896627312287 1.259585914023791
61491.087 lsst_hardware_r -41.510981739912246 60.7400016784668 32.34000015258789 AB 7.615097691064974 1.1814901258375623
61493.0741 lsst_hardware_u 0.5662852750571874 2.8299999237060547 28.469999313354492 AB 8.167720439089607 1.2133882003203151
61493.092 lsst_hardware_g 23.406842661661543 14.75 31.440000534057617 AB 7.856598079296072 1.1424455546453456
61495.067 lsst_hardware_r -8.174495512890335 24.239999771118164 31.479999542236328 AB 5.832338569641053 1.2209207807496447
61495.0848 lsst_hardware_z 26.05933888543029 43.18000030517578 30.940000534057617 AB 5.856385566862405 1.14849855862642
61500.0628 lsst_hardware_g 6.7493302340712855 14.4399995803833 31.3799991607666 AB 9.234831907830324 1.17998171638145
61500.0797 lsst_hardware_r -9.050012356222682 23.520000457763672 31.479999542236328 AB 8.742267404575284 1.1203008143237372
61502.0688 lsst_hardware_i -73.10722894405322 31.780000686645508 31.229999542236328 AB 12.360855994247137 1.1377812954940294
61502.0864 lsst_hardware_z -74.29856470650985 42.09000015258789 30.940000534057617 AB 11.131721283827405 1.0865162627369223
61504.0662 lsst_hardware_r -24.089643474219233 23.850000381469727 31.489999771118164 AB 8.64481617395752 1.128394218542544
61504.0833 lsst_hardware_u -0.3628116875978971 2.740000009536743 28.43000030517578 AB 8.311131335833903 1.0807478818188467
61506.0624 lsst_hardware_g -5.369291558350349 14.729999542236328 31.43000030517578 AB 3.545851054894594 1.1231414189978917
61506.0829 lsst_hardware_i -5.597985556659873 31.270000457763672 31.25 AB 3.4009279678191167 1.0691940166054335
61510.0798 lsst_hardware_r -34.20502855064981 40.63999938964844 31.610000610351562 AB 11.482249206561985 1.053417358400182
61510.0976 lsst_hardware_z -23.531921427184944 45.16999816894531 30.959999084472656 AB 10.653379589541714 1.0262053290722175
61512.0747 lsst_hardware_y 140.51857426860386 52.779998779296875 30.049999237060547 AB 15.373454237886946 1.0527479819139876
61512.093 lsst_hardware_r 79.72481813145428 72.97000122070312 31.65999984741211 AB 14.57203828054138 1.0251771083220764
61514.0571 lsst_hardware_r -31.89390151550008 127.2699966430664 31.649999618530273 AB 9.649642306292488 1.0781321708270628
61514.0749 lsst_hardware_i 43.05260759997242 100.80999755859375 31.34000015258789 AB 9.329480068828097 1.0429049523599616
61517.0785 lsst_hardware_r 48.42290317205865 107.0 31.670000076293945 AB 9.623259067771112 1.0261890734480268
61517.0968 lsst_hardware_z -98.49605578056033 73.61000061035156 31.0 AB 9.20921119454455 1.0097081201532654
61522.963 lsst_hardware_y -42.749435074810755 80.8499984741211 29.950000762939453 AB 1.408412142610763 1.3804578707287205
61522.9812 lsst_hardware_r 0.29387286772060545 24.290000915527344 31.459999084472656 AB 1.3453244680337608 1.267679121822154
61524.9618 lsst_hardware_y -34.20894761067502 79.16000366210938 29.950000762939453 AB 15.18560594928582 1.351132730714242
61524.9797 lsst_hardware_r 6.832068737504477 24.149999618530273 31.459999084472656 AB 14.17266510795032 1.2470448841135344
61528.9616 lsst_hardware_y -37.623794667788125 71.52999877929688 29.979999542236328 AB 14.177118415136436 1.2853817865847443
61528.981 lsst_hardware_i 9.531585500097906 32.06999969482422 31.229999542236328 AB 13.086621496194754 1.190721213429303
61533.0876 lsst_hardware_i 45.318800645936555 30.450000762939453 31.260000228881836 AB 10.408482535275006 1.0077926544611742
61533.1054 lsst_hardware_z 48.356527496775065 41.04999923706055 30.950000762939453 AB 10.555917072770654 1.0216062719630932
61533.9595 lsst_hardware_y -94.1269518715894 67.16000366210938 30.0 AB 10.777657402299637 1.2256623277823986
61533.9777 lsst_hardware_g 0.5201876843440062 14.319999694824219 31.389999389648438 AB 10.053363928224032 1.1506654375900505
61535.9592 lsst_hardware_y -16.825586456896836 64.31999969482422 30.010000228881836 AB 9.046434597233652 1.2022106266672996
61535.9777 lsst_hardware_z -78.77018182414035 43.150001525878906 30.950000762939453 AB 8.500696052252447 1.1320299700039804
61539.9674 lsst_hardware_y -87.35954448575364 81.87999725341797 30.780000686645508 AB 7.412479840489908 1.1300086143335395
61544.9583 lsst_hardware_y 158.23059806584098 64.33999633789062 30.040000915527344 AB 8.172983873188123 1.1158291879885942
61544.9787 lsst_hardware_z 47.75561641681573 70.91999816894531 30.989999771118164 AB 8.006157420388718 1.064318352513234
61545.9595 lsst_hardware_y 30.08102669190294 59.040000915527344 30.040000915527344 AB 7.82298064696009 1.104420797217895
61545.9767 lsst_hardware_i 151.08657432030373 71.41000366210938 31.329999923706055 AB 7.518483490154844 1.0628083623731668
61547.9588 lsst_hardware_y -103.30315180430092 54.880001068115234 30.030000686645508 AB 2.1176794851563976 1.0915873634826792
61547.9803 lsst_hardware_r -19.559284985915895 22.950000762939453 31.5 AB 1.9248646339065738 1.0458378885664623
61549.958 lsst_hardware_y 115.98042484627607 55.18000030517578 30.049999237060547 AB 5.9331941524651715 1.0800225995416075
61549.9774 lsst_hardware_g 13.238520363345506 14.130000114440918 31.440000534057617 AB 4.943752423440837 1.0416123093897511
61551.9575 lsst_hardware_z 5.783846427534605 48.88999938964844 30.959999084472656 AB 6.412500223967561 1.0687500373279268
61551.977 lsst_hardware_i -9.316679350102412 30.719999313354492 31.25 AB 6.00255919259963 1.033973218752844
