data/validation/pwv_sim_epoch_fit_4/50882679.ecsv
# %ECSV 0.9
# ---
# datatype:
# - {name: time, datatype: float64}
# - {name: band, datatype: string}
# - {name: flux, datatype: float64}
# - {name: fluxerr, datatype: float64}
# - {name: zp, datatype: float64}
# - {name: zpsys, datatype: string}
# - {name: pwv, datatype: float64}
# - {name: airmass, datatype: float64}
# meta: {SNID: '50882679', alt: 1024.0, c: 0.1454780101776123, dec: -14.477512, lat: -30.244573, lon: -70.7499537, ra: 24.785156, t0: 60487.19140625,
#   x0: 2.368512468105851e-05, x1: -1.3758854866027832, z: 0.31926587224006653}
# schema: astropy-2.0
time band flux fluxerr zp zpsys pwv airmass
60511.4172 lsst_hardware_r 2157.65145538773 78.64755700971993 31.639999389648438 AB 6.499107824155276 1.046470948257886
60511.4375 lsst_hardware_y 960.373385668498 64.89232490886175 30.059999465942383 AB 6.446563789314527 1.0397683531152462
60514.4191 lsst_hardware_z 2539.0141813433447 77.91061643785737 30.979999542236328 AB 5.479707388626797 1.041274563159384
60514.438 lsst_hardware_y 932.0297003420981 68.37778174429498 30.059999465942383 AB 5.484490061343845 1.0414412649121947
60520.4155 lsst_hardware_y 1831.3626967258963 77.58810091463761 30.799999237060547 AB 4.960280301123309 1.0399818924343447
60527.3363 lsst_hardware_i 1526.151491944242 49.575400582756224 31.239999771118164 AB 2.8696956487396967 1.09978116328808
60527.3571 lsst_hardware_z 1321.4840514182924 55.603148403372465 30.940000534057617 AB 2.777369423681217 1.0630740035142294
60529.3909 lsst_hardware_r 711.2623399762758 34.49735777237365 31.510000228881836 AB 1.455972277892043 1.0399801984943164
60529.4079 lsst_hardware_u 0.35014147726919237 2.809353403986561 28.459999084472656 AB 1.4663322971067925 1.0473802122191376
60531.3837 lsst_hardware_g 166.21727840474014 19.363644539973638 31.440000534057617 AB 5.407028356556676 1.0398131454916684
60531.4038 lsst_hardware_i 1231.8475117250662 46.51462529344404 31.260000228881836 AB 5.451839027378564 1.0484305821881854
60535.3476 lsst_hardware_u 6.690497556833337 3.5385439971628867 28.549999237060547 AB 3.6737427696402265 1.049640791325779
60535.3667 lsst_hardware_g 172.0044734469148 18.76908365395782 31.450000762939453 AB 3.6402903276139886 1.0400829507468539
60543.3238 lsst_hardware_z 778.1138706312678 78.70241172473733 30.989999771118164 AB 1.921930787097712 1.0513844568368227
60543.3457 lsst_hardware_i 980.2901095851183 90.37916119024594 31.34000015258789 AB 2.003671442999135 1.0399678769894496
60546.3293 lsst_hardware_z 767.7952341020961 59.752479832079494 30.979999542236328 AB 2.5439977312305295 1.042194891942044
60546.3496 lsst_hardware_r 541.0392411339822 66.38026993161509 31.649999618530273 AB 2.041865284949378 1.0411040331163177
60553.2751 lsst_hardware_r -6.041716694865928 23.040000915527344 31.489999771118164 AB 1.7585745332993281 1.0802054872845996
60553.2916 lsst_hardware_i 0.15561677661601472 30.610000610351562 31.25 AB 1.7613393999441023 1.0563810875314488
60555.2877 lsst_hardware_i -5.360028625517373 30.639999389648438 31.239999771118164 AB 1.3004329115796474 1.0546901148253427
60555.3086 lsst_hardware_z -93.58769793299236 41.060001373291016 30.940000534057617 AB 1.6598835975314372 1.0408425129527745
60559.2537 lsst_hardware_g 32.14721504872777 14.210000038146973 31.40999984741211 AB 2.155094383513852 1.089715683556642
60559.2721 lsst_hardware_i -6.652298585360935 30.90999984741211 31.25 AB 2.07168202005438 1.0600453795263756
60571.2299 lsst_hardware_r 309.78693686567794 185.0 32.40999984741211 AB 6.397680655518959 1.0734963905450834
60571.2504 lsst_hardware_i 107.21565714372414 143.66000366210938 32.09000015258789 AB 5.821031605484158 1.0487400424258146
60580.2164 lsst_hardware_g 1.1263018806469993 14.4399995803833 31.440000534057617 AB 3.8743277262074107 1.0580776676032984
60580.2354 lsst_hardware_r -34.78471394467835 23.18000030517578 31.510000228881836 AB 3.8726388345201057 1.0426669511833357
60582.2109 lsst_hardware_i 28.398049197139173 31.010000228881836 31.25 AB 3.9147938751312163 1.0581238935417843
60582.2308 lsst_hardware_z -9.34575450216748 41.33000183105469 30.950000762939453 AB 4.028173070301439 1.0422855476549577
60584.2062 lsst_hardware_r 18.383452823108982 23.170000076293945 31.489999771118164 AB 4.776974642112792 1.0572426356575713
60584.2246 lsst_hardware_u 0.5193499752967932 2.7799999713897705 28.5 AB 3.504477453666655 1.0426113659103997
60586.1825 lsst_hardware_u -1.5745695329972678 2.7100000381469727 28.40999984741211 AB 2.389473893123757 1.0848095761760397
60586.2018 lsst_hardware_g 4.183039607678905 14.539999961853027 31.43000030517578 AB 2.3558743510724116 1.056051259352496
60588.1839 lsst_hardware_r -20.028674553554797 23.299999237060547 31.489999771118164 AB 5.22252788889167 1.072828243404205
60588.2028 lsst_hardware_z -35.10509134814286 41.27000045776367 30.950000762939453 AB 5.094852508250381 1.049727517925287
60590.1803 lsst_hardware_r 1.7008106094696513 23.469999313354492 31.5 AB 4.209246870052719 1.0699208311935164
60590.198 lsst_hardware_u -0.9497320581232914 2.7699999809265137 28.469999313354492 AB 4.346186069510806 1.0491698417650916
60596.1681 lsst_hardware_r -83.52692462923193 52.70000076293945 31.6299991607666 AB 8.531442865277844 1.0639035871402724
60596.1865 lsst_hardware_z 12.002714945967076 49.369998931884766 30.969999313354492 AB 8.45749489763608 1.0455550621382221
60601.1687 lsst_hardware_z -4.5159277525517725 78.66000366210938 31.0 AB 2.7048704495610005 1.048568741551672
60601.1871 lsst_hardware_r 23.56431335970052 115.23999786376953 31.65999984741211 AB 2.6905596195233903 1.0399972760277236
60603.1451 lsst_hardware_r 61.3613141929353 63.72999954223633 31.649999618530273 AB 2.8633343657103207 1.069472497152594
60603.1622 lsst_hardware_y 45.711667777485836 51.11000061035156 30.059999465942383 AB 2.74179544192202 1.0494241293398903
60611.1336 lsst_hardware_g -12.922758873330274 14.65999984741211 31.469999313354492 AB 3.05865675655099 1.0559836894703163
60611.152 lsst_hardware_i 52.00336288838571 30.940000534057617 31.260000228881836 AB 2.972826967885903 1.042122096711581
60613.1301 lsst_hardware_z 48.138130584041946 41.7599983215332 30.959999084472656 AB 3.8888909271437266 1.0538999802557525
60613.1465 lsst_hardware_r 6.802421882368764 23.420000076293945 31.530000686645508 AB 3.8460098419868185 1.0421378788746292
60615.1259 lsst_hardware_r -16.33140735237269 23.299999237060547 31.510000228881836 AB 4.105287627290355 1.0526378531513731
60615.1439 lsst_hardware_u 1.9217665756953688 2.7699999809265137 28.479999542236328 AB 4.060282902855647 1.0410981802193968
60617.1149 lsst_hardware_g 5.673297071713476 14.359999656677246 31.440000534057617 AB 4.714902224748628 1.0586364804375252
60617.1333 lsst_hardware_r -24.322517971897394 23.15999984741211 31.510000228881836 AB 5.3202033868068295 1.0431771346680059
60620.1251 lsst_hardware_i 33.71250498942143 30.65999984741211 31.25 AB 4.702659982018508 1.0431810075462529
60620.1436 lsst_hardware_z -5.688850081348835 41.150001525878906 30.950000762939453 AB 4.5917299475146365 1.0401472301539554
60629.0943 lsst_hardware_r -110.95400620788713 111.22000122070312 31.65999984741211 AB 6.056069974920676 1.0469931235545966
60629.1117 lsst_hardware_y 76.1176936705587 59.29999923706055 30.059999465942383 AB 6.0044007782597335 1.039873132329583
60631.0944 lsst_hardware_g 133.72743370258038 82.20999908447266 31.719999313354492 AB 5.812397338241417 1.0435183731133604
60631.1145 lsst_hardware_r -137.7458509257415 80.63999938964844 31.649999618530273 AB 5.702680089865546 1.0403186542775935
60633.095 lsst_hardware_i 9.01146123018681 30.670000076293945 31.25 AB 6.035132682536145 1.0410187469875682
60633.1144 lsst_hardware_z -2.67632513001756 41.31999969482422 30.950000762939453 AB 6.031341561649051 1.0419224165004322
60640.072 lsst_hardware_u 0.531082142388272 2.700000047683716 28.440000534057617 AB 3.75982964426832 1.0424666296492568
60640.0938 lsst_hardware_g 7.141717119829626 14.199999809265137 31.450000762939453 AB 3.96658676157955 1.0413722135940011
60642.0516 lsst_hardware_r 48.305664023546576 22.81999969482422 31.5 AB 5.747328655249253 1.0532029787885748
60642.07 lsst_hardware_z -18.136786722272706 41.060001373291016 30.950000762939453 AB 5.717989982559436 1.041148940742796
60644.0615 lsst_hardware_r -3.7145422371613273 22.850000381469727 31.5 AB 8.68759212215507 1.0422817526730204
60644.0809 lsst_hardware_u -2.9261661713451947 2.7699999809265137 28.5 AB 8.683968916945775 1.04076490625159
60646.0641 lsst_hardware_g 7.243309824884321 14.270000457763672 31.450000762939453 AB 6.899205280517886 1.0400065385893016
60646.0831 lsst_hardware_r 37.413554838578705 23.149999618530273 31.520000457763672 AB 6.9177016381342264 1.043902683720153
60650.0403 lsst_hardware_y 81.22859324196777 49.380001068115234 30.059999465942383 AB 5.559111215782024 1.0447656981000186
60650.0594 lsst_hardware_r 24.575064336156252 24.059999465942383 31.520000457763672 AB 4.625252018124346 1.039849824218603
60652.0408 lsst_hardware_y 20.658344298061674 49.689998626708984 30.049999237060547 AB 5.123991294112684 1.0418145633574614
60652.0598 lsst_hardware_g 26.97536789094681 27.920000076293945 31.639999389648438 AB 5.579280668093397 1.0409753096759868
60654.0302 lsst_hardware_y -65.5797452384131 73.5199966430664 30.06999969482422 AB 10.12055961247889 1.0442807239202043
60654.05 lsst_hardware_z -65.86403960004887 52.91999816894531 30.979999542236328 AB 10.296223577196018 1.0400225835551533
60656.0396 lsst_hardware_y -69.67988468766077 93.52999877929688 30.81999969482422 AB 11.087244353322573 1.0397622069558765
60658.0329 lsst_hardware_z -73.99711533310033 73.83999633789062 31.0 AB 7.886871292498213 1.0398341101575643
60658.0522 lsst_hardware_r -63.62532454978761 85.58999633789062 31.649999618530273 AB 8.020121090828608 1.0449893604979932
60876.4185 lsst_hardware_r -13.659272754715055 24.799999237060547 31.530000686645508 AB 5.426905688859272 1.0460832760354557
60876.4391 lsst_hardware_z 60.9390782875653 51.5 30.979999542236328 AB 5.399739411260772 1.0398445443259823
60878.4172 lsst_hardware_z 97.47366997342895 41.220001220703125 30.950000762939453 AB 5.217911821177996 1.0435823642355992
60878.4378 lsst_hardware_y -74.0631140617411 55.63999938964844 30.059999465942383 AB 5.2022085028370775 1.0404417005674156
60880.4166 lsst_hardware_u -1.673710708957207 2.799999952316284 28.520000457763672 AB 5.54526306596829 1.0414617458856776
60880.4356 lsst_hardware_y 18.346599888965553 52.93000030517578 30.059999465942383 AB 5.395471938829228 1.041345609424218
60882.4036 lsst_hardware_i 34.21805684685128 30.639999389648438 31.25 AB 7.099426175683026 1.0451219298067387
60882.4226 lsst_hardware_y -51.19577937076519 47.31999969482422 30.049999237060547 AB 6.265373117269967 1.0398384239770913
60885.3937 lsst_hardware_r -14.57149464684442 23.030000686645508 31.5 AB 4.91733781669165 1.0462420886577979
60885.417 lsst_hardware_y 99.27727115374937 47.0 30.049999237060547 AB 4.736734511951287 1.040126155457024
60887.4019 lsst_hardware_g 5.617080059902546 14.199999809265137 31.440000534057617 AB 4.755807183151569 1.0402786401352322
60887.4209 lsst_hardware_y 36.31916286307964 47.18000030517578 30.049999237060547 AB 3.6289679123156775 1.0431815773814381
60889.3994 lsst_hardware_i 4.397993395369119 30.579999923706055 31.25 AB 1.9660606974640957 1.0398769556403893
60889.4176 lsst_hardware_z 10.18567102424947 41.290000915527344 30.950000762939453 AB 1.2914992238123935 1.0443389949965447
60893.3393 lsst_hardware_z 37.54087684611605 49.040000915527344 30.959999084472656 AB 2.84871819856992 1.089202433737105
60893.3601 lsst_hardware_r -66.05318097850542 46.22999954223633 31.6200008392334 AB 2.7676969898698234 1.0569107649706555
60895.3788 lsst_hardware_i -51.46283733950319 62.34000015258789 31.329999923706055 AB 1.4567656449396382 1.0405468892425989
60895.3999 lsst_hardware_z 16.321090986194157 57.400001525878906 30.979999542236328 AB 1.461058644213386 1.0436133172952757
60898.3712 lsst_hardware_r 164.23880036151752 94.0199966430664 31.65999984741211 AB 5.61824277728212 1.0404153291263185
60898.3903 lsst_hardware_z 131.0235512436033 66.4800033569336 30.989999771118164 AB 6.310806417231801 1.0429073870986532
60900.348 lsst_hardware_y 196.4000784866375 54.34000015258789 30.059999465942383 AB 4.922567135752664 1.0499236719105607
60900.3701 lsst_hardware_r 22.99535774859652 78.37000274658203 31.65999984741211 AB 4.8469859341384245 1.0398282181361036
60903.3441 lsst_hardware_i 117.03061541630571 51.630001068115234 32.040000915527344 AB 5.724702128713216 1.0465634604594545
60903.3633 lsst_hardware_z -22.401034660847927 62.13999938964844 31.709999084472656 AB 5.7039134600665085 1.0397849170686957
60905.3561 lsst_hardware_r -25.936766596137307 23.559999465942383 31.510000228881836 AB 4.339730266641561 1.0398507058504967
60905.3748 lsst_hardware_g 2.8068039330050727 15.729999542236328 31.469999313354492 AB 4.145146039056084 1.0448630943299795
60907.292 lsst_hardware_u -3.719563670204239 2.640000104904175 28.3700008392334 AB 2.7042135706701047 1.1091934252133326
60907.3101 lsst_hardware_r 12.445881058343879 22.959999084472656 31.489999771118164 AB 2.588061673696073 1.0729940604046737
60911.3396 lsst_hardware_r 40.726654206380495 22.940000534057617 31.5 AB 3.3402905060988957 1.0398600688298818
60911.3597 lsst_hardware_u 0.5451738676502333 2.690000057220459 28.43000030517578 AB 3.3501598271368676 1.0456723176830467
60913.2934 lsst_hardware_g -12.926691724724527 13.90999984741211 31.399999618530273 AB 2.945530238990498 1.0735091680703994
60913.3121 lsst_hardware_r 2.8190393308565542 22.65999984741211 31.489999771118164 AB 2.8628913964755984 1.0502811604312803
60933.2366 lsst_hardware_i -26.325217620966278 31.020000457763672 31.25 AB 0.7728661488011825 1.0771653641828327
60933.2544 lsst_hardware_z -34.90692955444499 41.38999938964844 30.950000762939453 AB 2.696153886847403 1.0531851120494262
60937.223 lsst_hardware_u 0.9448849580375744 2.799999952316284 28.489999771118164 AB 6.4665262682184625 1.0819016677628346
60937.2421 lsst_hardware_g 22.152150118185084 14.390000343322754 31.43000030517578 AB 6.271682173937559 1.0545959599692487
60942.2192 lsst_hardware_r 21.320436957040474 23.360000610351562 31.489999771118164 AB 4.048556929264307 1.0659707554671687
60942.2395 lsst_hardware_u 1.4298903429323284 2.690000057220459 28.40999984741211 AB 3.9777537239209297 1.0453101937422469
60944.2119 lsst_hardware_g -22.092084236876634 14.430000305175781 31.440000534057617 AB 3.2258663993548233 1.0686394874189262
60944.231 lsst_hardware_r 8.493520208349143 23.190000534057617 31.5 AB 3.1931974965376595 1.0474078820920927
60946.2109 lsst_hardware_i -13.623995578751106 30.799999237060547 31.25 AB 3.9189410690044784 1.0624035429358125
60946.2303 lsst_hardware_z -40.635049891325416 41.130001068115234 30.950000762939453 AB 3.8294365829518426 1.0442731279495991
60949.2043 lsst_hardware_r -65.9160062607075 36.33000183105469 31.59000015258789 AB 5.042865173989125 1.0603722176290018
60949.2238 lsst_hardware_z -45.746826479997964 44.15999984741211 30.959999084472656 AB 4.391851347415748 1.0433603137668328
60951.2012 lsst_hardware_z -37.69038514311033 50.38999938964844 30.959999084472656 AB 3.0460727695333807 1.0575417554218427
60951.2196 lsst_hardware_i 53.02920165911385 48.90999984741211 31.309999465942383 AB 3.4017037656525377 1.042747724929792
60954.1819 lsst_hardware_r 1.9445283971709908 122.31999969482422 31.65999984741211 AB 5.0807959223796235 1.072803193070022
60954.1998 lsst_hardware_z -11.942250855802182 81.6500015258789 31.0 AB 5.071249631066609 1.0506007108072526
60956.1805 lsst_hardware_r 24.11303974062838 120.97000122070312 31.65999984741211 AB 4.4043643680664015 1.066647273800405
60956.1998 lsst_hardware_y -49.639532453075965 61.31999969482422 30.06999969482422 AB 4.172933745977545 1.046285101373392
60958.1794 lsst_hardware_g -7.494144329749075 64.98999786376953 31.709999084472656 AB 3.691517811740335 1.0607809803851538
60958.1981 lsst_hardware_r 15.645987518980377 65.80000305175781 31.639999389648438 AB 3.554670705519454 1.0439561543375784
60960.1797 lsst_hardware_i 29.53785215945919 30.989999771118164 31.239999771118164 AB 6.611823776232735 1.0541810867719401
60960.198 lsst_hardware_z 46.208298007381686 43.70000076293945 30.950000762939453 AB 6.513734731701767 1.0415309772469827
60962.1659 lsst_hardware_r -11.141438225737463 23.399999618530273 31.5 AB 8.928637520152261 1.0641576639965873
60962.1846 lsst_hardware_u 0.7404982102950043 2.7200000286102295 28.440000534057617 AB 8.507205593582357 1.0454965704291947
