data/validation/pwv_sim_epoch_fit_4/50894514.ecsv
# %ECSV 0.9
# ---
# datatype:
# - {name: time, datatype: float64}
# - {name: band, datatype: string}
# - {name: flux, datatype: float64}
# - {name: fluxerr, datatype: float64}
# - {name: zp, datatype: float64}
# - {name: zpsys, datatype: string}
# - {name: pwv, datatype: float64}
# - {name: airmass, datatype: float64}
# meta: {SNID: '50894514', alt: 1024.0, c: -0.021575121209025383, dec: -14.323464, lat: -30.244573, lon: -70.7499537, ra: 78.75, t0: 60585.5234375,
#   x0: 1.5766170771554793e-05, x1: -1.4404685497283936, z: 0.3798826038837433}
# schema: astropy-2.0
time band flux fluxerr zp zpsys pwv airmass
[from data line 134]
61012.2482 lsst_hardware_i 40.84028879031706 66.61000061035156 31.329999923706055 AB 6.681400376485207 1.05978446992028
61014.2382 lsst_hardware_z 51.11001623225576 101.58999633789062 31.739999771118164 AB 2.8053797243689873 1.0546540317175412
61016.2195 lsst_hardware_r -57.90189620705184 74.16000366210938 31.649999618530273 AB 4.432125062178984 1.0441632783522028
61016.2385 lsst_hardware_i -92.34290691082897 61.59000015258789 31.31999969482422 AB 4.482580813807558 1.0613008003648752
61019.2302 lsst_hardware_z 50.35817642606172 63.619998931884766 31.709999084472656 AB 9.905242082944246 1.0611622415038653
61021.1947 lsst_hardware_r 20.608599120987694 22.440000534057617 31.5 AB 13.21217849170017 1.0403290150945017
61021.2125 lsst_hardware_g 11.72226944307878 16.579999923706055 31.489999771118164 AB 13.107658696385244 1.0486126957108195
61023.1913 lsst_hardware_r 5.588472300886625 22.610000610351562 31.489999771118164 AB 7.909305800631541 1.040698131662045
61023.2094 lsst_hardware_i 26.762087620448323 30.489999771118164 31.25 AB 8.117539344179663 1.0505874906186634
61027.1611 lsst_hardware_u 1.4525568504522928 2.6700000762939453 28.440000534057617 AB 3.0396612171059196 1.0432127729235245
61027.1808 lsst_hardware_g 5.409482951084262 13.720000267028809 31.420000076293945 AB 3.4427636628674043 1.0407911511667114
61029.147 lsst_hardware_r -38.69948828429205 22.530000686645508 31.489999771118164 AB 3.2195746516432644 1.0487213849001922
61029.1653 lsst_hardware_i 2.848750474092264 30.290000915527344 31.239999771118164 AB 3.200673351683533 1.0402773548983613
61031.1449 lsst_hardware_z 2.6688813849877846 41.08000183105469 30.950000762939453 AB 3.6734711863018257 1.04625007086184
61031.1628 lsst_hardware_u 0.5800282076234237 2.630000114440918 28.399999618530273 AB 3.667481068005382 1.0400513486013137
61033.1466 lsst_hardware_g -10.295027500976873 13.710000038146973 31.43000030517578 AB 6.48408789255262 1.0423740684113205
61033.1657 lsst_hardware_r 16.19501996692001 22.3700008392334 31.5 AB 6.499689851490619 1.0411164266363317
61035.1281 lsst_hardware_r 12.714744730190764 23.56999969482422 31.5 AB 7.280007229812665 1.0508472779492137
61035.1474 lsst_hardware_i -55.7473605326457 30.3799991607666 31.239999771118164 AB 7.251079774946322 1.040513689678396
61037.1331 lsst_hardware_z -14.870319136528925 42.959999084472656 30.950000762939453 AB 6.393583257630399 1.0435521700135306
61037.1539 lsst_hardware_i -12.137622303857986 34.0 31.270000457763672 AB 6.367093727750539 1.040885029875897
61039.143 lsst_hardware_z 77.5704719632531 97.41999816894531 32.470001220703125 AB 8.14207156747974 1.040077270702117
61041.122 lsst_hardware_r -86.73143221866557 78.7699966430664 31.649999618530273 AB 7.232642168306993 1.0436411890431723
61041.1424 lsst_hardware_i 30.44981860195375 63.900001525878906 31.329999923706055 AB 7.247570864977177 1.0407471859860116
61044.13 lsst_hardware_z -1.5219834709172135 91.54000091552734 31.739999771118164 AB 2.4980129310015684 1.0401164181824714
61047.1241 lsst_hardware_g 26.1286533138286 32.599998474121094 31.670000076293945 AB 9.147192558464587 1.040379795476798
61047.1466 lsst_hardware_r 19.806845858692764 44.72999954223633 31.6200008392334 AB 8.410626514769637 1.0531274069998293
61050.0944 lsst_hardware_r 1.5025297659792383 22.209999084472656 31.5 AB 8.87922450278969 1.04535254329994
61050.116 lsst_hardware_i 25.29584661150974 30.06999969482422 31.25 AB 8.831726660805124 1.0403934573818696
61055.0878 lsst_hardware_z -18.660769358400138 40.7599983215332 30.950000762939453 AB 5.653478735272944 1.0418758323470063
61055.107 lsst_hardware_i -44.41807103073438 29.989999771118164 31.25 AB 5.647496827436219 1.0415252033139877
61057.0782 lsst_hardware_u -3.6193952319768887 2.609999895095825 28.399999618530273 AB 2.8774659376460296 1.043694572958306
61057.0964 lsst_hardware_g 18.92741957958912 13.25 31.389999389648438 AB 2.0098944420767197 1.0403180342012006
61059.0745 lsst_hardware_r 21.39874596944827 22.0 31.479999542236328 AB 3.8251515773665554 1.0428439414848842
61059.0941 lsst_hardware_i -0.5473716911167352 29.899999618530273 31.239999771118164 AB 4.051886728809071 1.0409471364955851
61061.0729 lsst_hardware_z -1.392414921115511 40.7400016784668 30.940000534057617 AB 12.48173738821416 1.0413741824276543
61061.0925 lsst_hardware_u 2.2511640386118397 2.619999885559082 28.40999984741211 AB 13.234617015579282 1.042205245871949
61063.0736 lsst_hardware_g 11.179052048231139 13.680000305175781 31.399999618530273 AB 7.436516028496158 1.040144909223884
61063.0934 lsst_hardware_r 0.05939980793609201 22.100000381469727 31.479999542236328 AB 8.6014423767634 1.0454608931637188
61065.0476 lsst_hardware_y 24.851374780003123 48.11000061035156 30.040000915527344 AB 7.365495364060758 1.0496145778159924
61065.068 lsst_hardware_i -36.66196706552905 31.68000030517578 31.25 AB 7.094304595199829 1.0401570669240388
61067.0448 lsst_hardware_y 70.10709624304624 49.91999816894531 30.049999237060547 AB 11.941654998227168 1.0475135963357165
61067.063 lsst_hardware_i -54.353222020623676 40.2599983215332 31.290000915527344 AB 11.857336134135672 1.040117204748743
61069.044 lsst_hardware_y -48.06551120063407 52.83000183105469 30.049999237060547 AB 13.232361958239448 1.0444677526434167
61069.0631 lsst_hardware_z -12.336362688118035 53.08000183105469 30.969999313354492 AB 13.210067772229495 1.040244725744507
61071.041 lsst_hardware_y 61.311266373563896 56.56999969482422 30.059999465942383 AB 8.913118470864774 1.0431817190127504
61071.0581 lsst_hardware_i 68.31476702463196 66.97000122070312 31.329999923706055 AB 9.51514932445914 1.0403049608548778
61074.0414 lsst_hardware_y 15.991751497605012 51.310001373291016 30.059999465942383 AB 7.2541448956560295 1.0404185441013571
61074.0604 lsst_hardware_r -3.868442894829707 66.02999877929688 31.649999618530273 AB 8.19819418549777 1.0437576148065302
61076.0284 lsst_hardware_y 139.4856662055287 66.44000244140625 30.06999969482422 AB 5.792017458213968 1.0426986933086444
61076.0463 lsst_hardware_z 33.17367967924737 41.279998779296875 30.950000762939453 AB 6.191717970211124 1.040624868943046
61078.0271 lsst_hardware_y -125.47889738324022 66.08000183105469 30.059999465942383 AB 4.9573444955105606 1.0411855070644531
61078.0464 lsst_hardware_u -1.0214128044031285 2.740000009536743 28.389999389648438 AB 6.362385096459638 1.0423304548590495
61080.026 lsst_hardware_y 77.82061363208139 67.55999755859375 30.06999969482422 AB 5.77073129111312 1.0402712338264246
61080.0456 lsst_hardware_r -15.820182281765199 22.200000762939453 31.489999771118164 AB 6.193670287466071 1.0446252716073714
61082.0245 lsst_hardware_y -119.0989521139637 66.12999725341797 30.06999969482422 AB 0.5907393917760693 1.0400341404507552
61082.0413 lsst_hardware_r 20.19365337116312 22.649999618530273 31.5 AB 0.5529745153233296 1.0453204448456137
61084.0227 lsst_hardware_z -69.70914028316581 62.59000015258789 30.989999771118164 AB 3.4906960962106184 1.0403167305234675
61084.0391 lsst_hardware_g -0.7450741126359127 13.890000343322754 31.420000076293945 AB 3.524098598699515 1.0475398361256918
