data/validation/pwv_sim_epoch_fit_4/50901393.ecsv
# %ECSV 0.9
# ---
# datatype:
# - {name: time, datatype: float64}
# - {name: band, datatype: string}
# - {name: flux, datatype: float64}
# - {name: fluxerr, datatype: float64}
# - {name: zp, datatype: float64}
# - {name: zpsys, datatype: string}
# - {name: pwv, datatype: float64}
# - {name: airmass, datatype: float64}
# meta: {SNID: '50901393', alt: 1024.0, c: 0.10247109085321426, dec: -8.234748, lat: -30.244573, lon: -70.7499537, ra: 82.96875, t0: 60591.3828125,
#   x0: 3.7413536097244284e-05, x1: -0.3049676716327667, z: 0.26174405217170715}
# schema: astropy-2.0
time band flux fluxerr zp zpsys pwv airmass
[from data line 133]
61025.2123 lsst_hardware_i 17.065952220480145 30.93000030517578 31.239999771118164 AB 11.298924862286336 1.0873182034310005
61027.1581 lsst_hardware_u -2.1954336640425676 2.680000066757202 28.389999389648438 AB 3.307405915367773 1.0944125461026686
61027.1777 lsst_hardware_g -1.2095954553320394 14.15999984741211 31.40999984741211 AB 3.584476879124066 1.0801497300358796
61029.1553 lsst_hardware_r 46.637746287162244 23.049999237060547 31.479999542236328 AB 3.3616991040338036 1.0915493478476512
61029.1737 lsst_hardware_i 79.29078973251168 30.950000762939453 31.239999771118164 AB 4.139143941355322 1.0797062647273978
61031.1463 lsst_hardware_z -46.87702233778888 41.849998474121094 30.940000534057617 AB 3.844930199896852 1.0954217093723226
61031.1643 lsst_hardware_u -2.424673895493213 2.640000104904175 28.3799991607666 AB 3.8004936599195025 1.0810933725028808
61033.1491 lsst_hardware_g -0.24071621127828688 14.15999984741211 31.420000076293945 AB 6.7661628660813555 1.0871957686320166
61033.1683 lsst_hardware_r -17.849663409671017 23.06999969482422 31.489999771118164 AB 6.933868501014363 1.0787955504697548
61035.1566 lsst_hardware_i -20.377996783448406 30.719999313354492 31.239999771118164 AB 7.535080971991763 1.0799112822632408
61035.1787 lsst_hardware_z 22.59959048453851 41.56999969482422 30.940000534057617 AB 7.664368537767819 1.0828948153017526
61037.1608 lsst_hardware_i 49.64567438098126 34.27000045776367 31.260000228881836 AB 6.675023772227882 1.0788353100695054
61037.1811 lsst_hardware_z 57.17433368219262 43.02000045776367 30.950000762939453 AB 6.545132735737486 1.0886630096174348
61039.141 lsst_hardware_z 51.44963468554946 70.08000183105469 31.709999084472656 AB 8.486049434509024 1.081760359629773
61041.1332 lsst_hardware_r -55.131534569163904 85.0 31.639999389648438 AB 7.542795052378142 1.083012912710225
61041.1536 lsst_hardware_i -25.20820912034932 68.69999694824219 31.31999969482422 AB 7.515082107557418 1.0794034558569627
61044.1367 lsst_hardware_z -27.96560695700998 138.67999267578125 32.4900016784668 AB 2.7287852862903503 1.0789266370834993
61047.1262 lsst_hardware_g 39.826484817907186 34.04999923706055 31.649999618530273 AB 8.591067055974156 1.079302379359805
61047.1488 lsst_hardware_r -36.40864683210182 46.869998931884766 31.610000610351562 AB 8.657368183954423 1.0847019943143696
61050.1236 lsst_hardware_i 31.051531964896867 30.709999084472656 31.25 AB 9.166428877075665 1.0787524054341897
61050.142 lsst_hardware_z 44.597791215591315 41.65999984741211 30.940000534057617 AB 8.870174577222171 1.0857006826465325
61055.0853 lsst_hardware_z -9.482057993366428 41.90999984741211 30.940000534057617 AB 5.918320834995768 1.0905494221695746
61055.1044 lsst_hardware_i -17.679576552971398 30.760000228881836 31.239999771118164 AB 5.833563690527648 1.0792902295148286
61057.0879 lsst_hardware_u 2.6716979476181124 2.5899999141693115 28.360000610351562 AB 2.1690837374174525 1.083999868774339
61057.1061 lsst_hardware_g 23.30973914524958 13.5600004196167 31.389999389648438 AB 2.2498811098898206 1.0788209589498061
61059.0859 lsst_hardware_r 44.20849539112788 22.510000228881836 31.479999542236328 AB 4.195718880861935 1.0819982930467225
61059.1056 lsst_hardware_i 11.409374591577054 30.479999542236328 31.239999771118164 AB 4.18548588281021 1.0796842278149237
61061.0744 lsst_hardware_z 39.476926928911524 41.7400016784668 30.940000534057617 AB 12.946405110652407 1.085804174782136
61061.094 lsst_hardware_u -0.7968199438502469 2.640000104904175 28.389999389648438 AB 13.625792149442736 1.078757988238673
61063.0763 lsst_hardware_g 19.51531264943685 13.84000015258789 31.399999618530273 AB 7.878789017415979 1.0813600078803156
61063.0961 lsst_hardware_r -39.63077364177217 22.43000030517578 31.479999542236328 AB 9.256819342304539 1.0801107718333094
61065.0759 lsst_hardware_i -35.307501001288216 32.38999938964844 31.25 AB 7.629183648085005 1.0795632675379248
61065.0972 lsst_hardware_z 31.227687632354442 42.290000915527344 30.940000534057617 AB 8.727648928725591 1.0831260175885484
61067.0696 lsst_hardware_i 113.86496369129354 40.52000045776367 31.290000915527344 AB 12.309603997840759 1.0797898243719963
61067.087 lsst_hardware_z -10.400532121216724 46.25 30.959999084472656 AB 12.232925987823213 1.0807744717713994
61069.042 lsst_hardware_y -132.72601314952024 55.09000015258789 30.040000915527344 AB 13.911052434262386 1.0960488838845202
61069.061 lsst_hardware_z 68.32441979216902 56.2599983215332 30.969999313354492 AB 13.67322948951547 1.0808877066810647
61071.0395 lsst_hardware_y -26.30035243272331 59.63999938964844 30.040000915527344 AB 9.267952665794445 1.0927041853952972
61071.0565 lsst_hardware_i 68.92489483377138 73.45999908447266 31.329999923706055 AB 9.83641607388657 1.0805092627985466
61072.0507 lsst_hardware_z -8.67934887123208 93.44999694824219 31.729999542236328 AB 8.777373323779994 1.0818455205973698
61074.0399 lsst_hardware_y -157.24109833563753 53.720001220703125 30.040000915527344 AB 7.583830092006845 1.0850706573676516
61074.0589 lsst_hardware_r -63.545629320504986 67.41000366210938 31.639999389648438 AB 8.578374878950543 1.078769476729193
61076.0382 lsst_hardware_y 92.8280562530536 49.08000183105469 30.040000915527344 AB 6.034128711881304 1.0826785966294206
61076.0562 lsst_hardware_z -4.176910791585403 41.58000183105469 30.950000762939453 AB 6.476514619248141 1.0790444350014372
61078.0375 lsst_hardware_y -35.999927395678576 48.75 30.030000686645508 AB 5.078188775444011 1.080465696902981
61078.0566 lsst_hardware_u -0.536958170873059 2.5399999618530273 28.31999969482422 AB 6.751228151694888 1.0806287557734915
61080.0363 lsst_hardware_y -4.5297913059228465 50.130001068115234 30.040000915527344 AB 5.976170727584381 1.0792506731731866
61080.056 lsst_hardware_r 15.27975049357636 22.469999313354492 31.479999542236328 AB 6.51394788862761 1.0829806127009798
61082.0259 lsst_hardware_y 65.40420465938423 63.060001373291016 30.049999237060547 AB 0.6103389867490527 1.0807241907907088
61082.0428 lsst_hardware_r -66.56126291091365 22.93000030517578 31.489999771118164 AB 1.1083806786150832 1.079679206378859
61084.0242 lsst_hardware_z -2.119534987383587 58.130001068115234 30.979999542236328 AB 3.5309082136911654 1.0795133392176812
61084.0406 lsst_hardware_g 15.21965039427672 14.050000190734863 31.420000076293945 AB 3.5445030513843796 1.0807784682152854
61086.0227 lsst_hardware_y 13.724832449801253 64.55999755859375 30.049999237060547 AB 2.354218698563143 1.0788445880530708
61086.0406 lsst_hardware_i 1.3151101756756323 30.8799991607666 31.25 AB 2.3316636718879526 1.0835707560473795
