data/validation/pwv_sim_epoch_fit_4/50975445.ecsv
# %ECSV 0.9
# ---
# datatype:
# - {name: time, datatype: float64}
# - {name: band, datatype: string}
# - {name: flux, datatype: float64}
# - {name: fluxerr, datatype: float64}
# - {name: zp, datatype: float64}
# - {name: zpsys, datatype: string}
# - {name: pwv, datatype: float64}
# - {name: airmass, datatype: float64}
# meta: {SNID: '50975445', alt: 1024.0, c: 0.056306391954422, dec: -58.730057, lat: -30.244573, lon: -70.7499537, ra: 138.727814, t0: 62435.91796875,
#   x0: 4.9950461604425244e-05, x1: 0.7411994934082031, z: 0.23040884733200073}
# schema: astropy-2.0
time band flux fluxerr zp zpsys pwv airmass
62483.3341 lsst_hardware_g 583.3484055940459 27.13382256560426 31.389999389648438 AB 11.968183832399399 1.1435481008741595
62483.3461 lsst_hardware_y 823.2013216376946 61.03185715719822 30.030000686645508 AB 11.957399475306456 1.1397497414803637
62485.3297 lsst_hardware_i 2665.3558375091598 59.22788673601016 31.229999542236328 AB 9.436737322654944 1.1430795661142499
62485.3435 lsst_hardware_z 1501.0261367048686 58.83942396300401 30.940000534057617 AB 9.520798445947056 1.1393377195972665
62487.3361 lsst_hardware_r 1901.129698077052 48.67283750669596 31.469999313354492 AB 8.30654236058182 1.1395997202060395
62487.3486 lsst_hardware_y 729.5176560448101 63.14076316828953 30.020000457763672 AB 8.305403783311927 1.1394435153398172
62489.3368 lsst_hardware_r 2002.5460469177613 66.29423208381523 31.600000381469727 AB 5.959831758591944 1.1390752891266098
62489.3488 lsst_hardware_y 745.3969879468361 60.46585856012103 30.020000457763672 AB 5.952196170346672 1.1405587960552328
62491.337 lsst_hardware_z 1229.8268082103325 68.05565669808526 30.969999313354492 AB 7.250910031516909 1.1393636127459923
62491.3475 lsst_hardware_y 633.9530958623196 63.339573811864234 30.020000457763672 AB 7.4174672755817275 1.1418514894676304
62493.3386 lsst_hardware_z 1219.651934069566 64.50734881815889 30.959999084472656 AB 6.953867869042898 1.140757545160792
62493.3508 lsst_hardware_y 461.0818146526748 65.84137103436223 30.020000457763672 AB 6.981713436683349 1.145889449902894
62495.3389 lsst_hardware_r 1895.1587746358712 70.2296220971262 31.6200008392334 AB 7.405018014161535 1.1427496935434467
62495.3518 lsst_hardware_y 641.2352118851107 62.47319457070913 30.030000686645508 AB 7.413349686856715 1.1500251598769384
62497.3189 lsst_hardware_i 1962.2215653626104 59.6037099356077 31.280000686645508 AB 6.804466706703088 1.1392042033656797
62497.3308 lsst_hardware_z 1015.9384514305113 56.3493906481226 30.950000762939453 AB 6.8459899597088265 1.141743631488673
62499.3199 lsst_hardware_r 17.665770848761714 27.809999465942383 31.520000457763672 AB 7.955977703911764 1.1401788096465475
62499.3317 lsst_hardware_g -52.72251285623371 22.100000381469727 31.540000915527344 AB 7.952780653528851 1.1444496551344205
62503.3191 lsst_hardware_z -25.610654965126237 42.150001525878906 30.940000534057617 AB 5.9298172920552705 1.143648465198702
62503.3312 lsst_hardware_i 73.29688314716412 30.690000534057617 31.229999542236328 AB 5.937896876752758 1.150941084171105
62505.3208 lsst_hardware_u 3.0834847551310873 2.5199999809265137 28.290000915527344 AB 3.764338780921599 1.1475476417807944
62505.3334 lsst_hardware_g 6.90834948056733 12.979999542236328 31.34000015258789 AB 3.1668543541995335 1.1573702527910583
62507.3196 lsst_hardware_r 18.502100678847782 22.149999618530273 31.459999084472656 AB 8.312916615423816 1.1504440016732302
62507.3315 lsst_hardware_i 8.144212828233531 31.040000915527344 31.229999542236328 AB 8.442261535983658 1.1608472376739276
62509.3192 lsst_hardware_z 96.37149121180084 42.09000015258789 30.940000534057617 AB 10.16145861973328 1.154448832053315
62509.3319 lsst_hardware_u 4.315740203005024 2.609999895095825 28.3799991607666 AB 10.183138590644624 1.1672556843930106
62512.268 lsst_hardware_r -7.174497753764813 21.920000076293945 31.459999084472656 AB 6.967718456227242 1.1396023098640713
62512.2801 lsst_hardware_i -22.566642234712546 30.59000015258789 31.229999542236328 AB 6.992349745650577 1.1394377640929771
62517.2623 lsst_hardware_z -2.073594259596261 48.13999938964844 30.950000762939453 AB 5.30146711814506 1.139120566855406
62517.2754 lsst_hardware_g 7.812933863031524 35.54999923706055 31.6299991607666 AB 5.248587181703955 1.141493514942139
62519.2651 lsst_hardware_r 116.34002243926278 73.55999755859375 31.6200008392334 AB 8.409804411017099 1.1401578648342054
62519.2783 lsst_hardware_i -29.476840753719486 59.0 31.299999237060547 AB 8.380153105156126 1.1450903810279378
62521.2766 lsst_hardware_z 66.50733352044983 85.4000015258789 31.719999313354492 AB 13.578585722682803 1.1472437419713728
62523.2789 lsst_hardware_z 41.73542227162741 55.560001373291016 30.969999313354492 AB 11.26502741301222 1.152746946789804
62523.2908 lsst_hardware_r 43.14112906902598 69.48999786376953 31.6200008392334 AB 11.402046760852757 1.1640185557040543
62525.2494 lsst_hardware_r -1.1159076561266064 53.189998626708984 31.610000610351562 AB 11.567406194649607 1.1403200113022176
62525.2623 lsst_hardware_i 70.88510583806783 47.43000030517578 31.280000686645508 AB 10.831865060665141 1.1452999394493153
62527.2507 lsst_hardware_z 25.606553392637775 44.900001525878906 30.93000030517578 AB 14.54718291870739 1.1424489203173342
62527.2625 lsst_hardware_i 4.104961905385455 37.029998779296875 31.25 AB 14.703595120771746 1.1487183688102927
62529.2577 lsst_hardware_g -16.768338671956702 16.75 31.459999084472656 AB 13.541999877202375 1.1491690723882928
62529.2692 lsst_hardware_r -78.9734590251673 24.540000915527344 31.489999771118164 AB 13.613023507687672 1.1586538009777574
62531.2414 lsst_hardware_r -27.476050785172372 21.75 31.459999084472656 AB 14.072593470824128 1.1431219650295783
62531.2531 lsst_hardware_i 11.577145956342886 30.420000076293945 31.229999542236328 AB 14.233688660751488 1.1497712223016248
62533.2374 lsst_hardware_z 22.754921338522493 42.189998626708984 30.940000534057617 AB 14.346320785770938 1.1437786893615338
62533.2488 lsst_hardware_u -1.656439073706065 2.5999999046325684 28.3700008392334 AB 14.443994151690365 1.1506102616853717
62535.2405 lsst_hardware_g 5.9200306606625634 12.699999809265137 31.329999923706055 AB 10.3515822573237 1.1486230381880458
62535.2518 lsst_hardware_r -7.9944752111100525 21.860000610351562 31.450000762939453 AB 10.57069178132373 1.1576918990224034
62537.1994 lsst_hardware_r -2.7450938654220716 21.700000762939453 31.459999084472656 AB 7.913974201301468 1.1396852248418012
62537.212 lsst_hardware_i -29.741096144797655 30.299999237060547 31.229999542236328 AB 6.142594397515178 1.1394869646639474
62539.2319 lsst_hardware_i -24.986954011917273 30.56999969482422 31.219999313354492 AB 6.772610183610856 1.1502395012926097
62539.2438 lsst_hardware_u 2.32752631951495 2.4200000762939453 28.209999084472656 AB 6.826333958759161 1.1605464057734087
62541.2398 lsst_hardware_g -0.5426097246320805 12.859999656677246 31.350000381469727 AB 6.206525232696139 1.1620530299000447
62541.2515 lsst_hardware_r -14.317170174747323 22.1200008392334 31.459999084472656 AB 6.213144496271438 1.176045143386237
62543.1936 lsst_hardware_r -30.409380177971766 21.93000030517578 31.469999313354492 AB 3.076055512338749 1.1392798193847218
62543.205 lsst_hardware_i 4.167477541858065 30.579999923706055 31.239999771118164 AB 3.0826526119425774 1.141723189608362
62548.1901 lsst_hardware_z -38.61573265150507 55.2599983215332 30.969999313354492 AB 4.750153472902703 1.1413151064158344
62548.2017 lsst_hardware_r -182.3481135260287 70.33999633789062 31.6200008392334 AB 4.7578570510105305 1.1465636720243868
62550.1769 lsst_hardware_r 14.263197448689288 90.12000274658203 31.6299991607666 AB 7.3683597392451645 1.1395545529299667
62550.1878 lsst_hardware_i -29.767863391241878 70.33000183105469 31.309999465942383 AB 7.245899956747495 1.1424359411505707
62554.1811 lsst_hardware_z -23.230934383860514 71.63999938964844 31.709999084472656 AB 9.157143951217547 1.1442973207532159
62556.167 lsst_hardware_r 0.5649516282487502 33.13999938964844 31.559999465942383 AB 10.918826013203931 1.140943157074601
62556.1794 lsst_hardware_i -72.77443033400705 37.13999938964844 31.260000228881836 AB 11.176483109430695 1.1463059599416097
62557.1634 lsst_hardware_z 10.849214069870033 43.119998931884766 30.93000030517578 AB 9.933142896738442 1.1407025672124151
62557.1748 lsst_hardware_u 4.471873267156037 3.0299999713897705 28.43000030517578 AB 10.710358172770468 1.1452682902928402
62559.1669 lsst_hardware_g 11.512242675327116 12.640000343322754 31.329999923706055 AB 7.647899473051623 1.1440388142186422
62559.1801 lsst_hardware_r 29.25581863418932 21.739999771118164 31.450000762939453 AB 7.657600783522601 1.1523853699808144
62561.1652 lsst_hardware_i -11.613682107518125 30.399999618530273 31.229999542236328 AB 4.677394695048159 1.1459989452525199
62561.1767 lsst_hardware_z -81.84283329059701 41.970001220703125 30.940000534057617 AB 4.442770866927115 1.1540663781090437
62563.1569 lsst_hardware_i -54.05137796646018 30.309999465942383 31.219999313354492 AB 5.5553647902408825 1.1444921281913643
62563.1695 lsst_hardware_u 1.895852790865257 2.5 28.290000915527344 AB 6.262320617608194 1.1526450612199879
62566.1383 lsst_hardware_u -0.4334715201685387 2.5299999713897705 28.31999969482422 AB 8.76607045687589 1.1405738548218618
62566.1507 lsst_hardware_g 20.12272912686399 12.760000228881836 31.350000381469727 AB 8.759511650209149 1.1455333457117458
62568.1606 lsst_hardware_i 44.924345566399616 30.469999313354492 31.229999542236328 AB 13.247259018091837 1.1567132956203305
62568.1722 lsst_hardware_r 33.81987011649231 21.8700008392334 31.459999084472656 AB 12.6114288665493 1.1689696312322657
62571.1433 lsst_hardware_z -88.59799620595162 59.27000045776367 31.690000534057617 AB 8.65656920756739 1.1494072595690081
62572.1337 lsst_hardware_g -5.823241596865739 17.149999618530273 31.469999313354492 AB 9.435939415276245 1.1452077693156435
62572.145 lsst_hardware_r -10.948457980074068 24.579999923706055 31.489999771118164 AB 9.4553252371304 1.1527135773484722
62575.1389 lsst_hardware_i -26.88663098647814 43.220001220703125 31.280000686645508 AB 11.590590295806189 1.1544412645225286
62575.1502 lsst_hardware_z -24.263579897885865 48.209999084472656 30.950000762939453 AB 11.509551868880333 1.1656127674386008
62578.1157 lsst_hardware_i -68.80106881358573 64.12000274658203 31.309999465942383 AB 9.236342189784509 1.1443863449119698
62578.1281 lsst_hardware_z 5.131809577801406 59.81999969482422 30.969999313354492 AB 7.112341762106634 1.1523094110100116
62580.1165 lsst_hardware_z -56.77640716423396 64.41000366210938 30.969999313354492 AB 5.82527827183521 1.1479323304380082
62580.1288 lsst_hardware_r 73.68530292914134 92.68000030517578 31.6200008392334 AB 5.42575829590777 1.1576185824424516
62582.111 lsst_hardware_i 42.003680843654365 54.95000076293945 31.299999237060547 AB 6.026523099265082 1.1479091617647774
62582.1224 lsst_hardware_r -58.47880490576838 66.11000061035156 31.6200008392334 AB 6.08258649141112 1.1567517891748336
62587.1081 lsst_hardware_r 17.14842584549299 21.969999313354492 31.450000762939453 AB 7.45595190024808 1.1561706613984049
62587.1195 lsst_hardware_i 60.031214343195025 30.920000076293945 31.219999313354492 AB 7.52744575217844 1.1680116507983698
62589.1073 lsst_hardware_z -19.008676840830887 42.41999816894531 30.93000030517578 AB 7.9841229736342 1.16062356975906
62589.1181 lsst_hardware_r -6.076035601604245 21.93000030517578 31.440000534057617 AB 8.066385606456826 1.173022301257673
62591.0981 lsst_hardware_u 1.6261739381526032 2.430000066757202 28.229999542236328 AB 5.879068286008463 1.1570122088085242
62591.1105 lsst_hardware_g 12.592918388199342 12.65999984741211 31.31999969482422 AB 6.052085687783445 1.1703332246136415
62594.0456 lsst_hardware_u -0.35832982012925885 2.4700000286102295 28.260000228881836 AB 7.087285194608872 1.139480717811585
62594.058 lsst_hardware_g -6.476174027235351 12.640000343322754 31.329999923706055 AB 6.904523948529955 1.1397835745169336
62596.0407 lsst_hardware_r 0.3376169741533679 21.81999969482422 31.450000762939453 AB 8.724532472154772 1.139419155302961
62596.0527 lsst_hardware_i -50.309461818549195 30.59000015258789 31.219999313354492 AB 8.901077616876972 1.1398120967925218
62600.0422 lsst_hardware_g 15.961883245641786 15.819999694824219 31.440000534057617 AB 8.769166091622317 1.1398890019007302
62600.053 lsst_hardware_r -6.316089097549764 23.3700008392334 31.479999542236328 AB 8.7886532377704 1.1431898763548984
62602.0364 lsst_hardware_i 23.473159934223258 34.380001068115234 31.260000228881836 AB 2.1869543103322924 1.1398302520842385
62602.0483 lsst_hardware_z 15.138731133404857 43.849998474121094 30.950000762939453 AB 3.5692306678478207 1.143526044965261
62604.0373 lsst_hardware_i 40.8593470626317 41.61000061035156 31.290000915527344 AB 7.539886938149543 1.14139830021182
62604.0489 lsst_hardware_z 56.17000419046758 47.27000045776367 30.959999084472656 AB 8.704054242498009 1.146678496728176
62606.0284 lsst_hardware_z -96.86302390147745 75.33000183105469 31.719999313354492 AB 12.923702551226237 1.1404357079332204
62606.0393 lsst_hardware_r 136.3992567001316 88.6500015258789 32.380001068115234 AB 12.993618476178728 1.1444340835564222
62608.0134 lsst_hardware_r 25.513351304355805 85.26000213623047 31.639999389648438 AB 15.184871705000722 1.139192895832606
62608.0257 lsst_hardware_i -69.63982766145568 67.8499984741211 31.31999969482422 AB 15.154981505702997 1.141188366393298
62612.0055 lsst_hardware_z 20.859450307311736 41.959999084472656 30.940000534057617 AB 8.260849741169908 1.1393620699274627
62612.0175 lsst_hardware_u -1.0356446372662136 2.619999885559082 28.399999618530273 AB 8.334700948502404 1.142104912323903
62616.0064 lsst_hardware_i 0.6561674420495915 30.690000534057617 31.229999542236328 AB 15.022418886419796 1.1420418797643148
62616.0174 lsst_hardware_z -48.26215537282081 42.5 30.940000534057617 AB 15.054775241390486 1.1474530487207089
62618.0038 lsst_hardware_i -7.138656713940009 30.299999237060547 31.229999542236328 AB 5.317680119466238 1.1431773814689152
62618.0153 lsst_hardware_u -0.3951472514284829 2.5 28.290000915527344 AB 5.256415127418123 1.1496761419669639
62622.0009 lsst_hardware_i 27.89627538851852 30.8799991607666 31.239999771118164 AB 12.227465511373937 1.1473826350580008
62622.0122 lsst_hardware_r -37.99571784843167 22.139999389648438 31.469999313354492 AB 12.360787760745177 1.1558979857933211
62623.0026 lsst_hardware_u 3.9031767649394293 2.690000057220459 28.450000762939453 AB 10.101282982026305 1.1503567910290746
62623.0143 lsst_hardware_g -10.979533096874402 12.890000343322754 31.360000610351562 AB 10.194361112246058 1.16048316982358
62624.9996 lsst_hardware_r 13.346540536650187 22.0 31.469999313354492 AB 12.655610346041843 1.1522121630628253
62625.0109 lsst_hardware_i -23.528442141100157 30.770000457763672 31.229999542236328 AB 12.827721474834233 1.1626158041269075
