data/validation/pwv_sim_epoch_fit_4/5107150.ecsv
# %ECSV 0.9
# ---
# datatype:
# - {name: time, datatype: float64}
# - {name: band, datatype: string}
# - {name: flux, datatype: float64}
# - {name: fluxerr, datatype: float64}
# - {name: zp, datatype: float64}
# - {name: zpsys, datatype: string}
# - {name: pwv, datatype: float64}
# - {name: airmass, datatype: float64}
# meta: {SNID: '5107150', alt: 1024.0, c: -0.05222771689295769, dec: -54.916332, lat: -30.244573, lon: -70.7499537, ra: 295.0, t0: 62774.390625,
#   x0: 6.515127160926347e-06, x1: -0.5228352546691895, z: 0.549897313117981}
# schema: astropy-2.0
time band flux fluxerr zp zpsys pwv airmass
62618.4016 lsst_hardware_i 2.1341714556302374 31.469999313354492 31.239999771118164 AB 1.544901419709381 1.1035010140781294
62618.4125 lsst_hardware_y 22.45343122299283 48.5 30.020000457763672 AB 1.5404526552784916 1.1003233251989226
62620.4111 lsst_hardware_g 23.245988253553243 14.380000114440918 31.399999618530273 AB 13.84018834642072 1.0998679498089339
62620.4236 lsst_hardware_y 28.93591045859668 61.29999923706055 30.040000915527344 AB 12.853746244423636 1.1009397010276984
62622.4123 lsst_hardware_i 6.172439875846946 31.6299991607666 31.25 AB 9.766483986771746 1.099973793866139
62622.4241 lsst_hardware_y -42.866967243380785 60.75 30.040000915527344 AB 10.09364195073107 1.1027687043298824
62623.4051 lsst_hardware_u -1.423788531246938 2.8399999141693115 28.520000457763672 AB 11.408441906876405 1.099785530868548
62623.417 lsst_hardware_z -44.54893317327855 43.880001068115234 30.959999084472656 AB 12.208394765130862 1.1013436865251116
62625.4103 lsst_hardware_r -20.883252285284595 22.8700008392334 31.489999771118164 AB 9.790660783921943 1.101022691898108
62625.4219 lsst_hardware_y -88.10789675171664 53.189998626708984 30.040000915527344 AB 9.838695132960497 1.1054713632539883
62627.4094 lsst_hardware_z 33.72075046539811 42.06999969482422 30.940000534057617 AB 2.9587971715130434 1.1023834469124603
62627.4225 lsst_hardware_y -82.38503821457742 52.209999084472656 30.030000686645508 AB 2.6596147497081586 1.1090970599283396
62631.3875 lsst_hardware_i -4.364938841340678 30.770000457763672 31.25 AB 8.579623500210836 1.099951730796261
62631.4 lsst_hardware_u -2.0483492824573593 2.690000057220459 28.420000076293945 AB 8.602996517854306 1.102948271519783
62633.3887 lsst_hardware_g -5.967943548618554 13.529999732971191 31.3799991607666 AB 11.627696967211158 1.1010816000768124
62633.4005 lsst_hardware_r 22.767877496901644 22.549999237060547 31.479999542236328 AB 11.632279998548738 1.1057037616547836
62637.3847 lsst_hardware_i -80.25414570897355 58.90999984741211 31.309999465942383 AB 5.04172724725516 1.1033835527987659
62637.3965 lsst_hardware_r -59.43488393189912 62.13999938964844 31.6200008392334 AB 4.943905465799801 1.1099922464751373
62639.3939 lsst_hardware_z -184.52582605251268 97.05000305175781 31.729999542236328 AB 8.914676296360552 1.112110316412187
62642.3251 lsst_hardware_r -59.59217615755415 71.08999633789062 31.6299991607666 AB 7.443299415392612 1.1096152974646627
62642.3385 lsst_hardware_z -4.120645102890163 57.06999969482422 30.969999313354492 AB 7.743932135990532 1.1025483559380949
62646.3129 lsst_hardware_z -59.36913136326232 42.75 30.940000534057617 AB 8.106810057511368 1.1105219256864887
62646.3262 lsst_hardware_i -29.711537540856227 32.790000915527344 31.260000228881836 AB 8.052448002023333 1.1030750687703197
62650.3078 lsst_hardware_r -5.850712096183525 22.700000762939453 31.489999771118164 AB 9.489198713637716 1.1067304042575126
62650.3208 lsst_hardware_i -6.234679766127948 30.81999969482422 31.25 AB 9.465310670691315 1.1012471087956852
62655.3249 lsst_hardware_i 5.39986341229715 30.75 31.229999542236328 AB 10.346010154201961 1.1003174767171808
62655.338 lsst_hardware_z -58.64833392717802 41.970001220703125 30.940000534057617 AB 11.699947378773814 1.1044719400348213
62657.3024 lsst_hardware_z 57.95867236591591 42.119998931884766 30.950000762939453 AB 7.011313358996075 1.1010660530008363
62657.3158 lsst_hardware_i 54.96766771295543 30.979999542236328 31.25 AB 7.024203413932968 1.0998948387446417
62675.2894 lsst_hardware_r -31.682734054010808 28.31999969482422 31.540000915527344 AB 4.203243437679901 1.1077686298022957
62675.3003 lsst_hardware_z -37.308483099434866 43.04999923706055 30.950000762939453 AB 3.018848115168288 1.1160251812083248
62678.2826 lsst_hardware_i -15.840412464595056 31.219999313354492 31.239999771118164 AB 6.365915245985263 1.1086581758943335
62678.2949 lsst_hardware_z 77.4060378226668 42.54999923706055 30.940000534057617 AB 6.177208266891592 1.118620396624219
62680.2798 lsst_hardware_r -10.203297234927824 22.8799991607666 31.469999313354492 AB 6.393104349435648 1.110492330977184
62680.2929 lsst_hardware_g -32.97192519608871 13.819999694824219 31.3700008392334 AB 6.078311996523596 1.1221153804234307
62682.2355 lsst_hardware_u -4.578078701869388 2.690000057220459 28.40999984741211 AB 3.638835119210438 1.100759319128906
62682.248 lsst_hardware_r -23.69586986922679 23.040000915527344 31.489999771118164 AB 3.636114795328119 1.0999364124111206
62688.2168 lsst_hardware_z 13.382429125181638 42.13999938964844 30.940000534057617 AB 4.813343926207233 1.1013256895566519
62688.2289 lsst_hardware_r -7.307819289272911 22.989999771118164 31.479999542236328 AB 4.778265208480293 1.0998001860857156
62704.1874 lsst_hardware_g -7.566761619873756 13.949999809265137 31.399999618530273 AB 5.999242400970627 1.099903880884427
62704.1995 lsst_hardware_i -35.467546048897496 30.959999084472656 31.239999771118164 AB 5.963858620650284 1.1025126856020984
62707.1972 lsst_hardware_z 68.42247894878665 41.939998626708984 30.940000534057617 AB 6.507146328437962 1.105060088042449
62707.2082 lsst_hardware_r 38.28098416266552 22.8799991607666 31.469999313354492 AB 6.512381418551871 1.1120869908729287
62709.1924 lsst_hardware_u -2.12883995057801 2.490000009536743 28.25 AB 3.5363555494899104 1.1053989735312633
62709.2034 lsst_hardware_g 5.9227404390834755 13.789999961853027 31.3799991607666 AB 3.420333935797093 1.1126052379930906
62716.1348 lsst_hardware_r 26.521240487942265 22.799999237060547 31.479999542236328 AB 2.097023105582353 1.1032125062248241
62716.1464 lsst_hardware_i -22.217536486735323 30.84000015258789 31.239999771118164 AB 2.1342655062755638 1.1001368589049298
62723.1335 lsst_hardware_r 0.13831519341626833 79.45999908447266 31.639999389648438 AB 4.788605860518019 1.0998176069173218
62723.1455 lsst_hardware_y -1.294058362510097 54.20000076293945 30.040000915527344 AB 4.8196786566678895 1.1018087304734945
62725.1236 lsst_hardware_z -83.85496630707976 73.73999786376953 30.979999542236328 AB 2.9759266783019362 1.0999544181489322
62725.1351 lsst_hardware_r 77.6305453598228 108.37999725341797 31.649999618530273 AB 3.439656034222869 1.1005725365474197
62731.1153 lsst_hardware_r 10.914301553403753 24.639999389648438 31.520000457763672 AB 2.888303799983319 1.100061751350488
62731.1257 lsst_hardware_i 46.818688004910335 37.45000076293945 31.280000686645508 AB 2.9914394979654935 1.102496129471312
62733.1168 lsst_hardware_z 105.30557254162723 41.779998779296875 30.940000534057617 AB 2.3129495641544335 1.101404554359254
62733.1277 lsst_hardware_r 24.142638750830187 22.610000610351562 31.479999542236328 AB 2.0212171969922768 1.1058499231253054
62735.104 lsst_hardware_u 0.34883413793033263 2.680000066757202 28.420000076293945 AB 3.0209395568517183 1.1000235072741806
62735.115 lsst_hardware_g -8.15191755333334 13.550000190734863 31.389999389648438 AB 3.0839104161955153 1.1025779106884217
62736.0228 lsst_hardware_g 7.421375015544194 19.209999084472656 32.119998931884766 AB 1.5819876356300384 1.1685246600740713
62736.0288 lsst_hardware_r 44.16659956386719 32.27000045776367 32.220001220703125 AB 1.5271091393377927 1.1574854517466846
62738.1135 lsst_hardware_r 2.0294170603403137 22.6200008392334 31.479999542236328 AB 4.233188605038009 1.105559834170282
62738.1239 lsst_hardware_u -3.8488891566457806 2.6700000762939453 28.40999984741211 AB 4.15580819458014 1.1123683604336563
62740.1132 lsst_hardware_g -5.965268087127982 13.609999656677246 31.399999618530273 AB 1.5963922836926998 1.1086057525643749
62740.1246 lsst_hardware_r -6.270671120774809 22.6299991607666 31.489999771118164 AB 1.6080555970564834 1.1176754801435158
62742.0537 lsst_hardware_g -5.5349817306529925 13.6899995803833 31.40999984741211 AB 6.207922398555466 1.108557571170619
62742.0652 lsst_hardware_r -16.03711127618378 22.670000076293945 31.5 AB 6.175025132615682 1.1026830593956576
62744.0532 lsst_hardware_i 56.076537610047325 30.738132257152518 31.229999542236328 AB 4.280624714790261 1.1056284239664902
62744.0647 lsst_hardware_z 14.443930148595992 41.88617564870273 30.940000534057617 AB 4.198093547408642 1.1011392911237277
62747.0976 lsst_hardware_u -1.6466592048580684 3.3054588387699373 28.489999771118164 AB 0.6799674423289082 1.1110579123021376
62747.1094 lsst_hardware_g 27.626121848599386 16.188870941316207 31.450000762939453 AB 0.5966654992275624 1.1215516902773728
62751.093 lsst_hardware_r 135.09175995611767 65.60647816686485 31.6299991607666 AB 1.7218036356835644 1.1162422273475296
62751.104 lsst_hardware_y 100.32097808006706 52.77718027157746 30.030000686645508 AB 1.8127671530074958 1.1276934077807128
62755.0397 lsst_hardware_z 323.39244760733203 64.99277088832528 30.979999542236328 AB 2.104093070278389 1.100179383152099
62755.0522 lsst_hardware_r 556.8391554035986 92.10650115014984 31.639999389648438 AB 2.635478041932324 1.100408368238871
62757.0415 lsst_hardware_i 513.0154420499905 63.26958087645646 31.31999969482422 AB 2.408232325923731 1.099858721639763
62757.0541 lsst_hardware_z 331.5380363271353 59.5306648282877 30.969999313354492 AB 2.728727685834444 1.1022935511348997
62760.0358 lsst_hardware_g 318.7986859059626 23.472500881957806 31.399999618530273 AB 2.7594491954978744 1.100039543750489
62760.0474 lsst_hardware_r 1041.680535861991 39.128562162942295 31.489999771118164 AB 2.890347303686777 1.1028352192127606
62764.0173 lsst_hardware_z 916.5892494384095 50.969817736159655 30.940000534057617 AB 6.835109666199246 1.0999532774701073
62764.0302 lsst_hardware_u 16.194889551873363 4.511564924194857 28.43000030517578 AB 6.8980126044752526 1.1009223713053746
62767.0241 lsst_hardware_i 1448.8501891594342 49.6208599962916 31.239999771118164 AB 1.6521836717519516 1.1014557811679677
62767.0373 lsst_hardware_z 1113.1448065681561 53.48236210815722 30.940000534057617 AB 1.6608802514183112 1.1072535009455409
62771.0246 lsst_hardware_i 1849.8259524662426 51.60921429005456 31.229999542236328 AB 3.443593642404341 1.106227378098035
62771.0349 lsst_hardware_u -2.0886856359463253 2.871525637803636 28.290000915527344 AB 3.4627221548955722 1.113266332451356
62772.0245 lsst_hardware_g 714.5178232776556 30.36747023640958 31.389999389648438 AB 5.256767060954606 1.1077761437808726
62772.0371 lsst_hardware_r 2222.90924901113 52.49810040138947 31.479999542236328 AB 5.281472258272046 1.1175748033726778
62774.026 lsst_hardware_i 1833.2142027621003 52.835359207663195 31.25 AB 3.73774069214461 1.1126987920055131
62774.0385 lsst_hardware_r 2209.5857158399053 52.85141270454788 31.489999771118164 AB 3.7777360136605758 1.1246051144612725
62984.408 lsst_hardware_z 6.129916246779924 41.959999084472656 30.940000534057617 AB 5.5179733193060905 1.1007693558478753
62984.4199 lsst_hardware_y -134.45594259175022 51.900001525878906 30.030000686645508 AB 6.439763495977239 1.099842901592993
62990.4135 lsst_hardware_r 5.7647899002037875 22.809999465942383 31.479999542236328 AB 9.862940804502227 1.1016763129610052
62990.4243 lsst_hardware_y 8.369066039143286 56.88999938964844 30.030000686645508 AB 9.846634399646709 1.1063634156906414
62995.3942 lsst_hardware_z 157.59259033780546 90.18000030517578 31.729999542236328 AB 8.502912315714767 1.1003445248417685
62999.353 lsst_hardware_z -13.046854183696775 65.58999633789062 31.709999084472656 AB 6.838517037248467 1.1062428984103962
62999.3671 lsst_hardware_r 65.84972914646586 56.68000030517578 32.349998474121094 AB 6.780944753164808 1.1007580460476407
63002.3973 lsst_hardware_u -0.1874755246757351 3.109999895095825 28.540000915527344 AB 4.927036975973418 1.1100263538540294
63002.4106 lsst_hardware_g 3.0269404776083735 15.800000190734863 31.459999084472656 AB 4.946508916101707 1.1216573505899565
63010.3305 lsst_hardware_r -29.24635202501022 22.469999313354492 31.469999313354492 AB 7.923936375254238 1.1027164154360372
63010.3439 lsst_hardware_i -7.831422978462298 30.780000686645508 31.239999771118164 AB 7.5381712360682895 1.0998207230913593
63013.3303 lsst_hardware_z 8.03019772424984 41.810001373291016 30.940000534057617 AB 4.460397056559136 1.10047215507856
63013.3417 lsst_hardware_u -1.5199902899173237 2.700000047683716 28.440000534057617 AB 4.17528240066454 1.0999163331570296
63015.3259 lsst_hardware_g 3.6301190573579447 13.75 31.40999984741211 AB 9.438745102360638 1.1002898867149955
63015.3385 lsst_hardware_r -40.94239089785905 22.6299991607666 31.489999771118164 AB 9.364509609466937 1.100175396150489
63019.319 lsst_hardware_i 7.680333184251517 42.22999954223633 31.290000915527344 AB 10.429525619487121 1.0998418833658086
63019.3325 lsst_hardware_z -16.59702727042285 46.56999969482422 30.959999084472656 AB 10.459569973596826 1.1011619146824283
63020.316 lsst_hardware_z -64.4385767540547 77.04000091552734 31.719999313354492 AB 10.339233630383124 1.0998599681275594
63022.3167 lsst_hardware_r -58.66887489768426 105.80000305175781 31.649999618530273 AB 6.958404148485427 1.0998821067707938
63022.3295 lsst_hardware_i 120.79915489587029 82.37999725341797 31.329999923706055 AB 6.9820308673142915 1.102832233030215
63036.3054 lsst_hardware_r -11.637504896522744 32.47999954223633 32.2400016784668 AB 3.3870550942823088 1.1106919476249013
63036.3172 lsst_hardware_g 16.30272156631805 19.729999542236328 32.15999984741211 AB 3.4635158264834147 1.1210603095915976
63044.2487 lsst_hardware_i 17.070060650326308 43.849998474121094 31.989999771118164 AB 7.946237208566152 1.100028223233775
63044.261 lsst_hardware_z -5.0612475032858795 41.790000915527344 30.940000534057617 AB 7.868230701871864 1.1004518464156134
63048.2122 lsst_hardware_y -7.261415650912889 71.69000244140625 30.780000686645508 AB 8.46316079245499 1.110796796489741
63053.2156 lsst_hardware_z 0.31250202508094416 71.23999786376953 30.989999771118164 AB 4.795117818868846 1.1018615492786088
63053.2265 lsst_hardware_r -16.94009493888919 102.55999755859375 31.649999618530273 AB 4.802046723028308 1.0998312912994057
63061.2066 lsst_hardware_u -0.60571975801007 2.609999895095825 28.350000381469727 AB 8.01183222987507 1.0997710679306736
63061.2185 lsst_hardware_r -32.56057503528584 22.950000762939453 31.479999542236328 AB 7.201920377715326 1.1013514022248492
63063.1911 lsst_hardware_g -12.299826642425241 13.970000267028809 31.399999618530273 AB 3.4086417593839817 1.1010713912247376
63066.1974 lsst_hardware_z 17.137083703937822 41.869998931884766 30.950000762939453 AB 3.5084382670018384 1.09996758207765
63066.209 lsst_hardware_r 11.751421214689369 23.09000015258789 31.5 AB 2.7768835423070075 1.1027036800583314
63068.197 lsst_hardware_u 1.1741117413180995 2.680000066757202 28.40999984741211 AB 6.806398364138812 1.1007652340925302
63068.2078 lsst_hardware_g 6.834744086805894 14.100000381469727 31.40999984741211 AB 6.815369900230795 1.104523449291143
63070.1867 lsst_hardware_r 0.9793937775695374 22.989999771118164 31.479999542236328 AB 5.79787251740826 1.0999916238560046
63070.1989 lsst_hardware_i 27.71342015100082 31.1299991607666 31.239999771118164 AB 5.805572832065776 1.103022070690141
63071.1045 lsst_hardware_i 22.099640588672717 31.469999313354492 31.229999542236328 AB 6.958557559258835 1.1702922232187338
63071.112 lsst_hardware_z 10.642225258942545 42.65999984741211 30.940000534057617 AB 6.875489970261561 1.156451553643456
63075.0322 lsst_hardware_z 44.85646678151629 48.09000015258789 30.920000076293945 AB 6.112492724462842 1.3583317165472983
63075.0384 lsst_hardware_g -32.11906224316657 35.0099983215332 31.559999465942383 AB 5.994572947086754 1.3321273215748342
63076.1312 lsst_hardware_r -13.305495175126081 47.220001220703125 31.610000610351562 AB 4.66007627018018 1.1144064416532913
63076.1427 lsst_hardware_z -52.39631051063854 48.2400016784668 30.959999084472656 AB 4.573848909788494 1.1063086938132294
63080.134 lsst_hardware_z -65.73900371428088 76.77999877929688 30.989999771118164 AB 2.0295564023451087 1.1051219179662992
63080.1449 lsst_hardware_r 189.20903518803993 113.29000091552734 31.649999618530273 AB 2.006251785655452 1.1010254014390115
63086.131 lsst_hardware_g -33.86614064894448 13.859999656677246 31.399999618530273 AB 4.238374374595137 1.1004953370075656
63086.1432 lsst_hardware_i -78.90685363277635 31.59000015258789 31.239999771118164 AB 4.229936163379508 1.1000180730009124
63089.129 lsst_hardware_z 3.250578712138976 41.810001373291016 30.940000534057617 AB 9.038145078290237 1.0998097747754687
63089.1406 lsst_hardware_r 7.560217188249092 22.649999618530273 31.479999542236328 AB 9.05462931820653 1.1009894904039799
63095.1195 lsst_hardware_g 15.621390592495853 13.680000305175781 31.399999618530273 AB 4.474205248398303 1.1001242312265314
63095.1312 lsst_hardware_r -3.7487235096135305 22.649999618530273 31.479999542236328 AB 4.653910529093751 1.1032581262174046
63096.1098 lsst_hardware_i 41.87640932733317 30.760000228881836 31.239999771118164 AB 2.8817019727320066 1.0998162862662704
63096.1203 lsst_hardware_z 20.695684332382655 41.95000076293945 30.950000762939453 AB 2.890409973933744 1.1007241816256204
63101.1112 lsst_hardware_r 24.429187140735785 22.8700008392334 31.489999771118164 AB 2.5975498417579708 1.1019407537418477
63101.1221 lsst_hardware_u -0.9736799092871561 2.6600000858306885 28.399999618530273 AB 2.590934998173119 1.1068824087036715
63107.0534 lsst_hardware_i -109.21392251780355 62.7599983215332 31.309999465942383 AB 6.211546039784752 1.1092046499615629
63107.0648 lsst_hardware_z 29.40021013058816 59.02000045776367 30.969999313354492 AB 6.177275664430166 1.1030849400768155
63112.059 lsst_hardware_z 6.906832726457093 53.849998474121094 30.959999084472656 AB 1.5506175534631577 1.1007045632391537
63112.0717 lsst_hardware_g -58.543184430647855 73.43000030517578 31.700000762939453 AB 1.5133867051116414 1.0999782229759458
63114.058 lsst_hardware_r 4.672051709377919 22.610000610351562 31.489999771118164 AB 1.3129545826534015 1.100010821185563
63114.0689 lsst_hardware_i -73.94735736284304 30.790000915527344 31.25 AB 1.2906697016290731 1.1003151761543675
63117.0363 lsst_hardware_i -101.53293374443098 30.739999771118164 31.239999771118164 AB 2.648594734678372 1.1035811394493218
63117.0482 lsst_hardware_z 49.87697611739278 41.880001068115234 30.950000762939453 AB 2.4996704538185917 1.1002070659412817
63119.04 lsst_hardware_i -16.83704881383885 30.65999984741211 31.239999771118164 AB 3.5232860039290905 1.1006829128175852
63119.0515 lsst_hardware_u 0.40350581710450134 2.630000114440918 28.3799991607666 AB 3.409664686380228 1.0998918343162025
63122.0396 lsst_hardware_g 17.412614348871372 13.609999656677246 31.389999389648438 AB 2.376948858910515 1.0998028265635698
63122.0516 lsst_hardware_r 25.90687080252117 22.600000381469727 31.479999542236328 AB 2.729532952494899 1.101284225335848
63126.0345 lsst_hardware_u 2.4189916472797983 2.7100000381469727 28.440000534057617 AB 1.749147938396189 1.1000930430158267
63126.046 lsst_hardware_g 15.493155161115533 13.720000267028809 31.399999618530273 AB 0.30940515987909534 1.103048698318347
63133.0251 lsst_hardware_i 52.206600230448075 38.959999084472656 31.280000686645508 AB 3.126357979920837 1.1023829266293501
63133.0375 lsst_hardware_z -54.725677761498076 45.810001373291016 30.950000762939453 AB 3.1041304252215514 1.108618009007697
63137.03 lsst_hardware_z 12.250036141266198 56.38999938964844 30.969999313354492 AB 5.2224620801191355 1.1110045554075596
63137.0411 lsst_hardware_r -8.227350938786376 70.68000030517578 31.6299991607666 AB 5.270764674771423 1.1207636548403421
