data/validation/pwv_sim_epoch_fit_4/51230495.ecsv
# %ECSV 0.9
# ---
# datatype:
# - {name: time, datatype: float64}
# - {name: band, datatype: string}
# - {name: flux, datatype: float64}
# - {name: fluxerr, datatype: float64}
# - {name: zp, datatype: float64}
# - {name: zpsys, datatype: string}
# - {name: pwv, datatype: float64}
# - {name: airmass, datatype: float64}
# meta: {SNID: '51230495', alt: 1024.0, c: 0.013546974398195744, dec: -8.084014, lat: -30.244573, lon: -70.7499537, ra: 25.488281, t0: 60883.29296875,
#   x0: 8.286729331949912e-06, x1: 0.6054362058639526, z: 0.49777835607528687}
# schema: astropy-2.0
time band flux fluxerr zp zpsys pwv airmass
60876.4165 lsst_hardware_r 2868.1948288273456 59.11610767689351 31.530000686645508 AB 5.155587326910804 1.0910333819403872
60876.437 lsst_hardware_z 1583.8656101132308 61.73019586325994 30.959999084472656 AB 5.5960005670774535 1.080865419857865
60878.4152 lsst_hardware_z 1612.185290374861 57.944913467671014 30.950000762939453 AB 5.794431692752997 1.0875945179021156
60878.4359 lsst_hardware_y 580.107005512411 58.24467900901014 30.040000915527344 AB 5.404352845184332 1.0808705690368663
60880.4145 lsst_hardware_u 2.70550066878635 3.4884725960235783 28.5 AB 5.8249993975562635 1.0845279086866997
60880.4336 lsst_hardware_y 516.5586496033396 55.96985266437 30.040000915527344 AB 5.721673462443114 1.0813462721366622
60882.4056 lsst_hardware_i 2208.1466214391226 56.093230254376 31.25 AB 7.262012983348882 1.0866532302535892
60882.4246 lsst_hardware_y 786.9017009051771 53.40404747928556 30.030000686645508 AB 6.537293384049255 1.0808421136482649
60885.3957 lsst_hardware_r 2843.6488659689435 58.57488873817744 31.5 AB 5.113078989148176 1.0878891466272713
60885.419 lsst_hardware_y 467.27355642075173 53.19904077152429 30.040000915527344 AB 4.9360530765467825 1.0811637447260503
60887.4039 lsst_hardware_g 746.3861905751249 31.44265624598345 31.440000534057617 AB 4.824485603101236 1.081319148995421
60887.4229 lsst_hardware_y 583.5768019657756 53.507899817658526 30.030000686645508 AB 3.7773143178084037 1.084552132212778
60889.4014 lsst_hardware_i 2032.940446778164 55.200120667948596 31.239999771118164 AB 1.9960245496653362 1.0808797200353806
60889.4196 lsst_hardware_z 1735.9000087741897 59.00740486970667 30.940000534057617 AB 1.3303279250854025 1.085834247110926
60895.3773 lsst_hardware_i 1892.0100024992307 76.41750881375783 31.31999969482422 AB 1.5158644163507184 1.0827602973933703
60895.3984 lsst_hardware_z 1539.8334330977095 69.65042276521412 30.979999542236328 AB 1.5165300287627528 1.0832357348305377
60900.3507 lsst_hardware_y 718.9956357061723 83.90359435579317 30.799999237060547 AB 5.099993909624131 1.091296842287617
60900.3728 lsst_hardware_r 3741.7517108927323 134.74481454212494 32.400001525878906 AB 5.021554688884575 1.08079521230073
60903.3461 lsst_hardware_i 1455.2464845636525 53.814353256239094 31.280000686645508 AB 5.977732356862865 1.0882454682073301
60903.3653 lsst_hardware_z 1039.8108671037476 55.52144958047663 30.959999084472656 AB 5.833703086844019 1.0807823911895298
60905.3592 lsst_hardware_r 1041.5992043031902 41.43001390970378 31.510000228881836 AB 4.244100755578555 1.0807947257532078
60905.3779 lsst_hardware_g 181.3968167324298 21.750133211192463 31.469999313354492 AB 2.643662136430368 1.0871811390392192
60907.3176 lsst_hardware_r 1807.5774546055807 54.52115224992924 32.2400016784668 AB 2.6712206275180383 1.1083903018747048
60907.3365 lsst_hardware_i 2312.4050385084174 65.29377816064458 31.989999771118164 AB 2.8591253153983485 1.087257693775687
60911.3377 lsst_hardware_r 707.6211174377165 35.31885576090767 31.5 AB 3.4696438773008587 1.08147553254913
60911.3578 lsst_hardware_u 0.27632813598264166 3.0092643655865783 28.40999984741211 AB 3.4994576478081747 1.0847948069979618
60933.2341 lsst_hardware_i 385.84210575624644 37.35159963075802 31.239999771118164 AB 0.7946094781215077 1.1311166948373856
60933.2519 lsst_hardware_z 533.3967275289814 48.10681854032889 30.940000534057617 AB 2.812548097027881 1.1009452363104961
60935.2346 lsst_hardware_r 180.15332512227744 27.54105081225411 31.489999771118164 AB 1.9844734397565542 1.1193795843318544
60935.2527 lsst_hardware_u 0.6599439366415163 3.260973441293288 28.40999984741211 AB 2.177256994024673 1.093686798455192
60937.2211 lsst_hardware_u 6.44612479662383 3.3027642459120043 28.450000762939453 AB 6.805764702300246 1.1356190058901678
60937.2401 lsst_hardware_g 39.14240412074577 15.848290476757164 31.43000030517578 AB 6.528840426547175 1.1021000044812923
60939.2214 lsst_hardware_r 157.38886711372382 27.32931372496997 31.479999542236328 AB 3.7215841950713613 1.123666725565165
60939.2412 lsst_hardware_z 442.18449944577185 47.00968386945625 30.940000534057617 AB 3.586712965488764 1.0942885077256475
60944.2139 lsst_hardware_g 19.080786426457728 15.731263192330651 31.43000030517578 AB 3.45664172976691 1.1126529173069453
60944.2331 lsst_hardware_r 186.18505390586876 27.204651733998432 31.5 AB 3.3736629558975983 1.0890981241465778
60946.2129 lsst_hardware_i 286.75398936073316 35.33871544159413 31.25 AB 4.1106301330329815 1.1057512126517772
60946.2324 lsst_hardware_z 443.59230252490266 45.85069127922428 30.950000762939453 AB 4.0653430369294945 1.0856596515667951
60949.2073 lsst_hardware_r 149.93351846436903 38.952535867133804 31.579999923706055 AB 5.22143075472582 1.102148971973788
60949.227 lsst_hardware_z 301.2443773393787 48.19119835952724 30.950000762939453 AB 4.578759774705992 1.0840722377174896
60951.2032 lsst_hardware_z 426.0566646342333 53.4285048609783 30.959999084472656 AB 3.1441375534380778 1.1003747853841424
60951.2217 lsst_hardware_i 304.1647295541694 50.786703745423026 31.299999237060547 AB 3.4964113368731424 1.0839904935276636
60954.18 lsst_hardware_r 192.93264494013292 130.15555383230284 31.639999389648438 AB 5.2875598039482545 1.1245341990530746
60954.1978 lsst_hardware_z 216.71269381430983 88.13730142962886 30.989999771118164 AB 5.332993310089315 1.0969851506918922
60958.1775 lsst_hardware_g 28.032889374077044 69.8740133313199 31.690000534057617 AB 3.879587626885443 1.1097218612373863
60958.1961 lsst_hardware_r 5.768081398540829 71.0199966430664 31.6299991607666 AB 3.8008195030440257 1.0881246787987477
60960.1787 lsst_hardware_i 1.3363635123120414 31.239999771118164 31.239999771118164 AB 6.7608615955122175 1.1002812621535958
60960.197 lsst_hardware_z 45.04390892234267 44.0 30.950000762939453 AB 6.627184610554957 1.084054189294704
60962.1678 lsst_hardware_r 2.518033516705949 24.09000015258789 31.489999771118164 AB 8.841700414333479 1.107843680533123
60962.1866 lsst_hardware_u 3.222294762466427 2.7100000381469727 28.389999389648438 AB 8.920515561184928 1.0870723325842404
60964.1698 lsst_hardware_g -24.835443395632876 15.010000228881836 31.440000534057617 AB 8.320404375464076 1.0977993678457274
60964.1874 lsst_hardware_i -51.187179583070886 31.600000381469727 31.260000228881836 AB 8.221575503066324 1.083413746931215
60966.1684 lsst_hardware_z 82.47008625851575 42.130001068115234 30.950000762939453 AB 6.389296522754201 1.0933399633951415
60966.1856 lsst_hardware_r 10.416503079056202 23.770000457763672 31.510000228881836 AB 6.327023935866776 1.082004948416721
60971.0841 lsst_hardware_g 10.756431282918808 14.920000076293945 31.3700008392334 AB 6.861438889402729 1.2912813918956771
60971.1026 lsst_hardware_r -13.128124983344561 24.399999618530273 31.479999542236328 AB 6.462005301361831 1.2105667481007552
60973.1455 lsst_hardware_i -21.89167105907795 31.43000030517578 31.25 AB 4.821850112570347 1.0974755107039462
60973.1638 lsst_hardware_z 3.089242202949514 41.90999984741211 30.950000762939453 AB 4.753943334715188 1.0829850409405088
60975.1377 lsst_hardware_r -22.20449108717926 24.59000015258789 31.5 AB 4.090499140305472 1.1003360162220501
60975.1553 lsst_hardware_u -0.7284125645090619 2.7200000286102295 28.3700008392334 AB 3.832605103905491 1.0844437926636616
60977.1353 lsst_hardware_g 18.833975020825235 23.920000076293945 31.59000015258789 AB 3.121220271040007 1.0966400202753062
60977.1523 lsst_hardware_i 23.63146125614636 33.83000183105469 31.260000228881836 AB 3.0969651389827866 1.0832336967410152
60980.1246 lsst_hardware_r -60.317226326215916 59.43000030517578 31.6200008392334 AB 5.976996780118751 1.0996391163115091
60980.1437 lsst_hardware_z 141.9770208899773 52.630001068115234 30.959999084472656 AB 5.00583961204855 1.0834173567424044
60990.1166 lsst_hardware_r 17.390841752700975 23.579999923706055 31.489999771118164 AB 2.1025484952618556 1.083322539422167
60990.1351 lsst_hardware_u -2.50207250636028 2.640000104904175 28.350000381469727 AB 2.9223184734603187 1.0818059501950834
60994.0956 lsst_hardware_r -3.5942934287050874 23.729999542236328 31.510000228881836 AB 4.577649174821627 1.0899164701956254
60994.1137 lsst_hardware_i -7.964417763300886 31.34000015258789 31.25 AB 4.540173468026537 1.0809936828634612
60996.0964 lsst_hardware_z 44.8896809207082 42.31999969482422 30.940000534057617 AB 3.36453428388848 1.0853336399640259
60996.1165 lsst_hardware_r -25.712300783385157 23.639999389648438 31.489999771118164 AB 3.351933550452837 1.0812688872428506
60998.0974 lsst_hardware_u 4.648836538726886 2.75 28.450000762939453 AB 4.83639193504612 1.0822695239263294
60998.1176 lsst_hardware_g 5.366200710168716 14.510000228881836 31.43000030517578 AB 4.815807336153908 1.0834212229817564
61000.0968 lsst_hardware_r -8.432729297465551 23.110000610351562 31.479999542236328 AB 3.5777836719141183 1.0810647142813472
61000.1173 lsst_hardware_z -31.88449269920327 41.68000030517578 30.940000534057617 AB 3.5533795124921337 1.086328190917803
61003.0381 lsst_hardware_i 67.9944479947336 32.08000183105469 31.239999771118164 AB 8.79459281409921 1.1420065983767316
61003.0498 lsst_hardware_r 23.405774375371664 23.889999389648438 31.5 AB 8.478207817619733 1.1178088886727255
61005.0755 lsst_hardware_u -2.4767408461660163 3.240000009536743 28.510000228881836 AB 4.737637270426199 1.0833837801112844
61005.095 lsst_hardware_g -49.88222483159954 17.309999465942383 31.489999771118164 AB 3.794430088928093 1.0820618124321253
61007.0549 lsst_hardware_r 1.3673077308501875 34.90999984741211 31.56999969482422 AB 4.2261568709031465 1.09495384858014
61007.073 lsst_hardware_i -43.20146898195727 37.16999816894531 31.270000457763672 AB 4.195721421743805 1.0822082594130134
61010.0633 lsst_hardware_z 31.97462193240875 65.2300033569336 30.979999542236328 AB 8.994685526799707 1.082762136324022
61010.0827 lsst_hardware_r 22.564052741274054 82.25 31.639999389648438 AB 9.00213524830302 1.0825295418341871
61012.0737 lsst_hardware_z 83.73111794271644 104.22000122070312 31.739999771118164 AB 7.168912098452546 1.0814558686368596
61014.037 lsst_hardware_y -34.604815357087126 57.09000015258789 30.040000915527344 AB 2.3812948728368304 1.093674926287531
61014.0559 lsst_hardware_r 151.5943615875149 85.54000091552734 31.649999618530273 AB 1.6564815529331105 1.0816072823587588
61016.0398 lsst_hardware_y -59.480036163188856 50.4900016784668 30.030000686645508 AB 5.82043676016784 1.086611921995156
61016.0601 lsst_hardware_r -10.398753199589938 23.510000228881836 31.489999771118164 AB 4.937892518268857 1.0809747194106503
61021.033 lsst_hardware_y -213.627084787655 63.689998626708984 30.049999237060547 AB 14.409072886364699 1.0828665032307494
61021.0515 lsst_hardware_i 14.453737167335522 31.8799991607666 31.25 AB 14.698516351102715 1.0821192795771328
61023.0335 lsst_hardware_y -54.84626906949794 65.87000274658203 30.059999465942383 AB 9.03184302677211 1.081139936170949
61023.0515 lsst_hardware_r 43.18551532471308 23.8700008392334 31.510000228881836 AB 8.567575987729274 1.084503289585984
61025.0346 lsst_hardware_y 11.78580166580628 64.68000030517578 30.049999237060547 AB 10.705363628885573 1.0808727529845896
61025.0527 lsst_hardware_g 4.300881065660078 15.180000305175781 31.440000534057617 AB 10.889315065149333 1.0890428042960316
61239.4193 lsst_hardware_r 13.347576532070649 24.219999313354492 31.5 AB 2.3559143234640385 1.0943743228261704
61239.4388 lsst_hardware_y 33.10473551453498 57.93000030517578 30.040000915527344 AB 2.346112806590863 1.0816564345739341
61245.4137 lsst_hardware_z 15.454677525827787 42.0099983215332 30.950000762939453 AB 5.8182008917919035 1.085434614391475
61245.4332 lsst_hardware_y -186.85005082216293 51.459999084472656 30.040000915527344 AB 5.650958888944286 1.0811783588541364
61247.4216 lsst_hardware_y 128.4266049539757 68.26000213623047 30.780000686645508 AB 6.563866290159799 1.080886972800494
61250.4076 lsst_hardware_r 41.73336180068409 80.77999877929688 31.649999618530273 AB 5.085353177213243 1.0819900377049452
61250.4271 lsst_hardware_z -30.02326298341593 60.33000183105469 30.979999542236328 AB 4.957993182387439 1.0835959310211865
61252.4089 lsst_hardware_z -137.51138359493768 63.70000076293945 30.979999542236328 AB 4.820530209700846 1.080836369888082
61252.4293 lsst_hardware_y 77.48852212875579 58.22999954223633 30.040000915527344 AB 3.793311702471523 1.088390130542005
61254.4041 lsst_hardware_z 56.79511245271827 62.5 30.979999542236328 AB 2.0359073836630595 1.0808214742504298
61254.4243 lsst_hardware_y -31.653827342163513 55.31999969482422 30.040000915527344 AB 1.3415273644565993 1.0887547932827804
61257.3667 lsst_hardware_g -70.11173639695504 46.619998931884766 31.68000030517578 AB 2.1718420261083824 1.0982766250864133
61257.3862 lsst_hardware_i 92.11482318392379 46.79999923706055 31.299999237060547 AB 1.5622031790646027 1.0827954802041952
61259.3677 lsst_hardware_z 95.45594442876589 43.040000915527344 30.950000762939453 AB 4.674319412431884 1.0914081984119275
61259.3891 lsst_hardware_r -12.567732298412947 28.299999237060547 31.549999237060547 AB 3.404568997936258 1.0808727439344699
61262.3691 lsst_hardware_u -1.6762142612449837 2.759999990463257 28.450000762939453 AB 5.538595633202848 1.0844044313661965
61262.3901 lsst_hardware_g -4.996262731900905 14.670000076293945 31.43000030517578 AB 5.626210277575353 1.081963514918337
61265.3559 lsst_hardware_r 47.50876818055071 23.719999313354492 31.510000228881836 AB 5.064025557157471 1.0875954233792042
61265.3778 lsst_hardware_i -28.4668075743811 31.399999618530273 31.260000228881836 AB 4.89496159509 1.0810626509815036
61267.3592 lsst_hardware_z 40.31019605400723 59.2599983215332 31.690000534057617 AB 6.00924095871313 1.0826810927955912
61267.3785 lsst_hardware_r 52.924989774031694 33.27000045776367 32.25 AB 5.329246379479696 1.0826666986144164
61269.355 lsst_hardware_u 0.07686572099243001 2.809999942779541 28.479999542236328 AB 4.868945259076804 1.0822283305349643
61269.3762 lsst_hardware_r 10.150717261439034 23.770000457763672 31.5 AB 4.228356265493235 1.084078093919855
61273.359 lsst_hardware_i -22.3018666489538 30.8700008392334 31.239999771118164 AB 1.9959456033481 1.081666767835489
61273.3787 lsst_hardware_z -34.81910318291161 41.75 30.940000534057617 AB 1.2040565408849315 1.0945968553499377
61275.3213 lsst_hardware_z 12.77983154573582 45.939998626708984 30.950000762939453 AB 2.199117276119232 1.0940881970742449
61275.3404 lsst_hardware_r -15.888590356189432 33.29999923706055 31.56999969482422 AB 2.1805218847028556 1.0816975037798375
61277.3323 lsst_hardware_y 134.92104495906673 71.02999877929688 30.790000915527344 AB 2.616119046126836 1.0825320190867813
61279.2858 lsst_hardware_r 37.42978008616279 93.55000305175781 31.6299991607666 AB 2.9458419138691396 1.1330161207188998
61279.3031 lsst_hardware_i -34.55354589939981 72.29000091552734 31.31999969482422 AB 3.3349553644637315 1.1027987647376554
61285.2908 lsst_hardware_z -115.93926266542071 55.61000061035156 30.969999313354492 AB 3.1881782860109755 1.097637051560227
61285.3074 lsst_hardware_r -15.157833932419484 62.59000015258789 31.639999389648438 AB 2.866326109026453 1.083847906359247
61287.2748 lsst_hardware_r -32.23394344012326 30.940000534057617 31.549999237060547 AB 2.494519886168549 1.1124661302966623
61287.2931 lsst_hardware_z 62.926096874515 44.33000183105469 30.950000762939453 AB 2.5320005668943466 1.0897746423274688
61298.2348 lsst_hardware_u 1.4576117238353559 2.799999952316284 28.469999313354492 AB 1.0208662373614728 1.1311537256102255
61298.2539 lsst_hardware_g 10.233054927089722 14.539999961853027 31.440000534057617 AB 2.6149581807034177 1.0993378001839942
61304.2396 lsst_hardware_z -28.663488347852265 93.12000274658203 32.459999084472656 AB 3.563683623964769 1.0968555321530387
61306.2233 lsst_hardware_r -71.74888880343607 63.13999938964844 31.6200008392334 AB 2.2142639406236895 1.1118573641091938
61306.2428 lsst_hardware_i -12.53746411952641 53.54999923706055 31.309999465942383 AB 2.1191039002387138 1.0884875782409282
