data/validation/pwv_sim_epoch_fit_4/5143892.ecsv
# %ECSV 0.9
# ---
# datatype:
# - {name: time, datatype: float64}
# - {name: band, datatype: string}
# - {name: flux, datatype: float64}
# - {name: fluxerr, datatype: float64}
# - {name: zp, datatype: float64}
# - {name: zpsys, datatype: string}
# - {name: pwv, datatype: float64}
# - {name: airmass, datatype: float64}
# meta: {SNID: '5143892', alt: 1024.0, c: 0.061890266835689545, dec: -37.92165, lat: -30.244573, lon: -70.7499537, ra: 344.003906, t0: 61702.62109375,
#   x0: 2.726422747661219e-05, x1: 0.7983892560005188, z: 0.3003315329551697}
# schema: astropy-2.0
time band flux fluxerr zp zpsys pwv airmass
61574.4238 lsst_hardware_z -43.78446156512605 57.099998474121094 30.989999771118164 AB 4.95029171904382 1.0102636161313918
61574.4379 lsst_hardware_y 30.428958859335523 59.7400016784668 30.06999969482422 AB 4.984329808768182 1.017210165054731
61576.3942 lsst_hardware_r 224.93304604079765 133.75999450683594 32.41999816894531 AB 3.868317153573297 1.011192563997725
61576.4087 lsst_hardware_i 53.690184351090615 105.2300033569336 32.09000015258789 AB 3.8529967804963103 1.0087039153076276
61578.2581 lsst_hardware_z 41.524630603273096 71.18000030517578 30.950000762939453 AB 3.4672057423827414 1.3721997595260822
61578.2779 lsst_hardware_i 95.16722155652731 75.79000091552734 31.290000915527344 AB 3.220972814402767 1.2618894473664122
61578.4084 lsst_hardware_z 96.75799231646864 62.31999969482422 30.989999771118164 AB 2.1193597702494062 1.0092189382140029
61578.4203 lsst_hardware_i 64.05195783706635 68.45999908447266 31.329999923706055 AB 1.673672732706489 1.0132213092765807
61580.4061 lsst_hardware_z -145.61325304275772 79.23999786376953 31.729999542236328 AB 3.9361602093511987 1.00989763982413
61582.4143 lsst_hardware_r -24.611171606296605 43.400001525878906 31.6200008392334 AB 5.48659319343726 1.0160357765624555
61582.4286 lsst_hardware_i -19.43363604786476 42.25 31.299999237060547 AB 5.966326758668906 1.0281747580783547
61591.4185 lsst_hardware_i -28.561492449432034 30.200000762939453 31.239999771118164 AB 5.509463624262055 1.0467300511564652
61591.4308 lsst_hardware_u -1.4639460945638285 3.3499999046325684 28.56999969482422 AB 5.647008561611148 1.0678406961870466
61593.4133 lsst_hardware_g -8.550836837821485 13.770000457763672 31.43000030517578 AB 1.4922389881890015 1.0471240195466942
61593.4248 lsst_hardware_r 19.03677387568088 22.690000534057617 31.489999771118164 AB 1.8197915362907822 1.0668050041764874
61608.401 lsst_hardware_z -69.55035693536043 63.0 30.979999542236328 AB 5.895551940340593 1.1049670959311393
61608.4131 lsst_hardware_r 131.5071386261839 83.04000091552734 31.6299991607666 AB 6.121342364356357 1.1390133254605492
61611.2943 lsst_hardware_y -79.59186567814196 83.7699966430664 31.25 AB 5.454652597379848 1.0130756553614426
61611.3532 lsst_hardware_r -36.82407936169454 43.279998779296875 31.6200008392334 AB 5.692919582301864 1.0323858276555398
61617.1642 lsst_hardware_r 13.617401322109535 23.770000457763672 31.450000762939453 AB 4.804995896737479 1.298647539658778
61617.1842 lsst_hardware_g -7.998216878001551 14.130000114440918 31.3700008392334 AB 4.370042067645544 1.205362589338069
61619.3414 lsst_hardware_r 5.2523307215521 23.030000686645508 31.5 AB 1.5219056583907626 1.0457436956418433
61619.3537 lsst_hardware_i -24.39567521724254 31.030000686645508 31.25 AB 1.5346325958530866 1.0665812087476567
61622.3364 lsst_hardware_z 61.77004669338105 41.27000045776367 30.950000762939453 AB 2.062800185262239 1.0506622335800877
61622.3496 lsst_hardware_i 12.493288681364074 30.84000015258789 31.25 AB 2.187398479649936 1.0746686491627115
61624.3332 lsst_hardware_u -2.0979671906710435 2.690000057220459 28.43000030517578 AB 4.384690327238149 1.0543500305959002
61624.3455 lsst_hardware_g 0.06557084634547318 14.079999923706055 31.40999984741211 AB 4.619388552705934 1.0774921788374452
61629.3289 lsst_hardware_r -24.63854447887402 35.36000061035156 31.59000015258789 AB 2.708285611315443 1.0714567893902585
61629.3395 lsst_hardware_g 20.136774355374925 16.360000610351562 31.479999542236328 AB 3.4193561337902842 1.094661018180648
61649.2912 lsst_hardware_i -43.19612642205096 31.25 31.229999542236328 AB 1.8016490744222373 1.110529530155478
61649.301 lsst_hardware_z -98.55707561926879 42.7599983215332 30.93000030517578 AB 1.7812080666102283 1.138515862326768
61653.2446 lsst_hardware_r -77.04577099955961 22.809999465942383 31.489999771118164 AB 1.8204898379839531 1.0400817966010016
61653.2577 lsst_hardware_u 3.1536024879251072 2.640000104904175 28.389999389648438 AB 2.4564456830147545 1.0607178192219164
61655.2706 lsst_hardware_r 1.4069074528223169 23.280000686645508 31.489999771118164 AB 2.1969083759937518 1.0997372147474147
61655.2817 lsst_hardware_i -12.553259370334727 31.600000381469727 31.239999771118164 AB 2.2617432388487217 1.1297418775468142
61680.1775 lsst_hardware_r 181.95621417778165 26.305589189939088 31.5 AB 4.824915663068657 1.0498075855241715
61680.1892 lsst_hardware_i 145.86790621039856 33.199170821210856 31.25 AB 4.816809317653592 1.0705606721707495
61684.1789 lsst_hardware_g 707.9372339431991 31.29350126063154 31.459999084472656 AB 5.215367060913648 1.0717975875283563
61684.1906 lsst_hardware_r 1254.2626408478438 43.29703575687333 31.489999771118164 AB 5.317950002722308 1.0977293843992793
61686.0011 lsst_hardware_y 494.35842991121007 54.48780745086303 30.010000228881836 AB 5.442530118438781 1.1847684611567415
61686.0215 lsst_hardware_z 1341.931856411023 58.7342988507849 30.950000762939453 AB 5.0845394607184815 1.1186490205639914
61688.0784 lsst_hardware_i 2723.672721489811 76.20874773561712 31.329999923706055 AB 2.485111009074744 1.0163360407912523
61688.09 lsst_hardware_z 1943.3355975214636 69.53008012393782 30.979999542236328 AB 3.232028612218586 1.0106405916881132
61689.1658 lsst_hardware_z 4561.042960085761 108.3870901648893 31.729999542236328 AB 4.8084159389554335 1.0729079819163234
61692.1542 lsst_hardware_r 6602.414707297234 125.61984228376603 31.649999618530273 AB 8.954230784606345 1.06623372048177
61692.1644 lsst_hardware_i 4791.705616379645 101.32107309933895 31.31999969482422 AB 9.050648166807163 1.0874697412857053
61694.0033 lsst_hardware_z 3635.11913665921 84.11768327538047 30.979999542236328 AB 8.653956603819553 1.1088300597494638
61694.0231 lsst_hardware_g 5842.401371965297 113.68659927823383 31.719999313354492 AB 8.329354844444513 1.0646243610090587
61696.1525 lsst_hardware_g 6806.036900329653 103.75988007377771 31.700000762939453 AB 6.622302808757526 1.0852675858337106
61696.1638 lsst_hardware_r 8377.620380836282 109.62191717448945 31.6200008392334 AB 6.812372008473525 1.113011438047085
61698.1561 lsst_hardware_i 6282.937055379083 87.61383954566611 31.270000457763672 AB 3.753460497280352 1.1071066258815314
61698.1663 lsst_hardware_z 3878.9182968124887 77.54526917024695 30.950000762939453 AB 3.817617416999366 1.1357449673738693
61702.0053 lsst_hardware_y 1223.5394993630475 61.23502154419805 30.049999237060547 AB 3.044913436349002 1.0573533939921875
61702.0263 lsst_hardware_z 4220.847040890857 75.620324281574 30.950000762939453 AB 2.910864616300405 1.0282107440128594
61702.1471 lsst_hardware_u 52.61174484468973 7.6314406333249725 28.40999984741211 AB 3.179954229963143 1.1121637597143108
61702.1577 lsst_hardware_g 5163.315170804839 73.23488327264258 31.389999389648438 AB 3.287291539218761 1.1429088358865749
61707.1396 lsst_hardware_z 4103.797521278923 76.46153924502721 30.940000534057617 AB 3.247605029990473 1.1294053312433452
61707.1502 lsst_hardware_u 29.14345186091056 6.312930481783749 28.360000610351562 AB 3.3538653006910826 1.163123045150367
61709.1389 lsst_hardware_g 4027.587458647169 64.11190744475158 31.3799991607666 AB 4.163787476536129 1.1438976583890466
61709.1492 lsst_hardware_r 7206.056241047202 89.2185016917346 31.469999313354492 AB 4.297286609055455 1.1789538022100012
61711.0927 lsst_hardware_u 23.00804947443809 5.443340755074617 28.360000610351562 AB 5.892458185854098 1.0495695150697517
61711.1054 lsst_hardware_r 7198.8400936255075 86.90024522248686 31.479999542236328 AB 5.931332172345316 1.0722504680349065
61910.3624 lsst_hardware_r 27.53838908439631 26.3700008392334 31.469999313354492 AB 9.916973605844786 1.293672974704991
61910.3827 lsst_hardware_i -12.256297334965598 33.25 31.229999542236328 AB 8.595420530797528 1.2004078716272368
61947.2644 lsst_hardware_r -21.20121832602465 23.540000915527344 31.440000534057617 AB 7.391311472166765 1.2781102320882876
61947.2849 lsst_hardware_g 4.275539096269364 13.84000015258789 31.350000381469727 AB 6.852960739028027 1.187945523558488
61954.375 lsst_hardware_i -2.0270993779737534 29.8700008392334 31.25 AB 6.556791242668841 1.0087371142567447
61954.3864 lsst_hardware_z -22.590538044713487 40.459999084472656 30.950000762939453 AB 6.517547224699574 1.0112040584453208
61962.2706 lsst_hardware_z 45.33044528676686 66.54000091552734 30.979999542236328 AB 9.58014920967225 1.1042657123542734
61962.2923 lsst_hardware_r 34.99690307478271 88.6500015258789 31.649999618530273 AB 9.0612297154714 1.0579986824066085
61964.3197 lsst_hardware_r -35.765063727007856 59.119998931884766 31.649999618530273 AB 6.209599570367251 1.017967142683156
61964.3312 lsst_hardware_z -13.866171474696205 51.5 30.979999542236328 AB 6.170317280600672 1.0115274230492906
61965.2721 lsst_hardware_i 11.539657275915268 44.72999954223633 31.290000915527344 AB 6.749022093624578 1.0814440722067986
61965.3118 lsst_hardware_z 0.3662822041238061 67.19000244140625 31.709999084472656 AB 6.1854569928456495 1.022093938587293
61965.3448 lsst_hardware_i -63.409021416986604 43.22999954223633 31.299999237060547 AB 5.7497444761286625 1.008727101075204
61974.2425 lsst_hardware_u -2.239091996642667 2.559999942779541 28.309999465942383 AB 5.354511134698848 1.092831716721991
61974.2629 lsst_hardware_g 19.236782713430244 13.819999694824219 31.399999618530273 AB 5.401635394059047 1.0523349686458303
61974.3855 lsst_hardware_z -93.9477624931573 41.810001373291016 30.940000534057617 AB 5.496257322395969 1.0740646484725136
61974.3966 lsst_hardware_r -18.776750415730596 23.0 31.479999542236328 AB 5.627507398823882 1.0990152131283824
61976.3529 lsst_hardware_r -18.021313701112504 22.489999771118164 31.489999771118164 AB 5.6880161255538075 1.0312160976982276
61976.3641 lsst_hardware_u 4.570965605614521 2.5799999237060547 28.350000381469727 AB 5.760337369915397 1.0459711351721206
61978.2629 lsst_hardware_u 0.605428217411564 2.5399999618530273 28.309999465942383 AB 2.0719377654474647 1.0364871262868758
61978.2813 lsst_hardware_g -13.544513819935137 13.84000015258789 31.40999984741211 AB 1.9893608214852103 1.0180966333087054
61979.3491 lsst_hardware_i 49.42551039403653 30.34000015258789 31.239999771118164 AB 3.221369823284522 1.0365323612220267
61979.3616 lsst_hardware_z 43.66281038901478 41.22999954223633 30.940000534057617 AB 3.278791657557592 1.0550088456773503
61987.1837 lsst_hardware_i -44.80613740994302 86.63999938964844 31.31999969482422 AB 1.879173401905169 1.1592679839020166
61990.2436 lsst_hardware_r 156.8524283481607 108.80000305175781 31.65999984741211 AB 3.1683474287607467 1.022047557664757
61990.2562 lsst_hardware_i -58.93700674166294 85.9000015258789 31.34000015258789 AB 3.0979018179587725 1.0133521007361392
61992.1673 lsst_hardware_z 77.03576484624661 59.61000061035156 30.969999313354492 AB 4.8923768102579785 1.1687474463110317
61992.1855 lsst_hardware_r 88.44454701749864 72.95999908447266 31.6299991607666 AB 4.587309085087403 1.1126143791140926
61992.2425 lsst_hardware_z -66.15392261256518 56.560001373291016 30.979999542236328 AB 4.784001313830143 1.018522740862283
61992.2541 lsst_hardware_r 5.590331508691483 70.70999908447266 31.65999984741211 AB 4.222725726298217 1.011794830789078
61994.2447 lsst_hardware_z -30.891366457557236 65.87000274658203 31.709999084472656 AB 2.7397347319311747 1.0136528575930843
61995.2203 lsst_hardware_r -49.45769282991657 34.939998626708984 31.59000015258789 AB 3.6381856526063885 1.0318410775277507
61995.2308 lsst_hardware_z 57.02636154231659 44.06999969482422 30.959999084472656 AB 3.5786077494212325 1.0213164552299758
61997.3226 lsst_hardware_u 12.885215483070015 4.289999961853027 28.770000457763672 AB 5.087178385510195 1.0738485193168157
61997.3338 lsst_hardware_g -6.166736363501305 21.520000457763672 31.56999969482422 AB 6.132421087723853 1.09900019493259
62006.1046 lsst_hardware_z 19.63253154238949 44.43000030517578 30.93000030517578 AB 3.603684727506307 1.271701712397694
62006.1093 lsst_hardware_i 9.112476137832411 32.5 31.229999542236328 AB 3.5281566857528137 1.2490892529586595
62011.2544 lsst_hardware_r 2.463721475710878 30.040000915527344 31.56999969482422 AB 6.18845950493958 1.0279833064683688
62011.2657 lsst_hardware_y 107.05562421228521 47.40999984741211 30.049999237060547 AB 6.310848001129958 1.0418525205475389
62013.2706 lsst_hardware_r 51.18961975021175 58.380001068115234 31.6299991607666 AB 5.259930462739683 1.058140945715515
62013.2818 lsst_hardware_i -77.91551591273814 51.79999923706055 31.299999237060547 AB 5.30245171897863 1.0798740835962792
62016.2423 lsst_hardware_r -9.684469480211341 113.45999908447266 31.670000076293945 AB 0.8093095261425277 1.0296558856775162
62016.2551 lsst_hardware_i -46.583928920332234 90.12000274658203 31.34000015258789 AB 1.3322695421374395 1.046284980736209
62017.0489 lsst_hardware_r -69.14546392136121 132.58999633789062 31.579999923706055 AB 2.1247834583879226 1.4253914076842056
62017.0664 lsst_hardware_i 46.44976708928756 148.14999389648438 32.040000915527344 AB 1.9580430432073175 1.3147110854122543
62020.2625 lsst_hardware_z 73.29954481918465 62.33000183105469 30.979999542236328 AB 2.050998326001512 1.0794728031586904
62020.274 lsst_hardware_i -126.8377941942661 68.93000030517578 31.31999969482422 AB 2.1802871331032545 1.1065575028435781
62027.0317 lsst_hardware_g 20.88819410599913 14.149999618530273 31.329999923706055 AB 1.9014219893646518 1.3581585638318943
62027.0382 lsst_hardware_r -0.2310419106593901 23.93000030517578 31.450000762939453 AB 1.8476339532560004 1.3197385380400004
62030.1397 lsst_hardware_i -65.19248922562471 30.290000915527344 31.260000228881836 AB 0.5292714856825415 1.0178297801587335
62030.1512 lsst_hardware_z 29.99142541403456 40.689998626708984 30.950000762939453 AB 0.6682335602492386 1.011453421164337
62031.2243 lsst_hardware_u -0.014030491401905333 2.680000066757202 28.420000076293945 AB 1.4714439913928061 1.0632460948222842
62031.2346 lsst_hardware_g 6.608266863040267 14.050000190734863 31.40999984741211 AB 1.503034645236536 1.0841146686804763
62033.2188 lsst_hardware_r -24.884180283973116 22.780000686645508 31.489999771118164 AB 6.185547009214169 1.0631741163998227
62033.2316 lsst_hardware_z 51.33475112615605 41.7400016784668 30.950000762939453 AB 6.336489718628748 1.089680089188091
62037.2091 lsst_hardware_u -0.6094659328236608 2.690000057220459 28.43000030517578 AB 4.12613172030496 1.0654497470230295
62037.2213 lsst_hardware_g 5.026684453834829 14.0600004196167 31.420000076293945 AB 4.211735865335292 1.0911232811748293
62039.2118 lsst_hardware_r -24.13135388333362 25.690000534057617 31.510000228881836 AB 3.3156512462032945 1.0820138952039469
62039.224 lsst_hardware_i 20.931965372324935 31.690000534057617 31.239999771118164 AB 3.4126152562990932 1.1114803787752319
62041.23 lsst_hardware_z 33.78852872255834 49.84000015258789 30.959999084472656 AB 4.348404772200145 1.1448191589820478
62041.2415 lsst_hardware_r -52.50750215611642 44.31999969482422 31.579999923706055 AB 4.394922583254551 1.1844822234487278
62050.0013 lsst_hardware_y -42.220711021078245 50.220001220703125 30.0 AB 4.644141404978277 1.197149356842656
62050.0209 lsst_hardware_i 4.874708706312235 30.989999771118164 31.229999542236328 AB 4.359601967473913 1.1301625320736002
62052.0782 lsst_hardware_r 53.87154666121684 22.360000610351562 31.510000228881836 AB 3.3052731696814748 1.018888153415211
62052.0903 lsst_hardware_i -56.34932337556897 30.06999969482422 31.260000228881836 AB 5.501278049149003 1.0117913219164454
62054.1676 lsst_hardware_i 49.16033433739957 30.729999542236328 31.25 AB 4.1536401758252515 1.0751441352438098
62054.1791 lsst_hardware_u -2.288863899170781 2.7100000381469727 28.43000030517578 AB 4.277129213372512 1.1013121311576877
62057.1613 lsst_hardware_i 52.070209236394774 30.68000030517578 31.25 AB 8.996857459538111 1.079104924780732
62057.1729 lsst_hardware_r -19.64881534059184 22.75 31.489999771118164 AB 8.954952023528111 1.1063691652493342
62059.1563 lsst_hardware_u -2.4989149526244265 2.7300000190734863 28.459999084472656 AB 8.484110267135407 1.0800904222961127
62059.1674 lsst_hardware_g 20.644221440662122 13.850000381469727 31.389999389648438 AB 8.396488109369814 1.1062688140234058
62067.1477 lsst_hardware_i 1.3674319511238597 31.770000457763672 31.239999771118164 AB 3.194747140431621 1.1118932012292582
62067.1588 lsst_hardware_u 1.8704834172796203 2.7799999713897705 28.40999984741211 AB 3.2837599268406503 1.1441672218956969
62075.0879 lsst_hardware_y 16.757659866394256 53.25 30.059999465942383 AB 5.621867010405397 1.037723490614748
62075.099 lsst_hardware_r -36.41340034869823 82.94000244140625 31.65999984741211 AB 5.705442574066603 1.0542044943997642
62079.0927 lsst_hardware_r 46.0945902683009 66.5199966430664 31.639999389648438 AB 4.054859477587283 1.0622694348130681
62079.1034 lsst_hardware_g 24.605705901208683 75.41000366210938 31.709999084472656 AB 4.167466868642492 1.0838195662024317
