data/validation/pwv_sim_epoch_fit_4/51771678.ecsv
# %ECSV 0.9
# ---
# datatype:
# - {name: time, datatype: float64}
# - {name: band, datatype: string}
# - {name: flux, datatype: float64}
# - {name: fluxerr, datatype: float64}
# - {name: zp, datatype: float64}
# - {name: zpsys, datatype: string}
# - {name: pwv, datatype: float64}
# - {name: airmass, datatype: float64}
# meta: {SNID: '51771678', alt: 1024.0, c: -0.11280833184719086, dec: -42.010422, lat: -30.244573, lon: -70.7499537, ra: 189.352936, t0: 60818.99609375,
#   x0: 4.691051308090517e-06, x1: -1.1606825590133667, z: 0.6291921138763428}
# schema: astropy-2.0
time band flux fluxerr zp zpsys pwv airmass
60698.3589 lsst_hardware_i -26.80124967665137 34.06999969482422 31.280000686645508 AB 9.829309671881767 1.029031582064674
60698.3721 lsst_hardware_y -43.54739979611639 57.77000045776367 30.06999969482422 AB 9.641281259811805 1.023246173664656
60700.36 lsst_hardware_r -4.452427096816482 23.81999969482422 31.520000457763672 AB 9.749745306386384 1.0255692818779507
60700.3725 lsst_hardware_y -83.10654281287083 59.5099983215332 30.06999969482422 AB 9.71748385818922 1.0221757214084033
60702.3666 lsst_hardware_r 18.220039249218484 23.799999237060547 31.530000686645508 AB 11.227779197473172 1.0222250490855949
60702.3797 lsst_hardware_y 184.370837192669 68.18000030517578 30.079999923706055 AB 10.741276979212131 1.022978759924965
60704.3697 lsst_hardware_z -24.622561055278243 62.61000061035156 31.719999313354492 AB 11.76980154837655 1.022201770141989
60706.3623 lsst_hardware_g -17.15707566460412 13.979999542236328 31.440000534057617 AB 11.861593753141788 1.022037230112023
60706.3732 lsst_hardware_y -59.57501868704853 50.720001220703125 30.059999465942383 AB 11.850750940677118 1.0242654227032946
60708.3596 lsst_hardware_i -30.79989220373197 30.34000015258789 31.260000228881836 AB 10.06022597206144 1.0223027687992725
60708.3709 lsst_hardware_y -55.707403056653526 49.45000076293945 30.059999465942383 AB 10.115334776281482 1.0255059968350253
60710.3607 lsst_hardware_i -1.7131036222599074 30.239999771118164 31.260000228881836 AB 8.5421450216076 1.023747006424682
60710.3742 lsst_hardware_y 113.35406004131535 48.84000015258789 30.059999465942383 AB 8.548535086560223 1.0303577846396412
60715.3486 lsst_hardware_r 9.595780282424798 22.260000228881836 31.5 AB 6.762917633705041 1.0242577159070148
60715.3622 lsst_hardware_i 24.63124162908719 30.190000534057617 31.25 AB 6.811221499457388 1.0315083418749653
60717.3392 lsst_hardware_z -15.92762814600851 52.36000061035156 30.979999542236328 AB 4.526664032479068 1.023090526043419
60717.3508 lsst_hardware_g -149.84736164176897 55.04999923706055 31.719999313354492 AB 4.613707590937643 1.0277234707217648
60719.359 lsst_hardware_r 29.54935520969466 86.83999633789062 31.65999984741211 AB 5.774315538265 1.03789261045475
60719.3701 lsst_hardware_i 60.93668324087163 68.69000244140625 31.329999923706055 AB 5.839710586966257 1.050055847572456
60721.297 lsst_hardware_r 28.6744104080588 86.04000091552734 31.65999984741211 AB 4.131137815056938 1.0284990410930137
60721.3085 lsst_hardware_i -11.057504423664088 69.43000030517578 31.34000015258789 AB 4.050393239918715 1.0234727074968493
60723.2964 lsst_hardware_z -88.2856418267695 58.560001373291016 30.989999771118164 AB 5.084557299358965 1.0259397294913166
60723.3079 lsst_hardware_i -200.3186144636854 61.560001373291016 31.329999923706055 AB 5.042894261143027 1.0224155425714103
60725.3354 lsst_hardware_z -78.66634511745929 49.400001525878906 30.969999313354492 AB 3.213430571152796 1.0318749492596615
60725.3473 lsst_hardware_r -90.23476882190984 51.0 31.639999389648438 AB 3.2311483933194642 1.0425861984359657
60730.3342 lsst_hardware_u 0.4249013266400782 2.880000114440918 28.549999237060547 AB 10.561340705443863 1.0431812368534559
60730.3451 lsst_hardware_g -7.123820420601271 14.510000228881836 31.450000762939453 AB 10.669896637493892 1.0567741800092993
60732.3315 lsst_hardware_r -12.020817994315266 22.270000457763672 31.5 AB 6.873081444366797 1.0462903705840763
60732.3437 lsst_hardware_i -31.91048745934034 30.360000610351562 31.25 AB 7.031489939234197 1.0627606180592022
60737.2784 lsst_hardware_z 55.33129974859095 40.52000045776367 30.940000534057617 AB 6.043575413308939 1.0220971736975162
60737.2911 lsst_hardware_i -47.50401091253114 29.940000534057617 31.25 AB 5.953697123166324 1.02524740586921
60739.2756 lsst_hardware_u -2.478462611898999 2.619999885559082 28.40999984741211 AB 10.531758269151084 1.0224015405447124
60739.287 lsst_hardware_g 9.61986950026274 13.34000015258789 31.399999618530273 AB 10.57574295382479 1.0258415953658293
60741.2747 lsst_hardware_r 41.68960135720468 22.1299991607666 31.5 AB 9.923362998131822 1.023361200199222
60741.2869 lsst_hardware_i 0.4134344238284796 29.959999084472656 31.25 AB 9.973290720758646 1.0286691935046395
60743.2637 lsst_hardware_z -19.48451956855259 40.63999938964844 30.950000762939453 AB 7.891151810095124 1.0222692373086923
60743.2766 lsst_hardware_u -0.3648675478163376 2.5899999141693115 28.389999389648438 AB 8.039876826840064 1.0260834441758744
60750.2664 lsst_hardware_z -29.86472925064716 73.30999755859375 31.0 AB 7.763613179972315 1.0313439109027598
60750.2793 lsst_hardware_r 58.758267811194784 106.94000244140625 31.65999984741211 AB 7.836884120846775 1.0428669111875677
60754.2253 lsst_hardware_z -46.37092874463155 49.5 30.979999542236328 AB 5.089122725622223 1.0221687623645097
60754.2384 lsst_hardware_i 3.016570761938169 47.470001220703125 31.31999969482422 AB 5.079708218274579 1.0231548855984005
60756.2298 lsst_hardware_z 0.2471371973957639 43.2599983215332 30.969999313354492 AB 5.938188751902704 1.0225034441502718
60756.2408 lsst_hardware_g 84.31795506776984 29.65999984741211 31.670000076293945 AB 5.871395058266502 1.0259445314772193
60760.2121 lsst_hardware_z 19.54832744895011 40.81999969482422 30.959999084472656 AB 6.656141831117386 1.0219909407383911
60760.2247 lsst_hardware_u -2.9716365710489954 2.809999942779541 28.549999237060547 AB 6.658736070259974 1.0239221000425394
60762.2149 lsst_hardware_g 3.506932987494621 14.029999732971191 31.469999313354492 AB 7.831428726453103 1.022780295997532
60762.2278 lsst_hardware_r 23.50701526857483 22.700000762939453 31.520000457763672 AB 7.807806919658893 1.027658524940845
60764.2067 lsst_hardware_i -0.4602105741918861 30.31999969482422 31.260000228881836 AB 6.925694096296225 1.0223181188716843
60764.2181 lsst_hardware_z 51.88610451653732 40.86000061035156 30.950000762939453 AB 6.576586098120604 1.0255618200624708
60767.2076 lsst_hardware_i -55.780933244237026 30.270000457763672 31.260000228881836 AB 8.40192097929613 1.0246245096702598
60767.2199 lsst_hardware_u 1.8476722049733931 2.7200000286102295 28.479999542236328 AB 8.788808385484378 1.0312880197310266
60773.1946 lsst_hardware_z -49.67952305681749 68.19000244140625 31.719999313354492 AB 8.645319630971242 1.0260492094911968
60775.1994 lsst_hardware_r 20.81669345540145 79.33999633789062 31.65999984741211 AB 5.067750332406775 1.0322685359329389
60775.2112 lsst_hardware_i -22.368622448280234 64.79000091552734 31.329999923706055 AB 5.055981661967635 1.043043940716745
60778.1919 lsst_hardware_z -72.7117733204519 82.98999786376953 31.0 AB 10.069723032560196 1.0327921059036098
60778.2027 lsst_hardware_r 522.1193084870856 125.87999725341797 31.65999984741211 AB 10.210755153771883 1.0427117849141572
60782.1466 lsst_hardware_z -112.05349907207544 75.02999877929688 31.729999542236328 AB 15.00229813421635 1.0224656822810907
60784.1304 lsst_hardware_r 85.30778684711873 36.66999816894531 31.610000610351562 AB 9.745263070073081 1.0257091958818105
60784.141 lsst_hardware_i -13.022351033779382 39.31999969482422 31.299999237060547 AB 9.67989901363899 1.0224885405766335
60790.1242 lsst_hardware_z -21.4697378966715 40.98968932166057 30.950000762939453 AB 13.86420807718869 1.022559907352577
60790.1372 lsst_hardware_u -8.06607916952567 3.3065771497481085 28.520000457763672 AB 14.484610622153525 1.0225513728856133
60792.1214 lsst_hardware_g -14.692585036635075 14.394041497526183 31.40999984741211 AB 4.5835135138482475 1.022193022713739
60792.1322 lsst_hardware_r -27.237973412840976 23.204103538652895 31.489999771118164 AB 4.6896283016216245 1.0226338291742596
60795.1295 lsst_hardware_i 46.10836478178692 30.862241026085922 31.25 AB 10.720768376174815 1.0240489422270338
60795.1419 lsst_hardware_u 2.074427851877376 3.3316587061420697 28.469999313354492 AB 10.729826939879386 1.03022822274406
60797.1125 lsst_hardware_u 21.91674669560753 5.470821876945624 28.489999771118164 AB 9.19805760253436 1.0220064002815956
60797.1244 lsst_hardware_g 16.68936020793918 15.254988491641354 31.43000030517578 AB 9.193638575531642 1.0241706545337885
60800.1115 lsst_hardware_r 319.2160124386144 37.773991415072764 31.59000015258789 AB 9.476663394954665 1.0228638825977798
60800.1236 lsst_hardware_i 316.63040522134906 38.98628547091758 31.280000686645508 AB 9.549397669856653 1.0274245704294525
60802.1188 lsst_hardware_z 609.1346206908653 73.40900988991777 31.719999313354492 AB 6.858428319270019 1.027787849433541
60804.1205 lsst_hardware_z 497.33855681228897 64.21553805773578 30.989999771118164 AB 8.929636138660568 1.0324870275179876
60804.1323 lsst_hardware_r 732.0328399730237 86.00792600938183 31.65999984741211 AB 7.929513868110207 1.0433570879092378
60806.0985 lsst_hardware_i 1012.2110105389607 93.57502577456798 31.350000381469727 AB 8.010797882910197 1.0237441383910795
60806.1099 lsst_hardware_z 417.84971373884383 80.74896076055087 31.0 AB 8.064572299240494 1.028972542167846
60808.0992 lsst_hardware_i 936.856426040599 93.14444461659761 31.34000015258789 AB 6.593765188898631 1.0261338641782334
60808.1117 lsst_hardware_z 536.329295203752 79.22933277001219 31.0 AB 6.645290010684381 1.0341522516951442
60810.1015 lsst_hardware_z 828.1663487879555 63.49484831286789 30.979999542236328 AB 6.82098710744478 1.0306070848935782
60810.1143 lsst_hardware_r 1671.6269103295401 86.59556656674876 31.649999618530273 AB 6.883026550060458 1.0416333766407149
60812.0868 lsst_hardware_r 1669.3888433351806 60.44132302065003 31.6200008392334 AB 8.765959196128936 1.025468276679879
60812.0992 lsst_hardware_i 1208.8782643602983 55.82473706789872 31.299999237060547 AB 8.859726678701202 1.0329031394580241
60814.0881 lsst_hardware_z 923.9219426859596 49.98129569044122 30.950000762939453 AB 8.257476029916551 1.0290010317974456
60814.1 lsst_hardware_u -0.30139715279269436 2.9252460261036375 28.40999984741211 AB 8.306196580978169 1.038274572622271
60818.09 lsst_hardware_g 426.3263577742541 24.47612303893663 31.399999618530273 AB 2.699737454881696 1.0391599133493827
60818.1018 lsst_hardware_r 1668.3218332072638 46.52246168486907 31.489999771118164 AB 2.704462109331145 1.0526612167360927
60823.0192 lsst_hardware_z 2004.8986130075027 71.67185419114466 31.700000762939453 AB 7.220978015283473 1.0281167530837152
60823.0256 lsst_hardware_i 2561.9804822614133 65.52634989758727 32.0 AB 7.201395949445302 1.025000313054877
60826.0231 lsst_hardware_g 190.08421836953258 20.310677586718693 31.440000534057617 AB 9.033185548409072 1.023155661719844
60826.0351 lsst_hardware_r 1297.1359310191294 42.42475414316338 31.5 AB 9.039408520412763 1.0220950384908325
60830.0259 lsst_hardware_r 1099.34384483749 53.89314329780428 31.6200008392334 AB 11.559597728180877 1.0222570672328926
60830.0374 lsst_hardware_g 190.6056457358878 41.75677114331237 31.690000534057617 AB 11.542604279708499 1.0253636699596698
60844.0018 lsst_hardware_r 335.51517930155387 28.4813845978342 31.5 AB 5.211994891782076 1.0265726500022145
60844.0146 lsst_hardware_u -1.307572582461117 2.8299896156700903 28.489999771118164 AB 5.239172953589297 1.0351539547718507
60847.0026 lsst_hardware_g 67.84005152705258 15.888416449347217 31.40999984741211 AB 4.064520963180282 1.0321282283342514
60847.0143 lsst_hardware_r 241.24681166662708 27.103759808500048 31.489999771118164 AB 4.098792201708534 1.0427285652003904
60848.9855 lsst_hardware_i 735.5645813135189 49.794816250789324 32.0 AB 9.384832372325082 1.0253565728690681
60848.995 lsst_hardware_z 869.9226386758436 64.25016562005429 31.700000762939453 AB 9.628605063495959 1.030605651152232
60850.9947 lsst_hardware_r 189.68299246057106 25.713915804298704 31.479999542236328 AB 5.178345060661976 1.0344965826720336
60851.0064 lsst_hardware_g 104.43438264233359 16.827816051365478 31.399999618530273 AB 5.222155611922136 1.0461048902088046
61064.3627 lsst_hardware_u -1.833615118379426 3.569999933242798 28.639999389648438 AB 7.274535474651546 1.0259190458909913
61064.3764 lsst_hardware_y -25.001035707395356 70.30999755859375 30.06999969482422 AB 7.652510419517166 1.0221518815027453
61066.3609 lsst_hardware_r -18.368827683316358 22.75 31.479999542236328 AB 14.319105125008523 1.0244213213863835
61066.3746 lsst_hardware_y -133.28392453384973 58.04999923706055 30.059999465942383 AB 14.294694131136067 1.0219924905337234
61068.3603 lsst_hardware_u 1.6273203324464496 2.8299999237060547 28.479999542236328 AB 12.09879209819232 1.022987853824312
61068.3718 lsst_hardware_z 62.243458821086854 44.709999084472656 30.959999084472656 AB 12.07619789192824 1.022100102997855
61070.3719 lsst_hardware_r -2.8295570587302836 23.93000030517578 31.510000228881836 AB 11.586408643351264 1.0229318990598526
61073.3599 lsst_hardware_z -25.308290390129375 58.34000015258789 30.979999542236328 AB 10.050238421858788 1.022274728224666
61073.3714 lsst_hardware_y 94.27662915660277 53.5099983215332 30.059999465942383 AB 10.135472576751932 1.0254423893921378
61075.3453 lsst_hardware_i -28.34090263459224 63.150001525878906 31.329999923706055 AB 8.481085062062196 1.0222690821723148
61075.3575 lsst_hardware_z 53.95250340426429 58.40999984741211 30.979999542236328 AB 8.585841696597004 1.0227733914307167
61077.3506 lsst_hardware_z 128.2013506637568 57.61000061035156 30.979999542236328 AB 4.523321823553334 1.0225084653412453
61077.363 lsst_hardware_r 1.1236325698941252 70.79000091552734 31.649999618530273 AB 4.449078534039877 1.0266117182670462
61081.3409 lsst_hardware_z 52.51949099170399 42.72999954223633 30.950000762939453 AB 3.5003818181853648 1.0227309249403282
61081.3529 lsst_hardware_g -77.49277018907173 26.56999969482422 31.6299991607666 AB 3.508163600014347 1.0270300853908798
61083.3509 lsst_hardware_i -47.302327184037985 30.93000030517578 31.260000228881836 AB 6.335335163815422 1.028992474023245
61083.3618 lsst_hardware_z 68.7435759049536 41.38999938964844 30.959999084472656 AB 6.398081724249735 1.0373305143756157
61085.3497 lsst_hardware_r -7.059866167179662 22.280000686645508 31.489999771118164 AB 2.569844829371915 1.0318589959333286
61085.3606 lsst_hardware_u 0.7150825605301108 2.680000066757202 28.43000030517578 AB 2.5295404661461 1.0414989052583015
61087.3389 lsst_hardware_u 0.36519530653888344 2.6600000858306885 28.440000534057617 AB 3.791171539791688 1.0283467106125483
61087.3492 lsst_hardware_g 1.5880478227354784 13.470000267028809 31.40999984741211 AB 3.812720104578136 1.0358306827017802
61089.2979 lsst_hardware_g 7.982266092357026 13.529999732971191 31.440000534057617 AB 5.072831096951692 1.0245039072910698
61089.3096 lsst_hardware_r -7.694361372221323 22.149999618530273 31.5 AB 5.0497102603062896 1.0220533846696005
61091.2909 lsst_hardware_i -18.103583154999725 30.06999969482422 31.260000228881836 AB 2.8140686876321324 1.025099394438273
61091.3018 lsst_hardware_r 23.48645223028913 22.15999984741211 31.5 AB 3.7116278415179815 1.022252331838783
61093.2986 lsst_hardware_u 0.9160631998568641 2.5999999046325684 28.399999618530273 AB 11.43862662234229 1.0220588042390415
61093.3091 lsst_hardware_g 5.30537269325034 13.40999984741211 31.40999984741211 AB 11.435923092778479 1.0229369017199768
61095.3297 lsst_hardware_i 4.885479920643428 29.989999771118164 31.239999771118164 AB 10.279309027102691 1.0379470921495118
61095.3409 lsst_hardware_z 29.463107843442224 40.9900016784668 30.950000762939453 AB 10.621049245709843 1.0502458979730387
61098.3333 lsst_hardware_r 10.08325728922816 22.260000228881836 31.489999771118164 AB 6.4851809783358725 1.050997646598472
61098.3446 lsst_hardware_u 0.32769235037602873 2.640000104904175 28.40999984741211 AB 5.550599049009585 1.0674228940403048
61100.2751 lsst_hardware_i -70.85948395122345 52.529998779296875 31.31999969482422 AB 3.969586571611654 1.0225622286480305
61100.2878 lsst_hardware_z -34.20052309421607 51.70000076293945 30.969999313354492 AB 3.960965115623052 1.0225143893186324
61102.2762 lsst_hardware_z -93.60726148368906 64.95999908447266 30.989999771118164 AB 6.030244421229148 1.0220031502683395
