data/validation/pwv_sim_epoch_fit_4/51787753.ecsv
# %ECSV 0.9
# ---
# datatype:
# - {name: time, datatype: float64}
# - {name: band, datatype: string}
# - {name: flux, datatype: float64}
# - {name: fluxerr, datatype: float64}
# - {name: zp, datatype: float64}
# - {name: zpsys, datatype: string}
# - {name: pwv, datatype: float64}
# - {name: airmass, datatype: float64}
# meta: {SNID: '51787753', alt: 1024.0, c: 0.02303548902273178, dec: -61.001064, lat: -30.244573, lon: -70.7499537, ra: 93.726112, t0: 62186.07421875,
#   x0: 4.353432959648848e-06, x1: -1.0560526847839355, z: 0.6495379209518433}
# schema: astropy-2.0
time band flux fluxerr zp zpsys pwv airmass
62077.3646 lsst_hardware_z -46.50243183495189 68.01000213623047 30.969999313354492 AB 5.721217395407007 1.170521691045345
62086.3543 lsst_hardware_z -26.386432636056103 50.29999923706055 30.950000762939453 AB 4.264566739406666 1.1808297769366374
62088.347 lsst_hardware_r -18.7123563163275 23.579999923706055 31.469999313354492 AB 6.764877143960345 1.1792348304403528
62088.3579 lsst_hardware_i -16.809311459975845 43.459999084472656 31.270000457763672 AB 6.88563423808478 1.1898794800987493
62091.3433 lsst_hardware_r -1.4097014729854096 22.40999984741211 31.450000762939453 AB 3.781851301922174 1.1832768133669633
62091.3549 lsst_hardware_g 15.087128193523396 24.040000915527344 31.540000915527344 AB 3.8150436416560893 1.195969688337511
62095.2212 lsst_hardware_i -40.141988602361174 44.189998626708984 31.969999313354492 AB 4.002763665904169 1.2202617684335166
62095.2333 lsst_hardware_z 36.70042904683849 60.939998626708984 31.68000030517578 AB 3.9606078763112627 1.2019750263203677
62096.3366 lsst_hardware_u -1.8916661070771152 2.7300000190734863 28.31999969482422 AB 5.641937090961105 1.190491385467439
62096.3488 lsst_hardware_g 12.460708540979754 18.780000686645508 31.469999313354492 AB 5.72465851906793 1.2060376093543301
62098.3404 lsst_hardware_r 20.853811207673246 22.81999969482422 31.459999084472656 AB 10.058312368003266 1.2019492971125192
62098.3526 lsst_hardware_i -32.61101769775596 42.5 31.260000228881836 AB 10.20495567374895 1.220396516831972
62100.3486 lsst_hardware_z 27.761419122262062 50.779998779296875 30.940000534057617 AB 6.236641599291386 1.2228709018218404
62103.3416 lsst_hardware_g 2.424516135836244 14.949999809265137 31.389999389648438 AB 5.624686390874908 1.2249326102591358
62103.3551 lsst_hardware_r -52.72842067373692 33.65999984741211 31.540000915527344 AB 5.7319026887246425 1.2510518782229123
62107.3179 lsst_hardware_z -34.47553009994787 59.189998626708984 30.959999084472656 AB 7.397667625459379 1.2048185122176664
62107.3306 lsst_hardware_i 134.71872796785576 63.04999923706055 31.290000915527344 AB 7.517060292612809 1.2247993648979245
62110.3098 lsst_hardware_r 63.13057474544343 58.2400016784668 31.600000381469727 AB 5.228879609012751 1.2049497889187122
62110.3214 lsst_hardware_z 94.68791026626853 51.810001373291016 30.950000762939453 AB 5.278715363510002 1.2230573131394815
62114.2869 lsst_hardware_i 28.671212394349112 34.72999954223633 31.25 AB 11.04932649559099 1.189890856729552
62114.2998 lsst_hardware_z -83.76424714476259 44.66999816894531 30.940000534057617 AB 12.139223815437914 1.2062626139452393
62118.2153 lsst_hardware_r -24.944781402119556 21.8700008392334 31.450000762939453 AB 9.12458161494409 1.1656462381363317
62118.2274 lsst_hardware_u -2.2412205286566858 2.4700000286102295 28.260000228881836 AB 9.023730107358638 1.1637891481358875
62122.223 lsst_hardware_z -61.47104252885383 60.02000045776367 31.690000534057617 AB 5.498334770493115 1.1641615012689213
62122.2353 lsst_hardware_r -12.80351181216628 31.139999389648438 32.220001220703125 AB 5.612790436534864 1.1674666372879838
62124.2212 lsst_hardware_u -1.028524731923557 2.7100000381469727 28.459999084472656 AB 5.75493505334028 1.164789769435798
62124.2331 lsst_hardware_g -2.34537758255531 12.979999542236328 31.3799991607666 AB 5.75898349908616 1.168921398302288
62126.2194 lsst_hardware_r -31.238748162656897 22.170000076293945 31.479999542236328 AB 5.581470651431363 1.1657206874334507
62126.231 lsst_hardware_i 20.36995400937254 30.979999542236328 31.239999771118164 AB 5.5907559267119735 1.1706754924363227
62129.1972 lsst_hardware_r -22.846445119174625 21.979999542236328 31.459999084472656 AB 7.712347080766717 1.163805801780647
62129.2101 lsst_hardware_z -6.287843336144934 42.439998626708984 30.940000534057617 AB 7.699482070498985 1.165411009661804
62131.1989 lsst_hardware_z -1.793450581994072 45.790000915527344 30.950000762939453 AB 6.466944477205238 1.1642362837022917
62131.2106 lsst_hardware_i -33.0518251703126 36.869998931884766 31.260000228881836 AB 5.920309015000708 1.1674259827460824
62133.1992 lsst_hardware_z 83.65149095282813 49.77000045776367 30.950000762939453 AB 8.248276372725416 1.1654223062840061
62133.2112 lsst_hardware_r 2.001295411763772 52.560001373291016 31.600000381469727 AB 8.359197553345277 1.1703052120465194
62135.2038 lsst_hardware_y 34.72734402603265 73.86000061035156 30.760000228881836 AB 7.683444727272011 1.1692961082441047
62137.1961 lsst_hardware_r -75.93465036133638 81.87000274658203 31.6299991607666 AB 8.175693680498622 1.1682374515149179
62137.21 lsst_hardware_i -25.87053508480467 64.11000061035156 31.309999465942383 AB 8.2770085349316 1.1766942467475108
62139.2038 lsst_hardware_z 7.0193757497323706 52.91999816894531 30.950000762939453 AB 4.457939085268904 1.1761337838190757
62139.2161 lsst_hardware_r 91.77355195006368 62.47999954223633 31.600000381469727 AB 4.046523222117344 1.1871859240479226
62141.2029 lsst_hardware_z -32.81409119143501 48.099998474121094 30.950000762939453 AB 13.45675919211537 1.1798137671175895
62141.2163 lsst_hardware_r -59.1600445805573 46.540000915527344 31.59000015258789 AB 13.979498243786095 1.193502795508076
62143.1335 lsst_hardware_u -2.285505704952901 2.5799999237060547 28.350000381469727 AB 9.346586849071032 1.171691970549208
62143.1466 lsst_hardware_g -25.06505517766544 12.819999694824219 31.350000381469727 AB 9.310517175549625 1.165806232591046
62145.1607 lsst_hardware_z 1.7422690082134364 42.09000015258789 30.940000534057617 AB 7.451246187147607 1.1642572167418135
62145.1751 lsst_hardware_r 15.262385177577224 21.850000381469727 31.459999084472656 AB 8.785785526794104 1.168633350198737
62147.1618 lsst_hardware_u -3.8812816740918343 2.5199999809265137 28.299999237060547 AB 5.651463896786975 1.1656708908960913
62147.1745 lsst_hardware_g -6.86697433752827 12.779999732971191 31.34000015258789 AB 8.017118413490149 1.1711801344210397
62149.1612 lsst_hardware_r -16.49530557647304 22.209999084472656 31.469999313354492 AB 5.747629390600198 1.167347381477256
62149.1735 lsst_hardware_i -12.166545746530282 31.100000381469727 31.239999771118164 AB 6.119459963423432 1.173997115285071
62151.1596 lsst_hardware_z 8.968440929801215 42.41999816894531 30.940000534057617 AB 6.445724465030794 1.1690626721939683
62151.1731 lsst_hardware_r -1.6247197673586242 22.059999465942383 31.469999313354492 AB 7.100384033360299 1.1777539346233132
62153.1581 lsst_hardware_u -1.7389462139162633 2.5711265830648236 28.34000015258789 AB 1.8370890245942468 1.1711771925373726
62153.1706 lsst_hardware_r 19.862660212512367 22.053868452091567 31.459999084472656 AB 3.6010855163534385 1.1802323208674623
62155.158 lsst_hardware_i 7.643774163986131 30.847599777752645 31.229999542236328 AB 4.7889077279915755 1.1746155820435555
62155.1713 lsst_hardware_z 19.74767145163645 42.71262495309832 30.93000030517578 AB 6.879131269665435 1.1860571154595578
62157.1009 lsst_hardware_r 17.553461777776437 23.64566227031383 31.469999313354492 AB 14.741565620908847 1.1686978901912355
62157.1143 lsst_hardware_z 96.03060509466874 42.596466916085646 30.93000030517578 AB 14.716590039126194 1.1644407257649632
62159.1578 lsst_hardware_g -3.336990616888736 18.00053806524048 31.479999542236328 AB 9.240094637670927 1.1835148114171548
62159.1723 lsst_hardware_r -0.0610736236048403 22.714978673391126 31.459999084472656 AB 10.440648726459566 1.1999596275980684
62161.0974 lsst_hardware_z 115.519316566794 46.935769479178504 30.950000762939453 AB 9.309727174416413 1.1658411280250138
62161.1116 lsst_hardware_r 21.61295748887612 42.19784370760026 31.59000015258789 AB 9.32683430542282 1.1638418117117573
62164.095 lsst_hardware_i 75.42191421315326 55.38026869787868 31.299999237060547 AB 14.542018822282008 1.1644794060123216
62164.1075 lsst_hardware_z 155.34894794803247 54.97564707447656 30.959999084472656 AB 14.537428527595694 1.164111829564026
62168.0923 lsst_hardware_g -42.76826768084335 102.72619301988087 32.43000030517578 AB 8.895265955619482 1.1638448195236795
62168.1054 lsst_hardware_i 581.6397639923323 82.82398831257272 32.04999923706055 AB 8.900668332479903 1.1659755031413348
62170.0985 lsst_hardware_z 379.9081142392516 50.817431026661225 30.950000762939453 AB 8.493973658492804 1.1655538467914655
62170.1126 lsst_hardware_r 535.8978967969163 48.244808990663266 31.59000015258789 AB 8.532592246735705 1.171737468653626
62174.0946 lsst_hardware_r 880.3001049342486 36.89130448003279 31.469999313354492 AB 6.439085078188063 1.1680703381393591
62174.1072 lsst_hardware_i 807.7189288675398 41.665477142806644 31.229999542236328 AB 6.4680871617882465 1.1754103331837957
62176.0915 lsst_hardware_z 679.4054838812551 49.461780076671104 30.940000534057617 AB 6.981890358403256 1.1691694711253011
62176.1046 lsst_hardware_r 1068.1834389534076 39.01204941404332 31.469999313354492 AB 7.0102121508136745 1.177593171646846
62178.0648 lsst_hardware_r 1117.3193552504245 40.56385495173748 31.459999084472656 AB 1.1877102355694393 1.1638512842424835
62178.0765 lsst_hardware_u 5.034105309328129 2.8826505472613766 28.3700008392334 AB 1.1852353499148458 1.1655186592623394
62180.0665 lsst_hardware_g 269.390201135615 20.25684815328978 31.34000015258789 AB 2.89040244903519 1.1645066103213733
62180.0767 lsst_hardware_i 1141.4571484850294 45.978182986993204 31.229999542236328 AB 2.8892141934215854 1.1674378854151466
62182.062 lsst_hardware_z 919.1128837097018 52.2393908487559 30.93000030517578 AB 2.0063617698769116 1.1646836899440276
62182.0733 lsst_hardware_r 1296.159146706126 42.368227659281544 31.459999084472656 AB 1.991107040962123 1.1683186392619265
62184.0607 lsst_hardware_u -2.6198395093159346 2.5037179506914415 28.229999542236328 AB 1.3964929307925507 1.1656869205280935
62184.0724 lsst_hardware_g 230.96346384453187 19.56408420208952 31.329999923706055 AB 1.3730299985408772 1.1706117216689538
62186.0619 lsst_hardware_r 1285.0308121868688 42.855937008830395 31.479999542236328 AB 3.3929686262384062 1.1681094650809294
62186.0737 lsst_hardware_i 1280.732789240396 47.81390261354283 31.239999771118164 AB 3.42961090752261 1.17489311399901
62188.0562 lsst_hardware_z 1087.5934706155672 53.252094409974696 30.940000534057617 AB 3.7663357149462184 1.1680069409317644
62188.0693 lsst_hardware_r 1299.2205256565169 45.36017842726433 31.520000457763672 AB 3.7306733843973707 1.1756632425423055
62190.0539 lsst_hardware_z 1037.0227712547069 55.28854361483925 30.940000534057617 AB 8.226222313833215 1.1694942157852168
62190.0663 lsst_hardware_r 1351.5147985973279 52.188131891992256 31.56999969482422 AB 8.410051255396901 1.1775484815733548
62192.0551 lsst_hardware_i 1330.562630990822 57.94587180274141 31.280000686645508 AB 10.452845716672103 1.173378377923886
62192.0668 lsst_hardware_z 941.478684041953 58.31728512484769 30.950000762939453 AB 10.557124021858662 1.1827053938505543
62196.053 lsst_hardware_g -14.54707426426299 90.79567733957481 31.68000030517578 AB 4.537832567395011 1.180113794264355
62196.0667 lsst_hardware_r 857.5096844417211 87.35637416019125 31.6200008392334 AB 4.394265163002589 1.1942560573454515
62199.0494 lsst_hardware_i 971.6479530391937 49.77136770522218 31.260000228881836 AB 5.324046624778631 1.1843496866629017
62199.0622 lsst_hardware_z 819.3765091159238 55.709842873916116 30.940000534057617 AB 5.391067729428368 1.198858692286061
62200.065 lsst_hardware_r 2600.575728528599 67.36278621439419 32.959999084472656 AB 12.908442514135798 1.2063964966482055
62200.1003 lsst_hardware_g 83.28498653583965 43.36084032819989 32.31999969482422 AB 13.190172950775205 1.2741050906327107
62427.3773 lsst_hardware_r -11.598748448173911 33.79999923706055 31.559999465942383 AB 7.007628771725831 1.1639612609793126
62451.358 lsst_hardware_r 5.878849441273498 28.65999984741211 31.510000228881836 AB 2.936343266736096 1.1836514226486863
62456.2977 lsst_hardware_r -8.790245072665524 22.079999923706055 31.459999084472656 AB 5.678354078469388 1.1640294839979028
62458.3355 lsst_hardware_r -31.06493220564386 22.06999969482422 31.450000762939453 AB 4.354399117085718 1.1805338530800373
62458.3485 lsst_hardware_y 99.8346890573733 52.43000030517578 29.989999771118164 AB 4.388051786295416 1.1940276969510664
62460.3336 lsst_hardware_z 114.17686730709681 55.5 30.959999084472656 AB 5.921194671791435 1.183824595749799
62460.3462 lsst_hardware_r 52.71232787942424 59.880001068115234 31.600000381469727 AB 6.013347913720343 1.1979377287156667
62461.3337 lsst_hardware_i 2.1827894050836294 62.369998931884766 31.299999237060547 AB 4.3437589527044596 1.1866572743352584
62461.3464 lsst_hardware_z 18.062654269286988 61.720001220703125 30.959999084472656 AB 4.379310794702429 1.2017867164385785
62465.1572 lsst_hardware_z -17.103042677459182 52.36000061035156 30.940000534057617 AB 10.348483090090589 1.344453555216065
62466.3416 lsst_hardware_z 95.7345742436824 50.560001373291016 30.940000534057617 AB 6.195250303385141 1.2147549614480668
62466.3529 lsst_hardware_r -50.63569675413102 54.63999938964844 31.59000015258789 AB 6.295130384130154 1.2343392910059126
62468.3367 lsst_hardware_y -20.73106730614097 49.75 29.989999771118164 AB 4.682265247363772 1.2156465376106722
62468.3489 lsst_hardware_g -45.443331109641264 37.11000061035156 31.600000381469727 AB 4.768722201172938 1.237129592141025
62473.3244 lsst_hardware_g -6.428079222533834 13.039999961853027 31.350000381469727 AB 7.483615726602128 1.217831457081115
62473.3356 lsst_hardware_r 23.692302015706133 22.65999984741211 31.459999084472656 AB 7.495721617104034 1.2378140002968914
62475.2842 lsst_hardware_r -25.81126459988512 21.84000015258789 31.450000762939453 AB 3.7356791280616046 1.1765300912482473
62475.2965 lsst_hardware_i 9.257268331353513 30.709999084472656 31.219999313354492 AB 3.671613401604847 1.1877439228804634
62481.2855 lsst_hardware_r -1.5871753432973252 21.989999771118164 31.450000762939453 AB 11.497568017645705 1.1938083291088348
62481.2977 lsst_hardware_z 26.237260168577194 42.72999954223633 30.93000030517578 AB 10.03411672368903 1.2102298722952354
62483.2206 lsst_hardware_r -9.962077408831421 22.299999237060547 31.469999313354492 AB 12.662546177078037 1.16455946263338
62483.2338 lsst_hardware_i -9.601029231906647 31.18000030517578 31.229999542236328 AB 12.60693115651242 1.164074899031651
62487.2233 lsst_hardware_z -3.9182521803035946 49.869998931884766 30.950000762939453 AB 9.875309563995646 1.1641293839437892
62487.2363 lsst_hardware_r 33.40554795307094 50.52000045776367 31.600000381469727 AB 9.881154775188035 1.1676171547803156
62491.2245 lsst_hardware_i -62.68867565723159 64.30000305175781 31.309999465942383 AB 6.886869424016037 1.1672660040705147
62491.2377 lsst_hardware_z -9.678863230187067 59.56999969482422 30.959999084472656 AB 6.929477542310199 1.1744877190356269
62495.2258 lsst_hardware_i -20.407900371925248 46.279998779296875 31.280000686645508 AB 7.843555757839656 1.1738189074524645
62495.2394 lsst_hardware_r -17.106712132666324 52.220001220703125 31.600000381469727 AB 7.907271361811934 1.1852018029195084
62497.2108 lsst_hardware_z -5.22806395199474 64.87999725341797 31.690000534057617 AB 5.856979646106927 1.1684164672300215
62503.2025 lsst_hardware_i 20.71199689263696 30.739999771118164 31.229999542236328 AB 5.404576577908277 1.1728681809696775
62503.2147 lsst_hardware_u 5.140657836005365 2.4800000190734863 28.25 AB 6.598108191138705 1.1824566650786217
62507.2047 lsst_hardware_i -5.213061811378207 30.950000762939453 31.229999542236328 AB 7.953157232003805 1.1833294497848243
62507.2175 lsst_hardware_r 19.538274968271523 22.09000015258789 31.450000762939453 AB 8.383017011900279 1.1975168342317433
62509.2036 lsst_hardware_u 0.6036893829783706 2.640000104904175 28.399999618530273 AB 7.859109001687463 1.187714825704612
62509.2169 lsst_hardware_g -23.381580048750678 12.8100004196167 31.350000381469727 AB 9.649861892361598 1.2039752828897812
62510.1618 lsst_hardware_g -10.419136753927843 12.720000267028809 31.350000381469727 AB 7.4517402832924375 1.1643344192644434
