data/validation/pwv_sim_epoch_fit_4/51853103.ecsv
# %ECSV 0.9
# ---
# datatype:
# - {name: time, datatype: float64}
# - {name: band, datatype: string}
# - {name: flux, datatype: float64}
# - {name: fluxerr, datatype: float64}
# - {name: zp, datatype: float64}
# - {name: zpsys, datatype: string}
# - {name: pwv, datatype: float64}
# - {name: airmass, datatype: float64}
# meta: {SNID: '51853103', alt: 1024.0, c: -0.06215004250407219, dec: -27.447618, lat: -30.244573, lon: -70.7499537, ra: 226.054688, t0: 60704.73046875,
#   x0: 4.9645090582027036e-06, x1: 0.21396450698375702, z: 0.6149404644966125}
# schema: astropy-2.0
time band flux fluxerr zp zpsys pwv airmass
[from data line 133]
61138.1477 lsst_hardware_i 66.72599258263007 54.11000061035156 31.270000457763672 AB 9.947433313432871 1.3345989553139963
61138.1656 lsst_hardware_z 12.922632183368446 54.95000076293945 30.959999084472656 AB 9.317935553907876 1.235063364558006
61147.162 lsst_hardware_r 14.975862817685112 24.610000610351562 31.510000228881836 AB 16.772031902512722 1.1480354044797427
61147.1789 lsst_hardware_u -3.8270858024008074 2.930000066757202 28.549999237060547 AB 14.953641386502882 1.095933066876158
61149.1603 lsst_hardware_g 15.261899443313814 15.09000015258789 31.40999984741211 AB 10.854108305415906 1.1351888621467243
61149.1789 lsst_hardware_r -1.1164054988566157 24.229999542236328 31.510000228881836 AB 9.666532697782658 1.0819938099152293
61151.1615 lsst_hardware_i 0.23914410643921463 32.13999938964844 31.25 AB 8.14006686717827 1.114238158535113
61151.18 lsst_hardware_z -0.5075307050618278 42.13999938964844 30.959999084472656 AB 7.2548344918786745 1.0669397262432485
61153.1576 lsst_hardware_r 3.898341390372753 24.309999465942383 31.510000228881836 AB 5.909984421243326 1.109647844769682
61153.176 lsst_hardware_u 0.8284379111899255 2.809999942779541 28.479999542236328 AB 4.305672952235174 1.0638295879348971
61155.1595 lsst_hardware_z 12.440924901226271 44.66999816894531 30.950000762939453 AB 15.191766415023357 1.0895361999777244
61155.1795 lsst_hardware_i 49.090759412937224 36.0099983215332 31.270000457763672 AB 13.307269246761306 1.0465803575903505
61157.1561 lsst_hardware_z -14.64350333865553 50.40999984741211 30.959999084472656 AB 4.97488128313619 1.0843442992940564
61157.174 lsst_hardware_r 63.899915032540775 53.59000015258789 31.6299991607666 AB 3.6759203100312874 1.0466495128811353
61159.167 lsst_hardware_y 37.72811094310576 77.63999938964844 30.809999465942383 AB 10.235811895581797 1.0493963395101287
61161.1556 lsst_hardware_r 218.04131057136922 153.2100067138672 31.65999984741211 AB 9.890672831979765 1.0608420910052394
61161.1762 lsst_hardware_i 128.89342353807757 121.04000091552734 31.350000381469727 AB 9.856187477620175 1.026730758552386
61163.1616 lsst_hardware_z 27.67318140927729 97.48999786376953 31.010000228881836 AB 11.775902343989724 1.0399525185666731
61163.1824 lsst_hardware_r -67.6664422134135 147.36000061035156 31.670000076293945 AB 11.717446170222386 1.0140000147306418
61166.0606 lsst_hardware_i -76.95080592797612 51.959999084472656 31.25 AB 5.102543598575922 1.4080837802210202
61166.0792 lsst_hardware_z -81.69795718788815 56.77000045776367 30.950000762939453 AB 4.664999225530754 1.2870738655071745
61170.0627 lsst_hardware_g -2.5167938279170885 15.579999923706055 31.3700008392334 AB 9.568108209666523 1.3198300861668422
61170.0812 lsst_hardware_r -6.218157638050954 25.18000030517578 31.479999542236328 AB 8.940776777165901 1.2210005841128413
61172.046 lsst_hardware_r 25.625778326873125 25.6299991607666 31.440000534057617 AB 15.998467127956662 1.3949313042076112
61172.0661 lsst_hardware_i -28.5900083101542 33.61000061035156 31.219999313354492 AB 14.478004763377811 1.26905419322244
61177.0446 lsst_hardware_g -14.84914142242529 15.399999618530273 31.350000381469727 AB 11.658672041466927 1.313677857777625
61177.0663 lsst_hardware_r 28.539094722983908 25.0 31.469999313354492 AB 10.675407014473782 1.202095227213473
61178.0419 lsst_hardware_i -55.15167902470495 33.61000061035156 31.209999084472656 AB 10.928277843262698 1.3134949330844914
61178.0608 lsst_hardware_z -3.498634661996637 44.02000045776367 30.93000030517578 AB 10.100078798681867 1.2143896595745902
61182.0651 lsst_hardware_z -8.335377272358519 43.63999938964844 30.940000534057617 AB 5.769746320850001 1.1527964677022384
61182.083 lsst_hardware_g 15.61362661228379 18.68000030517578 31.510000228881836 AB 5.558709587304562 1.0968431315900904
61187.0434 lsst_hardware_i -7.468203059448914 67.27999877929688 31.299999237060547 AB 6.838812299683877 1.183577997262739
61187.0624 lsst_hardware_r 118.61369795719857 79.52999877929688 31.6299991607666 AB 6.46388889743721 1.1166616294897402
61189.0506 lsst_hardware_z -62.38802176953775 140.38999938964844 31.739999771118164 AB 10.99777879087485 1.1368094468175856
61194.0633 lsst_hardware_z -35.86556412769575 58.02000045776367 30.969999313354492 AB 9.577399773510164 1.0654281250949929
61194.0791 lsst_hardware_r 0.34983304812577226 72.91000366210938 31.649999618530273 AB 9.303908282941789 1.0365894137309106
61196.0658 lsst_hardware_r 66.80077480652845 33.900001525878906 31.579999923706055 AB 9.97712263351857 1.04971699269846
61196.0854 lsst_hardware_z -64.0295059067034 45.810001373291016 30.959999084472656 AB 9.203320389472932 1.020984049862949
61198.0472 lsst_hardware_u 3.2033071201508094 2.740000009536743 28.420000076293945 AB 4.105019525020903 1.0770089269371823
61198.0671 lsst_hardware_g -0.6624117173933224 15.079999923706055 31.450000762939453 AB 3.9866663922390972 1.0382619681591503
61221.9567 lsst_hardware_y -23.572000711480104 65.3499984741211 30.020000457763672 AB 8.59473546382946 1.1498743011344519
61221.9745 lsst_hardware_r -103.60820107020338 69.81999969482422 31.639999389648438 AB 8.579805829846077 1.0949216219813342
61222.9671 lsst_hardware_z -46.34290022199543 68.93000030517578 31.700000762939453 AB 10.302836681435286 1.1078319012296005
61224.9584 lsst_hardware_y 17.675227894295155 56.7400016784668 30.040000915527344 AB 9.186365232895769 1.1173927605772493
61224.9769 lsst_hardware_g -30.63956252476623 15.069999694824219 31.440000534057617 AB 8.773733706517614 1.0692286273531644
61230.9621 lsst_hardware_y 20.92241824773839 54.459999084472656 30.049999237060547 AB 8.502368399972662 1.065793594481019
61230.9806 lsst_hardware_i 20.451732752860767 31.309999465942383 31.260000228881836 AB 8.304461302345057 1.0328289661519878
61232.9632 lsst_hardware_y 86.84976820198932 52.459999084472656 30.049999237060547 AB 11.171839715609298 1.052623088782278
61232.9816 lsst_hardware_i 30.41048970995777 31.229999542236328 31.260000228881836 AB 10.864562987929059 1.0242340785226547
