data/validation/pwv_sim_epoch_fit_4/52086837.ecsv
# %ECSV 0.9
# ---
# datatype:
# - {name: time, datatype: float64}
# - {name: band, datatype: string}
# - {name: flux, datatype: float64}
# - {name: fluxerr, datatype: float64}
# - {name: zp, datatype: float64}
# - {name: zpsys, datatype: string}
# - {name: pwv, datatype: float64}
# - {name: airmass, datatype: float64}
# meta: {SNID: '52086837', alt: 1024.0, c: -0.09017740190029144, dec: -34.590576, lat: -30.244573, lon: -70.7499537, ra: 180.527344, t0: 62661.79296875,
#   x0: 5.559910608337899e-06, x1: 0.8535988926887512, z: 0.5866566896438599}
# schema: astropy-2.0
time band flux fluxerr zp zpsys pwv airmass
[from data line 132]
62921.2358 lsst_hardware_r 36.615130298871435 22.299999237060547 31.5 AB 8.503972815028554 1.0214368884785965
62923.117 lsst_hardware_g 2.7265362856282565 13.859999656677246 31.309999465942383 AB 8.102265099938244 1.415737392964921
62923.1371 lsst_hardware_r 18.012725392226177 23.40999984741211 31.450000762939453 AB 6.935858667612775 1.2897924068085125
62925.1132 lsst_hardware_i 21.905475433747746 34.630001068115234 31.200000762939453 AB 7.328230138998376 1.4038755055552445
62925.1326 lsst_hardware_z -10.70977407824468 44.5 30.920000076293945 AB 7.807197581034319 1.2846419889810747
62927.112 lsst_hardware_r -34.674081210802036 36.529998779296875 31.520000457763672 AB 4.111374917600552 1.3747352600090537
62927.1337 lsst_hardware_g -8.740472345288635 31.8700008392334 31.59000015258789 AB 4.252837581207922 1.251294617494056
62929.1161 lsst_hardware_r -35.59601643343009 48.75 31.549999237060547 AB 5.923814081518437 1.3155748043495066
62929.1355 lsst_hardware_i -23.24589539712243 43.81999969482422 31.260000228881836 AB 6.409918397861202 1.217863182987926
62932.11 lsst_hardware_z -61.63499571495239 64.79000091552734 30.950000762939453 AB 9.390045853406058 1.3036901869778865
62932.1292 lsst_hardware_i -41.1794020297224 67.55000305175781 31.290000915527344 AB 10.430753560857033 1.2097133732510512
62935.1228 lsst_hardware_z 134.6613974749268 120.91000366210938 31.729999542236328 AB 13.399882729293001 1.2021965156295589
62939.1231 lsst_hardware_z -16.160692769183665 70.94999694824219 31.709999084472656 AB 14.938979523089472 1.1592961119867458
62941.1103 lsst_hardware_g 32.82323080097661 13.960000038146973 31.3700008392334 AB 8.839746420976384 1.1865564161983535
62941.1319 lsst_hardware_r 5.667728566243881 23.010000228881836 31.489999771118164 AB 9.626254823100108 1.114149863784735
62943.0975 lsst_hardware_i -18.508926581076402 32.130001068115234 31.229999542236328 AB 9.971159172347436 1.2168854249874832
62943.116 lsst_hardware_z 11.038725293954956 42.810001373291016 30.940000534057617 AB 9.28388316706235 1.1462291705737824
62946.0954 lsst_hardware_i 16.332341950119304 32.119998931884766 31.239999771118164 AB 5.838302619508421 1.1914903305119227
62946.1132 lsst_hardware_u -3.180059932988242 2.809999942779541 28.489999771118164 AB 5.532216276620487 1.1290237299225483
62948.0872 lsst_hardware_g -6.783071603843329 14.180000305175781 31.399999618530273 AB 7.336075902244713 1.2026353938106087
62948.104 lsst_hardware_r -21.095228315920412 23.229999542236328 31.5 AB 6.958928632171127 1.14080797248707
62950.0881 lsst_hardware_i 26.057211165825446 31.719999313354492 31.239999771118164 AB 10.392791935710148 1.1774199944158308
62950.1056 lsst_hardware_r 30.026161586458727 23.200000762939453 31.489999771118164 AB 9.888528219001225 1.1191076233626769
62952.0799 lsst_hardware_u -2.312835400760838 2.6700000762939453 28.3700008392334 AB 7.4494194070997315 1.1879946427790713
62952.0977 lsst_hardware_g 28.326005751695583 14.109999656677246 31.420000076293945 AB 7.22866721719636 1.1263407511148236
62956.0825 lsst_hardware_z 56.141702046591796 62.599998474121094 31.700000762939453 AB 5.46903863531039 1.1396996322541797
62956.0995 lsst_hardware_r 8.83197503380147 43.45000076293945 32.31999969482422 AB 5.552115455084354 1.091503693660068
62960.0732 lsst_hardware_r 72.88548544783816 67.9000015258789 31.6200008392334 AB 5.572830157561933 1.1345338268651666
62960.0916 lsst_hardware_z -13.845292478442465 55.220001220703125 30.969999313354492 AB 6.50540123764142 1.0842335396069034
62962.0765 lsst_hardware_r 151.7364690269267 109.66999816894531 31.639999389648438 AB 8.740336182932905 1.1087458819539224
62962.0951 lsst_hardware_y 39.34692587482038 59.54999923706055 30.049999237060547 AB 10.207623788733649 1.0647729960431485
62968.0838 lsst_hardware_z 121.77380929693285 63.189998626708984 31.709999084472656 AB 7.206101843871279 1.0550661557644625
62968.1018 lsst_hardware_r -64.54058547354805 52.709999084472656 32.349998474121094 AB 6.981206447568682 1.027844639848104
62970.0613 lsst_hardware_r -8.898058082809106 22.920000076293945 31.489999771118164 AB 6.282331974141721 1.091440579246303
62970.0792 lsst_hardware_u -1.388262535818806 2.690000057220459 28.440000534057617 AB 6.159894690095172 1.0535137147417772
62973.0599 lsst_hardware_r -22.037438603302483 23.079999923706055 31.5 AB 15.715186877992952 1.0756152433247708
62973.0828 lsst_hardware_z 46.9266745528453 41.13999938964844 30.950000762939453 AB 15.135073233293362 1.0348119422686917
62975.0616 lsst_hardware_u 1.247872592900361 2.799999952316284 28.510000228881836 AB 9.474809394982586 1.0608504958179852
62975.0809 lsst_hardware_g -12.80889876385831 14.220000267028809 31.450000762939453 AB 9.25793375245812 1.0300708844481088
62978.983 lsst_hardware_y -21.31828712015297 50.27000045776367 29.969999313354492 AB 8.44272920202884 1.2963220107012576
62979.0037 lsst_hardware_r 23.970175168350494 23.329999923706055 31.479999542236328 AB 7.264354528571375 1.1979311841973437
62983.978 lsst_hardware_y -13.63241208277832 50.47999954223633 29.979999542236328 AB 1.2744649847155114 1.251622867385722
62983.9972 lsst_hardware_z -35.12412447871334 43.279998779296875 30.940000534057617 AB 1.1836594184568652 1.1702020943717713
62987.9806 lsst_hardware_y -139.83316900829095 73.0999984741211 30.760000228881836 AB 10.981278576733427 1.191976110073098
62988.0099 lsst_hardware_r 226.37963086116227 77.22000122070312 32.380001068115234 AB 9.643029194287555 1.0970974195918526
62989.9745 lsst_hardware_y -23.250687155454084 57.91999816894531 30.010000228881836 AB 13.015716681050016 1.1945408114032687
62989.9962 lsst_hardware_r 62.3425422349514 88.25 31.639999389648438 AB 12.228980363981258 1.119639301790497
62998.9703 lsst_hardware_y 13.010207534787533 48.54999923706055 30.030000686645508 AB 8.705421410406817 1.1235459670554369
62998.9927 lsst_hardware_r -7.791821329329942 22.649999618530273 31.5 AB 8.308615116645901 1.0675566032052468
63001.9662 lsst_hardware_y -68.3364578729458 49.75 30.030000686645508 AB 7.967836874507828 1.111739482978628
63001.9859 lsst_hardware_g -0.8184977193663479 13.8100004196167 31.420000076293945 AB 7.594755298551894 1.0647350762025172
63004.9627 lsst_hardware_y -107.4203732195025 50.56999969482422 30.030000686645508 AB 10.5978798844031 1.0991085985536053
63004.9812 lsst_hardware_z 43.61198411365989 41.369998931884766 30.950000762939453 AB 10.11109474616626 1.0579686703055773
63012.96 lsst_hardware_z 89.85433701567385 44.220001220703125 30.950000762939453 AB 6.232111659596915 1.056767746935945
63012.9789 lsst_hardware_r 13.695269807733496 23.950000762939453 31.510000228881836 AB 5.950732088752873 1.0278786426911133
63014.9599 lsst_hardware_y -92.46230255870567 50.599998474121094 30.049999237060547 AB 9.24938591405236 1.0473473080314064
63014.9806 lsst_hardware_z 3.646450808037099 42.88999938964844 30.959999084472656 AB 9.047269064309969 1.0199564910019412
