data/validation/pwv_sim_epoch_fit_4/52167958.ecsv
# %ECSV 0.9
# ---
# datatype:
# - {name: time, datatype: float64}
# - {name: band, datatype: string}
# - {name: flux, datatype: float64}
# - {name: fluxerr, datatype: float64}
# - {name: zp, datatype: float64}
# - {name: zpsys, datatype: string}
# - {name: pwv, datatype: float64}
# - {name: airmass, datatype: float64}
# meta: {SNID: '52167958', alt: 1024.0, c: 0.0935777947306633, dec: -3.134927, lat: -30.244573, lon: -70.7499537, ra: 321.679688, t0: 61617.6484375,
#   x0: 2.898869848939509e-06, x1: 1.2700731754302979, z: 0.7664557695388794}
# schema: astropy-2.0
time band flux fluxerr zp zpsys pwv airmass
61543.4056 lsst_hardware_g -20.850723435318105 16.049999237060547 31.450000762939453 AB 9.143189986155136 1.1447112076816137
61543.4305 lsst_hardware_y -71.4984036478338 62.02000045776367 30.030000686645508 AB 9.250844537502438 1.1252357655469196
61547.3866 lsst_hardware_i -98.22964714361613 67.33000183105469 31.309999465942383 AB 4.823888012192053 1.1571776776408251
61547.41 lsst_hardware_z 37.281566608467195 61.08000183105469 30.969999313354492 AB 4.740707389769765 1.1294569702437496
61551.3949 lsst_hardware_r 7.738735681895605 80.55000305175781 31.6299991607666 AB 6.292163647542494 1.1325668052215023
61551.421 lsst_hardware_y -13.299336440543467 55.95000076293945 30.030000686645508 AB 5.689216843670339 1.1256859603621105
61553.4075 lsst_hardware_r -16.171230113011024 51.439998626708984 31.610000610351562 AB 10.565684895479945 1.124647129095935
61553.4274 lsst_hardware_y -47.994958436358544 54.810001373291016 30.020000457763672 AB 9.952713871938585 1.1323735099056897
61573.3143 lsst_hardware_z -68.4979352165745 82.0999984741211 31.719999313354492 AB 4.432777207345636 1.1595275528750744
61573.3378 lsst_hardware_r 44.36894950031631 105.61000061035156 32.380001068115234 AB 3.789316263353384 1.1302956788526126
61575.3126 lsst_hardware_i -48.18113562574232 79.4800033569336 31.309999465942383 AB 3.512312398434867 1.1530900848439554
61575.3382 lsst_hardware_z -142.47054960598757 68.9800033569336 30.979999542236328 AB 2.8999556315743322 1.1269257635652004
61581.3184 lsst_hardware_i 79.98122464865781 59.40999984741211 31.309999465942383 AB 4.539583810133687 1.1287115538114962
61581.3414 lsst_hardware_z -10.730922211891368 58.5099983215332 30.969999313354492 AB 4.086628610581427 1.1265171213584588
61588.311 lsst_hardware_r 24.468940757056803 24.335166319320923 31.5 AB 8.815052406161096 1.124727579733436
61588.325 lsst_hardware_u 2.487067961360947 2.8408790562484416 28.420000076293945 AB 8.909443007670847 1.127777595907702
61590.3083 lsst_hardware_g 15.227702613355172 21.45897384640251 32.16999816894531 AB 7.867068592732739 1.1246568793890097
61590.3298 lsst_hardware_r 17.044982647945748 34.84287193104666 32.22999954223633 AB 7.923934229853638 1.1354781442793778
61599.3057 lsst_hardware_r 318.0827936999588 37.52378967199086 31.549999237060547 AB 6.929293544493817 1.135949761392429
61599.3281 lsst_hardware_i 478.3984062098059 39.30991198719416 31.229999542236328 AB 7.1386946820602475 1.1702778167311882
61606.2423 lsst_hardware_i 1010.5436623440921 124.71049671110882 31.31999969482422 AB 3.3396353546534314 1.13477246165594
61606.2644 lsst_hardware_z 559.6676516078799 105.00902975139462 30.989999771118164 AB 3.1617881360567757 1.12465786200739
61609.219 lsst_hardware_r 760.454073719662 85.77432609639848 31.6299991607666 AB 5.636521186672058 1.1543743150216943
61609.2393 lsst_hardware_z 612.3419493784809 68.66644268469797 30.979999542236328 AB 5.521847239930736 1.1304643330063777
61610.2659 lsst_hardware_y 212.518713058544 54.27048487301928 30.020000457763672 AB 6.682523849106287 1.1283123382149407
61610.2859 lsst_hardware_r 702.0323709161329 67.49969526844934 31.6200008392334 AB 6.802459856208647 1.148627608798792
61616.2223 lsst_hardware_r 664.7296595646933 34.957926467789875 31.5 AB 5.080761646199835 1.1290581435999634
61616.2404 lsst_hardware_i 1084.5641514028466 45.457680343718486 31.239999771118164 AB 5.06240320825529 1.1249784907233977
61618.2139 lsst_hardware_z 711.1874920311332 50.46249732969847 30.940000534057617 AB 5.029511972519929 1.1310746564887397
61618.2343 lsst_hardware_r 621.7949831736942 34.62412969453897 31.5 AB 5.028031570036425 1.1248812192929845
61623.2015 lsst_hardware_i 969.8782465855994 44.83374842236596 31.239999771118164 AB 1.8273922588718794 1.1301709584323327
61623.2213 lsst_hardware_z 680.9265091085838 50.27537354115957 30.940000534057617 AB 2.55371080019852 1.1249827313649867
61625.2102 lsst_hardware_r 429.64968980934395 32.70647620468754 31.489999771118164 AB 3.486648159177709 1.1247252126379705
61625.2304 lsst_hardware_u 1.5303442185107379 2.805440089680728 28.420000076293945 AB 3.509385202137097 1.13205974262487
61628.2033 lsst_hardware_y 294.2481316300192 51.93386713191731 30.030000686645508 AB 8.398896754637281 1.1246639631272373
61628.2222 lsst_hardware_r 443.4507926923999 48.68499075546637 31.600000381469727 AB 7.262501972102924 1.132053721100944
61643.1704 lsst_hardware_z 815.3878802159287 66.75724203310429 31.690000534057617 AB 2.4190167639460216 1.1259095945757607
61643.186 lsst_hardware_r 344.8326858299264 39.60877300753309 32.2400016784668 AB 2.429062978416502 1.1364037325926806
61648.1128 lsst_hardware_r 118.63626215904819 26.988655229928703 31.479999542236328 AB 3.8685173997266094 1.153920178889369
61648.1286 lsst_hardware_u 2.344571926186775 2.7050995699467193 28.350000381469727 AB 5.32283538440388 1.1338852626011247
61650.129 lsst_hardware_g -1.6949217394945157 15.29827095421559 31.43000030517578 AB 3.460555702519308 1.1293627530658605
61650.1467 lsst_hardware_i 275.9411462429339 36.353157591077235 31.239999771118164 AB 3.431193797975696 1.124858637736541
61652.1251 lsst_hardware_z 306.8429202170603 45.94203166666355 30.940000534057617 AB 1.579782175626823 1.1284158397334452
61652.1447 lsst_hardware_r 104.29254633544969 26.407783111228532 31.5 AB 1.5757952636341992 1.1255680454529995
61654.098 lsst_hardware_r 69.34088127329959 28.41821759995564 31.520000457763672 AB 1.5034159185288811 1.1513811361507802
61654.1159 lsst_hardware_y 133.1738180072052 50.02717424360221 30.020000457763672 AB 1.4956639901195818 1.1308655964610659
61656.0939 lsst_hardware_g -59.17212889633129 32.422856144058876 31.6200008392334 AB 2.7054400635592017 1.1492948443326099
61656.1116 lsst_hardware_r 71.0065109312992 36.93026652640735 31.56999969482422 AB 2.6167946170229617 1.130039420047342
61673.0686 lsst_hardware_r 6.887100230239169 24.660948339145364 31.489999771118164 AB 4.973898230643612 1.1279533367549197
61673.088 lsst_hardware_i 158.04551185499136 33.45679657876584 31.239999771118164 AB 5.643992113165496 1.125758873674179
61677.0635 lsst_hardware_z 197.8814057642625 43.753627981461236 30.940000534057617 AB 3.813643407134317 1.1255772759509026
61677.0819 lsst_hardware_r -19.696465628103013 24.494555042976696 31.479999542236328 AB 3.827585690579849 1.12775064542718
61679.0313 lsst_hardware_i 64.46518525657181 33.223303101065866 31.229999542236328 AB 6.998530889702999 1.1489953849455128
61679.0494 lsst_hardware_u -4.05889267680063 2.6649922773556365 28.34000015258789 AB 6.449469725988995 1.1296362201054988
61681.0327 lsst_hardware_g 1.932897470317551 15.36860136201647 31.420000076293945 AB 2.2289463910890683 1.1398830894126921
61681.0519 lsst_hardware_r 2.3451848550653303 24.710090486926905 31.5 AB 3.3390573295690054 1.1257779263550254
61683.0341 lsst_hardware_i 51.67663578519456 33.82245100591611 31.239999771118164 AB 3.082193163333984 1.1329509881764321
61683.0527 lsst_hardware_r 40.34457312776528 26.181259264684204 31.510000228881836 AB 3.1699240750730318 1.1246847880337172
61685.0344 lsst_hardware_z 61.63954850452053 46.374630791847174 30.950000762939453 AB 4.3901494187945405 1.1287665629399746
61685.0524 lsst_hardware_g 5.266428344482551 29.890950962881764 31.6200008392334 AB 4.8267939341516275 1.1250612281681684
61687.027 lsst_hardware_r -6.713743505814485 63.397476391558754 31.6299991607666 AB 4.359579373257008 1.1300102056135324
61687.0444 lsst_hardware_i 108.0671660699662 56.74465655780404 31.309999465942383 AB 3.423683717495526 1.124731838861868
61690.0308 lsst_hardware_z -41.477663533720616 78.46231042690114 30.979999542236328 AB 6.948322002743308 1.12496106253422
61690.0487 lsst_hardware_r 34.43502497669385 106.15414459387898 31.639999389648438 AB 6.091738694992689 1.1290580637872463
61691.0033 lsst_hardware_y 210.30686871135234 61.0780005010347 30.030000686645508 AB 6.594677595876712 1.1424300729105246
61691.0236 lsst_hardware_z 5.212194954499039 74.1922960986708 30.979999542236328 AB 6.512846803156035 1.12610820492021
61696.9995 lsst_hardware_z 166.72701390681624 50.924401712479295 30.959999084472656 AB 5.8149646527284204 1.1301434282318388
61697.017 lsst_hardware_g -17.849228855198753 15.46094383568089 31.43000030517578 AB 4.559632511847705 1.1247243492470334
61701.0012 lsst_hardware_y 52.41003201655577 59.98401654492942 30.030000686645508 AB 4.45486685041046 1.1248953602450502
61701.018 lsst_hardware_i 39.7907215420874 33.15419149702074 31.239999771118164 AB 4.425743284927462 1.128656240976082
61911.4043 lsst_hardware_g -21.572797800099046 16.860000610351562 31.459999084472656 AB 8.087972404413106 1.137308922788878
61911.4246 lsst_hardware_y -45.07964842943299 50.79999923706055 30.020000457763672 AB 7.141717184494133 1.1249751406396638
61927.3984 lsst_hardware_z -63.110919235578265 50.130001068115234 30.950000762939453 AB 5.016860534508847 1.128779510520583
61927.4193 lsst_hardware_r 0.029803774469455983 24.780000686645508 31.489999771118164 AB 4.374448102715045 1.1511705533460643
61946.2174 lsst_hardware_z -41.28259510709354 66.37999725341797 31.65999984741211 AB 6.542171924398103 1.490272463273358
61946.2517 lsst_hardware_r -1.705307274112984 34.66999816894531 32.209999084472656 AB 5.616165920689171 1.2837439721183674
61952.2539 lsst_hardware_g 1.7265986484717675 14.989999771118164 31.389999389648438 AB 9.82803079173542 1.214937051887517
61952.2745 lsst_hardware_r -13.383509685023018 24.239999771118164 31.489999771118164 AB 9.437882292313365 1.163829615132362
61957.3014 lsst_hardware_i -5.584404955479572 71.45999908447266 31.31999969482422 AB 5.7661470068447755 1.1247360871608796
61957.3236 lsst_hardware_z -5.635783696791506 64.68000030517578 30.969999313354492 AB 5.787383944161305 1.134169603480732
61961.2855 lsst_hardware_z -276.2089412765594 93.13999938964844 30.989999771118164 AB 10.84682210291513 1.1255684855283297
61961.3036 lsst_hardware_i -31.134843004607664 108.7300033569336 31.329999923706055 AB 8.912034145679863 1.1277011382854223
61966.2568 lsst_hardware_r -22.021078500391006 38.45000076293945 31.579999923706055 AB 6.073653184288141 1.134679031206042
61966.2763 lsst_hardware_y 18.904445338061624 49.040000915527344 30.020000457763672 AB 6.0389270855542785 1.1247768831354588
61975.2658 lsst_hardware_i 0.09598710763721999 31.829999923706055 31.239999771118164 AB 6.659944092754242 1.127927868365689
61975.2848 lsst_hardware_z -44.52402988178805 42.75 30.93000030517578 AB 6.785103286936208 1.1461000456523533
61977.2638 lsst_hardware_r 23.29686980918781 24.139999389648438 31.479999542236328 AB 11.997879488909454 1.1300275796411015
61977.2831 lsst_hardware_u 1.439332199165987 2.6600000858306885 28.31999969482422 AB 12.09801856986844 1.1516803867996865
61980.2299 lsst_hardware_z -7.890551405666594 42.58000183105469 30.940000534057617 AB 4.643026763756013 1.1269026569530392
61980.249 lsst_hardware_g -2.59629374154182 15.199999809265137 31.420000076293945 AB 4.658169478163515 1.1264768396670708
61982.2209 lsst_hardware_r 15.532121976482255 38.439998626708984 31.579999923706055 AB 3.6119237144733747 1.1287261607729295
61982.2393 lsst_hardware_z 14.847794016950933 45.459999084472656 30.940000534057617 AB 3.600657206711489 1.1252053770973403
61984.227 lsst_hardware_r -1.6861074450577114 59.970001220703125 31.6200008392334 AB 1.9980161808445942 1.1247980001001656
61984.2449 lsst_hardware_y 59.219778826321075 51.18000030517578 30.010000228881836 AB 2.0217913063102855 1.1301763486152432
61989.2045 lsst_hardware_i -16.17922473385307 134.4600067138672 31.329999923706055 AB 3.1823199803820295 1.1272830252858765
61989.225 lsst_hardware_z 210.97800528419455 111.94999694824219 30.989999771118164 AB 3.605479376457284 1.126712305142901
61991.1856 lsst_hardware_r 35.121358875728774 107.6500015258789 31.6299991607666 AB 4.296061764036777 1.1376529001090439
61991.2032 lsst_hardware_z -28.78165483896563 76.54000091552734 30.979999542236328 AB 4.261492381821956 1.1256913925742598
61993.182 lsst_hardware_g -9.65262590816713 59.099998474121094 31.68000030517578 AB 8.340451401918559 1.1357339297242828
61993.2008 lsst_hardware_i -47.413828055015976 53.400001525878906 31.299999237060547 AB 8.409294925307071 1.1250018294929134
61996.1689 lsst_hardware_r 37.42641751664311 35.04999923706055 32.25 AB 2.7786821905450423 1.1411425833860545
61996.1891 lsst_hardware_z -23.404546794323682 61.060001373291016 31.700000762939453 AB 2.6297467575112825 1.1258280802759684
62012.126 lsst_hardware_z 22.444764817249588 50.939998626708984 30.959999084472656 AB 4.688339562428328 1.140206614023346
62012.1433 lsst_hardware_r 19.153595573149907 52.970001220703125 31.610000610351562 AB 4.623424553410091 1.1265883128093304
62014.1258 lsst_hardware_z -88.24721144647647 95.0 31.719999313354492 AB 1.4750367709207834 1.134643669939064
62019.0901 lsst_hardware_z 15.90141122866225 83.18000030517578 30.979999542236328 AB 1.538922655976648 1.1667343866388538
62019.1097 lsst_hardware_r -96.84214458020679 120.80000305175781 31.639999389648438 AB 1.482556489770631 1.1370751551353426
62022.0933 lsst_hardware_i 50.75149259972844 42.58000183105469 31.280000686645508 AB 2.886090404645517 1.1472467488984432
62022.1129 lsst_hardware_r 118.75212083681265 45.599998474121094 31.610000610351562 AB 2.8945728018083736 1.1280486367140974
62028.0879 lsst_hardware_u 0.9905749065861763 2.819999933242798 28.459999084472656 AB 1.171775425369362 1.134342134917098
62028.1064 lsst_hardware_g 0.6213909658569269 15.109999656677246 31.440000534057617 AB 1.1855958753730098 1.1248537717011478
62029.0872 lsst_hardware_r 16.8305591728469 24.209999084472656 31.5 AB 4.07722057045686 1.13256126957135
62029.1054 lsst_hardware_i -6.5599405336258565 31.979999542236328 31.25 AB 4.049031297370102 1.1247309159361394
62032.0667 lsst_hardware_i 2.813640426326165 32.279998779296875 31.25 AB 6.27858897028246 1.1462508389380288
62032.0869 lsst_hardware_z 31.944810635461515 42.880001068115234 30.950000762939453 AB 6.221655040676303 1.1273837353243725
62038.0633 lsst_hardware_i 11.259685054502619 33.29999923706055 31.25 AB 4.997075231934178 1.1320113037682198
62038.0824 lsst_hardware_r 23.726470944874947 27.350000381469727 31.520000457763672 AB 4.99868564795383 1.1247323890992345
62042.0647 lsst_hardware_r 41.120666064267866 77.6500015258789 31.639999389648438 AB 3.823863783321472 1.1254933872910882
62042.0855 lsst_hardware_i -67.10051241034718 66.62000274658203 31.31999969482422 AB 4.185621757588671 1.1294938292083037
62047.0334 lsst_hardware_i 138.0873538603985 85.75 31.31999969482422 AB 2.7769190386566143 1.1369166995523499
62047.0526 lsst_hardware_z -67.99019540900771 74.66999816894531 30.979999542236328 AB 2.614831789563968 1.1251427665939906
62049.0353 lsst_hardware_g -22.55545342871862 67.95999908447266 31.690000534057617 AB 3.874034523156248 1.1304723458374528
62049.0538 lsst_hardware_r -19.121609489785104 79.25 31.6299991607666 AB 4.2634677365770735 1.1248265948229021
62051.0298 lsst_hardware_i -20.943409498420532 31.93000030517578 31.239999771118164 AB 5.1273833489353144 1.1305001320549697
62051.0497 lsst_hardware_r -56.80311747672161 24.190000534057617 31.489999771118164 AB 5.212118875550006 1.124998678080103
62053.0306 lsst_hardware_u -0.21681964960763483 2.7699999809265137 28.43000030517578 AB 2.704575620617343 1.1269065085905596
62053.0492 lsst_hardware_g 7.838489512566368 15.039999961853027 31.43000030517578 AB 2.7613285809398604 1.1263066951487264
62056.0322 lsst_hardware_r -8.51886285508008 24.139999389648438 31.489999771118164 AB 6.504256400316297 1.1247201107238973
62056.0486 lsst_hardware_i -16.277943899407525 32.22999954223633 31.25 AB 5.328381289106128 1.1303911512289668
62058.0008 lsst_hardware_y -23.167657255287878 51.119998931884766 30.020000457763672 AB 7.729804810544805 1.1397389903119453
62058.0184 lsst_hardware_z 58.57039076590698 42.84000015258789 30.940000534057617 AB 7.535539961446177 1.126318484615484
62060.0024 lsst_hardware_y -112.06956398002374 51.529998779296875 30.020000457763672 AB 8.017745468940792 1.132689901665719
62060.0203 lsst_hardware_u -0.2406909636526607 2.7799999713897705 28.420000076293945 AB 7.927431719791383 1.124750888381099
62066.0016 lsst_hardware_y 136.8700420555251 57.810001373291016 30.030000686645508 AB 4.41165036805379 1.1249905311880122
62066.0196 lsst_hardware_r -8.466129765300952 25.540000915527344 31.510000228881836 AB 4.446740082633178 1.129259115645617
