data/validation/pwv_sim_epoch_fit_4/52231102.ecsv
# %ECSV 0.9
# ---
# datatype:
# - {name: time, datatype: float64}
# - {name: band, datatype: string}
# - {name: flux, datatype: float64}
# - {name: fluxerr, datatype: float64}
# - {name: zp, datatype: float64}
# - {name: zpsys, datatype: string}
# - {name: pwv, datatype: float64}
# - {name: airmass, datatype: float64}
# meta: {SNID: '52231102', alt: 1024.0, c: -0.028512710705399513, dec: -37.732746, lat: -30.244573, lon: -70.7499537, ra: 181.757812,
#   t0: 62934.27734375, x0: 7.722975562853279e-06, x1: -0.1352415382862091, z: 0.5125313401222229}
# schema: astropy-2.0
time band flux fluxerr zp zpsys pwv airmass
62868.2655 lsst_hardware_r 38.437864631323414 24.309999465942383 31.43000030517578 AB 6.949219420412467 1.440451755768493
62868.2889 lsst_hardware_g -26.0267676556033 14.300000190734863 31.360000610351562 AB 6.350005589276719 1.2941587478145486
62881.297 lsst_hardware_z -84.01628120797328 52.619998931884766 30.959999084472656 AB 6.682049951381684 1.1224048070629928
62881.3146 lsst_hardware_r 23.43244818514191 54.720001220703125 31.6299991607666 AB 6.4479558002968895 1.0790654841095957
62885.3051 lsst_hardware_r 3.1061279135698205 23.729999542236328 31.510000228881836 AB 7.102201595031394 1.0760911507623325
62885.3232 lsst_hardware_u 3.0302313913114114 3.0199999809265137 28.579999923706055 AB 6.892727650919973 1.0443526743818141
62887.3278 lsst_hardware_z 12.335391876664477 40.790000915527344 30.950000762939453 AB 12.32097753381415 1.031346213017549
62887.3307 lsst_hardware_y -99.03996766207173 46.790000915527344 30.049999237060547 AB 12.356605753912762 1.0281748838336464
62889.3695 lsst_hardware_u -8.111330061998633 6.369999885559082 29.059999465942383 AB 9.59338787351477 1.0097240157367402
62891.3016 lsst_hardware_u 0.038735923024788906 2.740000009536743 28.479999542236328 AB 10.31323179089016 1.0523705909071592
62891.3195 lsst_hardware_g 15.274711993567067 13.859999656677246 31.440000534057617 AB 10.079009695936639 1.0284703771363917
62891.3531 lsst_hardware_r -32.46092218881881 22.40999984741211 31.510000228881836 AB 9.830418838269365 1.0091969035779997
62891.3658 lsst_hardware_y 19.042055816776017 49.7599983215332 30.059999465942383 AB 9.642414323602294 1.0101176070120257
62893.3547 lsst_hardware_u -1.3681062334218428 2.8299999237060547 28.530000686645508 AB 11.093697169200258 1.0091601172746527
62893.3662 lsst_hardware_z 12.365792610217438 42.130001068115234 30.959999084472656 AB 11.093209260163341 1.0120463995769922
62895.3454 lsst_hardware_g 10.28628725908514 13.75 31.450000762939453 AB 11.685179978427735 1.0090102881278897
62895.3569 lsst_hardware_r 35.467781120406855 22.43000030517578 31.510000228881836 AB 11.653086618553692 1.0106753355207019
62908.324 lsst_hardware_z 69.02772728782904 61.547630251895235 30.989999771118164 AB 3.8494848369042804 1.0115582280657887
62908.3302 lsst_hardware_r 79.7976271893038 80.75749903143551 31.65999984741211 AB 3.8056187397953645 1.0144258935880164
62910.2303 lsst_hardware_r 87.11432533674046 58.916675648413346 31.6299991607666 AB 5.459083956612767 1.0904355729301751
62910.2504 lsst_hardware_y -32.782290805719725 50.87228702094165 30.049999237060547 AB 5.589190069812582 1.0512912761803033
62910.3059 lsst_hardware_r 38.58818747407192 57.39323424304412 31.649999618530273 AB 5.751425825748239 1.0090220746926735
62910.3168 lsst_hardware_i -41.535944276917824 51.05198634980559 31.31999969482422 AB 5.7623971686359345 1.0109468716905148
62912.2943 lsst_hardware_z 270.03890883465743 62.30091335703389 31.709999084472656 AB 4.016074255558655 1.0093808999204914
62914.2801 lsst_hardware_g 156.2125978121376 17.812382428021696 31.450000762939453 AB 4.459856851489069 1.0116877545910783
62914.2916 lsst_hardware_r 431.63170998256754 31.158581088211733 31.5 AB 4.499707911855897 1.009091664030476
62917.2747 lsst_hardware_r 882.522060023147 36.97136945250033 31.510000228881836 AB 2.7353501176143236 1.01072180722293
62917.2865 lsst_hardware_i 670.1536257837125 39.03267971208548 31.260000228881836 AB 2.759829998200094 1.0090171220035686
62921.216 lsst_hardware_z 754.1196014222742 49.56372709531506 30.950000762939453 AB 8.857280128176845 1.0585968839699824
62921.2363 lsst_hardware_r 1565.7023575700553 45.03187747819718 31.5 AB 8.60561421581332 1.0298724528258927
62923.2183 lsst_hardware_u 13.56168804383418 4.473171601949083 28.489999771118164 AB 5.76150726790606 1.0460569373146136
62923.2394 lsst_hardware_g 728.952977790971 30.697059652773795 31.420000076293945 AB 5.6302231799598275 1.0215718845941384
62923.2802 lsst_hardware_r 1952.9895694826662 49.00991037069151 31.5 AB 6.560249719327653 1.0106037027347887
62923.2909 lsst_hardware_i 1316.3121906450956 47.15959201000193 31.25 AB 6.577009987246517 1.0153754692194445
62925.2648 lsst_hardware_z 1151.3517057731128 52.669438083174285 30.950000762939453 AB 5.508247726915479 1.0090213824721523
62925.2762 lsst_hardware_u 3.8388770906457075 4.024636448029096 28.43000030517578 AB 5.520256753003684 1.0110668981965905
62927.1129 lsst_hardware_r 5034.555879362363 87.53945129574747 32.27000045776367 AB 4.0982937528131975 1.381757839788671
62927.1347 lsst_hardware_g 2260.1039463903426 65.70841104958505 32.34000015258789 AB 4.180710047326363 1.2595661704222034
62932.2534 lsst_hardware_z 1652.7028818158954 70.06858327048425 30.989999771118164 AB 9.774319612309608 1.0100133071645754
62932.2661 lsst_hardware_i 2212.5610190044117 78.05873991539153 31.329999923706055 AB 9.846408850660934 1.0152419701153195
62937.1072 lsst_hardware_r 2982.4235725587137 105.57067615950324 31.600000381469727 AB 10.069819930298173 1.2605132183465797
62937.1277 lsst_hardware_i 2235.7102343731917 87.88618764193156 31.309999465942383 AB 9.656006611802328 1.174911067932395
62939.2639 lsst_hardware_z 3290.222965435824 88.98697693833122 31.719999313354492 AB 11.192376234507309 1.0293417750926404
62941.2543 lsst_hardware_g 641.5268245625145 37.65957164117578 31.639999389648438 AB 7.703502709295032 1.0251176299005331
62941.2671 lsst_hardware_r 2489.671177743299 58.41664886723643 31.56999969482422 AB 7.812750289700469 1.0398629474196213
62946.0959 lsst_hardware_i 1703.3648989548979 51.678458338947145 31.239999771118164 AB 5.8913087998499405 1.2023079183367225
62946.1137 lsst_hardware_u 1.4194427821926499 2.851857737238728 28.479999542236328 AB 5.5842626162919915 1.1396454318963247
62948.2055 lsst_hardware_u 3.046250923440204 3.0943043222389495 28.600000381469727 AB 6.942524737693391 1.0092712684271694
62948.2188 lsst_hardware_g 321.094161741055 22.773523726184255 31.459999084472656 AB 6.55906875695565 1.013296579168171
62950.2043 lsst_hardware_r 1440.6054326783812 44.06860897209765 31.520000457763672 AB 6.995699224314244 1.0100269589336761
62950.2161 lsst_hardware_i 1447.2873336959262 48.944021208495506 31.270000457763672 AB 7.110445281952284 1.0147510659859544
62952.2037 lsst_hardware_u 1.3561105473501984 3.162042264056163 28.600000381469727 AB 6.79965848800412 1.0115027254431832
62952.2167 lsst_hardware_g 239.2430890787415 20.53142247005506 31.450000762939453 AB 6.417820582432496 1.0187016797511899
62954.0805 lsst_hardware_r 1096.421334407881 40.921569030199215 31.510000228881836 AB 7.924303266774477 1.177751290578322
62954.0977 lsst_hardware_i 1280.9324255808767 47.47432646738622 31.260000228881836 AB 7.734565265593738 1.1224019347118197
62954.2032 lsst_hardware_r 1091.9480372756227 39.75142728676773 31.520000457763672 AB 6.661279368195941 1.013687638459368
62954.2154 lsst_hardware_i 1278.218202383556 46.600226219758206 31.270000457763672 AB 6.858635331823913 1.0220243882017503
62962.1909 lsst_hardware_i 771.9135775331931 89.57664126760957 31.34000015258789 AB 14.146286009619779 1.019846154539671
62962.2026 lsst_hardware_r 575.0926263323648 110.40300508684747 31.65999984741211 AB 14.256676112151842 1.031000586646769
62970.1313 lsst_hardware_i 517.1723269441012 38.02409747259981 31.260000228881836 AB 4.968912837725395 1.0103523460198038
62970.1435 lsst_hardware_z 636.881675559724 48.07193225691808 30.950000762939453 AB 4.969130247519785 1.0090970515507585
62977.123 lsst_hardware_u 1.7915846334251555 3.8767335630700366 28.510000228881836 AB 7.063236811466837 1.009033830209548
62977.1344 lsst_hardware_g 35.72303212577283 15.361770448682064 31.450000762939453 AB 7.312530899621358 1.011135356695431
62979.1216 lsst_hardware_g 31.794342500298267 15.023183660644419 31.43000030517578 AB 4.604246173366286 1.0093710782344154
62979.1335 lsst_hardware_r 208.90344884840692 26.815445261996626 31.5 AB 5.466579015413982 1.0129860123068624
62988.1198 lsst_hardware_z 742.8479072108886 75.2001816236873 31.719999313354492 AB 9.071657769174234 1.0197648077760262
62988.1326 lsst_hardware_r 483.0234707196679 77.99654203987828 32.38999938964844 AB 7.717632598426483 1.032137027250332
62989.9755 lsst_hardware_y 238.03529607054318 58.12205694819323 30.0 AB 13.284107343674274 1.2033523422038377
62989.9972 lsst_hardware_r 173.85273680105104 86.75823787193796 31.6299991607666 AB 12.489964436104868 1.1287302368717493
62995.111 lsst_hardware_z 749.9115470367143 83.16550835900485 31.729999542236328 AB 8.852430012533276 1.029352327038753
63002.0832 lsst_hardware_i 223.6222991200049 33.108179443811245 31.25 AB 5.150284418381693 1.0210714548734523
63002.0945 lsst_hardware_u 5.820860705492304 2.8640043195675653 28.5 AB 5.644539704399107 1.0322859737379493
63005.0735 lsst_hardware_g 13.157905550236013 14.238448271443943 31.420000076293945 AB 8.286354464026623 1.0198590109571357
63005.0859 lsst_hardware_r 141.28172747939553 24.861545105623467 31.5 AB 8.27747168466945 1.0318142272640964
63015.0249 lsst_hardware_r 38.56716589416864 31.450000762939453 31.579999923706055 AB 9.513588172519224 1.0096313747654695
63015.0372 lsst_hardware_g -1.3954184768234295 27.209999084472656 31.649999618530273 AB 9.537867542151025 1.01398357937749
63022.0147 lsst_hardware_r 0.8735933806356534 92.19000244140625 31.670000076293945 AB 10.315998506632702 1.0123649172357698
63022.0268 lsst_hardware_i -14.127736838729744 71.87999725341797 31.34000015258789 AB 10.337468556642348 1.0196418106173613
