data/validation/pwv_sim_epoch_fit_4/52405210.ecsv
# %ECSV 0.9
# ---
# datatype:
# - {name: time, datatype: float64}
# - {name: band, datatype: string}
# - {name: flux, datatype: float64}
# - {name: fluxerr, datatype: float64}
# - {name: zp, datatype: float64}
# - {name: zpsys, datatype: string}
# - {name: pwv, datatype: float64}
# - {name: airmass, datatype: float64}
# meta: {SNID: '52405210', alt: 1024.0, c: 0.11858715116977692, dec: -4.480799, lat: -30.244573, lon: -70.7499537, ra: 174.550781, t0: 60669.2109375,
#   x0: 1.9854498541443357e-05, x1: 0.9735155701637268, z: 0.34425464272499084}
# schema: astropy-2.0
time band flux fluxerr zp zpsys pwv airmass
[from data line 132]
61111.2515 lsst_hardware_r -52.410798760264036 29.3700008392334 31.530000686645508 AB 9.143015965057659 1.145298825440173
61113.2019 lsst_hardware_g 0.06692429907137581 15.779999732971191 31.450000762939453 AB 12.331036392375891 1.109205396453702
61113.2215 lsst_hardware_i 19.707785697477128 32.5099983215332 31.239999771118164 AB 12.453969708734906 1.1147235076851043
61114.2329 lsst_hardware_r 8.081747696171421 24.969999313354492 31.5 AB 10.38991088021181 1.1289699967631897
61114.252 lsst_hardware_u 2.877051054069633 2.7200000286102295 28.34000015258789 AB 10.118077421567518 1.1629974047778757
61116.202 lsst_hardware_u 2.2613378414237895 2.7799999713897705 28.399999618530273 AB 9.489681384638796 1.1095581944779946
61116.2201 lsst_hardware_g 21.402856970359267 15.75 31.43000030517578 AB 9.234882096148578 1.120466160658648
61118.2002 lsst_hardware_r -17.483175626832427 24.93000030517578 31.5 AB 6.931752743634116 1.1106353284412993
61118.2197 lsst_hardware_i -33.13178123347754 32.459999084472656 31.239999771118164 AB 7.647700441344915 1.1260694163800085
61120.1998 lsst_hardware_z 46.520407372135686 43.13999938964844 30.940000534057617 AB 5.899217788608235 1.1130599601147613
61120.219 lsst_hardware_r -16.204171450021605 25.0 31.489999771118164 AB 6.435142911686211 1.1323994389487855
61124.1817 lsst_hardware_i 14.272928042056762 32.119998931884766 31.239999771118164 AB 7.6280757844131415 1.1099419111550588
61124.1995 lsst_hardware_z -4.3207033583258205 42.95000076293945 30.93000030517578 AB 7.725015367098945 1.1217350484654809
61126.1806 lsst_hardware_r 32.90953015399427 35.650001525878906 31.56999969482422 AB 7.4545848438023015 1.1115738620909215
61126.199 lsst_hardware_z -25.67367823997042 45.540000915527344 30.940000534057617 AB 7.58765028581065 1.1274927365115632
61128.1765 lsst_hardware_y 105.24307619100402 53.459999084472656 30.030000686645508 AB 7.303207130571801 1.112248211372215
61128.1932 lsst_hardware_r -36.81696957388775 74.55000305175781 31.6299991607666 AB 7.407811302341776 1.1270632877079485
61130.1758 lsst_hardware_i -33.65273720779552 112.6500015258789 31.329999923706055 AB 5.325138778784597 1.1152317727258343
61130.1934 lsst_hardware_z 153.75554233465976 95.8499984741211 30.989999771118164 AB 5.2734902012827325 1.134917814440633
61133.1732 lsst_hardware_r 29.318086620104236 127.25 31.639999389648438 AB 7.06936526832995 1.1199881603817676
61133.1918 lsst_hardware_z 3.9853398431768885 86.0199966430664 30.979999542236328 AB 7.240224795820474 1.1459678372618292
61135.1725 lsst_hardware_r -64.78705523362727 73.77999877929688 31.6299991607666 AB 8.325171590133039 1.1251245504279306
61135.1914 lsst_hardware_i 95.1720964889882 61.83000183105469 31.309999465942383 AB 8.521677722806345 1.1558996775520656
61137.1421 lsst_hardware_i -63.41431531927118 44.380001068115234 31.290000915527344 AB 11.261074335670774 1.109137627860807
61137.1597 lsst_hardware_z -37.75562472671556 48.7400016784668 30.950000762939453 AB 11.30514758494558 1.1176248189164004
61139.1393 lsst_hardware_r 11.761942707476935 30.0 31.540000915527344 AB 7.647758437857781 1.1095768498886878
61139.1571 lsst_hardware_u 1.0999891557236632 4.519999980926514 28.739999771118164 AB 7.70237588768027 1.1202641099091368
61142.1563 lsst_hardware_r -15.955243514350693 24.739999771118164 31.510000228881836 AB 7.111247193096149 1.1287693957295475
61142.173 lsst_hardware_i -9.663265083294922 32.7400016784668 31.25 AB 7.523115681345833 1.1574024125147435
61148.1259 lsst_hardware_r 25.60990668314809 24.350000381469727 31.510000228881836 AB 13.138164425606117 1.114694795577317
61148.1437 lsst_hardware_g 5.87210058676746 15.220000267028809 31.440000534057617 AB 13.361415994299614 1.1340853864167164
61150.1217 lsst_hardware_r 36.82823337765753 24.420000076293945 31.5 AB 7.641538341876156 1.1156073300709752
61150.1386 lsst_hardware_i 56.58304465612235 32.189998626708984 31.239999771118164 AB 7.462537729508314 1.1346272125954011
61152.1189 lsst_hardware_z -19.388136584152885 42.869998931884766 30.950000762939453 AB 10.301270183056719 1.1177593514601978
61152.1356 lsst_hardware_i 42.31385251190771 32.2400016784668 31.25 AB 11.5314434472736 1.13848633318757
61154.1139 lsst_hardware_z -18.99241786167196 45.439998626708984 30.940000534057617 AB 10.24237654458863 1.1181633782301998
61154.1335 lsst_hardware_g 29.91507236951239 24.600000381469727 31.559999465942383 AB 11.068663142713312 1.144225269314448
61160.0857 lsst_hardware_r 97.11815340516824 130.3800048828125 31.649999618530273 AB 11.644570196974941 1.1106991794138632
61160.1033 lsst_hardware_z 106.70769090319885 88.29000091552734 30.989999771118164 AB 11.7208357421414 1.1240312387572668
61162.0382 lsst_hardware_r -58.750543290025625 104.47000122070312 31.639999389648438 AB 9.949493074824064 1.132339879532329
61162.0557 lsst_hardware_i -141.2065821601166 82.20999908447266 31.329999923706055 AB 9.35836499432289 1.114091070752725
61167.0764 lsst_hardware_u 13.78020714435568 4.090000152587891 28.690000534057617 AB 7.100778755980178 1.1164746471666946
61167.096 lsst_hardware_g 27.7102793388959 30.670000076293945 31.6200008392334 AB 7.603598018311715 1.14073933212988
61171.0767 lsst_hardware_z 14.770613878906818 43.150001525878906 30.950000762939453 AB 8.716486430824949 1.1282260508025337
61171.0957 lsst_hardware_u 0.5013395018900398 2.7699999809265137 28.399999618530273 AB 9.073665724396776 1.1615035489499663
61180.0058 lsst_hardware_u 2.8881844425472445 2.7899999618530273 28.40999984741211 AB 7.797818995546584 1.1145977862203735
61180.0265 lsst_hardware_g -7.793955957498798 15.579999923706055 31.440000534057617 AB 7.74706578160205 1.1094047445520079
61180.9894 lsst_hardware_r 4.297867392259912 26.25 31.520000457763672 AB 8.0905855753903 1.1281318487646246
61181.0039 lsst_hardware_i 14.0375481181829 33.08000183105469 31.25 AB 7.506766622961731 1.1140390734051542
61183.0025 lsst_hardware_z -69.47304410181299 65.88999938964844 31.700000762939453 AB 1.3429737169393632 1.1117332093868901
61185.994 lsst_hardware_z 121.79119733929952 70.8499984741211 30.989999771118164 AB 6.410568447231413 1.1118842159797986
61186.0133 lsst_hardware_r -26.96861580054392 90.61000061035156 31.639999389648438 AB 6.3242159196792285 1.1102095035790152
61187.9947 lsst_hardware_i -81.18620825098085 75.72000122070312 31.31999969482422 AB 7.111155432018641 1.109644289930349
61188.0133 lsst_hardware_z 58.89596264975987 68.41999816894531 30.979999542236328 AB 7.887415513112362 1.1125881458704887
61189.9925 lsst_hardware_i -13.070440257622781 73.0999984741211 31.31999969482422 AB 10.645212527635666 1.1091073689972921
61190.0119 lsst_hardware_z -113.0638960640831 65.41000366210938 30.979999542236328 AB 10.630660506883542 1.115182233745431
