data/validation/pwv_sim_epoch_fit_4/5241373.ecsv
# %ECSV 0.9
# ---
# datatype:
# - {name: time, datatype: float64}
# - {name: band, datatype: string}
# - {name: flux, datatype: float64}
# - {name: fluxerr, datatype: float64}
# - {name: zp, datatype: float64}
# - {name: zpsys, datatype: string}
# - {name: pwv, datatype: float64}
# - {name: airmass, datatype: float64}
# meta: {SNID: '5241373', alt: 1024.0, c: -0.07482422143220901, dec: -20.582914, lat: -30.244573, lon: -70.7499537, ra: 156.796875, t0: 60767.9296875,
#   x0: 3.3588382051377326e-06, x1: -1.2664645910263062, z: 0.7216343283653259}
# schema: astropy-2.0
time band flux fluxerr zp zpsys pwv airmass
[from data line 133]
61074.2232 lsst_hardware_z 90.9468017962283 76.5199966430664 30.989999771118164 AB 9.386147605135756 1.0396707582117615
61074.2406 lsst_hardware_r 115.20843323589312 110.58999633789062 31.65999984741211 AB 9.245242871793696 1.021780788571571
61078.22 lsst_hardware_i -63.23669147992185 48.540000915527344 31.309999465942383 AB 6.076641107554518 1.0304048904964747
61078.2375 lsst_hardware_z 2.1320353941836334 50.11000061035156 30.969999313354492 AB 6.0012359061384535 1.0171586281590599
61080.2049 lsst_hardware_g 28.606103629123695 28.969999313354492 31.639999389648438 AB 5.899131782671571 1.0423108161855748
61080.223 lsst_hardware_r -38.56556587995942 33.43000030517578 31.59000015258789 AB 5.432000354229672 1.0226866900554732
61084.1985 lsst_hardware_u 5.00273203558189 2.630000114440918 28.389999389648438 AB 4.184073688264388 1.036303080684688
61084.2151 lsst_hardware_g 10.14410588763903 13.970000267028809 31.420000076293945 AB 5.078156060778264 1.0205297549795547
61086.196 lsst_hardware_r 39.27919246342647 22.799999237060547 31.5 AB 3.9803150747078275 1.032775058305079
61086.2136 lsst_hardware_i -46.85464328719784 30.280000686645508 31.25 AB 3.1754259021536915 1.0181726339570574
61088.245 lsst_hardware_z -84.33244026389406 40.86000061035156 30.950000762939453 AB 4.603845209230113 1.02126113780613
61088.2624 lsst_hardware_r 23.592290750338027 22.850000381469727 31.5 AB 4.614870902067376 1.0387030071238583
61090.229 lsst_hardware_u -7.642162991118071 2.859999895095825 28.579999923706055 AB 2.659207887449847 1.0157725497182288
61090.2471 lsst_hardware_g -2.642035224828281 14.25 31.450000762939453 AB 2.6855292980307266 1.0275277102435583
61092.232 lsst_hardware_r 37.21063020830856 22.729999542236328 31.510000228881836 AB 5.643004505941817 1.0198815300816586
61092.2491 lsst_hardware_z -24.31891351670256 40.9900016784668 30.950000762939453 AB 5.775470882555614 1.035680244338853
61094.2331 lsst_hardware_r 31.878707112671997 22.84000015258789 31.5 AB 11.939373073714037 1.02473627022021
61094.2508 lsst_hardware_u -2.528364524424847 2.690000057220459 28.43000030517578 AB 11.178421033532736 1.0454124444908026
61096.1948 lsst_hardware_z -48.126785851315155 40.849998474121094 30.950000762939453 AB 9.493431030551717 1.014887949813992
61096.2119 lsst_hardware_g -14.848088248573783 14.229999542236328 31.440000534057617 AB 8.655724406736098 1.015532781392581
61097.1068 lsst_hardware_r -8.733804442426292 40.7599983215332 31.56999969482422 AB 6.706000334194061 1.173249413321797
61097.1105 lsst_hardware_i -44.01547976660623 40.2400016784668 31.260000228881836 AB 6.615103996628332 1.1593750158398637
61099.1716 lsst_hardware_z 11.965506354875648 52.79999923706055 30.979999542236328 AB 6.303468556312134 1.0223222418670848
61099.1898 lsst_hardware_r 61.368961468567804 62.220001220703125 31.649999618530273 AB 6.184541793315534 1.0142749968537161
61101.1761 lsst_hardware_z -2.037494332042345 102.55999755859375 31.739999771118164 AB 3.9624078519326167 1.0165450395123763
61103.209 lsst_hardware_r 87.23128683397556 130.33999633789062 31.670000076293945 AB 5.703378125196843 1.0251421093191055
61103.2275 lsst_hardware_z -60.62399404395893 86.83999633789062 31.0 AB 5.863026066837261 1.0473429915750734
61107.1921 lsst_hardware_g 78.4236532056362 56.31999969482422 31.719999313354492 AB 10.98148788320061 1.0205606638508111
61107.2121 lsst_hardware_r 10.3035852473962 55.720001220703125 31.6299991607666 AB 11.227386390620904 1.040817618969064
61109.1904 lsst_hardware_i 39.55195383307442 37.04999923706055 31.290000915527344 AB 11.153953940325582 1.0232985266353745
61109.2092 lsst_hardware_z 48.0164807765104 44.31999969482422 30.959999084472656 AB 10.523059916547746 1.0444551702914175
61113.1253 lsst_hardware_u -2.377242684882535 2.619999885559082 28.3799991607666 AB 11.535509874612158 1.0294966420894385
61113.1444 lsst_hardware_g 8.575222545207824 14.199999809265137 31.43000030517578 AB 11.303351127224067 1.0161228988874567
61114.1255 lsst_hardware_r 3.070641189922402 23.040000915527344 31.510000228881836 AB 10.123332464715025 1.026629056077404
61114.1447 lsst_hardware_z -88.05614845608095 40.900001525878906 30.950000762939453 AB 9.974190854540538 1.0151331590800239
61116.1251 lsst_hardware_r 0.6550585898756606 23.100000381469727 31.510000228881836 AB 8.373308278098499 1.0223819631377737
61116.146 lsst_hardware_u -1.4742091363672172 2.7699999809265137 28.489999771118164 AB 8.271878868994328 1.014021314004805
61120.1674 lsst_hardware_i -30.556782463611675 30.399999618530273 31.25 AB 5.457583046863954 1.0297326503516895
61120.1858 lsst_hardware_z -24.91316538375288 41.310001373291016 30.940000534057617 AB 5.591739290286753 1.0550451491107082
61122.1503 lsst_hardware_r -12.89947352675866 22.670000076293945 31.5 AB 7.65517933890558 1.0200105714730954
61122.1695 lsst_hardware_u -1.6665481129931823 2.75 28.479999542236328 AB 7.096818435288336 1.0386094592841
61124.0922 lsst_hardware_g -28.160696276285723 17.510000228881836 31.510000228881836 AB 9.270075303732403 1.032819932453035
61124.1091 lsst_hardware_i 28.278216372485492 31.280000686645508 31.25 AB 9.118402857854758 1.0185693807295915
61126.1355 lsst_hardware_z -72.03595290916715 45.2400016784668 30.959999084472656 AB 7.022823978632577 1.0178005766134168
61126.1533 lsst_hardware_r 14.494879491668495 39.54999923706055 31.610000610351562 AB 7.122142984580744 1.0321946354464846
61128.1426 lsst_hardware_y -7.1784111792567655 72.83000183105469 30.809999465942383 AB 6.749606009115419 1.0268163299871327
61130.133 lsst_hardware_r -44.36123371925779 114.41000366210938 31.65999984741211 AB 5.1359368572741415 1.0232478671662384
61130.1504 lsst_hardware_i -17.833580101274396 92.16000366210938 31.34000015258789 AB 5.26333232872065 1.0423472281850816
61133.1344 lsst_hardware_z 32.504820885493864 71.19000244140625 30.989999771118164 AB 6.48781446837435 1.032433874661749
61133.1521 lsst_hardware_r -75.46753544246967 106.2300033569336 31.649999618530273 AB 6.627819765141371 1.0582077619672488
61135.0673 lsst_hardware_r -7.194582855453983 62.16999816894531 31.649999618530273 AB 8.03609756642555 1.027436881215307
61135.0852 lsst_hardware_z -26.449425372977363 52.38999938964844 30.979999542236328 AB 7.1759847783153585 1.0158049513964875
61137.0662 lsst_hardware_g -0.3811052659740175 27.559999465942383 31.649999618530273 AB 11.077677462801148 1.0235941845074619
61137.0854 lsst_hardware_i -60.044871763885695 38.63999938964844 31.290000915527344 AB 10.413147589271285 1.014366424256054
61139.0639 lsst_hardware_z 45.05772153170266 40.7400016784668 30.950000762939453 AB 7.808925009791367 1.021219486895122
61139.0834 lsst_hardware_r 12.762299379101158 22.559999465942383 31.5 AB 7.171577432137852 1.0140088274496786
61142.0565 lsst_hardware_u 1.4290055572796372 2.8299999237060547 28.56999969482422 AB 6.4866645280748205 1.0206781052003966
61142.0728 lsst_hardware_g 21.285322885116614 14.020000457763672 31.459999084472656 AB 6.533829293627557 1.0142154206414773
61148.0842 lsst_hardware_z 28.620886190757936 40.97999954223633 30.950000762939453 AB 11.565829484485773 1.0235247331403339
61148.1012 lsst_hardware_r -15.029387641070038 22.790000915527344 31.5 AB 11.777698219358191 1.0422741787042646
61150.0806 lsst_hardware_u 2.005043047573972 2.7100000381469727 28.469999313354492 AB 6.964037808214492 1.0250779365410665
61150.0972 lsst_hardware_r -5.127366306469954 22.639999389648438 31.5 AB 7.10977055399118 1.0443770093509213
61152.081 lsst_hardware_i 5.995255330079807 30.209999084472656 31.25 AB 9.664063277335497 1.0307601177518573
61152.0982 lsst_hardware_z -17.89812567909082 41.27000045776367 30.950000762939453 AB 9.610031395710216 1.054656650099892
61154.0761 lsst_hardware_r -11.812727874581332 32.689998626708984 31.579999923706055 AB 9.58527362928956 1.0313677072537522
61154.0931 lsst_hardware_z 1.8805477042385066 43.72999954223633 30.950000762939453 AB 9.64577931483709 1.0552791767230558
61156.0197 lsst_hardware_y -22.2315553200465 71.06999969482422 30.809999465942383 AB 11.829159902742557 1.0197551640295308
61158.0182 lsst_hardware_r -57.947556732896054 82.5 31.65999984741211 AB 1.5263365714993633 1.0175577143329089
61158.0354 lsst_hardware_i -93.20951488895692 70.6500015258789 31.34000015258789 AB 1.5211154238646298 1.0140769492430866
61160.0109 lsst_hardware_z 68.61974446693169 68.56999969482422 30.989999771118164 AB 10.999930386589089 1.018512072832323
61160.0295 lsst_hardware_r -73.49475597139488 100.01000213623047 31.670000076293945 AB 10.951677433875279 1.0140442068403035
61162.011 lsst_hardware_z -43.769692282362335 63.06999969482422 31.0 AB 8.927857942582992 1.0159724543479933
61162.0275 lsst_hardware_r 1.3562096734696607 90.7300033569336 31.670000076293945 AB 8.926364919295995 1.0144749311621768
61164.0388 lsst_hardware_i 13.735390812364855 53.310001373291016 31.31999969482422 AB 11.205370481464161 1.0222012845707136
61164.0568 lsst_hardware_z 36.47473051968376 52.81999969482422 30.979999542236328 AB 11.41554257818447 1.0412790822023597
61167.0378 lsst_hardware_r -17.405776666750292 22.520000457763672 31.5 AB 6.576898362838795 1.0284438409442995
61167.0551 lsst_hardware_u -1.008025072675001 2.7300000190734863 28.469999313354492 AB 6.632249905632813 1.0510697156311906
61169.0232 lsst_hardware_g 10.552713111164174 13.640000343322754 31.40999984741211 AB 9.275151442864683 1.020817900381321
61169.0348 lsst_hardware_r -2.331839222514544 22.31999969482422 31.489999771118164 AB 9.361274873873533 1.0309963333255237
61170.9709 lsst_hardware_z -5.5870103916238945 41.34000015258789 30.950000762939453 AB 7.714391472898254 1.02567943797882
61170.9894 lsst_hardware_i -30.84788990788765 30.25 31.260000228881836 AB 7.618529388950174 1.0150370016809753
61173.9716 lsst_hardware_y 30.831559861087886 47.38999938964844 30.049999237060547 AB 7.411724889596373 1.0191206649917095
61173.991 lsst_hardware_r -17.350850843425082 22.469999313354492 31.5 AB 7.357103570252476 1.0140269553779944
61175.97 lsst_hardware_y -58.104791622577785 46.970001220703125 30.049999237060547 AB 7.5103307838868485 1.0171087193780444
61175.9887 lsst_hardware_r 8.213561183775258 22.360000610351562 31.5 AB 7.261920540612561 1.0143763850556209
