data/validation/pwv_sim_epoch_fit_4/52497813.ecsv
# %ECSV 0.9
# ---
# datatype:
# - {name: time, datatype: float64}
# - {name: band, datatype: string}
# - {name: flux, datatype: float64}
# - {name: fluxerr, datatype: float64}
# - {name: zp, datatype: float64}
# - {name: zpsys, datatype: string}
# - {name: pwv, datatype: float64}
# - {name: airmass, datatype: float64}
# meta: {SNID: '52497813', alt: 1024.0, c: 0.0742608904838562, dec: -65.322342, lat: -30.244573, lon: -70.7499537, ra: 7.723881, t0: 62355.41015625,
#   x0: 4.334899689122067e-06, x1: 0.6010259985923767, z: 0.650547206401825}
# schema: astropy-2.0
time band flux fluxerr zp zpsys pwv airmass
62328.3981 lsst_hardware_r 24.16221708253698 22.78139830066631 31.450000762939453 AB 11.180771689742073 1.2222762164243863
62328.409 lsst_hardware_z 63.11987550539543 43.68618186689814 30.920000076293945 AB 11.143993423080055 1.2197223688589645
62334.4293 lsst_hardware_g 51.912797745621866 15.577604610194358 31.34000015258789 AB 3.3751351742665783 1.2298934770033991
62334.4404 lsst_hardware_i 374.4815541007162 45.21225282660452 31.25 AB 3.4035208232472605 1.238770090353871
62345.4272 lsst_hardware_y 680.1472698469738 81.86058524195612 30.729999542236328 AB 4.527355334081418 1.2575987039115049
62347.3975 lsst_hardware_z 925.2588305040746 58.481056360282466 30.950000762939453 AB 5.912070838122333 1.2325373533264072
62347.4087 lsst_hardware_r 1443.7795470643275 63.290707688514615 31.579999923706055 AB 5.841002183697252 1.24243598696033
62351.4014 lsst_hardware_r 1307.3202468344725 45.701330422169114 31.489999771118164 AB 3.3565606639885046 1.2462477712828606
62351.4127 lsst_hardware_z 925.7752136975794 54.02300134654021 30.93000030517578 AB 3.4867454629002856 1.260117623021426
62352.4057 lsst_hardware_g 244.83329149551497 23.170141187755295 31.43000030517578 AB 2.531623264842186 1.254520943925761
62352.4173 lsst_hardware_i 1306.6414234319232 48.66458248470753 31.209999084472656 AB 1.8514923350662502 1.2707565786316062
62354.4065 lsst_hardware_z 1050.8837706637944 53.859508217090244 30.920000076293945 AB 3.640556309289922 1.262876180483886
62354.4177 lsst_hardware_r 1306.771134758183 42.47239557157239 31.440000534057617 AB 3.668689045707861 1.2802218375158292
62358.3449 lsst_hardware_r 1215.8548967438637 41.20998987737973 31.459999084472656 AB 6.240809758434568 1.221034632273243
62358.3559 lsst_hardware_i 1297.6079703435396 47.61428336396767 31.229999542236328 AB 6.275640619457638 1.2252523865332259
62371.3376 lsst_hardware_i 981.9014166082474 78.90106922742588 31.299999237060547 AB 2.496585771302803 1.2371584595157599
62371.3483 lsst_hardware_z 897.3070234934276 71.89842065863576 30.959999084472656 AB 2.5011494021924863 1.2479228650080365
62375.3017 lsst_hardware_z 740.2487368341315 60.43244161546577 30.950000762939453 AB 3.6967709858128015 1.222005725022137
62375.3128 lsst_hardware_r 575.7906560823938 67.69682739327989 31.600000381469727 AB 3.713350579769857 1.2270468665080492
62380.3097 lsst_hardware_r 369.4089879269862 35.55282241366193 31.510000228881836 AB 1.9607619755812236 1.234348111791768
62380.3209 lsst_hardware_y 229.2637920617018 51.42570787964105 29.969999313354492 AB 1.9123665443361466 1.2448276936280855
62382.359 lsst_hardware_r 257.2884522486312 30.172476621993823 31.450000762939453 AB 1.3383291488162141 1.3143424000157897
62382.3696 lsst_hardware_i 506.7893218793289 40.0015667905288 31.200000762939453 AB 1.355717680797861 1.3388702303986777
62387.3597 lsst_hardware_u -1.5298990867385696 2.488661467208739 28.149999618530273 AB 4.0243485138161645 1.3483410254018866
62387.3713 lsst_hardware_r 187.34958728019126 27.31698970933236 31.420000076293945 AB 4.085919807179731 1.3803783132363954
62389.2996 lsst_hardware_u 1.264603938309155 2.5783029551869503 28.260000228881836 AB 3.5481675390413865 1.248438952308947
62389.3112 lsst_hardware_g 10.536265247686616 13.61049777275468 31.31999969482422 AB 3.675959646664999 1.2632525490414956
62390.2957 lsst_hardware_r 141.15844910619245 26.37808610328951 31.459999084472656 AB 3.014711561122999 1.2471228189973798
62390.3071 lsst_hardware_z 445.03614592338704 48.42134739350233 30.93000030517578 AB 3.0280483588470295 1.2613364449515536
62393.2969 lsst_hardware_r 245.14849311617428 25.70559547499031 31.450000762939453 AB 2.027200005722281 1.2586092750759195
62393.3081 lsst_hardware_u -0.640965812332921 2.5735087238730006 28.270000457763672 AB 2.102405213913502 1.2750865544810486
62395.3023 lsst_hardware_g 34.396618451814014 13.526908429395467 31.329999923706055 AB 3.4183241510120808 1.2745429347546908
62395.313 lsst_hardware_r 145.36127102265505 25.615917350855458 31.450000762939453 AB 3.3970822708076445 1.2931413288188462
62399.2802 lsst_hardware_z 267.163689338884 62.32760836135459 30.950000762939453 AB 8.68151540856826 1.258190638922936
62399.2936 lsst_hardware_r 99.3955438706604 76.24041473497046 31.59000015258789 AB 8.532818822235276 1.2781653459845628
62404.113 lsst_hardware_r 22.486064873825423 69.06841980447957 31.579999923706055 AB 6.612003114675383 1.3188397555949702
62404.1228 lsst_hardware_i 240.4330638475738 58.69720493252275 31.270000457763672 AB 6.561975618947517 1.2984155167260858
62409.0206 lsst_hardware_u -3.227524996469604 2.4159334782429984 27.989999771118164 AB 5.47109569463006 1.598761678693796
62409.0281 lsst_hardware_r 59.314949952375024 25.1018016476075 31.389999389648438 AB 5.340364493800408 1.5613198666245558
62414.2458 lsst_hardware_i 154.23719849072816 34.00594471608012 31.209999084472656 AB 8.587333401722134 1.2674251376994987
62414.2569 lsst_hardware_r 82.110339467804 24.333475816235207 31.43000030517578 AB 8.499500359074345 1.2854658740281828
62416.242 lsst_hardware_u 6.931491944546942 2.5896128157279357 28.219999313354492 AB 5.2257630694886075 1.269930272050854
62416.2536 lsst_hardware_g -0.40047521917037315 13.1404130758536 31.309999465942383 AB 5.673124450137014 1.2893464659402305
62418.2477 lsst_hardware_r 43.56295824806615 23.98057985996143 31.440000534057617 AB 3.9231018095617234 1.2885512991580863
62418.2592 lsst_hardware_i 92.0396379135301 33.82132801121768 31.209999084472656 AB 3.3764116217427973 1.311142950647699
62420.2824 lsst_hardware_r 75.95871894839102 24.0095062548426 31.420000076293945 AB 5.750971538947365 1.3839698880450892
62420.2926 lsst_hardware_u -3.6161387684235233 2.5247712385730052 28.170000076293945 AB 6.398846654284189 1.4161962348102226
62422.1964 lsst_hardware_z 160.54709836513732 45.1199458274578 30.93000030517578 AB 7.862875256907459 1.235524081852209
62422.2083 lsst_hardware_g 7.0771152452673665 13.163545662195983 31.31999969482422 AB 8.282162114361146 1.247125751296664
62423.2041 lsst_hardware_r 36.98179965828921 27.217838477219434 31.479999542236328 AB 10.215739889599542 1.2455181528409032
62423.2133 lsst_hardware_z 150.40090305847394 46.22056668240534 30.920000076293945 AB 7.9154590679617085 1.2564220742796364
62429.1787 lsst_hardware_z 141.25793103911036 59.586316144838705 30.950000762939453 AB 2.676412433223086 1.2367418536981702
62429.1894 lsst_hardware_r -45.1601183931853 76.26796841786158 31.600000381469727 AB 2.8194763111687497 1.2473719117396034
62433.2176 lsst_hardware_z 149.5944173602013 59.809318706721186 30.950000762939453 AB 2.1349802516283076 1.3098038353547898
62433.2282 lsst_hardware_r 89.74688708225835 76.71122411880711 31.579999923706055 AB 2.0778681212940433 1.3336765861964333
62437.2174 lsst_hardware_r 3.6444538036203817 43.531123545659696 31.549999237060547 AB 3.57483165953863 1.333975368942728
62437.228 lsst_hardware_z 51.70012032665269 50.9034709640349 30.93000030517578 AB 3.6586421984011235 1.3611864072926416
62438.161 lsst_hardware_r 49.24511854425106 22.5 31.450000762939453 AB 3.5744334679921588 1.2432812062581422
62438.1732 lsst_hardware_i 2.952896782705445 31.59000015258789 31.209999084472656 AB 2.620753634148768 1.257559325407278
62440.1616 lsst_hardware_z -65.64832487182346 43.349998474121094 30.93000030517578 AB 4.691026433336025 1.2499404298790369
62440.1728 lsst_hardware_u 2.8217063948883196 2.509999990463257 28.25 AB 4.377147233174846 1.2645232509530728
62454.1539 lsst_hardware_z -25.261022579266662 47.959999084472656 30.93000030517578 AB 6.449173264842422 1.297011449656611
62454.1655 lsst_hardware_i 26.234523145550998 40.56999969482422 31.239999771118164 AB 6.598142803435094 1.321236064565601
62456.0949 lsst_hardware_r -199.69173349764284 74.44000244140625 32.34000015258789 AB 7.115323030215514 1.2291285986523985
62456.1052 lsst_hardware_z 91.8561125228266 50.97999954223633 30.940000534057617 AB 7.163811241101076 1.2369704432308288
62460.0754 lsst_hardware_i -72.81189221600624 61.97999954223633 31.290000915527344 AB 8.062005043103005 1.2243913802268802
62460.0881 lsst_hardware_z -46.713993830029416 58.66999816894531 30.959999084472656 AB 7.084547130609857 1.2319880237561702
62461.0554 lsst_hardware_z -13.174810177702746 58.650001525878906 30.950000762939453 AB 4.715709561136559 1.2196852041909811
62461.068 lsst_hardware_r 77.53358822423617 79.12999725341797 31.600000381469727 AB 4.75037288859789 1.2224849809817224
62465.021 lsst_hardware_y -88.7551292898351 68.80000305175781 30.010000228881836 AB 7.6802898591633655 1.2235605956927458
62465.0266 lsst_hardware_i -6.4305897533034155 38.36000061035156 31.25 AB 7.6783201911973995 1.2215601937525693
62466.058 lsst_hardware_r 5.153804841698549 22.700000762939453 31.450000762939453 AB 5.353924435243243 1.2239406618707407
62466.0714 lsst_hardware_u -3.533459874559022 2.4600000381469727 28.200000762939453 AB 5.281790011268192 1.2317607302397835
62468.1007 lsst_hardware_g 24.67156038331623 13.289999961853027 31.329999923706055 AB 4.8977811733893 1.2710504775233116
62468.1129 lsst_hardware_r 35.553821246794286 22.84000015258789 31.440000534057617 AB 4.994025144062475 1.2917809477657722
62709.4386 lsst_hardware_r -36.86155835625624 32.029998779296875 31.5 AB 3.9306623103210283 1.2688082777095027
62716.4094 lsst_hardware_r 1.6578146302550238 22.59000015258789 31.440000534057617 AB 3.4866743225292245 1.2548012197202103
62716.421 lsst_hardware_g -19.1862607326424 13.869999885559082 31.34000015258789 AB 2.6985835464937944 1.2711180153057264
62731.379 lsst_hardware_r -24.413914766681984 47.63999938964844 31.56999969482422 AB 3.0923143433702776 1.2695098227999773
62731.3902 lsst_hardware_z -107.05990380416843 49.869998931884766 30.93000030517578 AB 3.1153808375430687 1.2881458910659784
62735.3268 lsst_hardware_i -2.2415851682358365 32.880001068115234 31.229999542236328 AB 2.264928163370895 1.2267721941074583
62735.338 lsst_hardware_z 27.211796138624027 44.150001525878906 30.93000030517578 AB 2.4273678426579672 1.2345163853314518
62736.1292 lsst_hardware_r 56.56321405314094 23.709999084472656 31.389999389648438 AB 3.4319807285157764 1.577559516670088
62736.1414 lsst_hardware_z 36.94590031354502 47.029998779296875 30.899999618530273 AB 3.302835634727635 1.5204092226765236
62738.3698 lsst_hardware_r 23.76859993576278 22.860000610351562 31.440000534057617 AB 2.4913145379339774 1.285839761514311
62738.3804 lsst_hardware_i 32.48659020889349 32.15999984741211 31.209999084472656 AB 2.8747857588775227 1.306127105350987
62742.3649 lsst_hardware_g -16.019865597135535 13.15999984741211 31.31999969482422 AB 9.10686035942769 1.29699641948696
62742.3765 lsst_hardware_r 18.28617861546874 22.969999313354492 31.440000534057617 AB 9.819955950854782 1.3212480536648135
62751.3536 lsst_hardware_r 0.4654934027601912 22.8799991607666 31.43000030517578 AB 3.1726310816326677 1.325058227049701
62751.3637 lsst_hardware_i -12.033628072292265 32.5 31.200000762939453 AB 3.1310456742807435 1.3497825869869566
62767.283 lsst_hardware_u 1.6296623376057746 2.490000009536743 28.229999542236328 AB 2.180578731201548 1.2730828439436888
62767.2951 lsst_hardware_r 15.747561031997517 22.65999984741211 31.440000534057617 AB 2.592440535575126 1.2940634952957382
62772.3031 lsst_hardware_r -14.123931269545327 22.530000686645508 31.420000076293945 AB 5.032998190219902 1.3414770175167434
62772.3155 lsst_hardware_u 1.2667414811791722 2.359999895095825 28.09000015258789 AB 5.207668093813963 1.3748408748574596
62776.0884 lsst_hardware_u 2.709218838606639 2.940000057220459 28.329999923706055 AB 6.05618362905804 1.3330313575094426
62776.101 lsst_hardware_g 7.223349513231025 15.34000015258789 31.3799991607666 AB 5.903776029341957 1.3050864407948333
62785.0685 lsst_hardware_z 126.7546345203877 91.11000061035156 31.700000762939453 AB 4.095141717434714 1.322150791250984
62785.0792 lsst_hardware_r 160.57632795962851 125.2300033569336 32.34000015258789 AB 4.153322321447719 1.2995376475114655
62787.2424 lsst_hardware_y -133.20309444353236 75.83999633789062 30.709999084472656 AB 7.539992257680901 1.2977425322667837
62791.229 lsst_hardware_i 69.06459179824974 42.150001525878906 31.25 AB 6.793186583630387 1.2930167182736878
62791.2396 lsst_hardware_z -27.042497085000765 49.439998626708984 30.93000030517578 AB 6.88326727718524 1.3144158642642187
62793.2663 lsst_hardware_r 28.3090902414422 32.560001373291016 31.5 AB 5.123838960658622 1.39944618371958
62793.2774 lsst_hardware_i -67.02147863414764 37.779998779296875 31.219999313354492 AB 5.2538639345361355 1.436659539112971
62794.0279 lsst_hardware_i -66.66720576373847 32.5099983215332 31.209999084472656 AB 4.065042275639671 1.3622034992369743
62796.1833 lsst_hardware_r 7.404080565116919 22.469999313354492 31.450000762939453 AB 3.5761749976913277 1.2458369613974318
62796.1936 lsst_hardware_z 17.20562576386861 43.75 30.920000076293945 AB 3.630727241345439 1.2582662420188664
62799.218 lsst_hardware_u -1.4352964842544809 2.4600000381469727 28.200000762939453 AB 5.823055994594855 1.3149543081508892
62799.2291 lsst_hardware_g -6.8352245800649385 12.920000076293945 31.280000686645508 AB 5.943380118617584 1.3408136829487705
62801.2225 lsst_hardware_r -20.906779261920722 22.93000030517578 31.440000534057617 AB 4.022022047797631 1.3379980198927584
62801.2331 lsst_hardware_i -1.484599487350903 32.52000045776367 31.209999084472656 AB 4.397391524123962 1.3657555785776019
62803.1643 lsst_hardware_r 48.78564476144415 22.579999923706055 31.459999084472656 AB 3.574895777233293 1.2459700646761405
62803.1745 lsst_hardware_i -81.76217305120328 31.600000381469727 31.229999542236328 AB 2.6877160919391945 1.2582940505336964
62809.1594 lsst_hardware_z -0.5047713802964877 48.70000076293945 30.940000534057617 AB 6.426134731209994 1.2600264178843126
62809.1711 lsst_hardware_i -24.905167909096456 42.959999084472656 31.260000228881836 AB 5.88599508169322 1.2776199439316736
62817.0676 lsst_hardware_g -31.683979348912548 56.11000061035156 31.639999389648438 AB 5.501485199344752 1.220292465658725
62817.0789 lsst_hardware_r -22.8219529327339 62.08000183105469 31.600000381469727 AB 5.440907197427011 1.2194786396924113
62822.154 lsst_hardware_u 0.20968114735186097 2.440000057220459 28.170000076293945 AB 3.614036873806314 1.3124055828620296
62822.1673 lsst_hardware_g 2.689426946765275 13.220000267028809 31.290000915527344 AB 3.504151002103871 1.3433586360365075
62833.1028 lsst_hardware_i 8.224019083198478 31.959999084472656 31.209999084472656 AB 4.968386689421537 1.273183571219458
62833.1149 lsst_hardware_u 4.957268006156388 2.509999990463257 28.229999542236328 AB 4.973491991748819 1.2941691365466612
62836.0266 lsst_hardware_y -81.84094120559703 66.33999633789062 30.0 AB 8.989561760515201 1.2194748035969074
62836.0365 lsst_hardware_i 17.40659641511263 35.65999984741211 31.239999771118164 AB 9.127423653401273 1.2209239086034476
