data/validation/pwv_sim_epoch_fit_4/52509281.ecsv
# %ECSV 0.9
# ---
# datatype:
# - {name: time, datatype: float64}
# - {name: band, datatype: string}
# - {name: flux, datatype: float64}
# - {name: fluxerr, datatype: float64}
# - {name: zp, datatype: float64}
# - {name: zpsys, datatype: string}
# - {name: pwv, datatype: float64}
# - {name: airmass, datatype: float64}
# meta: {SNID: '52509281', alt: 1024.0, c: -0.14133358001708984, dec: 3.732834, lat: -30.244573, lon: -70.7499537, ra: 349.453125, t0: 62801.3828125,
#   x0: 2.2166500769436193e-06, x1: -1.986411452293396, z: 0.8537075519561768}
# schema: astropy-2.0
time band flux fluxerr zp zpsys pwv airmass
62679.3558 lsst_hardware_r -26.432878914392262 25.540000915527344 31.469999313354492 AB 9.114713169562295 1.2659323846614299
62679.3775 lsst_hardware_i -4.25788370862121 33.400001525878906 31.229999542236328 AB 8.815900222431146 1.224600669875142
62681.3753 lsst_hardware_z 22.790307692949042 44.52000045776367 30.93000030517578 AB 2.8715875875736683 1.2206535972683505
62681.3973 lsst_hardware_u 1.6882344740708395 2.740000009536743 28.329999923706055 AB 2.827830431681398 1.2083024206016513
62687.3725 lsst_hardware_i 31.57969638467926 33.040000915527344 31.229999542236328 AB 5.563420079299276 1.2101406785018727
62687.3943 lsst_hardware_z -56.4441893013592 44.2599983215332 30.93000030517578 AB 4.977814530025825 1.212696152025294
62703.2989 lsst_hardware_z 23.764569113661143 53.689998626708984 30.950000762939453 AB 6.049435920021455 1.2462785166916883
62705.1937 lsst_hardware_i 24.951562471613176 36.970001220703125 31.100000381469727 AB 10.170280490526729 1.919675436670401
62705.2296 lsst_hardware_z -50.209899899140574 48.119998931884766 30.889999389648438 AB 7.465033563843232 1.5276070115809872
62708.2854 lsst_hardware_z -91.31115399253963 43.790000915527344 30.920000076293945 AB 13.160850280240203 1.2459779992653561
62708.3334 lsst_hardware_i -27.24694119076241 32.779998779296875 31.219999313354492 AB 8.69860919236111 1.2106623788950046
62708.3625 lsst_hardware_u 1.951043385357547 2.5899999141693115 28.219999313354492 AB 8.85277142754414 1.246869215147062
62717.2677 lsst_hardware_z -20.49944547623057 44.13999938964844 30.93000030517578 AB 1.1524804408915434 1.2334788878610883
62717.2905 lsst_hardware_u 0.5425863114472961 2.5799999237060547 28.239999771118164 AB 1.1186322515692173 1.210204383233917
62721.2681 lsst_hardware_g 11.837462462677015 25.399999618530273 31.559999465942383 AB 3.6995668963810844 1.2185327246335194
62721.2881 lsst_hardware_r -8.707984650357291 24.6200008392334 31.489999771118164 AB 3.6573208557425776 1.2083326524300246
62724.2636 lsst_hardware_i -10.589929391266027 61.7400016784668 31.290000915527344 AB 8.240052348177716 1.2151229269202162
62724.2875 lsst_hardware_z -132.89245464056202 59.060001373291016 30.959999084472656 AB 8.226117700861945 1.2097231913032271
62730.2281 lsst_hardware_z 44.90412162728428 72.9800033569336 30.969999313354492 AB 5.215237972467429 1.2406402281660682
62730.2494 lsst_hardware_i 153.0424733739764 79.44999694824219 31.299999237060547 AB 5.195136191538257 1.213438848848861
62732.2624 lsst_hardware_z 40.37859302862026 73.22000122070312 31.700000762939453 AB 2.94246848926234 1.208778264049436
62739.222 lsst_hardware_g -9.138550867631883 15.489999771118164 31.420000076293945 AB 2.9824637133455565 1.2156781440267215
62739.2385 lsst_hardware_r -46.311729672308935 24.90999984741211 31.489999771118164 AB 2.992281687102589 1.2083517379603939
62741.1895 lsst_hardware_r -11.006704532106387 24.959999084472656 31.469999313354492 AB 5.41237912835048 1.2586928205466232
62741.2058 lsst_hardware_i 63.54131144808691 32.959999084472656 31.229999542236328 AB 5.2802127167859485 1.227956445764174
62743.185 lsst_hardware_z 26.775608893064874 44.63999938964844 30.93000030517578 AB 4.5173683083078995 1.2564532658004541
62743.2022 lsst_hardware_i 37.650563901344675 33.06999969482422 31.229999542236328 AB 4.38996910987117 1.2253926335995204
62745.1826 lsst_hardware_u 0.4172814826156332 2.6700000762939453 28.280000686645508 AB 2.0194923627518024 1.2496858680394816
62746.1243 lsst_hardware_r -14.664270657231945 25.799999237060547 31.43000030517578 AB 4.315919422676527 1.4800398100225278
62750.1723 lsst_hardware_r -7.185952252752923 40.77000045776367 31.559999465942383 AB 0.7948409331058307 1.24290998140083
62750.1927 lsst_hardware_z -22.26675414171892 47.66999816894531 30.940000534057617 AB 0.8192571048707262 1.2150643008835391
62752.1687 lsst_hardware_r -47.43642551712282 67.1500015258789 31.600000381469727 AB 3.146595879318941 1.2394272296677267
62752.1881 lsst_hardware_i -23.047442163654445 57.400001525878906 31.290000915527344 AB 3.0672060742609117 1.2143743736557109
62754.1658 lsst_hardware_z 145.04907942932596 87.02999877929688 30.969999313354492 AB 4.457152942162076 1.2349534820121197
62754.1837 lsst_hardware_i -34.04799250186168 101.61000061035156 31.309999465942383 AB 4.539683225726065 1.2135756802047892
62756.1722 lsst_hardware_z -8.729822398191772 169.64999389648438 31.729999542236328 AB 3.286360406495585 1.218901059465507
62759.161 lsst_hardware_r 34.06665240723056 81.86000061035156 31.610000610351562 AB 1.6806107349977977 1.222262352725671
62759.1788 lsst_hardware_i -47.80655406352343 69.22000122070312 31.299999237060547 AB 1.271631985322677 1.209158781606349
62763.1431 lsst_hardware_r 31.490951820367403 25.15999984741211 31.479999542236328 AB 9.202708451584323 1.2319143872808413
62763.1629 lsst_hardware_g -15.419927177724574 15.579999923706055 31.40999984741211 AB 9.022826247236972 1.2111989055958918
62768.1144 lsst_hardware_z -37.01632649071393 44.70303228909006 30.93000030517578 AB 4.662332272575667 1.2620226308514488
62768.1337 lsst_hardware_i 2.7743990294236514 33.09041128728703 31.219999313354492 AB 4.314242528535446 1.2257241362413729
62770.1979 lsst_hardware_r -34.15295271174582 25.68215276055851 31.469999313354492 AB 4.252547375554164 1.2570963321340585
62770.2108 lsst_hardware_i -23.717035371906267 33.698500030690475 31.219999313354492 AB 3.89879087907415 1.2922740732763291
62773.1053 lsst_hardware_i -5.822428905426165 33.56313915027182 31.229999542236328 AB 4.663890137201609 1.251519077940457
62773.1247 lsst_hardware_z -161.7027138829729 44.3418549519827 30.940000534057617 AB 4.51808768644317 1.220060584124354
62775.1033 lsst_hardware_r -47.17081253715338 26.068215739677274 31.469999313354492 AB 7.850869139328792 1.244359129202861
62775.1227 lsst_hardware_g 55.03987512848082 17.390394185217787 31.40999984741211 AB 7.686180421447455 1.2165848663488203
62782.1187 lsst_hardware_r 123.30112050562222 158.34224720796485 32.369998931884766 AB 10.931090265156826 1.2085786445093876
62782.1475 lsst_hardware_i 525.3309829277949 132.7601032791925 32.060001373291016 AB 6.1243213670611425 1.225190991009831
62784.1163 lsst_hardware_z 522.2735254269613 155.98959116795706 31.729999542236328 AB 3.843376289064593 1.2083555719129142
62786.068 lsst_hardware_r 269.2493745615981 121.00860774247876 31.610000610351562 AB 6.698801021783187 1.255534748323162
62786.0859 lsst_hardware_z 148.50207958118438 84.12848993656945 30.979999542236328 AB 7.071776995283722 1.2239672874879879
62788.0674 lsst_hardware_r 331.54421460429495 55.98933874426938 31.579999923706055 AB 8.965158618419395 1.2451609192249158
62788.0858 lsst_hardware_i 496.742966257778 60.53796982055264 31.290000915527344 AB 8.774211871211236 1.2179216255975793
62790.0725 lsst_hardware_z 424.2174749741683 47.83331134191198 30.93000030517578 AB 10.18312953119028 1.2272773820332783
62790.0903 lsst_hardware_i 555.0694040289605 40.743361744504035 31.229999542236328 AB 9.445776212462187 1.2106347946079405
62792.0693 lsst_hardware_u 5.363836682449449 2.881258562553567 28.329999923706055 AB 7.164281122905453 1.2242448945494577
62792.0866 lsst_hardware_g 82.44479762195083 18.32259236158516 31.40999984741211 AB 10.523658738748406 1.2098709006206372
62795.0703 lsst_hardware_r 507.91451809146633 34.246677921922405 31.479999542236328 AB 3.482218860377593 1.2146921986143169
62795.0874 lsst_hardware_i 773.4686606006961 42.519619443864535 31.229999542236328 AB 3.2107998181083013 1.2083925926705226
62798.0793 lsst_hardware_g 36.41511407172335 16.848429426003346 31.389999389648438 AB 4.399776795698127 1.2083979114798482
62798.1009 lsst_hardware_r 634.5327313274933 34.36591537164406 31.469999313354492 AB 3.7868775671857846 1.221573408769608
62802.0429 lsst_hardware_z 567.3446889788552 50.08599024981992 30.940000534057617 AB 3.303611706748095 1.2231068888362
62802.0596 lsst_hardware_i 762.6089265219139 43.105889197559264 31.239999771118164 AB 3.2439547438279623 1.2097537735700026
62804.0406 lsst_hardware_u 9.559667389842124 3.045932614065202 28.459999084472656 AB 5.575741506618308 1.2194743302790327
62804.058 lsst_hardware_g 70.06834872726905 17.918894829985504 31.440000534057617 AB 6.195304417070299 1.2086826592450346
62808.0478 lsst_hardware_r 354.96996305390064 51.421207956578506 31.579999923706055 AB 3.6674918113050876 1.2085651993863393
62808.0683 lsst_hardware_i 675.2736170272947 53.00724931122238 31.270000457763672 AB 3.550617521042459 1.2161384402031414
62814.0239 lsst_hardware_z 801.5422199212275 111.50737378216608 31.719999313354492 AB 10.148744910082659 1.2110674117048232
62818.017 lsst_hardware_y 38.98381085863736 59.38159746834142 30.0 AB 6.057758138174186 1.2093747530788694
62818.035 lsst_hardware_i 391.12621349931374 38.23741850527709 31.229999542236328 AB 6.5296021062382845 1.2117287095580138
63033.4006 lsst_hardware_r -9.087176080138489 26.360000610351562 31.5 AB 8.653027302895568 1.2361467575565097
63033.4217 lsst_hardware_y 33.17676514073884 49.619998931884766 29.989999771118164 AB 8.45423909544343 1.21193249486701
63034.4416 lsst_hardware_z -40.84012583421912 61.11000061035156 30.959999084472656 AB 4.3505465649086545 1.2112328610947023
63037.4319 lsst_hardware_g -25.812360695585312 18.020000457763672 31.469999313354492 AB 4.372265106491628 1.2104831413321575
63043.4154 lsst_hardware_i -26.813582233855666 47.22999954223633 31.989999771118164 AB 6.5363395980085865 1.210433258890479
63043.4355 lsst_hardware_y -138.21682597406962 52.310001373291016 29.989999771118164 AB 7.147833622113129 1.229946420392864
63045.3666 lsst_hardware_z 37.1884029075888 44.97999954223633 30.93000030517578 AB 6.285112183298071 1.238323748063888
63045.3879 lsst_hardware_i -2.183805238798135 33.47999954223633 31.229999542236328 AB 6.285470131252246 1.2125919033958104
63049.3705 lsst_hardware_r -3.022847575542833 43.13999938964844 31.579999923706055 AB 8.419089315581271 1.2178927090553229
63049.391 lsst_hardware_i 55.54918380187886 33.189998626708984 31.239999771118164 AB 8.928727153464317 1.208408249403061
63057.3644 lsst_hardware_z -91.86730376392873 84.97000122070312 31.709999084472656 AB 9.662999926670752 1.2087311754164305
63057.3845 lsst_hardware_r 83.3015254656182 67.05999755859375 31.610000610351562 AB 11.819158116696594 1.2151293471586628
63065.3429 lsst_hardware_u -2.2218617804478753 2.7200000286102295 28.350000381469727 AB 1.8931917336300084 1.2086774209172217
63065.3648 lsst_hardware_g 14.860605074155377 15.220000267028809 31.389999389648438 AB 1.8973398789788083 1.2170236555348353
63067.3209 lsst_hardware_r 27.29176243476016 24.850000381469727 31.479999542236328 AB 3.909424937627273 1.2183638294124732
63067.3342 lsst_hardware_i 16.049108654382355 32.869998931884766 31.229999542236328 AB 3.595200365999873 1.2094870869637924
63077.3505 lsst_hardware_z -46.94144385355044 44.2599983215332 30.93000030517578 AB 5.960014817833032 1.2434183107146575
63077.3687 lsst_hardware_i 28.940697008211586 33.2599983215332 31.229999542236328 AB 6.159644241014577 1.2887408402436566
63079.1435 lsst_hardware_z 70.18395553847778 140.80999755859375 32.290000915527344 AB 10.101546962534202 2.472738026812664
63083.2268 lsst_hardware_z 167.48871562627724 139.00999450683594 31.709999084472656 AB 1.3846701868414002 1.3435247416290115
63085.2997 lsst_hardware_z -176.96762907361904 67.70999908447266 30.959999084472656 AB 4.976419050318451 1.2100224631996153
63085.3231 lsst_hardware_r -81.58857050453659 84.0 31.600000381469727 AB 5.174625401378566 1.233522145739825
63088.2443 lsst_hardware_i 24.35935865744476 35.95000076293945 31.239999771118164 AB 5.687747611083916 1.247791940127004
63088.2638 lsst_hardware_z -44.781101814785764 46.130001068115234 30.940000534057617 AB 5.107677667373634 1.2181439702775185
63094.2648 lsst_hardware_r -40.535954490190164 34.970001220703125 32.2400016784668 AB 5.488003704883193 1.2085451893598749
63094.2856 lsst_hardware_i -39.32138719657414 46.52000045776367 31.979999542236328 AB 5.534401760217245 1.2170207279202296
63099.2578 lsst_hardware_z -98.94151747754881 43.959999084472656 30.93000030517578 AB 1.3028819771302145 1.2088907233872324
63099.2756 lsst_hardware_u -1.1461398064112986 2.619999885559082 28.260000228881836 AB 1.311429502534152 1.220786132217037
63102.2176 lsst_hardware_i -17.91143665224356 32.849998474121094 31.229999542236328 AB 3.14719130051941 1.227772939084295
63102.2346 lsst_hardware_z -34.369657535373534 43.869998931884766 30.93000030517578 AB 3.1163618031409 1.2112567739097881
63108.1788 lsst_hardware_z -17.801390257313503 65.7300033569336 30.959999084472656 AB 4.499804782241236 1.2738901903108153
63108.1951 lsst_hardware_i 88.57040194195156 70.93000030517578 31.299999237060547 AB 4.287462819728625 1.2374820530292356
63110.1912 lsst_hardware_z 89.76671570033446 157.6199951171875 31.729999542236328 AB 1.996071682066547 1.2348108147643346
63113.2013 lsst_hardware_r 85.89852824058555 97.69000244140625 31.610000610351562 AB 1.819916567790294 1.213277711860196
63113.2198 lsst_hardware_i -167.57841055441742 81.05999755859375 31.299999237060547 AB 2.0350614074803532 1.208947370780408
63115.1655 lsst_hardware_i -103.77707199734738 44.93000030517578 31.270000457763672 AB 0.7784214516801377 1.259072303566741
63115.1843 lsst_hardware_z -158.81231437026995 51.650001525878906 30.950000762939453 AB 0.8019352940347984 1.2247961726381038
63118.161 lsst_hardware_r -14.883861791311686 25.239999771118164 31.469999313354492 AB 4.143077169456855 1.2507402775718806
63118.1785 lsst_hardware_g 0.6461160019075871 15.479999542236328 31.389999389648438 AB 3.9911379055015357 1.2218392485845817
63123.1605 lsst_hardware_z 33.16913624208339 44.54999923706055 30.93000030517578 AB 2.0796047748435007 1.2274485907296018
63123.178 lsst_hardware_i 31.118938968160613 33.2400016784668 31.239999771118164 AB 1.0824314988967723 1.2108863602836553
63125.1643 lsst_hardware_u 2.4703362999205187 2.75 28.350000381469727 AB 3.8747042557653386 1.2167068185054053
63125.1839 lsst_hardware_g -31.034636483773433 15.800000190734863 31.43000030517578 AB 3.59160042521879 1.2084792817021501
63135.1388 lsst_hardware_r -13.1212259274748 56.20000076293945 31.600000381469727 AB 3.452614187907573 1.215138733425941
63135.1577 lsst_hardware_i -77.83638814488813 50.40999984741211 31.280000686645508 AB 3.422330424744323 1.2085922630056467
63136.102 lsst_hardware_i 17.48524905049531 65.94999694824219 31.290000915527344 AB 4.230417248546986 1.2748620538064224
63136.122 lsst_hardware_z 13.898850883964442 62.5099983215332 30.959999084472656 AB 4.085876970624485 1.231922704711092
63144.0727 lsst_hardware_r 13.49034356420089 25.170000076293945 31.479999542236328 AB 3.655478421255995 1.297265660822994
63144.0905 lsst_hardware_g 7.901974578908396 15.319999694824219 31.399999618530273 AB 4.476119183115984 1.2497017332634528
63150.1047 lsst_hardware_u -2.4818949161025765 2.740000009536743 28.360000610351562 AB 5.084884325719643 1.2106867442189626
63150.1228 lsst_hardware_g -25.357109652292834 15.180000305175781 31.399999618530273 AB 5.0831942910968015 1.210284355023048
63152.1071 lsst_hardware_r -33.91628101108313 24.600000381469727 31.479999542236328 AB 6.314604827030725 1.2084982604122947
63152.1245 lsst_hardware_i -10.34537259825615 32.599998474121094 31.229999542236328 AB 6.37134230149516 1.2146687153334383
63154.0673 lsst_hardware_i -28.623890938678397 33.130001068115234 31.219999313354492 AB 7.378219348764118 1.2414974505744338
63154.0847 lsst_hardware_z -15.424368641857392 44.31999969482422 30.93000030517578 AB 7.546015705503167 1.2170993073392204
63156.0721 lsst_hardware_r 9.748343982440316 24.829999923706055 31.479999542236328 AB 7.996667421837252 1.2251360858724691
63156.089 lsst_hardware_g -22.472079878517775 15.289999961853027 31.40999984741211 AB 8.331099874343675 1.2103732398528286
63158.0676 lsst_hardware_r -20.893091886879564 24.6200008392334 31.479999542236328 AB 4.628373196233755 1.22389771606005
63158.085 lsst_hardware_i -10.07334692218133 32.599998474121094 31.229999542236328 AB 5.081892020453303 1.2097822616536984
63160.0704 lsst_hardware_z 37.231156645447705 44.61000061035156 30.93000030517578 AB 3.5904732106808206 1.2152557829351676
63160.0877 lsst_hardware_i 11.842587329617123 33.41999816894531 31.229999542236328 AB 3.191814063681916 1.2084482967087236
63162.0733 lsst_hardware_z -5.350256979636116 46.25 30.940000534057617 AB 5.218790906915694 1.210084263385472
63162.0915 lsst_hardware_g -22.67600096937016 29.170000076293945 31.579999923706055 AB 6.461537697540349 1.2109706757845413
63167.0415 lsst_hardware_i 76.67768221680592 109.58000183105469 31.309999465942383 AB 4.369264730833493 1.2258867610475077
63167.0584 lsst_hardware_z -7.310116417447231 93.2699966430664 30.979999542236328 AB 3.3019947271981755 1.2106305140964897
63185.0182 lsst_hardware_y 45.933358722529995 55.65999984741211 30.0 AB 6.750713575623621 1.2084337207990252
63185.0352 lsst_hardware_r -19.42736178746538 25.030000686645508 31.489999771118164 AB 6.794979093067462 1.2153242382485663
