data/validation/pwv_sim_epoch_fit_4/52612431.ecsv
# %ECSV 0.9
# ---
# datatype:
# - {name: time, datatype: float64}
# - {name: band, datatype: string}
# - {name: flux, datatype: float64}
# - {name: fluxerr, datatype: float64}
# - {name: zp, datatype: float64}
# - {name: zpsys, datatype: string}
# - {name: pwv, datatype: float64}
# - {name: airmass, datatype: float64}
# meta: {SNID: '52612431', alt: 1024.0, c: -0.07776255905628204, dec: -28.122234, lat: -30.244573, lon: -70.7499537, ra: 149.765625, t0: 61526.9375,
#   x0: 6.561392554438695e-06, x1: 1.0408202409744263, z: 0.5479326248168945}
# schema: astropy-2.0
time band flux fluxerr zp zpsys pwv airmass
61378.219 lsst_hardware_g -22.160240687786878 13.729999542236328 31.100000381469727 AB 8.495356138370202 1.953741422036358
61378.2402 lsst_hardware_r -24.415525712826998 24.93000030517578 31.3700008392334 AB 7.239092858282593 1.655690515931632
61380.2209 lsst_hardware_i 15.137469032346907 35.27000045776367 31.1299991607666 AB 9.851413727784266 1.836665341931454
61380.2421 lsst_hardware_z 34.1232914513815 47.20000076293945 30.889999389648438 AB 8.415366058245935 1.5759850289332693
61382.2353 lsst_hardware_g -1.0095972957317032 13.8100004196167 31.229999542236328 AB 8.303325535104381 1.589761733697948
61382.2572 lsst_hardware_i -25.754455559715257 33.290000915527344 31.200000762939453 AB 9.06140845974139 1.3983295377806213
61384.2389 lsst_hardware_z -3.3611891715324105 47.43000030517578 30.899999618530273 AB 14.13157235750825 1.502293305192231
61384.2623 lsst_hardware_r -14.027441946591328 23.850000381469727 31.450000762939453 AB 12.257806076796994 1.327105080582146
61388.2398 lsst_hardware_r -27.76077990904065 33.70000076293945 32.16999816894531 AB 10.969034200049359 1.4058358474911998
61388.261 lsst_hardware_i 39.74126278860613 45.56999969482422 31.969999313354492 AB 10.076219238661007 1.2714472225439757
61391.2456 lsst_hardware_z 44.999377078842386 44.709999084472656 30.93000030517578 AB 11.02713647097113 1.3123897890630285
61391.2684 lsst_hardware_r -8.215452223988686 23.079999923706055 31.479999542236328 AB 8.417856107861335 1.1966956118792103
61393.2395 lsst_hardware_z 33.60426204657664 45.16999816894531 30.93000030517578 AB 6.806288714626432 1.3162422577116304
61393.2619 lsst_hardware_r 7.900086244066873 23.219999313354492 31.469999313354492 AB 5.2682653304134215 1.2011548860950862
61395.2421 lsst_hardware_i -2.2109450761634335 46.9900016784668 31.270000457763672 AB 7.494857915844184 1.2703149009905397
61395.2644 lsst_hardware_z -1.5650510844301402 48.4900016784668 30.950000762939453 AB 6.297940832752654 1.1687382468302585
61404.2517 lsst_hardware_r -49.909079974593354 42.119998931884766 31.59000015258789 AB 9.806562709265544 1.1271911160075339
61404.2745 lsst_hardware_z -45.50659955581777 46.560001373291016 30.959999084472656 AB 9.280776166802125 1.0667558812416238
61406.2578 lsst_hardware_g -9.440202216975282 19.110000610351562 31.530000686645508 AB 7.737061089804028 1.0936293223501081
61406.2796 lsst_hardware_r -11.943982447471631 26.479999542236328 31.540000915527344 AB 7.39887047941749 1.0461634200368743
61408.2567 lsst_hardware_i -11.404300974124332 30.3799991607666 31.239999771118164 AB 4.708076270254121 1.0825652495410716
61408.2779 lsst_hardware_z 13.637879903748459 40.72999954223633 30.940000534057617 AB 4.542391785370498 1.0398455059985876
61410.2613 lsst_hardware_r 11.516576663611874 22.229999542236328 31.489999771118164 AB 11.091447550706567 1.0600975739811305
61410.2827 lsst_hardware_g -8.886512686821863 13.34000015258789 31.399999618530273 AB 10.731750943571534 1.0251632807105429
61412.2589 lsst_hardware_r 23.803351058332442 21.969999313354492 31.479999542236328 AB 9.823899977061437 1.054066521143931
61412.2805 lsst_hardware_i 9.20171811266093 29.81999969482422 31.25 AB 9.731695172999865 1.0212535380498329
61414.2084 lsst_hardware_i 31.700713252795758 31.170000076293945 31.229999542236328 AB 8.25241536884613 1.1850533647598105
61414.2259 lsst_hardware_z 48.04190867396265 41.97999954223633 30.940000534057617 AB 7.817691340343202 1.1224654639927063
61416.2081 lsst_hardware_r 5.215697803559385 22.790000915527344 31.469999313354492 AB 7.977575763255199 1.1648079862636262
61416.2248 lsst_hardware_u -1.2128363847203458 2.640000104904175 28.389999389648438 AB 7.100011414331042 1.1093767834892252
61419.2053 lsst_hardware_g 10.530278473959793 13.430000305175781 31.3799991607666 AB 9.108785113244231 1.145302933411542
61419.223 lsst_hardware_r 3.3939787464660376 22.309999465942383 31.489999771118164 AB 8.619064274836889 1.0918154700999954
61421.2077 lsst_hardware_i 31.199521252595293 30.780000686645508 31.239999771118164 AB 5.795600036687523 1.119652264996382
61421.2251 lsst_hardware_z 52.57069319736839 41.29999923706055 30.940000534057617 AB 5.435585108430157 1.0733777860249125
61423.2139 lsst_hardware_r -40.26456804430092 33.33000183105469 31.579999923706055 AB 7.291148068234669 1.0871493143491058
61423.2325 lsst_hardware_g 19.866358403481485 13.550000190734863 31.43000030517578 AB 6.918244565186472 1.0473725118873385
61425.2098 lsst_hardware_r 15.101662127682243 58.709999084472656 31.6299991607666 AB 10.839381944854914 1.0837575682241207
61425.2274 lsst_hardware_i 1.4489688797763085 49.439998626708984 31.31999969482422 AB 10.370527885833152 1.0467350881486972
61427.214 lsst_hardware_z 39.39014735190711 64.41999816894531 30.979999542236328 AB 10.088158639242495 1.0619114357097363
61427.2322 lsst_hardware_i 50.155217098754676 72.05999755859375 31.329999923706055 AB 9.790425161021751 1.030571069581237
61429.2244 lsst_hardware_z -17.321426379125892 96.08000183105469 31.739999771118164 AB 10.488153242542085 1.033926778641775
61431.2121 lsst_hardware_r -102.36070259312767 71.16000366210938 31.649999618530273 AB 14.755915300191978 1.0448514993940152
61431.2295 lsst_hardware_i -66.74751507624471 58.5099983215332 31.329999923706055 AB 14.346960820337495 1.0202646010764824
61433.111 lsst_hardware_g 7.193744047538182 13.619999885559082 31.280000686645508 AB 17.98721234041663 1.4520453957954897
61433.1296 lsst_hardware_r -2.8752817271977733 31.81999969482422 31.520000457763672 AB 15.643289389771503 1.3204430986554827
61437.1145 lsst_hardware_r -45.46084084417985 23.579999923706055 31.440000534057617 AB 10.299589434105622 1.3468210401149363
61437.1334 lsst_hardware_u -0.7151714952934232 2.5199999809265137 28.239999771118164 AB 10.447618614925767 1.2397055609523306
61439.1109 lsst_hardware_g -6.32946217984056 13.819999694824219 31.350000381469727 AB 9.71483812971365 1.334868349381835
61439.1299 lsst_hardware_i 12.968169545258712 31.709999084472656 31.229999542236328 AB 9.214362765442932 1.230235685591911
61441.1135 lsst_hardware_z -19.370117651885028 44.900001525878906 30.93000030517578 AB 7.947755586921865 1.2868080717127526
61441.1313 lsst_hardware_r -13.16900986123446 23.15999984741211 31.469999313354492 AB 7.598187360022457 1.1992088636398983
61444.1157 lsst_hardware_u 2.424185731891956 2.640000104904175 28.329999923706055 AB 10.550364439465158 1.2328552688971088
61444.1345 lsst_hardware_g 20.091248665720208 13.710000038146973 31.3799991607666 AB 9.85387114137202 1.1542996260880931
61451.1116 lsst_hardware_z 7.743051129398007 45.22999954223633 30.940000534057617 AB 1.7434093536718116 1.1683744132727432
61451.1295 lsst_hardware_r -0.8939885368894409 31.3799991607666 31.549999237060547 AB 3.248265370482263 1.1086229933386562
61453.1047 lsst_hardware_i 27.301510767542904 46.150001525878906 31.280000686645508 AB 2.805130742363325 1.1739404655213748
61453.1238 lsst_hardware_z -15.175605611100714 48.779998779296875 30.959999084472656 AB 2.631293080288936 1.109314114793011
61455.1083 lsst_hardware_r -77.69987870783393 83.7300033569336 31.6299991607666 AB 3.8508975028814962 1.1408658198883583
61455.1281 lsst_hardware_z 52.55814810900104 61.310001373291016 30.979999542236328 AB 3.35407362639628 1.0832404865097254
61459.1133 lsst_hardware_i -70.76535688660222 71.9000015258789 31.329999923706055 AB 7.210457418041093 1.0930870171493756
61459.1336 lsst_hardware_z 3.210702183770719 64.0199966430664 30.989999771118164 AB 8.006807021070296 1.0484573962837984
61463.1009 lsst_hardware_r -5.770912491691636 22.889999389648438 31.489999771118164 AB 7.343698166496474 1.097015822010901
61463.1208 lsst_hardware_i -79.25359583586282 33.86000061035156 31.270000457763672 AB 6.883893076378793 1.0518994653900435
61465.1104 lsst_hardware_z 20.090198196724362 41.22999954223633 30.950000762939453 AB 4.410392500611495 1.061594054786736
61465.1298 lsst_hardware_i -43.25289901263767 30.110000610351562 31.25 AB 4.1734987855460774 1.0287155005043327
61467.0066 lsst_hardware_y -81.54969976726524 85.87999725341797 29.899999618530273 AB 8.268191251385636 1.5556333492729324
61467.0263 lsst_hardware_z 6.009139081394841 45.959999084472656 30.920000076293945 AB 7.394781566721369 1.3898223718934903
61471.0046 lsst_hardware_z -112.1910434360282 71.94000244140625 30.940000534057617 AB 9.492527570742054 1.4740521869237242
61471.0254 lsst_hardware_r -43.950753713842474 23.6200008392334 31.440000534057617 AB 8.53378194618966 1.3231695396836276
61475.0026 lsst_hardware_y 92.49010415798368 72.33000183105469 29.950000762939453 AB 11.31367395234077 1.40333341011422
61475.0236 lsst_hardware_u 0.16463695686648216 2.619999885559082 28.280000686645508 AB 10.285759133017324 1.2707096340746504
61477.999 lsst_hardware_y 49.850152565849406 78.5199966430664 29.950000762939453 AB 18.39018696426686 1.3706035213196783
61478.0213 lsst_hardware_i -17.94169744106755 33.310001373291016 31.219999313354492 AB 17.180281655466366 1.2404535491311457
61479.9973 lsst_hardware_y -61.23506033478549 75.08000183105469 29.950000762939453 AB 10.361181745264469 1.3454624060509852
61480.0164 lsst_hardware_r 20.353226948379493 33.88999938964844 31.530000686645508 AB 10.012240700192853 1.2377090036499991
61482.003 lsst_hardware_y -115.65046312634577 98.5 30.739999771118164 AB 9.927764058321928 1.2787742716972923
61485.9916 lsst_hardware_z 166.8192258394959 97.81999969482422 30.969999313354492 AB 6.459351112275245 1.2814054115937004
61486.0086 lsst_hardware_i -4.109817284183316 92.7699966430664 31.309999465942383 AB 6.335157477734557 1.1984785239754654
61490.9883 lsst_hardware_y -11.161706319442523 72.66999816894531 30.010000228881836 AB 7.493327596555036 1.2284143600909896
61491.004 lsst_hardware_r -7.470323802425907 23.31999969482422 31.489999771118164 AB 6.3715881717981375 1.1622567159926678
61492.9875 lsst_hardware_y -119.1812630545988 65.5 30.010000228881836 AB 9.174052187163966 1.2071121298899956
61493.0053 lsst_hardware_z -57.32632107385182 42.7599983215332 30.950000762939453 AB 7.39896271401526 1.1383019560023477
61494.9859 lsst_hardware_y -27.661518431856337 67.93000030517578 30.020000457763672 AB 10.515644270160891 1.1905626119626342
61495.0018 lsst_hardware_u 0.5608731097625745 2.869999885559082 28.489999771118164 AB 6.755984452193179 1.1318136734094295
61497.9834 lsst_hardware_y -77.37921911142233 65.48966286987103 30.020000457763672 AB 10.488889616535387 1.1678652321820384
61498.001 lsst_hardware_r -2.9784250010689624 23.03257567651249 31.479999542236328 AB 6.980152037547584 1.1091049555172137
61499.9892 lsst_hardware_z -1.3223164707811632 71.83843004573664 31.700000762939453 AB 10.010710996552167 1.1284124439555379
61501.9816 lsst_hardware_y -34.87128757068384 61.235883718310866 30.030000686645508 AB 12.838330180086391 1.1353818421478152
61502.0002 lsst_hardware_g 0.11381588284691714 14.366202933786926 31.399999618530273 AB 11.561472676714704 1.0821802477385358
61505.9785 lsst_hardware_y 85.27846350058911 62.31054783070142 30.040000915527344 AB 3.2710005903878754 1.1110106732141098
61505.9954 lsst_hardware_i 428.1280441783645 36.57340460236095 31.25 AB 3.117831776149361 1.0680554186066895
61509.9775 lsst_hardware_y 170.46355468538394 58.07099723135999 30.040000915527344 AB 12.25560696625533 1.084279126449202
61509.9955 lsst_hardware_z 544.4045425792877 51.40497359000788 30.959999084472656 AB 11.844501999077911 1.0464034277074816
61511.9755 lsst_hardware_y 148.03221684653963 60.641873433087646 30.049999237060547 AB 15.450490761356466 1.0759769324388824
61511.9919 lsst_hardware_i 1137.7295748125848 67.49044037661218 31.329999923706055 AB 14.990817770058188 1.0432023500388439
61513.9841 lsst_hardware_z 1563.7207818579134 103.56288309041983 31.739999771118164 AB 9.794014302065737 1.04724548344224
61516.974 lsst_hardware_y 425.1627982582892 59.51208645497635 30.059999465942383 AB 9.605189276986845 1.0506948097450537
61516.9931 lsst_hardware_r 2315.5905353248577 91.08003575507449 31.65999984741211 AB 9.289822825040154 1.02206703798885
61744.2191 lsst_hardware_z 1.7368205255445208 51.220001220703125 30.84000015258789 AB 5.1351744749732395 1.9178989635754393
61744.2393 lsst_hardware_i 31.829841788612317 34.939998626708984 31.149999618530273 AB 4.359174108160027 1.6426468612944047
61746.222 lsst_hardware_z 13.443682830574458 49.93000030517578 30.8700008392334 AB 7.607763760381656 1.7914671335279495
61746.2438 lsst_hardware_g -5.3273692131639 13.899999618530273 31.25 AB 6.491895550041777 1.5390933025229439
61748.234 lsst_hardware_r -29.34499055198649 43.77000045776367 31.479999542236328 AB 8.702667639035768 1.5820874678972445
61748.2572 lsst_hardware_y 20.377166106080445 50.90999984741211 29.93000030517578 AB 9.507928393122185 1.3836422594890396
61750.2334 lsst_hardware_z 37.3380712071429 57.470001220703125 30.90999984741211 AB 14.639546599854645 1.5341416400162393
61750.2552 lsst_hardware_r 142.83347212705948 60.06999969482422 31.559999465942383 AB 13.049860866492063 1.3597854398763938
61754.2414 lsst_hardware_r -86.50398457964731 83.80999755859375 31.56999969482422 AB 11.138221868556814 1.3795484930785218
61754.263 lsst_hardware_z 1.1129485348337775 61.369998931884766 30.950000762939453 AB 10.203469265253677 1.2503628524463262
61756.2466 lsst_hardware_z 22.845591698755147 60.0 30.950000762939453 AB 11.103661233676338 1.3105273310656773
61756.2685 lsst_hardware_i -41.48588230410699 58.97999954223633 31.290000915527344 AB 8.4706413232525 1.1992130421536247
61760.2507 lsst_hardware_y -16.327343605184055 49.7599983215332 29.979999542236328 AB 6.610969086242082 1.2303292344122505
61760.2725 lsst_hardware_g -7.328066048697755 24.31999969482422 31.56999969482422 AB 6.164782159810534 1.1419082785522106
61766.2539 lsst_hardware_z 67.80825042400392 42.34000015258789 30.940000534057617 AB 7.210812533403557 1.1496220226503175
61766.2739 lsst_hardware_r 5.170923202682378 22.399999618530273 31.489999771118164 AB 6.8313364141376605 1.0890641535983272
61768.2494 lsst_hardware_u -0.07758443692303371 3.6700000762939453 29.09000015258789 AB 8.236959221134859 1.1462509353095605
61768.2726 lsst_hardware_r 6.828634994118903 31.520000457763672 32.22999954223633 AB 7.747278780199718 1.0788078509375767
61772.2561 lsst_hardware_r -12.032178436308136 22.270000457763672 31.479999542236328 AB 5.2556894461842365 1.0927346551079573
61772.2778 lsst_hardware_u 1.6194707438492504 2.569999933242798 28.3700008392334 AB 5.126583271682375 1.0457435109163749
61774.2559 lsst_hardware_g 12.911699026226517 13.279999732971191 31.3799991607666 AB 2.972499819890201 1.0795677442777885
61774.2777 lsst_hardware_r 17.690457489574463 21.950000762939453 31.479999542236328 AB 2.76318423693651 1.0369393890370615
61776.2521 lsst_hardware_i -36.182055108690754 30.299999237060547 31.25 AB 8.069588058735567 1.075658232302795
61776.2746 lsst_hardware_z -28.874776027721847 40.63999938964844 30.950000762939453 AB 7.746974191448475 1.0333891762714729
61778.2628 lsst_hardware_r 13.174062907632882 22.0 31.489999771118164 AB 9.286039000444745 1.0433751685892971
61778.2854 lsst_hardware_g 27.54896123388357 13.260000228881836 31.40999984741211 AB 9.025485848277402 1.0140995335143148
61782.2048 lsst_hardware_i 71.73142719931386 72.66999816894531 31.299999237060547 AB 7.318195195410655 1.169601277834529
61782.2215 lsst_hardware_z 61.37365657453652 63.91999816894531 30.969999313354492 AB 5.737556207192618 1.1130619733629386
61783.2121 lsst_hardware_r 7.134920178248477 95.95999908447266 31.639999389648438 AB 5.003718312225867 1.133880082083097
61783.2299 lsst_hardware_z 38.28978768769616 66.19000244140625 30.989999771118164 AB 4.776224384014213 1.083023612708954
61786.2103 lsst_hardware_y -42.69630374258861 52.9900016784668 30.030000686645508 AB 5.620868201561601 1.1138887343319883
61786.2273 lsst_hardware_r -85.95807085171185 68.23999786376953 31.639999389648438 AB 5.41304437418728 1.0699830745576753
61788.2098 lsst_hardware_i 11.060637794471905 39.119998931884766 31.280000686645508 AB 7.3469941046408165 1.099739662405072
