data/validation/pwv_sim_epoch_fit_4/52733942.ecsv
# %ECSV 0.9
# ---
# datatype:
# - {name: time, datatype: float64}
# - {name: band, datatype: string}
# - {name: flux, datatype: float64}
# - {name: fluxerr, datatype: float64}
# - {name: zp, datatype: float64}
# - {name: zpsys, datatype: string}
# - {name: pwv, datatype: float64}
# - {name: airmass, datatype: float64}
# meta: {SNID: '52733942', alt: 1024.0, c: -0.13834205269813538, dec: -44.597992, lat: -30.244573, lon: -70.7499537, ra: 154.152893, t0: 62635.58984375,
#   x0: 9.60740031274865e-06, x1: 1.135270595550537, z: 0.46717262268066406}
# schema: astropy-2.0
time band flux fluxerr zp zpsys pwv airmass
[from data line 132]
62921.2022 lsst_hardware_z -5.958826656190791 40.72999954223633 30.950000762939453 AB 10.099204366626692 1.0331666871229352
62925.1797 lsst_hardware_g 12.383180258451526 13.039999961853027 31.389999389648438 AB 6.39094931140417 1.0337160228716813
62925.1916 lsst_hardware_r 11.517623455634281 21.770000457763672 31.479999542236328 AB 6.363668791503554 1.0332028886218732
62927.1842 lsst_hardware_i -55.29862927294601 32.790000915527344 31.260000228881836 AB 4.003188085156532 1.0330363644978364
62927.1963 lsst_hardware_z -9.91261973922544 40.70000076293945 30.950000762939453 AB 4.028807479795013 1.0356831567596436
62929.1839 lsst_hardware_r 16.464811560360037 45.130001068115234 31.6200008392334 AB 6.661156482214518 1.0336990195863622
62929.1965 lsst_hardware_z -6.920896178800865 46.36000061035156 30.959999084472656 AB 6.71066717418089 1.0382404539616137
62932.1772 lsst_hardware_z -11.370865047433773 59.849998474121094 30.979999542236328 AB 9.722378391396358 1.0340205680825694
62932.1886 lsst_hardware_i 87.76204513589758 65.52999877929688 31.329999923706055 AB 9.7630866811291 1.038396101693326
62935.1823 lsst_hardware_z 6.95556530359317 69.83999633789062 31.0 AB 11.330061482830613 1.0394551819110653
62935.1938 lsst_hardware_r 24.34363731344471 103.76000213623047 31.65999984741211 AB 11.422804961040798 1.0479637578936511
62937.1659 lsst_hardware_r -90.45410119205387 98.61000061035156 32.400001525878906 AB 8.530825966540759 1.0346456671432733
62937.1781 lsst_hardware_y -54.23306906173549 72.33999633789062 30.799999237060547 AB 8.271610767790229 1.040214302922632
62943.1443 lsst_hardware_r 13.783950500666519 22.040000915527344 31.5 AB 6.352939606317064 1.0334604264210931
62943.1553 lsst_hardware_u -2.5472684481470522 2.7699999809265137 28.540000915527344 AB 6.407147774300066 1.0367972449209086
62946.1416 lsst_hardware_g -25.401448193490218 13.359999656677246 31.43000030517578 AB 5.319380587677208 1.0347311890440347
62946.1533 lsst_hardware_i 14.506582952012172 30.09000015258789 31.260000228881836 AB 5.328237194931929 1.0400788343096081
62948.1356 lsst_hardware_z -74.20253697983796 40.93000030517578 30.959999084472656 AB 7.754119156144486 1.0345722689985972
62948.1487 lsst_hardware_r -31.277175464246756 22.170000076293945 31.510000228881836 AB 7.779996300843365 1.0406165634905744
62954.1228 lsst_hardware_z 41.31359647376916 40.84000015258789 30.959999084472656 AB 7.1189842510509544 1.035777380513494
62954.1354 lsst_hardware_r 7.289789490136945 22.149999618530273 31.510000228881836 AB 6.8491845617358775 1.0427054544406593
62956.1126 lsst_hardware_r 27.260563485252188 29.90999984741211 31.56999969482422 AB 5.285060775997571 1.0342584688840646
62956.1235 lsst_hardware_z -35.25895838852871 42.380001068115234 30.959999084472656 AB 5.3360000184849445 1.0386374731844175
62958.1102 lsst_hardware_z 108.92379384356926 46.130001068115234 30.969999313354492 AB 8.872815501899684 1.0351733104806602
62958.1227 lsst_hardware_i -28.619576900079654 41.470001220703125 31.299999237060547 AB 8.926804004138338 1.0414720390610432
62960.1064 lsst_hardware_z -57.58845375501524 54.060001373291016 30.969999313354492 AB 6.214636418284266 1.035772736380711
62960.1171 lsst_hardware_r -42.477188451309885 66.29000091552734 31.649999618530273 AB 6.2482781295635625 1.0413796882605937
62962.1153 lsst_hardware_y 10.584334234127182 78.83999633789062 30.809999465942383 AB 10.139002858025098 1.0440023536665624
62965.1023 lsst_hardware_r 43.39094011096788 86.38999938964844 31.65999984741211 AB 7.364563985921465 1.0406335998193394
62965.1163 lsst_hardware_i 10.880886453634542 68.33999633789062 31.329999923706055 AB 7.5148468016461685 1.0522048168084805
62968.0575 lsst_hardware_i 4.190439307649282 29.68000030517578 31.239999771118164 AB 6.4292767252359075 1.0349769358074545
62968.0712 lsst_hardware_z -49.10463108892099 40.38999938964844 30.940000534057617 AB 6.588214473551034 1.0329997998590466
62970.0956 lsst_hardware_u -2.4781266072313524 2.6500000953674316 28.450000762939453 AB 6.332643830857998 1.0457097285027657
62970.1074 lsst_hardware_r -0.6070757637875448 21.920000076293945 31.489999771118164 AB 6.544271836181353 1.057375279846186
62973.111 lsst_hardware_r -4.068302904062614 22.020000457763672 31.489999771118164 AB 15.263982382947907 1.0730391833355295
62973.1224 lsst_hardware_u 0.6833830041963114 2.680000066757202 28.450000762939453 AB 15.532430510137504 1.0922306833967268
62975.0917 lsst_hardware_g -5.4411802201570065 13.220000267028809 31.40999984741211 AB 9.577409676992586 1.055071294628732
62975.1029 lsst_hardware_r 4.560149258480837 22.049999237060547 31.5 AB 9.751762650798815 1.0691745254416245
62979.0908 lsst_hardware_r 19.901391572863194 21.90999984741211 31.489999771118164 AB 4.847867660438939 1.0675183397608454
62979.1025 lsst_hardware_g -10.048880443407143 13.069999694824219 31.3799991607666 AB 4.896189374197624 1.0858703424700873
62984.0316 lsst_hardware_r 15.972900838852537 24.399999618530273 31.520000457763672 AB 1.5500381587878036 1.0333587725252025
62984.0433 lsst_hardware_z 9.55780648347817 41.119998931884766 30.950000762939453 AB 1.66698031751164 1.0367867632496983
62988.0797 lsst_hardware_r -73.56676664693578 54.599998474121094 31.6200008392334 AB 9.147886143623966 1.0890340647171388
62988.0913 lsst_hardware_z 131.31773412235353 51.2400016784668 30.959999084472656 AB 9.956721165829656 1.1122756841366215
62990.0318 lsst_hardware_y 102.65234228773048 73.30999755859375 30.799999237060547 AB 11.42640908534642 1.039284104356398
62995.0212 lsst_hardware_r 83.87933924162724 55.04999923706055 31.639999389648438 AB 9.454070054776565 1.0411684760636069
62995.0343 lsst_hardware_i 34.02809604915865 52.16999816894531 31.31999969482422 AB 9.558488413651297 1.0521272527157304
63002.0016 lsst_hardware_g 3.9677195606081765 13.010000228881836 31.399999618530273 AB 5.494141888287956 1.040852872650934
63002.0148 lsst_hardware_i 65.16936371897509 29.920000076293945 31.25 AB 5.509528134667983 1.0517377368842193
63004.9912 lsst_hardware_z -9.2293526695119 57.470001220703125 31.700000762939453 AB 9.94181013913464 1.0394943030750088
63005.004 lsst_hardware_r 26.462915924596786 30.719999313354492 32.2400016784668 AB 8.52830092735195 1.0492065934818886
63009.9944 lsst_hardware_u -3.817176962449499 2.5799999237060547 28.3799991607666 AB 8.400505968104943 1.05322291475739
63010.0077 lsst_hardware_g -8.375657008056523 12.9399995803833 31.3700008392334 AB 7.95820744414464 1.0697114458665435
63012.9889 lsst_hardware_r -6.282587748336174 23.709999084472656 31.5 AB 6.1186089299972934 1.056146535672758
63013.0017 lsst_hardware_i 21.02045159254458 30.8799991607666 31.25 AB 6.304012626508646 1.0729321124174362
