data/validation/pwv_sim_epoch_fit_4/52799317.ecsv
# %ECSV 0.9
# ---
# datatype:
# - {name: time, datatype: float64}
# - {name: band, datatype: string}
# - {name: flux, datatype: float64}
# - {name: fluxerr, datatype: float64}
# - {name: zp, datatype: float64}
# - {name: zpsys, datatype: string}
# - {name: pwv, datatype: float64}
# - {name: airmass, datatype: float64}
# meta: {SNID: '52799317', alt: 1024.0, c: -0.10487488657236099, dec: -7.481631, lat: -30.244573, lon: -70.7499537, ra: 244.160156, t0: 61857.10546875,
#   x0: 2.545878651376537e-06, x1: 0.3312893509864807, z: 0.8071973323822021}
# schema: astropy-2.0
time band flux fluxerr zp zpsys pwv airmass
61840.3902 lsst_hardware_z 571.2737906769761 84.32799928453338 31.729999542236328 AB 7.193313418522596 1.0898959725034236
61845.3885 lsst_hardware_z 519.3218497409234 67.59794198155544 30.979999542236328 AB 8.324734527987838 1.0844675662844028
61845.4076 lsst_hardware_y 326.0830149527746 74.74228076324086 30.049999237060547 AB 8.333139497184881 1.087687891209304
61847.3882 lsst_hardware_r 803.3843956081648 58.87084541811033 31.6200008392334 AB 7.7607093865115955 1.0838979590099993
61847.408 lsst_hardware_y 140.3191953722145 68.90475891242143 30.049999237060547 AB 7.838704172810883 1.0916275003044087
61851.3792 lsst_hardware_g 173.98905318256365 20.70036735141153 31.469999313354492 AB 6.309172008431889 1.0839570498122397
61851.4003 lsst_hardware_z 593.0375178586635 49.86532582185834 30.950000762939453 AB 6.387162061504895 1.094394870251428
61855.3071 lsst_hardware_r 682.6289795531694 35.61970083136895 31.489999771118164 AB 7.356388543595131 1.158425575076657
61855.3245 lsst_hardware_u 6.799283414591393 2.8258800794547074 28.3799991607666 AB 7.158560715971123 1.120158676607207
61857.2978 lsst_hardware_g 95.36868150802488 18.29147161594984 31.40999984741211 AB 8.78545306001453 1.1690037780556581
61857.3158 lsst_hardware_i 925.006046427587 43.980037302514475 31.239999771118164 AB 8.262174905810229 1.1261483288246563
61861.3517 lsst_hardware_u -0.33447019075465345 2.7826113045959184 28.399999618530273 AB 6.585501881737023 1.0839440180622346
61861.3697 lsst_hardware_g 74.66030289236159 17.439305004283835 31.420000076293945 AB 6.558666229053811 1.0915646549145204
61863.3498 lsst_hardware_r 484.9190618599571 32.59297678032726 31.489999771118164 AB 6.295939167217561 1.0844161045874703
61863.3671 lsst_hardware_i 778.4396411900939 42.776759824951384 31.239999771118164 AB 6.3082325429106945 1.0939922034096152
61865.3492 lsst_hardware_z 587.5834557643501 47.72118368703015 30.940000534057617 AB 8.392948978834552 1.085880191331694
61865.368 lsst_hardware_r 474.61465833598663 31.997057220696753 31.5 AB 8.403707415622367 1.100621980763639
61867.3208 lsst_hardware_r 474.0028259217546 37.21158510318499 31.559999465942383 AB 9.127715474145278 1.0872691921833546
61867.3389 lsst_hardware_z 541.9185664724004 47.63117986384707 30.950000762939453 AB 8.87055486904574 1.084419910641299
61873.2463 lsst_hardware_y 283.1886149392693 63.72002307956214 30.020000457763672 AB 14.568628463358415 1.1931718643209186
61873.2647 lsst_hardware_r 252.0092408913863 115.2305796923124 31.639999389648438 AB 13.584340651694113 1.141781101214046
61875.2978 lsst_hardware_r 458.57058316690217 69.57436070957192 31.639999389648438 AB 10.594523779589327 1.0879009888164837
61875.315 lsst_hardware_i 578.5436550463127 63.0860052967929 31.31999969482422 AB 10.725928090455408 1.084084100510957
61879.2735 lsst_hardware_z 346.6336914044679 46.66156047354249 30.940000534057617 AB 10.744614876582615 1.0991933377578122
61879.2904 lsst_hardware_r 213.66761669668446 30.21661790402596 31.520000457763672 AB 10.667824325020858 1.0861521457682868
61882.2844 lsst_hardware_r 143.43971882029214 26.923901309620803 31.5 AB 9.202039875057196 1.085316858986145
61882.2961 lsst_hardware_u -0.622693049070381 2.7829859223264397 28.43000030517578 AB 7.575495751968047 1.0841108728801183
61884.2899 lsst_hardware_g 67.78630286157437 15.856591427941511 31.440000534057617 AB 9.15242653412538 1.0840254097033497
61884.3055 lsst_hardware_r 135.32053527208998 26.5479142833908 31.489999771118164 AB 9.705411583664093 1.0904956835577633
61887.1916 lsst_hardware_r 107.63398189180748 26.652615719015824 31.459999084472656 AB 4.474082680258806 1.2570590532218606
61887.2108 lsst_hardware_g 4.869505947178029 15.539056574692086 31.389999389648438 AB 3.4194959547874597 1.1843435638712532
61890.2648 lsst_hardware_u 1.346500153454153 2.7291942073502318 28.3700008392334 AB 11.47790192246727 1.0846628163359733
61890.2832 lsst_hardware_r 104.4881597049143 25.859782368963337 31.489999771118164 AB 11.47604385012123 1.0868838095202578
61892.2064 lsst_hardware_i 166.4286591578623 34.951168091959865 31.25 AB 9.073225489495009 1.1575944742912745
61892.2231 lsst_hardware_z 178.69876976749111 45.115092860689685 30.950000762939453 AB 9.041019057688382 1.1208453813963593
61896.2641 lsst_hardware_i 135.5274668454134 49.84621909679907 31.309999465942383 AB 2.8383850072672336 1.0857012650518552
61896.2827 lsst_hardware_z 217.8942334853704 51.43837343120685 30.969999313354492 AB 2.8770265964311355 1.0998508810823073
61907.179 lsst_hardware_i 45.514899075994556 34.42613423357083 31.25 AB 7.702031164759029 1.1267142993674064
61909.2031 lsst_hardware_r 47.47284345647086 24.83816094175362 31.5 AB 9.121703924769763 1.0890394792334883
61909.2224 lsst_hardware_u -2.612255486724241 2.7808729179282414 28.3799991607666 AB 8.690998336464148 1.0841162166067546
61925.0827 lsst_hardware_z 165.07071941317562 81.94386818496463 31.700000762939453 AB 14.722914982980388 1.281135417829409
61925.0985 lsst_hardware_r 10.391279633315685 65.94493855587872 31.600000381469727 AB 14.093481168546328 1.213647463383968
61927.1571 lsst_hardware_z 20.163875833184857 82.10264520023905 30.989999771118164 AB 6.1294576498548885 1.0872170014376106
61927.1823 lsst_hardware_r 151.9618756448381 117.64000056914892 31.649999618530273 AB 5.9601010672095285 1.0869485228953957
61943.1226 lsst_hardware_g 0.39380937812693867 15.094873457760926 31.450000762939453 AB 2.798620863216455 1.084176470770859
61943.1413 lsst_hardware_i 5.923861012789053 32.33211254032286 31.25 AB 2.8404320586048373 1.0884271523584548
61957.093 lsst_hardware_i 44.84716649222162 98.0 31.34000015258789 AB 5.731942880196549 1.0843972026227116
61957.1146 lsst_hardware_z 51.2625675984982 81.91000366210938 30.989999771118164 AB 5.793202508008685 1.0981333538069944
61959.0865 lsst_hardware_r -12.23780078429575 105.44000244140625 31.649999618530273 AB 1.8812911204449838 1.0842134975188318
61959.1086 lsst_hardware_z -79.05821716615979 71.41999816894531 30.979999542236328 AB 1.8696863188193187 1.0975558079361345
61961.0484 lsst_hardware_u 31.740590597539207 16.25 29.389999389648438 AB 9.220554042666823 1.1006002855977826
61961.0699 lsst_hardware_g -17.024525848793328 74.06999969482422 31.719999313354492 AB 9.101583249535818 1.0849533510925045
61963.0479 lsst_hardware_r 8.112474377989791 23.739999771118164 31.489999771118164 AB 8.959276273574972 1.095288364503096
61963.0692 lsst_hardware_z 70.01859657010674 42.029998779296875 30.940000534057617 AB 8.803953560468084 1.0840304821114428
61975.0305 lsst_hardware_r -8.3076543034129 33.709999084472656 32.2400016784668 AB 6.806778152679072 1.0853220546392355
61975.0556 lsst_hardware_i 4.898334920606725 44.58000183105469 31.989999771118164 AB 6.645956060452805 1.0895009935168534
61977.0219 lsst_hardware_z 6.565515325500356 59.599998474121094 31.690000534057617 AB 9.984911373275933 1.0865762521701903
61977.0449 lsst_hardware_r 33.34338422260383 33.88999938964844 32.2400016784668 AB 9.247881328180314 1.08653732217977
61980.0323 lsst_hardware_z -62.422566777305455 44.290000915527344 30.950000762939453 AB 4.814262497802571 1.0849042248569174
61980.0556 lsst_hardware_g -27.858594526076843 27.59000015258789 31.610000610351562 AB 4.248363983587205 1.102564293504184
61988.0214 lsst_hardware_g -41.819156277368094 98.27999877929688 31.709999084472656 AB 1.3826392389369253 1.0904094944297518
61988.0479 lsst_hardware_r 145.46002789736278 90.9800033569336 31.6299991607666 AB 1.9505423962182995 1.124664076235806
61988.9763 lsst_hardware_y -160.6711235013698 74.62000274658203 30.780000686645508 AB 3.461534154446804 1.095884599339427
61988.9982 lsst_hardware_i -134.4946304445753 87.48999786376953 32.06999969482422 AB 3.408204083963091 1.0840343778508559
61990.9755 lsst_hardware_y -132.5309951676544 50.4900016784668 30.030000686645508 AB 3.719214421919847 1.0917192109546774
61990.9935 lsst_hardware_r -32.04218584437955 24.34000015258789 31.510000228881836 AB 3.6986891713047463 1.0839708410017328
61995.9706 lsst_hardware_y -47.56525364294043 87.47000122070312 30.799999237060547 AB 5.4202680480131304 1.086316769539166
61995.9901 lsst_hardware_z 104.89766818619314 60.29999923706055 31.709999084472656 AB 5.5625240846210495 1.08537055309679
62205.3827 lsst_hardware_u -0.47691051195461515 3.2200000286102295 28.56999969482422 AB 10.18461873116939 1.096987925446842
62205.4007 lsst_hardware_z 98.70701408414062 49.97999954223633 30.969999313354492 AB 10.06161622207587 1.0850053438615244
62207.3849 lsst_hardware_r -2.1626113776554745 24.540000915527344 31.510000228881836 AB 7.918034624533227 1.0902629431371287
62207.4042 lsst_hardware_y -99.13508587021128 60.7400016784668 30.049999237060547 AB 7.963607783074704 1.0839264710868208
62209.3869 lsst_hardware_z -53.988051839365916 42.349998474121094 30.950000762939453 AB 12.267120256054074 1.0860343731382347
62209.4056 lsst_hardware_y 21.717053998799866 62.040000915527344 30.049999237060547 AB 12.238135540034076 1.0852698178408717
62210.3843 lsst_hardware_u 2.6455242094296456 2.7799999713897705 28.420000076293945 AB 10.517631603964276 1.0859805991066118
62210.403 lsst_hardware_y 18.628549345974886 55.97999954223633 30.040000915527344 AB 10.52093817173545 1.0853134531177233
62212.3816 lsst_hardware_r 7.314050418506954 24.15999984741211 31.510000228881836 AB 9.79756314831438 1.0850014560702526
62212.3996 lsst_hardware_y 13.495848797638091 49.790000915527344 30.040000915527344 AB 9.830981694059345 1.086096302050391
62215.3808 lsst_hardware_r -9.407121734655743 24.399999618530273 31.520000457763672 AB 6.0867269989743455 1.0838832431247722
62215.4001 lsst_hardware_y 21.34600592115152 49.5099983215332 30.040000915527344 AB 6.189812260354422 1.0912927116280517
62217.3822 lsst_hardware_g 7.669367096152938 15.229999542236328 31.469999313354492 AB 6.1025352325264794 1.0847987258957839
62217.4024 lsst_hardware_z 82.73683164112651 44.56999969482422 30.959999084472656 AB 6.258269772491922 1.0985684420927586
62219.3504 lsst_hardware_r 14.33470165434659 24.200000762939453 31.520000457763672 AB 7.422709722923354 1.0915749592534345
62219.3708 lsst_hardware_i -6.324205456194304 31.760000228881836 31.260000228881836 AB 7.370496371450904 1.0838965252133683
62221.3585 lsst_hardware_r 3.7676812742187544 24.209999084472656 31.520000457763672 AB 8.134531014553529 1.0846041352738038
62221.3772 lsst_hardware_u 3.91546259143125 2.9000000953674316 28.540000915527344 AB 6.960195621878086 1.0871059151703373
62223.3533 lsst_hardware_z -43.09534826572633 50.95000076293945 30.969999313354492 AB 8.64154660137746 1.0845427936676204
62223.3726 lsst_hardware_i 21.3797342377433 44.939998626708984 31.299999237060547 AB 8.558362885294194 1.0875588214115204
62225.3497 lsst_hardware_z -9.014730285714998 68.5199966430664 30.989999771118164 AB 6.745977026310387 1.0841845594477357
62225.3681 lsst_hardware_r 11.831459168783967 98.12999725341797 31.649999618530273 AB 6.9245787148579465 1.0881001555422547
62229.3177 lsst_hardware_z 28.964746033222436 65.63999938964844 30.979999542236328 AB 6.340590042470602 1.0964504209246797
62229.335 lsst_hardware_r -59.70533980734295 82.66999816894531 31.649999618530273 AB 6.18844866563306 1.0850582113909515
62231.3207 lsst_hardware_i 41.29537767982526 42.18000030517578 31.280000686645508 AB 7.503424566887757 1.089347352916341
62231.3393 lsst_hardware_z 24.66208263818266 47.43000030517578 30.950000762939453 AB 8.32172777144528 1.0839699675152787
62233.3218 lsst_hardware_r 11.495708745260012 27.530000686645508 31.540000915527344 AB 9.104860860313694 1.0858618185806292
62233.3409 lsst_hardware_z 19.09412687938104 42.81999969482422 30.950000762939453 AB 8.866557300121702 1.0855568914476799
62235.3216 lsst_hardware_g -4.602579889024179 15.039999961853027 31.43000030517578 AB 8.536501609258059 1.0843214847901959
62235.3397 lsst_hardware_i 39.94096593531682 31.6200008392334 31.239999771118164 AB 7.827165451668497 1.0874839113120525
62237.321 lsst_hardware_r 25.102956462491083 23.809999465942383 31.5 AB 3.8895144621055886 1.0838830882278514
62237.339 lsst_hardware_u -0.3264633873372605 2.819999933242798 28.489999771118164 AB 4.561691755053945 1.090509414121309
62241.2479 lsst_hardware_u -0.49703470376352554 2.7799999713897705 28.43000030517578 AB 11.69039416826182 1.1653878681725747
62241.2644 lsst_hardware_g -0.8345748234589784 15.050000190734863 31.450000762939453 AB 10.50264296521489 1.1265706841978214
62243.3047 lsst_hardware_r 15.897466183240775 24.030000686645508 31.520000457763672 AB 14.97657458729706 1.0838845368045638
62243.3232 lsst_hardware_i -44.938805819504395 31.690000534057617 31.260000228881836 AB 15.131378844515904 1.090942959229677
62247.2965 lsst_hardware_u 3.1631658309670674 2.7799999713897705 28.459999084472656 AB 9.707485921923748 1.0840599594543396
62247.3147 lsst_hardware_r -20.303203314679983 23.790000915527344 31.5 AB 9.73497580063579 1.0928965254713205
62249.2855 lsst_hardware_i -9.74150208373371 31.459999084472656 31.25 AB 6.153952388055622 1.0840148649032273
62249.3045 lsst_hardware_z 52.413025655479416 42.2599983215332 30.940000534057617 AB 6.150178279711368 1.0892983137993921
62251.292 lsst_hardware_r -3.198151991602923 45.869998931884766 31.6200008392334 AB 13.91258020317539 1.0856480845240257
62251.3106 lsst_hardware_z 35.88851966096054 47.31999969482422 30.959999084472656 AB 14.097031433539847 1.0997196632698076
62253.2899 lsst_hardware_y 66.63849538284899 56.380001068115234 30.040000915527344 AB 2.9235921232821394 1.087140326589993
62253.3095 lsst_hardware_r 37.506349621552665 96.8499984741211 31.639999389648438 AB 2.2360321635124953 1.1051229803191904
62258.266 lsst_hardware_z 26.607350444643735 60.36000061035156 30.979999542236328 AB 8.636307748900066 1.0840100099033596
62258.2837 lsst_hardware_r 6.465286247587999 75.51000213623047 31.639999389648438 AB 8.756905087896888 1.0920876832196655
62262.2588 lsst_hardware_i -10.802577442848136 33.43000030517578 31.260000228881836 AB 2.8418076368612093 1.0846594033821408
62262.2773 lsst_hardware_z 106.56456019133428 43.40999984741211 30.950000762939453 AB 2.8950835215044752 1.0962073159804904
62265.2488 lsst_hardware_g -34.90347427115513 15.149999618530273 31.459999084472656 AB 9.077549734435243 1.0842749324457013
62265.2669 lsst_hardware_r -24.61802530514263 24.209999084472656 31.510000228881836 AB 9.414626344814078 1.0940878959690967
62269.1999 lsst_hardware_z 75.14685049761069 42.619998931884766 30.950000762939453 AB 6.580469502912331 1.106767310015007
62269.2227 lsst_hardware_r -22.83319407898095 24.219999313354492 31.510000228881836 AB 7.178622962287586 1.086202675015451
62271.2036 lsst_hardware_u 1.215954901476429 2.740000009536743 28.399999618530273 AB 7.12479670411381 1.0958837234111334
62271.2254 lsst_hardware_r 19.880349149642488 24.139999389648438 31.5 AB 7.009283224771219 1.084021531823607
62278.1988 lsst_hardware_r 82.57271440517503 33.43000030517578 31.579999923706055 AB 5.745255103081398 1.0859227135360505
62278.2193 lsst_hardware_z 9.939619894488857 44.16999816894531 30.959999084472656 AB 5.178852997827852 1.0860549434471747
62281.1883 lsst_hardware_y -43.41105064793569 54.68000030517578 30.040000915527344 AB 6.944886475016231 1.086964272021948
62281.2068 lsst_hardware_r 129.15621944464053 83.66000366210938 31.649999618530273 AB 6.890393861802099 1.0846316731812362
62284.1651 lsst_hardware_r -150.99703296719397 154.52999877929688 31.649999618530273 AB 7.928617935168589 1.0990598745728568
62284.185 lsst_hardware_i 11.27265651402422 123.33000183105469 31.34000015258789 AB 8.244665498827372 1.0850147612073073
62286.1415 lsst_hardware_z -26.923913128069817 67.0999984741211 30.979999542236328 AB 13.600571239877969 1.1266523186423831
62286.1631 lsst_hardware_r 193.70130998015043 89.6500015258789 31.639999389648438 AB 13.253719592858575 1.09543925885268
62287.1784 lsst_hardware_z 3.3294804618857965 55.400001525878906 30.969999313354492 AB 8.421283445816375 1.0845879896730906
