data/validation/pwv_sim_epoch_fit_4/52826940.ecsv
# %ECSV 0.9
# ---
# datatype:
# - {name: time, datatype: float64}
# - {name: band, datatype: string}
# - {name: flux, datatype: float64}
# - {name: fluxerr, datatype: float64}
# - {name: zp, datatype: float64}
# - {name: zpsys, datatype: string}
# - {name: pwv, datatype: float64}
# - {name: airmass, datatype: float64}
# meta: {SNID: '52826940', alt: 1024.0, c: -0.04872780293226242, dec: -34.228867, lat: -30.244573, lon: -70.7499537, ra: 235.371094, t0: 62214.1875,
#   x0: 1.5007391089976886e-05, x1: 0.4214990735054016, z: 0.3876960277557373}
# schema: astropy-2.0
time band flux fluxerr zp zpsys pwv airmass
[from data line 132]
62580.2509 lsst_hardware_z 15.255016245159723 69.3499984741211 30.969999313354492 AB 5.908100255804131 1.1867428243526088
62580.2692 lsst_hardware_r -86.66499485804813 98.95999908447266 31.639999389648438 AB 5.589403410870024 1.1236110987777657
62582.2518 lsst_hardware_i 71.50167815480174 83.44999694824219 31.31999969482422 AB 6.1092079467405105 1.1628280650469514
62582.2703 lsst_hardware_r 65.59161798236882 101.41999816894531 31.649999618530273 AB 5.770250884693981 1.1049357814532015
62584.2608 lsst_hardware_z 60.209785659197095 94.29000091552734 31.729999542236328 AB 6.813613700244304 1.1162081664814405
62589.2607 lsst_hardware_r 15.412195861478905 23.889999389648438 31.510000228881836 AB 8.603734472562417 1.0811428088165997
62589.2805 lsst_hardware_u -0.30200549184403447 2.8399999141693115 28.510000228881836 AB 8.320205515827892 1.0427956153317115
62591.253 lsst_hardware_g -19.298828728580254 14.760000228881836 31.420000076293945 AB 4.977669043706289 1.0864121882918731
62591.2711 lsst_hardware_i -10.953413591311076 31.040000915527344 31.25 AB 4.821282593624953 1.0493024851460626
62594.2627 lsst_hardware_z -53.981311377931554 41.369998931884766 30.940000534057617 AB 6.272004373189055 1.0496639258924687
62594.2811 lsst_hardware_r -3.2762015443703 23.440000534057617 31.5 AB 6.133995704961589 1.0235694305555194
62596.2571 lsst_hardware_u -1.7167010593421685 2.7100000381469727 28.420000076293945 AB 7.2436498016217366 1.0499057592455894
62596.2764 lsst_hardware_g 13.722606522205568 14.720000267028809 31.450000762939453 AB 6.940904828347304 1.022726644648424
62600.2335 lsst_hardware_i -59.55579131718864 31.280000686645508 31.239999771118164 AB 7.961869628205775 1.0747664184943
62600.2515 lsst_hardware_z 0.015457966982964741 41.38999938964844 30.950000762939453 AB 5.417262902429971 1.0411806462483126
62602.1708 lsst_hardware_i 32.07138566118576 35.41999816894531 31.239999771118164 AB 4.211945457473128 1.2782515740542104
62602.1894 lsst_hardware_z 3.123821303316075 43.849998474121094 30.940000534057617 AB 3.928379232082441 1.1924656173477004
62604.1658 lsst_hardware_i -5.867703350663664 42.18000030517578 31.260000228881836 AB 10.746294663106493 1.2758400787264694
62604.1842 lsst_hardware_z 73.99448308529612 47.599998474121094 30.950000762939453 AB 11.852652621415025 1.1914209369825792
62606.1811 lsst_hardware_r 88.88631646766922 60.0 31.610000610351562 AB 11.703051391161907 1.1821264031476673
62606.1997 lsst_hardware_z 0.5004563170804603 51.869998931884766 30.969999313354492 AB 11.080295285663341 1.1192217460266
62614.1372 lsst_hardware_r -41.77536795394207 57.2599983215332 32.29999923706055 AB 7.018201705179013 1.2826833053420477
62614.1623 lsst_hardware_z -69.70964395996059 71.55000305175781 31.700000762939453 AB 6.215373170440291 1.1706136492025305
62616.1737 lsst_hardware_z -37.993144387114 42.58000183105469 30.940000534057617 AB 14.161107455821796 1.1154503887220555
62616.194 lsst_hardware_r 1.532238356156408 23.729999542236328 31.5 AB 13.522413040990008 1.0659109698287523
62618.1594 lsst_hardware_u -3.7458740215160957 2.680000066757202 28.350000381469727 AB 5.225575677820746 1.1426185884447697
62618.1776 lsst_hardware_g -3.491032674985804 14.850000381469727 31.43000030517578 AB 3.8222493584642656 1.0905133690341078
62620.1584 lsst_hardware_r 66.70538959180405 34.029998779296875 32.2400016784668 AB 9.356251832478652 1.1284488867756552
62620.1769 lsst_hardware_z 27.195416563362443 59.470001220703125 31.700000762939453 AB 10.564238704452057 1.079231632273928
62623.1603 lsst_hardware_g 3.157194104868317 15.010000228881836 31.459999084472656 AB 8.256846020698127 1.0997885744392124
62623.1803 lsst_hardware_r 14.313975964882651 23.889999389648438 31.520000457763672 AB 8.275005972223754 1.055418145810099
62625.1569 lsst_hardware_i 16.965409754057045 31.6200008392334 31.25 AB 11.047710884759828 1.0944829487576608
62625.1773 lsst_hardware_z 76.13131704677737 41.540000915527344 30.950000762939453 AB 9.623447968969494 1.0509963380079586
62627.1614 lsst_hardware_r -2.345282089413957 24.170000076293945 31.520000457763672 AB 3.65159934204713 1.0712691204910416
62627.1829 lsst_hardware_u -2.0165028968149974 2.880000114440918 28.549999237060547 AB 3.377767624435657 1.033694060318981
62631.1602 lsst_hardware_g -2.659891572342075 17.280000686645508 31.5 AB 7.424173299363446 1.052265748448135
62631.1792 lsst_hardware_i 58.72409582716904 31.0 31.25 AB 6.4527620881449606 1.024573211836291
62633.1593 lsst_hardware_z 17.03429030884514 44.97999954223633 30.959999084472656 AB 13.572870939623673 1.0445156014152785
62633.1791 lsst_hardware_r -10.666940890696788 38.349998474121094 31.610000610351562 AB 11.904081920664511 1.0188652466974848
62637.1674 lsst_hardware_y -97.4178732175729 88.94999694824219 30.81999969482422 AB 5.485490582356637 1.0196395022813343
62639.0868 lsst_hardware_z 61.04794852671104 156.47000122070312 31.739999771118164 AB 10.22502298614622 1.19890052991625
62644.0757 lsst_hardware_i -21.93927662346531 32.61000061035156 31.229999542236328 AB 2.313797392796834 1.188594551094264
62644.097 lsst_hardware_z 48.77685356592248 42.65999984741211 30.940000534057617 AB 2.849972553939299 1.1161772404462007
62649.0425 lsst_hardware_r -16.457379559431278 24.780000686645508 31.469999313354492 AB 9.33253994038873 1.278138316419365
62649.0748 lsst_hardware_u 2.6091253529636056 2.7300000190734863 28.389999389648438 AB 8.461106041644014 1.1424920951922102
62652.0592 lsst_hardware_z 5.001696568101923 43.220001220703125 30.940000534057617 AB 10.717810166143988 1.1682173596538417
62652.0871 lsst_hardware_u 1.320756470060011 2.6700000762939453 28.360000610351562 AB 9.543322249971714 1.0848793766546605
62657.05 lsst_hardware_i -11.15247890251151 32.5099983215332 31.239999771118164 AB 10.947994517560403 1.152420475532674
62657.0693 lsst_hardware_u 1.331646550831916 2.7100000381469727 28.3700008392334 AB 10.420384255162523 1.0950670472808262
62675.9668 lsst_hardware_y 17.790688509646746 50.7400016784668 29.959999084472656 AB 5.995601157315599 1.2886837522442272
62675.9857 lsst_hardware_g 9.188149191724586 14.869999885559082 31.399999618530273 AB 5.588321023137584 1.1992105199866059
62677.9688 lsst_hardware_z -13.55659898519018 45.22999954223633 30.93000030517578 AB 7.936518359055524 1.2504361681196667
62677.9905 lsst_hardware_i 83.77692773907957 32.11000061035156 31.239999771118164 AB 7.419762543391717 1.1599571453601611
62679.9666 lsst_hardware_y 92.09226561385911 49.88999938964844 29.979999542236328 AB 7.850872141072051 1.234964026071091
62679.9866 lsst_hardware_r 19.45176004519664 23.969999313354492 31.479999542236328 AB 7.336579251689611 1.1544880670916537
62681.9666 lsst_hardware_y -69.37018120199107 49.939998626708984 29.989999771118164 AB 1.9148045899778154 1.2106246090477486
62681.986 lsst_hardware_r 43.271493582627656 23.979999542236328 31.489999771118164 AB 1.8496592086792984 1.1382518207257222
62685.9672 lsst_hardware_y 48.980090758889745 49.38999938964844 30.010000228881836 AB 9.558502633036165 1.1651737225618535
62685.9877 lsst_hardware_z 54.19550590006272 42.22999954223633 30.940000534057617 AB 9.04000693944505 1.1013318234026734
62687.9689 lsst_hardware_y -57.99770154582843 49.86000061035156 30.020000457763672 AB 7.475309507434536 1.1405720945124227
62687.9907 lsst_hardware_u 5.701014628735035 3.2899999618530273 28.59000015258789 AB 7.053926870344464 1.0804544374059561
62693.9683 lsst_hardware_y -38.42678670669022 63.25 30.040000915527344 AB 11.611257357604174 1.0949970395470967
62693.9887 lsst_hardware_r 82.60161156543222 103.9000015258789 31.65999984741211 AB 11.165460707260612 1.051353398726679
62698.9675 lsst_hardware_y -30.934301535900403 49.63999938964844 30.030000686645508 AB 2.0229844078798505 1.0656634282071207
62698.9872 lsst_hardware_i 33.49040122681497 30.899999618530273 31.25 AB 1.9453663012519509 1.03248100906782
62703.9679 lsst_hardware_y 34.83978639257288 50.150001525878906 30.049999237060547 AB 5.586455014207757 1.0406311730905478
62703.9868 lsst_hardware_i -32.481473904282765 30.920000076293945 31.25 AB 5.453955382342899 1.0173708159197075
