data/validation/pwv_sim_epoch_fit_4/52848753.ecsv
# %ECSV 0.9
# ---
# datatype:
# - {name: time, datatype: float64}
# - {name: band, datatype: string}
# - {name: flux, datatype: float64}
# - {name: fluxerr, datatype: float64}
# - {name: zp, datatype: float64}
# - {name: zpsys, datatype: string}
# - {name: pwv, datatype: float64}
# - {name: airmass, datatype: float64}
# meta: {SNID: '52848753', alt: 1024.0, c: -0.0888964831829071, dec: -26.276812, lat: -30.244573, lon: -70.7499537, ra: 128.496094, t0: 59943.46875,
#   x0: 9.042099576118334e-05, x1: 0.22016409039497375, z: 0.17654269933700562}
# schema: astropy-2.0
time band flux fluxerr zp zpsys pwv airmass
59896.2947 lsst_hardware_g -40.823560226476694 56.77000045776367 31.6299991607666 AB 4.9630274541616775 1.2381258461174198
59896.3139 lsst_hardware_r -50.02544185153778 56.290000915527344 31.610000610351562 AB 4.718352875149405 1.156459038026727
59899.28 lsst_hardware_z 52.113185133888116 47.52000045776367 30.93000030517578 AB 7.596160125243656 1.2716963336949996
59899.2955 lsst_hardware_i -19.934550250642022 38.95000076293945 31.25 AB 5.854381421996896 1.1968937625630944
59901.2838 lsst_hardware_u 0.3793990208011143 2.6600000858306885 28.270000457763672 AB 4.899630715404695 1.2249076788511737
59901.3005 lsst_hardware_g 30.38167257988327 16.299999237060547 31.440000534057617 AB 5.299906785263745 1.1555449221114105
59903.2604 lsst_hardware_g -5.62852417017898 13.619999885559082 31.31999969482422 AB 5.79786178943884 1.321952146556452
59903.2766 lsst_hardware_r 9.851651913965103 22.989999771118164 31.450000762939453 AB 5.346968059913486 1.2332042421480267
59905.264 lsst_hardware_i 55.764503095654185 32.08000183105469 31.219999313354492 AB 3.8986435108197983 1.269640743861603
59905.2806 lsst_hardware_z 36.600938118352346 43.0 30.93000030517578 AB 3.7798492225156997 1.190628692519216
59907.2648 lsst_hardware_r -26.57640600322887 23.0 31.450000762939453 AB 10.921401210890407 1.2374824328244083
59907.2816 lsst_hardware_g -26.212818616248974 13.489999771118164 31.360000610351562 AB 10.114252020743633 1.164900894989189
59909.2828 lsst_hardware_i -19.00015317977616 30.729999542236328 31.229999542236328 AB 6.165296726727507 1.1409468990304437
59909.2996 lsst_hardware_z 23.475459484755365 41.43000030517578 30.940000534057617 AB 5.724915847251922 1.0908064491429512
59911.2629 lsst_hardware_z -17.809241176076007 43.5099983215332 30.93000030517578 AB 5.283031223118121 1.1962031525230377
59911.2792 lsst_hardware_i 16.68245690646492 31.1299991607666 31.239999771118164 AB 5.020452811298829 1.1346938210642357
59915.2842 lsst_hardware_i 2.920350068215615 30.450000762939453 31.239999771118164 AB 7.482200900524895 1.0882937481067136
59915.301 lsst_hardware_r 35.57532677802375 21.950000762939453 31.469999313354492 AB 6.860275466484543 1.051598099200533
59917.2226 lsst_hardware_r -47.99824160999794 54.56999969482422 31.56999969482422 AB 5.731259707400972 1.319350761372231
59917.2444 lsst_hardware_i 76.51875456457475 46.31999969482422 31.280000686645508 AB 5.282050520186243 1.2053971976691562
59919.2298 lsst_hardware_z 29.70043592874391 56.18000030517578 30.950000762939453 AB 6.6982752772808 1.248629933317327
59919.251 lsst_hardware_r 98.67284603598942 69.2699966430664 31.6200008392334 AB 6.021789175038869 1.1568498671307463
59921.2457 lsst_hardware_i 57.90360587058951 67.38900302303776 31.309999465942383 AB 5.869192701257095 1.156263337521381
59921.2681 lsst_hardware_z 88.85668369281899 59.84806753099229 30.979999542236328 AB 6.891008901817491 1.087581797664178
59923.2464 lsst_hardware_i 332.0986622794735 67.90826928902055 31.309999465942383 AB 10.680921232318898 1.1348195104461716
59923.2686 lsst_hardware_z 73.68356047050189 59.75886932880678 30.979999542236328 AB 9.973848755687555 1.073293562797617
59926.2415 lsst_hardware_g 2378.8804853080323 85.10451739595285 31.690000534057617 AB 12.201770766818646 1.1241986195387443
59926.2655 lsst_hardware_r 2709.3907117200406 85.06853633237645 31.639999389648438 AB 11.221341201729153 1.0622749279812385
59928.2476 lsst_hardware_i 7131.154848150258 123.90216398287535 32.06999969482422 AB 8.804865215345128 1.0911336743538342
59928.2696 lsst_hardware_r 10825.585073234131 141.82238823588554 32.400001525878906 AB 8.52535620458997 1.0443610221362913
59930.2447 lsst_hardware_u 499.4677338286897 30.623816172108114 29.450000762939453 AB 9.207238523261655 1.0846507331258783
59930.2669 lsst_hardware_g 10214.938452163464 124.64516645633044 31.729999542236328 AB 7.3672184252686295 1.0398332286899516
59932.1281 lsst_hardware_i 6838.779694056895 102.75108373245864 31.18000030517578 AB 6.565296540173374 1.8435371120177952
59932.15 lsst_hardware_z 4461.386654488207 95.9107800641007 30.920000076293945 AB 5.028082467847996 1.5712757712024987
59936.1472 lsst_hardware_i 11715.049169018957 124.67633400265179 31.25 AB 7.07873468673421 1.4939292339224246
59936.1696 lsst_hardware_z 6774.119083045999 107.09614387022182 30.959999084472656 AB 7.676886936364562 1.3263262628154793
59938.1503 lsst_hardware_r 20456.358659549835 156.40721822241167 31.549999237060547 AB 8.99381163591706 1.42279005511838
59938.1731 lsst_hardware_u 1349.5497014913656 41.509298985561486 29.239999771118164 AB 8.620157180901925 1.2739933021839167
59941.1262 lsst_hardware_u 1179.8687253175983 36.598874164350505 28.989999771118164 AB 9.59923800209303 1.5634574701075823
59941.1474 lsst_hardware_g 26547.541827281213 176.79891029447856 31.59000015258789 AB 8.53406174022283 1.3834345272904283
59943.1228 lsst_hardware_r 45590.46088275431 231.49156344696678 32.27000045776367 AB 11.555345922491494 1.5430960157342777
59943.1451 lsst_hardware_i 29893.64803173402 192.60053970556746 32.02000045776367 AB 10.724475248786186 1.361434738759177
59945.1316 lsst_hardware_z 6266.68275385315 103.98382184215208 30.940000534057617 AB 9.88521409205187 1.4196060936261814
59945.1526 lsst_hardware_r 24661.171515860246 169.77866063803475 31.59000015258789 AB 8.927157889020624 1.2816395693325922
59947.1338 lsst_hardware_z 6022.090100463283 103.65891599252517 30.940000534057617 AB 5.278737155894403 1.364014768964961
59947.1551 lsst_hardware_r 23886.93000668812 168.37596824302796 31.59000015258789 AB 4.767401786229672 1.2398964333497204
59949.1348 lsst_hardware_i 14357.679251094214 133.82091736262433 31.270000457763672 AB 15.01872887957282 1.322013016995098
59949.156 lsst_hardware_z 5988.1614397850235 102.70591897375306 30.969999313354492 AB 13.716983371349807 1.209983978419248
59951.1371 lsst_hardware_r 21545.71431893223 160.30182476587572 31.59000015258789 AB 10.181116072797101 1.2767623876430683
59951.1583 lsst_hardware_z 5569.019589662645 101.06186642326546 30.969999313354492 AB 9.406062682737941 1.1772048162622315
59953.1562 lsst_hardware_r 20113.587348504658 157.2054402182031 31.610000610351562 AB 7.450747969184665 1.1641793701851038
59953.1797 lsst_hardware_i 12413.308789971758 127.94797570016345 31.309999465942383 AB 8.180406368463942 1.0902120834895639
59955.1196 lsst_hardware_i 10723.054504771615 121.05200705079628 31.280000686645508 AB 7.526398869493369 1.3147696514094498
59955.1351 lsst_hardware_z 4396.490603970518 96.12250727117106 30.969999313354492 AB 5.977402720041568 1.2309313673891178
59957.1196 lsst_hardware_r 16123.039006909845 143.84338524880224 31.579999923706055 AB 3.978872618755355 1.2829554875608198
59957.1361 lsst_hardware_g 13268.833629665438 134.64140336063457 31.649999618530273 AB 5.993833687173753 1.2014098390807313
59962.1218 lsst_hardware_r 12900.541792136051 131.57306330223508 31.610000610351562 AB 4.751037114174828 1.2042423456497884
59962.1387 lsst_hardware_i 8637.346956331994 112.21205588493592 31.309999465942383 AB 5.103115285921546 1.1388975698089856
59964.1211 lsst_hardware_z 4010.4271889036872 93.4288950761623 30.979999542236328 AB 9.111177865271824 1.184077177981325
59964.139 lsst_hardware_i 8396.579593557402 111.47553495859819 31.31999969482422 AB 8.291941224948097 1.1203055090114356
59966.1236 lsst_hardware_u 144.1816596758032 23.161036680346953 29.360000610351562 AB 12.81962001100755 1.1534918466770971
59966.1401 lsst_hardware_g 6030.464796406783 105.1492929827365 31.700000762939453 AB 11.279165986726216 1.1011584483770591
59968.125 lsst_hardware_r 10229.142909013413 121.3790229017218 31.6200008392334 AB 16.0463625699906 1.1300255330979296
59968.1431 lsst_hardware_i 8247.10163896408 109.60210502534814 31.31999969482422 AB 15.226713662902524 1.0794239227937232
59973.1248 lsst_hardware_z 8627.763762691793 135.33383608408292 31.739999771118164 AB 12.487195623767297 1.0909658940911495
59975.1212 lsst_hardware_z 4422.161491893978 96.26588297114932 30.989999771118164 AB 9.645998969008486 1.0862305643431758
59975.1403 lsst_hardware_r 8075.59501486479 112.02164019270526 31.649999618530273 AB 9.4920740257833 1.0460258079894906
59979.1138 lsst_hardware_i 6035.693821990205 100.68429838263498 31.329999923706055 AB 11.3045583263017 1.0776851815725044
59979.1319 lsst_hardware_z 3909.915020351596 94.78368625801915 31.0 AB 10.711653790644037 1.0417869860575837
59983.024 lsst_hardware_y 1284.3443594954751 75.48410077327053 29.940000534057617 AB 9.808412433454235 1.4501441409653693
59983.0414 lsst_hardware_r 4844.364854145977 97.34040461268432 31.579999923706055 AB 9.166025770830853 1.3255279495055463
59985.0231 lsst_hardware_y 981.5646162691926 75.02751457007365 29.93000030517578 AB 3.535297880164885 1.414119152065954
59985.0414 lsst_hardware_g 1828.4926847178094 80.63710702175202 31.6200008392334 AB 3.2321295929603404 1.2928518371841362
59987.0232 lsst_hardware_z 2894.711248749324 87.90983920344566 30.950000762939453 AB 3.631710757975553 1.3735668524869449
59987.0433 lsst_hardware_i 3788.4182331629395 89.62553671803141 31.290000915527344 AB 2.4197579829156446 1.2528950550132782
59989.0209 lsst_hardware_y 857.3573373851841 74.45653643408403 29.950000762939453 AB 3.4662855737514082 1.3520372788888966
59989.0402 lsst_hardware_r 3928.139778624664 92.01230546381979 31.59000015258789 AB 3.1369279489714392 1.2409961226273925
59993.0194 lsst_hardware_y 791.0196838173517 74.21438004505777 29.969999313354492 AB 4.566927164235691 1.2937470720214184
59993.0362 lsst_hardware_z 2152.0645844477986 84.36362926546626 30.969999313354492 AB 4.344952373365923 1.2084697758811236
59995.0179 lsst_hardware_y 897.5431584860299 74.32077342389098 29.989999771118164 AB 4.705063852161057 1.2716388789624478
59995.0368 lsst_hardware_u 73.21310358408176 21.146051659221097 29.34000015258789 AB 4.375893226200625 1.1826738449190877
59999.0258 lsst_hardware_z 3287.057197167368 115.39512489402328 31.729999542236328 AB 9.07087459458655 1.1829903941295101
60001.014 lsst_hardware_y 408.55264067291625 74.60093806099644 30.010000228881836 AB 8.366247842965816 1.210059109231258
60001.033 lsst_hardware_g 1148.4857459562754 79.98545166354648 31.690000534057617 AB 7.987173037511954 1.1362497652738308
60003.0143 lsst_hardware_y -4.589730982286944 71.73999786376953 30.020000457763672 AB 5.926751414103552 1.1853502828207103
60003.034 lsst_hardware_i 32.312092380655635 64.56999969482422 31.31999969482422 AB 5.578880147330139 1.1157760294660277
60005.0122 lsst_hardware_y 6.458936316260201 71.62000274658203 30.020000457763672 AB 2.82372010062597 1.1719112266553102
60005.0311 lsst_hardware_i -34.332149757349306 64.79000091552734 31.31999969482422 AB 2.667810800773547 1.1082400252460471
60008.0096 lsst_hardware_y -83.19688844009856 71.98999786376953 30.030000686645508 AB 13.143233400847123 1.1510472829922602
60008.0291 lsst_hardware_z 18.970103152610406 71.79000091552734 30.989999771118164 AB 12.4965610775307 1.0913074035045585
60010.0093 lsst_hardware_y 42.107918602848876 72.3499984741211 30.040000915527344 AB 7.304724273443905 1.1333500288497582
60010.0293 lsst_hardware_i -28.001452394164033 65.27999877929688 31.31999969482422 AB 6.942657007635817 1.0773413520015234
60012.0168 lsst_hardware_z 116.93801895288645 100.9800033569336 31.739999771118164 AB 11.861013188456097 1.0949217131805034
60014.0069 lsst_hardware_y -195.00132484254647 72.36000061035156 30.040000915527344 AB 8.954732777589975 1.1071628063291266
60014.0287 lsst_hardware_r 58.095465884497244 68.62999725341797 31.639999389648438 AB 8.507348178583547 1.055349495968352
60018.0035 lsst_hardware_y 126.85244196366477 72.48999786376953 30.049999237060547 AB 10.286856124103902 1.0869506988288624
60018.0242 lsst_hardware_u 9.979509986738377 21.100000381469727 29.469999313354492 AB 9.89751023489377 1.0437888416453938
60022.9987 lsst_hardware_y 35.344928064280104 73.30999755859375 30.06999969482422 AB 5.088425769702293 1.0663647026148775
60023.0152 lsst_hardware_r 8.870986010677267 69.62000274658203 31.65999984741211 AB 5.001546079198191 1.0363750682134223
60025.9965 lsst_hardware_z -52.615275640753964 71.55999755859375 31.0 AB 6.077044402739694 1.0542645448652808
60026.0134 lsst_hardware_g -62.86557325331993 72.05000305175781 31.739999771118164 AB 6.281532828555775 1.0274575260709344
60027.9949 lsst_hardware_y -30.97726345542282 73.16999816894531 30.06999969482422 AB 9.378466175528638 1.0472102775369632
60028.0111 lsst_hardware_i -28.039774321876486 65.27999877929688 31.34000015258789 AB 8.427078627369555 1.0235732573023044
60261.2905 lsst_hardware_r -85.1561832514192 67.55999755859375 31.59000015258789 AB 5.587995891708853 1.2630142149570547
60261.3091 lsst_hardware_i -101.13261916932306 64.68000030517578 31.299999237060547 AB 4.733723855691881 1.1773968052958292
60263.2689 lsst_hardware_i -125.94342300395564 62.66999816894531 31.270000457763672 AB 6.37567865753205 1.3597096731780869
60263.2878 lsst_hardware_z 79.7046981052199 70.47000122070312 30.959999084472656 AB 5.848739341213262 1.2487300434936242
60265.2818 lsst_hardware_r -37.87051990791193 66.27999877929688 31.600000381469727 AB 5.045326625702394 1.2514762807149038
60265.2989 lsst_hardware_u 17.268934219572525 19.93000030517578 29.360000610351562 AB 4.366957829182332 1.174544870678509
60268.265 lsst_hardware_y -52.054570282962885 70.29000091552734 29.979999542236328 AB 5.589904068459866 1.2984678440091042
60268.2814 lsst_hardware_g 60.00774336347133 69.41000366210938 31.65999984741211 AB 5.383810296408492 1.2139369326738427
60270.255 lsst_hardware_r -38.715633145075266 65.6500015258789 31.56999969482422 AB 3.7194304048938873 1.325842587295825
60270.2716 lsst_hardware_i 64.1802919022543 63.38999938964844 31.290000915527344 AB 3.590990619097857 1.2343001669676412
60272.266 lsst_hardware_z 182.14259833267266 70.76000213623047 30.959999084472656 AB 10.772512160804727 1.2349785613395565
60272.283 lsst_hardware_r -52.33531634448754 67.66999816894531 31.610000610351562 AB 10.077080454682044 1.1622148207654668
60274.2636 lsst_hardware_z 28.549720461445244 70.79000091552734 30.969999313354492 AB 6.478551891240665 1.220449335869513
60274.2799 lsst_hardware_r -7.2585517833078566 67.75 31.6200008392334 AB 6.160265738259792 1.153535810172859
60276.264 lsst_hardware_i 23.415524954235 63.68000030517578 31.299999237060547 AB 5.275763797749049 1.1944449478894987
60276.2807 lsst_hardware_z 51.95354149825217 70.97000122070312 30.979999542236328 AB 4.996352328380972 1.132018502012153
60278.266 lsst_hardware_r 52.99051587404732 67.69999694824219 31.6200008392334 AB 7.026279795460507 1.1645445919384283
60278.2812 lsst_hardware_z 192.85008557870117 71.43000030517578 30.979999542236328 AB 6.748873459480908 1.1134458171962727
60280.2876 lsst_hardware_r 1.006872458888803 69.08000183105469 31.639999389648438 AB 7.44333519439109 1.0815657068281153
60280.3032 lsst_hardware_i -121.85520149289624 65.51000213623047 31.329999923706055 AB 6.847576772339482 1.0488476624638923
60282.2303 lsst_hardware_g 44.261187691820126 69.47000122070312 31.6299991607666 AB 5.523431594118844 1.278498141107307
60282.2511 lsst_hardware_r -93.76152455012048 68.18000030517578 31.610000610351562 AB 5.187371085307805 1.1800654601648086
60290.2416 lsst_hardware_u 10.711247977016894 20.350000381469727 29.389999389648438 AB 14.214146907857586 1.1349073342534701
60290.2631 lsst_hardware_g 30.83562565088701 72.36000061035156 31.719999313354492 AB 13.091050358599528 1.0749533273335272
60293.2439 lsst_hardware_r 9.080996277847532 22.040000915527344 31.469999313354492 AB 8.904512725943407 1.102931663591688
60293.2669 lsst_hardware_i -16.011291092944063 29.81999969482422 31.239999771118164 AB 8.570019536568243 1.0503040696920147
60297.2496 lsst_hardware_g 16.676079037646463 13.100000381469727 31.389999389648438 AB 5.46094335171728 1.0626987792201625
60297.2729 lsst_hardware_r -20.952547338286344 21.729999542236328 31.489999771118164 AB 4.456252065510636 1.0247791343016295
