data/validation/pwv_sim_epoch_fit_4/52913440.ecsv
# %ECSV 0.9
# ---
# datatype:
# - {name: time, datatype: float64}
# - {name: band, datatype: string}
# - {name: flux, datatype: float64}
# - {name: fluxerr, datatype: float64}
# - {name: zp, datatype: float64}
# - {name: zpsys, datatype: string}
# - {name: pwv, datatype: float64}
# - {name: airmass, datatype: float64}
# meta: {SNID: '52913440', alt: 1024.0, c: -0.06444943696260452, dec: -40.423901, lat: -30.244573, lon: -70.7499537, ra: 24.609375, t0: 59904.19140625,
#   x0: 1.5423902206823875e-05, x1: 0.3986837863922119, z: 0.3831590414047241}
# schema: astropy-2.0
time band flux fluxerr zp zpsys pwv airmass
59844.3413 lsst_hardware_r 5.729656169265204 22.579999923706055 31.479999542236328 AB 1.6891976411160368 1.1047728195659776
59844.3519 lsst_hardware_u 4.8167377549055574 2.6500000953674316 28.3799991607666 AB 1.718122468038975 1.1325790824253967
59850.3225 lsst_hardware_r -5.487207263117552 22.260000228881836 31.469999313354492 AB 4.174931065640421 1.0990517020816029
59850.3337 lsst_hardware_i -1.3922890483773316 30.729999542236328 31.229999542236328 AB 5.365965586113249 1.1274813439330984
59853.3298 lsst_hardware_z -11.318503950412484 42.619998931884766 30.93000030517578 AB 5.03079401371594 1.1397358436149552
59853.3431 lsst_hardware_r 29.162869950418234 22.90999984741211 31.459999084472656 AB 4.940893187165776 1.1829988277098074
59858.3143 lsst_hardware_z -51.185010714838015 52.689998626708984 30.959999084472656 AB 6.483338919591718 1.1343598022176746
59858.3258 lsst_hardware_r -7.524731944153393 48.709999084472656 31.59000015258789 AB 6.674880122593381 1.1702958881276473
59860.3182 lsst_hardware_y 153.50251455353512 81.2699966430664 30.760000228881836 AB 4.145462108125482 1.1631487396536144
59862.3025 lsst_hardware_r 49.244508566275314 106.41000366210938 31.639999389648438 AB 3.1680643662508703 1.1318557935873481
59862.3136 lsst_hardware_i -88.40455713017701 84.26000213623047 31.309999465942383 AB 3.262363865592926 1.1659975096683577
59864.3094 lsst_hardware_z -29.428788994394427 58.150001525878906 30.969999313354492 AB 6.1960013995322605 1.1702344622637109
59864.3209 lsst_hardware_r -61.94638222468425 74.81999969482422 31.610000610351562 AB 6.400887840180181 1.212576431954569
59867.2984 lsst_hardware_z -46.98028416472986 47.08000183105469 30.950000762939453 AB 6.604349621634501 1.160898158135704
59867.309 lsst_hardware_r 92.35312530196407 43.45000076293945 31.579999923706055 AB 6.797205435264715 1.1981677128969186
59869.3024 lsst_hardware_i -13.596797708933975 35.88999938964844 31.25 AB 6.459836784087351 1.193889346964326
59869.314 lsst_hardware_z 13.231408261507703 46.0099983215332 30.93000030517578 AB 6.721230895670074 1.2407853598763035
59871.2443 lsst_hardware_r 6.824736358042529 22.200000762939453 31.489999771118164 AB 2.4952828388496666 1.0584444703498055
59871.2559 lsst_hardware_z -133.17348889602098 41.70000076293945 30.950000762939453 AB 3.8982411939217902 1.079147696019689
59873.2417 lsst_hardware_r -46.37653585356381 22.239999771118164 31.489999771118164 AB 1.939686268431849 1.0631330602531373
59873.2524 lsst_hardware_u 3.58662084346855 2.7300000190734863 28.479999542236328 AB 2.1545619260456688 1.0831026397112826
59875.2815 lsst_hardware_r 37.228752089362835 22.559999465942383 31.459999084472656 AB 4.255487290491751 1.1775820935293673
59875.2916 lsst_hardware_i -29.445912721535425 31.549999237060547 31.229999542236328 AB 4.447777403977094 1.2155164848037503
59877.2787 lsst_hardware_z -35.15853343152234 43.12207537942348 30.93000030517578 AB 4.510829783289556 1.1870604692867253
59877.2893 lsst_hardware_r -3.4186585529520173 22.888615496254246 31.450000762939453 AB 4.66840086293243 1.2285265428769552
59879.2321 lsst_hardware_r 15.575268498929493 23.11427252620794 31.489999771118164 AB 3.3477905691188727 1.075336246404842
59879.2424 lsst_hardware_u 2.7498858292737505 2.8822491906069465 28.479999542236328 AB 3.3903542612303146 1.0969357797399777
59881.2335 lsst_hardware_g -8.832901070635284 13.608222411514173 31.40999984741211 AB 3.5696294768579815 1.0892979789008184
59881.2433 lsst_hardware_i 159.10872222036602 32.611717281031886 31.25 AB 3.6616866252514813 1.1122421784795284
59883.27 lsst_hardware_r 365.89592829268054 29.925712264093917 31.469999313354492 AB 4.622694520108114 1.216498557923188
59883.2806 lsst_hardware_u 4.025448445399438 3.3538053956721186 28.360000610351562 AB 4.797936657803867 1.2626149099483863
59885.2303 lsst_hardware_r 870.5270131574017 45.93594206502021 31.579999923706055 AB 4.716946291600196 1.107069481100791
59885.2414 lsst_hardware_y 165.26963095786505 50.11222519742331 30.020000457763672 AB 4.83223207270996 1.1367283163279134
59887.2283 lsst_hardware_z 702.0769897609449 60.73450882593189 30.969999313354492 AB 6.324141058069615 1.1157787649316426
59887.2393 lsst_hardware_r 1429.0968922083514 74.89355678655198 31.6200008392334 AB 6.412630900272175 1.1467337873968573
59896.179 lsst_hardware_g 3473.3144716334746 67.96208369740943 31.65999984741211 AB 4.507088618500064 1.0633060733709359
59896.1897 lsst_hardware_r 4705.2411209462425 79.28246133521739 31.59000015258789 AB 4.742198187678717 1.0833119789100438
59899.2077 lsst_hardware_u 27.222020390653416 5.626758441484594 28.299999237060547 AB 6.344990764905092 1.1503231481924499
59899.2201 lsst_hardware_g 2680.691482433931 54.32008492653069 31.34000015258789 AB 8.905241517143583 1.1924533365216368
59901.1728 lsst_hardware_g 2829.8640838558636 55.16234370004879 31.3799991607666 AB 5.8687834394513105 1.076824532857802
59901.1858 lsst_hardware_r 4983.166890902232 73.729819882081 31.469999313354492 AB 6.348498836981749 1.105095754729405
59905.0869 lsst_hardware_i 3821.6213241114347 67.99228234865251 31.25 AB 3.8731285730110487 1.0167470877698441
59905.099 lsst_hardware_z 2467.5605646889 63.284375286456395 30.950000762939453 AB 3.89558815409424 1.015754592350037
59907.0865 lsst_hardware_r 4983.020966781542 73.4268220628371 31.489999771118164 AB 8.055362983090744 1.0158513997759875
59907.0991 lsst_hardware_g 2403.7582379732826 50.742401167556245 31.399999618530273 AB 8.101142580792215 1.0166246022913348
59909.0831 lsst_hardware_r 4704.2145896194315 71.84736365792705 31.489999771118164 AB 4.369815806186333 1.0156850870503602
59909.0958 lsst_hardware_i 3580.656686122346 67.44003542607366 31.25 AB 3.585166421580916 1.0171887234655943
59911.1556 lsst_hardware_i 3472.7868271819734 66.6729900392102 31.239999771118164 AB 4.593940120873954 1.0982624056276646
59911.1679 lsst_hardware_u 3.268998438670991 3.9850466606260007 28.3799991607666 AB 3.74778507123521 1.1295881060632662
59913.1614 lsst_hardware_g 2025.1181008390895 51.381265093227654 31.59000015258789 AB 5.879150827793814 1.1267057929847
59913.173 lsst_hardware_r 4208.326108606858 71.61627431765949 31.540000915527344 AB 5.137576740409022 1.1615592901669776
59917.12 lsst_hardware_i 3176.049083823997 78.94507641753744 31.31999969482422 AB 2.757439248703095 1.060553557193498
59917.1321 lsst_hardware_z 1886.746402568219 69.36734276523066 30.969999313354492 AB 3.478537243589646 1.0827850619459183
59919.1218 lsst_hardware_r 3529.622732946797 97.66480022375404 31.639999389648438 AB 5.613518397188637 1.0732962742784429
59919.1336 lsst_hardware_z 1748.0165446994088 71.55018273993976 30.969999313354492 AB 6.026953480569792 1.097905725579581
59921.0831 lsst_hardware_r 3103.6585850823603 96.39919575281334 31.65999984741211 AB 3.133483960543158 1.0285520960259833
59921.0949 lsst_hardware_i 2830.332053481698 81.35059148144957 31.329999923706055 AB 3.9656681219732772 1.0405619019893584
59923.0816 lsst_hardware_z 1456.2550874270667 62.07391637646569 30.969999313354492 AB 7.5629436608727225 1.0321315129131228
59923.0951 lsst_hardware_i 2356.254192981568 69.2931874374204 31.309999465942383 AB 9.639713189609996 1.04779491191413
59926.0736 lsst_hardware_u 40.382894616940604 29.654008879037974 29.530000686645508 AB 11.596013324269846 1.0323166851480963
59926.0862 lsst_hardware_g 797.1768738609918 92.62482632362259 31.729999542236328 AB 12.466954731959975 1.0468368678435358
59928.0723 lsst_hardware_r 1910.610410713324 91.65129247264136 31.65999984741211 AB 7.964512647365868 1.0365900758742206
59928.0853 lsst_hardware_i 2140.8699229188396 96.95788796510116 31.34000015258789 AB 8.198068504903002 1.0532835456563439
60149.3038 lsst_hardware_u -37.10282505724275 26.700000762939453 29.329999923706055 AB 6.586936913364418 1.2565694226181643
60158.4325 lsst_hardware_r 5.973316328479024 80.18000030517578 31.65999984741211 AB 1.2361925310089628 1.027876273011887
60160.2384 lsst_hardware_z -114.56250167767423 102.4000015258789 30.950000762939453 AB 2.1872926901345333 1.465931990037615
60162.4339 lsst_hardware_r 26.231574815158783 80.27999877929688 31.65999984741211 AB 2.900173145660513 1.040234270322996
60164.423 lsst_hardware_r -199.56747749996174 80.33999633789062 31.65999984741211 AB 1.8854032974305914 1.0342311011687282
60164.4337 lsst_hardware_i -149.85605074043795 85.88999938964844 31.34000015258789 AB 1.967093414332007 1.0468831369515736
60165.4254 lsst_hardware_z -255.00447845692779 105.37000274658203 31.010000228881836 AB 3.4840800408941983 1.039868688522273
60168.4266 lsst_hardware_u 63.299453876338326 28.809999465942383 29.5 AB 3.479600165852754 1.0522454006913222
60178.3902 lsst_hardware_i 92.70330334598162 85.9800033569336 31.34000015258789 AB 1.2963633262993781 1.0402112949242754
60178.4018 lsst_hardware_z -88.09018823016555 105.26000213623047 31.0 AB 1.3486046630731303 1.0560036513460074
60179.3955 lsst_hardware_r 71.68394464490531 79.94000244140625 31.649999618530273 AB 2.4031220707785734 1.0506982747701992
60179.4067 lsst_hardware_g 150.21292199191677 87.54000091552734 31.709999084472656 AB 2.4035580219352375 1.0687229977479937
60181.4065 lsst_hardware_r -60.82655639633909 79.66999816894531 31.639999389648438 AB 2.376755921058713 1.0786276020234686
60181.4172 lsst_hardware_i -35.102343403325 85.08000183105469 31.31999969482422 AB 2.302227164306272 1.1018076881100405
60183.3884 lsst_hardware_z 92.49041971970176 105.05999755859375 31.0 AB 3.4176897291846267 1.056391230719405
60183.3992 lsst_hardware_i -118.88091737257395 85.4800033569336 31.329999923706055 AB 3.464365412263815 1.075055209391409
60185.3825 lsst_hardware_z -60.132223093299565 148.77999877929688 31.75 AB 7.912210595896318 1.0557121414200745
60193.2405 lsst_hardware_r 115.38180568363916 112.9000015258789 32.400001525878906 AB 0.4376861843151435 1.0778235608006816
60193.2567 lsst_hardware_i 35.26452019239887 85.93000030517578 31.34000015258789 AB 0.9207512868436407 1.0504863512192135
60198.3769 lsst_hardware_r -3.5922291159742046 79.5999984741211 31.639999389648438 AB 2.7861376149830117 1.116986882927841
60198.3886 lsst_hardware_i -55.28161302699388 85.12000274658203 31.31999969482422 AB 2.8734233926563952 1.1503279636989738
60200.2022 lsst_hardware_u -154.3504174565334 48.31999969482422 30.6299991607666 AB 2.457600112393738 1.122191832143047
60200.2169 lsst_hardware_g -89.41066159785076 123.44999694824219 32.470001220703125 AB 2.5217838850391923 1.0869758125168933
60202.3204 lsst_hardware_z -22.510605884798178 105.19000244140625 31.0 AB 1.8470192369698464 1.035421416595321
60202.3306 lsst_hardware_r 46.693930951630676 79.97000122070312 31.649999618530273 AB 1.861424897205641 1.0477554653814762
60204.3253 lsst_hardware_u 6.685613842428545 28.940000534057617 29.510000228881836 AB 1.1802816765864774 1.0479748515750225
60204.3364 lsst_hardware_g -16.196941711407433 87.88999938964844 31.719999313354492 AB 1.2099804368190397 1.065123623960422
60210.3078 lsst_hardware_i 161.10185306517153 85.80000305175781 31.34000015258789 AB 2.0619684758286927 1.0464631723385203
60210.3211 lsst_hardware_z -170.37143758882553 105.05999755859375 31.0 AB 2.231381952773492 1.0670087042551066
60216.3153 lsst_hardware_z 38.2007839108552 105.0 31.0 AB 6.611377394061492 1.0875615666936889
60216.3274 lsst_hardware_r -22.276171612485722 79.55999755859375 31.639999389648438 AB 6.668748321483113 1.116061808540614
60217.213 lsst_hardware_r 36.69135213802422 113.66000366210938 32.40999984741211 AB 3.9412327336432793 1.0265631916763116
60217.229 lsst_hardware_y 211.49794899994606 114.38999938964844 30.09000015258789 AB 3.804841800200454 1.017677512591228
60222.3135 lsst_hardware_g 99.32876641338041 86.58000183105469 31.700000762939453 AB 7.759328050330827 1.1226150394730041
60222.3251 lsst_hardware_r -116.585417627669 79.11000061035156 31.6200008392334 AB 8.002115820038226 1.156709427585751
60225.3067 lsst_hardware_r 67.7824935519098 79.4000015258789 31.6299991607666 AB 4.1744313238880855 1.126398090633213
60225.3182 lsst_hardware_u 45.4893602762351 27.350000381469727 29.399999618530273 AB 4.137359640888476 1.1608753201146116
60234.2057 lsst_hardware_r -13.077885790802211 80.38999938964844 31.65999984741211 AB 6.643748299574871 1.0171597294577501
60237.1992 lsst_hardware_g 0.9900819239170864 88.58000183105469 31.75 AB 2.1566536661297766 1.0176895003368527
60237.216 lsst_hardware_r -29.06785618383167 80.45999908447266 31.65999984741211 AB 1.1414105787944393 1.027218160006995
60239.2835 lsst_hardware_i 144.50721007594768 84.83000183105469 31.309999465942383 AB 3.3197794373817513 1.1726525741369662
60239.2936 lsst_hardware_z 318.85256165822074 104.11000061035156 30.979999542236328 AB 2.9240842804207134 1.2098407531996196
60245.2336 lsst_hardware_r 70.78964681864399 79.87000274658203 31.639999389648438 AB 2.918460305405879 1.0823142241445038
60245.2438 lsst_hardware_z -17.134543166239823 104.88999938964844 31.0 AB 2.9636187381468897 1.1050032580711742
60247.2764 lsst_hardware_y -104.66571742211366 155.42999267578125 30.75 AB 4.374443706069515 1.228776321929639
60263.1766 lsst_hardware_z -168.51301284791674 104.88999938964844 31.0 AB 4.025822987088915 1.0673856792988727
60263.1888 lsst_hardware_i 47.72663846602481 85.19000244140625 31.329999923706055 AB 4.151414668987693 1.091520070723899
60268.177 lsst_hardware_r 47.44414343247694 79.5999984741211 31.639999389648438 AB 5.515873248254419 1.095651178227058
60268.1902 lsst_hardware_i 62.64965051954587 85.04000091552734 31.31999969482422 AB 5.797266200709328 1.1289160606999324
60270.1763 lsst_hardware_z 163.2976655367474 148.22000122070312 31.75 AB 4.13743883154267 1.1068589704503362
60272.0819 lsst_hardware_z 68.2676674094464 105.37000274658203 31.010000228881836 AB 7.650303456142529 1.016786743240634
60272.0951 lsst_hardware_r 111.39063139819329 80.36000061035156 31.65999984741211 AB 8.04798498202004 1.0158176937924992
60274.0827 lsst_hardware_z 57.95352462537155 105.30000305175781 31.0 AB 4.437095429000082 1.0157410367799697
60274.0954 lsst_hardware_r 103.96934088616997 80.36000061035156 31.65999984741211 AB 3.641242292623898 1.0168700840467018
60276.1582 lsst_hardware_z 11.055087377185123 104.66000366210938 30.989999771118164 AB 4.660827565271494 1.1027194555057391
60276.1705 lsst_hardware_i 226.58784755905214 84.83000183105469 31.31999969482422 AB 3.6829497214041313 1.13499054050822
60278.1586 lsst_hardware_u -17.88632503560472 27.989999771118164 29.450000762939453 AB 5.916000930046477 1.117333383076846
60278.1702 lsst_hardware_g -81.09813007816197 86.33000183105469 31.690000534057617 AB 5.098306723873806 1.1504264890274531
60280.1579 lsst_hardware_r -44.06672033349851 79.44000244140625 31.6299991607666 AB 7.309905747544499 1.130223019256517
60280.1695 lsst_hardware_i -28.939370040349342 84.97000122070312 31.31999969482422 AB 7.396202391552158 1.165735377464352
60284.1225 lsst_hardware_z -45.03955066761982 105.05999755859375 31.0 AB 5.582573644885372 1.0732966505162853
60284.1336 lsst_hardware_r 77.8311336532408 79.66999816894531 31.639999389648438 AB 6.018191231494411 1.0963095421247344
60286.1205 lsst_hardware_u 48.613825012581486 28.280000686645508 29.459999084472656 AB 4.110939896903207 1.0800026000577934
60286.132 lsst_hardware_r 83.2028308917557 79.26000213623047 31.6299991607666 AB 4.089887634835882 1.1053750364421302
60290.0713 lsst_hardware_r 57.91592852835663 80.16999816894531 31.65999984741211 AB 13.960213515437308 1.0272416126149602
60290.0828 lsst_hardware_u -32.16062504165811 28.989999771118164 29.510000228881836 AB 14.094924395021744 1.0383702566794624
60295.0711 lsst_hardware_i 65.83936756736412 30.40999984741211 31.25 AB 11.344866697154583 1.0406463822005259
60295.0831 lsst_hardware_z 28.103844528725006 41.20000076293945 30.940000534057617 AB 11.549166930337432 1.0571884323651848
