data/validation/pwv_sim_epoch_fit_4/53180596.ecsv
# %ECSV 0.9
# ---
# datatype:
# - {name: time, datatype: float64}
# - {name: band, datatype: string}
# - {name: flux, datatype: float64}
# - {name: fluxerr, datatype: float64}
# - {name: zp, datatype: float64}
# - {name: zpsys, datatype: string}
# - {name: pwv, datatype: float64}
# - {name: airmass, datatype: float64}
# meta: {SNID: '53180596', alt: 1024.0, c: 0.04386477917432785, dec: -21.381943, lat: -30.244573, lon: -70.7499537, ra: 231.855469, t0: 61049.625,
#   x0: 0.0016544453617136927, x1: 1.0966084003448486, z: 0.04508558288216591}
# schema: astropy-2.0
time band flux fluxerr zp zpsys pwv airmass
61103.388 lsst_hardware_r -57.741061220860054 87.80000305175781 31.65999984741211 AB 6.915740409893962 1.0119978649927144
61105.3906 lsst_hardware_r -101.39530340505581 86.54000091552734 31.65999984741211 AB 7.559825458629483 1.0122167914882518
61109.3715 lsst_hardware_i -34.083632610884194 54.66999816894531 31.31999969482422 AB 8.528969264226681 1.0120102357363092
61109.3908 lsst_hardware_y -81.55011277739196 51.66999816894531 30.059999465942383 AB 9.43963909299667 1.0160164060988432
61111.3543 lsst_hardware_z 18.38762301561888 43.68000030517578 30.959999084472656 AB 6.950643603575153 1.0155449616210912
61111.3734 lsst_hardware_r -90.29972132756795 33.150001525878906 31.59000015258789 AB 6.949817645539336 1.0120970831236633
61113.3545 lsst_hardware_u 0.7057074924821225 3.2300000190734863 28.59000015258789 AB 10.584663713520634 1.0132743359679002
61113.3732 lsst_hardware_g -1.6036348920621688 17.559999465942383 31.530000686645508 AB 10.566118489276162 1.0132449644491908
61114.3571 lsst_hardware_r 38.74747363350492 24.700000762939453 31.520000457763672 AB 9.134372825080328 1.0121001819076707
61114.3776 lsst_hardware_z -63.00235987840807 41.43000030517578 30.950000762939453 AB 9.838373674179548 1.0162559316371835
61116.3559 lsst_hardware_r -21.059138544476944 24.280000686645508 31.510000228881836 AB 8.916585048202322 1.0118302055682176
61116.3765 lsst_hardware_u 1.7531757322083366 2.7899999618530273 28.459999084472656 AB 9.239327511154166 1.0189310933890445
61118.3419 lsst_hardware_g -18.57523854968468 15.380000114440918 31.469999313354492 AB 6.59442647028021 1.0129687358341417
61118.3616 lsst_hardware_r -9.662717346972507 24.200000762939453 31.520000457763672 AB 6.606483560670115 1.013938235126124
61120.3369 lsst_hardware_i -26.62725807728718 31.239999771118164 31.260000228881836 AB 5.898142238890306 1.0128464062204303
61120.3575 lsst_hardware_z -30.644813524900833 41.400001525878906 30.950000762939453 AB 5.890717364214697 1.0144748618050796
61122.3395 lsst_hardware_r -10.769262861070874 24.270000457763672 31.520000457763672 AB 6.14281858652032 1.011829778705386
61122.3595 lsst_hardware_u 1.264168665995954 2.859999895095825 28.520000457763672 AB 6.182366362269139 1.0185117565517787
61124.3254 lsst_hardware_g -0.15871650689381883 15.260000228881836 31.459999084472656 AB 6.229451336241621 1.0130012742892176
61124.3431 lsst_hardware_i 30.01505024699784 31.1299991607666 31.25 AB 6.734725881070861 1.0132232212438295
61126.3248 lsst_hardware_z -5.593081885313129 41.189998626708984 30.950000762939453 AB 7.047350566853594 1.0120414399157773
61126.3423 lsst_hardware_r -12.68781674875681 24.079999923706055 31.520000457763672 AB 7.8950982533880225 1.0149898120959082
61128.3247 lsst_hardware_y 17.862392842508104 46.720001220703125 30.049999237060547 AB 7.500721142618679 1.0118789202201512
61130.3075 lsst_hardware_r -94.61471614051374 106.6500015258789 32.40999984741211 AB 4.152482022282843 1.0134596539902807
61130.3262 lsst_hardware_i -153.81374311246788 61.02000045776367 31.329999923706055 AB 4.112895723031073 1.0130700906517691
61133.3123 lsst_hardware_z -242.45944487553274 84.19999694824219 31.0 AB 5.826619792427153 1.011975880118197
61133.3313 lsst_hardware_r 69.90918018161382 123.5 31.670000076293945 AB 5.896409463500769 1.01978717805271
61135.3062 lsst_hardware_z -68.21017830091304 84.9800033569336 31.010000228881836 AB 7.005014142512888 1.0119197027826263
61135.3254 lsst_hardware_r 30.010279606711105 120.88999938964844 31.670000076293945 AB 7.033325664964582 1.019470309459983
61137.3095 lsst_hardware_i -117.78869919064736 67.11000061035156 31.34000015258789 AB 8.492709794130889 1.0138531389730436
61137.3282 lsst_hardware_z -17.914275279532017 60.2599983215332 30.989999771118164 AB 8.608108941988396 1.0265264867021215
61139.2887 lsst_hardware_z 52.20415837509115 46.36000061035156 30.959999084472656 AB 5.304512478119614 1.0121183892615178
61139.3084 lsst_hardware_r 18.99187420492317 43.08000183105469 31.6200008392334 AB 7.938142405529477 1.0157571856083782
61146.1066 lsst_hardware_r 12.972617503084404 25.829999923706055 31.399999618530273 AB 27.37125771504013 1.7182208232919103
61146.126 lsst_hardware_i 2.1819024254007613 34.5 31.200000762939453 AB 25.1422953078313 1.5055266651395989
61148.2751 lsst_hardware_z 64.37099130348702 41.38999938964844 30.950000762939453 AB 12.914366328356506 1.0125738065200334
61148.2927 lsst_hardware_r -9.894157295868904 24.3700008392334 31.530000686645508 AB 13.169778502248969 1.0215928041719466
61150.2613 lsst_hardware_u 0.4264679943279221 2.9100000858306885 28.559999465942383 AB 3.6332824617783746 1.0118684910262832
61150.2786 lsst_hardware_r -17.33824582360754 24.350000381469727 31.530000686645508 AB 3.655713078957672 1.0158756211354483
61152.2489 lsst_hardware_i -40.7920486610439 31.450000762939453 31.270000457763672 AB 8.453947928081746 1.0130150097557613
61152.2665 lsst_hardware_z -53.16472847771129 41.52000045776367 30.959999084472656 AB 8.539375535616836 1.0131748707474988
61154.2483 lsst_hardware_r 36.560065502317855 24.399999618530273 31.520000457763672 AB 8.188973028037331 1.012046348394887
61154.2676 lsst_hardware_u -0.44526310922082407 2.8499999046325684 28.510000228881836 AB 8.607504202587418 1.0158344849631098
61156.2472 lsst_hardware_g 8.33175483568402 27.170000076293945 31.649999618530273 AB 5.977584277249771 1.0118350635755586
61156.2658 lsst_hardware_r -22.750132637434504 24.59000015258789 31.530000686645508 AB 6.250575605476747 1.0179399778207365
61162.1847 lsst_hardware_z 130.4645656931672 114.04000091552734 31.010000228881836 AB 8.34746660448394 1.046441845867361
61162.203 lsst_hardware_r -38.70835780128843 168.72999572753906 31.670000076293945 AB 8.154273361584819 1.0239559693080704
61164.2254 lsst_hardware_i 101.72382601627658 101.37000274658203 31.350000381469727 AB 9.645831660914483 1.0118359027498671
61164.243 lsst_hardware_z 19.997673569445475 82.02999877929688 31.0 AB 9.67919392191831 1.0173454240432664
61169.1473 lsst_hardware_g 3.341364369174653 22.399999618530273 32.20000076293945 AB 8.221396152020043 1.0817626515815846
61169.1687 lsst_hardware_r 94.58225424313852 42.150001525878906 32.310001373291016 AB 8.002401645235402 1.0417533059538664
61176.1615 lsst_hardware_u 0.6170347256971964 2.880000114440918 28.510000228881836 AB 6.821741087565119 1.0270999491949557
61176.1864 lsst_hardware_r 17.14872238462909 24.780000686645508 31.530000686645508 AB 5.411188712675671 1.0123201632593546
61181.1717 lsst_hardware_g 6.984009654461516 22.530000686645508 32.2400016784668 AB 7.569478109599573 1.0125263327966976
61181.2018 lsst_hardware_r -5.2290442984054595 35.040000915527344 32.27000045776367 AB 7.680559773905841 1.0209550516407304
61186.1432 lsst_hardware_r -31.142724425026593 81.97000122070312 32.400001525878906 AB 5.94006885926304 1.0193459888907908
61186.1635 lsst_hardware_z 91.18311365081104 72.8499984741211 31.729999542236328 AB 5.892651822770519 1.0118456567060592
61188.1422 lsst_hardware_r -157.73952071008878 100.25 31.65999984741211 AB 7.238685676044318 1.016526565938019
61188.1651 lsst_hardware_i 3.857690935955863 81.52999877929688 31.34000015258789 AB 7.3035133204683005 1.012408278412573
61195.0398 lsst_hardware_r -37.347227325242024 44.75 31.579999923706055 AB 13.563357806018477 1.2000316572456076
61195.0714 lsst_hardware_z 26.172073340159052 52.38999938964844 30.959999084472656 AB 12.546655979500871 1.0936764277807594
61197.1326 lsst_hardware_g 6.1380848649043935 30.040000915527344 31.65999984741211 AB 5.725265814489342 1.0118886204470383
61197.1555 lsst_hardware_r -34.55030278896362 40.310001373291016 31.610000610351562 AB 5.728224025888766 1.019030291463451
61219.0902 lsst_hardware_z 135.57608396085882 87.94999694824219 31.0 AB 7.3312882469352685 1.0158711673448217
61219.1139 lsst_hardware_r -79.09847465781715 121.23999786376953 31.65999984741211 AB 7.326265712837979 1.0377146902037482
61224.0617 lsst_hardware_g -17.16804727177684 51.70000076293945 31.719999313354492 AB 6.50527502387247 1.0118379816781955
61224.0833 lsst_hardware_i -116.73176082455078 49.36000061035156 31.309999465942383 AB 6.451852228463373 1.0201228900660186
61226.0505 lsst_hardware_z 101.03238808133155 41.33000183105469 30.950000762939453 AB 4.26496383838848 1.0122140354547242
61226.0748 lsst_hardware_r -10.398021336532159 24.229999542236328 31.520000457763672 AB 4.318778815761502 1.0180196784226307
61232.0253 lsst_hardware_r 1.5724361833101428 34.220001220703125 32.27000045776367 AB 5.239397771907096 1.0148954521854956
61232.0496 lsst_hardware_u 4.98571559897441 4.03000020980835 29.270000457763672 AB 6.71638837188493 1.0136669659491784
61234.0237 lsst_hardware_g 16.89832199565873 15.489999771118164 31.479999542236328 AB 5.853773597872426 1.0134064743272708
61234.0483 lsst_hardware_r -9.329460600200346 24.209999084472656 31.520000457763672 AB 6.304106402413062 1.015399275575914
61236.0286 lsst_hardware_i -12.520524205081488 44.220001220703125 32.0 AB 5.372735396248508 1.0118304548875863
61236.0521 lsst_hardware_z 26.02931275170399 58.75 31.700000762939453 AB 6.421863546944752 1.0213293383077813
61242.9998 lsst_hardware_g -30.31858213959094 49.29999923706055 31.719999313354492 AB 5.48308256652064 1.0131966553472078
61243.0215 lsst_hardware_i -5.029113923987241 48.810001373291016 31.309999465942383 AB 6.0952868137988725 1.0144017996752857
61245.0003 lsst_hardware_z 19.69045731300437 67.01000213623047 31.0 AB 6.269295011971081 1.0119927380098597
61245.0219 lsst_hardware_r -84.25861262700934 87.30999755859375 31.65999984741211 AB 6.3878156467266125 1.017384101729658
61246.9879 lsst_hardware_y 74.20078679454798 78.80000305175781 30.809999465942383 AB 8.36091423064241 1.0135055737490042
61249.9778 lsst_hardware_z -57.111507361958076 61.15999984741211 30.989999771118164 AB 4.540315226492005 1.0141989672177372
61249.9966 lsst_hardware_r -29.91410235622496 85.20999908447266 31.65999984741211 AB 4.476077480747248 1.0125726684192393
61251.962 lsst_hardware_y 41.84606449630464 77.58000183105469 30.079999923706055 AB 4.089763601126029 1.0200607585116468
61251.9854 lsst_hardware_z 20.105391505836455 50.29999923706055 30.979999542236328 AB 4.079076523682978 1.011843027207618
61253.9622 lsst_hardware_y -133.07326689781476 81.43000030517578 30.079999923706055 AB 4.0495410957510956 1.0164085578124482
61253.9845 lsst_hardware_u 4.617170063954571 2.940000057220459 28.5 AB 3.931234541605449 1.0123350750915319
61256.9632 lsst_hardware_y -89.22289335581297 67.52999877929688 30.06999969482422 AB 1.222054584566529 1.012752418149057
61256.9839 lsst_hardware_i 25.334934785285196 31.93000030517578 31.260000228881836 AB 1.120192444184455 1.0146670690083242
61258.9646 lsst_hardware_y 27.61611520832255 71.69000244140625 30.079999923706055 AB 3.1882876130961457 1.0118335807986558
61258.9862 lsst_hardware_r -31.443975774472122 25.31999969482422 31.530000686645508 AB 3.1830956334703737 1.0190253868755865
