data/validation/pwv_sim_epoch_fit_4/53215939.ecsv
# %ECSV 0.9
# ---
# datatype:
# - {name: time, datatype: float64}
# - {name: band, datatype: string}
# - {name: flux, datatype: float64}
# - {name: fluxerr, datatype: float64}
# - {name: zp, datatype: float64}
# - {name: zpsys, datatype: string}
# - {name: pwv, datatype: float64}
# - {name: airmass, datatype: float64}
# meta: {SNID: '53215939', alt: 1024.0, c: -0.09619207680225372, dec: -12.788582, lat: -30.244573, lon: -70.7499537, ra: 58.359375, t0: 60656.2421875,
#   x0: 5.089625623567367e-06, x1: 0.47584453225135803, z: 0.6084067225456238}
# schema: astropy-2.0
time band flux fluxerr zp zpsys pwv airmass
[from data line 134]
61010.1818 lsst_hardware_z -40.8528320159966 52.36000061035156 30.969999313354492 AB 8.168511034975264 1.0543755571299411
61010.2013 lsst_hardware_r 86.83748810498614 59.33000183105469 31.6299991607666 AB 8.306118566106573 1.0743912257283972
61012.1807 lsst_hardware_i 44.1616526875611 75.7300033569336 31.329999923706055 AB 6.753888163515231 1.057565734289971
61012.1984 lsst_hardware_z 67.41684711438583 68.31999969482422 30.989999771118164 AB 6.8815734091804694 1.07815093939296
61016.1586 lsst_hardware_u 13.10478445102661 16.700000762939453 29.440000534057617 AB 4.822744022095051 1.0508212271694952
61016.1771 lsst_hardware_g -38.6262339396334 69.70999908447266 31.719999313354492 AB 4.310434956276285 1.0645677837185192
61019.1593 lsst_hardware_r -9.248953220721198 22.540000915527344 31.489999771118164 AB 7.876622613356321 1.0558003592363594
61019.1776 lsst_hardware_i -66.20844932493004 34.93000030517578 31.270000457763672 AB 10.39822219211685 1.075641066734005
61021.1592 lsst_hardware_z 37.322949251182045 41.18000030517578 30.940000534057617 AB 12.589230175006719 1.0602498638467739
61021.1776 lsst_hardware_r 6.344871832677726 22.68000030517578 31.489999771118164 AB 13.76925800208815 1.084193543471508
61023.1474 lsst_hardware_u 6.821749382918649 2.700000047683716 28.440000534057617 AB 7.5242213946656955 1.055105541758555
61023.1653 lsst_hardware_r 7.156187235797216 22.829999923706055 31.489999771118164 AB 7.705522537178618 1.073678550482965
61025.1477 lsst_hardware_i -11.793428144166354 30.440000534057617 31.239999771118164 AB 10.800854937479572 1.0597152817190973
61025.1657 lsst_hardware_z -17.13234247371771 41.79999923706055 30.940000534057617 AB 11.036598746401204 1.082566872054651
61027.111 lsst_hardware_r 4.532595761123613 22.389999389648438 31.489999771118164 AB 4.172141968233993 1.0495954637063918
61027.13 lsst_hardware_u -2.7130993763329503 2.609999895095825 28.389999389648438 AB 3.050874528767335 1.0514214343827692
61029.0836 lsst_hardware_u -1.6894736962003702 2.6700000762939453 28.43000030517578 AB 3.6089566834691547 1.0641965893014682
61029.1023 lsst_hardware_g -11.589366085902935 13.569999694824219 31.399999618530273 AB 3.464392174538901 1.0506117284422616
61031.0829 lsst_hardware_r 3.598916598567671 22.3700008392334 31.489999771118164 AB 5.7585627620403805 1.0594681887723818
61031.1019 lsst_hardware_i 36.17375148049683 30.239999771118164 31.25 AB 4.254127773225067 1.049192972679431
61033.0844 lsst_hardware_z 20.177598235749905 41.08000183105469 30.950000762939453 AB 6.5243498436562 1.0541280445372654
61033.1035 lsst_hardware_r 2.094712883737572 22.420000076293945 31.5 AB 6.4790855211089795 1.0487916993107935
61035.0766 lsst_hardware_z -97.3676329945833 41.349998474121094 30.950000762939453 AB 10.17235060637574 1.0557159053890033
61035.0966 lsst_hardware_r -1.7501160221960121 24.479999542236328 31.510000228881836 AB 7.934471768456418 1.0487241020098084
61037.0796 lsst_hardware_i 32.06298461866463 37.2400016784668 31.280000686645508 AB 6.614639044103793 1.0509436040838565
61037.1 lsst_hardware_z 84.32553739563771 44.40999984741211 30.959999084472656 AB 5.566848929276192 1.0503488545804136
61039.0794 lsst_hardware_r -31.47322879513002 60.81999969482422 31.639999389648438 AB 8.966451135879185 1.0493213734206184
61039.1001 lsst_hardware_z -26.77021498911703 53.599998474121094 30.969999313354492 AB 7.818489125029259 1.0528533699205525
61041.0829 lsst_hardware_y -89.20841003786245 75.61000061035156 30.799999237060547 AB 7.230034755179646 1.0489089158540654
61041.1035 lsst_hardware_r 44.72692175973599 117.79000091552734 32.400001525878906 AB 7.338491397337898 1.059249538805212
61044.05 lsst_hardware_z -13.024286538458266 56.16999816894531 30.969999313354492 AB 2.4316902567373524 1.0572566333640663
61044.071 lsst_hardware_i 33.48218136151501 60.83000183105469 31.31999969482422 AB 2.3758760398108203 1.0487203883517195
61047.0514 lsst_hardware_y -70.1160172018788 48.2599983215332 30.040000915527344 AB 10.155743970620042 1.0513192516169816
61047.0732 lsst_hardware_r 21.9609947187701 22.200000762939453 31.479999542236328 AB 10.267848593086535 1.0505267641791012
61050.0394 lsst_hardware_y -59.07236237791657 63.41999816894531 30.059999465942383 AB 12.187987282369479 1.053261179522062
61050.0611 lsst_hardware_r 1.9389134195737654 22.600000381469727 31.5 AB 9.53780706046957 1.0493791462723698
61055.0377 lsst_hardware_y -38.13946766077369 67.08000183105469 30.059999465942383 AB 6.171621849733029 1.0489711650774247
61055.0574 lsst_hardware_z 36.58675263810902 41.54999923706055 30.950000762939453 AB 6.28547121138446 1.0534162167653178
61057.0378 lsst_hardware_y 59.46385481327792 62.11000061035156 30.059999465942383 AB 3.7651002263487348 1.0487744363088398
61057.0594 lsst_hardware_u -3.5628342575375744 2.7899999618530273 28.489999771118164 AB 2.9479304558065325 1.0588830660224688
