data/validation/pwv_sim_epoch_fit_4/53215939.ecsv
# %ECSV 0.9
# ---
# datatype:
# - {name: time, datatype: float64}
# - {name: band, datatype: string}
# - {name: flux, datatype: float64}
# - {name: fluxerr, datatype: float64}
# - {name: zp, datatype: float64}
# - {name: zpsys, datatype: string}
# - {name: pwv, datatype: float64}
# - {name: airmass, datatype: float64}
# meta: {SNID: '53215939', alt: 1024.0, c: -0.09619207680225372, dec: -12.788582, lat: -30.244573, lon: -70.7499537, ra: 58.359375, t0: 60656.2421875,
#   x0: 5.089625623567367e-06, x1: 0.47584453225135803, z: 0.6084067225456238}
# schema: astropy-2.0
time band flux fluxerr zp zpsys pwv airmass
[from data line 134]
61010.1818 lsst_hardware_z -5.1648846344359205 52.36000061035156 30.969999313354492 AB 8.168511034975264 1.0543755571299411
61010.2013 lsst_hardware_r 61.241736168729204 59.33000183105469 31.6299991607666 AB 8.306118566106573 1.0743912257283972
61012.1807 lsst_hardware_i 6.034763597455946 75.7300033569336 31.329999923706055 AB 6.753888163515231 1.057565734289971
61012.1984 lsst_hardware_z 109.71027918812702 68.31999969482422 30.989999771118164 AB 6.8815734091804694 1.07815093939296
61016.1586 lsst_hardware_u -31.628847058875543 16.700000762939453 29.440000534057617 AB 4.822744022095051 1.0508212271694952
61016.1771 lsst_hardware_g -35.164252087004925 69.70999908447266 31.719999313354492 AB 4.310434956276285 1.0645677837185192
61019.1593 lsst_hardware_r -1.409744704714827 22.540000915527344 31.489999771118164 AB 7.876622613356321 1.0558003592363594
61019.1776 lsst_hardware_i 14.182655831479199 34.93000030517578 31.270000457763672 AB 10.39822219211685 1.075641066734005
61021.1592 lsst_hardware_z 26.430722040534164 41.18000030517578 30.940000534057617 AB 12.589230175006719 1.0602498638467739
61021.1776 lsst_hardware_r 14.21388126335071 22.68000030517578 31.489999771118164 AB 13.76925800208815 1.084193543471508
61023.1474 lsst_hardware_u 1.1606957006151708 2.700000047683716 28.440000534057617 AB 7.5242213946656955 1.055105541758555
61023.1653 lsst_hardware_r 33.62270527335565 22.829999923706055 31.489999771118164 AB 7.705522537178618 1.073678550482965
61025.1477 lsst_hardware_i 56.84688366757831 30.440000534057617 31.239999771118164 AB 10.800854937479572 1.0597152817190973
61025.1657 lsst_hardware_z -34.43141173869522 41.79999923706055 30.940000534057617 AB 11.036598746401204 1.082566872054651
61027.111 lsst_hardware_r 6.167187679901706 22.389999389648438 31.489999771118164 AB 4.172141968233993 1.0495954637063918
61027.13 lsst_hardware_u -0.33792468175715945 2.609999895095825 28.389999389648438 AB 3.050874528767335 1.0514214343827692
61029.0836 lsst_hardware_u 1.7820952099079792 2.6700000762939453 28.43000030517578 AB 3.6089566834691547 1.0641965893014682
61029.1023 lsst_hardware_g 21.079731438303334 13.569999694824219 31.399999618530273 AB 3.464392174538901 1.0506117284422616
61031.0829 lsst_hardware_r -9.723351239870393 22.3700008392334 31.489999771118164 AB 5.7585627620403805 1.0594681887723818
61031.1019 lsst_hardware_i 43.61941757971215 30.239999771118164 31.25 AB 4.254127773225067 1.049192972679431
61033.0844 lsst_hardware_z -11.58863590233384 41.08000183105469 30.950000762939453 AB 6.5243498436562 1.0541280445372654
61033.1035 lsst_hardware_r -5.120019211233425 22.420000076293945 31.5 AB 6.4790855211089795 1.0487916993107935
61035.0766 lsst_hardware_z -6.002546556627642 41.349998474121094 30.950000762939453 AB 10.17235060637574 1.0557159053890033
61035.0966 lsst_hardware_r -58.94260516345027 24.479999542236328 31.510000228881836 AB 7.934471768456418 1.0487241020098084
61037.0796 lsst_hardware_i 60.459933259877666 37.2400016784668 31.280000686645508 AB 6.614639044103793 1.0509436040838565
61037.1 lsst_hardware_z 40.56714314207283 44.40999984741211 30.959999084472656 AB 5.566848929276192 1.0503488545804136
61039.0794 lsst_hardware_r 35.533336639514786 60.81999969482422 31.639999389648438 AB 8.966451135879185 1.0493213734206184
61039.1001 lsst_hardware_z -43.17979872931634 53.599998474121094 30.969999313354492 AB 7.818489125029259 1.0528533699205525
61041.0829 lsst_hardware_y -64.45837281970849 75.61000061035156 30.799999237060547 AB 7.230034755179646 1.0489089158540654
61041.1035 lsst_hardware_r -250.86095968095836 117.79000091552734 32.400001525878906 AB 7.338491397337898 1.059249538805212
61044.05 lsst_hardware_z 14.391049866322753 56.16999816894531 30.969999313354492 AB 2.4316902567373524 1.0572566333640663
61044.071 lsst_hardware_i 61.80142085450887 60.83000183105469 31.31999969482422 AB 2.3758760398108203 1.0487203883517195
61047.0514 lsst_hardware_y -25.520551039242626 48.2599983215332 30.040000915527344 AB 10.155743970620042 1.0513192516169816
61047.0732 lsst_hardware_r -1.383108269714823 22.200000762939453 31.479999542236328 AB 10.267848593086535 1.0505267641791012
61050.0394 lsst_hardware_y -105.26943128714267 63.41999816894531 30.059999465942383 AB 12.187987282369479 1.053261179522062
61050.0611 lsst_hardware_r -43.973177721252064 22.600000381469727 31.5 AB 9.53780706046957 1.0493791462723698
61055.0377 lsst_hardware_y -87.13549658797116 67.08000183105469 30.059999465942383 AB 6.171621849733029 1.0489711650774247
61055.0574 lsst_hardware_z -21.452212747180265 41.54999923706055 30.950000762939453 AB 6.28547121138446 1.0534162167653178
61057.0378 lsst_hardware_y -17.068589094124615 62.11000061035156 30.059999465942383 AB 3.7651002263487348 1.0487744363088398
61057.0594 lsst_hardware_u 1.2182229408267333 2.7899999618530273 28.489999771118164 AB 2.9479304558065325 1.0588830660224688
