data/validation/pwv_sim_epoch_fit_4/53309603.ecsv
# %ECSV 0.9
# ---
# datatype:
# - {name: time, datatype: float64}
# - {name: band, datatype: string}
# - {name: flux, datatype: float64}
# - {name: fluxerr, datatype: float64}
# - {name: zp, datatype: float64}
# - {name: zpsys, datatype: string}
# - {name: pwv, datatype: float64}
# - {name: airmass, datatype: float64}
# meta: {SNID: '53309603', alt: 1024.0, c: 0.09366677701473236, dec: -15.713861, lat: -30.244573, lon: -70.7499537, ra: 285.292969, t0: 60834.74609375,
#   x0: 5.5049544823082265e-06, x1: -0.28665024042129517, z: 0.5898595452308655}
# schema: astropy-2.0
time band flux fluxerr zp zpsys pwv airmass
60781.3566 lsst_hardware_y 13.870912545878848 76.94000244140625 30.790000915527344 AB 19.144985833388795 1.1109813337234176
60783.4109 lsst_hardware_r 199.82023348490225 80.5 31.65999984741211 AB 13.448463153322903 1.033602701763697
60785.4062 lsst_hardware_z 33.686909492761096 53.90999984741211 30.979999542236328 AB 4.857383080062738 1.0334857617154762
60791.3939 lsst_hardware_u 2.011233478130265 2.869999885559082 28.510000228881836 AB 4.160719380611858 1.0332057066331903
60791.4124 lsst_hardware_y -57.28235045599372 48.52000045776367 30.049999237060547 AB 4.169166562014449 1.0393252330675653
60796.3658 lsst_hardware_z -39.231785848889444 41.63999938964844 30.950000762939453 AB 9.227966046981397 1.036850117638359
60796.3854 lsst_hardware_r -14.87302628502356 24.469999313354492 31.520000457763672 AB 9.182102341075364 1.0336907151706884
60799.37 lsst_hardware_u 0.3448183846926502 2.799999952316284 28.469999313354492 AB 8.479743473836638 1.0332749968119384
60799.3886 lsst_hardware_g -27.90235381688361 15.5 31.469999313354492 AB 9.334246531811779 1.038099706966995
60801.352 lsst_hardware_r 25.916621833819466 24.239999771118164 31.520000457763672 AB 3.165392508872982 1.0369270066192342
60801.3712 lsst_hardware_i 22.18097529489157 31.469999313354492 31.260000228881836 AB 3.163316867998248 1.033594794314082
60803.3596 lsst_hardware_z -6.510968139480318 41.696423963688105 30.950000762939453 AB 10.74065662329702 1.0332439172330208
60803.378 lsst_hardware_r 16.330378187657566 24.343254434310563 31.520000457763672 AB 10.993252690737021 1.0382910596190933
60805.3584 lsst_hardware_z -194.88369795833816 88.33050348573308 32.16999816894531 AB 7.180466945960055 1.0333465653476785
60805.3793 lsst_hardware_r -16.691078302765668 46.26187890197341 31.6299991607666 AB 8.167677598410428 1.0431927451830165
60807.3271 lsst_hardware_z -98.85193376588023 65.04027120521663 30.989999771118164 AB 9.292098944842772 1.04262099299759
60807.3467 lsst_hardware_i -7.713046279398446 73.18905083836734 31.34000015258789 AB 10.17878962072019 1.0334146286561496
60809.3283 lsst_hardware_z -79.13478715828045 75.37999416233926 31.0 AB 6.893261239055464 1.0379463563418732
60809.3487 lsst_hardware_r -63.650437990972364 109.9034375910761 31.65999984741211 AB 8.248233384738295 1.0334944880690415
60811.3367 lsst_hardware_y 28.343917829243583 84.78041621420678 30.809999465942383 AB 4.289995875421834 1.033318958351305
60816.3155 lsst_hardware_z 871.6400626905007 66.06585942768749 31.709999084472656 AB 6.868732994669035 1.0349932938550979
60816.3381 lsst_hardware_r 1040.5307014723508 52.67419320664571 32.31999969482422 AB 7.303191151411707 1.0359871127614309
60822.2934 lsst_hardware_r 1111.9657550015374 41.08610695558838 31.510000228881836 AB 4.195923303938862 1.0376103459437485
60822.3132 lsst_hardware_u -1.492453926724819 3.663428673713054 28.540000915527344 AB 4.1615392721231705 1.0334948523484695
60825.2765 lsst_hardware_g 339.7471453183359 24.52244988900474 31.469999313354492 AB 12.145693854786716 1.0438629910147295
60825.2973 lsst_hardware_i 1312.1148322969889 47.49806294414911 31.260000228881836 AB 13.185606304394653 1.0334492159205475
60827.2862 lsst_hardware_z 1114.6024554901132 52.75065619467971 30.950000762939453 AB 6.425675101635194 1.0347441755743143
60827.3051 lsst_hardware_r 1564.5485634168856 46.5291141577416 31.510000228881836 AB 7.064422938228051 1.0348275788419996
60831.2698 lsst_hardware_y 538.6462845147981 51.466396024874015 30.040000915527344 AB 6.408316125967663 1.0370842011006245
60831.2936 lsst_hardware_g 396.0257141702274 24.49149198937054 31.450000762939453 AB 6.614181059723031 1.0346378412612522
60841.2089 lsst_hardware_z 1282.6067806469453 74.74467477665698 30.979999542236328 AB 12.48009171242268 1.0758699752088519
60841.2282 lsst_hardware_r 1592.6051349369318 94.51448991918919 31.649999618530273 AB 12.160426108949933 1.0483125955991321
60845.2549 lsst_hardware_r 2503.80269000065 64.57273117422011 32.310001373291016 AB 3.599858772945539 1.0344917207563864
60845.277 lsst_hardware_z 2440.1863113165514 78.33793612916638 31.709999084472656 AB 3.6251225016094324 1.049948590927621
60850.1844 lsst_hardware_r 940.3777427824057 38.73527469708451 31.5 AB 4.076335808423249 1.075739569429077
60850.2061 lsst_hardware_z 908.1562816455997 52.65686782647786 30.950000762939453 AB 3.969109317127113 1.0458326776497313
60859.1964 lsst_hardware_g 70.94809121014379 22.55351560653254 31.579999923706055 AB 6.922308688718422 1.0356536039375257
60859.2201 lsst_hardware_r 446.8394150830281 32.57468094144892 31.520000457763672 AB 6.979447391232029 1.0357312115995136
60862.1978 lsst_hardware_i 631.9667245425942 56.01616556371295 31.31999969482422 AB 5.00752415601391 1.0332959017808638
60862.2195 lsst_hardware_z 711.9736690020768 57.65236953408992 30.969999313354492 AB 4.529428017551154 1.0399727577417313
60864.1725 lsst_hardware_z 1416.6078032384187 104.85953971187102 31.739999771118164 AB 1.9787341459974175 1.0418045696721816
60864.1942 lsst_hardware_r 868.9633775223664 139.74527552499976 32.40999984741211 AB 1.9367616473268945 1.0332150692594797
60869.1536 lsst_hardware_r 410.62479270522743 137.85341161378298 32.40999984741211 AB 6.803333923019822 1.0464386874173304
60869.176 lsst_hardware_z 1004.4853685914666 102.93766080839602 31.739999771118164 AB 6.366293344946966 1.0336290101389096
60871.1546 lsst_hardware_r 154.62294570649397 55.19202154674759 31.639999389648438 AB 7.230984390615099 1.040878708883705
60871.1757 lsst_hardware_y 193.3459267686056 51.3812717650649 30.049999237060547 AB 6.6125777472705 1.0332152730110156
60876.1211 lsst_hardware_u -1.6891218233126721 3.0845714259640613 28.489999771118164 AB 3.4034543194373237 1.0629981477121335
60876.1487 lsst_hardware_g 63.55580749726583 22.89355937266737 32.22999954223633 AB 3.315898876622395 1.0362183989444984
60876.1756 lsst_hardware_r 192.32048152293416 27.497812848229966 31.520000457763672 AB 3.5255023806285446 1.0366075803083048
60878.1295 lsst_hardware_r 112.14538307823403 27.05313113676429 31.510000228881836 AB 5.430725034955705 1.0459793981039494
60878.1541 lsst_hardware_i 237.73227631418825 35.22581761254134 31.260000228881836 AB 5.303574607016704 1.033298079039493
60880.1314 lsst_hardware_z 457.1632186958232 46.52539312696081 30.950000762939453 AB 6.447350354714727 1.0398952185023753
60880.155 lsst_hardware_r 115.28638042593113 26.98599071033367 31.530000686645508 AB 6.407838391579048 1.0335223212224272
60882.1304 lsst_hardware_u 2.2482354456596805 3.160168322791752 28.440000534057617 AB 9.52658011490471 1.0371700874494794
60882.1519 lsst_hardware_g 7.113713921941685 15.923355897466918 31.459999084472656 AB 9.370168790006169 1.0339686751027515
60885.1172 lsst_hardware_r 147.10600095320493 26.44980524233591 31.520000457763672 AB 3.7559293365832667 1.0402795559017495
60885.1389 lsst_hardware_z 364.82527642821617 45.506731469705414 30.950000762939453 AB 4.346610373642057 1.0332671252714876
60889.1182 lsst_hardware_g 15.84028820881829 34.35208874640633 31.68000030517578 AB 1.622215675063262 1.0343564346839915
60889.1391 lsst_hardware_r 87.90381472774216 38.60943314253403 31.600000381469727 AB 1.8798902304065914 1.036132774429501
60893.1073 lsst_hardware_z 277.22941088322966 77.75364295826643 31.0 AB 2.0256030998907324 1.03435051909314
60893.1254 lsst_hardware_r 149.48296967192104 110.09541734519622 31.65999984741211 AB 2.1564355916075924 1.0350062834689668
60898.0855 lsst_hardware_r 255.79664417950414 81.04059498834768 31.65999984741211 AB 7.777834414432654 1.0378402661283856
60898.107 lsst_hardware_z 295.85444791165577 61.966002023337225 30.989999771118164 AB 7.729776549004964 1.033715046895863
60903.0822 lsst_hardware_g 21.50642863486269 15.794933663111795 31.479999542236328 AB 6.087773821792914 1.0338119249053968
60903.1013 lsst_hardware_r 66.1999130429083 25.586894915810763 31.520000457763672 AB 5.306702830712347 1.0363304577618175
60905.0676 lsst_hardware_r 148.1552247953978 36.15272225315335 32.27000045776367 AB 2.988779476277682 1.0371704371119776
60905.0878 lsst_hardware_i 291.4844232383832 46.96958664803006 32.0099983215332 AB 2.714752681907828 1.0336992601267312
60909.0939 lsst_hardware_u -1.542053378443151 3.9479498617921887 29.200000762939453 AB 2.8332243757567688 1.0420097005358928
60909.1182 lsst_hardware_g 8.32276550203602 21.72868126434153 32.189998626708984 AB 2.959293949507094 1.0725965746674255
60911.0537 lsst_hardware_r 57.23760516654383 25.377086655741703 31.510000228881836 AB 2.6502535656404476 1.035963477236567
60911.0745 lsst_hardware_z 221.05498210654994 43.76202567123147 30.950000762939453 AB 2.656434491830204 1.0344371074105156
60913.0424 lsst_hardware_r 136.896362767775 25.44552231749418 31.510000228881836 AB 2.1097407543790974 1.0391531852626128
60913.0604 lsst_hardware_u 3.833585613113091 2.7833433326161225 28.440000534057617 AB 2.1196435370327076 1.0332164450561578
60930.9915 lsst_hardware_z 3.029028162284165 42.40999984741211 30.950000762939453 AB 2.7530233931134243 1.0403489440201885
60931.0096 lsst_hardware_u -0.34866372949253965 2.7699999809265137 28.43000030517578 AB 2.2400709965918595 1.033282796813466
60932.9924 lsst_hardware_y -3.973380213936767 48.0 30.059999465942383 AB 2.404064794448751 1.036532679411279
60933.0106 lsst_hardware_r 5.173832158923326 24.610000610351562 31.530000686645508 AB 1.319095364392953 1.033571294333278
60934.9808 lsst_hardware_y -69.79956309940948 70.19000244140625 30.06999969482422 AB 6.885890444081247 1.040190907737558
60934.9983 lsst_hardware_z -7.56967934086795 42.150001525878906 30.959999084472656 AB 6.824505699351237 1.0333114844948623
60936.9816 lsst_hardware_y 65.18366888931405 67.81999969482422 30.06999969482422 AB 6.299166760576605 1.0364733460430449
60937.0025 lsst_hardware_u 4.02416891620041 2.930000066757202 28.520000457763672 AB 6.101540185438831 1.0341593534642086
60938.9823 lsst_hardware_y 31.66334063313912 65.58999633789062 30.059999465942383 AB 3.5593215633937394 1.0341854421483643
60939.0015 lsst_hardware_r 10.5896141479054 24.75 31.510000228881836 AB 4.03909250962308 1.0356647460572
60941.9837 lsst_hardware_y 35.3233343134715 68.45999908447266 30.06999969482422 AB 2.6240592409123304 1.03329759437391
60942.0034 lsst_hardware_r -54.472407270741094 25.010000228881836 31.520000457763672 AB 2.963812281614762 1.041700760921438
61150.4034 lsst_hardware_r -3.696724713195139 24.959999084472656 31.530000686645508 AB 4.860756541303295 1.034203519426233
61150.4214 lsst_hardware_y 77.0829708185564 65.11000061035156 30.06999969482422 AB 4.4677641284242835 1.035163143749834
61152.4038 lsst_hardware_g -20.21323489732128 16.200000762939453 31.5 AB 6.272927685486417 1.033261025446618
61152.4218 lsst_hardware_y 40.61236040999126 61.45000076293945 30.059999465942383 AB 5.53246613888489 1.0379536860420042
61154.3925 lsst_hardware_z -81.23567631306317 41.779998779296875 30.950000762939453 AB 10.238221287665503 1.034198587932136
61154.4124 lsst_hardware_y -28.032162200230072 48.70000076293945 30.049999237060547 AB 10.244004833839142 1.035942610637433
61156.3889 lsst_hardware_u -0.6750103791193303 2.890000104904175 28.520000457763672 AB 4.162644557787646 1.0337693438214353
61156.4077 lsst_hardware_y -45.75544363300213 47.439998626708984 30.049999237060547 AB 4.153353681341011 1.0362874347872364
61158.3936 lsst_hardware_r 19.194004608777902 24.350000381469727 31.510000228881836 AB 5.172892653267099 1.0335794038963202
61158.4118 lsst_hardware_z -9.630634763975257 42.27000045776367 30.950000762939453 AB 5.245533111883821 1.0424005124135702
61160.3718 lsst_hardware_i -86.67144510230972 57.709999084472656 31.31999969482422 AB 10.880309001321057 1.0356691919047227
61160.3892 lsst_hardware_z 16.437923441960372 53.0099983215332 30.969999313354492 AB 11.837006608244089 1.0337696085916646
61162.3234 lsst_hardware_r 99.65343195836837 95.7300033569336 31.649999618530273 AB 9.70950971107578 1.0882660514543576
61162.3409 lsst_hardware_z -121.38047802241847 65.36000061035156 30.989999771118164 AB 9.57427371336285 1.058115918626292
61164.366 lsst_hardware_z 116.95863500161148 68.31999969482422 30.989999771118164 AB 8.536530880610444 1.0339999047877797
61164.3854 lsst_hardware_i 2.3839734807169806 76.69000244140625 31.34000015258789 AB 9.253555581360594 1.0360777317340368
61169.3235 lsst_hardware_y -26.395960013446327 49.630001068115234 30.049999237060547 AB 8.750288562057884 1.05584175711105
61169.3486 lsst_hardware_g -83.1631603184065 43.77000045776367 31.700000762939453 AB 8.065489985711563 1.0351320288396988
61171.345 lsst_hardware_g -19.824988613438595 21.709999084472656 31.579999923706055 AB 7.038795313659108 1.0345084235242428
61171.365 lsst_hardware_r 43.05746793426393 40.2400016784668 32.29999923706055 AB 7.044689649297155 1.0355269218428862
61171.3887 lsst_hardware_i 42.27136642225382 33.689998626708984 31.270000457763672 AB 8.020689128209394 1.055353832659131
61174.3345 lsst_hardware_i 35.799111751605835 31.270000457763672 31.25 AB 8.2582558335889 1.0353016088912117
61174.3564 lsst_hardware_z -54.147565433636835 41.38999938964844 30.940000534057617 AB 8.254960766944077 1.0353644508897692
61176.3234 lsst_hardware_r 1.962428600595712 23.969999313354492 31.510000228881836 AB 3.910028504301318 1.038037699422929
61176.3449 lsst_hardware_u 2.0593293938611885 2.7100000381469727 28.399999618530273 AB 4.260902224090503 1.033655979644322
61179.3249 lsst_hardware_g -4.7219865796037 15.119999885559082 31.459999084472656 AB 7.551314588348298 1.0340371214061523
61179.3435 lsst_hardware_i -35.547219802605504 31.329999923706055 31.260000228881836 AB 8.489717707946552 1.0356682304749372
61188.2889 lsst_hardware_r -29.649271475191853 61.130001068115234 31.639999389648438 AB 7.945749016835083 1.039112774651493
61188.311 lsst_hardware_z -19.94911294806588 51.63999938964844 30.969999313354492 AB 8.125735266431972 1.033479843107439
61195.2088 lsst_hardware_z 109.40513409391907 79.4000015258789 30.979999542236328 AB 13.25114068447512 1.1542805474281463
61195.2325 lsst_hardware_r 78.84562409154496 108.23999786376953 31.649999618530273 AB 12.531815941426432 1.0899758733700462
61197.3084 lsst_hardware_y 156.6639685871135 71.66999816894531 30.799999237060547 AB 6.324046184350147 1.0450809641561902
61219.2326 lsst_hardware_r 43.49195084647692 117.45999908447266 31.65999984741211 AB 6.253580090727909 1.03501822090832
61219.256 lsst_hardware_i 23.418709677123815 93.44000244140625 31.34000015258789 AB 6.083490158256239 1.0532966165388538
61224.2263 lsst_hardware_z 94.81892161859352 131.9600067138672 32.5 AB 6.980120245596103 1.03860533363694
61226.2186 lsst_hardware_r -23.08634245985366 53.470001220703125 31.6299991607666 AB 3.7368140977270876 1.037307575301882
61226.2376 lsst_hardware_z -12.5098230616161 50.06999969482422 30.959999084472656 AB 3.814000850772185 1.0541738117114938
61232.1917 lsst_hardware_i 40.276752563544996 31.809999465942383 31.260000228881836 AB 8.087475874336231 1.033609288048595
61232.2128 lsst_hardware_r -8.4841756796414 24.6200008392334 31.510000228881836 AB 8.67388747629655 1.0450466838911505
61234.1765 lsst_hardware_u -2.934269323107622 2.8499999046325684 28.489999771118164 AB 6.392838891486801 1.0336733368974145
61234.1984 lsst_hardware_g 2.2080410285135206 15.789999961853027 31.479999542236328 AB 6.44878530243619 1.0382427534612502
61236.1778 lsst_hardware_r -1.6555981492500578 24.489999771118164 31.520000457763672 AB 6.6129540580973005 1.0332740715777031
61236.1973 lsst_hardware_i 4.95690148026265 31.75 31.260000228881836 AB 6.663658420678299 1.0411966282309841
61239.1646 lsst_hardware_z -5.173840901578844 41.56999969482422 30.950000762939453 AB 2.558219251666527 1.0334151693260056
61239.1859 lsst_hardware_r -29.00172539122327 24.469999313354492 31.510000228881836 AB 2.2973913151174368 1.0389559367405028
61243.1376 lsst_hardware_i -81.49289877976362 37.47999954223633 31.280000686645508 AB 5.378248483880018 1.0398778971152394
61243.1579 lsst_hardware_z 19.74448402386032 44.34000015258789 30.950000762939453 AB 5.336329351456265 1.0332379020503935
61245.1374 lsst_hardware_z -19.471679528010238 51.869998931884766 30.969999313354492 AB 6.427832685949932 1.0367472074112793
61245.1565 lsst_hardware_r 27.21515978442802 58.060001373291016 31.639999389648438 AB 6.408693510291694 1.0336602435954345
61247.1318 lsst_hardware_i 79.38653846823891 82.1500015258789 31.34000015258789 AB 9.510985026756392 1.0368173795281272
61247.1524 lsst_hardware_r 69.18076323327314 100.06999969482422 31.65999984741211 AB 9.427651155520874 1.0339320763875606
61250.1307 lsst_hardware_z 134.7741121534702 142.3300018310547 31.760000228881836 AB 4.296465172788018 1.034129935683894
61252.1252 lsst_hardware_r 32.44957044827617 101.58999633789062 31.65999984741211 AB 3.826317342977078 1.0341398224262373
61252.147 lsst_hardware_i -18.49278892132568 80.80000305175781 31.34000015258789 AB 3.836850799902089 1.0369867026762403
61257.0925 lsst_hardware_i 35.38319228030935 31.389999389648438 31.25 AB 2.5084767370999934 1.0454890540844652
61257.1114 lsst_hardware_u 0.08897698291067964 2.700000047683716 28.389999389648438 AB 2.425491902569049 1.0341779004700322
61262.1055 lsst_hardware_i 42.51392018492689 31.450000762939453 31.270000457763672 AB 3.837576123703923 1.033226688006441
61262.1262 lsst_hardware_r 51.12058267255049 24.15999984741211 31.520000457763672 AB 4.497271451644611 1.0411153912287856
61265.0837 lsst_hardware_u 2.375467581150158 2.819999933242798 28.489999771118164 AB 2.6099409949231167 1.0363077208350673
61265.1031 lsst_hardware_g -21.010415812716296 15.25 31.479999542236328 AB 2.6307556884025387 1.0338988753792646
61267.0774 lsst_hardware_r -11.795876983363064 24.040000915527344 31.520000457763672 AB 3.83583751957923 1.0367128431295216
61267.0961 lsst_hardware_i 28.084990563732404 31.329999923706055 31.260000228881836 AB 3.722785573992748 1.0336046571785238
61269.056 lsst_hardware_i 14.170371380536675 31.719999313354492 31.260000228881836 AB 4.104931314011539 1.0492731173718415
61269.0746 lsst_hardware_z 1.555821334335436 41.72999954223633 30.959999084472656 AB 4.051881422164466 1.035514366222417
61273.0583 lsst_hardware_i -38.648787064744326 44.18000030517578 31.309999465942383 AB 3.2916086580884687 1.0381985989870584
61273.0807 lsst_hardware_z 49.584300940514915 48.209999084472656 30.969999313354492 AB 3.223335930034017 1.0337831719159771
61277.064 lsst_hardware_i 76.30871688711532 94.2699966430664 31.34000015258789 AB 4.32206385405312 1.0332244207549741
61277.0827 lsst_hardware_r 24.020801405084946 112.25 31.65999984741211 AB 4.356913911475269 1.0393194898658826
61285.0227 lsst_hardware_g -2.028329642283999 15.279999732971191 31.459999084472656 AB 1.712411799937711 1.0400314606363261
61285.0431 lsst_hardware_r 10.150898894656255 24.139999389648438 31.520000457763672 AB 1.6335447223702655 1.033235118513767
61287.0153 lsst_hardware_i -39.53341942304425 31.440000534057617 31.25 AB 1.8479733251646207 1.041453994363192
61287.0349 lsst_hardware_z -12.24955074970756 41.54999923706055 30.950000762939453 AB 1.8491593431243423 1.0332904362045219
61303.9923 lsst_hardware_z -247.29348433362796 97.7300033569336 31.75 AB 3.557604130344751 1.033286125572103
