data/validation/pwv_sim_epoch_fit_4/53388181.ecsv
# %ECSV 0.9
# ---
# datatype:
# - {name: time, datatype: float64}
# - {name: band, datatype: string}
# - {name: flux, datatype: float64}
# - {name: fluxerr, datatype: float64}
# - {name: zp, datatype: float64}
# - {name: zpsys, datatype: string}
# - {name: pwv, datatype: float64}
# - {name: airmass, datatype: float64}
# meta: {SNID: '53388181', alt: 1024.0, c: -0.029666466638445854, dec: 2.836105, lat: -30.244573, lon: -70.7499537, ra: 299.882812, t0: 60135.4609375,
#   x0: 8.350611241973656e-06, x1: 0.6632699966430664, z: 0.49603965878486633}
# schema: astropy-2.0
time band flux fluxerr zp zpsys pwv airmass
60064.4035 lsst_hardware_r -72.91606770752465 99.95999908447266 31.6200008392334 AB 13.765596015120856 1.205147460978859
60064.4204 lsst_hardware_y -134.27046540100463 159.64999389648438 30.030000686645508 AB 14.378507503089677 1.194691256557609
60068.3463 lsst_hardware_z -99.96827926078385 146.8300018310547 30.969999313354492 AB 10.842003251515333 1.314182212304889
60068.3628 lsst_hardware_y 144.5756059826264 156.89999389648438 29.989999771118164 AB 10.499145594827297 1.2602125245104034
60070.4074 lsst_hardware_r 41.82180539807408 96.87999725341797 31.6299991607666 AB 3.184882407995184 1.1942935813237776
60070.4253 lsst_hardware_y 200.0517936692364 152.05999755859375 30.030000686645508 AB 2.7890102632569964 1.2015122297283776
60072.4074 lsst_hardware_z -13.962812617726872 209.57000732421875 31.739999771118164 AB 12.638682588082693 1.1948271625962494
60077.3503 lsst_hardware_r -97.58816952382521 99.43000030517578 31.610000610351562 AB 7.540634245410371 1.2318781695585659
60077.3707 lsst_hardware_g 77.55189855479563 108.2699966430664 31.670000076293945 AB 7.402799615500997 1.2025340506012319
60080.3478 lsst_hardware_r -74.83951744531926 96.0199966430664 31.610000610351562 AB 5.073692782054303 1.221448328544982
60080.3687 lsst_hardware_i -181.41264681637566 112.8499984741211 31.31999969482422 AB 4.960269774872821 1.19789167435045
60082.3468 lsst_hardware_z 8.585142528241379 140.60000610351562 30.979999542236328 AB 8.519911596067718 1.2145132411448174
60082.3666 lsst_hardware_i 182.45331834571425 112.69999694824219 31.309999465942383 AB 8.38296139436485 1.1961703813690867
60085.3954 lsst_hardware_r -15.765393641326774 99.33999633789062 31.610000610351562 AB 8.62306557578755 1.214003319131008
60085.4141 lsst_hardware_i 8.691206394186633 117.83000183105469 31.299999237060547 AB 8.947363709344323 1.2501556111980332
60095.3237 lsst_hardware_r -82.80408675470017 99.9800033569336 31.6200008392334 AB 8.913753738809673 1.2007211717672766
60095.3454 lsst_hardware_g 163.066019955863 108.56999969482422 31.68000030517578 AB 8.504099634059562 1.1950394127071544
60100.3217 lsst_hardware_r -34.07379144456594 99.81999969482422 31.6200008392334 AB 7.557718993655894 1.1948018328441559
60100.3438 lsst_hardware_i -32.23927503398193 118.55999755859375 31.309999465942383 AB 6.315868885822036 1.2018779992049546
60111.2777 lsst_hardware_r 253.17540620780736 142.04292541499686 32.369998931884766 AB 7.937928561278691 1.2027164486785897
60111.298 lsst_hardware_u 98.36378534417355 53.887508136269496 30.139999389648438 AB 7.756643598344687 1.194386356907216
60121.2701 lsst_hardware_z 582.0710656434056 150.8917979174511 30.989999771118164 AB 6.857952011886124 1.1943490093845566
60121.2883 lsst_hardware_r 1751.688769474933 108.45654957086157 31.6200008392334 AB 6.9677550029216935 1.2035678201704354
60123.2674 lsst_hardware_z 1080.3964678094685 151.67093546538504 30.989999771118164 AB 6.9051590698686045 1.1946986481504913
60123.2871 lsst_hardware_r 2219.3245037193433 110.532181358049 31.6200008392334 AB 6.97590587217216 1.208123401155519
60125.2621 lsst_hardware_i 1717.0876188082207 125.89573770613254 31.31999969482422 AB 4.16613009421423 1.1947320141132933
60125.2815 lsst_hardware_z 1386.989416966027 152.2280549197505 30.989999771118164 AB 4.207026876650428 1.2079612021105421
60130.1916 lsst_hardware_y 1033.1731579814227 225.30558593478514 30.760000228881836 AB 4.556227293708556 1.2656186926968211
60137.1969 lsst_hardware_u 30.34403788760421 37.33139564269473 29.350000381469727 AB 7.0616645152197 1.2141789056430021
60137.2179 lsst_hardware_r 3241.599428501799 114.72459002798948 31.610000610351562 AB 8.510311557550377 1.19563231660623
60141.2239 lsst_hardware_r 5987.9989961890615 160.75032518619548 32.369998931884766 AB 3.5466798018846606 1.1965856281662148
60141.252 lsst_hardware_u 63.35735280506333 52.611284517241394 30.09000015258789 AB 3.9714260573166142 1.229924452560116
60143.2246 lsst_hardware_g 870.2598035589286 109.36412200565263 31.670000076293945 AB 2.4278649539054626 1.200427665713455
60143.2473 lsst_hardware_r 2714.8959075467005 109.75777722901444 31.610000610351562 AB 2.4369683781643783 1.2314140364650723
60148.1803 lsst_hardware_z 1530.853704008363 152.74827845015218 30.989999771118164 AB 6.319236026893521 1.1997600240918005
60148.2003 lsst_hardware_r 2569.843318319285 110.66688517805107 31.6200008392334 AB 6.296005458320657 1.1949713799895685
60151.1481 lsst_hardware_z 1261.2147517491403 151.66258982860305 30.979999542236328 AB 11.412237609961885 1.2322567266796474
60151.1687 lsst_hardware_r 2060.1919690976356 108.81264726469001 31.610000610351562 AB 12.935932310633866 1.2025501625100234
60154.1809 lsst_hardware_i 1619.3808001643629 124.71417315856853 31.309999465942383 AB 4.964302660752034 1.1944426340182142
60159.1338 lsst_hardware_r 1027.810298970178 104.48999425719994 31.600000381469727 AB 2.2546859174062277 1.218749144543907
60161.1342 lsst_hardware_y 722.1528402112596 225.92927796072019 30.770000457763672 AB 2.4808784194533064 1.2103814048397983
60161.1546 lsst_hardware_g 313.0716710511551 154.16182990063834 32.41999816894531 AB 2.4216060853726207 1.1949696942376613
60163.1206 lsst_hardware_r 938.98102997759 103.41676360104053 31.610000610351562 AB 3.3363074090982723 1.2225011117646116
60163.139 lsst_hardware_i 1016.1833225394743 122.95348956487493 31.309999465942383 AB 3.2012613911668613 1.2000230130576763
60166.129 lsst_hardware_z 518.1592822590985 150.6628491350092 30.979999542236328 AB 5.200332086629723 1.2014629387669749
60166.1481 lsst_hardware_r 532.2106563615315 102.98812958438201 31.6200008392334 AB 5.1420850070611435 1.194444833231392
60169.1299 lsst_hardware_u 28.351750247652244 36.75174257283973 29.399999618530273 AB 3.9936564183631122 1.1958845391115773
60169.1496 lsst_hardware_r 566.2503127933472 99.52822566981054 31.6200008392334 AB 3.979448053825165 1.1977270289917727
60177.1055 lsst_hardware_z 684.2605294097966 150.2655043444297 30.979999542236328 AB 2.9671671767382124 1.197041725360852
60177.1276 lsst_hardware_r 391.27218562304733 101.29480684931639 31.610000610351562 AB 2.110241055837667 1.1976396457648508
60180.0996 lsst_hardware_y 398.4718941235754 159.6858959410962 30.020000457763672 AB 3.3911383463192784 1.1959929509428755
60180.1189 lsst_hardware_g -186.97711978470926 108.31211234638725 31.670000076293945 AB 3.3106945201581257 1.197357873475134
60182.0804 lsst_hardware_r 208.80222899575188 101.16533051246832 31.6200008392334 AB 2.473332358457104 1.2062093920785681
60182.0976 lsst_hardware_i 375.0108702429984 120.62773585933714 31.309999465942383 AB 2.248000007848703 1.194897240174718
60184.0785 lsst_hardware_z 658.4573925251614 142.9477992435314 30.979999542236328 AB 4.209282779450902 1.2026522227002578
60184.0952 lsst_hardware_r 211.20017846585534 97.91747999657532 31.6200008392334 AB 4.189915049705036 1.1944169282922064
60196.0565 lsst_hardware_r 187.94320631979932 97.84158377725706 31.6200008392334 AB 3.0677481417105734 1.1957700805732112
60196.075 lsst_hardware_i 13.74701189447862 114.54170246949278 31.31999969482422 AB 3.112846464187408 1.1972486400720799
60199.0204 lsst_hardware_i 368.9127030160195 119.3910081838328 31.309999465942383 AB 2.6300913460525113 1.2258640624807788
60199.0494 lsst_hardware_z 761.9734810802788 210.951574964636 31.729999542236328 AB 3.547128307044625 1.1953925995432346
60199.077 lsst_hardware_r 327.03814025772886 100.53495941446397 31.610000610351562 AB 3.4161685220894893 1.205281143863162
60201.0249 lsst_hardware_r 185.61462394430603 100.3777391388054 31.610000610351562 AB 1.6946975260821853 1.2104982329158467
60201.0428 lsst_hardware_u 10.662500136376662 37.671213543091945 29.3700008392334 AB 1.3713697359735866 1.1957881726265083
60207.1165 lsst_hardware_z 789.2666235302928 208.0057885954037 31.709999084472656 AB 5.435592324524433 1.3820766584234176
60207.1655 lsst_hardware_r 141.39297832739862 131.8473478570818 32.20000076293945 AB 12.8257557356758 1.7919532050451767
60209.0289 lsst_hardware_y 264.36757213344504 151.75997143986964 30.030000686645508 AB 3.0392340582398942 1.1943544897459293
60209.0492 lsst_hardware_g 0.9074110288605433 105.2492914132729 31.670000076293945 AB 3.105300015928702 1.2047720721351418
60211.0244 lsst_hardware_r -29.11921281252975 99.66000366210938 31.6200008392334 AB 3.355441081786141 1.1943905132130002
60211.0422 lsst_hardware_i 297.9682387928213 118.43000030517578 31.309999465942383 AB 3.6182118524011395 1.20326300379145
60214.9929 lsst_hardware_y -162.70521159685532 158.6699981689453 30.020000457763672 AB 5.1549906668925125 1.2035465971966155
60215.0129 lsst_hardware_z -191.39990100353947 148.05999755859375 30.979999542236328 AB 5.652921823487792 1.1943633685796629
60217.9939 lsst_hardware_y -344.2704861011695 158.55999755859375 30.020000457763672 AB 3.9712212251506687 1.1968719786469768
60218.0134 lsst_hardware_u -22.069547802617443 37.5 29.360000610351562 AB 7.272782359099226 1.1964928957539753
60222.9962 lsst_hardware_y -55.82004916906298 158.6300048828125 30.020000457763672 AB 3.991295706706048 1.195177633390117
60223.0168 lsst_hardware_r 106.2178341624201 99.30999755859375 31.610000610351562 AB 4.137285154872246 1.211592402041803
60429.3999 lsst_hardware_r -37.980193880077366 64.38999938964844 31.600000381469727 AB 13.823218954405904 1.2101392492585819
60429.4173 lsst_hardware_z -29.40261730493935 59.95000076293945 30.959999084472656 AB 14.36689959278302 1.195846478507014
60432.4045 lsst_hardware_z -36.815100641678214 46.36000061035156 30.940000534057617 AB 13.354660071837419 1.1981571928797254
60432.4234 lsst_hardware_y 59.40075380119485 57.060001373291016 30.0 AB 13.320845199011794 1.1953110526963944
60436.398 lsst_hardware_u -1.3137088215616237 2.630000114440918 28.309999465942383 AB 8.265626093367946 1.195923619093966
60436.4164 lsst_hardware_y 53.107677448278984 50.279998779296875 29.989999771118164 AB 8.324933112988647 1.196913607733439
60443.3535 lsst_hardware_g 26.01269344494994 14.279999732971191 31.360000610351562 AB 9.76441365944363 1.222257775575528
60443.3745 lsst_hardware_i 39.835221881015016 32.0099983215332 31.229999542236328 AB 9.5580011706619 1.1981448901882787
60445.3487 lsst_hardware_z 29.786599053600987 44.060001373291016 30.93000030517578 AB 5.053312994460448 1.221147769413264
60445.3716 lsst_hardware_r -33.2532211390126 23.729999542236328 31.469999313354492 AB 4.922979276491591 1.196737527710459
60447.3573 lsst_hardware_u 0.5386588290527524 3.630000114440918 29.010000228881836 AB 8.445949397854635 1.2029838904956158
60447.38 lsst_hardware_g -12.099895966550715 20.100000381469727 32.119998931884766 AB 9.32186614223134 1.1947025985429776
60462.3192 lsst_hardware_y 140.88449575933308 49.20000076293945 29.989999771118164 AB 11.374629845404414 1.2005519917045135
60462.3408 lsst_hardware_g 0.17328637320521273 18.739999771118164 31.469999313354492 AB 10.495180769387906 1.1951240200479678
60464.3184 lsst_hardware_r 40.41979137861589 33.2599983215332 32.220001220703125 AB 14.448005704607201 1.1974395047640802
60464.3414 lsst_hardware_i 70.70189094970999 45.25 31.979999542236328 AB 14.293496275181779 1.1977121061825164
60466.3213 lsst_hardware_z -19.88571345614913 43.560001373291016 30.93000030517578 AB 7.322552603217992 1.1945436546847568
60466.3441 lsst_hardware_r 32.39762457296542 23.479999542236328 31.459999084472656 AB 6.568253309396182 1.2040794334365137
60468.2754 lsst_hardware_r -11.438219312130775 23.700000762939453 31.459999084472656 AB 4.32685091797985 1.2417422637335056
60468.2956 lsst_hardware_u 4.295674490469082 2.549999952316284 28.25 AB 3.413408747177956 1.2075382496427942
60485.2405 lsst_hardware_z 18.431516848248684 110.97000122070312 31.719999313354492 AB 5.358506744441858 1.219528532503315
60487.2418 lsst_hardware_r 78.85198779097155 70.27999877929688 31.610000610351562 AB 8.760634314164625 1.2098652553742404
60487.2661 lsst_hardware_z -145.5267484714703 58.38999938964844 30.959999084472656 AB 8.592677734231904 1.1943674745260489
60490.2475 lsst_hardware_r 52.48690280139139 28.329999923706055 31.510000228881836 AB 3.952254192519102 1.1974108844230769
60490.2695 lsst_hardware_y 55.11915159980727 49.43000030517578 29.989999771118164 AB 4.163545748356679 1.1972239284069814
60493.2501 lsst_hardware_g -3.795176310370113 14.369999885559082 31.3799991607666 AB 7.698850169851407 1.1943608702841153
60493.2705 lsst_hardware_r -0.17620804260442688 23.739999771118164 31.469999313354492 AB 7.80420311935681 1.2042129567344535
60495.2184 lsst_hardware_i 35.332497030759974 32.029998779296875 31.229999542236328 AB 4.389343120330029 1.2118840725205253
60495.2397 lsst_hardware_z 20.947576727318967 43.22999954223633 30.93000030517578 AB 4.30517203847485 1.195051225114462
60497.2316 lsst_hardware_z -87.11529261042892 43.22999954223633 30.93000030517578 AB 2.1526388413134425 1.195910467396357
60497.2522 lsst_hardware_r -3.71944519436035 23.770000457763672 31.469999313354492 AB 1.9142412546444187 1.1982730858493624
60499.2187 lsst_hardware_u 3.5784922397074137 2.7200000286102295 28.3799991607666 AB 2.5668829074187993 1.2001790332758853
60499.2381 lsst_hardware_g 1.2494704818500155 14.520000457763672 31.399999618530273 AB 2.5397449101129412 1.1947523980303145
60501.2187 lsst_hardware_r 27.445701117531996 23.920000076293945 31.469999313354492 AB 9.933276108183813 1.1967802539980497
60501.2398 lsst_hardware_z -73.73649231649428 43.97999954223633 30.93000030517578 AB 9.938513325076848 1.1974112439851623
60503.2196 lsst_hardware_r 29.37788639562119 23.940000534057617 31.479999542236328 AB 8.123004569961358 1.194676620741449
60503.238 lsst_hardware_u 1.5344286227246746 2.740000009536743 28.389999389648438 AB 8.21348251943266 1.1997491264144253
60506.2158 lsst_hardware_z 4.124768994221661 46.279998779296875 30.940000534057617 AB 3.3771138328110535 1.1943815500658015
60506.2362 lsst_hardware_r -61.65582689850001 31.030000686645508 31.520000457763672 AB 3.5132585238112077 1.2054412502354461
60511.178 lsst_hardware_z 36.39979253092143 78.62000274658203 30.969999313354492 AB 7.572391502194204 1.2077982059722596
60511.1986 lsst_hardware_r -4.3930089755318384 116.68000030517578 31.610000610351562 AB 7.509253877222369 1.1945522174941132
60514.1772 lsst_hardware_z -194.3155978867013 108.05000305175781 31.719999313354492 AB 6.606351561918034 1.200609098031469
60516.166 lsst_hardware_r -26.84319825624123 59.86000061035156 31.600000381469727 AB 11.001697126610447 1.2059517832483089
60516.1842 lsst_hardware_z -105.22366636427363 53.84000015258789 30.950000762939453 AB 12.814209193747228 1.1946681038966729
60520.1697 lsst_hardware_r 32.96624221603997 33.790000915527344 32.220001220703125 AB 5.8482464198591355 1.1955936665356506
60520.1908 lsst_hardware_u -1.021401947552162 3.680000066757202 29.040000915527344 AB 5.859603963110885 1.1992026529774131
60525.1698 lsst_hardware_g 16.6254780133134 14.600000381469727 31.389999389648438 AB 1.4843757408869243 1.1954703953453731
60525.1897 lsst_hardware_r 5.653642046647915 24.030000686645508 31.469999313354492 AB 1.460288151325173 1.2118573869920533
60531.1344 lsst_hardware_u -2.564748763168581 2.7100000381469727 28.3700008392334 AB 5.246089318480072 1.1981020063520262
60531.1553 lsst_hardware_g 12.308185234183522 14.5600004196167 31.389999389648438 AB 5.135978926695829 1.1961755127775395
60537.1142 lsst_hardware_z 30.686570186533324 53.22999954223633 30.950000762939453 AB 6.184415300965958 1.2007796196296598
60537.1322 lsst_hardware_r 47.878088796374804 57.560001373291016 31.600000381469727 AB 6.433195144570617 1.194466064286669
60539.1093 lsst_hardware_r -244.49856211544508 101.61000061035156 31.6200008392334 AB 3.1389943313582838 1.2003419896210892
60539.1441 lsst_hardware_i 147.8607760635768 112.04000091552734 32.060001373291016 AB 3.25836504128852 1.2034589256836639
60539.1708 lsst_hardware_z 31.391665761941663 72.02999877929688 30.969999313354492 AB 3.9684498995209356 1.2478094223417677
60541.097 lsst_hardware_z 63.84079534997388 88.08000183105469 30.979999542236328 AB 2.5342271455578906 1.206774831218043
60541.1168 lsst_hardware_r -258.48716343731604 130.41000366210938 31.6299991607666 AB 2.5085591289831006 1.1945519661824289
60546.0911 lsst_hardware_r 0.5698735129016071 23.75 31.469999313354492 AB 4.6684903281513455 1.1996634532060506
60546.1109 lsst_hardware_z -17.09666199047686 43.63999938964844 30.93000030517578 AB 4.501070838346379 1.1950274361734028
60549.0778 lsst_hardware_r 4.1158973596241974 23.760000228881836 31.479999542236328 AB 4.21403402826619 1.2040097223617685
60549.0958 lsst_hardware_u -2.615425214611254 2.759999990463257 28.420000076293945 AB 4.186496950693513 1.1944640483207438
60553.0805 lsst_hardware_g 13.430505335340888 14.100000381469727 31.360000610351562 AB 1.536976110684456 1.195315186533409
60553.0972 lsst_hardware_r 3.7461188504608254 23.510000228881836 31.459999084472656 AB 1.215462905518634 1.1971072608522328
60555.057 lsst_hardware_r 13.883136830868612 23.520000457763672 31.469999313354492 AB 1.6782688817893574 1.2088371297402334
60555.0759 lsst_hardware_i -25.16940948668787 31.860000610351562 31.229999542236328 AB 1.6636428187280885 1.1950741589187106
60557.0562 lsst_hardware_z -22.048708882526295 43.40999984741211 30.93000030517578 AB 1.4199517227405092 1.2037739790099689
60557.0731 lsst_hardware_r 20.91211734165494 23.469999313354492 31.469999313354492 AB 1.4050991036379519 1.1945582177580887
60561.0575 lsst_hardware_r -17.364995506561783 24.290000915527344 31.489999771118164 AB 3.105625272569335 1.195697615208933
60561.0749 lsst_hardware_z 35.42828004807799 43.560001373291016 30.940000534057617 AB 3.0845544285775777 1.1968781330573282
60566.0209 lsst_hardware_i -39.399988985579036 75.4800033569336 32.040000915527344 AB 1.703967132528888 1.2171193803777773
60566.0382 lsst_hardware_r 5.264375374281293 84.94999694824219 32.36000061035156 AB 1.6779102169335873 1.1985072978097053
60568.0302 lsst_hardware_z -90.22578593676478 96.5999984741211 31.719999313354492 AB 3.0213180432885967 1.200285258540031
60571.0258 lsst_hardware_r 11.756493992764733 97.16999816894531 31.6200008392334 AB 7.066715286267489 1.1977483536046591
60571.0463 lsst_hardware_i -24.043002749187284 77.58000183105469 31.309999465942383 AB 6.639360273248282 1.1962811303150058
60573.0289 lsst_hardware_z -4.345560820696397 45.61000061035156 30.940000534057617 AB 4.65907037537124 1.194633429582369
60573.0473 lsst_hardware_r 33.25564853879049 48.040000915527344 31.579999923706055 AB 4.704577460362537 1.2000962868149831
60576.9915 lsst_hardware_y 92.20882849468252 52.08000183105469 29.989999771118164 AB 5.4291456242741125 1.216161050798756
60577.0111 lsst_hardware_r 33.311212137324965 23.549999237060547 31.469999313354492 AB 5.259567877977021 1.1968524014056254
60579.9926 lsst_hardware_z 18.129640818862704 45.84000015258789 30.93000030517578 AB 5.15754944704066 1.204565849834331
60580.0123 lsst_hardware_g -25.517097886281 14.119999885559082 31.360000610351562 AB 5.664255636663895 1.1944026787089115
60581.9936 lsst_hardware_y 43.616222807095674 51.22999954223633 29.989999771118164 AB 11.808534764960894 1.199109925105032
60582.0123 lsst_hardware_i 41.07011702969031 31.899999618530273 31.219999313354492 AB 4.0698414938798075 1.1949620241389207
60583.9917 lsst_hardware_y -88.14762650388236 55.97999954223633 30.010000228881836 AB 8.327493451087832 1.196994890195175
60584.0104 lsst_hardware_r -36.268317485414194 23.829999923706055 31.479999542236328 AB 5.960032874549204 1.1961132303339874
60585.994 lsst_hardware_y -32.84136453735352 54.66999816894531 30.0 AB 2.607406906268627 1.1945513257443607
60586.0129 lsst_hardware_g 3.528672417994099 14.289999961853027 31.3799991607666 AB 2.921916086038985 1.2009519465839442
