data/validation/pwv_sim_epoch_fit_4/53442914.ecsv
# %ECSV 0.9
# ---
# datatype:
# - {name: time, datatype: float64}
# - {name: band, datatype: string}
# - {name: flux, datatype: float64}
# - {name: fluxerr, datatype: float64}
# - {name: zp, datatype: float64}
# - {name: zpsys, datatype: string}
# - {name: pwv, datatype: float64}
# - {name: airmass, datatype: float64}
# meta: {SNID: '53442914', alt: 1024.0, c: 0.015781516209244728, dec: -21.542267, lat: -30.244573, lon: -70.7499537, ra: 196.171875, t0: 62959.578125,
#   x0: 2.62849641238295e-06, x1: 0.2906750738620758, z: 0.7976647615432739}
# schema: astropy-2.0
time band flux fluxerr zp zpsys pwv airmass
62898.3661 lsst_hardware_r -41.0686175102281 24.6200008392334 31.530000686645508 AB 11.862349538986745 1.013385215620931
62898.383 lsst_hardware_z -45.96368636620027 61.13999938964844 30.989999771118164 AB 11.739064934939817 1.0116613107779655
62907.3635 lsst_hardware_z -27.962311428713317 66.36000061035156 31.0 AB 3.45605297064921 1.0129606674757101
62907.3816 lsst_hardware_y -13.557164289980081 58.310001373291016 30.06999969482422 AB 4.036779748876783 1.0245633880398195
62909.3415 lsst_hardware_z -27.136459379787496 67.04000091552734 30.989999771118164 AB 6.236981467695112 1.011812594461827
62909.3587 lsst_hardware_r -110.42087427184555 86.16000366210938 31.65999984741211 AB 6.241768032010009 1.013191791576984
62911.3326 lsst_hardware_i -42.75295128197865 45.66999816894531 31.309999465942383 AB 2.6883675088591534 1.0126949430659795
62911.3504 lsst_hardware_z -12.086897332419339 48.959999084472656 30.969999313354492 AB 2.4806358855106647 1.012297851667294
62913.2735 lsst_hardware_r 0.23106034159718125 27.920000076293945 31.549999237060547 AB 4.886129092977588 1.0798075343596942
62913.2893 lsst_hardware_z -51.62893013153936 42.5099983215332 30.959999084472656 AB 4.752451284061034 1.0489132868996212
62915.2512 lsst_hardware_g 3.5375633220424905 14.829999923706055 31.43000030517578 AB 5.331767683819261 1.1249048333391551
62915.2646 lsst_hardware_r 34.15083845990092 23.790000915527344 31.5 AB 5.182112575105394 1.087936298767722
62920.3153 lsst_hardware_z 16.502483324008463 41.04999923706055 30.959999084472656 AB 11.070007700688086 1.0112828484618905
62920.3324 lsst_hardware_r -18.77513846454034 23.459999084472656 31.510000228881836 AB 11.196439027855034 1.0147676646444947
62922.2994 lsst_hardware_u -0.01752767606329751 2.799999952316284 28.510000228881836 AB 9.124647392369745 1.013849710263305
62922.318 lsst_hardware_r 36.972317570587 23.5 31.520000457763672 AB 9.10577546851097 1.0117528298345522
62924.2912 lsst_hardware_i -26.492621709519003 30.770794017120306 31.260000228881836 AB 6.068027092107884 1.0151163372733871
62924.3104 lsst_hardware_z 13.007569110271442 40.97530854050438 30.950000762939453 AB 6.166623486444528 1.011419302352719
62926.3011 lsst_hardware_r -29.269117338856343 23.613966443108914 31.520000457763672 AB 4.150113843947647 1.0111952513171933
62926.3185 lsst_hardware_u -7.20400463135869 2.7753319945012773 28.479999542236328 AB 4.190614916922141 1.0160708599989026
62928.2978 lsst_hardware_g 25.98545811905343 14.808683492440112 31.450000762939453 AB 6.087037084504551 1.0112617160783406
62928.3159 lsst_hardware_r 3.659627195367257 23.52613290045297 31.510000228881836 AB 6.139797073431874 1.0178286830671597
62931.2963 lsst_hardware_i 72.65344299777976 48.758102026450736 31.309999465942383 AB 7.2591505131935845 1.0124338233184915
62931.3166 lsst_hardware_z 67.68533441411597 48.37482154828958 30.959999084472656 AB 7.355321653958156 1.0250605050460924
62933.2802 lsst_hardware_z 111.61781383849527 68.07427057951445 30.989999771118164 AB 10.011414568572539 1.011253996825509
62933.2997 lsst_hardware_r 156.96829563242514 95.92701359970907 31.65999984741211 AB 9.92704834441882 1.0162479110478502
62938.2791 lsst_hardware_i 338.39927253957205 73.33129061639116 31.34000015258789 AB 15.433280294614635 1.0130369526484313
62938.2963 lsst_hardware_z 304.6720370098081 67.05149563351968 30.989999771118164 AB 14.14055537330882 1.023935943034672
62940.2805 lsst_hardware_r 214.80331521114053 46.375580377694924 31.6200008392334 AB 8.840906033849832 1.0161960958448084
62940.2993 lsst_hardware_z 343.73615090494485 49.14991277495896 30.959999084472656 AB 8.574010562397499 1.0330133207707828
62942.2658 lsst_hardware_g 83.4883897853599 22.258668480953936 31.579999923706055 AB 7.9971931111346635 1.012302925460084
62942.2848 lsst_hardware_r 304.8262468338109 32.27601514657191 31.540000915527344 AB 8.084903387851847 1.0234054921331452
62945.2613 lsst_hardware_i 653.1412559596222 39.997733265289284 31.270000457763672 AB 5.058139393530849 1.0135197822998014
62945.2813 lsst_hardware_z 460.22472900166525 46.104619400478136 30.959999084472656 AB 5.130904989799235 1.0280314545780875
62947.2609 lsst_hardware_r 529.8766256290934 32.719562112590516 31.540000915527344 AB 5.316556553505793 1.0159187031970176
62947.2814 lsst_hardware_g 101.5288100662036 18.203040754975397 31.489999771118164 AB 5.399164143907824 1.0345208169970768
62949.2411 lsst_hardware_u 1.8976659776416762 3.085014994328401 28.549999237060547 AB 5.96958043549092 1.0113076379407018
62949.2591 lsst_hardware_r 489.30788628595957 33.5883460412242 31.530000686645508 AB 6.217886394861299 1.0181850486932027
62951.1949 lsst_hardware_z 559.0098479446407 47.664743449356585 30.959999084472656 AB 7.6379158552998625 1.0352518836107976
62951.2122 lsst_hardware_i 866.4482679919009 42.76403334219248 31.260000228881836 AB 6.62192366838405 1.0182614113714934
62953.2441 lsst_hardware_u -3.7234495484540835 3.081481054731526 28.6200008392334 AB 7.790323488593586 1.0156875474046259
62953.2623 lsst_hardware_g 117.30276640605298 18.343117952635946 31.489999771118164 AB 7.853004805600427 1.0312095954128337
62955.2388 lsst_hardware_r 563.1538561991006 34.47432727211257 31.530000686645508 AB 6.620144865832503 1.0157750919342017
62955.2577 lsst_hardware_i 992.7549250331944 43.9869322390773 31.270000457763672 AB 6.869911534758671 1.0322286160033063
62957.2181 lsst_hardware_i 1001.2611990972966 43.98686179680926 31.260000228881836 AB 4.29451730830833 1.0112281248714718
62957.2358 lsst_hardware_z 657.6712106761584 48.312598016830854 30.950000762939453 AB 4.281002994813029 1.0172277521238164
62959.218 lsst_hardware_r 656.9640571126272 55.99655789824587 31.639999389648438 AB 7.2646035586943265 1.011959402221045
62959.2358 lsst_hardware_z 657.410412871387 53.89492979402573 30.969999313354492 AB 7.33946820643307 1.021178921901004
62961.2157 lsst_hardware_r 521.5872113953918 87.34588018294657 31.65999984741211 AB 7.147883006741057 1.0128305790772327
62961.2322 lsst_hardware_i 951.9517902783326 74.1966741355487 31.329999923706055 AB 7.170887508778419 1.0227566096004361
62963.2198 lsst_hardware_z 587.1094952303148 97.294340707062 31.010000228881836 AB 8.746010369165004 1.017470910615415
62963.2384 lsst_hardware_i 933.116556332087 118.36679840776398 31.350000381469727 AB 8.896199872037908 1.035394970801157
62969.2079 lsst_hardware_z 1079.6365625807493 71.95302694114895 31.719999313354492 AB 10.065774298392459 1.0206970726779576
62971.1865 lsst_hardware_g 28.087124981976196 16.33228060845484 31.479999542236328 AB 10.021448805057952 1.0122675560664598
62971.2026 lsst_hardware_r 308.4824157505359 30.231060269934996 31.530000686645508 AB 10.106169449666218 1.0208251969359816
62974.1817 lsst_hardware_i 617.1038582148482 40.28863057941213 31.270000457763672 AB 13.072286947982834 1.0133555773630103
62974.2009 lsst_hardware_z 608.6519863993426 46.9085270311383 30.959999084472656 AB 13.245079874644846 1.0267503778794453
62976.1845 lsst_hardware_i 535.0201413041469 39.61460462894992 31.270000457763672 AB 3.198642925480694 1.0175958405558942
62976.202 lsst_hardware_u 3.2660805245052646 2.900155174879747 28.559999465942383 AB 3.247166125191091 1.0342391310726482
62985.152 lsst_hardware_z 632.2283032652058 64.00958286973572 31.709999084472656 AB 8.425081163398577 1.0134826372427013
62989.0981 lsst_hardware_z 305.07934630912285 60.34753907983968 30.989999771118164 AB 13.514899369197146 1.0271631669539916
62989.1168 lsst_hardware_r 94.46034649335147 72.63665746985015 31.65999984741211 AB 13.392593810256852 1.0137072860959657
62992.1479 lsst_hardware_i 322.8290755571736 123.15507766722538 31.350000381469727 AB 3.5600688919802606 1.0230572992902707
62992.166 lsst_hardware_z 72.90182872406184 102.65051108709142 31.0 AB 3.6803173228628943 1.045000422941525
63000.0789 lsst_hardware_z 271.2907819182245 43.30245338286001 30.950000762939453 AB 6.458410749141827 1.0179275111603172
63001.0798 lsst_hardware_g 26.272768569587306 15.15386222835034 31.469999313354492 AB 6.602202733763358 1.015723497502055
63001.0988 lsst_hardware_r 61.58348394173106 24.49230069340848 31.520000457763672 AB 6.6393756572538205 1.0112777707026992
63008.0716 lsst_hardware_g 29.867134927406028 21.556472197782252 32.20000076293945 AB 5.125234151793577 1.011725774329985
63008.0943 lsst_hardware_r 33.82122290435904 24.265490073589667 31.510000228881836 AB 4.737088938435326 1.0158886850601172
63014.0634 lsst_hardware_z 243.36080044 61.03799817168921 31.709999084472656 AB 7.491515233360141 1.011285030657726
63016.036 lsst_hardware_g 25.835371638625507 40.87551686040137 31.700000762939453 AB 9.754431038157712 1.0174113207987567
63016.0547 lsst_hardware_r 68.30719111152364 43.74928348444554 31.6200008392334 AB 10.942178897402615 1.0111984934297134
63018.0273 lsst_hardware_i 95.38325763732098 70.33748692482129 31.34000015258789 AB 6.933724738330228 1.0196654026956218
63018.0496 lsst_hardware_z 107.86025708037332 64.13970966385021 30.989999771118164 AB 7.433941050839031 1.0111912560651595
63021.0305 lsst_hardware_i 95.87682036004811 88.94483042182821 31.34000015258789 AB 11.384719658136222 1.0132886029863737
63021.0522 lsst_hardware_z 57.65011216719052 77.03261519786543 31.0 AB 11.646237148252865 1.0129364773431453
63023.0076 lsst_hardware_z 17.28286252974716 62.307938857119176 30.989999771118164 AB 4.529060481456446 1.0248288915650428
63023.0296 lsst_hardware_g 48.946185137836196 95.84718971251026 31.75 AB 4.465937589500403 1.0119385009914124
63032.9914 lsst_hardware_r 0.8970935485799324 24.131671892710823 31.520000457763672 AB 9.332681915250383 1.0162998927638274
63033.0149 lsst_hardware_i 44.85007402977447 31.757010403224978 31.260000228881836 AB 9.286256874678578 1.0117401399660706
63036.9878 lsst_hardware_g 3.2498818733342216 15.287675694425365 31.479999542236328 AB 3.614922550653081 1.0129380176961347
63037.0054 lsst_hardware_r 36.93033252670778 24.25124617731241 31.520000457763672 AB 3.6102950928110724 1.0120431020775411
63042.9708 lsst_hardware_y 93.88121119454233 47.99755697587125 30.059999465942383 AB 6.500811488523979 1.0131529522227936
63042.9924 lsst_hardware_i 82.80024545024968 33.70013502107396 31.280000686645508 AB 6.411044890537931 1.0130300183882013
63044.9686 lsst_hardware_y -78.27938845090064 70.41163753016096 30.809999465942383 AB 6.393718752951444 1.0121581604345122
63044.9883 lsst_hardware_i 50.56298769424235 61.64672633117228 32.04999923706055 AB 6.410681439367392 1.0135331190947248
63046.9518 lsst_hardware_y 90.22407964837106 85.76066878771042 30.079999923706055 AB 2.4644168315349697 1.0171281849842297
63046.9708 lsst_hardware_z 177.6761821639685 63.17612843460823 30.989999771118164 AB 1.5664996877536979 1.011188609630882
63048.9523 lsst_hardware_y 266.98192444545714 70.15702540860305 30.079999923706055 AB 9.32867080091813 1.0139859566215361
63048.9719 lsst_hardware_i -61.97928307170692 65.12964581959281 31.34000015258789 AB 9.41047597960571 1.0118791375920118
63051.9627 lsst_hardware_z -118.33683098533903 89.86000061035156 31.739999771118164 AB 4.957240458128024 1.0116817261485762
