data/validation/pwv_sim_epoch_fit_4/53613028.ecsv
# %ECSV 0.9
# ---
# datatype:
# - {name: time, datatype: float64}
# - {name: band, datatype: string}
# - {name: flux, datatype: float64}
# - {name: fluxerr, datatype: float64}
# - {name: zp, datatype: float64}
# - {name: zpsys, datatype: string}
# - {name: pwv, datatype: float64}
# - {name: airmass, datatype: float64}
# meta: {SNID: '53613028', alt: 1024.0, c: 0.1164451465010643, dec: -24.296478, lat: -30.244573, lon: -70.7499537, ra: 32.871094, t0: 61625.21484375,
#   x0: 1.000502828996428e-05, x1: -0.13780802488327026, z: 0.4602719247341156}
# schema: astropy-2.0
time band flux fluxerr zp zpsys pwv airmass
61591.3578 lsst_hardware_i -0.3853912405735774 33.56999969482422 31.190000534057617 AB 6.503571772760151 1.4464167335072693
61591.3767 lsst_hardware_z 32.31795614820571 44.72999954223633 30.920000076293945 AB 5.5495042600107185 1.312818892089434
61593.3284 lsst_hardware_z 5.875085958340148 49.72999954223633 30.8700008392334 AB 2.4934493403424525 1.6877089561797325
61593.3478 lsst_hardware_r 8.984627923447789 24.56999969482422 31.399999618530273 AB 2.2960595845642633 1.4850013482143642
61598.3779 lsst_hardware_z -25.808632449846847 43.36225057286493 30.93000030517578 AB 9.344868603405635 1.2069575206206826
61598.3961 lsst_hardware_u 1.6187889747586068 2.5846793951691667 28.309999465942383 AB 8.65641447316203 1.1366463543527598
61600.3889 lsst_hardware_g -16.343728510025286 14.400101429081891 31.399999618530273 AB 6.832300905201381 1.1425252349835084
61600.4117 lsst_hardware_r 42.27653091511639 23.593918801664334 31.5 AB 6.441224732255454 1.077578374279457
61605.4199 lsst_hardware_z 382.41295626359766 60.180283165640724 30.979999542236328 AB 3.2599207237743433 1.0366781154176674
61605.4411 lsst_hardware_r 570.8072197650575 82.80969589407447 31.65999984741211 AB 3.2368371988830082 1.013755614944437
61611.3597 lsst_hardware_r 1806.0432393960557 65.54617742894641 31.600000381469727 AB 6.272715433219064 1.1396993791997814
61611.3795 lsst_hardware_i 1431.5669249023351 58.00889561936879 31.299999237060547 AB 6.753920155011646 1.0827060203609564
61617.369 lsst_hardware_g 916.9316543861431 33.452539094838734 31.399999618530273 AB 4.20708066735336 1.069279620626036
61617.3883 lsst_hardware_r 3085.5429398869283 59.69565748204981 31.5 AB 4.742536571827162 1.0350175295430744
61619.3718 lsst_hardware_i 2413.2898704391587 58.276492420755744 31.260000228881836 AB 1.5057449630888033 1.0528457963562312
61619.3899 lsst_hardware_z 1915.4701650408547 59.879045450707835 30.950000762939453 AB 1.9272457343137952 1.0259492862995983
61622.37 lsst_hardware_i 2684.2416120120447 59.354635545383296 31.239999771118164 AB 2.181191568033939 1.041970494283729
61622.3892 lsst_hardware_u 3.2304668667784853 2.975964394890026 28.420000076293945 AB 1.4504564276153122 1.0182214304073796
61624.3642 lsst_hardware_g 957.1832110821726 34.141518034025495 31.40999984741211 AB 4.430320205742043 1.042510049198065
61624.3821 lsst_hardware_r 3494.1412852991634 63.92770751297663 31.489999771118164 AB 3.1733781877902625 1.0197503749962014
61629.2404 lsst_hardware_z 2282.476089364694 70.55750833643907 30.90999984741211 AB 4.268973649091717 1.5718835160816387
61629.2585 lsst_hardware_r 3497.028767356466 77.36465698681505 31.549999237060547 AB 4.076620296927201 1.4113277815223129
61631.2519 lsst_hardware_r 3364.5233812918086 86.33250113820286 31.559999465942383 AB 5.214118571324055 1.4200958433020576
61631.27 lsst_hardware_z 2231.4479760016693 70.67662522013364 30.940000534057617 AB 4.793660304124348 1.2979224650156176
61649.2582 lsst_hardware_g 135.54276291408618 17.99327364623058 31.3700008392334 AB 1.8584074501229062 1.132254742154492
61649.2761 lsst_hardware_i 1434.3618173580785 48.19264744773738 31.239999771118164 AB 1.8301867754027163 1.0818838081198323
61653.2647 lsst_hardware_u 6.15445547817115 2.9872746244305137 28.350000381469727 AB 2.496401308148576 1.0830374438822457
61653.2828 lsst_hardware_g 109.9754675260296 16.95634951160041 31.399999618530273 AB 2.4603790179982123 1.0461536466579673
61655.2413 lsst_hardware_g 118.00518938755 16.580959392415462 31.3799991607666 AB 2.1325901742784685 1.1339543642034935
61655.2582 lsst_hardware_r 669.4818214962884 34.16427413021747 31.489999771118164 AB 2.1262777287553067 1.0855740616517904
61678.1715 lsst_hardware_r 231.20165341865598 27.661903988481637 31.479999542236328 AB 4.8861639934485055 1.1583391201205206
61678.2012 lsst_hardware_u 4.977360446563563 3.1402151627013257 28.440000534057617 AB 4.5240928443694655 1.0720387459259018
61682.212 lsst_hardware_u 7.296542445533175 2.973153675854819 28.450000762939453 AB 2.7102853456420224 1.0334082405854992
61682.233 lsst_hardware_g 33.51142866697988 15.27113638826102 31.440000534057617 AB 2.63847293465077 1.0122989805867089
61683.2179 lsst_hardware_i 417.54726129411586 35.99744824364921 31.25 AB 6.86970723782557 1.0229121088709914
61683.2374 lsst_hardware_r 240.96604145308964 26.890429058439565 31.5 AB 6.8000004852176525 1.00846574581489
61684.2114 lsst_hardware_r 223.62004204538223 26.805119279183007 31.489999771118164 AB 5.0523368973322125 1.0271761108699267
61684.2319 lsst_hardware_i 366.73532848192997 35.760779548649644 31.25 AB 4.794338664113146 1.0097596175469978
61686.073 lsst_hardware_z 253.80770128297544 54.90514622010828 30.8799991607666 AB 8.091169197175132 1.7064577026611232
61686.093 lsst_hardware_r 257.4940918975404 39.14867115140731 31.489999771118164 AB 14.240089534883698 1.4929978980263365
61688.0929 lsst_hardware_z 282.60212407102506 56.49185184532305 30.920000076293945 AB 4.581896536735044 1.44706701865523
61688.1133 lsst_hardware_i 362.11946155936835 49.94558743230691 31.25 AB 4.164373200286736 1.3042876860531614
61691.1867 lsst_hardware_i 410.64268945102833 71.93182720694055 31.329999923706055 AB 6.609899640228035 1.0344130892377652
61691.2062 lsst_hardware_z 290.12656903671024 64.96280859094979 30.989999771118164 AB 6.544303030174014 1.0138347064560826
61692.1061 lsst_hardware_y 313.65791429165256 86.10115424588729 30.729999542236328 AB 9.239334251909861 1.2828102954207492
61696.0968 lsst_hardware_z 296.6499758471436 61.41985225943825 30.950000762939453 AB 10.959936526904874 1.2738310878074761
61696.1155 lsst_hardware_r 224.6972080529696 72.59497545682304 31.610000610351562 AB 10.33404316998728 1.1849721267820323
61698.0975 lsst_hardware_u 0.06763562990002142 2.664797025806128 28.280000686645508 AB 3.975879238580851 1.2416862081764057
61698.1174 lsst_hardware_r 195.85670494527602 26.40706683917536 31.469999313354492 AB 3.73573340243017 1.1564842976334737
61700.1013 lsst_hardware_i 25.575694751586465 31.940000534057617 31.229999542236328 AB 5.249751284601104 1.1987558116763064
61700.121 lsst_hardware_z -45.07744130245086 42.52000045776367 30.940000534057617 AB 4.927223788984093 1.1257079709810582
61705.103 lsst_hardware_g 5.2760223653855585 13.979999542236328 31.40999984741211 AB 4.801514912462212 1.139915699551769
61705.1206 lsst_hardware_r 30.554469938071897 22.8700008392334 31.5 AB 4.62390932198905 1.0882774068150334
61707.1078 lsst_hardware_i 53.543147151569485 31.18000030517578 31.25 AB 3.2090103246147166 1.1079561484456382
61707.1259 lsst_hardware_z -21.893163444228968 41.540000915527344 30.950000762939453 AB 3.039024761626659 1.0637739087427778
61709.1079 lsst_hardware_r -44.03682712531685 22.799999237060547 31.479999542236328 AB 5.467356244329324 1.0928155595301468
61709.1261 lsst_hardware_g 2.0706222817479083 13.770000457763672 31.40999984741211 AB 3.987529995491118 1.0528132001296682
61710.0677 lsst_hardware_i 10.946961284143056 32.189998626708984 31.229999542236328 AB 5.0144217421268396 1.22727026117697
61710.0877 lsst_hardware_r -0.23564835433052628 23.170000076293945 31.479999542236328 AB 6.2533666401185135 1.1455675090668218
61711.1135 lsst_hardware_r -1.392601441093381 22.510000228881836 31.479999542236328 AB 5.9547967893796265 1.066849230703826
61711.1319 lsst_hardware_i -30.61903541612511 30.06999969482422 31.239999771118164 AB 4.035257433203353 1.0346813931290648
61720.0082 lsst_hardware_y -69.26529398855892 90.2699966430664 29.950000762939453 AB 9.612511429339836 1.425624594028213
61720.0251 lsst_hardware_i 27.322221755078207 71.51000213623047 31.290000915527344 AB 8.66189357400731 1.3092342161437893
61724.0114 lsst_hardware_y -48.69499434603288 81.79000091552734 29.959999084472656 AB 7.391091171581066 1.32631137185929
61724.0292 lsst_hardware_g -61.036239525851 54.880001068115234 31.6299991607666 AB 6.849908851624659 1.2285730161644313
61726.0138 lsst_hardware_z 83.27079642471402 65.9000015258789 30.959999084472656 AB 4.479393593390787 1.2798267409687965
61726.0312 lsst_hardware_i 33.36092345215073 31.799999237060547 31.229999542236328 AB 4.182284057476243 1.1949383021360696
61728.0157 lsst_hardware_y 236.6981028367865 74.25 30.0 AB 7.056203863019431 1.241124037820022
61728.0329 lsst_hardware_r -18.179716009284952 23.1200008392334 31.469999313354492 AB 6.612690459714829 1.1661222301403351
61729.0173 lsst_hardware_y 22.6127911775464 69.4800033569336 30.010000228881836 AB 9.12617157521963 1.2203211306036812
61729.0343 lsst_hardware_r 2.1119599921810677 22.979999542236328 31.479999542236328 AB 8.614531835706421 1.1509188704892845
61731.0187 lsst_hardware_y 10.031185753766595 68.93000030517578 30.010000228881836 AB 5.620155332936082 1.190080536354914
61731.0352 lsst_hardware_z -21.680086740117932 42.93000030517578 30.93000030517578 AB 5.255603827370976 1.1293873057634631
61736.0251 lsst_hardware_y -119.42882311903602 61.29999923706055 30.040000915527344 AB 5.419280742862422 1.1182997818535745
61736.0431 lsst_hardware_r 0.1972784923285819 22.34000015258789 31.479999542236328 AB 3.8640286660462286 1.0714563266603832
61738.0345 lsst_hardware_z 3.80678228722308 66.56999969482422 31.700000762939453 AB 6.636814294104732 1.0785722038089667
61740.0283 lsst_hardware_y 13.229722028433759 55.959999084472656 30.040000915527344 AB 7.935769576065411 1.080308961007355
61740.0455 lsst_hardware_g 9.497461080256437 13.890000343322754 31.40999984741211 AB 8.693140068809303 1.0457493516622054
61751.0455 lsst_hardware_y -80.40125209397452 53.529998779296875 30.06999969482422 AB 13.752888146538186 1.0117191184471732
61751.0647 lsst_hardware_i 58.21459987419809 67.44999694824219 31.34000015258789 AB 13.674416294551664 1.0056566497188206
61958.406 lsst_hardware_y 114.39571585097633 74.44999694824219 30.760000228881836 AB 1.710919734597292 1.1520052078985246
61960.3328 lsst_hardware_r 43.013721019776234 85.18000030517578 31.530000686645508 AB 2.7740147303474894 1.5834923777078205
61960.3518 lsst_hardware_i 82.75377988605753 66.16999816894531 31.270000457763672 AB 3.075611885851518 1.4129916780328569
61962.3684 lsst_hardware_r 13.11185575417121 67.4000015258789 31.59000015258789 AB 11.914436254005324 1.2704553617749246
61962.3873 lsst_hardware_z 114.83130274894589 54.9900016784668 30.959999084472656 AB 10.802878833119522 1.1816325700717747
61964.335 lsst_hardware_z 28.747047347867554 57.16999816894531 30.93000030517578 AB 8.903115989492218 1.4601655351233682
61964.3547 lsst_hardware_r -25.134673284296095 59.369998931884766 31.579999923706055 AB 8.02167411463389 1.3180535843959729
61965.3918 lsst_hardware_i -14.83656198681096 46.029998779296875 31.280000686645508 AB 6.747370742577648 1.1351088434331746
61965.4139 lsst_hardware_z -115.71101853737943 48.86000061035156 30.959999084472656 AB 6.423400019345518 1.0741471604256718
61974.3435 lsst_hardware_r -7.033321629119251 23.170000076293945 31.450000762939453 AB 5.488385955755638 1.2303499246976959
61974.3616 lsst_hardware_z -15.942923493971456 42.43000030517578 30.93000030517578 AB 5.125439827098937 1.1545950427104794
61978.3663 lsst_hardware_r 6.866961688943418 22.670000076293945 31.469999313354492 AB 2.7830053014337617 1.1046594210506218
61978.3868 lsst_hardware_i 31.874584186094847 30.360000610351562 31.239999771118164 AB 3.098486039979025 1.0567223463806144
61979.3691 lsst_hardware_z 4.788150002234878 41.470001220703125 30.940000534057617 AB 3.3868711532455245 1.0899022214788494
61979.3891 lsst_hardware_r -30.851148198960512 22.270000457763672 31.479999542236328 AB 3.6742085183997406 1.0476287178823573
61984.419 lsst_hardware_r -55.15042662064318 22.360000610351562 31.5 AB 1.2424902065317804 1.0064724232740223
61986.3645 lsst_hardware_r 55.37749674364382 65.27999877929688 31.639999389648438 AB 1.9593857274711326 1.057602947537495
61986.3809 lsst_hardware_y -29.019804699511862 49.5099983215332 30.049999237060547 AB 2.0298828979180166 1.0311825745075014
61992.3648 lsst_hardware_r 60.21015204850339 70.05999755859375 31.65999984741211 AB 5.27830015443591 1.0308173331580726
61992.3833 lsst_hardware_i 72.79162023755562 57.720001220703125 31.329999923706055 AB 5.265896125105993 1.0126723317511523
61994.2516 lsst_hardware_z 8.4575670679589 57.959999084472656 30.920000076293945 AB 4.260942808290716 1.4729306245171572
61994.2701 lsst_hardware_i -67.0315436652178 53.7599983215332 31.270000457763672 AB 3.845726502072633 1.3350126713975814
61995.2405 lsst_hardware_z -89.36486308479242 54.560001373291016 30.90999984741211 AB 5.435638299178877 1.5503448670203344
61995.2595 lsst_hardware_r 7.5510145524691 48.25 31.540000915527344 AB 4.721782208064175 1.3887594729600514
61997.2561 lsst_hardware_i -22.999305324318453 34.11000061035156 31.200000762939453 AB 6.457988206038598 1.3740400438379996
61997.2742 lsst_hardware_r -27.05386402870856 26.3700008392334 31.479999542236328 AB 5.9370903972954485 1.2632107228288187
62000.3715 lsst_hardware_r 5.524646628114843 22.31999969482422 31.510000228881836 AB 4.029510840921912 1.0075666289736973
62009.2164 lsst_hardware_g 3.162044819593874 13.710000038146973 31.290000915527344 AB 4.0553739916860785 1.4256060434799902
62009.2402 lsst_hardware_r -20.081300119728407 23.25 31.450000762939453 AB 3.6590667009870117 1.2698478920656862
62016.2607 lsst_hardware_i -16.032779733940846 63.54999923706055 31.309999465942383 AB 1.3940869936991835 1.109941873964318
62016.278 lsst_hardware_z 90.00019071299467 57.93000030517578 30.969999313354492 AB 1.30621530141123 1.0668788195572259
62017.1905 lsst_hardware_r -37.71519264467305 101.27999877929688 31.549999237060547 AB 2.1878177567809796 1.4585451711873196
62020.2416 lsst_hardware_z -130.24755478171545 95.66999816894531 31.729999542236328 AB 2.1384575265957206 1.1352632418664241
62027.2704 lsst_hardware_r -25.689879410461785 31.6299991607666 32.2599983215332 AB 2.095055067180285 1.0293424830563596
62027.3012 lsst_hardware_i 6.884778562268913 30.8700008392334 31.270000457763672 AB 1.6509383340350443 1.0065674224377874
62030.2619 lsst_hardware_u -1.521881029870315 2.809999942779541 28.549999237060547 AB 2.0546618755942534 1.029733649646248
62030.2808 lsst_hardware_r 11.152510608895492 22.40999984741211 31.510000228881836 AB 2.0197625738199676 1.011862851661101
62032.244 lsst_hardware_i 21.6534640830636 30.459999084472656 31.25 AB 6.217616663959741 1.0483251836046716
62032.2676 lsst_hardware_z -23.61081586030365 40.720001220703125 30.950000762939453 AB 5.6432965016683285 1.0177270516985264
62035.1623 lsst_hardware_r -15.376005506292255 23.610000610351562 31.450000762939453 AB 4.423962056715688 1.3093164475062462
62035.1791 lsst_hardware_i -19.029582560838623 31.940000534057617 31.229999542236328 AB 2.7144815372305953 1.2202659191864311
62037.1656 lsst_hardware_z -44.33376686442746 44.209999084472656 30.93000030517578 AB 4.440398399158111 1.2600151526377386
62037.1824 lsst_hardware_u -1.3005083454927686 2.680000066757202 28.3799991607666 AB 4.4528087573491675 1.182213927345927
62039.1677 lsst_hardware_g 20.126993302675476 23.209999084472656 31.530000686645508 AB 4.146004365634177 1.2224992600833389
62039.1848 lsst_hardware_r 22.96218109626796 27.280000686645508 31.520000457763672 AB 3.89434842679134 1.1522309068863377
62041.1868 lsst_hardware_i 1.880357515004813 38.90999984741211 31.270000457763672 AB 5.093794825109973 1.1270496524629239
62041.2069 lsst_hardware_z 92.40714654126502 44.97999954223633 30.950000762939453 AB 4.903863966560267 1.0730555725514808
62046.1822 lsst_hardware_i -59.15720074417924 110.0 32.08000183105469 AB 3.0935455383819908 1.1003837580206275
62046.2158 lsst_hardware_r -115.14289986199029 137.91000366210938 32.40999984741211 AB 3.3943802225921775 1.0329038334246807
62048.2108 lsst_hardware_z -73.47089316286353 74.93000030517578 31.0 AB 6.997591384851854 1.032283442353136
62048.2312 lsst_hardware_r 81.35176784455929 111.30000305175781 31.670000076293945 AB 6.77931678806158 1.0121530507836103
62054.0975 lsst_hardware_i -28.175717900873554 33.52000045776367 31.200000762939453 AB 5.861065490977064 1.3954917835659677
