data/validation/pwv_sim_epoch_fit_4/53744837.ecsv
# %ECSV 0.9
# ---
# datatype:
# - {name: time, datatype: float64}
# - {name: band, datatype: string}
# - {name: flux, datatype: float64}
# - {name: fluxerr, datatype: float64}
# - {name: zp, datatype: float64}
# - {name: zpsys, datatype: string}
# - {name: pwv, datatype: float64}
# - {name: airmass, datatype: float64}
# meta: {SNID: '53744837', alt: 1024.0, c: -0.020935235545039177, dec: -50.86816, lat: -30.244573, lon: -70.7499537, ra: 152.785721, t0: 61852.046875,
#   x0: 7.24404326047054e-06, x1: -0.9050348997116089, z: 0.5264381766319275}
# schema: astropy-2.0
time band flux fluxerr zp zpsys pwv airmass
[from data line 132]
62180.256 lsst_hardware_i -35.51440665983387 30.149999618530273 31.25 AB 5.753260093078233 1.0830345608656042
62182.2463 lsst_hardware_u -4.3027241368407365 2.619999885559082 28.40999984741211 AB 3.44442654122652 1.0797575364346064
62182.2568 lsst_hardware_g -15.783122195760166 12.930000305175781 31.3799991607666 AB 3.5988128263805788 1.0887347833551895
62184.2457 lsst_hardware_r -15.188874055140039 21.760000228881836 31.479999542236328 AB 4.97135809125129 1.0835566894619202
62184.2561 lsst_hardware_i 16.748447118554893 30.209999084472656 31.239999771118164 AB 4.90873256647402 1.0937664246158962
62186.2468 lsst_hardware_z 85.15204351853254 41.220001220703125 30.950000762939453 AB 2.8495607195294177 1.0896634471289317
62186.2584 lsst_hardware_u 2.1775486324025075 2.630000114440918 28.40999984741211 AB 2.7816749509527603 1.1032919983947487
62188.1924 lsst_hardware_z -21.08582563111104 41.13999938964844 30.950000762939453 AB 6.572115540063937 1.0704642951484546
62188.2046 lsst_hardware_r -30.400762200418143 21.760000228881836 31.489999771118164 AB 6.546813963650342 1.0696534537456377
62190.1915 lsst_hardware_z -31.87119530244933 43.11000061035156 30.950000762939453 AB 11.813412229320011 1.069732468697858
62190.2031 lsst_hardware_r 4.174270071715851 24.799999237060547 31.520000457763672 AB 11.871172031160038 1.0701819848993364
62192.1916 lsst_hardware_i 4.800022438939181 45.06999969482422 31.299999237060547 AB 10.099439972127174 1.0695349177111928
62192.203 lsst_hardware_z -9.406141436219617 47.9900016784668 30.959999084472656 AB 10.133766779207342 1.0715153129421187
62196.1845 lsst_hardware_y -14.299301819975396 55.90999984741211 30.049999237060547 AB 4.122462252744603 1.069843145175935
62196.198 lsst_hardware_r -46.53965471369631 98.6500015258789 31.649999618530273 AB 4.175550622008646 1.0738203991278503
62199.1843 lsst_hardware_i -1.172859773658876 51.88999938964844 31.309999465942383 AB 6.933408869364533 1.0716518513147393
62199.1963 lsst_hardware_z 62.92055714650192 52.040000915527344 30.959999084472656 AB 6.981281703922451 1.0773582876423535
62200.2493 lsst_hardware_z -33.71049997662598 49.220001220703125 30.950000762939453 AB 12.531406798411961 1.1547821133376608
62200.2523 lsst_hardware_r -28.668642214952218 49.61000061035156 31.600000381469727 AB 11.985559395495494 1.161616533775489
62202.1691 lsst_hardware_u -7.787295418877805 3.3499999046325684 28.56999969482422 AB 10.065875135369296 1.0699840696645544
62202.1805 lsst_hardware_r 46.6982112876471 27.43000030517578 31.530000686645508 AB 10.096836668549798 1.0733227623032073
62204.1641 lsst_hardware_i 85.38168764531794 30.030000686645508 31.25 AB 10.241881126256315 1.0700579291902537
62204.1764 lsst_hardware_z 6.4081610485519995 41.119998931884766 30.950000762939453 AB 9.57237861596371 1.0739392613272674
62206.1598 lsst_hardware_r 17.85490161034355 21.989999771118164 31.489999771118164 AB 8.199656526987143 1.0702649487017388
62206.1725 lsst_hardware_u -2.942915521040685 2.75 28.510000228881836 AB 9.562709992276899 1.074703303245334
62208.1681 lsst_hardware_g -12.988581476698075 13.170000076293945 31.40999984741211 AB 14.8705479743274 1.0752579022995703
62208.1796 lsst_hardware_r -1.9919489863719508 21.979999542236328 31.489999771118164 AB 15.011977182513828 1.0830957004753818
62211.1549 lsst_hardware_i -27.289310828279508 30.139999389648438 31.239999771118164 AB 9.226005171508755 1.0728952617318062
62211.1674 lsst_hardware_z 20.199180056938673 41.470001220703125 30.950000762939453 AB 8.4782948203039 1.0799802329350543
62213.1456 lsst_hardware_r 8.963221795277565 22.0 31.5 AB 6.61469474057447 1.071509292605106
62213.1583 lsst_hardware_g 5.866158440255726 13.239999771118164 31.420000076293945 AB 6.588702161620528 1.0775096547889167
62220.1353 lsst_hardware_z -88.88420098857745 64.52999877929688 31.709999084472656 AB 9.073468976866765 1.0752466643202898
62222.1277 lsst_hardware_r 22.300168597017873 62.61000061035156 31.639999389648438 AB 7.411722982505591 1.0741627510877667
62222.1391 lsst_hardware_i -22.17081738592035 53.130001068115234 31.31999969482422 AB 7.4608685639456285 1.0812852991225548
62224.1358 lsst_hardware_z 87.78719248690695 94.5199966430664 31.739999771118164 AB 7.057989365507502 1.0830120247825095
62226.1107 lsst_hardware_r 139.02560722773825 92.18000030517578 31.649999618530273 AB 5.497861083150871 1.071707813479702
62226.1219 lsst_hardware_z -95.77858000609342 64.83000183105469 30.989999771118164 AB 5.571450745559266 1.076955685352951
62228.1147 lsst_hardware_r -75.82582636618301 57.900001525878906 31.6299991607666 AB 9.166964734963292 1.0759348280473608
62228.1256 lsst_hardware_i -54.24529468686579 50.099998474121094 31.309999465942383 AB 9.049833829588945 1.0836177728059564
62230.1033 lsst_hardware_z -5.29119184147139 43.22999954223633 30.950000762939453 AB 6.438127142898706 1.0730211904831177
62230.1155 lsst_hardware_i -5.134359366580502 35.2400016784668 31.260000228881836 AB 6.479857281945824 1.0799762136576374
62234.096 lsst_hardware_r 14.614020573024286 21.809999465942383 31.479999542236328 AB 8.010779459672317 1.0746953930335816
62234.1092 lsst_hardware_i 24.46434251656823 30.1299991607666 31.239999771118164 AB 8.019414254977573 1.0836070067981587
62242.0893 lsst_hardware_i 46.291167070835755 30.18000030517578 31.239999771118164 AB 17.323241631896497 1.0853028066344401
62242.1001 lsst_hardware_z 64.36359329543855 41.560001373291016 30.950000762939453 AB 17.513787437857587 1.0965306434922104
62244.0958 lsst_hardware_i 5.728007341545491 30.309999465942383 31.25 AB 12.406569488258787 1.0979265033857333
62244.1062 lsst_hardware_u 2.1657226365797655 2.690000057220459 28.450000762939453 AB 12.566740040399731 1.1121008885309496
62246.0337 lsst_hardware_r 15.756906538022376 23.969999313354492 31.510000228881836 AB 7.430544967580112 1.070568017516855
62246.0451 lsst_hardware_z -3.93646830128251 41.720001220703125 30.950000762939453 AB 7.249071730144868 1.069605311353266
62250.0348 lsst_hardware_i 10.714777199837432 46.11000061035156 31.299999237060547 AB 9.456029315862171 1.0696462406238898
62250.0466 lsst_hardware_z 83.20774440950329 48.70000076293945 30.959999084472656 AB 9.94961202662702 1.072214238550265
62252.0271 lsst_hardware_r 46.99252063007651 74.37999725341797 31.639999389648438 AB 12.40675761699529 1.0695480704306284
62252.0401 lsst_hardware_z 115.65622540792893 57.619998931884766 30.979999542236328 AB 12.433458663977376 1.071849884825636
62254.0296 lsst_hardware_r -5.371041054036332 96.37000274658203 31.649999618530273 AB 1.6056924813575386 1.0704616542383592
62254.0423 lsst_hardware_i -59.62729067852577 75.29000091552734 31.329999923706055 AB 1.7665130667035325 1.0751753297038473
62259.0225 lsst_hardware_u 0.1865536615928121 2.5399999618530273 28.350000381469727 AB 14.587402316114304 1.0723928383734296
62259.0343 lsst_hardware_g 20.13005854382534 12.829999923706055 31.360000610351562 AB 14.733752500845513 1.0785792807041443
62261.02 lsst_hardware_r 3.299151924278655 21.790000915527344 31.489999771118164 AB 10.836367311516527 1.0736163122374367
62261.0321 lsst_hardware_i 15.208471943070032 30.170000076293945 31.25 AB 10.849219933813947 1.0809136054279327
62264.0009 lsst_hardware_i -33.396038666472215 29.940000534057617 31.25 AB 10.44167585166327 1.0701910645527
62264.0126 lsst_hardware_z -3.437788115691101 41.15999984741211 30.950000762939453 AB 10.486350692722413 1.073981021376732
62268.0219 lsst_hardware_r 5.060698847985389 21.780000686645508 31.479999542236328 AB 11.08735374780911 1.0887032352522694
62268.033 lsst_hardware_i 7.602162136222516 30.290000915527344 31.239999771118164 AB 11.212739855965328 1.1013667810294259
62269.9944 lsst_hardware_z 55.11301601367271 41.099998474121094 30.950000762939453 AB 7.808382550299319 1.0731696743127157
62270.0058 lsst_hardware_i 18.86759020024889 30.049999237060547 31.25 AB 6.365689029912961 1.0796470589085343
62272.0021 lsst_hardware_u -2.0551107144185248 2.640000104904175 28.43000030517578 AB 5.689275973871678 1.0809435185240766
62272.0143 lsst_hardware_g 13.01235809170826 12.90999984741211 31.3799991607666 AB 5.737852783670109 1.0921442367204586
62276.9969 lsst_hardware_r 12.615432653951812 31.940000534057617 31.559999465942383 AB 7.806645086902538 1.0882869544938876
62277.009 lsst_hardware_i -42.17911931655422 35.25 31.260000228881836 AB 7.374547001763565 1.102117990175719
62278.9931 lsst_hardware_z -20.655904233127014 69.66000366210938 31.709999084472656 AB 2.0267645974648834 1.0899513834175227
