data/validation/pwv_sim_epoch_fit_4/53779492.ecsv
# %ECSV 0.9
# ---
# datatype:
# - {name: time, datatype: float64}
# - {name: band, datatype: string}
# - {name: flux, datatype: float64}
# - {name: fluxerr, datatype: float64}
# - {name: zp, datatype: float64}
# - {name: zpsys, datatype: string}
# - {name: pwv, datatype: float64}
# - {name: airmass, datatype: float64}
# meta: {SNID: '53779492', alt: 1024.0, c: 0.01478792354464531, dec: -24.624317, lat: -30.244573, lon: -70.7499537, ra: 218.847656, t0: 62978.19140625,
#   x0: 5.097863940176128e-06, x1: 0.8438586592674255, z: 0.6085295081138611}
# schema: astropy-2.0
time band flux fluxerr zp zpsys pwv airmass
62910.3225 lsst_hardware_i -61.23650581720019 66.88999938964844 31.31999969482422 AB 6.442076315289075 1.1301888272436973
62910.3422 lsst_hardware_r 69.10405686435212 74.5999984741211 31.649999618530273 AB 6.018210378021065 1.0760254564672027
62912.3151 lsst_hardware_z 17.12060570470396 48.7400016784668 30.950000762939453 AB 4.540551892719731 1.1365586715193319
62912.3332 lsst_hardware_g 78.34474283975986 36.31999969482422 31.65999984741211 AB 4.308817840934179 1.0844340203693579
62914.308 lsst_hardware_r 54.27448436335034 26.739999771118164 31.510000228881836 AB 5.610953219735988 1.1421012761955398
62914.3282 lsst_hardware_i -54.45685301870798 32.90999984741211 31.25 AB 5.3392734338063494 1.0833099081170792
62919.3197 lsst_hardware_u 0.21628759026305872 2.8299999237060547 28.469999313354492 AB 11.990082526189187 1.071356165499637
62919.3397 lsst_hardware_g 20.779245889362283 15.649999618530273 31.469999313354492 AB 9.722178979466225 1.0351002373666462
62921.297 lsst_hardware_g 1.975653580655472 15.6899995803833 31.440000534057617 AB 11.075179286208853 1.1160744997859104
62921.3166 lsst_hardware_r -35.97451316085684 24.729999542236328 31.510000228881836 AB 10.564625546326418 1.0662543235034823
62923.3243 lsst_hardware_r 15.4825168962913 24.489999771118164 31.530000686645508 AB 6.839325050042094 1.041891796583893
62923.342 lsst_hardware_u -2.62086575867668 2.859999895095825 28.510000228881836 AB 6.7196519330959354 1.0192100611399872
62925.3212 lsst_hardware_g 4.006813043048024 15.5600004196167 31.469999313354492 AB 5.441061016282565 1.0382218225029938
62925.342 lsst_hardware_r 64.02294230654539 24.3700008392334 31.520000457763672 AB 4.799054270863529 1.014384753934375
62927.207 lsst_hardware_z -32.97269543725031 47.90999984741211 30.899999618530273 AB 5.941731783097609 1.5322956545424935
62927.226 lsst_hardware_r -6.395290069389645 25.329999923706055 31.450000762939453 AB 4.547296125706671 1.3757450965227926
62929.2086 lsst_hardware_z 8.988605966293097 52.2400016784668 30.920000076293945 AB 8.217962569385842 1.468411072882309
62929.2288 lsst_hardware_r -32.58327813954347 42.34000015258789 31.549999237060547 AB 7.372855313787475 1.321142392865991
62935.2051 lsst_hardware_r 30.36395676400946 116.9000015258789 31.56999969482422 AB 14.923864672061905 1.3691618965194408
62935.2254 lsst_hardware_z 187.9995001037354 77.80999755859375 30.969999313354492 AB 12.586849236487158 1.2482619364791152
62937.2038 lsst_hardware_y 36.11293434714178 65.12999725341797 29.959999084472656 AB 10.703648111764354 1.3411972406354218
62937.2252 lsst_hardware_r 152.81872465363023 116.30000305175781 31.610000610351562 AB 9.047395747348528 1.2226210469389902
62941.2146 lsst_hardware_r -28.324473077098276 36.650001525878906 31.559999465942383 AB 10.197609836982416 1.2211243967168501
62941.2362 lsst_hardware_g 28.022732067956984 31.809999465942383 31.6299991607666 AB 9.452757263078896 1.1356482235087233
62943.2509 lsst_hardware_z -18.461009448991383 42.68000030517578 30.950000762939453 AB 6.811364031495281 1.0788285779254267
62943.2683 lsst_hardware_r 13.60171824864029 24.950000762939453 31.530000686645508 AB 6.666274266664466 1.044161374196909
62946.2519 lsst_hardware_u 1.165847394325417 2.8838824238854017 28.540000915527344 AB 4.835412042874923 1.0590039515713805
62946.2704 lsst_hardware_g -16.421839897509617 15.164820172953561 31.479999542236328 AB 4.634111075295616 1.029116383587745
62948.2501 lsst_hardware_r 56.237876405066565 24.162696767592262 31.520000457763672 AB 6.4554612681195955 1.0520634400455575
62948.2677 lsst_hardware_z -36.09412197527673 41.5531296640973 30.959999084472656 AB 6.2745225183551945 1.0257236495690045
62950.161 lsst_hardware_g -11.204456902083285 15.371741748776973 31.350000381469727 AB 11.86310538961431 1.3915666146175398
62950.1775 lsst_hardware_r -0.15336528109099462 25.31575999455633 31.469999313354492 AB 8.991770797143644 1.2854568687839376
62952.1495 lsst_hardware_i -22.27875898342782 35.206354578238596 31.200000762939453 AB 9.920986739146386 1.437824165093679
62952.1671 lsst_hardware_z 71.63949145558364 45.90446597115678 30.93000030517578 AB 8.86842256150944 1.314424568179869
62954.1474 lsst_hardware_r 98.35609273489791 27.827256663079265 31.459999084472656 AB 9.233808230230906 1.4115375638569763
62954.1648 lsst_hardware_g 32.342102040580954 16.361793737689197 31.399999618530273 AB 8.52788912734148 1.295637971337184
62956.149 lsst_hardware_r 302.95509685448184 34.91290932505707 31.5 AB 6.875171230033911 1.360679081694901
62956.1661 lsst_hardware_i 349.1473643320233 39.14898739149775 31.239999771118164 AB 6.297300892588027 1.2583905465530354
62958.1506 lsst_hardware_z 342.760313337284 52.29620497000305 30.93000030517578 AB 10.98346182180182 1.315148395114868
62958.1678 lsst_hardware_i 446.5252639165481 46.34807050539149 31.260000228881836 AB 10.028035445921352 1.2229311519416284
62960.1652 lsst_hardware_z 446.74110216332014 56.672349146051495 30.950000762939453 AB 7.1805804149374275 1.2098193698558963
62960.1824 lsst_hardware_r 789.2631380452128 64.73381540077428 31.610000610351562 AB 5.2156073445545355 1.1421454822193224
62965.1537 lsst_hardware_z 1338.8403935845995 158.33620311564655 31.739999771118164 AB 8.302097909141581 1.2003322358333812
62968.1572 lsst_hardware_r 1655.4424371967257 76.72986688882573 31.6200008392334 AB 7.269966388940237 1.1539629188794027
62968.1751 lsst_hardware_i 1271.608977142563 66.87621200992866 31.309999465942383 AB 7.135878205234589 1.0978274161899368
62970.1598 lsst_hardware_z 1087.46735821858 52.8620306846732 30.950000762939453 AB 5.565947034919607 1.1266339049158944
62970.1789 lsst_hardware_r 1739.5732124489211 50.722856386107864 31.559999465942383 AB 6.071875726510671 1.0748585106232378
62973.1392 lsst_hardware_u -2.9615738181185485 3.2109141665790966 28.420000076293945 AB 17.084580788470102 1.1702302015025872
62973.1633 lsst_hardware_g 400.0545204640561 25.868634063688823 31.450000762939453 AB 16.05036052239689 1.0929269257369016
62975.1607 lsst_hardware_r 3595.8578930462863 69.03819161000781 32.27000045776367 AB 10.296426501149224 1.0856628533476618
62975.1791 lsst_hardware_u 8.70498564052433 4.515361228678833 29.299999237060547 AB 9.478657250040836 1.0472497237919385
62977.1514 lsst_hardware_g 357.176417425642 24.95130487673479 31.459999084472656 AB 8.062866339861404 1.0954981440029081
62977.1682 lsst_hardware_r 1802.1828425770805 48.62008149700133 31.520000457763672 AB 7.17434998445632 1.0571761851450936
62990.0488 lsst_hardware_y 469.64976702209316 59.84346942582408 29.920000076293945 AB 15.464338455474852 1.4139039182745508
62990.0676 lsst_hardware_r 1317.132493710442 89.91808962993599 31.59000015258789 AB 14.148667319557598 1.289368224747047
62999.0412 lsst_hardware_r 688.3021942390839 36.56118805717979 31.469999313354492 AB 9.204307961346876 1.2999363933781647
62999.0608 lsst_hardware_i 808.0982888843889 43.260858633253314 31.239999771118164 AB 8.859171923642762 1.2006331592265305
63002.0462 lsst_hardware_z 695.7513892032888 51.32584005073264 30.93000030517578 AB 6.2222700688903325 1.229879936530184
63002.0669 lsst_hardware_i 758.063048721431 41.69146121207296 31.239999771118164 AB 5.742160412431287 1.1449970912126548
63008.135 lsst_hardware_r 416.49741448658085 31.09532539960053 31.530000686645508 AB 4.926650769337982 1.0050287167152145
63008.1569 lsst_hardware_z 556.3242400661053 47.80153714680437 30.950000762939453 AB 4.962094799113509 1.008966002259762
63010.0481 lsst_hardware_r 331.2729931549698 30.29541412015941 31.489999771118164 AB 9.417905965232247 1.134687465690632
63010.0688 lsst_hardware_i 514.3211395400768 38.58425135696101 31.25 AB 8.938210078671622 1.0768927805628459
63013.0448 lsst_hardware_z 525.7517565775541 48.75191786823535 30.940000534057617 AB 6.467744195414599 1.1191482385720908
63013.0656 lsst_hardware_u 3.2920136754456886 3.1538693694532633 28.489999771118164 AB 6.156350926659485 1.065865607478089
63030.9521 lsst_hardware_z 176.52968313722047 66.09180126657566 30.950000762939453 AB 16.802619339067757 1.310196837230906
63030.9737 lsst_hardware_i 145.8069426197107 35.36942949949723 31.239999771118164 AB 16.60361120333131 1.1994445614730815
63035.9541 lsst_hardware_y 191.8294510048891 66.09905588014249 30.0 AB 5.566311121533322 1.2263748661256537
63035.9739 lsst_hardware_r 80.17507881118235 26.543936163108963 31.489999771118164 AB 6.882575407394658 1.1455684765969802
63043.0312 lsst_hardware_z 139.08362302259334 44.218375571198344 30.959999084472656 AB 4.089440421353975 1.007458120637399
63043.0522 lsst_hardware_r 81.81495879668694 28.05316055719582 31.549999237060547 AB 3.8384321070377214 1.0054831976524128
63047.9587 lsst_hardware_y -32.866253821267414 65.92573909932456 30.049999237060547 AB 8.541351073090297 1.0924539327352174
63047.9772 lsst_hardware_r 147.0347501079114 94.69842428406264 31.65999984741211 AB 8.114730394720999 1.0518121056022034
63050.9694 lsst_hardware_z 324.22692490753985 99.058184729144 31.739999771118164 AB 8.625348595923242 1.0511026804683454
63052.962 lsst_hardware_y 51.82810626353905 51.89894520841857 30.049999237060547 AB 6.903187952983712 1.054673246025199
63052.9811 lsst_hardware_g -22.858747377526473 42.653809268342805 31.709999084472656 AB 6.671459728709465 1.0256157824247814
