data/validation/pwv_sim_epoch_fit_4/53794479.ecsv
# %ECSV 0.9
# ---
# datatype:
# - {name: time, datatype: float64}
# - {name: band, datatype: string}
# - {name: flux, datatype: float64}
# - {name: fluxerr, datatype: float64}
# - {name: zp, datatype: float64}
# - {name: zpsys, datatype: string}
# - {name: pwv, datatype: float64}
# - {name: airmass, datatype: float64}
# meta: {SNID: '53794479', alt: 1024.0, c: -0.07155763357877731, dec: -30.345182, lat: -30.244573, lon: -70.7499537, ra: 144.316406, t0: 61105.46875,
#   x0: 8.656039307107612e-06, x1: 0.9699419140815735, z: 0.4884279668331146}
# schema: astropy-2.0
time band flux fluxerr zp zpsys pwv airmass
[from data line 132]
61425.2108 lsst_hardware_r 8.53791018742772 58.630001068115234 31.639999389648438 AB 10.311189480149217 1.0476189464210532
61425.2284 lsst_hardware_i -46.44668616040275 49.20000076293945 31.31999969482422 AB 10.245106152487187 1.0218707823942002
61427.1269 lsst_hardware_z -269.2506798464974 99.36000061035156 31.700000762939453 AB 13.721782384333288 1.334414313365099
61429.1261 lsst_hardware_r 40.829469871920544 98.62000274658203 31.59000015258789 AB 18.538193573469595 1.3062731819238729
61429.1431 lsst_hardware_z -45.02765569934119 70.69000244140625 30.969999313354492 AB 17.190369952002033 1.2186277997118575
61431.1328 lsst_hardware_r -81.59624471995346 63.88999938964844 31.600000381469727 AB 16.427493843142738 1.2413801479714157
61431.1525 lsst_hardware_y 64.72292910735422 52.439998626708984 30.020000457763672 AB 15.06650665284887 1.1581602469712406
61433.1263 lsst_hardware_g 2.5698035105597765 16.399999618530273 31.420000076293945 AB 14.781620457394013 1.2464824986558927
61433.1455 lsst_hardware_r 23.825558704689453 33.5099983215332 31.549999237060547 AB 13.819552608449182 1.1638171357086025
61444.1247 lsst_hardware_u 0.8363291313520242 2.6500000953674316 28.399999618530273 AB 9.54651998514004 1.1317971094240011
61444.1439 lsst_hardware_g -15.005705193797045 13.399999618530273 31.389999389648438 AB 9.179193270717994 1.0785093726610377
61446.1225 lsst_hardware_r 6.017961673162031 22.739999771118164 31.489999771118164 AB 3.8169751517978967 1.1215402013118208
61446.1418 lsst_hardware_i -18.582878663837143 30.579999923706055 31.25 AB 3.7321179644129883 1.0708322112941608
61451.1176 lsst_hardware_z -61.046492504908755 43.970001220703125 30.950000762939453 AB 1.6246659791553169 1.096512471870855
61451.1358 lsst_hardware_r -47.452712392060725 30.209999084472656 31.56999969482422 AB 2.89339278059986 1.0550201570099762
61455.114 lsst_hardware_r -109.51994828319279 82.12000274658203 31.639999389648438 AB 3.5746611001700144 1.0781936207626033
61455.1341 lsst_hardware_z 12.704760638062789 60.11000061035156 30.979999542236328 AB 3.145033334844609 1.0388791020186994
61457.1109 lsst_hardware_y -25.13335411424791 58.970001220703125 30.049999237060547 AB 4.88698346875454 1.0727655512577194
61457.1298 lsst_hardware_r 102.74643007473156 109.66000366210938 31.670000076293945 AB 5.296799140194978 1.0370629740959332
61459.1143 lsst_hardware_i -88.64870907412397 69.9000015258789 31.329999923706055 AB 6.942541621393494 1.0543630887391247
61459.1347 lsst_hardware_z 46.94305297780945 62.02000045776367 30.989999771118164 AB 7.856348172233218 1.0228954068398175
61461.0116 lsst_hardware_y -155.4037194713057 72.3499984741211 29.920000076293945 AB 14.42653214283513 1.5018251241760494
61461.0301 lsst_hardware_i 2.3968005789468627 33.40999984741211 31.209999084472656 AB 12.892398939498015 1.3599576940398752
61461.1117 lsst_hardware_r 28.077108151417352 49.72999954223633 31.6299991607666 AB 8.054161814043033 1.0490604772442895
61461.1316 lsst_hardware_g 20.8225171520507 51.16999816894531 31.719999313354492 AB 8.811692423484795 1.0201669954830443
61463.1019 lsst_hardware_r 10.772411953548183 22.59000015258789 31.489999771118164 AB 6.925867412445095 1.0572229296970073
61463.1219 lsst_hardware_i -42.1185396064354 33.540000915527344 31.270000457763672 AB 6.712987568014486 1.0251966353107034
61465.0268 lsst_hardware_y -143.97903444781585 50.7400016784668 29.950000762939453 AB 6.722185078130835 1.312179275112973
61465.0484 lsst_hardware_g 8.849794006349176 13.720000267028809 31.360000610351562 AB 4.449882825439376 1.2027523009498955
61467.0075 lsst_hardware_y 166.51772637507645 81.5 29.940000534057617 AB 7.440712189655112 1.40320194675417
61467.0272 lsst_hardware_z 59.63026519694961 44.65999984741211 30.920000076293945 AB 6.784859605925136 1.2789556278840972
61469.0063 lsst_hardware_y 3.597786889182172 72.79000091552734 29.950000762939453 AB 15.716803991053306 1.373126331561533
61469.0273 lsst_hardware_u -0.924734857816907 2.7100000381469727 28.31999969482422 AB 14.221100312751847 1.2499868429948007
61471.006 lsst_hardware_z -42.192252235869454 62.83000183105469 30.940000534057617 AB 8.619766820355176 1.3392009353461003
61471.0268 lsst_hardware_r -3.902339977004202 23.1299991607666 31.450000762939453 AB 7.90359100555422 1.2260757813541694
61473.0181 lsst_hardware_y -22.570425604104848 49.439998626708984 29.979999542236328 AB 13.545564075959744 1.2414878973452552
61473.0399 lsst_hardware_z -19.389947348281204 42.29999923706055 30.93000030517578 AB 12.42417511224104 1.1507328698211072
61478.0014 lsst_hardware_y 123.81841602899709 65.36000061035156 29.989999771118164 AB 17.3002513173758 1.256676851141099
61478.0237 lsst_hardware_i -48.150125007024045 32.2400016784668 31.239999771118164 AB 16.011566605134522 1.15987322605182
61480.0094 lsst_hardware_y -20.10086758185871 50.77000045776367 29.989999771118164 AB 9.769050225518928 1.1944551139777126
61480.029 lsst_hardware_r -1.404204826801411 32.959999084472656 31.549999237060547 AB 9.132891824294536 1.123587265650343
61482.0039 lsst_hardware_y 80.38130746730845 93.05000305175781 30.760000228881836 AB 9.11970961325267 1.1946174499937758
61485.9936 lsst_hardware_z -90.28456410906696 84.80999755859375 30.989999771118164 AB 5.974548457974013 1.1920289549536953
61486.0105 lsst_hardware_i -66.64631910151518 84.87999725341797 31.329999923706055 AB 5.938357566575791 1.130254580619634
61488.0015 lsst_hardware_y 41.42520660587075 54.41999816894531 30.030000686645508 AB 5.365244273069407 1.1419057727082227
61488.0207 lsst_hardware_r 87.50834739364063 72.41999816894531 31.649999618530273 AB 5.116775920436076 1.085903208921069
61490.9892 lsst_hardware_y 121.07909651775635 67.80999755859375 30.030000686645508 AB 7.053143450926538 1.1562530247420555
61491.005 lsst_hardware_r 6.740442781293591 22.860000610351562 31.489999771118164 AB 6.081311030780959 1.1057599304408072
61492.996 lsst_hardware_y -43.83024195261013 49.5099983215332 30.040000915527344 AB 8.378946024707812 1.1160024007335925
61493.0142 lsst_hardware_z 52.57725288751956 41.220001220703125 30.959999084472656 AB 6.949925036955407 1.069219236454678
61494.9928 lsst_hardware_y 94.1097980743448 51.06999969482422 30.030000686645508 AB 9.654471417368727 1.1093905679251626
61495.009 lsst_hardware_u -2.890435638033386 2.7300000190734863 28.469999313354492 AB 6.372890520722742 1.0686493704574063
61497.9853 lsst_hardware_y -100.75648174933048 59.2599983215332 30.040000915527344 AB 9.851844369646441 1.1074154131961715
61498.003 lsst_hardware_r 17.11924125482738 22.1299991607666 31.489999771118164 AB 6.751176342438705 1.06397326227315
61499.9912 lsst_hardware_z 130.33442797703538 65.69000244140625 31.700000762939453 AB 9.69384295304162 1.078021958135241
61501.9826 lsst_hardware_y -79.07875272242994 58.220001220703125 30.040000915527344 AB 12.288107346870653 1.085585783633075
61502.0012 lsst_hardware_g -8.228279612986286 13.390000343322754 31.40999984741211 AB 11.15535761340401 1.0464851808255924
61505.9826 lsst_hardware_y 3.303387079147256 50.63999938964844 30.040000915527344 AB 3.0804183792088544 1.0609937012200417
61505.9997 lsst_hardware_i -14.80430132240534 30.200000762939453 31.25 AB 3.0784448475545303 1.0315928000741235
61509.9785 lsst_hardware_y -77.44265026731942 53.59000015258789 30.049999237060547 AB 11.877429092831607 1.0479930377051754
61509.9965 lsst_hardware_z 156.24795898734078 46.029998779296875 30.969999313354492 AB 11.600596568131508 1.0216514294133738
61513.9858 lsst_hardware_z -39.67907024415651 92.33999633789062 31.75 AB 9.5707196022547 1.0213942640008888
