data/validation/pwv_sim_epoch_fit_4/53818885.ecsv
# %ECSV 0.9
# ---
# datatype:
# - {name: time, datatype: float64}
# - {name: band, datatype: string}
# - {name: flux, datatype: float64}
# - {name: fluxerr, datatype: float64}
# - {name: zp, datatype: float64}
# - {name: zpsys, datatype: string}
# - {name: pwv, datatype: float64}
# - {name: airmass, datatype: float64}
# meta: {SNID: '53818885', alt: 1024.0, c: -0.057786889374256134, dec: -10.351558, lat: -30.244573, lon: -70.7499537, ra: 144.140625,
#   t0: 60052.984375, x0: 9.14055445743382e-06, x1: 0.3785499334335327, z: 0.4776057004928589}
# schema: astropy-2.0
time band flux fluxerr zp zpsys pwv airmass
59931.3136 lsst_hardware_i 9.838747684333347 72.87999725341797 31.329999923706055 AB 7.685689359907806 1.0982824926334465
59931.3343 lsst_hardware_y -23.228240742045376 76.08000183105469 30.059999465942383 AB 6.179158370500132 1.0719795932688783
59935.329 lsst_hardware_i 76.21464732970861 102.98999786376953 32.08000183105469 AB 6.434218562001856 1.0678462449901527
59935.3501 lsst_hardware_y 29.264392687617224 107.7300033569336 30.81999969482422 AB 6.94072079882562 1.0632231615847396
59937.3249 lsst_hardware_u -2.5161786607848153 22.309999465942383 29.450000762939453 AB 6.48452628326039 1.067031174054896
59937.3444 lsst_hardware_z -101.04806893251674 78.19999694824219 30.989999771118164 AB 6.372695522017533 1.0631790994356913
59939.3259 lsst_hardware_r -43.38025326902616 79.18000030517578 31.649999618530273 AB 9.0911413709849 1.0641418721767768
59939.347 lsst_hardware_y 72.26839671695383 76.05000305175781 30.059999465942383 AB 9.453906030950817 1.0658293157780323
59942.326 lsst_hardware_z -22.70126957769965 77.66000366210938 30.989999771118164 AB 7.414291048740962 1.0627776361136645
59942.3456 lsst_hardware_y 38.063162199398256 76.08000183105469 30.059999465942383 AB 7.328313969643914 1.070009096874524
59948.2972 lsst_hardware_i 73.17772803129856 72.95999908447266 31.329999923706055 AB 3.500791791861611 1.0657981911492627
59948.319 lsst_hardware_r -37.49004341503941 79.2300033569336 31.649999618530273 AB 3.439054431091494 1.0643932005854206
59950.2942 lsst_hardware_z -155.75416869344573 108.69999694824219 31.739999771118164 AB 7.831081161097604 1.0647289138134042
59952.2906 lsst_hardware_r 52.41864960978941 78.75 31.649999618530273 AB 9.470265551245337 1.0640747810388018
59952.3142 lsst_hardware_i -41.983447871837946 72.58000183105469 31.329999923706055 AB 9.392654893111077 1.0672662934373605
59954.2885 lsst_hardware_z -53.826775308469394 77.26000213623047 30.989999771118164 AB 7.055062719581802 1.0632300082257256
59954.3127 lsst_hardware_r -8.51097892361361 79.13999938964844 31.639999389648438 AB 7.685632193094103 1.0699007716425284
59956.2738 lsst_hardware_z -112.37013205466077 109.3499984741211 31.739999771118164 AB 6.216099948906908 1.0665923042050307
59958.2364 lsst_hardware_g 54.627869528944686 81.94999694824219 31.700000762939453 AB 8.69543715631359 1.104509758190396
59958.2562 lsst_hardware_r -226.26710829431917 80.97000122070312 31.649999618530273 AB 7.686216057548662 1.076061280879472
59963.2346 lsst_hardware_i -68.44592387662021 72.88999938964844 31.329999923706055 AB 6.483358046122759 1.0854744614989134
59963.2534 lsst_hardware_r -119.24561915611416 79.2699966430664 31.649999618530273 AB 6.91694264022361 1.0673196132430218
59965.2324 lsst_hardware_u 34.86890451556935 22.239999771118164 29.440000534057617 AB 12.77127160626393 1.0812955294473923
59965.253 lsst_hardware_g 33.277917439371045 82.44999694824219 31.719999313354492 AB 12.577819705514795 1.0648190175819954
59972.2097 lsst_hardware_z -42.18878650352698 76.70999908447266 30.989999771118164 AB 10.875803351301476 1.0859152650570603
59972.2277 lsst_hardware_r -56.52654952564619 78.56999969482422 31.649999618530273 AB 10.719599641063263 1.0680083332732153
59974.2054 lsst_hardware_z -106.49155176135363 77.61000061035156 30.989999771118164 AB 13.338716376466836 1.0843603265154664
59974.2234 lsst_hardware_g 11.831295295464157 81.72000122070312 31.719999313354492 AB 13.11599762034527 1.06729576209173
59976.2089 lsst_hardware_r 12.368123912258936 76.8499984741211 31.649999618530273 AB 13.384999738001627 1.0742375391654597
59976.2266 lsst_hardware_z 78.5069105141944 76.08000183105469 31.0 AB 13.363601821779191 1.0636281877120746
59982.1834 lsst_hardware_r -95.5717962306539 78.5999984741211 31.649999618530273 AB 5.452649193718716 1.084564732713834
59982.2014 lsst_hardware_i 24.987961648555938 72.54000091552734 31.329999923706055 AB 5.400974274400426 1.0673862202372382
59984.1818 lsst_hardware_z 65.72746588764383 76.4800033569336 30.989999771118164 AB 6.086686783698796 1.0797741322864636
59984.2008 lsst_hardware_r 109.40980817581642 77.69000244140625 31.649999618530273 AB 6.054909243374988 1.0649427056413767
59988.1655 lsst_hardware_r -15.113666386398979 77.41999816894531 31.639999389648438 AB 3.9448724127942585 1.0866169850460485
59988.1817 lsst_hardware_z -83.81137877404711 76.54000091552734 30.989999771118164 AB 4.36013997112234 1.0695792888807407
59990.1628 lsst_hardware_r 117.67485768936172 79.16999816894531 31.649999618530273 AB 3.208246542185979 1.0829524193032367
59990.1817 lsst_hardware_u -25.294020613807326 22.360000610351562 29.469999313354492 AB 4.049404815085477 1.0661940008123953
59994.1568 lsst_hardware_i -99.5559475864752 73.36000061035156 31.31999969482422 AB 3.299479400962162 1.0772051586556193
59994.1744 lsst_hardware_z -35.911391472302974 77.51000213623047 30.989999771118164 AB 3.468419410694942 1.0645854544797244
59996.1596 lsst_hardware_r -97.04846635197923 81.01000213623047 31.649999618530273 AB 5.42147747357584 1.0697645265626914
59996.1762 lsst_hardware_u 40.30570083702248 22.420000076293945 29.459999084472656 AB 6.46176768334543 1.062878145134539
59998.1554 lsst_hardware_g 37.13828985006084 81.02999877929688 31.719999313354492 AB 8.501231002554098 1.0688666627967685
59998.1731 lsst_hardware_i 55.42786235123578 73.12999725341797 31.329999923706055 AB 11.7859655972318 1.0627561404176555
60000.1288 lsst_hardware_r 10.238751148347287 78.4800033569336 31.649999618530273 AB 9.44740059745926 1.0923955210012635
60000.1463 lsst_hardware_z 58.14017775700135 76.87999725341797 30.989999771118164 AB 9.269573067104036 1.0716269441738768
60002.1273 lsst_hardware_r -30.569259087835704 78.45999908447266 31.639999389648438 AB 8.408477808021932 1.0865772188436946
60002.144 lsst_hardware_y 146.66351180485736 75.83999633789062 30.059999465942383 AB 8.284418133001957 1.0691986103961484
60004.1247 lsst_hardware_z -112.14363665993645 76.7300033569336 30.989999771118164 AB 4.362015656633849 1.0827890422324926
60004.1438 lsst_hardware_r -50.313280396417966 78.56999969482422 31.649999618530273 AB 4.351512584921286 1.0660246410880172
60006.1278 lsst_hardware_i -81.40346554542467 72.94999694824219 31.329999923706055 AB 5.399836081699096 1.0734727064657017
60006.1452 lsst_hardware_z 29.84428129197252 77.33000183105469 30.989999771118164 AB 5.180537048806356 1.0634923374506247
60009.1134 lsst_hardware_r 61.49853322673764 78.55999755859375 31.649999618530273 AB 7.853967825370962 1.0799295754016662
60009.1322 lsst_hardware_z -35.0067516332455 76.83000183105469 30.989999771118164 AB 8.189018661851762 1.0650765622801939
60011.1146 lsst_hardware_z 16.823067452195122 76.76000213623047 30.989999771118164 AB 11.065685906736563 1.0730622227677338
60011.1327 lsst_hardware_i -14.893564794299026 72.37999725341797 31.329999923706055 AB 12.210462199586177 1.0632432072783842
60013.1129 lsst_hardware_z 53.950238658418414 76.81999969482422 30.989999771118164 AB 11.94835848088494 1.0699703126072302
60013.131 lsst_hardware_r 25.26124810037731 78.5199966430664 31.649999618530273 AB 11.21379837512471 1.0627849600484658
60015.112 lsst_hardware_y -18.734275746494305 75.37999725341797 30.059999465942383 AB 8.438999143430545 1.0669671877229983
60015.1296 lsst_hardware_g 181.07490189863842 79.05000305175781 31.719999313354492 AB 8.743907133533808 1.0628951721307736
60017.113 lsst_hardware_r -95.44348931253252 77.58999633789062 31.649999618530273 AB 13.87498812073526 1.0640940330720718
60017.1313 lsst_hardware_i 120.24088074830365 71.8499984741211 31.329999923706055 AB 11.855638189371279 1.0646226822352083
60019.0815 lsst_hardware_i 127.0871043664682 72.83000183105469 31.31999969482422 AB 8.44993575701949 1.0857262223532158
60019.1012 lsst_hardware_z -93.06314226774111 77.30000305175781 30.989999771118164 AB 7.85351728714516 1.0668969405063367
60020.0831 lsst_hardware_r 140.7137399994305 79.97000122070312 31.649999618530273 AB 8.77882079014746 1.0802375845384127
60020.1017 lsst_hardware_u 14.869060902152773 22.329999923706055 29.459999084472656 AB 8.203323782093205 1.0652744933893148
60022.0832 lsst_hardware_g -5.490491165839535 81.02999877929688 31.719999313354492 AB 7.908434119602336 1.0743208820325578
60022.1014 lsst_hardware_i -22.23854894578773 73.18000030517578 31.329999923706055 AB 8.579029854875207 1.0635160977117855
60025.079 lsst_hardware_z -119.23305546290639 77.03403929736385 31.0 AB 4.195467205542588 1.0708413584283893
60025.098 lsst_hardware_r -9.37803613576288 78.84817195452322 31.649999618530273 AB 5.608371680823631 1.0627954672775293
60027.0686 lsst_hardware_u 25.78357967968801 22.490106116950642 29.459999084472656 AB 4.421475878695166 1.0752398529606242
60027.0886 lsst_hardware_g -72.97214528546552 82.63201566633208 31.719999313354492 AB 5.846063423911105 1.063323396543124
60029.0684 lsst_hardware_r 137.06979683803004 80.02345431219592 31.649999618530273 AB 7.551300303036283 1.0705875832803613
60029.0865 lsst_hardware_i 24.816712464675312 73.76442910778412 31.329999923706055 AB 8.62765418580648 1.0628353084320876
60031.0569 lsst_hardware_z 101.30318790342304 77.9628748510846 31.0 AB 7.564427530009292 1.0760209857765706
60031.0768 lsst_hardware_r 224.75114494751338 80.8466215744797 31.649999618530273 AB 7.526626794797754 1.0635210072131063
60036.0565 lsst_hardware_z 623.6866862041388 80.41048505542736 31.0 AB 9.288694564776646 1.0659813013658466
60036.0751 lsst_hardware_r 1351.6776180405552 86.7495293829921 31.649999618530273 AB 9.261715352448531 1.0633427499941066
60038.0576 lsst_hardware_i 1049.519737910709 79.63724084084036 31.329999923706055 AB 5.269493836124261 1.0635415438894056
60038.0759 lsst_hardware_z 701.4753673216387 81.44627996348245 30.989999771118164 AB 5.298011543006448 1.0654266409049031
60040.0258 lsst_hardware_z 975.3894188952563 82.40466543857588 30.989999771118164 AB 8.77677087545502 1.0835519599327186
60040.0439 lsst_hardware_r 2259.8270871535497 91.82258221379821 31.649999618530273 AB 8.399479282976545 1.0668714953609193
60042.0271 lsst_hardware_u 29.03929342948372 22.69535502911518 29.450000762939453 AB 8.217618410205784 1.0757805151635784
60042.0464 lsst_hardware_g 1547.7682540781743 88.75327178953148 31.719999313354492 AB 8.036646368003865 1.0636112186347166
60044.0213 lsst_hardware_r 3147.9349539061614 97.24934306724224 31.649999618530273 AB 6.123152911636417 1.0761252920274897
60044.0405 lsst_hardware_i 2061.6115032242315 85.14044681758435 31.329999923706055 AB 6.056774492390839 1.0637272807044078
60046.0173 lsst_hardware_z 1574.48182112626 85.02781635775384 30.989999771118164 AB 5.381411853273745 1.0746703651070884
60046.0338 lsst_hardware_r 3353.7688066198484 97.08017417242316 31.649999618530273 AB 5.267270929312482 1.0640951372348448
60053.0063 lsst_hardware_i 2416.8617466045707 87.73290000386362 31.329999923706055 AB 9.807668330084706 1.0681407460340566
60053.023 lsst_hardware_z 1746.8420025510327 87.96992672280089 31.0 AB 9.765056375252167 1.0627476057302245
60056.0049 lsst_hardware_r 3853.2257073392266 99.7899187735558 31.649999618530273 AB 9.869976540629036 1.0646553928424896
60056.022 lsst_hardware_u -18.982313129912214 22.511823862985526 29.469999313354492 AB 9.95984657994421 1.0637073599086433
60060.0024 lsst_hardware_i 2394.462743155967 86.71143396333329 31.329999923706055 AB 12.328417448468855 1.0627946076266255
60060.0193 lsst_hardware_z 1709.9637544329166 87.19188822080548 30.989999771118164 AB 12.379890381510355 1.067231929440548
60061.9751 lsst_hardware_y 500.3481788013045 79.4299816089694 30.059999465942383 AB 1.1312326245043776 1.0732757348238875
60061.993 lsst_hardware_r 3041.8525487810043 96.06735304603399 31.649999618530273 AB 1.08592309668911 1.0633273896588593
60063.9731 lsst_hardware_y 531.949688541311 78.63393501332601 30.059999465942383 AB 11.948081868010819 1.0703768750737577
60063.9912 lsst_hardware_r 2720.5415968151024 95.16877987763561 31.649999618530273 AB 11.9097053197575 1.0628129979704766
60065.9729 lsst_hardware_y 562.2950461540034 77.89295129945796 30.059999465942383 AB 9.882095391931143 1.0668736928096096
60065.9909 lsst_hardware_z 1520.9903986755019 84.3162880673337 30.989999771118164 AB 9.799739802693486 1.0629553622127101
60069.9691 lsst_hardware_y 377.94774848472264 78.23276944042621 30.059999465942383 AB 7.558591412900805 1.0638411559325553
60069.9866 lsst_hardware_r 1854.8389694991463 91.01939577523505 31.649999618530273 AB 7.55494554616108 1.064626644674867
60071.9703 lsst_hardware_z 2130.0480917440295 117.19508603139568 31.739999771118164 AB 10.442625955040917 1.0627635374179762
60300.3152 lsst_hardware_u 3.485295188176842 2.759999990463257 28.469999313354492 AB 6.448105583557297 1.0810353465874172
60300.335 lsst_hardware_y -34.51601185907929 47.689998626708984 30.040000915527344 AB 7.026462590043253 1.0650458655077688
60302.3214 lsst_hardware_r 3.295233716353358 22.940000534057617 31.489999771118164 AB 6.465518247719397 1.0697416028655522
60302.3426 lsst_hardware_y -1.7943872342948666 48.900001525878906 30.040000915527344 AB 6.357500438326431 1.0628309453875338
60305.3138 lsst_hardware_z -7.809536749239792 92.38999938964844 31.739999771118164 AB 6.404824982687362 1.0693124240671388
60309.2954 lsst_hardware_r 68.92890492273193 79.16000366210938 31.639999389648438 AB 5.465695016445064 1.0757477480290978
60309.3153 lsst_hardware_i 73.412030716564 67.33999633789062 31.329999923706055 AB 5.453303409103596 1.0634539840618047
60311.2903 lsst_hardware_z 12.620016035999534 52.86000061035156 30.969999313354492 AB 5.271898836987637 1.0753856334373366
60311.3126 lsst_hardware_i 54.69605998871842 51.130001068115234 31.309999465942383 AB 5.489107663895251 1.062956557686919
60313.2959 lsst_hardware_z -2.1575826921635564 43.9900016784668 30.950000762939453 AB 3.4297759926145805 1.0668043522906938
60313.318 lsst_hardware_g 26.921617208569973 29.829999923706055 31.639999389648438 AB 3.480466954555406 1.0638207706231502
60315.2911 lsst_hardware_r -17.255079639631422 24.829999923706055 31.510000228881836 AB 8.092879834079245 1.066442919363866
60315.3115 lsst_hardware_i 60.19797932265282 31.639999389648438 31.25 AB 7.738156727526604 1.0635423288319672
60317.2879 lsst_hardware_z 69.69812386106213 41.439998626708984 30.950000762939453 AB 9.481485624422442 1.065335463418252
60317.3081 lsst_hardware_u 1.6817808910758694 2.740000009536743 28.450000762939453 AB 9.361875062990284 1.0641315950809251
60319.2901 lsst_hardware_g -23.381189539328762 13.9399995803833 31.40999984741211 AB 7.076689842090959 1.0630448914061827
60319.3107 lsst_hardware_r 1.3273173459164107 22.760000228881836 31.489999771118164 AB 7.659761655954769 1.0680091544833754
60321.257 lsst_hardware_r 32.55510916053626 23.06999969482422 31.489999771118164 AB 6.348592200388154 1.0820849156959509
60321.283 lsst_hardware_i 25.500719675920763 43.47999954223633 32.0 AB 6.187870856768315 1.0633450799962736
60321.3113 lsst_hardware_z 35.1470615707682 41.47999954223633 30.950000762939453 AB 7.360841134471244 1.072591966359709
60323.2302 lsst_hardware_z 57.70604874710636 42.529998779296875 30.940000534057617 AB 8.826313762915138 1.1184701221261681
60323.2495 lsst_hardware_i -22.336874931630796 31.100000381469727 31.25 AB 8.544559308642114 1.0847020110835452
60327.2412 lsst_hardware_r -20.6056732994267 23.049999237060547 31.489999771118164 AB 7.221016070853192 1.0813681531752397
60327.2623 lsst_hardware_i -39.190352810108585 30.729999542236328 31.239999771118164 AB 7.861923031577166 1.0646280172759546
60329.2381 lsst_hardware_z 67.98353459299675 41.36000061035156 30.93000030517578 AB 10.837330188245556 1.0786096231147604
60329.2576 lsst_hardware_u -3.9073371933690226 2.559999942779541 28.329999923706055 AB 12.66220438477904 1.064348925590844
60331.2258 lsst_hardware_g -32.792124576380644 52.86000061035156 31.690000534057617 AB 10.328738247766069 1.0872356050280072
60331.2442 lsst_hardware_r -11.46156731481416 46.939998626708984 31.6200008392334 AB 10.149339627734415 1.0683515397615173
