data/validation/pwv_sim_epoch_fit_4/5381074.ecsv
# %ECSV 0.9
# ---
# datatype:
# - {name: time, datatype: float64}
# - {name: band, datatype: string}
# - {name: flux, datatype: float64}
# - {name: fluxerr, datatype: float64}
# - {name: zp, datatype: float64}
# - {name: zpsys, datatype: string}
# - {name: pwv, datatype: float64}
# - {name: airmass, datatype: float64}
# meta: {SNID: '5381074', alt: 1024.0, c: -0.04392487183213234, dec: -31.03924, lat: -30.244573, lon: -70.7499537, ra: 171.035156, t0: 60671.609375,
#   x0: 2.853556966449859e-06, x1: -0.8700317740440369, z: 0.7713370323181152}
# schema: astropy-2.0
time band flux fluxerr zp zpsys pwv airmass
60667.2627 lsst_hardware_g 146.70422886139943 34.4665884730824 31.5 AB 8.122458387795108 1.465816988548632
60667.2846 lsst_hardware_r 726.8833505114513 47.863476939688304 31.540000915527344 AB 7.309651567681909 1.3128162659909137
60669.2635 lsst_hardware_i 1044.91210272037 46.770784491045255 31.190000534057617 AB 11.33420877697659 1.4167760971220738
60669.2851 lsst_hardware_z 583.9930091913293 51.39542402538931 30.920000076293945 AB 10.23318438463223 1.2791480480790287
60671.2611 lsst_hardware_r 670.4488418553946 35.19286988384734 31.440000534057617 AB 8.517732630872066 1.3944636566728714
60671.2828 lsst_hardware_u -2.538284977830942 2.6837160287898647 28.290000915527344 AB 7.799161730786586 1.262459913526217
60673.2651 lsst_hardware_g 71.93140120698108 17.07492079782791 31.329999923706055 AB 11.585415994609116 1.331657010874611
60673.2876 lsst_hardware_i 995.0617946708162 45.085854762601194 31.229999542236328 AB 10.555901338241904 1.2133219929013683
60675.2615 lsst_hardware_z 710.7744539725683 50.63887488740069 30.920000076293945 AB 9.279581104591097 1.320317179201554
60675.2844 lsst_hardware_r 576.3347351645604 33.511902790116906 31.479999542236328 AB 8.455500707753615 1.2034586831417042
60679.2479 lsst_hardware_r 449.66244651898904 31.998786077027642 31.440000534057617 AB 3.4985004515899276 1.3367511118601263
60679.2717 lsst_hardware_i 891.08521040285 43.3128919005312 31.219999313354492 AB 3.3596574448291663 1.211196579281079
60681.2661 lsst_hardware_z 543.7090683546774 49.38076534141514 30.940000534057617 AB 9.196045253827245 1.2118130440780894
60681.2875 lsst_hardware_r 429.64381506659583 31.01636812475351 31.489999771118164 AB 8.59507319041546 1.1309306829494028
60683.2635 lsst_hardware_u -1.7704965769962246 2.641977401230638 28.34000015258789 AB 10.675093627817647 1.1994487222267018
60683.2872 lsst_hardware_r 376.4554004564507 29.875552080141198 31.479999542236328 AB 9.924161011318235 1.115074270934633
60685.2987 lsst_hardware_i 700.6653297708893 40.19621508318373 31.260000228881836 AB 7.673453822210926 1.0714370839232392
60685.3161 lsst_hardware_u -2.7148409112650245 2.7212502884879894 28.479999542236328 AB 7.475081463852328 1.0386144728970652
60687.2871 lsst_hardware_g 132.12953999278082 63.10930175248386 31.700000762939453 AB 6.339786098867619 1.0858122198874107
60687.3045 lsst_hardware_r 297.4795455435391 56.60958180604866 31.6299991607666 AB 7.141061346909646 1.0489220544814404
60689.293 lsst_hardware_i 542.1717242334017 69.27375731341722 31.329999923706055 AB 8.84726250108756 1.0603990213049412
60689.3122 lsst_hardware_r 329.9802661630049 82.78969413499969 31.65999984741211 AB 8.612796408407895 1.028434533721688
60691.3026 lsst_hardware_z 831.9327727964119 88.30881042932005 31.739999771118164 AB 5.925127250524266 1.0342341159930644
60696.2075 lsst_hardware_z 235.84543987585684 53.473061838853724 30.93000030517578 AB 14.958797573544242 1.3007650063951515
60696.2248 lsst_hardware_r 151.52613471805114 45.75084597767779 31.579999923706055 AB 14.343248361159379 1.2133530272950537
60698.2186 lsst_hardware_i 263.56825072057364 37.00050813204605 31.239999771118164 AB 11.178509866008909 1.216653379820479
60698.2359 lsst_hardware_z 284.1174495779997 46.06752651790348 30.940000534057617 AB 10.435777266713515 1.1482081987856942
60702.2291 lsst_hardware_r 89.7129563456521 24.846622562872216 31.469999313354492 AB 12.413252285821397 1.13437278149973
60702.2482 lsst_hardware_i 183.4056132788127 34.06188549358548 31.25 AB 11.783268115059517 1.0808354535919573
60704.1978 lsst_hardware_i 226.65896160327785 34.9650487833469 31.229999542236328 AB 11.943094300067624 1.237134917052044
60704.2155 lsst_hardware_z 258.9539671175211 45.192493478180175 30.940000534057617 AB 12.242307314364725 1.1625662784186814
60710.213 lsst_hardware_z 174.83007254121344 44.08975604194735 30.940000534057617 AB 8.39645443820088 1.1165126742064209
60710.2313 lsst_hardware_i 135.26890305700073 32.81829900458322 31.25 AB 8.05057072190257 1.0695590171253524
60712.23 lsst_hardware_g 13.104790855308048 14.153099813635775 31.43000030517578 AB 4.562213885962399 1.0608155059593176
60712.2496 lsst_hardware_r 63.19121507009648 23.382820362988564 31.5 AB 4.4477261284396175 1.0281778759636953
60715.2046 lsst_hardware_r 1.450031051009628 53.976859349216404 31.6200008392334 AB 6.220425799111474 1.1015452096885812
60715.2251 lsst_hardware_i 105.54497522522851 47.247649111798566 31.309999465942383 AB 5.6261126211730605 1.0543689320039469
60717.2228 lsst_hardware_z 206.95685056070386 84.2100060390841 31.729999542236328 AB 3.907882649569533 1.0485564875977513
60719.2304 lsst_hardware_r -12.20410293605815 103.66695488344736 31.65999984741211 AB 5.107885306756153 1.0282952570304966
60719.2496 lsst_hardware_i -19.848876148977443 80.20420338294404 31.350000381469727 AB 4.994946918892767 1.0087405423546483
60721.2161 lsst_hardware_z 41.55007348851034 68.96698644932377 30.989999771118164 AB 3.241486340813538 1.0413577514460004
60721.2364 lsst_hardware_r 86.44871256916238 95.28634042550463 31.65999984741211 AB 3.3969249322695827 1.0152196450297617
60723.1073 lsst_hardware_g 83.45924721324369 56.421271001783204 31.530000686645508 AB 3.4755180490084134 1.4868526412870464
60723.1261 lsst_hardware_i 131.40412264703966 66.68866990527447 31.270000457763672 AB 3.93534884096968 1.347337691630133
60725.1196 lsst_hardware_z 117.71089956381329 50.768956799743684 30.93000030517578 AB 4.518600143008836 1.354056729082433
60725.1376 lsst_hardware_r -7.550420108913412 39.21245271143643 31.559999465942383 AB 3.8435083424229255 1.2511420385491294
60730.104 lsst_hardware_r 32.591826955042926 24.440712698827983 31.450000762939453 AB 10.64786679083316 1.366936630008001
60730.1241 lsst_hardware_i 32.203515262210054 33.142196078946476 31.229999542236328 AB 9.676949473707078 1.250386493856842
60732.1115 lsst_hardware_z 36.788576681263656 45.052449829212705 30.920000076293945 AB 7.363586326781859 1.2878843905697672
60732.1315 lsst_hardware_r 37.89334314737296 23.641634230599376 31.469999313354492 AB 6.441037789927275 1.1920121754283843
60734.1143 lsst_hardware_u -0.3061903158619612 2.7897989922150264 28.270000457763672 AB 6.5214361594599355 1.2448458428938078
60734.1343 lsst_hardware_r 17.50380513882844 23.45135677848284 31.479999542236328 AB 7.029830348569048 1.1599742063531788
60750.0933 lsst_hardware_r 142.49547152233143 113.38113553851112 31.6299991607666 AB 8.226314080520979 1.150385952456636
60750.1148 lsst_hardware_z 4.969296114690543 77.72815510921751 30.989999771118164 AB 8.004006896491127 1.0865413556629508
60756.0903 lsst_hardware_u -4.489350668940326 2.862020147511385 28.520000457763672 AB 5.759568554386392 1.1081065646866655
60756.1078 lsst_hardware_g -9.172874878274854 14.485666169465702 31.450000762939453 AB 5.534483202405902 1.0650747069868307
60758.0884 lsst_hardware_r 13.058790041460272 23.76887936958344 31.510000228881836 AB 6.016888591975574 1.0982896990265822
60758.106 lsst_hardware_i 45.7331422179002 31.568326487723336 31.260000228881836 AB 5.804160245582012 1.0576414940168273
60762.0733 lsst_hardware_g -0.7465785986423434 14.4399995803833 31.440000534057617 AB 7.79265313518406 1.1098669232948635
60762.0908 lsst_hardware_r 1.2300293830337141 23.309999465942383 31.510000228881836 AB 8.647445764587312 1.0663790892513385
60764.0706 lsst_hardware_i 15.098054715375469 31.149999618530273 31.25 AB 5.561893252032982 1.1021288520821977
60764.0886 lsst_hardware_z -73.4414647325552 41.5 30.959999084472656 AB 6.260800317874416 1.059655907115594
60767.0778 lsst_hardware_i -41.64717612927698 30.889999389648438 31.25 AB 9.235783555009466 1.0650017072033366
60767.0955 lsst_hardware_u 2.0040992441756926 2.759999990463257 28.489999771118164 AB 8.83906425285987 1.0336474919537013
60769.0715 lsst_hardware_g -21.20564190452731 17.780000686645508 31.5 AB 5.276279163998394 1.0667770246660724
60769.0896 lsst_hardware_r -19.035797024976308 24.559999465942383 31.510000228881836 AB 6.20574421482465 1.034290702470775
60771.0698 lsst_hardware_i -24.690240556914603 53.20000076293945 32.029998779296875 AB 8.344287235650212 1.0590316956933143
60771.0878 lsst_hardware_r -27.400342762407238 51.52000045776367 32.349998474121094 AB 10.00826914708424 1.0291279328621874
60774.9913 lsst_hardware_y 59.12529756066252 58.41999816894531 29.959999084472656 AB 7.115339807729297 1.3036533176491933
60775.0108 lsst_hardware_r 171.33825753804572 89.69000244140625 31.610000610351562 AB 6.868610356871475 1.205918510621336
60777.987 lsst_hardware_y 44.12190582917788 65.19000244140625 29.989999771118164 AB 9.8531483227444 1.2818493047802775
60778.006 lsst_hardware_r -260.72501939797365 120.80000305175781 31.6299991607666 AB 7.8179104501415555 1.1916032694233287
60779.9861 lsst_hardware_y 189.6781258981241 54.79999923706055 29.989999771118164 AB 14.22389991740345 1.2578338750384583
60780.0052 lsst_hardware_z -78.42949993169746 60.86000061035156 30.969999313354492 AB 13.342780061187868 1.1730689989395229
60781.9713 lsst_hardware_y -228.47432010206774 70.91999816894531 29.979999542236328 AB 18.768160950176206 1.3087978347403213
60781.9896 lsst_hardware_u -0.14505648751212752 2.869999885559082 28.420000076293945 AB 17.407966342812088 1.2150885661405149
60789.9755 lsst_hardware_z 177.8021403433108 73.94999694824219 31.700000762939453 AB 16.261668761111352 1.1824303329233006
60793.9884 lsst_hardware_y -69.78725558295822 47.93000030517578 30.020000457763672 AB 11.601984718058384 1.1029114147386232
60794.0291 lsst_hardware_i 1.534080863195829 30.049999237060547 31.239999771118164 AB 8.780244126409315 1.023875473897652
60794.9728 lsst_hardware_y 116.68851066570836 50.0 30.020000457763672 AB 12.714068046544265 1.1422386505841968
60794.9906 lsst_hardware_i -21.753217530805387 30.65999984741211 31.25 AB 12.162090031979938 1.089874396114997
60796.9713 lsst_hardware_y 13.545392735409933 50.20000076293945 30.020000457763672 AB 10.524858200748206 1.1292766309815672
60796.9897 lsst_hardware_g -39.05055954458149 15.350000381469727 31.459999084472656 AB 10.118596111685006 1.0787415897318768
60801.9789 lsst_hardware_z -73.68026031522736 76.04000091552734 31.719999313354492 AB 4.631249203133977 1.0722138917581363
60803.9674 lsst_hardware_y 123.07788703830629 58.209999084472656 30.040000915527344 AB 9.495723535440487 1.0864257887312254
60803.9865 lsst_hardware_r -85.3837676136035 87.25 31.65999984741211 AB 9.17696912216823 1.0463649183423167
60805.9664 lsst_hardware_y -14.463938265133558 59.470001220703125 30.049999237060547 AB 8.09813668568573 1.0757831137163807
60805.9841 lsst_hardware_z 73.50852709820525 70.45999908447266 30.989999771118164 AB 7.816245959184919 1.041217463091617
60811.9621 lsst_hardware_y -171.45391707420114 51.52000045776367 30.049999237060547 AB 10.970288923619453 1.0509197867196063
60811.9812 lsst_hardware_r 11.75678887818249 22.260000228881836 31.5 AB 10.695417731215144 1.0223842974037658
61032.2637 lsst_hardware_u -2.480065931015902 2.509999990463257 28.15999984741211 AB 9.803966885080664 1.463278639564278
61032.2855 lsst_hardware_r 35.39238930983479 23.940000534057617 31.459999084472656 AB 8.787632664473431 1.3115869648467808
61034.2598 lsst_hardware_i -36.52287989028813 33.97999954223633 31.190000534057617 AB 9.168475491828637 1.4506698913787275
61034.2834 lsst_hardware_z -88.6751885416347 44.88999938964844 30.93000030517578 AB 8.168967721912843 1.2923025860253656
61036.2603 lsst_hardware_r 38.6697593840666 24.43000030517578 31.420000076293945 AB 8.814952639063398 1.4052025408659021
61036.2821 lsst_hardware_u -6.276063260661353 2.5999999046325684 28.260000228881836 AB 7.983214957069325 1.2697130443720968
61038.2604 lsst_hardware_g 4.114532286857077 14.1899995803833 31.31999969482422 AB 9.814274953259748 1.3663514796751162
61038.2833 lsst_hardware_r 3.755967641315778 23.700000762939453 31.469999313354492 AB 8.895315497340148 1.23630472160482
61040.2663 lsst_hardware_i 57.67550545577238 42.59000015258789 31.25 AB 7.272101145942434 1.2963517403189317
61040.2888 lsst_hardware_z -17.707733364086653 42.9900016784668 30.93000030517578 AB 6.664940690110357 1.1879758820231163
61042.2671 lsst_hardware_r -28.28779890340716 73.38999938964844 31.59000015258789 AB 6.126996046376581 1.2625172154083204
61042.2886 lsst_hardware_z -18.095352590559767 55.349998474121094 30.959999084472656 AB 5.613366653463169 1.1674246073060317
61043.2643 lsst_hardware_r 74.99045194284864 81.62999725341797 31.600000381469727 AB 5.517724073213225 1.2628779110920976
61043.2875 lsst_hardware_i -71.0757734476129 62.65999984741211 31.299999237060547 AB 5.110060931523541 1.1613774844371683
61045.2635 lsst_hardware_z 49.813526792558385 61.220001220703125 30.959999084472656 AB 12.957255804012515 1.2396124565354159
61045.2865 lsst_hardware_i -127.51751165946612 63.310001373291016 31.309999465942383 AB 11.94795171360911 1.1455736885431727
61048.2654 lsst_hardware_z -155.41197116886832 81.70999908447266 31.709999084472656 AB 10.630005165984137 1.1943826029195659
61060.2199 lsst_hardware_r -18.46819172354131 23.209999084472656 31.450000762939453 AB 12.414667622239346 1.252636100789314
61060.2371 lsst_hardware_i 40.70897762931496 31.280000686645508 31.219999313354492 AB 11.681035625329864 1.176436655509512
61062.2189 lsst_hardware_z 12.984132129052881 43.54999923706055 30.93000030517578 AB 11.6943661397364 1.230985909445937
61062.2367 lsst_hardware_i 18.45088469230766 31.239999771118164 31.229999542236328 AB 10.996052531826985 1.1574792138765246
61066.2204 lsst_hardware_r -50.840182092764174 22.850000381469727 31.459999084472656 AB 16.608831480600223 1.177680740310588
61066.2382 lsst_hardware_i 31.516155396877124 30.68000030517578 31.229999542236328 AB 15.767887236494524 1.1167058949358728
61068.2213 lsst_hardware_z 60.48084745317135 42.439998626708984 30.93000030517578 AB 11.585846510929874 1.1539687759890314
61068.2402 lsst_hardware_g 25.104219856243564 13.600000381469727 31.389999389648438 AB 10.998466865576136 1.0957922552133241
61070.2319 lsst_hardware_r 48.25687990854557 53.9900016784668 31.610000610351562 AB 13.488639102037725 1.1034554239232433
61070.2512 lsst_hardware_i -34.145575415864386 44.939998626708984 31.299999237060547 AB 13.119181679626264 1.0580340747707595
61073.2076 lsst_hardware_i 1.3673035493793246 75.58999633789062 31.31999969482422 AB 10.238015272259538 1.1541427106861046
61073.2261 lsst_hardware_z -18.374255831995942 65.61000061035156 30.989999771118164 AB 11.502294685836075 1.0969802203857268
61075.2056 lsst_hardware_i -24.9103590244486 75.11000061035156 31.309999465942383 AB 10.152945265375761 1.1421599421071251
61075.2246 lsst_hardware_z -27.265144354929152 66.22000122070312 30.979999542236328 AB 8.193136606725552 1.0868030650605938
61077.2309 lsst_hardware_r -204.075424948403 105.01000213623047 32.38999938964844 AB 4.606202439243082 1.060400362025035
61077.2508 lsst_hardware_z 3.665161359639292 83.02999877929688 31.729999542236328 AB 4.065870624014635 1.0275134253259124
61079.2073 lsst_hardware_i -72.53439286695631 44.75 31.290000915527344 AB 9.950190764678556 1.103533171683389
61079.2255 lsst_hardware_r 33.63596617079265 46.83000183105469 31.6200008392334 AB 7.598223605746052 1.0602788914350072
61081.2065 lsst_hardware_u 5.282697293919675 3.640000104904175 28.639999389648438 AB 3.529282626324839 1.091136999945846
61081.2262 lsst_hardware_g 22.94516553440837 22.950000762939453 31.600000381469727 AB 4.551102308574758 1.0486008160765095
61083.2182 lsst_hardware_i 54.695344346913714 30.280000686645508 31.25 AB 6.185353364575736 1.0532444144469977
61083.2387 lsst_hardware_z 98.52821043083732 40.7599983215332 30.950000762939453 AB 5.9900103189160046 1.022215134488927
61085.2179 lsst_hardware_r 0.8595580913185776 22.290000915527344 31.5 AB 2.3847933721305936 1.0440540118776769
61085.2373 lsst_hardware_u 4.331262637654335 2.640000104904175 28.43000030517578 AB 2.3467374620074053 1.017739412507729
61089.1024 lsst_hardware_r -26.03018819328755 24.170000076293945 31.40999984741211 AB 8.368910147673487 1.511861647127379
