data/validation/pwv_sim_epoch_fit_4/53823639.ecsv
# %ECSV 0.9
# ---
# datatype:
# - {name: time, datatype: float64}
# - {name: band, datatype: string}
# - {name: flux, datatype: float64}
# - {name: fluxerr, datatype: float64}
# - {name: zp, datatype: float64}
# - {name: zpsys, datatype: string}
# - {name: pwv, datatype: float64}
# - {name: airmass, datatype: float64}
# meta: {SNID: '53823639', alt: 1024.0, c: -0.0704570934176445, dec: -38.300922, lat: -30.244573, lon: -70.7499537, ra: 223.417969, t0: 60757.86328125,
#   x0: 4.1787336652137385e-06, x1: -0.7621467709541321, z: 0.6600297093391418}
# schema: astropy-2.0
time band flux fluxerr zp zpsys pwv airmass
60719.334 lsst_hardware_z -5.3656554897171995 58.86000061035156 30.969999313354492 AB 6.216812564284764 1.1174283390464212
60719.3541 lsst_hardware_r -58.75666720807781 79.4800033569336 31.649999618530273 AB 5.978716537902524 1.0707509768794494
60725.3124 lsst_hardware_z 27.298599875440853 82.48435055120032 31.729999542236328 AB 2.895160452233307 1.132212006739439
60728.3901 lsst_hardware_y -79.98598773811969 80.97817304727124 30.81999969482422 AB 8.709418679124669 1.010490622940558
60732.3012 lsst_hardware_g 9.85573821909797 14.745518516775299 31.420000076293945 AB 7.3058996798514055 1.1102628559624241
60732.3217 lsst_hardware_r -37.46047309847711 23.642628403676742 31.5 AB 7.027657949839013 1.0649042251498657
60732.3848 lsst_hardware_z 7.723760590846296 42.2724302447896 30.959999084472656 AB 6.022399200507914 1.01024365922186
60732.3969 lsst_hardware_y 168.09494514900206 60.57782796045528 30.06999969482422 AB 5.916607274823062 1.0126552843718157
60734.3764 lsst_hardware_u 5.306645930294064 3.626054092265969 28.479999542236328 AB 4.856009002715213 1.0102653958492123
60734.3883 lsst_hardware_y -59.13832280260452 48.33525471687443 30.059999465942383 AB 4.769218540022396 1.0116421989724378
60739.3631 lsst_hardware_z 214.4944925599515 43.619420871019635 30.950000762939453 AB 9.774430220634367 1.0102509207136112
60739.3755 lsst_hardware_r 334.0456085522879 29.69321751948844 31.5 AB 9.842655469881448 1.011890148029346
60741.3646 lsst_hardware_u 17.136917996928062 5.789520135620469 28.459999084472656 AB 8.691599063824652 1.010651053933099
60741.3764 lsst_hardware_g 154.7964971012097 19.51555200612304 31.450000762939453 AB 9.082055592871258 1.0143770207972367
60752.3095 lsst_hardware_r 1681.5091972536443 101.3224199842943 31.670000076293945 AB 6.282302591468201 1.0154583930175234
60752.3226 lsst_hardware_z 964.2454789444475 74.71244112948362 31.0 AB 6.215668539306821 1.0107873817172164
60754.3125 lsst_hardware_z 857.3616310649662 65.7150138893039 31.0 AB 4.857112667202597 1.0118984723338744
60754.3262 lsst_hardware_i 1430.2944332507439 71.136726287257 31.34000015258789 AB 4.8292642026466766 1.0103239322819455
60756.317 lsst_hardware_z 922.6765309900976 53.85612212238613 30.969999313354492 AB 5.836171918824535 1.0102426724640012
60756.3305 lsst_hardware_r 1634.876953821728 55.84885344450458 31.6200008392334 AB 5.864442623400512 1.0123471406287297
60758.3118 lsst_hardware_y 439.84017062700747 50.286712335437045 30.059999465942383 AB 6.093913475689755 1.0102362571253702
60758.325 lsst_hardware_g 338.74003545545685 25.737935930608767 31.549999237060547 AB 6.074003213309407 1.012333868884901
60760.308 lsst_hardware_i 1315.2187985688245 46.65092847994336 31.260000228881836 AB 6.390424313421712 1.0102372840947007
60760.3194 lsst_hardware_z 922.2031940843682 50.339359515463926 30.959999084472656 AB 6.401701995698979 1.0122868430896552
60764.2958 lsst_hardware_u -1.01387841314787 2.9500412485696206 28.600000381469727 AB 6.521795863170385 1.0102305484522147
60764.3087 lsst_hardware_r 1139.8283241406918 40.72837813574548 31.520000457763672 AB 6.400407413265834 1.0123622781866952
60767.3033 lsst_hardware_i 1077.8721551265537 44.23786660097457 31.260000228881836 AB 8.922807159673523 1.0134275322141146
60767.316 lsst_hardware_z 869.6492955636521 49.48897035696965 30.950000762939453 AB 8.99648239836094 1.0210319176455187
60769.2924 lsst_hardware_r 848.5275989799784 36.84522468045016 31.5 AB 6.949947164166587 1.0115512507428899
60769.305 lsst_hardware_u -1.2947682333628678 2.6512374817460045 28.389999389648438 AB 6.9190257577758585 1.0171547642146115
60771.2814 lsst_hardware_g 108.1085699834836 17.017095698198094 31.440000534057617 AB 14.7530045286034 1.0104797622331096
60771.2926 lsst_hardware_r 764.7447076879802 35.24042927311023 31.489999771118164 AB 16.991688463399374 1.013521530772391
60773.2848 lsst_hardware_i 851.9159056027927 46.78528628041321 31.290000915527344 AB 8.769621802640234 1.012599942571454
60773.2968 lsst_hardware_z 798.9498970116445 48.38780864898135 30.950000762939453 AB 10.143395305641128 1.0189502805837543
60778.1675 lsst_hardware_i 675.9339042737369 104.82764402083764 31.31999969482422 AB 10.99216318668597 1.1328234132620374
60778.1856 lsst_hardware_z 698.3624132196784 88.51733740061651 30.989999771118164 AB 10.794180332719645 1.0862068259340523
60780.2736 lsst_hardware_z 554.0397564127452 87.34488924220159 31.010000228881836 AB 9.463074392761778 1.0163327669167412
60780.2854 lsst_hardware_i 543.9290059729228 107.47601121676664 31.350000381469727 AB 9.604677287620978 1.0251914844824213
60782.2774 lsst_hardware_z 994.1828223107151 95.85589812913769 31.75 AB 13.79545657303674 1.022946505489896
60784.2243 lsst_hardware_y 206.93232399459131 50.518755208896835 30.06999969482422 AB 9.11294256691038 1.0143618763431368
60784.236 lsst_hardware_r 210.3564961862925 52.63162088786618 31.639999389648438 AB 9.083355186623788 1.0106653893322712
60792.2115 lsst_hardware_z 289.4084677877172 44.65888299047594 30.950000762939453 AB 2.8790659338094153 1.011174267735329
60792.224 lsst_hardware_r 137.27884745034805 26.112381326485806 31.5 AB 2.877074008857151 1.010474671650593
60794.1984 lsst_hardware_u -0.5741102321497996 2.9403919119037734 28.540000915527344 AB 9.889343497871161 1.0137197988694748
60794.2071 lsst_hardware_r 104.41450567063194 26.040563301232936 31.520000457763672 AB 9.881853332533131 1.01094852418965
60795.2156 lsst_hardware_i 173.63259097824857 34.15999381281076 31.260000228881836 AB 9.930463658700736 1.0104513910814517
60795.2273 lsst_hardware_z 258.81576406825 44.206311580288286 30.950000762939453 AB 9.972510635775144 1.013621043428891
60800.0612 lsst_hardware_y 103.69984121734882 51.53539669863346 29.959999084472656 AB 11.965062527198205 1.3266384270978986
60800.0799 lsst_hardware_g 0.18959292653865087 31.569733560880646 31.59000015258789 AB 11.108290661267352 1.2328732432664165
60800.1973 lsst_hardware_y 176.30219918092493 48.34804493481548 30.059999465942383 AB 9.272976730815223 1.0102382319223813
60800.2097 lsst_hardware_g 35.15414989741389 15.83528344330404 31.469999313354492 AB 9.225896365206683 1.0121293459965142
60802.1948 lsst_hardware_r 48.74935902911223 47.99644922791006 31.639999389648438 AB 6.44491121379719 1.01030613410276
60802.2063 lsst_hardware_i 200.16714421563879 45.24926791023394 31.309999465942383 AB 6.473152763847076 1.0128544459156745
60804.0644 lsst_hardware_z 260.29844637631305 63.63021543049302 30.959999084472656 AB 11.16437292602082 1.2536257356014018
60804.0857 lsst_hardware_r 177.963573170082 78.3791549649118 31.6299991607666 AB 10.026295403693323 1.167477340905138
60806.1926 lsst_hardware_z 24.926456988396296 87.89525380976436 31.010000228881836 AB 7.874306797946123 1.011904921560864
60806.2045 lsst_hardware_r 256.4940369061883 131.44067104673843 31.670000076293945 AB 7.912981692983005 1.01748510903729
60810.1984 lsst_hardware_r 122.14148783619984 100.9745084470803 31.670000076293945 AB 6.658445894569372 1.0208817347647472
60810.2107 lsst_hardware_z 207.41637328434172 72.56649981117441 30.989999771118164 AB 6.666484975106715 1.0326030011007923
60812.1891 lsst_hardware_y 178.30653609609527 50.47203528783538 30.049999237060547 AB 6.937834467330846 1.0181237294913925
60812.1999 lsst_hardware_r 118.74816590115356 59.813150021204436 31.639999389648438 AB 7.006828550418899 1.0269675672988747
60814.1917 lsst_hardware_i 30.154467489929367 39.1149921685483 31.290000915527344 AB 8.57989935884887 1.0244044366126046
60814.204 lsst_hardware_z 120.25450994026745 46.13433515387529 30.959999084472656 AB 8.697824280524124 1.0376685526300091
60819.1236 lsst_hardware_r 76.26616793269429 24.59599675858757 31.510000228881836 AB 8.843992261044853 1.0171938882103582
60819.1358 lsst_hardware_u 8.304394247734514 3.4340278879354478 28.469999313354492 AB 7.596216349559616 1.011682273364788
60823.0387 lsst_hardware_u 7.17800924493518 3.0559801682277064 28.360000610351562 AB 8.103930081571468 1.151167311562409
60823.0545 lsst_hardware_g 78.34587262884418 22.454200944510774 32.18000030517578 AB 8.199314948214365 1.1057740995568934
60823.0738 lsst_hardware_i 89.89299136792 32.641428906723554 31.25 AB 7.816204654697558 1.0639117043599218
60826.0492 lsst_hardware_r 33.075851056610304 25.240025860448693 31.5 AB 10.082452708397398 1.0986055797763628
60826.0696 lsst_hardware_i 100.14948371608325 32.43242105033513 31.25 AB 9.657869526453451 1.056919868288541
60828.0011 lsst_hardware_g 17.69396035954282 22.42742880685284 31.510000228881836 AB 13.197720823692977 1.2433574083165544
60828.0096 lsst_hardware_r 78.55335582775538 29.05043108082397 31.510000228881836 AB 12.909053171427809 1.2070081895663405
60830.0757 lsst_hardware_r 114.11654987160647 40.33639973074028 31.610000610351562 AB 11.864843957761419 1.032923153606624
60830.0966 lsst_hardware_i 125.71068669699004 39.728737181163616 31.290000915527344 AB 11.83202103521311 1.0154352725713196
60830.1286 lsst_hardware_z 169.52344448106538 45.710335817131906 30.959999084472656 AB 10.84275816130406 1.0124035974108787
60830.1418 lsst_hardware_r -18.746305538672246 39.020150428676786 31.610000610351562 AB 11.01283356937619 1.0194000480759207
60844.1044 lsst_hardware_z -9.14338919533329 40.900001525878906 30.950000762939453 AB 5.222415230873454 1.0200029747799717
60844.1177 lsst_hardware_r 9.745218614016107 22.950000762939453 31.5 AB 5.300781067981138 1.0324185680674813
60847.093 lsst_hardware_r -1.990722480862463 22.860000610351562 31.5 AB 3.053327828901879 1.017775942967293
60847.1061 lsst_hardware_u 0.35433324649382064 2.6500000953674316 28.40999984741211 AB 3.086219411699862 1.028739803899954
60851.0503 lsst_hardware_r 2.6770425247273497 22.799999237060547 31.5 AB 4.832290423147182 1.0112038552230893
60851.0625 lsst_hardware_i 9.444696006256049 30.3700008392334 31.260000228881836 AB 4.749045606487405 1.010435235422852
60857.9965 lsst_hardware_z 28.534036353444847 42.709999084472656 30.950000762939453 AB 9.636478619230287 1.0361804966914285
60858.005 lsst_hardware_g -26.3886901110508 25.360000610351562 31.6200008392334 AB 9.136810275212591 1.026838646348909
60861.026 lsst_hardware_i -4.781169885843494 59.40999984741211 31.329999923706055 AB 3.816496892221719 1.0106355968457197
60861.0382 lsst_hardware_r -27.37728373251551 68.41000366210938 31.65999984741211 AB 3.8143625615070587 1.0108734703640616
60863.0219 lsst_hardware_z -220.28591056714546 100.55000305175781 31.75 AB 3.0313792922294827 1.0104597640764943
60865.0182 lsst_hardware_r 72.04870697385132 101.26000213623047 31.670000076293945 AB 2.466161251064533 1.0103077636478395
60865.0301 lsst_hardware_i 95.3335035868383 80.41999816894531 31.350000381469727 AB 2.4832590234346705 1.011510803843043
60870.0193 lsst_hardware_u 2.565717547181198 2.690000057220459 28.43000030517578 AB 7.065136891644113 1.0123785622989951
60870.0309 lsst_hardware_g -21.72600405731497 14.329999923706055 31.440000534057617 AB 7.137436893180365 1.0182398230775056
60872.0191 lsst_hardware_r -23.548395439008473 22.940000534057617 31.510000228881836 AB 4.456499768268045 1.0145702375112224
60872.0306 lsst_hardware_z -0.03912754527600366 40.84000015258789 30.950000762939453 AB 4.473176711657764 1.0220704990554499
60875.008 lsst_hardware_u -2.501556966615175 2.740000009536743 28.479999542236328 AB 1.6277235192572512 1.0132635903453344
60875.0208 lsst_hardware_g 25.854880039461634 14.279999732971191 31.450000762939453 AB 1.6382908054590555 1.0207949356409296
60877.0033 lsst_hardware_r 5.44630735187596 22.8799991607666 31.489999771118164 AB 5.671418040290168 1.0135827907287516
60877.0142 lsst_hardware_i -16.009284843858183 30.420000076293945 31.239999771118164 AB 5.685976812016826 1.0199366460014039
60878.9953 lsst_hardware_z 25.93372666921589 40.95000076293945 30.950000762939453 AB 3.4502004230102736 1.0125808324232852
60879.0067 lsst_hardware_r 19.542250541362126 23.149999618530273 31.510000228881836 AB 4.303641372961177 1.018492811019093
60880.9972 lsst_hardware_u -1.3243260691924263 2.809999942779541 28.520000457763672 AB 4.982202270849854 1.0159811584508418
60881.0093 lsst_hardware_g -25.884077775691985 14.619999885559082 31.450000762939453 AB 5.298562498638947 1.0249000609895123
60882.9996 lsst_hardware_r 6.341464721762971 23.389999389648438 31.510000228881836 AB 4.444346993974214 1.021297662345664
60883.0121 lsst_hardware_z 14.379350475071362 41.310001373291016 30.950000762939453 AB 4.67373630606849 1.0334408636967365
61091.3799 lsst_hardware_g 24.644727587436847 15.350000381469727 31.489999771118164 AB 2.7436933122331935 1.016182708234516
61091.3936 lsst_hardware_y 9.965185742646348 64.7699966430664 30.079999923706055 AB 2.7294897346992477 1.0109221239626842
61098.3856 lsst_hardware_r -4.871846759322347 23.670000076293945 31.510000228881836 AB 5.124281525342564 1.010457288704474
61098.3972 lsst_hardware_y -29.463383870982064 60.02000045776367 30.06999969482422 AB 5.079616567920265 1.013592051864764
61102.3761 lsst_hardware_z -15.56689073483562 58.849998474121094 30.989999771118164 AB 6.167024772004269 1.0106425027524921
61102.3877 lsst_hardware_y 62.017846280414936 52.70000076293945 30.059999465942383 AB 6.195185425410112 1.0142324602644148
61104.3051 lsst_hardware_r -37.5156470916888 93.06999969482422 31.649999618530273 AB 10.33695890499131 1.0616527461476923
61104.3257 lsst_hardware_y 21.082308721025644 55.13999938964844 30.059999465942383 AB 10.03762017888617 1.0319691753481326
61108.3714 lsst_hardware_r -3.322165606781609 65.62999725341797 31.649999618530273 AB 7.095839017261162 1.0142708715353554
61108.3835 lsst_hardware_z -62.13812441449897 56.529998779296875 30.979999542236328 AB 7.7124158657010335 1.0220535205010506
61110.227 lsst_hardware_r 37.417641607148106 43.209999084472656 31.559999465942383 AB 10.771543293055998 1.2498406451041764
61110.2481 lsst_hardware_i 8.040247100815295 42.720001220703125 31.280000686645508 AB 10.043967972973544 1.1653624914255194
61110.3714 lsst_hardware_r -29.108909984385587 41.279998779296875 31.6200008392334 AB 6.8563949374528095 1.0172692785538489
61110.3838 lsst_hardware_i -9.316672224549691 40.86000061035156 31.299999237060547 AB 6.779754746290269 1.0272355676197378
61115.3592 lsst_hardware_u 1.007548351312796 2.680000066757202 28.420000076293945 AB 7.712414230121557 1.0182077008543875
61115.3716 lsst_hardware_g 9.364214966944084 14.420000076293945 31.440000534057617 AB 7.736297814397948 1.0286946099857652
61117.3207 lsst_hardware_g 7.19664555402012 14.199999809265137 31.43000030517578 AB 6.186761124329771 1.011349355546497
61117.3343 lsst_hardware_r -25.410351941146512 22.81999969482422 31.5 AB 7.523628902195902 1.0105273700944872
61119.3151 lsst_hardware_i 54.85162473396073 30.260000228881836 31.25 AB 4.835428859196198 1.0113844089513124
61119.3284 lsst_hardware_z -17.92437025102977 40.61000061035156 30.940000534057617 AB 4.827458887278974 1.0104747448472446
61123.3129 lsst_hardware_r 14.946594271440759 22.75 31.5 AB 6.094780602445244 1.0102404446287405
61123.326 lsst_hardware_i 7.464861119127415 30.260000228881836 31.25 AB 6.098636605082628 1.012445897584402
61127.3057 lsst_hardware_g -1.9357147116239255 14.1899995803833 31.440000534057617 AB 7.4863010225505215 1.0103879371806535
61127.3177 lsst_hardware_r 20.789324032046842 22.889999389648438 31.510000228881836 AB 7.467818722212723 1.013455901865474
61129.297 lsst_hardware_r 55.60041479972432 56.22999954223633 31.639999389648438 AB 6.354403401615891 1.010239014565287
61129.3101 lsst_hardware_i -61.75203775802615 46.90999984741211 31.309999465942383 AB 6.411895410478767 1.012617721174864
61132.2986 lsst_hardware_z 1.1408368159954088 107.12999725341797 31.75 AB 8.90460628166673 1.0115709615366482
61138.2846 lsst_hardware_i -23.96786921166459 49.04999923706055 31.309999465942383 AB 8.746981807087325 1.0122942808306368
61138.2972 lsst_hardware_z -21.921309971245858 50.5099983215332 30.969999313354492 AB 10.175765024256167 1.018748062697719
