data/validation/pwv_sim_epoch_fit_4/54052741.ecsv
# %ECSV 0.9
# ---
# datatype:
# - {name: time, datatype: float64}
# - {name: band, datatype: string}
# - {name: flux, datatype: float64}
# - {name: fluxerr, datatype: float64}
# - {name: zp, datatype: float64}
# - {name: zpsys, datatype: string}
# - {name: pwv, datatype: float64}
# - {name: airmass, datatype: float64}
# meta: {SNID: '54052741', alt: 1024.0, c: -0.01978299394249916, dec: -42.609806, lat: -30.244573, lon: -70.7499537, ra: 349.107147, t0: 60836.12890625,
#   x0: 8.057977363632063e-06, x1: -0.656242311000824, z: 0.5036442875862122}
# schema: astropy-2.0
time band flux fluxerr zp zpsys pwv airmass
[from data line 133]
61281.2899 lsst_hardware_r -116.55368990573822 109.7699966430664 31.649999618530273 AB 6.480647452428617 1.07242221618875
61281.3006 lsst_hardware_z -42.956171436986004 74.58000183105469 30.979999542236328 AB 7.620756889893862 1.0925424737312444
61296.2416 lsst_hardware_g -6.531974714291789 13.949999809265137 31.43000030517578 AB 2.4744488992476845 1.0607811800147262
61296.2526 lsst_hardware_r 4.846366998007472 22.950000762939453 31.5 AB 3.7814194388776703 1.0788643192233012
61299.2365 lsst_hardware_r -17.644053381926696 22.68000030517578 31.5 AB 3.559391097800546 1.0654732881065938
61299.2483 lsst_hardware_u 1.3482308183253504 2.75 28.479999542236328 AB 3.512805017255159 1.0862105804749715
61303.2399 lsst_hardware_z -23.279729650488676 64.63999938964844 31.709999084472656 AB 6.352694566972154 1.0912470268783225
61305.2188 lsst_hardware_r 55.935614228056075 65.01000213623047 31.639999389648438 AB 2.253424365071256 1.0634376427896441
61305.2304 lsst_hardware_z 73.91943787786971 55.25 30.969999313354492 AB 2.219110137731641 1.0832853979656576
61307.2179 lsst_hardware_r 58.811307104842186 95.41999816894531 31.639999389648438 AB 4.103716891507343 1.0707210536200522
61307.231 lsst_hardware_y -32.210136075508196 57.06999969482422 30.030000686645508 AB 4.2189233786769575 1.0954448793516975
61309.2179 lsst_hardware_z -115.59508209057512 74.02999877929688 30.979999542236328 AB 3.3137194806520696 1.080325846767536
61309.2298 lsst_hardware_r 41.023485580655205 111.05000305175781 31.639999389648438 AB 3.4093171820629835 1.104769015574525
61311.2445 lsst_hardware_i 22.810915967713196 66.5999984741211 31.309999465942383 AB 4.2724046169644865 1.1583564257472625
61311.2565 lsst_hardware_z -14.179689373734162 61.810001373291016 30.959999084472656 AB 4.100062189863223 1.1985857457759916
61313.1846 lsst_hardware_i 5.783166506050753 45.400001525878906 31.299999237060547 AB 4.411342242646253 1.046933665165339
61313.1972 lsst_hardware_z -6.403081055589472 48.33000183105469 30.959999084472656 AB 4.472085723960371 1.0638113762741237
61315.1871 lsst_hardware_i 46.97901459080434 30.329999923706055 31.25 AB 4.807757209476119 1.05703712923623
61315.1983 lsst_hardware_u 2.036892406099 3.759999990463257 28.68000030517578 AB 4.924663493255489 1.0745501839963973
61317.1881 lsst_hardware_g 19.28645032348118 13.470000267028809 31.399999618530273 AB 2.399442607463137 1.0666559713105743
61317.2006 lsst_hardware_r -22.03754022383494 22.43000030517578 31.479999542236328 AB 2.4498798316359056 1.0890774979488353
61321.1717 lsst_hardware_u 2.703252841229892 2.7100000381469727 28.469999313354492 AB 4.182514361123277 1.0584178054300395
61321.1841 lsst_hardware_g -3.3642734415326085 13.529999732971191 31.399999618530273 AB 4.45572541634637 1.0784329365904888
61323.1802 lsst_hardware_r 15.780517336352084 22.510000228881836 31.5 AB 3.747447646557876 1.0813064287462701
61323.1915 lsst_hardware_i -11.094117551998457 30.780000686645508 31.25 AB 3.7869536561135226 1.104604858370631
61325.1674 lsst_hardware_i -0.13885912732925543 30.5 31.25 AB 6.645339398507048 1.0684970626820207
61325.1785 lsst_hardware_z 15.71972773186876 41.81999969482422 30.940000534057617 AB 6.760727056711746 1.0885670443395898
61326.1618 lsst_hardware_i -36.2414129287556 30.420000076293945 31.25 AB 6.256536640418912 1.06396144951492
61326.1735 lsst_hardware_u 0.8335815731503933 2.6500000953674316 28.40999984741211 AB 7.101043681051494 1.0841288062674037
61330.1606 lsst_hardware_i -5.223637588577165 31.979999542236328 31.260000228881836 AB 6.914585697642117 1.0804040152565808
61330.1722 lsst_hardware_r -34.116273705373494 24.639999389648438 31.510000228881836 AB 7.26645910316548 1.104185250575988
61332.1614 lsst_hardware_z -54.2978804387122 46.15999984741211 30.959999084472656 AB 4.022428246103425 1.092655264244204
61332.1725 lsst_hardware_g 8.570673425384113 35.16999816894531 31.649999618530273 AB 2.905532747874813 1.1177992105186954
61334.1581 lsst_hardware_r 92.41695378622185 61.869998931884766 31.6299991607666 AB 2.959879685847686 1.0971999329720818
61334.1689 lsst_hardware_i -19.23740627484958 54.66999816894531 31.309999465942383 AB 2.797187491814101 1.1224668907763105
61337.1589 lsst_hardware_z 50.93237677025285 62.709999084472656 30.979999542236328 AB 3.1480922229862713 1.1179304769127385
61337.1692 lsst_hardware_r 19.590881417948584 86.18000030517578 31.6299991607666 AB 2.484054551892684 1.145517432277715
61340.1472 lsst_hardware_i 7.642398182306396 61.0099983215332 31.31999969482422 AB 4.173516958689166 1.1094861210513116
61340.1579 lsst_hardware_z -40.21817858239079 57.93000030517578 30.969999313354492 AB 4.135837912822902 1.1367396920267738
61342.1502 lsst_hardware_g 41.08435333450151 49.11000061035156 31.68000030517578 AB 3.2602687171834916 1.1306636785793278
61342.16 lsst_hardware_r 25.59180443940409 52.02000045776367 31.610000610351562 AB 3.359005676638107 1.1588106060159062
61355.0434 lsst_hardware_r 0.4189053105475147 22.469999313354492 31.5 AB 3.547285189736112 1.02636404197415
61355.0545 lsst_hardware_i -104.87596796804448 30.229999542236328 31.25 AB 3.5666100505749223 1.03260279402864
61358.0445 lsst_hardware_z -6.1654830814586585 41.08000183105469 30.950000762939453 AB 3.930161191228427 1.0313579053258644
61358.0565 lsst_hardware_i 0.930946262043407 30.899999618530273 31.25 AB 3.989315875369999 1.04132494789089
