data/validation/pwv_sim_epoch_fit_4/54107944.ecsv
# %ECSV 0.9
# ---
# datatype:
# - {name: time, datatype: float64}
# - {name: band, datatype: string}
# - {name: flux, datatype: float64}
# - {name: fluxerr, datatype: float64}
# - {name: zp, datatype: float64}
# - {name: zpsys, datatype: string}
# - {name: pwv, datatype: float64}
# - {name: airmass, datatype: float64}
# meta: {SNID: '54107944', alt: 1024.0, c: -0.03756335750222206, dec: -47.161343, lat: -30.244573, lon: -70.7499537, ra: 321.288208, t0: 61186.12890625,
#   x0: 8.563857647931258e-06, x1: -1.4447247982025146, z: 0.49102291464805603}
# schema: astropy-2.0
time band flux fluxerr zp zpsys pwv airmass
61178.4139 lsst_hardware_u 9.079111546791065 3.7695973401263374 28.40999984741211 AB 8.413342520462137 1.0499179518047592
61178.4278 lsst_hardware_y 529.3548078401909 56.2474669275946 30.049999237060547 AB 8.650227553354078 1.0451236963003887
61182.419 lsst_hardware_i 3952.0456732014704 76.57044323291994 32.0099983215332 AB 4.0891936673926725 1.0448275100332605
61182.4326 lsst_hardware_y 1340.4742373594534 90.77632491751402 30.809999465942383 AB 4.081558465871179 1.0456597265254943
61187.4101 lsst_hardware_g 970.2928546583706 33.65792754054828 31.420000076293945 AB 5.16441038264566 1.0445813880756114
61187.4222 lsst_hardware_y 725.6756443309695 53.38251010031671 30.049999237060547 AB 4.488163532829148 1.046557895028328
61189.3963 lsst_hardware_i 2289.4886634409504 66.61726758288734 31.309999465942383 AB 8.488602212776122 1.0453943611793255
61189.4112 lsst_hardware_z 1680.3376814450135 63.24776813425136 30.969999313354492 AB 8.50591473936229 1.0451880734025627
61196.4175 lsst_hardware_z 1320.55847288839 70.24455253677964 30.979999542236328 AB 4.655280095102124 1.0580182034323007
61196.4307 lsst_hardware_r 2401.5959824613988 89.15120629953846 31.639999389648438 AB 4.714542850282326 1.0714870114278012
61198.3871 lsst_hardware_i 1694.4761090172794 60.52449805184666 31.290000915527344 AB 1.1633012343608817 1.0452725430423497
61198.4015 lsst_hardware_z 1249.345063017599 59.372782571438066 30.959999084472656 AB 1.1734885750405601 1.050650070915968
61220.0633 lsst_hardware_z 526.4990229661182 95.93436018491008 30.739999771118164 AB 9.98930055243758 2.919567602641409
61220.081 lsst_hardware_r 169.91311740240553 126.40145728187984 31.299999237060547 AB 8.509609784347868 2.450218768887955
61222.3401 lsst_hardware_i 612.7532221442773 96.544320842604 31.34000015258789 AB 9.097362946655041 1.0531793177419588
61222.3521 lsst_hardware_r 451.67540209724854 119.9431874871931 31.649999618530273 AB 9.168917952578798 1.0631245814341341
61225.3378 lsst_hardware_r 342.06856741688364 76.42526865828812 31.649999618530273 AB 7.576215801541717 1.0575768000756192
61225.35 lsst_hardware_i 386.5631215954882 65.72649766509342 31.31999969482422 AB 7.9156122978794645 1.069677337551279
61231.2951 lsst_hardware_z 359.11883221386313 45.45369812319892 30.950000762939453 AB 8.295585964444305 1.0449596025081
61231.3072 lsst_hardware_r 240.9089584601652 26.621497162994014 31.5 AB 8.289281671743211 1.048524055117846
61237.2409 lsst_hardware_r 162.98139346394987 26.216725562448296 31.479999542236328 AB 3.1058957121458586 1.0580465720133545
61237.2528 lsst_hardware_i 223.24735413150663 34.442992828504615 31.239999771118164 AB 3.384188650885415 1.0499305517367301
61238.2384 lsst_hardware_z 289.1858471142703 44.38097379357899 30.940000534057617 AB 1.8440159635415907 1.0578540760348247
61238.2499 lsst_hardware_u 21.32703021906221 4.6555058582048625 28.350000381469727 AB 1.8090100876111121 1.0500203662248886
61242.2373 lsst_hardware_g 40.99619075840302 15.054683458437497 31.40999984741211 AB 5.834685604376959 1.0509475436420928
61242.2493 lsst_hardware_r 117.03689629383787 25.939683185735255 31.489999771118164 AB 5.844065117718867 1.0459332937497412
61244.2294 lsst_hardware_i 232.58277453283057 41.2583034166064 31.280000686645508 AB 5.151621999788545 1.052425331928201
61244.2413 lsst_hardware_z 211.85752076781358 47.11103915022662 30.950000762939453 AB 5.118636203824312 1.0466845212646212
61246.2307 lsst_hardware_i 178.30336563546823 54.20620186550704 31.309999465942383 AB 5.706046842812176 1.0487128915294708
61246.243 lsst_hardware_z 243.4856380283651 54.38825710774977 30.969999313354492 AB 5.665158644976852 1.044991218810579
61248.2324 lsst_hardware_z 351.7272735858865 69.58702023210164 30.979999542236328 AB 2.3827820625111333 1.0460739280798128
61248.2436 lsst_hardware_r 134.86311463645004 96.26430901008132 31.649999618530273 AB 2.3974897602354495 1.0445819883387335
61249.2119 lsst_hardware_r 408.9225434280363 122.90415084227551 31.65999984741211 AB 2.7284275011932895 1.055076373237931
61249.224 lsst_hardware_i 45.56844859729997 97.68343468298413 31.34000015258789 AB 2.6696576513298536 1.0480548243518222
61251.2177 lsst_hardware_z 571.847592763611 121.6367722971806 31.75 AB 4.717885793770546 1.0484190652823435
61253.2169 lsst_hardware_z 319.55118319070607 64.46120352664282 30.979999542236328 AB 4.699368736520855 1.0466300081338207
61253.2291 lsst_hardware_r 124.66339736634343 86.07067269278551 31.649999618530273 AB 4.683566380698192 1.0445839820158038
61256.2108 lsst_hardware_i 249.65671303680335 42.57706870671609 31.280000686645508 AB 1.6513876995439563 1.0460096275816293
61256.2229 lsst_hardware_z 236.12883513912752 47.98038527222268 30.950000762939453 AB 1.581715879348138 1.0446114778303608
61260.2105 lsst_hardware_g 13.73911625062669 14.166649167968492 31.420000076293945 AB 3.2382058077551856 1.044582518630705
61260.2231 lsst_hardware_r 120.5185352417218 25.252649319862655 31.5 AB 3.244532964370334 1.046623536893656
61261.2105 lsst_hardware_i -2.9806699283445437 30.579999923706055 31.25 AB 3.533893784348691 1.0446807432854013
61261.2221 lsst_hardware_r 4.181109842150973 22.850000381469727 31.489999771118164 AB 3.5178791326295564 1.0472215919117531
61263.2108 lsst_hardware_u 1.667550894558157 2.7300000190734863 28.459999084472656 AB 6.709051867768731 1.0455122125242788
61263.2222 lsst_hardware_g 2.6626295669703306 14.1899995803833 31.43000030517578 AB 6.733964975515867 1.0496671997582665
61266.235 lsst_hardware_g 6.566236616627425 14.130000114440918 31.43000030517578 AB 2.5632872069883232 1.0662592375159414
61266.2467 lsst_hardware_r -8.853357784522267 23.010000228881836 31.5 AB 2.7549101759427876 1.080780767337304
61268.2404 lsst_hardware_i -0.037596839902320336 31.0 31.25 AB 4.8015567973560405 1.0796080488715099
61268.2515 lsst_hardware_z -33.68694799013302 42.220001220703125 30.940000534057617 AB 4.972864381105406 1.096834403802244
61274.1554 lsst_hardware_z -94.244753788245 68.13999938964844 31.719999313354492 AB 2.1140579207673484 1.0482065552106512
61280.1366 lsst_hardware_z -25.050438253202543 75.91999816894531 31.0 AB 4.092374648097107 1.0493268328454122
61280.1465 lsst_hardware_i -33.84523588603912 89.02999877929688 31.34000015258789 AB 4.078240004260869 1.0457025651950946
61281.1387 lsst_hardware_z -40.82924233519017 96.75 31.739999771118164 AB 5.44566415830786 1.0472431073668962
61286.1202 lsst_hardware_g 6.385015778871911 13.729999542236328 31.40999984741211 AB 0.5745120082343551 1.049337001341288
61286.1312 lsst_hardware_r 0.8788380534388625 22.510000228881836 31.489999771118164 AB 1.4636449783484577 1.045460698820327
61296.1212 lsst_hardware_i -26.97788750534953 30.299999237060547 31.25 AB 2.7999457455434063 1.0456337393496056
61296.1333 lsst_hardware_z 98.01123968728201 41.150001525878906 30.950000762939453 AB 3.860328930394611 1.0503105580939878
61299.112 lsst_hardware_r -6.961929576483905 23.18000030517578 31.520000457763672 AB 3.7634931947140475 1.0454147763094577
61299.1245 lsst_hardware_i 21.03957683261222 30.690000534057617 31.260000228881836 AB 3.7799482105633193 1.0499856140453665
61305.1426 lsst_hardware_r 80.521561050709 76.48999786376953 31.639999389648438 AB 3.6665416299796134 1.0842409945725817
61305.1543 lsst_hardware_z -3.5458751663900965 61.47999954223633 30.969999313354492 AB 3.7361763120743334 1.1036633371462472
61307.1418 lsst_hardware_y -22.62501532201848 55.68000030517578 30.030000686645508 AB 3.83625317103706 1.091472557375933
61307.1535 lsst_hardware_r -68.14362102273802 91.95999908447266 31.639999389648438 AB 3.9065554069558326 1.1126089353840127
61309.1379 lsst_hardware_i 1.0525202380174514 75.26000213623047 31.31999969482422 AB 3.1355281377413666 1.0940433139361179
61309.1507 lsst_hardware_z 74.80670559950858 66.87000274658203 30.979999542236328 AB 3.1901366755373397 1.1180385545109122
61311.158 lsst_hardware_r 88.00276050911941 75.95999908447266 31.6299991607666 AB 4.941592273355179 1.1474951580057309
61311.1706 lsst_hardware_z -2.506720041943508 57.83000183105469 30.959999084472656 AB 5.295513368144518 1.1825841707962077
61315.0573 lsst_hardware_g 28.40011436681654 13.630000114440918 31.399999618530273 AB 5.053782374750591 1.0447095348321636
61315.0697 lsst_hardware_i -1.9058376615439279 30.350000381469727 31.25 AB 5.115178655055239 1.0457280292456788
61317.0544 lsst_hardware_z 17.30760779190608 41.02000045776367 30.950000762939453 AB 2.4861451530005088 1.0445988037817264
61317.0671 lsst_hardware_r 3.1341014973491843 22.520000457763672 31.5 AB 2.4561860040430106 1.0465215185526249
61319.0557 lsst_hardware_u 0.6550673809591065 2.740000009536743 28.489999771118164 AB 3.9571340953114884 1.045109805963066
61319.0682 lsst_hardware_g -5.62384448554538 13.720000267028809 31.420000076293945 AB 3.972381787768359 1.0491368398014858
61321.0476 lsst_hardware_r -4.5633657892067365 22.469999313354492 31.489999771118164 AB 5.520577197322179 1.04477236890947
61321.0596 lsst_hardware_i -30.41019254420647 30.40999984741211 31.25 AB 5.312605026172269 1.04774776179317
61323.1376 lsst_hardware_r -35.871067957180074 23.219999313354492 31.489999771118164 AB 3.7276494367520105 1.1818799736055836
61323.149 lsst_hardware_g 5.711515547944603 13.949999809265137 31.3799991607666 AB 3.8440186299185495 1.2192589421674884
61325.139 lsst_hardware_r -32.05687458678724 23.15999984741211 31.469999313354492 AB 7.262819358574891 1.2036824614382193
61325.1506 lsst_hardware_i 36.350582753896965 32.040000915527344 31.219999313354492 AB 7.534316977616077 1.245444578496748
61328.0843 lsst_hardware_z 8.691787815358296 42.20000076293945 30.940000534057617 AB 6.765580948575609 1.0912227336412272
61328.0955 lsst_hardware_r 13.504649833904386 23.670000076293945 31.489999771118164 AB 6.890117856670343 1.111309331721023
61330.0771 lsst_hardware_y -11.645804422572123 48.20000076293945 30.030000686645508 AB 7.101637433714778 1.0884569597233165
61330.0879 lsst_hardware_g 9.234841676720283 22.170000076293945 31.559999465942383 AB 7.621158531661906 1.10716329362416
61332.0762 lsst_hardware_r -67.84828737655415 46.04999923706055 31.610000610351562 AB 4.142454598949037 1.0959116203485184
61332.0874 lsst_hardware_i 13.998060666429229 44.5 31.290000915527344 AB 4.704210625949257 1.1170138217818841
61334.0786 lsst_hardware_z 6.537933184736024 55.849998474121094 30.969999313354492 AB 3.427761012260393 1.1102958983757043
61334.0888 lsst_hardware_r 40.08293458835128 64.79000091552734 31.6200008392334 AB 3.0017190391035955 1.1320122083357367
61337.0799 lsst_hardware_z 40.63619234554905 58.13999938964844 30.969999313354492 AB 4.1368481470975045 1.1303893288361884
61337.0907 lsst_hardware_r -125.01792707098087 77.3499984741211 31.6299991607666 AB 3.5871517849875727 1.1571457370927654
61544.3994 lsst_hardware_z 40.72609712848345 54.470001220703125 30.979999542236328 AB 10.146650021507776 1.058486336481078
61544.4133 lsst_hardware_y 48.04852507211292 50.529998779296875 30.049999237060547 AB 10.060753936415212 1.0491700535928474
61546.3958 lsst_hardware_i 60.85424292235879 69.45999908447266 31.329999923706055 AB 7.578800819774651 1.0569417501951957
61546.406 lsst_hardware_y 19.600616026953354 53.779998779296875 30.059999465942383 AB 7.484139472030172 1.0501107719980598
61550.4208 lsst_hardware_y -71.75949833618134 77.76000213623047 30.809999465942383 AB 8.876137374242512 1.0448558331869429
61554.4216 lsst_hardware_r 16.828031117922766 30.6299991607666 31.56999969482422 AB 8.355942943157064 1.0480737866657137
61554.4333 lsst_hardware_y 70.10939174267807 56.18000030517578 30.049999237060547 AB 8.417944703523881 1.0548362269985232
61558.3784 lsst_hardware_u -7.283770966354551 3.700000047683716 29.139999389648438 AB 7.925268641566247 1.0476923314913837
61558.3884 lsst_hardware_r 83.92571818225039 31.760000228881836 32.2400016784668 AB 7.910888618738509 1.0449625016496709
61561.3984 lsst_hardware_r -13.312321179120657 22.469999313354492 31.5 AB 4.814124611094398 1.0465488284987823
61561.4108 lsst_hardware_u 4.126025227034276 2.759999990463257 28.5 AB 4.84152744776157 1.0525059669046892
61563.3977 lsst_hardware_g -13.948849464379023 13.640000343322754 31.40999984741211 AB 1.1625473543607059 1.048363136118469
61563.4101 lsst_hardware_r -45.53899087278594 22.479999542236328 31.489999771118164 AB 1.1811582813125026 1.055862587585621
61572.3643 lsst_hardware_r -61.01651502557592 49.029998779296875 31.6299991607666 AB 6.948379758882696 1.045458681043099
61572.3766 lsst_hardware_i -17.497177223502216 44.25 31.299999237060547 AB 7.350386928299336 1.0500552754713337
61574.3587 lsst_hardware_i 30.636374148363004 74.76000213623047 31.329999923706055 AB 4.620532902893732 1.0454285656188091
61574.3698 lsst_hardware_z -53.316185802331525 65.9000015258789 30.989999771118164 AB 4.639064969036502 1.0493643662288035
61576.3478 lsst_hardware_r -78.81052849721347 110.79000091552734 31.65999984741211 AB 3.8652190652595677 1.0446538014215048
61576.3599 lsst_hardware_z 65.77049249054984 74.41000366210938 30.989999771118164 AB 3.8754122460525364 1.047408715149334
61578.3802 lsst_hardware_i 6.186448577232228 74.12999725341797 31.329999923706055 AB 2.2386130708015046 1.0660062241911927
61578.3949 lsst_hardware_z -30.61824794862889 66.88999938964844 30.979999542236328 AB 2.2780927938780686 1.0848060923228897
61580.3243 lsst_hardware_z -11.370671096602134 54.88999938964844 30.979999542236328 AB 3.589205288166787 1.0457549521196874
61580.3353 lsst_hardware_r -60.668018171681794 65.30000305175781 31.649999618530273 AB 3.579655902907494 1.0445704553386324
61582.3267 lsst_hardware_y -37.86728683871027 48.25 30.040000915527344 AB 5.797843545267585 1.0445937562790872
61582.3394 lsst_hardware_g -7.650009160572116 37.4900016784668 31.68000030517578 AB 5.660522869535847 1.0460495631765148
61585.3073 lsst_hardware_g -4.909748818600146 15.039999961853027 31.459999084472656 AB 2.0542089709751146 1.046730685847275
61587.3451 lsst_hardware_i 57.915724826080876 30.43000030517578 31.239999771118164 AB 9.124727822957222 1.0562657612622064
61587.3554 lsst_hardware_z -0.25435921707507103 41.400001525878906 30.940000534057617 AB 9.201431844755145 1.0657617672779212
61589.3453 lsst_hardware_r -23.62423259728423 22.709999084472656 31.489999771118164 AB 6.979820892740591 1.061125900610506
61589.358 lsst_hardware_u -0.6049089730113892 2.6700000762939453 28.40999984741211 AB 7.009793588178702 1.0752454021825675
61593.3693 lsst_hardware_r 25.484102380416296 23.010000228881836 31.479999542236328 AB 1.7431887529407633 1.1113731290664732
61593.3813 lsst_hardware_u -0.4658428822422171 2.680000066757202 28.389999389648438 AB 1.664216005932547 1.1375365727495197
61596.1415 lsst_hardware_r -6.364405498699567 28.149999618530273 31.469999313354492 AB 12.603775241565653 1.3948658387788238
61596.1495 lsst_hardware_u -2.0836090154361777 3.259999990463257 28.3799991607666 AB 12.21704165180458 1.3506458194064614
61600.2412 lsst_hardware_r 90.41520737301852 55.4900016784668 31.6299991607666 AB 6.915312387925227 1.06341703921449
61600.2538 lsst_hardware_i -29.052898943045918 48.47999954223633 31.309999465942383 AB 6.558928936871439 1.0529665976675933
61605.4017 lsst_hardware_r -19.066547061935722 134.02000427246094 31.59000015258789 AB 3.7462246701391786 1.3257061646024813
61605.4127 lsst_hardware_z -56.822429742511176 93.55000305175781 30.950000762939453 AB 3.793659719410125 1.3839159943128592
61608.2406 lsst_hardware_r 118.29798666739062 76.29000091552734 31.649999618530273 AB 5.27026562736029 1.0482354188971788
61608.2522 lsst_hardware_z 77.30629713658207 58.7599983215332 30.979999542236328 AB 5.122721233759175 1.0449201904659202
61611.2297 lsst_hardware_r -25.90448513399725 38.84000015258789 31.600000381469727 AB 5.67837437513415 1.0495100961342112
61611.2422 lsst_hardware_y -31.415140946881483 48.15999984741211 30.040000915527344 AB 5.655113010256093 1.0452107957224086
61612.2144 lsst_hardware_u -2.4835966125016555 3.7699999809265137 28.719999313354492 AB 10.621375108094247 1.057941011463951
