data/validation/pwv_sim_epoch_fit_4/54155890.ecsv
# %ECSV 0.9
# ---
# datatype:
# - {name: time, datatype: float64}
# - {name: band, datatype: string}
# - {name: flux, datatype: float64}
# - {name: fluxerr, datatype: float64}
# - {name: zp, datatype: float64}
# - {name: zpsys, datatype: string}
# - {name: pwv, datatype: float64}
# - {name: airmass, datatype: float64}
# meta: {SNID: '54155890', alt: 1024.0, c: 0.06198575347661972, dec: -6.129201, lat: -30.244573, lon: -70.7499537, ra: 20.390625, t0: 61360.7421875,
#   x0: 4.082254872062863e-06, x1: 0.17311370372772217, z: 0.6667981743812561}
# schema: astropy-2.0
time band flux fluxerr zp zpsys pwv airmass
61234.4146 lsst_hardware_g -11.566586018559413 15.989999771118164 31.459999084472656 AB 6.834185768702791 1.1158765235860357
61234.4352 lsst_hardware_z -16.742842072212248 45.5 30.950000762939453 AB 7.051581801305524 1.0987480408194132
61236.4164 lsst_hardware_i -19.138378573619693 32.54999923706055 31.25 AB 5.225344276838816 1.1077685556156065
61236.4352 lsst_hardware_y 18.948203622397788 51.61000061035156 30.030000686645508 AB 5.037318486405703 1.0971960473539006
61243.4112 lsst_hardware_g -6.834066302562877 15.34000015258789 31.43000030517578 AB 5.885110586849407 1.098532005571778
61243.4317 lsst_hardware_y 66.732529264565 50.2599983215332 30.030000686645508 AB 5.497594308452478 1.0995188616904956
61245.4064 lsst_hardware_z -22.91036090948511 59.97999954223633 31.700000762939453 AB 5.909926565961308 1.0982952176103526
61245.4257 lsst_hardware_y 46.9461273510119 68.62000274658203 30.780000686645508 AB 5.752855653267395 1.0992717808791201
61247.4143 lsst_hardware_y -34.28235182067558 68.02999877929688 30.770000457763672 AB 7.377330665788637 1.0973407869781673
61250.4081 lsst_hardware_r 54.8616616073955 82.16000366210938 31.639999389648438 AB 5.159788884056874 1.0978274221397604
61250.4276 lsst_hardware_z -80.9276000655716 61.5099983215332 30.969999313354492 AB 5.069878281653411 1.1113279880871134
61254.3755 lsst_hardware_r 21.56516145342485 87.7300033569336 31.639999389648438 AB 2.0776417727976355 1.1013208443136155
61254.3944 lsst_hardware_z 12.215728252204354 66.08000183105469 30.979999542236328 AB 2.071506720622942 1.0971963562621516
61257.3653 lsst_hardware_g 79.44100589765384 48.220001220703125 31.68000030517578 AB 2.1744796216442666 1.1026306976434057
61257.3847 lsst_hardware_i -108.25517448366185 49.060001373291016 31.299999237060547 AB 1.6328647031783456 1.0969867001534066
61259.3595 lsst_hardware_z -19.62322171422282 43.59000015258789 30.950000762939453 AB 4.690871442700691 1.1028694614500059
61259.3809 lsst_hardware_r 72.41943097448183 28.6299991607666 31.540000915527344 AB 3.3427840079485227 1.0972238872885547
61265.3567 lsst_hardware_r -34.75657332882954 33.900001525878906 32.2599983215332 AB 5.100421646307225 1.0971008058307647
61265.3786 lsst_hardware_i -69.25793498955862 44.849998474121094 32.0099983215332 AB 4.864604406597645 1.1038149357884417
61273.3295 lsst_hardware_g -1.9606034796790286 14.5600004196167 31.420000076293945 AB 1.63891300850738 1.098467163878941
61273.3501 lsst_hardware_i 25.77733926905913 31.18000030517578 31.239999771118164 AB 2.0299977638097855 1.0996737615437626
61275.3218 lsst_hardware_z -43.79176595444994 45.84000015258789 30.950000762939453 AB 2.215361143594103 1.0993893438290077
61275.3409 lsst_hardware_r -52.989544816496604 31.690000534057617 31.559999465942383 AB 2.221115694099908 1.0981578150549023
61277.3224 lsst_hardware_y -109.64937034737201 101.02999877929688 31.540000915527344 AB 2.6977122714856065 1.097374483316179
61285.2648 lsst_hardware_i -47.32126712186447 55.36000061035156 31.309999465942383 AB 3.3057907232900616 1.1319262877213017
61285.2818 lsst_hardware_z 3.7348700115521485 55.290000915527344 30.969999313354492 AB 3.2323684653754396 1.1085890303954178
61287.2754 lsst_hardware_r -32.891711234945305 31.0 31.559999465942383 AB 2.477609356819754 1.1095429273711392
61287.2937 lsst_hardware_z 20.364873687921357 44.529998779296875 30.950000762939453 AB 2.5471364556609757 1.0977064991176768
61298.2271 lsst_hardware_u 1.1838080847451857 2.8399999141693115 28.489999771118164 AB 0.8902921017410295 1.1359388857962267
61298.2462 lsst_hardware_g -10.202833660249153 15.079999923706055 31.450000762939453 AB 0.9936704146343482 1.1086978127041218
61304.2389 lsst_hardware_z 95.57010758254327 66.27999877929688 31.709999084472656 AB 3.641920358709118 1.1013872052547735
61312.2098 lsst_hardware_r 49.029744446700164 93.25 31.639999389648438 AB 5.114283745363315 1.1069478904866557
61312.228 lsst_hardware_z 24.583685195271762 68.95999908447266 30.979999542236328 AB 5.053631013588177 1.0971644774674212
61314.1814 lsst_hardware_i -57.39426236241124 45.470001220703125 31.280000686645508 AB 5.378757056453985 1.1398086578627546
61314.2 lsst_hardware_r -20.932750372323547 50.369998931884766 31.610000610351562 AB 5.334475607332517 1.111349084860941
61318.1768 lsst_hardware_r 7.385445457606723 24.530000686645508 31.489999771118164 AB 7.056782352078958 1.1283329543628713
61318.1955 lsst_hardware_i 45.958624300581896 32.08000183105469 31.239999771118164 AB 6.812171796029166 1.1051245309226714
61320.1716 lsst_hardware_z -8.907953797812636 42.7599983215332 30.950000762939453 AB 5.149806789901774 1.1279007387994395
61320.1896 lsst_hardware_r -14.018336032719114 24.389999389648438 31.510000228881836 AB 5.017560821511536 1.1054939843594682
61322.1688 lsst_hardware_u -0.5747106558843916 2.740000009536743 28.3799991607666 AB 3.6676576172048883 1.1236696131143853
61322.1861 lsst_hardware_g -3.994309546145962 15.369999885559082 31.440000534057617 AB 3.630754472541272 1.1039083224511186
61324.1727 lsst_hardware_r -7.4861222142794706 24.3700008392334 31.510000228881836 AB 4.3144275564187335 1.1113452684718061
61324.1919 lsst_hardware_z -16.359541484336646 42.369998931884766 30.950000762939453 AB 4.270935656719883 1.0979269040411008
61329.1426 lsst_hardware_u -3.4676084457715124 2.9624565785028745 28.5 AB 8.867760575803471 1.1356790491957487
61329.1607 lsst_hardware_g 23.43440972591338 15.987383660716192 31.479999542236328 AB 8.68795989430046 1.1095734220051674
61331.1427 lsst_hardware_r -51.594179704814636 30.02301983423668 31.549999237060547 AB 6.888274013005278 1.126056291802585
61331.1616 lsst_hardware_i 2.922715950315182 34.62239230688324 31.270000457763672 AB 6.750786532733372 1.1038512889409777
61336.1445 lsst_hardware_z 200.02416243538605 98.38410471013361 31.729999542236328 AB 5.249993089217203 1.1067373527968245
61338.1373 lsst_hardware_r 337.0505964518306 141.50769608373864 31.649999618530273 AB 4.853437019878626 1.1083858759666485
61338.1533 lsst_hardware_z 177.8165691676345 94.26328875956443 31.0 AB 4.826340489979043 1.098039356901074
61341.1361 lsst_hardware_r 250.58160941795614 84.99092532307517 31.639999389648438 AB 3.2863967681590545 1.102540222480602
61341.1519 lsst_hardware_y 188.33367098653858 55.58115543235307 30.040000915527344 AB 3.2470801125659112 1.0968630039069625
61344.1095 lsst_hardware_u -7.362014417126683 3.41408591106301 28.549999237060547 AB 5.567630134860545 1.1225060755765823
61344.1261 lsst_hardware_g 100.07938131434032 18.152628037925325 31.459999084472656 AB 4.180843438431086 1.103853053051112
61351.0739 lsst_hardware_i 1010.4830583694857 45.39219511534879 31.239999771118164 AB 4.289888291641883 1.1536092573433832
61351.0978 lsst_hardware_z 811.2277324527909 50.51624048927444 30.950000762939453 AB 5.058424357789274 1.1126790389975307
61356.0926 lsst_hardware_i 1298.542126571698 47.162893052578085 31.239999771118164 AB 3.786331182219099 1.1044232908757703
61356.1112 lsst_hardware_u 0.7021400726528264 2.8012397363323194 28.3700008392334 AB 3.7661358951078 1.0968529170520012
61357.0897 lsst_hardware_g 184.85251949746907 20.824958644151273 31.43000030517578 AB 3.6754186816958616 1.1045585820276842
61357.1077 lsst_hardware_r 1293.7544217839898 42.389227387670815 31.5 AB 3.7152331758663104 1.096882718917351
61359.0876 lsst_hardware_i 1282.9910345848377 48.447874431640955 31.25 AB 4.628821058993172 1.1021002521412315
61359.1061 lsst_hardware_r 1285.2734628176904 43.56042234072062 31.520000457763672 AB 4.60730375765759 1.096977085156569
61361.0739 lsst_hardware_z 1903.605113194475 76.04285221586818 31.700000762939453 AB 4.0522157454136405 1.1089807732388268
61364.0655 lsst_hardware_z 986.1632211701676 68.34722433190187 30.979999542236328 AB 7.384352130945836 1.1091918232968203
61364.0864 lsst_hardware_r 1338.379239994978 82.53073414233153 31.639999389648438 AB 6.303199356180139 1.097098982857996
61368.0626 lsst_hardware_i 1250.2321295509878 91.26404555583865 31.31999969482422 AB 8.347242040628585 1.1023827311976473
61368.0817 lsst_hardware_z 1010.5904516440706 79.33733368654826 30.979999542236328 AB 8.339343633447749 1.0969933745655478
61372.0615 lsst_hardware_i 1033.951847771254 44.62463078874616 31.239999771118164 AB 4.2039430952851875 1.0977308108499924
61372.0805 lsst_hardware_r 754.5244073413323 36.615859483323874 31.489999771118164 AB 4.258900932483199 1.10001745996134
61374.0655 lsst_hardware_u -2.817116452288533 2.7971189992567216 28.459999084472656 AB 5.4650478380296965 1.0970136674923545
61374.0859 lsst_hardware_g 80.3932901911155 16.961304092913142 31.440000534057617 AB 5.589608070589325 1.1080598811754039
61376.034 lsst_hardware_y 392.38572528095744 54.06705460514766 30.030000686645508 AB 7.674643397901349 1.1079317739138659
61376.0527 lsst_hardware_r 659.2905996472202 34.723294834047046 31.5 AB 6.892371833392725 1.0972493565856445
61379.0308 lsst_hardware_y 236.44449649900437 59.782011394237 30.040000915527344 AB 2.423691847759063 1.1036429314729779
61379.0505 lsst_hardware_z 708.7806344386203 50.58603191811531 30.950000762939453 AB 1.580069818630287 1.0968898428529026
61383.0313 lsst_hardware_y 226.98395450195014 62.27515818337119 30.049999237060547 AB 5.418607063056401 1.0977729058054997
61383.0503 lsst_hardware_r 411.11668122313154 31.12955069214343 31.5 AB 5.881881833538625 1.0999311516669195
61385.033 lsst_hardware_y 184.361218819233 66.36332548102095 30.049999237060547 AB 10.632345822080117 1.0968437012883214
61385.051 lsst_hardware_r 361.8246959775303 30.411394523326052 31.510000228881836 AB 11.032495349798106 1.1038382487124572
61609.3799 lsst_hardware_z 141.9788221693255 61.790000915527344 30.969999313354492 AB 5.785657340550886 1.1277534897034036
61609.4012 lsst_hardware_y -16.242638393379536 54.11000061035156 30.030000686645508 AB 5.691109187316854 1.1028747032250092
61610.4281 lsst_hardware_y 44.50133307670508 85.55999755859375 30.790000915527344 AB 5.698283522599925 1.1001432269519604
61616.3781 lsst_hardware_g 0.017672773232427268 15.329999923706055 31.459999084472656 AB 5.175758413220079 1.1060297561862868
61616.3992 lsst_hardware_r -9.71949131625369 24.280000686645508 31.510000228881836 AB 5.123384789629962 1.096888804202668
61618.3719 lsst_hardware_i -23.83555238842059 31.719999313354492 31.25 AB 5.673630315597315 1.1066899185170316
61618.3935 lsst_hardware_z -64.70403376218425 42.27000045776367 30.940000534057617 AB 6.897064128129654 1.0968904171754426
61621.3735 lsst_hardware_r 38.421971085656715 24.280000686645508 31.510000228881836 AB 2.062208872933399 1.0998447322311462
61621.3936 lsst_hardware_u 2.34529732595393 2.8299999237060547 28.469999313354492 AB 2.290386713277316 1.0982434491859583
61628.3609 lsst_hardware_u 0.8626558947082144 2.680000066757202 28.350000381469727 AB 5.926543771073447 1.097508105754342
61628.3807 lsst_hardware_g 33.63291673800502 14.960000038146973 31.420000076293945 AB 6.636798472462672 1.1011168796254849
61630.36 lsst_hardware_r 15.776051418371386 39.040000915527344 31.600000381469727 AB 5.15401841475954 1.0969108430958159
61630.3797 lsst_hardware_i -56.45357256255169 32.0099983215332 31.25 AB 4.877688350767423 1.1041739333938705
61643.2789 lsst_hardware_i -23.21455412155746 32.59000015258789 31.239999771118164 AB 2.5458497552546993 1.1428324503612295
61648.2654 lsst_hardware_r 13.87292820854572 23.790000915527344 31.479999542236328 AB 5.610757971829364 1.14252665301124
61648.2823 lsst_hardware_u -0.9100372254493374 2.690000057220459 28.3799991607666 AB 5.514409358103267 1.1149606115794306
61652.2666 lsst_hardware_r -3.3004364755340667 23.829999923706055 31.489999771118164 AB 2.485419536253393 1.1214105292164505
61652.2849 lsst_hardware_z 120.3080910201521 42.369998931884766 30.940000534057617 AB 2.4476676238196795 1.1021392677612063
61654.2405 lsst_hardware_i 19.920985535612513 32.09000015258789 31.239999771118164 AB 0.4717552919025275 1.1617203986928648
61654.2593 lsst_hardware_r -23.099536063185056 23.989999771118164 31.5 AB 0.9502045429579574 1.1241698230795119
61656.2347 lsst_hardware_z 59.01033647163518 44.459999084472656 30.940000534057617 AB 2.794612344059908 1.1625649354752443
61656.2525 lsst_hardware_g -4.483621422765617 16.030000686645508 31.459999084472656 AB 3.1547037664032067 1.1262776745459504
61673.2163 lsst_hardware_g -4.1020476190550905 15.140000343322754 31.43000030517578 AB 6.709603730810878 1.1122733708587178
61673.2357 lsst_hardware_r 8.818663036802853 24.260000228881836 31.5 AB 6.591124796469654 1.098154747828867
61677.1827 lsst_hardware_r 12.801520004064118 24.489999771118164 31.5 AB 4.618261466501285 1.1500132309195386
61677.2012 lsst_hardware_i -4.8582812542576335 32.02000045776367 31.25 AB 4.514624024567979 1.117435095392429
61681.1801 lsst_hardware_u -4.127670373844229 2.759999990463257 28.40999984741211 AB 3.256438419523627 1.1333312364931418
61681.1982 lsst_hardware_g -1.7831791217480186 15.25 31.440000534057617 AB 3.1653111501029474 1.1083022234254019
61685.1849 lsst_hardware_z 77.95212090166964 61.599998474121094 31.700000762939453 AB 5.051623673592726 1.1107555489347267
61691.1744 lsst_hardware_i 0.6979667090777244 84.02999877929688 31.329999923706055 AB 7.342502470291307 1.1051328221389685
61691.1934 lsst_hardware_z -101.72799942013006 73.62000274658203 30.989999771118164 AB 7.0608620776595865 1.096918141628235
61693.1482 lsst_hardware_z 134.180997250715 143.74000549316406 31.75 AB 6.983162126916131 1.1317928892894864
61695.1442 lsst_hardware_r -7.161841962211527 110.0199966430664 31.639999389648438 AB 7.227351607973581 1.129273688745872
61695.1618 lsst_hardware_i 130.34131220179697 88.08999633789062 31.329999923706055 AB 7.08214254934601 1.106584773335314
61697.1519 lsst_hardware_z 45.45955618041445 75.0199966430664 31.709999084472656 AB 4.282575958339466 1.1110107121254236
61701.1354 lsst_hardware_g 5.27652211016996 15.170000076293945 31.440000534057617 AB 5.3428784917749 1.1177959814027476
61701.1543 lsst_hardware_r -51.00872461296487 24.209999084472656 31.5 AB 5.277627239585597 1.100250636281982
61704.1363 lsst_hardware_i 15.060959717937315 31.829999923706055 31.25 AB 2.7966490830260042 1.1074375988747704
61704.1533 lsst_hardware_z 54.3965791027026 42.34000015258789 30.950000762939453 AB 2.8133490868420723 1.0975354044894006
61706.1352 lsst_hardware_i -8.177089370189988 31.780000686645508 31.25 AB 3.2423267028429272 1.1037394806991212
61706.1534 lsst_hardware_u -0.8608177025942488 2.7799999713897705 28.440000534057617 AB 3.1172882693452553 1.0968964382058333
61708.1158 lsst_hardware_u -2.2073827590548727 2.6700000762939453 28.350000381469727 AB 6.710717392257616 1.1184528987096027
61708.1337 lsst_hardware_g 0.017888563048284824 14.90999984741211 31.420000076293945 AB 6.100799626442568 1.1010783064462801
61710.0626 lsst_hardware_r 26.6323079061386 24.709999084472656 31.469999313354492 AB 5.191936563835442 1.242090087041972
61712.116 lsst_hardware_z -30.620787130263874 42.540000915527344 30.940000534057617 AB 4.48533890151854 1.1060345803514402
61712.1344 lsst_hardware_u 3.79086716930714 2.7699999809265137 28.420000076293945 AB 4.284297632050441 1.097037631969215
61725.0852 lsst_hardware_z 50.05767140922309 53.02000045776367 30.969999313354492 AB 6.384040351485023 1.1023913806832384
61725.1032 lsst_hardware_i 9.967946485554009 55.150001525878906 31.309999465942383 AB 6.346581495674849 1.0969490399852824
61727.0637 lsst_hardware_r 38.51169901528854 23.969999313354492 31.489999771118164 AB 7.248953411615587 1.1187519733954143
61727.084 lsst_hardware_u -0.6045494152458464 2.75 28.420000076293945 AB 6.059026004644814 1.0998912647415138
61730.0658 lsst_hardware_g 7.618828848041412 14.880000114440918 31.43000030517578 AB 4.307054553166722 1.1069748262583137
61730.0849 lsst_hardware_r 0.08711742945359587 23.940000534057617 31.5 AB 3.6614863208890704 1.0970745530751729
61735.06 lsst_hardware_r -15.5264791941354 23.56999969482422 31.489999771118164 AB 4.841724636057259 1.1010592713897165
61735.0819 lsst_hardware_g -6.925723395445948 14.579999923706055 31.420000076293945 AB 4.805273769941151 1.0980972966044678
61739.0325 lsst_hardware_y -20.71810518196368 51.310001373291016 30.030000686645508 AB 6.251778335033976 1.1166548586033538
61739.0516 lsst_hardware_z -3.3998605250779614 42.599998474121094 30.940000534057617 AB 5.4749009989864375 1.0997089482748694
61741.0331 lsst_hardware_y -75.7470421502404 53.41999816894531 30.030000686645508 AB 7.658664836232492 1.1095762065339005
61741.0501 lsst_hardware_u -0.641592542855789 2.8399999141693115 28.420000076293945 AB 6.878638207305156 1.0981223191738756
61747.0309 lsst_hardware_y 156.75244412098525 64.61000061035156 30.040000915527344 AB 3.9841686028921264 1.0991820681144362
61747.0491 lsst_hardware_z -41.43342431083272 58.459999084472656 30.969999313354492 AB 3.236053709644763 1.0980840548503839
61749.0307 lsst_hardware_y 2.2302615391985934 74.68000030517578 30.059999465942383 AB 7.8765026888777685 1.0974644961512845
61749.047 lsst_hardware_i -36.73520019117674 71.62999725341797 31.31999969482422 AB 8.351559210179019 1.0993715502648993
61751.0328 lsst_hardware_y -53.90483438101281 69.75 30.049999237060547 AB 14.61840639911346 1.0969906809998156
61751.052 lsst_hardware_i -47.00806543530614 75.43000030517578 31.31999969482422 AB 15.020837348693213 1.1063986851157563
