data/validation/pwv_sim_epoch_fit_4/54165493.ecsv
# %ECSV 0.9
# ---
# datatype:
# - {name: time, datatype: float64}
# - {name: band, datatype: string}
# - {name: flux, datatype: float64}
# - {name: fluxerr, datatype: float64}
# - {name: zp, datatype: float64}
# - {name: zpsys, datatype: string}
# - {name: pwv, datatype: float64}
# - {name: airmass, datatype: float64}
# meta: {SNID: '54165493', alt: 1024.0, c: 0.13939256966114044, dec: -52.222923, lat: -30.244573, lon: -70.7499537, ra: 16.182266, t0: 62364.59765625,
#   x0: 4.315451352178641e-05, x1: 0.17751847207546234, z: 0.2457924783229828}
# schema: astropy-2.0
time band flux fluxerr zp zpsys pwv airmass
[from data line 131]
62774.3208 lsst_hardware_r -9.66478334071861 22.610000610351562 31.450000762939453 AB 4.618086330920816 1.22002148627457
62783.1706 lsst_hardware_z -86.34118123955689 82.97000122070312 31.729999542236328 AB 3.468716623013062 1.083184122935275
62787.2447 lsst_hardware_y 25.11264823336479 74.54000091552734 30.770000457763672 AB 6.539153860474613 1.126889828613849
62789.2444 lsst_hardware_r -19.078808765983663 55.52000045776367 31.610000610351562 AB 7.182407634335505 1.1357380825957473
62789.2551 lsst_hardware_i -28.72649447266338 48.2400016784668 31.290000915527344 AB 7.31800835666683 1.1566925748156212
62793.2686 lsst_hardware_r 24.871185497485524 31.040000915527344 31.540000915527344 AB 4.498722331956888 1.2190558211426847
62793.2797 lsst_hardware_i 8.366101604367929 35.65999984741211 31.25 AB 4.625832367146604 1.254973512519426
62799.2724 lsst_hardware_r -46.17423420606635 22.459999084472656 31.440000534057617 AB 4.895904060974301 1.288395805519553
62799.2834 lsst_hardware_i -51.88922325439196 31.950000762939453 31.209999084472656 AB 5.0702336976535625 1.334272025698306
62801.2248 lsst_hardware_r -19.839085313188562 22.360000610351562 31.479999542236328 AB 3.7075100066929942 1.162046703242149
62801.2354 lsst_hardware_i -86.7611336462874 31.290000915527344 31.239999771118164 AB 3.745626097738738 1.187391376680532
62803.2257 lsst_hardware_z -49.275246129283026 42.9900016784668 30.940000534057617 AB 3.8520233052849777 1.1767891971338291
62803.2368 lsst_hardware_r -19.992560920627533 22.579999923706055 31.469999313354492 AB 3.9408080979681173 1.2059391333609784
62807.2058 lsst_hardware_r 38.7277738998064 24.3799991607666 31.479999542236328 AB 4.0609145963317825 1.1563791831229846
62807.2174 lsst_hardware_z -46.39103117164979 43.290000915527344 30.93000030517578 AB 5.217352217925865 1.1832743024153232
62809.1607 lsst_hardware_z 14.86111239287216 47.40999984741211 30.959999084472656 AB 5.588626780457429 1.0958091726387116
62809.1725 lsst_hardware_i -70.37595241012255 42.540000915527344 31.290000915527344 AB 5.105091160552388 1.1091594352299963
62813.1686 lsst_hardware_z 67.64216554454669 59.08000183105469 30.979999542236328 AB 5.815685260555977 1.1189210230182574
62813.1771 lsst_hardware_r 11.97168162486914 79.5199966430664 31.6299991607666 AB 5.875797775348094 1.1326293239551044
62817.1698 lsst_hardware_i 8.681647171078328 56.619998931884766 31.299999237060547 AB 3.8493014269168815 1.1391274259680044
62817.1819 lsst_hardware_z -18.440317257163485 55.349998474121094 30.959999084472656 AB 3.9499650851338686 1.1638082160088004
62819.1325 lsst_hardware_r 50.59761838802612 42.650001525878906 31.600000381469727 AB 5.473312467976529 1.0949544814570276
62819.1442 lsst_hardware_z 60.08580829724881 47.70000076293945 30.959999084472656 AB 5.511221089498049 1.107894479746316
62822.1563 lsst_hardware_u -0.8085518528063638 2.5 28.260000228881836 AB 3.1071786000236354 1.139412761284665
62822.1696 lsst_hardware_g -8.540288428157709 13.09000015258789 31.329999923706055 AB 2.8460851079769225 1.1668666949920758
62827.0558 lsst_hardware_u 0.24652475946529087 2.5999999046325684 28.389999389648438 AB 4.837460532791926 1.0806345432349505
62829.0811 lsst_hardware_r 23.50865947614508 21.889999389648438 31.479999542236328 AB 8.106589701559301 1.0794872877037551
62829.0937 lsst_hardware_i 61.08147313060044 30.25 31.239999771118164 AB 8.597299694928372 1.0857461201761216
62831.0757 lsst_hardware_z 32.566083365395855 41.20000076293945 30.950000762939453 AB 4.692265901067214 1.0795090263191442
62831.0887 lsst_hardware_r 24.070575118790494 21.829999923706055 31.469999313354492 AB 3.910238566157969 1.0860516790626633
62833.1056 lsst_hardware_i -53.17336848855098 30.5 31.229999542236328 AB 4.311978272130951 1.1074338512451185
62833.1177 lsst_hardware_u 0.7573713355710732 2.5899999141693115 28.350000381469727 AB 4.312312033028389 1.1246575762049176
62838.1059 lsst_hardware_z -33.94764730300308 66.2699966430664 31.700000762939453 AB 7.381895591579899 1.127668676080626
62840.1107 lsst_hardware_r -68.36136956937396 55.040000915527344 31.610000610351562 AB 4.273029538780753 1.1461989106172183
62840.1227 lsst_hardware_i 3.2373605623835737 48.939998626708984 31.290000915527344 AB 4.357667801599899 1.17209874970186
62842.1173 lsst_hardware_z -24.846286850013446 54.97999954223633 30.959999084472656 AB 6.5973924024576585 1.1722445633364709
62842.1289 lsst_hardware_r 132.20704345995222 68.16000366210938 31.610000610351562 AB 5.329720943960906 1.202011940451433
