data/validation/pwv_sim_epoch_fit_4/54281961.ecsv
# %ECSV 0.9
# ---
# datatype:
# - {name: time, datatype: float64}
# - {name: band, datatype: string}
# - {name: flux, datatype: float64}
# - {name: fluxerr, datatype: float64}
# - {name: zp, datatype: float64}
# - {name: zpsys, datatype: string}
# - {name: pwv, datatype: float64}
# - {name: airmass, datatype: float64}
# meta: {SNID: '54281961', alt: 1024.0, c: -0.052580542862415314, dec: -25.282602, lat: -30.244573, lon: -70.7499537, ra: 179.121094,
#   t0: 59972.05859375, x0: 7.547226268714573e-06, x1: -2.252607822418213, z: 0.5175038576126099}
# schema: astropy-2.0
time band flux fluxerr zp zpsys pwv airmass
59943.2401 lsst_hardware_g 50.747078037428146 63.25371272480474 31.40999984741211 AB 16.479225504260103 1.8348987311279483
59943.2622 lsst_hardware_r -51.681498242721865 64.39198561389016 31.520000457763672 AB 13.59335387896115 1.5624544688461093
59945.2452 lsst_hardware_i -20.248878008675224 64.4496312032081 31.209999084472656 AB 11.898063219064884 1.6911648150701464
59945.2684 lsst_hardware_z -42.43672657814564 76.49132606630819 30.940000534057617 AB 10.297441764749161 1.4556858676098219
59949.247 lsst_hardware_z -11.044066501953555 76.14359041751815 30.920000076293945 AB 17.97232091812099 1.5506747988025011
59949.2687 lsst_hardware_i -129.1606593647169 66.18154350097392 31.260000228881836 AB 14.276801669014013 1.370353703632764
59953.2705 lsst_hardware_y 171.74371031785105 112.81110211510256 30.729999542236328 AB 10.20851931336883 1.2901218670137746
59955.2986 lsst_hardware_z 1237.9046086484366 159.87976965852673 32.4900016784668 AB 8.438492617076486 1.140336840145471
59957.2939 lsst_hardware_z 381.9542971917153 80.38939742545223 30.989999771118164 AB 6.15646004386186 1.137767518732556
59957.3104 lsst_hardware_r 709.7587667781488 73.26526891571265 31.639999389648438 AB 5.968854316334431 1.0892401197726995
59962.2927 lsst_hardware_i 1346.257779167416 76.84782014845408 31.31999969482422 AB 8.001168357160681 1.0999303511923129
59962.3104 lsst_hardware_z 941.3978404002283 85.07469914906851 31.0 AB 7.672371982239853 1.0584771997295819
59966.3 lsst_hardware_g 1205.0614728887326 80.86421540602895 31.719999313354492 AB 10.045831238394545 1.0574559198310047
59966.3176 lsst_hardware_r 2880.0879928591603 85.99128553593515 31.649999618530273 AB 9.66223497416241 1.0289920100279455
59968.2968 lsst_hardware_i 1954.2498565030403 81.54074231735301 31.329999923706055 AB 8.282211894625961 1.0531470762788597
59968.3148 lsst_hardware_r 2966.42553251051 87.72775819531124 31.649999618530273 AB 8.016079215553557 1.0256642845056052
59973.192 lsst_hardware_r 2771.6515315166407 82.47299078080118 31.549999237060547 AB 14.037975654003906 1.455315742691672
59973.2102 lsst_hardware_i 2155.392799380275 79.21311216594002 31.280000686645508 AB 13.96219072109336 1.3241102355326302
59977.2023 lsst_hardware_z 1571.4949464312442 86.69279599187242 30.959999084472656 AB 11.603904678801719 1.305716741172719
59977.2196 lsst_hardware_r 2535.5034134238 84.17950897064632 31.600000381469727 AB 12.65360053730608 1.2152998283030898
59979.214 lsst_hardware_z 1334.6477454830545 86.07987508876094 30.969999313354492 AB 9.18124142588455 1.2159376784934677
59979.2313 lsst_hardware_i 1957.2151401504436 79.92324997350032 31.309999465942383 AB 8.629409990440676 1.1464607400611972
59983.229 lsst_hardware_z 2373.8122179109805 120.74188577459199 31.739999771118164 AB 7.951602403478199 1.1183032972954983
59985.1977 lsst_hardware_y 317.28043768519194 81.28731691602323 30.020000457763672 AB 3.9114870280372815 1.2155654512986838
59985.2169 lsst_hardware_r 1471.6307437145674 76.82045256068305 31.6299991607666 AB 4.911842955299625 1.1396387367284515
59987.2234 lsst_hardware_z 1986.3167909411325 120.58855566100009 31.739999771118164 AB 6.4575167092636745 1.1028121781681623
59989.2166 lsst_hardware_g 16.676262008650117 73.21757309346835 31.700000762939453 AB 2.4796672721863233 1.106582642849945
59989.2356 lsst_hardware_r 901.9741742045645 74.64914636882646 31.639999389648438 AB 2.4593540281172293 1.060637855791797
59991.2141 lsst_hardware_i 1082.4352325049435 76.46795606925359 31.31999969482422 AB 4.244624131101197 1.0983630821842592
59991.2331 lsst_hardware_z 803.160852253623 84.75480275014966 31.0 AB 4.240224246668426 1.0548477508970215
59993.212 lsst_hardware_i 1090.8525062145156 74.85513379126664 31.329999923706055 AB 5.749797336819117 1.089527034516005
59993.2342 lsst_hardware_u 5.117202689994244 23.32765336151578 29.5 AB 5.503204332597122 1.043228523445791
59995.2127 lsst_hardware_g 41.95772535172128 73.14975907248895 31.719999313354492 AB 3.5463047855804266 1.0746378138122505
59995.2325 lsst_hardware_r 416.4599233969096 71.69316586972637 31.649999618530273 AB 3.423079078525083 1.0372966904621463
59997.2097 lsst_hardware_i 782.8963514616397 73.88986674740774 31.329999923706055 AB 8.660087346775798 1.0691465860217035
59997.2285 lsst_hardware_r 383.47213398602213 72.18031740866384 31.649999618530273 AB 8.384569636077035 1.035132053836671
59999.0986 lsst_hardware_g 69.24352069290448 65.4085623897768 31.489999771118164 AB 12.966741007388563 1.6809905697473424
59999.1189 lsst_hardware_r 333.0349661022911 66.80112241882335 31.549999237060547 AB 11.542247637024644 1.4731649823898472
60001.0966 lsst_hardware_i 537.174532783849 67.23690751215922 31.219999313354492 AB 9.360519925929172 1.640230120486406
60001.1157 lsst_hardware_z 760.0676441093481 79.85247082533516 30.940000534057617 AB 8.30918994779225 1.4540961233959488
60003.0989 lsst_hardware_r 518.7156540078321 93.16029653064395 32.27000045776367 AB 8.325384654784923 1.5573110091255
60003.1179 lsst_hardware_z 1313.8705947646722 114.41681625288723 31.700000762939453 AB 7.322662733514739 1.3943945031923715
60005.117 lsst_hardware_i 370.9359320141725 68.82071899803553 31.270000457763672 AB 4.075534349493777 1.3621438333869575
60005.1373 lsst_hardware_z 690.9728296105901 81.29625616509263 30.969999313354492 AB 4.234321108362832 1.2432555248435033
60008.1192 lsst_hardware_r 148.5003742728683 67.78311065449847 31.59000015258789 AB 13.421858230391885 1.2966726142780232
60008.1394 lsst_hardware_z 526.1341121867033 80.90224819689526 30.969999313354492 AB 12.230095093686225 1.1957075209730708
60012.0914 lsst_hardware_r 73.0240204901803 66.01792674135366 31.549999237060547 AB 14.393022672915595 1.4087327662636278
60012.1117 lsst_hardware_i 161.1778695249744 68.0879009770393 31.280000686645508 AB 13.05727773931722 1.2773076780941277
60016.0974 lsst_hardware_u 54.289653212559266 21.68494024166085 29.239999771118164 AB 16.845417960794233 1.29642466268741
60016.1174 lsst_hardware_r 82.20002568823081 67.8334914720826 31.610000610351562 AB 15.541865548521114 1.1963793890669432
60018.0969 lsst_hardware_i 183.8960271382719 67.8770884292921 31.290000915527344 AB 11.23213732909977 1.2686902103651847
60018.1173 lsst_hardware_z 323.0924730719264 79.6404782594426 30.979999542236328 AB 10.5870332865693 1.1743797322872211
60021.0832 lsst_hardware_r 115.70250329429683 66.97323765348924 31.579999923706055 AB 8.951783618296378 1.2996201536434928
60021.1022 lsst_hardware_u 89.75657480892336 22.630020546324833 29.34000015258789 AB 9.838172657872667 1.2030782828336761
60023.0779 lsst_hardware_g 78.46462601050389 69.57528813962368 31.6200008392334 AB 4.887364827545417 1.2986797593122983
60023.096 lsst_hardware_r 147.86447627884903 67.80293159024808 31.610000610351562 AB 6.1758243376996225 1.2063334969625201
60026.0784 lsst_hardware_i 266.17838812277165 68.07134776870443 31.299999237060547 AB 7.450393601672255 1.2511506510127217
60026.0939 lsst_hardware_z 277.7219560605157 79.12575122119524 30.979999542236328 AB 7.201549984588421 1.1805819646866265
60030.0673 lsst_hardware_r -12.748428534826449 67.07534597438097 31.59000015258789 AB 7.9512343868572755 1.2520643078272653
60030.0846 lsst_hardware_i 484.8529242092143 68.36372854694847 31.299999237060547 AB 7.546297552238385 1.1741250761981867
60032.069 lsst_hardware_z 240.0043202904233 79.2635173223822 30.979999542236328 AB 8.239780653841857 1.217281822106937
60032.0858 lsst_hardware_i 158.60013253530462 68.67560452401838 31.309999465942383 AB 7.924956022184804 1.1492522237878076
60037.0798 lsst_hardware_z 473.5891306187859 112.51124827717256 31.739999771118164 AB 6.959894131298714 1.1237416858478166
60041.0719 lsst_hardware_z 256.12274056182605 111.8807324527707 31.739999771118164 AB 12.124377373587047 1.1145095024133316
60043.0658 lsst_hardware_g 29.721979536100914 72.1225210127537 31.690000534057617 AB 8.58623054440404 1.1164239520299977
60043.0841 lsst_hardware_r 69.10320978035512 68.49778307600492 31.639999389648438 AB 7.654059883260465 1.069152099910667
60050.0784 lsst_hardware_u -3.2354614858954895 32.380001068115234 30.25 AB 17.308701032234215 1.0435047973413578
60050.0961 lsst_hardware_g -71.45613275579886 103.80000305175781 32.4900016784668 AB 16.22310527846729 1.0198720864064563
60052.0773 lsst_hardware_r -25.271717346980193 67.69999694824219 31.65999984741211 AB 11.820364305241409 1.0366467270546933
60052.0957 lsst_hardware_z -52.98771997290491 77.68000030517578 31.010000228881836 AB 11.470590402775178 1.0150964958208122
60054.0745 lsst_hardware_r -49.186433345425726 68.16000366210938 31.649999618530273 AB 7.013413329568093 1.032801884385641
60054.0934 lsst_hardware_u -18.018273922730934 23.280000686645508 29.530000686645508 AB 6.929672694479645 1.0125425849762042
60056.9657 lsst_hardware_y 5.74042688625954 76.5199966430664 29.940000534057617 AB 9.3399530130899 1.4306065066511642
60056.9841 lsst_hardware_r 98.4120694601227 65.55999755859375 31.59000015258789 AB 8.496138672147694 1.3043557656436766
60058.9653 lsst_hardware_y -183.40218831065863 77.0 29.959999084472656 AB 18.962704042316986 1.3921753217037756
60058.9827 lsst_hardware_r -82.93540736438314 65.63999938964844 31.59000015258789 AB 17.60706053245906 1.2810181367781774
60060.9646 lsst_hardware_y -0.18265644348925017 77.98999786376953 29.959999084472656 AB 8.446139857578077 1.3587194623089607
60060.983 lsst_hardware_z -23.392446643553804 77.25 30.969999313354492 AB 7.881588795460921 1.25030161339852
60062.9629 lsst_hardware_y 373.3834008440792 78.97000122070312 29.969999313354492 AB 14.120982314379878 1.3339929445354377
60062.9808 lsst_hardware_z 3.719845903756927 77.66000366210938 30.969999313354492 AB 13.265173998266993 1.2340749054508826
60064.9622 lsst_hardware_y 34.030180700290074 78.7699966430664 29.979999542236328 AB 15.084782687313552 1.3046862729037842
60064.9806 lsst_hardware_r -95.22031166695616 66.91999816894531 31.610000610351562 AB 13.690804822299972 1.2095419049651006
60066.9713 lsst_hardware_z 3.2180124410191615 109.47000122070312 31.719999313354492 AB 16.187396165091815 1.2272476243435797
60068.9615 lsst_hardware_y 44.030812316224356 79.5 30.0 AB 12.919062125509278 1.248550303269881
60068.9824 lsst_hardware_g 90.56676192598628 71.47000122070312 31.68000030517578 AB 12.002757631739229 1.1578129724107584
60070.9609 lsst_hardware_y 189.61329756246337 79.0999984741211 30.020000457763672 AB 5.117735673018134 1.2247781914606042
60070.9798 lsst_hardware_i -20.432681792273325 66.48999786376953 31.309999465942383 AB 4.772562886001981 1.1475265414767928
60077.9599 lsst_hardware_y 18.34148352344649 80.76000213623047 30.030000686645508 AB 8.349306840711678 1.1503063385595884
60077.9791 lsst_hardware_g 17.69939742823816 72.38999938964844 31.709999084472656 AB 7.933151489060301 1.0916179463893947
60082.9596 lsst_hardware_y -30.842698863838628 116.5999984741211 30.799999237060547 AB 10.63794194810642 1.1075517172392355
60082.9789 lsst_hardware_i -30.284554879982622 96.69999694824219 32.08000183105469 AB 10.083523900080614 1.0607164241468143
60086.9579 lsst_hardware_z 41.05179947044492 78.48999786376953 30.989999771118164 AB 2.7986364712441545 1.083133511414861
60086.9773 lsst_hardware_u 47.47667110166544 22.809999465942383 29.489999771118164 AB 1.9588757219730428 1.0436205231610904
60310.2451 lsst_hardware_r 29.648694407627453 70.76000213623047 31.479999542236328 AB 11.970498258908437 1.700963734022468
60310.2671 lsst_hardware_i 59.22266029074879 60.470001220703125 31.239999771118164 AB 10.413980270687045 1.4724849213790034
60312.2475 lsst_hardware_z -11.089539047166973 58.9900016784668 30.90999984741211 AB 5.477890353631575 1.6092509852031631
60312.2713 lsst_hardware_r -93.05247750197744 55.220001220703125 31.549999237060547 AB 6.1132911532555205 1.3957285738026297
60314.2414 lsst_hardware_z 66.17066973078148 52.150001525878906 30.8799991607666 AB 18.669305304490933 1.616250134576306
60314.2665 lsst_hardware_g -27.70480178991498 27.389999389648438 31.479999542236328 AB 14.504786309365095 1.390901675822129
60318.2535 lsst_hardware_r 14.402508572710195 24.75 31.440000534057617 AB 11.140994733450476 1.4062769470421774
60318.2745 lsst_hardware_u -3.795720863052092 2.6600000858306885 28.299999237060547 AB 10.104052362401022 1.2716964711865695
60322.2937 lsst_hardware_r -32.70720901308433 23.469999313354492 31.489999771118164 AB 6.22532850792435 1.1407794471266943
60322.3104 lsst_hardware_g 8.160730800969292 14.399999618530273 31.440000534057617 AB 5.978547154282287 1.0910089396178024
60324.2849 lsst_hardware_r -26.58147866821107 23.81999969482422 31.479999542236328 AB 6.38658249389048 1.1524660139351242
60324.3018 lsst_hardware_i 53.89507079957119 31.43000030517578 31.239999771118164 AB 6.562092800640622 1.0993314757460184
60326.2899 lsst_hardware_z 9.299996323542373 42.34000015258789 30.940000534057617 AB 2.4075939790124052 1.1178613947823124
60326.3075 lsst_hardware_i 86.33609914040419 30.969999313354492 31.25 AB 2.889420975976015 1.071743685451044
60328.2934 lsst_hardware_u -1.4172950912494509 2.559999942779541 28.309999465942383 AB 7.211253733166146 1.0926142019948706
60328.3119 lsst_hardware_g 16.708983966479984 14.0600004196167 31.40999984741211 AB 6.941508124573735 1.0517436552384447
60330.2963 lsst_hardware_r -8.060064248655332 23.110000610351562 31.489999771118164 AB 12.911313051255316 1.072368193625857
60330.3137 lsst_hardware_i 39.552809626327516 30.549999237060547 31.25 AB 12.451948132612975 1.0394380510549668
60332.3034 lsst_hardware_z -26.851751002163013 67.70999908447266 31.719999313354492 AB 9.450431831019962 1.047419733559674
60334.2107 lsst_hardware_i 11.92657227148985 70.01000213623047 31.270000457763672 AB 12.056917928503628 1.3996886380895786
60334.23 lsst_hardware_z -78.23131950279759 62.560001373291016 30.950000762939453 AB 10.975404173522524 1.276160324040448
60338.1983 lsst_hardware_z -60.59193364951271 70.51000213623047 30.940000534057617 AB 13.55549226432811 1.4107813149115964
60338.2151 lsst_hardware_i -69.66303897351331 73.94000244140625 31.280000686645508 AB 13.759808523777771 1.2987077417440085
60340.2007 lsst_hardware_z 95.78540630862254 67.69000244140625 30.940000534057617 AB 13.926207886803134 1.354689483152056
60340.2177 lsst_hardware_r 46.860156135636764 78.3499984741211 31.59000015258789 AB 13.257513230639102 1.2544168199052956
60346.1978 lsst_hardware_r 44.34959605429224 23.56999969482422 31.459999084472656 AB 6.830620703926035 1.2730829921117097
60348.2026 lsst_hardware_i -62.36920977015136 45.150001525878906 31.969999313354492 AB 11.021347322220032 1.22133724758644
60348.2338 lsst_hardware_z -79.13740385441196 42.0 30.93000030517578 AB 7.909456285134844 1.1062176622566315
60350.2104 lsst_hardware_u 1.5339433835914014 2.640000104904175 28.34000015258789 AB 5.0514507668108575 1.1654504576199778
60350.2292 lsst_hardware_r -0.7555511200873899 23.079999923706055 31.479999542236328 AB 4.800386601904691 1.1037908948964568
60352.2068 lsst_hardware_z 1.7347393751062032 43.2400016784668 30.940000534057617 AB 6.908066735335559 1.158488468109267
60352.2281 lsst_hardware_i -28.57171480070131 31.209999084472656 31.239999771118164 AB 6.3903700364754 1.0920287151847732
60354.2089 lsst_hardware_u -3.4455152210338036 2.7200000286102295 28.420000076293945 AB 2.6493789609458664 1.1322132311734159
60354.229 lsst_hardware_g -5.979474237262404 14.149999618530273 31.43000030517578 AB 2.4645358753766198 1.0764123932491152
60356.2089 lsst_hardware_r 21.746377220266428 22.979999542236328 31.489999771118164 AB 4.518512896821683 1.1151315145166716
60356.2272 lsst_hardware_i 18.711996543338145 30.600000381469727 31.25 AB 4.083256606445734 1.0682162475986225
60359.2195 lsst_hardware_z -62.83187723086264 63.41999816894531 31.709999084472656 AB 2.7984487232528994 1.0671598029437774
60362.2128 lsst_hardware_z -34.77366218107641 55.790000915527344 30.979999542236328 AB 8.618492421422099 1.064011410052111
