data/validation/pwv_sim_epoch_fit_4/54440402.ecsv
# %ECSV 0.9
# ---
# datatype:
# - {name: time, datatype: float64}
# - {name: band, datatype: string}
# - {name: flux, datatype: float64}
# - {name: fluxerr, datatype: float64}
# - {name: zp, datatype: float64}
# - {name: zpsys, datatype: string}
# - {name: pwv, datatype: float64}
# - {name: airmass, datatype: float64}
# meta: {SNID: '54440402', alt: 1024.0, c: -0.12049776315689087, dec: -50.86816, lat: -30.244573, lon: -70.7499537, ra: 107.785713, t0: 61821.00390625,
#   x0: 3.5428553341266953e-06, x1: 0.9462497234344482, z: 0.7053753733634949}
# schema: astropy-2.0
time band flux fluxerr zp zpsys pwv airmass
[from data line 132]
62149.1881 lsst_hardware_i 37.495785052082226 29.989999771118164 31.25 AB 5.481440103677798 1.069184201234271
62149.1995 lsst_hardware_z -80.25622018298472 41.25 30.950000762939453 AB 5.513078348321917 1.0723051766704974
62151.1817 lsst_hardware_r -36.6980807610048 21.530000686645508 31.489999771118164 AB 6.4395559765873545 1.0690721302543926
62151.1951 lsst_hardware_g -4.888304828049357 12.699999809265137 31.3799991607666 AB 6.481626274765191 1.0727617137976153
62153.1811 lsst_hardware_r 5.5709026404631485 21.389999389648438 31.469999313354492 AB 3.3115071286996924 1.0698962238004543
62153.1955 lsst_hardware_i 11.068657451702903 29.780000686645508 31.239999771118164 AB 3.3211369861851354 1.075788042817622
62155.1818 lsst_hardware_z 24.38428386992497 41.34000015258789 30.950000762939453 AB 6.216341642454288 1.0717830418024634
62155.1951 lsst_hardware_i 35.70813879079975 30.1299991607666 31.239999771118164 AB 6.258796704709266 1.0791028801222873
62159.1613 lsst_hardware_g 19.116420269488124 24.3700008392334 32.25 AB 8.206219571278579 1.0692607155071117
62159.1758 lsst_hardware_r -61.23588035080392 30.469999313354492 32.22999954223633 AB 9.255413940267847 1.0739734785399966
62161.1616 lsst_hardware_i -52.06160401909086 39.220001220703125 31.290000915527344 AB 8.358346180557897 1.0705077610806963
62161.1746 lsst_hardware_z -17.027519407332186 45.04999923706055 30.959999084472656 AB 8.329695741223237 1.0763619113194296
62164.1566 lsst_hardware_r -21.66166108285426 67.75 31.649999618530273 AB 12.719355472303222 1.0715547996885566
62164.1681 lsst_hardware_z -170.7821632822438 54.08000183105469 30.979999542236328 AB 11.521778709382644 1.0774394853074385
62166.1567 lsst_hardware_r -128.52691436673155 85.80000305175781 31.649999618530273 AB 12.915208624700279 1.073985166912002
62166.169 lsst_hardware_i 60.848197629539385 67.23999786376953 31.329999923706055 AB 13.314136305194811 1.0821421794769628
62168.154 lsst_hardware_z 97.47916522408737 55.04999923706055 30.979999542236328 AB 9.042110415088315 1.0754814647741082
62168.1664 lsst_hardware_i 157.05545845415585 57.380001068115234 31.31999969482422 AB 9.182224265674563 1.084600078629171
62170.162 lsst_hardware_z -47.83519221492021 47.97999954223633 30.959999084472656 AB 8.117145911365238 1.0855669460634698
62170.1736 lsst_hardware_g -43.52348127175134 50.91999816894531 31.690000534057617 AB 10.007696046516088 1.0980876199715988
62172.1479 lsst_hardware_r 48.93413233151135 27.93000030517578 31.549999237060547 AB 6.868987588864394 1.07855975958302
62172.1619 lsst_hardware_i 23.965077992954313 34.560001373291016 31.270000457763672 AB 6.893058778836035 1.0909040059352149
62174.156 lsst_hardware_z -54.5310845692998 41.209999084472656 30.940000534057617 AB 5.399130893743384 1.090439792731261
62174.1685 lsst_hardware_u -0.5615880283217206 2.630000114440918 28.420000076293945 AB 5.498976273882595 1.1057663933003405
62176.1507 lsst_hardware_g -5.824170058341236 12.8100004196167 31.389999389648438 AB 6.107424705459323 1.0906115545463078
62176.1632 lsst_hardware_r -7.799779075311165 21.690000534057617 31.479999542236328 AB 6.193565622862449 1.1059938612254374
62180.0888 lsst_hardware_i -25.135833213337218 29.6200008392334 31.239999771118164 AB 3.648772571814049 1.0699166958696222
62180.1013 lsst_hardware_z -19.901537852483614 40.75 30.950000762939453 AB 3.645563742678194 1.0689757822338521
62182.0856 lsst_hardware_r -6.919468453302734 21.549999237060547 31.479999542236328 AB 1.5787919648028974 1.069461110789431
62182.0974 lsst_hardware_u 0.9042324606116099 2.630000114440918 28.440000534057617 AB 1.5925587877556466 1.069130374996807
62184.0855 lsst_hardware_g -5.247045703410627 12.579999923706055 31.360000610351562 AB 2.546886676648755 1.068885395718727
62184.0966 lsst_hardware_r 0.7620778085111282 21.360000610351562 31.469999313354492 AB 2.5459436199010446 1.0699489892418763
62186.087 lsst_hardware_i -16.2956462658104 29.989999771118164 31.25 AB 3.5140950869845473 1.0691972881292147
62186.0982 lsst_hardware_z -25.811517974125398 41.27000045776367 30.950000762939453 AB 3.5704806260263178 1.0722164042121074
62190.0765 lsst_hardware_r -23.338872744805837 37.470001220703125 31.59000015258789 AB 7.590119680737543 1.0692568402814036
62190.0885 lsst_hardware_i -54.755536806053684 37.709999084472656 31.280000686645508 AB 7.0673726323047585 1.0727373774653686
62192.0757 lsst_hardware_z 27.555350639731625 48.95000076293945 30.959999084472656 AB 9.560315282338902 1.070184546530474
62192.0886 lsst_hardware_i -27.742482840757596 46.599998474121094 31.299999237060547 AB 8.181074526419213 1.0755726575407347
62194.085 lsst_hardware_z 134.40770507110932 79.7300033569336 31.729999542236328 AB 7.004989476838369 1.0766968147615077
62196.0762 lsst_hardware_r 48.017185565488184 83.0199966430664 31.649999618530273 AB 3.9972453668426975 1.0747450068811448
62196.0886 lsst_hardware_i -24.424781247817517 65.5199966430664 31.31999969482422 AB 4.354056095735845 1.0834354204008323
62199.0798 lsst_hardware_z -57.05339681831049 65.94999694824219 31.709999084472656 AB 4.849848372098925 1.082918024360595
62200.0767 lsst_hardware_r 45.56646008954417 52.27000045776367 32.75 AB 11.583907597107459 1.082608186645557
62200.1096 lsst_hardware_g -32.273801983038545 55.63999938964844 32.81999969482422 AB 11.616507112579507 1.1248493887558226
62200.1557 lsst_hardware_r 68.03012470277814 43.84000015258789 31.56999969482422 AB 12.754952042427746 1.242163808709081
62200.1839 lsst_hardware_i -15.181244235143925 43.45000076293945 31.239999771118164 AB 15.880195622189813 1.3586751901257539
62202.0519 lsst_hardware_r 9.3971906833987 30.170000076293945 32.209999084472656 AB 6.880225717760756 1.0712412888354752
62202.0665 lsst_hardware_i 5.924804054084967 42.15999984741211 31.979999542236328 AB 6.982549554856551 1.0789414712629057
62204.0503 lsst_hardware_z 43.48618461831077 41.060001373291016 30.940000534057617 AB 11.49592244357526 1.072756089450625
62204.0626 lsst_hardware_i -5.592810917104482 29.969999313354492 31.239999771118164 AB 11.636853869468764 1.080086678064689
62206.0463 lsst_hardware_u -2.492576229791749 2.619999885559082 28.420000076293945 AB 7.67500388417459 1.073427116667775
62206.0592 lsst_hardware_g 17.13669523296665 12.710000038146973 31.3700008392334 AB 7.814342226441694 1.0816946212631253
62208.0509 lsst_hardware_r -0.06968265209099829 21.440000534057617 31.469999313354492 AB 11.351950669285765 1.0795103259484047
62208.0642 lsst_hardware_i -0.10930343328226504 29.84000015258789 31.229999542236328 AB 11.517884572811967 1.091570169592036
62211.0438 lsst_hardware_z 12.820078198306474 40.97999954223633 30.940000534057617 AB 8.416827356372577 1.0803269614134998
62211.0556 lsst_hardware_u -0.23864640540765417 2.5299999713897705 28.350000381469727 AB 8.485273720504557 1.091131330662084
62213.0293 lsst_hardware_g 26.260279947165987 12.789999961853027 31.389999389648438 AB 8.285962572234286 1.0744942711838534
62213.044 lsst_hardware_r 2.586128869905873 21.729999542236328 31.489999771118164 AB 7.490667034837737 1.0850535286213858
62218.0272 lsst_hardware_i 5.617299632287721 33.349998474121094 31.270000457763672 AB 6.699594382721377 1.0823254253184775
62218.0402 lsst_hardware_z 7.746906263793616 42.849998474121094 30.950000762939453 AB 6.750356909206093 1.095303733442476
