data/validation/pwv_sim_epoch_fit_4/54494361.ecsv
# %ECSV 0.9
# ---
# datatype:
# - {name: time, datatype: float64}
# - {name: band, datatype: string}
# - {name: flux, datatype: float64}
# - {name: fluxerr, datatype: float64}
# - {name: zp, datatype: float64}
# - {name: zpsys, datatype: string}
# - {name: pwv, datatype: float64}
# - {name: airmass, datatype: float64}
# meta: {SNID: '54494361', alt: 1024.0, c: -0.06389971077442169, dec: -48.727589, lat: -30.244573, lon: -70.7499537, ra: 326.809967, t0: 61920.671875,
#   x0: 4.112956247325196e-05, x1: 0.5733062624931335, z: 0.2508334517478943}
# schema: astropy-2.0
time band flux fluxerr zp zpsys pwv airmass
61947.3114 lsst_hardware_r 4023.754731769241 66.96334701983017 31.479999542236328 AB 5.92961541875446 1.0675015756279032
61947.3238 lsst_hardware_i 3930.9052198256604 69.71712468909908 31.239999771118164 AB 5.844157051666363 1.0589798958081111
61950.1603 lsst_hardware_i 3692.424147791205 68.46715863555009 31.170000076293945 AB 7.85918248347585 1.5815896327640453
61950.1765 lsst_hardware_z 2170.2683978560626 64.22392696929124 30.90999984741211 AB 8.606032766110006 1.4639637269937495
61954.3536 lsst_hardware_g 815.0040364421878 31.619560339555356 31.399999618530273 AB 6.917961001860263 1.0636062577330612
61954.3661 lsst_hardware_i 3426.9924224846945 66.29491696460728 31.239999771118164 AB 6.989933135574694 1.0746716586193172
61955.1157 lsst_hardware_r 2676.2067567176637 83.93493643498226 31.440000534057617 AB 16.76432963319451 1.8927774227384897
61955.119 lsst_hardware_z 2117.0851458840893 75.21732055807728 30.8799991607666 AB 16.39319923260546 1.8527052504852086
61958.3587 lsst_hardware_i 3347.424589485791 102.16934150601276 31.329999923706055 AB 1.683080247940607 1.0785519051205428
61958.3709 lsst_hardware_r 2599.070771271898 118.7217479697545 31.649999618530273 AB 1.7050047449798804 1.094706096295341
61960.3007 lsst_hardware_z 3985.672173740817 124.20525624116257 31.75 AB 1.820638804628006 1.0544240181243278
61962.3065 lsst_hardware_r 2167.578508690363 92.19981286227762 31.649999618530273 AB 9.010580897866602 1.0536534507985618
61962.3186 lsst_hardware_i 2819.561632428493 83.21961327395199 31.31999969482422 AB 8.986968040061878 1.0563893197051977
61964.2892 lsst_hardware_z 1620.0319215522368 62.87352783583653 30.969999313354492 AB 6.591294080819437 1.0545508102212313
61964.3018 lsst_hardware_r 2022.6881205529826 68.46546342734608 31.6299991607666 AB 6.427672460541634 1.053716796810104
61974.3241 lsst_hardware_g 402.1502972873653 24.789366764396593 31.399999618530273 AB 5.282058126094199 1.0901705739935055
61974.3357 lsst_hardware_r 1261.5128107565247 42.05002317983951 31.479999542236328 AB 4.955080522381474 1.1085191325238195
61976.2433 lsst_hardware_r 1231.485057911075 41.55136669286997 31.489999771118164 AB 5.734848940158095 1.0597032272662437
61976.2558 lsst_hardware_i 1554.809524863307 49.71234001342641 31.239999771118164 AB 6.311682812852671 1.0547010771769627
61979.2388 lsst_hardware_g 436.4282136959385 24.05355512333433 31.399999618530273 AB 2.717518357450455 1.0578117389842177
61979.2501 lsst_hardware_r 1187.1898632998264 40.8271953982786 31.479999542236328 AB 2.6923742855869164 1.0541794383660597
61981.2332 lsst_hardware_i 1453.5105700473734 49.45830219070492 31.25 AB 4.760447632550354 1.0578772516778565
61981.2464 lsst_hardware_z 718.7797241622231 49.37708842339762 30.940000534057617 AB 4.742572575763493 1.0539050168363318
61990.2196 lsst_hardware_z 63.71028848832527 67.51000213623047 30.989999771118164 AB 3.268229930425179 1.0542677194919932
61990.2307 lsst_hardware_r -71.06119473139084 97.2699966430664 31.649999618530273 AB 3.2665024757373926 1.05371047604432
61992.2195 lsst_hardware_i 16.747778201552652 53.20000076293945 31.309999465942383 AB 4.740199249302728 1.0536117468999175
61992.2295 lsst_hardware_z 127.98276416979944 52.79999923706055 30.969999313354492 AB 4.737066597914758 1.0543215219042377
61994.2109 lsst_hardware_i -75.93439663202871 40.400001525878906 31.290000915527344 AB 2.869003625763592 1.0539089450871457
61994.222 lsst_hardware_z -91.13664538400413 45.7599983215332 30.959999084472656 AB 2.870319150933815 1.0539727604408133
61997.2942 lsst_hardware_r 3.8460734543111017 26.6299991607666 31.510000228881836 AB 5.479747907876742 1.153388319906702
61997.3053 lsst_hardware_u -1.4883550713277491 3.8299999237060547 28.600000381469727 AB 5.623802358613162 1.1831696115459507
62013.2238 lsst_hardware_z 145.0721265060286 79.01000213623047 31.719999313354492 AB 4.569319426867108 1.0994512576677353
62016.1307 lsst_hardware_r -58.63761666699994 108.5 31.65999984741211 AB 1.4864643203780772 1.0617602288414838
62016.1428 lsst_hardware_z -103.3553144070833 74.3499984741211 30.989999771118164 AB 1.4781294076793685 1.0558067197709775
62030.1158 lsst_hardware_r 11.498963885213996 22.350000381469727 31.489999771118164 AB 1.3214148287524679 1.053619797011065
62030.1273 lsst_hardware_i 66.29525608951779 30.270000457763672 31.25 AB 0.7003003999123232 1.0546692769777053
62031.1948 lsst_hardware_i 60.20881120962509 31.079999923706055 31.229999542236328 AB 1.389213463074506 1.1379222905729744
62031.2069 lsst_hardware_u -3.377797023508925 2.5299999713897705 28.270000457763672 AB 1.4081905156829224 1.1676538272661048
62033.1978 lsst_hardware_g 4.645135607339157 13.510000228881836 31.360000610351562 AB 7.274052555152656 1.1581503093025987
62033.21 lsst_hardware_r 18.198091278843627 22.75 31.459999084472656 AB 6.915420811691597 1.1920399008891513
62035.1465 lsst_hardware_g 16.945726073364245 13.670000076293945 31.420000076293945 AB 3.639974539960482 1.0763582582865328
62035.1582 lsst_hardware_r -42.789189735686854 22.6200008392334 31.489999771118164 AB 3.6937688380474887 1.0911093456225018
62037.1484 lsst_hardware_i -7.955449552537349 30.489999771118164 31.239999771118164 AB 3.822295476727636 1.0851857411392252
62037.1605 lsst_hardware_z -19.242461834959173 41.75 30.940000534057617 AB 3.8671457744189555 1.1030865790255555
62039.152 lsst_hardware_r -18.921891351634105 31.75 31.559999465942383 AB 3.1788736983046326 1.0981829911232033
62039.1631 lsst_hardware_g 0.4258422122163419 26.06999969482422 31.59000015258789 AB 3.23956420219033 1.1174764409073232
62041.1631 lsst_hardware_r -52.325901068842306 53.130001068115234 31.610000610351562 AB 4.880077670360345 1.1284068837182137
62041.1757 lsst_hardware_i -32.142217314690456 49.09000015258789 31.290000915527344 AB 5.247348280989546 1.1575032972771058
62043.0673 lsst_hardware_i -64.22758788670826 61.59000015258789 31.31999969482422 AB 3.93159490796643 1.0564543619417763
62043.0788 lsst_hardware_z 74.795197270752 57.970001220703125 30.979999542236328 AB 3.908997210223296 1.0537327370536336
62048.0595 lsst_hardware_r 26.725859771082607 81.75 31.649999618530273 AB 3.002245176102348 1.0546528721671011
62048.071 lsst_hardware_i 63.772062377917145 64.70999908447266 31.329999923706055 AB 2.9743994235626934 1.0536306849318013
62054.143 lsst_hardware_z 46.253079588567665 43.130001068115234 30.940000534057617 AB 5.208341916286561 1.1647428810182396
62054.1541 lsst_hardware_i -28.943622294943655 31.770000457763672 31.229999542236328 AB 5.344916982391966 1.1964446311876873
62057.1329 lsst_hardware_r -20.384061462192786 23.09000015258789 31.469999313354492 AB 9.701144420726747 1.1597765705817646
62057.144 lsst_hardware_i -44.861879695720766 31.899999618530273 31.229999542236328 AB 9.964487426513516 1.1906425411056896
62059.1354 lsst_hardware_z -80.99791604309925 43.040000915527344 30.940000534057617 AB 9.23183613944021 1.1814229889440389
62059.147 lsst_hardware_u 0.40665953695646695 2.700000047683716 28.389999389648438 AB 9.47661429952858 1.2175521583975952
62064.0848 lsst_hardware_z -84.76881350354395 42.08000183105469 30.950000762939453 AB 2.9705851012793794 1.099877235895075
62064.096 lsst_hardware_r -18.675271106326456 23.030000686645508 31.489999771118164 AB 2.9756922857519426 1.1197336917222738
62065.0824 lsst_hardware_u 1.8121797875442374 2.700000047683716 28.40999984741211 AB 4.315983945150542 1.1004080937790288
62065.094 lsst_hardware_r 16.74787617020327 23.06999969482422 31.479999542236328 AB 4.894456215694734 1.121167384192991
62067.0853 lsst_hardware_i -28.537898997155793 32.61000061035156 31.25 AB 3.4563287030709806 1.1149447429261228
62067.0969 lsst_hardware_z 22.398053923137773 43.31999969482422 30.940000534057617 AB 3.5303870372279325 1.1388345281380428
62070.0809 lsst_hardware_r 25.39106745308938 48.25 31.610000610351562 AB 3.2791656737614505 1.1222652963276392
62070.0907 lsst_hardware_z 138.56502286321103 50.13999938964844 30.959999084472656 AB 4.835040343861798 1.1433959507792364
62280.4298 lsst_hardware_g 13.884444641705132 19.420000076293945 31.549999237060547 AB 6.449716458789899 1.0536169989038469
62288.416 lsst_hardware_i 52.128766445759446 79.79000091552734 32.06999969482422 AB 6.557479143077519 1.0538617576060725
62288.4308 lsst_hardware_y -42.79869786602797 79.06999969482422 30.809999465942383 AB 6.656669460774139 1.0585885517869262
62291.4214 lsst_hardware_z -107.6023507143073 62.900001525878906 31.700000762939453 AB 11.790265951976757 1.057992278533449
62302.3968 lsst_hardware_g -12.06189324376203 13.489999771118164 31.399999618530273 AB 12.561412995791168 1.0609600210415315
62302.41 lsst_hardware_r 11.122544178851 22.469999313354492 31.489999771118164 AB 12.746731448565871 1.071393991530248
62306.3775 lsst_hardware_z 10.034951098994346 41.349998474121094 30.950000762939453 AB 3.065472285399958 1.056695031161654
62306.3908 lsst_hardware_i 58.13630327989418 30.540000915527344 31.25 AB 3.091380165225935 1.0643110596101342
62310.329 lsst_hardware_y 60.97636439765904 49.29999923706055 30.049999237060547 AB 2.83054367374611 1.0594673763241833
62310.342 lsst_hardware_r 53.64661810920441 45.90999984741211 31.6200008392334 AB 3.6178800894256216 1.0544681111704417
62312.3259 lsst_hardware_i -24.46266039111356 73.02999877929688 31.329999923706055 AB 4.255795536391059 1.058238803885121
62312.3399 lsst_hardware_z -10.274845767124674 64.66999816894531 30.989999771118164 AB 3.8052730630881824 1.0538733124941155
62314.3294 lsst_hardware_r 71.10853839150869 109.55000305175781 31.65999984741211 AB 7.099288645642401 1.054872012725517
62314.3438 lsst_hardware_z 94.38343184509914 74.08000183105469 30.989999771118164 AB 7.586763358872879 1.0537171331767887
62323.3434 lsst_hardware_i -23.643593451184927 31.190000534057617 31.25 AB 6.039131321544055 1.0635862432823475
62323.3551 lsst_hardware_z -16.4865227168431 42.09000015258789 30.950000762939453 AB 6.1011032580562325 1.0738228086928052
62325.3424 lsst_hardware_r 35.636173949316884 22.809999465942383 31.5 AB 1.631975705781306 1.0670576183390004
62325.3543 lsst_hardware_u -3.531343771081808 2.7300000190734863 28.450000762939453 AB 1.6148924842512993 1.0789326769678904
62328.2874 lsst_hardware_i 60.70242715387995 30.309999465942383 31.239999771118164 AB 9.175521159168893 1.0560434085919908
62328.2996 lsst_hardware_z 111.9616966472611 41.130001068115234 30.940000534057617 AB 8.996110431294287 1.0535629256383297
62330.2966 lsst_hardware_r 20.63929220134912 22.610000610351562 31.489999771118164 AB 6.426458867848175 1.0535178471882254
62330.3071 lsst_hardware_g 12.122644209146516 13.779999732971191 31.399999618530273 AB 6.435739177512094 1.0550392094282122
62332.3356 lsst_hardware_r 13.092637145020587 22.709999084472656 31.489999771118164 AB 4.039699986005191 1.0794121539092025
62332.348 lsst_hardware_i -36.72951520402888 30.809999465942383 31.239999771118164 AB 3.9839245048254055 1.0961410110951728
62343.2308 lsst_hardware_z 67.67987477454723 80.1500015258789 30.989999771118164 AB 10.677084708906632 1.0647891739055388
62343.2438 lsst_hardware_r 249.8992363294138 120.2300033569336 31.65999984741211 AB 10.637417569711769 1.0570821394923748
62345.2429 lsst_hardware_y -20.2627730807093 75.77999877929688 30.799999237060547 AB 2.690763168439212 1.0554081853066137
62347.2355 lsst_hardware_r -81.79519949512915 53.849998474121094 31.6299991607666 AB 4.752252837475912 1.0560561861057582
62347.2475 lsst_hardware_i -4.9086890309191675 47.599998474121094 31.309999465942383 AB 4.741099855296345 1.05357774562141
62348.2333 lsst_hardware_z -50.7007123118885 46.310001373291016 30.959999084472656 AB 3.3787837591202 1.0558699247250625
62348.2452 lsst_hardware_r 80.71714176017618 43.75 31.610000610351562 AB 3.371381127553641 1.0535566023605127
62351.2143 lsst_hardware_r 23.79649952091716 22.950000762939453 31.5 AB 2.3671235710060645 1.0610938682134021
62351.227 lsst_hardware_u -4.959703625744254 2.690000057220459 28.43000030517578 AB 2.3715291431309673 1.0552636353297093
62352.2145 lsst_hardware_g -5.329917807897171 14.0 31.420000076293945 AB 1.5696500156154025 1.0593813378731625
62352.2277 lsst_hardware_i 15.253020217692852 30.610000610351562 31.239999771118164 AB 1.6382647641733 1.0543940557836495
62354.2185 lsst_hardware_z 18.74501343611398 41.38999938964844 30.940000534057617 AB 2.3888010559768587 1.0553572149224029
62354.2306 lsst_hardware_r -4.944555751747448 22.799999237060547 31.489999771118164 AB 2.349083480433136 1.0535187713569398
62356.2158 lsst_hardware_u -0.7898655287705171 2.7200000286102295 28.459999084472656 AB 3.2692993684329017 1.0546126994944844
62356.2273 lsst_hardware_g -22.554172208736443 14.140000343322754 31.43000030517578 AB 3.2660954578681216 1.0535791799574585
62360.023 lsst_hardware_r -13.48845589187297 25.049999237060547 31.360000610351562 AB 3.8369895353290584 1.717157992986824
62360.0313 lsst_hardware_i 13.838117113774105 35.31999969482422 31.15999984741211 AB 3.695280925797808 1.6394325314098528
62362.2939 lsst_hardware_r -11.433016483897864 23.209999084472656 31.479999542236328 AB 3.8508932826058575 1.150894585357399
62362.305 lsst_hardware_i 89.92224615498739 31.75 31.239999771118164 AB 4.012073545700665 1.180253053255736
62364.2321 lsst_hardware_g 10.254285428402326 14.020000457763672 31.420000076293945 AB 4.722018563603828 1.0640569125353676
62364.2428 lsst_hardware_i -26.481364565892186 30.860000610351562 31.25 AB 4.808817915932782 1.0734567589559199
62369.2299 lsst_hardware_r -99.46379781715505 83.41000366210938 31.639999389648438 AB 1.5571916498218779 1.074233963659818
62369.2411 lsst_hardware_i 85.69433946720363 68.37999725341797 31.31999969482422 AB 1.6237865657665875 1.0876605520066454
62376.0371 lsst_hardware_z -74.63636455609166 45.11000061035156 30.920000076293945 AB 4.645747917385498 1.317631174867076
62376.0432 lsst_hardware_g -6.411499439670122 13.890000343322754 31.329999923706055 AB 4.516047386337725 1.29029925323935
62378.0899 lsst_hardware_g 12.75897443981843 13.800000190734863 31.389999389648438 AB 3.5339577670182236 1.1282489478867344
62378.1005 lsst_hardware_r -64.54214306932376 32.16999816894531 32.22999954223633 AB 3.457017701569147 1.1079297176729899
62378.1096 lsst_hardware_z 61.54528385113713 41.58000183105469 30.940000534057617 AB 3.4337335245190945 1.0932845735951904
62382.1368 lsst_hardware_g 3.04723344820258 13.649999618530273 31.399999618530273 AB 1.4802427490462648 1.0573162493187607
62382.1495 lsst_hardware_r -17.18402464927507 22.420000076293945 31.479999542236328 AB 1.4753147929098378 1.0537962806498842
62387.1408 lsst_hardware_r 17.650044811247948 22.360000610351562 31.489999771118164 AB 2.753663115214618 1.0535296471409346
62387.1523 lsst_hardware_u -0.5894386693110163 2.569999933242798 28.350000381469727 AB 2.8086553377238994 1.0552903767514181
62389.1387 lsst_hardware_g 10.858156970273667 13.529999732971191 31.399999618530273 AB 3.8356437361584286 1.053700032825904
62389.1509 lsst_hardware_i -0.32162115529779267 30.3700008392334 31.25 AB 3.849779541879262 1.0567124411580704
62390.1187 lsst_hardware_r 12.059826231472034 22.389999389648438 31.489999771118164 AB 2.8098972533706665 1.0558561778753093
62390.1297 lsst_hardware_z -16.187585955329126 41.220001220703125 30.950000762939453 AB 2.8447564510194594 1.0536135003775775
62393.117 lsst_hardware_r -42.771948275445666 27.190000534057617 31.549999237060547 AB 1.337733829694308 1.0541637743850554
62393.129 lsst_hardware_y 85.63928691029749 47.34000015258789 30.040000915527344 AB 1.7726354789073646 1.0538333290506998
62396.0482 lsst_hardware_r 41.824220887341106 57.79999923706055 31.6299991607666 AB 0.33185289069777435 1.1136003043549476
62396.0542 lsst_hardware_i 25.673501189588784 51.209999084472656 31.299999237060547 AB 0.40979461298025 1.1030810578181722
62399.1967 lsst_hardware_z -85.7935868544548 66.76000213623047 30.969999313354492 AB 7.281531750943197 1.1604959360814147
62399.2106 lsst_hardware_r 36.62649409692697 92.1500015258789 31.610000610351562 AB 7.017541735355699 1.200092643925771
62404.0017 lsst_hardware_r -18.026578236137105 23.010000228881836 31.469999313354492 AB 5.08647152222998 1.1693934069039726
62404.0082 lsst_hardware_i -78.40841230532453 31.149999618530273 31.239999771118164 AB 5.03764081276235 1.1526023824196412
62406.0671 lsst_hardware_u 10.066219182959992 2.680000066757202 28.450000762939453 AB 2.966248685954822 1.0593745306981508
62406.0798 lsst_hardware_g -6.139273331205183 13.65999984741211 31.420000076293945 AB 2.9526252367003867 1.054509013107281
62411.0753 lsst_hardware_u 0.22207171460559816 2.7100000381469727 28.469999313354492 AB 5.079366597424834 1.0535372771428906
62411.087 lsst_hardware_g 3.108898587252076 13.649999618530273 31.420000076293945 AB 4.796998671426187 1.0553678508565467
62414.0532 lsst_hardware_i 41.55329056096736 30.360000610351562 31.25 AB 2.9866537015619854 1.0558521216928236
62414.0651 lsst_hardware_r -6.813746026200278 22.3700008392334 31.489999771118164 AB 2.990034546721736 1.0535710171675539
62416.0587 lsst_hardware_u -0.5808901297971557 2.630000114440918 28.399999618530273 AB 4.776331234530829 1.0536218462539744
62416.0696 lsst_hardware_g -8.452880399848407 13.59000015258789 31.399999618530273 AB 4.575863305754232 1.0544071215517556
62418.0569 lsst_hardware_r -1.174711167458674 22.3799991607666 31.489999771118164 AB 3.207013400046278 1.0535523653240073
62418.0693 lsst_hardware_i 42.46416415179162 30.31999969482422 31.25 AB 3.460997211733758 1.0558258730113288
62420.1416 lsst_hardware_r 9.033629349796643 22.84000015258789 31.459999084472656 AB 5.210596702795467 1.1663774144446986
62420.1527 lsst_hardware_u 3.4862058464639043 2.559999942779541 28.280000686645508 AB 5.3482746030445405 1.1983586383698275
62425.144 lsst_hardware_y 138.84826382416506 73.52999877929688 30.75 AB 9.488041401292348 1.2142750153629622
62427.1334 lsst_hardware_r -0.778589688516213 71.20999908447266 31.610000610351562 AB 7.3573884672391126 1.1977840402505677
62427.1444 lsst_hardware_i -63.04063888185502 60.5 31.290000915527344 AB 7.545366275886581 1.2345167336201865
62429.0805 lsst_hardware_r 54.306262278301546 77.91000366210938 31.639999389648438 AB 3.1596856947101304 1.092214556719658
62429.0916 lsst_hardware_i -187.34321097479312 63.029998779296875 31.309999465942383 AB 3.579737475833655 1.1101682356438687
62433.079 lsst_hardware_z -121.08592207595098 54.25 30.969999313354492 AB 4.01734563877842 1.1072151507888504
62433.0897 lsst_hardware_r 78.35737737335113 69.83000183105469 31.6299991607666 AB 3.4955563446314635 1.1275988208488592
62435.0757 lsst_hardware_u 4.71709651173869 2.690000057220459 28.40999984741211 AB 2.4294709737201705 1.111038555054956
62435.086 lsst_hardware_g 19.41549881155108 14.010000228881836 31.399999618530273 AB 2.5878788048985304 1.1313131387534048
