data/validation/pwv_sim_epoch_fit_4/54547136.ecsv
# %ECSV 0.9
# ---
# datatype:
# - {name: time, datatype: float64}
# - {name: band, datatype: string}
# - {name: flux, datatype: float64}
# - {name: fluxerr, datatype: float64}
# - {name: zp, datatype: float64}
# - {name: zpsys, datatype: string}
# - {name: pwv, datatype: float64}
# - {name: airmass, datatype: float64}
# meta: {SNID: '54547136', alt: 1024.0, c: -0.05580151081085205, dec: -0.895283, lat: -30.244573, lon: -70.7499537, ra: 112.324219, t0: 61866.75,
#   x0: 5.326503534627448e-06, x1: 0.7806943655014038, z: 0.5973474383354187}
# schema: astropy-2.0
time band flux fluxerr zp zpsys pwv airmass
61723.3361 lsst_hardware_i 77.5737648760143 69.77999877929688 31.309999465942383 AB 6.830571188662865 1.1615136145326472
61723.3547 lsst_hardware_y -145.41462494160848 66.44000244140625 30.030000686645508 AB 6.743356792216106 1.1477077341870658
61725.3416 lsst_hardware_i 66.54554250562315 72.80999755859375 31.309999465942383 AB 4.59635941870681 1.1514407127986666
61725.3587 lsst_hardware_y 5.595821898514533 78.62000274658203 30.040000915527344 AB 4.564341221424236 1.1467473704978626
61727.3389 lsst_hardware_z -69.32695389795339 63.20000076293945 30.969999313354492 AB 4.19287569470619 1.1497830972686078
61727.3588 lsst_hardware_y 55.96716407228537 76.41000366210938 30.030000686645508 AB 4.224886659772547 1.1480670271120406
61730.3412 lsst_hardware_r -15.367160991874794 34.95000076293945 31.559999465942383 AB 4.198070217968671 1.1466482135845597
61733.3454 lsst_hardware_z -115.94810799544682 76.33999633789062 31.709999084472656 AB 9.617371451636632 1.1493492552647053
61735.3353 lsst_hardware_g -5.359821149427139 14.6899995803833 31.40999984741211 AB 5.852365308675205 1.147522609544158
61735.3554 lsst_hardware_y -141.70323015566072 77.12000274658203 30.020000457763672 AB 5.92923800729148 1.1625956877042118
61739.3319 lsst_hardware_i 24.77727305593312 32.04999923706055 31.229999542236328 AB 6.6825444111076004 1.150972168637203
61739.3517 lsst_hardware_y -146.63920403433968 67.05999755859375 30.010000228881836 AB 7.2124288804790915 1.1726891031075823
61741.3302 lsst_hardware_g 15.238002334233443 14.430000305175781 31.399999618530273 AB 7.518652908613253 1.1536689627823464
61741.3499 lsst_hardware_y 14.254278668033372 59.97999954223633 30.010000228881836 AB 7.857595539882538 1.178801416177105
61743.3 lsst_hardware_r 30.856888354889648 23.34000015258789 31.479999542236328 AB 4.017046457496825 1.147727559284807
61743.3185 lsst_hardware_i -28.35693683332481 31.56999969482422 31.239999771118164 AB 4.093345884435441 1.1495471709156397
61745.1775 lsst_hardware_z -29.66138033067359 48.84000015258789 30.899999618530273 AB 8.370259650879737 1.6096653174768725
61747.3066 lsst_hardware_g -11.840160077654511 14.109999656677246 31.3700008392334 AB 6.337068765310912 1.1490605195486263
61747.3243 lsst_hardware_r -24.73129156296298 23.43000030517578 31.469999313354492 AB 6.443236824746047 1.164685956330396
61749.2704 lsst_hardware_i 37.44728657110879 41.22999954223633 31.270000457763672 AB 10.694178660889891 1.1559399730735824
61749.2879 lsst_hardware_z 20.61784180581514 42.88999938964844 30.93000030517578 AB 10.60820721870061 1.1467712251987423
61751.2959 lsst_hardware_i -16.709346227794693 61.93000030517578 31.309999465942383 AB 12.115052272216753 1.1491631275519802
61751.3139 lsst_hardware_z -33.36142678777428 57.150001525878906 30.959999084472656 AB 12.29851487389513 1.1653678023273741
61753.2939 lsst_hardware_z -163.27851179477724 80.68000030517578 30.979999542236328 AB 8.350118544766431 1.151105396300826
61753.3124 lsst_hardware_r -68.33341524040742 115.69000244140625 31.6299991607666 AB 8.458010951930396 1.1710101232568224
61755.2651 lsst_hardware_r -8.515440347415431 99.73999786376953 31.6299991607666 AB 12.044629276176895 1.148506672840695
61755.2839 lsst_hardware_i 80.1574580323604 83.66999816894531 31.31999969482422 AB 12.051301935556294 1.148666302308525
61757.2374 lsst_hardware_z -144.025792366057 78.94000244140625 31.709999084472656 AB 5.548878924779439 1.169251722577672
61759.2515 lsst_hardware_g 27.070989860185044 29.350000381469727 31.600000381469727 AB 4.924620117444475 1.1497838669442793
61759.2723 lsst_hardware_r 71.00478270487643 34.41999816894531 31.559999465942383 AB 4.914877556259953 1.148380596501383
61762.2501 lsst_hardware_i 19.059827923275662 31.450000762939453 31.229999542236328 AB 7.686067263637579 1.14717421845337
61762.2702 lsst_hardware_z -50.61401772217837 42.58000183105469 30.93000030517578 AB 7.716235712687562 1.1516769720429196
61763.272 lsst_hardware_i 12.155165958346938 31.700000762939453 31.239999771118164 AB 6.488580838576537 1.1552369445537924
61763.285 lsst_hardware_u 3.204003614993868 2.700000047683716 28.3799991607666 AB 6.44360911206135 1.1708556835968535
61765.2536 lsst_hardware_g -6.276520435583056 14.449999809265137 31.399999618530273 AB 9.18052005172645 1.1475650064658063
61765.2738 lsst_hardware_r 35.002793567266025 23.760000228881836 31.479999542236328 AB 9.303625468786862 1.1629531835983578
61767.2539 lsst_hardware_i -6.740871465678562 31.760000228881836 31.239999771118164 AB 7.110640342190239 1.1500307847630409
61767.2741 lsst_hardware_r 25.811139664986413 23.790000915527344 31.479999542236328 AB 7.169913760071142 1.1708849122350196
61769.2128 lsst_hardware_z -90.74544627020708 43.09000015258789 30.940000534057617 AB 10.399825903277753 1.1589163842627388
61769.2323 lsst_hardware_u -1.1710435257631917 2.7699999809265137 28.440000534057617 AB 10.298268398814715 1.146906921445709
61771.2143 lsst_hardware_g -6.008292975420129 14.569999694824219 31.40999984741211 AB 8.11071051256929 1.1526175716246845
61771.2337 lsst_hardware_r -13.702233822529394 23.81999969482422 31.489999771118164 AB 8.070634139784246 1.1467951781242558
61773.2178 lsst_hardware_i -49.76939404167009 31.90999984741211 31.229999542236328 AB 4.0856157347878925 1.1478060780412678
61773.2378 lsst_hardware_z -35.85293283182412 43.150001525878906 30.93000030517578 AB 4.091792062707074 1.1501875088424662
61775.2143 lsst_hardware_i 7.855876720603619 31.899999618530273 31.229999542236328 AB 13.378249888186154 1.1472397803139602
61775.2321 lsst_hardware_u -0.8306905250910086 2.640000104904175 28.31999969482422 AB 13.44035545916828 1.150050737730187
61777.2065 lsst_hardware_g 54.14284482558821 25.6299991607666 31.579999923706055 AB 9.167680198266265 1.1479330346866483
61777.2285 lsst_hardware_r 29.867468290901893 23.90999984741211 31.479999542236328 AB 10.002929517879155 1.1511734139035392
61779.2045 lsst_hardware_i -22.197376721526783 57.22999954223633 31.299999237060547 AB 8.628821023495865 1.146992027581532
61779.2255 lsst_hardware_r -25.106027124652115 62.91999816894531 31.6200008392334 AB 7.978377340137435 1.152903051210207
61781.2196 lsst_hardware_z -195.31768911402128 118.19000244140625 31.729999542236328 AB 7.376462535415394 1.1525722711586552
61784.1573 lsst_hardware_g 56.23573026673119 98.33000183105469 31.670000076293945 AB 8.576737541005302 1.1796086016282366
61784.1769 lsst_hardware_r 104.85907703117527 97.62999725341797 31.6299991607666 AB 9.130547215374405 1.1541097853763906
61785.1603 lsst_hardware_i 9.274539581013522 59.77000045776367 31.299999237060547 AB 6.467605207797831 1.170201325235197
61785.1793 lsst_hardware_z -139.03245041886103 57.689998626708984 30.969999313354492 AB 6.9668737584582 1.1504559729939645
61787.1549 lsst_hardware_i 18.260633518634442 39.36000061035156 31.260000228881836 AB 1.6509272384151128 1.170109672256946
61787.1761 lsst_hardware_z -2.453452763694238 47.33000183105469 30.940000534057617 AB 3.5578222448040955 1.1492292580793897
61791.1546 lsst_hardware_i 15.40768672027763 32.130001068115234 31.239999771118164 AB 13.783537285859396 1.15699219657603
61791.1743 lsst_hardware_r 25.923222242509244 23.969999313354492 31.489999771118164 AB 13.186347248321825 1.1466388911584195
61793.1596 lsst_hardware_u 1.5054115001526527 2.619999885559082 28.309999465942383 AB 8.859446451230825 1.149283894910165
61793.1799 lsst_hardware_g -21.271171740110677 14.609999656677246 31.399999618530273 AB 9.93534565445087 1.148539548705847
61795.1573 lsst_hardware_r -0.9378943875003408 23.469999313354492 31.469999313354492 AB 8.97786807095254 1.1479426409315991
61795.1776 lsst_hardware_i 27.074499105399816 31.59000015258789 31.229999542236328 AB 8.921330660724147 1.150100639515811
61799.1421 lsst_hardware_u -1.0498621400077015 2.5899999141693115 28.290000915527344 AB 11.48341064402957 1.1498646350443908
61799.1591 lsst_hardware_g -14.915701572631049 14.420000076293945 31.399999618530273 AB 11.463312256199194 1.1471150875964435
61801.1095 lsst_hardware_g 3.7314757095968547 14.420000076293945 31.399999618530273 AB 10.493321274564032 1.1821240639764212
61801.1283 lsst_hardware_r 17.30319431019541 23.559999465942383 31.489999771118164 AB 10.514555127463542 1.156027866870333
61805.1083 lsst_hardware_z -13.397796764165832 45.060001373291016 30.940000534057617 AB 12.242057768303859 1.1664564615148878
61805.1256 lsst_hardware_g -16.142456099801 23.100000381469727 31.549999237060547 AB 11.75886331558324 1.1499267355043141
61807.1049 lsst_hardware_r 39.89604122177958 55.54999923706055 31.610000610351562 AB 5.0510179937243915 1.1637396498865673
61807.1253 lsst_hardware_i -9.92993683225663 49.939998626708984 31.290000915527344 AB 4.536212054114438 1.1476817341212924
61810.1145 lsst_hardware_z -121.4400749336139 120.02999877929688 31.729999542236328 AB 6.885854688341731 1.1486634822634016
61814.097 lsst_hardware_r -53.736328406104 63.68000030517578 31.610000610351562 AB 3.9454588969740843 1.1525196388434478
61814.1144 lsst_hardware_y 74.95982069275898 52.04999923706055 30.010000228881836 AB 3.90492054078586 1.1465950496581712
61816.0957 lsst_hardware_g 19.86568817291808 25.670000076293945 31.579999923706055 AB 1.7079089812958819 1.1498489550914823
61816.1126 lsst_hardware_r 31.884559226602654 36.150001525878906 31.56999969482422 AB 1.6999889677277076 1.1470910713412332
61820.0881 lsst_hardware_r -4.912588183440054 23.309999465942383 31.489999771118164 AB 3.7620669173722185 1.1482844463555035
61820.1059 lsst_hardware_u -0.09466607938523772 2.740000009536743 28.440000534057617 AB 3.7787618331658166 1.1484143851586628
61822.0582 lsst_hardware_u 2.015898708309768 2.559999942779541 28.270000457763672 AB 3.7045214910972204 1.171822487694186
61822.0756 lsst_hardware_g -5.158067816651352 14.119999885559082 31.389999389648438 AB 3.770266117719104 1.152193786452473
61824.0571 lsst_hardware_r -9.262900794424588 23.290000915527344 31.469999313354492 AB 8.303834355361564 1.165532227575488
61824.0751 lsst_hardware_z -14.187799361356596 42.63999938964844 30.93000030517578 AB 8.150142347145222 1.1492022486104372
61826.0579 lsst_hardware_r -22.883610144146505 23.510000228881836 31.479999542236328 AB 10.329482469929877 1.1581219250598758
61826.076 lsst_hardware_u -2.2767272912837244 2.6700000762939453 28.360000610351562 AB 10.255205739518612 1.1470078187549944
61828.0566 lsst_hardware_g -1.802425652169717 14.09000015258789 31.399999618530273 AB 9.06645938853028 1.15422780248635
61828.0742 lsst_hardware_r 34.60877718375546 23.25 31.489999771118164 AB 8.880217886046244 1.1465742912906707
61830.053 lsst_hardware_i -53.296057044159895 31.459999084472656 31.229999542236328 AB 4.432602989486846 1.152747672969728
61830.0707 lsst_hardware_z 50.8864483527473 42.66999816894531 30.940000534057617 AB 4.320352426373432 1.1465903467020786
61834.0491 lsst_hardware_g 12.993395951458051 27.110000610351562 31.59000015258789 AB 12.290021223214 1.1486001143190654
61834.0676 lsst_hardware_i 97.26219430462193 36.2400016784668 31.25 AB 12.287686044250082 1.1483818732944002
61836.0465 lsst_hardware_z 83.76588941376926 55.866020697212655 30.959999084472656 AB 7.428125335457924 1.147555281238672
61836.0643 lsst_hardware_r 96.32979880187273 60.99046784351299 31.610000610351562 AB 7.426817154804501 1.1493655643236267
61838.0528 lsst_hardware_y -2.3707615770736905 81.95284622679253 30.770000457763672 AB 12.298465613057777 1.147146834122516
61840.0116 lsst_hardware_z 61.923552730662045 72.22817988742159 30.979999542236328 AB 9.442724393155823 1.168027591616198
61840.0306 lsst_hardware_r 93.06784678306497 99.81351406636485 31.6299991607666 AB 9.258013865604562 1.149611606068573
61843.0064 lsst_hardware_y -7.381113719137338 54.768752591634374 30.010000228881836 AB 16.02228661203471 1.1639874037075595
61843.0235 lsst_hardware_z 96.0395579448724 51.705540674018295 30.950000762939453 AB 15.900170459966038 1.1490638092116485
61845.0062 lsst_hardware_y 130.63718472532216 51.69215255561348 30.010000228881836 AB 9.400483359325191 1.157932665899223
61845.0252 lsst_hardware_i 299.99106080611995 35.72237080247392 31.239999771118164 AB 9.366027916509656 1.1468137524806585
61847.0046 lsst_hardware_y 225.61473112797063 52.401449605100225 30.020000457763672 AB 8.91196299493901 1.1543245897207448
61847.0238 lsst_hardware_r 526.8137977772502 33.00795935152622 31.479999542236328 AB 8.879016140952384 1.1465671669618496
61849.0012 lsst_hardware_y 100.23662972037485 53.236216836285486 30.010000228881836 AB 5.462952230311449 1.1526836890515082
61849.0197 lsst_hardware_g 158.69774863600793 20.21212243047496 31.389999389648438 AB 5.592598153828704 1.1466507969850601
61850.9982 lsst_hardware_z 532.5369221176883 54.05148077278768 30.950000762939453 AB 5.8354794023333065 1.150982130637733
61851.0184 lsst_hardware_i 859.1636176774182 42.26515915505878 31.239999771118164 AB 5.880173816835283 1.1474256179592721
61852.9949 lsst_hardware_y 299.98187229437065 58.85264581530598 30.020000457763672 AB 6.412933657525603 1.1497176904160296
61853.0145 lsst_hardware_r 1151.5700844116752 41.921900693914814 31.479999542236328 AB 5.347003819111882 1.1479183810888542
61858.9903 lsst_hardware_y 389.2689018522964 57.19598009799219 30.010000228881836 AB 7.623261990852043 1.1465563368288236
61859.0088 lsst_hardware_u 16.412939449831256 3.586551064988191 28.290000915527344 AB 6.83330049860813 1.154273732872995
62094.3415 lsst_hardware_r -50.48449152695256 23.520000457763672 31.479999542236328 AB 5.7556917505181 1.1470281658426837
62099.336 lsst_hardware_g 12.472895188017752 14.699999809265137 31.40999984741211 AB 6.393813749950364 1.1468724215157178
62099.3564 lsst_hardware_y 0.45551452235842577 80.20999908447266 30.030000686645508 AB 6.431914864903381 1.159739427497905
62102.2202 lsst_hardware_i 34.7538750259819 44.970001220703125 31.229999542236328 AB 5.69982053186053 1.4420798309577558
62104.3452 lsst_hardware_g 43.55524252295263 19.170000076293945 31.5 AB 7.110199625658034 1.1625888473619896
62106.2964 lsst_hardware_r -56.966391090327555 86.72000122070312 31.6299991607666 AB 7.558942511624815 1.152980859003175
62106.3154 lsst_hardware_i 111.26979472602481 67.08000183105469 31.31999969482422 AB 7.489683422774431 1.1466726342598919
62115.2963 lsst_hardware_i 34.46619922287796 33.560001373291016 31.25 AB 9.515913711923726 1.147878614224816
62115.3147 lsst_hardware_z 24.730065048642846 43.880001068115234 30.940000534057617 AB 9.641821855725007 1.162015288427238
62119.2981 lsst_hardware_i -9.138042421617191 31.760000228881836 31.239999771118164 AB 9.554438940857453 1.1559658624574094
62119.3162 lsst_hardware_r 5.85848551558692 23.600000381469727 31.469999313354492 AB 9.756585412671898 1.1807223300614496
62121.2286 lsst_hardware_z 21.920163443462073 61.54999923706055 31.690000534057617 AB 10.116210107784873 1.1909363231704722
62121.2478 lsst_hardware_u 1.0178577366722732 3.8299999237060547 29.149999618530273 AB 9.736742911057876 1.1601949689468019
62123.2243 lsst_hardware_g -27.354016976485767 14.479999542236328 31.40999984741211 AB 6.118888600582351 1.1885375808444327
62123.2468 lsst_hardware_r -3.83805586564419 23.690000534057617 31.5 AB 5.946091967905754 1.1556468525155734
62125.2292 lsst_hardware_i -4.570947121882473 45.099998474121094 31.989999771118164 AB 6.904542206515929 1.1702613909349031
62125.2485 lsst_hardware_z -10.888535866976532 42.959999084472656 30.950000762939453 AB 6.78671833119659 1.150291242575693
62127.2322 lsst_hardware_i 4.335637187037648 31.600000381469727 31.239999771118164 AB 7.873570992392017 1.159327246174138
62127.2552 lsst_hardware_u -2.676423589039014 2.6600000858306885 28.3700008392334 AB 7.681988851543258 1.146565500230337
62130.227 lsst_hardware_g 2.190065560897866 14.550000190734863 31.389999389648438 AB 8.49560169727842 1.1562836898573623
62130.2501 lsst_hardware_r 19.043309472863058 23.84000015258789 31.479999542236328 AB 9.173456355073444 1.1466820443841805
