data/validation/pwv_sim_epoch_fit_4/54625711.ecsv
# %ECSV 0.9
# ---
# datatype:
# - {name: time, datatype: float64}
# - {name: band, datatype: string}
# - {name: flux, datatype: float64}
# - {name: fluxerr, datatype: float64}
# - {name: zp, datatype: float64}
# - {name: zpsys, datatype: string}
# - {name: pwv, datatype: float64}
# - {name: airmass, datatype: float64}
# meta: {SNID: '54625711', alt: 1024.0, c: 0.14460067451000214, dec: -57.970295, lat: -30.244573, lon: -70.7499537, ra: 25.751446, t0: 60590.0,
#   x0: 3.0653271427273613e-06, x1: 0.7091649174690247, z: 0.7493005394935608}
# schema: astropy-2.0
time band flux fluxerr zp zpsys pwv airmass
60510.3625 lsst_hardware_g 89.77234091638707 69.02999877929688 31.65999984741211 AB 3.1318537194853273 1.204559122878972
60510.3875 lsst_hardware_y 54.16046881880223 51.099998474121094 30.010000228881836 AB 5.350756945736894 1.1632080316819335
60518.4401 lsst_hardware_z 9.314057895749018 68.19999694824219 30.969999313354492 AB 4.079349571670776 1.1331526587974379
60524.3308 lsst_hardware_u 0.38351216774946717 2.4700000286102295 28.229999542236328 AB 2.741769799292452 1.192073825779327
60528.4161 lsst_hardware_r 1.530653408498574 22.059999465942383 31.469999313354492 AB 3.6202388125974747 1.1348414553216921
60528.4279 lsst_hardware_g 10.891760828404536 17.06999969482422 31.469999313354492 AB 3.771966765218023 1.1430202318842495
60530.3026 lsst_hardware_u 2.3062392920724903 3.630000114440918 29.059999465942383 AB 5.464327729538558 1.2156457685291564
60530.3218 lsst_hardware_r 13.375621751210142 22.219999313354492 31.459999084472656 AB 5.278393943163688 1.179419557172782
60532.4175 lsst_hardware_z 21.399244319977388 43.119998931884766 30.940000534057617 AB 5.715385721816115 1.1434582971289327
60532.4293 lsst_hardware_i 13.119036512712505 37.869998931884766 31.260000228881836 AB 5.690815963304884 1.1552024284810727
60540.4152 lsst_hardware_z -27.240851157453402 56.29999923706055 30.969999313354492 AB 2.1397887390582158 1.1648278383550439
60540.4261 lsst_hardware_r -57.06529509300087 56.59000015258789 31.610000610351562 AB 2.8124401022582775 1.1810772082969774
60542.41 lsst_hardware_i 19.607891192784138 73.52999877929688 31.309999465942383 AB 1.2816959806671941 1.1651781642429038
60542.4198 lsst_hardware_z -35.07752849942591 68.0999984741211 30.969999313354492 AB 1.7941415394739675 1.1797095054076205
60545.3886 lsst_hardware_z -39.182788600382956 72.0 31.709999084472656 AB 4.370830793432955 1.1495883730672978
60547.1534 lsst_hardware_r -29.53559154538168 33.720001220703125 32.119998931884766 AB 3.581878667094786 1.662253229373562
60547.167 lsst_hardware_y -161.92486012097652 73.55999755859375 30.6200008392334 AB 3.403238861909426 1.5690358976069276
60548.3931 lsst_hardware_z 130.85468196144353 62.20000076293945 31.690000534057617 AB 3.760981301426002 1.1644806258769262
60550.3896 lsst_hardware_g -2.3878851425724497 16.209999084472656 31.450000762939453 AB 8.696461987940255 1.1671536690296949
60550.4004 lsst_hardware_r -11.313601521979681 24.049999237060547 31.479999542236328 AB 8.799908996065922 1.1837380947088945
60554.3863 lsst_hardware_i -19.650341575659933 31.219999313354492 31.229999542236328 AB 2.489042042696926 1.1785236944587718
60554.3966 lsst_hardware_z 41.66639058709089 43.40999984741211 30.93000030517578 AB 2.491012862916034 1.196451903417884
60556.3749 lsst_hardware_z 120.57052718609327 43.01110050447601 30.940000534057617 AB 2.352406160873054 1.1695270303052014
60556.387 lsst_hardware_i 4.4929721004532945 31.36615510912481 31.229999542236328 AB 2.718581155806635 1.1888838873789949
60558.3658 lsst_hardware_u -0.32075792401993225 2.4702808954936053 28.239999771118164 AB 1.0426978786648242 1.1644834382482914
60558.3783 lsst_hardware_g -1.4621127926480735 12.864118842173045 31.31999969482422 AB 0.8391592627842264 1.1833033082738798
60560.385 lsst_hardware_r 9.302488513573266 22.516639955754567 31.450000762939453 AB 2.7717715452951093 1.2058170875703782
60560.3971 lsst_hardware_i -23.59679479970906 32.37105445716141 31.219999313354492 AB 2.801585354783713 1.2326400329032983
60567.3514 lsst_hardware_i 279.57526527045195 34.897536310343746 31.239999771118164 AB 1.5962254242168565 1.1794769144459532
60567.363 lsst_hardware_z 142.6142346989529 45.21227677611357 30.940000534057617 AB 1.5763048623089315 1.2000798342664114
60569.2356 lsst_hardware_i 294.79565562020156 67.22341355245797 31.309999465942383 AB 2.019357720977519 1.152272593995595
60569.2476 lsst_hardware_z 282.2542203798708 61.85341184020807 30.969999313354492 AB 2.011467548063833 1.1411502731073184
60570.2384 lsst_hardware_r 262.3130357729231 94.53503811040977 31.6299991607666 AB 1.5806363953753342 1.146704355510706
60570.2482 lsst_hardware_z 175.2198978879798 67.29308663712146 30.969999313354492 AB 1.5782251426712022 1.1386905791277666
60572.3593 lsst_hardware_z 414.68786976866767 65.14753688460037 30.959999084472656 AB 6.337168816388955 1.2209168319793766
60572.3715 lsst_hardware_i 468.3674252568111 71.49377693612679 31.290000915527344 AB 6.515758047023555 1.2507453780638365
60575.3022 lsst_hardware_z 595.0049987553227 52.573200800195146 30.959999084472656 AB 2.3908165403465316 1.1453013366929492
60575.3144 lsst_hardware_r 524.9483582550482 51.45314104240599 31.600000381469727 AB 2.3992907481399546 1.1581451720707745
60579.3358 lsst_hardware_g 99.37462199202048 18.319429230070863 31.399999618530273 AB 5.855708831119777 1.211358881075875
60579.3474 lsst_hardware_r 597.6678087049388 34.2026297959181 31.459999084472656 AB 6.045365872481744 1.237958881737086
60581.329 lsst_hardware_r 538.7406994806331 33.0946271947379 31.440000534057617 AB 7.282073184532324 1.2085592727249481
60581.3405 lsst_hardware_i 978.3937373294094 43.684296996537434 31.209999084472656 AB 8.53254023463487 1.2344233937214015
60583.3275 lsst_hardware_z 740.8800650284986 50.623183804200984 30.93000030517578 AB 5.471626363353937 1.2169987462976959
60583.3395 lsst_hardware_r 614.5234877488706 33.698265038492536 31.450000762939453 AB 5.202061188610304 1.2456048819403405
60585.3291 lsst_hardware_u -1.1924703874693874 2.609244758907236 28.309999465942383 AB 4.029483593293498 1.2332636992330164
60585.3411 lsst_hardware_r 624.7362355636867 33.84491016703242 31.450000762939453 AB 3.667604683293912 1.264691270101349
60587.3157 lsst_hardware_g 82.37585755579829 15.653364566523601 31.329999923706055 AB 8.40151536186364 1.215086828597143
60587.327 lsst_hardware_i 1055.2539830203352 45.27548211660815 31.209999084472656 AB 8.596240981725112 1.2415734892482468
60589.3077 lsst_hardware_z 789.6564644218569 50.86548387380595 30.93000030517578 AB 5.729903080309891 1.2096910092141224
60589.3201 lsst_hardware_r 632.7316435577676 33.29560829797006 31.450000762939453 AB 5.750785460388028 1.2379704636313977
60591.23 lsst_hardware_r 641.0460239908678 32.80334245769594 31.479999542236328 AB 3.3901907577975225 1.1294361214206072
60591.2413 lsst_hardware_u -3.177250998184422 2.621891799514582 28.389999389648438 AB 3.4550239398038682 1.133414086321855
60593.2975 lsst_hardware_r 575.1934548041365 32.38404646436973 31.459999084472656 AB 5.451236782414958 1.211206513645719
60593.3086 lsst_hardware_i 973.2117195574515 45.02471388551371 31.229999542236328 AB 5.5666080550999535 1.23654313435885
60595.2865 lsst_hardware_z 688.2656438209309 52.79885258437713 30.940000534057617 AB 6.677751596974537 1.1999913019811081
60595.2976 lsst_hardware_r 558.168379376126 31.812974533669564 31.459999084472656 AB 6.475922892484879 1.2234111257841773
60597.3079 lsst_hardware_z 775.1307856253994 59.33756767254331 30.950000762939453 AB 7.157124552307115 1.263467909669282
60597.3189 lsst_hardware_r 465.94529205081096 52.771638778565 31.56999969482422 AB 7.401082410757524 1.2966156991515394
60598.3008 lsst_hardware_i 1028.8626715790936 67.68958285206273 31.290000915527344 AB 8.769607416663654 1.2515197416925985
60598.3135 lsst_hardware_z 576.729948065682 64.24289386466967 30.950000762939453 AB 9.047561819106537 1.2881536451672733
60602.2935 lsst_hardware_y 332.5127452038477 55.79792987970206 29.989999771118164 AB 1.5477109865566907 1.261378147152967
60602.3041 lsst_hardware_r 384.9149506702247 74.12261815876255 31.59000015258789 AB 1.6174753584135153 1.2929459299874646
60606.2465 lsst_hardware_i 763.0482931776571 44.743631057624896 31.239999771118164 AB 1.9250241962245414 1.1820842469908144
60606.2567 lsst_hardware_z 648.6464564190974 51.3117405260775 30.93000030517578 AB 3.5401413812556175 1.2004548597001077
60608.278 lsst_hardware_u 1.9974394307695365 2.8654281473701153 28.389999389648438 AB 1.7693944904239465 1.263853207445676
60608.2882 lsst_hardware_r 278.04310727267335 30.42002863219028 31.479999542236328 AB 1.8122813853243533 1.2944867038031096
60612.2338 lsst_hardware_z 487.2270717901707 47.8434551077745 30.940000534057617 AB 6.1557939244202 1.1883772054862403
60612.2454 lsst_hardware_r 269.21161900325677 26.98078129460366 31.469999313354492 AB 6.182092887387991 1.2107506634132374
60614.2287 lsst_hardware_r 166.8953370467296 26.318194117521823 31.469999313354492 AB 5.849265291775998 1.189016033427269
60614.2394 lsst_hardware_u 4.124238915982177 2.682118353291435 28.399999618530273 AB 5.934011639935922 1.2096238988794006
60616.2338 lsst_hardware_g 12.67506749627644 13.584108681364299 31.360000610351562 AB 5.5266661962862065 1.2093361479837705
60616.244 lsst_hardware_r 194.192055194898 25.921246655521166 31.459999084472656 AB 5.604265043469288 1.2321805185442547
60619.1808 lsst_hardware_i 342.8892455776953 36.02720897198847 31.239999771118164 AB 3.538105993472193 1.1442158120428898
60619.1917 lsst_hardware_z 410.6292765256827 46.31303799031665 30.940000534057617 AB 3.5244084872064136 1.1551650236665527
60623.2348 lsst_hardware_g -12.14772960189552 14.63158148071198 31.3700008392334 AB 11.343048258023659 1.25763710451879
60623.2454 lsst_hardware_i 321.9964992146612 35.78396507045939 31.209999084472656 AB 11.643596514251636 1.288673708505678
60625.1917 lsst_hardware_r 52.0653499232579 49.1628880521909 31.59000015258789 AB 3.9742476715835786 1.1773804389227376
60625.1971 lsst_hardware_z 340.46683259314244 52.09455594425999 30.950000762939453 AB 4.0172731590774635 1.1862902750923927
60627.1723 lsst_hardware_i 350.42772185463923 56.40419846934214 31.290000915527344 AB 4.678860388342004 1.158038211783352
60627.1836 lsst_hardware_r 36.726668710243196 65.33225335128206 31.610000610351562 AB 4.697390701190665 1.1733210194056862
60628.1788 lsst_hardware_z 559.7301578682835 84.66856488963226 31.709999084472656 AB 4.443123140686642 1.170269483938536
60630.176 lsst_hardware_r 10.279365945511177 81.80702902530386 31.6200008392334 AB 2.847282862523416 1.174217965161901
60630.1886 lsst_hardware_i 322.7322601903392 65.37806688830291 31.299999237060547 AB 2.6775691438518794 1.1955657572547926
60632.1751 lsst_hardware_z 231.35010079092874 53.871708078622554 30.950000762939453 AB 6.273411736722258 1.1814334720757547
60632.1881 lsst_hardware_r 131.55581310573234 61.06248101749988 31.600000381469727 AB 6.359064736544245 1.2052243044859976
60634.1809 lsst_hardware_u -7.748586301619884 5.700379923941628 28.829999923706055 AB 3.71393285487632 1.2017579684110369
60634.194 lsst_hardware_g 1.4331505883266762 37.46443699483323 31.600000381469727 AB 3.83042266169425 1.2301638415718186
60636.1022 lsst_hardware_g 18.86546188888876 13.219351217095324 31.3700008392334 AB 7.779369557867402 1.128671680503018
60636.1141 lsst_hardware_r 54.02352032841022 23.172823282749878 31.479999542236328 AB 7.783513293518396 1.1315713154784321
60641.1582 lsst_hardware_i 115.86293295358091 33.00919634303677 31.229999542236328 AB 5.050421793234033 1.1948947460331425
60641.1698 lsst_hardware_r 45.90940778637644 23.239736702084688 31.450000762939453 AB 4.076923074967234 1.218507519292822
60643.1554 lsst_hardware_u -8.146900005302678 2.5958440171119297 28.329999923706055 AB 6.299178520843271 1.1999578094758823
60643.1679 lsst_hardware_g 14.550249164726996 13.46376859850878 31.34000015258789 AB 5.479579624624377 1.2265884848433133
60649.1162 lsst_hardware_z 165.63805812175457 44.111278777592915 30.940000534057617 AB 6.093000341773233 1.1630452725046732
60649.1283 lsst_hardware_i 51.49991578532663 32.681050662180056 31.229999542236328 AB 6.46205849462833 1.1808238455235445
60651.1183 lsst_hardware_z 156.1774632100965 45.02901680897203 30.940000534057617 AB 4.4646281353529425 1.1736924140521443
60651.1294 lsst_hardware_g 6.908799673075504 18.04918386027015 31.459999084472656 AB 4.410961850054434 1.1921518513660632
60653.0769 lsst_hardware_r 19.721646906290154 36.65281473515966 31.579999923706055 AB 8.289490626956821 1.1361173137589868
60653.0882 lsst_hardware_i 102.56340772169047 38.8540672871241 31.270000457763672 AB 10.528939394653639 1.1444499342014827
60655.0784 lsst_hardware_z 222.20073561525433 71.43398120647726 31.709999084472656 AB 15.49028436020003 1.1408859829889115
60657.0752 lsst_hardware_z 39.750431965571025 53.82584559397589 30.950000762939453 AB 9.02723770544452 1.1426883171448758
60657.0879 lsst_hardware_r 13.524927713139357 64.31641276759548 31.610000610351562 AB 8.529053907802782 1.155150525875639
60877.4421 lsst_hardware_r 32.03530013614621 33.77000045776367 31.559999465942383 AB 7.042373953231453 1.1286307870077252
60884.3209 lsst_hardware_i 18.20747660515271 31.469999313354492 31.219999313354492 AB 3.1390265147979917 1.245027869032421
60884.3434 lsst_hardware_r -1.461173708055887 22.200000762939453 31.450000762939453 AB 3.7313792284495375 1.1952206374661518
60894.4177 lsst_hardware_r -0.21105180456888972 47.86000061035156 31.610000610351562 AB 3.751948283872223 1.1369540254158252
60894.429 lsst_hardware_z -102.47204097653368 50.0099983215332 30.959999084472656 AB 3.780860654355044 1.145715349804559
60896.4104 lsst_hardware_r -54.04621032757258 89.19999694824219 31.639999389648438 AB 4.387290527137616 1.1358190871084612
60896.4208 lsst_hardware_y -10.437024204067562 55.72999954223633 30.030000686645508 AB 3.870371725646779 1.143304549338093
60897.4171 lsst_hardware_z -16.599651644641195 64.44999694824219 30.969999313354492 AB 5.682200387682843 1.1424953026405638
60897.429 lsst_hardware_r -31.21583436135147 89.30000305175781 31.6299991607666 AB 5.728809605879727 1.1540324873351808
60899.4148 lsst_hardware_i 0.15602795526815164 54.43000030517578 31.299999237060547 AB 3.485465056207513 1.1452160526392354
60899.4276 lsst_hardware_z -96.72399700237598 61.0099983215332 30.969999313354492 AB 3.6536496938889504 1.158785186770996
60904.411 lsst_hardware_z 20.070475005192748 43.16999816894531 30.950000762939453 AB 4.462309695708438 1.1552905361057444
60904.4213 lsst_hardware_r -22.2380326589444 27.540000915527344 31.530000686645508 AB 4.7206560819229475 1.1684792281987493
60906.4103 lsst_hardware_u 4.349310218493319 2.8499999046325684 28.440000534057617 AB 2.214880283504471 1.1610415604603974
60906.4217 lsst_hardware_g -4.200860240778204 19.06999969482422 31.5 AB 2.5622609620709533 1.1772391279898264
60908.3958 lsst_hardware_g 17.20868736436284 13.0 31.350000381469727 AB 1.265675313910092 1.1506139217364473
60908.4065 lsst_hardware_r 1.2894401542927219 22.360000610351562 31.459999084472656 AB 1.2795037732112762 1.1631852483738874
60910.3867 lsst_hardware_i -4.51916628133946 30.739999771118164 31.219999313354492 AB 2.5788373440889796 1.1469995600099243
60910.3975 lsst_hardware_z 86.56920683816963 42.599998474121094 30.93000030517578 AB 2.6634655500008497 1.158700210267191
60912.3876 lsst_hardware_r -13.939555682747542 22.1299991607666 31.469999313354492 AB 2.547000053905963 1.1535326331095845
60912.3983 lsst_hardware_u 0.20958820987110088 2.5899999141693115 28.34000015258789 AB 2.4801502416740706 1.1668549713827665
60919.3476 lsst_hardware_g 10.599100973051788 12.829999923706055 31.34000015258789 AB 0.9298558097319488 1.1358173571644326
60919.359 lsst_hardware_i 17.24412217510498 30.459999084472656 31.219999313354492 AB 0.9362072867166217 1.1441580039309542
60932.3603 lsst_hardware_i 76.65444485534773 34.70000076293945 31.239999771118164 AB 1.72616786959211 1.193616136631631
60932.3719 lsst_hardware_r -40.96474709528687 30.809999465942383 31.530000686645508 AB 1.8125354285266257 1.217011254605891
60934.3513 lsst_hardware_u -1.264004229595606 2.859999895095825 28.43000030517578 AB 4.9045996749169065 1.1872669268741
60934.3619 lsst_hardware_g -1.274397106491097 15.380000114440918 31.40999984741211 AB 4.967135942136466 1.207373831340992
60936.3543 lsst_hardware_r -24.296392109788215 22.3799991607666 31.459999084472656 AB 1.7868283565664052 1.203048885080899
