data/validation/pwv_sim_epoch_fit_4/54665439.ecsv
# %ECSV 0.9
# ---
# datatype:
# - {name: time, datatype: float64}
# - {name: band, datatype: string}
# - {name: flux, datatype: float64}
# - {name: fluxerr, datatype: float64}
# - {name: zp, datatype: float64}
# - {name: zpsys, datatype: string}
# - {name: pwv, datatype: float64}
# - {name: airmass, datatype: float64}
# meta: {SNID: '54665439', alt: 1024.0, c: 0.01835702545940876, dec: -21.542267, lat: -30.244573, lon: -70.7499537, ra: 201.796875, t0: 61923.5234375,
#   x0: 8.917916345399299e-06, x1: 0.24745015799999237, z: 0.4828353524208069}
# schema: astropy-2.0
time band flux fluxerr zp zpsys pwv airmass
[from data line 132]
62229.2406 lsst_hardware_z -12.966313891197393 74.05999755859375 31.729999542236328 AB 7.234951858865433 1.0150400699891877
62231.235 lsst_hardware_g 0.5219932916608883 31.729999542236328 31.670000076293945 AB 7.107499114355648 1.014970360960917
62231.2538 lsst_hardware_r -84.88539453248397 35.56999969482422 31.59000015258789 AB 7.1321697427385295 1.030263348816236
62233.2169 lsst_hardware_r 4.2327433851355005 24.1200008392334 31.520000457763672 AB 8.773307644114585 1.0113322932696778
62233.2347 lsst_hardware_i -8.235684569129178 31.969999313354492 31.260000228881836 AB 8.836845170483791 1.0179719885360845
62235.2167 lsst_hardware_z -12.000919909417027 41.38999938964844 30.950000762939453 AB 7.393182057153667 1.0122100297307295
62235.2349 lsst_hardware_i 10.213900632894925 31.5 31.260000228881836 AB 7.582023602598526 1.0222953172042386
62237.2176 lsst_hardware_g -4.8163998449936045 15.329999923706055 31.479999542236328 AB 2.840550248467657 1.014482231595592
62237.2356 lsst_hardware_r -12.981926331287065 24.09000015258789 31.520000457763672 AB 2.879103041681699 1.0282510863148926
62241.1498 lsst_hardware_r 15.011944680527229 24.540000915527344 31.520000457763672 AB 10.998403491273336 1.0417456658295814
62241.1672 lsst_hardware_i -1.3777562141054602 31.5 31.260000228881836 AB 10.115855811769581 1.0218036173504628
62243.2079 lsst_hardware_z 28.31696303953293 41.5 30.959999084472656 AB 13.917945079307357 1.0183117147019016
62243.2254 lsst_hardware_u 1.5808928148201933 2.9100000858306885 28.549999237060547 AB 13.739977382707613 1.0355726094895699
62245.2004 lsst_hardware_g -16.56705400246667 15.800000190734863 31.5 AB 9.15387816263481 1.0169845753399762
62245.218 lsst_hardware_r -29.400851610614037 24.670000076293945 31.530000686645508 AB 9.290832698444733 1.0331278541568532
62247.1894 lsst_hardware_i -18.82445928022535 31.610000610351562 31.270000457763672 AB 6.890000886658591 1.014080491584937
62247.2061 lsst_hardware_z 27.758853874196802 41.72999954223633 30.959999084472656 AB 6.9741515437965855 1.0259751446661072
62249.1802 lsst_hardware_i 19.731284214003615 39.040000915527344 31.290000915527344 AB 4.085544293014457 1.0126937849329398
62249.1981 lsst_hardware_z 11.99033280595919 44.38999938964844 30.959999084472656 AB 4.191456306208403 1.0235546535307456
62251.1859 lsst_hardware_z 38.67515140559006 56.650001525878906 30.979999542236328 AB 12.942643956089535 1.018203871066145
62251.2038 lsst_hardware_r 19.819188249361037 70.81999969482422 31.65999984741211 AB 13.10225318290518 1.035887720350917
62253.1818 lsst_hardware_i 44.35402186005768 112.5199966430664 31.34000015258789 AB 3.5887167298914813 1.0191598806933564
62253.2002 lsst_hardware_r -131.00688422371834 142.24000549316406 31.65999984741211 AB 3.6953294995333277 1.0383785035569588
62260.1651 lsst_hardware_i -77.99976509034376 35.58000183105469 31.280000686645508 AB 10.292788214507214 1.0210086513745873
62260.1833 lsst_hardware_z -0.03762515411654075 44.119998931884766 30.959999084472656 AB 9.650163170453041 1.0415062736240432
62262.1429 lsst_hardware_i -2.189016385409175 31.110000610351562 31.260000228881836 AB 3.524607589604069 1.0121880791472941
62262.1622 lsst_hardware_u -1.719615631506068 2.799999952316284 28.489999771118164 AB 3.660798142067254 1.0231885616249836
62267.1402 lsst_hardware_u 5.005843678201356 2.8499999046325684 28.540000915527344 AB 7.8583699361989305 1.0169027124581893
62267.159 lsst_hardware_g -0.14309110275657597 15.170000076293945 31.479999542236328 AB 8.021954328959312 1.034456859210052
62269.105 lsst_hardware_r 52.229181113577404 23.860000610351562 31.520000457763672 AB 6.485116712073194 1.0132467129951264
62269.1264 lsst_hardware_i -48.19992818967279 31.020000457763672 31.260000228881836 AB 7.009638967087084 1.0129536079605612
62276.0909 lsst_hardware_i -48.22112932448821 32.63999938964844 31.270000457763672 AB 8.205658284740624 1.0118366909541083
62276.1112 lsst_hardware_z -73.73726163817993 41.720001220703125 30.950000762939453 AB 8.241619753119979 1.0145196856657737
62278.0675 lsst_hardware_g -19.263062294050872 42.34000015258789 31.700000762939453 AB 5.2039599761651285 1.0207178769856415
62278.0903 lsst_hardware_r 61.061690137127066 44.880001068115234 31.6299991607666 AB 4.75525460438582 1.0112542576846575
62281.0609 lsst_hardware_i -182.21520812692088 93.81999969482422 31.34000015258789 AB 4.9501604288670356 1.019495505893736
62281.0817 lsst_hardware_r 151.65574458816414 116.75 31.670000076293945 AB 4.903665559948877 1.0112735739222265
62284.0776 lsst_hardware_z 42.99168246715209 104.18000030517578 31.75 AB 7.478754387704375 1.01132581307703
62287.0568 lsst_hardware_i 17.179117918877928 40.54999923706055 31.299999237060547 AB 9.265397362049137 1.0129161619119558
62287.0803 lsst_hardware_z -2.4314951708222337 47.060001373291016 30.969999313354492 AB 9.309458963822134 1.0141299015574816
62290.057 lsst_hardware_i -31.03525649801744 30.8799991607666 31.260000228881836 AB 9.03376707939729 1.0112803178548404
62290.0797 lsst_hardware_u -1.472868337838434 2.740000009536743 28.450000762939453 AB 9.154900365289228 1.0183992841970153
62305.0283 lsst_hardware_z -11.555988385142403 59.68000030517578 31.709999084472656 AB 5.088316504307738 1.013020291193577
62306.9966 lsst_hardware_g 9.025504386573356 48.86000061035156 31.719999313354492 AB 3.7218761273157237 1.0152878728753962
62307.0188 lsst_hardware_r 23.60836699466209 51.43000030517578 31.639999389648438 AB 3.578095955725833 1.0119049648545908
62308.998 lsst_hardware_i -55.6905871487412 110.7300033569336 32.09000015258789 AB 5.464065522117004 1.0125202487015559
62309.022 lsst_hardware_z -10.396437944179382 102.47000122070312 31.75 AB 3.1226783721655442 1.014955050541347
62310.997 lsst_hardware_i 180.37813776244093 75.8499984741211 31.34000015258789 AB 4.619411043335444 1.0115498635041118
62311.0185 lsst_hardware_z 83.66892434479524 67.36000061035156 30.989999771118164 AB 4.10104170336311 1.0159895214574781
62313.002 lsst_hardware_g 72.55547109283336 94.8499984741211 31.739999771118164 AB 4.100570681180598 1.0118203687729723
62313.0247 lsst_hardware_r -28.925835164191074 87.80000305175781 31.65999984741211 AB 4.195243482049476 1.024813162295262
62323.9561 lsst_hardware_y 130.3377810386886 97.2699966430664 30.829999923706055 AB 4.137829656074135 1.0128086295615768
62323.9903 lsst_hardware_r -10.837521687076542 34.939998626708984 32.27000045776367 AB 4.162241808856179 1.020970579225162
62325.9545 lsst_hardware_y 199.65100837473477 108.58000183105469 30.84000015258789 AB 2.662077323473915 1.0118119815560298
62325.9861 lsst_hardware_z -3.464753051527857 58.869998931884766 31.700000762939453 AB 3.080095123492514 1.022014143008627
