data/validation/pwv_sim_epoch_fit_4/54774796.ecsv
# %ECSV 0.9
# ---
# datatype:
# - {name: time, datatype: float64}
# - {name: band, datatype: string}
# - {name: flux, datatype: float64}
# - {name: fluxerr, datatype: float64}
# - {name: zp, datatype: float64}
# - {name: zpsys, datatype: string}
# - {name: pwv, datatype: float64}
# - {name: airmass, datatype: float64}
# meta: {SNID: '54774796', alt: 1024.0, c: -0.056567687541246414, dec: -22.669609, lat: -30.244573, lon: -70.7499537, ra: 71.191406, t0: 61771.0234375,
#   x0: 2.0879306060468373e-06, x1: -0.8874253630638123, z: 0.8754417300224304}
# schema: astropy-2.0
time band flux fluxerr zp zpsys pwv airmass
[from data line 133]
62080.2872 lsst_hardware_y -4.6156699248847675 73.13999938964844 30.81999969482422 AB 3.0538127435117697 1.0136576931329175
62082.2609 lsst_hardware_r -135.26946605346555 52.2599983215332 31.649999618530273 AB 5.202969186059671 1.0091585484283898
62082.2784 lsst_hardware_i 31.000324076593486 46.779998779296875 31.31999969482422 AB 5.219915984727468 1.0119875247061798
62083.193 lsst_hardware_i -2.971609012683028 37.040000915527344 31.280000686645508 AB 6.518842850166766 1.0903354129487106
62083.2112 lsst_hardware_z -24.541544492865196 44.779998779296875 30.959999084472656 AB 8.37477397978642 1.0517659444426228
62084.2649 lsst_hardware_z -29.275370870072997 43.099998474121094 30.959999084472656 AB 9.496480779205921 1.0094584936705735
62084.283 lsst_hardware_r 46.48610839518768 34.029998779296875 31.59000015258789 AB 9.533990072008718 1.0181354530933933
62086.1972 lsst_hardware_r -23.206157156665537 22.18000030517578 31.479999542236328 AB 3.6086866602932024 1.0625764323383822
62086.2163 lsst_hardware_u 1.6586859860342493 2.5899999141693115 28.389999389648438 AB 7.0668338936138015 1.0319056549449017
62092.2538 lsst_hardware_z 9.747197009684838 40.40999984741211 30.950000762939453 AB 4.0532360505059195 1.0133090126264799
62092.2746 lsst_hardware_r 44.92140333108455 22.079999923706055 31.479999542236328 AB 4.126775192958192 1.031693798239548
62093.115 lsst_hardware_z 92.7277744649286 44.29999923706055 30.920000076293945 AB 5.800969711698594 1.2899643566152088
62094.2543 lsst_hardware_u -0.15992631234681504 2.609999895095825 28.40999984741211 AB 4.448447676404136 1.0170786342164357
62094.2735 lsst_hardware_g 11.628691631929387 13.510000228881836 31.40999984741211 AB 4.525919237844002 1.037459997213525
62095.1422 lsst_hardware_i 11.850232189649223 30.90999984741211 31.229999542236328 AB 3.2260516347189756 1.1435844150014094
62099.2336 lsst_hardware_i 75.1295626047479 29.959999084472656 31.260000228881836 AB 6.2808009983748265 1.0127465632079544
62099.2525 lsst_hardware_z 28.911631921320367 40.7400016784668 30.950000762939453 AB 6.688018928450427 1.0281351158262713
62103.1263 lsst_hardware_i -18.86195656231479 51.18000030517578 31.299999237060547 AB 5.710229040017558 1.1242083685557602
62103.1428 lsst_hardware_z 33.02058909709931 51.31999969482422 30.969999313354492 AB 5.449059716751296 1.0796987649188527
62106.2213 lsst_hardware_y 209.15648046532888 78.13999938964844 30.81999969482422 AB 6.406499404345202 1.0169046673563813
62111.1985 lsst_hardware_i -20.505554511048604 45.61000061035156 31.309999465942383 AB 4.097264098797138 1.0116701478511452
62111.2176 lsst_hardware_z -37.42745004422004 48.5 30.969999313354492 AB 4.3458995664689555 1.0257827458227273
62115.1807 lsst_hardware_g 18.011943434865223 13.470000267028809 31.420000076293945 AB 10.196330730591908 1.0095376960982088
62115.1991 lsst_hardware_i 7.5330435764328705 30.049999237060547 31.260000228881836 AB 10.28902394753802 1.018715242330497
62117.1851 lsst_hardware_z 13.654299249906446 40.54999923706055 30.959999084472656 AB 11.207281597291884 1.0130723391550043
62117.2048 lsst_hardware_r -13.71198155120699 22.219999313354492 31.510000228881836 AB 11.386656483676752 1.0298142790699978
62123.1227 lsst_hardware_i -29.727933871067517 30.110000610351562 31.270000457763672 AB 3.1548924638137854 1.0235956731132165
62123.1416 lsst_hardware_z -5.889768908188572 40.63999938964844 30.959999084472656 AB 3.3587652536728028 1.0109150500139152
62126.0371 lsst_hardware_z -85.41966597068102 57.31999969482422 30.959999084472656 AB 5.566187458553023 1.2263701368334945
62126.0585 lsst_hardware_r -4.167673708822222 23.8799991607666 31.5 AB 6.219626700291003 1.1403789329467318
62127.1253 lsst_hardware_g -15.883413943403628 15.15999984741211 31.479999542236328 AB 5.02858369433796 1.0133166134686065
62127.1457 lsst_hardware_i -29.419396827125016 30.010000228881836 31.260000228881836 AB 4.891124324450733 1.0091728317300779
62128.0377 lsst_hardware_y 117.32540861107927 64.95999908447266 30.010000228881836 AB 8.013528561423344 1.1990018046567432
62128.0575 lsst_hardware_z 61.781409253030915 43.27000045776367 30.950000762939453 AB 7.208666302039027 1.1258849909473698
62130.1083 lsst_hardware_z 21.875675517208556 44.130001068115234 30.959999084472656 AB 7.721720945818544 1.0193130339345053
62130.1264 lsst_hardware_r -16.918579339729266 37.130001068115234 31.610000610351562 AB 6.987526804556684 1.009758208750966
62132.1163 lsst_hardware_y -34.84532594230111 69.87999725341797 30.81999969482422 AB 5.398367590953602 1.0111827405633156
62135.052 lsst_hardware_y -90.62242858376943 84.94999694824219 30.799999237060547 AB 8.184894920967363 1.0878864367064858
62138.0963 lsst_hardware_r -67.5725693253633 74.16999816894531 31.65999984741211 AB 5.134788980145618 1.012778891547459
62138.1154 lsst_hardware_z -80.51408930274778 57.22999954223633 30.979999542236328 AB 5.098673890002506 1.0091388203864438
62139.0442 lsst_hardware_y 117.01685343052496 53.43000030517578 30.040000915527344 AB 6.9312982120304 1.080398754895238
62139.0666 lsst_hardware_r 11.529099773909712 40.13999938964844 31.600000381469727 AB 7.005067707700366 1.0385827731399861
62140.0953 lsst_hardware_g -62.119300444723045 29.829999923706055 31.65999984741211 AB 2.325001971015361 1.0108704221805918
62140.1157 lsst_hardware_i 16.717474225123688 41.209999084472656 31.299999237060547 AB 2.32381238165841 1.0103532094167
62141.0447 lsst_hardware_y -53.96058480787465 52.2599983215332 30.040000915527344 AB 11.401785151247724 1.0672830807121336
62141.0669 lsst_hardware_r 21.472595692110378 21.719999313354492 31.489999771118164 AB 11.000162605992056 1.0309430746009425
62142.0851 lsst_hardware_z -90.8249616632419 57.279998779296875 31.709999084472656 AB 8.692194363124024 1.0129188583503754
62142.1053 lsst_hardware_r 54.30738998044967 30.940000534057617 32.25 AB 8.65268695889229 1.0092460561882899
62144.0755 lsst_hardware_u -0.7497607767291754 2.640000104904175 28.440000534057617 AB 8.486222391718819 1.0153109073931528
62144.098 lsst_hardware_g 20.22483515525513 13.180000305175781 31.420000076293945 AB 5.7979145888252175 1.0090349092978101
62148.0712 lsst_hardware_z -54.73043160243854 40.2599983215332 30.950000762939453 AB 3.9420423361258354 1.0117529255376028
62148.0918 lsst_hardware_r -24.33837005680567 21.639999389648438 31.489999771118164 AB 5.717714166928347 1.0097954288363011
62154.0523 lsst_hardware_y -43.7700693528694 47.31999969482422 30.059999465942383 AB 3.9504440148473274 1.012934362781366
62154.0732 lsst_hardware_r 11.284570751434742 21.65999984741211 31.489999771118164 AB 3.9364568182051096 1.0093479021038743
62156.0519 lsst_hardware_y 43.976421771037835 47.369998931884766 30.059999465942383 AB 8.36072972572119 1.0107672446973068
62156.0729 lsst_hardware_g 10.545453452124752 14.229999542236328 31.450000762939453 AB 8.301517935643727 1.0106342216468003
62158.0495 lsst_hardware_z 45.72960208746646 42.68000030517578 30.959999084472656 AB 10.90649854891379 1.0098609767512767
62158.0693 lsst_hardware_i -54.92578020988297 32.599998474121094 31.270000457763672 AB 10.922146425600673 1.0113098542222845
62162.0313 lsst_hardware_y -96.43808394102534 78.54000091552734 30.09000015258789 AB 10.95235880355388 1.0125135253354793
62162.0504 lsst_hardware_r 59.01035540173482 58.66999816894531 31.649999618530273 AB 12.042822285257078 1.0092032418718744
62165.0293 lsst_hardware_y -11.171315270453658 73.23999786376953 30.09000015258789 AB 12.896797356661889 1.0101468489033965
62165.0476 lsst_hardware_z -28.639129381835815 60.560001373291016 30.989999771118164 AB 12.8064899796896 1.0104005349008205
