data/validation/pwv_sim_epoch_fit_4/54860691.ecsv
# %ECSV 0.9
# ---
# datatype:
# - {name: time, datatype: float64}
# - {name: band, datatype: string}
# - {name: flux, datatype: float64}
# - {name: fluxerr, datatype: float64}
# - {name: zp, datatype: float64}
# - {name: zpsys, datatype: string}
# - {name: pwv, datatype: float64}
# - {name: airmass, datatype: float64}
# meta: {SNID: '54860691', alt: 1024.0, c: 0.10466518998146057, dec: -16.801838, lat: -30.244573, lon: -70.7499537, ra: 201.796875, t0: 61529.2578125,
#   x0: 1.7672631447591226e-05, x1: 0.6249785423278809, z: 0.3618650734424591}
# schema: astropy-2.0
time band flux fluxerr zp zpsys pwv airmass
[from data line 132]
61849.2841 lsst_hardware_r -2.747154338060077 27.299999237060547 31.540000915527344 AB 5.160460076902555 1.0335044714915549
61851.2615 lsst_hardware_i -22.61108065090581 31.170000076293945 31.25 AB 5.391892085790322 1.0275653124570625
61851.2809 lsst_hardware_z -27.262628889038105 41.59000015258789 30.950000762939453 AB 5.417759338013898 1.0350593376345987
61853.2614 lsst_hardware_r -9.885446762239733 24.010000228881836 31.510000228881836 AB 6.30086441291376 1.0283208159471917
61853.2821 lsst_hardware_g -17.13785705781468 15.220000267028809 31.450000762939453 AB 6.361444426070737 1.0407129161545015
61857.1995 lsst_hardware_z 0.5122002325093459 41.93000030517578 30.950000762939453 AB 7.6388526851307725 1.0623288547836232
61857.2169 lsst_hardware_i -7.832272778601804 31.43000030517578 31.260000228881836 AB 7.9881170929790875 1.0401194131483047
61859.2612 lsst_hardware_u 1.1499016533697697 2.7300000190734863 28.40999984741211 AB 6.9807143708056705 1.0367012666567832
61859.2792 lsst_hardware_g 25.565846194440216 15.3100004196167 31.450000762939453 AB 7.158924729751764 1.0572140190138013
61863.2384 lsst_hardware_z -21.559963926816412 41.29999923706055 30.940000534057617 AB 7.346801862743153 1.029648836795217
61863.257 lsst_hardware_u -1.3079551930199689 2.7200000286102295 28.399999618530273 AB 6.187753765730437 1.042938440204004
61865.2415 lsst_hardware_g 3.261891083593695 15.600000381469727 31.469999313354492 AB 7.3136966506755945 1.0342253100177603
61865.2605 lsst_hardware_r 14.042152924283267 24.579999923706055 31.510000228881836 AB 7.3286703243475975 1.0538783900413258
61867.215 lsst_hardware_r -26.154051812474705 63.75 31.649999618530273 AB 8.934678837606517 1.027565133709778
61867.233 lsst_hardware_i -80.12336563134859 54.630001068115234 31.31999969482422 AB 8.947920703364113 1.032303498921961
61873.141 lsst_hardware_i 148.57228375254508 72.27999877929688 31.329999923706055 AB 9.224364991421433 1.0908877490593987
61873.1617 lsst_hardware_r 7.695211342523101 87.0 31.65999984741211 AB 8.985547261898436 1.0535082280682093
61875.2093 lsst_hardware_z -17.5909529612095 68.87000274658203 31.729999542236328 AB 10.353804817679583 1.0312896992940919
61877.1972 lsst_hardware_g 38.374672191490234 26.360000610351562 31.639999389648438 AB 14.08474442925429 1.0286591836736585
61877.2134 lsst_hardware_r 3.338159745524958 33.36000061035156 31.59000015258789 AB 13.727532759570556 1.0378155909155704
61882.189 lsst_hardware_g 13.057622324427376 15.739999771118164 31.479999542236328 AB 9.480940747581569 1.030705087523136
61882.2091 lsst_hardware_r 8.010286280612386 24.610000610351562 31.520000457763672 AB 8.783964903659111 1.0474142339114167
61884.1828 lsst_hardware_i -28.629593845160823 44.650001525878906 32.0099983215332 AB 8.166599630223157 1.030366577605933
61884.2006 lsst_hardware_r 113.47327004961565 34.75 32.27000045776367 AB 8.272948016733716 1.04393804432111
61893.1151 lsst_hardware_g 9.528032457926647 27.139999389648438 31.639999389648438 AB 13.761792942708576 1.0436669909531757
61893.1351 lsst_hardware_r 0.3209083250949087 30.75 31.579999923706055 AB 11.689652892355344 1.0293811986927777
61896.164 lsst_hardware_z -32.579546362383 88.16000366210938 31.739999771118164 AB 3.6209945359701714 1.0400424718552874
61898.147 lsst_hardware_r 84.69841373004157 205.25999450683594 32.41999816894531 AB 10.067910866720334 1.031548244540985
61898.1658 lsst_hardware_i 47.40789161890768 165.5800018310547 32.09000015258789 AB 10.34519722310941 1.0478801947945717
61900.1437 lsst_hardware_z 59.06947040396512 88.1500015258789 31.0 AB 7.227283477695635 1.0327764421833596
61900.1619 lsst_hardware_r 217.20953533656987 133.3000030517578 31.65999984741211 AB 7.429255852686268 1.0498241902052752
61909.0953 lsst_hardware_g 0.030289311238402075 15.140000343322754 31.459999084472656 AB 8.25263478959488 1.0282482527970762
61909.1155 lsst_hardware_r -4.531529837896747 23.940000534057617 31.510000228881836 AB 8.252740956426392 1.0308087753803536
61911.0771 lsst_hardware_i 4.0312958156850875 31.459999084472656 31.260000228881836 AB 7.28821645369308 1.0339362255203688
61911.0975 lsst_hardware_r -48.72158444209554 24.190000534057617 31.530000686645508 AB 7.395638205676766 1.0275525480284502
61927.033 lsst_hardware_i -13.817837043900163 92.72000122070312 31.34000015258789 AB 4.557185951666491 1.0342158484785047
61927.0521 lsst_hardware_z -58.62708383385037 81.05999755859375 31.0 AB 4.313577685994479 1.0275316069543783
61942.9907 lsst_hardware_z -2.864367312898971 41.52000045776367 30.950000762939453 AB 5.416548176902746 1.0332980116184107
61943.0126 lsst_hardware_i 22.204788302360214 31.389999389648438 31.260000228881836 AB 3.1675655163079117 1.0277629838766749
61945.9793 lsst_hardware_u -1.0478592140180072 2.8499999046325684 28.489999771118164 AB 5.20816657887124 1.0355237257920535
61945.995 lsst_hardware_g 1.7903665962917232 15.5 31.469999313354492 AB 5.143215518809541 1.0280947865423975
61956.9561 lsst_hardware_y -76.53761779321712 71.18000030517578 30.06999969482422 AB 5.782323636939887 1.0312227271728651
61956.9792 lsst_hardware_z -2.363949501023772 61.58000183105469 30.989999771118164 AB 6.737511284726342 1.0287847434304833
61960.9549 lsst_hardware_y 27.85501203231323 77.16999816894531 30.079999923706055 AB 7.390788239146538 1.027937955583141
61960.9743 lsst_hardware_i 15.454608233463826 32.34000015258789 31.270000457763672 AB 8.245974428343045 1.0311979526471236
61962.9573 lsst_hardware_y -16.478617298703295 70.30999755859375 30.06999969482422 AB 10.62368379457844 1.0276840430063634
61962.9768 lsst_hardware_g -1.83519205398134 16.399999618530273 31.489999771118164 AB 11.001325263341819 1.036353598619161
