data/validation/pwv_sim_epoch_fit_4/54908822.ecsv
# %ECSV 0.9
# ---
# datatype:
# - {name: time, datatype: float64}
# - {name: band, datatype: string}
# - {name: flux, datatype: float64}
# - {name: fluxerr, datatype: float64}
# - {name: zp, datatype: float64}
# - {name: zpsys, datatype: string}
# - {name: pwv, datatype: float64}
# - {name: airmass, datatype: float64}
# meta: {SNID: '54908822', alt: 1024.0, c: -0.06531260907649994, dec: -5.379379, lat: -30.244573, lon: -70.7499537, ra: 158.378906, t0: 60570.88671875,
#   x0: 0.00010011275143222204, x1: -0.5627613067626953, z: 0.168673574924469}
# schema: astropy-2.0
time band flux fluxerr zp zpsys pwv airmass
[from data line 133]
60720.1951 lsst_hardware_r 50.742949047276475 141.57000732421875 31.639999389648438 AB 1.6713963123808717 1.1364888796787433
60720.2111 lsst_hardware_z 6.168326958714373 94.93000030517578 30.989999771118164 AB 2.465965417313401 1.1139313008756186
60724.2319 lsst_hardware_z -32.33368597717876 50.939998626708984 30.969999313354492 AB 5.833858556299795 1.1019755489799412
60724.2507 lsst_hardware_r 24.410518306984347 54.47999954223633 31.6200008392334 AB 5.306221972521741 1.1147525152356599
60727.2313 lsst_hardware_y 43.2998916932246 48.31999969482422 30.030000686645508 AB 6.160004339696338 1.1053300448046697
60727.2488 lsst_hardware_g -14.505960177820324 24.43000030517578 31.59000015258789 AB 6.254259068816928 1.1224441975622785
60729.231 lsst_hardware_r 23.299642450065058 24.809999465942383 31.510000228881836 AB 12.948273182510636 1.1089964755055217
60729.2514 lsst_hardware_i 16.782629905764416 32.95000076293945 31.25 AB 12.083337091221694 1.1349408664265836
60736.1603 lsst_hardware_g -19.082529527077153 15.109999656677246 31.420000076293945 AB 3.855364337826405 1.122512969887586
60736.1794 lsst_hardware_i -54.22434316594922 31.719999313354492 31.239999771118164 AB 4.3018220933281475 1.1044472640123613
60738.1997 lsst_hardware_z 28.560064866657168 42.5 30.940000534057617 AB 7.1718437949600915 1.10443670165188
60738.2178 lsst_hardware_r -20.302909289179677 24.31999969482422 31.489999771118164 AB 6.218798056502659 1.1211438460087124
60740.1971 lsst_hardware_y 46.38831713496401 48.220001220703125 30.020000457763672 AB 8.627889198789248 1.1061396408704165
60740.2158 lsst_hardware_g -1.152547105634461 15.25 31.43000030517578 AB 8.803326288917436 1.1259850294927438
60742.1961 lsst_hardware_r -17.958210644283856 31.600000381469727 31.559999465942383 AB 11.976645887968147 1.1094880277883366
60742.2141 lsst_hardware_i -13.302565794862964 32.22999954223633 31.25 AB 12.21611753679072 1.1318730827670263
60744.1971 lsst_hardware_z -86.63159606783258 57.630001068115234 30.969999313354492 AB 12.162860262795396 1.1158587397059996
60744.2162 lsst_hardware_r 55.78864437607649 68.12000274658203 31.6200008392334 AB 11.549885256486807 1.145755644744779
60748.9972 lsst_hardware_r -149.63312079375368 110.23999786376953 31.440000534057617 AB 18.08459328899359 1.9646933840429475
60749.0038 lsst_hardware_z 78.05240475707396 98.66999816894531 30.899999618530273 AB 17.56230389774906 1.8560715731471114
60751.1211 lsst_hardware_z -8.906847308542753 62.380001068115234 30.969999313354492 AB 8.521206114256996 1.1201795864673474
60751.1406 lsst_hardware_i 50.27570898696766 67.22000122070312 31.31999969482422 AB 9.070287905574748 1.1033854211251992
60753.1161 lsst_hardware_z 29.649425193130376 50.599998474121094 30.969999313354492 AB 9.17271402548922 1.1195907878336868
60753.1357 lsst_hardware_r -95.92326084162072 53.040000915527344 31.6299991607666 AB 7.849955758896795 1.1031416187320076
60755.1606 lsst_hardware_u 4.191211003485953 7.039999961853027 29.100000381469727 AB 5.790107342502477 1.1094816464675405
60755.1792 lsst_hardware_g -5.5558027167075394 34.880001068115234 31.649999618530273 AB 6.004177543183313 1.132863687393078
60757.1537 lsst_hardware_r 17.09212818626982 24.079999923706055 31.510000228881836 AB 8.287558796834396 1.1083081349129937
60757.173 lsst_hardware_i -11.170145521609196 31.969999313354492 31.25 AB 7.7887449175087085 1.13163269296556
60759.1033 lsst_hardware_z -32.18726473631484 42.65999984741211 30.950000762939453 AB 10.002263630167844 1.1153386011430946
60759.1225 lsst_hardware_r -3.4356441060807503 24.100000381469727 31.510000228881836 AB 9.9129241856594 1.102007431889802
60761.135 lsst_hardware_u -2.7677936005578627 2.930000066757202 28.559999465942383 AB 7.614081963612986 1.103490139654056
60761.1528 lsst_hardware_r -47.58530979338546 24.149999618530273 31.510000228881836 AB 7.7165618725948875 1.1183423003760706
60763.143 lsst_hardware_i 1.5920592930864312 31.889999389648438 31.260000228881836 AB 7.2690342344095 1.1134594180867246
60763.1614 lsst_hardware_z 1.3251648480781912 42.9900016784668 30.950000762939453 AB 7.535018121908827 1.1400572102948598
60768.1366 lsst_hardware_g 1.606465807351341 14.729999542236328 31.420000076293945 AB 7.042801505470602 1.122090576829553
60768.1548 lsst_hardware_r -45.01718648049195 24.010000228881836 31.479999542236328 AB 7.199105653575279 1.1545354267621473
60772.0577 lsst_hardware_z 185.78787210070382 54.13999938964844 30.959999084472656 AB 12.268310808363957 1.1288125264558155
60772.0772 lsst_hardware_r 43.49488287665117 59.09000015258789 31.6299991607666 AB 12.053646187078266 1.1068545626334496
60774.0554 lsst_hardware_z 88.17420773066337 75.77999877929688 30.979999542236328 AB 8.617708797873691 1.1240978474551535
60774.0747 lsst_hardware_r -204.76132324125794 100.44999694824219 31.639999389648438 AB 8.501229468632497 1.1049646205059351
60777.0491 lsst_hardware_i -152.20685692438624 95.62999725341797 31.329999923706055 AB 7.032341199033446 1.1214960846874928
60777.0664 lsst_hardware_z -157.58979810458015 81.66999816894531 30.989999771118164 AB 7.126322152026521 1.105027469689335
60779.0506 lsst_hardware_r 87.11954249837221 93.94999694824219 31.639999389648438 AB 6.511152778549561 1.1133030312985484
60779.0687 lsst_hardware_z 2.5046207505071534 66.37000274658203 30.979999542236328 AB 6.415143236099085 1.1017850126404611
60781.0458 lsst_hardware_g -54.65809665711942 61.09000015258789 31.690000534057617 AB 18.553669458832417 1.1126360336122985
60781.0631 lsst_hardware_r 44.15211155432605 60.27000045776367 31.6299991607666 AB 18.264057754106965 1.1018208433214367
60783.0864 lsst_hardware_i 51.15276516022246 40.36000061035156 31.290000915527344 AB 12.55989077644665 1.1114947589775797
60783.104 lsst_hardware_z 69.60020038364723 47.650001525878906 30.959999084472656 AB 12.825582237264026 1.1350072776339846
60785.0868 lsst_hardware_r 20.722188356583985 24.06999969482422 31.5 AB 7.636815863537305 1.117773648701579
60785.1042 lsst_hardware_g 21.902761572286863 14.9399995803833 31.420000076293945 AB 7.846543901809721 1.1456481094772726
60793.0091 lsst_hardware_i 37.59064207736976 31.530000686645508 31.239999771118164 AB 1.675329621980882 1.1168864146539212
60793.027 lsst_hardware_z -33.2482185311712 42.119998931884766 30.940000534057617 AB 1.654386902463854 1.1029246016425693
60799.0497 lsst_hardware_g 5.815430461984399 29.059999465942383 31.6200008392334 AB 12.212976716048741 1.1191560311609208
60799.0681 lsst_hardware_r -14.060098358806709 34.88999938964844 31.56999969482422 AB 12.643362174987715 1.1500587163810418
60801.0421 lsst_hardware_i 3.516540282542899 57.0 31.309999465942383 AB 4.034492236176259 1.1165826433754262
60801.0604 lsst_hardware_z -120.89770895675856 58.27000045776367 30.969999313354492 AB 4.143190601507236 1.145424301204599
60803.0435 lsst_hardware_r 61.48448044638043 89.26000213623047 31.639999389648438 AB 11.535575693717469 1.1255684343053538
60803.0612 lsst_hardware_z -49.932622907495954 69.5999984741211 30.979999542236328 AB 11.910591498245276 1.159031252870214
60805.0398 lsst_hardware_r -57.409143514804775 93.04000091552734 31.6299991607666 AB 8.528225780781712 1.1282214288638328
60805.0566 lsst_hardware_i 55.72343859769502 76.04000091552734 31.309999465942383 AB 8.411897516377 1.1610624591273098
60806.9991 lsst_hardware_z -65.98459389294227 64.94000244140625 30.979999542236328 AB 12.847250749841324 1.1010041778416264
60807.0195 lsst_hardware_i -80.53714320119228 72.69999694824219 31.31999969482422 AB 11.250133255349818 1.1102470399042552
60808.9678 lsst_hardware_y 48.090264037976596 53.0099983215332 30.030000686645508 AB 8.015359586250833 1.1142244918563784
60808.991 lsst_hardware_z -8.22013522058622 56.27000045776367 30.969999313354492 AB 7.988663118394768 1.1010745821549344
60810.9668 lsst_hardware_y -136.6796514635193 69.91000366210938 30.780000686645508 AB 8.016958672472262 1.1099209016299254
60810.988 lsst_hardware_r -12.454573198301288 34.34000015258789 32.2599983215332 AB 8.05821817680798 1.100999887526802
60815.9639 lsst_hardware_y -39.57872485611572 50.130001068115234 30.030000686645508 AB 7.794861884717781 1.103046493120481
60815.9838 lsst_hardware_g -7.365997407229917 15.5600004196167 31.450000762939453 AB 7.8867836830013385 1.1030466689512362
60821.9556 lsst_hardware_y 44.42244770303642 60.959999084472656 30.040000915527344 AB 6.606408873614622 1.101068145602437
60821.9758 lsst_hardware_i -14.564424428458153 32.619998931884766 31.25 AB 6.521237489060744 1.1079862075767248
