data/validation/pwv_sim_epoch_fit_4/55139215.ecsv
# %ECSV 0.9
# ---
# datatype:
# - {name: time, datatype: float64}
# - {name: band, datatype: string}
# - {name: flux, datatype: float64}
# - {name: fluxerr, datatype: float64}
# - {name: zp, datatype: float64}
# - {name: zpsys, datatype: string}
# - {name: pwv, datatype: float64}
# - {name: airmass, datatype: float64}
# meta: {SNID: '55139215', alt: 1024.0, c: -0.010752055794000626, dec: -17.113819, lat: -30.244573, lon: -70.7499537, ra: 331.875, t0: 60976.5703125,
#   x0: 4.435551307257286e-06, x1: 0.2760429382324219, z: 0.6443060040473938}
# schema: astropy-2.0
time band flux fluxerr zp zpsys pwv airmass
60822.4124 lsst_hardware_i 40.93192555721408 32.290000915527344 31.270000457763672 AB 5.159205189720258 1.0389578995560103
60822.4313 lsst_hardware_y -44.968193911450065 53.95000076293945 30.059999465942383 AB 4.393436898728176 1.0281855601984593
60825.416 lsst_hardware_i 14.806755822234594 32.11000061035156 31.270000457763672 AB 13.308280403856617 1.0307573860242387
60825.4353 lsst_hardware_y 0.4228874625129128 59.130001068115234 30.059999465942383 AB 13.073663328161137 1.0278643259752593
60827.4147 lsst_hardware_g -0.43483226329939684 16.329999923706055 31.5 AB 6.385188257597894 1.0290392034807414
60827.4352 lsst_hardware_y 75.55526100399781 58.41999816894531 30.059999465942383 AB 6.457396857703573 1.0293542992394011
60831.3967 lsst_hardware_i -22.66191161564814 31.950000762939453 31.260000228881836 AB 4.748707441244694 1.0323277046184118
60831.4196 lsst_hardware_y 7.643128808256977 47.41999816894531 30.049999237060547 AB 4.523196046652382 1.027999101511905
60843.3146 lsst_hardware_z 53.461749492444724 61.41999816894531 30.979999542236328 AB 4.253588427756347 1.1080660183018813
60843.3469 lsst_hardware_r 85.66103378587508 70.54000091552734 31.649999618530273 AB 3.468291468270466 1.0476111966181105
60845.3774 lsst_hardware_i 15.948102920945875 37.0099983215332 31.290000915527344 AB 2.990642389328551 1.0274473552618917
60845.3991 lsst_hardware_z -54.74490725779927 44.4900016784668 30.959999084472656 AB 3.0160061419366504 1.0372004844167997
60850.3073 lsst_hardware_u 5.6544981514410555 4.019999980926514 29.229999542236328 AB 3.7196236747720843 1.0807623268103235
60850.3284 lsst_hardware_g 22.301932980731525 21.670000076293945 32.20000076293945 AB 3.6066744587218458 1.046879529404984
60853.3024 lsst_hardware_r 32.79775781949839 24.31999969482422 31.520000457763672 AB 7.266920357111353 1.0742730958845965
60853.3223 lsst_hardware_i 5.697801510665044 31.5 31.260000228881836 AB 7.124384164114674 1.0444779598467964
60859.32 lsst_hardware_z 6.397579352849646 41.349998474121094 30.950000762939453 AB 6.610660724270664 1.0324855358606826
60859.3424 lsst_hardware_u 5.006219382612016 2.740000009536743 28.440000534057617 AB 6.712159695265809 1.0278564672509949
60862.3291 lsst_hardware_g -16.13686681129498 26.950000762939453 31.649999618530273 AB 5.248023002459615 1.0273789688002117
60862.3486 lsst_hardware_r -21.17544333233659 24.1299991607666 31.520000457763672 AB 5.891493733272787 1.0340942969455158
60864.2979 lsst_hardware_r -40.69878765513647 66.56999969482422 31.649999618530273 AB 1.3682955335513631 1.0388173100478935
60864.318 lsst_hardware_i 6.473051450529519 55.130001068115234 31.329999923706055 AB 1.3435528544546902 1.027901450650744
60869.2989 lsst_hardware_z -101.7717135617461 129.89999389648438 31.75 AB 6.279678410702049 1.0294554771642703
60871.2763 lsst_hardware_r -108.32930508195915 80.0199966430664 31.649999618530273 AB 5.5900755950137455 1.0411763075086133
60871.2975 lsst_hardware_i 93.59228738285032 67.77999877929688 31.329999923706055 AB 4.93193331665805 1.028200135508975
60876.281 lsst_hardware_z 47.939055002004174 41.47999954223633 30.959999084472656 AB 2.9062996992473433 1.0290214915309843
60876.3026 lsst_hardware_u -4.3358751927963874 2.880000114440918 28.540000915527344 AB 3.3252991446396285 1.029823209860523
60878.2841 lsst_hardware_g -9.540636065615212 15.25 31.459999084472656 AB 5.041302442359184 1.0274044582098127
60878.3065 lsst_hardware_r 8.945607560129222 24.170000076293945 31.510000228881836 AB 4.965475921679719 1.0352290048326318
60882.2521 lsst_hardware_z 33.33359351226224 41.7400016784668 30.950000762939453 AB 10.983752507649676 1.0360075936285302
60882.2714 lsst_hardware_i -71.6668930458171 31.3799991607666 31.25 AB 10.764423209743994 1.0275318069629624
60885.253 lsst_hardware_u 4.113877563100746 2.880000114440918 28.540000915527344 AB 4.321351063429901 1.0303855338319157
60885.2714 lsst_hardware_g 26.885656607353397 15.460000038146973 31.479999542236328 AB 4.2882184775875505 1.0278567779452423
60887.242 lsst_hardware_r 13.997408653991487 24.3700008392334 31.520000457763672 AB 3.307078059247889 1.0334618935149653
60887.2624 lsst_hardware_i -8.435055164039403 31.510000228881836 31.260000228881836 AB 3.687023280689705 1.027431422991349
60889.2458 lsst_hardware_z -34.521267793652335 59.709999084472656 31.709999084472656 AB 1.8470065193878857 1.0289252231862323
60892.2498 lsst_hardware_z 17.21033868135757 50.34000015258789 30.969999313354492 AB 1.0323936056883627 1.027512919321585
60892.2696 lsst_hardware_r 6.1127801347394515 55.75 31.639999389648438 AB 0.35068287444336044 1.0362458737553126
60898.2285 lsst_hardware_z 60.812334160246124 125.75 31.75 AB 6.62165819643993 1.0274632558870276
60900.2136 lsst_hardware_r 115.97252069175815 66.12000274658203 31.649999618530273 AB 3.606156478009729 1.029717495208013
60900.2321 lsst_hardware_i 93.61109329569791 56.79999923706055 31.329999923706055 AB 3.6116566332534656 1.028205252521686
60903.1924 lsst_hardware_z -18.937099861000256 41.939998626708984 30.950000762939453 AB 5.054584064265827 1.0379555550624784
60903.2103 lsst_hardware_u -1.8108128130112853 2.8499999046325684 28.489999771118164 AB 4.606941309733083 1.0281629882794359
60905.204 lsst_hardware_g 49.03703905340881 22.469999313354492 32.2400016784668 AB 3.2170865150336634 1.0283707560043676
60905.2234 lsst_hardware_r 26.148742618973934 34.88999938964844 32.279998779296875 AB 2.5861247805046856 1.0298157413655162
60907.1774 lsst_hardware_i -15.983308839731045 31.8700008392334 31.260000228881836 AB 2.2583469929671076 1.0417931002039476
60907.1947 lsst_hardware_z -47.539571115657935 41.72999954223633 30.950000762939453 AB 2.2564411544069025 1.0296331984517009
60911.184 lsst_hardware_u -3.6298696059220834 4.0 29.229999542236328 AB 3.0698499920978093 1.0295464046609573
60911.2054 lsst_hardware_g -15.131632460192607 22.219999313354492 32.220001220703125 AB 3.070261757211759 1.0291955161333346
60913.1583 lsst_hardware_r -37.67763267630545 24.579999923706055 31.520000457763672 AB 2.2880475604072923 1.044691070880736
60913.1761 lsst_hardware_i 8.345511202635858 31.6299991607666 31.260000228881836 AB 2.170695093244478 1.0305970769114767
60931.1261 lsst_hardware_i 12.374514356476217 31.309999465942383 31.260000228881836 AB 3.8040099796992175 1.0310134332329894
60931.1437 lsst_hardware_z -8.022655115175192 41.459999084472656 30.950000762939453 AB 3.697046621788256 1.0275520431142806
60935.0961 lsst_hardware_u -1.0552613073098538 2.7300000190734863 28.40999984741211 AB 1.3429785702212524 1.047156779898767
60935.1142 lsst_hardware_r 6.954796945159613 24.149999618530273 31.510000228881836 AB 1.0813798781651038 1.0315229362455038
60937.0946 lsst_hardware_i 57.068544436113136 31.530000686645508 31.260000228881836 AB 5.7873854775576214 1.0427095329213956
60937.1141 lsst_hardware_z 48.67580503029175 41.439998626708984 30.950000762939453 AB 5.68979116676102 1.029143464384605
60944.0976 lsst_hardware_i 23.907264881563524 31.258925099175734 31.25 AB 3.7925448438663714 1.0283473003976062
60944.1175 lsst_hardware_z 30.691580841718114 41.368326259854534 30.950000762939453 AB 3.9121733125027194 1.0300614303587992
60951.0592 lsst_hardware_i -95.06635250385645 80.08030701908838 31.34000015258789 AB 2.96473188426064 1.0398919271347897
60951.0771 lsst_hardware_z 37.71701678045969 72.88179078912015 30.989999771118164 AB 3.010605977951051 1.0287394423205367
60954.0618 lsst_hardware_r 3.6071581523875773 115.71487845396682 31.670000076293945 AB 3.9042697843381062 1.031806492656607
60954.0805 lsst_hardware_z 292.13543400742896 80.22634342723336 31.0 AB 3.897259682862222 1.0275099680181905
60956.0629 lsst_hardware_g 240.69883154119205 90.0843942165756 31.739999771118164 AB 5.343141276289926 1.0289122426892845
60956.0797 lsst_hardware_r 426.24378298774656 87.1867800761335 31.65999984741211 AB 4.778640016857362 1.0283279571450168
60958.0405 lsst_hardware_r 529.0605254869006 32.927281088308874 31.510000228881836 AB 2.4948090046965747 1.0395037519569061
60958.0591 lsst_hardware_i 454.1515808073775 37.84100123106853 31.260000228881836 AB 2.482258920387754 1.028418279403848
60960.0402 lsst_hardware_z 393.5302825081128 46.23180562785169 30.950000762939453 AB 6.360738799449676 1.0351922531450364
60960.0578 lsst_hardware_r 693.8616361505595 35.599746725450906 31.520000457763672 AB 5.579450880088875 1.0276020345494052
60962.0438 lsst_hardware_u 6.88671534494486 3.5465600833838113 28.450000762939453 AB 7.415476962886916 1.029927355956516
60962.0601 lsst_hardware_r 838.4010257542033 38.24257712654705 31.520000457763672 AB 7.399314437005256 1.0276825606951745
60964.0314 lsst_hardware_i 908.8188843132185 43.1959341099477 31.25 AB 8.090751338120509 1.0336976284809645
60964.0483 lsst_hardware_z 632.9558771099339 48.48154388865015 30.950000762939453 AB 8.51045502045324 1.0274604636548639
60969.031 lsst_hardware_g 345.3154242784008 24.513046933563707 31.479999542236328 AB 3.41729111249683 1.027962833399291
60969.0482 lsst_hardware_r 1373.833735167546 45.061929241183385 31.520000457763672 AB 3.0621202838099495 1.0296302232044214
60973.0117 lsst_hardware_y 474.2321749217815 51.763035685485704 30.049999237060547 AB 3.7377637600380376 1.0308702624788888
60973.0298 lsst_hardware_r 1522.6031510604055 46.15454546720977 31.520000457763672 AB 3.7216144361453414 1.0276444666975952
60975.0128 lsst_hardware_y 421.48392213429986 51.693565345552194 30.049999237060547 AB 4.395061235596588 1.0283851969807751
60975.0303 lsst_hardware_r 1547.9415515268583 47.07007843751274 31.530000686645508 AB 4.397644003750992 1.0290697928084847
60977.0006 lsst_hardware_y 355.00036256859653 77.26621715960478 30.079999923706055 AB 3.1970017800629074 1.0309583295913922
60977.0181 lsst_hardware_z 951.6545953436733 55.29467260073824 30.959999084472656 AB 3.1919104735451667 1.0275492456952702
61188.4123 lsst_hardware_i 10.601755311218753 32.38999938964844 31.270000457763672 AB 9.662767710494355 1.0372970418479592
61188.4326 lsst_hardware_y -13.151820852677046 54.560001373291016 30.06999969482422 AB 9.023100874830652 1.0276100001705244
61195.3562 lsst_hardware_z -19.567544971981217 64.56999969482422 30.979999542236328 AB 13.112766114804888 1.0947832281197987
61195.3688 lsst_hardware_y 198.9534470533374 55.56999969482422 30.049999237060547 AB 12.876475098447024 1.0689419806115743
61197.4351 lsst_hardware_i -118.90375348497413 69.94000244140625 31.329999923706055 AB 3.9408440562148876 1.0370642253197073
61218.2961 lsst_hardware_i -101.44762524482421 74.91999816894531 32.04999923706055 AB 7.305557224955067 1.0886755420542533
61218.317 lsst_hardware_z -3.9517349083527753 52.060001373291016 30.969999313354492 AB 7.1924993968928606 1.0518425558486195
61221.3502 lsst_hardware_r 73.65528947542099 105.08000183105469 31.65999984741211 AB 3.630870905397351 1.0277019262375144
61221.369 lsst_hardware_i -127.83852648703443 81.58999633789062 31.34000015258789 AB 3.6996151280431646 1.0365971218949146
61224.3299 lsst_hardware_z -40.79178428486822 83.4800033569336 31.0 AB 6.603107701898151 1.0284947486147695
61224.3501 lsst_hardware_i 6.573445285372714 93.08000183105469 31.34000015258789 AB 6.750669615672697 1.030007570288785
61226.3366 lsst_hardware_z -22.66639097547283 90.01000213623047 31.739999771118164 AB 4.695264098201036 1.0277099295639216
61234.3039 lsst_hardware_i 3.885061744418327 31.389999389648438 31.260000228881836 AB 6.27181984581466 1.0281671878384688
61234.3224 lsst_hardware_z -70.13187428350143 41.63999938964844 30.950000762939453 AB 6.282036601012473 1.0298420657397498
61236.3041 lsst_hardware_r -6.771451095729501 23.899999618530273 31.510000228881836 AB 4.889664082153683 1.027420223881005
61236.3231 lsst_hardware_g 6.6267180403716806 15.109999656677246 31.450000762939453 AB 4.835957904688181 1.033048417556888
61239.2843 lsst_hardware_r 45.71024918341865 33.93000030517578 32.2599983215332 AB 1.9417537004207175 1.0301536055992135
61239.3054 lsst_hardware_i 35.918517202014314 44.15999984741211 32.0 AB 1.8515851188780137 1.0286583993766742
61243.2634 lsst_hardware_i -21.694789892416495 31.299999237060547 31.260000228881836 AB 5.100151340737933 1.0362826341261095
61243.2841 lsst_hardware_z 20.77049613382123 41.34000015258789 30.950000762939453 AB 5.041597699300711 1.0274646308143154
61245.2531 lsst_hardware_r -41.71024263462069 44.2400016784668 31.6200008392334 AB 6.164257658118689 1.040542023342912
61245.2734 lsst_hardware_z 33.67434205557359 45.77000045776367 30.959999084472656 AB 6.089730228845492 1.0282798309503132
61250.2598 lsst_hardware_i -90.03162926580092 106.55000305175781 31.34000015258789 AB 4.297988271231509 1.0282678586621896
61250.2802 lsst_hardware_z 25.90975010614591 88.56999969482422 31.0 AB 4.319227509097607 1.0304934709658884
61252.2431 lsst_hardware_r -33.24018077718792 153.1300048828125 31.670000076293945 AB 3.306325791754485 1.0332268099232764
61252.2636 lsst_hardware_z -115.66594614405933 102.22000122070312 31.0 AB 3.696819674177422 1.0274889656080848
61254.2462 lsst_hardware_r -39.31387937611537 87.05999755859375 31.65999984741211 AB 1.8319633986621384 1.029048391328262
61254.2673 lsst_hardware_i -56.37380981720651 73.79000091552734 31.329999923706055 AB 1.6108776758551249 1.0296437685235698
61257.2364 lsst_hardware_z 32.298187054491606 44.5 30.959999084472656 AB 1.0059559196075452 1.0296375840404761
61257.2563 lsst_hardware_i -12.978696429613183 38.20000076293945 31.280000686645508 AB 0.30757316225709014 1.0286727834685288
61259.2105 lsst_hardware_r -26.541757807552944 24.6299991607666 31.520000457763672 AB 3.332417835657492 1.0451365330586457
61259.2311 lsst_hardware_u -4.2067813396427445 4.010000228881836 29.239999771118164 AB 3.2896635752007852 1.0295749544209853
61259.2545 lsst_hardware_g -15.713007559093766 15.59000015258789 31.479999542236328 AB 4.3887993273449455 1.0299928015360118
61262.2223 lsst_hardware_g -27.67239260965784 15.6899995803833 31.469999313354492 AB 4.653234979533226 1.0298185193168587
61262.2419 lsst_hardware_r -29.941516662835326 24.600000381469727 31.520000457763672 AB 4.787485733160249 1.02846095234377
61267.1944 lsst_hardware_r -9.073855766543664 24.75 31.530000686645508 AB 3.6685714488010652 1.039255367932313
61267.2171 lsst_hardware_g -19.036259633067043 15.850000381469727 31.489999771118164 AB 4.445908573606984 1.0275993467252447
61273.2041 lsst_hardware_z -20.372571743697012 44.33000183105469 30.959999084472656 AB 1.7633710336712862 1.0274059236771915
61273.2231 lsst_hardware_i -65.56921295805228 36.83000183105469 31.280000686645508 AB 1.4278126796246664 1.0337105372848263
61275.1733 lsst_hardware_r 79.82526667884713 56.47999954223633 31.639999389648438 AB 1.9688951025170744 1.0385837280849661
61275.194 lsst_hardware_z -82.15219723389613 50.869998931884766 30.979999542236328 AB 1.9350388498302682 1.0277725931909538
61277.1716 lsst_hardware_y 54.0766051486548 56.56999969482422 30.059999465942383 AB 4.010101741045451 1.0354884853792696
61277.1898 lsst_hardware_r 75.22288349806404 94.45999908447266 31.65999984741211 AB 3.923373909997547 1.0275992430585508
61279.156 lsst_hardware_i 411.5684938625515 131.3300018310547 31.350000381469727 AB 2.0773206112782856 1.0450174954028435
61279.1733 lsst_hardware_z -71.13340431780243 109.44999694824219 31.010000228881836 AB 2.2857168246325292 1.0309954102988403
61285.1527 lsst_hardware_r -45.17388190374767 34.900001525878906 31.600000381469727 AB 3.1844866169963386 1.0334209368802008
61285.17 lsst_hardware_g 13.706672620830917 32.869998931884766 31.68000030517578 AB 2.569957113758185 1.027434880233816
61287.1382 lsst_hardware_u 2.430986199158864 2.8399999141693115 28.489999771118164 AB 1.4570711347748124 1.0407650962677233
61287.1571 lsst_hardware_r 4.683101179958306 24.479999542236328 31.520000457763672 AB 1.4402199356609264 1.0287285254720904
61298.0972 lsst_hardware_g 0.6461242203359222 15.640000343322754 31.489999771118164 AB 1.0618087207621483 1.053730123151538
61298.1157 lsst_hardware_i -17.49372985190374 31.5 31.260000228881836 AB 1.0640928115859085 1.0344388965514342
61304.0995 lsst_hardware_r 43.47564337457057 59.540000915527344 31.639999389648438 AB 4.00485155292376 1.0343108349499814
61304.1203 lsst_hardware_i 15.201189370503213 52.540000915527344 31.31999969482422 AB 4.018234190742373 1.027418611798101
61306.0989 lsst_hardware_z -74.92935702389214 78.62999725341797 31.0 AB 1.3407453057201413 1.0313425428616472
61306.1184 lsst_hardware_r 70.41846632724489 106.73999786376953 31.670000076293945 AB 1.3360704645633585 1.0277465112025834
61310.0718 lsst_hardware_z 28.15083028027188 71.95999908447266 30.989999771118164 AB 2.9246576263579085 1.0445205808421103
61310.0922 lsst_hardware_i -36.63447059001877 83.33999633789062 31.34000015258789 AB 3.3122256769286977 1.029440769830209
61316.0722 lsst_hardware_r -20.171879962432143 24.079999923706055 31.520000457763672 AB 3.069379478710542 1.031031064397226
61316.0925 lsst_hardware_i 5.415337645070113 31.270000457763672 31.260000228881836 AB 3.5993573640965955 1.0279962007130414
61322.0587 lsst_hardware_i -33.9214767916563 31.239999771118164 31.260000228881836 AB 3.474294432994712 1.0297256766433647
61322.0777 lsst_hardware_z -86.3624524654669 41.439998626708984 30.959999084472656 AB 3.210539321861731 1.0283598084118293
61324.0403 lsst_hardware_z 39.79174959751871 41.65999984741211 30.959999084472656 AB 3.5263956042577527 1.0378874534262001
61324.0578 lsst_hardware_r -48.32058888829852 24.190000534057617 31.530000686645508 AB 3.2979559548425814 1.0282548185956917
61327.0403 lsst_hardware_u 3.3425327683210657 2.880000114440918 28.510000228881836 AB 7.562626196316459 1.0320295031079492
61327.0584 lsst_hardware_g 3.7458214972688233 15.489999771118164 31.469999313354492 AB 7.397700329179394 1.0274583790526937
61329.0422 lsst_hardware_r -14.498186406634098 25.770000457763672 31.540000915527344 AB 8.524584596527246 1.0287936997981741
61329.0603 lsst_hardware_i 33.569788199697854 32.08000183105469 31.260000228881836 AB 8.428697167351965 1.0288518330983103
61331.0287 lsst_hardware_z 52.48635847628887 44.18000030517578 30.959999084472656 AB 5.431750173568829 1.03242313306342
61331.0458 lsst_hardware_r 8.669602467515894 34.79999923706055 31.59000015258789 AB 5.834281651156575 1.0274034370433038
61333.0302 lsst_hardware_z -73.74273624817579 56.619998931884766 30.989999771118164 AB 3.07861229865145 1.0291486080680468
61333.0488 lsst_hardware_r 0.25826074910289154 63.939998626708984 31.649999618530273 AB 2.973553807130068 1.0286740568946269
61336.0097 lsst_hardware_y -72.50998329444958 58.439998626708984 30.06999969482422 AB 4.052716508279649 1.0361029038169425
61336.0271 lsst_hardware_i 132.52000678981713 77.01000213623047 31.34000015258789 AB 4.046293383112197 1.0278258419032238
61338.0116 lsst_hardware_y -15.169584030102408 56.189998626708984 30.06999969482422 AB 3.720757629929854 1.0312997542190199
61338.0291 lsst_hardware_r 20.96553757045813 94.6500015258789 31.65999984741211 AB 3.7074350997525376 1.0275121529176676
