data/validation/pwv_sim_epoch_fit_4/55166838.ecsv
# %ECSV 0.9
# ---
# datatype:
# - {name: time, datatype: float64}
# - {name: band, datatype: string}
# - {name: flux, datatype: float64}
# - {name: fluxerr, datatype: float64}
# - {name: zp, datatype: float64}
# - {name: zpsys, datatype: string}
# - {name: pwv, datatype: float64}
# - {name: airmass, datatype: float64}
# meta: {SNID: '55166838', alt: 1024.0, c: -0.03946109488606453, dec: -33.331287, lat: -30.244573, lon: -70.7499537, ra: 330.46875, t0: 63029.95703125,
#   x0: 2.280696070566489e-06, x1: -0.5624696612358093, z: 0.8447679281234741}
# schema: astropy-2.0
time band flux fluxerr zp zpsys pwv airmass
63002.3689 lsst_hardware_i 46.84738448352853 33.694285457615905 31.25 AB 4.785870578478068 1.1521113573610855
63002.3895 lsst_hardware_u 3.310361729841747 3.398250574459474 28.639999389648438 AB 4.8116815967202555 1.090919346293891
63005.3628 lsst_hardware_g 57.33316418914748 16.49412969894756 31.43000030517578 AB 9.514750012839734 1.1449759341564059
63005.3834 lsst_hardware_r 16.776231643030926 24.614676159462956 31.510000228881836 AB 10.354149363207759 1.085767399471273
63010.3618 lsst_hardware_i 270.8937405715816 35.680455103591385 31.25 AB 7.558758669213015 1.106348694052092
63010.38 lsst_hardware_r 132.61147221699315 26.38583991176176 31.510000228881836 AB 7.120908006886097 1.063033639563012
63013.3628 lsst_hardware_u 0.7278867324498822 3.3306290371836638 28.479999542236328 AB 4.125449876397395 1.0827952431489227
63013.3842 lsst_hardware_g 96.23531244037345 18.28048130735337 31.450000762939453 AB 5.126435502669488 1.0407949452176077
63022.3676 lsst_hardware_r 646.8338733092901 88.16776564834925 31.65999984741211 AB 5.360930454753954 1.0292986473128103
63022.3855 lsst_hardware_y 235.5514261823531 54.24109660217486 30.06999969482422 AB 4.650191748431666 1.010911249659058
63031.2681 lsst_hardware_r 882.0718268645428 45.12536084501423 32.209999084472656 AB 15.43991606934152 1.2404694154610931
63031.2892 lsst_hardware_i 1503.5288165923926 59.76403684749649 31.979999542236328 AB 14.367102243569041 1.1539532202807723
63036.2682 lsst_hardware_z 656.9142286838946 49.10550285413104 30.940000534057617 AB 4.101576217714538 1.18110276954732
63036.2935 lsst_hardware_r 387.05372879785386 30.09889015487312 31.5 AB 3.367108685595394 1.0991051691187836
63044.2838 lsst_hardware_z 413.75805902774135 46.53771276876277 30.950000762939453 AB 7.661725707487091 1.0700734228333926
63044.3058 lsst_hardware_i 482.90613814590637 37.848199985691544 31.25 AB 6.936137583049834 1.031626025589326
63046.2459 lsst_hardware_r 174.0779940142843 32.51297398631097 31.530000686645508 AB 3.2370337080912637 1.1623101285784643
63046.2664 lsst_hardware_z 395.20771391797325 46.44629287289427 30.940000534057617 AB 2.8024658769922355 1.0985754123842555
63048.2561 lsst_hardware_r 163.6920783642616 51.35680814570367 31.610000610351562 AB 9.106330035381129 1.1118387573213702
63048.2752 lsst_hardware_i 487.71697213646166 48.46113778147854 31.299999237060547 AB 8.699415263318489 1.0651910448535216
63051.2663 lsst_hardware_z 550.0513658159568 101.84718516744691 31.739999771118164 AB 7.390904155580638 1.0666624557050761
63053.2647 lsst_hardware_z 397.5074802569103 81.70105613338895 31.0 AB 4.669694219074519 1.0588875780214826
63053.2831 lsst_hardware_r 7.009133171163923 116.30078957129031 31.670000076293945 AB 4.628661907291614 1.02912515540469
63061.1623 lsst_hardware_z 262.9544828777257 47.90315561134558 30.920000076293945 AB 10.353300486774385 1.3765551204521973
63061.1798 lsst_hardware_r 25.250044782128967 25.38606109200557 31.459999084472656 AB 9.233783380131916 1.2723967727892953
63063.1632 lsst_hardware_u 2.877778196943936 2.566013963530078 28.200000762939453 AB 3.7930541230969403 1.3355824377101904
63063.1817 lsst_hardware_g 25.376170823860253 15.320243060321154 31.3799991607666 AB 3.736788192190848 1.2359147319963115
63066.1685 lsst_hardware_r 59.55159815931061 25.32112350993832 31.469999313354492 AB 4.017690241578214 1.2603200423207657
63066.1887 lsst_hardware_z 236.674096332803 45.16405928873492 30.940000534057617 AB 3.726538753875877 1.1718982427870364
63068.1674 lsst_hardware_r -21.249689634297376 25.08934841801996 31.469999313354492 AB 7.743101743767075 1.238978877594469
63068.1866 lsst_hardware_u 1.1871387443561685 2.7598581192892646 28.40999984741211 AB 7.259839212130629 1.159564362379443
63070.1582 lsst_hardware_g 19.22534071483184 14.850343385886806 31.3700008392334 AB 7.291757055010253 1.257199492243147
63070.1778 lsst_hardware_r 55.186729452510434 24.609138397526838 31.479999542236328 AB 6.177935815079426 1.1718205924437384
63078.3006 lsst_hardware_y 96.38913129280282 72.02572783855891 30.809999465942383 AB 3.4680940849852946 1.0275073209348329
63080.1615 lsst_hardware_r -318.5649899446711 123.26551082119582 31.639999389648438 AB 2.0804527817052083 1.1336587676169143
63080.1808 lsst_hardware_i 55.762807005148396 97.09643834565136 31.329999923706055 AB 2.040513720003402 1.0806374791491604
63082.1587 lsst_hardware_z 32.91511692906658 88.33395402247878 30.989999771118164 AB 1.5740811351259734 1.1253484433429657
63082.1767 lsst_hardware_r -76.76837023996673 128.9774080992782 31.65999984741211 AB 1.3472330303479376 1.0774990911873668
63084.1558 lsst_hardware_z 134.28493790547776 58.514915724557326 30.969999313354492 AB 2.3427245467801545 1.1176676563973225
63084.1765 lsst_hardware_r 8.768257042719346 70.8191902267626 31.639999389648438 AB 1.7237098434044593 1.0660474215767413
63089.1579 lsst_hardware_r 67.81287690018375 24.094796706936773 31.5 AB 8.847087373959251 1.0767901544466298
63089.1759 lsst_hardware_u -3.5798562654315664 2.849223754144084 28.459999084472656 AB 7.658185997109796 1.0420836627316674
63095.0709 lsst_hardware_z 88.78770739383421 46.25168214434308 30.920000076293945 AB 5.360436247065573 1.3670223135646984
63095.0899 lsst_hardware_u 6.921312450234921 2.7346508877296776 28.309999465942383 AB 5.0702304321922 1.2574196620229896
63096.085 lsst_hardware_r 45.682385327840365 24.71129782982893 31.469999313354492 AB 3.298839526448938 1.2684591873041289
63096.1023 lsst_hardware_i -24.73741013419934 32.76975483913332 31.239999771118164 AB 3.116761950039306 1.1893768174162584
63101.0867 lsst_hardware_z 91.63655622055572 44.24908580542591 30.940000534057617 AB 2.8466325158847825 1.1973217732428107
63101.1055 lsst_hardware_r 29.172206487062663 24.72397937693599 31.510000228881836 AB 2.621720636836424 1.129443462288174
63107.0908 lsst_hardware_z 174.52373871234198 85.90123119900238 31.729999542236328 AB 5.616134994298016 1.1242575682972091
63112.0925 lsst_hardware_g 130.35595093924442 89.73934845108819 31.719999313354492 AB 0.5435789468495196 1.0828265873496405
63112.1106 lsst_hardware_r 12.448215600800708 86.28890238351623 31.649999618530273 AB 0.6721882309442564 1.0462073633373639
63114.0882 lsst_hardware_i -4.930949310386899 31.714203460522857 31.25 AB 1.60574967909601 1.0801006810062848
63114.1075 lsst_hardware_z 1.8933514742919364 46.372089935942775 30.959999084472656 AB 1.5620779200271073 1.0423117793775183
63117.0633 lsst_hardware_z 45.06403416800685 42.981648621591745 30.940000534057617 AB 2.57910536802749 1.124855143429886
63117.0803 lsst_hardware_r 24.100418720259768 23.50722283631055 31.5 AB 2.4252886914259433 1.0794252762076746
63119.0859 lsst_hardware_g 9.953576411783528 14.499672758037617 31.420000076293945 AB 3.7202376061979163 1.0562105489950477
63119.1031 lsst_hardware_i 28.170402116164745 31.150193066806885 31.25 AB 3.6258204207018463 1.0288690923980741
63122.0873 lsst_hardware_z -5.984002289472878 41.84740356311374 30.950000762939453 AB 2.7973500320262286 1.039713819745857
63122.1042 lsst_hardware_r -22.763698758143537 23.467557076568138 31.510000228881836 AB 2.7699473144147926 1.0181758185682017
63124.0842 lsst_hardware_u 5.518894097193811 2.759999990463257 28.479999542236328 AB 1.08760391283578 1.0361421843463627
63124.1022 lsst_hardware_g -19.6436883958883 14.5 31.450000762939453 AB 1.019958982028465 1.0148845592325124
63126.0636 lsst_hardware_g -4.9629087349978045 14.390000343322754 31.440000534057617 AB 0.22797844097130773 1.062423802584735
63126.0808 lsst_hardware_r -13.315482339313762 23.100000381469727 31.510000228881836 AB 0.23496176529916 1.033177421619238
63131.013 lsst_hardware_z -46.31054746651826 43.27000045776367 30.940000534057617 AB 3.01410281270789 1.1653210178650262
63131.0289 lsst_hardware_r 20.424153081844825 25.280000686645508 31.520000457763672 AB 2.833532767127295 1.1135182474957528
63132.9961 lsst_hardware_y 33.49822759229356 50.58000183105469 30.0 AB 3.0317033266925555 1.2109859503466371
63133.0149 lsst_hardware_i -94.94323948890202 37.470001220703125 31.270000457763672 AB 3.21587427392312 1.139774685069332
63136.9991 lsst_hardware_y -45.8757994639437 59.04999923706055 30.020000457763672 AB 4.963405011754394 1.156386831457553
63137.0213 lsst_hardware_z 12.148615863058449 70.13999938964844 30.979999542236328 AB 5.144673393690702 1.0899731766293859
63142.998 lsst_hardware_y 0.4266781717281815 49.099998474121094 30.030000686645508 AB 2.431738963671198 1.1082324091016056
63143.0181 lsst_hardware_r -15.4836915199617 23.209999084472656 31.510000228881836 AB 2.5950984724766535 1.0605947030080538
63144.9977 lsst_hardware_y 24.248693001541277 50.189998626708984 30.030000686645508 AB 3.6310825740149903 1.0944137963575598
63145.0165 lsst_hardware_z -22.36951179217924 41.599998474121094 30.950000762939453 AB 3.599905220106419 1.0532454624229435
63146.9998 lsst_hardware_y 9.651517591016107 48.83000183105469 30.040000915527344 AB 4.826367461161095 1.0761931309264623
63147.0207 lsst_hardware_u 3.537792024182564 2.680000066757202 28.420000076293945 AB 4.725390221428088 1.0371795920605282
63148.9992 lsst_hardware_y -35.42058943482422 49.40999984741211 30.040000915527344 AB 3.107351927042608 1.065682284210097
63149.0189 lsst_hardware_r -6.052148752188115 23.030000686645508 31.510000228881836 AB 2.4766200021247142 1.0319250008852976
63150.9991 lsst_hardware_y -66.81098329783906 50.66999816894531 30.040000915527344 AB 5.561052323870149 1.0551280379224264
63151.0182 lsst_hardware_r -17.51488067291414 22.860000610351562 31.5 AB 6.275547202939168 1.0257514225137574
63152.9996 lsst_hardware_z 44.24051843439812 44.290000915527344 30.959999084472656 AB 7.426793615699295 1.0446172817017225
63153.0181 lsst_hardware_g -4.200940672145642 14.420000076293945 31.450000762939453 AB 7.461012522920488 1.0196702952571288
63155.0003 lsst_hardware_y 51.978970143833166 52.189998626708984 30.059999465942383 AB 8.100584323749057 1.0350530999839076
63155.0195 lsst_hardware_i -33.40230522762864 30.489999771118164 31.25 AB 7.92555727244522 1.0131960547720484
