data/validation/pwv_sim_epoch_fit_4/5520642.ecsv
# %ECSV 0.9
# ---
# datatype:
# - {name: time, datatype: float64}
# - {name: band, datatype: string}
# - {name: flux, datatype: float64}
# - {name: fluxerr, datatype: float64}
# - {name: zp, datatype: float64}
# - {name: zpsys, datatype: string}
# - {name: pwv, datatype: float64}
# - {name: airmass, datatype: float64}
# meta: {SNID: '5520642', alt: 1024.0, c: 0.01811167411506176, dec: -26.443335, lat: -30.244573, lon: -70.7499537, ra: 22.148438, t0: 62731.14453125,
#   x0: 3.2161784362292845e-06, x1: 0.05356169864535332, z: 0.7348771095275879}
# schema: astropy-2.0
time band flux fluxerr zp zpsys pwv airmass
62678.35 lsst_hardware_g -21.83254896744493 14.640000343322754 31.290000915527344 AB 7.804154966027597 1.445213882597703
62678.3696 lsst_hardware_r 55.85094718525998 24.530000686645508 31.450000762939453 AB 7.098145939999564 1.3083738023408615
62680.3494 lsst_hardware_i 25.658089501922383 33.22999954223633 31.200000762939453 AB 7.157388059979274 1.407272524573196
62680.3721 lsst_hardware_z 66.14632394291502 43.95000076293945 30.93000030517578 AB 6.3927625270293 1.2635790931520088
62686.3666 lsst_hardware_u -2.9221316894761094 2.6600000858306885 28.350000381469727 AB 8.868644715618283 1.2104885983237352
62686.3869 lsst_hardware_g 22.461198082161847 14.029999732971191 31.40999984741211 AB 7.143842131241582 1.1322657646727123
62688.3656 lsst_hardware_r 6.114480761927725 23.399999618530273 31.469999313354492 AB 6.760815243214006 1.1911406809262646
62688.3851 lsst_hardware_z -79.9316380174866 42.31999969482422 30.940000534057617 AB 5.574781838625047 1.120634247914396
62697.3597 lsst_hardware_i -44.843034487124534 65.30588397799251 31.309999465942383 AB 4.069392403341835 1.123210710279281
62697.3782 lsst_hardware_z -3.3851072467874688 58.746419283057044 30.979999542236328 AB 5.106705359783618 1.073513844814719
62709.3763 lsst_hardware_u 0.7642888077687328 2.8914323118338716 28.329999923706055 AB 2.9843557660524924 1.021806356785834
62709.3981 lsst_hardware_g 53.86530708282862 14.926255933545693 31.399999618530273 AB 2.9627358274315814 1.0051690678309013
62711.2119 lsst_hardware_r 403.1425858693817 40.58790354285164 32.04999923706055 AB 8.438079762508833 2.0533938422717797
62711.2313 lsst_hardware_i 724.9928279605833 55.45473646381371 31.899999618530273 AB 7.176516662984346 1.7427189565284962
62716.2585 lsst_hardware_r 470.01701955903025 31.96001458041874 31.43000030517578 AB 3.131915185042778 1.3549276162850006
62716.2787 lsst_hardware_i 600.7166089069998 40.24863405129448 31.219999313354492 AB 2.8730002806531973 1.2386736380497383
62722.2538 lsst_hardware_r 718.4952265554648 55.265936481750934 31.56999969482422 AB 4.181256437446827 1.2833813497381297
62722.2713 lsst_hardware_z 665.0637875817944 53.92269810843574 30.950000762939453 AB 3.9035525408305825 1.1974087548560068
62723.2581 lsst_hardware_r 918.1549488743348 62.656657221393885 31.579999923706055 AB 5.382748494400878 1.2460787069624117
62723.2762 lsst_hardware_y 316.69077138705995 52.684664527980004 30.0 AB 4.9936500930916745 1.1665362595553759
62725.2459 lsst_hardware_z 727.7464268542274 67.48984695754686 30.950000762939453 AB 3.4879933634232736 1.2817614564715263
62725.2643 lsst_hardware_r 897.0834118077953 88.23818558152134 31.6200008392334 AB 3.4394377410158863 1.1923516652373434
62731.2586 lsst_hardware_g 278.0816745456668 62.86637434537356 31.68000030517578 AB 3.450658549218302 1.1508908694132585
62731.2794 lsst_hardware_r 843.752128389517 68.7508588543149 31.6299991607666 AB 3.2581651644566523 1.087868168432939
62735.2497 lsst_hardware_i 1115.0725479228713 44.95719074235516 31.229999542236328 AB 2.283967346581807 1.14379468153667
62735.2677 lsst_hardware_u -3.733050481429297 2.7390686367859116 28.40999984741211 AB 1.9430301440425612 1.0898551803548067
62736.2549 lsst_hardware_u -0.5776277033654521 2.726194227135682 28.43000030517578 AB 2.1355729308367732 1.1180522302709863
62736.2709 lsst_hardware_g 74.41549419473834 16.50934497917587 31.399999618530273 AB 2.0661302185860757 1.0754093525496817
62738.2783 lsst_hardware_r 701.5730281154986 33.42545515711335 31.489999771118164 AB 3.442800980324249 1.049101365258786
62738.2961 lsst_hardware_u 2.520809610562339 2.722543129154772 28.479999542236328 AB 2.55027838859469 1.022975687362491
62740.2659 lsst_hardware_u 2.828258250857013 2.7484336038992367 28.479999542236328 AB 2.762432324466516 1.06247397094866
62740.2837 lsst_hardware_g 73.43218863557478 15.70471015859461 31.420000076293945 AB 2.6827283942897524 1.0318186131883662
62742.2563 lsst_hardware_r 491.1152032509317 31.951736670394627 31.489999771118164 AB 6.466766692758224 1.0713662512853255
62742.2723 lsst_hardware_i 905.227805687679 42.366820056495456 31.25 AB 6.328367421477553 1.040735789081935
62744.2591 lsst_hardware_z 578.4428771529398 47.592856362885904 30.950000762939453 AB 5.111106288038811 1.0543073444574163
62744.2772 lsst_hardware_r 464.22665942527226 30.912467987646583 31.489999771118164 AB 4.9427236081935 1.0259934837973015
62747.2751 lsst_hardware_u -1.1526056159377376 2.641042976978342 28.420000076293945 AB 1.296252252901333 1.0190662365576517
62747.2939 lsst_hardware_g 21.05868043062217 15.065397628926462 31.43000030517578 AB 1.527145216134692 1.0053622226034837
62751.1575 lsst_hardware_r 309.98967955674175 51.55759807732574 31.540000915527344 AB 2.7914919225767547 1.3929600412059655
62751.174 lsst_hardware_i 634.0482722110563 50.38768316200703 31.260000228881836 AB 2.9527998364883916 1.2869033935447338
62755.1554 lsst_hardware_z 506.9498450046071 79.36344649587667 30.959999084472656 AB 3.598893985583491 1.3329236983642558
62755.1724 lsst_hardware_r 116.97381684961599 110.03222107466964 31.610000610351562 AB 3.0558592168593393 1.237816391639226
62757.1593 lsst_hardware_i 456.0795899417031 95.18055506019958 31.299999237060547 AB 4.630508771367214 1.2775285723969783
62757.1768 lsst_hardware_z 469.73229657974724 80.62504478757825 30.979999542236328 AB 2.5508676808269493 1.1929233113765934
62758.1718 lsst_hardware_z 468.7141888404916 71.53434115925518 30.969999313354492 AB 1.064260972622774 1.2026680169012884
62758.1841 lsst_hardware_i 419.89369412215365 77.84084911645964 31.31999969482422 AB 1.030457723432982 1.1537126965101496
62760.1608 lsst_hardware_g -71.2899450148083 59.631853813948204 31.649999618530273 AB 3.924110849243708 1.2279154656163906
62760.178 lsst_hardware_r 142.5558455539498 63.7538667009669 31.6200008392334 AB 3.4610715925261166 1.1560347123421058
62765.1689 lsst_hardware_r 39.331284528388494 25.425478283770897 31.479999542236328 AB 4.883793155499565 1.1400077393792039
62765.1866 lsst_hardware_g 40.61151890769816 14.783173483132506 31.40999984741211 AB 4.826944695849025 1.0878030414325253
62772.0922 lsst_hardware_r 105.97621544416205 25.59377510628407 31.40999984741211 AB 6.68697287202096 1.4547966652933668
62772.1105 lsst_hardware_u 2.73372884688468 2.5087759792991515 28.15999984741211 AB 6.080107194345018 1.3234167044338072
62774.0959 lsst_hardware_g 2.654639812349425 14.570795322446694 31.299999237060547 AB 5.348715368271671 1.3843326737682566
62774.1148 lsst_hardware_r 7.302133578306896 24.925614010805226 31.450000762939453 AB 4.8930649524025 1.267140995054485
62780.0943 lsst_hardware_r 131.029340502868 48.872207940249396 31.56999969482422 AB 4.426180466214882 1.2898675407882507
62780.1149 lsst_hardware_z 77.25151346615355 50.34315970466623 30.950000762939453 AB 4.068738613671809 1.1891680881694606
62781.0767 lsst_hardware_z 211.6507430336674 57.217939328812236 30.93000030517578 AB 6.48092409895387 1.3849608075550528
62781.096 lsst_hardware_r 22.849054417136784 60.2937867383041 31.579999923706055 AB 10.207957619595593 1.2654754378721371
62787.0948 lsst_hardware_y 37.49385775774416 58.51563886655524 30.010000228881836 AB 6.254928701687873 1.1933091322775427
62787.1148 lsst_hardware_g 128.68770258014155 99.24262993251135 31.700000762939453 AB 5.87349073777243 1.1206813084855298
62789.0971 lsst_hardware_r 42.985069561648814 42.65061080779656 31.59000015258789 AB 7.20688591719991 1.1624009543870821
62789.1166 lsst_hardware_i 83.64751858704307 47.73622139157801 31.299999237060547 AB 6.81734643370231 1.0995720054358564
62791.1061 lsst_hardware_z 113.70608697492115 43.42043350741439 30.940000534057617 AB 7.683565609823186 1.1139503850125871
62791.1277 lsst_hardware_r 38.10372807017184 23.64048029651485 31.510000228881836 AB 6.78619518628271 1.0603429978566734
62793.1061 lsst_hardware_u -2.6362915038695696 2.839674092158191 28.440000534057617 AB 4.616033943272333 1.0984236712857554
62793.1261 lsst_hardware_r 11.702515930200134 23.44234597230612 31.5 AB 4.088490019561231 1.0528300479556818
62796.1073 lsst_hardware_r 72.34124830051482 23.704240143234692 31.5 AB 4.684829570729044 1.0749130946222918
62796.1245 lsst_hardware_u 1.0655087251163267 2.8772493616210086 28.5 AB 4.5346253942624655 1.0413254885782381
62799.1028 lsst_hardware_g 46.07319481276529 14.381719679026618 31.43000030517578 AB 4.8547832557793935 1.0667118150905512
62799.1214 lsst_hardware_r 45.36117030007831 23.387543677400522 31.510000228881836 AB 4.708796389944699 1.0335373990221495
62801.1074 lsst_hardware_i 50.57470485222486 31.482097562290964 31.25 AB 4.4211959912831125 1.0471391445031646
62801.1252 lsst_hardware_z 40.3614293855687 41.609713620031165 30.959999084472656 AB 3.798231399535415 1.0217165836006497
62803.1109 lsst_hardware_r 30.73797948148108 23.408758424669966 31.520000457763672 AB 3.0068702856701517 1.0329337978942466
62803.1292 lsst_hardware_g 1.2866088560676905 14.236484951543702 31.469999313354492 AB 2.8870162441836773 1.0126328460834397
62807.0028 lsst_hardware_y 173.5258309633138 75.7273172058369 29.950000762939453 AB 12.084094413033785 1.4062718972458728
62807.0213 lsst_hardware_z 183.17476606428028 46.816470090695084 30.940000534057617 AB 11.28919505595149 1.285785313889691
62817.0119 lsst_hardware_y 46.91335705650906 66.5706664498306 30.010000228881836 AB 6.382721848716265 1.1975087896274683
62817.0283 lsst_hardware_r -12.048582804658395 23.354129250630283 31.469999313354492 AB 6.052947571500589 1.1353711740208818
62819.0132 lsst_hardware_y -0.3519869878527724 66.33000183105469 30.020000457763672 AB 7.175767974153598 1.1699621696988576
62819.0328 lsst_hardware_r 14.480856541456365 22.739999771118164 31.479999542236328 AB 6.7066701019974655 1.1048121521582757
62822.0168 lsst_hardware_y 5.672148387367062 60.81999969482422 30.030000686645508 AB 3.949194126668328 1.1283411790480937
62822.0339 lsst_hardware_z -11.9117683383204 41.77000045776367 30.940000534057617 AB 3.7819980739350187 1.0805708782671481
62825.0195 lsst_hardware_y -54.6398922886222 61.439998626708984 30.040000915527344 AB 8.198011093769706 1.0963327812289536
62825.0363 lsst_hardware_u -2.683781818388064 2.8299999237060547 28.440000534057617 AB 7.921226942627996 1.0574795669225552
62829.0253 lsst_hardware_y -60.211327571795415 53.349998474121094 30.049999237060547 AB 8.138480544700338 1.0576322995062166
62829.0441 lsst_hardware_g 21.429022581719554 13.6899995803833 31.43000030517578 AB 7.735378193194251 1.0272746604507073
62831.0251 lsst_hardware_y -16.78084310223547 55.90999984741211 30.049999237060547 AB 5.021127702345269 1.0478146290369927
62831.0411 lsst_hardware_i 9.34507386070857 30.350000381469727 31.260000228881836 AB 5.01005934460498 1.0242378298281394
63046.3493 lsst_hardware_z -22.117078097257505 45.470001220703125 30.90999984741211 AB 2.930127640349913 1.3929772476112885
63046.3699 lsst_hardware_r 9.62242108805146 23.59000015258789 31.459999084472656 AB 2.697735029731188 1.2644645088967368
63048.3524 lsst_hardware_r 31.911312466818952 24.0 31.440000534057617 AB 11.50622718450343 1.3345969012936603
63048.3698 lsst_hardware_y -72.8189989741918 49.560001373291016 29.979999542236328 AB 10.690987093821631 1.2371441188607482
63053.3622 lsst_hardware_i -28.71978415999161 62.59000015258789 31.290000915527344 AB 6.886693105917732 1.2088633637256374
63053.3824 lsst_hardware_z -61.18954536251099 57.63999938964844 30.969999313354492 AB 5.594048338364023 1.1314059876688984
63061.3828 lsst_hardware_u -1.2192141505244558 3.0199999809265137 28.530000686645508 AB 6.401431417801885 1.0708764029613513
63061.4036 lsst_hardware_r -5.975094333700781 23.889999389648438 31.520000457763672 AB 6.099786726024717 1.033117961811359
63070.3641 lsst_hardware_r 12.658076481719329 22.43000030517578 31.489999771118164 AB 4.695441762102474 1.058525289220922
63070.3841 lsst_hardware_i -55.11101044627613 30.040000915527344 31.25 AB 5.2553307646541905 1.0263315622798928
63078.3634 lsst_hardware_r -2.3944267450652585 37.459999084472656 31.600000381469727 AB 4.041462550418151 1.0249281585235064
63078.4011 lsst_hardware_i 34.98488611016295 29.959999084472656 31.260000228881836 AB 4.600615040420655 1.0024036402187537
63082.2503 lsst_hardware_i 9.287885397118723 79.01000213623047 31.270000457763672 AB 1.4052346643165168 1.3982434470811111
63082.2682 lsst_hardware_z -127.41737194852989 68.73999786376953 30.959999084472656 AB 1.2249209489954889 1.2830875862382913
63084.2527 lsst_hardware_r 34.18282728871343 81.98999786376953 31.579999923706055 AB 1.649783501268888 1.3437454703880172
63084.2713 lsst_hardware_z 32.70839035316477 63.119998931884766 30.959999084472656 AB 1.5230053976088598 1.2382157704137071
63086.2575 lsst_hardware_z -78.69638045137003 54.630001068115234 30.940000534057617 AB 4.089982573667113 1.2818583076683385
63086.277 lsst_hardware_i -27.116768847381255 50.369998931884766 31.290000915527344 AB 3.6042729957453488 1.1878302743311047
63089.2532 lsst_hardware_z 37.81475950476702 44.119998931884766 30.93000030517578 AB 8.410877623527599 1.2608121156539647
63089.2713 lsst_hardware_r 39.91956706594758 24.75 31.489999771118164 AB 7.902451681485916 1.1777126201916417
63092.214 lsst_hardware_r -30.694913798751383 24.020000457763672 31.40999984741211 AB 3.675993432833635 1.469515663735213
63092.2309 lsst_hardware_i 20.791391613856728 32.93000030517578 31.209999084472656 AB 3.401021190915898 1.3434806205474612
63096.2522 lsst_hardware_r -5.2490562695020415 22.93000030517578 31.469999313354492 AB 3.530067724735315 1.1776706337732494
63096.2697 lsst_hardware_i 55.500808486186585 30.90999984741211 31.239999771118164 AB 3.346877972591001 1.1166806336843689
63111.2309 lsst_hardware_r -293.1427338407935 156.94000244140625 32.38999938964844 AB 2.418318229049133 1.110296466640762
63111.2685 lsst_hardware_y -38.27080440331047 82.43000030517578 30.809999465942383 AB 3.002878292452468 1.0311491875874095
63112.2721 lsst_hardware_z 82.32756368735615 70.38999938964844 31.0 AB 1.2833374440288141 1.0231231283780076
63112.2913 lsst_hardware_r 157.02290772880846 100.22000122070312 31.670000076293945 AB 1.247278470448435 1.0069524788335051
63114.2693 lsst_hardware_i -114.66260627001897 56.209999084472656 31.31999969482422 AB 2.378500859128972 1.0201590646060357
63114.2888 lsst_hardware_z 82.4554627257276 54.61000061035156 30.979999542236328 AB 2.3334593802604116 1.0055125166304562
63117.1587 lsst_hardware_i -15.578735138780518 32.849998474121094 31.209999084472656 AB 3.6431601338925748 1.3699953497762807
63117.1764 lsst_hardware_z 28.95032366777923 43.91999816894531 30.93000030517578 AB 3.1819777220617116 1.2626895722467109
63122.1579 lsst_hardware_g 0.8722648267854513 13.90999984741211 31.34000015258789 AB 4.666049263760824 1.2892606761485124
63122.1744 lsst_hardware_r 20.955489091757265 23.219999313354492 31.469999313354492 AB 2.6313513961362953 1.206304124145612
63124.1574 lsst_hardware_i 12.92650002816957 32.470001220703125 31.229999542236328 AB 1.738966644712066 1.2621023186491347
63124.1734 lsst_hardware_r -29.499821998687878 23.350000381469727 31.469999313354492 AB 1.1738739697644227 1.1872303107610993
63126.1564 lsst_hardware_u -2.2496302424839745 2.7100000381469727 28.389999389648438 AB 0.8873876920583976 1.239368284997762
63126.1747 lsst_hardware_g 1.6274598704396528 14.050000190734863 31.399999618530273 AB 0.9322380924034092 1.1607031654741096
63131.1704 lsst_hardware_r 2.627340994198131 22.959999084472656 31.479999542236328 AB 2.5370715792881753 1.1283395949690125
63131.1955 lsst_hardware_u 0.9641294806310298 2.630000114440918 28.3799991607666 AB 2.358409937694461 1.0627058410248782
63133.1739 lsst_hardware_z -6.000153632201421 43.22999954223633 30.940000534057617 AB 4.256545592337617 1.1015904742072808
63133.1931 lsst_hardware_i -13.949970759928707 33.310001373291016 31.260000228881836 AB 4.0577289509186825 1.0565626743701817
63137.0747 lsst_hardware_z -76.12119019490709 65.41999816894531 30.90999984741211 AB 7.330912482867324 1.6302388679887683
