data/validation/pwv_sim_epoch_fit_4/5525465.ecsv
# %ECSV 0.9
# ---
# datatype:
# - {name: time, datatype: float64}
# - {name: band, datatype: string}
# - {name: flux, datatype: float64}
# - {name: fluxerr, datatype: float64}
# - {name: zp, datatype: float64}
# - {name: zpsys, datatype: string}
# - {name: pwv, datatype: float64}
# - {name: airmass, datatype: float64}
# meta: {SNID: '5525465', alt: 1024.0, c: 0.1036069244146347, dec: 0.0, lat: -30.244573, lon: -70.7499537, ra: 342.246094, t0: 61256.125,
#   x0: 8.753203190874081e-06, x1: 0.6094027757644653, z: 0.4866325259208679}
# schema: astropy-2.0
time band flux fluxerr zp zpsys pwv airmass
61218.3459 lsst_hardware_z 36.406588557426225 75.4800033569336 31.700000762939453 AB 8.578697081525506 1.1914857057674315
61221.378 lsst_hardware_i -123.62516252746546 73.25 31.309999465942383 AB 4.739771745292987 1.1594826302343215
61221.3972 lsst_hardware_z 76.22728175576695 65.70999908447266 30.969999313354492 AB 4.792102542504695 1.170995163925559
61224.3737 lsst_hardware_i 142.14901883759583 80.69999694824219 31.309999465942383 AB 7.609203525545767 1.160426020899857
61224.3934 lsst_hardware_z -121.17723461845921 72.88999938964844 30.979999542236328 AB 7.5930773923832335 1.1760968674471282
61226.3463 lsst_hardware_z 158.29182433898882 102.02999877929688 31.729999542236328 AB 5.309048038067688 1.164264920628879
61232.3317 lsst_hardware_r 183.9545816585853 27.149706556552754 31.489999771118164 AB 9.975534298129151 1.1631241529912146
61232.3518 lsst_hardware_i 93.71492865468184 34.36454084832666 31.239999771118164 AB 10.889977783030714 1.160411431837398
61234.3313 lsst_hardware_z 306.63136781218515 45.611856278478214 30.940000534057617 AB 7.08016339450193 1.1606825236888412
61234.3494 lsst_hardware_u 0.05696091163803677 3.039990701467083 28.420000076293945 AB 7.06430707471847 1.1616378658274178
61236.3339 lsst_hardware_g 154.3785607957379 19.06630210160168 31.399999618530273 AB 4.368024669335941 1.1592422158532962
61236.3544 lsst_hardware_r 601.6099917193675 35.060340582112815 31.479999542236328 AB 4.2439757352641045 1.1691393210093952
61239.3319 lsst_hardware_i 893.7922111016109 44.148566400437005 31.229999542236328 AB 2.0883075994559945 1.1601708885866635
61239.3523 lsst_hardware_z 768.3855049748367 50.712471483408606 30.93000030517578 AB 1.833258750708862 1.1759196604931763
61243.2972 lsst_hardware_z 1043.7393446022 54.06240596948451 30.93000030517578 AB 5.687976417682632 1.1662859170971154
61243.3169 lsst_hardware_i 1504.7553304356 49.62641092060441 31.229999542236328 AB 5.646099563512284 1.159363360064124
61245.2882 lsst_hardware_z 1333.5157506901908 59.31593006141645 30.950000762939453 AB 6.915401123373471 1.1694590400293354
61245.3103 lsst_hardware_g 864.3699896641255 39.52203786085176 31.579999923706055 AB 5.95693808076627 1.1592756798220396
61247.2895 lsst_hardware_r 2872.121601668434 80.81227458800083 31.610000610351562 AB 12.233573786814267 1.1639198706216798
61247.3093 lsst_hardware_i 2125.1957036937397 68.42833342837518 31.290000915527344 AB 9.811773048957082 1.1599668642367296
61252.2887 lsst_hardware_z 1995.2335211591374 104.99770991370157 30.989999771118164 AB 4.1501746124268735 1.1592936369357407
61252.3096 lsst_hardware_r 3707.059756405189 152.6270246776334 31.6299991607666 AB 3.955673594760216 1.1681000845811107
61254.2935 lsst_hardware_i 2435.15715895693 109.29336131883252 31.309999465942383 AB 1.597255340636115 1.1610773011650946
61254.3132 lsst_hardware_z 2238.1129977953447 97.05061184694736 30.979999542236328 AB 1.6182698347274858 1.1783518214035091
61257.2444 lsst_hardware_z 2053.5027920798325 66.45090594181858 30.940000534057617 AB 1.2696542834397886 1.1832751942588895
61257.2642 lsst_hardware_i 2503.667682628477 65.61414639873377 31.270000457763672 AB 0.5544133651813867 1.1626984240085005
61259.2431 lsst_hardware_u -0.47399388813385146 4.061927668826577 29.110000610351562 AB 3.7124195653511207 1.177362302030061
61259.264 lsst_hardware_g 1390.8162524501122 43.40216350896812 32.16999816894531 AB 4.894919069691315 1.1603687962761657
61265.2409 lsst_hardware_z 1937.2543493520998 60.650518238293564 30.940000534057617 AB 4.098799178742018 1.1635776334816488
61265.2613 lsst_hardware_u 3.1069168150715147 2.8939914624271115 28.40999984741211 AB 3.945024378932943 1.1603012879214538
61267.243 lsst_hardware_g 427.23863548500026 25.679948073576735 31.43000030517578 AB 5.004946886882326 1.1601190388755633
61267.2626 lsst_hardware_r 2240.8209550072356 53.3982433090534 31.489999771118164 AB 5.468276570137966 1.1634631000293543
61269.2401 lsst_hardware_i 2041.6101994979529 54.86527544494646 31.25 AB 4.897935592749515 1.1595491460107752
61269.2593 lsst_hardware_z 1621.0938772645181 58.780519036388284 30.950000762939453 AB 4.118882216764022 1.1649246176239898
61273.212 lsst_hardware_z 1331.3376010965392 58.682678586286585 30.940000534057617 AB 1.6213361704403166 1.1692328152213822
61273.2309 lsst_hardware_i 1815.458972962008 55.85905580171871 31.260000228881836 AB 1.6119621734712395 1.1593374936562706
61275.2166 lsst_hardware_z 2670.141306153314 87.05918913899087 31.709999084472656 AB 2.420989581520543 1.1618890968743607
61285.1913 lsst_hardware_g 132.49356067169143 45.59750247607841 31.649999618530273 AB 2.9137146476642672 1.160996671934228
61285.209 lsst_hardware_r 802.256403928786 56.86951808912202 31.600000381469727 AB 2.533333053793539 1.1611472688409117
61287.1664 lsst_hardware_r 698.0994484778432 35.17783476839821 31.489999771118164 AB 1.6487902508767647 1.177707322054832
61287.1851 lsst_hardware_i 934.666091860139 45.30670374042865 31.239999771118164 AB 1.741959322666033 1.1613062151106888
61298.1262 lsst_hardware_i 635.7987911856703 41.29520532960982 31.229999542236328 AB 1.623445351214138 1.1938561229666416
61298.1435 lsst_hardware_z 622.8995313812134 51.77096585546098 30.940000534057617 AB 1.6088087119058954 1.169475681055721
61300.1287 lsst_hardware_r 305.28166607352455 32.08760606168008 31.510000228881836 AB 0.7737944070314704 1.1807646088984798
61300.1475 lsst_hardware_z 681.3701872926547 51.361251432361485 30.940000534057617 AB 0.587362886010314 1.1623276108383522
61304.1077 lsst_hardware_r 578.1290377249954 79.72212330375312 32.349998474121094 AB 4.426242354769058 1.1979005019672686
61304.1285 lsst_hardware_i 1038.6870760782938 75.7840551418845 32.040000915527344 AB 5.295303153388076 1.1681674726203566
61308.1044 lsst_hardware_z 301.063241105792 111.662029503564 30.979999542236328 AB 5.9341319395685215 1.1844574729678177
61308.1248 lsst_hardware_r 549.538186441688 157.51923676760433 31.6299991607666 AB 5.863237808443087 1.1628025005176164
61310.1048 lsst_hardware_i 537.4872100591145 113.73825522700203 31.309999465942383 AB 3.890126680454985 1.17615319136961
61310.1227 lsst_hardware_z 438.88454956381 96.95901900475964 30.979999542236328 AB 3.76741806872353 1.1611407942643472
61312.1007 lsst_hardware_r 186.98024945435952 71.61114709835462 31.6200008392334 AB 4.3612000611472235 1.1744703934867176
61312.1184 lsst_hardware_z 523.0535517859925 63.0455954857496 30.969999313354492 AB 4.319988007597435 1.1606890735322126
61314.1036 lsst_hardware_g 37.036513615398555 16.1217239022383 31.40999984741211 AB 7.349783292265347 1.166107828584857
61314.1218 lsst_hardware_r 195.35175289416532 28.140786178716784 31.479999542236328 AB 7.338521285844068 1.1592935340055397
61316.1013 lsst_hardware_i 333.59594209836644 36.799394845676616 31.239999771118164 AB 4.1214628456189635 1.1638166920987285
61316.1199 lsst_hardware_z 397.76915040141023 47.56650967799767 30.940000534057617 AB 4.110551433535012 1.1597530612813916
61318.0688 lsst_hardware_z 496.98974570711516 48.15934969529726 30.940000534057617 AB 3.379456663599831 1.199239412207091
61318.0863 lsst_hardware_r 172.58447607944981 28.074533831834856 31.489999771118164 AB 4.187036186981854 1.1721825831415145
61320.0688 lsst_hardware_u -3.8891960894905013 2.808945646295753 28.399999618530273 AB 5.045363081975874 1.1891027768023927
61320.0878 lsst_hardware_r 165.86004021288792 28.036013640015803 31.489999771118164 AB 8.904114276706533 1.165650698963382
61324.071 lsst_hardware_r 183.99500857527218 27.861780340333098 31.5 AB 3.620771820631111 1.1710128785996576
61324.0901 lsst_hardware_u 0.015230881229776262 2.8147576732981587 28.420000076293945 AB 4.870040736850769 1.1595335087739926
61329.0697 lsst_hardware_i 176.0647357757085 36.7747880524236 31.239999771118164 AB 9.628429261094956 1.1616378904240676
61329.0877 lsst_hardware_z 196.5902890133754 47.04569895017402 30.940000534057617 AB 8.975694272240593 1.1607001515893693
61331.0674 lsst_hardware_r -43.002774378010415 32.4900016784668 31.549999237060547 AB 6.685392658763516 1.1603898389429848
61331.0856 lsst_hardware_g 21.124592452902988 27.139999389648438 31.59000015258789 AB 9.868400114704052 1.1621846153042825
61333.0387 lsst_hardware_z 37.290967656894104 53.02000045776367 30.959999084472656 AB 3.518137938854335 1.1806162159526838
61333.0573 lsst_hardware_r 38.714835108256 55.06999969482422 31.610000610351562 AB 3.34668864276432 1.162381004722774
61336.0397 lsst_hardware_i -186.71032169290876 99.93000030517578 31.31999969482422 AB 4.569899978530008 1.169520148056304
61336.0576 lsst_hardware_z 85.74943761712679 87.52999877929688 30.989999771118164 AB 5.053073035244753 1.1594935831217057
61338.0399 lsst_hardware_r -152.5990125115487 119.38999938964844 31.6299991607666 AB 4.205520992099565 1.1647222854253452
61338.0578 lsst_hardware_z -83.27802087827826 82.19999694824219 30.979999542236328 AB 4.435841633764005 1.1594193026762227
61341.0376 lsst_hardware_g -10.158226132547885 15.390000343322754 31.440000534057617 AB 4.138999272538492 1.1613353738884657
61341.0558 lsst_hardware_r -15.167885861993536 45.709999084472656 31.600000381469727 AB 3.0459665940667 1.1610316729816736
61344.0393 lsst_hardware_i -6.035076247442788 32.63999938964844 31.25 AB 5.394972991014536 1.1592743467127662
61344.0574 lsst_hardware_z 2.7541555452673077 43.630001068115234 30.950000762939453 AB 4.759468062570574 1.1672276624396953
61573.4041 lsst_hardware_i -18.045041851061832 52.45000076293945 31.299999237060547 AB 4.293314484234949 1.1603552660094456
61573.425 lsst_hardware_y -168.474425010307 51.36000061035156 30.010000228881836 AB 4.190030045000245 1.16389723472229
61575.3638 lsst_hardware_z 11.215018197238894 63.529998779296875 30.969999313354492 AB 3.096243350640154 1.2004045039959723
61575.3872 lsst_hardware_i 33.30555417939383 68.94000244140625 31.309999465942383 AB 3.3879743253728174 1.1669927063687506
61579.3557 lsst_hardware_r 181.2779541681299 88.58999633789062 31.6200008392334 AB 4.133117127843588 1.1948878658120188
61579.3785 lsst_hardware_i 38.28304894268663 73.08999633789062 31.309999465942383 AB 3.83223627447436 1.1652266582296742
61581.3812 lsst_hardware_z 115.60015623659045 93.54000091552734 31.719999313354492 AB 5.104743582370445 1.1607185786536305
61584.2907 lsst_hardware_i -48.65847966007083 38.959999084472656 31.219999313354492 AB 7.939300531065903 1.3756440795424345
61584.3166 lsst_hardware_z 55.39387234745816 47.59000015258789 30.940000534057617 AB 6.821964870036455 1.2614191260198688
61586.373 lsst_hardware_i 4.976633979862035 32.88999938964844 31.239999771118164 AB 4.084684786123901 1.1594336605517064
61586.3965 lsst_hardware_u 1.4045420852317807 2.859999895095825 28.3700008392334 AB 4.752834345299609 1.1696405427094205
61588.3642 lsst_hardware_g 17.672595016594006 15.539999961853027 31.43000030517578 AB 8.0628147855488 1.1600615968848689
61588.3795 lsst_hardware_r -28.329277414520874 24.969999313354492 31.5 AB 8.567751280912411 1.1614140275060962
61590.3513 lsst_hardware_r 14.184622163930346 24.6299991607666 31.489999771118164 AB 8.500354960135327 1.163316677177483
61590.3717 lsst_hardware_i -9.961452182442512 32.45000076293945 31.239999771118164 AB 8.328388802461442 1.1605084376034893
61597.2231 lsst_hardware_g -8.673686892608497 26.200000762939453 32.06999969482422 AB 13.415185253249517 1.6162873799095803
61597.2519 lsst_hardware_r -4.406729434262314 35.84000015258789 32.189998626708984 AB 12.124612891439128 1.3945419880503458
61599.3494 lsst_hardware_i 11.823165352566392 32.5099983215332 31.229999542236328 AB 7.062806035207873 1.1613910384577735
61599.3729 lsst_hardware_z 21.546989689838806 43.869998931884766 30.93000030517578 AB 7.146279261566682 1.1848589468718937
61606.2907 lsst_hardware_z -27.235347564279746 85.0199966430664 30.979999542236328 AB 3.3392459259923943 1.180501741453828
61606.3108 lsst_hardware_i 51.818564836303445 98.61000061035156 31.31999969482422 AB 3.90507628009959 1.1616200729083335
61610.309 lsst_hardware_r 51.59120618229939 76.45999908447266 31.6200008392334 AB 6.017524589734008 1.1593342818098464
61610.3272 lsst_hardware_i 81.94434245501854 66.06999969482422 31.299999237060547 AB 6.16373721304605 1.166270049772058
61616.2949 lsst_hardware_z 72.99187979489592 43.15999984741211 30.940000534057617 AB 5.1397598722842135 1.1593661246905933
61616.3151 lsst_hardware_u 0.34344027739723687 2.700000047683716 28.350000381469727 AB 5.2154224178987425 1.1701643297955444
61618.2891 lsst_hardware_g -1.633884909856682 21.450000762939453 32.16999816894531 AB 5.109440535193663 1.1593481530523002
61618.3083 lsst_hardware_r -22.729875353498556 34.630001068115234 32.2400016784668 AB 5.639233535326638 1.1688540016222413
61621.2916 lsst_hardware_i -37.12279451857216 32.54999923706055 31.239999771118164 AB 1.0842411598754937 1.1625173265284066
61621.3127 lsst_hardware_z 12.479636948257088 43.86000061035156 30.93000030517578 AB 2.1519323710852403 1.1846586133141979
61623.2461 lsst_hardware_z -31.65660481627168 43.38999938964844 30.93000030517578 AB 2.703219022018983 1.1780015348159858
61623.2665 lsst_hardware_i 24.526420821997107 32.369998931884766 31.239999771118164 AB 1.45529835452507 1.1607564143769253
61628.2435 lsst_hardware_r 78.89550416518037 41.040000915527344 31.579999923706055 AB 7.520440007894788 1.1662007662402751
61628.2608 lsst_hardware_i -32.53289159170205 39.2400016784668 31.270000457763672 AB 7.839076960881824 1.1593266478177726
61630.2593 lsst_hardware_z -17.564494273482534 75.0 31.709999084472656 AB 3.942987923388889 1.1597023304084968
61643.2012 lsst_hardware_r 26.353806395587174 24.799999237060547 31.479999542236328 AB 2.521723034952379 1.1673292604802123
61643.2143 lsst_hardware_g -9.659426201163669 15.319999694824219 31.399999618530273 AB 2.864291634840796 1.1600236118153746
61650.1921 lsst_hardware_z -58.61401233751341 43.70000076293945 30.93000030517578 AB 2.9179499092632297 1.1610265231326886
61650.2104 lsst_hardware_i -35.201045834457034 32.72999954223633 31.229999542236328 AB 2.5354118739092817 1.161523344541169
61673.1095 lsst_hardware_i 51.02044682048052 46.29999923706055 31.989999771118164 AB 5.945632151891114 1.1781305452889084
61673.1279 lsst_hardware_z 37.986028007490475 61.720001220703125 31.690000534057617 AB 6.346381209276892 1.1616317039555017
61681.1018 lsst_hardware_z 3.725013043495588 43.63999938964844 30.940000534057617 AB 4.1458375501140905 1.1640161581976858
61681.1213 lsst_hardware_r 20.56844020185528 24.559999465942383 31.479999542236328 AB 4.106339702392723 1.1599829667777408
61683.1022 lsst_hardware_u 0.8929865923827105 3.180000066757202 28.489999771118164 AB 4.1707234719911535 1.1609529497538742
61683.1217 lsst_hardware_g -20.952472392348024 16.65999984741211 31.450000762939453 AB 4.097359840868961 1.1622067340432058
61687.0666 lsst_hardware_i 24.842502299931983 48.689998626708984 31.290000915527344 AB 3.6686289128863523 1.1849576592000677
61687.0846 lsst_hardware_z -49.998503454864355 51.66999816894531 30.950000762939453 AB 6.639418548937912 1.164571909071581
61690.0696 lsst_hardware_r 45.336839067282654 117.47000122070312 31.6299991607666 AB 6.276902258945355 1.1704269615001828
61690.0874 lsst_hardware_z -11.53520203842338 85.19999694824219 30.989999771118164 AB 6.713125888048685 1.1597182767312701
61691.0692 lsst_hardware_z 6.8309651331225005 95.77999877929688 30.979999542236328 AB 5.639357551854545 1.168173495982173
61691.0876 lsst_hardware_i 211.7999629467732 112.94000244140625 31.31999969482422 AB 6.070458382999522 1.1593694390755849
61695.0693 lsst_hardware_y -1.5988803632369932 54.369998931884766 30.020000457763672 AB 7.5831038615158555 1.1610049546835512
61695.0895 lsst_hardware_g -4.283879832042463 87.19000244140625 31.690000534057617 AB 7.99377677252949 1.16250571126027
61697.0707 lsst_hardware_r -1.680209087150388 24.440000534057617 31.489999771118164 AB 4.3887232260562765 1.1594020498563287
61697.0886 lsst_hardware_i 11.045833831534862 32.279998779296875 31.239999771118164 AB 4.897384718942784 1.1654658726289508
61704.0377 lsst_hardware_r -31.197231427154332 24.600000381469727 31.5 AB 4.534714852851713 1.1649129414557096
61704.0546 lsst_hardware_u 1.2109406802329976 2.8299999237060547 28.450000762939453 AB 2.5352840254780697 1.1593844863281444
61706.0393 lsst_hardware_g -17.141175082326544 15.199999809265137 31.40999984741211 AB 4.143769128495173 1.160990650057018
61706.056 lsst_hardware_i 16.55955528256487 32.75 31.239999771118164 AB 3.1031055023672276 1.1609074082930144
61708.0403 lsst_hardware_z -5.5786066421657745 43.470001220703125 30.93000030517578 AB 5.3064297030752625 1.1594318464139974
61708.0577 lsst_hardware_r 12.756742308771715 24.65999984741211 31.489999771118164 AB 5.977515150496587 1.1648291946403584
61712.0137 lsst_hardware_z 13.746849954106295 46.61000061035156 30.940000534057617 AB 3.430415792811664 1.166576629176183
61712.0329 lsst_hardware_r 14.040750126717448 25.350000381469727 31.489999771118164 AB 3.377507017306628 1.1593936783474301
