data/validation/pwv_sim_epoch_fit_4/55251647.ecsv
# %ECSV 0.9
# ---
# datatype:
# - {name: time, datatype: float64}
# - {name: band, datatype: string}
# - {name: flux, datatype: float64}
# - {name: fluxerr, datatype: float64}
# - {name: zp, datatype: float64}
# - {name: zpsys, datatype: string}
# - {name: pwv, datatype: float64}
# - {name: airmass, datatype: float64}
# meta: {SNID: '55251647', alt: 1024.0, c: 0.06820610910654068, dec: -42.410164, lat: -30.244573, lon: -70.7499537, ra: 273.023712, t0: 60544.37890625,
#   x0: 5.200493572802592e-06, x1: 1.1411011219024658, z: 0.6036011576652527}
# schema: astropy-2.0
time band flux fluxerr zp zpsys pwv airmass
60404.4044 lsst_hardware_u -3.3123376680795196 4.309999942779541 28.809999465942383 AB 8.356313973755912 1.0259440115108547
60404.4162 lsst_hardware_y -22.53368055918831 66.22000122070312 30.06999969482422 AB 8.465771112523392 1.023084819785902
60414.3964 lsst_hardware_z 52.10701445722833 41.25 30.959999084472656 AB 9.80215440963949 1.023189395578235
60414.407 lsst_hardware_y 22.79843588498555 48.16999816894531 30.059999465942383 AB 9.769846352365482 1.025885161256494
60419.3816 lsst_hardware_g 9.631220787446598 14.5 31.440000534057617 AB 4.80846147003408 1.0230769085178895
60419.393 lsst_hardware_r 7.5566740642682655 23.309999465942383 31.510000228881836 AB 4.821018034437966 1.0257485179655246
60421.3858 lsst_hardware_i -36.24432700157457 30.68000030517578 31.25 AB 6.240141955785066 1.0251167531783754
60421.3993 lsst_hardware_z 12.603738664863641 41.08000183105469 30.940000534057617 AB 6.2463912283193155 1.0321628005650128
60425.3771 lsst_hardware_r -89.75230360112369 100.01000213623047 31.65999984741211 AB 4.116316654293157 1.025937230803952
60425.389 lsst_hardware_z 59.277752165409126 68.66000366210938 30.989999771118164 AB 4.147891314488461 1.0326057667336375
60428.3503 lsst_hardware_r -78.95637681507573 85.54000091552734 31.65999984741211 AB 11.776107849623612 1.0231197089160393
60428.3643 lsst_hardware_z 3.3629131332811446 69.56999969482422 30.989999771118164 AB 11.701843555174609 1.024380818953169
60431.3349 lsst_hardware_i 34.8148331587703 39.79999923706055 31.299999237060547 AB 9.13298150336452 1.0244989767738373
60431.347 lsst_hardware_r -65.05652872527587 39.970001220703125 31.6200008392334 AB 9.264695465575683 1.0229696870345526
60434.3355 lsst_hardware_u 1.7698556417037505 2.859999895095825 28.530000686645508 AB 6.848233755213901 1.0230023908897707
60434.3479 lsst_hardware_g -7.906650337262203 15.229999542236328 31.479999542236328 AB 6.845732985687697 1.0243758364497637
60444.3143 lsst_hardware_i 6.551825474102749 30.579999923706055 31.260000228881836 AB 7.42990983140937 1.023168670839052
60444.3273 lsst_hardware_u 3.234045540219968 2.700000047683716 28.440000534057617 AB 7.477321823732914 1.0268225520094636
60446.3039 lsst_hardware_g 29.541403360961297 14.3100004196167 31.43000030517578 AB 6.455551022857125 1.022958645075606
60446.3166 lsst_hardware_r -26.623559474238146 23.0 31.5 AB 6.387282422159547 1.0248073198459002
60448.29 lsst_hardware_i 19.86352666977638 30.549999237060547 31.25 AB 7.778014120697793 1.0240966584197226
60451.2166 lsst_hardware_z 35.84444989135104 100.7699966430664 32.15999984741211 AB 5.265152439871135 1.1006520325840532
60457.2922 lsst_hardware_i 111.94585025625761 74.6500015258789 31.34000015258789 AB 8.028600471763069 1.0270035780957254
60457.3039 lsst_hardware_z -14.656197175096166 65.18000030517578 30.989999771118164 AB 8.210725561062642 1.0343135285823188
60461.2866 lsst_hardware_i -43.03873826222384 33.349998474121094 31.280000686645508 AB 6.267926205607771 1.0298643709408393
60461.2985 lsst_hardware_r -6.934481792509729 28.770000457763672 31.559999465942383 AB 7.117685478040056 1.0390781719766191
60463.2809 lsst_hardware_u -3.202300498039625 2.7100000381469727 28.43000030517578 AB 9.048828987832318 1.0297191883889145
60463.2934 lsst_hardware_g -17.10427172175731 14.550000190734863 31.440000534057617 AB 9.871624287861756 1.0394192306048335
60465.2748 lsst_hardware_r -48.443343034617634 23.290000915527344 31.5 AB 6.360113624544663 1.029338919085803
60465.2883 lsst_hardware_i -59.6874215615871 30.850000381469727 31.25 AB 6.442810195358623 1.0397638735331372
60483.1949 lsst_hardware_i 109.04424515296382 113.43000030517578 31.350000381469727 AB 3.1630194918624435 1.0239899075282242
60483.2079 lsst_hardware_z -83.398598743844 93.06999969482422 31.0 AB 3.1553182825630652 1.0231805488503525
60484.2228 lsst_hardware_z 186.8817141317228 121.38999938964844 31.75 AB 4.1645869632327415 1.0292672809406356
60486.2019 lsst_hardware_y -33.06461364188889 51.95000076293945 30.059999465942383 AB 6.24906321217155 1.0234858129887432
60486.2149 lsst_hardware_r 17.234602759457864 72.87000274658203 31.649999618530273 AB 6.12336420128025 1.027927514064204
60491.0517 lsst_hardware_i -13.407293322436656 33.349998474121094 31.219999313354492 AB 10.456600222520223 1.290832057754978
60491.0602 lsst_hardware_z 60.40398504903929 44.66999816894531 30.93000030517578 AB 10.056610614691106 1.251496737216299
60494.1855 lsst_hardware_z 35.815873256015195 41.22999954223633 30.950000762939453 AB 7.885037986780427 1.0247961772467007
60494.1974 lsst_hardware_i 21.786450887053054 30.950000762939453 31.260000228881836 AB 7.9235498949828225 1.0304264290413787
60496.1832 lsst_hardware_u 4.2706637177353635 2.700000047683716 28.420000076293945 AB 4.996912700809764 1.0259196620879614
60496.1974 lsst_hardware_g -9.85001368925019 14.75 31.440000534057617 AB 5.046528103779598 1.0343012339086914
60500.1347 lsst_hardware_r 32.99500373230098 23.469999313354492 31.520000457763672 AB 9.275860295952363 1.029773929166158
60500.1457 lsst_hardware_i 30.23479289475624 30.8799991607666 31.260000228881836 AB 9.25280221867267 1.0247492120502693
60502.1289 lsst_hardware_z -45.70026643823081 41.36000061035156 30.950000762939453 AB 5.572885243369922 1.0299812549352985
60502.1399 lsst_hardware_r 0.8015004527021952 23.3700008392334 31.510000228881836 AB 5.475805038888845 1.0248558934847174
60505.1316 lsst_hardware_z -51.96942351243324 43.220001220703125 30.959999084472656 AB 7.143490195318423 1.024890989285283
60505.1438 lsst_hardware_r -28.662566704933205 32.38999938964844 31.579999923706055 AB 7.12385972894312 1.022955159239391
60507.1302 lsst_hardware_i 45.96550541939994 47.27000045776367 31.309999465942383 AB 1.6380921982510568 1.0238076239069105
60507.1422 lsst_hardware_z 49.958976174626706 49.400001525878906 30.969999313354492 AB 1.637064159964091 1.0231650999775568
60509.1193 lsst_hardware_r -151.80063629140247 93.56999969482422 31.65999984741211 AB 2.941242645210332 1.0253591233084651
60509.1326 lsst_hardware_z -45.85614882209825 69.77999877929688 31.0 AB 2.844498576673833 1.022955613764265
60512.1236 lsst_hardware_i 9.330067340055658 107.80999755859375 31.350000381469727 AB 5.009730322637639 1.0229680581219334
60512.1373 lsst_hardware_z -54.68057351675981 90.05999755859375 31.0 AB 5.314837551756407 1.0251068956711598
60515.11 lsst_hardware_z 92.2482123571306 51.48371653693349 30.969999313354492 AB 5.42588811901954 1.0234949922697825
60515.121 lsst_hardware_r -28.983623186484525 60.78603818523419 31.639999389648438 AB 5.44670415694211 1.0232395560665246
60518.1085 lsst_hardware_i 88.61189078463997 31.58988726454476 31.239999771118164 AB 3.887240088925193 1.0229579181382087
60518.1199 lsst_hardware_z 79.08462703165563 41.66386790305563 30.940000534057617 AB 3.8941541406068407 1.024777405422853
60526.0527 lsst_hardware_g 166.67587440756887 18.34226130109412 31.43000030517578 AB 2.283854179200995 1.0381155360004524
60526.0647 lsst_hardware_r 792.115213916439 35.04869800504445 31.5 AB 2.2642176906691875 1.0291898593950852
60528.0514 lsst_hardware_i 815.631410357453 41.84017459777951 31.25 AB 2.5243464304597376 1.0345682092048105
60528.0624 lsst_hardware_z 655.9849166152673 47.701271838955826 30.950000762939453 AB 2.366068321725137 1.0274968284551675
60532.052 lsst_hardware_g 334.9887209084846 24.466237040962977 31.510000228881836 AB 8.296361509542534 1.0272435729344012
60532.063 lsst_hardware_i 1211.62735917968 46.12092554642308 31.260000228881836 AB 8.284248766478372 1.0235997610945384
60534.046 lsst_hardware_z 1018.9913678015224 53.1974889511189 30.959999084472656 AB 2.6042129751222967 1.027505612595232
60534.0575 lsst_hardware_r 1636.589503446067 51.405090000659655 31.59000015258789 AB 2.5631121287693728 1.023607080179462
60536.0528 lsst_hardware_y 964.5549506307002 76.63213323395256 30.809999465942383 AB 3.78685255038401 1.0234736622659486
60538.046 lsst_hardware_r 1907.9429736776044 99.86728677449001 31.65999984741211 AB 4.0042768392820065 1.02371899253026
60538.0578 lsst_hardware_i 1547.2506002830225 81.32964634359523 31.34000015258789 AB 4.016979329871123 1.0231952613711182
60540.0477 lsst_hardware_z 1307.532958183282 82.57213576599621 31.0 AB 2.6434167840773743 1.0229611212528134
60540.0593 lsst_hardware_r 1672.2467723531227 117.8118075876956 31.670000076293945 AB 2.5655604092876936 1.024618927395491
60542.0342 lsst_hardware_r 2003.2832072142178 100.87305874965114 31.65999984741211 AB 2.7638640140831825 1.023906154883866
60542.0469 lsst_hardware_z 1315.1150427607356 72.59811131894773 30.989999771118164 AB 3.241492325648161 1.0231983351162124
60548.0265 lsst_hardware_r 1553.9508281235085 46.144289986935505 31.510000228881836 AB 1.5517455325879996 1.0229603027553698
60548.0375 lsst_hardware_i 1552.9042533628403 49.76413779777661 31.25 AB 1.5369495080924307 1.0246330053949537
60550.0288 lsst_hardware_z 1227.761570185817 53.632801885349025 30.950000762939453 AB 5.105723746764579 1.0238066466341647
60550.0404 lsst_hardware_r 1528.5453045039753 45.35015149739222 31.510000228881836 AB 5.184015120687549 1.0280644760907385
60554.0305 lsst_hardware_u -2.2248350293727626 2.769963013937672 28.43000030517578 AB 1.7049273590577894 1.0286137912867508
60554.0419 lsst_hardware_r 1319.8078005065456 43.13966519745795 31.5 AB 1.4098779363763043 1.0366749532178707
60556.0148 lsst_hardware_g 158.04552928561998 19.02112194011482 31.450000762939453 AB 1.8228991059024016 1.0243883708358537
60556.0263 lsst_hardware_i 1186.8606279075573 47.060878351382925 31.260000228881836 AB 1.8421581024907632 1.029330286361015
60560.0104 lsst_hardware_u -2.686557769614805 2.8776462004310654 28.5 AB 2.4642111239104785 1.0267546349626995
60560.0221 lsst_hardware_g 98.5822366029729 18.36129560806602 31.459999084472656 AB 2.4813188082843314 1.033882836785138
60567.0134 lsst_hardware_r 735.0568393426973 78.01818629464083 31.649999618530273 AB 1.333932949517608 1.0434258128030307
60567.0253 lsst_hardware_i 884.9155859379799 66.88655731226233 31.31999969482422 AB 1.3478594192632003 1.0581820759671838
60769.4006 lsst_hardware_z 48.069005827086386 41.7400016784668 30.950000762939453 AB 8.405356561589556 1.0280209829187654
60769.4145 lsst_hardware_y 64.18061800254986 60.0099983215332 30.059999465942383 AB 8.372846638030309 1.0233668736643278
60775.4105 lsst_hardware_r 8.281589372981736 24.770000457763672 31.530000686645508 AB 4.497730022582308 1.0235489611611328
60778.4003 lsst_hardware_r 39.0540215371447 84.16000366210938 31.65999984741211 AB 11.594623613605998 1.0232431208918698
60778.4117 lsst_hardware_y 16.726345739920276 55.27000045776367 30.059999465942383 AB 11.628295084369867 1.0264033910440487
60780.3909 lsst_hardware_z 46.01037349508265 64.76000213623047 31.0 AB 9.74449386068511 1.022954477545458
60780.4023 lsst_hardware_y -134.74420631349446 54.86000061035156 30.06999969482422 AB 9.741853250866505 1.024918805982799
60782.3885 lsst_hardware_r 24.57453894454719 89.4800033569336 31.670000076293945 AB 14.967556852837836 1.0231428568485772
60782.4004 lsst_hardware_z -13.337410904030179 67.01000213623047 31.0 AB 14.98415820072438 1.0262419149869448
60784.3753 lsst_hardware_y -75.03869930051599 52.630001068115234 30.059999465942383 AB 9.92451893592233 1.0231462820538486
60784.3884 lsst_hardware_r 84.58559481568905 63.65999984741211 31.649999618530273 AB 9.9334952537781 1.0240716756472268
60790.3803 lsst_hardware_i 12.790203986775802 30.65999984741211 31.25 AB 14.960581268615408 1.027012815556677
60790.3933 lsst_hardware_z -22.011313930733213 41.16999816894531 30.950000762939453 AB 15.1997657652507 1.0353769998751647
60792.3683 lsst_hardware_r -19.26399199635649 23.15999984741211 31.510000228881836 AB 2.340386079533275 1.0245379014445974
60792.3812 lsst_hardware_g -3.3923469513914295 14.40999984741211 31.440000534057617 AB 1.4427368460960255 1.0305263186400182
60794.282 lsst_hardware_r 58.560190522143124 23.299999237060547 31.5 AB 11.63600498109251 1.0908413781843704
60794.2958 lsst_hardware_u -3.341586107831083 2.7300000190734863 28.450000762939453 AB 12.801563583017625 1.065923500161059
60795.381 lsst_hardware_z 14.124386698956913 41.20000076293945 30.950000762939453 AB 11.841470403389978 1.0365130338800204
60795.3941 lsst_hardware_i 19.500334443249976 30.799999237060547 31.25 AB 11.988468154461065 1.0502381212843683
60800.3209 lsst_hardware_u -0.563678584284427 2.799999952316284 28.520000457763672 AB 8.551152948326541 1.0257793310333232
60800.3335 lsst_hardware_g -20.34261670350191 14.5 31.459999084472656 AB 6.842336870327348 1.0230002048781264
60802.3074 lsst_hardware_r -20.68131213394369 23.15999984741211 31.510000228881836 AB 7.185859563724351 1.029775544439044
60802.3201 lsst_hardware_i -6.684626748518293 30.65999984741211 31.260000228881836 AB 7.054413330714195 1.0242590258514463
60804.3225 lsst_hardware_z 47.14162439017192 48.06999969482422 30.969999313354492 AB 8.49025802468139 1.0230048226381239
60804.335 lsst_hardware_r 25.16776755380462 42.75 31.6299991607666 AB 7.988156930814221 1.0243853463470405
60806.3184 lsst_hardware_z 67.59542478924962 61.720001220703125 30.989999771118164 AB 7.742228717599081 1.0229541808283122
60806.3302 lsst_hardware_r 40.15884921859255 85.6500015258789 31.65999984741211 AB 7.8364522383418835 1.024573738424774
60808.3018 lsst_hardware_z -67.64979231827559 80.0999984741211 31.0 AB 7.078911189322293 1.0248152282767968
60808.3139 lsst_hardware_i 51.797578182970035 94.19999694824219 31.350000381469727 AB 6.996963915467186 1.0229479408577757
60810.3061 lsst_hardware_z -58.672356969710385 82.88999938964844 31.0 AB 7.375532604563201 1.0230060480692698
60810.317 lsst_hardware_r 17.30483821905451 123.58000183105469 31.670000076293945 AB 7.466808135695603 1.0239725912912236
60812.3109 lsst_hardware_y -57.844265862801514 78.29000091552734 30.809999465942383 AB 6.438859688591847 1.0238288581001507
60814.2967 lsst_hardware_r 13.536611246169059 46.599998474121094 31.6299991607666 AB 7.593885692441219 1.022952204814669
60814.3084 lsst_hardware_i -41.56584760072457 43.63999938964844 31.299999237060547 AB 7.57297215402663 1.0245861192662444
60823.129 lsst_hardware_i -4.800465210953643 33.25 31.209999084472656 AB 9.826754728588677 1.3634068301892026
60823.1387 lsst_hardware_u -1.624124919009318 2.6500000953674316 28.299999237060547 AB 9.45869010693106 1.3099771632062962
60824.2886 lsst_hardware_z -0.4097448942246339 41.310001373291016 30.950000762939453 AB 8.532985126313688 1.0275546564552487
60824.3002 lsst_hardware_r 24.859729737781333 23.420000076293945 31.520000457763672 AB 8.893758827007208 1.0351510259268726
60828.058 lsst_hardware_z 44.2744007947474 51.93000030517578 30.850000381469727 AB 20.080359664540286 1.8845802549211665
60830.2422 lsst_hardware_i 5.890782380988198 30.809999465942383 31.260000228881836 AB 11.776580417185455 1.0246741857813848
60830.2543 lsst_hardware_z 36.022002852986176 41.11000061035156 30.950000762939453 AB 11.706958606298834 1.0229555109595503
60833.2644 lsst_hardware_z -35.48935840960393 50.91999816894531 30.979999542236328 AB 3.984898368438084 1.0277420138680893
60833.2774 lsst_hardware_r 60.08407569678862 56.959999084472656 31.639999389648438 AB 3.998318620319457 1.0366395178427423
60842.0994 lsst_hardware_i 36.97846916415565 43.369998931884766 31.270000457763672 AB 9.895239276440373 1.2503461304574643
60842.1073 lsst_hardware_z 10.320858508575053 50.150001525878906 30.950000762939453 AB 9.696286047118946 1.2177439305643887
60844.236 lsst_hardware_r -1.0277441414862654 33.77000045776367 31.59000015258789 AB 5.554473564816731 1.0286062157068019
60844.2476 lsst_hardware_z 73.1717833684074 43.630001068115234 30.950000762939453 AB 5.59894822319255 1.0368422635541759
60847.2704 lsst_hardware_u 3.328556480437521 2.6500000953674316 28.350000381469727 AB 3.501883081046171 1.0780000249487982
60847.2822 lsst_hardware_g -4.947948429068502 14.770000457763672 31.40999984741211 AB 3.5349712074917803 1.1017519736611439
60860.0112 lsst_hardware_z -16.4668765501913 72.52999877929688 31.65999984741211 AB 11.646793532269392 1.4742776623125813
60863.1417 lsst_hardware_z -74.01165571013509 88.7699966430664 31.739999771118164 AB 1.8527051663997451 1.0292806479998584
60865.1356 lsst_hardware_z -2.514663377024925 86.36000061035156 31.010000228881836 AB 3.246000579743046 1.0296591846924807
60865.1483 lsst_hardware_r 340.6858906098549 126.66000366210938 31.670000076293945 AB 3.2687721528882565 1.0242118605321517
60867.1273 lsst_hardware_i 40.572209702773335 107.9800033569336 31.350000381469727 AB 7.693770121966637 1.031474744867494
60867.1394 lsst_hardware_z -167.7840273692873 91.26000213623047 31.0 AB 7.677827177499612 1.025259571463479
60870.1333 lsst_hardware_i 78.88119977978963 52.33000183105469 31.31999969482422 AB 7.689429587706077 1.0245856055749334
60870.1455 lsst_hardware_z 21.0844673256069 52.060001373291016 30.969999313354492 AB 7.678837370255761 1.0229697752264078
60875.1269 lsst_hardware_u 0.2527678420931761 2.7799999713897705 28.489999771118164 AB 2.8590207641878425 1.0231495040634053
60875.1384 lsst_hardware_g -6.652382231441548 14.569999694824219 31.450000762939453 AB 2.8443534966086745 1.023731800465054
60877.1197 lsst_hardware_r 16.55035247314963 23.209999084472656 31.510000228881836 AB 5.8273914999543335 1.0233667681240415
60877.1322 lsst_hardware_i 49.10435998601398 30.729999542236328 31.260000228881836 AB 5.951317033739987 1.0235889982066768
60879.1249 lsst_hardware_z -84.07866561747262 41.15999984741211 30.959999084472656 AB 6.58414594378685 1.0232965681760655
60879.1375 lsst_hardware_r -5.125375253994933 23.170000076293945 31.510000228881836 AB 5.957230633116717 1.02710872984771
60883.1147 lsst_hardware_g -13.628686432975545 14.279999732971191 31.43000030517578 AB 3.075321171962523 1.023401388340274
60883.1265 lsst_hardware_r -1.6531520115250578 23.09000015258789 31.510000228881836 AB 3.2707983737016555 1.0270726281413023
60886.1081 lsst_hardware_u 1.132912956387242 2.8399999141693115 28.5 AB 5.323137566285448 1.0236803012087399
60886.1201 lsst_hardware_g 6.011757657711664 15.0 31.459999084472656 AB 5.345376375406631 1.0279569952705059
60888.1057 lsst_hardware_r -34.55750561984093 31.239999771118164 31.579999923706055 AB 4.125622433413161 1.024405504075389
60888.1168 lsst_hardware_i -17.052810690281582 34.689998626708984 31.280000686645508 AB 4.146916121735325 1.0291391293548393
60890.1094 lsst_hardware_z 75.7904778651427 49.689998626708984 30.969999313354492 AB 1.8340820637195074 1.0280729056723696
60890.1216 lsst_hardware_r 42.93082652762743 51.70000076293945 31.6299991607666 AB 1.8444502646561536 1.0364991653026994
60891.1139 lsst_hardware_z 169.04749322407122 81.56999969482422 31.729999542236328 AB 1.714068938190208 1.0325716495121735
60894.0601 lsst_hardware_z 263.61550379540216 115.79000091552734 31.75 AB 2.4334403724439917 1.027635292417226
60897.0608 lsst_hardware_z -72.39701478699281 91.20999908447266 31.739999771118164 AB 3.3037132644983007 1.0242484155939546
60899.0395 lsst_hardware_g 4.989834764633269 19.59000015258789 31.56999969482422 AB 2.4164036666471294 1.031769285502617
60899.0509 lsst_hardware_r 15.257366302624398 40.59000015258789 31.6200008392334 AB 3.3847265403683253 1.025674709202523
60901.0883 lsst_hardware_z 96.01054501436745 41.09000015258789 30.950000762939453 AB 3.8066970927567847 1.0338432751630964
60904.0479 lsst_hardware_g -11.623067471490224 14.4399995803833 31.450000762939453 AB 4.007787586522392 1.0231343028181232
60904.0589 lsst_hardware_r 2.2509053189403616 23.170000076293945 31.510000228881836 AB 4.020984345309062 1.0236721856693132
60908.0348 lsst_hardware_z -14.298956368377775 41.099998474121094 30.950000762939453 AB 2.7434173149698657 1.0234085979743344
60908.0454 lsst_hardware_u -0.20092955572244428 2.819999933242798 28.530000686645508 AB 3.175171650721925 1.0232586692626249
60912.0337 lsst_hardware_i -26.861589001328998 30.559999465942383 31.25 AB 4.460249330668649 1.0231689695862016
60912.0458 lsst_hardware_z -22.69976790588747 40.970001220703125 30.940000534057617 AB 4.305817036048207 1.0263960674714145
60919.0287 lsst_hardware_i 0.6130951892870058 49.209999084472656 31.309999465942383 AB 1.7693772316323733 1.0273140497188156
60919.0395 lsst_hardware_z 26.75126250896822 51.18000030517578 30.969999313354492 AB 1.763512267492478 1.0341158722590762
