data/validation/pwv_sim_epoch_fit_4/55537151.ecsv
# %ECSV 0.9
# ---
# datatype:
# - {name: time, datatype: float64}
# - {name: band, datatype: string}
# - {name: flux, datatype: float64}
# - {name: fluxerr, datatype: float64}
# - {name: zp, datatype: float64}
# - {name: zpsys, datatype: string}
# - {name: pwv, datatype: float64}
# - {name: airmass, datatype: float64}
# meta: {SNID: '55537151', alt: 1024.0, c: -0.01599181815981865, dec: 3.433834, lat: -30.244573, lon: -70.7499537, ra: 28.125, t0: 59913.32421875,
#   x0: 4.239448183145195e-06, x1: -1.716048002243042, z: 0.6565441489219666}
# schema: astropy-2.0
time band flux fluxerr zp zpsys pwv airmass
59843.2167 lsst_hardware_u -10.11960149079108 2.6700000762939453 28.280000686645508 AB 4.264895035305882 1.2931761780794062
59843.2359 lsst_hardware_r 8.596187923027985 24.959999084472656 31.469999313354492 AB 4.086437030375959 1.2424557708652961
59845.2184 lsst_hardware_i -27.796011437017242 46.91999816894531 31.969999313354492 AB 2.4872885612084508 1.2715115759777376
59845.2351 lsst_hardware_z 7.178427781886762 44.310001373291016 30.93000030517578 AB 2.420981236313252 1.23351625491504
59849.2177 lsst_hardware_r 24.314402820416593 24.56999969482422 31.469999313354492 AB 4.155529736586378 1.246285035465274
59849.2364 lsst_hardware_u -2.509925079817551 2.609999895095825 28.270000457763672 AB 4.144939289639436 1.2157624040788335
59851.1874 lsst_hardware_g -4.085811408535771 15.270000457763672 31.360000610351562 AB 5.308394507863915 1.3195661037901085
59851.2047 lsst_hardware_r -11.803480516889733 25.059999465942383 31.469999313354492 AB 5.065916524417858 1.2642666644416263
59854.1605 lsst_hardware_i 33.51879136245904 36.13999938964844 31.209999084472656 AB 6.176453587432857 1.4055762843336184
59859.2103 lsst_hardware_r -100.71437046750094 79.31999969482422 31.600000381469727 AB 5.0212315749112655 1.2144468184810073
59859.2277 lsst_hardware_i 1.9121573164421417 65.38999938964844 31.290000915527344 AB 4.870167506254052 1.203624962929793
59861.1716 lsst_hardware_i 154.78809995078515 125.51000213623047 31.299999237060547 AB 4.190714979014645 1.2805199569203438
59861.1908 lsst_hardware_z -169.3370163943705 104.62000274658203 30.979999542236328 AB 4.0516439505217265 1.2346299493717807
59866.1733 lsst_hardware_g 23.061194192580427 53.689998626708984 31.6299991607666 AB 10.24573807864238 1.2420581984049437
59866.1915 lsst_hardware_r -76.79361074671077 63.20000076293945 31.600000381469727 AB 9.816135381313986 1.2141169302802093
59868.1717 lsst_hardware_i 45.58071092693949 33.33000183105469 31.239999771118164 AB 9.352361823473197 1.234608060127169
59868.1897 lsst_hardware_z -91.11444192100068 44.209999084472656 30.940000534057617 AB 9.197724700786663 1.2106251662766259
59870.1772 lsst_hardware_r 5.359459677297519 25.389999389648438 31.489999771118164 AB 7.070239781434645 1.21795689602664
59870.1947 lsst_hardware_g -4.846657580935411 15.789999961853027 31.43000030517578 AB 6.9923184707247055 1.2043954419345535
59872.1681 lsst_hardware_r 55.581198969299315 25.3799991607666 31.489999771118164 AB 2.611928729951211 1.2227653711783457
59872.1865 lsst_hardware_i -14.088689407048738 33.220001220703125 31.239999771118164 AB 2.624264306084598 1.2054959871766326
59874.1701 lsst_hardware_z 6.903016763697166 44.16999816894531 30.940000534057617 AB 3.378825920110289 1.2136587356720698
59874.1869 lsst_hardware_i 9.29887864929808 33.060001373291016 31.239999771118164 AB 3.4567308137689934 1.2035970800031315
59880.1411 lsst_hardware_i -97.36618405629173 33.43000030517578 31.239999771118164 AB 3.6801933550472197 1.2307995947871002
59880.1578 lsst_hardware_z -16.503364764967845 44.41999816894531 30.940000534057617 AB 3.4102055490013656 1.2099005584370515
59882.1378 lsst_hardware_r -15.657066582525228 26.185385926769197 31.5 AB 6.7759905100781195 1.2272566013272574
59882.1546 lsst_hardware_g -7.219910237203794 16.509255115354076 31.459999084472656 AB 6.7178160421991535 1.2081859704508167
59884.1218 lsst_hardware_z 28.895208178445156 46.52664664843657 30.940000534057617 AB 6.764581166732993 1.2470231815161827
59884.1404 lsst_hardware_r -18.352326502907378 33.17593849188894 31.540000915527344 AB 5.614074698613561 1.2162646034187172
59886.1197 lsst_hardware_i 55.95913957826708 49.74968031646602 31.270000457763672 AB 5.0700822487732005 1.2400331604694328
59886.141 lsst_hardware_z 113.16134478462929 52.535379209956126 30.950000762939453 AB 4.73347496355005 1.210246294000098
59895.1233 lsst_hardware_r 146.09443272921786 45.693541388860076 31.56999969482422 AB 4.01463345472634 1.2056861490283697
59895.1406 lsst_hardware_z 280.0864499320513 53.4706744657289 30.950000762939453 AB 5.068353742431338 1.2046475382105857
59897.1259 lsst_hardware_g 140.1328013037093 18.925638636655506 31.40999984741211 AB 5.9907980028687815 1.203354079014837
59897.1432 lsst_hardware_r 387.7297588950142 31.34120278344833 31.479999542236328 AB 6.029741498573255 1.2092535928684915
59900.1035 lsst_hardware_r 684.2605143388986 35.740156694642046 31.479999542236328 AB 3.7499146105335766 1.2096498743656698
59900.1248 lsst_hardware_i 672.368141330252 40.58773215285977 31.229999542236328 AB 3.732302246009017 1.2039684664545216
59902.0984 lsst_hardware_z 575.9528891319544 49.74721228354278 30.93000030517578 AB 5.361412433668166 1.209363882855279
59902.118 lsst_hardware_r 789.7339822284789 38.43245685369081 31.469999313354492 AB 5.390896135351096 1.2036608730898346
59904.1006 lsst_hardware_u 4.46937641802006 3.2632610194898963 28.309999465942383 AB 3.917582232463283 1.2048538312973345
59904.1203 lsst_hardware_r 1058.9200845549622 40.688746575949246 31.479999542236328 AB 3.9150780372646197 1.206681472419362
59906.0993 lsst_hardware_i 1019.7650591396472 45.69317304379855 31.229999542236328 AB 8.247000242072016 1.203634143404534
59906.1182 lsst_hardware_z 737.8434591293668 51.29246780325653 30.93000030517578 AB 8.292023542464559 1.2089260158134105
59908.0656 lsst_hardware_z 860.0069754820036 52.17097417104071 30.93000030517578 AB 6.332650190754931 1.2292032332997829
59908.0855 lsst_hardware_r 1236.8324190177475 43.04314887964758 31.469999313354492 AB 6.176244927811911 1.2069460995284405
59910.067 lsst_hardware_u 0.770337034480446 2.818652953359858 28.3700008392334 AB 4.3988109084584535 1.21918262429558
59910.086 lsst_hardware_g 244.5919105668531 22.157014825907808 31.420000076293945 AB 4.5911079678769795 1.2042250407546502
59912.067 lsst_hardware_r 1402.302633428782 45.689950512889936 31.5 AB 6.5040653538178415 1.2129924195855728
59912.0873 lsst_hardware_i 1241.0512542871973 49.077768490824546 31.229999542236328 AB 6.04186560398691 1.2032792386869655
59918.0633 lsst_hardware_i 1071.0858316873089 105.35373352331398 31.309999465942383 AB 1.7122035518041803 1.204504784948421
59918.0799 lsst_hardware_z 877.2962830128574 92.72304127936178 30.979999542236328 AB 1.760675571220397 1.2055293195620658
59920.071 lsst_hardware_r 1140.7176770563003 120.16045602285715 31.6200008392334 AB 5.423081212538641 1.2041925641251292
59920.0919 lsst_hardware_z 1014.1022804854531 85.7071414379365 30.969999313354492 AB 7.0362245223882285 1.221566757358892
59922.0357 lsst_hardware_y 454.70639782443294 61.25087402127885 30.0 AB 6.033259152174279 1.2173646392603468
59922.0549 lsst_hardware_g 15.589975208430587 67.50495424289792 31.65999984741211 AB 6.476127438167115 1.2037784512841998
59927.0374 lsst_hardware_y 399.08178145715664 111.5491165001453 30.020000457763672 AB 10.067065147344374 1.2050111894838855
59927.0564 lsst_hardware_r 780.7733579111124 86.96910236100464 31.610000610351562 AB 9.527924365952767 1.206066375437059
60151.3848 lsst_hardware_r 18.394006939409707 82.4800033569336 31.600000381469727 AB 8.436597431617034 1.2593502821172338
60151.4051 lsst_hardware_y 112.66528898139752 110.08000183105469 30.010000228881836 AB 8.189092867601085 1.220734340511963
60159.3867 lsst_hardware_z -57.098906531584625 104.88999938964844 30.979999542236328 AB 3.2803641666570127 1.216451483309152
60159.4059 lsst_hardware_y 143.75959932611255 110.23999786376953 30.010000228881836 AB 3.2647529170723146 1.2036695036520764
60161.4208 lsst_hardware_r -7.690961767422453 82.98999786376953 31.610000610351562 AB 1.3312576347920146 1.2102342134472859
60163.4034 lsst_hardware_z 140.8602305371 148.47000122070312 31.729999542236328 AB 3.662106551126246 1.203881286840134
60166.3639 lsst_hardware_r 14.66085711530017 117.30000305175781 32.36000061035156 AB 6.26006555330464 1.2210791066263929
60166.3831 lsst_hardware_g -10.521901576714038 87.81999969482422 31.670000076293945 AB 6.2643868508751215 1.2046897790144464
60177.3843 lsst_hardware_u -42.06530927820699 37.2599983215332 30.079999923706055 AB 1.339310393847239 1.21755490349749
60177.4036 lsst_hardware_g 18.241727114468762 122.52999877929688 32.38999938964844 AB 1.376071023826974 1.2509736580245217
60180.3568 lsst_hardware_r -98.95983473822072 83.08000183105469 31.610000610351562 AB 3.871273102825717 1.2038476569465029
60180.3774 lsst_hardware_i -69.35330681974305 87.16000366210938 31.309999465942383 AB 4.645893128805729 1.2191545309468554
60182.278 lsst_hardware_i 0.3738375053467159 85.9800033569336 31.280000686645508 AB 2.936584720671199 1.331130459262433
60182.2951 lsst_hardware_z -178.13239821067478 104.33999633789062 30.969999313354492 AB 3.485842049071079 1.272824506720209
60184.2877 lsst_hardware_r 64.51282923463843 82.41000366210938 31.600000381469727 AB 4.687942855213778 1.2784136501810137
60184.3054 lsst_hardware_z -108.84378915167255 104.91000366210938 30.979999542236328 AB 3.790325482603104 1.236110060638038
60187.276 lsst_hardware_r -79.61682982150882 81.97000122070312 31.59000015258789 AB 6.294769582183165 1.2891633100009896
60187.2934 lsst_hardware_i 98.96851305675308 86.75 31.299999237060547 AB 7.380003226164389 1.2436286348172707
60195.2705 lsst_hardware_g -21.73764326048974 86.69999694824219 31.639999389648438 AB 3.4964298205130655 1.2458698175656024
60195.2856 lsst_hardware_r -43.40876394164118 82.73999786376953 31.610000610351562 AB 3.4447899143274876 1.219934453945104
60196.2684 lsst_hardware_i 81.46517193375593 86.47000122070312 31.299999237060547 AB 5.351480571346819 1.2445303654294928
60196.2852 lsst_hardware_z 223.9715687821548 105.08999633789062 30.979999542236328 AB 5.233266223802284 1.2170386566982057
60199.2667 lsst_hardware_r 92.78290349635081 82.62999725341797 31.600000381469727 AB 4.4378827925889075 1.2320607419736
60199.2861 lsst_hardware_g 54.99926393416747 87.41000366210938 31.65999984741211 AB 4.457923454091245 1.20843682680706
60201.2686 lsst_hardware_r -72.06000237108698 83.05999755859375 31.610000610351562 AB 2.5517843222193384 1.2207547387431055
60201.2853 lsst_hardware_i -94.34273551952064 87.33000183105469 31.309999465942383 AB 2.4020721989556497 1.2056577876641201
60209.236 lsst_hardware_y -128.21649619052133 110.02999877929688 30.010000228881836 AB 2.5849356734846274 1.238292538195676
60209.256 lsst_hardware_g 93.18631032440715 87.66999816894531 31.65999984741211 AB 1.9043292421014963 1.2106352460917025
60211.1916 lsst_hardware_r -78.74358800194621 81.4800033569336 31.56999969482422 AB 5.108048633481719 1.3625096381650768
60211.2093 lsst_hardware_i 38.9525030810055 86.5199966430664 31.290000915527344 AB 4.964540102690967 1.292961221292899
60221.1693 lsst_hardware_i -65.16520526821807 86.04000091552734 31.280000686645508 AB 2.99095347999302 1.3403331749911462
60221.1906 lsst_hardware_z 91.07093927659652 104.5199966430664 30.969999313354492 AB 2.849314226336821 1.267394570243971
60223.221 lsst_hardware_r -11.991256396196867 82.81999969482422 31.610000610351562 AB 5.789420239033172 1.2081427877782078
60223.2404 lsst_hardware_u -37.247858838934775 26.5 29.34000015258789 AB 5.811838474851439 1.2041101812537511
60227.1898 lsst_hardware_r 181.13498446709858 116.9800033569336 32.36000061035156 AB 4.21391921467755 1.2328610926499561
60227.209 lsst_hardware_i 175.83387270839668 123.23999786376953 32.060001373291016 AB 3.1873178502123807 1.2089201024890501
60232.1284 lsst_hardware_u 17.435703865936734 24.530000686645508 29.170000076293945 AB 8.644260307709004 1.3913369149288002
60232.1504 lsst_hardware_r 51.546731861665776 82.12999725341797 31.59000015258789 AB 8.025851421631726 1.298156315670207
60236.1847 lsst_hardware_i -136.5896374038717 87.08999633789062 31.299999237060547 AB 3.138032649624137 1.2087177182862439
60236.2032 lsst_hardware_z 67.39489214872661 104.94000244140625 30.979999542236328 AB 3.112406355274509 1.2037152334438443
60238.1725 lsst_hardware_r -11.772453089389957 83.1500015258789 31.6200008392334 AB 3.1552903929102727 1.2148191964492205
60238.1892 lsst_hardware_z 106.57467651925137 105.16000366210938 30.979999542236328 AB 3.0089668742625677 1.2039077917828358
60240.1689 lsst_hardware_y -20.43614022037761 111.22000122070312 30.020000457763672 AB 3.871582979529477 1.212901935942976
60240.1864 lsst_hardware_r 6.29863322877671 81.91999816894531 31.6200008392334 AB 3.839841201187678 1.2034604684041506
60244.1392 lsst_hardware_z -38.650746292044595 104.72000122070312 30.969999313354492 AB 4.402535539783588 1.2407333602020445
60244.1565 lsst_hardware_r 14.59762787963412 82.77999877929688 31.610000610351562 AB 4.405275330310187 1.2144108422633182
60246.1343 lsst_hardware_z 75.75857383223928 104.95999908447266 30.979999542236328 AB 3.5575032483914706 1.239620157404543
60246.1512 lsst_hardware_r -18.037557284413165 81.7699966430664 31.610000610351562 AB 3.4725263699078543 1.2142408193628489
60260.1261 lsst_hardware_u -20.632161460572938 26.549999237060547 29.34000015258789 AB 5.281234854677801 1.2048444535386618
60260.144 lsst_hardware_g 52.232386355021625 87.55000305175781 31.65999984741211 AB 5.13957622011585 1.2059071375213162
60262.123 lsst_hardware_r 24.982780778294984 83.11000061035156 31.6200008392334 AB 3.4337164003925404 1.2040734287341248
60262.1406 lsst_hardware_i 33.41671010546481 87.30000305175781 31.309999465942383 AB 6.0061950723916775 1.207052986362649
60264.0885 lsst_hardware_i -60.11830443106169 86.87999725341797 31.299999237060547 AB 7.138824123045311 1.2333480589211063
60264.1067 lsst_hardware_z 141.616013216279 104.87999725341797 30.979999542236328 AB 6.986637654286834 1.2099121403215576
60267.1012 lsst_hardware_r 28.087156706304633 82.9800033569336 31.610000610351562 AB 5.362822520456679 1.2079109230151033
60267.1209 lsst_hardware_z 46.34450293793776 104.98999786376953 30.979999542236328 AB 5.34254015944068 1.2042919491553241
60269.1232 lsst_hardware_g -8.65355281139408 87.48999786376953 31.65999984741211 AB 4.006285888245361 1.2081682413282904
60269.1472 lsst_hardware_i 94.34518436715774 86.87999725341797 31.299999237060547 AB 3.5002057983615713 1.2398886993844638
60271.0683 lsst_hardware_r -1.8471355278516748 81.6500015258789 31.610000610351562 AB 8.404970409592986 1.2353135438548553
60271.088 lsst_hardware_z 28.40296526602852 105.20999908447266 30.979999542236328 AB 8.321609761406922 1.2095802553009807
60275.0686 lsst_hardware_g 53.44336381704258 87.5199966430664 31.65999984741211 AB 4.495311171025719 1.2181314707864832
60275.0865 lsst_hardware_r 72.36693510288437 83.0999984741211 31.6200008392334 AB 4.597763413422441 1.2043649115075152
60277.0677 lsst_hardware_i -16.19753493447864 87.08999633789062 31.299999237060547 AB 6.609404807531998 1.2130686991892725
60277.0876 lsst_hardware_z -129.89334529269078 105.01000213623047 30.979999542236328 AB 6.038410165242897 1.2033499731452812
60279.0676 lsst_hardware_r 11.660838629722218 82.77999877929688 31.610000610351562 AB 10.074774026457105 1.2084894873799004
60279.0877 lsst_hardware_u 20.032373864708617 26.450000762939453 29.34000015258789 AB 10.707101718031886 1.204161353842819
60283.0712 lsst_hardware_z -174.36247732266597 105.04000091552734 30.979999542236328 AB 1.827285563515133 1.2033490704742398
60283.0885 lsst_hardware_r 146.19376334851142 83.02999877929688 31.610000610351562 AB 4.509099561359983 1.2109299690341688
60291.0364 lsst_hardware_z -61.78128515658167 105.08999633789062 30.979999542236328 AB 12.820429976380348 1.2074241831211832
60291.0553 lsst_hardware_r 223.62755288074237 83.18000030517578 31.6200008392334 AB 13.871932563806755 1.2042653497530393
60296.0374 lsst_hardware_y 69.5710385521115 61.11000061035156 30.010000228881836 AB 4.291129212316168 1.2034296325644092
60296.0527 lsst_hardware_i 33.44658536342738 34.599998474121094 31.239999771118164 AB 4.876253712278183 1.2106644434928144
