data/validation/pwv_sim_epoch_fit_4/55703723.ecsv
# %ECSV 0.9
# ---
# datatype:
# - {name: time, datatype: float64}
# - {name: band, datatype: string}
# - {name: flux, datatype: float64}
# - {name: fluxerr, datatype: float64}
# - {name: zp, datatype: float64}
# - {name: zpsys, datatype: string}
# - {name: pwv, datatype: float64}
# - {name: airmass, datatype: float64}
# meta: {SNID: '55703723', alt: 1024.0, c: -0.16368432343006134, dec: -14.631667, lat: -30.244573, lon: -70.7499537, ra: 147.65625, t0: 60378.1328125,
#   x0: 2.2938930847438542e-06, x1: -0.37252721190452576, z: 0.8414369225502014}
# schema: astropy-2.0
time band flux fluxerr zp zpsys pwv airmass
[from data line 133]
60744.1325 lsst_hardware_z 92.8814675342421 55.0099983215332 30.979999542236328 AB 11.006884550782692 1.0389080560139716
60751.0958 lsst_hardware_z -206.34997819773983 79.38999938964844 31.729999542236328 AB 7.998282144312224 1.0496892441899033
60755.0833 lsst_hardware_r -22.709238280850915 23.170000076293945 31.520000457763672 AB 4.115247604472227 1.051215940857584
60755.1026 lsst_hardware_u 1.5450982743555106 2.9100000858306885 28.600000381469727 AB 5.09044823194357 1.0388669861109328
60757.0807 lsst_hardware_g -21.478963175885774 14.09000015258789 31.440000534057617 AB 6.262433616494697 1.048515506724193
60757.0998 lsst_hardware_r -28.771023085394084 22.829999923706055 31.510000228881836 AB 6.333177082973994 1.0382257513072122
60759.0707 lsst_hardware_i -3.2966276412295987 30.739999771118164 31.260000228881836 AB 10.888836654235492 1.0529432040583573
60759.0886 lsst_hardware_z -14.883604375735569 41.22999954223633 30.950000762939453 AB 9.344156882840359 1.0399247168474826
60761.0674 lsst_hardware_r -28.028609797487846 22.81999969482422 31.510000228881836 AB 6.58873648923659 1.0507374097417714
60761.0843 lsst_hardware_u -1.6067603740019685 2.8399999141693115 28.559999465942383 AB 6.684063250538495 1.039485225972144
60766.057 lsst_hardware_z -5.978778384119913 40.9900016784668 30.950000762939453 AB 5.448302828003682 1.0477505438468617
60766.0734 lsst_hardware_r 3.109113366312288 22.479999542236328 31.489999771118164 AB 5.400912405203671 1.038637001000706
60768.0529 lsst_hardware_u 1.138938631197048 2.740000009536743 28.43000030517578 AB 6.428852526909679 1.046618237999094
60768.0719 lsst_hardware_g 7.097096090821861 14.15999984741211 31.43000030517578 AB 6.277179578989347 1.037893448906929
60774.0464 lsst_hardware_z 0.6762803565530108 64.19999694824219 30.989999771118164 AB 7.953175935203809 1.0404468779701477
60774.0657 lsst_hardware_r 93.81127392916886 86.44000244140625 31.65999984741211 AB 7.967111004912866 1.03855622728507
60777.041 lsst_hardware_i 56.34667105503802 84.1500015258789 31.34000015258789 AB 5.150833182647857 1.0393475397977852
60777.0582 lsst_hardware_z -44.95156526789181 72.98999786376953 30.989999771118164 AB 6.577274812048781 1.0387357567986073
60779.0191 lsst_hardware_z -17.913158245159273 61.36000061035156 30.989999771118164 AB 5.265334410166469 1.0499171306413697
60779.036 lsst_hardware_r -123.98124451102872 85.61000061035156 31.65999984741211 AB 5.221944257825268 1.0391928871294065
60781.0163 lsst_hardware_u 5.5156431201277165 7.880000114440918 29.149999618530273 AB 16.392085572240532 1.0475291664015678
60781.0326 lsst_hardware_g -31.743149643953352 50.279998779296875 31.709999084472656 AB 16.30248372458608 1.0385952680772612
60783.0157 lsst_hardware_r 28.987787758017806 22.790000915527344 31.510000228881836 AB 11.169179304463333 1.0438485331274143
60783.0343 lsst_hardware_i 7.0196032568692495 30.510000228881836 31.260000228881836 AB 11.103407915594767 1.0377016743546512
60785.0137 lsst_hardware_z 28.08882392546502 41.20000076293945 30.950000762939453 AB 7.229539687572132 1.0417579433801119
60785.0336 lsst_hardware_r -34.28566989383842 22.770000457763672 31.5 AB 7.261400851068572 1.0381215699015078
60790.9992 lsst_hardware_u 1.9905236219315314 2.640000104904175 28.40999984741211 AB 13.936363727445391 1.0408038631400591
60791.0171 lsst_hardware_r -8.1773181176508 22.579999923706055 31.5 AB 12.041979664975146 1.038101695256478
60792.9998 lsst_hardware_i -26.52690961521486 30.209999084472656 31.239999771118164 AB 1.1045546048781016 1.0386032956070537
60793.0177 lsst_hardware_z -2.6063037172980845 40.95000076293945 30.950000762939453 AB 1.5596781653205223 1.0397854435470149
60795.9729 lsst_hardware_y 1.9680141148525967 48.54999923706055 30.049999237060547 AB 11.960384076966646 1.0497089763881557
60795.9904 lsst_hardware_r 6.739735746019683 22.860000610351562 31.5 AB 11.854261854925952 1.0389361836043778
60798.9722 lsst_hardware_y -0.4751195997081705 48.9900016784668 30.049999237060547 AB 11.549309355996321 1.043722322172142
60798.9898 lsst_hardware_g 11.780014798933736 27.309999465942383 31.6299991607666 AB 11.327127227902583 1.037710341065694
60800.9719 lsst_hardware_z 55.20797474009658 51.209999084472656 30.969999313354492 AB 7.453521484749946 1.0408008031209197
60800.9898 lsst_hardware_i 28.926722602447754 48.0099983215332 31.309999465942383 AB 7.024839194589958 1.0381024375040577
60802.9706 lsst_hardware_y -115.051780580052 54.18000030517578 30.059999465942383 AB 10.209031095979622 1.0391488311583847
60802.9898 lsst_hardware_r -12.638829002330143 73.62000274658203 31.649999618530273 AB 10.20901890338096 1.0395620287542344
60804.9693 lsst_hardware_y 116.2390088022016 54.77000045776367 30.059999465942383 AB 8.064631204569386 1.0381194831137783
60804.9869 lsst_hardware_r -112.49517079388806 81.80999755859375 31.65999984741211 AB 8.107093620492346 1.0406161587145746
60806.9568 lsst_hardware_y 119.41827897215792 75.75 30.06999969482422 AB 11.644797774141898 1.0402249117103843
60806.9765 lsst_hardware_z 90.10582780967793 60.220001220703125 30.989999771118164 AB 12.083613203263832 1.0387953007362278
60808.9579 lsst_hardware_y 54.366441395015485 62.66999816894531 30.06999969482422 AB 8.864550560067423 1.0382061948155634
60808.9811 lsst_hardware_z 65.0296975472416 53.380001068115234 30.979999542236328 AB 7.607010810420424 1.0434379969485288
60810.9559 lsst_hardware_y -26.61976558950836 67.04000091552734 30.06999969482422 AB 7.899797334209589 1.0377629286959218
60810.977 lsst_hardware_r -2.5107415040429433 22.989999771118164 31.510000228881836 AB 7.431588211001311 1.0443491021644125
60812.9653 lsst_hardware_z -29.287741399776497 71.9000015258789 31.709999084472656 AB 7.754648234415157 1.0407294026995983
