data/validation/pwv_sim_epoch_fit_4/55746537.ecsv
# %ECSV 0.9
# ---
# datatype:
# - {name: time, datatype: float64}
# - {name: band, datatype: string}
# - {name: flux, datatype: float64}
# - {name: fluxerr, datatype: float64}
# - {name: zp, datatype: float64}
# - {name: zpsys, datatype: string}
# - {name: pwv, datatype: float64}
# - {name: airmass, datatype: float64}
# meta: {SNID: '55746537', alt: 1024.0, c: 0.01627844199538231, dec: 2.388015, lat: -30.244573, lon: -70.7499537, ra: 136.933594, t0: 60304.34765625,
#   x0: 2.1969528342554693e-05, x1: 0.8161485195159912, z: 0.3295972943305969}
# schema: astropy-2.0
time band flux fluxerr zp zpsys pwv airmass
[from data line 133]
60695.2202 lsst_hardware_z -23.21936314278405 49.45000076293945 30.950000762939453 AB 11.86382726355822 1.2008935230932059
60697.1948 lsst_hardware_r -14.021084633289039 28.229999542236328 31.5 AB 12.032549937506701 1.2356919062908036
60697.2151 lsst_hardware_i -81.41091016858209 35.25 31.239999771118164 AB 11.404353968705628 1.2004583124953292
60699.1044 lsst_hardware_z -85.31908034560487 49.849998474121094 30.8799991607666 AB 22.747814538340382 1.7505051587795601
60699.1185 lsst_hardware_i -47.6580285606094 35.310001373291016 31.18000030517578 AB 20.789871053201963 1.60071895901564
60701.2102 lsst_hardware_g 27.80505738584951 15.1899995803833 31.43000030517578 AB 16.89348262124391 1.1941810780930842
60701.2303 lsst_hardware_r 18.984832602885156 24.579999923706055 31.5 AB 16.654440791293943 1.186171488999248
60703.1818 lsst_hardware_r 26.838093701368074 24.690000534057617 31.489999771118164 AB 13.096669639138486 1.2282349844451361
60703.1974 lsst_hardware_i 68.04076436783826 32.619998931884766 31.239999771118164 AB 12.792070362103622 1.2020739572846004
60705.1792 lsst_hardware_z -6.182374430160479 44.34000015258789 30.940000534057617 AB 15.093481182406807 1.2224411745692725
60705.1977 lsst_hardware_u 1.009000124611413 2.7899999618530273 28.40999984741211 AB 14.650868034301396 1.1956476136859997
60707.1775 lsst_hardware_g -14.871617227894513 15.520000457763672 31.420000076293945 AB 13.392595047244546 1.2155196085718412
60707.1968 lsst_hardware_r -4.345248484722479 24.989999771118164 31.489999771118164 AB 13.432735665407415 1.191743393994359
60709.1746 lsst_hardware_i 16.02862012554585 33.290000915527344 31.239999771118164 AB 11.100582205070415 1.2112478878003636
60709.1926 lsst_hardware_z -41.93345410619539 44.380001068115234 30.940000534057617 AB 10.945854627500902 1.190845471713615
60711.1806 lsst_hardware_i -10.948170114702807 32.75 31.239999771118164 AB 8.038306117076301 1.196354534465888
60711.1983 lsst_hardware_u 1.7648558560340672 2.8499999046325684 28.459999084472656 AB 8.24349098502991 1.1862844992127968
60713.1784 lsst_hardware_g -11.116537349526329 31.219999313354492 31.600000381469727 AB 6.009064150817911 1.1933401153446352
60713.1967 lsst_hardware_r 42.429997447659666 34.86000061035156 31.559999465942383 AB 5.988664823364462 1.1861090955366334
60714.1736 lsst_hardware_i 30.45263813004439 50.650001525878906 31.290000915527344 AB 10.863085497179778 1.19519039467265
60714.1926 lsst_hardware_r -58.691115833168766 51.720001220703125 31.600000381469727 AB 10.706421559810833 1.1860880605403366
60716.1505 lsst_hardware_z 131.47013908313872 104.97000122070312 31.719999313354492 AB 4.261387511995402 1.2198919378788857
60720.1607 lsst_hardware_z 3.7870270005368325 85.94999694824219 30.979999542236328 AB 2.184104368824517 1.1921967078735436
60720.1774 lsst_hardware_r -228.15749010801693 124.4800033569336 31.6200008392334 AB 1.6018260522908991 1.1860985207633463
60722.1278 lsst_hardware_i 62.94194047180495 59.4900016784668 31.290000915527344 AB 4.349318673730586 1.2328291977032488
60722.1445 lsst_hardware_z -67.07379260872668 57.880001068115234 30.959999084472656 AB 4.225888905156087 1.2033855448949464
60724.1252 lsst_hardware_g 28.16017810825079 36.29999923706055 31.610000610351562 AB 6.827750977913056 1.2266890007030056
60724.1415 lsst_hardware_r 69.82052493716449 45.790000915527344 31.579999923706055 AB 6.7737181584018025 1.2003044580747435
60727.1236 lsst_hardware_i -23.74425783398524 32.83000183105469 31.239999771118164 AB 5.579084502533784 1.214296333123035
60727.1412 lsst_hardware_r -22.644560714999045 24.65999984741211 31.489999771118164 AB 6.078258422443948 1.1924973607345277
60731.1243 lsst_hardware_r -8.165731300116562 24.389999389648438 31.479999542236328 AB 9.163530795625757 1.1981212428497705
60731.1415 lsst_hardware_i -10.995002550381177 32.45000076293945 31.239999771118164 AB 10.311894476439186 1.1866960797628407
60733.1206 lsst_hardware_z 23.505808680095722 43.619998931884766 30.940000534057617 AB 8.038688117452127 1.1962778551958222
60733.1379 lsst_hardware_r -37.40322691544807 24.350000381469727 31.489999771118164 AB 9.194614452722275 1.1863253277494712
60736.1182 lsst_hardware_u 4.430364769165479 2.619999885559082 28.290000915527344 AB 3.5199249310940237 1.1913103331771289
60736.137 lsst_hardware_g 7.994078619706664 14.880000114440918 31.399999618530273 AB 4.049861095752862 1.1864827428963463
60738.1223 lsst_hardware_r -18.861695438530692 24.399999618530273 31.469999313354492 AB 5.388088513438361 1.1867165068875325
60738.1402 lsst_hardware_z -30.617337527141387 43.90999984741211 30.93000030517578 AB 6.309135491199027 1.1900099950391902
60744.0829 lsst_hardware_r 97.76213234215125 87.66999816894531 31.610000610351562 AB 12.17145749786937 1.2054528570733258
60744.1013 lsst_hardware_i 40.13354705181688 74.4800033569336 31.299999237060547 AB 13.285262925469869 1.1883770283382913
60751.0887 lsst_hardware_z 215.69809798694314 80.26000213623047 31.709999084472656 AB 9.11141583764025 1.1863307804748544
60753.0746 lsst_hardware_r 35.50848696078145 39.88999938964844 31.579999923706055 AB 8.733336290177935 1.1894902160165166
60753.0937 lsst_hardware_z 6.380607423314351 48.959999084472656 30.950000762939453 AB 9.614905559292282 1.1873307611166184
60755.0763 lsst_hardware_r -20.19610537605535 24.239999771118164 31.5 AB 4.664580609894066 1.1866142482559079
60755.0956 lsst_hardware_u 1.4130761279426711 2.880000114440918 28.510000228881836 AB 5.836942283043549 1.191212710825214
60757.0739 lsst_hardware_g -9.21569073957754 14.9399995803833 31.420000076293945 AB 7.052009947558245 1.1861420633928423
60757.0929 lsst_hardware_r 12.075022566996319 24.360000610351562 31.489999771118164 AB 7.2794609471858935 1.1933542536370318
60759.064 lsst_hardware_i -69.74451462917072 32.18000030517578 31.239999771118164 AB 12.264209273025692 1.1869738303409183
60759.0818 lsst_hardware_z 24.274725871013466 43.47999954223633 30.940000534057617 AB 12.294614381172048 1.1893793538910875
60761.0293 lsst_hardware_z 51.341030222916885 44.150001525878906 30.940000534057617 AB 6.674645154330573 1.216835176943726
60761.0473 lsst_hardware_r 50.77523332908619 24.3799991607666 31.489999771118164 AB 7.567308823409844 1.1933622346165995
60763.0283 lsst_hardware_u -0.28417499853655187 2.799999952316284 28.43000030517578 AB 7.861363877462175 1.2094405965326422
60763.0456 lsst_hardware_g 1.219685504693377 15.0 31.420000076293945 AB 8.092866122492461 1.190535888171285
60768.0236 lsst_hardware_r -11.2070635554912 25.8700008392334 31.489999771118164 AB 7.636026524673435 1.1977611112776998
60768.0425 lsst_hardware_u -0.29597737690970544 2.7799999713897705 28.31999969482422 AB 7.121336020916745 1.186296188725095
60770.0215 lsst_hardware_g -19.517238329936287 33.95000076293945 31.600000381469727 AB 9.131743758335398 1.1944336363539974
60770.0402 lsst_hardware_r -47.5936601178516 39.400001525878906 31.559999465942383 AB 9.099864594746396 1.1860750881092643
60774.0166 lsst_hardware_r -89.11609999298743 91.16999816894531 31.6200008392334 AB 9.61858658331835 1.1898791699292834
60774.0342 lsst_hardware_z -47.11067512106217 69.83999633789062 30.969999313354492 AB 9.553257975834276 1.186690982878673
60777.013 lsst_hardware_z 17.8829816397146 68.62999725341797 30.969999313354492 AB 5.859333499932952 1.187602432213418
60777.0295 lsst_hardware_i -11.85933125522844 77.4800033569336 31.309999465942383 AB 5.957007015866782 1.1878378895048416
60779.0132 lsst_hardware_z -43.69366937711163 60.470001220703125 30.969999313354492 AB 5.962645408270894 1.1862026674278967
60779.0301 lsst_hardware_r 43.911436643630786 80.80000305175781 31.610000610351562 AB 5.999861759481847 1.1912366167071833
60781.0105 lsst_hardware_u -2.4540891048826903 7.039999961853027 29.0 AB 18.536964650569555 1.186081078177689
60781.0267 lsst_hardware_g 10.325187012255817 48.02000045776367 31.649999618530273 AB 18.757824216640575 1.1928031932578396
60784.9751 lsst_hardware_y 124.75099887510643 55.040000915527344 30.0 AB 10.738558777894491 1.2001071499658575
60784.9915 lsst_hardware_z -38.894393264796626 44.29999923706055 30.940000534057617 AB 10.626892056265257 1.187472806361701
60790.9697 lsst_hardware_y -18.322508019007397 55.45000076293945 30.010000228881836 AB 16.264980757503945 1.1901786007247144
60790.9871 lsst_hardware_u -2.622911870112736 2.799999952316284 28.399999618530273 AB 16.071659606087568 1.1865381768982528
60792.9695 lsst_hardware_y 29.821872656164366 54.36000061035156 30.0 AB 1.2670965957836913 1.1875319548115049
60792.9881 lsst_hardware_i -38.13828075911812 33.099998474121094 31.229999542236328 AB 1.2771888030531073 1.1889120810361717
60795.967 lsst_hardware_y -32.877531373389886 57.459999084472656 30.0 AB 13.43230783875436 1.1861804873501964
60795.9844 lsst_hardware_r -9.990151095621595 25.920000076293945 31.489999771118164 AB 13.748154638805243 1.1917609777050315
60798.9657 lsst_hardware_y -54.17793986696071 55.47999954223633 30.010000228881836 AB 13.018593252757851 1.1866368838536006
60798.9833 lsst_hardware_g 14.98324449002531 33.43000030517578 31.610000610351562 AB 13.248042821566624 1.1982943555676118
