data/validation/pwv_sim_epoch_fit_4/55752551.ecsv
# %ECSV 0.9
# ---
# datatype:
# - {name: time, datatype: float64}
# - {name: band, datatype: string}
# - {name: flux, datatype: float64}
# - {name: fluxerr, datatype: float64}
# - {name: zp, datatype: float64}
# - {name: zpsys, datatype: string}
# - {name: pwv, datatype: float64}
# - {name: airmass, datatype: float64}
# meta: {SNID: '55752551', alt: 1024.0, c: -0.10434316843748093, dec: -15.094787, lat: -30.244573, lon: -70.7499537, ra: 234.316406, t0: 60470.015625,
#   x0: 2.5688268602792595e-06, x1: 1.0178471803665161, z: 0.8041114211082458}
# schema: astropy-2.0
time band flux fluxerr zp zpsys pwv airmass
60385.3658 lsst_hardware_g -14.482429329051449 15.5600004196167 31.479999542236328 AB 9.198556746359603 1.0356791232530984
60385.384 lsst_hardware_r 34.93884958906137 24.399999618530273 31.510000228881836 AB 9.462044552411667 1.04287937313035
60389.228 lsst_hardware_r 9.45654861141605 44.34000015258789 31.530000686645508 AB 7.902428256663361 1.3878721307822726
60389.2466 lsst_hardware_u 4.986252473661091 5.380000114440918 28.760000228881836 AB 7.247605763380672 1.2730359372430116
60392.3439 lsst_hardware_z -53.5791732414622 53.630001068115234 30.979999542236328 AB 7.042215337860223 1.0356199026265034
60392.3634 lsst_hardware_r -11.070284178748823 53.029998779296875 31.6299991607666 AB 7.08451178203758 1.041839967946703
60395.2844 lsst_hardware_y 75.850575213924 86.30000305175781 30.799999237060547 AB 7.520221075040833 1.0856912042888391
60397.3229 lsst_hardware_r 82.18902729373119 113.88999938964844 31.65999984741211 AB 7.743437696113674 1.0367898370231645
60397.3432 lsst_hardware_i 26.923173211402435 91.62000274658203 31.34000015258789 AB 9.178997203731566 1.0382306530631789
60399.3259 lsst_hardware_z 22.20617083117784 68.47000122070312 30.989999771118164 AB 4.2012957886648294 1.0356096599149165
60399.3446 lsst_hardware_r -101.12011623225558 91.36000061035156 31.649999618530273 AB 4.35038363829303 1.0420496558648191
60401.3091 lsst_hardware_z 51.85315060759186 48.13999938964844 30.969999313354492 AB 9.139493169052157 1.0377729228120736
60401.3286 lsst_hardware_r -45.25912255425828 46.849998474121094 31.6299991607666 AB 9.126017901617802 1.036880566759268
60405.1984 lsst_hardware_r -0.3220129209219376 25.100000381469727 31.469999313354492 AB 17.99670159088804 1.2978078597308749
60405.2241 lsst_hardware_u 0.2607826372300331 2.7799999713897705 28.40999984741211 AB 17.477835392828414 1.1784399284956453
60406.2012 lsst_hardware_g -10.3898422798994 15.1899995803833 31.3799991607666 AB 12.828457044037881 1.2677280474380888
60406.2192 lsst_hardware_r -36.190847138318645 24.65999984741211 31.489999771118164 AB 10.172788685802379 1.18667701205042
60413.3079 lsst_hardware_i 22.9185110191335 31.600000381469727 31.270000457763672 AB 7.634828400346417 1.0431280975083344
60413.3257 lsst_hardware_z -36.00011866950511 42.189998626708984 30.959999084472656 AB 7.789583770932394 1.0622159687635082
60415.2923 lsst_hardware_r 7.5001880004543455 24.399999618530273 31.530000686645508 AB 17.727138472293802 1.0375241994787303
60415.31 lsst_hardware_g 19.75182648313563 15.520000457763672 31.489999771118164 AB 17.848737572917525 1.0497610711800616
60423.2718 lsst_hardware_r -87.25536926561526 122.12999725341797 31.65999984741211 AB 8.782267554974275 1.0380521912029794
60423.2878 lsst_hardware_z 141.89820901250397 81.37000274658203 31.0 AB 8.925129863969328 1.0493979851815787
60429.2492 lsst_hardware_i 58.57198476069258 50.20000076293945 31.31999969482422 AB 10.177537239394951 1.0361453030689693
60429.2687 lsst_hardware_z -76.76185437105134 51.34000015258789 30.969999313354492 AB 11.07692725393366 1.0468036466152457
60443.184 lsst_hardware_i 100.05018915753455 33.554682369453204 31.260000228881836 AB 6.177687203998744 1.043836810543445
60443.2037 lsst_hardware_z 46.87829680009062 42.51882898708378 30.950000762939453 AB 6.130511617635785 1.0356614448443688
60447.174 lsst_hardware_y 105.5826218531265 69.44021349497419 30.790000915527344 AB 7.724982684888163 1.0431412713372277
60449.1487 lsst_hardware_r 382.6896863593947 67.80381916082919 31.639999389648438 AB 8.202177721373387 1.0652178858926475
60449.1684 lsst_hardware_i 395.157198176225 58.96645575837109 31.31999969482422 AB 8.358822590933617 1.0432444886134231
60454.1306 lsst_hardware_z 444.3193825194922 103.85616202955278 31.0 AB 6.130412982089772 1.072297292982736
60454.1375 lsst_hardware_r 598.6730551441749 153.7473042370587 31.65999984741211 AB 5.945303027316122 1.061661254877879
60458.1443 lsst_hardware_i 803.4981760264344 53.25221489956077 31.299999237060547 AB 9.473939164148005 1.0428972302774588
60458.1642 lsst_hardware_z 468.6953126284209 52.97360860929807 30.969999313354492 AB 9.397968245502849 1.0356078068103565
60460.1165 lsst_hardware_z 472.03591306938836 47.646495849230206 30.950000762939453 AB 9.357052898383726 1.0685633306110582
60460.1367 lsst_hardware_r 663.7288822601831 36.27263112887993 31.510000228881836 AB 8.538191046866404 1.0445335157752698
60462.1473 lsst_hardware_g 193.2680013875179 20.995535495732977 31.459999084472656 AB 10.943072939395918 1.0363085582937515
60462.1659 lsst_hardware_r 734.6804504061987 36.57540470488462 31.5 AB 10.959093486512822 1.0383009508926018
60464.1173 lsst_hardware_r 719.7310151757952 36.83846710925068 31.510000228881836 AB 12.158142007765127 1.052698559051518
60464.1361 lsst_hardware_i 947.7927699543864 43.699046350401495 31.25 AB 11.12850457877433 1.0381794042283117
60466.1208 lsst_hardware_z 486.431887929395 48.18249286100145 30.950000762939453 AB 5.325165672147463 1.0441501317936204
60466.1406 lsst_hardware_r 686.5135924314709 36.63855210920088 31.510000228881836 AB 5.8746486028498 1.0356822429987746
60468.1157 lsst_hardware_u 5.687575740854704 2.9353945322667236 28.450000762939453 AB 2.550171452859117 1.043868789545213
60468.1342 lsst_hardware_r 682.6483169030981 36.45945984761356 31.520000457763672 AB 3.158743849658583 1.0357669197700372
60485.0624 lsst_hardware_g 63.81278034761696 76.31574974349606 31.729999542236328 AB 4.971303922372713 1.050072117520806
60485.081 lsst_hardware_i 733.7956102298159 65.23314778860973 31.329999923706055 AB 4.91321829599527 1.037309890424421
60487.07 lsst_hardware_z 471.39108605585284 46.41934108492672 30.950000762939453 AB 7.803973799096086 1.0397904333490966
60487.09 lsst_hardware_r 365.4574322746987 40.217436737326274 31.600000381469727 AB 8.080751867515502 1.0359938291686541
60490.0765 lsst_hardware_u 1.4502648338275872 2.7706727173071677 28.43000030517578 AB 3.2979985609115956 1.0356138356911984
60490.0971 lsst_hardware_g 45.80443933369569 16.237979634566866 31.450000762939453 AB 3.773075205085233 1.0427180337391828
60493.0504 lsst_hardware_g 64.84835090424568 16.790039337125553 31.469999313354492 AB 6.648908410364406 1.041740448157411
60493.0724 lsst_hardware_r 250.95208832360345 28.216306425478873 31.510000228881836 AB 6.579606400474846 1.0358186527478042
60497.0516 lsst_hardware_r 182.96652890175434 27.28432750311581 31.510000228881836 AB 3.3014332680473495 1.0363398351095583
60497.0763 lsst_hardware_u 6.261713022568486 2.8507202902909508 28.43000030517578 AB 3.3114735508925346 1.0415622407923677
60499.0429 lsst_hardware_g 45.672911275468536 16.657332691973625 31.479999542236328 AB 2.9556901404279015 1.037266236331897
60499.0654 lsst_hardware_i 315.32809611753385 36.15313431486286 31.260000228881836 AB 2.9624300282207536 1.038538134345519
60501.0498 lsst_hardware_z 270.82871559352367 44.716372930895744 30.950000762939453 AB 6.879704574678687 1.0357361230509552
60501.0719 lsst_hardware_r 174.10886906415396 26.94137991225146 31.520000457763672 AB 6.918816731926522 1.046614067959841
60503.0462 lsst_hardware_y 163.56873550706567 48.445030636723665 30.049999237060547 AB 6.463972269247697 1.0359760027642755
60503.069 lsst_hardware_g -13.34632344855538 20.087484033127357 31.559999465942383 AB 6.54017851145724 1.0490301566215798
60506.0231 lsst_hardware_g -16.630427701940135 53.105956947733 31.709999084472656 AB 4.540407425030166 1.0375109797269728
60506.0449 lsst_hardware_r 95.53039176669606 57.754931042150396 31.6299991607666 AB 4.036456457713085 1.0379385324223913
60508.0198 lsst_hardware_i 228.466254729611 82.64779417215863 31.329999923706055 AB 2.3025565922465576 1.036798465551921
60508.042 lsst_hardware_z 188.50841282681415 74.89316090902437 30.989999771118164 AB 2.262123544931846 1.0391013068129749
60511.0034 lsst_hardware_r 55.120390468751744 98.18337933977492 31.65999984741211 AB 5.802725726451923 1.040396669865445
60511.0273 lsst_hardware_z 242.73302791325256 69.73529413733935 30.989999771118164 AB 5.783751666193494 1.0366075214971762
60514.0034 lsst_hardware_g 32.019198105479965 46.06219913287626 31.700000762939453 AB 6.438202773373197 1.0368032809126029
60514.0244 lsst_hardware_i 183.88865176410778 53.023666486760405 31.309999465942383 AB 6.523287287777832 1.0385195215099499
60519.977 lsst_hardware_y 172.73297603518864 68.68426571503775 30.790000915527344 AB 5.495446242475829 1.041527495573156
60519.9984 lsst_hardware_u 3.0914994609791138 4.07467959668429 29.18000030517578 AB 5.4666256451679685 1.0357871527010707
60524.9643 lsst_hardware_z 71.5065161761796 59.438307732469 30.979999542236328 AB 9.837148649699852 1.040922215038122
60524.9831 lsst_hardware_r 14.445416531538724 25.812861134158304 31.530000686645508 AB 8.789989569039863 1.0356495874135079
60736.3833 lsst_hardware_g -11.778380345546113 16.479999542236328 31.5 AB 3.142377818783283 1.0423344618237942
60736.4019 lsst_hardware_y 56.1444012962907 73.55000305175781 30.079999923706055 AB 3.1244224289099862 1.0356057106098728
60738.3871 lsst_hardware_z -0.9130675740005773 42.41999816894531 30.950000762939453 AB 7.121555229819477 1.0374344492605005
60742.3732 lsst_hardware_r -34.056169372776644 24.729999542236328 31.520000457763672 AB 8.456873539965299 1.0386727511625276
60742.3905 lsst_hardware_z -35.029491397538145 42.40999984741211 30.959999084472656 AB 8.824029368356241 1.035896970428931
60749.2266 lsst_hardware_r -240.82567542522375 195.19000244140625 32.7400016784668 AB 14.043725667450895 1.5170925426651067
60749.2539 lsst_hardware_z -81.32686382528223 105.87999725341797 31.709999084472656 AB 11.418607631301233 1.312483635781751
60751.3784 lsst_hardware_z 65.0107278134721 71.66999816894531 30.989999771118164 AB 9.458559952828294 1.0405074936190533
60751.3997 lsst_hardware_i 19.33057758978617 82.19000244140625 31.34000015258789 AB 9.56798992743013 1.0616158659031878
60757.3422 lsst_hardware_r -40.037891419195105 32.16999816894531 31.59000015258789 AB 6.225516073740952 1.0357734088247288
60757.3619 lsst_hardware_i -10.308415003714599 35.4900016784668 31.290000915527344 AB 6.2571834933937085 1.040436231026556
60759.3423 lsst_hardware_r 18.709447922569893 25.149999618530273 31.540000915527344 AB 6.880080319607842 1.035688742978751
60759.3617 lsst_hardware_g -28.35578809630226 16.979999542236328 31.520000457763672 AB 6.944627368162003 1.0440432024297674
60761.3424 lsst_hardware_r 9.439713156688724 24.299999237060547 31.530000686645508 AB 8.07582530501837 1.0367024001136096
60761.3615 lsst_hardware_i 73.21259711309271 31.559999465942383 31.260000228881836 AB 8.161201755342432 1.0486719106544546
60763.3217 lsst_hardware_i 35.58387950371441 31.510000228881836 31.270000457763672 AB 7.773384358576716 1.0365433850000065
60763.3392 lsst_hardware_z 4.585922390990575 41.7400016784668 30.959999084472656 AB 9.207704713479465 1.03742940831272
60766.3091 lsst_hardware_r -37.28544457685299 24.209999084472656 31.520000457763672 AB 5.2256617407168555 1.0380390810892344
60766.3271 lsst_hardware_u 0.05236453464880995 2.7899999618530273 28.459999084472656 AB 5.244905978484946 1.0362866838201654
60768.3103 lsst_hardware_g -4.020290731772158 15.25 31.459999084472656 AB 5.953300576838187 1.0360473202723393
60768.3294 lsst_hardware_r -11.060482042030117 24.139999389648438 31.520000457763672 AB 6.016329176294853 1.0390896677538606
60770.3134 lsst_hardware_i 26.29158957031759 31.290000915527344 31.25 AB 7.177611752719911 1.0358051450638446
60770.3323 lsst_hardware_z 6.555122169243265 41.790000915527344 30.940000534057617 AB 7.233464788906221 1.0445436518275897
60772.3095 lsst_hardware_r 11.010055659302765 24.09000015258789 31.520000457763672 AB 8.678571510876592 1.0360411672355627
60772.3286 lsst_hardware_g -23.004229137191263 15.289999961853027 31.459999084472656 AB 8.785077199470809 1.0460189356701994
60777.2815 lsst_hardware_z 4.111448600056849 73.7699966430664 31.0 AB 6.122681357273381 1.0371273578848785
60777.299 lsst_hardware_i -109.379764282942 85.27999877929688 31.34000015258789 AB 6.891750407591025 1.0367821892648876
60779.2918 lsst_hardware_z -19.738215271852358 136.89999389648438 31.75 AB 7.592406884844224 1.0363292113761098
60781.2342 lsst_hardware_r 138.9402005957893 119.36000061035156 31.649999618530273 AB 17.4757798212555 1.0737256559063337
60781.2516 lsst_hardware_i -14.1507305623612 98.08000183105469 31.34000015258789 AB 17.339134738860995 1.0499445777725003
60783.2941 lsst_hardware_z 219.01808594406083 82.58000183105469 31.729999542236328 AB 13.44039093115792 1.0424968726901624
60785.2666 lsst_hardware_r 35.97784580369163 40.130001068115234 31.610000610351562 AB 3.720018712363832 1.035688008639181
60785.2838 lsst_hardware_g 44.3194977321951 37.34000015258789 31.690000534057617 AB 3.7318316840428922 1.0395074328810285
60791.247 lsst_hardware_r 33.072660069010816 24.40999984741211 31.520000457763672 AB 6.161589360166856 1.036141708548256
60791.2647 lsst_hardware_i -60.4131223967669 31.610000610351562 31.260000228881836 AB 6.40309837582561 1.038199979866333
60793.25 lsst_hardware_z -79.7238341060981 41.7599983215332 30.950000762939453 AB 2.7964865445107194 1.0357357572261923
60793.2682 lsst_hardware_i -30.714057055232086 31.68000030517578 31.260000228881836 AB 2.874556286852415 1.0435223693801117
60796.2453 lsst_hardware_u -4.6682879578842575 2.7799999713897705 28.440000534057617 AB 9.480327578203076 1.0363090139958544
60796.2632 lsst_hardware_g -24.27630435240343 15.630000114440918 31.469999313354492 AB 9.51278316242521 1.046127180618608
60799.2236 lsst_hardware_g 22.03373910201169 15.770000457763672 31.479999542236328 AB 9.852390696466825 1.036493682233121
60799.242 lsst_hardware_r -36.06977541221418 24.68000030517578 31.520000457763672 AB 9.907243984924706 1.037842445519046
60801.2236 lsst_hardware_i 64.11450479439422 36.52000045776367 31.280000686645508 AB 2.399056183776219 1.0356383266896354
60801.2432 lsst_hardware_z 49.94423595159116 41.849998474121094 30.950000762939453 AB 2.4804076042299297 1.0413130160495088
60805.2101 lsst_hardware_r 41.566704059746 101.12999725341797 31.65999984741211 AB 6.4226433647245385 1.035910220116861
60805.2296 lsst_hardware_i -75.23494214207878 81.37000274658203 31.34000015258789 AB 6.446291491055418 1.0397244340411964
60807.1967 lsst_hardware_z 28.973021977205985 108.80000305175781 31.010000228881836 AB 12.095774716326783 1.038234217875884
60807.2168 lsst_hardware_i 16.179075487431703 129.9499969482422 31.350000381469727 AB 11.668810178262197 1.036697703685881
60809.2033 lsst_hardware_z 201.87951904927127 137.1699981689453 31.760000228881836 AB 6.114720878860648 1.0355888864064324
60811.1915 lsst_hardware_r -166.05419756822297 81.37000274658203 31.65999984741211 AB 5.55906444001769 1.0363332807241306
60811.2119 lsst_hardware_i 83.42708214849023 67.12000274658203 31.34000015258789 AB 5.5768646810753 1.0390382588017575
60813.1732 lsst_hardware_i -70.72163558833103 44.400001525878906 31.309999465942383 AB 7.695928393898644 1.0422438236591234
60813.1934 lsst_hardware_z -17.978244260015305 47.9900016784668 30.969999313354492 AB 7.6960784458362985 1.0356022937275515
60825.1537 lsst_hardware_z 90.2243497900841 59.04999923706055 31.700000762939453 AB 12.515345966094062 1.036238729839709
60825.1759 lsst_hardware_i -0.4060561655755503 44.869998931884766 32.0099983215332 AB 12.898890434556787 1.0402330995610312
60827.136 lsst_hardware_r -38.245151192078715 24.579999923706055 31.520000457763672 AB 7.44710421216581 1.041553036666577
60827.1576 lsst_hardware_u 1.5019592638335486 2.880000114440918 28.520000457763672 AB 7.434158378342553 1.0357827946789735
60831.1229 lsst_hardware_y 21.768168587468946 49.4900016784668 30.049999237060547 AB 9.402381806752112 1.043067224563422
60831.1429 lsst_hardware_r 51.975276461969756 49.47999954223633 31.6299991607666 AB 8.612849292039723 1.0355923879729596
60843.1348 lsst_hardware_z 18.890651578391612 43.83000183105469 30.959999084472656 AB 5.459752226120991 1.0460631420592013
60843.158 lsst_hardware_r -26.307830148715993 34.619998931884766 31.579999923706055 AB 5.6790368040596775 1.0767307345117256
60845.1045 lsst_hardware_u -0.6569720145404002 2.8399999141693115 28.510000228881836 AB 3.799602256409153 1.0355961451101097
60845.1261 lsst_hardware_r -3.846910628948874 24.260000228881836 31.520000457763672 AB 3.9650361835928947 1.0434305746297092
60848.0874 lsst_hardware_i 44.54612750895537 31.399999618530273 31.260000228881836 AB 2.684905044552404 1.0372102029626518
60848.1081 lsst_hardware_z -21.049455354770675 41.5 30.950000762939453 AB 2.6729366135721357 1.0377985363466409
60853.0677 lsst_hardware_g -9.009862737414778 15.350000381469727 31.479999542236328 AB 7.8351195149349975 1.0399220698493559
60853.0878 lsst_hardware_r -24.954994516000145 24.15999984741211 31.520000457763672 AB 8.080400006753795 1.035948718814589
60859.0418 lsst_hardware_r 11.884863110859442 39.68000030517578 31.600000381469727 AB 6.67256801378501 1.04688260659502
60859.061 lsst_hardware_i -19.380236539006994 39.59000015258789 31.290000915527344 AB 6.592890613234375 1.0362107054199832
60864.0312 lsst_hardware_z -34.62874582408916 76.83999633789062 31.0 AB 0.9633549784561152 1.044287239518824
60864.0515 lsst_hardware_r 50.27705168139797 110.55000305175781 31.65999984741211 AB 1.9502055805074963 1.0356448628618824
60866.0291 lsst_hardware_i -159.28188320573554 83.20999908447266 31.34000015258789 AB 8.534475840116318 1.0418273288579665
60866.0495 lsst_hardware_z -54.990838557263814 72.18000030517578 30.989999771118164 AB 8.675908336525296 1.035640816869962
60871.0064 lsst_hardware_u 3.817252874046943 2.799999952316284 28.459999084472656 AB 5.760169844680526 1.0494024129496313
60871.0268 lsst_hardware_g 2.970391160924393 15.34000015258789 31.459999084472656 AB 5.605570658510237 1.0365490084308935
60876.007 lsst_hardware_r -5.659336106423841 24.389999389648438 31.510000228881836 AB 3.0236912354167274 1.0388311619617707
60876.0245 lsst_hardware_i 4.940867301589387 31.540000915527344 31.25 AB 3.013704186577537 1.0358744912617566
60877.9976 lsst_hardware_z 37.17897323126433 41.9900016784668 30.950000762939453 AB 5.607563913981037 1.0410081523479648
60878.0163 lsst_hardware_r 12.330221032136091 24.5 31.510000228881836 AB 6.267218111194437 1.035618525672449
60884.9766 lsst_hardware_y -92.72957402143263 48.400001525878906 30.049999237060547 AB 4.608308510234675 1.0422500305857005
60884.9964 lsst_hardware_r 9.844987054322468 25.530000686645508 31.530000686645508 AB 4.643604491013655 1.0355942219030627
60886.9756 lsst_hardware_y -71.46031410056825 48.560001373291016 30.049999237060547 AB 4.159125881634693 1.0395215900111705
60886.9931 lsst_hardware_g -1.091528743741866 25.34000015258789 31.6200008392334 AB 4.149415421068411 1.0357139748069917
60888.9769 lsst_hardware_z 35.21171913315594 53.709999084472656 30.969999313354492 AB 4.1176488113647265 1.0367558903981686
60888.9956 lsst_hardware_i -71.97554131921638 50.75 31.309999465942383 AB 4.023678952632805 1.0375877819188495
60894.967 lsst_hardware_y -19.98965274640626 70.41999816894531 30.06999969482422 AB 3.4020679463117047 1.0356371221650658
60894.9873 lsst_hardware_z -65.58340118847681 60.09000015258789 30.979999542236328 AB 3.431914940422559 1.0418158179881283
