data/validation/pwv_sim_epoch_fit_4/55846710.ecsv
# %ECSV 0.9
# ---
# datatype:
# - {name: time, datatype: float64}
# - {name: band, datatype: string}
# - {name: flux, datatype: float64}
# - {name: fluxerr, datatype: float64}
# - {name: zp, datatype: float64}
# - {name: zpsys, datatype: string}
# - {name: pwv, datatype: float64}
# - {name: airmass, datatype: float64}
# meta: {SNID: '55846710', alt: 1024.0, c: -0.015559030696749687, dec: -0.447628, lat: -30.244573, lon: -70.7499537, ra: 136.40625, t0: 61383.61328125,
#   x0: 7.049775169190785e-06, x1: 1.308268427848816, z: 0.5321357250213623}
# schema: astropy-2.0
time band flux fluxerr zp zpsys pwv airmass
[from data line 132]
61789.1985 lsst_hardware_r -5.292064356479554 27.799999237060547 31.5 AB 7.015109009322603 1.2095015533314832
61789.2194 lsst_hardware_z 27.023572943000808 44.189998626708984 30.93000030517578 AB 7.006721853098134 1.1701272299763084
61791.195 lsst_hardware_r -58.59498735882536 24.420000076293945 31.469999313354492 AB 13.855225416446897 1.2048022101258171
61791.2154 lsst_hardware_u 0.4201935960569356 2.6700000762939453 28.31999969482422 AB 13.803426653475853 1.1682144004634334
61793.2024 lsst_hardware_g -8.01099772846791 14.8100004196167 31.399999618530273 AB 10.204670872248053 1.1792195143432678
61793.222 lsst_hardware_r -5.761057627230856 24.020000457763672 31.479999542236328 AB 10.503500565520168 1.1563486861123122
61795.2014 lsst_hardware_i -29.353945473369038 32.2599983215332 31.229999542236328 AB 9.120992462510738 1.1723640697314544
61795.2222 lsst_hardware_z 16.527960591886767 43.150001525878906 30.93000030517578 AB 9.921337075626948 1.1531298540139414
61797.2069 lsst_hardware_u -1.3156252225503162 2.5999999046325684 28.280000686645508 AB 12.60800564139146 1.1596767514156971
61797.225 lsst_hardware_r -19.618437472390248 24.030000686645508 31.479999542236328 AB 12.661741016516903 1.1510673651379002
61801.1798 lsst_hardware_z -0.23487599340093082 43.779998779296875 30.940000534057617 AB 12.193181507563343 1.1804803473292036
61801.1968 lsst_hardware_r -30.406135963516512 24.420000076293945 31.489999771118164 AB 11.926239238916276 1.158956244975101
61805.176 lsst_hardware_r -15.821823217203695 24.399999618530273 31.479999542236328 AB 10.52003876452103 1.1697380068405951
61805.1932 lsst_hardware_i 16.944634893802103 32.2400016784668 31.229999542236328 AB 10.35887612305495 1.153935181358451
61807.1753 lsst_hardware_z 44.52607109327249 49.470001220703125 30.950000762939453 AB 6.24898404065576 1.1639551181663812
61807.1932 lsst_hardware_r 37.636523406948484 40.72999954223633 31.579999923706055 AB 6.256190222813356 1.1517993659674652
61808.1786 lsst_hardware_z 88.00358057370585 54.790000915527344 30.959999084472656 AB 5.684979976744121 1.1581908886104126
61808.1972 lsst_hardware_r 5.249208528063257 61.619998931884766 31.610000610351562 AB 5.666560815129193 1.1510381505442195
61810.1775 lsst_hardware_i -74.82341676460629 100.19000244140625 31.31999969482422 AB 6.57937109880475 1.1550862181890256
61810.1965 lsst_hardware_z 159.3682417833076 86.9000015258789 30.979999542236328 AB 6.480855086172036 1.151742506872585
61812.1605 lsst_hardware_r -68.99863844016413 155.97999572753906 31.6299991607666 AB 2.3773950574448053 1.1652469341721357
61812.1772 lsst_hardware_z -76.5227120625513 103.69999694824219 30.989999771118164 AB 3.111879754294257 1.152548057146021
61818.128 lsst_hardware_z -72.0146341443336 43.47999954223633 30.940000534057617 AB 3.524332621145295 1.1903178005556865
61818.1453 lsst_hardware_r 11.6165804208253 26.809999465942383 31.520000457763672 AB 3.6769962552256272 1.1639133490558566
61820.126 lsst_hardware_u 0.277110348177796 2.809999942779541 28.440000534057617 AB 3.6074763569326245 1.1838141621962233
61820.1429 lsst_hardware_r -17.29878433564428 24.549999237060547 31.5 AB 3.560488654831887 1.1607765664524734
61824.124 lsst_hardware_r -0.1032208726830225 24.010000228881836 31.479999542236328 AB 7.700728616638021 1.1698938257182172
61824.1407 lsst_hardware_u -2.0832697797913244 2.5899999141693115 28.280000686645508 AB 9.119791298096787 1.1542578531953915
61826.1277 lsst_hardware_g 9.913765244998535 14.859999656677246 31.40999984741211 AB 10.026905811923058 1.159682615228921
61826.1463 lsst_hardware_r 34.08250419637386 24.030000686645508 31.479999542236328 AB 9.956425078103125 1.1510318009367775
61828.1231 lsst_hardware_i 59.50000600702766 31.899999618530273 31.229999542236328 AB 7.780756842059753 1.1589285931200526
61828.1419 lsst_hardware_z 43.19166012214076 42.97999954223633 30.940000534057617 AB 8.960651366853623 1.1510149475727198
61830.1195 lsst_hardware_r 11.642728049434977 24.020000457763672 31.479999542236328 AB 4.8623121721605855 1.1574177986576017
61830.1363 lsst_hardware_g 6.466663565947553 14.789999961853027 31.40999984741211 AB 4.69767097219871 1.1510137958670625
61832.1133 lsst_hardware_r 9.820704114950086 24.299999237060547 31.489999771118164 AB 6.807289170277544 1.1579976474062335
61832.1319 lsst_hardware_i 27.909113520078428 32.189998626708984 31.229999542236328 AB 5.587153301286344 1.151041059185485
61834.0882 lsst_hardware_i -24.515785788112282 35.209999084472656 31.239999771118164 AB 12.216995196915112 1.1830531178420056
61834.1062 lsst_hardware_z -22.21344954693096 44.310001373291016 30.940000534057617 AB 11.988909004945649 1.1593755182476249
61838.0834 lsst_hardware_y 101.96647802166353 60.09000015258789 30.010000228881836 AB 12.009190097905313 1.173202109943116
61838.1025 lsst_hardware_r -246.182910914846 100.16999816894531 31.6200008392334 AB 11.885209794665782 1.1542400499821095
61840.0827 lsst_hardware_i -45.4301487554554 115.87999725341797 31.31999969482422 AB 8.330743825826884 1.1668389367951282
61840.1019 lsst_hardware_z -11.082592423057779 96.95999908447266 30.979999542236328 AB 8.730151426883577 1.1521403431572554
61845.0778 lsst_hardware_z -52.46303966698563 46.83000183105469 30.940000534057617 AB 9.00275791938085 1.1579978672844753
61845.0946 lsst_hardware_i 11.096521500467828 41.43000030517578 31.270000457763672 AB 8.360539841067224 1.1510213977583532
61849.0719 lsst_hardware_r -45.41357106972333 23.81999969482422 31.479999542236328 AB 4.296473818014479 1.1545522620962987
61849.091 lsst_hardware_i 4.4141093414539325 31.860000610351562 31.229999542236328 AB 5.900391297027368 1.1520076724533599
61851.0744 lsst_hardware_z 57.724086610909254 43.099998474121094 30.940000534057617 AB 4.496113667985544 1.1514718289189467
61851.0941 lsst_hardware_u -3.0763612139763423 2.690000057220459 28.360000610351562 AB 6.093536570691549 1.1562687989926812
61855.0326 lsst_hardware_r 4.911522283287925 23.979999542236328 31.469999313354492 AB 8.75915327924306 1.1800547798513195
61855.0511 lsst_hardware_i -27.962192849140685 32.099998474121094 31.229999542236328 AB 8.003764945190404 1.1575194858968045
61859.03 lsst_hardware_u -0.7607801153118114 2.619999885559082 28.290000915527344 AB 7.004007029557325 1.1678535509488648
61859.0499 lsst_hardware_g -7.509807689008183 14.729999542236328 31.3799991607666 AB 5.724591937532358 1.1521771032569905
61861.0279 lsst_hardware_r 0.9113377110137934 24.530000686645508 31.479999542236328 AB 4.368478777326326 1.1638931023071915
61861.0458 lsst_hardware_i 17.460783374540565 32.290000915527344 31.229999542236328 AB 5.989230357271951 1.1517750687061443
61863.035 lsst_hardware_z -91.91835110433342 63.470001220703125 31.690000534057617 AB 7.377626257636278 1.1538358238405189
61867.0195 lsst_hardware_i 125.50502339217667 79.94999694824219 31.31999969482422 AB 12.32445764912835 1.1566468418752698
61867.0397 lsst_hardware_z 110.17990773695317 71.98999786376953 30.979999542236328 AB 12.31490711157812 1.1514639655519516
61870.0334 lsst_hardware_g 35.891893732848054 106.29000091552734 31.690000534057617 AB 6.541526648359355 1.1519307327069082
61870.0553 lsst_hardware_r -154.94932227006277 100.16999816894531 31.6299991607666 AB 6.572327624935459 1.1694012944149532
61876.9779 lsst_hardware_y 40.73660345778343 53.63999938964844 30.020000457763672 AB 16.762343903577175 1.1717821673245141
61876.9948 lsst_hardware_r 33.933201097199635 24.1200008392334 31.5 AB 16.486593497586398 1.1549277406365253
61878.978 lsst_hardware_y 102.9111595303196 51.81999969482422 30.010000228881836 AB 10.8988529786993 1.1647288313582949
61878.9958 lsst_hardware_z -42.60138288911257 42.95000076293945 30.940000534057617 AB 10.789298283664868 1.1520156192796178
61881.9734 lsst_hardware_y -88.73714473809241 55.72999954223633 30.020000457763672 AB 10.564522207769215 1.160968401084559
61881.9871 lsst_hardware_r -4.520376228214184 24.3700008392334 31.5 AB 10.581296180357178 1.1521759826167568
61883.9747 lsst_hardware_y 2.0161985091982624 51.529998779296875 30.020000457763672 AB 11.096863731815539 1.1555421369842107
61883.992 lsst_hardware_r 42.69372717057381 23.979999542236328 31.489999771118164 AB 11.078397070975695 1.1512415121038924
61885.9702 lsst_hardware_z 33.81363449628153 50.459999084472656 30.950000762939453 AB 15.713009907202968 1.1549437638517435
61885.9872 lsst_hardware_g -18.448332227207985 14.979999542236328 31.40999984741211 AB 15.729711017776276 1.151347607800928
61889.9688 lsst_hardware_y -28.09254634858487 55.52000045776367 30.010000228881836 AB 13.021282380908549 1.1513070186479706
61889.9874 lsst_hardware_r 36.250541673171874 25.5 31.489999771118164 AB 13.04783828457668 1.156125374104061
