data/validation/pwv_sim_epoch_fit_4/56336165.ecsv
# %ECSV 0.9
# ---
# datatype:
# - {name: time, datatype: float64}
# - {name: band, datatype: string}
# - {name: flux, datatype: float64}
# - {name: fluxerr, datatype: float64}
# - {name: zp, datatype: float64}
# - {name: zpsys, datatype: string}
# - {name: pwv, datatype: float64}
# - {name: airmass, datatype: float64}
# meta: {SNID: '56336165', alt: 1024.0, c: -0.016969241201877594, dec: 2.388015, lat: -30.244573, lon: -70.7499537, ra: 154.863281, t0: 62144.6171875,
#   x0: 9.348503870577777e-06, x1: 0.7882817983627319, z: 0.47325220704078674}
# schema: astropy-2.0
time band flux fluxerr zp zpsys pwv airmass
[from data line 132]
62526.2553 lsst_hardware_z -93.9988133771417 53.459999084472656 30.950000762939453 AB 11.213000799496973 1.2022624361722636
62528.2459 lsst_hardware_i 18.27617506081947 35.63999938964844 31.239999771118164 AB 13.10588364522097 1.2077763985919567
62528.2648 lsst_hardware_z 63.656703079245645 44.9900016784668 30.93000030517578 AB 13.692126404172033 1.1885010550038655
62530.2947 lsst_hardware_i -9.482076939132973 33.06999969482422 31.229999542236328 AB 13.30650690724167 1.1993967106848846
62530.3123 lsst_hardware_u 4.400723324738634 2.9100000858306885 28.34000015258789 AB 13.58235995987751 1.22832061856427
62532.2908 lsst_hardware_g 30.15201348948226 15.229999542236328 31.399999618530273 AB 13.907515090259832 1.201296966587137
62532.3104 lsst_hardware_r -8.948128595139966 24.799999237060547 31.469999313354492 AB 13.291614310098176 1.2362567372085875
62534.2132 lsst_hardware_r -33.695910900364126 25.059999465942383 31.479999542236328 AB 12.90016119800758 1.2396054962851615
62534.231 lsst_hardware_i 33.43674503179406 33.02000045776367 31.229999542236328 AB 12.55615762861624 1.2056033185312205
62536.2141 lsst_hardware_z 12.226230854308287 44.25 30.920000076293945 AB 9.216976191878645 1.2254172960019407
62536.2307 lsst_hardware_u 1.6885911847244193 2.609999895095825 28.260000228881836 AB 9.041191001948693 1.1989379395237625
62538.2148 lsst_hardware_g -0.45513550620365345 15.260000228881836 31.3799991607666 AB 5.2693803227095835 1.2138632395092337
62538.2336 lsst_hardware_r 27.4164739993869 24.780000686645508 31.469999313354492 AB 5.1255028077660185 1.1910079720613498
62540.212 lsst_hardware_i 26.353921652665534 32.880001068115234 31.229999542236328 AB 8.571418921337976 1.2095134884296408
62540.2299 lsst_hardware_z -43.575799033940505 43.84000015258789 30.93000030517578 AB 8.506432485434292 1.1897801716325243
62544.1893 lsst_hardware_g 11.242163182869703 24.8799991607666 31.549999237060547 AB 7.343095683306466 1.2317185937891857
62544.2055 lsst_hardware_r -6.221584831799558 29.719999313354492 31.520000457763672 AB 7.132463741484269 1.2031144911134555
62545.1835 lsst_hardware_i 44.40484618552187 44.650001525878906 31.260000228881836 AB 4.997933767780517 1.238798802275515
62545.2002 lsst_hardware_r 76.96291270122808 41.720001220703125 31.56999969482422 AB 4.856694522714366 1.2067071303097996
62547.1978 lsst_hardware_z -53.96972152946962 85.61000061035156 31.709999084472656 AB 4.5601506569554235 1.2024656738038386
62549.2381 lsst_hardware_r 197.47137882233955 145.89999389648438 31.6200008392334 AB 5.552095100447046 1.194384231568688
62549.2554 lsst_hardware_i 234.90349128556278 118.54000091552734 31.309999465942383 AB 5.379988960589646 1.218340583639834
62553.2454 lsst_hardware_z 77.83979752070599 95.30000305175781 31.719999313354492 AB 6.773174591125049 1.2200620717148607
62558.1573 lsst_hardware_i 14.204959024874615 33.36000061035156 31.229999542236328 AB 6.613187043226904 1.2190206531293832
62558.1748 lsst_hardware_r 41.9644646264502 25.280000686645508 31.479999542236328 AB 8.285929095198057 1.194540343861885
62562.1536 lsst_hardware_r -29.414056186098904 25.06999969482422 31.489999771118164 AB 3.9915577607809567 1.2069722345816172
62562.172 lsst_hardware_i 33.74899484903813 32.779998779296875 31.229999542236328 AB 4.607302929151407 1.1884702310794688
62564.199 lsst_hardware_z -36.41962439947245 44.0 30.93000030517578 AB 7.733299668213957 1.1962102144753246
62564.2163 lsst_hardware_r 12.199145250401669 25.149999618530273 31.479999542236328 AB 6.818751467799957 1.221852490944921
62567.202 lsst_hardware_r -0.8607381730173317 25.010000228881836 31.469999313354492 AB 11.41192165778327 1.2109852843319941
62567.221 lsst_hardware_z -28.619154483898374 44.630001068115234 30.920000076293945 AB 12.127703921867138 1.251762803516245
62569.1977 lsst_hardware_r 3.082766740865119 25.09000015258789 31.469999313354492 AB 10.961626986222273 1.2128936001942563
62569.2172 lsst_hardware_u 0.1682567501663043 2.5999999046325684 28.219999313354492 AB 11.06464485088975 1.2563466391381644
62573.117 lsst_hardware_z 42.2135801367726 47.2400016784668 30.940000534057617 AB 15.96179001404863 1.2178065166742131
62573.1355 lsst_hardware_g 20.891143439757155 30.15999984741211 31.59000015258789 AB 16.702491087796446 1.1930350776997463
62576.1134 lsst_hardware_r -44.2582673449294 87.88999938964844 31.610000610351562 AB 8.93039800406143 1.2099853901424014
62576.1335 lsst_hardware_i -87.10494238594764 73.7300033569336 31.299999237060547 AB 10.204302519471721 1.188619978971698
62577.1194 lsst_hardware_z 72.16296452121246 84.52999877929688 30.979999542236328 AB 9.134998151571619 1.1981896840991269
62577.1377 lsst_hardware_r -40.53562211903502 116.9000015258789 31.6200008392334 AB 9.654692972941127 1.1858981081457125
62579.1242 lsst_hardware_z -27.505627798363076 155.75999450683594 31.739999771118164 AB 9.59841725308765 1.1892721428709532
62583.1585 lsst_hardware_r -24.93438342395824 57.310001373291016 31.59000015258789 AB 9.01923182913551 1.211285499480981
62583.1788 lsst_hardware_y 7.610316042265379 52.369998931884766 29.969999313354492 AB 8.6289896610943 1.255856449002241
62585.0978 lsst_hardware_g -3.005303016929484 15.1899995803833 31.389999389648438 AB 10.55553810929599 1.197916164438399
62585.1148 lsst_hardware_r -13.502712599013943 30.469999313354492 31.520000457763672 AB 10.505244288778515 1.1861620604955134
62593.0714 lsst_hardware_u 2.282142282623477 2.759999990463257 28.389999389648438 AB 10.422490362273575 1.2035208270523579
62593.0896 lsst_hardware_g -3.7635067554721213 15.0600004196167 31.399999618530273 AB 10.208929565162878 1.1873609636151288
62597.0582 lsst_hardware_r -29.97886308991133 24.59000015258789 31.469999313354492 AB 9.515434568843789 1.2067257231371054
62597.0757 lsst_hardware_u -3.0881746482952708 2.609999895095825 28.260000228881836 AB 9.376322062301458 1.1888827636054298
62603.0495 lsst_hardware_r -59.62796711731571 50.18000030517578 31.600000381469727 AB 7.665517353809273 1.1969889684274317
62603.0669 lsst_hardware_z -52.49890007453976 51.540000915527344 30.959999084472656 AB 7.405664552327566 1.1858550123823164
62607.0455 lsst_hardware_z -17.536128488524987 82.75 30.979999542236328 AB 19.84778715519709 1.1907779209677527
62607.0634 lsst_hardware_r 69.88014690252692 117.62000274658203 31.6299991607666 AB 19.67127081590205 1.1855817271832683
62609.1005 lsst_hardware_y 66.47691372260272 84.12999725341797 30.75 AB 13.97856932044285 1.237041532782553
62613.0862 lsst_hardware_r 44.89704603183768 38.72999954223633 31.559999465942383 AB 11.252526042856417 1.2294259643298584
62613.1034 lsst_hardware_i 38.60408111397244 43.279998779296875 31.260000228881836 AB 11.7098703280049 1.2754923747010487
62617.0083 lsst_hardware_r -41.992569146304966 24.739999771118164 31.479999542236328 AB 13.924604534194419 1.2003969426029673
62617.0257 lsst_hardware_u -0.4208141200941318 2.759999990463257 28.389999389648438 AB 13.765844363563255 1.1867107209968324
62621.0033 lsst_hardware_z 6.1240557159292885 44.06999969482422 30.940000534057617 AB 12.895759366324711 1.194051793178214
62621.0207 lsst_hardware_r 13.16817400354893 24.979999542236328 31.489999771118164 AB 12.80265011439949 1.1854305661481008
62626.0456 lsst_hardware_r 8.473520650705407 25.280000686645508 31.489999771118164 AB 11.002241123328997 1.2191636899887153
62626.0628 lsst_hardware_i 5.8143515835404 33.5099983215332 31.229999542236328 AB 11.37199729794722 1.2598806035670649
62628.0443 lsst_hardware_z 61.96538615333304 45.150001525878906 30.93000030517578 AB 7.726016343285033 1.2274233605981464
62628.0625 lsst_hardware_r -12.748731789114911 25.65999984741211 31.469999313354492 AB 7.909239629418817 1.2756838111965834
62632.0414 lsst_hardware_r -33.788179973461226 55.939998626708984 31.59000015258789 AB 9.049274312548663 1.2461704355127834
62632.06 lsst_hardware_z -16.86917562607138 56.470001220703125 30.940000534057617 AB 9.925659567788605 1.3054352785342758
62634.9718 lsst_hardware_y -63.421119021464 82.12000274658203 30.75 AB 8.607737973723284 1.188968825506266
62637.9611 lsst_hardware_z 142.99905048494034 68.68000030517578 30.969999313354492 AB 12.392106072547362 1.190604191150979
62637.9822 lsst_hardware_i -100.81923657650412 67.3499984741211 31.299999237060547 AB 12.348244395544516 1.1863615694427165
62642.9604 lsst_hardware_y -35.02418267254478 53.93000030517578 30.0 AB 6.512871298280823 1.1854516378377908
62642.9803 lsst_hardware_r -17.617815852490313 25.780000686645508 31.489999771118164 AB 6.421406396396811 1.193348150231706
62646.9591 lsst_hardware_y 52.92545628043561 55.0099983215332 30.0 AB 6.867627619693617 1.1868703761207933
62646.9799 lsst_hardware_u 0.3710701809783588 2.8499999046325684 28.389999389648438 AB 6.967260980520737 1.2054432331706342
