data/validation/pwv_sim_epoch_fit_4/56423773.ecsv
# %ECSV 0.9
# ---
# datatype:
# - {name: time, datatype: float64}
# - {name: band, datatype: string}
# - {name: flux, datatype: float64}
# - {name: fluxerr, datatype: float64}
# - {name: zp, datatype: float64}
# - {name: zpsys, datatype: string}
# - {name: pwv, datatype: float64}
# - {name: airmass, datatype: float64}
# meta: {SNID: '56423773', alt: 1024.0, c: -0.042688317596912384, dec: -28.461132, lat: -30.244573, lon: -70.7499537, ra: 131.132812,
#   t0: 61405.0546875, x0: 6.320435149716096e-06, x1: -0.022518489509820938, z: 0.5568336844444275}
# schema: astropy-2.0
time band flux fluxerr zp zpsys pwv airmass
[from data line 132]
61758.2692 lsst_hardware_r 44.148626831839984 45.02000045776367 31.6200008392334 AB 4.485359362249804 1.0374371139701177
61760.2555 lsst_hardware_y 31.57229387898513 47.29999923706055 30.040000915527344 AB 5.663262727977362 1.0515109505760227
61760.2776 lsst_hardware_g -46.740943984915695 21.34000015258789 31.59000015258789 AB 5.464705758221787 1.0191543749014895
61764.124 lsst_hardware_i -10.189416450112544 34.7599983215332 31.139999389648438 AB 10.58521844625139 1.7488279618771523
61764.1461 lsst_hardware_z -14.336459830693084 46.61000061035156 30.899999618530273 AB 9.639853689497768 1.5074637303252354
61766.1311 lsst_hardware_r 21.563284875730613 23.709999084472656 31.3799991607666 AB 7.8315407315777374 1.6006419154008966
61766.1528 lsst_hardware_g 5.4356879733526355 13.239999771118164 31.270000457763672 AB 6.789841942471164 1.4077317042390844
61768.155 lsst_hardware_i -15.739402099583469 32.439998626708984 31.209999084472656 AB 9.746301141277973 1.3539663544262062
61768.1753 lsst_hardware_z -30.223134622924118 43.45000076293945 30.93000030517578 AB 8.765732864592506 1.2383164915545994
61770.1297 lsst_hardware_z 3.408899920839211 46.58000183105469 30.899999618530273 AB 10.116942304294344 1.5076286870269493
61770.1519 lsst_hardware_i 5.558287686740456 32.279998779296875 31.209999084472656 AB 8.991578928240532 1.3386301813667607
61772.156 lsst_hardware_g 13.580061117266771 13.239999771118164 31.31999969482422 AB 5.911985879344706 1.2818239900288455
61772.1773 lsst_hardware_r 22.96410574057136 22.399999618530273 31.469999313354492 AB 5.626578198415632 1.1810617544953048
61776.1416 lsst_hardware_z -144.94865081215056 66.76000213623047 31.68000030517578 AB 10.425669673740634 1.3015546501829747
61778.1355 lsst_hardware_z 40.581600416673446 50.43000030517578 30.93000030517578 AB 9.56160829378543 1.3052944669172286
61778.1583 lsst_hardware_r -47.53637917526141 47.560001373291016 31.579999923706055 AB 8.743017797710909 1.1917827811449218
61780.1233 lsst_hardware_i 34.54218068204306 59.43000030517578 31.270000457763672 AB 11.443677167398388 1.3469884550979478
61780.1417 lsst_hardware_z -40.94633844382194 56.54999923706055 30.959999084472656 AB 10.131930326290858 1.2424194146279408
61782.1188 lsst_hardware_i -18.791692609368727 81.95999908447266 31.270000457763672 AB 7.507035726215391 1.3407815192383181
61782.1364 lsst_hardware_z 12.3482722040342 70.73999786376953 30.959999084472656 AB 8.532462016726388 1.2416271852046479
61783.1224 lsst_hardware_g -74.48985105918831 106.4000015258789 31.6299991607666 AB 3.9929994281336465 1.3020650309131456
61783.139 lsst_hardware_r 3.5389634890918766 102.29000091552734 31.6200008392334 AB 5.999699836494973 1.2164019402233508
61788.1259 lsst_hardware_u -0.3470844379153321 2.509999990463257 28.239999771118164 AB 5.455589176996086 1.2139042503189823
61788.1424 lsst_hardware_g -1.191583986764677 13.359999656677246 31.360000610351562 AB 5.040840721114959 1.1480591518795253
61790.1239 lsst_hardware_r 31.637900639554818 22.760000228881836 31.459999084472656 AB 9.131691943382608 1.1986993887349213
61790.1415 lsst_hardware_i 8.013796021610286 30.81999969482422 31.229999542236328 AB 8.389829270661089 1.1326127938793293
61794.1218 lsst_hardware_u 4.551281374232122 2.5 28.260000228881836 AB 15.106009041129868 1.1633504803236987
61794.1393 lsst_hardware_g 32.04044763624591 13.210000038146973 31.360000610351562 AB 15.637211121872168 1.1060151683512105
61796.1251 lsst_hardware_r -36.79952790451319 22.489999771118164 31.469999313354492 AB 14.908208785845765 1.1326704745362228
61796.1417 lsst_hardware_z -120.26160867398774 41.560001373291016 30.940000534057617 AB 14.345630471384556 1.085104986300409
61798.1179 lsst_hardware_r -22.39936038766061 22.549999237060547 31.469999313354492 AB 14.05793726801266 1.1384327868172377
61798.1357 lsst_hardware_u 2.575147724571338 2.569999933242798 28.34000015258789 AB 12.867932646559542 1.086451591232653
61802.118 lsst_hardware_i -3.539965005122526 30.719999313354492 31.239999771118164 AB 8.409693785460266 1.1044798667563007
61802.136 lsst_hardware_z -34.73013853065664 41.22999954223633 30.950000762939453 AB 8.885342646741714 1.0609364354318465
61804.1199 lsst_hardware_r -3.9060479388638956 24.719999313354492 31.5 AB 7.908457083752242 1.0849975991519896
61804.1374 lsst_hardware_z -59.5667353192932 40.970001220703125 30.940000534057617 AB 7.846570723156015 1.047804420928215
61806.1152 lsst_hardware_z 13.227809358085178 44.470001220703125 30.950000762939453 AB 6.695307239969905 1.0831201552972471
61806.1353 lsst_hardware_i -58.89909715355101 36.2599983215332 31.280000686645508 AB 6.676890880681887 1.042015951830914
61809.1135 lsst_hardware_z 20.36890301575588 54.9900016784668 30.979999542236328 AB 9.111020222134114 1.0680940453059669
61809.1318 lsst_hardware_r 63.13000562650364 67.7300033569336 31.649999618530273 AB 8.887119450792277 1.034619104257083
61811.1257 lsst_hardware_y 164.74074514958073 81.33000183105469 30.809999465942383 AB 3.6107244062450388 1.0355806136458046
61813.0304 lsst_hardware_z 26.853448786393866 110.06999969482422 31.700000762939453 AB 3.595116474200848 1.3655798205371399
61815.0206 lsst_hardware_y 156.6279113501691 80.9000015258789 29.950000762939453 AB 3.592392074200558 1.3960524916741701
61815.0383 lsst_hardware_r -22.238612483759326 23.610000610351562 31.450000762939453 AB 3.222414339789081 1.2834469141846385
61817.0201 lsst_hardware_y 132.59018528640235 71.77999877929688 29.950000762939453 AB 3.833634966011736 1.361376053271213
61817.0401 lsst_hardware_z 12.690043678179109 44.060001373291016 30.93000030517578 AB 3.5041831272744726 1.2452676358473604
61819.0181 lsst_hardware_y -221.23606804249738 114.62999725341797 30.709999084472656 AB 4.842176902219899 1.3386965286634662
61819.0373 lsst_hardware_u -2.441000159797283 3.890000104904175 29.06999969482422 AB 4.443401577735991 1.2322814636661164
61821.0171 lsst_hardware_y 21.3000192635181 74.30999755859375 29.969999313354492 AB 4.851316646937405 1.3111666613344337
61821.0352 lsst_hardware_r -18.43399716225285 23.399999618530273 31.469999313354492 AB 4.501422591706931 1.2166007004613326
61823.0169 lsst_hardware_y -4.350863552332709 71.94999694824219 29.989999771118164 AB 6.244829167558135 1.2809905984734635
61823.0371 lsst_hardware_r -11.480126726703311 23.040000915527344 31.469999313354492 AB 5.729484996234161 1.1848999561363194
61829.0135 lsst_hardware_y -67.78962267138661 64.93000030517578 30.010000228881836 AB 6.079726235549217 1.2159452471098435
61829.0337 lsst_hardware_r 28.49304957510353 22.579999923706055 31.469999313354492 AB 5.684720839381682 1.1369441678763363
61831.0109 lsst_hardware_y 103.04493655655921 68.76000213623047 30.0 AB 2.9680750199592767 1.2032330069764983
61831.0305 lsst_hardware_g -1.805100833336289 14.069999694824219 31.389999389648438 AB 2.7348878194793174 1.129535495912986
61833.0111 lsst_hardware_y 61.34199138926446 59.04999923706055 30.010000228881836 AB 4.26940019227871 1.1796367181815874
61833.0309 lsst_hardware_z 24.584371622594436 42.41999816894531 30.940000534057617 AB 4.172028197347138 1.111528126999082
61835.0189 lsst_hardware_y 5.756640047154356 79.81999969482422 30.770000457763672 AB 5.8329291777558065 1.1317285948303968
61837.0072 lsst_hardware_z -21.82124445224021 63.849998474121094 30.969999313354492 AB 9.032989740176827 1.1530494945337229
61837.0265 lsst_hardware_r -86.00335484700808 55.93000030517578 31.6200008392334 AB 8.750595726185983 1.0934144353599453
61839.0055 lsst_hardware_y 237.22862602576532 67.37000274658203 30.030000686645508 AB 11.757614060350912 1.1399480384924532
61839.0254 lsst_hardware_z 52.442204045099245 63.58000183105469 30.979999542236328 AB 11.18412552643621 1.08236964351458
61841.0066 lsst_hardware_y 125.40254871949098 64.66000366210938 30.040000915527344 AB 8.209679250902814 1.1188659967158863
61841.0274 lsst_hardware_z 53.97305378418844 69.52999877929688 30.989999771118164 AB 7.834260482753502 1.0653422380082953
61844.0031 lsst_hardware_y -10.253203618802273 54.56999969482422 30.030000686645508 AB 10.476420887338346 1.1050955456982032
61844.0233 lsst_hardware_i -13.974918460642943 29.969999313354492 31.239999771118164 AB 9.99387276937584 1.0569584843838713
61847.9987 lsst_hardware_y -29.689227028554885 57.40999984741211 30.049999237060547 AB 6.293397389690237 1.0876469889290403
61848.0158 lsst_hardware_g 12.224978453311584 13.270000457763672 31.389999389648438 AB 7.21917345790827 1.0504435733587878
61849.999 lsst_hardware_z 53.26646440807453 46.47999954223633 30.950000762939453 AB 4.332895128156235 1.0737834359975937
61850.0185 lsst_hardware_i 23.32148315139069 29.780000686645508 31.239999771118164 AB 3.810431770148276 1.0366641253690785
61851.9973 lsst_hardware_y -54.89379298932554 53.4900016784668 30.049999237060547 AB 6.160058000175347 1.065477471274773
61852.0155 lsst_hardware_r 14.706406125457528 21.809999465942383 31.489999771118164 AB 6.379329394033762 1.032978257791401
61853.995 lsst_hardware_y 170.80752909125283 53.619998931884766 30.049999237060547 AB 9.524765178618027 1.0589347589628577
61854.0149 lsst_hardware_r -2.0692607106304877 21.770000457763672 31.489999771118164 AB 8.54818897645733 1.026316361682955
61855.994 lsst_hardware_y -99.13109942513185 75.30000305175781 30.799999237060547 AB 6.407202817763366 1.0503611176661256
61856.0123 lsst_hardware_z -69.88117825820339 57.25 31.700000762939453 AB 5.603593557043373 1.0227713120877437
61857.9917 lsst_hardware_y -120.04717914259942 53.599998474121094 30.049999237060547 AB 7.735255765857869 1.04474010884085
61858.0098 lsst_hardware_u -5.505807479308061 2.619999885559082 28.40999984741211 AB 6.626035086099571 1.0193900132460878
61859.9914 lsst_hardware_y -47.20621328173257 51.04999923706055 30.049999237060547 AB 8.985131464939208 1.0363473431301504
61860.0103 lsst_hardware_r -43.929256320693916 21.670000076293945 31.469999313354492 AB 6.0261624106801435 1.013453330271067
