data/validation/pwv_sim_epoch_fit_4/56563898.ecsv
# %ECSV 0.9
# ---
# datatype:
# - {name: time, datatype: float64}
# - {name: band, datatype: string}
# - {name: flux, datatype: float64}
# - {name: fluxerr, datatype: float64}
# - {name: zp, datatype: float64}
# - {name: zpsys, datatype: string}
# - {name: pwv, datatype: float64}
# - {name: airmass, datatype: float64}
# meta: {SNID: '56563898', alt: 1024.0, c: 0.00996582955121994, dec: -15.249383, lat: -30.244573, lon: -70.7499537, ra: 194.414062, t0: 61570.9609375,
#   x0: 1.1253139191305179e-05, x1: 0.2106274962425232, z: 0.43801629543304443}
# schema: astropy-2.0
time band flux fluxerr zp zpsys pwv airmass
[from data line 133]
61847.2641 lsst_hardware_r -35.9950300435091 38.08000183105469 31.600000381469727 AB 6.611876491015173 1.0377539747329454
61847.2843 lsst_hardware_z -36.458157478074895 45.290000915527344 30.950000762939453 AB 6.688097941524841 1.0549605039473433
61849.24 lsst_hardware_u -1.6989034045446598 3.3299999237060547 28.600000381469727 AB 5.0744265833941435 1.034963610726931
61849.2591 lsst_hardware_g -13.202717118619566 20.110000610351562 31.559999465942383 AB 5.182802231620386 1.0379790176482018
61851.2388 lsst_hardware_r -30.540052186514707 24.170000076293945 31.520000457763672 AB 5.950186397060157 1.0345151661072425
61851.2576 lsst_hardware_i -36.210158203760656 31.31999969482422 31.25 AB 5.45290526341162 1.0402337396817283
61853.2383 lsst_hardware_z 0.6029566970553313 41.66999816894531 30.950000762939453 AB 6.112751665203183 1.034802640612225
61853.257 lsst_hardware_r 2.278022468682726 24.31999969482422 31.510000228881836 AB 6.390374439408488 1.043780874297683
61855.1954 lsst_hardware_r -34.26247981241676 24.1299991607666 31.510000228881836 AB 7.768814745855804 1.0544470993787003
61855.2124 lsst_hardware_i -43.73735555279566 31.3799991607666 31.260000228881836 AB 6.766866032227474 1.0392309966690558
61857.1644 lsst_hardware_i -29.387941083365373 32.02000045776367 31.25 AB 8.10663946048691 1.0988576893846345
61857.1817 lsst_hardware_z 21.839431628869516 42.029998779296875 30.940000534057617 AB 7.675896910755266 1.0658007374000646
61859.2246 lsst_hardware_r 9.63269720826294 24.290000915527344 31.510000228881836 AB 6.726132534773171 1.0353205543519175
61859.2425 lsst_hardware_u 0.29161165867055094 2.740000009536743 28.40999984741211 AB 6.896766859948977 1.0453870543576336
61861.2217 lsst_hardware_g 0.6117726922311573 15.449999809265137 31.450000762939453 AB 4.402883126959237 1.0360537595793953
61861.2385 lsst_hardware_r 4.872744706001104 24.350000381469727 31.5 AB 4.421016332374067 1.0467247255245995
61863.2158 lsst_hardware_i 63.43507304028522 31.43000030517578 31.25 AB 7.444314930926901 1.0359109314213812
61863.2339 lsst_hardware_z -47.66885385209575 41.630001068115234 30.940000534057617 AB 7.4543662567911095 1.0475500641921063
61865.2065 lsst_hardware_r -10.99560279170982 32.310001373291016 31.579999923706055 AB 7.6408355676399315 1.0349579178002684
61865.2249 lsst_hardware_g 21.94175970460135 17.030000686645508 31.5 AB 7.35800680549445 1.0443308140456864
61867.2032 lsst_hardware_r -21.50908120501348 66.73999786376953 31.649999618530273 AB 10.531351764797694 1.0354293348537935
61867.2214 lsst_hardware_i 33.88513738907768 56.90999984741211 31.31999969482422 AB 8.954239027494841 1.0460559611559237
61873.1051 lsst_hardware_r 95.68120264899667 81.80000305175781 31.639999389648438 AB 8.287325941020637 1.1407193311797161
61873.1237 lsst_hardware_i -65.92395555458472 67.0999984741211 31.329999923706055 AB 7.942260680082148 1.0922076089087425
61875.1971 lsst_hardware_z -54.49392199558874 68.0 31.719999313354492 AB 10.334762881261254 1.0439154425516417
61877.1847 lsst_hardware_g 0.6392366921718724 23.610000610351562 31.610000610351562 AB 14.227308155833441 1.0390711217347988
61877.2011 lsst_hardware_r 25.437401529476634 32.08000183105469 31.579999923706055 AB 14.427167969831453 1.0533983306235317
61882.1574 lsst_hardware_u 3.020007717585122 2.809999942779541 28.459999084472656 AB 10.518527830905445 1.0346008145086134
61882.1859 lsst_hardware_g 10.95382957853774 22.049999237060547 32.220001220703125 AB 9.6396214076631 1.0516141829120274
61882.2101 lsst_hardware_r -7.868363825116111 24.59000015258789 31.510000228881836 AB 9.119892212953793 1.0905483354137986
61884.161 lsst_hardware_r 25.713552768607272 24.209999084472656 31.510000228881836 AB 10.018335920521835 1.0368264859531005
61884.1791 lsst_hardware_i 3.7443472771793336 31.649999618530273 31.25 AB 8.304722007761631 1.0501450409190876
61886.1586 lsst_hardware_z 24.933864144763326 41.52000045776367 30.950000762939453 AB 9.315088063884382 1.038239864454345
61886.1766 lsst_hardware_u -0.2247861257774198 2.8299999237060547 28.489999771118164 AB 6.749853421924903 1.0534849135486153
61890.1482 lsst_hardware_i 68.5845325211305 31.450000762939453 31.260000228881836 AB 10.844162917204667 1.0385139740667177
61890.1661 lsst_hardware_z 48.95453805145703 41.90999984741211 30.950000762939453 AB 10.96595035447271 1.0539875872333622
61893.1016 lsst_hardware_g 75.021670341942 39.5099983215332 32.400001525878906 AB 13.84335213037355 1.0442296243775777
61893.1215 lsst_hardware_r -26.237740985407818 45.63999938964844 32.34000015258789 AB 13.648352047242474 1.034710742370833
61900.1191 lsst_hardware_i 134.44455383847915 96.5199966430664 31.34000015258789 AB 7.81579765474009 1.0376100437756508
61900.1389 lsst_hardware_z 60.07473411933042 81.7300033569336 30.989999771118164 AB 7.343653405290807 1.0541129289891111
61909.0799 lsst_hardware_g -20.21658424573886 15.069999694824219 31.459999084472656 AB 8.400567009139673 1.0345313531093097
61909.1002 lsst_hardware_r 17.93664067345639 23.940000534057617 31.510000228881836 AB 8.335487880983772 1.0408625955712818
61911.0777 lsst_hardware_i 17.237347524832806 31.440000534057617 31.260000228881836 AB 7.280202424409344 1.0345605264188353
61911.0981 lsst_hardware_r 31.586275387143253 24.209999084472656 31.520000457763672 AB 7.412942352390175 1.0433416400267663
61919.0487 lsst_hardware_z 31.806863257835484 41.810001373291016 30.950000762939453 AB 9.99515564157392 1.0349898409561646
61919.0683 lsst_hardware_u 3.217921657887708 2.799999952316284 28.469999313354492 AB 9.978331810790685 1.0381389248358193
61924.9981 lsst_hardware_z 59.17361543031085 72.86000061035156 30.989999771118164 AB 11.477060773500456 1.0626908123611534
61925.0126 lsst_hardware_r 48.587753374451815 95.04000091552734 31.649999618530273 AB 11.805291203589167 1.0456413820716712
61927.0053 lsst_hardware_r 142.3144636174017 104.69000244140625 31.65999984741211 AB 4.636221386170869 1.0473588854091838
61927.0267 lsst_hardware_i 13.018711839918076 85.12000274658203 31.34000015258789 AB 4.580134526536301 1.0350196662731275
61945.9622 lsst_hardware_y -21.528899189857626 49.29999923706055 30.049999237060547 AB 5.208024021204051 1.0402871072383297
61945.9766 lsst_hardware_u -0.25303146973950935 2.9000000953674316 28.5 AB 5.188502142789933 1.0347341905450693
61947.9674 lsst_hardware_y -82.28954158858821 47.58000183105469 30.049999237060547 AB 7.91129628717976 1.035464807885314
61947.9885 lsst_hardware_r 4.153262399300301 25.030000686645508 31.530000686645508 AB 7.936660900737029 1.0378337852938317
