data/validation/pwv_sim_epoch_fit_4/56780768.ecsv
# %ECSV 0.9
# ---
# datatype:
# - {name: time, datatype: float64}
# - {name: band, datatype: string}
# - {name: flux, datatype: float64}
# - {name: fluxerr, datatype: float64}
# - {name: zp, datatype: float64}
# - {name: zpsys, datatype: string}
# - {name: pwv, datatype: float64}
# - {name: airmass, datatype: float64}
# meta: {SNID: '56780768', alt: 1024.0, c: 0.02048180066049099, dec: -51.062042, lat: -30.244573, lon: -70.7499537, ra: 6.244019, t0: 63188.703125,
#   x0: 3.667346220988109e-06, x1: -1.5451682806015015, z: 0.6967611908912659}
# schema: astropy-2.0
time band flux fluxerr zp zpsys pwv airmass
63048.4385 lsst_hardware_r 20.819363044609112 24.90999984741211 31.5 AB 9.988326386118834 1.0685749646372285
63051.4446 lsst_hardware_z -68.0644032735964 70.86000061035156 30.989999771118164 AB 6.1706783132023855 1.0708800057620234
63061.427 lsst_hardware_r 24.2301701477209 23.290000915527344 31.5 AB 7.343512540255838 1.0753422961276669
63061.4395 lsst_hardware_i 32.966270433595675 37.66999816894531 31.280000686645508 AB 7.406923754422093 1.0846278744211586
63063.3805 lsst_hardware_z 39.36259103658453 41.2400016784668 30.950000762939453 AB 3.692751744755645 1.07243516304617
63063.392 lsst_hardware_i -16.641792586880086 30.149999618530273 31.239999771118164 AB 3.544929875996874 1.069037960192061
63066.4357 lsst_hardware_u 0.7659339751185162 4.980000019073486 28.84000015258789 AB 3.4268338076939697 1.0948350823303417
63068.4301 lsst_hardware_r -17.426125095925038 22.8700008392334 31.489999771118164 AB 6.847169361652903 1.0946713607758438
63068.4432 lsst_hardware_i 102.60641352303489 51.279998779296875 31.299999237060547 AB 6.942077826397606 1.1123342134910439
63070.4224 lsst_hardware_z -28.92552836960811 41.79999923706055 30.940000534057617 AB 5.569857933056334 1.0921290064816342
63070.4331 lsst_hardware_u 1.9009560144034738 4.309999942779541 28.75 AB 5.638164018756955 1.1055223566190109
63071.3044 lsst_hardware_r 9.013406415285848 22.170000076293945 31.469999313354492 AB 5.983138411598342 1.1353203817074655
63071.3288 lsst_hardware_g 11.989641088399942 13.1899995803833 31.389999389648438 AB 5.750498633710063 1.0970046992960822
63078.2612 lsst_hardware_r 138.23075224717994 82.72000122070312 32.36000061035156 AB 4.267604402313258 1.1917631153047192
63078.2734 lsst_hardware_y 63.06586870715352 71.70999908447266 30.760000228881836 AB 4.152576417493692 1.160667016279419
63080.4076 lsst_hardware_z -36.2496608117476 84.3499984741211 31.719999313354492 AB 2.0625271914860845 1.1080912561708907
63082.3999 lsst_hardware_z -11.140027055014292 63.189998626708984 30.979999542236328 AB 2.2446217329467646 1.104908556705274
63082.4125 lsst_hardware_r 44.85362997153738 86.77999877929688 31.639999389648438 AB 2.361904725683568 1.1247165360397942
63084.3998 lsst_hardware_i -21.31000664211497 53.72999954223633 31.309999465942383 AB 3.203466167005922 1.1127654143481465
63084.4119 lsst_hardware_z -34.99063280488918 53.939998626708984 30.959999084472656 AB 3.2822454589763286 1.1336330159945873
63086.4056 lsst_hardware_i -27.059398429165775 41.369998931884766 31.280000686645508 AB 1.5848558476457637 1.1320398911755456
63086.4182 lsst_hardware_z -8.215048837831691 47.7599983215332 30.950000762939453 AB 2.1483308503382776 1.158337985444794
63096.3727 lsst_hardware_g 19.002972343174456 13.550000190734863 31.399999618530273 AB 4.602256905455605 1.121977182728953
63096.3838 lsst_hardware_r -25.88143101811486 22.690000534057617 31.479999542236328 AB 2.765778616199556 1.142883725702296
63101.3332 lsst_hardware_r -42.23136573613891 22.299999237060547 31.479999542236328 AB 2.190682134473255 1.0873670422600537
63101.3435 lsst_hardware_i -1.2391282565238422 30.520000457763672 31.239999771118164 AB 2.2111916752483025 1.0989107969427494
63107.3611 lsst_hardware_i -3.7740084752509353 30.860000610351562 31.229999542236328 AB 8.118497562652328 1.1588748215905116
63107.3726 lsst_hardware_z -21.78475099332661 42.709999084472656 30.93000030517578 AB 8.35835854379243 1.1877167313081323
63111.0399 lsst_hardware_i -42.288409969174964 89.0999984741211 31.1200008392334 AB 3.506738739678781 2.1441386363061943
63111.0503 lsst_hardware_r -30.81036728336161 108.66000366210938 31.40999984741211 AB 3.2199014823075798 1.9937470478700032
63112.3708 lsst_hardware_z 43.4917332436498 86.55999755859375 31.709999084472656 AB 1.2286817921094184 1.2226703296552799
63114.3607 lsst_hardware_z 110.91646946961671 51.36000061035156 30.950000762939453 AB 1.5007326910185241 1.2083193969553334
63114.3714 lsst_hardware_r -40.78483085550222 55.5099983215332 31.59000015258789 AB 1.5957362890878244 1.2427852718749521
63117.3002 lsst_hardware_z 27.211158149483655 43.25 30.940000534057617 AB 3.07832029857022 1.0994001066322214
63117.312 lsst_hardware_r 51.08682061449304 31.520000457763672 31.549999237060547 AB 3.125892125654812 1.1163900448767186
63122.2997 lsst_hardware_r -12.144636366383036 22.399999618530273 31.469999313354492 AB 3.0308333832342034 1.1185950851576123
63122.3123 lsst_hardware_u 4.2382864771052935 2.559999942779541 28.309999465942383 AB 3.1554539829699206 1.1418324526759256
63124.2128 lsst_hardware_u -2.390430988756003 2.609999895095825 28.3799991607666 AB 1.0662680090950645 1.0729740972025805
63124.2243 lsst_hardware_g 0.9624882947774143 13.289999961853027 31.389999389648438 AB 0.8995007460411858 1.0692430859330588
63126.2946 lsst_hardware_i -33.95352465929087 30.75 31.239999771118164 AB 1.2557944596865955 1.1287194604328623
63126.3058 lsst_hardware_z -5.580798342241214 42.36000061035156 30.940000534057617 AB 1.2708121659211657 1.1511848713712856
63129.2333 lsst_hardware_z 22.39405067265325 41.4900016784668 30.940000534057617 AB 6.225131436548042 1.0714819306144636
63129.2441 lsst_hardware_r -19.478384175369488 22.1200008392334 31.469999313354492 AB 6.2630465916879245 1.077050144744269
63131.146 lsst_hardware_z -17.261840239144856 42.220001220703125 30.93000030517578 AB 3.8131218346506714 1.125312626427821
63131.1577 lsst_hardware_r -44.56045804134682 22.290000915527344 31.469999313354492 AB 3.7538575055190697 1.1066525013199566
63133.3179 lsst_hardware_z 18.18988279264196 43.84000015258789 30.93000030517578 AB 5.421791826989516 1.2372399863822252
63133.3294 lsst_hardware_i 22.557699490171064 32.20000076293945 31.209999084472656 AB 5.711257791083451 1.2791170864688581
63137.3072 lsst_hardware_r 39.06498981596512 71.02999877929688 31.600000381469727 AB 4.697345762494355 1.2379897467700136
63137.3186 lsst_hardware_z 128.1825475998712 58.83000183105469 30.950000762939453 AB 4.856268066124071 1.2795928328463584
63145.2497 lsst_hardware_r 16.754169847069615 41.06999969482422 31.579999923706055 AB 5.397491716156198 1.1422457074258319
63145.2617 lsst_hardware_z -17.42004753532528 46.900001525878906 30.940000534057617 AB 6.864420400547069 1.1692412321726733
63147.2512 lsst_hardware_g 30.80714760406758 21.440000534057617 31.520000457763672 AB 4.30480504302838 1.157309358283461
63147.2623 lsst_hardware_i -6.126384209272072 34.56999969482422 31.239999771118164 AB 4.401898695880268 1.1847923997524497
63149.1572 lsst_hardware_r -29.87839846380625 21.8799991607666 31.479999542236328 AB 3.3231771832847223 1.0690613425397208
63149.1705 lsst_hardware_z -28.796395739308846 41.22999954223633 30.950000762939453 AB 3.7148120087655574 1.069215775333078
63151.278 lsst_hardware_g -5.028543299808352 13.1899995803833 31.309999465942383 AB 6.883491438668197 1.2704270638430863
63151.2886 lsst_hardware_r 8.852190798276373 22.979999542236328 31.43000030517578 AB 7.1014549916557215 1.3135639290923877
63153.1814 lsst_hardware_u 0.7761676578474533 2.5899999141693115 28.3799991607666 AB 8.60617919219887 1.079009427306947
63153.1932 lsst_hardware_g 13.514885794507657 13.039999961853027 31.3700008392334 AB 8.863180425298182 1.0893781250366497
63157.1835 lsst_hardware_z 61.065397079482274 41.85675609997322 30.950000762939453 AB 6.350939462563558 1.0906645135777662
63157.1947 lsst_hardware_r -2.7808484749879328 22.340200014624248 31.479999542236328 AB 6.411405054725981 1.10433571591996
63159.2225 lsst_hardware_g -17.69964478390838 13.28948483010857 31.360000610351562 AB 1.2843374968370191 1.1668723472171585
63159.2336 lsst_hardware_i 1.1571622024114585 31.64669526618589 31.229999542236328 AB 1.3176854206116095 1.1959931205915437
63161.184 lsst_hardware_r -17.719765303595914 24.04049652406342 31.489999771118164 AB 3.0825084154417586 1.1046437611332895
63161.1947 lsst_hardware_z -15.141198164629389 42.34270867797434 30.940000534057617 AB 3.2321214405398817 1.1210965801387034
63163.1817 lsst_hardware_r -2.2846115333012147 38.46603346983626 31.59000015258789 AB 2.405209916859485 1.1091583660876077
63163.1929 lsst_hardware_y 20.931649789340025 48.89287912579577 30.020000457763672 AB 2.572034210825223 1.1275082388375495
63166.2158 lsst_hardware_z 148.86257153954656 58.19212391436121 30.959999084472656 AB 3.6487352901734607 1.1997485541059032
63166.2265 lsst_hardware_r 14.691156135648809 70.58816392597953 31.600000381469727 AB 3.8864369969577095 1.2329088736482543
63168.1635 lsst_hardware_z 145.88449861793197 63.21174617631778 30.979999542236328 AB 3.1718974414839494 1.1027572516457484
63168.1741 lsst_hardware_r 233.9932741149291 88.70682414167126 31.639999389648438 AB 2.2898006066700787 1.1186129001804515
63170.1706 lsst_hardware_z 474.76843150325635 86.05794587156211 31.719999313354492 AB 3.866660546486778 1.1219093417921886
63183.0737 lsst_hardware_z 601.2500106348454 48.84463702798146 30.940000534057617 AB 4.641224697186553 1.0687294219531138
63183.0848 lsst_hardware_u -0.17268507172765454 2.6149156676562386 28.3700008392334 AB 3.7723110145957666 1.07112138978666
63186.1519 lsst_hardware_r 965.8952160234999 38.57877449024561 31.459999084472656 AB 6.846115279367053 1.1746265849643214
63186.163 lsst_hardware_i 1209.3030495539674 46.809144384558024 31.229999542236328 AB 7.029928879330846 1.205044590414544
63187.054 lsst_hardware_r 970.9542918133384 38.43667250486095 31.479999542236328 AB 3.9967158392079085 1.0689978841080319
63187.0667 lsst_hardware_i 1231.5401584638453 46.144456098202625 31.239999771118164 AB 3.9342217427132855 1.0692272707471888
63189.0519 lsst_hardware_z 791.4438294802198 50.23527486100104 30.940000534057617 AB 5.0288111393025305 1.0686713478718985
63189.0643 lsst_hardware_i 1242.9039998064413 46.607747449322915 31.239999771118164 AB 5.044929642773539 1.0698799277773463
63191.0186 lsst_hardware_y 791.2719161066949 95.32993629286796 30.799999237060547 AB 4.959625567831958 1.0798814583489105
63191.0267 lsst_hardware_z 885.0734556183221 54.33747040337032 30.959999084472656 AB 4.862070197281397 1.0746093927022649
63193.0571 lsst_hardware_r 833.4755697699536 55.290183499025645 31.6200008392334 AB 7.296194700519884 1.0709879561869409
63193.0706 lsst_hardware_i 1211.5875903124052 55.116832075455086 31.290000915527344 AB 7.356150948799469 1.07791644445305
63197.0541 lsst_hardware_z 691.1227634056729 62.081907564983226 30.969999313354492 AB 3.9405411869188183 1.074497687762024
63197.0653 lsst_hardware_r 757.8432801426706 78.66628218131049 31.639999389648438 AB 3.893300249366209 1.0821737003704834
63199.0985 lsst_hardware_i 1075.1107987125997 69.90933141226009 31.309999465942383 AB 5.688243900814398 1.1348117507859383
63199.1097 lsst_hardware_z 725.866495679709 64.49219434095032 30.959999084472656 AB 5.796700023297861 1.1584518582349494
63201.1014 lsst_hardware_i 756.9291349516128 60.78639671075965 31.299999237060547 AB 10.222682604114022 1.1520679118084924
63201.1139 lsst_hardware_z 798.8730866504337 59.60384126840315 30.959999084472656 AB 10.490854979792648 1.1822901930645358
