data/validation/pwv_sim_epoch_fit_4/56833014.ecsv
# %ECSV 0.9
# ---
# datatype:
# - {name: time, datatype: float64}
# - {name: band, datatype: string}
# - {name: flux, datatype: float64}
# - {name: fluxerr, datatype: float64}
# - {name: zp, datatype: float64}
# - {name: zpsys, datatype: string}
# - {name: pwv, datatype: float64}
# - {name: airmass, datatype: float64}
# meta: {SNID: '56833014', alt: 1024.0, c: 0.025304486975073814, dec: -39.257931, lat: -30.244573, lon: -70.7499537, ra: 48.164062, t0: 62056.69140625,
#   x0: 5.964958252916856e-06, x1: 0.333170086145401, z: 0.5705142617225647}
# schema: astropy-2.0
time band flux fluxerr zp zpsys pwv airmass
62001.4175 lsst_hardware_r -11.890983592100538 22.540000915527344 31.510000228881836 AB 2.426850392790402 1.012453230200418
62009.3364 lsst_hardware_r 13.31378970134029 21.719999313354492 31.479999542236328 AB 2.9468708419533334 1.0697740229743467
62011.4203 lsst_hardware_g -31.64938780133431 29.799999237060547 31.65999984741211 AB 6.660801331210395 1.0212428734271268
62016.4029 lsst_hardware_i 23.428288643821507 47.68000030517578 31.31999969482422 AB 1.1902754720210136 1.018780717849655
62016.4136 lsst_hardware_z 120.84847138963471 54.959999084472656 30.979999542236328 AB 1.227958850818744 1.026864544238671
62020.3966 lsst_hardware_z -74.05355721193874 56.09000015258789 30.979999542236328 AB 2.124981094874663 1.0218711684898596
62020.4084 lsst_hardware_i -90.19004676770639 63.040000915527344 31.329999923706055 AB 2.1025164688118156 1.032543385542942
62026.2218 lsst_hardware_g 2.0747223146747453 13.135095642243808 31.309999465942383 AB 3.066310257867615 1.299100518797182
62026.2416 lsst_hardware_r 36.945391418975696 22.506153770894787 31.459999084472656 AB 2.817877307100882 1.2080068478569086
62027.3263 lsst_hardware_i 31.18894436236515 43.54594090188883 32.0099983215332 AB 1.6538929066466188 1.0205015878114403
62027.3495 lsst_hardware_z 77.30674234872366 40.88459588769755 30.950000762939453 AB 1.4724376332177913 1.012216521460155
62031.3935 lsst_hardware_i 55.07417076777823 32.071870864043376 31.25 AB 1.7761738262120494 1.052339583022775
62031.4043 lsst_hardware_z 31.57386282980361 62.025280930813395 30.979999542236328 AB 1.8048458018709308 1.0709662079044242
62033.3777 lsst_hardware_z 131.26075879135922 42.06619095446034 30.950000762939453 AB 6.093867716512516 1.0380491809066548
62033.3908 lsst_hardware_r 74.0482638906247 25.187221357531904 31.479999542236328 AB 6.272575419914666 1.0567303810045996
62035.3787 lsst_hardware_u 9.282423003070582 3.153515079531181 28.5 AB 1.4652176025467987 1.046584001819142
62035.392 lsst_hardware_g 82.23878244538697 18.096541676117667 31.469999313354492 AB 1.49571401982424 1.0683671570173143
62037.3787 lsst_hardware_r 487.2419299541275 31.396549184959248 31.479999542236328 AB 3.9468878209703737 1.054824031795383
62037.3894 lsst_hardware_i 449.01326366730694 38.124451960800634 31.25 AB 4.062299024008141 1.073830035423775
62044.3472 lsst_hardware_r 1542.8126072407179 54.85352547394633 31.610000610351562 AB 4.353443252787284 1.0374810150821407
62044.3588 lsst_hardware_z 773.9410524679145 49.7568404024756 30.940000534057617 AB 4.41447612325803 1.0535742537608404
62046.148 lsst_hardware_r 1650.97794711368 98.1875116414421 31.549999237060547 AB 4.503244825172022 1.4148911555015193
62046.1656 lsst_hardware_i 1272.9080619102256 78.72634056560197 31.270000457763672 AB 4.089847173954116 1.3076004073068868
62050.3571 lsst_hardware_i 1708.7796873401724 71.44220499808672 31.31999969482422 AB 3.888962468552773 1.0802673523757702
62050.3687 lsst_hardware_z 1186.4163853216867 65.80772562163507 30.969999313354492 AB 3.9845931938334256 1.1068314427315071
62052.3448 lsst_hardware_r 2170.3631700953883 71.14058814042494 31.6299991607666 AB 3.0495965446906905 1.0669142430403975
62052.3564 lsst_hardware_z 1195.2098339299891 60.863747835649804 30.969999313354492 AB 3.1037155329197565 1.0905535955445385
62054.3431 lsst_hardware_g 700.0601224976938 43.84811134728233 31.670000076293945 AB 4.65037781351524 1.074052269418536
62054.3552 lsst_hardware_i 1895.5126587315215 56.71936966284691 31.280000686645508 AB 4.813775804470967 1.1004802662104285
62055.3365 lsst_hardware_z 1417.8520435539745 55.899058178794604 30.959999084472656 AB 5.904440842186985 1.0667141926808357
62055.3477 lsst_hardware_r 2134.1033115521695 55.84356120964216 31.56999969482422 AB 6.011199806998781 1.0894130800734796
62057.3191 lsst_hardware_r 1994.9058796028096 50.45028276743885 31.510000228881836 AB 5.251951147141228 1.0472484839762735
62057.3298 lsst_hardware_u 3.7832213352971427 3.1719854578533906 28.520000457763672 AB 5.368136819168298 1.0644728969201027
62059.3276 lsst_hardware_g 362.5980978823145 23.689782400088443 31.389999389648438 AB 7.534048685174591 1.0704814841111636
62059.3392 lsst_hardware_r 1858.114078211164 48.64613526635826 31.479999542236328 AB 8.020483468727585 1.094921635739032
62064.327 lsst_hardware_i 1592.3991109156166 50.033243208494746 31.25 AB 2.552155720734822 1.09833125264732
62064.3376 lsst_hardware_z 1276.880863703261 55.08510677575782 30.950000762939453 AB 2.8346926547912283 1.1257715070656653
62065.3251 lsst_hardware_r 1431.4717158302205 44.75352048581939 31.459999084472656 AB 2.779404132405665 1.1003183422033513
62065.3362 lsst_hardware_u 2.8210418841827227 2.6326107454863457 28.329999923706055 AB 3.6093645133992482 1.1295442472497321
62070.3139 lsst_hardware_z 1190.1606219043097 53.36305312444901 30.950000762939453 AB 3.518169464156242 1.106342598791163
62070.3253 lsst_hardware_r 1227.3149848758046 41.37609080397007 31.479999542236328 AB 3.616118686291705 1.137591407405852
62075.2999 lsst_hardware_r 1070.8513944206109 78.57388001430739 31.639999389648438 AB 6.0296127809478275 1.105472000418313
62075.3115 lsst_hardware_y 318.4281689520835 55.11475598877801 30.030000686645508 AB 6.174337897599353 1.1371486090489322
62079.3025 lsst_hardware_i 869.5100330033177 69.62215630562916 31.309999465942383 AB 4.347799295701801 1.14295459929057
62079.3141 lsst_hardware_z 944.3484720992767 66.04895175821879 30.969999313354492 AB 4.524287413911671 1.181687466631988
62081.2862 lsst_hardware_z 782.5677609009607 57.42778215884349 30.959999084472656 AB 5.710085326049478 1.1123001138352635
62081.2983 lsst_hardware_r 753.6477344976338 61.20250415259412 31.610000610351562 AB 6.642010108110261 1.1468548921885973
62083.2522 lsst_hardware_i 822.8778456891821 46.511204384056526 31.290000915527344 AB 8.211180135043278 1.0533906523467964
62083.2628 lsst_hardware_z 840.6497492778261 52.420309132445766 30.959999084472656 AB 8.304348129050503 1.0718745568313008
62086.2584 lsst_hardware_g 43.47934719598703 15.959813204497653 31.420000076293945 AB 4.425638165740316 1.0794239428634917
62086.2686 lsst_hardware_r 444.20355067960094 30.58069650711904 31.489999771118164 AB 4.51963380961827 1.1023497096629928
62090.1809 lsst_hardware_z 632.3673905749124 47.36687384344158 30.940000534057617 AB 5.611757410189882 1.0122521859464881
62090.1894 lsst_hardware_u -1.2473663069786225 2.794281702320806 28.43000030517578 AB 5.586817372529271 1.013696148396505
62091.2424 lsst_hardware_g 30.421416451738466 14.160782865080705 31.3799991607666 AB 6.13477376969968 1.074689205068113
62091.2548 lsst_hardware_r 320.4156424713788 27.575304687721122 31.469999313354492 AB 4.455342963015392 1.1019893551856026
62095.0646 lsst_hardware_g 17.673934022250485 14.492671814723904 31.360000610351562 AB 4.518746596549327 1.1659777052120572
62095.0743 lsst_hardware_i 409.44262829103377 36.26689899497437 31.229999542236328 AB 4.3908303833543805 1.1352170595134095
62096.2323 lsst_hardware_g 28.577301967048523 13.804159573635433 31.3700008392334 AB 3.3043970178156528 1.0819308107442955
62096.2434 lsst_hardware_r 249.61767936111391 26.266113977390514 31.469999313354492 AB 3.374324425896929 1.107576605234365
62098.2329 lsst_hardware_i 335.646380005986 35.18597814066778 31.25 AB 8.339096187391155 1.0953518493037704
62098.2455 lsst_hardware_r 196.5866391667511 26.08658356944517 31.479999542236328 AB 8.509463580231335 1.127840631802713
62103.2228 lsst_hardware_z 499.0844494865974 56.44861469453818 30.959999084472656 AB 5.451445678020949 1.103866695964554
62103.2353 lsst_hardware_r 156.83910384182812 58.49880074546614 31.610000610351562 AB 5.619520888558489 1.137900352041812
62105.1883 lsst_hardware_r 44.4063526138136 81.66043101274022 31.649999618530273 AB 8.077983921181122 1.0476262258770057
62105.2004 lsst_hardware_i 406.64201013048904 66.85638233650305 31.31999969482422 AB 8.272493188999245 1.0674873461512244
62107.1865 lsst_hardware_z 426.162012729891 64.3202473477017 30.979999542236328 AB 6.723872842960818 1.0531293735678526
62107.1986 lsst_hardware_i 277.518094410498 69.68194005745858 31.31999969482422 AB 6.866626844983564 1.0744693844838553
62112.2013 lsst_hardware_r 121.74776894422553 42.05291334925091 31.59000015258789 AB 4.925670167157274 1.1116384940548247
62112.2129 lsst_hardware_i 235.1747264210947 42.64658398148289 31.270000457763672 AB 5.834706007332216 1.1445088284292304
62114.1152 lsst_hardware_i 163.90705966471094 32.35496403178439 31.25 AB 9.312685722542101 1.0122484481024023
62114.127 lsst_hardware_z 282.55820860063557 43.94746607365305 30.950000762939453 AB 7.605075217354036 1.0147316159074056
62116.1093 lsst_hardware_z 232.35109737826988 43.7112734667895 30.959999084472656 AB 12.63195421505053 1.0122298906232061
62116.1216 lsst_hardware_r 169.9362358660912 23.813288865329454 31.489999771118164 AB 12.73043767465089 1.0147548364318777
62120.1088 lsst_hardware_i 138.53268197466903 31.93583573554696 31.25 AB 10.238420601960176 1.0141022212795574
62120.1211 lsst_hardware_z 250.75650236872198 43.39404183925854 30.950000762939453 AB 10.295503248260262 1.0201592544147866
62122.1019 lsst_hardware_r 53.552862564990754 23.656737997115318 31.489999771118164 AB 4.098595127074755 1.0136673850965472
62122.1144 lsst_hardware_u 3.1250872980896673 2.7932177431439795 28.479999542236328 AB 4.121605665735119 1.0193583674527777
62124.0997 lsst_hardware_g 15.849454416211481 13.401901576056234 31.420000076293945 AB 3.4340345862594215 1.0147356571069455
62124.1138 lsst_hardware_r 88.92182063773599 23.80877982628597 31.510000228881836 AB 3.4245135808888594 1.0227516916542139
62126.0978 lsst_hardware_i 106.81705705004596 32.20522651337016 31.25 AB 3.9477420199020785 1.0162370052948546
62126.1109 lsst_hardware_z 202.3360421095551 43.406869002368836 30.950000762939453 AB 4.019306000974019 1.0248103011152523
62129.0846 lsst_hardware_z 180.38729169364584 45.21263004144591 30.959999084472656 AB 6.126688887429406 1.01422652608198
62129.0964 lsst_hardware_r 68.5433638049293 33.99828238334722 31.59000015258789 AB 6.206154795869483 1.0200780400837934
62131.0847 lsst_hardware_i 183.75387241043438 43.95556428990847 31.299999237060547 AB 5.094202251885343 1.016502494639461
62131.0961 lsst_hardware_z 202.7083994671902 48.818708669023756 30.969999313354492 AB 5.124705835525959 1.0238661076921787
62133.0869 lsst_hardware_r 60.94019881608587 59.875894674017204 31.649999618530273 AB 7.6578538355232535 1.0210471780697672
62133.0996 lsst_hardware_z 172.80694731922537 52.95402278562878 30.969999313354492 AB 7.742003514721352 1.0322671352961803
62135.0856 lsst_hardware_y 166.08613569004612 52.15057377664401 30.059999465942383 AB 7.608603967851096 1.0242105290729635
62135.0974 lsst_hardware_r 102.78199937123043 76.37731532377448 31.65999984741211 AB 7.736972870294648 1.03591268556242
62137.0741 lsst_hardware_i -60.31232165818708 60.09000015258789 31.329999923706055 AB 7.027733568084844 1.0197816655930854
62137.0877 lsst_hardware_z 83.1861129786171 56.5099983215332 30.979999542236328 AB 7.143878774629646 1.0312369892723905
62139.0809 lsst_hardware_r 24.513265420544062 43.45000076293945 31.6200008392334 AB 6.6772569501535655 1.0298713854458412
62139.096 lsst_hardware_g -35.98023466794327 48.209999084472656 31.700000762939453 AB 4.472016293575646 1.0484154949186844
62141.08 lsst_hardware_r -12.894512545466512 21.59000015258789 31.479999542236328 AB 11.069683397355872 1.0347432601753481
62141.0946 lsst_hardware_i -36.06447904647006 29.860000610351562 31.25 AB 11.020391445985702 1.0546165535729077
62369.4207 lsst_hardware_z 3.7214064224454666 72.12000274658203 31.719999313354492 AB 1.5339336845638993 1.0127203023089124
62375.3592 lsst_hardware_z -108.6972879209817 53.27000045776367 30.969999313354492 AB 2.8404937680050413 1.0330320407340434
62375.37 lsst_hardware_y 68.04482933451351 50.22999954223633 30.049999237060547 AB 2.7647300721823647 1.0229637662243578
62378.3785 lsst_hardware_r 48.21714647442102 61.29999923706055 32.369998931884766 AB 2.489539895759116 1.0139315350634466
62378.3984 lsst_hardware_y -231.49667864387402 67.75 30.799999237060547 AB 2.4427782768068966 1.013180537870965
62385.4094 lsst_hardware_g -4.947669575395662 19.190000534057617 31.540000915527344 AB 0.734029980316649 1.032875206824553
62389.4026 lsst_hardware_i 16.76970732103934 31.299999237060547 31.25 AB 2.347067365415362 1.0376071465143069
62390.3999 lsst_hardware_g -29.676512510146697 14.65999984741211 31.440000534057617 AB 2.5822626884319795 1.0376436480321387
62393.3992 lsst_hardware_i 28.037949082850556 31.6299991607666 31.260000228881836 AB 1.284163658798327 1.0475842219972755
62399.3808 lsst_hardware_i 49.882725401423166 33.650001525878906 31.270000457763672 AB 6.211107825639448 1.0447323302914862
62399.3921 lsst_hardware_z 90.55903302511673 43.02000045776367 30.950000762939453 AB 6.177206423844422 1.0623796412149664
62404.2923 lsst_hardware_i -104.95374883058282 59.95000076293945 31.329999923706055 AB 6.2476162672120035 1.021854149037034
62416.343 lsst_hardware_z -45.10216135172102 41.060001373291016 30.950000762939453 AB 3.8081003254973744 1.0578056459714928
62416.3547 lsst_hardware_u -2.2568639696791517 2.5899999141693115 28.3799991607666 AB 3.8862910972655893 1.079525304795997
62422.2812 lsst_hardware_z 9.655652795307613 40.290000915527344 30.950000762939453 AB 5.636913743669272 1.0139853833612842
62422.2945 lsst_hardware_i -43.984697301143136 29.68000030517578 31.25 AB 5.421141201737424 1.020610204280657
62423.2795 lsst_hardware_g -7.2743720534345115 12.979999542236328 31.40999984741211 AB 5.813088341903335 1.014323563410054
62423.2934 lsst_hardware_r -28.41308611936172 21.559999465942383 31.489999771118164 AB 5.153602780898017 1.0217630996724327
62425.3364 lsst_hardware_i -3.737237315812333 30.25 31.25 AB 8.010038937490998 1.0931724507539347
62425.3486 lsst_hardware_r -0.866437782241727 22.110000610351562 31.479999542236328 AB 8.208804738454814 1.1240703486296004
62429.3214 lsst_hardware_z -38.15937235124345 55.2599983215332 30.979999542236328 AB 1.2272382971277347 1.0841327713142532
62429.3325 lsst_hardware_r -30.333811837744232 58.540000915527344 31.6299991607666 AB 1.434408594991776 1.1102233707366687
62433.3101 lsst_hardware_i 69.65522699221908 65.27999877929688 31.31999969482422 AB 3.499861176538986 1.0833247554286634
62433.3208 lsst_hardware_z -23.653264811012892 60.7599983215332 30.969999313354492 AB 3.4736739400603387 1.1082361758095356
62435.3111 lsst_hardware_i 41.84954129711807 51.029998779296875 31.299999237060547 AB 1.4392695414882493 1.0978409927443133
62435.3218 lsst_hardware_z -38.095476626818964 52.369998931884766 30.959999084472656 AB 1.531020192873393 1.1254742902765944
62437.3066 lsst_hardware_z -57.49362923667916 46.369998931884766 30.950000762939453 AB 3.1216327944238977 1.10013490552364
62437.3177 lsst_hardware_r -9.634761656243604 43.40999984741211 31.59000015258789 AB 3.210585274431598 1.1293279581759392
62438.3147 lsst_hardware_i 13.575715183012939 37.16999816894531 31.270000457763672 AB 3.3913162469455775 1.128557819283054
62438.3245 lsst_hardware_r 69.65757747694717 36.7400016784668 31.56999969482422 AB 3.528408645406122 1.1586280578173256
62440.3002 lsst_hardware_z -21.516440037747497 42.540000915527344 30.940000534057617 AB 3.7735500753796956 1.1045075590163813
62440.3104 lsst_hardware_u 4.646720261174328 4.289999961853027 28.719999313354492 AB 3.8873032816691473 1.1318945787641892
62442.3066 lsst_hardware_g 1.3831235804129098 13.5600004196167 31.360000610351562 AB 3.4898875903783084 1.136771202077778
62442.3186 lsst_hardware_r 6.626703823649538 22.829999923706055 31.459999084472656 AB 3.6335651234583306 1.175784205627763
62451.2599 lsst_hardware_u -2.548874990500983 2.5199999809265137 28.31999969482422 AB 1.8085994661601015 1.0811055339437716
62451.2715 lsst_hardware_r 18.199834303777337 21.979999542236328 31.469999313354492 AB 1.9140837879107606 1.1078476561486097
62460.2322 lsst_hardware_r -64.08150647711904 88.94000244140625 31.649999618530273 AB 5.269337750597195 1.0747535949819436
62460.2442 lsst_hardware_i 39.751892404098726 70.55000305175781 31.31999969482422 AB 5.4234636797463 1.101099112728921
62466.157 lsst_hardware_z 15.070057287550702 43.97999954223633 30.959999084472656 AB 5.28993308002925 1.012944356934177
62466.1701 lsst_hardware_r -20.689100845935453 38.43000030517578 31.610000610351562 AB 4.76132552583953 1.0179572817500946
62468.1838 lsst_hardware_r -19.473702458002986 25.81999969482422 31.530000686645508 AB 3.381177982280065 1.0339993829602645
62468.1964 lsst_hardware_u -1.2397950458102596 3.549999952316284 28.6200008392334 AB 3.5674990425758044 1.0505003070011203
62481.1655 lsst_hardware_z 34.85744008747829 40.79999923706055 30.950000762939453 AB 10.148174026782133 1.0577717505136668
62481.1796 lsst_hardware_r -0.009214395632424049 21.719999313354492 31.469999313354492 AB 10.953727261773013 1.0845274516606944
62483.1063 lsst_hardware_i -9.677799556229557 34.959999084472656 31.280000686645508 AB 12.158092910550664 1.0123308002123783
62483.1191 lsst_hardware_r 1.9733516391180594 32.560001373291016 31.579999923706055 AB 12.213415533889334 1.0156686514668885
62485.1155 lsst_hardware_z -39.121935731344735 66.47000122070312 31.719999313354492 AB 7.901761719104801 1.0165298052524296
62487.107 lsst_hardware_r 23.637759043477292 60.79999923706055 31.649999618530273 AB 9.733830191102795 1.015174363751378
62487.1195 lsst_hardware_i 24.30368115997837 51.369998931884766 31.31999969482422 AB 9.803139589902198 1.0224028774450407
62489.1011 lsst_hardware_z 79.68081048421264 57.630001068115234 30.989999771118164 AB 3.1422710267024936 1.0150000624610338
62489.1156 lsst_hardware_r 76.18581369625501 77.98999786376953 31.65999984741211 AB 3.1239042471220455 1.0236156126225222
62491.1074 lsst_hardware_z -52.84539780364977 82.56999969482422 31.739999771118164 AB 3.166758733043411 1.0215350751752938
62493.1024 lsst_hardware_r 10.226459610626332 60.38999938964844 31.649999618530273 AB 4.372074174345279 1.0218707898434682
62493.1149 lsst_hardware_z -56.977597563130175 51.810001373291016 30.979999542236328 AB 4.420970993512107 1.0332992856169467
62495.0873 lsst_hardware_i 12.118130944928291 29.549999237060547 31.25 AB 6.161158856006871 1.0161060206163415
62495.1004 lsst_hardware_r -45.93872118695742 31.979999542236328 31.579999923706055 AB 6.19820951837782 1.0245821172622234
62499.0844 lsst_hardware_r 49.23537198975409 21.690000534057617 31.5 AB 7.65541926784963 1.0207225690466173
62499.0961 lsst_hardware_i 14.337260565175114 29.809999465942383 31.25 AB 7.7305098673295065 1.0307346489772675
62501.0817 lsst_hardware_z -14.80582237592925 40.43000030517578 30.950000762939453 AB 7.696561684306708 1.0227309393803206
62501.0941 lsst_hardware_r -2.2149888803750972 21.649999618530273 31.479999542236328 AB 7.735202916178243 1.0344637801642584
62507.0825 lsst_hardware_r 21.316324368065075 21.68000030517578 31.479999542236328 AB 10.286998598300412 1.0402115341412053
62507.0949 lsst_hardware_u 0.9370620389402952 2.5799999237060547 28.3799991607666 AB 9.09079772673507 1.058433569627726
