data/validation/pwv_sim_epoch_fit_4/56918092.ecsv
# %ECSV 0.9
# ---
# datatype:
# - {name: time, datatype: float64}
# - {name: band, datatype: string}
# - {name: flux, datatype: float64}
# - {name: fluxerr, datatype: float64}
# - {name: zp, datatype: float64}
# - {name: zpsys, datatype: string}
# - {name: pwv, datatype: float64}
# - {name: airmass, datatype: float64}
# meta: {SNID: '56918092', alt: 1024.0, c: 0.02899075858294964, dec: -31.03924, lat: -30.244573, lon: -70.7499537, ra: 85.957031, t0: 63165.9375,
#   x0: 3.0252012159340212e-06, x1: 1.0741842985153198, z: 0.7532451152801514}
# schema: astropy-2.0
time band flux fluxerr zp zpsys pwv airmass
63117.3321 lsst_hardware_r -11.371506809044416 38.060001373291016 31.520000457763672 AB 3.8203995096583365 1.3644283963065489
63117.3496 lsst_hardware_i -15.327743011116183 39.0 31.25 AB 3.7195008550326523 1.261560493510227
63119.2845 lsst_hardware_z -70.43134700242102 49.9900016784668 30.860000610351562 AB 6.008638402165192 1.763788180674714
63119.3014 lsst_hardware_i 20.593692743225812 35.529998779296875 31.170000076293945 AB 4.700617660443036 1.570362247364043
63122.3309 lsst_hardware_u -4.649173243973572 2.549999952316284 28.25 AB 3.5638433570922 1.288563086718684
63122.347 lsst_hardware_g -25.289911346463718 13.470000267028809 31.360000610351562 AB 3.336907321268985 1.209024391764125
63126.3493 lsst_hardware_u -2.4256167379391336 2.609999895095825 28.350000381469727 AB 1.3918203736455412 1.1564772527175249
63126.3667 lsst_hardware_g 1.5188179735089264 13.350000381469727 31.399999618530273 AB 1.2702065792949826 1.1016535813486406
63129.3045 lsst_hardware_r -8.149581802254918 23.170000076293945 31.440000534057617 AB 8.61332716458203 1.331271586488722
63129.3213 lsst_hardware_g 10.410748724565568 13.350000381469727 31.34000015258789 AB 8.179524576163313 1.2393219054792897
63131.3043 lsst_hardware_z 16.35278990071201 62.77013242056756 31.670000076293945 AB 2.5957660592180862 1.2999955223328339
63131.3132 lsst_hardware_r -3.8040387620630107 32.09628963446518 32.189998626708984 AB 2.512963628480123 1.2523074560532175
63133.297 lsst_hardware_i 73.10919179178593 32.27673790084576 31.219999313354492 AB 5.683891636134694 1.3106591013377464
63133.3122 lsst_hardware_z 33.43585060034278 43.425999241800916 30.93000030517578 AB 5.510678313297074 1.2306573074696763
63137.2803 lsst_hardware_z 40.107139334242255 54.715052985840806 30.93000030517578 AB 4.692671130420617 1.346115592117405
63137.2999 lsst_hardware_r -53.13669653591024 59.08639120319698 31.59000015258789 AB 4.673126173717525 1.2372041231216824
63143.2725 lsst_hardware_z 181.85104624425173 58.42659052036467 30.940000534057617 AB 3.4978528632993258 1.2945421403772486
63143.293 lsst_hardware_r 62.59244641170109 65.61035354255394 31.600000381469727 AB 3.2005571542923734 1.1947950179347622
63145.2705 lsst_hardware_z 204.5086105701358 54.5006627467161 30.940000534057617 AB 7.6122398569892695 1.2755271700603399
63145.2914 lsst_hardware_r 232.9811774536019 53.622169241516914 31.600000381469727 AB 6.911845683744807 1.1791604805934746
63149.2985 lsst_hardware_r 411.6349333940487 31.794349953583176 31.489999771118164 AB 3.113964719720218 1.117117388240437
63149.3193 lsst_hardware_z 368.0276988657597 46.246559302707915 30.950000762939453 AB 2.964116987393772 1.064601593748364
63151.2509 lsst_hardware_u -2.752257449422905 2.5886222790537996 28.219999313354492 AB 7.066951367724415 1.2931884107643377
63151.2693 lsst_hardware_g 81.36789345989916 16.06324061811071 31.31999969482422 AB 6.5511457127688715 1.2026519276274263
63153.268 lsst_hardware_i 817.9294433876493 41.8130421065496 31.219999313354492 AB 6.849950066754007 1.1853688196848813
63153.286 lsst_hardware_z 592.5691839819118 47.62938002066775 30.940000534057617 AB 6.4649042582513685 1.1218922790891745
63155.2679 lsst_hardware_r 724.5480027505714 34.36896400290042 31.469999313354492 AB 8.482140042987519 1.1646225373103694
63155.286 lsst_hardware_g 120.24039460566355 17.47582319666888 31.3700008392334 AB 8.059153970629959 1.1058873373077132
63157.2691 lsst_hardware_r 658.0392090650452 34.93912091504243 31.469999313354492 AB 5.845156787677533 1.1410750195563755
63157.2883 lsst_hardware_i 1110.1992190267204 43.41926899911237 31.239999771118164 AB 5.547508888911406 1.0854588639458802
63159.2479 lsst_hardware_i 1024.0639801357436 44.58271103685652 31.229999542236328 AB 1.3414604348535106 1.2007701938118849
63159.2657 lsst_hardware_z 670.9651256892788 49.18414932796601 30.940000534057617 AB 1.4095115975480375 1.134263624636296
63161.265 lsst_hardware_u -0.18461116184769313 2.659144493888543 28.329999923706055 AB 3.2393588681224865 1.1193361672851354
63161.2831 lsst_hardware_g 114.51439570904871 17.403268858877126 31.3700008392334 AB 2.951852785859852 1.0720366028181776
63163.3048 lsst_hardware_r 738.7832244484179 34.62691219151935 31.479999542236328 AB 3.3324243589215587 1.0252036175729322
63163.3234 lsst_hardware_u -2.649256673551707 2.6037455745072653 28.3799991607666 AB 3.2800683888257027 1.0074693661445053
63166.2433 lsst_hardware_r 814.3018352178085 62.11455852066681 31.610000610351562 AB 3.476096625178365 1.1452422782902556
63166.2612 lsst_hardware_z 670.3977631139163 55.92262411409534 30.959999084472656 AB 3.5821974316134124 1.091828228375224
63168.1942 lsst_hardware_r 686.8089651888488 88.99878208213732 31.579999923706055 AB 2.918634372542382 1.3556128065682955
63168.2134 lsst_hardware_z 706.7767179887641 66.08994011181208 30.959999084472656 AB 4.058920264652404 1.2462781632420488
63170.1935 lsst_hardware_z 865.3940052554327 72.0820994296068 30.950000762939453 AB 4.471050869427287 1.3255413191305327
63170.2111 lsst_hardware_i 1070.7582707717881 79.02556702738123 31.299999237060547 AB 4.681434271310653 1.2310654845337332
63172.1888 lsst_hardware_z 567.6596909905553 66.69475694816624 30.940000534057617 AB 4.664212547089028 1.3209324687308461
63172.2074 lsst_hardware_r 777.7025132737225 79.1075612122682 31.600000381469727 AB 4.320788322660167 1.2228934614476155
63181.2071 lsst_hardware_u -1.3132372027027832 2.5759313811855806 28.350000381469727 AB 0.833330489030891 1.1295567455518687
63181.2259 lsst_hardware_g 46.933992255013074 14.223889069855948 31.3700008392334 AB 2.525850506907937 1.0779645096698884
63183.2046 lsst_hardware_r 317.78627878588156 28.841806833004167 31.459999084472656 AB 4.795964142712685 1.1203560457192512
63183.2227 lsst_hardware_i 674.6291295065295 39.88748828190852 31.229999542236328 AB 7.178129360351148 1.0727903095439675
63187.2084 lsst_hardware_u -0.2077038451620076 2.490041450353342 28.299999237060547 AB 5.939262261714829 1.080602640293419
63187.2261 lsst_hardware_r 272.62688922966686 27.388595544300134 31.479999542236328 AB 6.121872228641942 1.0446138178980255
63189.2013 lsst_hardware_i 521.0715343402438 37.9399784227112 31.25 AB 5.800600979755234 1.0845623520889611
63189.2191 lsst_hardware_z 439.5070850233453 45.44257381576218 30.950000762939453 AB 5.558420118548813 1.047276517861293
63193.2049 lsst_hardware_y 215.90205115440466 49.30252260896972 30.040000915527344 AB 6.466335279456785 1.0532348366246087
63193.222 lsst_hardware_r 226.02459586516215 34.40122329245549 31.56999969482422 AB 6.315390687955938 1.0263365148357084
63195.2151 lsst_hardware_i 465.83428414273817 50.07229973001273 31.309999465942383 AB 6.394460213491954 1.0282135734831892
63195.2327 lsst_hardware_z 409.33433249747867 51.19028570607015 30.969999313354492 AB 6.269091228437654 1.0098542820491556
63201.1375 lsst_hardware_z 367.5978639041285 65.82690840023812 30.969999313354492 AB 9.701971401340108 1.183167244065867
63201.1544 lsst_hardware_g 4.72784504138055 87.17184291371758 31.690000534057617 AB 9.190944491778641 1.1235873461831511
63213.1551 lsst_hardware_r 53.126004986411914 22.925146720886662 31.479999542236328 AB 10.798051845666997 1.0446357799742336
63213.1747 lsst_hardware_i 115.03067878514128 31.92405142978783 31.25 AB 11.29176113106679 1.017856536558427
63216.1535 lsst_hardware_z 95.67080739400694 42.33789738762632 30.950000762939453 AB 10.541726051748224 1.0341807175599833
63216.1749 lsst_hardware_i 142.58699254975568 31.62511891804478 31.260000228881836 AB 10.395229941191214 1.0102131220466088
63218.0492 lsst_hardware_y 146.6452690417312 52.321758588865166 29.920000076293945 AB 5.769074096382619 1.4148556950048263
63218.0698 lsst_hardware_r 68.46708948458354 23.987298877368737 31.440000534057617 AB 5.212474505289193 1.2830706474558013
63220.0322 lsst_hardware_y 116.13808147706904 86.064958099765 29.899999618530273 AB 6.9835120233049635 1.5088610781357503
63220.0539 lsst_hardware_r 20.51645180142652 28.35349830338138 31.469999313354492 AB 6.838244985985573 1.3447876078638468
63222.0436 lsst_hardware_z 222.23984059273795 86.9098845465423 31.68000030517578 AB 7.559198886756668 1.3768196624534033
63224.0517 lsst_hardware_y 179.48852802896621 53.99144686404993 29.959999084472656 AB 8.337575438742101 1.292580554815064
63224.0739 lsst_hardware_i 91.87442150870531 49.3913013706677 31.280000686645508 AB 7.657738008711628 1.1863878344419616
63226.0502 lsst_hardware_y 188.32652601089362 56.536653501957765 29.969999313354492 AB 12.234375760687312 1.2710049357908213
63226.0711 lsst_hardware_r 24.066589995469823 77.7975802894964 31.6200008392334 AB 11.387143366253452 1.1758415330307928
63229.0381 lsst_hardware_y 129.448397174009 76.53877233661815 29.989999771118164 AB 9.36455683732401 1.2922868746738438
63229.0608 lsst_hardware_g 92.9284964259503 101.50640548585861 31.68000030517578 AB 9.798366579313708 1.1841641886897947
