data/validation/pwv_sim_epoch_fit_4/5696931.ecsv
# %ECSV 0.9
# ---
# datatype:
# - {name: time, datatype: float64}
# - {name: band, datatype: string}
# - {name: flux, datatype: float64}
# - {name: fluxerr, datatype: float64}
# - {name: zp, datatype: float64}
# - {name: zpsys, datatype: string}
# - {name: pwv, datatype: float64}
# - {name: airmass, datatype: float64}
# meta: {SNID: '5696931', alt: 1024.0, c: 0.11044555902481079, dec: -5.979157, lat: -30.244573, lon: -70.7499537, ra: 13.183594, t0: 60586.20703125,
#   x0: 4.994692364310229e-06, x1: 0.4597831666469574, z: 0.6138279438018799}
# schema: astropy-2.0
time band flux fluxerr zp zpsys pwv airmass
60495.3816 lsst_hardware_r 16.045903408326584 25.559999465942383 31.510000228881836 AB 4.779315526213923 1.1955761166265733
60495.4019 lsst_hardware_y -61.270462835699995 48.52000045776367 30.020000457763672 AB 4.543510155861422 1.1434049549187628
60497.4251 lsst_hardware_z -20.124180498731867 43.31999969482422 30.940000534057617 AB 1.8664516160621325 1.10440924027362
60497.4445 lsst_hardware_y -54.005103527801445 71.5 30.040000915527344 AB 1.8796588362297175 1.098145376570429
60499.4252 lsst_hardware_u -1.1429218658801439 3.0999999046325684 28.540000915527344 AB 2.5414237968332527 1.1010175660492811
60499.444 lsst_hardware_y 147.01088239472986 70.0999984741211 30.049999237060547 AB 2.5467466076154905 1.0990383461497424
60501.42 lsst_hardware_r 6.999413431720342 25.100000381469727 31.510000228881836 AB 10.129668862560775 1.1008914138415566
60501.4396 lsst_hardware_y -91.91500051684899 56.630001068115234 30.040000915527344 AB 10.127593385415393 1.0993615441846882
60503.4152 lsst_hardware_r 8.229995877502592 25.110000610351562 31.520000457763672 AB 6.733913457806227 1.100582407094241
60503.4337 lsst_hardware_y -40.11394064647818 49.7400016784668 30.030000686645508 AB 7.078446229696954 1.0992229567042402
60506.4087 lsst_hardware_g -3.657420603908415 15.5 31.440000534057617 AB 3.675775516142668 1.0998729850815883
60506.4274 lsst_hardware_z 13.422280756777978 43.150001525878906 30.940000534057617 AB 3.1778273812179325 1.0998796854609094
60508.4107 lsst_hardware_i -41.58149026763207 31.899999618530273 31.239999771118164 AB 2.0227915422603107 1.0981495886320904
60508.429 lsst_hardware_y 37.532687644084824 49.060001373291016 30.030000686645508 AB 2.3686965566958698 1.1036442896661012
60511.4062 lsst_hardware_r 21.240622059325908 70.04000091552734 31.6299991607666 AB 6.461215082167471 1.0981457543518116
60511.4265 lsst_hardware_y 40.78597145839415 51.7400016784668 30.030000686645508 AB 6.927131763842288 1.108208097243097
60514.3859 lsst_hardware_z -40.34575721321883 94.77999877929688 31.729999542236328 AB 5.90485078084409 1.1002656693239095
60516.3726 lsst_hardware_r 90.20727702259344 91.66000366210938 31.639999389648438 AB 7.9271678329401265 1.104883083944452
60516.3943 lsst_hardware_z -17.535605599206914 69.91000366210938 30.979999542236328 AB 7.382226632630757 1.0983413252937708
60520.3697 lsst_hardware_r -33.75474997522851 42.5 32.290000915527344 AB 5.277802253417628 1.100191554754743
60520.392 lsst_hardware_y -57.670024287140926 68.62000274658203 30.770000457763672 AB 5.158841593457066 1.1011401480164498
60527.3264 lsst_hardware_i -11.01686201067936 31.969999313354492 31.239999771118164 AB 3.15116237704768 1.1227419395656817
60527.347 lsst_hardware_z 0.390011403477827 42.459999084472656 30.940000534057617 AB 2.8908125194563956 1.1019615703137466
60529.3529 lsst_hardware_z -80.53785124116587 42.439998626708984 30.940000534057617 AB 2.7509886933450747 1.0981990791796705
60529.372 lsst_hardware_r -20.072557778823043 24.229999542236328 31.5 AB 2.71554925994174 1.1038818129844472
60531.3425 lsst_hardware_u -6.229582259604945 2.859999895095825 28.5 AB 5.606181943709122 1.0991795197129184
60531.3617 lsst_hardware_g -21.819582246830567 15.210000038146973 31.450000762939453 AB 5.643596487042546 1.1010105323445059
60535.3207 lsst_hardware_r -18.573865694214103 24.06999969482422 31.510000228881836 AB 3.7242847111952524 1.1049104166916295
60535.3398 lsst_hardware_u 3.5997727369416466 2.880000114440918 28.530000686645508 AB 3.8433670631036767 1.0981048751724791
60537.3019 lsst_hardware_g -22.072251843019277 31.100000381469727 31.6299991607666 AB 5.376688661179933 1.1188226387972393
60537.324 lsst_hardware_r -15.113457375145599 33.22999954223633 31.56999969482422 AB 5.298910399673128 1.0999104806365143
60541.3286 lsst_hardware_r 47.62896885161855 102.36000061035156 31.649999618530273 AB 2.536714122391334 1.0988581860044764
60541.3483 lsst_hardware_z 104.72089869069333 70.16999816894531 30.989999771118164 AB 2.983322678950064 1.111935400279733
60543.3126 lsst_hardware_z 200.33236853071674 88.52999877929688 30.989999771118164 AB 2.0366056494406966 1.0984927990510769
60543.3344 lsst_hardware_i -36.99104111417479 103.18000030517578 31.329999923706055 AB 2.1792040578189678 1.104326380651504
60546.2876 lsst_hardware_r -15.196623998275205 68.58999633789062 31.6299991607666 AB 3.5747851349715454 1.107430339210516
60546.3077 lsst_hardware_z -63.47799604430123 58.34000015258789 30.979999542236328 AB 2.7105177260117617 1.0981165669190123
60549.2494 lsst_hardware_r -26.931540267169524 24.56999969482422 31.5 AB 4.606745191670726 1.154379850903122
60549.2674 lsst_hardware_y -13.47907680301888 48.38999938964844 30.020000457763672 AB 4.103281270653186 1.121217215771888
60553.2504 lsst_hardware_g -26.703900500197708 15.170000076293945 31.420000076293945 AB 1.8475225148414902 1.1306747336851226
60553.267 lsst_hardware_r 32.99181394808988 24.399999618530273 31.5 AB 1.7829480768520467 1.108798555256248
60555.2488 lsst_hardware_r 1.0888562658755796 24.186142346176773 31.5 AB 0.829110565497195 1.1244718338569553
60555.2667 lsst_hardware_i -3.286527417904738 31.76430404652779 31.25 AB 1.4335992584671367 1.1044678416541884
60559.2231 lsst_hardware_u -1.4412740572674005 2.809017409591305 28.389999389648438 AB 2.1342913235986223 1.1521140748170702
60559.2404 lsst_hardware_g -9.961944022851949 15.231028180128103 31.43000030517578 AB 2.094016226306932 1.120793698290954
60566.1829 lsst_hardware_i 439.51945797694697 47.08758827025083 31.270000457763672 AB 1.0708840767670504 1.2116357647752318
60566.1995 lsst_hardware_r 395.52078517543606 48.23287665455805 31.59000015258789 AB 1.0200623731100282 1.1626850757331777
60568.211 lsst_hardware_z 1014.5524374240027 84.05774197327919 31.719999313354492 AB 3.722719260895482 1.1280967457261866
60571.2197 lsst_hardware_r 931.6983169547398 168.54651261484113 31.649999618530273 AB 6.63018451833149 1.1071219834683899
60571.24 lsst_hardware_i 888.2756061919243 135.2351256894029 31.34000015258789 AB 6.584210723127409 1.0981005208684804
60574.1202 lsst_hardware_i 2356.8119554381647 103.07600327252173 32.0099983215332 AB 4.659897057101824 1.4188978605740137
60574.1435 lsst_hardware_z 1795.0157099193866 101.55481382611762 31.709999084472656 AB 4.346823521458882 1.2830688802456092
60582.1762 lsst_hardware_r 1527.7759018597333 46.65451704851202 31.5 AB 4.738344667228269 1.1228083175043784
60582.196 lsst_hardware_i 1461.730226392804 50.072648333145274 31.25 AB 4.643014991052562 1.1024611162418252
60584.1726 lsst_hardware_z 1211.3831620551857 54.96637258895582 30.940000534057617 AB 5.069097624175559 1.1201600524843893
60584.1911 lsst_hardware_r 1604.4263739883409 46.76277501748817 31.5 AB 5.063551804934453 1.1021298276720133
60588.1737 lsst_hardware_r 1505.9477016906408 45.792335973623146 31.5 AB 5.3285150433236765 1.106763951256203
60588.1924 lsst_hardware_z 1300.589153528464 54.70314170728449 30.940000534057617 AB 5.227777752277799 1.098157284377229
60590.1429 lsst_hardware_i 1433.986795046235 50.01914130895397 31.25 AB 5.674967083078671 1.1426875125335072
60590.1613 lsst_hardware_r 1433.7530890044018 45.217685283986114 31.510000228881836 AB 5.547815977227007 1.1137210875053754
60592.1424 lsst_hardware_z 1213.2096644787696 55.823755808399774 30.950000762939453 AB 3.5475453105449866 1.1333105376711081
60592.1608 lsst_hardware_g 172.03482327972728 21.978513321559475 31.5 AB 3.450592663946219 1.1085351100944705
60594.1437 lsst_hardware_r 1356.9694799941599 50.3334008442815 31.56999969482422 AB 6.7803644490128105 1.1224220359794967
60594.1609 lsst_hardware_i 1308.8958994774446 52.04177006123189 31.270000457763672 AB 6.673019031613552 1.1039819723076436
60596.1451 lsst_hardware_z 1277.3904393215305 62.127099065569986 30.969999313354492 AB 9.328258422521785 1.1135116690897648
60596.1608 lsst_hardware_r 1335.4667143965562 67.93509199793434 31.6299991607666 AB 9.155599725639574 1.1008295930792389
60599.1472 lsst_hardware_z 2193.6969787195094 152.7093954051739 31.75 AB 7.06569753119876 1.1040152392498062
60601.1365 lsst_hardware_r 1145.1411672555955 127.06485762185055 31.649999618530273 AB 4.1663920563757895 1.1082794971739112
60601.1548 lsst_hardware_z 953.3083886051425 90.12638153227368 30.989999771118164 AB 4.094836430973879 1.098400330196856
60603.136 lsst_hardware_r 1026.2271385589772 66.91387370331161 31.6299991607666 AB 2.9261614301022076 1.1042118604159274
60603.1529 lsst_hardware_y 332.839242318232 54.63436364886474 30.040000915527344 AB 2.9245896854776294 1.0980937492406617
60607.1083 lsst_hardware_r 640.8827626501464 34.808659041166976 31.5 AB 5.061308459315379 1.1222828173950874
60607.1249 lsst_hardware_i 834.0802252710344 42.91400164867696 31.260000228881836 AB 4.994745267979294 1.104339890477052
60615.0878 lsst_hardware_i 587.3035482359215 39.790512391695586 31.25 AB 6.09204030197388 1.1203752279492192
60615.1067 lsst_hardware_r 308.0821509688607 30.56412886842611 31.510000228881836 AB 6.000320927442871 1.1019873144982315
60617.0869 lsst_hardware_u -4.039694836628064 2.814943770136768 28.399999618530273 AB 4.929856226477527 1.1145115809671675
60617.1065 lsst_hardware_g 35.18193045474706 15.854057362596365 31.440000534057617 AB 4.932954073724658 1.099571819164163
60622.0865 lsst_hardware_z 496.3688543845606 49.37669621377355 30.950000762939453 AB 7.037438944206851 1.1026291938852948
60622.1052 lsst_hardware_r 193.19151100682086 32.11818361651202 31.540000915527344 AB 7.02031124232836 1.098396741827455
60626.0574 lsst_hardware_z 418.0193082398068 74.79328291913932 30.979999542236328 AB 4.894615302996493 1.1208828769672732
60626.0748 lsst_hardware_r -8.287758551343735 94.66033918565559 31.639999389648438 AB 4.783675759175025 1.103119049734815
60629.0569 lsst_hardware_i 218.64300455107266 94.14462575361613 31.329999923706055 AB 6.6550840819897665 1.1114034873062404
60629.0749 lsst_hardware_r 431.8027850016703 117.36350224223706 31.649999618530273 AB 6.570041715685036 1.0991899811536008
60631.0565 lsst_hardware_u -4.663862893536813 10.437982626405688 29.209999084472656 AB 7.188904751729279 1.1065811978341076
60631.0768 lsst_hardware_g 47.39588570638305 68.44794260647541 31.700000762939453 AB 7.145801554025178 1.0980870617020146
60640.0311 lsst_hardware_y 124.92424575711917 51.618995698994596 30.030000686645508 AB 5.417696483918701 1.107290681910725
60640.0499 lsst_hardware_u -2.709509396097269 2.947463331691745 28.43000030517578 AB 4.013162096734114 1.0981926744690054
60644.0272 lsst_hardware_y 210.61116962722178 62.18344602308837 30.049999237060547 AB 8.073345140219347 1.1021631590743135
60644.0464 lsst_hardware_r 86.35445706658838 26.06698340501577 31.5 AB 9.18013271401948 1.09862765845135
60646.0286 lsst_hardware_z 324.3089086638887 58.01467315698132 30.969999313354492 AB 7.3838648840638985 1.0991510386752468
60646.0479 lsst_hardware_g 14.059947971429366 15.698408144555168 31.459999084472656 AB 7.300006435855104 1.1011019691460853
60648.0298 lsst_hardware_y 149.97118792360408 64.03483981132217 30.049999237060547 AB 2.392188526613051 1.0980897528634614
60648.049 lsst_hardware_i 161.22673059357996 34.378272545428196 31.25 AB 1.6640059008736832 1.1052845572060335
60864.4174 lsst_hardware_r -14.691458091838115 24.75 31.510000228881836 AB 2.3688805666484716 1.1067811400009502
60864.4363 lsst_hardware_y 21.324577748308286 51.150001525878906 30.040000915527344 AB 2.347164499452079 1.0981742823387768
60869.3974 lsst_hardware_z -47.33914251198817 62.75 30.979999542236328 AB 6.812878578719882 1.1130638930515806
60869.4176 lsst_hardware_y -33.07040855511017 54.310001373291016 30.040000915527344 AB 7.074049156662578 1.0990236908331297
60871.4158 lsst_hardware_y 27.883946199491522 78.55000305175781 30.790000915527344 AB 5.256767394941212 1.0983060631895978
60876.4072 lsst_hardware_r -28.20827882253864 26.270000457763672 31.530000686645508 AB 5.073603838522177 1.0982222674386906
60876.4277 lsst_hardware_z -19.126797785067055 43.849998474121094 30.950000762939453 AB 5.755149381227616 1.1087317596161663
60880.375 lsst_hardware_r -22.86641613687779 24.639999389648438 31.510000228881836 AB 5.86037900671866 1.1057318880601246
60880.3953 lsst_hardware_u -1.3324385408523152 2.869999885559082 28.5 AB 5.905624802979992 1.0981590447641363
60882.3723 lsst_hardware_g -2.6790348681663025 15.430000305175781 31.43000030517578 AB 7.925253116175703 1.1036932201525909
60882.3937 lsst_hardware_i 8.653497946774053 32.119998931884766 31.239999771118164 AB 7.358643671360376 1.0986466445576923
60885.3679 lsst_hardware_z -25.033152466378155 42.619998931884766 30.950000762939453 AB 4.644489782117422 1.1014164931308852
60885.3855 lsst_hardware_r 0.49225272944544796 24.450000762939453 31.510000228881836 AB 5.16363444539424 1.0986456266796254
60887.3652 lsst_hardware_u 2.1075219277565793 2.8399999141693115 28.479999542236328 AB 4.310883418779611 1.1001361283091446
60887.3862 lsst_hardware_g -9.807535619439193 15.34000015258789 31.450000762939453 AB 4.958169831683856 1.1006944404811076
60889.3627 lsst_hardware_r 7.317901047456994 24.34000015258789 31.5 AB 1.556895654773125 1.0991144756603584
60889.383 lsst_hardware_i 24.56788958137605 31.899999618530273 31.25 AB 2.0793589392675313 1.10184170587346
60895.3353 lsst_hardware_z 64.88755849963748 61.5 30.979999542236328 AB 2.6939878883820874 1.1047725603371283
60895.3557 lsst_hardware_i 13.667697770401256 67.70999908447266 31.31999969482422 AB 2.7654317681111973 1.0982651978204443
60898.331 lsst_hardware_z 30.33956497453843 78.61000061035156 30.989999771118164 AB 6.199124054645359 1.102197129374508
60898.3498 lsst_hardware_r 23.786303363435707 111.55000305175781 31.649999618530273 AB 5.932485057934352 1.098608344061917
60900.3305 lsst_hardware_y 31.054263462364066 116.06999969482422 31.549999237060547 AB 3.9905557582177473 1.0998316283559584
60903.3076 lsst_hardware_r -33.619345784901206 49.95000076293945 32.33000183105469 AB 5.348823971331343 1.109868025590955
60903.328 lsst_hardware_i -63.226458816048755 53.130001068115234 32.02000045776367 AB 5.278878713383286 1.0983743616701196
60905.3213 lsst_hardware_z -18.97272361631401 42.529998779296875 30.940000534057617 AB 3.658267582565318 1.0985788536232186
60905.3405 lsst_hardware_r -2.004524465495659 24.729999542236328 31.5 AB 4.556855443948506 1.1025317121475506
60907.283 lsst_hardware_u 1.3647467609881612 2.740000009536743 28.40999984741211 AB 1.7276273700204152 1.1276327680307308
60907.301 lsst_hardware_r 37.71211887080658 23.93000030517578 31.5 AB 2.6222581148141204 1.105971368542438
60913.2581 lsst_hardware_u -7.310899418970995 2.75 28.399999618530273 AB 2.542682932602833 1.1430785296232717
60913.2738 lsst_hardware_g -0.521774991805777 15.069999694824219 31.420000076293945 AB 2.468406352313832 1.1172629838475403
60931.229 lsst_hardware_g -33.54749087448134 31.239999771118164 31.6299991607666 AB 2.6375748826165317 1.1121187136823043
60931.2487 lsst_hardware_r 6.79116929668233 40.56999969482422 31.59000015258789 AB 2.6114565492950543 1.0989437014848034
60933.1982 lsst_hardware_r -33.44999060927525 24.690000534057617 31.5 AB 1.189127070457488 1.1544923014150368
60933.2168 lsst_hardware_i 2.839165955481464 32.290000915527344 31.25 AB 0.9201815464335661 1.1204645923087562
60935.1978 lsst_hardware_z 30.900298597355 43.2599983215332 30.940000534057617 AB 0.945627816091071 1.1435587819300042
60935.2162 lsst_hardware_r 40.45184471600445 24.549999237060547 31.5 AB 1.9623684710881246 1.1142434774797716
60937.2144 lsst_hardware_u -1.0198103982599158 2.819999933242798 28.459999084472656 AB 6.63632616037236 1.1102486326743086
60937.2333 lsst_hardware_g 11.888008290056968 15.329999923706055 31.450000762939453 AB 6.570668123996801 1.0987126900389632
60939.182 lsst_hardware_g 9.359246428852202 15.270000457763672 31.420000076293945 AB 4.987155197309585 1.1540778765758064
60939.2024 lsst_hardware_r 40.085872657000095 24.350000381469727 31.489999771118164 AB 4.9339734822753 1.1178009701577312
