data/validation/pwv_sim_epoch_fit_4/57012398.ecsv
# %ECSV 0.9
# ---
# datatype:
# - {name: time, datatype: float64}
# - {name: band, datatype: string}
# - {name: flux, datatype: float64}
# - {name: fluxerr, datatype: float64}
# - {name: zp, datatype: float64}
# - {name: zpsys, datatype: string}
# - {name: pwv, datatype: float64}
# - {name: airmass, datatype: float64}
# meta: {SNID: '57012398', alt: 1024.0, c: -0.06069738045334816, dec: 3.134927, lat: -30.244573, lon: -70.7499537, ra: 232.382812, t0: 62948.93359375,
#   x0: 3.7796155674214853e-06, x1: 0.8632718920707703, z: 0.6875062584877014}
# schema: astropy-2.0
time band flux fluxerr zp zpsys pwv airmass
62926.378 lsst_hardware_g 76.93944558163817 16.435845725050104 31.399999618530273 AB 4.996408251926952 1.2096620402123157
62926.3977 lsst_hardware_y 80.54466288886366 63.49782465179975 30.010000228881836 AB 4.958585021128064 1.1964013321310298
62928.3773 lsst_hardware_i 398.3955338791145 37.558426403726706 31.229999542236328 AB 7.37317964005791 1.204669494331821
62928.3947 lsst_hardware_y 132.0576417105896 54.17093594067622 30.0 AB 7.299574499217849 1.1960959935359832
62931.3872 lsst_hardware_z 696.8730983954655 69.1028352700999 31.690000534057617 AB 8.757771078708718 1.196062788160433
62933.3826 lsst_hardware_r 757.9317941855693 73.12765820964901 31.600000381469727 AB 10.235837437774272 1.1960548536777602
62933.4012 lsst_hardware_y 122.86518851145358 66.30114554823028 30.010000228881836 AB 10.313496320520747 1.204812513714056
62936.3791 lsst_hardware_z 649.7953332212616 73.99214962845518 30.969999313354492 AB 7.897902300686684 1.1966518637404067
62936.3965 lsst_hardware_y 243.04923998725948 63.04795346537904 30.0 AB 7.9753505128996975 1.208386441348439
62938.3798 lsst_hardware_z 713.9294865441021 71.8345757083327 30.969999313354492 AB 16.97536507845625 1.1990792596211282
62938.3985 lsst_hardware_y 343.53320687661454 63.641320376919836 30.0 AB 17.267223200778314 1.2181462575505029
62940.3453 lsst_hardware_z 661.2279467776356 59.3331317213066 30.950000762939453 AB 10.8981981116573 1.2039768862650992
62940.3654 lsst_hardware_r 1255.3008129439197 65.59723653807863 31.600000381469727 AB 10.80338825838779 1.1961677348279525
62942.3473 lsst_hardware_i 1156.387514851678 48.47385980733381 31.25 AB 10.572140662832535 1.1987460121134619
62942.3658 lsst_hardware_r 1293.9099024125005 46.470110805040555 31.530000686645508 AB 10.636962550601396 1.1976313624246269
62945.3455 lsst_hardware_u -1.0134928057694879 3.109578539141382 28.450000762939453 AB 6.132661035350133 1.1964611501626308
62945.3645 lsst_hardware_g 280.7280836010534 22.649468907789895 31.40999984741211 AB 6.241501735506845 1.2015211246484157
62947.3454 lsst_hardware_r 1265.4704964095679 42.51835272144362 31.5 AB 7.435106447428718 1.1960918756085608
62947.364 lsst_hardware_i 1289.5242676938765 47.45872422414091 31.25 AB 7.496313819109825 1.2057928746741806
62949.3472 lsst_hardware_z 792.6020348327038 51.521609799248274 30.93000030517578 AB 8.145303288763257 1.197838718935773
62949.3669 lsst_hardware_r 1196.3942273646294 41.5349132190014 31.469999313354492 AB 8.267776231133453 1.2158494457549196
62951.2715 lsst_hardware_u 0.9492731960255792 2.721992393924641 28.299999237060547 AB 9.200368747495544 1.295826584154302
62951.2892 lsst_hardware_g 218.7762268558414 20.57249693350257 31.389999389648438 AB 8.840307509534842 1.2451137337373017
62953.3232 lsst_hardware_r 1046.3402082498421 40.428028971234916 31.489999771118164 AB 8.868896272489764 1.1965591301254068
62953.3407 lsst_hardware_z 851.5520363442062 51.50733949648643 30.940000534057617 AB 9.480988736377556 1.2001757968324684
62955.3194 lsst_hardware_r 1000.8970111953208 39.43055187937078 31.489999771118164 AB 7.711072180389706 1.1962569314908016
62955.3378 lsst_hardware_u -2.4852444364227484 2.8485073123875404 28.43000030517578 AB 7.673100823194879 1.2019738904554684
62957.3136 lsst_hardware_g 147.20251672476388 18.71679799370147 31.3799991607666 AB 5.994000394626433 1.1963077710689238
62957.3326 lsst_hardware_r 852.6193477678196 38.22361442197895 31.469999313354492 AB 6.127085672157037 1.2021750828299962
62959.3182 lsst_hardware_i 1056.3992777190608 44.90091192935921 31.229999542236328 AB 6.911028992023934 1.1971986936177272
62959.3369 lsst_hardware_z 732.0367072610323 51.0845529960577 30.93000030517578 AB 6.9378593412582 1.212206058460955
62961.3155 lsst_hardware_r 863.9818508408435 70.92855558307866 31.610000610351562 AB 8.192264310700057 1.1983126322972364
62961.334 lsst_hardware_z 908.608794842217 59.7443907017209 30.950000762939453 AB 9.349902948431117 1.215654535794717
62963.2893 lsst_hardware_z 1421.8692567421026 115.11769833698318 31.719999313354492 AB 9.59281538218999 1.1991019227737487
62964.2832 lsst_hardware_r 697.7866372474737 131.6236585127206 31.6200008392334 AB 10.3834508272601 1.2012321641902013
62964.3016 lsst_hardware_z 708.8100065793545 89.46837081298195 30.979999542236328 AB 11.938521649455662 1.1964244775723467
62967.2986 lsst_hardware_y 570.4051388115798 83.50448838379593 30.75 AB 4.309780326419027 1.1980763990323238
62974.2587 lsst_hardware_r 367.8738317648732 30.433438437268634 31.489999771118164 AB 15.303744730467976 1.1994235343353234
62974.2754 lsst_hardware_u 0.9145331171932662 2.9754705057626865 28.450000762939453 AB 15.25689543827114 1.1966661781458992
62976.258 lsst_hardware_g 45.82534303104956 16.240332016262645 31.3799991607666 AB 4.302386759785023 1.1972414052227411
62976.2763 lsst_hardware_i 430.19120249254007 38.8902776373831 31.229999542236328 AB 4.304796772078194 1.1992190840592982
62982.1707 lsst_hardware_u -0.28792354391206837 2.7597273142922543 28.290000915527344 AB 8.73547435191549 1.3617970825060524
62982.1874 lsst_hardware_g 12.102477420985567 15.339556255405194 31.3700008392334 AB 8.296312565898791 1.293990547991025
62985.2545 lsst_hardware_r 197.58530372386156 27.411100734438623 31.479999542236328 AB 12.813058415377277 1.2009615161099707
62985.2745 lsst_hardware_i 235.4132254246895 36.40706724910481 31.229999542236328 AB 13.070002382087251 1.2251595783733833
62989.1759 lsst_hardware_i 206.79719243886458 54.27969928976203 31.280000686645508 AB 14.621842700719142 1.2699553603589193
62989.1917 lsst_hardware_z 278.3158167844063 55.877412118774885 30.950000762939453 AB 14.168811711322732 1.2318563477067235
62994.234 lsst_hardware_z 93.31173954302238 100.51565011299364 30.979999542236328 AB 10.783477544577321 1.2042187157181743
62994.2546 lsst_hardware_r 216.3008871526143 145.5477648338318 31.610000610351562 AB 11.475314902468266 1.2339048282223941
63001.1466 lsst_hardware_i 178.64998307606388 34.87048013004283 31.229999542236328 AB 8.779014049339418 1.2602963104686329
63001.1672 lsst_hardware_z 183.09652266998293 46.03546661337729 30.940000534057617 AB 7.919287063618941 1.2176961733864848
63004.1204 lsst_hardware_g -3.6466313109906725 14.870842484398441 31.329999923706055 AB 11.254307012732633 1.3194826105282906
63004.1451 lsst_hardware_i 145.2250672271744 34.50544831278625 31.219999313354492 AB 9.765934686023135 1.243751233574011
63008.1681 lsst_hardware_z 103.14622198219755 45.31407293661667 30.93000030517578 AB 6.322799997229575 1.1982753986442325
63008.1905 lsst_hardware_r 51.831233865952534 25.36657752784104 31.479999542236328 AB 6.353599449418846 1.2001699024513264
63016.1683 lsst_hardware_z 98.7180078764039 47.736140630589915 30.940000534057617 AB 14.879367706739652 1.1999490086080364
63016.1915 lsst_hardware_r 56.05825144950075 32.95856278485735 31.540000915527344 AB 15.22847269614406 1.2281026367858112
63018.1229 lsst_hardware_r -45.35221320053305 62.66232448496574 31.600000381469727 AB 8.943230410211175 1.2146727286596126
63018.1444 lsst_hardware_z 127.54491634966978 56.191391588037 30.959999084472656 AB 8.526865073805872 1.1969209817245752
63021.13 lsst_hardware_z 51.37890780662661 97.80129108566156 30.979999542236328 AB 12.83919498739066 1.1996631563887
63021.1506 lsst_hardware_i 79.25970161868034 115.28836287537794 31.309999465942383 AB 13.024565209354819 1.1978539267794652
63023.126 lsst_hardware_z 127.85920921113507 80.51133303673379 30.979999542236328 AB 6.756106303940748 1.1988477160750153
63023.1476 lsst_hardware_r -43.11794889145266 118.78992722587238 31.6200008392334 AB 6.781733024831652 1.1990334202318718
63037.0751 lsst_hardware_i 6.864865082303766 32.11000061035156 31.229999542236328 AB 4.509034706774596 1.2095050179115734
63037.0992 lsst_hardware_z 8.246638690571636 43.61000061035156 30.93000030517578 AB 4.514276682666197 1.1960989223226843
63043.081 lsst_hardware_r -56.46561106610873 25.90999984741211 31.5 AB 4.647088939505764 1.1961105759956494
63043.1028 lsst_hardware_z -69.58857769650488 44.279998779296875 30.940000534057617 AB 5.9467420227257834 1.2067456543960329
63045.0822 lsst_hardware_g 13.182561395585704 45.970001220703125 32.36000061035156 AB 8.278731142231463 1.1968673040670572
63047.0382 lsst_hardware_r 10.501415701785907 68.66000366210938 31.610000610351562 AB 4.305286666830869 1.2230928030769515
63047.0557 lsst_hardware_z -24.34975493306402 58.869998931884766 30.959999084472656 AB 3.8080697819080997 1.2019157649368015
63049.0397 lsst_hardware_r -68.2458986037466 101.20999908447266 31.610000610351562 AB 10.775320084913433 1.2127540894668607
63049.0596 lsst_hardware_y -199.31143766581343 60.40999984741211 30.0 AB 10.255628940108267 1.1969804725118214
63052.0417 lsst_hardware_z 182.52906653717807 68.44999694824219 30.969999313354492 AB 5.108083144732711 1.202184783415559
63052.0644 lsst_hardware_r -74.40889343728664 98.01000213623047 31.610000610351562 AB 5.0421299021389485 1.1972763737863872
63057.0386 lsst_hardware_i -49.24196611904128 45.290000915527344 31.979999542236328 AB 9.810860923432756 1.1967505065432513
63057.0592 lsst_hardware_z 12.499869800674446 43.599998474121094 30.93000030517578 AB 10.066384449811657 1.2019324331629135
63061.9617 lsst_hardware_z -40.878745972848805 79.29000091552734 31.690000534057617 AB 8.273896496769325 1.320829559149021
63061.9659 lsst_hardware_r -27.614103374411165 25.780000686645508 31.469999313354492 AB 8.228998308484309 1.3048611824178125
63067.0218 lsst_hardware_r 30.35213190177925 33.83000183105469 32.22999954223633 AB 3.5181554637749697 1.1967872084504942
63067.0479 lsst_hardware_u 4.159897548095665 3.7699999809265137 29.079999923706055 AB 3.4388830071618903 1.2206885193735635
63069.0121 lsst_hardware_g 20.350643117766673 14.550000190734863 31.389999389648438 AB 7.2191027230669995 1.19612333692515
63069.0347 lsst_hardware_r 23.171037164214702 23.989999771118164 31.469999313354492 AB 7.35757509240546 1.2099616432625124
63072.0091 lsst_hardware_i 6.028203629293204 33.189998626708984 31.229999542236328 AB 6.208349314353353 1.197059447461923
63072.031 lsst_hardware_z 52.3507870350468 44.369998931884766 30.93000030517578 AB 6.292587339108596 1.2158022810153788
63072.9689 lsst_hardware_y -75.40064983438414 53.0 29.979999542236328 AB 10.105683856736665 1.220345834649956
63072.9891 lsst_hardware_r -47.08819820872706 29.979999542236328 31.520000457763672 AB 9.858123274133613 1.1990662621338701
63080.9829 lsst_hardware_y 56.34982145157161 78.61000061035156 30.75 AB 4.631744012873495 1.1966269409766177
63082.9676 lsst_hardware_z 18.005273117528088 55.849998474121094 30.950000762939453 AB 1.4022033816112003 1.1967596429114085
63082.9781 lsst_hardware_r 10.211285830548707 24.489999771118164 31.469999313354492 AB 1.3540665002574235 1.196788539669226
