data/validation/pwv_sim_epoch_fit_4/57046934.ecsv
# %ECSV 0.9
# ---
# datatype:
# - {name: time, datatype: float64}
# - {name: band, datatype: string}
# - {name: flux, datatype: float64}
# - {name: fluxerr, datatype: float64}
# - {name: zp, datatype: float64}
# - {name: zpsys, datatype: string}
# - {name: pwv, datatype: float64}
# - {name: airmass, datatype: float64}
# meta: {SNID: '57046934', alt: 1024.0, c: 0.08284842222929001, dec: -5.67919, lat: -30.244573, lon: -70.7499537, ra: 217.441406, t0: 61481.11328125,
#   x0: 1.0839317812999175e-05, x1: 0.3496493101119995, z: 0.445039302110672}
# schema: astropy-2.0
time band flux fluxerr zp zpsys pwv airmass
61454.3855 lsst_hardware_z 159.73750768496996 76.39025573539519 31.709999084472656 AB 5.035870148800728 1.0988751620316997
61456.3754 lsst_hardware_z 55.28369886691024 57.029144657343444 30.979999542236328 AB 2.9705304633307557 1.1001964679002798
61456.3932 lsst_hardware_y 129.33415357194667 65.74073317397503 30.049999237060547 AB 2.9698733705241276 1.0999531001941212
61458.37 lsst_hardware_i 271.3964849905488 78.77598279799511 31.329999923706055 AB 10.33722565992312 1.1001730161689145
61458.3884 lsst_hardware_y 50.97784584359858 61.62891179171479 30.040000915527344 AB 9.485422293560376 1.1001949325116664
61460.3657 lsst_hardware_i 319.80855875250484 80.6554802594447 31.31999969482422 AB 11.076430395279974 1.099761416046332
61460.3843 lsst_hardware_y 49.25411325853044 60.06311329367298 30.040000915527344 AB 11.794639293899671 1.1007510559631366
61462.3752 lsst_hardware_z 424.1391074103589 66.89854942835467 30.979999542236328 AB 6.449277321813478 1.099433570032983
61462.3926 lsst_hardware_y 213.95128811770329 62.70006233787608 30.030000686645508 AB 6.60528439957581 1.110754103067681
61466.3561 lsst_hardware_z 1747.6078816575894 75.0663624089643 31.700000762939453 AB 3.515100501958412 1.0984689068620037
61468.3438 lsst_hardware_g 787.8916781314055 32.02685176950521 31.440000534057617 AB 8.139463142029477 1.0997788328644493
61468.362 lsst_hardware_r 2193.520324695303 53.04073195017768 31.489999771118164 AB 7.979738512211354 1.1005523876717085
61470.3485 lsst_hardware_i 1877.1389923814972 54.4528514214737 31.25 AB 7.868195273935196 1.0985263907762925
61470.3697 lsst_hardware_z 1506.1645452123992 56.95550447365839 30.940000534057617 AB 7.980369607275827 1.1096947239485142
61472.3404 lsst_hardware_i 2358.156378738869 57.198778850701615 31.25 AB 8.949558393247356 1.0984422698063647
61472.3602 lsst_hardware_u 13.591150234228877 3.6121834224646805 28.34000015258789 AB 8.989054660628563 1.1061069505803243
61474.3411 lsst_hardware_g 1277.6195769411297 38.875733561793915 31.43000030517578 AB 9.133296648972586 1.0990840239841293
61474.3601 lsst_hardware_r 3514.8033686952863 64.39404865746383 31.5 AB 9.366633194967 1.1110192782263322
61476.3433 lsst_hardware_i 2800.8541772877616 60.744544112301355 31.25 AB 7.507027215032791 1.1020702778335782
61476.3624 lsst_hardware_r 3689.7417788558296 66.19171881312879 31.5 AB 7.656798369504097 1.1203567866999575
61477.3119 lsst_hardware_z 2118.581450615113 61.770464242052114 30.950000762939453 AB 15.290001209082824 1.1033339016512542
61477.3312 lsst_hardware_u 4.244425042243764 3.5478890641015024 28.479999542236328 AB 15.070713406935965 1.0987488130455643
61479.1608 lsst_hardware_g 1004.1608109515387 34.37613668970063 31.1299991607666 AB 19.493879054749115 1.9814376596192997
61479.1771 lsst_hardware_r 3509.352072281159 64.36503349667237 31.3700008392334 AB 17.808225744821897 1.7327390654169148
61489.3157 lsst_hardware_i 2929.9059895978753 114.12033471248681 31.329999923706055 AB 6.80469671242928 1.1077155644520909
61489.3365 lsst_hardware_r 3656.5494152610577 132.51973480217868 31.639999389648438 AB 7.535470336605779 1.1356866700066572
61492.2921 lsst_hardware_z 3967.396645987386 94.13667734024321 31.719999313354492 AB 8.140045498891704 1.0991149741954465
61494.278 lsst_hardware_r 2807.9243288138878 61.38955847191404 31.56999969482422 AB 7.297571521632009 1.0986044367726426
61494.2982 lsst_hardware_i 2402.6374349442885 60.405499507458316 31.270000457763672 AB 7.040920451666565 1.104631385576847
61497.279 lsst_hardware_z 1638.7005275537265 57.58199875609743 30.950000762939453 AB 8.684083507677057 1.0992510769211463
61497.2971 lsst_hardware_r 2210.7445713343177 52.756665681877536 31.510000228881836 AB 9.790164440518572 1.1108040929835845
61499.2808 lsst_hardware_u -0.88680195512527 2.970598823012098 28.3700008392334 AB 6.9742705770209055 1.1022303326034963
61499.2998 lsst_hardware_g 351.57512000810857 23.955992436502758 31.43000030517578 AB 7.786264425556292 1.1206214241967074
61501.279 lsst_hardware_r 1743.5200339798791 47.07461840979206 31.5 AB 16.126683494209995 1.104567362617123
61501.2969 lsst_hardware_z 1355.0711410334868 55.229206168107744 30.940000534057617 AB 18.717650004059216 1.124318236668606
61503.2465 lsst_hardware_i 1617.4041307019568 51.097374319509406 31.239999771118164 AB 10.153555755219656 1.1004178774487543
61503.2649 lsst_hardware_r 1445.6355059902369 44.553492043731794 31.489999771118164 AB 9.49505675082886 1.0999515480701858
61505.253 lsst_hardware_g 238.490946686966 21.143345476868962 31.450000762939453 AB 4.460937025485625 1.098527484215627
61505.2703 lsst_hardware_r 1174.9715782742085 42.911446431706125 31.510000228881836 AB 4.711751827891483 1.1062614348404969
61511.2561 lsst_hardware_i 1201.9231672490064 52.861657911340785 31.280000686645508 AB 18.28948932225441 1.1081292947876527
61511.273 lsst_hardware_z 962.6457356975201 53.27835652526771 30.950000762939453 AB 18.65302030264897 1.1296987131786311
61513.1807 lsst_hardware_z 982.9557753743649 69.84837416244865 30.969999313354492 AB 14.812575823207085 1.1482616917214794
61513.198 lsst_hardware_r 663.6894497729634 85.8150280687868 31.6299991607666 AB 14.428952753169243 1.1185234692379258
61518.2259 lsst_hardware_r 562.0580448971722 114.90764338214566 31.649999618530273 AB 5.00948197798547 1.1007229732083137
61518.2433 lsst_hardware_z 1013.5408083268161 83.17881935357241 30.989999771118164 AB 4.935219840509252 1.1146951398692058
61520.2194 lsst_hardware_r 1175.2656817687543 97.15312962416999 32.380001068115234 AB 13.973720314286398 1.1002929381327873
61520.2378 lsst_hardware_y 705.4748096324313 77.45021189643744 30.780000686645508 AB 14.156039281819753 1.1146487623480121
61522.2167 lsst_hardware_g 47.84201582894434 40.265391434246894 31.65999984741211 AB 3.1134855779897475 1.1015339034104286
61522.233 lsst_hardware_r 380.05009141697263 46.8851640006088 31.59000015258789 AB 3.2132910706071836 1.1154355881652984
61524.2206 lsst_hardware_i 786.3630565162676 44.0988586131561 31.260000228881836 AB 11.632719325128853 1.1081242808048315
61524.238 lsst_hardware_z 819.6340884569989 51.488610330123876 30.940000534057617 AB 11.787988003809115 1.1305253672014337
61526.1884 lsst_hardware_z 770.0617089768065 49.831100710072754 30.950000762939453 AB 10.541429397570008 1.0989718324211815
61526.2071 lsst_hardware_r 398.3668766772358 31.288829629026978 31.510000228881836 AB 10.622382361554527 1.102240376485402
61528.1898 lsst_hardware_u 6.132152706791888 3.1996280702551667 28.5 AB 12.652470137314303 1.098495410428419
61528.2063 lsst_hardware_g 88.2350247261857 17.62901335444986 31.450000762939453 AB 12.781897102030467 1.1053179783838176
61530.1864 lsst_hardware_r 269.50208852110467 30.43274594835644 31.520000457763672 AB 10.038007458970561 1.0987311141605254
61530.2038 lsst_hardware_z 674.2510509368323 49.21909097477502 30.950000762939453 AB 10.237838044748985 1.1077513573630149
61532.1866 lsst_hardware_r 273.2300847311573 30.054895786980445 31.510000228881836 AB 7.033171572650592 1.1002797548015513
61535.1778 lsst_hardware_i 474.7296396050945 39.37640662986666 31.260000228881836 AB 6.932879320855652 1.1000496092752758
61535.1977 lsst_hardware_z 502.5884001478722 48.37862456388734 30.950000762939453 AB 6.956958653611278 1.11567199234692
61539.0323 lsst_hardware_z 669.8277483410832 79.22210214607449 31.65999984741211 AB 8.981715373815996 1.527719128076414
61539.0536 lsst_hardware_i 439.8990919903198 47.4773523903748 31.239999771118164 AB 8.751280279619598 1.3679931656649231
61541.1162 lsst_hardware_r 279.44753861689804 74.30979246522588 31.6299991607666 AB 6.118715593432903 1.1262130670776556
61541.1371 lsst_hardware_z 359.1880257257669 62.345322852245204 30.979999542236328 AB 7.37466698559406 1.103372655409622
61543.1203 lsst_hardware_r 125.62429823518491 129.65614764967913 31.639999389648438 AB 9.583265581199433 1.113383810068921
61543.1394 lsst_hardware_y 218.95097609313947 66.90589492289554 30.040000915527344 AB 8.905015676163496 1.0996561714204092
61547.1037 lsst_hardware_z 400.1186882277751 71.10037481869178 30.979999542236328 AB 5.241353330030398 1.1205059495539937
61547.1231 lsst_hardware_r 207.92812621700756 98.38032223030464 31.639999389648438 AB 5.173726945574797 1.1019652706229601
61553.1204 lsst_hardware_r 135.72006265940502 28.10410959420219 31.5 AB 8.369218603200261 1.0984427785016202
61553.1411 lsst_hardware_u 2.730129711215147 2.9121884522517245 28.40999984741211 AB 7.875090715125333 1.1078414173349278
61557.0264 lsst_hardware_r -1.4552432592094724 24.889999389648438 31.469999313354492 AB 8.532622200590966 1.254797382439848
61557.0408 lsst_hardware_z 9.981451800060855 44.08000183105469 30.93000030517578 AB 8.167786730844776 1.201145107477173
61560.0832 lsst_hardware_r -2.403912684466603 24.280000686645508 31.5 AB 12.688513850734406 1.1047579972197359
61560.1065 lsst_hardware_u -3.9523340497877544 2.7799999713897705 28.43000030517578 AB 12.727139790230154 1.0991333454438372
61562.0698 lsst_hardware_g -7.22222715161074 15.15999984741211 31.440000534057617 AB 4.74399203023758 1.1118731320870407
61562.0919 lsst_hardware_r -17.260543003771843 24.260000228881836 31.510000228881836 AB 5.603187108022884 1.0986641388280165
61571.037 lsst_hardware_r 87.68470330344338 106.5999984741211 31.639999389648438 AB 14.863317791163112 1.1221550577181734
61571.0565 lsst_hardware_i -57.452708287752245 91.02999877929688 31.329999923706055 AB 14.915026936445747 1.102570832485363
61573.0378 lsst_hardware_z 4.334737956124562 78.62000274658203 30.989999771118164 AB 6.742829016688143 1.1140568387754248
61573.0558 lsst_hardware_r 61.46735340846823 113.80999755859375 31.649999618530273 AB 6.672769428113485 1.1002546565173312
61575.0471 lsst_hardware_z 41.9243218723676 98.77999877929688 31.729999542236328 AB 4.2069483864596755 1.1017280048341846
61577.0301 lsst_hardware_r -68.19236615208604 68.87999725341797 31.6299991607666 AB 4.371932047752443 1.1105669892681904
61577.0534 lsst_hardware_z -24.07200483182096 55.93000030517578 30.969999313354492 AB 3.6603239833134897 1.0984541926066953
61579.0304 lsst_hardware_r 12.481327484650498 24.360000610351562 31.5 AB 3.574646899111902 1.1054469330312389
61579.0494 lsst_hardware_u -1.4618327804684266 3.0799999237060547 28.479999542236328 AB 3.2953386817166272 1.0984462272388757
61581.0275 lsst_hardware_g -19.8009829165437 15.279999732971191 31.440000534057617 AB 5.6240753036613835 1.1036254520528617
61581.0464 lsst_hardware_r 66.00825647142359 24.420000076293945 31.510000228881836 AB 5.255853279671314 1.0986315383928331
61583.0321 lsst_hardware_i -12.997985947710893 32.16999816894531 31.25 AB 9.039779097109363 1.0991281047005121
61583.0512 lsst_hardware_z 12.002057630208444 42.9900016784668 30.950000762939453 AB 8.354286298727166 1.1021001229577194
61588.0375 lsst_hardware_r -25.515889649911585 34.70000076293945 32.25 AB 9.808469257471902 1.102075197468753
61588.0711 lsst_hardware_z 147.87618728921066 61.04999923706055 31.690000534057617 AB 9.744565554721083 1.1452405529274081
61590.005 lsst_hardware_r 23.375749421983702 24.690000534057617 31.510000228881836 AB 8.708595577639999 1.1023538705873415
61590.0271 lsst_hardware_u -0.8622636079148005 2.8399999141693115 28.469999313354492 AB 8.688981106110683 1.0998710260899598
61595.0037 lsst_hardware_g 12.180272939736952 20.799999237060547 31.549999237060547 AB 2.700344389170088 1.0984824119475594
61595.0247 lsst_hardware_r 36.9041168345081 28.209999084472656 31.540000915527344 AB 2.665828182824663 1.1063823128552956
61596.9876 lsst_hardware_i 68.99406020358154 46.68000030517578 31.290000915527344 AB 6.430201553677155 1.101439115052613
61597.0041 lsst_hardware_z 3.034800327212977 50.720001220703125 30.959999084472656 AB 5.47409726100887 1.0988485636016465
61605.9618 lsst_hardware_y 82.30325441281043 60.349998474121094 30.049999237060547 AB 3.4303222405043625 1.102082056331888
61605.9813 lsst_hardware_g 81.58614217545464 49.58000183105469 31.690000534057617 AB 3.3669712045308584 1.0992397011200974
61609.9651 lsst_hardware_y 46.623407869159855 58.06999969482422 30.040000915527344 AB 6.187634672045593 1.0984616850782163
61609.9877 lsst_hardware_u 0.3003308565033164 2.9600000381469727 28.5 AB 6.168823347569382 1.1099497724022451
61818.3242 lsst_hardware_r -65.46157563225064 46.08000183105469 31.579999923706055 AB 5.967731643770698 1.2051965621886296
61818.3414 lsst_hardware_y 5.605688875235303 50.83000183105469 30.010000228881836 AB 4.570324337784409 1.1567512877207147
61820.3758 lsst_hardware_r -76.36945205837549 40.119998931884766 32.29999923706055 AB 2.411466401833012 1.1015034380874782
61820.3936 lsst_hardware_y -16.907032338676615 96.11000061035156 30.799999237060547 AB 2.409909786283571 1.0990353602934995
61822.3757 lsst_hardware_z 63.0990907297406 42.91999816894531 30.950000762939453 AB 5.731448704574469 1.0993827438442076
61822.3942 lsst_hardware_y -95.12763656711451 66.87000274658203 30.040000915527344 AB 5.7542051759520785 1.1011779113868678
61824.367 lsst_hardware_u -1.6027619777692537 2.799999952316284 28.440000534057617 AB 10.835726323209304 1.1005206503361065
61824.3854 lsst_hardware_y 32.33523860045297 49.79999923706055 30.030000686645508 AB 10.668134524713576 1.0998076829601626
61826.3742 lsst_hardware_r 75.52973871785562 24.579999923706055 31.5 AB 9.447374646497297 1.0985319356392205
61826.3916 lsst_hardware_y -49.9021864435341 52.77000045776367 30.030000686645508 AB 8.963612006311168 1.1066187662112554
61828.3774 lsst_hardware_z 92.35982160143605 61.15999984741211 31.690000534057617 AB 5.540399964801474 1.1009786804712551
61830.3408 lsst_hardware_r -12.34046413860917 24.489999771118164 31.510000228881836 AB 4.733229021251833 1.1066487726258547
61830.3599 lsst_hardware_g -7.774678216720882 15.350000381469727 31.450000762939453 AB 4.665977597469345 1.0984155207382469
61832.2916 lsst_hardware_r 17.606492163444692 24.6200008392334 31.479999542236328 AB 6.935805032628149 1.187468403360505
61832.3088 lsst_hardware_i -1.314338805123634 32.119998931884766 31.229999542236328 AB 6.9466874198139035 1.144429558453691
61834.347 lsst_hardware_z -54.06818396173777 42.40999984741211 30.940000534057617 AB 10.630450505845245 1.0985653295740867
61834.3658 lsst_hardware_i 44.71768996092689 31.860000610351562 31.239999771118164 AB 10.700480764995538 1.1036638375516477
61836.3395 lsst_hardware_u -2.147290633210374 2.6500000953674316 28.329999923706055 AB 9.450443017934939 1.0988887230156905
61836.3564 lsst_hardware_g 8.259579205687828 15.0600004196167 31.420000076293945 AB 9.471869246253748 1.1013801449132266
61838.3379 lsst_hardware_r -34.97048781218245 24.219999313354492 31.5 AB 7.596120215835297 1.0984195236548764
61838.3588 lsst_hardware_i -10.872902538732674 31.90999984741211 31.239999771118164 AB 7.602230626822595 1.1065837884749339
61840.3465 lsst_hardware_z 90.41430186669528 90.08000183105469 31.729999542236328 AB 7.373141564850793 1.101907949165073
61843.2946 lsst_hardware_r 1.2189840082762307 164.72999572753906 32.38999938964844 AB 11.823050681567585 1.1180365977305475
61843.3218 lsst_hardware_i -4.115354240632539 132.0 32.08000183105469 AB 11.612492907127573 1.0986448452792608
61845.3108 lsst_hardware_z -32.170227014320865 64.55000305175781 30.979999542236328 AB 8.557159571917182 1.1000687220848058
61845.3287 lsst_hardware_i -54.38035222580076 69.26000213623047 31.31999969482422 AB 8.473416911447064 1.1000270778099905
61847.3124 lsst_hardware_z -9.420846086021895 47.47999954223633 30.959999084472656 AB 6.691176628928164 1.0984748761510612
61847.3311 lsst_hardware_g -32.468216286948 40.029998779296875 31.670000076293945 AB 6.646540056881569 1.1041987025498232
61849.3063 lsst_hardware_r -10.961025817601142 27.920000076293945 31.530000686645508 AB 5.26307677287252 1.0985340790800502
61849.3249 lsst_hardware_i 2.661222875083776 33.56999969482422 31.25 AB 5.285136697863051 1.1036952538913147
61851.3038 lsst_hardware_z 62.21638020199867 42.630001068115234 30.940000534057617 AB 6.360095842385211 1.0983989135430152
