data/validation/pwv_sim_epoch_fit_4/57176433.ecsv
# %ECSV 0.9
# ---
# datatype:
# - {name: time, datatype: float64}
# - {name: band, datatype: string}
# - {name: flux, datatype: float64}
# - {name: fluxerr, datatype: float64}
# - {name: zp, datatype: float64}
# - {name: zpsys, datatype: string}
# - {name: pwv, datatype: float64}
# - {name: airmass, datatype: float64}
# meta: {SNID: '57176433', alt: 1024.0, c: -0.03848092257976532, dec: -59.677784, lat: -30.244573, lon: -70.7499537, ra: 309.786591, t0: 62063.72265625,
#   x0: 2.317988608441825e-06, x1: -0.5054337382316589, z: 0.8392316699028015}
# schema: astropy-2.0
time band flux fluxerr zp zpsys pwv airmass
[from data line 131]
62351.2013 lsst_hardware_r 19.923564079672424 22.860000610351562 31.469999313354492 AB 2.6047742323702168 1.1479833549450054
62352.192 lsst_hardware_u 0.36369865393867973 2.6600000858306885 28.3799991607666 AB 1.4292499788386641 1.1470706090197946
62352.2023 lsst_hardware_g 5.991298830138262 13.6899995803833 31.3799991607666 AB 1.4258379083583137 1.1489427142291007
62354.1943 lsst_hardware_r -16.60990313017579 22.81999969482422 31.479999542236328 AB 1.8552951668056523 1.1482563309952978
62354.2061 lsst_hardware_z 28.41013170201003 42.459999084472656 30.940000534057617 AB 1.8471237145953523 1.1527112473422552
62356.1891 lsst_hardware_r -28.16899267206144 22.850000381469727 31.479999542236328 AB 3.781230607290999 1.14832128580989
62356.2012 lsst_hardware_u 1.4892337722740907 2.6700000762939453 28.389999389648438 AB 3.781758339058063 1.1530043971822648
62364.1285 lsst_hardware_i -2.903987232931542 34.0 31.25 AB 6.177614315032467 1.1559546511833712
62364.1406 lsst_hardware_z -47.11408662793445 44.060001373291016 30.940000534057617 AB 6.07078556522814 1.149860733686965
62366.1315 lsst_hardware_z -15.00529968416182 48.560001373291016 30.950000762939453 AB 3.1284687597632383 1.151336373084272
62366.1421 lsst_hardware_r -97.24458828992961 45.619998931884766 31.59000015258789 AB 3.114516737134429 1.1478915459815457
62369.1322 lsst_hardware_z -37.737410685209035 90.33000183105469 31.729999542236328 AB 2.0603861629929257 1.1482739158422397
62371.1352 lsst_hardware_r 80.93537980716451 104.9000015258789 31.6299991607666 AB 2.513271857367552 1.1470453081965017
62371.1464 lsst_hardware_i -150.81834497724202 81.72000122070312 31.31999969482422 AB 2.4933135821975547 1.1479344301093712
62378.0813 lsst_hardware_u -1.4904259999928011 2.5399999618530273 28.290000915527344 AB 4.851980927583355 1.1627081062984317
62378.0845 lsst_hardware_g -12.57587016962292 13.350000381469727 31.360000610351562 AB 3.6774620992855467 1.160082681162633
62382.115 lsst_hardware_u -1.1443775178370101 2.5299999713897705 28.290000915527344 AB 0.5807259715001637 1.147679785573446
62382.127 lsst_hardware_g 23.59532458911669 13.350000381469727 31.360000610351562 AB 1.6120294995340527 1.1514496425243235
62387.1189 lsst_hardware_z 58.43206048550157 42.560001373291016 30.93000030517578 AB 2.7172821354650196 1.15432546111503
62387.1304 lsst_hardware_r -18.81378300920588 22.510000228881836 31.459999084472656 AB 3.081425661925949 1.1625827813340686
62389.0961 lsst_hardware_i 0.5712637324919762 31.079999923706055 31.229999542236328 AB 4.019038895918951 1.1477229659224533
62389.1082 lsst_hardware_u 4.223224974153958 2.609999895095825 28.350000381469727 AB 4.0474826073822765 1.1515978587012965
62390.0939 lsst_hardware_g -9.303182165257983 13.279999732971191 31.350000381469727 AB 3.0773131913311733 1.147822898668712
62390.1059 lsst_hardware_r 32.9403945061193 22.579999923706055 31.469999313354492 AB 3.070407286742431 1.1517986633189274
62399.0443 lsst_hardware_r 30.0232656595443 80.70999908447266 31.6299991607666 AB 6.404631649023269 1.150153838380804
62399.0569 lsst_hardware_i 102.35105728318004 65.54000091552734 31.309999465942383 AB 6.4105039675217546 1.147191118024652
62401.0436 lsst_hardware_z -30.51663671429049 61.68000030517578 30.969999313354492 AB 2.8798450417163486 1.1486070562234914
62401.055 lsst_hardware_i -21.04271157961483 68.0199966430664 31.309999465942383 AB 2.868682386097675 1.1470141487794159
62403.0474 lsst_hardware_z 38.55461444417871 55.959999084472656 30.959999084472656 AB 3.4651602710888794 1.147087538015629
62403.0583 lsst_hardware_g -36.34153568430992 80.20999908447266 31.68000030517578 AB 3.454718606130373 1.1478106006302806
62411.0326 lsst_hardware_z -16.8829025526078 42.709999084472656 30.940000534057617 AB 5.714058669336141 1.1472477585335819
62411.0457 lsst_hardware_i -41.11787721589074 31.270000457763672 31.239999771118164 AB 5.58712807339751 1.1505617943569095
62414.0286 lsst_hardware_r -30.545885156017945 22.579999923706055 31.469999313354492 AB 3.104158054956182 1.1478813182792043
62414.0397 lsst_hardware_i -14.77834725184796 30.959999084472656 31.229999542236328 AB 3.1176973090545337 1.1515040846000124
62416.0344 lsst_hardware_z -38.44764336113115 42.7599983215332 30.940000534057617 AB 4.478873919643491 1.1515788274709011
62416.0471 lsst_hardware_u -0.5748779751523239 2.5999999046325684 28.31999969482422 AB 5.0623110796465225 1.159285757061092
62418.0336 lsst_hardware_g -1.069809966527193 13.649999618530273 31.3799991607666 AB 4.603758280599391 1.1539687380871473
62418.0444 lsst_hardware_r 7.610598974933299 22.860000610351562 31.479999542236328 AB 3.535506542029708 1.1614673265537805
62420.0766 lsst_hardware_i -20.215355648132416 31.989999771118164 31.219999313354492 AB 3.7001665668358177 1.2102594527374022
62420.0882 lsst_hardware_z 32.44814094992373 44.060001373291016 30.920000076293945 AB 5.178607345342988 1.2330017488911877
