data/validation/pwv_sim_epoch_fit_4/57281339.ecsv
# %ECSV 0.9
# ---
# datatype:
# - {name: time, datatype: float64}
# - {name: band, datatype: string}
# - {name: flux, datatype: float64}
# - {name: fluxerr, datatype: float64}
# - {name: zp, datatype: float64}
# - {name: zpsys, datatype: string}
# - {name: pwv, datatype: float64}
# - {name: airmass, datatype: float64}
# meta: {SNID: '57281339', alt: 1024.0, c: -0.06818336248397827, dec: -20.582914, lat: -30.244573, lon: -70.7499537, ra: 298.125, t0: 59858.49609375,
#   x0: 5.8181281311775826e-05, x1: 0.8350909948348999, z: 0.21514104306697845}
# schema: astropy-2.0
time band flux fluxerr zp zpsys pwv airmass
59843.0192 lsst_hardware_u 95.50455540659823 10.134300283080252 28.540000915527344 AB 3.95970885670308 1.0153099632572
59843.0389 lsst_hardware_r 4269.126329756561 69.78605174818559 31.530000686645508 AB 3.9676865547789757 1.017355526866404
59844.9968 lsst_hardware_y 901.5238037861158 55.517679038356825 30.049999237060547 AB 1.1571562569625977 1.023881070900396
59845.0151 lsst_hardware_i 4375.999514797422 73.02343556658013 31.260000228881836 AB 1.5225568877668132 1.0150379251778754
59848.9999 lsst_hardware_y 1528.510061076578 59.690905091955955 30.049999237060547 AB 2.180210230628377 1.01609922197998
59849.0198 lsst_hardware_r 10613.333778078402 105.91542976438872 31.510000228881836 AB 3.1717265082815644 1.0163075593959618
60064.4102 lsst_hardware_r -122.0342659966518 98.37999725341797 31.670000076293945 AB 11.601507764286682 1.0160866274354459
60064.427 lsst_hardware_y -83.39160897295689 155.9499969482422 30.09000015258789 AB 12.19056201996159 1.0154288666116384
60066.4088 lsst_hardware_z -110.85734936904514 142.47999572753906 31.010000228881836 AB 10.495839296025025 1.015071498648455
60066.4269 lsst_hardware_y 467.73861370017215 155.82000732421875 30.09000015258789 AB 11.363681023523835 1.0171876195903777
60068.3388 lsst_hardware_z -141.17954918666337 141.8300018310547 31.0 AB 9.086819006397164 1.1012101401410421
60068.3551 lsst_hardware_y 344.55522287388027 154.8800048828125 30.079999923706055 AB 8.824002476263232 1.0642013036699376
60070.4009 lsst_hardware_r -76.8691169952044 98.43000030517578 31.670000076293945 AB 2.673912171882644 1.014671159048532
60070.419 lsst_hardware_y 6.5670877449358205 155.99000549316406 30.09000015258789 AB 2.39193216221408 1.018602006691826
60072.4004 lsst_hardware_z 103.19073245660427 201.5500030517578 31.760000228881836 AB 10.721995366438827 1.0146678684999364
60077.3567 lsst_hardware_r 43.68684199662462 98.27999877929688 31.670000076293945 AB 6.290531139696848 1.027277070253451
60077.3772 lsst_hardware_g 33.05987610362111 108.97000122070312 31.75 AB 6.6102544597476935 1.0154000706217978
60080.3557 lsst_hardware_r 24.660613417819366 98.27999877929688 31.670000076293945 AB 4.216010283711807 1.021485289221055
60080.3758 lsst_hardware_i -85.96634596374228 114.6500015258789 31.350000381469727 AB 4.637937655913073 1.0145699991059662
60082.3382 lsst_hardware_z 203.21049193259262 142.33999633789062 31.010000228881836 AB 7.239196512515873 1.0322048259290617
60082.3579 lsst_hardware_i 51.03528846571094 114.56999969482422 31.350000381469727 AB 7.13724839978052 1.0172575337597245
60085.3879 lsst_hardware_r -7.454143206551865 98.20999908447266 31.65999984741211 AB 7.281117752460253 1.0253651249767546
60085.4069 lsst_hardware_i -185.24715275717105 114.33999633789062 31.350000381469727 AB 7.50848074294935 1.0480849724943258
60095.3148 lsst_hardware_r 2.668790216177529 98.23999786376953 31.65999984741211 AB 7.57712704903787 1.0214514760094189
60095.3364 lsst_hardware_g 128.48420877686814 108.94999694824219 31.75 AB 7.2313606795469285 1.014595549464072
60100.2885 lsst_hardware_z 138.99499448061385 142.25 31.010000228881836 AB 6.391307106902053 1.0328272412780393
60100.3099 lsst_hardware_r -139.5737204629253 98.19999694824219 31.65999984741211 AB 6.475731659519817 1.0167979053220269
60102.289 lsst_hardware_i 140.6935787520939 114.61000061035156 31.350000381469727 AB 3.93492659930252 1.0267704442817744
60111.2692 lsst_hardware_r 16.930369385710247 139.0 32.41999816894531 AB 6.750609743672912 1.0228196581322595
60111.2902 lsst_hardware_u -61.38079096896484 39.59000015258789 29.56999969482422 AB 6.696343231555595 1.0145974593266054
60118.2574 lsst_hardware_u -29.898142920261485 39.38999938964844 29.559999465942383 AB 3.8581755661619335 1.0182793409273225
60118.2773 lsst_hardware_g 63.89439595451316 108.86000061035156 31.75 AB 3.8360996624373738 1.0149754365491133
60123.2596 lsst_hardware_z 331.4831641246162 142.50999450683594 31.010000228881836 AB 5.857028219943192 1.0145846730276629
60123.2797 lsst_hardware_r -64.18191634335781 98.41000366210938 31.670000076293945 AB 5.919862551455167 1.0218992838693357
60125.2551 lsst_hardware_i 32.66318942652098 114.63999938964844 31.350000381469727 AB 3.5325982225663077 1.014628498582951
60125.2747 lsst_hardware_z -212.41099723210985 142.39999389648438 31.010000228881836 AB 3.574555203020965 1.0222263580442055
60128.2549 lsst_hardware_r 45.91567152833301 98.37999725341797 31.670000076293945 AB 6.574406748200616 1.016176320290654
60128.2747 lsst_hardware_z 2.532992991201207 142.30999755859375 31.010000228881836 AB 6.680456850294546 1.0292669055225925
60132.2742 lsst_hardware_r 58.40796394355367 97.9000015258789 31.65999984741211 AB 1.6397650840289988 1.0416718373926594
60132.2888 lsst_hardware_i -115.9189577555181 113.91000366210938 31.34000015258789 AB 1.6945214384305383 1.065960225475281
60137.2041 lsst_hardware_u -3.698189636053262 39.279998779296875 29.549999237060547 AB 5.935299973664691 1.0190230875894397
60137.2252 lsst_hardware_r 130.42810958817424 98.26000213623047 31.670000076293945 AB 7.1631935531979005 1.0149401088445373
60141.2132 lsst_hardware_r 6.289391641893684 98.2699966430664 31.670000076293945 AB 2.9225986891556173 1.0147912115123672
60141.2416 lsst_hardware_u -39.99907150775692 39.15999984741211 29.540000915527344 AB 2.939510603921563 1.0317692537457224
60143.1952 lsst_hardware_u 46.87239788681994 39.5 29.559999465942383 AB 2.173565789693727 1.015882744939619
60143.2152 lsst_hardware_g 26.141280095139305 108.80000305175781 31.739999771118164 AB 2.078463592665658 1.0166121754298307
60148.1891 lsst_hardware_z 151.85485514324105 142.47999572753906 31.010000228881836 AB 5.44249510002082 1.0146021625019395
60148.209 lsst_hardware_r -74.09622328422606 98.26000213623047 31.670000076293945 AB 4.980784089321723 1.020286595856369
60151.1568 lsst_hardware_z 44.919482817954105 142.3699951171875 31.010000228881836 AB 9.406019976262565 1.0253748645531917
60151.1778 lsst_hardware_r -12.903120180053394 98.33999633789062 31.670000076293945 AB 10.880664582377593 1.0149005836606875
60154.1727 lsst_hardware_i -122.52010978428282 162.0800018310547 32.099998474121094 AB 4.243239401061742 1.0146031326015401
60154.1947 lsst_hardware_z -134.1286318518638 201.5 31.760000228881836 AB 4.285136395869198 1.0216489857432722
60161.143 lsst_hardware_y 131.1581569073189 155.67999267578125 30.09000015258789 AB 2.048283144975354 1.0169382598139947
60161.1628 lsst_hardware_g -81.68909147389192 108.69000244140625 31.739999771118164 AB 2.084499881052923 1.015590685044055
60163.1281 lsst_hardware_r -128.7871544575967 98.16000366210938 31.65999984741211 AB 2.756142673162242 1.0221817306820034
60163.1462 lsst_hardware_i 126.21191148282541 114.58000183105469 31.350000381469727 AB 2.718518877503635 1.0147513540513755
60166.1209 lsst_hardware_z -113.18065127625441 142.5 31.010000228881836 AB 3.822923389732021 1.0214892156932023
60166.1401 lsst_hardware_r -14.045837995620719 98.38999938964844 31.670000076293945 AB 4.387113454360969 1.0145960810270511
60169.1224 lsst_hardware_u 18.974757037524565 39.540000915527344 29.56999969482422 AB 2.503059946379998 1.0164710442152276
60169.1422 lsst_hardware_r 150.84423863094085 98.33999633789062 31.670000076293945 AB 3.43285957611544 1.0159395016618644
60177.1156 lsst_hardware_z -19.280641800835706 142.5 31.010000228881836 AB 2.4638807684311423 1.0148824089923354
60177.1374 lsst_hardware_r -190.73390877228246 98.11000061035156 31.65999984741211 AB 1.8233049895209754 1.0259617309505629
60180.1072 lsst_hardware_y 14.894493728165763 155.8800048828125 30.09000015258789 AB 2.928697334348513 1.0148532489801374
60180.1265 lsst_hardware_g 47.40729202997257 108.72000122070312 31.739999771118164 AB 2.8159623038092643 1.0237070994489736
60182.0741 lsst_hardware_r 66.6127171982099 98.18000030517578 31.65999984741211 AB 2.0716129961652507 1.0237771169583647
60182.091 lsst_hardware_i -86.64220558310684 114.52999877929688 31.350000381469727 AB 1.9177238589596752 1.0152954340208287
60184.072 lsst_hardware_z -58.73554064322837 142.3300018310547 31.010000228881836 AB 3.5746226203528626 1.0213207486722464
60184.0886 lsst_hardware_r 78.76580523888626 98.23999786376953 31.65999984741211 AB 3.553846345471246 1.0147806340429495
60196.0498 lsst_hardware_r -28.09460408591009 98.31999969482422 31.670000076293945 AB 2.598826065014755 1.0160925576755202
60196.0684 lsst_hardware_i -165.97113247848776 114.61000061035156 31.350000381469727 AB 2.5968500401304024 1.0159157749744026
60199.0294 lsst_hardware_i -113.10735242779123 114.43000030517578 31.350000381469727 AB 2.0909553163593313 1.0224720373395264
60199.0493 lsst_hardware_z 137.58287651778033 142.3800048828125 31.010000228881836 AB 2.929661902106996 1.0146308068135863
60201.0319 lsst_hardware_r -93.38017100298953 98.19999694824219 31.65999984741211 AB 1.4248396050802146 1.0177425750572962
60201.05 lsst_hardware_u -17.378261633105264 39.380001068115234 29.559999465942383 AB 1.2178465723035397 1.014872143586283
60207.0956 lsst_hardware_z -144.61964253869152 200.0500030517578 31.75 AB 4.384971390945888 1.0914903169816481
60207.1448 lsst_hardware_r -119.48742241490986 134.07000732421875 32.34000015258789 AB 9.033573484597492 1.2806010846446532
60209.0208 lsst_hardware_y 86.0942704617324 155.94000244140625 30.09000015258789 AB 2.6283169459696807 1.0147288897637272
60209.0412 lsst_hardware_g -2.1924774536891505 108.8499984741211 31.75 AB 2.6112205588066995 1.0195433951220274
60210.9972 lsst_hardware_z -185.11694665895973 142.2899932861328 31.010000228881836 AB 2.562995033382621 1.0220636847199918
60211.0155 lsst_hardware_r 35.51551631883577 98.26000213623047 31.670000076293945 AB 2.8535415945028464 1.0147128291955088
60215.0005 lsst_hardware_y 234.19260354881254 155.97000122070312 30.09000015258789 AB 4.786006110808053 1.0153826478854466
60215.0206 lsst_hardware_z -402.6780460962448 142.4499969482422 31.010000228881836 AB 4.8315152377314465 1.0174109930996622
