data/validation/pwv_sim_epoch_fit_4/57342399.ecsv
# %ECSV 0.9
# ---
# datatype:
# - {name: time, datatype: float64}
# - {name: band, datatype: string}
# - {name: flux, datatype: float64}
# - {name: fluxerr, datatype: float64}
# - {name: zp, datatype: float64}
# - {name: zpsys, datatype: string}
# - {name: pwv, datatype: float64}
# - {name: airmass, datatype: float64}
# meta: {SNID: '57342399', alt: 1024.0, c: 0.03273771330714226, dec: -40.033035, lat: -30.244573, lon: -70.7499537, ra: 63.28125, t0: 60335.09375,
#   x0: 1.4450591380621753e-05, x1: 0.8826422095298767, z: 0.39412158727645874}
# schema: astropy-2.0
time band flux fluxerr zp zpsys pwv airmass
60193.3542 lsst_hardware_z -100.23885159943492 133.44000244140625 31.75 AB 0.932006180898743 1.0645416115348292
60200.3558 lsst_hardware_u 15.41594300187744 26.84000015258789 29.530000686645508 AB 2.9784412045030892 1.0354393201818493
60200.3673 lsst_hardware_y -92.47480086779207 100.7699966430664 30.09000015258789 AB 2.8398941357709524 1.0248625535081026
60208.3978 lsst_hardware_u 8.516474882821417 26.6299991607666 29.510000228881836 AB 3.0494404913240074 1.0229875009342009
60216.3755 lsst_hardware_z -161.88108424708182 132.6699981689453 31.75 AB 7.213969673864927 1.0226778670066525
60225.3617 lsst_hardware_i 8.307065077188634 79.08000183105469 31.34000015258789 AB 4.42866251432505 1.0315207719701205
60225.3735 lsst_hardware_z -56.68765167378848 94.45999908447266 31.0 AB 4.598427387990847 1.0450971336340866
60228.3635 lsst_hardware_i -32.62023066439043 77.44999694824219 31.329999923706055 AB 4.551051448554356 1.042742914091885
60228.3747 lsst_hardware_u 1.6410405033107873 26.0 29.479999542236328 AB 4.649363114334993 1.058959825608699
60233.3048 lsst_hardware_g 81.18425210669379 84.30999755859375 31.739999771118164 AB 7.145659582728318 1.0145761156791293
60233.317 lsst_hardware_r -40.124602493963074 77.08999633789062 31.65999984741211 AB 7.163179932196182 1.016630702837948
60237.3 lsst_hardware_z 278.89550502912243 131.1199951171875 31.75 AB 1.319633863357995 1.0151029718138422
60237.3093 lsst_hardware_u 5.833468344065778 26.299999237060547 29.520000457763672 AB 1.2310890936863923 1.0178496020562415
60241.34 lsst_hardware_i 125.26280745794988 77.29000091552734 31.329999923706055 AB 3.8148150366033122 1.06025987676579
60241.3511 lsst_hardware_z 196.8673129101646 91.95999908447266 30.989999771118164 AB 3.8859257299668912 1.080674594660487
60243.3312 lsst_hardware_i -2.5946584626854237 78.81999969482422 31.329999923706055 AB 1.4575523986163714 1.0549233283110047
60243.342 lsst_hardware_z 31.79440560640739 94.19999694824219 31.0 AB 2.5517470864117215 1.0735158125416957
60245.3267 lsst_hardware_z -4.993391388356861 94.30999755859375 31.0 AB 3.090912798625967 1.0564213495731019
60245.337 lsst_hardware_r -58.868643767676176 76.48999786376953 31.639999389648438 AB 3.5798878049267135 1.074396099917781
60249.3266 lsst_hardware_z 115.87826170497188 129.0 31.75 AB 5.883879576497737 1.0754014091320343
60251.3206 lsst_hardware_g -36.93840610614473 83.29000091552734 31.709999084472656 AB 5.156935117379304 1.074361482787355
60251.3323 lsst_hardware_r 89.2202525788026 76.19999694824219 31.6299991607666 AB 5.276436952168082 1.0992576983683504
60261.2766 lsst_hardware_u -14.395908828264002 26.56999969482422 29.5 AB 4.636706080863372 1.0469756316867465
60261.2874 lsst_hardware_r -44.70767595836752 76.68000030517578 31.649999618530273 AB 4.728597643140427 1.0636419681652516
60263.3144 lsst_hardware_z -116.40884103111985 93.12000274658203 30.989999771118164 AB 5.945999909951918 1.1384988339198208
60263.326 lsst_hardware_i 13.428037842926656 77.7300033569336 31.309999465942383 AB 6.1698025773569425 1.1757977215138373
60265.2666 lsst_hardware_z 92.83855671064286 93.72000122070312 31.0 AB 4.210135572736207 1.0482535246251115
60265.2787 lsst_hardware_r -30.59074159945946 76.69999694824219 31.649999618530273 AB 4.311626895806816 1.0675426639227867
60268.3045 lsst_hardware_g 67.39904894669847 80.91999816894531 31.690000534057617 AB 5.528629748657679 1.1498813953114975
60268.3165 lsst_hardware_r -117.10067665387461 74.23999786376953 31.610000610351562 AB 5.749233665748255 1.190728408508543
60270.286 lsst_hardware_i 10.874835070188277 78.41000366210938 31.31999969482422 AB 3.338789320344327 1.112929773448109
60270.2976 lsst_hardware_z 54.475696437753754 93.7300033569336 30.979999542236328 AB 5.154481401856319 1.1454403115236265
60272.2976 lsst_hardware_r 37.75998752584336 74.48999786376953 31.6200008392334 AB 10.756628679070504 1.162794971072874
60272.3094 lsst_hardware_z 114.46000938952943 90.51000213623047 30.979999542236328 AB 11.278052237429371 1.2052634907483655
60276.2445 lsst_hardware_z -39.95502550274521 92.08999633789062 31.0 AB 4.099372748973083 1.060365429118749
60276.2561 lsst_hardware_i 193.80963737775556 77.19999694824219 31.329999923706055 AB 4.762636275034069 1.0818231520643742
60278.247 lsst_hardware_z -183.73456868312215 91.41000366210938 31.0 AB 5.860120193459879 1.074594167504827
60278.2591 lsst_hardware_r 46.823436260213995 75.20999908447266 31.639999389648438 AB 6.6254548977819825 1.1004825010849568
60280.2472 lsst_hardware_y -22.324618973202803 97.91999816894531 30.059999465942383 AB 6.842072808995847 1.086043303015214
60280.2587 lsst_hardware_g 27.97427843052198 81.87000274658203 31.700000762939453 AB 7.657315307754999 1.1129414349413005
60282.2761 lsst_hardware_r -139.4607439529104 74.4000015258789 31.6200008392334 AB 5.199390999108665 1.182799848138464
60282.288 lsst_hardware_i -28.826058747369782 75.69999694824219 31.299999237060547 AB 5.392321528244429 1.2292993339209912
60284.2615 lsst_hardware_z -95.28499183000471 90.9000015258789 30.989999771118164 AB 5.9437254494877605 1.1520336185853004
60284.273 lsst_hardware_r -102.32927574732368 74.2699966430664 31.610000610351562 AB 6.259719578989614 1.191419790443586
60290.1717 lsst_hardware_r 191.60636328372695 76.9800033569336 31.649999618530273 AB 12.97380252759852 1.0215592541416159
60290.1852 lsst_hardware_z -89.65866325702694 94.41000366210938 31.0 AB 13.112646604410136 1.0324918586149714
60293.1744 lsst_hardware_r 1.2193201568800567 21.43000030517578 31.479999542236328 AB 8.204759146959361 1.0299732227655958
60293.1878 lsst_hardware_u -3.255273237095223 2.559999942779541 28.3799991607666 AB 8.335817400979785 1.0450563590374877
60295.1253 lsst_hardware_u -3.6617867003038005 2.680000066757202 28.469999313354492 AB 9.523471900772956 1.0159724657445477
60295.1387 lsst_hardware_g -5.186937680947684 12.930000305175781 31.399999618530273 AB 9.518146553745325 1.0147367926593511
60297.1191 lsst_hardware_r 6.366219536458287 26.790000915527344 31.549999237060547 AB 3.1349237505848246 1.016182739249538
60297.1311 lsst_hardware_i 2.014826821057567 31.959999084472656 31.270000457763672 AB 3.2835264390536714 1.0146084014070826
60301.1089 lsst_hardware_i -11.843829683080346 49.689998626708984 31.31999969482422 AB 4.3118129140135695 1.0159785377034305
60301.1215 lsst_hardware_z -30.98743638592695 49.91999816894531 30.979999542236328 AB 4.326064340717113 1.0146744085181454
60303.1088 lsst_hardware_i -11.636785525647113 60.59000015258789 31.329999923706055 AB 6.119837783461687 1.0148984715525708
60303.1213 lsst_hardware_z -56.76164618561117 56.52000045776367 30.989999771118164 AB 6.122876845687919 1.0154024619715147
60304.1081 lsst_hardware_z -1.4675486304168968 57.88999938964844 30.979999542236328 AB 7.58778883368249 1.0146928846512908
60304.1199 lsst_hardware_r -135.87866230968126 80.62999725341797 31.65999984741211 AB 7.663075743775353 1.0157056268327636
60306.1115 lsst_hardware_i -29.420198949239975 58.040000915527344 31.329999923706055 AB 5.451430967408369 1.0151010429040015
60306.1243 lsst_hardware_r 46.27042460619605 72.9000015258789 31.65999984741211 AB 5.468708841377383 1.019457312131495
60312.103 lsst_hardware_z 126.06533750087752 41.669620319380364 30.950000762939453 AB 4.355632613283196 1.0172552375274593
60312.1145 lsst_hardware_r 176.06138004323398 25.33080117962481 31.479999542236328 AB 4.328196918133813 1.0234563533066476
60316.0883 lsst_hardware_g 385.00844127515575 22.93684808724321 31.3799991607666 AB 8.93727599985924 1.0160132629603993
60316.1007 lsst_hardware_r 1000.2573569009727 37.534029161469775 31.479999542236328 AB 8.976116433721106 1.0215610508787298
60318.0924 lsst_hardware_i 1199.7770737959042 45.01538650043047 31.25 AB 6.700601519793646 1.0199172753595884
60318.104 lsst_hardware_r 1634.0507336457647 44.82316767795597 31.489999771118164 AB 6.729950477433911 1.0280619404138112
60320.0799 lsst_hardware_u 5.882357131597305 4.320466727918642 29.190000534057617 AB 6.304164389579842 1.0168007079967487
60320.0928 lsst_hardware_g 1991.1708319373504 48.49501885339708 32.150001525878906 AB 5.7733879214321435 1.0235595995802045
60322.0792 lsst_hardware_r 2803.4928144738083 56.99666310746164 31.5 AB 2.2621569498271312 1.0187601665512995
60322.0922 lsst_hardware_i 2043.4929909730452 54.161630768230495 31.260000228881836 AB 3.0367381831323605 1.0273133231164775
60324.0776 lsst_hardware_z 1821.4586308202681 57.72830791017061 30.950000762939453 AB 6.06666057836825 1.0208077702117198
60324.0901 lsst_hardware_r 3378.7094529222177 62.24950043016154 31.489999771118164 AB 5.583214277357131 1.0303034281891734
60326.0694 lsst_hardware_z 2124.673023026981 60.913597220273424 30.950000762939453 AB 2.8357298596604976 1.0193133931202436
60326.0831 lsst_hardware_g 2327.214428956047 52.186557891703565 31.549999237060547 AB 2.8055384267513617 1.0288946279458555
60330.0683 lsst_hardware_r 5362.626909933055 89.05658522099644 31.6299991607666 AB 12.225274844745535 1.0256461574925466
60330.0825 lsst_hardware_y 823.0141026481267 54.95334955814845 30.049999237060547 AB 12.379067854223898 1.0396753516985358
60569.3612 lsst_hardware_i 14.572381808240522 51.400001525878906 31.31999969482422 AB 1.211549530181026 1.0219734543914178
60569.3733 lsst_hardware_y 28.949290152404036 49.29999923706055 30.059999465942383 AB 1.2952426139201976 1.0162750991914997
60570.349 lsst_hardware_r -45.37777001409445 76.97000122070312 31.65999984741211 AB 1.5258288057386324 1.029284707901642
60570.3655 lsst_hardware_y -43.37290348765368 51.33000183105469 30.059999465942383 AB 1.5210641996375964 1.0181720530848677
60572.4007 lsst_hardware_z -98.83924447301182 68.44999694824219 30.989999771118164 AB 5.944900853412587 1.022632027536314
60575.3968 lsst_hardware_r 68.95691034706495 51.380001068115234 31.639999389648438 AB 1.466995533179443 1.0257514507722478
60581.3787 lsst_hardware_z 74.29431041999104 40.61000061035156 30.950000762939453 AB 7.330204001881716 1.0244392064495085
60581.3906 lsst_hardware_u -7.6895763706579725 6.78000020980835 29.06999969482422 AB 7.446295250466825 1.0352621073037573
60583.3797 lsst_hardware_g -10.340358873031688 14.260000228881836 31.440000534057617 AB 4.243835159732563 1.0298071244194524
60583.391 lsst_hardware_r -15.615667444267402 28.959999084472656 31.549999237060547 AB 4.342512237463361 1.0421195674258126
60585.3801 lsst_hardware_i -39.70860229961083 30.979999542236328 31.260000228881836 AB 2.711860137939137 1.0357199762975697
60585.3909 lsst_hardware_z -2.1847275650467406 61.25 30.989999771118164 AB 2.751896323953119 1.0493074858580511
60591.3324 lsst_hardware_i 37.10871749715439 29.420000076293945 31.25 AB 2.7528751455781086 1.0154151706555203
60591.3451 lsst_hardware_r 17.99963985794719 21.3700008392334 31.479999542236328 AB 2.919539905791226 1.0203424647453025
60593.357 lsst_hardware_u -0.3558678511268626 2.7300000190734863 28.510000228881836 AB 4.481906291995851 1.0343656339708864
60593.3689 lsst_hardware_g 0.9523088390572814 13.640000343322754 31.420000076293945 AB 4.53098618590717 1.0490822379965663
60597.3661 lsst_hardware_z -52.34000713770031 41.400001525878906 30.940000534057617 AB 6.260774274894837 1.0616580179568635
60597.3775 lsst_hardware_r 6.637674253497574 27.040000915527344 31.520000457763672 AB 7.481461861697076 1.0830141664296726
60598.347 lsst_hardware_i -14.497810076458375 45.2599983215332 31.299999237060547 AB 7.604736184713079 1.038425514526152
60598.3591 lsst_hardware_z 32.45788950013924 48.040000915527344 30.969999313354492 AB 7.707114072943512 1.0547816983568288
60600.3529 lsst_hardware_r 6.767203284380598 82.91000366210938 31.649999618530273 AB 6.826777782049172 1.0536505901554991
60600.3636 lsst_hardware_z -48.37012377494365 60.939998626708984 30.979999542236328 AB 6.870431307710076 1.0717604899906086
60602.3422 lsst_hardware_i 24.10031338341433 58.88999938964844 31.329999923706055 AB 0.5523581806596287 1.0461329179159635
60602.3524 lsst_hardware_r -63.402896635738905 72.06999969482422 31.649999618530273 AB 0.622083530153182 1.0615759900224948
60610.3298 lsst_hardware_u 3.3724541655035742 2.809999942779541 28.530000686645508 AB 3.0828610134046572 1.0603133322112155
60610.3415 lsst_hardware_g 11.799049399829991 13.920000076293945 31.43000030517578 AB 3.6205363995123183 1.0819682927194079
60612.3272 lsst_hardware_r 21.85350890841662 21.969999313354492 31.5 AB 4.785315189324056 1.0651786731940025
60612.337 lsst_hardware_z -32.74260532165836 41.720001220703125 30.950000762939453 AB 5.301274325768389 1.0839574003072425
60614.324 lsst_hardware_i -27.82968970216583 30.100000381469727 31.25 AB 5.805491715092614 1.0692169651468992
60614.3356 lsst_hardware_r 17.58608539235405 21.979999542236328 31.479999542236328 AB 5.547002944262212 1.092736359371997
60616.3294 lsst_hardware_u 0.44772090132524606 2.640000104904175 28.420000076293945 AB 5.237245192798743 1.0910927484997381
60616.3421 lsst_hardware_g 13.555869768759544 13.079999923706055 31.3700008392334 AB 5.4841243481617035 1.122243689192528
60619.2616 lsst_hardware_g -1.5699393429795805 12.899999618530273 31.40999984741211 AB 3.083063125680614 1.0170650293646186
60619.2723 lsst_hardware_r 13.558709438953525 21.510000228881836 31.489999771118164 AB 3.150237978198134 1.0225832000211719
60623.283 lsst_hardware_z -21.052921516425076 40.84000015258789 30.950000762939453 AB 9.773068705728244 1.0436666767708367
60623.2943 lsst_hardware_i 9.188923467820599 29.959999084472656 31.239999771118164 AB 10.993764892072438 1.0603042766140385
60627.3143 lsst_hardware_i -74.17757783513436 43.349998474121094 31.280000686645508 AB 6.674902550285914 1.1283909361615774
60627.3267 lsst_hardware_r 1.0496120837961753 22.110000610351562 31.459999084472656 AB 6.91168787949854 1.1664967870662215
60628.3188 lsst_hardware_z -244.0704363512828 77.66000366210938 31.709999084472656 AB 6.020165619710024 1.1497642512814263
60630.2678 lsst_hardware_r -24.056207521226646 87.41000366210938 31.649999618530273 AB 4.251658442216714 1.048972024067613
60630.2803 lsst_hardware_z 0.028101027051476813 62.13999938964844 30.979999542236328 AB 4.333611062771416 1.0691914296076523
60632.2638 lsst_hardware_r 32.0996523892963 62.7400016784668 31.639999389648438 AB 5.530757897543454 1.051075237085415
60632.2756 lsst_hardware_i -64.17216334846493 52.619998931884766 31.309999465942383 AB 5.726046641003547 1.0705892569886037
60634.3053 lsst_hardware_i 15.036636940491286 42.88999938964844 31.280000686645508 AB 4.775117658692801 1.158938816502193
60634.3172 lsst_hardware_z 47.605449689863455 48.560001373291016 30.950000762939453 AB 5.0319767287090436 1.2010924283827225
60641.2453 lsst_hardware_g 6.634658140083646 12.90999984741211 31.3799991607666 AB 4.077282223310013 1.0605494143087562
60641.2578 lsst_hardware_r 15.73133250962205 21.860000610351562 31.479999542236328 AB 4.797329783891719 1.08391778363617
60643.2402 lsst_hardware_i -9.841717231281017 29.940000534057617 31.239999771118164 AB 5.816695199088638 1.0611502689206274
60643.2513 lsst_hardware_z -32.51893407752881 41.4900016784668 30.940000534057617 AB 6.524145290157633 1.0817684115665118
60645.2453 lsst_hardware_r -3.263860894743223 21.790000915527344 31.479999542236328 AB 6.808212898205647 1.0806687140008964
60645.2569 lsst_hardware_g 10.168073266468435 13.010000228881836 31.3799991607666 AB 7.629550334183972 1.1066942753385511
60653.1901 lsst_hardware_g -36.94613015155612 22.850000381469727 31.610000610351562 AB 9.969147660825788 1.0312555767897522
60653.202 lsst_hardware_r -14.188395204771748 27.479999542236328 31.549999237060547 AB 10.066587321191365 1.0448659988089157
60655.1244 lsst_hardware_z -18.480788963708243 47.790000915527344 30.969999313354492 AB 12.855661722362578 1.0233226800861068
60655.1381 lsst_hardware_r 79.71137145174048 49.349998474121094 31.6299991607666 AB 12.068155645425946 1.0164155261134018
60657.1332 lsst_hardware_i 63.72735721466645 56.779998779296875 31.329999923706055 AB 7.260041637458803 1.0162432303274243
60657.1456 lsst_hardware_z -51.38801238448455 54.0099983215332 30.979999542236328 AB 7.278007873183697 1.0146039623857661
60659.1292 lsst_hardware_r 53.35241356106805 81.66999816894531 31.65999984741211 AB 10.361258763563425 1.0158337597791232
60659.1414 lsst_hardware_z -52.02052611306565 58.88999938964844 30.979999542236328 AB 10.350952440933996 1.0146709948232382
60661.1734 lsst_hardware_i -77.89839233635315 55.189998626708984 31.31999969482422 AB 3.466982743496459 1.0366221388836132
60661.1862 lsst_hardware_z 19.22310529211933 53.38999938964844 30.979999542236328 AB 3.516542222037272 1.0534351855920079
60664.1243 lsst_hardware_z 25.903750107709207 40.15999984741211 30.950000762939453 AB 3.1452354122785735 1.0145920684769592
60664.1376 lsst_hardware_r -10.905241750585542 21.350000381469727 31.489999771118164 AB 4.223272207719941 1.0166760249686908
60666.168 lsst_hardware_g -5.198603194161305 12.899999618530273 31.40999984741211 AB 6.019145216702312 1.0468837249136698
60666.1813 lsst_hardware_r 25.50637216042966 22.530000686645508 31.5 AB 6.154433489155335 1.067921827026646
60669.1119 lsst_hardware_i 12.635419838337809 29.329999923706055 31.25 AB 7.6871729780139955 1.0145850828878316
60669.1239 lsst_hardware_z 20.08698087000792 40.130001068115234 30.950000762939453 AB 7.58768155141376 1.0166612172506155
60673.1122 lsst_hardware_g 5.04333879216817 12.859999656677246 31.40999984741211 AB 7.442316536103474 1.016409059627634
60673.1246 lsst_hardware_i 36.30922469509827 29.600000381469727 31.260000228881836 AB 7.556150576144943 1.022425516307698
60677.1052 lsst_hardware_u 2.3719201820295264 2.549999952316284 28.389999389648438 AB 5.16485075397251 1.01785500398532
60677.118 lsst_hardware_g -11.599435602731022 12.680000305175781 31.3799991607666 AB 5.20840480578329 1.0255288812765524
60679.102 lsst_hardware_r 19.044070609882066 21.649999618530273 31.489999771118164 AB 2.343424386384944 1.018880167993454
60679.1151 lsst_hardware_i 16.73953426999495 29.649999618530273 31.239999771118164 AB 2.3635199217466734 1.0276173572811624
60681.1078 lsst_hardware_z 13.774801176779324 41.36000061035156 30.959999084472656 AB 8.797863033879766 1.0260995481203743
60681.1208 lsst_hardware_r -19.680596643702906 25.209999084472656 31.540000915527344 AB 8.929745294580192 1.0389364417153442
60683.0874 lsst_hardware_r -10.297936634071307 38.77000045776367 31.610000610351562 AB 5.89144026408196 1.0172856447706895
60683.0991 lsst_hardware_z 27.917252368762377 44.54999923706055 30.959999084472656 AB 5.8990090279495835 1.023659595317489
60685.0791 lsst_hardware_z -37.14559667758367 48.779998779296875 30.969999313354492 AB 9.215203637697078 1.0163080256264685
60685.093 lsst_hardware_i 8.4093732190989 46.86000061035156 31.309999465942383 AB 8.69006881353599 1.0232137149824059
60687.0781 lsst_hardware_z 8.34037754880078 54.43000030517578 30.979999542236328 AB 4.032332643980193 1.0179444983225479
60687.0908 lsst_hardware_r 15.982794942470575 70.56999969482422 31.649999618530273 AB 5.692582610701161 1.025613562471495
60689.0665 lsst_hardware_y 4.513806979582375 50.95000076293945 30.059999465942383 AB 6.730323584324382 1.0158340105891779
60689.0791 lsst_hardware_g -13.620637925244553 83.87999725341797 31.739999771118164 AB 6.696734568946164 1.0212847879845712
60691.0682 lsst_hardware_r 52.05167674515131 42.83000183105469 31.6299991607666 AB 3.4207949278519894 1.0183968228198836
60691.0814 lsst_hardware_i 47.216311280418644 45.08000183105469 31.309999465942383 AB 3.4080735763900103 1.0268374740554416
