data/validation/pwv_sim_epoch_fit_4/57409697.ecsv
# %ECSV 0.9
# ---
# datatype:
# - {name: time, datatype: float64}
# - {name: band, datatype: string}
# - {name: flux, datatype: float64}
# - {name: fluxerr, datatype: float64}
# - {name: zp, datatype: float64}
# - {name: zpsys, datatype: string}
# - {name: pwv, datatype: float64}
# - {name: airmass, datatype: float64}
# meta: {SNID: '57409697', alt: 1024.0, c: -0.030332393944263458, dec: -57.58987, lat: -30.244573, lon: -70.7499537, ra: 269.742859, t0: 62393.46875,
#   x0: 3.3649626384968862e-06, x1: -0.12646101415157318, z: 0.7212666273117065}
# schema: astropy-2.0
time band flux fluxerr zp zpsys pwv airmass
62230.3969 lsst_hardware_i 31.83295656974941 47.5099983215332 31.290000915527344 AB 9.334411643360601 1.128252817489212
62230.4075 lsst_hardware_y 74.46839406198741 52.7400016784668 30.030000686645508 AB 9.337962522022071 1.1259601111762945
62232.4011 lsst_hardware_g 0.8888505175544854 29.549999237060547 31.610000610351562 AB 21.6461140359641 1.1260577367793347
62232.4136 lsst_hardware_y 30.4301248353619 58.88999938964844 30.030000686645508 AB 21.653617207404146 1.1264480610766385
62236.4031 lsst_hardware_g 22.083986179367965 14.789999961853027 31.420000076293945 AB 4.9295803140869525 1.1265251808010404
62236.4135 lsst_hardware_z 27.746084516894506 48.560001373291016 30.950000762939453 AB 4.957463053865938 1.1297344495877408
62238.4012 lsst_hardware_i 24.316879696972276 31.170000076293945 31.239999771118164 AB 7.057419849917503 1.1273383411073843
62238.4141 lsst_hardware_y 45.39118924606565 52.779998779296875 30.030000686645508 AB 7.047598164859157 1.1327811885974697
62242.3791 lsst_hardware_z -42.38057446976984 42.5099983215332 30.940000534057617 AB 18.058449994277662 1.12578004016485
62242.3904 lsst_hardware_r 15.89506947357603 22.829999923706055 31.489999771118164 AB 18.127186584631534 1.1273710236619767
62244.3846 lsst_hardware_u 0.9365471523939609 2.630000114440918 28.3700008392334 AB 14.618469948113551 1.1272797569473547
62244.396 lsst_hardware_g 9.455130797420455 13.670000076293945 31.389999389648438 AB 14.66565794582528 1.1318277403685342
62248.3816 lsst_hardware_r 0.6940043516283199 22.639999389648438 31.469999313354492 AB 6.868272442186228 1.1301147580726003
62248.3951 lsst_hardware_u -2.0517567935288814 2.569999933242798 28.309999465942383 AB 6.8780955462720845 1.1383805935571143
62250.373 lsst_hardware_g 2.00510569282456 13.539999961853027 31.3799991607666 AB 10.404571049461513 1.1288151074845196
62250.3842 lsst_hardware_r -4.838500357375728 22.600000381469727 31.469999313354492 AB 11.203615239923566 1.1345241673480853
62252.3908 lsst_hardware_i -4.3634039309291675 31.040000915527344 31.239999771118164 AB 4.581439929992255 1.144049092912435
62252.4031 lsst_hardware_z 47.41839671255377 42.63999938964844 30.940000534057617 AB 4.657846103973301 1.1574924568261842
62254.3288 lsst_hardware_i 73.89198342505156 74.5999984741211 31.31999969482422 AB 3.2747248771507 1.1292154748795518
62254.3396 lsst_hardware_z 86.77743539294744 66.08999633789062 30.979999542236328 AB 4.052252520688923 1.1262513954110405
62257.3199 lsst_hardware_i -166.45403767633547 66.33999633789062 31.31999969482422 AB 11.107006602429962 1.1295069509767592
62257.3318 lsst_hardware_z -71.03581429963171 63.119998931884766 30.979999542236328 AB 11.042914129813328 1.126195923697244
62259.3222 lsst_hardware_z 127.08106297321929 52.90999984741211 30.959999084472656 AB 14.08283288910276 1.1269722359472445
62259.3349 lsst_hardware_r 47.694281473166185 58.380001068115234 31.6200008392334 AB 12.954434033311896 1.1258606438510699
62261.3229 lsst_hardware_i -46.567492741531595 37.22999954223633 31.270000457763672 AB 9.40011260435294 1.1259642575735689
62261.3352 lsst_hardware_r 5.5508163752885675 35.15999984741211 31.56999969482422 AB 7.53815146283438 1.1265965595258933
62264.3038 lsst_hardware_z 51.90213382582566 42.209999084472656 30.950000762939453 AB 10.912353932075908 1.1283583840425921
62264.3177 lsst_hardware_u -4.667720032763945 2.819999933242798 28.469999313354492 AB 10.891220323743621 1.125794797916492
62266.3143 lsst_hardware_r 14.567127413535706 22.780000686645508 31.489999771118164 AB 7.65543332920716 1.125799019001053
62266.3261 lsst_hardware_i 48.03262009515127 31.149999618530273 31.239999771118164 AB 7.668543149243812 1.1277269337123252
62268.2815 lsst_hardware_i 25.40141848570593 43.95000076293945 31.989999771118164 AB 11.940479100054821 1.1338409552801307
62268.2957 lsst_hardware_z 55.0565282141081 59.75 31.690000534057617 AB 10.051055010067955 1.1274740139920678
62270.3034 lsst_hardware_i -15.220894063255326 31.079999923706055 31.25 AB 7.659102557037897 1.1258005448921284
62270.3155 lsst_hardware_u 0.15819052703258085 2.690000057220459 28.420000076293945 AB 7.5053969427697504 1.1278255295496113
62283.2752 lsst_hardware_i 5.426755368837475 87.58999633789062 31.31999969482422 AB 3.9431567060533697 1.1266162017295343
62283.289 lsst_hardware_z 12.978495804305217 75.44000244140625 30.979999542236328 AB 3.960457477457995 1.1315592792737128
62285.2729 lsst_hardware_z 21.451746067946548 74.12999725341797 30.979999542236328 AB 9.395742295626958 1.1273537930200725
62285.2868 lsst_hardware_r 168.68568470781833 111.83999633789062 31.639999389648438 AB 9.44355715748863 1.1333855328732378
62288.2823 lsst_hardware_i 4.024483214069374 50.41999816894531 31.299999237060547 AB 7.074842153349689 1.1357606132468765
62288.2942 lsst_hardware_r -55.243339273339664 57.36000061035156 31.610000610351562 AB 7.788271279423657 1.1456709737310469
62291.2799 lsst_hardware_z -10.5042478529472 43.810001373291016 30.940000534057617 AB 13.032205593728506 1.1401505298421892
62291.2928 lsst_hardware_g -51.088918286885765 25.5 31.56999969482422 AB 13.926816382759842 1.1529060107005544
62302.2236 lsst_hardware_r 16.886454138854265 23.09000015258789 31.479999542236328 AB 13.069482463509319 1.1266795227163207
62302.2358 lsst_hardware_g -10.02078659194681 13.970000267028809 31.389999389648438 AB 13.118408670273707 1.1308972991615265
62304.2268 lsst_hardware_r 26.91782482302653 23.190000534057617 31.489999771118164 AB 5.785381612126044 1.1293140194471334
62304.2383 lsst_hardware_i 28.918387724025106 31.399999618530273 31.239999771118164 AB 5.88452201747338 1.1355514064433634
62308.2232 lsst_hardware_z -18.142750710228064 47.189998626708984 30.950000762939453 AB 3.269612724185181 1.132921941852107
62308.2352 lsst_hardware_g -2.3721218361086036 36.54999923706055 31.639999389648438 AB 3.300501536635473 1.1416141134991609
62312.1909 lsst_hardware_i 33.226277305667736 92.45999908447266 31.31999969482422 AB 4.253110250879235 1.1259309274537608
62312.2033 lsst_hardware_z 65.606397123781 81.36000061035156 30.989999771118164 AB 4.2838000564720815 1.1286771473853328
62314.1961 lsst_hardware_r 104.6781682712986 112.55999755859375 31.639999389648438 AB 8.351709666508635 1.1280758649974518
62314.2089 lsst_hardware_z 16.363095449457653 75.44000244140625 30.979999542236328 AB 8.15250676937594 1.1341829117106532
62315.1911 lsst_hardware_r 53.93282219952446 89.51000213623047 31.6299991607666 AB 6.550084498966011 1.1273973233637462
62315.2043 lsst_hardware_i 21.59263118510362 72.04000091552734 31.31999969482422 AB 6.688668681570211 1.1330485209960972
62323.1301 lsst_hardware_g -5.1094203106724105 13.970000267028809 31.399999618530273 AB 5.47658214741785 1.1346509973932009
62323.1426 lsst_hardware_i -11.16613097526211 31.040000915527344 31.239999771118164 AB 5.446542971494993 1.1284274112213382
62325.1297 lsst_hardware_z 81.62707780286722 42.380001068115234 30.940000534057617 AB 1.9199033027402381 1.1316848233069141
62325.1424 lsst_hardware_r -17.472909963519296 22.93000030517578 31.469999313354492 AB 1.904387197216051 1.126911897361404
62327.1271 lsst_hardware_u -0.9109410046969906 2.609999895095825 28.34000015258789 AB 10.200199400305966 1.1302786193479804
62327.1385 lsst_hardware_g -22.780169831077124 13.760000228881836 31.3799991607666 AB 10.165951576886133 1.1265876669003139
62330.127 lsst_hardware_z -36.3008276072514 42.56999969482422 30.940000534057617 AB 7.354433772175848 1.1273466515010753
62330.1395 lsst_hardware_r 22.37734773655041 22.950000762939453 31.479999542236328 AB 7.344520627020275 1.1258270850268677
62332.1249 lsst_hardware_u 0.9428569301395422 2.690000057220459 28.40999984741211 AB 7.161768733023737 1.1265809110085188
62332.137 lsst_hardware_r -0.8042364433380987 22.889999389648438 31.479999542236328 AB 7.779922905189423 1.1260019642786698
62343.1014 lsst_hardware_z -127.07980965073213 68.26000213623047 30.979999542236328 AB 8.43636654495247 1.125849627885116
62343.114 lsst_hardware_r -189.17294111698598 99.72000122070312 31.639999389648438 AB 8.325887700718429 1.1272398814055842
62345.118 lsst_hardware_y 148.20372365418012 72.5 30.770000457763672 AB 4.296767835221664 1.1307283776899117
62347.107 lsst_hardware_r 41.92730451379936 35.41999816894531 31.56999969482422 AB 5.86784704082042 1.128432123234696
62347.1189 lsst_hardware_i 39.83550942681145 39.779998779296875 31.270000457763672 AB 5.898181892152255 1.1342657484908183
62348.1066 lsst_hardware_z -20.036307978595403 42.40999984741211 30.93000030517578 AB 4.387372958514417 1.1293109288325398
62348.1199 lsst_hardware_r 21.28027719936435 22.709999084472656 31.469999313354492 AB 4.408287337515533 1.136791336446177
62351.0502 lsst_hardware_z -4.009084603987166 42.47999954223633 30.940000534057617 AB 1.8098792083528434 1.1370373540774892
62351.0623 lsst_hardware_r 12.22833461525852 22.65999984741211 31.469999313354492 AB 1.7840209463382666 1.12996154101442
62354.0492 lsst_hardware_r 20.607601763062984 22.56999969482422 31.469999313354492 AB 1.9836068520869168 1.1324111429612662
62354.0608 lsst_hardware_z 42.5829377245936 42.29999923706055 30.93000030517578 AB 1.9264047603645205 1.1275415629877206
62356.0511 lsst_hardware_r 45.3858820850681 22.610000610351562 31.479999542236328 AB 3.6314678983872235 1.128953750794246
62356.0617 lsst_hardware_u -4.1695390774146395 2.630000114440918 28.3799991607666 AB 3.8366375205811334 1.1262145363743832
62358.048 lsst_hardware_g -3.5629461757375505 13.640000343322754 31.399999618530273 AB 3.648893207805013 1.1281166201283082
62358.0598 lsst_hardware_r 45.87520313827408 22.690000534057617 31.489999771118164 AB 3.739062682784446 1.1258845777730941
62362.0899 lsst_hardware_u -2.5126970022971675 2.6311009449543596 28.34000015258789 AB 4.1697202836182665 1.1435640133337721
62362.1018 lsst_hardware_r 26.41158120510995 22.990334399673003 31.469999313354492 AB 4.189308319256037 1.1563358213012638
62364.047 lsst_hardware_g -10.30546146070863 24.869135771623508 31.59000015258789 AB 6.537446689751537 1.1258518983498629
62364.059 lsst_hardware_i 0.5302372889354444 34.707286367044446 31.260000228881836 AB 6.572367596598352 1.1279161827009356
62366.0313 lsst_hardware_r 22.236650658237444 53.098797682818194 31.6200008392334 AB 2.6219375160257763 1.1267458169427487
62366.0427 lsst_hardware_z -5.558533665073644 51.38549133880434 30.959999084472656 AB 3.2554612664282025 1.1259052712666349
62371.0295 lsst_hardware_i 192.2976114970153 72.81921816875358 31.31999969482422 AB 1.515510357809873 1.125936372815656
62371.0396 lsst_hardware_z 73.96842999302835 65.21022184407059 30.979999542236328 AB 1.4938113140935896 1.1278303617165644
62375.9781 lsst_hardware_u 14.564027603234805 7.107129733781828 28.969999313354492 AB 4.509364720359656 1.1400239464946673
62375.9813 lsst_hardware_g 124.4978726685169 20.04627126594435 31.469999313354492 AB 4.602380427283688 1.1375136992792112
62380.0145 lsst_hardware_r 671.3819744763297 33.959726168737554 31.469999313354492 AB 1.9230629314236893 1.1276756830084183
62380.0255 lsst_hardware_u 1.262815150860251 3.3701287924997296 28.309999465942383 AB 2.0076182052894764 1.132328372977708
62382.0139 lsst_hardware_g 158.4091297968931 19.238598031075643 31.3700008392334 AB 1.8822999105431881 1.1293799463259129
62382.0256 lsst_hardware_r 738.125537295796 35.712107306939636 31.469999313354492 AB 1.9038444882389194 1.135775981052301
62385.015 lsst_hardware_i 952.9429653037073 44.40615799721121 31.239999771118164 AB 1.0185055382541306 1.1341932497262033
62385.0264 lsst_hardware_z 703.4453335784442 49.315975645206116 30.940000534057617 AB 0.9676852122970208 1.1429352901145915
62387.017 lsst_hardware_r 910.6723098827077 38.112915685961454 31.469999313354492 AB 2.734937524937678 1.139557302057366
62387.0289 lsst_hardware_u 2.437935958060071 2.8690559351661045 28.350000381469727 AB 2.762264898870165 1.1509437078625688
62596.3961 lsst_hardware_u -4.879813285231526 2.630000114440918 28.309999465942383 AB 9.153345781298434 1.1278496480668694
62596.4088 lsst_hardware_y 96.79022060818525 50.400001525878906 30.010000228881836 AB 9.220079552657271 1.125772839152292
62600.3978 lsst_hardware_z -42.36853171827592 42.290000915527344 30.940000534057617 AB 7.542688424086062 1.125774391654636
62600.4088 lsst_hardware_y -35.124847983743024 49.599998474121094 30.020000457763672 AB 7.550864006272482 1.126994627801863
62608.3819 lsst_hardware_y 92.26120710301748 53.36000061035156 30.030000686645508 AB 16.5129003017511 1.1260843086300532
62608.3931 lsst_hardware_r 133.55271825989408 69.08000183105469 31.6299991607666 AB 16.43632510035885 1.1289072495867887
62614.3339 lsst_hardware_r -53.52152478383667 54.56999969482422 31.6200008392334 AB 6.381833458944983 1.1339434006654303
62614.3478 lsst_hardware_z 18.662784572214818 51.380001068115234 30.959999084472656 AB 6.34490782866252 1.1275993949313603
62616.4052 lsst_hardware_r 39.80525702392615 31.100000381469727 31.540000915527344 AB 16.94091203984417 1.1558174061354298
62616.4184 lsst_hardware_i -38.95546161464663 38.81999969482422 31.260000228881836 AB 15.447449492661919 1.1741603678372818
62618.3165 lsst_hardware_g 16.926997693181402 14.9399995803833 31.420000076293945 AB 2.2973572070581847 1.1384797226800831
62618.3275 lsst_hardware_i 24.11350631521967 31.420000076293945 31.239999771118164 AB 2.2638902490127255 1.1313794347889683
62620.3243 lsst_hardware_z 30.524138146315078 42.349998474121094 30.93000030517578 AB 13.599712648968039 1.1302796101257495
62620.3363 lsst_hardware_r 18.713981589037203 22.520000457763672 31.459999084472656 AB 12.813030862250333 1.126453305203112
62622.3302 lsst_hardware_u 2.449131014730745 2.690000057220459 28.420000076293945 AB 11.095050191781617 1.126572593976912
62622.3418 lsst_hardware_g -5.575300966388779 13.640000343322754 31.399999618530273 AB 10.020516517239033 1.1259007322740486
62623.3228 lsst_hardware_r -16.33400946548485 22.670000076293945 31.479999542236328 AB 10.019505735454354 1.1277300670204495
62623.3356 lsst_hardware_i -83.59450175891337 31.030000686645508 31.25 AB 10.200912178391567 1.1257731746052217
62625.3238 lsst_hardware_z -25.363143733739875 42.18000030517578 30.940000534057617 AB 10.288053820250568 1.1262648321687236
62625.3357 lsst_hardware_r -5.895297310289836 22.59000015258789 31.479999542236328 AB 9.312959707074072 1.126113628424918
62627.326 lsst_hardware_u -3.5784974529236373 2.690000057220459 28.420000076293945 AB 3.449982380990168 1.1257896495317892
62627.3375 lsst_hardware_r 30.206614170949166 22.719999313354492 31.479999542236328 AB 3.495696957375222 1.1276441797984587
62633.3043 lsst_hardware_z 40.11782863330265 41.90999984741211 30.940000534057617 AB 10.037808210223899 1.1259775327657982
62633.3162 lsst_hardware_r 12.12138646151881 22.530000686645508 31.469999313354492 AB 10.04750168172251 1.12647520092561
62642.2968 lsst_hardware_z -20.069742537968914 55.93000030517578 30.969999313354492 AB 7.545037630191087 1.1277240311174181
62642.3098 lsst_hardware_r -24.967144079370527 67.0199966430664 31.6299991607666 AB 7.619182578103496 1.1336382350995162
62644.3033 lsst_hardware_z 17.851444284146748 46.15999984741211 30.950000762939453 AB 2.6215214391707824 1.1330184502088743
62644.3163 lsst_hardware_r -20.826595142404127 39.4900016784668 31.579999923706055 AB 2.661251566539811 1.1426584656675876
62646.2675 lsst_hardware_g 2.2297430448198536 18.079999923706055 31.5 AB 5.97073761831297 1.1261293131484291
62646.2785 lsst_hardware_i 10.453479816013754 32.720001220703125 31.25 AB 6.043983071543513 1.1261380792888975
62649.2557 lsst_hardware_r 1.244661652727325 22.81999969482422 31.469999313354492 AB 8.645118508239511 1.1267423548839552
62649.2622 lsst_hardware_z 13.865379842718522 42.2599983215332 30.940000534057617 AB 8.6619892523066 1.1258597009193472
62654.2916 lsst_hardware_z 25.93455559961571 42.68000030517578 30.940000534057617 AB 11.31766712043874 1.145087901295613
62654.3032 lsst_hardware_r 4.897796432869165 23.0 31.469999313354492 AB 10.984243975915431 1.1579833407508273
