data/validation/pwv_sim_epoch_fit_4/5742982.ecsv
# %ECSV 0.9
# ---
# datatype:
# - {name: time, datatype: float64}
# - {name: band, datatype: string}
# - {name: flux, datatype: float64}
# - {name: fluxerr, datatype: float64}
# - {name: zp, datatype: float64}
# - {name: zpsys, datatype: string}
# - {name: pwv, datatype: float64}
# - {name: airmass, datatype: float64}
# meta: {SNID: '5742982', alt: 1024.0, c: 0.014522958546876907, dec: -47.161343, lat: -30.244573, lon: -70.7499537, ra: 84.694321, t0: 62184.7734375,
#   x0: 1.6059717391858798e-05, x1: -1.7804228067398071, z: 0.37701791524887085}
# schema: astropy-2.0
time band flux fluxerr zp zpsys pwv airmass
62070.3623 lsst_hardware_u -4.316202115291387 4.340000152587891 28.790000915527344 AB 3.2259132333041283 1.055024495793277
62079.355 lsst_hardware_r -63.69423708377432 71.01000213623047 31.649999618530273 AB 4.7130012336373035 1.0714613292597688
62079.3649 lsst_hardware_z -12.194534302227089 72.04000091552734 30.989999771118164 AB 4.725859013835921 1.0846589428129265
62081.3449 lsst_hardware_r -52.559051653485135 55.04999923706055 31.6299991607666 AB 5.378745898276092 1.0662418564353369
62081.3561 lsst_hardware_i -12.663232936251548 51.29999923706055 31.309999465942383 AB 5.494382120347937 1.0798883866050044
62086.351 lsst_hardware_z -30.916517366727003 44.439998626708984 30.950000762939453 AB 3.9656754693819494 1.0927736206616894
62091.339 lsst_hardware_r -13.455092109719168 21.719999313354492 31.459999084472656 AB 3.487127607362557 1.0955187917467517
62091.3507 lsst_hardware_g 23.924113876901526 18.790000915527344 31.5 AB 3.560915739830742 1.117442177771117
62095.1698 lsst_hardware_u 0.8893409340103351 2.5 28.290000915527344 AB 3.635256853393066 1.1742417830610172
62095.1822 lsst_hardware_g -1.7798326526626118 12.65999984741211 31.34000015258789 AB 3.6354396278885326 1.1411267469176665
62096.3185 lsst_hardware_r 3.8126412415731714 21.459999084472656 31.469999313354492 AB 4.881083557079677 1.084685234906595
62096.3304 lsst_hardware_u 1.2734776988278993 2.569999933242798 28.34000015258789 AB 4.969997780612906 1.1044439512473125
62098.3218 lsst_hardware_g 14.60700246954617 12.710000038146973 31.360000610351562 AB 10.196168218113453 1.0988039605698356
62098.3338 lsst_hardware_r -36.47130497110598 21.950000762939453 31.469999313354492 AB 9.40316433266626 1.1220959824183803
62100.3304 lsst_hardware_i 44.281705362675275 30.239999771118164 31.219999313354492 AB 5.89502019832623 1.1265804940107966
62100.3425 lsst_hardware_z -87.28853238692376 44.41999816894531 30.940000534057617 AB 5.895474722689254 1.1559754358214225
62103.3177 lsst_hardware_r -19.085918328013967 21.6299991607666 31.459999084472656 AB 5.016724329392722 1.1169581229514454
62103.3284 lsst_hardware_g -5.792011399827843 12.800000190734863 31.34000015258789 AB 5.108518018638937 1.140952115685519
62105.316 lsst_hardware_r -38.38644500570349 52.369998931884766 31.6200008392334 AB 7.812309053946445 1.1249365058001024
62105.3268 lsst_hardware_i -21.461503986913982 47.709999084472656 31.290000915527344 AB 8.010231878492254 1.1506198532667145
62110.289 lsst_hardware_z -10.944821200796728 51.16999816894531 30.959999084472656 AB 5.674654949908743 1.0987456337762334
62110.3006 lsst_hardware_r 18.22913648160548 59.65999984741211 31.6200008392334 AB 4.849900806131781 1.1211699257080923
62112.2962 lsst_hardware_y -7.067073058144808 69.76000213623047 30.780000686645508 AB 6.2233211926778695 1.1234445694878363
62114.2145 lsst_hardware_g -7.610245413178634 18.65999984741211 31.549999237060547 AB 9.818741213521818 1.0451399248001259
62114.2265 lsst_hardware_r -12.079316216237263 26.829999923706055 31.549999237060547 AB 9.808065664632087 1.0470126674695321
62116.2182 lsst_hardware_i 55.333766501905544 29.68000030517578 31.239999771118164 AB 13.12087483332098 1.0462383249598362
62116.232 lsst_hardware_z 54.68843373569227 40.880001068115234 30.940000534057617 AB 13.21995134928438 1.0519576151256766
62118.2115 lsst_hardware_r -2.653402224026908 21.25 31.469999313354492 AB 8.14589460462245 1.0459658151567695
62118.2237 lsst_hardware_u -0.6562027052266766 2.5399999618530273 28.3700008392334 AB 8.188141798417037 1.050378978897904
62120.1992 lsst_hardware_u -1.029846247884808 2.559999942779541 28.399999618530273 AB 10.762140513703129 1.0451616479756891
62120.2125 lsst_hardware_g 0.6880126444557515 12.630000114440918 31.3799991607666 AB 10.877820628931225 1.0478264816690392
62122.2016 lsst_hardware_r 14.772828666022221 21.479999542236328 31.489999771118164 AB 3.467425369328818 1.0461908989225037
62122.2139 lsst_hardware_z -2.5442982327427104 40.880001068115234 30.950000762939453 AB 5.051711468739326 1.0509801946059623
62124.201 lsst_hardware_r -8.817692292843233 21.489999771118164 31.5 AB 3.962965673015651 1.047618365338763
62124.2147 lsst_hardware_u 0.7841112886684924 2.75 28.540000915527344 AB 5.266738881781058 1.0549301716135664
62126.1983 lsst_hardware_g -7.97664522534293 12.770000457763672 31.399999618530273 AB 3.8154331417316154 1.0487001007989047
62126.2126 lsst_hardware_r 1.829760575996549 21.600000381469727 31.489999771118164 AB 5.037828818169763 1.0574787611606935
62129.1996 lsst_hardware_r 0.03740322936463738 21.389999389648438 31.479999542236328 AB 7.051214470977096 1.0539275537363786
62129.2125 lsst_hardware_z -30.566232840451345 40.90999984741211 30.950000762939453 AB 7.13457991524756 1.0648626739175462
62133.1959 lsst_hardware_z 80.19744032244671 48.84000015258789 30.969999313354492 AB 7.484031093050576 1.0594982966626192
62133.208 lsst_hardware_r 9.636226480664963 53.11000061035156 31.6299991607666 AB 7.524697123366709 1.0720087079626326
62135.1748 lsst_hardware_r -25.08803924938988 75.55999755859375 31.649999618530273 AB 6.857956473272634 1.0491786848118465
62135.1895 lsst_hardware_y -46.518716122993325 51.65999984741211 30.049999237060547 AB 6.912228540233255 1.0586963608873112
62137.1372 lsst_hardware_z 39.25719598688334 83.4800033569336 31.729999542236328 AB 7.2953240749955155 1.047791846257275
62139.1838 lsst_hardware_i 65.44676101802047 51.38999938964844 31.309999465942383 AB 4.030541795290846 1.0634674921611729
62139.1969 lsst_hardware_z 30.16680175116752 51.709999084472656 30.969999313354492 AB 4.093556026674902 1.0787656430099006
62145.156 lsst_hardware_z -73.61299548155027 40.810001373291016 30.950000762939453 AB 6.745568844111522 1.0539951318924252
62145.1705 lsst_hardware_r 22.722851501847583 21.520000457763672 31.479999542236328 AB 8.006620312188653 1.0666368079117183
62147.1576 lsst_hardware_u 0.5612954721824351 2.5199999809265137 28.350000381469727 AB 5.1467699313665465 1.059442143138441
62147.1703 lsst_hardware_g -6.591765798616561 12.65999984741211 31.3700008392334 AB 7.3496440523654 1.0726536526523898
62151.1019 lsst_hardware_r -3.83759219219624 21.389999389648438 31.479999542236328 AB 5.658824461637662 1.046831928526422
62151.1146 lsst_hardware_i 34.02536643160721 29.6299991607666 31.25 AB 5.656767031065464 1.0451784435429745
62153.1023 lsst_hardware_z 99.51605200893522 40.72999954223633 30.950000762939453 AB 2.067068257956977 1.045558046513372
62153.116 lsst_hardware_r 5.522672454389321 21.389999389648438 31.479999542236328 AB 2.126511928900427 1.0459970137237713
62157.1036 lsst_hardware_r 4.1807535052441995 22.610000610351562 31.489999771118164 AB 13.274731302018417 1.0457210279141678
62157.1171 lsst_hardware_z 33.43431292366771 40.790000915527344 30.940000534057617 AB 13.283659606600242 1.0503407611765827
62161.0932 lsst_hardware_z 41.81725373938602 64.76329334007013 31.709999084472656 AB 8.313877688311035 1.0458146280738345
62161.1074 lsst_hardware_r -189.45484100604992 62.03825768551826 32.369998931884766 AB 8.384913506033756 1.0509934724547896
62164.0911 lsst_hardware_i 274.46018050659734 79.38602528198693 32.06999969482422 AB 13.079165533975855 1.0474015923422575
62164.1035 lsst_hardware_z 20.573974007654407 76.59532564006881 31.729999542236328 AB 13.063982493974583 1.053589458766449
62166.0895 lsst_hardware_r 112.15069036416166 82.8185891588868 31.65999984741211 AB 13.15286998274735 1.04890108584072
62166.1019 lsst_hardware_z 275.12504043847696 60.63369205964711 30.989999771118164 AB 13.455302691489315 1.0563396769284783
62168.0893 lsst_hardware_g 220.44657301728927 71.31391646869122 31.729999542236328 AB 8.02432189011503 1.051565607528452
62168.1024 lsst_hardware_i 570.8186506600086 59.13334907782264 31.31999969482422 AB 8.089217829223939 1.0613682121923427
62170.0761 lsst_hardware_r 1061.470521057195 39.07377315754369 31.489999771118164 AB 8.08845035113741 1.04789640176679
62170.0891 lsst_hardware_z 803.7563562661963 52.16551692632908 30.959999084472656 AB 7.693608052427348 1.0549545973116112
62172.0722 lsst_hardware_r 1708.695636132159 47.4799577491942 31.5 AB 6.206321157712643 1.0485126551112447
62172.0847 lsst_hardware_u 31.233138607067108 6.080211380348893 28.530000686645508 AB 6.537416884736329 1.0557275477315535
62174.0725 lsst_hardware_g 1337.1544904077152 38.71479785200121 31.389999389648438 AB 6.618478687894338 1.0513309363381727
62174.086 lsst_hardware_r 2572.7770558882835 55.664880283755764 31.479999542236328 AB 5.85072304317914 1.061355654091454
62176.0625 lsst_hardware_i 2733.1399196626453 59.69300975614375 31.25 AB 6.399144347941646 1.0490400570396141
62176.0764 lsst_hardware_z 2064.159176845471 60.2696365520614 30.950000762939453 AB 6.25492285279448 1.0577659841253348
62178.061 lsst_hardware_r 4141.3005633408775 68.09640883217203 31.479999542236328 AB 1.064148533884628 1.0510108976638435
62178.0728 lsst_hardware_u 14.777589488004853 4.823224612369537 28.459999084472656 AB 1.0878375357031487 1.0593240630072047
62180.0688 lsst_hardware_g 2337.521022430172 50.25467135942475 31.3700008392334 AB 2.64198664838276 1.0606128656695142
62180.079 lsst_hardware_i 3631.307448990908 67.42268149982102 31.239999771118164 AB 2.6589024308222537 1.0712381792804055
62182.0583 lsst_hardware_z 2704.27212454837 65.98520728091432 30.950000762939453 AB 1.8010977641196082 1.0564139581326213
62182.0696 lsst_hardware_r 5049.40460842473 74.63629389869692 31.479999542236328 AB 1.826973096827954 1.0667936918853396
62188.053 lsst_hardware_z 2852.9660929383417 67.6054576831775 30.950000762939453 AB 3.271063834387786 1.0665643021670361
62188.0661 lsst_hardware_r 5283.4714287680445 77.96256105897942 31.549999237060547 AB 3.265820639394601 1.0829813931172856
62423.3412 lsst_hardware_z 33.03266088188702 40.84000015258789 30.950000762939453 AB 5.6931752217256095 1.0542917077269647
62423.3566 lsst_hardware_y -31.953141849116374 46.939998626708984 30.049999237060547 AB 5.652508131636331 1.046760765117839
62433.3727 lsst_hardware_z -64.73464212698613 75.02999877929688 30.989999771118164 AB 3.791098335632721 1.0583255019679116
62437.3549 lsst_hardware_z -46.99656465775108 47.0 30.959999084472656 AB 3.5491475525936464 1.0532376445117055
62437.3648 lsst_hardware_r -22.463169647147303 46.38999938964844 31.6200008392334 AB 3.542020825778719 1.0609617570101513
62438.3611 lsst_hardware_y -134.9897758266141 51.189998626708984 30.049999237060547 AB 3.7219725772086605 1.0600890279717061
62456.2407 lsst_hardware_z 28.460635842084105 45.52000045776367 30.959999084472656 AB 8.00178161677925 1.0629359214637684
62456.254 lsst_hardware_g -23.69157542922669 32.70000076293945 31.65999984741211 AB 6.189200292517339 1.0524172876377855
62458.3313 lsst_hardware_r 34.75053317600084 21.610000610351562 31.469999313354492 AB 4.997714367394965 1.0907277100382347
62458.3443 lsst_hardware_y -15.853869058478935 49.810001373291016 30.020000457763672 AB 4.087236788491787 1.1141438703807516
62460.3212 lsst_hardware_z 21.132442287423554 80.05999755859375 31.729999542236328 AB 5.224248313832121 1.0836441223464262
62461.3123 lsst_hardware_r 33.867124407547806 81.2300033569336 31.639999389648438 AB 4.447615137772782 1.0752121691702605
62461.3258 lsst_hardware_i -39.73964819855204 64.97000122070312 31.309999465942383 AB 4.587805800014737 1.0951377454233422
62465.1617 lsst_hardware_z -17.57187781971796 51.060001373291016 30.950000762939453 AB 8.906058032536674 1.1605244477189716
62465.1772 lsst_hardware_i 52.369526139520616 48.68000030517578 31.290000915527344 AB 6.630463583451263 1.1228558143016534
62466.3163 lsst_hardware_r -42.160618621929906 48.16999816894531 31.610000610351562 AB 5.800009869009882 1.1023840349106466
62466.3284 lsst_hardware_z -19.920179432803998 48.33000183105469 30.950000762939453 AB 5.869702960701263 1.1266945346537711
62468.3112 lsst_hardware_r -28.420121116392934 34.189998626708984 31.56999969482422 AB 3.881688404190383 1.103039637459642
62468.3232 lsst_hardware_y -46.84127011853731 48.4900016784668 30.020000457763672 AB 3.961237636463227 1.1272730894886815
62473.3029 lsst_hardware_u -0.36819505018694765 2.5899999141693115 28.3799991607666 AB 6.8359235554490025 1.1132562595147735
62473.3153 lsst_hardware_g 12.240100999913825 12.850000381469727 31.350000381469727 AB 6.999557954770819 1.1406439883504076
62475.2638 lsst_hardware_g -1.9398514131224467 12.520000457763672 31.350000381469727 AB 3.3924998261800803 1.0635907073403952
62475.2765 lsst_hardware_r -38.512026490559535 21.420000076293945 31.469999313354492 AB 3.4326341018830457 1.0783990685812468
62477.2801 lsst_hardware_i -47.9472833122709 42.5 31.979999542236328 AB 4.962331290284133 1.091822066069116
62477.2938 lsst_hardware_z 109.90768382779953 59.27000045776367 31.690000534057617 AB 4.671084133084249 1.1169498166151315
62481.2207 lsst_hardware_u 0.48723728569678815 2.5299999713897705 28.3700008392334 AB 9.974482218145827 1.046713539052684
62481.2337 lsst_hardware_g 3.7512741129021556 12.640000343322754 31.3799991607666 AB 10.041074766436559 1.052578727023091
62483.216 lsst_hardware_r 17.42373328805685 21.469999313354492 31.489999771118164 AB 11.341997995052278 1.0469375543501434
62483.2296 lsst_hardware_i 49.87869721567824 29.81999969482422 31.25 AB 11.419114734581148 1.05344816389506
62485.221 lsst_hardware_z 61.634258559651414 61.650001525878906 31.709999084472656 AB 8.481552690905303 1.0515190541662909
62487.2008 lsst_hardware_r 32.76646574269535 54.5099983215332 31.639999389648438 AB 8.97581639439282 1.0458784942730868
62487.2142 lsst_hardware_z 73.05674932038201 49.22999954223633 30.969999313354492 AB 8.825812418497252 1.0507753494519585
62489.2055 lsst_hardware_r 92.1681073696755 74.87000274658203 31.649999618530273 AB 5.501137594213918 1.0491680090683
62489.218 lsst_hardware_i 37.976249110100426 59.9900016784668 31.329999923706055 AB 5.412609756206275 1.0568923126592678
62491.2036 lsst_hardware_z -26.81996116549668 59.959999084472656 30.979999542236328 AB 4.951386225210851 1.0509522198692907
62491.2164 lsst_hardware_i -102.83576082109278 66.23999786376953 31.329999923706055 AB 6.254690095982266 1.060116965420723
62493.2107 lsst_hardware_z 35.501260064796334 77.38999938964844 31.729999542236328 AB 7.162848821012106 1.0599066026948472
62495.1982 lsst_hardware_r 2.767162435672313 50.099998474121094 31.6299991607666 AB 7.062201810099397 1.0543747103761418
62495.212 lsst_hardware_i 4.291229523059994 44.86000061035156 31.299999237060547 AB 7.024578258238787 1.0664845533761664
62497.2067 lsst_hardware_z -39.10869646718269 87.97000122070312 32.459999084472656 AB 5.921014788499489 1.0666573209330334
62499.1988 lsst_hardware_g -10.470207292431652 23.479999542236328 32.59000015258789 AB 7.478706102900239 1.0641300658651451
62499.2128 lsst_hardware_r 7.845830122455863 40.9900016784668 32.689998626708984 AB 7.6975336646858645 1.080924509697857
62501.1821 lsst_hardware_r 1.3167895213709462 21.469999313354492 31.489999771118164 AB 6.920382615267168 1.0545746680280648
62501.1943 lsst_hardware_i -24.11559588759311 29.780000686645508 31.25 AB 6.97938437604376 1.0651076839562155
62503.182 lsst_hardware_z 58.96871586542063 40.709999084472656 30.940000534057617 AB 5.05921967489629 1.0587094743784082
62503.1952 lsst_hardware_i -35.52799724454374 29.760000228881836 31.239999771118164 AB 5.000124445949829 1.072221110639706
62505.1836 lsst_hardware_u -2.47396868737993 2.5399999618530273 28.360000610351562 AB 2.762424312170276 1.0653391099769645
62505.1954 lsst_hardware_g -15.85262163665045 12.609999656677246 31.360000610351562 AB 2.736939242440198 1.0795185021457525
62507.1829 lsst_hardware_r 14.11316132405931 21.469999313354492 31.469999313354492 AB 7.276772211537767 1.0705858778192978
62507.1964 lsst_hardware_i -54.335648502056365 30.059999465942383 31.239999771118164 AB 7.479213672132816 1.088994419355388
62509.176 lsst_hardware_z -2.9582277629890945 41.209999084472656 30.950000762939453 AB 7.2067551934084495 1.0689343211819058
