data/validation/pwv_sim_epoch_fit_4/57478943.ecsv
# %ECSV 0.9
# ---
# datatype:
# - {name: time, datatype: float64}
# - {name: band, datatype: string}
# - {name: flux, datatype: float64}
# - {name: fluxerr, datatype: float64}
# - {name: zp, datatype: float64}
# - {name: zpsys, datatype: string}
# - {name: pwv, datatype: float64}
# - {name: airmass, datatype: float64}
# meta: {SNID: '57478943', alt: 1024.0, c: -0.066775843501091, dec: -9.896853, lat: -30.244573, lon: -70.7499537, ra: 32.519531, t0: 61701.52734375,
#   x0: 2.0905348149174275e-05, x1: -2.4176392555236816, z: 0.3366711437702179}
# schema: astropy-2.0
time band flux fluxerr zp zpsys pwv airmass
[from data line 133]
62058.196 lsst_hardware_z 58.93505030111173 42.189998626708984 30.950000762939453 AB 7.1491926448791 1.081899613329297
62066.1734 lsst_hardware_i -25.110398981234397 31.59000015258789 31.25 AB 3.476614803240105 1.0827202750671296
62066.1913 lsst_hardware_r 1.809541872033736 23.770000457763672 31.510000228881836 AB 3.4878590565773893 1.0694580099889788
62068.1504 lsst_hardware_z 6.0967840014410895 42.869998931884766 30.950000762939453 AB 4.859511929835821 1.108591748565287
62068.1664 lsst_hardware_g 3.683336279387038 18.290000915527344 31.530000686645508 AB 4.741638559252324 1.0844641059508506
62069.1692 lsst_hardware_r -52.90607038435275 30.829999923706055 31.56999969482422 AB 1.2922246483785913 1.0786516263597978
62069.1861 lsst_hardware_i -20.65538774297676 34.34000015258789 31.270000457763672 AB 1.377259604622744 1.0684713767441323
62074.1437 lsst_hardware_i 32.50647082211324 69.25 31.329999923706055 AB 4.01826322110797 1.0926616508791218
62074.1611 lsst_hardware_z -17.358802929913818 63.029998779296875 30.989999771118164 AB 4.063714612147339 1.0740622735951737
62076.116 lsst_hardware_i -38.880429722928284 99.83999633789062 31.329999923706055 AB 6.346950135684766 1.1357500988401013
62076.1295 lsst_hardware_z 85.87778123612763 84.44000244140625 30.989999771118164 AB 4.316729390981344 1.1068536899952164
62078.1519 lsst_hardware_z -13.076381581004048 77.91999816894531 30.989999771118164 AB 5.471728289453116 1.072887899892768
62078.1716 lsst_hardware_r 96.75961952757727 116.97000122070312 31.65999984741211 AB 4.940549309203066 1.0676882241470393
62080.1243 lsst_hardware_r 38.20253098550958 67.91999816894531 31.6299991607666 AB 3.7166028550943357 1.0971791252215806
62080.1422 lsst_hardware_i 31.80683290521979 61.16999816894531 31.31999969482422 AB 2.6937370565724543 1.0759884388146412
62082.1267 lsst_hardware_z -3.8075295422991373 41.970001220703125 30.950000762939453 AB 6.436059850975542 1.086224272337016
62082.1434 lsst_hardware_u -2.2957396186387284 4.150000095367432 28.739999771118164 AB 6.344947009545591 1.071434700400308
62084.1261 lsst_hardware_g -24.680708901196212 14.5 31.440000534057617 AB 9.515131834511264 1.0807532609004749
62084.1449 lsst_hardware_r 1.7836002306995544 23.309999465942383 31.5 AB 9.426798983358788 1.0685355808314798
62087.1146 lsst_hardware_i -28.77144383417692 31.350000381469727 31.239999771118164 AB 3.724540240138866 1.0843701114026059
62087.1334 lsst_hardware_z 42.61544758705232 41.869998931884766 30.940000534057617 AB 5.348388474085052 1.0696776948170104
62089.1183 lsst_hardware_i -51.63566154111762 31.010000228881836 31.239999771118164 AB 4.516872544394251 1.075445843903393
62089.1365 lsst_hardware_u 6.010452176348567 2.7100000381469727 28.43000030517578 AB 4.465104431686092 1.0675895750111202
62097.1094 lsst_hardware_z -54.96160454388231 59.349998474121094 31.700000762939453 AB 7.355785254684526 1.068533593068593
62099.0969 lsst_hardware_g -34.064400085244394 30.65999984741211 31.639999389648438 AB 5.481673549168683 1.071476456053365
62099.1168 lsst_hardware_r -9.844653492879154 34.470001220703125 31.579999923706055 AB 5.494592022083631 1.0681036151205
62101.0981 lsst_hardware_i -67.29597770348326 50.369998931884766 31.309999465942383 AB 4.086218635194989 1.0686416829539325
62101.1176 lsst_hardware_z 44.706391511618115 52.040000915527344 30.969999313354492 AB 4.086398761383915 1.070204826202684
62104.0814 lsst_hardware_z 93.42266930064176 96.81999969482422 31.739999771118164 AB 5.275962674421905 1.0725681387319044
62106.0693 lsst_hardware_r -10.770634255249314 107.73999786376953 31.649999618530273 AB 6.755011207946141 1.0776120615691736
62106.0879 lsst_hardware_i 208.3586966407289 86.91000366210938 31.329999923706055 AB 6.7626832043920295 1.0678482874454491
62108.0802 lsst_hardware_z 101.42567367473194 87.16000366210938 31.729999542236328 AB 3.7207417272629804 1.0683088655586548
62111.0659 lsst_hardware_g 10.975145939953526 14.300000190734863 31.440000534057617 AB 4.928025392721103 1.0705534986631406
62111.0853 lsst_hardware_r 13.153085301379049 23.170000076293945 31.5 AB 5.966674445453988 1.068402968626117
62115.0693 lsst_hardware_i 3.447982767879942 30.780000686645508 31.25 AB 10.70337782666191 1.0675621211511097
62115.0878 lsst_hardware_u -1.5397371058407627 2.759999990463257 28.479999542236328 AB 11.366151663893616 1.0754490042714244
62117.042 lsst_hardware_y -12.354135970765896 50.470001220703125 30.040000915527344 AB 12.340349349823393 1.07531799841612
62117.061 lsst_hardware_g 16.12830231097204 14.100000381469727 31.420000076293945 AB 12.11640939160644 1.0675250565292018
62119.0426 lsst_hardware_y 139.87013226178314 51.04999923706055 30.040000915527344 AB 8.230257744418816 1.0713006905128148
62119.0617 lsst_hardware_i 6.765081011817121 31.15999984741211 31.25 AB 8.208756246346102 1.067997795965549
62123.0369 lsst_hardware_y 40.492109982480386 60.810001373291016 30.059999465942383 AB 3.8683368792490325 1.068995084538359
62123.0569 lsst_hardware_r 12.883180815449064 23.3799991607666 31.510000228881836 AB 4.455145211542192 1.0699195993136865
62125.0364 lsst_hardware_y -115.40196083466135 67.62999725341797 30.059999465942383 AB 4.805032836286045 1.0677850747302322
62125.055 lsst_hardware_z -88.74136070207257 42.18000030517578 30.950000762939453 AB 4.82018560720209 1.0717080576305194
