data/validation/pwv_sim_epoch_fit_4/57495285.ecsv
# %ECSV 0.9
# ---
# datatype:
# - {name: time, datatype: float64}
# - {name: band, datatype: string}
# - {name: flux, datatype: float64}
# - {name: fluxerr, datatype: float64}
# - {name: zp, datatype: float64}
# - {name: zpsys, datatype: string}
# - {name: pwv, datatype: float64}
# - {name: airmass, datatype: float64}
# meta: {SNID: '57495285', alt: 1024.0, c: 0.05855909734964371, dec: -1.790785, lat: -30.244573, lon: -70.7499537, ra: 338.730469, t0: 62780.828125,
#   x0: 5.832473508649119e-06, x1: -0.3951018452644348, z: 0.5759729743003845}
# schema: astropy-2.0
time band flux fluxerr zp zpsys pwv airmass
62656.4162 lsst_hardware_g 18.61143196731975 16.469999313354492 31.450000762939453 AB 13.382472775067058 1.147897220857938
62656.4361 lsst_hardware_y 48.68213157958714 60.22999954223633 30.020000457763672 AB 12.751851128560482 1.1391175245487053
62673.3715 lsst_hardware_z 17.97585319272818 62.65999984741211 30.969999313354492 AB 3.835154506399551 1.146447801031232
62673.3999 lsst_hardware_i 13.371406888375022 65.05000305175781 31.309999465942383 AB 3.4505448963395216 1.141493597509904
62677.393 lsst_hardware_u -3.3245076499641897 3.1600000858306885 28.450000762939453 AB 5.106185501005142 1.1437093049380898
62677.4132 lsst_hardware_g 13.248926372979414 18.219999313354492 31.479999542236328 AB 5.169988787313176 1.1661628843563554
62679.3524 lsst_hardware_r -17.656445118681948 24.760000228881836 31.489999771118164 AB 8.27160147318854 1.1488335379428527
62679.374 lsst_hardware_i 6.916975194919441 32.45000076293945 31.239999771118164 AB 8.201841582976623 1.1391446643023089
62681.3719 lsst_hardware_z -88.29658181566938 61.130001068115234 31.690000534057617 AB 2.4704680120695763 1.1395147657149123
62681.3944 lsst_hardware_u -1.8107190352782394 3.8499999046325684 29.100000381469727 AB 2.6706082023538964 1.1551073539592978
62687.3356 lsst_hardware_r 7.92369015241436 24.479999542236328 31.489999771118164 AB 5.15683242360146 1.1446908820424995
62687.356 lsst_hardware_i 38.72470345416368 32.18000030517578 31.239999771118164 AB 5.1867544198157445 1.139612074076991
62689.3388 lsst_hardware_z 72.93527110759568 43.25 30.940000534057617 AB 1.80085463679751 1.1402625391289327
62689.3603 lsst_hardware_i 36.11867958405156 32.380001068115234 31.239999771118164 AB 1.7684372244769082 1.1437558851849454
62703.2558 lsst_hardware_r 20.335686575846584 48.4900016784668 31.579999923706055 AB 5.565746123214887 1.2017589153335728
62703.2786 lsst_hardware_z 41.2219783281992 50.290000915527344 30.950000762939453 AB 5.340967962055221 1.1582263904991807
62705.1373 lsst_hardware_r 32.478214225187884 36.720001220703125 32.0 AB 12.828725758749831 2.211849268749971
62705.1609 lsst_hardware_i 27.06093503215414 51.29999923706055 31.8799991607666 AB 10.402723610369476 1.7935730362705993
62712.2285 lsst_hardware_g 44.55985668636381 21.350000381469727 32.150001525878906 AB 5.439888704110137 1.2088641564689193
62712.2508 lsst_hardware_r 49.306118680625666 34.619998931884766 32.2400016784668 AB 5.1203918557078545 1.1627784620194586
62717.2266 lsst_hardware_i -2.8161111739455937 32.56999969482422 31.219999313354492 AB 1.847709396541348 1.1812739881990504
62717.2482 lsst_hardware_z 72.82044569857858 43.20000076293945 30.93000030517578 AB 1.7584046461416603 1.1492840824455295
62721.224 lsst_hardware_r 34.407929007252505 39.790000915527344 31.579999923706055 AB 3.6152782991596535 1.1662188061805334
62721.2457 lsst_hardware_g -13.795801348462726 30.860000610351562 31.6200008392334 AB 3.5427805773507335 1.1428324443066882
62724.2225 lsst_hardware_r -71.22161126167917 82.41000366210938 31.6200008392334 AB 7.405521908460672 1.1566308686683682
62724.2423 lsst_hardware_i 78.24530658574008 67.12999725341797 31.309999465942383 AB 7.397922473327196 1.140598592865741
62730.1887 lsst_hardware_i 23.04207780737442 68.77999877929688 31.309999465942383 AB 5.243584500014982 1.1863089685371653
62730.2111 lsst_hardware_z -12.887731465785237 63.4900016784668 30.969999313354492 AB 4.9361747681076515 1.1508917622074264
62734.2079 lsst_hardware_g 10.288596986275985 15.5600004196167 31.43000030517578 AB 1.982278764759508 1.1442825272808397
62734.227 lsst_hardware_r -33.64991860534269 25.65999984741211 31.5 AB 1.5744139836815119 1.1395034863798639
62737.2067 lsst_hardware_i 12.669074217365024 32.650001525878906 31.25 AB 3.3928371398689094 1.140641163176638
62737.2261 lsst_hardware_z 20.657879194979248 43.47999954223633 30.940000534057617 AB 2.9643708745186568 1.141972728546513
62739.1864 lsst_hardware_r -25.720973943899935 25.079999923706055 31.510000228881836 AB 2.5115410045416073 1.1510270414947787
62739.2046 lsst_hardware_g 21.54976600793932 15.800000190734863 31.459999084472656 AB 2.438612035569618 1.1396714735691635
62741.1871 lsst_hardware_r 31.824850541491887 24.93000030517578 31.489999771118164 AB 4.925631745489588 1.1454957547650206
62741.2033 lsst_hardware_i 36.500931954658355 32.47999954223633 31.239999771118164 AB 4.898422990071689 1.139168137225974
62743.1831 lsst_hardware_z 6.971604601319707 43.2599983215332 30.940000534057617 AB 3.9243815347792848 1.144440409666126
62743.2003 lsst_hardware_i 32.78115805319488 32.58000183105469 31.25 AB 3.8919045984564997 1.1392329596650346
62745.1508 lsst_hardware_r 13.257468916695712 25.110000610351562 31.479999542236328 AB 1.5339769926157703 1.179982302012131
62745.1678 lsst_hardware_u -3.138892079711613 2.740000009536743 28.360000610351562 AB 1.914154191717612 1.1534523601793383
62746.0974 lsst_hardware_g -4.845982018168147 16.06999969482422 31.3700008392334 AB 3.9644314342509586 1.3621525328850825
62746.1141 lsst_hardware_r -1.561458396854679 25.559999465942383 31.479999542236328 AB 3.7259497581344747 1.2816429827900504
62750.1703 lsst_hardware_r 18.05762225653937 41.776099608955704 31.59000015258789 AB 0.7099823547692873 1.1409921330155615
62750.1907 lsst_hardware_z 21.7783493722605 47.67106830498844 30.950000762939453 AB 0.7503093784628087 1.1420234070971214
62752.1376 lsst_hardware_z -24.88323351179961 59.96711993658345 30.969999313354492 AB 3.1028423763163864 1.1691192073535743
62752.1555 lsst_hardware_r -87.39086551969893 74.55505599819317 31.6299991607666 AB 3.0058885927987316 1.1467386143247427
62754.1304 lsst_hardware_i -5.858704433222313 113.10581297272441 31.31999969482422 AB 4.259126005161447 1.1721289804132042
62754.1497 lsst_hardware_z 79.65222641010126 95.5318576423515 30.989999771118164 AB 4.136544935140447 1.1470223500713608
62756.1313 lsst_hardware_r 45.17032601888236 159.1773272609604 31.639999389648438 AB 4.035140472171628 1.1618601993007855
62756.1491 lsst_hardware_z -104.47357755456949 106.94948483640259 30.989999771118164 AB 3.9752504667690496 1.1434633875360418
62759.1274 lsst_hardware_g 53.067504531186756 69.45003360002036 31.68000030517578 AB 1.593626018725131 1.1560580476787314
62759.1462 lsst_hardware_r 184.2452695807693 71.97252873272015 31.6200008392334 AB 1.552067585091875 1.1408067512617706
62761.1259 lsst_hardware_i 370.06560046824524 37.466933881243 31.25 AB 0.7745655997091895 1.151485034255485
62761.1437 lsst_hardware_z 220.3604551197629 48.953656794474725 30.950000762939453 AB 0.7561128287145299 1.1398685860018039
62763.1054 lsst_hardware_z 404.25622282996636 47.87898883175308 30.940000534057617 AB 6.529877557827712 1.1728914305760796
62763.1249 lsst_hardware_r 537.5485870659269 33.91485241710352 31.5 AB 6.362074868688601 1.1472155199895295
62766.1059 lsst_hardware_u 5.451931361074191 4.136759235141482 28.420000076293945 AB 3.774473401754512 1.1591769673198071
62766.1254 lsst_hardware_r 909.1796854554458 38.453568239820946 31.5 AB 3.8623269313528747 1.1415182300437396
62770.159 lsst_hardware_g 410.1693792034792 25.144174292558773 31.40999984741211 AB 3.3491837414590337 1.1657444279356193
62770.1808 lsst_hardware_r 1398.9560170955417 44.40900643864863 31.479999542236328 AB 4.118620269436098 1.2127559500707106
62773.1028 lsst_hardware_i 1504.0753240326649 50.05592420333607 31.239999771118164 AB 4.259802849122841 1.1433921799600848
62773.1223 lsst_hardware_z 1086.176721812052 54.249786716349305 30.940000534057617 AB 4.24059700047382 1.139894359699101
62775.1009 lsst_hardware_r 1790.0350104479767 48.82123248921624 31.489999771118164 AB 7.240626620897901 1.141484529950572
62775.1203 lsst_hardware_g 518.2844760573652 26.59242197728161 31.420000076293945 AB 7.247731630733534 1.1410456242135132
62778.0815 lsst_hardware_i 1765.573423806528 55.98967019201416 31.260000228881836 AB 2.679346458226127 1.1494407800197886
62778.1004 lsst_hardware_z 1254.5900321783824 57.74887584396301 30.950000762939453 AB 2.3925398221620053 1.1393046772200024
62782.0674 lsst_hardware_y 1021.0374660565432 95.790998982325 30.780000686645508 AB 5.675562685166923 1.1527496060052653
62782.0928 lsst_hardware_r 4276.361260784663 178.38294975913664 32.38999938964844 AB 10.04347024656103 1.1391782655343001
62786.065 lsst_hardware_r 1711.5826274818414 111.06653733117278 31.6299991607666 AB 6.073866506363998 1.1449324234426776
62786.0829 lsst_hardware_z 1383.4890389406223 80.69911457364057 30.979999542236328 AB 6.130048265701894 1.1392377139293117
62788.065 lsst_hardware_r 1695.8506723520868 62.49740644346089 31.600000381469727 AB 8.220038314211006 1.141671988084862
62788.0834 lsst_hardware_i 1649.8070643992228 64.29112512475176 31.290000915527344 AB 8.235937484125557 1.1405141054700607
62790.0376 lsst_hardware_i 1451.1037538238163 49.857422241091555 31.239999771118164 AB 9.093422541571137 1.1631392352994547
62790.0563 lsst_hardware_z 1188.8212096308084 55.38725008646195 30.940000534057617 AB 9.449411919798084 1.1434428750966308
62792.0369 lsst_hardware_r 1178.6610572563986 42.90027142972928 31.489999771118164 AB 6.118952198934929 1.156555985181708
62792.0538 lsst_hardware_u 7.946120227029948 2.719764007021908 28.3700008392334 AB 6.570710053106917 1.1418055004240473
62795.0371 lsst_hardware_g 99.2443531823034 19.02674149570845 31.440000534057617 AB 3.8166690035611426 1.1475827622834807
62795.0555 lsst_hardware_r 1086.4934528350805 40.558131283497374 31.5 AB 3.4588515555043458 1.1391853620437733
62798.0376 lsst_hardware_r 886.6191215632771 38.00255099164284 31.489999771118164 AB 3.25845870845011 1.1417164360371794
62798.0581 lsst_hardware_g 103.7346525841917 17.96117225982155 31.40999984741211 AB 4.111341864652748 1.1412996755767784
62800.0405 lsst_hardware_r 727.3258896716634 36.60575018311091 31.5 AB 4.467040047982756 1.1392846183037868
62800.0569 lsst_hardware_i 1057.1539082453935 44.73412646653182 31.239999771118164 AB 2.5089935645152037 1.143570448730722
62802.0088 lsst_hardware_y 318.972970164134 54.557044831211115 30.020000457763672 AB 4.144126470426978 1.157577226376251
62802.0273 lsst_hardware_z 851.1198562786136 52.19553084142163 30.950000762939453 AB 4.062339839099754 1.1414273220285243
62804.0093 lsst_hardware_y 289.6358713867926 54.975878412490204 30.020000457763672 AB 5.229945385512902 1.1506397636022005
62804.0261 lsst_hardware_u 0.20580591408121698 3.1075738705897513 28.559999465942383 AB 5.136749689326404 1.1399167133040564
62808.0098 lsst_hardware_y 172.5808028304286 60.24777949276824 30.030000686645508 AB 3.358687889817602 1.1419576890638963
62808.0279 lsst_hardware_r 453.3307064260145 57.450857702107406 31.610000610351562 AB 3.318995778984746 1.1402218536449171
62814.0224 lsst_hardware_z 1322.558870471865 105.0057449737684 31.729999542236328 AB 10.187126842718888 1.1462308683790592
63033.3629 lsst_hardware_g 11.012585689428569 16.049999237060547 31.440000534057617 AB 7.831096446095314 1.1776970367840436
63033.3834 lsst_hardware_r -37.385849595482554 25.459999084472656 31.510000228881836 AB 8.04041664852052 1.1486309497886455
63034.4183 lsst_hardware_i -21.801748040313264 32.90999984741211 31.239999771118164 AB 4.120060109817893 1.1457076290829076
63034.4332 lsst_hardware_z 31.686708209864896 46.380001068115234 30.940000534057617 AB 4.167322037808891 1.1623248524941123
63037.3943 lsst_hardware_r 35.54013657092155 25.149999618530273 31.510000228881836 AB 4.346979462095626 1.1392201957926034
63037.4132 lsst_hardware_g 23.103926485040507 15.880000114440918 31.450000762939453 AB 4.378852672376754 1.148300525972925
63043.3756 lsst_hardware_r 8.682159052328558 24.899999618530273 31.5 AB 6.15174057003879 1.13921121667385
63043.3949 lsst_hardware_i -18.823160995028307 32.68000030517578 31.239999771118164 AB 6.191872695861667 1.1466430918262345
63045.3646 lsst_hardware_z -66.13409994467304 43.400001525878906 30.940000534057617 AB 5.77287400850199 1.1401518804132065
63045.386 lsst_hardware_i -15.400270666061276 32.59000015258789 31.239999771118164 AB 5.9349691172166015 1.1440904322345142
63047.3312 lsst_hardware_r -8.053663502756729 24.729999542236328 31.5 AB 4.153185942714619 1.1662157789300946
63047.3514 lsst_hardware_u -2.7952508438345465 2.759999990463257 28.399999618530273 AB 4.1251809846740635 1.1437655225528172
63049.3321 lsst_hardware_y -30.006724377896358 50.5099983215332 30.010000228881836 AB 9.067958264681927 1.1570577827229467
63049.3526 lsst_hardware_r 29.093983208000992 46.65999984741211 31.600000381469727 AB 7.912767090191025 1.1404968420569364
63057.3202 lsst_hardware_r 11.711882587854538 84.27999877929688 32.369998931884766 AB 9.076435357246062 1.1466177943673308
63057.3416 lsst_hardware_z 50.31253774733239 77.61000061035156 31.719999313354492 AB 9.106057086055705 1.1394202939737352
63067.294 lsst_hardware_g -24.484845028616583 15.119999885559082 31.420000076293945 AB 3.7176681646921024 1.1457487216864481
63067.3087 lsst_hardware_r -23.58641550828357 24.299999237060547 31.479999542236328 AB 3.6712081510176926 1.1393306388448112
63069.306 lsst_hardware_i 27.290597021076795 32.189998626708984 31.239999771118164 AB 5.4989384533321655 1.139204154408984
63069.326 lsst_hardware_z -19.71375818872549 43.33000183105469 30.940000534057617 AB 5.545956121461026 1.1484688592795662
63077.3477 lsst_hardware_z 21.30380219434988 44.40999984741211 30.93000030517578 AB 5.923729383381258 1.2364070860900476
63077.3659 lsst_hardware_i 27.22685301390848 33.59000015258789 31.219999313354492 AB 6.246013641441252 1.3074039961851183
63083.166 lsst_hardware_i -26.86162074563053 124.23999786376953 31.260000228881836 AB 2.858891436617531 1.4136598499839446
63083.1944 lsst_hardware_z -66.93600860182914 99.44000244140625 30.969999313354492 AB 2.1269401289910235 1.2690573561998948
63085.259 lsst_hardware_r -137.504836442986 99.91000366210938 32.380001068115234 AB 4.817120028496177 1.1394051276674775
63085.2795 lsst_hardware_z -92.11820186696353 83.58999633789062 31.719999313354492 AB 4.88342728214855 1.1460754006450484
63088.2073 lsst_hardware_r 5.3065837862000365 24.770000457763672 31.479999542236328 AB 4.974032778648376 1.1890118195973391
63088.2259 lsst_hardware_i -13.016538861260962 34.290000915527344 31.25 AB 5.211903881349818 1.1567228277980126
63094.2245 lsst_hardware_g -3.256263341590625 15.569999694824219 31.440000534057617 AB 5.106585049929741 1.1429241383011954
63094.2475 lsst_hardware_r -10.48150831059091 24.809999465942383 31.5 AB 5.024814582676653 1.1414844576730243
63099.2221 lsst_hardware_i -38.471367568383585 32.41999816894531 31.25 AB 1.6315349829071195 1.139273773342184
63099.2433 lsst_hardware_z -91.63217352293408 43.209999084472656 30.940000534057617 AB 1.6991749716395244 1.1477680641527888
63102.1833 lsst_hardware_r 9.090986123325894 24.93000030517578 31.489999771118164 AB 3.482556468224485 1.162757786892235
63102.2006 lsst_hardware_i -58.26763328068315 32.61000061035156 31.239999771118164 AB 3.4043086319194815 1.1442092704544093
63108.1471 lsst_hardware_i -2.961909839237221 80.0999984741211 31.309999465942383 AB 4.945807415853369 1.2023112248088739
63108.1651 lsst_hardware_z -122.24757061486119 71.18000030517578 30.979999542236328 AB 4.800863030166182 1.165540915311042
63110.1514 lsst_hardware_r 169.56297516116922 178.19000244140625 31.6200008392334 AB 1.5343074513563606 1.1802365010433542
63110.1697 lsst_hardware_z -262.9106263563614 116.97000122070312 30.989999771118164 AB 1.7478369522174737 1.1521667450345905
63113.1615 lsst_hardware_y 5.937489127128883 54.86000061035156 30.010000228881836 AB 1.6130475987650583 1.152176856260756
63113.1812 lsst_hardware_r 29.96879652371126 81.2300033569336 31.6299991607666 AB 1.7094494653603602 1.139632976906907
63115.1636 lsst_hardware_i 51.4459559648641 42.11000061035156 31.280000686645508 AB 0.6943219563514349 1.1452733300642226
63115.1824 lsst_hardware_z 33.68877872452958 49.11000061035156 30.950000762939453 AB 0.7596539817790033 1.139338555348556
63121.1259 lsst_hardware_u 2.203119742712645 2.680000066757202 28.309999465942383 AB 4.025159739259501 1.1717225061523513
63121.1445 lsst_hardware_r -6.569693966914198 24.780000686645508 31.489999771118164 AB 3.939203101692635 1.1474521123485684
63123.1272 lsst_hardware_i 8.164698779753332 32.779998779296875 31.229999542236328 AB 1.970734868520552 1.1609631036939922
63123.1455 lsst_hardware_z 84.4853406894401 43.470001220703125 30.93000030517578 AB 1.9354742065603885 1.142827854092637
63125.1287 lsst_hardware_r -19.844731422707447 24.860000610351562 31.5 AB 3.664724004609367 1.1522175716014464
63125.1475 lsst_hardware_u -2.9449728986116783 2.759999990463257 28.389999389648438 AB 3.646710792600724 1.13983458822694
63128.1039 lsst_hardware_u -3.7789698120958852 2.799999952316284 28.40999984741211 AB 6.603879921527817 1.1770223244167923
63128.1239 lsst_hardware_g 14.090215507467953 15.550000190734863 31.440000534057617 AB 6.443934051268119 1.1487878627171593
63136.1005 lsst_hardware_i 80.24225862306876 71.95999908447266 31.309999465942383 AB 3.71977148404949 1.1502965547891735
63136.1204 lsst_hardware_z 21.97598491024589 66.94000244140625 30.969999313354492 AB 3.7379856135622282 1.1393402936943544
63142.1075 lsst_hardware_i -13.101695273098379 60.209999084472656 31.309999465942383 AB 3.9934493052000932 1.1392495165083392
63144.0446 lsst_hardware_z -27.20779463647504 43.97999954223633 30.93000030517578 AB 3.42831132933528 1.2134899401812094
63148.0647 lsst_hardware_i -6.561780319540386 32.36000061035156 31.239999771118164 AB 3.4145417352597884 1.1535613970472258
63148.0826 lsst_hardware_z -82.56836080743052 43.130001068115234 30.940000534057617 AB 3.8363935147806543 1.1404261340005417
63150.0675 lsst_hardware_r 12.560627916101991 24.549999237060547 31.5 AB 3.440088982841819 1.145677947216098
63150.0855 lsst_hardware_u 6.664673819166066 2.7699999809265137 28.40999984741211 AB 4.784817640615303 1.139242295384596
63152.0692 lsst_hardware_g 6.31639654748997 15.180000305175781 31.43000030517578 AB 5.509992836406785 1.1413760406848668
63152.0876 lsst_hardware_r -20.600266061308133 24.34000015258789 31.489999771118164 AB 5.973502458112658 1.1408522647274435
63154.0654 lsst_hardware_i 19.17442428886249 32.220001220703125 31.239999771118164 AB 6.766301783172198 1.140708364681983
63154.0828 lsst_hardware_z -13.869982075118013 43.119998931884766 30.940000534057617 AB 6.791721114947008 1.14111412981104
63156.0382 lsst_hardware_z 23.903899494536567 43.279998779296875 30.940000534057617 AB 8.20096056104925 1.159419494964516
63156.0568 lsst_hardware_r -29.073919636620037 24.469999313354492 31.5 AB 7.459453190426453 1.1420735191650029
63158.0356 lsst_hardware_u -3.1816667204431317 2.75 28.389999389648438 AB 4.683459472564901 1.155696353501459
63158.0528 lsst_hardware_r -28.93660987536755 24.489999771118164 31.5 AB 4.308054920401279 1.141382974075803
63162.0373 lsst_hardware_r -59.64020252417445 36.380001068115234 31.56999969482422 AB 4.533722988273854 1.1438685475649941
63162.0556 lsst_hardware_z -35.520907188104935 46.31999969482422 30.950000762939453 AB 4.980127522276521 1.1395520902182992
63164.0338 lsst_hardware_y -39.19271366688799 55.31999969482422 30.020000457763672 AB 4.125102714912961 1.14268773266287
63164.0506 lsst_hardware_r -15.732025992085875 76.52999877929688 31.6200008392334 AB 4.3588225472440225 1.1396359362687816
63167.0087 lsst_hardware_z -43.16139484752416 78.69000244140625 30.979999542236328 AB 4.125520447733795 1.1586913208070648
63167.0267 lsst_hardware_i -42.5723807291319 87.01000213623047 31.31999969482422 AB 4.0540929714503475 1.1421052600573802
63169.0082 lsst_hardware_y 3.2607481574852963 62.0 30.020000457763672 AB 5.237465195216748 1.1526111785248911
63169.0251 lsst_hardware_r 120.77916089110654 97.41000366210938 31.6299991607666 AB 5.193731898434657 1.1404769210440617
63171.012 lsst_hardware_y -37.09238152063883 51.630001068115234 30.020000457763672 AB 4.780322636818405 1.1443479022067393
63171.0298 lsst_hardware_r -18.62766706166977 46.52000045776367 31.610000610351562 AB 4.760871652968486 1.1393733763236775
