data/validation/pwv_sim_epoch_fit_4/57537245.ecsv
# %ECSV 0.9
# ---
# datatype:
# - {name: time, datatype: float64}
# - {name: band, datatype: string}
# - {name: flux, datatype: float64}
# - {name: fluxerr, datatype: float64}
# - {name: zp, datatype: float64}
# - {name: zpsys, datatype: string}
# - {name: pwv, datatype: float64}
# - {name: airmass, datatype: float64}
# meta: {SNID: '57537245', alt: 1024.0, c: -0.04715939611196518, dec: -2.238686, lat: -30.244573, lon: -70.7499537, ra: 208.125, t0: 61565.76953125,
#   x0: 4.301055632697407e-06, x1: 0.7990379929542542, z: 0.6522057056427002}
# schema: astropy-2.0
time band flux fluxerr zp zpsys pwv airmass
[from data line 133]
61857.1944 lsst_hardware_z 35.86931441911409 44.2400016784668 30.93000030517578 AB 8.809160834236225 1.2365470008753827
61857.2121 lsst_hardware_i -31.062193581766945 32.63999938964844 31.239999771118164 AB 9.072068098970474 1.186149675175901
61859.2566 lsst_hardware_u 2.2336609943997816 2.690000057220459 28.350000381469727 AB 7.5249923382394766 1.1311525499044686
61859.2752 lsst_hardware_g -26.379874555848442 15.300000190734863 31.420000076293945 AB 7.586323530201372 1.1394725740980929
61861.2525 lsst_hardware_r -50.97502265321541 24.56999969482422 31.489999771118164 AB 5.208243879681252 1.1312432405910626
61861.2705 lsst_hardware_i 10.612934045759657 32.369998931884766 31.229999542236328 AB 5.273915597064297 1.1401417302870138
61865.2465 lsst_hardware_g -16.136825398836805 15.359999656677246 31.420000076293945 AB 8.008399968345204 1.1322493946479857
61865.2654 lsst_hardware_r -4.054921146937772 24.719999313354492 31.489999771118164 AB 7.877824375673703 1.1461432166353593
61867.2419 lsst_hardware_i 45.480458255484876 55.150001525878906 31.299999237060547 AB 9.824738782672238 1.1325347299910193
61867.2615 lsst_hardware_z 114.44989496529375 55.279998779296875 30.959999084472656 AB 9.184158565174604 1.1480198206468255
61873.1507 lsst_hardware_i -76.21198320518893 76.37000274658203 31.299999237060547 AB 10.469881471603454 1.2366001738114316
61873.1707 lsst_hardware_r 166.10799443391537 90.6500015258789 31.6200008392334 AB 11.628612055473265 1.1809694030609275
61875.2333 lsst_hardware_z -102.28376049290631 71.63999938964844 31.709999084472656 AB 11.502509149989674 1.141084205217057
61877.2203 lsst_hardware_r 10.964805361564325 34.15999984741211 31.56999969482422 AB 14.97704000128697 1.135254939710468
61877.239 lsst_hardware_i -23.519820926125092 37.36000061035156 31.270000457763672 AB 15.314339236066578 1.1545212270241678
61882.199 lsst_hardware_g 3.2326151898851183 15.65999984741211 31.440000534057617 AB 10.407590167606376 1.1319365019964518
61882.2189 lsst_hardware_r 3.1648064388709742 24.940000534057617 31.489999771118164 AB 9.564891507033131 1.1460449924554292
61884.1919 lsst_hardware_i -40.90692597895651 32.290000915527344 31.239999771118164 AB 8.94499392210621 1.1315615334732714
61884.2096 lsst_hardware_r -15.273637692176093 24.950000762939453 31.5 AB 9.21858168296487 1.1419264219045198
61886.1903 lsst_hardware_u 1.0586694543588584 2.8299999237060547 28.450000762939453 AB 7.277838584522398 1.1326346896425494
61887.089 lsst_hardware_r 5.7476999018445705 25.360000610351562 31.459999084472656 AB 5.949594423222015 1.3367622138340762
61890.1878 lsst_hardware_z -8.570604668277966 43.380001068115234 30.940000534057617 AB 12.414664461838424 1.1372645791218068
61890.2073 lsst_hardware_r -44.81377314984867 24.860000610351562 31.489999771118164 AB 12.711738660941085 1.160447804726459
61893.1442 lsst_hardware_r 28.624193648425134 30.600000381469727 31.549999237060547 AB 12.956340374487903 1.138868753525944
61893.1632 lsst_hardware_z -32.80356591134338 44.540000915527344 30.950000762939453 AB 12.827121864420725 1.1311394942169952
61894.1924 lsst_hardware_r -6.617225410328077 36.349998474121094 31.56999969482422 AB 10.653085025012171 1.1542533412200666
61894.2058 lsst_hardware_y 30.80599482621938 49.650001525878906 30.0 AB 10.925841911075471 1.1782953593740118
61896.1938 lsst_hardware_z -114.88171864838618 61.5 30.969999313354492 AB 3.824928355897205 1.1654260682197455
61896.2139 lsst_hardware_r 56.31751692733682 76.73999786376953 31.610000610351562 AB 2.9825716566264178 1.2124275026936657
61898.1561 lsst_hardware_r 113.23017335455565 144.10000610351562 31.639999389648438 AB 11.19197259603235 1.132160497297289
61898.1747 lsst_hardware_i 120.96381241826336 116.19000244140625 31.31999969482422 AB 10.083640058987351 1.145455997915979
61900.1531 lsst_hardware_z 68.13716120378632 89.48999786376953 30.989999771118164 AB 7.908089312048394 1.133031720429595
61900.1711 lsst_hardware_r 185.23079441626285 134.91000366210938 31.6299991607666 AB 7.123495569508356 1.1476551586125916
61907.0984 lsst_hardware_u -2.1224130189906574 2.7200000286102295 28.3700008392334 AB 9.821549841260573 1.146473264804085
61907.1173 lsst_hardware_g 6.369079566754361 15.140000343322754 31.420000076293945 AB 9.697940846791985 1.1323417417002521
61909.1234 lsst_hardware_r 18.829001346130717 24.3700008392334 31.489999771118164 AB 9.077332762294873 1.1315195565202798
61909.1425 lsst_hardware_z -29.91691872168308 43.20000076293945 30.940000534057617 AB 8.573265958580956 1.1431021278107942
61911.0874 lsst_hardware_i 8.705201033609821 32.310001373291016 31.25 AB 8.202919980404248 1.1465666468439986
61911.1078 lsst_hardware_r 6.353490061995206 24.459999084472656 31.5 AB 8.032517899334646 1.1319251114661673
61919.0794 lsst_hardware_u 0.9427281385130576 2.700000047683716 28.360000610351562 AB 10.909136597263691 1.1345955899390399
61925.0236 lsst_hardware_r -13.009453763663632 92.37000274658203 31.610000610351562 AB 13.377837173585423 1.192985145342586
61927.0423 lsst_hardware_i 14.7615898927994 91.58000183105469 31.309999465942383 AB 4.9054827677496 1.1482871647353932
61927.0611 lsst_hardware_z -6.2261778774289755 79.7699966430664 30.979999542236328 AB 4.669891077035696 1.1329187474613527
61943.0012 lsst_hardware_z -35.6772532153533 43.029998779296875 30.940000534057617 AB 3.5271654017490413 1.1452145572387915
61943.0229 lsst_hardware_i -42.46169067691672 32.2599983215332 31.239999771118164 AB 3.487968395209962 1.1314164659814983
61945.9876 lsst_hardware_u 4.91114644551444 2.7799999713897705 28.399999618530273 AB 5.801481578924661 1.152001902089885
61946.003 lsst_hardware_g 12.902218917639543 15.539999961853027 31.43000030517578 AB 5.767169041373889 1.1362387288448783
61947.9985 lsst_hardware_r -9.630815882716647 25.139999389648438 31.510000228881836 AB 8.687445851554978 1.1356138368045723
61948.0189 lsst_hardware_i -13.065152969291592 32.5099983215332 31.25 AB 9.212028586305589 1.1319769705463183
61956.9659 lsst_hardware_y 84.85614268238257 57.25 30.020000457763672 AB 7.4753260177712315 1.1421139290220947
61956.9889 lsst_hardware_z -157.10946065800198 63.88999938964844 30.969999313354492 AB 7.412877277546463 1.1311613343153122
61958.9654 lsst_hardware_y -82.60585316612286 54.65999984741211 30.010000228881836 AB 1.6108689055297214 1.137753199903276
61958.987 lsst_hardware_i 30.233572459119518 64.01000213623047 31.309999465942383 AB 1.6098221722346304 1.131552604663476
61962.9623 lsst_hardware_y 9.524810007149762 54.5 30.020000457763672 AB 12.035146614637943 1.1331284963646127
61962.9818 lsst_hardware_g 9.139346768571404 16.1200008392334 31.440000534057617 AB 12.031353124010653 1.1333493275567579
