data/validation/pwv_sim_epoch_fit_4/57534827.ecsv
# %ECSV 0.9
# ---
# datatype:
# - {name: time, datatype: float64}
# - {name: band, datatype: string}
# - {name: flux, datatype: float64}
# - {name: fluxerr, datatype: float64}
# - {name: zp, datatype: float64}
# - {name: zpsys, datatype: string}
# - {name: pwv, datatype: float64}
# - {name: airmass, datatype: float64}
# meta: {SNID: '57534827', alt: 1024.0, c: 0.04152257367968559, dec: -41.41119, lat: -30.244573, lon: -70.7499537, ra: 145.371094, t0: 59978.53515625,
#   x0: 0.00013465462646948135, x1: -2.123818874359131, z: 0.14753024280071259}
# schema: astropy-2.0
time band flux fluxerr zp zpsys pwv airmass
[from data line 133]
60363.31 lsst_hardware_z 7.88000053946388 65.86000061035156 30.950000762939453 AB 14.461274527588444 1.3032871780451012
60363.3169 lsst_hardware_r -4.577540169653114 89.18000030517578 31.579999923706055 AB 14.838828177718788 1.3404542165960964
60365.1819 lsst_hardware_z -121.5598414626621 66.0 30.989999771118164 AB 9.657192679464172 1.0210607612036553
60365.195 lsst_hardware_i -15.697514194870033 75.44000244140625 31.329999923706055 AB 9.746260676725367 1.0269310912537266
60367.1756 lsst_hardware_r -163.75966549141947 75.48999786376953 31.65999984741211 AB 6.7638526132078445 1.020843317844447
60367.1864 lsst_hardware_z 76.44835299193574 57.34000015258789 30.979999542236328 AB 6.784108503893662 1.0250995019482716
60369.169 lsst_hardware_g -23.15677800107147 57.2599983215332 31.729999542236328 AB 3.9450451163278353 1.0205782217896353
60369.1808 lsst_hardware_r -14.392194045332198 55.720001220703125 31.649999618530273 AB 3.9895684565802 1.0250250819800968
60372.1662 lsst_hardware_i -53.74022164632978 32.9900016784668 31.260000228881836 AB 5.533463397329822 1.022144309344671
60372.1793 lsst_hardware_z 27.85259690278863 42.220001220703125 30.940000534057617 AB 6.659653194649631 1.0292331650799131
60375.1621 lsst_hardware_r 31.894175765630767 21.709999084472656 31.479999542236328 AB 8.768902554304235 1.0238562943483573
60375.1743 lsst_hardware_g -4.587138738100954 13.029999732971191 31.3799991607666 AB 9.714367269599148 1.0316781325851139
60382.2506 lsst_hardware_i 17.89485439217957 31.920000076293945 31.209999084472656 AB 13.774071224744198 1.2665521459041582
60382.2622 lsst_hardware_r 18.582919133258763 23.100000381469727 31.43000030517578 AB 14.436524707057046 1.32483669938273
60386.1282 lsst_hardware_i -18.453406041149034 31.75 31.260000228881836 AB 6.279566245208009 1.0222311973315985
60386.1418 lsst_hardware_z -17.12769739134455 41.439998626708984 30.950000762939453 AB 6.327156398590503 1.0297687103536646
60390.1247 lsst_hardware_r -11.709767941613084 58.81999969482422 31.649999618530273 AB 5.423311964383223 1.0257178094281725
60390.1364 lsst_hardware_i 44.930467304368314 50.54999923706055 31.31999969482422 AB 5.143190628640242 1.0342922567315138
60393.1152 lsst_hardware_z 146.60122471482615 64.62999725341797 30.989999771118164 AB 9.15858690145846 1.024995036675893
60393.1295 lsst_hardware_i -120.99245552556846 73.05000305175781 31.329999923706055 AB 8.762190641943967 1.035475140858403
60398.1189 lsst_hardware_z -31.12863306234232 70.06999969482422 31.709999084472656 AB 6.239069822227447 1.038460356562509
60400.0991 lsst_hardware_g 19.002513021095368 35.689998626708984 32.36000061035156 AB 5.171997174150936 1.026733160564638
60400.112 lsst_hardware_r -85.80540393989688 47.66999816894531 32.33000183105469 AB 5.100759881449749 1.0370208487631203
60402.0952 lsst_hardware_i 20.87272493503627 29.670000076293945 31.25 AB 7.256212070370751 1.0277314233632036
60402.1085 lsst_hardware_z -15.481214076956329 40.66999816894531 30.940000534057617 AB 7.317149273390091 1.0389988318622778
60404.0985 lsst_hardware_i -14.419670129245619 29.700000762939453 31.239999771118164 AB 7.293865265817729 1.0345908178464864
60404.1099 lsst_hardware_u -2.427386542175859 2.5399999618530273 28.360000610351562 AB 7.388677382330104 1.0468019904127503
60414.0413 lsst_hardware_r -47.29902771063335 23.56999969482422 31.530000686645508 AB 11.596693280772376 1.0198481471086427
60414.0534 lsst_hardware_z 12.904572308634464 40.939998626708984 30.959999084472656 AB 11.149443648104242 1.0228847383581874
60416.0392 lsst_hardware_g -15.745901829600037 28.6200008392334 31.670000076293945 AB 13.62200004356158 1.020298108273656
60416.0524 lsst_hardware_r 10.046112090805336 31.920000076293945 31.59000015258789 AB 14.976035671341423 1.0250011581432454
60419.0367 lsst_hardware_i -45.107603762425335 49.310001373291016 31.31999969482422 AB 7.073064701432841 1.02175004715534
60419.0501 lsst_hardware_z -119.18571516799777 50.220001220703125 30.969999313354492 AB 6.9658864589371055 1.0286306052771548
60421.0277 lsst_hardware_r -112.94113968498648 72.47000122070312 31.65999984741211 AB 9.456951046858093 1.020745411031932
60421.04 lsst_hardware_z 56.5613984307782 56.45000076293945 30.979999542236328 AB 9.44356102278961 1.025693605168851
60427.0229 lsst_hardware_z 9.999589712890849 46.849998474121094 30.959999084472656 AB 1.5379401039115823 1.0252934026077216
60427.0351 lsst_hardware_i -1.8603939582498188 44.7599983215332 31.299999237060547 AB 1.5510884953336577 1.0340589968891052
60428.0077 lsst_hardware_r -17.86557928740862 21.520000457763672 31.489999771118164 AB 8.752468148222972 1.0205472261446404
60428.0234 lsst_hardware_u 0.21533793244794802 2.5799999237060547 28.40999984741211 AB 8.765463072766337 1.0272127352141724
60431.0074 lsst_hardware_g -4.445750213549125 13.020000457763672 31.420000076293945 AB 8.991615222628266 1.0230629739306056
60431.0201 lsst_hardware_r 27.31360166428897 21.739999771118164 31.5 AB 9.049953578273298 1.0306681624333722
60434.0052 lsst_hardware_i -48.46379144523812 29.700000762939453 31.260000228881836 AB 10.319563657986416 1.0260990503860214
60434.0174 lsst_hardware_z -5.772388592229865 40.720001220703125 30.950000762939453 AB 10.404797975298933 1.0353462059255127
60441.9569 lsst_hardware_y -189.3090635806394 70.20999908447266 30.06999969482422 AB 8.249648667746648 1.0199862348845872
60441.9693 lsst_hardware_r -22.831307952102353 22.40999984741211 31.489999771118164 AB 7.927847283668456 1.020511975757026
60443.995 lsst_hardware_z 22.88070012363089 41.349998474121094 30.940000534057617 AB 6.860130100591143 1.0402542611086776
60444.0075 lsst_hardware_i -39.12104356404221 31.59000015258789 31.25 AB 6.22880754800195 1.0559687298827898
