data/validation/pwv_sim_epoch_fit_4/57541859.ecsv
# %ECSV 0.9
# ---
# datatype:
# - {name: time, datatype: float64}
# - {name: band, datatype: string}
# - {name: flux, datatype: float64}
# - {name: fluxerr, datatype: float64}
# - {name: zp, datatype: float64}
# - {name: zpsys, datatype: string}
# - {name: pwv, datatype: float64}
# - {name: airmass, datatype: float64}
# meta: {SNID: '57541859', alt: 1024.0, c: 0.05657327175140381, dec: -0.74606, lat: -30.244573, lon: -70.7499537, ra: 113.90625, t0: 60726.69921875,
#   x0: 4.212639311360232e-06, x1: 0.1888372004032135, z: 0.6582649350166321}
# schema: astropy-2.0
time band flux fluxerr zp zpsys pwv airmass
60631.347 lsst_hardware_z 118.02855540732435 104.27999877929688 31.729999542236328 AB 4.20164328714609 1.1500848413720397
60633.337 lsst_hardware_i -14.61256426852401 68.97000122070312 31.309999465942383 AB 5.787927410517006 1.1523614435593132
60633.3577 lsst_hardware_y -73.52314547763736 80.02999877929688 30.030000686645508 AB 5.756954328054394 1.1495707119835714
60640.3431 lsst_hardware_g 9.735521873189787 17.360000610351562 31.479999542236328 AB 4.544933143838478 1.1515391606364722
60642.2518 lsst_hardware_z -5.606130432013654 62.56999969482422 31.68000030517578 AB 6.391056953137145 1.2840968344520005
60642.2745 lsst_hardware_y -49.89230943686769 48.88999938964844 29.989999771118164 AB 6.068033154040698 1.2103789535986682
60644.3344 lsst_hardware_u 3.4565600523073394 2.9800000190734863 28.459999084472656 AB 8.391204915475702 1.1528491823789009
60644.354 lsst_hardware_y -15.56159129714306 73.2300033569336 30.020000457763672 AB 8.489763288442012 1.1745118683572071
60646.333 lsst_hardware_r -16.648599321243445 23.43000030517578 31.479999542236328 AB 7.101831718095082 1.1558369408833744
60646.3515 lsst_hardware_z 13.748734942179214 59.0099983215332 30.959999084472656 AB 7.145387868865895 1.1794180417627589
60648.3003 lsst_hardware_i 4.276162028442785 31.610000610351562 31.239999771118164 AB 3.6015381425622817 1.150191821975788
60648.3187 lsst_hardware_z -1.7551087860485408 42.83000183105469 30.940000534057617 AB 3.568331642888288 1.1503016713138874
60650.297 lsst_hardware_r -23.68893075324417 23.389999389648438 31.469999313354492 AB 4.773878450110846 1.1494089366237992
60650.3173 lsst_hardware_u 1.8968947082275356 2.5799999237060547 28.290000915527344 AB 4.790509112420784 1.1523957451096998
60652.3004 lsst_hardware_g 12.308458185625602 14.229999542236328 31.399999618530273 AB 7.520393109729606 1.148414615519361
60652.3193 lsst_hardware_i -38.24792607640569 31.610000610351562 31.239999771118164 AB 7.57684511002894 1.158229083964973
60654.2953 lsst_hardware_z 51.5168084188896 42.529998779296875 30.940000534057617 AB 9.502357576475088 1.148448377138465
60654.3143 lsst_hardware_r -20.048589503729723 23.280000686645508 31.479999542236328 AB 9.599126082297202 1.1586733690848248
60656.2946 lsst_hardware_y -42.427924736902476 48.5099983215332 30.010000228881836 AB 11.523508454250464 1.1494580426842909
60656.3132 lsst_hardware_g -0.16325813766564143 14.289999961853027 31.389999389648438 AB 11.66491670019451 1.1633892985566332
60658.2944 lsst_hardware_r -41.07729280610418 81.36000061035156 31.6299991607666 AB 9.509890645543136 1.1517720422384161
60658.3133 lsst_hardware_i -184.15041726997185 62.790000915527344 31.299999237060547 AB 9.665107796175173 1.1707365508220313
60660.2666 lsst_hardware_i -43.00424802254138 95.66000366210938 31.31999969482422 AB 8.141002150335964 1.150590368219394
60660.2839 lsst_hardware_z -26.18085662893634 82.44000244140625 30.979999542236328 AB 8.065081087291144 1.1495269508681791
60662.2261 lsst_hardware_r -31.352297851545792 90.68000030517578 31.6200008392334 AB 6.105901125546572 1.1957701102662313
60662.2441 lsst_hardware_z 66.0225057727346 68.48999786376953 30.979999542236328 AB 5.968014537947034 1.1650589629960046
60663.2434 lsst_hardware_g 57.17074888395922 75.7699966430664 31.68000030517578 AB 5.736633328019031 1.162615053558095
60663.2619 lsst_hardware_i -25.199307175200225 65.88999938964844 31.309999465942383 AB 4.936549554390191 1.1492820629497296
60665.244 lsst_hardware_z -0.0708416775297174 49.650001525878906 30.959999084472656 AB 5.511260098902072 1.1564914697097541
60665.2631 lsst_hardware_r -10.658886637326919 47.56999969482422 31.610000610351562 AB 5.367541044426552 1.1483213444780558
60668.2351 lsst_hardware_u 1.733688284803242 3.009999990463257 28.479999542236328 AB 7.6446851573300165 1.157116825024725
60668.2542 lsst_hardware_g 18.417982765482087 18.329999923706055 31.5 AB 7.262591271822189 1.1483265510035687
60670.2383 lsst_hardware_r -12.710880145107788 23.540000915527344 31.489999771118164 AB 5.7676781145398905 1.1510608420974686
60670.2587 lsst_hardware_i 95.75710723971618 31.770000457763672 31.25 AB 7.224277762708926 1.150316908197732
60672.2407 lsst_hardware_z 13.97235086991312 43.099998474121094 30.940000534057617 AB 8.220101371524457 1.1485400826497774
60672.2608 lsst_hardware_r 3.4880981658588652 23.809999465942383 31.479999542236328 AB 8.309994710249395 1.154847612861658
60674.2056 lsst_hardware_r -20.572574501301464 23.739999771118164 31.479999542236328 AB 7.659698699063196 1.1730462420556984
60674.2248 lsst_hardware_u -0.39457871574500636 2.6500000953674316 28.34000015258789 AB 7.666229649301305 1.152498757129684
60676.213 lsst_hardware_g 9.28221777069028 14.670000076293945 31.40999984741211 AB 8.142174286825886 1.157345480816988
60676.2329 lsst_hardware_i -23.103882516308982 31.940000534057617 31.239999771118164 AB 8.08058448715475 1.1483143151119952
60678.211 lsst_hardware_z 59.94033521318088 43.11000061035156 30.93000030517578 AB 4.011772453749817 1.1544668931654134
60678.2328 lsst_hardware_r 10.189407945445728 23.81999969482422 31.479999542236328 AB 4.0851204318823555 1.1489580739368161
60680.2104 lsst_hardware_u 1.824817501203218 2.7300000190734863 28.389999389648438 AB 13.408185843282837 1.1513619718589014
60680.2299 lsst_hardware_g 3.582742910438218 14.75 31.420000076293945 AB 13.462414387036599 1.1497247378812974
60682.2083 lsst_hardware_r -9.573509044281337 33.599998474121094 32.2400016784668 AB 9.112070806678306 1.149848569116564
60682.2294 lsst_hardware_i -41.07322671068679 44.869998931884766 31.989999771118164 AB 9.95380177922717 1.1520603911142557
60684.2074 lsst_hardware_z 25.466831425812426 47.029998779296875 30.950000762939453 AB 8.627355435498435 1.1486166578942365
60684.2269 lsst_hardware_r 42.65459556860489 33.459999084472656 31.549999237060547 AB 7.982161055106725 1.1539917674001337
60692.1692 lsst_hardware_y -42.03502060287065 76.0199966430664 30.760000228881836 AB 3.529043019395039 1.157442774481815
60694.1587 lsst_hardware_r -28.706091216583644 43.712120478419244 31.59000015258789 AB 4.926229422080409 1.1626692051169245
60694.1788 lsst_hardware_i -4.4559627860581 44.47834094957917 31.280000686645508 AB 6.66342256485709 1.148865959458119
60695.1626 lsst_hardware_z 26.498282178317943 46.00624001673191 30.950000762939453 AB 8.563947873230076 1.1560404796476884
60695.1821 lsst_hardware_r 15.395386219651936 38.606128175509866 31.579999923706055 AB 10.220908062640058 1.1483306189768554
60697.1534 lsst_hardware_u -4.058183171797435 2.6734623761727656 28.350000381469727 AB 11.864512416231758 1.1595213580817276
60697.1731 lsst_hardware_r 36.70008553253508 25.73386184563675 31.5 AB 11.172925919840724 1.148444139261544
60701.1413 lsst_hardware_r 25.747547015060448 24.84376706814479 31.489999771118164 AB 15.19077990760223 1.1607534123635845
60701.1594 lsst_hardware_u -2.473213579527635 2.903791496350105 28.459999084472656 AB 14.991224331621172 1.148928903404443
60703.1414 lsst_hardware_g 24.951753758256643 15.565019005704535 31.420000076293945 AB 13.622617508468618 1.1555036339461053
60703.1613 lsst_hardware_r 122.0414639449305 26.479602610630764 31.5 AB 13.623097025106656 1.1484008956760696
60705.1406 lsst_hardware_i 270.5569512986188 35.65855184436032 31.239999771118164 AB 13.854345047364559 1.1522163198052153
60705.1591 lsst_hardware_z 215.49024521235145 45.38754839476111 30.940000534057617 AB 13.795253878448882 1.1489502265472897
60707.1066 lsst_hardware_z 312.24185480226356 47.010616496253334 30.940000534057617 AB 9.052133388166354 1.1887240168307793
60707.1254 lsst_hardware_r 395.44970648261705 30.808854514909893 31.5 AB 9.744840488413297 1.160238181737504
60709.1066 lsst_hardware_u 0.9367096720647528 3.266836204493682 28.43000030517578 AB 8.594998207876362 1.1786079133186667
60709.1245 lsst_hardware_r 527.9524605946749 32.86750426480554 31.5 AB 8.412081482136378 1.1559291153540296
60711.1093 lsst_hardware_i 537.2056572579754 43.024937817084364 31.260000228881836 AB 7.196060271682034 1.1663297666088281
60711.1283 lsst_hardware_z 610.0074796207261 49.22778192016281 30.950000762939453 AB 7.2670736393161 1.1501567353177684
60714.1051 lsst_hardware_y 191.84467082635874 54.76646610201927 30.010000228881836 AB 9.990988755821954 1.1615177782393282
60714.1225 lsst_hardware_r 952.4911913952194 72.60775127215308 31.6200008392334 AB 9.66257568216093 1.1493032688320828
60716.1029 lsst_hardware_i 1119.458919365904 88.23024679410439 31.31999969482422 AB 4.029409191709069 1.158153540131948
60716.1215 lsst_hardware_z 837.3974669603053 77.41978600329915 30.979999542236328 AB 4.0093756035233 1.148406903980895
60720.0934 lsst_hardware_r 1612.6086560185604 97.26703465063903 31.6299991607666 AB 3.6765456264750007 1.1568436824527364
60720.1106 lsst_hardware_i 1317.9022527779805 81.20921807079485 31.31999969482422 AB 3.647618498999741 1.148404092561902
60722.0923 lsst_hardware_z 909.2214497424472 59.11438306462693 30.950000762939453 AB 3.625190907262092 1.1534174060649354
60722.1092 lsst_hardware_i 1358.2040826719126 62.023180443925646 31.290000915527344 AB 3.6169994457076906 1.14837531348535
60724.0894 lsst_hardware_u -6.778729939617889 3.636295162543412 28.600000381469727 AB 6.4110049991469165 1.151815486731406
60724.1062 lsst_hardware_g 288.0833047556676 32.34125416099518 31.600000381469727 AB 6.292116444500604 1.1487204827933555
60729.0878 lsst_hardware_z 950.1803076571927 52.53507423598505 30.940000534057617 AB 7.548618618915243 1.1482971848511538
60729.1058 lsst_hardware_u -1.3387686586260346 2.7546566543096795 28.399999618530273 AB 7.620606988481257 1.1553230308614386
60731.0568 lsst_hardware_r 1154.7863416607802 40.72869897844356 31.479999542236328 AB 10.381524768904013 1.1636849958138167
60731.0748 lsst_hardware_g 128.1757558158426 18.69859603545001 31.399999618530273 AB 10.225828221948225 1.1497230269219236
60733.0537 lsst_hardware_r 1047.7125216519983 39.70647714108477 31.479999542236328 AB 9.03654063968623 1.160986784825108
60733.0709 lsst_hardware_i 1334.4052777307952 46.53566593929646 31.239999771118164 AB 8.932281956436892 1.1492160767368147
60736.0488 lsst_hardware_z 840.4209536390471 52.13003256160524 30.940000534057617 AB 3.335629316813059 1.1576686661776003
60736.0666 lsst_hardware_i 1098.7770563681931 45.549193783501195 31.229999542236328 AB 3.3116996926057745 1.1484336004874955
60738.0486 lsst_hardware_u 0.1473558362591554 2.6676489119326128 28.329999923706055 AB 5.187225722245348 1.1534216959798427
60738.0673 lsst_hardware_g 66.45515537703113 16.984409224354923 31.399999618530273 AB 5.1439859097621845 1.1485957150300734
60740.0469 lsst_hardware_r 814.8545705727646 41.010221188309025 31.530000686645508 AB 6.010647570509262 1.1511710106950606
60740.0643 lsst_hardware_i 939.2201395533306 46.472306436079236 31.25 AB 6.046392308078558 1.1491401282379268
60742.0552 lsst_hardware_z 1665.9185519685705 84.23795656669333 31.709999084472656 AB 10.664136044854985 1.1484306967446811
60744.0443 lsst_hardware_z 779.2510439851209 69.12412044498484 30.969999313354492 AB 11.59341021291187 1.1484878114727517
60744.0632 lsst_hardware_r 523.5552695438358 85.20732391701993 31.6299991607666 AB 11.63296585956111 1.15406407336914
60751.0042 lsst_hardware_y 335.1133168743094 52.95555631403083 30.020000457763672 AB 9.203256897593777 1.1613675181517833
60751.0233 lsst_hardware_i 580.9739646187477 51.08273662143523 31.290000915527344 AB 9.080560729783896 1.1488200309686467
60753.0016 lsst_hardware_y 73.71700802953218 54.616937536621734 30.020000457763672 AB 7.943193156007291 1.1584064687191615
60753.0197 lsst_hardware_g 38.83715291161844 15.576799453079904 31.43000030517578 AB 7.905061226291255 1.1484906619629633
60755.0014 lsst_hardware_y 146.7894793443204 52.98948638748153 30.020000457763672 AB 4.208136294333963 1.1539679052104101
60755.0211 lsst_hardware_i 483.8570823648786 38.44337234245947 31.25 AB 4.2459143483793484 1.1486309612821017
60756.9951 lsst_hardware_z 473.0293819607051 55.65988710000219 30.959999084472656 AB 6.666595330829432 1.1545887306597562
60757.0142 lsst_hardware_u 2.2456820763488183 2.9448039193782605 28.5 AB 7.004625569903647 1.1484247846601237
60758.9968 lsst_hardware_y 200.78626975386734 52.78694570266423 30.010000228881836 AB 10.283567809547453 1.150330117776278
60759.0147 lsst_hardware_r 223.69648599246264 27.654528737443293 31.489999771118164 AB 9.463586234256162 1.1498889713555485
60760.9923 lsst_hardware_y 53.22709778240944 56.94359124028935 30.030000686645508 AB 7.014619709849857 1.1499376573524356
60761.0098 lsst_hardware_z 492.2542825682437 47.60709970750738 30.950000762939453 AB 6.3024121786753735 1.1501101941072545
60762.991 lsst_hardware_y 232.45869669042398 57.48680596710827 30.020000457763672 AB 8.627669734699655 1.1487222263491463
60763.0095 lsst_hardware_u -3.519956074837963 2.891367691542601 28.469999313354492 AB 7.49331392976147 1.1528175276556107
60765.9874 lsst_hardware_y 127.4517427427496 58.02583338211688 30.020000457763672 AB 5.610358047727955 1.1482909188594899
60766.0059 lsst_hardware_r 134.97681003838866 26.44883561036948 31.489999771118164 AB 4.45236387633989 1.1562579318749713
60994.3449 lsst_hardware_i 47.94640056005163 33.119998931884766 31.25 AB 6.403467612615468 1.1549051078588055
60996.3419 lsst_hardware_z -25.54131751872236 43.529998779296875 30.940000534057617 AB 3.684254176820792 1.153131197752949
60998.3413 lsst_hardware_u -0.7168066739190209 3.1700000762939453 28.479999542236328 AB 6.683714876430575 1.1504472218309763
61000.342 lsst_hardware_r -2.112758512435932 24.110000610351562 31.489999771118164 AB 4.196963063013575 1.1485941606495176
61003.2223 lsst_hardware_r 29.28710412218965 48.93000030517578 32.90999984741211 AB 11.690465774391846 1.5299320489095847
61005.3423 lsst_hardware_g 2.85925585301662 15.930000305175781 31.43000030517578 AB 5.868835528406472 1.150752064393426
61007.2562 lsst_hardware_i -34.84317899383409 45.56999969482422 31.959999084472656 AB 5.612346359202062 1.26964193251814
61007.2767 lsst_hardware_y 26.430812359230696 48.7400016784668 29.989999771118164 AB 5.339441344048058 1.2066079644566439
61010.3346 lsst_hardware_r 30.494789382279446 23.600000381469727 31.479999542236328 AB 8.364172385475849 1.1543689173495013
61010.3541 lsst_hardware_y 35.189455737173674 73.45999908447266 30.020000457763672 AB 8.560720898974699 1.177972786759201
61014.2994 lsst_hardware_r 9.48008987142995 101.0 31.6299991607666 AB 3.47600128328751 1.1497247905030352
61014.3161 lsst_hardware_z 25.230478634445912 71.08000183105469 30.979999542236328 AB 3.4582634899783424 1.1500391264996566
61016.3011 lsst_hardware_r -193.16286347914712 96.04000091552734 31.6299991607666 AB 4.818127224238368 1.1483123473855097
61016.3194 lsst_hardware_y -3.1759805632148064 57.810001373291016 30.020000457763672 AB 4.838301706524679 1.1552773893325403
61019.2983 lsst_hardware_g 29.688249961393577 48.65999984741211 31.670000076293945 AB 11.502440451746937 1.1487793515015292
61019.3162 lsst_hardware_r -37.225311420032156 51.52000045776367 31.600000381469727 AB 11.666104246250422 1.1598542734819737
61021.2978 lsst_hardware_i 20.667756559103864 35.4900016784668 31.260000228881836 AB 12.140843800242076 1.1503728945478109
61021.3174 lsst_hardware_z 109.61150262609371 44.779998779296875 30.940000534057617 AB 12.285582547127277 1.1678125391353695
61023.293 lsst_hardware_r 29.509385479049932 24.610000610351562 31.489999771118164 AB 8.301114313582115 1.1506684967423186
61023.3135 lsst_hardware_u 1.3566315541761815 3.119999885559082 28.459999084472656 AB 8.451605457579726 1.1699882964671302
61027.2301 lsst_hardware_r 26.740637586695602 23.90999984741211 31.479999542236328 AB 5.6747184881535615 1.1888376720992098
61027.2488 lsst_hardware_z 56.670781813201714 43.380001068115234 30.940000534057617 AB 5.49720316404315 1.1604003301527503
61031.2267 lsst_hardware_g -15.02977347603032 14.470000267028809 31.399999618530273 AB 5.582194061267638 1.1752812256159861
