data/validation/pwv_sim_epoch_fit_4/57622577.ecsv
# %ECSV 0.9
# ---
# datatype:
# - {name: time, datatype: float64}
# - {name: band, datatype: string}
# - {name: flux, datatype: float64}
# - {name: fluxerr, datatype: float64}
# - {name: zp, datatype: float64}
# - {name: zpsys, datatype: string}
# - {name: pwv, datatype: float64}
# - {name: airmass, datatype: float64}
# meta: {SNID: '57622577', alt: 1024.0, c: 0.01067012082785368, dec: -27.447618, lat: -30.244573, lon: -70.7499537, ra: 191.25, t0: 62197.8984375,
#   x0: 5.392314927365635e-06, x1: -2.5407559871673584, z: 0.594959557056427}
# schema: astropy-2.0
time band flux fluxerr zp zpsys pwv airmass
[from data line 132]
62548.233 lsst_hardware_i 75.27719372625998 56.81999969482422 31.299999237060547 AB 4.380176982430785 1.1354227159434005
62550.2166 lsst_hardware_z 9.361141300210921 70.77999877929688 30.969999313354492 AB 6.218021061051229 1.1750220895816657
62550.2354 lsst_hardware_r 28.824953608353287 101.52999877929688 31.639999389648438 AB 5.8687314047201316 1.1109060298552162
62552.2223 lsst_hardware_z 93.19769825678867 109.05999755859375 31.739999771118164 AB 3.7444805924416507 1.134691088618682
62557.2099 lsst_hardware_g 4.125810750425059 26.15999984741211 31.59000015258789 AB 9.668934913931395 1.1305940946862532
62557.2305 lsst_hardware_r -4.064830987812828 32.93000030517578 31.56999969482422 AB 9.16675253882928 1.0739666142636208
62559.2151 lsst_hardware_i 42.57063764698493 31.030000686645508 31.239999771118164 AB 6.337039426988213 1.098845054098875
62559.2368 lsst_hardware_z -25.085518211503793 41.150001525878906 30.950000762939453 AB 6.0758209867253505 1.049832997461507
62561.2121 lsst_hardware_r 22.44421894663426 23.329999923706055 31.489999771118164 AB 3.8512006319128593 1.0922809639081614
62561.2323 lsst_hardware_u -1.961094509644379 2.700000047683716 28.43000030517578 AB 3.712019598008413 1.0480996512023755
62563.2104 lsst_hardware_g -29.790336862010747 20.270000457763672 32.18000030517578 AB 5.648994104202229 1.082770489257048
62563.2304 lsst_hardware_i -69.82566387141063 43.36000061035156 32.0 AB 5.435805709692053 1.041974194375653
62571.2093 lsst_hardware_r -3.016774071266852 23.030000686645508 31.489999771118164 AB 8.924920360743396 1.040756467896821
62571.2296 lsst_hardware_i -11.990934732983813 30.479999542236328 31.25 AB 8.693868867957761 1.0148978687240928
62575.0932 lsst_hardware_r -70.98824685715945 50.060001373291016 31.520000457763672 AB 13.537159993174686 1.5147885109856045
62575.1133 lsst_hardware_i 25.962242881113454 45.56999969482422 31.25 AB 11.98879932919207 1.3568385546572181
62578.164 lsst_hardware_z 23.331880416456038 67.30999755859375 30.979999542236328 AB 6.745821974538444 1.0967478721356516
62578.1817 lsst_hardware_i -83.33061987950904 75.36000061035156 31.329999923706055 AB 7.231924373267681 1.0559095303354769
62580.1658 lsst_hardware_z 59.133096357643886 96.48999786376953 30.989999771118164 AB 5.005128876253665 1.0784010506337012
62580.1822 lsst_hardware_r -44.96302022591886 143.1199951171875 31.65999984741211 AB 5.523627319385179 1.0449870381936333
62582.1705 lsst_hardware_y -166.84761847844993 83.38999938964844 30.809999465942383 AB 4.999226822247361 1.0564536738041441
62587.1798 lsst_hardware_r -44.947999050567546 23.209999084472656 31.5 AB 6.856446123530132 1.021216282920798
62587.1966 lsst_hardware_g 6.725209303791491 14.529999732971191 31.440000534057617 AB 6.8184134671255086 1.0067546215856304
62589.0682 lsst_hardware_i 15.014825747808343 33.97999954223633 31.190000534057617 AB 9.492648650749407 1.4053467208965762
62589.0857 lsst_hardware_z 52.177800646291956 45.119998931884766 30.920000076293945 AB 8.891543677849192 1.2912494449388894
62591.0612 lsst_hardware_i -73.4284060386816 34.029998779296875 31.190000534057617 AB 6.774251719532027 1.4169357451392575
62591.077 lsst_hardware_u 3.1593605570244296 2.5 28.149999618530273 AB 6.257649691543291 1.3101367209595836
62594.0649 lsst_hardware_g 1.4370690070629053 14.670000076293945 31.329999923706055 AB 8.134280750543981 1.3341994916215476
62594.0829 lsst_hardware_r 19.87629767805762 24.270000457763672 31.459999084472656 AB 7.585366983969402 1.2342961490471729
62596.06 lsst_hardware_i -25.42286213466384 33.380001068115234 31.209999084472656 AB 10.38002940164125 1.3306592686489893
62596.0773 lsst_hardware_r -32.46147629380906 24.299999237060547 31.469999313354492 AB 9.658081517590297 1.2349698251505998
62598.0573 lsst_hardware_u -5.565957901183181 2.630000114440918 28.260000228881836 AB 14.209449548981379 1.3136625160845776
62598.0756 lsst_hardware_g 0.8860338999542503 14.829999923706055 31.389999389648438 AB 13.147710696508746 1.2172679100554342
62600.0615 lsst_hardware_r -0.2148146198735486 25.739999771118164 31.479999542236328 AB 9.653685020201857 1.2594774863817684
62600.0783 lsst_hardware_i -26.49209210808387 32.779998779296875 31.229999542236328 AB 9.091673647770723 1.1821441518392963
62604.0679 lsst_hardware_z 109.80686562426578 69.36000061035156 31.709999084472656 AB 9.00687844122853 1.180043467712708
62606.0701 lsst_hardware_z 123.80842725740445 61.310001373291016 30.969999313354492 AB 12.546488352240775 1.1510539772697959
62606.0875 lsst_hardware_r 39.23534754060487 77.68000030517578 31.639999389648438 AB 11.407577997608291 1.096882499770028
62608.0558 lsst_hardware_r -106.50254521892836 144.4199981689453 31.6200008392334 AB 17.302901550740685 1.184812399692367
62608.0742 lsst_hardware_y 54.69888873224905 70.0 30.040000915527344 AB 16.37237861513138 1.1194150953311868
62612.0703 lsst_hardware_r 59.501730702223504 58.72999954223633 31.6299991607666 AB 7.807622479374119 1.0990975288875398
62612.089 lsst_hardware_i 38.733826846560696 54.369998931884766 31.31999969482422 AB 7.38956509188206 1.0556521559831515
62616.0773 lsst_hardware_u -1.7036053782581206 2.7300000190734863 28.440000534057617 AB 14.418272734828502 1.0571743765684398
62616.0978 lsst_hardware_r -13.33801220042201 23.299999237060547 31.510000228881836 AB 13.90224391954114 1.024546625526584
62618.0713 lsst_hardware_i 11.721249965346443 31.040000915527344 31.25 AB 4.3387949988308465 1.05824268264167
62618.0894 lsst_hardware_z -7.013855515900469 41.060001373291016 30.950000762939453 AB 4.542029663788834 1.0283064667848842
62620.0704 lsst_hardware_r 0.9578793791525583 23.34000015258789 31.5 AB 8.904274545161583 1.049557929217718
62620.0897 lsst_hardware_u 2.294450690617865 2.740000009536743 28.469999313354492 AB 8.989220770998765 1.0212122432262158
62622.0497 lsst_hardware_u -0.14692183796300912 2.7699999809265137 28.459999084472656 AB 10.90579788826729 1.0818170705552317
62622.069 lsst_hardware_g 3.992630312566346 14.65999984741211 31.450000762939453 AB 10.421221895968023 1.042487060067826
62623.0525 lsst_hardware_r -1.6522292359442556 23.5 31.520000457763672 AB 8.97980570572795 1.0690244887771367
62623.0715 lsst_hardware_i 23.451122114084193 30.8799991607666 31.270000457763672 AB 8.687849412003812 1.034267787143311
62624.9591 lsst_hardware_y -47.59387930830708 84.86000061035156 29.93000030517578 AB 16.480362485270707 1.4929893088074202
62624.977 lsst_hardware_r 11.453470317451908 24.65999984741211 31.459999084472656 AB 14.75593769472146 1.3553722508240527
62626.958 lsst_hardware_y 139.53179758534858 81.55000305175781 29.93000030517578 AB 11.392550537372914 1.4557929723609806
62626.9759 lsst_hardware_z -5.899089437817395 45.779998779296875 30.920000076293945 AB 8.944158439838105 1.3272562174221214
62630.9572 lsst_hardware_y 36.59131270824662 69.97000122070312 29.950000762939453 AB 12.12132474826331 1.3787550188549276
62630.9755 lsst_hardware_z -45.498669198204944 46.029998779296875 30.93000030517578 AB 9.86249691689719 1.2666148997492226
62632.9563 lsst_hardware_y -81.12691648558813 80.08000183105469 29.959999084472656 AB 15.033514049230524 1.3478137035351392
62632.9758 lsst_hardware_r -44.070604899750556 48.58000183105469 31.56999969482422 AB 14.458326237422709 1.2372701232925842
62636.9562 lsst_hardware_y -9.822574205464244 81.25 29.989999771118164 AB 9.770298164854292 1.282471865874517
62636.9751 lsst_hardware_r -32.30044159559848 124.38999938964844 31.6299991607666 AB 8.556691877547303 1.1910762635784107
62638.956 lsst_hardware_z -62.45838815283752 78.91999816894531 30.969999313354492 AB 9.64671207825865 1.254367346500052
62638.9753 lsst_hardware_g -19.57399883102405 93.02999877929688 31.68000030517578 AB 8.707585320042064 1.1684113143296966
62643.955 lsst_hardware_y -10.681925512304073 63.040000915527344 30.010000228881836 AB 3.107196228383948 1.1952287069049676
62643.9739 lsst_hardware_r -16.1826233869872 23.3799991607666 31.489999771118164 AB 2.0666928798154536 1.1256497166750836
62648.9581 lsst_hardware_y -66.13207932573467 54.68000030517578 30.030000686645508 AB 7.505198168660025 1.1325609338906475
62648.9848 lsst_hardware_z 55.85686939906828 41.5 30.950000762939453 AB 6.861080413715218 1.0620045528543018
62651.9577 lsst_hardware_z 22.231030593771344 47.880001068115234 30.959999084472656 AB 10.62485259819782 1.108583872518684
62651.9835 lsst_hardware_r 24.622865419441855 22.860000610351562 31.489999771118164 AB 9.531077740782557 1.0486964560469336
62653.9572 lsst_hardware_y -107.0112534035818 54.040000915527344 30.030000686645508 AB 12.237402274562525 1.0948409526328944
62653.9776 lsst_hardware_z 21.340258882041137 41.29999923706055 30.940000534057617 AB 10.029973011484723 1.0494896946201446
62654.9551 lsst_hardware_y -107.76642666114337 56.66999816894531 30.040000915527344 AB 10.385163893479197 1.0931751466820208
62654.9746 lsst_hardware_u 0.9111892096301184 2.7200000286102295 28.420000076293945 AB 9.632693885608418 1.0499802582187512
