data/validation/pwv_sim_epoch_fit_4/57676265.ecsv
# %ECSV 0.9
# ---
# datatype:
# - {name: time, datatype: float64}
# - {name: band, datatype: string}
# - {name: flux, datatype: float64}
# - {name: fluxerr, datatype: float64}
# - {name: zp, datatype: float64}
# - {name: zpsys, datatype: string}
# - {name: pwv, datatype: float64}
# - {name: airmass, datatype: float64}
# meta: {SNID: '57676265', alt: 1024.0, c: -0.03943384066224098, dec: -17.270004, lat: -30.244573, lon: -70.7499537, ra: 296.542969, t0: 61570.4765625,
#   x0: 2.0947943759829165e-05, x1: 0.33820292353630066, z: 0.3363196849822998}
# schema: astropy-2.0
time band flux fluxerr zp zpsys pwv airmass
61520.4033 lsst_hardware_r -139.13884064300186 79.73999786376953 31.649999618530273 AB 15.235891483685142 1.0380735148571851
61520.4213 lsst_hardware_y -42.769196516095484 64.13999938964844 30.06999969482422 AB 13.542828089764035 1.0275286866285307
61522.4141 lsst_hardware_z 22.910554244423757 93.1500015258789 31.739999771118164 AB 1.4392714739822656 1.0280510528444755
61524.4107 lsst_hardware_i -69.54541614001114 41.790000915527344 31.299999237060547 AB 12.85949500532593 1.0274444715025512
61526.4016 lsst_hardware_r -21.625746983116592 27.15999984741211 31.540000915527344 AB 9.147316203146362 1.028616624226965
61526.4204 lsst_hardware_y -9.458174702 50.939998626708984 30.049999237060547 AB 9.353275818947266 1.0274937733656229
61528.3974 lsst_hardware_g -5.700973772441788 16.350000381469727 31.5 AB 11.43398421194622 1.0281589400026574
61528.416 lsst_hardware_y 4.634160150656107 48.58000183105469 30.049999237060547 AB 11.431475410219996 1.0277947142583985
61530.3957 lsst_hardware_z 11.099294280251213 41.709999084472656 30.950000762939453 AB 6.9940086976399645 1.0271209170217297
61530.4138 lsst_hardware_y -7.991796498463105 47.9900016784668 30.049999237060547 AB 7.0645287164072865 1.028964710842446
61533.3994 lsst_hardware_r -6.218563318894672 24.8799991607666 31.540000915527344 AB 10.877202134371862 1.0270554703234165
61533.4185 lsst_hardware_z -19.400307894629087 43.060001373291016 30.959999084472656 AB 11.035522249992692 1.0372543823914178
61535.3731 lsst_hardware_i -12.121650024271009 31.760000228881836 31.260000228881836 AB 7.1780372814702265 1.0304019065451608
61535.3913 lsst_hardware_z 30.109098285500604 41.7400016784668 30.959999084472656 AB 8.02770900386 1.0266487770304238
61539.2732 lsst_hardware_g 5.332694096862374 15.630000114440918 31.40999984741211 AB 8.538479981525327 1.2450393673848537
61541.3742 lsst_hardware_z -64.41065661970939 41.58000183105469 30.959999084472656 AB 4.2620186337996 1.0265801606903895
61541.4013 lsst_hardware_r 6.82279245850115 24.489999771118164 31.520000457763672 AB 4.7057142597120105 1.041701798932706
61543.3454 lsst_hardware_y 31.681529641714306 50.130001068115234 30.049999237060547 AB 7.255227623834095 1.0340728731977236
61543.368 lsst_hardware_g 0.5326871581018794 50.75 31.719999313354492 AB 7.192967128167058 1.0265279840400154
61547.306 lsst_hardware_z -106.34661955313703 75.53487841229283 30.989999771118164 AB 4.5331321263136335 1.070018205196184
61547.3258 lsst_hardware_r 102.80170684534205 109.32210799612737 31.65999984741211 AB 4.386655733662587 1.0417753924271418
61551.321 lsst_hardware_i 759.7470472725189 68.75192720129246 31.329999923706055 AB 5.881718092331724 1.0360609639477922
61551.3413 lsst_hardware_z 412.6372581193041 65.67102564105622 30.989999771118164 AB 5.881700868684078 1.0266540179235326
61553.3333 lsst_hardware_r 1666.1232454098686 57.56129539962277 31.6200008392334 AB 8.03619099352352 1.0270439525244395
61553.3561 lsst_hardware_z 791.8695962258017 54.193456456996735 30.969999313354492 AB 9.296310649321473 1.031538469571942
61557.2671 lsst_hardware_z 1566.1076612775962 57.45913647033829 30.940000534057617 AB 6.723896292117556 1.094072536650032
61557.2886 lsst_hardware_r 3033.565895739316 60.13263986472501 31.510000228881836 AB 6.3480142362660565 1.0539767670038032
61560.3075 lsst_hardware_r 8847.35604644501 99.95447881998201 32.27000045776367 AB 12.35381537291769 1.029141567220734
61560.3319 lsst_hardware_u 80.60555864345224 10.103816988037828 29.170000076293945 AB 12.366162533487081 1.0289700893232852
61562.29 lsst_hardware_g 3917.8331261109165 64.722106956327 31.459999084472656 AB 6.015954284676314 1.0368759539255972
61571.2586 lsst_hardware_i 5275.730937629445 86.00617114492496 31.309999465942383 AB 12.31064267670719 1.0435843408389938
61571.28 lsst_hardware_z 3147.7918122209508 73.65973091675782 30.969999313354492 AB 12.131676141437467 1.0281662360673598
61573.257 lsst_hardware_r 7496.517311409819 125.82617644032835 31.65999984741211 AB 4.5509447519260835 1.0395822931377636
61573.2806 lsst_hardware_z 3239.3349181500016 86.00355410510099 31.0 AB 4.493584386958736 1.0267334230184162
61575.2434 lsst_hardware_z 6136.8495518308755 150.15381473369524 31.75 AB 3.6114534004098062 1.048672525889667
61579.2304 lsst_hardware_r 6094.8408415721415 117.8207969347261 31.649999618530273 AB 3.2759757023647875 1.0513963206305816
61579.252 lsst_hardware_y 744.039463229984 61.32949686647525 30.059999465942383 AB 3.89314703810556 1.030933102155237
61581.2153 lsst_hardware_z 5063.210061860822 99.19088825250208 31.719999313354492 AB 4.664188647326854 1.0662424279031917
61581.2405 lsst_hardware_r 10897.561278309237 126.49943562396523 32.380001068115234 AB 4.5474595623839695 1.0349444259792446
61584.1024 lsst_hardware_r 7494.698469743745 94.38593750402413 32.150001525878906 AB 11.545086594729332 1.6027607808600393
61584.1313 lsst_hardware_u 10.352867434153511 4.1765259247502 28.280000686645508 AB 8.460288113132929 1.3545129864125727
61586.2245 lsst_hardware_g 1643.4777730765725 43.7429844412408 31.479999542236328 AB 3.4451307193440317 1.0368571587110689
61586.248 lsst_hardware_i 3504.487922987879 66.99753917010219 31.260000228881836 AB 3.39334723199607 1.0264984442247649
61588.2602 lsst_hardware_r 3247.352093417835 62.24946729377501 31.520000457763672 AB 8.51414406060695 1.0313403192578954
61588.2719 lsst_hardware_z 1819.0892478474975 59.125958374956696 30.950000762939453 AB 8.609229767623189 1.0405998913323757
61590.231 lsst_hardware_r 2848.218642723728 58.88829616759102 31.520000457763672 AB 7.47450968793743 1.0273298696024324
61590.2528 lsst_hardware_u 10.439849625108613 4.469547003246109 28.469999313354492 AB 7.187988363405494 1.0302774735235596
61595.2112 lsst_hardware_g 731.9161801620512 31.97693399610334 31.489999771118164 AB 2.2059050126349318 1.0294738129203553
61595.2312 lsst_hardware_r 2219.544851857611 51.847485489465555 31.520000457763672 AB 2.1971291931854537 1.027295940706232
61597.1219 lsst_hardware_i 2326.7764622464756 61.30019188640475 31.25 AB 8.77389847715472 1.21231095391778
61597.1357 lsst_hardware_z 1683.7497628467754 60.47005281783617 30.950000762939453 AB 8.653846755316856 1.1581700689663887
61599.2136 lsst_hardware_r 1771.5234471866843 63.43062874588456 31.6299991607666 AB 7.065641627883377 1.0264854665205874
61599.2367 lsst_hardware_z 1734.237927652712 62.42137460765558 30.969999313354492 AB 6.9336477861559285 1.035903553708555
61606.1828 lsst_hardware_z 3418.3167281353376 142.68083009498503 31.75 AB 3.4940684502685433 1.0287766562768037
61609.1533 lsst_hardware_r 994.3673947142194 66.84461969762184 31.639999389648438 AB 6.063033011339334 1.045350519196437
61609.1749 lsst_hardware_z 1591.8296841846834 64.00781558525682 30.979999542236328 AB 5.49605574917594 1.02866207580303
61610.197 lsst_hardware_r 1028.3129531525217 57.1230327425811 31.6299991607666 AB 5.687320016099125 1.0296898037596485
61610.2229 lsst_hardware_y 476.40292473059236 53.14584342545898 30.049999237060547 AB 6.567854649753373 1.0540047046785128
61616.1761 lsst_hardware_g 215.54419533266818 21.697390449512554 31.5 AB 5.030353667316391 1.0279139039215472
61616.1953 lsst_hardware_r 593.1057350678393 36.03652673568822 31.530000686645508 AB 5.0173113753067415 1.040450282607998
61618.1442 lsst_hardware_r 598.6536298725572 35.16937831515636 31.520000457763672 AB 4.310962199981698 1.0317008974468584
61618.1655 lsst_hardware_i 1149.3702190043434 46.48919749651163 31.260000228881836 AB 4.150744897807466 1.0267555559293686
61621.15 lsst_hardware_z 881.9371180046537 50.64934753002948 30.959999084472656 AB 1.3346844223146688 1.0266803248574374
61621.1699 lsst_hardware_r 566.7608490270313 34.369056634343266 31.520000457763672 AB 1.2603308056565858 1.0312266240202912
61625.1293 lsst_hardware_r 561.6181852513926 35.73141673744558 31.540000915527344 AB 3.9541956659229016 1.0294703634269466
61625.1495 lsst_hardware_z 791.2538991135102 49.61550979608062 30.950000762939453 AB 3.913510699428653 1.0273479259963212
61628.1276 lsst_hardware_r 575.5175601487844 57.015578907434254 31.639999389648438 AB 8.44295382933273 1.0272483062821183
61628.1461 lsst_hardware_y 182.8642972798326 51.25704964078336 30.049999237060547 AB 8.438917854314726 1.0289167378077517
61652.0489 lsst_hardware_g 3.568902326906618 15.489999771118164 31.459999084472656 AB 1.5403001935672969 1.0332961942535532
61652.0678 lsst_hardware_r -39.944805258526394 24.18000030517578 31.520000457763672 AB 1.5332491904777072 1.0265002391058071
61654.0528 lsst_hardware_i -26.168105237338786 32.810001373291016 31.270000457763672 AB 0.5883154947878712 1.028373770932914
61654.0711 lsst_hardware_r -4.408337656672521 27.219999313354492 31.549999237060547 AB 0.7102939533582232 1.0275500229413719
61656.0488 lsst_hardware_z 19.132886453307982 46.18000030517578 30.959999084472656 AB 2.344942270948442 1.0278823513800888
61656.0677 lsst_hardware_g 13.846756625798458 37.5099983215332 31.690000534057617 AB 2.3471707212105706 1.0281831296826622
61672.9996 lsst_hardware_y 36.8744828240893 47.25 30.049999237060547 AB 4.603385642440975 1.0288811270122769
61673.0205 lsst_hardware_g -2.735669375463184 15.8100004196167 31.479999542236328 AB 4.509681147893118 1.0279256500915057
61676.9849 lsst_hardware_y 138.51604317466467 73.94999694824219 30.06999969482422 AB 3.8950776564001846 1.030671044692385
61677.0035 lsst_hardware_i 51.309384832993004 31.829999923706055 31.260000228881836 AB 3.5020607771485475 1.0266460479255037
61678.9859 lsst_hardware_y -160.015716079757 67.98999786376953 30.06999969482422 AB 3.244603844503263 1.0279118785057066
61679.0049 lsst_hardware_i 53.939141185891906 31.93000030517578 31.25 AB 6.261551254674981 1.0281834050288015
61680.9867 lsst_hardware_y 70.07823834361567 71.41000366210938 30.06999969482422 AB 2.5400366224996134 1.0266230875714166
61681.0055 lsst_hardware_g -6.035430933440637 16.600000381469727 31.5 AB 2.009833954011358 1.0309043576890915
61887.3291 lsst_hardware_i -1.046548609176509 47.09000015258789 31.989999771118164 AB 2.4194557777329977 1.204808255157937
61887.3592 lsst_hardware_y -14.994345102958658 67.98999786376953 30.780000686645508 AB 2.4299348944888046 1.1041812607492298
61890.4199 lsst_hardware_r 57.36980485403378 38.09000015258789 32.29999923706055 AB 12.377941501217954 1.0267322283754214
61893.3481 lsst_hardware_z -34.758290966609565 42.86000061035156 30.950000762939453 AB 12.427936443594325 1.0914863492013898
61893.3662 lsst_hardware_y 85.00991567203754 47.65999984741211 30.049999237060547 AB 12.080185446179614 1.0573235111861548
61894.3001 lsst_hardware_u -1.055213882813948 4.789999961853027 29.530000686645508 AB 11.347241095649412 1.2505224923572698
61894.3335 lsst_hardware_y 76.48811786764261 48.40999984741211 30.030000686645508 AB 9.264267097158667 1.1219215376516705
61896.4061 lsst_hardware_r -41.918380089178896 24.8700008392334 31.530000686645508 AB 2.765942711623654 1.0271813988018397
61896.4265 lsst_hardware_z -67.3924445516662 52.90999984741211 30.979999542236328 AB 2.4407197669381095 1.0389357313772947
61909.3499 lsst_hardware_z -108.70670419298884 42.34000015258789 30.950000762939453 AB 8.437682679101586 1.0300743890821502
61909.3712 lsst_hardware_r -4.543091799655549 27.610000610351562 31.549999237060547 AB 8.483595129252814 1.0273183736077518
61927.3087 lsst_hardware_z 9.816978858603488 56.189998626708984 30.979999542236328 AB 6.226703023943303 1.0272121126643796
61927.3334 lsst_hardware_r 60.05713738301778 72.19000244140625 31.649999618530273 AB 5.545889379222712 1.032273500088047
61943.2564 lsst_hardware_i -9.44755342031357 31.3700008392334 31.260000228881836 AB 2.595637271711441 1.0304236886508935
61943.278 lsst_hardware_u 6.318307773924171 2.8399999141693115 28.5 AB 2.6520651773259836 1.027235471027723
61946.1391 lsst_hardware_g 16.66422307520476 15.319999694824219 31.350000381469727 AB 5.340692031217727 1.3619003012157915
61946.155 lsst_hardware_r 35.881891657775185 25.020000457763672 31.469999313354492 AB 4.941019171230778 1.2666032225662083
61952.204 lsst_hardware_z -18.611302684651346 43.77000045776367 30.950000762939453 AB 7.969807734683994 1.0590520216622328
61952.2244 lsst_hardware_g 18.26013083256628 20.950000762939453 31.559999465942383 AB 7.897162190249793 1.0352860763305969
61959.2228 lsst_hardware_i 92.97502743178315 137.25 31.350000381469727 AB 1.6154402574705304 1.0269260523200576
61959.2426 lsst_hardware_z 323.4590455332989 113.83000183105469 31.010000228881836 AB 1.6295943284323675 1.0303019990089066
61961.2193 lsst_hardware_i -269.5323292689708 95.12000274658203 31.350000381469727 AB 9.920572418523584 1.0266555333254253
61961.2385 lsst_hardware_z 71.39104470076 82.0 31.0 AB 9.946737487988319 1.0310349134118222
61966.2082 lsst_hardware_i -26.080229718538906 34.959999084472656 31.270000457763672 AB 6.569615334392363 1.0265023959988067
61966.2273 lsst_hardware_r -28.967530176347317 32.54999923706055 31.56999969482422 AB 5.88278547893861 1.0325204877470135
61967.2279 lsst_hardware_u 4.879778421582235 3.119999885559082 28.540000915527344 AB 2.9959792814566057 1.0348805808140262
61967.2459 lsst_hardware_g -16.86860548824112 19.8700008392334 31.549999237060547 AB 3.087554708082789 1.0546728294046575
61975.2014 lsst_hardware_g -1.3738511818521704 15.8100004196167 31.469999313354492 AB 5.7018102728478635 1.0316906404429187
61975.2208 lsst_hardware_r -28.529347789955658 24.729999542236328 31.510000228881836 AB 6.595520566243357 1.0501863860055236
61977.1872 lsst_hardware_i 6.670293502526515 31.510000228881836 31.25 AB 11.179886799318574 1.0277677968331158
61977.204 lsst_hardware_z -23.537241316300896 41.65999984741211 30.940000534057617 AB 11.180830250469349 1.0377041881405482
61980.183 lsst_hardware_i 1.7674594263516799 32.75 31.260000228881836 AB 4.309548744128079 1.0292278973358464
61980.2019 lsst_hardware_z -0.10889277692500413 41.779998779296875 30.950000762939453 AB 4.3721826065036336 1.0438124955841874
61982.1762 lsst_hardware_z -26.049048198320552 46.56999969482422 30.959999084472656 AB 3.7441245501434617 1.0286762964883471
61982.1947 lsst_hardware_r 12.14075177537827 43.2599983215332 31.610000610351562 AB 3.846280431139449 1.0419288720410265
61984.1591 lsst_hardware_r 5.981694491177879 77.33999633789062 31.65999984741211 AB 1.8617337940974745 1.0265027352127225
61984.1789 lsst_hardware_i 46.523739984023344 64.5199966430664 31.329999923706055 AB 1.8769901420825377 1.0330160385704665
61991.1094 lsst_hardware_i 7.506299627871334 62.25 31.329999923706055 AB 4.046650177973723 1.0433096024339266
61991.1279 lsst_hardware_z -48.95749114469949 58.25 30.989999771118164 AB 4.474466521951195 1.0292044903855537
61993.1086 lsst_hardware_i 27.010708633980467 55.70000076293945 32.04999923706055 AB 7.787618003948643 1.0385914051876963
61993.1264 lsst_hardware_z 1.4833721974608045 65.62999725341797 31.719999313354492 AB 8.455047270173777 1.0277610133922743
61996.1186 lsst_hardware_g -18.9994003962077 15.520000457763672 31.489999771118164 AB 3.789880709158259 1.0276481416766265
61996.1387 lsst_hardware_r -6.572660879065708 24.3700008392334 31.530000686645508 AB 3.0451443672652854 1.028967769751455
62000.1014 lsst_hardware_r -8.282163142095895 24.219999313354492 31.530000686645508 AB 2.705741500935281 1.0301046323357668
62000.1208 lsst_hardware_i 10.513774959473395 31.399999618530273 31.270000457763672 AB 2.675057020126358 1.0269261409999135
62004.0884 lsst_hardware_z -30.349418842685115 41.43000030517578 30.950000762939453 AB 2.8206485363351415 1.0312214738453385
62004.1074 lsst_hardware_u 1.7695833510526229 2.8299999237060547 28.5 AB 2.840364453438665 1.026606832362398
62012.0804 lsst_hardware_i 3.950837826783148 58.029998779296875 31.329999923706055 AB 4.259970531120901 1.0266226126330646
62012.0991 lsst_hardware_z 21.79579563263793 56.369998931884766 30.979999542236328 AB 3.2201805180316385 1.0309526230291783
62014.0532 lsst_hardware_z -45.23617460143986 81.81999969482422 31.0 AB 1.3181979174570173 1.0368625465052574
62014.0711 lsst_hardware_i -74.93397987145558 93.62000274658203 31.34000015258789 AB 1.3318044567256948 1.0272305875246392
62019.0547 lsst_hardware_z -40.78777245820514 86.66000366210938 31.729999542236328 AB 0.701595488291232 1.0279787374222713
62022.0269 lsst_hardware_g 8.42191443331961 15.449999809265137 31.469999313354492 AB 2.7125994197238916 1.0410385389755246
62022.045 lsst_hardware_r 4.408923235053413 24.239999771118164 31.520000457763672 AB 2.6713601916280347 1.028501100472806
62028.0131 lsst_hardware_i 43.73232746917822 31.5 31.260000228881836 AB 1.3243840764261479 1.0385289758291691
62028.0318 lsst_hardware_z 33.43140374007456 41.59000015258789 30.959999084472656 AB 1.3195557441509738 1.0274913328020867
62029.0152 lsst_hardware_r 19.969584074856396 24.350000381469727 31.520000457763672 AB 2.605357129642715 1.0344876432966905
62029.0337 lsst_hardware_g 1.1056780196217983 15.510000228881836 31.479999542236328 AB 2.6071763386432174 1.026649473771778
62034.0194 lsst_hardware_z 24.689886260859954 41.52000045776367 30.950000762939453 AB 4.004216745663385 1.026722242477791
62034.039 lsst_hardware_i -57.455467721078435 31.530000686645508 31.260000228881836 AB 4.02065167061736 1.0309363257993231
62035.9969 lsst_hardware_y -66.00444890692437 47.599998474121094 30.049999237060547 AB 1.148306117166942 1.0338890610748703
62036.018 lsst_hardware_u -1.8334710510820122 2.930000066757202 28.5 AB 1.539754665052683 1.026503110035122
62037.9975 lsst_hardware_y 11.497249369101677 48.43000030517578 30.049999237060547 AB 4.634411736010324 1.0301745115612753
62038.0162 lsst_hardware_r 6.204099646057879 29.649999618530273 31.559999465942383 AB 4.478018204493869 1.0267936418757677
62041.9842 lsst_hardware_y -18.65720364435334 82.91999816894531 30.079999923706055 AB 3.868381294871866 1.0314766584851336
62042.0039 lsst_hardware_z -83.66388603941168 68.38999938964844 30.989999771118164 AB 3.518945086737986 1.0266298998554546
62044.9868 lsst_hardware_y -0.02260850900459377 73.04000091552734 30.079999923706055 AB 7.2669415851096835 1.0271537494560083
62045.006 lsst_hardware_i -93.99388519123143 69.69999694824219 31.34000015258789 AB 5.1346837057746395 1.0294417159971665
62046.9872 lsst_hardware_y -18.62740565723466 74.04000091552734 30.079999923706055 AB 2.25505043601765 1.026500464009248
62047.006 lsst_hardware_i -13.830610679550302 66.7699966430664 31.329999923706055 AB 2.5029682237823287 1.0324356759724498
