data/validation/pwv_sim_epoch_fit_4/5770535.ecsv
# %ECSV 0.9
# ---
# datatype:
# - {name: time, datatype: float64}
# - {name: band, datatype: string}
# - {name: flux, datatype: float64}
# - {name: fluxerr, datatype: float64}
# - {name: zp, datatype: float64}
# - {name: zpsys, datatype: string}
# - {name: pwv, datatype: float64}
# - {name: airmass, datatype: float64}
# meta: {SNID: '5770535', alt: 1024.0, c: -0.09624229371547699, dec: -63.823658, lat: -30.244573, lon: -70.7499537, ra: 123.908447, t0: 61504.2265625,
#   x0: 4.874995596781268e-06, x1: 0.5106872320175171, z: 0.6192675232887268}
# schema: astropy-2.0
time band flux fluxerr zp zpsys pwv airmass
[from data line 131]
61792.1991 lsst_hardware_r 8.413916391448753 22.049999237060547 31.450000762939453 AB 11.74995320897558 1.2018568208434082
61796.1852 lsst_hardware_r 0.9616942060123599 22.030000686645508 31.450000762939453 AB 16.81104530001173 1.2023204772754628
61796.1978 lsst_hardware_u 2.3417442197003764 2.450000047683716 28.229999542236328 AB 16.759178562236954 1.2017050249581356
61798.2333 lsst_hardware_i -3.9355769233706908 30.989999771118164 31.209999084472656 AB 12.262559765907996 1.2238490734130874
61798.2452 lsst_hardware_r -5.323339295441349 22.079999923706055 31.440000534057617 AB 12.413796841080833 1.23746105742624
61800.1783 lsst_hardware_i 30.679020015138633 30.860000610351562 31.219999313354492 AB 14.694441919617272 1.2017535816493374
61800.191 lsst_hardware_z 30.44091393308494 42.7599983215332 30.920000076293945 AB 14.748119435463176 1.202259675182455
61802.1785 lsst_hardware_r -0.8912731807991997 21.920000076293945 31.450000762939453 AB 13.458539813931571 1.2015480594528676
61802.1907 lsst_hardware_g 1.0274436496772643 12.729999542236328 31.329999923706055 AB 13.548700368595178 1.2034731185463827
61804.1787 lsst_hardware_r -4.247774992325314 22.09000015258789 31.450000762939453 AB 11.055267635320412 1.2020406072925827
61804.1903 lsst_hardware_i 56.54174555610182 31.0 31.219999313354492 AB 11.121762046625443 1.2052300046011228
61806.1749 lsst_hardware_z 9.518637240330436 44.900001525878906 30.940000534057617 AB 8.251522134876954 1.2023199963393492
61806.1875 lsst_hardware_i 18.734648715385212 34.880001068115234 31.239999771118164 AB 8.444670479842234 1.206381497120319
61809.1781 lsst_hardware_z 27.614062467929802 73.47000122070312 31.700000762939453 AB 10.857030354245689 1.2058454356646207
61811.1753 lsst_hardware_r 45.12389844052127 83.62000274658203 31.610000610351562 AB 3.926033646559505 1.207081828304229
61811.187 lsst_hardware_i 16.763344222694034 65.41999816894531 31.290000915527344 AB 3.9410585621968175 1.2143771247525115
61813.1739 lsst_hardware_z 155.70294435483834 82.45999908447266 31.709999084472656 AB 7.266904395056335 1.2092696463927886
61815.175 lsst_hardware_z 51.8781916008653 51.209999084472656 30.950000762939453 AB 1.4562978668562998 1.2135815557135832
61815.1865 lsst_hardware_r 18.413747010416884 54.91999816894531 31.59000015258789 AB 1.7693741124722422 1.2234925290808785
61817.1686 lsst_hardware_i 19.005945616002794 54.68000030517578 32.0099983215332 AB 5.088353244187461 1.212908484570528
61817.1803 lsst_hardware_z 21.411123545115508 65.97000122070312 31.690000534057617 AB 5.070611323812781 1.2227670890589806
61819.1674 lsst_hardware_i -14.978853022428568 31.1299991607666 31.229999542236328 AB 7.831333178067699 1.2161399453478987
61819.1797 lsst_hardware_u -2.322437722550265 2.7699999809265137 28.389999389648438 AB 7.954893261761952 1.227796459602077
61821.1464 lsst_hardware_u -0.7719604754830939 2.640000104904175 28.389999389648438 AB 4.670939755258678 1.2063377467093694
61821.1589 lsst_hardware_g -0.8593626024445788 12.850000381469727 31.34000015258789 AB 4.699827953928272 1.2137985418203183
61825.1435 lsst_hardware_z -43.2122181056207 43.22999954223633 30.93000030517578 AB 11.256555341750136 1.2107294573802672
61825.1547 lsst_hardware_u -2.3501952723726354 2.4800000190734863 28.239999771118164 AB 11.251443434527413 1.2192721537199191
61827.1481 lsst_hardware_g 18.001958398983795 12.720000267028809 31.31999969482422 AB 6.630463868327775 1.2182754007033119
61827.1603 lsst_hardware_r -30.724445781462023 22.09000015258789 31.440000534057617 AB 6.7206226920938485 1.2305452150679939
61829.143 lsst_hardware_i 6.258832702170834 31.299999237060547 31.219999313354492 AB 7.346074913856154 1.2185913597770783
61829.1554 lsst_hardware_z 64.32886821898508 43.459999084472656 30.920000076293945 AB 7.470077394605919 1.2311961423919218
61831.139 lsst_hardware_i 17.98797402084053 30.959999084472656 31.209999084472656 AB 4.128830528544598 1.2198932990898728
61831.1517 lsst_hardware_u -2.2617770107867137 2.4100000858306885 28.18000030517578 AB 4.225021849716486 1.2332829529700278
61833.1438 lsst_hardware_g 1.9448609158514352 12.699999809265137 31.309999465942383 AB 6.519992155065882 1.2304193536640653
61833.1546 lsst_hardware_r 26.735427593616805 22.149999618530273 31.43000030517578 AB 6.65120616477752 1.244204492312121
61835.0772 lsst_hardware_g -2.9068178332263988 30.84000015258789 31.59000015258789 AB 6.265944527393175 1.2026764927817994
61835.0899 lsst_hardware_r -7.379480734558028 33.380001068115234 31.530000686645508 AB 8.635083453151735 1.2016536951227017
61837.0738 lsst_hardware_i 14.607979993279766 44.0099983215332 31.270000457763672 AB 11.173129112183489 1.2022735773511313
61837.087 lsst_hardware_z 13.726580207653212 48.709999084472656 30.940000534057617 AB 12.406557945093988 1.2018752853036054
61839.0734 lsst_hardware_r -23.157293359719255 68.66999816894531 31.610000610351562 AB 12.177163597952399 1.2016740117385305
61839.0869 lsst_hardware_z 16.53472582556856 55.27000045776367 30.959999084472656 AB 13.460126719330095 1.2027993613127097
61841.0722 lsst_hardware_r -98.74882375581936 87.2300033569336 31.6200008392334 AB 9.270760307179266 1.2016020444801605
61841.0846 lsst_hardware_i 109.11462681736096 68.6500015258789 31.299999237060547 AB 9.5637155104312 1.2036391547297574
61844.0662 lsst_hardware_z -37.42703010214722 50.869998931884766 30.940000534057617 AB 11.51669462354598 1.2017211481761536
61844.0801 lsst_hardware_i 27.23131305483962 49.369998931884766 31.270000457763672 AB 11.554974722569602 1.2048983026662972
61852.056 lsst_hardware_g -23.32763252639523 12.829999923706055 31.329999923706055 AB 7.195320501859485 1.2041033918435018
61852.0696 lsst_hardware_r -6.473905442730976 22.209999084472656 31.450000762939453 AB 7.233432088255332 1.210650018955396
61854.0591 lsst_hardware_i -21.50070690696363 30.8799991607666 31.219999313354492 AB 12.52756727055265 1.2077479854636648
61854.0714 lsst_hardware_z -126.7770993583749 42.900001525878906 30.93000030517578 AB 12.508537837300988 1.2158376591466624
61856.0533 lsst_hardware_i 63.03954143531893 31.260000228881836 31.219999313354492 AB 7.525704872173387 1.207574493094613
61856.0661 lsst_hardware_u -2.1646109141620875 2.5299999713897705 28.280000686645508 AB 7.551059593374611 1.2159679426789858
61858.0517 lsst_hardware_g 21.136311129932043 17.889999389648438 32.06999969482422 AB 8.226911627824924 1.209721345136495
61858.0641 lsst_hardware_r -39.26754785668517 31.049999237060547 32.189998626708984 AB 8.201408490034677 1.218875729223405
61862.0323 lsst_hardware_z 129.95669206943845 74.87000274658203 32.119998931884766 AB 9.482864043561486 1.205448819096799
61862.0567 lsst_hardware_g 3.9564770319926317 14.8100004196167 31.3799991607666 AB 10.598835201342204 1.222119942501263
61864.0276 lsst_hardware_g 1.597073436656684 28.260000228881836 31.56999969482422 AB 6.149423665812361 1.205769346237718
61864.0402 lsst_hardware_r -14.673386563486227 31.670000076293945 31.520000457763672 AB 6.185879406048177 1.2129175305976818
61866.0182 lsst_hardware_i 25.516320736148757 43.0 31.260000228881836 AB 9.754486837362489 1.2042576342422826
61866.0301 lsst_hardware_z 76.49354086325812 48.40999984741211 30.940000534057617 AB 9.799990188369359 1.2098753318974518
61872.0113 lsst_hardware_g -2.0867138939725263 67.27999877929688 31.65999984741211 AB 5.977967339054464 1.2084839634207136
61872.0227 lsst_hardware_r 23.04352583377046 70.44000244140625 31.610000610351562 AB 6.013669077190176 1.2162135152318547
61874.0125 lsst_hardware_i -9.252510290315564 31.209999084472656 31.229999542236328 AB 6.0632339867111575 1.2126467973422315
61874.0253 lsst_hardware_r -7.678747805127147 22.309999465942383 31.459999084472656 AB 6.181554395976433 1.2234645019250734
61875.9806 lsst_hardware_z 79.22276204960511 45.130001068115234 30.940000534057617 AB 17.929047017068847 1.2019137130517368
61875.9944 lsst_hardware_u -0.9178130920421285 2.680000066757202 28.399999618530273 AB 17.87894722942936 1.2055932049514066
61878.0132 lsst_hardware_r 11.490908703784992 22.030000686645508 31.440000534057617 AB 13.078768291912654 1.2223147936366967
61878.0258 lsst_hardware_i -24.08905827911231 31.1299991607666 31.219999313354492 AB 13.22886380337411 1.2363424115302908
