data/validation/pwv_sim_epoch_fit_4/57724154.ecsv
# %ECSV 0.9
# ---
# datatype:
# - {name: time, datatype: float64}
# - {name: band, datatype: string}
# - {name: flux, datatype: float64}
# - {name: fluxerr, datatype: float64}
# - {name: zp, datatype: float64}
# - {name: zpsys, datatype: string}
# - {name: pwv, datatype: float64}
# - {name: airmass, datatype: float64}
# meta: {SNID: '57724154', alt: 1024.0, c: -0.05362888053059578, dec: -55.107937, lat: -30.244573, lon: -70.7499537, ra: 260.664886, t0: 61603.671875,
#   x0: 5.477000578687282e-06, x1: -0.8195685744285583, z: 0.5907531976699829}
# schema: astropy-2.0
time band flux fluxerr zp zpsys pwv airmass
61491.3937 lsst_hardware_z 18.97316895980576 56.72999954223633 30.979999542236328 AB 8.666453044801697 1.1052974443364902
61491.4059 lsst_hardware_y 128.6587414938314 56.939998626708984 30.049999237060547 AB 8.647883683228452 1.1025073220867925
61493.3887 lsst_hardware_i 23.684623625152007 45.93000030517578 31.299999237060547 AB 10.100132639593074 1.105127942183209
61493.4002 lsst_hardware_y 72.75805223424987 51.29999923706055 30.040000915527344 AB 10.18074573150237 1.1025282360301214
61498.3926 lsst_hardware_g 13.136492075764927 14.369999885559082 31.40999984741211 AB 6.783613852873419 1.1024291201852794
61498.4043 lsst_hardware_y -46.6422766607599 48.81999969482422 30.030000686645508 AB 6.8293295141658845 1.1047119887036372
61502.3809 lsst_hardware_z -62.565688058087105 41.849998474121094 30.940000534057617 AB 8.967147155205655 1.1023938476449158
61502.3965 lsst_hardware_r 58.700028244378544 32.220001220703125 32.22999954223633 AB 9.007632108560472 1.1058754622093212
61502.4148 lsst_hardware_y -73.23001729684123 60.47999954223633 30.030000686645508 AB 9.094568210971994 1.1174747448512725
61504.3748 lsst_hardware_u -3.473855069478425 2.5999999046325684 28.350000381469727 AB 7.913768610834017 1.1023753085460521
61504.3886 lsst_hardware_r 0.7423809314357966 22.6299991607666 31.469999313354492 AB 7.403139207544596 1.1049461503797904
61512.3189 lsst_hardware_y 80.16213691221074 47.790000915527344 30.030000686645508 AB 15.545467070461461 1.1155699368827743
61512.3304 lsst_hardware_g 19.890786596640023 13.800000190734863 31.420000076293945 AB 15.383282108438214 1.1079730226352473
61514.3785 lsst_hardware_z 7.8227016270082865 74.47000122070312 31.719999313354492 AB 10.811498231810127 1.1145874465783636
61517.3296 lsst_hardware_z 79.99670972401613 71.75 30.979999542236328 AB 7.620719330878229 1.1032928199903331
61517.3412 lsst_hardware_r 28.335188570342932 104.22000122070312 31.639999389648438 AB 6.835264386363923 1.1024619978006327
61519.3243 lsst_hardware_z -26.179088831659527 63.40999984741211 30.979999542236328 AB 9.819013995553027 1.10325999950034
61519.3364 lsst_hardware_r 18.977511231569856 87.2300033569336 31.639999389648438 AB 10.233512318525825 1.102511562004506
61521.3212 lsst_hardware_i -74.1808990462463 56.959999084472656 31.309999465942383 AB 4.1458535816733635 1.1028406149294043
61521.3321 lsst_hardware_z 96.24724164953042 56.0099983215332 30.969999313354492 AB 4.121331799297902 1.1026237172892521
61523.3125 lsst_hardware_r 19.99132640622684 39.83000183105469 31.59000015258789 AB 3.200011398274424 1.1034522063015255
61523.3235 lsst_hardware_z 34.40311752648768 46.279998779296875 30.959999084472656 AB 3.1969503764108884 1.102396681520996
61525.3265 lsst_hardware_g -0.11421787859402993 19.8799991607666 31.530000686645508 AB 12.083025176387617 1.1035482043416323
61525.338 lsst_hardware_r 8.068407347095203 26.450000762939453 31.520000457763672 AB 11.574126128200986 1.1078634213023892
61529.2999 lsst_hardware_z 11.405975094995716 41.779998779296875 30.940000534057617 AB 10.057319964093573 1.1027662354065009
61529.3121 lsst_hardware_r -31.463032575034667 22.59000015258789 31.479999542236328 AB 10.046681231409691 1.1028694577772153
61531.3017 lsst_hardware_u 3.2741682866365642 2.700000047683716 28.440000534057617 AB 3.334211129585861 1.1024007702383405
61531.3136 lsst_hardware_r 33.33274594488195 22.690000534057617 31.489999771118164 AB 3.4171086270497684 1.104519960258511
61534.3019 lsst_hardware_i 53.66368344642209 43.70000076293945 32.0 AB 9.153159600871872 1.103543736792808
61534.3154 lsst_hardware_z 13.045139373655815 59.529998779296875 31.700000762939453 AB 9.186529503935834 1.1089262050822786
61542.2833 lsst_hardware_r -24.417077573117847 60.52000045776367 31.6299991607666 AB 7.073838142770284 1.1044387477490392
61542.2969 lsst_hardware_i 67.70101772931852 51.91999816894531 31.299999237060547 AB 6.911553854982644 1.1109441472861086
61544.2649 lsst_hardware_z 78.22599460155936 70.62000274658203 30.989999771118164 AB 8.318826450862293 1.1023788571624706
61544.2784 lsst_hardware_r 134.11230745822374 102.5199966430664 31.639999389648438 AB 8.270374053233446 1.1046189397162312
61546.2783 lsst_hardware_i -114.93210141267205 100.27999877929688 31.329999923706055 AB 6.549941200005957 1.1067205632226342
61546.2895 lsst_hardware_z 62.476375033481496 84.87000274658203 30.989999771118164 AB 6.6742542085384144 1.1133653595204205
61550.2796 lsst_hardware_y -28.314625159507212 51.900001525878906 30.020000457763672 AB 5.9934402468455 1.1141258940134129
61550.2924 lsst_hardware_r -60.938315311397695 65.08000183105469 31.6200008392334 AB 8.218874934702102 1.1258732787263155
61552.2757 lsst_hardware_i -16.351553850308118 40.27000045776367 31.280000686645508 AB 3.903680918305545 1.1153374052301557
61552.2879 lsst_hardware_z 29.063102383479084 46.61000061035156 30.950000762939453 AB 3.94423674969001 1.1269247856257172
61558.2011 lsst_hardware_r -2.025384321953464 32.58000183105469 32.22999954223633 AB 11.329854794808362 1.1100898757926305
61558.2179 lsst_hardware_u 5.974154139958617 3.819999933242798 29.170000076293945 AB 11.620271443007027 1.103260153459747
61559.2057 lsst_hardware_g 18.95907142181122 14.119999885559082 31.420000076293945 AB 10.559732251997785 1.1062717123897665
61559.2183 lsst_hardware_i -0.3245080553161373 31.270000457763672 31.25 AB 10.348456033083272 1.102737473777235
61561.2258 lsst_hardware_z -66.18995688671005 42.04999923706055 30.950000762939453 AB 9.009507628956692 1.103058691678454
61561.2378 lsst_hardware_r 27.167397933496343 23.100000381469727 31.489999771118164 AB 8.815359523738127 1.106935743052975
61563.2256 lsst_hardware_u -1.7723291969547894 2.7699999809265137 28.469999313354492 AB 4.362669335996267 1.1043334605736659
61563.2381 lsst_hardware_g -11.582932786468557 14.1899995803833 31.420000076293945 AB 4.385189102922305 1.1100339458099746
61572.2103 lsst_hardware_z -33.57173781023392 65.83147568244124 30.979999542236328 AB 8.192205840037522 1.1082029814723307
61572.2235 lsst_hardware_r -14.014944170242059 89.33388984832698 31.6299991607666 AB 8.324110329821417 1.117330245613613
61574.2247 lsst_hardware_i -11.896350644309932 103.67583539580788 31.31999969482422 AB 6.067398998278305 1.123592407088575
61574.2354 lsst_hardware_z -90.98137651026542 87.77409190031834 30.989999771118164 AB 6.13471088049556 1.1360575704621407
61578.197 lsst_hardware_z 34.926573240763 58.92246133901526 30.969999313354492 AB 2.3308997391778434 1.109952256751354
61578.2092 lsst_hardware_i 45.504327883983045 62.648547897501395 31.309999465942383 AB 2.7423364647393433 1.1191687381605264
61580.1958 lsst_hardware_z 47.263087738922586 70.07777616215168 31.700000762939453 AB 4.21751466287234 1.112751768929864
61580.2085 lsst_hardware_r 82.39004481382052 71.99920431308767 32.36000061035156 AB 4.581660466780947 1.1237823072800948
61585.1359 lsst_hardware_u 21.377917308763912 5.837209060404648 28.399999618530273 AB 5.443239879864419 1.1057876850916906
61585.1489 lsst_hardware_g 113.73920417145372 17.422328340205333 31.399999618530273 AB 5.483465084058372 1.1025734083227288
61587.1294 lsst_hardware_r 613.2434557660104 33.1123496918057 31.489999771118164 AB 9.375218272035479 1.1062204450779327
61587.1415 lsst_hardware_i 453.2374446905038 37.9178528472449 31.239999771118164 AB 9.274982557407238 1.1027970343213958
61589.1279 lsst_hardware_z 444.8463910737291 47.46664941657626 30.940000534057617 AB 6.814243092632106 1.1047138220965316
61589.1406 lsst_hardware_r 806.4501026519447 36.40461799812871 31.479999542236328 AB 6.781878746497069 1.102415878165924
61593.1203 lsst_hardware_r 1360.882192053833 43.18786030977828 31.489999771118164 AB 2.812520199085037 1.1037426381391546
61593.1332 lsst_hardware_z 725.3759446295257 50.228457035012525 30.940000534057617 AB 1.9844321386633061 1.1024622992573923
61598.1104 lsst_hardware_z 2120.7348910168653 80.96163584482454 31.709999084472656 AB 7.934713477760154 1.1029626741395822
61600.1054 lsst_hardware_r 2148.8806297078895 88.11340441621414 31.6299991607666 AB 8.290243579070907 1.1028904342348382
61600.118 lsst_hardware_i 1607.463443925011 75.01942096509475 31.31999969482422 AB 8.279266818867585 1.1028606518999948
61605.1034 lsst_hardware_z 1213.380337790263 80.18672863484174 30.979999542236328 AB 3.1481201631870346 1.1027334333074656
61605.1153 lsst_hardware_r 2217.352749646205 116.72220305125585 31.639999389648438 AB 3.150573510801098 1.1059171043588947
61607.031 lsst_hardware_i 1708.9345196384572 65.70844496794504 31.299999237060547 AB 6.420733157952822 1.1490559533425875
61607.0346 lsst_hardware_z 1193.4706715009909 63.64149561453955 30.959999084472656 AB 6.388813152020637 1.1436334833636297
61611.1042 lsst_hardware_r 1451.3525502318519 44.40388562063663 31.479999542236328 AB 5.928971058077696 1.1084260718036447
61611.1151 lsst_hardware_u -3.2158789310194056 2.6661119999103176 28.3799991607666 AB 5.955903889107067 1.115755692976221
61617.0473 lsst_hardware_g 161.18192379073315 18.08052419678126 31.3799991607666 AB 3.939023904701374 1.1063120080610516
61617.0601 lsst_hardware_r 1061.273164589033 39.106489577351205 31.479999542236328 AB 3.9213468173644817 1.1027409497650398
61619.0912 lsst_hardware_z 968.9943073298765 51.30124913674775 30.940000534057617 AB 1.7793920646224903 1.114151044897985
61619.1034 lsst_hardware_r 880.9814542185413 37.37427953268185 31.479999542236328 AB 1.8149384551995091 1.1252524651194586
61622.0464 lsst_hardware_i 817.0237075044918 42.21923854468087 31.239999771118164 AB 2.4260479507217414 1.1027490685098824
61622.0579 lsst_hardware_u -3.071426116895977 2.6668951038291633 28.309999465942383 AB 2.4263030566350605 1.1028650257432093
61624.0467 lsst_hardware_g 61.3826562324132 18.761280618835183 31.469999313354492 AB 2.6716996833704485 1.1024137335966473
61624.0588 lsst_hardware_r 582.8756339817862 34.675675637377296 31.5 AB 2.5288128443679594 1.1042850848768382
61626.031 lsst_hardware_r 552.6522435146164 42.687744304361225 31.579999923706055 AB 6.15306923674611 1.103557584159642
61626.0426 lsst_hardware_i 657.7542014438401 45.76955231794016 31.280000686645508 AB 4.3914266903117225 1.1024502151410183
61627.0336 lsst_hardware_z 1433.1202065393863 78.22564048881841 31.709999084472656 AB 3.4336533177760216 1.1026503910648753
61629.0365 lsst_hardware_z 590.8984096961894 61.60608313247163 30.979999542236328 AB 2.542026868302817 1.1025924390813846
61629.048 lsst_hardware_r 417.7074579803554 73.00742213535908 31.639999389648438 AB 3.6472845251343573 1.1052377348891993
61631.0266 lsst_hardware_i 572.2014587760154 75.54395012648239 31.329999923706055 AB 3.4332927571731515 1.1024165976152684
61631.0377 lsst_hardware_z 617.4355154512583 69.67120002082284 30.979999542236328 AB 3.4398043202874287 1.1037395540790722
61649.0131 lsst_hardware_z 318.0801101600159 45.85752358927388 30.940000534057617 AB 1.9004071210986935 1.117229348088591
61649.0236 lsst_hardware_i 225.4130136543916 33.880212122064016 31.229999542236328 AB 2.0172362570777196 1.1275775612508214
61651.013 lsst_hardware_u 11.685853253764513 3.9858947197613217 28.31999969482422 AB 1.9820161241833334 1.1221605798631753
61651.0256 lsst_hardware_g 42.01494802182322 14.929672095699917 31.3799991607666 AB 1.9053540048695454 1.1366765129721375
61860.3958 lsst_hardware_g 8.826111065259653 13.720000267028809 31.3700008392334 AB 5.512510922201953 1.1025021844403906
61860.4079 lsst_hardware_y 7.280069561620385 52.189998626708984 30.020000457763672 AB 5.5163586435085765 1.1032717287017153
61862.3942 lsst_hardware_i -32.11730529713556 30.850000381469727 31.229999542236328 AB 11.544558266284294 1.102368896279222
61862.4056 lsst_hardware_z -60.413604844138014 43.310001373291016 30.940000534057617 AB 11.57364726946476 1.104048390107533
61864.4002 lsst_hardware_r -20.608833640218002 22.920000076293945 31.469999313354492 AB 9.118203817925146 1.104065847486
61864.412 lsst_hardware_y 13.411603705870569 55.22999954223633 30.030000686645508 AB 9.079887597163808 1.109106791184504
61872.3859 lsst_hardware_z -29.73263612475013 92.5 31.729999542236328 AB 6.93666336466741 1.106899647292043
61876.357 lsst_hardware_z -2.1522784572675975 72.5199966430664 31.719999313354492 AB 18.84986796348571 1.102395927451032
61878.379 lsst_hardware_r -10.977936743888584 31.65999984741211 31.559999465942383 AB 14.449871999902177 1.1124199775385797
61878.3917 lsst_hardware_g -20.216818888254814 26.780000686645508 31.610000610351562 AB 14.628314000153752 1.123310731438184
61880.325 lsst_hardware_u 0.01452874352883965 3.109999895095825 28.540000915527344 AB 3.874334992740798 1.1069528550687995
61880.3366 lsst_hardware_r 0.23545081969497245 24.170000076293945 31.510000228881836 AB 4.905621627211933 1.1031305660472077
61883.3277 lsst_hardware_i 22.498771917310872 30.75 31.239999771118164 AB 6.198737668586981 1.1032727006473224
61883.3397 lsst_hardware_z 3.50936921063513 41.959999084472656 30.940000534057617 AB 6.176766024069638 1.102501744590743
61885.3599 lsst_hardware_u -1.6227212904405681 2.5999999046325684 28.350000381469727 AB 17.3538884765614 1.1124287484975257
61885.3722 lsst_hardware_g -19.27594508431603 13.569999694824219 31.3799991607666 AB 17.517506294533828 1.122917070162425
61888.3554 lsst_hardware_r -6.069173548182571 22.59000015258789 31.469999313354492 AB 4.053295535245781 1.115176687980314
61888.3688 lsst_hardware_i -57.822204142873304 30.979999542236328 31.229999542236328 AB 4.0293775575114505 1.1280452288665874
61891.3067 lsst_hardware_z -52.13804030782956 42.08000183105469 30.950000762939453 AB 10.752004560225682 1.1031091166744313
61891.3188 lsst_hardware_r -9.200494314247273 22.75 31.5 AB 10.85608459329881 1.1025883194494017
61897.3057 lsst_hardware_i -55.76311893454841 51.38999938964844 31.309999465942383 AB 7.665835398114896 1.1030508031245954
61897.3183 lsst_hardware_z 34.59027502862342 51.41999816894531 30.959999084472656 AB 7.813523496347144 1.1072149304602545
61899.3005 lsst_hardware_r 62.294340448849006 104.37000274658203 31.649999618530273 AB 9.148273393300645 1.1030987120008011
61899.3117 lsst_hardware_z -175.01927289102002 70.9800033569336 30.979999542236328 AB 9.156865228836615 1.1066812644378958
61903.3013 lsst_hardware_y -179.9223232361792 54.209999084472656 30.030000686645508 AB 7.679826333190056 1.1069222157956264
61903.3142 lsst_hardware_r -8.02127213486904 78.29000091552734 31.639999389648438 AB 7.636530348353463 1.1149847201566823
61908.2902 lsst_hardware_r 74.4594515202562 27.969999313354492 31.530000686645508 AB 8.785495083552897 1.1081952740125163
61908.3027 lsst_hardware_i -0.345851047093018 33.349998474121094 31.25 AB 8.88220125530702 1.1167312595074046
61910.2849 lsst_hardware_z -3.969714758607101 42.130001068115234 30.940000534057617 AB 8.399847928704672 1.1082812000489946
61910.2971 lsst_hardware_r -17.998914897254814 23.25 31.479999542236328 AB 7.952812365207415 1.1166151658826824
61918.2594 lsst_hardware_i -95.73500490935078 43.939998626708984 32.0 AB 8.508214471800306 1.1064957263482278
61918.2712 lsst_hardware_z 25.833404882391385 59.560001373291016 31.690000534057617 AB 8.529478057390902 1.113436206173344
61928.2206 lsst_hardware_r -110.77169982432702 122.26000213623047 31.639999389648438 AB 4.358064079408529 1.1029815867233803
61928.2331 lsst_hardware_y -100.49350264975858 62.720001220703125 30.030000686645508 AB 4.3737726732272035 1.106957271665045
61947.1785 lsst_hardware_r 18.283226427306502 23.110000610351562 31.489999771118164 AB 6.7575988563026925 1.1057788512236113
61947.1909 lsst_hardware_i -59.96378591688903 31.149999618530273 31.239999771118164 AB 6.812238256977846 1.112641165680792
61958.1323 lsst_hardware_r -182.7015418962417 124.81999969482422 31.649999618530273 AB 1.9843318060887256 1.1024065589381808
61958.1448 lsst_hardware_i 87.92142087470307 95.41999816894531 31.329999923706055 AB 1.9880442470304471 1.104469026128026
61960.1322 lsst_hardware_z 71.00042965510909 96.2699966430664 31.729999542236328 AB 3.522823264826505 1.1028352076050834
61962.1105 lsst_hardware_r -12.790230460937497 60.349998474121094 31.6200008392334 AB 7.990674896483051 1.1036462686347366
61962.1223 lsst_hardware_g -72.81067983505957 63.790000915527344 31.690000534057617 AB 8.093147274922755 1.1024333927290513
61964.1027 lsst_hardware_r -28.872811050070425 22.93000030517578 31.489999771118164 AB 7.689119495176738 1.1042825642936904
61964.1157 lsst_hardware_i 38.67292664425989 36.84000015258789 31.270000457763672 AB 7.653641881415896 1.1024066470255605
61974.1074 lsst_hardware_u -0.03940205224056619 2.5799999237060547 28.329999923706055 AB 7.121150991630202 1.1069290003699843
61974.1199 lsst_hardware_g 18.532675634960096 13.65999984741211 31.3799991607666 AB 7.17091452935924 1.1146643655009894
61976.0479 lsst_hardware_u -1.1859270818958707 2.6500000953674316 28.3799991607666 AB 5.248885414051605 1.1167841306492776
61976.0601 lsst_hardware_g 5.633806570889489 13.670000076293945 31.389999389648438 AB 5.20947725232413 1.1083994153881127
61979.0476 lsst_hardware_z -1.9904348731417736 42.36000061035156 30.940000534057617 AB 4.957763353889031 1.1109418928642885
61979.0602 lsst_hardware_r -37.78292764474458 25.030000686645508 31.510000228881836 AB 4.95180313040505 1.1047788934827019
61987.0495 lsst_hardware_i 25.870854944886624 81.11000061035156 31.31999969482422 AB 2.4255345678518996 1.1025157126599543
61987.0616 lsst_hardware_z 11.911496938718985 70.66999816894531 30.979999542236328 AB 2.4275034056925344 1.103410638951152
61990.047 lsst_hardware_r -80.67799758365294 72.37000274658203 31.639999389648438 AB 3.733810523416213 1.102503107307937
61990.0592 lsst_hardware_g 11.076834812378365 79.86000061035156 31.709999084472656 AB 3.7557919861081652 1.1050780657441388
61992.0316 lsst_hardware_u 1.5733670110087334 2.700000047683716 28.440000534057617 AB 3.485576971729395 1.1030306872561377
61992.0431 lsst_hardware_r -13.967362247550641 22.709999084472656 31.489999771118164 AB 3.6833517025158473 1.1026348458362063
61994.03 lsst_hardware_i 4.5544235154265555 30.790000915527344 31.239999771118164 AB 2.4278078172101836 1.1025466926476766
61994.0414 lsst_hardware_z 25.029282245691228 41.86000061035156 30.940000534057617 AB 2.6101474176047885 1.1031899482691414
61995.0246 lsst_hardware_r -24.673223926259478 22.6299991607666 31.479999542236328 AB 2.3871971948941773 1.1028437474005823
61995.0358 lsst_hardware_u 3.8992778488281092 2.680000066757202 28.420000076293945 AB 2.3391796356871857 1.1027364222449902
61997.0269 lsst_hardware_g 22.944901660514343 13.729999542236328 31.40999984741211 AB 4.50131020586504 1.1024516791244283
61997.0401 lsst_hardware_r -39.66654416346274 22.75 31.489999771118164 AB 4.467857744050295 1.1050847746847132
62011.0096 lsst_hardware_g -18.663814359289983 49.65999984741211 31.68000030517578 AB 5.567529719328054 1.1085727949281803
62011.0204 lsst_hardware_r 3.138475481174789 53.220001220703125 31.6200008392334 AB 5.630217919939828 1.11588899414128
62013.0088 lsst_hardware_i 88.14022760816694 59.27000045776367 31.309999465942383 AB 3.0007202559549033 1.11137787257589
62013.0192 lsst_hardware_z -21.891776992606225 56.560001373291016 30.969999313354492 AB 3.196387139132432 1.1195751800814122
