data/validation/pwv_sim_epoch_fit_4/57784947.ecsv
# %ECSV 0.9
# ---
# datatype:
# - {name: time, datatype: float64}
# - {name: band, datatype: string}
# - {name: flux, datatype: float64}
# - {name: fluxerr, datatype: float64}
# - {name: zp, datatype: float64}
# - {name: zpsys, datatype: string}
# - {name: pwv, datatype: float64}
# - {name: airmass, datatype: float64}
# meta: {SNID: '57784947', alt: 1024.0, c: -0.08996442705392838, dec: -30.345182, lat: -30.244573, lon: -70.7499537, ra: 282.128906, t0: 60523.390625,
#   x0: 3.4378560721177342e-06, x1: 0.9319687485694885, z: 0.7143735289573669}
# schema: astropy-2.0
time band flux fluxerr zp zpsys pwv airmass
60394.3421 lsst_hardware_r 74.3786395238174 84.06999969482422 31.59000015258789 AB 9.81023494216134 1.3080313256215121
60394.3595 lsst_hardware_z -34.561865376033 59.86000061035156 30.959999084472656 AB 9.1358055240469 1.2181074032062533
60398.3454 lsst_hardware_i -174.9692802447929 61.2400016784668 31.280000686645508 AB 7.783266721945627 1.2328625447259722
60398.3633 lsst_hardware_z 25.314218016144274 58.77000045776367 30.959999084472656 AB 7.20993502366244 1.1582069889820656
60400.3397 lsst_hardware_r 84.44235909776273 73.62999725341797 31.610000610351562 AB 7.413283373767915 1.2340047230575133
60400.3589 lsst_hardware_z 27.372743403021268 63.650001525878906 30.969999313354492 AB 7.0232722197899164 1.1543839940483245
60402.3443 lsst_hardware_r 15.84003790028141 49.75 31.59000015258789 AB 6.873543702024502 1.1894516464675755
60402.362 lsst_hardware_i 12.477106110497802 47.5099983215332 31.290000915527344 AB 6.54401882032591 1.1256913108359041
60404.3389 lsst_hardware_z -11.778515163682576 45.189998626708984 30.940000534057617 AB 9.196522652351838 1.1892055153903438
60404.3576 lsst_hardware_i 8.454667271423522 34.529998779296875 31.260000228881836 AB 8.638717808277994 1.1223972899451702
60414.3417 lsst_hardware_g -10.269196811493007 22.75 32.22999954223633 AB 10.713914566437266 1.090308305748445
60414.3605 lsst_hardware_r 11.231411523023084 35.41999816894531 32.279998779296875 AB 10.371330932098171 1.0494377508383808
60416.3522 lsst_hardware_i -9.210823957284525 32.040000915527344 31.270000457763672 AB 15.507129988880918 1.0547274265520095
60416.3709 lsst_hardware_r 21.047793948139798 24.829999923706055 31.540000915527344 AB 15.092096242756545 1.0251912196828765
60419.3446 lsst_hardware_u 5.76011056249135 2.9000000953674316 28.520000457763672 AB 4.715403163902903 1.0536036563295503
60419.3648 lsst_hardware_g -14.153111074981249 15.670000076293945 31.479999542236328 AB 4.6253819013044115 1.0226358393332768
60425.2312 lsst_hardware_r 207.69785617919433 106.97000122070312 31.549999237060547 AB 8.89435794342718 1.4971566183353364
60425.2495 lsst_hardware_z 90.08751567853591 72.63999938964844 30.950000762939453 AB 8.071671798418205 1.3576483177424656
60434.2564 lsst_hardware_r 8.50214834102695 24.690000534057617 31.489999771118164 AB 10.71554661880729 1.1916755581413803
60434.2766 lsst_hardware_i -37.04929098813196 32.060001373291016 31.25 AB 10.156641889446448 1.11964156935178
60444.2538 lsst_hardware_i -77.2123694195074 32.0099983215332 31.25 AB 7.934351230131502 1.1064497601633905
60444.274 lsst_hardware_z 89.66406787696914 41.88999938964844 30.950000762939453 AB 7.562897662935055 1.0581549075427918
60448.2311 lsst_hardware_y -25.611790775528757 49.349998474121094 30.010000228881836 AB 9.236765736762282 1.1430697636451963
60448.2477 lsst_hardware_r 79.76821102098995 38.72999954223633 31.59000015258789 AB 8.778168387713738 1.093353199499401
60451.2441 lsst_hardware_z 61.89528613661117 80.16999816894531 31.729999542236328 AB 5.176550075793252 1.0818286469787362
60457.1111 lsst_hardware_z 118.27163123726893 111.9000015258789 30.8799991607666 AB 14.445438896804392 1.8793870739053344
60457.1321 lsst_hardware_i 132.33715356083368 120.26000213623047 31.229999542236328 AB 11.555542940732868 1.6104164087147752
60459.1588 lsst_hardware_r -79.62545285817949 47.470001220703125 31.540000915527344 AB 16.179962272684303 1.3438506871000253
60459.1777 lsst_hardware_z 4.88038166446568 53.529998779296875 30.950000762939453 AB 15.356846844059234 1.2384553906499383
60461.1457 lsst_hardware_r 9.455490979414972 25.270000457763672 31.450000762939453 AB 9.991029186264663 1.3956550362634161
60461.1656 lsst_hardware_u 2.1041791062020008 2.6700000762939453 28.290000915527344 AB 9.154951657182718 1.2721689273031707
60465.1591 lsst_hardware_i 16.743187470464786 32.880001068115234 31.219999313354492 AB 10.378198220572106 1.2493567409047297
60465.1799 lsst_hardware_z 88.82097965615937 43.18000030517578 30.940000534057617 AB 9.453366325483712 1.1599815522859138
60467.1673 lsst_hardware_r 0.4625108396227359 24.559999465942383 31.479999542236328 AB 5.31863727867353 1.187593452868936
60467.1882 lsst_hardware_u -0.5969274661656204 2.680000066757202 28.360000610351562 AB 5.00068304034309 1.1145653135980143
60483.154 lsst_hardware_z 15.23196766826623 115.55999755859375 31.0 AB 3.759699856068192 1.0885848298424008
60483.1733 lsst_hardware_i -51.5827334811435 138.50999450683594 31.34000015258789 AB 3.2422774583886342 1.0473318124488844
60484.1608 lsst_hardware_z -136.20601033044173 103.5199966430664 31.0 AB 3.764047014960454 1.06637779303352
60484.1809 lsst_hardware_r -28.350166323689482 152.2100067138672 31.670000076293945 AB 3.872530225360264 1.0309793385171755
60486.1698 lsst_hardware_y -112.61104441293347 75.38999938964844 30.809999465942383 AB 6.362243928346339 1.0394408051757211
60496.0784 lsst_hardware_g 39.25463862716574 16.301158572028662 31.420000076293945 AB 7.655368149819321 1.2302556253141257
60496.0987 lsst_hardware_r 22.45293439584598 25.742114223941204 31.510000228881836 AB 6.03908460356571 1.1477149162647675
60498.0389 lsst_hardware_r 110.45795311592164 27.336905388484766 31.440000534057617 AB 1.3815091175392509 1.4390719974367197
60498.0579 lsst_hardware_i 158.60409591532607 35.39304538076513 31.219999313354492 AB 2.467082296328223 1.3096075181782652
60500.0635 lsst_hardware_u 2.9085272651540985 2.796617141034062 28.350000381469727 AB 10.481543410054373 1.2495630841130532
60500.083 lsst_hardware_g 49.44647726653589 17.20405481597845 31.440000534057617 AB 9.778062046801933 1.1649448940323708
60502.0643 lsst_hardware_r 284.7591392294765 31.19290572838487 31.489999771118164 AB 9.991747697403493 1.2196833565824383
60502.0817 lsst_hardware_i 374.70773439571843 37.39154850446086 31.239999771118164 AB 9.338693976839103 1.149873050155649
60507.0753 lsst_hardware_z 735.4933464173143 76.70884128583376 31.709999084472656 AB 1.8603856012973303 1.125800666443306
60510.0712 lsst_hardware_y 615.355327485034 96.56494053701655 30.790000915527344 AB 3.139453810406711 1.1133801969701964
60512.0673 lsst_hardware_z 629.4830338677041 104.8305137482998 31.0 AB 5.718349262277549 1.1088519027104031
60512.0868 lsst_hardware_r 1012.0314692827192 153.7695809231556 31.65999984741211 AB 5.183112607766244 1.0612614754755392
60515.0759 lsst_hardware_i 1085.8716912738455 61.60048267670454 31.309999465942383 AB 5.014589478369337 1.066933931567944
60515.0944 lsst_hardware_z 646.3075100484099 58.57807629163056 30.969999313354492 AB 5.490738781165009 1.0336481139241358
60522.0693 lsst_hardware_z 668.2428654593843 49.39545187313346 30.950000762939453 AB 3.9471826253285696 1.043055460217631
60522.0874 lsst_hardware_r 1129.9185740426365 41.100006016337794 31.520000457763672 AB 4.096628163061087 1.0183439938006595
60523.9757 lsst_hardware_y 561.5065610460629 105.5844578500842 30.700000762939453 AB 5.378425865159448 1.381444999612872
60524.0056 lsst_hardware_r 2125.761108231791 57.241489716334144 32.22999954223633 AB 2.6128903305687308 1.2135104871439262
60525.9889 lsst_hardware_z 1477.8226005256392 73.88412547395382 31.68000030517578 AB 1.4118042186236155 1.2680876215182175
60527.979 lsst_hardware_y 283.6236488427485 53.175769106313425 29.959999084472656 AB 4.042646521174159 1.2922684670775149
60527.9974 lsst_hardware_g 189.32922194980713 20.002099345341865 31.389999389648438 AB 3.795062578809146 1.201602927327434
60531.967 lsst_hardware_y 361.6556293495639 77.51726590353 29.979999542236328 AB 10.037809068397218 1.298384305833349
60531.9844 lsst_hardware_i 1098.7440157049791 46.103582066757 31.239999771118164 AB 9.42369861878013 1.2106498739440044
60535.9799 lsst_hardware_y 246.55213599778259 54.661172900441834 30.010000228881836 AB 5.290260417609383 1.1835696442998787
60535.9984 lsst_hardware_i 1013.9822713507477 56.56769518010322 31.299999237060547 AB 4.959787957953708 1.1187701929631886
60537.9888 lsst_hardware_z 1008.7549265239041 115.74015157953201 31.739999771118164 AB 4.550211620835373 1.1317057587884363
60541.9734 lsst_hardware_y 236.63813479873585 68.35240473939866 30.030000686645508 AB 3.63094559235259 1.1466747488878264
60541.9912 lsst_hardware_z 523.780681085652 71.05883096120316 30.989999771118164 AB 3.479449423369884 1.092963538046139
60543.974 lsst_hardware_y 230.5780766741337 62.96564470380037 30.030000686645508 AB 1.5773212212092431 1.1266580151494594
60543.9932 lsst_hardware_u -3.137751710889452 2.8614415962307755 28.469999313354492 AB 1.5046221114047917 1.0747300795748513
60546.9966 lsst_hardware_u 2.016685063021212 3.105091631982171 28.56999969482422 AB 2.703496156026822 1.0508536496605942
60547.0137 lsst_hardware_g 86.03724007039176 17.692419208522836 31.489999771118164 AB 2.3158786291936995 1.0246117151614642
60547.9769 lsst_hardware_z 512.8243962402518 55.28566705086316 30.969999313354492 AB 2.3558167386579685 1.0876346900544636
60547.9944 lsst_hardware_g 83.05689132562239 17.61410174467064 31.469999313354492 AB 2.2719476696149883 1.0498833963100684
60549.9776 lsst_hardware_y 225.40962567128216 58.15350971271948 30.049999237060547 AB 5.692000462359259 1.0729501342807273
60549.9945 lsst_hardware_i 484.11868145326196 38.301757024687284 31.260000228881836 AB 5.501611849730672 1.0403300062522542
60555.9807 lsst_hardware_y 185.30764240569277 55.88467257544006 30.059999465942383 AB 1.3046602923259139 1.036267110664206
60555.9972 lsst_hardware_g 56.51798146795603 16.24536375129532 31.489999771118164 AB 1.3086624065319759 1.0156479678168226
60760.3464 lsst_hardware_z -30.39555698533799 45.599998474121094 30.940000534057617 AB 9.544881429533708 1.272650857271161
60760.3653 lsst_hardware_u 3.2293588777327042 3.049999952316284 28.5 AB 8.884781827130336 1.1846375769507114
60762.3341 lsst_hardware_g -16.717212573470384 16.809999465942383 31.40999984741211 AB 10.42589566739948 1.3110761009451697
60762.3503 lsst_hardware_r -15.322870381671244 26.59000015258789 31.489999771118164 AB 9.582638424029703 1.2259892434389228
60764.3331 lsst_hardware_i 31.011265928965177 34.599998474121094 31.229999542236328 AB 8.073770846343846 1.2855811227808043
60764.3511 lsst_hardware_z -42.19785493356757 44.7599983215332 30.940000534057617 AB 7.446304230624837 1.1981984682199565
60769.3442 lsst_hardware_g 4.524783134972308 16.260000228881836 31.440000534057617 AB 9.019020329055975 1.1709971863225261
60769.3644 lsst_hardware_r 22.94457744558184 25.459999084472656 31.510000228881836 AB 8.41927953888273 1.104505799223727
60771.3394 lsst_hardware_i 3.625631263668016 33.15999984741211 31.25 AB 21.09889798787151 1.168482443485592
60771.3582 lsst_hardware_r 21.465088294626206 25.43000030517578 31.520000457763672 AB 20.080850381815182 1.106586170930316
60773.338 lsst_hardware_u -0.306721115495796 2.7699999809265137 28.360000610351562 AB 10.712466252704637 1.153552603532495
60773.3554 lsst_hardware_g 4.899334360988611 16.239999771118164 31.459999084472656 AB 10.185780753904346 1.099224513893055
60778.3423 lsst_hardware_r 66.36784293994751 85.83000183105469 31.639999389648438 AB 12.788143529669295 1.097741836960324
60778.3611 lsst_hardware_z -0.4004258641002005 60.58000183105469 30.989999771118164 AB 12.425407610449644 1.0547212707551947
60780.3412 lsst_hardware_z -11.719097386979044 64.4000015258789 30.989999771118164 AB 10.69268324506816 1.0864615789944025
60780.3598 lsst_hardware_i -100.52947452142791 71.0199966430664 31.34000015258789 AB 10.302692388126777 1.0470747891790007
60784.3452 lsst_hardware_y -1.302726752270053 77.5199966430664 30.809999465942383 AB 11.55849634747137 1.0538060793926185
60790.251 lsst_hardware_i -36.297690260526046 33.97999954223633 31.219999313354492 AB 18.361238318760115 1.3524445715897848
60790.2728 lsst_hardware_z -30.821622867427116 44.29999923706055 30.940000534057617 AB 16.674714759709758 1.2309544958384113
60792.2424 lsst_hardware_r 60.6792996191908 25.43000030517578 31.440000534057617 AB 3.941404245549808 1.3734312206811772
60792.2616 lsst_hardware_g 3.3328764537298325 15.420000076293945 31.3799991607666 AB 3.390083201665087 1.2592397207943118
60795.2547 lsst_hardware_z -61.35562562413144 44.72999954223633 30.93000030517578 AB 13.170594118048985 1.252672067533668
60795.2745 lsst_hardware_i 15.486014128003731 32.65999984741211 31.239999771118164 AB 12.350210789868706 1.1661410162912664
60800.2467 lsst_hardware_r 2.0926872571985347 24.84000015258789 31.489999771118164 AB 11.272283176328537 1.2253369638736724
60800.268 lsst_hardware_i -15.164470265966987 32.2599983215332 31.25 AB 10.347988746262905 1.1406932294245349
60802.2473 lsst_hardware_z -1.4899875897154014 67.5 31.709999084472656 AB 8.173630255184987 1.1984502219180841
60806.2375 lsst_hardware_i 42.33990625602703 68.94000244140625 31.309999465942383 AB 8.953044539511096 1.1937392719348128
60806.2581 lsst_hardware_z -39.62593575778862 61.900001525878906 30.979999542236328 AB 8.847488078759627 1.1199351998429907
60808.2432 lsst_hardware_i -170.12081677541624 88.36000061035156 31.31999969482422 AB 7.61160146489979 1.150889793594032
60808.2625 lsst_hardware_z -181.51560308215412 76.79000091552734 30.989999771118164 AB 7.64541658335839 1.0922023690511986
60810.2416 lsst_hardware_z -100.61448378411441 91.2699966430664 30.989999771118164 AB 7.3183215339303915 1.1376808271214875
60810.2611 lsst_hardware_r -41.37646599712453 134.67999267578125 31.649999618530273 AB 7.781761824054876 1.082040090945163
60819.3366 lsst_hardware_r 42.80942733804359 23.790000915527344 31.510000228881836 AB 6.894783909651182 1.0116081444198928
60823.1664 lsst_hardware_g 38.170454753046236 15.199999809265137 31.3700008392334 AB 9.576833187964585 1.3180337445588473
60823.1717 lsst_hardware_i -42.60827947764779 33.630001068115234 31.219999313354492 AB 9.720271617410296 1.2873963556677626
60824.1649 lsst_hardware_r 23.982447885324177 25.040000915527344 31.459999084472656 AB 11.91333754171082 1.310706333494053
60824.1868 lsst_hardware_u -0.4518740330614089 2.680000066757202 28.31999969482422 AB 10.562755533873123 1.2003131288492184
60830.1563 lsst_hardware_r -16.87894881441181 37.04999923706055 31.530000686645508 AB 13.640307880435731 1.2673332602839107
60830.1754 lsst_hardware_g -8.92965211746167 32.66999816894531 31.600000381469727 AB 13.529056735185328 1.1798253017515659
60842.1482 lsst_hardware_i 125.85804689819777 77.2300033569336 32.04999923706055 AB 9.053960723725607 1.158684505211877
60842.1688 lsst_hardware_z -52.95188761603879 53.959999084472656 30.969999313354492 AB 8.616888772114306 1.0944860627605915
60844.1713 lsst_hardware_u -2.6576322780126738 2.9800000190734863 28.5 AB 6.245280598816216 1.0749192080578782
60844.1962 lsst_hardware_g 36.42791765222643 23.440000534057617 31.610000610351562 AB 5.992436416315728 1.0296724801436021
60847.1444 lsst_hardware_g 8.0740922126691 15.520000457763672 31.440000534057617 AB 3.290603886816193 1.1253775262709278
60847.1682 lsst_hardware_r -24.076082555694487 24.459999084472656 31.510000228881836 AB 3.147706119229944 1.0637736124467536
60849.1483 lsst_hardware_i 5.919859737274031 32.02000045776367 31.25 AB 3.7478065966671776 1.098177890752914
60849.1606 lsst_hardware_z -22.309390825235848 42.060001373291016 30.950000762939453 AB 3.7084477277084646 1.0683320785620352
60851.1632 lsst_hardware_g 9.489010631407982 15.779999732971191 31.479999542236328 AB 4.145194048628551 1.0520797077737438
60851.1836 lsst_hardware_r -37.14887892552366 24.649999618530273 31.530000686645508 AB 3.879724941667807 1.0214506527131724
60858.0723 lsst_hardware_i -9.504945155887196 35.91999816894531 31.229999542236328 AB 11.261640270732341 1.309366178168706
60858.086 lsst_hardware_z 53.184750678004725 45.36000061035156 30.940000534057617 AB 10.849685270199817 1.236431369823341
60861.0694 lsst_hardware_y 137.07677994164584 73.36000061035156 30.719999313354492 AB 5.388975150029389 1.2794337963033051
60863.0544 lsst_hardware_r -13.060559968285814 85.87000274658203 31.579999923706055 AB 4.259177069893565 1.3351652256719204
