data/validation/pwv_sim_epoch_fit_4/5786256.ecsv
# %ECSV 0.9
# ---
# datatype:
# - {name: time, datatype: float64}
# - {name: band, datatype: string}
# - {name: flux, datatype: float64}
# - {name: fluxerr, datatype: float64}
# - {name: zp, datatype: float64}
# - {name: zpsys, datatype: string}
# - {name: pwv, datatype: float64}
# - {name: airmass, datatype: float64}
# meta: {SNID: '5786256', alt: 1024.0, c: -0.1093236431479454, dec: -54.916332, lat: -30.244573, lon: -70.7499537, ra: 307.380951, t0: 59818.48046875,
#   x0: 5.626224608508941e-05, x1: -0.4551003575325012, z: 0.21832850575447083}
# schema: astropy-2.0
time band flux fluxerr zp zpsys pwv airmass
59842.0436 lsst_hardware_z 2529.0443027141523 64.93511408699449 30.950000762939453 AB 6.161708010899774 1.1012554903160063
59842.0571 lsst_hardware_i 5263.910511054668 77.44044513484874 31.25 AB 6.131710600932494 1.099891285407485
59844.0413 lsst_hardware_u 23.935753564546502 5.827880268398718 28.3700008392334 AB 2.840142231223026 1.1005459433827276
59844.0546 lsst_hardware_g 1690.8448389477871 43.16944566451535 31.389999389648438 AB 2.7941705083209243 1.100175414241923
59846.0441 lsst_hardware_r 4447.167490547929 70.67728093435824 31.469999313354492 AB 3.3159557364789074 1.0998194814191309
59846.0568 lsst_hardware_i 4705.313530283609 74.51717492769532 31.229999542236328 AB 3.34035983083324 1.101883500192318
59853.0526 lsst_hardware_g 1011.5487725800085 36.63877634604868 31.489999771118164 AB 6.365042033840559 1.1092788486999527
59853.0659 lsst_hardware_r 3126.0235215645107 62.04022608823628 31.5 AB 6.4375496058516815 1.1205157272811954
59855.0313 lsst_hardware_r 3251.5139312838523 70.13506996639562 31.600000381469727 AB 2.1624520774026075 1.101605744983092
59855.0433 lsst_hardware_i 3381.265965959478 71.22415726104936 31.280000686645508 AB 3.29456134302516 1.106857498076423
59858.0399 lsst_hardware_z 3804.2295047769016 101.79640350817625 31.729999542236328 AB 3.785721272337084 1.1099380700247994
59860.0331 lsst_hardware_r 2666.77005181872 95.96395854014051 31.639999389648438 AB 5.020263416148044 1.1090215753350736
59860.0444 lsst_hardware_i 2726.5010396035314 83.14916655488629 31.309999465942383 AB 5.31355720343499 1.1181728121706629
59862.078 lsst_hardware_z 2825.44340347346 100.67043561807135 31.719999313354492 AB 2.8367847058583022 1.1760317995680476
59864.0741 lsst_hardware_g 877.8715873209076 62.681288977098596 31.65999984741211 AB 6.296296038485496 1.1792656853725398
59864.0852 lsst_hardware_r 2329.6582460722743 76.42514502778572 31.600000381469727 AB 6.975451327285544 1.2045157919132363
60071.4118 lsst_hardware_i 27.950054266815528 106.68000030517578 31.329999923706055 AB 7.641809037945122 1.102369490723697
60071.4266 lsst_hardware_y 228.51173324604636 143.8000030517578 30.059999465942383 AB 8.082973848152442 1.099749270707151
60073.4097 lsst_hardware_i 44.02800703601852 106.66000366210938 31.329999923706055 AB 8.391089310502764 1.101313263983738
60073.4207 lsst_hardware_y 257.5066724579206 143.69000244140625 30.059999465942383 AB 8.183613711606641 1.0997509915257089
60078.4115 lsst_hardware_g -122.23823942428757 103.05999755859375 31.709999084472656 AB 8.948197061375888 1.099940225937896
60078.4256 lsst_hardware_y 50.66688400550901 143.83999633789062 30.059999465942383 AB 8.58134493103391 1.103674471050301
60083.3877 lsst_hardware_r 88.32501160622203 93.16000366210938 31.649999618530273 AB 10.534673478942073 1.1001982693864123
60083.4021 lsst_hardware_i -122.07544512843954 106.63999938964844 31.329999923706055 AB 10.524955749218513 1.1005626485994495
60094.3265 lsst_hardware_z -48.420491930329305 132.50999450683594 31.0 AB 14.271293768557404 1.1165513220368424
60094.3406 lsst_hardware_r -96.47109781905218 93.08000183105469 31.639999389648438 AB 13.708879003405292 1.1062089679437974
60096.327 lsst_hardware_z -32.32529726572666 132.3800048828125 31.0 AB 7.564638935158531 1.111575078638107
60096.3396 lsst_hardware_r 73.42119972422455 92.91999816894531 31.639999389648438 AB 7.382999240375501 1.1039586169302915
60101.3302 lsst_hardware_i 83.83954164405155 106.69000244140625 31.329999923706055 AB 6.7678046396565135 1.1022632727897794
60101.3423 lsst_hardware_z 242.7094162098295 132.60000610351562 31.0 AB 5.907112539673666 1.0998161496320997
60103.3281 lsst_hardware_r -31.47323629224111 131.63999938964844 32.38999938964844 AB 3.1140082605224815 1.101231813463878
60103.3407 lsst_hardware_z -10.139592568261431 187.49000549316406 31.75 AB 2.7494318303282785 1.0997727321313113
60113.3037 lsst_hardware_u 53.11141462062954 35.83000183105469 29.469999313354492 AB 5.10852751844414 1.100560676133779
60119.1246 lsst_hardware_u -95.08570159015683 40.66999816894531 29.75 AB 5.828606561003619 1.5443426525070734
60119.1351 lsst_hardware_g 101.89646150928468 95.16000366210938 31.540000915527344 AB 5.371034776840131 1.4793522154350702
60122.3101 lsst_hardware_z 139.07160813924858 132.47999572753906 31.0 AB 7.533687745199989 1.105943591485612
60122.3248 lsst_hardware_r -48.70648815199415 92.83999633789062 31.639999389648438 AB 7.623427821292398 1.1166585354171297
60124.2422 lsst_hardware_z -192.1308343630531 132.25999450683594 30.989999771118164 AB 3.0364606610488503 1.118813802891986
60124.2547 lsst_hardware_r -76.60734519913429 92.77999877929688 31.639999389648438 AB 3.069285384663385 1.1086456148321724
60127.2348 lsst_hardware_r -67.88321401405753 92.87999725341797 31.639999389648438 AB 9.28078378459287 1.1180544665707703
60127.2461 lsst_hardware_z 187.13876533960268 132.49000549316406 31.0 AB 9.102826130999178 1.10891745162161
60129.2379 lsst_hardware_r 67.77831554319715 92.83000183105469 31.639999389648438 AB 8.072472052765036 1.1108396935138187
60129.25 lsst_hardware_y -262.7997902942295 143.32000732421875 30.049999237060547 AB 7.615845708732836 1.1037457548888168
60131.3226 lsst_hardware_r -94.62568952292648 92.63999938964844 31.6299991607666 AB 5.8539026244066585 1.1436381787718142
60131.3338 lsst_hardware_i 75.70101239180103 106.06999969482422 31.31999969482422 AB 6.613618169350033 1.1623230526098476
60133.2366 lsst_hardware_i -57.006458996357715 106.31999969482422 31.329999923706055 AB 1.7591996357991153 1.104909223782549
60133.2486 lsst_hardware_z -251.05587591205511 132.39999389648438 31.0 AB 1.7580408894312902 1.1006673278643588
60140.3152 lsst_hardware_i 29.696322200281074 105.98999786376953 31.31999969482422 AB 5.579961964666244 1.1738021487596622
60140.3277 lsst_hardware_z 334.9458027376487 131.77999877929688 30.989999771118164 AB 5.7114290136889485 1.2014575889958345
60142.2172 lsst_hardware_r 127.23892847993972 92.97000122070312 31.639999389648438 AB 1.8822367114528307 1.1026577102828534
60142.2293 lsst_hardware_z 29.971277039021107 132.52000427246094 31.0 AB 1.9022781030275038 1.0999006088623902
60144.2141 lsst_hardware_r -42.23878253040199 92.9800033569336 31.639999389648438 AB 2.7625082489799655 1.1018446781812001
60144.2272 lsst_hardware_u 4.4613965323093785 35.689998626708984 29.469999313354492 AB 2.752143632932763 1.0997576954776276
60147.2087 lsst_hardware_i -71.82337874458395 106.43000030517578 31.329999923706055 AB 5.550152719902161 1.1010569300009245
60147.222 lsst_hardware_z -75.71174159571946 132.50999450683594 31.0 AB 5.53228625546812 1.0998581024787515
60150.2118 lsst_hardware_g 77.59268999991826 102.88999938964844 31.709999084472656 AB 5.991819270425998 1.0997695168955164
60150.224 lsst_hardware_i 72.221864514251 106.58000183105469 31.329999923706055 AB 6.007858225109159 1.1018033515398316
60158.1899 lsst_hardware_r -23.758333851950827 93.0199966430664 31.639999389648438 AB 2.054097882683608 1.099771319868081
60158.2024 lsst_hardware_y -67.17886928275094 143.69000244140625 30.059999465942383 AB 2.0580415558540484 1.1018827765247214
60162.1585 lsst_hardware_r 15.119400009526334 92.98999786376953 31.639999389648438 AB 2.306535596701702 1.1043981789330628
60162.1704 lsst_hardware_i 145.99496335997554 106.61000061035156 31.329999923706055 AB 1.7785693184835656 1.100486326791935
60164.1903 lsst_hardware_r -16.966423380148886 92.91999816894531 31.639999389648438 AB 3.6132278475876354 1.1034722258685166
60164.2014 lsst_hardware_u 4.882452233327645 35.61000061035156 29.459999084472656 AB 3.632291275131274 1.109661285681652
60165.1905 lsst_hardware_g 32.305192299881625 102.93000030517578 31.709999084472656 AB 4.191572330287932 1.104814021645481
60165.2017 lsst_hardware_i -89.33608437899339 106.63999938964844 31.329999923706055 AB 4.197157022644582 1.1118787644429111
60168.1406 lsst_hardware_g -44.23341575470065 102.87999725341797 31.709999084472656 AB 3.4300036769914515 1.105145637522753
60168.1527 lsst_hardware_r 84.38264525448969 93.16000366210938 31.649999618530273 AB 3.4816852568587606 1.100754112190566
60176.1343 lsst_hardware_i -68.81465052319292 106.66999816894531 31.329999923706055 AB 2.0300563083905834 1.1001524500152193
60176.1475 lsst_hardware_r -216.44607929590242 93.18000030517578 31.649999618530273 AB 1.9830200229670996 1.1004550626898444
60178.1267 lsst_hardware_u -24.855401316236684 35.790000915527344 29.469999313354492 AB 2.2286888209979736 1.1004964962544515
60178.1371 lsst_hardware_g 39.518256502345736 102.77999877929688 31.709999084472656 AB 2.213917109366589 1.099855322392841
60179.1295 lsst_hardware_r -156.76307441629604 93.05999755859375 31.639999389648438 AB 2.3943389836762 1.099834167972531
60179.1416 lsst_hardware_i -165.92057038558272 106.58999633789062 31.329999923706055 AB 2.413062629785682 1.100933448309185
60181.1187 lsst_hardware_i -106.68351307975753 106.63999938964844 31.329999923706055 AB 4.1569969186682085 1.100462453651412
60181.1306 lsst_hardware_z -36.15647789108553 132.5800018310547 31.0 AB 3.9530207923349825 1.099996510249972
60183.1105 lsst_hardware_i 19.388174796691775 106.44999694824219 31.329999923706055 AB 1.5604630761523528 1.1010499743533977
60183.1221 lsst_hardware_z 341.8390580051003 132.42999267578125 31.0 AB 1.5845289805296958 1.0997945379348921
60185.1068 lsst_hardware_z -82.92021636218561 132.47000122070312 31.0 AB 5.485930019575826 1.1006530610574963
60185.1182 lsst_hardware_r -52.37254896363324 93.02999877929688 31.639999389648438 AB 5.484328604941972 1.0998720378919886
60197.1002 lsst_hardware_g -90.10460626045588 102.75 31.709999084472656 AB 3.871317250511025 1.1034895604677293
60197.112 lsst_hardware_r -46.7284506571258 92.9000015258789 31.639999389648438 AB 3.910765783913629 1.1101719674243837
60200.0371 lsst_hardware_z 225.7047738387712 132.4600067138672 31.0 AB 2.416935425144053 1.1165822945805057
60200.0453 lsst_hardware_i 109.92663013000796 106.5199966430664 31.329999923706055 AB 2.6886175389968345 1.1099669889550996
60202.0929 lsst_hardware_g -34.87620252784169 102.7300033569336 31.709999084472656 AB 1.1439236696214456 1.1066659170795388
60202.1049 lsst_hardware_r 101.82478395128726 92.8499984741211 31.639999389648438 AB 1.1378665637949232 1.115373204177573
60208.0407 lsst_hardware_i 139.96309907859745 106.62999725341797 31.329999923706055 AB 4.295728713249608 1.101468900833233
60208.0528 lsst_hardware_z -259.38396073614473 132.6199951171875 31.0 AB 4.3173060108162815 1.0997871256882283
60210.042 lsst_hardware_r 105.62065677887378 92.93000030517578 31.639999389648438 AB 1.4895325226605367 1.1000978749339267
60210.0541 lsst_hardware_g 11.342192923734348 102.6500015258789 31.709999084472656 AB 1.5225481954501463 1.100372099819591
60212.0458 lsst_hardware_r -2.1153624239531776 93.0999984741211 31.639999389648438 AB 4.861608257372145 1.099994326277731
60212.0596 lsst_hardware_i 32.494468707339934 106.62999725341797 31.329999923706055 AB 4.916020735073752 1.1036490462636575
60216.0571 lsst_hardware_z -111.17569248702684 187.2100067138672 31.75 AB 3.7537506979673014 1.108145547875904
60217.0297 lsst_hardware_r -14.644204172621793 93.1500015258789 31.649999618530273 AB 3.6486691791366264 1.099824922121063
60217.0378 lsst_hardware_i 168.90760380949337 106.69999694824219 31.329999923706055 AB 3.7776027547634436 1.1009406935558306
60222.0311 lsst_hardware_i -73.60151924196914 106.48999786376953 31.329999923706055 AB 2.9865171485856177 1.1031552862076341
60222.0426 lsst_hardware_z 37.740341102331854 132.39999389648438 31.0 AB 3.1469717945445104 1.1093907618840813
60224.0286 lsst_hardware_r 118.53337046018518 93.02999877929688 31.639999389648438 AB 4.304237278026797 1.1044529644681782
60224.0404 lsst_hardware_g -217.98036245358384 102.77999877929688 31.709999084472656 AB 4.300627124544854 1.1117519494730344
60228.0746 lsst_hardware_z 71.46544681469476 131.77999877929688 30.989999771118164 AB 3.6408243141772845 1.1731979530109402
60228.0858 lsst_hardware_i -59.161973070181794 105.44000244140625 31.309999465942383 AB 5.030018529820273 1.1976234594810173
