data/validation/pwv_sim_epoch_fit_4/5788558.ecsv
# %ECSV 0.9
# ---
# datatype:
# - {name: time, datatype: float64}
# - {name: band, datatype: string}
# - {name: flux, datatype: float64}
# - {name: fluxerr, datatype: float64}
# - {name: zp, datatype: float64}
# - {name: zpsys, datatype: string}
# - {name: pwv, datatype: float64}
# - {name: airmass, datatype: float64}
# meta: {SNID: '5788558', alt: 1024.0, c: -0.10361266881227493, dec: -34.228867, lat: -30.244573, lon: -70.7499537, ra: 153.808594, t0: 61395.16015625,
#   x0: 5.7098569907419435e-06, x1: -1.1213501691818237, z: 0.5804035067558289}
# schema: astropy-2.0
time band flux fluxerr zp zpsys pwv airmass
[from data line 132]
61772.2826 lsst_hardware_u -1.7917896992345335 2.559999942779541 28.350000381469727 AB 5.150728860321344 1.0560543043305106
61774.2596 lsst_hardware_g -8.823070934361272 13.279999732971191 31.3700008392334 AB 2.949267788633212 1.0943141357285966
61774.2817 lsst_hardware_r 18.16518956496147 22.020000457763672 31.479999542236328 AB 2.911806970517087 1.047978035097026
61776.2543 lsst_hardware_i 41.393534207999856 30.450000762939453 31.239999771118164 AB 8.184633066790969 1.0939097924072418
61776.2769 lsst_hardware_z -41.155433096729034 40.84000015258789 30.950000762939453 AB 7.908747905727578 1.0468692074295243
61778.2643 lsst_hardware_r -3.080601663361475 22.1200008392334 31.489999771118164 AB 9.431110331761854 1.0596753181754892
61778.2871 lsst_hardware_g 1.3169416041514246 13.270000457763672 31.40999984741211 AB 9.121032438264697 1.0248351054229996
61780.2267 lsst_hardware_z 62.8511952135265 53.08000183105469 30.959999084472656 AB 8.135911417060392 1.1420693096498222
61780.245 lsst_hardware_r -55.325610248811294 62.4900016784668 31.6299991607666 AB 7.945944496529353 1.0898790000726104
61782.2146 lsst_hardware_i 59.8812546763121 70.23999786376953 31.299999237060547 AB 5.9839791182828606 1.1649348553624082
61782.2316 lsst_hardware_z -67.79861575924717 62.43000030517578 30.969999313354492 AB 5.689492702142565 1.1106867158892249
61786.2179 lsst_hardware_y -46.764898019264294 52.34000015258789 30.030000686645508 AB 5.667290775522092 1.118617825288919
61786.2352 lsst_hardware_r -121.00293322599265 65.11000061035156 31.639999389648438 AB 5.461279602208102 1.0745967144344177
61788.2164 lsst_hardware_i 84.5220053602472 39.880001068115234 31.270000457763672 AB 7.431529756214511 1.1074204882099907
61788.2356 lsst_hardware_z 61.878004651831105 45.59000015258789 30.959999084472656 AB 7.11275434005418 1.0623979596794892
61790.2169 lsst_hardware_r 12.684846638401009 23.559999465942383 31.479999542236328 AB 10.754737910021444 1.091851564469182
61790.2344 lsst_hardware_g -7.823265480569355 16.309999465942383 31.469999313354492 AB 10.388624014146748 1.0543258471732153
61792.2163 lsst_hardware_r 30.180139840333954 22.299999237060547 31.479999542236328 AB 10.262317499914419 1.0802439473594125
61792.2347 lsst_hardware_i -29.000901421518307 30.15999984741211 31.25 AB 9.922131559350657 1.0444349009842797
61794.218 lsst_hardware_z 27.00871975996517 41.369998931884766 30.950000762939453 AB 10.77075191420986 1.0648296504409074
61794.2362 lsst_hardware_i 9.198083889835782 29.8700008392334 31.239999771118164 AB 10.309936801359507 1.0339922576832241
61796.2149 lsst_hardware_u -1.8502202511962762 2.5799999237060547 28.3799991607666 AB 14.986047233598763 1.0601710044638508
61796.2333 lsst_hardware_g -5.968893792949048 13.239999771118164 31.399999618530273 AB 14.603451245552355 1.03055299711036
61798.2031 lsst_hardware_r -24.499883327484323 22.079999923706055 31.489999771118164 AB 11.478806331749782 1.073153385747432
61798.2206 lsst_hardware_i 19.355765584102784 29.780000686645508 31.239999771118164 AB 10.509994097225318 1.0408339316566848
61800.1286 lsst_hardware_g 16.6764198775174 13.300000190734863 31.299999237060547 AB 16.094728283191404 1.3410690362825004
61800.1485 lsst_hardware_r -4.127068461617231 22.639999389648438 31.450000762939453 AB 14.829430468081418 1.2344999349079224
61802.1274 lsst_hardware_i 37.83899874914369 32.06999969482422 31.209999084472656 AB 11.00445973406817 1.3156147688526711
61802.1458 lsst_hardware_z -1.057042714270954 43.09000015258789 30.93000030517578 AB 10.178486831347227 1.2219805308058265
61806.124 lsst_hardware_z 74.22832788713103 66.43000030517578 31.68000030517578 AB 7.8560321588367525 1.2743300157619972
61806.1445 lsst_hardware_i -109.41585081833732 52.349998474121094 32.0 AB 7.552497561931399 1.1820478237580445
61809.1198 lsst_hardware_z 48.48775715256538 54.279998779296875 30.950000762939453 AB 10.822439317269092 1.254169693937489
61809.1383 lsst_hardware_r 89.33517867141002 62.220001220703125 31.610000610351562 AB 10.188333684511997 1.174458969002046
61811.1317 lsst_hardware_y 23.523090379743053 82.23999786376953 30.760000228881836 AB 4.095652656036814 1.1787746887427915
61813.1183 lsst_hardware_r -8.087087537132604 101.98999786376953 31.6200008392334 AB 5.453887193164546 1.2109209820706859
61813.1381 lsst_hardware_i 57.57013262922816 80.3499984741211 31.31999969482422 AB 4.605168061095494 1.1372189310027148
61815.1246 lsst_hardware_z 106.22515040966832 57.65999984741211 30.969999313354492 AB 3.711614587872425 1.164580338723208
61815.1455 lsst_hardware_r 177.13550115672857 66.0999984741211 31.6299991607666 AB 2.1150612180226767 1.0998758284049281
61817.1185 lsst_hardware_u -3.4692982970698725 3.4700000286102295 28.559999465942383 AB 3.645785091750672 1.166900168062735
61817.1368 lsst_hardware_r -13.416252341831752 31.969999313354492 31.56999969482422 AB 3.8583309636053658 1.108583061493242
61819.115 lsst_hardware_i 17.414843586035758 31.290000915527344 31.229999542236328 AB 6.488231274885455 1.1598554299044432
61819.1348 lsst_hardware_z 38.581511981920535 41.849998474121094 30.940000534057617 AB 6.223490982496013 1.0992977477324766
61821.1128 lsst_hardware_r -19.1628763865929 22.899999618530273 31.489999771118164 AB 3.6453186336780687 1.148584051572461
61821.1335 lsst_hardware_u -5.7920722003304865 2.7899999618530273 28.520000457763672 AB 4.233817007313902 1.0888046823489523
61823.1179 lsst_hardware_g -44.76649866960207 13.640000343322754 31.399999618530273 AB 6.861917357149085 1.1156682151287025
61823.136 lsst_hardware_r 9.900907249387918 22.510000228881836 31.5 AB 6.919218563987552 1.0706721182185766
61825.1117 lsst_hardware_i 24.338850912237554 30.670000076293945 31.239999771118164 AB 8.751459447959483 1.117802164720743
61825.1318 lsst_hardware_z 72.61952279366952 41.099998474121094 30.940000534057617 AB 9.960406686176022 1.0680255936281389
61827.1152 lsst_hardware_r 35.967962776834355 22.43000030517578 31.479999542236328 AB 6.243361722744591 1.0935519941751652
61827.1352 lsst_hardware_g -8.461757136704014 13.5 31.40999984741211 AB 5.626941254238465 1.0510770998857693
61831.1053 lsst_hardware_z -41.965593591219715 41.56999969482422 30.940000534057617 AB 3.2799238100962884 1.091004704544724
61831.1249 lsst_hardware_i 4.419190221226785 30.170000076293945 31.239999771118164 AB 3.092932769136077 1.0499941504365997
61833.108 lsst_hardware_z -36.62743532085363 41.36000061035156 30.940000534057617 AB 4.838478870433414 1.0721598856077292
61833.1295 lsst_hardware_g 9.221339871306473 13.489999771118164 31.40999984741211 AB 5.6400274676956395 1.0342980868688134
61835.1056 lsst_hardware_r -7.483852797246573 32.959999084472656 31.56999969482422 AB 7.766533429586785 1.0657579493532319
61835.1255 lsst_hardware_i -5.898570200082578 34.59000015258789 31.270000457763672 AB 7.9208347531745495 1.0322995898832845
61837.1138 lsst_hardware_z 54.01396597330983 67.73999786376953 31.719999313354492 AB 10.736429290203112 1.0413270786786504
61839.0182 lsst_hardware_y -266.01288792888965 81.68000030517578 30.700000762939453 AB 14.10600522437529 1.365890377416754
61839.0386 lsst_hardware_z 12.271359641499089 91.7300033569336 31.709999084472656 AB 12.887359475788577 1.2506940049289421
61841.0175 lsst_hardware_y 83.76188465200023 63.38999938964844 29.969999313354492 AB 9.754225312167527 1.3358902504680474
61841.0388 lsst_hardware_z 45.41031003282798 79.5999984741211 30.969999313354492 AB 9.00050174246422 1.2242804455856806
61844.0135 lsst_hardware_y -95.81656515274068 50.06999969482422 29.969999313354492 AB 12.4096906287135 1.3111425022082894
61844.0342 lsst_hardware_i 3.701535894600882 44.31999969482422 31.270000457763672 AB 11.458833899906098 1.2086049510986678
61848.0083 lsst_hardware_y 40.442189990518294 50.2599983215332 29.969999313354492 AB 8.792080218616492 1.279685644220434
61848.0256 lsst_hardware_g 9.55396436711776 13.710000038146973 31.360000610351562 AB 8.094335331067692 1.198894368816958
61850.0089 lsst_hardware_z -35.21902335628461 44.220001220703125 30.920000076293945 AB 4.551607771811184 1.2490690921545333
61850.0288 lsst_hardware_i 60.989741672006296 31.350000381469727 31.229999542236328 AB 4.289567942343064 1.1654323335472914
61852.0053 lsst_hardware_y -88.12782713399051 49.58000183105469 29.989999771118164 AB 7.5573066949066945 1.2401903662119396
61852.0238 lsst_hardware_r 50.25552360271071 22.729999542236328 31.469999313354492 AB 7.171910561867337 1.163767399697229
61854.0048 lsst_hardware_y -123.19964060585369 49.540000915527344 29.979999542236328 AB 10.298885799922772 1.2176502482764715
61854.0252 lsst_hardware_r -0.42403442917752643 22.780000686645508 31.469999313354492 AB 9.463290940174664 1.14029291964996
61856.0016 lsst_hardware_y 75.94521282099208 49.5 29.989999771118164 AB 6.634791031612674 1.2078995718565417
61856.0204 lsst_hardware_z -87.22575735214036 42.27000045776367 30.940000534057617 AB 6.241459620184036 1.1381563298515096
61857.998 lsst_hardware_y 47.30759592655936 71.16000366210938 30.739999771118164 AB 9.065626632531098 1.20010942977639
61858.0163 lsst_hardware_u -5.480865942253921 3.6600000858306885 29.079999923706055 AB 7.369856236986966 1.1338240364595331
61862.0025 lsst_hardware_z 0.5634586987926005 61.91999816894531 31.690000534057617 AB 8.8109486081961 1.1430914125838219
61863.9948 lsst_hardware_y 32.33549981674083 50.09000015258789 30.010000228881836 AB 7.1767690932482475 1.1505842233664525
61864.0159 lsst_hardware_g 25.010206874455356 29.09000015258789 31.6200008392334 AB 5.555281366681553 1.0892708562120692
61865.991 lsst_hardware_y 130.60636931541046 51.939998626708984 30.010000228881836 AB 9.61743429908897 1.145000809463536
61866.0091 lsst_hardware_i 33.499950569947984 48.13999938964844 31.299999237060547 AB 8.849893841826985 1.092579486645307
61871.9834 lsst_hardware_y -92.32066843502817 53.08000183105469 30.030000686645508 AB 6.059376998464406 1.117708461787301
61872.0006 lsst_hardware_g -11.665685658048647 60.06999969482422 31.709999084472656 AB 5.396183628164327 1.0741345863477136
61873.9831 lsst_hardware_y -8.708090521560003 50.18000030517578 30.040000915527344 AB 5.376778569514084 1.1033250027218149
61874.0009 lsst_hardware_i 36.15601554011012 30.329999923706055 31.260000228881836 AB 5.356743263753037 1.0621785116004567
61877.98 lsst_hardware_y 106.77733934067486 49.34000015258789 30.040000915527344 AB 12.244634791251787 1.0836919011639778
61878.0001 lsst_hardware_r 9.318544416616767 22.040000915527344 31.489999771118164 AB 11.171792474066349 1.0440927545856402
61879.9786 lsst_hardware_y 48.65733622380688 49.11000061035156 30.040000915527344 AB 9.863854643256365 1.0744744623289009
61879.9996 lsst_hardware_z 18.702567374527312 40.709999084472656 30.950000762939453 AB 9.348552292310334 1.0365206274389265
61882.9763 lsst_hardware_y -15.297711502971307 49.09000015258789 30.040000915527344 AB 6.9264292116661705 1.0622271564767667
61882.9957 lsst_hardware_u 2.3745573392327866 2.5299999713897705 28.34000015258789 AB 6.729309137379916 1.0306272928394806
61888.9749 lsst_hardware_z 53.82105981885072 41.689998626708984 30.950000762939453 AB 11.042507610234889 1.0367010485359007
61889.0012 lsst_hardware_g -15.839981506231954 13.279999732971191 31.40999984741211 AB 8.62127932717837 1.0095470391028274
61890.9698 lsst_hardware_y -59.20467432792169 51.11000061035156 30.049999237060547 AB 11.76064650952649 1.0361803092093824
61890.989 lsst_hardware_i -52.25932428127518 30.440000534057617 31.260000228881836 AB 11.56211394529252 1.0144874919094955
