data/validation/pwv_sim_epoch_fit_4/58224462.ecsv
# %ECSV 0.9
# ---
# datatype:
# - {name: time, datatype: float64}
# - {name: band, datatype: string}
# - {name: flux, datatype: float64}
# - {name: fluxerr, datatype: float64}
# - {name: zp, datatype: float64}
# - {name: zpsys, datatype: string}
# - {name: pwv, datatype: float64}
# - {name: airmass, datatype: float64}
# meta: {SNID: '58224462', alt: 1024.0, c: -0.08949930965900421, dec: -8.234748, lat: -30.244573, lon: -70.7499537, ra: 41.835938, t0: 60614.578125,
#   x0: 2.2448744717220707e-05, x1: -1.208195686340332, z: 0.3263908326625824}
# schema: astropy-2.0
time band flux fluxerr zp zpsys pwv airmass
60529.4201 lsst_hardware_u 2.653463367433149 3.309999942779541 28.59000015258789 AB 2.0342397207460756 1.0835793967042306
60529.4344 lsst_hardware_y 52.52675620439215 67.33000183105469 30.049999237060547 AB 1.9659771888691007 1.079416465338086
60535.3955 lsst_hardware_g 10.370005937658386 14.600000381469727 31.43000030517578 AB 3.7469093778458613 1.0896929992281115
60535.4155 lsst_hardware_y 32.14003736844986 47.970001220703125 30.030000686645508 AB 3.7099145450267836 1.0795619220214705
60537.3812 lsst_hardware_i -55.50029131636263 30.979999542236328 31.25 AB 5.344443506993994 1.0993969672397006
60537.4019 lsst_hardware_z 4.55007823345607 41.59000015258789 30.950000762939453 AB 5.21078131844837 1.081748249625985
60539.3794 lsst_hardware_r 95.05119258048947 45.630001068115234 31.6200008392334 AB 2.638899052029743 1.0949788597633787
60539.3984 lsst_hardware_y 84.68550712569018 48.900001525878906 30.040000915527344 AB 2.6424599285931096 1.0809817666570298
60541.4039 lsst_hardware_r 162.35525690172824 113.58999633789062 32.400001525878906 AB 1.8168054637981854 1.0795041377291654
60541.4221 lsst_hardware_y -42.262140831746784 82.75 30.799999237060547 AB 2.753890276572079 1.0875985953221967
60543.3931 lsst_hardware_z 28.929981541100698 64.7699966430664 30.979999542236328 AB 1.4219633317194282 1.0796304954529035
60543.4112 lsst_hardware_y 61.088222852687096 55.720001220703125 30.040000915527344 AB 1.4039544621873057 1.0837860113379008
60546.3655 lsst_hardware_r -1.1789284306313392 67.19000244140625 31.639999389648438 AB 2.1594488923452717 1.0896676636030134
60546.3841 lsst_hardware_z 68.50218653676666 56.29999923706055 30.979999542236328 AB 2.3117414367731324 1.0797484524862833
60549.3188 lsst_hardware_g -19.18175680183669 20.75 31.530000686645508 AB 3.5685194600257324 1.1578583582173045
60549.3354 lsst_hardware_r -1.3191014762976623 29.219999313354492 31.540000915527344 AB 3.398275823002747 1.119941499396709
60553.3144 lsst_hardware_i 75.21159641508052 31.739999771118164 31.229999542236328 AB 1.806663779161218 1.1412910796975475
60553.3308 lsst_hardware_z -6.827664808958684 42.45000076293945 30.940000534057617 AB 1.7614148767645357 1.1090287276968585
60555.3235 lsst_hardware_z -21.965679411364373 42.20000076293945 30.940000534057617 AB 1.7375261477864872 1.1120167345831309
60555.3405 lsst_hardware_r 34.345285609749936 23.100000381469727 31.489999771118164 AB 1.0966954618157287 1.0900642377030352
60557.3569 lsst_hardware_u 0.37193851400466954 2.7100000381469727 28.440000534057617 AB 1.3147732567386927 1.079452591739485
60557.3746 lsst_hardware_r 68.09580764166743 23.100000381469727 31.5 AB 1.3437950616589596 1.0847992425097555
60559.3367 lsst_hardware_i 82.28520887599642 30.979999542236328 31.239999771118164 AB 2.490721810190433 1.0844942569769667
60559.3544 lsst_hardware_z -60.58733197989527 41.79999923706055 30.940000534057617 AB 2.56916303156022 1.079480265361437
60568.3452 lsst_hardware_i -2.842018674743386 44.40999984741211 31.299999237060547 AB 4.475186279580565 1.0852224988373604
60568.3646 lsst_hardware_z -7.006032068414873 47.310001373291016 30.959999084472656 AB 4.576439789293407 1.1062887023131083
60571.2674 lsst_hardware_i 179.07195187431392 88.66999816894531 31.31999969482422 AB 6.329095959395428 1.1363339394758163
60571.2887 lsst_hardware_z 3.8444609547956543 75.27999877929688 30.989999771118164 AB 6.088121957340287 1.098988574816605
60574.2032 lsst_hardware_z 1.7533930508887183 72.19999694824219 30.950000762939453 AB 3.0552112731395082 1.3621093504855484
60574.2255 lsst_hardware_i -113.59016306651593 75.2699966430664 31.299999237060547 AB 2.663143212707686 1.2448957404266383
60578.2511 lsst_hardware_u 1.3553591727688123 2.6600000858306885 28.360000610351562 AB 3.6118565846285566 1.1301767670284923
60578.2693 lsst_hardware_g -17.44986086307361 17.010000228881836 31.469999313354492 AB 3.4833143648823413 1.0993575398082904
60582.2966 lsst_hardware_z -21.080315036112534 41.779998779296875 30.940000534057617 AB 4.0830457394771 1.0803137291909248
60582.3148 lsst_hardware_r 51.000743681202486 23.260000228881836 31.489999771118164 AB 4.081729043591861 1.0918092934577668
60586.288 lsst_hardware_i -8.696873972583909 30.969999313354492 31.239999771118164 AB 2.940690945367153 1.0810370169532775
60586.307 lsst_hardware_z -36.78739854505196 41.97999954223633 30.940000534057617 AB 2.8835199265310676 1.0951461931375115
60588.2902 lsst_hardware_r -6.204818075975221 23.338192832428014 31.5 AB 6.459547371795193 1.084954418945235
60588.3092 lsst_hardware_u 0.9026113952789854 2.7504735698126646 28.450000762939453 AB 6.326541155717982 1.105104862857935
60590.2834 lsst_hardware_g -39.20571389418375 15.491535017929461 31.440000534057617 AB 4.027426442523426 1.084098638633493
60590.3037 lsst_hardware_r -1.5476949701094975 23.85514602638016 31.5 AB 4.0146338696472395 1.105046482148601
60596.2139 lsst_hardware_z 296.93158208603023 51.00836490439331 30.959999084472656 AB 6.98196305835664 1.108248104501054
60596.2315 lsst_hardware_r 533.7501481724886 50.9835865292151 31.610000610351562 AB 6.851343234634682 1.0875147991483622
60599.2497 lsst_hardware_i 811.0346549856233 89.67713598553169 31.329999923706055 AB 5.62723513772047 1.0801871845129993
60599.2678 lsst_hardware_z 768.0569610855214 79.06136040005993 30.989999771118164 AB 6.562540830981237 1.0912257676192005
60601.2513 lsst_hardware_r 2505.370774100633 133.57503547407688 31.649999618530273 AB 3.9620404121310817 1.0829192088550696
60601.2685 lsst_hardware_z 1285.7622686587872 92.20310005493779 30.989999771118164 AB 4.00937439856418 1.0980576223928407
60603.245 lsst_hardware_y 590.6048671623474 58.419554699975805 30.040000915527344 AB 1.9499244076233184 1.0824894934993137
60603.2622 lsst_hardware_r 3642.083426502686 97.50792424711659 31.639999389648438 AB 2.1905886179736327 1.0970312751725062
60605.245 lsst_hardware_i 3048.054252738495 69.24947242366355 31.290000915527344 AB 3.7018205452728674 1.0857901482030663
60605.2624 lsst_hardware_z 2325.471914510857 68.28547990564982 30.959999084472656 AB 4.023744870846542 1.104539367497778
60607.1747 lsst_hardware_z 2809.886117280364 67.10140791890541 30.950000762939453 AB 5.169020093698836 1.1244741148687036
60607.1924 lsst_hardware_r 5175.374786422035 75.36408957733877 31.510000228881836 AB 5.03303602815392 1.096541918659508
60611.1781 lsst_hardware_i 4329.825554704851 73.24948462858903 31.260000228881836 AB 2.3606563979366917 1.1007957089935612
60611.1951 lsst_hardware_z 3186.235076654692 70.45723396652338 30.950000762939453 AB 2.294289646952448 1.0842578671794778
60613.2141 lsst_hardware_r 6833.150324578253 86.17097240226353 31.520000457763672 AB 4.115424740362245 1.0809678431980683
60613.229 lsst_hardware_u 54.16535314088141 8.412624400358569 28.579999923706055 AB 4.16407063304739 1.0906656683743028
60615.1593 lsst_hardware_u 48.05266074296759 7.668260136586179 28.420000076293945 AB 4.339382352638499 1.1126621417021794
60615.1787 lsst_hardware_g 4759.38964853991 70.07608368332035 31.450000762939453 AB 3.872355492740562 1.0882752737273165
60617.161 lsst_hardware_r 6578.610874565137 84.46323715708698 31.5 AB 5.618984515412631 1.1017616696887513
60617.1788 lsst_hardware_i 5061.05710975272 76.36352695281721 31.260000228881836 AB 5.029266541334395 1.0842052043693005
60620.1624 lsst_hardware_z 3007.857689794892 69.08453578470963 30.950000762939453 AB 4.873605719521551 1.090658099926345
60620.1807 lsst_hardware_r 5931.49954791836 80.95528077678537 31.5 AB 5.807170733159126 1.0800019961240703
60624.1996 lsst_hardware_i 4188.382171822144 75.47921792004685 31.270000457763672 AB 0.8061807583781981 1.091276830291977
60624.2169 lsst_hardware_z 2678.4460305389857 68.17425159159346 30.950000762939453 AB 2.574938973356129 1.1146921962581646
60626.2 lsst_hardware_r 4948.895545797827 95.88617878676801 31.6299991607666 AB 4.830113465189165 1.0977530602702648
60626.2183 lsst_hardware_z 2470.80297120896 73.04720263004782 30.959999084472656 AB 7.551311873690621 1.1277207134056557
60629.1361 lsst_hardware_y 1088.751106634978 94.1439349832408 30.799999237060547 AB 6.350749786708879 1.092367196165793
60633.1789 lsst_hardware_z 1950.1052772421742 65.83729011525743 30.959999084472656 AB 5.483896249859903 1.0953917537507216
60633.1982 lsst_hardware_r 2959.2398434591655 77.88558397774348 31.610000610351562 AB 5.743348271164681 1.1257052667904117
60640.1121 lsst_hardware_g 504.63331664242315 26.780302561620445 31.43000030517578 AB 4.144344714366454 1.0869224472166714
60640.1328 lsst_hardware_i 2342.4873807811455 56.73967698584924 31.25 AB 3.8859950671939254 1.0794430742205348
60642.0943 lsst_hardware_z 1598.9310511277508 58.31679682000477 30.940000534057617 AB 5.51572757948198 1.0996815191111957
60642.1084 lsst_hardware_r 1300.886793509153 43.38687444792944 31.5 AB 5.451149580270495 1.0856160478507557
60644.1433 lsst_hardware_u 7.083495227297036 3.6574419631423116 28.440000534057617 AB 8.918218178663087 1.0896694715915738
60644.1631 lsst_hardware_g 351.5891358960815 23.70868581891821 31.40999984741211 AB 9.041571093314822 1.1161055540445406
60652.0763 lsst_hardware_g 323.2976211121809 31.133474867984024 31.610000610351562 AB 5.860607822425451 1.0894673111461786
60652.0954 lsst_hardware_i 1403.0522683243469 50.67569617004777 31.270000457763672 AB 6.690482288485202 1.0796324493279332
60654.0785 lsst_hardware_z 1011.0420743329183 59.4284313987318 30.969999313354492 AB 10.826014968663054 1.0837575048715018
60654.0971 lsst_hardware_r 686.8725519888798 58.655047603700034 31.6299991607666 AB 11.479376587143364 1.0796921193378037
60656.1214 lsst_hardware_y 603.302898166566 82.50703453388553 30.790000915527344 AB 13.026293669279003 1.1020553019693624
60658.1152 lsst_hardware_r 623.3698094410412 105.4655954058112 31.649999618530273 AB 8.560460257338667 1.1010518389469273
60658.1332 lsst_hardware_i 991.4815580644664 88.41794856240226 31.31999969482422 AB 8.917677076750586 1.132529340759517
60660.1185 lsst_hardware_z 772.944900338052 68.44777399485572 30.979999542236328 AB 10.742859387732148 1.1145008442360065
60660.1362 lsst_hardware_r 389.62371452428874 90.99403459430921 31.6299991607666 AB 10.8139132447112 1.1527565619612012
60663.0467 lsst_hardware_y 241.00687463028484 51.776875890818964 30.040000915527344 AB 5.584233649152128 1.0890753094400425
60663.0697 lsst_hardware_i 777.3741267913847 42.38432821964673 31.25 AB 5.890955439934976 1.0794238094246407
60665.0466 lsst_hardware_y 511.64263322634446 73.44121687223532 30.790000915527344 AB 5.937428041391593 1.0849241152500169
60665.0678 lsst_hardware_r 901.2310178102799 45.027972734488195 32.25 AB 5.824138556598334 1.0798106217042422
60668.0478 lsst_hardware_y 148.09877989294253 51.32897166518933 30.040000915527344 AB 7.662930733823332 1.0804527048677603
60668.0686 lsst_hardware_g 91.40359587055485 17.462190872428714 31.43000030517578 AB 7.787340117603093 1.0830290831583738
60670.0412 lsst_hardware_z 484.27603393782107 55.77262628043316 30.969999313354492 AB 6.851050696010404 1.080806251835575
60670.063 lsst_hardware_i 845.6454410189704 41.25423975267163 31.25 AB 6.973412206034063 1.0829541027348017
60672.0403 lsst_hardware_y 189.04700791082308 63.86677046796218 30.049999237060547 AB 7.836620610860119 1.0796969773166023
60672.0623 lsst_hardware_r 420.9579297874525 31.151798859387164 31.510000228881836 AB 8.8754245047513 1.0859445130002814
60674.0383 lsst_hardware_y 153.0737721094856 68.23123856838308 30.059999465942383 AB 8.176405770106184 1.0794053756507136
60674.0595 lsst_hardware_r 413.21646322357685 31.171105114599545 31.510000228881836 AB 8.185517386436008 1.0880173752462572
60895.4188 lsst_hardware_z -3.613188888989271 54.790000915527344 30.969999313354492 AB 1.9887586886674165 1.0832019001456517
60898.4076 lsst_hardware_z 25.160965473432864 60.13999938964844 30.979999542236328 AB 6.552147769279814 1.085032198489702
60898.426 lsst_hardware_y -35.57771951845341 57.0099983215332 30.049999237060547 AB 5.333654712034205 1.0795050859236037
60900.4029 lsst_hardware_r -90.57275117091248 73.30000305175781 31.639999389648438 AB 4.857817665870801 1.0845360370316206
60900.4238 lsst_hardware_y 89.64377243793184 55.79999923706055 30.040000915527344 AB 5.05549907238217 1.0799271729668547
60903.3937 lsst_hardware_z -68.75393413317067 46.22999954223633 30.959999084472656 AB 5.275434700107141 1.0852012754141713
60907.3547 lsst_hardware_i -11.666047381070221 31.3700008392334 31.239999771118164 AB 3.010822972035449 1.1209318585388865
60907.3774 lsst_hardware_y 29.366667062052752 47.70000076293945 30.030000686645508 AB 1.7782467395876003 1.0894450847527035
60913.3266 lsst_hardware_r -23.414402951925762 23.350000381469727 31.479999542236328 AB 3.112075110736574 1.1465338735367459
60913.345 lsst_hardware_i -2.630727207198855 31.209999084472656 31.239999771118164 AB 2.7614072781459202 1.1092959071287842
60931.3445 lsst_hardware_i -6.82019773910455 45.75 31.299999237060547 AB 2.9915152752253746 1.0815311913323842
60931.3646 lsst_hardware_z 62.033803382534145 49.650001525878906 30.959999084472656 AB 3.103238678099379 1.0979086071466693
60933.2701 lsst_hardware_z 39.88838282255517 42.34000015258789 30.940000534057617 AB 2.815410916740806 1.1513403421790183
60933.2888 lsst_hardware_r -20.017410234338143 24.899999618530273 31.510000228881836 AB 2.799009025079808 1.1118944750052204
60935.2704 lsst_hardware_u 1.5694019105852 2.630000114440918 28.350000381469727 AB 2.2562909964469204 1.1373389883795875
60935.2898 lsst_hardware_r -11.181422358081079 22.93000030517578 31.489999771118164 AB 2.181606412404271 1.1020997284183667
60937.259 lsst_hardware_g -11.550509305234197 14.119999885559082 31.389999389648438 AB 6.38704732417033 1.1518051168424022
60937.2784 lsst_hardware_i -45.58365276447832 31.110000610351562 31.239999771118164 AB 6.146530706456549 1.111036324543577
60939.2584 lsst_hardware_z 14.02365948565123 42.90999984741211 30.93000030517578 AB 4.324238670797823 1.1398322690735614
60939.2769 lsst_hardware_r 25.05898564406772 23.270000457763672 31.479999542236328 AB 4.277818943239505 1.1049037304966436
60944.2579 lsst_hardware_r 9.891793311404927 23.290000915527344 31.5 AB 3.526735359483389 1.1133543174209046
60944.2758 lsst_hardware_i -6.376096894124262 30.989999771118164 31.239999771118164 AB 3.480131042106188 1.089982056305117
60949.289 lsst_hardware_z 8.76039707823704 41.70000076293945 30.940000534057617 AB 5.111377196636134 1.0797543632649882
60949.3077 lsst_hardware_r 41.85455893661788 23.1200008392334 31.489999771118164 AB 4.868760466343578 1.0896144273802377
60951.2835 lsst_hardware_i 20.437150160961767 44.25 31.290000915527344 AB 2.857014113428953 1.079748342187813
60951.3022 lsst_hardware_z 24.303017025855286 47.380001068115234 30.959999084472656 AB 3.584713438877721 1.0895785528503712
60954.2888 lsst_hardware_r 4.9439343725635645 103.44999694824219 31.649999618530273 AB 6.456445770526923 1.0854209757120072
60954.3066 lsst_hardware_z 186.93276912721342 71.66000366210938 30.979999542236328 AB 6.302907349081176 1.104320166286651
60956.2836 lsst_hardware_y 6.945187330313659 62.970001220703125 30.049999237060547 AB 4.117688412592789 1.085602007010899
60956.3025 lsst_hardware_r -34.19493799303354 120.30000305175781 31.639999389648438 AB 3.774773711467844 1.1063228931613336
60958.2141 lsst_hardware_r 75.19211712707518 76.30999755859375 31.6299991607666 AB 2.93737159607745 1.1235642978748372
60958.2315 lsst_hardware_i 57.80886146218623 63.22999954223633 31.309999465942383 AB 2.888375013466237 1.0963655393685572
60960.2125 lsst_hardware_z 32.62857725719287 45.849998474121094 30.950000762939453 AB 6.13987685535226 1.1163412464276836
60960.2304 lsst_hardware_r -6.81927227193063 37.540000915527344 31.579999923706055 AB 6.0039500831719295 1.0916272878494417
60962.2123 lsst_hardware_u -1.7763691909546646 2.619999885559082 28.34000015258789 AB 6.977945237150015 1.107610355103177
60962.2306 lsst_hardware_r 21.743537837073863 23.34000015258789 31.489999771118164 AB 6.845956244842154 1.0866597214035165
