data/validation/pwv_sim_epoch_fit_4/58275755.ecsv
# %ECSV 0.9
# ---
# datatype:
# - {name: time, datatype: float64}
# - {name: band, datatype: string}
# - {name: flux, datatype: float64}
# - {name: fluxerr, datatype: float64}
# - {name: zp, datatype: float64}
# - {name: zpsys, datatype: string}
# - {name: pwv, datatype: float64}
# - {name: airmass, datatype: float64}
# meta: {SNID: '58275755', alt: 1024.0, c: 0.1355605274438858, dec: -51.062042, lat: -30.244573, lon: -70.7499537, ra: 296.483246, t0: 63005.51171875,
#   x0: 4.276967603525809e-06, x1: -0.20529572665691376, z: 0.6542145013809204}
# schema: astropy-2.0
time band flux fluxerr zp zpsys pwv airmass
62984.4085 lsst_hardware_z 240.23387666163148 44.241179997959755 30.940000534057617 AB 5.3809097451725405 1.0712541798073942
62984.4204 lsst_hardware_y -16.730227678036304 53.45686330644548 30.040000915527344 AB 6.3367968726865245 1.0692609605748116
62990.413 lsst_hardware_r 576.332980203974 33.53193613685183 31.479999542236328 AB 9.601766083762028 1.0700731175484262
62990.4239 lsst_hardware_y 114.22272935323537 56.45760331792451 30.040000915527344 AB 9.556340382572317 1.073746110401384
62995.3946 lsst_hardware_z 1606.1205503574029 99.15985812630184 31.739999771118164 AB 8.194680678506668 1.0693944662289165
62999.3521 lsst_hardware_z 2943.3016916990355 96.2637293022561 32.150001525878906 AB 6.650858259091224 1.0791154438147716
62999.3663 lsst_hardware_r 3884.4790659706864 94.57656095160385 32.79999923706055 AB 6.613255414760402 1.0716667338779076
63010.3314 lsst_hardware_r 1076.3805391772921 39.225960235928326 31.479999542236328 AB 7.672294416090379 1.073648812775032
63010.3448 lsst_hardware_i 1209.6499216390976 46.90489078736308 31.25 AB 7.3179681715171565 1.0696177595396574
63013.3344 lsst_hardware_z 999.4027114283972 52.29341433972632 30.950000762939453 AB 3.8975651160197446 1.0699757822161333
63013.3458 lsst_hardware_u -0.14808788813224885 2.720677113833164 28.450000762939453 AB 3.891991716441685 1.0694243587949923
63015.3307 lsst_hardware_g 53.98371667197332 16.148809595813063 31.420000076293945 AB 9.184640426185334 1.0696813260823792
63015.3432 lsst_hardware_r 842.6936783526219 36.65593370167401 31.489999771118164 AB 9.1078344531153 1.0697898813415971
63019.3185 lsst_hardware_i 921.326511616158 52.49437707474159 31.299999237060547 AB 10.15092247108138 1.0698883627538476
63019.332 lsst_hardware_z 971.5437984750221 54.86684840685042 30.959999084472656 AB 10.138691602667615 1.0697455353991083
63020.3297 lsst_hardware_z 875.1073434180596 61.055907583038646 30.969999313354492 AB 9.982978456780746 1.0698149768827352
63020.3418 lsst_hardware_r 705.3049743405207 65.64566457512147 31.639999389648438 AB 11.364867105773307 1.0736512700005538
63022.336 lsst_hardware_i 919.0969841846787 87.255514331543 31.329999923706055 AB 5.622422574079641 1.073493570230003
63022.349 lsst_hardware_r 622.8102104355762 107.372279828695 31.649999618530273 AB 5.637434961086748 1.0816087542257207
63031.3201 lsst_hardware_z 661.5503815176972 48.115969660335196 30.940000534057617 AB 13.243819820346168 1.078428409452215
63031.3316 lsst_hardware_u 0.4304858758296225 2.9910804795515507 28.459999084472656 AB 13.373639514047026 1.0879511502173658
63036.3242 lsst_hardware_g 18.835178602463092 14.87394065491781 31.420000076293945 AB 3.3084057964653883 1.0945924884913873
63036.3383 lsst_hardware_r 226.7653649537622 26.94002250725987 31.489999771118164 AB 2.887201407965252 1.1135314294395777
63044.2481 lsst_hardware_i 234.30996299299548 34.616505533371345 31.25 AB 7.7117289686701636 1.0703301830215355
63044.2605 lsst_hardware_z 378.6479022651291 45.61529247028354 30.950000762939453 AB 7.674885937843588 1.0693724310775516
63046.2783 lsst_hardware_z 402.47582259850645 45.80822990608991 30.940000534057617 AB 2.9735580718267505 1.0778642761492525
63046.291 lsst_hardware_g 16.656280243480783 14.483445970218721 31.420000076293945 AB 2.9378653957657916 1.0882998317339476
63048.2243 lsst_hardware_y 130.49713426131206 51.39704402701369 30.030000686645508 AB 8.276563973659616 1.0753672414291278
63048.2365 lsst_hardware_r -40.65901723830628 56.97001698820006 31.6299991607666 AB 8.248685620537973 1.0704932347722158
63051.2062 lsst_hardware_r -13.586911747088683 118.88874843436139 31.649999618530273 AB 8.310043234215504 1.082095586898002
63051.2182 lsst_hardware_i 294.38278688264603 94.09367323297408 31.329999923706055 AB 7.8127908036849245 1.0742676877374235
63053.2161 lsst_hardware_z 213.0203369279506 75.13638669122808 30.989999771118164 AB 4.716974503476441 1.072730433266067
63053.2269 lsst_hardware_r 230.64959889367552 106.98410670222191 31.649999618530273 AB 4.694536542658296 1.0696953993600855
63061.2056 lsst_hardware_u -1.5747382847952747 2.7939974566342847 28.3799991607666 AB 7.758143217082778 1.0696215285851238
63061.2175 lsst_hardware_r 76.35426831911008 24.39156488701362 31.479999542236328 AB 7.058760595544 1.069779327437838
63066.1983 lsst_hardware_z 206.30141818521187 43.68067294682483 30.950000762939453 AB 3.4171259733784427 1.069271993547193
63066.2099 lsst_hardware_r 74.96996987903421 24.428604597034735 31.5 AB 2.689168080142944 1.0712038825465668
63070.1877 lsst_hardware_r 42.085597969745045 24.145352760005345 31.489999771118164 AB 5.7300158316456615 1.0692821705893465
63070.1999 lsst_hardware_i 91.32769862002581 32.53171393292496 31.239999771118164 AB 5.724944559057311 1.071501750116006
63075.0315 lsst_hardware_z 322.3909821155653 70.68480786997455 31.670000076293945 AB 6.1342162148758215 1.3631591588612937
63075.0376 lsst_hardware_g -0.2620115096914799 49.58865750971196 32.310001373291016 AB 6.003372190109122 1.3340827089131382
63076.1897 lsst_hardware_r 46.000769031369664 47.0728865073531 31.6200008392334 AB 4.505601750416393 1.074040941696346
63080.1345 lsst_hardware_z 146.30791046844487 78.80600815116102 30.989999771118164 AB 1.9884804657984898 1.0767944760641641
63080.1454 lsst_hardware_r 113.44312582284836 115.31076945388389 31.649999618530273 AB 1.9635249292159576 1.0715981058118742
63082.1323 lsst_hardware_i 92.69659850130586 76.35135601150775 31.329999923706055 AB 1.509376913354477 1.0749271786500725
63082.1439 lsst_hardware_z 182.69466990490236 67.63132156922184 30.989999771118164 AB 1.5360911393621104 1.0704467870119236
63084.1289 lsst_hardware_r 166.77789787028834 55.90483468216058 31.6299991607666 AB 2.225449428167897 1.0738858427704183
63084.1394 lsst_hardware_z 139.51172824298595 51.54123740439487 30.969999313354492 AB 2.2414115884678822 1.0702267651446198
63086.1352 lsst_hardware_g 17.86525494890065 14.12563466262676 31.40999984741211 AB 4.134729866505149 1.069972362590826
63086.1474 lsst_hardware_i 48.04780575615801 36.02435999364016 31.260000228881836 AB 4.126618866099575 1.0695340473692203
63089.1285 lsst_hardware_z -50.49075440748353 41.529998779296875 30.940000534057617 AB 8.783668181803048 1.069722310894073
63089.1402 lsst_hardware_r 1.2743531386029352 22.729999542236328 31.489999771118164 AB 8.781112143324266 1.0696607050978186
63095.1209 lsst_hardware_g -2.3956438797837127 13.920000076293945 31.420000076293945 AB 4.345618712959932 1.0693617257359826
63095.1327 lsst_hardware_r -3.495013213226006 22.739999771118164 31.489999771118164 AB 4.575127665010007 1.0718768445943008
63096.1102 lsst_hardware_i 40.786256595798264 30.559999465942383 31.25 AB 2.7905261956301524 1.0696110884965608
63096.1207 lsst_hardware_z 8.081108146475028 41.459999084472656 30.950000762939453 AB 2.796676469652529 1.0696110924218836
63101.1102 lsst_hardware_r -1.3274089250238656 22.959999084472656 31.5 AB 2.489958724248662 1.0701445038137585
63101.1212 lsst_hardware_u 0.23593591072349496 2.700000047683716 28.440000534057617 AB 2.5336772109576438 1.0739333309134869
63107.0539 lsst_hardware_i 117.64135636493495 64.98999786376953 31.31999969482422 AB 6.0571405152219535 1.0816322348610632
63107.0652 lsst_hardware_z 54.736623312260804 60.38999938964844 30.979999542236328 AB 6.0162710654764195 1.074334118835075
63112.0632 lsst_hardware_z 47.37322148966904 54.31999969482422 30.969999313354492 AB 1.5339261321882351 1.0701810224569082
63112.0759 lsst_hardware_g 36.02657915254557 74.44999694824219 31.709999084472656 AB 1.488815516161746 1.0694873507297786
63117.0898 lsst_hardware_r 4.243242074166126 22.770000457763672 31.5 AB 2.5324382194475707 1.0817762577734178
63117.1018 lsst_hardware_u -2.9887714778058347 2.7200000286102295 28.450000762939453 AB 2.5480976690982335 1.0932131579970972
63119.0583 lsst_hardware_u -2.1664858111711025 2.6700000762939453 28.43000030517578 AB 3.315983416127495 1.0696720697185467
63119.0692 lsst_hardware_g -13.000776891133842 13.760000228881836 31.40999984741211 AB 3.3252675347198024 1.0726669466838072
63122.0406 lsst_hardware_g 10.441786170265653 13.75 31.40999984741211 AB 2.3746508979509593 1.069461841824414
63122.0526 lsst_hardware_r -22.614365886493204 22.610000610351562 31.489999771118164 AB 2.614248540261807 1.07009764235031
63126.034 lsst_hardware_u -1.422167187964042 2.740000009536743 28.469999313354492 AB 1.7490785934713717 1.0692823435557828
63126.0456 lsst_hardware_g -1.815031743033647 13.8100004196167 31.420000076293945 AB 0.3972811047555727 1.0710791411069136
63130.9832 lsst_hardware_y 262.7104484405958 93.0199966430664 30.799999237060547 AB 2.1750363634522576 1.0860700882754883
63130.9883 lsst_hardware_i -1.7365900837399484 35.9900016784668 31.270000457763672 AB 2.0823429679929184 1.0816897803521501
63133.0255 lsst_hardware_i 66.61645511313401 39.47999954223633 31.280000686645508 AB 3.0126907901134077 1.0707982193401129
63133.0379 lsst_hardware_z 11.644826541314112 45.90999984741211 30.950000762939453 AB 3.048640859443184 1.0761174936261777
63137.029 lsst_hardware_z 79.88946680609423 57.5099983215332 30.979999542236328 AB 5.102166553856762 1.0773534866493248
63137.0402 lsst_hardware_r 93.79414093760087 74.16000366210938 31.639999389648438 AB 5.124743120478607 1.086095818687847
63140.9853 lsst_hardware_z -88.09598416087469 63.189998626708984 30.979999542236328 AB 7.407340969853584 1.069935381668348
63140.989 lsst_hardware_u -14.839335809826267 8.470000267028809 29.139999389648438 AB 7.553632591390148 1.0694399478123808
