data/validation/pwv_sim_epoch_fit_4/58311863.ecsv
# %ECSV 0.9
# ---
# datatype:
# - {name: time, datatype: float64}
# - {name: band, datatype: string}
# - {name: flux, datatype: float64}
# - {name: fluxerr, datatype: float64}
# - {name: zp, datatype: float64}
# - {name: zpsys, datatype: string}
# - {name: pwv, datatype: float64}
# - {name: airmass, datatype: float64}
# meta: {SNID: '58311863', alt: 1024.0, c: -0.025048166513442993, dec: -7.180756, lat: -30.244573, lon: -70.7499537, ra: 291.621094, t0: 60569.56640625,
#   x0: 5.4030917325251325e-06, x1: 0.41912105679512024, z: 0.594066858291626}
# schema: astropy-2.0
time band flux fluxerr zp zpsys pwv airmass
60423.4132 lsst_hardware_z 1.3393525010319538 57.0099983215332 30.969999313354492 AB 10.755443864903382 1.0878736208600859
60426.4153 lsst_hardware_y -72.09108882192011 88.05000305175781 30.790000915527344 AB 1.5227787960606614 1.0876991400433296
60429.3954 lsst_hardware_r -110.3573407086303 73.08999633789062 31.639999389648438 AB 12.44105918159724 1.0882344678774154
60429.4133 lsst_hardware_z 95.43835920213571 60.43000030517578 30.979999542236328 AB 12.429825026511715 1.089650514429091
60436.3654 lsst_hardware_r 33.4217734583476 24.0 31.5 AB 6.608755622046858 1.09371214266394
60436.3839 lsst_hardware_u -1.6536526756448373 2.700000047683716 28.389999389648438 AB 7.5629855355804985 1.0872607152933436
60443.3483 lsst_hardware_g 10.726431046614945 20.920000076293945 32.16999816894531 AB 8.73406283512874 1.0923381590380885
60443.3696 lsst_hardware_i -85.4604996913224 44.5099983215332 31.989999771118164 AB 8.689105817236005 1.087849323486234
60445.3442 lsst_hardware_z 19.757182290952635 59.880001068115234 31.690000534057617 AB 4.530823887978337 1.0915017798068476
60445.3677 lsst_hardware_r 18.328289117573796 23.809999465942383 31.5 AB 4.483118568900559 1.088884403246705
60460.2743 lsst_hardware_r -46.734816628691235 40.470001220703125 31.59000015258789 AB 7.8041599516373195 1.1263581186814182
60460.304 lsst_hardware_z 22.858630250212713 65.81999969482422 31.700000762939453 AB 8.104877060456115 1.0910761131419495
60460.3364 lsst_hardware_r -25.5888314364494 40.810001373291016 31.600000381469727 AB 7.799363226573288 1.0942891067121814
60462.2824 lsst_hardware_r -19.945698716079004 25.200000762939453 31.510000228881836 AB 10.919759734225346 1.1054812695994634
60462.3051 lsst_hardware_y -12.208435035549455 47.68000030517578 30.030000686645508 AB 10.318920282452824 1.0883023676343284
60464.2778 lsst_hardware_g 15.700028746205481 14.75 31.420000076293945 AB 12.675323109344841 1.1044348887398296
60464.3027 lsst_hardware_r 29.645935194058456 23.719999313354492 31.5 AB 13.081441662209583 1.0876050518350966
60466.2802 lsst_hardware_i -18.188644963782178 31.549999237060547 31.25 AB 6.377595910284302 1.0963405856718853
60466.3045 lsst_hardware_z 57.02156764074302 42.25 30.940000534057617 AB 6.567163141584334 1.0874587086577803
60468.2703 lsst_hardware_r -5.4031786628902685 23.729999542236328 31.5 AB 3.7624585729217004 1.1005899830596402
60468.2905 lsst_hardware_u 0.0950427464356106 2.7100000381469727 28.40999984741211 AB 3.8699447676100385 1.0878525430746968
60485.2337 lsst_hardware_z -203.1352910449115 117.73999786376953 31.739999771118164 AB 4.784579632323793 1.0923074327547042
60487.2363 lsst_hardware_r 62.61205352210842 92.61000061035156 32.380001068115234 AB 7.905222227351683 1.088473778320898
60487.2605 lsst_hardware_z 136.92795245542422 78.70999908447266 31.719999313354492 AB 7.842596887874942 1.0927402658318157
60490.2058 lsst_hardware_i -66.20825411352736 31.899999618530273 31.25 AB 3.4276091820465147 1.1056803813053273
60490.2285 lsst_hardware_r 29.440325342188455 26.780000686645508 31.520000457763672 AB 3.603726664105834 1.0883555637305584
60493.2162 lsst_hardware_u -1.5781861803843558 2.759999990463257 28.43000030517578 AB 7.3447567583542455 1.089915181908972
60493.2356 lsst_hardware_g -13.98139807870906 15.029999732971191 31.440000534057617 AB 7.3449217483191696 1.0885397181651233
60495.1857 lsst_hardware_r -6.382049415807816 24.260000228881836 31.489999771118164 AB 4.01260807073835 1.1146133529828748
60495.2054 lsst_hardware_i 25.580984758085233 31.709999084472656 31.25 AB 3.934689262219959 1.0929692395055441
60497.226 lsst_hardware_z -33.577450706271186 59.779998779296875 31.690000534057617 AB 1.960198640063384 1.0889992444796577
60497.2467 lsst_hardware_r -27.671525306753253 34.2400016784668 32.2400016784668 AB 1.9900403521278829 1.1055779734043794
60499.2143 lsst_hardware_u -0.14062103806465345 2.8499999046325684 28.5 AB 2.342106941119478 1.0874553412046328
60499.2338 lsst_hardware_g -3.0450646532313606 15.3100004196167 31.459999084472656 AB 2.3816933137901066 1.09755452248392
60501.2138 lsst_hardware_r 58.327656240197065 24.190000534057617 31.5 AB 9.035008345664385 1.088555222369203
60501.235 lsst_hardware_z -17.11329072435117 42.689998626708984 30.940000534057617 AB 9.168404676177333 1.1046270694189557
60503.2171 lsst_hardware_r 18.85794459528956 24.280000686645508 31.510000228881836 AB 7.425406532799451 1.092935904150707
60503.2355 lsst_hardware_u 6.181835392613689 2.8499999046325684 28.489999771118164 AB 7.625691007092837 1.112589875560738
60506.1914 lsst_hardware_z 14.86314945389881 64.08000183105469 31.700000762939453 AB 3.280336987277743 1.087284384248506
60508.1843 lsst_hardware_r -58.52342869123884 59.529998779296875 31.6299991607666 AB 2.365525039258822 1.0873894070525134
60508.2021 lsst_hardware_i 8.368562403910039 51.95000076293945 31.299999237060547 AB 2.3602120306018244 1.0920587764496585
60511.1732 lsst_hardware_z -32.26107003900493 87.8499984741211 30.989999771118164 AB 6.777254359966404 1.0878417913268708
60511.1938 lsst_hardware_r 5.642151617084371 132.07000732421875 31.639999389648438 AB 6.830409315585722 1.0919918969761346
60514.1729 lsst_hardware_z -89.79905011364006 101.12000274658203 31.729999542236328 AB 5.999412871010013 1.087408308191405
60516.1616 lsst_hardware_r -97.76434471331464 55.22999954223633 31.6200008392334 AB 9.881100397993677 1.0874883502019932
60516.1798 lsst_hardware_z 7.888958053769941 50.86000061035156 30.959999084472656 AB 11.736081059465716 1.0917792510782565
60520.1345 lsst_hardware_i -6.072014935224894 31.760000228881836 31.239999771118164 AB 6.054900302071936 1.0949186803023394
60520.1543 lsst_hardware_r 56.213447306038056 24.09000015258789 31.5 AB 6.040645574128736 1.0872781486079712
60525.1243 lsst_hardware_u 2.348120179255895 2.740000009536743 28.40999984741211 AB 1.9174991437006847 1.0924364869395726
60525.1447 lsst_hardware_g -18.9673052879648 14.9399995803833 31.440000534057617 AB 1.429377800271906 1.0876685861295416
60529.1268 lsst_hardware_z -9.755857623046461 41.9900016784668 30.950000762939453 AB 4.1738385423531135 1.0874090861536552
60529.1457 lsst_hardware_r 5.207586117116963 23.989999771118164 31.510000228881836 AB 4.19729354662854 1.092665796588478
60531.0966 lsst_hardware_i 10.984490250361173 31.719999313354492 31.25 AB 4.094102566268967 1.1024421235801904
60531.1171 lsst_hardware_u 0.9812262416784882 2.759999990463257 28.440000534057617 AB 4.0552092876069095 1.08820858382039
60533.0933 lsst_hardware_g -7.3727539881864 19.6200008392334 31.540000915527344 AB 2.9789270465570072 1.1001146229668273
60535.0899 lsst_hardware_i -9.650483684586401 38.18000030517578 31.280000686645508 AB 4.00387532285615 1.0980803079482069
60535.1098 lsst_hardware_r 40.517482467550714 37.130001068115234 31.600000381469727 AB 3.914026625496883 1.087481349987557
60539.1067 lsst_hardware_r -137.60570439365924 166.11057032588226 32.400001525878906 AB 2.855786906078651 1.0877116381941156
60539.1386 lsst_hardware_i -116.20342393225522 89.31903018108251 31.329999923706055 AB 3.0119807704364465 1.1146883344714682
60541.0925 lsst_hardware_z -37.39187010776304 120.32190151588748 31.739999771118164 AB 2.283994481114101 1.0876164195781433
60541.1123 lsst_hardware_r -170.89362996509345 181.3636552997351 32.400001525878906 AB 2.2937364479819284 1.0922554514199658
60543.1007 lsst_hardware_z 177.988576030528 89.48191524396115 31.729999542236328 AB 3.005971112483099 1.089119968290978
60546.0587 lsst_hardware_g 18.23374261455945 15.992821095810022 31.440000534057617 AB 4.594968400870931 1.099208994885696
60546.0765 lsst_hardware_r 167.79571747459056 26.607578068504495 31.5 AB 4.551675450550536 1.0881149352870976
60549.0486 lsst_hardware_i 377.3536227445919 36.79666098643429 31.25 AB 3.854137519848468 1.1011821485281337
60549.0649 lsst_hardware_r 431.00374251542183 31.170819026322693 31.510000228881836 AB 3.812323872423296 1.0892353921209417
60553.0434 lsst_hardware_u -0.09824136023389497 3.3760534334886363 28.420000076293945 AB 1.3764195608011707 1.0957300470753648
60553.0611 lsst_hardware_g 224.2259443916465 20.94072015195877 31.43000030517578 AB 1.407677817738199 1.0874297549155651
60557.023 lsst_hardware_i 1034.613036607574 45.10796625043148 31.25 AB 1.5413723287580408 1.1055207665469182
60557.043 lsst_hardware_z 708.2713858338197 49.9614872697973 30.940000534057617 AB 1.2993937361355419 1.0892577599458715
60561.0242 lsst_hardware_g 619.8139568153491 28.40029148400183 31.469999313354492 AB 2.8718068592145007 1.0936744624111079
60561.0438 lsst_hardware_r 1610.0834174101376 47.95473075533294 31.510000228881836 AB 2.8075263749809127 1.0873456138578284
60566.0145 lsst_hardware_i 1624.0449405307468 72.98668720906636 31.31999969482422 AB 1.5275978889829112 1.091141349273508
60566.0317 lsst_hardware_r 2304.614842319786 81.76382433110606 31.639999389648438 AB 1.5225109562548405 1.0875078258963147
60568.0263 lsst_hardware_z 2470.4917747523536 109.15227641233575 31.739999771118164 AB 2.7412655564373845 1.0875160895678595
60570.992 lsst_hardware_y 376.70567403066696 59.42179714318366 30.040000915527344 AB 6.6202845695745145 1.0977092637330748
60571.0117 lsst_hardware_r 2059.1065193295244 98.23195727966714 31.639999389648438 AB 6.416006068660503 1.08745865570517
60572.9935 lsst_hardware_y 534.326813354082 53.406733253472645 30.030000686645508 AB 3.740295314606327 1.0922696333904078
60573.0147 lsst_hardware_z 1124.7892778029181 54.168026881403804 30.940000534057617 AB 4.242746256124053 1.087883655416424
60576.9857 lsst_hardware_y 460.1358003160395 65.69834204212368 30.049999237060547 AB 4.876629294121004 1.0904806113865784
60577.0053 lsst_hardware_r 1441.9256962145193 46.02457160805744 31.5 AB 4.73051394816815 1.0882666956408458
60791.4032 lsst_hardware_u 0.0906953601294042 2.819999933242798 28.440000534057617 AB 4.369930441013064 1.088581858593307
60791.4211 lsst_hardware_y 82.51841025744145 57.34000015258789 30.040000915527344 AB 4.803968866163558 1.0892118503941859
60793.3944 lsst_hardware_i -38.91152390473063 31.780000686645508 31.25 AB 5.462558475162826 1.0898959447651289
60793.412 lsst_hardware_y -15.716350342669688 48.7400016784668 30.030000686645508 AB 5.489516762013326 1.0880384702721972
60799.3674 lsst_hardware_u 3.37502383981883 2.7300000190734863 28.399999618530273 AB 9.051616859971224 1.0971102703868965
60799.3858 lsst_hardware_g -2.263126885599445 15.210000038146973 31.450000762939453 AB 9.76934492376286 1.0875370058736347
60801.3642 lsst_hardware_r -14.198261547033509 24.1200008392334 31.510000228881836 AB 3.339947152771325 1.0951843325296726
60801.3821 lsst_hardware_i -1.9103082892427974 31.670000076293945 31.260000228881836 AB 2.8947765635267344 1.0873421217116102
60803.3694 lsst_hardware_z 141.37301593138818 42.34000015258789 30.950000762939453 AB 11.261871900428602 1.0889452620797333
60803.3878 lsst_hardware_r 35.19765679155675 24.020000457763672 31.510000228881836 AB 11.486306367693484 1.0890074773826484
60807.3565 lsst_hardware_i -69.6933329455868 69.23999786376953 31.329999923706055 AB 10.717183898562613 1.0897538155028217
60807.3767 lsst_hardware_z -56.024062835240585 62.61000061035156 30.979999542236328 AB 11.516108348834269 1.088942210659947
60811.3554 lsst_hardware_y -15.919163846556108 57.11000061035156 30.040000915527344 AB 4.494565550485395 1.0873072051815325
60811.3751 lsst_hardware_r 100.44159805024302 93.12999725341797 31.639999389648438 AB 4.875476547191401 1.0941374657072267
60813.3313 lsst_hardware_r 122.43571927306265 73.7300033569336 31.639999389648438 AB 8.713112787047828 1.0953001617910176
60813.3502 lsst_hardware_i -0.3747597949122132 63.619998931884766 31.31999969482422 AB 7.62004038071475 1.0872957415495585
60816.3278 lsst_hardware_z 63.8049405097214 43.959999084472656 30.950000762939453 AB 7.374511093940893 1.0919539637138125
60816.3505 lsst_hardware_r 36.939751496418246 30.8799991607666 31.559999465942383 AB 7.6334965126886205 1.0884004438138601
60825.2881 lsst_hardware_g 5.5316880861283835 14.739999771118164 31.43000030517578 AB 12.938831714534214 1.106072124682357
60825.309 lsst_hardware_i 18.665646350622332 31.420000076293945 31.25 AB 13.909985333976032 1.0890786927891352
60827.2963 lsst_hardware_z 53.872614234894634 59.63999938964844 31.700000762939453 AB 7.497346660628456 1.0929076764764183
60827.3151 lsst_hardware_r 33.464842751826154 33.52000045776367 32.25 AB 7.420203093814223 1.087368565916471
60831.2812 lsst_hardware_y 43.41116935475715 47.810001373291016 30.020000457763672 AB 6.773446164206611 1.0961007884900456
60831.3051 lsst_hardware_g 7.73539240623845 14.550000190734863 31.420000076293945 AB 6.89996281324142 1.0874645883753222
60841.22 lsst_hardware_z -181.04176016034214 67.20999908447266 30.979999542236328 AB 13.34573819673493 1.1504946721323215
60841.2395 lsst_hardware_r 21.602269425567037 88.0 31.639999389648438 AB 12.908313094170529 1.112785611566425
60843.2331 lsst_hardware_i -19.86585599473903 45.709999084472656 31.290000915527344 AB 5.657767667751941 1.1141907280384555
60843.2449 lsst_hardware_z 50.48477376566928 49.33000183105469 30.959999084472656 AB 5.655839260261007 1.0993775188002282
60845.2667 lsst_hardware_r 36.40919369747673 29.399999618530273 31.549999237060547 AB 3.7527823071628514 1.0874477853268187
60845.2886 lsst_hardware_z -41.10953991293206 43.880001068115234 30.950000762939453 AB 3.844441117524395 1.099720939458674
60850.2145 lsst_hardware_z 28.05093030692968 42.5 30.940000534057617 AB 4.51233350200237 1.1134233020239723
60850.2351 lsst_hardware_r -40.95061222900262 24.030000686645508 31.510000228881836 AB 4.4359734787005625 1.09188713784887
60853.205 lsst_hardware_u -3.5912868514083174 2.7699999809265137 28.43000030517578 AB 8.254836671385608 1.1154179809997669
60853.2272 lsst_hardware_g -1.6844189456025274 15.079999923706055 31.450000762939453 AB 7.958580013468626 1.0917119360039267
60862.2003 lsst_hardware_i 55.53960750188129 48.38999938964844 31.299999237060547 AB 5.299389112094675 1.0932210648983107
60862.222 lsst_hardware_z -2.048369152706019 50.40999984741211 30.969999313354492 AB 4.735157906159978 1.0877085542480807
60871.1653 lsst_hardware_r -45.20494000245223 56.41999816894531 31.6200008392334 AB 7.606394194943617 1.1027488805311385
60871.1864 lsst_hardware_y 78.20849356323657 50.47999954223633 30.030000686645508 AB 6.964042543706514 1.0881316474541427
60876.1557 lsst_hardware_g 2.368581106581864 15.039999961853027 31.440000534057617 AB 3.5152125808649672 1.0985039315203022
60876.1787 lsst_hardware_r 18.956407987391493 24.170000076293945 31.510000228881836 AB 3.721095454018273 1.0872977853369843
60878.1638 lsst_hardware_i 35.910543236963946 31.75 31.25 AB 5.600389016145887 1.089287282704724
60878.1858 lsst_hardware_z -37.831410710523485 42.20000076293945 30.940000534057617 AB 5.977678225952339 1.0902203585541381
60880.1627 lsst_hardware_r 6.026253925498159 24.239999771118164 31.510000228881836 AB 6.745117256553575 1.0879221381538025
60880.1826 lsst_hardware_u -1.7074018172662453 2.8299999237060547 28.479999542236328 AB 6.023943095958738 1.091425853839607
60887.1276 lsst_hardware_r 27.340585789505695 26.219999313354492 31.520000457763672 AB 4.057880095017531 1.096724350004738
60887.1485 lsst_hardware_y 8.506828990859683 47.810001373291016 30.030000686645508 AB 4.0230233417585275 1.087303605880683
60889.1314 lsst_hardware_g 22.439329469462702 32.560001373291016 31.649999618530273 AB 2.021513368961435 1.0903524104430609
60889.1522 lsst_hardware_r -69.1889119487667 35.7400016784668 31.579999923706055 AB 1.965183780949175 1.0887444769801524
60893.1315 lsst_hardware_r -32.94675689555508 96.27999877929688 31.649999618530273 AB 2.2646354364887125 1.087329461763876
60893.1526 lsst_hardware_z 52.97720229701258 70.80999755859375 30.989999771118164 AB 2.2791810036045135 1.095233543298661
60895.1302 lsst_hardware_z 112.29137156934328 94.43000030517578 31.0 AB 4.203763353707993 1.0874614177049218
60895.1506 lsst_hardware_i -30.17998940704111 116.97000122070312 31.329999923706055 AB 4.174543679854356 1.0982751065125902
60898.0974 lsst_hardware_r -19.293109403532576 87.9000015258789 31.639999389648438 AB 8.215115095828196 1.0968721129339456
60898.1187 lsst_hardware_z -20.780720946374956 64.16000366210938 30.979999542236328 AB 8.1325510864865 1.0873000171337306
60900.0964 lsst_hardware_r 39.97721027764414 37.540000915527344 31.59000015258789 AB 2.8076706529278 1.093329693507446
60900.115 lsst_hardware_y 32.78544384815987 49.04999923706055 30.040000915527344 AB 2.6161190601334745 1.0873312801884767
60903.0925 lsst_hardware_g -10.90979718416296 14.800000190734863 31.440000534057617 AB 5.563292017279095 1.0906989969832235
60903.1116 lsst_hardware_r 11.436127251953385 23.790000915527344 31.5 AB 5.56609322018294 1.0880484564115998
60909.1281 lsst_hardware_g 3.980230556419762 14.789999961853027 31.420000076293945 AB 2.264146477896606 1.118603389796174
60909.1507 lsst_hardware_i 11.653727397379818 32.04999923706055 31.239999771118164 AB 2.3521025721899718 1.168262866981774
60911.0649 lsst_hardware_r -9.185497463190078 23.690000534057617 31.5 AB 2.7713018440451593 1.0944029396959856
60911.0912 lsst_hardware_z -18.619455735127406 59.689998626708984 31.700000762939453 AB 3.050825215806359 1.0884466356377676
60911.1177 lsst_hardware_r -37.491318476083535 23.770000457763672 31.489999771118164 AB 3.1743399267459473 1.1110421210719372
60913.0517 lsst_hardware_r 2.1990616478279015 23.709999084472656 31.489999771118164 AB 2.286281984133973 1.1015572074844486
60913.0697 lsst_hardware_u -0.07235162387946976 2.680000066757202 28.3799991607666 AB 2.1867483362946416 1.0887469934252634
60931.0163 lsst_hardware_u 2.673996265244735 2.6700000762939453 28.3700008392334 AB 2.34290505320268 1.0905686826389511
60931.0352 lsst_hardware_g -11.977319434360867 14.84000015258789 31.420000076293945 AB 2.333444011167714 1.0880640425106884
60933.0171 lsst_hardware_r -2.5538856022217344 24.020000457763672 31.510000228881836 AB 1.4001674329410414 1.0881425552290975
60933.0352 lsst_hardware_i -3.869617298828101 31.600000381469727 31.25 AB 1.4073115864118777 1.0900238195923246
60935.0168 lsst_hardware_z 14.592831919317398 42.16999816894531 30.950000762939453 AB 1.8128573660972684 1.0873338528098775
60935.0347 lsst_hardware_r 51.3134345716727 24.030000686645508 31.5 AB 1.929438847604923 1.0928568947062618
60936.9927 lsst_hardware_y 89.71337857257177 48.88999938964844 30.020000457763672 AB 6.653452284769493 1.0953537119429548
60937.0136 lsst_hardware_u -0.792430129408869 2.7300000190734863 28.40999984741211 AB 6.415171294983777 1.087317168641318
60938.9923 lsst_hardware_y 62.094892925114266 49.20000076293945 30.030000686645508 AB 3.7589751028544964 1.0917731928128076
60939.0114 lsst_hardware_r -20.90231236698987 24.040000915527344 31.5 AB 4.2418564423287055 1.0876554980330015
60941.9862 lsst_hardware_y 75.08323741583578 61.189998626708984 30.049999237060547 AB 2.7681281633512382 1.090601417040346
60942.0059 lsst_hardware_r 12.051407898597608 24.139999389648438 31.5 AB 3.0948235313195998 1.0882577030954463
60943.9875 lsst_hardware_z -29.266212127393768 53.45000076293945 30.969999313354492 AB 3.26409717460969 1.0880323915365633
60944.0065 lsst_hardware_g 2.502476482618208 15.859999656677246 31.450000762939453 AB 3.5766373607338844 1.0906876147698055
60945.9878 lsst_hardware_y -14.92174088692528 61.189998626708984 30.049999237060547 AB 4.646851286511216 1.0873006812544526
60946.0069 lsst_hardware_i -7.772177510178143 33.86000061035156 31.260000228881836 AB 5.157119598106099 1.094465109954605
