data/validation/pwv_sim_epoch_fit_4/58423417.ecsv
# %ECSV 0.9
# ---
# datatype:
# - {name: time, datatype: float64}
# - {name: band, datatype: string}
# - {name: flux, datatype: float64}
# - {name: fluxerr, datatype: float64}
# - {name: zp, datatype: float64}
# - {name: zpsys, datatype: string}
# - {name: pwv, datatype: float64}
# - {name: airmass, datatype: float64}
# meta: {SNID: '58423417', alt: 1024.0, c: -0.04262346774339676, dec: -55.873348, lat: -30.244573, lon: -70.7499537, ra: 243.831528, t0: 60847.796875,
#   x0: 9.237131900809216e-06, x1: 0.9191434979438782, z: 0.47550877928733826}
# schema: astropy-2.0
time band flux fluxerr zp zpsys pwv airmass
60743.3815 lsst_hardware_i -7.764982029893944 30.989999771118164 31.229999542236328 AB 8.474515866700466 1.1196348086537806
60743.3939 lsst_hardware_z -11.863521487467109 43.31999969482422 30.940000534057617 AB 8.467079634957976 1.1129179330912318
60750.3914 lsst_hardware_r 63.29088532110353 81.12000274658203 31.639999389648438 AB 8.483198809860601 1.1096885161586132
60750.4072 lsst_hardware_y 89.85742418371518 68.70999908447266 30.049999237060547 AB 8.561343923697208 1.112681703898603
60752.3898 lsst_hardware_i 22.853231031495525 63.66999816894531 31.31999969482422 AB 7.922834121587955 1.1098738000403503
60752.4035 lsst_hardware_y -176.09062431311762 60.0 30.040000915527344 AB 7.979061134411248 1.113383260226226
60754.3876 lsst_hardware_i -113.44800820570242 52.459999084472656 31.309999465942383 AB 6.297650435806351 1.110305083886854
60754.4007 lsst_hardware_y 56.525061796182584 54.810001373291016 30.040000915527344 AB 6.301117400111321 1.114584445774408
60758.3885 lsst_hardware_i 10.260358999681406 32.79999923706055 31.260000228881836 AB 7.5428046442724215 1.1139868031712334
60758.4011 lsst_hardware_y 73.44061024141439 50.63999938964844 30.030000686645508 AB 7.528826852402946 1.1216129389054927
60760.3752 lsst_hardware_u 0.36172052963323753 2.8299999237060547 28.5 AB 7.120688502903598 1.1111752042919092
60760.3889 lsst_hardware_g -9.232205645968035 14.460000038146973 31.43000030517578 AB 7.178934023483514 1.1170540492972272
60762.372 lsst_hardware_r -84.03757110936124 32.25 32.25 AB 8.713090601356894 1.111836316634176
60762.3829 lsst_hardware_i -55.991908600561096 43.93000030517578 32.0 AB 8.28526232180226 1.1167375925151874
60764.373 lsst_hardware_z -52.50234518048246 42.189998626708984 30.940000534057617 AB 6.954114850770217 1.1143968351861573
60764.3848 lsst_hardware_r -2.151311373748594 22.719999313354492 31.479999542236328 AB 8.209920747245263 1.121676028861287
60767.376 lsst_hardware_u 0.8430970475583005 2.569999933242798 28.31999969482422 AB 11.818559753001114 1.121216831654782
60767.3886 lsst_hardware_g -10.148827657778874 13.5 31.3700008392334 AB 11.99379229582431 1.1326028530386778
60769.3122 lsst_hardware_u 0.4626570414079203 2.559999942779541 28.31999969482422 AB 7.630717684264582 1.1185182152685187
60769.3242 lsst_hardware_g 33.13153774399989 13.470000267028809 31.3700008392334 AB 7.765804445048381 1.112446619799219
60771.3106 lsst_hardware_r -12.788523673705086 22.5 31.469999313354492 AB 18.767285554991144 1.116186784922527
60771.3226 lsst_hardware_i -44.32414582255553 30.780000686645508 31.239999771118164 AB 18.633096735912275 1.1112295286206917
60778.3189 lsst_hardware_z -23.576059897270074 68.81999969482422 30.979999542236328 AB 13.510720789098892 1.1098924496097011
60778.3299 lsst_hardware_r 69.49381825672606 100.73999786376953 31.639999389648438 AB 13.55977995591726 1.1123767558638433
60780.3176 lsst_hardware_z 183.6568263697218 99.81999969482422 31.739999771118164 AB 10.871744758346999 1.1104948680640447
60784.2871 lsst_hardware_i -28.450480348551 49.56999969482422 31.299999237060547 AB 10.868836804580855 1.111238320311581
60784.2986 lsst_hardware_r 12.004685796811865 55.099998474121094 31.6200008392334 AB 11.867718863625198 1.1097030121674878
60790.2995 lsst_hardware_u -1.2050793913502162 2.680000066757202 28.420000076293945 AB 14.264973643330023 1.1132913873566617
60790.3134 lsst_hardware_g 21.036427901634063 13.609999656677246 31.389999389648438 AB 14.362414086347522 1.1213700448041268
60792.2885 lsst_hardware_r 21.159176316685336 22.600000381469727 31.469999313354492 AB 2.9875479617821505 1.1113700645230888
60792.2996 lsst_hardware_i 4.963222208998467 30.950000762939453 31.229999542236328 AB 2.2463369004432723 1.115961200799804
60794.2185 lsst_hardware_r 63.56413139025154 39.54999923706055 32.66999816894531 AB 11.945137817526069 1.1432212547877945
60794.2284 lsst_hardware_i 14.07378024868228 53.880001068115234 32.43000030517578 AB 11.87144284349539 1.1316554456638452
60795.2857 lsst_hardware_i 89.21039160677599 30.8799991607666 31.239999771118164 AB 11.751274853689564 1.113231797431751
60795.2984 lsst_hardware_u -1.4353493642619215 2.6500000953674316 28.389999389648438 AB 12.249405205776538 1.1203809668466869
60800.2782 lsst_hardware_i 53.03395357442492 31.040000915527344 31.239999771118164 AB 10.093504809930394 1.1162088775358001
60800.2905 lsst_hardware_r -7.101003439421197 22.8799991607666 31.489999771118164 AB 10.209394173035262 1.1249194740186501
60802.264 lsst_hardware_z -47.974295058646376 45.4900016784668 30.959999084472656 AB 8.232361449635862 1.1122558197170658
60802.2771 lsst_hardware_g 23.041958066215184 24.59000015258789 31.59000015258789 AB 8.250010390835252 1.1188730441222285
60804.2786 lsst_hardware_r -100.66569131568382 62.83000183105469 31.6299991607666 AB 9.668776247617881 1.1240911378107732
60804.2908 lsst_hardware_i 139.89429222095654 53.849998474121094 31.299999237060547 AB 9.776251067969035 1.1361678641773127
60806.2134 lsst_hardware_r 102.24522148645701 102.16999816894531 31.639999389648438 AB 8.402787123062899 1.1171566877181678
60806.2263 lsst_hardware_i -78.04484540220062 79.79000091552734 31.329999923706055 AB 8.347405125915612 1.1114560107295133
60808.2151 lsst_hardware_z -0.7070975547153915 77.91999816894531 30.989999771118164 AB 7.370255894595616 1.1134999085353703
60808.2275 lsst_hardware_i 68.2444817862489 94.56999969482422 31.329999923706055 AB 7.3275669359117375 1.1100692222256836
60810.2235 lsst_hardware_z -91.80310301614968 103.77999877929688 31.729999542236328 AB 7.1588974323193435 1.1099065786541618
60812.2168 lsst_hardware_r 3.0233317683190557 66.98999786376953 31.6299991607666 AB 7.704812022539555 1.1100435128280917
60812.2303 lsst_hardware_i 19.35913841926135 57.11000061035156 31.309999465942383 AB 7.655581511660754 1.1105238883507695
60814.2241 lsst_hardware_z 33.48659617008606 65.2300033569336 31.700000762939453 AB 8.924552034837898 1.1103871974333817
60823.0853 lsst_hardware_i 93.63770326420656 33.584309412991395 31.219999313354492 AB 9.506409187773096 1.2565612188497357
60823.0982 lsst_hardware_z 85.53140600870765 44.45255236442183 30.93000030517578 AB 9.31580112344946 1.2209437907535337
60824.1964 lsst_hardware_u 7.23485448950477 3.557644918168744 28.399999618530273 AB 9.770847275214056 1.1103235540015972
60824.2096 lsst_hardware_g 18.706199405740893 14.437395487303796 31.40999984741211 AB 9.971023235703365 1.1146204757279166
60826.1924 lsst_hardware_r 444.9753667564266 30.879657000290308 31.5 AB 8.706519044567653 1.110596217178048
60826.2049 lsst_hardware_i 325.0715511925002 35.76259755855755 31.25 AB 8.741014887887793 1.1149964778222394
60830.1993 lsst_hardware_g 517.581048880401 33.939414195589016 31.579999923706055 AB 12.82117216135599 1.1180117279947672
60830.2111 lsst_hardware_r 1195.7429753122435 45.98966440383742 31.540000915527344 AB 12.956259907401774 1.1271703777808422
60842.0382 lsst_hardware_g 2742.5477492594164 55.63666811931365 32.11000061035156 AB 11.39951288458427 1.2426794568950879
60842.0506 lsst_hardware_i 4288.55445257141 78.36752913106422 31.979999542236328 AB 10.382196575375856 1.2104341805794738
60844.1345 lsst_hardware_r 3464.198927261511 62.06787060432109 31.489999771118164 AB 6.495654252220342 1.109735920083202
60844.1482 lsst_hardware_u 14.869423430408961 3.9358451286477516 28.389999389648438 AB 6.5290835183684095 1.1119011441363096
60847.1804 lsst_hardware_r 3317.597146419666 62.107880812902415 31.479999542236328 AB 3.3767668533198054 1.1448607741378631
60847.1934 lsst_hardware_i 2216.139782129585 56.627613627046586 31.229999542236328 AB 3.416883300463019 1.1644826788661562
60851.112 lsst_hardware_z 1701.6743721365096 59.068344013665666 30.940000534057617 AB 5.706307514742024 1.109888650429673
60851.1239 lsst_hardware_r 3149.6009225511616 60.6053572876278 31.479999542236328 AB 5.673484148648105 1.1105606450439982
60859.9752 lsst_hardware_r 2454.3519294964676 67.32538812824906 31.559999465942383 AB 10.550795969201848 1.2853892083211138
60859.9806 lsst_hardware_z 1455.1862791712144 61.746934320994235 30.93000030517578 AB 10.426084784627315 1.2678531573000658
60861.0995 lsst_hardware_y 537.5649269504071 54.80688610398622 30.030000686645508 AB 4.061208052211189 1.111238978167996
60861.1126 lsst_hardware_r 2558.9617218952003 74.73824402995153 31.6200008392334 AB 4.091884516136483 1.1167807085525336
60863.0927 lsst_hardware_i 1761.867152874247 81.07887605783228 31.31999969482422 AB 2.8692805403452395 1.110904255150767
60863.1048 lsst_hardware_z 1248.474589799796 74.50489943622482 30.979999542236328 AB 2.8523060179547532 1.1154892522310789
60865.0469 lsst_hardware_i 1618.228731668129 98.3616607312733 31.329999923706055 AB 3.232315053128878 1.1207749837478773
60865.0589 lsst_hardware_z 1281.2419627092577 84.66681203088208 30.989999771118164 AB 3.1363885665938316 1.1137743489324687
60870.0855 lsst_hardware_i 1352.7488266053977 59.71962976678156 31.290000915527344 AB 8.371878605292046 1.1153953442749878
60870.0972 lsst_hardware_z 957.6402249048228 58.933373262979565 30.959999084472656 AB 8.427871114955414 1.1231420982549472
60872.0882 lsst_hardware_r 1041.8595127874978 40.395212317777506 31.479999542236328 AB 4.280103155386208 1.1204458521953424
60872.101 lsst_hardware_u 4.529138104480561 3.42115908184054 28.3799991607666 AB 4.333213716659157 1.1316828719402343
60875.0453 lsst_hardware_r 909.0057171521125 37.59915185476585 31.479999542236328 AB 3.0298732808472497 1.110013108538357
60875.0575 lsst_hardware_i 1134.4025800415618 45.38716550520516 31.239999771118164 AB 2.894464879678123 1.110408521615648
60877.0214 lsst_hardware_i 1101.3180568967866 44.23248080713398 31.229999542236328 AB 6.219033819097124 1.1161223652363825
60877.0334 lsst_hardware_z 770.4140707021782 50.41343232480902 30.940000534057617 AB 6.199249589307679 1.1112255593650333
60879.023 lsst_hardware_r 671.2706261170412 34.59112972485259 31.479999542236328 AB 4.680259259712702 1.1128239338317072
60879.0351 lsst_hardware_u 1.7522066981206665 2.998958260348549 28.350000381469727 AB 4.682465131931911 1.1099395856349348
60881.0274 lsst_hardware_g 94.04574528857471 16.984448689317915 31.399999618530273 AB 5.74923318089837 1.1102120654433465
60881.0388 lsst_hardware_i 879.5363338910838 42.796822665367 31.25 AB 5.749394291758441 1.1100645433952454
60883.0296 lsst_hardware_z 732.3870479388074 49.741365119524076 30.940000534057617 AB 5.016737436617933 1.109774900258364
60883.0411 lsst_hardware_r 548.0207420404514 32.228146658572186 31.479999542236328 AB 5.10449012708216 1.1117260431410563
60886.0237 lsst_hardware_r 447.50588257064356 32.44449950486377 31.5 AB 5.681744606043853 1.1099144585216467
60886.0347 lsst_hardware_i 686.64113224226 41.362282591379135 31.239999771118164 AB 5.677064358121963 1.1123138212693655
60888.0263 lsst_hardware_z 755.3685430398018 51.63109489011018 30.940000534057617 AB 4.058431731768535 1.111391619836203
60888.0375 lsst_hardware_r 427.8602377031912 39.194295371494185 31.559999465942383 AB 4.017654132744161 1.1160150368733779
60890.0261 lsst_hardware_z 656.7433997511957 58.11604885353125 30.959999084472656 AB 2.4443781302908727 1.113189281346887
60890.0375 lsst_hardware_r 437.06580237106095 58.96703413813895 31.610000610351562 AB 2.46260868733769 1.1193675851534952
60896.0098 lsst_hardware_y 711.9069873043693 80.14767774502437 30.790000915527344 AB 6.189158704242982 1.1132247804262214
60899.0029 lsst_hardware_z 426.48815814485573 47.73240559975283 30.950000762939453 AB 2.556103920180038 1.113770771320278
60899.0143 lsst_hardware_r 271.0602642175886 27.668014325831837 31.489999771118164 AB 2.568355213659014 1.1203294279864837
60906.0074 lsst_hardware_g 33.702372343166196 15.240589755041835 31.389999389648438 AB 2.6512306308164053 1.1309102648157567
60906.0203 lsst_hardware_r 220.92103479072682 27.211398404876665 31.479999542236328 AB 2.7551580986936406 1.1462313543312086
61112.3913 lsst_hardware_i 32.343392362070055 33.439998626708984 31.25 AB 15.749771099144041 1.1106509636931063
61112.403 lsst_hardware_y 89.00421553922537 55.84000015258789 30.030000686645508 AB 15.745688413344357 1.1098021835618095
61115.3873 lsst_hardware_g 7.491709227689359 14.020000457763672 31.389999389648438 AB 8.499825888227202 1.1099759571967864
61115.3992 lsst_hardware_y 1.9722177813275206 49.709999084472656 30.020000457763672 AB 8.492103360097135 1.1103207705509437
61117.3972 lsst_hardware_r 60.514683031631975 32.939998626708984 32.22999954223633 AB 7.986791004688116 1.1110511239741294
61117.4104 lsst_hardware_y -17.818574200451838 102.63999938964844 30.790000915527344 AB 7.981006680600872 1.1164589327272676
61119.3902 lsst_hardware_g 1.3421667387234804 13.859999656677246 31.3799991607666 AB 6.260969845120688 1.1106918298954769
61119.4034 lsst_hardware_z -60.21276207697528 46.7400016784668 30.950000762939453 AB 6.3482079037012165 1.1156126595456621
61123.3913 lsst_hardware_r -20.666572134272325 22.760000228881836 31.479999542236328 AB 7.535192986580195 1.1150034013880135
61123.4038 lsst_hardware_y -51.54768850531677 50.459999084472656 30.020000457763672 AB 7.590504508688944 1.1231880006938362
61127.3684 lsst_hardware_z 16.120419302639775 42.11000061035156 30.940000534057617 AB 8.715225838463029 1.1107032791507594
61127.3789 lsst_hardware_r -27.854777939516786 22.579999923706055 31.469999313354492 AB 8.203013654230569 1.114287569060053
61132.3669 lsst_hardware_r 78.10136430843234 91.58000183105469 31.639999389648438 AB 9.963355119291736 1.11509290646804
61132.3788 lsst_hardware_i 61.568839344980056 71.87999725341797 31.31999969482422 AB 11.847897621005716 1.1228460863376133
61134.3771 lsst_hardware_z -67.83385970870314 67.16999816894531 30.979999542236328 AB 9.277013355146256 1.1260219517701415
61134.3893 lsst_hardware_r -159.56113612569033 93.12999725341797 31.6299991607666 AB 9.36420651727215 1.1387937999216016
61136.3778 lsst_hardware_z 20.0886422353095 64.18000030517578 30.979999542236328 AB 22.052845051922347 1.1319939113901893
61136.3898 lsst_hardware_r 23.43344184397166 82.43000030517578 31.6299991607666 AB 22.2702502016519 1.1464441173535598
61140.3153 lsst_hardware_z -33.071741347976065 44.779998779296875 30.950000762939453 AB 5.741381407397309 1.1105723501905946
61140.3263 lsst_hardware_r 0.22174558751474222 35.189998626708984 31.579999923706055 AB 5.889692511366404 1.1097969684127384
61147.305 lsst_hardware_r 9.125916438585513 22.59000015258789 31.479999542236328 AB 15.316076522284572 1.109726592606055
61147.3175 lsst_hardware_u 0.25225477216106124 2.7200000286102295 28.450000762939453 AB 15.34296479000335 1.1116747825144317
61149.3031 lsst_hardware_g -12.4700533625606 13.460000038146973 31.3799991607666 AB 11.82252410831671 1.1099050969301207
61149.3136 lsst_hardware_r 16.43932109711567 22.450000762939453 31.469999313354492 AB 11.89568185827664 1.1121790595973486
61151.2996 lsst_hardware_i 26.36531823813422 30.799999237060547 31.229999542236328 AB 9.923191765979984 1.1101319273925307
61151.311 lsst_hardware_z -46.85073854312157 42.189998626708984 30.940000534057617 AB 9.949709089479136 1.113254163857786
61153.2977 lsst_hardware_r 15.968288466044735 22.5 31.479999542236328 AB 6.240156068786098 1.1107762901687066
61153.31 lsst_hardware_u -3.2980895232633767 2.6600000858306885 28.40999984741211 AB 6.247290712120019 1.1153220742894585
61155.2987 lsst_hardware_g -0.9657113656131961 13.5600004196167 31.3799991607666 AB 14.237638632479856 1.1127139508923005
61155.3106 lsst_hardware_i -17.531749305398336 30.969999313354492 31.229999542236328 AB 14.34292785796885 1.118902221977092
61157.2709 lsst_hardware_r 21.34914852986094 41.290000915527344 31.600000381469727 AB 2.9740169143742516 1.1102256329908546
61157.2849 lsst_hardware_z -66.95655038302317 46.18000030517578 30.959999084472656 AB 2.9865179350426363 1.1104017109376183
61159.3033 lsst_hardware_y -71.21149769293858 73.36000061035156 30.780000686645508 AB 13.467923845065762 1.1214703083810225
