data/validation/pwv_sim_epoch_fit_4/5852058.ecsv
# %ECSV 0.9
# ---
# datatype:
# - {name: time, datatype: float64}
# - {name: band, datatype: string}
# - {name: flux, datatype: float64}
# - {name: fluxerr, datatype: float64}
# - {name: zp, datatype: float64}
# - {name: zpsys, datatype: string}
# - {name: pwv, datatype: float64}
# - {name: airmass, datatype: float64}
# meta: {SNID: '5852058', alt: 1024.0, c: -0.008424080908298492, dec: -32.089951, lat: -30.244573, lon: -70.7499537, ra: 288.808594, t0: 61263.09765625,
#   x0: 5.2596244540456795e-05, x1: -1.466470718383789, z: 0.225237175822258}
# schema: astropy-2.0
time band flux fluxerr zp zpsys pwv airmass
[from data line 132]
61576.1517 lsst_hardware_i 35.19934675562715 137.75999450683594 31.31999969482422 AB 3.470179659091561 1.176465021728408
61576.1756 lsst_hardware_z 43.607606218770144 110.66000366210938 31.0 AB 3.1587751235774695 1.0989910841359103
61578.1772 lsst_hardware_z 46.434759585417176 105.4800033569336 31.739999771118164 AB 2.270523883726715 1.081201849393674
61580.1665 lsst_hardware_r 6.75450180300276 60.29999923706055 31.6299991607666 AB 3.9669323515939414 1.094200395796513
61580.1859 lsst_hardware_z 35.39432173015252 53.13999938964844 30.969999313354492 AB 3.949109043955871 1.0515534666371644
61582.1611 lsst_hardware_r -30.4822322158171 24.479999542236328 31.510000228881836 AB 6.5732881696949175 1.0940437181700025
61582.18 lsst_hardware_u -3.6530069896880164 3.940000057220459 28.719999313354492 AB 6.419745092252463 1.0523597222423577
61585.1641 lsst_hardware_g 16.786677578525133 15.420000076293945 31.450000762939453 AB 5.0945619508388775 1.0676692876365095
61585.1831 lsst_hardware_r -3.4878899931080927 24.229999542236328 31.510000228881836 AB 5.930081071470813 1.0338205927046265
61587.1558 lsst_hardware_i 25.811224802352488 31.829999923706055 31.25 AB 9.106964773120675 1.0738817597155024
61587.1747 lsst_hardware_z -52.785321030083225 41.68000030517578 30.950000762939453 AB 7.705840016936968 1.0382197494358412
61589.1571 lsst_hardware_r -9.413884865327152 24.469999313354492 31.510000228881836 AB 6.5428749016170284 1.0596034821372282
61589.1762 lsst_hardware_u -0.08881378968797164 2.869999885559082 28.520000457763672 AB 6.848563189261918 1.0282741922993759
61591.1548 lsst_hardware_g 15.66306088986524 15.5600004196167 31.459999084472656 AB 3.830084630681775 1.0535234852652386
61591.1733 lsst_hardware_i 11.23571405458992 31.420000076293945 31.25 AB 3.690075045455282 1.0250208459598005
61596.0726 lsst_hardware_r 11.735113819661075 30.25 31.510000228881836 AB 10.815753595850968 1.2904573968959951
61596.0907 lsst_hardware_i 5.897296957902198 35.040000915527344 31.25 AB 10.409566929295792 1.2023987674374954
61598.0555 lsst_hardware_i -4.163703415287453 43.2400016784668 31.239999771118164 AB 11.226734411499516 1.3607475676782816
61598.074 lsst_hardware_z 33.75801486839919 48.779998779296875 30.93000030517578 AB 10.256423064199975 1.2543142461034125
61600.077 lsst_hardware_z -56.651984815497535 56.84000015258789 30.950000762939453 AB 8.686562082714296 1.2144508457518357
61600.0963 lsst_hardware_r 46.52600541085388 67.91999816894531 31.6200008392334 AB 8.56241804453402 1.1401355585265007
61607.0701 lsst_hardware_i -59.4340204524168 76.79000091552734 31.309999465942383 AB 6.640369829167037 1.164977163011761
61607.0825 lsst_hardware_z -35.94494880023716 68.44999694824219 30.979999542236328 AB 6.402253190566508 1.1232023141344751
61608.0803 lsst_hardware_g -16.711946921450874 59.119998931884766 31.68000030517578 AB 5.77262241492875 1.121587205387536
61608.1011 lsst_hardware_r -29.724309189966068 68.22000122070312 31.639999389648438 AB 5.231479597213667 1.068103022825419
61611.0749 lsst_hardware_i -2.8698561699638616 32.099998474121094 31.25 AB 5.232539199718844 1.113306212706137
61611.0951 lsst_hardware_r -3.5236892519844494 24.280000686645508 31.520000457763672 AB 5.677704977387473 1.063506177083068
61612.0766 lsst_hardware_u -0.4903601433952023 2.690000057220459 28.3700008392334 AB 9.404591767345682 1.1008964921974813
61612.0944 lsst_hardware_g -2.0387474200705347 15.210000038146973 31.440000534057617 AB 7.697675047626755 1.0594102735517141
61617.0771 lsst_hardware_r -53.657348011084935 24.309999465942383 31.510000228881836 AB 3.773294634324441 1.0668819210643785
61617.0964 lsst_hardware_i -71.6708691125122 31.479999542236328 31.270000457763672 AB 3.9703072526192758 1.0328582863214073
61619.0598 lsst_hardware_i -20.71966512007023 31.90999984741211 31.239999771118164 AB 1.9475867400294735 1.0947648904044258
61619.0793 lsst_hardware_z 47.01578496576026 41.91999816894531 30.950000762939453 AB 1.9052782984727432 1.0517683127092152
61622.0745 lsst_hardware_u -2.018995536290101 2.7300000190734863 28.43000030517578 AB 2.3006884930642952 1.0457674968474069
61622.0935 lsst_hardware_g 1.6860705085704066 15.109999656677246 31.459999084472656 AB 2.4218728672587875 1.0194497827664322
61624.0765 lsst_hardware_r 13.373292974567864 25.209999084472656 31.530000686645508 AB 2.432201809541842 1.0339895034719278
61624.0948 lsst_hardware_z -27.066208504554787 41.310001373291016 30.950000762939453 AB 2.789721256545434 1.0129093821042423
61625.9818 lsst_hardware_y -113.69949172753635 51.599998474121094 29.959999084472656 AB 4.587446158962027 1.3430274929260122
61626.0015 lsst_hardware_g 40.06703069935725 29.59000015258789 31.59000015258789 AB 6.874688425956282 1.2350849045045271
61630.9813 lsst_hardware_y -53.6324201413397 68.4000015258789 29.989999771118164 AB 6.813187010388118 1.2675696763512778
61631.0001 lsst_hardware_r -17.44552195108534 124.9000015258789 31.6299991607666 AB 3.7069312693372636 1.1820571649672396
61648.984 lsst_hardware_y 57.15015402662363 49.369998931884766 30.030000686645508 AB 4.502952220106939 1.0796504753605898
61649.0032 lsst_hardware_z -24.510137196410493 41.630001068115234 30.950000762939453 AB 1.8153881905333678 1.0417300251721697
61650.983 lsst_hardware_y -45.395702218499586 49.900001525878906 30.040000915527344 AB 3.5719798714453885 1.0695884830279392
61651.0011 lsst_hardware_u -0.6256267922085563 2.799999952316284 28.459999084472656 AB 1.854847412365554 1.036468868376561
61652.9828 lsst_hardware_y 2.359799488876593 52.470001220703125 30.049999237060547 AB 1.9802480890998002 1.0587202971351126
61652.9989 lsst_hardware_r 22.886489624095923 25.15999984741211 31.530000686645508 AB 1.9224623631486881 1.031732931922373
