data/validation/pwv_sim_epoch_fit_4/58862966.ecsv
# %ECSV 0.9
# ---
# datatype:
# - {name: time, datatype: float64}
# - {name: band, datatype: string}
# - {name: flux, datatype: float64}
# - {name: fluxerr, datatype: float64}
# - {name: zp, datatype: float64}
# - {name: zpsys, datatype: string}
# - {name: pwv, datatype: float64}
# - {name: airmass, datatype: float64}
# meta: {SNID: '58862966', alt: 1024.0, c: -0.06778419017791748, dec: -35.136116, lat: -30.244573, lon: -70.7499537, ra: 94.21875, t0: 61447.5546875,
#   x0: 8.337462781438377e-06, x1: 1.1305406093597412, z: 0.49611222743988037}
# schema: astropy-2.0
time band flux fluxerr zp zpsys pwv airmass
[from data line 131]
61724.2134 lsst_hardware_y -124.20432652016841 75.62999725341797 30.770000457763672 AB 8.406090111085808 1.1450878778210578
61726.2104 lsst_hardware_r 19.86969674704322 62.38999938964844 31.6200008392334 AB 6.338219629404379 1.1371383481274489
61726.2284 lsst_hardware_i 30.277756987439822 52.849998474121094 31.309999465942383 AB 5.948797679954694 1.0873493497346678
61728.2133 lsst_hardware_z 29.151451467064565 46.709999084472656 30.959999084472656 AB 5.898908759204174 1.1122496599853886
61728.2314 lsst_hardware_r 70.71669046715246 42.900001525878906 31.610000610351562 AB 5.692293412270187 1.068573946361965
61729.2127 lsst_hardware_u 1.2619869629720084 3.7200000286102295 28.639999389648438 AB 5.43053398227427 1.1064094091120602
61729.2318 lsst_hardware_r 52.51004630006001 31.469999313354492 31.56999969482422 AB 5.222063238570448 1.0623126152815843
61731.2101 lsst_hardware_i -8.963332730546338 30.190000534057617 31.229999542236328 AB 3.3728084764463135 1.0988733090072698
61731.2269 lsst_hardware_z 19.692984424395974 40.90999984741211 30.940000534057617 AB 3.3538395396147043 1.0612296824007812
61734.216 lsst_hardware_r -17.39829082215507 21.670000076293945 31.479999542236328 AB 6.624664186487572 1.0665732449331964
61734.2344 lsst_hardware_u 4.418836055065146 2.630000114440918 28.450000762939453 AB 6.424654667629514 1.035344005312036
61736.2353 lsst_hardware_r 52.42464158502785 21.440000534057617 31.489999771118164 AB 3.8756188712730797 1.0271755296348468
61736.2542 lsst_hardware_i 53.542925095290656 29.34000015258789 31.25 AB 4.420357789139266 1.010252037284738
61738.1925 lsst_hardware_r 2.857646443953265 21.860000610351562 31.469999313354492 AB 4.71009051774091 1.095030343554043
61738.2075 lsst_hardware_i 19.776466750987492 29.959999084472656 31.239999771118164 AB 4.571346087434085 1.0617867963999887
61740.2148 lsst_hardware_r 22.227540289428504 21.40999984741211 31.479999542236328 AB 7.9225379741400435 1.0399761058203745
61740.2326 lsst_hardware_g -21.474436441355483 12.699999809265137 31.3799991607666 AB 7.763629120526081 1.0184925381134442
61742.2121 lsst_hardware_r 8.771396568947175 21.450000762939453 31.469999313354492 AB 6.531805037494217 1.0359834278441382
61742.2297 lsst_hardware_i -5.418843758196328 29.420000076293945 31.25 AB 6.4110307836788945 1.0162084184655835
61744.1484 lsst_hardware_z 34.1854487281498 43.54999923706055 30.93000030517578 AB 2.9418881043880267 1.1820745773533006
61744.1697 lsst_hardware_g 0.09127212138900118 15.40999984741211 31.440000534057617 AB 2.5796965238885705 1.1120180432022002
61746.1481 lsst_hardware_r -57.740905318821675 33.810001373291016 31.549999237060547 AB 5.184104488604653 1.163007176355341
61746.1695 lsst_hardware_z -4.110002209274681 43.43000030517578 30.950000762939453 AB 4.489953446618795 1.0979670964995423
61750.1312 lsst_hardware_r -51.25866587650319 63.790000915527344 31.610000610351562 AB 11.354033075664823 1.185232455377999
61750.1534 lsst_hardware_i -121.22319481656699 52.540000915527344 31.299999237060547 AB 10.64808950782632 1.111791402465126
61752.1595 lsst_hardware_r 36.79481195410877 87.5 31.639999389648438 AB 11.199895019345796 1.0824640804780303
61752.1838 lsst_hardware_z -36.39481615787702 61.0 30.979999542236328 AB 11.494372875988848 1.0373982740062138
61754.1347 lsst_hardware_z -29.17070768789134 61.59000015258789 30.969999313354492 AB 8.92948971062523 1.1347844159269191
61754.1571 lsst_hardware_r 60.25599837512528 81.25 31.649999618530273 AB 8.468340891146763 1.0756020339454753
61756.1602 lsst_hardware_z 51.22569757069272 48.9900016784668 30.969999313354492 AB 9.938423453499043 1.0582829584977758
61756.1837 lsst_hardware_i 21.52920500325268 47.4900016784668 31.31999969482422 AB 8.703256263825534 1.0237619483988278
61758.1336 lsst_hardware_r 5.163048948980961 22.09000015258789 31.479999542236328 AB 3.5688853763352992 1.106202363839447
61758.1555 lsst_hardware_u 1.9310080056937304 2.6600000858306885 28.450000762939453 AB 3.494287766807187 1.0568734266335535
61760.1392 lsst_hardware_g 1.3642108661342176 12.90999984741211 31.3700008392334 AB 4.505199865537189 1.078960571317732
61760.1618 lsst_hardware_r -15.553946169167418 21.56999969482422 31.489999771118164 AB 4.304328345645544 1.0376251059230333
61764.0525 lsst_hardware_z -54.99891330704111 45.70000076293945 30.920000076293945 AB 10.061780205271711 1.3982462764413968
61764.074 lsst_hardware_g 8.115457157948395 13.149999618530273 31.34000015258789 AB 9.054014032227428 1.2699070595484727
61766.0561 lsst_hardware_y -39.731275135957695 50.66999816894531 29.940000534057617 AB 8.67616823401137 1.3392765382644034
61766.0811 lsst_hardware_i 4.230860807957534 31.450000762939453 31.219999313354492 AB 7.847232105638795 1.2113197399974984
61768.0537 lsst_hardware_y 13.057906142952618 50.7400016784668 29.959999084472656 AB 10.810745412275358 1.3210417806899464
61768.0766 lsst_hardware_r -30.02424039841427 22.5 31.469999313354492 AB 9.96831944421018 1.207256805644929
61770.0521 lsst_hardware_y -29.96225012739348 51.13999938964844 29.969999313354492 AB 9.75958620222116 1.2991562051610581
61770.0734 lsst_hardware_g 6.082343054046495 13.109999656677246 31.34000015258789 AB 9.01101988132059 1.1979155015215484
61776.0519 lsst_hardware_z 52.70521846323964 47.310001373291016 30.940000534057617 AB 12.017785424655159 1.2195019711123487
61776.0745 lsst_hardware_r -4.0687875884181555 35.5 31.56999969482422 AB 11.032612996445597 1.1351982092652229
61778.0511 lsst_hardware_y -39.58723382840181 52.099998474121094 30.0 AB 10.145617222516439 1.199777350778007
61778.0727 lsst_hardware_z 36.47407126855852 48.869998931884766 30.959999084472656 AB 9.343620015268426 1.1240107082816668
61780.0488 lsst_hardware_y -16.091462785536038 55.290000915527344 30.0 AB 10.758602230991295 1.1871342758928145
61780.0665 lsst_hardware_z 6.380671156791819 56.5099983215332 30.969999313354492 AB 10.167880466757719 1.1262189920721104
61783.0498 lsst_hardware_y 2.1593392169107575 54.380001068115234 30.020000457763672 AB 2.5267636316714572 1.1535099893501288
61783.0692 lsst_hardware_r 96.78702867823347 73.69000244140625 31.639999389648438 AB 2.4438146152416502 1.096126761714143
61786.0465 lsst_hardware_y -7.863864131012082 51.9900016784668 30.010000228881836 AB 3.804867476894939 1.137394059306461
61786.0643 lsst_hardware_g 8.478288736562925 12.960000038146973 31.360000610351562 AB 3.648956810662478 1.0880229029183621
61788.0451 lsst_hardware_z 83.40474382787717 44.27000045776367 30.940000534057617 AB 4.387069794137028 1.124889690804366
61788.0629 lsst_hardware_i -18.318931513563196 30.0 31.239999771118164 AB 4.206625657475575 1.0786219634552756
61790.0442 lsst_hardware_y -102.38114831109247 53.11000061035156 30.030000686645508 AB 9.085755115448292 1.1117473374669107
61790.0617 lsst_hardware_r 23.29218567185961 21.799999237060547 31.479999542236328 AB 8.738246432635655 1.0694437245449042
61792.0435 lsst_hardware_y -101.88142909605544 52.88999938964844 30.030000686645508 AB 11.869204531748954 1.0990004196063845
61792.0611 lsst_hardware_r 0.8228732959636813 21.829999923706055 31.489999771118164 AB 11.445834344497667 1.0597994763423766
61794.0421 lsst_hardware_y -87.82791910183181 50.9900016784668 30.030000686645508 AB 14.11213495283754 1.0888782973196938
61794.0598 lsst_hardware_z 2.7312592566975606 40.810001373291016 30.940000534057617 AB 13.61519606226308 1.0522196423558174
61796.0421 lsst_hardware_y 89.91048642034656 51.75 30.040000915527344 AB 12.836598701782119 1.0763089508055248
61796.0602 lsst_hardware_u -0.565308266200082 2.569999933242798 28.3700008392334 AB 12.425084576009972 1.0425623709015877
61798.0379 lsst_hardware_y -19.066903779066855 55.63999938964844 30.049999237060547 AB 11.880136496473252 1.0735709828730573
61798.0549 lsst_hardware_r 43.50274045637269 21.3700008392334 31.469999313354492 AB 12.132876393970562 1.0423134842046817
61800.0471 lsst_hardware_z -48.16663388737434 60.36000061035156 31.700000762939453 AB 11.66244950180239 1.046014320791287
61804.0355 lsst_hardware_y -71.05429927902154 55.15999984741211 30.049999237060547 AB 7.323830182282481 1.047121590203738
61804.0538 lsst_hardware_i 34.57427094534467 31.799999237060547 31.260000228881836 AB 7.962373476825831 1.0225213146045757
61806.0337 lsst_hardware_y 7.965427723261575 57.4900016784668 30.059999465942383 AB 5.790296448389916 1.0413265800539369
61806.0507 lsst_hardware_i -82.89962278384051 37.58000183105469 31.290000915527344 AB 6.086704338636262 1.0201180455815075
