data/validation/pwv_sim_epoch_fit_4/58953040.ecsv
# %ECSV 0.9
# ---
# datatype:
# - {name: time, datatype: float64}
# - {name: band, datatype: string}
# - {name: flux, datatype: float64}
# - {name: fluxerr, datatype: float64}
# - {name: zp, datatype: float64}
# - {name: zpsys, datatype: string}
# - {name: pwv, datatype: float64}
# - {name: airmass, datatype: float64}
# meta: {SNID: '58953040', alt: 1024.0, c: -0.09266920387744904, dec: -20.582914, lat: -30.244573, lon: -70.7499537, ra: 357.890625, t0: 63159.01171875,
#   x0: 4.328261252898798e-06, x1: 0.8252614736557007, z: 0.6502007842063904}
# schema: astropy-2.0
time band flux fluxerr zp zpsys pwv airmass
63037.4391 lsst_hardware_g -15.817151521337468 22.440000534057617 31.610000610351562 AB 3.6712281407979144 1.0157414389369863
63043.4061 lsst_hardware_i -11.95168735587691 30.950000762939453 31.260000228881836 AB 5.530837562973553 1.0242291783284356
63043.4272 lsst_hardware_y -45.55824803710163 47.189998626708984 30.059999465942383 AB 5.892289076111885 1.0150368778832024
63045.398 lsst_hardware_i 6.171603736765006 31.059999465942383 31.260000228881836 AB 5.331607763914661 1.0264441957769959
63045.4176 lsst_hardware_y 7.2615228044621105 46.900001525878906 30.059999465942383 AB 5.105412326395753 1.0156655821742215
63047.399 lsst_hardware_g 12.760365715535853 14.850000381469727 31.450000762939453 AB 4.152026343747005 1.021450574541091
63047.4174 lsst_hardware_y -41.285035381769156 46.83000183105469 30.049999237060547 AB 4.618513478080337 1.0149649617611427
63049.3995 lsst_hardware_i -38.98412128862083 30.860000610351562 31.260000228881836 AB 7.510923348207056 1.0181081711829554
63049.4189 lsst_hardware_y -55.07295476258702 46.86000061035156 30.059999465942383 AB 7.495011685684906 1.0154466448563753
63057.3746 lsst_hardware_z 32.89291579200001 50.189998626708984 30.969999313354492 AB 8.144228558399394 1.0196749199310695
63057.3942 lsst_hardware_r 39.47870687403295 52.7400016784668 31.639999389648438 AB 9.903899592770403 1.0150558155960236
63062.3359 lsst_hardware_i 22.48066394106784 30.65999984741211 31.25 AB 3.900515475411516 1.0447342909899202
63062.3518 lsst_hardware_z -18.04658455853163 40.959999084472656 30.950000762939453 AB 3.789465518069849 1.0262601267623153
63067.3259 lsst_hardware_r 24.62364274110701 23.149999618530273 31.5 AB 3.3329445369501816 1.0396769981908076
63069.3522 lsst_hardware_z -47.82077931507441 40.7599983215332 30.950000762939453 AB 4.377416736247439 1.0156419341641392
63069.3736 lsst_hardware_u -0.6049066252182214 2.700000047683716 28.450000762939453 AB 4.391212964985115 1.0186065796764359
63077.3773 lsst_hardware_i 20.18152558879972 43.83000183105469 32.0099983215332 AB 4.897404992800547 1.0425556131560505
63077.4033 lsst_hardware_z -69.00223020659817 59.84000015258789 31.690000534057617 AB 5.218375827841907 1.0923769722477608
63079.1573 lsst_hardware_z -114.34247923912181 94.97000122070312 31.6299991607666 AB 7.607399694086789 1.8349506799807331
63079.1939 lsst_hardware_r -3.1487118189054906 110.93000030517578 32.310001373291016 AB 6.484000864269812 1.4288234606147667
63083.2507 lsst_hardware_z -12.183867623796022 154.11000061035156 32.4900016784668 AB 0.3816972011926817 1.1010496188250434
63085.3106 lsst_hardware_z -25.59737910301658 55.130001068115234 30.979999542236328 AB 4.2590338129795695 1.0152643177543672
63085.334 lsst_hardware_r -47.54151373367814 67.80000305175781 31.649999618530273 AB 4.352652162903705 1.0209105577351745
63088.2542 lsst_hardware_i 26.832501851586123 33.619998931884766 31.270000457763672 AB 4.590754482574824 1.0625516682270164
63088.2739 lsst_hardware_z 39.79794090685038 42.689998626708984 30.959999084472656 AB 4.490178090354444 1.0331748942371017
63091.3142 lsst_hardware_i 40.68812229967561 30.760000228881836 31.260000228881836 AB 3.7707710544679616 1.0189437185555652
63091.3317 lsst_hardware_u 5.435296186108691 2.819999933242798 28.520000457763672 AB 3.825129910991578 1.0332603757405667
63094.2968 lsst_hardware_i 12.907210249532497 30.860000610351562 31.260000228881836 AB 4.890196020355865 1.0155994573349438
63094.3148 lsst_hardware_r 7.6062157534275245 23.579999923706055 31.520000457763672 AB 4.940082471077847 1.0248070679551597
63099.2659 lsst_hardware_z 39.817133609305266 40.939998626708984 30.950000762939453 AB 1.0858121550752204 1.0169160899788385
63099.2837 lsst_hardware_u -1.8515348484577594 2.700000047683716 28.43000030517578 AB 1.0759013317025221 1.0157199260821543
63102.2252 lsst_hardware_i -22.485805373716758 30.860000610351562 31.25 AB 2.7047999520054593 1.046951790983424
63102.2424 lsst_hardware_z -6.326130017960917 41.040000915527344 30.950000762939453 AB 2.648026770044344 1.0264332721923939
63110.2067 lsst_hardware_z -44.85168338945124 87.4000015258789 31.0 AB 1.7226144873577864 1.0421140274396772
63110.2234 lsst_hardware_r 98.13375993705348 131.8800048828125 31.670000076293945 AB 1.626976453753986 1.0240607104670438
63115.2014 lsst_hardware_z 27.30892698240858 68.0199966430664 31.719999313354492 AB 0.6397386813884495 1.031836582884596
63118.1869 lsst_hardware_g -10.184499905198548 14.649999618530273 31.440000534057617 AB 3.4153498975556618 1.0393639371745775
63118.204 lsst_hardware_r -0.2290036339444232 23.3700008392334 31.510000228881836 AB 3.3184611514415683 1.0222444825387966
63123.1681 lsst_hardware_z 4.03617267793982 41.43000030517578 30.950000762939453 AB 0.9174290785428028 1.0465965341300154
63123.1859 lsst_hardware_i -7.265156735369474 30.8799991607666 31.260000228881836 AB 0.9003135695459921 1.0257061458799182
63125.1714 lsst_hardware_u 2.296239340786384 2.7899999618530273 28.469999313354492 AB 3.075654328713999 1.0348769612092863
63125.1913 lsst_hardware_g 25.90207204045511 15.199999809265137 31.479999542236328 AB 3.045490201584221 1.0184450568222787
63128.1707 lsst_hardware_r 21.971238006085454 23.734812299342867 31.510000228881836 AB 6.280201026593062 1.0270716899138415
63128.1901 lsst_hardware_i 30.412685299438447 31.016009745570244 31.260000228881836 AB 6.216168668260142 1.0158798281189798
63132.1544 lsst_hardware_r 61.084550817924196 26.841025162074345 31.540000915527344 AB 1.3628638417252228 1.0324726073679167
63132.1652 lsst_hardware_g 32.8149938574379 18.354691680515263 31.530000686645508 AB 1.3672871803640818 1.022653089277548
63135.1481 lsst_hardware_r 179.377050602201 54.204914157493 31.639999389648438 AB 2.983171447139419 1.030456458424817
63135.1673 lsst_hardware_i 99.70113477458356 48.8885739759619 31.31999969482422 AB 3.4360316532967285 1.0170287563406346
63136.149 lsst_hardware_z 208.9330607429194 58.34729097440769 30.979999542236328 AB 3.987015714951137 1.0269417368780966
63136.1689 lsst_hardware_i 302.0043582482321 61.57249690328168 31.329999923706055 AB 4.008052340889327 1.0157253778229947
63150.1117 lsst_hardware_u 4.723369258672216 3.9749213762728246 28.489999771118164 AB 4.309697255295279 1.0261183941179235
63150.1298 lsst_hardware_g 450.4573316673588 25.853629684438822 31.450000762939453 AB 4.484345539414577 1.0159369142307606
63152.1144 lsst_hardware_r 1541.3992827216996 45.58151327131463 31.5 AB 5.316353847195603 1.020152330918987
63152.1321 lsst_hardware_i 1220.296559003529 45.973779249228855 31.25 AB 5.950473950532828 1.0149340829564386
63154.093 lsst_hardware_z 818.8924882676864 50.057288338335894 30.950000762939453 AB 6.410592900923465 1.0339665969231395
63154.1118 lsst_hardware_u -0.49126663880838994 3.5021025430274753 28.510000228881836 AB 6.315310850724518 1.018598524310406
63156.0974 lsst_hardware_g 457.14167887069664 25.480643579382463 31.459999084472656 AB 7.057531532117409 1.0243771198718794
63156.1155 lsst_hardware_r 1646.3356928317605 46.38606661656887 31.520000457763672 AB 7.000572304902858 1.0154709787473926
63158.0932 lsst_hardware_i 1291.2376391277376 47.09196309760559 31.25 AB 4.312250280717111 1.0233961587019735
63158.1105 lsst_hardware_z 857.0796987312301 50.36091674919838 30.950000762939453 AB 4.270465126934143 1.0153872976125882
63160.0778 lsst_hardware_z 966.8155004427613 50.927790472130795 30.950000762939453 AB 2.963399916389934 1.0326334755257196
63160.0952 lsst_hardware_i 1297.9013306407003 47.42953775368353 31.260000228881836 AB 2.688959784646532 1.0187061536151027
63164.075 lsst_hardware_r 1554.709551724858 71.26732915220116 31.649999618530273 AB 3.8943405157731337 1.0248264515192458
63164.0913 lsst_hardware_i 1252.7564572839938 63.52226252655758 31.329999923706055 AB 4.591675295424325 1.0160072198166108
63167.0748 lsst_hardware_z 1884.1610522441429 108.60339663876714 31.75 AB 2.7798471247511087 1.019379216997106
63169.0662 lsst_hardware_z 904.473163910701 74.13125974397857 30.989999771118164 AB 5.287734396688491 1.0212581722825087
63169.0838 lsst_hardware_r 1196.560289839642 108.2281511687617 31.670000076293945 AB 6.089951628632775 1.0149919381054626
63171.0526 lsst_hardware_r 1177.9541165955181 63.79966835932528 31.639999389648438 AB 4.306082217797897 1.0277045865863563
63171.0718 lsst_hardware_i 1028.554249887982 63.93563281230976 31.329999923706055 AB 4.217711644768346 1.0161120204217533
63180.0413 lsst_hardware_z 698.4825801096925 47.726624434482716 30.950000762939453 AB 13.009156498124549 1.018355847363888
63180.0602 lsst_hardware_i 748.7764058525481 40.42253191123476 31.260000228881836 AB 8.684125543992263 1.0152715898745113
63182.0434 lsst_hardware_u -2.751779793425391 2.9343911315818065 28.420000076293945 AB 4.560904476052551 1.0156973872624464
63182.0625 lsst_hardware_g 114.16270146214191 17.57168658391474 31.440000534057617 AB 4.680217637494207 1.0174386168465668
63185.0252 lsst_hardware_y 126.60068319096844 50.675279531476754 30.059999465942383 AB 5.701494945720726 1.0196262253714359
63185.0421 lsst_hardware_r 443.15810562888294 31.02447781876602 31.520000457763672 AB 5.399937763115411 1.0149305071168897
63188.0244 lsst_hardware_z 914.0988153080237 81.59421269524147 31.719999313354492 AB 7.71990268162895 1.016400774374025
63190.014 lsst_hardware_y -30.992893855975527 81.81125936120236 30.079999923706055 AB 7.6204140126547975 1.018352151540239
63190.0345 lsst_hardware_g 34.41020745790089 21.77890269887967 31.579999923706055 AB 7.592963295134279 1.0155546092466572
63194.0174 lsst_hardware_y 169.48522187468518 81.03315657841549 30.079999923706055 AB 7.875515138269984 1.0149295680574746
63194.0362 lsst_hardware_i 391.8952488748113 64.03512026042993 31.329999923706055 AB 7.884197184080756 1.0207842368582396
