data/validation/pwv_sim_epoch_fit_4/59031158.ecsv
# %ECSV 0.9
# ---
# datatype:
# - {name: time, datatype: float64}
# - {name: band, datatype: string}
# - {name: flux, datatype: float64}
# - {name: fluxerr, datatype: float64}
# - {name: zp, datatype: float64}
# - {name: zpsys, datatype: string}
# - {name: pwv, datatype: float64}
# - {name: airmass, datatype: float64}
# meta: {SNID: '59031158', alt: 1024.0, c: 0.1388370245695114, dec: -29.484461, lat: -30.244573, lon: -70.7499537, ra: 149.414062, t0: 61122.0625,
#   x0: 2.393399657930126e-05, x1: 0.1018344983458519, z: 0.31775665283203125}
# schema: astropy-2.0
time band flux fluxerr zp zpsys pwv airmass
[from data line 132]
61421.2251 lsst_hardware_z 87.18842509526797 41.29999923706055 30.940000534057617 AB 5.4162185913592555 1.0695534343126492
61423.2192 lsst_hardware_r -1.5643278103376543 32.369998931884766 31.579999923706055 AB 7.174660770477575 1.0705253313156633
61423.2383 lsst_hardware_g -17.12953463984176 13.470000267028809 31.43000030517578 AB 6.846602068704536 1.035115970675483
61425.2098 lsst_hardware_r -18.333130130066568 58.709999084472656 31.6299991607666 AB 10.797679329986432 1.0795880016650323
61425.2274 lsst_hardware_i 55.34489459130482 49.439998626708984 31.31999969482422 AB 10.341706830357545 1.0438260742223175
61427.214 lsst_hardware_z 2.553803491930429 64.41999816894531 30.979999542236328 AB 10.055508379130154 1.0584745662242268
61427.2322 lsst_hardware_i -23.93196786359292 72.05999755859375 31.329999923706055 AB 9.768472960860905 1.028260311669569
61429.2256 lsst_hardware_z -199.2094740921798 93.37000274658203 31.739999771118164 AB 10.198195773747514 1.0298087219779375
61433.111 lsst_hardware_g -1.6750451305155458 13.619999885559082 31.280000686645508 AB 17.772116416154205 1.4346814463091184
61433.1296 lsst_hardware_r 3.1496177491612865 31.81999969482422 31.520000457763672 AB 15.498177167669649 1.3081942405393474
61435.1263 lsst_hardware_i 8.091652831982497 32.470001220703125 31.219999313354492 AB 15.561471416056317 1.2956735657675045
61435.1455 lsst_hardware_z 0.7125289689810996 43.38999938964844 30.93000030517578 AB 14.412888712783031 1.2004321616454838
61437.1288 lsst_hardware_r 19.662996365725657 23.059999465942383 31.450000762939453 AB 10.471462492920082 1.2528670127925439
61437.1481 lsst_hardware_u -1.66639890769115 2.609999895095825 28.34000015258789 AB 9.859925167828372 1.1678916396598604
61439.1253 lsst_hardware_g -0.8015202609107408 13.569999694824219 31.360000610351562 AB 9.290455327372397 1.2430781505097726
61439.1447 lsst_hardware_i 10.811915211932613 31.079999923706055 31.239999771118164 AB 8.698131103053143 1.1601891074032158
61441.1248 lsst_hardware_z -11.21736933817423 43.279998779296875 30.940000534057617 AB 7.509566219500612 1.219547375006866
61441.1431 lsst_hardware_r -12.405247421725132 22.719999313354492 31.489999771118164 AB 7.329666558153021 1.1463948529513002
61444.1266 lsst_hardware_u -0.39010397505471445 2.619999885559082 28.34000015258789 AB 10.181909400914547 1.17712203328556
61444.1459 lsst_hardware_g 0.683916232175919 13.529999732971191 31.3799991607666 AB 9.503641822917546 1.1113745736491796
61446.1139 lsst_hardware_r 24.373628313004136 22.940000534057617 31.469999313354492 AB 4.265523590640158 1.2072236577283246
61446.1329 lsst_hardware_i -42.66856805130106 30.959999084472656 31.25 AB 3.9532390834536173 1.1347382911889061
61449.1173 lsst_hardware_z 4.164974889599891 42.900001525878906 30.940000534057617 AB 3.9708021460884755 1.1605442484549102
61449.1384 lsst_hardware_r -3.605680864820675 22.610000610351562 31.489999771118164 AB 4.057613297310775 1.0943108117255713
61451.1186 lsst_hardware_z -16.529263182810563 44.369998931884766 30.950000762939453 AB 1.7025722238950582 1.136879788923314
61451.1368 lsst_hardware_r 13.690865639327864 30.219999313354492 31.559999465942383 AB 3.102473456243964 1.084464942468082
61455.1093 lsst_hardware_r 77.20016625037115 82.05999755859375 31.6299991607666 AB 3.761974015879946 1.13156255647473
61455.1291 lsst_hardware_z -35.621246683418335 60.220001220703125 30.979999542236328 AB 3.26538314820321 1.0767365843712497
61459.1133 lsst_hardware_i -34.97348331946929 71.9000015258789 31.329999923706055 AB 7.180929259956112 1.0886106234378936
61459.1336 lsst_hardware_z -3.334206523297206 64.0199966430664 30.989999771118164 AB 7.984131984964735 1.0454881965449616
61461.1114 lsst_hardware_r 146.08082653744518 72.1500015258789 32.369998931884766 AB 8.29536594842057 1.07984456501179
61461.1313 lsst_hardware_g -95.73079606655405 74.01000213623047 32.470001220703125 AB 8.992435606080166 1.0401891967704067
61463.1035 lsst_hardware_r 17.436523797374456 22.739999771118164 31.489999771118164 AB 7.166763209498899 1.0857909566697823
61463.1236 lsst_hardware_i -63.902956005866756 33.97999954223633 31.270000457763672 AB 6.81122491169034 1.0439058832430883
61465.1104 lsst_hardware_z -7.817438321278439 41.22999954223633 30.950000762939453 AB 4.396163237170732 1.0581690304900064
61465.1298 lsst_hardware_i 26.352571899333434 30.110000610351562 31.25 AB 4.164422884168665 1.0264784037881847
61467.0066 lsst_hardware_y -13.273972839847882 85.87999725341797 29.899999618530273 AB 8.152469927336016 1.5338607577302006
61467.0263 lsst_hardware_z -10.417318071086743 45.959999084472656 30.920000076293945 AB 7.315616265254684 1.37494354064427
61469.0054 lsst_hardware_y -84.75660540570894 73.04000091552734 29.920000076293945 AB 17.043575004426973 1.4951815952651086
61469.0263 lsst_hardware_u 0.7291519629523009 2.680000066757202 28.260000228881836 AB 15.31324811965593 1.338804696595221
61473.002 lsst_hardware_y 109.47548462233594 72.58000183105469 29.940000534057617 AB 15.63821842597127 1.4329898676781152
61473.0231 lsst_hardware_z -2.7182592162440713 44.290000915527344 30.920000076293945 AB 14.106210990018335 1.2925173281427864
61475.0017 lsst_hardware_y 29.765115766619573 76.97000122070312 29.940000534057617 AB 11.224084126465616 1.3943539019999522
61475.0227 lsst_hardware_u -0.7628868023222435 2.609999895095825 28.260000228881836 AB 10.223531582218612 1.2649493636877753
61477.999 lsst_hardware_y 135.2362933143381 78.5199966430664 29.950000762939453 AB 18.200520841607727 1.3564678816931335
61478.0213 lsst_hardware_i 12.850667149432825 33.310001373291016 31.219999313354492 AB 17.050261562131524 1.231065816760399
61480.0104 lsst_hardware_y -35.83668706296437 50.810001373291016 29.969999313354492 AB 10.22861731436934 1.2579262090312382
61480.0299 lsst_hardware_r 19.789965318671076 32.9900016784668 31.540000915527344 AB 9.55428154145552 1.170915667485051
61482.0181 lsst_hardware_y -8.550845432364758 73.33000183105469 30.75 AB 9.164387762882537 1.1964733680896322
61485.9916 lsst_hardware_z 93.67211811839915 97.81999969482422 30.969999313354492 AB 6.40475731547362 1.270575099779855
61486.0086 lsst_hardware_i -17.331588483656752 92.7699966430664 31.309999465942383 AB 6.293119844337538 1.1905258880698621
61487.9899 lsst_hardware_y -14.294511348059855 77.95999908447266 29.989999771118164 AB 6.979173123469772 1.2510841845423988
61488.0086 lsst_hardware_r -49.260005594896434 70.4800033569336 31.6200008392334 AB 5.598125296053582 1.1688329253687026
61490.9883 lsst_hardware_y -4.2364168253516015 72.66999816894531 30.010000228881836 AB 7.438599247938531 1.2194424996620543
61491.004 lsst_hardware_r -48.67522876221147 23.31999969482422 31.489999771118164 AB 6.334616961349009 1.155512708614245
61492.9875 lsst_hardware_y 9.124388735481737 65.5 30.010000228881836 AB 9.11139407053376 1.1988676408597054
61493.0053 lsst_hardware_z 5.884188786854484 42.7599983215332 30.950000762939453 AB 7.360249375243543 1.132346057729776
61494.9859 lsst_hardware_y -104.25782984936862 67.93000030517578 30.020000457763672 AB 10.447754471646403 1.182876249266401
61495.0018 lsst_hardware_u -2.3029522418789554 2.869999885559082 28.489999771118164 AB 6.7217009765532 1.1260702459673
61497.9834 lsst_hardware_y -24.45073904187684 65.47000122070312 30.020000457763672 AB 10.42665276573388 1.1609355897824278
61498.001 lsst_hardware_r -18.146443932219647 22.829999923706055 31.479999542236328 AB 6.948678334330497 1.1041039698626356
61499.9969 lsst_hardware_z -17.36080733833366 60.2400016784668 31.690000534057617 AB 10.219946600656973 1.100338781293817
61501.9889 lsst_hardware_y 63.16818231391366 49.81999969482422 30.030000686645508 AB 12.543496352185059 1.1074305196161054
61502.008 lsst_hardware_g 1.4608555409979487 13.359999656677246 31.399999618530273 AB 11.338350924274083 1.0609314215748562
61503.9801 lsst_hardware_y 106.52815810078168 61.529998779296875 30.030000686645508 AB 10.114517654079595 1.1172147629690274
61503.9981 lsst_hardware_i 14.944040590019446 30.459999084472656 31.25 AB 9.644136422238745 1.0703814009144001
61509.9775 lsst_hardware_y 122.49780007198703 56.68000030517578 30.040000915527344 AB 12.208299770773824 1.0800937601321616
61509.9955 lsst_hardware_z 82.32522018990932 46.27000045776367 30.959999084472656 AB 11.8117264095343 1.0435078657626875
61511.9755 lsst_hardware_y 84.27516809684198 59.029998779296875 30.049999237060547 AB 15.394351306647978 1.0720673635326887
61511.9919 lsst_hardware_i -80.39914526957799 59.34000015258789 31.329999923706055 AB 14.950858929295547 1.0404216373900868
61513.9841 lsst_hardware_z 141.60801121176652 95.63999938964844 31.739999771118164 AB 9.766654067587792 1.044319933090848
61516.9751 lsst_hardware_y -79.76073871462458 55.5 30.059999465942383 AB 9.555726036147771 1.0457130702722446
61516.9943 lsst_hardware_r -60.036907797519994 75.2699966430664 31.65999984741211 AB 9.330261910575002 1.0187821811563347
