data/validation/pwv_sim_epoch_fit_4/59056280.ecsv
# %ECSV 0.9
# ---
# datatype:
# - {name: time, datatype: float64}
# - {name: band, datatype: string}
# - {name: flux, datatype: float64}
# - {name: fluxerr, datatype: float64}
# - {name: zp, datatype: float64}
# - {name: zpsys, datatype: string}
# - {name: pwv, datatype: float64}
# - {name: airmass, datatype: float64}
# meta: {SNID: '59056280', alt: 1024.0, c: -0.04581572487950325, dec: -11.110882, lat: -30.244573, lon: -70.7499537, ra: 296.542969, t0: 60482.65625,
#   x0: 7.901944029154974e-06, x1: -0.1912602037191391, z: 0.5076042413711548}
# schema: astropy-2.0
time band flux fluxerr zp zpsys pwv airmass
60426.4169 lsst_hardware_y -118.12341730450731 92.69000244140625 30.809999465942383 AB 1.7116717757512 1.0598586846756657
60429.4041 lsst_hardware_r -84.56619443844305 71.63999938964844 31.649999618530273 AB 12.118904004454217 1.0615408336991634
60429.4216 lsst_hardware_z -10.630020873792816 65.83999633789062 30.989999771118164 AB 12.790104484622251 1.0594266236089076
60432.3992 lsst_hardware_z 50.53104666543195 44.68000030517578 30.959999084472656 AB 11.823651319152232 1.0602586745615512
60432.4181 lsst_hardware_y -6.381539891301848 51.689998626708984 30.049999237060547 AB 11.81347108585346 1.060828186377927
60436.3935 lsst_hardware_u -0.9557387607672211 2.7899999618530273 28.440000534057617 AB 7.333335745341801 1.059067406538555
60436.4119 lsst_hardware_y 0.7909626591646597 48.0099983215332 30.040000915527344 AB 7.345208600609618 1.0630849962287174
60443.3574 lsst_hardware_g -13.756673878933476 15.199999809265137 31.440000534057617 AB 8.522287071754397 1.066763796312107
60443.3784 lsst_hardware_i 67.31274638851188 31.670000076293945 31.25 AB 8.624536195551153 1.0588532498476861
60445.3416 lsst_hardware_z 31.77613281207117 42.189998626708984 30.950000762939453 AB 4.433084025914769 1.0769497188228985
60445.3662 lsst_hardware_r 1.1862673909616623 24.3700008392334 31.510000228881836 AB 4.385359319109662 1.0595641249409242
60447.3512 lsst_hardware_u 3.332491640069063 2.7200000286102295 28.389999389648438 AB 7.465970930217429 1.0635159977043065
60447.374 lsst_hardware_g 15.905556950863591 15.40999984741211 31.459999084472656 AB 7.437225960366845 1.0597987379843588
60458.309 lsst_hardware_z 9.941579044378317 64.99760229050943 30.979999542236328 AB 9.213991333697543 1.0736727746319275
60458.3336 lsst_hardware_i 161.13644054225836 69.90395776873116 31.329999923706055 AB 9.003796967605586 1.059052191325966
60460.3099 lsst_hardware_z 183.75616795315364 47.976035712174124 30.959999084472656 AB 7.96281026621752 1.0676393653028782
60460.3349 lsst_hardware_r 195.91019220074188 44.44729550104276 31.610000610351562 AB 7.530502513163972 1.0590803417283055
60462.3138 lsst_hardware_y 15.19113123177347 48.158093879289765 30.040000915527344 AB 10.074630365562605 1.0616421755835406
60462.3354 lsst_hardware_g 113.92142183866972 21.597317188304295 31.530000686645508 AB 9.259909179004069 1.06053781541621
60464.3126 lsst_hardware_r 663.0608980397168 35.226204359003894 31.5 AB 12.777564678941207 1.0600269353692857
60464.3357 lsst_hardware_i 508.37509569738626 38.21436010502314 31.25 AB 12.77578139404553 1.063230808425893
60466.2816 lsst_hardware_i 1429.8929423441057 57.7883242999626 32.0 AB 6.2818511141399425 1.0802839405227953
60466.3059 lsst_hardware_z 911.6432071356523 66.7919154809015 31.700000762939453 AB 6.411957174763936 1.0604264956403373
60468.2793 lsst_hardware_r 1388.507725363496 43.484020887361076 31.5 AB 3.7638037044435566 1.0763719752466023
60468.2995 lsst_hardware_u 20.071400048190746 5.007830292273698 28.3799991607666 AB 3.0040961472716483 1.0607684135846216
60485.2468 lsst_hardware_z 3634.260422663697 136.77939371708788 31.75 AB 4.665214311944786 1.0639231407540641
60487.2462 lsst_hardware_r 2974.524294931471 88.28824761794186 31.639999389648438 AB 7.664040174864017 1.061354407265478
60487.2705 lsst_hardware_z 1533.266244599395 69.64764788503452 30.969999313354492 AB 7.618833914141806 1.0619570572143948
60490.2411 lsst_hardware_r 4809.928606366303 79.39967042930225 32.290000915527344 AB 3.5001319013078906 1.0601908982430444
60490.2632 lsst_hardware_y 1068.6931430679695 74.17764343399652 30.790000915527344 AB 3.704252292925216 1.06240505533228
60495.1862 lsst_hardware_r 1810.8432827214347 48.88504257333978 31.5 AB 3.9855540583767577 1.1070983495490994
60495.2059 lsst_hardware_i 1673.8003939847563 51.37163459219183 31.25 AB 3.873632718966941 1.076009088601928
60497.2366 lsst_hardware_z 1139.5822687624711 53.68048549672043 30.940000534057617 AB 1.9072542653092242 1.059585702949569
60497.2571 lsst_hardware_r 1559.8322879556235 46.5982255975145 31.5 AB 1.7024351241572104 1.0724563751318454
60499.2235 lsst_hardware_u 2.577130339682011 3.2567724944345917 28.540000915527344 AB 2.2898655069934537 1.0588973442744294
60499.2429 lsst_hardware_g 267.6720357121663 22.892393103814126 31.479999542236328 AB 2.2891707395603595 1.0649782458992134
60501.2232 lsst_hardware_r 1242.604828445461 42.36892199195826 31.510000228881836 AB 8.79070485280421 1.0591210666029167
60501.2443 lsst_hardware_z 937.6680099944197 52.08826421316835 30.950000762939453 AB 8.885931458514873 1.070594151628298
60506.211 lsst_hardware_z 858.7096179238928 52.86798650977102 30.950000762939453 AB 3.045676773759445 1.0593658343511112
60506.2315 lsst_hardware_r 760.3319074704423 42.926925291401886 31.559999465942383 AB 3.110872514959964 1.0714215653381434
60508.2102 lsst_hardware_i 935.7896179094989 59.45728804315722 31.309999465942383 AB 2.170700891750054 1.0606894169313725
60508.2333 lsst_hardware_z 800.2328033559608 58.78147353960483 30.959999084472656 AB 2.235434904748218 1.0796594565313777
60511.1833 lsst_hardware_z 768.8532225265848 93.97515643929101 31.0 AB 6.654113693502546 1.0603461167522814
60511.2038 lsst_hardware_r 673.7513795512997 140.27266851068828 31.65999984741211 AB 6.6356315420351635 1.0614180019251127
60516.1607 lsst_hardware_r 453.4926623380639 59.85887161536481 31.6299991607666 AB 9.74789038953822 1.0648776916690212
60516.1789 lsst_hardware_z 736.930802392868 57.27042241730932 30.959999084472656 AB 11.336545305877001 1.0588634738824685
60520.1648 lsst_hardware_r 302.5224517079835 30.074120885859426 31.510000228881836 AB 5.865319836017504 1.0590087272758877
60520.1859 lsst_hardware_u -2.916041103571272 3.3309437153235795 28.40999984741211 AB 5.148444628099409 1.0652138060517062
60529.1367 lsst_hardware_z 919.3263403528993 66.69888142264199 31.700000762939453 AB 4.023010774268704 1.0596165340479466
60529.1556 lsst_hardware_r 413.34002141229496 39.975267164216774 32.27000045776367 AB 4.0417699712581845 1.0618539201133683
60531.1275 lsst_hardware_u 10.812024070486007 4.29781780664141 28.459999084472656 AB 4.663165740323353 1.0607747361973048
60531.1484 lsst_hardware_g 5.780634794848257 16.27697686108953 31.459999084472656 AB 4.574326704075486 1.0610825108038706
60535.0909 lsst_hardware_i 248.49843445885043 41.6141865473199 31.280000686645508 AB 3.8863053056908443 1.0834165098919004
60535.1155 lsst_hardware_r 276.252011181366 55.42132380549719 32.349998474121094 AB 3.8941907427201747 1.0612078781115497
60535.1399 lsst_hardware_y 184.41673102457472 49.794556802869465 30.049999237060547 AB 3.212855684981818 1.0621888370879637
60539.1149 lsst_hardware_r 119.98172838168325 110.74588220348147 31.65999984741211 AB 2.7644594735352497 1.0588756003199271
60539.1405 lsst_hardware_i 339.77914055030936 91.89581077693607 31.34000015258789 AB 2.8970112246868127 1.0705550671709343
60541.101 lsst_hardware_z 528.8653574361851 129.31096726340795 31.75 AB 2.22701135286976 1.0604815966046477
60541.1208 lsst_hardware_r 448.5193845437312 192.69070606834512 32.40999984741211 AB 2.2280238740967584 1.060963749569885
60546.0857 lsst_hardware_r 128.94774305996015 26.81637912460135 31.510000228881836 AB 4.04919637039065 1.0611101599556212
60546.1056 lsst_hardware_z 315.0440503882708 45.330751274794686 30.950000762939453 AB 3.986542259880533 1.0603916105547369
60549.0735 lsst_hardware_r 132.83441295194777 26.805487548859624 31.520000457763672 AB 3.7207547735326028 1.0630727924378864
60549.0913 lsst_hardware_u 1.2676034357443369 3.146265765605247 28.579999923706055 AB 3.716809508697194 1.059020659710443
60555.0521 lsst_hardware_r 141.8811237222986 26.332214286880774 31.5 AB 1.5342840685012176 1.066400742659404
60555.071 lsst_hardware_i 226.01343194888915 34.3299469498059 31.25 AB 1.527439252662108 1.0588833640634732
60557.0523 lsst_hardware_z 264.36022740219045 44.62383496953069 30.950000762939453 AB 1.2534733722922835 1.0627158730752722
60557.0692 lsst_hardware_r 142.905194467722 26.31142494532584 31.510000228881836 AB 1.2437883288914475 1.0589938943307342
60561.0263 lsst_hardware_g 14.611921713285838 16.469999313354492 31.489999771118164 AB 2.8069375392883225 1.0753176628610608
60561.0458 lsst_hardware_r -30.500064702862367 24.780000686645508 31.520000457763672 AB 2.7473770563543405 1.0606950864246858
60568.0345 lsst_hardware_z 101.76498417435717 104.0999984741211 31.739999771118164 AB 2.696770848975788 1.0589414328439817
60571.0223 lsst_hardware_r -43.42924654783901 90.5999984741211 31.649999618530273 AB 6.251357050091025 1.0595520423883094
60571.0429 lsst_hardware_i 100.29094285352025 72.54000091552734 31.329999923706055 AB 5.862639987951522 1.062874752310492
60572.9949 lsst_hardware_y 80.12013456044822 48.970001220703125 30.030000686645508 AB 3.674734404329349 1.0738034591134318
60573.0162 lsst_hardware_z -26.50810857808742 42.08000183105469 30.950000762939453 AB 4.132851499056556 1.0597055125786041
60576.9954 lsst_hardware_y 4.774416485770718 48.540000915527344 30.040000915527344 AB 4.753850138174014 1.0640565854302801
60577.0149 lsst_hardware_r -25.60783784589508 24.299999237060547 31.5 AB 4.636948860846318 1.0590268038931865
60581.9881 lsst_hardware_y -36.77823719129995 61.0 30.049999237060547 AB 8.954208078130979 1.0608308595955311
60582.0069 lsst_hardware_i -37.05717790244357 31.719999313354492 31.239999771118164 AB 3.5306610967761194 1.0602585876204564
60583.9877 lsst_hardware_y -126.41961481639615 65.44000244140625 30.059999465942383 AB 7.6109880872694795 1.059362250298487
60584.0064 lsst_hardware_r -51.46110461738864 24.739999771118164 31.520000457763672 AB 5.283015164462719 1.062339667094856
60585.9891 lsst_hardware_y -24.69906155787432 61.59000015258789 30.059999465942383 AB 2.322031696691532 1.0589184601466284
60586.008 lsst_hardware_g 12.446320993410119 15.920000076293945 31.469999313354492 AB 2.5743313927090585 1.0669329527011364
60791.4048 lsst_hardware_u 3.688953459658376 2.940000057220459 28.5 AB 4.289145764068415 1.0665537148000537
60791.4227 lsst_hardware_y -25.128614882420216 59.52000045776367 30.059999465942383 AB 4.716054036720688 1.0589545383901846
60793.4018 lsst_hardware_i 28.387616320106456 45.56999969482422 32.0099983215332 AB 5.356735867193991 1.0647810237920803
60793.4195 lsst_hardware_y -0.4364200247726235 74.94999694824219 30.799999237060547 AB 6.3665782146020975 1.0588609958868107
60796.4012 lsst_hardware_r 13.60664225820846 24.729999542236328 31.520000457763672 AB 9.41966495469583 1.0607830352795162
60796.419 lsst_hardware_y 62.534148801231225 51.119998931884766 30.040000915527344 AB 9.642166382121678 1.0599864103909942
60799.3935 lsst_hardware_g 0.7360181890587105 15.770000457763672 31.469999313354492 AB 9.493794032739421 1.0606011059141383
60799.4123 lsst_hardware_y -25.57352129433083 48.06999969482422 30.040000915527344 AB 9.454388294257182 1.0604638032891722
60801.3904 lsst_hardware_i 0.23518376270210756 31.899999618530273 31.260000228881836 AB 2.8112535572068715 1.05985053994604
60801.4093 lsst_hardware_z -13.770437734330056 42.29999923706055 30.950000762939453 AB 2.817847452080113 1.0614360870440203
60807.3648 lsst_hardware_i -78.98976307140649 66.8499984741211 31.329999923706055 AB 10.4707376591355 1.0639912264135138
60807.385 lsst_hardware_z 11.867225570782143 60.83000183105469 30.979999542236328 AB 11.122974069421595 1.0591291248735093
60809.3556 lsst_hardware_r -180.05286732439242 97.98999786376953 31.649999618530273 AB 8.507848764257721 1.066603131782537
60809.376 lsst_hardware_z 25.194876653284506 68.2300033569336 30.989999771118164 AB 8.601870318904675 1.05886549410012
60811.354 lsst_hardware_y 76.73604031090207 56.56999969482422 30.049999237060547 AB 4.400184800838734 1.0639173405211262
60811.3736 lsst_hardware_r 47.261216401384054 93.51000213623047 31.649999618530273 AB 4.347998596806639 1.0590667633190916
60813.3591 lsst_hardware_i 127.8515906749948 69.30999755859375 31.329999923706055 AB 7.423701212487137 1.0594944762237535
60813.3791 lsst_hardware_z -26.973297483863455 66.18000030517578 30.989999771118164 AB 8.358462116817336 1.062696488830819
60816.3297 lsst_hardware_z 13.062175821941388 43.779998779296875 30.950000762939453 AB 7.102665695725964 1.0727481793877507
60816.3524 lsst_hardware_r -26.52698332474641 31.440000534057617 31.56999969482422 AB 7.43725720890939 1.059212021492456
60822.3294 lsst_hardware_u 2.2385724504301523 2.890000104904175 28.540000915527344 AB 4.255065292875919 1.0611135393705808
60822.3491 lsst_hardware_r -21.91345184497603 24.1299991607666 31.520000457763672 AB 3.883636284770548 1.0603302561259231
60825.3198 lsst_hardware_i 63.27081611434291 44.459999084472656 32.0 AB 13.541534029724565 1.0617341284331274
60825.3434 lsst_hardware_z -58.42720326968428 59.2599983215332 31.700000762939453 AB 13.133666938693842 1.0612778326800683
60827.324 lsst_hardware_r -14.593356470437516 24.020000457763672 31.510000228881836 AB 7.232626540677622 1.059001396946338
60827.3441 lsst_hardware_u 0.43660088505355815 2.799999952316284 28.469999313354492 AB 7.125100557540308 1.0646396051610472
60841.2474 lsst_hardware_r 46.238673627089334 93.7300033569336 31.649999618530273 AB 12.660542811183248 1.091426104412349
60841.2688 lsst_hardware_i -6.118915607018886 76.66000366210938 31.329999923706055 AB 12.561751367491917 1.0661815793152196
60845.2682 lsst_hardware_r 18.644441847728345 29.770000457763672 31.559999465942383 AB 3.682793863645786 1.0605088875924062
60845.2901 lsst_hardware_z 13.221401158402076 43.540000915527344 30.959999084472656 AB 3.67619967562991 1.0618716567388533
60853.2042 lsst_hardware_u -3.4538116447881273 3.9200000762939453 29.18000030517578 AB 8.274678201993511 1.1108441672699036
60853.2265 lsst_hardware_g -22.939029875108535 21.440000534057617 32.20000076293945 AB 7.775656332197549 1.0751241644740432
60859.2111 lsst_hardware_g -13.272317684512595 19.530000686645508 31.540000915527344 AB 7.201955571000482 1.0740370697189427
60859.2348 lsst_hardware_r 26.982618204283913 24.270000457763672 31.510000228881836 AB 7.139730059059163 1.0592547439383555
60862.2117 lsst_hardware_i 0.29460450387243664 47.790000915527344 31.309999465942383 AB 4.635370096358332 1.0660107542410882
60862.2335 lsst_hardware_z -44.811584021825716 50.0 30.969999313354492 AB 4.635178970768447 1.0589853714344177
60864.2131 lsst_hardware_r -92.41408641476974 84.0999984741211 31.649999618530273 AB 1.672673809398076 1.0618465700035398
60864.2346 lsst_hardware_z -3.576064197102392 62.470001220703125 30.979999542236328 AB 1.6822293993454145 1.0603956921860047
60869.1977 lsst_hardware_z -95.6579366942633 77.69999694824219 30.989999771118164 AB 6.53007318437329 1.0627365323452835
60869.2174 lsst_hardware_r 23.044023144094584 109.77999877929688 31.65999984741211 AB 7.224617132934517 1.05943158660688
60871.2078 lsst_hardware_y -16.041182266767915 71.83999633789062 30.790000915527344 AB 6.777012768172773 1.0589082450269958
60876.1659 lsst_hardware_g -0.8736965536861246 15.619999885559082 31.459999084472656 AB 3.432790920987833 1.0727471628086978
60876.189 lsst_hardware_r -8.927326030776307 24.6299991607666 31.520000457763672 AB 3.635392303860624 1.0591606207227224
60878.1737 lsst_hardware_i 13.941839513720254 31.899999618530273 31.25 AB 5.762286241947165 1.0624336995784829
60878.1956 lsst_hardware_z -30.28012365505062 42.11000061035156 30.950000762939453 AB 5.727263229308259 1.0601462138535682
60880.1611 lsst_hardware_r 1.2439143049092236 24.719999313354492 31.520000457763672 AB 6.616212367558404 1.067131027025549
60880.1811 lsst_hardware_u -0.7857717623520789 2.9000000953674316 28.530000686645508 AB 5.826467653809541 1.0588924842980278
60882.1599 lsst_hardware_g -23.558223076928712 15.460000038146973 31.459999084472656 AB 9.698742185543695 1.0640905712139368
60882.1803 lsst_hardware_i -54.40044535574633 31.81999969482422 31.260000228881836 AB 11.347682593125603 1.0591535239797711
60885.1618 lsst_hardware_z -2.7712869600997942 42.290000915527344 30.950000762939453 AB 4.412842583106229 1.0596756383029444
60885.1812 lsst_hardware_r -9.24419413444025 24.510000228881836 31.520000457763672 AB 4.417155447162461 1.0620289594459935
60887.1287 lsst_hardware_r 26.696269341549854 26.329999923706055 31.520000457763672 AB 4.000593876355462 1.081241588204179
60887.1496 lsst_hardware_y -33.474594726488206 47.470001220703125 30.030000686645508 AB 3.9301123148429093 1.0621925175251106
60889.1324 lsst_hardware_g 68.73028733523175 32.45000076293945 31.65999984741211 AB 1.9510937160173183 1.0707548061926195
60889.1531 lsst_hardware_r -14.389538299409136 35.439998626708984 31.59000015258789 AB 1.9576231516541955 1.0592243583664147
60895.1394 lsst_hardware_z -79.0074987948675 103.77999877929688 31.0 AB 4.105817482178054 1.0589281676869122
60895.1598 lsst_hardware_i -256.28314802958676 130.13999938964844 31.34000015258789 AB 4.069842945672876 1.0655898792999328
60898.1295 lsst_hardware_z -2.7394917398958003 64.7699966430664 30.989999771118164 AB 8.708863001131144 1.0590858568808397
60898.1496 lsst_hardware_r -40.177557468287546 90.77999877929688 31.649999618530273 AB 8.740413345416718 1.0642276915935327
60900.1243 lsst_hardware_y -0.34268424071635983 69.66000366210938 30.799999237060547 AB 2.643930036771479 1.0590546912763785
60900.1454 lsst_hardware_g 112.34852600137835 73.77999877929688 32.459999084472656 AB 3.5179079716730617 1.0650644782540302
60903.094 lsst_hardware_g -21.457781188774906 15.239999771118164 31.459999084472656 AB 5.498657301646492 1.0709236150835078
60903.1132 lsst_hardware_r 29.717530462920664 24.139999389648438 31.520000457763672 AB 5.4319525036613205 1.059548602794796
60905.1067 lsst_hardware_i 46.576056810288655 31.40999984741211 31.25 AB 2.7825123054584546 1.0598028205897752
60905.1285 lsst_hardware_z 30.43375905777648 41.959999084472656 30.950000762939453 AB 2.882064140996484 1.0630346619523516
60911.0961 lsst_hardware_z 20.802641389511177 41.90999984741211 30.950000762939453 AB 3.061569247793853 1.0589085163143461
60911.1167 lsst_hardware_r -12.743607998916993 24.040000915527344 31.510000228881836 AB 2.9608663982327625 1.066018505214316
60935.0152 lsst_hardware_z 85.25925434215667 42.0 30.950000762939453 AB 1.826766018690713 1.0640838903105945
60935.0332 lsst_hardware_r 12.392438827221214 24.260000228881836 31.510000228881836 AB 1.766279089732731 1.0589203175849788
60938.9944 lsst_hardware_y -17.01491081394259 48.20000076293945 30.030000686645508 AB 3.6584011188894268 1.0722160371891638
60939.0135 lsst_hardware_r -19.98239990374961 24.34000015258789 31.510000228881836 AB 4.1336149470728065 1.059901268480207
60943.9963 lsst_hardware_z -29.397431432693708 43.27000045776367 30.950000762939453 AB 3.23643248091934 1.0611254035802915
60944.0154 lsst_hardware_g -10.071052749812619 16.219999313354492 31.469999313354492 AB 3.4870184637746378 1.0601525605598088
60945.9863 lsst_hardware_y 82.15940299155453 67.12999725341797 30.059999465942383 AB 4.562661496228401 1.0633922070140518
60946.0054 lsst_hardware_i -25.08871227393909 33.79999923706055 31.270000457763672 AB 5.0135920761954536 1.0591350065900782
60948.9876 lsst_hardware_y 89.52464010485475 68.93000030517578 30.059999465942383 AB 3.191359431048902 1.0595482838820154
60949.0074 lsst_hardware_r 33.589290967886676 60.95000076293945 31.6299991607666 AB 6.469562458018131 1.0625145345534588
