data/validation/pwv_sim_epoch_fit_4/59080960.ecsv
# %ECSV 0.9
# ---
# datatype:
# - {name: time, datatype: float64}
# - {name: band, datatype: string}
# - {name: flux, datatype: float64}
# - {name: fluxerr, datatype: float64}
# - {name: zp, datatype: float64}
# - {name: zpsys, datatype: string}
# - {name: pwv, datatype: float64}
# - {name: airmass, datatype: float64}
# meta: {SNID: '59080960', alt: 1024.0, c: -0.021363798528909683, dec: -30.345182, lat: -30.244573, lon: -70.7499537, ra: 34.277344, t0: 62062.640625,
#   x0: 2.5805958266916416e-06, x1: 0.7722682952880859, z: 0.8033589124679565}
# schema: astropy-2.0
time band flux fluxerr zp zpsys pwv airmass
61958.4064 lsst_hardware_y 71.54540028356452 74.30999755859375 30.770000457763672 AB 1.823534659868776 1.147598904888836
61960.3478 lsst_hardware_r 33.66841070464916 83.18000030517578 31.56999969482422 AB 2.9805543529604375 1.4297510487495262
61960.3671 lsst_hardware_i 55.1713749524325 64.22000122070312 31.280000686645508 AB 2.853977566404216 1.3008101943503894
61962.3679 lsst_hardware_r 72.66950340942252 66.63999938964844 31.59000015258789 AB 11.882676466237145 1.2663823300133725
61962.3868 lsst_hardware_z -42.27866227588052 54.72999954223633 30.959999084472656 AB 10.774619549657865 1.1798535816244264
61964.3491 lsst_hardware_z 5.676724060008841 54.31999969482422 30.940000534057617 AB 8.155152758965201 1.3438129340270024
61964.3692 lsst_hardware_r -24.927235418901034 55.459999084472656 31.600000381469727 AB 7.393236837910937 1.2326170119891953
61978.3657 lsst_hardware_r 51.371403607504725 22.350000381469727 31.469999313354492 AB 2.792073556117414 1.104168292690778
61978.3863 lsst_hardware_i -32.03165015409922 30.1200008392334 31.239999771118164 AB 3.081398474271303 1.0557555302437083
61979.3766 lsst_hardware_z -16.668097644329425 41.209999084472656 30.940000534057617 AB 3.753337563354116 1.0701908178550918
61979.3976 lsst_hardware_r 40.158833146019624 21.989999771118164 31.479999542236328 AB 3.6318803830388102 1.0321751751720756
61981.3651 lsst_hardware_u 0.6756360027731793 2.5799999237060547 28.350000381469727 AB 5.183899525869858 1.0842709738276215
61981.3849 lsst_hardware_r -38.42622874738112 22.09000015258789 31.479999542236328 AB 4.9542641171521815 1.04346063020318
61986.3696 lsst_hardware_r 70.46028129266334 64.62999725341797 31.639999389648438 AB 1.9616235170042382 1.0462922128211778
61990.3685 lsst_hardware_r -70.95487286631707 80.94000244140625 31.65999984741211 AB 2.604974269818393 1.0308564581790236
61990.3886 lsst_hardware_z -73.7442653481641 58.59000015258789 30.989999771118164 AB 1.4130562045795625 1.0093258604139732
61994.3651 lsst_hardware_z 128.9880636370579 48.900001525878906 30.969999313354492 AB 3.185334817972892 1.0212679762657557
61994.3848 lsst_hardware_i 80.93489086063339 46.0099983215332 31.309999465942383 AB 3.055621218883808 1.0047529628598042
61995.3628 lsst_hardware_z -16.72520928006577 64.9800033569336 31.719999313354492 AB 4.744057076655333 1.0207761326853864
61997.2719 lsst_hardware_i -4.29589221910191 33.970001220703125 31.219999313354492 AB 5.963098535664987 1.2687443692904226
61997.2908 lsst_hardware_r 5.279149748611117 26.84000015258789 31.5 AB 5.553695900047325 1.181637425541984
62009.2308 lsst_hardware_g 4.6889248172725635 19.049999237060547 32.08000183105469 AB 3.8050634859336103 1.315644609900401
62009.2545 lsst_hardware_r -31.250154097978044 32.02000045776367 32.220001220703125 AB 3.1099776494189664 1.1961452497765255
62013.2416 lsst_hardware_z 13.84789827403427 49.18000030517578 30.940000534057617 AB 4.997886373766817 1.2046002346991604
62013.2574 lsst_hardware_r -15.449897150630374 48.13999938964844 31.600000381469727 AB 5.5781314584174755 1.1436260699630916
62016.2684 lsst_hardware_i 15.823862366562912 63.11000061035156 31.31999969482422 AB 1.3998460376401403 1.087118331069226
62016.2863 lsst_hardware_z -73.60631971483133 58.0099983215332 30.979999542236328 AB 1.297676785884905 1.0487689541095675
62020.241 lsst_hardware_z -9.303915371376002 92.9000015258789 31.729999542236328 AB 2.1303266463104573 1.1345606140478204
62027.2712 lsst_hardware_r -0.27532641800805235 22.18063845881068 31.510000228881836 AB 2.073316299705915 1.0258863432486345
62030.2646 lsst_hardware_u -1.0041287197996949 2.7985444961108565 28.530000686645508 AB 2.0352547668718186 1.0238987633614451
62030.2842 lsst_hardware_r -9.464240613688338 22.027825850518614 31.5 AB 1.9871572360300642 1.006070662069109
62031.2446 lsst_hardware_g -1.1232666888221972 13.725139218241258 31.40999984741211 AB 1.4569592645038858 1.0501238016724925
62031.2628 lsst_hardware_i 25.095640082214732 30.213675259394194 31.25 AB 1.6901358544815037 1.0227751010478086
62035.1628 lsst_hardware_r -24.105325746300668 23.959429220455913 31.459999084472656 AB 4.379784519396714 1.2981947445414492
62035.1795 lsst_hardware_i 61.58014874812015 33.07137405642832 31.239999771118164 AB 2.7535768987944085 1.2135640805616608
62037.1651 lsst_hardware_z 51.25857258142135 45.04888473569018 30.93000030517578 AB 4.420787527956548 1.2562624404536935
62037.1819 lsst_hardware_u 3.29444885226298 2.7343755421090234 28.3799991607666 AB 4.41006480218206 1.1804241975862044
62039.1816 lsst_hardware_g 8.055336766565013 21.204856459547386 31.510000228881836 AB 3.9376593769365744 1.1606954685148694
62039.1996 lsst_hardware_r 151.06928594658544 28.19996090668589 31.510000228881836 AB 3.7358035380632506 1.1029558975706484
62041.1914 lsst_hardware_i 352.4201551643518 42.48955030065207 31.270000457763672 AB 4.955654687313691 1.110718271344251
62041.2117 lsst_hardware_z 176.48613537909424 46.95271457262949 30.959999084472656 AB 3.8944866000151936 1.0609271101062958
62046.1829 lsst_hardware_i 1737.0144125155643 136.4096187221125 32.52000045776367 AB 3.1408379366705907 1.0964060751699338
62046.2169 lsst_hardware_r 735.0211338214898 134.3867344817191 32.40999984741211 AB 3.380532954771453 1.0290815691845157
62048.2115 lsst_hardware_z 476.19944440093775 72.91664265175875 30.989999771118164 AB 6.906730781502052 1.0289995577381368
62048.232 lsst_hardware_r 386.25566343319383 104.15504529992647 31.670000076293945 AB 6.74224058816168 1.008059893570149
62050.2115 lsst_hardware_i 748.1674980236902 69.9335624272558 31.329999923706055 AB 4.178243651925337 1.0220960926125857
62050.2324 lsst_hardware_z 471.54717831610157 62.555408971996336 30.989999771118164 AB 4.073651521191044 1.00449641948613
62054.098 lsst_hardware_i 732.1192460309039 43.64617233949701 31.209999084472656 AB 5.794973521633969 1.37975560038904
62054.1176 lsst_hardware_z 516.0606615064225 49.593202459469055 30.93000030517578 AB 5.299744671438109 1.2618439693900259
62057.1081 lsst_hardware_g 103.0846164777124 17.203048078538984 31.34000015258789 AB 9.165570121237039 1.268693452237736
62057.1281 lsst_hardware_r 640.6441082713263 33.87854082981828 31.469999313354492 AB 9.884543578760915 1.1772452553210824
62064.1034 lsst_hardware_r 519.1972694363282 32.954394671882305 31.479999542236328 AB 3.255838830524385 1.20012489529412
62064.1226 lsst_hardware_g 54.2342418410173 16.391803981294974 31.399999618530273 AB 3.0406990453295153 1.1289724178203646
62065.1115 lsst_hardware_r 535.7719687844667 32.47450051877977 31.479999542236328 AB 5.052105718732481 1.1574567303980086
62065.1307 lsst_hardware_i 888.1358669578626 43.098986265200296 31.239999771118164 AB 4.124646979314991 1.0972724073729692
62067.1148 lsst_hardware_z 540.4064890186087 49.39066909501607 30.950000762939453 AB 3.49596246538081 1.1277298275421967
62067.1338 lsst_hardware_i 896.4289616436025 43.18340621763634 31.25 AB 3.0879600291412785 1.0759442610248358
62070.1111 lsst_hardware_z 622.8270668031056 51.004993496988796 30.959999084472656 AB 4.684915792724971 1.1139973350909456
62070.1315 lsst_hardware_g 94.74096576661276 35.40919737238091 31.68000030517578 AB 3.856134601627877 1.0630281465548936
62075.1069 lsst_hardware_r 539.8733467481179 92.33811021424276 31.649999618530273 AB 5.952260322258932 1.0881645927347225
62075.1249 lsst_hardware_i 777.8911216132324 76.77635991404415 31.34000015258789 AB 5.71146644657904 1.0493393149957664
62077.1187 lsst_hardware_z 954.3180767030588 102.12171225151467 31.75 AB 4.22200895330926 1.0506865914497283
62079.1158 lsst_hardware_g -1.7321942762099656 83.28169139977942 31.729999542236328 AB 3.9847875282688543 1.04610479849549
62079.1353 lsst_hardware_r 365.016543713338 80.26786419172811 31.65999984741211 AB 3.6322439515050826 1.0187431907927385
62081.1153 lsst_hardware_i 665.255606291907 46.15335425665965 31.290000915527344 AB 4.7212469249782485 1.0379028157354706
62081.1335 lsst_hardware_z 499.73911338100834 50.67930836627246 30.969999313354492 AB 4.5361034293613525 1.015015312007463
62083.1325 lsst_hardware_u 0.6164578050617109 2.8193448466391593 28.56999969482422 AB 6.765928177053364 1.011047247019331
62086.0239 lsst_hardware_y 125.26560166793843 52.852569658079595 29.969999313354492 AB 6.4681221008415415 1.2962168538764636
62086.0419 lsst_hardware_u -0.7653279001372191 2.527743481983708 28.25 AB 5.518814398964328 1.2062982292818205
62088.0106 lsst_hardware_y 86.85105955582858 80.62700388133017 29.969999313354492 AB 8.170378370135385 1.3435360115329396
62088.0266 lsst_hardware_r 177.89951682881215 26.587324293685167 31.459999084472656 AB 7.720460437975828 1.2524743173679862
62090.0661 lsst_hardware_z 374.5733697448055 44.95596323771603 30.940000534057617 AB 6.523539466447845 1.0877702470246247
62091.0136 lsst_hardware_y 261.4966161487505 72.88181444271028 29.989999771118164 AB 4.471620704871773 1.2776059156776494
62091.0321 lsst_hardware_g 30.50500608897162 14.683219086226407 31.3700008392334 AB 4.164916790830841 1.1899762259516689
62093.015 lsst_hardware_y 256.24726960945617 76.71706420136739 30.0 AB 7.195279658277093 1.2422789465259187
62093.0313 lsst_hardware_i 223.10760190864104 35.98262294174515 31.229999542236328 AB 6.710031373581706 1.1714440247176459
62096.0269 lsst_hardware_y 69.56275457787333 53.22007922333025 30.0 AB 5.362927452590628 1.1572998387118318
62096.043 lsst_hardware_g -17.022145809050187 15.2638140745003 31.420000076293945 AB 4.928500443006373 1.1056647095921615
62098.028 lsst_hardware_y 111.8593726344022 52.2053460739987 30.030000686645508 AB 8.822874774299887 1.1346775977580088
62098.0449 lsst_hardware_i 70.43888295949176 35.89983564124037 31.260000228881836 AB 8.194341345080062 1.0861584427711235
62100.0378 lsst_hardware_z 547.3813592311601 70.33909898415241 31.709999084472656 AB 5.170727328677809 1.090295693975289
62103.0304 lsst_hardware_y 109.19847440975951 57.157769912015965 30.049999237060547 AB 6.7107164989246515 1.0882831232377226
62103.0481 lsst_hardware_r 84.7150739749016 68.03207219318405 31.649999618530273 AB 5.62521137581543 1.0499694588549566
62105.0276 lsst_hardware_y 158.95538497178845 66.55448859416319 30.049999237060547 AB 8.102035811203471 1.0817137264624128
62105.0438 lsst_hardware_z 165.82549296984203 63.0353955832657 30.979999542236328 AB 8.71625769189846 1.0478790204253716
62107.0311 lsst_hardware_y 100.17658103467853 62.6421488031273 30.059999465942383 AB 7.132073513918728 1.061734262873805
62107.0473 lsst_hardware_z 193.11847002230988 62.2855191498142 30.989999771118164 AB 6.849726913086869 1.033374579197005
62110.0336 lsst_hardware_y 133.25181076449974 54.29946567990358 30.059999465942383 AB 3.3378946919346455 1.041952455731188
62110.0545 lsst_hardware_r 17.995196867275812 22.80788527788584 31.5 AB 3.4494383254962075 1.0148391660771425
62323.3598 lsst_hardware_z -44.65280417100817 46.34000015258789 30.920000076293945 AB 7.875883647481297 1.3866399215026197
62323.3789 lsst_hardware_i 12.585983671286765 33.45000076293945 31.229999542236328 AB 6.361622051958534 1.2696158964792177
62325.3759 lsst_hardware_u -1.3287845608037023 2.609999895095825 28.299999237060547 AB 2.00368515510954 1.256819918525297
62325.3968 lsst_hardware_g -2.7425823970211773 13.920000076293945 31.3799991607666 AB 1.7891980335460878 1.1650320908647536
62327.3354 lsst_hardware_i -12.090891564150526 33.560001373291016 31.190000534057617 AB 11.912507085288599 1.4922655387964088
62327.354 lsst_hardware_r -20.223170000759925 23.670000076293945 31.450000762939453 AB 10.791081257690797 1.3519128787627541
62330.4042 lsst_hardware_r -25.849266075130718 22.719999313354492 31.489999771118164 AB 6.750517460446251 1.0978236234259637
62330.4256 lsst_hardware_i -69.46837860224556 30.739999771118164 31.260000228881836 AB 6.7713253601209695 1.0498992728306191
62332.3606 lsst_hardware_i -54.12245922755046 31.709999084472656 31.219999313354492 AB 4.632832612067029 1.2378978255356121
62332.3798 lsst_hardware_z -97.59323906755621 42.349998474121094 30.940000534057617 AB 5.480209545779734 1.157261016952747
62334.3576 lsst_hardware_z -35.77623301459297 43.63999938964844 30.920000076293945 AB 1.146938509464449 1.226235042192925
62334.3783 lsst_hardware_i 50.308912280777335 31.100000381469727 31.229999542236328 AB 2.6296731338530535 1.1433361451535016
62343.3652 lsst_hardware_z -4.068755641623035 59.459999084472656 30.969999313354492 AB 7.904421983635525 1.1075272500539537
62343.3848 lsst_hardware_r 9.660530642384382 81.55999755859375 31.649999618530273 AB 7.101730579301421 1.0600916401494844
62345.3627 lsst_hardware_i 0.19323140133655387 58.5099983215332 31.309999465942383 AB 3.416916970442502 1.0993057091425684
62345.3815 lsst_hardware_r -12.15570000659936 69.80999755859375 31.639999389648438 AB 3.7135710106743574 1.055816621131383
62347.3759 lsst_hardware_z -42.7681849096955 73.54000091552734 31.729999542236328 AB 4.955253649918307 1.0560881591159974
62348.3715 lsst_hardware_r -0.3650007850776151 51.2400016784668 31.6299991607666 AB 4.170274769041375 1.059386452188786
62348.392 lsst_hardware_i -5.667377486704454 45.779998779296875 31.309999465942383 AB 4.601186425216114 1.025905557461787
62351.3697 lsst_hardware_z -27.059278914757517 42.2400016784668 30.950000762939453 AB 2.3130320912271016 1.0473317143885448
62351.3886 lsst_hardware_r 0.24346269904622492 28.790000915527344 31.559999465942383 AB 2.847971698350665 1.0201689665733726
62352.3705 lsst_hardware_z 37.22323707210455 41.34000015258789 30.950000762939453 AB 1.9651377566539234 1.0413164832574
62352.3913 lsst_hardware_g 1.0123398808834538 17.940000534057617 31.530000686645508 AB 2.0717453476808534 1.0145667716360691
62354.3733 lsst_hardware_r -50.95275235475833 22.0 31.489999771118164 AB 2.679661142425314 1.0289569520688135
62354.3932 lsst_hardware_z -24.860517678715496 40.34000015258789 30.950000762939453 AB 2.910755179963838 1.0084612010499496
62356.3659 lsst_hardware_r 6.263327120940436 22.1200008392334 31.5 AB 2.5424970828761255 1.0316482381321834
62356.3839 lsst_hardware_u -3.130002978709839 2.7100000381469727 28.5 AB 1.416009711975738 1.0114355085540987
62358.3152 lsst_hardware_g -34.963623774268456 13.399999618530273 31.3799991607666 AB 5.491114583249764 1.1352314623216382
62358.3321 lsst_hardware_r 25.346939684101706 22.290000915527344 31.489999771118164 AB 5.270263236151568 1.0865775347711295
62362.2546 lsst_hardware_u -2.4558908566171658 2.4600000381469727 28.149999618530273 AB 5.006449701986933 1.377763935875317
62362.2729 lsst_hardware_r -1.25182084548298 23.049999237060547 31.450000762939453 AB 4.579608173248863 1.267127002051795
62364.2628 lsst_hardware_i -47.5282420371985 32.09000015258789 31.219999313354492 AB 5.8836028759341366 1.2923894290904199
62364.2821 lsst_hardware_z -4.591199180174184 43.04999923706055 30.940000534057617 AB 5.420272395691122 1.1978061351017177
62367.2464 lsst_hardware_y -23.451340537494847 51.18000030517578 29.959999084472656 AB 3.182251244668121 1.3415899007876306
62367.2644 lsst_hardware_r -54.30639945393765 44.709999084472656 31.579999923706055 AB 2.999600593662089 1.2410428604311499
62371.2559 lsst_hardware_r -50.456790878616225 88.5199966430664 31.600000381469727 AB 2.3629098765930086 1.2294549069555611
62371.2734 lsst_hardware_z 77.77412417912598 61.83000183105469 30.959999084472656 AB 2.2240435970029977 1.157000180519182
62376.2397 lsst_hardware_i -121.62530194373063 84.55999755859375 32.040000915527344 AB 4.960487837937478 1.2416740520494314
62376.2599 lsst_hardware_z 102.6231059409514 80.36000061035156 31.709999084472656 AB 4.23070306491246 1.1564564186548867
62380.2517 lsst_hardware_r -51.18466332636261 27.209999084472656 31.520000457763672 AB 1.834167734893294 1.1468326812588334
62380.2689 lsst_hardware_i 20.077467464681114 33.79999923706055 31.25 AB 1.7426422928635423 1.094624555818808
62382.2735 lsst_hardware_z 13.360225912297313 41.36000061035156 30.950000762939453 AB 1.3378742544526938 1.0702994035621551
