data/validation/pwv_sim_epoch_fit_4/59151219.ecsv
# %ECSV 0.9
# ---
# datatype:
# - {name: time, datatype: float64}
# - {name: band, datatype: string}
# - {name: flux, datatype: float64}
# - {name: fluxerr, datatype: float64}
# - {name: zp, datatype: float64}
# - {name: zpsys, datatype: string}
# - {name: pwv, datatype: float64}
# - {name: airmass, datatype: float64}
# meta: {SNID: '59151219', alt: 1024.0, c: -0.09615521878004074, dec: -0.298417, lat: -30.244573, lon: -70.7499537, ra: 72.949219, t0: 62105.23046875,
#   x0: 5.254330235152898e-06, x1: 0.10559409856796265, z: 0.6005441546440125}
# schema: astropy-2.0
time band flux fluxerr zp zpsys pwv airmass
62032.3847 lsst_hardware_r 1.0622590381063217 24.229999542236328 31.489999771118164 AB 8.094567058642275 1.1653006946552982
62032.405 lsst_hardware_y 7.141354348588161 82.94000244140625 30.030000686645508 AB 8.077439585348197 1.1546897339199749
62036.3793 lsst_hardware_z -12.091630100363679 43.43000030517578 30.940000534057617 AB 1.6589566311307038 1.1605153068420453
62036.3985 lsst_hardware_y -50.252172471572315 64.8499984741211 30.020000457763672 AB 1.6457243861718511 1.1548943060855097
62038.3732 lsst_hardware_u -7.983927546659996 2.5999999046325684 28.299999237060547 AB 6.831300720122941 1.1609960435288347
62038.3915 lsst_hardware_y 17.873512278499593 52.22999954223633 30.010000228881836 AB 7.4436223471245615 1.1547213259064668
62040.3726 lsst_hardware_r 36.769208026434875 23.56999969482422 31.469999313354492 AB 5.730449701395573 1.1578225420384374
62040.3925 lsst_hardware_z 24.280256102505938 52.7599983215332 30.950000762939453 AB 6.47611954602775 1.1561746392575132
62042.3227 lsst_hardware_z -38.05231538143956 44.099998474121094 30.920000076293945 AB 7.338562988762402 1.2308034474994496
62042.3409 lsst_hardware_y -46.86876367234097 48.95000076293945 29.989999771118164 AB 8.254059751716719 1.1884610043027954
62045.3701 lsst_hardware_z -65.93243866550868 49.77000045776367 30.950000762939453 AB 2.797368813335197 1.1546651678598776
62045.3887 lsst_hardware_y -58.025557052784364 58.33000183105469 30.010000228881836 AB 2.4170691418505506 1.1620990304982814
62047.3658 lsst_hardware_i 19.388154733900844 65.7300033569336 31.309999465942383 AB 2.7606082625953166 1.154663616282361
62047.3848 lsst_hardware_y 57.66069388803128 58.93000030517578 30.020000457763672 AB 2.234025102957836 1.163453746875075
62049.365 lsst_hardware_r -81.8970858446486 93.36000061035156 31.6200008392334 AB 7.272476488948858 1.1552782349402475
62049.3842 lsst_hardware_y 75.96416225898639 66.05000305175781 30.020000457763672 AB 6.834078482353358 1.1684182736113238
62053.3244 lsst_hardware_r 30.516643511949542 66.73999786376953 31.6200008392334 AB 3.266269908500493 1.1684724213572
62053.3435 lsst_hardware_i 13.408690443352878 59.130001068115234 31.309999465942383 AB 3.4659397862360732 1.155313262078691
62056.3291 lsst_hardware_z -77.0697523470641 44.349998474121094 30.950000762939453 AB 6.067437527495481 1.1577238087126505
62056.346 lsst_hardware_r -28.686081302882286 29.989999771118164 31.549999237060547 AB 6.327599552471114 1.155303916828759
62058.3246 lsst_hardware_u 0.02243797672226933 2.680000066757202 28.3700008392334 AB 6.540305148141843 1.157234765227103
62058.3426 lsst_hardware_r 11.759604971023213 23.709999084472656 31.479999542236328 AB 6.7774469779283555 1.1559034072646428
62060.2732 lsst_hardware_i -12.854112319263274 32.220001220703125 31.229999542236328 AB 7.5166194347058335 1.2318288159137714
62060.2899 lsst_hardware_z 42.38274930345084 43.31999969482422 30.93000030517578 AB 7.300316172767764 1.1919370052276033
62068.2957 lsst_hardware_i 16.01538148722802 31.5 31.239999771118164 AB 4.383679823072709 1.158069696126961
62068.313 lsst_hardware_z 80.20691589628649 42.720001220703125 30.940000534057617 AB 4.382130282077594 1.1552442581105158
62069.3171 lsst_hardware_r 34.39858985523446 23.40999984741211 31.489999771118164 AB 1.566647716797708 1.1579066642998581
62069.3335 lsst_hardware_g 24.405291002490948 14.270000457763672 31.40999984741211 AB 2.802256768486046 1.1732287077605386
62076.2191 lsst_hardware_z -69.80748302685139 71.17274621492449 30.959999084472656 AB 5.608646138963053 1.2653459986380267
62076.2356 lsst_hardware_i 24.776022388042037 78.57002517926145 31.299999237060547 AB 5.209631299481385 1.2154287079568977
62078.2768 lsst_hardware_z -123.1682635249319 81.2058028033162 30.979999542236328 AB 5.863934851948859 1.1549810131044123
62078.2947 lsst_hardware_r 69.24322912676344 118.75894334980705 31.639999389648438 AB 6.60745069741175 1.1592018767389034
62080.2805 lsst_hardware_y 27.709214414190907 83.44873009927291 30.770000457763672 AB 3.4986420734378805 1.155302831074699
62084.2749 lsst_hardware_z 49.77827773310865 48.216184891225005 30.950000762939453 AB 10.894591292924007 1.157254983757402
62084.2928 lsst_hardware_r 314.6198934585706 41.93663040766078 31.56999969482422 AB 12.142642803981309 1.1735612638953836
62087.2673 lsst_hardware_u 10.01782714890327 4.516736389750038 28.329999923706055 AB 5.192775575139728 1.1575513988274024
62087.285 lsst_hardware_r 610.9817452198821 34.48416422502874 31.479999542236328 AB 5.169119896346676 1.1740884077104807
62089.2678 lsst_hardware_i 591.4035826165093 40.52546957890605 31.229999542236328 AB 5.442691147399972 1.161458463336469
62089.2856 lsst_hardware_z 495.2926446031641 48.056244132905555 30.93000030517578 AB 5.521391364981407 1.1832609407944847
62094.2615 lsst_hardware_u 13.073359226210759 4.281717281661179 28.329999923706055 AB 5.127652003853577 1.1685846367152775
62094.2803 lsst_hardware_g 561.5987016580034 27.12352856895033 31.389999389648438 AB 5.315159858323937 1.199020928656589
62099.2257 lsst_hardware_i 1341.6897455397109 48.5668953753093 31.239999771118164 AB 7.17500630334225 1.1547756925980208
62099.245 lsst_hardware_z 1028.4323973943194 52.58849075611195 30.940000534057617 AB 7.227741716270305 1.165514144743672
62102.0993 lsst_hardware_z 884.9705058164509 63.797810017752724 30.90999984741211 AB 5.979826680378677 1.5474407005206618
62102.1143 lsst_hardware_i 1563.9068525654066 63.31029281840654 31.239999771118164 AB 5.534961135249522 1.4333088826714344
62104.227 lsst_hardware_z 1101.95875942853 69.8712541608563 30.959999084472656 AB 6.333680663781876 1.161574886376385
62104.2455 lsst_hardware_r 1984.3241833244922 90.30427426083871 31.610000610351562 AB 6.500631506591373 1.1846972948864551
62108.2139 lsst_hardware_r 2015.8020288487662 133.05192156413906 31.6299991607666 AB 5.010924523890771 1.1599362323821227
62108.2318 lsst_hardware_i 1486.3178876210393 107.40962052112161 31.31999969482422 AB 5.136840946597777 1.1801369126638968
62115.1901 lsst_hardware_g 219.62300780892167 21.143203593766955 31.399999618530273 AB 11.687353014921554 1.1571636648437182
62115.2082 lsst_hardware_i 1213.8457884647341 46.853128243434725 31.229999542236328 AB 11.853359655605919 1.1735999659015761
62117.1957 lsst_hardware_z 1006.4424710855739 52.48652109005409 30.940000534057617 AB 12.901210631157351 1.165350833839315
62117.2151 lsst_hardware_r 1216.7185789511525 42.451054882137065 31.489999771118164 AB 12.964276338931032 1.1940937956093793
62119.1863 lsst_hardware_u 3.8029192803509697 2.6928253846911794 28.329999923706055 AB 9.25730575352019 1.1617741433082454
62119.2053 lsst_hardware_g 189.7503944765283 19.444286883369017 31.389999389648438 AB 9.460215963779362 1.1859975588417155
62121.1483 lsst_hardware_r 920.0877977068635 39.394712149741245 31.489999771118164 AB 10.896533430788393 1.159730030150682
62121.168 lsst_hardware_i 969.3897903086379 44.08717427469075 31.239999771118164 AB 9.89343050672185 1.1551560795978533
62125.1134 lsst_hardware_r 758.877114289363 36.14340138034893 31.479999542236328 AB 3.6892433046314985 1.1900784853649995
62125.1329 lsst_hardware_u 2.4110406278192227 2.860692184298511 28.399999618530273 AB 4.8258436698788865 1.1632743569672233
62127.1173 lsst_hardware_g 81.01126186095942 19.523995358351932 31.450000762939453 AB 5.001322228114007 1.174846659176417
62127.1374 lsst_hardware_i 689.0157848146866 42.10370511697224 31.25 AB 5.568367940776417 1.1566628923195887
62130.1156 lsst_hardware_z 657.697201722633 53.32425578732218 30.950000762939453 AB 8.727648344916314 1.1668629061220939
62130.1338 lsst_hardware_r 644.5312091205975 46.7409429578107 31.579999923706055 AB 8.051479878916746 1.1551621060138804
62132.1246 lsst_hardware_y 384.15581612140113 77.53801905978409 30.760000228881836 AB 6.188179407241473 1.1563088272641455
62134.1224 lsst_hardware_r 231.29633988082665 102.75035795233448 31.639999389648438 AB 8.517716897182101 1.1552710117682425
62134.1438 lsst_hardware_i 725.1245183535967 84.86228569146674 31.31999969482422 AB 9.094199295296201 1.160566525688581
62136.1215 lsst_hardware_z 1171.8043536014738 121.79319311504024 31.739999771118164 AB 7.942085105067791 1.1546376842533799
62136.1422 lsst_hardware_r 791.0758990062371 175.18303685076717 32.38999938964844 AB 8.045397644371299 1.163780674618963
62138.1245 lsst_hardware_z 527.7280119611211 70.24437471302853 30.969999313354492 AB 5.816911644888107 1.1559840311780816
62138.1464 lsst_hardware_r 227.32953592741745 94.61280817492461 31.6299991607666 AB 5.437703735856168 1.1749575920173223
62140.0866 lsst_hardware_g 50.3429040023752 15.479812183928255 31.3799991607666 AB 2.6881145053401063 1.1687454371043942
62140.107 lsst_hardware_i 444.92029105841175 46.76230810522247 31.270000457763672 AB 2.6566207075126202 1.1550524815272263
62146.0823 lsst_hardware_r 189.68671662549076 27.02265277553216 31.469999313354492 AB 10.443885809572233 1.1582867810985824
62146.1023 lsst_hardware_i 253.01696140060477 35.589478330503695 31.229999542236328 AB 9.80109748685232 1.1558579499796358
62148.0788 lsst_hardware_z 365.26908708052053 47.24180410650035 30.940000534057617 AB 4.333846237526991 1.1572353104211073
62148.0995 lsst_hardware_r 187.82506603909934 26.802405232722396 31.479999542236328 AB 6.651496560781272 1.1569161457759634
62150.0786 lsst_hardware_u 2.343025665323376 3.4444493268200724 28.43000030517578 AB 7.5208593896008304 1.1552927287242536
62150.0988 lsst_hardware_r 200.6273204148418 26.182838632728554 31.479999542236328 AB 7.856089910821045 1.1596275207864168
62152.0792 lsst_hardware_i 224.08324570080342 34.85253904268616 31.239999771118164 AB 3.8408717778567834 1.15462852182678
62152.0989 lsst_hardware_z 350.2079504260426 46.687389662716214 30.940000534057617 AB 4.402766286158518 1.1641370402322893
62154.0448 lsst_hardware_y 77.89429747118753 53.22950923795402 30.0 AB 4.575379324592207 1.1731741857928737
62154.0654 lsst_hardware_r 96.95592469387446 26.17349885432918 31.479999542236328 AB 4.508308024536916 1.1559764165479272
62156.0453 lsst_hardware_y 179.8657230269098 51.77275743448717 30.010000228881836 AB 9.527706598034275 1.1661224863727038
62156.0662 lsst_hardware_g 38.108192723904466 16.283802220914396 31.43000030517578 AB 9.471626314443029 1.1546656755556133
62158.0424 lsst_hardware_z 225.11794971312835 52.94632568435617 30.959999084472656 AB 12.567087051964121 1.1636191714781592
62158.0619 lsst_hardware_i 186.95590301512982 37.76238268872928 31.260000228881836 AB 12.469886615242636 1.1546191310409848
62160.0419 lsst_hardware_y 80.64931583912858 57.21808658243055 30.020000457763672 AB 15.05811766361145 1.1596548065931054
62160.0607 lsst_hardware_r 74.17128699465741 51.092851564368296 31.610000610351562 AB 14.966213769646137 1.1549786826397714
62162.0374 lsst_hardware_y 107.07538572425787 67.51833480896022 30.030000686645508 AB 12.573529148302343 1.1590197477329882
62162.0564 lsst_hardware_r -20.476511436770963 77.81712785882871 31.6299991607666 AB 13.80950238216915 1.1552202093164756
62163.0394 lsst_hardware_y 157.5697968183122 64.11542000272611 30.020000457763672 AB 12.638864701162861 1.1565226202070635
62163.0557 lsst_hardware_z 303.06650910157185 70.70581010534457 30.979999542236328 AB 13.17603087918778 1.155792182384893
62167.0345 lsst_hardware_y 39.019886491008634 61.46369712929295 30.030000686645508 AB 9.796854398621845 1.1548354890320447
62167.0513 lsst_hardware_r 127.82815341763494 77.63658505257112 31.6299991607666 AB 10.502085547341933 1.1589147591416833
62169.044 lsst_hardware_z 413.7672501463971 70.61575562377381 31.700000762939453 AB 7.757492147479616 1.1578346488775546
62171.0339 lsst_hardware_y 78.56300035994087 55.62530171708671 30.020000457763672 AB 10.596422712165795 1.1558052696515821
62171.0523 lsst_hardware_g 12.555153451212625 15.168116036240399 31.399999618530273 AB 11.349762345349072 1.169777103359871
62402.3991 lsst_hardware_r 32.66927924676044 78.5999984741211 31.6200008392334 AB 1.6357342004540694 1.1554515190398418
62405.372 lsst_hardware_z 96.09536734225148 63.369998931884766 30.969999313354492 AB 4.83896623473889 1.1585713251569283
62405.3905 lsst_hardware_y -85.09615114948106 60.279998779296875 30.020000457763672 AB 3.711161064013881 1.1553451141016888
62410.3613 lsst_hardware_r -14.70182297017907 35.470001220703125 31.559999465942383 AB 4.848611387653819 1.1570023992173957
62410.3827 lsst_hardware_y 34.41384439248351 51.939998626708984 30.010000228881836 AB 4.801105927500988 1.1575903381557535
62415.3646 lsst_hardware_g -12.918226730837064 14.270000457763672 31.389999389648438 AB 7.210367572113655 1.1557391419936778
62415.384 lsst_hardware_y -86.45382917905587 57.65999984741211 30.010000228881836 AB 6.800586463256832 1.1705975494030179
62417.3602 lsst_hardware_i -18.979763134265173 31.84000015258789 31.229999542236328 AB 5.119968096073022 1.1560969658451803
62417.3783 lsst_hardware_y -30.786437392380794 51.849998474121094 30.0 AB 4.771426964249802 1.1703040075828381
62421.327 lsst_hardware_u -0.33499662609419195 2.6700000762939453 28.350000381469727 AB 6.117386529930095 1.1594010733331408
62421.3451 lsst_hardware_g -9.22016054709342 14.270000457763672 31.389999389648438 AB 6.397062758469975 1.1549824431517768
62424.273 lsst_hardware_r -6.503724313709873 23.90999984741211 31.459999084472656 AB 7.9247135992140425 1.2427024618495461
62424.2902 lsst_hardware_i 22.133409327914787 32.20000076293945 31.229999542236328 AB 7.624257957189667 1.1982175007370213
62426.3274 lsst_hardware_z -31.83485963434807 42.93000030517578 30.940000534057617 AB 6.247610557272705 1.1546662768142282
62426.3462 lsst_hardware_u 2.565448939166761 2.7100000381469727 28.399999618530273 AB 5.673364941632955 1.1625152280380788
62431.2382 lsst_hardware_i -24.943809566031682 118.19000244140625 32.040000915527344 AB 3.2066845876853254 1.3000072652781074
62431.2569 lsst_hardware_z -9.109563467042404 72.04000091552734 30.969999313354492 AB 3.533098098222987 1.233623637647691
62434.3255 lsst_hardware_z -88.94532769133224 74.9800033569336 30.979999542236328 AB 4.413516797577831 1.1635185652350757
62434.3442 lsst_hardware_r -192.4175990275083 101.98999786376953 31.6200008392334 AB 4.3388941398998035 1.1890638914496583
62436.285 lsst_hardware_r 34.30650295930376 75.72000122070312 31.6299991607666 AB 3.8276104683917698 1.1601163270534764
62436.3015 lsst_hardware_i 68.1710188453759 64.62000274658203 31.309999465942383 AB 3.6381318209173976 1.1546875572219437
62439.2968 lsst_hardware_z 207.483945847669 64.86000061035156 31.690000534057617 AB 5.145852221148318 1.1551382728881927
62441.2774 lsst_hardware_r -19.11989195375935 24.219999313354492 31.489999771118164 AB 5.808211128504615 1.156668550931916
62441.296 lsst_hardware_g 3.4665963375511146 16.079999923706055 31.450000762939453 AB 6.3081570637436 1.1566111227986944
62455.268 lsst_hardware_z -3.988068374240144 42.79999923706055 30.940000534057617 AB 5.29281029282633 1.163361544352339
62455.2862 lsst_hardware_g -8.786909408286734 14.369999885559082 31.389999389648438 AB 5.503969774481978 1.1878430533205715
62457.2557 lsst_hardware_y 42.27221644920332 51.02000045776367 30.020000457763672 AB 4.664866607545007 1.1583015910143206
62457.2747 lsst_hardware_r 14.597157439548278 46.79999923706055 31.59000015258789 AB 4.7190031150543055 1.1778857929247788
62459.256 lsst_hardware_i 131.80259667753964 78.29000091552734 31.309999465942383 AB 6.129415641067463 1.1624152552755898
62459.2768 lsst_hardware_z -42.62473107405051 70.66000366210938 30.969999313354492 AB 6.301499805511369 1.1906471054343635
62462.2264 lsst_hardware_z 2.4681601261733848 90.72000122070312 30.989999771118164 AB 3.479982210799609 1.154861353141463
62462.2458 lsst_hardware_r -255.2130132205144 134.10000610351562 31.6299991607666 AB 3.674615241506294 1.1608019295565701
62464.2277 lsst_hardware_z 28.190382931773534 67.7699966430664 30.969999313354492 AB 8.737044434896783 1.1549680339598294
62464.2459 lsst_hardware_r 18.67396919588533 90.52999877929688 31.6299991607666 AB 8.91637295737728 1.1657294273414773
