data/validation/pwv_sim_epoch_fit_4/59230202.ecsv
# %ECSV 0.9
# ---
# datatype:
# - {name: time, datatype: float64}
# - {name: band, datatype: string}
# - {name: flux, datatype: float64}
# - {name: fluxerr, datatype: float64}
# - {name: zp, datatype: float64}
# - {name: zpsys, datatype: string}
# - {name: pwv, datatype: float64}
# - {name: airmass, datatype: float64}
# meta: {SNID: '59230202', alt: 1024.0, c: -0.08655008673667908, dec: -41.810314, lat: -30.244573, lon: -70.7499537, ra: 339.785156, t0: 61338.32421875,
#   x0: 2.894592257571985e-06, x1: -0.4816683530807495, z: 0.766487717628479}
# schema: astropy-2.0
time band flux fluxerr zp zpsys pwv airmass
61194.3658 lsst_hardware_r 102.79781993182257 81.91999816894531 31.639999389648438 AB 11.672190771595455 1.1016264049639817
61194.394 lsst_hardware_y -49.99236933257288 53.02000045776367 30.049999237060547 AB 11.317429162642632 1.0512683259154467
61198.4215 lsst_hardware_z -4.308170942879904 49.439998626708984 30.969999313354492 AB 0.9378718803484557 1.0213687779455003
61198.4345 lsst_hardware_y 0.1675964010156088 55.630001068115234 30.059999465942383 AB 0.9421648198894856 1.0203951117936667
61220.1693 lsst_hardware_r -378.51460878171025 209.6999969482422 32.939998626708984 AB 11.206202676199771 1.8991149728762904
61220.1982 lsst_hardware_z -108.72279001238192 143.3800048828125 32.41999816894531 AB 9.345307176003226 1.5748748190093829
61222.4137 lsst_hardware_y -51.77652556209316 57.529998779296875 30.049999237060547 AB 10.206222363364839 1.0521878725118392
61222.4271 lsst_hardware_r -45.842182806914366 103.18000030517578 31.649999618530273 AB 10.032562008364756 1.0731160560877908
61223.4167 lsst_hardware_i -109.02326536493962 80.5 31.329999923706055 AB 7.819156775880417 1.0604403303560612
61223.4286 lsst_hardware_z 60.851983711622296 71.80000305175781 30.989999771118164 AB 7.8954237019803415 1.080935578872644
61231.3177 lsst_hardware_r 7.719625401206822 22.549999237060547 31.5 AB 8.133372713441142 1.0273085127391293
61231.3301 lsst_hardware_u -3.105133414215765 2.7300000190734863 28.469999313354492 AB 8.109004511068566 1.021714134111957
61233.3217 lsst_hardware_g 18.1119802731011 13.649999618530273 31.420000076293945 AB 7.899227067103264 1.0226639853839934
61233.3343 lsst_hardware_i 26.58641045747787 30.0 31.25 AB 8.211938843653776 1.0202222396091898
61235.3169 lsst_hardware_z -11.540346706728178 40.66999816894531 30.950000762939453 AB 6.221488292740133 1.0224302863993646
61235.3302 lsst_hardware_r -6.412563252164106 22.43000030517578 31.5 AB 6.197023444370847 1.0202121157955053
61238.3431 lsst_hardware_g 6.271747900006201 13.649999618530273 31.399999618530273 AB 0.9893614350607489 1.0263972698823365
61238.355 lsst_hardware_r 0.6418830186872837 22.469999313354492 31.489999771118164 AB 0.8306080397083857 1.0352405978916315
61242.3448 lsst_hardware_i -31.66142185068606 30.200000762939453 31.25 AB 4.419856253740399 1.035903809470406
61242.3564 lsst_hardware_z -60.555856418467954 41.0 30.940000534057617 AB 4.525973526636011 1.048650029340858
61244.3392 lsst_hardware_r -6.7527001910212245 22.459999084472656 31.489999771118164 AB 4.687740927780901 1.0357740956245776
61244.351 lsst_hardware_u -0.9103166557895648 2.6500000953674316 28.40999984741211 AB 4.676447017066571 1.04872667173984
61246.334 lsst_hardware_z -23.872093343694104 46.04999923706055 30.959999084472656 AB 5.716996528465377 1.0360162240683677
61246.3455 lsst_hardware_i 135.03806916600442 39.59000015258789 31.280000686645508 AB 5.7744478846264995 1.0486761598667917
61248.3363 lsst_hardware_z -6.680215368913932 61.0 30.979999542236328 AB 2.6298236335593628 1.0441332584274865
61248.3481 lsst_hardware_r 86.8792453675156 81.5199966430664 31.649999618530273 AB 2.7001203532480833 1.0599098540718679
61249.3351 lsst_hardware_y 25.200235056839553 81.91000366210938 30.799999237060547 AB 3.2619433279579098 1.045941640003605
61251.3277 lsst_hardware_r 32.77551200457906 123.41999816894531 31.65999984741211 AB 4.621069819509343 1.0436609608738847
61251.3401 lsst_hardware_i -33.42368625763593 96.66999816894531 31.34000015258789 AB 5.068814200377623 1.0601995817564573
61253.2416 lsst_hardware_r 51.128227151719486 95.0 31.65999984741211 AB 4.666820999908955 1.0408492305201744
61253.2542 lsst_hardware_i 31.307120035984227 75.58999633789062 31.329999923706055 AB 4.555479656737733 1.0296032674285756
61256.241 lsst_hardware_z -11.098764857680443 46.45000076293945 30.959999084472656 AB 1.595951556558257 1.0335358164435555
61256.252 lsst_hardware_r -62.324819338552814 44.849998474121094 31.6200008392334 AB 1.0203446344650826 1.025815651271866
61258.2382 lsst_hardware_u 2.661897248588341 3.0999999046325684 28.520000457763672 AB 2.330873944007517 1.0313601522157156
61258.25 lsst_hardware_g 15.36104589998107 18.8799991607666 31.530000686645508 AB 1.2288905898426803 1.024075491535567
61260.2324 lsst_hardware_r -6.8004560104670055 22.81999969482422 31.5 AB 3.1980433136322577 1.0316268753652444
61260.2434 lsst_hardware_z 5.9029786842283025 40.869998931884766 30.950000762939453 AB 3.1762993406837667 1.0246126905431505
61263.2318 lsst_hardware_g 1.5523137404137333 14.15999984741211 31.440000534057617 AB 6.63382349855395 1.026430991575731
61263.2445 lsst_hardware_r 10.502494520330181 22.829999923706055 31.510000228881836 AB 6.627272537890718 1.0212562982161575
61266.3085 lsst_hardware_z 81.69146523218652 41.88999938964844 30.950000762939453 AB 3.633202028449417 1.0758667540566167
61266.3207 lsst_hardware_r 12.572216344605598 23.309999465942383 31.489999771118164 AB 3.710255099630166 1.100748150602304
61268.3138 lsst_hardware_u -0.8740733157140146 2.740000009536743 28.450000762939453 AB 5.279520327557394 1.0975373143006155
61268.3246 lsst_hardware_r 2.772684286803008 23.239999771118164 31.489999771118164 AB 5.40747343174963 1.1235335673274274
61274.261 lsst_hardware_z 87.11102420381842 45.77000045776367 30.959999084472656 AB 1.8449465726552312 1.039406519805764
61274.2723 lsst_hardware_r 36.938914834577886 36.83000183105469 31.59000015258789 AB 1.8528607828798596 1.0529612329303994
61276.2907 lsst_hardware_z -60.19495274214101 57.720001220703125 30.969999313354492 AB 3.112499218463059 1.0947939565469782
61276.3004 lsst_hardware_r -13.883038658149108 69.45999908447266 31.6299991607666 AB 3.482613372535389 1.1174758134238743
61278.2844 lsst_hardware_z 56.8614162471163 76.80999755859375 30.989999771118164 AB 2.4104173663291704 1.092994573607544
61278.2955 lsst_hardware_r 1.8225186045338169 111.05000305175781 31.639999389648438 AB 3.0353791472714273 1.1188962882366875
61286.2396 lsst_hardware_r -5.106323582700597 33.97999954223633 31.59000015258789 AB 0.7887344269612375 1.0530499692400557
61286.2514 lsst_hardware_y -11.59123634629151 48.0 30.040000915527344 AB 1.3999780116541014 1.0714117436128328
61296.1459 lsst_hardware_z -57.58934264051477 40.86000061035156 30.950000762939453 AB 3.680866893172693 1.0242412224480537
61296.1591 lsst_hardware_u -0.02414481274666881 2.8299999237060547 28.559999465942383 AB 3.740783295441215 1.0204455454715748
61297.0418 lsst_hardware_r -43.977643740891075 33.33000183105469 32.220001220703125 AB 1.448776426094689 1.2377415002944803
61297.0503 lsst_hardware_g 28.853654268085194 19.860000610351562 32.130001068115234 AB 1.3812996478283934 1.2037469697853094
61303.2128 lsst_hardware_i 6.272042529356976 41.72008926521534 31.290000915527344 AB 6.356309247930532 1.086084450735674
61303.2248 lsst_hardware_z 23.68006317433323 47.400369715085695 30.959999084472656 AB 6.501370154666315 1.1128037008044522
61305.2041 lsst_hardware_z 8.089331152898774 57.49463700811888 30.979999542236328 AB 2.401912171317368 1.0797537295199067
61305.2164 lsst_hardware_r 60.25736564718325 70.13709779536505 31.639999389648438 AB 2.157353640109786 1.1057681394719558
61307.2048 lsst_hardware_i -2.8618510497754404 79.8472275604171 31.31999969482422 AB 4.18168610151 1.0921091933949654
61307.2155 lsst_hardware_r -13.033959769379965 99.25608306402188 31.6299991607666 AB 4.328453383889055 1.116828085634175
61309.2012 lsst_hardware_z 9.348439930486997 103.11966608287199 31.729999542236328 AB 3.704743073193872 1.0961048565873535
61311.1815 lsst_hardware_z 23.010916864900828 58.65527204167481 30.979999542236328 AB 4.823379797141921 1.068597019582813
61311.1927 lsst_hardware_r 44.00732726860688 80.28424424111681 31.639999389648438 AB 4.965601218562901 1.0896445939976516
61313.1757 lsst_hardware_i 60.22093238847208 45.95642555340276 31.299999237060547 AB 4.499948306196169 1.0680257055845337
61313.1883 lsst_hardware_z 96.29005343779058 48.8786658374604 30.959999084472656 AB 4.5897372475684834 1.0918630329445473
61317.0792 lsst_hardware_r 136.47784264969826 25.41373340442214 31.5 AB 2.37059468334861 1.0297978641829
61317.0913 lsst_hardware_u 2.807635626245605 4.094449180575363 28.459999084472656 AB 2.1484500803373208 1.0230714668272956
61319.0816 lsst_hardware_g 129.58881982396375 17.73398752717912 31.420000076293945 AB 3.887211385828261 1.0249733383858581
61319.0943 lsst_hardware_r 221.6123127949692 26.944383399688608 31.5 AB 3.502614969030716 1.020724164077143
61323.1583 lsst_hardware_g 174.77999164603102 19.078047784402507 31.420000076293945 AB 3.383578651991829 1.0863082597292975
61323.1699 lsst_hardware_r 412.60706679132 31.02276321549838 31.489999771118164 AB 3.8430361622999745 1.1120968927270478
61325.1599 lsst_hardware_i 736.7106685876922 40.3676236348584 31.239999771118164 AB 6.631458025794599 1.1014186340420096
61325.171 lsst_hardware_z 379.95195388483074 46.732992826638124 30.940000534057617 AB 7.008465669715379 1.1289409906115195
61326.1538 lsst_hardware_i 736.6190029418741 40.85944792159186 31.239999771118164 AB 6.397990797689993 1.0939853173593606
61326.1655 lsst_hardware_u 7.259981911030254 3.619755633117372 28.420000076293945 AB 6.539532277434453 1.1216234878754587
61328.1584 lsst_hardware_g 172.89795380859925 19.383140673277737 31.389999389648438 AB 6.93509606761795 1.1174374328488137
61328.1696 lsst_hardware_r 684.979589354612 34.787539660120224 31.469999313354492 AB 7.5775417743374724 1.1482283727150426
61332.146 lsst_hardware_z 1155.674189543128 75.92766582080294 31.709999084472656 AB 4.241172442110201 1.113753267360872
61337.1375 lsst_hardware_i 1199.6064944407055 75.96743870044483 31.31999969482422 AB 3.268228310482967 1.1269752794768852
61337.1486 lsst_hardware_z 761.3712250500645 67.81859606246647 30.969999313354492 AB 3.352061841637695 1.1591810639362652
61342.1436 lsst_hardware_g 170.94296174618677 48.687484774969334 31.65999984741211 AB 3.4398182001217408 1.1881244142956908
61342.1534 lsst_hardware_r 818.7425126416011 57.995466531101734 31.600000381469727 AB 3.498365937441488 1.2254186248261667
61343.0879 lsst_hardware_g 85.07367497476929 17.433451096353444 31.450000762939453 AB 6.35218411932032 1.0586973532200534
61343.0991 lsst_hardware_r 614.8877580602968 34.146822865960985 31.510000228881836 AB 6.464592428126012 1.0774320713543353
61558.4032 lsst_hardware_r 4.031347138834883 22.579999923706055 31.5 AB 7.94956112200827 1.044071594695071
61558.4173 lsst_hardware_y 13.335599641730452 46.95000076293945 30.049999237060547 AB 6.691283507588333 1.0306174058665125
61561.4228 lsst_hardware_u 0.5092957108239683 3.0799999237060547 28.59000015258789 AB 4.500642533818752 1.0228733031406254
61561.4348 lsst_hardware_y 47.1072005527438 54.95000076293945 30.059999465942383 AB 4.489121925260599 1.0202549830137724
61563.4291 lsst_hardware_r -27.55134189503858 32.72999954223633 32.2599983215332 AB 0.9265744889955495 1.0202692115935579
61574.4091 lsst_hardware_r 20.480320066007433 81.62999725341797 31.65999984741211 AB 4.724348967548956 1.0209657760154782
61574.4227 lsst_hardware_z -123.13235943818991 59.060001373291016 30.979999542236328 AB 5.028487933221217 1.0262220271880034
61576.3922 lsst_hardware_r -49.49828405907382 98.20999908447266 31.65999984741211 AB 3.8810326141957234 1.0203845442870452
61576.4068 lsst_hardware_i 47.96606110907345 76.69000244140625 31.34000015258789 AB 3.89871300356436 1.021742253440178
61578.4068 lsst_hardware_z 55.93826422704969 64.0199966430664 30.979999542236328 AB 2.149804957804912 1.0237166465737675
61578.4187 lsst_hardware_i -40.77059696219782 70.27999877929688 31.329999923706055 AB 1.6914228217548513 1.0308315825830114
61580.4052 lsst_hardware_z -45.00109524229614 78.55000305175781 31.729999542236328 AB 3.99103370025776 1.0255991691777442
61582.4026 lsst_hardware_r -86.38567821182575 42.650001525878906 31.6200008392334 AB 5.547183500804347 1.0272562038526567
61582.4171 lsst_hardware_i 28.060376770143577 41.0099983215332 31.299999237060547 AB 6.0546688048219375 1.0391605260142345
61587.408 lsst_hardware_r 0.3187068402993843 22.440000534057617 31.489999771118164 AB 10.128099051572669 1.0441339228425432
61587.4201 lsst_hardware_g -16.607924623522674 13.819999694824219 31.399999618530273 AB 9.943487898799805 1.0603747937011023
61591.4053 lsst_hardware_z -48.837223825560194 41.20000076293945 30.940000534057617 AB 4.4777263820201405 1.054678716788853
61591.417 lsst_hardware_i -76.30473576777126 30.610000610351562 31.239999771118164 AB 5.614486309263319 1.0733103248448326
61596.1556 lsst_hardware_u -0.5794752351300985 2.8499999046325684 28.06999969482422 AB 15.433075652840921 1.7059091379496802
61596.1669 lsst_hardware_g -20.072532223926487 17.579999923706055 31.329999923706055 AB 14.486069197988362 1.5927508738854623
61608.3496 lsst_hardware_r -28.08861004140359 82.29000091552734 31.649999618530273 AB 4.538400400162565 1.042910854116254
61608.3613 lsst_hardware_z 38.77781878478135 62.41999816894531 30.979999542236328 AB 4.589605924619506 1.0581630628541745
61611.3335 lsst_hardware_y 2.752182717907202 48.31999969482422 30.049999237060547 AB 5.703823955333576 1.0348950295443302
61611.3448 lsst_hardware_r 61.06693752499332 41.90999984741211 31.610000610351562 AB 5.779794552233256 1.0469061830460238
61612.3337 lsst_hardware_i 11.759745421428676 35.7599983215332 31.280000686645508 AB 7.449320263139032 1.0376543060508472
61612.3451 lsst_hardware_z -47.23156086020082 43.599998474121094 30.959999084472656 AB 7.541707580957064 1.0507673575548575
61617.3393 lsst_hardware_r -17.105893598909223 22.760000228881836 31.489999771118164 AB 4.174857109826169 1.0620794004221756
61617.3516 lsst_hardware_g -5.721408200431407 13.930000305175781 31.40999984741211 AB 4.242282930789138 1.0837817246331782
61619.2466 lsst_hardware_r 63.16623613647018 22.68000030517578 31.5 AB 1.8541328070113798 1.0339991488119973
61619.258 lsst_hardware_u -5.687208464056549 2.740000009536743 28.489999771118164 AB 1.558573130375162 1.025883251851349
61622.2397 lsst_hardware_g -8.039125318601299 13.920000076293945 31.40999984741211 AB 1.1245685265734264 1.0328987614910918
61622.2512 lsst_hardware_i -53.64109429126192 30.229999542236328 31.239999771118164 AB 0.4314980788104767 1.0251389716344723
61626.235 lsst_hardware_y -78.4214540992821 46.84000015258789 30.059999465942383 AB 3.4939850529914485 1.0282475141234397
61626.2464 lsst_hardware_g 1.1127522195751498 14.329999923706055 31.459999084472656 AB 3.3905632295550796 1.0224858955233405
61627.2267 lsst_hardware_r -0.44886664547147653 30.989999771118164 31.56999969482422 AB 4.618269884292576 1.0323616596160892
61627.2377 lsst_hardware_i -20.91704418501562 34.310001373291016 31.280000686645508 AB 4.741679028944048 1.0250616719332004
61629.3204 lsst_hardware_r -15.136516982656804 37.77000045776367 31.600000381469727 AB 2.734830864836828 1.0869037019951624
61629.3311 lsst_hardware_g 30.48629962241114 28.020000457763672 31.6200008392334 AB 2.779271624148394 1.1106350357914259
61631.3098 lsst_hardware_r -36.1455658018714 76.88999938964844 31.639999389648438 AB 3.6181964841829 1.07695103210127
61631.3215 lsst_hardware_i 40.2693686634246 64.16000366210938 31.31999969482422 AB 3.70306678253677 1.1009563795263178
61649.2406 lsst_hardware_u -0.4793441765226923 2.619999885559082 28.3799991607666 AB 1.6528084933395106 1.0463572629952058
61649.2518 lsst_hardware_g 0.040409961503543465 13.930000305175781 31.399999618530273 AB 1.7397054843381667 1.0618751684668364
61651.2401 lsst_hardware_r 18.770430833964568 22.899999618530273 31.5 AB 0.8169386200174955 1.052755953630793
61651.2514 lsst_hardware_z 24.545018018560224 41.84000015258789 30.950000762939453 AB 1.3983661509290801 1.070178176731439
61653.2341 lsst_hardware_r 11.8763051982626 22.799999237060547 31.489999771118164 AB 1.8171971653658852 1.052024603646788
61653.2473 lsst_hardware_u 0.2911589419068309 2.6700000762939453 28.40999984741211 AB 1.9098595447199747 1.072553095125407
61655.2711 lsst_hardware_r 9.809145287720366 23.1299991607666 31.489999771118164 AB 2.173159047038908 1.1395695055264332
61655.2822 lsst_hardware_i 24.700958201812977 31.540000915527344 31.229999542236328 AB 2.2438985035910197 1.173996426713125
61672.2047 lsst_hardware_i -13.338963266524257 30.780000686645508 31.239999771118164 AB 4.057420965557432 1.0904114392788913
61672.2159 lsst_hardware_z 32.62687943156468 42.20000076293945 30.940000534057617 AB 4.251813265934088 1.1160591300901985
61680.1789 lsst_hardware_r 5.615632868012679 22.479999542236328 31.489999771118164 AB 4.85942385151402 1.0824377453625933
61680.1906 lsst_hardware_i -18.633247103113554 30.829999923706055 31.239999771118164 AB 4.988467992902762 1.1076459165648942
61682.1778 lsst_hardware_z -25.680338979104018 41.7400016784668 30.950000762939453 AB 2.456608460071342 1.0912601436609204
61682.19 lsst_hardware_u 0.9515197171623289 2.619999885559082 28.360000610351562 AB 2.4653878809444776 1.1196130249519733
61686.1657 lsst_hardware_r 27.611963963355862 41.459999084472656 31.600000381469727 AB 5.412847473832614 1.0888120169973075
61686.1773 lsst_hardware_i 54.45426148722632 41.529998779296875 31.280000686645508 AB 4.454946645700772 1.1151305746434972
61688.0702 lsst_hardware_i 45.03289354567627 57.189998626708984 31.31999969482422 AB 2.4776024770724465 1.0255684623962338
61688.0819 lsst_hardware_z -71.11662689012557 55.41999816894531 30.979999542236328 AB 2.4629528298866847 1.0211247221752424
61689.1653 lsst_hardware_z 171.3312122852855 85.19999694824219 31.729999542236328 AB 4.863551082750099 1.1059390016107251
61692.1546 lsst_hardware_r -3.69185970836331 94.76000213623047 31.639999389648438 AB 9.189838042512934 1.1001841305534459
61692.1648 lsst_hardware_i -32.27069752492563 75.1500015258789 31.31999969482422 AB 9.43045442727399 1.1250840404765516
61696.141 lsst_hardware_r -0.7211819704803621 58.599998474121094 31.6200008392334 AB 6.699645721554518 1.0942961378920648
61696.1516 lsst_hardware_g -65.68935472347088 64.93000030517578 31.68000030517578 AB 6.843008794024053 1.1191749649496898
61698.1432 lsst_hardware_r 22.60700703218222 24.780000686645508 31.510000228881836 AB 3.7195132710174583 1.1118513165656014
61698.1547 lsst_hardware_i 20.747685752688128 38.04999923706055 31.270000457763672 AB 3.8684520651459673 1.1424843665522644
61700.1458 lsst_hardware_z -20.80051758852489 42.58000183105469 30.940000534057617 AB 4.287778169970351 1.132759572015151
61700.1569 lsst_hardware_i 25.35223567153623 31.6299991607666 31.239999771118164 AB 4.4097871962625765 1.1659934416347373
61702.1387 lsst_hardware_u 7.53236722697434 2.700000047683716 28.420000076293945 AB 3.2040844764524055 1.1282980813284287
61702.1494 lsst_hardware_g -25.697329854695187 13.850000381469727 31.3799991607666 AB 3.34626204523538 1.1594809581548926
61705.1346 lsst_hardware_r 9.915629078451907 22.920000076293945 31.479999542236328 AB 4.175853088751531 1.1396460556065129
61705.1457 lsst_hardware_i 45.6550663055633 31.450000762939453 31.229999542236328 AB 4.2893214955944226 1.1740843509835424
61707.14 lsst_hardware_z -29.093761130534414 42.959999084472656 30.940000534057617 AB 3.4001795045019576 1.1732848531753626
61707.1507 lsst_hardware_u 0.6395427668485708 2.630000114440918 28.329999923706055 AB 3.4821733900847702 1.2118932912127098
61709.0888 lsst_hardware_z 13.615858042338408 41.36000061035156 30.950000762939453 AB 5.35634511574475 1.0631887883574336
61709.0995 lsst_hardware_r -42.168415298362 22.670000076293945 31.489999771118164 AB 5.371182591016958 1.0820271134197452
61711.0923 lsst_hardware_u 2.014523460293624 2.5999999046325684 28.34000015258789 AB 5.916704246719756 1.0787063348623074
61711.105 lsst_hardware_r -40.84212721073388 22.8700008392334 31.479999542236328 AB 6.2971624730959235 1.105411785797997
