data/validation/pwv_sim_epoch_fit_4/59252678.ecsv
# %ECSV 0.9
# ---
# datatype:
# - {name: time, datatype: float64}
# - {name: band, datatype: string}
# - {name: flux, datatype: float64}
# - {name: fluxerr, datatype: float64}
# - {name: zp, datatype: float64}
# - {name: zpsys, datatype: string}
# - {name: pwv, datatype: float64}
# - {name: airmass, datatype: float64}
# meta: {SNID: '59252678', alt: 1024.0, c: -0.08364365249872208, dec: -11.26298, lat: -30.244573, lon: -70.7499537, ra: 54.84375, t0: 61318.34375,
#   x0: 1.136708014695797e-05, x1: 0.44384369254112244, z: 0.4357859492301941}
# schema: astropy-2.0
time band flux fluxerr zp zpsys pwv airmass
61275.3988 lsst_hardware_u 1.5014052619845963 2.7300000190734863 28.450000762939453 AB 2.4516924787708874 1.074675253698519
61275.419 lsst_hardware_y 73.18668129364181 51.97999954223633 30.049999237060547 AB 1.6406952384168159 1.059709503256461
61277.4016 lsst_hardware_r 30.624883941149264 27.770000457763672 31.540000915527344 AB 2.285788286440215 1.066630091665989
61277.4194 lsst_hardware_y -36.18624230858873 54.900001525878906 30.049999237060547 AB 2.203385354382228 1.058302283564951
61279.4058 lsst_hardware_z -53.306310849455265 80.4800033569336 31.729999542236328 AB 3.4875493793333803 1.0606095580729509
61285.3634 lsst_hardware_z 2.3578592705283916 53.66999816894531 30.969999313354492 AB 2.317296199629205 1.0852575574895407
61285.3803 lsst_hardware_y 5.562143476025984 51.0099983215332 30.040000915527344 AB 2.4725144899381846 1.0661985726339736
61298.3528 lsst_hardware_i 461.3847607845711 36.81995979916502 31.25 AB 1.4337623930385235 1.061129191838221
61298.3722 lsst_hardware_z 318.94246362269456 44.621097925605945 30.950000762939453 AB 1.3847215974027693 1.0589255142006029
61302.3154 lsst_hardware_u 4.693390127847752 3.563955191908659 28.34000015258789 AB 6.039212801577692 1.0876565153674975
61302.3432 lsst_hardware_g 707.7000871700429 29.636139522126125 31.40999984741211 AB 5.486462274736385 1.0605275015602924
61304.352 lsst_hardware_r 2132.3977909702094 50.40292675439756 31.5 AB 2.567282862312658 1.058236958909575
61304.3714 lsst_hardware_i 1280.885247074968 47.23555104757681 31.25 AB 2.672999442490962 1.0674917901329675
61306.3434 lsst_hardware_z 1245.5273935254324 57.47915562456622 30.969999313354492 AB 1.8581698184385649 1.0580828424249207
61306.3635 lsst_hardware_r 2647.5424204836863 57.996416671602745 31.540000915527344 AB 1.892740130664058 1.0655320683039056
61308.3388 lsst_hardware_z 1423.6807409647035 68.24131701257089 30.969999313354492 AB 6.202512588054418 1.0580881248813405
61308.3585 lsst_hardware_r 3506.87834361515 92.19689431025938 31.639999389648438 AB 6.255672684558666 1.065883912857159
61310.3233 lsst_hardware_i 2411.348898630822 91.5225600832039 31.329999923706055 AB 4.561487430985196 1.0597635897044075
61310.343 lsst_hardware_z 1699.4887632330274 78.45862858493025 30.989999771118164 AB 5.148379879672424 1.0600644913532788
61312.326 lsst_hardware_r 4614.30542105337 107.58525431867766 31.649999618530273 AB 6.330508109356949 1.0581120610675459
61312.3463 lsst_hardware_z 1650.8784182854527 74.6499422465506 30.979999542236328 AB 7.369284662071133 1.0649255292010626
61314.3249 lsst_hardware_y 701.857210258309 55.11621806221529 30.040000915527344 AB 4.713837331180287 1.0582587737440825
61314.3441 lsst_hardware_r 4669.121624279175 89.40867774901619 31.639999389648438 AB 4.475460651737597 1.067492105363768
61316.301 lsst_hardware_r 4483.488740151525 75.26389230742714 31.59000015258789 AB 3.45609341777794 1.0625415303682948
61316.32 lsst_hardware_i 2767.8062403751196 63.40070651848291 31.280000686645508 AB 3.486842938993855 1.0583295039439058
61318.3247 lsst_hardware_r 4160.36034567034 68.95086230339652 31.510000228881836 AB 7.328915958369492 1.0616744911807694
61318.3434 lsst_hardware_g 1925.6994414025687 46.539102746352235 31.469999313354492 AB 8.194889376773904 1.0782749179965665
61320.2923 lsst_hardware_u 4.726399849276813 3.7892354239539516 28.420000076293945 AB 4.911891610487123 1.0613421803128784
61320.3092 lsst_hardware_r 4112.250016887433 67.31152281168991 31.489999771118164 AB 4.869803677504229 1.0583462063543405
61322.2911 lsst_hardware_i 2639.1266170211766 60.081038896163896 31.260000228881836 AB 2.7533761674084207 1.0595681624250306
61322.3084 lsst_hardware_z 2133.6063672172027 60.12364358120755 30.950000762939453 AB 2.8829343441935658 1.0594154686976816
61324.2982 lsst_hardware_r 3632.5403185607715 65.07548379165107 31.510000228881836 AB 4.777321351530187 1.0583343711852429
61324.317 lsst_hardware_u 6.2549599258576345 3.490621650894079 28.479999542236328 AB 4.829042038507872 1.0676635061923219
61327.2846 lsst_hardware_g 1052.1700365691443 35.52745354591069 31.420000076293945 AB 6.094067848737022 1.0581356684875673
61327.3025 lsst_hardware_r 3367.6763109407952 61.55261703865164 31.489999771118164 AB 5.317225469110028 1.0630198858676145
61329.2861 lsst_hardware_i 2302.270554313008 56.79297642740782 31.25 AB 7.724821949999541 1.058593572921243
61329.304 lsst_hardware_z 1729.3987745959516 57.5857006147004 30.950000762939453 AB 7.515888338440578 1.0682300137544034
61336.2769 lsst_hardware_z 1235.3349905197442 63.08729859977781 30.969999313354492 AB 3.900808121402035 1.0624080221703227
61336.2943 lsst_hardware_i 1865.9182094205978 66.58512829559709 31.309999465942383 AB 3.3937634198076276 1.078326608883086
61341.2523 lsst_hardware_y 335.0166565750682 58.84406992824782 30.059999465942383 AB 2.393587391232919 1.058406982636855
61341.2673 lsst_hardware_r 1621.1227628859747 101.28135064885268 31.65999984741211 AB 2.4118018396732 1.0650482842451756
61344.2415 lsst_hardware_i 1391.4319215783667 54.74518907516529 31.299999237060547 AB 4.039824670184894 1.0581227991316975
61351.1851 lsst_hardware_u 5.858754858668196 3.5343380684641845 28.450000762939453 AB 5.772082177083215 1.0825360422138455
61357.2056 lsst_hardware_z 762.9306919231728 49.25994820036459 30.950000762939453 AB 4.43263802818984 1.0580982343354632
61357.223 lsst_hardware_r 581.661465400118 32.11804966385247 31.489999771118164 AB 7.1267110842375905 1.0646018723886306
61359.2082 lsst_hardware_u 2.7898754879381813 3.1992405559309707 28.450000762939453 AB 4.076235228101291 1.0596798686574664
61359.2258 lsst_hardware_g 98.6474592601283 17.77986445256337 31.420000076293945 AB 8.09940791808469 1.0717755614773972
61361.22 lsst_hardware_r 383.23012421007644 30.75778337475999 31.489999771118164 AB 6.294277498971115 1.071427172997448
61361.2393 lsst_hardware_i 722.2205119681424 41.06891448194927 31.239999771118164 AB 6.1610728741390295 1.0988017312873353
61364.1899 lsst_hardware_i 690.7557059662149 53.166074671065466 31.309999465942383 AB 5.424377779820558 1.0584668090777745
61364.2096 lsst_hardware_z 449.94648909950064 54.727638319793876 30.969999313354492 AB 5.2539656355451845 1.069273741609883
61366.1014 lsst_hardware_r 306.56461688653246 86.14713598966743 31.6200008392334 AB 4.567297851916708 1.1852849096669658
61366.1199 lsst_hardware_z 569.555069986374 66.8272506445597 30.969999313354492 AB 4.317010967447441 1.1294669604798608
61368.1904 lsst_hardware_z 578.6009803834821 81.12471395202333 30.989999771118164 AB 8.262374743009355 1.0629127027886236
61368.2093 lsst_hardware_i 488.6933928179528 95.96413117349363 31.329999923706055 AB 8.224894617868776 1.0814285055323973
61370.1892 lsst_hardware_z 470.42747152282726 66.65068628090903 30.979999542236328 AB 5.010210982616743 1.0658511521663756
61370.2095 lsst_hardware_r 391.12462919518504 88.97274319970136 31.639999389648438 AB 5.72517727381625 1.0898180089751317
61372.181 lsst_hardware_u 6.776612996284441 10.261677795473759 29.260000228881836 AB 3.4950249401297393 1.0638805560741937
61372.2001 lsst_hardware_g 71.4167022140024 53.06106382491015 31.700000762939453 AB 3.6048353813088867 1.0838350515059791
61374.1849 lsst_hardware_r 282.32124289061676 29.254968009103507 31.510000228881836 AB 4.760704955542663 1.0718285078144831
61374.2036 lsst_hardware_i 399.42134405631816 40.828820406618675 31.270000457763672 AB 4.839281624263206 1.0984220982665973
61376.18 lsst_hardware_z 375.9178090669289 45.97006604712944 30.950000762939453 AB 6.7569247409013276 1.0724142536611638
61376.1993 lsst_hardware_r 288.9750111106888 28.29211674122704 31.489999771118164 AB 6.96899584674649 1.100570501947137
61379.1587 lsst_hardware_r 224.1351154253044 28.00142630064568 31.5 AB 2.6562055324021423 1.0619512373419662
61379.1773 lsst_hardware_u -0.8677059032936786 2.9387224408640558 28.469999313354492 AB 2.6361158528901947 1.078827850579167
61383.1572 lsst_hardware_z 392.6403449748249 45.30822006448092 30.950000762939453 AB 5.875299752629135 1.0687869058537673
61383.1753 lsst_hardware_r 238.04189150879634 27.77625241338197 31.5 AB 6.574766946002255 1.091927248661423
61385.1481 lsst_hardware_u -0.4970753610079576 2.776448176012011 28.469999313354492 AB 10.205754833466663 1.0657360483974994
61385.1658 lsst_hardware_g 70.59449911327955 15.761022019297316 31.40999984741211 AB 10.416556567737892 1.085576263084401
61387.1483 lsst_hardware_r 204.1030833675506 27.377486364866403 31.5 AB 11.037377790950556 1.070706484061772
61387.1671 lsst_hardware_i 348.3472232383592 35.91763604256035 31.25 AB 12.14327882867889 1.096607109647256
61394.09 lsst_hardware_z -17.41180716745518 55.029998779296875 30.979999542236328 AB 3.603629268843466 1.0614519201306232
61394.1115 lsst_hardware_r 20.620090167859782 65.30999755859375 31.649999618530273 AB 3.508483268256686 1.0592980052603764
61405.05 lsst_hardware_z 35.24064688306927 43.61000061035156 30.950000762939453 AB 8.013156831543327 1.0684209108724436
61405.0709 lsst_hardware_r 11.2426355831826 22.700000762939453 31.5 AB 7.958786004022738 1.058173309492802
61409.0518 lsst_hardware_y -121.55597014802258 48.619998931884766 30.040000915527344 AB 2.3894123835515204 1.0601940692408278
61409.0739 lsst_hardware_u -2.559896593346892 2.640000104904175 28.399999618530273 AB 2.352264774867838 1.0605341636013697
61411.0396 lsst_hardware_y -32.388392325297275 66.72000122070312 30.059999465942383 AB 10.051575441951114 1.0637713453223743
61411.0614 lsst_hardware_i 54.089280700851 30.3799991607666 31.25 AB 10.246963887841279 1.05842486102203
61415.0383 lsst_hardware_y -30.124064995146398 67.79000091552734 30.059999465942383 AB 12.267641730316837 1.0591912851300633
61415.0598 lsst_hardware_g -8.816461902635089 14.010000228881836 31.420000076293945 AB 9.575118259406874 1.0616215085453686
61418.0379 lsst_hardware_z -24.236370738574774 60.560001373291016 30.979999542236328 AB 3.9867548889044557 1.058055968392895
61418.0565 lsst_hardware_i -51.27064279864021 31.360000610351562 31.25 AB 2.2945355721059166 1.0646261789147042
61650.41 lsst_hardware_z -13.230927191254265 43.83000183105469 30.950000762939453 AB 2.1272775926833205 1.0594011915753587
61654.3815 lsst_hardware_g 12.207967997045872 13.710000038146973 31.40999984741211 AB 0.7783650425353079 1.0597209564810184
61654.4009 lsst_hardware_y 38.90811932910119 47.810001373291016 30.040000915527344 AB 0.7877825620304778 1.060034844624703
61656.378 lsst_hardware_i -3.0504125764393737 30.700000762939453 31.25 AB 2.4230618609436188 1.0591076830816428
61656.3965 lsst_hardware_z -61.615411872851915 41.88999938964844 30.950000762939453 AB 2.400355744373845 1.060462003257718
61673.345 lsst_hardware_i 7.739668137956804 30.829999923706055 31.239999771118164 AB 6.149520191632278 1.0588016858872134
61673.3634 lsst_hardware_z -73.61598299343105 41.560001373291016 30.940000534057617 AB 6.34162523610622 1.06950421386405
61677.3313 lsst_hardware_r 42.257849819032344 22.450000762939453 31.5 AB 6.310691335880571 1.0583081227368445
61677.3499 lsst_hardware_u -0.419744111398778 2.7200000286102295 28.469999313354492 AB 7.388140034867436 1.0672133329129359
61679.3213 lsst_hardware_g 12.176273260207513 13.729999542236328 31.399999618530273 AB 4.719251121895405 1.0581280542366378
61679.3404 lsst_hardware_i -53.67857284858262 30.6200008392334 31.239999771118164 AB 4.452578904289897 1.0641495090913913
61681.3258 lsst_hardware_z 0.15750992513475165 41.11000061035156 30.940000534057617 AB 3.4812964135217257 1.0595403510769177
61681.3436 lsst_hardware_r -21.090477791136482 22.489999771118164 31.489999771118164 AB 3.1073586870230896 1.0715029955252033
61683.2958 lsst_hardware_r -3.335945466117908 22.649999618530273 31.489999771118164 AB 7.338661701055817 1.0628168383961887
61683.315 lsst_hardware_u -1.337293597161833 2.619999885559082 28.3799991607666 AB 7.303448560009168 1.058317426461246
61685.32 lsst_hardware_r -7.342285970121756 22.540000915527344 31.489999771118164 AB 5.08497025820386 1.0617281997920087
61685.3402 lsst_hardware_i -2.5277605763970272 30.68000030517578 31.25 AB 3.8891614820302585 1.080322633897294
61687.2943 lsst_hardware_i 34.296094547495116 30.6200008392334 31.25 AB 2.8756143467915654 1.058865634462471
61687.3119 lsst_hardware_z -57.18421126510334 41.4900016784668 30.950000762939453 AB 2.8682322407273735 1.0604753170054375
61691.2963 lsst_hardware_z -55.24302957950893 55.849998474121094 30.979999542236328 AB 5.559253434485965 1.0589054160925648
61691.3136 lsst_hardware_i -26.31132231528823 57.88999938964844 31.31999969482422 AB 5.569381284813073 1.06889364922442
61693.2402 lsst_hardware_z 73.5749588460399 71.62999725341797 30.979999542236328 AB 6.943950651024083 1.0957788623993272
61693.2597 lsst_hardware_r 158.93088403275027 103.94999694824219 31.649999618530273 AB 6.828991216123375 1.069592442746622
61695.294 lsst_hardware_y -30.131525880667848 81.20999908447266 30.809999465942383 AB 5.755516629085028 1.0624424992542392
61697.2858 lsst_hardware_r -114.34925096805415 72.01000213623047 31.649999618530273 AB 3.907702573961769 1.0610107450343007
61697.3033 lsst_hardware_i 67.73952874222627 60.88999938964844 31.31999969482422 AB 4.085693340543044 1.075182458037643
61701.278 lsst_hardware_z -83.44545233118193 42.220001220703125 30.950000762939453 AB 3.8995324340169475 1.0626635450939017
61701.2954 lsst_hardware_r -23.059657841022663 27.100000381469727 31.530000686645508 AB 3.396801412140215 1.0788633991233538
61704.2546 lsst_hardware_r 25.890166297575444 23.170000076293945 31.510000228881836 AB 1.4813376773802285 1.0580983409858775
61704.2706 lsst_hardware_u -1.3961301069490888 2.859999895095825 28.549999237060547 AB 1.4883977179778394 1.0631412271270282
61706.2544 lsst_hardware_g 0.6496181780320238 14.119999885559082 31.420000076293945 AB 2.3449887470472732 1.0586856645813099
61706.2714 lsst_hardware_i -12.69399497978619 30.93000030517578 31.239999771118164 AB 2.4388159194463426 1.067782801859169
61710.1248 lsst_hardware_r 0.5874427001162579 34.290000915527344 32.20000076293945 AB 7.299885787447761 1.3532925915242504
61710.1549 lsst_hardware_u -1.1543455478320817 2.619999885559082 28.299999237060547 AB 5.541781919032127 1.202100161392338
61723.2035 lsst_hardware_z -130.09612942426375 79.66999816894531 30.989999771118164 AB 4.256087793411844 1.0581141443801716
61723.2187 lsst_hardware_r -92.01111153719714 118.05999755859375 31.65999984741211 AB 7.6305472982071985 1.0631204873850977
61725.2162 lsst_hardware_z -84.23093471563168 88.80999755859375 31.739999771118164 AB 7.9532678877367236 1.0651222562925837
61730.189 lsst_hardware_i -29.444582251331312 30.860000610351562 31.239999771118164 AB 3.2983115806998393 1.0587064054675577
61730.2083 lsst_hardware_r -12.495785076594341 23.1299991607666 31.489999771118164 AB 3.3976613245454206 1.0699891325166
61733.1878 lsst_hardware_u -1.5311291793249222 2.7699999809265137 28.489999771118164 AB 8.16016409915156 1.0611396747922546
61733.2072 lsst_hardware_g -0.3609177476891315 14.210000038146973 31.43000030517578 AB 8.490227373005098 1.0778047612988868
61737.1861 lsst_hardware_z 74.27486344357925 41.5099983215332 30.940000534057617 AB 3.4356220921934497 1.0672119568820926
61737.2058 lsst_hardware_r 51.22768591567648 23.040000915527344 31.479999542236328 AB 3.52296166065752 1.0915732378295264
61739.1788 lsst_hardware_u 0.5411556774562466 2.759999990463257 28.479999542236328 AB 4.730450017906398 1.06573671175422
61739.1978 lsst_hardware_g 21.859669353234082 14.09000015258789 31.420000076293945 AB 4.902192132075335 1.0875232120257823
61741.178 lsst_hardware_r -21.92824870520182 23.040000915527344 31.489999771118164 AB 6.752325373476689 1.0697317941768227
61741.1985 lsst_hardware_z -24.928308013065802 42.189998626708984 30.940000534057617 AB 6.943816295540406 1.0978365684648863
61745.0828 lsst_hardware_z 48.16466576605386 44.06999969482422 30.950000762939453 AB 3.8782337881756503 1.1284049525521374
61745.0992 lsst_hardware_g 29.47452024600563 26.81999969482422 31.6200008392334 AB 5.745688591441066 1.0940695508932528
61747.1621 lsst_hardware_r -29.53551418353495 45.83000183105469 31.6200008392334 AB 3.9597127634492058 1.0701926387700555
61747.1817 lsst_hardware_i 55.31689824683834 43.5 31.290000915527344 AB 4.9110910392804845 1.0970827743281903
61749.1447 lsst_hardware_z -60.7004704587195 58.04999923706055 30.969999313354492 AB 7.866562437079296 1.061423374617158
61749.1592 lsst_hardware_r -96.62715434718963 72.05000305175781 31.639999389648438 AB 8.045306112762022 1.072802841954162
61751.1582 lsst_hardware_z -63.45007811025465 103.81999969482422 31.739999771118164 AB 12.723073451966437 1.077982951759536
61753.1478 lsst_hardware_r -13.306046060390864 99.44999694824219 31.649999618530273 AB 7.699875593564544 1.0722940630942743
61753.1655 lsst_hardware_z 55.831523472729934 69.51000213623047 30.979999542236328 AB 7.811629172633084 1.0974086569919212
61755.1262 lsst_hardware_i 24.366920265143083 48.79999923706055 31.309999465942383 AB 10.813979372350202 1.0604412105858203
61755.1433 lsst_hardware_r -62.43056042357214 59.720001220703125 31.6299991607666 AB 10.936951417070249 1.073322845054219
61759.0906 lsst_hardware_r -32.89277378716875 22.479999542236328 31.489999771118164 AB 3.481340002285048 1.0615189944711978
61759.112 lsst_hardware_i 23.730764982266344 30.420000076293945 31.25 AB 3.4814300232628246 1.0592586277672602
61765.0887 lsst_hardware_r 11.736659650090308 22.290000915527344 31.489999771118164 AB 7.935286846713106 1.058097029396641
61765.1152 lsst_hardware_z 7.068177765284888 41.290000915527344 30.950000762939453 AB 8.101136662722292 1.0724655519075608
61767.0824 lsst_hardware_r -1.7000876831761471 22.59000015258789 31.5 AB 6.677886724343779 1.058078597920881
61767.1088 lsst_hardware_u -2.950599707827583 2.759999990463257 28.489999771118164 AB 5.72175151996243 1.071489048682186
61769.0547 lsst_hardware_z 47.02386530984336 59.25 31.700000762939453 AB 9.137962040454477 1.0673318975011028
61769.0838 lsst_hardware_g 15.946634434718721 23.84000015258789 32.619998931884766 AB 7.80485945648049 1.0590039968088545
61769.11 lsst_hardware_r 25.510668183122345 22.6299991607666 31.5 AB 7.883087140237472 1.0791850607243048
61771.0534 lsst_hardware_y -83.07562640828098 47.7599983215332 30.040000915527344 AB 7.336378852432318 1.0641586426052436
61771.0783 lsst_hardware_i 4.562896574225966 30.25 31.239999771118164 AB 7.297337659057308 1.0589933221431844
61773.0539 lsst_hardware_y -72.23986426694857 48.189998626708984 30.040000915527344 AB 6.76176195975036 1.0607794738927512
61773.0798 lsst_hardware_r -37.92939685305792 24.860000610351562 31.520000457763672 AB 6.892303267218157 1.06174278167113
61775.0499 lsst_hardware_y -79.70076171033087 70.47000122070312 30.790000915527344 AB 11.27107248487653 1.0601582547031492
61775.0708 lsst_hardware_g 55.9729516005762 43.529998779296875 32.400001525878906 AB 11.311945052307141 1.060113870231681
61777.0394 lsst_hardware_y -41.116201991086314 65.94999694824219 30.059999465942383 AB 10.267603877746831 1.0626422752696207
61777.0613 lsst_hardware_z -36.761464754718325 51.40999984741211 30.969999313354492 AB 10.393540244406244 1.0588366182157964
61779.0485 lsst_hardware_y -23.945273970277242 87.48999786376953 30.809999465942383 AB 9.007019692636128 1.0580933559631283
61785.0376 lsst_hardware_y -56.688223509777366 69.91999816894531 30.059999465942383 AB 6.206783989004179 1.0584556597892527
61785.0568 lsst_hardware_u 0.8077903238383343 2.869999885559082 28.489999771118164 AB 6.361929921994412 1.0687379651412225
