data/validation/pwv_sim_epoch_fit_4/59397814.ecsv
# %ECSV 0.9
# ---
# datatype:
# - {name: time, datatype: float64}
# - {name: band, datatype: string}
# - {name: flux, datatype: float64}
# - {name: fluxerr, datatype: float64}
# - {name: zp, datatype: float64}
# - {name: zpsys, datatype: string}
# - {name: pwv, datatype: float64}
# - {name: airmass, datatype: float64}
# meta: {SNID: '59397814', alt: 1024.0, c: -0.059266187250614166, dec: -60.623394, lat: -30.244573, lon: -70.7499537, ra: 262.92453, t0: 63011.0234375,
#   x0: 2.998268238558768e-06, x1: 1.2399505376815796, z: 0.7554849982261658}
# schema: astropy-2.0
time band flux fluxerr zp zpsys pwv airmass
62954.3991 lsst_hardware_z 10.54716504844292 43.22999954223633 30.950000762939453 AB 10.722807377827094 1.1608119996204531
62954.4111 lsst_hardware_y 26.75746113170129 59.119998931884766 30.030000686645508 AB 10.756420601057366 1.1593469067748572
62956.3973 lsst_hardware_u -0.8053316182989713 2.9000000953674316 28.440000534057617 AB 5.80010116685478 1.1600202333709562
62956.4087 lsst_hardware_y 25.041270170207554 53.380001068115234 30.010000228881836 AB 5.7974739044681165 1.1594947808936233
62958.3952 lsst_hardware_i 18.5722023876995 31.610000610351562 31.239999771118164 AB 12.245443704473708 1.1595606585416018
62958.4075 lsst_hardware_y -24.515254838406193 51.779998779296875 30.010000228881836 AB 12.288829603147159 1.160053140636925
62965.3901 lsst_hardware_i 9.070146931536613 70.48999786376953 31.309999465942383 AB 7.774639770748593 1.1603939956341183
62965.4029 lsst_hardware_z 105.66945141805664 64.30999755859375 30.969999313354492 AB 7.805824966871001 1.16504850251806
62968.3917 lsst_hardware_r 68.48079467495016 61.91999816894531 31.6200008392334 AB 7.29995359898672 1.1636173745097187
62968.4041 lsst_hardware_z -6.190973247631444 55.66999816894531 30.959999084472656 AB 7.288023348168638 1.1708608479666862
62975.3865 lsst_hardware_r -19.683761015619766 22.81999969482422 31.469999313354492 AB 11.368299269540561 1.1719896154165528
62975.3979 lsst_hardware_i -8.876897903678795 31.3799991607666 31.229999542236328 AB 11.467804725266644 1.1822479098213037
62977.3112 lsst_hardware_r -14.738592452822248 22.818439571089154 31.479999542236328 AB 10.52068306574318 1.1745438684577498
62977.3227 lsst_hardware_i 19.20758224560841 31.20340224803066 31.239999771118164 AB 10.41258570887448 1.1664475546950996
62984.3235 lsst_hardware_u 0.13273882235339624 2.9714349283442854 28.3799991607666 AB 3.362975863899446 1.1596468496204986
62984.3355 lsst_hardware_r 42.990401253778195 23.81577735679407 31.459999084472656 AB 4.112969721753986 1.1598899384530361
62990.3077 lsst_hardware_y 116.8941358586591 51.14811441879813 30.010000228881836 AB 10.603939442550569 1.1595869440981166
62990.3195 lsst_hardware_g 43.1981834662531 46.301979106705396 31.65999984741211 AB 10.490236573706197 1.159953916962832
62995.3041 lsst_hardware_r 698.3460750309538 96.08970268138005 31.6299991607666 AB 9.616059882079007 1.1597025043209992
62995.3161 lsst_hardware_i 664.8821523129841 80.90122518488558 31.31999969482422 AB 9.649880333377151 1.1628346605397013
63002.2813 lsst_hardware_g 210.30517100980688 19.950885780081034 31.3700008392334 AB 5.734391894124331 1.1593998977202449
63002.2946 lsst_hardware_i 1019.8352609573268 44.25686072466311 31.229999542236328 AB 4.343093093805971 1.1619538743378104
63005.3029 lsst_hardware_r 859.0144333464182 37.083186472034384 31.469999313354492 AB 8.596136500379998 1.1707370106068156
63005.3164 lsst_hardware_u -0.712170599089572 2.9538564940583196 28.350000381469727 AB 8.809753478615402 1.18267599390729
63010.283 lsst_hardware_u 0.14153472749260615 2.664816412683627 28.299999237060547 AB 7.925880534820069 1.1666715702052284
63010.2947 lsst_hardware_g 150.6337913306463 18.676436721187418 31.3700008392334 AB 8.453597380165828 1.1750355437379938
63013.2404 lsst_hardware_g 132.35384889083625 17.955391518996425 31.3799991607666 AB 5.727969466233188 1.1602909114584445
63013.2526 lsst_hardware_r 676.8306543257661 35.7198807467588 31.479999542236328 AB 4.058184639986783 1.1594813257105094
63015.2796 lsst_hardware_z 714.0695462326514 49.36315967585643 30.93000030517578 AB 9.773877431257642 1.1738278305719714
63015.2899 lsst_hardware_r 691.06619226189 35.014681202937574 31.469999313354492 AB 9.848728145187728 1.1835279871643005
63017.2022 lsst_hardware_z 691.3061353991154 53.093518293946204 30.950000762939453 AB 9.260131542907086 1.1743984201530402
63017.2152 lsst_hardware_r 732.1337337433652 45.97235064770067 31.56999969482422 AB 8.370282247065134 1.165533975780165
63019.2219 lsst_hardware_z 1239.3173626360174 82.64543585861152 31.709999084472656 AB 12.279491391049708 1.1607787425368619
63031.2296 lsst_hardware_g 36.09085035902848 15.135095887173616 31.360000610351562 AB 15.45660263672511 1.1691390368537855
63031.2432 lsst_hardware_r 308.5684185063457 29.54428427326754 31.459999084472656 AB 15.602939703221484 1.1804312076881411
63040.039 lsst_hardware_r 352.804262388825 39.03990725082121 32.18000030517578 AB 4.523591235170084 1.3988325213121942
63040.049 lsst_hardware_i 439.4856926077534 38.10919882076878 31.200000762939453 AB 4.0840391557687585 1.3613463852562528
63046.1344 lsst_hardware_z 572.0981026541585 69.34706090608367 31.700000762939453 AB 5.544499289111158 1.1664444507246474
63051.1292 lsst_hardware_z 448.86690606941414 111.6893319525513 31.729999542236328 AB 10.08732309739815 1.162468809841331
63061.1286 lsst_hardware_i 134.81281110995383 33.3542466842189 31.229999542236328 AB 8.705994700964013 1.1605800727814541
63061.1405 lsst_hardware_z 222.49788088301042 44.57893620654384 30.93000030517578 AB 8.744172213672925 1.1649447288763095
63063.1073 lsst_hardware_z 137.48684428218647 44.136472375491245 30.93000030517578 AB 4.378084244646049 1.1597574158002777
63063.1192 lsst_hardware_i 121.01250356582413 33.056358790958434 31.229999542236328 AB 4.345943738407261 1.1598462072077025
63066.1093 lsst_hardware_u 2.450275141340581 2.6190189155443666 28.290000915527344 AB 3.327969591757418 1.1596386288718572
63066.1222 lsst_hardware_g 21.47988578130993 13.827825034989703 31.360000610351562 AB 3.363373562922583 1.162858210068889
63070.1015 lsst_hardware_z 11.263270566986527 44.11251629277648 30.940000534057617 AB 7.483349433682957 1.1600743221614473
63070.1131 lsst_hardware_u -5.8541212945056404 2.6880966523351923 28.389999389648438 AB 7.533574996033873 1.163621268260242
63074.9828 lsst_hardware_g 11.292856451514943 52.720502702376834 32.34000015258789 AB 5.25384331561306 1.2733760131557983
63074.9905 lsst_hardware_i 186.1722352452748 58.677500213502015 32.0 AB 5.153682873280393 1.2551335311299234
63076.0915 lsst_hardware_z 129.79972262160342 73.33765275138506 31.709999084472656 AB 4.2443791298610645 1.1616501210704246
63078.143 lsst_hardware_y 76.05348531844419 56.00570450937627 29.989999771118164 AB 4.507825937456345 1.2183313344476607
63078.1511 lsst_hardware_r 165.50987720154848 81.9505563276269 31.600000381469727 AB 4.56255814196342 1.2331238221522756
63080.0948 lsst_hardware_z 208.51760308143795 99.34934673997802 31.719999313354492 AB 1.8744782698079883 1.168505934425759
63082.0499 lsst_hardware_r 56.925824373846226 81.23938731887127 31.6299991607666 AB 1.6781509310791483 1.1608145707257194
63082.0619 lsst_hardware_z 50.95174569489875 60.891982296580935 30.969999313354492 AB 1.6448304703611973 1.1594199744087388
63084.0469 lsst_hardware_r 21.11169016903969 23.370748338728266 31.469999313354492 AB 1.984824683364726 1.1602638445234175
63084.058 lsst_hardware_i 76.98358813849697 32.196334763693464 31.229999542236328 AB 1.9859942590310367 1.159478987465819
63086.05 lsst_hardware_z 33.15870024585549 43.637435058576564 30.940000534057617 AB 3.7101235470163196 1.1594136084425999
63086.0626 lsst_hardware_i 51.02447335793598 32.378163443592065 31.229999542236328 AB 3.8829728723531667 1.1611760981917363
63095.0358 lsst_hardware_i 98.54299875432456 32.15904426005871 31.239999771118164 AB 4.617766379233889 1.16060732120236
63095.0473 lsst_hardware_z 54.15466685686366 43.45299848286558 30.940000534057617 AB 4.5661449588654435 1.1647833745670957
63096.0284 lsst_hardware_r 55.635619412612705 23.30739656870118 31.469999313354492 AB 2.7460473478957987 1.1597708152868498
63096.0394 lsst_hardware_g 1.3220411298691441 13.540461380943997 31.360000610351562 AB 2.6935892516696933 1.162533125450882
63101.0319 lsst_hardware_r -43.98893764914577 23.940000534057617 31.489999771118164 AB 1.528852322608104 1.165283782475689
63101.0432 lsst_hardware_i -53.97398785756282 31.770000457763672 31.239999771118164 AB 2.5316717405987457 1.1726131267247546
63107.0081 lsst_hardware_i 86.39830983194214 58.560001373291016 31.299999237060547 AB 5.9495564327616295 1.1620794829360086
63107.0194 lsst_hardware_z -155.7304195873953 57.27000045776367 30.959999084472656 AB 5.783642401400057 1.1674691968914122
63109.0135 lsst_hardware_r -144.53981178130985 82.66000366210938 31.6200008392334 AB 3.1728546677670364 1.1672058863643298
63109.0248 lsst_hardware_z -106.55224756861342 61.16999816894531 30.959999084472656 AB 3.304964540763727 1.1754467839112248
63110.9729 lsst_hardware_y 175.78651489055298 86.72000122070312 30.030000686645508 AB 2.6254322655777353 1.160326575829877
63110.9759 lsst_hardware_g 9.841749483608096 58.02000045776367 31.670000076293945 AB 2.5833087550813816 1.1598213506804886
63114.0124 lsst_hardware_r -11.237644542963316 22.90999984741211 31.469999313354492 AB 1.6337354275986322 1.1765483485076869
63114.0247 lsst_hardware_g 22.4917154049173 13.720000267028809 31.3700008392334 AB 1.6613407785626115 1.1893622087310503
