data/validation/pwv_sim_epoch_fit_4/59444969.ecsv
# %ECSV 0.9
# ---
# datatype:
# - {name: time, datatype: float64}
# - {name: band, datatype: string}
# - {name: flux, datatype: float64}
# - {name: fluxerr, datatype: float64}
# - {name: zp, datatype: float64}
# - {name: zpsys, datatype: string}
# - {name: pwv, datatype: float64}
# - {name: airmass, datatype: float64}
# meta: {SNID: '59444969', alt: 1024.0, c: 0.0910617858171463, dec: -36.79533, lat: -30.244573, lon: -70.7499537, ra: 298.652344, t0: 61193.140625,
#   x0: 1.2970342119841706e-05, x1: -0.30779266357421875, z: 0.41271641850471497}
# schema: astropy-2.0
time band flux fluxerr zp zpsys pwv airmass
61147.3612 lsst_hardware_g 12.169790232508152 15.520000457763672 31.440000534057617 AB 16.857750845898142 1.145298960820577
61147.3807 lsst_hardware_r 2.112346264251079 24.579999923706055 31.510000228881836 AB 15.947152084184609 1.0909257137901636
61151.3535 lsst_hardware_r -13.324023155235368 24.790000915527344 31.5 AB 11.163151123461414 1.1351587475555638
61151.3735 lsst_hardware_g 3.820250324417389 15.619999885559082 31.469999313354492 AB 10.661110902547902 1.0823462845226297
61153.3485 lsst_hardware_r 30.997854538277352 24.6299991607666 31.510000228881836 AB 6.36317159022689 1.1337499492609158
61153.3686 lsst_hardware_i -38.26122618037246 31.729999542236328 31.25 AB 6.056778676245029 1.0811010741635358
61157.3481 lsst_hardware_u -2.484320376514686 2.799999952316284 28.440000534057617 AB 2.434533758656952 1.1040969427015657
61157.3689 lsst_hardware_g 14.568033682655965 15.350000381469727 31.459999084472656 AB 2.3204287006909623 1.05858973571658
61161.3565 lsst_hardware_z -147.95481945121284 83.29000091552734 31.729999542236328 AB 9.445569347064374 1.0612999266364465
61163.4209 lsst_hardware_i 44.15414382027835 104.37999725341797 32.09000015258789 AB 11.233745144643535 1.007397838326962
61166.3974 lsst_hardware_r -85.63511312571796 84.46466146594626 31.65999984741211 AB 2.68771652799807 1.0071068957369818
61166.4113 lsst_hardware_y -140.3883529369559 55.48047727224277 30.06999969482422 AB 2.6909651132897947 1.0070977220395938
61170.3477 lsst_hardware_g -25.59283989691339 31.948888549108442 31.670000076293945 AB 7.111009837979783 1.0362253100311223
61170.368 lsst_hardware_r 110.11413503186425 37.31925885148714 31.610000610351562 AB 6.955820801094321 1.015510062815644
61170.4003 lsst_hardware_z 129.07663126513594 44.86495802813334 30.959999084472656 AB 7.90811344251756 1.0070822594737554
61170.4139 lsst_hardware_y -73.68426559013348 48.44533510700808 30.059999465942383 AB 7.949728950854274 1.0122744844041944
61175.2124 lsst_hardware_z 1003.7523286718263 74.62403943425836 31.649999618530273 AB 10.026107638166831 1.5554803182758696
61175.2403 lsst_hardware_u 3.804976766327557 4.527676012648883 28.93000030517578 AB 8.752162558388225 1.3460033667485864
61177.4031 lsst_hardware_i 1080.3178191518746 44.8930076944785 31.25 AB 7.407183201052566 1.0180412366440745
61177.4157 lsst_hardware_z 836.4530130970819 50.119159698168765 30.950000762939453 AB 7.509143484706604 1.0306734892309013
61187.2677 lsst_hardware_y 849.3486295137301 56.85222323679916 30.030000686645508 AB 3.8508802779553335 1.1002515079872381
61187.2869 lsst_hardware_r 4637.034481115721 83.6829941950405 31.6200008392334 AB 3.7056897563580984 1.0587685018165995
61187.3274 lsst_hardware_i 3386.9222223821407 68.7702949624182 31.290000915527344 AB 4.069042121895908 1.0118219872922811
61187.3408 lsst_hardware_r 4321.4835952654275 68.91051533674076 31.510000228881836 AB 3.662020655120057 1.0069717658441952
61189.3245 lsst_hardware_z 5147.963567881397 104.96982867179622 31.739999771118164 AB 8.66742706275555 1.0105036992175753
61194.2153 lsst_hardware_z 2857.204748684591 101.98326716176992 30.979999542236328 AB 11.249941994852986 1.2099747601390656
61194.2445 lsst_hardware_r 5117.42100260752 142.6680832623316 31.639999389648438 AB 10.343681298066869 1.1109495880782116
61198.3116 lsst_hardware_i 3597.590275691543 74.10467756870848 31.299999237060547 AB 3.3759234104688 1.0068366866890808
61198.3237 lsst_hardware_z 2670.5698524215854 69.27688840531229 30.959999084472656 AB 3.308668215524426 1.0070516559197766
61220.0457 lsst_hardware_r 1000.51462590368 155.77352367726292 31.360000610351562 AB 7.4902036496501045 2.147420771115282
61220.1488 lsst_hardware_z 1563.8194653925718 104.2264007235002 30.979999542236328 AB 5.7131767876554145 1.1919005815692796
61220.1632 lsst_hardware_r 1233.5144990744081 141.51493639017917 31.639999389648438 AB 5.515623643641409 1.1411635124775328
61223.1662 lsst_hardware_z 2464.172879551235 140.5400215289518 31.75 AB 9.694376988350994 1.1086045195186773
61225.1579 lsst_hardware_r 836.2595551974707 78.39322913691221 31.6299991607666 AB 9.73357914813835 1.1163428249800267
61225.1775 lsst_hardware_i 1518.7830138165596 71.46016876984451 31.31999969482422 AB 8.234568206781459 1.0695633467699
61231.1588 lsst_hardware_z 945.0332188955849 51.976900643251625 30.950000762939453 AB 9.690386043655097 1.0743221777888134
61231.1773 lsst_hardware_r 519.0372190962106 33.51175231032173 31.520000457763672 AB 9.457278582896137 1.0416078619853668
61233.1576 lsst_hardware_u 2.9208488823570815 3.442900022291021 28.489999771118164 AB 5.730774672884169 1.0657279952053376
61233.1779 lsst_hardware_g 108.68869588070908 17.847639604982383 31.450000762939453 AB 6.042659780400649 1.0333749090039863
61235.1579 lsst_hardware_r 421.24064398839073 32.029953774908 31.510000228881836 AB 7.9305893511111725 1.0551375059686239
61235.1764 lsst_hardware_z 834.3391834564397 50.14137789678838 30.950000762939453 AB 7.4540605946895875 1.0286192172984712
61237.1586 lsst_hardware_r 381.0440627127872 31.24813544109865 31.5 AB 2.931684145307535 1.0450705446243775
61237.1784 lsst_hardware_u 5.756192243356568 3.322563480667149 28.43000030517578 AB 3.0958122485652178 1.020962073894045
61242.0818 lsst_hardware_r 392.0295135529532 36.173288773649226 31.520000457763672 AB 6.956019844221658 1.2203543586353787
61242.1009 lsst_hardware_g 85.11575353657932 26.985018151124898 31.56999969482422 AB 6.49603921211278 1.1483525904563245
61242.1983 lsst_hardware_z 592.0896529287214 48.36028180821955 30.950000762939453 AB 6.319294763286471 1.006457457819864
61242.2102 lsst_hardware_r 318.32394335814314 30.010177194489305 31.510000228881836 AB 5.687771884138016 1.0089024938235382
61244.0785 lsst_hardware_r 336.99519679753126 48.32442429105555 31.56999969482422 AB 5.760198166406585 1.2111858769384796
61244.097 lsst_hardware_i 575.2272888374424 49.486472292179215 31.280000686645508 AB 7.3971941161147345 1.1433066640053684
61248.0887 lsst_hardware_z 1267.7034527780152 127.77700994737938 31.739999771118164 AB 3.450867602701248 1.1350915857796988
61248.1983 lsst_hardware_r 388.5873601420334 119.44780926337545 31.670000076293945 AB 3.292856851560305 1.0108539835948749
61248.2107 lsst_hardware_z 595.7905204527217 84.61866619873904 31.0 AB 2.3157286719457413 1.019246774624006
61251.0868 lsst_hardware_z 878.522826153965 139.50372585509058 31.739999771118164 AB 5.806617110493965 1.1166571366334548
61253.1505 lsst_hardware_z 421.52300133796126 65.16741948866749 30.989999771118164 AB 4.08837690960501 1.0101616924096635
61253.1613 lsst_hardware_r 274.81546935374985 85.01347898792288 31.65999984741211 AB 4.09321721144561 1.0068589401719277
61258.0771 lsst_hardware_i 469.5666075937253 37.93631008299783 31.25 AB 1.883586379571053 1.092250727498436
61258.0951 lsst_hardware_u 1.399547507544967 2.8272834884931175 28.40999984741211 AB 2.069485802484811 1.0551423194178164
61260.0783 lsst_hardware_g 42.75412405741805 16.20705336187454 31.440000534057617 AB 3.486285160495911 1.0771220887217026
61260.0981 lsst_hardware_r 243.68078110253364 28.529502762420666 31.520000457763672 AB 4.583210530054105 1.0416387568304784
61273.9845 lsst_hardware_z -122.71901856529979 58.040000915527344 30.950000762939453 AB 4.208251152154249 1.2662741681507268
61274.002 lsst_hardware_i 3.8030761081366395 49.33000183105469 31.290000915527344 AB 3.624562761932835 1.1894211644933828
61274.1157 lsst_hardware_r -31.807997583224406 58.290000915527344 31.649999618530273 AB 2.776200932079565 1.0069644294811626
61274.1262 lsst_hardware_i -42.071792641230466 51.65999984741211 31.31999969482422 AB 2.040929435486921 1.0103194268323523
61275.9841 lsst_hardware_y -10.858296722641036 62.95000076293945 29.989999771118164 AB 3.2208701006584026 1.2420605825535327
61276.0019 lsst_hardware_r 70.35571120409156 99.44000244140625 31.6200008392334 AB 3.501767158913855 1.169464708531845
61281.104 lsst_hardware_r 23.538651550081347 91.73999786376953 31.670000076293945 AB 5.026982160153198 1.0090120585738624
61281.115 lsst_hardware_z 49.397188271489306 64.61000061035156 31.0 AB 5.073539564707551 1.0149108951205343
61286.0531 lsst_hardware_r -48.800530964274024 23.1200008392334 31.5 AB 1.3992565079522457 1.01426022926167
61286.0668 lsst_hardware_u -1.9036053020554442 2.7200000286102295 28.450000762939453 AB 1.437388884105094 1.0078099099772788
61298.9855 lsst_hardware_y -30.171236178048165 53.119998931884766 30.059999465942383 AB 2.813934966691702 1.0511523969711252
61299.0028 lsst_hardware_i 63.105295285934794 31.690000534057617 31.270000457763672 AB 2.6209002395837535 1.0273339934345411
61303.0446 lsst_hardware_z -33.230488220067166 76.94000244140625 31.739999771118164 AB 5.626540175999826 1.0092750472659557
61307.0261 lsst_hardware_i 1.1871413704150888 68.75 31.34000015258789 AB 2.8239567972620376 1.0070574016982006
61307.0397 lsst_hardware_r -138.98855687208157 87.41999816894531 31.65999984741211 AB 2.8391994702793157 1.0121923245202553
61309.0286 lsst_hardware_z 50.38089646564002 86.2699966430664 31.729999542236328 AB 3.4220538511441636 1.0094305993884416
61313.0225 lsst_hardware_z -49.36478054469743 41.16999816894531 30.950000762939453 AB 3.3421040707229634 1.0117368528929254
61313.0345 lsst_hardware_r 6.906267458190367 23.8799991607666 31.520000457763672 AB 3.4862762413889925 1.0203735340652256
61319.0263 lsst_hardware_r 31.076108617146257 23.940000534057617 31.530000686645508 AB 3.5082141411056074 1.02870124360442
61319.0376 lsst_hardware_u 3.1184915421875163 2.9200000762939453 28.56999969482422 AB 3.5670339025873017 1.0436026631326218
61512.3513 lsst_hardware_g -28.55481225935618 15.65999984741211 31.450000762939453 AB 17.39232951277743 1.1823205578466902
61512.3712 lsst_hardware_r -12.435676175462136 24.84000015258789 31.520000457763672 AB 16.44675615657472 1.1173257804361296
61517.3616 lsst_hardware_r -24.448810042639007 84.66999816894531 31.649999618530273 AB 6.859254789798748 1.1063314177094754
61517.3834 lsst_hardware_z -103.90851163154436 60.40999984741211 30.979999542236328 AB 6.388327103388643 1.0583271241894625
61525.357 lsst_hardware_r 2.102034359635424 30.649999618530273 31.559999465942383 AB 11.262589236454215 1.066903524246544
61525.3751 lsst_hardware_i 15.277763580419526 34.58000183105469 31.270000457763672 AB 11.8595261478578 1.0370344655349597
61529.3509 lsst_hardware_g -8.913009321902974 15.140000343322754 31.450000762939453 AB 8.788611383937276 1.0578598385801428
61529.3706 lsst_hardware_r 6.555845322428805 23.829999923706055 31.510000228881836 AB 8.563497421471947 1.0290088525275458
61531.3506 lsst_hardware_i 50.458875357541345 31.290000915527344 31.260000228881836 AB 3.2001906680798293 1.0490708631633598
61531.3696 lsst_hardware_z 66.50050173722437 41.33000183105469 30.959999084472656 AB 3.149190179848636 1.024182398996792
61536.2531 lsst_hardware_r -37.85394967797237 24.829999923706055 31.469999313354492 AB 10.577570974199345 1.3389330347087778
61536.2732 lsst_hardware_z -14.39140129149565 44.0 30.940000534057617 AB 9.750362154071485 1.2342230574774031
61540.253 lsst_hardware_r 7.041014320889921 36.79999923706055 31.540000915527344 AB 9.18468259211546 1.278891995978036
61540.2725 lsst_hardware_y -40.26617170896052 49.060001373291016 29.989999771118164 AB 8.575417473653683 1.1913611383236569
61540.3919 lsst_hardware_r -1.8126659259277536 23.329999923706055 31.510000228881836 AB 7.667594819622744 1.008230745512524
61540.4045 lsst_hardware_u -3.8664210138925093 2.7799999713897705 28.489999771118164 AB 7.733399170549266 1.0144823784007888
61542.251 lsst_hardware_z 53.37845572870313 52.41999816894531 30.950000762939453 AB 8.088845920607948 1.2615496224077274
61542.272 lsst_hardware_r 1.2076919907517887 56.540000915527344 31.610000610351562 AB 7.532701302560888 1.172709076683065
61544.2349 lsst_hardware_i 141.73605487350105 69.61000061035156 31.270000457763672 AB 10.56354458441679 1.31769786915802
61544.2544 lsst_hardware_z -23.348684714698642 62.54999923706055 30.959999084472656 AB 9.247685735574771 1.2208165987557456
61544.3651 lsst_hardware_i 43.26953799075182 63.650001525878906 31.34000015258789 AB 8.307314923527345 1.0067032141938133
61544.3779 lsst_hardware_z 48.139874144608584 58.38999938964844 30.989999771118164 AB 9.62303844695085 1.0073842917509397
61546.2548 lsst_hardware_z -126.86234741966348 72.76000213623047 30.969999313354492 AB 7.1625582959596725 1.1965516698896879
61546.2706 lsst_hardware_i 22.74899870142203 84.19999694824219 31.31999969482422 AB 6.840164508752422 1.1404709346000097
61550.2585 lsst_hardware_y 20.300948324247532 82.69000244140625 30.780000686645508 AB 6.143343238286665 1.1442248534712274
61550.3361 lsst_hardware_i -30.020317422966066 69.43000030517578 31.34000015258789 AB 7.39061951150757 1.0105102733217992
61550.3491 lsst_hardware_r -160.12188774021064 80.58000183105469 31.65999984741211 AB 7.388026783394003 1.0066574474932217
61552.2453 lsst_hardware_r 61.936223437929215 53.08000183105469 31.600000381469727 AB 5.7313572243508375 1.170540654438817
61552.2659 lsst_hardware_i 55.76249003223676 48.41999816894531 31.299999237060547 AB 3.8735351090728214 1.106724316877949
61561.2553 lsst_hardware_r -12.571141132449753 23.450000762939453 31.5 AB 6.629148340456293 1.0738216288316238
61561.2749 lsst_hardware_u 1.1115374855174398 2.680000066757202 28.40999984741211 AB 6.434173780441089 1.0396844372741885
61563.2586 lsst_hardware_g 21.56771408530363 14.619999885559082 31.440000534057617 AB 4.1146268730418925 1.0569295846498568
61563.2784 lsst_hardware_r -10.32096453693504 23.440000534057617 31.520000457763672 AB 3.917476626966426 1.0282990533642415
61572.3151 lsst_hardware_z -26.449748163844006 76.91999816894531 31.729999542236328 AB 6.566316326296113 1.0131640682450334
61574.1679 lsst_hardware_z -110.8181676281491 77.66000366210938 30.969999313354492 AB 7.220533535282749 1.2413169024296404
61574.1915 lsst_hardware_r -110.38992947482762 112.70999908447266 31.639999389648438 AB 6.684904258434876 1.1490202836241283
61576.1545 lsst_hardware_i 186.71758086680708 123.43000030517578 31.299999237060547 AB 3.781146593590917 1.2800090025697528
61576.1785 lsst_hardware_z -131.07478325169194 99.80000305175781 30.979999542236328 AB 3.329865774682252 1.1751776159104472
61582.1635 lsst_hardware_r 1.3969928614856535 24.829999923706055 31.489999771118164 AB 7.062556006615854 1.1701691668653558
61582.1825 lsst_hardware_u -0.25152719284332015 4.019999980926514 28.690000534057617 AB 6.7768432602188815 1.110715132247413
61585.167 lsst_hardware_g 3.961432811314203 14.859999656677246 31.40999984741211 AB 6.521407669056289 1.1315994567163439
61585.1862 lsst_hardware_r -16.98783946214412 23.8700008392334 31.489999771118164 AB 6.313300709131304 1.0815230554265678
61587.1583 lsst_hardware_i 3.390001248377411 31.969999313354492 31.239999771118164 AB 9.675759059965369 1.1416263577954322
61587.1773 lsst_hardware_z -8.500401557026402 42.11000061035156 30.950000762939453 AB 8.217801002082368 1.0893883478600608
61593.1517 lsst_hardware_z -16.804936414543047 42.7599983215332 30.950000762939453 AB 2.0030390800747475 1.1127994889304151
61593.1696 lsst_hardware_r 59.787078036489774 24.110000610351562 31.510000228881836 AB 2.4080413319453013 1.070399169630351
61596.1044 lsst_hardware_r -11.865298319870991 29.510000228881836 31.510000228881836 AB 10.83990837627997 1.2575299740464003
61596.1077 lsst_hardware_y 114.70815565690273 49.689998626708984 29.989999771118164 AB 10.72003794409352 1.2419429941023281
61607.071 lsst_hardware_i -118.13678105934514 84.37000274658203 31.290000915527344 AB 7.262933011476348 1.274198773943219
61607.0834 lsst_hardware_z 31.2540964278579 74.27999877929688 30.969999313354492 AB 6.8825364923070325 1.2165331846764975
61608.1626 lsst_hardware_r -117.457454017523 72.06999969482422 31.649999618530273 AB 5.280978498891372 1.0210708621213016
61608.1752 lsst_hardware_z 54.15034306558972 56.7400016784668 30.979999542236328 AB 5.53165052160415 1.0118255938547924
61611.0768 lsst_hardware_i 17.343491544689147 32.59000015258789 31.239999771118164 AB 5.6338918870111145 1.1987004014917264
61611.1446 lsst_hardware_r 31.876859211414356 42.36000061035156 32.29999923706055 AB 5.751280079228157 1.0315272314999833
61611.2041 lsst_hardware_i -94.07208158497744 37.65999984741211 31.290000915527344 AB 5.938166846442024 1.010665789539958
61612.0785 lsst_hardware_u -3.146153466829529 2.640000104904175 28.290000915527344 AB 10.055564979869734 1.181524946718205
61612.0964 lsst_hardware_g -2.183048964015183 15.149999618530273 31.420000076293945 AB 8.427020630498498 1.122405518180237
61622.0771 lsst_hardware_u -0.71070423229277 2.6700000762939453 28.360000610351562 AB 2.421621496517073 1.1007370438713966
61622.0961 lsst_hardware_g 19.530615949271226 14.779999732971191 31.440000534057617 AB 2.539037515186392 1.059477369157685
61627.1336 lsst_hardware_i -76.74217605578521 39.65999984741211 31.299999237060547 AB 4.426608551718529 1.0076504784244318
61627.1449 lsst_hardware_z 52.505784737725804 45.279998779296875 30.969999313354492 AB 4.38386843586702 1.0064747308181725
61629.0641 lsst_hardware_r 9.295789889426906 67.54000091552734 31.639999389648438 AB 3.5836837783542435 1.0859647813194677
61629.0831 lsst_hardware_i -20.56448095986093 59.90999984741211 31.329999923706055 AB 3.4616266701491276 1.048977778833069
61629.1357 lsst_hardware_r -64.47792844081977 68.88999938964844 31.65999984741211 AB 3.1643414531484093 1.0064699278461862
61629.1472 lsst_hardware_z -30.53786958548873 56.66999816894531 30.989999771118164 AB 3.209279620327533 1.0077285808020304
61631.077 lsst_hardware_r -180.5418333952329 114.91999816894531 31.65999984741211 AB 3.5396049453888585 1.050016299433064
61631.0955 lsst_hardware_z -76.57373573519817 76.0199966430664 31.0 AB 3.760706238214152 1.0252976225961563
61631.1266 lsst_hardware_r 116.77303639233213 104.56999969482422 31.670000076293945 AB 3.0706917494381867 1.0068391986791148
61631.1381 lsst_hardware_i -25.81446110090312 90.08999633789062 31.350000381469727 AB 2.9470366976613747 1.0069314760951138
61651.0992 lsst_hardware_z 4.579060621832681 40.86000061035156 30.950000762939453 AB 0.6635423477339325 1.0130417522655457
61651.1126 lsst_hardware_r 30.77931425662461 23.219999313354492 31.510000228881836 AB 0.6224996199049206 1.0238480590541459
61652.9843 lsst_hardware_y 19.388545774910465 51.20000076293945 30.030000686645508 AB 2.1610071798402326 1.1228441722486595
61653.025 lsst_hardware_r 50.52259841717793 34.72999954223633 32.27000045776367 AB 1.4530512518958798 1.0378937513542
61653.0618 lsst_hardware_u -0.6362165967281416 3.119999885559082 28.59000015258789 AB 1.1932369089178796 1.0078723803065077
61654.9927 lsst_hardware_z 97.06345846778851 63.650001525878906 31.709999084472656 AB 2.2731686927501404 1.0869037858310429
61682.0253 lsst_hardware_u 3.3962221686030434 3.119999885559082 28.610000610351562 AB 2.5047168003386893 1.0212912539607295
61682.0376 lsst_hardware_g -9.746580417883827 16.489999771118164 31.5 AB 2.521167426548722 1.034961997762201
