data/validation/pwv_sim_epoch_fit_4/59498479.ecsv
# %ECSV 0.9
# ---
# datatype:
# - {name: time, datatype: float64}
# - {name: band, datatype: string}
# - {name: flux, datatype: float64}
# - {name: fluxerr, datatype: float64}
# - {name: zp, datatype: float64}
# - {name: zpsys, datatype: string}
# - {name: pwv, datatype: float64}
# - {name: airmass, datatype: float64}
# meta: {SNID: '59498479', alt: 1024.0, c: 0.14170391857624054, dec: -41.212543, lat: -30.244573, lon: -70.7499537, ra: 266.835938, t0: 60789.35546875,
#   x0: 1.8470890827174313e-05, x1: -0.8445785045623779, z: 0.35518401861190796}
# schema: astropy-2.0
time band flux fluxerr zp zpsys pwv airmass
[from data line 133]
61235.1248 lsst_hardware_g 16.552866682443092 14.59000015258789 31.450000762939453 AB 7.662377249775434 1.018775090270849
61235.137 lsst_hardware_r -13.483963945029911 23.309999465942383 31.510000228881836 AB 7.671166210580174 1.0197402796765562
61238.1102 lsst_hardware_z 100.89117053063332 40.880001068115234 30.940000534057617 AB 1.7337720902928104 1.019865935466359
61238.122 lsst_hardware_u -0.10555897098783935 2.6500000953674316 28.399999618530273 AB 1.7318078124382708 1.0187104779048652
61242.1136 lsst_hardware_g 3.6164697732070303 25.780000686645508 31.6200008392334 AB 5.803755376942752 1.0189475424039944
61242.1268 lsst_hardware_r 27.911188806731996 30.59000015258789 31.56999969482422 AB 6.012119663266689 1.022976759435665
61244.1004 lsst_hardware_i -158.53912278221557 47.209999084472656 31.309999465942383 AB 6.570504057975947 1.0187617734670822
61244.1126 lsst_hardware_z -20.141239831892907 49.43000030517578 30.969999313354492 AB 6.581685410375366 1.019783918558315
61246.1027 lsst_hardware_i -59.76890674501626 76.12000274658203 31.34000015258789 AB 5.419288624460913 1.0189505733685629
61246.1146 lsst_hardware_z 9.611683224979362 68.7300033569336 30.989999771118164 AB 5.443666393906576 1.0223807670027918
61248.1037 lsst_hardware_z -57.741680433140004 78.33000183105469 31.0 AB 3.100641404426172 1.0203394080270407
61248.1169 lsst_hardware_r -152.5098941105603 109.55000305175781 31.65999984741211 AB 3.090337851169899 1.0266903160032887
61249.099 lsst_hardware_i -10.194943993873999 103.29000091552734 31.34000015258789 AB 3.875229853826829 1.0197973299544287
61249.1111 lsst_hardware_r 43.00199284733223 127.62999725341797 31.65999984741211 AB 3.8941956304066996 1.0247883237912367
61251.1052 lsst_hardware_z -166.26040314486056 100.31999969482422 31.739999771118164 AB 5.327596395981765 1.0245377684580317
61253.105 lsst_hardware_r -63.46017409332597 67.08000183105469 31.649999618530273 AB 4.112261046265088 1.0278939459086205
61253.1159 lsst_hardware_i 13.395530569172967 55.61000061035156 31.31999969482422 AB 4.196121941967972 1.0373174427014356
61256.0922 lsst_hardware_i 17.053927473759252 30.530000686645508 31.25 AB 1.9150501864307645 1.024913131619355
61256.1025 lsst_hardware_z 30.385157030685715 41.04999923706055 30.950000762939453 AB 1.9522569748380698 1.0323939581375303
61258.0514 lsst_hardware_z 21.92149642522432 40.880001068115234 30.950000762939453 AB 1.7904648304467967 1.0211776599506446
61258.0633 lsst_hardware_i -25.67720588500426 30.530000686645508 31.25 AB 1.7390742261057865 1.0186903599174773
61260.0451 lsst_hardware_u -5.5273404786859714 2.7300000190734863 28.459999084472656 AB 3.426781993574366 1.02149701716247
61260.0565 lsst_hardware_g -8.031283771191134 14.520000457763672 31.450000762939453 AB 3.4006894680112296 1.0187805476366776
61261.047 lsst_hardware_r 14.709501013044605 23.010000228881836 31.5 AB 4.1138869647850305 1.0199719747400902
61261.0586 lsst_hardware_i -51.840676299680084 30.549999237060547 31.25 AB 3.888815504355335 1.018681206117966
61263.0458 lsst_hardware_z -75.20547038776432 40.959999084472656 30.950000762939453 AB 8.249528622713798 1.0190789004906846
61263.0563 lsst_hardware_u -3.5464834680769646 2.7699999809265137 28.489999771118164 AB 8.244360744046563 1.0189544857306345
61266.0292 lsst_hardware_r 9.667816946185038 23.290000915527344 31.510000228881836 AB 3.2161095742616173 1.0213113922710757
61266.0407 lsst_hardware_g -34.47327767276757 14.619999885559082 31.459999084472656 AB 3.187285480419747 1.0187360367844918
61268.033 lsst_hardware_r 18.65900625872817 23.34000015258789 31.510000228881836 AB 5.916501402129839 1.0189591518802197
61268.0451 lsst_hardware_i 11.405151772143695 30.719999313354492 31.260000228881836 AB 5.935343638029102 1.0193514377196764
61270.0338 lsst_hardware_z -4.416767584599515 41.689998626708984 30.959999084472656 AB 2.3735075862873836 1.0186727838143277
61270.0448 lsst_hardware_i 33.59828323366931 32.029998779296875 31.270000457763672 AB 2.938804642408951 1.020713623991495
61274.0316 lsst_hardware_z -123.07548655406944 83.2699966430664 31.739999771118164 AB 3.075373044909337 1.020024227167276
61276.0272 lsst_hardware_z 85.05470426259683 67.4800033569336 31.0 AB 3.058433786131978 1.020328202212503
61276.0382 lsst_hardware_r 28.92228911608645 86.56999969482422 31.65999984741211 AB 3.062158152684449 1.0252761671934538
61278.0284 lsst_hardware_i 162.40419503187502 74.16000366210938 31.34000015258789 AB 2.3197520448077094 1.0229311188655679
61278.0384 lsst_hardware_z -41.58641829146508 66.08000183105469 30.989999771118164 AB 2.330693443357341 1.0291173168592656
61280.0151 lsst_hardware_z -111.1204822988641 60.72999954223633 30.989999771118164 AB 3.6087361233384323 1.0199932513675614
61280.025 lsst_hardware_i 84.97900841861406 67.37000274658203 31.34000015258789 AB 3.5839340298635642 1.0239811513895898
61281.0152 lsst_hardware_z -17.46530945450659 55.790000915527344 30.979999542236328 AB 5.087212982052081 1.0208624857376372
61281.0265 lsst_hardware_g -58.9322589535623 83.0199966430664 31.739999771118164 AB 5.1861410656176625 1.0265012748018532
61286.008 lsst_hardware_r 4.426180734257212 23.540000915527344 31.520000457763672 AB 1.8097372832550893 1.023655309877967
61286.0199 lsst_hardware_i 32.69604780912817 30.8799991607666 31.25 AB 1.8000754276823536 1.031808222220599
