data/validation/pwv_sim_epoch_fit_4/59509190.ecsv
# %ECSV 0.9
# ---
# datatype:
# - {name: time, datatype: float64}
# - {name: band, datatype: string}
# - {name: flux, datatype: float64}
# - {name: fluxerr, datatype: float64}
# - {name: zp, datatype: float64}
# - {name: zpsys, datatype: string}
# - {name: pwv, datatype: float64}
# - {name: airmass, datatype: float64}
# meta: {SNID: '59509190', alt: 1024.0, c: 0.0358063168823719, dec: 0.0, lat: -30.244573, lon: -70.7499537, ra: 245.214844, t0: 62688.46875,
#   x0: 6.4459936986289885e-06, x1: 1.2675704956054688, z: 0.5523886680603027}
# schema: astropy-2.0
time band flux fluxerr zp zpsys pwv airmass
[from data line 132]
63008.2104 lsst_hardware_r 23.884735871720395 24.020000457763672 31.489999771118164 AB 5.513290009222656 1.1568769691311442
63008.2311 lsst_hardware_u 0.4638775548866111 2.680000066757202 28.350000381469727 AB 5.582219785319451 1.1641346742176741
63014.1655 lsst_hardware_r -39.00032334160619 24.09000015258789 31.489999771118164 AB 8.417516811939391 1.1795021105499557
63014.1865 lsst_hardware_i -12.58015157174571 32.08000183105469 31.239999771118164 AB 8.768611422286757 1.1591281705638208
63016.1713 lsst_hardware_z -7.904059177696424 45.61000061035156 30.950000762939453 AB 14.457780774966706 1.165950062497315
63016.1944 lsst_hardware_r 15.328052130025364 30.709999084472656 31.540000915527344 AB 14.34587617794441 1.1569254982213233
63018.168 lsst_hardware_z 10.018298636650757 52.22999954223633 30.959999084472656 AB 8.705655261010499 1.1640521826522237
63018.1894 lsst_hardware_r 4.420315720554045 55.900001525878906 31.610000610351562 AB 8.65780619458723 1.1569966850978286
63021.1682 lsst_hardware_i 162.731188110154 109.76000213623047 31.31999969482422 AB 13.294096757776156 1.1587625740405738
63021.191 lsst_hardware_z -223.01016007699522 91.8499984741211 30.989999771118164 AB 13.323341727336846 1.1608057730087573
63023.1666 lsst_hardware_r -32.23250565906806 131.50999450683594 31.6299991607666 AB 6.5099523320531505 1.1574277414975822
63023.1875 lsst_hardware_z -7.300261223618104 88.55999755859375 30.979999542236328 AB 6.275362076065172 1.162104088160217
63037.1246 lsst_hardware_z -2.1328750096427362 60.939998626708984 31.690000534057617 AB 4.388211912833958 1.1587312785566777
63037.1518 lsst_hardware_r -5.931864019847507 33.630001068115234 32.2400016784668 AB 3.456249452775077 1.1640469669744857
63043.1235 lsst_hardware_z -36.122063196943365 43.060001373291016 30.940000534057617 AB 5.628436308513979 1.15751903516997
63043.1508 lsst_hardware_r -31.917666001353872 23.68000030517578 31.479999542236328 AB 7.107670994889495 1.1824931988336722
63047.0781 lsst_hardware_z -59.90573049952916 54.88999938964844 30.959999084472656 AB 3.7862192867680533 1.175692364891102
63047.1006 lsst_hardware_r -85.75128894117476 60.810001373291016 31.610000610351562 AB 4.1110827925330025 1.1575623799895824
63052.0865 lsst_hardware_r 299.8347848269891 157.0500030517578 32.380001068115234 AB 4.24275350912217 1.157693440117079
63052.1111 lsst_hardware_i -175.98294307535767 123.44000244140625 32.06999969482422 AB 4.301381667676579 1.164266251908702
63057.0793 lsst_hardware_z 37.3952139958295 42.93000030517578 30.940000534057617 AB 9.699396202561537 1.1567211714095031
63061.975 lsst_hardware_r 18.91253384995776 34.540000915527344 32.189998626708984 AB 9.075453670792538 1.3750687379988695
63061.9896 lsst_hardware_u 1.2857773188227597 2.549999952316284 28.219999313354492 AB 8.396393066224356 1.3036359222491338
63067.0736 lsst_hardware_u -6.844791217499975 3.869999885559082 29.15999984741211 AB 3.272087909270967 1.1674562159561028
63067.1034 lsst_hardware_g 27.810582594029437 20.190000534057617 32.119998931884766 AB 3.931416123530075 1.21995793960227
63069.0556 lsst_hardware_r -0.9878494042611441 23.549999237060547 31.479999542236328 AB 5.9703981752951645 1.1585882160409777
63069.0785 lsst_hardware_i 32.83900739308621 32.02000045776367 31.229999542236328 AB 6.112127601364493 1.1804791607605407
63079.0103 lsst_hardware_z 66.16916331190099 68.41000366210938 30.969999313354492 AB 4.326826798211126 1.158583545208986
63079.0295 lsst_hardware_r 11.837375998753418 95.47000122070312 31.6299991607666 AB 4.306147033587676 1.1591243697409626
63081.0214 lsst_hardware_y 97.09902752406896 109.87000274658203 31.520000457763672 AB 2.482848301930884 1.158044916945375
63084.9749 lsst_hardware_y 24.144776451968024 50.869998931884766 30.0 AB 3.7062056463047752 1.1749568782536537
63084.9958 lsst_hardware_z 17.763430385003822 43.189998626708984 30.93000030517578 AB 3.6824686084055642 1.1578876244855563
63092.977 lsst_hardware_y -16.651787523631896 51.310001373291016 30.010000228881836 AB 5.124835025984366 1.157108834044788
63093.0027 lsst_hardware_r -33.82502412972975 23.8799991607666 31.479999542236328 AB 4.754587164973423 1.1675577788626494
63093.9732 lsst_hardware_y -9.903429406326365 58.529998779296875 30.020000457763672 AB 6.99492980185916 1.1573345138747784
63093.992 lsst_hardware_g -38.315548406581584 14.9399995803833 31.420000076293945 AB 6.975476920561492 1.1610314448338837
