data/validation/pwv_sim_epoch_fit_4/59762090.ecsv
# %ECSV 0.9
# ---
# datatype:
# - {name: time, datatype: float64}
# - {name: band, datatype: string}
# - {name: flux, datatype: float64}
# - {name: fluxerr, datatype: float64}
# - {name: zp, datatype: float64}
# - {name: zpsys, datatype: string}
# - {name: pwv, datatype: float64}
# - {name: airmass, datatype: float64}
# meta: {SNID: '59762090', alt: 1024.0, c: 0.038600556552410126, dec: -13.401351, lat: -30.244573, lon: -70.7499537, ra: 25.664062, t0: 62824.7265625,
#   x0: 7.237609976873295e-05, x1: 0.45505478978157043, z: 0.1953374445438385}
# schema: astropy-2.0
time band flux fluxerr zp zpsys pwv airmass
62705.3425 lsst_hardware_r 14.69250490668652 33.5099983215332 31.540000915527344 AB 5.33139758929021 1.2112224739016
62705.3668 lsst_hardware_y -49.284180045314095 48.75 30.020000457763672 AB 5.049561602111061 1.1287089359287086
62712.3887 lsst_hardware_u -4.016283944330091 2.6700000762939453 28.389999389648438 AB 4.96568673150293 1.0566227640399888
62712.4114 lsst_hardware_y 65.84118549510296 47.150001525878906 30.040000915527344 AB 4.876654838940414 1.0457444257913684
62717.3661 lsst_hardware_g -2.930486001669669 20.1200008392334 32.15999984741211 AB 2.022904995096914 1.0662769015708937
62717.39 lsst_hardware_r 0.6174596861680052 32.56999969482422 32.2400016784668 AB 2.193078399929329 1.0473153772346364
62721.3615 lsst_hardware_i -24.983622294047834 30.959999084472656 31.25 AB 2.6420142131779003 1.0591357839962148
62721.3851 lsst_hardware_z -52.599676917475065 41.45000076293945 30.950000762939453 AB 1.4642682623753118 1.0459059016966514
62724.3472 lsst_hardware_r -15.159610731922179 59.83000183105469 31.639999389648438 AB 5.756479543613706 1.0660147302988343
62724.3709 lsst_hardware_z -17.905518906243454 49.18000030517578 30.959999084472656 AB 5.65549053072768 1.0473130612458665
62730.3402 lsst_hardware_z -204.2689458069547 87.83999633789062 31.739999771118164 AB 4.722934392588293 1.0560533048440093
62730.3641 lsst_hardware_i -106.9772742011459 93.36000061035156 32.08000183105469 AB 4.683155144443034 1.0456972523039039
62732.3616 lsst_hardware_z -79.48871321546228 72.30999755859375 31.719999313354492 AB 2.485524449589352 1.0458760570542192
62732.3826 lsst_hardware_r -125.11470859338561 78.20999908447266 32.38999938964844 AB 1.9832418080628837 1.0564143153744054
62734.3536 lsst_hardware_y 23.211848089273065 47.65999984741211 30.040000915527344 AB 1.9823923899872964 1.0457034893774477
62734.3731 lsst_hardware_g 37.42931396736982 28.649999618530273 31.6299991607666 AB 1.9258710744925431 1.0531079012946238
62737.3276 lsst_hardware_g 23.650290501890733 14.520000457763672 31.440000534057617 AB 3.2784726443849217 1.0511294146793593
62737.3456 lsst_hardware_r -9.479393800790042 23.610000610351562 31.510000228881836 AB 3.3718005118039316 1.0457086848175943
62739.2925 lsst_hardware_i -8.735908892246552 31.200000762939453 31.25 AB 2.9357542956082883 1.0870479988675468
62739.3103 lsst_hardware_z -76.73999302958299 41.689998626708984 30.950000762939453 AB 2.9226194298681185 1.0612913259825714
62741.2896 lsst_hardware_r 21.117393135026887 23.100000381469727 31.489999771118164 AB 3.9523082580902895 1.0825275973953135
62741.3076 lsst_hardware_u -3.1346573359731877 2.700000047683716 28.43000030517578 AB 3.2402427504046227 1.0584416649840884
62750.2839 lsst_hardware_i -25.67070423388167 30.780000686645508 31.260000228881836 AB 0.9349216527569733 1.0576036795893362
62750.3028 lsst_hardware_z 104.60323435081331 41.2599983215332 30.959999084472656 AB 0.7325328218097993 1.0464754597282848
62754.249 lsst_hardware_z 40.141062682398506 87.69999694824219 31.729999542236328 AB 4.001384397944502 1.0918325702700609
62756.2394 lsst_hardware_r 18.659928944179015 120.70999908447266 31.649999618530273 AB 3.313151454302071 1.1002274034653767
62756.2585 lsst_hardware_z 89.30586420118203 79.4000015258789 30.989999771118164 AB 3.901442890518111 1.067718360842395
62759.2383 lsst_hardware_r 28.54866811860228 88.7699966430664 31.649999618530273 AB 0.7101801339931403 1.0863176045784173
62759.2573 lsst_hardware_y -64.8645574972066 55.33000183105469 30.049999237060547 AB 2.5783609190367036 1.0596003776863165
62766.2193 lsst_hardware_z -39.588129968419544 42.22999954223633 30.950000762939453 AB 2.235499611581002 1.086116658122678
62766.2395 lsst_hardware_r -4.800620960598711 23.3799991607666 31.5 AB 2.1028242457786486 1.0582910144829707
62773.213 lsst_hardware_g 6.148291199514 14.529999732971191 31.43000030517578 AB 4.913310241489811 1.0665458819101994
62773.2314 lsst_hardware_r -10.62807527834382 23.350000381469727 31.5 AB 4.857832928334139 1.0498882490456318
62775.2063 lsst_hardware_i 6.9237231250947175 31.219999313354492 31.25 AB 5.098245694228447 1.068142823010429
62775.2242 lsst_hardware_z 12.818634040722392 41.59000015258789 30.950000762939453 AB 4.44097576787739 1.0509112446170121
62777.2397 lsst_hardware_r 12.249392143493528 23.389999389648438 31.510000228881836 AB 3.443962798518719 1.046002368570507
62777.2589 lsst_hardware_u 4.124619301279954 2.7899999618530273 28.489999771118164 AB 2.862987501535328 1.0556738574982771
62779.1844 lsst_hardware_z 55.13465339554657 44.68000030517578 30.950000762939453 AB 6.676710801422131 1.0850559265583095
62779.2027 lsst_hardware_r -23.991949471876843 35.70000076293945 31.59000015258789 AB 6.5615372021517375 1.0595942191605552
62782.203 lsst_hardware_r 43.11615350174775 69.80999755859375 31.649999618530273 AB 4.355597378906671 1.0522884748720176
62782.2152 lsst_hardware_y 42.71909334973773 51.5099983215332 30.049999237060547 AB 3.3410476044957265 1.0465301815181862
62786.1765 lsst_hardware_i -40.060759782588 103.5 31.34000015258789 AB 6.582855267738873 1.067836368726034
62786.1948 lsst_hardware_z 44.852813766698574 85.44999694824219 31.0 AB 6.443216491764249 1.0505244280050408
62790.1703 lsst_hardware_g 30.466275757019755 46.09000015258789 31.700000762939453 AB 8.04461695022097 1.0621241668700463
62790.1876 lsst_hardware_i 46.4775138184114 47.7400016784668 31.309999465942383 AB 7.950178451914502 1.0485595425896204
62792.1648 lsst_hardware_z -24.960815275629187 41.61000061035156 30.959999084472656 AB 6.522772797993238 1.0621678550713984
62792.1824 lsst_hardware_r 7.625024295988967 23.450000762939453 31.510000228881836 AB 6.10419798255561 1.048440955409852
62795.1664 lsst_hardware_u 2.0058189776574165 2.9100000858306885 28.579999923706055 AB 2.8545554256471988 1.0530824246114472
62795.1831 lsst_hardware_g 14.190149016196168 14.75 31.459999084472656 AB 2.6171921366139563 1.0459006806769506
62798.1728 lsst_hardware_i 8.639983776158026 31.219999313354492 31.260000228881836 AB 2.2495038498526765 1.0462403084473084
62798.1899 lsst_hardware_z 66.36927046344904 41.84000015258789 30.959999084472656 AB 2.4739334973139604 1.0481658711218602
62800.1454 lsst_hardware_r -34.80907855570283 23.700000762939453 31.520000457763672 AB 2.61780232865918 1.0595530202347776
62800.162 lsst_hardware_u 3.287262651027966 2.880000114440918 28.549999237060547 AB 2.534350959605001 1.0478297793291622
62802.1369 lsst_hardware_g 11.62486824055994 15.53816582866104 31.450000762939453 AB 3.15379892456994 1.0628394488550337
62802.1551 lsst_hardware_i 41.549856641462284 31.893503025009597 31.260000228881836 AB 3.01076262740156 1.0484373629953199
62804.1327 lsst_hardware_z 108.75623713352056 42.995295145436835 30.959999084472656 AB 5.918808353390086 1.0614316706370923
62804.1486 lsst_hardware_r 457.78846164868963 31.335525940450616 31.530000686645508 AB 5.865319000207344 1.0489236822474797
62814.1136 lsst_hardware_z 5883.988910769842 111.25831327671017 31.0 AB 6.741982717980982 1.0537778263206836
62814.1305 lsst_hardware_r 12904.885332839604 166.17998557544846 31.65999984741211 AB 6.963711289523055 1.0459949364660992
62818.0903 lsst_hardware_z 7584.107468791572 98.79518812120277 30.959999084472656 AB 3.8189682968466534 1.066328956469144
62818.1078 lsst_hardware_r 18949.224472861228 147.25396796967624 31.6299991607666 AB 3.765408030667068 1.050298606913015
62824.0928 lsst_hardware_r 20069.603861502048 143.06058586124487 31.489999771118164 AB 4.639170240170507 1.0495266648199777
62824.1117 lsst_hardware_u 271.06866659154144 16.75344398323617 28.360000610351562 AB 4.626132355835283 1.0460446254008553
62828.0698 lsst_hardware_u 199.8336786117614 14.767521856977028 28.43000030517578 AB 7.221148334230521 1.0586900428926849
62828.0889 lsst_hardware_g 15713.742302783778 125.22508982020014 31.43000030517578 AB 7.138516743469669 1.0467033348195995
62830.0668 lsst_hardware_r 19183.85868535972 139.5019935018109 31.489999771118164 AB 5.461973797229775 1.0563724586074412
62830.0865 lsst_hardware_i 14205.547648730362 122.81812592580648 31.239999771118164 AB 5.389981418747693 1.0460397688123853
62832.0597 lsst_hardware_z 6072.118791286476 86.80278501712243 30.950000762939453 AB 3.8979694486299303 1.0578893021430966
62832.081 lsst_hardware_r 18332.723151887058 137.07866457204764 31.510000228881836 AB 3.8194616915426907 1.0460457435300412
62834.0618 lsst_hardware_u 120.4620109455947 10.981503263424479 28.450000762939453 AB 5.683096485285155 1.0517435893931355
62834.0814 lsst_hardware_g 11564.304545464274 108.18929649542116 31.440000534057617 AB 5.582069539358627 1.0457230309777588
62837.0621 lsst_hardware_r 16191.705905814202 132.49457582159638 31.600000381469727 AB 6.571558432801862 1.0473994048827513
62837.0794 lsst_hardware_z 4486.654780602716 79.87188862434664 30.959999084472656 AB 6.584023666698504 1.0467446210967415
62839.0626 lsst_hardware_r 15159.018390424597 138.0185995174235 31.639999389648438 AB 3.6231292087248073 1.0459379932808335
62839.0816 lsst_hardware_y 1641.2015862982194 63.61902730870502 30.049999237060547 AB 3.659102941752151 1.04995780251144
62841.0485 lsst_hardware_z 8040.024459968021 126.45756844518198 31.739999771118164 AB 3.420664584110127 1.0484795660107669
62850.0318 lsst_hardware_y 1649.1956416153232 79.60817960805922 30.06999969482422 AB 7.9338093527888525 1.0460503817103053
62850.0503 lsst_hardware_g 2921.662298931956 55.79318260775839 31.450000762939453 AB 8.065069072802775 1.0492759157130163
63069.432 lsst_hardware_g 4.7627766341434645 16.969999313354492 31.520000457763672 AB 5.229766931724824 1.0459533863449648
63079.3187 lsst_hardware_z -104.53992939937736 109.4000015258789 32.459999084472656 AB 5.936156132214195 1.2109455773322624
63079.3606 lsst_hardware_y -106.35067013840187 87.30000305175781 31.219999313354492 AB 5.681290284742719 1.0886304737231558
63083.3183 lsst_hardware_z 83.85498852193626 64.7300033569336 30.969999313354492 AB 1.7792895884171112 1.170906227639448
63083.3457 lsst_hardware_r -91.45376381273452 84.7699966430664 31.639999389648438 AB 2.222001344217724 1.0963822422129728
63085.396 lsst_hardware_i 34.721969788977276 61.400001525878906 31.31999969482422 AB 3.263069394475482 1.046023207076609
63085.418 lsst_hardware_z -49.38269664853434 58.40999984741211 30.979999542236328 AB 3.492230154990935 1.0582515621184652
63088.3239 lsst_hardware_r -38.62879020114336 49.5099983215332 32.33000183105469 AB 5.471632107254059 1.1145366867030266
63088.3415 lsst_hardware_z 57.99519754202997 63.040000915527344 31.709999084472656 AB 5.5228165706290095 1.0791142041447224
63091.371 lsst_hardware_g 23.51837467370437 15.0600004196167 31.469999313354492 AB 4.8925970549189675 1.0460972963264843
63091.3902 lsst_hardware_i 31.216703288900273 31.1200008392334 31.260000228881836 AB 4.66702421330492 1.049654026045526
63094.3676 lsst_hardware_u -3.3906374016263436 2.7699999809265137 28.5 AB 5.674786602926204 1.0457223469765733
63094.3858 lsst_hardware_g -9.904216439599084 14.199999809265137 31.440000534057617 AB 5.062834464346595 1.0519629036094946
63100.2555 lsst_hardware_i -14.822050516704763 32.279998779296875 31.229999542236328 AB 2.2083236471541188 1.2365788038193852
63100.2723 lsst_hardware_z -16.53952636549552 43.06999969482422 30.940000534057617 AB 2.0579039192740627 1.1694850838837256
63102.2911 lsst_hardware_r 8.821777402213076 23.239999771118164 31.5 AB 3.0906023970010055 1.102113719176609
63110.2736 lsst_hardware_z -15.039750483310726 70.8499984741211 30.979999542236328 AB 1.8463447695668511 1.0931585373397579
63110.2892 lsst_hardware_r 62.84001324064822 103.94000244140625 31.649999618530273 AB 1.7077340798989464 1.0677787077317298
63115.2626 lsst_hardware_z -88.1005677714184 53.59000015258789 30.969999313354492 AB 0.9292446550094814 1.0881084953272615
63115.2823 lsst_hardware_r 75.08312623080849 59.880001068115234 31.6299991607666 AB 0.9141636574279088 1.0598998926700391
63121.2363 lsst_hardware_z 30.053817783305494 42.209999084472656 30.940000534057617 AB 3.346640077325342 1.1086484355097201
63121.2548 lsst_hardware_r 38.87298800125198 23.15999984741211 31.5 AB 3.8809033945720266 1.0738526271643682
63123.2379 lsst_hardware_u -2.3139056935552174 2.7100000381469727 28.420000076293945 AB 1.3303254160212168 1.0935679539837377
63123.2574 lsst_hardware_g 7.398125277806777 14.289999961853027 31.440000534057617 AB 2.185679918534439 1.0632462713804633
63125.2381 lsst_hardware_r -4.546432660708443 23.139999389648438 31.489999771118164 AB 3.680398572916282 1.0831072904403418
63125.2556 lsst_hardware_z 7.8729773503205 41.349998474121094 30.940000534057617 AB 4.243847746461831 1.0592847357836905
63132.2529 lsst_hardware_r -1.48360076693607 32.790000915527344 32.25 AB 1.8144705120675662 1.0478174275654857
63132.2904 lsst_hardware_i 39.404208195424594 30.940000534057617 31.25 AB 1.8337654486799257 1.0589598356188215
63136.2287 lsst_hardware_z 57.812762836889796 70.66999816894531 31.719999313354492 AB 3.5678552499572698 1.056307682805863
63138.2376 lsst_hardware_r 42.325441807431126 97.58999633789062 31.65999984741211 AB 4.836961134823818 1.047414710875688
63138.2563 lsst_hardware_z 18.845869513291767 68.31999969482422 30.989999771118164 AB 4.750221594411281 1.0472269828948075
63139.1406 lsst_hardware_r 91.17961187358935 129.91000366210938 31.600000381469727 AB 5.2445363757218235 1.2780122757830779
63139.1529 lsst_hardware_y 115.88513405904405 65.05000305175781 30.010000228881836 AB 5.044110417501244 1.2193659349318076
63146.1863 lsst_hardware_z -25.673712280967678 42.0 30.940000534057617 AB 4.891251428662029 1.0742133445084985
63146.2047 lsst_hardware_r 5.628981835233627 30.40999984741211 31.559999465942383 AB 4.828009361324533 1.0535754198199843
63150.1815 lsst_hardware_r 44.97465292544458 23.290000915527344 31.489999771118164 AB 4.120076036679377 1.0658585012752237
63150.1994 lsst_hardware_z -64.63549972997109 41.310001373291016 30.940000534057617 AB 4.084708977299272 1.0498737947136578
63152.1809 lsst_hardware_r -1.6006243589124214 23.450000762939453 31.5 AB 6.825116897907827 1.0602946866411593
63152.1986 lsst_hardware_u -3.968608905718268 2.740000009536743 28.450000762939453 AB 6.984998269785361 1.0476973556002194
63156.1697 lsst_hardware_i 33.93137977084495 31.040000915527344 31.25 AB 6.984853954869221 1.060587719327226
63156.1869 lsst_hardware_z -66.46584209653862 41.369998931884766 30.940000534057617 AB 6.892374394625752 1.0480042161113663
63158.1626 lsst_hardware_r -25.197229228248595 23.489999771118164 31.5 AB 3.9902899042792725 1.0623775038017234
63158.1807 lsst_hardware_u -0.31459401482426386 2.7300000190734863 28.440000534057617 AB 2.711296418444744 1.0483166974267601
63160.1677 lsst_hardware_g -30.885561051764657 14.680000305175781 31.440000534057617 AB 2.700789679162282 1.0526658487057494
63160.1852 lsst_hardware_i -68.65768057263949 31.100000381469727 31.260000228881836 AB 2.68175044119695 1.0457885510973806
63162.1456 lsst_hardware_r 53.42002875963022 30.040000915527344 31.559999465942383 AB 5.059863823555664 1.069946005791608
63162.1618 lsst_hardware_z 123.52500961631293 42.779998779296875 30.950000762939453 AB 5.041076206488278 1.0529846381637364
63164.1392 lsst_hardware_r 38.367879476741685 47.970001220703125 31.6200008392334 AB 4.686532285164032 1.0712481889208805
63164.158 lsst_hardware_y 27.60706616520599 49.06999969482422 30.049999237060547 AB 4.62124342532224 1.0518164957204044
63169.1345 lsst_hardware_i -33.77643873385193 99.55000305175781 31.34000015258789 AB 5.863318927950269 1.0602746705153598
63169.1512 lsst_hardware_z -64.99821660417396 82.31999969482422 31.0 AB 5.806138273330062 1.048086695849102
63171.1257 lsst_hardware_z 87.48383906913915 63.77000045776367 30.989999771118164 AB 4.908557721240679 1.0639937257024832
63171.1448 lsst_hardware_r 27.902255524664135 87.68000030517578 31.65999984741211 AB 4.844917334980203 1.0484942834943634
63185.0935 lsst_hardware_i 16.760579441295715 30.6299991607666 31.25 AB 4.44189701243821 1.0575945267710023
63185.1116 lsst_hardware_r 9.930552789629058 22.8700008392334 31.5 AB 4.396081563677878 1.046686086589971
63190.0927 lsst_hardware_r 6.853150126599596 25.530000686645508 31.530000686645508 AB 6.063829444389472 1.0485914248014765
63190.1131 lsst_hardware_i 34.664612346580874 31.780000686645508 31.260000228881836 AB 6.0198498786043135 1.0468393841586494
63192.0715 lsst_hardware_i 93.04156583879607 38.939998626708984 31.280000686645508 AB 4.656038171221628 1.060480166546472
63192.0907 lsst_hardware_z 36.98935918978596 45.08000183105469 30.950000762939453 AB 4.009456572594387 1.0472200694570053
63194.0673 lsst_hardware_i 51.68584559794796 59.56999969482422 31.31999969482422 AB 8.034930170013181 1.0591787727409363
63194.087 lsst_hardware_z 57.23376264400558 57.18000030517578 30.979999542236328 AB 8.278629354481742 1.0466911692280272
63196.0725 lsst_hardware_z -35.73576533507044 67.83000183105469 30.989999771118164 AB 4.619908580074816 1.0506159596896416
63196.0909 lsst_hardware_r -39.18597477827216 91.16999816894531 31.65999984741211 AB 3.778340296172611 1.0457867271151615
63198.0448 lsst_hardware_i -98.23175790850377 83.7699966430664 31.329999923706055 AB 4.097156754978179 1.0734908528327107
63198.0537 lsst_hardware_r 117.92472649354636 105.79000091552734 31.649999618530273 AB 4.059373291002515 1.0620144652488763
63200.0599 lsst_hardware_z 26.652115293523906 57.84000015258789 30.979999542236328 AB 5.225522726113005 1.0516775297837495
63200.0798 lsst_hardware_g 172.5191263296991 85.94000244140625 31.729999542236328 AB 5.161413622106126 1.045773198684318
63205.0386 lsst_hardware_y -56.61008565817626 48.66999816894531 30.040000915527344 AB 2.3251008881924773 1.0578658069501317
63205.0576 lsst_hardware_z 54.33673007465023 41.2400016784668 30.950000762939453 AB 1.5865335151036288 1.0465260653713582
63207.039 lsst_hardware_y 17.99361125127444 49.150001525878906 30.040000915527344 AB 5.666394767176711 1.0529233528876212
63207.0581 lsst_hardware_u 0.48280180929329314 2.6500000953674316 28.3799991607666 AB 4.830957523539491 1.0457183881247882
63212.0308 lsst_hardware_y -134.18027567558417 69.81999969482422 30.06999969482422 AB 13.962320245126868 1.0494894544934994
63212.0494 lsst_hardware_r -12.852283539614515 23.200000762939453 31.510000228881836 AB 14.22117376831418 1.0460334748429005
63215.0324 lsst_hardware_z 1.7349075114925587 61.099998474121094 30.979999542236328 AB 7.931752358352992 1.0460903860747108
63215.051 lsst_hardware_g 3.985300282756452 14.869999885559082 31.459999084472656 AB 8.057963361410238 1.0493030628101034
63217.0332 lsst_hardware_y -50.04419357207945 67.66999816894531 30.059999465942383 AB 10.592833521468771 1.045758212597307
63217.0525 lsst_hardware_i -12.817199217152192 31.350000381469727 31.25 AB 11.487356125712239 1.0537892051841233
