data/validation/pwv_sim_epoch_fit_4/5982732.ecsv
# %ECSV 0.9
# ---
# datatype:
# - {name: time, datatype: float64}
# - {name: band, datatype: string}
# - {name: flux, datatype: float64}
# - {name: fluxerr, datatype: float64}
# - {name: zp, datatype: float64}
# - {name: zpsys, datatype: string}
# - {name: pwv, datatype: float64}
# - {name: airmass, datatype: float64}
# meta: {SNID: '5982732', alt: 1024.0, c: -0.09989552944898605, dec: -44.20153, lat: -30.244573, lon: -70.7499537, ra: 88.709015, t0: 61270.5546875,
#   x0: 0.0005052003576127445, x1: 0.6048247814178467, z: 0.07951988279819489}
# schema: astropy-2.0
time band flux fluxerr zp zpsys pwv airmass
61340.3695 lsst_hardware_i 42.83034650983395 65.83999633789062 31.329999923706055 AB 3.173595449549015 1.038706780345521
61345.2396 lsst_hardware_i 2.6009898891005316 34.459999084472656 31.260000228881836 AB 5.637615681458879 1.147664650915364
61355.3534 lsst_hardware_r -5.748049121917819 23.969999313354492 31.510000228881836 AB 2.587533749889857 1.0638436632293253
61360.3443 lsst_hardware_r -44.792732356749426 22.149999618530273 31.479999542236328 AB 4.264702479165806 1.0703902815249562
61360.3569 lsst_hardware_u 17.248660467659263 10.239999771118164 29.219999313354492 AB 4.361023585707934 1.0918937370325323
61362.3389 lsst_hardware_g 0.9668454374551484 13.220000267028809 31.3799991607666 AB 3.903690492905247 1.0704818536303236
61362.3517 lsst_hardware_r 3.205335197431665 25.780000686645508 31.520000457763672 AB 3.9868700977828935 1.0923929393869762
61363.3303 lsst_hardware_i -11.295334205045762 29.790000915527344 31.229999542236328 AB 6.6068146823132805 1.062146164915174
61363.342 lsst_hardware_z -31.49222858153873 42.369998931884766 30.940000534057617 AB 6.287744471726078 1.0798118618798196
61365.3224 lsst_hardware_z 18.690700023862444 40.689998626708984 30.940000534057617 AB 4.414647774865533 1.0589859729812372
61365.3341 lsst_hardware_r -62.870796089941756 21.549999237060547 31.469999313354492 AB 3.9656791085007117 1.0757787616874461
61369.3233 lsst_hardware_i -20.999519536081266 62.619998931884766 31.31999969482422 AB 7.383077139441191 1.07597582824224
61369.3352 lsst_hardware_z 0.3490185055729639 58.810001373291016 30.969999313354492 AB 6.1265611449194415 1.0975238667637013
61371.3292 lsst_hardware_r 80.93611516720205 59.61000061035156 31.6200008392334 AB 4.195551437777394 1.0964462139756264
61371.3412 lsst_hardware_z 27.239088068215008 53.4900016784668 30.959999084472656 AB 4.422710943949906 1.1228479525959225
61375.3188 lsst_hardware_i -18.194554959982785 33.61000061035156 31.260000228881836 AB 7.612181605600522 1.0974886974625242
61375.3307 lsst_hardware_z 24.57431548792303 43.31999969482422 30.950000762939453 AB 7.816141783414284 1.1238700800538175
61378.3065 lsst_hardware_z -21.793616931179255 41.59000015258789 30.940000534057617 AB 3.9073109837844413 1.0895255444501752
61378.3182 lsst_hardware_r 10.046052986691722 22.530000686645508 31.479999542236328 AB 3.974161676502427 1.113730502522866
61380.3068 lsst_hardware_u 3.941443817093767 2.5999999046325684 28.399999618530273 AB 4.791734439390302 1.1008522059366248
61380.3189 lsst_hardware_r -21.642214661107978 21.799999237060547 31.459999084472656 AB 4.873735826052413 1.1284408025127952
61382.2179 lsst_hardware_u 1.2596809371712745 2.680000066757202 28.5 AB 5.266268907207061 1.0321969633880397
61382.2304 lsst_hardware_g -8.872757321494602 12.670000076293945 31.389999389648438 AB 5.2571056504202 1.0304009506897138
61384.2203 lsst_hardware_r -18.65873796346013 21.350000381469727 31.489999771118164 AB 9.69133987689225 1.0305916001090623
61384.2346 lsst_hardware_z -24.957269600844636 40.4900016784668 30.950000762939453 AB 9.65190585426653 1.0318111949114803
61386.2197 lsst_hardware_r -22.7495978293383 21.25 31.479999542236328 AB 12.888853533593434 1.0304076055157496
61386.2325 lsst_hardware_u -2.1232080989095445 2.619999885559082 28.450000762939453 AB 12.91508003852053 1.0328758827991724
61388.2216 lsst_hardware_g 16.838037967371722 12.569999694824219 31.3799991607666 AB 7.9762712070348964 1.031303248404538
61388.2343 lsst_hardware_r 30.04422352561848 21.260000228881836 31.479999542236328 AB 8.056846752170358 1.0361948558602894
61391.2162 lsst_hardware_i 12.267412824749174 29.600000381469727 31.25 AB 8.691970940398521 1.0320145969523713
61391.2299 lsst_hardware_z 28.64303572784185 40.68000030517578 30.950000762939453 AB 8.785260464220643 1.038487780947265
61393.2151 lsst_hardware_r 15.493923482914665 31.110000610351562 31.579999923706055 AB 5.329941417810645 1.0335352758989034
61393.2261 lsst_hardware_z -24.409516346232728 43.099998474121094 30.959999084472656 AB 5.30853246303846 1.03961468064407
61395.2037 lsst_hardware_z -55.06078220523262 69.11000061035156 31.719999313354492 AB 5.008711837839181 1.031589696108402
61404.1973 lsst_hardware_r 6.6165721139691325 28.31999969482422 31.549999237060547 AB 9.676695038391046 1.0405048428377468
61404.2096 lsst_hardware_z -12.291837497957445 42.70000076293945 30.950000762939453 AB 9.45033953532906 1.0516249007664107
61406.1998 lsst_hardware_r 2.2736049576099315 21.43000030517578 31.489999771118164 AB 7.332442326792379 1.0472209795456289
61406.2132 lsst_hardware_u -4.058098194331854 2.740000009536743 28.469999313354492 AB 7.476661127125767 1.0625690874773701
61408.1815 lsst_hardware_u -0.6781273023544726 2.609999895095825 28.43000030517578 AB 3.9236503093051227 1.0372481156050817
61408.1982 lsst_hardware_g 1.3098515900240266 17.920000076293945 32.130001068115234 AB 3.979521617218907 1.0511150600155592
61408.2135 lsst_hardware_r -3.6453210554286426 21.5 31.479999542236328 AB 3.7167276362795105 1.070794478905072
61410.184 lsst_hardware_r 9.557142927025376 21.31999969482422 31.469999313354492 AB 11.927914126390249 1.0429005334665438
61410.1981 lsst_hardware_i -26.64286746402534 29.68000030517578 31.239999771118164 AB 12.167364086323063 1.0572272476440157
61414.1563 lsst_hardware_u -2.056616463303353 2.5399999618530273 28.3799991607666 AB 6.611066418967763 1.0329791279637128
61414.1695 lsst_hardware_g -10.424097255232208 12.529999732971191 31.360000610351562 AB 7.82434628377527 1.0401488390714677
61416.1585 lsst_hardware_r -0.873529907649664 21.40999984741211 31.479999542236328 AB 5.011312477174754 1.0365730638483286
61416.1694 lsst_hardware_z -20.989181982596254 40.84000015258789 30.950000762939453 AB 7.114493903056885 1.0444060339190975
61419.1534 lsst_hardware_r 42.581808281584266 21.3700008392334 31.479999542236328 AB 7.5305380850178905 1.038468116390842
61419.1652 lsst_hardware_u -3.0555656281193433 2.640000104904175 28.450000762939453 AB 7.754050161440115 1.0480924761180164
61421.152 lsst_hardware_g -13.624944527189715 18.709999084472656 31.540000915527344 AB 4.6010298267504846 1.0413496401547684
61421.1648 lsst_hardware_r 40.576559925499495 25.059999465942383 31.530000686645508 AB 4.637643862819211 1.0534114395955052
61423.1055 lsst_hardware_z 9.32897451126213 45.869998931884766 30.969999313354492 AB 4.048121894867112 1.0323549620317838
61423.1194 lsst_hardware_r 65.5370294161677 43.709999084472656 31.6299991607666 AB 4.037294586190463 1.0304478270011392
61425.1039 lsst_hardware_i 20.16737645972758 51.529998779296875 31.31999969482422 AB 7.855554444510638 1.0313186877393512
61425.1168 lsst_hardware_z -54.1417751692225 51.220001220703125 30.979999542236328 AB 7.890647849284174 1.0306825391743688
61427.1023 lsst_hardware_i -68.62769439688736 63.79999923706055 31.329999923706055 AB 11.546114145688401 1.0306729877874077
61427.1151 lsst_hardware_z -33.191424427448695 58.630001068115234 30.979999542236328 AB 11.545585227925391 1.031316232954479
61429.1081 lsst_hardware_g 2.9252591646252055 74.12999725341797 31.729999542236328 AB 13.377994868167505 1.031012982190974
61429.1208 lsst_hardware_r -51.22035438235662 68.29000091552734 31.649999618530273 AB 13.454909199281404 1.0353846030958949
61431.09 lsst_hardware_i -4.0653054268309505 37.560001373291016 31.290000915527344 AB 14.120718611325884 1.030859878181186
61431.1046 lsst_hardware_r 26.03305339334369 38.0099983215332 31.610000610351562 AB 14.103005462670911 1.0314115232143133
61433.0946 lsst_hardware_u 7.453102534897081 2.609999895095825 28.43000030517578 AB 12.76633217921461 1.0306442108878124
61433.1064 lsst_hardware_g 6.83662351142232 12.600000381469727 31.3799991607666 AB 12.670861417451086 1.033765311042758
61437.0891 lsst_hardware_z 20.561519040768463 40.689998626708984 30.950000762939453 AB 7.8551432349128545 1.0316258680881953
61437.102 lsst_hardware_r -6.617746710214148 21.40999984741211 31.479999542236328 AB 7.930826096074317 1.0370707997656243
61439.0867 lsst_hardware_u 3.238493018140293 2.7699999809265137 28.56999969482422 AB 7.5107252867351555 1.0325203739354092
61439.0987 lsst_hardware_g -7.4225872986893995 12.819999694824219 31.40999984741211 AB 7.560630603134344 1.0384174066636789
61441.0717 lsst_hardware_g -7.157866106046183 12.760000228881836 31.399999618530273 AB 6.20817671484566 1.0305453116357437
61441.0863 lsst_hardware_r -21.216454813579485 30.3799991607666 32.25 AB 6.394841703573198 1.0345408277998143
61446.0686 lsst_hardware_u 1.589258786662836 2.6500000953674316 28.469999313354492 AB 2.685468752018899 1.0328725969303456
61446.0816 lsst_hardware_g -4.023152555739769 12.65999984741211 31.389999389648438 AB 2.703446683417293 1.039787185929728
61451.0704 lsst_hardware_z -8.858748571991768 43.41999816894531 30.959999084472656 AB 1.7875656377276596 1.041603751225215
61451.0821 lsst_hardware_r -22.884542179724956 34.060001373291016 31.579999923706055 AB 1.8025827197858508 1.052551828983036
61453.0618 lsst_hardware_z -20.43116267596272 67.1500015258789 31.709999084472656 AB 1.2602515992651697 1.0393113319485372
61455.0574 lsst_hardware_r -86.7497373092847 68.23999786376953 31.649999618530273 AB 3.027692782808534 1.0400570633413222
61455.0696 lsst_hardware_z -82.38065749496126 53.91999816894531 30.979999542236328 AB 3.0606952259744857 1.0508524137133082
61457.0545 lsst_hardware_r -27.89149440857559 78.33000183105469 31.649999618530273 AB 3.38956900733616 1.0419824799680786
61457.0662 lsst_hardware_y -84.99835499144855 52.119998931884766 30.049999237060547 AB 3.3841898610212704 1.0530891873623744
61459.0558 lsst_hardware_g 15.086337131017707 54.400001525878906 31.719999313354492 AB 7.520491631053139 1.0479330636177997
61459.0686 lsst_hardware_r 17.153501613684725 59.5099983215332 31.639999389648438 AB 7.636380897298446 1.062748715788525
