data/validation/pwv_sim_epoch_fit_4/60003307.ecsv
# %ECSV 0.9
# ---
# datatype:
# - {name: time, datatype: float64}
# - {name: band, datatype: string}
# - {name: flux, datatype: float64}
# - {name: fluxerr, datatype: float64}
# - {name: zp, datatype: float64}
# - {name: zpsys, datatype: string}
# - {name: pwv, datatype: float64}
# - {name: airmass, datatype: float64}
# meta: {SNID: '60003307', alt: 1024.0, c: 0.014754600822925568, dec: -13.708317, lat: -30.244573, lon: -70.7499537, ra: 253.125, t0: 60825.45703125,
#   x0: 1.0416864139847367e-05, x1: -0.8469218015670776, z: 0.4525483250617981}
# schema: astropy-2.0
time band flux fluxerr zp zpsys pwv airmass
[from data line 133]
61188.2276 lsst_hardware_z 15.53822678732303 60.45000076293945 30.979999542236328 AB 7.371485683664525 1.0445636507955964
61195.1199 lsst_hardware_z 155.9138611997046 85.94000244140625 31.709999084472656 AB 13.561328017852768 1.1668251454748597
61195.142 lsst_hardware_r -163.64658228079287 105.54000091552734 32.380001068115234 AB 11.99448354727033 1.1043627241754839
61197.1721 lsst_hardware_r 41.054437776842725 44.959999084472656 31.610000610351562 AB 5.733652121882144 1.0512104360842807
61197.1932 lsst_hardware_i 10.077435185182605 42.95000076293945 31.290000915527344 AB 5.688680969745034 1.0429016688606148
61219.1372 lsst_hardware_r -298.5247420773688 152.66000366210938 31.65999984741211 AB 6.552127728099931 1.043166331491738
61219.1626 lsst_hardware_z 86.95877472627859 100.86000061035156 31.0 AB 6.554566900318687 1.05855408596878
61221.1362 lsst_hardware_r 111.08551815465299 189.85000610351562 32.40999984741211 AB 3.3611900434812143 1.0441450858622945
61221.1574 lsst_hardware_i -118.78926463372085 148.22999572753906 32.09000015258789 AB 3.400018188048017 1.0588383530111036
61224.1024 lsst_hardware_i 25.330600732993652 54.189998626708984 31.31999969482422 AB 6.769293949674081 1.0483651772764904
61224.1247 lsst_hardware_z -18.44607917822205 53.29999923706055 30.979999542236328 AB 6.768558834318497 1.0433499384932095
61226.1094 lsst_hardware_r 20.310079265010728 34.45000076293945 31.59000015258789 AB 3.8491987558113814 1.043331791419811
61226.1281 lsst_hardware_u 7.573135387581956 6.409999847412109 29.040000915527344 AB 3.7959940288446643 1.0463769633642517
61232.0972 lsst_hardware_g -3.1181045471584197 15.029999732971191 31.450000762939453 AB 7.536947301327228 1.0429114597902116
61232.1181 lsst_hardware_r -30.743241823328155 24.040000915527344 31.510000228881836 AB 7.73467007109107 1.050347311248462
61234.0946 lsst_hardware_i 34.11677208221688 31.350000381469727 31.260000228881836 AB 7.248424279872892 1.0429887687475983
61234.1138 lsst_hardware_z -29.864193943790617 41.72999954223633 30.950000762939453 AB 7.315178373588637 1.051232761102058
61236.0987 lsst_hardware_r 46.450168805767774 23.899999618530273 31.5 AB 6.685786411993767 1.0454027877246101
61236.1196 lsst_hardware_g -0.3119256901222587 15.0600004196167 31.440000534057617 AB 6.760533125811179 1.0624896537192607
61239.0809 lsst_hardware_r 20.702612584752885 23.940000534057617 31.510000228881836 AB 2.271708174436956 1.0429849674118479
61239.1032 lsst_hardware_i -2.4285620480980126 31.34000015258789 31.25 AB 2.559336520169091 1.0538031238686898
61243.0569 lsst_hardware_i 43.980479521631615 42.189998626708984 31.299999237060547 AB 5.421870311741205 1.045079088616269
61243.0762 lsst_hardware_z 19.7873765189117 46.959999084472656 30.959999084472656 AB 5.387729882228835 1.0441674244443622
61245.0589 lsst_hardware_r -48.978696107832036 77.94999694824219 31.649999618530273 AB 6.363057367674876 1.0431241586352256
61245.0801 lsst_hardware_z 26.267201746668746 62.33000183105469 30.979999542236328 AB 6.396524088071427 1.0486105062412177
61250.0393 lsst_hardware_i 101.8245821294135 79.95999908447266 31.329999923706055 AB 4.652025783280672 1.0445188399170748
61250.0606 lsst_hardware_z 61.09640677700764 69.75 30.989999771118164 AB 4.027627263135868 1.04545808257907
61254.0206 lsst_hardware_u 0.4030532911743083 3.9200000762939453 29.200000762939453 AB 2.753606539221456 1.0482941045860688
61254.0406 lsst_hardware_r 2.063393006011361 34.15999984741211 32.27000045776367 AB 2.7408595512950322 1.0430442588887954
61257.0176 lsst_hardware_i 30.352571363492192 31.420000076293945 31.25 AB 0.8852134516667051 1.045527698818943
61257.0373 lsst_hardware_z 11.654296908192684 41.56999969482422 30.940000534057617 AB 0.9075600609478447 1.043972462746754
61259.0192 lsst_hardware_r 53.71668953022123 24.290000915527344 31.520000457763672 AB 3.59642860690416 1.0433503356263882
61259.0366 lsst_hardware_u 1.307766992360139 2.7899999618530273 28.459999084472656 AB 3.715417353874924 1.0457127368069024
61262.0102 lsst_hardware_g 15.282127913432197 21.969999313354492 32.22999954223633 AB 3.309310891342169 1.0435077437488445
61262.0309 lsst_hardware_r 70.14274654944379 34.5099983215332 32.27000045776367 AB 3.4291255902658206 1.0469546886624732
61266.98 lsst_hardware_y -88.98824966723012 48.459999084472656 30.049999237060547 AB 4.732901870914225 1.0519897468135642
61266.9967 lsst_hardware_r -3.4147821024560763 24.760000228881836 31.530000686645508 AB 4.617903261355806 1.0434760504701854
61268.9819 lsst_hardware_y 13.399646768645999 48.349998474121094 30.049999237060547 AB 4.200439681311124 1.0469690132879172
61269.0008 lsst_hardware_r 15.70894921550046 25.739999771118164 31.540000915527344 AB 4.15405438629338 1.0431862014339346
61272.971 lsst_hardware_y -8.57256543325909 71.69000244140625 30.06999969482422 AB 3.38271887874306 1.046957251235859
61272.9882 lsst_hardware_z -13.206595277347793 55.34000015258789 30.979999542236328 AB 3.358452994740192 1.0429978244534759
61274.9728 lsst_hardware_y -134.2111050911102 71.87999725341797 30.059999465942383 AB 1.4615609486230892 1.0439721061593494
61274.9917 lsst_hardware_z -141.19965871807273 61.9900016784668 30.979999542236328 AB 1.4632691967361353 1.045192283382954
61276.9734 lsst_hardware_y -5.016178623104072 68.11000061035156 30.06999969482422 AB 5.0059083024141255 1.0429518834137397
61276.9921 lsst_hardware_r -24.938820530764882 79.02999877929688 31.649999618530273 AB 5.116081782361558 1.0482163155995563
