data/validation/pwv_sim_epoch_fit_4/6015606.ecsv
# %ECSV 0.9
# ---
# datatype:
# - {name: time, datatype: float64}
# - {name: band, datatype: string}
# - {name: flux, datatype: float64}
# - {name: fluxerr, datatype: float64}
# - {name: zp, datatype: float64}
# - {name: zpsys, datatype: string}
# - {name: pwv, datatype: float64}
# - {name: airmass, datatype: float64}
# meta: {SNID: '6015606', alt: 1024.0, c: 0.022390855476260185, dec: -46.571846, lat: -30.244573, lon: -70.7499537, ra: 298.900848, t0: 61594.80078125,
#   x0: 3.6699221870256856e-05, x1: -2.1602582931518555, z: 0.2639959752559662}
# schema: astropy-2.0
time band flux fluxerr zp zpsys pwv airmass
61523.4061 lsst_hardware_r 42.28850227493891 46.650001525878906 31.6200008392334 AB 5.243240189027671 1.0476353236593303
61523.4185 lsst_hardware_y -70.9943781995026 55.040000915527344 30.049999237060547 AB 6.121068675721098 1.0427122836388218
61525.4137 lsst_hardware_r 3.472454774563491 41.27000045776367 32.310001373291016 AB 11.92707904901258 1.0425616511134086
61525.426 lsst_hardware_y 206.37712551972822 94.02999877929688 30.81999969482422 AB 12.556473992386914 1.0418004861209342
61527.4152 lsst_hardware_g 11.17038419463085 16.559999465942383 31.5 AB 10.76758368649007 1.0416546083476899
61527.4267 lsst_hardware_z -68.43266772098205 58.029998779296875 30.979999542236328 AB 11.548991397142435 1.0428767910731374
61529.4077 lsst_hardware_i -0.2559394115833967 30.6200008392334 31.25 AB 9.343134143317918 1.0417915788869636
61529.4191 lsst_hardware_y 53.29531193094295 49.599998474121094 30.049999237060547 AB 9.277290380338421 1.0423921775661147
61531.4013 lsst_hardware_r 32.42884615977523 22.899999618530273 31.510000228881836 AB 2.7808054231807007 1.0418903796106034
61531.4154 lsst_hardware_y -104.34510933095962 48.06999969482422 30.049999237060547 AB 2.765978391696071 1.0427816745319778
61534.3918 lsst_hardware_u 0.20842958849548357 2.759999990463257 28.489999771118164 AB 7.996552551450079 1.0420658154683275
61534.4038 lsst_hardware_g 12.082993926733158 14.229999542236328 31.450000762939453 AB 7.970314517609766 1.042098215420723
61536.4077 lsst_hardware_z -45.38191547445156 41.34000015258789 30.950000762939453 AB 7.939644295835288 1.044690038925696
61536.4195 lsst_hardware_y 35.220766232645026 48.720001220703125 30.049999237060547 AB 7.090024540007509 1.0512045873293725
61540.3904 lsst_hardware_r -6.806424564819657 22.709999084472656 31.489999771118164 AB 7.940864446438276 1.0426783385190865
61540.4029 lsst_hardware_u 4.151203458747507 2.700000047683716 28.450000762939453 AB 7.978440151323003 1.0476122312712117
61542.3861 lsst_hardware_g -6.888497129443783 14.079999923706055 31.43000030517578 AB 7.610782881766321 1.042965895613597
61542.3991 lsst_hardware_r 35.16866460219489 22.889999389648438 31.5 AB 7.646375224407218 1.048573842855194
61544.3673 lsst_hardware_i -65.9978656461104 64.08000183105469 31.329999923706055 AB 8.617297943709717 1.0417429815896138
61544.38 lsst_hardware_z 115.52877375413846 58.70000076293945 30.989999771118164 AB 10.0098634512811 1.0428027347933222
61546.3681 lsst_hardware_z 4.2428579927823895 70.31999969482422 30.989999771118164 AB 7.341027288410343 1.0417483912504921
61546.3798 lsst_hardware_i 67.21352899721822 80.68000030517578 31.34000015258789 AB 7.38534481463557 1.0444554963421822
61550.3341 lsst_hardware_i -85.88431630296662 66.20999908447266 31.329999923706055 AB 7.676799095973487 1.0467172952128376
61550.3471 lsst_hardware_r -143.2084733703053 75.75 31.649999618530273 AB 7.679083172710097 1.042232631030042
61552.3367 lsst_hardware_z -21.80439768280429 68.75 31.719999313354492 AB 3.9719605636374435 1.0434222146157908
61559.3177 lsst_hardware_u 4.631093669205134 2.700000047683716 28.450000762939453 AB 9.78411825179796 1.043388866863735
61559.3296 lsst_hardware_g 13.49846543856328 13.920000076293945 31.420000076293945 AB 9.811283267735194 1.0416204334458894
61561.3702 lsst_hardware_z -30.348044049612557 41.5 30.950000762939453 AB 5.626049954153609 1.0695065259381644
61561.3814 lsst_hardware_r 28.504514608022447 23.020000457763672 31.489999771118164 AB 4.99155852794374 1.0851214191182044
61563.3226 lsst_hardware_i -46.8456302399669 30.6299991607666 31.260000228881836 AB 3.425546015402785 1.0418327297453727
61563.3356 lsst_hardware_r -5.988548849808887 22.889999389648438 31.5 AB 2.43961733236935 1.0453636132273594
61572.3171 lsst_hardware_z -101.14686493964669 79.75639363788757 31.729999542236328 AB 6.801451506621414 1.048514511368777
61576.3177 lsst_hardware_z 140.1172560777679 88.11131827167273 31.0 AB 3.814916720759893 1.0571785014691526
61576.3304 lsst_hardware_r -29.052378182328162 132.43613270399848 31.65999984741211 AB 3.8734206514215885 1.0709425329952473
61578.288 lsst_hardware_i 529.6578973598142 77.4206102695093 31.329999923706055 AB 2.6907168928136254 1.043014591651759
61578.3005 lsst_hardware_z 486.1450110356889 69.3939916975156 30.989999771118164 AB 2.096768364206677 1.0483841821033384
61580.2842 lsst_hardware_z 1013.8827673910594 62.321481811752406 30.969999313354492 AB 3.91345282141983 1.043494663964018
61580.2955 lsst_hardware_r 1395.1270836064139 70.94728947545674 31.639999389648438 AB 3.5789021848824976 1.0486601117983902
61582.2381 lsst_hardware_r 2503.2411064272965 62.82674679567442 31.59000015258789 AB 6.208675222117001 1.0521395055273683
61582.25 lsst_hardware_i 2468.208653803552 62.04102514680447 31.290000915527344 AB 6.062056530568269 1.045182160442805
61585.2839 lsst_hardware_u 51.384124957815914 7.670397294963233 28.450000762939453 AB 2.675290195588458 1.0499569056471534
61585.2962 lsst_hardware_g 4298.361483318439 67.74794421772484 31.469999313354492 AB 2.0769925485484113 1.0600957246642395
61587.233 lsst_hardware_g 5553.037144208511 76.38413510730318 31.43000030517578 AB 7.995709243078437 1.0467643180046393
61587.246 lsst_hardware_r 6821.197135124731 86.076745967599 31.5 AB 7.993017958763013 1.0422503532094163
61589.2349 lsst_hardware_i 7015.453824773359 88.59162285374556 31.25 AB 7.014344992436926 1.043671914559741
61589.2459 lsst_hardware_z 4988.5411444141755 80.5977111642169 30.950000762939453 AB 7.0233709794949055 1.0416568008149496
61593.2076 lsst_hardware_u 88.11801925085359 9.828404852757966 28.479999542236328 AB 2.3393369525891172 1.052491130439015
61593.2184 lsst_hardware_g 7770.489030468409 88.91069447960366 31.440000534057617 AB 1.8825977154054372 1.0458876196696874
61598.2159 lsst_hardware_z 10324.500335361801 116.93638347285491 31.709999084472656 AB 7.460614337965737 1.042264247361192
61600.2162 lsst_hardware_z 4780.203477403129 85.63274929171197 30.969999313354492 AB 6.773737003215278 1.0416459798626685
61600.2285 lsst_hardware_r 11214.936202911476 122.16547578932237 31.639999389648438 AB 6.826694909084384 1.0431725316313842
61605.1867 lsst_hardware_r 9189.681241913497 163.8286044402816 31.65999984741211 AB 3.318290102224666 1.0454051254054788
61605.1994 lsst_hardware_i 6611.435864766382 129.77021612913913 31.34000015258789 AB 3.329152078023664 1.0418794318872304
61608.16 lsst_hardware_r 7450.04782413398 111.11639183834643 31.639999389648438 AB 5.399159755782697 1.0581055178565517
61608.1725 lsst_hardware_z 2905.3758870839943 76.25274919883363 30.979999542236328 AB 5.76413219903799 1.0485324155417153
61611.1905 lsst_hardware_r 5980.932829493615 84.44671599385832 31.59000015258789 AB 6.127273614347469 1.04174329312656
61611.2025 lsst_hardware_i 4763.63684587172 78.18217009071552 31.290000915527344 AB 6.159549119006792 1.0445224892329645
61612.1913 lsst_hardware_z 2625.898839232356 65.17448067430809 30.950000762939453 AB 11.289204888118599 1.0421766521326827
61612.2039 lsst_hardware_u 3.234843832355163 3.7780624355781365 28.670000076293945 AB 11.20246577225467 1.046340088943118
61617.1891 lsst_hardware_g 712.4820927260749 30.366339966992058 31.43000030517578 AB 3.846941761052088 1.0457908824390616
61617.2005 lsst_hardware_r 3335.3215124379326 61.641776927151035 31.5 AB 3.873992734868717 1.0527869379356523
61619.1934 lsst_hardware_i 3977.113099052078 69.39490927371608 31.239999771118164 AB 1.9288409881749378 1.0515692998091524
61619.2048 lsst_hardware_z 2656.5308701819717 65.61159641305011 30.950000762939453 AB 1.9484679727365561 1.0615461578515697
61622.1343 lsst_hardware_i 3501.776392831623 66.94686294118895 31.25 AB 2.12867105508167 1.0485203456604566
61622.1464 lsst_hardware_z 2834.081629992478 66.39398965122172 30.940000534057617 AB 2.144802119914338 1.0431916925653395
61624.1328 lsst_hardware_r 2039.6054862655765 49.532773706776524 31.5 AB 2.8289989006636245 1.0463563927989363
61624.1447 lsst_hardware_u 2.7944980130375434 3.669418009378305 28.479999542236328 AB 2.721814089403383 1.0423081782244255
61626.1391 lsst_hardware_g 425.1380930998457 34.830140142484744 31.649999618530273 AB 4.504449473662377 1.042334715645581
61626.1513 lsst_hardware_r 1775.8352893152817 52.16855699722277 31.579999923706055 AB 4.512562580542456 1.0419216302337697
61627.1309 lsst_hardware_i 2602.3514279517153 65.34464823942056 31.290000915527344 AB 4.501042792478291 1.0437604063874832
61627.142 lsst_hardware_z 2456.876444080649 66.0701187208548 30.959999084472656 AB 4.487515695364923 1.0416703099732876
61649.111 lsst_hardware_i 1067.7854343636898 44.74645250242772 31.239999771118164 AB 1.103789694679123 1.0512282806467839
61649.1225 lsst_hardware_z 709.1056814854643 48.65307911953348 30.940000534057617 AB 1.0639860239436458 1.061156273879966
61651.09 lsst_hardware_z 639.4300440675668 48.06391712635 30.940000534057617 AB 0.5279614078542989 1.0434019918069148
61651.1035 lsst_hardware_r 722.827031497759 35.73542615474175 31.489999771118164 AB 0.5952594406013141 1.0498402832474676
61653.0517 lsst_hardware_r 719.7552803797479 36.15080031964846 31.510000228881836 AB 1.2304708202417798 1.0473577701022383
61653.0639 lsst_hardware_u 5.983147581754171 4.563726176929421 28.549999237060547 AB 1.2233752058566447 1.0426493231732767
61655.0908 lsst_hardware_r 785.592202012629 41.59787399038308 31.56999969482422 AB 1.6019200771508482 1.0487201814408171
61655.1028 lsst_hardware_i 1045.362912362106 47.32983319036857 31.270000457763672 AB 1.74927814796531 1.057924492268104
61671.042 lsst_hardware_r 14.526210615194154 22.739999771118164 31.489999771118164 AB 1.4162357875754936 1.0459643925963764
61671.0548 lsst_hardware_i 44.77523671548008 30.6299991607666 31.25 AB 1.4305161697082835 1.0541755119443639
61672.0238 lsst_hardware_i -33.45526588178178 30.600000381469727 31.25 AB 2.936329980700836 1.0417443167104015
61672.0359 lsst_hardware_z -31.02281676103094 41.310001373291016 30.940000534057617 AB 2.9711336796941668 1.04451878350999
61682.0277 lsst_hardware_u -5.135584431833047 2.990000009536743 28.540000915527344 AB 2.5555776571642213 1.05667879146753
61682.0399 lsst_hardware_g -5.541255001747583 15.699999809265137 31.469999313354492 AB 2.5900798077332796 1.06961792596873
61684.027 lsst_hardware_r -41.16230077005853 30.799999237060547 31.559999465942383 AB 3.633314966075994 1.0612350207601968
61684.0392 lsst_hardware_i 33.73261786805994 34.9900016784668 31.270000457763672 AB 3.6848432402207045 1.075814288420234
61888.4069 lsst_hardware_r -7.00722744942717 23.200000762939453 31.5 AB 5.250406805331563 1.047567199786824
61888.419 lsst_hardware_y -4.114485803199318 50.83000183105469 30.049999237060547 AB 6.195464768299194 1.0427442175038617
61891.4156 lsst_hardware_i -38.55908579004715 31.84000015258789 31.260000228881836 AB 9.247633676466883 1.0418792811784943
61891.428 lsst_hardware_y 27.729383954048398 69.23999786376953 30.06999969482422 AB 9.551789511542319 1.0423734939206983
61897.4052 lsst_hardware_g 24.70774247071876 13.9399995803833 31.40999984741211 AB 7.2050965692714435 1.041625410587877
61897.4171 lsst_hardware_y 110.5328270740128 48.29999923706055 30.040000915527344 AB 7.627667627008213 1.0438492766783964
61899.4077 lsst_hardware_z -12.23778539294647 58.54999923706055 30.979999542236328 AB 7.965866404783013 1.0427095375772693
61899.4186 lsst_hardware_y -23.283441134345896 53.88999938964844 30.049999237060547 AB 7.841213076015174 1.046844342843882
61903.3933 lsst_hardware_r -3.2598491269647067 86.7699966430664 31.649999618530273 AB 6.789551995990096 1.0420348896490659
61903.4047 lsst_hardware_y -2.749245499327475 55.16999816894531 30.049999237060547 AB 6.809781068416385 1.045406980106939
61908.3907 lsst_hardware_g -10.609557396195205 24.84000015258789 31.610000610351562 AB 8.272831255132482 1.045253275159933
61908.4032 lsst_hardware_r -20.147962467136853 30.1200008392334 31.559999465942383 AB 8.332010882847309 1.052730485534953
61910.3861 lsst_hardware_i 36.18168426195881 30.969999313354492 31.25 AB 7.514203700165615 1.045636277636544
61910.3991 lsst_hardware_z -8.145364878555787 41.540000915527344 30.950000762939453 AB 7.546044830251058 1.0537942274294507
61926.3289 lsst_hardware_z -71.51319024352875 48.790000915527344 30.969999313354492 AB 6.581227421035817 1.0418279912990054
61926.3438 lsst_hardware_r -70.62662968595332 43.470001220703125 31.610000610351562 AB 5.498259510693492 1.04629105817193
61928.3149 lsst_hardware_r 170.94862068159196 98.58999633789062 31.65999984741211 AB 3.475064886144623 1.0418422683689472
61928.3262 lsst_hardware_i -64.76417528560262 77.11000061035156 31.329999923706055 AB 3.4179700794472194 1.0422229240576977
61944.2403 lsst_hardware_r 18.84360415989599 23.09000015258789 31.5 AB 3.249339522397541 1.0576990171916585
61944.2513 lsst_hardware_i -14.063868976688308 30.760000228881836 31.25 AB 3.976028301038555 1.0491762602793266
61947.2318 lsst_hardware_z 16.483646150596815 41.630001068115234 30.950000762939453 AB 6.281266974419317 1.0579866893076162
61947.2443 lsst_hardware_r -22.768576895875352 22.969999313354492 31.489999771118164 AB 6.224635768135495 1.04844799867534
61955.1054 lsst_hardware_z -59.44157733214531 58.63999938964844 30.940000534057617 AB 11.911115398856689 1.3459647888419333
61955.11 lsst_hardware_r -48.368122278093146 69.47000122070312 31.579999923706055 AB 11.768022037183911 1.3225468686428312
61958.2344 lsst_hardware_y -184.1655153427968 94.5999984741211 30.81999969482422 AB 1.8750855970504439 1.0417142205835799
61960.2111 lsst_hardware_r -318.44756383138446 121.94999694824219 31.65999984741211 AB 2.295094378542351 1.0471515357784937
61960.2221 lsst_hardware_i 90.37727912972842 95.62000274658203 31.34000015258789 AB 2.2517271415890314 1.0428283624355823
61962.2185 lsst_hardware_z 49.864071250991934 58.459999084472656 30.979999542236328 AB 8.651977122882032 1.0424068822749435
61962.2312 lsst_hardware_r 74.8462039694216 75.44999694824219 31.649999618530273 AB 8.647758687280334 1.041898637021727
61964.2117 lsst_hardware_z -55.60260119269915 47.90999984741211 30.969999313354492 AB 6.9791527507672955 1.0427021041983011
61964.2237 lsst_hardware_r -38.8074412855269 48.47999954223633 31.6299991607666 AB 7.028711464296931 1.0417021239448714
61965.2144 lsst_hardware_i 83.69924121480963 38.900001525878906 31.290000915527344 AB 6.8463127882697385 1.04179246080696
61965.2275 lsst_hardware_z -2.366181438707547 45.04999923706055 30.959999084472656 AB 6.876666745419237 1.0427091350142892
61976.1974 lsst_hardware_u -1.0509803617426727 2.6500000953674316 28.389999389648438 AB 6.119316767160438 1.0426950827962407
61976.2098 lsst_hardware_g 3.1615673454512754 14.40999984741211 31.43000030517578 AB 5.7204990975529695 1.0476145220314932
61979.1989 lsst_hardware_z 15.670379992752235 41.31999969482422 30.940000534057617 AB 3.3094766257356154 1.0461991440681608
61979.2109 lsst_hardware_r 13.722998354911939 23.010000228881836 31.489999771118164 AB 2.6699049243826396 1.0539445077994538
61981.1879 lsst_hardware_z 65.6427883610882 43.369998931884766 30.950000762939453 AB 5.063433697377445 1.0438993294252388
61981.1996 lsst_hardware_r 34.525336578698656 30.329999923706055 31.559999465942383 AB 5.102850881549927 1.0496993327950481
61990.1381 lsst_hardware_i 28.942739827449444 73.19999694824219 31.34000015258789 AB 3.966018623814829 1.043414528759492
61990.1502 lsst_hardware_z 85.39907831169596 64.93000030517578 30.989999771118164 AB 4.02790934042435 1.0416108974461729
61992.1381 lsst_hardware_r 85.00315907425082 56.52000045776367 31.639999389648438 AB 4.4822255377875 1.0421356749099047
61992.1503 lsst_hardware_z -88.13893756918075 50.31999969482422 30.969999313354492 AB 4.475567827750925 1.0420414034344414
61994.1319 lsst_hardware_g -20.638479239408955 14.15999984741211 31.43000030517578 AB 3.310231674955494 1.042264381283216
61994.1428 lsst_hardware_i 11.120357690291867 35.900001525878906 31.280000686645508 AB 3.2229575856178174 1.041792129819357
61995.1228 lsst_hardware_z 5.047435481025554 41.349998474121094 30.950000762939453 AB 2.6740845874074006 1.0439526009788798
61995.1331 lsst_hardware_r 8.314936554427321 22.84000015258789 31.5 AB 3.389311716488178 1.041743266171255
62006.0827 lsst_hardware_u 2.4586072981537144 2.7200000286102295 28.459999084472656 AB 2.646825567615019 1.0487669411055054
62006.0854 lsst_hardware_g -13.215772896250693 14.069999694824219 31.43000030517578 AB 2.947040914233759 1.0472161969441844
62013.1023 lsst_hardware_r 101.89222413940473 80.86000061035156 31.65999984741211 AB 3.489860947163481 1.0445558057957143
62013.1132 lsst_hardware_i 60.97873670123445 67.79000091552734 31.329999923706055 AB 3.494167316998644 1.05035089689338
62017.0287 lsst_hardware_z 14.26819904982692 69.62000274658203 30.989999771118164 AB 1.9072839534481176 1.0711568044824922
62017.0333 lsst_hardware_r 50.41797755476315 101.52999877929688 31.649999618530273 AB 1.9128858422432007 1.0656250920067967
62024.0385 lsst_hardware_i -31.66347594903618 30.559999465942383 31.25 AB 2.049432004996837 1.0460733330481518
62024.0507 lsst_hardware_r 41.453501768344 22.850000381469727 31.510000228881836 AB 2.4733596572646968 1.042145923004788
62030.0342 lsst_hardware_z -54.18354993367592 41.2400016784668 30.950000762939453 AB 1.642975140539524 1.0421662800764318
62030.0458 lsst_hardware_r -22.08630164359696 22.790000915527344 31.5 AB 0.24424947938365685 1.04194587721432
62031.0437 lsst_hardware_u -6.082055841024682 2.7799999713897705 28.510000228881836 AB 1.1887859386565565 1.0420329630298522
62031.0559 lsst_hardware_g -5.754040687044522 14.119999885559082 31.440000534057617 AB 1.1961391164733242 1.0457285004864703
62033.037 lsst_hardware_r -29.379800210668147 22.850000381469727 31.5 AB 6.469333433382354 1.0418724661877694
62033.0497 lsst_hardware_z -13.40691618923344 41.40999984741211 30.950000762939453 AB 5.847594617287754 1.0453956171779937
62037.0244 lsst_hardware_u 3.5483840169414633 3.2899999618530273 28.6200008392334 AB 2.9265321165271 1.0417176494520584
62037.0375 lsst_hardware_g -3.2567345878992136 16.770000457763672 31.5 AB 2.925588833317499 1.0448531547562496
62039.0282 lsst_hardware_r -49.6996197302518 35.959999084472656 31.59000015258789 AB 3.4431245252625082 1.043476469924995
62039.0402 lsst_hardware_i 14.705595445365285 37.56999969482422 31.280000686645508 AB 3.498862632735135 1.0490555828603958
62041.0321 lsst_hardware_z -14.64696836855008 54.31999969482422 30.969999313354492 AB 4.949641689840817 1.047506265706543
62041.0449 lsst_hardware_r 89.14517986688422 61.31999969482422 31.6299991607666 AB 4.743678743188427 1.0567535767401643
62043.0275 lsst_hardware_z 66.6065783767913 83.41999816894531 31.729999542236328 AB 3.463614397138348 1.0479922532943438
62044.0318 lsst_hardware_r -12.991067806955291 76.76000213623047 31.649999618530273 AB 6.404830943899621 1.0526902977194774
62044.0439 lsst_hardware_z 83.39157042923713 59.63999938964844 30.979999542236328 AB 6.12167577494787 1.0638991614438043
62048.0299 lsst_hardware_g 33.53076825112061 85.56999969482422 31.729999542236328 AB 2.8958872954912853 1.0606674463845014
62048.0426 lsst_hardware_r -110.54069330573876 77.08000183105469 31.649999618530273 AB 3.0515158211387323 1.075740007451962
