data/validation/pwv_sim_epoch_fit_4/60181698.ecsv
# %ECSV 0.9
# ---
# datatype:
# - {name: time, datatype: float64}
# - {name: band, datatype: string}
# - {name: flux, datatype: float64}
# - {name: fluxerr, datatype: float64}
# - {name: zp, datatype: float64}
# - {name: zpsys, datatype: string}
# - {name: pwv, datatype: float64}
# - {name: airmass, datatype: float64}
# meta: {SNID: '60181698', alt: 1024.0, c: -0.11466912180185318, dec: -36.238361, lat: -30.244573, lon: -70.7499537, ra: 140.625, t0: 62206.65234375,
#   x0: 1.4663460777124731e-05, x1: 1.1420035362243652, z: 0.3911301791667938}
# schema: astropy-2.0
time band flux fluxerr zp zpsys pwv airmass
62098.2723 lsst_hardware_r 8.628050324721748 23.5 31.440000534057617 AB 11.961592691445983 1.3559078073092357
62098.2886 lsst_hardware_u -3.0756891886807347 2.640000104904175 28.34000015258789 AB 10.907675958140203 1.2649636288734711
62100.279 lsst_hardware_g 8.43251306471112 13.630000114440918 31.309999465942383 AB 6.908545607482665 1.2861083972974245
62100.2971 lsst_hardware_r 19.66200217218318 22.989999771118164 31.450000762939453 AB 6.306045802869144 1.2021438271975238
62107.2692 lsst_hardware_z 59.74601215861261 59.93000030517578 30.959999084472656 AB 7.711993921536938 1.2402366410296037
62107.2857 lsst_hardware_i -22.24747278634414 63.04999923706055 31.309999465942383 AB 7.295985961552813 1.1724495346847956
62112.2396 lsst_hardware_i -17.580375284315746 50.54999923706055 31.270000457763672 AB 6.675752243343887 1.322716909717759
62112.2602 lsst_hardware_r 47.81317551048276 54.18000030517578 31.59000015258789 AB 7.850574694053006 1.2194909623001213
62114.2531 lsst_hardware_r 9.906424892322976 35.72999954223633 31.549999237060547 AB 11.319225545512653 1.2266506510809951
62114.2756 lsst_hardware_i 37.04439335569364 37.7599983215332 31.270000457763672 AB 10.533175054264756 1.1417147716190832
62118.2491 lsst_hardware_u -3.3126222239886194 2.5299999713897705 28.280000686645508 AB 9.267958138956303 1.1975395463279384
62118.2725 lsst_hardware_r -16.57537016704095 22.280000686645508 31.479999542236328 AB 8.94109677185391 1.1181961945790282
62126.2537 lsst_hardware_i 31.639518922500542 30.809999465942383 31.25 AB 5.169673780507092 1.1097888220913632
62126.2755 lsst_hardware_z -28.474638399768853 41.29999923706055 30.950000762939453 AB 4.8993614508680094 1.060410464989559
62129.2541 lsst_hardware_r -25.96539319792919 22.030000686645508 31.489999771118164 AB 6.864092961034863 1.0881280289098392
62129.2772 lsst_hardware_i 10.027863451406569 29.81999969482422 31.25 AB 6.578098671279056 1.0437284682711712
62133.255 lsst_hardware_z -90.57254665196204 46.380001068115234 30.959999084472656 AB 7.653427735666751 1.0630252885318883
62133.2772 lsst_hardware_g -2.282467757648152 29.200000762939453 31.65999984741211 AB 7.4065875313745 1.0290500217262244
62135.3182 lsst_hardware_r 110.07429044684994 55.52000045776367 31.649999618530273 AB 5.099873722107562 1.0062230296825179
62135.3301 lsst_hardware_y 74.85809277545798 49.150001525878906 30.059999465942383 AB 5.143569862072456 1.0101937535985184
62137.165 lsst_hardware_z 45.68301911847551 95.91000366210938 31.700000762939453 AB 9.476219041202901 1.3610994029460457
62137.1871 lsst_hardware_r -96.41058218291239 129.4199981689453 32.36000061035156 AB 8.68840941965768 1.241143721135473
62143.1716 lsst_hardware_g 14.593827476649233 20.6200008392334 31.489999771118164 AB 9.815324868890537 1.2370958767638505
62143.1937 lsst_hardware_i -42.19032234986879 36.880001068115234 31.260000228881836 AB 9.20710414483558 1.150588385712335
62145.3264 lsst_hardware_r -75.76590577318817 24.059999465942383 31.510000228881836 AB 7.691950520113903 1.0301719446581121
62145.3377 lsst_hardware_z -10.79161630773362 41.31999969482422 30.950000762939453 AB 7.6513897854417525 1.0457718561391027
62149.2122 lsst_hardware_z -50.46263392077817 41.13999938964844 30.950000762939453 AB 4.673336096168547 1.0613579839135197
62149.2297 lsst_hardware_u -1.7063273121593683 2.700000047683716 28.5 AB 4.552127697210915 1.0337521737733428
62153.1348 lsst_hardware_r 4.752643223124621 22.739999771118164 31.440000534057617 AB 1.9532731704619641 1.2835000572524131
62153.1526 lsst_hardware_u 2.0024994640834564 2.559999942779541 28.309999465942383 AB 1.812828157366314 1.201344040666875
62157.1359 lsst_hardware_z 8.575868180194366 43.150001525878906 30.93000030517578 AB 14.61405692982369 1.2257801111219517
62157.1545 lsst_hardware_r -3.935838153167726 22.149999618530273 31.459999084472656 AB 13.757423973495188 1.153855906524799
62159.1317 lsst_hardware_y -45.92256091915808 48.84000015258789 29.989999771118164 AB 9.523045285208749 1.2202774583814389
62159.1499 lsst_hardware_g 2.3752361788814715 19.31999969482422 31.520000457763672 AB 8.852535522465722 1.150975408138908
62161.1323 lsst_hardware_r 34.94173756071537 42.119998931884766 31.579999923706055 AB 9.347121992645658 1.1951567811587425
62161.1506 lsst_hardware_i -8.940570187403186 39.959999084472656 31.280000686645508 AB 8.852895763087266 1.131396627762838
62161.2495 lsst_hardware_g 0.8267925713601064 13.029999732971191 31.40999984741211 AB 8.680274216577514 1.0066809436265873
62161.2621 lsst_hardware_r 15.884457650576644 21.6200008392334 31.5 AB 9.423035318245635 1.0118242925949408
62164.1271 lsst_hardware_z -78.13533817492731 56.970001220703125 30.959999084472656 AB 14.026126685042113 1.1835395059524185
62164.1454 lsst_hardware_r 11.207679253818723 70.91999816894531 31.6299991607666 AB 13.2854961800298 1.1225282639579057
62166.1254 lsst_hardware_z -95.17432089480218 70.37000274658203 30.979999542236328 AB 14.054811819530935 1.169626082430902
62166.1443 lsst_hardware_r 51.80681470701607 101.06999969482422 31.639999389648438 AB 13.341204918731881 1.1103097949551115
62170.1331 lsst_hardware_r -79.75736990178363 57.52000045776367 31.6299991607666 AB 8.30586857932549 1.1110662819167496
62170.1535 lsst_hardware_z 12.954119527998037 52.15999984741211 30.979999542236328 AB 7.967751387674128 1.063950956447259
62172.1225 lsst_hardware_g 9.397802771597263 13.460000038146973 31.40999984741211 AB 6.977329078786015 1.1256177261969265
62172.1396 lsst_hardware_r -40.3562053711853 27.899999618530273 31.549999237060547 AB 6.866356207463718 1.0814862509787013
62174.2388 lsst_hardware_r 15.028987229670761 24.010000228881836 31.520000457763672 AB 6.003681043191497 1.0211499676592908
62174.2502 lsst_hardware_i 35.291596665867445 31.149999618530273 31.260000228881836 AB 4.558688092226642 1.0338919526510832
62178.1187 lsst_hardware_r 4.96413890075262 22.280000686645508 31.489999771118164 AB 1.8140570823491204 1.091983194792548
62178.1375 lsst_hardware_i 27.35469355384822 30.1299991607666 31.25 AB 2.1066307868523757 1.0533153934261879
62180.1149 lsst_hardware_z 82.08888207099604 41.6801806583969 30.950000762939453 AB 3.7110046887036776 1.0880318665113724
62180.1322 lsst_hardware_i 16.44082818526902 30.22558629176036 31.239999771118164 AB 3.805860730842795 1.0530396303922882
62182.1116 lsst_hardware_u 7.082421444478961 4.80267588282929 29.200000762939453 AB 1.6160954083387467 1.083052881719254
62182.1314 lsst_hardware_g 0.467504517915193 19.350127431467563 32.15999984741211 AB 3.104902996508704 1.0454218843463194
62186.1329 lsst_hardware_u 10.639599691964047 4.364489661878052 28.540000915527344 AB 3.1522730830934886 1.02858595271704
62186.1516 lsst_hardware_g 280.5081462252511 21.306729519941296 31.440000534057617 AB 3.0655130993351074 1.0121658923624612
62190.0292 lsst_hardware_y 310.67749830241394 54.21499304123202 29.959999084472656 AB 9.256066548553385 1.3081855061201872
62190.0481 lsst_hardware_z 703.9136989486932 54.20029168742761 30.940000534057617 AB 8.580538615199863 1.2158042671200655
62192.0271 lsst_hardware_y 444.87263932162574 55.56375309910698 29.969999313354492 AB 12.322418306764341 1.2899003775530558
62192.0473 lsst_hardware_i 1663.9087593785923 64.06285036199267 31.290000915527344 AB 10.648579203724823 1.1965816129290934
62194.0261 lsst_hardware_y 409.28715364622974 59.956400704053 29.989999771118164 AB 10.01671838974892 1.2669367133279266
62194.0462 lsst_hardware_r 3448.022912879505 105.3662135333734 31.6299991607666 AB 9.180003466734682 1.1797215789673818
62202.0182 lsst_hardware_y 550.4838684509227 54.1131959147113 29.989999771118164 AB 7.753896150584698 1.2038342106170932
62202.0388 lsst_hardware_r 4679.054121698935 71.7213850371579 31.459999084472656 AB 7.27317061016849 1.1309548453068576
62204.0163 lsst_hardware_y 693.653959057776 53.4913641927261 30.0 AB 12.83250689214126 1.1896270410810477
62204.0374 lsst_hardware_z 2113.881446410818 60.87511747284295 30.940000534057617 AB 12.08868881039566 1.1190380977432524
62206.0144 lsst_hardware_y 585.5838975118345 54.12585539294959 30.0 AB 9.513310838509687 1.1761284313660703
62206.0347 lsst_hardware_u 36.216421104636346 5.65765944864557 28.40999984741211 AB 8.993435670321473 1.1113525975600054
62206.1393 lsst_hardware_z 2046.2018608016153 60.862754688831174 30.950000762939453 AB 7.713833114906556 1.0118714186585176
62206.1511 lsst_hardware_r 5092.146183093074 73.93284574168412 31.5 AB 7.673377417871168 1.0208484369673676
62208.014 lsst_hardware_y 1206.8018607414444 75.30067334182624 30.75 AB 10.636707765641992 1.1581045519003956
62208.0372 lsst_hardware_r 9522.848222656336 102.50805717821517 32.220001220703125 AB 9.945288256855122 1.0909905757588578
62208.1484 lsst_hardware_u 23.578060059920958 5.243283470098745 28.479999542236328 AB 14.329603804803053 1.0235431289145038
62208.1615 lsst_hardware_g 2677.0678898171564 53.61721728962438 31.40999984741211 AB 14.553299079004567 1.0395213627860405
62211.0191 lsst_hardware_z 4183.383545390646 88.27334058370276 31.700000762939453 AB 9.123756042191662 1.1167388056538141
62213.005 lsst_hardware_y 569.958855764516 54.66126639384201 30.020000457763672 AB 8.910592123244305 1.1426765995440247
62213.0218 lsst_hardware_g 2125.0554843122004 47.96273804932248 31.40999984741211 AB 8.443736412371722 1.095237876953333
62216.0034 lsst_hardware_y 496.65917653381405 54.78784003103923 30.030000686645508 AB 4.1028434625062085 1.1225801803564641
62216.0219 lsst_hardware_i 3024.9390960129344 63.67238044636334 31.260000228881836 AB 3.9702669549046665 1.0761475302416124
62218.0007 lsst_hardware_y 480.5952311147463 54.00198794191624 30.030000686645508 AB 6.851970470062039 1.1147457380795074
62218.0184 lsst_hardware_i 2906.9758902256626 63.719496694861036 31.270000457763672 AB 6.552522484162169 1.0720165486440805
62219.998 lsst_hardware_y 486.4402703682845 56.742400338211304 30.030000686645508 AB 9.93970906627207 1.1072417362450657
62220.0147 lsst_hardware_z 1680.369749822414 61.82960059249254 30.959999084472656 AB 8.793161233629414 1.068427853417912
62224.005 lsst_hardware_z 2941.1547724359966 110.62323073393893 31.739999771118164 AB 6.929023769578762 1.0660036568582711
62226.0571 lsst_hardware_i 2227.3743249490576 82.50822697342747 31.34000015258789 AB 4.817891648205232 1.0063656421950389
62226.0699 lsst_hardware_z 1308.8865007291781 70.96596818912373 30.989999771118164 AB 4.818916001611646 1.0062643259494972
62227.9925 lsst_hardware_y 298.35089882522965 51.40021347334322 30.049999237060547 AB 8.442667573428006 1.0691432131820677
62228.0121 lsst_hardware_z 1376.3347400202647 53.75015221214522 30.950000762939453 AB 8.086333042720565 1.0362665155131283
62231.987 lsst_hardware_y 370.9598402745192 53.27590560256648 30.049999237060547 AB 8.783204903973395 1.0587276885213537
62232.0056 lsst_hardware_r 1672.7527782708305 45.93080536128142 31.5 AB 8.347865409963244 1.0306006678966968
62233.9849 lsst_hardware_y 404.56557989111894 53.321186722518775 30.049999237060547 AB 9.231661850319398 1.0527910877056952
62234.0025 lsst_hardware_r 1472.7507099710508 43.33173543601048 31.479999542236328 AB 7.90912112671348 1.0278260073701728
62234.0437 lsst_hardware_u -3.9926865623018277 3.2781390304456255 28.40999984741211 AB 7.584461907885935 1.005785643658201
62234.0572 lsst_hardware_g 401.6120020054002 24.31597879101968 31.389999389648438 AB 7.573240654915651 1.0090030627857598
62237.9816 lsst_hardware_y 218.39921768585327 53.73267697277393 30.049999237060547 AB 5.627836350574507 1.0407464356124838
62238.0 lsst_hardware_i 1420.728086843535 48.53781329861056 31.260000228881836 AB 4.994640744422054 1.019314437637154
62258.9982 lsst_hardware_r 446.2515790948536 29.61188092983124 31.489999771118164 AB 13.373220957056079 1.0141984648154163
62259.0095 lsst_hardware_u -13.034731790224209 4.030107001854378 28.360000610351562 AB 14.020816366715879 1.023915508766998
62461.2636 lsst_hardware_r -86.59092459814026 84.2699966430664 31.559999465942383 AB 4.694683130039703 1.4594869834320319
62461.2803 lsst_hardware_z 52.33751125778421 60.5 30.950000762939453 AB 4.5882850190434885 1.344486721735736
62473.2714 lsst_hardware_z -82.62728061340039 43.400001525878906 30.93000030517578 AB 7.5927941491659015 1.221267441272089
62473.2906 lsst_hardware_u -3.436462982593612 2.630000114440918 28.3700008392334 AB 7.141752220359872 1.1484240379289083
62475.2088 lsst_hardware_z 46.25974107209485 48.459999084472656 30.8799991607666 AB 4.287357343793754 1.6057518141547773
62475.2303 lsst_hardware_r 8.482750029984103 23.68000030517578 31.40999984741211 AB 3.7276858706048515 1.4226451180631052
62481.2529 lsst_hardware_g 22.55560946292586 13.460000038146973 31.360000610351562 AB 11.479584306213171 1.20710665680475
62481.2744 lsst_hardware_r -17.574349972383565 22.389999389648438 31.469999313354492 AB 10.903850808205013 1.1306357121737463
62483.2542 lsst_hardware_i -48.748511061116474 31.219999313354492 31.229999542236328 AB 12.339120134886086 1.180438164630902
62483.2758 lsst_hardware_r 11.577703965078504 22.309999465942383 31.479999542236328 AB 11.752303238504801 1.1109612174225836
62489.2579 lsst_hardware_z 113.93962959224987 54.849998474121094 30.969999313354492 AB 4.852536437359602 1.1151410863748012
62489.2791 lsst_hardware_r 91.33704123635562 67.91999816894531 31.639999389648438 AB 4.661087771781637 1.0652697455792406
62491.2683 lsst_hardware_z 153.5420726835954 84.30000305175781 31.729999542236328 AB 5.803000222870749 1.0761908118945123
62493.2577 lsst_hardware_r 32.82493724873716 78.72000122070312 31.639999389648438 AB 7.2876790467927615 1.0877132905660838
62493.28 lsst_hardware_z 29.94411866832778 58.060001373291016 30.979999542236328 AB 6.9993967360834155 1.04468608001245
62497.2555 lsst_hardware_g -54.850465505588296 43.45000076293945 31.68000030517578 AB 6.7255709781958615 1.068752588735355
62497.2783 lsst_hardware_r 20.143123641951046 45.810001373291016 31.6299991607666 AB 6.495995206687777 1.0318610428254953
62497.3406 lsst_hardware_z -82.63342769447421 68.0999984741211 31.729999542236328 AB 6.540075510739771 1.0110522155660828
62501.2596 lsst_hardware_r -36.33210280104226 21.84000015258789 31.479999542236328 AB 5.852167666371068 1.0425012543451573
62501.2805 lsst_hardware_u 1.6957588393619407 2.640000104904175 28.43000030517578 AB 5.709020034972148 1.0181799869163377
62503.1481 lsst_hardware_i 79.70089972406457 33.5099983215332 31.18000030517578 AB 6.778446372570744 1.466006244405676
62503.1709 lsst_hardware_z 11.605497598126169 44.810001373291016 30.920000076293945 AB 6.265910876058702 1.3136081501171284
62505.1518 lsst_hardware_r 7.899718291980997 23.350000381469727 31.40999984741211 AB 3.464620092638261 1.3986691711239405
62505.1734 lsst_hardware_u -0.5498426078335811 2.4600000381469727 28.190000534057617 AB 3.191710997223034 1.271091595867397
62510.2181 lsst_hardware_i -1.0211212179125764 30.049999237060547 31.25 AB 7.476696602467205 1.0726583124661517
62510.2361 lsst_hardware_z 80.61474859693931 40.630001068115234 30.950000762939453 AB 7.19094320869848 1.0409211028405847
62514.2107 lsst_hardware_g -0.9009476764409647 13.050000190734863 31.389999389648438 AB 4.703370306074214 1.0655573869674249
62514.2297 lsst_hardware_i 42.015718587479775 29.709999084472656 31.25 AB 4.5561229525015134 1.0346594646307512
62514.2731 lsst_hardware_z 3.753422703761202 40.15999984741211 30.950000762939453 AB 4.669316401395746 1.0057762846302092
62514.2864 lsst_hardware_i -13.970440825782758 29.420000076293945 31.25 AB 4.69967356005141 1.0076487049852938
62517.1398 lsst_hardware_z 37.26573862559983 73.91000366210938 31.700000762939453 AB 5.614690017751461 1.2753412873938583
62519.2179 lsst_hardware_y 123.59833070147113 73.27999877929688 30.799999237060547 AB 6.882581412892359 1.0322839835354962
62521.143 lsst_hardware_z 257.70890194349835 99.80999755859375 31.719999313354492 AB 8.88435420015369 1.2099903575285922
62527.1354 lsst_hardware_i 11.531289349627905 30.809999465942383 31.219999313354492 AB 15.46308845301716 1.1754980009135398
