data/validation/pwv_sim_epoch_fit_4/60235842.ecsv
# %ECSV 0.9
# ---
# datatype:
# - {name: time, datatype: float64}
# - {name: band, datatype: string}
# - {name: flux, datatype: float64}
# - {name: fluxerr, datatype: float64}
# - {name: zp, datatype: float64}
# - {name: zpsys, datatype: string}
# - {name: pwv, datatype: float64}
# - {name: airmass, datatype: float64}
# meta: {SNID: '60235842', alt: 1024.0, c: -0.04052499681711197, dec: -1.790785, lat: -30.244573, lon: -70.7499537, ra: 205.488281, t0: 60795.3671875,
#   x0: 8.095973718532651e-06, x1: -0.5122858285903931, z: 0.5025626420974731}
# schema: astropy-2.0
time band flux fluxerr zp zpsys pwv airmass
60713.37 lsst_hardware_u 0.5551304081860605 3.1500000953674316 28.489999771118164 AB 5.474234790728531 1.1414167620368172
60713.388 lsst_hardware_y 13.548910776999419 79.44999694824219 30.040000915527344 AB 5.006691654835527 1.1361415226267686
60714.3202 lsst_hardware_r -21.4064415170345 25.1200008392334 31.479999542236328 AB 10.056242341720958 1.228743591290617
60714.3394 lsst_hardware_y -95.05681351351082 49.189998626708984 30.0 AB 9.713166582965496 1.1791162444420744
60718.3672 lsst_hardware_r 101.67146932368 86.0199966430664 31.639999389648438 AB 7.038407062574443 1.1365101021434592
60718.3852 lsst_hardware_y 51.18750963563594 60.40999984741211 30.030000686645508 AB 5.886851404765264 1.1399053904534817
60720.3678 lsst_hardware_z 8.103512692913469 73.68000030517578 30.979999542236328 AB 2.7495211686943013 1.1360484118146064
60720.3847 lsst_hardware_y 138.6094078344083 63.119998931884766 30.030000686645508 AB 2.9596501854247816 1.1433842709773157
60722.3201 lsst_hardware_z 59.097621400697925 77.98999786376953 30.979999542236328 AB 5.810154400842241 1.1740848176294438
60722.3364 lsst_hardware_y -26.12875228669948 60.939998626708984 30.020000457763672 AB 4.243395912594565 1.1495564148260515
60724.3419 lsst_hardware_z 3.7004808898738952 66.70999908447266 30.979999542236328 AB 6.014308270886825 1.140153226708403
60724.3603 lsst_hardware_r 83.54763032853174 82.80000305175781 31.6299991607666 AB 5.870519642155831 1.1365045689420161
60727.3413 lsst_hardware_i -52.54767620889647 36.939998626708984 31.270000457763672 AB 6.538642175712139 1.1368256463133246
60727.3583 lsst_hardware_r -37.79896249177993 33.86000061035156 31.56999969482422 AB 6.5761864991305705 1.1386514391395548
60729.3383 lsst_hardware_u 3.693756097221725 3.359999895095825 28.59000015258789 AB 11.14385216896552 1.1362968069913688
60729.3557 lsst_hardware_g -35.463749225605525 17.690000534057617 31.489999771118164 AB 11.205331893414275 1.1402210053674386
60731.3412 lsst_hardware_r -25.325373404067577 24.43000030517578 31.489999771118164 AB 9.773933847374312 1.1365039357411992
60731.3587 lsst_hardware_i -10.456983084262962 32.400001525878906 31.239999771118164 AB 9.864503741610879 1.1470353187919626
60733.3371 lsst_hardware_z 37.85698966719273 42.75 30.940000534057617 AB 5.911514285604909 1.1368296703086362
60733.3545 lsst_hardware_r 11.331393457346048 24.309999465942383 31.489999771118164 AB 5.971322556053532 1.1483312607795253
60736.3087 lsst_hardware_i -12.090152144889073 32.22999954223633 31.239999771118164 AB 3.8788526911345187 1.1404197548355806
60736.3271 lsst_hardware_u 3.800557243559159 2.75 28.399999618530273 AB 3.9078388551835137 1.1364126078323131
60740.3092 lsst_hardware_i -5.362535013451664 32.150001525878906 31.25 AB 8.09573340204618 1.1361635537220096
60740.3276 lsst_hardware_r -20.522160868946536 24.350000381469727 31.489999771118164 AB 8.153638551882077 1.1414865675321526
60742.3026 lsst_hardware_u 4.109659183094402 2.630000114440918 28.299999237060547 AB 10.920102224851433 1.1363269744902942
60742.3234 lsst_hardware_g 9.324325022403851 15.09000015258789 31.40999984741211 AB 10.94138209134435 1.1424048124609083
60749.1582 lsst_hardware_z 236.69995138945097 156.47999572753906 31.670000076293945 AB 16.281424679435748 1.639289637478428
60749.1862 lsst_hardware_r -273.19301551352896 217.61000061035156 32.31999969482422 AB 14.36042952608403 1.4066211273611
60751.2857 lsst_hardware_i -48.82723834907338 100.31999969482422 31.31999969482422 AB 8.97699712772601 1.1363287503450645
60751.3096 lsst_hardware_z 0.6250523017034977 86.66000366210938 30.979999542236328 AB 9.31991311424177 1.1532405016694636
60753.2723 lsst_hardware_z -95.56395684106509 60.630001068115234 30.979999542236328 AB 6.385653477168199 1.1363720744753203
60753.2913 lsst_hardware_r 135.54162702901138 74.91999816894531 31.6299991607666 AB 6.4592018530356885 1.1409329698014052
60755.2713 lsst_hardware_i -1.468566787785002 42.79999923706055 31.290000915527344 AB 5.157458441800424 1.136004062070578
60755.2904 lsst_hardware_r 5.497925481145818 44.279998779296875 31.600000381469727 AB 5.1556713266622465 1.1444331468728628
60759.2487 lsst_hardware_r -19.556493258994102 24.6299991607666 31.5 AB 8.080514767663718 1.138835835480256
60759.2659 lsst_hardware_i 16.005043093581083 32.560001373291016 31.25 AB 7.3743032419194865 1.136767151429534
60761.2451 lsst_hardware_z -26.189791960558512 43.34000015258789 30.940000534057617 AB 7.169262820030458 1.13797822540166
60761.2633 lsst_hardware_r 4.338982793551621 24.68000030517578 31.5 AB 7.870474727625194 1.1376943532072796
60766.247 lsst_hardware_r 3.5805925185825878 24.724936985484234 31.5 AB 4.827709259232632 1.1368232164598313
60766.2648 lsst_hardware_z -15.254770417198168 43.32854232161584 30.940000534057617 AB 5.378443005981565 1.1487490401498177
60768.2417 lsst_hardware_r 39.04120859949736 25.0122639710116 31.510000228881836 AB 8.10188225108133 1.1368669404449927
60768.2607 lsst_hardware_u -0.618699324028084 2.936039257462596 28.43000030517578 AB 6.853232555658658 1.1502572265288264
60770.2434 lsst_hardware_g -25.341539335225395 15.967568586162107 31.43000030517578 AB 8.079898197473353 1.1399941020749689
60770.2617 lsst_hardware_r 3.4170755746684294 25.06065775511188 31.489999771118164 AB 7.870880724573407 1.1586183598488824
60772.2415 lsst_hardware_i 43.12981431193735 38.97147673881637 31.260000228881836 AB 9.836590633745217 1.1424058805220674
60772.2577 lsst_hardware_z 5.006981684107601 44.06423243135577 30.940000534057617 AB 9.28630063413673 1.1607875792670912
60774.2404 lsst_hardware_r 274.69720196592266 73.55361903869547 31.6200008392334 AB 8.450918082413258 1.1461462137088505
60774.259 lsst_hardware_z 112.86704384554439 60.55374651147018 30.959999084472656 AB 6.117774259193078 1.1722119676553129
60777.2182 lsst_hardware_z 482.6461946853043 111.39701118912258 30.989999771118164 AB 7.768899889582903 1.1371895422663434
60777.2345 lsst_hardware_i 465.57792082667004 134.29711863548982 31.31999969482422 AB 7.790406450479767 1.1484628673925508
60783.192 lsst_hardware_g 821.4829606918971 61.51851577109483 31.68000030517578 AB 14.65616101390654 1.1361365127059333
60783.2093 lsst_hardware_r 1907.1456072651433 69.57488009121731 31.6200008392334 AB 13.559153441337871 1.1408707205635606
60785.1902 lsst_hardware_i 1437.4289458153369 53.331758050331054 31.270000457763672 AB 3.746912018310576 1.1360303246602217
60785.2111 lsst_hardware_z 992.6994656115946 55.900252717262426 30.950000762939453 AB 3.0996814758846933 1.1468620759910286
60791.1836 lsst_hardware_r 2865.089667013547 58.62362898520182 31.5 AB 7.289420366949464 1.1386605798335554
60791.2011 lsst_hardware_u 7.08324918798677 3.318337673846991 28.440000534057617 AB 7.388941715347143 1.1541464443106504
60793.1845 lsst_hardware_g 1059.805660458874 35.99668918017293 31.420000076293945 AB 2.5481441439059145 1.1426655353838182
60793.2019 lsst_hardware_i 2002.6039784305005 55.18597704382596 31.229999542236328 AB 2.655552656686187 1.1631855701647775
60799.1489 lsst_hardware_r 2733.9742388015707 58.91674864528169 31.520000457763672 AB 11.4433595748902 1.1360804396277253
60799.1672 lsst_hardware_y 596.0295385710164 52.967388374130415 30.010000228881836 AB 10.59238875031032 1.1419749609520047
60801.1488 lsst_hardware_z 1579.4032730377041 63.359351248890135 30.959999084472656 AB 4.016321082814702 1.1362658665073657
60801.1662 lsst_hardware_r 2796.568128557272 70.48687286820874 31.600000381469727 AB 3.968776620863698 1.1456931716029823
60803.1502 lsst_hardware_i 1814.383194568485 84.28703730790295 31.309999465942383 AB 11.213431165349032 1.138361622795699
60803.1695 lsst_hardware_z 1724.81650541003 77.51210249182097 30.969999313354492 AB 10.195840006448236 1.1556851936126007
60805.1463 lsst_hardware_r 2449.4333779089525 144.1788622361861 31.639999389648438 AB 8.030878610368271 1.1391317177827336
60805.1635 lsst_hardware_z 1277.420407456305 102.82077462273574 30.989999771118164 AB 8.131922544491342 1.1549659194448587
60807.1218 lsst_hardware_z 1406.1670273169577 102.12000902712258 30.989999771118164 AB 13.827948938529534 1.1371356820149638
60807.1421 lsst_hardware_i 1938.665417113757 122.80130692487401 31.329999923706055 AB 14.826100761790187 1.1398336129305273
60811.1289 lsst_hardware_y 784.5158982689061 76.97842682608504 30.770000457763672 AB 7.459091343499361 1.138618736605001
60813.1224 lsst_hardware_r 1240.8861598020421 53.0501944966466 31.579999923706055 AB 9.655235021345893 1.1381416528109107
60813.1438 lsst_hardware_i 1425.2003053562846 56.020570064948586 31.280000686645508 AB 9.307295296466958 1.1579118308617762
60816.083 lsst_hardware_i 1189.0235724042313 46.88298333755786 31.239999771118164 AB 8.052740459975322 1.1461888020081925
60816.1031 lsst_hardware_z 806.1736286803947 51.54567473917989 30.940000534057617 AB 8.070046085617129 1.1360395221647082
60822.0787 lsst_hardware_r 651.2845719797533 34.511504780677846 31.5 AB 6.577839582818699 1.1379196879470597
60822.0999 lsst_hardware_u 4.844903026593608 3.55729257199567 28.3799991607666 AB 7.01067216735824 1.1391440449588213
60825.0793 lsst_hardware_g 83.84656463687506 18.040651329647122 31.43000030517578 AB 12.369450344123004 1.136010501365937
60825.0992 lsst_hardware_i 686.0644303382297 41.75766059190389 31.239999771118164 AB 13.813525558767866 1.1443721553691018
60831.0408 lsst_hardware_r 344.11848428401237 72.32894582056366 31.6200008392334 AB 11.682647738369182 1.147419977577592
60831.0617 lsst_hardware_y 139.00728052997397 56.1187058745936 30.020000457763672 AB 10.82202914771166 1.1360716452851074
60845.0071 lsst_hardware_z 489.87446253945933 47.53864421589305 30.950000762939453 AB 4.516375231341315 1.1432896543771789
60845.0318 lsst_hardware_r 160.42674448972795 28.429416381537905 31.510000228881836 AB 4.505825428490142 1.1369733607090946
60852.9961 lsst_hardware_r 99.85302981326767 28.006533243943874 31.510000228881836 AB 8.650483306504842 1.1371740905093477
60853.0162 lsst_hardware_u 7.558577322768564 3.91461597857169 28.469999313354492 AB 9.32648744547241 1.1396697556635191
60861.9651 lsst_hardware_y -17.539242627306812 56.983544014116426 30.030000686645508 AB 7.454376463646812 1.1401615881992677
60861.9848 lsst_hardware_i 185.23261588372827 67.67203788886935 31.309999465942383 AB 7.435146021796961 1.136814538779414
60863.9608 lsst_hardware_y 46.07779845495099 63.18211203556234 30.030000686645508 AB 1.6001226244651197 1.1394855791098883
60863.979 lsst_hardware_r 25.870278486214424 78.59232279669155 31.6299991607666 AB 1.6117842651085537 1.136727075010399
60865.9613 lsst_hardware_y 138.03486015475974 61.33328278954978 30.030000686645508 AB 9.0456809018137 1.1369634114898626
60865.9792 lsst_hardware_z 157.241030378829 62.645901643404216 30.969999313354492 AB 9.164443959312289 1.138864665007075
60868.9619 lsst_hardware_y 141.368734156647 56.31552494598764 30.020000457763672 AB 6.697825245627847 1.1361232464595465
60868.9811 lsst_hardware_z 274.5185721645277 46.03108233756907 30.940000534057617 AB 6.760110326969547 1.14625092090877
61078.3678 lsst_hardware_i 19.680298987337192 69.0199966430664 31.309999465942383 AB 5.397899861540071 1.1435622819850795
61078.3867 lsst_hardware_y 102.79888572027349 80.9000015258789 30.040000915527344 AB 5.027564563373162 1.1359588544620212
61080.32 lsst_hardware_r -34.31835281391008 47.11000061035156 31.579999923706055 AB 6.609039876477041 1.2229903546404592
61080.3384 lsst_hardware_y 90.69042667045706 50.650001525878906 30.010000228881836 AB 7.793389346736292 1.1769676457145863
61082.3636 lsst_hardware_r 39.533707115454924 28.809999465942383 31.530000686645508 AB 5.118502019877128 1.1390268750769785
61082.3815 lsst_hardware_y -1.891899234627216 53.13999938964844 30.020000457763672 AB 4.331428960229848 1.136783402724191
61084.3751 lsst_hardware_z 12.707824986516721 64.41999816894531 31.700000762939453 AB 5.621361977512501 1.1365471042281645
61088.3695 lsst_hardware_i -46.2616118640199 32.369998931884766 31.239999771118164 AB 4.552441338920908 1.138394933463626
61088.387 lsst_hardware_y -54.60494569113129 53.540000915527344 30.020000457763672 AB 3.8065990209602516 1.15351485483644
61090.3411 lsst_hardware_z 86.17551444845225 43.380001068115234 30.950000762939453 AB 3.637937893087166 1.1393776514953933
61090.3586 lsst_hardware_i 36.62226571538105 32.470001220703125 31.25 AB 3.6269109646826174 1.1365173410678002
61094.3456 lsst_hardware_r 3.771330318800335 24.3799991607666 31.489999771118164 AB 11.189712331916594 1.136145973152481
61094.3636 lsst_hardware_i -3.2116554759438287 32.41999816894531 31.239999771118164 AB 11.233188563862482 1.1457565895992332
61097.21 lsst_hardware_g -5.869598801689334 19.030000686645508 31.31999969482422 AB 8.75532785364532 1.5914919753354313
61097.2236 lsst_hardware_r -19.176027171562392 25.229999542236328 31.40999984741211 AB 8.116989012507588 1.4743418422500387
61099.3522 lsst_hardware_i 20.76382027713812 32.189998626708984 31.25 AB 5.501743971538297 1.1479903957304742
61099.3724 lsst_hardware_z 84.40244350124131 43.43000030517578 30.940000534057617 AB 5.622242928456869 1.1789762366357786
61103.3181 lsst_hardware_z 44.4729611179158 119.04000091552734 31.729999542236328 AB 8.304613641586855 1.13594551059561
61105.3124 lsst_hardware_r -154.28240540247228 121.69000244140625 31.639999389648438 AB 8.139904479547269 1.1359459204615385
61105.3308 lsst_hardware_i -48.02154088772333 100.08000183105469 31.31999969482422 AB 8.218490587591743 1.1433228654528909
61109.3039 lsst_hardware_z -74.73931235794197 49.369998931884766 30.959999084472656 AB 9.75795689265179 1.1360552110352133
61109.3236 lsst_hardware_r -1.489709893133928 46.41999816894531 31.600000381469727 AB 9.963412032819223 1.1466695860075065
61111.3078 lsst_hardware_i 10.073337936997435 34.77000045776367 31.260000228881836 AB 8.478725606657878 1.1389247910078657
61111.3263 lsst_hardware_z 25.604576048003175 44.540000915527344 30.940000534057617 AB 8.715982148291912 1.1562725057431802
61113.307 lsst_hardware_i -32.54017178169349 32.65999984741211 31.239999771118164 AB 12.05222068415597 1.1418133661487946
61113.3261 lsst_hardware_u 0.7303626614897691 3.059999942779541 28.459999084472656 AB 12.335222076018031 1.1641578050508505
61114.3093 lsst_hardware_g -2.7544543301298816 15.260000228881836 31.40999984741211 AB 9.512116980916199 1.146038190471831
61114.3276 lsst_hardware_r 33.64903100094024 24.6299991607666 31.469999313354492 AB 9.723433746723014 1.171498041773857
61116.2757 lsst_hardware_r -6.168141655362296 24.329999923706055 31.489999771118164 AB 8.982151302647358 1.1369811775502985
61116.2946 lsst_hardware_i -2.3363622987836523 32.099998474121094 31.239999771118164 AB 9.199289154849616 1.1391603188470827
61118.2755 lsst_hardware_z -95.26104309237208 43.06999969482422 30.940000534057617 AB 6.44451868544999 1.1359983580909345
61118.2949 lsst_hardware_u 0.10281045605900008 2.7200000286102295 28.3700008392334 AB 6.286455776451402 1.1429919593548004
61120.2739 lsst_hardware_g -20.528444098799625 15.199999809265137 31.420000076293945 AB 5.039546030786212 1.136056364018533
61120.2935 lsst_hardware_r -1.3760454853251087 24.450000762939453 31.479999542236328 AB 4.513593933304761 1.1466007705588113
61122.2676 lsst_hardware_i -41.044816027882796 32.34000015258789 31.25 AB 6.971176769362868 1.135987523524639
61122.2872 lsst_hardware_z -17.590928626461434 43.33000183105469 30.940000534057617 AB 6.996589352451439 1.145792240698418
61124.2526 lsst_hardware_i -19.397985325379302 32.02000045776367 31.229999542236328 AB 7.3987705199599345 1.1373974665580449
61124.2704 lsst_hardware_u -5.575575949951373 2.640000104904175 28.309999465942383 AB 7.4189524510378435 1.1380215954551212
61126.2479 lsst_hardware_g -11.122240092159345 15.34000015258789 31.43000030517578 AB 7.163959947979516 1.1371364996792883
61126.265 lsst_hardware_r -16.873117573983308 24.549999237060547 31.489999771118164 AB 7.858215562751262 1.138047148841602
61128.2471 lsst_hardware_i -37.49262069610954 50.75 31.299999237060547 AB 7.606289458611285 1.1361007891778532
