data/validation/pwv_sim_epoch_fit_4/60295437.ecsv
# %ECSV 0.9
# ---
# datatype:
# - {name: time, datatype: float64}
# - {name: band, datatype: string}
# - {name: flux, datatype: float64}
# - {name: fluxerr, datatype: float64}
# - {name: zp, datatype: float64}
# - {name: zpsys, datatype: string}
# - {name: pwv, datatype: float64}
# - {name: airmass, datatype: float64}
# meta: {SNID: '60295437', alt: 1024.0, c: -0.04412813484668732, dec: -44.399834, lat: -30.244573, lon: -70.7499537, ra: 209.444443, t0: 61205.265625,
#   x0: 3.734995449594543e-06, x1: 0.09175629913806915, z: 0.6910972595214844}
# schema: astropy-2.0
time band flux fluxerr zp zpsys pwv airmass
61083.3775 lsst_hardware_z 11.743497809884175 43.04999923706055 30.959999084472656 AB 5.364374204017482 1.0324045812196847
61083.388 lsst_hardware_y 47.55552474242088 62.29999923706055 30.06999969482422 AB 5.339155053890952 1.0321196701896396
61085.3709 lsst_hardware_u -0.3672765515904971 2.8299999237060547 28.489999771118164 AB 2.5156938510383724 1.0326090717448424
61085.3812 lsst_hardware_y 76.65973467360045 48.779998779296875 30.049999237060547 AB 2.6199820999098127 1.0319968881968578
61087.3725 lsst_hardware_i 7.33886984265036 30.520000457763672 31.260000228881836 AB 3.6164384891017045 1.0318922833655235
61087.3834 lsst_hardware_y -5.795764095111532 49.619998931884766 30.059999465942383 AB 3.3531710950046523 1.033334697998352
61089.3742 lsst_hardware_r 16.075255849914882 22.8799991607666 31.510000228881836 AB 5.338839558359883 1.0324911313508234
61089.3868 lsst_hardware_y -7.970222807008632 51.5099983215332 30.059999465942383 AB 4.719258991336818 1.0368010086970458
61091.3706 lsst_hardware_g -0.031165208359015713 14.029999732971191 31.450000762939453 AB 3.8516425971039068 1.032865788403023
61091.3844 lsst_hardware_y -31.405666393607724 48.630001068115234 30.049999237060547 AB 2.8039002176814307 1.0384815621042336
61093.359 lsst_hardware_r -24.72580666117209 22.600000381469727 31.5 AB 9.644054922570886 1.0319739891999558
61093.3703 lsst_hardware_i -72.30433848808649 30.34000015258789 31.260000228881836 AB 9.642732538278741 1.0343782389743614
61098.3556 lsst_hardware_u 2.191463798113657 2.6600000858306885 28.43000030517578 AB 5.37688124183976 1.034015623430723
61098.367 lsst_hardware_r -24.707315509938166 22.399999618530273 31.489999771118164 AB 5.40556421825929 1.0395315804344787
61100.3551 lsst_hardware_i -6.20911085430453 30.139999389648438 31.239999771118164 AB 4.359802646023514 1.0359927079659836
61100.3676 lsst_hardware_z 3.9350427263676653 40.900001525878906 30.950000762939453 AB 4.3930023795273945 1.043881753551064
61104.3591 lsst_hardware_y 69.01923854374844 55.36000061035156 30.049999237060547 AB 10.138082943143974 1.0458999924149976
61104.3717 lsst_hardware_r 14.157168920037217 93.58000183105469 31.649999618530273 AB 10.246480240582025 1.059049481378308
61106.3424 lsst_hardware_r -12.73301108006155 84.66000366210938 31.649999618530273 AB 8.925783323030874 1.0378817817477761
61106.3543 lsst_hardware_i -86.32776653878516 70.4000015258789 31.329999923706055 AB 8.999716321661358 1.0464786420536463
61108.3474 lsst_hardware_z 44.10328812110033 53.47999954223633 30.969999313354492 AB 7.1838031853772515 1.0452335644077513
61108.3591 lsst_hardware_r -93.63836048963978 58.810001373291016 31.6299991607666 AB 7.23840588337764 1.057035931079559
61110.3395 lsst_hardware_z -32.1632439889248 44.66999816894531 30.959999084472656 AB 7.0089262414632625 1.0432537198903593
61110.3514 lsst_hardware_r 59.805573521106695 37.38999938964844 31.59000015258789 AB 7.100145478359759 1.0544770512415687
61112.3473 lsst_hardware_i -87.54021022107317 31.639999389648438 31.25 AB 13.644766839418196 1.0560147697096225
61112.3595 lsst_hardware_z -8.278663860249658 41.880001068115234 30.940000534057617 AB 13.874601987605987 1.0722258104796227
61115.3369 lsst_hardware_r 3.5453475282286533 22.3799991607666 31.489999771118164 AB 7.916342568844686 1.0535457238281456
61115.3496 lsst_hardware_u -2.529349926317798 2.619999885559082 28.3799991607666 AB 8.064101265528238 1.0696867870042543
61117.3109 lsst_hardware_g 4.575956531686336 13.470000267028809 31.399999618530273 AB 6.4071350719226094 1.0370888753516687
61117.3245 lsst_hardware_r -27.244675472769412 22.229999542236328 31.479999542236328 AB 6.469923570853047 1.046687376647926
61121.2919 lsst_hardware_z -14.844291404999312 40.79999923706055 30.950000762939453 AB 5.990471860059859 1.0337311233925555
61121.3044 lsst_hardware_r -3.4087094121870365 22.40999984741211 31.5 AB 6.024836857474214 1.03966123511203
61123.2882 lsst_hardware_u -0.6844425453723613 2.559999942779541 28.350000381469727 AB 6.323123687577958 1.0343168518393606
61123.2992 lsst_hardware_r -3.513193146530128 22.219999313354492 31.479999542236328 AB 6.292701820414478 1.0398295489530947
61125.2861 lsst_hardware_z -71.40563581545129 40.83000183105469 30.950000762939453 AB 7.353193250839423 1.0356610212449893
61125.2984 lsst_hardware_i -1.4254495395500746 30.15999984741211 31.239999771118164 AB 6.664643467779242 1.0431434446359746
61127.2837 lsst_hardware_z -46.4778789716428 40.88999938964844 30.940000534057617 AB 7.904083231154042 1.0371451556428344
61127.2963 lsst_hardware_g 13.938520471779315 13.600000381469727 31.399999618530273 AB 7.718746655447705 1.0459006308194723
61129.2877 lsst_hardware_r 109.0351546800151 59.7599983215332 31.639999389648438 AB 6.9461400749351645 1.0433164469881497
61129.3009 lsst_hardware_i 8.181829596012234 50.27000045776367 31.309999465942383 AB 6.659088656302071 1.0560343585302416
61132.2299 lsst_hardware_r -55.97397351783574 117.05999755859375 31.65999984741211 AB 8.83705049919829 1.0371922105434177
61132.2419 lsst_hardware_i 28.33419958203314 90.04000091552734 31.34000015258789 AB 8.788811400890252 1.032762796814372
61134.2312 lsst_hardware_z 52.20801026924584 79.1500015258789 31.0 AB 5.688271487736444 1.0342311795884445
61134.2437 lsst_hardware_r -178.7413327823182 113.23999786376953 31.65999984741211 AB 5.675530507875197 1.0319146377954904
61138.2261 lsst_hardware_i -30.410440515027318 45.130001068115234 31.299999237060547 AB 9.595002240200474 1.0326459810080997
61138.2381 lsst_hardware_z 31.008608299445445 48.33000183105469 30.959999084472656 AB 9.496955893529583 1.0321656225985851
61147.2168 lsst_hardware_g 5.49200608257215 14.119999885559082 31.440000534057617 AB 13.716165969593288 1.0326882976655087
61147.2288 lsst_hardware_r 38.772016728608776 22.860000610351562 31.510000228881836 AB 13.815564680571496 1.0369969486017436
61151.2155 lsst_hardware_r -15.006624105254618 22.829999923706055 31.510000228881836 AB 8.27413423192216 1.0358421222178096
61151.2268 lsst_hardware_g 19.594904027823034 14.0600004196167 31.43000030517578 AB 8.30929679887998 1.0426807653096148
61153.2114 lsst_hardware_r 43.2089223974988 22.809999465942383 31.5 AB 4.758850622872422 1.03648554295174
61153.2233 lsst_hardware_i -3.9304388105870656 30.579999923706055 31.25 AB 4.625629345977493 1.0442190520859802
61155.2004 lsst_hardware_i -17.872144383717128 34.310001373291016 31.270000457763672 AB 13.115929631119409 1.0341754095106754
61155.2114 lsst_hardware_z 5.297912624280379 42.619998931884766 30.950000762939453 AB 13.202432204065154 1.039561590871272
61157.1866 lsst_hardware_r -6.158237655021432 54.5 31.639999389648438 AB 3.675552120782016 1.0322168371024432
61157.1991 lsst_hardware_z 11.350481312741417 49.63999938964844 30.969999313354492 AB 3.688438824258534 1.0358358504822285
61159.1972 lsst_hardware_y -88.85874348321373 54.599998474121094 30.059999465942383 AB 10.16072692722643 1.0376206141430129
61159.2089 lsst_hardware_r 55.78812869107128 89.19000244140625 31.649999618530273 AB 10.994314520519557 1.0458822793492937
61166.1882 lsst_hardware_r -88.77278509965852 60.779998779296875 31.649999618530273 AB 3.419142098414896 1.0445444292509867
61166.1998 lsst_hardware_i 101.52312860427341 52.349998474121094 31.31999969482422 AB 3.4399418246498366 1.055952673073758
61168.1365 lsst_hardware_g 3.636377822398415 25.790000915527344 31.6200008392334 AB 10.136711989264725 1.034939199475698
61168.1477 lsst_hardware_i 24.680062998035506 36.849998474121094 31.280000686645508 AB 10.162827677120234 1.0321259002813419
61170.1299 lsst_hardware_z -2.3332726865428612 41.060001373291016 30.950000762939453 AB 7.299211586375647 1.0354103556534613
61170.1414 lsst_hardware_r 41.428931458778 22.8799991607666 31.5 AB 7.185996793668753 1.0322236237015208
61175.0213 lsst_hardware_g -2.764404706719164 20.130197335268022 32.119998931884766 AB 7.150418762899906 1.213992998794551
61175.0292 lsst_hardware_r -48.61520441895621 33.26007102253782 32.220001220703125 AB 6.970457299866279 1.1863598502027535
61177.1344 lsst_hardware_z 9.53965484579287 41.23564169941039 30.950000762939453 AB 8.384715705010214 1.032600456282046
61177.147 lsst_hardware_r 3.3802335502093896 22.74123282710336 31.489999771118164 AB 8.140936688880327 1.0370619985834812
61182.1064 lsst_hardware_g 17.107862881371013 17.233657658803036 31.479999542236328 AB 4.861361840243562 1.0325747324221215
61182.1181 lsst_hardware_i 210.69341477224953 33.577516453214386 31.25 AB 4.844771584175132 1.0321933635768339
61185.1053 lsst_hardware_z 184.8650492734089 49.30518398760524 30.969999313354492 AB 5.936799977660569 1.0319186496121966
61185.1179 lsst_hardware_r 322.3529070590815 49.50445391115883 31.6299991607666 AB 5.928524020653795 1.0339847719296194
61187.1131 lsst_hardware_y 194.0676044954255 75.79962860726711 30.799999237060547 AB 6.309703276574619 1.0342080440214094
61196.0993 lsst_hardware_z 577.1282695203023 52.21359205461889 30.959999084472656 AB 9.375621386973188 1.0394738914739363
61196.1137 lsst_hardware_r 1191.4875087306202 56.51703063468426 31.6200008392334 AB 9.46220987859189 1.051405329349562
61198.0884 lsst_hardware_g 263.89960336609323 21.498689094090487 31.40999984741211 AB 4.428327316205597 1.0364317326116013
61198.1016 lsst_hardware_i 1123.3681104009445 44.908270305884386 31.25 AB 4.345228910784295 1.0451961780269072
61224.9992 lsst_hardware_g 32.992098971792345 15.39217183597173 31.40999984741211 AB 8.489469021852374 1.0320497240626938
61225.0118 lsst_hardware_r 401.27137557509286 30.699824797361963 31.489999771118164 AB 8.177640222125408 1.0351443319146085
61230.9932 lsst_hardware_i 477.9123189095832 36.996604687319554 31.260000228881836 AB 8.255769852892925 1.0342984030183668
61231.0062 lsst_hardware_z 473.9230455329914 46.12225470917389 30.950000762939453 AB 8.515937434179014 1.0411211778324911
61232.9935 lsst_hardware_i 339.4390960196722 36.22159707490995 31.25 AB 11.002346041444394 1.0367671736633481
61233.0061 lsst_hardware_u -1.4143998791339767 2.799502089087939 28.450000762939453 AB 10.228380158701327 1.0452588175056283
61234.9941 lsst_hardware_g 52.27816947545675 15.090873037683252 31.420000076293945 AB 8.94152697202919 1.0403172742325992
61235.0063 lsst_hardware_r 188.49115693940652 26.76028862969685 31.489999771118164 AB 7.295638482036838 1.0504879023811142
61236.9964 lsst_hardware_i 361.71505364990117 35.07718203666842 31.239999771118164 AB 4.381958929969933 1.0463130205277857
61237.0085 lsst_hardware_r 152.24567851717055 26.147670031681127 31.479999542236328 AB 4.647443588413543 1.0590050332490697
61451.3816 lsst_hardware_u -0.30893930441541523 4.349999904632568 28.829999923706055 AB 3.050381088504641 1.0322778641301933
61451.3924 lsst_hardware_y 153.6882534922547 72.12999725341797 30.06999969482422 AB 3.043240388717333 1.0352918485175755
61455.373 lsst_hardware_r -2.06112421682489 22.8799991607666 31.510000228881836 AB 3.2748524672128307 1.032669284103418
61455.3841 lsst_hardware_y -66.15570266369282 48.70000076293945 30.049999237060547 AB 2.259023152611595 1.0364868789225028
61457.3649 lsst_hardware_y -33.372377022851346 74.8499984741211 30.809999465942383 AB 5.9314929882181735 1.0322371961223942
61459.3574 lsst_hardware_r -181.95880713906487 83.0 31.65999984741211 AB 10.136748762274504 1.03202777007189
61459.3688 lsst_hardware_i 62.1785279293097 67.4800033569336 31.329999923706055 AB 10.157649245482173 1.0345945452721652
61461.3639 lsst_hardware_z 28.105513583275446 58.4900016784668 30.979999542236328 AB 8.89935649418803 1.0348088946730267
61461.3764 lsst_hardware_r -35.99633079601869 73.22000122070312 31.649999618530273 AB 8.438182592543127 1.0417509373510034
61463.3567 lsst_hardware_z 8.120111789812581 49.400001525878906 30.969999313354492 AB 5.377694346362814 1.0341719896851564
61463.3676 lsst_hardware_r -72.07742818306939 50.20000076293945 31.6299991607666 AB 5.405333579060727 1.0394872267424475
61465.3603 lsst_hardware_i 10.679999066271579 33.779998779296875 31.270000457763672 AB 4.32523870178879 1.0383687990690305
61465.3722 lsst_hardware_z -30.322874687743063 42.810001373291016 30.950000762939453 AB 4.483010849307656 1.0472285417888239
61467.35 lsst_hardware_r 4.4214440931573975 23.549999237060547 31.510000228881836 AB 6.21514429974998 1.0358573832916633
61467.3621 lsst_hardware_u -1.242867552098473 2.9700000286102295 28.489999771118164 AB 6.2059899506740965 1.0433157664344237
61469.3636 lsst_hardware_g -20.077173528743796 13.880000114440918 31.420000076293945 AB 10.177095028841881 1.0494104433607097
61469.3754 lsst_hardware_r -17.028451380319215 22.65999984741211 31.489999771118164 AB 10.379952414610242 1.0628663131896623
61471.3532 lsst_hardware_i 14.904771803438285 30.290000915527344 31.25 AB 8.986555095026535 1.0449482668635506
61471.3648 lsst_hardware_z -20.477896731883856 41.15999984741211 30.950000762939453 AB 9.086013641162666 1.0565132140886822
61473.3413 lsst_hardware_z -21.225092786662813 41.06999969482422 30.950000762939453 AB 7.143315607118282 1.040137204356397
61473.3534 lsst_hardware_r -35.743347132240395 22.350000381469727 31.479999542236328 AB 7.30681709376079 1.0501192273390871
61475.3473 lsst_hardware_u 0.9784845718779758 2.640000104904175 28.40999984741211 AB 7.032460815468228 1.049490483591806
61475.3605 lsst_hardware_r -9.13156837663178 22.459999084472656 31.489999771118164 AB 7.058572857543486 1.064842218750688
61478.3399 lsst_hardware_i 49.48874553001887 30.309999465942383 31.25 AB 10.945389470095638 1.050270063819569
61478.3514 lsst_hardware_z 23.076855797148085 41.189998626708984 30.950000762939453 AB 11.118395993007445 1.0636220656576052
61480.3381 lsst_hardware_r 31.55272534861816 22.440000534057617 31.489999771118164 AB 7.984076346967897 1.0541078452609802
61480.3509 lsst_hardware_u -1.8842259397121164 2.6500000953674316 28.40999984741211 AB 8.098673276685735 1.0705804258813336
61482.3118 lsst_hardware_g -1.9787065922459852 13.770000457763672 31.440000534057617 AB 6.356736980719326 1.03721369205689
61482.3245 lsst_hardware_r 10.231007746397037 22.459999084472656 31.5 AB 6.466215342077038 1.046087469059055
61486.2805 lsst_hardware_r 50.78317667454286 100.41999816894531 31.670000076293945 AB 5.447275159547599 1.031925201903405
61486.2935 lsst_hardware_i 140.9730238485957 78.06999969482422 31.34000015258789 AB 5.984859613154031 1.0340414570485266
61488.2985 lsst_hardware_z -98.7408049156125 75.97000122070312 31.0 AB 6.259783366069558 1.038968193538507
61488.3109 lsst_hardware_r -35.313851354544454 110.33000183105469 31.65999984741211 AB 6.3383881487814815 1.0486207542032395
61498.2324 lsst_hardware_u 0.8626554463642175 2.6700000762939453 28.440000534057617 AB 7.418303495302837 1.0351000795762035
61498.244 lsst_hardware_g 12.97342290994681 13.869999885559082 31.43000030517578 AB 7.377964301327648 1.0321357397023954
61502.2297 lsst_hardware_z 19.261977905710086 40.93000030517578 30.950000762939453 AB 8.965870826661837 1.0326370085415149
61502.2417 lsst_hardware_r 8.694337906737823 22.579999923706055 31.5 AB 8.853763223069032 1.0322078954321072
61504.2269 lsst_hardware_u 3.9296583736614847 2.7100000381469727 28.459999084472656 AB 7.69484687867519 1.0322187728503653
61504.2391 lsst_hardware_r -11.677001781094338 22.559999465942383 31.5 AB 7.685742245347628 1.0326597427464566
61510.219 lsst_hardware_r -46.5287448562455 28.6200008392334 31.559999465942383 AB 10.353162151428746 1.0321166535169721
61510.23 lsst_hardware_z 26.99433798431857 41.02000045776367 30.950000762939453 AB 10.44986174487972 1.0347763808634527
61512.2081 lsst_hardware_y 59.10448397135919 49.380001068115234 30.059999465942383 AB 14.087576243261035 1.031968665188155
61512.2202 lsst_hardware_r 6.954659134374579 54.459999084472656 31.639999389648438 AB 13.781437894022098 1.0333495046754884
61514.2114 lsst_hardware_i 0.7381562183423911 77.44000244140625 31.34000015258789 AB 9.265062608684156 1.0325874071644425
61514.2225 lsst_hardware_z 144.08537126961647 68.36000061035156 31.0 AB 9.325582094468682 1.0362525477222775
