data/validation/pwv_sim_epoch_fit_4/60455924.ecsv
# %ECSV 0.9
# ---
# datatype:
# - {name: time, datatype: float64}
# - {name: band, datatype: string}
# - {name: flux, datatype: float64}
# - {name: fluxerr, datatype: float64}
# - {name: zp, datatype: float64}
# - {name: zpsys, datatype: string}
# - {name: pwv, datatype: float64}
# - {name: airmass, datatype: float64}
# meta: {SNID: '60455924', alt: 1024.0, c: 0.05532708764076233, dec: -59.677784, lat: -30.244573, lon: -70.7499537, ra: 88.628052, t0: 60662.4140625,
#   x0: 9.536862989084887e-06, x1: 0.7228050827980042, z: 0.4694918096065521}
# schema: astropy-2.0
time band flux fluxerr zp zpsys pwv airmass
60593.3849 lsst_hardware_g -25.63967472103176 35.709999084472656 31.639999389648438 AB 5.262827753035093 1.1482533279349294
60604.3741 lsst_hardware_r -101.52773317132647 53.4900016784668 31.610000610351562 AB 3.6123754608512586 1.1507434438602364
60610.356 lsst_hardware_g -19.976242634648884 15.489999771118164 31.440000534057617 AB 3.868628488611866 1.1501794228070488
60610.3668 lsst_hardware_i 7.1370372244132545 39.58000183105469 31.270000457763672 AB 3.8754692071644854 1.154874232932872
60612.3508 lsst_hardware_z 71.16903901785219 42.61000061035156 30.950000762939453 AB 5.537744981431206 1.150262060811024
60612.3621 lsst_hardware_r -1.7342301255441221 25.149999618530273 31.520000457763672 AB 5.60516883997789 1.1553079024345658
60614.3531 lsst_hardware_r -22.188466137562152 22.56999969482422 31.479999542236328 AB 5.854613125215178 1.1534100162955905
60614.3653 lsst_hardware_u 0.16297552017819583 9.399999618530273 29.15999984741211 AB 5.892397759662127 1.1611970688904156
60616.358 lsst_hardware_g 23.039247291513835 16.850000381469727 31.469999313354492 AB 5.675574856713038 1.1597993678891578
60621.2206 lsst_hardware_z -6.387746883164305 43.97999954223633 30.93000030517578 AB 5.938839365240528 1.2499749602357884
60621.2331 lsst_hardware_r -25.286977560989765 22.389999389648438 31.459999084472656 AB 5.810750082411151 1.2230154170717855
60623.3599 lsst_hardware_g -28.79063051431372 27.940000534057617 31.59000015258789 AB 12.571778061153365 1.1806796066040544
60625.2829 lsst_hardware_z 19.188956727791734 42.06999969482422 30.940000534057617 AB 4.723421849526561 1.1520541096406247
60627.351 lsst_hardware_y 47.763284713774006 52.150001525878906 30.0 AB 6.8832727100073265 1.1832689528131912
60630.3418 lsst_hardware_i 143.13063149794024 60.97999954223633 31.299999237060547 AB 3.7648592845661035 1.181966653972562
60630.3545 lsst_hardware_z 28.610711156206843 64.6500015258789 30.959999084472656 AB 3.813436614990637 1.2003262873750433
60632.3405 lsst_hardware_r 5.971610972132974 59.63999938964844 31.600000381469727 AB 6.894824312557679 1.1875172843237793
60632.353 lsst_hardware_z 7.289257150692653 63.97999954223633 30.959999084472656 AB 7.00757209791532 1.2069361901307873
60634.3436 lsst_hardware_z 16.84278362425643 50.24303204392891 30.950000762939453 AB 4.435543768111475 1.2003636556162265
60634.3564 lsst_hardware_i 59.1479163146395 57.53568931591322 31.290000915527344 AB 4.460183080811166 1.223308579487429
60636.3296 lsst_hardware_r 12.351091675717162 34.58494937540681 31.540000915527344 AB 7.640396652668405 1.1875495088662762
60636.3417 lsst_hardware_z 33.125796433965974 47.07872822427113 30.93000030517578 AB 7.991055565577836 1.2062881071141727
60641.3196 lsst_hardware_r 467.6565131051302 30.64657117780201 31.459999084472656 AB 4.189796255681672 1.1927962579340956
60641.3313 lsst_hardware_u 0.05548368960723802 3.050566478994643 28.34000015258789 AB 4.25293036687518 1.2120063741450713
60645.3179 lsst_hardware_i 947.5704959497167 42.967062960517836 31.219999313354492 AB 7.8902329443990515 1.2076271023516991
60645.33 lsst_hardware_z 651.7631057255137 50.39856743595308 30.93000030517578 AB 8.00026385778694 1.230683600315868
60647.3124 lsst_hardware_z 896.118429406054 51.91523451658888 30.93000030517578 AB 4.2953952107267215 1.2075610291370074
60647.3244 lsst_hardware_r 1530.7741290379943 45.13802422982341 31.440000534057617 AB 4.335095004170944 1.230395933066493
60649.3125 lsst_hardware_u -2.047959480221522 2.773161344045338 28.309999465942383 AB 5.357576919369411 1.2176311180385024
60649.3245 lsst_hardware_g 652.0301451153422 28.684703715365018 31.329999923706055 AB 5.382132124630379 1.2424127711518913
60651.3103 lsst_hardware_r 2376.3482191043995 53.601668910338105 31.450000762939453 AB 6.797593721306171 1.2239462931859528
60651.3224 lsst_hardware_z 1277.231135869859 56.24686781606214 30.93000030517578 AB 6.901788588172445 1.250135291442556
60653.219 lsst_hardware_r 2804.4190097137 59.58493158375701 31.510000228881836 AB 10.760700242545822 1.148543093451414
60653.232 lsst_hardware_i 2054.990117709508 54.0540559243723 31.239999771118164 AB 10.785284863342508 1.148674190216825
60655.2157 lsst_hardware_z 3525.704375176882 87.57604041874673 31.700000762939453 AB 14.403125369880529 1.1482998780100877
60657.2146 lsst_hardware_z 1915.620171242676 67.47962243066183 30.959999084472656 AB 8.91093584539453 1.1481315310542919
60657.2265 lsst_hardware_r 3814.8913525032235 87.26270681235015 31.6200008392334 AB 8.951299343045994 1.1498752033030235
60659.2134 lsst_hardware_i 2521.9531438717695 79.79136934599009 31.299999237060547 AB 11.933748655797492 1.1483863062158435
60659.2273 lsst_hardware_z 2089.253419500922 72.54654936244422 30.959999084472656 AB 11.971728728832119 1.152099206985315
60661.2159 lsst_hardware_i 2726.3134756306113 75.20918787000237 31.299999237060547 AB 5.508749602490079 1.1499720831863938
60661.2297 lsst_hardware_z 2117.9939103346173 70.29199286990888 30.959999084472656 AB 5.450216378596201 1.1561765758583369
60664.2233 lsst_hardware_g 1227.0957365404693 56.31669997777307 31.649999618530273 AB 6.82813022494954 1.157310207618566
60664.236 lsst_hardware_r 3636.604495353901 74.97132745333573 31.59000015258789 AB 6.888336140675169 1.1675146001144354
60666.1983 lsst_hardware_r 3248.9247528641877 63.79251863533396 31.520000457763672 AB 6.583542141543272 1.1490103654685233
60666.2106 lsst_hardware_i 2516.4203494258677 60.319084602598885 31.25 AB 7.7596235572404195 1.1532043183711775
60667.2014 lsst_hardware_z 2041.7355432651702 61.33453742497667 30.940000534057617 AB 7.578388958002488 1.1505651252026805
60669.2018 lsst_hardware_g 685.2457534036573 28.957476973163892 31.34000015258789 AB 8.141523276989508 1.1529180944520696
60669.2143 lsst_hardware_r 2771.021567679747 57.92297137499996 31.459999084472656 AB 8.508210355019994 1.1606061641495955
60671.1998 lsst_hardware_i 2338.53867481503 56.29409432464591 31.239999771118164 AB 7.0502994908830035 1.154682597114727
60671.212 lsst_hardware_z 1890.8470086517964 59.82776943063224 30.940000534057617 AB 6.963321112372607 1.1631382704406577
60677.2051 lsst_hardware_i 1965.282096428259 53.20625507009458 31.229999542236328 AB 5.563967079439047 1.1721840757245185
60677.2179 lsst_hardware_r 2041.9883917207223 50.23970587116128 31.450000762939453 AB 6.492456374575108 1.1879341988122294
60679.1759 lsst_hardware_z 1293.5202979663306 55.669415363862704 30.940000534057617 AB 2.8997931512630086 1.1536108545006
60679.1896 lsst_hardware_u 0.8731564184156693 2.7807047973150345 28.309999465942383 AB 2.966008649929165 1.1626846922497707
60681.1811 lsst_hardware_g 264.8489265621512 20.995615981320316 31.350000381469727 AB 7.790771659329124 1.160290663389547
60681.1953 lsst_hardware_r 1587.119416069368 45.82058403827056 31.459999084472656 AB 8.044267403072126 1.1734034575263859
60683.1783 lsst_hardware_i 1560.2743002662721 52.967760829816875 31.25 AB 7.735632609360781 1.1623790547499229
60683.1906 lsst_hardware_z 1196.4559177907513 55.53892730889788 30.940000534057617 AB 8.0893948270918 1.1742480515447526
60687.1539 lsst_hardware_z 1022.4804815079841 62.826041986308596 30.959999084472656 AB 7.922527559463392 1.1535421606673546
60687.1672 lsst_hardware_r 1173.5811905966907 77.73733802421043 31.6200008392334 AB 7.3139718936700815 1.1622392966264232
60691.1647 lsst_hardware_z 1978.8838394869783 87.40934894664753 31.709999084472656 AB 5.045341623554749 1.1699342895199418
60698.0995 lsst_hardware_z 725.7713141077187 50.606514807143235 30.940000534057617 AB 9.432524481559401 1.148254075826888
60698.1126 lsst_hardware_i 858.2343854115704 42.0785300020246 31.229999542236328 AB 9.53321424189657 1.1494109286106304
60706.0912 lsst_hardware_g 40.719530818513995 14.826578125813898 31.360000610351562 AB 10.208459673043798 1.1495258013880991
60706.1037 lsst_hardware_r 299.16132766820317 28.59217460671229 31.469999313354492 AB 10.25200914018788 1.1544296985206917
60708.0901 lsst_hardware_i 600.8288880005958 39.2018988550616 31.239999771118164 AB 7.00854617565181 1.1508286002712331
60708.1035 lsst_hardware_z 549.2469262898519 49.43033723736678 30.940000534057617 AB 6.958991327914185 1.1575810359713337
60712.0671 lsst_hardware_z 594.1597969033548 50.489437740432045 30.950000762939453 AB 5.450960765723793 1.1482959270536621
60712.0799 lsst_hardware_g 97.31167152849653 32.51554491604636 31.6200008392334 AB 5.478804997823014 1.1510900618719253
60715.0671 lsst_hardware_r 264.1002269441125 56.88633117003505 31.610000610351562 AB 6.9062578222941085 1.149653805367515
60715.0798 lsst_hardware_i 454.4115510618248 52.09865856042176 31.290000915527344 AB 6.870516522897226 1.1548057018063909
60717.064 lsst_hardware_z 888.1746135787488 85.09837781748269 31.709999084472656 AB 1.1697909319221833 1.1503311630800932
60719.0691 lsst_hardware_g -9.064659488316337 86.95066650183333 31.68000030517578 AB 2.8786672161825497 1.1549316815175725
60719.0815 lsst_hardware_r 352.12806883932944 79.61459719895669 31.6200008392334 AB 2.889089334172273 1.1636650223229377
60723.0644 lsst_hardware_i 324.8767462954671 35.74319316320804 31.219999313354492 AB 1.3207158792304576 1.158861549485631
60723.0781 lsst_hardware_u 2.6170777599811066 4.6022614691390595 28.719999313354492 AB 1.4852098451303608 1.1707625396810306
60725.0593 lsst_hardware_g 74.49346681375339 20.06631453893192 32.119998931884766 AB 3.378928882093742 1.1591191385359272
60725.0707 lsst_hardware_r 249.53878989504256 26.29452212953009 31.469999313354492 AB 3.4066729949547403 1.1688036350485156
60728.0592 lsst_hardware_i 301.0009479163787 35.650979431532534 31.229999542236328 AB 6.438594483603534 1.1656729399119279
60728.0724 lsst_hardware_r 184.8206681920042 26.314042187369324 31.469999313354492 AB 6.363471944459186 1.1797862237699535
60730.0565 lsst_hardware_u -3.711610354880314 2.6477709692740987 28.399999618530273 AB 9.249495481099808 1.168271240784339
60730.0706 lsst_hardware_g 13.986747815118504 14.043004070534394 31.3700008392334 AB 9.386288752647944 1.1844769334417395
60732.054 lsst_hardware_r 187.6674425546699 25.759158440195204 31.459999084472656 AB 7.529278867382967 1.1712645373165103
60732.0652 lsst_hardware_i 331.0182814036343 35.24163106137057 31.229999542236328 AB 7.655808765563645 1.18455961094904
60972.3264 lsst_hardware_z -18.087355675664025 60.189998626708984 31.690000534057617 AB 3.7967323950129024 1.1551924122754764
60979.2836 lsst_hardware_u -0.19370551994906607 2.559999942779541 28.329999923706055 AB 4.466795708925216 1.17547255498032
60979.2981 lsst_hardware_g -12.28441102230641 12.779999732971191 31.34000015258789 AB 4.004135510074908 1.1614606265627
60982.3476 lsst_hardware_i -11.457763195762663 31.40999984741211 31.239999771118164 AB 5.6353078652018205 1.1544607754442406
60982.3596 lsst_hardware_z -41.214872719456174 48.849998474121094 30.950000762939453 AB 5.681262443928665 1.1626643472064147
60991.3532 lsst_hardware_r -16.88210137284358 32.119998931884766 31.540000915527344 AB 4.270743952269247 1.1817221782704057
60995.3431 lsst_hardware_i -39.197050072814974 32.13999938964844 31.229999542236328 AB 4.70342435346445 1.1827802812626402
60995.3556 lsst_hardware_z 7.103582656715266 59.060001373291016 30.959999084472656 AB 4.775979829340675 1.2010259634964398
60997.3425 lsst_hardware_r -28.42013836411713 22.8700008392334 31.450000762939453 AB 4.399942255948 1.1893878868123986
60997.3555 lsst_hardware_u 11.952994144171033 9.9399995803833 29.09000015258789 AB 4.460369588478481 1.2101387081560426
60999.3228 lsst_hardware_u 2.5107666981921817 2.5199999809265137 28.280000686645508 AB 5.6153673913365205 1.1717397352723806
60999.3349 lsst_hardware_g 3.643386099279704 13.1899995803833 31.34000015258789 AB 5.944391019693652 1.186406523681086
61004.3286 lsst_hardware_z 51.48600012052055 42.220001220703125 30.93000030517578 AB 8.245180978320207 1.1971659193902073
61004.3402 lsst_hardware_r -14.342379391723258 22.31999969482422 31.450000762939453 AB 6.793306761270571 1.2171113072239217
61006.3257 lsst_hardware_u 1.1276920508830766 2.609999895095825 28.34000015258789 AB 4.636831502227032 1.2012516845147752
61006.3377 lsst_hardware_r -20.893779429328003 22.709999084472656 31.459999084472656 AB 4.789132756912176 1.2228093340768993
61009.3152 lsst_hardware_i -11.795506411797865 30.940000534057617 31.219999313354492 AB 6.956943166205085 1.1975630530972303
61009.3276 lsst_hardware_z 46.18155253046623 43.20000076293945 30.93000030517578 AB 7.0939963279771145 1.2191091816423765
61011.3182 lsst_hardware_r -2.0052588119626615 22.190000534057617 31.450000762939453 AB 7.90983164871534 1.2118013964940262
61011.33 lsst_hardware_z 1.4814466630973226 43.63999938964844 30.93000030517578 AB 8.02858513560404 1.2350402731417984
61013.3214 lsst_hardware_y -25.92747618952714 74.2300033569336 30.739999771118164 AB 4.4716033259264965 1.2284624521776089
61015.3141 lsst_hardware_r -107.86494642076953 72.58000183105469 31.600000381469727 AB 5.362547121759582 1.2247452601940347
61015.3256 lsst_hardware_i 39.72064634603379 59.33000183105469 31.280000686645508 AB 5.405759931419372 1.249669983568022
61017.2163 lsst_hardware_r 83.25467439253075 52.290000915527344 31.600000381469727 AB 5.767451284030852 1.1498108620479026
61017.23 lsst_hardware_i 32.4820961902339 46.369998931884766 31.280000686645508 AB 5.630527260982322 1.148149930869152
61020.216 lsst_hardware_z 0.825049095028161 43.90999984741211 30.940000534057617 AB 10.9348123661891 1.1483332901098224
61020.2281 lsst_hardware_r 2.0572153249220064 30.229999542236328 31.530000686645508 AB 10.96918720262622 1.1488265324191163
61022.2108 lsst_hardware_u 4.0616009807629405 2.6500000953674316 28.40999984741211 AB 12.416398991793645 1.1483109284681512
61022.2235 lsst_hardware_g -11.675562404843966 13.09000015258789 31.3700008392334 AB 12.452192988833197 1.148991279246464
61026.2178 lsst_hardware_r -43.7112366129927 21.829999923706055 31.459999084472656 AB 9.655622900602806 1.1503462412854302
61026.23 lsst_hardware_u 6.037936232913717 2.569999933242798 28.350000381469727 AB 9.824058773152746 1.1559529463232758
61028.2207 lsst_hardware_g 2.9733224781218315 18.200000762939453 32.099998474121094 AB 5.935241501015492 1.1538183322348077
61028.2321 lsst_hardware_r -22.821187484557594 31.239999771118164 32.209999084472656 AB 5.965841348975916 1.1611778208313515
61030.2007 lsst_hardware_r 17.265245547912606 21.969999313354492 31.459999084472656 AB 5.5220018235776065 1.1488214612158683
61030.2143 lsst_hardware_i 47.53377986017183 30.809999465942383 31.229999542236328 AB 6.8047660784713635 1.1533501827917565
61032.2019 lsst_hardware_z -25.878374492406866 42.13999938964844 30.940000534057617 AB 6.603540856330333 1.1505094702939194
61032.2146 lsst_hardware_r 6.037732724663778 21.899999618530273 31.469999313354492 AB 7.822119646814799 1.156562251404937
61034.1978 lsst_hardware_u 0.38091738412677445 2.549999952316284 28.34000015258789 AB 7.813340616026911 1.1509812964770005
61034.2102 lsst_hardware_g -4.805070112853402 12.710000038146973 31.34000015258789 AB 7.701915185790706 1.1572401205720713
61036.1974 lsst_hardware_r -45.75563846162463 22.0 31.459999084472656 AB 6.366105602903059 1.1531059205258372
61036.2101 lsst_hardware_z -11.129107597487257 42.599998474121094 30.940000534057617 AB 5.870341864473023 1.1610644510429238
61040.2023 lsst_hardware_z 9.408545577306164 49.689998626708984 30.950000762939453 AB 7.608268608650809 1.1636107071424346
61040.2149 lsst_hardware_r 32.6055324571124 49.189998626708984 31.59000015258789 AB 7.910155532133318 1.1762750335898462
61042.1817 lsst_hardware_r 21.15232400065542 73.11000061035156 31.6200008392334 AB 5.54115108203243 1.1534452710308971
61042.1943 lsst_hardware_i -70.3255395877139 58.709999084472656 31.299999237060547 AB 5.489385022558414 1.1615287817516755
61043.2007 lsst_hardware_r 63.135987946667626 80.0 31.6200008392334 AB 4.429465827450601 1.1697532995027995
61043.2135 lsst_hardware_z 58.83727212680057 58.619998931884766 30.959999084472656 AB 4.112258303162615 1.1847474224035173
