data/validation/pwv_sim_epoch_fit_4/60469597.ecsv
# %ECSV 0.9
# ---
# datatype:
# - {name: time, datatype: float64}
# - {name: band, datatype: string}
# - {name: flux, datatype: float64}
# - {name: fluxerr, datatype: float64}
# - {name: zp, datatype: float64}
# - {name: zpsys, datatype: string}
# - {name: pwv, datatype: float64}
# - {name: airmass, datatype: float64}
# meta: {SNID: '60469597', alt: 1024.0, c: -0.08909475058317184, dec: -25.778666, lat: -30.244573, lon: -70.7499537, ra: 219.726562, t0: 60094.2890625,
#   x0: 5.826409175801451e-06, x1: 1.0265671014785767, z: 0.5754185318946838}
# schema: astropy-2.0
time band flux fluxerr zp zpsys pwv airmass
[from data line 132]
60402.145 lsst_hardware_r -15.429783906926652 24.8799991607666 31.450000762939453 AB 8.469436289332844 1.3452090675560424
60402.1623 lsst_hardware_u 4.45460118360639 2.9600000381469727 28.34000015258789 AB 7.768778819997618 1.2456953130758783
60404.1477 lsst_hardware_g 28.618791567155586 15.09000015258789 31.360000610351562 AB 9.087981295600141 1.2949839165364725
60404.1656 lsst_hardware_i 5.461457096188331 32.97999954223633 31.229999542236328 AB 8.489320955685857 1.2044722205328753
60414.1605 lsst_hardware_r 15.346801656907306 24.59000015258789 31.510000228881836 AB 11.878932929045204 1.1218711742971341
60414.177 lsst_hardware_u 1.4586555905858696 2.9000000953674316 28.530000686645508 AB 10.664005315603205 1.0771722541013338
60416.163 lsst_hardware_g 17.665184005051785 20.600000381469727 31.549999237060547 AB 16.121605138213436 1.0987259005120587
60416.1819 lsst_hardware_r 18.343083699174965 24.1299991607666 31.520000457763672 AB 14.443470523996078 1.0551921773813617
60419.1604 lsst_hardware_i -7.1863900192234516 47.209999084472656 31.299999237060547 AB 6.951298754698468 1.0842486424257365
60419.1791 lsst_hardware_z -32.39508479989231 49.150001525878906 30.969999313354492 AB 3.4605794639489815 1.045439644715467
60421.1604 lsst_hardware_r -34.840077495987266 84.19000244140625 31.649999618530273 AB 10.873479297292949 1.0714370889582647
60421.1804 lsst_hardware_z 12.785283479190664 61.970001220703125 30.989999771118164 AB 9.518633979851643 1.0347466007013417
60425.1565 lsst_hardware_r 240.61644318653367 154.6199951171875 31.65999984741211 AB 9.219420606308793 1.056788240062906
60425.1749 lsst_hardware_i 175.6025503541822 122.33000183105469 31.350000381469727 AB 6.586830306276528 1.0273595756959373
60431.0496 lsst_hardware_i -6.075912582812518 34.5099983215332 31.209999084472656 AB 12.316076384718137 1.466199569609302
60431.0678 lsst_hardware_r -7.542300659886749 25.309999465942383 31.479999542236328 AB 11.192576205526859 1.332449548277007
60434.0455 lsst_hardware_u 3.43502545257324 2.680000066757202 28.25 AB 12.903418204244256 1.432691677701371
60434.0653 lsst_hardware_g 25.9620071707997 15.710000038146973 31.399999618530273 AB 11.713702544403821 1.2978332936268666
60442.0666 lsst_hardware_u 1.7299047370948373 2.7100000381469727 28.329999923706055 AB 8.715588997647098 1.184317381630225
60442.0838 lsst_hardware_r -38.17638098532147 24.639999389648438 31.489999771118164 AB 7.196196683006758 1.1226515886125987
60444.0475 lsst_hardware_z -30.403529475276628 45.0099983215332 30.93000030517578 AB 8.101180944421358 1.2463355299109782
60444.0682 lsst_hardware_g 25.385849839822065 19.950000762939453 31.510000228881836 AB 7.520299932676546 1.1569692204117763
60455.0596 lsst_hardware_i -43.28196986231379 118.0999984741211 32.08000183105469 AB 5.685755978712235 1.0905658575283714
60455.0832 lsst_hardware_z -63.68584683017731 100.69000244140625 31.75 AB 5.430880168077072 1.04146257378108
60461.0644 lsst_hardware_g -22.935134644914452 15.0 31.459999084472656 AB 7.655707619528909 1.0454808293238973
60461.0835 lsst_hardware_r 3.084782115373791 23.729999542236328 31.520000457763672 AB 7.551973004120935 1.0194348007722644
60463.0425 lsst_hardware_r 3.6473609964133993 24.059999465942383 31.5 AB 9.708537229405398 1.0788462306262248
60463.0607 lsst_hardware_i 15.28440291472392 31.239999771118164 31.25 AB 9.339002031837262 1.04253204195547
60465.0626 lsst_hardware_r -2.864962772685418 24.010000228881836 31.510000228881836 AB 9.817195515649543 1.0314347043128385
60465.0834 lsst_hardware_g 26.73936185863411 15.170000076293945 31.469999313354492 AB 9.08539365693768 1.0101897047325021
60466.9497 lsst_hardware_y 16.168562763427385 73.79000091552734 29.899999618530273 AB 6.908963063719165 1.4799635266799642
60466.9704 lsst_hardware_z -85.7818282708579 46.08000183105469 30.920000076293945 AB 5.829978298015062 1.3268043463848571
60482.9541 lsst_hardware_y 157.94420511393028 72.68000030517578 30.010000228881836 AB 5.925780915405223 1.1865800791760557
60482.9741 lsst_hardware_z -183.41833364477912 73.66000366210938 30.979999542236328 AB 10.11241577099688 1.1157706950473762
60485.957 lsst_hardware_y -0.12817874595287332 57.97999954223633 30.030000686645508 AB 5.800638067942276 1.1445615761527774
60485.9769 lsst_hardware_r 24.377829556397483 24.149999618530273 31.510000228881836 AB 6.952075748457161 1.0856398545297736
60487.9564 lsst_hardware_z 24.002512051498957 54.47999954223633 30.959999084472656 AB 7.828410868414006 1.1283382629596435
60487.9754 lsst_hardware_g -22.85787981407491 15.180000305175781 31.43000030517578 AB 6.903868263248042 1.0761231803052658
60491.9588 lsst_hardware_y -34.18653560552575 56.869998931884766 30.040000915527344 AB 10.136796956342584 1.0899781673486648
60491.9777 lsst_hardware_r -18.855213734532178 24.079999923706055 31.510000228881836 AB 9.756330363945155 1.0490677810693714
60493.9613 lsst_hardware_y -97.03954285926484 52.56999969482422 30.049999237060547 AB 8.79172696861196 1.0709428660807094
60493.9807 lsst_hardware_g 7.5152841587517 14.960000038146973 31.440000534057617 AB 8.50360989536278 1.0353000968340644
60495.9614 lsst_hardware_y -20.748415276157026 52.22999954223633 30.049999237060547 AB 6.942879206390565 1.0592268927569006
60495.9811 lsst_hardware_z 31.518655883532254 41.470001220703125 30.950000762939453 AB 6.682289022155336 1.027280589636732
60497.9618 lsst_hardware_y -11.90451238690963 51.810001373291016 30.049999237060547 AB 1.4843518791435346 1.0482094126829733
60497.9807 lsst_hardware_u -4.554507593526188 2.8299999237060547 28.479999542236328 AB 1.443800519014974 1.0213160945637265
