data/validation/pwv_sim_epoch_fit_4/60761169.ecsv
# %ECSV 0.9
# ---
# datatype:
# - {name: time, datatype: float64}
# - {name: band, datatype: string}
# - {name: flux, datatype: float64}
# - {name: fluxerr, datatype: float64}
# - {name: zp, datatype: float64}
# - {name: zpsys, datatype: string}
# - {name: pwv, datatype: float64}
# - {name: airmass, datatype: float64}
# meta: {SNID: '60761169', alt: 1024.0, c: 0.011093370616436005, dec: 1.342993, lat: -30.244573, lon: -70.7499537, ra: 269.296875, t0: 63042.05859375,
#   x0: 6.6216768467597535e-06, x1: 0.27270933985710144, z: 0.5463864803314209}
# schema: astropy-2.0
time band flux fluxerr zp zpsys pwv airmass
62959.3902 lsst_hardware_r -2.7761330703381004 23.690000534057617 31.469999313354492 AB 7.390103119117547 1.1869744810660618
62959.4094 lsst_hardware_y -70.97347525179073 52.52000045776367 30.0 AB 7.348075642757964 1.1743142407987759
62964.3915 lsst_hardware_z -40.411731591843235 63.11000061035156 30.969999313354492 AB 9.90828057719818 1.1755919213602746
62964.4102 lsst_hardware_y 73.23373205419358 57.5099983215332 30.010000228881836 AB 9.957168864956083 1.1763677625671738
62967.3906 lsst_hardware_i -85.34234229258507 68.86000061035156 31.309999465942383 AB 5.25009861072726 1.1739278016048431
62967.4096 lsst_hardware_y -70.69817424459026 57.150001525878906 30.020000457763672 AB 5.246445704037174 1.1814323490485106
62969.3962 lsst_hardware_z -92.87021972078564 80.87999725341797 31.709999084472656 AB 13.289622741854325 1.1762029199561301
62971.3605 lsst_hardware_g -46.60102645035659 26.649999618530273 31.56999969482422 AB 11.698799854828591 1.1837595663988674
62971.3778 lsst_hardware_r -23.787508418570056 32.310001373291016 31.540000915527344 AB 11.219669230614764 1.1741172997939928
62974.3628 lsst_hardware_i -8.737735389273839 31.940000534057617 31.239999771118164 AB 15.08626888402173 1.1762026222802244
62974.3807 lsst_hardware_z -144.93672712993694 43.20000076293945 30.940000534057617 AB 15.243232776283952 1.175419568920495
62976.3635 lsst_hardware_i -44.43809671288548 31.920000076293945 31.239999771118164 AB 5.249949368379036 1.174222627684866
62976.3825 lsst_hardware_u -3.665537369093297 2.7200000286102295 28.399999618530273 AB 5.543361007763632 1.1794385122901345
62985.3269 lsst_hardware_z -14.122522189848784 43.58000183105469 30.93000030517578 AB 14.170716240689435 1.179778784538722
62985.3438 lsst_hardware_u 0.9935195055407409 2.5799999237060547 28.290000915527344 AB 13.349956955099092 1.1739321979510282
62989.2803 lsst_hardware_g 31.2827545363043 38.720001220703125 31.610000610351562 AB 15.746501870456944 1.2392640313589243
62989.2971 lsst_hardware_r 12.676120411863973 37.900001525878906 31.559999465942383 AB 15.0186356935495 1.2027978958641323
62993.2063 lsst_hardware_i 81.78899792524528 94.83999633789062 31.229999542236328 AB 10.03757089035819 1.570579078447534
62993.2267 lsst_hardware_z -150.2027220047738 79.94000244140625 30.940000534057617 AB 9.688406645786587 1.4195120967673445
62996.209 lsst_hardware_r 97.98864601958817 104.19000244140625 31.559999465942383 AB 9.194904490054503 1.4830491112991133
62996.238 lsst_hardware_i -110.87041017291317 85.0 31.290000915527344 AB 8.177467125701657 1.3189463105970414
63001.2666 lsst_hardware_g 6.742745393905158 16.030000686645508 31.43000030517578 AB 8.604041515874245 1.1990859892515149
63001.2856 lsst_hardware_r -34.93992919107931 25.459999084472656 31.489999771118164 AB 8.398638745923357 1.1781362435102025
63004.2576 lsst_hardware_i -61.73309387936751 31.920000076293945 31.229999542236328 AB 9.552680328129131 1.2003870731501798
63004.2801 lsst_hardware_u -1.9058671834164567 2.5899999141693115 28.299999237060547 AB 9.359878358595026 1.176603187755503
63008.2542 lsst_hardware_u 0.6245770950864621 2.6600000858306885 28.350000381469727 AB 5.030327878018798 1.18962466075885
63008.2767 lsst_hardware_g -8.925387519801172 14.239999771118164 31.389999389648438 AB 4.9593963807553845 1.1741458503149709
63018.2469 lsst_hardware_i 176.0614236326707 64.22716907380334 32.029998779296875 AB 8.055102975435632 1.1746698875320023
63018.2693 lsst_hardware_z 134.35512801537106 69.22646070029792 31.700000762939453 AB 7.2880062498830345 1.1805785040105348
63021.2539 lsst_hardware_i 450.79245419276214 89.06608394167986 31.309999465942383 AB 13.504856249947515 1.1760738700642266
63021.2747 lsst_hardware_z 252.2140390536081 78.5809940111117 30.969999313354492 AB 13.645896021127042 1.1960117464505218
63023.2214 lsst_hardware_z 862.4601852235147 147.89598269616394 31.729999542236328 AB 7.394230852490707 1.1811870371391393
63037.2228 lsst_hardware_g 671.5525975748874 29.928952978577968 31.3799991607666 AB 3.9124520174436457 1.1855915204374685
63037.246 lsst_hardware_r 2191.444611007997 52.29937602729994 31.469999313354492 AB 4.039864086060219 1.2242012382000664
63043.1797 lsst_hardware_r 2161.7484578688577 52.49735788500424 31.479999542236328 AB 7.168116965072906 1.1744272900914177
63043.2019 lsst_hardware_i 1926.472967109179 53.7038281049168 31.229999542236328 AB 7.212594403949054 1.1812951472319346
63047.1821 lsst_hardware_z 2803.768975463673 89.10827834356107 31.709999084472656 AB 3.644781539737848 1.175735980560596
63049.1696 lsst_hardware_r 2062.3835478651094 99.77982909640802 31.6200008392334 AB 9.612818992538335 1.1740011186018822
63049.1923 lsst_hardware_i 1810.8220446983432 84.652050999018 31.309999465942383 AB 9.802685103240162 1.1881322469232363
63052.1346 lsst_hardware_i 1825.327755536569 115.5116204206634 31.309999465942383 AB 4.350828944359391 1.18899472415369
63052.1775 lsst_hardware_z 4580.498924967141 171.50477319450124 32.16999816894531 AB 4.253208315324827 1.1814467542568963
63062.0481 lsst_hardware_r 932.4823957972902 37.997155740846836 31.440000534057617 AB 8.564444650075576 1.3645799083968255
63062.0738 lsst_hardware_i 1138.8464358280023 46.162125452581144 31.219999313354492 AB 7.926596760866074 1.2600567127277567
63067.1339 lsst_hardware_g 77.0383114596809 16.97707675427457 31.389999389648438 AB 3.7740101990392505 1.1793781871997657
63067.1595 lsst_hardware_r 609.5223849617436 33.874097839164136 31.469999313354492 AB 3.885687324817301 1.2142772890054065
63069.1024 lsst_hardware_i 772.1083592133481 41.93987481643166 31.229999542236328 AB 5.753439423284489 1.1767529627825308
63069.1231 lsst_hardware_z 782.2953830746028 50.97786942225221 30.93000030517578 AB 5.735520629768182 1.1762154585528184
63072.0947 lsst_hardware_r 388.05269982057325 31.68536529839353 31.489999771118164 AB 6.242147493617964 1.1765057787807938
63072.1158 lsst_hardware_g 62.376990232781104 16.49635889734905 31.399999618530273 AB 6.2470292246111 1.17664967344739
63073.0815 lsst_hardware_r 402.1797306496784 33.224183524112696 31.5 AB 10.021667039352206 1.1843142329652807
63073.1007 lsst_hardware_i 650.3687926303688 41.299164387997585 31.239999771118164 AB 8.625058643465826 1.1740097972049672
63079.0963 lsst_hardware_z 1550.12393024561 123.82468007179337 31.729999542236328 AB 4.729370628900242 1.1764603554478217
63081.055 lsst_hardware_y 140.47603819638803 61.25056285519484 30.010000228881836 AB 1.9028297026646015 1.189516380077892
63081.076 lsst_hardware_r 346.6931183130317 110.47447614094733 31.6299991607666 AB 1.8651935476776216 1.1744318696679326
63083.0103 lsst_hardware_i 330.4032629466654 37.61202359087502 31.209999084472656 AB 1.1721393750611193 1.2805601329885428
63083.021 lsst_hardware_z 525.3505000084796 57.212302589906 30.940000534057617 AB 0.9872906319722758 1.2465790807730757
63093.077 lsst_hardware_u 3.8862969750023026 3.3168057483288096 28.3700008392334 AB 4.419407954036476 1.1944345821720206
63094.0122 lsst_hardware_g 32.28171076819931 14.774873616699793 31.389999389648438 AB 6.963158996425705 1.1998895424496676
63094.0301 lsst_hardware_r 151.5161744311834 26.16852472348175 31.479999542236328 AB 6.861209026236836 1.1792395920200807
63099.015 lsst_hardware_i 359.59641823892764 49.43769374954978 31.979999542236328 AB 3.073553265182889 1.1803199943098652
63099.0361 lsst_hardware_z 587.713404243667 66.6476473482889 31.690000534057617 AB 3.0665605634583604 1.1744774275979932
63099.9864 lsst_hardware_r 112.78881960563122 26.501726941449142 31.469999313354492 AB 4.050788646680606 1.2174279643399937
63102.0118 lsst_hardware_r 132.06588834263067 28.924289692554773 31.510000228881836 AB 3.5121414402832376 1.1770239697098013
63102.0287 lsst_hardware_i 143.16171112238663 35.993668795862455 31.239999771118164 AB 3.501201313470088 1.1746698286588493
63114.9891 lsst_hardware_z 579.5340621433006 71.33413010937474 31.700000762939453 AB 0.8049736334699666 1.1740014100193972
63117.9821 lsst_hardware_y 88.72262562245491 57.610186185545544 30.010000228881836 AB 3.3901587787945644 1.174114847341475
63117.9997 lsst_hardware_g 4.1295585006091295 14.759055877256667 31.389999389648438 AB 3.4288661692520623 1.1836601470290762
