data/validation/pwv_sim_epoch_fit_4/60767600.ecsv
# %ECSV 0.9
# ---
# datatype:
# - {name: time, datatype: float64}
# - {name: band, datatype: string}
# - {name: flux, datatype: float64}
# - {name: fluxerr, datatype: float64}
# - {name: zp, datatype: float64}
# - {name: zpsys, datatype: string}
# - {name: pwv, datatype: float64}
# - {name: airmass, datatype: float64}
# meta: {SNID: '60767600', alt: 1024.0, c: -0.08868172019720078, dec: -53.379799, lat: -30.244573, lon: -70.7499537, ra: 177.487305, t0: 62171.1484375,
#   x0: 3.2093764208050287e-06, x1: -0.465681254863739, z: 0.7349348068237305}
# schema: astropy-2.0
time band flux fluxerr zp zpsys pwv airmass
[from data line 132]
62537.3433 lsst_hardware_r 28.78215280924063 21.959999084472656 31.459999084472656 AB 7.672117203579588 1.0990915829159662
62537.3558 lsst_hardware_i 0.8977099656902547 30.329999923706055 31.229999542236328 AB 7.748074022435393 1.1099729990953928
62539.2821 lsst_hardware_g -2.2302110900913754 12.989999771118164 31.360000610351562 AB 4.786643683966058 1.0974555151529968
62539.2937 lsst_hardware_i 39.7535110796631 30.110000610351562 31.229999542236328 AB 4.130210317407671 1.0915653300053645
62541.2883 lsst_hardware_z -39.96402731374869 41.40999984741211 30.940000534057617 AB 5.781276310674965 1.0915448452271124
62541.2998 lsst_hardware_r -2.223941566233075 21.989999771118164 31.479999542236328 AB 5.949578289764612 1.0889682968362138
62543.2982 lsst_hardware_g -26.117344864904073 13.079999923706055 31.3799991607666 AB 4.120105043216387 1.0888226858394479
62543.3093 lsst_hardware_r -26.325453875592476 22.010000228881836 31.479999542236328 AB 4.133186475021904 1.0904066679915547
62548.331 lsst_hardware_g -32.86002780235505 50.310001373291016 31.68000030517578 AB 5.625366683726956 1.115738326083823
62548.342 lsst_hardware_r 74.18841403871579 48.630001068115234 31.610000610351562 AB 4.1378504564639815 1.130251422142579
62552.2737 lsst_hardware_i 140.8390734261355 68.30000305175781 31.329999923706055 AB 2.9813991237960686 1.0888304061584035
62552.285 lsst_hardware_z -15.536824609469223 62.040000915527344 30.979999542236328 AB 2.9457765050436526 1.0904898217091508
62554.2773 lsst_hardware_r -49.95565135998097 64.81999969482422 31.6299991607666 AB 10.317695323070568 1.0899165819543197
62554.2887 lsst_hardware_z -49.92922159834444 54.540000915527344 30.969999313354492 AB 10.351510121947383 1.0941146755865572
62557.2704 lsst_hardware_i -0.5341827790770046 34.779998779296875 31.260000228881836 AB 9.629321120607877 1.0902352478327217
62557.2813 lsst_hardware_z 7.69271856947446 43.43000030517578 30.940000534057617 AB 9.651532479269209 1.0945262507676579
62559.2759 lsst_hardware_r 14.657700247814331 22.8700008392334 31.479999542236328 AB 6.552400508094493 1.094559915601285
62559.2878 lsst_hardware_g 19.714326984905142 14.880000114440918 31.43000030517578 AB 6.6212186751527025 1.1026175978605666
62563.2479 lsst_hardware_i -17.02394754675102 30.209999084472656 31.239999771118164 AB 5.682010341048947 1.0890988737914475
62563.2584 lsst_hardware_z -8.819150551293676 41.349998474121094 30.940000534057617 AB 6.447356771590837 1.0916159613275491
62566.2529 lsst_hardware_r 0.9555411722620036 21.84000015258789 31.469999313354492 AB 8.505720284288895 1.0926950370567041
62566.2657 lsst_hardware_u -1.7358507317724297 2.4800000190734863 28.280000686645508 AB 8.566297902064811 1.1002651755873798
62568.2545 lsst_hardware_g 6.609275747839736 13.020000457763672 31.360000610351562 AB 10.854050376457149 1.0963687248946614
62568.2667 lsst_hardware_r -14.810045293808669 21.979999542236328 31.469999313354492 AB 10.945928545300573 1.1056493480101588
62571.2437 lsst_hardware_i 57.18207156616937 30.5 31.239999771118164 AB 9.41816767941507 1.0948705464081459
62571.2553 lsst_hardware_z -0.06536045525255144 41.959999084472656 30.940000534057617 AB 9.668732522637814 1.1028448293489423
62572.2442 lsst_hardware_r -3.3485453150190962 22.049999237060547 31.479999542236328 AB 8.115978838224349 1.0967538970573443
62572.2566 lsst_hardware_g 19.733791434942116 13.1899995803833 31.3799991607666 AB 8.843005925329848 1.106413002856409
62575.2505 lsst_hardware_r -42.57126654089657 34.0 31.559999465942383 AB 9.643350324458812 1.108431071776875
62575.2623 lsst_hardware_i 55.70936788360189 36.689998626708984 31.260000228881836 AB 9.76109966701866 1.1219654789676623
62578.1999 lsst_hardware_i -35.02782330726681 65.08999633789062 31.31999969482422 AB 7.488666436432908 1.0889173986040144
62578.212 lsst_hardware_z -71.69336804530938 60.099998474121094 30.969999313354492 AB 6.430927823242504 1.0899877666512718
62582.1977 lsst_hardware_y 121.74422852264956 53.36000061035156 30.040000915527344 AB 5.168441594730397 1.0893351916530212
62582.2107 lsst_hardware_r -34.77122013844374 79.94000244140625 31.639999389648438 AB 6.308785776612417 1.0933770843349075
62587.1562 lsst_hardware_z -51.61405179714296 41.2400016784668 30.940000534057617 AB 7.5518211996293365 1.0944668405259907
62587.1687 lsst_hardware_r -9.441243228293997 22.059999465942383 31.469999313354492 AB 7.32189259602695 1.089837647634889
62589.1524 lsst_hardware_u -4.154188977150084 2.549999952316284 28.329999923706055 AB 7.155639684125067 1.0936328418347954
62589.164 lsst_hardware_r 2.927108193881744 22.139999389648438 31.469999313354492 AB 7.156656270073671 1.0896801913526202
62591.1457 lsst_hardware_i -22.408159438800734 30.299999237060547 31.229999542236328 AB 5.519401878500674 1.094250967188873
62591.1561 lsst_hardware_z 47.045957155363645 41.38999938964844 30.940000534057617 AB 5.4591069123596725 1.0902405336980723
62594.1865 lsst_hardware_u 1.3671686127511544 2.549999952316284 28.329999923706055 AB 6.964046069092751 1.098314488869638
62594.1984 lsst_hardware_g -15.368392093743855 13.220000267028809 31.360000610351562 AB 7.068251719450206 1.1082238506507065
62596.1419 lsst_hardware_g 3.3167501789374154 13.3100004196167 31.3799991607666 AB 7.643626752382867 1.0903889803684548
62596.155 lsst_hardware_r -20.29639287190028 22.280000686645508 31.479999542236328 AB 7.62304238385277 1.08890234985041
62598.1423 lsst_hardware_i -37.41738810513874 30.43000030517578 31.239999771118164 AB 11.094714069324825 1.0892120625686936
62598.155 lsst_hardware_z 17.69355535972804 41.61000061035156 30.940000534057617 AB 11.005493058132926 1.0895089484688087
62600.1435 lsst_hardware_r -7.975774618841895 22.170000076293945 31.469999313354492 AB 7.483894119137693 1.0888831833460924
62600.1554 lsst_hardware_g -4.405581613920284 13.25 31.3700008392334 AB 7.528739747402424 1.090963591856604
62602.1363 lsst_hardware_r 32.79922536905974 27.6200008392334 31.540000915527344 AB 3.2085292006004087 1.0888673757693694
62602.1473 lsst_hardware_i -25.96263827373524 32.91999816894531 31.260000228881836 AB 3.271530652135819 1.090207381994625
62604.1314 lsst_hardware_z 38.93305075241655 46.459999084472656 30.969999313354492 AB 9.293472683196692 1.0888661608900634
62604.1424 lsst_hardware_i -28.684929431867275 41.040000915527344 31.299999237060547 AB 9.213958301304991 1.0903555013624564
62608.133 lsst_hardware_r -41.058246159260655 104.4000015258789 31.649999618530273 AB 16.006682726719994 1.0907945433105417
62608.1445 lsst_hardware_i -105.30419193651484 82.61000061035156 31.329999923706055 AB 16.01222836237862 1.095927292551907
62618.1044 lsst_hardware_z -17.478668426505024 41.5 30.940000534057617 AB 4.8142262578211374 1.0904249734589213
62618.1163 lsst_hardware_i 5.099736610721256 30.530000686645508 31.239999771118164 AB 4.8516015786750275 1.0954169290302613
62620.1043 lsst_hardware_u 3.8043623191246296 2.609999895095825 28.3799991607666 AB 9.627870694035991 1.0922454628929907
62620.1157 lsst_hardware_g -16.35416734690294 13.319999694824219 31.3799991607666 AB 9.682207774370557 1.0984617223125843
62627.0446 lsst_hardware_u 1.084109604527551 2.700000047683716 28.459999084472656 AB 3.958687271664681 1.0958051085321254
62627.0571 lsst_hardware_r -19.48303802144595 22.280000686645508 31.489999771118164 AB 3.9393341416103125 1.0904479642758818
62631.0887 lsst_hardware_z 3.0346539077328214 42.880001068115234 30.940000534057617 AB 8.166131230497722 1.100668023115306
62631.1001 lsst_hardware_i 42.39279774801186 33.18000030517578 31.25 AB 8.263843298181653 1.1110302901561782
62633.0418 lsst_hardware_r 19.086134330799432 42.369998931884766 31.600000381469727 AB 12.524367803028063 1.0901656267596347
62633.0535 lsst_hardware_z -16.315479596039353 46.310001373291016 30.950000762939453 AB 12.486454132772176 1.0889032992737573
62637.0805 lsst_hardware_r -124.34735366537707 99.02999877929688 31.639999389648438 AB 5.562385391954497 1.1077690598864165
62637.093 lsst_hardware_i -36.01861184588197 78.36000061035156 31.31999969482422 AB 5.929702898112398 1.1219873033325256
62639.04 lsst_hardware_i -26.799126085688542 72.7300033569336 31.31999969482422 AB 7.846981245900366 1.0891021854129586
62639.0521 lsst_hardware_z 65.90050322682652 64.88999938964844 30.979999542236328 AB 9.118152739479529 1.0921251334865887
62649.0842 lsst_hardware_u 3.313323497979523 3.5999999046325684 29.049999237060547 AB 8.79901546882618 1.1614584273007826
62649.0951 lsst_hardware_g 1.9642509729660256 18.610000610351562 32.099998474121094 AB 9.01156158717113 1.185211957979584
62654.0189 lsst_hardware_r -17.521802732157276 21.899999618530273 31.469999313354492 AB 11.824200765881876 1.0959496492614218
62654.0322 lsst_hardware_g 30.964048958600557 12.979999542236328 31.360000610351562 AB 11.745449543586947 1.1059918903548658
62656.9965 lsst_hardware_i 7.460124906474566 30.260000228881836 31.239999771118164 AB 12.753073206909548 1.0900761336761047
62657.0085 lsst_hardware_z 16.12018927536819 41.439998626708984 30.940000534057617 AB 11.11570662271517 1.094712095993199
