data/validation/pwv_sim_epoch_fit_4/61000609.ecsv
# %ECSV 0.9
# ---
# datatype:
# - {name: time, datatype: float64}
# - {name: band, datatype: string}
# - {name: flux, datatype: float64}
# - {name: fluxerr, datatype: float64}
# - {name: zp, datatype: float64}
# - {name: zpsys, datatype: string}
# - {name: pwv, datatype: float64}
# - {name: airmass, datatype: float64}
# meta: {SNID: '61000609', alt: 1024.0, c: -0.02657989040017128, dec: -17.739365, lat: -30.244573, lon: -70.7499537, ra: 167.34375, t0: 62254.859375,
#   x0: 5.86090019557884e-06, x1: -1.3083029985427856, z: 0.5746625065803528}
# schema: astropy-2.0
time band flux fluxerr zp zpsys pwv airmass
62142.3429 lsst_hardware_r -71.89740179613435 62.27000045776367 31.649999618530273 AB 7.890819651396062 1.033957586992275
62142.3652 lsst_hardware_y 2.068505713283124 75.48999786376953 30.079999923706055 AB 7.890575121337232 1.0237528538874126
62144.3432 lsst_hardware_g 15.256215485071953 27.989999771118164 31.639999389648438 AB 9.004712832262387 1.0296591895405975
62144.3644 lsst_hardware_y -149.7403021526929 72.08999633789062 30.079999923706055 AB 8.986103377894315 1.0237851334377541
62146.3436 lsst_hardware_i 41.892473767028115 31.450000762939453 31.260000228881836 AB 6.98257067961202 1.0264838250541377
62146.364 lsst_hardware_z 105.16040695085947 55.900001525878906 30.979999542236328 AB 6.9850345840692984 1.0246618706995043
62148.3509 lsst_hardware_r -25.25375060176473 23.600000381469727 31.510000228881836 AB 5.439462223907461 1.0236739647275819
62150.343 lsst_hardware_r -31.34430867373261 22.969999313354492 31.510000228881836 AB 7.049569941711209 1.0237787643777625
62150.3633 lsst_hardware_y 58.3389371986842 53.900001525878906 30.059999465942383 AB 7.0935783376239785 1.0291237281655794
62152.3436 lsst_hardware_z -20.04361851346493 41.31999969482422 30.950000762939453 AB 4.515020253155002 1.023891508010054
62152.3638 lsst_hardware_y -17.929238733558535 55.16999816894531 30.059999465942383 AB 4.589728766860635 1.0334123611964803
62154.3474 lsst_hardware_u 0.023646026146719838 2.930000066757202 28.59000015258789 AB 6.866830495763908 1.0264959943838916
62154.3665 lsst_hardware_y -1.1558376643747215 54.86000061035156 30.059999465942383 AB 6.958406490294918 1.041352845089966
62158.3226 lsst_hardware_i 58.827472278638076 30.3799991607666 31.260000228881836 AB 9.610400529404501 1.0236898731790052
62158.3433 lsst_hardware_z -47.07027696530093 40.900001525878906 30.950000762939453 AB 9.177852387239179 1.0303125399636117
62160.3228 lsst_hardware_r -42.22144454685536 22.809999465942383 31.489999771118164 AB 7.944211008197589 1.0240354494792496
62160.344 lsst_hardware_g -7.628300975000702 14.100000381469727 31.420000076293945 AB 7.442613485913391 1.035169996997606
62163.3151 lsst_hardware_i -10.608371146730953 30.809999465942383 31.260000228881836 AB 12.109149134781967 1.0241161311554439
62163.3327 lsst_hardware_u -3.471589637100008 2.859999895095825 28.549999237060547 AB 12.254621538277922 1.032547805500176
62165.309 lsst_hardware_z -17.133945020953586 86.0199966430664 31.739999771118164 AB 11.329142577882092 1.024010717935743
62167.293 lsst_hardware_r -63.66940481074071 110.86000061035156 31.670000076293945 AB 10.981766819577427 1.024299108739879
62167.3103 lsst_hardware_i 185.81193821817484 85.19000244140625 31.34000015258789 AB 11.059197446872826 1.0258282073949203
62169.3024 lsst_hardware_z 169.90337762523976 103.19000244140625 31.75 AB 8.617607481030918 1.0249904824300824
62171.2976 lsst_hardware_z 53.35027088800979 52.68000030517578 30.979999542236328 AB 7.989697420186969 1.025196418330244
62171.3161 lsst_hardware_r -48.65995960058929 58.86000061035156 31.649999618530273 AB 7.993520346262786 1.0371654230973049
62173.2887 lsst_hardware_i 6.672015065427253 34.439998626708984 31.280000686645508 AB 3.8502878650898014 1.0242851463393992
62173.3079 lsst_hardware_z 8.560494765782607 42.939998626708984 30.959999084472656 AB 3.461344310220694 1.0346269048634926
62175.2895 lsst_hardware_i 22.75869245617206 30.850000381469727 31.260000228881836 AB 7.739948709968867 1.0262461827060179
62175.3081 lsst_hardware_u 6.892213292879638 3.119999885559082 28.56999969482422 AB 8.478607191074104 1.0401710010109928
62177.285 lsst_hardware_g -11.71518963934319 14.399999618530273 31.450000762939453 AB 3.5892250138828348 1.0266661939024126
62177.3045 lsst_hardware_r -27.196292278847068 23.260000228881836 31.510000228881836 AB 3.070466825004991 1.0422494314341542
62181.0803 lsst_hardware_u 3.6745828738944577 1.9500000476837158 27.559999465942383 AB 5.106758983936624 2.0001667147738136
62183.2314 lsst_hardware_r -0.41420149077992674 23.079999923706055 31.5 AB 4.17875845876939 1.033578644266453
62183.2492 lsst_hardware_i -6.784291368596033 30.559999465942383 31.25 AB 4.130568570176174 1.0243195462309174
62185.2676 lsst_hardware_z 6.769422614983315 41.099998474121094 30.950000762939453 AB 4.882732566282543 1.0290268843587995
62185.2844 lsst_hardware_r 48.68245742258035 23.190000534057617 31.510000228881836 AB 4.995984189133308 1.0443110763238521
62191.2444 lsst_hardware_i -14.943880949366667 33.7599983215332 31.270000457763672 AB 8.550072419644632 1.0256804726061026
62191.2616 lsst_hardware_r -11.900823232898814 23.25 31.510000228881836 AB 10.2607764218263 1.0372627926298217
62195.2326 lsst_hardware_r -227.23623444468834 124.86000061035156 31.670000076293945 AB 5.414614516083615 1.0253657081334961
62195.25 lsst_hardware_i -2.8753483542711438 98.61000061035156 31.34000015258789 AB 5.701328485276337 1.0366051791411521
62198.1937 lsst_hardware_z -152.4124360095646 98.2300033569336 31.739999771118164 AB 5.6076406093867215 1.031053203288756
62201.228 lsst_hardware_r -18.83096081062346 39.27000045776367 31.610000610351562 AB 8.073196116014433 1.0318062603009117
62201.246 lsst_hardware_z 22.201219551604243 45.36000061035156 30.959999084472656 AB 8.248264369408442 1.0512699935519298
62203.2051 lsst_hardware_i 12.566458955017037 31.84000015258789 31.260000228881836 AB 11.0026565137483 1.023979200907248
62203.2249 lsst_hardware_r 32.65340524735373 26.020000457763672 31.540000915527344 AB 11.15198373336777 1.0336837922836093
62207.2085 lsst_hardware_r 50.422114732718455 23.389999389648438 31.510000228881836 AB 7.619244314267795 1.0296276100361885
62207.2264 lsst_hardware_i 10.896341470513162 31.06999969482422 31.25 AB 7.747076997097194 1.0469022969050261
62209.2064 lsst_hardware_z -74.71549675292557 41.130001068115234 30.950000762939453 AB 11.538665711400881 1.0319887050711887
62209.2247 lsst_hardware_r -3.420359751068944 23.440000534057617 31.5 AB 11.864779735992606 1.052044252234555
62210.1859 lsst_hardware_u 6.05747454032579 2.7899999618530273 28.5 AB 10.421405940629334 1.0239652115577829
62210.2051 lsst_hardware_g -12.14172448270412 14.65999984741211 31.450000762939453 AB 10.554993029069783 1.033115141507672
62212.1924 lsst_hardware_r -1.3197625582540689 23.3799991607666 31.520000457763672 AB 8.821416038127065 1.0281570393512383
62212.2112 lsst_hardware_z -44.89925135854967 41.400001525878906 30.950000762939453 AB 8.613193122024242 1.0449416908221358
62215.1912 lsst_hardware_r 1.145862800731487 23.530000686645508 31.520000457763672 AB 5.374164119518275 1.0329137412384224
62215.2096 lsst_hardware_u -7.480169492099872 2.880000114440918 28.559999465942383 AB 5.20716385568183 1.0539217438004171
62221.1745 lsst_hardware_r -149.20432499657232 59.38999938964844 31.649999618530273 AB 7.59486337645017 1.0326590885311144
62221.1927 lsst_hardware_z 43.21988931546873 52.61000061035156 30.979999542236328 AB 7.775265808019032 1.0531547248823665
62223.1653 lsst_hardware_z -54.21493359683027 75.88999938964844 31.0 AB 7.5161748982078 1.0299422050255205
62223.1841 lsst_hardware_i -101.8406549564325 90.97000122070312 31.34000015258789 AB 7.474663293039066 1.0487321054680045
62225.1504 lsst_hardware_r -30.199535747467944 140.81238705110536 31.670000076293945 AB 6.526826269212934 1.0252633159303846
62225.168 lsst_hardware_z 171.2636096464482 93.10081130061997 31.010000228881836 AB 7.040961981475784 1.0365152889371207
62227.1476 lsst_hardware_r 2.069538848413828 82.68315317469559 31.65999984741211 AB 5.079346521601448 1.0262688284485257
62227.1647 lsst_hardware_y -76.89995930843848 53.49106699833961 30.059999465942383 AB 5.006326825624537 1.038657017764427
62231.145 lsst_hardware_i 86.69647646020627 33.6971221018778 31.260000228881836 AB 7.219767037906704 1.03100252826162
62231.1629 lsst_hardware_z 99.38088011398608 43.33415592619864 30.950000762939453 AB 7.381882359477248 1.049606477957798
62237.1341 lsst_hardware_z 388.07120083495147 44.291146473071564 30.950000762939453 AB 3.0382038623061116 1.0354571527314211
62237.1492 lsst_hardware_r 326.74787575972556 29.943619346869696 31.5 AB 3.1910108293142527 1.0534286094022292
62243.1239 lsst_hardware_r 1188.6571260969504 41.03844600918346 31.510000228881836 AB 14.850298917240634 1.0417850704265714
62243.1427 lsst_hardware_i 962.853542266165 43.370763234082084 31.260000228881836 AB 15.69198302204867 1.0699808865637659
62245.1181 lsst_hardware_z 810.3022101350762 50.34668784900731 30.959999084472656 AB 9.458962557808668 1.0414014467975965
62245.1361 lsst_hardware_r 1442.9954838921976 44.60864499548177 31.520000457763672 AB 10.05559217993526 1.0678693973275908
62247.1205 lsst_hardware_z 1062.751645697304 52.22284921997627 30.959999084472656 AB 7.359835692580683 1.0514050989400976
62247.1375 lsst_hardware_r 1770.1489577957652 48.307998793102435 31.530000686645508 AB 7.786239376755226 1.081422135660448
62249.0947 lsst_hardware_z 1148.6917183334067 57.72543409388817 30.969999313354492 AB 4.662176590106288 1.0302014341191665
62249.1127 lsst_hardware_i 1646.7071562874348 59.53374562266271 31.309999465942383 AB 4.794650872329272 1.0481829529058884
62258.0776 lsst_hardware_z 1230.3056792575226 57.548287737913796 30.959999084472656 AB 8.704367850521155 1.0362342679191852
62258.0977 lsst_hardware_r 2199.583232073867 64.31461349673722 31.6200008392334 AB 9.517194693098858 1.0627305291693696
62260.0803 lsst_hardware_u 0.4528209091859627 2.889964158679959 28.520000457763672 AB 11.503139498414086 1.045138208160199
62260.0997 lsst_hardware_r 1668.130965271201 47.49088361053213 31.5 AB 12.791636574498126 1.0766464585891866
62262.0546 lsst_hardware_g 241.23089709686914 21.423232408500535 31.43000030517578 AB 3.712501946635537 1.027468884421376
62262.0741 lsst_hardware_i 1512.2356252791278 49.28079192910078 31.25 AB 3.767408403492418 1.0442301668108367
62263.0532 lsst_hardware_z 2422.9054447358917 75.28957474668285 31.700000762939453 AB 6.463154693290507 1.0281824201862084
62263.0719 lsst_hardware_r 3043.9858055331983 63.008370384490576 32.25 AB 6.511692821667702 1.0448801061725574
62265.0479 lsst_hardware_u 1.1161652071469892 2.926782537149411 28.489999771118164 AB 9.169282280335333 1.0282730628565186
62265.065 lsst_hardware_g 221.33518196358847 19.86270961771441 31.440000534057617 AB 9.285007800062491 1.0431420964006843
62267.0518 lsst_hardware_r 1218.098478644308 40.78955330517832 31.510000228881836 AB 7.9466127625322684 1.03510831099474
62267.07 lsst_hardware_i 1210.1666080980622 46.60765850946539 31.25 AB 8.044685478400908 1.0575835422963507
62269.0075 lsst_hardware_z 946.4461129122893 51.1528629861756 30.950000762939453 AB 7.287357811426637 1.0265812093482303
62269.026 lsst_hardware_r 1032.060156913888 38.72432559180462 31.510000228881836 AB 7.2594036259158345 1.024158145159656
62270.993 lsst_hardware_u 2.9324980707878283 3.001258733936291 28.510000228881836 AB 6.782393130946514 1.0320659088429898
62271.0136 lsst_hardware_r 841.6687672429227 36.92403756652688 31.510000228881836 AB 6.0376546536176825 1.0236927706592942
62277.9894 lsst_hardware_r 539.9474141120536 57.17661124702446 31.639999389648438 AB 5.7694088397156715 1.02439787636997
62278.0109 lsst_hardware_z 773.2170765629982 57.03439685413511 30.969999313354492 AB 4.737890367952229 1.0274633489730471
62280.9736 lsst_hardware_y 408.953443042295 80.49556201384141 30.81999969482422 AB 4.916016259020555 1.0271123027465805
62283.9665 lsst_hardware_z 570.4190915650241 63.91325779051576 30.979999542236328 AB 6.625419132198152 1.0265999042723986
62283.9857 lsst_hardware_i 454.62567206491053 67.30823915776351 31.329999923706055 AB 6.598463750286864 1.024288070519538
62286.9676 lsst_hardware_y 352.06403319820845 49.120385616676614 30.049999237060547 AB 9.298749847907455 1.0239034517791346
62286.9893 lsst_hardware_r 236.96028651057168 27.499093094657496 31.5 AB 9.34933790457021 1.029143281702908
62508.3421 lsst_hardware_u 0.08021928433311737 2.8299999237060547 28.469999313354492 AB 7.134598590961286 1.0329144870912828
62508.3625 lsst_hardware_y 49.20616122141652 65.16999816894531 30.06999969482422 AB 7.166503993149514 1.023786284735645
62511.345 lsst_hardware_r -17.058927826859676 23.06999969482422 31.5 AB 6.9792602402739625 1.0261605920810566
62511.3658 lsst_hardware_y 153.7701745383997 70.87999725341797 30.06999969482422 AB 6.974341755742975 1.0249476586726556
62513.3497 lsst_hardware_z -15.571392874818967 61.279998779296875 31.709999084472656 AB 5.515100815386903 1.0237162755946485
62515.3411 lsst_hardware_g 1.343753654478698 14.25 31.440000534057617 AB 7.0633379697446825 1.0240926906813932
62515.3606 lsst_hardware_y -76.67576689486893 52.099998474121094 30.059999465942383 AB 7.03899966620001 1.0272162956877067
62520.3293 lsst_hardware_z -166.56517992526986 87.16999816894531 31.729999542236328 AB 6.757265706829154 1.0238281373983567
62522.3258 lsst_hardware_r -422.64971645396923 101.75 31.65999984741211 AB 12.364480579805418 1.0236768290603517
62522.3459 lsst_hardware_i 33.39065716317716 80.02999877929688 31.34000015258789 AB 11.620624426457855 1.0297407555567464
62524.3286 lsst_hardware_z 116.2472522688812 97.80000305175781 31.739999771118164 AB 9.221816757700747 1.0244850448763518
62526.3246 lsst_hardware_z -51.112591041942906 53.9900016784668 30.979999542236328 AB 10.043733341458717 1.0248707491284403
62526.3443 lsst_hardware_r 66.81043524144326 61.130001068115234 31.639999389648438 AB 10.018138048602966 1.0373427956099368
62532.2977 lsst_hardware_g 8.390738824998959 14.329999923706055 31.43000030517578 AB 10.981184505845327 1.0237196267131543
62532.3172 lsst_hardware_r -22.441193167354484 23.1299991607666 31.5 AB 11.01964055589187 1.0288633169218833
62534.2992 lsst_hardware_i -30.29367802098423 30.43000030517578 31.25 AB 8.764207932884887 1.0240554546700937
62534.3174 lsst_hardware_r 36.437555817851305 22.940000534057617 31.5 AB 8.676622718231 1.0328288128039917
62536.2837 lsst_hardware_u -0.06360525482745659 2.759999990463257 28.489999771118164 AB 8.17256197902267 1.0240984905263204
62536.3036 lsst_hardware_g 12.328952505576819 14.3100004196167 31.450000762939453 AB 7.918085272169855 1.027377664118928
62538.2881 lsst_hardware_r -17.56396059803168 22.799999237060547 31.5 AB 3.7919649670665128 1.0240251058780754
62538.3067 lsst_hardware_i 0.7678034150920678 30.459999084472656 31.25 AB 3.5426928366307884 1.0330056383236006
62542.285 lsst_hardware_u -3.364123911195145 2.7300000190734863 28.459999084472656 AB 3.588070508775292 1.0263359578876694
62542.3053 lsst_hardware_g 5.059950786318504 14.199999809265137 31.420000076293945 AB 3.0782205585760787 1.0423456939701243
62544.272 lsst_hardware_r -14.433392074109829 22.969999313354492 31.5 AB 5.560701883355245 1.0240703284263803
62544.2901 lsst_hardware_z -43.84261768159476 41.189998626708984 30.950000762939453 AB 5.621683057710372 1.0328280466122308
62547.26 lsst_hardware_z 36.80411449675442 50.68000030517578 30.969999313354492 AB 3.476372527440269 1.0236668219788778
62547.2772 lsst_hardware_r -8.963503893459416 50.5099983215332 31.6299991607666 AB 3.484682367775696 1.0294482622675616
62551.2634 lsst_hardware_r 24.217927483002086 127.83000183105469 31.670000076293945 AB 2.591598189355532 1.0277662273130765
62551.2808 lsst_hardware_z 15.036995581711556 88.80999755859375 31.0 AB 2.6101501999377414 1.0424269444288248
62555.2435 lsst_hardware_r 31.84520733922603 52.2400016784668 31.639999389648438 AB 11.960203549549774 1.0243700759028556
62555.2626 lsst_hardware_z 140.49589304662268 49.209999084472656 30.959999084472656 AB 11.036912667148712 1.0349693048714097
62560.2428 lsst_hardware_g 0.8324237640738152 14.510000228881836 31.450000762939453 AB 5.432462968074329 1.0301600103805557
62560.2598 lsst_hardware_r 1.0253250699720977 23.329999923706055 31.510000228881836 AB 5.715194276816303 1.0468027859117717
62562.2287 lsst_hardware_i 48.99405192351793 30.639999389648438 31.25 AB 3.327897170319713 1.0256514804765913
