data/validation/pwv_sim_epoch_fit_4/61074704.ecsv
# %ECSV 0.9
# ---
# datatype:
# - {name: time, datatype: float64}
# - {name: band, datatype: string}
# - {name: flux, datatype: float64}
# - {name: fluxerr, datatype: float64}
# - {name: zp, datatype: float64}
# - {name: zpsys, datatype: string}
# - {name: pwv, datatype: float64}
# - {name: airmass, datatype: float64}
# meta: {SNID: '61074704', alt: 1024.0, c: -0.02801579423248768, dec: -1.342993, lat: -30.244573, lon: -70.7499537, ra: 68.203125, t0: 62883.23046875,
#   x0: 1.0772612270804806e-05, x1: 0.462538480758667, z: 0.4459753632545471}
# schema: astropy-2.0
time band flux fluxerr zp zpsys pwv airmass
62754.3893 lsst_hardware_z 16.292338558360658 51.02000045776367 30.959999084472656 AB 2.6310487402680156 1.1594779611904587
62754.4074 lsst_hardware_y -9.320774962115943 59.11000061035156 30.030000686645508 AB 2.607557650289164 1.1447534866272764
62759.3834 lsst_hardware_r -37.75263031494321 75.7300033569336 31.6299991607666 AB 1.357111761523287 1.1513143257885787
62759.4014 lsst_hardware_y -17.93854686205958 60.47999954223633 30.030000686645508 AB 1.3411447284208544 1.1430210753586827
62761.39 lsst_hardware_z -5.322448561376262 86.7300033569336 31.729999542236328 AB 0.8008965563742206 1.144137937677458
62763.3814 lsst_hardware_r 14.000148329779828 47.38999938964844 31.600000381469727 AB 7.5846367524850455 1.1453694884453407
62763.4012 lsst_hardware_y 30.393012344634574 66.05000305175781 30.030000686645508 AB 7.693128879660655 1.1450096315819693
62766.3726 lsst_hardware_r -55.893763903503235 25.110000610351562 31.5 AB 1.782647936428657 1.1456606275248438
62766.3921 lsst_hardware_y 5.171941206277292 50.459999084472656 30.020000457763672 AB 1.6024968581115844 1.144640612936846
62769.3531 lsst_hardware_u -3.8370728604305997 2.609999895095825 28.309999465942383 AB 6.860775661325978 1.154138390331684
62769.3729 lsst_hardware_y 26.13802166274187 48.56999969482422 30.010000228881836 AB 6.747835686305105 1.1431197164670686
62770.3626 lsst_hardware_r 4.1550033263190755 23.40999984741211 31.479999542236328 AB 4.789345325134137 1.1452284373825965
62770.3744 lsst_hardware_y -2.5654828675550014 48.369998931884766 30.010000228881836 AB 4.795522605281029 1.1430611644559614
62775.3628 lsst_hardware_g -12.73023371115795 14.369999885559082 31.40999984741211 AB 4.771933785753993 1.1433204637925112
62775.3821 lsst_hardware_y 7.253387739094801 50.779998779296875 30.010000228881836 AB 4.823126014551208 1.1551014284641181
62777.3533 lsst_hardware_i -43.52525706315804 31.559999465942383 31.239999771118164 AB 3.3146649431885646 1.1429879114443326
62777.3712 lsst_hardware_y 92.50588805229636 48.529998779296875 30.010000228881836 AB 3.335152113349916 1.1500524528792815
62779.3113 lsst_hardware_u -3.2849976742368656 2.7100000381469727 28.399999618530273 AB 8.110625819620997 1.1738651803774118
62779.3298 lsst_hardware_g 1.1918463986973493 14.239999771118164 31.399999618530273 AB 7.96293804372765 1.1504642120533888
62786.3257 lsst_hardware_z -42.322950836115204 71.43000030517578 30.979999542236328 AB 6.043809093771036 1.1432173569554294
62786.3442 lsst_hardware_r 110.6163634599381 101.37999725341797 31.6299991607666 AB 6.373881153495443 1.1482401645641223
62792.3169 lsst_hardware_z 84.84400466225746 50.959999084472656 30.959999084472656 AB 7.066288956686624 1.1434124525382887
62792.3349 lsst_hardware_r -31.39180472245854 50.060001373291016 31.600000381469727 AB 7.447523597306421 1.154281991187397
62797.2317 lsst_hardware_z -78.72626002105801 44.150001525878906 30.93000030517578 AB 4.480479181232875 1.2520551016439498
62797.2484 lsst_hardware_u 3.6256269950452182 2.6600000858306885 28.350000381469727 AB 4.275855421553157 1.2025185745772782
62800.287 lsst_hardware_i 3.313885506081045 31.649999618530273 31.25 AB 1.600603360858955 1.1432881148992535
62800.3047 lsst_hardware_z -6.865341692671941 42.9900016784668 30.950000762939453 AB 1.5076739552860747 1.147392660034703
62802.2892 lsst_hardware_i -16.468561984473954 31.479999542236328 31.25 AB 2.601659609323619 1.1433353589644557
62802.307 lsst_hardware_u 0.9695029565193998 2.799999952316284 28.479999542236328 AB 3.3591266917172193 1.1536783142703673
62808.2727 lsst_hardware_r -38.84715560470928 23.440000534057617 31.5 AB 6.069754000970418 1.1433131054930166
62808.2908 lsst_hardware_i 26.205058190092682 31.540000915527344 31.239999771118164 AB 6.120730780612577 1.1538570319276156
62816.1537 lsst_hardware_z 123.95002119074582 97.62000274658203 30.959999084472656 AB 3.6844268239608553 1.370014932062787
62816.1794 lsst_hardware_r 49.18003069305233 138.64999389648438 31.610000610351562 AB 0.8962859354918178 1.2535467629256194
62818.2374 lsst_hardware_r 14.402818740911163 96.69000244140625 31.6299991607666 AB 7.647471667611312 1.1433619477385064
62818.2542 lsst_hardware_i 32.263658049457426 79.43000030517578 31.309999465942383 AB 5.157280093520964 1.1465718304847687
62820.2016 lsst_hardware_z 61.915994840507466 54.84000015258789 30.959999084472656 AB 4.413355759193764 1.1701340943509757
62820.2198 lsst_hardware_i 46.26416801344308 53.810001373291016 31.299999237060547 AB 8.444719388018832 1.1489414133357014
62821.2676 lsst_hardware_z 7.016027846046988 70.27999877929688 31.700000762939453 AB 6.876654349890003 1.169747709953647
62828.2297 lsst_hardware_i -8.047267438273048 31.700000762939453 31.239999771118164 AB 7.1116933120439505 1.1483438256166558
62828.2489 lsst_hardware_z -16.79907959196152 43.029998779296875 30.940000534057617 AB 7.19253232177529 1.1704055633177408
62830.221 lsst_hardware_r -37.54094300234964 23.6299991607666 31.479999542236328 AB 7.120382352866236 1.146322523201519
62830.2401 lsst_hardware_g 9.521844032184077 14.5 31.399999618530273 AB 7.246944195710611 1.1652909142483696
62834.1807 lsst_hardware_z -34.829364707800906 43.04999923706055 30.940000534057617 AB 5.006115718287218 1.1495979144872668
62834.1996 lsst_hardware_i -22.06464597280863 31.8700008392334 31.239999771118164 AB 4.9741218606579025 1.143038344080713
62837.1863 lsst_hardware_r 0.8704164229469641 28.239999771118164 31.530000686645508 AB 7.223652422065519 1.1432241647075627
62837.2037 lsst_hardware_z -82.30303354255436 43.47999954223633 30.940000534057617 AB 7.273122382809495 1.1473913258711
62839.1869 lsst_hardware_y 9.829285580059205 49.939998626708984 30.020000457763672 AB 4.152613120171073 1.1431307910179132
62839.2058 lsst_hardware_r 24.140996251720175 43.060001373291016 31.600000381469727 AB 4.184176854292385 1.1534866928144145
62841.1895 lsst_hardware_i 81.13361344779838 62.709999084472656 31.309999465942383 AB 5.956915589579304 1.1455606903037123
62841.2089 lsst_hardware_z -29.524571828789455 60.06999969482422 30.969999313354492 AB 6.26498595233043 1.1636303774760013
62845.1974 lsst_hardware_r 73.63994816729607 137.52999877929688 31.6299991607666 AB 11.310960911594199 1.162831706482162
62845.2098 lsst_hardware_i -174.01246562883804 109.69999694824219 31.31999969482422 AB 11.102763370172005 1.1835793515214799
62850.1875 lsst_hardware_z -83.53026764794969 49.34000015258789 30.950000762939453 AB 9.303948292080534 1.168289353635061
62850.2051 lsst_hardware_i 3.4439395539315694 45.439998626708984 31.270000457763672 AB 9.59576786480785 1.2035931795216874
62852.1221 lsst_hardware_r 27.549965665230623 23.760000228881836 31.489999771118164 AB 11.163690492494606 1.159010995457266
62852.1432 lsst_hardware_u -1.5074776422634009 2.7899999618530273 28.459999084472656 AB 10.734631408783134 1.143644810765631
62854.1248 lsst_hardware_g -4.648613198904159 14.550000190734863 31.420000076293945 AB 3.518246627225337 1.1506311873624002
62854.1447 lsst_hardware_r -20.538422325736782 23.729999542236328 31.5 AB 3.7062073111758695 1.1430091938861586
62856.1237 lsst_hardware_i -4.077388641474402 32.21836995977192 31.25 AB 3.5570131443063735 1.1474235949375398
62856.1436 lsst_hardware_z 12.958197257443333 43.222200002462785 30.940000534057617 AB 4.69753044374747 1.1437167067374694
62859.1244 lsst_hardware_r 120.11174202232702 25.446231037600107 31.489999771118164 AB 7.079437049154622 1.143566182827006
62859.144 lsst_hardware_g -17.333210162956036 14.639564410676199 31.40999984741211 AB 7.174618596951732 1.1476176425723568
62862.123 lsst_hardware_r 364.1108496483044 30.815074157499886 31.479999542236328 AB 5.734795333025575 1.1430156625692511
62862.1441 lsst_hardware_i 331.33017633010917 36.19994568966397 31.239999771118164 AB 5.631485651383229 1.1545844492841062
62864.0842 lsst_hardware_i 514.5160194191864 39.74286320779586 31.25 AB 8.744313878572884 1.1659085171430512
62864.1067 lsst_hardware_z 302.44613342487156 46.90121449257073 30.940000534057617 AB 8.586578662631004 1.1448771550174672
62867.0854 lsst_hardware_r 1633.2377301791942 55.22675491557953 31.579999923706055 AB 7.997856138475625 1.1542433621840134
62867.1091 lsst_hardware_z 601.7805166121071 53.374804969169226 30.950000762939453 AB 7.917806682255209 1.1429975159270314
62869.0878 lsst_hardware_y 804.4000786364975 77.98688671796647 30.770000457763672 AB 4.8446395916384555 1.1476789082945706
62869.1099 lsst_hardware_r 4343.304816489108 109.75533660498009 32.369998931884766 AB 4.884524506514871 1.144251714556925
62871.0856 lsst_hardware_i 1842.611807323687 86.625521493335 31.31999969482422 AB 11.921929415761685 1.145788507041007
62871.1067 lsst_hardware_z 1308.332266462837 76.44997894645027 30.979999542236328 AB 11.907138341881597 1.1451373669822655
62873.0834 lsst_hardware_r 3342.1201005392404 127.14511462980091 31.639999389648438 AB 10.046230554140662 1.1443805273120502
62873.1048 lsst_hardware_z 1368.5346935643277 86.64460189862139 30.979999542236328 AB 10.06895777953165 1.14700208230696
62875.082 lsst_hardware_r 3944.187806491972 117.9165039230253 31.6299991607666 AB 9.653621674444393 1.1432973440974765
62875.1029 lsst_hardware_i 2444.445068856552 94.08392928763404 31.309999465942383 AB 7.531738891757363 1.149445080771822
62880.0451 lsst_hardware_y 657.4816005951666 56.72835884062145 30.010000228881836 AB 7.694825805278337 1.1596743401906466
62880.0641 lsst_hardware_z 1972.3948587545688 60.49788343495192 30.940000534057617 AB 7.496312825911897 1.1444461198308282
62886.0489 lsst_hardware_z 4176.897567118289 91.5728253064167 31.700000762939453 AB 9.339194091055916 1.1440417424731668
62888.0388 lsst_hardware_y 674.1003334394204 63.07778350092628 30.030000686645508 AB 10.487616416781602 1.1459788472170795
62888.0598 lsst_hardware_g 1132.6956381386926 36.19524467587949 31.3799991607666 AB 12.365178242235457 1.1449239113180978
62890.0385 lsst_hardware_y 734.7071073832033 63.496619164475064 30.020000457763672 AB 16.7744826957395 1.1438837120760696
62890.0577 lsst_hardware_i 2435.965405472954 58.609607838227454 31.239999771118164 AB 14.878513073704536 1.1465957479013225
62892.0366 lsst_hardware_y 528.9174687915665 64.03030841172661 30.030000686645508 AB 12.347974752915185 1.143136944615746
62892.0568 lsst_hardware_i 2409.1163183941385 58.096911676507915 31.25 AB 13.717496781633614 1.1496875314615609
62894.0355 lsst_hardware_y 490.8098196666863 64.80535245011653 30.030000686645508 AB 12.599252190610915 1.1429966606741282
62894.0533 lsst_hardware_g 836.9828071228025 33.39693104971713 31.479999542236328 AB 13.37630966645292 1.1513105436625668
62896.0352 lsst_hardware_y 589.2536057784297 63.06628358977709 30.030000686645508 AB 12.36466459358349 1.1439319013083478
62896.0544 lsst_hardware_i 2148.0474169968397 60.273512506664076 31.270000457763672 AB 12.802223949149933 1.1580482993351215
63121.3853 lsst_hardware_r 24.89691857302257 24.690000534057617 31.489999771118164 AB 3.560353145155236 1.1585605592065893
63121.4037 lsst_hardware_y 42.37162094241857 54.81999969482422 30.010000228881836 AB 3.525322134559746 1.1443683721891675
63123.3836 lsst_hardware_z -73.29282769331593 42.900001525878906 30.940000534057617 AB 1.3872792535410825 1.1543825700363655
63123.4016 lsst_hardware_y -6.954034255754297 53.099998474121094 30.020000457763672 AB 1.3803284329802032 1.143444787778713
63125.3839 lsst_hardware_u -1.0053913767316454 2.680000066757202 28.34000015258789 AB 4.95564613606517 1.1492685844306978
63125.4024 lsst_hardware_y 32.504096036890004 57.5 30.020000457763672 AB 4.850064813042967 1.1430744315444181
63136.3661 lsst_hardware_z -8.089331346176394 42.52000045776367 30.940000534057617 AB 5.501504385857659 1.1434469417746862
63136.3859 lsst_hardware_y -50.61503679430719 50.5099983215332 30.020000457763672 AB 6.5326291193874155 1.1482912848281623
63139.3195 lsst_hardware_r 5.305471055135716 86.1500015258789 31.6200008392334 AB 4.42520132336644 1.185427624796796
63139.3404 lsst_hardware_y 29.62909410318039 54.2599983215332 30.020000457763672 AB 3.7290079780656322 1.1538962283854457
63142.2866 lsst_hardware_i -129.4756666201691 78.16000366210938 31.299999237060547 AB 3.298319656232987 1.2534784606915328
63142.3063 lsst_hardware_z 30.69163345729309 68.81999969482422 30.969999313354492 AB 3.9048159951214854 1.1963284298780579
63144.3314 lsst_hardware_r -146.34599253866557 80.5199966430664 31.6200008392334 AB 7.96432398236197 1.1497508275388841
63144.3511 lsst_hardware_z -20.30074769933002 63.9900016784668 30.969999313354492 AB 8.6877674252702 1.1431272927987106
63150.3272 lsst_hardware_u -0.7209014269026511 2.7200000286102295 28.34000015258789 AB 5.149021067650937 1.1435915752695027
63150.3458 lsst_hardware_g 0.24312507654656118 15.890000343322754 31.43000030517578 AB 5.030189054840846 1.1470700769261704
63154.3159 lsst_hardware_z 24.672622477897484 42.63999938964844 30.940000534057617 AB 6.507929120696866 1.143681527859563
63154.335 lsst_hardware_u 4.847660037086183 2.6500000953674316 28.350000381469727 AB 6.766612955195346 1.1471427930371856
63158.3134 lsst_hardware_i 0.4453637103545325 31.389999389648438 31.239999771118164 AB 4.344109448791433 1.1431866970503772
63158.3313 lsst_hardware_z -70.68328398564849 42.650001525878906 30.940000534057617 AB 4.380479786027683 1.1527578384283377
63160.317 lsst_hardware_i -15.12720051150841 31.549999237060547 31.239999771118164 AB 2.662645556406273 1.146209882223966
63160.3349 lsst_hardware_u 4.475493105145991 2.609999895095825 28.309999465942383 AB 2.920274494467826 1.163262869165655
63162.3182 lsst_hardware_g -4.633417173051263 14.3100004196167 31.399999618530273 AB 3.6146887560037566 1.1508082636115111
63162.3367 lsst_hardware_r -18.002812158164343 23.68000030517578 31.479999542236328 AB 3.8457309425472093 1.174567862320349
63164.2793 lsst_hardware_r 37.704845872865995 23.43000030517578 31.489999771118164 AB 4.362137727123628 1.1479309808220073
63164.2973 lsst_hardware_i -11.309710585121838 31.6299991607666 31.239999771118164 AB 4.32119621566407 1.1432240087298566
63167.2909 lsst_hardware_z -56.13482315391353 83.43000030517578 31.719999313354492 AB 2.593286432734554 1.1435504057920445
63169.2844 lsst_hardware_z 34.88800056419193 77.87000274658203 30.979999542236328 AB 3.923949906637872 1.1433420473886573
63169.3006 lsst_hardware_r 34.790787654002195 114.3499984741211 31.6299991607666 AB 5.099057605389275 1.1521341253774557
63171.2775 lsst_hardware_r 47.653271266457075 121.69999694824219 31.6299991607666 AB 5.717955861041153 1.143133918640727
63171.2964 lsst_hardware_i 5.441835050137505 97.55999755859375 31.31999969482422 AB 6.2140997478901685 1.1533221506848865
63180.2694 lsst_hardware_z -46.05478615976019 42.900001525878906 30.93000030517578 AB 10.774252572636724 1.1510953603244363
63180.2873 lsst_hardware_i 48.61926531124609 32.150001525878906 31.229999542236328 AB 11.167815714443257 1.1741176500203179
63182.2699 lsst_hardware_u -0.6169784665314094 2.5999999046325684 28.299999237060547 AB 4.743897461253592 1.1570481612813641
63182.2878 lsst_hardware_g -17.65631669089465 14.260000228881836 31.3700008392334 AB 4.859850561021339 1.1853294051271561
63185.2364 lsst_hardware_g -9.714323197722436 14.489999771118164 31.399999618530273 AB 8.311844171830314 1.1429928729139596
63185.2539 lsst_hardware_r 7.585361433327365 23.739999771118164 31.479999542236328 AB 5.39575938630144 1.1495829954478958
63188.2266 lsst_hardware_r 18.247737956076076 23.780000686645508 31.489999771118164 AB 5.168424059962716 1.1430773106187584
63188.2475 lsst_hardware_i 1.468822720331121 31.860000610351562 31.229999542236328 AB 5.181991455117503 1.151042082433919
63190.2239 lsst_hardware_z 60.65553982847374 42.900001525878906 30.940000534057617 AB 5.631948006738433 1.1430012190647612
63190.2431 lsst_hardware_r 38.37518722213355 23.799999237060547 31.479999542236328 AB 5.671659701204693 1.1519763784373613
63192.2253 lsst_hardware_z -12.438290220988307 42.56999969482422 30.93000030517578 AB 3.451471348179104 1.1442921999764952
63192.2443 lsst_hardware_r 26.544107234972177 23.639999389648438 31.479999542236328 AB 3.5811853835170515 1.1590534455917312
63194.2259 lsst_hardware_i -12.431098817263054 45.34000015258789 31.280000686645508 AB 8.777296201351993 1.1471965235449653
63194.2439 lsst_hardware_z 11.736943632835528 48.779998779296875 30.950000762939453 AB 8.964221364226661 1.1658500928894084
63196.2204 lsst_hardware_r -37.02610508068758 83.37000274658203 31.6299991607666 AB 6.042915545076295 1.1471712102277345
63196.239 lsst_hardware_z -85.5787653575005 64.3499984741211 30.969999313354492 AB 6.143926776835915 1.1666791360260622
63200.2233 lsst_hardware_i 221.76509700321589 100.61000061035156 31.31999969482422 AB 6.3706616280280475 1.160094988259639
63200.2433 lsst_hardware_z 17.949887514980272 86.72000122070312 30.979999542236328 AB 6.565180547897874 1.1953716895998627
63203.1871 lsst_hardware_z 71.95743645517094 55.18000030517578 30.959999084472656 AB 7.299772897247167 1.1429889658832408
63203.2062 lsst_hardware_r 32.006785638013234 63.9900016784668 31.610000610351562 AB 7.345770659102634 1.1507428127220858
63205.1893 lsst_hardware_u 4.608789715745674 6.070000171661377 28.920000076293945 AB 2.754943859851749 1.1441192704001053
63205.208 lsst_hardware_r 15.0585243190381 41.83000183105469 31.579999923706055 AB 2.715600263272313 1.1580796460168366
63207.1923 lsst_hardware_i 22.57045121882694 31.600000381469727 31.229999542236328 AB 4.6925327007587585 1.1484416790891538
63207.2113 lsst_hardware_z 26.277466892848047 43.83000183105469 30.940000534057617 AB 4.9370974949605175 1.1702980787675632
63209.1923 lsst_hardware_r 18.740606329366155 23.639999389648438 31.479999542236328 AB 6.958753576552967 1.1529705205125218
63209.2107 lsst_hardware_u 0.4533981745980608 2.6600000858306885 28.350000381469727 AB 6.4287861785562335 1.178728672269449
63212.1444 lsst_hardware_g 5.473588479512235 14.510000228881836 31.399999618530273 AB 13.512969006498588 1.150823454820183
63212.1624 lsst_hardware_r 31.76503738559402 23.6299991607666 31.479999542236328 AB 13.464308032491317 1.1429883940172603
63215.1867 lsst_hardware_i 0.27610247685699835 31.729999542236328 31.229999542236328 AB 9.30061860627743 1.166042350902509
63215.2058 lsst_hardware_z 35.56709800291269 43.40999984741211 30.93000030517578 AB 9.58756472025087 1.203616622434435
63217.1159 lsst_hardware_z -44.6427088522163 43.150001525878906 30.940000534057617 AB 11.203405406117671 1.1685937230944832
63217.1357 lsst_hardware_r -13.845598872135431 23.639999389648438 31.479999542236328 AB 10.767617397866363 1.1471998079976946
63219.117 lsst_hardware_u 1.2183557809920498 2.890000104904175 28.459999084472656 AB 3.5409183293546307 1.159436257155989
63219.1357 lsst_hardware_r -11.677203706677822 24.139999389648438 31.5 AB 3.9027526012887823 1.1445022291169449
63221.1188 lsst_hardware_i -32.02654321149231 36.34000015258789 31.260000228881836 AB 3.5703080712144564 1.1517122810369214
63221.139 lsst_hardware_z -104.06978027123267 44.79999923706055 30.940000534057617 AB 4.744228699351034 1.1429810755527745
63223.1123 lsst_hardware_r 49.84812189666231 54.720001220703125 31.610000610351562 AB 4.9076610060461725 1.152664449865952
63223.1305 lsst_hardware_z 77.60270161541818 51.61000061035156 30.959999084472656 AB 5.453623019615251 1.1431174888276507
63225.1214 lsst_hardware_y -2.4811083310535222 57.779998779296875 30.020000457763672 AB 6.9590359117810765 1.1438257580179867
63225.142 lsst_hardware_r 105.09319601769542 93.81999969482422 31.6299991607666 AB 7.265792314821985 1.1476531850926597
63227.1246 lsst_hardware_i 104.16310613415298 105.8499984741211 31.31999969482422 AB 5.759853239442681 1.1431115335039517
63227.1454 lsst_hardware_z 46.10854750245108 92.25 30.979999542236328 AB 5.604599809520661 1.155230301869735
63230.0841 lsst_hardware_z -39.95936053633795 96.95999908447266 31.729999542236328 AB 8.546788769677734 1.1631712889983772
63230.106 lsst_hardware_r 86.24329725221283 134.05999755859375 32.380001068115234 AB 8.451407835183566 1.144376046830502
