data/validation/pwv_sim_epoch_fit_4/61150433.ecsv
# %ECSV 0.9
# ---
# datatype:
# - {name: time, datatype: float64}
# - {name: band, datatype: string}
# - {name: flux, datatype: float64}
# - {name: fluxerr, datatype: float64}
# - {name: zp, datatype: float64}
# - {name: zpsys, datatype: string}
# - {name: pwv, datatype: float64}
# - {name: airmass, datatype: float64}
# meta: {SNID: '61150433', alt: 1024.0, c: 0.04309038072824478, dec: -20.264481, lat: -30.244573, lon: -70.7499537, ra: 172.265625, t0: 60320.125,
#   x0: 3.5805443473232264e-06, x1: -1.026138186454773, z: 0.7036184668540955}
# schema: astropy-2.0
time band flux fluxerr zp zpsys pwv airmass
60319.3438 lsst_hardware_r 957.474522311186 38.645466539915645 31.510000228881836 AB 7.001608118515869 1.0282872842584618
60319.3649 lsst_hardware_y 417.8558511696401 72.21473542088692 30.079999923706055 AB 6.918365355777632 1.0158008083952035
60321.3461 lsst_hardware_z 915.4539309962163 50.22786418721306 30.959999084472656 AB 5.511274520921349 1.0219311182869204
60321.3655 lsst_hardware_y 373.62454483209444 67.11410049007458 30.079999923706055 AB 5.45618284066068 1.0149778955777293
60323.3508 lsst_hardware_u 0.37733839402993036 3.106749072086815 28.540000915527344 AB 7.008076412922931 1.0167192610087188
60325.3629 lsst_hardware_r 775.495298747741 38.7071811627533 31.540000915527344 AB 4.536697958670359 1.0158302639208148
60327.3499 lsst_hardware_r 758.2493591293177 35.09797040635689 31.5 AB 6.7886395117848135 1.0149592482391359
60327.3686 lsst_hardware_y 392.9003220618477 61.58072901265958 30.059999465942383 AB 6.835533366281257 1.0205969864176765
60329.3428 lsst_hardware_g 49.99395539453778 16.08152034225662 31.43000030517578 AB 9.987023523617719 1.015018779238017
60329.3622 lsst_hardware_z 720.8372685661575 50.857859965518564 30.950000762939453 AB 9.821391776367497 1.0200334191584877
60331.3425 lsst_hardware_i 933.4887840623051 42.620889070443305 31.25 AB 9.035336358789534 1.0151302927259622
60331.3638 lsst_hardware_y 351.0458659929479 53.05022501976093 30.049999237060547 AB 9.143699294770283 1.0250017892650358
60333.3273 lsst_hardware_z 572.3053824476164 57.911329851105464 30.969999313354492 AB 7.937868550498427 1.015657162113547
60333.3479 lsst_hardware_r 595.8591217490465 54.46038779607365 31.6299991607666 AB 7.320061193793757 1.0182544029574234
60335.3336 lsst_hardware_z 1206.1223446739896 96.6855203819211 31.739999771118164 AB 14.214012442221703 1.0154135297070492
60337.3293 lsst_hardware_z 587.8268335777797 68.86891173577868 30.989999771118164 AB 11.882959419063624 1.0156375571849252
60337.3474 lsst_hardware_r 442.7470831063197 90.64451122704857 31.65999984741211 AB 12.105495599144101 1.02498463354898
60339.3236 lsst_hardware_y 536.6274553964753 79.37507766723928 30.809999465942383 AB 11.366197750802522 1.015587173659394
60341.3158 lsst_hardware_r 323.30503368158816 60.373078646978826 31.649999618530273 AB 9.903262895616079 1.0151986566495212
60341.3345 lsst_hardware_i 509.88834266456894 56.59330677152824 31.31999969482422 AB 12.06952760527338 1.0234195256026044
60345.3019 lsst_hardware_i 401.57292287692246 36.519638935352354 31.260000228881836 AB 6.620285837927677 1.0149661444083724
60345.3208 lsst_hardware_z 419.8785500231604 46.037197226855184 30.950000762939453 AB 6.659510820775305 1.0214495864985895
60349.2393 lsst_hardware_r 112.87523198032483 25.80217563565764 31.5 AB 5.6463935582612885 1.0591952899661632
60349.2581 lsst_hardware_u -1.3706957296391376 2.7919862174589514 28.479999542236328 AB 5.44523113249741 1.0321571641361764
60353.2747 lsst_hardware_z 259.50785760050394 44.090939780515065 30.950000762939453 AB 5.38423945467192 1.0152876183422308
60353.2906 lsst_hardware_r 55.62204232982373 25.0865462245456 31.5 AB 5.415163344754076 1.0171071723935092
60355.2744 lsst_hardware_u -0.9204919871440982 2.862515414413947 28.530000686645508 AB 3.422441966006246 1.014959064651935
60355.2911 lsst_hardware_g 36.607867232831836 15.20339704528108 31.450000762939453 AB 3.4591964060394265 1.0199606091815856
60360.263 lsst_hardware_z 244.21705232966093 47.276974647490455 30.969999313354492 AB 2.754449519228307 1.0150910334358971
60360.2808 lsst_hardware_r 97.15137450854496 24.538552617276526 31.510000228881836 AB 2.7676541284431377 1.0220917566725443
60361.2675 lsst_hardware_z 206.28371449735275 51.25965845014193 30.969999313354492 AB 5.086665907471599 1.016655411220173
60361.2848 lsst_hardware_r 104.09146220828436 46.69024991767858 31.6299991607666 AB 5.34492065074558 1.0275400161638413
60364.263 lsst_hardware_i 22.732277353523017 85.99766100202119 31.34000015258789 AB 10.0725679326357 1.0181252806343415
60364.2805 lsst_hardware_z 297.1705517738555 76.08196180542525 31.0 AB 10.203672548734595 1.0314119579228838
60366.2451 lsst_hardware_z 150.7940307935577 81.55184936813868 31.0 AB 5.621645695283791 1.0149817697310648
60366.2635 lsst_hardware_r 50.03846873043779 121.54882821324827 31.670000076293945 AB 6.627456182102643 1.0214682394260284
60368.2496 lsst_hardware_y 361.3174911593582 79.67774491578403 30.809999465942383 AB 5.377422721517726 1.0170868099647365
60370.2462 lsst_hardware_r 73.78180834486393 56.06819285359732 31.639999389648438 AB 3.30014441442921 1.017934736097844
60370.2636 lsst_hardware_i 142.34656837007066 50.26644033557778 31.309999465942383 AB 3.5135283020056836 1.0308640494882202
60371.2429 lsst_hardware_z 180.37022737702986 47.345136440436384 30.959999084472656 AB 5.309097104957923 1.0176857809573987
60371.2599 lsst_hardware_r 90.1552189444581 44.09741562621211 31.610000610351562 AB 6.026863837561927 1.0298663730970898
60373.2309 lsst_hardware_u 12.698425764323044 4.640568182804764 28.760000228881836 AB 11.003338188189067 1.0156068198711554
60373.2484 lsst_hardware_r 62.41560470686389 29.11421178585725 31.540000915527344 AB 11.097570575693204 1.0243990100563731
60376.0692 lsst_hardware_i 165.85290941987296 50.51045018608177 31.93000030517578 AB 14.297754432104922 1.5121897865790503
60380.2253 lsst_hardware_r 40.970177051972605 24.200712926644854 31.5 AB 7.558965558130697 1.0214818321798238
60380.2459 lsst_hardware_u -4.926409254820395 2.884156916997336 28.3700008392334 AB 7.715063758857699 1.0425761836294187
60385.2194 lsst_hardware_r 60.11964728399337 24.389654032426552 31.510000228881836 AB 8.51103059934034 1.027654020688271
60385.239 lsst_hardware_i 67.84173253801617 32.110248973361024 31.239999771118164 AB 8.685425259066696 1.0528745351476432
60389.0976 lsst_hardware_z 3.9649593772179994 51.02206376207569 30.950000762939453 AB 5.591861084622241 1.1411961397188246
60389.1118 lsst_hardware_r 60.59870339168555 52.30896654051136 31.610000610351562 AB 5.386250912578109 1.0992348801179812
60391.1991 lsst_hardware_i 154.9144083687164 64.39814809008435 31.329999923706055 AB 7.043416209025717 1.0242734252927792
60391.2198 lsst_hardware_z 72.80445065641395 61.75367832430673 30.979999542236328 AB 6.748832022043465 1.048362255851412
60392.1878 lsst_hardware_r -58.033411562979595 101.20596594329761 31.65999984741211 AB 6.0906833791110655 1.018721869807412
60392.208 lsst_hardware_z 127.58680152132943 73.57862131003931 30.989999771118164 AB 6.131697026035847 1.0358908689506015
60395.1395 lsst_hardware_y 30.893079685492385 63.69561866928063 30.06999969482422 AB 7.075256794608029 1.0253995354504388
60395.1586 lsst_hardware_r -122.48820371414932 130.12911480503624 31.670000076293945 AB 7.007136564172317 1.015527038285843
60397.1698 lsst_hardware_i 32.768475914193374 68.84686195151617 31.34000015258789 AB 6.668873711785519 1.0168549497004684
60397.187 lsst_hardware_z 82.6052307901212 62.723282184806884 30.989999771118164 AB 6.738159815777406 1.0279942762068865
60399.1669 lsst_hardware_r 27.63477370708175 52.19838489423711 31.6299991607666 AB 4.850184646242533 1.017877155559818
60399.1871 lsst_hardware_z 81.42520215694348 49.71527628724452 30.959999084472656 AB 4.868725803728083 1.0337911995883748
60401.1646 lsst_hardware_r 36.92846393769234 33.21756874389699 31.579999923706055 AB 8.590333005623041 1.0194425924907187
60401.1836 lsst_hardware_i 100.23591717844431 37.231352738887196 31.280000686645508 AB 8.496018384593805 1.0360998029992445
60413.1392 lsst_hardware_i 28.547141963739527 30.8700008392334 31.270000457763672 AB 5.071151449754753 1.0244060567816482
60413.1577 lsst_hardware_z -47.421205372029284 41.560001373291016 30.959999084472656 AB 5.13851341485798 1.045298541757853
60417.1287 lsst_hardware_r 13.87590916653497 41.400001525878906 31.6200008392334 AB 12.069122072702374 1.0247464471770618
60417.1463 lsst_hardware_i -27.70520007254729 40.900001525878906 31.290000915527344 AB 12.263607678794521 1.0446003133555812
60420.0548 lsst_hardware_z -63.23627989306578 65.4800033569336 30.989999771118164 AB 7.398188187933716 1.044057040351891
60420.0677 lsst_hardware_i -57.75239020297611 71.29000091552734 31.34000015258789 AB 7.235487597075532 1.028596066494176
60423.1206 lsst_hardware_z -173.93675543174294 118.81999969482422 31.75 AB 9.445585077519683 1.0326994016858562
60429.0929 lsst_hardware_i 19.44104417686889 37.0 31.290000915527344 AB 10.736557187280953 1.0224318814666178
60429.1103 lsst_hardware_z 34.36893548001738 44.939998626708984 30.959999084472656 AB 10.985072702555351 1.0401053545950245
60432.0883 lsst_hardware_r 27.91761631398972 22.979999542236328 31.520000457763672 AB 13.613190539783881 1.0252054478882313
60432.1044 lsst_hardware_g -13.688362459945237 14.300000190734863 31.450000762939453 AB 13.843917339182243 1.0432492343016007
60443.0306 lsst_hardware_z 11.238407757018697 41.0099983215332 30.950000762939453 AB 5.96518582847006 1.015077212405736
60443.0484 lsst_hardware_i -11.979977818181226 30.860000610351562 31.25 AB 6.473999476182056 1.0186451854585878
60447.0073 lsst_hardware_y 23.08269108944257 49.56999969482422 30.059999465942383 AB 7.441475634284853 1.0187987177572322
60447.0248 lsst_hardware_r -115.01580170056144 52.34000015258789 31.639999389648438 AB 7.415609623973907 1.0150258410823187
60454.0081 lsst_hardware_r -163.98335895865836 117.55999755859375 32.40999984741211 AB 4.821504653075539 1.0153029838365166
60454.0352 lsst_hardware_i 101.5715345447143 94.94000244140625 32.09000015258789 AB 4.868213638919615 1.0318748660584904
60457.9878 lsst_hardware_z 66.31665584595463 40.97999954223633 30.959999084472656 AB 9.01466575406674 1.0153079830006184
60458.0089 lsst_hardware_i 11.777222113748936 30.610000610351562 31.260000228881836 AB 9.639508047573155 1.0194065194133934
60459.967 lsst_hardware_y 53.819039778671254 47.619998931884766 30.049999237060547 AB 9.273310519260848 1.0216272468063128
60459.9875 lsst_hardware_u 3.5458169372877304 2.759999990463257 28.489999771118164 AB 9.235998005716988 1.0149448357930757
60463.9774 lsst_hardware_z -55.7185843711677 58.09000015258789 31.700000762939453 AB 10.961661466332764 1.0149686542900707
60465.9665 lsst_hardware_y -2.0766736035074858 47.11000061035156 30.049999237060547 AB 4.365481582395397 1.0152282749756738
60465.9866 lsst_hardware_g 13.288300254526398 14.510000228881836 31.440000534057617 AB 4.382394209088513 1.0191614439740728
60467.9492 lsst_hardware_y 25.098935750420694 67.11000061035156 30.06999969482422 AB 2.0647158836115023 1.0191933608942272
60467.9693 lsst_hardware_i -33.798847715834675 30.59000015258789 31.25 AB 2.4844972604127356 1.015220047160174
60692.2986 lsst_hardware_r 42.57775401301266 85.2699966430664 31.649999618530273 AB 2.8582357911473855 1.0618503914358262
60692.3185 lsst_hardware_y 4.6271815866761505 54.439998626708984 30.059999465942383 AB 2.750158947060575 1.0325357413405576
60694.357 lsst_hardware_z 38.0508183314822 88.38999938964844 31.739999771118164 AB 6.260972973803796 1.0171622940220615
60695.3483 lsst_hardware_i 45.090711659242494 53.25 31.31999969482422 AB 9.787254212385871 1.0154596749810259
60695.3676 lsst_hardware_y 66.45535494611188 60.29999923706055 30.06999969482422 AB 10.011994031144175 1.0252938075928555
60697.3462 lsst_hardware_r 24.074535835648586 34.40999984741211 31.59000015258789 AB 9.084958814816149 1.016271470978932
60697.3661 lsst_hardware_y -49.7284045245034 52.220001220703125 30.059999465942383 AB 9.160006541547007 1.0288866699605377
60699.2414 lsst_hardware_u 2.155718023555711 2.75 28.350000381469727 AB 11.507216790775002 1.166114389012465
60699.2634 lsst_hardware_g 21.127133433430068 16.469999313354492 31.459999084472656 AB 10.377100545646021 1.0973124067936082
60701.291 lsst_hardware_z -7.237145404801742 41.29999923706055 30.950000762939453 AB 13.201881836627217 1.035915661018287
60701.3093 lsst_hardware_r 17.721042226634978 23.18000030517578 31.520000457763672 AB 12.43119639162059 1.0197445873114794
60703.3325 lsst_hardware_u 4.711609601654662 2.890000104904175 28.59000015258789 AB 11.901095997751613 1.0171876921155225
60703.3505 lsst_hardware_g 23.60898635915091 14.430000305175781 31.459999084472656 AB 12.156922554354747 1.0296586744324017
60707.3212 lsst_hardware_z -1.5626485658758875 40.959999084472656 30.959999084472656 AB 10.106350613607715 1.017042428661338
60707.3395 lsst_hardware_r -24.690360109086622 23.049999237060547 31.520000457763672 AB 12.143532292760543 1.0295782522688681
60709.2961 lsst_hardware_r -8.540264819245596 22.979999542236328 31.520000457763672 AB 9.46035842116556 1.0160956362349647
60709.3149 lsst_hardware_u 4.268302249545735 2.9100000858306885 28.610000610351562 AB 9.521256768204182 1.0167394701483454
60711.3032 lsst_hardware_g -4.270552607698829 14.25 31.459999084472656 AB 6.657175413876106 1.0152260187895727
60711.3203 lsst_hardware_i -48.32932784061826 30.59000015258789 31.270000457763672 AB 6.752146062254104 1.0224843867933124
60714.2538 lsst_hardware_y -90.4516143631849 46.90999984741211 30.049999237060547 AB 7.741616462672001 1.038028487888442
60714.2722 lsst_hardware_g 2.3543401254064293 14.100000381469727 31.440000534057617 AB 7.5766391231971095 1.0206977129458588
60716.2837 lsst_hardware_r -108.92522085062035 59.630001068115234 31.649999618530273 AB 3.4321522003339937 1.0149792105083524
60716.3022 lsst_hardware_i 35.68002370110678 48.34000015258789 31.31999969482422 AB 2.962075703192155 1.01964740213156
60718.2788 lsst_hardware_z 34.842566269995764 68.8499984741211 31.0 AB 5.55280922187933 1.0149532483786017
60718.296 lsst_hardware_r -113.49746927979923 98.33999633789062 31.670000076293945 AB 6.174050946767591 1.0192407671098072
60720.2757 lsst_hardware_z -32.431399487019156 76.58000183105469 31.0 AB 3.457628566877796 1.0149594619015057
60720.2916 lsst_hardware_r 117.10622158995861 112.02999877929688 31.670000076293945 AB 3.511100044948214 1.0198286425758476
60722.23 lsst_hardware_i 55.556036749158054 74.3499984741211 31.329999923706055 AB 3.9573454534008086 1.040585183644672
60722.2478 lsst_hardware_z -53.49975198313497 66.41000366210938 30.989999771118164 AB 4.132791353974002 1.0223987516788628
60724.2804 lsst_hardware_r 53.441773126943026 61.709999084472656 31.649999618530273 AB 4.842920106853622 1.0196694613861634
60724.2997 lsst_hardware_z 1.9424484896731533 53.65999984741211 30.979999542236328 AB 5.091064104768557 1.0369821987511063
60727.261 lsst_hardware_g -4.970054293161472 24.760000228881836 31.6299991607666 AB 5.20425929050999 1.0154652274165834
60727.2784 lsst_hardware_r -41.79996087867447 29.850000381469727 31.579999923706055 AB 5.350249216951801 1.0238078552610688
60731.2455 lsst_hardware_z 68.51118929541953 40.900001525878906 30.950000762939453 AB 8.659644401083868 1.0149507526786778
60731.2638 lsst_hardware_r -13.414521421221265 23.149999618530273 31.510000228881836 AB 9.007572545799272 1.0211895411305894
60733.2418 lsst_hardware_u -3.8043841012902244 2.799999952316284 28.520000457763672 AB 5.884081765289689 1.0150656428670701
60733.2591 lsst_hardware_r 26.29089146889583 23.209999084472656 31.510000228881836 AB 6.055910651669567 1.0216922705549827
60736.244 lsst_hardware_i -34.586496227325725 30.389999389648438 31.25 AB 3.3202010228085452 1.017842128390112
60736.2606 lsst_hardware_z -27.03971046091248 41.060001373291016 30.950000762939453 AB 3.5993281676592273 1.0298506917479906
60738.2302 lsst_hardware_r -14.42312369757908 23.040000915527344 31.5 AB 5.668411099325605 1.0153287337956722
60738.2487 lsst_hardware_u -2.740172098277366 2.6700000762939453 28.40999984741211 AB 5.695682814383753 1.024065712334138
60740.2287 lsst_hardware_g 16.240347792986594 14.430000305175781 31.450000762939453 AB 8.005543851203866 1.0162328757928152
60740.2467 lsst_hardware_r 5.913718842876121 23.139999389648438 31.510000228881836 AB 8.1125648753782 1.0269936123780319
60742.2267 lsst_hardware_i 21.259931249909126 30.68000030517578 31.260000228881836 AB 10.962859875744538 1.0174505290796
