data/validation/pwv_sim_epoch_fit_4/61483578.ecsv
# %ECSV 0.9
# ---
# datatype:
# - {name: time, datatype: float64}
# - {name: band, datatype: string}
# - {name: flux, datatype: float64}
# - {name: fluxerr, datatype: float64}
# - {name: zp, datatype: float64}
# - {name: zpsys, datatype: string}
# - {name: pwv, datatype: float64}
# - {name: airmass, datatype: float64}
# meta: {SNID: '61483578', alt: 1024.0, c: -0.03535943478345871, dec: -55.682144, lat: -30.244573, lon: -70.7499537, ra: 7.540541, t0: 61275.5546875,
#   x0: 2.807841302982412e-06, x1: 0.7911229133605957, z: 0.7761989831924438}
# schema: astropy-2.0
time band flux fluxerr zp zpsys pwv airmass
61223.4449 lsst_hardware_z 91.1898517281911 76.51000213623047 30.979999542236328 AB 8.11308368118939 1.1063421649595422
61231.4057 lsst_hardware_i 68.46838485829333 30.959999084472656 31.239999771118164 AB 10.623200591712045 1.1075832965570906
61231.4168 lsst_hardware_y -78.72308089255866 48.09000015258789 30.020000457763672 AB 11.550954915879188 1.1059630816841026
61242.4284 lsst_hardware_g 13.687933201157241 14.456433032803803 31.399999618530273 AB 7.058729006387549 1.1261982380260138
61242.4402 lsst_hardware_r -12.689571700415508 29.651747296175614 31.530000686645508 AB 7.098347290957777 1.1397932304536593
61248.4239 lsst_hardware_g -2.273938346052162 37.935550368610016 31.639999389648438 AB 3.5025244824836683 1.139897314759276
61248.4351 lsst_hardware_r 6.562290189567779 26.691420802885368 31.5 AB 3.5628910996687 1.15628226947275
61249.4116 lsst_hardware_i 89.4145211503805 63.996123448288586 31.309999465942383 AB 3.9588477190535976 1.1285734933397438
61249.423 lsst_hardware_r -23.15356819889134 67.44017242129766 31.6200008392334 AB 4.1124216157092945 1.1423393376970261
61251.3997 lsst_hardware_z 414.79566213860954 97.63780361808969 31.729999542236328 AB 5.369216203833115 1.1222887031177566
61253.4063 lsst_hardware_z 157.57241075331717 60.72280831287213 30.969999313354492 AB 7.139850419747275 1.1349309203222502
61253.4174 lsst_hardware_r 183.56585480582967 77.57321449403953 31.6200008392334 AB 7.716303534980739 1.1499564389385413
61256.4012 lsst_hardware_i 538.3302328881747 46.85346983679546 31.270000457763672 AB 2.2542163669314075 1.1387806854919966
61256.4124 lsst_hardware_z 245.1122278310296 50.4973939748504 30.940000534057617 AB 2.3461800112829585 1.1549003255146237
61260.3988 lsst_hardware_g 102.22528328576257 18.33977815703938 31.420000076293945 AB 1.6110202144119756 1.1507287245799827
61260.4091 lsst_hardware_r 483.9412830772457 32.23074000994212 31.469999313354492 AB 1.6350365729008727 1.1678832663577663
61263.3952 lsst_hardware_u 0.5263668577092072 2.8357653980826893 28.31999969482422 AB 6.966324104433269 1.1579981888516309
61263.4064 lsst_hardware_g 156.83570488727767 17.743076510168173 31.360000610351562 AB 7.133395995945927 1.1782946805328587
61266.3907 lsst_hardware_r 693.1461476505845 34.83677838338361 31.479999542236328 AB 4.0586739716217135 1.164278247740021
61266.4025 lsst_hardware_i 949.3990454897274 43.60443662816626 31.239999771118164 AB 4.043159747787785 1.1870698026388096
61268.3947 lsst_hardware_z 619.1444805111679 49.01602388404832 30.93000030517578 AB 5.684674339463441 1.1822136507150756
61268.4059 lsst_hardware_r 688.9162689382417 34.847470538859916 31.450000762939453 AB 5.873166850564585 1.2070424601684397
61274.3432 lsst_hardware_z 1338.8105894345033 69.45939980631232 31.690000534057617 AB 2.1797303188762887 1.1284194920846622
61276.3719 lsst_hardware_r 659.9234049462234 44.546000311089244 31.559999465942383 AB 3.7831704549317147 1.1802736444254518
61276.383 lsst_hardware_i 969.7334357956444 44.56313014311721 31.219999313354492 AB 4.584911210609813 1.2045216307401485
61278.3648 lsst_hardware_z 700.430784923917 69.16246822649353 30.969999313354492 AB 2.7495181194604226 1.1770197429197016
61278.3755 lsst_hardware_r 658.9503847525389 84.67455368974062 31.610000610351562 AB 2.4400296291544583 1.1997687174699243
61281.3648 lsst_hardware_r 568.0178064304694 98.91802201836197 31.6200008392334 AB 8.40771356275097 1.1941078771127638
61281.376 lsst_hardware_z 827.2495878345343 72.53157032747885 30.969999313354492 AB 9.099628029903688 1.220989537960062
61286.3614 lsst_hardware_i 821.8043898956633 47.55034230983921 31.25 AB 1.2518558108614304 1.2185488100533066
61286.3726 lsst_hardware_r 526.5801164538246 42.596347133348246 31.549999237060547 AB 1.2727479988919495 1.2494253915824112
61299.2965 lsst_hardware_r 211.45175731235346 26.675872474280826 31.469999313354492 AB 3.093539314853594 1.1573285876741919
61299.3079 lsst_hardware_i 456.56360372154984 37.771941346713476 31.229999542236328 AB 3.1386609062081536 1.1778812507659493
61305.2826 lsst_hardware_r 168.87198298012774 57.85346460583569 31.610000610351562 AB 1.876954298994059 1.1614816206641942
61305.2946 lsst_hardware_z 330.78346350205476 54.75186287843351 30.950000762939453 AB 2.3823280904499033 1.184108730704504
61307.284 lsst_hardware_y 167.30822367278114 55.002550139036195 30.010000228881836 AB 4.728134982971951 1.1738898846681027
61307.296 lsst_hardware_r 217.22279938174415 78.94425892481256 31.610000610351562 AB 5.299148233168244 1.1990379529741175
61309.2776 lsst_hardware_i 160.19859633448502 77.03655348338769 31.309999465942383 AB 3.7062112774098304 1.172109828402856
61309.2887 lsst_hardware_z 134.29330861525554 69.20394374726192 30.959999084472656 AB 3.775650366550804 1.194889086940494
61313.2504 lsst_hardware_r -46.44067976832157 53.61418207407244 31.610000610351562 AB 2.823204967327225 1.1453164167651277
61313.2624 lsst_hardware_z 221.19851758379437 51.7793126959499 30.950000762939453 AB 2.8108899252710224 1.1643313463319922
61315.3056 lsst_hardware_z 214.83654221325082 49.15840728730534 30.940000534057617 AB 4.092800929920026 1.2884286355633754
61315.3166 lsst_hardware_i 235.2938699963116 41.764183567065274 31.239999771118164 AB 4.242026906656879 1.3290251913707953
61317.251 lsst_hardware_z 133.23177233619842 44.291158341229135 30.940000534057617 AB 3.182744899444084 1.16349658177461
61317.2626 lsst_hardware_r 40.515838907710915 23.591955886984554 31.459999084472656 AB 3.26542996067444 1.1857044156406826
61319.2473 lsst_hardware_u 1.7519807520584714 2.5473058499036765 28.309999465942383 AB 5.671278088486062 1.166609590336059
61319.2589 lsst_hardware_g 44.32037759964165 13.546914653158346 31.34000015258789 AB 6.970096994624115 1.1894363472054803
61321.2407 lsst_hardware_r 18.556393602312387 23.38666520717827 31.459999084472656 AB 3.777143587963808 1.1645869233187487
61321.2515 lsst_hardware_i 187.0138937332022 33.36799604398755 31.229999542236328 AB 4.42406044493711 1.1853336907040102
61323.2448 lsst_hardware_z 88.25292185460759 44.41070582817139 30.940000534057617 AB 3.124495688576931 1.1827743931522432
61323.2563 lsst_hardware_r 27.258448061930046 23.39020598827293 31.469999313354492 AB 3.877821089493412 1.2084204080689582
61325.2414 lsst_hardware_u -1.9604974670347144 2.626623953842458 28.329999923706055 AB 6.528836241100181 1.1870611347454874
61325.2534 lsst_hardware_r -7.986633224016386 23.348578606016616 31.450000762939453 AB 6.641810805725017 1.2147246684148678
61326.2784 lsst_hardware_z 80.14696714409828 45.47967902583256 30.93000030517578 AB 7.212304480788697 1.2983835964094506
61326.2894 lsst_hardware_i 67.00583184890688 33.76158879139525 31.209999084472656 AB 7.49098247177017 1.340388131653973
61328.243 lsst_hardware_r -11.106030641564583 23.130149552186214 31.469999313354492 AB 7.652712852141273 1.2092777748972252
61328.2528 lsst_hardware_u -1.1755482214666286 2.6290333671757224 28.350000381469727 AB 7.776022521900127 1.2347466027470693
61332.1791 lsst_hardware_g 22.05487172692971 32.17948234200787 31.6299991607666 AB 2.910154347930804 1.1228169305887417
61332.1899 lsst_hardware_r 6.007295941852295 36.147396845932214 31.56999969482422 AB 2.936502532819313 1.1341131728567848
61340.2149 lsst_hardware_i -16.532090469506276 63.090934538787664 31.290000915527344 AB 3.7811099662706176 1.220992965615764
61340.2255 lsst_hardware_z -30.205290449527237 60.28867770242753 30.950000762939453 AB 3.8273397125004953 1.2504581270931945
61342.1684 lsst_hardware_r 64.8018148611698 53.08521385054494 31.610000610351562 AB 2.4330040597947784 1.1414515879868965
61342.1801 lsst_hardware_z 13.23855333437662 50.886476741358116 30.959999084472656 AB 2.445528891142044 1.159018431820874
61355.0702 lsst_hardware_i 84.78784017284843 31.49330868741207 31.239999771118164 AB 3.8566100796913294 1.106895980777295
61355.0818 lsst_hardware_z 57.581180007638615 42.72920606552102 30.940000534057617 AB 3.8365500373352646 1.1061121629913488
61362.1543 lsst_hardware_r 63.78398613263271 38.91800961185511 31.559999465942383 AB 5.772280619640225 1.2196462140700914
61362.1668 lsst_hardware_y 31.880547787443945 50.606313449411154 29.979999542236328 AB 7.036067193913268 1.2545922870616089
61363.059 lsst_hardware_z 182.5904275509704 68.56956544437134 31.700000762939453 AB 5.218667797087767 1.106060042831061
61367.0544 lsst_hardware_i -27.25209260852856 57.959999084472656 31.309999465942383 AB 7.532029480088448 1.1068375429960982
61367.0667 lsst_hardware_z 45.31097793480149 55.7599983215332 30.969999313354492 AB 7.5825589738668 1.1110790495811687
61369.0595 lsst_hardware_i -0.009539434315167667 57.9900016784668 31.309999465942383 AB 5.721539287723072 1.1102598876564822
61369.0727 lsst_hardware_z 56.58672181418894 56.13999938964844 30.959999084472656 AB 5.795363176168085 1.1183282107551504
61373.0985 lsst_hardware_i 21.428698304610005 31.18000030517578 31.219999313354492 AB 5.835798061837142 1.1642489898927209
61373.1112 lsst_hardware_r -16.706234176270538 22.760000228881836 31.459999084472656 AB 5.967359114369563 1.188934057886313
61375.0987 lsst_hardware_u -2.678588737680395 2.569999933242798 28.31999969482422 AB 10.431975383598685 1.1746507455422601
61375.1105 lsst_hardware_g 3.2563262296703055 13.369999885559082 31.360000610351562 AB 10.668480428226083 1.1994806114316647
61593.442 lsst_hardware_r 64.50566101612334 28.639999389648438 31.540000915527344 AB 1.9016710544348694 1.1088460958803903
61598.4401 lsst_hardware_g -16.880310461496514 22.299999237060547 31.559999465942383 AB 9.784502839823574 1.1149160027146543
61607.1941 lsst_hardware_z 15.09448230818564 100.62000274658203 31.649999618530273 AB 10.753705111586713 1.717158500852028
61607.214 lsst_hardware_i -2.601838606786569 72.81999969482422 31.229999542236328 AB 8.74151753553907 1.5661358101265896
61611.4214 lsst_hardware_r -6.031953208838954 40.66999816894531 31.59000015258789 AB 6.908047909386116 1.129504236328665
61611.4326 lsst_hardware_y -30.72020715160568 54.560001373291016 30.020000457763672 AB 7.021974490911704 1.1432716527046083
61612.4182 lsst_hardware_g 16.373912025840358 30.010000228881836 31.6200008392334 AB 6.825172666990752 1.1289985664409052
61612.4293 lsst_hardware_r -40.24211797356499 33.95000076293945 31.559999465942383 AB 6.901783184375011 1.142490181157923
61617.4069 lsst_hardware_r -17.937389631311177 22.299999237060547 31.469999313354492 AB 5.17133917968589 1.1315840655767813
61617.4176 lsst_hardware_i 32.31062144648647 31.06999969482422 31.229999542236328 AB 3.9872047176642114 1.145200014647452
61622.4069 lsst_hardware_u 1.4147934314000008 2.569999933242798 28.34000015258789 AB 1.7035555978410102 1.1494977043461607
61622.4166 lsst_hardware_g -10.615262299840397 13.319999694824219 31.360000610351562 AB 1.7194790175835053 1.1653534514290107
61624.3996 lsst_hardware_r 4.808662701173124 22.34000015258789 31.459999084472656 AB 3.566036949168002 1.146789317701086
61624.4108 lsst_hardware_z 30.098682709805416 42.849998474121094 30.93000030517578 AB 3.6925564615564075 1.1647524521903343
61626.3995 lsst_hardware_r 24.593593134586342 22.440000534057617 31.469999313354492 AB 4.410344196796975 1.1549434872897109
61626.4112 lsst_hardware_u -2.439177048187186 2.690000057220459 28.3799991607666 AB 4.522917610507496 1.1755980619929378
61627.3906 lsst_hardware_g 13.220088095342254 13.270000457763672 31.360000610351562 AB 5.957261029880662 1.1456271211308966
61627.4027 lsst_hardware_r 25.631988221329614 22.579999923706055 31.469999313354492 AB 6.057542948084794 1.164912105400922
61629.4028 lsst_hardware_i -29.207537101961282 31.059999465942383 31.229999542236328 AB 3.6185149028258516 1.1751922605188292
61629.4135 lsst_hardware_z -23.95895732511822 43.150001525878906 30.940000534057617 AB 3.5723497155944943 1.197636380039502
61631.3945 lsst_hardware_r 37.653541003273645 43.09000015258789 31.59000015258789 AB 4.134168220761489 1.169826887595215
61631.4066 lsst_hardware_z -13.435788883550753 43.040000915527344 30.940000534057617 AB 4.114726850883495 1.1944054719545705
61649.3173 lsst_hardware_z -33.18973915544973 42.15999984741211 30.93000030517578 AB 1.7337710659034824 1.1291247579964065
61649.3294 lsst_hardware_i -67.58556476494653 30.950000762939453 31.229999542236328 AB 1.8132854402676357 1.1440286689385712
61651.3595 lsst_hardware_g 6.801555460842119 13.180000305175781 31.329999923706055 AB 1.2402701449948206 1.2119903697017789
61651.3707 lsst_hardware_r 9.135919175041979 22.579999923706055 31.440000534057617 AB 1.2600423831837002 1.241828892756477
61653.3535 lsst_hardware_i -27.10522117403942 31.600000381469727 31.219999313354492 AB 1.4933543809624528 1.2106642731758839
61653.3655 lsst_hardware_r 2.494860235212649 22.8700008392334 31.450000762939453 AB 1.5137697590002956 1.2425772698545419
61655.3486 lsst_hardware_u 0.6420109163406225 2.5299999713897705 28.270000457763672 AB 2.8955718690030636 1.2120434780255605
61655.3601 lsst_hardware_g -13.258358087982687 13.319999694824219 31.34000015258789 AB 2.889812225483887 1.2427518171519012
61671.2827 lsst_hardware_z 37.287284459833245 43.619998931884766 30.940000534057617 AB 1.999206736117947 1.1651520560182305
61671.2947 lsst_hardware_r 30.711990277596662 30.139999389648438 31.530000686645508 AB 2.4791274739976283 1.188554921612926
61672.2771 lsst_hardware_u -3.311128824359599 2.819999933242798 28.420000076293945 AB 4.624234835013045 1.1601918923700396
61672.2891 lsst_hardware_r 19.092299039772016 24.549999237060547 31.489999771118164 AB 4.6713026416828045 1.1825583667396662
61678.0671 lsst_hardware_g 20.473722766321362 13.199999809265137 31.290000915527344 AB 4.914298009801772 1.3234492721475184
61678.0798 lsst_hardware_r 11.420958009193976 22.780000686645508 31.440000534057617 AB 4.755461932705189 1.2778347259720695
61680.3092 lsst_hardware_g -6.327149375021304 13.079999923706055 31.299999237060547 AB 4.1232815652504495 1.2986031909875335
61680.3207 lsst_hardware_r -20.33460991098069 22.829999923706055 31.420000076293945 AB 4.276931859280081 1.342695225809944
61682.2488 lsst_hardware_g 6.684119638785566 13.010000228881836 31.350000381469727 AB 3.0229935051753674 1.1585309805220314
61682.2595 lsst_hardware_r -9.886171945922994 22.239999771118164 31.459999084472656 AB 3.262918714864979 1.1779489945362256
61684.2501 lsst_hardware_i 31.990616112265297 31.170000076293945 31.229999542236328 AB 6.9171063885561175 1.1704071723445206
61684.2622 lsst_hardware_z 34.407826433550625 43.36000061035156 30.93000030517578 AB 7.151660875912671 1.1950972080622762
61686.2459 lsst_hardware_r 44.5255689207285 28.290000915527344 31.510000228881836 AB 3.8848060231638177 1.1727716296347264
61686.2579 lsst_hardware_z 57.24717069458638 43.95000076293945 30.93000030517578 AB 4.473841546868007 1.1977087846337238
61688.2427 lsst_hardware_z 11.15270626115377 51.34000015258789 30.950000762939453 AB 3.080746316534444 1.177130350837844
61688.2543 lsst_hardware_i -34.00981209374558 47.7400016784668 31.270000457763672 AB 3.8640850191373897 1.2019861635080145
61689.2404 lsst_hardware_z -1.3845490075070077 53.560001373291016 30.950000762939453 AB 4.240721182302385 1.1779781061951071
61689.2525 lsst_hardware_r 6.820107473050625 59.88999938964844 31.600000381469727 AB 4.943107895057282 1.2041675749224505
61692.2403 lsst_hardware_y 43.90361588299996 77.80000305175781 30.760000228881836 AB 7.5283454467391095 1.1949754677363666
61694.2397 lsst_hardware_r 40.13360672802497 85.9000015258789 31.6200008392334 AB 8.57302275157502 1.2061938447520781
61694.2508 lsst_hardware_i 56.01444800630263 67.88999938964844 31.299999237060547 AB 9.00968963009435 1.2348101872052744
61696.1797 lsst_hardware_r -72.74926989585649 60.0 31.6200008392334 AB 6.50559465945305 1.1203021628126086
61696.191 lsst_hardware_i 49.85368587735455 50.77000045776367 31.299999237060547 AB 6.587257780633769 1.1313776459553049
61698.1818 lsst_hardware_z -52.37043914044276 45.709999084472656 30.950000762939453 AB 2.46862067509114 1.1273527457892256
61698.1933 lsst_hardware_r -46.39781070914252 40.119998931884766 31.59000015258789 AB 2.5928015619878804 1.1409049445874608
61700.2222 lsst_hardware_g 9.927397314791232 18.6299991607666 31.489999771118164 AB 2.911590641042238 1.2035510744923985
61700.2337 lsst_hardware_i 23.14859087652949 34.560001373291016 31.239999771118164 AB 3.0805439108001673 1.2328339813109777
61702.219 lsst_hardware_z 49.3375898319624 43.619998931884766 30.93000030517578 AB 1.9470166132713596 1.208951638170513
61702.2301 lsst_hardware_r -53.17008223716095 22.65999984741211 31.440000534057617 AB 2.01795909471982 1.2380117145520366
61705.2147 lsst_hardware_u 3.7323942764101132 2.5899999141693115 28.31999969482422 AB 3.68337420868076 1.2186515165200644
61705.2249 lsst_hardware_g -3.6133301163362797 13.239999771118164 31.34000015258789 AB 3.8678958143330484 1.246602470174216
61707.2221 lsst_hardware_r -13.359050259016644 22.700000762939453 31.440000534057617 AB 4.1058572260586645 1.2545268297779921
61707.2327 lsst_hardware_i 42.8924283727971 32.130001068115234 31.209999084472656 AB 4.232813224041558 1.288854572151705
61709.2193 lsst_hardware_z -13.932507863944311 43.72999954223633 30.93000030517578 AB 4.818238035308485 1.2627237201882946
61709.2309 lsst_hardware_r -2.431184685239208 22.790000915527344 31.440000534057617 AB 4.975349928662802 1.301794456183713
61711.205 lsst_hardware_r -22.89945488211664 22.549999237060547 31.43000030517578 AB 4.329142345165137 1.2365445144715093
61711.2156 lsst_hardware_u -1.5695322361036037 2.430000066757202 28.15999984741211 AB 5.43245297319578 1.2683016338515376
61720.0697 lsst_hardware_z -48.24120645010917 53.560001373291016 30.959999084472656 AB 3.8685898257099813 1.1071038325984874
61720.0807 lsst_hardware_i 20.929514458854232 54.29999923706055 31.299999237060547 AB 3.8406676206711667 1.1059707105023517
61722.0192 lsst_hardware_r 25.48584832529763 110.1500015258789 32.380001068115234 AB 5.674292883607287 1.142513416612763
61722.0273 lsst_hardware_z 14.666316632273873 82.76000213623047 31.719999313354492 AB 5.720082296269053 1.132353221076326
61724.1518 lsst_hardware_i 3.2567380450559815 60.33000183105469 31.290000915527344 AB 4.990180215452669 1.1925154353366927
61724.1632 lsst_hardware_r -107.4852508484143 76.58000183105469 31.600000381469727 AB 5.106234564743689 1.21964201387187
61726.1553 lsst_hardware_u -22.017722421393657 12.420000076293945 29.18000030517578 AB 3.3731525602027914 1.2134733555905357
61726.1674 lsst_hardware_g 84.23941084041839 59.11000061035156 31.6299991607666 AB 2.9802845844685217 1.2461554414307905
61728.0552 lsst_hardware_r -9.01920118999142 22.25 31.469999313354492 AB 5.207844612603735 1.1060321638009212
61728.0691 lsst_hardware_g 9.989377427148373 13.220000267028809 31.3700008392334 AB 5.213580758107956 1.1075052061832908
61729.076 lsst_hardware_i 3.2523710918170785 30.450000762939453 31.229999542236328 AB 7.353200048074651 1.1112308966185906
61729.0892 lsst_hardware_z -64.3181958314904 41.9900016784668 30.940000534057617 AB 6.439609142740775 1.1199969521839892
61731.0551 lsst_hardware_z -86.38949600531434 41.880001068115234 30.93000030517578 AB 4.85680000379455 1.106332574896253
61731.0685 lsst_hardware_i 48.982408152592335 30.579999923706055 31.219999313354492 AB 4.915108652534294 1.1102572063551603
61734.0598 lsst_hardware_u 1.2468700065705576 2.5999999046325684 28.3700008392334 AB 5.72739377601877 1.1100317415890117
61734.0719 lsst_hardware_g -8.131547524977911 13.199999809265137 31.3700008392334 AB 5.797259391229566 1.1171491632636623
61738.1013 lsst_hardware_z 6.008872348476438 42.4900016784668 30.93000030517578 AB 5.851883154619448 1.1679628410523812
61738.1134 lsst_hardware_u 3.4660929925820367 2.5399999618530273 28.290000915527344 AB 5.986477284479508 1.1921493455542835
61740.1043 lsst_hardware_g -0.04009256243967269 13.270000457763672 31.34000015258789 AB 10.52371178208263 1.1844024402332662
61740.1179 lsst_hardware_r 11.30483104820846 22.649999618530273 31.450000762939453 AB 10.797988793247212 1.2155562535785667
