data/validation/pwv_sim_epoch_fit_4/61481679.ecsv
# %ECSV 0.9
# ---
# datatype:
# - {name: time, datatype: float64}
# - {name: band, datatype: string}
# - {name: flux, datatype: float64}
# - {name: fluxerr, datatype: float64}
# - {name: zp, datatype: float64}
# - {name: zpsys, datatype: string}
# - {name: pwv, datatype: float64}
# - {name: airmass, datatype: float64}
# meta: {SNID: '61481679', alt: 1024.0, c: 0.10399636626243591, dec: -12.48276, lat: -30.244573, lon: -70.7499537, ra: 127.617188, t0: 60673.62109375,
#   x0: 4.047389547371126e-06, x1: -0.8778020143508911, z: 0.6692788600921631}
# schema: astropy-2.0
time band flux fluxerr zp zpsys pwv airmass
[from data line 133]
61057.2259 lsst_hardware_r -14.835951653554957 22.799999237060547 31.489999771118164 AB 3.3730846875243214 1.0496062714005772
61059.1915 lsst_hardware_u 3.300441644328299 2.5799999237060547 28.329999923706055 AB 6.190718386851926 1.067365239112401
61059.2106 lsst_hardware_g -12.205842601624184 13.989999771118164 31.399999618530273 AB 6.262638326045946 1.0521021967317843
61061.1897 lsst_hardware_r 38.725499627428846 23.020000457763672 31.489999771118164 AB 12.228484731495653 1.0633464983909264
61061.2092 lsst_hardware_i 8.859191330823545 30.760000228881836 31.25 AB 12.42360312363403 1.0506366367644953
61063.1884 lsst_hardware_z -27.54676404749586 41.380001068115234 30.950000762939453 AB 9.225319522916028 1.059417525001119
61063.2091 lsst_hardware_r -6.49181493257079 22.81999969482422 31.489999771118164 AB 9.62080363711772 1.049637636561617
61065.1915 lsst_hardware_u -0.09972350600423846 2.5899999141693115 28.350000381469727 AB 8.167988990336157 1.0534243418134654
61065.2108 lsst_hardware_r 12.578564244232576 22.649999618530273 31.489999771118164 AB 9.034096407911164 1.0499574521790003
61067.1734 lsst_hardware_i 67.5374920703095 34.0 31.260000228881836 AB 11.76710259230833 1.0632603770044573
61067.1911 lsst_hardware_z -32.11363630437461 41.209999084472656 30.950000762939453 AB 11.370609187342309 1.0511795495370535
61069.1757 lsst_hardware_r 14.155054426020342 52.099998474121094 31.6299991607666 AB 10.170535404769883 1.056496060052273
61069.1925 lsst_hardware_z -21.798849580187117 48.83000183105469 30.959999084472656 AB 10.077389133081466 1.049655141977793
61071.1678 lsst_hardware_y -32.00870466768888 55.63999938964844 30.049999237060547 AB 10.964193334569583 1.0583708996157635
61071.186 lsst_hardware_r -33.698316950696 92.41999816894531 31.649999618530273 AB 10.7864211903983 1.0497733518635817
61072.1439 lsst_hardware_r -93.34427091482526 118.02999877929688 31.649999618530273 AB 9.177257880343491 1.0845258662660708
61072.1616 lsst_hardware_i -190.51730748708042 91.93000030517578 31.34000015258789 AB 8.859778048718884 1.0614326163554428
61074.1507 lsst_hardware_z 65.06453760237056 76.16999816894531 30.989999771118164 AB 7.989610110037818 1.0671785543238403
61074.1692 lsst_hardware_r -192.98490366991751 111.23999786376953 31.65999984741211 AB 9.710049639596297 1.052294732007185
61076.1491 lsst_hardware_z 15.66170886448233 54.869998931884766 30.969999313354492 AB 6.730076312348985 1.0629793059411896
61076.1678 lsst_hardware_r -3.248067374884549 67.27999877929688 31.649999618530273 AB 7.020141711418064 1.050762118158644
61078.1462 lsst_hardware_i -19.148250630377056 40.90999984741211 31.280000686645508 AB 5.218803041675612 1.0605167733541174
61078.1652 lsst_hardware_z -29.017086526991303 46.599998474121094 30.959999084472656 AB 5.211395838852873 1.0500495343245873
61080.1336 lsst_hardware_r -61.185492624085235 23.049999237060547 31.489999771118164 AB 5.980925627264772 1.0680224334401378
61080.1531 lsst_hardware_z -77.910449858849 42.599998474121094 30.950000762939453 AB 5.8921327088391875 1.052166555149855
61082.1311 lsst_hardware_g 17.3771616924922 14.119999885559082 31.420000076293945 AB 2.1473399054400475 1.064664664102773
61082.1466 lsst_hardware_r 20.89343072767365 22.950000762939453 31.5 AB 2.155642944602218 1.0526456960700992
61084.1319 lsst_hardware_i 2.6939055681505355 30.780000686645508 31.25 AB 3.843081438425608 1.0587001207783855
61084.1491 lsst_hardware_z -8.374443944782277 41.38999938964844 30.940000534057617 AB 3.821101601854521 1.0499935704660923
61086.1191 lsst_hardware_r -1.7392703984688873 22.93000030517578 31.5 AB 1.590774481718487 1.0658455488901177
61086.1357 lsst_hardware_g 14.315751190751662 14.109999656677246 31.440000534057617 AB 2.989480569774683 1.0526340034418378
61088.1204 lsst_hardware_r -12.70913812529923 22.90999984741211 31.489999771118164 AB 2.490676198407224 1.0591861358312669
61088.1376 lsst_hardware_i -18.20580885614446 30.700000762939453 31.25 AB 3.2343266197681295 1.0501060453792628
61090.1205 lsst_hardware_z 9.461538377687258 41.5099983215332 30.950000762939453 AB 3.5532591963751066 1.0550318039465862
61090.1383 lsst_hardware_i -37.68416617762987 30.68000030517578 31.25 AB 3.16363800733589 1.0495315738148479
61092.1228 lsst_hardware_u -7.9880680842978276 2.7799999713897705 28.5 AB 4.778866717053874 1.0511859919464475
61092.14 lsst_hardware_g -4.481457822784848 14.029999732971191 31.420000076293945 AB 5.258370878357874 1.0506235521194554
61094.0971 lsst_hardware_g -16.0459181628099 14.90999984741211 31.440000534057617 AB 7.021244388025329 1.0660188602338645
61094.1157 lsst_hardware_r -32.37966974533438 22.479999542236328 31.479999542236328 AB 6.926869881728678 1.0518099734365558
61099.0944 lsst_hardware_r 34.39322880532908 76.08000183105469 31.649999618530273 AB 5.442890335706863 1.0560516755348501
61099.1127 lsst_hardware_i -7.282848581625578 62.720001220703125 31.329999923706055 AB 5.430517883346231 1.0495275418362056
61101.0943 lsst_hardware_z -52.76257798935083 74.62000274658203 31.0 AB 3.119585104268465 1.0528468121054555
61101.1135 lsst_hardware_i 132.34609835759616 86.68000030517578 31.34000015258789 AB 3.0951163240835258 1.0501412544956545
61103.0889 lsst_hardware_z -11.1035984028475 97.8499984741211 31.739999771118164 AB 4.793823609910647 1.0528163125718843
61107.0876 lsst_hardware_z -58.62515059964097 64.36000061035156 31.700000762939453 AB 10.831612773846249 1.0497783265987835
61109.077 lsst_hardware_g -9.693819939790467 13.75 31.420000076293945 AB 10.65896244666185 1.0509724360739352
61109.0956 lsst_hardware_r 9.182434019389254 22.40999984741211 31.479999542236328 AB 11.722891244972708 1.0512703823192826
61111.052 lsst_hardware_r 52.212790109943406 22.329999923706055 31.479999542236328 AB 8.297948315654295 1.0645674370066236
61111.0689 lsst_hardware_i -43.153861042845676 30.219999313354492 31.239999771118164 AB 8.213750167816631 1.0519659538699717
61113.0487 lsst_hardware_z 33.53484710011446 41.20000076293945 30.940000534057617 AB 13.79018492818393 1.0623429209429684
61113.0686 lsst_hardware_i -51.24403771192957 30.219999313354492 31.239999771118164 AB 13.650884457364683 1.0502632764320046
61114.0496 lsst_hardware_u 4.639848053801115 2.569999933242798 28.350000381469727 AB 10.190385656944006 1.0590164361594188
61114.0687 lsst_hardware_g 6.8676602812152865 13.489999771118164 31.399999618530273 AB 10.053965409183368 1.049748411295592
61116.0487 lsst_hardware_r -16.633989539645178 22.420000076293945 31.489999771118164 AB 8.595129003465829 1.055556047215723
61116.0673 lsst_hardware_i -13.638597236341253 30.31999969482422 31.25 AB 8.538419990356735 1.0495261496351567
61118.0449 lsst_hardware_z 30.108057622981846 41.189998626708984 30.950000762939453 AB 7.720904433483367 1.054492257284641
61118.0642 lsst_hardware_u 1.503381728792276 2.6600000858306885 28.420000076293945 AB 7.848255796058583 1.0496764400336929
61122.0323 lsst_hardware_i -25.86951237871325 30.559999465942383 31.25 AB 6.456548274562886 1.0555664754053764
61122.0514 lsst_hardware_z 10.602917521245086 41.099998474121094 30.950000762939453 AB 6.241261247486423 1.0495394474472686
61130.0293 lsst_hardware_z -14.136151386226416 92.95999908447266 31.729999542236328 AB 6.266220269009043 1.0495302351576992
61132.9946 lsst_hardware_y -46.81341960478678 52.2599983215332 30.040000915527344 AB 9.674703015394773 1.0618414614234446
61133.0143 lsst_hardware_r 12.131563590691918 77.62999725341797 31.649999618530273 AB 6.575503989527793 1.0501902957919822
61134.9925 lsst_hardware_y -32.57053568026726 47.77000045776367 30.040000915527344 AB 9.945410230289315 1.058810841082587
61135.0117 lsst_hardware_z 23.14725887984457 46.5 30.959999084472656 AB 8.001371106032153 1.0497043104010695
61138.9902 lsst_hardware_y -147.11151807184518 47.68000030517578 30.040000915527344 AB 9.609792780994075 1.0530125773606882
61139.0104 lsst_hardware_r 14.731942690745111 22.440000534057617 31.479999542236328 AB 8.47125594572576 1.050285896482096
61145.9709 lsst_hardware_z -20.60075021265109 58.91999816894531 30.989999771118164 AB 15.697892587299213 1.0531080980997376
61145.9767 lsst_hardware_g 26.280877039803272 21.030000686645508 31.59000015258789 AB 15.683166065238602 1.050739728562689
61147.9712 lsst_hardware_y -107.18673191901597 68.08999633789062 30.06999969482422 AB 11.811233481231907 1.0507513716817745
61147.9882 lsst_hardware_i -1.6657273487171367 30.639999389648438 31.260000228881836 AB 11.833765643406062 1.0509560962172346
61149.9697 lsst_hardware_y -42.124079088168834 66.45999908447266 30.06999969482422 AB 9.61693610829011 1.049845650626627
61149.9882 lsst_hardware_r 14.473531559315884 22.959999084472656 31.510000228881836 AB 9.493672134752144 1.0532920267846315
