data/validation/pwv_sim_epoch_fit_4/61518191.ecsv
# %ECSV 0.9
# ---
# datatype:
# - {name: time, datatype: float64}
# - {name: band, datatype: string}
# - {name: flux, datatype: float64}
# - {name: fluxerr, datatype: float64}
# - {name: zp, datatype: float64}
# - {name: zpsys, datatype: string}
# - {name: pwv, datatype: float64}
# - {name: airmass, datatype: float64}
# meta: {SNID: '61518191', alt: 1024.0, c: -0.07950300723314285, dec: -39.065495, lat: -30.244573, lon: -70.7499537, ra: 116.191406, t0: 62146.671875,
#   x0: 3.3701906893591512e-06, x1: 0.8686411380767822, z: 0.7202892303466797}
# schema: astropy-2.0
time band flux fluxerr zp zpsys pwv airmass
[from data line 132]
62548.1404 lsst_hardware_z -47.70335788747173 58.40999984741211 30.989999771118164 AB 3.5546449266646207 1.0216943501790716
62548.1527 lsst_hardware_r -55.62310480526109 79.5 31.65999984741211 AB 3.5593687886486323 1.0328237326510166
62550.1461 lsst_hardware_z -73.91263541402924 93.20999908447266 31.739999771118164 AB 5.6882845957781045 1.0316076524806137
62550.1597 lsst_hardware_r 130.9738990095539 137.41000366210938 32.40999984741211 AB 5.800054026585044 1.0487079363401115
62552.1427 lsst_hardware_i -96.17637957829605 61.04999923706055 31.329999923706055 AB 4.023093230145704 1.033837693251139
62552.155 lsst_hardware_z -3.0856926828253144 57.20000076293945 30.979999542236328 AB 4.094007383742233 1.0498352125161723
62554.1472 lsst_hardware_r 29.861334337369897 49.13999938964844 31.6200008392334 AB 6.7172149206790985 1.0464309885518521
62554.1595 lsst_hardware_z -20.15176795730215 47.70000076293945 30.959999084472656 AB 6.9489072800913165 1.066328482878463
62557.0836 lsst_hardware_g -12.96421169573086 12.739999771118164 31.3799991607666 AB 7.701545933471964 1.0126617709440142
62557.0966 lsst_hardware_r -11.035027485449351 21.299999237060547 31.479999542236328 AB 7.718611638852544 1.0128746983600216
62559.0853 lsst_hardware_i -8.998140170943493 29.309999465942383 31.239999771118164 AB 6.824569743599674 1.0122095359263856
62559.0992 lsst_hardware_z -87.97675121676593 40.099998474121094 30.940000534057617 AB 6.83568900794612 1.015326997095599
62561.085 lsst_hardware_r -13.491706777638278 21.299999237060547 31.479999542236328 AB 4.057078286615615 1.0127504459849264
62561.0989 lsst_hardware_u -3.2076223082171933 2.559999942779541 28.399999618530273 AB 4.321743527611734 1.0178387959518922
62563.0787 lsst_hardware_g 0.6282834418230112 12.65999984741211 31.3799991607666 AB 6.359802771558931 1.012613388601207
62563.091 lsst_hardware_i 62.96050040781219 29.290000915527344 31.239999771118164 AB 5.929595169104931 1.0165601181390247
62566.0701 lsst_hardware_z -26.36677938892987 40.08000183105469 30.940000534057617 AB 5.343584464609669 1.0125539030968098
62566.0824 lsst_hardware_r 12.51744233056045 21.239999771118164 31.469999313354492 AB 5.33014432836536 1.016362612667392
62571.0637 lsst_hardware_r 29.472058465014637 24.450000762939453 31.520000457763672 AB 7.303364898569525 1.0142975381382362
62571.0755 lsst_hardware_i 52.82838483606777 30.780000686645508 31.260000228881836 AB 7.278103886915456 1.0202353442320597
62575.0647 lsst_hardware_z 17.08485097220716 47.970001220703125 30.959999084472656 AB 9.88177983165273 1.0203180001706487
62575.0791 lsst_hardware_r -23.336473195849283 51.529998779296875 31.639999389648438 AB 9.969147072353074 1.0329651924518948
62580.0368 lsst_hardware_z -8.031809778245089 59.04999923706055 30.979999542236328 AB 4.836142716912571 1.013583076061039
62580.0502 lsst_hardware_r 58.62998496663761 83.43000030517578 31.65999984741211 AB 3.8067635889820886 1.0197598684656293
62582.0353 lsst_hardware_u 21.716379266291213 9.699999809265137 29.280000686645508 AB 5.160386272612938 1.014891754152276
62582.0488 lsst_hardware_g 114.7833299049707 55.02000045776367 31.719999313354492 AB 3.99777750389333 1.0226238499044944
62584.0345 lsst_hardware_r -6.1901130460807625 21.31999969482422 31.479999542236328 AB 4.739155823990338 1.0169862283240731
62584.0477 lsst_hardware_i 2.4766528135123647 29.459999084472656 31.239999771118164 AB 4.253269830226119 1.0262237451033163
62587.0224 lsst_hardware_z 98.74930363467826 56.68000030517578 31.690000534057617 AB 5.572970452112277 1.0151900633828768
62587.0353 lsst_hardware_r -25.706931818734866 30.110000610351562 32.22999954223633 AB 5.597550906471129 1.0227417646611987
62589.0209 lsst_hardware_u 1.8484312458416488 2.4700000286102295 28.31999969482422 AB 6.610591990815762 1.0170141524331942
62589.0343 lsst_hardware_r 7.434611562125007 21.260000228881836 31.469999313354492 AB 6.671926439829893 1.0264502215122913
62591.0158 lsst_hardware_i 27.50825359802527 29.170000076293945 31.229999542236328 AB 6.0938893813148765 1.0172022892722008
62591.0282 lsst_hardware_z 36.47164740053796 40.11000061035156 30.940000534057617 AB 6.125896874792108 1.0258842594828808
62594.014 lsst_hardware_r 41.458062158027936 21.299999237060547 31.469999313354492 AB 6.3797869945488275 1.0211335271976416
62594.0278 lsst_hardware_u 2.1586912105020035 2.549999952316284 28.3799991607666 AB 6.3770915346740775 1.033606148494561
62596.0134 lsst_hardware_g -16.598088838741635 12.630000114440918 31.3700008392334 AB 7.825350960516003 1.0248978043306929
62596.0248 lsst_hardware_r -8.071444634257407 21.290000915527344 31.459999084472656 AB 7.914620627792148 1.0364199080458625
