data/validation/pwv_sim_epoch_fit_4/61570937.ecsv
# %ECSV 0.9
# ---
# datatype:
# - {name: time, datatype: float64}
# - {name: band, datatype: string}
# - {name: flux, datatype: float64}
# - {name: fluxerr, datatype: float64}
# - {name: zp, datatype: float64}
# - {name: zpsys, datatype: string}
# - {name: pwv, datatype: float64}
# - {name: airmass, datatype: float64}
# meta: {SNID: '61570937', alt: 1024.0, c: -0.13649612665176392, dec: -16.64604, lat: -30.244573, lon: -70.7499537, ra: 124.628906, t0: 60773.21875,
#   x0: 3.992815379381129e-06, x1: -0.2528366148471832, z: 0.6717986464500427}
# schema: astropy-2.0
time band flux fluxerr zp zpsys pwv airmass
60644.343 lsst_hardware_u -2.3468262185525544 4.389999866485596 28.81999969482422 AB 7.485049947242736 1.0293444804826133
60648.3425 lsst_hardware_z 31.43390163607683 43.779998779296875 30.959999084472656 AB 4.217110862648382 1.0287308983529961
60650.3274 lsst_hardware_u 0.673596061455995 2.6600000858306885 28.399999618530273 AB 4.300369601762222 1.0291658733426912
60650.3455 lsst_hardware_y -5.485412951550891 51.869998931884766 30.059999465942383 AB 4.453203978243378 1.031013249578908
60652.328 lsst_hardware_i 4.71546208010313 30.1200008392334 31.25 AB 6.638804981432866 1.0285146568700427
60652.3467 lsst_hardware_y -94.8145365817969 55.36000061035156 30.059999465942383 AB 7.604502328947084 1.0345792475099493
60654.3271 lsst_hardware_r -9.351188560999324 22.229999542236328 31.5 AB 8.526985143853903 1.0288661149110316
60654.347 lsst_hardware_y 103.8331839311697 54.90999984741211 30.059999465942383 AB 8.84831578004215 1.0389411874805503
60656.3021 lsst_hardware_y -108.28703920029733 46.880001068115234 30.049999237060547 AB 10.3498350373516 1.0324539914560926
60656.3206 lsst_hardware_g -1.5084187155465447 13.5 31.420000076293945 AB 10.337451731260996 1.0287215827304328
60658.3033 lsst_hardware_r 7.651505672966353 66.25 31.649999618530273 AB 8.501540804678523 1.0297331252547186
60658.3221 lsst_hardware_i -67.86721977682377 52.58000183105469 31.31999969482422 AB 8.511548191412361 1.0304021413997446
60660.3068 lsst_hardware_z 60.664152702249815 63.459999084472656 30.989999771118164 AB 6.8368150979641085 1.0285178228536296
60660.325 lsst_hardware_r 1.1472291378902608 87.56999969482422 31.65999984741211 AB 6.828817066621343 1.0346692525183854
60662.273 lsst_hardware_z 67.6044778320722 59.06999969482422 30.989999771118164 AB 4.566984688076613 1.0420363215052049
60662.2934 lsst_hardware_r -10.05082986501107 74.08999633789062 31.65999984741211 AB 5.031619767569968 1.0294523155362905
60663.2875 lsst_hardware_i -43.55652864517409 58.959999084472656 31.329999923706055 AB 4.430887726200615 1.0304390060931665
60663.3077 lsst_hardware_z 39.57359387681273 57.119998931884766 30.979999542236328 AB 4.4785265468370765 1.0301383661498418
60665.2724 lsst_hardware_r 7.634750773847335 47.81999969482422 31.639999389648438 AB 4.7961890499344895 1.035614369756435
60665.2958 lsst_hardware_z -67.07456401787212 48.06999969482422 30.979999542236328 AB 6.104687925826788 1.0286921644913352
60668.2681 lsst_hardware_g -37.30517694528368 33.0 32.75 AB 6.532898956107824 1.0331280224732828
60668.2922 lsst_hardware_r 41.79144164797244 25.93000030517578 31.540000915527344 AB 6.894541320176715 1.029573855025285
60670.2479 lsst_hardware_r 13.28881714858251 22.299999237060547 31.5 AB 5.281040762234124 1.0454401192188705
60670.2671 lsst_hardware_i 16.373877323317576 30.239999771118164 31.260000228881836 AB 6.481254425015912 1.0309387879295204
60672.2489 lsst_hardware_z 12.569608395170059 40.90999984741211 30.950000762939453 AB 7.396089587159251 1.0390685005843285
60672.2686 lsst_hardware_r 10.303435176007726 22.270000457763672 31.5 AB 7.405722580720101 1.0289179350550672
60674.2502 lsst_hardware_u -3.0073751263071418 2.640000104904175 28.420000076293945 AB 5.799108794983604 1.0340317915541575
60674.27 lsst_hardware_r -35.0989287832038 22.299999237060547 31.5 AB 5.761404938950188 1.0285774111432138
60676.2563 lsst_hardware_i -17.2570379802375 29.920000076293945 31.25 AB 7.2779870605244055 1.029182430691186
60676.2754 lsst_hardware_z -8.794744054179345 40.709999084472656 30.950000762939453 AB 7.294980563905931 1.0313885912008576
60678.2447 lsst_hardware_r 45.91822538440298 22.309999465942383 31.489999771118164 AB 3.5235131527831784 1.031171540176523
60678.2669 lsst_hardware_u -0.5883592213570994 2.619999885559082 28.399999618530273 AB 4.522515360518303 1.030185731325354
60680.2403 lsst_hardware_g -5.732867299219574 19.360000610351562 32.16999816894531 AB 11.925323150863974 1.0307330020842247
60680.263 lsst_hardware_r -43.70659250603121 31.649999618530273 32.25 AB 10.795170400552557 1.0307619975701858
60682.2179 lsst_hardware_r 10.2335796843149 22.360000610351562 31.489999771118164 AB 9.106086136028 1.0425224548955916
60682.239 lsst_hardware_i 3.708114247653945 30.09000015258789 31.25 AB 8.99210515787175 1.0293946223618733
60686.221 lsst_hardware_z -54.0164188118288 51.63999938964844 30.969999313354492 AB 6.6050028514304575 1.032031695536009
60686.2402 lsst_hardware_r -24.809162796632382 56.11000061035156 31.639999389648438 AB 6.585169515866922 1.0289327368542065
60688.1997 lsst_hardware_i 66.73928043468642 75.91999816894531 31.34000015258789 AB 5.512198543145726 1.0444055723268502
60688.2199 lsst_hardware_z -82.43594448114474 66.0199966430664 31.0 AB 4.544288787905917 1.0301979002677157
60692.1883 lsst_hardware_y 113.63705615606696 52.099998474121094 30.049999237060547 AB 3.231767625488703 1.0449213640638195
60692.208 lsst_hardware_r 1.3019946351695229 72.8499984741211 31.649999618530273 AB 3.1814800686425193 1.0305501491040931
60694.1925 lsst_hardware_i 14.545317867584362 44.34000015258789 31.309999465942383 AB 6.009532463706962 1.036126286846028
60694.2111 lsst_hardware_z 5.373566703886331 47.72999954223633 30.969999313354492 AB 6.165898646687861 1.0285926510447656
60695.1924 lsst_hardware_r 31.904430178990943 39.560001373291016 31.610000610351562 AB 9.18543828027647 1.0343185511909545
60695.2128 lsst_hardware_z 47.86116840829726 45.15999984741211 30.959999084472656 AB 10.350096249665775 1.028580993755605
60697.1857 lsst_hardware_r 0.26795662126135894 25.34000015258789 31.530000686645508 AB 10.10088312489643 1.035138668261575
60697.2059 lsst_hardware_i 14.630867067367783 32.33000183105469 31.260000228881836 AB 10.011766720881965 1.0285093069195843
60703.1513 lsst_hardware_g 6.902612066416099 13.960000038146973 31.440000534057617 AB 12.49217992778814 1.053421963777952
60703.1715 lsst_hardware_r 33.64691825201993 22.65999984741211 31.510000228881836 AB 11.032982401137454 1.0337283239143122
60707.1481 lsst_hardware_r -19.98581263811915 22.889999389648438 31.520000457763672 AB 8.814858444302596 1.0441052347412016
60707.1665 lsst_hardware_g 8.673404649033799 14.119999885559082 31.459999084472656 AB 8.666090179897122 1.030757083544112
60709.1469 lsst_hardware_r -19.847555288938395 22.65999984741211 31.510000228881836 AB 7.793876611564039 1.039923049043414
60709.165 lsst_hardware_i -12.794330389591638 30.299999237060547 31.260000228881836 AB 7.719905786328504 1.0294580325814782
60711.1384 lsst_hardware_z -26.746822102968263 42.04999923706055 30.959999084472656 AB 6.65990151977009 1.0428365029130053
60711.157 lsst_hardware_i 33.85304839770069 30.5 31.260000228881836 AB 6.5824622334365 1.0302267685887678
60713.1345 lsst_hardware_z 15.815417928464907 45.720001220703125 30.969999313354492 AB 5.1092959781632015 1.0412967346800004
60713.1536 lsst_hardware_g 7.978364062814163 36.34000015258789 31.690000534057617 AB 5.142088276417152 1.0295845177368548
60714.131 lsst_hardware_r 59.12107747581357 52.689998626708984 31.639999389648438 AB 8.977035438859097 1.0420440061358236
60714.15 lsst_hardware_i -42.40974647378914 46.84000015258789 31.309999465942383 AB 8.959580456868197 1.0298368341227815
60716.1431 lsst_hardware_z 26.919511610307318 85.87000274658203 31.739999771118164 AB 3.581967218447518 1.0303124864299331
60718.1245 lsst_hardware_z 5.497422486789783 74.93000030517578 31.0 AB 4.694726849045367 1.0380439672122685
60718.1412 lsst_hardware_r 24.343873728705084 110.75 31.65999984741211 AB 4.1570334921692265 1.0292659164368982
60722.12 lsst_hardware_i 44.57819997788761 52.08000183105469 31.31999969482422 AB 3.206596820416175 1.0334970413889606
60722.1366 lsst_hardware_z 38.09960287432866 51.959999084472656 30.979999542236328 AB 3.5371704704889226 1.0284963810483905
60724.1188 lsst_hardware_g -18.166747696979517 31.719999313354492 31.670000076293945 AB 5.719542237508744 1.03129142400087
60724.135 lsst_hardware_r 11.844990917353151 40.400001525878906 31.610000610351562 AB 5.663389235859529 1.0287095972135254
60727.0962 lsst_hardware_r 16.836977050270466 22.40999984741211 31.5 AB 4.749140871969614 1.041364076739308
60727.1125 lsst_hardware_i 6.734712368114838 30.15999984741211 31.25 AB 4.740377963428726 1.0305169485714623
60729.095 lsst_hardware_z 68.26687848150951 41.0 30.950000762939453 AB 6.846815784822051 1.0376059483969566
60729.1132 lsst_hardware_u 3.8832330637219528 2.7100000381469727 28.469999313354492 AB 6.776786226034992 1.0288643055721143
60731.0968 lsst_hardware_g -20.04159809031889 13.739999771118164 31.40999984741211 AB 7.895352771790291 1.0327134850777007
60731.1153 lsst_hardware_r -52.16726724957619 22.440000534057617 31.489999771118164 AB 7.896628638186586 1.028642151716102
60736.0797 lsst_hardware_i 4.734887484829103 30.31999969482422 31.25 AB 2.9936770049412567 1.03480020910517
60736.0971 lsst_hardware_u -1.8355959904947008 2.6500000953674316 28.420000076293945 AB 3.038640505591973 1.0285367840207515
60738.0803 lsst_hardware_g -23.73740746091567 13.539999961853027 31.40999984741211 AB 4.613930233118321 1.0314107933425205
60738.099 lsst_hardware_r -34.878720287947154 22.260000228881836 31.489999771118164 AB 4.666985336581369 1.0290658931861458
60742.0632 lsst_hardware_z 67.49258458105285 66.25244151062888 31.719999313354492 AB 9.65885286809883 1.0348770930105602
60751.0337 lsst_hardware_i 239.5648240031889 48.202621125336556 31.309999465942383 AB 8.225593477692595 1.0386178197155964
60751.0539 lsst_hardware_z 165.27489200665926 52.05678506910096 30.969999313354492 AB 8.350343094557546 1.0287474552861338
60753.0292 lsst_hardware_g 133.83363660654993 17.606368067917014 31.440000534057617 AB 7.008388226335049 1.0378184845749872
60753.0489 lsst_hardware_r 322.50958405836826 29.157378074533856 31.520000457763672 AB 7.715854253326291 1.0286891280765653
60755.0311 lsst_hardware_i 419.87284255540743 36.07017632481329 31.270000457763672 AB 3.8163734399620584 1.0328014360999662
60755.0516 lsst_hardware_r 449.2535395654944 31.02657088399266 31.510000228881836 AB 4.034769646154832 1.0288842652441035
60757.0286 lsst_hardware_u 31.32075937386541 6.086539720931659 28.540000915527344 AB 6.388384081054107 1.0313271400291837
60757.0489 lsst_hardware_g 212.4630720246277 20.535345385224844 31.43000030517578 AB 6.120569487919183 1.0294745718635092
60759.0245 lsst_hardware_r 877.2118829568133 36.48380126623438 31.5 AB 8.732540140521659 1.0307530855195537
60759.0421 lsst_hardware_i 619.189949477147 39.50218195033032 31.260000228881836 AB 10.648665747347946 1.029154899714705
60761.0213 lsst_hardware_z 560.3079178803644 46.69641607354473 30.959999084472656 AB 5.654389237054686 1.0299433947276295
60761.0392 lsst_hardware_r 1021.0209869833767 39.33976298430096 31.510000228881836 AB 5.638096958969302 1.0298207480841368
60763.022 lsst_hardware_u 9.485537229158226 4.656171968277157 28.559999465942383 AB 6.68618190125811 1.0286433694243247
60763.0392 lsst_hardware_g 445.10811166031993 24.45108834090544 31.43000030517578 AB 6.70804945654831 1.03200760869974
60765.9959 lsst_hardware_y 327.0430107653594 50.144185519884964 30.049999237060547 AB 4.9604056653875315 1.036116065877235
60766.0144 lsst_hardware_r 1351.247921725507 43.05681361642314 31.489999771118164 AB 3.6933158950151754 1.0285877910365324
60767.994 lsst_hardware_y 279.64836169671077 50.300674482535605 30.049999237060547 AB 9.34618826879152 1.0337274457394188
60768.0116 lsst_hardware_r 1459.064170687548 44.58844163795535 31.5 AB 6.50982260570699 1.0284892338584768
60771.9922 lsst_hardware_y 401.4012127062746 52.742262568484165 30.049999237060547 AB 11.638758332227038 1.0296596923277803
60772.0115 lsst_hardware_i 1312.8655770553044 59.95129550806232 31.309999465942383 AB 10.991470782352284 1.0306275249513777
60773.9772 lsst_hardware_y 325.8529154033592 74.25224307889881 30.06999969482422 AB 9.491965038927207 1.033983119708846
60773.9953 lsst_hardware_r 1516.9728457189528 80.2849919222639 31.649999618530273 AB 9.248867807877353 1.0284900075480785
60776.9737 lsst_hardware_y 369.9117865512655 81.77897964407116 30.079999923706055 AB 5.5895463457509535 1.0314560603578624
60776.9912 lsst_hardware_z 863.5675196205696 66.07577228230579 30.989999771118164 AB 5.575663163783012 1.0288308699490434
60778.9734 lsst_hardware_y 292.2734427910361 73.31225278332423 30.06999969482422 AB 5.010668084295048 1.0295717027369493
60778.9913 lsst_hardware_z 878.4115200878003 61.47284732330431 30.979999542236328 AB 4.974973841783667 1.0302285859978604
60780.9713 lsst_hardware_y 389.7202462311748 66.8825111488753 30.06999969482422 AB 15.278349267246176 1.0288450685014259
60780.9888 lsst_hardware_u -2.6536829352460463 2.9761637854558214 28.540000915527344 AB 15.318220065507434 1.0314142115704703
60784.9686 lsst_hardware_y 345.5296853367195 70.00379131129992 30.079999923706055 AB 9.42945509138785 1.0287239403663309
60784.9851 lsst_hardware_z 674.2784732265822 48.66186391106741 30.959999084472656 AB 9.25693523410068 1.035605821237397
61010.3442 lsst_hardware_r -25.859622233163954 23.760000228881836 31.520000457763672 AB 7.404828981815838 1.0287342292047565
61012.34 lsst_hardware_g 10.357550902841078 15.430000305175781 31.479999542236328 AB 6.238358650285283 1.0286007600241567
61014.3395 lsst_hardware_z -43.03727403629987 59.849998474121094 30.979999542236328 AB 4.16862734174992 1.0286134253371544
61016.3368 lsst_hardware_y 64.12995975101508 77.19999694824219 30.809999465942383 AB 4.4743082862852495 1.0289905792641292
61019.3291 lsst_hardware_r -10.963593695203647 49.849998474121094 31.6299991607666 AB 10.316059440217016 1.0290846865396475
61019.3482 lsst_hardware_z 134.48991676634103 55.470001220703125 30.969999313354492 AB 9.476947253371753 1.039366884554766
61021.3063 lsst_hardware_i 27.86452936075279 34.36000061035156 31.270000457763672 AB 10.842075924550699 1.0308115539599245
61021.3257 lsst_hardware_z 30.27771083015277 42.880001068115234 30.959999084472656 AB 10.837985503057318 1.0295743036469902
61023.3026 lsst_hardware_r -21.52899452781859 23.489999771118164 31.510000228881836 AB 7.45628085603563 1.0301576203420029
61023.323 lsst_hardware_u 0.017438285725558163 3.119999885559082 28.540000915527344 AB 7.431182079889666 1.03046274421264
61025.3052 lsst_hardware_g 27.497578195414377 13.680000305175781 31.43000030517578 AB 10.880874743204 1.0285473901768705
61025.3228 lsst_hardware_i -30.08347367613734 30.270000457763672 31.25 AB 10.93604674314343 1.0328971828561622
61027.2766 lsst_hardware_z -2.9662003634740812 57.869998931884766 31.700000762939453 AB 5.46401325841075 1.0393126918103126
61027.2981 lsst_hardware_r -14.547372603671104 22.170000076293945 31.489999771118164 AB 7.176404312064582 1.0286908169954605
61029.2742 lsst_hardware_u 1.2130753719337066 2.6500000953674316 28.43000030517578 AB 4.431436901108528 1.036795531552005
61029.2939 lsst_hardware_g -1.3362544267924112 13.470000267028809 31.40999984741211 AB 4.589483804868883 1.028571000642816
61031.2578 lsst_hardware_r 6.122902492134786 31.3799991607666 32.2400016784668 AB 4.8993600255031575 1.0473753461606878
61031.2844 lsst_hardware_i -12.288025629452699 30.06999969482422 31.25 AB 4.750544283641362 1.0291473751389433
61033.2609 lsst_hardware_z 7.486279979765557 57.619998931884766 31.700000762939453 AB 5.828523990325542 1.0387211388417095
61033.2877 lsst_hardware_r 27.20993107351212 22.100000381469727 31.489999771118164 AB 5.699808595399015 1.0286142288110112
61035.2498 lsst_hardware_r -0.6961153479689837 22.399999618530273 31.5 AB 7.6662428139983545 1.0441153330910116
61035.2728 lsst_hardware_u 0.43162228106600625 2.7300000190734863 28.5 AB 8.234392688837742 1.0292990861047178
61037.2531 lsst_hardware_g 11.143049632725123 13.59000015258789 31.420000076293945 AB 6.395897564363327 1.0362343658087938
61037.2724 lsst_hardware_i 18.921154010140704 30.100000381469727 31.25 AB 6.306272230569381 1.0285459295526005
61039.2544 lsst_hardware_z -15.020472291014338 40.79999923706055 30.950000762939453 AB 8.97881473621287 1.0320476708290656
