data/validation/pwv_sim_epoch_fit_4/61701282.ecsv
# %ECSV 0.9
# ---
# datatype:
# - {name: time, datatype: float64}
# - {name: band, datatype: string}
# - {name: flux, datatype: float64}
# - {name: fluxerr, datatype: float64}
# - {name: zp, datatype: float64}
# - {name: zpsys, datatype: string}
# - {name: pwv, datatype: float64}
# - {name: airmass, datatype: float64}
# meta: {SNID: '61701282', alt: 1024.0, c: -0.09659422934055328, dec: -52.029728, lat: -30.244573, lon: -70.7499537, ra: 189.044113, t0: 61934.453125,
#   x0: 5.789957210848058e-06, x1: 0.8653247952461243, z: 0.5768865346908569}
# schema: astropy-2.0
time band flux fluxerr zp zpsys pwv airmass
61798.3611 lsst_hardware_i -43.799949168185584 30.940000534057617 31.239999771118164 AB 12.73439171272397 1.0789342918153793
61798.3732 lsst_hardware_y -44.57897044904692 54.720001220703125 30.040000915527344 AB 12.738225460152536 1.0782313746531689
61800.3619 lsst_hardware_u -2.295137707626991 2.809999942779541 28.40999984741211 AB 12.207965774464633 1.0781247372208977
61800.3735 lsst_hardware_z 12.718617200151046 46.779998779296875 30.959999084472656 AB 12.261906969160272 1.0791557288589897
61802.3691 lsst_hardware_r 3.0396896248213974 23.65999984741211 31.510000228881836 AB 12.661540770208884 1.0794152404270196
61802.381 lsst_hardware_y 168.89056849559236 67.58000183105469 30.059999465942383 AB 12.487512513050286 1.084220752164123
61806.3601 lsst_hardware_u -5.708591603426331 2.6500000953674316 28.389999389648438 AB 7.458896704053225 1.0799560864941928
61806.3726 lsst_hardware_y 61.21583319523738 49.130001068115234 30.030000686645508 AB 7.498518341735218 1.085692810096798
61809.3448 lsst_hardware_g -11.491267004259631 13.239999771118164 31.3700008392334 AB 8.703722310850651 1.0784168067135742
61809.3561 lsst_hardware_r 51.12617581301507 22.149999618530273 31.469999313354492 AB 8.947278172602052 1.0814489990151839
61811.3447 lsst_hardware_i -114.84530955468804 62.58000183105469 31.31999969482422 AB 3.673240215500868 1.0794652149191912
61811.3561 lsst_hardware_r 60.543428029979914 77.87000274658203 31.639999389648438 AB 3.688376078206964 1.0840459707189352
61813.3429 lsst_hardware_z -17.14120309711292 60.22999954223633 30.979999542236328 AB 6.66325832903968 1.080586787778747
61813.3545 lsst_hardware_r -26.04634100541916 81.3499984741211 31.639999389648438 AB 6.685285273318913 1.0863316986218579
61817.2945 lsst_hardware_i -2.2072838140165683 44.04999923706055 31.299999237060547 AB 5.32530595546829 1.0846573335871323
61817.3054 lsst_hardware_z 0.5018881577030267 48.27000045776367 30.959999084472656 AB 5.379237927450093 1.0799152663264788
61819.2943 lsst_hardware_i -5.938694862794474 33.689998626708984 31.260000228881836 AB 5.352935511692093 1.0820022258208282
61819.3058 lsst_hardware_z -122.12765893178968 42.720001220703125 30.950000762939453 AB 5.297711443716973 1.0785792118322335
61823.3309 lsst_hardware_r -41.62683146648921 22.110000610351562 31.479999542236328 AB 12.12387672693881 1.08888131009621
61823.3411 lsst_hardware_u -3.2068047285682324 2.630000114440918 28.389999389648438 AB 10.313808706762998 1.0977099972607827
61825.3331 lsst_hardware_g 16.849326605225254 13.229999542236328 31.3799991607666 AB 10.86982106336111 1.0952604499032967
61825.3453 lsst_hardware_r 24.364643920028797 22.1299991607666 31.469999313354492 AB 11.229672958446379 1.10860166592371
61827.3354 lsst_hardware_i -64.4296029199503 30.31999969482422 31.239999771118164 AB 7.3318883765735565 1.103286190139727
61827.3477 lsst_hardware_z 29.133730134955744 41.77000045776367 30.940000534057617 AB 7.521753374030815 1.119350180294031
61829.2765 lsst_hardware_i -70.88309113364541 30.229999542236328 31.239999771118164 AB 5.897706558418247 1.0789474449037864
61829.2895 lsst_hardware_z -32.759173160761556 41.310001373291016 30.940000534057617 AB 5.879857049251313 1.078345222383784
61831.2743 lsst_hardware_i -65.54500220197681 30.100000381469727 31.239999771118164 AB 3.735969475713085 1.0784093550600649
61831.2866 lsst_hardware_u 0.290585111351178 2.569999933242798 28.360000610351562 AB 3.701430306707649 1.0787148746962256
61833.2777 lsst_hardware_g 8.275832273015713 13.0600004196167 31.360000610351562 AB 6.215889112185794 1.0782582266682499
61833.2912 lsst_hardware_r -6.288254687943969 21.950000762939453 31.469999313354492 AB 6.312844008277706 1.0817227813301604
61835.2732 lsst_hardware_i 34.78255438090613 30.239999771118164 31.239999771118164 AB 8.396099032850486 1.0783584681287586
61835.2843 lsst_hardware_r -18.3868952305787 22.079999923706055 31.479999542236328 AB 8.416592770378779 1.0811410231809948
61837.2756 lsst_hardware_z -61.08371489480664 41.40999984741211 30.940000534057617 AB 10.692172786696792 1.0800174532016962
61837.2884 lsst_hardware_g 17.829308103806024 13.199999809265137 31.3799991607666 AB 10.751220298877955 1.0859818483715107
61839.2729 lsst_hardware_r 56.18366702673556 69.36000061035156 31.639999389648438 AB 10.213462745079116 1.080961289631065
61839.285 lsst_hardware_i 26.856319936604418 57.34000015258789 31.309999465942383 AB 10.327425285868058 1.0873263093143881
61841.2712 lsst_hardware_z 46.70999992152399 68.6500015258789 30.979999542236328 AB 8.639015346227126 1.0825494622633534
61841.2843 lsst_hardware_r 68.45861929322841 100.94999694824219 31.639999389648438 AB 8.710288213439645 1.090842719724436
61844.2544 lsst_hardware_i -41.748148551098915 63.959999084472656 31.31999969482422 AB 9.391072337624676 1.0794336020258248
61844.2667 lsst_hardware_z 81.80914272534146 59.91999816894531 30.969999313354492 AB 9.434720148908996 1.0844505918286202
61846.2102 lsst_hardware_z 75.22838434437391 48.810001373291016 30.959999084472656 AB 9.00074249540172 1.0879330970781294
61846.2236 lsst_hardware_r 83.85024450293143 48.849998474121094 31.610000610351562 AB 8.961790827702565 1.080808131902491
61848.2331 lsst_hardware_i -27.734953307311514 34.22999954223633 31.270000457763672 AB 7.2521030148122705 1.0780990842252605
61848.2456 lsst_hardware_r 3.108296472078143 30.309999465942383 31.559999465942383 AB 7.26512329167708 1.080034681187361
61854.2253 lsst_hardware_z -5.54944088542822 41.369998931884766 30.940000534057617 AB 7.694761396877786 1.079020003067895
61854.2372 lsst_hardware_r -30.226233350000335 22.18000030517578 31.479999542236328 AB 7.600151034875156 1.0832855733282085
61856.215 lsst_hardware_u -1.0125985194145082 2.5299999713897705 28.31999969482422 AB 6.793180256227233 1.078282580353529
61856.2266 lsst_hardware_g 10.61101587198252 13.210000038146973 31.3700008392334 AB 6.810396244089376 1.0810152768395835
61858.2153 lsst_hardware_r -54.44943480989214 22.209999084472656 31.479999542236328 AB 7.316175415919938 1.0792278330531322
61858.2279 lsst_hardware_z 58.45909297826283 41.4900016784668 30.940000534057617 AB 7.275487169139907 1.084140643607089
61860.209 lsst_hardware_r -28.67021523859122 22.110000610351562 31.469999313354492 AB 4.130298739188412 1.0790408828132485
61860.2199 lsst_hardware_u -0.35765505687182514 2.5199999809265137 28.309999465942383 AB 4.090499569688834 1.0828350320149205
61862.2083 lsst_hardware_g -5.083887453252159 13.25 31.3700008392334 AB 8.85877833002734 1.0803388207350415
61862.2199 lsst_hardware_r 5.578874790791022 22.280000686645508 31.469999313354492 AB 9.25376159734386 1.085846118633045
61866.2058 lsst_hardware_r 42.3297469606963 44.47999954223633 31.610000610351562 AB 14.793433079814825 1.084006234323648
61866.2178 lsst_hardware_z -58.94381274345478 46.7599983215332 30.959999084472656 AB 16.28222661905321 1.0923025974900964
61872.1929 lsst_hardware_z 36.721709560258 69.55999755859375 30.989999771118164 AB 7.059269137591735 1.0860414057833438
61872.2042 lsst_hardware_r 174.6200882626404 99.55000305175781 31.649999618530273 AB 7.1159103869587685 1.094755444147503
61874.1369 lsst_hardware_i -10.927298488912774 52.849998474121094 31.309999465942383 AB 5.330907035788772 1.0858718839873924
61874.1489 lsst_hardware_r 34.359995243756124 61.29999923706055 31.639999389648438 AB 5.352156253052416 1.0802252932694596
61878.1443 lsst_hardware_r 3.457599116510036 22.329999923706055 31.479999542236328 AB 12.688568589404507 1.0786847393865941
61878.1556 lsst_hardware_i -36.78913600414541 30.489999771118164 31.239999771118164 AB 12.717865181932499 1.0783639678301207
61880.1379 lsst_hardware_z -119.05982951145629 41.5 30.940000534057617 AB 6.924618199715149 1.0788530341536418
61880.149 lsst_hardware_r -8.299873144564408 22.3700008392334 31.479999542236328 AB 6.907936545986375 1.0782559418285422
61883.1415 lsst_hardware_u -5.668276139113177 2.630000114440918 28.389999389648438 AB 5.756879709897374 1.0783197770821586
61883.1531 lsst_hardware_g -13.102697138180202 13.619999885559082 31.399999618530273 AB 5.711801502592417 1.0811151284895504
61885.1747 lsst_hardware_z -6.018774345834571 41.84000015258789 30.940000534057617 AB 13.886625655618628 1.100729954867716
61885.1864 lsst_hardware_r -4.63055796377018 22.600000381469727 31.479999542236328 AB 14.203392976690056 1.1151577840897715
61888.1224 lsst_hardware_r 20.724035262846293 22.299999237060547 31.479999542236328 AB 2.502198950628282 1.078146765082252
61888.1355 lsst_hardware_u -0.9409813697229947 2.569999933242798 28.34000015258789 AB 2.2613607364026547 1.079795027529022
61891.1307 lsst_hardware_i -6.586390568191927 30.690000534057617 31.25 AB 10.06723157655938 1.0809095855437576
61891.1445 lsst_hardware_z -74.16336422578011 41.869998931884766 30.950000762939453 AB 10.146302671236104 1.0883865989812451
61895.1109 lsst_hardware_z 2.9479105499287774 48.22999954223633 30.969999313354492 AB 9.982955770097528 1.0785971336067774
61895.122 lsst_hardware_r -79.7526973063995 48.779998779296875 31.6200008392334 AB 10.01020691807173 1.0817946957570193
61897.1116 lsst_hardware_z -34.10853892899165 84.6500015258789 31.729999542236328 AB 7.210608059063769 1.0799982114976063
61899.1114 lsst_hardware_r 109.68053381393241 160.4600067138672 32.400001525878906 AB 9.176245140034654 1.0819342642707106
61899.1225 lsst_hardware_z 137.79775299086486 107.83000183105469 31.739999771118164 AB 9.462221838956234 1.0882788497496052
61903.1052 lsst_hardware_r 37.098899054462386 58.54475926562939 31.6299991607666 AB 6.948556164035274 1.084257752863
61903.1172 lsst_hardware_y 56.513233987557115 50.37153910481477 30.030000686645508 AB 6.997002396520379 1.092684062859433
61908.0447 lsst_hardware_z 51.46408354234131 41.76055682770717 30.940000534057617 AB 9.021935446130128 1.0854979681716153
61908.0556 lsst_hardware_u 5.848443592312291 3.213799312280297 28.309999465942383 AB 9.068460599185727 1.0803932249536496
61910.0862 lsst_hardware_r 124.84562495615994 24.894585601822552 31.489999771118164 AB 8.808681600759423 1.084323368030813
61910.0983 lsst_hardware_i 207.47058547406212 32.529650220125106 31.239999771118164 AB 8.942959098023763 1.0928704751343017
61912.0836 lsst_hardware_z 133.8956508841135 43.640953283833156 30.950000762939453 AB 5.003247931094309 1.086009969848944
61918.0094 lsst_hardware_i 2332.0100349065083 70.8954564870116 32.439998626708984 AB 7.729644237043973 1.0911411966465236
61918.0215 lsst_hardware_u -3.9976144531046502 5.192808340153965 29.18000030517578 AB 7.631632488073298 1.0832308985590953
61928.0219 lsst_hardware_r 2423.037310741549 111.4891445731438 31.649999618530273 AB 5.114908386788098 1.0787911389457463
61928.0347 lsst_hardware_i 1566.7635005184643 88.67106684390828 31.31999969482422 AB 5.153195625759056 1.083097129455086
61943.9955 lsst_hardware_i 1423.7863057243253 47.802664103038026 31.25 AB 9.904859254150622 1.0855730808556794
61944.0081 lsst_hardware_z 1111.459362090071 52.99866378319078 30.950000762939453 AB 3.5582607346064963 1.0952426208197639
62159.36 lsst_hardware_i -3.5932987799877374 31.520000457763672 31.25 AB 10.083891149118264 1.0835902803694673
62159.3725 lsst_hardware_y 83.5865328835857 61.9900016784668 30.049999237060547 AB 10.041365017149774 1.0790205262357375
62161.3549 lsst_hardware_u -3.989423689746983 2.880000114440918 28.510000228881836 AB 10.401597790803603 1.0834057242395905
62161.3677 lsst_hardware_z -66.90737032286358 45.33000183105469 30.959999084472656 AB 10.342034651749385 1.0788873843431506
62168.359 lsst_hardware_z 7.013351621912492 56.9900016784668 30.979999542236328 AB 12.693452339146987 1.07818332958014
62168.3708 lsst_hardware_y -44.62952666403434 54.25 30.049999237060547 AB 12.664116540769813 1.080586752248626
62170.37 lsst_hardware_z -30.04485461582993 55.06999969482422 30.979999542236328 AB 11.480071256328813 1.0824809457187037
62170.3814 lsst_hardware_y 80.00349447663108 64.3499984741211 30.049999237060547 AB 10.92667161329147 1.0893989644358535
62172.346 lsst_hardware_r -1.6882396771977408 43.65999984741211 31.610000610351562 AB 7.484815025411052 1.0781152359252506
62172.3568 lsst_hardware_y 15.185675857380637 49.34000015258789 30.040000915527344 AB 7.47240240762 1.0796319173010755
62174.35 lsst_hardware_g 22.315300717410626 20.760000228881836 31.559999465942383 AB 5.180590680353919 1.079289725073733
62174.3608 lsst_hardware_r -29.035203682012384 27.059999465942383 31.530000686645508 AB 5.186115043996738 1.0833181981297693
62176.3508 lsst_hardware_i -46.33042872998279 30.729999542236328 31.25 AB 7.14028848614109 1.081274836057354
62176.3626 lsst_hardware_z 25.97755098030227 41.86000061035156 30.950000762939453 AB 7.198133743853687 1.0876599794278767
62178.3512 lsst_hardware_u -0.20457496598837324 2.6700000762939453 28.43000030517578 AB 4.812741731653893 1.0840118771673934
62178.362 lsst_hardware_r 22.29495516494236 22.360000610351562 31.479999542236328 AB 4.836697411527239 1.0913125928536285
62180.3486 lsst_hardware_i 25.97561359751913 30.260000228881836 31.239999771118164 AB 6.0737226441391545 1.0856596021340879
62180.3595 lsst_hardware_z -99.84611902396914 41.43000030517578 30.940000534057617 AB 6.074429689494851 1.0938348780603024
62182.2928 lsst_hardware_r 7.177681193443044 22.239999771118164 31.489999771118164 AB 4.380325666963709 1.0861433619912253
62182.3055 lsst_hardware_z 0.1630292316903417 41.52000045776367 30.950000762939453 AB 4.2508133537198765 1.0801431497011862
62186.296 lsst_hardware_g 9.231126017221536 13.359999656677246 31.40999984741211 AB 2.7613912955627264 1.0797228917156858
62186.3069 lsst_hardware_r 25.667729749801932 22.190000534057617 31.489999771118164 AB 2.7276596084621314 1.078126327455388
62188.3363 lsst_hardware_z -33.867476912698834 41.4900016784668 30.950000762939453 AB 6.286400679675039 1.092653652318977
62188.3483 lsst_hardware_r 18.60047832554971 22.290000915527344 31.489999771118164 AB 6.38435270893131 1.1047982191531578
62190.3355 lsst_hardware_u 0.17612735683550276 2.700000047683716 28.450000762939453 AB 10.762434420149866 1.096920391392734
62190.346 lsst_hardware_r 3.8884477745932617 22.399999618530273 31.489999771118164 AB 10.890154900265278 1.1086383895210503
62192.3293 lsst_hardware_i -15.983864374703812 30.299999237060547 31.229999542236328 AB 9.865862518627939 1.0962069465142155
62192.3407 lsst_hardware_z 38.06370278521064 41.68000030517578 30.940000534057617 AB 9.536039269671369 1.1088417755431825
62194.2702 lsst_hardware_r 49.446527081938136 72.80999755859375 31.639999389648438 AB 6.4123128080962335 1.0810305380325205
62194.2827 lsst_hardware_z 34.54062668596918 55.650001525878906 30.969999313354492 AB 6.395707451762565 1.0782310961105757
62196.2755 lsst_hardware_r -167.6091498355637 95.88999938964844 31.649999618530273 AB 4.198451662313198 1.0783925158449106
62196.2865 lsst_hardware_y 97.4811733499857 55.599998474121094 30.040000915527344 AB 4.1876701466128265 1.0786246057943705
62199.2709 lsst_hardware_z 26.99372948548372 56.900001525878906 30.969999313354492 AB 6.30580021995092 1.0781449403634829
62199.2827 lsst_hardware_r 119.01381701206881 70.44999694824219 31.639999389648438 AB 6.213234998572219 1.0795456451584249
62200.3204 lsst_hardware_z 84.04799359601539 52.38999938964844 30.959999084472656 AB 10.810916549732067 1.1108247302529781
62200.3253 lsst_hardware_r 118.78246725012208 57.130001068115234 31.6200008392334 AB 10.898935050669593 1.1175529403403839
62202.2812 lsst_hardware_r -14.927794941203649 33.970001220703125 31.56999969482422 AB 10.471957625652989 1.0818603719842956
62202.2953 lsst_hardware_z -19.710541494461214 44.15999984741211 30.940000534057617 AB 9.700454381887043 1.0903879180809124
62204.2696 lsst_hardware_g -12.725019674989996 15.34000015258789 31.440000534057617 AB 8.407338453424579 1.0796980066683248
62204.2821 lsst_hardware_i -19.96835950389748 31.049999237060547 31.239999771118164 AB 8.44932188492251 1.0850896567788242
62206.2697 lsst_hardware_z 19.3176007449539 41.43000030517578 30.940000534057617 AB 9.61108981425016 1.0816194107755812
