data/validation/pwv_sim_epoch_fit_4/61728305.ecsv
# %ECSV 0.9
# ---
# datatype:
# - {name: time, datatype: float64}
# - {name: band, datatype: string}
# - {name: flux, datatype: float64}
# - {name: fluxerr, datatype: float64}
# - {name: zp, datatype: float64}
# - {name: zpsys, datatype: string}
# - {name: pwv, datatype: float64}
# - {name: airmass, datatype: float64}
# meta: {SNID: '61728305', alt: 1024.0, c: -0.08126750588417053, dec: -26.443335, lat: -30.244573, lon: -70.7499537, ra: 92.460938, t0: 62041.6875,
#   x0: 5.9167255457008785e-06, x1: 0.024884069338440895, z: 0.5719873905181885}
# schema: astropy-2.0
time band flux fluxerr zp zpsys pwv airmass
[from data line 132]
62458.1895 lsst_hardware_r -0.9087192016001505 62.75 31.610000610351562 AB 6.572821697005816 1.1967266547925866
62460.1998 lsst_hardware_z 98.9910903258854 61.900001525878906 30.979999542236328 AB 5.743443137331534 1.1369027357721355
62460.2177 lsst_hardware_r -9.524964807506235 85.0199966430664 31.649999618530273 AB 5.325741226728079 1.0849853949839048
62466.2311 lsst_hardware_r 121.76466208281587 54.86000061035156 31.639999389648438 AB 5.448525060657292 1.0289619578843119
62466.2493 lsst_hardware_z -0.5957224512078241 49.45000076293945 30.969999313354492 AB 5.322781714591989 1.0104309262996152
62468.2044 lsst_hardware_u 6.216634492079588 3.930000066757202 28.700000762939453 AB 3.446392542206445 1.0653454535414049
62468.2207 lsst_hardware_g -40.87029040122294 26.6200008392334 31.6299991607666 AB 4.052587442230562 1.0359374852325969
62473.2079 lsst_hardware_r -2.0008637261263313 21.860000610351562 31.489999771118164 AB 6.6066346546317805 1.034673187763952
62473.2245 lsst_hardware_i 18.48822829887782 29.670000076293945 31.25 AB 6.395749276059749 1.0150448518534834
62477.1259 lsst_hardware_i -68.3960304979788 44.91999816894531 31.969999313354492 AB 5.595327002527795 1.2516110060458105
62477.156 lsst_hardware_z 15.244071372344962 59.58000183105469 31.690000534057617 AB 5.107954769622927 1.128331073475199
62479.1491 lsst_hardware_g 11.567664182476035 13.279999732971191 31.3799991607666 AB 6.222649153165305 1.133004428094311
62479.1714 lsst_hardware_i -63.34261389613031 30.06999969482422 31.239999771118164 AB 6.4480569969922135 1.071817984872376
62483.128 lsst_hardware_r -47.128482166043725 31.719999313354492 31.549999237060547 AB 12.05777184670599 1.1692762768935479
62483.1507 lsst_hardware_y 128.97801148844945 47.959999084472656 30.040000915527344 AB 11.316063908238032 1.0958099330120974
62485.1311 lsst_hardware_z 8.966140702586655 46.95000076293945 30.950000762939453 AB 8.95706423625975 1.1383877593721992
62485.1535 lsst_hardware_r 13.925799664139927 42.150001525878906 31.600000381469727 AB 8.464999770908179 1.0752712146424313
62487.1298 lsst_hardware_i 32.73035115286082 51.060001373291016 31.299999237060547 AB 10.549127700722147 1.1248203551444418
62487.1526 lsst_hardware_z -13.520357248811981 50.849998474121094 30.969999313354492 AB 9.992483637694965 1.0651832041035034
62489.1377 lsst_hardware_r -66.56843415948545 86.05999755859375 31.639999389648438 AB 3.613037948371182 1.0870366147788437
62489.161 lsst_hardware_z 62.207372865379746 61.25 30.979999542236328 AB 3.5215833885853702 1.0395818121285225
62491.1354 lsst_hardware_z -144.60895196646743 69.54000091552734 30.989999771118164 AB 4.4806984934257414 1.0792962768699847
62491.1569 lsst_hardware_i 91.97064169019866 78.87999725341797 31.34000015258789 AB 4.272251248505118 1.0374578068249438
62493.033 lsst_hardware_y 154.6788640997774 77.47000122070312 29.8799991607666 AB 9.326947673615097 1.6297305038642491
62493.0556 lsst_hardware_g -58.75697146319158 43.18000030517578 31.559999465942383 AB 6.921990473129342 1.4194344687631726
62495.034 lsst_hardware_y -61.138533304178665 81.5199966430664 29.889999389648438 AB 8.914477991090049 1.5613412717558544
62495.0553 lsst_hardware_i -55.44752265379767 33.470001220703125 31.200000762939453 AB 9.798356554768839 1.3812823487762902
62497.035 lsst_hardware_z -2.3213475966389625 76.98999786376953 30.93000030517578 AB 9.452064136832723 1.500010178295502
62497.0567 lsst_hardware_u 1.254296795401879 2.759999990463257 28.260000228881836 AB 8.371688247848908 1.335091021106794
62499.036 lsst_hardware_y 31.549278037911954 111.54000091552734 30.68000030517578 AB 10.222265281081548 1.4448431492694767
62499.0558 lsst_hardware_r 17.883661334602213 33.459999084472656 32.20000076293945 AB 10.817201221631464 1.3069777347466502
62501.0366 lsst_hardware_y 23.008760013340037 79.33999633789062 29.950000762939453 AB 10.548376410787254 1.3980309351400129
62501.0594 lsst_hardware_z -119.14111200488975 43.849998474121094 30.93000030517578 AB 9.431244480555556 1.2566056778142949
62503.0383 lsst_hardware_y 121.70671965201034 72.05000305175781 29.959999084472656 AB 9.336166350384248 1.348166643056173
62503.0595 lsst_hardware_u 1.9632026806447644 2.7300000190734863 28.309999465942383 AB 8.389636499678312 1.2289506591325652
62505.0379 lsst_hardware_y 33.9198591400314 73.95999908447266 29.969999313354492 AB 3.531785466344478 1.3161115954330083
62505.0611 lsst_hardware_r -9.139020205438982 22.809999465942383 31.459999084472656 AB 2.7433119867575324 1.1970380655645392
62507.039 lsst_hardware_y -3.3286178887235955 68.45999908447266 29.989999771118164 AB 12.100470856064035 1.2780837435549803
62507.0621 lsst_hardware_r 7.216134378136119 22.5 31.469999313354492 AB 11.469000398463075 1.1707043618710182
62509.0403 lsst_hardware_z 56.36222528891302 56.84000015258789 30.950000762939453 AB 12.559649103954586 1.2426683589546437
62509.0627 lsst_hardware_g -2.9507107387507263 13.989999771118164 31.389999389648438 AB 9.561454112663426 1.1482816360120607
62510.0365 lsst_hardware_y 6.374241361250495 76.72000122070312 29.989999771118164 AB 8.706061552369276 1.248031759986033
62510.0535 lsst_hardware_i 7.15638403618437 32.459999084472656 31.229999542236328 AB 9.990085875679625 1.1722930365938031
62512.0378 lsst_hardware_y 35.82441919988374 71.91000366210938 30.010000228881836 AB 8.176055697302143 1.2155444262853963
62512.0549 lsst_hardware_r 54.0675780952398 28.93000030517578 31.540000915527344 AB 7.110811265752306 1.1469050428632752
62514.038 lsst_hardware_y 8.733875887222874 72.45999908447266 30.020000457763672 AB 4.579802490668382 1.1907962794249485
62514.0545 lsst_hardware_z -14.66292230068553 46.41999816894531 30.950000762939453 AB 2.49359586973995 1.1298576663978024
62517.0374 lsst_hardware_y -69.37205968907476 69.29000091552734 30.020000457763672 AB 3.306460239318252 1.1608063799133734
62517.0544 lsst_hardware_z 79.25484388595889 55.36000061035156 30.959999084472656 AB 3.7415736782321565 1.1053393436431778
62519.0455 lsst_hardware_y 198.59087491137228 92.87999725341797 30.780000686645508 AB 4.349915536927356 1.1153629581865017
62521.0377 lsst_hardware_z 23.00127707277228 104.55999755859375 31.729999542236328 AB 10.008880485840972 1.1225122509775103
62521.0551 lsst_hardware_r -108.10436776588386 131.6199951171875 32.400001525878906 AB 8.828130776894731 1.0755083179973277
62525.0369 lsst_hardware_y -31.372111415600482 60.209999084472656 30.040000915527344 AB 16.05880396066458 1.0934770502971947
62525.0535 lsst_hardware_u 2.703252977544677 2.7799999713897705 28.420000076293945 AB 13.689385855460198 1.0557502684194053
62527.0366 lsst_hardware_y -0.6140586841863672 59.279998779296875 30.040000915527344 AB 11.671338862095586 1.0804961067191299
62527.0542 lsst_hardware_i -39.34572837857135 29.920000076293945 31.239999771118164 AB 12.481598390377696 1.044572632887915
62529.0366 lsst_hardware_y 28.53350606353332 56.34000015258789 30.040000915527344 AB 11.781597285760752 1.0680120824706067
62529.0549 lsst_hardware_r 0.9830414730886619 21.700000762939453 31.479999542236328 AB 12.045536080840796 1.0348102357470401
62531.0369 lsst_hardware_y 17.093288203142475 76.05000305175781 30.790000915527344 AB 11.411558127228995 1.0561693830347054
62531.056 lsst_hardware_g 11.052168969951627 18.389999389648438 32.130001068115234 AB 11.422254508695685 1.025904930200352
