data/validation/pwv_sim_epoch_fit_4/62199239.ecsv
# %ECSV 0.9
# ---
# datatype:
# - {name: time, datatype: float64}
# - {name: band, datatype: string}
# - {name: flux, datatype: float64}
# - {name: fluxerr, datatype: float64}
# - {name: zp, datatype: float64}
# - {name: zpsys, datatype: string}
# - {name: pwv, datatype: float64}
# - {name: airmass, datatype: float64}
# meta: {SNID: '62199239', alt: 1024.0, c: 0.01891646534204483, dec: 2.985506, lat: -30.244573, lon: -70.7499537, ra: 239.238281, t0: 61988.203125,
#   x0: 9.413636488586333e-06, x1: -1.681190848350525, z: 0.4722043573856354}
# schema: astropy-2.0
time band flux fluxerr zp zpsys pwv airmass
61840.3868 lsst_hardware_z 97.88416325892572 83.69000244140625 31.709999084472656 AB 7.890505165425099 1.1955310856704695
61847.3837 lsst_hardware_r 14.731452764198359 46.75 31.579999923706055 AB 8.542685055273449 1.1963288247415815
61847.4035 lsst_hardware_y 93.24748165171873 58.66999816894531 29.989999771118164 AB 8.706744294008956 1.2149228066711724
61849.3478 lsst_hardware_i -12.978893548278998 34.529998779296875 31.229999542236328 AB 6.278518882634493 1.2056299460989233
61849.3685 lsst_hardware_r -15.59059646543929 28.829999923706055 31.510000228881836 AB 6.149308600494266 1.194349721706772
61851.3464 lsst_hardware_u -4.581324048729545 2.7799999713897705 28.329999923706055 AB 7.484396903094237 1.2017336067909872
61851.3643 lsst_hardware_g 15.609440444547328 15.529999732971191 31.40999984741211 AB 7.42334581107134 1.1943440334230266
61853.3478 lsst_hardware_r -10.494490373252804 23.56999969482422 31.469999313354492 AB 8.139824175274335 1.197032966952108
61853.3681 lsst_hardware_i 2.991605644005161 31.899999618530273 31.219999313354492 AB 8.137478849290991 1.1966880660722046
61855.3028 lsst_hardware_r -34.12457452042854 23.75 31.459999084472656 AB 8.055613610010596 1.2582308965497682
61855.3202 lsst_hardware_u -5.061919114943626 2.619999885559082 28.309999465942383 AB 7.729936639469051 1.2208375845436776
61857.2935 lsst_hardware_g 15.346736902548248 14.109999656677246 31.34000015258789 AB 9.38681740755996 1.26894611673936
61857.3114 lsst_hardware_i -16.675420069828938 32.15999984741211 31.219999313354492 AB 9.222912072857739 1.226668567945257
61859.3577 lsst_hardware_z 12.247605315653866 43.5099983215332 30.93000030517578 AB 7.509310529373833 1.2004492953105788
61859.3785 lsst_hardware_r 15.923612958890558 23.520000457763672 31.450000762939453 AB 9.030857025777452 1.2277971121785713
61863.3187 lsst_hardware_g 14.737120015210007 14.130000114440918 31.3700008392334 AB 6.8997141789971685 1.1980403725649944
61863.3368 lsst_hardware_r 7.387448010130497 23.43000030517578 31.469999313354492 AB 6.908532282539089 1.1951616433427654
61865.3218 lsst_hardware_i -39.023629133886374 31.770000457763672 31.229999542236328 AB 8.231934834449131 1.1946788817138279
61865.3385 lsst_hardware_z 15.897046338085094 43.18000030517578 30.93000030517578 AB 9.179172205608545 1.198455733514335
61867.3164 lsst_hardware_r -29.34487859346255 37.4900016784668 31.559999465942383 AB 10.002158636308142 1.1946679901630142
61867.3345 lsst_hardware_z -55.198916667222065 43.529998779296875 30.940000534057617 AB 9.799417411348152 1.1994390956362715
61873.2273 lsst_hardware_y 13.172767898300082 86.05000305175781 30.709999084472656 AB 16.530680463914134 1.3527008276186847
61875.2953 lsst_hardware_r -10.34427834102876 61.709999084472656 31.610000610351562 AB 11.640299791660825 1.1945507508503077
61875.3125 lsst_hardware_i 23.321441671398343 54.25 31.290000915527344 AB 11.873363020172413 1.1993295979972134
61877.296 lsst_hardware_z -42.54627386357733 46.63999938964844 30.950000762939453 AB 16.55410292123884 1.1945951954709386
61877.3138 lsst_hardware_r -5.550884295749665 37.40999984741211 31.56999969482422 AB 16.69434720913979 1.2052229966891919
61882.2805 lsst_hardware_r 49.83762957711136 23.700000762939453 31.479999542236328 AB 10.11845921083314 1.1943882601809728
61882.2921 lsst_hardware_u -2.724014150924895 2.6600000858306885 28.34000015258789 AB 8.278117226473787 1.198467874548306
61884.2594 lsst_hardware_u 3.4855634463289697 2.690000057220459 28.360000610351562 AB 10.099943723970767 1.1993283396102083
61884.2771 lsst_hardware_g 16.300455657896023 14.5 31.389999389648438 AB 10.093442438502239 1.1946316059299609
61890.261 lsst_hardware_u 0.0777683833773596 2.569999933242798 28.25 AB 12.60390997201542 1.194683409669708
61890.2794 lsst_hardware_r -16.42130367043563 23.889999389648438 31.459999084472656 AB 12.691306397804814 1.206397946559393
61893.2175 lsst_hardware_r -17.63694015555809 24.190000534057617 31.489999771118164 AB 14.387539638444483 1.21914526368019
61893.2342 lsst_hardware_u 3.3581882969349484 2.759999990463257 28.40999984741211 AB 14.276604911699017 1.199781913135107
61894.2416 lsst_hardware_g -17.199046881309457 14.550000190734863 31.389999389648438 AB 11.371063686084222 1.1948996832902261
61894.2444 lsst_hardware_r -25.227093447586608 23.969999313354492 31.479999542236328 AB 11.361512954594867 1.1944399657900406
61896.2685 lsst_hardware_i -7.6664337330515995 50.59000015258789 31.280000686645508 AB 3.1838468460630645 1.2132021514275617
61896.2871 lsst_hardware_z -46.192595383420525 52.18000030517578 30.950000762939453 AB 3.278263476678225 1.2484659384366454
61898.2246 lsst_hardware_z -4.271220422916599 72.62000274658203 30.969999313354492 AB 10.701679474000867 1.1972232665642348
61898.2441 lsst_hardware_r 43.13033402563148 103.48999786376953 31.6200008392334 AB 10.672944510838398 1.1961831897829531
61900.2212 lsst_hardware_z -38.69345592916223 98.75 30.979999542236328 AB 7.416649770971694 1.1962338340276926
61900.2391 lsst_hardware_r 189.37623279042177 143.14999389648438 31.6200008392334 AB 7.417586920593666 1.1963849871925267
61907.1747 lsst_hardware_i -58.661414411192176 32.41999816894531 31.219999313354492 AB 8.351597020221655 1.2270332073395236
61907.1925 lsst_hardware_z -21.38320757310107 44.869998931884766 30.93000030517578 AB 8.17874479137738 1.2026386812142016
61909.1987 lsst_hardware_r -4.605611178586582 23.93000030517578 31.469999313354492 AB 10.01898021478298 1.195451597154207
61909.218 lsst_hardware_u -0.8887636737353375 2.630000114440918 28.299999237060547 AB 9.637829013873631 1.1982381699801448
61925.0816 lsst_hardware_z 38.95564441224563 59.470001220703125 30.940000534057617 AB 15.75042572162741 1.3704960384274387
61925.1008 lsst_hardware_r 53.3614967570555 68.7300033569336 31.59000015258789 AB 15.074226449395239 1.2911635157477417
61943.0833 lsst_hardware_u -0.6252780245995455 2.630000114440918 28.309999465942383 AB 3.6348803739908826 1.2156112950195248
61943.1068 lsst_hardware_g 8.845183359094813 14.130000114440918 31.3700008392334 AB 3.0886528831288484 1.1951834703023503
61946.0406 lsst_hardware_r -16.046366999256474 23.809999465942383 31.450000762939453 AB 6.510652922636446 1.3011763885090493
61946.0549 lsst_hardware_z -10.877883830762805 43.9900016784668 30.93000030517578 AB 5.944947757287627 1.2567935642487864
61957.0549 lsst_hardware_r -59.130682565992004 155.72000122070312 32.369998931884766 AB 7.474900000408267 1.2036714483823345
61957.0779 lsst_hardware_i 49.410396761378905 123.9800033569336 32.060001373291016 AB 7.425956557505588 1.194683988337147
61959.0483 lsst_hardware_z -79.61562352575095 68.58367075737449 30.969999313354492 AB 2.2840017646993496 1.2048011418696294
61959.0699 lsst_hardware_r 78.50793116941807 98.63813854659249 31.6200008392334 AB 2.2561237853421985 1.194400909873633
61961.044 lsst_hardware_u 13.935987346955494 14.497111399554129 29.260000228881836 AB 10.08990735372878 1.203651230649701
61961.0655 lsst_hardware_g -2.351249517053824 72.28623384935631 31.670000076293945 AB 10.026378698008944 1.1944815627995133
61963.044 lsst_hardware_r -10.320234671622051 24.37430599927138 31.459999084472656 AB 9.808183048787381 1.1991543294051876
61963.0653 lsst_hardware_z 70.70131038568005 43.79017087943848 30.93000030517578 AB 9.710126910182206 1.1956934553999576
61975.0244 lsst_hardware_r 2487.137085107829 60.875594195012965 32.209999084472656 AB 7.502402584695274 1.1943965057358217
61975.0495 lsst_hardware_i 1677.6619600124939 61.28464391251952 31.969999313354492 AB 7.374650046625606 1.2089590240369847
61977.0159 lsst_hardware_z 912.8396221312971 52.93926587856597 30.93000030517578 AB 10.937651396202645 1.1947406356791013
61977.0389 lsst_hardware_r 1879.7041578466494 49.31096018262388 31.469999313354492 AB 11.007205474220202 1.2034116772106636
61980.0256 lsst_hardware_z 1324.1846202164327 58.42937832717509 30.93000030517578 AB 5.307477454461154 1.1992266744531783
61980.049 lsst_hardware_g 951.8638617957185 42.113517813782174 31.549999237060547 AB 4.7518193508466755 1.2295017510492066
61982.0165 lsst_hardware_r 3254.0043172184724 83.81429636911548 31.600000381469727 AB 3.894870104629339 1.197040370227995
61982.0402 lsst_hardware_z 1446.431893360656 68.20967134018015 30.950000762939453 AB 3.948826952089047 1.2233992570952046
61987.9767 lsst_hardware_z 5415.3386910715335 132.49955704768257 32.150001525878906 AB 0.9572208220101159 1.1985235667906293
61988.0033 lsst_hardware_g 4024.844021608727 173.34900418336412 32.86000061035156 AB 1.3517810887347614 1.1989189257071053
61990.9721 lsst_hardware_y 786.2618909211411 59.72235947035898 30.0 AB 4.084522119052108 1.196549701648446
61990.9901 lsst_hardware_r 3184.9730326485087 61.40062121712126 31.479999542236328 AB 4.089779681660196 1.1961917758584955
61992.9729 lsst_hardware_y 828.3956655517294 58.965734675646345 30.0 AB 9.256571041389648 1.1946274816273663
61992.9913 lsst_hardware_g 638.8278210875102 30.294186750067446 31.389999389648438 AB 9.325927888582138 1.200093667299255
62203.3794 lsst_hardware_i -93.64018911464846 36.15999984741211 31.239999771118164 AB 10.25794854593449 1.2046915497280668
62203.3987 lsst_hardware_y -24.862897350493327 54.709999084472656 30.0 AB 10.220313795723373 1.1943455894970199
62207.382 lsst_hardware_r 8.037279050086916 23.780000686645508 31.469999313354492 AB 8.76788919857012 1.1955125713894608
62207.4013 lsst_hardware_y -99.32588427811301 55.25 30.0 AB 8.699856507416666 1.1979973158105865
62209.3826 lsst_hardware_z 52.32566177113302 43.22999954223633 30.940000534057617 AB 13.472828033258468 1.19432906151455
62209.4013 lsst_hardware_y -78.83091014173093 54.58000183105469 30.0 AB 13.570539071611991 1.2020318643844243
62210.3799 lsst_hardware_u -7.021366089790289 2.640000104904175 28.31999969482422 AB 11.572935401301883 1.1943276500109445
62210.3986 lsst_hardware_y -44.04589868460297 50.90999984741211 29.989999771118164 AB 11.656659108702636 1.2020582235894306
62215.3479 lsst_hardware_i 26.219967431247287 32.41999816894531 31.239999771118164 AB 6.220216307220554 1.2034469832105015
62215.3674 lsst_hardware_r -11.583296838307685 23.75 31.489999771118164 AB 6.139141194461587 1.1943079945130104
62217.3497 lsst_hardware_u 0.7456774633402042 2.8299999237060547 28.479999542236328 AB 7.430439134377879 1.197846121772946
62217.3682 lsst_hardware_g -2.5943120216547797 14.34000015258789 31.399999618530273 AB 7.427397195775889 1.1953324171089355
62219.3458 lsst_hardware_r -14.234334854287452 23.610000610351562 31.479999542236328 AB 8.139500242630595 1.1969853297986168
62219.3663 lsst_hardware_i 25.800951314155693 32.119998931884766 31.229999542236328 AB 8.138048787917262 1.1967718805760679
62221.3536 lsst_hardware_r -24.344820044191206 23.670000076293945 31.479999542236328 AB 8.958732480535023 1.1944976640713363
62221.3723 lsst_hardware_u -1.8564278214064842 2.7300000190734863 28.399999618530273 AB 9.042635964829206 1.2056847953105607
62223.3486 lsst_hardware_z -23.388249227319033 53.52000045776367 30.959999084472656 AB 9.533530436334077 1.194565728325516
62223.3679 lsst_hardware_i 61.181079855474806 47.5 31.280000686645508 AB 9.512552508137379 1.2068448829387917
62225.3536 lsst_hardware_z -23.673706927690702 72.2699966430664 30.969999313354492 AB 7.445182900256424 1.198918326910985
62225.3721 lsst_hardware_r -0.6496554881893948 104.30999755859375 31.610000610351562 AB 7.680755451352358 1.220119741812141
62229.3148 lsst_hardware_z 3.126650229854364 61.5099983215332 30.959999084472656 AB 6.906324682512658 1.1992229002453065
62229.3321 lsst_hardware_r -45.62580393868142 75.08000183105469 31.610000610351562 AB 6.898318915738584 1.1945485726696732
62231.3178 lsst_hardware_i 11.403119868122099 40.88999938964844 31.260000228881836 AB 8.317314036693597 1.195102239628337
62231.3364 lsst_hardware_z -24.148475791460232 47.650001525878906 30.940000534057617 AB 9.271495213673555 1.1983836984498548
62233.3168 lsst_hardware_r -45.958618563513724 27.100000381469727 31.510000228881836 AB 10.014886630742819 1.1943456224612086
62233.336 lsst_hardware_z 27.30332090941069 44.349998474121094 30.93000030517578 AB 9.783146545753848 1.2022299902616096
62235.3173 lsst_hardware_g -1.1471434566548058 14.59000015258789 31.389999389648438 AB 9.336577769650527 1.1948525428270762
62235.3353 lsst_hardware_i 36.47324189417533 32.029998779296875 31.229999542236328 AB 8.65811789726572 1.207028762238329
62241.2446 lsst_hardware_u 0.43631069241935344 2.6500000953674316 28.31999969482422 AB 12.68718726792757 1.2624485655836912
62241.2611 lsst_hardware_g -25.48665022590037 14.359999656677246 31.389999389648438 AB 11.406438724702786 1.2250498039633537
62243.2999 lsst_hardware_r 13.894358969619992 23.90999984741211 31.489999771118164 AB 16.57811459622173 1.196363924314645
62243.3184 lsst_hardware_i -8.666224940928261 32.38999938964844 31.239999771118164 AB 16.875775864209043 1.2132481225204954
62245.2948 lsst_hardware_z 22.057022421403033 43.66999816894531 30.93000030517578 AB 12.753009405950232 1.1965294204175354
62245.3134 lsst_hardware_r -20.00856297228316 23.760000228881836 31.469999313354492 AB 12.936255753144442 1.2138930344984697
62247.2937 lsst_hardware_u 6.408809961650508 2.690000057220459 28.3700008392334 AB 10.744847897256502 1.1990344982292094
62247.3119 lsst_hardware_r 2.786585229058284 23.770000457763672 31.469999313354492 AB 10.874216293806263 1.2199031067765609
62249.2879 lsst_hardware_i 7.426620466842956 31.899999618530273 31.229999542236328 AB 6.754072428285415 1.1988058978142375
62249.3069 lsst_hardware_z 6.361284730090202 43.560001373291016 30.93000030517578 AB 6.850326741527584 1.2206569389749793
62255.2573 lsst_hardware_r 176.82948213341388 136.19000244140625 31.6200008392334 AB 12.734502582019859 1.1943261507169856
62255.2751 lsst_hardware_i -223.888760123043 106.45999908447266 31.309999465942383 AB 12.800922532760234 1.201513284471582
62258.2622 lsst_hardware_z 92.90045963557687 57.91999816894531 30.959999084472656 AB 9.487678750774215 1.1980905102631916
62258.28 lsst_hardware_r -158.12366002131708 68.72000122070312 31.600000381469727 AB 9.616488229450622 1.2169688976778819
62260.2631 lsst_hardware_z 29.38768139028735 47.77000045776367 30.940000534057617 AB 11.1269533188428 1.2029788981937186
62260.2813 lsst_hardware_r -19.86808761158294 41.13999938964844 31.559999465942383 AB 11.324413473403554 1.228510899696632
62262.2622 lsst_hardware_i -18.67865572411857 34.369998931884766 31.239999771118164 AB 3.147781546192188 1.2077432713360485
62262.2807 lsst_hardware_z 8.996451021578729 45.38999938964844 30.93000030517578 AB 3.2536590846976123 1.238388385446947
62265.2186 lsst_hardware_u -0.373264428652657 2.8399999141693115 28.469999313354492 AB 10.05357375476157 1.197887909774695
62265.2364 lsst_hardware_g 3.1578250453944627 14.8100004196167 31.420000076293945 AB 9.94100679127697 1.1951198354504655
62267.2224 lsst_hardware_r -35.56328632414211 24.049999237060547 31.479999542236328 AB 8.971289574019199 1.1945128975115715
62267.2421 lsst_hardware_i 38.359614917032836 32.369998931884766 31.239999771118164 AB 9.025811693982293 1.2013192285605072
62271.1973 lsst_hardware_u -0.6805165949424089 2.6700000762939453 28.34000015258789 AB 7.833387555558773 1.2014090982682706
62271.2192 lsst_hardware_r -13.75666481856732 23.989999771118164 31.479999542236328 AB 7.769307669350011 1.194910438226663
62276.1994 lsst_hardware_i -20.22682651579268 32.099998474121094 31.219999313354492 AB 9.652029667746401 1.194361037916122
62276.2192 lsst_hardware_z -12.975524360926553 43.599998474121094 30.93000030517578 AB 8.898219924224666 1.2027872295518944
62278.2031 lsst_hardware_r -45.6520302627712 33.29999923706055 31.540000915527344 AB 6.309248377273421 1.1958582320178335
62278.2236 lsst_hardware_z 29.808984086097055 46.16999816894531 30.940000534057617 AB 5.822107114718665 1.2143304024859298
62281.1642 lsst_hardware_y -100.93291398334826 78.76000213623047 30.75 AB 6.911795425642187 1.207124801451117
