data/validation/pwv_sim_epoch_fit_4/62196606.ecsv
# %ECSV 0.9
# ---
# datatype:
# - {name: time, datatype: float64}
# - {name: band, datatype: string}
# - {name: flux, datatype: float64}
# - {name: fluxerr, datatype: float64}
# - {name: zp, datatype: float64}
# - {name: zpsys, datatype: string}
# - {name: pwv, datatype: float64}
# - {name: airmass, datatype: float64}
# meta: {SNID: '62196606', alt: 1024.0, c: -0.07390394806861877, dec: -30.345182, lat: -30.244573, lon: -70.7499537, ra: 291.972656, t0: 62758.390625,
#   x0: 2.05450901117688e-05, x1: 0.15673407912254333, z: 0.33902761340141296}
# schema: astropy-2.0
time band flux fluxerr zp zpsys pwv airmass
62594.3346 lsst_hardware_g -2.106184425811877 16.719999313354492 31.3799991607666 AB 7.977681039555883 1.383113089282276
62594.353 lsst_hardware_r -28.610258983043128 26.700000762939453 31.489999771118164 AB 7.281694647620939 1.2707094564306154
62596.3488 lsst_hardware_i -16.290425010756337 34.650001525878906 31.219999313354492 AB 9.666000381748235 1.264080259164983
62596.3658 lsst_hardware_r 35.880564052289536 26.549999237060547 31.5 AB 9.038753789776527 1.1857343042068142
62598.3501 lsst_hardware_u 0.11938009917411191 2.7699999809265137 28.309999465942383 AB 10.033884416129949 1.2305475124024956
62598.3679 lsst_hardware_g -2.820686439461863 16.770000457763672 31.450000762939453 AB 9.428351696302089 1.1567820006505232
62600.3335 lsst_hardware_r 27.382920081215122 26.43000030517578 31.469999313354492 AB 9.256390858569723 1.2876665310662478
62600.3521 lsst_hardware_i 19.338291907790264 33.810001373291016 31.229999542236328 AB 8.605420329658907 1.1972342290228384
62602.3527 lsst_hardware_r -25.23938263436213 25.780000686645508 31.520000457763672 AB 4.914774440738594 1.1727672709511503
62602.3719 lsst_hardware_u 1.1723786028313183 3.0299999713897705 28.56999969482422 AB 4.6503107859603645 1.108624631109432
62608.3614 lsst_hardware_y -118.47626014573548 73.61000061035156 30.790000915527344 AB 16.090825600857183 1.0925824272910134
62614.2968 lsst_hardware_z 52.057300066853244 93.12000274658203 31.709999084472656 AB 7.202715057746477 1.2793076092027726
62614.3173 lsst_hardware_r -3.2282459018064467 107.44999694824219 32.369998931884766 AB 6.676536663161276 1.183153759199212
62616.3714 lsst_hardware_z 19.389788473581877 44.91999816894531 30.959999084472656 AB 16.06901751237854 1.0300652251524705
62616.3935 lsst_hardware_r 11.26624257372001 37.15999984741211 31.610000610351562 AB 14.74899918815891 1.0075026484767287
62618.3393 lsst_hardware_i 4.211556868665282 33.029998779296875 31.260000228881836 AB 2.416633317893793 1.0796574763485791
62618.3587 lsst_hardware_z -9.67056669121479 42.349998474121094 30.950000762939453 AB 2.3119896340055996 1.0409678676297163
62623.3509 lsst_hardware_i 38.37104869243991 31.899999618530273 31.270000457763672 AB 9.326774407845091 1.032017749302816
62623.3684 lsst_hardware_z 62.86101790715657 41.650001525878906 30.959999084472656 AB 9.15033454823844 1.0120838632802234
62625.2512 lsst_hardware_g -5.197484524949851 15.460000038146973 31.360000610351562 AB 12.701455376505596 1.374591588518129
62625.272 lsst_hardware_r 0.5569903282572526 25.209999084472656 31.479999542236328 AB 11.576269589683152 1.2519397537508956
62627.2367 lsst_hardware_i 2.571662445792344 34.83000183105469 31.200000762939453 AB 3.537950682081531 1.4411204407664078
62627.2564 lsst_hardware_z 9.158767194997209 45.630001068115234 30.920000076293945 AB 3.468779754733451 1.3070006611655807
62631.2391 lsst_hardware_i 51.3198598941261 33.79999923706055 31.209999084472656 AB 8.346114128654678 1.3461474401055933
62631.2571 lsst_hardware_u 0.1950867190077437 2.6700000762939453 28.290000915527344 AB 8.836454920103016 1.244571115507467
62633.2526 lsst_hardware_g -9.161845122290051 15.220000267028809 31.3799991607666 AB 13.04846357005555 1.2398768120539292
62633.271 lsst_hardware_r 22.6309233616885 24.59000015258789 31.479999542236328 AB 12.26069313657747 1.161710549230361
62637.2374 lsst_hardware_i 29.113268642213395 66.87999725341797 31.290000915527344 AB 6.710352827585905 1.2613247588701753
62637.2565 lsst_hardware_r -43.9147593889513 82.44999694824219 31.6200008392334 AB 5.754773828988222 1.1752831265166113
62642.2373 lsst_hardware_r 142.16153758273083 100.83999633789062 31.6200008392334 AB 8.087491575532718 1.1978215658264746
62642.2563 lsst_hardware_i 27.411843699673224 83.11000061035156 31.31999969482422 AB 6.695268988590514 1.1279091961911243
62644.2434 lsst_hardware_z 10.12478719829515 50.66999816894531 30.959999084472656 AB 2.215788020789967 1.1529053570428345
62644.2631 lsst_hardware_r 34.22092437899513 48.220001220703125 31.6200008392334 AB 1.7493023313785154 1.0926310626973863
62646.2366 lsst_hardware_u 2.7608905394428787 3.0 28.479999542236328 AB 6.385589764981167 1.1577185770800449
62646.2552 lsst_hardware_g -21.703738121518516 18.510000228881836 31.530000686645508 AB 5.881838459500119 1.0991008987200073
62655.2692 lsst_hardware_u -0.872270795252638 2.759999990463257 28.450000762939453 AB 9.017386841318167 1.0244702160097896
62655.2886 lsst_hardware_r -27.153727448431 23.799999237060547 31.520000457763672 AB 8.764789587594285 1.0064830148433868
62657.1472 lsst_hardware_z 14.296502776543795 47.209999084472656 30.899999618530273 AB 12.49505423667342 1.5047332641559223
62657.1664 lsst_hardware_i 21.37363436513154 33.58000183105469 31.200000762939453 AB 11.303508960228006 1.3573440691944128
62675.157 lsst_hardware_u -1.1815676253338436 2.7799999713897705 28.40999984741211 AB 4.019184485429082 1.1592686718860923
62675.1771 lsst_hardware_g -12.745014242190335 15.359999656677246 31.440000534057617 AB 3.3848522202233937 1.0962196486837967
62676.1584 lsst_hardware_r -29.122088213599564 24.600000381469727 31.5 AB 4.176531199825657 1.1446471256800939
62676.1785 lsst_hardware_i -39.3365907578646 31.920000076293945 31.25 AB 4.101086557741793 1.085613665686524
62680.1571 lsst_hardware_g 10.08793846545423 15.5600004196167 31.450000762939453 AB 6.934142635296435 1.1140079741820925
62680.1755 lsst_hardware_r -11.43743237118863 24.549999237060547 31.510000228881836 AB 6.240657141769554 1.0672807117481815
62682.1569 lsst_hardware_i 6.222049268315567 31.920000076293945 31.25 AB 3.5238399188822274 1.0991390888590853
62682.176 lsst_hardware_z 89.1981782092857 41.79999923706055 30.950000762939453 AB 3.270912667556879 1.0551331185667352
62686.1579 lsst_hardware_i -14.655146886421143 31.850000381469727 31.25 AB 9.328941544344838 1.0699349950505403
62686.1783 lsst_hardware_u -1.7770255638983516 2.8399999141693115 28.489999771118164 AB 7.948470366696155 1.0328836905122514
62694.0862 lsst_hardware_y 75.40556371451149 77.48999786376953 30.75 AB 8.886286595755111 1.2391976845287798
62704.0553 lsst_hardware_g -21.77146530695457 15.460000038146973 31.389999389648438 AB 6.470052137548625 1.2570937736890564
62704.0748 lsst_hardware_i 26.81612675748494 32.720001220703125 31.239999771118164 AB 6.037373552934851 1.1705629586249955
62707.0802 lsst_hardware_r 30.739299824641947 24.530000686645508 31.489999771118164 AB 5.281072147505816 1.123632371809748
62707.1 lsst_hardware_u 1.7468521020280259 2.690000057220459 28.360000610351562 AB 5.67726381778206 1.0711818524117094
62709.072 lsst_hardware_g -3.3247467101476413 15.270000457763672 31.40999984741211 AB 3.8838406878677305 1.1323150693491926
62709.0918 lsst_hardware_r 0.9002012842620437 24.299999237060547 31.5 AB 3.2640711842709553 1.0774290094969319
62711.0708 lsst_hardware_r -22.436574391259004 24.5 31.5 AB 4.352976829073305 1.1189692375836437
62711.0817 lsst_hardware_i -27.4021613866516 31.860000610351562 31.25 AB 4.190478283691013 1.0887187019202422
62716.0742 lsst_hardware_r 7.015580877769733 24.31999969482422 31.5 AB 1.6905623643279586 1.073941152564011
62716.093 lsst_hardware_g 11.383280745743917 15.319999694824219 31.459999084472656 AB 1.8463332099715628 1.0379947772152145
62718.0559 lsst_hardware_z -60.666876399464314 42.880001068115234 30.940000534057617 AB 2.43459392059502 1.1066336002704635
62718.0744 lsst_hardware_r -19.038675049284755 26.030000686645508 31.510000228881836 AB 2.3357510418813976 1.0617050190369988
62719.0581 lsst_hardware_i -12.722317503754912 34.29999923706055 31.260000228881836 AB 1.9118823352260992 1.0932330135668156
62719.0765 lsst_hardware_z 6.925302836243588 42.86000061035156 30.950000762939453 AB 1.8244212451512858 1.0522471855145357
62722.084 lsst_hardware_z -5.491457288570973 81.51000213623047 31.739999771118164 AB 3.931738259510138 1.0273682413144927
62723.0788 lsst_hardware_r -60.46233230795612 92.68000030517578 31.65999984741211 AB 3.3580715820330402 1.0307156482606017
62723.0984 lsst_hardware_i 24.74802226403068 76.4800033569336 31.350000381469727 AB 3.780574383140578 1.009633965319901
62725.0808 lsst_hardware_z -109.85322533427303 129.35000610351562 31.760000228881836 AB 3.3700380985415612 1.0212236662247156
62737.9731 lsst_hardware_y 132.7173745183924 68.64892487292204 30.010000228881836 AB 5.776109915277122 1.2068132494702788
62737.9901 lsst_hardware_u 4.953223913201077 3.463465829047346 28.399999618530273 AB 5.511342387505413 1.141300970698988
62739.9832 lsst_hardware_z 535.0338950615496 49.51518690843334 30.940000534057617 AB 2.420807495807137 1.1462156703635646
62740.0022 lsst_hardware_r 886.3331699520273 39.03396535630219 31.520000457763672 AB 1.6370070784869364 1.0895221820212555
62741.9829 lsst_hardware_y 319.1425133270884 52.44766165232506 30.020000457763672 AB 6.005790434436933 1.1290848380580165
62742.0 lsst_hardware_z 963.3937964590954 51.19860192293083 30.950000762939453 AB 5.299095990926109 1.0814481614134914
62743.9761 lsst_hardware_y 495.5141385814001 65.53855668393363 30.030000686645508 AB 3.2656023160578873 1.1333977669615227
62743.9929 lsst_hardware_u 27.433391618803235 5.843582810914817 28.440000534057617 AB 2.9833574064908235 1.085449301979561
62746.984 lsst_hardware_y 579.4083735884792 56.19716155214164 30.040000915527344 AB 3.3092069253090055 1.0872137742297554
62747.0038 lsst_hardware_i 2501.954690540385 59.90293710594385 31.260000228881836 AB 1.8313653940802879 1.0454987977622956
62747.9836 lsst_hardware_y 691.8598000926333 56.923322092767734 30.030000686645508 AB 1.4002568176046155 1.081488177335096
62748.0009 lsst_hardware_r 4264.201025309495 72.47802882308744 31.559999465942383 AB 1.859854462776638 1.0457923037027765
62750.9931 lsst_hardware_y 1687.12271752902 89.87338277431482 30.809999465942383 AB 2.1702694173989427 1.045115494553847
62962.3377 lsst_hardware_r -27.744069438023907 75.37000274658203 31.579999923706055 AB 23.773346304267786 1.3147156811429905
62962.3536 lsst_hardware_y 149.31269847790645 52.959999084472656 29.989999771118164 AB 22.161842493184313 1.2302452232882248
62965.3412 lsst_hardware_z -83.63681257165194 61.91999816894531 30.959999084472656 AB 8.980860341190116 1.2507145902060115
62965.3593 lsst_hardware_r -37.85060073123246 80.98999786376953 31.6200008392334 AB 8.414235741847689 1.1710971932192702
62968.3602 lsst_hardware_z 62.958709459725576 59.65999984741211 30.969999313354492 AB 7.732083659894318 1.138564096532608
62968.3833 lsst_hardware_r -4.202291431875936 68.01000213623047 31.639999389648438 AB 6.675887891176156 1.0742005537111157
62970.3528 lsst_hardware_z -57.019710447961195 53.459999084472656 30.959999084472656 AB 7.701686817980946 1.1451329105997168
62970.3715 lsst_hardware_r -45.297369297472144 53.25 31.6200008392334 AB 7.319433782668331 1.089485175852094
62972.3339 lsst_hardware_i -1.4413692238925857 35.790000915527344 31.260000228881836 AB 20.395767751226085 1.1963730496964762
62972.3523 lsst_hardware_z -28.746993016246293 44.54999923706055 30.950000762939453 AB 19.3186772851307 1.1287240971710262
62973.3429 lsst_hardware_r 24.803003308211462 27.030000686645508 31.530000686645508 AB 16.94036531473812 1.1510876647878134
62973.3518 lsst_hardware_u -0.5939107080013509 3.309999942779541 28.639999389648438 AB 16.50703415024889 1.1217510536171669
62975.3485 lsst_hardware_g -3.711482857191239 16.239999771118164 31.479999542236328 AB 12.211742638142832 1.11522763818656
62975.3675 lsst_hardware_r -7.9078868070068316 25.229999542236328 31.530000686645508 AB 11.734220186437964 1.0668766080529122
62977.3323 lsst_hardware_i 26.701201677010804 33.11000061035156 31.25 AB 10.306526326097705 1.1499610963567872
62977.3496 lsst_hardware_z 6.48800651227426 43.040000915527344 30.950000762939453 AB 10.808518922090961 1.09675483735075
62990.2546 lsst_hardware_i 48.48254170892194 51.959999084472656 31.25 AB 12.515527467350632 1.3564761791958633
62990.2739 lsst_hardware_r 44.831497941763566 57.95000076293945 31.579999923706055 AB 11.53115365155645 1.245982601738559
62999.2239 lsst_hardware_r -93.77596220145718 85.83000183105469 32.72999954223633 AB 9.270312969386048 1.3987998646091007
62999.2488 lsst_hardware_z -56.54380448936289 90.79000091552734 32.13999938964844 AB 8.25249575206994 1.2486124297059527
63002.2488 lsst_hardware_u -1.8979248086327711 2.640000104904175 28.280000686645508 AB 6.45584183061701 1.2101678012904489
63002.2697 lsst_hardware_g -6.61134856258583 15.25 31.43000030517578 AB 5.6355788775682525 1.1309610430600547
63005.2472 lsst_hardware_r -4.2924648429880525 24.68000030517578 31.5 AB 9.541593388006458 1.1824512625586325
63005.2688 lsst_hardware_z -44.42387790187783 42.59000015258789 30.950000762939453 AB 8.377048124325363 1.108808487667156
63010.2439 lsst_hardware_r 47.43734094636167 24.389999389648438 31.479999542236328 AB 8.518964063025074 1.1440993906829426
63010.2635 lsst_hardware_u 1.6245875168015618 2.7200000286102295 28.389999389648438 AB 7.3750610823443745 1.0864584569733176
63015.2452 lsst_hardware_i -33.62414591298217 31.760000228881836 31.25 AB 9.851892018601974 1.0985198311022712
63015.2645 lsst_hardware_z -25.21919181934036 41.720001220703125 30.950000762939453 AB 8.800679245028704 1.0543102681529475
63017.2327 lsst_hardware_r -1.640946634380968 34.22999954223633 31.56999969482422 AB 8.03646844786505 1.1186361370418973
63017.2537 lsst_hardware_z 98.97106216817143 43.88999938964844 30.959999084472656 AB 7.407711404078495 1.0650404587479865
63019.2425 lsst_hardware_z 23.954611985745235 49.68000030517578 30.969999313354492 AB 11.423493547051788 1.0778236457779606
63019.2601 lsst_hardware_i -15.51868353972037 47.29999923706055 31.309999465942383 AB 10.283364823477859 1.0426556195225734
63020.2495 lsst_hardware_z -31.43764987793861 54.720001220703125 30.979999542236328 AB 9.83920998839735 1.056918861543709
63020.2697 lsst_hardware_r 32.313115340149224 68.30000305175781 31.65999984741211 AB 8.926715147213757 1.0247243224015181
63031.1316 lsst_hardware_i 27.061729713943635 34.25 31.200000762939453 AB 18.777830740682578 1.4358884145044815
63031.1548 lsst_hardware_z -4.47166347698462 44.7400016784668 30.920000076293945 AB 16.7293114700287 1.2833655379562503
63040.1404 lsst_hardware_u 3.6504801596934167 2.5899999141693115 28.219999313354492 AB 4.24541174494996 1.2314464814938246
63040.1648 lsst_hardware_r 30.56908689887579 24.549999237060547 31.489999771118164 AB 3.9278018060069275 1.1347109074120836
63044.1607 lsst_hardware_i 47.40688747096658 33.31999969482422 31.260000228881836 AB 8.957186088271387 1.1135238796955975
63044.182 lsst_hardware_z 2.898257955564607 41.9900016784668 30.950000762939453 AB 7.897775216481869 1.0608635107659
63051.1577 lsst_hardware_z -35.5987770184752 138.91000366210938 31.75 AB 9.390683725621908 1.0719448723658775
63053.1542 lsst_hardware_r -71.29487575593635 131.72000122070312 31.65999984741211 AB 5.126771638967105 1.0676325778773645
63053.1731 lsst_hardware_i -159.76990333100287 101.69999694824219 31.350000381469727 AB 5.015208909975726 1.033530944868752
63061.0579 lsst_hardware_r 6.791974409189641 25.639999389648438 31.450000762939453 AB 9.860763558518109 1.3757285344163093
63061.0769 lsst_hardware_u 2.184719329432964 2.6500000953674316 28.25 AB 9.071916907690603 1.2619749013758426
63063.0442 lsst_hardware_g 0.4453369715613772 15.510000228881836 31.31999969482422 AB 5.564320772250598 1.4361390559428566
63063.0623 lsst_hardware_i 19.57271646079681 34.0099983215332 31.219999313354492 AB 5.091679345694031 1.3126831983055123
63066.0661 lsst_hardware_r 46.697630952873475 25.25 31.459999084472656 AB 3.2523539523468945 1.2475067101857993
63066.0851 lsst_hardware_u 1.518718575829938 2.7300000190734863 28.350000381469727 AB 3.3357329458872256 1.1652537072265576
63068.0471 lsst_hardware_u 0.7372733483460604 2.640000104904175 28.239999771118164 AB 7.535266561919576 1.3219765898104519
63068.0664 lsst_hardware_g -23.18269728311888 15.5600004196167 31.40999984741211 AB 6.954424385819932 1.2200744536526196
63071.0559 lsst_hardware_g -15.328375599505023 22.760000228881836 32.18000030517578 AB 7.507815866822278 1.2307894863643078
63071.0812 lsst_hardware_r -55.49471515907924 35.2599983215332 32.2599983215332 AB 6.9011429933953625 1.1313349169500595
63074.0824 lsst_hardware_r -18.17414069387136 30.670000076293945 31.549999237060547 AB 3.8245632590335847 1.1032128821037692
63075.0684 lsst_hardware_i 30.79601955219505 38.93000030517578 31.270000457763672 AB 5.068793856486675 1.1374785181179659
63080.06 lsst_hardware_i -82.28109788993235 123.7699966430664 31.329999923706055 AB 2.124932851173115 1.1207451746693644
63080.0796 lsst_hardware_z 30.33418961276991 103.91000366210938 31.0 AB 1.94711703380832 1.0695506914629607
63082.0781 lsst_hardware_z -13.71949779433024 72.95999908447266 30.989999771118164 AB 1.5878554197189574 1.0611642368360152
63082.0963 lsst_hardware_r -55.045758724825156 103.43000030517578 31.65999984741211 AB 1.8645572867743925 1.0301421473891672
63084.0706 lsst_hardware_i 38.13348412268314 42.599998474121094 31.290000915527344 AB 1.8632154710160624 1.0654048247494878
63084.0882 lsst_hardware_z 60.35055088402274 48.630001068115234 30.969999313354492 AB 2.0402518682407287 1.0339114197165855
63086.08 lsst_hardware_i 2.8408300535079967 31.31999969482422 31.260000228881836 AB 3.3246159220310534 1.038077411125433
63086.0995 lsst_hardware_u -2.3511893243436117 2.740000009536743 28.440000534057617 AB 4.461172729447885 1.0139028930563374
63091.9947 lsst_hardware_u -0.7127717344266392 2.7799999713897705 28.389999389648438 AB 6.90894717982929 1.2495458350859305
63092.0132 lsst_hardware_g 15.863068029439464 15.289999961853027 31.440000534057617 AB 3.654076524105364 1.1686811910784745
63095.9824 lsst_hardware_y 47.9527243682583 50.209999084472656 29.979999542236328 AB 4.39807650319785 1.256503536375359
63096.0008 lsst_hardware_z 27.753737727503186 43.380001068115234 30.940000534057617 AB 2.7136383973112865 1.1743539531802605
63100.9833 lsst_hardware_y -101.43329362956209 49.939998626708984 30.0 AB 1.665613795519069 1.189724139656478
63101.0018 lsst_hardware_u -1.4177801123493292 3.140000104904175 28.520000457763672 AB 1.4950473750934208 1.123391891115908
63106.9828 lsst_hardware_y 63.1747826503081 63.90999984741211 30.030000686645508 AB 5.964365573964549 1.131668699305472
63106.9994 lsst_hardware_i 33.74886088060311 84.16000366210938 31.329999923706055 AB 5.831669873434444 1.0846255189276708
63108.9846 lsst_hardware_y -68.12292925204167 63.84000015258789 30.040000915527344 AB 3.081976473471418 1.1095226256759672
63109.0037 lsst_hardware_r -26.030202852728927 112.63999938964844 31.649999618530273 AB 2.9689524845988147 1.062553826876999
63111.9785 lsst_hardware_z -11.477096638485847 53.61000061035156 30.959999084472656 AB 3.554534286492422 1.1036070229730677
63111.9971 lsst_hardware_i -2.357894126976915 31.59000015258789 31.25 AB 3.347873680280351 1.0593140188098673
63116.9811 lsst_hardware_y 78.2704580651253 56.560001373291016 30.049999237060547 AB 2.6577430811358034 1.0641258874788841
63116.9976 lsst_hardware_r 27.60555286778079 24.280000686645508 31.520000457763672 AB 2.5672925170579397 1.0346423362673052
63118.9831 lsst_hardware_y 15.578491402222557 52.279998779296875 30.040000915527344 AB 3.4379074711643636 1.0495557955064585
63119.0004 lsst_hardware_z -25.66160452578961 41.41999816894531 30.950000762939453 AB 3.2920535477501724 1.0234893666252673
