data/validation/pwv_sim_epoch_fit_4/62295103.ecsv
# %ECSV 0.9
# ---
# datatype:
# - {name: time, datatype: float64}
# - {name: band, datatype: string}
# - {name: flux, datatype: float64}
# - {name: fluxerr, datatype: float64}
# - {name: zp, datatype: float64}
# - {name: zpsys, datatype: string}
# - {name: pwv, datatype: float64}
# - {name: airmass, datatype: float64}
# meta: {SNID: '62295103', alt: 1024.0, c: 0.038288332521915436, dec: -2.537361, lat: -30.244573, lon: -70.7499537, ra: 76.640625, t0: 60584.8359375,
#   x0: 5.65805221491479e-06, x1: 0.9513958096504211, z: 0.5830042362213135}
# schema: astropy-2.0
time band flux fluxerr zp zpsys pwv airmass
60580.3441 lsst_hardware_z 2295.3426187397263 78.02285470447066 31.68000030517578 AB 5.579573403981356 1.1814872215947816
60582.3765 lsst_hardware_g 430.7672864379943 25.84607050865199 31.399999618530273 AB 3.5649657252337597 1.1320046757907791
60582.395 lsst_hardware_y 595.9392159167852 81.49994305824184 30.030000686645508 AB 3.616411113216346 1.1315429015069918
60584.3672 lsst_hardware_i 1691.226125272816 51.74710459079972 31.239999771118164 AB 2.819087108392028 1.1339851602542348
60584.3864 lsst_hardware_y 622.6213222666418 58.91712510527176 30.020000457763672 AB 2.3432837920197684 1.130564711492386
60586.3677 lsst_hardware_i 1751.4883684656115 51.861262702345535 31.25 AB 2.695437528398787 1.131190121731323
60586.3862 lsst_hardware_y 555.9979594498479 61.450450108261975 30.030000686645508 AB 2.1732636322529317 1.1324488074616867
60588.3691 lsst_hardware_g 322.01217533011766 23.171557768649073 31.40999984741211 AB 7.076046696774825 1.1299076561716288
60588.3882 lsst_hardware_y 696.3018926110859 73.36640956159704 30.040000915527344 AB 6.5731557899615956 1.137224185114585
60590.3586 lsst_hardware_i 1536.6974286741033 50.66109478032557 31.25 AB 5.0720865633325145 1.1306479187096699
60590.3766 lsst_hardware_y 390.2269846543199 54.49039949743403 30.030000686645508 AB 4.605158466893216 1.1331126020651754
60596.3585 lsst_hardware_z 1182.3499323710835 54.44172154602765 30.940000534057617 AB 6.11421362437369 1.132261782291424
60596.3767 lsst_hardware_y 330.8761329409468 60.32926382493045 30.020000457763672 AB 6.657748281316474 1.1480195909845627
60601.3244 lsst_hardware_z 1103.8147853608373 77.50615305907071 30.979999542236328 AB 4.301985517734465 1.1321014520353856
60601.3421 lsst_hardware_r 1237.3141163120083 105.27047789031491 31.639999389648438 AB 4.328430621511281 1.1311722517996903
60605.3261 lsst_hardware_z 1866.730696835922 87.04729470261665 31.719999313354492 AB 3.510167857486404 1.1300339179030676
60607.3183 lsst_hardware_r 683.900141840425 43.7334451578587 31.559999465942383 AB 4.289156665131845 1.1298900178161864
60607.3356 lsst_hardware_i 886.7381377457951 47.268019182232656 31.270000457763672 AB 4.151596143735654 1.1366450769980612
60609.2548 lsst_hardware_z 735.7318066669136 51.65958072856674 30.940000534057617 AB 3.957467991444594 1.207097145476466
60609.2808 lsst_hardware_r 580.9412501957039 33.9877399144219 31.489999771118164 AB 3.798327997472299 1.1523762033136844
60611.3156 lsst_hardware_u -4.966376975248226 3.087774156415538 28.510000228881836 AB 3.448857185683137 1.1314529560992301
60611.3328 lsst_hardware_g 66.35747321075469 16.290791264606167 31.420000076293945 AB 3.4926221636471024 1.144434109654449
60613.2985 lsst_hardware_r 475.07871469030465 31.7602730678137 31.5 AB 3.870624942493185 1.130109472260784
60613.3152 lsst_hardware_z 805.5964178401213 50.10890905934985 30.950000762939453 AB 3.8762142935102135 1.1338933138833447
60615.3071 lsst_hardware_i 501.87983376989024 39.58815951261503 31.239999771118164 AB 3.4536797069110428 1.1324777703282465
60615.3271 lsst_hardware_r 409.33249932876936 30.6257934292626 31.479999542236328 AB 3.5118731194471557 1.1510564141091955
60620.2431 lsst_hardware_g 15.984489119405032 15.211886635707135 31.40999984741211 AB 5.4127876140805915 1.1648336029728128
60620.2624 lsst_hardware_r 309.14986132703774 28.92863677633101 31.489999771118164 AB 5.785230952198859 1.1388436724089372
60622.2794 lsst_hardware_i 407.5920290339262 37.200582636509175 31.25 AB 8.802688832256935 1.12999856640009
60622.2969 lsst_hardware_z 668.8586539546995 48.81331573630074 30.940000534057617 AB 9.107996329135833 1.1384995411419792
60624.2761 lsst_hardware_i 390.0759789746404 36.71623825897835 31.239999771118164 AB 1.8249899717346112 1.1303163695904688
60624.2924 lsst_hardware_z 554.5095563724298 48.71064884022735 30.940000534057617 AB 2.255746366634461 1.1393617476055868
60626.2757 lsst_hardware_z 593.0455976362404 53.09130008435674 30.950000762939453 AB 5.04056144359601 1.1318625996099878
60626.2935 lsst_hardware_r 291.8391263639852 39.744147303304835 31.56999969482422 AB 4.627391260059263 1.146387033335628
60629.2691 lsst_hardware_i 257.73803077125706 89.45912889604155 31.31999969482422 AB 6.722571704810047 1.1325802598395363
60629.2877 lsst_hardware_r 264.32530148626034 110.45590189884541 31.6299991607666 AB 6.818148315152497 1.1494449623572545
60631.2737 lsst_hardware_z 1058.7011533230536 111.84344714025606 31.729999542236328 AB 4.558964139028677 1.1397410347571693
60633.2561 lsst_hardware_g -66.57610712817346 72.12915535076075 31.690000534057617 AB 4.879816243902421 1.1316609320094513
60633.2771 lsst_hardware_r 119.63653237099247 74.43760592331321 31.6200008392334 AB 5.014890257531062 1.149874521646697
60635.1232 lsst_hardware_i 265.7910164673999 37.31044078001239 31.190000534057617 AB 5.837393165373104 1.5249198446639027
60635.1414 lsst_hardware_z 385.78748276397033 49.6251688347777 30.90999984741211 AB 5.805890662148078 1.3915212899612261
60640.2326 lsst_hardware_z 313.58652764817805 46.50620516326581 30.940000534057617 AB 4.2734643695031185 1.1303467738061503
60640.2511 lsst_hardware_i 228.72424084553086 34.6760780940733 31.239999771118164 AB 5.021007458454386 1.1416786262710112
60644.2259 lsst_hardware_r 130.70328368942708 25.67786384241777 31.479999542236328 AB 8.615557328712482 1.1315910855976552
60644.2452 lsst_hardware_i 225.83077392720728 34.2369864235134 31.239999771118164 AB 8.79886889984548 1.147429111042662
60648.2218 lsst_hardware_g -29.404384899111395 14.510276788618297 31.40999984741211 AB 3.0138489323339415 1.1352665721193866
60648.24 lsst_hardware_r 90.01756845504329 25.78197293021016 31.479999542236328 AB 3.1162065940042503 1.1554344063790323
60650.2195 lsst_hardware_i 154.33038295990445 34.0360444010321 31.239999771118164 AB 4.829047178695261 1.1376740644012708
60650.2383 lsst_hardware_z 202.47531950182523 45.84662348572292 30.940000534057617 AB 4.8868918602288804 1.1615636477983315
60652.2239 lsst_hardware_i 221.14727097404634 34.17847455690327 31.239999771118164 AB 6.430228270634272 1.1481183675695046
60652.2421 lsst_hardware_z 270.9133914511247 46.07255131666461 30.940000534057617 AB 6.424450047944331 1.1797181376202863
60658.2018 lsst_hardware_z 418.1977685176365 113.69664814174381 31.729999542236328 AB 9.099210731175228 1.1415121440585358
60660.1882 lsst_hardware_z 303.53903920317043 78.42425455445188 30.989999771118164 AB 9.682769853123487 1.1346995921629086
60660.2072 lsst_hardware_r -71.0450341364602 112.9186742636309 31.639999389648438 AB 9.9198483158042 1.1553739667053324
60663.1673 lsst_hardware_i 105.0007008225628 48.93002347114541 31.299999237060547 AB 4.350938057703842 1.1299670322563364
60663.1859 lsst_hardware_z 258.93357386354086 53.89509045856326 30.959999084472656 AB 4.392965913275835 1.1393285128120363
60665.1687 lsst_hardware_g 3.947955188720927 22.34000015258789 31.56999969482422 AB 4.281829693916346 1.1316365230039898
60665.1878 lsst_hardware_r -11.276943206992438 33.209999084472656 31.559999465942383 AB 4.401488710206041 1.1473414689358026
60670.1282 lsst_hardware_z -29.921850002746673 42.88999938964844 30.940000534057617 AB 5.5218055086838165 1.1368757481333778
60670.1483 lsst_hardware_u -1.912235141758374 2.6600000858306885 28.360000610351562 AB 5.522469922392612 1.129974918899639
60672.1289 lsst_hardware_g 12.229296016395475 14.40999984741211 31.420000076293945 AB 7.999903208572799 1.132863329040366
60672.1486 lsst_hardware_r 11.139027204263307 23.510000228881836 31.489999771118164 AB 8.129557258280185 1.1312655777742473
60674.1272 lsst_hardware_i 53.16777390261672 31.6200008392334 31.239999771118164 AB 7.5878084000119905 1.1312424002999613
60674.1441 lsst_hardware_z -31.343786023839 42.810001373291016 30.940000534057617 AB 7.607328853068602 1.1316219937625291
60676.1254 lsst_hardware_i 26.218698388372975 31.43000030517578 31.239999771118164 AB 7.8722460223677615 1.1302627322684464
60676.147 lsst_hardware_u -0.10794291586570898 2.7100000381469727 28.40999984741211 AB 7.916784818004036 1.1364567221733566
60680.1252 lsst_hardware_i 16.916471415896854 31.799999237060547 31.239999771118164 AB 12.80569501661184 1.1307706586557624
60680.1458 lsst_hardware_r 14.998701555440023 23.309999465942383 31.479999542236328 AB 12.96722621877573 1.1460461979960432
60682.0992 lsst_hardware_z -12.15612675326308 63.720001220703125 31.700000762939453 AB 9.951821848716124 1.1342184650450515
60684.0885 lsst_hardware_z 0.5219901580899324 52.79999923706055 30.959999084472656 AB 7.470941705376719 1.1380823680976035
60684.1107 lsst_hardware_r 6.962197527469641 56.849998474121094 31.6200008392334 AB 7.410799892108094 1.130039629781655
60686.0916 lsst_hardware_i -16.572429095598245 71.36000061035156 31.31999969482422 AB 6.512438578035783 1.132401074254179
60686.1094 lsst_hardware_z 75.72893870913335 64.83000183105469 30.979999542236328 AB 6.523261303861394 1.130939893179857
60690.0781 lsst_hardware_g -42.990783849231065 71.87000274658203 31.690000534057617 AB 6.72068374467123 1.13376639444498
60690.0985 lsst_hardware_r 15.103839576620416 82.16000366210938 31.6299991607666 AB 6.121243692863801 1.1309457169263373
60692.079 lsst_hardware_i -61.34827626818012 31.43000030517578 31.239999771118164 AB 3.1058071462183885 1.1309265894286349
60692.0988 lsst_hardware_r 39.14840155420223 42.97999954223633 31.59000015258789 AB 2.3167840527770998 1.1334559945093228
60694.0795 lsst_hardware_u -1.5456991991456022 2.7100000381469727 28.43000030517578 AB 4.145530434090905 1.1298801946282047
60694.1005 lsst_hardware_g 0.573721591823252 13.979999542236328 31.399999618530273 AB 4.432993412614477 1.1386356932163284
60695.0803 lsst_hardware_r 0.017675209443888118 23.270000457763672 31.479999542236328 AB 9.228752728746615 1.129993701800523
60695.0994 lsst_hardware_i -66.91630208264432 31.520000457763672 31.239999771118164 AB 8.763104295078117 1.140138471907122
60701.0402 lsst_hardware_y -34.00714166502483 53.45000076293945 30.020000457763672 AB 12.332565083573567 1.1397671110717005
60701.0571 lsst_hardware_r 6.263969304476285 23.290000915527344 31.489999771118164 AB 13.478557464443702 1.1302615587016562
60705.0388 lsst_hardware_z -26.77576303489815 47.59000015258789 30.959999084472656 AB 12.246482955309094 1.1328497075615085
60705.0568 lsst_hardware_g -17.21191846990078 14.09000015258789 31.40999984741211 AB 12.633867787829038 1.1307245240041204
60707.0389 lsst_hardware_y -28.695484587537237 50.849998474121094 30.030000686645508 AB 9.542905881259047 1.1306760522818777
60707.0576 lsst_hardware_i 3.458653481901524 31.239999771118164 31.239999771118164 AB 9.201778705648007 1.1333170259029486
60711.0315 lsst_hardware_y -21.45061343975621 59.79999923706055 30.040000915527344 AB 6.289021642844292 1.1300011935754726
60711.0502 lsst_hardware_g 26.780451539635383 28.920000076293945 31.6299991607666 AB 6.746515655088069 1.135538086276132
60713.0316 lsst_hardware_y 50.01206781829499 58.18000030517578 30.030000686645508 AB 5.3535757064151035 1.1300423654701912
60713.0501 lsst_hardware_z -18.33752670346706 55.40999984741211 30.959999084472656 AB 7.0382982926477045 1.1399900052879341
60714.0389 lsst_hardware_y -20.16912783982547 82.23999786376953 30.780000686645508 AB 7.821477168296393 1.1335474156951293
60944.3841 lsst_hardware_z -21.908953233358826 67.97000122070312 31.709999084472656 AB 3.639828231463453 1.1326091374743656
60946.3291 lsst_hardware_g 4.209952510946501 14.270000457763672 31.3799991607666 AB 4.598570009595758 1.2153739783973243
60946.3469 lsst_hardware_y -4.172881083446316 48.720001220703125 30.0 AB 5.523706178890665 1.171269333946359
60949.3686 lsst_hardware_i -42.28245434345907 31.5 31.239999771118164 AB 4.758324543465797 1.1335866772862986
60949.3888 lsst_hardware_y -28.122837931804693 57.27000045776367 30.030000686645508 AB 4.707452492876322 1.1310553803162715
60954.3613 lsst_hardware_z -2.6018511514459663 58.2599983215332 30.969999313354492 AB 7.071651382144804 1.1308610952256213
60954.3819 lsst_hardware_y 28.99224002386271 56.459999084472656 30.020000457763672 AB 6.505792052933135 1.134203635448594
60956.3569 lsst_hardware_i -37.84910374517063 73.19000244140625 31.309999465942383 AB 5.033335851421129 1.1305785829786903
60956.376 lsst_hardware_y 105.83890310183988 57.540000915527344 30.020000457763672 AB 4.5820484642444095 1.1339365141457183
60958.3667 lsst_hardware_z 66.53121859738553 90.81999969482422 31.719999313354492 AB 3.395918893554035 1.1319729645180117
60960.3556 lsst_hardware_r 84.23774420499585 54.529998779296875 31.610000610351562 AB 6.2694108943945785 1.1302684825086047
60960.3753 lsst_hardware_y -122.46533160631748 54.70000076293945 30.020000457763672 AB 6.800022140656256 1.1423808720128106
60964.3541 lsst_hardware_u -6.186186126453807 2.9000000953674316 28.469999313354492 AB 8.286731244493238 1.13390014520193
60964.3733 lsst_hardware_y 51.408767866105734 53.959999084472656 30.020000457763672 AB 8.426856500881424 1.1536922340940607
60973.3284 lsst_hardware_r 17.01171576431279 23.18000030517578 31.489999771118164 AB 4.2807784596086185 1.1332555652077791
60973.3469 lsst_hardware_i -76.69789483056563 31.530000686645508 31.239999771118164 AB 4.246654232395127 1.1510627662797854
60975.3173 lsst_hardware_z -45.03648932377127 42.45000076293945 30.940000534057617 AB 3.5787088344111337 1.1308923477360666
60975.3346 lsst_hardware_r 9.737092969573458 23.170000076293945 31.479999542236328 AB 3.511159756671898 1.142645687477896
60977.3149 lsst_hardware_u 3.8031660453107783 2.6700000762939453 28.389999389648438 AB 3.4203375556711584 1.131999852944208
60977.3318 lsst_hardware_g -18.62778898591218 14.020000457763672 31.399999618530273 AB 3.4730618965481326 1.145657890993863
60980.3072 lsst_hardware_g -10.077415523800887 14.039999961853027 31.399999618530273 AB 6.2143521837628235 1.1322152648662984
60980.327 lsst_hardware_r -15.486538500144082 23.1200008392334 31.469999313354492 AB 6.216013038598368 1.1499777451773006
60990.2658 lsst_hardware_r 52.14359867576988 38.689998626708984 31.56999969482422 AB 1.8446069700107695 1.1302161674822087
60990.2829 lsst_hardware_i -48.45991184074596 40.150001525878906 31.270000457763672 AB 1.9423287164403644 1.1337651813053078
60992.2699 lsst_hardware_z 56.878770334858814 42.869998931884766 30.940000534057617 AB 5.024842418655298 1.1306178096426829
60992.2885 lsst_hardware_u -0.6482169633981965 3.309999942779541 28.540000915527344 AB 5.0832040105466545 1.142977966694752
60994.2714 lsst_hardware_g 25.577675684241232 14.289999961853027 31.40999984741211 AB 5.322602068718483 1.1334331492160314
60994.2888 lsst_hardware_r 15.259800193121812 23.690000534057617 31.489999771118164 AB 5.258199255101526 1.1500034821976073
60996.2656 lsst_hardware_r -2.2630790762937725 23.229999542236328 31.479999542236328 AB 4.587565276988597 1.133245158793346
60996.2849 lsst_hardware_i -40.562498767738596 31.40999984741211 31.239999771118164 AB 4.63270853883728 1.1521762169128986
60998.2582 lsst_hardware_z -73.2620676432751 42.9900016784668 30.940000534057617 AB 5.987462970103967 1.1322736327731977
60998.2787 lsst_hardware_i 30.69438838241356 31.959999084472656 31.229999542236328 AB 6.119984846840529 1.1511304141522671
61000.262 lsst_hardware_u -1.7260260121054545 2.6600000858306885 28.3700008392334 AB 3.849371489550546 1.1384182244336025
61000.2806 lsst_hardware_g -12.407664313385053 14.329999923706055 31.399999618530273 AB 3.9385020020050145 1.1627146236978874
61003.1473 lsst_hardware_r 24.088952082403367 24.059999465942383 31.450000762939453 AB 11.62045098041276 1.3173620882455028
61003.1617 lsst_hardware_i -84.39346663742836 32.34000015258789 31.219999313354492 AB 11.114112665123 1.2551228306180688
61005.2334 lsst_hardware_i 56.09859038006592 31.350000381469727 31.229999542236328 AB 5.942980685823608 1.1303814904086305
61005.2531 lsst_hardware_z 42.7802042913796 42.66999816894531 30.940000534057617 AB 6.168406528147462 1.143073666343961
