data/validation/pwv_sim_epoch_fit_4/62309131.ecsv
# %ECSV 0.9
# ---
# datatype:
# - {name: time, datatype: float64}
# - {name: band, datatype: string}
# - {name: flux, datatype: float64}
# - {name: fluxerr, datatype: float64}
# - {name: zp, datatype: float64}
# - {name: zpsys, datatype: string}
# - {name: pwv, datatype: float64}
# - {name: airmass, datatype: float64}
# meta: {SNID: '62309131', alt: 1024.0, c: 0.00408991938456893, dec: -2.388015, lat: -30.244573, lon: -70.7499537, ra: 352.441406, t0: 60497.7734375,
#   x0: 5.393058882140393e-06, x1: -0.47498124837875366, z: 0.5947500467300415}
# schema: astropy-2.0
time band flux fluxerr zp zpsys pwv airmass
[from data line 133]
60905.2702 lsst_hardware_i 18.15976070898097 32.40999984741211 31.239999771118164 AB 3.388943044737526 1.1326365836749843
60907.2201 lsst_hardware_z 74.22456451754253 43.81999969482422 30.940000534057617 AB 2.0909769556335704 1.1742663547174674
60907.2374 lsst_hardware_r 36.31056714812487 24.850000381469727 31.5 AB 2.0517490346146867 1.1471363935785417
60913.2202 lsst_hardware_r -16.652463794207474 24.950000762939453 31.5 AB 2.8520584082859393 1.1480946292999419
60913.2379 lsst_hardware_u 5.103818774620891 2.8399999141693115 28.440000534057617 AB 2.7981911772143087 1.1342485517690752
60933.1588 lsst_hardware_g -7.0127572620846745 16.010000228881836 31.450000762939453 AB 1.5970311616586337 1.1572689577236477
60933.1762 lsst_hardware_r 19.839705842468074 25.309999465942383 31.510000228881836 AB 1.1376258002058455 1.1381000085427382
60937.1432 lsst_hardware_z 19.57505672976593 43.83000183105469 30.940000534057617 AB 8.66794954544979 1.1648904106235438
60937.1639 lsst_hardware_i 75.71891236911169 32.869998931884766 31.25 AB 8.520542600496956 1.13910997332847
60939.1434 lsst_hardware_u -3.317451066035615 2.819999933242798 28.420000076293945 AB 5.1647230995632825 1.1558068925955651
60939.1621 lsst_hardware_g 19.552355511592886 15.920000076293945 31.450000762939453 AB 5.1403547492722925 1.1366179655660127
60942.1371 lsst_hardware_r -15.60286549738627 25.1299991607666 31.489999771118164 AB 4.050820493513991 1.1531217156249056
60942.1559 lsst_hardware_i -24.56867688883472 32.68000030517578 31.239999771118164 AB 3.99918769207062 1.1355145707793446
60944.1394 lsst_hardware_z 4.745879637510874 43.18000030517578 30.940000534057617 AB 3.2287978656211656 1.1438820969371157
60944.158 lsst_hardware_u -0.25451594814467604 2.7899999618530273 28.399999618530273 AB 3.201275281377056 1.1329274323618226
60946.1416 lsst_hardware_g 14.080833342941517 17.8799991607666 31.489999771118164 AB 4.900503925058828 1.137491723097693
60946.1601 lsst_hardware_r -24.90266328105655 26.06999969482422 31.510000228881836 AB 4.8924414051219 1.1328592324302025
60949.1357 lsst_hardware_i 43.28447692974461 41.25 31.270000457763672 AB 6.771131216806277 1.1360958417460196
60949.1557 lsst_hardware_z -26.89212824136203 47.40999984741211 30.950000762939453 AB 6.761061298177928 1.133772157324415
60951.103 lsst_hardware_z 58.084728860712644 59.619998931884766 30.969999313354492 AB 4.117959978955635 1.1684365777797647
60951.1219 lsst_hardware_i 49.22909844258731 61.599998474121094 31.309999465942383 AB 4.0224720724213245 1.1423150527513624
60954.1154 lsst_hardware_z -224.23197153448314 157.3000030517578 31.739999771118164 AB 3.9148411964842924 1.1407987945073217
60958.1089 lsst_hardware_z 12.79506863265424 69.88999938964844 31.700000762939453 AB 3.5761394976510217 1.137448949634474
60960.1023 lsst_hardware_g -22.44269660058092 15.5 31.43000030517578 AB 6.578387297395992 1.1382277528152736
60960.1209 lsst_hardware_r -11.68948729034924 24.709999084472656 31.5 AB 6.545748356046611 1.1327273815351926
60966.0724 lsst_hardware_u -3.2085257862513816 2.7200000286102295 28.360000610351562 AB 6.643187647672468 1.1519978579778847
60966.0899 lsst_hardware_g -15.521970070333827 15.260000228881836 31.420000076293945 AB 9.835961069357749 1.1357594837744578
60969.0742 lsst_hardware_r -0.6637711183022363 24.530000686645508 31.5 AB 3.271840788597725 1.1410081215688883
60969.0926 lsst_hardware_i 8.683042959520561 32.130001068115234 31.239999771118164 AB 3.0485973655653096 1.1326058324081645
60971.0271 lsst_hardware_z 12.878434865789568 43.970001220703125 30.93000030517578 AB 4.803047298699233 1.2200539274019462
60971.0373 lsst_hardware_u -0.8008239847712848 2.7799999713897705 28.40999984741211 AB 4.725075408344082 1.1921471952426093
60973.0738 lsst_hardware_g -0.27191178761520285 15.399999618530273 31.43000030517578 AB 4.321160950146407 1.1343614674868063
60973.0909 lsst_hardware_r 39.81902255914659 24.6200008392334 31.489999771118164 AB 5.154309454528222 1.1340199012566734
60975.0729 lsst_hardware_i -10.928875366844883 32.93000030517578 31.239999771118164 AB 3.3051834815101904 1.1330115345404297
60975.0902 lsst_hardware_z -21.49986288381041 43.4900016784668 30.940000534057617 AB 4.7931463809640675 1.136220547816594
60977.0725 lsst_hardware_i -31.457181301893513 36.2400016784668 31.260000228881836 AB 2.608723203420775 1.1325860506889387
60977.0892 lsst_hardware_z -25.983141219360338 44.970001220703125 30.940000534057617 AB 3.302924045336751 1.1392012113139618
60980.0592 lsst_hardware_z 35.88333724910746 92.83999633789062 31.719999313354492 AB 4.813448137091534 1.1330203539639925
60990.0175 lsst_hardware_y -49.30523085954182 52.540000915527344 30.020000457763672 AB 8.310904172541491 1.140458902096079
60990.0349 lsst_hardware_r 34.63213501551587 24.860000610351562 31.5 AB 7.819829766038873 1.1326247096254252
60994.0182 lsst_hardware_y -54.71319866619246 55.47999954223633 30.020000457763672 AB 6.333423918771864 1.1337354112008826
60994.038 lsst_hardware_g -6.364025369395599 15.670000076293945 31.440000534057617 AB 6.354148758764726 1.1360387536342424
60996.0198 lsst_hardware_y 98.9147400503492 57.16999816894531 30.030000686645508 AB 3.9640149449473565 1.1325756985563875
60996.0401 lsst_hardware_i 2.1953738110771783 32.66999816894531 31.25 AB 3.9952873762808756 1.141510678937393
60998.0214 lsst_hardware_y -38.16560992972125 55.130001068115234 30.020000457763672 AB 6.321005876264836 1.133609375226836
60998.0404 lsst_hardware_i -38.712383770515764 32.7599983215332 31.239999771118164 AB 6.509757886382748 1.1474308847913188
