data/validation/pwv_sim_epoch_fit_4/62408063.ecsv
# %ECSV 0.9
# ---
# datatype:
# - {name: time, datatype: float64}
# - {name: band, datatype: string}
# - {name: flux, datatype: float64}
# - {name: fluxerr, datatype: float64}
# - {name: zp, datatype: float64}
# - {name: zpsys, datatype: string}
# - {name: pwv, datatype: float64}
# - {name: airmass, datatype: float64}
# meta: {SNID: '62408063', alt: 1024.0, c: -0.08444239944219589, dec: 0.596842, lat: -30.244573, lon: -70.7499537, ra: 209.003906, t0: 62552.73046875,
#   x0: 3.697119161841781e-06, x1: -0.7991712689399719, z: 0.6938077211380005}
# schema: astropy-2.0
time band flux fluxerr zp zpsys pwv airmass
62542.3672 lsst_hardware_i 954.3031167755659 43.95688043066019 31.229999542236328 AB 3.9919256104696865 1.1728883826853789
62542.3851 lsst_hardware_y 138.9058303299845 60.73855196044495 30.010000228881836 AB 4.478593842770051 1.1630697306362667
62547.375 lsst_hardware_z 1385.5741595642735 73.92556913986407 31.700000762939453 AB 3.4886987172430834 1.1628995724143611
62549.3737 lsst_hardware_z 654.4920694815034 62.81803747572308 30.959999084472656 AB 4.686652076084887 1.163446180372376
62549.3913 lsst_hardware_y 241.30900054147094 70.22730811089936 30.020000457763672 AB 3.876646161780901 1.1747412611457277
62553.3414 lsst_hardware_z 814.9207250944237 80.18659595261754 30.979999542236328 AB 6.619597078163137 1.1691958336467125
62553.3589 lsst_hardware_i 1180.9153826565662 91.91285009347963 31.31999969482422 AB 6.582065374633544 1.1629090767904053
62555.3502 lsst_hardware_z 1520.2489259089105 94.98561615931273 31.719999313354492 AB 11.416550762690456 1.1629960538573212
62558.3393 lsst_hardware_r 993.3716088479522 42.21629307573856 31.520000457763672 AB 7.749978286392765 1.163442039616103
62558.3572 lsst_hardware_i 1051.875900275986 47.79406618315806 31.25 AB 7.904520419483728 1.1668049921741426
62560.3399 lsst_hardware_z 738.4274128915555 50.82682561377782 30.940000534057617 AB 5.544474715596754 1.1629122155307734
62560.3577 lsst_hardware_u -1.768487353343217 2.8981509196042086 28.43000030517578 AB 5.594214149082141 1.1712565609174856
62562.3414 lsst_hardware_g 82.2415964239431 17.614433649265244 31.40999984741211 AB 3.7261028896590966 1.1644071530184676
62562.3603 lsst_hardware_r 732.8233737687005 36.55326415041353 31.479999542236328 AB 3.7760068466364114 1.1800021395738785
62564.3066 lsst_hardware_r 727.7301215519105 35.27913429369669 31.469999313354492 AB 8.410415944420254 1.1734099678298229
62564.325 lsst_hardware_i 826.7065907848938 43.54806646418612 31.229999542236328 AB 8.257770159467109 1.1630662196432549
62565.3393 lsst_hardware_i 880.0259007120153 43.17515347308769 31.229999542236328 AB 11.307436938360492 1.167570823562586
62565.3579 lsst_hardware_u -0.9802111444698962 2.6603688263037792 28.309999465942383 AB 11.507082595954826 1.188277637569987
62567.3115 lsst_hardware_u -5.340101187986551 2.658889360004418 28.309999465942383 AB 10.397865896453348 1.1644181451103082
62567.3305 lsst_hardware_g 76.02487267045178 16.994445458679355 31.389999389648438 AB 10.457553093699364 1.1656198878357085
62569.3074 lsst_hardware_r 438.6959585396645 32.60868863964096 31.479999542236328 AB 8.380414676733782 1.163946482879692
62569.3252 lsst_hardware_i 638.6558327042947 41.17293429383014 31.229999542236328 AB 8.393049576910078 1.1657013301263996
62573.3054 lsst_hardware_z 492.4257767343913 48.606175108157565 30.940000534057617 AB 15.989303965879568 1.1629853413739564
62573.3246 lsst_hardware_u 4.754173492436436 2.713526731122692 28.34000015258789 AB 16.175492539008378 1.1735190016511021
62576.306 lsst_hardware_g 17.423641534147922 27.472696082043548 31.579999923706055 AB 9.02119352993255 1.1656543809539204
62576.3248 lsst_hardware_r 294.08987352761744 29.496954659574264 31.479999542236328 AB 9.107422327626873 1.1836788468701864
62577.3107 lsst_hardware_i 468.93306533099945 56.1806566521988 31.290000915527344 AB 9.464255087115463 1.1707391250761108
62577.3275 lsst_hardware_z 477.81207180287896 56.10402285793885 30.950000762939453 AB 9.54430928555881 1.1921445522806409
62579.3084 lsst_hardware_i 483.6909985007372 92.9291306361337 31.309999465942383 AB 6.455354287448436 1.1737007795360794
62579.3269 lsst_hardware_z 355.2572591649671 81.54507932680733 30.969999313354492 AB 6.605671190553673 1.2010311255552133
62581.2407 lsst_hardware_z 763.2851465598523 142.90153291399596 31.729999542236328 AB 6.83648585953757 1.2024070808824945
62583.2756 lsst_hardware_r 155.72086668055283 86.6714762662425 31.6299991607666 AB 7.151137837745245 1.1628811834694277
62583.2952 lsst_hardware_i 321.97403188202236 74.17685037504765 31.309999465942383 AB 7.244853943223953 1.1715166058305813
62590.0983 lsst_hardware_g -6.73578086047098 14.710148484006256 31.040000915527344 AB 12.762522728549854 2.1569245780885713
62590.1169 lsst_hardware_r 93.9896676255055 27.517572524799405 31.34000015258789 AB 10.85549401644389 1.8336983135885268
62595.258 lsst_hardware_g 38.603085620473465 16.18705388114802 31.399999618530273 AB 7.410729199965653 1.1679789647826717
62595.2775 lsst_hardware_r 131.07932563899953 26.133231571750006 31.469999313354492 AB 7.509800213006811 1.1907087700977979
62599.244 lsst_hardware_u 7.69597204025456 3.3584755414582936 28.360000610351562 AB 10.764029012159861 1.1660739911342066
62599.2621 lsst_hardware_g 60.095085004171395 17.083459757250342 31.40999984741211 AB 10.226677223943494 1.183814466669772
62603.2272 lsst_hardware_z 116.9062964661264 45.23020805961814 30.940000534057617 AB 8.01478827908516 1.1636716194678998
62603.2449 lsst_hardware_r 78.31495721604406 26.316713204714016 31.5 AB 8.048232570257174 1.1758542745855736
62605.2328 lsst_hardware_z 132.37190575630507 76.11913395485918 31.709999084472656 AB 7.688645075188007 1.1695387303965836
62607.1825 lsst_hardware_r 164.8003546630391 106.9062712314702 31.6200008392334 AB 20.08677375825911 1.1812043530417384
62607.2005 lsst_hardware_z -2.7714319023055487 76.34562142267956 30.979999542236328 AB 19.83933674014699 1.1651692453248952
62609.2254 lsst_hardware_r 203.5695088465092 160.70523255303567 31.6299991607666 AB 13.934877989579828 1.172624057691743
62609.2439 lsst_hardware_y 212.2141956999668 75.98147578050737 30.010000228881836 AB 14.2348424974273 1.1989255030259611
62613.1893 lsst_hardware_z 176.87811703219495 52.17699353650626 30.959999084472656 AB 10.712032863819356 1.1634029719054417
62615.1105 lsst_hardware_r 72.42600707794467 37.11096301165098 32.209999084472656 AB 11.927089345184239 1.3201714920786596
62615.1302 lsst_hardware_i 106.17134446443914 34.19202520349688 31.219999313354492 AB 12.099636065915584 1.246667577863146
62617.1893 lsst_hardware_z 115.14779340686444 44.649135560443845 30.940000534057617 AB 7.466030979162237 1.1637640027271134
62617.2058 lsst_hardware_r 58.133413798637186 25.927442302715313 31.489999771118164 AB 7.523968721777415 1.174901097782984
62619.1881 lsst_hardware_u 1.143046577395553 2.99508073589362 28.329999923706055 AB 2.5939089077613207 1.1654089218291905
62619.2067 lsst_hardware_g 23.293612293981756 16.454114854587033 31.40999984741211 AB 2.629737860485779 1.1827019835780432
62621.1839 lsst_hardware_r 76.96936604233134 25.642458330666972 31.479999542236328 AB 12.714707576421564 1.1660590220489329
62621.2021 lsst_hardware_z 133.05472128124396 44.741220160112285 30.93000030517578 AB 13.03991753635471 1.1839133428381152
62624.1847 lsst_hardware_r 15.71406615881927 25.659367180665686 31.489999771118164 AB 13.587350644288078 1.1728736816730227
62624.2013 lsst_hardware_u 4.834534396690487 2.9001491216548 28.420000076293945 AB 13.822738239141275 1.1958765347048053
62626.1829 lsst_hardware_g 36.201156312004144 16.120395572507352 31.43000030517578 AB 10.829739888199775 1.1767619133108522
62626.2013 lsst_hardware_r 67.50017263650203 25.65089768511072 31.489999771118164 AB 11.146331783430611 1.2065741268056516
62628.1526 lsst_hardware_r 47.020314972749425 25.368270844747773 31.489999771118164 AB 7.181999612510762 1.1628885382951364
62628.1712 lsst_hardware_i 73.48479669588184 33.37345987173915 31.239999771118164 AB 7.468248133535255 1.1705259407601982
62630.0575 lsst_hardware_z 16.95438334648396 47.26552513331497 30.90999984741211 AB 12.288755533353998 1.3805522243881811
62630.0739 lsst_hardware_g 37.63098465270713 19.037190750044594 31.43000030517578 AB 11.61830428617001 1.3014305450866266
62632.1513 lsst_hardware_r 57.71299878092976 35.61165093808947 31.559999465942383 AB 9.00520920808953 1.1648181616982964
62632.1717 lsst_hardware_z 59.11114351452147 46.51543196916322 30.940000534057617 AB 9.20110777603034 1.1833968544335958
62635.1049 lsst_hardware_r 67.6634436244932 89.51175697482375 31.6200008392334 AB 7.285479249269545 1.1827716731321303
62635.1232 lsst_hardware_y 109.24732461224379 57.4719581439457 30.020000457763672 AB 7.161350398039869 1.1655843746809682
62640.0512 lsst_hardware_i -45.67229192891284 71.58999633789062 31.290000915527344 AB 10.445704074873367 1.2832297546987206
62640.062 lsst_hardware_z 41.98261521101688 65.33999633789062 30.959999084472656 AB 10.153094389390155 1.2464921905455257
62643.0773 lsst_hardware_z -115.5271137967618 43.56999969482422 30.93000030517578 AB 5.955041355293046 1.191604073095157
62643.0957 lsst_hardware_r -8.718626862042521 24.229999542236328 31.479999542236328 AB 5.446813733305967 1.169178677727331
62645.0723 lsst_hardware_u -3.173651928097426 2.6700000762939453 28.329999923706055 AB 9.883926688411767 1.190834540772502
62645.0906 lsst_hardware_g 23.50452777193508 14.9399995803833 31.40999984741211 AB 10.113168297672715 1.1689046596296935
62647.076 lsst_hardware_r -7.1986830836031555 24.309999465942383 31.479999542236328 AB 6.138426665565866 1.177786447296075
62647.0944 lsst_hardware_z 18.861897682646454 43.529998779296875 30.940000534057617 AB 7.456360621574563 1.1639651298118268
62651.0746 lsst_hardware_r -35.64345648595757 24.389999389648438 31.5 AB 12.711691974745397 1.1686225672025186
62651.0942 lsst_hardware_u 0.9160938407767029 2.7799999713897705 28.420000076293945 AB 14.04325082129834 1.163242975464787
62653.0663 lsst_hardware_g -10.908239170742078 14.970000267028809 31.40999984741211 AB 8.592832261922673 1.1708982915047248
62653.0842 lsst_hardware_r -42.592141707186286 24.229999542236328 31.489999771118164 AB 8.490711978841624 1.1628988283658177
62656.0709 lsst_hardware_i -38.14492411518812 32.20000076293945 31.229999542236328 AB 13.35730092982391 1.1636546601175137
62656.0889 lsst_hardware_z -60.70488111494039 43.310001373291016 30.93000030517578 AB 13.428962085723198 1.1663835048399207
62672.9842 lsst_hardware_i 17.14556854558161 32.83000183105469 31.229999542236328 AB 6.253870876307624 1.213793920484109
62672.9991 lsst_hardware_u -5.366461136580768 2.740000009536743 28.3799991607666 AB 6.391421399425968 1.1857191390933093
62677.0017 lsst_hardware_g 21.13750300164685 15.270000457763672 31.40999984741211 AB 5.8497946762853985 1.1701149505838242
62677.0232 lsst_hardware_r -6.705894772606758 24.59000015258789 31.489999771118164 AB 5.867427081432411 1.1632488266122942
62678.9972 lsst_hardware_i -21.315284836763478 32.61000061035156 31.229999542236328 AB 8.904953130853038 1.1693451541871274
62679.0173 lsst_hardware_r -9.171251693654865 24.639999389648438 31.479999542236328 AB 9.50429919128061 1.1631745430523326
62681.001 lsst_hardware_u -1.0886739312075853 2.7699999809265137 28.399999618530273 AB 5.2924662363593 1.1641601869030977
62681.0218 lsst_hardware_g -9.111917907144331 15.359999656677246 31.420000076293945 AB 5.256463072887813 1.1670871070487387
62683.0042 lsst_hardware_r -36.48834955359858 24.719999313354492 31.479999542236328 AB 9.450596783903988 1.1629356775861672
62683.0245 lsst_hardware_i 28.410616082657718 32.58000183105469 31.229999542236328 AB 9.545205997497082 1.1737833248274818
62686.963 lsst_hardware_y -81.52120451339869 52.15999984741211 30.0 AB 5.795063037521285 1.1826659260247518
62686.9834 lsst_hardware_z 54.994416479630644 44.029998779296875 30.940000534057617 AB 5.706602469181525 1.164612748812556
62688.9651 lsst_hardware_y -18.274680977326348 72.3499984741211 30.75 AB 4.761424095643263 1.17363177117162
62688.9861 lsst_hardware_z 156.64506360634255 63.849998474121094 31.690000534057617 AB 4.6612067753027535 1.162903205963344
62695.9622 lsst_hardware_y -102.66617053073946 64.83999633789062 30.030000686645508 AB 10.071148295772176 1.1635323636659607
62695.9822 lsst_hardware_r -45.54762246598959 82.72000122070312 31.6299991607666 AB 10.115138844728754 1.167984932611765
62697.9641 lsst_hardware_y 0.4671611849504684 57.599998474121094 30.010000228881836 AB 4.967591116398452 1.1630071288586983
62697.9836 lsst_hardware_r 142.9116381634245 58.900001525878906 31.600000381469727 AB 5.039322067414144 1.1738462770589666
62907.3732 lsst_hardware_z -54.590404972520716 68.72000122070312 30.969999313354492 AB 3.9887454608483983 1.1683495784558915
62909.3686 lsst_hardware_r -103.0715662639677 87.58999633789062 31.6299991607666 AB 7.234392256245158 1.1677478017129248
62909.385 lsst_hardware_y 55.336413604652655 65.66999816894531 30.020000457763672 AB 6.0440691445112185 1.16291735720457
62913.3096 lsst_hardware_z -88.38893069694166 45.779998779296875 30.93000030517578 AB 6.329701726444313 1.260039161880679
62913.3254 lsst_hardware_y 12.965952010698517 49.630001068115234 29.989999771118164 AB 6.060132770487165 1.2155516538937248
62915.2782 lsst_hardware_r -47.52775535550294 25.020000457763672 31.450000762939453 AB 6.525523026383009 1.3717727614847501
62918.3465 lsst_hardware_i 23.552391699532556 32.40999984741211 31.239999771118164 AB 6.657609729113288 1.1662114699563455
62918.3643 lsst_hardware_z 38.1359897944295 43.459999084472656 30.940000534057617 AB 6.659167201608726 1.1635967443655584
62920.3423 lsst_hardware_r -10.848427771533602 24.34000015258789 31.489999771118164 AB 11.4724121360569 1.1655401946618815
62920.3594 lsst_hardware_g 6.815057249545454 14.979999542236328 31.40999984741211 AB 11.417190858876754 1.1637528056751243
62922.3285 lsst_hardware_r -52.41267392858875 24.399999618530273 31.489999771118164 AB 10.54237228780014 1.17137469864446
62922.3461 lsst_hardware_i -74.77219286306408 32.38999938964844 31.239999771118164 AB 10.000820145910684 1.1628860634779865
62924.338 lsst_hardware_z -5.555118730943813 43.2599983215332 30.940000534057617 AB 6.048824938887362 1.1632355651706465
62924.3555 lsst_hardware_i 31.456790856719206 32.25 31.239999771118164 AB 6.068178984023798 1.1669574969276535
62928.3387 lsst_hardware_r -7.242425236242763 24.209999084472656 31.489999771118164 AB 6.891172062361708 1.1641148818675109
62928.3572 lsst_hardware_i 11.697903737252878 32.279998779296875 31.229999542236328 AB 7.058296331205558 1.178608983280456
62931.3065 lsst_hardware_i -76.23992096377184 48.04999923706055 31.280000686645508 AB 8.357882229323355 1.1692207504386884
62931.3266 lsst_hardware_z 44.05140147239732 49.59000015258789 30.950000762939453 AB 8.349442527924085 1.1631179951137667
62933.3108 lsst_hardware_r -23.69880846310021 98.54000091552734 31.6200008392334 AB 11.356784143832913 1.1639030636774699
62933.3297 lsst_hardware_z 18.73831958327036 69.45999908447266 30.969999313354492 AB 11.388206277455103 1.166226961336928
62936.3095 lsst_hardware_r 77.27588401935512 127.1500015258789 31.6299991607666 AB 9.174713502755923 1.162828073860032
62936.3281 lsst_hardware_i -100.36748905493424 104.2300033569336 31.31999969482422 AB 9.231034855960601 1.1709681737812292
62940.3176 lsst_hardware_z -41.37002153686525 69.73999786376953 31.700000762939453 AB 9.722127730379032 1.1713406904071122
62942.3087 lsst_hardware_r -16.823573414085104 28.469999313354492 31.520000457763672 AB 9.486785559028402 1.168539207862093
62942.3274 lsst_hardware_i -7.206767609042522 34.5099983215332 31.239999771118164 AB 9.602831440900104 1.1907534801785504
62945.271 lsst_hardware_i 32.80889669997418 32.58000183105469 31.239999771118164 AB 5.822996596260183 1.1672840726190665
62945.2907 lsst_hardware_z 4.835766650590771 43.79999923706055 30.940000534057617 AB 5.801429614592258 1.1636216382815252
62949.2717 lsst_hardware_r 12.246331591822676 24.43000030517578 31.489999771118164 AB 7.122819993467928 1.1629410313425554
62949.2922 lsst_hardware_i -35.26724681028024 32.619998931884766 31.239999771118164 AB 7.031874952290116 1.1706134430314827
62951.2341 lsst_hardware_i -19.336454754645224 32.75 31.239999771118164 AB 7.7480133540859795 1.1907502401197683
62951.2516 lsst_hardware_u -2.4812638697772766 2.7799999713897705 28.420000076293945 AB 8.303098268817024 1.169450460396764
62953.2856 lsst_hardware_g 7.127352337966459 15.460000038146973 31.450000762939453 AB 8.93409621659484 1.1747661034312742
