data/validation/pwv_sim_epoch_fit_4/62408619.ecsv
# %ECSV 0.9
# ---
# datatype:
# - {name: time, datatype: float64}
# - {name: band, datatype: string}
# - {name: flux, datatype: float64}
# - {name: fluxerr, datatype: float64}
# - {name: zp, datatype: float64}
# - {name: zpsys, datatype: string}
# - {name: pwv, datatype: float64}
# - {name: airmass, datatype: float64}
# meta: {SNID: '62408619', alt: 1024.0, c: -0.08761594444513321, dec: -22.508005, lat: -30.244573, lon: -70.7499537, ra: 129.375, t0: 62224.4140625,
#   x0: 3.624717347282217e-06, x1: -0.19045878946781158, z: 0.6993305683135986}
# schema: astropy-2.0
time band flux fluxerr zp zpsys pwv airmass
62103.2622 lsst_hardware_i -53.012882231914084 43.66999816894531 31.270000457763672 AB 6.003574448211337 1.22127298488788
62103.279 lsst_hardware_z -28.40529459707983 47.209999084472656 30.940000534057617 AB 5.750830889520716 1.152567359903943
62105.2873 lsst_hardware_z 46.65519951248636 52.880001068115234 30.969999313354492 AB 8.53003069276114 1.1086360696754431
62105.3031 lsst_hardware_r 101.1243193997746 55.599998474121094 31.639999389648438 AB 7.48342794084842 1.069621412289545
62107.2613 lsst_hardware_z -75.74066843786238 61.369998931884766 30.969999313354492 AB 7.333508826789479 1.1781187680735772
62107.2776 lsst_hardware_i -103.84839742823227 65.41000366210938 31.31999969482422 AB 6.974225857318336 1.1211110393300914
62111.3465 lsst_hardware_r -41.966641518039296 66.01000213623047 31.649999618530273 AB 4.393710362327838 1.008946635817863
62113.3458 lsst_hardware_z -4.135566244752792 52.65999984741211 30.979999542236328 AB 7.458783700093225 1.00928491014091
62115.3428 lsst_hardware_z -80.83070558509696 44.900001525878906 30.959999084472656 AB 8.616079964666095 1.0097461748717529
62118.2411 lsst_hardware_u -1.2897388374199494 2.5399999618530273 28.299999237060547 AB 8.801021867374665 1.1419393675569343
62118.2641 lsst_hardware_r -3.8626284175404675 22.1200008392334 31.479999542236328 AB 8.572222291985458 1.0773183727517228
62119.3267 lsst_hardware_r 1.338060426422051 21.81999969482422 31.489999771118164 AB 8.340416601273626 1.00900094572671
62119.3454 lsst_hardware_y -12.992321809654731 52.22999954223633 30.059999465942383 AB 8.4904060376029 1.015797314031429
62121.2986 lsst_hardware_g -5.549877051967355 13.210000038146973 31.40999984741211 AB 6.713552093319513 1.0159349439441907
62123.277 lsst_hardware_r -5.421245546385709 22.1299991607666 31.5 AB 4.464421148994335 1.0312823167000078
62123.2962 lsst_hardware_i 0.4489394120362398 29.809999465942383 31.25 AB 4.947398033868689 1.0140188632647447
62125.2777 lsst_hardware_z -46.377667967244435 40.75 30.959999084472656 AB 5.512621352866204 1.0243652054011343
62125.2975 lsst_hardware_r 2.7526421785865423 21.969999313354492 31.5 AB 5.970925774517765 1.0108790814644557
62130.2619 lsst_hardware_r 19.01785862723059 37.939998626708984 32.68000030517578 AB 8.21300863536834 1.0266260794210424
62130.2881 lsst_hardware_z -5.862183504889136 40.189998626708984 30.950000762939453 AB 8.077333148270426 1.0096666435338033
62132.2602 lsst_hardware_r 21.21380743593038 22.09000015258789 31.5 AB 6.266274854184948 1.0227730614411605
62132.2845 lsst_hardware_u 0.16089249774893777 2.6600000858306885 28.459999084472656 AB 6.227504329538045 1.0093199885799609
62134.28 lsst_hardware_g -32.59080472016554 46.9900016784668 31.719999313354492 AB 8.77990553788316 1.0091845445842713
62134.3025 lsst_hardware_r 17.22683604756986 41.91999816894531 31.6200008392334 AB 9.437370040105124 1.0145527886588812
62135.1225 lsst_hardware_i 5.322800314177657 70.36000061035156 31.219999313354492 AB 11.99997000835975 1.6004227805227726
62135.1449 lsst_hardware_r -57.028519954148585 83.41999816894531 31.559999465942383 AB 9.41828368299654 1.3987723139637678
62138.2576 lsst_hardware_z 42.670189750145404 67.41999816894531 30.989999771118164 AB 4.939536031861526 1.0127534237004223
62138.2773 lsst_hardware_r -22.36727130421927 96.01000213623047 31.670000076293945 AB 4.927133242729996 1.0092448264502243
62140.2704 lsst_hardware_z 94.33587797526926 114.69000244140625 32.4900016784668 AB 2.737792619129583 1.0090764613783094
62142.2437 lsst_hardware_r 74.67998047157951 44.63999938964844 31.6299991607666 AB 7.121383997895556 1.0143819570864347
62142.2638 lsst_hardware_z 21.69818389470442 46.529998779296875 30.969999313354492 AB 7.584917884197377 1.0089904954146918
62146.2384 lsst_hardware_g 4.413548451591015 13.59000015258789 31.440000534057617 AB 7.231491926919558 1.0115507375597084
62146.2624 lsst_hardware_r 8.189634098750247 22.5 31.510000228881836 AB 6.707187595631312 1.0109940981469363
62148.2216 lsst_hardware_i 23.9276481577193 30.030000686645508 31.260000228881836 AB 5.214371047422185 1.0183323986763373
62148.2384 lsst_hardware_z -4.844112952867278 40.56999969482422 30.959999084472656 AB 5.215303620742842 1.0097882028641931
62150.2052 lsst_hardware_z -36.468215730221516 40.77000045776367 30.950000762939453 AB 8.146623513303473 1.028982192278821
62150.2239 lsst_hardware_r -39.517843777189576 22.09000015258789 31.489999771118164 AB 7.976837407077695 1.0132319511064902
62152.2021 lsst_hardware_u -2.0410789977541737 2.799999952316284 28.549999237060547 AB 5.299215606261398 1.0263333377739596
62152.2219 lsst_hardware_g -6.282879072375101 13.699999809265137 31.440000534057617 AB 5.148361573355651 1.0115984228495516
62157.1249 lsst_hardware_z -44.655780490023716 42.91999816894531 30.93000030517578 AB 14.902530770263269 1.17766225827226
62157.1429 lsst_hardware_r 14.528769719771159 22.610000610351562 31.479999542236328 AB 13.295121193056463 1.115658902090023
62160.1862 lsst_hardware_i 2.8113418528531273 33.4900016784668 31.270000457763672 AB 11.541247068755794 1.0205214414934016
62160.2056 lsst_hardware_z -70.29087240367218 40.5099983215332 30.950000762939453 AB 11.376177388009346 1.009794575457594
62161.1238 lsst_hardware_r 72.76279670129263 42.83000183105469 31.600000381469727 AB 9.129635481951466 1.1415849635651116
62161.1417 lsst_hardware_i -2.238592008815013 40.459999084472656 31.290000915527344 AB 8.52250303903382 1.0892073664814126
62162.1885 lsst_hardware_r -82.043968836094 48.65999984741211 31.639999389648438 AB 14.182315534139404 1.01473792846045
62162.2066 lsst_hardware_z 11.812468413292061 46.83000183105469 30.969999313354492 AB 14.110135316031498 1.0089478238134786
62163.1651 lsst_hardware_z -45.00782405999026 52.150001525878906 30.979999542236328 AB 11.381879186515157 1.034716289683196
62163.1836 lsst_hardware_i -103.42070373268187 52.25 31.31999969482422 AB 10.995775792396557 1.0161515379721426
62164.1187 lsst_hardware_z -43.96456954040984 60.619998931884766 30.979999542236328 AB 13.934211304709908 1.1313680141853169
62164.1367 lsst_hardware_r -35.27774285894589 79.37000274658203 31.649999618530273 AB 12.757898041747366 1.0814833039062475
62167.1732 lsst_hardware_y -6.694285585643697 82.22000122070312 30.81999969482422 AB 10.44645365813079 1.0157967384413373
62171.1498 lsst_hardware_i 23.704316712348334 40.18000030517578 31.299999237060547 AB 10.510740353962898 1.0267904414558549
62171.1676 lsst_hardware_z 8.378983402320005 45.779998779296875 30.969999313354492 AB 9.04845315949725 1.0126976115833388
62173.1521 lsst_hardware_r -2.12310304511529 22.389999389648438 31.510000228881836 AB 4.000362110233555 1.019330388644052
62173.1739 lsst_hardware_u 2.331167257169099 3.259999990463257 28.68000030517578 AB 5.4123113158237075 1.0091320041933454
62174.1239 lsst_hardware_i 14.474672627111905 30.420000076293945 31.260000228881836 AB 5.81397580037425 1.0518590882356018
62174.1437 lsst_hardware_z 16.60149798684668 40.720001220703125 30.950000762939453 AB 5.0392038008334605 1.0245754932226514
62177.1321 lsst_hardware_z -0.5266587479898877 40.849998474121094 30.959999084472656 AB 3.5859809515410026 1.028262835874024
62177.1508 lsst_hardware_r 10.468516092201 22.440000534057617 31.510000228881836 AB 3.5415409421595987 1.0129058632865835
62179.1332 lsst_hardware_u -1.6573242310742293 2.75 28.510000228881836 AB 4.116055376623893 1.0215226778517272
62179.1508 lsst_hardware_g -3.00562535677101 13.800000190734863 31.440000534057617 AB 4.049712289784614 1.0106173829683351
62185.1185 lsst_hardware_u 3.4511293806082164 2.7300000190734863 28.5 AB 5.637716717357062 1.0200319734678962
62185.1356 lsst_hardware_r -29.686412670601054 22.239999771118164 31.5 AB 5.748316699399627 1.0102489805623245
62187.1044 lsst_hardware_i -6.201951262726627 30.510000228881836 31.260000228881836 AB 3.2867465466647974 1.0287156640578394
62187.1209 lsst_hardware_z 8.512132222393543 40.619998931884766 30.959999084472656 AB 3.2243161716804303 1.0143346194826364
62189.1144 lsst_hardware_r -3.3697388142777718 30.790000915527344 31.579999923706055 AB 6.208566143689279 1.0149691259913813
62189.1321 lsst_hardware_z 49.45331493074156 42.2400016784668 30.959999084472656 AB 6.520916495759916 1.0089742498758172
62191.1054 lsst_hardware_y 17.32531166720681 69.18230860289475 30.809999465942383 AB 7.919613156526995 1.0174002556292039
62193.0929 lsst_hardware_r -78.2879856176307 79.66664054968261 31.65999984741211 AB 5.851119853852852 1.0234896686136588
62193.1098 lsst_hardware_i -1.594198454874254 64.4572701909497 31.329999923706055 AB 5.786840458607829 1.0116559177077291
62201.0773 lsst_hardware_r 106.42120981552239 24.507047032261372 31.489999771118164 AB 5.3770906494672355 1.018002773469733
62201.0958 lsst_hardware_u 3.2581406295496254 3.4787672009466557 28.43000030517578 AB 7.206140281392001 1.0093575891388846
62203.0739 lsst_hardware_g 83.8586758388694 16.230460552181672 31.43000030517578 AB 9.6294625538097 1.0164809170101725
62203.0934 lsst_hardware_r 246.71968813690413 26.523807739245388 31.5 AB 10.414820880081589 1.0090006746242144
62205.0713 lsst_hardware_i 339.34891483296434 34.95009513468433 31.25 AB 10.20690982885736 1.014603362709479
62205.0893 lsst_hardware_z 274.79903829412 42.925998413747024 30.950000762939453 AB 11.26900689381793 1.0089389146147472
62209.0712 lsst_hardware_r 622.4102306933192 33.06483482228675 31.489999771118164 AB 13.109230115949353 1.009936643435169
62209.0902 lsst_hardware_i 548.0325604606055 38.17478714457259 31.25 AB 13.15886979444608 1.0109182241685402
62210.0502 lsst_hardware_i 684.6183003734758 39.22492350639012 31.25 AB 9.844096465248535 1.02006077045214
62210.0691 lsst_hardware_z 426.0936106680639 45.12144164999894 30.950000762939453 AB 9.749447470231383 1.0097822340995737
62212.0488 lsst_hardware_r 860.2343255491713 36.767995458269176 31.5 AB 8.309733194320652 1.0168542822223117
62212.0681 lsst_hardware_u 5.799477764933539 4.089130441712608 28.459999084472656 AB 8.203382086375523 1.009057115701664
62215.0481 lsst_hardware_g 302.1396027209713 22.11506013617658 31.440000534057617 AB 3.8419875210139645 1.0123814284621777
62215.0683 lsst_hardware_r 1081.7003592714163 39.389161892738194 31.510000228881836 AB 3.7507130805005136 1.009432066161437
62219.0272 lsst_hardware_r 1273.4690038344115 53.393174912431505 31.6200008392334 AB 4.874720605708912 1.0187503878179545
62219.0475 lsst_hardware_g 312.2458246933472 41.24307839823946 31.709999084472656 AB 4.141193160107149 1.0092266027880632
62221.0231 lsst_hardware_r 1300.1051113992896 72.78146132521637 31.65999984741211 AB 7.53596482393846 1.017685999181426
62221.042 lsst_hardware_i 1267.2408926255289 64.72306991683408 31.329999923706055 AB 7.1261863803205 1.0092318907124345
62223.0184 lsst_hardware_z 705.7312868841965 67.67116106016799 30.989999771118164 AB 7.107280981142561 1.0171179193544666
62223.0372 lsst_hardware_i 1185.7873257243348 79.49297562067629 31.350000381469727 AB 6.9758934174344365 1.0091465065244145
62227.0151 lsst_hardware_r 1102.9457751956131 60.66719037939265 31.639999389648438 AB 3.8515190924339793 1.0124918749825342
62227.0339 lsst_hardware_i 1270.4915196807742 61.40131361531279 31.31999969482422 AB 3.9842440975180726 1.009180369178949
62229.0129 lsst_hardware_z 768.4597975075521 48.4468545152774 30.950000762939453 AB 6.320868376352215 1.0110962771098857
62229.0317 lsst_hardware_u -4.886828211126946 2.6704375838081753 28.399999618530273 AB 6.230768003039321 1.009767118230141
62231.0118 lsst_hardware_g 135.22156938940634 17.787300522179663 31.389999389648438 AB 7.726514190000515 1.0097708615676826
62231.0318 lsst_hardware_r 906.1353339284042 36.76858438177844 31.479999542236328 AB 7.741233776747373 1.0115623503639048
62232.9932 lsst_hardware_y 238.2213038339868 49.5241023674655 30.049999237060547 AB 11.490688256767147 1.0156467037005814
62233.0121 lsst_hardware_i 947.1704610946149 43.382370957856686 31.25 AB 10.769841722007047 1.0089632341641341
62234.9908 lsst_hardware_y 360.3982267081298 49.50761707671896 30.059999465942383 AB 9.289528796488216 1.0137717857207948
62235.0085 lsst_hardware_i 881.4856734026749 42.4234842893694 31.239999771118164 AB 8.149136294118389 1.0089310751663227
62236.9891 lsst_hardware_y 285.70888530292905 50.39735468746783 30.059999465942383 AB 2.9994132545401553 1.01189089273213
62237.0066 lsst_hardware_g 84.2784873921683 16.208690452228087 31.420000076293945 AB 1.7761581114508436 1.0091807451425248
62242.969 lsst_hardware_z 660.2627547312093 75.56200236897827 31.0 AB 14.493026060713461 1.0137464456834513
62242.9873 lsst_hardware_u 4.1647571266178245 3.032920442406628 28.59000015258789 AB 14.400683676649939 1.0089458191445344
62248.9655 lsst_hardware_y 279.0162528010482 78.9820195531023 30.079999923706055 AB 6.572319740829712 1.0092370292779738
62248.9837 lsst_hardware_z 525.9514929141651 53.19532131210312 30.969999313354492 AB 6.618068663045942 1.012014475578552
62250.9636 lsst_hardware_y -19.014186952820026 73.31627514221047 30.079999923706055 AB 13.908646247814348 1.0089391263337935
62250.982 lsst_hardware_r 304.06562709725824 70.56343075644975 31.649999618530273 AB 13.833722041633584 1.0139299339107193
62465.2388 lsst_hardware_z 22.790425185397076 61.540000915527344 30.93000030517578 AB 8.797289039972929 1.416556659326863
62465.2501 lsst_hardware_i 65.35330459516277 61.439998626708984 31.270000457763672 AB 8.80880066077197 1.3366920577802686
62473.2631 lsst_hardware_z -38.67681822688941 42.54999923706055 30.93000030517578 AB 7.233918914670432 1.163295734624805
62473.2819 lsst_hardware_u 1.2632314251544694 2.6500000953674316 28.40999984741211 AB 6.866016679900486 1.1027757221552505
62479.2459 lsst_hardware_i 11.893906203679117 31.139999389648438 31.229999542236328 AB 6.454444661575455 1.166378073020426
62479.2676 lsst_hardware_u -0.9974425481934683 2.5999999046325684 28.360000610351562 AB 7.369436989094845 1.097186648500473
62483.2471 lsst_hardware_i 16.978012473979447 30.780000686645508 31.239999771118164 AB 12.192233271420722 1.1246669530633093
62483.2684 lsst_hardware_r -21.265604154498142 22.200000762939453 31.489999771118164 AB 11.194960715196594 1.0693949195392456
62488.286 lsst_hardware_r -115.47625098820997 47.93000030517578 31.6299991607666 AB 5.41795010376836 1.022254736560068
62488.3159 lsst_hardware_z -6.240389545682093 46.040000915527344 30.969999313354492 AB 7.039941840742411 1.0089610778691842
62489.2538 lsst_hardware_z 36.8371561908476 55.59000015258789 30.979999542236328 AB 4.658138383350419 1.0656916914551404
62489.2747 lsst_hardware_r 77.00176334880814 70.62000274658203 31.649999618530273 AB 4.529218459851993 1.0315951394720402
62490.2737 lsst_hardware_i 96.17951679221959 66.91999816894531 31.329999923706055 AB 4.407209392914022 1.0295013278886584
62490.2938 lsst_hardware_z 120.47468035517187 60.0099983215332 30.989999771118164 AB 4.409462505814879 1.0127382879683626
62492.2773 lsst_hardware_r 9.303141323070571 94.73999786376953 31.65999984741211 AB 4.755887004571711 1.0202482043488208
62492.2972 lsst_hardware_z -95.44105664022973 65.76000213623047 30.989999771118164 AB 5.983795525324214 1.0096108982296697
62493.128 lsst_hardware_z -84.94607312625901 76.81999969482422 30.899999618530273 AB 8.460256127176413 1.7770536237720094
62493.1493 lsst_hardware_r -49.74181733061858 96.94999694824219 31.549999237060547 AB 7.432518445717036 1.5290625981242145
62495.1282 lsst_hardware_u 3.1369563862272556 6.679999828338623 28.56999969482422 AB 10.816725155689463 1.7015455648402489
62495.1512 lsst_hardware_g -24.30919128162545 66.02999877929688 31.549999237060547 AB 9.272861584787575 1.4626541401139752
62496.2753 lsst_hardware_z -30.97828918566581 50.75 30.979999542236328 AB 8.110919023002069 1.0138648778752586
62496.2973 lsst_hardware_r 74.09794643450573 58.2400016784668 31.649999618530273 AB 8.61945369383217 1.0092643176104177
62497.1561 lsst_hardware_i 21.41191504444216 39.15999984741211 31.229999542236328 AB 6.760888063511731 1.38181760022722
