data/validation/pwv_sim_epoch_fit_4/62498604.ecsv
# %ECSV 0.9
# ---
# datatype:
# - {name: time, datatype: float64}
# - {name: band, datatype: string}
# - {name: flux, datatype: float64}
# - {name: fluxerr, datatype: float64}
# - {name: zp, datatype: float64}
# - {name: zpsys, datatype: string}
# - {name: pwv, datatype: float64}
# - {name: airmass, datatype: float64}
# meta: {SNID: '62498604', alt: 1024.0, c: -0.11108898371458054, dec: -18.367102, lat: -30.244573, lon: -70.7499537, ra: 29.882812, t0: 60526.55078125,
#   x0: 1.0387181053701774e-05, x1: 0.2528466582298279, z: 0.45245516300201416}
# schema: astropy-2.0
time band flux fluxerr zp zpsys pwv airmass
[from data line 133]
60944.2261 lsst_hardware_g 17.465632164483843 14.199999809265137 31.440000534057617 AB 3.157364690915225 1.0495395094456486
60944.2456 lsst_hardware_r 16.378055113932806 22.93000030517578 31.510000228881836 AB 3.188227136164089 1.0292350595602653
60946.2248 lsst_hardware_i -37.15380168546398 30.639999389648438 31.25 AB 3.8568177118896747 1.0440291572900884
60946.2445 lsst_hardware_z 0.9578276818984948 40.91999816894531 30.950000762939453 AB 3.78629854051478 1.0265608333975906
60949.2178 lsst_hardware_r -45.44638137712284 35.630001068115234 31.59000015258789 AB 4.406519408373583 1.042572465949309
60949.2377 lsst_hardware_z -45.227647622103916 43.45000076293945 30.959999084472656 AB 4.3170207966350596 1.0258470377556133
60954.2038 lsst_hardware_z -162.45863842076812 76.5999984741211 30.989999771118164 AB 4.962561528095194 1.0429931753037398
60954.2231 lsst_hardware_r 136.88700732253375 112.91999816894531 31.65999984741211 AB 5.018735115885585 1.0263261995677782
60956.211 lsst_hardware_y -1.6826506843648525 84.51000213623047 30.81999969482422 AB 3.323556577472579 1.0305601790615955
60958.1808 lsst_hardware_g -29.190873223830142 63.88999938964844 31.709999084472656 AB 3.6949687016450707 1.0604521290475362
60958.1997 lsst_hardware_r -0.7214268262398145 62.20000076293945 31.639999389648438 AB 3.611384935897222 1.035572051968357
60960.1812 lsst_hardware_i -39.10009216106191 30.670000076293945 31.239999771118164 AB 6.451314869224609 1.051273471356536
60960.1995 lsst_hardware_z 8.375539583423821 43.36000061035156 30.950000762939453 AB 6.308359309814404 1.0310022842362525
60962.179 lsst_hardware_r -12.181055129095572 22.989999771118164 31.5 AB 8.462953526806894 1.0467474986775749
60962.198 lsst_hardware_u 3.21217236313508 2.640000104904175 28.399999618530273 AB 8.463197639533869 1.0282101372293944
60964.1805 lsst_hardware_g 11.40306726288887 14.34000015258789 31.450000762939453 AB 7.884714184675489 1.0384302279109605
60964.1982 lsst_hardware_i 14.221199570188876 30.600000381469727 31.260000228881836 AB 7.7769464597112785 1.0251709016228947
60971.1081 lsst_hardware_r -34.26093815132813 23.3700008392334 31.479999542236328 AB 6.174008706197709 1.154272029326884
60971.1237 lsst_hardware_i -25.70213002027939 31.06999969482422 31.239999771118164 AB 5.908340086176201 1.1068107189439946
60975.1473 lsst_hardware_r -15.392333735798417 23.5 31.5 AB 3.7494189852137954 1.0419876753717603
60975.1651 lsst_hardware_u 0.20633846692339675 2.680000066757202 28.40999984741211 AB 3.706304759661937 1.026677218742919
60977.1464 lsst_hardware_g -27.424750701075013 23.239999771118164 31.600000381469727 AB 2.9491642503872826 1.036977584524361
60977.1637 lsst_hardware_i -22.83640210980896 32.90999984741211 31.270000457763672 AB 2.9306128840339527 1.0247495369312731
60980.1495 lsst_hardware_z 73.35661009311869 50.27000045776367 30.969999313354492 AB 4.751196513602639 1.0278042645520795
60980.167 lsst_hardware_r -16.49645261502053 55.43000030517578 31.639999389648438 AB 4.54541526118227 1.0223606075533669
60992.1174 lsst_hardware_g 12.532283320777156 13.789999961853027 31.420000076293945 AB 3.5043845265289204 1.02740256329826
60992.1336 lsst_hardware_r 5.549966459791839 22.489999771118164 31.5 AB 5.111865497867263 1.0223730995734526
60994.0986 lsst_hardware_r 17.53892397754428 22.809999465942383 31.510000228881836 AB 4.361335631553351 1.0384132456079407
60994.1168 lsst_hardware_i -12.373984146654351 30.34000015258789 31.25 AB 4.304774284277297 1.0249462581612612
60996.0928 lsst_hardware_z 4.297318542331224 40.900001525878906 30.950000762939453 AB 3.2202060790410814 1.038776154529381
60996.1129 lsst_hardware_r -4.126086003469485 22.479999542236328 31.5 AB 3.1754239209188664 1.024330297070602
60998.0948 lsst_hardware_u 0.9620115393087718 2.7100000381469727 28.469999313354492 AB 4.578367678489314 1.031744828955266
60998.115 lsst_hardware_g 2.8055290393519554 13.819999694824219 31.43000030517578 AB 4.598316637322047 1.0225298281792412
61000.0936 lsst_hardware_r 5.693564950430972 22.350000381469727 31.489999771118164 AB 3.482397065297324 1.0286211978427664
61000.1141 lsst_hardware_z -40.819474936550534 40.689998626708984 30.950000762939453 AB 3.4321513221732114 1.022386452836822
61005.0787 lsst_hardware_u 1.020680017982093 3.200000047683716 28.530000686645508 AB 4.4497067707120825 1.0294686752631699
61005.0982 lsst_hardware_g 5.3700777418543275 16.600000381469727 31.489999771118164 AB 3.6498527801072775 1.022367725520394
61007.0647 lsst_hardware_r 36.52564797678454 32.849998474121094 31.579999923706055 AB 4.03298471005228 1.0367569948720514
61007.0829 lsst_hardware_i 47.93823603636677 35.29999923706055 31.280000686645508 AB 3.9285915698634293 1.0243155492431393
61010.0593 lsst_hardware_z -15.069231926947719 57.20000076293945 30.979999542236328 AB 8.614111801349994 1.0340863689821866
61010.0784 lsst_hardware_r -58.43593110950464 69.0199966430664 31.649999618530273 AB 8.538744928999117 1.0231964525173194
61014.0626 lsst_hardware_r 133.3153127547425 81.80999755859375 31.65999984741211 AB 1.545357627560006 1.0247729625729483
61014.082 lsst_hardware_z 40.13363187117345 60.959999084472656 30.989999771118164 AB 1.5697535233966595 1.0233073816145108
61016.0669 lsst_hardware_r -29.54351688459491 22.260000228881836 31.489999771118164 AB 4.544707376703758 1.0224313558388656
61016.0853 lsst_hardware_u -0.07100321624689603 5.570000171661377 28.940000534057617 AB 5.734679401717617 1.0268615378508328
61019.043 lsst_hardware_z -38.871735012323505 42.65999984741211 30.959999084472656 AB 7.523960668503815 1.0278049749220113
61019.0617 lsst_hardware_g -2.5325578820969805 13.720000267028809 31.420000076293945 AB 7.81001029950622 1.0223641714198
61021.0439 lsst_hardware_y 76.03433807879279 48.18000030517578 30.059999465942383 AB 13.906985862076322 1.0246066353846923
61021.0624 lsst_hardware_i -10.553943727661807 30.149999618530273 31.260000228881836 AB 13.903654681632856 1.0231864750409079
61023.0298 lsst_hardware_y 14.965536857552573 69.97000122070312 30.079999923706055 AB 8.5575319410743 1.0292917898814409
61023.0478 lsst_hardware_r 16.02504611534091 23.040000915527344 31.510000228881836 AB 8.077191571627358 1.0224293128642226
61025.0308 lsst_hardware_y 156.23002308586 74.55999755859375 30.079999923706055 AB 10.15256463734429 1.0255430739890279
61025.0491 lsst_hardware_g 14.466839016069686 14.380000114440918 31.450000762939453 AB 10.225403167270468 1.022714890037942
61027.0329 lsst_hardware_y 98.49674458968298 71.61000061035156 30.06999969482422 AB 3.6331411787180556 1.0229878019761716
61027.0514 lsst_hardware_z -45.76767933695537 41.59000015258789 30.950000762939453 AB 4.181862532257244 1.0249663069257173
