data/validation/pwv_sim_epoch_fit_4/62512309.ecsv
# %ECSV 0.9
# ---
# datatype:
# - {name: time, datatype: float64}
# - {name: band, datatype: string}
# - {name: flux, datatype: float64}
# - {name: fluxerr, datatype: float64}
# - {name: zp, datatype: float64}
# - {name: zpsys, datatype: string}
# - {name: pwv, datatype: float64}
# - {name: airmass, datatype: float64}
# meta: {SNID: '62512309', alt: 1024.0, c: 0.13379578292369843, dec: -48.336796, lat: -30.244573, lon: -70.7499537, ra: 326.704041, t0: 61628.13671875,
#   x0: 5.80907348469715e-06, x1: 0.6986485123634338, z: 0.5767534971237183}
# schema: astropy-2.0
time band flux fluxerr zp zpsys pwv airmass
61546.3949 lsst_hardware_i 238.58954658011913 69.11000061035156 31.329999923706055 AB 7.701095740166768 1.0795676372280694
61546.4051 lsst_hardware_y -13.926869428163268 53.810001373291016 30.049999237060547 AB 7.575349682783005 1.0684555264856144
61552.4179 lsst_hardware_i 50.3311746127536 45.95000076293945 31.299999237060547 AB 4.470249016585267 1.0519470564972595
61552.4301 lsst_hardware_z -77.75553116425117 54.470001220703125 30.969999313354492 AB 4.4636357734311805 1.0515043046952133
61554.4221 lsst_hardware_r 0.12696643795141577 30.899999618530273 31.56999969482422 AB 8.35317028187334 1.0512862711590958
61554.4338 lsst_hardware_y 54.71169508858151 56.439998626708984 30.049999237060547 AB 8.387026331348785 1.0536465240387647
61558.3951 lsst_hardware_r 10.19262115390954 22.440000534057617 31.489999771118164 AB 7.99120331599899 1.0536924203585167
61558.4106 lsst_hardware_y -71.80656701530309 47.16999816894531 30.040000915527344 AB 7.944888170867714 1.0512587721955295
61561.4151 lsst_hardware_u 2.922966160397032 2.799999952316284 28.520000457763672 AB 4.847437999317712 1.053790869416894
61561.4272 lsst_hardware_y 92.9502671781434 48.40999984741211 30.049999237060547 AB 4.664167803954135 1.0600381372623033
61563.4038 lsst_hardware_g 43.09415693708384 13.550000190734863 31.40999984741211 AB 1.1674999738914489 1.0521177295506707
61563.4162 lsst_hardware_r -6.927260552436366 22.469999313354492 31.489999771118164 AB 1.1828966905257412 1.0567081282147617
61572.3815 lsst_hardware_i -35.422013867240445 43.5 31.299999237060547 AB 7.368648697757283 1.052664099679612
61572.3942 lsst_hardware_z 62.638147216684196 44.08000183105469 30.959999084472656 AB 7.4070684783110465 1.0581526397587209
61574.3582 lsst_hardware_i 74.98592867260878 72.94000244140625 31.329999923706055 AB 4.643686905287928 1.0518771304638794
61574.3692 lsst_hardware_z 33.204640127263296 64.5 30.989999771118164 AB 4.653019860235576 1.0514111084025581
61576.3474 lsst_hardware_r -26.921917587661305 106.87000274658203 31.65999984741211 AB 3.896867040856398 1.053207308339567
61576.3594 lsst_hardware_z 59.329857508760355 72.33000183105469 30.989999771118164 AB 3.889549661546801 1.051229638255892
61578.3797 lsst_hardware_i 41.968202931984976 71.58999633789062 31.329999923706055 AB 2.2245676708874527 1.0593179385178346
61578.3944 lsst_hardware_z -15.800294143457185 64.98999786376953 30.979999542236328 AB 2.2504800044595012 1.0716571449807148
61580.3299 lsst_hardware_z 7.617158999802936 54.40999984741211 30.969999313354492 AB 3.6111694802968746 1.0558460543726866
61580.3409 lsst_hardware_r -30.19692386397476 63.66999816894531 31.639999389648438 AB 3.600744293888846 1.0520545281747584
61582.3271 lsst_hardware_y -48.435040279341635 48.310001373291016 30.040000915527344 AB 5.826391488843893 1.0546459387897353
61582.3399 lsst_hardware_g -91.41026421023997 37.369998931884766 31.68000030517578 AB 5.700129001270993 1.0513933415606167
61587.401 lsst_hardware_r 4.021421893341031 22.899999618530273 31.479999542236328 AB 10.844761092218393 1.1180166074451952
61587.4131 lsst_hardware_g -3.7644772214508406 13.970000267028809 31.389999389648438 AB 11.099185079678627 1.1442458845029513
61589.4019 lsst_hardware_r -17.109271957949158 22.780000686645508 31.479999542236328 AB 7.339847081867801 1.131179556437021
61589.414 lsst_hardware_i 8.664500885608671 31.309999465942383 31.229999542236328 AB 7.5014220610205875 1.1601034194943816
61591.3418 lsst_hardware_g 12.05389113313459 13.710000038146973 31.40999984741211 AB 4.803651613440574 1.057840038194405
61591.3536 lsst_hardware_i -42.10157070397377 30.40999984741211 31.239999771118164 AB 4.900007787292934 1.066532929106784
61593.3753 lsst_hardware_r -8.464148406372393 22.850000381469727 31.489999771118164 AB 1.7438648680862792 1.1010985749560713
61593.3874 lsst_hardware_u 8.61704898189165 2.7100000381469727 28.43000030517578 AB 1.6628407838116026 1.1236043361528933
61598.2876 lsst_hardware_r 9.562866685006867 22.628089742770243 31.489999771118164 AB 7.965845090501548 1.053126003503642
61598.2997 lsst_hardware_i 24.1004865352524 30.511558473474246 31.25 AB 8.00597030937601 1.05122708953407
61600.2982 lsst_hardware_z 58.69759956064533 48.77295770617528 30.959999084472656 AB 6.369439734291116 1.0514096623128286
61600.3103 lsst_hardware_r 30.47908272199438 45.319245044063976 31.6200008392334 AB 6.34686691561872 1.0544281954759136
61605.4012 lsst_hardware_r 73.96292999130169 127.76085286821238 31.600000381469727 AB 3.530200069626347 1.2605981501418289
61605.4122 lsst_hardware_z 223.0909852347015 89.14113342761081 30.959999084472656 AB 3.5508726323769904 1.307470745275606
61607.0546 lsst_hardware_z 319.42360465270093 87.39970659003387 30.850000381469727 AB 11.90424538959233 2.088464103437251
61607.0592 lsst_hardware_i 440.37783305212747 95.03171664866969 31.149999618530273 AB 11.510720535537708 2.0194246553574926
61608.2458 lsst_hardware_r 500.2568371019668 79.83485181102574 31.649999618530273 AB 5.392010932058893 1.0603236678745183
61608.2574 lsst_hardware_z 385.02932882705596 61.98451822274499 30.979999542236328 AB 5.176938950112547 1.054133802815919
61611.2292 lsst_hardware_r 793.995433735318 49.40274520325247 31.600000381469727 AB 5.840294527639065 1.0670127939415484
61611.2417 lsst_hardware_y 186.32255898937447 50.44200584528749 30.049999237060547 AB 5.789562115198783 1.0577440605095063
61612.2322 lsst_hardware_g 226.3409119483667 28.28728414731648 31.610000610351562 AB 10.643587609100074 1.0622519611869865
61612.2438 lsst_hardware_r 1033.3040013045772 44.13636385904852 31.56999969482422 AB 10.619041748877349 1.055256061699031
61617.2169 lsst_hardware_r 1483.9319933060099 44.38802715179458 31.489999771118164 AB 3.4033056799668118 1.0635330249896287
61617.2301 lsst_hardware_i 1396.8064397548778 48.1207516329412 31.25 AB 3.376892276015965 1.055278836254989
61619.2218 lsst_hardware_z 1213.2847140997221 53.51453652589426 30.950000762939453 AB 1.8860726004124666 1.056672636675363
61619.2342 lsst_hardware_r 1617.5804186121509 46.27058780687209 31.489999771118164 AB 1.8676612157095636 1.0521047126333096
61622.2164 lsst_hardware_u 2.094219883918817 2.876047217493858 28.3799991607666 AB 1.0294474469805799 1.0553023546699947
61622.2278 lsst_hardware_g 438.92152376616104 24.245305119719195 31.40999984741211 AB 1.0358613142179087 1.051769325262504
61624.2181 lsst_hardware_r 1822.6647318183993 48.73812948873623 31.5 AB 3.3193306586108946 1.052697497313038
61624.2296 lsst_hardware_z 1386.033459795229 55.329055596617614 30.950000762939453 AB 3.336102269061587 1.0512375197925963
61626.2201 lsst_hardware_r 1962.1051038061164 50.054941040153984 31.520000457763672 AB 3.513677470280736 1.051369679916438
61626.2317 lsst_hardware_y 537.474853851501 52.58323311022594 30.049999237060547 AB 3.4966521836600792 1.0520993481751404
61627.2073 lsst_hardware_z 1487.9640205771022 57.854894002616625 30.950000762939453 AB 4.407124497445172 1.053495895803731
61627.2189 lsst_hardware_r 1957.5871669903268 55.53445532507247 31.579999923706055 AB 4.68551682571535 1.0512714439569955
61629.2257 lsst_hardware_i 2018.991120746575 65.82274321837419 31.31999969482422 AB 2.8561087046874096 1.0526199157324605
61629.237 lsst_hardware_z 1538.380180740491 63.30334275213106 30.969999313354492 AB 2.8785302305869345 1.0572466566798242
61631.2902 lsst_hardware_z 1500.1833114136139 75.75306000721999 30.969999313354492 AB 4.157213263491511 1.1377935719443069
61631.3014 lsst_hardware_r 1871.110317801088 97.52281494375757 31.6200008392334 AB 3.900825581952162 1.165585333252638
61649.1377 lsst_hardware_z 956.884584354095 51.693037510717105 30.950000762939453 AB 1.375267246109739 1.0578978816228761
61649.1492 lsst_hardware_i 916.2877938724665 43.60208431528009 31.25 AB 1.3687495714140088 1.0528842857030836
61651.1435 lsst_hardware_u -1.7517546124911727 2.7942490966091627 28.43000030517578 AB 1.47413674469791 1.0529548176413643
61651.1555 lsst_hardware_g 68.5963127917265 15.860143989246149 31.420000076293945 AB 1.471735388888868 1.0512395634920486
61653.1341 lsst_hardware_r 528.7846091791114 32.46023371137587 31.489999771118164 AB 1.5192680335780324 1.054315082288711
61653.1456 lsst_hardware_i 829.1966257988978 41.49563496825269 31.25 AB 1.6260675806312392 1.0514501006344903
61655.2147 lsst_hardware_z 812.9718378528381 50.95546710877777 30.940000534057617 AB 2.116276028833717 1.1167683529465524
61655.2268 lsst_hardware_g 65.67215725018072 15.098718607534757 31.3700008392334 AB 2.1359550865943175 1.1427312099479185
61672.1472 lsst_hardware_u -0.9057709064342467 2.5714560039011936 28.34000015258789 AB 3.7936389098025782 1.0827110050333513
61672.1594 lsst_hardware_r 168.98671948647362 25.89932834037656 31.469999313354492 AB 3.8585692874750834 1.1007710025128614
61680.0745 lsst_hardware_u 1.7826749453746868 2.747222869015446 28.389999389648438 AB 5.079755852036236 1.051273976000809
61680.086 lsst_hardware_g 17.638338054493726 13.817677076221349 31.399999618530273 AB 4.762646889784256 1.0525186496761267
61682.0719 lsst_hardware_r 143.97722608289612 25.352215045140447 31.5 AB 2.5006249405744922 1.0512716958693213
61682.0839 lsst_hardware_i 241.89999587503326 33.9595727865533 31.25 AB 2.212383109925151 1.0535157666310244
61684.0716 lsst_hardware_z 393.4541859586908 46.29256514546234 30.950000762939453 AB 3.989615742355657 1.0517902567834239
61684.0848 lsst_hardware_r 118.65570397619481 29.579417005270198 31.549999237060547 AB 3.633652634417463 1.056192026281663
61686.0572 lsst_hardware_r 134.17650239320173 44.283017699965455 31.610000610351562 AB 4.856046602821683 1.0513198966922892
61686.0691 lsst_hardware_z 233.2003259014241 50.24217676905887 30.959999084472656 AB 5.067268996543789 1.0523923149614154
61688.054 lsst_hardware_z 389.83626649711636 57.506989785522265 30.969999313354492 AB 2.560667000323497 1.0512488540499265
61688.0659 lsst_hardware_i 167.50047759460844 56.849337179332856 31.309999465942383 AB 2.574765529709645 1.0530020570007408
61689.1379 lsst_hardware_r 193.57488561627952 74.36764475699098 31.6200008392334 AB 5.1092585513430775 1.1522910580386907
61689.149 lsst_hardware_z 360.32916363137906 62.766996459169974 30.959999084472656 AB 5.237396419396106 1.182345493128777
61694.1359 lsst_hardware_i 200.15510642948135 65.53449171184273 31.299999237060547 AB 9.221658130056522 1.1839715140499465
61694.1465 lsst_hardware_z 161.51427956988005 62.539985086909475 30.950000762939453 AB 9.507854063348674 1.2175897631949637
61700.0827 lsst_hardware_g -1.187369977915852 13.884006000206648 31.389999389648438 AB 4.308884826320981 1.1003749290455214
61700.0938 lsst_hardware_i 155.7323670871004 33.29917084079854 31.239999771118164 AB 4.910828676629408 1.120682034830992
61705.0787 lsst_hardware_u 2.124344240104264 2.7440481975798097 28.440000534057617 AB 3.2633614968546714 1.117812861081114
61705.0894 lsst_hardware_g 16.501366029572058 14.263675284210533 31.40999984741211 AB 4.803890768459964 1.1407054223033561
61707.0822 lsst_hardware_r -22.438778663991183 23.18000030517578 31.489999771118164 AB 2.6305583428964083 1.136719485587213
61707.0938 lsst_hardware_i 6.031094818088597 31.600000381469727 31.239999771118164 AB 3.4542004603262684 1.165384770690374
61926.4013 lsst_hardware_z -14.329728186480802 40.900001525878906 30.940000534057617 AB 4.835507143424757 1.0511972050923386
61926.4148 lsst_hardware_r 8.41634866808352 22.40999984741211 31.489999771118164 AB 4.8456845292162125 1.0534096802643942
61928.4071 lsst_hardware_y -7.480888523948264 73.41999816894531 30.799999237060547 AB 1.1712414136817413 1.0527224151135415
61947.3114 lsst_hardware_r 10.308082591488665 22.350000381469727 31.479999542236328 AB 5.915407228025136 1.06494369203525
61947.3238 lsst_hardware_i -37.36110054304495 30.219999313354492 31.239999771118164 AB 5.830417470081397 1.0564902398069698
61950.1603 lsst_hardware_i -10.914371298534954 34.06999969482422 31.170000076293945 AB 7.851184607232248 1.5799801322622302
61950.1765 lsst_hardware_z -8.715341021997135 46.189998626708984 30.90999984741211 AB 8.593682328424018 1.4618628062470864
61954.3536 lsst_hardware_g 1.5042129181259387 13.630000114440918 31.399999618530273 AB 6.90427603852437 1.0615022544527608
61954.3661 lsst_hardware_i 2.703285915407485 30.350000381469727 31.239999771118164 AB 6.9771393850541985 1.072704675412876
61955.1157 lsst_hardware_r -107.93885100922192 67.01000213623047 31.440000534057617 AB 16.766939468002604 1.8930720862597832
61955.119 lsst_hardware_z 20.214890203840685 61.33000183105469 30.8799991607666 AB 16.393208526402884 1.8527063008395073
61958.3587 lsst_hardware_i 8.25926461110845 84.19999694824219 31.329999923706055 AB 1.6800768717680596 1.0766272808510475
61958.3709 lsst_hardware_r 120.1235364379221 106.9800033569336 31.649999618530273 AB 1.7022589729350655 1.092943160793052
61960.3007 lsst_hardware_z 217.65811999885494 107.58999633789062 31.75 AB 1.8164764687996564 1.05201339891872
61964.2892 lsst_hardware_z -105.20938981423589 49.290000915527344 30.969999313354492 AB 6.576202045296165 1.0521362133160095
61964.3018 lsst_hardware_r -15.015767848491759 52.2400016784668 31.6299991607666 AB 6.413503326150246 1.051393987893483
61974.3241 lsst_hardware_g -13.986989304233923 13.930000305175781 31.399999618530273 AB 5.273304625441987 1.0883639280606763
61974.3357 lsst_hardware_r 6.829542506844167 22.959999084472656 31.479999542236328 AB 4.947772496501479 1.1068842274052524
61976.2433 lsst_hardware_r 15.43995617840721 22.739999771118164 31.489999771118164 AB 5.7213323260394136 1.0572055852615907
61976.2558 lsst_hardware_i -16.96324130272444 30.56999969482422 31.239999771118164 AB 6.297206749048593 1.0522820836153166
61978.2407 lsst_hardware_z -40.08195002355753 41.0 30.940000534057617 AB 2.3979056968696115 1.055726018580692
61978.2516 lsst_hardware_u -0.39300516524930923 2.5199999809265137 28.299999237060547 AB 2.04404998930439 1.052007199847859
61979.2388 lsst_hardware_g -4.182567647126325 13.859999656677246 31.399999618530273 AB 2.711158494115348 1.0553361207144212
61979.2501 lsst_hardware_r -32.279935667515886 22.670000076293945 31.479999542236328 AB 2.6862396251190503 1.0517774569769187
61981.2332 lsst_hardware_i 26.71764524648435 32.47999954223633 31.25 AB 4.749303449597828 1.055400766577295
61981.2464 lsst_hardware_z -14.666220803272097 41.220001220703125 30.940000534057617 AB 4.731819074612836 1.0515153499139636
61990.2196 lsst_hardware_z -97.52276184420293 67.51000213623047 30.989999771118164 AB 3.260773482061374 1.051862413568185
61990.2307 lsst_hardware_r 65.96783036738346 97.2699966430664 31.649999618530273 AB 3.2592984390058692 1.0513865932276998
61992.2195 lsst_hardware_i 50.787597036589844 53.20000076293945 31.309999465942383 AB 4.729549085515618 1.0512445177852008
61992.2295 lsst_hardware_z -50.66031753218122 52.79999923706055 30.969999313354492 AB 4.726777797903268 1.0520315597383147
61994.2109 lsst_hardware_i -71.66834843756268 40.400001525878906 31.290000915527344 AB 2.862497904887636 1.0515191128248789
61994.222 lsst_hardware_z 88.26203375034703 45.7599983215332 30.959999084472656 AB 2.8640379897196793 1.0516663364943741
61997.2942 lsst_hardware_r -37.31582542591703 26.6299991607666 31.510000228881836 AB 5.47385179343564 1.1521472939245716
61997.3053 lsst_hardware_u -4.762221453643471 3.8299999237060547 28.600000381469727 AB 5.619130503925948 1.1821867184528099
62011.1473 lsst_hardware_r 2.473610506898571 41.36000061035156 31.610000610351562 AB 5.498794201386435 1.0574604233435452
62011.1583 lsst_hardware_i -61.476313666198166 40.15999984741211 31.290000915527344 AB 5.474523592278475 1.0527929985150912
62013.2238 lsst_hardware_z 61.448244194029655 79.01000213623047 31.719999313354492 AB 4.562176913195423 1.0977326547630952
62016.1307 lsst_hardware_r 94.30975883488256 108.5 31.65999984741211 AB 1.4829398996960077 1.0592427854971485
62016.1428 lsst_hardware_z -22.092491192170744 74.3499984741211 30.989999771118164 AB 1.4747072324014443 1.0533623088581745
62030.1158 lsst_hardware_r -37.06738366236248 22.350000381469727 31.489999771118164 AB 1.3184459410262779 1.0512525775616133
62030.1273 lsst_hardware_i 1.437529990525161 30.270000457763672 31.25 AB 0.698788093802871 1.0523917075357563
62031.1948 lsst_hardware_i 3.051966644635845 31.079999923706055 31.229999542236328 AB 1.3875341880684329 1.1365467752096379
62031.2069 lsst_hardware_u -2.0694442437413736 2.5299999713897705 28.270000457763672 AB 1.4068422441699888 1.1665358575207205
62033.1978 lsst_hardware_g -2.7028808394961397 13.510000228881836 31.360000610351562 AB 7.266514046764799 1.1569500532204657
62033.21 lsst_hardware_r -12.835584775514816 22.75 31.459999084472656 AB 6.91016528095268 1.191133983156633
62035.1465 lsst_hardware_g -0.9983730714002264 13.670000076293945 31.420000076293945 AB 3.6333831709985294 1.0744091582756057
62035.1582 lsst_hardware_r -20.698077112174243 22.6200008392334 31.489999771118164 AB 3.687681332631997 1.0893111459133176
62037.1484 lsst_hardware_i -19.960552841046383 30.489999771118164 31.239999771118164 AB 3.815755633085619 1.0833290178396249
62037.1605 lsst_hardware_z -73.52256739056325 41.75 30.940000534057617 AB 3.861237756643529 1.1014013425496443
62039.152 lsst_hardware_r 7.67225599044613 31.75 31.559999465942383 AB 3.1738635017860997 1.0964521540025678
62039.1631 lsst_hardware_g 19.677097950471467 26.06999969482422 31.59000015258789 AB 3.2350557477671544 1.1159212651835648
62041.1631 lsst_hardware_r 64.36279281155055 53.130001068115234 31.610000610351562 AB 4.87376906093998 1.1269481613827343
62041.1757 lsst_hardware_i -54.92300901551254 49.09000015258789 31.290000915527344 AB 5.2418812315368015 1.156297330486059
62043.0673 lsst_hardware_i -37.71041103839892 61.59000015258789 31.31999969482422 AB 3.9224546591848544 1.0539982961667997
62043.0788 lsst_hardware_z 86.40942986032836 57.970001220703125 30.979999542236328 AB 3.9001746394511403 1.0513544719519652
62048.0595 lsst_hardware_r -96.85422849175731 81.75 31.649999618530273 AB 2.995362616044845 1.0522351110227792
62048.071 lsst_hardware_i 3.9886165084175516 64.70999908447266 31.329999923706055 AB 2.967808286871038 1.0512958862454198
62050.0579 lsst_hardware_z 17.752976180022102 48.47999954223633 30.969999313354492 AB 4.66519012795911 1.0515474198030366
62050.0682 lsst_hardware_r -5.116534688062083 50.630001068115234 31.6299991607666 AB 4.594244807393369 1.0515552317219887
62052.0522 lsst_hardware_u 0.4656080230386817 2.759999990463257 28.5 AB 3.1126751871763645 1.0515794551271502
62052.0649 lsst_hardware_r 0.6773826957990197 22.579999923706055 31.510000228881836 AB 3.321892768029073 1.0518976466201586
62054.1439 lsst_hardware_z -14.242582695305037 42.810001373291016 30.940000534057617 AB 5.121117611666516 1.166010385169972
62054.155 lsst_hardware_i 9.482403898574379 31.649999618530273 31.229999542236328 AB 5.391161744019825 1.1983910219368312
62057.1329 lsst_hardware_r 6.085696150151764 23.09000015258789 31.469999313354492 AB 9.691219350670421 1.1585900235916882
62057.144 lsst_hardware_i 15.137334048855044 31.899999618530273 31.229999542236328 AB 9.956800447703122 1.1897240348551945
62059.1354 lsst_hardware_z -72.75178969467764 43.040000915527344 30.940000534057617 AB 9.224030438285078 1.1804240722983996
62059.147 lsst_hardware_u 3.5033921912699486 2.700000047683716 28.389999389648438 AB 9.471310707481663 1.216870754708484
62064.0848 lsst_hardware_z -3.43466248979772 42.08000183105469 30.950000762939453 AB 2.965952218821359 1.0981618829331419
62064.096 lsst_hardware_r 1.909894077681349 23.030000686645508 31.489999771118164 AB 2.9716117134666726 1.1181981988585785
62065.0824 lsst_hardware_u -0.5365533160589492 2.700000047683716 28.40999984741211 AB 4.30927538890982 1.0986976727768478
62065.094 lsst_hardware_r 23.653774458529373 23.06999969482422 31.479999542236328 AB 4.887808397342103 1.1196445761864326
62067.0853 lsst_hardware_i 32.717680746789384 32.61000061035156 31.25 AB 3.4514364353956086 1.1133665920630995
62067.0969 lsst_hardware_z 64.01486660249269 43.31999969482422 30.940000534057617 AB 3.526145891542522 1.13746641662662
62070.0809 lsst_hardware_r 24.392687278988518 48.25 31.610000610351562 AB 3.2747443461577115 1.120752136265897
62070.0907 lsst_hardware_z -7.280652898663802 50.13999938964844 30.959999084472656 AB 4.829422381316846 1.142067408477892
