data/validation/pwv_sim_epoch_fit_4/62620067.ecsv
# %ECSV 0.9
# ---
# datatype:
# - {name: time, datatype: float64}
# - {name: band, datatype: string}
# - {name: flux, datatype: float64}
# - {name: fluxerr, datatype: float64}
# - {name: zp, datatype: float64}
# - {name: zpsys, datatype: string}
# - {name: pwv, datatype: float64}
# - {name: airmass, datatype: float64}
# meta: {SNID: '62620067', alt: 1024.0, c: 0.04844916611909866, dec: -64.198746, lat: -30.244573, lon: -70.7499537, ra: 26.678572, t0: 63084.29296875,
#   x0: 5.841070995079907e-06, x1: 0.7980564832687378, z: 0.5754477381706238}
# schema: astropy-2.0
time band flux fluxerr zp zpsys pwv airmass
63071.3629 lsst_hardware_r 2546.4822290290904 59.66351204980465 32.20000076293945 AB 6.370381716812759 1.2574776385339044
63071.3865 lsst_hardware_y 398.79405407247435 51.834977628051085 29.979999542236328 AB 6.565632617190304 1.226590559467549
63080.4218 lsst_hardware_z 1306.208230599735 67.0351274111825 30.959999084472656 AB 1.4827769240382915 1.2053463682739127
63080.4337 lsst_hardware_g 745.8134637705436 58.941420074059764 31.639999389648438 AB 1.500398637426705 1.2104870007476443
63086.4307 lsst_hardware_z 2773.498151841484 95.74095491995082 31.700000762939453 AB 2.2627552339806214 1.2200333756185953
63092.2486 lsst_hardware_i 4181.068676994605 87.52021200529501 32.38999938964844 AB 3.370410332464569 1.3947487409329893
63092.2683 lsst_hardware_r 2961.9664709637277 63.39147848144274 32.18000030517578 AB 4.917333078798312 1.3360805376560567
63096.4119 lsst_hardware_i 1336.1155612982743 48.28967400095188 31.219999313354492 AB 2.9591909608330678 1.228219823256669
63096.4232 lsst_hardware_z 1237.3274916283904 59.2085193761952 30.940000534057617 AB 2.873383143552719 1.2417386100054966
63101.3935 lsst_hardware_z 962.4957343124619 53.30794304663398 30.93000030517578 AB 2.784142181025984 1.2234402436030398
63101.4042 lsst_hardware_r 1032.4701862141671 38.66679687246317 31.450000762939453 AB 2.7798914474330823 1.2349584395526798
63107.3844 lsst_hardware_z 795.6252765717761 51.80559842306954 30.920000076293945 AB 9.206128742334284 1.2309853016136056
63107.3946 lsst_hardware_g 75.09956868827733 15.587679011599095 31.299999237060547 AB 9.264941430195407 1.2436719446322528
63111.1408 lsst_hardware_y 208.83039737631182 60.68011436913406 29.84000015258789 AB 5.0894232144766995 1.646618457096802
63111.1565 lsst_hardware_r 385.6214711430856 97.02833773543612 31.520000457763672 AB 4.785028315123389 1.5609291518914987
63112.3938 lsst_hardware_z 1593.5524453152884 90.87428836031708 31.700000762939453 AB 1.4932339031714577 1.2633112547981875
63114.3834 lsst_hardware_r 426.9509856920715 56.27899762287908 31.56999969482422 AB 1.2929270995806705 1.2552690287190975
63114.3955 lsst_hardware_i 582.4617177165334 53.22052909606987 31.260000228881836 AB 1.4658147745383672 1.27610108056155
63117.3779 lsst_hardware_z 679.9095590024384 52.69188362912892 30.93000030517578 AB 2.8571321584652827 1.2595733248193752
63117.3881 lsst_hardware_r 350.6584783572862 37.78691621722266 31.520000457763672 AB 2.875233804823854 1.277597780414954
63119.3441 lsst_hardware_z 624.9018654668274 50.73441124275315 30.93000030517578 AB 4.556430356842269 1.223202780360341
63119.3566 lsst_hardware_g 18.406825610886106 18.94380894696792 31.450000762939453 AB 4.607259666555522 1.2368482326323549
63122.3534 lsst_hardware_g 15.152263603461835 13.956169223727699 31.34000015258789 AB 3.437211937835011 1.243339460240833
63122.3646 lsst_hardware_r 236.21586451611884 27.336570819048397 31.450000762939453 AB 3.5618132776274227 1.2601497532737327
63124.2677 lsst_hardware_r 194.04231805286668 26.752192923653173 31.459999084472656 AB 3.0571202935216575 1.2077114670223823
63124.2792 lsst_hardware_i 325.12519945772056 36.57580863589867 31.219999313354492 AB 2.8946557325595657 1.2040997223629628
63131.2278 lsst_hardware_u 3.79603193458258 2.5089214869400034 28.25 AB 2.406426825401406 1.2216914965859973
63131.2439 lsst_hardware_r 132.10692457771955 25.311942518410174 31.450000762939453 AB 2.3680207479734086 1.2100259315142607
63131.2769 lsst_hardware_i 327.74105223756567 35.317001018534995 31.219999313354492 AB 1.846957646285162 1.2040141110072764
63131.2906 lsst_hardware_z 453.2132310586489 48.36963878800195 30.93000030517578 AB 1.9873707482374579 1.2084954382714854
63137.336 lsst_hardware_z 855.2847673320213 79.10678950489867 31.690000534057617 AB 6.075641325025817 1.2824572717733436
63143.3253 lsst_hardware_z 301.81560192526183 55.24768969879522 30.940000534057617 AB 3.3921757639167023 1.294106156954546
63143.3373 lsst_hardware_r 63.58546060500227 58.24840189452252 31.56999969482422 AB 3.1162100912626336 1.3217348047203563
63145.3135 lsst_hardware_r 138.59259015262552 44.44566964170364 31.549999237060547 AB 7.317854006172515 1.2811742883789525
63145.3255 lsst_hardware_i 200.19329442667464 44.01592773816027 31.239999771118164 AB 7.4565296029961035 1.3066157800842806
63147.2707 lsst_hardware_i 207.85382792685925 36.95750654319544 31.239999771118164 AB 4.58767423701507 1.2262137126731723
63147.2822 lsst_hardware_z 280.23836602090273 47.88034943672736 30.93000030517578 AB 4.695895835311588 1.2394586931140916
63149.1834 lsst_hardware_z 287.81475372944277 46.0683637220296 30.93000030517578 AB 4.158323382370767 1.217664240811352
63149.1944 lsst_hardware_r 134.7305038591075 24.38179493552603 31.459999084472656 AB 4.206795310042325 1.2102403078372626
63151.3002 lsst_hardware_r 60.87752082842798 24.376504045140006 31.43000030517578 AB 6.812215255051304 1.2873274918602422
63151.3107 lsst_hardware_i 83.49282358665387 34.005104236614415 31.200000762939453 AB 6.9261495098485115 1.3102817839289655
63153.299 lsst_hardware_z 298.8250344197484 46.79187050246825 30.920000076293945 AB 6.526907521504433 1.2962644443754459
63153.3096 lsst_hardware_u 0.9780749691930445 2.4291417157407684 28.139999389648438 AB 6.639685241318582 1.3207609139645091
63157.3005 lsst_hardware_i 127.19321595187995 34.08220363724342 31.200000762939453 AB 8.181148047594593 1.325311525610747
63157.3124 lsst_hardware_z 202.224887798398 47.1876509319656 30.90999984741211 AB 8.354933871514671 1.3575692798865675
63159.2985 lsst_hardware_i 78.93906593668056 34.56092782460613 31.200000762939453 AB 1.6344345074291655 1.334232250962584
63159.3101 lsst_hardware_u -0.350614765153564 2.4292984076657516 28.110000610351562 AB 1.6238935369380703 1.3669137516320866
63161.2992 lsst_hardware_g 19.731583640527123 13.22052506609941 31.280000686645508 AB 3.4868218884222206 1.3510449680676428
63161.3107 lsst_hardware_r 51.308549780023775 24.55660310153224 31.420000076293945 AB 3.4616882208706365 1.3857839154806393
63163.2385 lsst_hardware_g -21.636894526341138 20.31999969482422 31.489999771118164 AB 1.87530018001699 1.2394581493848635
63163.2496 lsst_hardware_r -28.202703516152898 22.3700008392334 31.440000534057617 AB 1.9237207686867104 1.2552827201886123
63165.1425 lsst_hardware_r 33.845329925106576 76.43000030517578 32.349998474121094 AB 3.157178718201942 1.215546221073643
63165.1528 lsst_hardware_i 130.5237767895907 67.91999816894531 32.029998779296875 AB 2.896334144992353 1.2091570324209657
63168.2755 lsst_hardware_i -21.04007746467327 67.0 31.270000457763672 AB 3.497962010828892 1.3384205130395606
63168.2865 lsst_hardware_z 2.172862751526349 63.25 30.940000534057617 AB 3.6098314030402023 1.3698683459769283
63172.2294 lsst_hardware_r -13.530585241936743 61.0 31.579999923706055 AB 5.623909095724961 1.2623813907348562
63172.2404 lsst_hardware_z 9.847220725083643 53.630001068115234 30.940000534057617 AB 5.588146720245536 1.2824203603546842
63181.1758 lsst_hardware_r 10.978077520255097 22.420000076293945 31.440000534057617 AB 0.8701040161954409 1.2242054395996353
63181.1862 lsst_hardware_u -0.3736959272294144 2.490000009536743 28.229999542236328 AB 0.9356113450215267 1.2355382568783666
63183.174 lsst_hardware_g -23.185365518424085 13.020000457763672 31.329999923706055 AB 5.208476555067432 1.2279074804190326
63183.1857 lsst_hardware_r 3.9117448216571202 22.530000686645508 31.450000762939453 AB 5.307690366247402 1.241855490464998
63186.1756 lsst_hardware_i -3.9837798881803295 31.40999984741211 31.219999313354492 AB 6.877828414936372 1.239360017107194
63186.1867 lsst_hardware_z 4.8194155775334355 43.689998626708984 30.93000030517578 AB 6.968214814170877 1.2551572766443622
63189.1767 lsst_hardware_g -14.267113392489655 13.170000076293945 31.329999923706055 AB 6.605248407177859 1.2523776407984564
63189.1887 lsst_hardware_i -21.30468837273616 32.150001525878906 31.219999313354492 AB 6.743286864450591 1.2724183091973753
63191.0347 lsst_hardware_z 104.08799531875594 45.91999816894531 30.93000030517578 AB 5.774637180611101 1.258502164239013
63191.0464 lsst_hardware_g 48.0771387854101 24.329999923706055 31.540000915527344 AB 4.771654559250352 1.241325327588541
63193.0801 lsst_hardware_i 51.56591182584347 41.2400016784668 31.260000228881836 AB 8.232773231321206 1.20744657511433
63193.0933 lsst_hardware_r -17.265380275471827 42.61000061035156 31.579999923706055 AB 8.291910358844099 1.2037760474494033
63195.0876 lsst_hardware_z -43.88219686461411 73.29000091552734 31.700000762939453 AB 6.204441867333509 1.2038109948261317
63197.0794 lsst_hardware_r -100.45254150603746 73.69000244140625 31.610000610351562 AB 4.43173603160078 1.2042760955436902
63197.0935 lsst_hardware_i 47.068133562107256 59.189998626708984 31.290000915527344 AB 4.588457632965043 1.2036351067980153
63199.154 lsst_hardware_r -23.15180939473905 83.63999938964844 31.59000015258789 AB 6.379038907286855 1.2596423710291635
63199.166 lsst_hardware_z 105.64897694869641 61.34000015258789 30.940000534057617 AB 6.505152636260045 1.281130303208832
63201.1606 lsst_hardware_g 71.5385255504936 77.62000274658203 31.6200008392334 AB 10.38454870377412 1.2812521534575685
63201.1722 lsst_hardware_i 107.68899790088332 57.310001373291016 31.270000457763672 AB 10.069527052048851 1.3057805941838618
63204.1792 lsst_hardware_z 57.863906730879386 49.77000045776367 30.93000030517578 AB 5.068475904189714 1.3438886130687366
63204.1916 lsst_hardware_r -28.615327167582024 47.02000045776367 31.540000915527344 AB 5.048548593609934 1.3804535187373468
63206.1802 lsst_hardware_u 3.6733371630807503 3.190000057220459 28.3799991607666 AB 7.083963923873678 1.362300754591092
63206.1922 lsst_hardware_g -13.900423107895167 22.420000076293945 31.459999084472656 AB 7.281346831794392 1.400259006114306
63211.0807 lsst_hardware_r -11.375780599599207 22.540000915527344 31.459999084472656 AB 12.146035366863606 1.2134709637868262
63211.0932 lsst_hardware_i 8.840142932492657 31.420000076293945 31.219999313354492 AB 13.00874613147884 1.223584837574373
63213.0747 lsst_hardware_z -35.38576330473187 43.400001525878906 30.93000030517578 AB 13.633003321773648 1.2131165084331859
63213.0877 lsst_hardware_r -6.855187389937698 22.729999542236328 31.450000762939453 AB 14.704013020048535 1.223550074478763
63216.0762 lsst_hardware_u 1.0450003012017666 2.630000114440918 28.34000015258789 AB 12.21046438689288 1.2205318481555052
63216.0881 lsst_hardware_g -23.197133737699787 13.460000038146973 31.350000381469727 AB 12.453041779434086 1.232586861413941
