data/validation/pwv_sim_epoch_fit_4/6281895.ecsv
# %ECSV 0.9
# ---
# datatype:
# - {name: time, datatype: float64}
# - {name: band, datatype: string}
# - {name: flux, datatype: float64}
# - {name: fluxerr, datatype: float64}
# - {name: zp, datatype: float64}
# - {name: zpsys, datatype: string}
# - {name: pwv, datatype: float64}
# - {name: airmass, datatype: float64}
# meta: {SNID: '6281895', alt: 1024.0, c: 0.02149844542145729, dec: -30.345182, lat: -30.244573, lon: -70.7499537, ra: 348.574219, t0: 61939.51171875,
#   x0: 1.1881564926777472e-05, x1: 0.27432212233543396, z: 0.42813724279403687}
# schema: astropy-2.0
time band flux fluxerr zp zpsys pwv airmass
61926.3704 lsst_hardware_r 2173.8090546977255 52.54116756523685 31.479999542236328 AB 5.935942016998918 1.1373352100269363
61926.3897 lsst_hardware_z 1110.234430904784 53.604514436895364 30.940000534057617 AB 4.978298103890922 1.0822387182371571
61928.3568 lsst_hardware_r 3271.5363935242117 95.09523272127053 31.6200008392334 AB 2.7867026305726204 1.1661063419071538
61928.3754 lsst_hardware_y 586.945611380103 56.85656136130433 30.030000686645508 AB 1.2341091904654844 1.1053373851012462
61947.2467 lsst_hardware_r 3221.0022101259096 61.90625124025863 31.399999618530273 AB 8.940585296794932 1.5151822331027451
61947.2666 lsst_hardware_g 960.3974883533574 33.40469713885487 31.31999969482422 AB 7.856680202286873 1.360346325389468
61950.2361 lsst_hardware_r 2791.64584555077 58.727074966342364 31.399999618530273 AB 4.168003332367426 1.5374412882209911
61950.2429 lsst_hardware_u 1.422922278582926 2.6372809153451007 28.079999923706055 AB 4.086732850894019 1.4767765059843476
61955.2493 lsst_hardware_z 1506.8936170820436 65.38025493155618 30.93000030517578 AB 9.674618387502939 1.3311557851954607
61955.2632 lsst_hardware_r 2598.156075784163 75.21659934282755 31.579999923706055 AB 8.696864371730422 1.2531504858401183
61958.2684 lsst_hardware_r 2248.230303065573 107.78285091601893 31.6200008392334 AB 1.8807055795432457 1.1917656943823702
61958.2889 lsst_hardware_i 2127.271711534021 87.12667186342858 31.31999969482422 AB 1.7601698224258462 1.1187520057791394
61960.2397 lsst_hardware_i 1734.5191956884198 98.77241635280086 31.290000915527344 AB 2.8650278034840224 1.3067401612241833
61960.2589 lsst_hardware_z 1254.8273466469795 83.0950740680522 30.969999313354492 AB 2.538941364219952 1.2090196972475962
61962.2715 lsst_hardware_z 1163.5525326122706 77.94872217004935 30.979999542236328 AB 9.891960010964311 1.139397012234212
61962.2933 lsst_hardware_r 1724.6232880736509 101.43737837784904 31.649999618530273 AB 9.173583922878969 1.077755329148409
61964.2544 lsst_hardware_i 1663.1156793691464 71.79212284679372 31.299999237060547 AB 7.340689532230714 1.1820756090548654
61964.2728 lsst_hardware_z 1113.102477873754 66.87924272205062 30.969999313354492 AB 6.991194340525801 1.117905445810716
61965.2638 lsst_hardware_i 1569.5359328300583 61.58599952429956 31.290000915527344 AB 7.0893880641605165 1.13776088335107
61965.2831 lsst_hardware_z 1206.213285728822 60.24426789356377 30.959999084472656 AB 6.791100810856947 1.0825490472812254
61974.2435 lsst_hardware_u 2.5276896086297413 2.942926116124268 28.299999237060547 AB 5.494043600274674 1.1240243325825363
61974.2639 lsst_hardware_g 111.61598399264703 17.651550961492575 31.399999618530273 AB 5.514630339115009 1.0701093801646202
61976.2693 lsst_hardware_i 945.6297368878261 43.99144214836226 31.239999771118164 AB 6.224562067420382 1.0484355848779487
61976.2901 lsst_hardware_r 629.0275283202092 32.946610878870565 31.489999771118164 AB 6.035142339101496 1.018761367167707
61978.2635 lsst_hardware_u 0.6045670168592536 2.8924209777066614 28.31999969482422 AB 2.0676698888775213 1.0490461130783975
61978.282 lsst_hardware_g 88.47201685129063 17.168385287525194 31.40999984741211 AB 2.078177013224672 1.0217192788715204
61987.1702 lsst_hardware_i 672.4561584207428 90.81725567733677 31.290000915527344 AB 2.1402350490647533 1.2828581712675844
61987.1883 lsst_hardware_z 611.2374235744853 78.879975921432 30.969999313354492 AB 2.015438838910526 1.1956330861640454
61990.1687 lsst_hardware_z 499.95662631961443 88.64170324067211 30.969999313354492 AB 4.092482720913016 1.2478666662674678
61990.1876 lsst_hardware_r 301.4128983131127 123.19239052302296 31.6299991607666 AB 3.8263618879692034 1.1658628543477159
61992.1682 lsst_hardware_z 491.66431053523246 68.03055797688017 30.959999084472656 AB 5.085600907547656 1.224069538081111
61992.1865 lsst_hardware_r 335.6655849781802 81.65843261574605 31.6200008392334 AB 4.795971718506091 1.150021193790926
61995.1671 lsst_hardware_u 1.6595174012749863 2.7319660536036974 28.329999923706055 AB 3.554397112251866 1.1929508683510206
61995.1842 lsst_hardware_g 64.8279065714639 24.715967537559553 31.56999969482422 AB 3.4460896447473193 1.1302360264834441
61997.1649 lsst_hardware_g 91.59562084541868 16.52203129577491 31.389999389648438 AB 3.9729624265644494 1.1797082403873356
61997.1844 lsst_hardware_r 280.9615820951939 28.819909974887796 31.489999771118164 AB 3.924716592646793 1.1128685990491851
62011.1755 lsst_hardware_i -21.59536316660256 37.63999938964844 31.280000686645508 AB 5.637811285472412 1.0453458092008365
62011.1932 lsst_hardware_r -42.16429683451816 36.65999984741211 31.600000381469727 AB 5.495342476331684 1.0202380982112167
62013.1539 lsst_hardware_z -2.2179756465795073 73.04000091552734 31.719999313354492 AB 4.947914751044104 1.0781336616162343
62016.1586 lsst_hardware_z 40.273984557634066 78.02999877929688 30.989999771118164 AB 1.471607133234837 1.051147952310598
62016.1767 lsst_hardware_r 137.98422536690612 113.70999908447266 31.65999984741211 AB 1.3041918913744965 1.0235645975470216
62024.0546 lsst_hardware_r 2.9347774258085733 24.690000534057617 31.440000534057617 AB 3.2572139982463013 1.3723252573188547
62024.0718 lsst_hardware_u 0.45847046341555664 2.6600000858306885 28.299999237060547 AB 3.0067123650507392 1.268744228870134
62027.1069 lsst_hardware_i -47.53457711468822 31.530000686645508 31.25 AB 1.3402807258469505 1.1003946846034076
62027.1241 lsst_hardware_z 41.281959149169076 41.7599983215332 30.950000762939453 AB 1.2966239674522024 1.0597662177786698
62030.0884 lsst_hardware_u 3.0346348584844307 2.75 28.43000030517578 AB 1.2262004273703526 1.1310073119469783
62030.1044 lsst_hardware_r -6.873645327028181 23.389999389648438 31.5 AB 1.3569764205664008 1.0855811364522219
62031.0729 lsst_hardware_g 2.7777264277283678 14.520000457763672 31.399999618530273 AB 1.3344743197913123 1.1764393063102958
62031.0901 lsst_hardware_i -10.29247681049557 31.549999237060547 31.239999771118164 AB 1.6758451086534074 1.117230072435605
62033.0635 lsst_hardware_z 49.945283064228725 43.22999954223633 30.93000030517578 AB 6.648786996979939 1.1923223737784576
62033.0809 lsst_hardware_r 0.7687762111937685 23.459999084472656 31.479999542236328 AB 6.271768655762112 1.128794190676248
62039.078 lsst_hardware_z -0.8856980645787048 43.310001373291016 30.940000534057617 AB 3.1814207080006973 1.0901810016278108
62039.0949 lsst_hardware_r 10.676416227032751 29.739999771118164 31.549999237060547 AB 3.9307307322726275 1.0528273020684686
62041.0799 lsst_hardware_z -76.67454000293552 48.13999938964844 30.959999084472656 AB 4.815430578042263 1.0724988759350982
62041.1008 lsst_hardware_r -11.123041453944648 47.709999084472656 31.6200008392334 AB 4.751871791396267 1.0338209383533405
62043.0978 lsst_hardware_z 31.38392683199503 59.33000183105469 30.979999542236328 AB 3.998346074477793 1.0303024091935304
62043.1181 lsst_hardware_i -48.93505214951156 62.439998626708984 31.329999923706055 AB 3.904621310006254 1.0088809017522298
62044.0015 lsst_hardware_y 188.8973834157412 60.040000915527344 29.950000762939453 AB 8.285997883602366 1.3621378221465277
62044.0217 lsst_hardware_r -102.56578943815715 95.19999694824219 31.610000610351562 AB 7.567831061814303 1.2456993325529229
62048.0036 lsst_hardware_z -105.59263084258481 73.4000015258789 30.959999084472656 AB 3.4699204902369782 1.2831359860358238
62048.0249 lsst_hardware_g -178.7372270026044 105.29000091552734 31.670000076293945 AB 3.233819491377752 1.1827080520718238
62049.9891 lsst_hardware_y -33.23720073899754 74.83999633789062 29.979999542236328 AB 8.179842907925398 1.3363208932815744
62050.0083 lsst_hardware_i 1.4179825274778948 32.209999084472656 31.229999542236328 AB 4.789860514571176 1.231273856622555
62052.0013 lsst_hardware_y 48.00276534532968 50.45000076293945 29.989999771118164 AB 4.87775244068773 1.2386369834148627
62052.0194 lsst_hardware_r -30.96777451069551 23.3700008392334 31.479999542236328 AB 4.605525555018143 1.1618379301256667
62053.9916 lsst_hardware_y -89.82087964342423 71.12999725341797 29.989999771118164 AB 2.7587654694174844 1.259806135665188
62054.0116 lsst_hardware_g 19.027972404946613 14.479999542236328 31.40999984741211 AB 4.06053344167146 1.1706323587367269
62064.0071 lsst_hardware_y -10.953905534296702 49.04999923706055 30.030000686645508 AB 3.6479759973825687 1.0970806467994976
62064.0275 lsst_hardware_z -27.850257051600817 41.369998931884766 30.950000762939453 AB 3.471131925068355 1.0512210554415922
62065.007 lsst_hardware_y 18.312611228430026 50.5099983215332 30.040000915527344 AB 4.530143074436918 1.0901996809971726
62065.0263 lsst_hardware_u -4.006901163558273 2.8499999046325684 28.520000457763672 AB 4.3817678571229965 1.0484370371166845
62067.0021 lsst_hardware_y 106.05010820446357 57.31999969482422 30.040000915527344 AB 3.0885712797829985 1.088771051302842
62067.0212 lsst_hardware_i -24.48647332225258 31.6200008392334 31.25 AB 2.9959015609904327 1.0477927991573868
62280.3739 lsst_hardware_z 21.144471017240118 44.31999969482422 30.93000030517578 AB 8.562452941812277 1.2491421331179162
62280.3953 lsst_hardware_r -18.018077287120068 24.06999969482422 31.479999542236328 AB 7.635764025651226 1.1575770416369173
62283.3419 lsst_hardware_i -57.606656162077485 67.05000305175781 31.260000228881836 AB 5.066280328089082 1.391835254969528
62283.3626 lsst_hardware_z 76.25346169854778 60.599998474121094 30.959999084472656 AB 4.736298213007231 1.265036915867316
62285.3439 lsst_hardware_r 107.30877532445267 83.58000183105469 31.579999923706055 AB 11.439389151804079 1.341549097197609
62285.3654 lsst_hardware_z -60.270135610788806 60.630001068115234 30.959999084472656 AB 10.426569487624098 1.2243745361727094
62288.3657 lsst_hardware_y 25.779797081126137 53.040000915527344 30.0 AB 7.9389349657825985 1.1874559952808486
62288.3873 lsst_hardware_r 77.28597491191442 65.62000274658203 31.6299991607666 AB 6.943723124072089 1.112360195024097
62291.3528 lsst_hardware_i 50.36107809727897 41.66999816894531 31.260000228881836 AB 14.423733512074646 1.2073606087200976
62291.3725 lsst_hardware_z -8.84189395877684 47.380001068115234 30.950000762939453 AB 13.701623607401844 1.1327400469082212
62302.3493 lsst_hardware_z 65.98223913728143 42.33000183105469 30.950000762939453 AB 12.504866786614125 1.111716648066495
62302.3641 lsst_hardware_r -6.5077210129940415 23.229999542236328 31.5 AB 12.046185579017555 1.0734915634288988
62306.3472 lsst_hardware_i -31.362039586810983 44.06999969482422 32.0099983215332 AB 2.819920160418665 1.0877922696741666
62306.361 lsst_hardware_z 15.563510157709418 58.630001068115234 31.700000762939453 AB 2.721700299990758 1.056970990287673
62308.3694 lsst_hardware_u 3.2226058651257192 2.700000047683716 28.450000762939453 AB 3.4946894530877057 1.0333203586894457
62308.3812 lsst_hardware_g -1.8729264017971698 14.140000343322754 31.440000534057617 AB 3.09687533778348 1.0184298178515143
62310.3549 lsst_hardware_r 1.4635797565147945 41.2400016784668 31.610000610351562 AB 3.6361442114318527 1.047955677334636
62310.3771 lsst_hardware_i -1.8997991779193208 30.479999542236328 31.260000228881836 AB 3.3436655079393165 1.017007226200097
62312.2413 lsst_hardware_z -34.348286395562575 95.23999786376953 31.670000076293945 AB 6.907230864464096 1.5732816485758507
62314.2636 lsst_hardware_i -117.87046044383743 80.55000305175781 31.280000686645508 AB 9.70013905126466 1.348802649075001
62314.2837 lsst_hardware_z 39.939510817466996 70.47000122070312 30.969999313354492 AB 8.803705285914882 1.2363018236083247
62315.2332 lsst_hardware_z -75.98572202032788 77.20999908447266 30.920000076293945 AB 9.522343879149735 1.572381750189891
62315.2521 lsst_hardware_r 144.51315635772357 102.12000274658203 31.559999465942383 AB 8.140886825162125 1.4095553328997095
62323.2569 lsst_hardware_g 6.232948209689666 14.25 31.360000610351562 AB 5.51757951589677 1.2471924764685285
62323.2753 lsst_hardware_i -9.806542944655959 31.81999969482422 31.239999771118164 AB 5.258383055215681 1.1672326426672415
62325.2686 lsst_hardware_z -37.30061519433886 43.08000183105469 30.940000534057617 AB 1.8779647541468694 1.1719578267077035
62325.2873 lsst_hardware_r 28.816288671574707 23.149999618530273 31.489999771118164 AB 1.798564578220129 1.1094260788856558
62328.2612 lsst_hardware_r -12.451732331236714 23.149999618530273 31.459999084472656 AB 10.147437089645061 1.1689361249843118
62328.2799 lsst_hardware_i -1.1765314610015547 30.8799991607666 31.229999542236328 AB 9.62119446558278 1.1071676328598536
62330.2592 lsst_hardware_z -3.8671679662444465 42.939998626708984 30.940000534057617 AB 7.225376363901331 1.1561218780577285
62330.2792 lsst_hardware_r 4.543567550321672 23.170000076293945 31.489999771118164 AB 6.837436037183592 1.0941648323225461
62332.265 lsst_hardware_u 0.29873986829265187 2.5899999141693115 28.31999969482422 AB 6.038380574542197 1.1188402028056692
62332.2841 lsst_hardware_r -11.836276402760593 22.75 31.479999542236328 AB 5.752039365560531 1.0692516712632272
62343.2625 lsst_hardware_r -54.00826553645217 120.16999816894531 31.65999984741211 AB 11.258143440457713 1.052162938360534
62343.2805 lsst_hardware_z 39.523144719673816 78.8499984741211 31.0 AB 10.902567392393815 1.0243564728212167
62347.1772 lsst_hardware_z 68.71388360884137 83.93000030517578 31.700000762939453 AB 6.485175083917472 1.3255339977347083
62348.2621 lsst_hardware_r -26.7244284816106 52.13999938964844 31.6299991607666 AB 3.6968575573914664 1.030602641159196
62348.281 lsst_hardware_z -16.861389667780134 49.27000045776367 30.969999313354492 AB 3.6240895462931033 1.010105322513988
62351.1639 lsst_hardware_i 30.777013909436153 33.029998779296875 31.209999084472656 AB 2.591398821828597 1.3403787009458261
62351.1815 lsst_hardware_z 0.26752737906594 43.97999954223633 30.93000030517578 AB 2.7924459568956292 1.2420531332794973
62354.1519 lsst_hardware_g -11.81528357265239 14.350000381469727 31.31999969482422 AB 2.8593504017297264 1.365279516980611
62354.1702 lsst_hardware_r 35.14476804829964 24.010000228881836 31.459999084472656 AB 2.0221365760016377 1.257612796684097
62360.2031 lsst_hardware_r -11.786840700041967 23.5 31.510000228881836 AB 2.9410705840082754 1.079655144179978
62360.2301 lsst_hardware_i 19.44958084131395 30.809999465942383 31.260000228881836 AB 2.7986582775166884 1.029549335689769
62362.1659 lsst_hardware_z -0.10417574638306057 43.45000076293945 30.93000030517578 AB 3.46711782006643 1.1785234637511657
62362.1844 lsst_hardware_r 11.167776777833884 23.559999465942383 31.489999771118164 AB 2.594074977509996 1.114931938757878
62367.1486 lsst_hardware_r -13.951188132036643 50.0099983215332 31.600000381469727 AB 2.1578228432959037 1.1933210802134127
62367.1664 lsst_hardware_y 9.06350891212498 49.81999969482422 30.030000686645508 AB 2.124557949049424 1.12828356295774
62369.1485 lsst_hardware_z -26.08330917086384 60.630001068115234 30.969999313354492 AB 2.0800448777578717 1.1718562691593641
62369.1662 lsst_hardware_r 19.47742677892653 77.04000091552734 31.6299991607666 AB 1.9588551642129897 1.1122486027517684
62380.1578 lsst_hardware_u 0.3155697991275852 2.680000066757202 28.399999618530273 AB 1.3770767764869516 1.0592898280668859
62380.176 lsst_hardware_g 8.416109243345742 14.369999885559082 31.43000030517578 AB 1.616342473347711 1.0288621727229224
62382.1673 lsst_hardware_r -35.16640474916365 23.229999542236328 31.5 AB 1.3356965956611153 1.0334209637610177
62382.1861 lsst_hardware_i 0.869441467305206 30.579999923706055 31.25 AB 1.4026010621410192 1.0117951755751267
62385.0722 lsst_hardware_r -22.238805377834552 24.360000610351562 31.450000762939453 AB 0.9077375602703722 1.333274262331024
62385.0898 lsst_hardware_g 30.330580606967374 14.630000114440918 31.389999389648438 AB 1.6329075505597839 1.236582772101313
62387.0729 lsst_hardware_r 6.646911663524663 24.200000762939453 31.450000762939453 AB 2.9374854804562656 1.296521471438693
62387.0902 lsst_hardware_i -27.858709493685488 32.150001525878906 31.229999542236328 AB 2.8044288651202827 1.2095876062626838
62389.0566 lsst_hardware_z -17.491316178307812 45.880001068115234 30.920000076293945 AB 4.22697594428118 1.3635406271874773
62389.074 lsst_hardware_i 19.689449067194733 32.790000915527344 31.219999313354492 AB 3.9088220146718964 1.260910327313515
62396.076 lsst_hardware_i 34.42564283998567 67.95999908447266 32.040000915527344 AB 0.33012692934285454 1.1672136570755023
62396.1002 lsst_hardware_z -76.18355150998539 70.51000213623047 31.709999084472656 AB 1.3283658822868827 1.091060272925571
62399.074 lsst_hardware_i 77.67291559896643 83.4800033569336 31.31999969482422 AB 6.371214340127137 1.1449065872222235
62399.092 lsst_hardware_z 49.492317906197414 72.94999694824219 30.989999771118164 AB 4.363241411155843 1.0910831235702203
62401.0635 lsst_hardware_i 37.63168262417669 101.4000015258789 31.31999969482422 AB 2.9485391426439436 1.1629024423758405
62401.0806 lsst_hardware_z 35.610203251983116 84.80000305175781 30.989999771118164 AB 2.845649626576526 1.1071489647219244
62403.0666 lsst_hardware_g -33.01924732957392 96.41999816894531 31.700000762939453 AB 3.417905100720464 1.1331324237109834
62403.0832 lsst_hardware_r 13.43376449296854 92.83999633789062 31.649999618530273 AB 3.2890096135115177 1.0857206030518516
62413.9871 lsst_hardware_y 172.70001679749052 80.27999877929688 29.950000762939453 AB 4.438742482369707 1.3719229823162387
62414.0055 lsst_hardware_r 17.96982263808414 24.010000228881836 31.450000762939453 AB 3.434627307281644 1.262150595234412
62418.0028 lsst_hardware_y 4.1497326895595945 49.709999084472656 29.989999771118164 AB 4.700401825183558 1.2219944950431714
62418.023 lsst_hardware_g -26.942451120954747 14.1899995803833 31.399999618530273 AB 4.528239286520193 1.1419087848999878
62419.9924 lsst_hardware_y 97.47922167139969 69.41999816894531 29.989999771118164 AB 2.7537593926768493 1.2455283521970224
62420.0119 lsst_hardware_i -5.232566309959873 32.060001373291016 31.239999771118164 AB 4.044857111425479 1.1618701009455183
62423.0059 lsst_hardware_y -61.02740640833121 70.91000366210938 30.760000228881836 AB 8.434581621380847 1.1539073072629558
62423.028 lsst_hardware_g -43.635852688217255 38.459999084472656 32.36000061035156 AB 7.8608649736335705 1.0871939109502229
62424.9965 lsst_hardware_y 120.78805053255613 65.44000244140625 30.020000457763672 AB 8.253078126655517 1.16841199499618
62425.0159 lsst_hardware_i 5.778031436869486 49.95000076293945 31.299999237060547 AB 8.642424943018225 1.1048044584186818
62427.0142 lsst_hardware_z 75.36646556555134 92.16999816894531 31.729999542236328 AB 5.746225876843698 1.094588712332916
62428.9991 lsst_hardware_y 51.41468579859525 68.2300033569336 30.040000915527344 AB 2.512518096822274 1.1220773041260619
62429.0169 lsst_hardware_r 34.97354710058114 95.94999694824219 31.649999618530273 AB 3.2182348895771926 1.0745358562861707
62433.003 lsst_hardware_y 85.14252400415108 55.11000061035156 30.049999237060547 AB 3.0480128237687367 1.0815267714959287
62433.0217 lsst_hardware_z 13.429021822423808 49.900001525878906 30.969999313354492 AB 2.9992794457259544 1.043409095747306
62435.0064 lsst_hardware_y 18.397568475804864 51.81999969482422 30.049999237060547 AB 3.8744257437537524 1.06177740305666
62435.0235 lsst_hardware_u -4.9333710197869305 2.7899999618530273 28.489999771118164 AB 3.960681979528644 1.032099538639386
62438.0088 lsst_hardware_y 103.53825149959968 51.380001068115234 30.049999237060547 AB 3.293194533661011 1.0421501688800667
62438.0272 lsst_hardware_r 37.53275670637503 22.75 31.5 AB 3.2456479398430136 1.0174444952485935
