data/validation/pwv_sim_epoch_fit_4/62901058.ecsv
# %ECSV 0.9
# ---
# datatype:
# - {name: time, datatype: float64}
# - {name: band, datatype: string}
# - {name: flux, datatype: float64}
# - {name: fluxerr, datatype: float64}
# - {name: zp, datatype: float64}
# - {name: zpsys, datatype: string}
# - {name: pwv, datatype: float64}
# - {name: airmass, datatype: float64}
# meta: {SNID: '62901058', alt: 1024.0, c: -0.028341257944703102, dec: -4.331149, lat: -30.244573, lon: -70.7499537, ra: 85.429688, t0: 61377.265625,
#   x0: 5.5225376723627735e-06, x1: 0.2293519377708435, z: 0.5887541174888611}
# schema: astropy-2.0
time band flux fluxerr zp zpsys pwv airmass
[from data line 132]
61757.1871 lsst_hardware_i -12.406353656739288 43.58000183105469 31.280000686645508 AB 3.701700302342535 1.1130143730421054
61757.2068 lsst_hardware_z -37.80235691790227 48.560001373291016 30.950000762939453 AB 3.715317164469657 1.115208514023541
61759.1719 lsst_hardware_z 9.591804554222271 42.40999984741211 30.950000762939453 AB 4.178412506146482 1.1180197572635966
61759.1925 lsst_hardware_r 7.863261614119153 27.110000610351562 31.530000686645508 AB 4.11769499481184 1.1121891585876567
61763.2117 lsst_hardware_i -6.708114231380471 31.479999542236328 31.239999771118164 AB 7.884964772606601 1.1364349900465915
61763.2379 lsst_hardware_z 23.485685966096998 43.5099983215332 30.940000534057617 AB 8.429334631248247 1.1924366432661264
61767.1758 lsst_hardware_g 6.36286025094982 14.300000190734863 31.40999984741211 AB 6.701171465629181 1.1135367664273375
61767.1954 lsst_hardware_r -3.7168240489142854 23.450000762939453 31.479999542236328 AB 6.86616021593402 1.1291479044977557
61771.1401 lsst_hardware_z -68.99567123106713 60.130001068115234 31.690000534057617 AB 7.782717795690169 1.1173364701181219
61771.1614 lsst_hardware_r 31.72329153944106 33.029998779296875 32.2400016784668 AB 7.750687692357067 1.112498448720104
61773.1399 lsst_hardware_z 8.666618215877492 42.689998626708984 30.940000534057617 AB 4.310008393136551 1.1143451342864854
61773.1606 lsst_hardware_r 21.350059142040106 23.450000762939453 31.479999542236328 AB 4.265244557324456 1.1140044550635217
61775.1358 lsst_hardware_i 7.21063191552835 34.75 31.260000228881836 AB 12.599731107015176 1.1137637715864996
61775.1575 lsst_hardware_z -84.37797265788204 43.79999923706055 30.950000762939453 AB 12.605316888775297 1.1151200361620044
61781.1277 lsst_hardware_i -113.08261540367 91.75 31.329999923706055 AB 5.368096000562268 1.111925016946252
61781.1492 lsst_hardware_z 71.19095333878899 80.43000030517578 30.989999771118164 AB 5.466502082110927 1.1207590122216151
61785.086 lsst_hardware_u 3.625235761327414 5.570000171661377 28.899999618530273 AB 6.1362571736222895 1.1337195701842566
61785.1069 lsst_hardware_r -66.55477706621771 47.0099983215332 31.610000610351562 AB 6.024708517230784 1.114448486354196
61787.0807 lsst_hardware_i -22.44115538255686 44.099998474121094 31.989999771118164 AB 3.127314110495303 1.1334955094220018
61787.0994 lsst_hardware_z -50.435474700787054 59.4900016784668 31.690000534057617 AB 2.3112875080291273 1.1154862490488273
61789.085 lsst_hardware_r 35.88734323428653 22.799999237060547 31.469999313354492 AB 4.375674025525306 1.1221595209929833
61789.1066 lsst_hardware_u 0.8856339142083142 2.559999942779541 28.309999465942383 AB 4.3280696781773536 1.1118997246441482
61791.0824 lsst_hardware_g -6.0248693164545 14.020000457763672 31.389999389648438 AB 13.385803076782052 1.1196433758853004
61791.1014 lsst_hardware_r -8.74577061799646 23.100000381469727 31.479999542236328 AB 14.00248145246785 1.1118963567338154
61793.0854 lsst_hardware_i -9.716898620571397 31.200000762939453 31.239999771118164 AB 9.257686629521071 1.1142875439251827
61793.1052 lsst_hardware_z -44.48435896119704 42.209999084472656 30.940000534057617 AB 9.415107130699848 1.1136756948653679
61797.0691 lsst_hardware_r 40.30359477513199 22.65999984741211 31.479999542236328 AB 12.737584717255618 1.117331992741721
61797.0873 lsst_hardware_i -13.440935305734977 30.700000762939453 31.229999542236328 AB 12.599657676980812 1.1119961470623216
61799.0727 lsst_hardware_z -54.86006422915709 42.130001068115234 30.940000534057617 AB 14.062416719559346 1.1129145054654297
61799.0911 lsst_hardware_i -4.715415638718286 31.0 31.229999542236328 AB 13.022725449201927 1.114673067636902
61801.0699 lsst_hardware_u -3.4146761099051175 2.7100000381469727 28.420000076293945 AB 10.084501531264689 1.1122816446550146
61801.0874 lsst_hardware_g -14.546627007718198 13.850000381469727 31.389999389648438 AB 9.916061609171782 1.1155952796195625
61803.0335 lsst_hardware_y 113.3983785102334 59.2599983215332 30.030000686645508 AB 7.69036464085903 1.1386385313679257
61803.0452 lsst_hardware_r -8.545397971916204 26.40999984741211 31.520000457763672 AB 7.528734589580755 1.1236917297881723
61805.0477 lsst_hardware_z -0.1529212409522598 66.19999694824219 31.700000762939453 AB 10.773296377305677 1.1170307731253997
61807.0352 lsst_hardware_y -143.63602620908927 57.52000045776367 30.030000686645508 AB 5.890643792876299 1.1227759063902218
61807.0526 lsst_hardware_z -35.117079334053265 55.75 30.959999084472656 AB 5.255277193069276 1.1124634193626748
61808.0359 lsst_hardware_y 24.86641213004726 57.7400016784668 30.030000686645508 AB 5.387177981002389 1.1197044387638115
61808.0546 lsst_hardware_i -8.253698767328203 63.4900016784668 31.309999465942383 AB 6.901815029566335 1.1118957718097764
61810.0349 lsst_hardware_y 21.52037054057731 58.279998779296875 30.030000686645508 AB 6.187159295370063 1.116479872848733
61810.0539 lsst_hardware_i 22.43868452697303 75.94999694824219 31.31999969482422 AB 6.569496445101999 1.1122800008638183
61816.0251 lsst_hardware_z 5.248880692620335 52.959999084472656 30.959999084472656 AB 2.409152950204517 1.113286945565858
61816.0422 lsst_hardware_u 0.9927061327758526 2.6700000762939453 28.350000381469727 AB 1.8970074786282463 1.1135940584844501
61818.0231 lsst_hardware_y -32.747872673632884 59.91999816894531 30.040000915527344 AB 1.5837071667998128 1.1123491952939863
61818.0395 lsst_hardware_r 17.668337075533824 23.229999542236328 31.489999771118164 AB 1.587112396771216 1.1148061789542507
61820.0217 lsst_hardware_y -13.364322688874967 60.56999969482422 30.040000915527344 AB 6.508669993486316 1.1118962462535702
61820.0387 lsst_hardware_z 57.03731988532814 42.38999938964844 30.950000762939453 AB 6.658817578904672 1.1175950508665424
61822.0206 lsst_hardware_y 4.898135350568486 59.65999984741211 30.030000686645508 AB 4.315562586676402 1.1121867371113723
61822.038 lsst_hardware_u -2.4999917582191404 2.740000009536743 28.3799991607666 AB 4.529683463423552 1.1214169619170768
