data/validation/pwv_sim_epoch_fit_4/63068201.ecsv
# %ECSV 0.9
# ---
# datatype:
# - {name: time, datatype: float64}
# - {name: band, datatype: string}
# - {name: flux, datatype: float64}
# - {name: fluxerr, datatype: float64}
# - {name: zp, datatype: float64}
# - {name: zpsys, datatype: string}
# - {name: pwv, datatype: float64}
# - {name: airmass, datatype: float64}
# meta: {SNID: '63068201', alt: 1024.0, c: 0.003212116891518235, dec: -33.331287, lat: -30.244573, lon: -70.7499537, ra: 35.859375, t0: 62342.33203125,
#   x0: 3.1859548889993963e-06, x1: 0.5938910245895386, z: 0.7375547885894775}
# schema: astropy-2.0
time band flux fluxerr zp zpsys pwv airmass
62327.3503 lsst_hardware_i 644.4887981330297 41.572959924266236 31.209999084472656 AB 11.102626446727674 1.3923971088543878
62327.3693 lsst_hardware_r 532.2844205419923 32.81413333211942 31.459999084472656 AB 10.193144010542364 1.2766564186419969
62330.4047 lsst_hardware_r 738.7583743089541 34.863985051150934 31.489999771118164 AB 6.756378766052094 1.1063335133538905
62330.4261 lsst_hardware_i 825.6462786237612 42.21924914193555 31.25 AB 6.767658063460513 1.056758578549479
62332.3732 lsst_hardware_i 923.7680103288003 43.728998090931626 31.229999542236328 AB 4.401415955566875 1.1947383158433427
62332.3932 lsst_hardware_z 625.0499958236308 48.49695686527752 30.940000534057617 AB 5.348290532498037 1.1238265460176586
62334.3572 lsst_hardware_z 587.5146932323574 50.0755448547964 30.93000030517578 AB 1.0177552839149728 1.241417300973742
62334.3778 lsst_hardware_i 1064.3269702933183 44.25292535922226 31.229999542236328 AB 2.6597675556207436 1.1564206763568452
62343.3657 lsst_hardware_z 721.7152299475846 65.09771235157247 30.969999313354492 AB 7.989687102582896 1.1162938388482064
62343.3853 lsst_hardware_r 1038.9897940209446 85.83387261529145 31.639999389648438 AB 7.114489512731669 1.0673735594520648
62345.37 lsst_hardware_i 1239.4452526758532 65.80699805899911 31.309999465942383 AB 3.38023811989869 1.089930606158219
62345.3895 lsst_hardware_r 836.4971182241833 73.77718007666358 31.649999618530273 AB 3.6957260889965617 1.0488296534849764
62347.377 lsst_hardware_z 1356.9020999819525 81.7682189761257 31.729999542236328 AB 4.971945051120042 1.0620032149063814
62348.372 lsst_hardware_r 728.8927875920241 57.02785868494612 31.6299991607666 AB 4.209675301624439 1.0666407014251114
62348.3926 lsst_hardware_i 1166.332364211944 55.7746084809875 31.309999465942383 AB 4.649592258643472 1.0313328484976279
62351.3708 lsst_hardware_z 724.6427051553126 49.558451370915776 30.950000762939453 AB 2.332069735212789 1.0529719991930417
62351.3897 lsst_hardware_r 636.941300674024 38.10444064758241 31.559999465942383 AB 2.858620453427604 1.0245951445977075
62352.3716 lsst_hardware_z 662.6475719274747 48.54710525402568 30.950000762939453 AB 1.9745079468041251 1.046743919493263
62352.3925 lsst_hardware_g 95.88527941113323 19.826450976744756 31.520000457763672 AB 2.136828542716969 1.0185074083493655
62354.3738 lsst_hardware_r 487.2513842384868 31.494109898615637 31.479999542236328 AB 2.6999279842626493 1.0347194625431717
62354.3938 lsst_hardware_z 664.3510079144264 47.31521788333195 30.950000762939453 AB 2.926719715404716 1.0123554878605037
62356.3687 lsst_hardware_r 458.14282192469415 30.87432684567264 31.5 AB 2.562238132089157 1.0342030805607092
62356.3871 lsst_hardware_u -1.8411618440027855 2.6970272109575735 28.489999771118164 AB 1.4187308183587473 1.0133791559705339
62358.3147 lsst_hardware_g 56.03971742797786 14.758696484917234 31.3799991607666 AB 5.521989293081401 1.1480227220544443
62358.3316 lsst_hardware_r 402.226423705159 30.166990787189615 31.479999542236328 AB 5.300231679541763 1.0973564553917634
62362.341 lsst_hardware_z 530.2230323229339 46.21563731217795 30.940000534057617 AB 3.6839305225957113 1.052551577884489
62362.3595 lsst_hardware_r 266.9265029884983 28.450499357266132 31.489999771118164 AB 3.586788737527116 1.0247967821506045
62364.2638 lsst_hardware_i 592.9482899955208 39.85581371838361 31.209999084472656 AB 5.882174618602359 1.3011741524706588
62364.2831 lsst_hardware_z 493.5440523951524 48.3513608433268 30.940000534057617 AB 5.48674609911694 1.2061875423992099
62367.2612 lsst_hardware_y 196.97834718462562 52.75278641584767 29.969999313354492 AB 3.122866955688763 1.2708788099252264
62367.2797 lsst_hardware_r 164.95355226890547 44.13503605974211 31.579999923706055 AB 2.859951872203216 1.1864558689911704
62369.2586 lsst_hardware_i 496.0354365949553 56.30389616120065 31.270000457763672 AB 1.2628981680479132 1.2563025795055094
62369.2747 lsst_hardware_z 387.4629059071888 55.840328097025804 30.950000762939453 AB 1.1958863884698963 1.1846323808521684
62371.2684 lsst_hardware_r 136.4192157679332 88.59658224799952 31.6200008392334 AB 2.2831799045433323 1.187970292438971
62371.2864 lsst_hardware_z 364.56289180257573 63.70902865926004 30.969999313354492 AB 2.167911525609888 1.1248243820182748
62376.2468 lsst_hardware_i 264.703447992852 59.6531725985607 31.280000686645508 AB 4.849854143452474 1.2216770166973778
62376.2665 lsst_hardware_z 268.31453334684295 57.809267559672655 30.959999084472656 AB 4.153861989277151 1.1448402359055079
62378.225 lsst_hardware_z 263.94481416546637 54.290867171155156 30.93000030517578 AB 3.652474237225262 1.3044550847233078
62378.244 lsst_hardware_r 185.24561600652152 49.14143038067813 31.579999923706055 AB 3.3670177942340125 1.2099605764923682
62380.2609 lsst_hardware_r 124.60135430637447 29.339679422831203 31.530000686645508 AB 1.8166931101835426 1.1276803911753834
62380.2787 lsst_hardware_i 239.71470444105455 36.857219040389275 31.260000228881836 AB 1.7516474661045365 1.0797087319321161
62382.274 lsst_hardware_z 219.08967098438848 43.86276419549513 30.950000762939453 AB 1.3693664849490408 1.0779583980177865
62382.2927 lsst_hardware_u -1.8687453212196758 2.6449846425043915 28.40999984741211 AB 1.6400408528684565 1.0417918709661467
62387.2712 lsst_hardware_i 158.5580816184777 32.38696349637453 31.239999771118164 AB 2.9759942452263206 1.05541067301226
62387.2916 lsst_hardware_z 243.63513070644373 42.4099719285134 30.940000534057617 AB 2.876625790579404 1.0243785829115333
62390.2654 lsst_hardware_g 20.617617879427986 13.66040160732626 31.399999618530273 AB 2.909607436461802 1.0510321865605547
62390.284 lsst_hardware_r 58.27155743555005 23.147706669965583 31.5 AB 2.8289566146277574 1.0236861279637262
62393.2651 lsst_hardware_i 148.677815246608 31.942320835757425 31.25 AB 2.100930209243725 1.0380089966619195
62393.2841 lsst_hardware_r 13.269764496784346 22.96671674121989 31.5 AB 2.1039998259549346 1.0151173171220333
62395.2698 lsst_hardware_z 134.9796428125642 43.69371012357838 30.959999084472656 AB 4.1143929071091305 1.024330184342522
62395.2884 lsst_hardware_g -5.815907928787977 13.822114309991491 31.420000076293945 AB 4.044671462063978 1.007724805762971
62399.2287 lsst_hardware_r 80.59552161710148 72.76058715697974 31.639999389648438 AB 6.2793116171684655 1.0754394343336509
62399.244 lsst_hardware_i 68.84429691036128 59.65927829974284 31.31999969482422 AB 6.1001896680793175 1.045537692703665
62401.2517 lsst_hardware_i 160.61204301890226 75.27664634594423 31.34000015258789 AB 1.6946000989029122 1.0264082973367123
62401.2685 lsst_hardware_z 202.84887390684355 66.0194782455247 30.989999771118164 AB 1.588825189218743 1.0100605144433377
62411.2133 lsst_hardware_z 66.72710929923235 41.91948245343255 30.950000762939453 AB 3.5321202573093284 1.0421539447692936
62411.2351 lsst_hardware_i 72.21630661672897 31.11506564340697 31.25 AB 3.3941222450687447 1.0149887096497443
62413.1453 lsst_hardware_u 2.4186966509556385 2.582926753158441 28.280000686645508 AB 2.234666492589382 1.223860066225758
62413.1644 lsst_hardware_g -5.780473833459003 13.67942658013001 31.3700008392334 AB 2.073830236872232 1.148512222746298
62414.2091 lsst_hardware_r 43.41005787089458 22.887029823832957 31.489999771118164 AB 7.00953548634383 1.0360195324069408
62414.2308 lsst_hardware_i 54.56999582385248 30.997369524113147 31.25 AB 6.859849578199019 1.0117150487110633
62416.1866 lsst_hardware_i 69.31626795761827 31.65952900994896 31.25 AB 4.862422541966585 1.0661258999379801
62416.2054 lsst_hardware_z 118.829490266391 41.785110441694385 30.950000762939453 AB 4.667041690888699 1.0334840430093601
62418.1122 lsst_hardware_z 57.94345536309889 45.478683015243064 30.920000076293945 AB 7.8603336352393764 1.3254455008553836
62418.1323 lsst_hardware_r 65.15802432410257 23.75827834559222 31.469999313354492 AB 4.2986889805599535 1.2209294145969098
62420.1128 lsst_hardware_z 117.36852977877452 45.27543144812946 30.920000076293945 AB 5.42079402042648 1.2906652429586856
62420.1331 lsst_hardware_r 48.07572356166615 23.546323732521305 31.459999084472656 AB 5.256942935391221 1.1941265091370987
62425.1135 lsst_hardware_r 67.5021807562979 42.90596243918567 31.56999969482422 AB 9.448144504686725 1.219535044921336
62425.1341 lsst_hardware_y 43.2479447211509 49.82472687034482 30.010000228881836 AB 8.969094195690385 1.1402598829143407
62429.1102 lsst_hardware_i 42.203297042500154 71.10091757259511 31.309999465942383 AB 3.8313486670181574 1.1873707808222382
62429.1295 lsst_hardware_z 127.09861084448397 63.52903091295612 30.979999542236328 AB 3.706449619104482 1.120450308072557
62437.1138 lsst_hardware_z -80.70829867755576 41.91999816894531 30.940000534057617 AB 4.145760618325027 1.1029870392847712
62437.133 lsst_hardware_r 8.442041842946546 22.360000610351562 31.489999771118164 AB 3.128341831583276 1.0586306640816476
62438.1131 lsst_hardware_u -1.7086968374339233 2.559999942779541 28.329999923706055 AB 3.1840883257446086 1.0975830147344394
62438.1312 lsst_hardware_g 2.9517819283331743 13.4399995803833 31.399999618530273 AB 3.0216952893386466 1.0568447529018874
62440.1112 lsst_hardware_r 17.30071468766327 22.200000762939453 31.479999542236328 AB 5.426868637869051 1.0885304659249926
62440.1299 lsst_hardware_i 1.6503375821116655 29.979999542236328 31.25 AB 3.923640447563295 1.0492419969416487
62442.1183 lsst_hardware_z 36.131971093938425 41.29999923706055 30.940000534057617 AB 6.004340267943814 1.060681336895325
62442.1406 lsst_hardware_r -8.840525001679746 21.959999084472656 31.479999542236328 AB 3.9989891689325887 1.0253818381878432
62451.1426 lsst_hardware_r 28.737416453205405 22.690000534057617 31.5 AB 2.7178480872618658 1.0041310667223642
62451.1632 lsst_hardware_i -14.639851981075822 29.799999237060547 31.25 AB 2.7921422096363364 1.0019649077636403
62456.0756 lsst_hardware_z -52.659313209630895 51.08000183105469 30.969999313354492 AB 6.36642090120961 1.0698967987916326
62456.0894 lsst_hardware_r -136.11279479768194 56.7400016784668 31.639999389648438 AB 6.048333675708942 1.0438359907453547
62458.0332 lsst_hardware_y 48.165402279288045 78.94999694824219 30.760000228881836 AB 8.941626143847248 1.1788046419204332
62460.0266 lsst_hardware_z 1.1283806607717903 71.36000061035156 30.979999542236328 AB 8.865840311345385 1.1832426956441113
62460.0428 lsst_hardware_r 125.89216215509127 95.19000244140625 31.639999389648438 AB 7.339152472146055 1.1266881121926446
62461.0292 lsst_hardware_y 134.13186764871463 58.380001068115234 30.010000228881836 AB 5.264774650336357 1.1631005523774922
62461.047 lsst_hardware_z 5.190713864825319 65.52999877929688 30.969999313354492 AB 4.2635549367384264 1.1064588936172386
62466.0294 lsst_hardware_y 42.61629077242173 53.11000061035156 30.030000686645508 AB 5.443248717167987 1.1177102088639206
62466.0463 lsst_hardware_r -33.339044113911314 22.079999923706055 31.489999771118164 AB 4.683744127721253 1.0742532403030396
62468.0292 lsst_hardware_y 38.452561824563816 54.95000076293945 30.040000915527344 AB 4.881852585531572 1.102869668029349
62468.0455 lsst_hardware_g -14.151122216021847 13.229999542236328 31.389999389648438 AB 4.123512764904032 1.064315434458582
62473.0316 lsst_hardware_z -54.701408883555544 49.33000183105469 30.959999084472656 AB 7.150606928764748 1.0648221835875176
62473.0485 lsst_hardware_i 10.201716447465651 29.8799991607666 31.25 AB 6.865743143896933 1.0353020897090313
62697.3707 lsst_hardware_i -93.81814031396856 64.23999786376953 31.290000915527344 AB 4.455556962170429 1.2081228205449237
62697.3898 lsst_hardware_z -8.426905917242347 58.31999969482422 30.969999313354492 AB 5.3859866216359205 1.1366437947949606
62707.3581 lsst_hardware_r -10.512554654914034 23.360000610351562 31.459999084472656 AB 6.360561627902172 1.1513544346284836
62707.3775 lsst_hardware_z 71.1401038217274 41.959999084472656 30.940000534057617 AB 6.676348172821009 1.093407823914348
62709.3832 lsst_hardware_u 0.5261080385594049 2.4700000286102295 28.270000457763672 AB 3.1270562863912454 1.0674975943529514
62709.4064 lsst_hardware_g -0.48636682677528004 13.149999618530273 31.3799991607666 AB 3.0379844612601965 1.0284307587204458
62711.3084 lsst_hardware_z -28.25971007571924 89.70999908447266 32.41999816894531 AB 4.927849663006701 1.3318512602720813
62711.34 lsst_hardware_u 11.79293141505662 5.019999980926514 29.760000228881836 AB 4.946871706039151 1.1775462285263392
62716.3768 lsst_hardware_z 16.353827240089366 40.790000915527344 30.940000534057617 AB 2.858183599450498 1.0437675956605592
62716.3966 lsst_hardware_r 3.963077087496169 21.700000762939453 31.479999542236328 AB 2.82208040892189 1.0178217392120306
62723.3691 lsst_hardware_g -2.0056474458527815 13.140000343322754 31.399999618530273 AB 5.246720841443132 1.0272581187358065
62723.3891 lsst_hardware_r -12.812352916917096 21.719999313354492 31.5 AB 5.24341667416064 1.0083493604155076
62731.2718 lsst_hardware_g -23.90676738455611 57.88999938964844 31.639999389648438 AB 3.6875838603194464 1.2354059667727564
62731.2935 lsst_hardware_r 37.84520298928934 57.779998779296875 31.610000610351562 AB 3.830946013665245 1.14819302072988
62735.2597 lsst_hardware_i -53.85204909196547 31.3799991607666 31.219999313354492 AB 2.2242593943400464 1.2409853418300425
62735.2782 lsst_hardware_u 3.1046744645932094 2.7799999713897705 28.3700008392334 AB 2.061163410898167 1.1636225503753295
62736.2611 lsst_hardware_u -4.2558886698683915 2.5799999237060547 28.299999237060547 AB 2.3248993387510897 1.2218627453691182
62736.2773 lsst_hardware_g -1.3893316226795034 13.180000305175781 31.350000381469727 AB 2.2221184621784666 1.1570520500799097
62738.2874 lsst_hardware_r -31.3806709367033 22.190000534057617 31.479999542236328 AB 3.605769374051348 1.1079901794688154
62738.3052 lsst_hardware_u -0.7651231706242381 2.6500000953674316 28.43000030517578 AB 2.6260859650373054 1.0650612268638524
62740.2747 lsst_hardware_u -2.147410513260954 2.619999885559082 28.3799991607666 AB 2.936338280826051 1.1293608772407888
62740.2932 lsst_hardware_g 2.7116450542426644 13.130000114440918 31.3799991607666 AB 3.2527650230533562 1.0793380233558312
62742.2629 lsst_hardware_r 7.319054010392144 22.5 31.469999313354492 AB 6.9767594077576005 1.1501416761881966
62742.2793 lsst_hardware_i 39.47330900406522 30.59000015258789 31.239999771118164 AB 6.66676341271414 1.1003075445971513
62751.267 lsst_hardware_r -77.16284256326546 40.33000183105469 31.600000381469727 AB 2.132980690355361 1.0707734389334143
62751.2856 lsst_hardware_y 88.94588113190741 47.65999984741211 30.049999237060547 AB 2.0687258562306137 1.0369553164063228
62753.263 lsst_hardware_z -72.35703604333274 51.47999954223633 30.969999313354492 AB 4.590935775660152 1.0676594827116632
62753.2808 lsst_hardware_r 70.39703866627558 60.630001068115234 31.649999618530273 AB 4.454706375521541 1.0359782268654747
62755.2688 lsst_hardware_i 19.90431028570734 71.45999908447266 31.329999923706055 AB 2.9108406216300415 1.0463122291984333
62755.2879 lsst_hardware_z -117.33906626812822 63.369998931884766 30.989999771118164 AB 2.822645274580267 1.0201103269173355
62758.2639 lsst_hardware_z 58.83498446761261 86.27999877929688 31.739999771118164 AB 2.0749201517897955 1.0409298420350144
62760.2703 lsst_hardware_z -14.63891145652394 51.41999816894531 30.979999542236328 AB 4.094451913571808 1.024552151198217
62762.2425 lsst_hardware_r 22.23716614616713 39.77000045776367 31.610000610351562 AB 1.4828134724580884 1.0594047195461456
62762.2597 lsst_hardware_y -77.53540339653051 47.93000030517578 30.049999237060547 AB 1.6576332773121474 1.031080205668066
62771.2084 lsst_hardware_i -18.047138573450844 30.459999084472656 31.239999771118164 AB 3.6548624990146332 1.0797230425450755
62771.2289 lsst_hardware_u -2.4730511008901055 2.5799999237060547 28.3700008392334 AB 3.5476301311870153 1.0401573879555361
62772.2059 lsst_hardware_g 8.208523493925656 13.359999656677246 31.3799991607666 AB 4.846015257356393 1.0791905555958694
62772.2259 lsst_hardware_r -70.42171718738405 22.06999969482422 31.479999542236328 AB 3.8419087390409694 1.0405801798552121
62774.2106 lsst_hardware_i -35.50442934960666 30.209999084472656 31.25 AB 3.899080793407774 1.0577363969906515
62774.2316 lsst_hardware_r -2.977595997762098 22.100000381469727 31.489999771118164 AB 3.928785323469553 1.0251233720729427
62776.2108 lsst_hardware_u 1.0804077695485752 2.6500000953674316 28.420000076293945 AB 3.5479718272426886 1.047449059633143
62783.1153 lsst_hardware_z -43.135607354928936 63.47999954223633 30.950000762939453 AB 7.129519221986177 1.3112563324004276
62783.1359 lsst_hardware_i 58.81920677919876 66.29000091552734 31.299999237060547 AB 4.255481378719168 1.2081713049099774
62785.1652 lsst_hardware_z 25.105392649668566 100.83000183105469 31.739999771118164 AB 4.87253945401347 1.0917632655194869
62787.1073 lsst_hardware_y 53.25717158724531 57.04999923706055 29.969999313354492 AB 6.786385801315557 1.2946999938917312
62787.128 lsst_hardware_g -32.528758050942045 95.55999755859375 31.68000030517578 AB 6.970151184750021 1.1954808006430762
62789.109 lsst_hardware_r 32.7523420677128 46.959999084472656 31.56999969482422 AB 7.793179249333843 1.2569643950538456
62789.1291 lsst_hardware_i -5.444521294203897 50.06999969482422 31.290000915527344 AB 7.183436083855995 1.1697819650734793
62791.1181 lsst_hardware_z -18.807063281116843 43.25 30.940000534057617 AB 8.19218482052393 1.1913161556282272
62791.1407 lsst_hardware_r 12.762019788039622 22.65999984741211 31.489999771118164 AB 7.127401859860503 1.1136565406032035
62793.1165 lsst_hardware_u -1.8956864339537185 2.6500000953674316 28.3700008392334 AB 4.960791770400605 1.1761237033450018
62793.1373 lsst_hardware_r -6.512155332894322 22.610000610351562 31.489999771118164 AB 4.132927160179094 1.10782536459411
62796.115 lsst_hardware_r -14.854020859505246 22.790000915527344 31.479999542236328 AB 5.065453198632456 1.1517628919127911
62796.1326 lsst_hardware_u -1.443465129119735 2.7100000381469727 28.450000762939453 AB 4.110123566235408 1.0983761534569076
62799.11 lsst_hardware_g 27.479309515393982 13.609999656677246 31.389999389648438 AB 5.135917556182805 1.140976945242033
62799.129 lsst_hardware_r -2.964798483014862 22.459999084472656 31.489999771118164 AB 4.7622043023923455 1.0867443496949347
62801.1121 lsst_hardware_i -26.473876093516953 30.670000076293945 31.239999771118164 AB 4.722053880398233 1.1174254893469056
62801.1303 lsst_hardware_z 63.07586586375506 41.22999954223633 30.950000762939453 AB 3.7857441454544665 1.0711843844719076
62807.1193 lsst_hardware_r -18.09720137363027 28.540000915527344 31.549999237060547 AB 5.875430992587277 1.060068740205192
62807.1373 lsst_hardware_i -31.953846254635664 32.849998474121094 31.270000457763672 AB 4.018797027197233 1.0304607762044187
62813.1447 lsst_hardware_z -24.30423869509624 88.20999908447266 31.75 AB 5.947301237730179 1.0075333152548513
62819.0268 lsst_hardware_y -11.624802712107186 50.470001220703125 29.969999313354492 AB 7.705142660708415 1.2584105060020547
62819.0469 lsst_hardware_r -12.62698845096808 22.549999237060547 31.469999313354492 AB 4.541383589609223 1.1708620461350696
62825.0272 lsst_hardware_y -61.34575997851014 50.939998626708984 30.0 AB 8.874043590461588 1.1836003455100483
62825.0444 lsst_hardware_u -1.3196335628009699 2.5999999046325684 28.34000015258789 AB 7.482965844310686 1.1239059543873064
62831.0286 lsst_hardware_y -35.260419029327004 53.540000915527344 30.040000915527344 AB 5.488963821683358 1.1221432733686314
62831.0447 lsst_hardware_i 21.76587862721448 30.209999084472656 31.25 AB 4.737323625659724 1.0794448486236647
62835.031 lsst_hardware_y -50.194350084790734 53.27000045776367 30.040000915527344 AB 6.068532997487238 1.0860261277454815
62835.0474 lsst_hardware_g 12.050633257518497 17.040000915527344 31.510000228881836 AB 5.224677943588721 1.0515075106593652
62838.0396 lsst_hardware_z -114.09748991390828 70.29000091552734 31.719999313354492 AB 7.054448355937016 1.0508062483954086
62842.0351 lsst_hardware_y 109.0738814469609 58.650001525878906 30.059999465942383 AB 5.58449394605764 1.0400721280216614
62842.0579 lsst_hardware_z -21.768086080973465 56.93000030517578 30.989999771118164 AB 4.6045242585367925 1.0129852070258165
