data/validation/pwv_sim_epoch_fit_4/63212668.ecsv
# %ECSV 0.9
# ---
# datatype:
# - {name: time, datatype: float64}
# - {name: band, datatype: string}
# - {name: flux, datatype: float64}
# - {name: fluxerr, datatype: float64}
# - {name: zp, datatype: float64}
# - {name: zpsys, datatype: string}
# - {name: pwv, datatype: float64}
# - {name: airmass, datatype: float64}
# meta: {SNID: '63212668', alt: 1024.0, c: -0.029295695945620537, dec: -61.943836, lat: -30.244573, lon: -70.7499537, ra: 137.072372,
#   t0: 61461.3828125, x0: 4.4446844447197585e-06, x1: 1.1865969896316528, z: 0.6435024738311768}
# schema: astropy-2.0
time band flux fluxerr zp zpsys pwv airmass
61384.3351 lsst_hardware_g -0.7601911031853477 13.699999809265137 31.360000610351562 AB 10.710651462723412 1.1825391722423904
61384.3476 lsst_hardware_y 131.75266672764874 55.72999954223633 30.010000228881836 AB 10.66847872449589 1.177882974145726
61386.3353 lsst_hardware_i -22.276737155802397 31.700000762939453 31.229999542236328 AB 13.751493753807122 1.179997461820041
61386.3485 lsst_hardware_y -12.634904612212168 61.0099983215332 30.010000228881836 AB 13.680986745159633 1.1768590748524625
61391.3369 lsst_hardware_r -23.04873470808838 22.959999084472656 31.469999313354492 AB 8.568127885868853 1.1767251262408487
61391.3496 lsst_hardware_y -3.6868356426681403 58.38999938964844 30.010000228881836 AB 8.538186917922232 1.1779517477013215
61393.3331 lsst_hardware_z -7.793356903102999 43.439998626708984 30.940000534057617 AB 5.763003789759198 1.1766835478988358
61393.3458 lsst_hardware_y 43.077076405362305 52.86000061035156 30.010000228881836 AB 6.139163324294232 1.1783799848289087
61395.3325 lsst_hardware_u 0.2894448475621054 2.7699999809265137 28.43000030517578 AB 6.959465306469164 1.1769107057163184
61395.3456 lsst_hardware_y 130.96653640368103 53.0 30.010000228881836 AB 7.498023215569408 1.1801405863805265
61404.317 lsst_hardware_g -9.399380113949947 32.52000045776367 31.610000610351562 AB 11.016589284044679 1.1787491209121206
61404.3295 lsst_hardware_r -15.864923405567538 35.529998779296875 31.559999465942383 AB 11.068411499674639 1.1842939759977145
61406.3203 lsst_hardware_i 18.724170492692398 32.709999084472656 31.239999771118164 AB 8.406704854761044 1.1822670389845455
61406.3317 lsst_hardware_r -11.498548480328799 26.15999984741211 31.5 AB 8.457705584102206 1.1894520122946486
61408.3182 lsst_hardware_u -3.2291682881094665 2.630000114440918 28.290000915527344 AB 5.506359948897583 1.1840785496876747
61408.3318 lsst_hardware_g 6.2267636837958165 14.069999694824219 31.360000610351562 AB 5.580086971134728 1.194048461164016
61410.299 lsst_hardware_g -3.537322266005362 12.84000015258789 31.34000015258789 AB 11.92798998088882 1.1782961364757583
61410.3113 lsst_hardware_r -14.728375833334923 22.040000915527344 31.450000762939453 AB 11.910056733434933 1.1832749437112453
61412.2984 lsst_hardware_i 19.691848866606467 31.170000076293945 31.229999542236328 AB 9.727054344506 1.1798592163636472
61412.3114 lsst_hardware_z 18.691682158970124 43.20000076293945 30.940000534057617 AB 9.740846429193867 1.1866539140575652
61414.2717 lsst_hardware_i -27.487402962338887 30.950000762939453 31.229999542236328 AB 9.356175268173333 1.1769267392561533
61414.2843 lsst_hardware_u -0.04810391773052647 2.609999895095825 28.3700008392334 AB 9.337404235104394 1.1774537191447503
61416.2692 lsst_hardware_g -0.21678743639585613 12.84000015258789 31.34000015258789 AB 7.23809930515039 1.1767353771988942
61416.2813 lsst_hardware_r 3.063737449304327 22.030000686645508 31.459999084472656 AB 7.206831990438656 1.1779718846745106
61419.2665 lsst_hardware_i 25.25867686608391 30.950000762939453 31.229999542236328 AB 8.385874077331925 1.176895958458372
61419.2797 lsst_hardware_r -13.105008161193478 22.190000534057617 31.459999084472656 AB 8.28908086115162 1.180024323603334
61421.2651 lsst_hardware_u 0.6085367447850798 2.5799999237060547 28.34000015258789 AB 5.449222330205591 1.177446484486947
61421.277 lsst_hardware_g -18.37971462183408 12.949999809265137 31.350000381469727 AB 5.532624078468453 1.1811750808002675
61423.2726 lsst_hardware_r 48.00946920302224 22.389999389648438 31.469999313354492 AB 8.714384511194671 1.1816648677266366
61423.2852 lsst_hardware_i 3.7904819311737405 31.280000686645508 31.229999542236328 AB 8.725103569239915 1.1894084022229217
61427.2471 lsst_hardware_i 71.71765169418829 63.56999969482422 31.299999237060547 AB 11.183336250977007 1.1771932895765271
61427.2599 lsst_hardware_z 36.80981817802725 59.06999969482422 30.959999084472656 AB 11.560214984189315 1.1808689492255524
61431.2445 lsst_hardware_i 12.845022981701172 49.10292331291579 31.290000915527344 AB 16.586208401404598 1.179170226176923
61431.2578 lsst_hardware_r -39.470794538284125 56.097146996092945 31.610000610351562 AB 15.021489717252258 1.1855560959388804
61433.2055 lsst_hardware_z 96.52193087802108 66.43402015748595 31.690000534057617 AB 12.548379878492783 1.1806535874385558
61435.2373 lsst_hardware_r 115.1401807175536 29.035389006962085 31.530000686645508 AB 14.50278141955479 1.180559620629087
61435.25 lsst_hardware_i 65.52384569010366 34.79502212055327 31.25 AB 14.845546625775096 1.1876437300620077
61437.2031 lsst_hardware_i 160.94573149722092 33.65082939133301 31.229999542236328 AB 13.467575988747084 1.1779049275153788
61437.2135 lsst_hardware_z 41.05205181388528 44.43473237687076 30.940000534057617 AB 14.757314672938216 1.1767411527361193
61439.2407 lsst_hardware_u 0.500289938574843 2.8604660643178645 28.389999389648438 AB 10.733459139510021 1.188819959334345
61439.253 lsst_hardware_g 83.99328046395286 15.287793475815727 31.350000381469727 AB 10.931844831331425 1.1996976384685045
61444.238 lsst_hardware_r 737.1406886955486 35.30703170924678 31.459999084472656 AB 8.587587209548527 1.1983376535215216
61444.2506 lsst_hardware_u -7.355271719404984 3.6803952284859633 28.34000015258789 AB 9.155050886759684 1.21283048112336
61446.2374 lsst_hardware_g 179.24019566743027 19.23001439727849 31.350000381469727 AB 5.202414120678126 1.2034732129416883
61446.2505 lsst_hardware_r 937.8917074933876 37.70494257167099 31.459999084472656 AB 4.2212490251236146 1.220190497217433
61449.1954 lsst_hardware_r 1241.5057363954552 40.8436242549384 31.450000762939453 AB 4.774032785989555 1.1792102719500064
61449.2058 lsst_hardware_i 1047.5537431793593 43.93276273917462 31.219999313354492 AB 4.7494009800415675 1.1838726191915168
61451.1932 lsst_hardware_z 752.3598693058403 50.954904031693054 30.940000534057617 AB 4.539079422101646 1.1804124710735746
61451.2062 lsst_hardware_r 1331.107666097171 42.75681523151109 31.459999084472656 AB 4.534599592457566 1.1875861001634669
61453.1681 lsst_hardware_i 1257.578966277106 56.150957718495924 31.270000457763672 AB 4.997626420691746 1.1767889221047239
61453.1803 lsst_hardware_z 919.6075685405376 56.602201514089124 30.950000762939453 AB 5.0103508023898815 1.1780283245558003
61455.1697 lsst_hardware_z 875.0056113987685 62.68174718290274 30.959999084472656 AB 3.854429364001686 1.1771047072840697
61455.183 lsst_hardware_r 1664.4759419415634 81.28757263932714 31.610000610351562 AB 3.828176627331522 1.1807160543855415
61457.1666 lsst_hardware_i 1486.5269803525866 78.17736572215613 31.309999465942383 AB 5.93537652974531 1.1774593876168575
61457.1791 lsst_hardware_r 1713.0805326639188 98.05774092244705 31.6299991607666 AB 7.266807248750436 1.1814025766136298
61459.176 lsst_hardware_z 1915.4719860461475 91.2177715636519 31.709999084472656 AB 13.001680755034291 1.1825443325582972
61463.1639 lsst_hardware_z 882.4119662074727 54.82363273264114 30.940000534057617 AB 9.124771332611967 1.1819651985248663
61463.1771 lsst_hardware_r 1576.8951530117783 53.47977469689973 31.559999465942383 AB 7.9314309634624305 1.1903246859208851
61467.1596 lsst_hardware_r 1287.9802757422483 41.87538403677171 31.459999084472656 AB 5.836140824762403 1.1856652597414603
61467.1715 lsst_hardware_z 868.8187088237191 52.46944658236439 30.93000030517578 AB 6.5062050527294915 1.194840466962856
61469.1701 lsst_hardware_r 1173.7943126363868 40.58760892224671 31.450000762939453 AB 14.052356026404427 1.1987337374662557
61469.1816 lsst_hardware_u 4.649118283413328 2.592400106641546 28.25 AB 14.26415296153368 1.2119076432908817
61471.1595 lsst_hardware_g 155.47539048621456 17.955895614910833 31.329999923706055 AB 10.287249668237148 1.1938781046310216
61471.172 lsst_hardware_r 1111.55664087194 39.639517684324524 31.450000762939453 AB 11.37204724124263 1.2067966651477886
61473.1438 lsst_hardware_r 988.8005555231657 38.51341047924413 31.440000534057617 AB 11.34333708084914 1.1860452823974426
61473.1564 lsst_hardware_i 1163.0804748046114 44.752205666910186 31.219999313354492 AB 11.352759214667858 1.1960344726788594
61475.1427 lsst_hardware_z 958.9244588387957 51.375242763005744 30.93000030517578 AB 8.999805261308262 1.1890872801869456
61475.1548 lsst_hardware_r 963.0877434350186 37.73622308369049 31.459999084472656 AB 9.205207360670425 1.1998445464898562
61478.1472 lsst_hardware_z 696.7148644686326 51.00777602925963 30.93000030517578 AB 13.343550168689578 1.2004633391132102
61478.158 lsst_hardware_g 105.37928409242156 15.876137992005354 31.329999923706055 AB 13.497486184834129 1.2131844849597744
61480.1371 lsst_hardware_r 720.7188473620317 39.73568051616455 31.520000457763672 AB 10.249590242656863 1.1958685747387325
61480.149 lsst_hardware_z 706.7295994902411 52.012205437725626 30.940000534057617 AB 10.30319102213098 1.208703609987015
61486.1146 lsst_hardware_z 618.1976771655216 68.81234901297508 30.969999313354492 AB 6.2517909295857965 1.1905905407704813
61486.1274 lsst_hardware_r 517.8176586577548 94.31947348851538 31.610000610351562 AB 6.000384895039755 1.2026627038211664
61488.1249 lsst_hardware_i 717.1870623019173 69.25078691843436 31.309999465942383 AB 6.619319505778998 1.2060160343341118
61488.1366 lsst_hardware_z 722.811722542183 65.21215332728967 30.969999313354492 AB 6.595442209264232 1.2213781869007836
61493.0513 lsst_hardware_i 499.17844743616183 37.38881835656141 31.239999771118164 AB 7.939469071320182 1.1777297870826828
61493.0647 lsst_hardware_u 0.20100357463858956 2.877229114481846 28.479999542236328 AB 7.8977409166660095 1.177010568802684
61495.0464 lsst_hardware_g 16.238961125410327 13.390058574714491 31.360000610351562 AB 5.619607277855369 1.1776209718892159
61495.058 lsst_hardware_r 342.1909553320935 27.40573251827413 31.469999313354492 AB 5.641621329687085 1.1769110782859904
61498.0477 lsst_hardware_i 375.27530594131724 35.862405803669624 31.229999542236328 AB 7.155355893390509 1.1768193566696286
61498.0601 lsst_hardware_r 221.510776522542 26.41388537476181 31.450000762939453 AB 7.270793017603386 1.1787926422832096
61500.04 lsst_hardware_u -3.534552301093765 2.4703784477648956 28.200000762939453 AB 9.058054332660516 1.1768291974354315
61500.0528 lsst_hardware_g 31.446764632539665 13.442943158838354 31.31999969482422 AB 9.22076379278512 1.1782845316474924
61502.0479 lsst_hardware_r 133.5936392767475 25.60378093560412 31.459999084472656 AB 12.764003408230291 1.1784332561300817
61502.0593 lsst_hardware_i 334.91523328176663 35.02750899701062 31.229999542236328 AB 12.82288712297135 1.182959542695472
61504.0401 lsst_hardware_z 306.4621184319231 46.13893125177662 30.93000030517578 AB 9.495962103702984 1.1778667952993036
61504.0531 lsst_hardware_r 137.97707322648958 25.035299251995678 31.450000762939453 AB 9.048897004253277 1.1825789467779049
61506.0385 lsst_hardware_u -2.1546324688794485 2.886653542969212 28.3700008392334 AB 2.115682250472402 1.1788719820611453
61506.0495 lsst_hardware_g -8.400259949887527 13.154850637247252 31.350000381469727 AB 3.8031966230682825 1.1835674138179302
61510.0316 lsst_hardware_r 128.73861317139043 39.35763633206925 31.56999969482422 AB 13.428585816758398 1.1802756156236782
61510.0437 lsst_hardware_z 336.9196369817711 48.819891724745666 30.950000762939453 AB 12.934964274009234 1.1866939700925903
61512.0293 lsst_hardware_r 169.1201426046018 56.20367813773445 31.600000381469727 AB 15.70212927999631 1.1816329367495437
61512.0402 lsst_hardware_y 91.26606318933892 52.26488090041548 30.0 AB 15.74819993131046 1.1880502381132707
61514.015 lsst_hardware_z 483.45559017047765 86.15675351056036 31.719999313354492 AB 10.838972700999005 1.178405381713308
61517.0092 lsst_hardware_r 110.51298523025326 81.165109706532 31.6200008392334 AB 11.052756403268136 1.1791074163826398
61517.0201 lsst_hardware_i 202.1135363905847 66.92911427718253 31.309999465942383 AB 11.052379433990179 1.1839298115393322
61519.0055 lsst_hardware_z 239.5370698664918 50.19694666434809 30.950000762939453 AB 10.39812925490674 1.1797064485097937
61519.019 lsst_hardware_r 92.90773092669386 43.71387822351383 31.579999923706055 AB 10.483159855458606 1.1866160909455663
61521.0026 lsst_hardware_u -1.377844628917587 2.6984780137155235 28.31999969482422 AB 13.696135921964911 1.180701372583182
61521.0146 lsst_hardware_g -19.564478388712832 12.869123763520438 31.329999923706055 AB 13.773105762195929 1.1873367036375801
61523.0032 lsst_hardware_r 102.340119712738 23.6464569082325 31.450000762939453 AB 1.7754663475908012 1.183644231727201
61523.0145 lsst_hardware_z 261.6955945567354 44.60983132789724 30.93000030517578 AB 1.7870544189029491 1.1913696126019662
61748.3356 lsst_hardware_r 26.677924684716267 22.709999084472656 31.459999084472656 AB 8.706735949428808 1.1841871403507056
61748.3488 lsst_hardware_y -31.39804940530362 59.310001373291016 30.010000228881836 AB 8.698971840584791 1.178509552102314
61752.3433 lsst_hardware_g -31.239597873606233 64.81999969482422 31.68000030517578 AB 12.338763353331295 1.1773161073427496
61752.3554 lsst_hardware_y 57.34609434174784 75.97000122070312 30.030000686645508 AB 12.259471234538037 1.177003398787613
61756.3402 lsst_hardware_i 55.39352611693586 48.0099983215332 31.280000686645508 AB 8.54670553977856 1.176745909373272
61756.3524 lsst_hardware_y 28.39599161057835 67.91999816894531 30.020000457763672 AB 8.552876958578034 1.1785692377811816
61758.3315 lsst_hardware_z -41.38900596077874 46.88999938964844 30.940000534057617 AB 5.7299398181832535 1.1768206650612556
61758.3439 lsst_hardware_y 65.23370276349335 53.689998626708984 30.0 AB 6.188193694533489 1.1778061847227805
61760.3398 lsst_hardware_i 92.7473730420527 34.58000183105469 31.25 AB 7.512902359493104 1.1781248799580324
61760.3518 lsst_hardware_y -145.7961173324978 64.7699966430664 30.020000457763672 AB 7.578262709677027 1.1827175512566566
61764.3369 lsst_hardware_u 4.845743571314029 2.9200000762939453 28.420000076293945 AB 7.573907258907677 1.1808399218752796
61764.3485 lsst_hardware_z -17.884731083071006 49.13999938964844 30.950000762939453 AB 7.643451765960344 1.1873323131589455
61766.3193 lsst_hardware_g 8.189270564289085 12.989999771118164 31.350000381469727 AB 7.045259288902512 1.1773002947575109
61766.3307 lsst_hardware_r 44.3596053250939 22.219999313354492 31.459999084472656 AB 7.0670585136199 1.1805320753304582
61770.3128 lsst_hardware_i 18.716389618415935 31.149999618530273 31.219999313354492 AB 6.045705702839854 1.178213048056369
61770.326 lsst_hardware_u -4.73977831460958 2.5199999809265137 28.270000457763672 AB 5.987690989149079 1.1835330566593467
61772.3198 lsst_hardware_g -5.895871534454385 13.0 31.329999923706055 AB 6.10299451591774 1.1831330240874456
61772.333 lsst_hardware_r 18.35602726942877 22.3700008392334 31.450000762939453 AB 6.184124220931263 1.1921969387779965
61774.3166 lsst_hardware_i 54.54699393766975 30.950000762939453 31.219999313354492 AB 3.8698409308805544 1.1844034679291637
61774.329 lsst_hardware_r -16.248462725526547 22.280000686645508 31.459999084472656 AB 3.852854285835675 1.193449959474138
61776.3179 lsst_hardware_u 2.902723183946857 2.5 28.260000228881836 AB 8.641298487402763 1.1888968338550008
61776.3299 lsst_hardware_g 9.069730083248713 12.949999809265137 31.329999923706055 AB 8.637309113865006 1.1994874362502035
61778.3018 lsst_hardware_g -2.3712999141703843 13.010000228881836 31.34000015258789 AB 10.358949993545108 1.1823035944696703
61778.313 lsst_hardware_r 18.44168112360933 22.309999465942383 31.450000762939453 AB 10.379187773166606 1.1893190985638373
61780.2764 lsst_hardware_i 115.7419600246778 50.880001068115234 31.280000686645508 AB 7.8612377458690625 1.1768319978845903
61780.2886 lsst_hardware_z -89.4609619856355 51.720001220703125 30.950000762939453 AB 7.789586533901977 1.1791237894269786
61782.2639 lsst_hardware_i -46.52604614856735 63.66999816894531 31.309999465942383 AB 6.920884543090114 1.1770211807976385
61782.2759 lsst_hardware_z 6.427245077246105 59.02000045776367 30.969999313354492 AB 6.904957898766291 1.1773661108770692
