data/validation/pwv_sim_epoch_fit_4/63337204.ecsv
# %ECSV 0.9
# ---
# datatype:
# - {name: time, datatype: float64}
# - {name: band, datatype: string}
# - {name: flux, datatype: float64}
# - {name: fluxerr, datatype: float64}
# - {name: zp, datatype: float64}
# - {name: zpsys, datatype: string}
# - {name: pwv, datatype: float64}
# - {name: airmass, datatype: float64}
# meta: {SNID: '63337204', alt: 1024.0, c: -0.04565073549747467, dec: -21.061817, lat: -30.244573, lon: -70.7499537, ra: 33.222656, t0: 62471.015625,
#   x0: 5.0014158581728115e-06, x1: 0.3001389801502228, z: 0.6131569743156433}
# schema: astropy-2.0
time band flux fluxerr zp zpsys pwv airmass
62346.4207 lsst_hardware_r -40.685112356517436 65.8499984741211 31.65999984741211 AB 4.649508458237887 1.0172495168256754
62346.4391 lsst_hardware_y -73.69815960031701 72.16000366210938 30.079999923706055 AB 4.647807528437239 1.0135511074588732
62350.4082 lsst_hardware_z 95.612149588743 44.099998474121094 30.959999084472656 AB 1.9045090846494896 1.0180911001333695
62350.4272 lsst_hardware_y 6.857911706382493 49.849998474121094 30.059999465942383 AB 1.221227753603575 1.0134670154388257
62353.3823 lsst_hardware_u 0.7160952645858821 4.210000038146973 29.290000915527344 AB 1.4854686332233615 1.0333694839814689
62353.4054 lsst_hardware_y 64.60881474501846 65.98999786376953 30.809999465942383 AB 1.4720604286634402 1.01556428331386
62355.3871 lsst_hardware_r 11.555084178168594 22.31999969482422 31.5 AB 3.1817142560660083 1.023196330504947
62355.4103 lsst_hardware_z -18.213035615179322 40.540000915527344 30.950000762939453 AB 3.0519796230125142 1.013413638344762
62357.4006 lsst_hardware_z -69.755770097477 40.5099983215332 30.950000762939453 AB 3.8547184767109046 1.0138659854578917
62357.4209 lsst_hardware_y 14.2667714532375 47.56999969482422 30.059999465942383 AB 3.393216139809453 1.0170749014041074
62363.3719 lsst_hardware_g -11.467254440207968 13.75 31.440000534057617 AB 5.693046337509704 1.0185555231708678
62363.3918 lsst_hardware_i -23.082278427449857 30.1299991607666 31.260000228881836 AB 4.995923323353073 1.0134746573390958
62370.3584 lsst_hardware_r 6.683520067732856 68.30999755859375 31.65999984741211 AB 1.9236606297512042 1.015794391948108
62370.3791 lsst_hardware_i 79.97543315913501 52.40999984741211 31.31999969482422 AB 1.258974913648769 1.0146204811138502
62379.299 lsst_hardware_r -10.098494877287017 40.31999969482422 31.610000610351562 AB 6.248339874526473 1.0506267391696116
62379.3184 lsst_hardware_z -33.715817953728866 45.040000915527344 30.959999084472656 AB 6.088265609404577 1.0259536772809668
62381.2777 lsst_hardware_y 31.76263093936523 47.83000183105469 30.030000686645508 AB 3.1466295763168257 1.0815947671450805
62381.2948 lsst_hardware_g -26.591940442996695 16.920000076293945 31.489999771118164 AB 2.721986027384951 1.0485981485911042
62384.2805 lsst_hardware_g 1.5474081021641353 13.579999923706055 31.399999618530273 AB 2.450735814973723 1.0590143960995564
62384.2974 lsst_hardware_r -16.90291978422288 22.229999542236328 31.489999771118164 AB 1.8886299478889703 1.03368571834288
62386.2872 lsst_hardware_i -17.603421981581807 30.25 31.25 AB 1.9886046301593785 1.039702664775083
62386.3062 lsst_hardware_z 2.5497888395104393 40.709999084472656 30.950000762939453 AB 1.8992265669254442 1.0204037968706214
62388.2701 lsst_hardware_r -1.1430794416247692 22.350000381469727 31.479999542236328 AB 4.54969790829094 1.058069280997893
62388.2879 lsst_hardware_u 1.630619741487289 2.5999999046325684 28.3799991607666 AB 4.437777981670525 1.0320413910861685
62391.2675 lsst_hardware_g 15.90219900468855 13.6899995803833 31.40999984741211 AB 3.878406816186316 1.0485959308362425
62391.2848 lsst_hardware_i -24.606264336964756 30.049999237060547 31.25 AB 3.7161117839283175 1.026739302982589
62394.2569 lsst_hardware_z 22.551282060187646 41.16999816894531 30.950000762939453 AB 2.6860518431236313 1.0525281516942129
62394.2748 lsst_hardware_r -18.627460367182035 22.40999984741211 31.489999771118164 AB 2.499986619987489 1.0285189056448802
62400.1568 lsst_hardware_i 55.865763428297925 111.55999755859375 32.02000045776367 AB 6.220274535088161 1.3805958351102028
62400.1827 lsst_hardware_z -26.122286183245553 96.0 31.709999084472656 AB 5.451490222888221 1.2287355874280779
62402.263 lsst_hardware_r 99.47598274135841 112.5199966430664 31.670000076293945 AB 1.7479013384685562 1.0200766492375584
62402.2825 lsst_hardware_z -156.2547588920582 74.04000091552734 31.0 AB 1.7254817633889996 1.013399626109436
62405.2423 lsst_hardware_z -54.8372446005489 57.86000061035156 30.989999771118164 AB 3.1820734722053072 1.031132038951817
62405.2604 lsst_hardware_i -82.79984182088418 60.900001525878906 31.329999923706055 AB 3.219063976646545 1.0168676350362889
62408.2526 lsst_hardware_r 47.39937635151974 39.810001373291016 31.610000610351562 AB 4.6523387584915135 1.0166824209990195
62408.2732 lsst_hardware_z 5.804109016632333 45.08000183105469 30.959999084472656 AB 4.620163778420515 1.014083357862273
62412.2176 lsst_hardware_g -39.75255156934998 13.949999809265137 31.40999984741211 AB 3.3678497881833422 1.037858178176685
62412.2379 lsst_hardware_r -3.888195575585328 22.639999389648438 31.489999771118164 AB 3.311239803046677 1.0186862953535387
62415.2058 lsst_hardware_i 6.652796630031655 30.43000030517578 31.239999771118164 AB 4.925717066275715 1.0428108534511193
62415.2239 lsst_hardware_z 48.881340050708914 40.779998779296875 30.950000762939453 AB 5.030359707240159 1.0227079914421575
62419.2033 lsst_hardware_g -2.1202289189838988 13.890000343322754 31.40999984741211 AB 3.5930736771752283 1.0319981839660781
62419.2205 lsst_hardware_i -2.1531934483505664 30.1299991607666 31.239999771118164 AB 2.659128400771874 1.0177183392634117
62424.1785 lsst_hardware_r -14.348661942604227 33.77000045776367 31.59000015258789 AB 6.920555909489987 1.0468771545214783
62424.1964 lsst_hardware_y 51.86765743186415 47.470001220703125 30.059999465942383 AB 6.639012501414357 1.0251717883592275
62426.1822 lsst_hardware_z 24.263556410389935 47.959999084472656 30.969999313354492 AB 6.811835798737085 1.0343164568498675
62426.1988 lsst_hardware_r -21.926020786372167 49.2400016784668 31.6299991607666 AB 6.679276126909362 1.0192181271987837
62430.1638 lsst_hardware_r 2.461353882282046 109.25 31.65999984741211 AB 2.7584369846207633 1.0443350522289614
62430.1809 lsst_hardware_z -61.24141086236362 73.5199966430664 31.0 AB 2.57362771060416 1.024397390448952
62434.175 lsst_hardware_z -0.43329588145621445 56.97999954223633 30.979999542236328 AB 4.694309561165771 1.0205020785142982
62434.1924 lsst_hardware_r -66.1772695867619 74.88999938964844 31.65999984741211 AB 4.652216913696854 1.0135732849972268
62441.1476 lsst_hardware_i 3.725872157531919 30.211607534600162 31.25 AB 4.745203821370016 1.02739690127815
62441.1661 lsst_hardware_z 77.47255148628534 40.49754383948622 30.940000534057617 AB 4.6714206405629435 1.015213569856323
62450.1293 lsst_hardware_z 295.49667088729797 43.29856264220346 30.950000762939453 AB 9.023378923601411 1.0219580863697164
62450.1469 lsst_hardware_r 308.8361186033813 28.982778750693626 31.5 AB 8.9324687598525 1.0138243901164306
62452.1287 lsst_hardware_z 302.2950497330568 45.05377963225763 30.950000762939453 AB 4.323928732728926 1.01867333109681
62452.1459 lsst_hardware_g 116.21604206561751 22.989520479170668 31.549999237060547 AB 4.286663049012445 1.013395519861098
62455.1149 lsst_hardware_r 990.6204624727832 58.81297693639389 31.639999389648438 AB 4.294643745203123 1.0225342250483627
62455.1318 lsst_hardware_z 576.1709083202294 52.98791067132119 30.969999313354492 AB 4.243263555612213 1.0141037355827969
62457.1074 lsst_hardware_i 1074.6459573986042 68.74690778679249 31.329999923706055 AB 3.1750333147959453 1.0242042950954662
62457.1272 lsst_hardware_r 1174.4515450400145 81.80234165387456 31.65999984741211 AB 2.7452115103394177 1.0139285356747618
62459.1168 lsst_hardware_z 1339.6418301335084 102.67154513773278 31.739999771118164 AB 4.523763000099808 1.0152640969757747
62462.0961 lsst_hardware_r 1757.5819840376296 95.48673428780795 31.65999984741211 AB 3.8882765368497743 1.022289085539631
62462.1145 lsst_hardware_i 1275.4767034247127 78.65664630347052 31.34000015258789 AB 3.900283255055511 1.013762759068373
62464.0954 lsst_hardware_z 956.6265258767424 56.34273918948758 30.969999313354492 AB 8.086052293904231 1.0189934000551413
62464.1143 lsst_hardware_r 1879.4585596914646 67.17191211269221 31.639999389648438 AB 8.044623631607086 1.0133894979979534
62472.0754 lsst_hardware_g 382.3582902325699 23.696265544075548 31.420000076293945 AB 6.379318066864795 1.0179221424708802
62472.0945 lsst_hardware_r 1748.2918600314688 46.93514627888601 31.5 AB 6.4302499663498605 1.0134890143453599
62478.0625 lsst_hardware_r 1447.3784115131339 43.92434935041101 31.5 AB 2.9470128281853474 1.016211320063913
62478.0814 lsst_hardware_i 1369.8761751326251 46.774684261810826 31.25 AB 3.1046777510878494 1.0139378677619921
62480.0674 lsst_hardware_z 1075.7994431257412 51.4509606134765 30.950000762939453 AB 7.4709804310576 1.0135067340367772
62480.0849 lsst_hardware_r 1221.18439771565 43.063078214042804 31.5 AB 9.356204050711456 1.0169787011642888
62482.0451 lsst_hardware_y 469.11107636744146 50.88605505034661 30.059999465942383 AB 13.848434502873483 1.019716840327445
62482.0651 lsst_hardware_z 1028.1050190759545 52.298741597718625 30.959999084472656 AB 13.762799234760955 1.0133862922289272
62484.0464 lsst_hardware_y 353.6794799683821 52.51412893982158 30.059999465942383 AB 8.027105329562996 1.016089282223164
62484.0651 lsst_hardware_r 1242.720384600855 58.290416755609556 31.6299991607666 AB 8.01022930099129 1.0139530760748467
62488.0408 lsst_hardware_z 1697.9073594728054 107.70312096849847 31.739999771118164 AB 3.6375554650816406 1.0143061596601815
62490.0319 lsst_hardware_y 280.3574678473057 86.99754043675506 30.09000015258789 AB 4.73153203259104 1.0153502215860601
62490.0511 lsst_hardware_i 878.4283985189563 74.05510241953594 31.34000015258789 AB 5.548089996004072 1.0145078849836018
62492.0332 lsst_hardware_y 144.9417083261973 72.63190835437125 30.079999923706055 AB 4.606107245875545 1.0136679678423988
62492.0519 lsst_hardware_r 795.8521981544598 64.91305092022131 31.649999618530273 AB 5.569703529748293 1.016864081623958
62494.0333 lsst_hardware_y 284.0648826954469 73.52570769232014 30.079999923706055 AB 6.779906497009086 1.013413691289567
62494.0544 lsst_hardware_g 83.4164030836324 16.789810016965074 31.459999084472656 AB 6.549460443878738 1.0217566995130636
62712.4051 lsst_hardware_u 7.903401226685299 2.569999933242798 28.360000610351562 AB 4.836620845016799 1.0272469051363113
62712.4277 lsst_hardware_y -33.82359574842788 48.02000045776367 30.049999237060547 AB 3.834621604902685 1.014047760122355
62721.3908 lsst_hardware_z -32.14097182363348 57.540000915527344 31.700000762939453 AB 1.4267547017363786 1.0191105012402706
62721.4126 lsst_hardware_y 6.255045311799737 66.05999755859375 30.809999465942383 AB 1.4190052483393785 1.0135751773852704
62730.3575 lsst_hardware_z 97.08575030508689 57.189998626708984 30.979999542236328 AB 4.611974207499958 1.0257949749777484
62730.3808 lsst_hardware_i 57.89867770602178 59.29999923706055 31.329999923706055 AB 3.8717990208537065 1.0136705192591793
62732.377 lsst_hardware_z 94.5858105392906 48.41999816894531 30.979999542236328 AB 1.9202384653870097 1.0134967269811803
62732.398 lsst_hardware_r -105.15765484801243 50.18000030517578 31.639999389648438 AB 1.857913009657807 1.0191514040909528
62734.3507 lsst_hardware_y -97.77577290009201 47.04999923706055 30.049999237060547 AB 1.90150542890562 1.0223147467234517
62734.3703 lsst_hardware_g 28.38807570244835 27.56999969482422 31.639999389648438 AB 1.847065484819466 1.0136180462721724
62737.3665 lsst_hardware_r 7.464736385588874 22.649999618530273 31.510000228881836 AB 3.261089690789673 1.0134164518833633
62737.3871 lsst_hardware_i 31.75595192371744 30.229999542236328 31.260000228881836 AB 3.8929209184410616 1.0209824286152933
62739.3143 lsst_hardware_z 1.4729206982941165 40.90999984741211 30.950000762939453 AB 2.864903172739081 1.0490948450677133
62739.331 lsst_hardware_r 1.5490870686538054 22.270000457763672 31.5 AB 2.7996001132273713 1.0276275957031829
62741.3102 lsst_hardware_u 0.7035658329045497 2.6500000953674316 28.43000030517578 AB 3.2268995787969432 1.0469581718910754
62741.3276 lsst_hardware_r -19.45385020292152 22.110000610351562 31.489999771118164 AB 3.140619012375831 1.0256757061972015
62743.3148 lsst_hardware_i 55.631551372246705 29.989999771118164 31.239999771118164 AB 3.0973594520966987 1.0333142459038194
62743.3304 lsst_hardware_z 17.828183011915193 40.5 30.950000762939453 AB 3.074105758289562 1.019322163566586
62746.2288 lsst_hardware_u 1.918208944238269 3.680000066757202 29.059999465942383 AB 2.762182290194228 1.2610785071652828
62746.2488 lsst_hardware_g -3.582447461747853 19.34000015258789 32.130001068115234 AB 2.5650596350468042 1.170903667854597
62750.2977 lsst_hardware_i 29.82807727897544 30.299999237060547 31.260000228881836 AB 0.7217218684726171 1.0310312406751674
62750.3167 lsst_hardware_z -71.46076099356661 40.7599983215332 30.959999084472656 AB 0.7114908025935326 1.0164154322764751
62752.2967 lsst_hardware_r -3.888759918635073 47.529998779296875 31.6299991607666 AB 2.874145718090405 1.0264806136037161
62752.3132 lsst_hardware_z 26.25550800830154 45.83000183105469 30.959999084472656 AB 2.8436916293225436 1.01560415332948
62754.2775 lsst_hardware_z -69.63192090308875 57.95000076293945 30.979999542236328 AB 3.6456076408928495 1.0427939476238128
62754.2966 lsst_hardware_i 112.45834906112334 62.029998779296875 31.329999923706055 AB 2.836028342226663 1.021930818170679
62756.2754 lsst_hardware_z 157.73753536991887 70.88999938964844 30.989999771118164 AB 3.772708523938201 1.038169654358338
62756.2924 lsst_hardware_r 77.2216020501119 104.11000061035156 31.65999984741211 AB 3.206294618727532 1.0210045490058235
62759.2694 lsst_hardware_y 46.682401263541934 75.08999633789062 30.81999969482422 AB 2.6422886864175834 1.035379579317235
62763.249 lsst_hardware_i 13.89076813424517 34.63999938964844 31.270000457763672 AB 6.218671549659325 1.0487388076326196
62763.2687 lsst_hardware_z 27.32514267479712 42.97999954223633 30.950000762939453 AB 5.675217098275005 1.0246386094831876
62766.2442 lsst_hardware_r -20.308280266441166 22.600000381469727 31.5 AB 2.0563604871366605 1.0435729444997008
62766.2623 lsst_hardware_u -2.833865209942421 2.740000009536743 28.5 AB 1.6646394104462903 1.0231342412085374
62773.2264 lsst_hardware_g 9.226228226175467 13.899999618530273 31.420000076293945 AB 4.819558096636965 1.041691231261592
62773.2451 lsst_hardware_r 14.567346369499207 22.520000457763672 31.5 AB 4.71934026271783 1.0216496455587738
62775.2187 lsst_hardware_i -6.631388624742582 30.3700008392334 31.25 AB 4.4100938013149324 1.044942750829904
62775.2369 lsst_hardware_z 47.16348608245215 40.619998931884766 30.950000762939453 AB 4.304802782608129 1.0238154707328924
62777.2544 lsst_hardware_r -21.29181867508118 22.6299991607666 31.510000228881836 AB 2.6553094288132213 1.0134768812265804
62777.2734 lsst_hardware_u 1.3421516061089804 2.75 28.5 AB 2.7377313497807214 1.0181224803944668
62779.1979 lsst_hardware_z -113.01639018371894 43.84000015258789 30.950000762939453 AB 6.657998077383916 1.0615994808478209
62779.2164 lsst_hardware_r 22.859313782675887 33.290000915527344 31.59000015258789 AB 6.884473800928637 1.0334461547553622
62782.2225 lsst_hardware_y -19.539155095129274 71.2699966430664 30.809999465942383 AB 3.1695724559941483 1.0202486446333094
62788.18 lsst_hardware_r -1.8153804234666253 79.94000244140625 31.649999618530273 AB 8.710215627362153 1.0499295597111205
62788.1978 lsst_hardware_z 109.97974839968919 58.720001220703125 30.979999542236328 AB 8.192869254444053 1.0270614584988502
62790.1832 lsst_hardware_g -10.535193435801471 50.27000045776367 31.719999313354492 AB 7.868642931261599 1.0373496569601193
62790.2008 lsst_hardware_i 24.459279603965783 46.40999984741211 31.31999969482422 AB 7.74949768010371 1.0201517399787676
62792.178 lsst_hardware_z 0.5163701113790495 41.25 30.959999084472656 AB 6.027300098357568 1.0370143259869848
62792.1958 lsst_hardware_r -10.404850373894824 29.059999465942383 31.56999969482422 AB 5.925133998509363 1.0198457784519401
62795.1789 lsst_hardware_u -0.5838168856995136 2.869999885559082 28.579999923706055 AB 2.5561898219700576 1.0268571861156195
62795.1959 lsst_hardware_g -2.6767263214796033 14.149999618530273 31.450000762939453 AB 2.554140914241466 1.0155629877699666
62798.1939 lsst_hardware_z -16.70564451459786 40.779998779296875 30.959999084472656 AB 2.1787796816472174 1.0138574600505263
62798.2105 lsst_hardware_r -8.04620640517627 22.790000915527344 31.520000457763672 AB 1.42528385896717 1.0155210965209618
62804.1442 lsst_hardware_z -83.33555775828285 41.31999969482422 30.959999084472656 AB 5.73537934898821 1.0383596178126568
62804.1603 lsst_hardware_r -16.47225651916417 22.899999618530273 31.530000686645508 AB 5.639383325739212 1.021766241018169
62814.1261 lsst_hardware_z 40.95384674384042 74.66999816894531 31.0 AB 6.873088407299385 1.027751537540095
62814.1433 lsst_hardware_r -206.52842201632149 108.58999633789062 31.670000076293945 AB 6.782270289214164 1.015842176172176
62818.1122 lsst_hardware_r -93.79510320640519 54.810001373291016 31.639999389648438 AB 3.4377150809690935 1.0308506415020522
62818.1313 lsst_hardware_z -54.596099116481405 52.11000061035156 30.979999542236328 AB 5.081472041967119 1.0162944083934238
62821.1104 lsst_hardware_r 8.463793022554093 22.219999313354492 31.479999542236328 AB 5.924984597884032 1.024581594584667
62821.1302 lsst_hardware_z 25.337708790922488 40.40999984741211 30.940000534057617 AB 5.924854705035732 1.0140234822851386
62824.1071 lsst_hardware_r 37.46540790315576 22.110000610351562 31.489999771118164 AB 4.554806950078785 1.020742215267739
62828.0931 lsst_hardware_g 14.169169780412384 13.569999694824219 31.420000076293945 AB 6.987254046116893 1.0230614658101065
62828.1136 lsst_hardware_r -23.719141101995394 22.1299991607666 31.5 AB 6.987619501696404 1.0136166094935397
62830.0922 lsst_hardware_i 33.3595034478675 29.889999389648438 31.239999771118164 AB 5.21137549928879 1.0197388708127952
62830.1117 lsst_hardware_z -30.359846058264583 40.41999816894531 30.950000762939453 AB 5.246865666202816 1.0133975212366617
62832.0977 lsst_hardware_r -22.930465623192898 22.270000457763672 31.510000228881836 AB 3.864610997617236 1.01462209227048
62832.1165 lsst_hardware_u 0.748405809203783 2.740000009536743 28.510000228881836 AB 3.875575096554915 1.0151020661062748
62834.0769 lsst_hardware_u -3.200532403144343 2.75 28.450000762939453 AB 5.591246093583717 1.0229136651269148
62834.0965 lsst_hardware_g -14.368951283249062 13.979999542236328 31.43000030517578 AB 5.087051995898989 1.0137103563790144
62837.0754 lsst_hardware_r -14.90183219144033 34.47999954223633 31.600000381469727 AB 6.381829973733768 1.0183229573534354
62837.0929 lsst_hardware_z -72.59198668180213 43.43000030517578 30.969999313354492 AB 6.418521145347831 1.0133973704564425
62839.0764 lsst_hardware_r 21.39615995105852 56.27000045776367 31.649999618530273 AB 3.499476153941757 1.0153219015305515
62839.0959 lsst_hardware_y -67.45800578144282 49.470001220703125 30.059999465942383 AB 2.638060996941342 1.0146388449774393
62841.0615 lsst_hardware_z -40.400513878084084 58.68000030517578 30.989999771118164 AB 3.395744681299846 1.0201771568384486
62841.0806 lsst_hardware_r 35.50479046148893 74.77999877929688 31.65999984741211 AB 3.4500958921341778 1.0134176365410161
62845.0407 lsst_hardware_y 18.22585522865176 54.83000183105469 30.06999969482422 AB 7.375394604985532 1.028502943102152
62845.0582 lsst_hardware_r 86.56446354834141 83.91000366210938 31.65999984741211 AB 7.568701139629092 1.0160239582464936
62845.0797 lsst_hardware_z -6.423553927478385 61.41999816894531 30.989999771118164 AB 7.366148928949444 1.0146909468899592
62852.0306 lsst_hardware_y -137.41144923983362 76.41999816894531 30.079999923706055 AB 10.357584386225238 1.0207701305391288
62852.0512 lsst_hardware_z 57.957736621916034 41.18000030517578 30.959999084472656 AB 11.066399448943843 1.0133988094361772
62854.032 lsst_hardware_y 13.293233699808063 77.83999633789062 30.079999923706055 AB 3.751110232234729 1.0167447322645633
62854.0511 lsst_hardware_u -1.1838234596623038 3.240000009536743 28.65999984741211 AB 4.245205865891925 1.0137805052876239
