data/validation/pwv_sim_epoch_fit_4/63467579.ecsv
# %ECSV 0.9
# ---
# datatype:
# - {name: time, datatype: float64}
# - {name: band, datatype: string}
# - {name: flux, datatype: float64}
# - {name: fluxerr, datatype: float64}
# - {name: zp, datatype: float64}
# - {name: zpsys, datatype: string}
# - {name: pwv, datatype: float64}
# - {name: airmass, datatype: float64}
# meta: {SNID: '63467579', alt: 1024.0, c: 0.0707547515630722, dec: -23.643314, lat: -30.244573, lon: -70.7499537, ra: 27.597656, t0: 62770.4453125,
#   x0: 5.1870919307466235e-05, x1: 1.0520249605178833, z: 0.22657300531864166}
# schema: astropy-2.0
time band flux fluxerr zp zpsys pwv airmass
62682.3601 lsst_hardware_z -1.0565442793696906 46.4900016784668 30.90999984741211 AB 5.080333705431276 1.4212048784308973
62682.3797 lsst_hardware_r 16.08438758838486 24.100000381469727 31.450000762939453 AB 5.279838357101756 1.2899678370636753
62697.3592 lsst_hardware_i -24.223552404335845 65.08999633789062 31.299999237060547 AB 4.460110561918003 1.1896800645286751
62697.3777 lsst_hardware_z 14.743983015542812 58.7599983215332 30.969999313354492 AB 5.358663436110892 1.122879865076409
62705.3444 lsst_hardware_r 23.26547997824589 31.200000762939453 31.540000915527344 AB 5.147245338568837 1.1619063969681345
62705.3687 lsst_hardware_y -16.930596677627083 48.06999969482422 30.030000686645508 AB 4.894599010588391 1.0871853424722013
62707.3495 lsst_hardware_r -14.377602932541585 23.440000534057617 31.469999313354492 AB 6.216790858748354 1.1256864181702717
62707.3685 lsst_hardware_z 14.55717512472412 41.689998626708984 30.940000534057617 AB 5.924282447318116 1.0747647532400657
62709.3748 lsst_hardware_u -3.5667838156554668 2.5199999809265137 28.309999465942383 AB 2.6725200435905214 1.0512075692633491
62709.3965 lsst_hardware_g -9.17581396385379 13.579999923706055 31.399999618530273 AB 2.999851332717064 1.0215737553948796
62711.2983 lsst_hardware_z -68.8132514502593 44.84000015258789 30.90999984741211 AB 4.820889867240245 1.3029432073622282
62711.3296 lsst_hardware_u 2.220212760469048 2.509999990463257 28.25 AB 4.277519648797445 1.1560863915668769
62712.3844 lsst_hardware_u 4.84872584219269 2.630000114440918 28.40999984741211 AB 4.895873341758119 1.0256717894744662
62712.4068 lsst_hardware_y -20.40879904575879 46.369998931884766 30.049999237060547 AB 4.764375182091071 1.0091342720870684
62716.3733 lsst_hardware_z 12.241411017731435 40.68000030517578 30.950000762939453 AB 2.270000804143133 1.0258731461497297
62716.3925 lsst_hardware_r -6.846225144339656 22.149999618530273 31.489999771118164 AB 2.8282511146198916 1.0105709080347398
62722.2525 lsst_hardware_r -33.2249555101702 49.56999969482422 31.540000915527344 AB 4.5168947615200645 1.4088879480723844
62722.2699 lsst_hardware_z 4.631447443246318 49.97999954223633 30.940000534057617 AB 4.224918428810381 1.293408366389218
62724.3653 lsst_hardware_r 21.750323627872998 51.68000030517578 31.639999389648438 AB 5.47349325397744 1.013609861847674
62724.3888 lsst_hardware_z -56.61733304498763 47.040000915527344 30.969999313354492 AB 6.063750805404299 1.0071560412032385
62731.2567 lsst_hardware_g 16.704062522780664 63.70000076293945 31.639999389648438 AB 3.6681718805012204 1.2332062129773813
62731.2775 lsst_hardware_r -23.72289541944644 64.38999938964844 31.6200008392334 AB 3.4403630671803014 1.1471700790864625
62734.3501 lsst_hardware_y 43.9229868980796 46.90999984741211 30.049999237060547 AB 1.8609001274981654 1.0080715750260918
62734.3697 lsst_hardware_g -35.854933552307756 27.229999542236328 31.639999389648438 AB 1.908646365084981 1.0090649564287502
62735.2478 lsst_hardware_i -4.584340513053359 31.81999969482422 31.219999313354492 AB 2.4142110969561084 1.223572799065477
62735.2658 lsst_hardware_u 1.7146910275925396 2.630000114440918 28.34000015258789 AB 2.059298918446104 1.1499109828456608
62737.349 lsst_hardware_r 17.932620494991983 22.540000915527344 31.510000228881836 AB 3.2401541989487406 1.0070148503634622
62737.3694 lsst_hardware_i -22.77528728823794 30.209999084472656 31.260000228881836 AB 3.247508510181856 1.0129471335564117
62739.2953 lsst_hardware_i -13.321719341699803 30.25 31.25 AB 2.8813742697673836 1.047074412125589
62739.3133 lsst_hardware_z -27.089530259260926 40.63999938964844 30.950000762939453 AB 2.7690977074113703 1.0228767003920594
62743.2939 lsst_hardware_g 14.452365452504031 13.489999771118164 31.399999618530273 AB 3.0623194754398564 1.0328227573152973
62743.3132 lsst_hardware_i -9.423110333569568 29.84000015258789 31.25 AB 3.075073496025174 1.0137604931951123
62747.2735 lsst_hardware_u -3.8112674115678007 2.7044083295460823 28.399999618530273 AB 1.308757133790044 1.0470057070320353
62747.292 lsst_hardware_g 19.724539289010124 14.791528760664045 31.40999984741211 AB 1.5651825138364244 1.0223269195535103
62753.2592 lsst_hardware_z 1369.0899055123073 64.230296036486 30.969999313354492 AB 4.48750602273272 1.043606051798307
62753.2766 lsst_hardware_r 3228.2837498169088 84.1313045157447 31.649999618530273 AB 4.391829849637665 1.0213557789855034
62755.2652 lsst_hardware_i 4094.1668909700466 99.55546913908465 31.34000015258789 AB 2.8586692501769537 1.0277437534341016
62755.2835 lsst_hardware_z 2565.7511712678743 84.80744135059737 31.0 AB 2.8100095822021225 1.0118867778905736
62757.1574 lsst_hardware_i 5103.408947136904 117.5959308119987 31.270000457763672 AB 5.122292771215002 1.4054536013394312
62757.1749 lsst_hardware_z 3846.157050613335 99.55106493297424 30.969999313354492 AB 2.7795716030061834 1.290223550830659
62758.1699 lsst_hardware_z 4193.924983054513 98.04843938603359 30.959999084472656 AB 1.158657269724308 1.3034486956682587
62758.1822 lsst_hardware_i 6291.860756453261 112.5251897264715 31.299999237060547 AB 1.1098292935460776 1.2370380385057524
62759.2689 lsst_hardware_y 3101.2188542097156 92.0460543262952 30.81999969482422 AB 2.417793988172047 1.0141753306090802
62763.2284 lsst_hardware_r 13542.584901489772 119.39865147189758 31.549999237060547 AB 6.201694329382134 1.049415251178583
62763.2485 lsst_hardware_i 9803.405174786416 104.30495004820337 31.270000457763672 AB 6.081751566223947 1.0221431203737015
62766.2226 lsst_hardware_z 6105.377484657715 87.51537431036066 30.950000762939453 AB 2.124241846508543 1.0453946095022357
62766.2432 lsst_hardware_r 14393.406929617933 122.45707506888985 31.5 AB 2.117279427892065 1.0193930803520053
62771.2049 lsst_hardware_i 12070.718363168255 113.13502622118867 31.239999771118164 AB 4.188110456719226 1.0523331270285756
62771.225 lsst_hardware_u 130.70674994495198 12.438147127590469 28.389999389648438 AB 3.3787022892232574 1.0238491785525023
62773.2104 lsst_hardware_g 10743.311775996164 103.85398311957883 31.43000030517578 AB 4.778659575457766 1.0349766253743855
62773.2287 lsst_hardware_r 15043.505930519874 124.88204750089558 31.5 AB 4.691426736125368 1.0155885633738824
62774.2072 lsst_hardware_i 11994.128377340418 113.22749653011223 31.25 AB 4.352575597748576 1.035628884740114
62774.2277 lsst_hardware_r 14948.917937053018 124.15587477488883 31.5 AB 3.871497350019146 1.0143439706604314
62779.182 lsst_hardware_z 5228.023842924113 82.42418244802704 30.950000762939453 AB 6.666375775281121 1.0542502543934298
62779.2002 lsst_hardware_r 14392.262321573557 125.40884213382992 31.59000015258789 AB 6.350220245379704 1.0271282240806536
62780.0933 lsst_hardware_r 13638.082044617026 126.1528546019513 31.549999237060547 AB 4.823410650185844 1.4153892454207746
62780.1139 lsst_hardware_z 4971.118561559267 84.11635767554075 30.940000534057617 AB 4.420562939168819 1.2800857931956038
62781.0758 lsst_hardware_z 4617.022389990451 86.31937616093336 30.90999984741211 AB 6.325449030387938 1.544016361844862
62781.0951 lsst_hardware_r 13074.73609520798 129.49671817077024 31.559999465942383 AB 10.832021590615458 1.3817529029614073
62789.0952 lsst_hardware_r 9048.194762504143 105.66250393286052 31.56999969482422 AB 7.742735593487427 1.24882832153023
62789.1146 lsst_hardware_i 6910.321153244074 96.01225771312048 31.290000915527344 AB 7.214649124047332 1.1636530845237631
62790.1837 lsst_hardware_g 4212.667383379943 82.65884849724003 31.719999313354492 AB 7.69063496887331 1.0145621805182297
62790.2013 lsst_hardware_i 6925.655575595812 94.79014669610244 31.31999969482422 AB 7.644793880350589 1.0072634565001573
62791.1051 lsst_hardware_z 2800.832591066789 67.64547010162696 30.940000534057617 AB 8.115726642172453 1.1793257411730373
62791.1267 lsst_hardware_r 7947.006399674003 92.21096075809287 31.5 AB 7.0799190890590245 1.1062373576654725
62793.1047 lsst_hardware_u 15.931145943245896 5.055194277389025 28.399999618530273 AB 4.875412799699791 1.1598460329962628
62793.1246 lsst_hardware_r 7336.799267490209 88.75038323157428 31.5 AB 4.621778836663786 1.0970496694682383
62798.1761 lsst_hardware_i 6025.761702611063 82.7784911365638 31.260000228881836 AB 2.492414544786041 1.0078845673945236
62798.1931 lsst_hardware_z 3031.5059360954533 67.7850827846694 30.959999084472656 AB 2.2141095457492295 1.008437945458335
62799.1008 lsst_hardware_g 1560.7473960034877 41.57969369526164 31.40999984741211 AB 5.0392816882999725 1.1180597614835572
62799.1193 lsst_hardware_r 5703.719364856297 77.80530645546243 31.5 AB 4.850542548140599 1.0704055054927946
62801.1054 lsst_hardware_i 5651.027866595802 81.67352694301674 31.25 AB 4.615525422127352 1.090195753592739
62801.1231 lsst_hardware_z 3188.8059247626957 68.69181409103318 30.950000762939453 AB 4.468942684168934 1.0521348285271692
62802.1493 lsst_hardware_g 1388.7594167319023 38.52815089244168 31.450000762939453 AB 2.9328994014194016 1.0157520510560665
62802.1676 lsst_hardware_i 5708.036731031176 81.66462603219097 31.260000228881836 AB 2.0886746394759528 1.007399343798691
62807.1155 lsst_hardware_r 4107.180660579749 70.59153979569399 31.559999465942383 AB 5.852929921175552 1.037906887160034
62807.133 lsst_hardware_i 5298.551116240713 78.60804140107291 31.270000457763672 AB 3.96968672453426 1.0178683909062205
62808.1271 lsst_hardware_r 4238.37243098939 73.10921948370155 31.600000381469727 AB 3.993278765799246 1.0207115511021412
62808.1452 lsst_hardware_y 1422.7228010543786 59.38028484134008 30.059999465942383 AB 3.9428930250277494 1.0089501290187226
62817.0105 lsst_hardware_y 1060.6271887289543 78.5601375663262 29.979999542236328 AB 6.8736219850306535 1.2935538903848809
62817.0269 lsst_hardware_r 2451.4003867888823 53.910487442249746 31.459999084472656 AB 6.430542148666076 1.2098856347443228
62824.0901 lsst_hardware_r 1928.2835721038798 49.57112861730247 31.489999771118164 AB 4.510113856629284 1.0151055270378764
62824.1089 lsst_hardware_u 3.5611465291629476 3.3834850125821205 28.3799991607666 AB 4.447821067561374 1.0072058576904577
62825.0185 lsst_hardware_y 586.2057561976953 68.03214961618808 30.030000686645508 AB 8.652514637245385 1.1555431661021567
62825.0353 lsst_hardware_u 3.0411031816504592 3.5222547490345857 28.440000534057617 AB 8.237179398564844 1.1022464264279526
62827.0356 lsst_hardware_z 1336.4225489030703 54.71002862044224 30.940000534057617 AB 5.156080463358915 1.0872072669182056
62827.0469 lsst_hardware_u -1.2823678090134263 2.919335652699707 28.389999389648438 AB 4.744923967595668 1.0619794018790663
62829.0227 lsst_hardware_y 640.2873490183372 64.19282468773818 30.040000915527344 AB 8.594494591735046 1.1069198375136957
62829.0414 lsst_hardware_g 528.0603976882004 26.25275584408 31.420000076293945 AB 8.16650924043504 1.0620568632437333
62830.0704 lsst_hardware_r 1835.0631719471346 47.87376078653637 31.489999771118164 AB 5.259119687880369 1.0176971594944035
62830.0905 lsst_hardware_i 2232.61840015914 54.80012977287524 31.25 AB 5.156675408155286 1.007507528580076
62831.0241 lsst_hardware_y 705.1620021814293 62.67041175137424 30.049999237060547 AB 5.283200745304743 1.0886463518039857
62831.0401 lsst_hardware_i 2079.5964981419293 54.954010416400116 31.25 AB 5.0449054935697255 1.054096425735421
62833.0265 lsst_hardware_y 26.85861264879717 57.619998931884766 30.049999237060547 AB 4.762141344136258 1.0703245140499165
62833.0437 lsst_hardware_i 4.812193406122291 30.3700008392334 31.25 AB 3.9675980925872905 1.0390915999792119
62837.06 lsst_hardware_r 11.61932483869075 35.66999816894531 31.600000381469727 AB 6.372131430530687 1.011663542103762
62837.0772 lsst_hardware_z 49.74936970698069 43.7599983215332 30.959999084472656 AB 6.338986257449931 1.0069874912549532
62841.0609 lsst_hardware_z 27.21657284122264 57.83000183105469 30.989999771118164 AB 3.41443239069666 1.0074300776559135
62841.08 lsst_hardware_r 40.436020241347286 75.01000213623047 31.65999984741211 AB 3.1355112919243235 1.0100433668816595
63053.3612 lsst_hardware_i -34.518007505938115 62.66999816894531 31.280000686645508 AB 7.42178943363772 1.306442229153943
63053.3814 lsst_hardware_z 4.892019908044499 57.720001220703125 30.959999084472656 AB 6.023496480396468 1.2027748563091492
63061.3818 lsst_hardware_u 0.1789220643788526 3.0199999809265137 28.510000228881836 AB 6.665739335275013 1.1208103468451827
63061.4026 lsst_hardware_r 5.0526469334398385 24.260000228881836 31.520000457763672 AB 6.358690045435814 1.067431600711065
63066.3711 lsst_hardware_z 32.287382353185365 42.2400016784668 30.950000762939453 AB 2.348820196954822 1.1119991463864705
63066.391 lsst_hardware_r -15.22002166848949 22.84000015258789 31.5 AB 2.93001453263928 1.0632045476767875
63068.3683 lsst_hardware_u 3.187266664961111 2.700000047683716 28.440000534057617 AB 4.562745734537965 1.1044244960153216
63068.3865 lsst_hardware_g 11.943259019691107 13.729999542236328 31.420000076293945 AB 6.217268962215712 1.0612843361438524
63070.3621 lsst_hardware_r 24.249203349762993 22.889999389648438 31.489999771118164 AB 4.9400481391453095 1.1064970167007693
63070.382 lsst_hardware_i -9.901487881918518 30.549999237060547 31.25 AB 5.473927329444639 1.0594014572178516
63079.3095 lsst_hardware_z -17.2090741140729 54.59000015258789 30.959999084472656 AB 5.933540798341934 1.206821857289885
63079.3524 lsst_hardware_y 94.2409780156891 50.279998779296875 30.040000915527344 AB 5.512888367666984 1.0696848639664291
63080.3416 lsst_hardware_r 132.27588423249233 77.87000274658203 31.649999618530273 AB 1.5415720596444018 1.088424612599013
63080.3615 lsst_hardware_i 10.692421578000694 60.790000915527344 31.329999923706055 AB 1.5027767357267514 1.0471095592102204
63082.36 lsst_hardware_r 67.08718282316302 85.3499984741211 31.65999984741211 AB 1.9760777441458541 1.0407712837846845
63082.3802 lsst_hardware_z 35.52125696456554 60.34000015258789 30.989999771118164 AB 2.083788686215988 1.0172265981039725
63085.3991 lsst_hardware_i -51.497740856006864 54.779998779296875 31.31999969482422 AB 3.1673680707022673 1.007058895883292
63085.421 lsst_hardware_z 4.261898455971223 53.9900016784668 30.979999542236328 AB 3.3530583157363556 1.0160782774958654
63089.2523 lsst_hardware_z 21.37415014905783 44.97999954223633 30.920000076293945 AB 9.099472735117326 1.3754777016275905
63089.2704 lsst_hardware_r 40.27188037895994 25.0 31.479999542236328 AB 8.412802295676562 1.2642275596478416
63091.386 lsst_hardware_g -8.878493434392393 14.6899995803833 31.469999313354492 AB 4.495641637427344 1.00742669746271
63091.4042 lsst_hardware_i -6.958313837999421 30.280000686645508 31.260000228881836 AB 4.593769805855364 1.015758939934851
63094.3643 lsst_hardware_u 1.1285260961756425 2.7300000190734863 28.5 AB 5.482484325703479 1.0081184785234714
63094.3828 lsst_hardware_g -3.018980512154124 13.649999618530273 31.440000534057617 AB 4.9199224297428374 1.0086458776573526
63101.2746 lsst_hardware_r 5.515028164911636 22.510000228881836 31.469999313354492 AB 2.1324880627142635 1.1147835657839757
63101.2929 lsst_hardware_u 0.38046063863239715 2.559999942779541 28.34000015258789 AB 2.154957092206705 1.068485460147114
63111.2274 lsst_hardware_r -63.43118601081454 109.80999755859375 31.6299991607666 AB 2.592985696126344 1.1844173557731386
63111.2648 lsst_hardware_y 19.405267389504473 57.90999984741211 30.049999237060547 AB 3.1255088361050256 1.0701964855692605
63113.2828 lsst_hardware_r 1.9481570536017678 84.19000244140625 31.65999984741211 AB 2.320372842130379 1.030437203225783
63113.301 lsst_hardware_y 19.22879473682479 53.869998931884766 30.059999465942383 AB 2.3425283841818025 1.0132773632103538
63118.2567 lsst_hardware_i 34.58970291261431 32.08000183105469 31.260000228881836 AB 4.510274615391456 1.0489010733468502
63118.2742 lsst_hardware_z 99.76971383230227 41.709999084472656 30.950000762939453 AB 4.40552068973692 1.024539695287656
63121.2585 lsst_hardware_r -27.87758572690728 22.440000534057617 31.489999771118164 AB 3.7768995563079217 1.0336342518631423
