data/validation/pwv_sim_epoch_fit_4/63471748.ecsv
# %ECSV 0.9
# ---
# datatype:
# - {name: time, datatype: float64}
# - {name: band, datatype: string}
# - {name: flux, datatype: float64}
# - {name: fluxerr, datatype: float64}
# - {name: zp, datatype: float64}
# - {name: zpsys, datatype: string}
# - {name: pwv, datatype: float64}
# - {name: airmass, datatype: float64}
# meta: {SNID: '63471748', alt: 1024.0, c: -0.017857372760772705, dec: -21.221792, lat: -30.244573, lon: -70.7499537, ra: 5.976562, t0: 60407.86328125,
#   x0: 7.00086253842175e-05, x1: 0.5987431406974792, z: 0.19819732010364532}
# schema: astropy-2.0
time band flux fluxerr zp zpsys pwv airmass
60490.4272 lsst_hardware_i 40.78594019864848 37.63999938964844 31.290000915527344 AB 4.586529406353433 1.0164054086102372
60493.4246 lsst_hardware_u 4.208270364052591 3.0 28.530000686645508 AB 7.099676354486846 1.0142394792124065
60493.4427 lsst_hardware_z -62.77173429095128 55.380001068115234 30.979999542236328 AB 7.100030800712561 1.0142901143875087
60499.4142 lsst_hardware_u 2.1775001102117635 2.809999942779541 28.520000457763672 AB 2.2300962756428797 1.013066145809909
60499.4338 lsst_hardware_y 29.851050457264115 48.95000076293945 30.059999465942383 AB 2.35035027222228 1.0174676503126983
60501.4071 lsst_hardware_r -1.2200971896347799 32.619998931884766 32.2599983215332 AB 9.246269252991127 1.0132712739118328
60501.4282 lsst_hardware_y 22.204281192035698 67.12999725341797 30.809999465942383 AB 9.374583373296002 1.0173913873272802
60503.4101 lsst_hardware_r -32.74470013576253 22.93000030517578 31.510000228881836 AB 6.218112355931205 1.013161908961183
60503.4291 lsst_hardware_y 17.707945810173506 47.369998931884766 30.059999465942383 AB 6.55452740041642 1.0215378565769266
60506.3827 lsst_hardware_u -0.707988676235878 2.6500000953674316 28.40999984741211 AB 3.494444286591071 1.0168121105502632
60506.4022 lsst_hardware_g 13.035200421971435 14.079999923706055 31.420000076293945 AB 3.5259364843665177 1.013200139185781
60508.3843 lsst_hardware_r 5.347134854531817 32.290000915527344 32.2400016784668 AB 1.8711875609650517 1.0140563939656153
60508.4044 lsst_hardware_i 14.610583509228729 30.329999923706055 31.239999771118164 AB 1.8425973769333508 1.0152051663544632
60511.3807 lsst_hardware_z 13.569112354227453 56.5 30.979999542236328 AB 5.899566089446042 1.0131489076843623
60511.3988 lsst_hardware_r -46.1003485976053 74.26000213623047 31.649999618530273 AB 5.878412032606165 1.0163229655266537
60514.3743 lsst_hardware_z -15.279628036161938 99.44999694824219 31.739999771118164 AB 5.130083697184164 1.012983024521325
60516.3583 lsst_hardware_r -27.371441680552973 81.0 31.65999984741211 AB 7.229883508815622 1.0154806183082947
60516.3797 lsst_hardware_z 83.49132802670104 61.02000045776367 30.979999542236328 AB 6.87902342455599 1.0142312457878349
60520.3364 lsst_hardware_i -6.634462051161086 32.040000915527344 31.25 AB 4.877735880580421 1.022014781515663
60520.3592 lsst_hardware_r 57.345241497671665 37.88999938964844 32.290000915527344 AB 4.836905160327415 1.0129290761915637
60520.3832 lsst_hardware_y -5.348477944008752 47.0 30.049999237060547 AB 4.830336270788864 1.0219329204771928
60527.2873 lsst_hardware_r 5.3729614152286285 22.959999084472656 31.489999771118164 AB 1.341322141512187 1.0615925140579239
60527.305 lsst_hardware_i 20.63247362628993 30.3799991607666 31.239999771118164 AB 2.79383412906214 1.0342426440259649
60531.3317 lsst_hardware_u 1.3118079763691965 2.7899999618530273 28.520000457763672 AB 4.965631939980605 1.012980811909548
60531.3509 lsst_hardware_g -6.360727454648465 14.25 31.450000762939453 AB 5.225336472390212 1.0202580202847635
60535.3078 lsst_hardware_r -0.07695420054948131 23.010000228881836 31.520000457763672 AB 3.3982178797197578 1.0149488415708738
60535.3268 lsst_hardware_u 0.8489286768769275 2.8499999046325684 28.56999969482422 AB 3.4161599991961755 1.013948058133913
60537.2751 lsst_hardware_z -90.59007835055668 45.29999923706055 30.959999084472656 AB 4.7061807561948 1.0375178033939154
60537.2948 lsst_hardware_g 78.86292404405191 32.0 31.670000076293945 AB 4.910752103957676 1.0186521218235673
60541.3001 lsst_hardware_z -9.876868178386607 74.06999969482422 31.0 AB 2.4393508393443115 1.0130194515549467
60541.3213 lsst_hardware_r -159.62258005933492 110.38999938964844 31.670000076293945 AB 2.404224356462169 1.0187391340941394
60543.2983 lsst_hardware_z -82.73596750838892 117.52999877929688 31.75 AB 1.8362225912364531 1.0129486091498845
60546.2757 lsst_hardware_r -19.519159936748185 54.27000045776367 31.649999618530273 AB 3.297886811993081 1.0157762254598812
60546.2957 lsst_hardware_z 18.251681288212833 50.66999816894531 30.979999542236328 AB 2.474754498343656 1.0136897180544742
60555.2377 lsst_hardware_r 33.28417842594812 23.3799991607666 31.510000228881836 AB 0.7510624894628954 1.024641868298051
60555.2554 lsst_hardware_i 8.009916379434829 30.709999084472656 31.260000228881836 AB 1.2853599461871341 1.014224050121358
60557.2319 lsst_hardware_z 39.52145760026006 40.959999084472656 30.950000762939453 AB 1.7670064725257493 1.0249457497249126
60557.2497 lsst_hardware_r 15.554825642569439 23.040000915527344 31.5 AB 1.73714926986587 1.0142950193845095
60574.1254 lsst_hardware_i -8.419553267902996 55.22999954223633 31.299999237060547 AB 3.8931294359018556 1.1506219701202822
60574.1488 lsst_hardware_z -19.88938222534293 55.7400016784668 30.979999542236328 AB 3.6721447850215765 1.0830155677412892
60578.1721 lsst_hardware_i -42.44560568703859 30.739999771118164 31.25 AB 3.478767394945826 1.0272709289403725
60578.1922 lsst_hardware_r 13.304738695379328 23.280000686645508 31.510000228881836 AB 3.4452188744548993 1.014343846446343
60582.1716 lsst_hardware_r -20.265143529437665 23.31999969482422 31.510000228881836 AB 4.2861848356824375 1.0188625258149289
60582.1912 lsst_hardware_i -7.685569490659704 30.68000030517578 31.260000228881836 AB 4.273966979810582 1.0129284015903801
60584.1483 lsst_hardware_i 53.64338025677218 31.030000686645508 31.25 AB 4.5521038829716645 1.0355693301419684
60584.1669 lsst_hardware_z -27.31717280928806 41.16999816894531 30.950000762939453 AB 4.664243081752656 1.0183936859721956
60586.1472 lsst_hardware_i -28.8948919154977 30.739999771118164 31.25 AB 1.8587650254935613 1.0304527536692236
60586.1663 lsst_hardware_u -1.4880723858662817 2.7100000381469727 28.440000534057617 AB 1.8383632632319122 1.0158573935707749
60588.1503 lsst_hardware_g 1.2354396033319748 14.479999542236328 31.440000534057617 AB 4.4766805771464115 1.0223649619517925
60588.1679 lsst_hardware_r 31.13022453546548 23.170000076293945 31.5 AB 4.8661625420416135 1.0135727019455019
60590.1474 lsst_hardware_i -19.423343287222114 30.81999969482422 31.260000228881836 AB 5.080930991725786 1.0204380234428356
60590.166 lsst_hardware_r 15.222265696543612 23.309999465942383 31.510000228881836 AB 5.042596188919964 1.0130441684028588
60592.1309 lsst_hardware_z 23.341139145242074 41.70000076293945 30.959999084472656 AB 3.2618690107396926 1.030362160859099
60592.1491 lsst_hardware_g 16.431788724409927 16.959999084472656 31.530000686645508 AB 3.1741888261705284 1.0162282139172494
60594.1335 lsst_hardware_r 19.66725662573069 34.560001373291016 31.600000381469727 AB 6.159722374430547 1.0227000455637636
60594.1505 lsst_hardware_i 5.083186952104828 36.0099983215332 31.290000915527344 AB 6.0964858346851925 1.0137999226216334
60596.1151 lsst_hardware_i 38.41373307966611 54.0 31.31999969482422 AB 7.47972744097654 1.036116836262161
60596.1343 lsst_hardware_z 2.600380044175385 53.56999969482422 30.979999542236328 AB 8.513275532291981 1.0182937919889934
60599.1135 lsst_hardware_i 96.34562762575534 101.68000030517578 31.34000015258789 AB 7.084775152195404 1.02854293385206
60599.1316 lsst_hardware_z -97.92246847033765 83.94999694824219 31.0 AB 6.4993052478111615 1.0155164449704939
60601.1119 lsst_hardware_z 62.70518552517822 70.0199966430664 30.989999771118164 AB 4.309033946778219 1.0248217726601374
60601.1294 lsst_hardware_r 36.05576245616781 101.55999755859375 31.670000076293945 AB 3.9153606732637254 1.0143421433323538
60603.1139 lsst_hardware_i 42.41679836255701 44.34000015258789 31.309999465942383 AB 2.785513071191074 1.0190901479967343
60603.1308 lsst_hardware_r -37.02899224337604 51.63999938964844 31.649999618530273 AB 2.649717000540162 1.013017841419873
60605.1119 lsst_hardware_u -0.7097293179182503 2.740000009536743 28.479999542236328 AB 5.399978955413644 1.017072882109591
60605.1297 lsst_hardware_g 4.914332081987682 14.199999809265137 31.450000762939453 AB 4.938785678285029 1.0129803462793618
60607.0981 lsst_hardware_r 9.313350336046744 22.950000762939453 31.520000457763672 AB 4.650371261073114 1.0226214977621386
60607.1145 lsst_hardware_i -23.613939614056893 30.459999084472656 31.270000457763672 AB 4.610651292160035 1.0139241956077358
60611.0815 lsst_hardware_i -33.01437624872471 30.799999237060547 31.270000457763672 AB 2.452498464857384 1.027762583491832
60611.0991 lsst_hardware_u -2.5605576052629004 2.9600000381469727 28.649999618530273 AB 3.0144035749226905 1.0154065489297184
60613.078 lsst_hardware_g 4.895652898018337 14.420000076293945 31.469999313354492 AB 4.147124166986021 1.0258599081409028
60613.0948 lsst_hardware_r -31.650227762016076 23.1200008392334 31.530000686645508 AB 5.049416537728962 1.0149580980358457
60615.0753 lsst_hardware_i 1.6694971829224767 30.43000030517578 31.260000228881836 AB 6.781357956400472 1.0234081050972066
60615.094 lsst_hardware_r 13.606216570970197 22.850000381469727 31.520000457763672 AB 5.602715159535891 1.0136074463201885
60617.0743 lsst_hardware_u 4.2592644908120025 2.690000057220459 28.440000534057617 AB 4.12921927207396 1.0200010552889873
60617.0938 lsst_hardware_g 2.8375960612103786 14.180000305175781 31.440000534057617 AB 4.502530316250967 1.0129427033185527
60622.0592 lsst_hardware_i 0.36239283074738543 33.060001373291016 31.280000686645508 AB 6.583951678357487 1.021031534508622
60622.0791 lsst_hardware_z -38.58943012272273 42.11000061035156 30.959999084472656 AB 6.36334145381695 1.0130020886944922
60624.0597 lsst_hardware_i 1.9489985705882342 45.65999984741211 31.309999465942383 AB 3.5525443695334955 1.0172409190226674
60624.0783 lsst_hardware_z -32.03864065267035 48.7599983215332 30.969999313354492 AB 3.536257168656272 1.013012318545602
60629.0464 lsst_hardware_i 31.776484947809898 73.37000274658203 31.34000015258789 AB 6.0453659202876935 1.017053485916503
60629.0645 lsst_hardware_r 96.88309042664918 95.45999908447266 31.65999984741211 AB 6.030053796832145 1.0130004138479356
60631.0298 lsst_hardware_z -10.863178009795673 45.880001068115234 30.959999084472656 AB 7.767849664046702 1.0249851110439667
60631.0497 lsst_hardware_u -4.49402284639139 9.130000114440918 29.219999313354492 AB 6.671436860968301 1.0137421153272954
60633.0316 lsst_hardware_y 31.49351152782287 47.209999084472656 30.049999237060547 AB 7.637377625184929 1.0193363530443682
60633.0523 lsst_hardware_r -3.022285547356303 22.760000228881836 31.5 AB 6.6412919025398915 1.0129324948585208
60635.0345 lsst_hardware_y 26.63684176378044 47.310001373291016 30.049999237060547 AB 4.811292209748095 1.0150405505799
60635.0553 lsst_hardware_z 31.36942901756586 40.65999984741211 30.950000762939453 AB 4.402914323270997 1.0143795238501616
60642.0206 lsst_hardware_y 142.90896686896767 75.4000015258789 30.079999923706055 AB 6.234437314133423 1.0135373746118768
60642.0358 lsst_hardware_r 20.43352995064774 24.040000915527344 31.520000457763672 AB 6.279798904400046 1.0142613105709175
