data/validation/pwv_sim_epoch_fit_4/63475469.ecsv
# %ECSV 0.9
# ---
# datatype:
# - {name: time, datatype: float64}
# - {name: band, datatype: string}
# - {name: flux, datatype: float64}
# - {name: fluxerr, datatype: float64}
# - {name: zp, datatype: float64}
# - {name: zpsys, datatype: string}
# - {name: pwv, datatype: float64}
# - {name: airmass, datatype: float64}
# meta: {SNID: '63475469', alt: 1024.0, c: -0.07729586213827133, dec: 3.433834, lat: -30.244573, lon: -70.7499537, ra: 223.242188, t0: 60129.44140625,
#   x0: 1.2304340660108491e-05, x1: -1.1581034660339355, z: 0.42165663838386536}
# schema: astropy-2.0
time band flux fluxerr zp zpsys pwv airmass
59998.3763 lsst_hardware_g 34.641873596865196 103.30000305175781 31.670000076293945 AB 11.70565965357995 1.2067690364515413
59998.3932 lsst_hardware_y -175.10145789028496 147.22000122070312 30.030000686645508 AB 11.643422390820007 1.2003528237958772
60000.3758 lsst_hardware_z -19.414301026477442 138.4199981689453 30.989999771118164 AB 9.747630330309585 1.2034111518900723
60000.3931 lsst_hardware_y 107.9992559393112 146.94000244140625 30.020000457763672 AB 9.730285150737872 1.2012697716960337
60002.3729 lsst_hardware_u -14.955920401056616 34.79999923706055 29.3799991607666 AB 6.251230313013277 1.2021596755794763
60002.3905 lsst_hardware_y -103.50742712025504 147.27999877929688 30.030000686645508 AB 6.033644979070347 1.2023404531600352
60004.3732 lsst_hardware_r 14.483757453488375 97.95999908447266 31.6200008392334 AB 5.078257575700355 1.2005337058393275
60004.3928 lsst_hardware_z -94.15537728200331 138.50999450683594 30.989999771118164 AB 5.110415733365273 1.2073036480043957
60009.3424 lsst_hardware_r -7.516821760086029 97.56999969482422 31.610000610351562 AB 8.677180917080264 1.210248741878053
60009.3608 lsst_hardware_z 64.92066439869708 138.32000732421875 30.979999542236328 AB 8.627543136886482 1.200395580630476
60011.3439 lsst_hardware_z 110.7776587634764 138.3800048828125 30.979999542236328 AB 9.854237991590049 1.2045273183706322
60011.3623 lsst_hardware_i -140.35352330233408 112.45999908447266 31.309999465942383 AB 9.804749584165224 1.2010472939505275
60013.3414 lsst_hardware_z 0.8343823347318223 138.13999938964844 30.979999542236328 AB 10.216472404686733 1.2028341593367942
60013.3608 lsst_hardware_r 45.3814868017321 97.56999969482422 31.610000610351562 AB 10.016419921477487 1.2024874601852042
60019.3444 lsst_hardware_z -60.31112487449237 138.44000244140625 30.989999771118164 AB 9.040228070483336 1.2024777960206743
60019.3633 lsst_hardware_r 185.39139616297496 97.58000183105469 31.610000610351562 AB 9.16495694782055 1.2202452415298803
60020.3436 lsst_hardware_u -36.96732475480848 34.66999816894531 29.3799991607666 AB 10.699162036726898 1.203460166854648
60020.3652 lsst_hardware_r -6.934303927355265 97.61000061035156 31.610000610351562 AB 10.878882211631046 1.227449194587715
60025.3057 lsst_hardware_z 152.8537363483835 138.60000610351562 30.989999771118164 AB 6.969702967495517 1.204511141338012
60025.3248 lsst_hardware_r 66.16424650358618 98.02999877929688 31.6200008392334 AB 6.9418225119479775 1.2012498218120167
60027.311 lsst_hardware_u -17.862362939032717 35.04999923706055 29.399999618530273 AB 7.232743705136246 1.2004553867445948
60027.3294 lsst_hardware_g -11.114214571875623 103.62999725341797 31.670000076293945 AB 7.252878867039303 1.206801808159618
60029.2658 lsst_hardware_i -43.51818455012062 112.05000305175781 31.299999237060547 AB 8.840581091536302 1.2451522664135637
60029.2836 lsst_hardware_z 170.0025328465892 138.33999633789062 30.979999542236328 AB 8.625764669633023 1.2148964323426794
60031.3198 lsst_hardware_r 52.402644453940326 97.8499984741211 31.6200008392334 AB 9.019050227593382 1.2079085126240803
60031.3378 lsst_hardware_g -126.13077882282067 102.77999877929688 31.65999984741211 AB 9.630151110117463 1.2320679494792566
60036.2855 lsst_hardware_z -183.56022577153217 138.6300048828125 30.989999771118164 AB 9.484574316091733 1.2005790273533838
60036.304 lsst_hardware_r 50.04002105939247 97.97000122070312 31.6200008392334 AB 10.635753866756097 1.2061526853572062
60038.2811 lsst_hardware_i -17.227238228986266 112.18000030517578 31.309999465942383 AB 7.583087238590047 1.2004412340287398
60038.2995 lsst_hardware_z 86.4940250477607 138.11000061035156 30.979999542236328 AB 8.398473415675172 1.206908423406089
60040.2798 lsst_hardware_r -315.33265535881543 97.62999725341797 31.610000610351562 AB 17.526368047336284 1.2004361676257729
60040.2977 lsst_hardware_z 19.30667705317661 138.25999450683594 30.979999542236328 AB 20.186750025841604 1.2102186733317308
60042.2798 lsst_hardware_y 225.4440722592548 146.97000122070312 30.020000457763672 AB 10.412358683775857 1.2017264335825328
60042.2972 lsst_hardware_r -2.1341981846248106 97.55000305175781 31.610000610351562 AB 12.144075017924152 1.215805678322486
60044.2573 lsst_hardware_i -35.4680371615452 112.62000274658203 31.309999465942383 AB 5.0608349921748115 1.202574651605896
60044.2749 lsst_hardware_z 89.80528008502654 138.60000610351562 30.989999771118164 AB 4.944992934249912 1.2019427832894256
60046.2592 lsst_hardware_r 60.797433208512416 97.6500015258789 31.610000610351562 AB 7.141471187879466 1.2004490146040454
60046.2765 lsst_hardware_z 41.65356290509809 138.25 30.979999542236328 AB 7.117236533736302 1.2060046655488101
60051.2177 lsst_hardware_r -234.07593241246323 97.51000213623047 31.610000610351562 AB 16.302896006434747 1.2229006355779426
60051.2347 lsst_hardware_i -29.869976222059275 112.4800033569336 31.309999465942383 AB 16.10366603197464 1.2045227409973678
60053.2579 lsst_hardware_z -183.4215023668146 138.55999755859375 30.989999771118164 AB 11.85446061800667 1.206397159130907
60053.275 lsst_hardware_i 29.07136799661005 112.37999725341797 31.309999465942383 AB 11.781863769112684 1.227277475949238
60056.2209 lsst_hardware_r -183.35528584077008 97.63999938964844 31.610000610351562 AB 10.067621636512438 1.2046211949162355
60056.2393 lsst_hardware_u 26.653442444376832 34.470001220703125 29.360000610351562 AB 10.051470604131227 1.2010121203781066
60058.2238 lsst_hardware_g -42.58843077744061 103.02999877929688 31.65999984741211 AB 9.704912975479782 1.2009049218957
60058.2423 lsst_hardware_r -31.583282128415366 97.5999984741211 31.610000610351562 AB 9.708509002158277 1.2049781559089334
60060.2212 lsst_hardware_i 139.3273141050685 112.29000091552734 31.309999465942383 AB 7.129949418164716 1.2004292311077895
60060.2395 lsst_hardware_z 76.42580126937004 138.19000244140625 30.979999542236328 AB 7.178230082906462 1.2069661612330111
60062.2204 lsst_hardware_r -65.59271009663743 97.91999816894531 31.6200008392334 AB 2.579314726586653 1.2005188394631852
60062.2386 lsst_hardware_g -67.23483293888992 103.26000213623047 31.670000076293945 AB 2.551112242015491 1.211210560007444
60064.2263 lsst_hardware_r -45.47093613033446 97.69999694824219 31.610000610351562 AB 11.894538013241844 1.2052424777831436
60064.2451 lsst_hardware_i -121.15786955849565 112.19999694824219 31.309999465942383 AB 12.08109533227334 1.2275040979753444
60066.2214 lsst_hardware_z 129.4427300211936 138.3800048828125 30.979999542236328 AB 9.760886617448746 1.2056431098627942
60066.2394 lsst_hardware_i -77.19010674074853 112.19999694824219 31.309999465942383 AB 9.742791474863495 1.2271033387039962
60068.1862 lsst_hardware_z -172.32045187341913 195.75999450683594 31.739999771118164 AB 11.054546889505309 1.2059834602222215
60070.1842 lsst_hardware_y -154.94987243810567 147.1699981689453 30.020000457763672 AB 3.91238745152138 1.2036880683585418
60070.2035 lsst_hardware_r 24.990541903864766 97.86000061035156 31.6200008392334 AB 3.9390625236793406 1.2017886271776692
60072.1857 lsst_hardware_i -99.42018240302096 112.7300033569336 31.31999969482422 AB 10.58455785459942 1.2008801741092987
60072.2041 lsst_hardware_z -162.43703974058803 138.58999633789062 30.989999771118164 AB 10.613833508987705 1.2049991684596915
60077.1576 lsst_hardware_r 52.505689373207446 138.0500030517578 32.36000061035156 AB 8.39579362279315 1.209419997521341
60077.181 lsst_hardware_g -12.827848008303116 145.7899932861328 32.40999984741211 AB 7.143109405727085 1.2007916741668303
60080.1555 lsst_hardware_r 133.83284207030624 97.87999725341797 31.6200008392334 AB 8.114116344745513 1.204545013137124
60080.1759 lsst_hardware_i -10.480035427512968 112.54000091552734 31.309999465942383 AB 6.4372062627239295 1.2016812661816472
60085.1876 lsst_hardware_r -84.91950928315434 97.55999755859375 31.610000610351562 AB 9.216566666671168 1.2272392365740148
60085.212 lsst_hardware_i -38.28956552454749 111.6500015258789 31.299999237060547 AB 8.666588441776366 1.2855896620515475
60091.1384 lsst_hardware_i -123.97299423260394 112.38999938964844 31.309999465942383 AB 6.465466595306286 1.2003465428503073
60091.1592 lsst_hardware_z 27.497998923712526 138.17999267578125 30.979999542236328 AB 6.538548780208398 1.2109918718746726
60095.1143 lsst_hardware_r 75.44474205526939 97.87999725341797 31.6200008392334 AB 10.573339033744382 1.2047101063894092
60095.1362 lsst_hardware_z -129.30480304692023 138.52999877929688 30.989999771118164 AB 9.834962908897493 1.2021834850085047
60100.0792 lsst_hardware_z 81.14549009749344 137.99000549316406 30.979999542236328 AB 11.722022370095438 1.230723121433717
60100.1004 lsst_hardware_r 39.0025116516996 97.5999984741211 31.610000610351562 AB 10.86498026139073 1.2048772122417988
60102.074 lsst_hardware_i 60.342279425409245 112.18142760036973 31.309999465942383 AB 4.739881336487666 1.230259252868075
60102.093 lsst_hardware_z 248.78838222578418 138.46003061203444 30.989999771118164 AB 5.014079620253049 1.2062741668611987
60111.0743 lsst_hardware_r 534.1723110869656 100.55724191558971 31.6200008392334 AB 10.40903539633484 1.2026267752329325
60111.0977 lsst_hardware_u 69.10214898731016 35.645605850336935 29.389999389648438 AB 9.552308075207648 1.2050724540584048
60123.0529 lsst_hardware_z 1602.3294429545547 144.52142525319238 30.989999771118164 AB 8.397049772626971 1.2004359932276403
60123.0776 lsst_hardware_r 4394.018626956477 117.45808815770096 31.6200008392334 AB 8.542043682647138 1.2178562421795716
60125.0557 lsst_hardware_i 2834.6126344792415 124.2566981566011 31.309999465942383 AB 3.8110221835758025 1.2028476118598008
60125.0796 lsst_hardware_z 1852.152159042333 144.81100973020455 30.979999542236328 AB 3.8923888866315766 1.2293371927774421
60134.0109 lsst_hardware_z 2431.6152997276104 146.0033448435615 30.989999771118164 AB 2.9673183088036224 1.2029262425472527
60134.0371 lsst_hardware_r 4319.069591220667 118.57319218539843 31.6200008392334 AB 2.942867455017947 1.2067114115911624
60139.0055 lsst_hardware_i 2767.752365125477 123.59380041453872 31.309999465942383 AB 8.325660640137514 1.200455724621855
60139.0276 lsst_hardware_z 2036.3815068913045 144.42808924472934 30.979999542236328 AB 8.467176577082041 1.2104612690610494
60140.984 lsst_hardware_r 3189.008022313601 112.47510486522852 31.6200008392334 AB 5.107810523429971 1.2083772234280747
60140.9977 lsst_hardware_u -1.7907409194843604 34.83043943351969 29.3799991607666 AB 5.120673758569093 1.2008146076531916
60142.9663 lsst_hardware_y 466.86763657313077 147.65259777559095 30.010000228881836 AB 2.497853200874234 1.22323859004652
60142.9954 lsst_hardware_g 1388.6661606975017 151.6041299487613 32.41999816894531 AB 2.404390240637617 1.2003945285260196
60143.0257 lsst_hardware_r 2806.0059868529747 110.48832984283584 31.6200008392334 AB 2.7039967930962305 1.2216852980856463
60144.9667 lsst_hardware_z 1532.236695091036 143.23765704646493 30.979999542236328 AB 3.8538232893154483 1.2151421375738447
60144.986 lsst_hardware_i 2132.5563802044985 121.35966450672485 31.309999465942383 AB 3.7080694734934014 1.2009941614553528
60147.9699 lsst_hardware_y 394.62800323174986 147.7944078566467 30.020000457763672 AB 3.961265450312911 1.204520205852294
60147.9901 lsst_hardware_r 1796.9182590455325 106.24670128665576 31.610000610351562 AB 4.027958976122428 1.2016584057644475
60153.9689 lsst_hardware_y 140.58267899408153 148.46928698274832 30.030000686645508 AB 5.3794927760601485 1.2005116661592894
60153.9917 lsst_hardware_z 956.3669036481989 142.208152806893 30.989999771118164 AB 5.440807943396501 1.2162306791989494
60364.3722 lsst_hardware_z -34.77225038503124 64.47000122070312 30.959999084472656 AB 12.10783654738643 1.2084674255064223
60364.3906 lsst_hardware_y -11.645919409442453 61.9900016784668 30.0 AB 12.871826895691633 1.2002729273543162
60366.3763 lsst_hardware_r 55.363888021771416 100.51000213623047 31.6200008392334 AB 7.071583476773954 1.2021050787806618
60366.3938 lsst_hardware_y 24.630804196139756 66.31999969482422 30.010000228881836 AB 7.0594295147710655 1.202218922815236
60368.3744 lsst_hardware_r -112.49030832859387 92.70999908447266 31.610000610351562 AB 5.747516625452806 1.2009019275914765
60368.393 lsst_hardware_y -18.928393309941537 61.7400016784668 30.0 AB 5.696729432569893 1.204807070688028
60370.3845 lsst_hardware_z -130.36084159203384 92.19999694824219 31.709999084472656 AB 3.693195606217982 1.2029953114716554
60376.2214 lsst_hardware_u 2.1921654066916987 2.9200000762939453 28.43000030517578 AB 20.15107055692591 1.8706898029080818
60376.2505 lsst_hardware_g -22.21585886946935 20.1299991607666 32.0 AB 15.370576278957927 1.5525834625210027
60380.3527 lsst_hardware_r 21.463254029762084 23.850000381469727 31.479999542236328 AB 8.201195960728908 1.201156451353521
60380.3729 lsst_hardware_z -21.87794172090335 43.72999954223633 30.93000030517578 AB 8.341023269649785 1.2174010464350695
60383.2704 lsst_hardware_r -27.038940319179524 24.1200008392334 31.43000030517578 AB 11.523763033923267 1.3245704636693412
60383.2887 lsst_hardware_u -3.588084841719098 2.5 28.170000076293945 AB 10.998273887948733 1.2641694124079004
60389.1742 lsst_hardware_z 30.896432194962667 58.41999816894531 30.850000381469727 AB 10.929297373055768 2.062131579821843
60389.1906 lsst_hardware_r 38.904156656449985 52.0099983215332 31.450000762939453 AB 9.573624618057247 1.8063442675579713
60395.2787 lsst_hardware_y 79.05065390536959 92.91000366210938 30.75 AB 8.526175520452057 1.2185327963487724
60397.2786 lsst_hardware_z 88.21041674786964 82.47000122070312 30.969999313354492 AB 9.690501693724856 1.211956563640041
60397.306 lsst_hardware_r 163.23312096217296 158.4199981689453 32.369998931884766 AB 8.946390359942825 1.2010727235222622
60397.3358 lsst_hardware_i 25.880645593785054 89.6500015258789 31.299999237060547 AB 10.857852878552753 1.232061828436396
60415.2631 lsst_hardware_z -25.66047193935401 43.720001220703125 30.940000534057617 AB 19.92235770572613 1.2038042059111231
60415.2802 lsst_hardware_r 0.9692504505865612 24.3700008392334 31.489999771118164 AB 20.17406071195162 1.221399597103112
60420.1735 lsst_hardware_i 35.62125580175687 61.41999816894531 31.270000457763672 AB 8.884123851519684 1.3088948584191162
60420.1898 lsst_hardware_z -69.9935790626923 59.25 30.950000762939453 AB 8.532932206668907 1.25863739312176
60423.2331 lsst_hardware_z 121.96926374078676 93.91000366210938 30.979999542236328 AB 9.666447371543265 1.2006269118193966
60423.2511 lsst_hardware_r -208.08120710168885 139.89999389648438 31.6200008392334 AB 10.191640612874336 1.212088080817592
60426.2361 lsst_hardware_y -50.44634289440768 86.94999694824219 30.760000228881836 AB 3.486976339958385 1.2058360300711326
60429.2225 lsst_hardware_r 31.505594451828024 50.54999923706055 31.59000015258789 AB 11.902747576787608 1.2025406725386552
60429.2397 lsst_hardware_i 99.50372123304847 46.75 31.270000457763672 AB 12.05087716248274 1.2181831854923164
60432.2206 lsst_hardware_z -53.196631771367876 44.779998779296875 30.940000534057617 AB 14.354698936344123 1.2065137928734588
60432.2397 lsst_hardware_r -3.363234338806148 27.280000686645508 31.5 AB 14.539120694372453 1.2310855795404279
60443.1526 lsst_hardware_g 2.958888865785485 14.760000228881836 31.389999389648438 AB 7.609109554568006 1.2124138869611227
60443.1715 lsst_hardware_i -19.75484268480442 32.380001068115234 31.229999542236328 AB 7.105024050321089 1.2005278672447242
60445.1493 lsst_hardware_z -76.57315054413434 63.45000076293945 31.68000030517578 AB 8.053788548708171 1.2101406481662105
60445.1699 lsst_hardware_r -70.20740690188262 34.34000015258789 32.22999954223633 AB 6.4549491254180245 1.200288057535792
60447.165 lsst_hardware_y 1.4213121205533876 71.33999633789062 30.75 AB 9.820977346359578 1.2003150019994597
60449.1412 lsst_hardware_r 0.6726359071416891 74.7300033569336 31.610000610351562 AB 9.298012968744407 1.207534151784988
60449.1608 lsst_hardware_i -81.52085906557879 63.540000915527344 31.299999237060547 AB 9.243323575735609 1.2004316332124167
60458.1134 lsst_hardware_g 0.529237664671432 37.88999938964844 31.6200008392334 AB 11.516801805020851 1.2105534289290252
60458.1329 lsst_hardware_i 4.761939119039904 43.7599983215332 31.270000457763672 AB 10.903319565285107 1.2002993852028447
60460.1104 lsst_hardware_z 11.088608166083935 43.939998626708984 30.93000030517578 AB 10.587101932768709 1.2082054853281394
60460.1304 lsst_hardware_r 27.677834094089665 23.770000457763672 31.459999084472656 AB 9.823023844436962 1.2003939605006497
60464.1114 lsst_hardware_r -22.19077073538012 23.81999969482422 31.469999313354492 AB 13.823739217801984 1.201159058489427
60464.1301 lsst_hardware_i -2.644245737073109 32.06999969482422 31.229999542236328 AB 13.040589425165804 1.2043025481144347
60485.0321 lsst_hardware_z -68.29807575892914 54.86000061035156 30.950000762939453 AB 6.159418241044602 1.2197672930974854
60485.0516 lsst_hardware_g 106.32613975955323 71.38999938964844 31.65999984741211 AB 5.675430448107904 1.202039700965351
60487.0385 lsst_hardware_r -14.574396452888472 23.860000610351562 31.469999313354492 AB 9.92972766480003 1.206674889391181
60487.058 lsst_hardware_z 37.056919804691816 43.880001068115234 30.93000030517578 AB 9.035208047163788 1.2005857351061748
60493.0426 lsst_hardware_g 6.093946708829722 14.579999923706055 31.389999389648438 AB 7.674982530195301 1.2007795353630197
60493.0646 lsst_hardware_r 8.211937744438018 23.950000762939453 31.469999313354492 AB 7.74630522618106 1.2177331854872957
60497.0156 lsst_hardware_z 3.6465925859195183 43.81999969482422 30.93000030517578 AB 3.6109468483550833 1.2036489494516944
60497.0375 lsst_hardware_r -6.509327728856227 23.90999984741211 31.469999313354492 AB 3.608680541565745 1.2028935138552483
60499.0077 lsst_hardware_u -0.4049881008349247 2.680000066757202 28.34000015258789 AB 2.9211175072985895 1.205205779184565
60499.0301 lsst_hardware_g -11.006730702863932 14.5600004196167 31.389999389648438 AB 2.9509180645174107 1.2020032849358089
60501.012 lsst_hardware_r -12.04313984560396 34.880001068115234 32.2400016784668 AB 6.155886582819516 1.2007581110831305
60501.0359 lsst_hardware_z 126.26577968666395 62.029998779296875 31.68000030517578 AB 6.197250653768964 1.2098097908771768
60503.0093 lsst_hardware_r 48.59946481571146 28.450000762939453 31.510000228881836 AB 6.914460913132409 1.200357776714107
60503.0315 lsst_hardware_y -44.63073230858338 49.20000076293945 29.989999771118164 AB 6.985552863984532 1.2108775981945366
60506.0162 lsst_hardware_g 26.539771714527852 54.779998779296875 31.639999389648438 AB 5.277843115304337 1.2048265524692683
60506.0381 lsst_hardware_r 63.252380558327246 60.31999969482422 31.579999923706055 AB 5.390030480690105 1.2319365706394159
60508.014 lsst_hardware_i 52.94586772786682 67.79000091552734 31.290000915527344 AB 2.6764507804760957 1.2072852447360505
60508.0361 lsst_hardware_z 49.76052761743413 68.0199966430664 30.959999084472656 AB 2.728313646523588 1.2385943236970096
60510.968 lsst_hardware_y -67.76314696304483 58.400001525878906 30.0 AB 6.575222527031978 1.211278328590478
60510.9893 lsst_hardware_r -52.407247914029284 84.0999984741211 31.610000610351562 AB 6.555650082871401 1.2003021207576565
60513.9677 lsst_hardware_y -71.83736318363795 53.130001068115234 29.989999771118164 AB 6.697466461902411 1.2045622449128301
60513.9892 lsst_hardware_g 31.526066888795157 40.11000061035156 31.6200008392334 AB 6.8229297835793865 1.2020312623389118
60515.9656 lsst_hardware_y 78.02802148415424 59.560001373291016 30.010000228881836 AB 9.948673467351744 1.2026562866634525
60515.9849 lsst_hardware_z -78.71105103085941 43.70000076293945 30.93000030517578 AB 9.898455259987118 1.2025458174623682
60519.9686 lsst_hardware_y -112.98675093043828 54.560001373291016 30.0 AB 6.360958128395504 1.2007282808316064
60519.9899 lsst_hardware_u 3.763513431464137 2.640000104904175 28.280000686645508 AB 6.434180718592904 1.21646371765239
