data/validation/pwv_sim_epoch_fit_4/63538812.ecsv
# %ECSV 0.9
# ---
# datatype:
# - {name: time, datatype: float64}
# - {name: band, datatype: string}
# - {name: flux, datatype: float64}
# - {name: fluxerr, datatype: float64}
# - {name: zp, datatype: float64}
# - {name: zpsys, datatype: string}
# - {name: pwv, datatype: float64}
# - {name: airmass, datatype: float64}
# meta: {SNID: '63538812', alt: 1024.0, c: 0.014291208237409592, dec: -29.142223, lat: -30.244573, lon: -70.7499537, ra: 209.179688, t0: 61194.921875,
#   x0: 5.345762873068622e-06, x1: 0.4906872808933258, z: 0.5968185663223267}
# schema: astropy-2.0
time band flux fluxerr zp zpsys pwv airmass
[from data line 132]
61512.156 lsst_hardware_r 158.38855961877633 83.41999816894531 32.38999938964844 AB 15.288541676335091 1.043491491764237
61512.1753 lsst_hardware_y 74.71707941382027 70.36000061035156 30.809999465942383 AB 13.883646241507439 1.0173032600481728
61514.0495 lsst_hardware_r 174.94378354764598 115.91000366210938 31.540000915527344 AB 13.375036635548296 1.4876579381078483
61514.0672 lsst_hardware_i -42.5256594495403 91.54000091552734 31.280000686645508 AB 12.066618137484026 1.3536704215261417
61517.0722 lsst_hardware_r -166.5166904752505 151.57000732421875 31.610000610351562 AB 11.974181136229218 1.274888860016597
61517.0902 lsst_hardware_z 75.4587417509981 101.7699966430664 30.989999771118164 AB 10.794351232831259 1.1895912753837063
61519.0708 lsst_hardware_r 60.64228444590526 82.4800033569336 31.600000381469727 AB 11.640011744110122 1.2536024064091027
61519.0885 lsst_hardware_i -52.02657183686815 69.47000122070312 31.309999465942383 AB 10.653797608449517 1.1744898697441868
61523.0696 lsst_hardware_u -1.1787671500039398 2.690000057220459 28.329999923706055 AB 1.962511791209748 1.2075757099024191
61523.0866 lsst_hardware_g -5.549642035868129 14.989999771118164 31.420000076293945 AB 2.6435565725770935 1.1415963319031641
61529.0766 lsst_hardware_g 8.602526745903376 14.960000038146973 31.420000076293945 AB 12.250513518488004 1.120952252652474
61529.0968 lsst_hardware_r -14.031854228251401 23.989999771118164 31.510000228881836 AB 12.614800513428047 1.0681909067638806
61534.0438 lsst_hardware_z -40.18926243981051 43.75 30.940000534057617 AB 10.59746651010187 1.1895236850490438
61534.0633 lsst_hardware_i -71.25516691841005 31.93000030517578 31.25 AB 9.970886879835653 1.1198734831297121
61540.044 lsst_hardware_r 20.8987209988679 73.83999633789062 32.36000061035156 AB 7.33851154743295 1.1290017765281462
61540.0642 lsst_hardware_i -30.44319338658106 66.4000015258789 32.04999923706055 AB 6.980454381554906 1.0739160587007548
61545.051 lsst_hardware_i -24.446694426038725 111.51000213623047 31.34000015258789 AB 7.6371711337679535 1.0728875392791162
61545.0718 lsst_hardware_z 99.97653549612555 91.47000122070312 31.0 AB 7.394847220678298 1.0341238392744387
61548.0515 lsst_hardware_g 98.01054974627894 74.08000183105469 31.719999313354492 AB 2.0380414038756642 1.0547048838411235
61548.0729 lsst_hardware_r 42.78183006999259 71.2699966430664 31.65999984741211 AB 1.9734795321137286 1.0218223328168021
61549.9509 lsst_hardware_y 103.44898041561038 83.7699966430664 29.90999984741211 AB 8.16454000850974 1.4903101580766613
61549.9701 lsst_hardware_g 3.3735571368889077 15.220000267028809 31.360000610351562 AB 6.3300955169088065 1.3458743125958514
61551.9504 lsst_hardware_z 109.18376104916776 75.2300033569336 30.93000030517578 AB 8.692548676695754 1.4487581127826257
61551.9698 lsst_hardware_i 19.986218457147256 33.77000045776367 31.209999084472656 AB 7.641730108208152 1.3137644885171607
61560.9521 lsst_hardware_y -42.63562891379616 69.04000091552734 29.989999771118164 AB 15.694151941798603 1.2746778161423462
61560.9732 lsst_hardware_u -7.58892355390415 2.640000104904175 28.299999237060547 AB 13.824191548716502 1.1769275965193684
61562.952 lsst_hardware_y 101.38376623498206 67.94000244140625 30.0 AB 5.565144509078227 1.2468583664850394
61562.9695 lsst_hardware_r 37.874565032652036 24.1200008392334 31.489999771118164 AB 5.227924067661961 1.170081483362122
61571.9671 lsst_hardware_z -25.73226950606108 113.51000213623047 31.739999771118164 AB 10.03660529042845 1.0981268952026346
61573.9573 lsst_hardware_y 13.500980060493067 68.41999816894531 30.049999237060547 AB 6.536786154271214 1.1102821493455168
61573.9808 lsst_hardware_z 14.709383708772398 73.27999877929688 30.989999771118164 AB 7.236424776559222 1.054142507237658
61575.9571 lsst_hardware_y -4.101183253818839 58.77000045776367 30.049999237060547 AB 4.136642457850334 1.095654206820467
61575.9774 lsst_hardware_i 61.85155586268196 61.56999969482422 31.329999923706055 AB 3.829591598743288 1.0502822348285388
61577.9574 lsst_hardware_y 92.03577918584959 55.04999923706055 30.040000915527344 AB 4.624023354648629 1.0810528416418774
61577.9774 lsst_hardware_i 5.663033407049909 30.8700008392334 31.25 AB 5.523079350800982 1.04081397357994
61579.9586 lsst_hardware_y -88.12198285789313 52.22999954223633 30.040000915527344 AB 5.097733885007541 1.0659140376389111
61579.9785 lsst_hardware_g -20.424415074621496 14.770000457763672 31.450000762939453 AB 4.8329678174325705 1.0308498721861152
61584.9601 lsst_hardware_z 62.89339276382835 45.849998474121094 30.959999084472656 AB 4.137791498314898 1.037907566466813
61584.9795 lsst_hardware_u 0.10134501623522783 2.75 28.469999313354492 AB 4.085858454216121 1.013860658614292
