data/validation/pwv_sim_epoch_fit_4/63548670.ecsv
# %ECSV 0.9
# ---
# datatype:
# - {name: time, datatype: float64}
# - {name: band, datatype: string}
# - {name: flux, datatype: float64}
# - {name: fluxerr, datatype: float64}
# - {name: zp, datatype: float64}
# - {name: zpsys, datatype: string}
# - {name: pwv, datatype: float64}
# - {name: airmass, datatype: float64}
# meta: {SNID: '63548670', alt: 1024.0, c: -0.048121899366378784, dec: -4.630479, lat: -30.244573, lon: -70.7499537, ra: 216.210938, t0: 60352.1484375,
#   x0: 3.086916693799164e-06, x1: 1.3348208665847778, z: 0.7466325163841248}
# schema: astropy-2.0
time band flux fluxerr zp zpsys pwv airmass
60357.3262 lsst_hardware_u -0.04921009713333121 2.7563628708457544 28.34000015258789 AB 5.924573737835677 1.1992659635981935
60357.3432 lsst_hardware_z 708.3250861594629 50.28330322311917 30.940000534057617 AB 4.711473243349743 1.1556225762447248
60360.3764 lsst_hardware_r 583.2047946542126 35.640757877772685 31.510000228881836 AB 2.993171048977901 1.108581869991815
60360.3944 lsst_hardware_y 201.26520694273603 71.1317827784212 30.040000915527344 AB 3.000419584175314 1.1112665126575236
60361.3773 lsst_hardware_z 742.7238724261447 49.39756173422356 30.950000762939453 AB 5.784453884992442 1.1080267953246703
60361.3952 lsst_hardware_y 277.4152421308007 71.62208846704577 30.040000915527344 AB 5.798489665015543 1.113399087609993
60366.3733 lsst_hardware_r 656.0764661003182 107.15155555757889 31.639999389648438 AB 7.500410217669282 1.1092409831285217
60366.3909 lsst_hardware_y 356.9528378165005 65.70325211380805 30.030000686645508 AB 6.70823479621177 1.1216533490488971
60368.3418 lsst_hardware_i 699.6349338246091 88.56887094543013 31.31999969482422 AB 5.302423678454846 1.1149500454092092
60368.3599 lsst_hardware_r 326.2111078287186 104.28360536317092 31.639999389648438 AB 5.283561133417583 1.1079551524859939
60370.3521 lsst_hardware_z 1051.5218981144444 98.09921506562632 31.729999542236328 AB 3.5458587876380343 1.1080808711368857
60371.3465 lsst_hardware_r 386.5970924078445 63.52822757321246 31.6200008392334 AB 6.57037073383561 1.1085491368037135
60371.3641 lsst_hardware_i 758.6525737059445 60.22099462659959 31.299999237060547 AB 6.6348846629723335 1.1111228083575417
60376.2169 lsst_hardware_u 2.158846981262181 2.4362481710777155 27.979999542236328 AB 16.275886851222268 1.5077245809376774
60376.2459 lsst_hardware_g 53.446440644184 16.693901902862127 31.34000015258789 AB 14.16149762377446 1.31383487174064
60380.3479 lsst_hardware_r 270.3071992461585 28.401283004921634 31.5 AB 7.6528069305505175 1.1169535036927103
60380.3681 lsst_hardware_z 277.505602127484 46.6867251454458 30.940000534057617 AB 7.8587765106957495 1.1438850857968414
60383.2391 lsst_hardware_i 319.92510197404863 37.82887060394255 31.229999542236328 AB 11.635201366073453 1.256908433193632
60383.2571 lsst_hardware_r 169.61757276265791 27.859714815004804 31.479999542236328 AB 10.384436792850046 1.1936134244655225
60385.3215 lsst_hardware_u -0.07519654821173985 2.7050694750965483 28.3700008392334 AB 8.995549344880496 1.1092606627881492
60385.342 lsst_hardware_g -27.40972690028205 15.142047681347517 31.420000076293945 AB 9.909724539081326 1.1250822592054053
60392.3062 lsst_hardware_r 304.93571184015804 118.33892979003228 32.38999938964844 AB 6.7103476888747995 1.1108314562904802
60392.328 lsst_hardware_z 458.4761291946763 90.75522264403168 31.719999313354492 AB 6.805305670115699 1.131922324749652
60395.2392 lsst_hardware_r 169.576927157238 147.07008312001227 31.6299991607666 AB 7.283752231750957 1.1561511478969773
60395.2563 lsst_hardware_y 179.03862440411632 71.29257661474176 30.040000915527344 AB 7.827687063385007 1.12709676938589
60397.2815 lsst_hardware_z 122.78164510422495 90.75289089442367 30.989999771118164 AB 8.80633152743932 1.1079585477859053
60397.2994 lsst_hardware_r -80.78454540276269 125.78331818565363 31.649999618530273 AB 8.273401292571291 1.1152140491424123
60399.2801 lsst_hardware_i 87.34942996838367 62.70720984947541 31.299999237060547 AB 5.037754789344922 1.1084168953454174
60399.2991 lsst_hardware_z 178.1719771390142 60.64700391955942 30.959999084472656 AB 4.573865385843301 1.1198560481131217
60405.1231 lsst_hardware_r 104.47862358689011 37.53228602979151 32.13999938964844 AB 15.970308359870225 1.6506778666533417
60405.1431 lsst_hardware_z 314.688216963092 68.61757510576977 31.65999984741211 AB 17.041532298037374 1.4639862804894441
60413.2763 lsst_hardware_r 10.153827935209454 25.44981739249035 31.510000228881836 AB 8.021495786694068 1.1408755207927845
60413.2939 lsst_hardware_i 69.81993033784113 34.16703872371451 31.25 AB 8.565861845636869 1.1790587537008765
60415.2322 lsst_hardware_i 49.64182004356294 33.55537863014842 31.260000228881836 AB 18.154743178675705 1.1079536090327442
60415.2499 lsst_hardware_z 15.07951976701147 43.98949208703936 30.950000762939453 AB 18.22130059421497 1.1149356608651873
60420.1393 lsst_hardware_z 20.731496561146347 60.94090153094874 30.959999084472656 AB 9.12962484032401 1.251919758700584
60420.1597 lsst_hardware_i 69.55407483583134 62.283755028888315 31.299999237060547 AB 8.547364126553452 1.1833537486575456
60426.2328 lsst_hardware_y 194.12267439555063 86.8655454819163 30.780000686645508 AB 3.1851868917806447 1.1285984203315245
60429.1893 lsst_hardware_g 125.55492005643933 48.36033128378807 31.68000030517578 AB 12.182679935079427 1.1083140079675002
60429.2079 lsst_hardware_r 12.452336943540534 49.44987648487109 31.610000610351562 AB 12.22098398150871 1.1123299690394906
60432.1861 lsst_hardware_i 58.84668567508356 33.4954004842323 31.260000228881836 AB 12.840181428823806 1.1079628465634486
60432.2057 lsst_hardware_z 108.19362914607323 43.99982988660295 30.950000762939453 AB 12.893274828720909 1.116752063926629
60436.1821 lsst_hardware_r 34.32344800966004 25.275647158638176 31.5 AB 7.084969650092034 1.1092073712782216
60436.1989 lsst_hardware_u 0.570390556776615 2.794413769277493 28.420000076293945 AB 7.141860295385261 1.1207020026234848
60443.1502 lsst_hardware_g -2.932884355557428 15.329999923706055 31.440000534057617 AB 6.909181869487228 1.1084841760768487
60443.1691 lsst_hardware_i -0.7423138423309996 32.029998779296875 31.239999771118164 AB 6.569067271862015 1.1119876888467326
60445.1177 lsst_hardware_r -25.262536458158152 29.950000762939453 31.530000686645508 AB 5.991840623591259 1.1298964027137959
60445.1355 lsst_hardware_z 23.144691315098203 43.81999969482422 30.940000534057617 AB 7.50570127092333 1.1122441034228623
60452.1339 lsst_hardware_i 17.875472559934078 124.62999725341797 31.329999923706055 AB 2.087791789571747 1.1081697396876724
60452.1448 lsst_hardware_z -28.00767915085186 104.6500015258789 30.989999771118164 AB 2.071380718807421 1.1121507215074329
60458.1109 lsst_hardware_g 2.1592326622998548 36.58000183105469 31.649999618530273 AB 10.540020887317866 1.108192712366533
60458.1304 lsst_hardware_i 19.71851358229838 42.91999816894531 31.280000686645508 AB 10.113358541445788 1.1134177003004528
60460.0756 lsst_hardware_r -27.99060114835158 24.34000015258789 31.489999771118164 AB 10.380833361605891 1.131518474164762
60460.0946 lsst_hardware_z 2.522361978712717 42.84000015258789 30.940000534057617 AB 9.786723765373939 1.1122119590924242
60464.0767 lsst_hardware_g 14.19957818261639 15.039999961853027 31.420000076293945 AB 12.822585349524196 1.1174528620189812
60464.0968 lsst_hardware_r 3.641771848391081 24.149999618530273 31.489999771118164 AB 12.846361819999538 1.1079782786254828
60466.0732 lsst_hardware_i -33.40618675138338 31.860000610351562 31.239999771118164 AB 4.699614351546073 1.1157678897308962
60466.0924 lsst_hardware_z -17.436569719548874 42.540000915527344 30.940000534057617 AB 5.6505606895377225 1.1079530763799457
60485.0287 lsst_hardware_z -25.524627545944853 52.540000915527344 30.959999084472656 AB 5.579388716001277 1.1109156532822613
60485.0482 lsst_hardware_g 2.4503801253619324 69.5999984741211 31.700000762939453 AB 5.259726259249947 1.1091788821699957
60487.0035 lsst_hardware_g -1.1165631250634211 15.3100004196167 31.43000030517578 AB 9.297034626616881 1.1292402072897947
60487.0226 lsst_hardware_r 53.169835332780146 24.510000228881836 31.5 AB 9.098864808379256 1.1112438701000977
60490.0064 lsst_hardware_i -65.23997726279924 32.209999084472656 31.239999771118164 AB 3.839700705653419 1.1168413919877154
60490.0277 lsst_hardware_r 26.82499019225784 24.43000030517578 31.489999771118164 AB 3.9271964598798723 1.1079690957484034
60493.006 lsst_hardware_u -0.5191910967690171 2.7799999713897705 28.420000076293945 AB 7.337942703971639 1.111360466070018
60493.0261 lsst_hardware_g -28.858216898847672 15.520000457763672 31.450000762939453 AB 7.41248270336956 1.109099656364454
60497.0117 lsst_hardware_z -33.95767910274287 42.68000030517578 30.940000534057617 AB 3.3248292412645633 1.1082764137548544
60497.0336 lsst_hardware_r 18.739425285595484 24.770000457763672 31.5 AB 3.366199207334445 1.122066402444815
60499.0032 lsst_hardware_u 3.5578871708079913 4.010000228881836 29.209999084472656 AB 2.706777801103401 1.107972902621122
60499.0256 lsst_hardware_g -8.344356677129879 22.200000762939453 32.209999084472656 AB 2.7696847860361533 1.1194037732792375
60500.9699 lsst_hardware_y 45.152959186758885 49.72999954223633 30.030000686645508 AB 6.628335225275218 1.1233990466972108
60501.0007 lsst_hardware_r 12.048557952226407 36.189998626708984 32.279998779296875 AB 5.57826258134043 1.1082640890080322
60501.0321 lsst_hardware_z -0.5486507019692173 43.5 30.940000534057617 AB 5.701780525039509 1.1344945498337606
60505.971 lsst_hardware_z 15.848248699016269 59.130001068115234 30.969999313354492 AB 4.726622542767916 1.111100738779482
60505.9957 lsst_hardware_g 73.75481885580722 60.040000915527344 31.68000030517578 AB 4.71310175129009 1.1112311579591048
60507.9626 lsst_hardware_y -19.92580454688633 64.9800033569336 30.040000915527344 AB 2.2166967370182196 1.1127995667762147
60507.986 lsst_hardware_i -18.92761324870817 66.94000244140625 31.31999969482422 AB 2.2465017674269774 1.1093835888528283
60510.9646 lsst_hardware_y 32.80412730274338 60.130001068115234 30.040000915527344 AB 6.040096919978554 1.1084780546849136
60510.9859 lsst_hardware_r -3.474384477930786 82.30000305175781 31.639999389648438 AB 6.112413448230511 1.1135750497777464
60513.9648 lsst_hardware_y 74.21918975793513 56.900001525878906 30.040000915527344 AB 6.25415310413689 1.108204678681118
60513.9864 lsst_hardware_g 58.4894832490997 39.45000076293945 31.649999618530273 AB 6.38123512775947 1.1212197132059512
60724.3789 lsst_hardware_r 110.84012973208031 82.62000274658203 31.6299991607666 AB 5.008298114502674 1.1087664632505367
60727.3757 lsst_hardware_r -27.51286006961453 36.470001220703125 31.579999923706055 AB 5.7761193184631034 1.1079512759200325
60727.3924 lsst_hardware_y 45.92407023764281 60.88999938964844 30.040000915527344 AB 5.798006109299827 1.1128432576509906
60729.3713 lsst_hardware_g -4.623457595034236 18.309999465942383 31.520000457763672 AB 10.87969729791284 1.1079121484636234
60729.3893 lsst_hardware_z -39.936950510636706 46.95000076293945 30.959999084472656 AB 10.810541768186074 1.1144888420810386
60731.3754 lsst_hardware_i -68.27669675115723 32.209999084472656 31.25 AB 8.988548442533524 1.1096973385843858
60731.3945 lsst_hardware_y 27.478410527942252 57.33000183105469 30.030000686645508 AB 9.112122440606935 1.1249533877292512
60733.3414 lsst_hardware_z -11.782510996072508 42.880001068115234 30.940000534057617 AB 5.802035699055343 1.1157760959721814
60733.3589 lsst_hardware_r -20.83327921231549 24.350000381469727 31.489999771118164 AB 5.761480491416222 1.1079770175800427
60738.3478 lsst_hardware_r -42.2915068743061 24.260000228881836 31.5 AB 7.9813537995042925 1.1079186738007276
60738.3665 lsst_hardware_z -73.95056889620834 42.58000183105469 30.940000534057617 AB 8.149174805314685 1.115879473541122
60740.3401 lsst_hardware_r 12.920162485622962 24.209999084472656 31.489999771118164 AB 7.914115686921872 1.1079540370883203
60740.3587 lsst_hardware_u 2.364588431004024 2.740000009536743 28.399999618530273 AB 7.95527444015594 1.1140670714078968
60742.3424 lsst_hardware_g -10.057327017360029 15.020000457763672 31.420000076293945 AB 9.014238495971112 1.108728328891633
60742.3604 lsst_hardware_r 6.448459463544462 24.219999313354492 31.489999771118164 AB 9.13264562298943 1.1203638131619356
60749.1657 lsst_hardware_z -58.178444759798985 144.2100067138672 31.649999618530273 AB 18.385042895249356 1.851651011708063
60749.1931 lsst_hardware_r 204.3788341851142 197.92999267578125 32.290000915527344 AB 15.56224758878202 1.5308383561389376
60751.3379 lsst_hardware_z 6.046007428160102 148.74000549316406 32.18000030517578 AB 9.917088239602675 1.1226045098033366
60753.3049 lsst_hardware_r 18.081215077720568 83.04000091552734 31.639999389648438 AB 6.093642037754583 1.1079349159553786
60753.325 lsst_hardware_z -122.51998060644337 66.12999725341797 30.979999542236328 AB 6.134870225727449 1.1154309501322635
60755.3052 lsst_hardware_r -5.092919699365491 46.689998626708984 31.6200008392334 AB 4.351060061423603 1.1083385496844176
60755.3254 lsst_hardware_y -56.820020101478086 50.47999954223633 30.030000686645508 AB 4.426903623493117 1.1208769777169338
60757.3044 lsst_hardware_g -15.313265693029006 24.09000015258789 31.600000381469727 AB 6.868953633893188 1.10968556282604
60757.3248 lsst_hardware_r 31.712530790782974 30.110000610351562 31.559999465942383 AB 6.936915703870447 1.1265494024582643
60759.2826 lsst_hardware_i 4.600500239357639 32.20000076293945 31.25 AB 7.21199848005958 1.1089695253807659
60759.2993 lsst_hardware_z 7.2210185614118565 42.86000061035156 30.950000762939453 AB 6.823496472751921 1.1098274261378311
60763.277 lsst_hardware_g -4.5766359359826865 15.300000190734863 31.450000762939453 AB 8.78510298420852 1.107971116686659
60763.296 lsst_hardware_i 2.313360254053147 32.20000076293945 31.260000228881836 AB 8.295818951210244 1.11413093623558
60766.2764 lsst_hardware_z -44.24330575462143 42.630001068115234 30.950000762939453 AB 5.217832293644878 1.1086045949670422
60766.2949 lsst_hardware_r 19.836763708005318 24.510000228881836 31.510000228881836 AB 5.664014948380725 1.1203853849924783
60770.278 lsst_hardware_r 3.170606176684218 24.3799991607666 31.5 AB 7.750502049594672 1.1149662486229988
60770.2976 lsst_hardware_i 28.22085231797284 32.08000183105469 31.239999771118164 AB 7.870880724071838 1.1387269566075642
60772.2453 lsst_hardware_i -33.746265866129704 36.9900016784668 31.270000457763672 AB 9.509549841997352 1.1095784734694756
60772.2616 lsst_hardware_z -2.776640429996975 42.83000183105469 30.940000534057617 AB 8.872323546667568 1.109040443333446
60774.2448 lsst_hardware_r -11.487645355349372 63.790000915527344 31.6299991607666 AB 8.127043505535816 1.1082332053003388
60774.2633 lsst_hardware_z -86.28748868623866 54.619998931884766 30.969999313354492 AB 5.6095379002701495 1.1123414436387367
60777.2496 lsst_hardware_i -29.424937784726005 110.27999877929688 31.329999923706055 AB 7.584640141719196 1.1096090423727754
60777.2671 lsst_hardware_z 229.06029616570578 92.86000061035156 30.989999771118164 AB 6.601573952383261 1.122812135791013
60779.2529 lsst_hardware_r -163.66354887385162 161.32000732421875 31.649999618530273 AB 7.854881433462295 1.114562814255026
60779.2714 lsst_hardware_z -10.670902843960349 106.25 30.989999771118164 AB 8.048005543966422 1.1360820925983093
60781.187 lsst_hardware_y -58.7963259039766 82.45999908447266 30.770000457763672 AB 19.606293287532587 1.1471930071500578
60783.227 lsst_hardware_r 57.59213928446747 57.79999923706055 31.6200008392334 AB 13.159766998897918 1.1080664906871862
60783.2444 lsst_hardware_i -27.676064670451893 51.13999938964844 31.299999237060547 AB 13.279808232761908 1.1165132195024305
60785.2249 lsst_hardware_z -27.873422246661338 45.59000015258789 30.950000762939453 AB 3.0061423066049224 1.108698026224291
60785.2422 lsst_hardware_r -7.878896569807296 37.130001068115234 31.56999969482422 AB 3.026686365549095 1.1195436898646551
60791.2166 lsst_hardware_u -1.3281858312868755 2.7899999618530273 28.40999984741211 AB 6.579961496198315 1.1121688257701812
60791.2338 lsst_hardware_r -17.228074682667256 24.959999084472656 31.5 AB 6.683438531026798 1.1289592113220943
60793.2185 lsst_hardware_i -13.812450842746072 32.349998474121094 31.25 AB 2.3880954836833017 1.1177605821124743
60793.2365 lsst_hardware_z -10.727249515877372 43.209999084472656 30.940000534057617 AB 2.457620783701512 1.1416192236448783
60796.1852 lsst_hardware_z 14.856588212175613 42.689998626708984 30.940000534057617 AB 10.69975595648726 1.108160975944825
