data/validation/pwv_sim_epoch_fit_4/63602181.ecsv
# %ECSV 0.9
# ---
# datatype:
# - {name: time, datatype: float64}
# - {name: band, datatype: string}
# - {name: flux, datatype: float64}
# - {name: fluxerr, datatype: float64}
# - {name: zp, datatype: float64}
# - {name: zpsys, datatype: string}
# - {name: pwv, datatype: float64}
# - {name: airmass, datatype: float64}
# meta: {SNID: '63602181', alt: 1024.0, c: 0.01258433423936367, dec: -45.191612, lat: -30.244573, lon: -70.7499537, ra: 203.158997, t0: 61225.32421875,
#   x0: 1.7279123933501843e-05, x1: -1.634496808052063, z: 0.365444540977478}
# schema: astropy-2.0
time band flux fluxerr zp zpsys pwv airmass
61077.3742 lsst_hardware_r -71.17254461264048 67.23999786376953 31.639999389648438 AB 4.591291861213598 1.0366039950058925
61079.3699 lsst_hardware_r 20.515515191092103 54.06999969482422 31.6299991607666 AB 8.475486435865108 1.0363658684327324
61079.3813 lsst_hardware_y -36.54434143565995 56.849998474121094 30.059999465942383 AB 6.903065083942972 1.0358741122363484
61081.3647 lsst_hardware_g -26.20839817210744 28.860000610351562 31.639999389648438 AB 3.526071290457396 1.0363177929338416
61081.3767 lsst_hardware_z 5.055308315341167 45.54999923706055 30.959999084472656 AB 3.935319970937808 1.0359740183233963
61083.3708 lsst_hardware_z 17.423698548433407 41.52000045776367 30.959999084472656 AB 6.412526969352999 1.0359215372800452
61083.3814 lsst_hardware_y 32.091769897770625 49.869998931884766 30.059999465942383 AB 5.288556776692248 1.0386010951870193
61089.3596 lsst_hardware_z -49.710301773507965 40.88999938964844 30.950000762939453 AB 5.424981279429003 1.0368682862650003
61089.3711 lsst_hardware_r -6.040202788018723 22.530000686645508 31.5 AB 5.510656511869957 1.0414659129449482
61095.3519 lsst_hardware_z -66.77129446256852 41.0 30.940000534057617 AB 10.429658589319136 1.040019138040798
61095.3638 lsst_hardware_r 1.777357706628272 22.280000686645508 31.479999542236328 AB 10.529846301966435 1.04757217396448
61098.3565 lsst_hardware_u 2.7655342192250316 2.6500000953674316 28.420000076293945 AB 5.451115591154239 1.0482914598373536
61098.3679 lsst_hardware_r -16.626037531217936 22.360000610351562 31.479999542236328 AB 5.508998125832219 1.059422716506196
61100.3556 lsst_hardware_i 38.48784377162881 30.170000076293945 31.239999771118164 AB 4.401730159920197 1.0523112246048882
61100.3681 lsst_hardware_z -45.26905390942185 41.150001525878906 30.940000534057617 AB 4.460316190130982 1.0663172483628207
61102.338 lsst_hardware_z -5.527108979693708 62.04999923706055 30.979999542236328 AB 6.229025425838314 1.0428637913675576
61102.3511 lsst_hardware_r 18.851064094587738 87.51000213623047 31.649999618530273 AB 6.310611116365093 1.053231340700711
61104.3499 lsst_hardware_y 21.642068137286632 78.81999969482422 30.799999237060547 AB 10.24685725141714 1.0576218316833876
61108.3399 lsst_hardware_z -43.489663758202546 53.08000183105469 30.969999313354492 AB 7.278404961253508 1.058638589324535
61108.3516 lsst_hardware_r -19.7064636257578 57.83000183105469 31.6299991607666 AB 7.354926953032142 1.0736858402032274
61110.34 lsst_hardware_z 40.35217414340388 44.68000030517578 30.950000762939453 AB 7.036246375970695 1.0652908971946549
61110.3519 lsst_hardware_r 2.5761871989357203 36.630001068115234 31.579999923706055 AB 7.175817590868064 1.0825975746846463
61112.2793 lsst_hardware_z -23.538709193779667 41.22999954223633 30.950000762939453 AB 15.735808375791123 1.0364779591484075
61112.2913 lsst_hardware_g -4.1851552119867055 17.860000610351562 31.520000457763672 AB 15.769093625958542 1.0358956135122104
61115.282 lsst_hardware_r -7.6547795636307425 22.190000534057617 31.489999771118164 AB 7.79159059169938 1.0357943800725937
61115.2949 lsst_hardware_z 9.22506533372016 40.70000076293945 30.950000762939453 AB 8.046308952101816 1.0389595677110002
61117.2947 lsst_hardware_u -0.51948182795838 2.630000114440918 28.40999984741211 AB 6.272603654751681 1.041499389210485
61117.3069 lsst_hardware_g 16.600050637278173 13.479999542236328 31.399999618530273 AB 6.3517870944116375 1.0502293476209719
61119.2808 lsst_hardware_r 24.336864642443423 22.15999984741211 31.479999542236328 AB 5.184828180546219 1.0377785626499865
61119.2935 lsst_hardware_i -60.22536703717128 30.09000015258789 31.239999771118164 AB 4.9989463487445365 1.044093643348321
61121.2837 lsst_hardware_z -49.522703050082484 40.97999954223633 30.950000762939453 AB 5.458015046140626 1.0414568613539332
61121.2962 lsst_hardware_r 23.717848136563873 22.3799991607666 31.489999771118164 AB 6.071722432356749 1.050425575426106
61125.2334 lsst_hardware_g 14.542776983852812 13.710000038146973 31.43000030517578 AB 6.782203078631035 1.0400158065755893
61125.2456 lsst_hardware_i 13.455274037491249 30.170000076293945 31.25 AB 6.760333008073702 1.0361589937399822
61127.2343 lsst_hardware_z 49.37777066467091 44.369998931884766 30.950000762939453 AB 7.9263192696931934 1.037521611286673
61127.2447 lsst_hardware_r -28.57840752385944 33.56999969482422 31.579999923706055 AB 7.963238084742726 1.0357111876453593
61129.244 lsst_hardware_y -35.90348514214983 70.62999725341797 30.799999237060547 AB 6.693452693979043 1.0358175013895146
61132.2223 lsst_hardware_r 86.91938232490767 116.83000183105469 31.65999984741211 AB 8.856738153303336 1.0370482986577358
61132.2344 lsst_hardware_i 15.673154733996302 90.20999908447266 31.34000015258789 AB 8.814719313634967 1.0357260669318855
61134.2318 lsst_hardware_z 82.86389026247014 76.58000183105469 30.989999771118164 AB 5.697822668218732 1.0359677578579514
61134.2442 lsst_hardware_r -43.388128296636935 109.33000183105469 31.65999984741211 AB 5.717082409587095 1.0394695290158356
61138.2099 lsst_hardware_z 22.156019148716066 47.599998474121094 30.969999313354492 AB 9.593453157751721 1.036196560693232
61138.2218 lsst_hardware_i -65.75882387205755 44.0099983215332 31.299999237060547 AB 9.573143185238303 1.036091834327173
61140.2137 lsst_hardware_r -36.95941609297534 29.579999923706055 31.559999465942383 AB 5.0125798741412995 1.0357996709205055
61140.2242 lsst_hardware_z -37.96765025287466 42.65999984741211 30.950000762939453 AB 4.975650889198608 1.0380356514322548
61149.2006 lsst_hardware_r 26.369545171713636 22.760000228881836 31.5 AB 9.295155052474353 1.0383907783583035
61149.212 lsst_hardware_i 44.95996050971471 30.559999465942383 31.25 AB 9.375720959925385 1.0443770562816037
61151.2003 lsst_hardware_z -3.10785319886401 41.09000015258789 30.950000762939453 AB 7.0492769891722515 1.0406756950245066
61151.2111 lsst_hardware_r 19.7724693174357 22.81999969482422 31.5 AB 8.376185108265766 1.0477434621634445
61153.1904 lsst_hardware_u 5.44095656703045 2.7100000381469727 28.450000762939453 AB 4.220460367260398 1.0386694915325017
61153.2013 lsst_hardware_r -19.283400132666156 22.799999237060547 31.5 AB 4.221289388418964 1.0445288819908358
61155.1937 lsst_hardware_i -53.12892822816996 34.790000915527344 31.270000457763672 AB 13.249935278816734 1.0431308731887867
61155.2048 lsst_hardware_z 1.896861373707844 43.029998779296875 30.950000762939453 AB 13.364895298866548 1.0517328584588845
61157.1871 lsst_hardware_r 97.46759271192018 54.84000015258789 31.6299991607666 AB 3.6854472627629873 1.0424364679588884
61157.1995 lsst_hardware_z -14.726126523978845 50.06999969482422 30.969999313354492 AB 3.667564558501797 1.0518827605645689
61159.1366 lsst_hardware_r 80.25279060474153 90.47000122070312 31.65999984741211 AB 8.514670943829131 1.0421236085709724
61159.1484 lsst_hardware_y 21.48875273257569 54.880001068115234 30.059999465942383 AB 8.608237404894917 1.0371057986078631
61161.1331 lsst_hardware_z 11.153222361388949 87.91000366210938 31.0 AB 9.707057301835635 1.0410364153434764
61161.1446 lsst_hardware_r -43.98303367069349 132.14999389648438 31.670000076293945 AB 9.654283282247352 1.0366922836213386
61166.1316 lsst_hardware_r 11.818136833601718 58.15999984741211 31.639999389648438 AB 3.6771638591121687 1.036550770715199
61166.1442 lsst_hardware_z 18.172029265311892 51.380001068115234 30.979999542236328 AB 3.5445051167993444 1.0359506405960381
61168.1315 lsst_hardware_g 35.37144940376832 24.290000915527344 31.600000381469727 AB 10.147155679948566 1.0357939753941272
61168.1426 lsst_hardware_i 27.739789292915752 36.11000061035156 31.270000457763672 AB 10.148213860106136 1.0365897712059382
61175.0219 lsst_hardware_g -18.10476989613514 14.050000190734863 31.3799991607666 AB 6.825166380611663 1.1578545092645889
61177.118 lsst_hardware_i -12.495837290746378 30.270000457763672 31.25 AB 8.833010492645862 1.0365862394186136
61177.1301 lsst_hardware_z -14.251900717847874 40.970001220703125 30.940000534057617 AB 8.250675256218754 1.041094669554417
61178.1087 lsst_hardware_r -8.50741923776495 22.450000762939453 31.489999771118164 AB 8.863818947335432 1.035734861805963
61178.1215 lsst_hardware_u -4.262395691905244 2.630000114440918 28.389999389648438 AB 8.874418797386339 1.038429533979161
61182.1058 lsst_hardware_g 9.354715529572115 15.829999923706055 31.469999313354492 AB 4.78610947575207 1.0369270186506514
61182.1176 lsst_hardware_i 6.096806316176173 31.059999465942383 31.25 AB 4.86833354130473 1.04172615006516
61185.0983 lsst_hardware_z -54.269898245743555 47.369998931884766 30.969999313354492 AB 5.92033356584571 1.0371084463248843
61185.1109 lsst_hardware_r 41.40862045039601 46.869998931884766 31.6299991607666 AB 5.9891842156992325 1.0425945192269344
61187.1055 lsst_hardware_y 23.129891364573197 74.73999786376953 30.799999237060547 AB 6.434774481358947 1.0426315659776852
61189.08 lsst_hardware_z 151.30972428338714 76.70999908447266 31.0 AB 9.944906144856153 1.035819825524024
61193.9957 lsst_hardware_r 15.772727936817304 44.209999084472656 31.600000381469727 AB 10.063304628494192 1.097336212761083
61196.044 lsst_hardware_z 67.4757222555625 40.900001525878906 30.950000762939453 AB 9.880578460100114 1.038175781880282
61196.056 lsst_hardware_r 3.271093303738512 22.34000015258789 31.489999771118164 AB 9.852161381947482 1.0357431410944735
61198.0879 lsst_hardware_g 26.044210142568996 13.568938229450046 31.389999389648438 AB 4.452990691628097 1.0522189725020163
61198.1012 lsst_hardware_i -30.813214817479274 30.35367527948931 31.239999771118164 AB 4.5470910689058215 1.0672252547892458
61219.9545 lsst_hardware_y 868.108093632865 79.71248588025323 30.06999969482422 AB 3.9582648574219856 1.054412588551408
61219.9609 lsst_hardware_z 8226.612605799704 148.181244985345 32.18000030517578 AB 4.217829027011841 1.0485591117492352
61221.9962 lsst_hardware_r 6256.865301589402 108.18299651049583 31.649999618530273 AB 8.106523967135118 1.0368387756136237
61222.008 lsst_hardware_i 4577.438696546838 90.78050700178125 31.329999923706055 AB 8.520425809794958 1.0415213531516008
61223.0053 lsst_hardware_z 6006.144355533865 102.95804882478468 31.719999313354492 AB 9.10356614196576 1.0415383721715874
61224.9987 lsst_hardware_g 2671.423632544902 53.79835464224615 31.399999618530273 AB 8.555459260913091 1.0409262096437806
61225.0113 lsst_hardware_r 5558.951897996549 78.18925917405413 31.489999771118164 AB 8.292098350896405 1.0496327026451144
61230.9937 lsst_hardware_i 4362.0411439456875 72.53402191509537 31.260000228881836 AB 8.412435572710702 1.0486052443391338
61231.0067 lsst_hardware_z 2805.358086830956 66.64162600935504 30.950000762939453 AB 8.678993090465058 1.0617154676695892
61441.3685 lsst_hardware_r 6.992366589491368 23.190000534057617 31.510000228881836 AB 7.214888636510094 1.0397341616202849
61441.379 lsst_hardware_y -28.30308823521059 54.06999969482422 30.059999465942383 AB 5.936574523299019 1.0363528408435878
61444.3737 lsst_hardware_r 3.0017188947996463 23.219999313354492 31.510000228881836 AB 8.380730242829273 1.0359263183728333
61444.3858 lsst_hardware_y 59.35944675179274 67.2300033569336 30.06999969482422 AB 6.926817316731816 1.0364832136363633
61446.3652 lsst_hardware_g -13.2720707750186 13.970000267028809 31.43000030517578 AB 3.5332869072915325 1.0363824616239699
61446.3779 lsst_hardware_z 10.100797177296032 43.04999923706055 30.959999084472656 AB 4.013030741680809 1.036066456544071
61451.3604 lsst_hardware_r -26.55275598798875 22.440000534057617 31.5 AB 4.193124829289573 1.0357230651573603
61451.3713 lsst_hardware_u -1.78209673301429 2.880000114440918 28.530000686645508 AB 4.223421569015016 1.0376957172027164
61453.37 lsst_hardware_i -4.119029824112377 30.299999237060547 31.25 AB 4.352439907213278 1.0392645432696752
61453.3808 lsst_hardware_y 39.512697733366196 47.97999954223633 30.040000915527344 AB 3.45003961637923 1.0454665504179486
61455.3587 lsst_hardware_z -50.074314258160854 47.66999816894531 30.969999313354492 AB 3.2165925810605063 1.0371922873230168
61455.3699 lsst_hardware_r 21.09968295871387 22.639999389648438 31.510000228881836 AB 3.2765181731718163 1.0419562230836998
61457.3644 lsst_hardware_y 84.02483783179166 75.43000030517578 30.809999465942383 AB 6.0136965577098875 1.0419341422540955
61459.3503 lsst_hardware_r -24.340685238555544 85.44000244140625 31.65999984741211 AB 10.226688195497823 1.0379790099464876
61459.3617 lsst_hardware_i -1.2471152132972367 69.37000274658203 31.34000015258789 AB 10.281341416938629 1.043614422291182
61463.3572 lsst_hardware_z -44.41090489750017 48.72999954223633 30.959999084472656 AB 5.4512296830914755 1.0483134005945145
61463.3681 lsst_hardware_r -5.6470114876496655 48.369998931884766 31.6200008392334 AB 5.5061662588043685 1.0588781266931477
61465.3046 lsst_hardware_z -116.3723281765177 42.5 30.950000762939453 AB 4.287567022801332 1.0390323573976459
61465.3159 lsst_hardware_g 14.528758448534145 23.549999237060547 31.600000381469727 AB 4.294343720747176 1.0359881920503018
61467.3345 lsst_hardware_z 0.6149523649546341 41.08000183105469 30.950000762939453 AB 6.146126428182227 1.0405405916787067
61467.3463 lsst_hardware_r -0.852856398128534 23.389999389648438 31.5 AB 6.248055809471174 1.0483315116562555
61469.3478 lsst_hardware_u -1.2243513232752836 2.6700000762939453 28.43000030517578 AB 10.202201139510501 1.0547000152840444
61469.3591 lsst_hardware_g -0.461871006068446 13.720000267028809 31.40999984741211 AB 10.351776235930338 1.0679457593077946
61473.3347 lsst_hardware_z -16.31372361169588 40.970001220703125 30.950000762939453 AB 7.185674244072125 1.05256330325026
61473.3469 lsst_hardware_r 14.046526368007251 22.34000015258789 31.489999771118164 AB 7.290388270959089 1.066261935105171
61478.3404 lsst_hardware_i 6.162934733499085 30.420000076293945 31.25 AB 11.22766045071879 1.0763055233154297
61478.3518 lsst_hardware_z -24.29956996513638 41.54999923706055 30.940000534057617 AB 11.427718128467179 1.0955709638220565
61480.2796 lsst_hardware_r -28.656777021250996 22.270000457763672 31.5 AB 7.781496268548124 1.0357030936742586
61480.2913 lsst_hardware_z -16.39301438869739 40.810001373291016 30.950000762939453 AB 7.79088940292907 1.037448098397053
61482.2955 lsst_hardware_y -7.737265249832381 46.97999954223633 30.049999237060547 AB 6.302936718612715 1.0415781731760574
61482.3075 lsst_hardware_g -1.3971140794318568 13.640000343322754 31.43000030517578 AB 6.312179027894414 1.0501628817481834
61486.281 lsst_hardware_r 20.85023911180584 103.33999633789062 31.670000076293945 AB 5.472796673807272 1.0397637833774622
61486.294 lsst_hardware_i -161.16061245060584 80.55000305175781 31.34000015258789 AB 6.060267848945353 1.0479906357607285
61488.2909 lsst_hardware_z -117.70404208786464 76.19999694824219 31.0 AB 6.4285491176057254 1.0499733147945316
61488.3033 lsst_hardware_r -36.14041764082328 110.79000091552734 31.65999984741211 AB 6.387334825025253 1.0629318804646102
61491.2367 lsst_hardware_r 133.18850263951535 63.65999984741211 31.649999618530273 AB 6.5386507017963345 1.037881063777196
61491.2489 lsst_hardware_z 21.16716075196832 54.310001373291016 30.979999542236328 AB 6.525000152702029 1.035714309952703
61493.2225 lsst_hardware_g 40.90909470700425 34.869998931884766 31.690000534057617 AB 6.880879154661989 1.0418208067016235
61493.235 lsst_hardware_i -13.574518673968356 38.349998474121094 31.299999237060547 AB 6.847732873399292 1.036802191389819
61495.2335 lsst_hardware_z 7.8837005350257785 41.58000183105469 30.959999084472656 AB 3.91683664557492 1.0360631254000583
61495.2451 lsst_hardware_r 2.5736511499637795 25.420000076293945 31.540000915527344 AB 3.9742958347212527 1.0362321835706376
61498.2258 lsst_hardware_u 2.7243218843082064 2.6600000858306885 28.43000030517578 AB 7.44806915173556 1.0360008556853024
61498.2374 lsst_hardware_g 23.02646563602162 13.729999542236328 31.420000076293945 AB 7.425990144986088 1.0363172235964144
61500.2238 lsst_hardware_r 20.402116257207748 22.360000610351562 31.479999542236328 AB 7.288788204449572 1.035731556145733
