data/validation/pwv_sim_epoch_fit_4/63747919.ecsv
# %ECSV 0.9
# ---
# datatype:
# - {name: time, datatype: float64}
# - {name: band, datatype: string}
# - {name: flux, datatype: float64}
# - {name: fluxerr, datatype: float64}
# - {name: zp, datatype: float64}
# - {name: zpsys, datatype: string}
# - {name: pwv, datatype: float64}
# - {name: airmass, datatype: float64}
# meta: {SNID: '63747919', alt: 1024.0, c: -0.01477030385285616, dec: -59.677784, lat: -30.244573, lon: -70.7499537, ra: 285.091461, t0: 60939.92578125,
#   x0: 2.817299117259999e-06, x1: 0.7020894289016724, z: 0.775280237197876}
# schema: astropy-2.0
time band flux fluxerr zp zpsys pwv airmass
60780.3957 lsst_hardware_z 88.93235767595903 62.779998779296875 30.969999313354492 AB 10.928335012571877 1.156845625889754
60780.4071 lsst_hardware_y -110.15712644662592 55.400001525878906 30.020000457763672 AB 10.848823524520238 1.1509670435349912
60782.4083 lsst_hardware_z -34.50362940760854 60.91999816894531 30.979999542236328 AB 16.855302252546217 1.1489248664017053
60782.4198 lsst_hardware_y -105.0865152589001 66.13999938964844 30.040000915527344 AB 16.231680735558697 1.1477912128857064
60784.3963 lsst_hardware_r -33.00691673831213 75.33999633789062 32.36000061035156 AB 11.163935069839203 1.1509211412205365
60784.4096 lsst_hardware_y 64.4022437740049 73.20999908447266 30.770000457763672 AB 11.134554879580042 1.1478922556268085
60800.3864 lsst_hardware_r 1.674278373301374 22.670000076293945 31.479999542236328 AB 7.64895335591176 1.151141771231829
60800.3984 lsst_hardware_i 4.797932865619464 31.149999618530273 31.239999771118164 AB 7.767956551936378 1.157539254470272
60802.3757 lsst_hardware_z -5.198779335937829 42.70000076293945 30.940000534057617 AB 7.961484209484535 1.1493961803875652
60802.3873 lsst_hardware_u -6.25509135108382 2.680000066757202 28.399999618530273 AB 8.012246270828912 1.1541143137507264
60806.3235 lsst_hardware_z -28.960819108530558 60.95000076293945 30.969999313354492 AB 8.827161946910605 1.1576605832013436
60806.3353 lsst_hardware_r -132.5134857113748 82.68000030517578 31.6299991607666 AB 7.921761571852576 1.1512933287581666
60808.3213 lsst_hardware_i 64.79598214808905 82.56999969482422 31.309999465942383 AB 8.019699672074657 1.1555763216245385
60808.3332 lsst_hardware_z -34.696865516206735 71.80999755859375 30.979999542236328 AB 7.949297413115547 1.1500719637030594
60810.3261 lsst_hardware_r 2.875294472336553 99.75 31.6299991607666 AB 8.294168317795187 1.1506360672086138
60810.3398 lsst_hardware_z -47.27700672833486 71.30000305175781 30.979999542236328 AB 8.767640572075825 1.1478222912975065
60812.3244 lsst_hardware_y 29.497356876107105 53.83000183105469 30.010000228881836 AB 7.147958548171324 1.149435872883506
60812.3381 lsst_hardware_r -166.26018621690423 69.2300033569336 31.6200008392334 AB 8.49372976236896 1.1478013192390484
60814.3237 lsst_hardware_i -10.914148870700037 44.91999816894531 31.280000686645508 AB 8.46558584720554 1.1483821137729222
60814.3366 lsst_hardware_z 66.86615223912897 49.2599983215332 30.950000762939453 AB 9.371790336863809 1.1481285123567226
60819.3976 lsst_hardware_r 26.809950383904514 22.979999542236328 31.450000762939453 AB 8.112964636341323 1.2245368237585392
60819.4104 lsst_hardware_i 20.727700354917452 31.780000686645508 31.219999313354492 AB 8.306197762332149 1.2525682762137553
60824.3103 lsst_hardware_r 13.970235012391496 22.8799991607666 31.479999542236328 AB 9.844217119585425 1.1482703173209141
60824.3244 lsst_hardware_u -0.6747990615222639 2.700000047683716 28.420000076293945 AB 9.907625834427227 1.1526749981882225
60826.3012 lsst_hardware_g -5.46788060863946 13.600000381469727 31.3799991607666 AB 8.516848103164818 1.1478747611974687
60828.0912 lsst_hardware_g -3.956852681782647 30.989999771118164 32.06999969482422 AB 16.949024590523017 1.7732351205004069
60828.1033 lsst_hardware_r 37.831411140800405 40.7400016784668 32.150001525878906 AB 15.98070086733557 1.6797478247100848
60830.3145 lsst_hardware_r 13.403763998971312 22.889999389648438 31.459999084472656 AB 13.95704380209435 1.1562458621567684
60830.329 lsst_hardware_g 2.5736124470659845 13.680000305175781 31.360000610351562 AB 14.07673458317484 1.167830308673636
60833.2696 lsst_hardware_z -48.01858601112143 52.0099983215332 30.959999084472656 AB 4.422569453022399 1.1488188032788291
60833.2827 lsst_hardware_r 81.68499070041389 56.18000030517578 31.610000610351562 AB 4.440550391708425 1.147923410178826
60847.296 lsst_hardware_g 3.9749053011566415 13.770000457763672 31.360000610351562 AB 3.5221771681333798 1.1831297172096935
60847.3111 lsst_hardware_r 10.598587402937154 23.610000610351562 31.469999313354492 AB 3.6110796181384357 1.205904030101331
60849.1009 lsst_hardware_g 13.540282840983117 13.949999809265137 31.299999237060547 AB 4.422874589228802 1.3821483091340006
60860.0145 lsst_hardware_z 94.61742863265525 73.61000061035156 31.639999389648438 AB 13.35259528211809 1.6902019344453278
60861.2151 lsst_hardware_y 46.79919084700735 70.98999786376953 30.760000228881836 AB 4.160225690735039 1.1495511717974685
60863.146 lsst_hardware_z 172.17498873336652 84.20999908447266 31.719999313354492 AB 2.1209326113759754 1.1782958952088751
60865.1958 lsst_hardware_i 21.762647164095522 91.68000030517578 31.31999969482422 AB 2.9734601033147285 1.1479802213427945
60867.1841 lsst_hardware_r -137.14841619088105 121.2699966430664 31.6299991607666 AB 8.961095735950543 1.147852830121125
60867.1957 lsst_hardware_z -86.60461415820582 78.20999908447266 30.979999542236328 AB 8.977508240126104 1.1488024535223644
60870.1878 lsst_hardware_z -30.98359906730938 54.790000915527344 30.959999084472656 AB 8.326421518463485 1.1488680949932206
60870.2009 lsst_hardware_i -39.17997246851017 55.349998474121094 31.299999237060547 AB 8.372503123894468 1.1537405834355556
60872.1891 lsst_hardware_z -5.213272814517847 47.040000915527344 30.950000762939453 AB 3.543013495324646 1.1508895550835296
60877.1254 lsst_hardware_r 12.341425063456896 22.979999542236328 31.469999313354492 AB 6.828400739540897 1.160799105744309
60877.138 lsst_hardware_i -21.411531898855948 31.3799991607666 31.229999542236328 AB 6.7254899423529775 1.152858785918659
60879.1307 lsst_hardware_z 7.718122576393671 42.84000015258789 30.940000534057617 AB 6.691964280218269 1.1537869448652187
60879.1433 lsst_hardware_r 14.139766291856454 22.920000076293945 31.469999313354492 AB 6.664229014411126 1.149005002484677
60881.1338 lsst_hardware_u 2.350972256893101 2.640000104904175 28.3700008392334 AB 6.394781971320225 1.1501406423237817
60881.1448 lsst_hardware_g -11.662294192596855 13.729999542236328 31.3799991607666 AB 6.457102253548696 1.1479292895197681
60883.1345 lsst_hardware_r 8.717496998199225 22.81999969482422 31.469999313354492 AB 3.694542044760784 1.1485622937080158
60883.1465 lsst_hardware_z -54.46537519030761 42.470001220703125 30.940000534057617 AB 3.663484885583022 1.1479780291682011
60884.0277 lsst_hardware_i -27.060870557881245 32.27000045776367 31.209999084472656 AB 5.870027344325404 1.304450520961201
60886.1352 lsst_hardware_g -33.6309464725368 13.680000305175781 31.3799991607666 AB 6.397064647580729 1.1478158431042442
60886.1463 lsst_hardware_r -32.51113996091996 22.950000762939453 31.479999542236328 AB 6.40225038821623 1.1494165867533628
60888.1313 lsst_hardware_i -9.772754555085548 34.56999969482422 31.25 AB 4.663803351835728 1.1478718562234134
60888.1438 lsst_hardware_z -45.45060337794957 43.97999954223633 30.940000534057617 AB 4.6737573464657185 1.1503217687584837
60890.1142 lsst_hardware_z -50.55185497104587 49.040000915527344 30.959999084472656 AB 1.9811108635830228 1.1488030522371835
60890.1263 lsst_hardware_r -73.40100352743123 47.959999084472656 31.600000381469727 AB 2.125527583092402 1.1478996848383807
60894.1079 lsst_hardware_r 65.84132669778785 95.87000274658203 31.6299991607666 AB 3.19946667140559 1.1480653087993264
60894.1194 lsst_hardware_z 94.5550479333403 66.20999908447266 30.969999313354492 AB 3.2819619980571377 1.148342196661
60896.1064 lsst_hardware_r -18.348010259697308 110.27999877929688 31.639999389648438 AB 4.352537726683074 1.1478211304545223
60896.1182 lsst_hardware_y 6.997253184280468 59.33000183105469 30.030000686645508 AB 4.419110234658716 1.1492138266277372
60897.1096 lsst_hardware_z 15.667040567246975 66.83999633789062 30.979999542236328 AB 4.279249298475297 1.1481239453942576
60897.1217 lsst_hardware_r 10.648794173539518 96.5999984741211 31.639999389648438 AB 4.316756825033908 1.1512374855633143
60899.1027 lsst_hardware_i -36.45588194667241 50.099998474121094 31.299999237060547 AB 3.1207789785534206 1.1479782889656733
60899.1147 lsst_hardware_z -17.194046282433387 51.84000015258789 30.959999084472656 AB 3.1125248942115613 1.1506561531281188
60904.0533 lsst_hardware_g 4.518562552157887 13.5600004196167 31.3799991607666 AB 4.527685387487713 1.1595822142749452
60904.0642 lsst_hardware_r 6.172312018693439 22.639999389648438 31.479999542236328 AB 4.525373068212065 1.1529123353264148
60906.0951 lsst_hardware_r -4.67392773080638 22.670787032574715 31.479999542236328 AB 2.5088279444520727 1.1504866758416719
60906.106 lsst_hardware_u 0.011593789806425048 2.6183358241988985 28.350000381469727 AB 2.5284243422832593 1.1556750250399601
60908.0533 lsst_hardware_u -2.745699485809107 2.6897715264417137 28.389999389648438 AB 3.6575870109303916 1.1529037071490595
60908.0648 lsst_hardware_g 16.860484979069586 13.640895244366952 31.3799991607666 AB 3.5350647525883465 1.1488673229081399
60912.051 lsst_hardware_z 129.70817639444797 42.568855401022105 30.940000534057617 AB 4.814692426731645 1.149594275951684
60912.062 lsst_hardware_r -20.975699684013982 22.793385347171867 31.469999313354492 AB 4.794944056638669 1.1478480825020752
60932.0192 lsst_hardware_r 705.852414584449 34.803831937458376 31.479999542236328 AB 1.6086842887017778 1.1490602062155557
60932.0321 lsst_hardware_i 997.9988957458935 43.708038116601074 31.239999771118164 AB 1.6156494419177896 1.154035315655564
60934.0146 lsst_hardware_z 659.7068625668077 49.15979807441443 30.940000534057617 AB 2.901340874774205 1.149273469904711
60934.0255 lsst_hardware_u -0.3883611360489155 2.7983293272771936 28.360000610351562 AB 2.899175668270431 1.153441682224162
60936.0194 lsst_hardware_g 125.80718400558796 17.831670906115626 31.389999389648438 AB 0.9432541796303995 1.1531224689858184
60936.0313 lsst_hardware_r 699.7208637122485 34.96113319104099 31.469999313354492 AB 0.9598633193082395 1.1606569761884875
60943.02 lsst_hardware_i 1049.138352451794 44.24273375802768 31.229999542236328 AB 5.133626380239446 1.1674408081199465
60943.0336 lsst_hardware_r 559.3655842678326 33.42974548261304 31.469999313354492 AB 5.200280010924731 1.1828227023597147
61147.4102 lsst_hardware_i -30.21454724684124 32.529998779296875 31.25 AB 16.82369948035196 1.1486498126072413
61147.4206 lsst_hardware_y 9.134500932593252 69.58999633789062 30.030000686645508 AB 16.239653807489862 1.1477733481551973
61149.4024 lsst_hardware_u 0.9989843521363946 2.6700000762939453 28.34000015258789 AB 11.147120296856448 1.149187659469737
61153.3996 lsst_hardware_z 6.0162451242434205 42.40999984741211 30.940000534057617 AB 6.48730529712797 1.1478570269173642
61153.4126 lsst_hardware_y 17.441552558982075 49.540000915527344 30.010000228881836 AB 6.5163559583528405 1.1488638854641822
61155.4073 lsst_hardware_u 3.0318064867041756 2.759999990463257 28.389999389648438 AB 16.76916172427682 1.1489006034331821
61155.4199 lsst_hardware_y -310.3063828258871 54.150001525878906 30.020000457763672 AB 15.202258275671038 1.1536235048000587
61157.4016 lsst_hardware_r -36.31961969634536 22.719999313354492 31.469999313354492 AB 1.6083849800512022 1.1488464143222874
61157.4147 lsst_hardware_y -30.239602538189224 50.25 30.0 AB 1.6152637956236973 1.1537598540169267
61159.3807 lsst_hardware_i -17.05260206604382 43.650001525878906 31.280000686645508 AB 14.372036670164375 1.1481096557089292
61159.3921 lsst_hardware_r -20.258454481184266 22.520000457763672 31.459999084472656 AB 14.375129880476196 1.1481274614013974
61161.3853 lsst_hardware_z -6.159620683289717 89.30999755859375 31.729999542236328 AB 10.186045672737325 1.1479713747837363
61163.3959 lsst_hardware_r 123.70465155576834 97.30000305175781 31.6299991607666 AB 12.842321481349074 1.1525529711778393
61163.4082 lsst_hardware_i 5.272489411335927 77.16999816894531 31.309999465942383 AB 12.911239816143585 1.160109004685239
61166.3803 lsst_hardware_z 61.35676809849373 60.939998626708984 30.969999313354492 AB 3.012507223582897 1.149702212988416
61166.3918 lsst_hardware_r 17.15648714269623 77.19000244140625 31.6200008392334 AB 3.0665187690861004 1.1546714747570743
61168.389 lsst_hardware_z -53.600455288764444 71.36000061035156 31.700000762939453 AB 12.217228539788834 1.1562593062563373
61170.3188 lsst_hardware_z 84.32894565333264 44.779998779296875 30.950000762939453 AB 7.914913219378527 1.1639578263791952
61170.3321 lsst_hardware_g -13.540289063958669 26.979999542236328 31.600000381469727 AB 7.850347929439894 1.1544629307999845
61175.1723 lsst_hardware_i -42.89362248893992 34.130001068115234 31.170000076293945 AB 10.14028205249118 1.5552182284437404
61175.1835 lsst_hardware_z -2.164134233198594 46.959999084472656 30.899999618530273 AB 9.725435072773303 1.4935782957495785
61177.3398 lsst_hardware_g 3.253028196024066 13.420000076293945 31.360000610351562 AB 8.493922476743336 1.1478273617220724
61177.3537 lsst_hardware_r 16.30519103424047 22.5 31.459999084472656 AB 8.516406727931598 1.1508657740448105
61182.3237 lsst_hardware_i 19.150948924943695 30.979999542236328 31.229999542236328 AB 4.886265388521953 1.1477515740259447
61182.3362 lsst_hardware_u -0.4234257833820452 2.559999942779541 28.299999237060547 AB 4.872118070080679 1.149581517970953
61185.3005 lsst_hardware_u -0.9867316059660076 2.609999895095825 28.34000015258789 AB 8.397013667373036 1.1502758448456214
61185.3126 lsst_hardware_g -3.6310564455717502 13.479999542236328 31.360000610351562 AB 8.379226946945156 1.1478393078007063
61187.2963 lsst_hardware_r -113.06702269280318 47.86000061035156 31.600000381469727 AB 4.622461728182527 1.1498661015379716
61187.3088 lsst_hardware_i 3.338012704721475 43.400001525878906 31.280000686645508 AB 4.614023114086449 1.1477669438026288
61194.1822 lsst_hardware_r -22.03554455851618 144.69000244140625 32.349998474121094 AB 12.404416023297895 1.2936538993913955
61194.1934 lsst_hardware_z 2.7398295693558734 104.83999633789062 31.709999084472656 AB 12.016296934856557 1.2632333743760618
61196.3252 lsst_hardware_i 0.7117137210396028 56.7400016784668 31.299999237060547 AB 7.434187734267586 1.1661013661060484
61196.3377 lsst_hardware_z -22.317922539975513 55.54999923706055 30.959999084472656 AB 6.203494391196223 1.1796518927875501
61198.2831 lsst_hardware_z -66.60106804672917 46.83000183105469 30.940000534057617 AB 4.364610108343743 1.1478767708451403
61198.2952 lsst_hardware_i 70.39219913541085 40.33000183105469 31.260000228881836 AB 3.8568701136822914 1.1504459697784613
61223.211 lsst_hardware_r -38.45664723515865 98.62000274658203 31.6299991607666 AB 9.483483053382841 1.1477740457952001
61223.223 lsst_hardware_i -48.37927158141536 78.75 31.31999969482422 AB 9.456900908720089 1.1492512117538864
61225.1906 lsst_hardware_i -24.18669515486869 52.630001068115234 31.290000915527344 AB 8.831428328442021 1.150537285897496
61225.2024 lsst_hardware_z 71.0605718727774 53.29999923706055 30.959999084472656 AB 8.826736332449409 1.147932026198837
61231.1905 lsst_hardware_r -8.141016693729519 23.1200008392334 31.479999542236328 AB 10.437822032766693 1.1477806994895818
61231.2021 lsst_hardware_u -1.953769310596766 2.6700000762939453 28.3799991607666 AB 10.446474511557804 1.1495116515702792
61235.1885 lsst_hardware_z 48.021523174884294 42.45000076293945 30.93000030517578 AB 8.35934563154463 1.1488403909768443
61235.2009 lsst_hardware_r 19.256801988611347 22.959999084472656 31.469999313354492 AB 8.369633696549428 1.1533451730391422
61237.1919 lsst_hardware_u -2.545727508510072 2.5799999237060547 28.309999465942383 AB 3.5529905265130757 1.1516987119977555
61237.2033 lsst_hardware_g 10.564182313700348 13.819999694824219 31.3799991607666 AB 3.5740396891698407 1.1580525521813982
61238.1889 lsst_hardware_r -20.34195040325824 22.84000015258789 31.459999084472656 AB 2.4720709760492605 1.1515858584080405
61238.2005 lsst_hardware_i 10.581369111230476 31.290000915527344 31.219999313354492 AB 2.5319784904696707 1.158005255188507
61244.1277 lsst_hardware_z -1.4321926468700361 48.630001068115234 30.950000762939453 AB 6.704130264445195 1.1558845283526198
