data/validation/pwv_sim_epoch_fit_4/63806380.ecsv
# %ECSV 0.9
# ---
# datatype:
# - {name: time, datatype: float64}
# - {name: band, datatype: string}
# - {name: flux, datatype: float64}
# - {name: fluxerr, datatype: float64}
# - {name: zp, datatype: float64}
# - {name: zpsys, datatype: string}
# - {name: pwv, datatype: float64}
# - {name: airmass, datatype: float64}
# meta: {SNID: '63806380', alt: 1024.0, c: -0.001947481301613152, dec: -24.132875, lat: -30.244573, lon: -70.7499537, ra: 180.351562,
#   t0: 60299.40625, x0: 1.4530632773450733e-05, x1: -1.0341393947601318, z: 0.3932976722717285}
# schema: astropy-2.0
time band flux fluxerr zp zpsys pwv airmass
60310.2451 lsst_hardware_r 3327.875329935607 90.81968903099784 31.479999542236328 AB 12.406781221128416 1.7629579368081212
60310.2671 lsst_hardware_i 3032.3285810435655 81.40445051448711 31.239999771118164 AB 10.707013168855473 1.5139183131087282
60312.2466 lsst_hardware_z 1715.2537998733324 73.07100438321662 30.889999389648438 AB 5.758182604246022 1.6734038373281086
60312.2704 lsst_hardware_r 2928.263667837895 78.23286368628175 31.530000686645508 AB 6.281108455261246 1.4380924494988734
60314.2414 lsst_hardware_z 1642.859029281186 64.76432395007474 30.8799991607666 AB 19.29330238194471 1.6702711784213216
60314.2665 lsst_hardware_g 777.4504439660079 38.84582972609195 31.479999542236328 AB 14.867554402902318 1.425688451612817
60316.2501 lsst_hardware_r 1941.350903067477 51.27838096983766 31.40999984741211 AB 14.315629063824591 1.5197058454166232
60316.2717 lsst_hardware_z 1523.1934999917348 59.78633920007293 30.90999984741211 AB 12.61278984963811 1.3487210675071941
60318.2535 lsst_hardware_r 1773.0914829044673 48.559193616181034 31.440000534057617 AB 11.426305117920498 1.4422903754685696
60318.2745 lsst_hardware_u -2.969369409231125 3.0444925689462754 28.299999237060547 AB 10.307758314876093 1.2973349112530743
60320.2936 lsst_hardware_i 1846.6279036493472 54.32440251662367 31.239999771118164 AB 8.717949853265722 1.1781013315223947
60320.3108 lsst_hardware_z 1432.0285588595473 56.89961758362874 30.950000762939453 AB 8.273502111372686 1.1180408258611738
60322.2927 lsst_hardware_r 1396.443143310778 43.60429176056359 31.489999771118164 AB 6.429275945355055 1.1605365806384071
60322.3094 lsst_hardware_g 297.9965909409615 23.22178925729531 31.43000030517578 AB 6.153206304085969 1.1061612483376024
60324.2849 lsst_hardware_r 1170.9749117148517 41.271643345433496 31.479999542236328 AB 6.480373545340002 1.1693907149485716
60324.3018 lsst_hardware_i 1711.9796735848442 51.392257189977784 31.239999771118164 AB 6.63962244595342 1.1123198290023855
60329.3592 lsst_hardware_g 191.2209573475124 20.95583677435847 31.469999313354492 AB 9.88703350836768 1.006467502251507
60337.3485 lsst_hardware_r 530.346963097199 89.42050405645242 31.65999984741211 AB 11.87901348966894 1.0056307716121855
60337.3666 lsst_hardware_y 314.8186089119725 57.31136697671994 30.059999465942383 AB 11.957878118044635 1.0126786363712668
60340.2007 lsst_hardware_z 705.8292214241703 72.62915101892102 30.940000534057617 AB 14.254570920602328 1.3866314125099541
60340.2177 lsst_hardware_r 529.9814939671323 81.31467542974453 31.59000015258789 AB 13.514944090056037 1.2787747514719014
60346.1974 lsst_hardware_r 345.92613597634113 30.387906837658676 31.450000762939453 AB 7.088682571997438 1.3011730916094724
60348.2022 lsst_hardware_i 1192.286068731505 57.166629994618525 31.969999313354492 AB 11.319534232599588 1.2452732929152392
60348.2338 lsst_hardware_z 509.8273927002911 47.55728586070081 30.93000030517578 AB 8.006051081167742 1.1197274239395545
60350.2104 lsst_hardware_u 11.201892389879442 3.873259762196117 28.34000015258789 AB 5.128900175848213 1.183319274593912
60350.2292 lsst_hardware_r 350.59245759602425 29.320788208960753 31.479999542236328 AB 4.8583434819201505 1.1171173791492643
60351.31 lsst_hardware_i 549.0312655922623 38.675146052224434 31.260000228881836 AB 3.7247499044437204 1.0056020260377425
60351.3269 lsst_hardware_z 531.2462435839979 46.27515138543436 30.950000762939453 AB 3.7777107141842925 1.0117061366321083
60352.2068 lsst_hardware_z 457.4017533894607 48.14719940188128 30.940000534057617 AB 7.011601127610941 1.1758512707715816
60352.2281 lsst_hardware_i 536.1011788565233 39.06979433835302 31.239999771118164 AB 6.4630996586212355 1.1044572342493117
60353.292 lsst_hardware_r 286.25248733291016 28.938505497428853 31.510000228881836 AB 5.739503544324854 1.0069304463727813
60353.3101 lsst_hardware_u 6.188318743527114 4.036650114401512 28.469999313354492 AB 5.737647279571967 1.0066047858898188
60356.2084 lsst_hardware_r 291.9739330903862 28.97616605292927 31.479999542236328 AB 4.513795378583604 1.1309227381355724
60356.2267 lsst_hardware_i 446.65559215635255 38.46826167129426 31.25 AB 4.3483441448834705 1.0799314900989307
60359.2195 lsst_hardware_z 849.364497997312 69.5416844494959 31.709999084472656 AB 2.825859713905067 1.0776127039170205
60365.2156 lsst_hardware_i 631.977592203819 93.3803849925736 31.34000015258789 AB 9.067945879592594 1.0519150326754423
60365.236 lsst_hardware_z 326.07199138859477 79.49612401006696 31.0 AB 8.757341285040635 1.0227551865740887
60367.2186 lsst_hardware_z 345.0490645101209 80.71081658666915 30.989999771118164 AB 6.106538424996107 1.0379826494037359
60367.239 lsst_hardware_r 303.6388755695749 109.58774018473368 31.65999984741211 AB 5.867956745555981 1.0149394045268996
60383.1587 lsst_hardware_g -10.169252987940812 14.489999771118164 31.420000076293945 AB 10.647514558922841 1.0671258108213617
60383.1761 lsst_hardware_r 7.387363295637124 23.270000457763672 31.5 AB 10.755338433372314 1.0362429642751068
60389.098 lsst_hardware_z -4.3626983242917445 50.529998779296875 30.940000534057617 AB 5.921957577582718 1.2085627709352484
60389.1126 lsst_hardware_r -19.96431487880636 71.69000244140625 32.349998474121094 AB 5.6362957085847105 1.1502644303234102
60390.0815 lsst_hardware_z 44.02387538425395 55.4900016784668 30.950000762939453 AB 5.002460226711711 1.2770336911638804
60390.0993 lsst_hardware_r -29.56250576394655 62.22999954223633 31.610000610351562 AB 6.236307864782758 1.1911201116921057
60393.0805 lsst_hardware_i -176.50248577963282 101.88999938964844 31.299999237060547 AB 12.855368289118953 1.2394698655747023
60393.0987 lsst_hardware_z 141.5808509130945 85.20999908447266 30.979999542236328 AB 10.294773362784243 1.1610974026843652
60395.1598 lsst_hardware_r 36.61288866999391 131.13999938964844 31.670000076293945 AB 7.018782876751927 1.0172149096741923
60395.1776 lsst_hardware_i 145.41356420973355 106.1500015258789 31.350000381469727 AB 6.770021079910522 1.006844300998011
60398.0711 lsst_hardware_i -43.09499268794552 60.83000183105469 31.290000915527344 AB 5.986571404073457 1.219136830072998
60398.0884 lsst_hardware_z 11.713847607024443 59.720001220703125 30.959999084472656 AB 6.877946923485434 1.1489415207114346
60399.1848 lsst_hardware_r -88.48122681244942 55.06999969482422 31.639999389648438 AB 4.689953142844738 1.0066797430354353
60399.2043 lsst_hardware_z 68.47219243847258 50.16999816894531 30.969999313354492 AB 4.7823303135818165 1.0182211771080005
60400.0683 lsst_hardware_r -31.590643328595792 24.020000457763672 31.459999084472656 AB 6.276783595708042 1.2070737684053927
60400.0847 lsst_hardware_g 23.197086747027097 24.260000228881836 31.559999465942383 AB 5.793293605349569 1.1428117317233035
60402.0642 lsst_hardware_r 7.8110021908513225 24.059999465942383 31.469999313354492 AB 7.478606001743909 1.2010930702230642
60402.0813 lsst_hardware_i -1.8416763440206032 31.790000915527344 31.239999771118164 AB 6.907132500580865 1.135854711491673
60404.0674 lsst_hardware_z 13.869351026562532 42.93000030517578 30.93000030517578 AB 9.105439101159782 1.1658568433319894
60404.0848 lsst_hardware_i 22.590113513560922 31.3700008392334 31.239999771118164 AB 7.778803490437401 1.108196907176016
60414.0625 lsst_hardware_z -32.33340010658809 42.66999816894531 30.950000762939453 AB 11.929803974980564 1.0944774288972994
60414.0806 lsst_hardware_g 12.176726022028499 15.960000038146973 31.489999771118164 AB 11.490035484801162 1.0541316958533176
60416.0615 lsst_hardware_r 78.24766467663599 32.97999954223633 31.579999923706055 AB 15.834137029833668 1.0832253641904102
60416.0808 lsst_hardware_i 2.295652086661046 35.5 31.290000915527344 AB 15.250130066353965 1.044249321222318
60417.1483 lsst_hardware_i 40.00892886209604 38.689998626708984 31.290000915527344 AB 11.866432561648987 1.012753483114192
60417.1665 lsst_hardware_z 14.095305276512239 44.86000061035156 30.959999084472656 AB 12.133763407709877 1.0307600233082155
60419.0694 lsst_hardware_z 45.965939347040624 77.38999938964844 31.729999542236328 AB 7.058176237120099 1.0496990239619421
60430.9623 lsst_hardware_y 39.76998930112811 70.75 29.969999313354492 AB 12.17864639358149 1.3193680189493164
60430.9807 lsst_hardware_g 25.291226800279397 14.609999656677246 31.3799991607666 AB 11.339269736095684 1.220501191456912
60433.9602 lsst_hardware_z 218.08377482751158 69.47000122070312 30.959999084472656 AB 13.313945388154096 1.28348833664995
60433.9785 lsst_hardware_i 17.61385521460102 32.27000045776367 31.229999542236328 AB 12.376561171744113 1.1938996934109016
60436.9607 lsst_hardware_y 9.12150109497248 65.87999725341797 30.0 AB 12.147668531760905 1.237789742384441
60436.98 lsst_hardware_r 16.964860090934195 23.34000015258789 31.479999542236328 AB 11.327147997387778 1.1557921156478803
60441.981 lsst_hardware_r 7.385464865290115 23.459999084472656 31.489999771118164 AB 8.617878139583196 1.1083137316735796
60441.9887 lsst_hardware_i 88.12572211239103 31.0 31.25 AB 8.440165291352645 1.0876735270971574
60443.9591 lsst_hardware_y 54.0477409175824 61.0099983215332 30.020000457763672 AB 7.639975835614425 1.1623860181987664
60443.979 lsst_hardware_z -24.934801310037543 42.72999954223633 30.940000534057617 AB 7.1726304810210415 1.098692440289191
60445.9584 lsst_hardware_y 45.83777221669518 58.470001220703125 30.030000686645508 AB 11.983259612841334 1.1452165440536286
60445.9773 lsst_hardware_z 38.088871618460665 45.970001220703125 30.950000762939453 AB 11.39125796921246 1.0888742502712125
60454.9586 lsst_hardware_y -32.320305585933276 54.900001525878906 30.040000915527344 AB 6.230128375163087 1.0748086561137236
60454.9802 lsst_hardware_g -6.052099352671085 59.61000061035156 31.719999313354492 AB 5.986651824735173 1.0352454376001106
60456.9604 lsst_hardware_y -188.79516096082452 71.05000305175781 30.799999237060547 AB 6.835074818642474 1.0594551373544872
60456.985 lsst_hardware_i -12.662429731743417 43.119998931884766 32.0099983215332 AB 6.546283223746311 1.0225372108319761
60458.96 lsst_hardware_y 4.079486896208277 50.2599983215332 30.049999237060547 AB 10.075924588007695 1.0500129833271878
60458.9824 lsst_hardware_g -12.645046451565317 14.260000228881836 31.440000534057617 AB 9.720775284433763 1.0196439171798146
60675.2442 lsst_hardware_z 31.971670916023903 50.15999984741211 30.8700008392334 AB 12.481814081444195 1.7850846719651325
60675.2666 lsst_hardware_r -0.5279830394224571 25.280000686645508 31.40999984741211 AB 10.716106546900425 1.525091992852148
60685.2916 lsst_hardware_i 20.40121093310927 32.4900016784668 31.239999771118164 AB 7.876973937387503 1.1890669389972834
60685.3086 lsst_hardware_u -2.720811925050661 2.7899999618530273 28.450000762939453 AB 8.110465521700672 1.1270013925798195
60689.2885 lsst_hardware_i -2.7907299009276247 66.05000305175781 31.309999465942383 AB 8.204953557379076 1.1584281559704086
60689.3074 lsst_hardware_r 47.7002302649427 81.6500015258789 31.639999389648438 AB 9.130120263805784 1.0985145099629963
60691.2996 lsst_hardware_z -34.65854069413247 85.91999816894531 31.729999542236328 AB 6.390743063065948 1.1049480117684802
60693.3006 lsst_hardware_r 1.2986831240735326 76.44999694824219 31.639999389648438 AB 7.860200076977288 1.0878040448364958
60693.3181 lsst_hardware_i -88.10141070873951 63.83000183105469 31.329999923706055 AB 7.594813608206088 1.0504946378790536
60696.3008 lsst_hardware_z 12.840550685563 49.36000061035156 30.959999084472656 AB 12.90378151805081 1.0683264907108376
60696.3174 lsst_hardware_r 37.12488499465785 47.11000061035156 31.6299991607666 AB 12.499973729026456 1.0382469146581217
60698.2939 lsst_hardware_z 6.6514999825007015 43.52000045776367 30.950000762939453 AB 9.672015141491096 1.0714539870932855
60698.312 lsst_hardware_g -3.1119288876762483 23.350000381469727 31.600000381469727 AB 9.36694178046135 1.0381566920860075
60702.2154 lsst_hardware_r 36.962887532815564 24.239999771118164 31.440000534057617 AB 14.66172860374206 1.346450931697442
60702.2337 lsst_hardware_i 16.96000699008793 32.400001525878906 31.219999313354492 AB 13.483634524577784 1.2413869334663183
60703.3515 lsst_hardware_g 5.321698737449543 14.460000038146973 31.469999313354492 AB 11.894074933472043 1.0065294754107081
60703.3707 lsst_hardware_y 33.54651043449565 52.209999084472656 30.06999969482422 AB 12.020964060077837 1.0174611268545737
60706.2231 lsst_hardware_g -14.098833822105743 14.270000457763672 31.3799991607666 AB 13.253421721382994 1.2397962321218892
60706.2402 lsst_hardware_r -2.4177081998048164 23.440000534057617 31.489999771118164 AB 12.323781372702058 1.1654796077834366
60709.3334 lsst_hardware_u 0.10491335201589548 2.869999885559082 28.579999923706055 AB 10.750473316488751 1.0061275916227188
60709.3517 lsst_hardware_r -1.210342079831779 23.170000076293945 31.520000457763672 AB 10.863968395730415 1.0152608930032736
60710.204 lsst_hardware_z 12.98692812413384 44.2400016784668 30.93000030517578 AB 11.467495581249198 1.282897002517024
60710.2219 lsst_hardware_i -24.895219529922404 31.780000686645508 31.239999771118164 AB 8.982755271539455 1.1951510473043385
60712.2211 lsst_hardware_g 15.335430249183174 14.390000343322754 31.40999984741211 AB 5.060983304976308 1.1760156395901729
60712.24 lsst_hardware_r 17.409528563752733 23.40999984741211 31.5 AB 4.781370977051571 1.1114297947586174
60715.1966 lsst_hardware_r 105.28795044736641 55.560001373291016 31.579999923706055 AB 7.087847071169373 1.2494735699558184
60715.2168 lsst_hardware_i 3.095773544697085 47.79999923706055 31.290000915527344 AB 6.187950879613034 1.1610753128085307
60717.2177 lsst_hardware_z -50.16390321531916 85.22000122070312 31.719999313354492 AB 4.22241484168332 1.1385519650405556
60718.3118 lsst_hardware_r 117.32033882005247 92.58000183105469 31.670000076293945 AB 6.122242230396988 1.0068787331565083
60718.328 lsst_hardware_z -6.0782438409161665 63.900001525878906 30.989999771118164 AB 6.126698357934799 1.0159660097452856
60721.2128 lsst_hardware_z -43.84970623240845 75.31999969482422 30.989999771118164 AB 3.7341429834483013 1.1192635394374435
60721.2329 lsst_hardware_r -125.26815744458993 104.38999938964844 31.65999984741211 AB 3.46478863651222 1.0675669809003914
60722.2493 lsst_hardware_z -37.814019075594324 72.16999816894531 30.989999771118164 AB 4.079194555869591 1.0340818951440751
60722.2668 lsst_hardware_i -44.46575801200938 77.7300033569336 31.34000015258789 AB 4.597826967852518 1.0150848808593762
60723.2257 lsst_hardware_z -73.2166942980903 90.1500015258789 31.739999771118164 AB 4.906695699795218 1.0713309388199166
60725.2143 lsst_hardware_r 10.77331637864425 70.8499984741211 32.380001068115234 AB 2.8381356792442944 1.085156225933775
60725.2342 lsst_hardware_z -81.77126646383113 69.37999725341797 31.719999313354492 AB 2.741801518041414 1.0445621378023038
60741.093 lsst_hardware_g 12.53136558344319 29.559999465942383 31.469999313354492 AB 10.595701177701594 1.4658567458199114
60741.1136 lsst_hardware_r -43.32844217438507 31.8799991607666 31.5 AB 9.491132704132168 1.3166889300530553
60743.0924 lsst_hardware_i -67.62235730948193 45.689998626708984 31.239999771118164 AB 14.645919192891323 1.4261222710281372
60743.111 lsst_hardware_z 6.924930515188689 49.84000015258789 30.940000534057617 AB 13.336471175633736 1.2995343411092555
60749.0431 lsst_hardware_r 152.6714530436902 160.63999938964844 31.459999084472656 AB 16.938914706776636 1.7719456777840799
60749.0714 lsst_hardware_i 6.10344839196675 127.73999786376953 31.25 AB 13.952899207277357 1.4637955525888722
60750.09 lsst_hardware_r -45.27061086627749 137.24000549316406 31.59000015258789 AB 9.323487706754817 1.3107672862019988
60750.1115 lsst_hardware_z -37.568997989410775 93.11000061035156 30.979999542236328 AB 8.796174724565608 1.2002558099540854
60751.2307 lsst_hardware_z -108.04570609431894 73.51000213623047 31.0 AB 8.348798880634414 1.0108728515116132
60751.2514 lsst_hardware_i 12.719937494001618 84.58999633789062 31.34000015258789 AB 8.138437337146124 1.0301819414109017
