data/validation/pwv_sim_epoch_fit_4/63860957.ecsv
# %ECSV 0.9
# ---
# datatype:
# - {name: time, datatype: float64}
# - {name: band, datatype: string}
# - {name: flux, datatype: float64}
# - {name: fluxerr, datatype: float64}
# - {name: zp, datatype: float64}
# - {name: zpsys, datatype: string}
# - {name: pwv, datatype: float64}
# - {name: airmass, datatype: float64}
# meta: {SNID: '63860957', alt: 1024.0, c: 0.03833442181348801, dec: -7.331168, lat: -30.244573, lon: -70.7499537, ra: 329.414062, t0: 60954.79296875,
#   x0: 4.413765598197402e-06, x1: -0.7410394549369812, z: 0.6458929777145386}
# schema: astropy-2.0
time band flux fluxerr zp zpsys pwv airmass
60822.4089 lsst_hardware_i 17.416104807354653 33.040000915527344 31.260000228881836 AB 5.391854050839042 1.0967969997638756
60822.4278 lsst_hardware_y 28.717765117026154 50.529998779296875 30.040000915527344 AB 4.590170220950086 1.086881008926755
60825.4129 lsst_hardware_i -57.612706724240105 32.77000045776367 31.260000228881836 AB 14.062657067523226 1.0887358856906502
60825.4322 lsst_hardware_y -16.655284430964 54.09000015258789 30.040000915527344 AB 13.920910912881597 1.0882938602104075
60827.4034 lsst_hardware_g -2.989751906541259 16.209999084472656 31.479999542236328 AB 6.8118036017689025 1.0907320757549235
60827.4239 lsst_hardware_y -42.028128803466096 48.349998474121094 30.040000915527344 AB 6.761571471874164 1.0874190208868066
60843.3191 lsst_hardware_z 90.70369993231697 88.55000305175781 31.729999542236328 AB 4.441961225495708 1.150022323752857
60843.3515 lsst_hardware_r 32.68446690271778 103.86000061035156 32.38999938964844 AB 3.6567759042203867 1.0968682410299275
60845.3804 lsst_hardware_i 40.19802615860793 37.59000015258789 31.280000686645508 AB 3.1778482722515 1.0894857227306634
60845.4021 lsst_hardware_z -84.62123259304428 45.459999084472656 30.950000762939453 AB 3.2316981722656353 1.10969119143809
60850.3041 lsst_hardware_u 0.012743636470210496 2.809999942779541 28.43000030517578 AB 3.8963775864129917 1.140514465727288
60850.3251 lsst_hardware_g 13.63327453869984 15.359999656677246 31.43000030517578 AB 3.795694332453371 1.1046840315638782
60853.2996 lsst_hardware_r -1.8603922678162537 24.649999618530273 31.5 AB 7.6769194633175015 1.1327066710907416
60853.3195 lsst_hardware_i -29.73366889709518 32.209999084472656 31.260000228881836 AB 7.5286657448087455 1.1016484847539867
60862.2989 lsst_hardware_r 4.761267686403179 40.689998626708984 31.600000381469727 AB 5.627524214740661 1.0975538060214525
60862.3215 lsst_hardware_g -49.079269462972675 28.969999313354492 31.639999389648438 AB 5.561783211526828 1.0866571995363314
60864.2937 lsst_hardware_r -97.61198310080047 66.44999694824219 31.6299991607666 AB 1.4489056725265177 1.0973094395909684
60864.3137 lsst_hardware_i 34.40169764130251 54.689998626708984 31.309999465942383 AB 1.4346993351048793 1.0868248230072945
60869.2946 lsst_hardware_z -107.37244443079118 132.7100067138672 31.739999771118164 AB 6.637220620932531 1.0880689542512347
60871.2804 lsst_hardware_r -82.55750738408847 87.12999725341797 31.639999389648438 AB 5.844730623348394 1.0925751235346097
60871.3018 lsst_hardware_i -18.83245081875853 73.87000274658203 31.31999969482422 AB 5.133899849303502 1.0870189358913458
60878.2543 lsst_hardware_r 13.726575377172544 24.31999969482422 31.5 AB 5.398588500335943 1.0984462079120896
60878.2749 lsst_hardware_g 8.077566594078455 15.1899995803833 31.43000030517578 AB 5.338241098101198 1.0869045451450596
60880.2508 lsst_hardware_r 9.29076925668916 34.72999954223633 32.27000045776367 AB 6.473836881905947 1.0965944776882877
60880.2726 lsst_hardware_i -12.964238968666459 45.27000045776367 32.0099983215332 AB 6.431571391323977 1.086658829351877
60882.2496 lsst_hardware_z -82.60504253843507 42.599998474121094 30.940000534057617 AB 11.030077842836413 1.0931241203620345
60882.2689 lsst_hardware_i 12.713303556720875 31.8700008392334 31.239999771118164 AB 11.392921630980874 1.0866960731572752
60885.2419 lsst_hardware_u 3.3591925522472 2.8399999141693115 28.469999313354492 AB 4.491298215715655 1.0927732884952932
60885.2602 lsst_hardware_g 12.638644126418303 15.529999732971191 31.459999084472656 AB 4.554337725500768 1.0866731494643234
60887.2466 lsst_hardware_r 2.6987904956831175 24.520000457763672 31.510000228881836 AB 3.480684628329066 1.0877139463528331
60887.2669 lsst_hardware_i 59.188795156022 31.93000030517578 31.25 AB 3.91886556393908 1.0900877785644172
60889.2483 lsst_hardware_z 39.02800083101858 60.93000030517578 31.700000762939453 AB 1.9513666523958497 1.0866583056639076
60893.2151 lsst_hardware_r -30.956599906916562 71.80999755859375 31.639999389648438 AB 2.460089772745665 1.096785453743052
60893.2231 lsst_hardware_i -109.22567048086275 59.720001220703125 31.309999465942383 AB 2.431162119263841 1.0908186738143988
60895.2182 lsst_hardware_z -99.97837515119251 85.58999633789062 30.989999771118164 AB 3.3805500770595556 1.090500024857921
60895.2387 lsst_hardware_i -19.446414826042172 100.30999755859375 31.329999923706055 AB 3.3714370416832855 1.0875603360268662
60898.2254 lsst_hardware_z -60.45552255480876 131.80999755859375 31.75 AB 7.02667117721587 1.0867106676795344
60900.2043 lsst_hardware_r -94.00468538856948 68.08000183105469 31.639999389648438 AB 3.259379246496871 1.0906405375596022
60900.2228 lsst_hardware_i 41.06812761532207 58.47999954223633 31.31999969482422 AB 3.833960814834883 1.087057386716882
60903.195 lsst_hardware_z 89.51629468575753 42.540000915527344 30.950000762939453 AB 5.342986960713666 1.0912963563549154
60903.213 lsst_hardware_u -3.183485548352555 2.8299999237060547 28.459999084472656 AB 4.804027728925457 1.0868226296986498
60905.2078 lsst_hardware_g 20.566376717413622 15.819999694824219 31.459999084472656 AB 3.3652631696359268 1.086854290979269
60905.2271 lsst_hardware_r 31.28150572469899 24.989999771118164 31.510000228881836 AB 2.69953383975416 1.0968141553087223
60907.1517 lsst_hardware_r -17.881575735165274 25.06999969482422 31.5 AB 2.1262091597533237 1.1336759049604497
60907.1704 lsst_hardware_i -40.12438770656328 32.43000030517578 31.25 AB 2.3743659187127317 1.1035862973333637
60911.1793 lsst_hardware_u -2.0484299542679953 2.7699999809265137 28.40999984741211 AB 3.2488459916611028 1.0882994696126296
60911.2006 lsst_hardware_g -4.212145450096439 15.720000267028809 31.450000762939453 AB 3.2421228380427203 1.0896976180296514
60913.1563 lsst_hardware_r -5.8771913895573205 24.920000076293945 31.510000228881836 AB 2.4023531789060506 1.1009867914326537
60913.174 lsst_hardware_i -30.75091983588139 32.150001525878906 31.25 AB 2.3427122357024386 1.0882416609928873
60931.1296 lsst_hardware_i 103.26246754874194 33.11874978096918 31.25 AB 3.9499014061001074 1.0870041709253822
60931.1472 lsst_hardware_z 85.92737421402936 43.54069479739665 30.950000762939453 AB 4.013313674963969 1.090327464332525
60933.0955 lsst_hardware_z 176.99261608133 44.53385861680606 30.940000534057617 AB 1.1227957190983588 1.1085690825393335
60933.1143 lsst_hardware_r 133.41916835548028 27.303929452756286 31.510000228881836 AB 1.1242130891012245 1.0905866668726512
60937.0978 lsst_hardware_i 406.2854169777541 37.307549592902305 31.25 AB 6.136871329861971 1.0943716334533622
60937.1173 lsst_hardware_z 412.9246306195078 45.647670977251906 30.940000534057617 AB 6.070108310264389 1.0866645739821676
60939.1001 lsst_hardware_r 612.1875629378691 33.933550142976756 31.5 AB 4.157352873237128 1.0894530590247593
60939.1198 lsst_hardware_u 8.069286390804852 4.273912709959154 28.420000076293945 AB 4.188525080951082 1.0879285924551771
60942.0673 lsst_hardware_u 9.737737367547686 3.8019221028503374 28.399999618530273 AB 3.389268631807517 1.1137918606004884
60942.0876 lsst_hardware_g 192.16713982836413 20.819049654799247 31.440000534057617 AB 4.020293518478405 1.091877653035929
60944.0713 lsst_hardware_r 1030.1687400771725 40.79123405944534 31.510000228881836 AB 3.2270441330732664 1.1013802501956542
60944.0897 lsst_hardware_i 927.4865357995824 44.12036930443181 31.25 AB 4.118546285595724 1.0881231930237911
60949.0643 lsst_hardware_z 990.1128672523439 57.57999551070814 30.950000762939453 AB 6.275064889612621 1.0949655180361892
60949.0832 lsst_hardware_r 1453.477254670738 61.887993029724896 31.610000610351562 AB 6.226077175398719 1.0867018574701437
60951.0618 lsst_hardware_i 1339.417478692812 87.94227532143042 31.329999923706055 AB 3.1726736109158966 1.0927065992480025
60951.0797 lsst_hardware_z 1079.42508670331 77.77138076988398 30.979999542236328 AB 3.2371941353881843 1.0866714116780325
60954.0655 lsst_hardware_r 1396.5784653559901 128.91100579652974 31.649999618530273 AB 4.124946015371548 1.087252667306432
60954.0841 lsst_hardware_z 991.3536102471378 89.33776806080748 30.989999771118164 AB 3.7214637021200883 1.0901661074466305
60956.0369 lsst_hardware_y 507.055226451829 57.258744996818635 30.040000915527344 AB 5.0594749417349565 1.1032435546739237
60956.0564 lsst_hardware_g 318.6305883040634 91.0637820962165 31.709999084472656 AB 6.131547368012659 1.0883115669165653
60958.038 lsst_hardware_r 1207.8755524001815 42.9775280618365 31.5 AB 2.631478499008509 1.0964493745868789
60958.0565 lsst_hardware_i 1346.020828686154 48.090041648804416 31.25 AB 2.6460789026111584 1.0869085654595023
60960.0366 lsst_hardware_z 993.1907368419409 52.593430315512556 30.940000534057617 AB 6.726170113578032 1.0931529519873284
60960.0542 lsst_hardware_r 1217.9967351514135 41.89064242511274 31.5 AB 5.892446897502065 1.086666094513878
60966.0325 lsst_hardware_r 854.9207014070213 37.89756608303198 31.489999771118164 AB 5.759812308819765 1.0873041106505974
60966.0511 lsst_hardware_u 2.2235466746626127 2.739192621338386 28.389999389648438 AB 6.140571767279231 1.0900423255525262
60969.007 lsst_hardware_y 360.3527569811867 52.42439412192728 30.030000686645508 AB 3.670210852914893 1.097332325966183
60969.0249 lsst_hardware_g 62.89733356763896 17.63827539929029 31.459999084472656 AB 3.6125057894798727 1.0871763423222094
60973.0092 lsst_hardware_y 215.2636201732656 52.57589248646198 30.040000915527344 AB 3.9460207978405983 1.0886075123933474
60973.0273 lsst_hardware_r 543.4023836889437 33.8390627997989 31.510000228881836 AB 3.9392380713514736 1.088037031170166
60977.0042 lsst_hardware_y 163.1243363220979 62.61190852677841 30.040000915527344 AB 3.3717800871369468 1.0869697250604116
60977.0216 lsst_hardware_z 697.4302115605633 52.57642680568738 30.950000762939453 AB 3.4592467236525692 1.0903278179194902
60980.0055 lsst_hardware_y 271.0466044978145 73.65033254922925 30.049999237060547 AB 4.558908206265893 1.0872880547588335
60980.0258 lsst_hardware_z 574.526002798149 73.530079629052 30.979999542236328 AB 4.61712867090429 1.100255059889419
61186.4071 lsst_hardware_g 0.3944442005540005 16.489999771118164 31.469999313354492 AB 6.116836734327417 1.1021989430585772
61186.4283 lsst_hardware_y -146.91457006913978 51.5099983215332 30.040000915527344 AB 5.526361509421633 1.0875096443597836
61188.4092 lsst_hardware_i 43.21629510217328 32.970001220703125 31.260000228881836 AB 10.182592242302702 1.094823909644736
61188.4295 lsst_hardware_y -83.6628036444068 51.41999816894531 30.040000915527344 AB 9.53777918501474 1.086678726787597
61195.3588 lsst_hardware_z 139.9431906605628 64.9800033569336 30.969999313354492 AB 13.748335457619364 1.1418883270447977
61195.3714 lsst_hardware_y -59.2491507435938 55.70000076293945 30.030000686645508 AB 13.334869024737339 1.1175719933571644
61197.438 lsst_hardware_i 73.90580620603056 76.69000244140625 31.31999969482422 AB 4.215453400081635 1.109329842126746
61218.2919 lsst_hardware_i 40.45851127974415 76.43000030517578 32.04999923706055 AB 7.749795956859437 1.1515298598602963
61218.314 lsst_hardware_z -34.784362235163144 53.0099983215332 30.959999084472656 AB 7.545910073013756 1.1094479266358532
61219.3635 lsst_hardware_r -34.51479520434411 76.41000366210938 31.639999389648438 AB 5.539917834428088 1.093872610213859
61219.3845 lsst_hardware_z 10.153880307612404 58.540000915527344 30.969999313354492 AB 5.794707577540937 1.1193897445346304
61221.3393 lsst_hardware_r 98.19261353573881 105.16999816894531 31.649999618530273 AB 3.8704349966772225 1.086692090784433
61221.3585 lsst_hardware_i 63.50491376683959 82.18000030517578 31.329999923706055 AB 3.880141033004449 1.0942304097587279
61224.3325 lsst_hardware_z -31.72269511955992 84.80999755859375 30.989999771118164 AB 6.958024694340702 1.0867385507612508
61224.3526 lsst_hardware_i 74.50847095619886 97.12999725341797 31.329999923706055 AB 7.187381350936878 1.0961386839922034
61226.3403 lsst_hardware_z -32.15997763658695 94.58000183105469 31.729999542236328 AB 4.907354801660955 1.0910890391301316
61232.3007 lsst_hardware_g 3.783323590201613 15.25 31.450000762939453 AB 9.292645562681718 1.0881317989088661
61232.3192 lsst_hardware_r 39.28659658073774 24.270000457763672 31.5 AB 9.337469483894418 1.0887272761492939
61234.3008 lsst_hardware_i 96.69894735303339 31.84000015258789 31.25 AB 6.629873098506422 1.086864442378102
61234.3193 lsst_hardware_z 14.472190616935276 42.47999954223633 30.950000762939453 AB 6.658816519595 1.091609265507377
61236.2938 lsst_hardware_r 39.01914431552471 24.190000534057617 31.489999771118164 AB 5.1691211589063455 1.0870917263735742
61236.3128 lsst_hardware_g -3.1951786953260397 15.079999923706055 31.420000076293945 AB 5.0934913343616754 1.0909753862085378
61239.2885 lsst_hardware_r -27.11301204160895 24.209999084472656 31.5 AB 2.051956974211377 1.0867456832260802
61239.3096 lsst_hardware_i -53.50339354980114 31.760000228881836 31.25 AB 1.9699718190234035 1.0944287883463353
61245.2502 lsst_hardware_r 15.294179162163298 44.810001373291016 31.610000610351562 AB 6.486355943098554 1.0978472378620663
61245.2704 lsst_hardware_z 79.68782494114656 46.81999969482422 30.959999084472656 AB 6.430359217842418 1.086913128068696
61247.2501 lsst_hardware_y 53.1868027086342 51.16999816894531 30.030000686645508 AB 11.541011307728427 1.0933129317666188
61247.2707 lsst_hardware_r 61.75389031453583 64.20999908447266 31.6299991607666 AB 11.50152072366804 1.0868263251544703
61250.2492 lsst_hardware_i -34.23247652221072 105.72000122070312 31.329999923706055 AB 4.521380063549303 1.08905180173809
61250.2695 lsst_hardware_z -65.57620113707503 88.9800033569336 30.989999771118164 AB 4.547449244598093 1.0885141413703245
61252.2462 lsst_hardware_r 208.57574774036792 157.25999450683594 31.649999618530273 AB 3.481928968708159 1.0881028027212996
61252.2667 lsst_hardware_z 1.563692995924089 106.38999938964844 31.0 AB 3.89613505642825 1.0896755856322893
61254.2492 lsst_hardware_r -23.578426592217188 93.43000030517578 31.649999618530273 AB 1.9279911595931007 1.0867023915038614
61254.2702 lsst_hardware_i 59.76541962350192 77.7699966430664 31.31999969482422 AB 1.6696007673180975 1.0957183050487924
61257.24 lsst_hardware_z 0.5161858550377831 45.83000183105469 30.950000762939453 AB 1.19050046472333 1.0867188176388223
61257.2598 lsst_hardware_i -33.508581429697955 39.439998626708984 31.270000457763672 AB 0.46145237605597417 1.0939210811283464
61259.2079 lsst_hardware_r 11.369199382160588 24.709999084472656 31.510000228881836 AB 3.1037277041405464 1.1021108022041355
61259.226 lsst_hardware_u 1.8805288192261431 2.7899999618530273 28.43000030517578 AB 3.4574195450207106 1.0884939274910412
61262.2193 lsst_hardware_g -1.244556133797158 22.079999923706055 32.20000076293945 AB 4.959254228063011 1.0879732853755302
61262.2389 lsst_hardware_r -10.496855823725088 35.0 32.2599983215332 AB 4.8588990456519 1.0894392479040136
61267.1976 lsst_hardware_r 29.953531408218485 24.90999984741211 31.520000457763672 AB 3.923427276700901 1.0918628784881914
61267.2202 lsst_hardware_g 6.375247569467022 15.829999923706055 31.469999313354492 AB 4.693825583902996 1.0875826801860582
61269.1991 lsst_hardware_r 27.371628903876054 25.0 31.520000457763672 AB 4.797247865849073 1.0883460201570854
61269.2194 lsst_hardware_i 19.695527173149234 32.34000015258789 31.25 AB 4.657679372571184 1.0892608448482657
61273.1742 lsst_hardware_i 10.735521718290046 38.27000045776367 31.270000457763672 AB 1.9223293492827822 1.0974287436439636
61273.1959 lsst_hardware_z -10.205394954162237 45.20000076293945 30.950000762939453 AB 1.8936455186790864 1.0867406133022017
61277.1685 lsst_hardware_y 30.71407204086321 56.439998626708984 30.040000915527344 AB 4.209871656915259 1.0930945967410226
61277.1867 lsst_hardware_r 91.4969307260261 91.95999908447266 31.649999618530273 AB 4.125876573051142 1.086710247511157
61287.1357 lsst_hardware_u 2.00534023945671 2.8299999237060547 28.459999084472656 AB 1.5367663006706775 1.0976902147647698
61287.1545 lsst_hardware_r -28.238871983574448 24.719999313354492 31.510000228881836 AB 1.521956763003034 1.0871119735735957
61298.0943 lsst_hardware_g -26.939256325497944 15.710000038146973 31.459999084472656 AB 1.1462806630244664 1.1112754852394244
61298.1126 lsst_hardware_i -8.855105815410631 31.979999542236328 31.260000228881836 AB 1.1314163553820318 1.0921007291334535
61300.0962 lsst_hardware_z 0.9866994986985228 42.9900016784668 30.950000762939453 AB 1.2147786788111303 1.1018400714829844
61300.1145 lsst_hardware_r 4.924253496224349 26.790000915527344 31.540000915527344 AB 1.1572617297959764 1.0883339151675706
61304.102 lsst_hardware_r -19.69827363343237 59.369998931884766 31.6299991607666 AB 4.229505376331908 1.0889560701166994
61304.1229 lsst_hardware_i -82.06072738019114 52.65999984741211 31.309999465942383 AB 4.144188049431448 1.0888565552893978
61306.1021 lsst_hardware_z -9.85912532925165 78.93000030517578 30.989999771118164 AB 1.413376197755591 1.087212459811993
61306.1216 lsst_hardware_r -32.5304403180218 106.72000122070312 31.649999618530273 AB 1.4182239694657395 1.0909415149736457
61310.0688 lsst_hardware_z 59.18620331306581 74.7699966430664 30.979999542236328 AB 3.085451625980682 1.101947009278815
61310.089 lsst_hardware_i -2.736005892347546 86.58000183105469 31.329999923706055 AB 3.572792873524026 1.087746149493551
61312.0684 lsst_hardware_z 8.78210490752041 50.849998474121094 30.959999084472656 AB 3.705068311871439 1.096796007165272
61312.0892 lsst_hardware_r 16.718854867181747 57.06999969482422 31.6299991607666 AB 4.048342888787823 1.0867548356998618
61314.064 lsst_hardware_u 4.421030068302571 2.7799999713897705 28.440000534057617 AB 6.283441903903005 1.0958536006574038
61314.0827 lsst_hardware_g 14.90832789707532 15.239999771118164 31.450000762939453 AB 6.212198114643147 1.0868403174765282
61318.0644 lsst_hardware_z 24.736229271469735 42.56999969482422 30.950000762939453 AB 3.0606897052222486 1.0886968360999225
61318.0819 lsst_hardware_r -40.42673426803937 24.31999969482422 31.510000228881836 AB 3.0590546336606628 1.0878572665934079
61320.0335 lsst_hardware_r -35.892871009091266 24.329999923706055 31.5 AB 4.312546143711211 1.1123410223655432
61320.0526 lsst_hardware_u -2.5990145498750317 2.799999952316284 28.459999084472656 AB 4.928440614397397 1.0920542021702517
61322.0357 lsst_hardware_g -27.84553821794838 15.350000381469727 31.459999084472656 AB 4.316705159923025 1.1023251174471462
61322.0521 lsst_hardware_i 14.535353783237241 31.8799991607666 31.25 AB 3.4791821796058 1.089286843959236
61327.0304 lsst_hardware_u -2.3117180704406204 2.9100000858306885 28.5 AB 7.97095604058077 1.0942852360938387
61327.0484 lsst_hardware_g 8.593224710239447 15.550000190734863 31.450000762939453 AB 7.8245655971600305 1.086745221827782
61329.0323 lsst_hardware_r -21.915255813283554 26.100000381469727 31.530000686645508 AB 8.521653694835992 1.0896094228879265
61329.0504 lsst_hardware_i 42.768734104359964 32.619998931884766 31.25 AB 8.954098838702535 1.087454316092177
61331.0323 lsst_hardware_z 18.681392037750356 44.88999938964844 30.950000762939453 AB 5.718798141578745 1.0875685847693335
61331.0495 lsst_hardware_r -0.33208567453470494 34.93000030517578 31.579999923706055 AB 6.493299432016546 1.0889925254950272
61333.005 lsst_hardware_y -63.91275467305278 56.77000045776367 30.040000915527344 AB 3.308905626182524 1.103091107739479
61333.0225 lsst_hardware_z 32.09669623654964 56.869998931884766 30.979999542236328 AB 3.266547309609627 1.089091123452865
61336.0071 lsst_hardware_y 21.737371525563706 61.630001068115234 30.049999237060547 AB 4.305200281986366 1.093314781788256
61336.0245 lsst_hardware_i 32.39213688338502 82.16000366210938 31.34000015258789 AB 4.31209129354452 1.0867165558328773
61338.009 lsst_hardware_y -0.9389456459503175 58.790000915527344 30.049999237060547 AB 3.9403599325454453 1.0890236806592815
61338.0265 lsst_hardware_r -71.68869762331136 96.18000030517578 31.649999618530273 AB 3.933859351026413 1.087627864717084
61341.0028 lsst_hardware_y 25.612672779651678 64.0 30.049999237060547 AB 3.861990705736279 1.0882423441702753
61341.0191 lsst_hardware_g 7.366552204529726 16.06999969482422 31.479999542236328 AB 3.8999639448595347 1.0878560515647238
61344.004 lsst_hardware_z -49.94036732034106 59.970001220703125 30.989999771118164 AB 5.0491504201215145 1.0867151832384212
61344.0202 lsst_hardware_i -5.227078665821702 32.72999954223633 31.270000457763672 AB 5.108508181162061 1.0924369272733623
