data/validation/pwv_sim_epoch_fit_4/63860957.ecsv
# %ECSV 0.9
# ---
# datatype:
# - {name: time, datatype: float64}
# - {name: band, datatype: string}
# - {name: flux, datatype: float64}
# - {name: fluxerr, datatype: float64}
# - {name: zp, datatype: float64}
# - {name: zpsys, datatype: string}
# - {name: pwv, datatype: float64}
# - {name: airmass, datatype: float64}
# meta: {SNID: '63860957', alt: 1024.0, c: 0.03833442181348801, dec: -7.331168, lat: -30.244573, lon: -70.7499537, ra: 329.414062, t0: 60954.79296875,
#   x0: 4.413765598197402e-06, x1: -0.7410394549369812, z: 0.6458929777145386}
# schema: astropy-2.0
time band flux fluxerr zp zpsys pwv airmass
[from data line 133]
61298.0943 lsst_hardware_g 13.339899198392976 15.710000038146973 31.459999084472656 AB 1.1462806630244664 1.1112754852394244
61298.1126 lsst_hardware_i 16.356694408096896 31.979999542236328 31.260000228881836 AB 1.1314163553820318 1.0921007291334535
61300.0962 lsst_hardware_z -23.810542029534222 42.9900016784668 30.950000762939453 AB 1.2147786788111303 1.1018400714829844
61300.1145 lsst_hardware_r -34.40537550945122 26.790000915527344 31.540000915527344 AB 1.1572617297959764 1.0883339151675706
61304.102 lsst_hardware_r 53.211906119540544 59.369998931884766 31.6299991607666 AB 4.229505376331908 1.0889560701166994
61304.1229 lsst_hardware_i -69.07601109718827 52.65999984741211 31.309999465942383 AB 4.144188049431448 1.0888565552893978
61306.1021 lsst_hardware_z -18.738202025646864 78.93000030517578 30.989999771118164 AB 1.413376197755591 1.087212459811993
61306.1216 lsst_hardware_r -19.360264343540695 106.72000122070312 31.649999618530273 AB 1.4182239694657395 1.0909415149736457
61310.0688 lsst_hardware_z -22.83950119331965 74.7699966430664 30.979999542236328 AB 3.085451625980682 1.101947009278815
61310.089 lsst_hardware_i -90.0306562865752 86.58000183105469 31.329999923706055 AB 3.572792873524026 1.087746149493551
61312.0684 lsst_hardware_z -92.12994119536212 50.849998474121094 30.959999084472656 AB 3.705068311871439 1.096796007165272
61312.0892 lsst_hardware_r -27.710264348126643 57.06999969482422 31.6299991607666 AB 4.048342888787823 1.0867548356998618
61314.064 lsst_hardware_u 2.2220506725698606 2.7799999713897705 28.440000534057617 AB 6.283441903903005 1.0958536006574038
61314.0827 lsst_hardware_g 16.81790202390096 15.239999771118164 31.450000762939453 AB 6.212198114643147 1.0868403174765282
61318.0644 lsst_hardware_z 19.454337655156593 42.56999969482422 30.950000762939453 AB 3.0606897052222486 1.0886968360999225
61318.0819 lsst_hardware_r -18.02967566855851 24.31999969482422 31.510000228881836 AB 3.0590546336606628 1.0878572665934079
61320.0335 lsst_hardware_r 41.23146056554642 24.329999923706055 31.5 AB 4.312546143711211 1.1123410223655432
61320.0526 lsst_hardware_u -3.4907432404964873 2.799999952316284 28.459999084472656 AB 4.928440614397397 1.0920542021702517
61322.0357 lsst_hardware_g -9.373166448132713 15.350000381469727 31.459999084472656 AB 4.316705159923025 1.1023251174471462
61322.0521 lsst_hardware_i -7.387930722152187 31.8799991607666 31.25 AB 3.4791821796058 1.089286843959236
61327.0304 lsst_hardware_u 1.6352651965238187 2.9100000858306885 28.5 AB 7.97095604058077 1.0942852360938387
61327.0484 lsst_hardware_g 25.165739202325636 15.550000190734863 31.450000762939453 AB 7.8245655971600305 1.086745221827782
61329.0323 lsst_hardware_r -34.47487864307822 26.100000381469727 31.530000686645508 AB 8.521653694835992 1.0896094228879265
61329.0504 lsst_hardware_i -25.304894937297338 32.619998931884766 31.25 AB 8.954098838702535 1.087454316092177
61331.0323 lsst_hardware_z 76.40596611359935 44.88999938964844 30.950000762939453 AB 5.718798141578745 1.0875685847693335
61331.0495 lsst_hardware_r 28.95113129191567 34.93000030517578 31.579999923706055 AB 6.493299432016546 1.0889925254950272
61333.005 lsst_hardware_y -35.85223804086723 56.77000045776367 30.040000915527344 AB 3.308905626182524 1.103091107739479
61333.0225 lsst_hardware_z 53.83862176656602 56.869998931884766 30.979999542236328 AB 3.266547309609627 1.089091123452865
61336.0071 lsst_hardware_y 161.8198029943923 61.630001068115234 30.049999237060547 AB 4.305200281986366 1.093314781788256
61336.0245 lsst_hardware_i 17.872933075271348 82.16000366210938 31.34000015258789 AB 4.31209129354452 1.0867165558328773
61338.009 lsst_hardware_y -15.33997576642948 58.790000915527344 30.049999237060547 AB 3.9403599325454453 1.0890236806592815
61338.0265 lsst_hardware_r -113.16014104671356 96.18000030517578 31.649999618530273 AB 3.933859351026413 1.087627864717084
61341.0028 lsst_hardware_y 42.15371177301346 64.0 30.049999237060547 AB 3.861990705736279 1.0882423441702753
61341.0191 lsst_hardware_g 2.12050394730905 16.06999969482422 31.479999542236328 AB 3.8999639448595347 1.0878560515647238
61344.004 lsst_hardware_z 36.61490391579801 59.970001220703125 30.989999771118164 AB 5.0491504201215145 1.0867151832384212
61344.0202 lsst_hardware_i -52.287684573120494 32.72999954223633 31.270000457763672 AB 5.108508181162061 1.0924369272733623
