data/validation/pwv_sim_epoch_fit_4/63876396.ecsv
# %ECSV 0.9
# ---
# datatype:
# - {name: time, datatype: float64}
# - {name: band, datatype: string}
# - {name: flux, datatype: float64}
# - {name: fluxerr, datatype: float64}
# - {name: zp, datatype: float64}
# - {name: zpsys, datatype: string}
# - {name: pwv, datatype: float64}
# - {name: airmass, datatype: float64}
# meta: {SNID: '63876396', alt: 1024.0, c: -0.009542327374219894, dec: -2.537361, lat: -30.244573, lon: -70.7499537, ra: 222.539062, t0: 62664.56640625,
#   x0: 8.30346572217796e-06, x1: -2.5000789165496826, z: 0.49754270911216736}
# schema: astropy-2.0
time band flux fluxerr zp zpsys pwv airmass
[from data line 132]
62964.2803 lsst_hardware_r -66.83548667110624 143.47999572753906 31.639999389648438 AB 9.810510134075447 1.1302756570264634
62964.2987 lsst_hardware_z 49.04631642753975 95.37000274658203 30.989999771118164 AB 11.391941111854745 1.145753550260717
62967.2597 lsst_hardware_r -109.26452313793482 83.95999908447266 31.6299991607666 AB 3.84492966964702 1.1283174223751404
62967.276 lsst_hardware_y 56.828200731672844 55.849998474121094 30.020000457763672 AB 3.876551320069659 1.1322805919782861
62969.255 lsst_hardware_z -52.86520385933331 48.65999984741211 30.959999084472656 AB 13.425728481111586 1.1282440808799898
62969.2724 lsst_hardware_r -72.93004909726307 46.36000061035156 31.610000610351562 AB 13.476560151830157 1.1334762349532985
62971.2575 lsst_hardware_i 15.983336137116774 34.16999816894531 31.25 AB 10.50563475508597 1.1289906958467513
62971.2752 lsst_hardware_z 33.3361038537086 44.209999084472656 30.940000534057617 AB 10.645816909329914 1.1406639782845724
62974.2567 lsst_hardware_r -8.97538039314921 24.450000762939453 31.510000228881836 AB 14.465146792718334 1.1321681832049728
62974.2735 lsst_hardware_u -2.204207179524479 2.869999885559082 28.489999771118164 AB 14.629171624171562 1.1485120018976693
62976.256 lsst_hardware_g -14.692966169700036 15.15999984741211 31.43000030517578 AB 4.073971933725048 1.1354964278510842
62976.2744 lsst_hardware_i -24.802020523235782 32.380001068115234 31.239999771118164 AB 4.163931175854577 1.1581488529170898
62982.1373 lsst_hardware_r -11.615630848190806 25.170000076293945 31.469999313354492 AB 11.274359103090758 1.301688627973965
62982.1568 lsst_hardware_u -2.8787555652274 2.819999933242798 28.420000076293945 AB 10.720170996038988 1.225442500690328
62985.2168 lsst_hardware_g -37.19955068835567 15.4399995803833 31.440000534057617 AB 11.80260392583212 1.1284638995919418
62985.2352 lsst_hardware_r 12.559941369772021 24.700000762939453 31.5 AB 11.884751346533498 1.1388588507234962
62989.1731 lsst_hardware_i 26.127799063470604 54.220001220703125 31.299999237060547 AB 13.195300745055308 1.1469187957457896
62989.1889 lsst_hardware_z 149.90060053377883 54.150001525878906 30.969999313354492 AB 13.01108171940546 1.1320546739621922
62992.1913 lsst_hardware_z -19.123411296907978 99.47000122070312 30.989999771118164 AB 3.701697942528718 1.1283371090821128
62994.199 lsst_hardware_r -159.02711264213266 137.89999389648438 31.639999389648438 AB 9.968709605233396 1.1305489529708703
62994.2193 lsst_hardware_z 54.54719819195636 94.19999694824219 30.989999771118164 AB 10.281038956397786 1.149072503439357
62996.1059 lsst_hardware_r 14.047487394432396 71.30000305175781 31.59000015258789 AB 9.414937713855473 1.2718162458351376
63001.1436 lsst_hardware_i 13.636297882510931 32.400001525878906 31.25 AB 7.986571649786047 1.1429116903873657
63001.1642 lsst_hardware_z 48.16779098763629 43.119998931884766 30.950000762939453 AB 7.759414672448577 1.1287789558659587
63004.1167 lsst_hardware_g -5.025209525385931 15.100000381469727 31.40999984741211 AB 10.082252281461177 1.1729004515426584
63004.1414 lsst_hardware_i 27.178829348577725 32.029998779296875 31.239999771118164 AB 8.755919944119647 1.136837177891411
63008.1261 lsst_hardware_r 1.0728526226718569 24.270000457763672 31.489999771118164 AB 5.598601169315643 1.1411161618987657
63008.1481 lsst_hardware_z -22.53608958665132 42.90999984741211 30.940000534057617 AB 5.608999774484679 1.128287608646654
63014.1202 lsst_hardware_g 32.23588461552025 17.3700008392334 31.479999542236328 AB 8.674054753385562 1.132321534301118
63014.1413 lsst_hardware_r 21.43898847241993 25.040000915527344 31.5 AB 8.083903447165023 1.129352255820714
63016.1274 lsst_hardware_i 50.89967360069326 39.369998931884766 31.280000686645508 AB 13.58697881695088 1.1282054983767236
63016.1475 lsst_hardware_z 54.86930083589121 46.4900016784668 30.950000762939453 AB 13.636117864583614 1.1360906907840158
63018.1195 lsst_hardware_r 164.34717681690674 69.08999633789062 31.6299991607666 AB 8.261782896436157 1.12845331858079
63018.141 lsst_hardware_z -50.66452904647635 58.279998779296875 30.969999313354492 AB 8.110947505854174 1.1352450554055482
63021.1001 lsst_hardware_z 20.464587389056664 132.52000427246094 31.739999771118164 AB 13.11266144617672 1.1329411997733472
63023.0865 lsst_hardware_r -116.93132211996381 153.69000244140625 32.38999938964844 AB 5.812473116938316 1.1397006111643757
63023.1079 lsst_hardware_z -127.49957446858114 104.80999755859375 31.739999771118164 AB 5.753969861263954 1.1282293845615596
63037.0352 lsst_hardware_r -5.437521314130611 24.110000610351562 31.489999771118164 AB 4.090683861676089 1.1569766743686496
63037.0575 lsst_hardware_i -30.934647336687544 31.860000610351562 31.239999771118164 AB 4.2965744984064616 1.1322666457501216
63047.0345 lsst_hardware_r 143.18425799262297 75.70999908447266 31.6299991607666 AB 3.9101414135290264 1.1300986744303545
63047.0528 lsst_hardware_z 134.78831581095497 62.43000030517578 30.969999313354492 AB 3.6473242320038493 1.1299313484974751
63049.0368 lsst_hardware_r -92.71173201384606 98.12999725341797 31.6299991607666 AB 9.93248461122712 1.1282427002018651
63049.0571 lsst_hardware_y 51.84095300706069 59.09000015258789 30.020000457763672 AB 9.726229074626048 1.1358546921854518
63052.0129 lsst_hardware_z -233.29089838739293 90.25 31.719999313354492 AB 4.274596377765252 1.1347481756743123
63057.003 lsst_hardware_r 24.07737560877266 24.350000381469727 31.5 AB 9.27719112802397 1.1322047203340582
63057.022 lsst_hardware_i -29.921693266348075 32.11000061035156 31.239999771118164 AB 9.230108750198482 1.1288351508599856
63066.9727 lsst_hardware_y 11.687158356575248 49.06999969482422 30.010000228881836 AB 3.473350955365428 1.134186276208472
63066.9986 lsst_hardware_r -19.247076050376144 24.610000610351562 31.5 AB 3.4120532529798635 1.130099611817459
63068.9714 lsst_hardware_z 149.68708330195665 44.33000183105469 30.940000534057617 AB 6.200859685462508 1.1315437382228717
63068.9938 lsst_hardware_g 11.263710754601718 15.609999656677246 31.43000030517578 AB 5.979709401543309 1.1303798490630075
63071.9662 lsst_hardware_y 2.480565906516414 55.439998626708984 30.030000686645508 AB 5.559522767201737 1.1301182932668312
63071.9873 lsst_hardware_i -5.145185820546998 33.75 31.260000228881836 AB 5.56674769072241 1.1311845478488995
