data/validation/pwv_sim_epoch_fit_4/645017.ecsv
# %ECSV 0.9
# ---
# datatype:
# - {name: time, datatype: float64}
# - {name: band, datatype: string}
# - {name: flux, datatype: float64}
# - {name: fluxerr, datatype: float64}
# - {name: zp, datatype: float64}
# - {name: zpsys, datatype: string}
# - {name: pwv, datatype: float64}
# - {name: airmass, datatype: float64}
# meta: {SNID: '645017', alt: 1024.0, c: -0.10887965559959412, dec: -28.122234, lat: -30.244573, lon: -70.7499537, ra: 275.976562, t0: 61136.46875,
#   x0: 6.788512332531316e-06, x1: 0.6375441551208496, z: 0.5401277542114258}
# schema: astropy-2.0
time band flux fluxerr zp zpsys pwv airmass
61123.3289 lsst_hardware_i 1156.1684548976116 47.73290533331897 31.209999084472656 AB 7.991927930563249 1.3198163487663628
61123.3469 lsst_hardware_z 714.3309884369625 52.391361351015014 30.93000030517578 AB 8.319770003302228 1.2234955887209158
61125.3334 lsst_hardware_u 9.084738343647297 4.083076845954005 28.280000686645508 AB 9.47491061367953 1.2633214151572707
61125.3517 lsst_hardware_g 904.9017108450676 34.14957209040965 31.440000534057617 AB 8.843909777378252 1.1791879703171004
61127.3311 lsst_hardware_r 2185.073925494515 52.53980532068612 31.479999542236328 AB 9.12789334191939 1.2470935433900252
61127.3491 lsst_hardware_z 1001.7858188134139 53.88088590680014 30.940000534057617 AB 9.280082794719512 1.1680161265406028
61129.3389 lsst_hardware_r 2441.6102483445684 67.65196390372998 31.579999923706055 AB 7.579702464248694 1.1868010121475328
61129.3574 lsst_hardware_y 420.03667493716335 51.726132967640524 30.010000228881836 AB 7.035091824610379 1.1206688069364137
61132.3329 lsst_hardware_z 1276.948134654137 70.3424775616144 30.959999084472656 AB 10.385028446084704 1.177952826748364
61132.3499 lsst_hardware_r 2760.6162497100927 98.47613552003641 31.6299991607666 AB 10.04452684282073 1.1185545719044458
61134.3409 lsst_hardware_i 1922.3509034661924 79.92675051138993 31.309999465942383 AB 8.68740215181045 1.1296522238061506
61134.3593 lsst_hardware_z 1319.687358103965 70.69016922534 30.979999542236328 AB 8.261190602980594 1.0784374835273538
61138.3361 lsst_hardware_z 1457.814230262525 73.79104491461494 30.979999542236328 AB 10.324853233833771 1.1108562304409764
61138.3532 lsst_hardware_i 1959.843728121295 81.04430579182458 31.329999923706055 AB 9.897137383430287 1.0674988189505594
61140.3406 lsst_hardware_r 2564.7453310648375 67.61916408445173 31.610000610351562 AB 5.173357475631685 1.0840499713199612
61140.3618 lsst_hardware_z 1402.58935428597 60.11656508274323 30.969999313354492 AB 4.942121520067281 1.0408300995245154
61147.3545 lsst_hardware_g 436.2973549660202 26.71533103080748 31.5 AB 15.07645925117359 1.0240072846005328
61147.3734 lsst_hardware_r 1811.1901261870423 49.41649403461816 31.530000686645508 AB 14.82193207753445 1.0067708453214999
61149.2372 lsst_hardware_z 1117.698836280197 56.61916746537304 30.90999984741211 AB 13.2151883181734 1.4688710825853615
61149.2559 lsst_hardware_u -2.2079224309925753 2.755166862365572 28.219999313354492 AB 13.199319382442004 1.3323449520474424
61151.2362 lsst_hardware_g 256.67152675015296 22.7531595300873 31.31999969482422 AB 11.406157739336695 1.4326044344062334
61151.254 lsst_hardware_r 1418.2767654670786 45.306416871092786 31.459999084472656 AB 10.84014208001048 1.3105148595620166
61153.2341 lsst_hardware_i 1275.9317959316347 48.998485870641936 31.200000762939453 AB 6.2577340447465835 1.4069173855614905
61153.2517 lsst_hardware_z 1028.2797256367985 54.589848237365715 30.920000076293945 AB 7.234885374322412 1.292097637990668
61155.2377 lsst_hardware_i 1244.0524775055321 47.27037709160912 31.209999084472656 AB 17.06840137130594 1.3439686119138536
61155.2559 lsst_hardware_u 4.478402079514051 3.099520098993177 28.299999237060547 AB 16.822252319445816 1.2409298832840516
61157.2324 lsst_hardware_z 830.1875268982271 59.45676568006378 30.93000030517578 AB 3.8498526587019932 1.3429328189420051
61157.249 lsst_hardware_r 1021.9159474346573 59.6973236148981 31.56999969482422 AB 3.5536366758955724 1.2480943632963641
61159.2381 lsst_hardware_i 1001.6792791584718 64.73971620375069 31.280000686645508 AB 13.403048151365457 1.2766023574974241
61159.2568 lsst_hardware_r 1011.7938727038237 74.28418716226605 31.610000610351562 AB 12.64489062608553 1.1876203363390105
61161.2452 lsst_hardware_z 1553.4391894390342 103.3741444844329 31.719999313354492 AB 11.150748638381911 1.2141274263731325
61163.2682 lsst_hardware_i 878.2565988462204 91.0286135852767 31.329999923706055 AB 14.044576492601747 1.1098337761512287
61163.2896 lsst_hardware_z 828.6557074447667 80.83812343994832 31.0 AB 13.380564605681291 1.0578357661223252
61166.2362 lsst_hardware_z 694.622523353335 85.9495207519244 30.979999542236328 AB 2.8824957383946836 1.193827185087879
61166.2555 lsst_hardware_r 595.7017280729673 108.19739734185806 31.639999389648438 AB 2.9368238030085565 1.1234263830443951
61168.246 lsst_hardware_z 1307.5350470476117 86.11584707711462 31.719999313354492 AB 10.15375875759521 1.136466367182854
61170.237 lsst_hardware_r 375.2327855401109 37.62888579032894 31.549999237060547 AB 7.121290568999767 1.1485952530644785
61170.2551 lsst_hardware_z 534.8036413638723 51.0895965934155 30.950000762939453 AB 7.761844647197349 1.0932175559432886
61175.2 lsst_hardware_z 1195.5328370656478 71.3527092591505 31.68000030517578 AB 8.107992677100558 1.2473834887847013
61175.2277 lsst_hardware_u 7.841513316331009 4.3213662708295955 29.18000030517578 AB 7.298154364603019 1.133781942613451
61177.2566 lsst_hardware_i 367.6353086730426 37.13944913892764 31.25 AB 6.714992240262823 1.0479894249337303
61177.276 lsst_hardware_z 609.779664263895 47.46945656639267 30.950000762939453 AB 6.5403745615841515 1.0200474999221467
61185.1558 lsst_hardware_z 796.110458627261 75.65139283488506 31.690000534057617 AB 7.552440643180802 1.3439502886953307
61187.1473 lsst_hardware_r 168.0830311398278 60.77699564933342 31.559999465942383 AB 7.339759712241684 1.364098571225688
61187.1671 lsst_hardware_i 229.65643773937217 52.980416237833246 31.270000457763672 AB 6.24944376827856 1.2480790390490908
61194.1312 lsst_hardware_z 443.4138320749301 95.8839425122293 30.959999084472656 AB 12.206985030867965 1.3441348905341859
61194.1564 lsst_hardware_r 130.06184621118916 127.342111560529 31.6299991607666 AB 11.005518919683233 1.208335410593213
61196.1588 lsst_hardware_i 134.91067890704392 64.2973434443758 31.299999237060547 AB 9.768243273419591 1.1754805383176403
61196.1826 lsst_hardware_z 319.8865768792837 61.00490962672614 30.969999313354492 AB 8.891406143206455 1.0972529177136718
61198.1564 lsst_hardware_i 123.51078501566722 39.83700222432032 31.260000228881836 AB 6.158370889861498 1.1637133200796936
61198.1754 lsst_hardware_z 319.0206804140619 48.59267159113649 30.950000762939453 AB 4.9408676285700475 1.1020112921980574
61222.0687 lsst_hardware_y -88.94441103191309 103.2300033569336 30.75 AB 10.204557501585457 1.2626798310891796
61225.0619 lsst_hardware_z -63.5895354999091 50.970001220703125 30.940000534057617 AB 10.580972625934292 1.255454749161685
61225.0812 lsst_hardware_r 21.77575367322417 48.22999954223633 31.59000015258789 AB 9.96574282307456 1.1693450071076472
61231.0437 lsst_hardware_r 29.319620276418263 25.40999984741211 31.489999771118164 AB 10.599559718404185 1.2649268223444823
61231.0628 lsst_hardware_u 1.8367738832377312 2.890000104904175 28.469999313354492 AB 9.857727329680973 1.1772177733609088
61233.067 lsst_hardware_i 3.1770232717344946 32.43000030517578 31.239999771118164 AB 9.291846659658704 1.1416447548419588
61233.0856 lsst_hardware_z 15.89988118652536 42.40999984741211 30.950000762939453 AB 7.732419046524653 1.0867770971925022
61235.0433 lsst_hardware_z -50.895169982706726 44.45000076293945 30.93000030517578 AB 8.727796616978717 1.2135142331210413
61235.0633 lsst_hardware_r 22.633850486692083 24.979999542236328 31.5 AB 8.169021305984735 1.1357167513012585
61237.0677 lsst_hardware_g 12.924015499842866 15.430000305175781 31.440000534057617 AB 4.301675634772466 1.1054266359138616
61237.0867 lsst_hardware_r 14.175713941048988 24.350000381469727 31.510000228881836 AB 3.9680718118169436 1.059565236800252
61238.0669 lsst_hardware_i -4.755619618710493 31.969999313354492 31.239999771118164 AB 1.7710743744148627 1.1000461952887346
61238.0866 lsst_hardware_z 82.44413102615727 41.75 30.940000534057617 AB 1.7924581858242359 1.0543871681319035
61244.0699 lsst_hardware_r 12.46369067597197 49.310001373291016 31.6200008392334 AB 5.016953872298543 1.0549977476139325
61244.0879 lsst_hardware_i 77.0716509570521 45.470001220703125 31.299999237060547 AB 6.618611607153286 1.0262208864490714
61246.0506 lsst_hardware_i 61.860067125166594 67.7300033569336 31.31999969482422 AB 5.102017995999366 1.0855357438296522
61246.0685 lsst_hardware_z 9.801676310399154 61.029998779296875 30.979999542236328 AB 4.923129412810355 1.0474743431511393
61248.0822 lsst_hardware_z 25.96527317080282 131.99000549316406 31.75 AB 3.561302576890518 1.0199921457512582
61250.9616 lsst_hardware_z 45.89483691278273 97.58000183105469 30.950000762939453 AB 7.647886825655949 1.4451334032669572
61250.9799 lsst_hardware_g 50.84287351992897 105.06999969482422 31.6200008392334 AB 6.966785181630979 1.3169933707142796
61252.9628 lsst_hardware_y -119.81378142372058 80.68000030517578 29.950000762939453 AB 6.296778493197953 1.3942493203870363
61252.9815 lsst_hardware_i -29.08094338273133 33.459999084472656 31.219999313354492 AB 5.844784979050406 1.2763629369550318
61255.9643 lsst_hardware_y -70.38493225516947 70.05000305175781 29.959999084472656 AB 12.559447144546986 1.3289834287250462
61255.9833 lsst_hardware_r -38.605098404695724 24.8700008392334 31.469999313354492 AB 12.961068366342072 1.225758512661698
61257.9654 lsst_hardware_y 5.832292929629541 73.25 29.979999542236328 AB 1.1265647786898034 1.2899596702555
61257.9828 lsst_hardware_g 6.670930055261747 15.630000114440918 31.399999618530273 AB 0.9538276529186468 1.2033149532194871
61259.9676 lsst_hardware_y -4.592566992337737 68.66000366210938 30.0 AB 4.132152934007978 1.2490134813122353
61259.986 lsst_hardware_z 65.12100869972832 43.529998779296875 30.940000534057617 AB 3.8980212230871034 1.1679464338837764
61260.9674 lsst_hardware_y 20.57945337559941 67.94000244140625 30.0 AB 4.216534247659155 1.236490089976048
61260.9859 lsst_hardware_u -5.55175312118661 2.9200000762939453 28.440000534057617 AB 3.9632973815714316 1.1580969775940717
61262.9686 lsst_hardware_z 19.59426787349568 62.58000183105469 30.959999084472656 AB 9.39580167430715 1.2057106508366302
61262.9869 lsst_hardware_r 28.633740171588123 24.670000076293945 31.5 AB 8.841324097980134 1.1355412404289924
61265.9706 lsst_hardware_y -19.34020198730139 63.18000030517578 30.020000457763672 AB 5.80896653684977 1.1642187631264675
61265.9879 lsst_hardware_z 5.901248488008164 42.689998626708984 30.940000534057617 AB 5.743501537168081 1.107181019213124
61267.9718 lsst_hardware_y 91.74463773032538 59.439998626708984 30.020000457763672 AB 6.887622884406258 1.140397850500512
61267.9898 lsst_hardware_u 4.2054814547205215 2.9700000286102295 28.489999771118164 AB 6.543770613979981 1.0873663366533701
61269.9735 lsst_hardware_y 155.14118478548855 59.08000183105469 30.030000686645508 AB 3.8970032496981055 1.1174202866517864
61269.9915 lsst_hardware_i -18.822994816349418 32.91999816894531 31.260000228881836 AB 3.6807330932894105 1.0703694927777274
61273.9762 lsst_hardware_z -75.1928595000975 67.86000061035156 30.989999771118164 AB 3.587356117441209 1.0805018300066391
61273.9939 lsst_hardware_i 37.58889613056612 61.81999969482422 31.329999923706055 AB 3.474201978140407 1.0442446582928462
61275.9766 lsst_hardware_y 53.120757792564646 65.44999694824219 30.059999465942383 AB 2.766853879317916 1.0671159783960593
61275.9941 lsst_hardware_r -281.3972087158568 98.6500015258789 31.65999984741211 AB 2.6836503072029148 1.0351592313222429
61277.9777 lsst_hardware_y 10.055433951500211 63.4900016784668 30.059999465942383 AB 2.700826868486057 1.0537756022186864
61277.9952 lsst_hardware_r 63.24309482348878 98.0 31.670000076293945 AB 2.6352263740529933 1.0260453111173238
61279.9796 lsst_hardware_y -76.19696306769148 60.61000061035156 30.059999465942383 AB 4.184401548816148 1.0407664591013046
61279.998 lsst_hardware_z -36.780092765891844 62.93000030517578 30.989999771118164 AB 4.133172990525935 1.0166456747081383
61486.3303 lsst_hardware_z 67.74331653631845 88.66999816894531 31.700000762939453 AB 7.794197388599378 1.3500147033557968
61500.3342 lsst_hardware_g 7.1815852614329945 16.34000015258789 31.450000762939453 AB 8.846497186171609 1.1453011784880711
61500.3516 lsst_hardware_r -10.59540767196634 25.489999771118164 31.510000228881836 AB 8.342778437092171 1.0925825738852566
61502.344 lsst_hardware_i 16.521999646840047 32.61000061035156 31.25 AB 8.952940284282725 1.0982844523302022
61502.3621 lsst_hardware_z -84.48246072676216 42.31999969482422 30.950000762939453 AB 8.596428141061027 1.0562344513667468
61504.3361 lsst_hardware_r 15.774746625402921 25.459999084472656 31.520000457763672 AB 7.95325667869504 1.1050410474410342
61504.3552 lsst_hardware_u 0.4470454677924556 2.890000104904175 28.489999771118164 AB 7.6163507442319744 1.0590890637077035
61510.3472 lsst_hardware_r 51.00896316126023 24.81999969482422 31.520000457763672 AB 10.319485817287934 1.0435845494552027
61510.3672 lsst_hardware_u 0.6974432007596028 2.8399999141693115 28.479999542236328 AB 10.055064321527258 1.016741424897847
61512.23 lsst_hardware_r 79.51802478525579 57.5 31.510000228881836 AB 21.363915282576137 1.5946393771827332
61512.2489 lsst_hardware_i -102.34023717041866 49.81999969482422 31.25 AB 18.773535269671108 1.424251613620608
61514.2419 lsst_hardware_z 88.38699126507373 85.9000015258789 31.690000534057617 AB 12.919336464553083 1.4362797625962296
61517.2577 lsst_hardware_r -7.4427650969142825 102.8499984741211 31.600000381469727 AB 10.82072891443166 1.2777873152251518
61517.2781 lsst_hardware_i 97.3333785082598 82.0999984741211 31.31999969482422 AB 9.929581325158711 1.1815772470539103
61521.2344 lsst_hardware_i -143.97259438694374 80.83999633789062 31.280000686645508 AB 7.9930885145454305 1.3523159002727436
61521.2555 lsst_hardware_z 225.57048534341456 71.4000015258789 30.969999313354492 AB 7.531270382726254 1.233034239616823
61523.2325 lsst_hardware_g 39.792931282497214 43.779998779296875 31.579999923706055 AB 2.797128492809515 1.3294336943011
61523.2506 lsst_hardware_r -75.9287446084476 49.52000045776367 31.579999923706055 AB 3.4437633122908387 1.2303548811328469
61527.2452 lsst_hardware_u 2.6827608844909596 2.740000009536743 28.3700008392334 AB 9.587218802639283 1.205118374605053
61527.2644 lsst_hardware_g -13.071720920067515 15.3100004196167 31.43000030517578 AB 8.982361652801618 1.1321353230150766
61529.259 lsst_hardware_i -13.122996099240687 32.29999923706055 31.239999771118164 AB 10.455154933430155 1.1319390389682407
61529.2776 lsst_hardware_z -11.433069996947713 42.22999954223633 30.940000534057617 AB 9.973715639960444 1.0796401428837892
61534.2418 lsst_hardware_u -3.500594995475027 3.940000057220459 29.170000076293945 AB 9.557669945753478 1.143843454597571
61534.2621 lsst_hardware_g -13.584723897462867 21.700000762939453 32.209999084472656 AB 9.337574573457355 1.0841361799766653
61536.2425 lsst_hardware_r 5.76599909876992 34.869998931884766 32.2599983215332 AB 8.42738421395938 1.1236012906927677
61536.2622 lsst_hardware_z -123.97995598997163 59.90999984741211 31.700000762939453 AB 8.46134739293279 1.071056632016809
61540.2437 lsst_hardware_r 19.588748725558016 36.18000030517578 31.59000015258789 AB 7.05992039313796 1.089213740262992
61540.2628 lsst_hardware_y 4.50889455945338 47.97999954223633 30.049999237060547 AB 7.462569436686944 1.047929708504375
61542.2432 lsst_hardware_z 22.427018711965346 51.189998626708984 30.969999313354492 AB 7.4805134747229864 1.0770560771822628
61542.2638 lsst_hardware_r 20.64725231997905 58.16999816894531 31.639999389648438 AB 6.6485442087203666 1.0371604506349694
61544.2276 lsst_hardware_i 18.89935387253153 76.5 31.329999923706055 AB 8.767181781970553 1.1030676625529132
61544.247 lsst_hardware_z -54.080708055359345 67.11000061035156 30.989999771118164 AB 8.365131701392857 1.0570933068314479
61546.1029 lsst_hardware_i -40.16882140968583 128.8300018310547 31.149999618530273 AB 14.93837671396743 2.0931868352126246
61546.1326 lsst_hardware_z 121.92298094510213 104.61000061035156 30.920000076293945 AB 11.771899742282425 1.644579455473935
61552.1552 lsst_hardware_z 6.228298612168628 70.61000061035156 31.68000030517578 AB 7.03003039031304 1.3178835950096306
