data/validation/pwv_sim_epoch_fit_4/6451807.ecsv
# %ECSV 0.9
# ---
# datatype:
# - {name: time, datatype: float64}
# - {name: band, datatype: string}
# - {name: flux, datatype: float64}
# - {name: fluxerr, datatype: float64}
# - {name: zp, datatype: float64}
# - {name: zpsys, datatype: string}
# - {name: pwv, datatype: float64}
# - {name: airmass, datatype: float64}
# meta: {SNID: '6451807', alt: 1024.0, c: -0.04926047474145889, dec: -1.790785, lat: -30.244573, lon: -70.7499537, ra: 129.902344, t0: 61414.46484375,
#   x0: 1.4098253390613463e-05, x1: 0.1822551041841507, z: 0.3981212079524994}
# schema: astropy-2.0
time band flux fluxerr zp zpsys pwv airmass
[from data line 132]
61789.198 lsst_hardware_r 20.134123170344665 27.540000915527344 31.510000228881836 AB 6.725653202358576 1.159595379716996
61789.2188 lsst_hardware_z -14.591850027031255 43.95000076293945 30.93000030517578 AB 6.814522437779253 1.1391712533900455
61795.1974 lsst_hardware_i -22.200446704098056 31.950000762939453 31.229999542236328 AB 8.831176668643094 1.1422702239150295
61795.2182 lsst_hardware_z 7.976719180748193 42.93000030517578 30.940000534057617 AB 9.791417176814079 1.1367304489161512
61797.1776 lsst_hardware_r -21.021717212645314 23.8799991607666 31.469999313354492 AB 12.765101978058096 1.1575174082388553
61797.1948 lsst_hardware_u -1.5166367097154365 2.609999895095825 28.299999237060547 AB 12.600996547355635 1.1403616784937225
61799.1763 lsst_hardware_g 28.939943054183207 14.609999656677246 31.399999618530273 AB 11.083953054226388 1.1520982316776094
61799.1953 lsst_hardware_i -31.89043445945287 31.610000610351562 31.239999771118164 AB 10.97961155039854 1.137567462181469
61801.1765 lsst_hardware_z 16.536782723677902 42.75 30.940000534057617 AB 11.805926453693413 1.146039552850887
61801.1935 lsst_hardware_r 17.84243710997541 23.829999923706055 31.5 AB 11.67666183700541 1.1366360203451193
61805.1426 lsst_hardware_g -8.492332818405703 20.530000686645508 31.510000228881836 AB 12.09197820428275 1.1802809374604883
61805.1616 lsst_hardware_r -18.290124213162315 25.520000457763672 31.5 AB 11.819401119680537 1.1501387748436274
61807.1427 lsst_hardware_i -33.901034641159946 46.43000030517578 31.280000686645508 AB 4.581463496956189 1.1695860520672738
61807.1608 lsst_hardware_z 61.91982473040153 49.900001525878906 30.950000762939453 AB 4.476823464926544 1.1454070525589213
61808.148 lsst_hardware_r 85.44012318632207 65.61000061035156 31.610000610351562 AB 5.7579330486268185 1.1569083883116091
61808.1653 lsst_hardware_z 107.81787867888733 55.9900016784668 30.959999084472656 AB 5.583543843419911 1.140041620517235
61810.1443 lsst_hardware_z 129.9391871283486 87.5 30.979999542236328 AB 6.46548008879451 1.1545500158561626
61810.163 lsst_hardware_i -134.0738953765618 101.01000213623047 31.31999969482422 AB 6.3752484105519835 1.1384372161699972
61812.131 lsst_hardware_z 144.5726533741992 92.86000061035156 30.989999771118164 AB 2.4317365080934294 1.1662072614947308
61812.1479 lsst_hardware_r -31.541680732267967 136.9600067138672 31.639999389648438 AB 2.4270313920130073 1.1447361333289872
61814.1416 lsst_hardware_y -22.887600554461503 76.31999969482422 30.760000228881836 AB 4.1705162087439005 1.1454839666955094
61816.1311 lsst_hardware_r 28.84985244218713 42.15999984741211 31.579999923706055 AB 3.134597307831511 1.150662823309157
61816.1479 lsst_hardware_i 92.36095967776811 42.83000183105469 31.280000686645508 AB 3.2677048217354385 1.1379123000819866
61818.1242 lsst_hardware_z -1.060280580556682 42.880001068115234 30.940000534057617 AB 2.6763547160346053 1.15235940410532
61818.1414 lsst_hardware_r -14.813363685242335 23.84000015258789 31.5 AB 3.616093919615728 1.1383296703931987
61820.1226 lsst_hardware_u 2.1589452149895223 2.7699999809265137 28.43000030517578 AB 3.7961334748284785 1.1480242363392577
61820.1394 lsst_hardware_r -5.125781086571676 24.059999465942383 31.5 AB 3.437141599852553 1.1371222760870818
61822.1207 lsst_hardware_i -6.811253502920328 31.81999969482422 31.239999771118164 AB 5.231775446063928 1.1446416524352236
61822.1385 lsst_hardware_z 29.608125282817408 42.75 30.940000534057617 AB 5.748953359627107 1.1363439353570297
61824.1212 lsst_hardware_r 14.300672249312155 23.559999465942383 31.489999771118164 AB 7.503320047500904 1.1402788720034809
61824.1378 lsst_hardware_u 0.9145973646298661 2.5899999141693115 28.309999465942383 AB 9.264011676892785 1.1365142373124104
61826.1238 lsst_hardware_g 3.4446162781151477 14.579999923706055 31.40999984741211 AB 8.672439390018091 1.1369217868403256
61826.1424 lsst_hardware_r -2.241203768347246 23.65999984741211 31.479999542236328 AB 9.863076898116688 1.1401851816135877
61828.0921 lsst_hardware_r -23.0701245277313 23.59000015258789 31.489999771118164 AB 7.669898793951473 1.1587262596142271
61828.1103 lsst_hardware_i -2.731375321970733 31.440000534057617 31.239999771118164 AB 7.687953186714873 1.1402652210634243
61830.0869 lsst_hardware_z -21.2137259220179 43.11000061035156 30.940000534057617 AB 4.682053413572345 1.1583506713439746
61830.1053 lsst_hardware_r 9.31831484086311 23.639999389648438 31.479999542236328 AB 4.832723433090582 1.1399949125648596
61832.0818 lsst_hardware_u 1.369633172935398 2.690000057220459 28.3799991607666 AB 7.276134477688773 1.1578365720155583
61832.0999 lsst_hardware_r 9.03553899466389 23.5 31.489999771118164 AB 6.647672802355261 1.1399593247629702
61834.0887 lsst_hardware_i 40.58655260378626 34.86000061035156 31.25 AB 11.82902561032758 1.143987905771433
61834.1068 lsst_hardware_z -18.570403672764865 43.97999954223633 30.940000534057617 AB 11.739602884846128 1.1362922019886879
61836.0799 lsst_hardware_r 4.4579127105686975 54.0099983215332 31.610000610351562 AB 7.387212581884833 1.1470233293128977
61836.0991 lsst_hardware_z -67.46785057238155 52.040000915527344 30.959999084472656 AB 8.218066794393778 1.1364524930018132
61840.0787 lsst_hardware_i -103.3636799519885 100.66999816894531 31.31999969482422 AB 8.201783525012923 1.1395982435031935
61840.0979 lsst_hardware_z 81.48683076590183 85.77999877929688 30.979999542236328 AB 8.565866821180906 1.1373639224370349
61845.0429 lsst_hardware_i 52.392585339944986 31.799999237060547 31.229999542236328 AB 9.05126418755674 1.1629282238450636
61845.063 lsst_hardware_z -27.313747170603 45.939998626708984 30.940000534057617 AB 8.890572734607659 1.140804251705984
61847.0404 lsst_hardware_r -12.993415752947488 23.610000610351562 31.479999542236328 AB 8.925959620679661 1.158463286266017
61847.0585 lsst_hardware_u 1.6039692516650368 2.640000104904175 28.34000015258789 AB 7.832127649055246 1.1402136626954533
61849.0384 lsst_hardware_g -13.214156225550889 14.369999885559082 31.389999389648438 AB 5.454326211732953 1.153784983443671
61849.0569 lsst_hardware_r 21.995466648713936 23.559999465942383 31.479999542236328 AB 4.238883990845272 1.1382610072087196
61855.0336 lsst_hardware_r -34.56084761425969 23.31999969482422 31.469999313354492 AB 8.55875717652102 1.142233708330562
61855.0521 lsst_hardware_i -11.647687579115521 31.440000534057617 31.229999542236328 AB 7.938499259921595 1.1363846773676969
61859.0266 lsst_hardware_u -0.4709738599945733 2.5999999046325684 28.309999465942383 AB 6.772955612484766 1.1397165603238892
61859.0465 lsst_hardware_g -5.625022411752448 14.210000038146973 31.3799991607666 AB 5.698383726565222 1.1375154659277815
61863.0311 lsst_hardware_z -115.23684430034528 63.369998931884766 31.690000534057617 AB 7.248749713373111 1.1364793969150018
61866.9865 lsst_hardware_y 156.08713311393387 58.97999954223633 30.020000457763672 AB 13.099576605462978 1.1574535145574076
61867.0048 lsst_hardware_i -52.03767288584315 72.38999938964844 31.31999969482422 AB 12.145691302510473 1.1396914049460947
61869.9889 lsst_hardware_y -92.88341373860041 79.62999725341797 30.770000457763672 AB 6.367784950714887 1.145285063078217
61870.0142 lsst_hardware_g -164.4194705391785 141.27000427246094 32.45000076293945 AB 6.4516077414244535 1.1368805676685578
61876.9746 lsst_hardware_y -197.31451390218103 60.36000061035156 30.030000686645508 AB 16.348778170379237 1.1414751733551323
61876.9914 lsst_hardware_r 5.623105170132358 24.049999237060547 31.5 AB 16.174563312087553 1.1363329571510155
61881.971 lsst_hardware_y 13.082727927130536 60.619998931884766 30.040000915527344 AB 10.455413768828631 1.1368905310529691
61881.9848 lsst_hardware_r 8.223810348598196 24.299999237060547 31.5 AB 10.376008249253726 1.1379073585846053
61883.9708 lsst_hardware_y 59.02553477186522 57.7400016784668 30.030000686645508 AB 10.913909085549893 1.1362835789534762
61883.9881 lsst_hardware_r -11.315909047766812 24.270000457763672 31.489999771118164 AB 11.000665632719404 1.1429559866717998
