data/validation/pwv_sim_epoch_fit_4/645905.ecsv
# %ECSV 0.9
# ---
# datatype:
# - {name: time, datatype: float64}
# - {name: band, datatype: string}
# - {name: flux, datatype: float64}
# - {name: fluxerr, datatype: float64}
# - {name: zp, datatype: float64}
# - {name: zpsys, datatype: string}
# - {name: pwv, datatype: float64}
# - {name: airmass, datatype: float64}
# meta: {SNID: '645905', alt: 1024.0, c: -0.1043095514178276, dec: -3.732834, lat: -30.244573, lon: -70.7499537, ra: 117.773438, t0: 60324.46484375,
#   x0: 2.695414697296982e-06, x1: 0.8048352003097534, z: 0.7886117100715637}
# schema: astropy-2.0
time band flux fluxerr zp zpsys pwv airmass
[from data line 131]
60701.1633 lsst_hardware_u -0.4673611387378953 2.809999942779541 28.479999542236328 AB 14.596071295928512 1.1199962628040832
60703.1453 lsst_hardware_g 20.417710770518504 14.670000076293945 31.43000030517578 AB 13.328940175645233 1.129922307127517
60703.1653 lsst_hardware_r -39.78158920454267 23.860000610351562 31.5 AB 13.181960885643834 1.117336271492428
60705.1392 lsst_hardware_i 23.73686092479242 31.770000457763672 31.25 AB 13.595834214566597 1.1306150335740264
60705.1577 lsst_hardware_z 36.97419326793912 42.63999938964844 30.950000762939453 AB 13.423094069137287 1.1178536995013528
60707.1394 lsst_hardware_r 22.19615202204544 23.75 31.5 AB 9.37668622409997 1.125112337904964
60707.1577 lsst_hardware_g -4.279753271702099 14.670000076293945 31.440000534057617 AB 9.323478319287807 1.1169186366322619
60709.137 lsst_hardware_r 1.5147562001259454 23.549999237060547 31.5 AB 8.3950225040891 1.1227294718378809
60709.155 lsst_hardware_i 24.752991258158037 31.479999542236328 31.25 AB 8.376604715705689 1.1169302701060966
60713.1072 lsst_hardware_r -15.69743640998168 47.27000045776367 31.600000381469727 AB 6.296095946829313 1.1441553042667651
60713.1265 lsst_hardware_z -53.39071712878261 48.880001068115234 30.959999084472656 AB 5.536206606402543 1.1224315617495189
60714.1061 lsst_hardware_y 9.455781830764021 51.7599983215332 30.020000457763672 AB 9.620250289180987 1.141654916189538
60714.1234 lsst_hardware_r -8.263386301763562 59.86000061035156 31.6299991607666 AB 9.705374687743324 1.122690035888062
60716.1068 lsst_hardware_i 89.10207651748678 81.87000274658203 31.31999969482422 AB 3.9425989842326006 1.1333378323341796
60716.1253 lsst_hardware_z 1.6089012357053762 71.5999984741211 30.979999542236328 AB 3.8859127756711374 1.118650673097129
60718.0989 lsst_hardware_r -33.54220966934687 120.7699966430664 31.639999389648438 AB 5.144944643232101 1.136418342637042
60718.1163 lsst_hardware_z 113.28107250896478 81.66999816894531 30.989999771118164 AB 5.052174215341078 1.1202988133655993
60720.0977 lsst_hardware_r 117.0645529324538 93.06999969482422 31.6299991607666 AB 3.609797865520991 1.1312139134111212
60720.1149 lsst_hardware_i -77.93150166411225 75.2699966430664 31.31999969482422 AB 3.5670245574185477 1.11845247547811
60722.0957 lsst_hardware_z -28.4479327530137 51.689998626708984 30.959999084472656 AB 3.5286194318476647 1.1275946203177454
60722.1126 lsst_hardware_i -20.732175261653378 51.439998626708984 31.299999237060547 AB 3.5044991070740528 1.117506092816981
60724.0942 lsst_hardware_u -6.8319007239518665 4.130000114440918 28.729999542236328 AB 6.123025089332642 1.1241096180159225
60724.111 lsst_hardware_g 31.873721093665523 29.389999389648438 31.6200008392334 AB 6.171039530904121 1.11693023183785
60727.0885 lsst_hardware_r 4.3658342399841565 23.34000015258789 31.489999771118164 AB 5.135889156422979 1.1222716490107756
60727.1047 lsst_hardware_i 18.260743532221436 31.309999465942383 31.239999771118164 AB 5.129828245261261 1.1168796527893012
60729.0868 lsst_hardware_z -22.393746248164295 42.13999938964844 30.940000534057617 AB 7.374062628257901 1.1200115374472492
60729.1048 lsst_hardware_u 1.4314167443387518 2.7100000381469727 28.43000030517578 AB 7.352252485044425 1.1176183757763054
60733.0842 lsst_hardware_i 23.08261165620414 31.200000762939453 31.25 AB 7.51137046750829 1.1171815970117185
60733.1028 lsst_hardware_z 6.059581564694031 42.189998626708984 30.940000534057617 AB 7.548493084684236 1.121576922801417
60738.0529 lsst_hardware_u 1.1146951814915196 2.619999885559082 28.329999923706055 AB 5.052528974923894 1.126748702826359
60738.0715 lsst_hardware_g -18.159640656043138 13.979999542236328 31.389999389648438 AB 5.006321902918261 1.117046221435435
60742.0596 lsst_hardware_z 118.66934906350743 71.9800033569336 31.709999084472656 AB 10.429840191011754 1.11718363199269
60751.0052 lsst_hardware_y -26.235605686920696 50.86000061035156 30.030000686645508 AB 9.027287248656428 1.1414544006393594
60751.0243 lsst_hardware_i 36.41012528277685 45.040000915527344 31.299999237060547 AB 8.877067971438585 1.1213964782380073
60753.0026 lsst_hardware_y -63.91978518288085 51.279998779296875 30.020000457763672 AB 7.718322174324674 1.1373890619400016
60753.0207 lsst_hardware_g 1.2923164480674452 14.3100004196167 31.43000030517578 AB 7.631545640637162 1.1203091075509632
60755.0019 lsst_hardware_y 45.200365702483026 50.90999984741211 30.030000686645508 AB 4.1736085025620175 1.131468055999101
60755.0216 lsst_hardware_i 12.783257447930398 31.670000076293945 31.260000228881836 AB 4.120300641547832 1.117723295473702
60756.999 lsst_hardware_z 55.321641723757395 45.150001525878906 30.950000762939453 AB 6.49940085445734 1.1287111282868239
60757.0181 lsst_hardware_u 5.910645512039345 2.8399999141693115 28.5 AB 6.82246178561557 1.1172763446065128
60758.9977 lsst_hardware_y -75.65188076135568 50.599998474121094 30.020000457763672 AB 10.08361766558859 1.1248597403326301
60759.0157 lsst_hardware_r 31.197550227977256 23.510000228881836 31.489999771118164 AB 9.350751471814128 1.1169077247747405
60760.9956 lsst_hardware_y -26.88208721788166 51.63999938964844 30.030000686645508 AB 6.84608225274026 1.1223085660229934
60761.0131 lsst_hardware_z -100.00599343354746 42.79999923706055 30.950000762939453 AB 6.115444328491677 1.1169251319102647
60762.9938 lsst_hardware_y -161.1182014527372 50.66999816894531 30.030000686645508 AB 8.432049556500946 1.1200915988975444
60763.0124 lsst_hardware_u 0.5879787642057691 2.8299999237060547 28.5 AB 7.2652384731386075 1.117728995867478
60765.9865 lsst_hardware_y 25.27606341879859 57.70000076293945 30.030000686645508 AB 5.401326761215724 1.1196393355430163
60766.005 lsst_hardware_r -22.891064714695236 23.479999542236328 31.489999771118164 AB 3.91880983053327 1.1179563989729755
60767.9855 lsst_hardware_y -20.739168340958607 58.43000030517578 30.030000686645508 AB 10.299985087267505 1.1178928326975521
60768.0031 lsst_hardware_r -52.738218808890444 25.540000915527344 31.5 AB 6.920993105222263 1.1193131613993488
60769.9844 lsst_hardware_z -138.32802247742617 54.81999969482422 30.959999084472656 AB 10.374796652944717 1.1170108368803529
60770.0024 lsst_hardware_g 19.50460642063232 34.54999923706055 31.6299991607666 AB 8.60308686927257 1.1219832244494892
60771.9833 lsst_hardware_y -85.10668090728565 57.56999969482422 30.030000686645508 AB 12.626932695376162 1.1169416872047875
60772.0025 lsst_hardware_i 122.49633550104114 54.189998626708984 31.299999237060547 AB 12.04976514602929 1.1263568093128895
