data/validation/pwv_sim_epoch_fit_4/645905.ecsv
# %ECSV 0.9
# ---
# datatype:
# - {name: time, datatype: float64}
# - {name: band, datatype: string}
# - {name: flux, datatype: float64}
# - {name: fluxerr, datatype: float64}
# - {name: zp, datatype: float64}
# - {name: zpsys, datatype: string}
# - {name: pwv, datatype: float64}
# - {name: airmass, datatype: float64}
# meta: {SNID: '645905', alt: 1024.0, c: -0.1043095514178276, dec: -3.732834, lat: -30.244573, lon: -70.7499537, ra: 117.773438, t0: 60324.46484375,
#   x0: 2.695414697296982e-06, x1: 0.8048352003097534, z: 0.7886117100715637}
# schema: astropy-2.0
time band flux fluxerr zp zpsys pwv airmass
60271.3429 lsst_hardware_z -60.17660087701484 83.12000274658203 30.989999771118164 AB 7.402688904888778 1.1187661124236663
60273.3464 lsst_hardware_y 10.978390676375552 112.62999725341797 30.790000915527344 AB 6.192350299295312 1.1169463021816526
60275.3375 lsst_hardware_r -83.55947745012001 86.87999725341797 31.639999389648438 AB 4.357224439407111 1.117237035745413
60277.2927 lsst_hardware_z 118.9474566802819 82.8499984741211 30.979999542236328 AB 5.199654102666705 1.1576868699927994
60277.3113 lsst_hardware_y 162.3495343969059 79.41999816894531 30.040000915527344 AB 5.073649453475485 1.1298209887489945
60279.3341 lsst_hardware_z 73.41257424544654 82.94999694824219 30.979999542236328 AB 8.125397725629618 1.1172514977031565
60279.3539 lsst_hardware_y -115.83798590524337 79.41000366210938 30.040000915527344 AB 8.116376093441243 1.1289469714541789
60285.3023 lsst_hardware_u -9.959634027766375 23.010000228881836 29.40999984741211 AB 4.657331975238709 1.119820143120632
60285.3213 lsst_hardware_g -90.40616718660357 88.29000091552734 31.700000762939453 AB 4.6736844303641805 1.1181063230536317
60292.3011 lsst_hardware_z 41.33063541400699 42.650023339116125 30.940000534057617 AB 8.052696118731644 1.1177831512409455
60292.3209 lsst_hardware_r 9.099057668130751 23.357097643340538 31.479999542236328 AB 8.19587977044074 1.1316368340270266
60294.2951 lsst_hardware_u 2.621890534503408 2.9156898744774673 28.420000076293945 AB 11.829215240502538 1.1176429858177874
60294.3131 lsst_hardware_r 12.243163869489765 23.24195972212384 31.489999771118164 AB 11.953390110174885 1.1290958273614444
60296.257 lsst_hardware_i 119.8125169446388 45.80619652771376 31.989999771118164 AB 6.091478093718114 1.132525674340254
60296.2809 lsst_hardware_z 30.56658903922599 43.00009142412809 30.940000534057617 AB 6.004899962154094 1.1171214117860773
60300.2258 lsst_hardware_z 146.49366653456158 48.24154557845402 30.940000534057617 AB 5.5889870019821535 1.1661133641163168
60300.2462 lsst_hardware_r 131.05780374817226 35.56129905569321 31.559999465942383 AB 5.390705139704001 1.1323821320667509
60302.2334 lsst_hardware_y -17.389864640348925 52.081454419855596 30.020000457763672 AB 7.9982674706493375 1.1422017094819967
60302.2539 lsst_hardware_g 12.362742559558475 57.549260390902845 31.690000534057617 AB 6.3199210847928065 1.1208846145064546
60305.228 lsst_hardware_r 649.1346802595413 167.5778655415462 32.38999938964844 AB 5.7116185262094765 1.13816938697935
60305.2525 lsst_hardware_i 624.4409723985713 94.75478503569835 31.31999969482422 AB 7.041751417328445 1.1179157671580506
60307.2479 lsst_hardware_z 281.4208087134584 77.04001998783103 30.979999542236328 AB 7.989738397803693 1.1176804081700626
60307.2689 lsst_hardware_r 468.1039078843212 109.21491205749008 31.639999389648438 AB 8.046549276638666 1.1217829745766996
60309.2468 lsst_hardware_z 459.05357479484024 62.1292384938447 30.969999313354492 AB 7.477522437140604 1.1169789407303008
60309.2676 lsst_hardware_r 513.918225930761 76.80939254218352 31.6299991607666 AB 6.319808425495591 1.1248546589431487
60311.2376 lsst_hardware_i 861.9457706819994 51.34828045873259 31.290000915527344 AB 6.097240162740065 1.1175293553409205
60311.2597 lsst_hardware_z 398.3084159095877 52.57299772953594 30.950000762939453 AB 5.407427813556905 1.1229602270989003
60313.2115 lsst_hardware_z 524.009349585944 48.89313779918115 30.940000534057617 AB 2.96169829678873 1.1314628493669339
60313.2331 lsst_hardware_r 756.8575816863381 40.301126150867816 31.540000915527344 AB 2.932338976405396 1.1173298103345104
60315.208 lsst_hardware_u -1.9539347544938974 3.1320499610631622 28.329999923706055 AB 7.609985231299434 1.1293292618979645
60315.2292 lsst_hardware_g 229.23230299440323 20.56476669548498 31.420000076293945 AB 7.8469994209195715 1.1170901019175132
60317.2145 lsst_hardware_r 763.2340304022861 36.36636865780074 31.479999542236328 AB 9.039699500632151 1.1200222401972681
60317.2365 lsst_hardware_i 878.2035140530693 43.81004851893977 31.239999771118164 AB 9.011367451560062 1.1190422466312828
60319.2134 lsst_hardware_z 610.2139871692647 48.812362672610305 30.940000534057617 AB 7.993775133194787 1.1181799293405463
60319.2356 lsst_hardware_r 815.0472796721533 36.55976424525484 31.479999542236328 AB 8.000041750712457 1.1214356755861163
60321.2099 lsst_hardware_u -3.3145071347903245 2.8281903712448777 28.34000015258789 AB 5.7347750210728305 1.1176175436926346
60321.23 lsst_hardware_r 747.0099142529781 36.33037852469938 31.479999542236328 AB 5.719997018371633 1.121348170627646
60323.1846 lsst_hardware_i 1028.7495884644363 44.44576732184555 31.239999771118164 AB 8.965664228162936 1.1310048854987618
60323.2045 lsst_hardware_z 593.424354957096 48.70429574516511 30.940000534057617 AB 8.880466483151773 1.1176021247359391
60325.1937 lsst_hardware_r 704.2059946909155 35.375267397122286 31.479999542236328 AB 5.752850851503211 1.1195039360745684
60325.2139 lsst_hardware_u -0.0026302297051183 2.767383823131077 28.360000610351562 AB 5.645847336398488 1.118728005891378
60327.1624 lsst_hardware_y 180.20381551763492 50.865451790025354 30.010000228881836 AB 5.047802652436684 1.1465113059875496
60327.1833 lsst_hardware_g 144.9369457244127 18.08440079290315 31.40999984741211 AB 6.9696633752105495 1.122359168288551
60329.1598 lsst_hardware_r 671.3475111896588 50.78001970553419 31.579999923706055 AB 8.474856523007656 1.1420100421786357
60329.1788 lsst_hardware_i 953.1311639522763 51.06574265860829 31.270000457763672 AB 9.957877032930183 1.1217194014264933
60333.1561 lsst_hardware_z 464.7237432775721 83.25350824164082 30.979999542236328 AB 16.06863921429052 1.1323651697839272
60333.174 lsst_hardware_r 586.7769733925057 116.89844315040783 31.639999389648438 AB 12.667089251464098 1.1185890868906407
60335.152 lsst_hardware_i 730.6474246148957 103.80273038381053 31.31999969482422 AB 14.941483681207469 1.130816898600429
60335.1722 lsst_hardware_z 346.31670932317957 88.47068164831056 30.989999771118164 AB 15.636279032546286 1.1174890320327526
60337.1443 lsst_hardware_r 425.2849176466555 90.80622476141741 31.6299991607666 AB 13.416147951634374 1.1334077850497908
60337.1621 lsst_hardware_z 600.1172375265346 69.23271709212642 30.979999542236328 AB 13.258037815916955 1.1189791376494826
60339.1453 lsst_hardware_g 54.00895989137634 56.02099769581371 31.68000030517578 AB 13.547758949872511 1.1265468841493034
60339.1636 lsst_hardware_r 403.17858392878566 60.027478452052016 31.6200008392334 AB 13.407384099821039 1.1170880694174794
60341.1392 lsst_hardware_i 679.7655491956732 44.393995636835974 31.260000228881836 AB 9.525470098685538 1.1271411784032113
60341.1567 lsst_hardware_z 454.0634374360254 49.69579705738862 30.950000762939453 AB 9.444605165682626 1.1173080759118212
60345.1105 lsst_hardware_z 428.14459328623013 46.79051573633226 30.940000534057617 AB 7.124253122547294 1.151208390166813
60345.1292 lsst_hardware_r 302.01822930598956 28.371850867041076 31.479999542236328 AB 7.205984786377528 1.1262870875863595
60349.1077 lsst_hardware_u 4.446884834159644 2.7666268889167243 28.389999389648438 AB 6.752472627987058 1.1383769532992973
60349.1269 lsst_hardware_r 174.24806461143427 27.315225470061502 31.479999542236328 AB 6.272713842333097 1.120127471845196
60353.0961 lsst_hardware_r 132.6660878886968 26.538858714424094 31.479999542236328 AB 3.875705678703615 1.1393270165954628
60353.1131 lsst_hardware_u -3.519216672641161 2.7700298686729883 28.3799991607666 AB 3.841955654348461 1.1218207619091791
60357.0922 lsst_hardware_i 307.57005874871976 40.9829366030074 31.270000457763672 AB 2.701359934014138 1.1305126319372831
60357.1093 lsst_hardware_z 286.5564001023885 47.78898974505721 30.950000762939453 AB 2.6332724624954245 1.1182811179511305
60360.0878 lsst_hardware_r 110.08710692872144 72.63579340849024 31.639999389648438 AB 3.5758231040367012 1.1266870749229556
60360.1061 lsst_hardware_z 251.84091485043982 60.35973874804753 30.979999542236328 AB 3.572023277752975 1.1171009182204281
60361.0888 lsst_hardware_r -0.31915297984176066 86.61149691751457 31.639999389648438 AB 5.145106454919321 1.1235492331313248
60361.1071 lsst_hardware_i 197.59670164565702 72.63675788616577 31.31999969482422 AB 5.109699205401577 1.116914832322105
60364.0827 lsst_hardware_z 278.7167941180243 75.88682103174689 30.989999771118164 AB 8.873139943400407 1.1220578462596014
60364.101 lsst_hardware_i 263.1351842693226 87.56301990163337 31.329999923706055 AB 8.667533385143845 1.1170701387791444
60366.0963 lsst_hardware_z 428.3769994583178 91.26150036791603 31.729999542236328 AB 6.3790574356519265 1.117172930937285
60368.0538 lsst_hardware_g 72.7984908021653 34.57425462420731 31.6299991607666 AB 6.33594688861568 1.141269328480759
60368.0718 lsst_hardware_r 113.61914928093898 47.41288155461175 31.600000381469727 AB 6.198817693776937 1.122042572219949
60370.055 lsst_hardware_i 155.0707697252945 33.376283197499355 31.239999771118164 AB 3.283319261937179 1.1324393867339086
60370.0735 lsst_hardware_z 132.83723139619465 44.12688824046277 30.940000534057617 AB 3.215355306478767 1.118384454427377
60371.0542 lsst_hardware_r 55.500364263935914 24.018623251763177 31.479999542236328 AB 7.09296017411612 1.1302621582529073
60371.073 lsst_hardware_g 11.498582547411257 14.39306624173606 31.40999984741211 AB 7.035060294261152 1.1176963568751086
60373.0551 lsst_hardware_r 102.54855044927196 24.0130358331922 31.469999313354492 AB 12.029736563619927 1.1242744451981241
60373.0726 lsst_hardware_i 161.58730860553402 32.942894600320635 31.229999542236328 AB 11.951096358966584 1.1169248933613631
60380.0422 lsst_hardware_u 2.1304591304116993 2.7550059939372886 28.43000030517578 AB 8.640832439412385 1.1201493958273767
60380.059 lsst_hardware_g 30.02594459027451 14.735816931739292 31.40999984741211 AB 8.685002433181861 1.1173295295486763
60385.0526 lsst_hardware_z 8.310608814920728 63.045486870839724 31.690000534057617 AB 9.11888802706118 1.1198437955374267
60387.0047 lsst_hardware_y 169.17075879312063 52.6868112996938 30.020000457763672 AB 7.823685638031778 1.137328919615028
60387.0252 lsst_hardware_g -64.54474901866996 43.39987336903618 31.65999984741211 AB 7.666582311176616 1.119127408390109
60391.0022 lsst_hardware_y -0.8924187908066252 57.3060432796344 30.020000457763672 AB 6.979738765642519 1.127582999296045
60391.0246 lsst_hardware_i 122.25371776622788 69.31267666202069 31.309999465942383 AB 6.867074901582231 1.116900227961309
60392.0004 lsst_hardware_y 122.00386084568402 59.12478249943727 30.030000686645508 AB 5.296631549716364 1.126703158842063
60392.0201 lsst_hardware_z 91.55431780414649 65.85792681949174 30.979999542236328 AB 5.231833407948941 1.1169584560095946
60400.9858 lsst_hardware_y 112.00982331292559 62.03142775892045 30.030000686645508 AB 8.797796486333961 1.1196686587761593
60401.0036 lsst_hardware_z -11.855027255813798 42.91970722941962 30.940000534057617 AB 8.619571955911193 1.1177797124463378
60402.9839 lsst_hardware_y 141.08955619050465 62.84372475506202 30.030000686645508 AB 6.950762972719245 1.118205111441306
60403.002 lsst_hardware_u 1.2784115843350634 2.752632680770649 28.3799991607666 AB 5.707712014031969 1.119159218437641
60640.3489 lsst_hardware_g 16.16506273026971 23.790000915527344 31.56999969482422 AB 4.421170339350425 1.1179628302470732
60642.2509 lsst_hardware_z 10.913075933669056 63.290000915527344 31.670000076293945 AB 6.477456622688913 1.2934433725312748
60642.274 lsst_hardware_y 15.162928994165188 49.099998474121094 29.989999771118164 AB 6.013381311529554 1.205589770918965
60644.3324 lsst_hardware_u 1.5076791766726592 2.9200000762939453 28.489999771118164 AB 7.756527797268893 1.11695787413264
60644.352 lsst_hardware_y 139.96136314043508 65.66000366210938 30.040000915527344 AB 8.116147279661776 1.1264083012113217
60650.3309 lsst_hardware_u -6.781331573418541 2.809999942779541 28.40999984741211 AB 4.665730931696241 1.1226043866615407
60650.3489 lsst_hardware_y -36.183328265240505 58.880001068115234 30.030000686645508 AB 5.006402384926421 1.1424925570347835
60652.3013 lsst_hardware_g 5.184753782759532 14.109999656677246 31.40999984741211 AB 7.2606331863533615 1.1182247322273708
60652.3202 lsst_hardware_i 62.374219371127616 31.280000686645508 31.239999771118164 AB 7.244730424954513 1.1195256596412548
60654.3002 lsst_hardware_z 47.465482593982806 42.130001068115234 30.940000534057617 AB 9.263284182200707 1.117168774046591
60654.3192 lsst_hardware_r 7.938067991453854 23.030000686645508 31.489999771118164 AB 9.28456155027572 1.1220691945465993
60656.2985 lsst_hardware_y 15.076918982310609 47.880001068115234 30.020000457763672 AB 11.19702697236482 1.1169104211835232
60656.3171 lsst_hardware_g -16.620309118743915 14.020000457763672 31.399999618530273 AB 11.275383315102031 1.1245582521420268
60658.2935 lsst_hardware_r -97.7640465543527 77.41000366210938 31.639999389648438 AB 9.225448182904747 1.11691899969799
60658.3124 lsst_hardware_i -102.054420925859 59.58000183105469 31.309999465942383 AB 9.29335033715873 1.1251892698773411
60662.2566 lsst_hardware_z -82.26755741624072 69.0199966430664 30.979999542236328 AB 4.949375320619411 1.1306397077371584
60662.283 lsst_hardware_r 50.81725339762266 93.05999755859375 31.639999389648438 AB 4.8930074750344925 1.116933738522968
60665.2445 lsst_hardware_z 20.449922434296933 49.650001525878906 30.959999084472656 AB 5.39865799602462 1.135284872288929
60665.2635 lsst_hardware_r -6.21653448834061 47.959999084472656 31.6200008392334 AB 5.187615500695001 1.1191059218413004
60670.2372 lsst_hardware_r 10.792431411232817 23.270000457763672 31.489999771118164 AB 5.651146566489445 1.1280859499929026
60670.2577 lsst_hardware_i -10.326896366470098 31.450000762939453 31.25 AB 7.0283446550521065 1.1170139177620724
60676.2467 lsst_hardware_i -45.044800129610934 31.229999542236328 31.239999771118164 AB 7.86267801994437 1.117100452221061
60676.2661 lsst_hardware_z -107.17811533771678 42.33000183105469 30.940000534057617 AB 7.973638854759592 1.1277724572536056
60678.2493 lsst_hardware_r 19.46573190268327 23.270000457763672 31.479999542236328 AB 3.914514254659785 1.119552196384895
60678.2714 lsst_hardware_u 1.7325666804187414 2.609999895095825 28.329999923706055 AB 4.9560756582297785 1.1409013946201148
60680.2123 lsst_hardware_u 0.39136567776174297 2.7100000381469727 28.40999984741211 AB 13.070354761424534 1.1258327026508061
60680.2318 lsst_hardware_g 30.45685010421648 14.380000114440918 31.420000076293945 AB 13.021252489185672 1.1169131292591659
60682.2136 lsst_hardware_r -11.502860575060142 33.22999954223633 32.2400016784668 AB 9.65820280534054 1.1208746002329446
60682.2348 lsst_hardware_i -44.47689822295383 44.43000030517578 31.989999771118164 AB 9.796199691743084 1.1181174507392047
60684.2113 lsst_hardware_z 81.41248415915852 45.959999084472656 30.950000762939453 AB 7.754091091167143 1.1192394762077285
60684.2309 lsst_hardware_r -20.833091618905325 27.790000915527344 31.530000686645508 AB 7.792398879622655 1.1186733488314475
60688.1905 lsst_hardware_i 125.40596976118233 93.38999938964844 31.329999923706055 AB 5.918750618517422 1.12579066750478
60688.2105 lsst_hardware_z 7.187372921356188 79.23999786376953 30.989999771118164 AB 4.920756305320318 1.116894128200719
60690.1938 lsst_hardware_r -10.265182947741902 120.37000274658203 31.639999389648438 AB 6.800332061456703 1.1197648709792036
60695.1636 lsst_hardware_z 32.80462474479446 45.810001373291016 30.950000762939453 AB 8.292401310317066 1.1340035979920713
60695.1831 lsst_hardware_r 39.87618929711209 38.880001068115234 31.59000015258789 AB 10.06113873835504 1.1184842590626667
60697.1579 lsst_hardware_u -0.949100351981353 2.6500000953674316 28.34000015258789 AB 11.628262714480451 1.1342986601453908
60697.1775 lsst_hardware_r 25.146608260664987 26.219999313354492 31.510000228881836 AB 10.958289430503147 1.118535207768005
60699.0749 lsst_hardware_i 87.40262315585478 33.849998474121094 31.200000762939453 AB 18.25062423970939 1.4076026639191266
