data/validation/pwv_sim_epoch_fit_4/6695816.ecsv
# %ECSV 0.9
# ---
# datatype:
# - {name: time, datatype: float64}
# - {name: band, datatype: string}
# - {name: flux, datatype: float64}
# - {name: fluxerr, datatype: float64}
# - {name: zp, datatype: float64}
# - {name: zpsys, datatype: string}
# - {name: pwv, datatype: float64}
# - {name: airmass, datatype: float64}
# meta: {SNID: '6695816', alt: 1024.0, c: -0.1169748306274414, dec: -62.884678, lat: -30.244573, lon: -70.7499537, ra: 260.510193, t0: 61856.1640625,
#   x0: 6.830190134912097e-06, x1: 0.7953363060951233, z: 0.5386751294136047}
# schema: astropy-2.0
time band flux fluxerr zp zpsys pwv airmass
61854.3945 lsst_hardware_r 2509.9811424693225 54.4517136058737 31.459999084472656 AB 8.852302679706176 1.1926576565823244
61854.407 lsst_hardware_y 499.59531182983915 57.75513634518222 30.0 AB 8.822344542855923 1.188621441081774
61858.3984 lsst_hardware_r 2306.959602412897 53.37091231639131 31.459999084472656 AB 10.839252608371554 1.1882539583832004
61858.4108 lsst_hardware_y 419.15111157248265 61.71671903987887 30.010000228881836 AB 11.010765927963229 1.1882976395384182
61860.3967 lsst_hardware_g 676.8384596752105 29.701646374712528 31.350000381469727 AB 5.93954729057214 1.187909458114428
61860.4088 lsst_hardware_y 559.2880558896529 58.1413293485649 30.0 AB 5.944575258299404 1.1889150516598808
61862.3951 lsst_hardware_i 1625.0735192902575 50.86317457895611 31.219999313354492 AB 12.476700422337052 1.1878800782929595
61862.4065 lsst_hardware_z 1281.8987661468523 56.25564412028716 30.93000030517578 AB 12.508317231374125 1.1897103537152895
61864.4011 lsst_hardware_r 2016.1592029231529 49.868704116841016 31.459999084472656 AB 9.86235147781385 1.1897282506535747
61864.4129 lsst_hardware_y 527.3785832804471 60.52923200669179 30.0 AB 9.817247463302621 1.1946756876547338
61866.3717 lsst_hardware_u 2.289783799293111 2.897493611147098 28.290000915527344 AB 21.70028318562895 1.1891652124739582
61866.3831 lsst_hardware_r 1802.9924286359492 48.39741234907088 31.469999313354492 AB 23.125899026474823 1.187857309929664
61872.385 lsst_hardware_z 2063.45197808445 102.240648216384 31.719999313354492 AB 7.391226615329728 1.191748889927399
61876.359 lsst_hardware_z 3217.578534017488 116.06484177664453 32.459999084472656 AB 20.357416937210118 1.1880085165347367
61878.3999 lsst_hardware_g 472.27371933520976 42.61555735352633 32.310001373291016 AB 15.754277637132859 1.2158814782493121
61878.4108 lsst_hardware_r 1806.4157949279715 62.67060977797554 32.279998779296875 AB 15.889512476785276 1.2297194525905215
61883.3263 lsst_hardware_i 821.9924898326984 41.918686394224366 31.219999313354492 AB 6.682645970656845 1.1889418759323054
61883.3383 lsst_hardware_z 688.3046063987952 50.22499497170444 30.93000030517578 AB 6.656557735895313 1.1879109027072523
61885.358 lsst_hardware_u 2.00381002646183 3.0562676588199014 28.239999771118164 AB 18.658984390256098 1.1960887429651346
61885.3703 lsst_hardware_g 85.29271918809958 16.048864463661893 31.329999923706055 AB 18.80222503663357 1.205270835681639
61895.3022 lsst_hardware_z 564.2505831623639 49.268982321990286 30.940000534057617 AB 9.969333237096949 1.1878859978667797
61895.314 lsst_hardware_r 284.86990864873127 28.376521160135308 31.469999313354492 AB 9.928084119885156 1.1890989154576945
61903.2854 lsst_hardware_y 313.922604904764 79.06106646922842 30.75 AB 8.357017788892334 1.1880326667619296
61908.2893 lsst_hardware_r 187.78679349166634 30.856235918908727 31.510000228881836 AB 9.479190874972625 1.1929137486201196
61908.3018 lsst_hardware_i 305.426182235084 37.28327111002896 31.239999771118164 AB 9.512168617432769 1.2005892548954984
61910.2835 lsst_hardware_z 379.5467278280963 46.81988147724983 30.93000030517578 AB 9.037510071652356 1.1927557175204215
61910.2957 lsst_hardware_r 155.402294697778 26.15690774911664 31.459999084472656 AB 8.559195341235316 1.2001115172792087
61918.2617 lsst_hardware_i 360.07533210469154 48.617690176202935 31.979999542236328 AB 9.122776582449964 1.1927796795532586
61918.2735 lsst_hardware_z 711.1918188320947 65.49972381439179 31.690000534057617 AB 9.20885948980735 1.199851399323417
61926.2202 lsst_hardware_r 101.62787561068464 70.27607544973748 31.610000610351562 AB 9.656240822100296 1.1879121417316132
61926.2311 lsst_hardware_z 273.94402694846985 58.88886783627602 30.959999084472656 AB 9.728494695202766 1.1895570195583123
61928.2215 lsst_hardware_r 39.67528511361401 115.27872284564855 31.6200008392334 AB 4.711113424666433 1.1886245552331414
61928.234 lsst_hardware_y 136.05991829316272 61.54197107897979 30.0 AB 4.726882909679344 1.1926032319110553
61944.1894 lsst_hardware_u -1.230031981510642 2.5999999046325684 28.309999465942383 AB 3.6890833359841997 1.1922061842025653
61944.2008 lsst_hardware_g -12.148832977276907 13.770000457763672 31.360000610351562 AB 3.711512950143733 1.1986477757010736
61958.1342 lsst_hardware_r 58.374533184124964 118.58000183105469 31.6200008392334 AB 2.1383995733040306 1.1879997629466836
61958.1467 lsst_hardware_i 28.587064109719197 90.37000274658203 31.299999237060547 AB 2.1428737455716047 1.190485414206447
61960.1331 lsst_hardware_z 48.132167228548006 96.5 31.719999313354492 AB 3.7450878313123206 1.1884765953283538
61962.1306 lsst_hardware_g 77.72258430300029 64.87999725341797 31.65999984741211 AB 8.862114746872907 1.1890401950230707
61962.1431 lsst_hardware_r -64.45319924126888 62.209999084472656 31.610000610351562 AB 8.895767363020825 1.1935554054903779
61965.1123 lsst_hardware_z 24.200954966950388 42.88999938964844 30.93000030517578 AB 8.934556643432215 1.1879216402728585
61965.1236 lsst_hardware_i 37.09735716808197 31.360000610351562 31.229999542236328 AB 8.92319543765166 1.189323306474506
61974.1083 lsst_hardware_u 4.331686828948389 2.5299999713897705 28.270000457763672 AB 7.650178301782051 1.1925918082204374
61974.1208 lsst_hardware_g -20.116394744727096 13.460000038146973 31.350000381469727 AB 7.697959151584685 1.2000403993272823
61976.11 lsst_hardware_r 5.084547104799424 22.709999084472656 31.459999084472656 AB 6.342665303707517 1.1964283143311465
61976.1224 lsst_hardware_i -4.666098156823293 31.3799991607666 31.219999313354492 AB 6.4160007793636185 1.2058263015248776
61978.0503 lsst_hardware_r -38.47094106627198 23.290000915527344 31.459999084472656 AB 4.0908437247080345 1.1957161051392513
61978.0618 lsst_hardware_i 28.804179634286104 31.40999984741211 31.219999313354492 AB 4.10903882932884 1.1904219104306049
61979.1109 lsst_hardware_g 14.048737815393826 15.670000076293945 31.399999618530273 AB 4.571305006136831 1.2029750016149556
61979.1229 lsst_hardware_r -19.54204334883977 24.010000228881836 31.459999084472656 AB 4.615284366795407 1.2145485175777389
61981.0852 lsst_hardware_r 37.73355903417905 38.02000045776367 31.559999465942383 AB 6.192991334555204 1.1909598720298469
61981.0974 lsst_hardware_i 4.293463247622711 39.33000183105469 31.25 AB 6.224882238921325 1.197092738254101
61987.0509 lsst_hardware_i -72.22372694216308 78.91999816894531 31.299999237060547 AB 2.613502051861817 1.1879554781190076
61987.063 lsst_hardware_z -128.11019401170392 69.83999633789062 30.969999313354492 AB 2.61625979708038 1.1892089986728998
61990.0279 lsst_hardware_z -87.05658282765336 56.13999938964844 30.959999084472656 AB 4.606483692990419 1.1908187056416422
61990.0389 lsst_hardware_r 49.44417839428382 71.7300033569336 31.610000610351562 AB 4.570727303204822 1.18823066807751
61992.0307 lsst_hardware_u -0.1639512004562311 2.640000104904175 28.3700008392334 AB 3.814696600808562 1.1886258623209063
61992.0422 lsst_hardware_r 18.93618652851434 22.719999313354492 31.469999313354492 AB 3.826810043355869 1.18808135465899
61994.0286 lsst_hardware_i 3.181471029608833 31.31999969482422 31.229999542236328 AB 2.624064399843743 1.188165904389288
61994.04 lsst_hardware_z 50.01855591253285 42.83000183105469 30.93000030517578 AB 2.6217390606061457 1.1884583230308912
61995.0236 lsst_hardware_r -36.901545279515275 22.75 31.469999313354492 AB 2.5120859200582997 1.1884498734752453
61995.0349 lsst_hardware_u -2.393447909800426 2.630000114440918 28.360000610351562 AB 2.5570237248872023 1.1881620406058635
61997.0288 lsst_hardware_g -20.44125278364796 13.479999542236328 31.3700008392334 AB 4.8367708006419585 1.1881038567039939
61997.042 lsst_hardware_r 32.600362233439704 22.719999313354492 31.469999313354492 AB 4.407256914869867 1.1911505175323964
62013.0097 lsst_hardware_i 61.69379406682183 57.220001220703125 31.290000915527344 AB 3.1578330074525423 1.1969044879794852
62013.0202 lsst_hardware_z -58.07384957793471 55.91999816894531 30.959999084472656 AB 3.2278868665015152 1.2048100279321363
62218.3915 lsst_hardware_i -36.03780986064641 31.81999969482422 31.239999771118164 AB 7.599784877058221 1.1961101518092814
62218.4046 lsst_hardware_y 37.14371741939262 52.47999954223633 30.0 AB 7.5448177999089046 1.190081280793234
62222.3926 lsst_hardware_r 2.268054356638603 23.200000762939453 31.479999542236328 AB 9.329045235097402 1.1904353766606637
62222.4037 lsst_hardware_y -88.78938624280622 51.130001068115234 30.0 AB 9.312905353486965 1.1880473735658323
62224.3992 lsst_hardware_z 23.01965928727538 78.54000091552734 31.709999084472656 AB 10.802601275938265 1.1879693485269354
62226.3973 lsst_hardware_z -23.307903351613458 63.84000015258789 30.959999084472656 AB 5.93927572177578 1.187855144355156
62226.4088 lsst_hardware_y -62.669630896505424 62.150001525878906 30.0 AB 5.946974018055556 1.1893948036111113
62228.4022 lsst_hardware_i -26.700942066624062 61.25 31.290000915527344 AB 12.589721303962278 1.189111811472234
62228.4143 lsst_hardware_y 64.32965735751597 68.25 30.010000228881836 AB 12.560042596209833 1.1935894765750636
62230.3956 lsst_hardware_i -53.07859467955632 46.130001068115234 31.270000457763672 AB 9.722381077534406 1.1888579296929014
62230.4061 lsst_hardware_y 130.63137985405243 51.93000030517578 30.0 AB 9.881599298239198 1.1922898957203798
62232.3993 lsst_hardware_g -18.783448046537856 28.010000228881836 31.579999923706055 AB 23.09178218554775 1.1917160290662558
62232.4118 lsst_hardware_y -13.584954994674238 55.599998474121094 30.0 AB 23.225997749083458 1.1986425987493774
62234.3971 lsst_hardware_i -38.01514830111399 32.119998931884766 31.229999542236328 AB 10.077237990672723 1.1931844327275594
62234.4096 lsst_hardware_y -34.33025630549964 50.689998626708984 30.0 AB 10.14351748354411 1.2010321841825131
62236.3821 lsst_hardware_u -0.5248440536017239 2.7100000381469727 28.389999389648438 AB 5.219087550046798 1.189558217640631
62236.3936 lsst_hardware_g 13.45955490222454 13.949999809265137 31.3799991607666 AB 5.251515440789005 1.19418213203214
62238.3792 lsst_hardware_r 19.168183460961192 22.84000015258789 31.469999313354492 AB 7.467556165452387 1.1903333331397763
62238.39 lsst_hardware_i -2.697600831352148 31.56999969482422 31.229999542236328 AB 7.413879351624771 1.1952086654239513
62242.3203 lsst_hardware_r -0.10350768885807753 22.75 31.459999084472656 AB 20.52335715568302 1.199939028026136
62242.3313 lsst_hardware_i 15.434858762327796 31.43000030517578 31.229999542236328 AB 20.32751616181422 1.1932094483337765
62246.3232 lsst_hardware_u 0.30490183487125316 2.5899999141693115 28.329999923706055 AB 4.25517413894423 1.1919255291159443
62246.3358 lsst_hardware_g -31.435239899632066 13.420000076293945 31.360000610351562 AB 5.258995955935492 1.188339386721469
62248.3196 lsst_hardware_r -0.4899466656481863 22.829999923706055 31.469999313354492 AB 8.233308204165334 1.1911758490768842
62248.3321 lsst_hardware_i 25.82830545139026 31.43000030517578 31.229999542236328 AB 8.21218257877196 1.1881194428132997
62250.3172 lsst_hardware_z 10.951966936224972 42.869998931884766 30.93000030517578 AB 10.591970555820408 1.1901090512157761
62250.3282 lsst_hardware_u 0.8686825904647707 2.630000114440918 28.360000610351562 AB 10.573037484786502 1.1879817398636519
62252.3263 lsst_hardware_z 39.85765144475421 53.7400016784668 30.950000762939453 AB 4.431929107972068 1.1878662846347006
62252.3384 lsst_hardware_r -23.671421791926136 53.91999816894531 31.59000015258789 AB 3.77149841788792 1.1895595072978773
62257.2985 lsst_hardware_z 118.60530335233311 60.5 30.959999084472656 AB 11.691604139304133 1.1899851541276847
62257.3099 lsst_hardware_i 25.614204749830634 62.880001068115234 31.299999237060547 AB 11.686299289206525 1.187933854048948
62259.3077 lsst_hardware_z 143.32918372040842 74.30000305175781 31.700000762939453 AB 14.839044092179805 1.1878758487452563
62264.3029 lsst_hardware_z 45.63622079161431 43.08000183105469 30.940000534057617 AB 11.475853791947126 1.1888996417453639
62264.3168 lsst_hardware_u 4.645292235254359 2.759999990463257 28.40999984741211 AB 11.529011254111737 1.1940047385352497
62270.281 lsst_hardware_z -58.69848798437414 43.040000915527344 30.940000534057617 AB 8.154277081846123 1.1880639734604972
62270.292 lsst_hardware_i 84.93453499877079 31.479999542236328 31.229999542236328 AB 8.103068425215126 1.1904022954627775
62277.2829 lsst_hardware_r -14.427164638470238 22.959999084472656 31.469999313354492 AB 7.127016114510792 1.1948724904175911
62277.2937 lsst_hardware_i 23.1939217547176 31.559999465942383 31.219999313354492 AB 8.081958302973566 1.2022251101485966
62280.2863 lsst_hardware_z -35.181566125836774 50.5099983215332 30.950000762939453 AB 8.168289724701543 1.2028700753045665
62280.2986 lsst_hardware_r -26.057249445600707 43.13999938964844 31.56999969482422 AB 8.739567695040435 1.2147567857447266
62283.2728 lsst_hardware_i -208.96491090740466 91.04000091552734 31.309999465942383 AB 4.1958993277271395 1.1988283793506114
62283.2867 lsst_hardware_z -113.96899056099709 78.41999816894531 30.979999542236328 AB 4.2377910014992235 1.2107974289997783
62288.2166 lsst_hardware_y -83.33321608880216 51.029998779296875 30.0 AB 8.1281559202141 1.189254182629915
62288.2297 lsst_hardware_r 48.38047413767448 54.66999816894531 31.600000381469727 AB 8.163469277133427 1.1879320834012554
62304.2022 lsst_hardware_u -1.5971416326812549 2.630000114440918 28.329999923706055 AB 6.0828180017646005 1.1915412344299166
62304.2154 lsst_hardware_r -18.02045062258942 23.260000228881836 31.469999313354492 AB 6.138847994652886 1.1987986319907995
62306.2023 lsst_hardware_i 34.21807431714335 31.68000030517578 31.229999542236328 AB 4.464225120508306 1.1941220062881654
62306.2151 lsst_hardware_z -23.585136531474234 43.40999984741211 30.940000534057617 AB 4.134928147939259 1.202713248382565
62308.1975 lsst_hardware_r 35.79240555360988 45.52000045776367 31.59000015258789 AB 3.581038661626388 1.194475871122816
62308.2114 lsst_hardware_z 38.259641506288666 48.779998779296875 30.950000762939453 AB 3.459236360196796 1.2041899606161974
62310.1304 lsst_hardware_r -65.52025417270188 77.08000183105469 31.610000610351562 AB 4.152092074245664 1.2033305533244025
62310.1433 lsst_hardware_y 49.28589050641418 54.20000076293945 30.0 AB 4.075226555698742 1.1944681045500818
62312.189 lsst_hardware_i -162.8157525840803 89.02999877929688 31.309999465942383 AB 4.524016583012987 1.1958543294965711
62312.2014 lsst_hardware_z -29.55473617455977 78.98999786376953 30.969999313354492 AB 4.546840434497947 1.2049930480118234
62314.1327 lsst_hardware_i -131.19927882140763 83.16999816894531 31.309999465942383 AB 9.636000720733314 1.1942987879446372
62314.1442 lsst_hardware_z -126.2063509529413 72.55000305175781 30.969999313354492 AB 9.514769996803135 1.189643660515521
62315.127 lsst_hardware_r 3.384767154414461 85.55000305175781 31.6200008392334 AB 7.364863753862139 1.1959830714293829
62315.1386 lsst_hardware_z 18.24297603086731 63.529998779296875 30.969999313354492 AB 7.48545968735251 1.190530367769724
62323.1282 lsst_hardware_g -17.113890375046893 13.65999984741211 31.360000610351562 AB 5.753523526236966 1.1880899352086245
62323.1408 lsst_hardware_i -26.207297153922898 31.729999542236328 31.219999313354492 AB 5.803023612762787 1.1887381931231382
62325.1283 lsst_hardware_z 70.92865062509983 43.189998626708984 30.93000030517578 AB 2.0140632522046014 1.187945884809792
62325.141 lsst_hardware_r 5.772090317076165 22.920000076293945 31.459999084472656 AB 2.010001843425088 1.1901718208379084
62328.1023 lsst_hardware_g 24.470014367607128 13.6899995803833 31.3700008392334 AB 8.744795017832999 1.1908211367648354
62328.1147 lsst_hardware_r 17.262293515378797 22.959999084472656 31.469999313354492 AB 8.574970718116246 1.1880804597320742
62330.1051 lsst_hardware_i 22.759196710616912 31.5 31.229999542236328 AB 8.233168292049223 1.1886190989484315
62330.1176 lsst_hardware_z 7.589600712374827 43.20000076293945 30.93000030517578 AB 8.229917320445141 1.1881497575233955
62334.1056 lsst_hardware_g -6.679025540851431 16.670000076293945 31.440000534057617 AB 2.019698094663854 1.1880577027434436
62334.1183 lsst_hardware_i 19.394735979171855 32.29999923706055 31.229999542236328 AB 2.024376921199994 1.190809953647055
62343.0442 lsst_hardware_z 2.8199468090741426 66.36000061035156 30.959999084472656 AB 10.077469647731837 1.2002703248846878
62343.0556 lsst_hardware_r -46.97590146049572 94.12999725341797 31.6200008392334 AB 10.038472972598234 1.1932569505426223
62345.0485 lsst_hardware_i -50.564364090144885 48.959999084472656 31.280000686645508 AB 5.343534397564447 1.194085898897028
62345.06 lsst_hardware_r 32.940087988949095 57.5 31.600000381469727 AB 5.351367386248314 1.189545210339726
62347.0456 lsst_hardware_u -1.8367988911793323 2.5899999141693115 28.31999969482422 AB 5.7255371142281115 1.1928202321308565
62347.0587 lsst_hardware_g -11.041115514384902 13.489999771118164 31.3700008392334 AB 5.705410090618555 1.188627102212199
62348.0459 lsst_hardware_r -20.689759148202604 22.68000030517578 31.459999084472656 AB 4.246248708135881 1.1915113877617345
62348.0584 lsst_hardware_i 11.129712111731145 31.360000610351562 31.219999313354492 AB 4.2346887463938305 1.1882676243826955
62352.0878 lsst_hardware_g 15.756152386077744 13.390000343322754 31.350000381469727 AB 1.998813917913501 1.2013907846211878
62352.0995 lsst_hardware_i -26.679454804004095 31.309999465942383 31.219999313354492 AB 2.0557038800324814 1.2120895519059443
62354.0483 lsst_hardware_r 16.574649151635317 22.739999771118164 31.459999084472656 AB 2.029601409648631 1.187943464822143
62354.0599 lsst_hardware_z 11.480251342089261 43.40999984741211 30.93000030517578 AB 2.0471502892812663 1.1896272867494042
62356.0297 lsst_hardware_i 44.07992878662349 31.290000915527344 31.229999542236328 AB 4.631197263523164 1.1896216962556292
62356.0428 lsst_hardware_r 49.29999758874045 22.68000030517578 31.469999313354492 AB 4.05405695735467 1.1879440195413176
62358.029 lsst_hardware_u 4.4605177921124755 2.690000057220459 28.399999618530273 AB 3.854945130673384 1.1885750659835717
62358.04 lsst_hardware_g -10.165098884842564 13.460000038146973 31.3700008392334 AB 3.6925121520174486 1.188066972978587
62362.0311 lsst_hardware_z 20.7013147676221 42.970001220703125 30.93000030517578 AB 3.6893672136736995 1.1882657835655266
62362.0427 lsst_hardware_r 1.7403548034951182 23.450000762939453 31.469999313354492 AB 3.96143727053929 1.1911410269982081
62364.0271 lsst_hardware_z 34.29419596203177 44.84000015258789 30.940000534057617 AB 6.907653635800422 1.1884646454988037
62364.0381 lsst_hardware_g 48.73207210448898 25.1299991607666 31.559999465942383 AB 6.940038769004929 1.1914741008635443
62366.0295 lsst_hardware_r -39.9959082989196 52.72999954223633 31.600000381469727 AB 2.8199210352286808 1.1903423534101651
62366.0409 lsst_hardware_z -19.561454515995912 51.86000061035156 30.959999084472656 AB 2.8306618875126506 1.195507079511046
62369.0254 lsst_hardware_z -43.14407778167307 60.599998474121094 30.959999084472656 AB 3.1775075578077874 1.191863300002921
62369.0354 lsst_hardware_r 70.30406145604948 77.69000244140625 31.610000610351562 AB 3.1948056387794925 1.197154248855668
62371.0092 lsst_hardware_r -9.150891545211492 86.5 31.610000610351562 AB 1.6043058446360656 1.1886681980509253
62371.0207 lsst_hardware_i -98.46551108250873 68.77999877929688 31.299999237060547 AB 1.5848156130293005 1.1921882745957626
62380.0131 lsst_hardware_r -1.7708967012525294 22.799999237060547 31.450000762939453 AB 2.045976496371718 1.202808051952803
62380.0241 lsst_hardware_u -1.8475136661964153 2.5 28.229999542236328 AB 2.145799247878279 1.2132298800668746
62382.0125 lsst_hardware_g 12.12463709011123 13.470000267028809 31.34000015258789 AB 2.172716070892281 1.2070644838290447
62382.0243 lsst_hardware_r -7.463073813043726 22.920000076293945 31.450000762939453 AB 2.0973998835329537 1.2197140102929704
