data/validation/pwv_sim_epoch_fit_4/6731379.ecsv
# %ECSV 0.9
# ---
# datatype:
# - {name: time, datatype: float64}
# - {name: band, datatype: string}
# - {name: flux, datatype: float64}
# - {name: fluxerr, datatype: float64}
# - {name: zp, datatype: float64}
# - {name: zpsys, datatype: string}
# - {name: pwv, datatype: float64}
# - {name: airmass, datatype: float64}
# meta: {SNID: '6731379', alt: 1024.0, c: 0.009197856299579144, dec: -29.313198, lat: -30.244573, lon: -70.7499537, ra: 89.472656, t0: 63117.5625,
#   x0: 2.9819325082231333e-05, x1: -1.0567002296447754, z: 0.2889478802680969}
# schema: astropy-2.0
time band flux fluxerr zp zpsys pwv airmass
63124.3311 lsst_hardware_u 26.20770927579509 5.587008167251427 28.280000686645508 AB 2.371535399750403 1.31929093676718
63124.3495 lsst_hardware_g 3989.1120191131045 64.35443259347085 31.360000610351562 AB 1.6436059711426099 1.2217090964889363
63126.3353 lsst_hardware_u 12.125417170002553 5.040240945666798 28.290000915527344 AB 1.439904000842651 1.2647378136518672
63126.352 lsst_hardware_g 3422.7113590278136 59.694241775701045 31.360000610351562 AB 1.374673836423618 1.1871103941475654
63129.3054 lsst_hardware_r 5771.869193873001 79.57255136966701 31.43000030517578 AB 9.140824693274691 1.3994628262226467
63129.3222 lsst_hardware_g 2407.8363463006085 51.54910826831307 31.31999969482422 AB 8.603421609666611 1.2914818528396212
63143.261 lsst_hardware_z 2328.9361477451653 75.65765678211346 30.920000076293945 AB 3.9603309198511267 1.4466962264296352
63143.2812 lsst_hardware_r 2536.0111334299936 82.78994440948613 31.579999923706055 AB 3.610367630435314 1.3075120436162295
63145.269 lsst_hardware_z 2377.488273260366 71.42495669545376 30.93000030517578 AB 7.97930261715753 1.3492796647064096
63145.29 lsst_hardware_r 2106.5505771234234 69.26765135514648 31.579999923706055 AB 7.385068116335179 1.2318712454271588
63147.2918 lsst_hardware_z 2320.383171763314 66.3187985778855 30.940000534057617 AB 4.289208928441957 1.1991078916527695
63147.3101 lsst_hardware_i 2802.0159806502247 64.64944607215358 31.260000228881836 AB 4.098106166288833 1.1308239973199308
63149.2995 lsst_hardware_r 1495.6182274669213 45.62108719762416 31.489999771118164 AB 3.1886883777148642 1.1481115138195195
63149.3203 lsst_hardware_z 2116.79966350483 62.57206629647714 30.950000762939453 AB 3.013006933253264 1.0861270449409464
63151.2446 lsst_hardware_u 5.31064076099669 3.3006695929389354 28.139999389648438 AB 7.726805560292801 1.4048737382350547
63151.2629 lsst_hardware_g 309.30896727053374 22.567109809882144 31.309999465942383 AB 7.014627174660481 1.2872056472447162
63153.2632 lsst_hardware_i 2042.4173200026726 54.77235167481884 31.219999313354492 AB 7.2367345359982025 1.2563775236107313
63153.281 lsst_hardware_z 1679.4599752144272 59.359486496799754 30.93000030517578 AB 6.779241869869645 1.1762369861836175
63155.263 lsst_hardware_r 973.2291599136854 38.97516057877868 31.459999084472656 AB 8.973926759155912 1.230442773681954
63155.281 lsst_hardware_g 284.2619572485971 21.587264284477182 31.360000610351562 AB 8.42219388170319 1.1556512747322805
63157.2642 lsst_hardware_r 904.5736713615494 37.99897880545084 31.459999084472656 AB 6.2126155640980185 1.2003894433577469
63157.2832 lsst_hardware_i 1765.1857473589137 51.106557802537424 31.239999771118164 AB 5.810321670371451 1.1295337617363534
63159.2445 lsst_hardware_i 1614.7792418541483 49.95648816620457 31.219999313354492 AB 1.4236505321995268 1.268473892663671
63159.2622 lsst_hardware_z 1359.0459559397705 55.19615147344342 30.940000534057617 AB 1.5266713287429237 1.1859176556780866
63161.2641 lsst_hardware_u 0.2592612746265664 3.0027338888593516 28.290000915527344 AB 3.3070814462254536 1.1575363829980587
63161.2821 lsst_hardware_g 221.05089309750514 20.607172409276824 31.3700008392334 AB 3.1079795911425436 1.1003645215584565
63163.3024 lsst_hardware_r 843.3455490025934 35.52493690659657 31.479999542236328 AB 3.3140902618600694 1.0437257733593617
63163.3205 lsst_hardware_u 7.120001921243357 3.40749202086218 28.389999389648438 AB 3.203775507580223 1.0187155486621977
63165.2468 lsst_hardware_g 406.7540783147816 52.589188681298324 31.670000076293945 AB 1.4962516203833423 1.1819511187282012
63165.2624 lsst_hardware_r 763.1119359490261 52.215392435602034 31.610000610351562 AB 1.5767079569880802 1.1262199692772001
63166.2443 lsst_hardware_r 824.7369479893217 62.831775848621064 31.600000381469727 AB 3.7104974428892064 1.1810288669974398
63166.2622 lsst_hardware_z 949.6603537068304 57.736363519892755 30.959999084472656 AB 3.687144558347122 1.1183897351035201
63168.2437 lsst_hardware_r 732.2799779270165 85.1068175417117 31.6200008392334 AB 3.78806810641096 1.162281188364322
63168.2606 lsst_hardware_i 1210.133331511122 71.14154685702317 31.309999465942383 AB 2.9308874199308623 1.1070396298134435
63170.1786 lsst_hardware_z 794.3661799066314 75.48783747510247 30.93000030517578 AB 5.0334667962851 1.5213742772510503
63170.1957 lsst_hardware_i 1165.2681154445254 82.45664716666901 31.270000457763672 AB 4.687198374464153 1.3834705945882564
63172.1874 lsst_hardware_z 734.7669755150454 68.63355968368789 30.93000030517578 AB 4.96172775006435 1.4038983518607666
63172.2059 lsst_hardware_r 753.7788666678609 81.23756054081322 31.59000015258789 AB 4.58324960142265 1.2853536006232211
63181.1949 lsst_hardware_u -3.6941541705916716 2.957773366432326 28.260000228881836 AB 0.8924119065697234 1.2170636298252242
63181.2131 lsst_hardware_g 136.94694130589272 18.673978116716373 31.350000381469727 AB 2.689621796653103 1.1447634801673134
63183.195 lsst_hardware_r 8.929206953335116 22.219999313354492 31.459999084472656 AB 5.234161553186938 1.1928353585202682
63183.2126 lsst_hardware_i -38.533106297596134 30.309999465942383 31.229999542236328 AB 7.5393406783174255 1.128305997952306
63186.196 lsst_hardware_z -25.431182628576817 42.56999969482422 30.940000534057617 AB 6.389979472251855 1.1569761854520397
63186.2136 lsst_hardware_r 37.733373801276095 22.049999237060547 31.479999542236328 AB 8.450484022015477 1.1010402634546073
63187.2006 lsst_hardware_u 0.5717080753451642 2.490000009536743 28.270000457763672 AB 3.0221309359494635 1.1317782739254614
63187.2179 lsst_hardware_r 18.433296995933105 21.790000915527344 31.469999313354492 AB 6.0422347756232755 1.0828054315508027
63189.2004 lsst_hardware_i -45.5085076319156 30.65999984741211 31.239999771118164 AB 5.931134577870677 1.115399074352845
63189.2181 lsst_hardware_z -7.601841965717811 41.27000045776367 30.940000534057617 AB 5.6942356351689645 1.0696580770812747
63193.2039 lsst_hardware_y 66.59567722997724 47.9900016784668 30.030000686645508 AB 6.499296219409225 1.077112399637039
63193.221 lsst_hardware_r -20.6782590129774 31.690000534057617 31.56999969482422 AB 6.441826753094563 1.0428730375739943
63195.2112 lsst_hardware_i 46.8695151898252 46.0099983215332 31.309999465942383 AB 6.533172900432038 1.0505041579705536
63195.2283 lsst_hardware_z 54.383439016457025 47.900001525878906 30.969999313354492 AB 6.355398769101712 1.024307101325926
63199.203 lsst_hardware_r -80.40207842919797 98.26000213623047 31.65999984741211 AB 4.521688652563769 1.0456383224920998
63199.2205 lsst_hardware_i 55.58509873382951 75.9000015258789 31.34000015258789 AB 5.165813679316253 1.0206092421842576
63208.1488 lsst_hardware_i 5.2653224816085205 30.549999237060547 31.229999542236328 AB 4.123943544422521 1.114579336330411
63208.1693 lsst_hardware_z 7.969275012768927 41.15999984741211 30.950000762939453 AB 4.727702577157858 1.0630620219590823
63211.1336 lsst_hardware_z -23.11125498769106 42.400001525878906 30.940000534057617 AB 10.909512163446895 1.1366147124159902
63211.1546 lsst_hardware_r 1.2458148644840412 22.09000015258789 31.479999542236328 AB 10.329484508530602 1.0774751097640598
63213.1514 lsst_hardware_r 2.276832858555083 22.020000457763672 31.479999542236328 AB 11.101614162785015 1.072274387905829
63213.1712 lsst_hardware_i 38.810115497398364 29.829999923706055 31.25 AB 11.450004146752597 1.0352157810906015
63216.1519 lsst_hardware_z -9.337969011663189 41.11000061035156 30.950000762939453 AB 10.742847312646871 1.0541864541347221
63216.1732 lsst_hardware_i 48.61377607183674 29.780000686645508 31.260000228881836 AB 10.513930539940013 1.021624488139595
63218.1349 lsst_hardware_r 28.461418346710623 21.860000610351562 31.469999313354492 AB 3.184887347586409 1.078860922259334
63218.1583 lsst_hardware_u -1.2937030006974801 2.549999952316284 28.3700008392334 AB 3.0242869386090176 1.0340915590057904
63220.1575 lsst_hardware_r -0.614742129237579 23.299999237060547 31.510000228881836 AB 3.086786492115773 1.027558752368766
63220.1792 lsst_hardware_i -37.85036553067631 29.56999969482422 31.25 AB 3.8968848991402405 1.0065568640422347
63222.0427 lsst_hardware_z 27.979686196119527 88.48999786376953 31.670000076293945 AB 8.024007632294019 1.4680748244730062
63224.0336 lsst_hardware_y 103.75487198197432 79.80999755859375 29.889999389648438 AB 10.040567959133377 1.4993754885586599
63224.0549 lsst_hardware_i -25.318095895710602 50.310001373291016 31.25 AB 8.59693115667485 1.3390510874600634
63226.0351 lsst_hardware_y 193.01924026083063 82.80000305175781 29.940000534057617 AB 13.563033584412246 1.4410362924364901
63226.0553 lsst_hardware_r -157.3202785602636 81.41999816894531 31.59000015258789 AB 12.33074072856825 1.30335763322881
63229.0534 lsst_hardware_y 61.426094173711036 59.189998626708984 29.989999771118164 AB 10.355623262460034 1.2683720083850858
63229.0769 lsst_hardware_g -7.546920306364438 103.04000091552734 31.690000534057617 AB 9.615184996189038 1.1632210254281439
