data/validation/pwv_sim_epoch_fit_4/7023729.ecsv
# %ECSV 0.9
# ---
# datatype:
# - {name: time, datatype: float64}
# - {name: band, datatype: string}
# - {name: flux, datatype: float64}
# - {name: fluxerr, datatype: float64}
# - {name: zp, datatype: float64}
# - {name: zpsys, datatype: string}
# - {name: pwv, datatype: float64}
# - {name: airmass, datatype: float64}
# meta: {SNID: '7023729', alt: 1024.0, c: -0.056469570845365524, dec: -32.797169, lat: -30.244573, lon: -70.7499537, ra: 350.683594, t0: 61948.3125,
#   x0: 0.0002428135381988014, x1: 0.01797635108232498, z: 0.11226896196603775}
# schema: astropy-2.0
time band flux fluxerr zp zpsys pwv airmass
61926.3699 lsst_hardware_r 14.708658642225057 24.035209694437864 31.479999542236328 AB 6.061898974066557 1.1558399569206117
61926.3892 lsst_hardware_z 51.271877131533614 41.859599225273065 30.940000534057617 AB 5.044884600429673 1.096714043571668
61947.344 lsst_hardware_i 33787.52677261566 186.03513746021522 31.239999771118164 AB 5.804032687543324 1.067997550380571
61947.3671 lsst_hardware_z 16235.57447736012 132.35030568092154 30.950000762939453 AB 5.581754430990921 1.0286104175786999
61955.2489 lsst_hardware_z 12440.105841764533 120.65590527788308 30.940000534057617 AB 9.85629604836096 1.360364747197409
61955.2627 lsst_hardware_r 56940.38827830875 244.82090032448983 31.59000015258789 AB 8.854724612026633 1.2787067564932213
61958.2819 lsst_hardware_r 51649.26122462786 246.28379517347898 31.6299991607666 AB 1.8460304483361845 1.1581119500227004
61958.3036 lsst_hardware_i 26276.282027959605 178.1400910495257 31.31999969482422 AB 1.6367035462947088 1.0921671887636004
61960.2407 lsst_hardware_i 22973.80304973503 173.52776664638722 31.280000686645508 AB 2.860456357366045 1.3261271939574641
61960.2599 lsst_hardware_z 9267.459513987382 119.5296513228226 30.969999313354492 AB 2.572715389949326 1.2251025666425361
61962.2725 lsst_hardware_z 8921.654410021723 113.73154003023309 30.969999313354492 AB 10.028060562135531 1.152738971814185
61962.2943 lsst_hardware_r 42470.1932643465 224.81489467832498 31.649999618530273 AB 9.300275391395546 1.0881014819264145
61964.2634 lsst_hardware_i 20118.282246742183 151.02269866125138 31.299999237060547 AB 7.278352093969718 1.1658109550126161
61964.2821 lsst_hardware_z 9150.796047348993 107.79804622077042 30.969999313354492 AB 6.883497879464208 1.1057531867094657
61965.2736 lsst_hardware_i 19323.404774808616 145.48614027981662 31.290000915527344 AB 6.96856248690321 1.1224680847103787
61965.2935 lsst_hardware_z 8779.719911426804 104.6577478951115 30.959999084472656 AB 6.493526479161509 1.0709205045207404
61974.2445 lsst_hardware_u 100.59326441466969 10.057462113384801 28.280000686645508 AB 5.544386450264718 1.1366882628848598
61974.265 lsst_hardware_g 9078.814640544111 95.56040283362387 31.389999389648438 AB 5.509041531068034 1.0797807783355615
61978.2646 lsst_hardware_u 74.68572034607536 8.975319132480523 28.299999237060547 AB 2.0867777623530697 1.0573994235384188
61978.2831 lsst_hardware_g 6858.748610272675 84.10882496873795 31.40999984741211 AB 2.103371373175581 1.0277895788788571
61981.2655 lsst_hardware_z 9922.743799655604 105.71059724402224 30.950000762939453 AB 4.588364556147471 1.0413703529924467
61981.2847 lsst_hardware_r 16406.625934577158 130.05814216607115 31.5 AB 4.477498281778142 1.0167274605710497
61987.1851 lsst_hardware_i 11308.770514727292 135.27170600479946 31.299999237060547 AB 1.9993238065461678 1.2301007833549022
61994.1653 lsst_hardware_i 7576.534329237234 97.79516234633915 31.270000457763672 AB 3.8203792101316107 1.233308687226389
61994.1836 lsst_hardware_z 5318.638533402958 87.56772808245593 30.950000762939453 AB 3.1290830784061328 1.1581689935805062
61995.1777 lsst_hardware_u 38.3068255156402 7.62281120355627 28.549999237060547 AB 3.4572733171615075 1.169776118139573
61995.1954 lsst_hardware_g 4240.7573018587655 69.44250834781357 31.600000381469727 AB 3.3313549069116655 1.111563198836058
62002.196 lsst_hardware_r 7984.29853122654 91.61811657787531 31.5 AB 2.30301889886227 1.0635044557201292
62006.1679 lsst_hardware_z -51.73436989804869 42.16999816894531 30.950000762939453 AB 3.294814045842179 1.1044686448993282
62006.1748 lsst_hardware_i -0.3998816894608184 31.15999984741211 31.25 AB 3.2366787578918874 1.0865591980837759
62009.1625 lsst_hardware_r 29.81058485913213 25.950000762939453 31.530000686645508 AB 2.1939574378530566 1.0969787189265283
62009.1746 lsst_hardware_u 1.6963257713381215 3.1500000953674316 28.600000381469727 AB 2.4054062448458233 1.0682781250240516
62011.176 lsst_hardware_i -41.524097057365765 37.59000015258789 31.280000686645508 AB 5.682128599219806 1.0545569487246385
62011.1938 lsst_hardware_r -32.52459093172905 36.380001068115234 31.600000381469727 AB 5.53534648118481 1.0267754556083861
62013.157 lsst_hardware_z 16.89057699553279 72.58000183105469 31.709999084472656 AB 4.995111018545074 1.0833815106734546
62016.1607 lsst_hardware_z 47.36504302018866 75.47000122070312 30.989999771118164 AB 1.4807716065693977 1.057694004692427
62016.179 lsst_hardware_r 21.66192130677284 110.18000030517578 31.65999984741211 AB 1.347430064961556 1.0282455185716168
62020.137 lsst_hardware_z 101.30023752727139 67.62999725341797 30.979999542236328 AB 2.2448656067966275 1.085524954930671
62020.1536 lsst_hardware_i 33.75281130946222 74.87999725341797 31.329999923706055 AB 2.105614808881259 1.0505749327086238
62024.0682 lsst_hardware_r -5.564040285104753 24.010000228881836 31.459999084472656 AB 3.115028635042728 1.3128808520831954
62024.0858 lsst_hardware_u 0.6439413479602067 2.619999885559082 28.309999465942383 AB 3.1933942070213908 1.2222348893009325
62030.0889 lsst_hardware_u -1.448602344907083 2.7300000190734863 28.420000076293945 AB 1.18386283158851 1.1456737079888806
62030.1049 lsst_hardware_r 10.95313387153157 23.270000457763672 31.5 AB 1.3162916137797998 1.0976719503366204
62031.0733 lsst_hardware_g 3.3393616277139815 14.260000228881836 31.389999389648438 AB 1.3232715838096243 1.1937497373113435
62031.0906 lsst_hardware_i -33.56508376738862 31.420000076293945 31.239999771118164 AB 1.696742689817361 1.131161793211574
62033.0729 lsst_hardware_z -84.06504314813223 43.279998779296875 30.93000030517578 AB 6.532651889496019 1.1737411312504078
62033.0907 lsst_hardware_r 7.839053782676259 23.34000015258789 31.479999542236328 AB 4.330535032452879 1.1142984044393718
62035.0748 lsst_hardware_u 0.35336688049681886 2.6500000953674316 28.350000381469727 AB 2.9408388817774025 1.1471967551306428
62035.091 lsst_hardware_g -29.511319055525554 14.300000190734863 31.40999984741211 AB 3.599949663909547 1.0983269593947564
62039.078 lsst_hardware_z -0.9935711451221597 43.310001373291016 30.940000534057617 AB 3.2215110166687144 1.103918792656
62039.0949 lsst_hardware_r 14.281367305004762 29.739999771118164 31.549999237060547 AB 3.971194513354092 1.0636653310175685
62041.0799 lsst_hardware_z 7.797269515266624 48.13999938964844 30.959999084472656 AB 4.871327665128811 1.0849483468799668
62041.1008 lsst_hardware_r -45.47239761652419 47.709999084472656 31.6200008392334 AB 4.793150909411537 1.0428016555095174
62044.081 lsst_hardware_r -190.03029489097787 88.0 31.649999618530273 AB 6.091685562233565 1.0641738011238975
62044.1006 lsst_hardware_z -50.931544061321915 64.94000244140625 30.989999771118164 AB 6.545321336797721 1.0308404341755604
62050.0027 lsst_hardware_y -9.422973437538399 50.93000030517578 29.969999313354492 AB 4.976365812668107 1.2820728616947334
62050.0223 lsst_hardware_i 34.97240501633944 31.670000076293945 31.229999542236328 AB 4.593659876407645 1.1901701035687189
62054.0046 lsst_hardware_y 22.82562038472186 49.68000030517578 30.0 AB 4.202001954006226 1.2190316083568975
62054.0254 lsst_hardware_g -21.924787928504987 14.039999961853027 31.40999984741211 AB 3.9109867615619236 1.1389012118702373
62055.0045 lsst_hardware_y 71.059244850375 49.75 30.0 AB 7.319804017221466 1.2074899401551824
62055.025 lsst_hardware_z 1.1271974305577652 42.369998931884766 30.940000534057617 AB 7.014569441197601 1.1313821679350968
62057.0035 lsst_hardware_y -81.56516342125049 50.77000045776367 30.0 AB 8.626487322397681 1.188903731121766
62057.0222 lsst_hardware_u 3.994968553227479 2.630000114440918 28.360000610351562 AB 8.107997864697182 1.1231210247763264
62059.0043 lsst_hardware_z -2.534121126843547 43.84000015258789 30.940000534057617 AB 9.10257389400408 1.164793997761167
62059.0227 lsst_hardware_r 3.5095721391928483 22.979999542236328 31.489999771118164 AB 8.63525566615714 1.1058199280084124
62064.0075 lsst_hardware_y 67.87637978917626 49.119998931884766 30.030000686645508 AB 3.66647085120048 1.1101546784014373
62064.028 lsst_hardware_z 89.17156354345295 41.4900016784668 30.950000762939453 AB 3.51392880758593 1.060915455417615
62065.0065 lsst_hardware_y 86.81594211403122 50.45000076293945 30.040000915527344 AB 4.604184213494512 1.1053136990744237
62065.0258 lsst_hardware_u -0.8960854351343868 2.8499999046325684 28.530000686645508 AB 4.443827950386057 1.059862769897696
62070.0079 lsst_hardware_y -150.9488605431486 52.45000076293945 30.049999237060547 AB 4.577655455824668 1.06858859802158
62070.027 lsst_hardware_r 5.93477681396145 46.22999954223633 31.6299991607666 AB 4.423893535166802 1.0345062440954405
