data/validation/pwv_sim_epoch_fit_4/7146953.ecsv
# %ECSV 0.9
# ---
# datatype:
# - {name: time, datatype: float64}
# - {name: band, datatype: string}
# - {name: flux, datatype: float64}
# - {name: fluxerr, datatype: float64}
# - {name: zp, datatype: float64}
# - {name: zpsys, datatype: string}
# - {name: pwv, datatype: float64}
# - {name: airmass, datatype: float64}
# meta: {SNID: '7146953', alt: 1024.0, c: -0.07032456994056702, dec: -30.865255, lat: -30.244573, lon: -70.7499537, ra: 59.414062, t0: 62826.21484375,
#   x0: 4.480012438263614e-06, x1: -0.04481615871191025, z: 0.6413905024528503}
# schema: astropy-2.0
time band flux fluxerr zp zpsys pwv airmass
[from data line 132]
63165.1674 lsst_hardware_i 77.84590988786553 45.689998626708984 31.290000915527344 AB 1.4662531629491926 1.1640009232197877
63165.1872 lsst_hardware_z -35.08217573855504 48.36000061035156 30.959999084472656 AB 1.4168923131718885 1.1006413618635504
63166.1885 lsst_hardware_i -52.20487008708688 50.880001068115234 31.309999465942383 AB 2.6605673573557014 1.090024181914251
63166.2061 lsst_hardware_z 29.260747031575924 50.81999969482422 30.969999313354492 AB 2.616095025515407 1.0515203586060924
63168.1879 lsst_hardware_r -206.12012615399817 91.98999786376953 31.649999618530273 AB 2.2630305199440293 1.0781469842512432
63168.207 lsst_hardware_z -33.449394358486614 63.54999923706055 30.989999771118164 AB 2.220447225014912 1.040509477514017
63170.1877 lsst_hardware_z -211.4143300200683 67.75 30.989999771118164 AB 3.571856640825901 1.0663850248769187
63170.2052 lsst_hardware_i -150.971690522651 76.51000213623047 31.34000015258789 AB 3.4682109772026575 1.0348235050580383
63172.1963 lsst_hardware_z 33.41359120570649 55.349998474121094 30.969999313354492 AB 3.6717396599658865 1.040152878177305
63172.2152 lsst_hardware_r 39.90085113059592 69.94999694824219 31.649999618530273 AB 4.4864475199859015 1.0157802728216347
63181.1375 lsst_hardware_i -10.269401832857339 30.65999984741211 31.229999542236328 AB 3.353555201089898 1.1178517336966327
63181.1558 lsst_hardware_r -29.227901517832212 22.149999618530273 31.479999542236328 AB 3.144217116080345 1.070432517956845
63183.1453 lsst_hardware_u -1.9931847072665887 2.619999885559082 28.399999618530273 AB 5.4102889349454255 1.082057786989085
63183.1645 lsst_hardware_g 2.7600433138742813 13.25 31.40999984741211 AB 5.215260154496379 1.043052030899276
63186.1284 lsst_hardware_g 9.336656759464471 13.25 31.3799991607666 AB 6.531860693601843 1.1046766023991117
63186.1456 lsst_hardware_r -21.414694821619946 21.969999313354492 31.479999542236328 AB 6.295511073728334 1.0630568195981145
63187.1181 lsst_hardware_i -0.33735457874756153 30.75 31.229999542236328 AB 3.4941006819857914 1.127129252253481
63187.1354 lsst_hardware_z 38.64183360289266 41.349998474121094 30.940000534057617 AB 2.9705674857462463 1.0796174761934385
63189.1063 lsst_hardware_u 4.6718324309438035 2.700000047683716 28.389999389648438 AB 5.13544738966568 1.1480991257915674
63189.1234 lsst_hardware_g 9.603023816601205 13.770000457763672 31.40999984741211 AB 4.8588604869857015 1.0960041700751597
63193.1115 lsst_hardware_r 6.4457664279636 40.72999954223633 31.59000015258789 AB 7.52249337848288 1.0986152657610775
63193.1287 lsst_hardware_y 45.88752495956325 48.34000015258789 30.040000915527344 AB 6.986577646801267 1.0585723707274648
63195.1076 lsst_hardware_z 25.336656919897738 52.779998779296875 30.969999313354492 AB 5.6452796541333665 1.0944706580328358
63195.1252 lsst_hardware_r 17.702479359956897 61.61000061035156 31.639999389648438 AB 8.112902325474556 1.0547537719601594
63197.1101 lsst_hardware_i 60.311623253627936 70.52999877929688 31.31999969482422 AB 4.104895383159672 1.0749551457296627
63197.1279 lsst_hardware_z -2.8369021554262077 62.63999938964844 30.979999542236328 AB 3.745374117678905 1.0403816993552513
63199.1269 lsst_hardware_z -59.72723763751638 66.8499984741211 30.989999771118164 AB 5.259272867659378 1.0335267000509718
63199.1423 lsst_hardware_r -20.153646567281093 97.68000030517578 31.65999984741211 AB 5.132794888350839 1.0149881131799168
63201.1296 lsst_hardware_z -110.8358377713985 57.150001525878906 30.979999542236328 AB 8.33222901404398 1.0227358554122965
63201.1459 lsst_hardware_g -97.09484599966866 80.86000061035156 31.75 AB 8.176806095902055 1.0076162779916273
63204.0262 lsst_hardware_y -70.24528291492004 71.02999877929688 29.959999084472656 AB 5.8363544612342295 1.332653147901411
63204.0469 lsst_hardware_g 10.880865564678908 13.699999809265137 31.350000381469727 AB 4.263626509529858 1.221902897266868
63208.0409 lsst_hardware_z 27.597412889854997 44.66999816894531 30.940000534057617 AB 4.343865620212205 1.2001839068551885
63208.0621 lsst_hardware_u 0.18213297781684973 2.5799999237060547 28.350000381469727 AB 3.343611882120232 1.1229594902167026
63211.0442 lsst_hardware_y 20.983098222954055 49.58000183105469 30.0 AB 11.672744636716265 1.1552597621452205
63211.0688 lsst_hardware_r 25.331933235842428 22.010000228881836 31.479999542236328 AB 10.791450485665884 1.0821751389555745
63213.0421 lsst_hardware_y 87.87917085062024 50.97999954223633 30.020000457763672 AB 12.989316857391318 1.1435264422388693
63213.0624 lsst_hardware_z -29.949919855543655 41.380001068115234 30.950000762939453 AB 12.294509324966466 1.0844587920053912
63216.0433 lsst_hardware_y 186.1717834140374 51.15999984741211 30.030000686645508 AB 11.133988455637372 1.113799895123049
63216.0641 lsst_hardware_u 2.023311722319716 2.7100000381469727 28.469999313354492 AB 10.619904691005168 1.0622060229967585
63218.0431 lsst_hardware_y 10.104421840319088 51.79999923706055 30.030000686645508 AB 4.473157911115385 1.0989884923813982
63218.0636 lsst_hardware_r -7.398434282864695 22.190000534057617 31.479999542236328 AB 4.216526273464474 1.0524870573390264
63220.0454 lsst_hardware_y 115.60279158665352 50.38999938964844 30.030000686645508 AB 5.67478914490409 1.0793702605621998
63220.0678 lsst_hardware_r -11.23054178363962 26.270000457763672 31.540000915527344 AB 5.285656947614347 1.0361493648842843
63222.0498 lsst_hardware_z -68.07840655633662 69.80999755859375 31.719999313354492 AB 5.729486462655708 1.058011780620899
63224.0454 lsst_hardware_y -26.21297496249709 52.709999084472656 30.049999237060547 AB 6.792149708010116 1.0559387015613666
63224.0674 lsst_hardware_i 32.912100145629566 50.439998626708984 31.31999969482422 AB 6.561593874483459 1.0220285882220284
63226.044 lsst_hardware_y -70.1932827348096 58.41999816894531 30.059999465942383 AB 10.006642320461582 1.0483922910984136
63226.0646 lsst_hardware_r -28.62376586090543 77.16000366210938 31.65999984741211 AB 9.772307228168781 1.019036703581301
