data/validation/pwv_sim_epoch_fit_4/717975.ecsv
# %ECSV 0.9
# ---
# datatype:
# - {name: time, datatype: float64}
# - {name: band, datatype: string}
# - {name: flux, datatype: float64}
# - {name: fluxerr, datatype: float64}
# - {name: zp, datatype: float64}
# - {name: zpsys, datatype: string}
# - {name: pwv, datatype: float64}
# - {name: airmass, datatype: float64}
# meta: {SNID: '717975', alt: 1024.0, c: -0.001864796970039606, dec: -20.423615, lat: -30.244573, lon: -70.7499537, ra: 76.816406, t0: 61716.2890625,
#   x0: 3.276761980020318e-05, x1: -0.11771827191114426, z: 0.27726760506629944}
# schema: astropy-2.0
time band flux fluxerr zp zpsys pwv airmass
61673.3861 lsst_hardware_z -86.17932257346247 41.779998779296875 30.950000762939453 AB 6.608969508239169 1.0180566886030993
61677.3805 lsst_hardware_u -1.9712531586521471 3.0999999046325684 28.56999969482422 AB 7.1704692485661425 1.0161269601180174
61679.3703 lsst_hardware_i -10.847684651800625 29.65999984741211 31.239999771118164 AB 4.248381832818044 1.017799955954731
61679.3903 lsst_hardware_y -35.19501866762975 61.18000030517578 30.06999969482422 AB 4.320746440153912 1.0158096720709797
61683.372 lsst_hardware_g 2.901417598021203 13.430000305175781 31.420000076293945 AB 7.713992147366927 1.0149989667588062
61683.3904 lsst_hardware_y -45.918137379328655 67.31999969482422 30.079999923706055 AB 8.174241880910444 1.0203984455521202
61685.3555 lsst_hardware_i -49.40839251822671 29.690000534057617 31.25 AB 3.6617690326277965 1.0171580646188323
61685.374 lsst_hardware_z 20.754799781390556 41.209999084472656 30.950000762939453 AB 3.6569807404356833 1.0158279834543564
61687.3545 lsst_hardware_r -27.96766914826592 21.760000228881836 31.489999771118164 AB 2.8990875742978757 1.0157980288359023
61687.3738 lsst_hardware_y 15.631325654671874 48.52000045776367 30.059999465942383 AB 2.931827313353958 1.0175245187484085
61691.354 lsst_hardware_z -17.376965640185876 47.3185132076676 30.959999084472656 AB 5.5471941774561895 1.015194908181703
61691.3719 lsst_hardware_y -35.76462164159884 48.665298086588734 30.049999237060547 AB 5.613387044567494 1.022599048682405
61693.2775 lsst_hardware_r 85.94598258167098 86.257075630552 31.639999389648438 AB 7.005974094621016 1.0953680573204299
61693.2933 lsst_hardware_z 94.37674808829244 60.42841633536018 30.979999542236328 AB 5.958128361061926 1.0609832660525373
61695.3317 lsst_hardware_y 5.91429978304057 53.10114495562147 30.059999465942383 AB 5.51249096362799 1.0160337229062548
61695.3493 lsst_hardware_r 262.8087248530534 82.05094299988977 31.65999984741211 AB 4.964748398270237 1.016550595990971
61697.3322 lsst_hardware_i 545.2064691525211 59.067629758580864 31.329999923706055 AB 3.8572225062583114 1.0150585542785031
61697.3496 lsst_hardware_z 411.9613584679527 56.70126982848679 30.979999542236328 AB 3.898361818503307 1.018957565280815
61701.3218 lsst_hardware_r 2898.7282818840185 59.89320960924001 31.559999465942383 AB 3.1925197835028185 1.0150289431690656
61701.3393 lsst_hardware_g 2171.125854574015 51.99706543398744 31.610000610351562 AB 3.347920080700223 1.019283038650328
61704.3066 lsst_hardware_r 4587.87786695629 70.239679688264 31.489999771118164 AB 1.3515143352428618 1.01617619191161
61704.3239 lsst_hardware_i 3283.548757214236 65.27121428031327 31.25 AB 1.432297806972847 1.0162945650230082
61706.3096 lsst_hardware_z 3243.6885496269 69.0047286163342 30.950000762939453 AB 2.9109188811365794 1.0149942343059408
61706.327 lsst_hardware_i 4414.8358189990895 72.95246777249503 31.25 AB 2.9768069985299057 1.0200366642592482
61708.2555 lsst_hardware_u 86.76131495072838 9.886377732132225 28.329999923706055 AB 3.6331465157474865 1.0553802514880135
61708.2724 lsst_hardware_g 5503.58480759398 75.555904119181 31.3799991607666 AB 3.572876888083046 1.0318778016124321
61710.225 lsst_hardware_g 12407.91598114326 112.97891891255503 32.119998931884766 AB 5.447040026095623 1.1116408216521678
61712.2549 lsst_hardware_i 6840.119118796177 86.84284134168173 31.239999771118164 AB 5.52119521149299 1.0397567919197106
61712.2745 lsst_hardware_z 4169.312890120505 75.94563800781998 30.950000762939453 AB 5.433437855156968 1.0208112202825164
61721.2785 lsst_hardware_z 4302.903633889033 85.27616577947224 30.979999542236328 AB 4.168086422564237 1.0166064445278626
61721.2972 lsst_hardware_r 10154.352357494592 120.3310229541828 31.639999389648438 AB 3.8020653138766694 1.0286509394083967
61723.2586 lsst_hardware_z 4116.453882690706 92.04523894470988 31.0 AB 5.605676396811876 1.0153371484899723
61723.2755 lsst_hardware_r 10108.211646286392 137.81509952588158 31.65999984741211 AB 5.678741656156836 1.0175132872526134
61725.2644 lsst_hardware_i 7044.25995449446 105.34792504518649 31.34000015258789 AB 6.038782462024609 1.0157323009166326
61725.2819 lsst_hardware_z 3866.6561778877917 85.24229711880086 30.989999771118164 AB 6.090625111615168 1.024753951647206
61730.2529 lsst_hardware_u 18.652647691694284 6.252046396516754 28.68000030517578 AB 3.3808434671701817 1.0162856113738021
61730.2728 lsst_hardware_g 3417.4431017736556 63.205390488984804 31.600000381469727 AB 3.513749944838496 1.028816107213833
61733.2479 lsst_hardware_r 5295.30737461267 76.35851078392128 31.5 AB 7.752688724193472 1.0173909657522984
61733.2677 lsst_hardware_i 4364.8385260597115 72.0684548816265 31.25 AB 8.972557768264101 1.0319907720390973
61735.2533 lsst_hardware_z 2366.3483805836668 62.367019334245356 30.950000762939453 AB 5.444514900640677 1.0237257726056597
61735.2724 lsst_hardware_r 4724.322524613953 71.87132756927397 31.489999771118164 AB 5.581351249763301 1.0448707487856415
61737.2368 lsst_hardware_r 4069.8939958335077 67.82993452242597 31.489999771118164 AB 3.9711046446949916 1.0173189816049677
61737.2552 lsst_hardware_u 15.854975412074966 3.959481385168657 28.440000534057617 AB 4.5422747111376225 1.0303252468413924
61739.229 lsst_hardware_g 1232.7857972121822 37.79340819840389 31.43000030517578 AB 5.554262183128792 1.0164884275971557
61739.2477 lsst_hardware_i 3680.383510098899 67.88310314515519 31.25 AB 5.637344316626774 1.0283058979041328
61741.214 lsst_hardware_z 2195.765400254808 62.28954820340882 30.950000762939453 AB 6.394421986584843 1.014987616918229
61741.2316 lsst_hardware_r 3158.252888699496 60.39861102381535 31.489999771118164 AB 6.426770016859068 1.0201222248982649
61743.2159 lsst_hardware_y 840.0129796297923 53.96852704149452 30.059999465942383 AB 4.401040723522119 1.015878752039195
61743.2349 lsst_hardware_g 856.3729074134807 32.09121407721269 31.40999984741211 AB 4.4848493664556335 1.0265749622787559
61747.2221 lsst_hardware_z 2400.472407392379 63.96029268321549 30.959999084472656 AB 5.189409482246618 1.0249673083641893
61747.2414 lsst_hardware_r 2174.655485373204 51.39105473659354 31.489999771118164 AB 5.480500356460148 1.0474962455007928
61749.1996 lsst_hardware_z 2276.6567074357595 68.86862169503726 30.979999542236328 AB 9.86394139070568 1.0158974955024516
61749.2154 lsst_hardware_r 2098.929838877607 73.10709847860818 31.639999389648438 AB 9.587809265086467 1.0239739336155003
61753.1957 lsst_hardware_z 2056.169244936875 80.76217560782558 30.989999771118164 AB 7.740191006201652 1.0184461850265332
61753.215 lsst_hardware_r 1800.9005742079098 108.92303465517361 31.65999984741211 AB 7.967856952237612 1.034115113853032
61755.1825 lsst_hardware_y 865.8825385968469 56.42367636184493 30.059999465942383 AB 10.447029198404836 1.0157282483857977
61755.2025 lsst_hardware_g 518.2614907491998 73.88576689117261 31.729999542236328 AB 10.561748362785572 1.0268980847288751
61757.1468 lsst_hardware_r 1367.1880170939194 49.39935130232976 31.579999923706055 AB 3.047497711040824 1.0242255295473992
61757.1642 lsst_hardware_i 2136.4192255094567 59.99434997908219 31.290000915527344 AB 3.073062948978277 1.0156087961371336
61759.1603 lsst_hardware_z 1465.8222574996719 55.57181398753917 30.950000762939453 AB 3.12798162350261 1.0153312094464968
61759.1811 lsst_hardware_r 1245.477257069974 41.465090670673945 31.5 AB 3.7888594078029203 1.0193554893983598
61767.1471 lsst_hardware_u 11.710536966204668 4.008917405778325 28.520000457763672 AB 6.25321411440954 1.0152557721166604
61767.1677 lsst_hardware_g 289.87448283509303 21.890047000441854 31.420000076293945 AB 6.194803879408792 1.025134752160231
61771.1278 lsst_hardware_z 924.4054390202556 49.76336256230353 30.950000762939453 AB 7.073122271230602 1.0152896958031354
61771.1494 lsst_hardware_r 884.9942913684272 36.48122026526003 31.489999771118164 AB 7.1017372849098 1.0199483666018176
61773.1291 lsst_hardware_z 769.2278267881479 49.48219369251275 30.950000762939453 AB 3.9339439332052666 1.0150803594904572
61773.15 lsst_hardware_r 838.5974307444665 36.07471471831629 31.489999771118164 AB 3.993875842890008 1.024070728946156
61775.1223 lsst_hardware_i 1253.9910652039252 48.17895163569393 31.270000457763672 AB 10.575634997691315 1.015001119491777
61775.1442 lsst_hardware_z 734.5558440001474 49.65187968785709 30.950000762939453 AB 11.647333650685754 1.0238064124015078
61777.0953 lsst_hardware_z 756.5129195539677 53.46393875546392 30.959999084472656 AB 8.966491656616315 1.021929165244192
61777.1149 lsst_hardware_r 888.3580648644125 54.614580017205654 31.6299991607666 AB 8.921016426063805 1.0149917713188041
61781.0992 lsst_hardware_r -4.204476367706868 89.72000122070312 31.670000076293945 AB 5.732501049294378 1.0155006287501114
61781.1211 lsst_hardware_i -31.106614877036723 72.88999938964844 31.34000015258789 AB 5.901753143798055 1.0193890912510708
61784.0747 lsst_hardware_z 114.83664998725027 49.119998931884766 30.969999313354492 AB 6.672061844681585 1.0229824206702658
61784.0934 lsst_hardware_r -103.6750780915163 58.220001220703125 31.649999618530273 AB 6.979498777798399 1.0151506028020554
61785.0733 lsst_hardware_u 1.9919234311557987 2.9200000762939453 28.559999465942383 AB 6.119178258509367 1.022034867177647
61785.0942 lsst_hardware_r 8.258085223174817 40.02000045776367 31.610000610351562 AB 5.506777893586618 1.0149807194888245
61787.0692 lsst_hardware_i -26.45243537887723 29.540000915527344 31.25 AB 2.781042286783076 1.0211280656446102
61787.0879 lsst_hardware_z -6.071339254495538 40.16999816894531 30.940000534057617 AB 2.030981672565587 1.0149833446104883
61791.0507 lsst_hardware_y -40.19544323886566 47.29999923706055 30.049999237060547 AB 12.289584987771562 1.0269848179196264
61791.0707 lsst_hardware_g 12.403904609931681 13.020000457763672 31.389999389648438 AB 12.16185109898214 1.0157448022535194
61799.0464 lsst_hardware_y 136.16789911010244 47.650001525878906 30.049999237060547 AB 12.920450508727177 1.0163979317752656
61799.0657 lsst_hardware_z -12.22205130929426 40.22999954223633 30.950000762939453 AB 12.868059679451026 1.016648557841385
61801.0298 lsst_hardware_y -16.50526306100441 76.62999725341797 30.079999923706055 AB 8.678510074190939 1.0219028641967547
61801.048 lsst_hardware_u -6.9527487767676 3.049999952316284 28.56999969482422 AB 9.170530208348993 1.0150567500524648
61803.0281 lsst_hardware_y -46.82431420798448 78.25 30.079999923706055 AB 6.834894009196227 1.0195754575898106
61803.0399 lsst_hardware_r 17.03613337971288 25.860000610351562 31.540000915527344 AB 6.860813846652007 1.0153638962042415
61805.0365 lsst_hardware_z 184.09767645053716 79.12000274658203 31.719999313354492 AB 9.243026952378408 1.0151037232857598
61807.026 lsst_hardware_y -30.517562936960132 68.0 30.06999969482422 AB 5.312599472390924 1.0159876596655046
61807.0432 lsst_hardware_z 111.89991747637343 48.959999084472656 30.969999313354492 AB 4.823328397181879 1.0164361612493311
61808.0259 lsst_hardware_y 105.19426050243612 77.97000122070312 30.079999923706055 AB 4.882058668747364 1.015420816794668
61808.0445 lsst_hardware_i 8.39764341940662 52.7400016784668 31.31999969482422 AB 6.254025753128812 1.0179630654542042
62040.3789 lsst_hardware_r -16.41358753884175 21.809999465942383 31.479999542236328 AB 5.8206305717156726 1.019255878773392
62042.3288 lsst_hardware_z 35.90176608164561 41.43000030517578 30.940000534057617 AB 6.438841641079942 1.078954640185434
62042.3472 lsst_hardware_y -195.79493090186318 46.939998626708984 30.040000915527344 AB 7.220265654785105 1.045253919044345
62049.3746 lsst_hardware_r -51.60162148531482 77.61000061035156 31.65999984741211 AB 6.330815432770364 1.0152995014131383
62051.3643 lsst_hardware_y 80.06110356735735 72.08999633789062 30.81999969482422 AB 4.442333114232186 1.0150037580119236
62053.3522 lsst_hardware_i -18.05347538221042 46.36000061035156 31.31999969482422 AB 3.0475827177165384 1.0158609059055128
62053.3703 lsst_hardware_z 2.8393382652744013 49.83000183105469 30.979999542236328 AB 3.05088738792563 1.0169624626418767
62056.3531 lsst_hardware_r -0.6922459899136187 27.489999771118164 31.559999465942383 AB 5.533916199824503 1.0150560117069414
62056.3712 lsst_hardware_y -15.264526751783157 48.90999984741211 30.059999465942383 AB 5.578656065543971 1.0216383235131874
62058.3496 lsst_hardware_r -45.19694065203837 22.1200008392334 31.489999771118164 AB 5.963696061986497 1.015241207885309
62058.3687 lsst_hardware_y 28.783345412808558 47.599998474121094 30.049999237060547 AB 5.998420745017173 1.0237668744162072
62060.2784 lsst_hardware_i 17.77046113560345 30.389999389648438 31.239999771118164 AB 6.535991932283457 1.081774591222323
62060.2952 lsst_hardware_z -43.154079587369466 40.959999084472656 30.950000762939453 AB 5.676147591746137 1.0495996779559646
62061.2941 lsst_hardware_r -44.99242070781484 30.93000030517578 32.2400016784668 AB 6.460495447396223 1.0470819201615327
62066.3206 lsst_hardware_g -14.641984356339547 13.199999809265137 31.420000076293945 AB 3.221418876913169 1.0151796665605197
62066.3402 lsst_hardware_r 37.06248384172956 21.8799991607666 31.5 AB 3.354582824289444 1.0193976522948685
62068.2897 lsst_hardware_i 17.61477078091063 29.709999084472656 31.25 AB 3.909612325698844 1.0288453488681168
62068.3067 lsst_hardware_z -44.99926169517784 40.34000015258789 30.950000762939453 AB 3.839769393527113 1.0172921959272005
62069.3114 lsst_hardware_r 24.647328563935417 21.93000030517578 31.5 AB 1.430906586507089 1.0153074171050156
62069.328 lsst_hardware_g -19.451085784215664 13.350000381469727 31.43000030517578 AB 1.3474988546413695 1.0174922134213051
62076.2433 lsst_hardware_i 65.50393085157008 66.97000122070312 31.329999923706055 AB 4.749960999354738 1.0638806202705093
62076.2679 lsst_hardware_z -21.18158727389741 60.060001373291016 30.989999771118164 AB 3.206610792835425 1.0288040616550937
62078.3038 lsst_hardware_r 34.14516386513723 91.11000061035156 31.670000076293945 AB 5.800573644581583 1.0176444990494005
62078.323 lsst_hardware_z -7.963993958480511 64.58999633789062 30.989999771118164 AB 5.882410424033869 1.0320018287778716
62080.2977 lsst_hardware_y -13.862989569899637 51.59000015258789 30.06999969482422 AB 3.3573612291509423 1.0173821906518008
62080.3164 lsst_hardware_r 145.8757658241961 73.80999755859375 31.65999984741211 AB 3.40160982095253 1.0307908548341
62082.2766 lsst_hardware_r 42.87611644752832 53.47999954223633 31.649999618530273 AB 5.126998888998741 1.0152137993463068
62082.2937 lsst_hardware_i 36.079434121703635 48.18000030517578 31.31999969482422 AB 6.149568398490374 1.0180000107861014
62084.2812 lsst_hardware_z -0.8909920740391408 43.400001525878906 30.959999084472656 AB 9.65315653246058 1.015676268211547
62084.2989 lsst_hardware_r -15.382904223250813 35.060001373291016 31.59000015258789 AB 10.600849447707947 1.0246986835650367
62087.2763 lsst_hardware_u 3.3545363994987096 2.640000104904175 28.420000076293945 AB 4.514864117009484 1.0165560155380104
62087.2939 lsst_hardware_r -16.859343178450175 22.530000686645508 31.5 AB 4.193074572429152 1.0274625269367395
62089.2628 lsst_hardware_i 10.005868565824498 29.75 31.25 AB 4.754189168177535 1.0150390537875709
62089.2809 lsst_hardware_z -13.705037841465083 40.540000915527344 30.950000762939453 AB 4.753451603204164 1.0214970942219868
62092.2544 lsst_hardware_z 17.738775059103585 40.380001068115234 30.950000762939453 AB 4.060109988794492 1.015027497198623
62092.2751 lsst_hardware_r 30.13318054128616 22.0 31.479999542236328 AB 4.092701260995987 1.0231753152489969
62094.2549 lsst_hardware_u 0.5712113390440698 2.609999895095825 28.40999984741211 AB 4.41960646634973 1.015904177687899
62094.274 lsst_hardware_g -27.503536703458913 13.479999542236328 31.420000076293945 AB 4.505270831285878 1.0267448480757864
62102.1035 lsst_hardware_z 36.68768913985545 51.790000915527344 30.93000030517578 AB 5.078314595501647 1.3208725322095494
62102.1185 lsst_hardware_i -42.74720819122443 46.279998779296875 31.260000228881836 AB 4.7652750389842815 1.2381625772522418
