data/validation/pwv_sim_epoch_fit_4/7189206.ecsv
# %ECSV 0.9
# ---
# datatype:
# - {name: time, datatype: float64}
# - {name: band, datatype: string}
# - {name: flux, datatype: float64}
# - {name: fluxerr, datatype: float64}
# - {name: zp, datatype: float64}
# - {name: zpsys, datatype: string}
# - {name: pwv, datatype: float64}
# - {name: airmass, datatype: float64}
# meta: {SNID: '7189206', alt: 1024.0, c: -0.07479116320610046, dec: -20.902014, lat: -30.244573, lon: -70.7499537, ra: 313.242188, t0: 63005.12890625,
#   x0: 3.2374169451474312e-06, x1: 1.1329071521759033, z: 0.7321580648422241}
# schema: astropy-2.0
time band flux fluxerr zp zpsys pwv airmass
63001.3976 lsst_hardware_z 652.870153811967 49.993084288011985 30.959999084472656 AB 7.792055177076895 1.022758379910331
63001.4185 lsst_hardware_y 222.08207735649094 50.905586073189866 30.059999465942383 AB 7.742587846684036 1.0138922080382422
63004.3719 lsst_hardware_i 2426.3872890640346 65.90527582967657 32.0099983215332 AB 7.2978255838972075 1.0417527955696355
63004.3869 lsst_hardware_y 730.3540799539002 70.49309340460796 30.799999237060547 AB 8.03182307933615 1.024815806312084
63008.4152 lsst_hardware_r 878.4244955516281 38.735725189098595 31.530000686645508 AB 4.232952230003926 1.0168033221244623
63008.4358 lsst_hardware_y 268.89622241994505 78.15294729002038 30.06999969482422 AB 4.110959443864912 1.0332288894413855
63012.3672 lsst_hardware_u -0.6223835600981525 2.9625933570857237 28.520000457763672 AB 5.842119924993506 1.0230487566751607
63012.3879 lsst_hardware_g 156.7855275176766 19.72162868952699 31.489999771118164 AB 5.611158624629823 1.0139426499150006
63014.377 lsst_hardware_r 699.7705906037731 36.28225647922237 31.530000686645508 AB 9.444463164685521 1.0149516225124144
63014.3974 lsst_hardware_i 974.6272794464963 44.477424320995496 31.270000457763672 AB 9.509977344052071 1.0162041685540948
63016.3641 lsst_hardware_z 622.1259839044637 47.961843298610646 30.959999084472656 AB 12.47699843699519 1.0179211169091784
63016.3841 lsst_hardware_r 644.5466735928666 35.40614599218988 31.530000686645508 AB 13.088786663711405 1.01409744169456
63018.3605 lsst_hardware_u -1.9829407792828664 2.8433429767042764 28.459999084472656 AB 6.808090276612609 1.0170056804888765
63018.3804 lsst_hardware_r 572.0932376573693 34.582569886973275 31.520000457763672 AB 6.323391283732818 1.014393553884753
63021.3641 lsst_hardware_i 725.0434307948583 67.17208775887461 31.329999923706055 AB 12.22434652112206 1.013879615254406
63021.3852 lsst_hardware_z 586.7028378467439 60.19502418137092 30.979999542236328 AB 11.856505497526358 1.0197609390006974
63033.3099 lsst_hardware_u 5.073487717594494 2.981364024072744 28.5 AB 6.63900931378373 1.023025512236329
63033.3313 lsst_hardware_g 51.632959329744764 16.964859085110437 31.479999542236328 AB 6.58111786567239 1.0138835103485344
63034.378 lsst_hardware_r 203.12106302926406 28.499149663510714 31.520000457763672 AB 3.89129388257555 1.0517010493447432
63034.3964 lsst_hardware_i 439.8425382030216 37.55066537846349 31.25 AB 4.029407606119096 1.0890290827348907
63037.3259 lsst_hardware_i 386.8178344138494 36.25005338643395 31.260000228881836 AB 3.672254206009021 1.0139913590305258
63037.345 lsst_hardware_z 377.78512420984765 45.02737283008755 30.950000762939453 AB 3.782012494871014 1.022165539154328
63043.3131 lsst_hardware_r 108.89014305129938 26.412484105510334 31.520000457763672 AB 5.630516218293859 1.0145988320198152
63043.3305 lsst_hardware_u 4.268984814446945 2.910353085322366 28.489999771118164 AB 5.644502184152229 1.023636484960375
63045.2986 lsst_hardware_g 22.006694812718393 16.281883894248846 31.479999542236328 AB 5.477740377753153 1.0138800384532234
63045.3176 lsst_hardware_i 226.49099758231657 34.57228208905773 31.270000457763672 AB 5.518711059296078 1.0185255723093345
63047.2832 lsst_hardware_z 249.9698708725409 46.04843272922117 30.959999084472656 AB 3.5418061790821063 1.0162029970587678
63047.3022 lsst_hardware_r 84.55466820625044 26.01084468072999 31.520000457763672 AB 3.5587229561169686 1.0146038363840701
63049.2954 lsst_hardware_y 182.12589037398962 72.65390202622537 30.809999465942383 AB 7.931187294207197 1.0143264151175873
63062.2054 lsst_hardware_r 64.16208286841812 25.425876334080236 31.520000457763672 AB 6.748508750472407 1.0544544922613135
63062.2316 lsst_hardware_u 0.18072941009659949 2.966887947486341 28.56999969482422 AB 5.891297786828609 1.0223510259138584
63065.248 lsst_hardware_z 37.8234457130728 42.712679192295504 30.950000762939453 AB 2.09414283516621 1.013867264665316
63065.2703 lsst_hardware_r 84.113972930274 25.292426467190598 31.520000457763672 AB 1.9181765129473276 1.0235278649725048
63067.2451 lsst_hardware_r 68.30572501369241 25.270928082662376 31.520000457763672 AB 2.980205884330821 1.0141353962105788
63067.2548 lsst_hardware_u 0.8082570216934472 2.9251068447765 28.489999771118164 AB 2.891668452525818 1.0171186959288843
63069.2307 lsst_hardware_g 5.436410235036471 16.19767615993702 31.5 AB 5.13053068104175 1.0141392925562493
63069.2514 lsst_hardware_r 37.8023473620695 25.299091424693735 31.530000686645508 AB 5.016115746179293 1.0181561054491122
63077.1728 lsst_hardware_z 17.100322294325068 51.5300742880811 30.979999542236328 AB 5.0191349517411314 1.0414763607907471
63077.1908 lsst_hardware_i 42.22396687120506 49.8197368756458 31.31999969482422 AB 4.994896209895949 1.022235090283131
63085.1817 lsst_hardware_i 55.005891804470394 47.50239570529679 31.309999465942383 AB 2.868990169830442 1.0153920261300449
63085.2029 lsst_hardware_z 92.85854826879105 49.80558161032481 30.969999313354492 AB 2.8607568347045023 1.01595389217088
63094.1653 lsst_hardware_u -1.3460327221412665 2.8299999237060547 28.479999542236328 AB 5.345111261954274 1.013851816066566
63094.1884 lsst_hardware_g 1.8210876513648364 15.859999656677246 31.489999771118164 AB 4.9389789254894785 1.021452649912513
63099.146 lsst_hardware_g -3.4346960212300544 15.59000015258789 31.479999542236328 AB 1.8030867592374316 1.014680224669348
63099.1677 lsst_hardware_r -19.531048642922027 24.389999389648438 31.520000457763672 AB 1.7467823400142144 1.0172468252048226
63100.1025 lsst_hardware_i -13.048776825520836 31.979999542236328 31.260000228881836 AB 2.9452608079948077 1.0530070818715795
63100.1295 lsst_hardware_z -63.89435621561523 41.61000061035156 30.959999084472656 AB 2.0657777756587903 1.0211457121397876
63108.103 lsst_hardware_z -104.364713433281 87.4800033569336 31.0 AB 3.195531562499293 1.0247836326462896
63108.1203 lsst_hardware_i -50.66932927616717 100.1500015258789 31.350000381469727 AB 3.225325348251971 1.0149713943047662
63110.0882 lsst_hardware_r 129.4897000492799 130.75 31.65999984741211 AB 1.0895281701596577 1.0343621868604347
63110.1057 lsst_hardware_z 62.187727032968965 86.44999694824219 31.0 AB 1.074595789930551 1.0188961345734475
63113.0844 lsst_hardware_r 77.25107627917444 50.59000015258789 31.6299991607666 AB 0.9429975465179418 1.0294733040588884
63113.1039 lsst_hardware_y -49.361341683224886 49.7599983215332 30.059999465942383 AB 0.9985886600245433 1.0158582502792912
63115.0862 lsst_hardware_g 5.182953720247599 15.460000038146973 31.489999771118164 AB 1.3492677807756686 1.0228828965385066
63115.1055 lsst_hardware_r 57.370224221128666 24.15999984741211 31.520000457763672 AB 1.3254907283346928 1.014082801403654
63118.0794 lsst_hardware_i -27.775955702316665 31.139999389648438 31.25 AB 2.646535679862307 1.0218284478232846
63118.1001 lsst_hardware_z 63.066694283975075 41.18000030517578 30.950000762939453 AB 2.6075842556960396 1.013835247160202
63121.0636 lsst_hardware_z 81.98609930395443 41.31999969482422 30.950000762939453 AB 3.070238600092245 1.0284120921450943
63121.08 lsst_hardware_r -6.404988367073977 23.940000534057617 31.510000228881836 AB 3.0476862701239003 1.0166861792918604
63123.0653 lsst_hardware_u -1.4752009217504563 2.799999952316284 28.479999542236328 AB 1.1742916043699891 1.0221601082576433
63123.0833 lsst_hardware_g -17.617800936945734 15.300000190734863 31.469999313354492 AB 1.2069867909923284 1.014132578904071
63128.0553 lsst_hardware_r -1.0127374366418134 24.079999923706055 31.530000686645508 AB 5.574515002393587 1.0196506368223366
63128.0743 lsst_hardware_u -0.6361455809114553 2.869999885559082 28.540000915527344 AB 5.595796655376961 1.0138078034955813
63136.0468 lsst_hardware_z -59.14994583435361 101.26000213623047 31.75 AB 2.840027424978743 1.0142955089209797
63142.0261 lsst_hardware_g 6.394398130817591 22.030000686645508 32.2400016784668 AB 1.9440266180869252 1.0153784294686878
63142.0458 lsst_hardware_r 16.44192442841633 60.02000045776367 32.369998931884766 AB 3.01635237742423 1.0154359122788184
63146.0036 lsst_hardware_y 25.222396249558038 47.88999938964844 30.049999237060547 AB 3.980385588879971 1.0213536985535885
63146.0228 lsst_hardware_r -0.43065911595322637 24.389999389648438 31.520000457763672 AB 3.899558224016162 1.0138817586383946
63148.0043 lsst_hardware_y -7.131480298273492 47.41999816894531 30.049999237060547 AB 3.98039493998003 1.017613432182035
63148.0228 lsst_hardware_g 5.788567209541889 15.6899995803833 31.479999542236328 AB 3.8921932364892995 1.0139880777621282
63150.0052 lsst_hardware_y -36.299204596845506 47.439998626708984 30.049999237060547 AB 3.51795768628722 1.0150883003619238
63150.0238 lsst_hardware_z -52.88149554481906 41.56999969482422 30.950000762939453 AB 3.515939647531597 1.0153849578931007
63151.9912 lsst_hardware_y -69.91753591466605 75.2300033569336 30.079999923706055 AB 5.130534192949892 1.0187885409044812
63152.0097 lsst_hardware_u -5.758799682852666 3.0199999809265137 28.530000686645508 AB 5.856881615972057 1.0138275257004374
63153.9916 lsst_hardware_z 86.97320400910692 60.36000061035156 30.989999771118164 AB 6.88381684948141 1.0159865470417548
63154.0093 lsst_hardware_r 13.845044180888218 25.18000030517578 31.530000686645508 AB 6.821690155978915 1.0144405709368236
