data/validation/pwv_sim_epoch_fit_4/7347687.ecsv
# %ECSV 0.9
# ---
# datatype:
# - {name: time, datatype: float64}
# - {name: band, datatype: string}
# - {name: flux, datatype: float64}
# - {name: fluxerr, datatype: float64}
# - {name: zp, datatype: float64}
# - {name: zpsys, datatype: string}
# - {name: pwv, datatype: float64}
# - {name: airmass, datatype: float64}
# meta: {SNID: '7347687', alt: 1024.0, c: -0.12014280259609222, dec: 0.447628, lat: -30.244573, lon: -70.7499537, ra: 234.140625, t0: 61850.35546875,
#   x0: 1.680493327857879e-05, x1: -0.31489625573158264, z: 0.36923837661743164}
# schema: astropy-2.0
time band flux fluxerr zp zpsys pwv airmass
[from data line 133]
62271.1968 lsst_hardware_u -2.6052260197716066 2.700000047683716 28.360000610351562 AB 7.570428990654582 1.1619849821293535
62271.2187 lsst_hardware_r -18.802517233073665 24.209999084472656 31.479999542236328 AB 7.581569710614806 1.1696944783669023
62276.1633 lsst_hardware_g 32.710946055211885 14.760000228881836 31.389999389648438 AB 9.042319113894107 1.1743271576485854
62276.1832 lsst_hardware_i 16.17898941684887 32.029998779296875 31.229999542236328 AB 9.343853023335997 1.1619780745319181
62281.1632 lsst_hardware_y -89.18172484972442 113.33000183105469 31.520000457763672 AB 6.595411513992417 1.1638961495280737
62284.1584 lsst_hardware_r -130.61820669353213 133.58999633789062 31.639999389648438 AB 8.40298717077457 1.1626409091351377
62284.1784 lsst_hardware_i 75.62951860341933 104.91000366210938 31.31999969482422 AB 8.809575673909242 1.1660847149386966
62286.1362 lsst_hardware_z 20.29943516752534 61.27000045776367 30.969999313354492 AB 14.178932393056188 1.1741090612263259
62286.1577 lsst_hardware_r 124.53477072535031 79.63999938964844 31.6200008392334 AB 13.978133607445082 1.1617786624833149
62290.1301 lsst_hardware_g 8.267335238642934 14.6899995803833 31.40999984741211 AB 10.610735754443139 1.1694418539062974
62290.1479 lsst_hardware_i 6.390778779144324 32.0 31.239999771118164 AB 10.535334583846302 1.1617291682547564
62303.0944 lsst_hardware_r 21.5151787320985 23.770000457763672 31.489999771118164 AB 9.261065917450962 1.169621863785168
62303.1146 lsst_hardware_u -1.2470614671163665 2.6500000953674316 28.34000015258789 AB 9.22094593317977 1.161803752566175
62305.0958 lsst_hardware_g -13.357793392354067 18.950000762939453 31.5 AB 5.963524928135844 1.1648267976044542
62305.1157 lsst_hardware_r -22.639982212024258 25.579999923706055 31.5 AB 5.999753537437608 1.1633441450563666
62307.0962 lsst_hardware_i 46.29079414054472 41.91999816894531 31.270000457763672 AB 4.394472545949725 1.1624819908603201
62307.1187 lsst_hardware_z -9.96292190719476 48.2599983215332 30.950000762939453 AB 4.415681049880331 1.1682983706000216
62309.0971 lsst_hardware_r -70.22009868972336 112.8499984741211 32.380001068115234 AB 3.004750927990654 1.1617427952407724
62309.1195 lsst_hardware_z -92.09306183689677 91.06999969482422 31.719999313354492 AB 3.0265808439511517 1.1741552478796657
62311.092 lsst_hardware_z 12.866063197574318 81.68000030517578 30.979999542236328 AB 4.361238794583253 1.1617578035650966
62311.113 lsst_hardware_i 30.799626532952935 101.95999908447266 31.309999465942383 AB 4.44176632271531 1.1730533005982917
62313.1014 lsst_hardware_z -87.60506576079348 75.7300033569336 30.979999542236328 AB 5.760163377770163 1.16760068468308
62313.1256 lsst_hardware_r -104.16441021709095 112.87000274658203 31.6200008392334 AB 7.288754097234858 1.1999430542428873
62320.1094 lsst_hardware_g 10.098606946384038 14.319999694824219 31.3700008392334 AB 7.81251252448938 1.2058827728683315
62320.1412 lsst_hardware_r 26.667683900541782 24.1299991607666 31.440000534057617 AB 8.036940821467338 1.3044511301648505
62324.0891 lsst_hardware_i -32.018156471006584 31.920000076293945 31.229999542236328 AB 3.0728095557536506 1.1884012720460644
62324.11 lsst_hardware_z 70.76904833707233 43.84000015258789 30.920000076293945 AB 3.2070203241254185 1.234102228370479
62326.0727 lsst_hardware_r 24.571185496897577 23.850000381469727 31.489999771118164 AB 3.3724773449268386 1.173750054790512
62326.0917 lsst_hardware_u 5.104394736648382 2.7799999713897705 28.43000030517578 AB 3.788700230605195 1.2031439284233314
62333.007 lsst_hardware_r -11.89182720029117 24.860000610351562 31.489999771118164 AB 5.144126781340453 1.1750841653865345
62333.0284 lsst_hardware_u 8.983881566086536 2.950000047683716 28.420000076293945 AB 5.086050833531085 1.161884102160225
62335.0101 lsst_hardware_g -6.333095566861613 29.020000457763672 31.59000015258789 AB 2.5896414679813806 1.1672061904964155
62335.0289 lsst_hardware_r 2.4650790505070574 34.560001373291016 31.549999237060547 AB 2.5885875954544804 1.162017475140422
62343.9728 lsst_hardware_y -86.06404991664891 50.470001220703125 30.0 AB 5.201966988912734 1.18020880032808
62343.9951 lsst_hardware_i -141.99570999775895 49.810001373291016 31.290000915527344 AB 5.088700091606813 1.1625114434069783
62345.971 lsst_hardware_y 44.54056056106225 51.150001525878906 30.010000228881836 AB 5.213465841048285 1.1756603542785622
62345.9924 lsst_hardware_r 17.20528289846624 24.170000076293945 31.489999771118164 AB 5.147734906261593 1.1619513359881706
62348.9704 lsst_hardware_y -52.727144423588165 74.86000061035156 30.760000228881836 AB 5.358862812083595 1.1683142644708249
62348.9903 lsst_hardware_g -2.6393356074269554 21.06999969482422 32.15999984741211 AB 5.253144524054621 1.1619644668053206
62349.973 lsst_hardware_y -14.119157243572634 50.959999084472656 30.010000228881836 AB 4.625714533926024 1.164800638067617
62349.9922 lsst_hardware_z 54.61212604684044 43.130001068115234 30.93000030517578 AB 4.632142580000915 1.1631243138734249
62352.9695 lsst_hardware_y 47.454550328204505 56.5 30.010000228881836 AB 1.3298694563981737 1.1628121157664009
62352.9862 lsst_hardware_u 2.3292168875827937 2.7200000286102295 28.329999923706055 AB 1.3577343067988417 1.1640216961910481
62354.9713 lsst_hardware_z -17.156543329602258 49.540000915527344 30.950000762939453 AB 3.671130755288357 1.1617502390153027
62354.9918 lsst_hardware_r -4.667071898693553 24.219999313354492 31.489999771118164 AB 3.6812462543607616 1.1719981707611467
