data/validation/pwv_sim_epoch_fit_4/7439323.ecsv
# %ECSV 0.9
# ---
# datatype:
# - {name: time, datatype: float64}
# - {name: band, datatype: string}
# - {name: flux, datatype: float64}
# - {name: fluxerr, datatype: float64}
# - {name: zp, datatype: float64}
# - {name: zpsys, datatype: string}
# - {name: pwv, datatype: float64}
# - {name: airmass, datatype: float64}
# meta: {SNID: '7439323', alt: 1024.0, c: -0.1037064865231514, dec: -27.615883, lat: -30.244573, lon: -70.7499537, ra: 335.214844, t0: 62423.1015625,
#   x0: 1.8043948930518717e-05, x1: 0.887907087802887, z: 0.3581809401512146}
# schema: astropy-2.0
time band flux fluxerr zp zpsys pwv airmass
[from data line 133]
62719.1755 lsst_hardware_i 20.49946392770152 32.91999816894531 31.25 AB 1.773235301639981 1.1036161827539948
62723.1689 lsst_hardware_y 214.74764852746935 72.9000015258789 30.790000915527344 AB 4.59484244153083 1.091930238006376
62725.1487 lsst_hardware_r -211.88747101695483 122.44000244140625 31.639999389648438 AB 3.54683532343852 1.1354717714561477
62725.167 lsst_hardware_i -53.97347465612546 95.58999633789062 31.329999923706055 AB 2.9488218954275305 1.0829312873402608
62731.16 lsst_hardware_z 0.6875057455940271 48.619998931884766 30.969999313354492 AB 2.867567256111765 1.061799773924376
62731.177 lsst_hardware_r 14.369055315285749 49.209999084472656 31.6299991607666 AB 3.2055213323666067 1.032263202780144
62735.1514 lsst_hardware_i -7.857768978288309 31.440000534057617 31.260000228881836 AB 2.142435284233108 1.0571226731413361
62735.1687 lsst_hardware_z -75.88752800243462 41.41999816894531 30.950000762939453 AB 2.550603150328143 1.0286418351180546
62736.067 lsst_hardware_u -3.0724940567884675 2.5799999237060547 28.200000762939453 AB 2.9767158399817872 1.3968633693016363
62736.086 lsst_hardware_g -14.301656566017856 15.149999618530273 31.389999389648438 AB 2.983583351836354 1.2763992949032532
62738.0695 lsst_hardware_i -46.404198643089394 33.79999923706055 31.209999084472656 AB 5.606865856426867 1.3421046492683795
62738.0894 lsst_hardware_r -28.246931793688635 24.639999389648438 31.469999313354492 AB 4.759210318775961 1.2310425035633628
62740.0548 lsst_hardware_z 33.248726435635604 46.18000030517578 30.920000076293945 AB 2.310561899229948 1.4063066946013074
62740.0726 lsst_hardware_u 2.85844794539132 2.740000009536743 28.360000610351562 AB 2.112504491796059 1.2902103980839124
62742.072 lsst_hardware_r -10.38099571369453 24.65999984741211 31.479999542236328 AB 7.0761896535933575 1.2636052952845283
62742.0913 lsst_hardware_i -28.947516743960257 32.33000183105469 31.239999771118164 AB 5.865003261122578 1.1752728463942355
62747.0614 lsst_hardware_i -26.54777930958924 33.68000030517578 31.219999313354492 AB 1.7012624725566725 1.247869784271398
62747.0793 lsst_hardware_u 1.5631508270604706 3.319999933242798 28.5 AB 1.6670674563899022 1.1688465951901155
62748.0789 lsst_hardware_r 21.079797737105476 28.469999313354492 31.520000457763672 AB 1.7277073546692618 1.1600541772622617
62748.0956 lsst_hardware_z -52.6086077273029 42.959999084472656 30.940000534057617 AB 1.0760742250309203 1.105650372495166
62751.0598 lsst_hardware_i 12.993485605561293 52.119998931884766 31.290000915527344 AB 2.55179165012417 1.2040539399768024
62751.077 lsst_hardware_r -115.90169218135574 58.060001373291016 31.6200008392334 AB 2.395548375904571 1.1378475503029943
62755.0612 lsst_hardware_r 4.000470772163327 140.3000030517578 31.639999389648438 AB 2.7276249335602563 1.1548761273983161
62755.0774 lsst_hardware_i 52.30161377424853 110.16000366210938 31.329999923706055 AB 2.6236747483488814 1.1030795662597779
62757.0638 lsst_hardware_z 127.3914708647902 72.38999938964844 30.979999542236328 AB 2.7836103130424745 1.1274241851123834
62757.0801 lsst_hardware_r 23.80469265035271 101.26000213623047 31.649999618530273 AB 2.6449570917362646 1.0817820416099242
62760.0833 lsst_hardware_z 14.79037572469788 41.630001068115234 30.959999084472656 AB 2.7580952203499174 1.0568089483427743
62760.1014 lsst_hardware_r 2.0577768289024965 25.700000762939453 31.549999237060547 AB 3.6985522400053563 1.02737562222371
62762.0654 lsst_hardware_r -5.808690946201386 23.549999237060547 31.5 AB 1.227123788346731 1.0843509175374135
62762.0819 lsst_hardware_u -0.3675969833500776 2.7699999809265137 28.479999542236328 AB 1.1666597873177251 1.0491544849979542
62764.0658 lsst_hardware_g 4.261089146876691 14.770000457763672 31.450000762939453 AB 5.985440642420874 1.0705811254889028
62764.0827 lsst_hardware_r -7.293568944257654 23.56999969482422 31.520000457763672 AB 5.799525772340141 1.0385660239976762
62764.9801 lsst_hardware_y -41.594354018954604 69.66000366210938 29.940000534057617 AB 5.006743019329102 1.4568602384080802
62764.998 lsst_hardware_g -10.64807485468332 15.4399995803833 31.389999389648438 AB 4.53042184900814 1.32798529943079
62766.9809 lsst_hardware_y -50.36830534752774 73.6500015258789 29.950000762939453 AB 1.6101074212720974 1.4076416330515202
62766.9985 lsst_hardware_i -8.66201318298627 33.040000915527344 31.219999313354492 AB 1.4539126118546728 1.2923667660932803
62770.9848 lsst_hardware_y -62.99594484066861 70.98999786376953 29.979999542236328 AB 2.8535458962169162 1.3085658344011577
62771.0041 lsst_hardware_i 7.121112351827074 32.279998779296875 31.219999313354492 AB 3.7573673025985057 1.2088693128634393
62771.9857 lsst_hardware_y -148.93638292778454 68.16999816894531 29.979999542236328 AB 5.518356377889006 1.2875306527972172
62772.005 lsst_hardware_g 8.291049890327265 14.84000015258789 31.399999618530273 AB 5.6085915002919196 1.1931480996224477
62773.988 lsst_hardware_y -106.49358682633098 62.18000030517578 30.0 AB 11.932537049699327 1.2462505078147552
62774.0073 lsst_hardware_i -4.262459520108305 32.029998779296875 31.239999771118164 AB 3.9567265832283742 1.162318702539547
62779.9908 lsst_hardware_y 154.6858035064449 66.94000244140625 30.020000457763672 AB 3.847754528942342 1.16275634216346
62780.0091 lsst_hardware_r 31.376268329572202 65.1500015258789 31.6299991607666 AB 3.758369385745562 1.1031855738209173
62782.9932 lsst_hardware_y -88.94530160116457 70.45999908447266 30.040000915527344 AB 5.149617458505252 1.126173813640112
62783.0135 lsst_hardware_z -114.46990744651288 73.13999938964844 30.989999771118164 AB 4.210004689990336 1.0715206642885393
62786.9967 lsst_hardware_y -43.72270150269669 54.20000076293945 30.040000915527344 AB 5.507325437711621 1.0854368040687519
62787.0148 lsst_hardware_r 54.80930032722998 46.81999969482422 31.6299991607666 AB 5.9442616585270445 1.0470779740226166
62788.9993 lsst_hardware_z 6.396930508246452 46.150001525878906 30.959999084472656 AB 7.2022210947351235 1.0667191609190394
62789.0185 lsst_hardware_g 10.283118675199704 14.680000305175781 31.440000534057617 AB 6.95788600803087 1.032454953584321
62790.9998 lsst_hardware_y 97.25480087944264 52.720001220703125 30.049999237060547 AB 6.944087420950811 1.0545845025237288
62791.0201 lsst_hardware_i 8.130625669564033 30.959999084472656 31.260000228881836 AB 7.225203478167195 1.0232066859187228
62793.0021 lsst_hardware_y -25.476736121865883 51.369998931884766 30.059999465942383 AB 4.241912654373616 1.0408324510792297
62793.0224 lsst_hardware_r 25.000639622267013 23.489999771118164 31.520000457763672 AB 4.140275173938129 1.0149806350818702
