data/validation/pwv_sim_epoch_fit_4/7551240.ecsv
# %ECSV 0.9
# ---
# datatype:
# - {name: time, datatype: float64}
# - {name: band, datatype: string}
# - {name: flux, datatype: float64}
# - {name: fluxerr, datatype: float64}
# - {name: zp, datatype: float64}
# - {name: zpsys, datatype: string}
# - {name: pwv, datatype: float64}
# - {name: airmass, datatype: float64}
# meta: {SNID: '7551240', alt: 1024.0, c: -0.12729784846305847, dec: -57.018551, lat: -30.244573, lon: -70.7499537, ra: 170.646072, t0: 61399.91796875,
#   x0: 8.240528529144259e-06, x1: 0.7289850115776062, z: 0.4982188045978546}
# schema: astropy-2.0
time band flux fluxerr zp zpsys pwv airmass
61416.3505 lsst_hardware_r 1678.2607579496212 46.742662012840555 31.479999542236328 AB 7.281212424002266 1.1236872447242974
61416.362 lsst_hardware_y 271.7216099067332 59.80471727536491 30.030000686645508 AB 7.2139859651590905 1.1215774199563262
61419.3483 lsst_hardware_g 320.69468079414025 22.536660638595855 31.389999389648438 AB 7.73366476795622 1.1222034053480692
61419.3615 lsst_hardware_y 247.19003736758987 55.54360765527551 30.030000686645508 AB 7.701631739506939 1.121896390712125
61421.3469 lsst_hardware_i 1219.60987453917 46.04605945278545 31.239999771118164 AB 4.95930522022917 1.121676391788865
61421.3599 lsst_hardware_z 913.4992386030431 53.71030757863221 30.950000762939453 AB 4.986121050186404 1.1225788480719858
61423.3501 lsst_hardware_r 1000.283627187109 38.969882019322085 31.479999542236328 AB 7.496131439606099 1.121839485125127
61423.3633 lsst_hardware_y 240.18019010388178 54.37766359058024 30.030000686645508 AB 7.536608441791893 1.1254688614744541
61425.3541 lsst_hardware_r 811.1061815453796 37.116116757097075 31.479999542236328 AB 10.873264510458338 1.124025896568812
61425.3661 lsst_hardware_y 325.2770510184557 56.089934721038205 30.020000457763672 AB 10.860883051258346 1.1298414138782706
61427.3314 lsst_hardware_i 1075.2653067430078 68.77200158496161 31.309999465942383 AB 10.473675734692707 1.1216187336359766
61427.3438 lsst_hardware_z 639.0146475173512 63.084914888189104 30.969999313354492 AB 10.011773435775464 1.1226478398492332
61429.3336 lsst_hardware_r 844.2027022836103 78.52519455105438 31.6299991607666 AB 7.87441418487341 1.1218312761154667
61429.3463 lsst_hardware_z 701.6245946838953 62.49174903576302 30.969999313354492 AB 8.000260748688172 1.1252124822346345
61431.329 lsst_hardware_y 222.4565827250579 52.94432723762782 30.030000686645508 AB 13.69611042941764 1.1219422837941955
61431.3427 lsst_hardware_r 719.5756263534962 65.4349136897242 31.6200008392334 AB 15.754738957804546 1.1260288599180126
61433.3433 lsst_hardware_z 1319.9619664400532 76.54443833427909 31.709999084472656 AB 13.329654551676045 1.1292569176905443
61435.3415 lsst_hardware_g 96.91596752418893 26.604052499653527 31.579999923706055 AB 12.888845885846772 1.1316345390902662
61435.3531 lsst_hardware_r 435.7477731262987 36.85565303302776 31.540000915527344 AB 13.03442822945233 1.141326854342938
61437.3403 lsst_hardware_i 556.6077070548595 39.31421927518209 31.239999771118164 AB 13.393421084622561 1.1348112874253025
61437.3528 lsst_hardware_z 670.9009144867492 49.13384137464935 30.940000534057617 AB 13.533955428691954 1.1467186230427842
61439.2859 lsst_hardware_i 571.7726455600764 38.29806185578407 31.25 AB 10.281373443980689 1.1243231936115357
61439.2969 lsst_hardware_z 656.6273999720684 48.48675662890355 30.950000762939453 AB 10.468388383881486 1.1217732944579388
61441.2828 lsst_hardware_r 316.872568884041 28.57028229618908 31.489999771118164 AB 6.354171310381879 1.123538380405248
61441.2948 lsst_hardware_u 3.692260537413257 2.968486901550414 28.43000030517578 AB 7.383617046786987 1.1215620830562512
61444.2818 lsst_hardware_g 57.376955874812815 14.960880112179963 31.3700008392334 AB 8.408467116047227 1.1219517133961208
61444.2944 lsst_hardware_r 247.73667177232304 27.599049926270666 31.469999313354492 AB 9.187644439133459 1.1220865216333
61449.2733 lsst_hardware_r 220.394699767698 26.593261116914043 31.469999313354492 AB 5.949048443976815 1.1215626043223481
61449.2847 lsst_hardware_g 59.36762493654746 14.831019224684946 31.3700008392334 AB 5.9556683967211566 1.1228988586973867
61451.2792 lsst_hardware_r 183.4521048631386 26.199412317643556 31.469999313354492 AB 3.652764719220837 1.1228910910608167
61451.2912 lsst_hardware_i 282.2489288722866 35.27371390066316 31.229999542236328 AB 3.702441492470675 1.1275899170003578
61453.2737 lsst_hardware_z 470.9026294272258 46.55799784260962 30.950000762939453 AB 4.945834168133196 1.1228835496660363
61453.2848 lsst_hardware_i 278.98738243029464 35.17573744824712 31.239999771118164 AB 4.95830512617518 1.1271009947736557
61455.2783 lsst_hardware_z 868.9053380042153 81.57754814102857 31.719999313354492 AB 2.821624248869691 1.1265842950070302
61457.253 lsst_hardware_y 237.59032434441852 55.84773393742912 30.030000686645508 AB 5.676099761794688 1.1215741337318665
61457.2643 lsst_hardware_r 222.53355965567437 92.68104995282953 31.639999389648438 AB 5.789642397729294 1.123293593738909
61459.2775 lsst_hardware_z 793.1188118790228 88.36457312529726 31.719999313354492 AB 12.118085247647473 1.1327430592304613
61461.2559 lsst_hardware_r 206.5761304472075 61.744426933504734 31.6200008392334 AB 9.941263267053191 1.1240898479603327
61461.2663 lsst_hardware_z 327.3930180873747 55.98584557881419 30.969999313354492 AB 9.956603788863568 1.1289519754550872
61465.2586 lsst_hardware_z 235.84157852547514 45.92832828061109 30.940000534057617 AB 4.408868361250963 1.1309865609570868
61465.2704 lsst_hardware_i 297.7549827511943 36.06159973917591 31.239999771118164 AB 4.429845203546585 1.1405858138986187
61469.2565 lsst_hardware_r 113.8476700060857 25.11066086146795 31.450000762939453 AB 11.75505506215944 1.137842906026468
61469.2673 lsst_hardware_i 221.74573703993832 33.820607574047955 31.219999313354492 AB 11.849407712336003 1.1488663673003687
61471.2479 lsst_hardware_z 280.6652595878503 44.89657482895171 30.940000534057617 AB 10.99183300816974 1.1351876697422978
61471.2602 lsst_hardware_u 5.1110401809469845 2.7025212378026557 28.329999923706055 AB 11.11571648168647 1.1470045297673745
61473.2528 lsst_hardware_g 34.445466130089244 13.850365819086232 31.350000381469727 AB 8.781022126154248 1.144890267108382
61473.2647 lsst_hardware_r 145.0341853158362 25.113133489380694 31.459999084472656 AB 9.133235677316984 1.1594078930265925
61475.1909 lsst_hardware_u 0.7025131126810288 2.569999933242798 28.34000015258789 AB 9.921253974882307 1.123298590379836
61475.2039 lsst_hardware_r -6.936551867271941 22.040000915527344 31.469999313354492 AB 9.889081459612568 1.1215925439052474
61478.1938 lsst_hardware_i 14.657271127023268 30.479999542236328 31.239999771118164 AB 12.480023585870512 1.12159823724908
61478.2053 lsst_hardware_z -76.88299127249587 41.880001068115234 30.940000534057617 AB 12.553437255179524 1.122872806205813
61480.187 lsst_hardware_r -2.9639391458837987 22.06999969482422 31.469999313354492 AB 8.876015688958603 1.1216532041649456
61480.1995 lsst_hardware_u 1.8205413192487334 2.5799999237060547 28.350000381469727 AB 8.885035613561696 1.1227930429943171
61486.2027 lsst_hardware_z -69.45806430199414 97.26000213623047 31.729999542236328 AB 5.372726018964878 1.1319938939088805
61488.2096 lsst_hardware_z 13.264230134125667 66.55999755859375 30.979999542236328 AB 6.772230941929245 1.1425747448633643
61488.2205 lsst_hardware_r 41.55616836902449 93.55999755859375 31.6299991607666 AB 6.829895800973079 1.1550969587574718
61491.1885 lsst_hardware_i 1.2970055575316006 47.060001373291016 31.290000915527344 AB 7.641425899918894 1.131616038096408
61491.2 lsst_hardware_z -16.471841948275618 50.27000045776367 30.959999084472656 AB 7.760024941120427 1.1411801384000628
61495.1514 lsst_hardware_u -1.0782452879004674 2.7300000190734863 28.469999313354492 AB 5.698274721191928 1.1217076222818756
61495.1638 lsst_hardware_g -4.157972136466844 13.279999732971191 31.389999389648438 AB 5.656760878517123 1.124381013420202
61498.1285 lsst_hardware_g 14.791810597007949 13.170000076293945 31.3700008392334 AB 7.038585845689258 1.1232084649627796
61498.1412 lsst_hardware_r -10.909359335455479 22.149999618530273 31.469999313354492 AB 7.000848068021418 1.1216162242995023
61500.1409 lsst_hardware_z -5.783175570669542 41.900001525878906 30.93000030517578 AB 7.905024010245998 1.1220492550797552
61500.1523 lsst_hardware_u -4.302207635512094 2.5 28.280000686645508 AB 7.922658237954446 1.125217758550545
61502.1301 lsst_hardware_r -10.232255579244784 22.149999618530273 31.459999084472656 AB 11.41056621283688 1.1216152895973341
61502.1432 lsst_hardware_g -13.460693219325846 13.180000305175781 31.3700008392334 AB 11.412577943455865 1.123875191385491
61512.1089 lsst_hardware_r 58.0463816201759 57.04999923706055 31.6200008392334 AB 15.997741034073407 1.1221759984619475
61512.1198 lsst_hardware_i -28.77545411638769 49.720001220703125 31.299999237060547 AB 16.0266884059843 1.1253379805255215
61514.1161 lsst_hardware_z -49.00486145637286 90.83999633789062 31.729999542236328 AB 10.352265615754142 1.1261132882114828
61517.1112 lsst_hardware_z 46.439433920112855 67.23999786376953 30.979999542236328 AB 10.322010913174687 1.1277599511808603
61517.1236 lsst_hardware_r 59.115295932319306 96.37000274658203 31.6299991607666 AB 10.251683550942573 1.1362983319599915
61519.1096 lsst_hardware_i 46.26923524541752 55.369998931884766 31.299999237060547 AB 10.262286725513055 1.1300211116570011
61519.1204 lsst_hardware_z -40.385817828044246 54.77000045776367 30.959999084472656 AB 10.354766456692708 1.1382616749140055
61521.0516 lsst_hardware_i -8.718963881259592 30.5 31.229999542236328 AB 12.3267449756555 1.129443373250458
61521.0633 lsst_hardware_z 37.222002960025264 41.77000045776367 30.940000534057617 AB 12.315123034912018 1.1239502632939689
61523.0499 lsst_hardware_r 22.362482408166713 22.149999618530273 31.469999313354492 AB 1.8294574891399673 1.1273230907712646
61523.0618 lsst_hardware_u -3.5410471646585595 2.5299999713897705 28.299999237060547 AB 1.832639468336822 1.1228261829899857
61525.0489 lsst_hardware_g 0.5822099148263655 13.0600004196167 31.360000610351562 AB 11.824830255422741 1.1252455359470983
61525.059 lsst_hardware_r -31.30435076842734 22.059999465942383 31.469999313354492 AB 11.865006824289264 1.1222783063481534
61527.0921 lsst_hardware_z 38.55003623638689 42.099998474121094 30.940000534057617 AB 10.121930453104717 1.1329990712863822
61527.1028 lsst_hardware_u 3.4973464673262082 2.640000104904175 28.389999389648438 AB 10.13452390980703 1.142293588669369
61529.0448 lsst_hardware_r 39.16341752037559 22.059999465942383 31.469999313354492 AB 12.334061169878337 1.1229797726748105
61529.0559 lsst_hardware_g -4.247391861300824 13.0600004196167 31.360000610351562 AB 12.324063312480513 1.1216269738021885
61531.0885 lsst_hardware_i 16.849332928245452 30.850000381469727 31.239999771118164 AB 4.054086378251357 1.1390549412085293
61531.1002 lsst_hardware_z -85.76843663864248 42.560001373291016 30.940000534057617 AB 4.0777975946453315 1.1515136165607143
61534.0821 lsst_hardware_i 87.66362205470554 30.90999984741211 31.229999542236328 AB 10.166943836750928 1.140740395517684
61534.0943 lsst_hardware_u 0.1135849177133363 2.5799999237060547 28.329999923706055 AB 9.89754835961196 1.1543676649885655
61536.0229 lsst_hardware_r -29.172418576714183 23.520000457763672 31.5 AB 8.219490512796485 1.1237767591837509
61536.0374 lsst_hardware_u 1.8214704818122363 2.9600000381469727 28.520000457763672 AB 8.236110755786202 1.1216402323036305
61540.0189 lsst_hardware_y -30.74395628561503 49.83000183105469 30.030000686645508 AB 6.590348713302649 1.1221434894096214
61540.0314 lsst_hardware_r 126.58955623997572 47.81999969482422 31.610000610351562 AB 6.589714287728738 1.122035465303728
61545.0229 lsst_hardware_r -96.98412946147498 100.30000305175781 31.639999389648438 AB 7.84212229754218 1.1230573498162895
61545.0352 lsst_hardware_i 42.584260449915924 78.79000091552734 31.31999969482422 AB 7.886108424605188 1.128023805266974
61546.012 lsst_hardware_z -23.20884580671448 65.76000213623047 30.979999542236328 AB 7.530539662552566 1.1217288474507299
61546.024 lsst_hardware_i -64.07736503708071 73.88999938964844 31.31999969482422 AB 7.5186939755087 1.1242206430266142
61550.0172 lsst_hardware_r 1.219494438323455 22.010000228881836 31.459999084472656 AB 5.299427426020222 1.1258609360570084
61550.0293 lsst_hardware_i 60.29991742570287 30.65999984741211 31.229999542236328 AB 5.3585859309311346 1.1330132003237414
61552.0159 lsst_hardware_z 44.04319562827534 41.81999969482422 30.940000534057617 AB 6.618381900542012 1.1279249968969087
61552.0284 lsst_hardware_u -3.249652118617763 2.5999999046325684 28.3700008392334 AB 6.669464235956701 1.1366306055909887
61553.9953 lsst_hardware_r -5.813507081627739 21.989999771118164 31.469999313354492 AB 9.96426097151234 1.122385849062264
61554.0077 lsst_hardware_g -9.898762437167495 13.020000457763672 31.3700008392334 AB 10.607133578862243 1.1265209571320198
61560.9957 lsst_hardware_u -1.2053096158194552 2.5299999713897705 28.31999969482422 AB 13.271075685443247 1.1305437033260923
61561.0092 lsst_hardware_g -0.26868585988706817 12.9399995803833 31.360000610351562 AB 11.530468435223904 1.141555187963534
61562.9873 lsst_hardware_r -23.83274463608888 22.09000015258789 31.479999542236328 AB 5.027391068484005 1.1287362075626413
61562.9988 lsst_hardware_i 45.044065859941526 30.610000610351562 31.239999771118164 AB 4.902773693622125 1.1370068862758391
61780.3594 lsst_hardware_z -49.2947942802419 49.63999938964844 30.959999084472656 AB 7.637997531845467 1.1223546529945332
61782.3441 lsst_hardware_i -10.734081553846622 61.54999923706055 31.31999969482422 AB 6.043200286602866 1.1253631818627337
61786.352 lsst_hardware_y 96.0511013935457 72.91999816894531 30.770000457763672 AB 5.0412147544719215 1.12159924825094
61788.3503 lsst_hardware_i -39.447469220865 40.02000045776367 31.270000457763672 AB 7.4868976486926835 1.1218426894463658
61788.363 lsst_hardware_z -42.08251763177502 51.43000030517578 30.959999084472656 AB 7.530653152901293 1.1251115904682008
61792.3491 lsst_hardware_r -0.3374959419365495 22.850000381469727 31.479999542236328 AB 10.02127403472217 1.1240072570443995
61792.3629 lsst_hardware_y 36.82985468434762 50.54999923706055 30.020000457763672 AB 10.102459748277477 1.130914558186217
61796.3342 lsst_hardware_r 28.11227433603742 22.15999984741211 31.459999084472656 AB 15.692130171919434 1.1228581773803128
61796.3466 lsst_hardware_u -1.0401608120182841 2.5 28.260000228881836 AB 15.779885073546943 1.1276850658211943
61800.337 lsst_hardware_z 4.594369535154838 41.959999084472656 30.93000030517578 AB 12.87900732254556 1.1284176976529403
61800.3486 lsst_hardware_u 3.134081290102086 2.490000009536743 28.270000457763672 AB 12.859599940090389 1.1366346207128837
61802.2881 lsst_hardware_z -14.776879912011196 42.0 30.940000534057617 AB 11.685848159426403 1.1259940895070366
61802.2997 lsst_hardware_r 29.779823549631747 22.1200008392334 31.469999313354492 AB 10.929027018119651 1.1223071491188799
61804.2838 lsst_hardware_u 1.7527307803992498 2.5799999237060547 28.360000610351562 AB 10.264415637125094 1.1254841707373975
61804.2965 lsst_hardware_r 13.864839773224155 21.989999771118164 31.459999084472656 AB 10.557072582564054 1.1219589332657476
61806.28 lsst_hardware_i -4.40879422861476 30.600000381469727 31.239999771118164 AB 6.188701367447718 1.1248094088418243
61806.2927 lsst_hardware_z -15.258593990378646 41.959999084472656 30.940000534057617 AB 7.33008498517175 1.1217800824116422
61809.28 lsst_hardware_r 51.70481373481809 49.47999954223633 31.610000610351562 AB 8.308193105723818 1.1224254398438014
61809.2921 lsst_hardware_z -3.1364761591717962 48.709999084472656 30.950000762939453 AB 9.168848605774125 1.1217775256345623
61811.282 lsst_hardware_y -51.455604067995026 53.459999084472656 30.020000457763672 AB 3.7753835355248087 1.1216231537506858
61811.295 lsst_hardware_r 87.92209475326025 82.9000015258789 31.6299991607666 AB 3.260664685898174 1.1233341820962932
61813.2688 lsst_hardware_i 1.4124446847699474 65.87000274658203 31.31999969482422 AB 6.143359139248223 1.122484768727986
61813.2807 lsst_hardware_z 94.683627612977 60.380001068115234 30.969999313354492 AB 6.123589335557548 1.1217419555884867
61815.2802 lsst_hardware_r 96.42859911455974 64.0 31.6200008392334 AB 3.861005703416062 1.1224125691269833
61815.291 lsst_hardware_z 3.8729364525698142 54.459999084472656 30.959999084472656 AB 3.8525357096064057 1.1258688937527555
61817.2722 lsst_hardware_r -52.92941337507794 44.029998779296875 31.600000381469727 AB 5.05760240908399 1.1220000907529373
