data/validation/pwv_sim_epoch_fit_4/7660531.ecsv
# %ECSV 0.9
# ---
# datatype:
# - {name: time, datatype: float64}
# - {name: band, datatype: string}
# - {name: flux, datatype: float64}
# - {name: fluxerr, datatype: float64}
# - {name: zp, datatype: float64}
# - {name: zpsys, datatype: string}
# - {name: pwv, datatype: float64}
# - {name: airmass, datatype: float64}
# meta: {SNID: '7660531', alt: 1024.0, c: 0.032074153423309326, dec: -46.768478, lat: -30.244573, lon: -70.7499537, ra: 4.480519, t0: 62724.8828125,
#   x0: 3.3639145863190386e-06, x1: 0.8828364610671997, z: 0.7214383482933044}
# schema: astropy-2.0
time band flux fluxerr zp zpsys pwv airmass
62678.4245 lsst_hardware_i 50.88430374853134 30.450000762939453 31.25 AB 6.130440118202909 1.0487751114626327
62678.4381 lsst_hardware_z -77.52569927530837 45.66999816894531 30.959999084472656 AB 6.102220314766364 1.043203746434135
62680.4271 lsst_hardware_r 47.26585080591386 22.030000686645508 31.479999542236328 AB 5.277758092082376 1.044893702649451
62680.4392 lsst_hardware_y -17.79614908554273 54.869998931884766 30.049999237060547 AB 5.210414181433521 1.04222179919322
62695.2034 lsst_hardware_z -34.64876732554906 65.21608175110553 30.889999389648438 AB 11.161814315821209 1.7965498194601157
62695.2209 lsst_hardware_r 21.871090175584378 78.18038379028886 31.520000457763672 AB 10.901908186825535 1.6198972045804167
62697.4213 lsst_hardware_r -40.26720649455562 86.28223310440848 31.649999618530273 AB 4.823186861333689 1.050803237763331
62697.4332 lsst_hardware_z 26.26056322047597 64.25289392567636 30.979999542236328 AB 4.86368117211923 1.0607039485575525
62707.4275 lsst_hardware_u -3.010716886620235 3.632372659459476 28.549999237060547 AB 6.747508600287201 1.0888346942532194
62707.4398 lsst_hardware_g 39.60356086620896 31.641133062682542 31.610000610351562 AB 6.821003721540771 1.1111841201499992
62709.4204 lsst_hardware_g 102.5958235069682 16.774750766030074 31.3700008392334 AB 3.3497074218832847 1.0862154532399995
62709.4321 lsst_hardware_r 571.2369402144386 33.66563212264452 31.479999542236328 AB 3.4169956573652223 1.1067491130228255
62711.1887 lsst_hardware_g 79.6364887340011 17.003456694914032 31.229999542236328 AB 6.345761866781701 1.525484642841869
62711.2072 lsst_hardware_r 648.395092898162 34.2229112555562 31.40999984741211 AB 5.8758241777404825 1.400895854185921
62722.391 lsst_hardware_z 777.6722454086058 49.81124210561113 30.940000534057617 AB 4.287512012073504 1.0963634534794164
62722.4018 lsst_hardware_g 145.82605349763818 18.257308347144974 31.3700008392334 AB 4.3313354953120635 1.1172834467700938
62725.2885 lsst_hardware_r 940.3429945896137 93.56463132160154 31.649999618530273 AB 3.0443221148763184 1.0540673258271054
62725.3004 lsst_hardware_i 1292.7090322305585 77.83930354512371 31.329999923706055 AB 2.6335992523741707 1.0465325858828844
62731.3824 lsst_hardware_r 900.9570460631321 58.167827266097184 31.610000610351562 AB 2.7338881319049992 1.1286952997612327
62731.3936 lsst_hardware_z 826.519281637056 56.71940192969583 30.950000762939453 AB 2.7817617349960337 1.156737848082071
62733.3715 lsst_hardware_r 721.1928821960544 43.86976557845979 31.56999969482422 AB 2.93361352665341 1.1167162263623418
62733.3827 lsst_hardware_i 1042.2573130321205 48.92438963226117 31.260000228881836 AB 1.8551870187805224 1.142532421111946
62735.3244 lsst_hardware_i 948.1879355219339 44.55519890357043 31.260000228881836 AB 1.915636408530824 1.0560288911415787
62735.3357 lsst_hardware_z 593.2576552313419 49.566778667624774 30.950000762939453 AB 2.060183509279303 1.0674525954815042
62738.3665 lsst_hardware_r 516.210514097891 32.368415718609846 31.469999313354492 AB 2.211445219044289 1.1362595858930193
62738.3772 lsst_hardware_i 868.924007678476 42.88344453306022 31.229999542236328 AB 2.4623849770224187 1.1642482160862497
62740.3799 lsst_hardware_z 537.6871852882105 49.65504571128711 30.940000534057617 AB 3.886650570285474 1.1886690328879805
62740.3905 lsst_hardware_u 1.374586469009019 2.6433874682689753 28.34000015258789 AB 4.019355059683969 1.2247596738581457
62742.3617 lsst_hardware_g 14.23745876889738 14.962380068641806 31.3700008392334 AB 8.121625960303463 1.151731405384561
62742.3733 lsst_hardware_r 459.59819035240434 31.020161735910783 31.469999313354492 AB 8.30570052592154 1.1850896091776122
62747.3647 lsst_hardware_z 509.5645412624349 48.54935169900601 30.93000030517578 AB 1.20439223840664 1.201388766490414
62747.3766 lsst_hardware_i 543.6753968209424 39.83585329261961 31.219999313354492 AB 1.4755270228921433 1.2444703594817066
62751.2997 lsst_hardware_y 261.0771834825894 50.31013757030734 30.030000686645508 AB 1.9493425908787643 1.0772824486759318
62751.3127 lsst_hardware_g 43.004754541637006 24.653658400114512 31.579999923706055 AB 2.003428360060559 1.0979193643296665
62753.2946 lsst_hardware_r 250.33532551726202 71.60369722695647 31.639999389648438 AB 3.934278306808208 1.0777860396698589
62753.3062 lsst_hardware_i 547.1305644539547 62.301804902654304 31.309999465942383 AB 4.035389597156863 1.0960768484808139
62755.2969 lsst_hardware_z 451.08281169365256 72.31109735300339 30.979999542236328 AB 2.552489960232246 1.0895660046523532
62755.3075 lsst_hardware_r 182.2889953415226 102.43885602938698 31.639999389648438 AB 2.561801596954543 1.108685053500235
62762.3274 lsst_hardware_r 107.08621943715875 40.20651430334529 31.559999465942383 AB 2.3755972939579775 1.2138974419818496
62762.3387 lsst_hardware_i 260.40879547778627 42.56650529887346 31.25 AB 1.8597619245836243 1.2566666532463502
62764.2774 lsst_hardware_r 65.14373059629281 28.210451350537127 31.520000457763672 AB 7.578057924310926 1.0982692643928877
62764.2895 lsst_hardware_i 264.2845325050273 36.12032020961611 31.239999771118164 AB 7.744554421545925 1.1223991915283948
62765.2849 lsst_hardware_z 265.0204034496261 45.069668264918874 30.940000534057617 AB 4.303312752179339 1.1183487390612252
62765.296 lsst_hardware_r 59.262351699843194 26.407509259903577 31.5 AB 3.5825489021919075 1.1442187487041258
62767.2798 lsst_hardware_u -2.2772581085883994 2.613358923090904 28.360000610351562 AB 1.950627884170218 1.1191209891969123
62767.2918 lsst_hardware_r 106.66855123553414 24.491959967330352 31.469999313354492 AB 2.325005005595348 1.14744232231726
62774.2483 lsst_hardware_r 39.94106124359124 23.689382251978465 31.469999313354492 AB 4.228994085375091 1.0950978404542167
62774.2602 lsst_hardware_u -1.0602871368824018 2.569485984054615 28.299999237060547 AB 2.671280912495551 1.118080605159844
62776.0329 lsst_hardware_z 341.71396591313027 82.25909969276869 32.11000061035156 AB 6.890030752959965 1.3824761568324464
62776.04 lsst_hardware_u -7.089652870969811 5.333600078267559 29.520000457763672 AB 6.71748669476077 1.3437660921706158
62783.1659 lsst_hardware_z 186.98816035294539 87.30123359326173 31.729999542236328 AB 3.6723465704841285 1.0425151722412727
62787.2392 lsst_hardware_y 154.50592498364838 76.35569568665566 30.770000457763672 AB 6.714706726918369 1.152706370676402
62791.2322 lsst_hardware_i 48.205894049023705 41.12224354147868 31.270000457763672 AB 6.059736143798518 1.1634321097818716
62791.2428 lsst_hardware_z 163.29325994448857 47.8581698972092 30.950000762939453 AB 6.312329687469539 1.195573594861412
62794.026 lsst_hardware_i 251.41168915074147 46.26581927881806 31.989999771118164 AB 3.5768194668854747 1.1969946344643931
62794.0341 lsst_hardware_u -5.5772450344123286 3.7943021496674083 29.139999389648438 AB 3.50757111783951 1.1718596083878312
62796.1809 lsst_hardware_r 44.226998209054884 23.048212038918333 31.479999542236328 AB 2.998831768234149 1.0831973155986352
62796.1912 lsst_hardware_z 74.48093311764931 43.086590231732515 30.940000534057617 AB 3.0629822082596374 1.100406757054184
62799.2148 lsst_hardware_u -0.7744215049978607 2.600347026349349 28.329999923706055 AB 5.272325913167352 1.1763333139598033
62799.2259 lsst_hardware_g -2.2868888005858325 13.287856708154584 31.34000015258789 AB 5.438532833074837 1.2122444831879051
62801.1634 lsst_hardware_u -2.0490138550145844 2.754830214553569 28.5 AB 3.8623093953406746 1.077603179355687
62801.1747 lsst_hardware_g 18.4980863301866 13.3474884662366 31.399999618530273 AB 2.7209553219797264 1.0953191500759316
62803.1666 lsst_hardware_r 52.8270187098559 23.08031588267483 31.5 AB 3.145595412367558 1.0908318387589124
62803.1769 lsst_hardware_i 83.82148807660415 31.847052657935052 31.25 AB 2.2569464893620723 1.1096098767758469
62807.2007 lsst_hardware_r 65.25986886631752 26.631378693069788 31.5 AB 4.250872740837517 1.200811508711163
62807.2123 lsst_hardware_z 69.01545157123145 44.64179580941907 30.93000030517578 AB 5.355072568368879 1.242620389457645
62813.0723 lsst_hardware_z -30.87568402330644 82.69999694824219 31.729999542236328 AB 7.880537985223921 1.0426750443535222
62817.0708 lsst_hardware_g -71.41580775395295 55.77000045776367 31.719999313354492 AB 4.7688794111044865 1.0422830877561942
62817.0822 lsst_hardware_r -50.32599099185834 60.34000015258789 31.639999389648438 AB 4.791508019203553 1.0448500132735352
62819.0744 lsst_hardware_i -0.7725057702672884 29.940000534057617 31.25 AB 4.052310836349214 1.0440512288773312
62819.0864 lsst_hardware_z 14.20589196193462 40.84000015258789 30.950000762939453 AB 3.1972625659550773 1.0496594110161122
62822.1512 lsst_hardware_u -2.608894655977096 2.5199999809265137 28.260000228881836 AB 3.240443304168634 1.1739673233107992
62822.1645 lsst_hardware_g 15.673381170119018 13.350000381469727 31.329999923706055 AB 3.3728269114719684 1.2171876259371952
62825.0558 lsst_hardware_u 2.3777606707896184 2.609999895095825 28.399999618530273 AB 6.9623450254376875 1.043425713494813
62825.0676 lsst_hardware_g 18.769270284819203 13.25 31.399999618530273 AB 6.888614445284844 1.0482294362594233
62827.0259 lsst_hardware_z 16.43271954499823 65.81999969482422 31.709999084472656 AB 4.941686184384136 1.0448644009692645
62829.0557 lsst_hardware_g 5.9551851400779965 13.460000038146973 31.399999618530273 AB 7.914987729866674 1.0476951636780807
62829.0677 lsst_hardware_r -5.389048897161469 22.309999465942383 31.489999771118164 AB 7.956417732554219 1.0560214660735896
62831.0521 lsst_hardware_i 20.036370299378042 30.229999542236328 31.25 AB 4.563054924471345 1.048737054578567
62831.0636 lsst_hardware_z -89.19361315281043 41.2599983215332 30.950000762939453 AB 4.642914931617575 1.0572102311083662
62833.0995 lsst_hardware_i -19.36534771143217 30.790000915527344 31.229999542236328 AB 4.3534846219818135 1.1189559515034457
62833.1116 lsst_hardware_u -2.1959238056108 2.5799999237060547 28.31999969482422 AB 4.396442952427627 1.147496855514432
62835.0989 lsst_hardware_g 32.88440619956548 17.6200008392334 31.5 AB 5.710706179093879 1.1297888774255893
62835.1111 lsst_hardware_r -15.905307101451807 25.010000228881836 31.5 AB 5.810275528651884 1.1607782496557555
63046.4238 lsst_hardware_u -0.31445567276252606 2.759999990463257 28.450000762939453 AB 2.1102381058076425 1.045362337751474
63046.4377 lsst_hardware_y 30.121762743475973 51.220001220703125 30.049999237060547 AB 2.101520375862122 1.0421623485554783
63048.44 lsst_hardware_r -35.593500942296934 26.59000015258789 31.530000686645508 AB 9.699704786816918 1.0425306090731854
63051.4456 lsst_hardware_z 41.407237028300614 70.41000366210938 30.989999771118164 AB 5.995931463944393 1.047004228217441
63061.428 lsst_hardware_r -1.113618012280574 23.360000610351562 31.5 AB 7.247321075266417 1.0531218186167892
63061.4405 lsst_hardware_i 93.88303984878875 38.5099983215332 31.280000686645508 AB 7.327272951050696 1.0647397756457826
63063.3809 lsst_hardware_z -84.88926344498847 40.849998474121094 30.950000762939453 AB 3.4712244963224825 1.0440819619979393
63063.3925 lsst_hardware_i -21.32940252381799 29.90999984741211 31.25 AB 3.6446254856689833 1.0421155601417222
63071.3023 lsst_hardware_r 19.51317863892244 31.399999618530273 32.22999954223633 AB 5.726157127215297 1.1060763235880426
63071.3272 lsst_hardware_g 7.871864587538547 18.739999771118164 32.150001525878906 AB 5.642473166162508 1.0676391988953349
63080.409 lsst_hardware_z 42.025689251581035 83.5199966430664 31.729999542236328 AB 2.0372008770286185 1.0932121690521162
63082.4008 lsst_hardware_z 7.652330732500632 64.80000305175781 30.979999542236328 AB 2.2627766494208443 1.0886584793941998
63082.4134 lsst_hardware_r 137.34939595585013 90.0199966430664 31.639999389648438 AB 2.1903647929189423 1.1115781745341957
63084.3951 lsst_hardware_i 35.948751426699936 55.97999954223633 31.309999465942383 AB 3.134945964343206 1.0882709897048852
63084.4072 lsst_hardware_z 23.57724683182783 55.16999816894531 30.969999313354492 AB 3.216114888813628 1.1100897044745883
63086.4005 lsst_hardware_i -55.36099392896271 42.0099983215332 31.290000915527344 AB 1.5506909182262314 1.1076363701615939
63086.413 lsst_hardware_z 22.714341274462914 47.63999938964844 30.950000762939453 AB 1.5886938801352861 1.1347813429537759
63096.3731 lsst_hardware_g -22.90143812559833 13.539999961853027 31.40999984741211 AB 4.361941431427027 1.1074430800195563
63096.3843 lsst_hardware_r 7.494814743383304 22.530000686645508 31.479999542236328 AB 2.7496630393410206 1.1314709715414666
63101.3327 lsst_hardware_r 47.90755801564944 22.489999771118164 31.489999771118164 AB 2.1410691287519104 1.066313739158453
63101.343 lsst_hardware_i 12.628045121608306 30.709999084472656 31.239999771118164 AB 2.1668368708913306 1.07959487028009
63107.3601 lsst_hardware_i 3.810852988490628 31.1200008392334 31.229999542236328 AB 8.063006166500314 1.1457473711396808
63107.3717 lsst_hardware_z -105.87146780727359 43.08000183105469 30.940000534057617 AB 8.304758686203156 1.178035654575132
63111.0413 lsst_hardware_i 184.5251377516186 93.66999816894531 31.1299991607666 AB 3.483494875253438 2.121495051920486
63111.0508 lsst_hardware_r -72.89201420728062 114.44000244140625 31.420000076293945 AB 2.6534922373899947 1.9757946667088568
63114.308 lsst_hardware_z 14.505890522134388 49.939998626708984 30.959999084472656 AB 2.004064441685924 1.0803096581569152
63114.3201 lsst_hardware_r 44.60991508067492 55.13999938964844 31.6200008392334 AB 1.9413961105548796 1.1001489104013296
63117.3012 lsst_hardware_z 15.535800315535285 43.40999984741211 30.950000762939453 AB 3.0306142561182106 1.0823622343279324
63117.3129 lsst_hardware_r 27.33877947498483 31.770000457763672 31.559999465942383 AB 3.0855373709518785 1.1019776324828139
63122.3007 lsst_hardware_r 5.455686461161494 22.309999465942383 31.469999313354492 AB 3.026915774709561 1.1047137863903507
63122.3133 lsst_hardware_u -1.01955511433165 2.569999933242798 28.329999923706055 AB 3.0670495828964595 1.1314394846062747
63124.2119 lsst_hardware_u -4.2117639428380365 2.640000104904175 28.420000076293945 AB 0.7001179672474253 1.0449521899239511
63124.2234 lsst_hardware_g -5.028790073212188 13.520000457763672 31.40999984741211 AB 0.9732102964438603 1.042260022965312
63126.2932 lsst_hardware_i 7.391363733708491 30.81999969482422 31.239999771118164 AB 1.2377701450270788 1.1114368258249734
63126.3044 lsst_hardware_z 57.255681447002935 42.400001525878906 30.940000534057617 AB 1.2555504573491423 1.1362447577820292
63133.3174 lsst_hardware_z -38.81748568143823 43.720001220703125 30.93000030517578 AB 5.468615962476116 1.234613127193449
63133.3289 lsst_hardware_i -14.6724766034334 32.20000076293945 31.209999084472656 AB 5.518953852333906 1.2815900268600127
63137.3063 lsst_hardware_r -24.218104738986533 72.7300033569336 31.600000381469727 AB 4.666754159720726 1.2339381702064995
63137.3177 lsst_hardware_z -43.31123014652948 59.4900016784668 30.950000762939453 AB 4.843412587313584 1.2803663710571043
63147.2466 lsst_hardware_g 25.521761925045183 20.65999984741211 31.520000457763672 AB 3.5964943168645283 1.135137606585703
63147.2576 lsst_hardware_i 11.68047536532434 34.13999938964844 31.239999771118164 AB 4.3323713840912905 1.1637817113427038
63151.2775 lsst_hardware_g 2.6787133793642703 13.289999961853027 31.31999969482422 AB 6.871663935887415 1.2718237897255267
63151.2881 lsst_hardware_r -0.9830065597145144 23.049999237060547 31.43000030517578 AB 7.228073452401322 1.3203769379186776
63153.2375 lsst_hardware_r -16.119688265409742 22.40999984741211 31.459999084472656 AB 7.267570700390289 1.1535826508556015
63153.2489 lsst_hardware_i 8.549836788836819 31.299999237060547 31.229999542236328 AB 7.475866939909653 1.1866455460174052
63155.1828 lsst_hardware_r -1.818181252199154 22.100000381469727 31.489999771118164 AB 8.055807472154731 1.06360164228737
63155.1945 lsst_hardware_i 9.02006103451676 30.360000610351562 31.25 AB 8.169437530715339 1.078094074347689
63159.2234 lsst_hardware_g 7.802643775118056 13.34000015258789 31.3700008392334 AB 1.301567646685854 1.1597840469466285
63159.2345 lsst_hardware_i 7.295614206595832 31.389999389648438 31.229999542236328 AB 1.3400862718846704 1.1929551381763743
63163.1765 lsst_hardware_r -47.43301436180271 38.66999816894531 31.59000015258789 AB 2.470995596619892 1.0837303884893168
63163.1877 lsst_hardware_y 13.302779998752497 48.959999084472656 30.030000686645508 AB 2.6385627938963085 1.1027323347185423
63166.2149 lsst_hardware_z 135.8423042681141 59.349998474121094 30.959999084472656 AB 3.689446939536338 1.1913932153181037
63166.2256 lsst_hardware_r 80.54103592030894 74.4000015258789 31.600000381469727 AB 3.958420549275258 1.2282741600419698
63168.1644 lsst_hardware_z -79.43497755882225 63.380001068115234 30.979999542236328 AB 3.13747872865708 1.086133877910367
63168.175 lsst_hardware_r 41.680795936086774 90.41999816894531 31.639999389648438 AB 2.2090681974313564 1.1045340987156782
63170.171 lsst_hardware_z 88.4096596599148 84.12000274658203 31.719999313354492 AB 3.730673650204401 1.107353413536276
63183.069 lsst_hardware_z 7.784470765146087 40.79999923706055 30.940000534057617 AB 4.532073646633851 1.0422753168823897
63183.0801 lsst_hardware_u 3.055259746637638 2.5899999141693115 28.3799991607666 AB 4.5396542906085156 1.0447996065842382
63186.1514 lsst_hardware_r -0.819811057197395 22.350000381469727 31.459999084472656 AB 6.910038456688933 1.1646132230374606
63186.1625 lsst_hardware_i -9.981938574512435 31.139999389648438 31.229999542236328 AB 6.9518272863332085 1.19859091143676
63187.0549 lsst_hardware_r 10.406213256003936 21.989999771118164 31.479999542236328 AB 3.9697554634789043 1.0421357126675603
63187.0677 lsst_hardware_i -17.774120356199195 29.940000534057617 31.239999771118164 AB 3.9920279190381707 1.0442817131748463
63191.0204 lsst_hardware_y 130.69157068501224 86.5199966430664 30.809999465942383 AB 4.775431704813946 1.049199539671377
63191.0278 lsst_hardware_z -106.77949237850896 62.88999938964844 31.709999084472656 AB 4.7287623416503966 1.0454346634942566
63193.0505 lsst_hardware_r -64.23538569636379 48.06999969482422 31.6299991607666 AB 7.106387889200578 1.0440206984538098
63193.064 lsst_hardware_i 54.369317503279696 44.4900016784668 31.299999237060547 AB 7.161778954421752 1.0505891893091908
63195.0602 lsst_hardware_z 22.792609819983554 74.29000091552734 31.719999313354492 AB 5.4502343409742755 1.051728879356992
63197.0526 lsst_hardware_z -21.0144906043307 56.619998931884766 30.979999542236328 AB 3.806202509108552 1.0502766305488374
63197.0639 lsst_hardware_r -50.07865169662614 76.44999694824219 31.649999618530273 AB 3.806567973940502 1.059341736718258
