data/validation/pwv_sim_epoch_fit_4/7809458.ecsv
# %ECSV 0.9
# ---
# datatype:
# - {name: time, datatype: float64}
# - {name: band, datatype: string}
# - {name: flux, datatype: float64}
# - {name: fluxerr, datatype: float64}
# - {name: zp, datatype: float64}
# - {name: zpsys, datatype: string}
# - {name: pwv, datatype: float64}
# - {name: airmass, datatype: float64}
# meta: {SNID: '7809458', alt: 1024.0, c: -0.051554303616285324, dec: -40.817047, lat: -30.244573, lon: -70.7499537, ra: 192.304688, t0: 61413.1015625,
#   x0: 1.1704779309407398e-05, x1: 0.7708884477615356, z: 0.43056318163871765}
# schema: astropy-2.0
time band flux fluxerr zp zpsys pwv airmass
61433.3703 lsst_hardware_z 2638.7837689189464 92.11168968270074 31.729999542236328 AB 12.044970943570386 1.0185232386696212
61435.3692 lsst_hardware_r 1758.6348737651572 54.190745437565646 31.600000381469727 AB 11.63200230589292 1.0178956294808943
61435.3814 lsst_hardware_y 277.93714839462206 76.956523456371 30.079999923706055 AB 10.692828093842197 1.018849746912072
61437.3689 lsst_hardware_z 1206.4973447956725 53.13221738267405 30.950000762939453 AB 12.018325677911621 1.0178121339694801
61437.3799 lsst_hardware_y 549.229650654303 63.669385743589245 30.06999969482422 AB 11.779965205346752 1.02002079925072
61439.3608 lsst_hardware_u 6.054256719225359 3.2360943625568295 28.6200008392334 AB 10.805626316027102 1.0177664421236792
61439.3734 lsst_hardware_y 408.69921380937535 53.30409047728053 30.059999465942383 AB 10.89928391380567 1.0196729267289428
61441.3621 lsst_hardware_r 1006.7621823149728 39.7567083068403 31.510000228881836 AB 7.062051481708831 1.0182591502614116
61441.3725 lsst_hardware_y 486.0263830777542 51.23299685579486 30.059999465942383 AB 7.146528831817226 1.0214190802978407
61444.3502 lsst_hardware_i 1279.134046023665 45.629709489206235 31.25 AB 8.35568644451331 1.0178379808768712
61444.3626 lsst_hardware_r 865.7096705591398 36.78829976989139 31.489999771118164 AB 8.269704680939265 1.0206991706910966
61446.3499 lsst_hardware_u 3.442424278010877 3.53744173011335 28.5 AB 3.474616046582928 1.0185258460315845
61446.362 lsst_hardware_g 138.02023697448303 18.46583063582443 31.43000030517578 AB 3.5012409156997175 1.0229570264023289
61449.349 lsst_hardware_i 1030.424713502855 44.037311805993454 31.260000228881836 AB 5.680138654360015 1.0207203547922996
61449.3595 lsst_hardware_z 867.9291260129586 50.27588382623945 30.950000762939453 AB 5.700080534514223 1.0264250662390606
61451.3533 lsst_hardware_r 576.6380517541609 32.68564810768691 31.489999771118164 AB 4.192182055371573 1.0259240270104897
61451.3643 lsst_hardware_u -5.647899576729612 2.855496048581401 28.5 AB 4.195506947113269 1.0349693363214971
61453.3489 lsst_hardware_g 130.07212268143044 17.375403800349325 31.40999984741211 AB 4.059366385675414 1.0266480489821481
61453.3598 lsst_hardware_i 832.4234748625986 42.53070588961779 31.25 AB 4.162857694310137 1.0359232784148655
61455.3382 lsst_hardware_r 588.9963926421971 55.04221605750867 31.639999389648438 AB 3.2065806291414214 1.0233767965344962
61455.3505 lsst_hardware_z 703.6691169127911 55.80208709818845 30.969999313354492 AB 3.268427226644484 1.0322707387744547
61457.3385 lsst_hardware_r 447.41657512173657 95.97400629218764 31.65999984741211 AB 5.895926773309396 1.0270158409016223
61457.3503 lsst_hardware_y 346.3197968316061 57.31102232561729 30.059999465942383 AB 5.880670104563923 1.037383921422546
61459.3313 lsst_hardware_z 764.7904279013893 70.89520733841721 30.989999771118164 AB 11.33121209585783 1.0258203961486358
61459.3411 lsst_hardware_r 454.0054593886887 94.03200887467453 31.65999984741211 AB 10.132871337060692 1.0336676134852874
61461.2938 lsst_hardware_r 461.05608195863215 78.37461002086685 31.65999984741211 AB 9.16687961951153 1.0185421799457255
61461.3049 lsst_hardware_i 679.4838319906135 68.70910234526302 31.329999923706055 AB 9.161369827690582 1.017929980854509
61463.3338 lsst_hardware_r 247.83663821859946 49.618561522072845 31.6200008392334 AB 5.3937541362140085 1.0372604108103862
61463.3456 lsst_hardware_z 607.721176945105 53.10707706589133 30.959999084472656 AB 5.468615585768594 1.0516568434170372
61465.2965 lsst_hardware_z 552.0374820783513 47.53793286181001 30.950000762939453 AB 4.212002283733861 1.018252697626946
61465.3079 lsst_hardware_g 76.56690139483278 25.11613688724194 31.610000610351562 AB 4.222612503085397 1.0218470201868348
61467.327 lsst_hardware_z 512.6560564085345 46.51191401483197 30.950000762939453 AB 6.281104360378005 1.0418152861797985
61467.3388 lsst_hardware_r 337.55615839173174 29.02957853476958 31.5 AB 6.302406444716566 1.0576873648551146
61469.2832 lsst_hardware_i 494.3391542739152 36.975118227227206 31.239999771118164 AB 10.526916031793554 1.0179457225174273
61469.2958 lsst_hardware_r 332.52458018748723 27.90359260296163 31.489999771118164 AB 9.916778502022796 1.0213129475640979
61473.2741 lsst_hardware_r 304.62154735588655 27.676634222581974 31.489999771118164 AB 7.971752840713607 1.0181688282411192
61473.2854 lsst_hardware_i 402.61342474344224 36.49804367648593 31.25 AB 7.9123813390787445 1.0215455863506222
61475.275 lsst_hardware_z 380.6688647645945 44.921044940946935 30.950000762939453 AB 9.074842464596806 1.019645220741214
61475.2863 lsst_hardware_r 267.7677901536156 27.715601520232592 31.5 AB 9.074443298589957 1.0249747701720733
61478.2747 lsst_hardware_u 1.0577516571280068 2.903232904246192 28.450000762939453 AB 11.14745407028089 1.0229994099460904
61478.287 lsst_hardware_g 14.865514987291162 15.657462752336189 31.420000076293945 AB 11.221604752414821 1.031650351104574
61480.271 lsst_hardware_r 250.20483053015062 27.35378797236243 31.5 AB 7.691628098087325 1.023980309936404
61480.2828 lsst_hardware_z 372.4298252611752 44.8064867289986 30.950000762939453 AB 7.772600078156419 1.032777855830154
61482.2873 lsst_hardware_y 144.74202703089776 48.07573346446448 30.049999237060547 AB 6.588808149371305 1.0433033066670663
61482.2993 lsst_hardware_g 39.49724727492714 15.449811521313759 31.43000030517578 AB 6.496048023929176 1.059944744467939
61486.2315 lsst_hardware_z -59.74285681123447 106.87000274658203 31.75 AB 5.889298432397851 1.0178091911683476
61488.2378 lsst_hardware_r 65.74983663177584 114.91000366210938 31.670000076293945 AB 6.066462667988057 1.0191453453150963
61488.2515 lsst_hardware_i 27.527836887051926 90.72000122070312 31.350000381469727 AB 6.272402233005718 1.0254189446762163
61491.2289 lsst_hardware_r 140.53039649833664 60.279998779296875 31.649999618530273 AB 6.419448663098216 1.0189601052536852
61491.2412 lsst_hardware_z 115.93996112230555 52.439998626708984 30.979999542236328 AB 6.451949495205886 1.0241189674929978
61493.2098 lsst_hardware_z -46.976449059120725 44.0 30.969999313354492 AB 6.862610520446867 1.0180152575637278
61493.2203 lsst_hardware_g 8.147409364601586 33.470001220703125 31.690000534057617 AB 6.905519001478217 1.0183003553551815
61495.2187 lsst_hardware_r 35.92561296091622 24.260000228881836 31.530000686645508 AB 3.9165098266759895 1.0191503398050932
61495.23 lsst_hardware_z -18.549637802531063 41.45000076293945 30.959999084472656 AB 3.7910311117627113 1.0239572643637966
61498.2041 lsst_hardware_r -21.48589184536346 22.579999923706055 31.5 AB 6.377861958495295 1.0179605168911072
61498.2152 lsst_hardware_u -0.15123108346719785 2.6600000858306885 28.43000030517578 AB 7.320893061257369 1.0207247462452214
61502.2053 lsst_hardware_i 20.238350257751115 30.299999237060547 31.25 AB 10.273507052466643 1.0211472357892681
61502.2178 lsst_hardware_z 2.800787485621874 41.0 30.950000762939453 AB 8.812351298137184 1.0286291092616722
61504.2019 lsst_hardware_r -42.57020663967487 22.700000762939453 31.5 AB 8.159304630563144 1.0220850094655072
61504.2138 lsst_hardware_u -3.5899948434014717 2.7100000381469727 28.459999084472656 AB 7.638276147374612 1.0297873648267049
61510.1889 lsst_hardware_z 23.35352392958087 43.45000076293945 30.959999084472656 AB 10.136381049700644 1.0238768737071358
61510.201 lsst_hardware_r 35.90406544993089 30.989999771118164 31.579999923706055 AB 10.225555295141426 1.0328843732466086
61512.1925 lsst_hardware_y 58.82260262013958 70.70999908447266 30.809999465942383 AB 14.11353277872177 1.0302350074496402
61514.1411 lsst_hardware_z 72.50869982331051 101.91999816894531 31.75 AB 9.606555691717059 1.0210507192131646
61517.1395 lsst_hardware_r 309.1379218456374 119.91000366210938 31.670000076293945 AB 10.320122819719689 1.0188688735037703
61517.1499 lsst_hardware_i 61.84611324810235 94.37999725341797 31.350000381469727 AB 10.346754567848553 1.0178053333840154
61519.1359 lsst_hardware_z 68.26833403516679 56.56999969482422 30.989999771118164 AB 9.731692662122262 1.0184655202241972
61519.1487 lsst_hardware_r -32.03892613389172 72.16999816894531 31.65999984741211 AB 9.76470157858935 1.018208209374894
61523.1236 lsst_hardware_r 15.530581175918321 22.600000381469727 31.5 AB 2.3487430073926405 1.0187564551692674
61523.1353 lsst_hardware_z 67.6860768369618 40.72999954223633 30.950000762939453 AB 2.1102240039319224 1.0179156669688092
61525.126 lsst_hardware_r -13.596955538055843 22.579999923706055 31.5 AB 10.621115795635381 1.0177869575617249
61525.1376 lsst_hardware_u -4.996787522133915 2.6700000762939453 28.43000030517578 AB 10.656662339918793 1.0193861048324844
61529.1268 lsst_hardware_i 36.37715638086004 30.239999771118164 31.260000228881836 AB 10.280452842004497 1.0194226674714206
61529.1388 lsst_hardware_z 62.170676298858645 40.77000045776367 30.950000762939453 AB 10.341380465523601 1.0249476823340977
61531.1153 lsst_hardware_z -46.3558466136979 40.81999969482422 30.959999084472656 AB 3.6936522423957823 1.0181193731193152
61531.1255 lsst_hardware_r 11.477431049677934 22.610000610351562 31.510000228881836 AB 3.6269813155286843 1.0208940441991934
61534.1108 lsst_hardware_u 0.5608082231696826 2.690000057220459 28.459999084472656 AB 8.828920701171443 1.0187999885958765
61534.1233 lsst_hardware_g 0.03611045026083319 13.869999885559082 31.43000030517578 AB 8.872605722187691 1.0238409557106065
61536.1037 lsst_hardware_r 19.40652871626493 22.579999923706055 31.510000228881836 AB 7.927130340807907 1.0184531818343814
61536.1155 lsst_hardware_z 14.213510194870592 40.81999969482422 30.950000762939453 AB 8.041012252885006 1.022574203965792
61540.1001 lsst_hardware_r -75.13046324845723 51.40999984741211 31.639999389648438 AB 6.762272584505293 1.0205663423642157
61540.1133 lsst_hardware_y 90.06739915755583 49.2599983215332 30.059999465942383 AB 6.708239289519797 1.0280695198559096
61542.1004 lsst_hardware_z -79.26486864373192 64.1500015258789 30.989999771118164 AB 8.748288624415062 1.0232514912468824
61542.1134 lsst_hardware_r 66.65018028176316 86.86000061035156 31.65999984741211 AB 8.8446798185203 1.0326839450678817
61546.0857 lsst_hardware_z 4.586260912757771 71.58000183105469 31.0 AB 7.29680270459478 1.0213889564102436
61546.0949 lsst_hardware_i 44.24411993373397 83.16000366210938 31.34000015258789 AB 7.346091916705948 1.0266118111574902
61550.0469 lsst_hardware_i 7.981485502155046 29.940000534057617 31.239999771118164 AB 4.984975228552904 1.019561336627946
61550.06 lsst_hardware_r 9.146039649755604 24.729999542236328 31.520000457763672 AB 4.98595398371328 1.0178185867677956
61554.0779 lsst_hardware_i -6.339819383900368 30.239999771118164 31.260000228881836 AB 9.939894166876527 1.0303077654186772
61561.0289 lsst_hardware_g 13.227911465771742 13.510000228881836 31.420000076293945 AB 10.26881267529663 1.0177890189602845
61561.0419 lsst_hardware_r -28.050748441091805 22.1299991607666 31.489999771118164 AB 9.697434360496837 1.0202455928981473
61563.0172 lsst_hardware_i 4.039264255721542 29.989999771118164 31.260000228881836 AB 4.848265079156835 1.0182222155111322
61563.0303 lsst_hardware_r 11.77399939914681 22.239999771118164 31.510000228881836 AB 4.5910593303943 1.018519013601738
61572.0256 lsst_hardware_z -134.26515997884724 92.62000274658203 31.739999771118164 AB 9.405174621659432 1.0278317711228275
61574.0209 lsst_hardware_r -146.68937005381795 95.05000305175781 31.65999984741211 AB 5.251292856293071 1.0284049657366572
61574.0347 lsst_hardware_i 0.5121541759044109 74.95999908447266 31.34000015258789 AB 5.228281555386724 1.041663268547911
61576.0006 lsst_hardware_i 1.1710416287662424 62.279998779296875 31.329999923706055 AB 3.671425381028418 1.020123751327707
61576.0132 lsst_hardware_z 4.856305249893088 57.959999084472656 30.989999771118164 AB 3.64844116563013 1.0267658064625131
61578.0009 lsst_hardware_i -38.10303746035448 30.010000228881836 31.25 AB 3.148052089389014 1.0226205320015376
61578.0131 lsst_hardware_u 0.28381486051369387 4.510000228881836 28.809999465942383 AB 3.170358031835859 1.030926926863136
61580.0011 lsst_hardware_g 1.330556908674299 13.59000015258789 31.40999984741211 AB 4.110252096990396 1.0259599618073147
61580.0134 lsst_hardware_r 22.093943846402425 22.3799991607666 31.5 AB 4.2123372180962315 1.0363090517488334
61581.9912 lsst_hardware_i -20.182198101641156 42.630001068115234 32.0099983215332 AB 6.31347178096012 1.0232669454141932
61582.0044 lsst_hardware_r -56.10354326153645 31.739999771118164 32.25 AB 4.224521835651178 1.032890424364591
61584.9914 lsst_hardware_u -7.774719369024828 2.7100000381469727 28.469999313354492 AB 4.194152757648462 1.028819155596385
61585.0045 lsst_hardware_g -22.734137080990397 13.649999618530273 31.40999984741211 AB 4.5835289943812745 1.041474436351278
61800.3639 lsst_hardware_u -5.663487077253731 3.0799999237060547 28.510000228881836 AB 11.649557430022524 1.0189117285733986
61800.3755 lsst_hardware_z -70.21966410562791 49.0 30.969999313354492 AB 10.991579452963853 1.0178566457195373
61802.3613 lsst_hardware_r 32.229310136639164 22.739999771118164 31.520000457763672 AB 11.95231754480348 1.0183162738387608
61802.3733 lsst_hardware_y -10.830538614939668 50.5099983215332 30.06999969482422 AB 11.930373601723373 1.018210600130014
61804.3638 lsst_hardware_z 7.675907984622303 40.93000030517578 30.950000762939453 AB 10.830910705977058 1.0178151897610266
61804.3759 lsst_hardware_y -11.097451445058846 51.36000061035156 30.059999465942383 AB 10.289005986374177 1.0203129645193794
61809.3601 lsst_hardware_r -2.82515161344218 22.280000686645508 31.489999771118164 AB 8.253178255437716 1.0195822255935243
61809.3722 lsst_hardware_y 48.40958431636004 47.279998779296875 30.049999237060547 AB 8.467119128594035 1.0253439112673841
61811.3509 lsst_hardware_i -40.11906206715762 62.599998474121094 31.329999923706055 AB 3.485247826890864 1.0186067347643686
61811.3623 lsst_hardware_r -6.428285305553271 77.55999755859375 31.65999984741211 AB 3.4990499555847396 1.0227651256154546
61813.3497 lsst_hardware_z 145.25792007067406 61.86000061035156 30.989999771118164 AB 6.315985591308157 1.0197490325560814
61813.3612 lsst_hardware_r -118.08935016184452 86.06999969482422 31.65999984741211 AB 6.317690235634429 1.025293917227198
61815.3566 lsst_hardware_i 1.5751683302233803 64.97000122070312 31.329999923706055 AB 2.5415561179091632 1.025855143454774
61815.3674 lsst_hardware_z 4.568822619265198 60.970001220703125 30.979999542236328 AB 2.5553630764073882 1.034664673107573
61817.3488 lsst_hardware_r 27.31895193841483 50.7599983215332 31.6299991607666 AB 3.6522490021498624 1.0243779923755638
61817.3593 lsst_hardware_z -26.388367974803014 49.54999923706055 30.969999313354492 AB 3.721705554000306 1.0322062229413564
61827.3328 lsst_hardware_i -9.41592335627517 30.100000381469727 31.25 AB 6.821151596877779 1.0329339655056957
61827.3452 lsst_hardware_z 26.87073425310373 41.15999984741211 30.950000762939453 AB 7.041906638498173 1.0465400911756528
61831.2905 lsst_hardware_u -2.3225101271737763 2.5899999141693115 28.389999389648438 AB 3.485432128804389 1.017842537371086
61831.3015 lsst_hardware_g 9.901484583874591 13.460000038146973 31.40999984741211 AB 3.483971601950827 1.0200722025963138
61835.2758 lsst_hardware_i -27.473485341147633 29.84000015258789 31.25 AB 7.935410797024726 1.017827950493247
61835.2868 lsst_hardware_r -23.46026442446686 22.1200008392334 31.5 AB 7.931341823422109 1.0189397141655905
61837.2822 lsst_hardware_z 17.392857840156342 40.5099983215332 30.950000762939453 AB 10.089728263373418 1.01916447104782
61837.295 lsst_hardware_g 2.214875652746693 13.59000015258789 31.43000030517578 AB 10.03009076084802 1.0248730341465961
61839.2699 lsst_hardware_r 82.6552163629338 70.88999938964844 31.65999984741211 AB 9.636522604391091 1.0179335679500454
61839.2819 lsst_hardware_i -19.234997727345757 58.04999923706055 31.329999923706055 AB 9.680452687453993 1.0209294123026782
61841.2685 lsst_hardware_z 14.73565592972822 102.55000305175781 31.75 AB 8.135714777024434 1.018513336160131
