data/validation/pwv_sim_epoch_fit_4/7860871.ecsv
# %ECSV 0.9
# ---
# datatype:
# - {name: time, datatype: float64}
# - {name: band, datatype: string}
# - {name: flux, datatype: float64}
# - {name: fluxerr, datatype: float64}
# - {name: zp, datatype: float64}
# - {name: zpsys, datatype: string}
# - {name: pwv, datatype: float64}
# - {name: airmass, datatype: float64}
# meta: {SNID: '7860871', alt: 1024.0, c: -0.008865323849022388, dec: -4.630479, lat: -30.244573, lon: -70.7499537, ra: 295.664062, t0: 62311.546875,
#   x0: 5.505662649051299e-06, x1: -1.9264166355133057, z: 0.5897822976112366}
# schema: astropy-2.0
time band flux fluxerr zp zpsys pwv airmass
62249.4 lsst_hardware_u -2.7822022835201974 2.7200000286102295 28.3700008392334 AB 6.326764170156577 1.1297793160993888
62249.4174 lsst_hardware_y -42.08459971620099 52.77000045776367 30.030000686645508 AB 6.89168703202161 1.1133731523614927
62253.4042 lsst_hardware_r 48.310533026630765 52.939998626708984 31.6200008392334 AB 1.5606778595383366 1.1147698996702404
62253.421 lsst_hardware_y 7.145774370482089 56.31999969482422 30.040000915527344 AB 1.813749856401385 1.1096664768438131
62255.4068 lsst_hardware_z -90.60344407547316 87.4800033569336 31.719999313354492 AB 13.891494191258785 1.1108307697620075
62258.4016 lsst_hardware_i -23.31775030537329 68.79000091552734 31.31999969482422 AB 11.465560279545691 1.110071672324181
62258.4195 lsst_hardware_y 37.89241758597662 60.29999923706055 30.040000915527344 AB 12.345806626397122 1.1134050767831465
62260.401 lsst_hardware_r 52.33027928067426 64.27999877929688 31.6299991607666 AB 9.93424293590433 1.10964065856404
62260.4183 lsst_hardware_y 112.38122324671761 55.97999954223633 30.030000686645508 AB 9.934221859148817 1.1162047032751479
62265.3602 lsst_hardware_r 23.961102339913356 24.350000381469727 31.5 AB 8.744596636518654 1.1249601693653013
62265.3788 lsst_hardware_u -0.5429235659840151 2.950000047683716 28.520000457763672 AB 8.49780593250112 1.1110663672914578
62267.3707 lsst_hardware_g 13.61284690718246 14.850000381469727 31.440000534057617 AB 7.611425828539862 1.1121311847661732
62267.3896 lsst_hardware_r 2.3587568868310163 24.040000915527344 31.510000228881836 AB 8.443596432961177 1.1109995306527864
62269.3657 lsst_hardware_i -1.4947849807903737 31.75 31.25 AB 6.846124151167374 1.1119253128418949
62269.3872 lsst_hardware_z -49.70695753811568 42.529998779296875 30.940000534057617 AB 7.243620054765396 1.1122356517707481
62271.3613 lsst_hardware_r 17.266921112009566 23.8799991607666 31.5 AB 8.527306053663565 1.1114841050135216
62271.3823 lsst_hardware_u 0.03935887651171597 2.7899999618530273 28.459999084472656 AB 8.478221546879288 1.1125058344729595
62276.3629 lsst_hardware_g -17.113644144717608 14.680000305175781 31.420000076293945 AB 8.494946307000628 1.1103779239266003
62276.3836 lsst_hardware_i -1.0068804117365584 31.760000228881836 31.25 AB 8.088031922196407 1.1247045954731663
62278.3297 lsst_hardware_r -43.31266876204562 23.739999771118164 31.489999771118164 AB 4.714733098623252 1.1197561093987471
62278.3507 lsst_hardware_z -52.111374084804204 42.5099983215332 30.940000534057617 AB 4.690161535191923 1.109659669209418
62284.3168 lsst_hardware_z -61.41067848229066 74.6829239638475 30.989999771118164 AB 8.793221454474784 1.1167768159358353
62284.3398 lsst_hardware_r 76.6903899702618 110.69747784661496 31.649999618530273 AB 10.104701352560406 1.1101017690261048
62286.2964 lsst_hardware_i -31.42664332936261 134.631869886502 32.06999969482422 AB 14.398614412836464 1.1333921924461952
62287.3256 lsst_hardware_r 56.79410752709726 107.44470397696124 31.639999389648438 AB 8.212803483912102 1.109688350751503
62287.3472 lsst_hardware_z -25.289392046141213 78.15820490747625 30.979999542236328 AB 7.944365307376405 1.1183209028988674
62290.3112 lsst_hardware_g -39.105577255657415 41.43976409685089 31.65999984741211 AB 10.52177727029454 1.1108588455453892
62290.3363 lsst_hardware_i 89.60669212577966 44.04072206840596 31.280000686645508 AB 11.820713044117017 1.1161443765690302
62301.2827 lsst_hardware_r 2350.1864544951404 58.666505985538954 32.2400016784668 AB 13.786837764572143 1.1104238752591833
62301.3043 lsst_hardware_z 711.550097968037 50.02368126500116 30.940000534057617 AB 13.69519388217654 1.1147672112636322
62303.2884 lsst_hardware_r 1451.849726312693 44.44749501672972 31.5 AB 7.327363779288433 1.1102066332255203
62303.3075 lsst_hardware_u 2.4934328930639875 3.2129217166837107 28.399999618530273 AB 7.292232093357525 1.1221120373447155
62305.2553 lsst_hardware_u -0.6401856671782093 2.7251563973846844 28.389999389648438 AB 5.65455919971127 1.1204172648944097
62305.2753 lsst_hardware_g 463.62112421403094 26.581135495602968 31.43000030517578 AB 5.601664579958778 1.109789911829354
62307.2597 lsst_hardware_r 1633.6944784104876 47.60259283157403 31.489999771118164 AB 3.8999048233488507 1.1130394777193124
62307.2793 lsst_hardware_i 1589.5902242104503 49.76816245182445 31.239999771118164 AB 3.9037288407157984 1.110670414884643
62309.2619 lsst_hardware_z 1159.6430097532586 59.61893428542132 30.959999084472656 AB 2.8709367656097817 1.1101843641181783
62309.2794 lsst_hardware_r 1981.3450519435546 64.16342832313232 31.600000381469727 AB 2.876983845042864 1.1129531315446284
62311.2629 lsst_hardware_z 2643.6888188836374 102.91701756606342 31.729999542236328 AB 4.180252978469471 1.1097034718527625
62313.256 lsst_hardware_r 2391.0409606673797 146.41594961482926 31.639999389648438 AB 6.395523096547044 1.1096595986027664
62313.2762 lsst_hardware_z 1513.4288599162396 98.74537349814177 30.989999771118164 AB 6.418870342429977 1.1183188017648813
62318.1946 lsst_hardware_i 1461.6351923395603 63.40119521302678 31.299999237060547 AB 8.68151438780828 1.1593773735346649
62318.2146 lsst_hardware_r 1620.6050092846965 68.85025451245171 31.6200008392334 AB 8.640674740238948 1.1260408861977715
62320.2726 lsst_hardware_u 5.690123850049476 9.573725885977879 29.729999542236328 AB 7.327335211012013 1.1370787105853801
62320.2871 lsst_hardware_g 186.25024608267162 34.48704802716135 31.610000610351562 AB 7.5270025462167505 1.1649452576849295
62324.2423 lsst_hardware_r 1018.7840237817501 38.81661614672275 31.5 AB 2.007566048349105 1.1153144713050582
62324.2627 lsst_hardware_i 1126.9408445889924 46.01705170634114 31.239999771118164 AB 1.8125324795937299 1.1387042435016734
62326.2206 lsst_hardware_z 855.3625100742992 52.08290840597632 30.950000762939453 AB 2.35997885560796 1.1096644436854168
62326.2397 lsst_hardware_r 774.3521233367626 36.85714307909388 31.5 AB 2.450070473167184 1.1174779809200381
62329.2086 lsst_hardware_u 2.4498146761140474 2.8858937619844935 28.399999618530273 AB 7.783266463716978 1.1099527917168635
62329.2288 lsst_hardware_g 78.69506710285107 17.229292772497377 31.43000030517578 AB 7.883430959792047 1.1154220100634311
62331.2052 lsst_hardware_r 457.7679952889516 32.57302881251342 31.5 AB 8.081919869127418 1.1097219309051995
62331.2275 lsst_hardware_z 854.6350311412509 50.67156392878771 30.940000534057617 AB 7.377912121379699 1.1187129827717512
62333.1686 lsst_hardware_i 626.5131179404548 40.793733246181546 31.25 AB 3.503035339589442 1.132660363621192
62333.1891 lsst_hardware_r 440.2073110246863 31.36435605132938 31.510000228881836 AB 3.425892455301889 1.1128447150566474
62335.1751 lsst_hardware_z 691.7359622300913 50.44100819668908 30.940000534057617 AB 2.4502747358795416 1.1188469113605213
62335.1951 lsst_hardware_g 17.587980563986896 15.17602133495413 31.420000076293945 AB 2.437598507635899 1.1096806559799237
62344.1683 lsst_hardware_r 361.61440051910546 166.46661995782023 32.38999938964844 AB 3.619082292757943 1.1098642349372685
62344.1894 lsst_hardware_i 513.2361984389697 134.21401981611538 32.06999969482422 AB 3.6214034764643035 1.1165683894545644
62346.1613 lsst_hardware_z 549.4184848099726 59.9077901387732 30.969999313354492 AB 4.592901686738018 1.1101115904136363
62346.1841 lsst_hardware_r 167.7238964867639 68.79542133097895 31.6299991607666 AB 4.6748481177801136 1.1166927584473556
62350.1215 lsst_hardware_g 12.916911352549121 15.647068229778924 31.43000030517578 AB 1.8039239896157375 1.1336521537251538
62350.1404 lsst_hardware_r 142.44217856390975 26.362126266296574 31.489999771118164 AB 2.040745430785985 1.1141467320032674
62353.1138 lsst_hardware_i 147.6539514732964 34.627787885695106 31.239999771118164 AB 2.695646899090147 1.1329420982446683
62353.1339 lsst_hardware_r 107.91362304064205 26.096176257789804 31.489999771118164 AB 2.28866871350321 1.1131657166844406
62355.1177 lsst_hardware_u 10.052611676017507 4.35269761474395 28.479999542236328 AB 3.184978782274695 1.1215043101997224
62355.1396 lsst_hardware_g 46.675652334794364 16.181910796484065 31.450000762939453 AB 2.9396848105621007 1.1097337903216689
62357.1304 lsst_hardware_r 98.45626893922531 25.8711004620126 31.5 AB 4.830348329719947 1.110297283006539
62357.1503 lsst_hardware_i 138.42612717654816 33.845733916258645 31.25 AB 4.878296473691945 1.1140842646170586
62361.1276 lsst_hardware_z 217.27148153680417 45.18862681043066 30.940000534057617 AB 3.646881564166196 1.1098239696184407
62361.1462 lsst_hardware_r 96.23269141211571 25.554763995468896 31.5 AB 3.6728784162421757 1.1192681445199377
62365.091 lsst_hardware_g 36.201297727261796 33.27836068713397 31.649999618530273 AB 4.5211625098723935 1.1209030643045477
62365.1111 lsst_hardware_r 118.14395975860467 37.538130605323296 31.59000015258789 AB 4.448562915545523 1.1098516598379649
62372.0915 lsst_hardware_r 53.13539671966659 120.60410616016249 31.639999389648438 AB 3.119329565908729 1.1099171175953964
62373.0581 lsst_hardware_z 482.1720079815031 124.29822485069451 32.16999816894531 AB 4.737366811468223 1.134540118897932
62373.0737 lsst_hardware_r 82.05037793213528 143.3574712017755 32.38999938964844 AB 4.669601661365979 1.1168846532138437
62377.0491 lsst_hardware_i 101.30966190736883 33.19354496512515 31.239999771118164 AB 6.337904667318172 1.1317686905925308
62377.0681 lsst_hardware_u -1.291349192188136 2.9919036222072553 28.3799991607666 AB 6.2345788497608 1.1133176517430001
62379.0502 lsst_hardware_g 67.19351589047804 16.21002188544461 31.399999618530273 AB 4.315971790960779 1.1235852368267567
62379.0681 lsst_hardware_r 10.346184821410581 24.78574554018546 31.489999771118164 AB 4.351555918319518 1.1109173709144604
62381.0505 lsst_hardware_i 72.01214727656972 32.86709600373867 31.239999771118164 AB 1.543945364891236 1.1179908507539724
62381.0693 lsst_hardware_r 63.87102606396339 24.798394318644416 31.489999771118164 AB 1.6523409045418742 1.1096983912302714
62386.0518 lsst_hardware_r 86.50826290754776 24.973171201635868 31.489999771118164 AB 2.3739234276268997 1.1101746348995631
62386.0703 lsst_hardware_i 36.33400228952943 32.798211823826364 31.239999771118164 AB 2.3344833464414894 1.113603122805388
62388.0234 lsst_hardware_i 84.96091843835357 32.89088215995401 31.239999771118164 AB 2.953027023900883 1.1261424440464802
62388.0398 lsst_hardware_z 194.1166659389931 43.95246651632284 30.940000534057617 AB 2.9150914993825494 1.1124180497548366
62391.0244 lsst_hardware_i 100.43202818071427 33.077510991619796 31.25 AB 2.2809249406358374 1.117005357804034
62391.0434 lsst_hardware_u 3.4956139361030303 2.9600000381469727 28.510000228881836 AB 3.158798265379453 1.1096805873870266
62394.0163 lsst_hardware_g -3.2827286471367523 35.220001220703125 31.649999618530273 AB 1.4412165448991343 1.1169335145175414
62394.0352 lsst_hardware_r 29.18454537941072 39.599998474121094 31.59000015258789 AB 1.4326906514705986 1.109681005463665
62401.9956 lsst_hardware_y -3.579370805956753 54.0 30.030000686645508 AB 1.282166962402733 1.1160600282051043
62402.0176 lsst_hardware_z -10.085061875975489 61.560001373291016 30.979999542236328 AB 1.6651928336284172 1.1101285557522782
62404.9891 lsst_hardware_y -42.57959545888224 54.599998474121094 30.020000457763672 AB 3.3845691153739144 1.1148731645480916
62405.0095 lsst_hardware_u -1.6099636355770948 2.6700000762939453 28.350000381469727 AB 3.5931751311316003 1.1101467964358793
62407.9893 lsst_hardware_y 78.82630786639533 56.2599983215332 30.030000686645508 AB 4.1867806969312475 1.110797443360048
62408.0078 lsst_hardware_r 66.43185655153516 24.0 31.489999771118164 AB 3.8107450717080638 1.1123285947920694
62621.3954 lsst_hardware_z 28.46241452153522 42.540000915527344 30.940000534057617 AB 12.755082723259825 1.115702486216855
62621.4139 lsst_hardware_y -31.493662658073543 48.84000015258789 30.020000457763672 AB 12.7100001152373 1.109720615416528
62624.4004 lsst_hardware_u -0.08132319169945558 2.75 28.399999618530273 AB 12.357151642951035 1.1099570325115455
62624.418 lsst_hardware_y -24.425722185270576 50.18000030517578 30.030000686645508 AB 12.530065198616425 1.1137423234946637
62626.3972 lsst_hardware_r -24.851891456704745 24.219999313354492 31.510000228881836 AB 7.712688036051156 1.1097126739480332
62626.4156 lsst_hardware_z -25.34249501108533 43.41999816894531 30.950000762939453 AB 7.460892866046143 1.1157448549101319
62630.2838 lsst_hardware_g -9.254751697275996 20.920000076293945 32.09000015258789 AB 11.907582797509217 1.3829945177130334
62630.3104 lsst_hardware_i -17.856708894744127 46.349998474121094 31.979999542236328 AB 10.340916131320661 1.248475698491329
62632.388 lsst_hardware_z 0.4962977264910303 42.43000030517578 30.950000762939453 AB 8.438757442259247 1.110362821349901
62632.4088 lsst_hardware_r -19.099854864335356 24.110000610351562 31.5 AB 8.547363103158238 1.1246530398892418
62640.3111 lsst_hardware_z 73.27969270121594 104.30999755859375 31.729999542236328 AB 8.401699908955141 1.1629052782387128
62640.3425 lsst_hardware_r -26.46187563644854 145.9600067138672 32.38999938964844 AB 9.046390455753775 1.1164707654788522
62643.3455 lsst_hardware_r -68.96169399761652 74.81999969482422 31.639999389648438 AB 4.678901012321394 1.1106304574881658
62643.3687 lsst_hardware_z 53.51433744583084 62.310001373291016 30.979999542236328 AB 4.730246887574749 1.115405043248123
62645.3195 lsst_hardware_g 52.190814895149806 33.18000030517578 31.639999389648438 AB 8.053447766716479 1.1255167846897158
62645.3419 lsst_hardware_i 30.377243905507804 38.880001068115234 31.270000457763672 AB 7.5602986370824565 1.1101760113190098
62647.336 lsst_hardware_z 67.68259680023434 42.849998474121094 30.950000762939453 AB 6.370180225155032 1.1102710632078487
62647.3575 lsst_hardware_r -21.991103795516274 26.020000457763672 31.530000686645508 AB 6.3611730055730265 1.1152126587610192
62651.3272 lsst_hardware_u -7.8097956366601835 2.700000047683716 28.389999389648438 AB 14.298195254603616 1.1098928976986775
62651.3462 lsst_hardware_g 5.764286487554287 14.5 31.40999984741211 AB 13.778637898824442 1.1149569427758896
62653.3163 lsst_hardware_r 54.20820347595681 23.739999771118164 31.5 AB 7.624654991648493 1.1112497558757033
62653.3358 lsst_hardware_i 40.628052428334605 31.559999465942383 31.25 AB 7.446804975006373 1.1121689093837777
62656.2926 lsst_hardware_i -3.260037977086428 31.5 31.239999771118164 AB 13.526447843270581 1.1220612064098368
62656.3172 lsst_hardware_z 6.458222523685589 42.27000045776367 30.940000534057617 AB 13.327869404889569 1.109684809532471
62673.2225 lsst_hardware_z -88.43429597890335 100.62999725341797 32.459999084472656 AB 3.362132528183642 1.1596226241148455
62677.2683 lsst_hardware_r 21.00551310345161 23.860000610351562 31.5 AB 4.885606526967879 1.1113543935627272
62677.2948 lsst_hardware_z 54.90286463602968 42.81999969482422 30.940000534057617 AB 4.5699891488063935 1.1365776121383924
62679.2258 lsst_hardware_r -26.904799453128543 23.81999969482422 31.479999542236328 AB 8.20784957369789 1.1265749517817483
62679.2474 lsst_hardware_u 0.23041844459748476 2.5799999237060547 28.290000915527344 AB 8.061050881167297 1.1105925439036461
62681.2495 lsst_hardware_g -16.80700026954023 14.729999542236328 31.420000076293945 AB 3.09683595293059 1.1097118799320451
62681.2682 lsst_hardware_r 32.304305230233815 23.8799991607666 31.489999771118164 AB 2.9926680854127556 1.1179185974648025
62683.2445 lsst_hardware_i -27.374192870376103 31.700000762939453 31.239999771118164 AB 8.582703806066078 1.109736721756669
62683.2661 lsst_hardware_z 45.33053492838655 42.63999938964844 30.940000534057617 AB 9.185762438839848 1.1209895991750212
62696.2098 lsst_hardware_r -79.90236772552215 139.66000366210938 31.649999618530273 AB 7.212799631357294 1.1098037642811582
62696.231 lsst_hardware_z -97.3822968404738 93.4000015258789 30.989999771118164 AB 7.332934292010647 1.1213866637457341
62698.1622 lsst_hardware_i -175.5637725421227 119.73999786376953 31.329999923706055 AB 3.2141005803611087 1.1440115964981186
