data/validation/pwv_sim_epoch_fit_4/7961053.ecsv
# %ECSV 0.9
# ---
# datatype:
# - {name: time, datatype: float64}
# - {name: band, datatype: string}
# - {name: flux, datatype: float64}
# - {name: fluxerr, datatype: float64}
# - {name: zp, datatype: float64}
# - {name: zpsys, datatype: string}
# - {name: pwv, datatype: float64}
# - {name: airmass, datatype: float64}
# meta: {SNID: '7961053', alt: 1024.0, c: -0.07808864861726761, dec: -5.829153, lat: -30.244573, lon: -70.7499537, ra: 148.007812, t0: 60343.54296875,
#   x0: 1.0217454538520537e-05, x1: 1.0862810611724854, z: 0.45566949248313904}
# schema: astropy-2.0
time band flux fluxerr zp zpsys pwv airmass
[from data line 133]
60724.1595 lsst_hardware_r 19.175377893820666 49.41999816894531 31.610000610351562 AB 6.400865033039795 1.1255917408628011
60724.1767 lsst_hardware_z -1.507428588514968 49.4900016784668 30.959999084472656 AB 7.0164039012128585 1.105119530825777
60727.1533 lsst_hardware_r -25.55387091504888 24.360000610351562 31.510000228881836 AB 5.638439383627907 1.1225428884866842
60727.1703 lsst_hardware_y 12.833122896904383 48.380001068115234 30.030000686645508 AB 6.671475543796577 1.1037266182143397
60729.1524 lsst_hardware_g -16.44781494161321 15.0 31.43000030517578 AB 8.735439415981258 1.1162430969531685
60729.1696 lsst_hardware_r -10.18875164785825 24.1200008392334 31.510000228881836 AB 12.108257283596465 1.1006839540267073
60731.1563 lsst_hardware_i 3.9398449705845895 31.540000915527344 31.25 AB 9.563110500714492 1.1062013303313467
60731.1735 lsst_hardware_z -25.514989714583937 42.20000076293945 30.950000762939453 AB 10.329764176734805 1.0974517053635704
60736.1225 lsst_hardware_u 2.6681946876182447 2.680000066757202 28.350000381469727 AB 3.2878114251753736 1.132686526817423
60736.1414 lsst_hardware_g -23.26118840365283 14.930000305175781 31.420000076293945 AB 3.807332910531706 1.107319314745043
60738.1257 lsst_hardware_r 2.8740994104217945 24.040000915527344 31.489999771118164 AB 5.983243226889931 1.1190604539070943
60738.1436 lsst_hardware_z -48.646421604883216 42.4900016784668 30.940000534057617 AB 5.757046589635015 1.101493312642424
60742.1214 lsst_hardware_z 18.60994471615044 47.59000015258789 30.950000762939453 AB 11.47378947743044 1.1109401120672413
60742.1404 lsst_hardware_r -68.60200053061061 41.41999816894531 31.600000381469727 AB 12.593472900973948 1.0981083767743596
60744.1161 lsst_hardware_i -24.82652457487457 63.099998474121094 31.309999465942383 AB 12.43743632229964 1.110766383367779
60744.135 lsst_hardware_z 35.77794030590264 60.04999923706055 30.969999313354492 AB 11.636836213581663 1.0980909864351092
60751.1139 lsst_hardware_z 13.708424501097296 58.16999816894531 30.969999313354492 AB 8.467465530394957 1.098719575743305
60751.1333 lsst_hardware_i -68.09703773528385 61.70000076293945 31.31999969482422 AB 8.93315945933996 1.0995221653631417
60755.0813 lsst_hardware_r -44.749415835600495 23.93000030517578 31.510000228881836 AB 4.384008896096332 1.1163760876232065
60755.1006 lsst_hardware_u 3.331282315490181 2.9200000762939453 28.56999969482422 AB 5.3884648553384755 1.0996867051711174
60757.0783 lsst_hardware_g 19.189811052694587 14.680000305175781 31.43000030517578 AB 6.669908008770403 1.1133522896820813
60757.0974 lsst_hardware_r 14.036600285407742 23.729999542236328 31.510000228881836 AB 6.7024382806582485 1.0987603738784015
60761.0645 lsst_hardware_r -19.994800720496897 23.850000381469727 31.5 AB 7.109903130794098 1.1169141431838663
60761.0813 lsst_hardware_u -2.5368442557188877 2.8399999141693115 28.510000228881836 AB 6.89677828429092 1.101194041879438
60768.0558 lsst_hardware_u 5.2859822731182815 2.7300000190734863 28.3700008392334 AB 6.673426688356383 1.1057415497877274
60768.0748 lsst_hardware_g -7.587529865885158 14.460000038146973 31.40999984741211 AB 6.792228264422892 1.0972018842456404
60770.0548 lsst_hardware_r -4.674554614391546 33.880001068115234 31.559999465942383 AB 8.622289052224602 1.1023830534072203
60770.0746 lsst_hardware_i -13.05453146654826 36.59000015258789 31.270000457763672 AB 8.574460320413099 1.0974723891521219
60772.0503 lsst_hardware_z -46.351613768439144 55.060001373291016 30.969999313354492 AB 11.893600285742826 1.101769364126246
60772.0698 lsst_hardware_r 46.795894274580476 61.27000045776367 31.6299991607666 AB 11.872229677432179 1.0975867190230162
60774.0495 lsst_hardware_z -143.697340129658 72.12000274658203 30.979999542236328 AB 8.415090747985296 1.0993412403743201
60774.0688 lsst_hardware_r 148.72589112527433 97.58999633789062 31.639999389648438 AB 8.441210438315705 1.098829788898165
60777.0429 lsst_hardware_i 12.140626600851677 86.11000061035156 31.329999923706055 AB 6.978513764640055 1.0987190056900031
60777.0602 lsst_hardware_z -2.3281383255868935 74.7300033569336 30.989999771118164 AB 6.89999773255621 1.098682016250342
60779.0161 lsst_hardware_z -20.52944511386718 62.4900016784668 30.979999542236328 AB 5.582910277263916 1.115949683965203
60779.033 lsst_hardware_r 119.29718760305148 85.95999908447266 31.639999389648438 AB 5.517710991538778 1.1007170246112534
60781.0138 lsst_hardware_u 4.041851272238971 7.46999979019165 29.06999969482422 AB 17.40718307085553 1.1121616273573973
60781.0301 lsst_hardware_g -17.536463614209094 49.119998931884766 31.68000030517578 AB 17.252426664427638 1.0994642590182244
60783.0137 lsst_hardware_r -17.90116381629151 23.510000228881836 31.5 AB 11.842078423759544 1.1067363012859388
60783.0323 lsst_hardware_i 16.598996582932728 31.309999465942383 31.25 AB 11.741507932111073 1.0973371899169229
60791.0027 lsst_hardware_u -4.320431323253708 2.7100000381469727 28.389999389648438 AB 12.75426576372696 1.0995056692868068
60791.0207 lsst_hardware_r -2.516848299659638 23.8799991607666 31.5 AB 12.739877339978376 1.0982652879291703
60798.9686 lsst_hardware_y -22.442543042121898 51.2599983215332 30.020000457763672 AB 12.27518233290604 1.1080434484603652
60798.9862 lsst_hardware_g 35.91822089696152 30.600000381469727 31.6299991607666 AB 11.996439111324348 1.0977456693728957
60800.969 lsst_hardware_z -55.117302268299404 58.2400016784668 30.969999313354492 AB 7.558369560509749 1.103170044590199
60800.9868 lsst_hardware_i 28.234613173132157 56.29999923706055 31.309999465942383 AB 7.550566060303281 1.0971736301329513
60806.9597 lsst_hardware_y 74.18344531135492 65.94000244140625 30.049999237060547 AB 12.843940002496106 1.0992132141121789
60806.9794 lsst_hardware_z -3.694061653346693 60.83000183105469 30.979999542236328 AB 12.837533558006712 1.0991039005142733
60808.961 lsst_hardware_y -56.00219704289041 58.959999084472656 30.040000915527344 AB 7.955982328735985 1.0973768729291014
60808.9842 lsst_hardware_z 30.908523415223836 54.7599983215332 30.969999313354492 AB 7.959661721175578 1.105406219957723
60810.9589 lsst_hardware_y -56.531684162996214 59.25 30.040000915527344 AB 7.750365965003013 1.0971639248306475
60810.9801 lsst_hardware_r 3.6037264408737606 24.360000610351562 31.510000228881836 AB 7.945215758803946 1.1065760109755756
60812.9683 lsst_hardware_z 60.022487165018035 68.55999755859375 31.700000762939453 AB 8.16193505763683 1.1017978794028909
