data/validation/pwv_sim_epoch_fit_4/8222219.ecsv
# %ECSV 0.9
# ---
# datatype:
# - {name: time, datatype: float64}
# - {name: band, datatype: string}
# - {name: flux, datatype: float64}
# - {name: fluxerr, datatype: float64}
# - {name: zp, datatype: float64}
# - {name: zpsys, datatype: string}
# - {name: pwv, datatype: float64}
# - {name: airmass, datatype: float64}
# meta: {SNID: '8222219', alt: 1024.0, c: -0.025048015639185905, dec: -15.868921, lat: -30.244573, lon: -70.7499537, ra: 324.140625, t0: 60519.640625,
#   x0: 3.7639488690309783e-06, x1: 0.49383866786956787, z: 0.6889634728431702}
# schema: astropy-2.0
time band flux fluxerr zp zpsys pwv airmass
60458.4011 lsst_hardware_z 107.37426788917719 93.76000213623047 31.739999771118164 AB 8.39154112533767 1.0354600874452784
60458.4242 lsst_hardware_y 147.71102011835927 81.4000015258789 30.809999465942383 AB 8.172412991987684 1.0349193320372483
60460.3989 lsst_hardware_z -6.0347180395589985 51.97999954223633 30.969999313354492 AB 7.653390863261685 1.0342420085488764
60460.4208 lsst_hardware_y 31.71953276490183 50.90999984741211 30.049999237060547 AB 7.467854787192022 1.0357874366756543
60462.3704 lsst_hardware_g 0.7728170456671514 21.329999923706055 31.56999969482422 AB 9.181735464656159 1.0511030448740164
60462.3947 lsst_hardware_r 30.66515760755392 28.469999313354492 31.549999237060547 AB 7.943241621866056 1.0338723964422825
60466.3752 lsst_hardware_r 23.40175738792793 24.790000915527344 31.520000457763672 AB 4.582156843936509 1.0375086253676895
60466.3978 lsst_hardware_g -10.809060105681233 15.819999694824219 31.459999084472656 AB 4.603198154951489 1.0335362395580427
60468.3714 lsst_hardware_r 13.038722286455558 24.709999084472656 31.510000228881836 AB 2.591501775086047 1.0366007100344188
60468.3934 lsst_hardware_i -7.201411471903896 31.760000228881836 31.25 AB 3.0206573317689798 1.0337931147143073
60485.3078 lsst_hardware_i -207.27644932584712 132.99000549316406 32.09000015258789 AB 4.23077874143043 1.050885820975895
60485.3304 lsst_hardware_z 62.20757032418542 117.7300033569336 31.75 AB 4.154716579107197 1.0343263547007802
60487.3253 lsst_hardware_r 133.4020821045598 89.4951910382053 31.65999984741211 AB 7.092108605960766 1.0342119731623896
60487.3489 lsst_hardware_z -45.422081804047416 69.83588532287708 30.989999771118164 AB 7.464108809231816 1.0366817790599745
60490.3243 lsst_hardware_g 19.599503147386745 27.750489008247932 31.639999389648438 AB 3.664928086538664 1.0328832766965867
60490.3457 lsst_hardware_r 11.276029890249907 33.014698065675816 31.579999923706055 AB 3.7000855755816633 1.0397392962480652
60497.3124 lsst_hardware_u -2.988774278238332 3.012582539275799 28.440000534057617 AB 1.5382746294344294 1.0333816018145054
60497.3313 lsst_hardware_r 271.14274338540463 28.394681169467255 31.520000457763672 AB 1.5557952377791913 1.04345757060975
60499.2893 lsst_hardware_i 706.8247615015684 52.023521122089505 32.0099983215332 AB 2.174360851805097 1.0354099294309986
60499.3096 lsst_hardware_z 609.7782422497287 63.214136360184256 31.709999084472656 AB 1.7859391449495003 1.0340282610921205
60501.2892 lsst_hardware_r 527.6955512303904 32.53373458855364 31.510000228881836 AB 8.96658523170932 1.0336319888999967
60501.3105 lsst_hardware_u 2.0042189239730885 3.0798690644863207 28.469999313354492 AB 8.8289096650389 1.0365915835555959
60503.2895 lsst_hardware_g 137.10848871620126 19.486373370142275 31.469999313354492 AB 6.452580032025878 1.0328534892795664
60503.3111 lsst_hardware_r 665.5431262398782 34.874541534581475 31.520000457763672 AB 6.346335428066941 1.0403828570601543
60506.2651 lsst_hardware_r 853.9895252002036 37.89873065150892 31.510000228881836 AB 3.366383302577573 1.0380460384142995
60506.2862 lsst_hardware_i 787.3343123002788 42.13060321118459 31.25 AB 3.3501179363531897 1.0331101492107593
60508.2674 lsst_hardware_z 626.1151843860092 53.81266595718426 30.959999084472656 AB 1.9549245801955928 1.0343972380769484
60508.2865 lsst_hardware_r 1030.492978193177 56.34607004946799 31.6200008392334 AB 1.947349560371605 1.0344944320005554
60511.2647 lsst_hardware_z 829.4913809844318 78.12895753969218 30.989999771118164 AB 4.772960821902419 1.033108403009182
60511.2834 lsst_hardware_r 1363.7803282983155 113.73737066574364 31.65999984741211 AB 4.945049320094225 1.0366979706696489
60514.238 lsst_hardware_i 1320.4416863742877 120.08647380153975 31.34000015258789 AB 6.534911736267486 1.0417522295978776
60514.2609 lsst_hardware_z 632.138763658626 102.73044266474834 31.0 AB 6.116753054751339 1.0328427632658768
60516.2409 lsst_hardware_r 1281.4017760866334 81.07702440257951 31.649999618530273 AB 10.527128445445756 1.0363301914349006
60516.2619 lsst_hardware_z 794.096466397081 64.59088663367524 30.979999542236328 AB 11.021851748811462 1.0336862337887454
60529.2031 lsst_hardware_u -5.25876199152747 5.10751075543401 29.709999084472656 AB 3.399008785940834 1.0375748627938748
60529.2364 lsst_hardware_r 2485.8592241691026 65.94066806160278 32.709999084472656 AB 3.217505204270224 1.037904904603298
60531.2111 lsst_hardware_i 1005.7352119163382 44.43250887132569 31.25 AB 4.8294814298828115 1.0329889160756776
60531.2312 lsst_hardware_z 725.2053790027273 49.76329756199802 30.950000762939453 AB 4.688150587821041 1.0380626820528183
60535.1952 lsst_hardware_g 52.01607902221592 28.940138088222273 31.649999618530273 AB 2.4189804533575128 1.0339364359854017
60535.2149 lsst_hardware_r 628.5834948881867 39.81269239070838 31.56999969482422 AB 2.5514980505031457 1.0353004871183387
60539.1977 lsst_hardware_z 647.3387371676738 71.57766158052415 31.0 AB 3.2699568579064646 1.0333793925755181
60539.2199 lsst_hardware_r 645.8646261358958 94.12156831078096 31.65999984741211 AB 2.5696509502659204 1.0465233803899898
60541.1827 lsst_hardware_z 661.9500491120054 115.13058240918757 31.010000228881836 AB 2.248333973903865 1.0331230207484732
60541.2005 lsst_hardware_r 398.4534968638525 170.9633917311543 31.670000076293945 AB 2.2586530263074382 1.036198199934597
60549.143 lsst_hardware_g 56.664346170167015 17.0158811809823 31.489999771118164 AB 4.0611119561765605 1.04131075799399
60549.1598 lsst_hardware_r 230.1230065032801 29.17762901109308 31.530000686645508 AB 4.029838495833063 1.0332919220084777
60553.1192 lsst_hardware_r 135.91316574378726 27.946092799171623 31.510000228881836 AB 1.161999430070495 1.0544459438026272
60553.1368 lsst_hardware_i 356.89033448800757 36.24449889514728 31.260000228881836 AB 1.3494445265209003 1.0380342511699232
60555.1224 lsst_hardware_z 403.04885097131995 45.73982666337264 30.950000762939453 AB 0.5877718270134238 1.0449276924683089
60555.1424 lsst_hardware_r 134.6892695909245 27.609412875121173 31.520000457763672 AB 1.4468884074587403 1.033491719613386
60557.1239 lsst_hardware_u 2.34358260782276 2.9175618618346006 28.489999771118164 AB 1.5305547830528035 1.0393083633224107
60557.1432 lsst_hardware_r 167.02521224486946 27.191885444878242 31.510000228881836 AB 1.5306699918699342 1.0328407502496182
60559.109 lsst_hardware_i 231.12044620222326 35.25411786416531 31.260000228881836 AB 1.6857273505252666 1.0473608888006314
60559.1288 lsst_hardware_z 256.33167987992016 45.164893275762324 30.959999084472656 AB 2.0983760391243824 1.0341922321953585
60561.0999 lsst_hardware_z 293.4385640808741 45.0398911045714 30.959999084472656 AB 2.676396620818201 1.051353916780752
60568.0876 lsst_hardware_r -175.08187310726498 113.10214298974185 31.65999984741211 AB 3.7594273158992038 1.0442853655275566
60568.1056 lsst_hardware_i 153.37940606230535 94.04646715951462 31.34000015258789 AB 3.7216833214105343 1.0338009226140372
60573.0717 lsst_hardware_r 43.099049510447415 60.751810565430226 31.639999389648438 AB 4.107038785325088 1.046423742492245
60573.0909 lsst_hardware_z 144.15531853907476 56.15447629976448 30.979999542236328 AB 4.0029727663927455 1.0340926805461197
60577.0628 lsst_hardware_z 176.0830576853137 43.34906561491768 30.950000762939453 AB 4.705432516778396 1.044491124700991
60577.0824 lsst_hardware_r 42.3187742930635 25.386968804498697 31.510000228881836 AB 4.593111594904422 1.0334759457520424
60580.062 lsst_hardware_r 88.74866912074869 25.25472594880211 31.510000228881836 AB 4.650650036700537 1.0387098056954502
60580.0816 lsst_hardware_i 58.3133383539354 32.79046892091585 31.25 AB 4.640181664248922 1.0328729358372908
60582.0602 lsst_hardware_z 123.9787158044012 43.05082457696314 30.950000762939453 AB 3.8445936372943357 1.03658129389828
60582.0789 lsst_hardware_r 65.24406635340017 25.23066844059137 31.510000228881836 AB 3.851205816498303 1.0331411472319223
60586.0372 lsst_hardware_g 16.942799736083266 15.77956908551481 31.469999313354492 AB 2.5157044115289438 1.0454513415413258
60586.0556 lsst_hardware_i 112.61247618420663 32.90267225009708 31.260000228881836 AB 2.384827362234607 1.03403412150655
60588.0391 lsst_hardware_z 129.25473570139783 43.01840604513184 30.950000762939453 AB 3.5414519601125636 1.0394125989666576
60588.0567 lsst_hardware_r 18.404061540445557 25.361758824797214 31.520000457763672 AB 3.8986357616677902 1.0328880015016286
60592.0403 lsst_hardware_r 44.24160204924095 28.40174394023651 31.549999237060547 AB 2.480975739622934 1.033739891509556
60592.0589 lsst_hardware_i 106.4124775899891 34.288437888282786 31.270000457763672 AB 2.542325957522151 1.0351490055057617
60594.0312 lsst_hardware_z 53.23327854951195 48.6592285432103 30.969999313354492 AB 6.289556216107985 1.0348920141683233
60594.0476 lsst_hardware_r 76.91945997612038 45.038734536516564 31.6200008392334 AB 5.573428310514203 1.0333921465723737
60599.0306 lsst_hardware_i 23.42372630996596 80.24663271755945 31.34000015258789 AB 7.2854114644363355 1.0329277342710539
60599.0482 lsst_hardware_z 156.8323457286527 70.8445601764683 30.989999771118164 AB 6.787937332890975 1.039818831631583
60601.0067 lsst_hardware_y -27.032401466525208 53.42831615587634 30.059999465942383 AB 4.200682555052854 1.0374617325396034
60601.0243 lsst_hardware_r 201.41704556640917 72.41101004014165 31.649999618530273 AB 4.201555996794344 1.0328731913290183
60603.009 lsst_hardware_y 113.52181385689224 48.55063960329121 30.049999237060547 AB 3.4502279871482546 1.034086014430767
60603.0271 lsst_hardware_g -6.810524122594047 16.02985008871309 31.489999771118164 AB 3.4391622680803042 1.0344900791338603
60608.9993 lsst_hardware_y -27.36472252692236 67.05999755859375 30.06999969482422 AB 4.85458399147785 1.032890210952734
60816.4182 lsst_hardware_g -63.061591260491795 32.130001068115234 31.670000076293945 AB 6.578733647088775 1.0367829870385756
60822.3967 lsst_hardware_i 18.085669145857622 45.66999816894531 32.02000045776367 AB 5.122336406154282 1.0399627258459285
60822.4176 lsst_hardware_y -1.5169447206947186 47.56999969482422 30.049999237060547 AB 4.38451311015965 1.0328652791895525
60825.4029 lsst_hardware_i -2.204450600968722 32.060001373291016 31.260000228881836 AB 13.347425403722061 1.0334157354969014
60825.4222 lsst_hardware_y 74.91686054033902 48.09000015258789 30.049999237060547 AB 13.250684901680007 1.0361406655729637
60831.3713 lsst_hardware_r 2.0675698602894346 24.75 31.520000457763672 AB 5.462986394110382 1.040568836973406
60831.3921 lsst_hardware_i 39.20632279550157 31.790000915527344 31.260000228881836 AB 4.751129660824162 1.0328542740922093
60843.2915 lsst_hardware_r -104.46157470573401 69.7699966430664 31.6299991607666 AB 4.90583200119134 1.1195204718892473
60843.3114 lsst_hardware_z 157.8504070176918 83.70999908447266 31.729999542236328 AB 4.0446752633791245 1.074758705946623
60843.3474 lsst_hardware_r -48.78853691943202 68.12000274658203 31.649999618530273 AB 3.4383941578749004 1.0354010011166577
60850.2945 lsst_hardware_u -6.145160740349421 4.03000020980835 29.25 AB 3.6888186706871844 1.0708782670854997
60850.3153 lsst_hardware_g 29.90420066702589 21.739999771118164 32.209999084472656 AB 3.602863430875892 1.0439552125008935
60853.2887 lsst_hardware_r -14.23757031076114 24.479999542236328 31.510000228881836 AB 7.5960529953444125 1.066911324782679
60853.3083 lsst_hardware_i -24.090319420400384 31.75 31.260000228881836 AB 7.018304206238025 1.0429161462572294
60859.2961 lsst_hardware_i 35.60241312059329 31.5 31.25 AB 6.65757586492265 1.0396776551764895
60859.3155 lsst_hardware_z -21.53030413226361 41.630001068115234 30.950000762939453 AB 6.622872812784106 1.0328603664051483
60864.283 lsst_hardware_r 53.62537255185696 69.66000366210938 31.649999618530273 AB 1.669547727941738 1.039299306702332
60864.303 lsst_hardware_i 43.79670545162818 57.25 31.329999923706055 AB 1.3490212491205353 1.0328753263221506
60869.2848 lsst_hardware_z 83.06611013285519 132.6300048828125 31.75 AB 6.446842079746842 1.0330925826206145
60871.2769 lsst_hardware_r 79.23026676812471 76.29000091552734 31.649999618530273 AB 5.563380287024305 1.0335092489363376
60871.2981 lsst_hardware_i 87.1269682375403 65.08000183105469 31.329999923706055 AB 4.854016494150363 1.0369060601656317
60878.2574 lsst_hardware_r -4.422240849475545 24.420000076293945 31.510000228881836 AB 5.0760757516557105 1.0335959313095977
60878.278 lsst_hardware_g 3.7526807907531667 15.510000228881836 31.459999084472656 AB 5.0846378594678665 1.0363945155438723
60882.24 lsst_hardware_z 13.738454610814157 41.84000015258789 30.950000762939453 AB 10.365391457959513 1.0358140759427914
60882.2593 lsst_hardware_i -11.040026954986253 31.739999771118164 31.260000228881836 AB 10.934550746897578 1.0335765404465542
60887.2159 lsst_hardware_g -17.377750375852557 22.34000015258789 32.22999954223633 AB 3.3361928229491653 1.0425602571716142
60887.2369 lsst_hardware_r 68.19356775468152 34.900001525878906 32.27000045776367 AB 3.305480492872586 1.032962654022683
60889.21 lsst_hardware_i 25.081179041611726 35.18000030517578 31.280000686645508 AB 1.8765809763023489 1.0429312576708125
60889.2304 lsst_hardware_z -71.14656986573999 43.130001068115234 30.959999084472656 AB 1.8421342976539392 1.0330690518668693
60893.2165 lsst_hardware_r -138.2374580220053 74.80000305175781 31.649999618530273 AB 2.321690158811989 1.0335849343625996
60893.2246 lsst_hardware_i -56.76644953460973 61.810001373291016 31.329999923706055 AB 2.3356772700186617 1.032914215596976
60895.2077 lsst_hardware_z 116.02948841536276 94.41999816894531 31.0 AB 3.4057777414626176 1.0345357017479158
60895.2282 lsst_hardware_i 13.91182381170163 110.79000091552734 31.350000381469727 AB 3.208205484148755 1.034904994886695
60898.2163 lsst_hardware_z -32.74540413223325 119.87999725341797 31.75 AB 6.65590296997357 1.0337393306025795
60900.2006 lsst_hardware_r -21.191084785318257 61.91999816894531 31.649999618530273 AB 3.1492298930302076 1.0330424448188316
60900.2193 lsst_hardware_i -80.83132280460111 53.849998474121094 31.329999923706055 AB 3.6462312666925887 1.037113351828938
60903.168 lsst_hardware_i -29.876787724271626 31.8700008392334 31.260000228881836 AB 5.105187607469642 1.0464130376570466
60903.1877 lsst_hardware_z 19.569274311034025 41.7599983215332 30.950000762939453 AB 5.040825767411751 1.0339625183142918
60905.1821 lsst_hardware_r -3.5568801251040036 24.8799991607666 31.520000457763672 AB 3.2567612350971813 1.0340018737741077
60905.1998 lsst_hardware_g -7.619893808645129 16.030000686645508 31.489999771118164 AB 3.222843088901298 1.0345098723201256
60907.1546 lsst_hardware_r -7.759911548880471 24.84000015258789 31.520000457763672 AB 1.9298766782794985 1.0489885464217956
60907.1734 lsst_hardware_i -57.12001142524825 31.860000610351562 31.260000228881836 AB 2.208140397310922 1.0351062450771928
60911.1678 lsst_hardware_u 1.7092269641079652 2.819999933242798 28.469999313354492 AB 3.0729915678248543 1.0334883779574073
60911.1892 lsst_hardware_g 21.972639836444795 15.770000457763672 31.469999313354492 AB 3.0851325302967476 1.0370774374912033
60931.088 lsst_hardware_r -58.52478661179338 24.139999389648438 31.510000228881836 AB 2.689227559493466 1.0501718478935727
60931.1077 lsst_hardware_i 29.661068329565882 31.350000381469727 31.260000228881836 AB 2.661691472068299 1.0351741262297711
60937.0706 lsst_hardware_g 32.04644425548203 15.34000015258789 31.469999313354492 AB 5.759138219062577 1.0513373184566963
60937.0893 lsst_hardware_i -61.001195222226414 31.360000610351562 31.260000228881836 AB 5.762233756172082 1.0360624074627658
60942.071 lsst_hardware_u -3.4995802171946324 2.809999942779541 28.479999542236328 AB 3.139879462011592 1.038663401260793
60942.0914 lsst_hardware_g -0.43790715242117845 15.279999732971191 31.459999084472656 AB 3.793355568325475 1.0329551334280136
60944.0619 lsst_hardware_r 42.25745224301293 24.559999465942383 31.520000457763672 AB 3.0341885517550002 1.0412452133682226
60944.0803 lsst_hardware_i 2.783101682656354 31.670000076293945 31.260000228881836 AB 3.0782617323452675 1.0330604018273166
60946.0614 lsst_hardware_z 46.84695864006126 42.119998931884766 30.950000762939453 AB 4.641931078762247 1.0378441821647835
60946.081 lsst_hardware_r 19.0141567238246 26.709999084472656 31.540000915527344 AB 4.63594037752519 1.0330019038567662
60954.0385 lsst_hardware_z -30.216940241813358 73.94000244140625 31.0 AB 3.54316374813796 1.0384926231658642
60954.0578 lsst_hardware_r 10.678239199726358 109.76000213623047 31.670000076293945 AB 3.89824850276568 1.0328994244339278
60956.0248 lsst_hardware_y -15.486365114337978 51.63999938964844 30.049999237060547 AB 4.740425476051577 1.0449521604875074
60956.0444 lsst_hardware_g 153.23981237337253 83.20999908447266 31.729999542236328 AB 4.911678813894302 1.0336024440013263
60960.0278 lsst_hardware_z 34.68570973705779 41.75 30.950000762939453 AB 6.260975141079613 1.0354709569303917
60960.0453 lsst_hardware_r -31.196826602896195 24.329999923706055 31.510000228881836 AB 5.610735309825409 1.0333638817881192
60962.0325 lsst_hardware_u 2.7770765171309 2.7899999618530273 28.450000762939453 AB 7.443999056585867 1.032932339026716
60962.0488 lsst_hardware_r 27.412432189127244 24.399999618530273 31.510000228881836 AB 7.462596658221038 1.0364717580862552
60964.0064 lsst_hardware_y -42.843136697104335 48.29999923706055 30.049999237060547 AB 8.155330839110645 1.041948491006854
60964.0257 lsst_hardware_i -38.20118621737566 31.59000015258789 31.260000228881836 AB 8.071626685146324 1.0330580228429733
60968.9968 lsst_hardware_y 12.777921749251885 67.97000122070312 30.06999969482422 AB 3.5168320289989583 1.0389715243602133
60969.0146 lsst_hardware_g -2.433024336616359 16.40999984741211 31.5 AB 3.4337828498343157 1.0328719656593561
60972.9993 lsst_hardware_y 24.734592903390478 70.8499984741211 30.06999969482422 AB 3.8731810761899643 1.0333305078876713
60973.0173 lsst_hardware_r 11.251660301286954 25.3799991607666 31.530000686645508 AB 3.751033777939699 1.0357679905949742
