data/validation/pwv_sim_epoch_fit_4/8274143.ecsv
# %ECSV 0.9
# ---
# datatype:
# - {name: time, datatype: float64}
# - {name: band, datatype: string}
# - {name: flux, datatype: float64}
# - {name: fluxerr, datatype: float64}
# - {name: zp, datatype: float64}
# - {name: zpsys, datatype: string}
# - {name: pwv, datatype: float64}
# - {name: airmass, datatype: float64}
# meta: {SNID: '8274143', alt: 1024.0, c: 0.011627329513430595, dec: -26.276812, lat: -30.244573, lon: -70.7499537, ra: 300.058594, t0: 60732.30078125,
#   x0: 2.4637210241030746e-05, x1: 1.4228479862213135, z: 0.3136470913887024}
# schema: astropy-2.0
time band flux fluxerr zp zpsys pwv airmass
60780.3324 lsst_hardware_z 1436.691789450649 72.5943796053694 30.950000762939453 AB 13.232571826939404 1.3456624626978597
60780.3507 lsst_hardware_i 1538.1622818190685 76.58199014737943 31.290000915527344 AB 12.237491094243197 1.2411248574283162
60782.3423 lsst_hardware_z 1261.3008151389379 67.84480979404812 30.959999084472656 AB 18.49047758307031 1.2560185839126659
60782.3618 lsst_hardware_r 985.1739508238578 78.37402250601461 31.6299991607666 AB 17.1975771016484 1.1686246069763853
60784.3404 lsst_hardware_y 779.0066801376028 83.14936222624756 30.75 AB 13.54033883800918 1.238068165621077
60790.3475 lsst_hardware_r 1371.0587702380756 51.6126367136462 32.2599983215332 AB 17.803862213085836 1.1412732187875536
60790.3656 lsst_hardware_i 2281.879791635137 66.04317685724759 32.0099983215332 AB 16.9686673213632 1.0877350847027691
60792.3356 lsst_hardware_z 773.3120469996994 52.062576207056786 30.940000534057617 AB 2.5675691875455957 1.1644304705422204
60792.3538 lsst_hardware_r 763.1401831402667 36.40314767074917 31.520000457763672 AB 2.4980509756992655 1.104680561187765
60795.3498 lsst_hardware_i 1041.4557787165893 45.69656325037889 31.25 AB 11.532050700941971 1.0932753591564384
60795.3674 lsst_hardware_z 772.9139745832575 49.85146494932282 30.950000762939453 AB 11.033152456766933 1.0537285369424116
60800.3523 lsst_hardware_g -17.576673626961156 15.979999542236328 31.489999771118164 AB 7.056939611563611 1.0565071654410676
60800.3712 lsst_hardware_r -18.722596259286533 24.760000228881836 31.530000686645508 AB 6.856905666494858 1.0264444693678916
60802.3395 lsst_hardware_i 35.195528759627855 32.09000015258789 31.260000228881836 AB 6.552276282502039 1.071859362424675
60802.36 lsst_hardware_z -9.889054684390018 41.77000045776367 30.959999084472656 AB 6.108001505620606 1.0342027608568582
60804.3553 lsst_hardware_r -16.486766706556725 32.959999084472656 31.59000015258789 AB 7.9758578741264445 1.0331087560799772
60804.3768 lsst_hardware_g 11.036402100987024 15.800000190734863 31.5 AB 7.7565349402357295 1.0103491916724967
60806.2319 lsst_hardware_i -0.8770961685203378 68.91999816894531 31.229999542236328 AB 11.952564959453202 1.5924014068016523
60806.2524 lsst_hardware_z -17.434005517933777 63.040000915527344 30.940000534057617 AB 11.131801640282776 1.4090888152256678
60808.2316 lsst_hardware_i -30.618540840739723 80.66000366210938 31.239999771118164 AB 10.177316989315889 1.5402674217655528
60808.2506 lsst_hardware_z 41.24426862249906 72.22000122070312 30.950000762939453 AB 9.744311668537582 1.3822699012039978
60810.2365 lsst_hardware_z -93.57059587248288 80.9800033569336 30.940000534057617 AB 9.370106880811795 1.448164475938055
60810.2559 lsst_hardware_r -226.16196143262113 115.83999633789062 31.59000015258789 AB 9.358139550564417 1.3117201598716637
60812.2374 lsst_hardware_i 20.108038000511467 91.05999755859375 31.270000457763672 AB 9.727681622023091 1.3987942705300902
60812.2556 lsst_hardware_r -94.30854796608644 106.5 31.600000381469727 AB 8.23358864096683 1.2818082756010272
60814.2487 lsst_hardware_z 275.407128887072 85.93000030517578 31.700000762939453 AB 10.251423158774948 1.2899198673067045
60819.3099 lsst_hardware_z 10.921504929566206 41.720001220703125 30.950000762939453 AB 7.464952984385202 1.0398077285272331
60819.3319 lsst_hardware_r 21.762309519431057 24.030000686645508 31.510000228881836 AB 7.284173736774988 1.0133797630460326
60826.2404 lsst_hardware_r 21.61370623211263 24.700000762939453 31.489999771118164 AB 8.412690364195264 1.173590843645003
60826.2597 lsst_hardware_u 0.3305371960147403 2.8399999141693115 28.469999313354492 AB 7.570604739790391 1.108325893976731
60833.231 lsst_hardware_r -28.451110201246344 54.59000015258789 31.6200008392334 AB 4.52529171088142 1.1382472652506295
60833.2514 lsst_hardware_z -50.38975521446958 49.43000030517578 30.969999313354492 AB 4.096374263071116 1.0798877670661993
60842.1426 lsst_hardware_i -25.28520582721604 68.66000366210938 31.25 AB 11.76229483434809 1.5044504158194103
60842.1642 lsst_hardware_z 15.994790971181112 64.51000213623047 30.950000762939453 AB 10.475994923572177 1.3387567792258537
60844.1581 lsst_hardware_u 6.184972014700056 3.6600000858306885 28.959999084472656 AB 7.857525939501199 1.3428990126472315
60844.1819 lsst_hardware_g -10.305279576439867 31.200000762939453 32.279998779296875 AB 7.043049596638923 1.2130640021768835
60847.1325 lsst_hardware_g 4.02001500602799 15.119999885559082 31.299999237060547 AB 4.27995847697003 1.4731385303935398
60847.156 lsst_hardware_r 25.606951087111426 25.1200008392334 31.459999084472656 AB 3.8482005676710482 1.3050646284211107
60849.1441 lsst_hardware_i 20.24040741545377 33.56999969482422 31.200000762939453 AB 4.603869205561911 1.3451772697040525
60849.1563 lsst_hardware_z -30.143295941785077 44.59000015258789 30.920000076293945 AB 4.360456285972266 1.2723829255828032
60851.1579 lsst_hardware_g -2.2296810289907305 15.390000343322754 31.399999618530273 AB 4.880505070256438 1.2360402862495727
60851.1781 lsst_hardware_r 9.251770483212749 24.729999542236328 31.5 AB 4.347168779527482 1.1512883263298048
60860.139 lsst_hardware_g 15.574883697066282 36.869998931884766 31.610000610351562 AB 10.54164530166061 1.2095400260068585
60860.1611 lsst_hardware_r 39.26110897947544 37.9900016784668 31.579999923706055 AB 9.891416070553909 1.1257835903319287
60861.1501 lsst_hardware_i -66.5020762258644 43.25 31.290000915527344 AB 4.206742620231196 1.1537966594161264
60861.1693 lsst_hardware_r -37.84043762183645 45.06999969482422 31.610000610351562 AB 3.938761022798977 1.094100284110827
60863.1629 lsst_hardware_z -119.21151359811702 55.65999984741211 30.969999313354492 AB 1.9738809194511253 1.0966005108061807
60863.182 lsst_hardware_r 45.81053063278508 67.75 31.639999389648438 AB 2.328414174189877 1.0532633477939735
60865.1572 lsst_hardware_r 42.5069710551044 107.08000183105469 31.649999618530273 AB 3.504964439073348 1.0972444242116293
60865.1766 lsst_hardware_i -50.7981260691337 89.80999755859375 31.34000015258789 AB 2.7230944171294063 1.0531498325884001
60867.1478 lsst_hardware_z -78.39127055174485 114.30000305175781 30.989999771118164 AB 8.251987941880369 1.108219613028662
60867.1665 lsst_hardware_r -163.06866433587584 173.0399932861328 31.65999984741211 AB 7.929003355916526 1.062275764999423
60870.1643 lsst_hardware_z 58.01545555758207 84.4800033569336 31.729999542236328 AB 7.896071342964103 1.0506498432729305
60872.1584 lsst_hardware_r -35.58230991912186 38.189998626708984 31.600000381469727 AB 3.011104373245211 1.0514550408538494
60872.1758 lsst_hardware_z -2.3598073341044556 46.45000076293945 30.969999313354492 AB 3.1664960523908374 1.0250047915807516
60877.0612 lsst_hardware_r -30.958765275861694 25.81999969482422 31.450000762939453 AB 7.920635810657833 1.3895852299399707
60877.0791 lsst_hardware_g 1.1493680246739961 15.760000228881836 31.389999389648438 AB 7.276021856915747 1.2764950626167977
60879.0658 lsst_hardware_r 55.34758779732216 25.549999237060547 31.469999313354492 AB 6.244731571963302 1.3222193006362528
60879.0853 lsst_hardware_i -4.200744935191146 33.18000030517578 31.239999771118164 AB 7.892372408189445 1.2178177538385904
60881.0443 lsst_hardware_i -8.579264155813227 34.86000061035156 31.190000534057617 AB 6.744208735101339 1.4349380287449658
60881.064 lsst_hardware_z 7.776007661484599 45.619998931884766 30.920000076293945 AB 6.110875980860258 1.3001863789064378
60883.0706 lsst_hardware_u 4.623897071913389 2.6600000858306885 28.270000457763672 AB 4.234458365728414 1.2357068259220583
60883.0893 lsst_hardware_g -18.58186654593963 15.579999923706055 31.40999984741211 AB 3.505048749393646 1.1564637061513268
60886.0705 lsst_hardware_z -2.6545564000065607 44.13999938964844 30.940000534057617 AB 5.753376839510313 1.198620174897982
60886.0902 lsst_hardware_u 2.913024498501378 3.069999933242798 28.510000228881836 AB 5.852631798125152 1.1255061150240677
60888.048 lsst_hardware_r 58.95623058323756 31.860000610351562 31.510000228881836 AB 4.865735605262601 1.2823972076859989
60888.0663 lsst_hardware_g 5.98537589448823 26.0 31.559999465942383 AB 4.5227862315622405 1.193242344093459
60894.0712 lsst_hardware_z 7.564202581628405 94.38999938964844 30.989999771118164 AB 2.6552733114287626 1.11671677486227
60894.0889 lsst_hardware_r -29.384271917498424 139.5500030517578 31.649999618530273 AB 2.9048209884317915 1.0705728458593826
60896.0704 lsst_hardware_i 83.88711817886215 114.70999908447266 31.34000015258789 AB 4.370393973176861 1.1031705443441804
60896.0884 lsst_hardware_r -26.67221923214552 142.3000030517578 31.65999984741211 AB 4.042775324617939 1.0600756903990154
60899.0668 lsst_hardware_r 26.066059243921504 51.630001068115234 31.6200008392334 AB 3.5997375209334073 1.0908295517980022
60899.0859 lsst_hardware_i -64.34920672322656 53.290000915527344 31.31999969482422 AB 2.8796338395527252 1.0492380541273485
60901.0573 lsst_hardware_i 44.846850521457064 32.06999969482422 31.25 AB 3.7042461864854004 1.1016345536017078
60901.0753 lsst_hardware_z 5.440940335732127 41.95000076293945 30.940000534057617 AB 3.5779900768696122 1.0589685762101195
60904.0773 lsst_hardware_r -48.60085541403009 24.34000015258789 31.530000686645508 AB 4.07987852936469 1.040652602822265
60904.0957 lsst_hardware_z 20.018968056680315 41.5099983215332 30.959999084472656 AB 4.113116499927796 1.017091122632908
60911.9713 lsst_hardware_y -160.4833895763333 72.69999694824219 29.959999084472656 AB 6.630322821571764 1.35037124675596
60911.9887 lsst_hardware_r -7.369491757563641 25.030000686645508 31.469999313354492 AB 6.020318394992944 1.2492230938409385
60918.9761 lsst_hardware_y 72.47441596488481 69.44000244140625 30.010000228881836 AB 5.649800737892454 1.2177388209197924
60918.9931 lsst_hardware_z 1.5841328486083548 48.560001373291016 30.950000762939453 AB 4.619736403300204 1.1489261743715664
60919.9997 lsst_hardware_r 4.328673466726576 56.65999984741211 31.6200008392334 AB 2.655487468178944 1.118256934943407
60920.0112 lsst_hardware_z 36.95761506125565 51.900001525878906 30.959999084472656 AB 1.7224917373281097 1.0864028617648123
60931.9841 lsst_hardware_y 7.330029754756095 54.77000045776367 30.049999237060547 AB 2.7455627028340612 1.0729045341281989
60932.0012 lsst_hardware_r 26.179419937023475 24.399999618530273 31.520000457763672 AB 1.4561200925746836 1.0400857804104884
60933.9923 lsst_hardware_z -87.8058568140164 64.2699966430664 31.719999313354492 AB 2.733670385769521 1.0457805607381487
