data/validation/pwv_sim_epoch_fit_4/831872.ecsv
# %ECSV 0.9
# ---
# datatype:
# - {name: time, datatype: float64}
# - {name: band, datatype: string}
# - {name: flux, datatype: float64}
# - {name: fluxerr, datatype: float64}
# - {name: zp, datatype: float64}
# - {name: zpsys, datatype: string}
# - {name: pwv, datatype: float64}
# - {name: airmass, datatype: float64}
# meta: {SNID: '831872', alt: 1024.0, c: -0.07576517760753632, dec: -8.687297, lat: -30.244573, lon: -70.7499537, ra: 197.753906, t0: 61534.15625,
#   x0: 1.248690810728398e-05, x1: -1.3636988401412964, z: 0.41906630992889404}
# schema: astropy-2.0
time band flux fluxerr zp zpsys pwv airmass
[from data line 133]
61834.3062 lsst_hardware_i -18.91479703798365 31.700000762939453 31.239999771118164 AB 10.485114748879262 1.076408392390719
61834.3272 lsst_hardware_z 3.077955378759789 42.5 30.940000534057617 AB 10.619988064930899 1.0942800685142606
61836.3005 lsst_hardware_r -48.757052406126824 24.229999542236328 31.489999771118164 AB 9.657696748528668 1.0763063355097144
61836.3203 lsst_hardware_u -2.5637423094329117 2.680000066757202 28.350000381469727 AB 9.718999941322842 1.0924725476401838
61840.2712 lsst_hardware_r -14.433035921126462 109.69000244140625 31.649999618530273 AB 9.463487760026643 1.075243602900343
61840.2905 lsst_hardware_i -155.56345300638722 86.37999725341797 31.329999923706055 AB 9.549943113527918 1.0767070734470336
61843.2461 lsst_hardware_z 117.56518378616607 92.05000305175781 30.989999771118164 AB 12.258933848814587 1.0860387454376992
61843.2685 lsst_hardware_r 32.439793012474674 130.77000427246094 31.649999618530273 AB 11.69544226197898 1.074175357384755
61845.2745 lsst_hardware_i -0.42664099269147954 60.36000061035156 31.31999969482422 AB 8.092488896513203 1.0757473719221733
61845.2945 lsst_hardware_z -68.16385003542968 58.150001525878906 30.969999313354492 AB 8.387962744653533 1.0909988395387027
61847.2662 lsst_hardware_r 4.890182295202791 39.349998474121094 31.59000015258789 AB 6.795735321812595 1.0748777331912154
61847.2864 lsst_hardware_z -32.03381312406936 45.970001220703125 30.950000762939453 AB 6.8445588150516405 1.0880498328293198
61849.267 lsst_hardware_g 29.907984049997367 20.760000228881836 31.549999237060547 AB 5.361301218939107 1.0772154347878398
61849.2867 lsst_hardware_r 6.578384437108948 27.860000610351562 31.530000686645508 AB 5.446033178035951 1.0948634299955002
61851.2647 lsst_hardware_i -29.511197105943076 32.040000915527344 31.25 AB 5.710526050467533 1.0789846103859297
61851.2839 lsst_hardware_z -62.50652599169107 42.90999984741211 30.940000534057617 AB 5.729712916118613 1.0984879056975705
61853.2367 lsst_hardware_z -78.01568775489328 42.380001068115234 30.940000534057617 AB 6.397805758545505 1.0749603626791662
61853.2554 lsst_hardware_r -40.15741841647235 24.770000457763672 31.510000228881836 AB 6.58713374228059 1.0768862552432779
61855.1979 lsst_hardware_r 3.9477577862391664 25.020000457763672 31.5 AB 8.147998269760917 1.1062132782406096
61855.2149 lsst_hardware_i 10.258083206825372 32.40999984741211 31.25 AB 7.061263817293304 1.0845545931410827
61857.1882 lsst_hardware_z 79.2073643890392 42.86000061035156 30.940000534057617 AB 7.9658794005015645 1.1135898509554683
61857.2058 lsst_hardware_i -13.51099454054448 32.209999084472656 31.25 AB 7.742990065974759 1.0881608749671747
61859.2513 lsst_hardware_u 2.1623412603236933 2.7699999809265137 28.389999389648438 AB 7.244017545215539 1.0856798039489448
61859.2699 lsst_hardware_g 23.36659233945055 15.819999694824219 31.440000534057617 AB 7.4187071894178285 1.1109868374663232
61861.2458 lsst_hardware_r -5.891714190868056 24.959999084472656 31.510000228881836 AB 4.570369753230787 1.085641494888359
61861.2639 lsst_hardware_i -5.379167880300926 32.540000915527344 31.239999771118164 AB 5.22457883528848 1.1100379961661078
61863.2138 lsst_hardware_i 9.975132285360015 31.950000762939453 31.239999771118164 AB 7.700799802494144 1.0741804718223105
61863.232 lsst_hardware_z -2.0579070086022937 42.2400016784668 30.940000534057617 AB 7.696668606531198 1.0790226561798726
61867.213 lsst_hardware_r -145.63666992449578 66.69000244140625 31.639999389648438 AB 9.318517106900416 1.0752652077773288
61867.231 lsst_hardware_i -24.233287758561534 57.119998931884766 31.31999969482422 AB 9.392641627553552 1.0872161621553258
61873.1168 lsst_hardware_r 210.10355576536497 146.3300018310547 32.810001373291016 AB 8.562887179554634 1.1839047636866524
61873.1342 lsst_hardware_i 91.99727218504755 69.04000091552734 31.309999465942383 AB 9.675637655650156 1.1350831153368057
61875.2067 lsst_hardware_z 45.31702119940445 68.94000244140625 31.719999313354492 AB 10.739640871306918 1.0848122092229209
61877.1878 lsst_hardware_g -6.422868450138671 24.489999771118164 31.600000381469727 AB 14.6846296404527 1.0759941117752483
61877.2042 lsst_hardware_r -4.113340227693159 32.97999954223633 31.56999969482422 AB 14.848719545504393 1.0877385939128557
61882.1919 lsst_hardware_g -6.605751688908637 15.899999618530273 31.459999084472656 AB 10.096843410337621 1.089195621395644
61882.212 lsst_hardware_r -28.779883689587166 25.1200008392334 31.5 AB 9.359025261608997 1.120215280275574
61884.1595 lsst_hardware_r -27.624933155424635 24.579999923706055 31.510000228881836 AB 10.25034004791833 1.074083833173355
61884.1776 lsst_hardware_i -16.240443736262183 31.899999618530273 31.25 AB 8.560686460270972 1.0810312489292733
61886.1565 lsst_hardware_z -18.755393573343383 42.560001373291016 30.940000534057617 AB 9.371942915734225 1.0742713108361102
61886.1746 lsst_hardware_u 2.942005573402438 2.8499999046325684 28.459999084472656 AB 6.945080716029479 1.0829831536918166
61887.0676 lsst_hardware_g -1.916107331622095 15.59000015258789 31.389999389648438 AB 5.018490019300267 1.2240219559268946
61887.0779 lsst_hardware_r 0.6718712205549936 25.18000030517578 31.479999542236328 AB 4.863204622169314 1.186147468821784
61890.1589 lsst_hardware_i 41.191540114504214 32.13999938964844 31.25 AB 11.316600601242715 1.0794163106870198
61890.1767 lsst_hardware_z 64.28505829722131 42.83000183105469 30.940000534057617 AB 11.9886634534407 1.0974776973993288
61893.1126 lsst_hardware_g -33.161752122881005 27.889999389648438 31.6299991607666 AB 14.290415074744384 1.0832637261025155
61893.1325 lsst_hardware_r 22.568515243963436 31.920000076293945 31.56999969482422 AB 12.141970693226968 1.0741304576456978
61894.1667 lsst_hardware_i -52.48179556850376 42.38999938964844 31.290000915527344 AB 10.030177775095384 1.0987761160207463
61894.1797 lsst_hardware_r 48.10437123483618 41.349998474121094 31.59000015258789 AB 10.399226690780026 1.1211499855296236
61898.1498 lsst_hardware_r -153.04826456423154 149.3000030517578 31.649999618530273 AB 10.662377487225163 1.091003528826921
61898.1685 lsst_hardware_i 38.24150815771909 120.33999633789062 31.329999923706055 AB 9.874821524703512 1.1205895097350456
61900.1176 lsst_hardware_i 131.06943312525564 97.19999694824219 31.34000015258789 AB 7.986650045738529 1.0741963746790895
61900.1373 lsst_hardware_z -14.799461718629521 82.30999755859375 30.989999771118164 AB 7.58014671707591 1.0837812534839857
61909.0826 lsst_hardware_g 13.828244443918035 15.289999961853027 31.440000534057617 AB 8.751519777888513 1.0753014143866946
61909.1028 lsst_hardware_r -26.079296299372444 24.329999923706055 31.5 AB 8.643769965636562 1.0770270031009037
61911.0792 lsst_hardware_i 11.531424960369495 31.760000228881836 31.260000228881836 AB 7.62854498314473 1.0747457006402832
61911.0996 lsst_hardware_r -11.321164310338942 24.43000030517578 31.520000457763672 AB 7.707467304878279 1.0782187882786434
61919.0473 lsst_hardware_z -13.129989256669155 60.060001373291016 31.700000762939453 AB 10.42411067116642 1.0790446323861693
61919.0668 lsst_hardware_u 6.75555749896814 3.990000009536743 29.219999313354492 AB 10.36106246538746 1.0743253716346488
61947.9648 lsst_hardware_y 29.50403701535137 49.130001068115234 30.030000686645508 AB 8.306893423624462 1.0813451475688933
61947.9858 lsst_hardware_r -31.163211625578118 25.739999771118164 31.520000457763672 AB 8.181709633232083 1.0741380639663727
61956.9582 lsst_hardware_y 53.41276549172208 65.56999969482422 30.049999237060547 AB 6.062271196597796 1.074109000105917
61956.9812 lsst_hardware_z -77.56044235324146 60.38999938964844 30.979999542236328 AB 7.08624110760004 1.0833850591311056
