data/validation/pwv_sim_epoch_fit_4/8354174.ecsv
# %ECSV 0.9
# ---
# datatype:
# - {name: time, datatype: float64}
# - {name: band, datatype: string}
# - {name: flux, datatype: float64}
# - {name: fluxerr, datatype: float64}
# - {name: zp, datatype: float64}
# - {name: zpsys, datatype: string}
# - {name: pwv, datatype: float64}
# - {name: airmass, datatype: float64}
# meta: {SNID: '8354174', alt: 1024.0, c: -0.06654354929924011, dec: 2.089372, lat: -30.244573, lon: -70.7499537, ra: 248.027344, t0: 61556.8671875,
#   x0: 9.490985995004975e-06, x1: -2.3716814517974854, z: 0.47032105922698975}
# schema: astropy-2.0
time band flux fluxerr zp zpsys pwv airmass
61477.3837 lsst_hardware_g 0.26616432535254697 14.600000381469727 31.399999618530273 AB 17.022984734338156 1.2021457388042907
61477.403 lsst_hardware_z -41.656399798976075 53.79999923706055 30.959999084472656 AB 16.807575655591858 1.1846471029585344
61481.4096 lsst_hardware_r 55.083732852808446 36.38999938964844 31.559999465942383 AB 10.724497718402235 1.184460227338906
61487.3864 lsst_hardware_z -35.17361274259968 94.05000305175781 31.729999542236328 AB 7.548506599996156 1.1827807270442112
61487.4038 lsst_hardware_y -53.75443593510753 61.91999816894531 30.020000457763672 AB 7.541169238663258 1.1915261871801641
61489.3982 lsst_hardware_y -43.78083513902602 56.34000015258789 30.010000228881836 AB 8.833019866719225 1.1913973383759364
61494.3514 lsst_hardware_z 50.153618653574554 46.310001373291016 30.950000762939453 AB 7.584421093631168 1.187539837207419
61494.3715 lsst_hardware_r -33.33910375405172 36.04999923706055 31.56999969482422 AB 7.489234178786522 1.1835540561473703
61497.3527 lsst_hardware_u 3.779441048685904 2.880000114440918 28.399999618530273 AB 10.607412117029071 1.1832356861071736
61497.3701 lsst_hardware_r -26.915813046695604 24.329999923706055 31.479999542236328 AB 10.721322114689286 1.1865995109594871
61499.3555 lsst_hardware_i 50.45699784031073 31.860000610351562 31.229999542236328 AB 9.024455769771812 1.1830180165748498
61499.3756 lsst_hardware_z 33.17876082649752 43.630001068115234 30.93000030517578 AB 9.781088598698283 1.1962805196389887
61501.3531 lsst_hardware_r 14.878536559186271 23.399999618530273 31.469999313354492 AB 21.5929309140696 1.1837688837719182
61501.3723 lsst_hardware_u -1.7412484826205947 2.630000114440918 28.31999969482422 AB 21.821965609508425 1.1988993101094103
61503.353 lsst_hardware_g 7.819703851658407 14.050000190734863 31.3700008392334 AB 11.016970660224633 1.1861723035754266
61503.3717 lsst_hardware_r 9.74099734483623 23.56999969482422 31.469999313354492 AB 11.152852868144022 1.2056703760020202
61511.3245 lsst_hardware_r 1.2646123074452118 23.540000915527344 31.479999542236328 AB 20.225052728033216 1.1833975305059223
61511.3423 lsst_hardware_g 13.93379757645591 14.229999542236328 31.389999389648438 AB 20.453685622757536 1.1956674727593333
61515.2951 lsst_hardware_i 154.24547965706307 82.12999725341797 31.309999465942383 AB 4.268751667796136 1.1868632996652833
61515.3123 lsst_hardware_z 64.48087514672889 71.8499984741211 30.979999542236328 AB 4.266098153058691 1.183110188044849
61518.2913 lsst_hardware_r -60.218099666590575 156.22000122070312 32.380001068115234 AB 6.706143488489753 1.1845519586357312
61518.3097 lsst_hardware_z -101.13483474407832 76.86000061035156 30.979999542236328 AB 6.644821073677358 1.1849529347341186
61522.2875 lsst_hardware_i 13.748920985014841 44.79999923706055 31.280000686645508 AB 3.193506962354263 1.1827803564275048
61522.3066 lsst_hardware_z -82.97971702724938 49.709999084472656 30.950000762939453 AB 2.3890731431459558 1.1900737948423192
61524.2927 lsst_hardware_r -33.45606594897131 30.959999084472656 31.530000686645508 AB 14.236454422475385 1.184676456386729
61524.3105 lsst_hardware_g -7.234151884055569 25.739999771118164 31.559999465942383 AB 14.416087178155829 1.200190415697942
61526.2885 lsst_hardware_r 1.3235914785757386 24.389999389648438 31.479999542236328 AB 10.765544351134125 1.1852627870672652
61526.3052 lsst_hardware_i -35.22867537302707 32.540000915527344 31.229999542236328 AB 11.8221698238675 1.2004030891879474
61528.2883 lsst_hardware_z -53.00104827137215 43.036988082623466 30.93000030517578 AB 14.992668404579392 1.1885422723816341
61528.3087 lsst_hardware_i -39.14227990647621 31.97501704526662 31.229999542236328 AB 15.156010332066632 1.21439957789841
61530.2547 lsst_hardware_r -22.645703037466898 24.387599925547963 31.479999542236328 AB 10.780773957507645 1.1865258592898573
61530.2727 lsst_hardware_u -4.283673718369451 3.35862881326075 28.3799991607666 AB 10.726941803783799 1.1834231387250909
61533.2588 lsst_hardware_i -33.64536035784742 32.648284961892976 31.239999771118164 AB 10.999328594698504 1.1827235048062907
61533.2769 lsst_hardware_z -102.91165898612356 43.651423622362586 30.940000534057617 AB 11.070369849170424 1.1903623493731639
61535.2555 lsst_hardware_r -85.69749431926468 25.577288613151566 31.489999771118164 AB 8.397920287653532 1.182805674317399
61535.2744 lsst_hardware_g -60.68014079756206 17.51371444277108 31.40999984741211 AB 8.471260534636707 1.1931352865685503
61539.1224 lsst_hardware_z 162.2081887154007 53.1716121592513 30.889999389648438 AB 10.110103174531485 1.641694696811608
61539.1469 lsst_hardware_i 98.9717328625579 42.46307725654798 31.209999084472656 AB 8.978355198236201 1.4431561077319224
61541.1986 lsst_hardware_r 667.8348275311167 61.480492891087145 31.600000381469727 AB 6.578392890873167 1.2194629513158155
61541.2431 lsst_hardware_z 773.3412197486543 94.47955075021498 32.13999938964844 AB 6.1971369371097484 1.183544367534846
61543.195 lsst_hardware_y 293.98224673514295 58.87437015358846 29.989999771118164 AB 8.886026484587445 1.2159313744646203
61543.2155 lsst_hardware_r 1051.2521582746897 98.16807892736327 31.610000610351562 AB 9.505689273322371 1.1891153823206027
61551.1913 lsst_hardware_r 3500.887705309684 75.1868748987033 31.59000015258789 AB 7.361879613941572 1.191114164697698
61551.2128 lsst_hardware_z 1323.5606110633887 61.348387825032766 30.950000762939453 AB 7.128594159176296 1.1829237351879354
61553.2039 lsst_hardware_r 3582.125703852211 66.00232592692161 31.530000686645508 AB 8.92336251128603 1.1827378074515371
61553.2242 lsst_hardware_i 1946.7740728663198 57.61530268467954 31.25 AB 8.43712265232198 1.192104931447825
61560.1675 lsst_hardware_g 1882.3890378080255 47.54241005148304 32.13999938964844 AB 13.6892031162111 1.1904344990617806
61560.1885 lsst_hardware_r 6446.450136587213 86.71836239255236 32.22999954223633 AB 13.576130315897993 1.1829675839464873
61562.1595 lsst_hardware_i 4195.249487420808 79.37128921109199 31.989999771118164 AB 6.763149689026805 1.1927953596167205
61562.1821 lsst_hardware_z 3389.1936026570097 83.52270003021803 31.690000534057617 AB 6.44692084717479 1.1828489108632563
61571.1099 lsst_hardware_z 1014.5071359399109 69.96847188956363 30.950000762939453 AB 15.314812791668205 1.2340288970959776
61571.1292 lsst_hardware_r 1799.613555518695 88.63589436902882 31.610000610351562 AB 14.753920996387318 1.1993107621839798
61577.1158 lsst_hardware_r 826.590205617559 94.97546166955964 31.610000610351562 AB 3.587145270624055 1.1957150902080185
61577.1354 lsst_hardware_z 822.5238231595313 71.55179482489895 30.969999313354492 AB 3.5120656306541083 1.1830447891266926
61579.1088 lsst_hardware_g 62.17878831973747 57.34027493910316 31.649999618530273 AB 3.8320515741977 1.1975161169367812
61579.1276 lsst_hardware_r 652.7906769397829 62.17541948734841 31.600000381469727 AB 4.091622448070992 1.1835760625024565
61581.1059 lsst_hardware_i 943.8185519752831 44.41002710111001 31.229999542236328 AB 6.148044199362084 1.194587515865707
61581.1236 lsst_hardware_z 733.4927499290328 51.0997380362788 30.93000030517578 AB 6.248260067497897 1.1832145182972733
61583.9754 lsst_hardware_r 317.0962735790709 31.109789674720453 31.299999237060547 AB 12.53080974823295 1.953208596092847
61583.9926 lsst_hardware_i 756.151903423815 44.19733806371098 31.139999389648438 AB 11.033998787943803 1.7164633841757606
61586.0991 lsst_hardware_z 616.8804613672335 50.33585792444008 30.93000030517578 AB 4.341106807934173 1.1883675904555633
61586.1207 lsst_hardware_i 756.6417096424515 41.1558113195204 31.229999542236328 AB 4.2755305342832015 1.183701698306636
61595.0876 lsst_hardware_i 346.86455219218846 38.207848360153044 31.229999542236328 AB 3.7094656963853088 1.1828653368575601
61595.1083 lsst_hardware_z 428.44834736954414 48.620786265747334 30.93000030517578 AB 3.7037812116162314 1.1909902604478615
61599.0942 lsst_hardware_r 33.603091043388716 67.27457757010615 31.610000610351562 AB 8.197529652300501 1.1883922372137934
61599.116 lsst_hardware_i 274.6094894683742 60.59810700916219 31.290000915527344 AB 8.461527649870828 1.2165524273752748
61606.0464 lsst_hardware_i 187.86606191927027 67.68378323967657 31.299999237060547 AB 3.3569877403438504 1.1870536564157887
61606.0664 lsst_hardware_z 112.40067541382487 62.55224194011304 30.969999313354492 AB 3.3474068093954847 1.1838053080498
61610.0599 lsst_hardware_g 14.52570891055705 20.567691512118643 32.13999938964844 AB 7.232678333015698 1.1856849726255243
61610.0825 lsst_hardware_r 285.26742428378776 37.95076622646415 32.220001220703125 AB 7.383574739679879 1.2104220884721115
61618.0179 lsst_hardware_z 179.449355560513 45.341054429359296 30.93000030517578 AB 4.364809496596015 1.1847481103630895
61618.0386 lsst_hardware_r 164.0673696619369 26.311545150672217 31.469999313354492 AB 4.281898723971608 1.185984643685154
61621.0077 lsst_hardware_u 7.656673616388607 3.584918671916701 28.25 AB 0.41203957314600725 1.1857253903482223
61621.0313 lsst_hardware_r 139.34862680805202 26.27607717525074 31.469999313354492 AB 0.4200216979370571 1.1865019715736078
61625.0174 lsst_hardware_r 323.16931795327054 45.8822396024356 32.279998779296875 AB 4.5973203834494 1.184927286425379
61625.0382 lsst_hardware_z 365.25205195667 66.81367608296672 31.690000534057617 AB 4.667836837917592 1.2051213867257122
61629.976 lsst_hardware_z 153.6314567925677 64.57638552492153 30.969999313354492 AB 4.733554280602766 1.1907813376217598
61629.9959 lsst_hardware_i 26.188269116059725 66.50152863301794 31.299999237060547 AB 4.490301493021916 1.182825549693577
61843.3671 lsst_hardware_z 42.56567326566423 62.63999938964844 30.959999084472656 AB 12.804841772938891 1.2281054786303065
61843.3781 lsst_hardware_y -49.66194693987089 54.709999084472656 30.0 AB 13.614820563034302 1.207424723462335
61847.3857 lsst_hardware_r -1.7501357690578225 49.93000030517578 31.59000015258789 AB 8.49625780480088 1.1869597380275179
61847.4055 lsst_hardware_y 6.515454041393336 60.619998931884766 30.020000457763672 AB 8.497448251068624 1.1836946893356954
61849.3861 lsst_hardware_r -32.29120803487324 29.780000686645508 31.520000457763672 AB 6.643576664899589 1.1840272081446646
61849.4035 lsst_hardware_y -119.05506778904673 54.400001525878906 30.0 AB 6.689258813340761 1.1850582520386372
61851.3831 lsst_hardware_g -21.132323465836336 15.670000076293945 31.40999984741211 AB 6.886454007089443 1.1832903487416888
61851.4042 lsst_hardware_z -21.971414806704107 47.970001220703125 30.940000534057617 AB 6.920132029034314 1.1889239805918033
61853.3853 lsst_hardware_i 16.733405702971435 32.0 31.219999313354492 AB 8.116178725539365 1.1828577899204786
61853.405 lsst_hardware_y -8.464323866570762 53.33000183105469 29.989999771118164 AB 8.007330637475475 1.1947673287787937
61855.3043 lsst_hardware_r 8.542499965305879 23.8700008392334 31.440000534057617 AB 8.410378948512676 1.3225945822476082
61855.3217 lsst_hardware_u -1.1834636701881434 2.549999952316284 28.239999771118164 AB 8.066615253479975 1.2605399395999546
61857.2955 lsst_hardware_g -4.519785410589848 14.199999809265137 31.329999923706055 AB 9.829741135390062 1.3371371817434565
61857.3135 lsst_hardware_i -4.100674114670919 32.34000015258789 31.219999313354492 AB 9.383075292485147 1.2688976684752369
61859.3601 lsst_hardware_z 91.14691970464399 43.029998779296875 30.93000030517578 AB 7.4929887858337345 1.1836018511742081
61859.3809 lsst_hardware_r 7.337059729705042 23.299999237060547 31.459999084472656 AB 8.68589199738869 1.1878413635486196
61861.3556 lsst_hardware_u 0.06567982393953581 2.5799999237060547 28.290000915527344 AB 7.1831712000114605 1.1833402578166403
61861.3736 lsst_hardware_g 1.3935307425874324 14.069999694824219 31.3700008392334 AB 7.129536901936805 1.1866245415781462
61863.3522 lsst_hardware_r 19.907390533671236 23.3700008392334 31.459999084472656 AB 6.7574748082919776 1.18292775637499
61863.3696 lsst_hardware_i -3.9448912122810253 31.90999984741211 31.219999313354492 AB 6.843908819683519 1.1875772660863866
61865.3521 lsst_hardware_z -9.846153624479873 43.31999969482422 30.93000030517578 AB 9.061787940690035 1.1828080196691186
61865.3709 lsst_hardware_r 17.293154283812175 23.520000457763672 31.469999313354492 AB 9.196290133379934 1.1933547618335882
61867.3513 lsst_hardware_z -16.23715074428103 43.09000015258789 30.940000534057617 AB 9.625674275226501 1.183824163722359
61867.3715 lsst_hardware_r -0.45773250243613395 23.43000030517578 31.469999313354492 AB 9.789622804085948 1.2004810452908976
61869.3015 lsst_hardware_i -66.32598072678864 66.0199966430664 31.290000915527344 AB 9.533145816818767 1.2171527195155254
61869.3197 lsst_hardware_z 96.06896263582087 61.040000915527344 30.959999084472656 AB 9.40047196819964 1.1916426901292536
61875.3269 lsst_hardware_i 119.69294328565432 57.63999938964844 31.299999237060547 AB 11.672854526272921 1.1831395222251087
61875.3441 lsst_hardware_z 14.081001294199533 57.15999984741211 30.959999084472656 AB 11.792512811510916 1.1938762654022694
61884.2932 lsst_hardware_g 14.724642288329083 14.119999885559082 31.3799991607666 AB 10.530928891323917 1.1832504372274064
61884.3088 lsst_hardware_r -9.396389915308436 23.399999618530273 31.459999084472656 AB 10.550858023422354 1.1854896655530733
61887.1943 lsst_hardware_r -26.62370252735641 24.360000610351562 31.40999984741211 AB 5.075026488293924 1.4412570786777206
61887.2136 lsst_hardware_g -8.333676273721037 14.140000343322754 31.31999969482422 AB 3.8693115843538792 1.3371271133835583
61890.2957 lsst_hardware_r -6.394225279614395 23.56999969482422 31.469999313354492 AB 13.009784433983103 1.1874575058400059
61890.3159 lsst_hardware_i 1.192013004614518 32.150001525878906 31.229999542236328 AB 13.243501182057532 1.2114158734073528
61893.251 lsst_hardware_u 1.7313769795573462 2.7200000286102295 28.389999389648438 AB 15.111950865156667 1.194872505283591
61893.2686 lsst_hardware_g -22.523667757490976 14.399999618530273 31.399999618530273 AB 14.920516922871315 1.1832602175213183
61896.27 lsst_hardware_i -12.442150528629114 47.88999938964844 31.290000915527344 AB 3.0795799800336696 1.1832402587219528
61896.2886 lsst_hardware_z -25.727751003915063 49.939998626708984 30.950000762939453 AB 3.1142943564285313 1.1958890328686034
61898.2618 lsst_hardware_r -48.882088823667154 94.2699966430664 31.6200008392334 AB 11.000014984398062 1.182797310150329
61898.279 lsst_hardware_z -15.487106132218397 67.63999938964844 30.969999313354492 AB 11.081891659089406 1.1916012536655274
61909.2002 lsst_hardware_r 3.3317718452332477 23.889999389648438 31.469999313354492 AB 10.10332136971564 1.203958813086143
61909.2195 lsst_hardware_u -2.903098349479674 2.619999885559082 28.299999237060547 AB 9.388610046401444 1.1852310275712983
61911.1966 lsst_hardware_g 8.381274905211969 14.670000076293945 31.399999618530273 AB 9.089094234704792 1.2013341867656546
61911.2173 lsst_hardware_r -2.8385741230129122 24.020000457763672 31.489999771118164 AB 7.990599476382259 1.1838802098500167
61925.0843 lsst_hardware_z 67.77145347388851 58.29999923706055 30.920000076293945 AB 17.201512739799686 1.4836031198752466
61925.1036 lsst_hardware_r -22.065382568262606 63.709999084472656 31.56999969482422 AB 15.979527177752306 1.3669301340383067
61927.1624 lsst_hardware_z 104.2639682007231 74.72000122070312 30.969999313354492 AB 6.708747171366822 1.190708110461343
61927.1872 lsst_hardware_r 2.1447587568539372 105.62999725341797 31.6200008392334 AB 6.4072733194938145 1.1837553860378687
61946.0668 lsst_hardware_z 2.3424522552881992 44.77000045776367 30.920000076293945 AB 6.0776169987226405 1.281049059118436
61946.0817 lsst_hardware_r -6.299387952960396 23.84000015258789 31.459999084472656 AB 5.912404238647919 1.237810999402893
61948.1252 lsst_hardware_u -2.359439290723553 2.609999895095825 28.309999465942383 AB 9.54174727811879 1.1828123562810258
61948.1479 lsst_hardware_g -1.7103625236402389 14.229999542236328 31.3700008392334 AB 9.616814235159227 1.1974119160570136
61957.0985 lsst_hardware_i 157.71449304854536 93.05999755859375 31.309999465942383 AB 6.238893845351752 1.1827286910619437
61957.12 lsst_hardware_z -116.3638194771204 80.98999786376953 30.969999313354492 AB 6.323365361628624 1.1936884020190186
61959.0898 lsst_hardware_r 17.275665047026706 108.72000122070312 31.6200008392334 AB 2.059623208755056 1.1830116075559642
61959.1119 lsst_hardware_z 1.1777903214297216 74.0199966430664 30.969999313354492 AB 2.0360318675731683 1.1911262875818067
61961.0847 lsst_hardware_g -35.595258422986085 77.12000274658203 31.68000030517578 AB 10.191557771267613 1.18295571128232
61961.1058 lsst_hardware_i -66.41701645254629 59.970001220703125 31.299999237060547 AB 10.257454260696974 1.1905583929311017
61963.085 lsst_hardware_z -48.952531903608524 47.439998626708984 30.940000534057617 AB 8.744012927335346 1.1829021817282666
61963.1076 lsst_hardware_r -50.95152376225825 43.650001525878906 31.579999923706055 AB 8.588849769050148 1.1982212289412517
61977.0606 lsst_hardware_r -12.29664691784508 33.029998779296875 32.209999084472656 AB 10.002011635134874 1.1892998377092596
61977.0854 lsst_hardware_u 3.324880068018944 3.5199999809265137 28.950000762939453 AB 9.050294963562378 1.2248611594382122
61980.0277 lsst_hardware_z -39.980128560682644 63.83000183105469 31.690000534057617 AB 5.296699317760549 1.1843477707553354
61980.051 lsst_hardware_g -88.12664640088168 37.31999969482422 32.310001373291016 AB 4.605955191067993 1.1882247461694024
61982.0192 lsst_hardware_r -66.48164313664196 82.19000244140625 32.349998474121094 AB 3.8851714839992098 1.185768803295959
61982.0429 lsst_hardware_z 11.592570016790424 76.83000183105469 31.700000762939453 AB 4.212563545281592 1.1864705098666644
61988.0261 lsst_hardware_g 11.833915564484377 99.81999969482422 31.68000030517578 AB 1.3196761275432014 1.1862257326231023
61988.0525 lsst_hardware_r 67.36221568475489 92.29000091552734 31.610000610351562 AB 2.074877205095446 1.219081789127759
61991.0072 lsst_hardware_r -6.560888219085289 23.649999618530273 31.469999313354492 AB 6.616873113820076 1.1827813466877333
61991.0261 lsst_hardware_u -4.734781737332814 5.659999847412109 28.84000015258789 AB 6.67373734603892 1.1926261824641406
61992.9752 lsst_hardware_y -39.544253837667796 51.599998474121094 30.0 AB 9.315723606507936 1.198125282982323
61992.9937 lsst_hardware_g -3.356289552067664 14.34000015258789 31.389999389648438 AB 9.161251907869048 1.183815462170124
61995.9747 lsst_hardware_y 69.76453984848595 53.790000915527344 30.010000228881836 AB 6.570483900718863 1.1901253857905867
61995.9942 lsst_hardware_z -10.271207733629645 43.54999923706055 30.940000534057617 AB 5.8698198864339695 1.1828352415987848
61999.9754 lsst_hardware_y 126.07655185399975 53.79999923706055 30.010000228881836 AB 4.085097456200437 1.1835716228307798
61999.9952 lsst_hardware_u 3.2838714247764758 2.690000057220459 28.350000381469727 AB 4.190028911843486 1.1873974953860391
