data/validation/pwv_sim_epoch_fit_4/8391344.ecsv
# %ECSV 0.9
# ---
# datatype:
# - {name: time, datatype: float64}
# - {name: band, datatype: string}
# - {name: flux, datatype: float64}
# - {name: fluxerr, datatype: float64}
# - {name: zp, datatype: float64}
# - {name: zpsys, datatype: string}
# - {name: pwv, datatype: float64}
# - {name: airmass, datatype: float64}
# meta: {SNID: '8391344', alt: 1024.0, c: 0.021449949592351913, dec: -42.210369, lat: -30.244573, lon: -70.7499537, ra: 349.901581, t0: 63069.3203125,
#   x0: 8.648843711717708e-06, x1: 0.6121004819869995, z: 0.48900488018989563}
# schema: astropy-2.0
time band flux fluxerr zp zpsys pwv airmass
63031.4287 lsst_hardware_i 34.35349141449243 31.56999969482422 31.260000228881836 AB 12.937187122261413 1.0233699544969055
63031.4422 lsst_hardware_z -104.81124062123303 62.380001068115234 30.989999771118164 AB 12.963426555829086 1.0215868675541926
63036.434 lsst_hardware_r 28.14052704939541 23.360000610351562 31.520000457763672 AB 2.6764801559069746 1.0222401053783918
63040.3327 lsst_hardware_r -15.378759023970527 39.32053363933744 32.66999816894531 AB 2.9474216782646514 1.1199829049770682
63040.3611 lsst_hardware_y 5.965701970880159 66.95855301091947 30.790000915527344 AB 3.7101922120683466 1.0625595223221913
63044.4418 lsst_hardware_z 85.79309133906837 53.3878637066559 30.969999313354492 AB 7.413668360248857 1.039858105091361
63046.3993 lsst_hardware_r 209.12347895735343 26.39429098352511 31.489999771118164 AB 2.38240802399495 1.0215427816743872
63046.4124 lsst_hardware_u 0.16203005145639088 3.096904531860402 28.420000076293945 AB 2.378048576005686 1.0237706433259752
63048.4181 lsst_hardware_g 81.01858203015178 16.801542317594947 31.399999618530273 AB 9.668935127092048 1.0293036223440184
63048.4299 lsst_hardware_r 436.67083157454823 31.245389158737666 31.489999771118164 AB 9.703534862600726 1.0388852856001862
63051.4246 lsst_hardware_i 790.5809675194288 66.80858027038994 31.329999923706055 AB 6.002259169919263 1.0418327914808876
63051.4369 lsst_hardware_z 542.1207879289587 62.29487931671077 30.979999542236328 AB 6.116544425343412 1.0571283140931989
63053.4221 lsst_hardware_r 1539.9400053179372 97.21205738719411 31.65999984741211 AB 5.496457079321715 1.0451028339252846
63053.4347 lsst_hardware_z 692.6136160886147 71.75845708666955 30.989999771118164 AB 5.616135338440936 1.0619524134330662
63061.3222 lsst_hardware_r 2883.016064116797 57.051947575546905 31.5 AB 6.327726379242505 1.0392915133846605
63061.3343 lsst_hardware_u 4.9976946281113745 3.820199715386957 28.469999313354492 AB 5.867445792547771 1.0293764548329423
63063.3592 lsst_hardware_i 2079.505858323578 54.611106354969024 31.25 AB 1.6071637914726913 1.0220437465645096
63063.3714 lsst_hardware_z 1580.132400631479 57.09019749130526 30.950000762939453 AB 1.6621688732330322 1.0260301686613824
63068.4012 lsst_hardware_g 1015.7181381554605 34.446960396617165 31.399999618530273 AB 6.317365654154993 1.0742448929396748
63068.4124 lsst_hardware_r 3003.627077503813 59.671809269632924 31.479999542236328 AB 6.3610205638548605 1.0962079296634974
63070.3971 lsst_hardware_i 2263.3950244252296 56.18011151624251 31.239999771118164 AB 5.5349647379059705 1.076684284959582
63070.4089 lsst_hardware_z 1770.638320428467 59.487342918484714 30.940000534057617 AB 5.705013356688011 1.1005041197314835
63071.1881 lsst_hardware_i 6647.929552717503 97.96151628900284 32.38999938964844 AB 7.513813480823737 1.3600277805916534
63071.2033 lsst_hardware_z 3603.10115394288 86.21468750125565 31.68000030517578 AB 7.042888818191365 1.2794590238179755
63078.2259 lsst_hardware_r 5634.60089695955 113.81534688290415 32.380001068115234 AB 3.6093537931876996 1.127923060371156
63078.2401 lsst_hardware_i 4401.483930850996 97.50240746825416 32.060001373291016 AB 3.501032261331525 1.0940725816661014
63080.3823 lsst_hardware_i 2048.2838034024053 86.77591355689356 31.31999969482422 AB 2.048022125277784 1.102074686248135
63080.3943 lsst_hardware_z 1632.5604998934066 77.08922838250689 30.979999542236328 AB 2.1148546227820875 1.131846198973555
63082.3299 lsst_hardware_z 1562.644147841531 82.07242065342757 30.989999771118164 AB 1.8794894762631411 1.0325919657156055
63082.3411 lsst_hardware_r 2461.8574520642333 116.29895869290961 31.65999984741211 AB 1.9788451288605675 1.0430528659547926
63084.3335 lsst_hardware_z 1327.2208395142982 67.24474324760483 30.979999542236328 AB 2.7179899623849906 1.0407773166322
63084.3448 lsst_hardware_r 2137.785399876536 84.69751007450573 31.649999618530273 AB 2.763198590649443 1.0543206069250657
63096.3131 lsst_hardware_z 817.9220568580473 50.80348936327081 30.950000762939453 AB 3.5625029170320266 1.0557910400924728
63096.3249 lsst_hardware_r 768.621435050296 36.34335980459174 31.489999771118164 AB 3.582653898376958 1.0745006818255853
63107.3013 lsst_hardware_i 754.3497972915347 58.50132611444041 31.309999465942383 AB 7.595100826400745 1.0866184595928388
63107.3129 lsst_hardware_z 693.4403885255833 58.58656632000723 30.959999084472656 AB 7.76665684751303 1.1121438888111856
63111.0175 lsst_hardware_y 199.58479735924095 67.68398728560746 29.780000686645508 AB 3.290583411203936 1.9379172033003158
63111.0253 lsst_hardware_r 322.71806606072363 120.34782664243293 31.479999542236328 AB 2.824705857925696 1.8312517717508565
63112.2558 lsst_hardware_z 1389.4076696171799 95.14684307428575 31.739999771118164 AB 1.2636951063045352 1.0395079020876352
63114.3014 lsst_hardware_z 613.8359847918001 56.672605536428584 30.959999084472656 AB 1.9388935429405318 1.1316499277863026
63114.3136 lsst_hardware_r 268.2601686766036 58.53461462027314 31.610000610351562 AB 2.202020566877054 1.1679225106083755
63117.2455 lsst_hardware_z 594.3809256762818 48.79606837478215 30.950000762939453 AB 2.5099175882073554 1.0430103909162403
63117.2563 lsst_hardware_r 281.8778453367045 33.936500192910614 31.559999465942383 AB 2.967842609139613 1.0565477426627317
63122.2341 lsst_hardware_r 192.62236691396268 26.730952680255754 31.489999771118164 AB 2.433336448588087 1.04554702746552
63122.2455 lsst_hardware_z 530.23669487259 46.74392135079948 30.940000534057617 AB 2.4668665007057164 1.0607137024677011
63124.1878 lsst_hardware_r 230.05404525799807 26.589591387223123 31.5 AB 0.989644895656271 1.0215689245489543
63124.1996 lsst_hardware_u 0.9902883434786421 3.1101539982691726 28.440000534057617 AB 1.0600883002561412 1.0238277346538185
63126.1923 lsst_hardware_g 42.824267657296524 14.976660767013168 31.43000030517578 AB 0.8405846743027401 1.0232314964122144
63126.2039 lsst_hardware_r 141.85873435225642 26.455825021628772 31.5 AB 0.8512732587377644 1.028521859127255
63131.0613 lsst_hardware_r 139.23770389288305 28.270546903358948 31.479999542236328 AB 3.006624954048844 1.1893294913167896
63141.059 lsst_hardware_i 262.5485300409116 67.56153226899036 31.31999969482422 AB 5.401839549836687 1.1148732366414598
63141.0654 lsst_hardware_z 312.02200270965744 62.804402134677645 30.969999313354492 AB 5.3373688184144195 1.0999214463502855
63143.2209 lsst_hardware_r 26.594460780603256 56.96541087180677 31.610000610351562 AB 2.957056575908709 1.1281093279575871
63143.2325 lsst_hardware_i 153.623011263566 51.297570675833036 31.290000915527344 AB 3.022195198334949 1.1617869803953367
63145.178 lsst_hardware_i 9.606871883299053 36.18000030517578 31.270000457763672 AB 4.992205252985527 1.0539861190720727
63145.1901 lsst_hardware_z 76.61883201262908 44.439998626708984 30.950000762939453 AB 5.164098904008783 1.0727251566281921
63147.1804 lsst_hardware_i 46.565477634072366 30.290000915527344 31.25 AB 4.296274175611646 1.0656322882878506
63147.1924 lsst_hardware_u -2.08553748976073 2.609999895095825 28.3799991607666 AB 4.4568349884628375 1.0872539105825176
63149.1354 lsst_hardware_g -13.73593636064135 13.399999618530273 31.399999618530273 AB 3.2317753985242867 1.025472123916956
63149.1458 lsst_hardware_r 33.01105146857517 22.15999984741211 31.489999771118164 AB 3.21353121765205 1.031714011606726
63153.1614 lsst_hardware_z -92.65149884001347 41.2400016784668 30.940000534057617 AB 8.92685952276256 1.0615418807787522
63153.1725 lsst_hardware_u 1.9080281915926438 2.630000114440918 28.399999618530273 AB 8.958834785695489 1.0804190527854354
63155.1617 lsst_hardware_g -11.761668641307766 13.489999771118164 31.399999618530273 AB 8.321310513562704 1.0708388864638332
63155.1724 lsst_hardware_r -25.532182677557206 22.510000228881836 31.489999771118164 AB 8.280314825023414 1.0910104628084654
63157.1647 lsst_hardware_i -17.646916263695104 30.790000915527344 31.239999771118164 AB 6.632881721595877 1.086467112464517
63157.1756 lsst_hardware_z -6.835198143751596 42.380001068115234 30.940000534057617 AB 6.494580719359574 1.1102796340472816
63159.1563 lsst_hardware_i 29.86343554448234 30.68000030517578 31.239999771118164 AB 3.6356969422869905 1.0807660351627342
63159.1679 lsst_hardware_u -1.386357634925506 2.609999895095825 28.360000610351562 AB 2.411371190851798 1.1050352971145188
63161.1569 lsst_hardware_g 9.433383922221749 16.670000076293945 31.479999542236328 AB 4.1331681096751 1.0928524880156265
63161.1681 lsst_hardware_r 6.419199233311609 24.68000030517578 31.5 AB 3.0869543024068005 1.1186643603576012
63163.1545 lsst_hardware_i -14.695514195747528 42.040000915527344 31.290000915527344 AB 3.1125376765650716 1.0994481372535254
63163.1653 lsst_hardware_r -21.915112389424788 43.25 31.600000381469727 AB 3.177564545938677 1.1254988208407606
63166.158 lsst_hardware_r 32.91409179131528 76.9800033569336 31.6299991607666 AB 4.213467976490826 1.1278522355094782
63166.1686 lsst_hardware_i 145.5122805109134 64.30000305175781 31.309999465942383 AB 2.8818847384694384 1.1583525996192685
63168.1445 lsst_hardware_i -124.43468381843297 70.63999938964844 31.31999969482422 AB 3.163040940480379 1.1077659142471559
63168.1556 lsst_hardware_z -78.15239548254279 64.0999984741211 30.969999313354492 AB 3.241698048859051 1.136175494663993
63170.147 lsst_hardware_i -110.39708052520504 63.79999923706055 31.309999465942383 AB 4.127187779994814 1.1276469344246212
63170.1577 lsst_hardware_z -98.06851409211879 59.7599983215332 30.959999084472656 AB 4.346981805100606 1.1584228661160842
63181.0446 lsst_hardware_g 13.185768892104916 13.789999961853027 31.43000030517578 AB 3.558464167607864 1.0240675814498146
63181.0556 lsst_hardware_r -0.6580068907030278 22.510000228881836 31.5 AB 3.5558411527662166 1.029733429055326
63186.0499 lsst_hardware_r 0.10789278633477935 22.479999542236328 31.489999771118164 AB 6.191761106576399 1.0359023684426758
63186.0619 lsst_hardware_g 13.294830624221055 13.819999694824219 31.420000076293945 AB 6.2819020702576065 1.0486148570427787
63187.0464 lsst_hardware_r -17.0962815929519 22.530000686645508 31.489999771118164 AB 3.7765134475230044 1.0352284669745078
63187.0592 lsst_hardware_i 32.98708997499742 30.389999389648438 31.25 AB 3.8553721020186407 1.0486528225267557
