data/validation/pwv_sim_epoch_fit_4/8600089.ecsv
# %ECSV 0.9
# ---
# datatype:
# - {name: time, datatype: float64}
# - {name: band, datatype: string}
# - {name: flux, datatype: float64}
# - {name: fluxerr, datatype: float64}
# - {name: zp, datatype: float64}
# - {name: zpsys, datatype: string}
# - {name: pwv, datatype: float64}
# - {name: airmass, datatype: float64}
# meta: {SNID: '8600089', alt: 1024.0, c: 0.10222254693508148, dec: -31.914005, lat: -30.244573, lon: -70.7499537, ra: 344.179688, t0: 60808.89453125,
#   x0: 5.180132101052768e-06, x1: 0.2724376320838928, z: 0.6047332882881165}
# schema: astropy-2.0
time band flux fluxerr zp zpsys pwv airmass
[from data line 133]
61276.1753 lsst_hardware_r 48.77527310082584 67.37999725341797 31.649999618530273 AB 3.1089714393333416 1.0454716904020962
61278.1578 lsst_hardware_i -53.2280185394969 88.33999633789062 31.34000015258789 AB 2.2957271606633434 1.0686913619348848
61278.1759 lsst_hardware_z -33.82532889749764 78.1500015258789 31.0 AB 2.2421729128785075 1.035765290624094
61281.1557 lsst_hardware_z -97.58785803994714 84.45999908447266 31.0 AB 5.492604218251826 1.056270041971505
61281.1737 lsst_hardware_r -13.879492659169216 126.06999969482422 31.670000076293945 AB 5.528375294759078 1.0274039977251233
61296.0682 lsst_hardware_g -21.417689963681376 14.600000381469727 31.389999389648438 AB 2.9326047263875834 1.1926005394012131
61296.0865 lsst_hardware_r -18.866240975294275 23.770000457763672 31.489999771118164 AB 2.9951826972463484 1.1267498155723874
61303.0748 lsst_hardware_z -18.416835889502458 47.220001220703125 30.959999084472656 AB 6.140793966299792 1.1049230431775552
61303.0924 lsst_hardware_i -65.6868485775898 41.630001068115234 31.299999237060547 AB 4.071236871250324 1.0626855427103092
61305.0737 lsst_hardware_z -52.64130213442982 57.08000183105469 30.969999313354492 AB 2.7957117869415367 1.0932493056764874
61305.0907 lsst_hardware_r -51.43927041818667 70.75 31.639999389648438 AB 3.4521015308213605 1.055258262937037
61307.0817 lsst_hardware_y 104.02445326828902 83.94999694824219 30.799999237060547 AB 3.240873219151857 1.0622331101775278
61309.0674 lsst_hardware_r -190.9731371539374 120.3499984741211 31.649999618530273 AB 3.169855132589564 1.0817695188429532
61309.0849 lsst_hardware_i -43.06199140012731 93.87999725341797 31.34000015258789 AB 3.909362328742533 1.0459832317704036
61310.9999 lsst_hardware_y -56.35717168493823 53.59000015258789 29.959999084472656 AB 5.70804063034562 1.330985126482083
61311.0207 lsst_hardware_r -33.143118401829575 60.599998474121094 31.600000381469727 AB 5.773844441972362 1.2208580015448156
61313.0003 lsst_hardware_y -36.85572729957545 50.63999938964844 29.959999084472656 AB 4.448561263527802 1.2964841569479932
61313.02 lsst_hardware_z -13.654375944132846 43.45000076293945 30.93000030517578 AB 3.9681027467175727 1.2000310725960401
61315.0014 lsst_hardware_y 42.01975382761173 50.560001373291016 29.969999313354492 AB 6.272504761928217 1.2612274990472285
61315.022 lsst_hardware_u 0.3792389224769774 2.640000104904175 28.34000015258789 AB 5.823684307305852 1.1701977844552707
61317.0012 lsst_hardware_y 73.84925516563908 49.849998474121094 29.989999771118164 AB 3.014345120514126 1.235302965855116
61317.0213 lsst_hardware_r -15.063725278699753 23.350000381469727 31.479999542236328 AB 2.789833839957399 1.1528239008088426
61319.0016 lsst_hardware_y 6.073331100710036 50.2599983215332 30.0 AB 4.118166364934092 1.208677698459353
61319.0219 lsst_hardware_r -18.954525357358744 23.3799991607666 31.5 AB 3.856352454840516 1.132444926049486
61321.0016 lsst_hardware_z 3.145921002676808 44.13999938964844 30.940000534057617 AB 5.429416380432355 1.1858504707726012
61321.0206 lsst_hardware_g 4.566712985058463 14.100000381469727 31.40999984741211 AB 5.067777984616879 1.1195179730749167
61323.0028 lsst_hardware_y 19.219989002059382 49.59000015258789 30.020000457763672 AB 2.7849511571572063 1.1603963154821693
61323.0237 lsst_hardware_i 49.27169309299842 31.170000076293945 31.260000228881836 AB 2.629113134295044 1.0954638059562682
61325.0023 lsst_hardware_y -144.3294222323493 50.150001525878906 30.010000228881836 AB 6.9461690546912935 1.1430260086704926
61325.0217 lsst_hardware_r -25.097718986287095 23.110000610351562 31.489999771118164 AB 6.57536459109761 1.0866575096840663
61326.0029 lsst_hardware_y -1.0072802828195504 49.29999923706055 30.020000457763672 AB 6.458520202509187 1.1320806665222063
61326.0235 lsst_hardware_g 5.972085314525354 14.229999542236328 31.420000076293945 AB 6.159453145158593 1.0758870122547761
61328.004 lsst_hardware_y -55.82068436174762 50.09000015258789 30.020000457763672 AB 7.462711835838924 1.1121085629316
61328.0252 lsst_hardware_z -4.774475556671518 41.40999984741211 30.940000534057617 AB 7.167889426931507 1.0605347774265221
61330.012 lsst_hardware_y -119.35574247255721 69.16000366210938 30.790000915527344 AB 7.599386408708317 1.077214100648473
61332.0042 lsst_hardware_z 44.42703292861046 50.220001220703125 30.969999313354492 AB 4.386116180359856 1.082724310135789
61332.0231 lsst_hardware_r 57.03658198613342 42.349998474121094 31.6200008392334 AB 4.231946128278208 1.044280352443675
61337.0056 lsst_hardware_y 112.70470176033439 57.72999954223633 30.059999465942383 AB 3.0166885355521784 1.051019435781728
61337.0251 lsst_hardware_z 11.899196345638991 63.790000915527344 30.989999771118164 AB 2.917158158811593 1.0221296982521348
