data/validation/pwv_sim_epoch_fit_4/8736229.ecsv
# %ECSV 0.9
# ---
# datatype:
# - {name: time, datatype: float64}
# - {name: band, datatype: string}
# - {name: flux, datatype: float64}
# - {name: fluxerr, datatype: float64}
# - {name: zp, datatype: float64}
# - {name: zpsys, datatype: string}
# - {name: pwv, datatype: float64}
# - {name: airmass, datatype: float64}
# meta: {SNID: '8736229', alt: 1024.0, c: -0.02233983762562275, dec: 1.342993, lat: -30.244573, lon: -70.7499537, ra: 16.875, t0: 60964.91015625,
#   x0: 3.339610438574539e-06, x1: -0.08189497143030167, z: 0.7235312461853027}
# schema: astropy-2.0
time band flux fluxerr zp zpsys pwv airmass
[from data line 132]
61304.2336 lsst_hardware_z -91.3678593122217 68.31999969482422 31.700000762939453 AB 3.778974735654837 1.1783519599798329
61306.218 lsst_hardware_r -30.257077171480333 67.30999755859375 31.610000610351562 AB 2.3549259570708325 1.1858628403210234
61306.2374 lsst_hardware_i -64.56042833755814 57.0099983215332 31.299999237060547 AB 2.324765658765455 1.1758066216465253
61308.1797 lsst_hardware_i 163.42639363723433 96.56999969482422 31.299999237060547 AB 7.742923664380639 1.2467472287867727
61308.1989 lsst_hardware_z -21.034245445648025 82.66999816894531 30.969999313354492 AB 7.563815124767668 1.2040457059483116
61312.176 lsst_hardware_z -143.79915371789247 77.69999694824219 30.969999313354492 AB 4.9418055752083605 1.2281846347133696
61312.1958 lsst_hardware_r -126.29351454615933 105.2300033569336 31.6200008392334 AB 4.78155762797695 1.1924579478723847
61314.179 lsst_hardware_i 81.15791861112704 45.75 31.270000457763672 AB 5.744443060050881 1.2103119431237834
61314.1977 lsst_hardware_r -41.21000795561256 50.4900016784668 31.59000015258789 AB 5.653426176996916 1.1843976697213188
61316.1796 lsst_hardware_u 5.688416827777747 2.7100000381469727 28.329999923706055 AB 3.4234007852647763 1.1999301735943837
61316.1992 lsst_hardware_g 8.291734767329302 15.779999732971191 31.440000534057617 AB 3.4236944235801294 1.1792288485348936
61318.1724 lsst_hardware_r -19.104700734507492 25.110000610351562 31.489999771118164 AB 7.461814185375188 1.202710144049728
61318.1911 lsst_hardware_i 40.64285751102411 32.75 31.239999771118164 AB 7.220297813427516 1.1809128221497913
61320.1735 lsst_hardware_z -45.508602864493334 43.939998626708984 30.940000534057617 AB 5.41346682333851 1.193050539578735
61320.1916 lsst_hardware_r -19.374299044209796 25.09000015258789 31.5 AB 5.3688157761370014 1.177587083049741
61322.1707 lsst_hardware_u -5.341188635090673 2.740000009536743 28.350000381469727 AB 3.85641706179318 1.189762565341224
61322.188 lsst_hardware_g 6.94858684686282 15.819999694824219 31.43000030517578 AB 3.851984609177837 1.1768972224803924
61324.1418 lsst_hardware_g 20.86633249931344 15.8100004196167 31.420000076293945 AB 5.469660245440967 1.2316280669761241
61324.1608 lsst_hardware_r -6.981102673664153 25.260000228881836 31.489999771118164 AB 5.35919758336166 1.1954489367301284
61327.1435 lsst_hardware_i -34.4668926334852 33.130001068115234 31.229999542236328 AB 10.104588989214976 1.2103236831289002
61327.1607 lsst_hardware_r 19.591670344960246 25.139999389648438 31.489999771118164 AB 9.908779281050098 1.1858280613990064
61329.1407 lsst_hardware_u -3.05416200763687 2.940000057220459 28.43000030517578 AB 9.437235394149015 1.2055229372981495
61329.1588 lsst_hardware_g -8.983740162822743 16.510000228881836 31.450000762939453 AB 9.28362399757728 1.18262726083787
61331.1385 lsst_hardware_r -44.3880503348503 30.829999923706055 31.540000915527344 AB 7.349357257558855 1.2001563209774815
61331.1574 lsst_hardware_i -29.88352036796533 35.459999084472656 31.25 AB 7.222514104051009 1.1797317024012755
61333.1369 lsst_hardware_z -40.38039868878048 48.40999984741211 30.950000762939453 AB 4.039077823477577 1.1945222269746891
61333.1539 lsst_hardware_r 21.976391090345253 44.029998779296875 31.59000015258789 AB 3.8768695541517286 1.1786186321905805
61336.1459 lsst_hardware_z 157.32175213519824 102.44000244140625 31.729999542236328 AB 5.599441490022406 1.178519650622974
61338.1397 lsst_hardware_r 111.66528969359283 160.55999755859375 31.6299991607666 AB 5.1842582995666735 1.178910358059505
61338.1557 lsst_hardware_z -19.251100752389846 108.52999877929688 30.989999771118164 AB 5.159457802741289 1.1762575733888492
61341.1095 lsst_hardware_i -105.02717040389811 69.44000244140625 31.309999465942383 AB 4.458662036816052 1.2028764487811747
61341.1258 lsst_hardware_r -22.503438916361606 84.08000183105469 31.6299991607666 AB 3.5187871229845933 1.1828187197348699
61344.1071 lsst_hardware_u 2.28847581652682 2.869999885559082 28.469999313354492 AB 6.000277826637352 1.1942039658944394
61344.1237 lsst_hardware_g 16.444870826850202 15.479999542236328 31.440000534057617 AB 5.8764314176888 1.1787045266650888
61351.0711 lsst_hardware_i -9.296337961454729 32.900001525878906 31.229999542236328 AB 4.302988485418911 1.2245271728568332
61351.095 lsst_hardware_z 15.30368103513951 43.630001068115234 30.940000534057617 AB 5.452415346759514 1.1859952175375439
61359.09 lsst_hardware_i 18.266152756313858 33.380001068115234 31.239999771118164 AB 4.939722265371524 1.1761243488979818
61359.1086 lsst_hardware_r -4.8412909899792815 26.290000915527344 31.5 AB 4.959976630386791 1.1809468167587598
61361.072 lsst_hardware_z 102.59155855146209 64.2300033569336 31.690000534057617 AB 4.362194300195304 1.1821664770176976
61364.0631 lsst_hardware_z 54.69640510218792 63.68000030517578 30.969999313354492 AB 7.719403736788677 1.1827331729863526
61364.084 lsst_hardware_r -7.364293647436504 77.91999816894531 31.6200008392334 AB 6.778535617441873 1.1761144473743166
61368.0651 lsst_hardware_i -72.19343267199335 88.79000091552734 31.309999465942383 AB 8.910769383506386 1.176183920737315
61368.0842 lsst_hardware_z -42.85342107685394 77.56999969482422 30.969999313354492 AB 9.331224639490028 1.1810680076985718
61370.0631 lsst_hardware_g 6.17795204658618 45.630001068115234 31.639999389648438 AB 5.0570408372099225 1.1757825708462968
61370.0832 lsst_hardware_r -20.58865755676558 60.130001068115234 31.600000381469727 AB 5.1433136886669155 1.184731347205104
61374.0307 lsst_hardware_z -12.458480184097901 50.790000915527344 30.950000762939453 AB 6.633984503531165 1.1875382487376034
61374.0505 lsst_hardware_u -3.298989678179276 2.8499999046325684 28.420000076293945 AB 5.855717738699369 1.1759059669059158
61376.0321 lsst_hardware_y -43.99014923178542 53.59000015258789 30.010000228881836 AB 8.210069857739734 1.1813616755344494
61376.0508 lsst_hardware_r 3.6384197053208958 24.799999237060547 31.489999771118164 AB 7.40061470079818 1.1760385678096534
61381.0327 lsst_hardware_y -14.891303749308396 57.75 30.020000457763672 AB 6.401716729440578 1.175795526950133
61381.0524 lsst_hardware_u -0.3960784512218143 2.869999885559082 28.40999984741211 AB 5.324296789065619 1.1840321986022164
61383.0348 lsst_hardware_y 1.2820150346276171 57.77000045776367 30.010000228881836 AB 5.861068482802053 1.1767638501142832
61383.0538 lsst_hardware_r -42.932605052016555 25.040000915527344 31.489999771118164 AB 6.410115461558926 1.1913236516340464
