data/validation/pwv_sim_epoch_fit_4/8746350.ecsv
# %ECSV 0.9
# ---
# datatype:
# - {name: time, datatype: float64}
# - {name: band, datatype: string}
# - {name: flux, datatype: float64}
# - {name: fluxerr, datatype: float64}
# - {name: zp, datatype: float64}
# - {name: zpsys, datatype: string}
# - {name: pwv, datatype: float64}
# - {name: airmass, datatype: float64}
# meta: {SNID: '8746350', alt: 1024.0, c: 0.018160386011004448, dec: 4.630479, lat: -30.244573, lon: -70.7499537, ra: 300.9375, t0: 61528.7734375,
#   x0: 6.92592211147541e-05, x1: 1.0751618146896362, z: 0.19916875660419464}
# schema: astropy-2.0
time band flux fluxerr zp zpsys pwv airmass
61524.4041 lsst_hardware_i 12905.96911723535 119.01864792946782 31.260000228881836 AB 15.532931898685776 1.2375852042614752
61524.422 lsst_hardware_y 2555.0200917434668 72.83089321318525 30.0 AB 14.03792389835363 1.2217514271848242
61526.3953 lsst_hardware_r 18446.236803652442 138.70093882997827 31.489999771118164 AB 11.025487136181118 1.2424367365096247
61526.4141 lsst_hardware_y 2760.5114128841215 67.521219796115 29.989999771118164 AB 10.87528051028745 1.222926383824516
61539.2641 lsst_hardware_g 8354.613848839106 93.3950365135978 31.18000030517578 AB 12.16253787377453 1.7681962453695617
61539.2906 lsst_hardware_i 10661.807670564423 106.69677929091291 31.18000030517578 AB 10.367050957194046 1.518370027782805
61541.3834 lsst_hardware_z 4291.784839486896 77.70034992348278 30.940000534057617 AB 5.404819208192582 1.2200494826620965
61541.4102 lsst_hardware_r 13749.36503720075 120.12261359704416 31.469999313354492 AB 5.606462655140451 1.2379941090402882
61543.3542 lsst_hardware_y 1304.082351403977 61.46991358779271 29.979999542236328 AB 8.675403403135746 1.2350207706079697
61543.377 lsst_hardware_g 9810.635713900696 108.23266817952273 31.6299991607666 AB 9.7477264307659 1.2200925939710323
61551.3134 lsst_hardware_i 8125.239720182015 108.02307395933472 31.290000915527344 AB 7.177891419714591 1.268888616077556
61551.3334 lsst_hardware_z 3425.577170794065 83.02831962164989 30.959999084472656 AB 7.1110374635086675 1.2337518913048755
61553.3274 lsst_hardware_r 8870.54011426591 104.0642873594326 31.579999923706055 AB 9.694725557523538 1.234407201339938
61553.3501 lsst_hardware_z 3571.60067391203 74.76299899014244 30.950000762939453 AB 11.090500888815715 1.2200771054802766
61560.3444 lsst_hardware_u 15.328333515958867 4.193148981818422 28.260000228881836 AB 14.766689058575464 1.2240292654654727
61560.3664 lsst_hardware_g 1809.3953511052493 44.338962076793486 31.350000381469727 AB 14.928639251101288 1.2509334046507188
61571.267 lsst_hardware_i 4638.9135255348965 82.83293226752278 31.270000457763672 AB 14.71268845568666 1.251717581732754
61571.2885 lsst_hardware_z 3117.364877077144 73.32709594284391 30.950000762939453 AB 14.42185919672654 1.2246476716063184
61573.2662 lsst_hardware_r 4050.9338898410692 106.09622216874831 31.610000610351562 AB 5.448140857728452 1.2437021380855178
61573.2895 lsst_hardware_z 2678.5746965416793 81.45373752127196 30.969999313354492 AB 5.344797105409006 1.2212957054023168
61584.1145 lsst_hardware_r 4161.833885540173 73.78810391724309 32.040000915527344 AB 15.592298818874049 2.200126826425155
61584.141 lsst_hardware_u 9.607127722061058 4.7510124717860425 28.690000534057617 AB 11.0398566900003 1.7711947200385532
61586.2348 lsst_hardware_g 686.2949547067352 30.563837901028812 31.3700008392334 AB 4.109289068931838 1.2376755390588339
61586.2584 lsst_hardware_i 2447.5372292810434 59.611945134497454 31.229999542236328 AB 4.2449315012780255 1.2202462094942403
61588.279 lsst_hardware_z 1609.1772046846563 57.58337007019639 30.93000030517578 AB 10.134057742330745 1.2342927470994056
61588.2952 lsst_hardware_r 2417.10252611436 53.873783169669906 31.459999084472656 AB 9.91478385065358 1.261356015985613
61590.2657 lsst_hardware_u -2.017494265715505 2.569999933242798 28.260000228881836 AB 8.51466580328979 1.2263669600014098
61590.2867 lsst_hardware_g 5.4270574726917085 14.350000381469727 31.3700008392334 AB 8.75771431720431 1.2551364123546407
61595.2049 lsst_hardware_g 30.306684623262825 14.460000038146973 31.3799991607666 AB 3.2137614938419787 1.2457244630177078
61595.2248 lsst_hardware_r -6.853702189489185 23.889999389648438 31.469999313354492 AB 2.61401097013634 1.2235015072016568
61599.2227 lsst_hardware_r 35.91800107595648 46.310001373291016 31.579999923706055 AB 8.33291598704642 1.2202844850698416
61599.2456 lsst_hardware_z 23.50341205372682 49.27000045776367 30.940000534057617 AB 8.250074060498095 1.2304972746094403
61610.1868 lsst_hardware_r -6.371095516406589 51.459999084472656 31.59000015258789 AB 6.74059799657531 1.2219898774629299
61610.213 lsst_hardware_y 26.368565416828595 51.09000015258789 30.0 AB 7.703306381643902 1.2280099444673844
61628.1346 lsst_hardware_r -66.58426762434641 48.47999954223633 31.579999923706055 AB 10.050000379292449 1.2235829322515488
61628.153 lsst_hardware_y 3.8761932041165856 50.84000015258789 29.989999771118164 AB 10.021811487396205 1.2212661120180606
61650.086 lsst_hardware_u -1.5929685178351527 2.569999933242798 28.270000457763672 AB 3.553606682454129 1.220122466078671
61650.1071 lsst_hardware_g -1.1435409369996044 14.039999961853027 31.350000381469727 AB 3.586330005539421 1.2313227108372595
61652.0564 lsst_hardware_g -6.404395843885426 14.449999809265137 31.3799991607666 AB 1.8431360670394774 1.2353458894366471
61652.0753 lsst_hardware_r 34.90105225911341 23.670000076293945 31.469999313354492 AB 1.8252070350041627 1.2208742709054563
61654.0588 lsst_hardware_i -15.510419630056083 33.36000061035156 31.239999771118164 AB 0.7975894984170824 1.2270607667955116
61654.0772 lsst_hardware_r -18.809331215474938 26.479999542236328 31.510000228881836 AB 0.8388995801117423 1.2202175710707068
61656.0558 lsst_hardware_z 37.62802467354463 47.15999984741211 30.950000762939453 AB 2.808218703476447 1.2251372224866344
61656.0748 lsst_hardware_g 67.93096688764965 34.58000183105469 31.610000610351562 AB 2.756062427938078 1.220757018132915
61676.9925 lsst_hardware_y 23.521724575853675 52.2599983215332 29.989999771118164 AB 4.674496794095136 1.2303465855663631
61677.011 lsst_hardware_i 21.9388686209847 31.989999771118164 31.219999313354492 AB 4.163874960840036 1.2201831387077027
61678.9934 lsst_hardware_y -9.124930200777577 53.70000076293945 29.989999771118164 AB 3.8523769261420213 1.224856210950778
61679.0124 lsst_hardware_i 4.493562588875701 32.06999969482422 31.219999313354492 AB 7.433352960108526 1.2208674092400236
61680.9925 lsst_hardware_y -61.75390143158488 55.0 29.989999771118164 AB 3.0551301510428455 1.2222150224201276
61681.0115 lsst_hardware_g -22.099442552128572 14.680000305175781 31.3799991607666 AB 2.4735264857762136 1.222651803324734
61682.9948 lsst_hardware_y -19.068076891111588 53.150001525878906 29.989999771118164 AB 3.8994645693387584 1.2201714428176669
61683.0141 lsst_hardware_i -120.96487462904311 33.33000183105469 31.229999542236328 AB 3.343170376686111 1.228429313498479
61685.005 lsst_hardware_z -24.392833345395513 68.94000244140625 31.690000534057617 AB 4.778257532723878 1.2254037098796065
