data/validation/pwv_sim_epoch_fit_4/9059677.ecsv
# %ECSV 0.9
# ---
# datatype:
# - {name: time, datatype: float64}
# - {name: band, datatype: string}
# - {name: flux, datatype: float64}
# - {name: fluxerr, datatype: float64}
# - {name: zp, datatype: float64}
# - {name: zpsys, datatype: string}
# - {name: pwv, datatype: float64}
# - {name: airmass, datatype: float64}
# meta: {SNID: '9059677', alt: 1024.0, c: -0.05436395853757858, dec: -62.884678, lat: -30.244573, lon: -70.7499537, ra: 73.775513, t0: 61705.34765625,
#   x0: 4.368050606721709e-06, x1: -1.779837727546692, z: 0.6483572125434875}
# schema: astropy-2.0
time band flux fluxerr zp zpsys pwv airmass
[from data line 132]
62103.2977 lsst_hardware_z -49.12948400641432 44.029998779296875 30.920000076293945 AB 5.694183560868027 1.2678864180954466
62103.3102 lsst_hardware_r -30.25372270046028 22.540000915527344 31.43000030517578 AB 5.817355660234454 1.2953123396881794
62105.2629 lsst_hardware_r 40.935228005321626 69.5 31.610000610351562 AB 9.41781038176035 1.2203188055407816
62105.2761 lsst_hardware_z -7.776778061402965 55.97999954223633 30.950000762939453 AB 9.650870864562044 1.238945711417433
62107.2937 lsst_hardware_i -32.20324827458817 64.87000274658203 31.280000686645508 AB 7.8728483836100915 1.282514156964326
62107.3059 lsst_hardware_z 42.51162457961799 61.290000915527344 30.950000762939453 AB 8.051465520480647 1.3117423336425444
62110.2867 lsst_hardware_z -40.89341650447423 52.9900016784668 30.940000534057617 AB 6.545821400970113 1.2851743588292108
62110.2983 lsst_hardware_r -139.24047155942188 59.40999984741211 31.56999969482422 AB 5.76168375346585 1.313279105012445
62112.2939 lsst_hardware_y 3.2672293602213975 72.54000091552734 30.709999084472656 AB 7.309396466628636 1.3160598607541165
62114.1922 lsst_hardware_u 4.697223876375289 2.7200000286102295 28.399999618530273 AB 11.610539394754241 1.187718213365567
62114.2065 lsst_hardware_g 22.40171553031204 17.950000762939453 31.479999542236328 AB 11.543897043239689 1.1926437526915503
62116.1976 lsst_hardware_r -28.766416306730974 22.170000076293945 31.450000762939453 AB 15.126281094053812 1.1910457554373082
62116.2109 lsst_hardware_i 28.25691071042879 31.1200008392334 31.219999313354492 AB 15.063955305748136 1.1987152848388116
62118.1917 lsst_hardware_z -72.20961774943024 42.650001525878906 30.93000030517578 AB 9.050562324388403 1.1908634637353164
62118.2035 lsst_hardware_r 23.94429321091547 22.030000686645508 31.450000762939453 AB 9.099863726827547 1.1973504903720458
62120.195 lsst_hardware_u 0.22252899785793584 2.5 28.280000686645508 AB 12.294815399125675 1.19538206244197
62120.2083 lsst_hardware_g -7.717030215588898 12.789999961853027 31.329999923706055 AB 12.401737601653998 1.2055746508897367
62122.1977 lsst_hardware_r 18.268656299895138 22.190000534057617 31.459999084472656 AB 3.985235468005437 1.2011560158753771
62122.2101 lsst_hardware_z 21.16021937676626 43.06999969482422 30.93000030517578 AB 5.791098989642555 1.2128802687048077
62124.1968 lsst_hardware_r -30.797530512534276 22.479999542236328 31.459999084472656 AB 4.585924609335899 1.2050516852874136
62124.2109 lsst_hardware_u 0.6961849347868073 2.6600000858306885 28.389999389648438 AB 6.019514669321889 1.220192503789974
62126.1277 lsst_hardware_z -23.02169483764921 43.119998931884766 30.940000534057617 AB 4.186425780106532 1.1929688053306353
62126.1398 lsst_hardware_u 1.0473544409623656 2.609999895095825 28.360000610351562 AB 4.1835578510219085 1.1883419545581682
62128.1234 lsst_hardware_g -17.87299402336639 19.299999237060547 31.489999771118164 AB 7.339727873603297 1.192385325904199
62128.1363 lsst_hardware_r -6.0910004265267235 25.280000686645508 31.489999771118164 AB 7.3982472763947245 1.1879009756575294
62131.126 lsst_hardware_i -40.63029062837628 57.310001373291016 32.02000045776367 AB 5.780898888594017 1.1883850115312258
62131.1404 lsst_hardware_z 50.369479797494634 66.3499984741211 31.690000534057617 AB 5.760211956364028 1.1870606813733184
62135.1716 lsst_hardware_r 50.016686797130056 73.72000122070312 31.600000381469727 AB 7.959386986907428 1.2097252050927014
62135.1863 lsst_hardware_y -102.96421792465476 52.959999084472656 29.979999542236328 AB 8.066021562013407 1.2273313393203602
62137.1104 lsst_hardware_z -106.78270763170293 82.76000213623047 31.709999084472656 AB 8.233159246974882 1.1882020939221285
62139.18 lsst_hardware_i 10.131955767544616 52.20000076293945 31.280000686645508 AB 4.688694025659752 1.2339750922869774
62139.1931 lsst_hardware_z 63.446469895367656 53.7599983215332 30.940000534057617 AB 4.742605231399633 1.2557925544869832
62141.112 lsst_hardware_i -0.961164376842147 32.41999816894531 31.239999771118164 AB 12.356000751009029 1.187011728353628
62141.124 lsst_hardware_z -14.407662867933029 45.900001525878906 30.940000534057617 AB 12.402078542410292 1.189115523897564
62143.106 lsst_hardware_i -31.911668027808627 31.059999465942383 31.219999313354492 AB 10.431106673667568 1.1869941404215185
62143.1198 lsst_hardware_u -7.647617984521425 2.5299999713897705 28.290000915527344 AB 10.443030697592278 1.1895241421082803
62145.0982 lsst_hardware_g 12.425503209495961 12.869999885559082 31.34000015258789 AB 7.784245022145317 1.1869846023399386
62145.1107 lsst_hardware_r -7.639563815173973 22.079999923706055 31.459999084472656 AB 7.793858006375822 1.1884504431802108
62147.1 lsst_hardware_i 25.757585439581728 30.829999923706055 31.219999313354492 AB 6.887026996096099 1.1874184476027756
62147.1136 lsst_hardware_r -39.485434647324595 22.059999465942383 31.459999084472656 AB 6.895025932237669 1.1913651718769191
62151.0981 lsst_hardware_r 10.626843185322166 22.280000686645508 31.459999084472656 AB 6.451995125665895 1.1895819544901396
62151.1108 lsst_hardware_i -12.657935447873074 31.219999313354492 31.219999313354492 AB 6.46184192421246 1.1956963360711403
62153.0722 lsst_hardware_i 32.17786993741649 44.02000045776367 31.979999542236328 AB 3.310696908132463 1.1872680323229285
62153.0855 lsst_hardware_z -11.903132546462952 60.779998779296875 31.68000030517578 AB 2.4532477064453437 1.1877258322175248
62155.0742 lsst_hardware_i 4.359111759011235 31.100000381469727 31.229999542236328 AB 4.365361611478252 1.1870459854461595
62155.089 lsst_hardware_u -2.0564895410509165 2.609999895095825 28.360000610351562 AB 4.621804876040364 1.1902409707166615
62157.0748 lsst_hardware_g 3.3911999244030855 16.799999237060547 31.450000762939453 AB 14.260172280866394 1.187770301731077
62157.0877 lsst_hardware_r -11.906548696411818 24.09000015258789 31.479999542236328 AB 15.099287182509894 1.1920176192081704
62159.0706 lsst_hardware_i 43.3121135067608 35.04999923706055 31.25 AB 8.957111841198254 1.1880246490083233
62159.0824 lsst_hardware_r 1.4747508978308808 31.260000228881836 31.530000686645508 AB 8.701706915655773 1.1920962964115038
62161.0777 lsst_hardware_z -32.006075557360504 67.31999969482422 31.690000534057617 AB 8.177049274127084 1.1924677201687386
62164.0697 lsst_hardware_r 34.682418363216705 65.23999786376953 31.610000610351562 AB 13.847275202442448 1.1925654707276612
62164.0819 lsst_hardware_i -153.91515956046095 54.15999984741211 31.290000915527344 AB 13.952581511909136 1.2003253193314811
62168.0676 lsst_hardware_z 24.824790640499497 53.02000045776367 30.959999084472656 AB 9.724470829093166 1.197840791922788
62168.0806 lsst_hardware_g -87.97801352926247 69.33000183105469 31.670000076293945 AB 9.820091147060863 1.2088621758571452
62170.0715 lsst_hardware_r -20.586016900944248 22.5 31.459999084472656 AB 9.479430476940637 1.2053826463986568
62170.0845 lsst_hardware_z -48.83424345780296 47.209999084472656 30.940000534057617 AB 8.872204507188258 1.219267683076721
62172.0685 lsst_hardware_r -40.62618318354539 22.489999771118164 31.469999313354492 AB 7.19893014064369 1.2077053220707994
62172.0811 lsst_hardware_u 0.22948893740491544 2.6700000762939453 28.399999618530273 AB 7.22365296247909 1.2218455923567422
