data/validation/pwv_sim_epoch_fit_4/9194660.ecsv
# %ECSV 0.9
# ---
# datatype:
# - {name: time, datatype: float64}
# - {name: band, datatype: string}
# - {name: flux, datatype: float64}
# - {name: fluxerr, datatype: float64}
# - {name: zp, datatype: float64}
# - {name: zpsys, datatype: string}
# - {name: pwv, datatype: float64}
# - {name: airmass, datatype: float64}
# meta: {SNID: '9194660', alt: 1024.0, c: -0.030811810865998268, dec: -8.536388, lat: -30.244573, lon: -70.7499537, ra: 345.585938, t0: 63121.5546875,
#   x0: 8.177229869578392e-06, x1: 0.1183546930551529, z: 0.5004565715789795}
# schema: astropy-2.0
time band flux fluxerr zp zpsys pwv airmass
63033.3948 lsst_hardware_r 15.849522269260566 25.600000381469727 31.530000686645508 AB 7.6539229233041475 1.093417560472021
63033.4159 lsst_hardware_y 31.496524467346056 47.790000915527344 30.040000915527344 AB 7.550240570084343 1.0786057957263346
63037.426 lsst_hardware_g 14.246519488896645 16.540000915527344 31.479999542236328 AB 3.918958055782701 1.081489666760044
63043.3816 lsst_hardware_r -65.82197390797324 35.2400016784668 32.27000045776367 AB 5.84025003403874 1.081527784081248
63043.4007 lsst_hardware_i -21.150235708526473 32.119998931884766 31.260000228881836 AB 5.821935102245956 1.0781361300455472
63045.3709 lsst_hardware_z -35.27007004331663 42.560001373291016 30.940000534057617 AB 5.464319368982836 1.0849976409000754
63045.3919 lsst_hardware_i 112.58447790753084 32.15999984741211 31.25 AB 5.598603392581577 1.077690739669216
63047.3721 lsst_hardware_u -1.4637710822960215 2.7699999809265137 28.40999984741211 AB 3.8414489097033058 1.0807790236434323
63047.3923 lsst_hardware_g 20.635439463996875 15.699999809265137 31.450000762939453 AB 4.376552331198251 1.0787656719739345
63049.3656 lsst_hardware_r 11.57571305667286 42.529998779296875 31.610000610351562 AB 7.513198913488664 1.0813210554566268
63049.3861 lsst_hardware_i -22.824019327221194 32.18000030517578 31.260000228881836 AB 7.978349259439866 1.0785561201040745
63057.3279 lsst_hardware_r 79.63355778018084 59.86000061035156 31.6299991607666 AB 8.685424217972937 1.0950314206311893
63057.3488 lsst_hardware_z 68.85728291008795 54.880001068115234 30.969999313354492 AB 8.622749595434044 1.0791026525238736
63062.3081 lsst_hardware_r 11.105608043516991 24.510000228881836 31.5 AB 5.160630508992222 1.1031899190862504
63062.3264 lsst_hardware_i 32.528762018273106 31.84000015258789 31.25 AB 5.056843468931932 1.0836093147711285
63065.3395 lsst_hardware_u 4.5926669148850285 2.819999933242798 28.459999084472656 AB 1.6736858542832658 1.0779428000965645
63065.3614 lsst_hardware_g 21.29747201641397 15.34000015258789 31.440000534057617 AB 1.6858141333874175 1.0909064711307705
63067.317 lsst_hardware_r 19.48626232893896 24.31999969482422 31.5 AB 3.4517600101882957 1.0810397776975558
63067.3302 lsst_hardware_i -41.29341035156167 31.709999084472656 31.239999771118164 AB 3.5807304820195527 1.077640653681304
63069.3396 lsst_hardware_z 24.284897751555306 42.279998779296875 30.940000534057617 AB 4.705851481178111 1.082053686175595
63069.3613 lsst_hardware_u -0.3694080559895699 2.75 28.40999984741211 AB 4.7911584502310705 1.1046322894784208
63072.2926 lsst_hardware_r 10.439042338498206 24.56999969482422 31.510000228881836 AB 5.860425368854335 1.0889610471702078
63073.2739 lsst_hardware_r 21.698659268658904 24.579999923706055 31.5 AB 11.630795401307049 1.10966754242212
63073.2909 lsst_hardware_i -70.87953651378795 32.0099983215332 31.25 AB 11.445010729654502 1.087997724474498
63079.1336 lsst_hardware_z 125.71452923984732 70.66000366210938 30.8700008392334 AB 7.8364682661903 1.953135588806854
63083.2227 lsst_hardware_z 18.52020878393148 134.1999969482422 31.739999771118164 AB 1.2324705849554318 1.162845226989439
63085.2629 lsst_hardware_r -78.55812560305829 72.52999877929688 31.639999389648438 AB 4.570079192365277 1.0841131994698796
63085.289 lsst_hardware_z 54.928008910148336 84.0199966430664 31.729999542236328 AB 4.551311499852957 1.0789146401342427
63085.3179 lsst_hardware_r 19.29035097579298 72.58999633789062 31.639999389648438 AB 4.605168488686999 1.1050636271045433
63088.2129 lsst_hardware_r 9.228320130848406 24.729999542236328 31.489999771118164 AB 5.244678379850151 1.1522966889707023
63088.2316 lsst_hardware_i 7.364212436997263 34.09000015258789 31.260000228881836 AB 5.151021137127226 1.1119311682951378
63094.2687 lsst_hardware_r 5.15464938461625 24.806874443384807 31.520000457763672 AB 4.90697107112591 1.0806322784641387
63094.2894 lsst_hardware_i 35.90021191441526 32.2026689036059 31.25 AB 4.95998970438241 1.099450946737641
63099.2539 lsst_hardware_z 182.73719307518738 43.925270981832305 30.950000762939453 AB 1.1697482764732277 1.0800999782762952
63099.2718 lsst_hardware_u 4.649256282334843 3.1859679779272487 28.389999389648438 AB 1.1440075793191458 1.094482257181675
63100.207 lsst_hardware_g 56.255635155579704 18.042245957252675 31.479999542236328 AB 2.724160015168271 1.0994860817307701
63100.2165 lsst_hardware_r 307.9275301747864 30.978612384540856 31.520000457763672 AB 2.157771884169036 1.0886383270981053
63102.2147 lsst_hardware_i 441.3728265330877 38.46958432052696 31.25 AB 2.816781979771567 1.0854651174456906
63102.2317 lsst_hardware_z 254.50267426137245 46.002027046772625 30.940000534057617 AB 2.7473348752999076 1.077808895763008
63108.1745 lsst_hardware_z 824.9282772350346 73.24650718122271 30.979999542236328 AB 3.84169700984878 1.1163396967789945
63108.1908 lsst_hardware_i 1085.214535131153 82.66837323327047 31.329999923706055 AB 3.8982507993438795 1.0925845986716467
63110.1874 lsst_hardware_z 1846.4920995294915 165.30462058454845 31.75 AB 1.7102926468545192 1.0904001573825433
63113.1672 lsst_hardware_y 418.833207071018 60.19338033950045 30.030000686645508 AB 1.6585254152996796 1.1056836101997864
63113.1871 lsst_hardware_r 2801.1437799533624 101.67889220980018 31.639999389648438 AB 1.6254897678698617 1.0836598452465744
63115.1693 lsst_hardware_i 1927.34733333653 61.20896331994282 31.290000915527344 AB 0.7149832175484209 1.0953400498635326
63115.1882 lsst_hardware_z 1422.428028365963 61.615032774981685 30.959999084472656 AB 0.7127865182344317 1.0799795730824724
63118.1571 lsst_hardware_r 3004.392288169289 59.506484715046355 31.5 AB 3.645546757852616 1.1005147315597443
63118.1745 lsst_hardware_g 1096.1893807853949 37.4257165408833 31.459999084472656 AB 3.500106754211864 1.082953822466542
63128.1352 lsst_hardware_g 659.7532096295067 30.557602411257704 31.459999084472656 AB 8.122648024479021 1.0937015551188178
63128.1549 lsst_hardware_r 2577.4870186555463 56.27892186455009 31.520000457763672 AB 8.018223381964813 1.0791323820820042
63135.1065 lsst_hardware_z 1245.7552866873823 63.56924600850398 30.969999313354492 AB 4.090777119730136 1.1066622804624509
63135.1257 lsst_hardware_r 1999.1119151786475 73.18629806198986 31.6299991607666 AB 3.0947799661969118 1.0846191470317854
63142.106 lsst_hardware_i 1379.7587249864278 71.97551648992618 31.309999465942383 AB 3.8505302003313027 1.0850639302080833
63144.068 lsst_hardware_r 1015.5863269611318 39.646749899288636 31.510000228881836 AB 3.188197706454798 1.1329100526341358
63144.0871 lsst_hardware_g 176.30134115027678 20.334434713332126 31.450000762939453 AB 3.9144231431683028 1.0991711177726813
63146.1025 lsst_hardware_r 807.4022061337889 37.600988840332455 31.510000228881836 AB 9.044495743623987 1.0804558288883033
63146.122 lsst_hardware_i 1066.2246892168814 45.33316347057874 31.260000228881836 AB 8.331773322744999 1.0787794548219802
63148.1003 lsst_hardware_z 828.4489418544221 50.59579417118651 30.940000534057617 AB 5.851575360830598 1.079128697248612
63148.1205 lsst_hardware_i 980.4975020923713 44.37117605417352 31.25 AB 6.329150017519586 1.080274801726816
63150.0729 lsst_hardware_r 597.050028546107 34.714884291348646 31.510000228881836 AB 3.4396498567947176 1.0963609828287455
63150.0909 lsst_hardware_u -0.7848871389425263 3.4952757726512944 28.479999542236328 AB 4.539295688643523 1.0807846877722673
63152.0754 lsst_hardware_g 78.42305839650113 18.15644986190585 31.450000762939453 AB 5.202526452065719 1.0878257087433676
63152.0939 lsst_hardware_r 490.26529109945784 33.31728676363442 31.5 AB 5.663736845534627 1.0779856957622054
63156.0687 lsst_hardware_r 395.4425113150915 31.870722477130194 31.510000228881836 AB 7.092655093645889 1.0843656659924916
63156.0856 lsst_hardware_g 80.24093248061253 17.669126667591694 31.459999084472656 AB 7.4104825423779355 1.0776924257230065
63158.0633 lsst_hardware_r 367.02043637270685 30.988950383820256 31.510000228881836 AB 4.116533739519341 1.0843208480416204
63158.0806 lsst_hardware_i 585.0596656509227 39.815087487430965 31.25 AB 4.0699061615781895 1.0776688351229788
63160.0676 lsst_hardware_z 694.657497274264 49.814580225571966 30.950000762939453 AB 3.1671726238011404 1.0791048121980036
63160.0848 lsst_hardware_i 570.7150587050288 39.95394485344628 31.260000228881836 AB 2.9144848613252075 1.0791057801884971
63164.0386 lsst_hardware_y 318.9999992454737 55.617388563102104 30.030000686645508 AB 3.9328143209500643 1.091816584185096
63164.0555 lsst_hardware_r 437.1722603906719 71.37583178772734 31.639999389648438 AB 4.109867885750373 1.079531895129761
63169.0365 lsst_hardware_r 162.88650591104596 97.94211810110492 31.649999618530273 AB 4.926834959378074 1.0821668133277853
63169.0534 lsst_hardware_z 448.60575120645854 71.73295928835951 30.989999771118164 AB 5.593660830269372 1.0777074363116124
63171.0406 lsst_hardware_r 268.29250316613275 52.22691168900009 31.6200008392334 AB 4.502702862797932 1.078254961057955
63171.0597 lsst_hardware_i 427.53971144688757 55.9419974398866 31.309999465942383 AB 4.36650925094956 1.081265188018876
63180.0119 lsst_hardware_y 60.629591083575015 62.03758774376077 30.049999237060547 AB 14.02768155254972 1.0794952969842606
63180.0295 lsst_hardware_z 358.99816909706493 46.64511693999971 30.950000762939453 AB 13.1493677032279 1.078878216542746
63182.0127 lsst_hardware_y 39.89037260177324 64.60536016398736 30.049999237060547 AB 5.6871363176236915 1.0778746870644287
63182.0307 lsst_hardware_u 5.878629492449114 3.345987097559094 28.440000534057617 AB 5.6201620764129006 1.0818406306858326
