data/validation/pwv_sim_epoch_fit_4/9326392.ecsv
# %ECSV 0.9
# ---
# datatype:
# - {name: time, datatype: float64}
# - {name: band, datatype: string}
# - {name: flux, datatype: float64}
# - {name: fluxerr, datatype: float64}
# - {name: zp, datatype: float64}
# - {name: zpsys, datatype: string}
# - {name: pwv, datatype: float64}
# - {name: airmass, datatype: float64}
# meta: {SNID: '9326392', alt: 1024.0, c: -0.14544937014579773, dec: -33.331287, lat: -30.244573, lon: -70.7499537, ra: 359.296875, t0: 62353.5859375,
#   x0: 2.206477233762316e-05, x1: 0.04538789764046669, z: 0.3284761309623718}
# schema: astropy-2.0
time band flux fluxerr zp zpsys pwv airmass
[from data line 132]
62742.1635 lsst_hardware_r -23.22224358659633 23.450000762939453 31.489999771118164 AB 5.951008699575629 1.1444247499183902
62742.1813 lsst_hardware_g 0.6300535421953701 14.300000190734863 31.43000030517578 AB 5.888510133464248 1.0922853150555087
62744.1611 lsst_hardware_r -6.045427339381119 23.229999542236328 31.479999542236328 AB 5.319198077032819 1.1343992486740924
62744.1797 lsst_hardware_i 38.66344922364407 30.93000030517578 31.239999771118164 AB 4.223005717763459 1.0828219789137075
62748.1628 lsst_hardware_z 77.23711167423025 42.65999984741211 30.940000534057617 AB 1.5368408287406559 1.0977434491004685
62748.1805 lsst_hardware_g 25.884991368261353 16.65999984741211 31.479999542236328 AB 1.5865655650149337 1.0577103766766225
62751.1669 lsst_hardware_r 19.15711007401432 48.7599983215332 31.6200008392334 AB 2.5326823491672896 1.0686423414207973
62751.1838 lsst_hardware_i -14.641016557960336 44.189998626708984 31.309999465942383 AB 2.4289256676092457 1.0380024220552333
62753.1702 lsst_hardware_z 45.079436715178865 84.37000274658203 31.739999771118164 AB 3.4449104947979214 1.0514797389692245
62755.1644 lsst_hardware_z -7.258194396860777 79.87000274658203 31.0 AB 2.840649661380613 1.0520924671780048
62755.1817 lsst_hardware_r -107.78647763833052 118.7300033569336 31.670000076293945 AB 2.4863352193352632 1.0259274682629516
62757.1663 lsst_hardware_i 48.91296289667322 83.18000030517578 31.34000015258789 AB 3.7967062961566675 1.039718748376997
62757.184 lsst_hardware_z -63.18489880533749 71.79000091552734 31.0 AB 2.1639624318448614 1.0173777300634044
62764.0727 lsst_hardware_g -17.11136795635578 14.279999732971191 31.3700008392334 AB 7.116128414378455 1.2747968377354166
62764.0898 lsst_hardware_r 28.339812654015148 23.600000381469727 31.479999542236328 AB 4.740427505348683 1.1951159726081662
62767.0793 lsst_hardware_r -16.81809615829776 23.389999389648438 31.479999542236328 AB 1.6511168044227496 1.204755056127508
62767.0973 lsst_hardware_u 0.35941498485340095 2.7100000381469727 28.420000076293945 AB 1.4789248453226733 1.1376344964020564
62771.1019 lsst_hardware_i -9.583444333632793 30.889999389648438 31.239999771118164 AB 3.5280755252425102 1.092847349068583
62771.1224 lsst_hardware_z 7.48993820398988 41.220001220703125 30.950000762939453 AB 3.411734404893649 1.0490919374434413
62772.1025 lsst_hardware_r -1.6694517888833897 22.940000534057617 31.489999771118164 AB 4.988151801678945 1.0846166126720909
62772.1211 lsst_hardware_u -0.4940731990523443 2.6700000762939453 28.420000076293945 AB 4.812638180784602 1.0466238635969105
62774.1058 lsst_hardware_g 19.195019612861685 13.8100004196167 31.40999984741211 AB 4.059871331140183 1.065093810229119
62774.1251 lsst_hardware_r -4.007543515533875 22.459999084472656 31.489999771118164 AB 4.260406133277711 1.032075129185492
62780.1017 lsst_hardware_r 17.05040610136423 53.65999984741211 31.639999389648438 AB 3.597227832281748 1.0425740022071193
62780.1228 lsst_hardware_z -19.967451821731675 49.290000915527344 30.979999542236328 AB 3.508581789570041 1.0158515049664743
62781.0841 lsst_hardware_z -16.735011594764362 55.83000183105469 30.979999542236328 AB 8.780450236133545 1.07054726416415
62781.1037 lsst_hardware_r -60.42423574197712 67.87999725341797 31.649999618530273 AB 8.113678312353176 1.035315119128889
62783.1068 lsst_hardware_z 37.921740256173166 68.54000091552734 30.989999771118164 AB 5.7895711687322455 1.024068483016228
62783.127 lsst_hardware_i 75.86225140660704 75.91000366210938 31.34000015258789 AB 3.5470697594494083 1.00664168747973
62787.0063 lsst_hardware_y 10.632515659895516 50.400001525878906 29.959999084472656 AB 7.436718019621227 1.2942426069651987
62787.0249 lsst_hardware_r -28.67916007662735 55.5 31.600000381469727 AB 6.899993387228699 1.2038721778294421
62791.0076 lsst_hardware_y -71.03335792021102 49.630001068115234 30.0 AB 8.70067843165838 1.2321580105256753
62791.0285 lsst_hardware_i -36.404431050536196 31.09000015258789 31.239999771118164 AB 8.128898776474891 1.1485280614809341
62793.0086 lsst_hardware_y -56.50523604435124 50.41999816894531 30.0 AB 4.930225922640497 1.2035215238960695
62793.0293 lsst_hardware_r -19.347923172293882 22.850000381469727 31.479999542236328 AB 4.5920736253469014 1.1281350264947554
62801.0097 lsst_hardware_z 2.848086773234542 43.810001373291016 30.950000762939453 AB 4.817250160022965 1.1212903347999028
62801.0283 lsst_hardware_r -20.267360350634036 22.479999542236328 31.489999771118164 AB 4.609599074194619 1.0731436393507439
62803.0119 lsst_hardware_y 3.7288528274049706 49.79999923706055 30.040000915527344 AB 3.498400023005516 1.0996647180443402
62803.0318 lsst_hardware_z 67.941618723269 41.369998931884766 30.959999084472656 AB 3.309301434138692 1.054925544832365
62807.0128 lsst_hardware_y -41.29223659030962 52.75 30.049999237060547 AB 9.19635956647387 1.0712125295834443
62807.0317 lsst_hardware_z -64.11017995287412 43.20000076293945 30.959999084472656 AB 8.91024362816005 1.0367981880567894
