data/validation/pwv_sim_epoch_fit_4/933115.ecsv
# %ECSV 0.9
# ---
# datatype:
# - {name: time, datatype: float64}
# - {name: band, datatype: string}
# - {name: flux, datatype: float64}
# - {name: fluxerr, datatype: float64}
# - {name: zp, datatype: float64}
# - {name: zpsys, datatype: string}
# - {name: pwv, datatype: float64}
# - {name: airmass, datatype: float64}
# meta: {SNID: '933115', alt: 1024.0, c: 0.03534771874547005, dec: -7.632146, lat: -30.244573, lon: -70.7499537, ra: 231.679688, t0: 62230.28125,
#   x0: 8.770738923993718e-06, x1: 0.6714890003204346, z: 0.4861787259578705}
# schema: astropy-2.0
time band flux fluxerr zp zpsys pwv airmass
[from data line 132]
62617.256 lsst_hardware_u -2.5466834896737853 3.059999942779541 28.549999237060547 AB 6.55196107408754 1.0844326072253245
62617.2758 lsst_hardware_r 33.23190253497767 26.15999984741211 31.520000457763672 AB 6.770971940044197 1.100359736197104
62619.2527 lsst_hardware_i 43.22684127120124 31.790000915527344 31.239999771118164 AB 2.970711723968773 1.0853897420419338
62619.2702 lsst_hardware_z 16.087225869862298 42.529998779296875 30.940000534057617 AB 3.0053530767866405 1.1001902660597829
62626.2239 lsst_hardware_r -28.140231665070708 24.56999969482422 31.520000457763672 AB 9.969661224082442 1.0825605788420198
62626.2419 lsst_hardware_i 15.819666483728263 31.979999542236328 31.25 AB 9.948442399659013 1.0908379824187515
62628.2235 lsst_hardware_z -96.86652158786835 42.540000915527344 30.950000762939453 AB 7.381823053797931 1.0835703565207973
62628.2417 lsst_hardware_r -11.471295830152783 24.59000015258789 31.510000228881836 AB 7.477996538864516 1.0957574238207302
62630.1124 lsst_hardware_i 27.520296861952556 34.34000015258789 31.209999084472656 AB 11.246266475028293 1.3063888881392736
62630.1271 lsst_hardware_z 69.42432198756046 44.54999923706055 30.93000030517578 AB 9.401818542426982 1.237081387161445
62632.2256 lsst_hardware_r -5.293830590439082 24.65999984741211 31.510000228881836 AB 8.208794159432403 1.0909058984594042
62632.2446 lsst_hardware_z 0.6011616043416309 42.790000915527344 30.950000762939453 AB 8.371584968657698 1.1143417113941319
62638.1701 lsst_hardware_r 281.3316581549689 173.11000061035156 31.649999618530273 AB 7.449583399168277 1.0893327255558993
62638.1915 lsst_hardware_i 165.22526757244748 139.32000732421875 31.329999923706055 AB 7.4004755699422615 1.0826003515702443
62640.0762 lsst_hardware_z 7.193286091097342 82.77999877929688 30.950000762939453 AB 11.051268782446382 1.3576219302364467
62647.1444 lsst_hardware_r 36.68778015465409 24.43000030517578 31.510000228881836 AB 6.336247526488618 1.090200882052412
62647.1663 lsst_hardware_u -1.2511533233213081 2.8499999046325684 28.489999771118164 AB 6.299649453486822 1.0825379975060219
62653.1082 lsst_hardware_r -51.447165314297095 34.38999938964844 32.25 AB 8.226180327945865 1.1142559591764034
62653.1277 lsst_hardware_i -18.194073359857427 31.780000686645508 31.25 AB 7.782584953703482 1.0904560674938009
62656.1122 lsst_hardware_z -48.43582625855578 42.33000183105469 30.93000030517578 AB 12.8159696965583 1.0974612610693681
62656.1337 lsst_hardware_r -17.985371742278613 24.020000457763672 31.489999771118164 AB 11.739070481176578 1.0831149384057923
62658.1154 lsst_hardware_u 0.34537073197530377 2.690000057220459 28.3799991607666 AB 5.555961403949485 1.0894041968528403
62658.1378 lsst_hardware_r 16.931901358549315 24.09000015258789 31.5 AB 6.148505779847481 1.082721686964147
62673.0393 lsst_hardware_g -6.727788729126585 15.010000228881836 31.43000030517578 AB 4.491679772260268 1.1426787633479587
62673.0519 lsst_hardware_i -18.444584396270393 31.90999984741211 31.239999771118164 AB 3.7791956718211703 1.1171137073074187
62677.0797 lsst_hardware_z 31.17723307502041 42.06999969482422 30.940000534057617 AB 5.099430153073672 1.0825666390136588
62677.1014 lsst_hardware_r 8.47648199857113 23.969999313354492 31.489999771118164 AB 5.572739306645512 1.0898447144679089
62679.0701 lsst_hardware_u -1.580736691436309 2.6500000953674316 28.350000381469727 AB 8.208648382119147 1.0833162566583425
62679.0894 lsst_hardware_g -19.423370652309345 14.890000343322754 31.43000030517578 AB 8.468128042041652 1.0856574412873914
62681.0455 lsst_hardware_g -5.410362164429784 14.869999885559082 31.43000030517578 AB 3.7678391030124536 1.0957798758216646
62681.0643 lsst_hardware_r 9.281809331314085 23.90999984741211 31.489999771118164 AB 3.7838032032599394 1.0834082185426703
62683.0485 lsst_hardware_i 17.046480756149233 31.459999084472656 31.239999771118164 AB 8.761813605653703 1.0884240503917924
62683.0695 lsst_hardware_z 54.37317599476719 41.88999938964844 30.940000534057617 AB 8.758480464310718 1.0827196881874135
62687.0505 lsst_hardware_r 7.556315156819335 34.38999938964844 32.2599983215332 AB 4.562487438192433 1.0828260206935882
62687.0718 lsst_hardware_u 5.786628474643978 3.9700000286102295 29.219999313354492 AB 4.603172609928367 1.0881775997624286
62689.0448 lsst_hardware_g -19.70872608669371 21.06999969482422 31.549999237060547 AB 3.4200614602911323 1.0828690639443863
62689.0644 lsst_hardware_i 17.42310020363916 33.470001220703125 31.25 AB 3.465877115129158 1.0869361640588686
62696.0103 lsst_hardware_r 5.667539620890057 101.19000244140625 31.649999618530273 AB 7.6708856303398285 1.0904534450521983
62696.0323 lsst_hardware_z -39.225756407504264 70.20999908447266 30.989999771118164 AB 7.5822040623196765 1.0825276472080843
62698.007 lsst_hardware_r 40.16704493689033 72.97000122070312 31.6299991607666 AB 4.7664403272808 1.0888084201509478
62698.026 lsst_hardware_y -23.635952085565965 52.58000183105469 30.030000686645508 AB 4.750079290227332 1.0824746758845376
62702.9991 lsst_hardware_i -33.1873644211189 31.850000381469727 31.25 AB 5.894948963841624 1.0853594508116404
62703.0175 lsst_hardware_z 43.8089903866668 42.36000061035156 30.940000534057617 AB 6.065804703046442 1.0832438900612733
62707.9704 lsst_hardware_y -20.95589257511023 50.7400016784668 30.030000686645508 AB 9.050768693833472 1.0972623742296748
62707.988 lsst_hardware_g -17.063086368082953 15.390000343322754 31.43000030517578 AB 8.91287513338014 1.0842584025279207
62709.973 lsst_hardware_y 48.70618121345969 49.130001068115234 30.030000686645508 AB 4.4741401390982025 1.0897254190094874
62709.9921 lsst_hardware_z 15.742242821955942 42.439998626708984 30.950000762939453 AB 4.45238462430731 1.082449309987771
62711.9738 lsst_hardware_y 8.412409416304435 49.060001373291016 30.030000686645508 AB 5.744189899508917 1.0857213771753245
62711.9923 lsst_hardware_u -0.9056098097477768 2.7200000286102295 28.360000610351562 AB 5.717119125542329 1.0830954107307622
62716.9683 lsst_hardware_z -71.45389215799787 53.720001220703125 30.969999313354492 AB 11.566159935287292 1.0828808328205874
62716.9868 lsst_hardware_r -4.520273787405961 26.3799991607666 31.520000457763672 AB 10.188298078901889 1.0862786603774592
62720.9685 lsst_hardware_y -147.05416339894418 68.5199966430664 30.049999237060547 AB 3.61726815712662 1.083284698914885
62720.9865 lsst_hardware_z 129.37688630888715 62.540000915527344 30.979999542236328 AB 3.625008336577292 1.0944798097605812
