data/validation/pwv_sim_epoch_fit_4/9340058.ecsv
# %ECSV 0.9
# ---
# datatype:
# - {name: time, datatype: float64}
# - {name: band, datatype: string}
# - {name: flux, datatype: float64}
# - {name: fluxerr, datatype: float64}
# - {name: zp, datatype: float64}
# - {name: zpsys, datatype: string}
# - {name: pwv, datatype: float64}
# - {name: airmass, datatype: float64}
# meta: {SNID: '9340058', alt: 1024.0, c: 0.07794884592294693, dec: -58.919773, lat: -30.244573, lon: -70.7499537, ra: 140.089279, t0: 62566.14453125,
#   x0: 1.4498724010214954e-05, x1: 0.6824557185173035, z: 0.3936304748058319}
# schema: astropy-2.0
time band flux fluxerr zp zpsys pwv airmass
62485.3297 lsst_hardware_i -18.33627358726935 30.780000686645508 31.229999542236328 AB 9.468782113485336 1.1469611773476884
62485.3435 lsst_hardware_z 17.67166589499491 44.15999984741211 30.940000534057617 AB 9.543195920029406 1.1420179871389649
62487.3384 lsst_hardware_r -46.60347594359871 22.93000030517578 31.469999313354492 AB 8.237646158441772 1.1419499318573032
62487.3509 lsst_hardware_y -61.14457148098854 62.83000183105469 30.030000686645508 AB 8.233451638245745 1.14136846332128
62489.3391 lsst_hardware_r 59.81534700462765 48.790000915527344 31.600000381469727 AB 5.9506843130322515 1.1412167064563545
62489.3511 lsst_hardware_y -56.6772922609732 58.810001373291016 30.030000686645508 AB 5.944659935575904 1.1422885384613881
62491.337 lsst_hardware_z -64.56787866842726 58.439998626708984 30.969999313354492 AB 7.2625030560760315 1.1411852696534592
62491.3475 lsst_hardware_y 71.48209837406117 59.150001525878906 30.020000457763672 AB 7.4233263344992935 1.1427534381926252
62493.3386 lsst_hardware_z -11.821759205671556 55.06999969482422 30.959999084472656 AB 6.961210656024831 1.1419621035173635
62493.3508 lsst_hardware_y -46.916276641485396 61.939998626708984 30.020000457763672 AB 6.982462857237357 1.1460124502400126
62495.3389 lsst_hardware_r -15.905562258997335 55.40999984741211 31.6200008392334 AB 7.409533834721402 1.143446579432315
62495.3518 lsst_hardware_y 84.09513646371991 58.43000030517578 30.030000686645508 AB 7.410375518212899 1.1495637802153034
62497.3189 lsst_hardware_i 27.392427226784854 40.20000076293945 31.280000686645508 AB 6.81624164602657 1.14117556437748
62497.3308 lsst_hardware_z 52.29459114173293 46.54999923706055 30.950000762939453 AB 6.851567001654499 1.1426737456374656
62499.3199 lsst_hardware_r -72.81343215767815 27.809999465942383 31.520000457763672 AB 7.965801195480549 1.141586623662663
62499.3317 lsst_hardware_g 2.002693181989384 22.100000381469727 31.540000915527344 AB 7.955325881759494 1.1448159277248138
62503.3191 lsst_hardware_z 32.22316536414093 42.150001525878906 30.940000534057617 AB 5.932491880298567 1.1441642970681902
62503.3312 lsst_hardware_i -9.838125457412595 30.690000534057617 31.229999542236328 AB 5.934931372584383 1.1503662812310225
62505.3208 lsst_hardware_u 2.1820960580093054 2.5199999809265137 28.290000915527344 AB 3.7639267483958996 1.1474220348732547
62505.3334 lsst_hardware_g 20.530501839220754 12.979999542236328 31.34000015258789 AB 3.1633390157230727 1.156085524247811
62507.3196 lsst_hardware_r -19.028194725182136 22.149999618530273 31.459999084472656 AB 8.309212218980628 1.1499313415726853
62507.3315 lsst_hardware_i 15.01836029229823 31.040000915527344 31.229999542236328 AB 8.430472099519918 1.1592261395008456
62509.3192 lsst_hardware_z 31.428622123481784 42.09000015258789 30.940000534057617 AB 10.152844505883346 1.1534701779008574
62509.3319 lsst_hardware_u 0.9117860947824524 2.609999895095825 28.3799991607666 AB 10.164076840307404 1.1650707061333567
62510.3297 lsst_hardware_r 9.269269793980207 22.229999542236328 31.479999542236328 AB 8.838482012562677 1.1656422040966274
62510.3415 lsst_hardware_i -7.981328092082955 31.100000381469727 31.239999771118164 AB 8.657641148536722 1.1801850935185807
62512.268 lsst_hardware_r 11.104133065994558 21.920000076293945 31.459999084472656 AB 6.985055476423336 1.142437859030667
62512.2801 lsst_hardware_i -44.6495429913374 30.59000015258789 31.229999542236328 AB 7.0032977746691465 1.1412217992399467
62514.2674 lsst_hardware_z 9.408855481383158 42.38999938964844 30.940000534057617 AB 5.206025866119776 1.1415471694155852
62514.2807 lsst_hardware_i 2.5694188290432427 30.739999771118164 31.229999542236328 AB 5.232093034609996 1.1418797543889123
62517.2652 lsst_hardware_z 14.35592818685039 47.689998626708984 30.950000762939453 AB 5.147942688984963 1.1411976699146449
62517.2782 lsst_hardware_g 56.36913081842999 34.40999984741211 31.639999389648438 AB 5.227026026886496 1.143269034752077
62519.2651 lsst_hardware_r 36.30062731692093 73.55999755859375 31.6200008392334 AB 8.420316077218937 1.1415829822693788
62519.2783 lsst_hardware_i -78.12844545160804 59.0 31.299999237060547 AB 8.38204740368648 1.1453492239152556
62521.2766 lsst_hardware_z 19.93133096232956 85.4000015258789 31.719999313354492 AB 13.577651733422831 1.147164829973065
62523.2789 lsst_hardware_z -19.828211857744954 55.560001373291016 30.969999313354492 AB 11.257341580001151 1.1519604577550049
62523.2908 lsst_hardware_r -61.61771365220254 69.48999786376953 31.6200008392334 AB 11.383371774371396 1.1621120531920264
62525.2494 lsst_hardware_r 18.743141055934203 53.189998626708984 31.610000610351562 AB 11.581257871116561 1.1416855156857897
62525.2623 lsst_hardware_i -0.9569274854634549 47.43000030517578 31.280000686645508 AB 10.83399049447656 1.1455246707584563
62527.2507 lsst_hardware_z -36.964288509675285 44.900001525878906 30.93000030517578 AB 14.556997964523434 1.1432197354337774
62527.2625 lsst_hardware_i 16.675242564550285 37.029998779296875 31.25 AB 14.699942734481809 1.1484330261313913
62529.2577 lsst_hardware_g -0.9655918426573654 16.75 31.459999084472656 AB 13.537930368774342 1.148823735416817
62529.2692 lsst_hardware_r -11.946260371611189 24.540000915527344 31.489999771118164 AB 13.596464221901464 1.15724438010907
62531.2612 lsst_hardware_i -0.24347043647903194 30.610000610351562 31.219999313354492 AB 14.328718782265256 1.1551148794946966
62531.2731 lsst_hardware_r 1.8111105839341977 21.950000762939453 31.450000762939453 AB 14.442342213571974 1.1664688309800686
62533.2374 lsst_hardware_z -15.630764169469431 42.189998626708984 30.940000534057617 AB 14.352561856864979 1.1442762667001942
62533.2488 lsst_hardware_u 0.695329992054044 2.5999999046325684 28.3700008392334 AB 14.437345724548388 1.1500806472024738
62535.2405 lsst_hardware_g -1.9262865527338997 12.699999809265137 31.329999923706055 AB 10.349139874376732 1.1483520286697684
62535.2518 lsst_hardware_r -37.52376699847187 21.860000610351562 31.450000762939453 AB 10.55869787327919 1.1563783378602746
62539.2319 lsst_hardware_i 11.75579802326051 30.71387670931185 31.219999313354492 AB 6.7697706445166 1.1497572426149167
62539.2438 lsst_hardware_u 1.203816727067157 2.434738407664185 28.209999084472656 AB 6.816984228742353 1.1589568562975827
62541.2398 lsst_hardware_g -7.76791239981914 12.93764825118315 31.350000381469727 AB 6.197292327642303 1.1603243451867258
62541.2515 lsst_hardware_r 62.972758839765966 23.336674102291436 31.459999084472656 AB 6.197959265986133 1.173170831298541
62543.1936 lsst_hardware_r 213.47131129582723 25.365987347512753 31.469999313354492 AB 3.0813108518592505 1.141226241429352
62543.205 lsst_hardware_i 110.61050529519073 33.288899804373266 31.239999771118164 AB 3.085214399050176 1.1426719996482133
62548.1901 lsst_hardware_z 663.6072432236779 61.14969626407542 30.969999313354492 AB 4.754559994040164 1.1423738572898041
62548.2017 lsst_hardware_r 1306.7437433002378 79.35108056665462 31.6200008392334 AB 4.757971847423484 1.1465913360326494
62550.1957 lsst_hardware_i 1537.1414300081453 80.7259849781218 31.31999969482422 AB 7.3502554201426555 1.1463280443141868
62550.2061 lsst_hardware_z 975.852652809544 70.84043945338293 30.969999313354492 AB 7.475541037867525 1.1526545428829735
62552.1917 lsst_hardware_i 1851.5612874748142 77.21506410655235 31.309999465942383 AB 4.12943352355046 1.1470648676529054
62552.2026 lsst_hardware_z 1375.2460177727794 69.76342740788495 30.969999313354492 AB 4.154893758763559 1.1541371552120998
62554.1942 lsst_hardware_z 1690.821668359311 65.05369836380805 30.959999084472656 AB 9.24500981074398 1.1519543717829395
62554.2063 lsst_hardware_r 3463.24273021788 80.93651130241516 31.610000610351562 AB 9.308770416647011 1.1622887272627058
62556.167 lsst_hardware_r 3845.415414066595 70.7715278099746 31.559999465942383 AB 10.930016051268128 1.1421124400489162
62556.1794 lsst_hardware_i 2833.687834572545 64.40776007105332 31.260000228881836 AB 11.177153768451918 1.146374745482248
62557.1634 lsst_hardware_z 2123.50342335976 62.26269053122928 30.93000030517578 AB 9.943989596874472 1.1419481808937622
62557.1748 lsst_hardware_u 12.496171618936412 4.5702160667175535 28.43000030517578 AB 10.712569449521688 1.1455047441166417
62568.1606 lsst_hardware_i 3785.705429913744 69.0059327659791 31.229999542236328 AB 13.233394569043222 1.1555026910319337
62568.1722 lsst_hardware_r 4858.613565778207 72.1660155262525 31.459999084472656 AB 12.586391355121355 1.166648871958229
62571.1433 lsst_hardware_z 5603.489786614273 93.67077423864619 31.690000534057617 AB 8.653780387267398 1.1490369638754623
62572.1337 lsst_hardware_g 1572.0133760093142 43.3889826808703 31.469999313354492 AB 9.43799392966297 1.1454571187163018
62572.145 lsst_hardware_r 4484.334429307137 70.93729014131858 31.489999771118164 AB 9.448959606694363 1.1519375333258735
62575.1389 lsst_hardware_i 3830.964271875402 74.17678430024613 31.280000686645508 AB 11.580856603713114 1.1534717732781985
62575.1502 lsst_hardware_z 2693.6598092278564 68.75401313473212 30.950000762939453 AB 11.489411748509207 1.163573106667289
62578.1157 lsst_hardware_i 3343.3092200428896 86.84493402662285 31.309999465942383 AB 9.239520452845941 1.144780132926024
62578.1281 lsst_hardware_z 2373.050162624428 76.07865699692199 30.969999313354492 AB 7.1078458557508695 1.1515810046175674
62580.1188 lsst_hardware_z 2147.893059861283 79.61761668005187 30.979999542236328 AB 5.902877024108962 1.1490903297856245
62580.1311 lsst_hardware_r 3572.313247211026 112.09034924769304 31.6299991607666 AB 5.353463723476784 1.1583196242714955
62587.1081 lsst_hardware_r 1972.468022468178 49.477734702428506 31.450000762939453 AB 7.448519369381838 1.1550181225619887
62587.1195 lsst_hardware_i 2139.218166410838 55.95427845104087 31.219999313354492 AB 7.513006363273721 1.1657711332275538
62589.1073 lsst_hardware_z 1565.6805305967218 57.47733573533933 30.93000030517578 AB 7.973173964919752 1.1590319512905756
62589.1181 lsst_hardware_r 1747.8383512495675 46.843256705462274 31.440000534057617 AB 8.048227067708092 1.1703816674038356
62591.0981 lsst_hardware_u 2.31215939690854 2.594198230778471 28.229999542236328 AB 5.87277349870376 1.1557733822786933
62591.1105 lsst_hardware_g 344.4018318352714 22.212463214088206 31.31999969482422 AB 6.039524726825599 1.1679042256370216
62594.0456 lsst_hardware_u -1.7382836792114398 2.5459736527412087 28.260000228881836 AB 7.104121075511033 1.1421875598715008
62594.058 lsst_hardware_g 284.8032992573927 20.627180947094093 31.329999923706055 AB 6.91438835383972 1.1414119687738384
62596.0407 lsst_hardware_r 1135.264763195993 39.72439338431229 31.450000762939453 AB 8.744885860187866 1.1420772966158894
62596.0527 lsst_hardware_i 1672.65007298867 50.92615757586449 31.219999313354492 AB 8.913684433910772 1.1414264409400137
62598.0387 lsst_hardware_z 1343.9907077086882 55.73103238199415 30.940000534057617 AB 12.168746081323368 1.1415512513944903
62598.0502 lsst_hardware_u 2.2782335416048776 2.9369934453149305 28.329999923706055 AB 12.407681947379952 1.1417761983417534
62602.0364 lsst_hardware_i 1481.523582746307 51.58690766625668 31.260000228881836 AB 2.1900377974502696 1.141437350999098
62602.0483 lsst_hardware_z 1353.032876027873 56.911653078402026 30.950000762939453 AB 3.5709787438971494 1.1440861013687302
62604.0391 lsst_hardware_i 1394.8215614334053 55.92122868344123 31.280000686645508 AB 7.469822769393098 1.142902884517623
62604.0507 lsst_hardware_z 1190.3638127628965 59.050630036006666 30.959999084472656 AB 8.775597171277722 1.1476369448052819
62606.0282 lsst_hardware_z 1244.2738281891866 63.253614101583494 30.969999313354492 AB 12.966936158824154 1.1417571681627325
62606.0391 lsst_hardware_r 825.9689775119087 68.91596187454698 31.6299991607666 AB 13.025453614341403 1.144742594748113
62608.0341 lsst_hardware_i 1344.1611860193018 77.93539616232974 31.31999969482422 AB 15.160023765255076 1.1449304255913508
62608.0454 lsst_hardware_r 717.2849915822137 92.58024566310223 31.6299991607666 AB 16.824186243151818 1.1510669402477953
62612.0055 lsst_hardware_z 1017.4199894884902 51.65499919891068 30.940000534057617 AB 8.274774220195802 1.141282577350148
62612.0175 lsst_hardware_u -1.5155070353824565 2.84756617027366 28.399999618530273 AB 8.341046224585808 1.142974406146139
62616.0064 lsst_hardware_i 836.7892450957702 42.27400021372099 31.229999542236328 AB 15.034062577419 1.142927062294283
62616.0174 lsst_hardware_z 780.6794497638001 50.56690077366184 30.940000534057617 AB 15.053516566361687 1.1473571143426802
62618.0038 lsst_hardware_i 810.7464451578352 41.42836506004099 31.229999542236328 AB 5.32062026085259 1.1438094433936057
62618.0153 lsst_hardware_u 0.3357276358571535 2.8131088590635756 28.290000915527344 AB 5.254582955903334 1.1492754118443453
62620.0029 lsst_hardware_g 78.67419627249956 15.981350883099392 31.350000381469727 AB 9.797815252255242 1.1456083311610923
62620.014 lsst_hardware_r 366.94407274982626 29.315728444949386 31.459999084472656 AB 9.848906936537315 1.1520199943313523
62623.0044 lsst_hardware_u -5.870578456769888 3.1099337738316364 28.459999084472656 AB 10.123452797729486 1.151046366995962
62623.0162 lsst_hardware_g 71.89462358680545 16.022958109368766 31.3799991607666 AB 10.191508396736426 1.1606869395620745
62624.9996 lsst_hardware_r 334.7394069269838 28.900975932611193 31.469999313354492 AB 12.647776170883608 1.151498911654314
62625.0109 lsst_hardware_i 668.4702604541145 39.67587208213369 31.229999542236328 AB 12.808160669750277 1.1608429482711993
62630.9971 lsst_hardware_z 581.5164216097114 48.814166283489214 30.940000534057617 AB 9.043059809207488 1.1634187202273931
62631.0091 lsst_hardware_g 57.00813429009226 24.75998626179854 31.549999237060547 AB 8.933405105461059 1.1775655923539337
62851.3349 lsst_hardware_i -33.262682713335536 42.22999954223633 31.280000686645508 AB 12.212454736725348 1.143866861014019
62851.3481 lsst_hardware_y -52.085236667489056 58.04999923706055 30.030000686645508 AB 12.191971289057179 1.1412591612405643
62853.3455 lsst_hardware_z 60.91028224609903 69.1500015258789 31.709999084472656 AB 6.667316739033176 1.1412241412182142
62855.3381 lsst_hardware_r 14.39337495194815 24.530000686645508 31.5 AB 5.479046797430415 1.1412303264799866
62855.3507 lsst_hardware_y 5.976613030383372 61.880001068115234 30.030000686645508 AB 5.53850866500278 1.1427459418849326
62863.3166 lsst_hardware_g -0.6186103876086883 12.930000305175781 31.350000381469727 AB 7.15248008934513 1.141231798108542
62863.3287 lsst_hardware_r -7.105693341436562 22.1200008392334 31.469999313354492 AB 7.1103371223919 1.1427123462354485
62865.3174 lsst_hardware_i 8.05047982443427 30.690000534057617 31.239999771118164 AB 10.639708456654091 1.141579205306138
62865.3297 lsst_hardware_r -18.553665040879217 22.049999237060547 31.459999084472656 AB 10.655467685169558 1.1448874702019254
62866.3189 lsst_hardware_u 2.17205491155223 2.559999942779541 28.329999923706055 AB 5.8658329811097945 1.1423238522121135
62866.3307 lsst_hardware_g -16.847479054672643 13.039999961853027 31.360000610351562 AB 5.811274749033856 1.1465849554160847
62868.3198 lsst_hardware_r -19.444910970441654 21.899999618530273 31.459999084472656 AB 5.902274348198442 1.144221198358341
62868.3306 lsst_hardware_i 42.797647961524135 30.479999542236328 31.229999542236328 AB 5.924058438481807 1.1495957382480297
62870.3191 lsst_hardware_z -3.511758394081478 42.279998779296875 30.940000534057617 AB 3.7482570545144687 1.1462559799738437
62870.331 lsst_hardware_r -2.2483753644664897 22.18000030517578 31.469999313354492 AB 3.750950557641766 1.1536653345217653
62872.3175 lsst_hardware_z 20.777893363056766 49.58000183105469 30.950000762939453 AB 8.156724825011393 1.1482953765853676
62872.33 lsst_hardware_g -11.995350246342413 33.939998626708984 31.6200008392334 AB 8.220792785925756 1.1573147985817585
62874.2951 lsst_hardware_z -18.604805170063745 58.59000015258789 30.969999313354492 AB 10.02316431441569 1.1419372984675327
