data/validation/pwv_sim_epoch_fit_4/9547389.ecsv
# %ECSV 0.9
# ---
# datatype:
# - {name: time, datatype: float64}
# - {name: band, datatype: string}
# - {name: flux, datatype: float64}
# - {name: fluxerr, datatype: float64}
# - {name: zp, datatype: float64}
# - {name: zpsys, datatype: string}
# - {name: pwv, datatype: float64}
# - {name: airmass, datatype: float64}
# meta: {SNID: '9547389', alt: 1024.0, c: -0.030142877250909805, dec: -53.18726, lat: -30.244573, lon: -70.7499537, ra: 321.136353, t0: 61687.76171875,
#   x0: 5.508993600575431e-06, x1: 0.9217984676361084, z: 0.5892291069030762}
# schema: astropy-2.0
time band flux fluxerr zp zpsys pwv airmass
61550.4225 lsst_hardware_y -107.5764336359876 111.08999633789062 31.549999237060547 AB 9.226042525015428 1.0855019050531851
61552.4138 lsst_hardware_i 4.993145363588448 44.59000015258789 31.290000915527344 AB 5.391782733850941 1.0850840679917368
61552.4259 lsst_hardware_z 13.422233360061684 50.900001525878906 30.959999084472656 AB 4.607734538350404 1.0879486543534793
61554.4226 lsst_hardware_r 58.53335205099122 30.229999542236328 31.559999465942383 AB 8.629390147601026 1.0888362400236826
61554.4343 lsst_hardware_y -72.44704129673887 58.08000183105469 30.040000915527344 AB 8.699132369639646 1.0956546080405951
61558.377 lsst_hardware_u -3.770230421005502 3.680000066757202 29.1200008392334 AB 8.225522533656001 1.088319996514422
61558.3871 lsst_hardware_r -45.49185168342352 31.65999984741211 32.22999954223633 AB 8.273853447324548 1.085451419786756
61559.387 lsst_hardware_i -45.69415120381534 30.459999084472656 31.25 AB 11.670017727845622 1.0851119880838354
61559.3991 lsst_hardware_z 18.418931075957154 41.41999816894531 30.950000762939453 AB 11.708702011670196 1.0857140306929987
61563.3997 lsst_hardware_g 1.7625813262625931 13.4399995803833 31.389999389648438 AB 1.2020097897120092 1.0895994467853742
61563.4121 lsst_hardware_r -9.534259310015903 22.440000534057617 31.479999542236328 AB 1.2213724490886289 1.0974518449317519
61572.3623 lsst_hardware_r -47.0493053620942 51.25 31.6200008392334 AB 7.23306954532979 1.0854760329151032
61572.3747 lsst_hardware_i -62.204533297136265 45.95000076293945 31.299999237060547 AB 7.200359250169541 1.0893954535395582
61574.3572 lsst_hardware_i 51.844738744442694 75.33999633789062 31.329999923706055 AB 4.779437299091239 1.0855367299294936
61574.3683 lsst_hardware_z -100.4119954743142 66.4800033569336 30.979999542236328 AB 4.795715871474968 1.0889660805286758
61576.3459 lsst_hardware_r 105.95621775481516 110.6500015258789 31.649999618530273 AB 4.014268142304648 1.0849373357580128
61576.3579 lsst_hardware_z 86.2514571184039 74.81999969482422 30.989999771118164 AB 4.022150500396874 1.087067702809966
61578.3747 lsst_hardware_i 7.158260796648449 70.7300033569336 31.31999969482422 AB 2.303899744320642 1.100413824703325
61578.3893 lsst_hardware_z 83.71957957778075 64.80000305175781 30.969999313354492 AB 2.343717649963246 1.1160560237920218
61580.3258 lsst_hardware_z 17.76669860688349 53.47999954223633 30.969999313354492 AB 3.6990538652730116 1.085668600089912
61580.3368 lsst_hardware_r 66.63369489935832 61.220001220703125 31.6299991607666 AB 3.706572110447156 1.0850356237739418
61587.3437 lsst_hardware_i -9.867645560462506 30.760000228881836 31.239999771118164 AB 9.46416663757742 1.0952840163075421
61587.354 lsst_hardware_z -2.0447397380472627 42.02000045776367 30.940000534057617 AB 9.534085694073914 1.1040145549443752
61589.3397 lsst_hardware_r -27.46463490091639 22.739999771118164 31.479999542236328 AB 7.134541473059656 1.0963567380806232
61589.3525 lsst_hardware_u 3.394496211853716 2.640000104904175 28.3799991607666 AB 7.2059905061604645 1.1081024921052536
61591.3403 lsst_hardware_g -0.5574265964179212 13.680000305175781 31.389999389648438 AB 4.953683410628195 1.1013896266126575
61591.3522 lsst_hardware_i 2.325297237884369 30.8700008392334 31.239999771118164 AB 5.113506147010525 1.1140536267996786
61593.3744 lsst_hardware_r 15.763568117735705 22.8700008392334 31.469999313354492 AB 1.8431513085493783 1.1587288192892151
61593.3864 lsst_hardware_u 5.941886177881597 2.6700000762939453 28.3799991607666 AB 1.8863925434315871 1.1854163448459911
61598.2886 lsst_hardware_r -29.465356378662 22.65999984741211 31.479999542236328 AB 8.24239157712085 1.0851201198623024
61598.3006 lsst_hardware_i 39.203883374601254 30.760000228881836 31.25 AB 8.403882699693229 1.0880573166782341
61600.2403 lsst_hardware_r -18.450664305127077 56.310001373291016 31.6200008392334 AB 7.141079304703892 1.1033664025809142
61600.2529 lsst_hardware_i 1.7035589975413459 49.220001220703125 31.299999237060547 AB 6.830205784675651 1.0932702336415607
61605.4003 lsst_hardware_r 50.784201950579074 124.79000091552734 31.579999923706055 AB 3.7988265373825643 1.34174888737574
61605.4113 lsst_hardware_z 36.87043056932683 87.23999786376953 30.950000762939453 AB 3.8282628637115015 1.3937850231959348
61612.2336 lsst_hardware_g -10.102707663473568 24.389999389648438 31.600000381469727 AB 10.8821545192583 1.086884019002552
61612.2452 lsst_hardware_r 11.771398164744678 31.3799991607666 31.559999465942383 AB 10.909501318315654 1.0849377683652082
61619.2213 lsst_hardware_z 75.984220314026 41.72999954223633 30.940000534057617 AB 1.9427701599645475 1.0853464580807528
61619.2338 lsst_hardware_r 28.812621084206267 22.84000015258789 31.489999771118164 AB 1.9429616843041893 1.0854534549185415
61622.2149 lsst_hardware_u -0.06595133600529425 2.5799999237060547 28.329999923706055 AB 1.1411503298320045 1.0851304693517219
61622.2264 lsst_hardware_g 9.034317340414114 13.739999771118164 31.3799991607666 AB 1.0638773139239726 1.0855890958407883
61624.2145 lsst_hardware_r 17.617289552411624 22.809999465942383 31.489999771118164 AB 3.4204471553830618 1.084937773963754
61624.226 lsst_hardware_z 37.14290311076794 41.900001525878906 30.940000534057617 AB 3.452070763849075 1.0868099791738088
61626.2159 lsst_hardware_r -47.12625807996243 25.8799991607666 31.530000686645508 AB 3.6177182745420953 1.0856683245682144
61626.2275 lsst_hardware_y 68.89918026338086 47.77000045776367 30.040000915527344 AB 3.701072457145829 1.0895120568577654
61629.2014 lsst_hardware_r -10.056707930715131 58.40999984741211 31.6299991607666 AB 2.958312732514459 1.0849557698708285
61629.2129 lsst_hardware_i 47.362039189064326 51.0 31.309999465942383 AB 2.9527872384733636 1.0869822339309272
61631.2351 lsst_hardware_z -99.88515528606037 65.69999694824219 30.979999542236328 AB 2.776383457940759 1.1052481918553978
61631.2468 lsst_hardware_r 7.406798391255878 88.93000030517578 31.6299991607666 AB 2.786660599109974 1.1189161209034226
61655.1188 lsst_hardware_i -2.4724495580849988 33.779998779296875 31.260000228881836 AB 1.6879214665473379 1.0861785499017618
61655.1302 lsst_hardware_z 46.6588241555027 42.9900016784668 30.950000762939453 AB 2.1978571508917866 1.0849597190629576
61672.1426 lsst_hardware_u -3.322409295857689 3.224726985965554 28.329999923706055 AB 3.975891707923294 1.1300497511861565
61672.1547 lsst_hardware_r 991.4650803390846 38.95706176409128 31.459999084472656 AB 4.032117813862333 1.1508827783251985
61674.1421 lsst_hardware_i 1093.6207473482873 44.36541244159 31.239999771118164 AB 3.2469069300287288 1.1380676235642233
61674.1539 lsst_hardware_z 711.8836706434279 50.07023145299756 30.940000534057617 AB 3.376647961767978 1.160094352416685
61680.0554 lsst_hardware_r 1876.7808438446766 47.99413660853899 31.479999542236328 AB 5.263079778282493 1.0852829731484002
61680.0675 lsst_hardware_u 6.913283736862101 3.576909034094728 28.389999389648438 AB 5.317966018993599 1.085520722391087
61684.0553 lsst_hardware_i 1640.409395836447 51.83958673518865 31.260000228881836 AB 4.095398371718932 1.0853289560881725
61684.0658 lsst_hardware_z 1177.8700894068193 54.234913726707546 30.950000762939453 AB 4.129769703279124 1.088093894815007
61686.053 lsst_hardware_r 2177.0598332992417 63.77677487460051 31.600000381469727 AB 5.163898779897348 1.0858792513705453
61686.0649 lsst_hardware_z 1264.1533345204348 58.26913809420601 30.950000762939453 AB 5.397813252062235 1.0901369791088553
61688.0494 lsst_hardware_z 1068.7467000716888 64.26113930791283 30.969999313354492 AB 2.6173006608103826 1.0863173744370709
61688.0614 lsst_hardware_i 1637.0435054198076 68.26808770383279 31.309999465942383 AB 2.6784684107538994 1.091173985912686
61694.0814 lsst_hardware_g 558.5007887882908 91.1749284344674 31.690000534057617 AB 9.243340595568265 1.1283374750450113
61694.093 lsst_hardware_r 1866.5469861076988 90.0693817108545 31.6200008392334 AB 8.870863194387656 1.1478365142619351
61696.0782 lsst_hardware_i 1464.5959912309552 58.590918662312575 31.290000915527344 AB 6.597817341238544 1.131830513707114
61696.0899 lsst_hardware_z 1109.0687443826212 59.719576948237844 30.950000762939453 AB 9.979205279849866 1.1522999081839282
61700.0785 lsst_hardware_g 178.50399327791843 19.4872355310883 31.3700008392334 AB 4.516114938400888 1.151384789258321
61700.0896 lsst_hardware_i 1137.2053475987507 46.793655430850755 31.219999313354492 AB 5.13925272347018 1.1745521022671548
61702.0837 lsst_hardware_z 964.8863919966847 53.233833677525475 30.940000534057617 AB 3.6380398093340083 1.173561228817422
61702.0944 lsst_hardware_r 1216.7907032196388 41.5468922453274 31.469999313354492 AB 3.718819880453955 1.1996193162754694
61908.4191 lsst_hardware_r 4.331932032526417 30.549999237060547 31.549999237060547 AB 8.946938566563514 1.088104416730153
61908.4307 lsst_hardware_z 27.063535780433845 53.2400016784668 30.969999313354492 AB 8.942696797937215 1.0851470450111897
61910.4166 lsst_hardware_z -10.854520610972191 42.040000915527344 30.950000762939453 AB 7.7822812541626405 1.0870373070649713
61910.4286 lsst_hardware_y 59.996053031816096 53.70000076293945 30.040000915527344 AB 6.510946478332061 1.0849015890690448
61918.3689 lsst_hardware_i 0.21533769477721648 30.739999771118164 31.25 AB 10.082576406016381 1.10373031264544
61918.3859 lsst_hardware_y 32.42344156528401 47.59000015258789 30.030000686645508 AB 10.157107827166056 1.0908718534170638
61926.3998 lsst_hardware_z 16.079649094647085 41.47999954223633 30.940000534057617 AB 5.0006954787006785 1.0871077127610171
61926.4134 lsst_hardware_r 22.276795569739573 22.3700008392334 31.479999542236328 AB 5.031803058174958 1.0938702300380345
61947.3123 lsst_hardware_r 17.813507385432978 22.450000762939453 31.469999313354492 AB 6.031352023028723 1.0882333595408977
61947.3248 lsst_hardware_i 40.84513172456894 30.540000915527344 31.229999542236328 AB 6.013886875746388 1.0850821331111746
61955.1148 lsst_hardware_r -28.504314675455543 67.33999633789062 31.469999313354492 AB 15.104271238429765 1.7089179429122623
61955.1181 lsst_hardware_z 77.99651686693399 60.439998626708984 30.889999389648438 AB 14.834172742731814 1.6800218287869773
61958.3536 lsst_hardware_i 79.0340453466284 86.83999633789062 31.31999969482422 AB 1.7921070135118493 1.1220538538110294
61958.3658 lsst_hardware_r -128.83402237369765 110.54000091552734 31.6299991607666 AB 1.815381234676559 1.141151116611771
61960.2961 lsst_hardware_z 188.60276283705508 106.08999633789062 31.739999771118164 AB 1.8482367911368205 1.0849643622757972
61962.2403 lsst_hardware_r 25.29131054896095 76.29000091552734 31.6299991607666 AB 9.237382285846076 1.1129376248007319
61962.2517 lsst_hardware_z 0.9242582513377868 59.150001525878906 30.969999313354492 AB 9.550977491552251 1.1009983851623184
61964.2338 lsst_hardware_r 39.6529472285829 51.439998626708984 31.6200008392334 AB 7.598838082237308 1.1141991322928604
61964.2457 lsst_hardware_i -127.33826638958881 46.290000915527344 31.299999237060547 AB 7.471023096816022 1.101487580619689
61965.2438 lsst_hardware_z 98.91443282125604 46.22999954223633 30.950000762939453 AB 7.215347830426645 1.1007395622313723
61965.2551 lsst_hardware_i -14.314441913014193 40.060001373291016 31.280000686645508 AB 6.8323424544049995 1.0923009519432454
61974.3195 lsst_hardware_g -18.988102664219188 13.84000015258789 31.3799991607666 AB 5.392088563604502 1.1366921292118266
61974.3311 lsst_hardware_r 40.22824550948157 23.100000381469727 31.469999313354492 AB 5.654778551336253 1.158034415004779
61976.2387 lsst_hardware_r 47.38897542331709 22.739999771118164 31.479999542236328 AB 5.931814623553854 1.0863631928123902
61976.2511 lsst_hardware_i 12.471250279459198 30.770000457763672 31.229999542236328 AB 6.500382590536317 1.0849039094080084
61990.2154 lsst_hardware_z -58.29186941196035 66.2300033569336 30.979999542236328 AB 3.363712675339223 1.0850686049481364
61990.2265 lsst_hardware_r 75.56927367494147 94.91999816894531 31.649999618530273 AB 3.3715947715183705 1.0876112166188292
61992.1965 lsst_hardware_r -154.25117208976206 60.2400016784668 31.6299991607666 AB 4.531866800784098 1.085997316267457
61992.2091 lsst_hardware_i -71.0741321610949 51.45000076293945 31.299999237060547 AB 5.0327685095994035 1.0849991397217642
61995.1486 lsst_hardware_r 4.120380359447532 22.8700008392334 31.479999542236328 AB 3.7722794829919493 1.1149045316955666
61995.1604 lsst_hardware_u -1.5944938410838758 2.630000114440918 28.3700008392334 AB 3.6336511124517568 1.1021083143620738
61997.2394 lsst_hardware_r -5.914006840098069 22.850000381469727 31.479999542236328 AB 4.794800524518112 1.1121386712196024
61997.251 lsst_hardware_i -25.0006118484974 31.280000686645508 31.239999771118164 AB 5.300055047279759 1.1276712866552678
62009.0881 lsst_hardware_r -31.89247065504214 27.639999389648438 31.530000686645508 AB 1.6947555004713277 1.1495713077641703
62009.0928 lsst_hardware_z 14.072390636943314 43.810001373291016 30.950000762939453 AB 1.6884775025128222 1.1410559233065196
62011.1313 lsst_hardware_y 84.67791382816696 49.06999969482422 30.030000686645508 AB 5.674622730723796 1.0912736020622684
62011.1416 lsst_hardware_r 6.719514476825443 42.11000061035156 31.600000381469727 AB 5.651456364616087 1.0868185316569399
62013.1271 lsst_hardware_i 94.42421162047108 57.2599983215332 31.309999465942383 AB 5.072326637185329 1.0905883975887614
62013.1371 lsst_hardware_z -29.117457950154602 56.02000045776367 30.969999313354492 AB 5.050583871045365 1.0865365086508494
62016.1326 lsst_hardware_r -0.9087799388907118 101.98999786376953 31.639999389648438 AB 1.5199252911664856 1.0856609222617755
62016.1447 lsst_hardware_z -57.26112304440593 70.55000305175781 30.979999542236328 AB 1.519150409853624 1.0851074356097314
62017.0428 lsst_hardware_z -29.44751452427127 74.30000305175781 30.969999313354492 AB 1.7963757117361812 1.2026617128338637
62017.0468 lsst_hardware_r -5.713676293495704 107.87999725341797 31.6200008392334 AB 1.8357250453038707 1.1922873210460299
62020.2091 lsst_hardware_i 8.094984904827854 60.81999969482422 31.309999465942383 AB 2.198543871616114 1.1655118598424354
62020.2209 lsst_hardware_z 7.803315159862279 57.9900016784668 30.959999084472656 AB 2.2160048737515052 1.1930039697183052
62030.1111 lsst_hardware_r 13.991153005500193 22.399999618530273 31.489999771118164 AB 1.3817329387314679 1.0858412092192282
62030.1226 lsst_hardware_i 6.903489682315331 30.600000381469727 31.239999771118164 AB 1.213436758294841 1.0899132559534501
62031.1962 lsst_hardware_i 14.464912952942118 31.709999084472656 31.219999313354492 AB 1.4722746162197708 1.2070298144863874
62031.2083 lsst_hardware_u -1.6266668059871279 2.4800000190734863 28.200000762939453 AB 1.497473980322577 1.242802943763118
62033.1447 lsst_hardware_r 16.16473937276383 22.56999969482422 31.479999542236328 AB 8.017176906725835 1.1165725363931898
62033.1568 lsst_hardware_u 0.3643338696254616 2.6600000858306885 28.389999389648438 AB 8.040295018792126 1.1340731364001477
62035.1451 lsst_hardware_g 7.302872063250422 13.59000015258789 31.399999618530273 AB 3.8016815763342375 1.124536060836429
62035.1568 lsst_hardware_r -29.034965194710985 22.75 31.479999542236328 AB 3.8693865537633836 1.143351275397356
62037.147 lsst_hardware_i -7.270696273039344 30.950000762939453 31.229999542236328 AB 4.002188380959645 1.1359096634701311
62037.1592 lsst_hardware_z 7.920966422425083 42.599998474121094 30.940000534057617 AB 4.082770421126869 1.15828750894891
62039.1469 lsst_hardware_r -35.21175107822259 32.13999938964844 31.549999237060547 AB 3.2309570054991634 1.1451879745389286
62039.158 lsst_hardware_g -49.27700299986119 26.459999084472656 31.579999923706055 AB 3.298100518608229 1.1671937661701886
62041.158 lsst_hardware_r 25.282669404068862 53.560001373291016 31.59000015258789 AB 5.079309327161999 1.1794746584736728
62041.1706 lsst_hardware_i 111.95478483750513 49.70000076293945 31.270000457763672 AB 5.4260531047576706 1.2117360613583708
62043.0678 lsst_hardware_i -16.062269370162205 60.08000183105469 31.31999969482422 AB 4.043045472026234 1.0849201830164685
62043.0793 lsst_hardware_z -4.354080388165067 57.61000061035156 30.969999313354492 AB 4.037199812709768 1.086802560794069
62044.0539 lsst_hardware_z 95.65463442575 59.08000183105469 30.979999542236328 AB 6.25124970310967 1.086166402717962
62044.0665 lsst_hardware_r -113.17181829972742 76.51000213623047 31.639999389648438 AB 6.223263467764327 1.0849798287544563
62048.0585 lsst_hardware_r 118.9340334042115 80.69999694824219 31.649999618530273 AB 3.0636801107101292 1.0852568582040045
62048.07 lsst_hardware_i -53.03703091594198 63.959999084472656 31.31999969482422 AB 3.0503069440189168 1.0883588049544184
62050.0564 lsst_hardware_z -45.65902059704203 48.779998779296875 30.959999084472656 AB 5.134893324067497 1.0858306881083661
62050.0667 lsst_hardware_r -46.365997792826974 50.369998931884766 31.6200008392334 AB 5.0777903010164165 1.0893039367185182
62052.047 lsst_hardware_u -1.3497764619573807 2.7300000190734863 28.469999313354492 AB 3.7547479433699458 1.0851872668699265
62052.0597 lsst_hardware_r 7.624738746958413 22.56999969482422 31.489999771118164 AB 3.2571520967323173 1.0886203531859349
62054.1388 lsst_hardware_z -2.586790638182181 43.63999938964844 30.940000534057617 AB 5.449884661046139 1.222312648260946
62054.1499 lsst_hardware_i 34.8938296311442 32.13999938964844 31.229999542236328 AB 5.600397449108772 1.2572919514575975
62057.075 lsst_hardware_u -5.923565516796584 2.5999999046325684 28.350000381469727 AB 8.002764651216882 1.111495090446789
62057.0863 lsst_hardware_g 3.736416508262536 13.640000343322754 31.3799991607666 AB 8.120601669840042 1.1264011933382871
62059.0787 lsst_hardware_r 22.043031062685916 22.889999389648438 31.489999771118164 AB 9.236226386720716 1.1233096509572928
62059.0903 lsst_hardware_i -6.694859695147665 31.25 31.239999771118164 AB 8.907584095587241 1.141656439815574
62064.0806 lsst_hardware_z 48.07277412100815 42.91999816894531 30.940000534057617 AB 3.3192164981200905 1.1488159550471888
62064.0918 lsst_hardware_r 5.834794016747607 23.239999771118164 31.479999542236328 AB 3.132920661652538 1.1717328327826229
62065.0777 lsst_hardware_u -0.9967928362737657 2.7200000286102295 28.420000076293945 AB 4.500396882144817 1.14849990612347
62065.0893 lsst_hardware_r -1.4472454829366979 23.290000915527344 31.479999542236328 AB 5.121744816484628 1.172247526183779
62067.0801 lsst_hardware_i -61.979668279820565 33.189998626708984 31.239999771118164 AB 4.221893449536221 1.1641250320412373
62067.0918 lsst_hardware_z 51.886948551745284 44.2599983215332 30.940000534057617 AB 3.692419212268483 1.1911029716995105
