data/validation/pwv_sim_epoch_fit_4/9596399.ecsv
# %ECSV 0.9
# ---
# datatype:
# - {name: time, datatype: float64}
# - {name: band, datatype: string}
# - {name: flux, datatype: float64}
# - {name: fluxerr, datatype: float64}
# - {name: zp, datatype: float64}
# - {name: zpsys, datatype: string}
# - {name: pwv, datatype: float64}
# - {name: airmass, datatype: float64}
# meta: {SNID: '9596399', alt: 1024.0, c: 0.047252487391233444, dec: -17.582775, lat: -30.244573, lon: -70.7499537, ra: 120.058594, t0: 60656.94140625,
#   x0: 9.83969129567817e-06, x1: -0.20401103794574738, z: 0.46348878741264343}
# schema: astropy-2.0
time band flux fluxerr zp zpsys pwv airmass
60640.3539 lsst_hardware_g 429.9042940402632 36.08565988480685 31.65999984741211 AB 4.055130511295795 1.0252310411164154
60642.2648 lsst_hardware_z 1513.0592764600412 71.00903215368356 31.690000534057617 AB 5.692565399175422 1.1379441077813115
60642.2806 lsst_hardware_y 384.1324456136263 50.628232731360455 30.020000457763672 AB 5.4907113261578 1.094403054794459
60644.3283 lsst_hardware_u 6.751436585650241 4.254322701700458 28.5 AB 7.098431171512327 1.0260319689008421
60644.348 lsst_hardware_y 394.8326057994158 57.426292645690346 30.059999465942383 AB 7.4709722097885924 1.0266555187286783
60646.3285 lsst_hardware_r 2463.860480499238 54.099067182137254 31.489999771118164 AB 6.294990395216733 1.0248453236650237
60646.347 lsst_hardware_z 1269.4440951254724 58.01220550976924 30.959999084472656 AB 6.229302568126598 1.0286536480730213
60648.3282 lsst_hardware_z 1584.16140437417 56.52087943866061 30.959999084472656 AB 3.147606443725129 1.0247226620915677
60648.3476 lsst_hardware_y 636.7866588841565 58.970893557823544 30.059999465942383 AB 4.194642797389651 1.0324850994559367
60650.3268 lsst_hardware_u 3.736061556209598 3.4576692928306363 28.399999618530273 AB 4.274515949770914 1.0252686667450235
60650.3449 lsst_hardware_y 736.4040969573676 57.31242684185928 30.059999465942383 AB 4.483447834738492 1.0346617053570628
60654.3049 lsst_hardware_z 1917.6528106791072 59.32181765176973 30.950000762939453 AB 8.497942134294812 1.0250937947862135
60654.3238 lsst_hardware_r 3492.034323333784 63.64181217646022 31.5 AB 8.522551737538715 1.0279694118935407
60656.3026 lsst_hardware_y 730.425230419401 52.83014287548107 30.049999237060547 AB 10.286130781758274 1.024719145423198
60656.3211 lsst_hardware_g 1076.6598077961703 35.729362421530865 31.40999984741211 AB 10.297826391563913 1.0294223413369232
60658.3039 lsst_hardware_r 4152.60362631392 91.34621716989214 31.649999618530273 AB 8.47447696737724 1.0250693023573263
60658.3227 lsst_hardware_i 2742.145958777707 73.68225305345072 31.31999969482422 AB 8.541916450661049 1.0343610473872442
60660.3062 lsst_hardware_z 2225.429469663069 77.63657502574213 30.989999771118164 AB 6.843835740274705 1.0274101317732716
60660.3245 lsst_hardware_r 4089.9685264749533 108.54756297362145 31.65999984741211 AB 6.943437632696624 1.0413073834278566
60662.2516 lsst_hardware_z 2149.237466714809 74.41906376548293 30.989999771118164 AB 4.588276018433583 1.047910475832724
60662.2784 lsst_hardware_r 3630.7881092993057 95.36519564330227 31.65999984741211 AB 4.446054127118229 1.0262690581378984
60663.2719 lsst_hardware_i 2550.6725108659866 75.15578051852906 31.329999923706055 AB 4.413933884955791 1.0277710070527302
60663.2947 lsst_hardware_z 2017.6828477640063 70.42110212493616 30.989999771118164 AB 4.429917323851639 1.0261564336001017
60665.2491 lsst_hardware_z 1990.635468057795 63.80665228862293 30.969999313354492 AB 4.981140814654345 1.0411358213588124
60665.2677 lsst_hardware_r 3139.886276192712 72.36941359512623 31.6299991607666 AB 4.751632381637972 1.027213399262315
60668.2441 lsst_hardware_u 5.792887975133327 3.1714264066059132 28.579999923706055 AB 6.91476724565659 1.0378637516932967
60668.2632 lsst_hardware_g 558.7512375162748 30.04323716504877 31.549999237060547 AB 6.476836338500259 1.025898047280945
60670.2484 lsst_hardware_r 2186.5283840847333 51.88030165909886 31.5 AB 5.219468970949049 1.0301414064141805
60670.2677 lsst_hardware_i 2022.776788238594 54.14876807998548 31.260000228881836 AB 6.446761181989054 1.0246915001108643
60674.2349 lsst_hardware_u 4.985444973043895 2.895787994533784 28.43000030517578 AB 6.941340503349619 1.0318499354622046
60674.2569 lsst_hardware_r 1633.3953973886262 46.73357608838326 31.5 AB 5.744448194363844 1.0246964313884845
60676.242 lsst_hardware_i 1637.0359920471385 49.85096654788795 31.25 AB 7.219124731093715 1.025714852374877
60676.2614 lsst_hardware_z 1158.4156380072588 52.57578414288657 30.950000762939453 AB 7.2655210714762415 1.026940385400293
60678.2442 lsst_hardware_r 1168.0183655701012 41.509806114879204 31.489999771118164 AB 3.6405936948527176 1.0246534463418837
60678.2664 lsst_hardware_u -3.7484120313116396 2.6489443689019025 28.389999389648438 AB 4.4880729936702535 1.0330074406176737
60680.2395 lsst_hardware_g 187.61864586014002 19.035181210835095 31.43000030517578 AB 11.872707612070911 1.0246576000751628
60680.2622 lsst_hardware_r 1044.557889686812 39.43619329359167 31.5 AB 10.843893726638564 1.033999147540388
60682.2179 lsst_hardware_r 1815.3923568313032 52.94870883458876 32.2400016784668 AB 8.986489349845126 1.0288302568132903
60682.239 lsst_hardware_i 2471.529625976525 65.3275842096182 32.0 AB 8.95523901613802 1.0251742749146784
60684.217 lsst_hardware_z 982.0214891677322 52.90355292354045 30.959999084472656 AB 7.155338000956431 1.026738126123751
60684.2366 lsst_hardware_r 765.656068859783 35.79138731283338 31.5 AB 7.102920835690831 1.0259147592533864
60686.2069 lsst_hardware_z 879.3145412590763 60.36197585707318 30.979999542236328 AB 7.008671786242347 1.0288713720261824
60686.2261 lsst_hardware_r 831.3734342654786 67.08278951182065 31.649999618530273 AB 6.559137807765104 1.0248652824632976
60688.185 lsst_hardware_i 1183.1123808129025 84.90440921385975 31.34000015258789 AB 5.520773271151534 1.042573323269197
60688.2047 lsst_hardware_z 854.6197068414249 73.86750644306105 31.0 AB 5.419482985554936 1.0272927657198248
60690.1897 lsst_hardware_r 693.0380850711523 102.10950427808497 31.65999984741211 AB 6.293306933020507 1.032959693561019
60694.1675 lsst_hardware_r 443.7327319191708 50.849299716451625 31.6200008392334 AB 6.054394259856328 1.0438610792855738
60694.1878 lsst_hardware_i 790.6987969639466 51.82840749827227 31.299999237060547 AB 5.959600063294429 1.027517252292143
60695.1676 lsst_hardware_z 638.0828693971778 51.4181261738675 30.959999084472656 AB 9.31067874081668 1.040686893533906
60695.1872 lsst_hardware_r 423.37592110228024 43.8328721013488 31.610000610351562 AB 9.060505558815386 1.0266474043075295
60699.0841 lsst_hardware_i 521.5375984318745 40.081653407339886 31.219999313354492 AB 16.066438199517325 1.2365298323106237
60703.1518 lsst_hardware_g 51.206516527061574 15.443399364442179 31.440000534057617 AB 12.25141485747392 1.034893554059461
60703.172 lsst_hardware_r 282.41651766987684 28.04463737847212 31.510000228881836 AB 10.960029993188718 1.0249404607096682
60705.1491 lsst_hardware_i 521.877558271351 37.301855440118864 31.260000228881836 AB 12.400330562987985 1.0326867652772205
60705.1677 lsst_hardware_z 481.58733413322074 46.09269676161601 30.959999084472656 AB 12.555313295605474 1.02479804885977
60707.1355 lsst_hardware_r 226.44421393239875 27.733346015830055 31.510000228881836 AB 8.667723761159364 1.0399812539635687
60707.1536 lsst_hardware_g 16.84242006358623 15.58392279861611 31.459999084472656 AB 8.532550750058123 1.0269664500280582
60709.133 lsst_hardware_r 256.8830222194748 27.34076493273186 31.510000228881836 AB 7.771215751604571 1.0370493535497576
60709.151 lsst_hardware_i 389.38817324837987 36.60811608317706 31.260000228881836 AB 7.682580459751491 1.025962802610985
60711.1379 lsst_hardware_z 467.81567328631553 46.208503560987346 30.959999084472656 AB 6.552364538286595 1.0292749824515544
60711.1564 lsst_hardware_i 427.9774292831482 36.22412348623274 31.260000228881836 AB 6.566402961046794 1.0247195632095414
60713.1352 lsst_hardware_z 375.4113922820745 49.93062333109848 30.969999313354492 AB 5.102554860278956 1.0278429182056583
60713.1542 lsst_hardware_g -38.092930416193354 37.543412782525536 31.690000534057617 AB 5.025218557081467 1.0251363845535428
60714.1305 lsst_hardware_r 335.836659313954 55.867895820222564 31.639999389648438 AB 8.899865053394665 1.0288365747385577
60714.1495 lsst_hardware_i 365.63417360792533 51.22917886327903 31.309999465942383 AB 8.753502899614338 1.0248403332361573
60716.1112 lsst_hardware_i 337.338023218642 70.06504433807999 31.329999923706055 AB 3.634164078907487 1.039694098149697
60716.1298 lsst_hardware_z 309.34169590286945 64.03368246507036 30.989999771118164 AB 3.571253467113718 1.0266647885909783
60718.103 lsst_hardware_r 148.40706541468094 102.73996636208449 31.65999984741211 AB 4.698335995107246 1.042665136783366
60718.1204 lsst_hardware_z 373.012818719039 72.12703682650364 31.0 AB 4.644446256113422 1.028404529530226
60720.1016 lsst_hardware_r 217.66354734265374 88.94045904144761 31.65999984741211 AB 3.315305004744266 1.0383583039341062
60720.119 lsst_hardware_i 305.87278966301625 72.96789862630881 31.34000015258789 AB 3.267471235775473 1.0266188785721424
60722.099 lsst_hardware_z 312.4332698091463 53.334921007729164 30.969999313354492 AB 3.2470502594831263 1.0356866491360777
60722.1161 lsst_hardware_i 311.444738706552 53.09395176323412 31.309999465942383 AB 3.18284474205423 1.0257865634809786
60724.0983 lsst_hardware_u 0.15902765331724253 4.429514863311418 28.81999969482422 AB 5.752295999796865 1.0318945196514244
60724.1152 lsst_hardware_g 71.71812754278264 30.660275327255853 31.65999984741211 AB 5.682359905601347 1.0248642628914106
60727.0845 lsst_hardware_r 229.8906548131921 25.849126840894264 31.5 AB 4.7192837422774465 1.0364459170448272
60727.1007 lsst_hardware_i 259.38494661650805 34.35123584391486 31.25 AB 4.6937429527837615 1.0263286339906184
60729.0833 lsst_hardware_z 221.51109075213137 44.26542674901293 30.950000762939453 AB 7.406297084234644 1.0328843294379253
60729.1014 lsst_hardware_u 2.9262310378057785 2.847732307492558 28.479999542236328 AB 6.736889459019675 1.024881763542547
60731.0836 lsst_hardware_g 24.980303152267073 13.5 31.40999984741211 AB 7.8265393438015565 1.0290969190758432
60731.1018 lsst_hardware_r 4.558527349847855 22.100000381469727 31.489999771118164 AB 7.835235668649142 1.0247161247211565
60733.0807 lsst_hardware_i -2.3695523697838596 30.049999237060547 31.25 AB 8.035243507983518 1.0277876065468812
60733.0993 lsst_hardware_z 7.277444965290148 40.75 30.950000762939453 AB 6.811404665105804 1.0250806524106706
60736.0571 lsst_hardware_z 3.940595876121596 40.810001373291016 30.940000534057617 AB 2.987434061880069 1.0391677413925686
60736.0751 lsst_hardware_i -10.204197559796928 29.950000762939453 31.25 AB 2.9404546814564454 1.0266950703409377
60738.057 lsst_hardware_u 9.93055991381668 2.630000114440918 28.389999389648438 AB 4.631010142865957 1.0342462911187278
60738.0757 lsst_hardware_g 1.2361476151405695 13.369999885559082 31.399999618530273 AB 4.599044903780732 1.0250471553746061
60740.0553 lsst_hardware_r -8.988697090260995 27.389999389648438 31.549999237060547 AB 5.473006633717152 1.0314102582543587
60740.0728 lsst_hardware_i -54.86217673618032 32.06999969482422 31.260000228881836 AB 5.438928304705437 1.0247305730148837
60744.053 lsst_hardware_z -20.003269149075678 53.790000915527344 30.979999542236328 AB 10.305388412462543 1.026791053899521
60744.0721 lsst_hardware_r -110.92505355745419 64.62000274658203 31.649999618530273 AB 10.340705053718585 1.0257109610393875
60753.0287 lsst_hardware_g -19.75512336706037 13.4399995803833 31.440000534057617 AB 6.964521426759744 1.0266855497545138
60753.0484 lsst_hardware_r -0.9113477125367996 22.040000915527344 31.510000228881836 AB 7.638024231186954 1.025961144590074
60755.0306 lsst_hardware_i -18.466811461604618 30.059999465942383 31.270000457763672 AB 3.7439626966008883 1.0248540617548851
60755.051 lsst_hardware_r 3.3921201961895835 22.18000030517578 31.510000228881836 AB 4.051680595062758 1.0295211777570012
60759.0027 lsst_hardware_y -52.42345717130971 47.5 30.059999465942383 AB 8.576215415985807 1.0319113723963576
60759.0209 lsst_hardware_r -4.303441912758232 21.959999084472656 31.5 AB 8.664093234941415 1.024730128319505
60761.0002 lsst_hardware_y 32.530316009807585 47.52000045776367 30.059999465942383 AB 5.656263342799356 1.0299564515499302
60761.0177 lsst_hardware_z -40.849877829304816 40.7400016784668 30.959999084472656 AB 5.6267067167637475 1.0246366390149015
60762.9989 lsst_hardware_y 51.70871852946956 47.650001525878906 30.059999465942383 AB 7.586017885133824 1.0277300241781446
60763.0176 lsst_hardware_u 0.6000229492441567 2.809999942779541 28.56999969482422 AB 6.663255179045713 1.025116181391648
60765.9953 lsst_hardware_y 52.67603806413679 47.54999923706055 30.049999237060547 AB 4.863964347563898 1.0259724410400206
60766.0138 lsst_hardware_r 1.133872084333577 22.110000610351562 31.489999771118164 AB 3.761530808536699 1.0262452187712643
60767.9814 lsst_hardware_y -18.648856240257288 70.6500015258789 30.06999969482422 AB 9.159774503406753 1.0297666670496182
60767.999 lsst_hardware_r -29.769352665446945 24.040000915527344 31.510000228881836 AB 9.258885611564205 1.024638053569103
60769.9792 lsst_hardware_z 31.69433701320663 65.95999908447266 30.989999771118164 AB 9.134349450048 1.0280062405095312
60769.9973 lsst_hardware_g -14.23884409226754 28.799999237060547 31.649999618530273 AB 9.200235172637736 1.0249245443812502
60771.9782 lsst_hardware_y 157.51256074414772 75.33999633789062 30.06999969482422 AB 11.61074822840142 1.026198175918577
60771.9974 lsst_hardware_i -31.04016968438872 47.61000061035156 31.309999465942383 AB 11.607196117366279 1.0262394798923975
60773.9766 lsst_hardware_y 24.5005205380528 73.86000061035156 30.06999969482422 AB 9.372960702378979 1.0251889349255119
60773.9947 lsst_hardware_r 23.436334109820326 66.2300033569336 31.649999618530273 AB 9.427774937948724 1.0272891476771093
60778.9728 lsst_hardware_y -37.99049607618521 72.87000274658203 30.06999969482422 AB 5.002453486653107 1.0249354067823813
60778.9908 lsst_hardware_z -27.878017499687218 54.529998779296875 30.979999542236328 AB 4.973221655786029 1.0331283626665342
61007.269 lsst_hardware_i -15.387590801440505 30.770000457763672 31.229999542236328 AB 4.978931951495354 1.127156477784901
61007.2828 lsst_hardware_y -25.564001986996235 47.45000076293945 30.020000457763672 AB 4.828090729829825 1.0908679700619062
61010.3289 lsst_hardware_r 1.0989888004628001 21.969999313354492 31.489999771118164 AB 7.1882403879861485 1.0253290777841941
61010.3486 lsst_hardware_y -73.917647749553 58.47999954223633 30.06999969482422 AB 7.491204856385822 1.0277410970484047
61012.3259 lsst_hardware_g -11.759757527018438 36.5 31.700000762939453 AB 6.290974145037135 1.0249008919605442
61012.3446 lsst_hardware_y 51.10591651639536 50.79999923706055 30.059999465942383 AB 6.2325976252114 1.0284525937801408
61016.3362 lsst_hardware_y 87.49883307444568 76.9800033569336 30.809999465942383 AB 4.48733969995084 1.0298559182858087
61019.3061 lsst_hardware_g -2.686353539786193 46.20000076293945 31.709999084472656 AB 10.257407311796177 1.02499760791388
61019.3239 lsst_hardware_r 13.908541444914544 48.369998931884766 31.6299991607666 AB 10.361062364178794 1.0276792664330963
61021.3068 lsst_hardware_i -4.489618398015068 33.900001525878906 31.270000457763672 AB 10.791550769618162 1.0246926619776813
61021.3263 lsst_hardware_z -10.829369005623814 42.709999084472656 30.959999084472656 AB 10.861103560602283 1.0323588708512201
61023.302 lsst_hardware_r 3.2465424158203846 23.469999313354492 31.510000228881836 AB 7.426608757080316 1.0247367432269776
61023.3225 lsst_hardware_u -1.680646078113275 3.119999885559082 28.530000686645508 AB 7.443486638305432 1.0336261763986139
61025.2924 lsst_hardware_g 3.1656407672087963 13.5600004196167 31.420000076293945 AB 10.840952456845512 1.0247033636571399
61025.3102 lsst_hardware_i -11.353706147901429 30.100000381469727 31.25 AB 10.886147706967876 1.0290301553601986
61027.2589 lsst_hardware_z -24.452259271622975 40.709999084472656 30.950000762939453 AB 5.6417435374226725 1.0401444574894307
61027.2839 lsst_hardware_r -15.649428107548085 22.030000686645508 31.5 AB 5.559888061491076 1.025053108681983
61029.2553 lsst_hardware_u 1.9323756652226853 2.6500000953674316 28.440000534057617 AB 4.436890867139883 1.0382537471125484
61029.2809 lsst_hardware_g 4.608443796968874 13.260000228881836 31.399999618530273 AB 4.383941679444499 1.0247443394303133
