data/validation/pwv_sim_epoch_fit_4/9656157.ecsv
# %ECSV 0.9
# ---
# datatype:
# - {name: time, datatype: float64}
# - {name: band, datatype: string}
# - {name: flux, datatype: float64}
# - {name: fluxerr, datatype: float64}
# - {name: zp, datatype: float64}
# - {name: zpsys, datatype: string}
# - {name: pwv, datatype: float64}
# - {name: airmass, datatype: float64}
# meta: {SNID: '9656157', alt: 1024.0, c: -0.03517656400799751, dec: -45.191612, lat: -30.244573, lon: -70.7499537, ra: 298.807526, t0: 60039.56640625,
#   x0: 3.208724869454921e-05, x1: 0.534700870513916, z: 0.2796976864337921}
# schema: astropy-2.0
time band flux fluxerr zp zpsys pwv airmass
60063.4025 lsst_hardware_u 19.440144210098754 37.99418592584626 29.540000915527344 AB 13.111265165316176 1.0410723491596139
60063.4153 lsst_hardware_y 1397.5247420141334 152.03301450493356 30.079999923706055 AB 12.892568035278 1.035838833027598
60065.4122 lsst_hardware_r 7274.741349492905 160.20320658340137 32.40999984741211 AB 9.211262668012491 1.0353417134949692
60065.4257 lsst_hardware_y 1201.7371556116725 215.07510983146457 30.829999923706055 AB 9.441705122965887 1.0352746845357332
60067.4058 lsst_hardware_z 4527.569435781162 205.23015527214818 31.760000228881836 AB 11.502408660074478 1.0355222584729524
60069.4084 lsst_hardware_z 2452.2800238454197 145.2646919981523 31.010000228881836 AB 6.9571816632372565 1.0347174810540631
60069.4239 lsst_hardware_y 665.9029933583172 152.36356943552212 30.079999923706055 AB 5.556958703202214 1.0379078638778882
60071.4057 lsst_hardware_i 3341.675499101327 124.71708405120152 31.350000381469727 AB 7.1686027145316435 1.0348286085841079
60071.4205 lsst_hardware_y 785.7039740360045 152.257081092922 30.079999923706055 AB 7.64048784222578 1.03880370839566
60073.3855 lsst_hardware_z 2215.5208378322695 145.4087669505321 31.010000228881836 AB 7.907372826546193 1.0365227365618475
60073.3997 lsst_hardware_i 3274.5147841371263 124.10769567435337 31.350000381469727 AB 7.880795959321755 1.034791022123474
60078.3918 lsst_hardware_z 1904.3595211657048 144.448737138504 31.010000228881836 AB 8.418721600778822 1.0355768006370407
60078.4043 lsst_hardware_g 614.5374903894258 108.94312656101452 31.739999771118164 AB 8.456791991354947 1.0402597935118947
60083.3816 lsst_hardware_r 1431.928698861973 102.96585154148845 31.65999984741211 AB 9.926700133295183 1.036460468107024
60083.3961 lsst_hardware_i 2036.8258974113267 119.92577267479425 31.350000381469727 AB 10.013013608877948 1.0435929658279735
60087.3821 lsst_hardware_z 1350.9511504499933 142.15104897558894 31.010000228881836 AB 2.057008905115183 1.0416113959567135
60087.3963 lsst_hardware_u 15.642579922631725 37.88791744641453 29.520000457763672 AB 2.084716498590484 1.0528871205002444
60094.3295 lsst_hardware_z 1079.1308630249598 140.97744206365314 31.010000228881836 AB 13.199362104510785 1.0361380096169859
60094.3436 lsst_hardware_r 950.6593879808719 101.0757990851234 31.65999984741211 AB 12.64562575638029 1.034886716927843
60096.3213 lsst_hardware_z 951.5544444710201 140.76799464809415 31.010000228881836 AB 7.11368725921106 1.0369806500307355
60096.3338 lsst_hardware_r 946.609586116064 100.86061796247019 31.65999984741211 AB 6.922295623775314 1.0347228137182831
60101.3256 lsst_hardware_i 1221.3754031810497 116.21383023301595 31.350000381469727 AB 6.237727675237188 1.0350068735615072
60101.3377 lsst_hardware_z 793.9244158104356 140.19944824874992 31.010000228881836 AB 5.659786224965093 1.0383976194781057
60103.3078 lsst_hardware_z 822.1618614311042 140.24490856476268 31.010000228881836 AB 2.922341239078821 1.0354650506080254
60103.3198 lsst_hardware_r 883.8350161504952 100.57094258307436 31.65999984741211 AB 2.9367181912354274 1.034966763430931
60113.2976 lsst_hardware_u -15.376248250087663 38.150001525878906 29.549999237060547 AB 4.810655973864582 1.0358862992817792
60119.1106 lsst_hardware_z 166.74395245632792 133.77000427246094 30.950000762939453 AB 5.530778406956557 1.4738916474234662
60122.246 lsst_hardware_r -104.16221946731417 95.69999694824219 31.65999984741211 AB 7.534795505311916 1.0387090578042344
60122.2584 lsst_hardware_i 111.40851986942604 110.62000274658203 31.34000015258789 AB 7.364443106050521 1.0350587640268074
60126.2401 lsst_hardware_z 88.99348539166725 194.52999877929688 31.760000228881836 AB 7.997471309964935 1.0367476419451562
60127.2307 lsst_hardware_r -87.32532725669272 95.63999938964844 31.65999984741211 AB 8.594918256323725 1.0394982773219257
60127.242 lsst_hardware_z 93.42009289589582 137.5500030517578 31.010000228881836 AB 8.610370513644462 1.0355226113823444
60131.2257 lsst_hardware_z -166.95600109279928 194.74000549316406 31.760000228881836 AB 4.535142503233707 1.0369990479955367
60133.2174 lsst_hardware_r -31.92961399898561 95.58000183105469 31.65999984741211 AB 1.6504661292829628 1.0380834190154387
60133.2294 lsst_hardware_i 63.04490852666054 110.52999877929688 31.34000015258789 AB 1.650723937039374 1.0349366376422406
60142.2125 lsst_hardware_r -46.40093600099508 95.63999938964844 31.65999984741211 AB 1.7593055921962582 1.0348856424683872
60142.2247 lsst_hardware_z -11.966339093458815 137.4600067138672 31.010000228881836 AB 1.7710888845086805 1.0379501178992072
60144.2122 lsst_hardware_r -99.64424556680537 95.91999816894531 31.65999984741211 AB 2.592553114158085 1.0357093471568353
60144.2253 lsst_hardware_u 29.01424046598524 38.08000183105469 29.549999237060547 AB 2.6296298223366206 1.040922245358385
60146.1991 lsst_hardware_u -19.687865826726966 37.900001525878906 29.540000915527344 AB 6.4783131107753 1.034736554363152
60147.1877 lsst_hardware_r -108.38807064487122 95.80000305175781 31.65999984741211 AB 5.660885515333634 1.0354647000793185
60147.1982 lsst_hardware_i -73.38117300381181 110.5999984741211 31.34000015258789 AB 5.6336259338145265 1.034832096586063
60149.0353 lsst_hardware_r -134.34335764839554 91.36000061035156 31.559999465942383 AB 8.84943160092007 1.4290948378510222
60150.1935 lsst_hardware_z -147.31029479133278 137.6300048828125 31.010000228881836 AB 6.070219148667408 1.035255248344403
60150.2053 lsst_hardware_g -118.39263849875414 106.08999633789062 31.739999771118164 AB 6.047430112437169 1.0390327069176013
60153.1957 lsst_hardware_r 0.004725673077075638 95.81999969482422 31.65999984741211 AB 3.3505395252886983 1.0383903487464974
60153.2084 lsst_hardware_z -159.29086485045377 137.60000610351562 31.010000228881836 AB 2.6531451685260725 1.0460897658063666
60158.1307 lsst_hardware_r -9.697314515745036 95.5199966430664 31.649999618530273 AB 1.9193326123061527 1.050346194257289
60158.1418 lsst_hardware_i -79.68967611385445 110.44000244140625 31.34000015258789 AB 1.9061113214701935 1.0418755515005156
60165.1355 lsst_hardware_i -5.39286334311018 110.79000091552734 31.350000381469727 AB 4.473486497988048 1.0361888929267586
60165.1474 lsst_hardware_u 15.426387436777816 38.22999954223633 29.549999237060547 AB 4.481741047082482 1.0347454076958114
60168.1359 lsst_hardware_g -30.876333338038247 106.37000274658203 31.739999771118164 AB 3.2191962751677843 1.0347786162545112
60168.1481 lsst_hardware_r 257.6676136319013 95.83000183105469 31.65999984741211 AB 3.216978275787857 1.036063856936508
60176.114 lsst_hardware_r 3.2752908215748593 95.77999877929688 31.65999984741211 AB 2.1730453409784514 1.0347834957040245
60176.1252 lsst_hardware_i -43.339703320404716 110.58000183105469 31.34000015258789 AB 1.8900790054677796 1.0358016196562705
60178.1103 lsst_hardware_z -179.47802656858494 137.7100067138672 31.010000228881836 AB 2.813685611322721 1.034728550638125
60178.1221 lsst_hardware_u -15.009655945768904 38.040000915527344 29.540000915527344 AB 2.859775997881547 1.036432363099229
60179.1131 lsst_hardware_g -122.6989908657317 106.45999908447266 31.739999771118164 AB 2.457532323590881 1.035077318559916
60179.1242 lsst_hardware_r 29.751298702095397 95.8499984741211 31.65999984741211 AB 2.468263269296625 1.0381759282004732
60183.1052 lsst_hardware_i 165.02489277660476 110.56999969482422 31.34000015258789 AB 1.4765116526624629 1.0356034737243296
60183.1168 lsst_hardware_z 45.17077797949586 137.5399932861328 31.010000228881836 AB 1.5017802062083292 1.0398339665628038
60197.0945 lsst_hardware_g 21.339799411387744 105.75 31.729999542236328 AB 3.7036538699467116 1.051477392811596
60197.1064 lsst_hardware_r -25.170185613709616 95.33999633789062 31.649999618530273 AB 3.755408310134614 1.0647599404974493
60204.0344 lsst_hardware_g 63.22938920156236 106.4000015258789 31.739999771118164 AB 1.8134727656730902 1.0350871950188871
60204.0454 lsst_hardware_r -29.446785814055378 95.87000274658203 31.65999984741211 AB 0.3241782081014214 1.0351619204917666
60212.0406 lsst_hardware_r -160.19542653549613 95.69999694824219 31.65999984741211 AB 4.532441772912832 1.0415016903786523
60212.0544 lsst_hardware_i 38.21556054860588 110.47000122070312 31.34000015258789 AB 4.651186277810983 1.0523045877400414
60222.0259 lsst_hardware_i -79.1140080861327 110.4800033569336 31.34000015258789 AB 2.9062100202971277 1.0511655738483145
60222.0375 lsst_hardware_z -306.2043417247672 137.35000610351562 31.0 AB 2.872672714216957 1.0639528571173913
