data/validation/pwv_sim_epoch_fit_4/9682323.ecsv
# %ECSV 0.9
# ---
# datatype:
# - {name: time, datatype: float64}
# - {name: band, datatype: string}
# - {name: flux, datatype: float64}
# - {name: fluxerr, datatype: float64}
# - {name: zp, datatype: float64}
# - {name: zpsys, datatype: string}
# - {name: pwv, datatype: float64}
# - {name: airmass, datatype: float64}
# meta: {SNID: '9682323', alt: 1024.0, c: -0.09860986471176147, dec: 3.284369, lat: -30.244573, lon: -70.7499537, ra: 155.566406, t0: 61044.609375,
#   x0: 1.29051510427914e-05, x1: -0.4598884582519531, z: 0.4131077229976654}
# schema: astropy-2.0
time band flux fluxerr zp zpsys pwv airmass
[from data line 133]
61447.1946 lsst_hardware_i 15.084487134374008 33.290000915527344 31.229999542236328 AB 3.3615072616505306 1.2450026895001964
61447.2117 lsst_hardware_u 1.5326243061460267 2.75 28.360000610351562 AB 4.525354598677675 1.2145885749078973
61450.1974 lsst_hardware_g -22.255414666997666 15.5600004196167 31.399999618530273 AB 1.6467573144235539 1.2235967661351486
61450.2144 lsst_hardware_r -15.597535748262578 25.09000015258789 31.479999542236328 AB 2.68150449812514 1.2033677628085544
61454.2424 lsst_hardware_z 48.974867255468936 85.0 31.709999084472656 AB 6.409365596227163 1.2116193883760953
61456.2344 lsst_hardware_r -18.507954580983245 152.9499969482422 31.6200008392334 AB 3.9889391410742268 1.2087694366891597
61456.252 lsst_hardware_i 170.1125352113102 122.0999984741211 31.309999465942383 AB 3.3945475643554155 1.2355790697726579
61458.2366 lsst_hardware_z -109.3646877436851 108.0 30.979999542236328 AB 9.86895901640308 1.2183900020250717
61458.2537 lsst_hardware_r -104.955265665126 159.36000061035156 31.610000610351562 AB 11.82919833798686 1.2514469849495484
61460.1547 lsst_hardware_i 19.30270547615656 67.11000061035156 31.299999237060547 AB 11.586277052984933 1.255556681077691
61460.1716 lsst_hardware_z 45.45382770086261 62.779998779296875 30.969999313354492 AB 11.884214131128637 1.2211900117618053
61462.1585 lsst_hardware_g -0.8535920992354926 43.91999816894531 31.6200008392334 AB 6.629076117073655 1.2346947508053
61462.1786 lsst_hardware_r -46.19928991202126 46.939998626708984 31.579999923706055 AB 8.436041618851885 1.2058809446952627
61466.1595 lsst_hardware_u -1.5158006467709004 2.7899999618530273 28.3799991607666 AB 4.151279984704377 1.2150087760110373
61466.1781 lsst_hardware_g -15.074642644728105 15.630000114440918 31.40999984741211 AB 4.647868458671862 1.19916625108173
61468.1958 lsst_hardware_r -17.871199639739437 25.059999465942383 31.479999542236328 AB 7.810716960386182 1.2034693963256489
61468.2142 lsst_hardware_i 25.675948907188005 33.099998474121094 31.229999542236328 AB 6.804917961987654 1.226184989246379
61472.1999 lsst_hardware_u 0.6206751456976008 2.6600000858306885 28.280000686645508 AB 13.141451098596429 1.2206721406865688
61472.2187 lsst_hardware_g 17.311948036818887 15.489999771118164 31.3799991607666 AB 13.577934075919575 1.2595973013106174
61474.1999 lsst_hardware_r -19.227120207723658 25.3799991607666 31.479999542236328 AB 13.405855494273775 1.2298949994746582
61474.2186 lsst_hardware_z -6.616524135383457 45.540000915527344 30.93000030517578 AB 12.87043198973853 1.2746051767903372
61476.1203 lsst_hardware_i 24.29730508067772 33.02000045776367 31.219999313354492 AB 9.74914113862118 1.2346415389363645
61476.1386 lsst_hardware_r 8.354016583438163 24.920000076293945 31.479999542236328 AB 9.907074515859739 1.207566218286619
61477.1176 lsst_hardware_u -5.7900876530784755 2.7200000286102295 28.31999969482422 AB 16.129801756193867 1.2345810758663502
61477.136 lsst_hardware_g -3.949079213099311 15.550000190734863 31.40999984741211 AB 16.904110157250972 1.2074364398036408
61481.1237 lsst_hardware_z 59.75974372119732 50.16999816894531 30.950000762939453 AB 9.27952173550538 1.2088482003785017
61481.1447 lsst_hardware_r -67.99612914462006 46.470001220703125 31.59000015258789 AB 9.718039699047061 1.197663308909999
61487.21 lsst_hardware_r 97.04904439110895 181.2100067138672 32.33000183105469 AB 8.976031801798111 1.3813530012000785
61487.2369 lsst_hardware_z -102.50203873762403 128.77000427246094 31.68000030517578 AB 10.106672610213236 1.5582288945749672
61489.1653 lsst_hardware_r 33.58837812458753 70.5999984741211 31.600000381469727 AB 10.496782893605317 1.2427375710182338
61489.184 lsst_hardware_y -104.87233414907972 54.18000030517578 29.959999084472656 AB 8.945981269360322 1.2948769704158236
61492.142 lsst_hardware_g 19.370126008205144 36.09000015258789 31.610000610351562 AB 8.885740129430483 1.2158921906719151
61492.1598 lsst_hardware_r -17.11566733513944 41.09000015258789 31.559999465942383 AB 9.14100586638142 1.2488850350279919
61494.1408 lsst_hardware_i -13.347402018056593 33.0099983215332 31.239999771118164 AB 7.722191086862353 1.2221879852591433
61494.1582 lsst_hardware_z 58.34787201174476 44.959999084472656 30.93000030517578 AB 8.002186000402448 1.2584691759911588
61499.0611 lsst_hardware_u -3.2474334373376466 2.7300000190734863 28.360000610351562 AB 5.9208166209943025 1.227875699086334
61499.0797 lsst_hardware_g 17.13149313865641 15.199999809265137 31.40999984741211 AB 5.813223078354396 1.2040644321363705
61503.0598 lsst_hardware_r -8.650109731375963 24.770000457763672 31.489999771118164 AB 9.14860594057752 1.2132893250401118
61503.0802 lsst_hardware_u -1.271752449443994 2.7699999809265137 28.389999389648438 AB 9.00708422695026 1.1982020123207229
61511.048 lsst_hardware_i 0.7702971231031455 72.22000122070312 31.299999237060547 AB 20.059548924839266 1.2032420439282756
61511.066 lsst_hardware_z -85.75698809571095 68.23999786376953 30.969999313354492 AB 19.937644091892505 1.1978757778135987
61513.0426 lsst_hardware_r 136.5045477082781 114.87999725341797 31.6299991607666 AB 13.706421146299363 1.2031971745105512
61513.0589 lsst_hardware_z 57.289546027311474 83.44000244140625 30.979999542236328 AB 13.70173843667302 1.197704408800089
61518.0097 lsst_hardware_r 29.480833625506214 59.790000915527344 31.600000381469727 AB 7.574662083371543 1.22703022490427
61518.0272 lsst_hardware_z -30.241546076590822 55.869998931884766 30.959999084472656 AB 7.447257339038829 1.2045705360353949
61520.0859 lsst_hardware_u -20.87271911786004 10.130000114440918 29.100000381469727 AB 16.9724325031916 1.2551253468805028
61520.1037 lsst_hardware_g 31.715109777232705 53.459999084472656 31.610000610351562 AB 17.682528259363952 1.3103831230307381
61524.0047 lsst_hardware_i 18.993051174750605 33.2400016784668 31.229999542236328 AB 10.39843924166365 1.2105988988490193
61524.0226 lsst_hardware_z -89.8873968173359 44.439998626708984 30.93000030517578 AB 10.23797076931879 1.1982643690682324
61526.0059 lsst_hardware_r 4.73353491174928 24.950000762939453 31.479999542236328 AB 12.831379041021195 1.2041270977075431
61526.0249 lsst_hardware_u 4.190381898599147 2.7100000381469727 28.34000015258789 AB 12.789725502714155 1.1978576247800592
61528.0038 lsst_hardware_g -2.3700689045218755 15.59000015258789 31.43000030517578 AB 16.38979468236857 1.2017153203418154
61528.0236 lsst_hardware_i 53.19039147378693 32.720001220703125 31.229999542236328 AB 16.317673505962052 1.1988592686769564
61530.0414 lsst_hardware_z -4.664576556492019 44.790000915527344 30.93000030517578 AB 12.157932871535428 1.2204717622421377
61530.0581 lsst_hardware_r -17.580253109955432 25.469999313354492 31.469999313354492 AB 11.315617142496876 1.2538890390880528
61532.042 lsst_hardware_u 2.3835266693576385 2.799999952316284 28.3700008392334 AB 7.80059352587832 1.2307657819309434
61532.0615 lsst_hardware_g -0.839731287780204 15.800000190734863 31.389999389648438 AB 8.061170072347853 1.2784347113389665
61533.0437 lsst_hardware_r 29.613991094138843 25.299999237060547 31.479999542236328 AB 12.745067382767903 1.2395915755650417
61533.0616 lsst_hardware_i 41.45396014173963 33.68000030517578 31.219999313354492 AB 13.171450886108962 1.287364066538284
61535.0431 lsst_hardware_z 59.3662208061904 44.90999984741211 30.93000030517578 AB 9.179957125763027 1.2505901676675177
61535.0606 lsst_hardware_r 30.52962556018225 25.649999618530273 31.469999313354492 AB 9.564139406860912 1.3025726124428079
61536.963 lsst_hardware_y 54.19653479120228 55.9900016784668 30.0 AB 14.225826620019976 1.2186949901499382
61536.9809 lsst_hardware_z 18.675266548582762 46.099998474121094 30.940000534057617 AB 13.943216189773056 1.2007247630197753
61540.9616 lsst_hardware_y -190.77728389673695 60.65999984741211 30.010000228881836 AB 8.819022278228756 1.2070931122678286
61540.979 lsst_hardware_r 15.42049847995809 82.86000061035156 31.6200008392334 AB 8.606029451133544 1.1977772374577993
61542.9698 lsst_hardware_y 299.3127305091533 81.97000122070312 30.760000228881836 AB 8.918930104310537 1.1985124440282917
61546.9605 lsst_hardware_z 9.653680399334487 57.040000915527344 30.959999084472656 AB 6.7465548523751275 1.1981095457957505
61546.9803 lsst_hardware_i -38.414669993171366 54.0 31.290000915527344 AB 6.476750815768829 1.2036333052906205
61550.9585 lsst_hardware_y -27.385576606417807 56.18000030517578 30.010000228881836 AB 6.922029119204959 1.198204798200616
61550.9776 lsst_hardware_r 20.084874662442882 26.09000015258789 31.5 AB 6.981741041604282 1.211687095037189
