data/validation/pwv_sim_epoch_fit_4/9727423.ecsv
# %ECSV 0.9
# ---
# datatype:
# - {name: time, datatype: float64}
# - {name: band, datatype: string}
# - {name: flux, datatype: float64}
# - {name: fluxerr, datatype: float64}
# - {name: zp, datatype: float64}
# - {name: zpsys, datatype: string}
# - {name: pwv, datatype: float64}
# - {name: airmass, datatype: float64}
# meta: {SNID: '9727423', alt: 1024.0, c: 0.12514649331569672, dec: -30.0, lat: -30.244573, lon: -70.7499537, ra: 174.199219, t0: 61341.9765625,
#   x0: 5.288879982378439e-05, x1: 0.9812506437301636, z: 0.22462482750415802}
# schema: astropy-2.0
time band flux fluxerr zp zpsys pwv airmass
61410.254 lsst_hardware_r -30.813932953375247 24.059999465942383 31.43000030517578 AB 14.077765475203774 1.3499535376573868
61410.2751 lsst_hardware_g -10.637590449024685 14.15999984741211 31.350000381469727 AB 12.85100042603809 1.2323552384002763
61412.2531 lsst_hardware_r -22.494439791755376 23.920000076293945 31.440000534057617 AB 12.366465902412635 1.321321261053794
61412.2746 lsst_hardware_i -59.97425730761255 32.099998474121094 31.229999542236328 AB 11.456414995845117 1.2096522652894097
61419.2929 lsst_hardware_r 28.288572323699835 23.059999465942383 31.5 AB 8.959238159096024 1.0839536408004544
61419.311 lsst_hardware_u -0.9718897786384519 2.7699999809265137 28.5 AB 8.683002140271952 1.0461448361773436
61421.2914 lsst_hardware_g -0.06258977538046959 13.949999809265137 31.43000030517578 AB 5.084870127683414 1.0745710329001297
61421.309 lsst_hardware_r 17.274344247749344 22.610000610351562 31.510000228881836 AB 5.967055401506531 1.040326967093498
61423.3004 lsst_hardware_i 35.28723878911044 30.450000762939453 31.260000228881836 AB 7.581036081935445 1.045588039712498
61423.3164 lsst_hardware_z 37.245755949128615 40.7599983215332 30.950000762939453 AB 7.378323378623424 1.0223532463105784
61425.2183 lsst_hardware_r 33.813244787953096 60.619998931884766 31.579999923706055 AB 12.959618601158189 1.3171459576005697
61425.2362 lsst_hardware_i -69.11708347483096 50.52000045776367 31.290000915527344 AB 12.216399676852575 1.2227608317810648
61427.2061 lsst_hardware_z -12.851731910274106 65.62000274658203 30.940000534057617 AB 13.315453445573882 1.359725658836783
61427.2241 lsst_hardware_i -52.835642605993264 69.44000244140625 31.290000915527344 AB 11.92145015205205 1.2548894896896894
61429.2326 lsst_hardware_z 68.02099998797596 93.66999816894531 31.719999313354492 AB 11.870045461060782 1.1908151546007917
61431.2059 lsst_hardware_r -56.3272802784461 83.5999984741211 31.59000015258789 AB 18.058399603214344 1.2939369408897627
61431.2232 lsst_hardware_i -127.06752170490404 70.0999984741211 31.299999237060547 AB 17.046119220675948 1.2075743284695344
61433.241 lsst_hardware_z 153.35914333304174 73.33000183105469 31.709999084472656 AB 11.266459111689572 1.1216359373156142
61435.2095 lsst_hardware_g 14.723217467278653 20.84000015258789 31.510000228881836 AB 14.997892453207033 1.220002097603609
61435.2276 lsst_hardware_r 29.74633162330526 30.6299991607666 31.549999237060547 AB 14.088099863167201 1.1476132179184753
61439.2117 lsst_hardware_i -54.99279771645478 31.34000015258789 31.239999771118164 AB 10.550653688160532 1.165603427158225
61439.2306 lsst_hardware_u -0.370503055262502 2.7799999713897705 28.5 AB 9.988719285901626 1.1041122255560802
61441.2069 lsst_hardware_g -6.858150723386503 13.850000381469727 31.399999618530273 AB 8.058221088259893 1.163138147843518
61441.225 lsst_hardware_r 5.4354429821550285 22.780000686645508 31.5 AB 5.853861355721003 1.1045021425888686
61444.2017 lsst_hardware_i 16.18135690357386 31.170000076293945 31.239999771118164 AB 10.369742984487038 1.1522790189444077
61444.2201 lsst_hardware_r 24.568149157267275 22.600000381469727 31.489999771118164 AB 7.78201482572593 1.0955440862120132
61446.1992 lsst_hardware_u 1.88465698985246 2.630000114440918 28.360000610351562 AB 3.71342897576258 1.142007885934161
61446.2179 lsst_hardware_g 9.348320618962234 13.789999961853027 31.40999984741211 AB 4.711306571677526 1.0871409672357957
61449.2176 lsst_hardware_i 28.911619068285393 30.56999969482422 31.239999771118164 AB 5.31481648880011 1.0686628328686547
61449.2351 lsst_hardware_z 18.447493787183113 41.02000045776367 30.950000762939453 AB 5.155347474197278 1.0363201837705598
61451.2235 lsst_hardware_r 26.730509397375975 22.3799991607666 31.5 AB 3.3614962659150107 1.0463801605961123
61451.243 lsst_hardware_u 0.5812723866036024 2.680000066757202 28.459999084472656 AB 3.2235687545294804 1.018907547856019
61453.2166 lsst_hardware_g -17.91196182329131 38.290000915527344 31.68000030517578 AB 4.771606095846961 1.0489351716524247
61453.2366 lsst_hardware_i -14.592702651450068 38.189998626708984 31.290000915527344 AB 4.637661085823709 1.0199386597369053
61455.1027 lsst_hardware_r -100.11395340133397 81.18000030517578 31.520000457763672 AB 5.305574891827661 1.581982822758961
61455.1224 lsst_hardware_z 75.26979768898457 62.0099983215332 30.93000030517578 AB 4.722798905344714 1.4106679991073197
61457.1185 lsst_hardware_y -130.40737866771784 63.29999923706055 29.950000762939453 AB 6.402395911348089 1.3992269056636022
61457.1376 lsst_hardware_r 130.893429524498 117.73999786376953 31.610000610351562 AB 6.510294559961046 1.2790362593243705
61459.1067 lsst_hardware_i -75.84496335295538 92.69999694824219 31.270000457763672 AB 9.516352559132386 1.4474640747026275
61459.1269 lsst_hardware_z 79.31043035967431 79.5199966430664 30.959999084472656 AB 10.101574955000917 1.3086636811764372
61461.103 lsst_hardware_r -52.96901109769038 63.36000061035156 31.540000915527344 AB 10.921446875446566 1.4335899813535349
61461.1227 lsst_hardware_g -32.790865704899076 65.70999908447266 31.610000610351562 AB 9.924869097099725 1.3013235122561675
61467.0964 lsst_hardware_u 2.4925024312655837 2.5 28.170000076293945 AB 7.812676040555747 1.362993028708297
61467.1153 lsst_hardware_g 7.479753071796191 14.0600004196167 31.350000381469727 AB 7.199299103079095 1.2528146007272418
61469.1028 lsst_hardware_r -13.547632563308738 23.81999969482422 31.450000762939453 AB 13.355881781476839 1.2902779185737683
61469.123 lsst_hardware_i -7.8083525694688 31.829999923706055 31.229999542236328 AB 12.295760296763454 1.1924317797375157
61471.0965 lsst_hardware_z 27.301060657671954 44.90999984741211 30.93000030517578 AB 9.418615172499322 1.295011023305283
61471.1152 lsst_hardware_u 2.9818311301996974 2.7100000381469727 28.389999389648438 AB 8.701200655646595 1.2023214944931213
61473.1106 lsst_hardware_g 14.95905218760999 14.0 31.350000381469727 AB 12.260616172436261 1.1986426662530776
61473.1315 lsst_hardware_r 11.59617772499032 23.1299991607666 31.479999542236328 AB 10.698819456232608 1.1225285338613586
61475.1114 lsst_hardware_i -13.931772898627736 31.6299991607666 31.229999542236328 AB 8.788496486536387 1.1732595879142398
61475.132 lsst_hardware_z 19.997523170938607 42.099998474121094 30.950000762939453 AB 8.484774945879302 1.104980241258838
61478.1061 lsst_hardware_i -76.3006210404777 31.649999618530273 31.229999542236328 AB 15.201116344321562 1.1623203673519997
61478.1273 lsst_hardware_z -57.484578767148214 42.02000045776367 30.940000534057617 AB 12.249497866108781 1.0954657365505873
61480.1031 lsst_hardware_g 49.7296977203871 28.350000381469727 31.610000610351562 AB 8.550099809254252 1.1533796970564547
61480.1248 lsst_hardware_r 2.14690048470185 29.90999984741211 31.559999465942383 AB 8.022851583847027 1.0878196990594555
61486.097 lsst_hardware_z -116.34305994486475 122.56999969482422 31.75 AB 5.828769515327704 1.1194819811768513
61488.0963 lsst_hardware_r 46.19117226795928 109.05000305175781 31.649999618530273 AB 6.069504187208905 1.1055563182529828
61488.1149 lsst_hardware_i -146.52323362251184 86.44999694824219 31.34000015258789 AB 5.822428251954148 1.0606964980560454
61491.0718 lsst_hardware_z 12.423637696263697 47.9900016784668 30.950000762939453 AB 7.3014626737276 1.157936115938668
61491.0887 lsst_hardware_r 54.63980407043283 41.90999984741211 31.600000381469727 AB 7.109305343767981 1.1039008323440964
61493.0756 lsst_hardware_u 1.489325220621428 2.8499999046325684 28.520000457763672 AB 7.659471081860909 1.1265584765202101
61493.0935 lsst_hardware_g 15.113708349770159 14.40999984741211 31.450000762939453 AB 7.422522980026642 1.0776281336695102
61498.0756 lsst_hardware_r 27.496440676209563 23.170000076293945 31.5 AB 6.770054130635364 1.0879521321980417
61498.0933 lsst_hardware_u 2.9342231547108963 2.75 28.479999542236328 AB 7.432464353552278 1.0497213233993492
61500.0683 lsst_hardware_g -9.134438256133084 14.020000457763672 31.389999389648438 AB 8.527033044297962 1.092660699558721
61500.0854 lsst_hardware_r -12.433361790120397 22.84000015258789 31.489999771118164 AB 7.412883067029378 1.0542642078831805
61502.0741 lsst_hardware_i 4.08169756668022 30.8700008392334 31.239999771118164 AB 11.586615184565165 1.0660567243358838
61502.092 lsst_hardware_z -56.0732403603144 41.099998474121094 30.950000762939453 AB 10.601660037459427 1.0339048212852908
61504.0687 lsst_hardware_r 2.8472206650193073 22.8799991607666 31.489999771118164 AB 8.164112119579398 1.0659269441296135
61504.0859 lsst_hardware_u 2.959188032658371 2.7300000190734863 28.469999313354492 AB 7.312796378906566 1.0348540831962876
61509.9708 lsst_hardware_y -127.63484069941612 77.30999755859375 29.93000030517578 AB 16.082543247800462 1.4213785764422953
61509.9886 lsst_hardware_z 92.56041449697742 49.970001220703125 30.93000030517578 AB 14.73334896044554 1.303115441498794
61511.9834 lsst_hardware_y -114.24324150381482 56.56999969482422 29.979999542236328 AB 18.57716495990541 1.301605532310766
61512.0001 lsst_hardware_i 109.92830087371486 60.5099983215332 31.299999237060547 AB 16.18525259983869 1.2162047339824684
61513.9769 lsst_hardware_z 59.94376530775762 134.41000366210938 31.719999313354492 AB 12.240037752445982 1.3076497723492022
61516.981 lsst_hardware_y -13.115791235731534 58.630001068115234 30.0 AB 11.41256670807683 1.2417786527476011
61517.0004 lsst_hardware_r -134.4553159302914 97.62000274658203 31.639999389648438 AB 10.800600095393504 1.1594224781700933
61518.9787 lsst_hardware_y 15.419863947606412 50.70000076293945 29.979999542236328 AB 11.800025788166884 1.2266882906794645
61518.9971 lsst_hardware_z 116.28827470418268 42.91999816894531 30.940000534057617 AB 11.071453443806005 1.1516469000084262
61524.9731 lsst_hardware_y 41.42703931937739 49.88999938964844 30.010000228881836 AB 13.174251789105277 1.1802241244439218
61524.9913 lsst_hardware_r 11.553879578868838 22.770000457763672 31.479999542236328 AB 12.626967949683422 1.117101263611037
61526.9742 lsst_hardware_z -30.983718132758707 43.34000015258789 30.940000534057617 AB 10.62209732836931 1.155413052396952
61526.9938 lsst_hardware_g -13.591618133759072 13.800000190734863 31.399999618530273 AB 10.211293892095622 1.0946927414339218
61528.9725 lsst_hardware_y -78.45319306941738 49.58000183105469 30.020000457763672 AB 12.67232108078958 1.1422679899756247
61528.9925 lsst_hardware_i 58.25174179131241 30.6200008392334 31.25 AB 12.030341382110377 1.084107540966962
61530.9619 lsst_hardware_y -72.59588941369519 64.23999786376953 30.020000457763672 AB 8.330275300862697 1.1604209650161632
61530.9815 lsst_hardware_r 9.517021633259667 22.899999618530273 31.489999771118164 AB 7.525444670073965 1.098364543541409
61535.9673 lsst_hardware_y 123.3210216064526 49.34000015258789 30.040000915527344 AB 8.272493071570523 1.0998461838157902
61535.9862 lsst_hardware_z -22.48153239415229 41.459999084472656 30.959999084472656 AB 7.940149836279469 1.055999712236121
61541.9645 lsst_hardware_z 12.754056940369388 67.95999908447266 30.989999771118164 AB 11.171170850106309 1.0668676201037288
61541.9845 lsst_hardware_r -125.77509450405198 87.13999938964844 31.65999984741211 AB 10.798952855680813 1.0314186108577663
61544.9634 lsst_hardware_y 6.581587375805426 59.47999954223633 30.059999465942383 AB 7.908971937233769 1.0526114995653237
61544.9842 lsst_hardware_z -31.025672875727658 66.37000274658203 30.989999771118164 AB 7.660413823567095 1.021297727788698
61545.9605 lsst_hardware_y 80.2451015172654 56.95000076293945 30.059999465942383 AB 7.5508226127577736 1.0529297699505729
61545.9777 lsst_hardware_i -91.01622656336835 67.26000213623047 31.34000015258789 AB 7.3388374029879095 1.0258727804281915
61549.9595 lsst_hardware_y 42.3480637924636 52.380001068115234 30.059999465942383 AB 4.852190576143911 1.0360549272905146
61549.979 lsst_hardware_g -8.700819782708717 13.75 31.43000030517578 AB 4.770300757601178 1.012713119703092
