data/validation/pwv_sim_epoch_fit_4/9824373.ecsv
# %ECSV 0.9
# ---
# datatype:
# - {name: time, datatype: float64}
# - {name: band, datatype: string}
# - {name: flux, datatype: float64}
# - {name: fluxerr, datatype: float64}
# - {name: zp, datatype: float64}
# - {name: zpsys, datatype: string}
# - {name: pwv, datatype: float64}
# - {name: airmass, datatype: float64}
# meta: {SNID: '9824373', alt: 1024.0, c: 0.01812545396387577, dec: -3.732834, lat: -30.244573, lon: -70.7499537, ra: 319.921875, t0: 60801.8984375,
#   x0: 8.523655102436713e-06, x1: 0.5091045498847961, z: 0.49199187755584717}
# schema: astropy-2.0
time band flux fluxerr zp zpsys pwv airmass
60811.402 lsst_hardware_r 2800.6632377335677 90.76565551082643 31.6299991607666 AB 5.03841511267487 1.1423250708906143
60811.4239 lsst_hardware_y 598.0148920706291 61.71454399566215 30.030000686645508 AB 4.2097615465909115 1.1212077982752784
60813.4175 lsst_hardware_z 3415.5184401567594 104.13148447296676 31.729999542236328 AB 9.198880267953843 1.1216778768386593
60822.4022 lsst_hardware_i 1341.3342079541649 49.274776889913824 31.25 AB 5.5852136690100345 1.118720815024509
60822.421 lsst_hardware_y 411.9183189494568 52.28209026588039 30.020000457763672 AB 4.794638506367256 1.1240507575588048
60825.3737 lsst_hardware_z 1907.341326517074 73.81251299736364 31.700000762939453 AB 13.959648285358941 1.13009187911046
60825.3939 lsst_hardware_i 1222.4683350127941 47.32443016229376 31.25 AB 14.461901720607202 1.118736112060582
60841.2979 lsst_hardware_i 654.044046442057 87.6924578996821 31.309999465942383 AB 13.89012077388549 1.1871898097338027
60843.2864 lsst_hardware_r 922.7028736814053 98.951023942694 32.36000061035156 AB 5.2647663023344995 1.2040172973779157
60843.3047 lsst_hardware_z 668.6373205200061 63.203857176228965 30.969999313354492 AB 4.500948831756906 1.159291392596679
60845.3473 lsst_hardware_r 391.780946945924 38.22927642004497 31.56999969482422 AB 2.8645677922037476 1.1191175122556638
60845.3682 lsst_hardware_i 568.4689790417058 43.489343209752136 31.270000457763672 AB 2.9152873540364537 1.133177256039092
60850.2975 lsst_hardware_u 3.9890654765025775 3.405331100051498 28.459999084472656 AB 3.8759734541925095 1.1395453118951278
60850.3183 lsst_hardware_g 35.78215300166506 16.451725339411365 31.43000030517578 AB 3.8195855021055762 1.1208252072496434
60853.2565 lsst_hardware_g 43.49861881093055 16.150692955480633 31.399999618530273 AB 8.642305201907204 1.2119345396027843
60853.2783 lsst_hardware_r 228.4021331733674 28.137119860745056 31.489999771118164 AB 8.313192752604508 1.1575575891303562
60859.2874 lsst_hardware_i 283.05289282497625 36.22802134531477 31.239999771118164 AB 7.270669704511565 1.124489765999546
60859.3072 lsst_hardware_z 442.80609958486554 46.92686663018679 30.940000534057617 AB 7.1666004462397375 1.1187907237716375
60862.2917 lsst_hardware_r 177.79507601826504 44.986520666595936 31.600000381469727 AB 5.733966531428156 1.1189319019276334
60862.3143 lsst_hardware_g 10.510299962007556 31.656433527025847 31.6299991607666 AB 5.759644774469182 1.1259385402562658
60864.2865 lsst_hardware_r 276.81233555905965 71.635532575214 31.6299991607666 AB 1.8098957235947524 1.1188887065651607
60864.3064 lsst_hardware_i 346.0910303086915 60.7160880036849 31.309999465942383 AB 1.4917036836925188 1.124117320039577
60869.2452 lsst_hardware_r 57.66966571209126 128.51256734733903 31.639999389648438 AB 7.794781515897624 1.140143566440482
60869.266 lsst_hardware_z 392.70186621138964 92.38103518671835 30.989999771118164 AB 6.97539694940163 1.121025919976691
60871.2447 lsst_hardware_y 166.95635644333726 55.276572168152626 30.030000686645508 AB 6.560056699768328 1.1338136309552058
60871.2669 lsst_hardware_r 174.73159236866567 76.9871365229979 31.6299991607666 AB 6.025691115542277 1.1189769945296706
60880.2433 lsst_hardware_r 36.86395321830553 34.529998779296875 32.2599983215332 AB 7.031044360036485 1.118821040688986
60880.2652 lsst_hardware_i 19.43955534804196 45.529998779296875 32.0 AB 6.653709313512496 1.125982030462833
60882.2096 lsst_hardware_i -0.013459216315872696 32.310001373291016 31.25 AB 11.511403233138234 1.1402979899262744
60882.231 lsst_hardware_z 15.488113218180867 42.84000015258789 30.940000534057617 AB 11.303554904774082 1.1208099259414734
60885.2076 lsst_hardware_r 4.8993176210531475 24.510000228881836 31.5 AB 4.712887814541893 1.1325427301846906
60885.2289 lsst_hardware_u 2.1461903939846705 2.7799999713897705 28.43000030517578 AB 4.6495770087077295 1.1189420043416645
60887.2114 lsst_hardware_g -3.930923975811358 15.279999732971191 31.43000030517578 AB 3.5973936100900055 1.1241855031531267
60887.2323 lsst_hardware_r 37.634057423481686 24.43000030517578 31.5 AB 3.5810109646089145 1.1190659264402858
60889.2008 lsst_hardware_i 1.2664819603165665 35.970001220703125 31.270000457763672 AB 2.131738574548819 1.1283517663352225
60889.2211 lsst_hardware_z 51.83389060362231 44.18000030517578 30.950000762939453 AB 2.0115280341193063 1.1186031053075525
60892.214 lsst_hardware_r -31.734184219147156 85.88999938964844 32.369998931884766 AB 1.1452900503127266 1.1185838606399476
60892.2355 lsst_hardware_z -6.568760931244181 75.7699966430664 31.709999084472656 AB 1.212314990727511 1.1286535465867669
60895.2118 lsst_hardware_z -66.09562129757805 90.62999725341797 30.989999771118164 AB 3.4700816297973223 1.119381170902362
60895.2323 lsst_hardware_i -12.229424703279827 107.04000091552734 31.31999969482422 AB 3.5150985684409264 1.133902764013202
60898.1769 lsst_hardware_r 286.62659247773104 121.55000305175781 31.639999389648438 AB 8.413335424418218 1.1277425616931618
60898.1976 lsst_hardware_z -55.19981836451947 84.16000366210938 30.989999771118164 AB 8.243228081136794 1.1185853194956747
60900.1746 lsst_hardware_g -13.878546378206357 61.540000915527344 31.690000534057617 AB 3.3500958800528085 1.1251371553493899
60900.1938 lsst_hardware_r -33.689280903043624 62.61000061035156 31.6299991607666 AB 3.304495072332323 1.118651006205932
60903.1637 lsst_hardware_i -37.88428802640656 32.380001068115234 31.239999771118164 AB 5.974454920566191 1.1273442730842722
60903.1833 lsst_hardware_z 12.864304197424588 42.939998626708984 30.940000534057617 AB 5.464607123830592 1.1185931372663818
60905.1734 lsst_hardware_r -33.92296985191206 24.559999465942383 31.5 AB 3.4815900345745057 1.1191224797732258
60905.1911 lsst_hardware_g -18.727851069117662 15.420000076293945 31.440000534057617 AB 3.584201813492723 1.1220500303118197
60911.1719 lsst_hardware_u -5.372622513740991 2.740000009536743 28.389999389648438 AB 3.3560722707004014 1.1206830823799203
60911.1931 lsst_hardware_g -22.20130107692866 15.319999694824219 31.420000076293945 AB 3.3921031482827564 1.1395962311204983
60913.1211 lsst_hardware_g -19.328712341471114 15.329999923706055 31.43000030517578 AB 2.1754906783851196 1.146050666869548
60913.1374 lsst_hardware_r -22.350397779960378 24.600000381469727 31.5 AB 2.4525587875770523 1.1264910606646492
60933.0887 lsst_hardware_z 13.679314762663886 42.86000061035156 30.940000534057617 AB 1.167440926311944 1.1223594869208553
60933.1075 lsst_hardware_r -35.75802305594388 24.1200008392334 31.5 AB 1.122237019433467 1.1192523465096729
60935.058 lsst_hardware_r 26.522386318657894 24.280000686645508 31.5 AB 0.28191533949095254 1.151066374240024
60935.0759 lsst_hardware_u -1.7909892164931864 2.7200000286102295 28.389999389648438 AB 0.39592612316337855 1.1277269114551491
60937.067 lsst_hardware_g -2.4297716386822974 15.020000457763672 31.43000030517578 AB 6.203888167168052 1.1310643878155064
60937.0858 lsst_hardware_i -36.8874236201785 32.0 31.25 AB 6.17449845313819 1.1191768086167577
60939.0622 lsst_hardware_z -15.891766748466923 42.720001220703125 30.940000534057617 AB 4.412067318836165 1.1303814814046838
60939.0819 lsst_hardware_r -26.688748392463438 24.040000915527344 31.489999771118164 AB 4.370342850927917 1.1188793781177464
60942.0605 lsst_hardware_u 4.208105420900024 2.7100000381469727 28.3799991607666 AB 3.3870782825129964 1.1247146878674295
60942.0808 lsst_hardware_g 13.292334619846619 14.9399995803833 31.420000076293945 AB 3.3652944435070897 1.1188433900949704
60944.0644 lsst_hardware_r -25.195880181678593 24.5 31.5 AB 3.2664598083880803 1.1198010998930683
60944.0828 lsst_hardware_i -6.814514889587474 31.989999771118164 31.25 AB 3.3384604286664974 1.121135229171857
60946.0316 lsst_hardware_i -28.70913813142957 33.150001525878906 31.25 AB 5.399177021082899 1.1451064731883136
60946.0514 lsst_hardware_z 15.898240761599784 43.189998626708984 30.940000534057617 AB 5.02560910798961 1.1234595621437542
60949.0336 lsst_hardware_r 83.07189372040533 50.83000183105469 31.600000381469727 AB 6.9016215855872245 1.1317380536362247
60949.052 lsst_hardware_z 28.812373976995055 50.7400016784668 30.959999084472656 AB 6.433747123331313 1.1194316999184513
60954.0291 lsst_hardware_z -123.12310001497795 74.87999725341797 30.989999771118164 AB 3.8299602355463924 1.1237596661586218
60954.0484 lsst_hardware_r -93.07131282626334 109.5999984741211 31.649999618530273 AB 4.226925229526345 1.1189001997290613
60956.0301 lsst_hardware_y -72.81729959371013 53.220001220703125 30.030000686645508 AB 5.091971679656543 1.12034580410485
60956.0495 lsst_hardware_g 74.80399710077397 86.63999938964844 31.690000534057617 AB 6.111100726657791 1.1208915492778178
60958.0317 lsst_hardware_r -17.275331571639654 24.190000534057617 31.489999771118164 AB 2.6848231991109706 1.1186763329629044
60958.0502 lsst_hardware_i -31.834667208103866 32.0 31.239999771118164 AB 2.7172524652267294 1.1244578792578095
60960.0001 lsst_hardware_y 124.39282247734465 50.810001373291016 30.020000457763672 AB 6.918932459264227 1.1357407188549289
60960.0186 lsst_hardware_z 8.159321679221417 42.880001068115234 30.940000534057617 AB 6.931334372755874 1.1205778631890508
60962.0013 lsst_hardware_y -77.72369221365716 50.900001525878906 30.020000457763672 AB 8.183700072120928 1.1285267853993464
60962.0216 lsst_hardware_u 4.4363600935087355 2.759999990463257 28.399999618530273 AB 8.092292913844767 1.1186212989993918
60964.0023 lsst_hardware_y 101.27856644602868 51.06999969482422 30.020000457763672 AB 8.7857625326799 1.1234272147151738
60964.0216 lsst_hardware_i -55.31117334936584 32.06999969482422 31.25 AB 8.735753500037628 1.1189880873641844
61176.3982 lsst_hardware_r 52.233276230780945 35.34000015258789 32.22999954223633 AB 5.158718751917425 1.149447137236503
61176.4205 lsst_hardware_y 168.40057765143868 69.73999786376953 30.760000228881836 AB 4.171672710668786 1.1235820022450695
61181.3749 lsst_hardware_r -6.147207106979289 25.31999969482422 31.510000228881836 AB 8.202713124080269 1.168006235481444
61181.3926 lsst_hardware_y -41.347805785820015 48.45000076293945 30.020000457763672 AB 8.06466358931756 1.1374701818501494
61186.4003 lsst_hardware_g -3.3292069621330866 15.539999961853027 31.440000534057617 AB 6.154494552622951 1.1200172070287022
61186.4215 lsst_hardware_y 111.92539107539761 48.9900016784668 30.020000457763672 AB 5.641623100480865 1.1222643923773352
61195.3337 lsst_hardware_z 5.556805326122662 142.7899932861328 32.47999954223633 AB 14.074851926826183 1.1747153467283882
61197.394 lsst_hardware_r 84.2516778632564 78.87000274658203 31.6299991607666 AB 4.983641430275354 1.1238339001635442
61197.4185 lsst_hardware_i 77.52779283336919 68.12000274658203 31.309999465942383 AB 4.384928417299433 1.1539285308682719
61218.2522 lsst_hardware_r -87.94962114664538 67.80000305175781 31.59000015258789 AB 8.832207980259502 1.2284016662391166
61218.2706 lsst_hardware_i -19.78965909128698 55.779998779296875 31.290000915527344 AB 8.34840608720214 1.1754455466093627
61219.3239 lsst_hardware_z 47.23475197186891 61.13999938964844 30.969999313354492 AB 6.074696978390332 1.119278401619641
61219.3427 lsst_hardware_r -50.85361336286644 83.0 31.6299991607666 AB 5.741224055504738 1.131442884269545
61221.3085 lsst_hardware_z -58.76483289651215 75.33999633789062 30.979999542236328 AB 3.9552042999321655 1.1190279530152325
61221.3278 lsst_hardware_r -129.14560518237124 111.87999725341797 31.639999389648438 AB 4.018124016842672 1.1234008574384138
61226.2956 lsst_hardware_r 105.93118077026453 75.06999969482422 31.6299991607666 AB 4.953095401575912 1.118901090320379
61226.3137 lsst_hardware_z 61.04445435980623 61.56999969482422 30.969999313354492 AB 4.986364281756948 1.1231182570543268
61232.2949 lsst_hardware_g -16.53919519805489 14.930000305175781 31.420000076293945 AB 9.572084692690993 1.1217396294133146
61232.3133 lsst_hardware_r -4.640321374663613 24.149999618530273 31.489999771118164 AB 9.691826871911807 1.1387747110315551
61234.2634 lsst_hardware_r -0.23666372647592657 24.139999389648438 31.5 AB 7.009983819210209 1.1228250331098149
61234.2819 lsst_hardware_i -80.8309148392592 31.950000762939453 31.25 AB 6.951597140400767 1.119059423760587
61236.2639 lsst_hardware_z 29.888782660037577 42.66999816894531 30.940000534057617 AB 5.958426053057942 1.1200048971913426
61236.283 lsst_hardware_r 8.960630658620662 24.139999389648438 31.489999771118164 AB 6.033191993388309 1.1212548424268567
61243.253 lsst_hardware_i -18.805635117987183 31.950000762939453 31.239999771118164 AB 5.48807791231291 1.1186271286965996
61243.2736 lsst_hardware_z -4.241987901385423 43.029998779296875 30.940000534057617 AB 5.530012020413037 1.1279408536868158
61245.2425 lsst_hardware_r -89.59094168147503 45.83000183105469 31.600000381469727 AB 7.049039715689418 1.1191320463097085
61245.2627 lsst_hardware_z 36.05802967662816 47.93000030517578 30.959999084472656 AB 6.6390337700753435 1.1236887014048733
61247.2181 lsst_hardware_y -23.88853974248805 74.0199966430664 30.770000457763672 AB 11.493968630684444 1.1308601799520634
61250.2121 lsst_hardware_r 25.524695829354705 207.80999755859375 32.38999938964844 AB 4.656813632079168 1.1286964973732585
61250.2349 lsst_hardware_i 52.586399614238225 161.92999267578125 32.08000183105469 AB 4.609811699771583 1.1186600687008899
61252.2146 lsst_hardware_z -245.63662763677848 102.94999694824219 30.989999771118164 AB 3.592405522061936 1.122626725644355
61252.2337 lsst_hardware_r -238.18758792158457 152.4499969482422 31.639999389648438 AB 3.5816576201091195 1.1192680062840998
61254.2163 lsst_hardware_z 70.59310269955691 65.58000183105469 30.969999313354492 AB 2.004332710621715 1.1195304658099967
61254.2366 lsst_hardware_r 15.691939519267025 86.20999908447266 31.6299991607666 AB 2.0121217121539474 1.1227313561725736
61257.2003 lsst_hardware_i -12.349582993037451 36.2400016784668 31.260000228881836 AB 1.7912141574083211 1.123018280506493
61257.221 lsst_hardware_z -32.87434133370658 45.290000915527344 30.950000762939453 AB 1.173527755649764 1.119511333794194
61265.1683 lsst_hardware_r 35.97538847056174 24.719999313354492 31.5 AB 3.3081003994769804 1.1315547800502757
61265.1891 lsst_hardware_i 30.95160418610475 32.369998931884766 31.25 AB 3.2929787927249192 1.1189190597094527
61267.1658 lsst_hardware_z 37.23315210028042 42.93000030517578 30.940000534057617 AB 3.8216995787155197 1.1285934525553398
61267.1854 lsst_hardware_r 18.0308271640487 24.760000228881836 31.5 AB 4.011509672065433 1.1187105755237088
61269.1685 lsst_hardware_u -2.5329630982920572 2.859999895095825 28.469999313354492 AB 4.952428890365237 1.1224482809727427
61269.1872 lsst_hardware_r -1.4359364033933104 24.68000030517578 31.510000228881836 AB 4.92825841324079 1.1192532071405212
61273.1668 lsst_hardware_i 14.552341898236627 54.88999938964844 32.02000045776367 AB 1.9353050445838045 1.1189968456685773
61273.1885 lsst_hardware_z 36.42928739431136 65.16999816894531 31.700000762939453 AB 1.9396377132721192 1.1252974550021964
61279.1175 lsst_hardware_r 308.2390578230522 162.1300048828125 31.639999389648438 AB 1.6092419640387108 1.1486380899633912
61279.1353 lsst_hardware_i -52.35945913500796 131.19000244140625 31.329999923706055 AB 2.222867938396646 1.1265960747036514
61285.1221 lsst_hardware_z 169.1949099080889 42.79999923706055 30.940000534057617 AB 3.2753620754690447 1.124169690976991
61285.1402 lsst_hardware_r 1.556700029343803 32.77000045776367 31.559999465942383 AB 3.4473624484028083 1.1187286868092838
61287.0989 lsst_hardware_r 31.92956741634591 24.18000030517578 31.489999771118164 AB 1.1229374610493608 1.1435208360991453
61287.117 lsst_hardware_u -0.8836075004744253 2.6700000762939453 28.350000381469727 AB 1.0890816009616913 1.1239232208063388
61298.088 lsst_hardware_g -2.111004457577938 15.369999885559082 31.450000762939453 AB 1.1384111796352319 1.1232473405379693
61298.1062 lsst_hardware_i -39.078609422180854 32.040000915527344 31.25 AB 1.1645991360911034 1.1189102988867912
61300.0596 lsst_hardware_r 32.288858164745434 27.06999969482422 31.530000686645508 AB 0.3392211153532365 1.1495773465797339
61300.078 lsst_hardware_z -29.28860714572179 43.2400016784668 30.950000762939453 AB 0.2732861522246623 1.1265660689406234
61304.0619 lsst_hardware_z 16.50097123810926 56.060001373291016 30.969999313354492 AB 4.418009379913134 1.1314690233685678
61304.0833 lsst_hardware_r 51.25084963809297 64.05000305175781 31.6299991607666 AB 4.368930923946782 1.1188282098926863
61306.0655 lsst_hardware_i 52.331347889404235 90.83999633789062 31.31999969482422 AB 1.559469245478797 1.1236718473488865
61306.0847 lsst_hardware_z -39.71349959367655 80.62999725341797 30.989999771118164 AB 1.4546558818392696 1.1189660629532843
61310.0619 lsst_hardware_z 58.9981003983359 71.66000366210938 30.979999542236328 AB 3.1360125215644956 1.12000447198732
61310.0821 lsst_hardware_i -85.91915462827075 82.33000183105469 31.31999969482422 AB 3.141168920277474 1.121846042956241
61312.0302 lsst_hardware_r 0.28500002691350124 24.1299991607666 31.489999771118164 AB 3.9000472053066555 1.144184203204617
61312.0494 lsst_hardware_z 83.53135323645961 48.59000015258789 30.950000762939453 AB 3.8146111247531382 1.1234864887354619
61314.0332 lsst_hardware_r 24.473567622162236 24.18000030517578 31.5 AB 6.894659536435782 1.1329961990198836
61314.0526 lsst_hardware_u -3.945046564187574 2.740000009536743 28.40999984741211 AB 6.423726230260756 1.1195061398153578
61316.0325 lsst_hardware_g 18.41623043593322 14.920000076293945 31.43000030517578 AB 2.1540065195146734 1.1281458726508415
61316.0499 lsst_hardware_r -7.103390486962713 24.149999618530273 31.5 AB 3.280106947980872 1.1189176012217523
61318.027 lsst_hardware_i -14.504937666101327 31.989999771118164 31.25 AB 3.1261908596943875 1.1281814722823482
61318.0466 lsst_hardware_z -11.718293335633378 42.70000076293945 30.950000762939453 AB 3.1476063696462124 1.11868488436662
61320.0277 lsst_hardware_r -11.012137321714206 24.270000457763672 31.5 AB 4.360453708865182 1.123393973686766
61320.0468 lsst_hardware_u -5.82912892825259 2.759999990463257 28.420000076293945 AB 4.9318155820957355 1.1190233324845673
61322.03 lsst_hardware_g -9.492912098894156 15.260000228881836 31.450000762939453 AB 4.47665763670069 1.1197242713108277
61322.0463 lsst_hardware_i -11.973699709650125 32.08000183105469 31.25 AB 3.518214419514501 1.1204504520746819
61327.0012 lsst_hardware_y 167.367092280551 51.59000015258789 30.020000457763672 AB 8.244605442041902 1.1293335460818767
61327.0193 lsst_hardware_u 1.4447141231995506 2.890000104904175 28.479999542236328 AB 8.14499976020594 1.1190107862208978
61329.0017 lsst_hardware_z 63.864980795115684 45.97999954223633 30.950000762939453 AB 8.798243200561656 1.1243521800040452
61329.0204 lsst_hardware_r 6.204929414460526 26.350000381469727 31.530000686645508 AB 8.744445461960055 1.118763945918921
61333.0001 lsst_hardware_y 45.46512693869711 64.94000244140625 30.030000686645508 AB 3.3388944913476464 1.1196829280173193
61333.0176 lsst_hardware_z -96.23318888109159 58.70000076293945 30.969999313354492 AB 3.342496200523912 1.1210160538369744
61338.0027 lsst_hardware_y 63.07579935845626 66.33999633789062 30.040000915527344 AB 4.044109647249837 1.1204847675416878
61338.0202 lsst_hardware_r -126.64664179480994 91.98999786376953 31.639999389648438 AB 4.091987265226135 1.1341690075693178
