data/validation/pwv_sim_epoch_fit_4/9826876.ecsv
# %ECSV 0.9
# ---
# datatype:
# - {name: time, datatype: float64}
# - {name: band, datatype: string}
# - {name: flux, datatype: float64}
# - {name: fluxerr, datatype: float64}
# - {name: zp, datatype: float64}
# - {name: zpsys, datatype: string}
# - {name: pwv, datatype: float64}
# - {name: airmass, datatype: float64}
# meta: {SNID: '9826876', alt: 1024.0, c: -0.0839841365814209, dec: -23.806295, lat: -30.244573, lon: -70.7499537, ra: 336.445312, t0: 61611.703125,
#   x0: 3.362603596406906e-06, x1: 0.30409544706344604, z: 0.7210254669189453}
# schema: astropy-2.0
time band flux fluxerr zp zpsys pwv airmass
[from data line 132]
61983.1738 lsst_hardware_i -8.333631756370961 44.38999938964844 31.280000686645508 AB 5.498631753265732 1.1840292319693653
61990.1578 lsst_hardware_z 41.93746011769844 93.62999725341797 30.979999542236328 AB 4.447933475213197 1.1716393384527295
61990.1762 lsst_hardware_r -122.5650178797794 135.47999572753906 31.649999618530273 AB 3.6399203180699398 1.1097599994115521
61992.1598 lsst_hardware_z -119.2779588590639 63.20000076293945 30.969999313354492 AB 4.942628360806978 1.1443035254222051
61992.1776 lsst_hardware_r -61.564840112615016 79.6500015258789 31.639999389648438 AB 4.556619614504076 1.0911445437030831
61993.2123 lsst_hardware_i 18.97486278951818 52.34000015258789 31.31999969482422 AB 6.642669696141581 1.024365636292009
61993.2297 lsst_hardware_z -39.40528225928653 52.58000183105469 30.979999542236328 AB 6.4819933250626525 1.0106007678613427
61994.1569 lsst_hardware_i 9.045242811217543 41.68000030517578 31.280000686645508 AB 3.6068288789172414 1.135651410238426
61994.1748 lsst_hardware_z -34.492980911165915 48.099998474121094 30.959999084472656 AB 2.951140053356541 1.08451278986582
61996.2366 lsst_hardware_r -37.11547237521786 28.649999618530273 31.56999969482422 AB 2.463281697248273 1.0066537381480478
61996.2565 lsst_hardware_z 23.731339639619762 42.79999923706055 30.959999084472656 AB 3.6591894367126367 1.0125740399066445
62000.2146 lsst_hardware_u 3.032609645971991 2.9800000190734863 28.610000610351562 AB 2.483004827676478 1.0088389345560003
62000.2347 lsst_hardware_g 14.156574468093526 15.640000343322754 31.5 AB 2.4379497523707343 1.007764279312739
62004.1972 lsst_hardware_r 43.098988260012995 24.100000381469727 31.520000457763672 AB 2.5259785182308527 1.0119430533074123
62010.0806 lsst_hardware_z -48.61936865979907 46.9900016784668 30.93000030517578 AB 4.46895482959447 1.2768442370269912
62011.0714 lsst_hardware_r 4.03930940802459 41.13999938964844 31.549999237060547 AB 7.360569124679405 1.3143873436927511
62011.0888 lsst_hardware_y -56.25704870186159 50.16999816894531 29.989999771118164 AB 6.094153157576684 1.221354764695708
62017.0643 lsst_hardware_i -80.92961970222346 128.0 31.299999237060547 AB 1.940853769422885 1.2616600884655806
62017.0809 lsst_hardware_z -184.52255388110487 104.88999938964844 30.979999542236328 AB 1.79108138380623 1.1843165420803814
62019.1323 lsst_hardware_r -41.467157487570795 117.62000274658203 31.670000076293945 AB 0.6860594202001646 1.0355613889813806
62019.1509 lsst_hardware_z 35.32962899227435 77.37000274658203 31.0 AB 0.6750761989591377 1.01553395856912
62027.109 lsst_hardware_i 6.503784842259958 31.290000915527344 31.260000228881836 AB 1.301983620678443 1.0376438499130847
62027.1262 lsst_hardware_z 49.644003142842955 41.34000015258789 30.959999084472656 AB 1.7098878358080072 1.017840866595371
62030.0824 lsst_hardware_u 4.025871765026161 2.8499999046325684 28.520000457763672 AB 0.29727391328080194 1.070935742828074
62030.098 lsst_hardware_r -12.458730355618092 23.770000457763672 31.520000457763672 AB 1.2945352214285144 1.0418794538660077
62033.066 lsst_hardware_z -0.26059232499200163 42.34000015258789 30.940000534057617 AB 6.081150782652417 1.0902678747359857
62033.0835 lsst_hardware_r 9.087862172210635 23.770000457763672 31.5 AB 4.051503196807243 1.0524751777652275
62036.9816 lsst_hardware_z -41.04148860983138 69.80999755859375 30.940000534057617 AB 3.641532672942674 1.447925516080586
62036.9982 lsst_hardware_u 0.16425947958440956 3.5 28.459999084472656 AB 3.357428342181426 1.3280966543440271
62038.0948 lsst_hardware_r -19.260627843913344 26.530000686645508 31.540000915527344 AB 5.137656596438856 1.0190393249135339
62038.1148 lsst_hardware_y -25.59757723980197 46.779998779296875 30.049999237060547 AB 5.079350556220307 1.0076077278755238
62038.9819 lsst_hardware_y 70.0392647018741 81.30000305175781 29.93000030517578 AB 4.250186701725036 1.4027018817574377
62039.0005 lsst_hardware_r -55.91604828740736 32.47999954223633 31.510000228881836 AB 4.298041179075132 1.2819450239579844
62040.0933 lsst_hardware_g -68.79605316622072 36.209999084472656 31.690000534057617 AB 3.2702360648679276 1.0157326977721688
62040.1123 lsst_hardware_r -29.78423208301605 39.45000076293945 31.610000610351562 AB 3.3290210130635094 1.0070141708285445
62042.9864 lsst_hardware_y -34.196737388965246 75.38999938964844 29.979999542236328 AB 10.76284150719104 1.300174137133491
62043.0052 lsst_hardware_z 32.26391617358076 69.9000015258789 30.969999313354492 AB 4.025783520037394 1.2042727717921289
62047.9901 lsst_hardware_z -54.804093578726814 76.79000091552734 30.969999313354492 AB 3.8803149671434216 1.2107066980166683
62048.0107 lsst_hardware_g 115.47706936806088 94.2699966430664 31.700000762939453 AB 3.1028060034786002 1.131584975739825
62049.0768 lsst_hardware_r 11.107490947817592 80.23999786376953 31.65999984741211 AB 3.824693243051524 1.0105982366314994
62049.0958 lsst_hardware_z 3.0378691559060966 59.66999816894531 30.989999771118164 AB 3.433070436815641 1.0068147329241457
62049.9915 lsst_hardware_y 132.83196090033837 62.310001373291016 30.010000228881836 AB 7.092156219651963 1.1814517198004242
62050.0107 lsst_hardware_i 11.565108252405988 31.889999389648438 31.239999771118164 AB 4.315940297068101 1.1146540023419682
62053.9954 lsst_hardware_y -22.200915956495354 56.06999969482422 30.040000915527344 AB 2.5696317472592276 1.1281034962724346
62054.0156 lsst_hardware_g -4.094887510987722 15.119999885559082 31.469999313354492 AB 3.6546207579454624 1.0737305135477806
62056.0591 lsst_hardware_i -51.09197527586983 30.940000534057617 31.260000228881836 AB 4.781119511250993 1.0099178689493384
62056.0776 lsst_hardware_z 69.21484384562936 41.150001525878906 30.959999084472656 AB 4.828194197950425 1.006922669019792
62058.9986 lsst_hardware_z -22.326080502408058 48.540000915527344 30.959999084472656 AB 7.672282708867424 1.0814409343671048
62059.0167 lsst_hardware_r -12.320199955167642 23.729999542236328 31.510000228881836 AB 8.178657607936792 1.0452626503849043
