data/validation/pwv_sim_epoch_fit_4/9830770.ecsv
# %ECSV 0.9
# ---
# datatype:
# - {name: time, datatype: float64}
# - {name: band, datatype: string}
# - {name: flux, datatype: float64}
# - {name: fluxerr, datatype: float64}
# - {name: zp, datatype: float64}
# - {name: zpsys, datatype: string}
# - {name: pwv, datatype: float64}
# - {name: airmass, datatype: float64}
# meta: {SNID: '9830770', alt: 1024.0, c: -0.12898841500282288, dec: -30.691587, lat: -30.244573, lon: -70.7499537, ra: 9.667969, t0: 62078.8984375,
#   x0: 0.00023156925135486196, x1: -0.5159115791320801, z: 0.11467006057500839}
# schema: astropy-2.0
time band flux fluxerr zp zpsys pwv airmass
[from data line 132]
62393.1576 lsst_hardware_g 3.749357038971893 18.3700008392334 31.520000457763672 AB 1.875559296509214 1.1159615012947222
62393.1746 lsst_hardware_r -13.098721564645475 25.049999237060547 31.520000457763672 AB 0.9508233035779079 1.0718534187820474
62396.1689 lsst_hardware_r 23.94390224798295 64.91000366210938 32.369998931884766 AB 0.8819232106574083 1.0664125884610616
62396.1839 lsst_hardware_z 20.053441053958956 65.95999908447266 31.709999084472656 AB 0.8599920261086066 1.0386377126915538
62399.1678 lsst_hardware_r -149.6465445637519 87.62000274658203 31.649999618530273 AB 6.607823005342589 1.0522430041549842
62399.1841 lsst_hardware_z 102.02255867871749 63.119998931884766 30.989999771118164 AB 6.385979514985379 1.0266022851837278
62401.1665 lsst_hardware_z 4.485059513534275 78.12999725341797 30.989999771118164 AB 3.5336176293409483 1.044805015451309
62401.184 lsst_hardware_i 26.320842841336745 91.08000183105469 31.34000015258789 AB 2.3001801049376565 1.0201486217706353
62411.1003 lsst_hardware_g 8.936119294442607 14.079999923706055 31.399999618530273 AB 5.198301531923587 1.141856459510947
62411.1197 lsst_hardware_i 2.8784267900912766 30.899999618530273 31.25 AB 4.890390598068211 1.085386683006977
62414.105 lsst_hardware_u 0.06470510581569536 2.6500000953674316 28.3799991607666 AB 3.9675038678916903 1.1023906273664046
62414.125 lsst_hardware_g -15.41859280034784 13.880000114440918 31.420000076293945 AB 4.222984745597532 1.055746186399383
62416.0841 lsst_hardware_g -0.8443687539435715 13.84000015258789 31.3700008392334 AB 9.437391551024417 1.1506441508224945
62416.1027 lsst_hardware_r -3.5966804385999307 22.81999969482422 31.489999771118164 AB 8.89533754808908 1.0939019950300732
62418.1054 lsst_hardware_z 1.9080080837763862 41.709999084472656 30.950000762939453 AB 6.046125703770672 1.0739757896452928
62418.1253 lsst_hardware_r -10.186277283964863 22.6200008392334 31.5 AB 3.6544606724165773 1.036358928725013
62423.102 lsst_hardware_r 2.7489367472690605 29.68000030517578 31.559999465942383 AB 7.6047194973244245 1.0527506110458031
62423.1239 lsst_hardware_z 43.90067243922264 42.130001068115234 30.950000762939453 AB 7.373214589161667 1.0201846585870769
62425.1064 lsst_hardware_r 41.78038672968692 46.9900016784668 31.6299991607666 AB 8.089357873817871 1.0360345637574118
62425.1267 lsst_hardware_y 42.527300569425954 48.47999954223633 30.059999465942383 AB 7.867803565858393 1.0120446220420272
62427.019 lsst_hardware_z 50.84755571451785 88.33999633789062 31.700000762939453 AB 6.911915764331117 1.312679852688466
62429.0099 lsst_hardware_y 13.496073190399855 61.099998474121094 29.950000762939453 AB 3.990594040964303 1.334832849939279
62429.0281 lsst_hardware_r -51.870507109392946 100.52999877929688 31.600000381469727 AB 3.675502542219698 1.2350824817741417
62433.0121 lsst_hardware_y 80.50575861844621 50.15999984741211 29.969999313354492 AB 3.577594664852678 1.260271128085488
62433.0313 lsst_hardware_z 31.727511823052918 54.88999938964844 30.959999084472656 AB 3.319493266692537 1.17421056480091
62435.0112 lsst_hardware_y 24.52916492988492 51.65999984741211 29.979999542236328 AB 4.643228741781154 1.2375617995552017
62435.0284 lsst_hardware_u 1.1638447111683519 2.640000104904175 28.360000610351562 AB 4.31604985812298 1.1644804797413713
62437.0129 lsst_hardware_y 35.07701001770443 51.130001068115234 29.989999771118164 AB 4.297711616207494 1.2048532705937045
62437.0311 lsst_hardware_r -33.52314285094535 22.729999542236328 31.469999313354492 AB 4.083687632520261 1.1358827034037164
62438.0138 lsst_hardware_y 31.488285502635517 49.52000045776367 30.0 AB 3.7573914673033344 1.1895498524598989
62438.0323 lsst_hardware_r 12.70638009117571 22.59000015258789 31.479999542236328 AB 3.501086488817151 1.1233432584440057
62440.004 lsst_hardware_z 120.42815110494296 62.040000915527344 30.959999084472656 AB 5.6123788301737365 1.2079373322945894
62440.0209 lsst_hardware_g -2.6306524875756803 13.970000267028809 31.389999389648438 AB 5.297345841537874 1.1425927940766512
62442.0058 lsst_hardware_y 64.45887768684159 65.56999969482422 30.020000457763672 AB 10.427243358455732 1.1778203273979746
62442.0243 lsst_hardware_i -5.496242317219901 30.690000534057617 31.229999542236328 AB 9.704055191387981 1.1145119089685729
62451.0184 lsst_hardware_y -15.13126466584558 52.869998931884766 30.040000915527344 AB 6.9011985490456045 1.0671131431660859
62451.0368 lsst_hardware_r -65.39676823058679 24.65999984741211 31.530000686645508 AB 6.915925163527565 1.0339508878277175
62454.0185 lsst_hardware_y 109.16239429267037 57.29999923706055 30.059999465942383 AB 6.449984470050804 1.050628663507576
62454.0363 lsst_hardware_z -28.31794657428114 46.959999084472656 30.969999313354492 AB 6.298728421412067 1.0236286708686138
