data/validation/pwv_sim_epoch_fit_seasonal/10022832.ecsv
# %ECSV 0.9
# ---
# datatype:
# - {name: time, datatype: float64}
# - {name: band, datatype: string}
# - {name: flux, datatype: float64}
# - {name: fluxerr, datatype: float64}
# - {name: zp, datatype: float64}
# - {name: zpsys, datatype: string}
# - {name: pwv, datatype: float64}
# - {name: airmass, datatype: float64}
# meta: {SNID: '10022832', alt: 1024.0, c: -0.02091667428612709, dec: -46.178181, lat: -30.244573, lon: -70.7499537, ra: 219.807693, t0: 62694.97265625,
#   x0: 4.023875222130217e-06, x1: 1.478265404701233, z: 0.6702134013175964}
# schema: astropy-2.0
time band flux fluxerr zp zpsys pwv airmass
[from data line 133]
62986.1992 lsst_hardware_z -40.11304469588491 41.04999923706055 30.940000534057617 AB 11.365330329326 1.0408605964428908
62986.2112 lsst_hardware_i -3.9249231523801824 30.459999084472656 31.239999771118164 AB 10.251082400164732 1.041485601093671
62990.2012 lsst_hardware_y -15.513001605830096 51.4900016784668 30.049999237060547 AB 9.541250424968064 1.0416875628871631
62990.2134 lsst_hardware_r 26.953352890463957 70.51000213623047 31.649999618530273 AB 9.986159605687018 1.0464199101297982
62995.1988 lsst_hardware_i 0.5261854161634012 76.3499984741211 31.34000015258789 AB 7.987995183573747 1.0459141738268698
62995.2125 lsst_hardware_z -6.352133303174226 67.69999694824219 30.989999771118164 AB 8.866666478975285 1.0555555332113433
62997.1798 lsst_hardware_r -66.1963808826329 52.54999923706055 31.639999389648438 AB 8.09921405209312 1.041230835262984
62997.1917 lsst_hardware_z -42.15011440617831 49.27000045776367 30.969999313354492 AB 8.126130271999475 1.0450942411419812
62999.1411 lsst_hardware_u 1.971312680833519 2.7799999713897705 28.489999771118164 AB 7.343991978170584 1.0497790770354263
62999.1514 lsst_hardware_r 14.627273702956755 23.15999984741211 31.510000228881836 AB 7.224951159026469 1.0440680865645187
63002.1911 lsst_hardware_z -37.72524902764389 41.5 30.950000762939453 AB 5.686442576277626 1.053597735159346
63002.2036 lsst_hardware_i -12.423249104717355 30.889999389648438 31.25 AB 5.7537413211404145 1.066067008209302
63005.1329 lsst_hardware_z 31.38141664867989 41.34000015258789 30.950000762939453 AB 7.837622306809447 1.0450163075745929
63005.1464 lsst_hardware_r 30.722190422192945 23.110000610351562 31.510000228881836 AB 7.807280331372896 1.0409707108497195
63010.177 lsst_hardware_g 10.513879838680682 14.15999984741211 31.420000076293945 AB 8.330204232192651 1.0608121528388637
63010.1901 lsst_hardware_r -33.02706896965237 23.06999969482422 31.489999771118164 AB 8.466219550700647 1.076853160862444
63013.1246 lsst_hardware_r -10.932203640042468 22.899999618530273 31.5 AB 6.400214398168116 1.0409673729739763
63013.1373 lsst_hardware_i -12.418986267625863 30.579999923706055 31.25 AB 5.60789301832266 1.0414559276320403
63015.1241 lsst_hardware_z 16.62665533580847 42.45000076293945 30.959999084472656 AB 9.957786813956998 1.0406660782369885
63015.1373 lsst_hardware_r 7.204007785070482 28.239999771118164 31.559999465942383 AB 9.468691891416485 1.042941481991058
63017.1144 lsst_hardware_z -6.789259565913188 46.900001525878906 30.969999313354492 AB 9.216690205168128 1.0408850555452636
63017.1269 lsst_hardware_r -48.151165775024594 45.40999984741211 31.6299991607666 AB 8.534934726823746 1.0415654794154936
63019.1096 lsst_hardware_z 8.013496110300569 59.75 30.979999542236328 AB 9.930212457256536 1.0408209477511239
63019.122 lsst_hardware_i 175.6032958785707 64.3499984741211 31.329999923706055 AB 9.968977449485758 1.0416904335930781
63020.1141 lsst_hardware_z 3.699443362272642 70.33000183105469 31.0 AB 9.449341317358572 1.0408483028428412
63020.127 lsst_hardware_r 108.173790967613 98.27999877929688 31.65999984741211 AB 9.496980578888579 1.0442362460293848
63031.1042 lsst_hardware_r 23.078549600066705 22.549999237060547 31.489999771118164 AB 14.28099751703432 1.048031227170182
63031.1174 lsst_hardware_i -32.63261253208678 30.520000457763672 31.239999771118164 AB 14.469989423497163 1.0585408967608891
63036.0449 lsst_hardware_r -3.9823916106226585 22.700000762939453 31.5 AB 4.0127658444531455 1.0467629697281389
63036.0571 lsst_hardware_i 16.314071657186147 30.469999313354492 31.260000228881836 AB 3.984518798011955 1.0418404492120883
63044.0827 lsst_hardware_g -10.393140113733256 22.350000381469727 31.59000015258789 AB 7.978515998621815 1.0593294089783336
63044.0963 lsst_hardware_i 33.799723685897014 33.27000045776367 31.270000457763672 AB 8.38898599414692 1.0755110248906308
63046.0785 lsst_hardware_z 31.548415998509938 48.099998474121094 30.959999084472656 AB 3.677134268704744 1.0606098265661217
63046.0917 lsst_hardware_r 70.38760460417426 46.7599983215332 31.6200008392334 AB 4.251951000657807 1.0767158776038734
63048.0212 lsst_hardware_i 31.791994069004595 64.79000091552734 31.329999923706055 AB 8.488663938617442 1.0427373323855227
63048.0339 lsst_hardware_r -59.5092980995923 76.16000366210938 31.649999618530273 AB 8.446087942837904 1.040671259590693
63051.024 lsst_hardware_z -124.2391689895863 96.6500015258789 31.739999771118164 AB 8.221595642643093 1.0407083091953282
63053.0232 lsst_hardware_r 37.472133742146944 69.41000366210938 31.649999618530273 AB 5.961616921029455 1.0407850769953657
63053.0351 lsst_hardware_i 49.42597780045821 58.790000915527344 31.31999969482422 AB 5.986984427280007 1.0435134372437658
63061.0191 lsst_hardware_z -64.7140946127615 40.9900016784668 30.950000762939453 AB 7.257992540352931 1.0461971229337947
63061.0315 lsst_hardware_r -24.07840885959049 22.610000610351562 31.5 AB 7.369633229682762 1.054876826578277
63063.0043 lsst_hardware_i 3.5913318080844485 30.34000015258789 31.25 AB 4.570895860080898 1.042334156565965
63063.0167 lsst_hardware_u -2.062707442343058 2.690000057220459 28.450000762939453 AB 4.585347863199635 1.0479597447605151
63066.0051 lsst_hardware_g -19.062887686466045 13.760000228881836 31.420000076293945 AB 1.692798144058708 1.0460132713030121
63066.0172 lsst_hardware_r -10.195002416617362 22.520000457763672 31.489999771118164 AB 1.6906059147003387 1.054322366510969
63074.002 lsst_hardware_z -48.95322339832024 44.650001525878906 30.959999084472656 AB 4.72801067244002 1.060567669905792
63074.0135 lsst_hardware_r 31.0749486324584 35.83000183105469 31.59000015258789 AB 4.865517187657013 1.0743027572658452
63074.9604 lsst_hardware_y -94.74245958050157 72.79000091552734 30.06999969482422 AB 4.284625100883619 1.040673222090504
63074.9634 lsst_hardware_z -101.78412249525523 62.63999938964844 30.979999542236328 AB 4.289774675271569 1.0408074587690317
