data/validation/pwv_sim_epoch_fit_seasonal/10038065.ecsv
# %ECSV 0.9
# ---
# datatype:
# - {name: time, datatype: float64}
# - {name: band, datatype: string}
# - {name: flux, datatype: float64}
# - {name: fluxerr, datatype: float64}
# - {name: zp, datatype: float64}
# - {name: zpsys, datatype: string}
# - {name: pwv, datatype: float64}
# - {name: airmass, datatype: float64}
# meta: {SNID: '10038065', alt: 1024.0, c: -0.041482310742139816, dec: -11.415158, lat: -30.244573, lon: -70.7499537, ra: 301.816406,
#   t0: 63132.9453125, x0: 2.2530086485343574e-06, x1: 0.7780270576477051, z: 0.8486901521682739}
# schema: astropy-2.0
time band flux fluxerr zp zpsys pwv airmass
63001.35 lsst_hardware_i -35.20135926721514 34.0 31.260000228881836 AB 8.366510096753984 1.0865597528251927
63001.3747 lsst_hardware_z 108.52139119125177 42.88999938964844 30.950000762939453 AB 8.160096184097714 1.0610618534682463
63003.3603 lsst_hardware_r 30.77449325211985 34.97999954223633 32.2599983215332 AB 7.899368248742145 1.0674821957759655
63003.3838 lsst_hardware_u -2.7398047715947347 4.159999847412109 29.270000457763672 AB 7.7065285411136255 1.0571369740896606
63004.3427 lsst_hardware_g -9.627127318694416 22.030000686645508 32.209999084472656 AB 7.605773219338521 1.0852083591793664
63004.3657 lsst_hardware_i -97.53329653076094 45.09000015258789 32.0099983215332 AB 7.445833397552845 1.0615169031344567
63012.3198 lsst_hardware_r -12.461589847640465 24.399999618530273 31.510000228881836 AB 6.149607646440374 1.0868231481190447
63012.3416 lsst_hardware_u -4.278455300079591 2.7899999618530273 28.450000762939453 AB 6.084684846082149 1.0629198787810261
63014.3349 lsst_hardware_g -20.63640578578786 15.430000305175781 31.469999313354492 AB 9.629358007647543 1.0637725762188308
63014.3539 lsst_hardware_r -18.62148560742352 24.270000457763672 31.520000457763672 AB 9.660504443944628 1.0571407379840623
63016.3416 lsst_hardware_i 46.549326635675314 31.610000610351562 31.260000228881836 AB 12.976160504021601 1.0579541665415668
63016.36 lsst_hardware_z -4.056881795527931 42.09000015258789 30.950000762939453 AB 12.934840759772628 1.0597695619215066
63018.3352 lsst_hardware_r -19.631621432431338 24.190000534057617 31.510000228881836 AB 7.080530954340099 1.0582039711068443
63018.3555 lsst_hardware_u 3.741900861130238 2.75 28.43000030517578 AB 7.095935721166051 1.0602157586253205
63021.3289 lsst_hardware_z -102.51744756808071 59.83000183105469 30.979999542236328 AB 12.780638147136543 1.0577371635468462
63021.3489 lsst_hardware_i 47.42467318121195 65.18000030517578 31.31999969482422 AB 12.664481235360181 1.0610322750804442
63034.3277 lsst_hardware_g 0.5821543191457152 21.530000686645508 32.209999084472656 AB 4.134165620099322 1.0727643516313519
63034.3614 lsst_hardware_r -17.855869853783606 34.5099983215332 32.25 AB 3.806070249667073 1.1345598915939208
63037.3123 lsst_hardware_i 15.827201123189814 31.670000076293945 31.260000228881836 AB 3.859618165888185 1.0658493577267658
63037.3318 lsst_hardware_z -22.776635366460813 42.529998779296875 30.950000762939453 AB 3.9391348468364242 1.0894378335992323
63043.2712 lsst_hardware_z -29.38367434152729 41.88999938964844 30.950000762939453 AB 6.069962661619017 1.0573466292068139
63043.2922 lsst_hardware_r 26.830893244599945 24.049999237060547 31.5 AB 5.854389960186797 1.0630815253653363
63045.2572 lsst_hardware_z -23.680761155627906 42.029998779296875 30.950000762939453 AB 6.140664625529224 1.0597706884075058
63045.2769 lsst_hardware_g 15.81792462484739 15.220000267028809 31.459999084472656 AB 6.12625135530136 1.0583182117876166
63047.2587 lsst_hardware_r 31.35437713107826 37.27000045776367 31.600000381469727 AB 3.680671496343998 1.057588246920192
63047.2784 lsst_hardware_z -26.972458805554567 44.790000915527344 30.959999084472656 AB 3.6906025587670044 1.061305823413087
63062.1583 lsst_hardware_z -65.59228320236414 43.029998779296875 30.950000762939453 AB 7.95577946524119 1.1397420560490699
63062.185 lsst_hardware_r -10.201907502802806 24.690000534057617 31.520000457763672 AB 6.939233169816025 1.0842551827837539
63064.1934 lsst_hardware_u -1.808648540959376 2.7699999809265137 28.420000076293945 AB 2.302394765677756 1.0678185509829585
63065.2112 lsst_hardware_r 26.665557726073544 24.59000015258789 31.520000457763672 AB 2.0993542124991054 1.0573428418529869
63065.2316 lsst_hardware_z 28.394412924678218 42.08000183105469 30.950000762939453 AB 2.1839142928141393 1.062732015967951
63067.2355 lsst_hardware_r 0.14688684977037547 24.600000381469727 31.510000228881836 AB 3.1168802820134536 1.0705410551308445
63069.2151 lsst_hardware_g -5.311567723979149 15.640000343322754 31.469999313354492 AB 5.344030242163316 1.0596926912875901
63069.2366 lsst_hardware_r -36.28814941259378 24.700000762939453 31.510000228881836 AB 5.472940973370125 1.0780933661715997
63072.1753 lsst_hardware_r 7.732326399863072 24.799999237060547 31.520000457763672 AB 6.197895040583637 1.0647017462887363
63072.1952 lsst_hardware_i 51.35812223863707 31.989999771118164 31.260000228881836 AB 6.212083960121502 1.057151067453138
63073.162 lsst_hardware_z 26.64995856002375 42.36000061035156 30.950000762939453 AB 9.942448218914386 1.0749367398278493
63073.1821 lsst_hardware_r 1.489939350754005 24.709999084472656 31.520000457763672 AB 11.452084098546953 1.0592094308175657
63077.1595 lsst_hardware_z 141.29983109847424 74.63999938964844 31.729999542236328 AB 5.897330414897135 1.0664250298186502
63081.1756 lsst_hardware_r -153.22187738726547 163.39999389648438 31.65999984741211 AB 2.353954568491945 1.0576006148453085
63081.197 lsst_hardware_y 25.215821806337214 76.66999816894531 30.059999465942383 AB 2.3866887430369563 1.0702640103304737
63085.1356 lsst_hardware_r 14.212005272685595 42.08000183105469 31.610000610351562 AB 2.878918898211362 1.0682444891322307
63085.1549 lsst_hardware_i -50.470872934447804 44.689998626708984 31.299999237060547 AB 2.792423279373508 1.0576025549956476
63094.1262 lsst_hardware_r 10.730806281096584 24.15999984741211 31.510000228881836 AB 5.610583411235974 1.0586838734936974
63094.1476 lsst_hardware_u -3.2784624765221637 2.759999990463257 28.440000534057617 AB 5.625274764163154 1.0600392143523532
63099.1313 lsst_hardware_g -8.8032994448963 15.250491240308039 31.440000534057617 AB 1.8870225595124348 1.0589352185816132
63099.153 lsst_hardware_r 5.320174607183502 24.215670292436045 31.510000228881836 AB 1.9236823178052183 1.075985262126532
63100.0524 lsst_hardware_r 56.71577664542436 34.905935214597626 32.25 AB 3.502502988181816 1.145732086418651
63100.0739 lsst_hardware_i -5.883279623417848 45.408509061296655 32.0099983215332 AB 3.2784780836326046 1.0962365415623956
63102.0865 lsst_hardware_z 22.09512230574347 42.51499883243462 30.940000534057617 AB 3.011373431570451 1.0708692007364664
63102.1055 lsst_hardware_r -2.773437779511159 25.88386636666039 31.530000686645508 AB 3.0316464842528674 1.058320227230092
63108.0811 lsst_hardware_z 581.0700975727488 126.09311447406333 31.75 AB 4.452355381253395 1.061917686781562
63110.0772 lsst_hardware_r 201.3788006774478 124.70956101321082 31.649999618530273 AB 1.3740275741154446 1.0610251537569304
63110.0947 lsst_hardware_z 39.910403849095964 83.83716287615482 30.989999771118164 AB 1.0693254646887147 1.057342252493785
63113.0614 lsst_hardware_i 360.8586901853957 46.78881697122843 31.290000915527344 AB 1.5894422505062022 1.0662626904111374
63113.0795 lsst_hardware_r 263.43658850172307 49.92330961806212 31.6200008392334 AB 1.5946060002041762 1.057431034618154
63115.0614 lsst_hardware_u -1.3467715932244608 2.8799142252621333 28.5 AB 0.5984161151881813 1.0622771275529845
63115.0811 lsst_hardware_g -0.897200518862052 16.23368655598175 31.469999313354492 AB 0.7273677445332056 1.0573486292426975
63118.0488 lsst_hardware_r 384.8331451737842 31.231253001495826 31.510000228881836 AB 2.7501643438801966 1.0654045753668118
63118.0657 lsst_hardware_i 578.3629148592817 39.27974602922253 31.25 AB 2.7190642013480897 1.0574530210065165
63125.0288 lsst_hardware_g 89.46322339878483 18.19356850452325 31.450000762939453 AB 2.6859222342308717 1.0661241998799438
63125.0466 lsst_hardware_r 612.0729703750959 33.68781152164723 31.5 AB 2.76382363011901 1.0574506938345913
63128.0211 lsst_hardware_i 813.9028994227879 42.400480372649184 31.260000228881836 AB 6.287753535986022 1.0657209383027155
63128.0409 lsst_hardware_r 536.4605590012015 34.01391955059712 31.520000457763672 AB 6.237450413551145 1.0571949853476517
63135.0212 lsst_hardware_z 497.62360604936913 72.02678423184462 30.989999771118164 AB 3.448433751860533 1.0572342306613833
63135.0404 lsst_hardware_r 632.8670223024673 88.441728397507 31.649999618530273 AB 3.495367909944483 1.062691029119174
63135.9959 lsst_hardware_y 256.7615599804241 61.823108130819264 30.049999237060547 AB 2.335024591002926 1.068661140047308
63136.015 lsst_hardware_z 615.851552127004 75.94049158977028 30.989999771118164 AB 3.280021881549431 1.0577303713477335
63141.9883 lsst_hardware_z 641.8487039078268 63.54623211177772 30.979999542236328 AB 2.650930029129819 1.0618940598043136
63142.0087 lsst_hardware_g 46.442663890957874 17.00244063919131 31.479999542236328 AB 2.155533991642115 1.0575415143593183
63145.9905 lsst_hardware_y 299.2589862622681 66.60650081648956 30.059999465942383 AB 6.484470705559771 1.0572937547282049
63146.0097 lsst_hardware_r 259.9963600233892 29.917618703339905 31.510000228881836 AB 4.13470236383015 1.0622683130504231
63147.9912 lsst_hardware_y 311.9905440330593 64.8279971115523 30.059999465942383 AB 4.822859698538162 1.057374143721598
63148.0099 lsst_hardware_g 44.07634461039037 16.82487937631305 31.479999542236328 AB 4.199025108855935 1.0664190752649993
