data/validation/pwv_sim_epoch_fit_seasonal/10126515.ecsv
# %ECSV 0.9
# ---
# datatype:
# - {name: time, datatype: float64}
# - {name: band, datatype: string}
# - {name: flux, datatype: float64}
# - {name: fluxerr, datatype: float64}
# - {name: zp, datatype: float64}
# - {name: zpsys, datatype: string}
# - {name: pwv, datatype: float64}
# - {name: airmass, datatype: float64}
# meta: {SNID: '10126515', alt: 1024.0, c: 0.04137919843196869, dec: 3.732834, lat: -30.244573, lon: -70.7499537, ra: 52.03125, t0: 62131.609375,
#   x0: 6.590719419170529e-06, x1: 0.5933755040168762, z: 0.54747074842453}
# schema: astropy-2.0
time band flux fluxerr zp zpsys pwv airmass
62010.3674 lsst_hardware_z 63.730181528425746 63.290000915527344 31.68000030517578 AB 3.7763765490778107 1.2503868050585984
62010.3819 lsst_hardware_y -245.79237090276936 70.11000061035156 30.739999771118164 AB 4.417297199987642 1.2249853577336778
62014.3912 lsst_hardware_i -10.41931451425745 32.790000915527344 31.239999771118164 AB 0.8892115619612262 1.208304692960561
62014.4087 lsst_hardware_y -38.057274701033506 50.83000183105469 30.0 AB 0.8936652846132653 1.2105185026932141
62019.3396 lsst_hardware_z -73.29577235019781 68.52999877929688 30.959999084472656 AB 1.116520197233144 1.2576966457147554
62019.3592 lsst_hardware_y -64.13193616039472 56.709999084472656 29.989999771118164 AB 1.0699391384762362 1.2225547192644102
62022.4017 lsst_hardware_y 189.95645804960986 135.1199951171875 31.510000228881836 AB 4.377591429477432 1.2245581881143452
62028.2915 lsst_hardware_g 30.085197519865503 15.050000190734863 31.3700008392334 AB 3.27102290500277 1.3314882924027558
62028.309 lsst_hardware_r -29.200458456011425 24.809999465942383 31.469999313354492 AB 2.268263968965805 1.2730540025064891
62029.3423 lsst_hardware_i 9.724491461104886 32.81999969482422 31.229999542236328 AB 5.048904029896781 1.2123673982223033
62029.3607 lsst_hardware_z 27.511213264908097 44.27000045776367 30.940000534057617 AB 5.002664731329518 1.2077896502486463
62034.3347 lsst_hardware_u -3.5314850371919198 2.7200000286102295 28.3799991607666 AB 2.5013995782681215 1.2089896463365748
62034.3543 lsst_hardware_g 6.430193555894644 14.720000267028809 31.399999618530273 AB 2.74270188099163 1.2106386585705717
62036.3401 lsst_hardware_r 0.8362970250489828 24.200000762939453 31.479999542236328 AB 2.127670201603021 1.207531328946096
62036.3595 lsst_hardware_z 62.683566361713325 44.029998779296875 30.93000030517578 AB 2.1384950066438866 1.2196739581617686
62040.3308 lsst_hardware_g 10.788537557328365 14.619999885559082 31.3799991607666 AB 5.198352898353959 1.2078191333523538
62040.3511 lsst_hardware_r -41.597404633505725 24.049999237060547 31.450000762939453 AB 5.889209428375676 1.222673237725264
62047.3043 lsst_hardware_z -148.58037235905164 103.05000305175781 31.719999313354492 AB 3.2070139173648866 1.207573723944229
62049.2946 lsst_hardware_r -212.81862724296442 124.26000213623047 31.6200008392334 AB 6.904587651615323 1.20866291986089
62049.313 lsst_hardware_z -11.748872133280306 85.95999908447266 30.979999542236328 AB 6.907692314039716 1.210442425906092
62051.2916 lsst_hardware_r 103.48963705861291 100.1500015258789 31.6200008392334 AB 4.5506407033898375 1.207920908703859
62051.3091 lsst_hardware_y 1.022105350380455 60.41999816894531 30.010000228881836 AB 4.218003693665218 1.211373835056065
62056.2883 lsst_hardware_i 18.49138211031459 34.150001525878906 31.239999771118164 AB 6.756767919423836 1.2081117953494953
62056.3083 lsst_hardware_z -87.95887689943213 45.150001525878906 30.940000534057617 AB 6.393860673266784 1.2238029839572757
62058.2869 lsst_hardware_r 34.720810424753125 24.309999465942383 31.479999542236328 AB 7.719174523650039 1.209649162711482
62058.3051 lsst_hardware_u -0.46335226567913135 2.680000066757202 28.31999969482422 AB 6.96053356780979 1.2268860577808092
62061.245 lsst_hardware_z -30.876903881886015 44.369998931884766 30.940000534057617 AB 6.2239587940785635 1.221981438627866
62061.2685 lsst_hardware_r 6.536009155752889 24.469999313354492 31.479999542236328 AB 6.201571770330559 1.2073536007652943
62066.2572 lsst_hardware_r -8.200195470574169 24.559999465942383 31.479999542236328 AB 4.450346654727352 1.207419395358992
62066.2745 lsst_hardware_u -1.410370203824693 2.7100000381469727 28.350000381469727 AB 4.36298963834293 1.2164469251883738
62068.2307 lsst_hardware_g -14.124973325994366 14.770000457763672 31.3799991607666 AB 5.419930434712113 1.2166859700791566
62068.2476 lsst_hardware_r -7.470217035989564 24.329999923706055 31.479999542236328 AB 5.403098106702148 1.2074861680651403
62069.251 lsst_hardware_i 1.3558336688934223 32.630001068115234 31.229999542236328 AB 1.6907683267090285 1.2076916619350204
62069.2684 lsst_hardware_z 76.26473080036297 44.15999984741211 30.93000030517578 AB 1.7060002733686468 1.2185716238347477
62076.1932 lsst_hardware_z -10.051039399801763 122.30000305175781 31.729999542236328 AB 4.385400258890895 1.2384637839285217
62080.2328 lsst_hardware_r -64.74385039945635 96.68000030517578 31.610000610351562 AB 3.033527874353905 1.213411149741562
62080.2513 lsst_hardware_y -63.932630348320394 58.790000915527344 29.989999771118164 AB 3.7617667374767634 1.2368807773378223
62082.2341 lsst_hardware_g -97.47276704197337 54.459999084472656 31.639999389648438 AB 5.838768587549447 1.219883401535454
62082.2523 lsst_hardware_r -84.35269334654596 57.220001220703125 31.59000015258789 AB 6.4268311795381345 1.249505430064944
62084.2043 lsst_hardware_r -22.64536289679593 28.239999771118164 31.520000457763672 AB 10.696716356937577 1.2074406092039256
62084.2229 lsst_hardware_i -59.79173088972203 36.22999954223633 31.25 AB 10.966180045558259 1.2142371055095142
62087.1991 lsst_hardware_z -25.926781975880672 43.599998474121094 30.93000030517578 AB 5.227279611166507 1.2073633470764826
62087.2165 lsst_hardware_r -1.4554398234845844 24.399999618530273 31.469999313354492 AB 8.124177722832107 1.2158150860383523
62089.2004 lsst_hardware_u 1.0203665683938454 2.619999885559082 28.260000228881836 AB 4.672146700182674 1.208834851275918
62089.2179 lsst_hardware_g 9.233695138586052 15.180000305175781 31.3799991607666 AB 9.05075373122864 1.2234054786739876
62092.187 lsst_hardware_g -1.3554075848043414 14.989999771118164 31.389999389648438 AB 6.647674228151659 1.2074971351689334
62092.2065 lsst_hardware_r 1.323443093418819 24.399999618530273 31.469999313354492 AB 6.7998845722567625 1.219546172668567
62094.1862 lsst_hardware_i -88.55634027224826 32.91999816894531 31.229999542236328 AB 6.123415036504897 1.2086283934745017
62094.2059 lsst_hardware_r -20.258014937727545 24.780000686645508 31.469999313354492 AB 6.185105514583303 1.225602572285049
62097.1872 lsst_hardware_z 72.21747257744425 43.810001373291016 30.93000030517578 AB 7.504120007361731 1.2140624506329858
62097.207 lsst_hardware_g -11.628709727639647 15.020000457763672 31.389999389648438 AB 7.5263676775132184 1.2407464024914636
62099.1843 lsst_hardware_r 24.6850677079423 29.719999313354492 31.520000457763672 AB 7.21311576258859 1.216342839592199
62099.2049 lsst_hardware_i 0.364016601826953 35.189998626708984 31.229999542236328 AB 7.384939961936137 1.2474209558181588
62101.1841 lsst_hardware_z -29.791596595577833 50.62431109239477 30.950000762939453 AB 4.319094728670431 1.2220970701260356
62102.0763 lsst_hardware_z -71.4515293665573 58.58266198096383 30.93000030517578 AB 5.368153177783754 1.3911938090318754
62104.1874 lsst_hardware_r -1.4186324788961886 103.2883575690407 31.600000381469727 AB 5.511868291075052 1.2398294124033602
62104.2078 lsst_hardware_z 134.96311398389489 78.84406658689693 30.959999084472656 AB 5.811236906297968 1.2903345954328995
62106.1472 lsst_hardware_i 311.3129513265272 116.24454827608542 31.309999465942383 AB 7.838553508193577 1.2073553691317955
62106.1668 lsst_hardware_r -124.29469879857903 146.0458987651948 31.610000610351562 AB 7.7090150904071955 1.217950089328888
62108.156 lsst_hardware_z 46.84262086861608 111.22106017259877 31.729999542236328 AB 3.8967799735916344 1.2131313153920282
62111.1544 lsst_hardware_r 548.9700295287697 50.486329826142516 31.579999923706055 AB 5.572167435447561 1.2192926554588195
62111.1728 lsst_hardware_i 418.5439263506498 51.959870210535954 31.270000457763672 AB 5.129713767713421 1.2488145178234773
62113.1569 lsst_hardware_z 473.5709173699702 49.04397434985209 30.940000534057617 AB 6.756403478496978 1.2297785727151398
62113.1752 lsst_hardware_r 752.9478608816269 40.73121477138723 31.510000228881836 AB 7.699534861870838 1.267360991213733
62117.1572 lsst_hardware_r 1171.5044608709343 42.50785920620193 31.479999542236328 AB 12.887147725248086 1.2504914181758986
62117.1761 lsst_hardware_z 697.4750245355152 52.07238001731669 30.93000030517578 AB 14.45464548278607 1.3027093187640468
62119.1524 lsst_hardware_r 1442.245440169871 45.414162497030496 31.469999313354492 AB 9.85553550068723 1.2519368130325095
62119.1701 lsst_hardware_u -2.2523928672335725 3.0126732093838235 28.25 AB 10.372089270583126 1.3008879558464908
62121.0756 lsst_hardware_u 0.9763064225591936 3.3258859071392135 28.3700008392334 AB 13.433532420063004 1.2296420897561047
62121.0951 lsst_hardware_g 564.0569494549495 27.843165417625766 31.399999618530273 AB 11.619252308378497 1.209918671472943
62123.0804 lsst_hardware_r 1974.3577282681913 50.34657201622266 31.489999771118164 AB 4.987651490398361 1.2167971433032132
62123.0983 lsst_hardware_i 1616.7496305760585 51.48852045109291 31.239999771118164 AB 3.7326303774076304 1.2073848867563903
62125.076 lsst_hardware_z 1304.557123928343 56.37425136715519 30.940000534057617 AB 5.370322914754155 1.2157845333933868
62125.0934 lsst_hardware_r 2014.1376465147237 51.65142630457177 31.479999542236328 AB 3.742784117169127 1.2073497152158474
62127.0793 lsst_hardware_z 1308.2036387246155 57.43737225577538 30.93000030517578 AB 5.909338683849998 1.2096287157975534
62127.0983 lsst_hardware_g 743.5841913529753 32.084449513362166 31.469999313354492 AB 5.190706071219881 1.2095318819106677
62130.0779 lsst_hardware_r 2505.7345179672193 69.27194881143153 31.59000015258789 AB 11.540887722373801 1.2075216031781246
62130.097 lsst_hardware_z 1447.5847392782084 63.15261617009068 30.950000762939453 AB 9.084558419290918 1.2139721718428005
62132.0799 lsst_hardware_r 2469.2384266210383 98.06368774349895 31.610000610351562 AB 7.632889950357849 1.2078631633649934
62132.0977 lsst_hardware_y 465.1656256211842 61.464753206394455 30.0 AB 6.509530558024422 1.2200032282172342
62134.0541 lsst_hardware_z 3075.389484675547 125.51932551733321 31.719999313354492 AB 10.326972675198096 1.2134865367148482
62136.0455 lsst_hardware_y 560.5243737245203 68.77822241947106 30.010000228881836 AB 8.317340623338083 1.2162160677706102
62136.0672 lsst_hardware_i 1970.9390906180886 96.96207596647572 31.309999465942383 AB 8.257265779805964 1.2075280935275414
62138.0464 lsst_hardware_y 639.7276319060774 59.047308696930756 30.0 AB 8.178074883584005 1.2112077730426558
62138.0688 lsst_hardware_r 2152.719325514487 79.05921537582965 31.600000381469727 AB 8.536256807959541 1.209786962579301
62140.045 lsst_hardware_y 467.64140478789716 57.664682313867786 30.0 AB 2.7760603706046028 1.209085527266813
62140.0662 lsst_hardware_g 317.50541458308135 23.063464496606986 31.389999389648438 AB 2.715690955521426 1.2114156152654962
62142.0437 lsst_hardware_y 384.9904010701432 60.151602133879535 30.010000228881836 AB 11.759656976566175 1.2077703159773545
62142.0644 lsst_hardware_z 1489.783614369386 56.50225471886308 30.940000534057617 AB 11.964605976762256 1.2141055990490721
62144.0438 lsst_hardware_y 587.2095415707294 59.820681742656646 29.989999771118164 AB 10.034396352956584 1.207363295988038
62144.0643 lsst_hardware_u -0.5454632019121125 2.7951774512459444 28.34000015258789 AB 9.969204340383419 1.2192881015604344
62368.3794 lsst_hardware_g -2.1179019187016737 15.380000114440918 31.3799991607666 AB 2.0497363316514945 1.2691865830659408
62368.3978 lsst_hardware_y 6.156410912832214 49.31999969482422 29.979999542236328 AB 2.0685288130975863 1.230717723098598
62377.4051 lsst_hardware_z -122.20644480991227 64.16999816894531 30.959999084472656 AB 8.967222956307143 1.2074357661095794
62379.3897 lsst_hardware_z 76.54594669337534 54.47999954223633 30.950000762939453 AB 5.909711438047619 1.2091481203166483
62379.4079 lsst_hardware_y -61.767909977086184 53.83000183105469 30.0 AB 5.83007653592647 1.2097686050686087
62381.3814 lsst_hardware_r 37.43424740353096 32.63999938964844 31.530000686645508 AB 2.8133115891761133 1.2105471554114087
62381.399 lsst_hardware_y -47.879411089753255 50.20000076293945 29.979999542236328 AB 2.6717346359395564 1.2083829199177094
62384.3436 lsst_hardware_i 30.063594261643086 33.15999984741211 31.219999313354492 AB 1.5093946146043997 1.2502751001071857
62384.3612 lsst_hardware_z -29.103092968681306 44.439998626708984 30.93000030517578 AB 1.5351153924120076 1.2210104533004633
62386.3952 lsst_hardware_r -30.494260044021157 24.420000076293945 31.479999542236328 AB 2.5204636058827896 1.2139499606900854
62386.4135 lsst_hardware_y 88.9401466228987 70.80000305175781 30.010000228881836 AB 2.555182678812206 1.2376762793955949
62388.3747 lsst_hardware_r 1.5736427268426851 24.190000534057617 31.459999084472656 AB 5.406603407206968 1.207415060975986
62388.3925 lsst_hardware_y 41.74500330477792 49.09000015258789 29.979999542236328 AB 4.378619712881385 1.2163958828265722
62391.3568 lsst_hardware_i -12.538375538758777 32.33000183105469 31.229999542236328 AB 4.016090905669952 1.2092106603447352
62391.376 lsst_hardware_z 15.128282907820402 43.650001525878906 30.940000534057617 AB 3.7373375190439915 1.2102123759654566
62394.3447 lsst_hardware_r -49.69980811712733 24.299999237060547 31.479999542236328 AB 1.5815140542597166 1.2112693803369674
62394.3633 lsst_hardware_u -4.705252668374467 2.6700000762939453 28.329999923706055 AB 1.5794774109225906 1.208321364979669
62400.2627 lsst_hardware_z -190.65277853033427 111.66999816894531 32.130001068115234 AB 5.314998543422054 1.3773886733844
62400.2922 lsst_hardware_r -188.1521136300638 118.55999755859375 32.349998474121094 AB 4.033411213222005 1.2687672894692645
62408.3193 lsst_hardware_r -46.031168191701944 55.52000045776367 31.600000381469727 AB 7.25670076367724 1.2073875069550126
62408.3395 lsst_hardware_z -6.726806718503647 53.959999084472656 30.950000762939453 AB 8.461842605322678 1.2179986477290465
62410.2905 lsst_hardware_u 1.0553130365735977 3.930000066757202 28.56999969482422 AB 5.7520572754981965 1.220682051886523
62410.31 lsst_hardware_g -14.304530690820144 25.989999771118164 31.559999465942383 AB 5.431373930310669 1.207687651269901
62412.2932 lsst_hardware_r -27.41905088709151 23.969999313354492 31.469999313354492 AB 3.9362224906354695 1.2128869630142163
62412.3107 lsst_hardware_i 45.3696672474235 32.459999084472656 31.229999542236328 AB 3.9173362649892947 1.207563583535541
62419.2902 lsst_hardware_i -2.0997123921337018 32.38999938964844 31.229999542236328 AB 3.874930793880959 1.2074256582942928
62419.3088 lsst_hardware_z 122.99321577047074 43.95000076293945 30.93000030517578 AB 3.3963088211491677 1.2173149896592
62421.2908 lsst_hardware_r -31.89369996552955 24.049999237060547 31.479999542236328 AB 6.543770673793718 1.2087315952517372
62421.3087 lsst_hardware_u -2.1202284849972886 2.630000114440918 28.299999237060547 AB 6.460163468270578 1.2234578795077087
62426.2901 lsst_hardware_i 17.275659736716992 39.16999816894531 31.260000228881836 AB 7.387987031920199 1.2177331517916925
62426.308 lsst_hardware_z -26.458591491059707 44.060001373291016 30.93000030517578 AB 6.729454383112237 1.2447161952209078
62428.2846 lsst_hardware_r -33.1140679727768 66.56999969482422 31.600000381469727 AB 4.4392999817827565 1.2176922323624642
62428.3018 lsst_hardware_z -21.817195124956232 55.900001525878906 30.950000762939453 AB 4.724344516460042 1.243248556963169
62431.1703 lsst_hardware_i -18.830428335488687 109.98999786376953 31.260000228881836 AB 3.8918460495984415 1.4180528510105452
62431.1878 lsst_hardware_z -16.263572406583368 91.83999633789062 30.959999084472656 AB 3.658907294844529 1.334150335403959
62434.261 lsst_hardware_r -124.13276765994407 112.83999633789062 31.6200008392334 AB 4.604214213957003 1.2116353194623692
62434.2792 lsst_hardware_z -58.522227649738745 82.97000122070312 30.979999542236328 AB 4.682129070382948 1.2321392290481443
62441.2381 lsst_hardware_z 12.505931786518424 43.939998626708984 30.93000030517578 AB 5.9565804200319405 1.209519350227309
62441.2573 lsst_hardware_r 18.87673294771191 24.530000686645508 31.469999313354492 AB 6.190442215021911 1.227856307111784
62450.2003 lsst_hardware_r 5.52817818920359 24.860000610351562 31.479999542236328 AB 10.75522324825664 1.207773525913098
62450.2185 lsst_hardware_u 1.8826402047426953 2.7300000190734863 28.350000381469727 AB 10.974218898298508 1.2124422440485387
62459.1813 lsst_hardware_z -89.17956793740915 85.58999633789062 30.979999542236328 AB 6.465840562349599 1.2074398809244116
62459.2005 lsst_hardware_r -16.68749177293124 123.51000213623047 31.6200008392334 AB 6.537400025505116 1.2182436572104813
62462.1865 lsst_hardware_i -69.83544030182013 109.05000305175781 31.309999465942383 AB 4.481424526245366 1.2129989244134163
62462.2068 lsst_hardware_z -39.96191308725215 93.4800033569336 30.969999313354492 AB 4.5915375560251634 1.2391141697546708
62467.1431 lsst_hardware_g 12.729973671645737 14.930000305175781 31.3799991607666 AB 4.366181159924766 1.2128280999791017
62467.1617 lsst_hardware_i 2.25591201524662 37.150001525878906 31.25 AB 4.347870406848239 1.2077417796800662
62472.1503 lsst_hardware_r -17.55231708471376 24.559999465942383 31.479999542236328 AB 7.790501450193736 1.2082980147644415
62472.1691 lsst_hardware_z -3.7985061662887682 44.349998474121094 30.93000030517578 AB 7.723189945742681 1.2229912819861328
62476.1538 lsst_hardware_g -12.243876013717422 14.859999656677246 31.389999389648438 AB 6.62803591158988 1.2179411818430503
62476.1719 lsst_hardware_r -1.983372670569025 24.530000686645508 31.469999313354492 AB 6.476803962155704 1.2455392234914815
62480.1536 lsst_hardware_r -26.460801465930565 24.100000381469727 31.469999313354492 AB 9.12465830827125 1.2321184194452572
62480.172 lsst_hardware_u 2.157007584978782 2.609999895095825 28.270000457763672 AB 12.253485211857058 1.2715481022335238
62484.1523 lsst_hardware_z -9.692442882913095 50.529998779296875 30.940000534057617 AB 8.95357269119657 1.2502370580460738
62484.1712 lsst_hardware_r 8.194609852808536 44.27000045776367 31.559999465942383 AB 9.897408933025485 1.3022906490823007
62486.1201 lsst_hardware_r -6.764005162620346 80.54000091552734 31.600000381469727 AB 12.245456321748684 1.2123545852611
62486.1375 lsst_hardware_y -128.74279386944477 56.599998474121094 29.979999542236328 AB 12.557352510800326 1.2325737013081972
62488.0767 lsst_hardware_z 11.127502082486847 82.05999755859375 30.969999313354492 AB 4.978868252632637 1.2216582634358084
62488.0952 lsst_hardware_r -132.4682586234442 112.97000122070312 31.6200008392334 AB 4.857458827672599 1.2080726618045843
62490.0781 lsst_hardware_i 176.06429105836435 100.44000244140625 31.309999465942383 AB 6.241397625841383 1.214575067057433
62490.097 lsst_hardware_z -55.88985465217761 85.87999725341797 30.969999313354492 AB 3.964491040671699 1.2074592002043882
62492.0778 lsst_hardware_r -78.41597795938843 90.38999938964844 31.610000610351562 AB 6.535740158261647 1.2108454563567554
62492.0968 lsst_hardware_z -61.02654184393829 68.3499984741211 30.959999084472656 AB 4.809657142231912 1.2086590238478587
62494.083 lsst_hardware_g 62.096596144199474 33.880001068115234 31.610000610351562 AB 7.742834918223143 1.207396873699583
62494.1015 lsst_hardware_i -46.23851403136028 46.369998931884766 31.280000686645508 AB 7.491404421551772 1.2149208457256164
62498.0469 lsst_hardware_y 8.027627039502493 52.060001373291016 29.989999771118164 AB 7.786743271910546 1.224844264667137
62498.0708 lsst_hardware_u 4.131058240282777 2.6700000762939453 28.31999969482422 AB 7.680561267309118 1.2075088461339143
62502.0458 lsst_hardware_y 62.2086190899123 54.91999816894531 30.0 AB 8.366762431732637 1.214178212483975
62502.0677 lsst_hardware_z -23.822334530428233 43.790000915527344 30.93000030517578 AB 8.325608523039282 1.2080902791811245
62508.045 lsst_hardware_y -43.07361338360493 78.0199966430664 30.75 AB 11.938581251060087 1.2073807899534896
62508.0672 lsst_hardware_r -52.34387296893832 34.20000076293945 32.220001220703125 AB 12.027251755375383 1.2187517611972825
62511.0447 lsst_hardware_y -13.814202829397306 54.400001525878906 30.0 AB 10.984336930911283 1.20857517761072
62511.0656 lsst_hardware_g 5.2885038591146785 21.350000381469727 31.510000228881836 AB 11.047575914422724 1.2270085425666646
