data/validation/pwv_sim_epoch_fit_seasonal/10135289.ecsv
# %ECSV 0.9
# ---
# datatype:
# - {name: time, datatype: float64}
# - {name: band, datatype: string}
# - {name: flux, datatype: float64}
# - {name: fluxerr, datatype: float64}
# - {name: zp, datatype: float64}
# - {name: zpsys, datatype: string}
# - {name: pwv, datatype: float64}
# - {name: airmass, datatype: float64}
# meta: {SNID: '10135289', alt: 1024.0, c: 0.03657948970794678, dec: -52.222923, lat: -30.244573, lon: -70.7499537, ra: 326.08374, t0: 62390.7265625,
#   x0: 1.6326453445325253e-05, x1: -0.6558709740638733, z: 0.3743633031845093}
# schema: astropy-2.0
time band flux fluxerr zp zpsys pwv airmass
62283.413 lsst_hardware_i -63.16010905863061 63.72999954223633 31.329999923706055 AB 5.370128060543043 1.0783931041805397
62283.4255 lsst_hardware_y 62.40452788079677 53.31999969482422 30.049999237060547 AB 4.611070575760286 1.0774158714318094
62302.3978 lsst_hardware_g 7.7723297953274475 13.430000305175781 31.389999389648438 AB 12.811388500963977 1.0864167539048324
62302.411 lsst_hardware_r 13.854197107648018 22.399999618530273 31.479999542236328 AB 13.005946896675342 1.0975482613227945
62306.3765 lsst_hardware_z -36.78951415243029 41.88999938964844 30.950000762939453 AB 3.152534708234973 1.0807764048458612
62306.3899 lsst_hardware_i 12.324687153271759 30.790000915527344 31.239999771118164 AB 3.1685482754337704 1.0885676459447808
62308.3466 lsst_hardware_r -12.61064540881398 22.389999389648438 31.479999542236328 AB 3.6431161009124624 1.0780044683865846
62308.3592 lsst_hardware_u 6.583432021942066 2.6500000953674316 28.40999984741211 AB 3.583575452569202 1.077605007538476
62310.3281 lsst_hardware_y 69.12058781022478 49.619998931884766 30.040000915527344 AB 2.9188445415814788 1.082523627734508
62310.341 lsst_hardware_r -47.93257341663026 46.7599983215332 31.6200008392334 AB 3.7369929419436114 1.0780305616453516
62312.3249 lsst_hardware_i -6.0437565494650265 73.0199966430664 31.31999969482422 AB 4.3381009414877525 1.0814386292842035
62312.3389 lsst_hardware_z -82.08687404240473 64.86000061035156 30.979999542236328 AB 3.9078509035750426 1.0775324182651618
62314.3316 lsst_hardware_r 366.6434465521355 151.36000061035156 32.400001525878906 AB 7.269563873253638 1.0777707743890248
62314.3459 lsst_hardware_z -72.07458599003351 103.16999816894531 31.739999771118164 AB 7.76230492496567 1.0780979062452318
62315.3239 lsst_hardware_r 16.167969895389124 95.36000061035156 31.649999618530273 AB 5.85516896716857 1.0788298060131256
62315.3352 lsst_hardware_i -82.84741921607119 75.9800033569336 31.329999923706055 AB 5.465404189289634 1.0772984160626426
62325.3419 lsst_hardware_r 26.70836643720941 22.670000076293945 31.489999771118164 AB 1.7084571403534792 1.0916659043792198
62325.3538 lsst_hardware_u 0.3506164319248895 2.7100000381469727 28.440000534057617 AB 1.6911445408386514 1.1036401180154782
62327.295 lsst_hardware_g 15.037510052065997 13.75 31.40999984741211 AB 8.518725560360156 1.0779558242399387
62327.3077 lsst_hardware_r 0.5762449211045549 22.639999389648438 31.489999771118164 AB 8.53051981799082 1.0776527825654263
62328.2884 lsst_hardware_i 2.741259671387926 30.530000686645508 31.229999542236328 AB 9.36256790619 1.078833647403815
62328.3006 lsst_hardware_z -4.407985335749524 41.56999969482422 30.940000534057617 AB 9.237141154264014 1.077311852845926
62330.297 lsst_hardware_r -5.777863340103353 22.559999465942383 31.479999542236328 AB 6.5721414148300665 1.0774002319393552
62330.3076 lsst_hardware_g -17.026910092813782 13.649999618530273 31.389999389648438 AB 6.585073663234226 1.0795202726613486
62332.336 lsst_hardware_r 12.240127253060946 22.790000915527344 31.479999542236328 AB 4.061574866688059 1.105190439915118
62332.3484 lsst_hardware_i -6.021195980283833 31.059999465942383 31.229999542236328 AB 4.18975771023186 1.1222064310248194
62343.2317 lsst_hardware_z 65.41696670302876 76.87999725341797 30.989999771118164 AB 11.056212692948339 1.0862320276021358
62343.2448 lsst_hardware_r -167.14453836443232 114.55000305175781 31.649999618530273 AB 10.95394505185645 1.0796496149673709
62345.2439 lsst_hardware_y -79.09742748164952 75.26000213623047 30.790000915527344 AB 2.716383092374894 1.0783577182910793
62347.236 lsst_hardware_r 55.176766936626336 52.84000015258789 31.6200008392334 AB 4.855438034490108 1.0789862298866906
62347.248 lsst_hardware_i -18.928748399271488 47.040000915527344 31.299999237060547 AB 4.847871616672882 1.077304803705085
62351.2133 lsst_hardware_r -15.222549882114595 22.8799991607666 31.489999771118164 AB 2.3927662966177023 1.0840895401122264
62351.226 lsst_hardware_u 0.6004598523457407 2.6600000858306885 28.399999618530273 AB 2.398743108454872 1.0787332222102555
62352.2141 lsst_hardware_g -11.481229527366969 13.850000381469727 31.399999618530273 AB 1.692738962282838 1.0821985906976055
62352.2273 lsst_hardware_i -27.731575875778066 30.729999542236328 31.239999771118164 AB 1.6141046844367657 1.077866233346755
62354.2175 lsst_hardware_z -14.632778635098127 41.65999984741211 30.940000534057617 AB 2.4802003051914627 1.0788170096526588
62354.2296 lsst_hardware_r 14.579415138833703 22.770000457763672 31.489999771118164 AB 2.4350073968077233 1.0773177289273568
62356.2148 lsst_hardware_u 1.8310385145375314 2.700000047683716 28.440000534057617 AB 3.3422947933142746 1.07815961074654
62356.2263 lsst_hardware_g -4.666557835601159 13.9399995803833 31.420000076293945 AB 3.340025696388738 1.077427643996367
62360.0188 lsst_hardware_r -9.610974276716197 24.799999237060547 31.3700008392334 AB 3.8831878636610897 1.722798519814148
62360.0276 lsst_hardware_i 40.05994844433976 34.83000183105469 31.170000076293945 AB 3.807277808586407 1.6453231670641344
62362.2943 lsst_hardware_r 4.27268828415393 23.25 31.469999313354492 AB 3.9651018875684336 1.1771120343085746
62362.3054 lsst_hardware_i 15.738958201056917 32.0 31.229999542236328 AB 4.060740299369967 1.206279918616685
62364.2867 lsst_hardware_z -16.32131904397009 42.99068156289751 30.940000534057617 AB 5.33454097294151 1.1719972844250846
62364.297 lsst_hardware_i -30.38735493326304 31.844153104796842 31.239999771118164 AB 5.7789117816573565 1.1981157805785811
62369.2294 lsst_hardware_r 159.30965175806037 83.80650844476969 31.6299991607666 AB 1.6209093333511941 1.098921581933013
62369.2406 lsst_hardware_i 101.53812780288318 69.5607592596198 31.309999465942383 AB 1.5346155860466915 1.112376142105726
62371.2354 lsst_hardware_z 299.18043165222633 77.22236710579048 30.979999542236328 AB 2.298531472879358 1.1127310664253791
62371.2466 lsst_hardware_r 325.51544984776234 114.28553440817197 31.639999389648438 AB 2.3570946238345574 1.12977853834537
62380.1343 lsst_hardware_r 3063.635267929325 60.26383224688253 31.469999313354492 AB 1.409195778130047 1.0839967524077285
62380.1447 lsst_hardware_u 19.199892891571672 4.984397354389869 28.360000610351562 AB 1.4031688383264944 1.079360644866534
62385.1394 lsst_hardware_i 3774.477143211141 68.52294713177511 31.25 AB 0.6648626817981498 1.0775732281979737
62385.152 lsst_hardware_z 2656.6177302719525 65.48642231197495 30.940000534057617 AB 0.7234094277047174 1.0781064496344521
62387.1417 lsst_hardware_r 5006.599975168882 75.06821413522866 31.479999542236328 AB 2.880544303555705 1.0774431657212287
62387.1533 lsst_hardware_u 12.471524755921438 4.358070948949385 28.329999923706055 AB 2.82284572315573 1.0799983637133352
62389.1207 lsst_hardware_u 12.822374128774264 4.440009142445888 28.43000030517578 AB 3.792981919839838 1.0791868133079645
62389.1323 lsst_hardware_g 2620.804771295918 52.257766060549116 31.399999618530273 AB 3.923264230993476 1.077326562286538
62390.1182 lsst_hardware_r 5404.692212091014 76.5649040363622 31.479999542236328 AB 2.84995088942691 1.079118095201278
62390.1292 lsst_hardware_z 2795.673059256605 67.21178796404611 30.940000534057617 AB 2.9088056453918782 1.0773354242192141
62393.1159 lsst_hardware_r 5499.996921518937 79.05963693663472 31.540000915527344 AB 1.3663751614544208 1.0777954340009903
62393.128 lsst_hardware_y 1017.4197622335156 55.58360073343559 30.040000915527344 AB 1.8256069383797826 1.077743063932638
62399.1977 lsst_hardware_z 2720.911067814497 82.26348809393069 30.969999313354492 AB 7.3987240530182286 1.1882160120476748
62399.2115 lsst_hardware_r 4821.340774530091 112.07716600323481 31.610000610351562 AB 7.162507626134929 1.2274726730687813
62406.0681 lsst_hardware_u 5.392107027198044 3.363232225143366 28.420000076293945 AB 3.0283033351823643 1.081536905422273
62406.0808 lsst_hardware_g 820.7851302126976 31.992020562169245 31.399999618530273 AB 3.0176785397400496 1.0777423356214464
62407.0019 lsst_hardware_g 789.0838336674146 30.789610868459544 31.3799991607666 AB 5.485040064278167 1.1642224559809327
62407.0068 lsst_hardware_r 2608.5749924739184 55.450096278990614 31.469999313354492 AB 5.458481482863251 1.1536471484440476
62409.0002 lsst_hardware_z 1643.1334957525953 59.80078954030136 30.940000534057617 AB 3.8626032717735073 1.1560353974630775
62409.0041 lsst_hardware_r 2360.9087948339215 52.361745109994565 31.479999542236328 AB 3.8353827492952632 1.1480317533433781
62411.0763 lsst_hardware_u -1.3716873315615854 2.754261025876697 28.440000534057617 AB 5.246169183201978 1.0774633771210336
62411.0879 lsst_hardware_g 496.49167194831665 26.244386734043175 31.399999618530273 AB 4.895896143115598 1.0800565063127283
62414.0527 lsst_hardware_i 2043.304670637593 55.18591979808681 31.239999771118164 AB 3.041493033742237 1.0791176277247605
62414.0646 lsst_hardware_r 1536.2594621688447 45.090824493772466 31.479999542236328 AB 3.0429186431111637 1.0773300205739649
62416.0572 lsst_hardware_u 11.16718077902893 3.6799959747974045 28.3700008392334 AB 4.391962568624716 1.0773856417575653
62416.0682 lsst_hardware_g 324.79294457054317 22.73150649206036 31.389999389648438 AB 4.711068954108741 1.07829456491388
62418.0517 lsst_hardware_r 1163.0688227447122 41.03740241200813 31.489999771118164 AB 3.775168820235212 1.0773883619392728
62418.0642 lsst_hardware_i 1947.1218255119265 52.63803965559272 31.239999771118164 AB 3.7795515518557803 1.0786391415113528
62420.1406 lsst_hardware_r 1033.8197587980228 39.00661981248813 31.459999084472656 AB 5.235308838931977 1.1888522077659476
62420.1518 lsst_hardware_u 6.5681599993279125 3.0726373738468826 28.260000228881836 AB 5.415877399661061 1.2202502590299047
62423.1368 lsst_hardware_z 1329.0880744485435 58.61900258121145 30.940000534057617 AB 10.042212966856429 1.2005993265280275
62423.142 lsst_hardware_r 964.6526421317033 45.711562063509504 31.540000915527344 AB 10.200027002748962 1.2154464969911183
62425.0813 lsst_hardware_i 1569.2599399364071 61.84473303340134 31.290000915527344 AB 9.125957223770088 1.1043026650254772
62425.0924 lsst_hardware_r 870.8439314640125 60.96284444132672 31.610000610351562 AB 8.66213656402 1.119090895829697
62429.08 lsst_hardware_r 647.4527813505173 80.76423314917096 31.6299991607666 AB 3.2387104613695796 1.1169250930117354
62429.0912 lsst_hardware_i 1315.1854551142599 71.56436330804563 31.299999237060547 AB 3.697915929024214 1.1349392861272811
62433.0837 lsst_hardware_z 828.529466855172 62.48089257152937 30.969999313354492 AB 3.537695956976235 1.1411922441858822
62433.0944 lsst_hardware_r 594.7007521828509 74.55938006209598 31.6200008392334 AB 3.605648940732335 1.1631125615265596
62435.0761 lsst_hardware_u 5.235118919278897 3.3161982799624816 28.389999389648438 AB 2.499568891692875 1.1372446142299335
62435.0865 lsst_hardware_g 130.479318502111 17.934818638412956 31.389999389648438 AB 2.6425634047268103 1.1577918455117122
62438.0822 lsst_hardware_r 440.01225831083536 30.92239221054892 31.469999313354492 AB 2.6991958279615362 1.166379183850862
62438.0934 lsst_hardware_u 4.784032828261852 3.193609832783895 28.309999465942383 AB 3.47729915179098 1.1939907812032666
62644.4163 lsst_hardware_r 0.6423885374539801 44.650001525878906 31.610000610351562 AB 2.1413681465462298 1.0811350453784963
62644.4299 lsst_hardware_y -37.18481300502954 57.959999084472656 30.049999237060547 AB 2.1223595873511085 1.0774766276689636
62646.4036 lsst_hardware_g -2.5041143429805963 22.079999923706055 31.559999465942383 AB 8.468767149773328 1.0849511657906643
62646.4162 lsst_hardware_y 62.02172488162321 48.11000061035156 30.030000686645508 AB 8.501177313093908 1.0791491532721926
62649.3829 lsst_hardware_z 78.17976312664321 42.189998626708984 30.950000762939453 AB 10.219156653740153 1.09467506824325
62649.4049 lsst_hardware_y 122.02615668826958 47.93000030517578 30.040000915527344 AB 10.110444880758672 1.0802142042905853
62652.3843 lsst_hardware_r 13.137418599143329 22.399999618530273 31.489999771118164 AB 8.042778777817011 1.0868619970022988
62652.4014 lsst_hardware_z -4.906515862813507 41.33000183105469 30.940000534057617 AB 7.982364744172511 1.0786979384016906
62655.3979 lsst_hardware_r 2.165253263973571 22.239999771118164 31.469999313354492 AB 11.602404640032361 1.077722820079174
62655.4096 lsst_hardware_u -0.2978995833793263 2.5299999713897705 28.299999237060547 AB 11.609235503920925 1.0776399434306285
62676.3293 lsst_hardware_i 22.800258379885896 31.709999084472656 31.25 AB 3.7072079959795126 1.080976234430533
62676.3429 lsst_hardware_r 48.83603540317259 25.31999969482422 31.530000686645508 AB 3.681425317583595 1.0774377789133003
62678.3285 lsst_hardware_u 4.255113580003764 2.6600000858306885 28.420000076293945 AB 5.959983359833217 1.0792509253032927
62678.341 lsst_hardware_g 20.88575216597294 13.859999656677246 31.40999984741211 AB 5.8412679871751445 1.0772609554020676
62680.3274 lsst_hardware_r -9.869708891069356 22.329999923706055 31.479999542236328 AB 5.833446084803126 1.078121533022802
62680.3403 lsst_hardware_i 5.716665034236221 30.450000762939453 31.239999771118164 AB 5.412596544556506 1.077508892560893
62682.4033 lsst_hardware_r -21.816149967923035 22.829999923706055 31.469999313354492 AB 4.685136904271299 1.1452768965421793
62682.4165 lsst_hardware_u -4.736203783216253 2.640000104904175 28.34000015258789 AB 4.770505389664008 1.1737966921461576
62686.3481 lsst_hardware_i 1.2706783093228857 30.690000534057617 31.239999771118164 AB 7.8142814915949765 1.0873934933511882
62686.3593 lsst_hardware_u 2.070224450272337 2.6500000953674316 28.389999389648438 AB 7.968676299348883 1.0969716487386025
62688.3464 lsst_hardware_g 8.829160264438002 13.729999542236328 31.40999984741211 AB 6.1838872537397815 1.0902481053843156
62688.3581 lsst_hardware_r 49.05767974894297 22.719999313354492 31.489999771118164 AB 6.251526855614567 1.1014774144709767
62695.0621 lsst_hardware_r 169.84360614599248 94.6500015258789 31.389999389648438 AB 13.75320846402257 2.2090550337072794
62695.083 lsst_hardware_i 11.573826609555756 77.48999786376953 31.18000030517578 AB 11.912566284089442 1.917412820359413
62697.2327 lsst_hardware_r -90.37741636544851 117.16999816894531 31.639999389648438 AB 6.437777562773999 1.117588871656969
62697.244 lsst_hardware_z -75.7486200105958 77.33999633789062 30.979999542236328 AB 6.301519064547366 1.1028692302862284
62699.2401 lsst_hardware_r -125.19585299976124 88.58999633789062 31.639999389648438 AB 1.913732933329994 1.101112159568466
62699.252 lsst_hardware_i 55.16584948979998 70.88999938964844 31.31999969482422 AB 2.0190824680203305 1.0898250097266988
62707.3253 lsst_hardware_g 3.901162118279434 14.289999961853027 31.3799991607666 AB 6.060315129092555 1.127762759542673
62707.336 lsst_hardware_r 40.59197358811982 23.549999237060547 31.469999313354492 AB 6.323654505792791 1.1471482096676264
62709.2385 lsst_hardware_r -16.52898317223361 22.639999389648438 31.469999313354492 AB 2.4613755680384184 1.0812896037655961
62709.2502 lsst_hardware_i 38.572533542362784 30.489999771118164 31.229999542236328 AB 2.1011095942891678 1.0777684505202194
62716.2197 lsst_hardware_r 18.72728933284108 22.790000915527344 31.489999771118164 AB 2.384666397123353 1.0811544795783676
62716.2311 lsst_hardware_g -3.574741918041524 13.829999923706055 31.399999618530273 AB 2.376301003523639 1.077768993963401
62719.2199 lsst_hardware_z -40.69927648617376 41.63999938964844 30.940000534057617 AB 2.4443564117856806 1.0783528892845178
62719.2314 lsst_hardware_i 48.829036453534535 30.68000030517578 31.239999771118164 AB 2.390575145016537 1.0773209306069724
62722.2166 lsst_hardware_z 12.169014515662631 70.77999877929688 31.709999084472656 AB 3.6371654783355383 1.077519027799004
62723.2133 lsst_hardware_r 82.061497862914 68.2300033569336 31.639999389648438 AB 5.029903662535899 1.0775863451418561
62723.2254 lsst_hardware_i 11.263548412865852 57.290000915527344 31.31999969482422 AB 4.905921191209073 1.0778690961680926
