data/validation/pwv_sim_epoch_fit_seasonal/10195593.ecsv
# %ECSV 0.9
# ---
# datatype:
# - {name: time, datatype: float64}
# - {name: band, datatype: string}
# - {name: flux, datatype: float64}
# - {name: fluxerr, datatype: float64}
# - {name: zp, datatype: float64}
# - {name: zpsys, datatype: string}
# - {name: pwv, datatype: float64}
# - {name: airmass, datatype: float64}
# meta: {SNID: '10195593', alt: 1024.0, c: 0.03876854479312897, dec: -34.590576, lat: -30.244573, lon: -70.7499537, ra: 103.886719, t0: 61391.91015625,
#   x0: 8.277558413726027e-06, x1: -0.3266667425632477, z: 0.49816763401031494}
# schema: astropy-2.0
time band flux fluxerr zp zpsys pwv airmass
61317.2838 lsst_hardware_r 0.07916508673035967 26.59000015258789 31.43000030517578 AB 4.235849824025922 1.5515933421340375
61317.3025 lsst_hardware_u -2.691698392999625 3.069999933242798 28.329999923706055 AB 3.7763155700557856 1.4001911642774267
61321.2956 lsst_hardware_z 100.47600904370422 44.7599983215332 30.920000076293945 AB 5.069831677943547 1.3728220086497558
61321.3158 lsst_hardware_u 2.337296013959561 2.569999933242798 28.299999237060547 AB 4.3431962939045645 1.2570756277581951
61323.278 lsst_hardware_r -8.740280689052746 23.709999084472656 31.420000076293945 AB 4.683135380287636 1.4607029491708423
61323.2967 lsst_hardware_g 17.91257304457253 13.510000228881836 31.329999923706055 AB 3.6950621371735877 1.3314739549001473
61326.2546 lsst_hardware_i 83.94965071545356 34.349998474121094 31.15999984741211 AB 8.897117788522836 1.5963250719517064
61326.2725 lsst_hardware_z -85.36311005546112 46.47999954223633 30.899999618530273 AB 8.0611661792086 1.439836778853644
61328.2747 lsst_hardware_u -0.40217591055499313 2.4200000762939453 28.1200008392334 AB 8.845225953683348 1.3848073197500284
61328.2934 lsst_hardware_g 17.529802617326883 13.220000267028809 31.309999465942383 AB 7.244435099665936 1.273709505889716
61330.2742 lsst_hardware_r -18.643885740115856 23.290000915527344 31.43000030517578 AB 8.139997603938463 1.352346272286606
61330.2936 lsst_hardware_i 50.79864647659264 31.920000076293945 31.219999313354492 AB 6.729075092458466 1.2455675871832295
61332.2762 lsst_hardware_z -57.99059971579705 63.150001525878906 31.68000030517578 AB 4.733529484863094 1.3077252467620668
61337.2469 lsst_hardware_r -33.823335267997905 71.0199966430664 31.56999969482422 AB 1.9645187648425502 1.4072483988862259
61337.2643 lsst_hardware_i 34.168188437416724 56.040000915527344 31.280000686645508 AB 3.8537833037712756 1.2979343150506681
61340.2465 lsst_hardware_z -30.141341145310882 62.0099983215332 30.940000534057617 AB 4.287161094120112 1.3548743285518248
61340.2649 lsst_hardware_i 34.28918907453333 63.540000915527344 31.290000915527344 AB 4.11917712249173 1.2523150026576666
61348.2405 lsst_hardware_z -82.27566408616035 76.37999725341797 32.119998931884766 AB 7.156683955257218 1.2650091688358587
61348.2675 lsst_hardware_r 30.295678184743878 38.56999969482422 32.66999816894531 AB 5.761954082914159 1.1520068143113946
61360.2938 lsst_hardware_r -20.53480997911841 21.389999389648438 31.479999542236328 AB 4.993989819623107 1.0238306226484881
61360.312 lsst_hardware_z 18.151053627092264 40.08000183105469 30.950000762939453 AB 4.847123667928337 1.008556734899665
61362.1905 lsst_hardware_y 39.000398610402115 50.68120809502897 29.950000762939453 AB 7.607873640270664 1.329834724669261
61362.2076 lsst_hardware_g 9.058194248125513 23.355117980052118 31.520000457763672 AB 6.875496761675907 1.2391259332592048
61365.2135 lsst_hardware_r 100.75588861318556 51.706935840642515 31.600000381469727 AB 3.8781649475258217 1.1794307712075724
61365.2302 lsst_hardware_z 31.299768759842816 48.53835291383882 30.950000762939453 AB 3.6960382636098883 1.122932353427315
61367.2159 lsst_hardware_r -3.5415604924459507 73.0779944604326 31.6200008392334 AB 7.084704436212844 1.151079818496998
61367.233 lsst_hardware_i 61.395230442801704 57.80468989997902 31.309999465942383 AB 6.805204783596002 1.0998903294877742
61371.2414 lsst_hardware_g 22.05111073893634 67.89196910806308 31.719999313354492 AB 3.9870328067321372 1.0569142370059568
61371.2593 lsst_hardware_r 287.5434355307542 66.55911325259595 31.649999618530273 AB 4.512648788694491 1.0291298858650655
61373.1896 lsst_hardware_g 139.7970924419286 34.49271404981278 31.600000381469727 AB 5.164053432485831 1.1874116883158958
61373.2066 lsst_hardware_r 598.4751377540558 49.66460881625372 31.59000015258789 AB 4.885255504360997 1.1282345275659422
61375.2074 lsst_hardware_z 569.77059384522 47.649598883037335 30.950000762939453 AB 8.583926460842887 1.1100024518595082
61375.2236 lsst_hardware_u 15.610387353849582 4.888962285546277 28.610000610351562 AB 8.231614088166106 1.070570176637548
61378.1501 lsst_hardware_i 1041.8013835739112 44.78001009869303 31.219999313354492 AB 4.217664815605956 1.3106478606606453
61378.1714 lsst_hardware_z 836.4017681795638 50.84377886842667 30.940000534057617 AB 4.577662098073527 1.205917307184807
61380.1497 lsst_hardware_r 1771.4239776437862 47.36999294676193 31.440000534057617 AB 7.03099845839133 1.282794829117192
61380.1716 lsst_hardware_u 0.8377924649208194 3.9299331533990656 28.34000015258789 AB 6.151981464817752 1.1830733586187985
61384.1357 lsst_hardware_r 2306.665999135728 53.71028771181026 31.440000534057617 AB 9.689067799167944 1.2994994365836834
61384.1569 lsst_hardware_u 5.242905101155645 3.353980334758565 28.350000381469727 AB 8.894810860785036 1.1981156870669498
61386.1586 lsst_hardware_r 2630.9434251005846 55.82395459196196 31.459999084472656 AB 13.706817283463549 1.1702975332207217
61386.1813 lsst_hardware_i 2018.0080945927978 53.05555413079088 31.239999771118164 AB 13.962862909712062 1.0994380243867765
61388.1392 lsst_hardware_i 2096.3410276349136 54.727628153632416 31.219999313354492 AB 8.806102622538017 1.2272458536043505
61388.1613 lsst_hardware_z 1686.6182835970737 58.03434767861966 30.940000534057617 AB 8.139944635178214 1.1419675414111348
61391.161 lsst_hardware_g 1010.4403605350379 37.23384078566433 31.540000915527344 AB 10.492368380103457 1.1176956996115532
61391.184 lsst_hardware_r 2964.023017952042 60.02393729272453 31.520000457763672 AB 9.038466370493692 1.0622554864691338
61393.1369 lsst_hardware_r 3081.523213374116 69.09171031568681 31.59000015258789 AB 3.858661610570272 1.1800188411535484
61393.1582 lsst_hardware_i 2224.703466176663 61.36087400619221 31.280000686645508 AB 3.796739797102653 1.1101578354106363
61395.1365 lsst_hardware_z 1923.0746830508674 66.12715976311704 30.959999084472656 AB 4.822793842192918 1.1613494292198947
61395.1582 lsst_hardware_i 2277.1521760716028 67.58769406037871 31.299999237060547 AB 4.540382192003806 1.0956520733600739
61404.1372 lsst_hardware_u 0.20384298171922566 2.693949402087165 28.420000076293945 AB 8.491096055869766 1.0868371092929985
61404.1587 lsst_hardware_g 320.95849026782633 22.338368885208443 31.389999389648438 AB 8.226627590858065 1.044120775588082
61406.1441 lsst_hardware_r 1620.4967999333694 45.8043243405082 31.479999542236328 AB 7.382603859373956 1.0602086437381368
61406.1659 lsst_hardware_i 1624.0776976105617 50.63225221984534 31.260000228881836 AB 7.150628486559971 1.0264946546665832
61412.0561 lsst_hardware_y 331.54083800496977 53.0881162019997 29.950000762939453 AB 13.013335472681721 1.3173725581638185
61412.0806 lsst_hardware_u -0.9909986339725972 2.5985166980930194 28.31999969482422 AB 11.60292848965341 1.1975053270019258
61414.1275 lsst_hardware_i 1184.0565356203965 45.45062831165822 31.239999771118164 AB 6.723982315773293 1.050622236839577
61414.1457 lsst_hardware_u 0.02017204381993564 2.572881563901424 28.3799991607666 AB 6.5573507177415244 1.024586049647113
61416.1318 lsst_hardware_g 121.19033975974982 16.827164178047322 31.389999389648438 AB 5.0183846462607615 1.0353055126640387
61416.1484 lsst_hardware_r 732.3274289991928 34.996526664305144 31.489999771118164 AB 4.946277246210188 1.0163409351641626
61419.0493 lsst_hardware_y 344.6275088949156 53.49459925182104 29.979999542236328 AB 8.278154555296846 1.2518790521047265
61419.0662 lsst_hardware_g 144.46720941053556 20.00188618925146 31.469999313354492 AB 7.823160576296658 1.178911817201348
61423.0478 lsst_hardware_y 390.9165230815972 55.814015015869664 30.0 AB 4.715177742390458 1.2090199339462713
61423.0655 lsst_hardware_r 542.177271019914 50.833744194516036 31.600000381469727 AB 4.4567009065826015 1.1427438222006672
61425.046 lsst_hardware_y 296.6651176511831 56.2928795087885 30.0 AB 9.840493066876892 1.1938723769338053
61425.0629 lsst_hardware_r 395.8123001678068 68.00037295624453 31.6200008392334 AB 9.315117191291174 1.1335706956241205
61427.0461 lsst_hardware_y 399.58625804089417 59.3863846827361 30.010000228881836 AB 12.66137294713445 1.1723493469568933
61427.0633 lsst_hardware_z 638.3802806523171 69.41924679989062 30.969999313354492 AB 12.052655752034635 1.1159866437069106
61429.0463 lsst_hardware_y 342.15315088281045 55.90575564129979 30.010000228881836 AB 14.943646172208561 1.1521700980885552
61429.0655 lsst_hardware_u 10.985048259963827 11.380386792036118 29.260000228881836 AB 14.219092815101959 1.0953140227705787
61431.0426 lsst_hardware_y 362.45731499716015 54.84648914281832 30.020000457763672 AB 13.68217632846473 1.1462309127448809
61431.0591 lsst_hardware_r 273.94056914836045 27.803281199105648 31.479999542236328 AB 13.077787010833198 1.0977130195713491
61435.041 lsst_hardware_y 356.66885728934466 52.31701128679406 30.020000457763672 AB 12.07929953658184 1.1172984293938526
61435.0581 lsst_hardware_g 51.247936692335784 14.482689375270349 31.399999618530273 AB 12.104416104442423 1.0741737223202346
61437.0388 lsst_hardware_y 237.6535435829592 54.30752442983419 30.030000686645508 AB 9.46115159540385 1.1081226979859276
61437.056 lsst_hardware_i 439.45946641386865 35.90032639469368 31.25 AB 8.656273347597221 1.0670729169269066
61439.0373 lsst_hardware_y 162.18586638412987 53.73937545908642 30.040000915527344 AB 7.659965039577857 1.0975996522214089
61439.0547 lsst_hardware_i 327.739638047063 35.56000878689275 31.260000228881836 AB 8.186609967500168 1.0588643817500214
61441.0371 lsst_hardware_y 240.5566670049699 52.14598471037602 30.049999237060547 AB 6.045945137443611 1.084636592156127
61441.0558 lsst_hardware_g 5.480981611027624 14.051067502282155 31.40999984741211 AB 6.198890432139121 1.0471835740926227
61444.0338 lsst_hardware_y 175.80825686975712 52.96808384410893 30.049999237060547 AB 7.139287334142591 1.0735770427281779
61444.0521 lsst_hardware_i 340.0151621184481 34.59965234208279 31.260000228881836 AB 10.442838475462585 1.0400456614757274
61446.0325 lsst_hardware_z 334.9242628193727 48.776661268412234 30.959999084472656 AB 2.662229017408058 1.0648916069632233
61446.0503 lsst_hardware_u 6.803009900619414 3.5924303431378006 28.5 AB 2.6902904425757166 1.0347270932983526
61451.03 lsst_hardware_y 141.71754180385759 51.50706913972122 30.049999237060547 AB 2.2976767241841873 1.0447150913235164
61451.0515 lsst_hardware_z 357.80810046862604 46.866141891040066 30.959999084472656 AB 1.7470502544657365 1.0175509903212636
61453.0265 lsst_hardware_y 231.1929913833974 54.50478475780979 30.059999465942383 AB 1.4758812679970397 1.0416147277518366
61453.0456 lsst_hardware_z 414.27289107712227 51.27868926290974 30.969999313354492 AB 1.2937428504637323 1.0179604095183783
61682.2826 lsst_hardware_r 9.12398848285184 23.81999969482422 31.389999389648438 AB 4.328417079537979 1.5694043073014836
61682.3029 lsst_hardware_i -36.035113563359644 32.790000915527344 31.190000534057617 AB 3.719311894098059 1.402191100508386
61684.2829 lsst_hardware_z -35.136473418661865 46.540000915527344 30.899999618530273 AB 8.976816109400374 1.5165675533269591
61684.301 lsst_hardware_r -19.163132205504265 23.170000076293945 31.43000030517578 AB 7.8695979773935765 1.3777709394053705
61686.2801 lsst_hardware_z 35.86260508952733 46.77000045776367 30.899999618530273 AB 5.566579372462121 1.4937153951150592
61686.2995 lsst_hardware_r 12.222867442248452 23.260000228881836 31.43000030517578 AB 4.9647743938844515 1.3520627434330421
61689.2743 lsst_hardware_r -11.56279948729119 52.470001220703125 31.530000686645508 AB 6.161773325291063 1.47396152503705
61689.2947 lsst_hardware_z 18.941422552663013 49.91999816894531 30.93000030517578 AB 5.994179603659905 1.3312017478609555
61692.2686 lsst_hardware_y 32.54004413085729 55.970001220703125 29.899999618530273 AB 8.42341021275724 1.4541297678576222
61692.2876 lsst_hardware_r -23.400134723622255 78.76000213623047 31.56999969482422 AB 7.611776861802559 1.3247088168817542
61694.2734 lsst_hardware_i -48.90687986118936 66.18000030517578 31.260000228881836 AB 10.04167589311058 1.3797775264485013
61694.2911 lsst_hardware_z 66.43903191952089 60.290000915527344 30.950000762939453 AB 9.30592448660351 1.275031613889003
61696.272 lsst_hardware_r 141.03462524948256 65.97000122070312 31.579999923706055 AB 6.996683478167684 1.353323690167912
61696.2903 lsst_hardware_z -81.23953972321145 54.41999816894531 30.950000762939453 AB 6.4792841187471275 1.2516123279561746
61698.2706 lsst_hardware_r 51.671394786739036 53.02000045776367 31.56999969482422 AB 1.5971644854363578 1.3283874289739597
61698.2892 lsst_hardware_i -32.125398211318455 47.41999816894531 31.270000457763672 AB 1.4764660237417107 1.2310722821637388
61700.2513 lsst_hardware_i 16.00557047624389 38.150001525878906 31.219999313354492 AB 4.0294613156103996 1.4198242831608172
61700.2692 lsst_hardware_z 51.410410492352206 47.25 30.93000030517578 AB 3.584486402714079 1.3048730989130248
61702.2516 lsst_hardware_r 3.6304337059472886 23.1200008392334 31.420000076293945 AB 4.118742977959611 1.3795052957328162
61705.2438 lsst_hardware_g 29.843171436961338 13.119999885559082 31.290000915527344 AB 4.242216891153591 1.3768961022893837
61705.2601 lsst_hardware_r -40.23842180994419 22.649999618530273 31.450000762939453 AB 4.200443497739693 1.2801026506723971
61707.2524 lsst_hardware_i -55.017554457799044 31.969999313354492 31.209999084472656 AB 3.3872238938758397 1.2920937989226928
61707.2704 lsst_hardware_z 4.393576641545071 43.099998474121094 30.93000030517578 AB 3.1740465510184594 1.2057920290052715
61709.2499 lsst_hardware_r -14.413973547236074 22.670000076293945 31.440000534057617 AB 4.8646177429606 1.276327982061071
61709.2658 lsst_hardware_g 12.931929281344308 12.949999809265137 31.31999969482422 AB 4.568362023493688 1.2022005324983391
61722.2443 lsst_hardware_z 30.506591696655313 81.47000122070312 31.709999084472656 AB 7.684742960092756 1.149679165215657
61722.2636 lsst_hardware_r -60.00360923139136 75.5 31.639999389648438 AB 4.81925352963643 1.0932144112596813
61724.2763 lsst_hardware_i 55.02183335363901 62.04999923706055 31.31999969482422 AB 4.820389816643121 1.0542516184245363
61724.2933 lsst_hardware_r -38.583739145328316 77.05000305175781 31.65999984741211 AB 5.364009683105957 1.0284418130836037
61726.2968 lsst_hardware_z -4.459757543516636 73.52999877929688 31.729999542236328 AB 3.824585632464486 1.018599276240709
61728.2153 lsst_hardware_z -13.60259244930095 48.13999938964844 30.950000762939453 AB 6.372396565200132 1.1965631117468052
61728.2334 lsst_hardware_r -99.40836719883691 44.720001220703125 31.600000381469727 AB 6.023101230744086 1.131895932486578
61729.2157 lsst_hardware_u 2.6850028158449506 3.880000114440918 28.6200008392334 AB 5.819131990601961 1.1841142217870095
61729.2348 lsst_hardware_r 32.44017997015524 33.689998626708984 31.559999465942383 AB 5.50784479666807 1.1194427282276722
61731.2115 lsst_hardware_i -46.011773940395386 30.719999313354492 31.219999313354492 AB 3.628484280614581 1.1792598479908112
61731.2283 lsst_hardware_z 7.581001705154604 41.599998474121094 30.93000030517578 AB 3.5559974089261863 1.1225034567172032
61734.218 lsst_hardware_r -29.770832460393947 21.889999389648438 31.469999313354492 AB 7.006970123996709 1.1288667716716185
61734.2364 lsst_hardware_u -0.6960092904629845 2.609999895095825 28.420000076293945 AB 6.725111109026771 1.0799343393148653
61736.2384 lsst_hardware_r -18.838295848750754 21.639999389648438 31.469999313354492 AB 4.0202950836526705 1.0640158135866153
61736.2576 lsst_hardware_i 22.964190329261182 29.579999923706055 31.239999771118164 AB 4.5218150896836296 1.0322207631297526
61738.1944 lsst_hardware_r -11.362527577117495 22.110000610351562 31.459999084472656 AB 5.0664139597904185 1.1716961054094401
61738.2095 lsst_hardware_i 44.6698259795249 30.43000030517578 31.239999771118164 AB 5.563050635167453 1.1215827893481365
61740.2173 lsst_hardware_r -14.660306271319795 21.639999389648438 31.469999313354492 AB 8.270873623737122 1.0862718181950515
