data/validation/pwv_sim_epoch_fit_seasonal/10499490.ecsv
# %ECSV 0.9
# ---
# datatype:
# - {name: time, datatype: float64}
# - {name: band, datatype: string}
# - {name: flux, datatype: float64}
# - {name: fluxerr, datatype: float64}
# - {name: zp, datatype: float64}
# - {name: zpsys, datatype: string}
# - {name: pwv, datatype: float64}
# - {name: airmass, datatype: float64}
# meta: {SNID: '10499490', alt: 1024.0, c: 0.08929307758808136, dec: -17.89609, lat: -30.244573, lon: -70.7499537, ra: 130.957031, t0: 60321.75390625,
#   x0: 6.994264825657697e-06, x1: 0.7080456614494324, z: 0.5341835618019104}
# schema: astropy-2.0
time band flux fluxerr zp zpsys pwv airmass
[from data line 133]
60707.1706 lsst_hardware_g -1.555447922765881 14.239999771118164 31.459999084472656 AB 11.827741741997036 1.0339386985442576
60707.1898 lsst_hardware_r 16.330810765624413 22.90999984741211 31.510000228881836 AB 11.64034507839242 1.0238671016265652
60709.1671 lsst_hardware_i -16.77791310821458 30.469999313354492 31.260000228881836 AB 9.46247359261051 1.0323167699561517
60709.185 lsst_hardware_z -41.448239367182545 40.9900016784668 30.959999084472656 AB 9.319510908933996 1.0237470789748147
60711.1519 lsst_hardware_z 22.730533470506 41.310001373291016 30.959999084472656 AB 6.586579168889204 1.0417406952060109
60711.1706 lsst_hardware_i -68.70327619345404 30.549999237060547 31.270000457763672 AB 6.8856434191680425 1.0266353688934013
60714.1454 lsst_hardware_r -11.53804777141561 50.58000183105469 31.639999389648438 AB 8.929059784972578 1.039854791441072
60714.1646 lsst_hardware_i 48.15068925651706 45.279998779296875 31.309999465942383 AB 8.83539209326902 1.0256716595488784
60718.1363 lsst_hardware_z 143.6211111649113 77.5199966430664 31.0 AB 4.171140313207867 1.037941351992661
60718.1531 lsst_hardware_r 125.87321022354966 113.06999969482422 31.670000076293945 AB 4.1530495348004495 1.0259087327103913
60720.135 lsst_hardware_i -2.582936081827822 78.06999969482422 31.34000015258789 AB 2.0597797845074513 1.0340259962386804
60720.1517 lsst_hardware_z 51.76058314327466 68.48999786376953 31.0 AB 1.73956895585602 1.024481128301543
60724.1305 lsst_hardware_g -29.860083190598218 37.209999084472656 31.690000534057617 AB 5.718918420171145 1.029199475735659
60724.1469 lsst_hardware_r 29.181411497649453 43.5 31.6200008392334 AB 5.672356918463503 1.0233985299128283
60727.1157 lsst_hardware_i 38.428592632338635 30.280000686645508 31.260000228881836 AB 4.727613219004352 1.034186937218394
60727.1332 lsst_hardware_r 7.968425959838256 22.549999237060547 31.510000228881836 AB 5.196683571783062 1.0243134504171607
60731.0973 lsst_hardware_g 27.445299292128794 13.8100004196167 31.40999984741211 AB 7.980141604997271 1.0417259454340149
60731.1158 lsst_hardware_r 6.911487035970714 22.489999771118164 31.489999771118164 AB 7.817210629292241 1.026722788283335
60736.092 lsst_hardware_i 32.79270268201485 30.209999084472656 31.25 AB 3.092040955483099 1.033436148222961
60736.1096 lsst_hardware_u -1.3811481352379595 2.609999895095825 28.389999389648438 AB 3.0254568645055393 1.0240743081932324
60738.0944 lsst_hardware_g 18.345214553953404 13.59000015258789 31.40999984741211 AB 4.637971631064051 1.0279192444734038
60738.1132 lsst_hardware_r 37.46389709301282 22.239999771118164 31.489999771118164 AB 4.632680671904505 1.0234198833367831
60740.0757 lsst_hardware_i 3.543018808174545 32.09000015258789 31.260000228881836 AB 5.455484324571832 1.0384805186367496
60740.0935 lsst_hardware_r 32.70905034560959 25.290000915527344 31.530000686645508 AB 7.382377631640781 1.0257101192535358
60742.0851 lsst_hardware_z -0.998174016027885 64.97000122070312 31.719999313354492 AB 10.597788011339365 1.0270501367753588
60751.0476 lsst_hardware_i 16.936913301277112 50.33000183105469 31.31999969482422 AB 8.441600313018085 1.0365422781211011
60751.0679 lsst_hardware_z 75.12448153735517 52.220001220703125 30.979999542236328 AB 8.347126408421035 1.0242501268079165
60753.0438 lsst_hardware_g 21.667255522602314 13.609999656677246 31.440000534057617 AB 7.55438199230192 1.0349886275245814
60753.0636 lsst_hardware_r -29.348060150989124 35.040000915527344 31.600000381469727 AB 7.396119915946878 1.023979682623202
60757.0426 lsst_hardware_u -2.7652686176285153 2.7899999618530273 28.540000915527344 AB 6.129539952842804 1.0278714286488861
60757.063 lsst_hardware_g -9.409466816816241 13.59000015258789 31.43000030517578 AB 6.127806952509063 1.02360426835531
60759.0368 lsst_hardware_r 8.777082698714581 22.290000915527344 31.510000228881836 AB 8.628534800077594 1.0280632431880847
60759.0546 lsst_hardware_i -5.814370546466256 30.09000015258789 31.260000228881836 AB 10.588500150558552 1.0233401131302462
60761.0347 lsst_hardware_z -9.635681278805485 40.900001525878906 30.959999084472656 AB 5.640910302800732 1.0263353797132617
60761.0528 lsst_hardware_r 3.008368417706391 22.34000015258789 31.510000228881836 AB 6.530357478988749 1.023714088333783
60768.0149 lsst_hardware_r 19.668033705060246 23.329999923706055 31.5 AB 6.47126613706075 1.0266554772634355
60768.0338 lsst_hardware_u -3.4146615780268457 2.7899999618530273 28.450000762939453 AB 6.459751971332389 1.0237324835709016
60770.015 lsst_hardware_g -19.6789084077704 28.549999237060547 31.649999618530273 AB 7.885756620788669 1.024523401427656
60770.0336 lsst_hardware_r -44.397091225615796 32.59000015258789 31.579999923706055 AB 7.8878429812645985 1.0250941201812298
60771.9928 lsst_hardware_y -1.2951487282078595 49.88999938964844 30.059999465942383 AB 11.713990231751014 1.0342033327276698
60772.012 lsst_hardware_i -9.885699755872567 46.970001220703125 31.309999465942383 AB 10.90952103037739 1.0239195060421777
60774.0117 lsst_hardware_r -24.490765750040488 72.11000061035156 31.649999618530273 AB 8.23607370781551 1.0233266151769116
60774.0292 lsst_hardware_z 203.50306014631394 57.93000030517578 30.979999542236328 AB 8.277292588085519 1.0281073889064114
60776.9872 lsst_hardware_y 57.09839863873412 55.16999816894531 30.059999465942383 AB 5.556201065864416 1.0283230943331532
60777.0046 lsst_hardware_z 66.7180882411869 62.59000015258789 30.989999771118164 AB 5.082052261959811 1.0233178478650513
60780.9837 lsst_hardware_y 30.437619071046168 47.65999984741211 30.059999465942383 AB 15.269936173167077 1.0249139137959276
60781.0012 lsst_hardware_u -2.98256390745499 6.050000190734863 29.030000686645508 AB 16.082951557935715 1.0243646330788916
60782.9694 lsst_hardware_z 72.0651299473687 65.05999755859375 30.989999771118164 AB 11.611334278935498 1.029191125592581
60782.9864 lsst_hardware_r -10.266563987816767 22.5 31.510000228881836 AB 11.479992330860403 1.023354638158353
