data/validation/pwv_sim_epoch_fit_seasonal/10515360.ecsv
# %ECSV 0.9
# ---
# datatype:
# - {name: time, datatype: float64}
# - {name: band, datatype: string}
# - {name: flux, datatype: float64}
# - {name: fluxerr, datatype: float64}
# - {name: zp, datatype: float64}
# - {name: zpsys, datatype: string}
# - {name: pwv, datatype: float64}
# - {name: airmass, datatype: float64}
# meta: {SNID: '10515360', alt: 1024.0, c: -0.05859464034438133, dec: -24.132875, lat: -30.244573, lon: -70.7499537, ra: 307.617188, t0: 61562.8046875,
#   x0: 3.4929141660676872e-06, x1: 0.38076353073120117, z: 0.7101144194602966}
# schema: astropy-2.0
time band flux fluxerr zp zpsys pwv airmass
[from data line 132]
61976.1606 lsst_hardware_r 20.93609775325017 24.610000610351562 31.5 AB 5.92076464299776 1.0493158427997802
61976.1786 lsst_hardware_u -1.37850213464454 2.759999990463257 28.420000076293945 AB 6.036714808762224 1.0239095634588007
61978.0686 lsst_hardware_i -104.2299939003593 34.650001525878906 31.200000762939453 AB 4.890568647569032 1.4002057540817499
61978.0867 lsst_hardware_z -94.79866860581869 45.11000061035156 30.93000030517578 AB 3.9150609056174006 1.2829254742602076
61979.0661 lsst_hardware_r 16.857015807372235 27.760000228881836 31.459999084472656 AB 6.289259804294539 1.39849382299104
61979.0857 lsst_hardware_g 8.927409589301332 19.190000534057617 31.459999084472656 AB 4.838719019744886 1.2733471104591805
61981.0434 lsst_hardware_z 30.38547222912097 50.97999954223633 30.889999389648438 AB 7.421325106160143 1.5461093971166966
61981.0619 lsst_hardware_r 43.801036885287985 36.459999084472656 31.5 AB 6.668325457292592 1.38923447026929
61985.1644 lsst_hardware_z -165.84707449466558 94.1500015258789 31.739999771118164 AB 1.8546917840390489 1.0144166548982947
61987.0819 lsst_hardware_z -104.30966822774825 162.32000732421875 31.739999771118164 AB 2.612093180669854 1.1873150821226608
61989.161 lsst_hardware_r 4.5959436606207555 138.41000366210938 31.670000076293945 AB 2.6758691089691147 1.0097619279128736
61989.1799 lsst_hardware_i 141.28885069046657 114.2300033569336 31.350000381469727 AB 2.8271658691917683 1.0060790139765272
61991.1439 lsst_hardware_z 56.79170504884329 60.68000030517578 30.989999771118164 AB 4.458773485913636 1.0177524505623456
61991.1622 lsst_hardware_r -21.0584221860119 82.73999786376953 31.65999984741211 AB 4.34038148673986 1.0071659094419707
61992.0735 lsst_hardware_i 44.49947832122691 46.959999084472656 31.290000915527344 AB 3.820199551557148 1.1664731455138542
61992.0923 lsst_hardware_z -1.5900249580668133 52.20000076293945 30.969999313354492 AB 4.135027045259666 1.1047360527009527
61994.0702 lsst_hardware_i 14.14417715977567 32.65999984741211 31.239999771118164 AB 3.8226734217192244 1.158385885369462
61994.0893 lsst_hardware_u -2.024544338778133 2.8299999237060547 28.459999084472656 AB 2.99844018651076 1.0979945754693048
61995.065 lsst_hardware_g 15.519755245352872 15.699999809265137 31.450000762939453 AB 2.92263194778265 1.1676515971964243
61995.0833 lsst_hardware_r -30.025725431649228 24.81999969482422 31.520000457763672 AB 2.783865951956381 1.1070149923278183
62002.1334 lsst_hardware_i -5.5196143923338985 31.31999969482422 31.270000457763672 AB 1.8764990086154583 1.0068405143476638
62002.144 lsst_hardware_z 76.4774104072687 41.25 30.959999084472656 AB 1.8629324071160345 1.0060388319784175
62010.9715 lsst_hardware_y -18.243480399124 82.16000366210938 29.920000076293945 AB 7.7260840029103575 1.4553489998419797
62010.9889 lsst_hardware_g 5.585974299967594 41.90999984741211 31.579999923706055 AB 6.99824661485647 1.3287810028208487
62012.9722 lsst_hardware_z 53.94968455088364 96.5 30.950000762939453 AB 4.030249228463459 1.4064732955726607
62012.989 lsst_hardware_i 60.40595884291817 74.12000274658203 31.280000686645508 AB 3.5586341956639984 1.2951084325953957
62016.9824 lsst_hardware_r -116.34505446112698 134.4600067138672 31.600000381469727 AB 1.6098716245815026 1.2708676728490251
62017.0015 lsst_hardware_i -105.28018940713247 105.38999938964844 31.309999465942383 AB 2.1060608378834087 1.1811342737113102
62029.0493 lsst_hardware_g -20.363352828369738 15.4399995803833 31.489999771118164 AB 2.6613664334087757 1.011093433828367
62029.0659 lsst_hardware_r -2.9860561620325328 24.110000610351562 31.520000457763672 AB 2.660871802389021 1.005937295339558
62029.983 lsst_hardware_y -58.493438590531476 61.88999938964844 30.040000915527344 AB 7.291901252656769 1.120997399777309
62029.9989 lsst_hardware_i -12.207696825087108 31.760000228881836 31.25 AB 5.976339003321886 1.0782425432983918
62030.9845 lsst_hardware_y 76.98486402621496 58.060001373291016 30.040000915527344 AB 1.6441970325715651 1.108447437688309
62031.0022 lsst_hardware_i 29.74188789854812 31.739999771118164 31.260000228881836 AB 0.8599814617432748 1.0649925222826933
62032.9852 lsst_hardware_y -44.6965025119535 56.720001220703125 30.040000915527344 AB 6.749205472053065 1.0917216949914643
62033.0018 lsst_hardware_g 6.469579356651832 15.369999885559082 31.459999084472656 AB 6.581626514013022 1.055029630886405
62034.987 lsst_hardware_y 59.14008930288576 55.72999954223633 30.049999237060547 AB 2.2114863264624245 1.0742323476994726
62035.0036 lsst_hardware_i 13.66076792727311 31.489999771118164 31.260000228881836 AB 2.707522529618147 1.0424908668233066
62036.9883 lsst_hardware_z 32.071658663509005 48.220001220703125 30.959999084472656 AB 2.657533923243146 1.059974974370729
62037.0052 lsst_hardware_u 1.7072646466684755 3.369999885559082 28.6200008392334 AB 2.9078505463576274 1.0321897460891252
62049.004 lsst_hardware_y -82.79965978739587 49.619998931884766 30.059999465942383 AB 3.442242310650274 1.0071170968622039
62049.0234 lsst_hardware_g 49.964186693081366 53.97999954223633 31.729999542236328 AB 3.4486094429381424 1.0077023721055278
62051.0046 lsst_hardware_y -2.8672717491777266 47.529998779296875 30.059999465942383 AB 4.5876904511175205 1.0060173128923897
62051.0236 lsst_hardware_i -70.17945328046756 31.43000030517578 31.260000228881836 AB 4.6382745258329034 1.0101321992340402
