data/validation/pwv_sim_epoch_fit_seasonal/10565817.ecsv
# %ECSV 0.9
# ---
# datatype:
# - {name: time, datatype: float64}
# - {name: band, datatype: string}
# - {name: flux, datatype: float64}
# - {name: fluxerr, datatype: float64}
# - {name: zp, datatype: float64}
# - {name: zpsys, datatype: string}
# - {name: pwv, datatype: float64}
# - {name: airmass, datatype: float64}
# meta: {SNID: '10565817', alt: 1024.0, c: -0.0717957615852356, dec: -49.117878, lat: -30.244573, lon: -70.7499537, ra: 166.643829, t0: 62148.03125,
#   x0: 6.119324840939006e-05, x1: 0.7303510308265686, z: 0.21035800874233246}
# schema: astropy-2.0
time band flux fluxerr zp zpsys pwv airmass
62143.3505 lsst_hardware_i 10813.183358958016 109.8504066556759 31.290000915527344 AB 7.367350715812186 1.0596311841806747
62143.3619 lsst_hardware_y 2080.8136228108137 75.07432513023986 30.059999465942383 AB 7.37012159460445 1.0578109646834408
62145.3569 lsst_hardware_z 5064.559515488454 84.44228288565392 30.959999084472656 AB 7.734684325318984 1.0578069372701018
62147.3534 lsst_hardware_r 16135.401712439323 128.49552675933532 31.5 AB 6.804329459850362 1.057845926363304
62147.3658 lsst_hardware_y 1922.0326719059722 78.90734510842208 30.059999465942383 AB 6.877488792809611 1.0603181796584484
62149.351 lsst_hardware_z 9696.262270306108 114.35097433939934 31.700000762939453 AB 4.418972134733417 1.0580985237608949
62151.3515 lsst_hardware_g 13517.940076049725 117.15062414965352 31.420000076293945 AB 5.684184393493936 1.0592634829631211
62151.3635 lsst_hardware_y 1624.0562993668814 67.27468563502141 30.049999237060547 AB 5.722187290456713 1.0643289646828777
62153.3524 lsst_hardware_i 11181.769918696978 109.25772105971573 31.25 AB 2.441435266817528 1.0614935942684904
62153.3645 lsst_hardware_y 1545.5463997973325 64.24801336045873 30.049999237060547 AB 2.4577447698311525 1.0685846825352838
62155.3297 lsst_hardware_z 4445.5393971921585 77.00250364755455 30.940000534057617 AB 6.981560840993501 1.057812248635379
62155.3432 lsst_hardware_i 10474.758799685498 105.34165220745683 31.239999771118164 AB 6.543397217774464 1.0600600309603279
62157.3342 lsst_hardware_u 116.43944127486155 11.7971203284161 28.40999984741211 AB 11.966319443173772 1.0590288019800966
62157.3476 lsst_hardware_g 9714.475440020306 99.46662573395174 31.389999389648438 AB 12.003137974643046 1.064611338810585
62159.3359 lsst_hardware_r 12147.328319306223 113.09859797832287 31.479999542236328 AB 10.08399646423199 1.0614453792512883
62159.3485 lsst_hardware_i 8649.204744876966 96.83939301399593 31.25 AB 10.060759184147132 1.0688721576783207
62161.3248 lsst_hardware_z 3219.378041073818 68.84738159082816 30.950000762939453 AB 10.382470909976197 1.0594358071404282
62161.3384 lsst_hardware_u 56.39118132409123 9.515881859343438 28.450000762939453 AB 10.353798663050675 1.0656624406605035
62164.2881 lsst_hardware_r 11542.674125640986 121.02993400689317 31.639999389648438 AB 12.473196716383747 1.061503486352389
62164.2997 lsst_hardware_g 7531.782754400718 102.66061123147499 31.709999084472656 AB 12.380958921626139 1.0582016172330033
62168.2885 lsst_hardware_z 2679.6059996193558 77.83673079331989 30.979999542236328 AB 11.16041465937485 1.0582437213560867
62168.2988 lsst_hardware_i 6882.744468762926 103.2882314503976 31.329999923706055 AB 10.38179678628358 1.058071421349733
62170.2955 lsst_hardware_z 5417.932972491037 104.55828133127622 31.729999542236328 AB 9.883620702550019 1.058373475670613
62172.2811 lsst_hardware_r 7626.186197914536 96.28069888095888 31.610000610351562 AB 5.833724788526855 1.057888256147751
62172.2926 lsst_hardware_i 6348.70700547706 87.48488497397399 31.299999237060547 AB 6.960391011097054 1.0588830138585865
62176.2846 lsst_hardware_g 2039.0584938163272 46.21179367725062 31.399999618530273 AB 5.601840943313347 1.0596669344351088
62176.2972 lsst_hardware_r 5627.125895068427 78.1850022418975 31.479999542236328 AB 5.766039778727677 1.0655159897861364
62178.2675 lsst_hardware_i 5537.5584284182605 78.9213281666408 31.239999771118164 AB 3.91361538959863 1.0578291890076483
62178.2782 lsst_hardware_z 2748.190015671264 66.46689169049885 30.950000762939453 AB 3.904571384879278 1.059393520361562
62180.2647 lsst_hardware_i 5263.220965938554 78.153493857648 31.25 AB 5.609786321663328 1.057951215778091
62180.2763 lsst_hardware_u 15.949794110250785 4.85546691005766 28.469999313354492 AB 5.631893306091148 1.0605536324319504
62182.2674 lsst_hardware_g 1324.4558866803275 38.43226216470725 31.389999389648438 AB 3.537966316978589 1.059429949686681
62182.2785 lsst_hardware_r 4532.410892402436 69.87541639116728 31.479999542236328 AB 3.546774550438912 1.0641387790095498
62184.2654 lsst_hardware_i 4704.749821031268 73.75945553189385 31.239999771118164 AB 4.6885748753531145 1.0605635910317917
62184.2763 lsst_hardware_r 3868.6306944073854 67.00694751854265 31.479999542236328 AB 4.74246250463001 1.0661212074852184
62188.2673 lsst_hardware_r 3266.450202593454 61.696575071707095 31.489999771118164 AB 5.566593269542513 1.0674196106505298
62188.2781 lsst_hardware_i 3872.0710136883154 68.59338688333027 31.25 AB 5.6418104836350444 1.076510189276841
62190.2493 lsst_hardware_i 3524.9601804180184 65.7522725538425 31.25 AB 12.375753199481752 1.0606727783920253
62190.2608 lsst_hardware_z 2092.4416904638715 60.8482140959669 30.950000762939453 AB 11.404705832722263 1.0667077428538805
62194.2467 lsst_hardware_z 1809.3340174040657 71.6875694770915 30.979999542236328 AB 6.096666651806929 1.0647029691428698
62194.257 lsst_hardware_r 3163.8967144265353 95.60770104846435 31.649999618530273 AB 6.421539630622454 1.0721626720763224
62196.2509 lsst_hardware_i 2918.89984611754 95.98485375919961 31.329999923706055 AB 4.15618782565285 1.071619731158209
62196.2617 lsst_hardware_r 2827.115755926387 114.694619891503 31.649999618530273 AB 4.192937596163294 1.0822811605497857
62202.1931 lsst_hardware_r 2193.1535313960408 54.62117830000562 31.549999237060547 AB 9.97678079636099 1.0587222394242317
62202.2057 lsst_hardware_i 2291.269362307986 58.291213236454944 31.270000457763672 AB 9.960248638962774 1.0580626010724945
62204.1874 lsst_hardware_z 1124.7616957594757 52.69325809930507 30.950000762939453 AB 9.550234887914272 1.0587745739135008
62204.1993 lsst_hardware_i 2031.61963093722 54.31074095330541 31.239999771118164 AB 9.508470498606632 1.0579759291535349
62208.1915 lsst_hardware_r 1931.4963619561968 48.48496503823466 31.489999771118164 AB 14.65426072716662 1.0583559250458934
62208.2034 lsst_hardware_i 1959.1749761986032 52.66912637086204 31.25 AB 14.690466881556915 1.0620446334874598
62211.1795 lsst_hardware_z -27.705179460366015 41.22999954223633 30.950000762939453 AB 8.3735100567852 1.05792925543717
62211.1926 lsst_hardware_u 2.840687016264818 2.609999895095825 28.399999618530273 AB 8.37251458732664 1.0609310987108556
62213.2029 lsst_hardware_r -13.397746987899167 22.280000686645508 31.5 AB 7.351369731079593 1.0703280365561245
62213.2154 lsst_hardware_i -36.50468508579554 30.40999984741211 31.25 AB 6.386291691692191 1.082422320625795
62216.1521 lsst_hardware_r -4.50147639048694 22.260000228881836 31.510000228881836 AB 5.467880335656401 1.059410091674769
62216.1661 lsst_hardware_i 42.12719411221457 30.239999771118164 31.260000228881836 AB 5.403033838072433 1.0579490259748585
62218.1376 lsst_hardware_z 20.89291101950584 42.08000183105469 30.959999084472656 AB 7.9425594179446115 1.0629763674979258
62218.1502 lsst_hardware_i 5.721718503466781 31.84000015258789 31.270000457763672 AB 7.868376671071391 1.0585734792239339
62220.1859 lsst_hardware_r -1.7752914018358599 38.2599983215332 31.600000381469727 AB 7.385308607844324 1.072082541512513
62220.1976 lsst_hardware_z 33.863324240271766 45.209999084472656 30.959999084472656 AB 7.48643385718089 1.0839431260397447
62222.1876 lsst_hardware_r -128.46128396296064 62.16999816894531 31.639999389648438 AB 7.258850845439353 1.078901730891716
62222.1978 lsst_hardware_y 3.257957708500451 50.88999938964844 30.040000915527344 AB 7.301576515473145 1.0910359887642462
62224.187 lsst_hardware_z 99.84930608331017 70.2699966430664 30.989999771118164 AB 7.107383510739649 1.0843241727125177
62224.1979 lsst_hardware_r 100.54639546911547 103.30999755859375 31.649999618530273 AB 7.214969082806156 1.0988936004680139
62226.1332 lsst_hardware_z -40.70104889588793 68.61000061035156 30.989999771118164 AB 5.336292930224712 1.057948638030276
62226.1448 lsst_hardware_r -30.861335838341756 100.19999694824219 31.65999984741211 AB 5.36033821830279 1.058832240652403
62228.1363 lsst_hardware_i -7.671201490479035 53.79999923706055 31.31999969482422 AB 8.936080390058777 1.058275744914607
62228.1497 lsst_hardware_z -29.6107344810283 53.369998931884766 30.969999313354492 AB 9.010924896138954 1.0624837750429141
62230.1253 lsst_hardware_i 62.803214931895056 36.02000045776367 31.270000457763672 AB 6.152756737968659 1.0578563056898618
62230.1369 lsst_hardware_z -9.016833145258191 44.310001373291016 30.950000762939453 AB 6.323099132440583 1.059618891594333
62232.1296 lsst_hardware_g -16.946228211717592 13.15999984741211 31.3799991607666 AB 12.264023577285352 1.0591151239073666
62232.1418 lsst_hardware_r 39.99408312644695 21.969999313354492 31.469999313354492 AB 12.33091058610306 1.0640644247403082
62236.1217 lsst_hardware_u -1.3820921871906733 2.6600000858306885 28.440000534057617 AB 5.353310072683219 1.0599914341000367
62236.1336 lsst_hardware_g -2.499548807763016 13.369999885559082 31.40999984741211 AB 5.120900365227613 1.0656886457994097
62238.1106 lsst_hardware_r 32.83101574453852 22.0 31.479999542236328 AB 7.127982660765714 1.0585457821816542
62238.1215 lsst_hardware_i 33.298804588484934 30.100000381469727 31.239999771118164 AB 7.1925741017951665 1.0620656505290216
62242.1104 lsst_hardware_z -8.259210082547234 41.08000183105469 30.950000762939453 AB 16.958493176774464 1.061985545241168
62242.1213 lsst_hardware_r 27.253579352346893 22.149999618530273 31.489999771118164 AB 17.031636378513408 1.0684840889908034
62244.1005 lsst_hardware_i 18.923193392992598 30.299999237060547 31.25 AB 11.980381062504298 1.0602107134959555
62244.1109 lsst_hardware_u -2.832510139669061 2.700000047683716 28.459999084472656 AB 12.036319580560201 1.0651610248283363
62246.1105 lsst_hardware_r 0.9784010873600453 22.139999389648438 31.489999771118164 AB 7.2786062192333585 1.0685761167486558
62246.1232 lsst_hardware_z -37.49562461992057 41.43000030517578 30.950000762939453 AB 7.3750390818537745 1.0801170301484733
62248.1023 lsst_hardware_r -17.145789149311426 31.729999542236328 31.56999969482422 AB 9.774751154328445 1.0666467868101752
62248.1133 lsst_hardware_y 12.196304219724146 47.88999938964844 30.040000915527344 AB 9.711175332243416 1.0755935168253064
62250.0969 lsst_hardware_z 126.93445526469965 68.97000122070312 31.709999084472656 AB 9.634329813225408 1.0666884204191107
62252.0458 lsst_hardware_z 26.64902348702869 59.34000015258789 30.979999542236328 AB 11.624543632128502 1.062475425658395
62252.0571 lsst_hardware_r -128.60982549402394 78.2300033569336 31.649999618530273 AB 11.485167856244626 1.0586383866019564
62259.0844 lsst_hardware_r 15.091075792618454 22.020000457763672 31.479999542236328 AB 14.285717247793883 1.0767046463516643
62259.0963 lsst_hardware_z -0.8190870073454787 44.060001373291016 30.950000762939453 AB 14.437258456246916 1.090427375849465
62261.086 lsst_hardware_r -65.67169027417616 31.139999389648438 32.22999954223633 AB 10.057573420065028 1.084374492729383
62261.0979 lsst_hardware_u 2.223312200754496 2.5899999141693115 28.3700008392334 AB 10.196519728835536 1.100462610587711
62264.0237 lsst_hardware_z -5.815703048151452 41.18000030517578 30.950000762939453 AB 10.335550337310591 1.0587714401984523
62264.0362 lsst_hardware_u 1.6834015555773085 2.75 28.520000457763672 AB 10.328680629510435 1.0580677088843047
62270.0161 lsst_hardware_i 13.260530376369468 30.0 31.25 AB 6.239929712996683 1.0578692137371994
62270.0294 lsst_hardware_u -2.9934600114075773 2.6700000762939453 28.459999084472656 AB 6.249774684453399 1.0601823044026122
62272.0204 lsst_hardware_g 5.429186492564739 13.010000228881836 31.389999389648438 AB 5.562039011622905 1.0591333926731228
62272.0334 lsst_hardware_r 11.245635205159276 21.760000228881836 31.479999542236328 AB 5.574237866694905 1.0645476947615318
62277.0198 lsst_hardware_i 17.3559208715838 34.7599983215332 31.270000457763672 AB 7.137119676457735 1.0645796907084666
62277.0328 lsst_hardware_r -53.061995692586194 31.729999542236328 31.56999969482422 AB 7.230031581357181 1.0743654136126497
62278.9973 lsst_hardware_z 35.434007814951826 70.13999938964844 31.709999084472656 AB 1.988601542601666 1.0583297193196732
62279.9994 lsst_hardware_z 75.19252372913905 54.150001525878906 30.969999313354492 AB 8.455076120352746 1.059356346519305
62280.0114 lsst_hardware_r -79.83028058999577 64.5 31.639999389648438 AB 8.022472726685736 1.0644590084058916
62282.9945 lsst_hardware_i -16.973635895120736 71.02999877929688 31.329999923706055 AB 6.161589131369814 1.0603928059952639
62283.0066 lsst_hardware_z -2.8104608826335946 63.61000061035156 30.979999542236328 AB 6.210097900791774 1.0665689825318918
62284.9971 lsst_hardware_g -17.207821160250052 68.44000244140625 31.709999084472656 AB 9.407362945384014 1.0640910494453542
62285.0105 lsst_hardware_r -119.9220087643555 73.0199966430664 31.639999389648438 AB 10.107468797062761 1.07394876449692
62287.9894 lsst_hardware_i 2.476101842598279 30.030000686645508 31.239999771118164 AB 7.332096234021657 1.0643708846445838
62288.0017 lsst_hardware_r -11.79751119353702 21.850000381469727 31.469999313354492 AB 7.299117861862867 1.0733996855680688
62290.9937 lsst_hardware_u -3.6893814052280356 2.569999933242798 28.3700008392334 AB 11.594580435556646 1.0735722625515411
62291.0062 lsst_hardware_g -10.311575320580243 13.029999732971191 31.3799991607666 AB 12.284799182420842 1.0869499737441484
62509.3468 lsst_hardware_u 1.233157048584981 3.0899999141693115 28.549999237060547 AB 9.265858077409748 1.0602072631385349
62509.3589 lsst_hardware_z -15.868536119639096 50.150001525878906 30.969999313354492 AB 9.190822971586712 1.0578755722360396
62510.3555 lsst_hardware_i -87.12033208114921 33.43000030517578 31.270000457763672 AB 7.737723260802081 1.0579090706348977
62512.3472 lsst_hardware_r 0.7434016712308328 22.420000076293945 31.5 AB 6.865968032580177 1.0581749298882928
62512.3591 lsst_hardware_y 17.44649950495123 53.97999954223633 30.049999237060547 AB 6.8579991360123085 1.058414867815774
62514.3508 lsst_hardware_g 13.185130122257556 14.15999984741211 31.420000076293945 AB 4.436170442478214 1.0580364373680995
62514.3634 lsst_hardware_y -60.85785074735665 58.7400016784668 30.049999237060547 AB 4.411507607011745 1.0612664144208521
62521.3317 lsst_hardware_z -31.306810257846557 59.209999084472656 30.979999542236328 AB 11.341677542260998 1.0580416570046245
62521.3441 lsst_hardware_r 126.40623248319834 82.06999969482422 31.649999618530273 AB 10.25907676761578 1.0611923214497896
62525.3296 lsst_hardware_r 83.56115828484084 59.56999969482422 31.6299991607666 AB 8.352705250967665 1.0598870984319675
62525.3416 lsst_hardware_z 0.3865264741420588 52.25 30.969999313354492 AB 7.554612789160757 1.0655557661196784
62527.3278 lsst_hardware_g 22.465807609799967 36.459999084472656 31.670000076293945 AB 13.003765384317777 1.0612286599190255
62527.342 lsst_hardware_i 38.863982508464396 39.0099983215332 31.280000686645508 AB 14.950791729326749 1.0696710116138477
62535.2882 lsst_hardware_i 83.93435766460448 30.030000686645508 31.25 AB 9.654918921660913 1.057880086376287
62535.3009 lsst_hardware_z -31.61959919430873 41.11000061035156 30.950000762939453 AB 9.990277326149219 1.059470526130677
62537.2807 lsst_hardware_r -2.8823903107813384 21.75 31.479999542236328 AB 5.905769146252878 1.0580023551151698
62537.2928 lsst_hardware_u -4.247775011888056 2.549999952316284 28.360000610351562 AB 6.994837792852579 1.058807880244104
62539.2784 lsst_hardware_g 7.229082894006004 12.859999656677246 31.3700008392334 AB 4.4975801801252775 1.0578600553029915
62539.2901 lsst_hardware_i -22.454542220282647 29.770000457763672 31.229999542236328 AB 4.5463456575330214 1.0595072611356375
62541.2837 lsst_hardware_z 77.59767233175342 41.02000045776367 30.950000762939453 AB 5.593100585720884 1.0592491995115543
62541.2951 lsst_hardware_r 12.514780675471329 21.770000457763672 31.479999542236328 AB 5.8067867777507605 1.0639037701998462
62543.2796 lsst_hardware_u -0.8921835560151743 2.619999885559082 28.420000076293945 AB 3.9066018827172 1.0596329782917708
62543.29 lsst_hardware_g -23.064706708143767 13.0 31.389999389648438 AB 3.9361286035722802 1.06410613775947
