data/validation/pwv_sim_epoch_fit_seasonal/10610622.ecsv
# %ECSV 0.9
# ---
# datatype:
# - {name: time, datatype: float64}
# - {name: band, datatype: string}
# - {name: flux, datatype: float64}
# - {name: fluxerr, datatype: float64}
# - {name: zp, datatype: float64}
# - {name: zpsys, datatype: string}
# - {name: pwv, datatype: float64}
# - {name: airmass, datatype: float64}
# meta: {SNID: '10610622', alt: 1024.0, c: -0.05858056992292404, dec: -51.062042, lat: -30.244573, lon: -70.7499537, ra: 201.746414, t0: 62629.22265625,
#   x0: 4.139023238946371e-06, x1: 0.5974247455596924, z: 0.6625062227249146}
# schema: astropy-2.0
time band flux fluxerr zp zpsys pwv airmass
62535.3716 lsst_hardware_g -10.1117012553672 16.1299991607666 31.469999313354492 AB 11.412867446336453 1.0739163897813613
62535.3835 lsst_hardware_y 34.90728685759926 72.22000122070312 30.059999465942383 AB 10.909188323987015 1.0711034191445141
62539.3662 lsst_hardware_i 50.86678960758726 30.59000015258789 31.229999542236328 AB 5.08399671420399 1.0721773004068098
62539.3784 lsst_hardware_y 31.329569846618504 51.470001220703125 30.040000915527344 AB 4.736597840443027 1.0710025076843535
62541.3676 lsst_hardware_g -7.984809539921154 13.800000190734863 31.399999618530273 AB 7.088671296737924 1.0710659224484398
62541.3806 lsst_hardware_y -57.53124906472674 52.650001525878906 30.040000915527344 AB 7.032709993956009 1.0721411683750426
62543.3766 lsst_hardware_r 17.541156275375084 23.520000457763672 31.5 AB 4.205543424158136 1.0725235068197736
62543.388 lsst_hardware_y -114.90679112951038 65.5199966430664 30.049999237060547 AB 4.229317231285082 1.0773271938572846
62548.3566 lsst_hardware_r 68.919197400611 42.709999084472656 31.610000610351562 AB 3.8056208816087684 1.0712514796927999
62548.3669 lsst_hardware_i 9.040162989991776 30.43000030517578 31.25 AB 3.7959654802843645 1.0738233324708244
62550.3572 lsst_hardware_z -16.57523614894797 59.5099983215332 30.979999542236328 AB 5.668778563257168 1.0724474658534895
62550.3666 lsst_hardware_r -11.953081483366917 81.51000213623047 31.649999618530273 AB 5.659415008607071 1.0761048978495593
62552.3544 lsst_hardware_z 63.52503511853029 86.58000183105469 31.739999771118164 AB 4.1481500995548295 1.0732600516312625
62554.3572 lsst_hardware_r -13.548574246739886 69.86000061035156 31.639999389648438 AB 10.113761623588495 1.0769058854909752
62554.3688 lsst_hardware_z 11.318820747391332 57.25 30.979999542236328 AB 10.169140092438887 1.0849397303359618
62557.353 lsst_hardware_g -24.451804078706594 30.079999923706055 31.639999389648438 AB 9.281833388895896 1.0792829521971972
62557.3643 lsst_hardware_r -8.775497137067605 34.33000183105469 31.579999923706055 AB 9.358738683026806 1.088225428258931
62561.3403 lsst_hardware_z 12.071804362068901 41.349998474121094 30.940000534057617 AB 4.49824001863201 1.078175975703268
62561.3514 lsst_hardware_r 14.885463384507066 22.299999237060547 31.469999313354492 AB 4.526756230737914 1.0864214953770994
62563.3398 lsst_hardware_u -0.32313982990642814 2.5799999237060547 28.350000381469727 AB 6.400140469982987 1.0814701706628906
62563.3521 lsst_hardware_g -17.96083655184742 13.350000381469727 31.3799991607666 AB 6.500774207555935 1.0923834998413604
62568.2956 lsst_hardware_i 27.40635583734491 30.190000534057617 31.239999771118164 AB 10.234144362216258 1.070983974418753
62568.3073 lsst_hardware_r -32.02776870123819 22.100000381469727 31.479999542236328 AB 10.284737582344219 1.0722576106701471
62572.2742 lsst_hardware_g 4.098247200854142 13.350000381469727 31.399999618530273 AB 8.553980739648985 1.0727115568584786
62572.2876 lsst_hardware_r 3.567278619473318 22.1299991607666 31.479999542236328 AB 8.54862675917943 1.0709880680505457
62578.2923 lsst_hardware_z 85.12995757224364 81.93000030517578 31.729999542236328 AB 6.648868473528985 1.0772632005069285
62580.2745 lsst_hardware_r 83.19703918169435 107.05000305175781 31.649999618530273 AB 5.336969492263177 1.0722547868195507
62580.287 lsst_hardware_z -23.9788746143675 71.83000183105469 30.989999771118164 AB 5.3623518583128345 1.0773543781769692
62582.2777 lsst_hardware_r -37.08086208699538 89.12999725341797 31.649999618530273 AB 5.669635752077851 1.0753730858889028
62582.2915 lsst_hardware_y 47.047356612222465 55.16999816894531 30.049999237060547 AB 5.688208670608985 1.084242777337905
62584.2796 lsst_hardware_z -109.9529520476711 51.959999084472656 30.959999084472656 AB 6.5992610103448595 1.0795012489829239
62584.2925 lsst_hardware_r 64.44571204290497 58.31999969482422 31.6200008392334 AB 6.541227974360942 1.0900835419999348
62589.2339 lsst_hardware_z 101.80610277470103 41.18000030517578 30.950000762939453 AB 7.281136823238378 1.0713856420303962
62589.245 lsst_hardware_r -17.85895972404851 22.350000381469727 31.489999771118164 AB 7.08068886394383 1.071316652805733
62591.2222 lsst_hardware_u -1.2192217268415915 2.490000009536743 28.280000686645508 AB 3.9979981510707967 1.0727601138779994
62591.2341 lsst_hardware_g 1.5329793899282653 13.270000457763672 31.3700008392334 AB 4.013825301285877 1.0709721976126323
62594.2308 lsst_hardware_r -21.736441001296008 22.280000686645508 31.479999542236328 AB 7.700421752563165 1.0712512437050856
62594.2433 lsst_hardware_z -18.112166760505232 41.290000915527344 30.940000534057617 AB 7.724832077518183 1.0746471084781553
62596.226 lsst_hardware_r 16.436025237984936 31.557463220580566 32.22999954223633 AB 7.550054148267877 1.0713348994798804
62596.2379 lsst_hardware_u -4.373850071754809 3.745621912337902 29.15999984741211 AB 7.593646062072534 1.07467394028765
62598.2099 lsst_hardware_u 0.8004084152563306 2.6859028767964865 28.399999618530273 AB 9.264620869804876 1.0713124590475245
62598.2227 lsst_hardware_g 12.62539315880381 13.658913766246348 31.40999984741211 AB 9.27585090353176 1.0716816140411058
62602.2134 lsst_hardware_r 54.72126285402228 23.027304501271832 31.489999771118164 AB 3.001653302914238 1.072019036755085
62602.2258 lsst_hardware_u -2.0141980189334587 3.0331533506603643 28.440000534057617 AB 3.014876978926463 1.0767417781880226
62608.1976 lsst_hardware_r 468.10425756519567 110.68201382728283 31.65999984741211 AB 14.64853964120128 1.0721581663805058
62608.2097 lsst_hardware_y -78.12191900183007 59.303981588958926 30.049999237060547 AB 14.397393394904523 1.076896883033615
62614.0287 lsst_hardware_g 359.61603293400515 27.238117460736824 32.04999923706055 AB 8.31531475375457 1.3712401853131808
62614.0436 lsst_hardware_r 1574.1167260113887 51.50767106273774 32.189998626708984 AB 6.7501206420655455 1.302944403950369
62616.202 lsst_hardware_r 986.0836059995487 39.90077338101457 31.489999771118164 AB 13.826524926890121 1.0871333974753077
62616.2139 lsst_hardware_u 10.346285396359622 3.706314119535437 28.510000228881836 AB 13.967526244542743 1.099805216105728
62618.1853 lsst_hardware_g 315.7919663698132 22.487255197662737 31.399999618530273 AB 3.737747797918952 1.0785853931712739
62618.1958 lsst_hardware_i 960.4041189738028 43.700582073977735 31.239999771118164 AB 3.8845884817276475 1.0864715483214489
62620.1302 lsst_hardware_g 353.1512899945031 23.127996552631643 31.399999618530273 AB 8.820305189125254 1.0786395413036478
62620.1423 lsst_hardware_r 1372.8793816676514 42.617087685223275 31.489999771118164 AB 8.898891297817416 1.0729958760254918
62623.1325 lsst_hardware_u 10.069419044805755 3.430453977142242 28.530000686645508 AB 7.9498947181702615 1.073536377138584
62623.1441 lsst_hardware_g 349.13531159549115 23.813946901145812 31.440000534057617 AB 7.95814429958024 1.0710826782745948
62625.1276 lsst_hardware_r 1382.5607880528466 44.18926455321431 31.5 AB 10.820360148498219 1.073341945094556
62625.1407 lsst_hardware_i 1316.8210987650089 46.70637168450023 31.260000228881836 AB 10.801700050242943 1.0709951466017393
62627.1329 lsst_hardware_z 904.6641750627366 50.674350400902625 30.950000762939453 AB 3.7347627439040427 1.071104462665468
62627.1445 lsst_hardware_r 1431.4521541979834 44.08389375440673 31.5 AB 3.6912347185803753 1.0718908291297997
62631.1291 lsst_hardware_z 825.7736143362143 51.30372135070568 30.950000762939453 AB 7.561751336696669 1.0711960340025974
62631.1415 lsst_hardware_g 261.4074352011117 24.34610787545415 31.5 AB 7.531579006375511 1.0743411361248871
62633.1279 lsst_hardware_r 1339.3336552049905 55.13296354551564 31.600000381469727 AB 13.92241655080604 1.0718483262312983
62633.14 lsst_hardware_z 877.5760217092745 53.98795590715029 30.950000762939453 AB 14.090066468310063 1.0761526363942613
62637.1075 lsst_hardware_i 1298.7587189139995 91.81801661554637 31.329999923706055 AB 5.586388154064451 1.0710099988619222
62637.1196 lsst_hardware_r 1362.5253359796745 113.1764089595503 31.649999618530273 AB 5.738805405367291 1.072473445219079
62639.1114 lsst_hardware_z 1708.6914861498044 111.1716330477677 31.739999771118164 AB 9.237714941751008 1.0718264551846004
62642.0974 lsst_hardware_r 960.3951328177734 52.79488213485462 31.610000610351562 AB 7.66705735332154 1.0710673834675026
62642.1095 lsst_hardware_i 1135.0078429960079 54.19621757733918 31.290000915527344 AB 7.629665546160979 1.0735927128744343
62644.1034 lsst_hardware_z 778.7189274813247 49.364966327188235 30.940000534057617 AB 2.7422801466765736 1.0733694879026752
62644.1167 lsst_hardware_r 794.8595568498502 35.70210611838194 31.479999542236328 AB 2.755446054888479 1.080143494664285
62649.1783 lsst_hardware_z 573.9475523652196 50.01930365099837 30.940000534057617 AB 9.201904154048059 1.2122389927387935
62649.1907 lsst_hardware_r 482.11388783392533 33.10178775871929 31.459999084472656 AB 9.485438358659412 1.2528095040934328
62652.1032 lsst_hardware_u 4.3537461044134025 2.762026088180959 28.389999389648438 AB 9.546974146172328 1.0866945833403525
62652.1149 lsst_hardware_g 78.35978985015704 15.918886376322197 31.389999389648438 AB 9.686266925492856 1.098963799125631
62654.09 lsst_hardware_r 396.43936163959137 29.684152867434953 31.469999313354492 AB 10.268572392801545 1.0805611273073288
62654.1016 lsst_hardware_i 613.6282484191204 38.34099788128202 31.229999542236328 AB 10.381671601148788 1.0903399255525514
62655.0833 lsst_hardware_z 410.312581868578 46.82361333287537 30.940000534057617 AB 9.686206228129766 1.0780118781480499
62655.0961 lsst_hardware_r 362.5862589988995 29.193848927501907 31.469999313354492 AB 9.892234079859643 1.0876862013645028
62657.0829 lsst_hardware_u 1.6949053795240963 2.760104087312939 28.34000015258789 AB 10.290153248245948 1.081333861489676
62657.0951 lsst_hardware_g 39.54226347378317 15.175356189040244 31.389999389648438 AB 9.832201077195252 1.092062318829567
62675.0169 lsst_hardware_u -3.942713630414475 2.6668644366771215 28.399999618530273 AB 3.4436391542578906 1.0727847832579098
62675.0305 lsst_hardware_g 5.264640057292909 13.820589710357266 31.3799991607666 AB 3.468505168076119 1.0791304645298099
62678.0223 lsst_hardware_z 257.9087049981706 44.309269136050005 30.940000534057617 AB 4.38088972196586 1.079125475482189
62678.0348 lsst_hardware_u -7.896333918194941 2.6889021720122606 28.350000381469727 AB 4.421411945350287 1.0891071381928614
62679.9984 lsst_hardware_r 87.35150788387737 24.042929282110677 31.469999313354492 AB 6.918225855726779 1.071637819885589
62680.0107 lsst_hardware_g 29.11056945127886 13.759845307540598 31.389999389648438 AB 7.7772251305036315 1.0756881231678606
62681.9981 lsst_hardware_r 82.36415684308153 24.16354041511068 31.489999771118164 AB 1.8641288480251796 1.0728799125324775
62682.011 lsst_hardware_i 192.69509558614465 32.55270242337238 31.239999771118164 AB 3.8030768602837925 1.078887052562683
62686.0007 lsst_hardware_z 195.19717212110135 43.441262727671976 30.940000534057617 AB 8.526340275196644 1.0792835791388156
62686.012 lsst_hardware_i 77.46697466933253 32.47698248873292 31.239999771118164 AB 8.596797458065941 1.0882022098817647
62687.9986 lsst_hardware_u -1.3195256209133768 3.5262616103031936 28.56999969482422 AB 7.036298900001328 1.081592329567476
62688.01 lsst_hardware_g 26.12321707966871 16.437524051039524 31.469999313354492 AB 6.223584781166202 1.0916016337405638
62908.3421 lsst_hardware_z 49.525027682355464 56.459999084472656 30.979999542236328 AB 4.808338932743435 1.0780424713286105
62908.3471 lsst_hardware_y 44.948155934224154 52.02000045776367 30.040000915527344 AB 4.795421490843479 1.07538745099366
62912.3536 lsst_hardware_g 14.518468220561116 29.260000228881836 31.639999389648438 AB 4.386577194887921 1.0710070670543663
62912.3644 lsst_hardware_r -74.14429810458506 33.72999954223633 31.579999923706055 AB 4.377191820912722 1.0720528584160576
62914.3503 lsst_hardware_i 13.23985783671667 30.950000762939453 31.25 AB 4.24512624174697 1.0709873836006545
62914.3608 lsst_hardware_z -5.088897912041001 41.52000045776367 30.950000762939453 AB 4.4635802947973495 1.0725248500744515
62917.3541 lsst_hardware_r 25.611185492688396 22.459999084472656 31.5 AB 4.123228432654384 1.0729657195613613
62917.3639 lsst_hardware_u -1.7230471748893306 2.799999952316284 28.530000686645508 AB 4.000123557826501 1.0772325559676394
62919.3568 lsst_hardware_g -11.092915089429447 13.4399995803833 31.389999389648438 AB 10.066850157580255 1.076351891965492
62919.3682 lsst_hardware_i -32.511879104889985 30.5 31.239999771118164 AB 10.144176401153524 1.083895330820977
62921.3544 lsst_hardware_z -44.07985957928466 41.529998779296875 30.950000762939453 AB 10.807480741266671 1.0780529417722364
62921.3664 lsst_hardware_r -1.9858682041660762 22.40999984741211 31.489999771118164 AB 11.020644849870317 1.087027274358407
62925.2947 lsst_hardware_u 0.13989821633631802 2.5799999237060547 28.350000381469727 AB 5.707686855243104 1.0786519616825292
62925.308 lsst_hardware_g 14.630562274859177 13.319999694824219 31.3799991607666 AB 5.664351526359137 1.0726414858418098
62927.3386 lsst_hardware_i 33.24762065272818 30.43000030517578 31.25 AB 3.450896357315069 1.078405111660959
62927.3504 lsst_hardware_z 15.436303971828407 41.56999969482422 30.940000534057617 AB 3.4796020425760883 1.0873756383050275
62935.3285 lsst_hardware_z 58.6059207118918 67.83000183105469 30.979999542236328 AB 9.411169138237561 1.0873260192063732
62935.3424 lsst_hardware_r -27.624375420170413 98.63999938964844 31.639999389648438 AB 9.229246223747559 1.10258100973621
62937.3426 lsst_hardware_y -111.32235695385965 77.41999816894531 30.790000915527344 AB 7.611214964224251 1.1103158226439462
62939.2844 lsst_hardware_z -102.16375023609616 72.97000122070312 31.719999313354492 AB 11.669375245467789 1.0711089749236156
62946.2828 lsst_hardware_g 12.302325188405439 13.489999771118164 31.40999984741211 AB 4.783256009151273 1.07621914931967
62946.2962 lsst_hardware_i 67.67213587683351 30.65999984741211 31.25 AB 4.297098396295538 1.0853314128422145
62948.2814 lsst_hardware_z -26.655397086954206 41.59000015258789 30.950000762939453 AB 6.637075553247575 1.078497814957366
62948.295 lsst_hardware_r -24.220666491726313 22.510000228881836 31.5 AB 6.7501431501111 1.0892012397984778
62950.2812 lsst_hardware_u -9.651010624766934 2.759999990463257 28.5 AB 7.0312160889146575 1.082072370208091
62950.2966 lsst_hardware_g 2.2692833219098265 13.609999656677246 31.40999984741211 AB 6.712197781220302 1.0966747457266919
62952.2325 lsst_hardware_g 4.609364289891034 13.489999771118164 31.40999984741211 AB 6.761205451335411 1.0732072144976843
62952.2451 lsst_hardware_r -7.997374008411617 22.399999618530273 31.5 AB 6.747362395048472 1.071009903975948
62954.2292 lsst_hardware_i 4.1931723801226015 30.6299991607666 31.260000228881836 AB 7.26279112708572 1.0725527766500649
62954.2413 lsst_hardware_z -14.07461864094215 41.68000030517578 30.950000762939453 AB 7.141161575493817 1.0710135842864297
62956.2296 lsst_hardware_r -7.99411085881034 22.440000534057617 31.5 AB 4.063390753602947 1.0713573933433385
62956.2433 lsst_hardware_u -2.6656335115509533 2.7100000381469727 28.459999084472656 AB 3.9952861988841417 1.0718646602117647
62958.2316 lsst_hardware_g -8.008463980341567 25.56999969482422 31.6200008392334 AB 9.120085908634746 1.0710611754121904
62958.2426 lsst_hardware_i -43.499602575041386 35.45000076293945 31.280000686645508 AB 9.160926559183254 1.0731268909625054
62960.2256 lsst_hardware_z -40.024741554388484 50.099998474121094 30.959999084472656 AB 5.890707812894535 1.0710377841626426
62960.2387 lsst_hardware_r 45.04999019961459 55.790000915527344 31.6299991607666 AB 5.9051505841019605 1.0736637425639928
62962.2099 lsst_hardware_r -124.1740772243603 90.12000274658203 31.649999618530273 AB 15.909286507071085 1.071933958926751
62962.2218 lsst_hardware_y 5.698524554418141 54.56999969482422 30.040000915527344 AB 15.917453956285291 1.07113707339127
