data/validation/pwv_sim_epoch_fit_seasonal/10826190.ecsv
# %ECSV 0.9
# ---
# datatype:
# - {name: time, datatype: float64}
# - {name: band, datatype: string}
# - {name: flux, datatype: float64}
# - {name: fluxerr, datatype: float64}
# - {name: zp, datatype: float64}
# - {name: zpsys, datatype: string}
# - {name: pwv, datatype: float64}
# - {name: airmass, datatype: float64}
# meta: {SNID: '10826190', alt: 1024.0, c: -0.11072319746017456, dec: -21.061817, lat: -30.244573, lon: -70.7499537, ra: 36.386719, t0: 60552.2734375,
#   x0: 3.6451977954379334e-06, x1: 0.7304309606552124, z: 0.6973651051521301}
# schema: astropy-2.0
time band flux fluxerr zp zpsys pwv airmass
[from data line 133]
60951.2152 lsst_hardware_z 2.562591949696169 48.68000030517578 30.959999084472656 AB 3.450977847533149 1.0546192520537312
60951.234 lsst_hardware_i -22.355247111063115 45.650001525878906 31.299999237060547 AB 3.3388078605064195 1.028829168941197
60954.2195 lsst_hardware_z 63.197749015916244 70.80999755859375 30.989999771118164 AB 5.054430396966203 1.0360270012912414
60954.2392 lsst_hardware_r 216.73082469660667 103.52999877929688 31.670000076293945 AB 4.990387549133036 1.0181693857046814
60956.2245 lsst_hardware_y 211.63364057265682 82.3499984741211 30.81999969482422 AB 3.409376721537562 1.0248627419457965
60958.2026 lsst_hardware_r 18.66529478346128 65.20999908447266 31.639999389648438 AB 3.5753004455801625 1.044188214246669
60958.2198 lsst_hardware_i -28.25628759489101 54.04999923706055 31.309999465942383 AB 2.7055977055823557 1.0242010241952937
60960.2016 lsst_hardware_z -4.969728077034269 43.38999938964844 30.950000762939453 AB 6.479723760150342 1.03797369075454
60960.2191 lsst_hardware_r 12.537149983750776 32.75 31.579999923706055 AB 5.61281977020799 1.0205126854923618
60962.2012 lsst_hardware_u -0.3928027341900361 2.619999885559082 28.389999389648438 AB 8.315351966954847 1.0318094015330495
60962.2192 lsst_hardware_r 3.770904974137133 22.540000915527344 31.489999771118164 AB 6.408234091194372 1.0171800144752972
60964.2458 lsst_hardware_i 9.156627551928574 30.31999969482422 31.260000228881836 AB 7.242592044314774 1.0179685926160569
60964.2638 lsst_hardware_z -6.993169691091397 41.06999969482422 30.950000762939453 AB 7.534041140476721 1.0335234085431508
60971.121 lsst_hardware_r -10.543815953105351 23.469999313354492 31.479999542236328 AB 6.164234871447969 1.1580377365109844
60971.1366 lsst_hardware_i -23.165973908882666 31.309999465942383 31.239999771118164 AB 5.369803249425773 1.1082803995925368
60973.1837 lsst_hardware_z 32.96287367470216 40.779998779296875 30.950000762939453 AB 4.673898906752892 1.0204462434917072
60973.2017 lsst_hardware_r 2.837090963317215 22.600000381469727 31.5 AB 4.63636024931696 1.013448996171145
60975.1672 lsst_hardware_u -6.831469069713249 2.6500000953674316 28.399999618530273 AB 2.5573831305045363 1.03016440302319
60975.185 lsst_hardware_r -3.1350283136812482 22.579999923706055 31.5 AB 2.5379912656938663 1.016551908822854
60977.1653 lsst_hardware_i -11.779282344546981 32.689998626708984 31.270000457763672 AB 2.9245164496129754 1.0265663545122479
60977.1826 lsst_hardware_z 20.591265446969192 41.5099983215332 30.950000762939453 AB 2.1483582092650515 1.0152921593877227
60980.1642 lsst_hardware_z -24.351091108626683 48.83000183105469 30.969999313354492 AB 4.720979480845304 1.0207155376408714
60980.1821 lsst_hardware_r 19.763926636447238 51.720001220703125 31.6299991607666 AB 4.48488997923597 1.0134962854663034
60990.1279 lsst_hardware_r -32.985426036207315 22.5 31.489999771118164 AB 2.8247651909898477 1.0284339287584396
60990.1466 lsst_hardware_u 1.9763991892324968 2.630000114440918 28.40999984741211 AB 2.9354048887219064 1.015476783460069
60992.1307 lsst_hardware_g 13.551163960482809 13.84000015258789 31.43000030517578 AB 5.106201294551596 1.021240258910319
60992.1471 lsst_hardware_r -8.914439967618843 22.459999084472656 31.5 AB 5.069076184754646 1.0138152369509292
60994.1188 lsst_hardware_i -5.319714682723017 30.040000915527344 31.25 AB 4.311901518024135 1.026643218577175
60994.136 lsst_hardware_z 24.036818376639964 40.540000915527344 30.950000762939453 AB 4.251805535394873 1.01535654576594
60996.1082 lsst_hardware_z 80.51049561127661 40.880001068115234 30.950000762939453 AB 3.1991829443977586 1.0319944981928253
60996.1286 lsst_hardware_r 23.405593576347098 22.299999237060547 31.489999771118164 AB 2.747869049323949 1.016129813931502
60998.1109 lsst_hardware_u 1.9429250586707463 2.640000104904175 28.43000030517578 AB 4.539331112582991 1.0239285202916575
60998.1315 lsst_hardware_g 24.379234886158823 13.609999656677246 31.43000030517578 AB 4.886713327810232 1.0136832085899976
61003.0533 lsst_hardware_r 11.05777054059063 22.809999465942383 31.489999771118164 AB 8.250202514596266 1.0973446040252182
61003.0642 lsst_hardware_u 5.234588113458808 2.7699999809265137 28.489999771118164 AB 8.146824662102933 1.0718565909266204
61005.1019 lsst_hardware_g -16.809882639308828 16.239999771118164 31.489999771118164 AB 3.588740595261515 1.0171206221810225
61005.1228 lsst_hardware_r 10.985625426518455 23.440000534057617 31.510000228881836 AB 3.684950459687082 1.013857744267912
61007.0841 lsst_hardware_i -9.101039232493617 34.61000061035156 31.280000686645508 AB 3.9264441643057535 1.0258955315205134
61007.1012 lsst_hardware_z -26.619875538795533 42.56999969482422 30.959999084472656 AB 3.9389551578074764 1.0151074197597878
61010.1413 lsst_hardware_r -27.682657226434127 64.6500015258789 31.639999389648438 AB 8.4661253199739 1.0373458568829317
61010.1611 lsst_hardware_z -25.071976450789318 55.439998626708984 30.969999313354492 AB 8.765968092796639 1.070456477322828
61012.0863 lsst_hardware_z -160.87350499358433 89.16000366210938 31.739999771118164 AB 6.653237651143918 1.015561071936939
61016.0652 lsst_hardware_r 11.16590836429334 21.969999313354492 31.479999542236328 AB 4.578356705257469 1.0212137858155286
61016.0836 lsst_hardware_u -4.708805206397809 5.429999828338623 28.940000534057617 AB 5.864188872629367 1.0135134588020271
61019.0636 lsst_hardware_g 15.045951353864183 13.390000343322754 31.40999984741211 AB 7.359543422994828 1.0171554399762504
61019.0828 lsst_hardware_r 1.9835396179337976 21.93000030517578 31.489999771118164 AB 7.744296222681973 1.0135739491114735
61021.1089 lsst_hardware_i -22.927844912689157 30.079999923706055 31.25 AB 12.801609913571111 1.0343899413033497
61021.1277 lsst_hardware_z -68.46548803491305 41.31999969482422 30.940000534057617 AB 12.514486886277673 1.063727396355866
61023.0448 lsst_hardware_y 39.07635177122488 48.459999084472656 30.059999465942383 AB 8.075196041336882 1.0221767140932763
61023.063 lsst_hardware_r 14.878081529918525 22.149999618530273 31.5 AB 8.008367450782123 1.01371739883318
61025.0461 lsst_hardware_y -88.70312563835408 48.47999954223633 30.059999465942383 AB 10.172658976906204 1.0177389785564768
61025.0641 lsst_hardware_g -4.714676172229301 13.399999618530273 31.40999984741211 AB 10.131549634752052 1.0133606051511221
61027.0479 lsst_hardware_y 82.06732417655778 47.70000076293945 30.049999237060547 AB 4.110986953918478 1.0146826987334268
61027.0664 lsst_hardware_z 51.40496126550864 40.40999984741211 30.950000762939453 AB 4.143298252209342 1.0147681244695144
61029.0319 lsst_hardware_y -3.2621236316037856 82.30000305175781 30.09000015258789 AB 4.7517841966629835 1.019696179541413
61029.0512 lsst_hardware_u 3.1308105582154715 3.119999885559082 28.579999923706055 AB 5.26798939465662 1.0133184697584265
61031.0326 lsst_hardware_z 48.44881257363161 61.209999084472656 30.989999771118164 AB 4.6323611658458335 1.0163144286629042
61031.051 lsst_hardware_r -57.18016563225813 22.65999984741211 31.5 AB 5.527440158868816 1.013713197004918
61033.0333 lsst_hardware_y -68.2966427312415 72.18000030517578 30.079999923706055 AB 6.78516238807429 1.0141993056586964
61033.052 lsst_hardware_z 2.926035743003649 41.72999954223633 30.959999084472656 AB 6.546922738607494 1.0154466040648578
61035.0345 lsst_hardware_y 196.72535672787575 74.94000244140625 30.079999923706055 AB 9.565770945599922 1.013323193389889
61035.0548 lsst_hardware_z 32.9670595683906 41.7400016784668 30.950000762939453 AB 9.693649073565341 1.019686432816104
