data/validation/pwv_sim_epoch_fit_seasonal/10964877.ecsv
# %ECSV 0.9
# ---
# datatype:
# - {name: time, datatype: float64}
# - {name: band, datatype: string}
# - {name: flux, datatype: float64}
# - {name: fluxerr, datatype: float64}
# - {name: zp, datatype: float64}
# - {name: zpsys, datatype: string}
# - {name: pwv, datatype: float64}
# - {name: airmass, datatype: float64}
# meta: {SNID: '10964877', alt: 1024.0, c: -0.047175291925668716, dec: -35.501846, lat: -30.244573, lon: -70.7499537, ra: 63.632812, t0: 61256.3125,
#   x0: 7.532087375690581e-06, x1: 0.38405662775039673, z: 0.5177427530288696}
# schema: astropy-2.0
time band flux fluxerr zp zpsys pwv airmass
61260.3748 lsst_hardware_u 6.257046676154642 3.009078191891544 28.34000015258789 AB 3.059233459784486 1.2370535623875802
61260.3944 lsst_hardware_g 686.707334523999 31.233387499477733 31.43000030517578 AB 1.6215633741466913 1.1582595529619224
61261.376 lsst_hardware_r 2293.093310660258 53.430149959816504 31.459999084472656 AB 4.76226391099662 1.2194257197840441
61261.3949 lsst_hardware_i 1936.8652138842074 53.27175032619972 31.239999771118164 AB 4.487468808329987 1.1472989965050246
61266.3472 lsst_hardware_r 1906.7667268446014 49.459011993217956 31.450000762939453 AB 4.526087836871562 1.2931679533918747
61266.3652 lsst_hardware_g 444.60045069464553 24.901519814899455 31.360000610351562 AB 4.225364837141296 1.2072470963260846
61268.3698 lsst_hardware_i 1569.570705132019 50.70440494019448 31.229999542236328 AB 6.326920057501173 1.1680467798463703
61268.3885 lsst_hardware_z 1236.1450540193612 54.698267582902176 30.940000534057617 AB 5.36260985030661 1.1090083445986165
61272.3297 lsst_hardware_u 6.2849797415146975 4.007952206493775 29.059999465942383 AB 3.015621966023639 1.2992770211221225
61272.3526 lsst_hardware_g 505.5524449073117 29.940881284050242 32.119998931884766 AB 3.127399818240797 1.1918444429271329
61274.367 lsst_hardware_z 987.443576454239 52.47604382102004 30.940000534057617 AB 2.117871873563193 1.1235394554714984
61274.3856 lsst_hardware_g 205.29087680914776 20.01366513252304 31.3799991607666 AB 1.4190028559066739 1.0760211229624068
61276.3451 lsst_hardware_z 1000.4817671742491 56.699841708852915 30.950000762939453 AB 3.7943529198959025 1.1786144915808352
61276.3641 lsst_hardware_r 1287.9058657647968 50.57974086558563 31.59000015258789 AB 3.579608309319253 1.1161279351408573
61278.3403 lsst_hardware_i 1134.4323967446687 66.34629142339024 31.299999237060547 AB 2.6996240258569193 1.1761359392347892
61278.3579 lsst_hardware_z 923.2092730455315 61.576261325887074 30.969999313354492 AB 2.6509738677519494 1.1182398204802937
61281.3358 lsst_hardware_z 803.7989479164779 65.66499625422078 30.969999313354492 AB 8.148861293935683 1.1627111784169855
61281.3555 lsst_hardware_r 871.2831535998491 84.70947757125991 31.639999389648438 AB 7.732080889545831 1.1023520336764876
61286.3336 lsst_hardware_r 541.6364693587817 46.28206855021372 31.579999923706055 AB 1.1274067356766246 1.1254372205406786
61286.3516 lsst_hardware_i 896.6854290711426 48.068124652141485 31.280000686645508 AB 1.086483154986299 1.078752098281945
61297.2879 lsst_hardware_z 1261.1930533262039 69.78630255957114 31.68000030517578 AB 2.396299645563377 1.1781217529812509
61297.3117 lsst_hardware_r 527.376914146629 38.56882482863472 32.220001220703125 AB 1.8212351192794043 1.1026650570812366
61299.3236 lsst_hardware_i 390.64867363385935 35.9308982780523 31.239999771118164 AB 2.775828676889726 1.0631285625772828
61299.3402 lsst_hardware_z 547.65777608574 46.99167961720469 30.950000762939453 AB 4.274696795535733 1.0355997324295452
61303.2623 lsst_hardware_z 444.89405835141537 50.32600596134959 30.940000534057617 AB 8.385298493918373 1.215260651292518
61303.2796 lsst_hardware_i 344.4717094652322 38.97741902637941 31.25 AB 7.931017887431292 1.149422882236419
61305.2576 lsst_hardware_z 540.4613238353154 53.541976049554755 30.950000762939453 AB 1.9586065796047167 1.212009022032156
61305.2773 lsst_hardware_r 244.16212426072042 49.06372972290151 31.610000610351562 AB 1.8487602349385535 1.1391005760562296
61307.2671 lsst_hardware_y 339.8279260957185 74.7937501835183 30.75 AB 4.610701500130812 1.1547683927445525
61309.255 lsst_hardware_r 213.2184021406532 88.22918477039886 31.6200008392334 AB 3.7708840604986973 1.1786468203267442
61309.2723 lsst_hardware_i 298.72643963555157 68.77095551902411 31.309999465942383 AB 3.5421174964445514 1.1210415116924737
61311.2781 lsst_hardware_z 489.8956056239266 62.205290514874235 30.969999313354492 AB 3.784157156734129 1.0909806088174698
61311.2987 lsst_hardware_r 343.5929422742127 79.97810744174662 31.649999618530273 AB 3.945859265358037 1.0489192145739898
61313.2193 lsst_hardware_z 363.47001020360153 58.884937011752285 30.940000534057617 AB 4.851689903110186 1.2909438975880227
61313.2418 lsst_hardware_r 119.10661731226601 62.739198084592346 31.600000381469727 AB 4.473206567287983 1.1873930764584202
61315.2194 lsst_hardware_u 7.776817930992155 4.902463459458328 28.649999618530273 AB 4.26870478547494 1.2621835557288408
61315.2405 lsst_hardware_g 19.373016685742826 32.5351786326774 31.6200008392334 AB 3.962216464955777 1.1716467701504076
61317.2214 lsst_hardware_r 170.19474843225362 25.36310726416317 31.450000762939453 AB 3.2245722540440482 1.2270061849483163
61317.2424 lsst_hardware_z 327.0728331470144 45.77365974808333 30.940000534057617 AB 2.9912446603162217 1.146034159950068
61319.2186 lsst_hardware_r 164.4136441753674 25.158816239946216 31.450000762939453 AB 5.735599082439647 1.2153409554542987
61319.2392 lsst_hardware_u 1.9382855614994536 2.819299754870161 28.329999923706055 AB 5.5812199542661 1.1387146261426229
61321.2124 lsst_hardware_g 19.7608653765384 13.86164896047203 31.350000381469727 AB 3.9165931079176293 1.2185407647138073
61321.2331 lsst_hardware_r 115.56195064744246 24.85006200282447 31.459999084472656 AB 3.8148969252167153 1.140761602357706
61323.216 lsst_hardware_i 193.8725980486394 34.16950138175505 31.239999771118164 AB 3.0985538261398355 1.1816018149764214
61323.2352 lsst_hardware_z 276.47546690777483 45.11787549695374 30.950000762939453 AB 2.9262202830758812 1.1178023619058564
61325.2161 lsst_hardware_r 115.57696460044703 24.803723272257674 31.459999084472656 AB 6.386702694028034 1.1612186716414608
61325.2343 lsst_hardware_u -0.7074583410464906 2.6901207855178826 28.399999618530273 AB 6.0785934911415405 1.1051988165711892
61326.1927 lsst_hardware_u -3.8496653419504434 2.572182739464519 28.260000228881836 AB 8.219947112373715 1.246012901678833
61326.2133 lsst_hardware_g 16.08574702610389 13.659161965656246 31.350000381469727 AB 6.740656716534766 1.1614646209729218
61330.2102 lsst_hardware_y 25.142513702854153 49.12161356664274 30.010000228881836 AB 5.934748095845754 1.135456659653849
61330.2303 lsst_hardware_g 16.075928929379597 13.519501663659272 31.3700008392334 AB 5.709522127769321 1.0814000904908985
61334.1912 lsst_hardware_i 58.33146493580598 41.77000045776367 31.280000686645508 AB 2.931904298012249 1.1623778107622822
61334.2114 lsst_hardware_z -28.91020220857835 46.38999938964844 30.959999084472656 AB 2.0115351516309015 1.1008036218337658
61337.1902 lsst_hardware_r -15.42488582404344 73.76000213623047 31.6299991607666 AB 2.708779034141276 1.138262016657748
61337.2082 lsst_hardware_z 12.541658005274842 55.83000183105469 30.979999542236328 AB 2.513405748750492 1.0883685401626852
61342.1947 lsst_hardware_z -29.045745179693757 51.880001068115234 30.969999313354492 AB 2.1945126472601246 1.0880082534755204
61342.2135 lsst_hardware_r -51.094732295119506 58.900001525878906 31.649999618530273 AB 3.4397297265120317 1.049871724441494
61345.2101 lsst_hardware_r 1.4772645402753826 21.829999923706055 31.5 AB 5.1260632953857215 1.0421652132120605
61345.2298 lsst_hardware_i -12.037415756340387 32.61000061035156 31.270000457763672 AB 5.011441934805668 1.018275309317417
61355.1453 lsst_hardware_z -52.00119630723345 41.83000183105469 30.940000534057617 AB 2.9090274243848 1.1252040063375968
61355.1628 lsst_hardware_r -14.352468084224764 21.860000610351562 31.479999542236328 AB 2.7856166236751068 1.0796963657655452
61358.1252 lsst_hardware_i -82.52394861006626 31.190000534057617 31.229999542236328 AB 5.8107029300331865 1.1640612871304026
61358.1437 lsst_hardware_u -0.4161577665735521 2.5999999046325684 28.3700008392334 AB 5.510140577431888 1.1065465137508603
61360.1298 lsst_hardware_g -21.552214571225925 18.639999389648438 31.489999771118164 AB 6.680130170965482 1.1307880103200139
61360.1494 lsst_hardware_r 4.459940038806397 24.31999969482422 31.5 AB 6.284155222139254 1.0791336958454172
61369.113 lsst_hardware_g -62.872489292473624 95.25 31.700000762939453 AB 5.675013804301332 1.108347015146005
61369.1305 lsst_hardware_i -86.02917431257038 69.69999694824219 31.329999923706055 AB 8.208915401336242 1.0670745254404472
61371.1114 lsst_hardware_z 37.55552351347995 48.22999954223633 30.959999084472656 AB 4.203104667247662 1.098180979075334
61371.1299 lsst_hardware_r -30.060049027229702 48.130001068115234 31.6299991607666 AB 3.807669937036908 1.0576860936213632
61373.1298 lsst_hardware_r -50.11885072526444 21.729999542236328 31.489999771118164 AB 5.30126499801034 1.0483023527803719
61373.1474 lsst_hardware_u 0.5244401966632334 2.700000047683716 28.5 AB 5.202170671997878 1.0242173595401893
61375.1278 lsst_hardware_g -7.490192114357899 12.979999542236328 31.389999389648438 AB 8.443986013060075 1.042767794804274
61375.1455 lsst_hardware_r 27.372805579959802 21.649999618530273 31.5 AB 8.342193971361452 1.020535086004337
61378.0416 lsst_hardware_y 38.021657552226564 50.54999923706055 29.959999084472656 AB 5.75159235199157 1.2922022808340536
61378.0635 lsst_hardware_r -9.521861446374734 22.3700008392334 31.450000762939453 AB 4.139157050277756 1.1906674801834567
61380.0417 lsst_hardware_y -13.77493416287412 50.130001068115234 29.969999313354492 AB 4.318741691554026 1.263344066564963
61380.0633 lsst_hardware_z -3.9861059683322337 42.5 30.93000030517578 AB 3.6836183754664145 1.1706724358589202
61382.0425 lsst_hardware_y -21.702000549888616 50.619998931884766 29.989999771118164 AB 3.5795436803625598 1.2334747347904182
61382.0639 lsst_hardware_u 4.085100049420868 2.569999933242798 28.34000015258789 AB 3.5173639174698246 1.1494653325062454
61384.0427 lsst_hardware_y -24.084390830777423 51.45000076293945 29.989999771118164 AB 8.878797116210958 1.2086710915872307
61384.0635 lsst_hardware_r -29.023878087177735 22.280000686645508 31.469999313354492 AB 8.38673731707119 1.133164228667263
61386.0432 lsst_hardware_y -62.7458140774689 50.459999084472656 30.0 AB 16.094933826583315 1.1846414651917356
61386.0638 lsst_hardware_r -23.465142762658353 22.110000610351562 31.469999313354492 AB 15.167051124086317 1.116072343502644
61391.0452 lsst_hardware_y -28.55763889405937 51.400001525878906 30.020000457763672 AB 12.33313554633153 1.1306591279726266
61391.0664 lsst_hardware_i 80.00032261175683 33.95000076293945 31.270000457763672 AB 11.752918130848485 1.0755194580284027
61393.0468 lsst_hardware_y 46.29774037502928 51.09000015258789 30.030000686645508 AB 4.562268447359449 1.1101760426718914
61393.0689 lsst_hardware_r -64.75155995091417 43.77000045776367 31.6200008392334 AB 4.277935368879669 1.059419358316079
61395.0452 lsst_hardware_y -76.6532548997117 53.9900016784668 30.040000915527344 AB 4.88859732475859 1.0999000261950433
61395.0666 lsst_hardware_z -49.94576014572324 52.18000030517578 30.979999542236328 AB 4.681245550701806 1.053662201456106
61406.0455 lsst_hardware_y -104.78405300115786 52.7400016784668 30.059999465942383 AB 7.161619001619953 1.039247992770436
61406.0687 lsst_hardware_u 1.727593346458043 2.6600000858306885 28.479999542236328 AB 6.988630416615159 1.0137742810061627
61627.3649 lsst_hardware_u 1.8559070826246007 2.5799999237060547 28.299999237060547 AB 6.447627715775858 1.2615815126499748
61627.3835 lsst_hardware_g -0.258341543911137 13.319999694824219 31.360000610351562 AB 6.138767289187094 1.180532170997518
61629.357 lsst_hardware_g 5.680913317181027 13.420000076293945 31.34000015258789 AB 3.9775422294615552 1.2739005752519126
61629.3759 lsst_hardware_r 14.722769150825394 22.670000076293945 31.479999542236328 AB 3.6271070497140956 1.188793177192768
61649.3457 lsst_hardware_i -6.754788838507149 30.440000534057617 31.239999771118164 AB 0.9030382810993016 1.1084757951299347
61649.3634 lsst_hardware_u 0.7580202783015122 2.630000114440918 28.420000076293945 AB 0.8764348803065681 1.066763217737853
61653.3268 lsst_hardware_r 3.4976174251384387 21.850000381469727 31.459999084472656 AB 2.027869405609097 1.1315709308211654
61653.3437 lsst_hardware_i 4.162518647967161 29.920000076293945 31.229999542236328 AB 1.3695925148758514 1.0859009037667802
61678.1869 lsst_hardware_r 8.41386154268645 23.399999618530273 31.40999984741211 AB 6.3887820987244694 1.5194503168046143
61678.2122 lsst_hardware_u -1.2480969305705094 2.450000047683716 28.18000030517578 AB 5.169452847908574 1.3352583876814088
61682.2197 lsst_hardware_u -0.7375464985838502 2.5299999713897705 28.270000457763672 AB 3.221926026980637 1.2378533752887617
61682.2413 lsst_hardware_g 1.2202204453546786 12.970000267028809 31.360000610351562 AB 3.006320812888435 1.1519941804401153
61688.2265 lsst_hardware_z 35.76179156544011 66.45999908447266 31.709999084472656 AB 3.020243062889242 1.1467100156511707
61689.2106 lsst_hardware_r -13.916330017202888 51.349998474121094 31.59000015258789 AB 4.301007986345318 1.194724440651477
61689.2305 lsst_hardware_z -75.37957069837606 48.29999923706055 30.950000762939453 AB 4.052033335164818 1.1255648153235607
61692.2096 lsst_hardware_r 10.101960385230937 82.33000183105469 31.6200008392334 AB 7.35441416459522 1.167367327713527
61692.2278 lsst_hardware_y -1.7248546254319985 52.849998474121094 30.030000686645508 AB 6.992116659322517 1.1098597871940503
61694.2122 lsst_hardware_z 62.76101292917157 63.959999084472656 30.979999542236328 AB 8.104417264842446 1.139941945965602
61694.2325 lsst_hardware_r -113.18840130623744 89.37000274658203 31.649999618530273 AB 7.702087064428479 1.0841901836189212
61696.2113 lsst_hardware_i -59.5189349049339 58.02000045776367 31.309999465942383 AB 5.689199617520101 1.1258310588758942
61696.2316 lsst_hardware_z -52.37533068646145 55.04999923706055 30.969999313354492 AB 5.437190374996973 1.074012913579649
61698.2114 lsst_hardware_r -70.99996943161524 47.939998626708984 31.610000610351562 AB 1.251241046592497 1.109912223470577
61698.2303 lsst_hardware_z 3.198821458296921 48.209999084472656 30.969999313354492 AB 1.200279235600058 1.0654154025594123
61700.1918 lsst_hardware_u 2.900118552794646 2.640000104904175 28.389999389648438 AB 3.242241610695279 1.1532070463081199
61700.2103 lsst_hardware_g 7.479533840729817 13.170000076293945 31.399999618530273 AB 2.783909871596796 1.0983698326207973
61702.1913 lsst_hardware_r 6.292885566697164 22.239999771118164 31.479999542236328 AB 2.6994952555275793 1.1369487247764618
61702.21 lsst_hardware_z -2.338968538536597 41.22999954223633 30.950000762939453 AB 1.4244741750843917 1.0857272675948106
61705.1866 lsst_hardware_r 8.081399246717481 22.229999542236328 31.479999542236328 AB 2.7714285622218586 1.1262154672085776
61705.2055 lsst_hardware_u 0.6566669495162344 2.6500000953674316 28.43000030517578 AB 2.6551825995889606 1.0773352897742763
61707.1921 lsst_hardware_g 10.760604586823174 13.069999694824219 31.3799991607666 AB 2.2792544962297208 1.0960589065783701
61707.2108 lsst_hardware_r 35.381387502208774 21.729999542236328 31.479999542236328 AB 3.475131453425584 1.0557895954505137
61709.1902 lsst_hardware_i 5.352708333411502 30.239999771118164 31.239999771118164 AB 3.648612705926955 1.0873529148940413
61709.2088 lsst_hardware_z -40.402284144834894 40.83000183105469 30.950000762939453 AB 3.999520912194561 1.0497430215734043
61711.1759 lsst_hardware_z -6.760700964824705 41.72999954223633 30.93000030517578 AB 3.9566346571239697 1.1099332792268657
61711.1936 lsst_hardware_r -20.664660511842158 21.809999465942383 31.469999313354492 AB 3.745201109990889 1.0678454943305693
61722.1185 lsst_hardware_r -144.11444553017967 128.22999572753906 32.369998931884766 AB 4.130444058143467 1.2028667839086062
61722.1295 lsst_hardware_z -121.9955297676147 90.52999877929688 31.719999313354492 AB 5.804671935590867 1.1609343871181734
61724.1269 lsst_hardware_r 62.77364798825553 86.66999816894531 31.6299991607666 AB 4.828055682603356 1.1510901253922012
61724.1455 lsst_hardware_i 134.20105695905423 68.44000244140625 31.31999969482422 AB 4.5983817681179415 1.0965280531251176
61728.1093 lsst_hardware_r -14.669528708477173 22.280000686645508 31.469999313354492 AB 5.233153595098143 1.1747356406303706
61728.1271 lsst_hardware_i 5.399474546067515 30.440000534057617 31.239999771118164 AB 5.343744896897386 1.116595078493067
61729.1103 lsst_hardware_z -28.311227768357913 42.47999954223633 30.940000534057617 AB 6.67269521581389 1.1612428951151013
61729.1275 lsst_hardware_r -46.64014161059463 22.0 31.469999313354492 AB 5.876324583104152 1.1079043331643463
61736.1113 lsst_hardware_r 37.40661691248806 22.059999465942383 31.469999313354492 AB 4.1910196659618535 1.1001976721986264
61736.1275 lsst_hardware_u -1.7068997877422223 2.569999933242798 28.3700008392334 AB 3.8287614443279443 1.0635448456466512
61738.1322 lsst_hardware_u -3.969113559701997 2.640000104904175 28.440000534057617 AB 5.326164436303134 1.0455076430615327
61738.1513 lsst_hardware_g 8.40054133069334 12.859999656677246 31.389999389648438 AB 5.185355006309985 1.020873147324449
61740.1354 lsst_hardware_r -18.802942751782517 21.75 31.489999771118164 AB 8.39881051485382 1.0328946275543764
61740.1519 lsst_hardware_i 33.954860495736675 29.600000381469727 31.25 AB 8.303456197140381 1.0154234710346137
61742.1309 lsst_hardware_z -122.00028634802537 40.709999084472656 30.950000762939453 AB 6.669097850124595 1.0316456473250821
61742.1483 lsst_hardware_r 32.36618282361991 21.6299991607666 31.5 AB 6.562145473487788 1.0139700998089007
61744.0411 lsst_hardware_y 60.463639107411794 51.02000045776367 29.969999313354492 AB 2.8228891337981983 1.283958215728946
61744.0624 lsst_hardware_i -1.325203890987866 32.849998474121094 31.229999542236328 AB 1.7430565824162494 1.1869639648726678
61746.0408 lsst_hardware_y 146.1651831676633 51.439998626708984 29.979999542236328 AB 6.876914096708479 1.2576845105614693
61746.0614 lsst_hardware_g 29.74977548519684 33.75 31.6200008392334 AB 5.436488232519596 1.1701438296423818
61750.0535 lsst_hardware_z 39.89670408158419 80.5199966430664 31.719999313354492 AB 11.581199565968287 1.1593566036407121
61752.0445 lsst_hardware_y 160.02497836897302 56.849998474121094 30.020000457763672 AB 13.440939456029147 1.1720386689945193
61752.0668 lsst_hardware_r -19.14065596311842 86.44999694824219 31.639999389648438 AB 12.541032090720568 1.1023145021289065
61754.0442 lsst_hardware_y -13.473207391858391 51.34000015258789 30.020000457763672 AB 8.867758976323962 1.1537613441462742
61754.066 lsst_hardware_z -15.29106441978932 51.720001220703125 30.969999313354492 AB 8.374426230866325 1.0905584409206117
61756.0453 lsst_hardware_y 47.46167422222485 49.9900016784668 30.020000457763672 AB 12.37315579660587 1.132459286858238
61756.0682 lsst_hardware_u 0.7014528098804005 2.559999942779541 28.3700008392334 AB 11.7116962807523 1.0731220439893985
61760.0464 lsst_hardware_y 20.541200358740973 49.63999938964844 30.030000686645508 AB 4.728275908750411 1.0985771163453557
61760.0695 lsst_hardware_r -13.997090321152072 21.610000610351562 31.479999542236328 AB 4.560131505821904 1.049834588094982
61766.0466 lsst_hardware_y 29.51782442681115 49.84000015258789 30.040000915527344 AB 6.835007672966008 1.0615838585021369
61766.0713 lsst_hardware_i -21.53531449581003 29.549999237060547 31.25 AB 6.5675661930411104 1.024581309366788
61770.0451 lsst_hardware_y 72.8158411662986 75.33999633789062 30.799999237060547 AB 7.858240798757481 1.0450714778026473
61770.066 lsst_hardware_g -0.23083567555364257 18.239999771118164 32.13999938964844 AB 7.653025447516957 1.0188863843855092
