data/validation/pwv_sim_epoch_fit_seasonal/11156002.ecsv
# %ECSV 0.9
# ---
# datatype:
# - {name: time, datatype: float64}
# - {name: band, datatype: string}
# - {name: flux, datatype: float64}
# - {name: fluxerr, datatype: float64}
# - {name: zp, datatype: float64}
# - {name: zpsys, datatype: string}
# - {name: pwv, datatype: float64}
# - {name: airmass, datatype: float64}
# meta: {SNID: '11156002', alt: 1024.0, c: -0.025648541748523712, dec: -42.410164, lat: -30.244573, lon: -70.7499537, ra: 73.458496, t0: 61049.265625,
#   x0: 5.88229451482034e-06, x1: 1.2296607494354248, z: 0.5734767913818359}
# schema: astropy-2.0
time band flux fluxerr zp zpsys pwv airmass
60947.3881 lsst_hardware_z -34.610794201313354 46.380001068115234 30.959999084472656 AB 7.372024038299058 1.0241767210751678
60959.3675 lsst_hardware_r 28.90355011664949 47.15999984741211 31.6299991607666 AB 4.528618603619045 1.0294654702475665
60959.3792 lsst_hardware_i -64.25515802843182 47.81999969482422 31.309999465942383 AB 4.876160573185068 1.0383646876457002
60961.3691 lsst_hardware_z -10.918788175397156 44.15999984741211 30.959999084472656 AB 5.673577475142838 1.0343805788774545
60961.3817 lsst_hardware_r 23.49853018040646 40.209999084472656 31.600000381469727 AB 5.914498821815426 1.0466287067448994
60963.3702 lsst_hardware_z -66.94850621960958 43.130001068115234 30.959999084472656 AB 6.120664581678415 1.0401922529406737
60963.3814 lsst_hardware_r -60.77427270237068 37.619998931884766 31.600000381469727 AB 7.492969070098988 1.0529748552696723
60965.3705 lsst_hardware_i -36.60433026266399 32.4900016784668 31.260000228881836 AB 5.120194223536414 1.0463077615659224
60968.357 lsst_hardware_r 0.04158200726565653 21.690000534057617 31.489999771118164 AB 0.7062455206626216 1.0406368182651595
60968.3685 lsst_hardware_u -2.3708558728171454 4.980000019073486 28.8799991607666 AB 0.6295682651450897 1.053964729597035
60974.356 lsst_hardware_r 16.636485706695858 21.889999389648438 31.489999771118164 AB 2.5295619408987706 1.0593544807281334
60974.3659 lsst_hardware_g 34.799331047184644 19.3799991607666 31.540000915527344 AB 2.556278812914387 1.0752338236521193
60976.3375 lsst_hardware_u -1.1876283975871416 2.640000104904175 28.450000762939453 AB 3.54633205146132 1.0430388386650942
60976.3482 lsst_hardware_r -16.1224245649843 21.690000534057617 31.479999542236328 AB 3.5462203082261503 1.0560513127533717
60979.2644 lsst_hardware_r 25.48672228268192 28.780000686645508 31.559999465942383 AB 3.92118301209081 1.031890266339687
60982.3298 lsst_hardware_r -48.406431958942285 41.689998626708984 31.610000610351562 AB 5.056012237756527 1.0533358828659432
60982.341 lsst_hardware_i 33.982953458950746 30.100000381469727 31.25 AB 5.23102584942863 1.069994719141301
60991.3293 lsst_hardware_z -73.6047964547128 42.77000045776367 30.940000534057617 AB 4.0322604568226135 1.094161985434533
60991.3404 lsst_hardware_r -28.715691413588345 29.489999771118164 31.530000686645508 AB 4.036483324944573 1.1196902427030715
60993.1729 lsst_hardware_z 13.115265609580177 59.13999938964844 31.690000534057617 AB 4.484998429989037 1.1117074518687193
60993.1845 lsst_hardware_r -36.05364707127395 30.690000534057617 32.22999954223633 AB 4.396762171443064 1.0865145398953207
60995.3158 lsst_hardware_g 9.503153991648775 13.0 31.3799991607666 AB 5.336481990104007 1.0888696275159613
60995.3287 lsst_hardware_i -62.20011171926258 30.5 31.239999771118164 AB 5.390970733736697 1.1177484707563512
60997.3165 lsst_hardware_z -23.875725439041922 41.380001068115234 30.940000534057617 AB 5.029276961161671 1.1019047568731566
60997.3281 lsst_hardware_r -12.763733839205624 21.790000915527344 31.459999084472656 AB 5.144738898284298 1.130256431097572
60999.3176 lsst_hardware_u 1.0568407310561774 2.509999990463257 28.299999237060547 AB 5.3928670940872685 1.1173067183882461
60999.3298 lsst_hardware_g -6.8830251910442195 12.949999809265137 31.350000381469727 AB 5.538167642764473 1.1504295061829974
61001.3 lsst_hardware_g -7.891471063937146 12.800000190734863 31.360000610351562 AB 4.9052022342631965 1.090044940947377
61001.3122 lsst_hardware_r 19.889616998476434 21.8799991607666 31.459999084472656 AB 5.028557090400875 1.1174571312001946
61004.2733 lsst_hardware_r -24.235325729916376 21.489999771118164 31.469999313354492 AB 6.90094047376518 1.0582235727453675
61004.2849 lsst_hardware_i 27.90045590826174 29.950000762939453 31.229999542236328 AB 7.055635524824304 1.0768537525963962
61006.2708 lsst_hardware_z 36.007677187950364 40.880001068115234 30.950000762939453 AB 4.670101290989015 1.0625740029932722
61006.2825 lsst_hardware_r 4.76096747041677 21.690000534057617 31.479999542236328 AB 4.7615502882077205 1.0824985499108184
61011.29 lsst_hardware_z -34.088739548141334 47.779998779296875 30.950000762939453 AB 7.79995543654799 1.1305921780762584
61011.3034 lsst_hardware_r -12.636127741369227 22.049999237060547 31.459999084472656 AB 7.659240484424103 1.1702132083864587
61015.2882 lsst_hardware_z 32.65522012580869 58.04999923706055 30.969999313354492 AB 6.007218825967056 1.1567173605839727
61015.3002 lsst_hardware_r 96.93180007210421 77.29000091552734 31.6200008392334 AB 5.236016811238735 1.1967354576856424
61020.1958 lsst_hardware_i 36.57439512084148 32.23976941706397 31.260000228881836 AB 10.370219135661001 1.026754369867426
61020.2078 lsst_hardware_z -0.11921975846465342 41.977236366291336 30.950000762939453 AB 10.445683721023729 1.0342261109924484
61022.1912 lsst_hardware_i 103.82950389983023 30.252431945966876 31.25 AB 11.361592791870246 1.02716043743461
61022.2021 lsst_hardware_u 3.473090850529833 3.216257303661004 28.510000228881836 AB 11.452500542572151 1.0340391442889396
61024.1852 lsst_hardware_g 60.87681187809422 19.41433094795475 32.130001068115234 AB 8.182427309641165 1.0269049208592855
61024.1984 lsst_hardware_r 155.67827553768876 33.24259670721987 32.22999954223633 AB 8.257257151265904 1.0354583786566685
61026.1911 lsst_hardware_i 209.84756065017433 33.18028081128144 31.239999771118164 AB 8.884900414352687 1.0339795856299496
61026.2045 lsst_hardware_r 221.69123803232975 26.561623510976318 31.469999313354492 AB 8.88341314360729 1.0469549963002112
61028.1958 lsst_hardware_u 0.9748352225877993 3.0266991540162334 28.459999084472656 AB 5.488704346480079 1.0433476770650258
61028.2071 lsst_hardware_g 123.35776120992296 16.94515957224842 31.389999389648438 AB 5.497168735182901 1.0572833828406656
61030.1376 lsst_hardware_r 768.6382636771174 34.187388086819226 31.479999542236328 AB 4.259057073611078 1.025290581032999
61030.1489 lsst_hardware_g 182.16098910721882 18.53945452534313 31.3700008392334 AB 4.277708405433139 1.022885797568824
61032.136 lsst_hardware_r 986.4732402325834 37.78692528726225 31.489999771118164 AB 4.941220114192543 1.0240870702989726
61032.1492 lsst_hardware_i 798.1745774522402 40.59319501728523 31.25 AB 5.072202413002218 1.0229651925382623
61038.168 lsst_hardware_i 1387.478067903709 52.1566386992246 31.280000686645508 AB 7.3219419851599605 1.0428259904090635
61038.1825 lsst_hardware_r 1817.7508004188112 53.85849458807504 31.579999923706055 AB 7.432599212410171 1.061193491206478
61040.1795 lsst_hardware_z 4338.562687174569 118.44106199532514 32.47999954223633 AB 6.9551683838493945 1.0649469275531152
61042.1142 lsst_hardware_r 2408.7630624386716 89.26082436446232 31.65999984741211 AB 5.140366535858562 1.0230603116446535
61042.1266 lsst_hardware_z 1235.8328776990254 65.32498977823883 30.979999542236328 AB 4.716291672096529 1.02368592528232
61043.1148 lsst_hardware_r 2312.0206470961243 93.39607862503821 31.65999984741211 AB 4.335257005290636 1.0228281244050101
61043.1262 lsst_hardware_i 1868.87093243019 75.83436394169804 31.329999923706055 AB 3.932900844141782 1.0242596117303944
61045.1182 lsst_hardware_z 2470.1778570874462 87.65469481154963 31.719999313354492 AB 10.692286517535313 1.0236424416838754
61045.131 lsst_hardware_i 3763.2386903391357 96.32428351792183 32.06999969482422 AB 11.659757905437614 1.0285147889946291
61048.1159 lsst_hardware_u 3.868613483404969 3.0031206899155314 28.459999084472656 AB 6.029682499801348 1.0253399557535452
61048.1295 lsst_hardware_g 698.8870143520977 35.32618912698863 31.6200008392334 AB 7.334111856695545 1.032828032206104
61054.0998 lsst_hardware_r 1805.701741497121 47.85365292004902 31.479999542236328 AB 7.044135896552448 1.0254468017108571
61054.1125 lsst_hardware_i 1623.224141849015 49.74221581783229 31.239999771118164 AB 6.916953117091588 1.0323810622524758
61056.0914 lsst_hardware_z 1200.3260828605084 53.25328299861052 30.950000762939453 AB 3.8755431275033527 1.0244628938681872
61056.1049 lsst_hardware_u 3.1987236731401323 2.7655472703376645 28.389999389648438 AB 3.8455371578293125 1.0309060137602875
61058.0765 lsst_hardware_r 1576.0553856362458 45.72096854390738 31.479999542236328 AB 3.989144415944722 1.0228575425499287
61058.089 lsst_hardware_g 312.789908886072 21.453535668978347 31.3799991607666 AB 4.051469795955612 1.0254938419175172
61060.0787 lsst_hardware_r 1603.3835942926426 44.48887221121769 31.479999542236328 AB 8.39962442378957 1.023980221318385
61060.0934 lsst_hardware_i 1430.4448639763332 47.473356922498326 31.239999771118164 AB 7.867323470826358 1.0305299762028173
61062.0762 lsst_hardware_z 1186.5016195983133 51.82742190875794 30.950000762939453 AB 11.068194607131645 1.0248328339936708
61062.0897 lsst_hardware_i 1421.3401177695655 46.647322741303014 31.25 AB 11.464859137773166 1.0317083588547311
61066.0756 lsst_hardware_r 1283.9796971935737 45.65019060026822 31.549999237060547 AB 12.303751473156451 1.029645715147617
61066.0892 lsst_hardware_i 1182.7412526290764 47.19035496670265 31.260000228881836 AB 14.201738915562958 1.0404458410874227
61070.0621 lsst_hardware_z 860.9018546520339 57.69819903810045 30.969999313354492 AB 11.456016106254578 1.0281754106058483
61070.0751 lsst_hardware_r 1011.5498026266592 66.58239636466665 31.639999389648438 AB 11.61747878746379 1.0374601524793525
61073.0639 lsst_hardware_i 1800.740774863829 94.93830166096626 32.08000183105469 AB 6.933801162596665 1.03489569590995
61073.0773 lsst_hardware_z 1739.8538358773371 89.20121874575115 31.729999542236328 AB 7.023655994986581 1.0483068649233702
61075.0622 lsst_hardware_i 822.5069776454367 52.6887402474547 31.299999237060547 AB 9.982610535258873 1.0381430489913033
61075.0765 lsst_hardware_z 707.670512260487 56.07351281095927 30.969999313354492 AB 10.209481322578881 1.0541993363244624
61313.39 lsst_hardware_z 62.817544596481504 59.13999938964844 30.979999542236328 AB 3.2783701769902196 1.0254520415985418
61315.3885 lsst_hardware_i 17.709598186833144 44.0 31.309999465942383 AB 2.144874632418764 1.0271568197391607
61321.3727 lsst_hardware_r -34.78515580680063 22.100000381469727 31.489999771118164 AB 4.5502009925821385 1.0274426447197362
61321.3849 lsst_hardware_i 9.046091382229521 41.45000076293945 31.299999237060547 AB 4.19189940370213 1.0355695902094815
61323.3849 lsst_hardware_r 38.83512414490621 33.5099983215332 31.59000015258789 AB 3.279894419744309 1.040548130520336
61326.3698 lsst_hardware_i 3.101086025369204 30.579999923706055 31.260000228881836 AB 5.646044117368257 1.0343897619605575
61326.3815 lsst_hardware_z 62.2594191591301 59.720001220703125 30.979999542236328 AB 5.8915339121792005 1.0456178741998758
61328.3687 lsst_hardware_r -21.611897506290674 22.15999984741211 31.489999771118164 AB 6.082515821273712 1.0381196110835154
61328.38 lsst_hardware_u -6.162859037738823 12.0 29.329999923706055 AB 7.249971579470547 1.050314600077827
61332.3612 lsst_hardware_i -18.126492615569152 30.100000381469727 31.25 AB 3.9971519617995925 1.0414221968299777
61332.3724 lsst_hardware_z -13.924914029519547 47.93000030517578 30.969999313354492 AB 4.029498594465444 1.0546125001873055
61334.368 lsst_hardware_r 8.118888960027299 23.459999084472656 31.510000228881836 AB 2.647617836772721 1.0560549789354379
61337.3549 lsst_hardware_r 42.13415919924005 43.09000015258789 31.610000610351562 AB 3.757614709291412 1.0496619142300465
61337.3657 lsst_hardware_i 27.01635526220416 33.40999984741211 31.260000228881836 AB 3.8023909514538654 1.0646978583499715
61340.3503 lsst_hardware_z 43.83072211862264 57.290000915527344 30.979999542236328 AB 3.212878440884773 1.0542669207169066
61340.3603 lsst_hardware_i -57.107897256002985 62.0099983215332 31.31999969482422 AB 3.2568779625908784 1.0691726090466307
61345.1315 lsst_hardware_z -49.53887746144125 46.36000061035156 30.90999984741211 AB 6.689604557834703 1.448828752576686
61348.2017 lsst_hardware_i -11.836640466764694 30.469999313354492 31.25 AB 5.216647556765083 1.109767598233956
61355.3254 lsst_hardware_u 1.0868930598003592 2.609999895095825 28.40999984741211 AB 2.123861990201606 1.0797468175911689
61355.3361 lsst_hardware_r -44.893678531059784 21.829999923706055 31.479999542236328 AB 2.7445857899163135 1.1014691642084131
61358.3222 lsst_hardware_i -79.95174960160634 30.079999923706055 31.239999771118164 AB 6.431539892561077 1.0893837155341575
61358.3334 lsst_hardware_z 133.9939499590664 41.779998779296875 30.940000534057617 AB 6.4081007425282435 1.1142100834648878
61360.329 lsst_hardware_z 18.85908093251307 41.63999938964844 30.940000534057617 AB 5.395199066792782 1.1168016698194476
61360.3406 lsst_hardware_r 22.420946046709258 22.219999313354492 31.459999084472656 AB 4.5645775937512845 1.1480566562221288
61362.3157 lsst_hardware_u 1.7777983152202521 2.549999952316284 28.350000381469727 AB 5.0222592315421 1.098642095276869
61362.3277 lsst_hardware_g -2.5652331164440936 12.850000381469727 31.360000610351562 AB 5.165130432359613 1.1273885042801732
61365.314 lsst_hardware_z 74.2298651023442 41.81999969482422 30.93000030517578 AB 4.620251173079286 1.1135147732914699
61365.3257 lsst_hardware_r 2.9405033554123943 21.989999771118164 31.450000762939453 AB 4.760818344088866 1.1444274865598236
61367.3007 lsst_hardware_r -50.33406236105485 65.1500015258789 31.6299991607666 AB 7.0493000929093785 1.0957461284315095
61367.3133 lsst_hardware_z 11.03201642313132 53.97999954223633 30.959999084472656 AB 7.295161207065644 1.125434653015205
61369.3013 lsst_hardware_z 48.0885864029896 59.90999984741211 30.969999313354492 AB 7.55090380890727 1.1092851195693114
61369.3135 lsst_hardware_i -4.844486456785999 65.56999969482422 31.309999465942383 AB 7.749885880517843 1.140779551117663
61371.2733 lsst_hardware_r -13.75889949179646 58.81999969482422 31.6299991607666 AB 4.6831294757456305 1.0653766651300733
61371.2858 lsst_hardware_z -36.691669338445095 51.0099983215332 30.959999084472656 AB 4.780704073838323 1.087574150904444
61373.2962 lsst_hardware_y -52.15481589594256 69.48999786376953 30.770000457763672 AB 5.033928843725608 1.1235821312930323
61375.298 lsst_hardware_r 2.482392851336089 29.799999237060547 31.540000915527344 AB 7.914999726716462 1.1432904415305487
61375.3095 lsst_hardware_i 39.032509510628834 34.349998474121094 31.25 AB 8.245973219131049 1.1791191447756504
61378.2855 lsst_hardware_i -30.44777153350634 30.6299991607666 31.239999771118164 AB 4.964872116539663 1.1313369298256573
61378.2966 lsst_hardware_z 13.312657217648665 42.43000030517578 30.940000534057617 AB 4.112823838371737 1.1637322815482396
61382.1958 lsst_hardware_i -27.468027599823916 29.420000076293945 31.25 AB 4.519505499413992 1.0237285235662248
61382.2083 lsst_hardware_u -2.0999204757803698 2.640000104904175 28.459999084472656 AB 4.540977376174553 1.0285921912168416
61384.1955 lsst_hardware_g -3.8837496895627406 12.789999961853027 31.40999984741211 AB 10.001196090978521 1.0252291804421818
61384.207 lsst_hardware_r -30.68539834650418 21.479999542236328 31.489999771118164 AB 9.944054976935405 1.0311487653660854
61386.1966 lsst_hardware_i -5.152083737043586 29.489999771118164 31.25 AB 13.057731074025194 1.028167801104346
61386.2081 lsst_hardware_r 17.573474419663956 21.3799991607666 31.479999542236328 AB 13.159086872537436 1.0361485726407431
61388.1891 lsst_hardware_u 0.8055695212500978 2.640000104904175 28.459999084472656 AB 7.806194977335886 1.0271309180705113
61388.202 lsst_hardware_g -1.957751969858131 12.760000228881836 31.389999389648438 AB 7.87063177525002 1.0356094441118449
61391.1914 lsst_hardware_r -13.593075469758356 21.479999542236328 31.489999771118164 AB 8.746647268642922 1.0336790154000541
61391.2041 lsst_hardware_i -7.0770651870025425 29.8799991607666 31.25 AB 8.95041396779039 1.0457109104614075
61393.1919 lsst_hardware_z 37.027784735502436 44.439998626708984 30.959999084472656 AB 5.463857327687397 1.0387561459481744
61393.2038 lsst_hardware_r 23.532868051449952 33.849998474121094 31.59000015258789 AB 5.49389785940719 1.051933468101964
61404.1705 lsst_hardware_g 1.494597253898747 17.920000076293945 31.520000457763672 AB 9.745560872946465 1.047909771284566
61404.1845 lsst_hardware_r 50.04209403966456 27.030000686645508 31.530000686645508 AB 9.927417710112998 1.0674642699046233
61408.1136 lsst_hardware_i -3.08020998343035 29.450000762939453 31.25 AB 4.39215415275005 1.022917997729269
61408.125 lsst_hardware_z 15.858975533240725 40.38999938964844 30.950000762939453 AB 3.9927422503150756 1.0237800641833528
61410.1118 lsst_hardware_r 8.108535153111196 21.219999313354492 31.479999542236328 AB 10.673806287500856 1.0228197803207777
61410.1253 lsst_hardware_g 1.5102765102328006 12.640000343322754 31.3799991607666 AB 11.66926042493701 1.0255309612160395
61412.1189 lsst_hardware_r -28.652984052994245 21.350000381469727 31.479999542236328 AB 8.993954896450164 1.0251857855294837
61412.1315 lsst_hardware_i 25.906897084068905 29.6299991607666 31.25 AB 8.21888525965226 1.031810339545824
61414.0954 lsst_hardware_z 49.09629291476127 40.220001220703125 30.950000762939453 AB 6.7028436450955375 1.023100609798603
61414.1078 lsst_hardware_i 11.052813663174549 29.43000030517578 31.25 AB 6.676209633221014 1.0236052946791405
61416.0957 lsst_hardware_u 1.934139377930663 2.700000047683716 28.510000228881836 AB 5.842395975284508 1.0228284270456107
61416.1106 lsst_hardware_g -2.362522962615468 12.699999809265137 31.389999389648438 AB 5.805792404015962 1.0262116489643769
61419.0952 lsst_hardware_r 4.009676132784406 22.799999237060547 31.5 AB 6.924553244333902 1.0238373451454759
61419.1078 lsst_hardware_i -23.924957781339167 30.06999969482422 31.25 AB 7.1069692079703914 1.0289020183337116
61421.1013 lsst_hardware_z -23.21435404061416 59.900001525878906 31.709999084472656 AB 3.8366737842118233 1.0283231799013195
61423.096 lsst_hardware_z 12.445281157755524 46.20000076293945 30.969999313354492 AB 4.046286252109872 1.0284118063565617
61423.11 lsst_hardware_r -26.310060527318175 45.380001068115234 31.6299991607666 AB 4.053321104172268 1.038780395738664
61427.0773 lsst_hardware_z -6.713264072162586 98.6500015258789 32.16999816894531 AB 11.069644703455872 1.0249671021718398
61427.0909 lsst_hardware_i -117.89941990029013 108.20999908447266 32.52000045776367 AB 11.572474412882118 1.0320663888713568
61431.0731 lsst_hardware_r -6.9706979147421455 21.450000762939453 31.489999771118164 AB 12.280242299071606 1.027850370292662
61431.0862 lsst_hardware_i 51.1132172990818 37.150001525878906 31.290000915527344 AB 14.167406892647763 1.0370062748519182
61435.0629 lsst_hardware_g -1.6252134731281014 12.829999923706055 31.40999984741211 AB 11.497195675979848 1.0282337500317353
61435.0758 lsst_hardware_r -16.657729498339684 21.479999542236328 31.489999771118164 AB 11.453078728758806 1.0374713696006408
61439.0616 lsst_hardware_i 8.422202586518573 29.799999237060547 31.260000228881836 AB 8.04004587811618 1.0346883570061516
61439.0744 lsst_hardware_u 0.38026037819802644 2.7799999713897705 28.559999465942383 AB 8.108167088005334 1.0472961880657885
