data/validation/pwv_sim_epoch_fit_seasonal/11175272.ecsv
# %ECSV 0.9
# ---
# datatype:
# - {name: time, datatype: float64}
# - {name: band, datatype: string}
# - {name: flux, datatype: float64}
# - {name: fluxerr, datatype: float64}
# - {name: zp, datatype: float64}
# - {name: zpsys, datatype: string}
# - {name: pwv, datatype: float64}
# - {name: airmass, datatype: float64}
# meta: {SNID: '11175272', alt: 1024.0, c: -0.0762617290019989, dec: -65.696335, lat: -30.244573, lon: -70.7499537, ra: 6.477273, t0: 60977.68359375,
#   x0: 3.821653034463625e-06, x1: -0.5276819467544556, z: 0.6845152974128723}
# schema: astropy-2.0
time band flux fluxerr zp zpsys pwv airmass
60860.3272 lsst_hardware_r 17.857289832681104 22.860000610351562 31.43000030517578 AB 9.411370878025783 1.3449618975385085
60860.3523 lsst_hardware_u -2.053464811453341 2.4600000381469727 28.200000762939453 AB 9.322753828209487 1.2920454338867837
60861.4404 lsst_hardware_r -15.334114389088933 27.829999923706055 31.510000228881836 AB 6.445680772587016 1.2271643546095814
60863.3962 lsst_hardware_z 11.293114989771361 61.31999969482422 31.68000030517578 AB 1.8957950886194315 1.232436267589424
60867.4221 lsst_hardware_r -60.0755719505848 95.45999908447266 31.610000610351562 AB 11.302004933801669 1.2266676845384152
60867.4344 lsst_hardware_i -66.83572790550859 76.83000183105469 31.299999237060547 AB 11.333639400610599 1.2312035849446625
60870.4284 lsst_hardware_z 13.634490520946185 55.72999954223633 30.950000762939453 AB 8.41974162189212 1.2323526835072078
60870.4396 lsst_hardware_i 35.56984208484332 60.5 31.290000915527344 AB 8.509580408757891 1.2398762115263018
60881.4237 lsst_hardware_i -40.723188826720666 31.760000228881836 31.219999313354492 AB 7.69908140048451 1.253360693579343
60881.4349 lsst_hardware_u -8.03348765911757 5.440000057220459 28.790000915527344 AB 7.817824561938666 1.2673271832929955
60886.4101 lsst_hardware_z -13.959759164494217 44.060001373291016 30.93000030517578 AB 5.899413976720447 1.2534165672918798
60886.4222 lsst_hardware_u 2.1652562331025087 2.930000066757202 28.399999618530273 AB 4.811139032629906 1.268648773656475
60890.4099 lsst_hardware_i 10.430091446706996 31.610000610351562 31.209999084472656 AB 3.494081482246916 1.2667364890321147
60890.4211 lsst_hardware_z -43.397371215481314 44.2599983215332 30.920000076293945 AB 2.700066711716011 1.2836067086836278
60894.3943 lsst_hardware_z -0.35242947002623454 58.88999938964844 30.950000762939453 AB 3.8949033031429288 1.2605884952319537
60894.4055 lsst_hardware_r 19.7800499710867 58.970001220703125 31.579999923706055 AB 4.0205042334664345 1.276181743197916
60896.3883 lsst_hardware_i -8.827835734514313 77.97000122070312 31.290000915527344 AB 5.0035331784749015 1.2599126687447293
60896.3995 lsst_hardware_r -51.79497197307853 97.83999633789062 31.600000381469727 AB 4.870174664551001 1.275359985479487
60908.3349 lsst_hardware_z -89.86715929298138 43.779998779296875 30.93000030517578 AB 2.315621280770113 1.2391284445592579
60908.3462 lsst_hardware_u -3.1623613936505164 2.5399999618530273 28.270000457763672 AB 2.2996573921623336 1.249304572680882
60912.3657 lsst_hardware_z 57.1268978002366 44.5 30.93000030517578 AB 2.5275719291777516 1.2915543838414674
60912.3768 lsst_hardware_r -45.45308875365052 22.920000076293945 31.440000534057617 AB 2.878189734510417 1.312743322467693
60919.3276 lsst_hardware_u -0.06554671925703368 2.440000057220459 28.190000534057617 AB 1.9481631164808277 1.2625814105514113
60919.3384 lsst_hardware_g -6.125991086620286 13.050000190734863 31.309999465942383 AB 1.049958496482108 1.2779695666683955
60934.2931 lsst_hardware_i -50.02323061474602 31.700000762939453 31.219999313354492 AB 3.4248548330105955 1.2714471598851362
60934.3047 lsst_hardware_z 40.660879740201224 44.060001373291016 30.920000076293945 AB 3.3718804776039257 1.2899313227250924
60941.2769 lsst_hardware_r 26.170601860220778 22.5 31.440000534057617 AB 2.1832845574718234 1.275779834907571
60941.2896 lsst_hardware_u 3.188254080454612 2.450000047683716 28.190000534057617 AB 2.2368901414496425 1.2971238860248833
60943.2855 lsst_hardware_g 20.59110019884717 13.010000228881836 31.290000915527344 AB 7.612749478774384 1.2996584684204933
60943.2979 lsst_hardware_r 48.647928918184476 22.920000076293945 31.43000030517578 AB 8.124131535662208 1.325018734749735
60947.2358 lsst_hardware_i -7.6173390740026425 31.306200028357363 31.209999084472656 AB 5.734512592158141 1.2454824547229777
60947.2483 lsst_hardware_z 34.50948384271963 43.57945661166742 30.920000076293945 AB 5.796799805386378 1.2590106543707462
60950.2471 lsst_hardware_r -49.70111685869008 50.48313565357444 31.56999969482422 AB 4.260109631041427 1.2681728454390218
60950.2592 lsst_hardware_z -21.789118769049132 52.17904167938451 30.940000534057617 AB 4.665412813672665 1.2868329371598577
60952.248 lsst_hardware_z -14.110877460633436 58.76069688730246 30.950000762939453 AB 3.3289302261156175 1.2775324670884074
60952.2605 lsst_hardware_i 75.5706605102553 59.75009018922055 31.270000457763672 AB 3.5293494270205787 1.2988681302861993
60959.2409 lsst_hardware_r 281.45418101688756 51.3931996964616 31.559999465942383 AB 4.6726944827136405 1.297970689642678
60959.2525 lsst_hardware_i 333.3584324234619 48.38399837889471 31.25 AB 5.423858387483512 1.3212809713721871
60968.2191 lsst_hardware_z 709.507488808645 50.72152204122421 30.920000076293945 AB 1.4433245181546237 1.3032275558958226
60968.2306 lsst_hardware_r 1026.1449307074076 39.279523643920804 31.43000030517578 AB 1.4909837395506806 1.3271867720947863
60970.1398 lsst_hardware_r 1130.89980494499 40.418838061948016 31.450000762939453 AB 4.585257332306823 1.2264965446854201
60970.1506 lsst_hardware_u 3.471077723289268 2.9408688527003815 28.219999313354492 AB 4.582854700067465 1.230048902923563
60976.2163 lsst_hardware_z 857.7625805829615 52.44023057476182 30.920000076293945 AB 3.6053013488750985 1.344927138351711
60976.2276 lsst_hardware_r 1194.3724992454534 41.140149904065225 31.43000030517578 AB 3.6593066985206057 1.3746456418184094
60978.1608 lsst_hardware_z 761.7780201495817 54.93204181671566 30.93000030517578 AB 7.015566895240167 1.2556386228000855
60978.1724 lsst_hardware_g 302.2667161945418 37.388099650053526 31.579999923706055 AB 6.533452151511749 1.2706876145565802
60979.1012 lsst_hardware_z 788.2755998021536 56.43756222526882 30.950000762939453 AB 6.102951838919959 1.2256153908864742
60979.1074 lsst_hardware_r 1253.213388851484 57.95077466650446 31.579999923706055 AB 6.168514165242133 1.2254920364045163
60981.1249 lsst_hardware_r 1168.008341739554 69.62919348495399 31.600000381469727 AB 6.882835980793516 1.2321950137180693
60981.1385 lsst_hardware_y 276.37452408537297 54.777070883252364 29.989999771118164 AB 4.8420654389407405 1.241555240754036
60982.164 lsst_hardware_z 849.3192020344903 62.198925423181734 30.940000534057617 AB 4.9916897477975635 1.2743926339503686
60982.1761 lsst_hardware_r 1182.6868704859387 75.63500512719487 31.579999923706055 AB 4.675818946758841 1.2943443451235543
60991.065 lsst_hardware_g 56.04028108666595 15.871918528232221 31.34000015258789 AB 5.6336887080286395 1.226047596959581
60991.0767 lsst_hardware_r 603.2695477652502 33.97313699885709 31.459999084472656 AB 5.483739567581579 1.2256449024209155
61001.055 lsst_hardware_z 537.9119846465379 48.49319468647686 30.93000030517578 AB 5.516779395009389 1.2264960860404959
61001.0676 lsst_hardware_u -1.828946777960139 2.554215615309749 28.280000686645508 AB 5.403408986376991 1.230844871612071
61011.1029 lsst_hardware_z 283.49811533344126 56.36446830846426 30.940000534057617 AB 8.266894513067127 1.3056427238326604
61011.1154 lsst_hardware_r 117.92496206331732 61.56075856499343 31.56999969482422 AB 8.435537875323567 1.3322776323227534
61223.444 lsst_hardware_z -19.366330496159392 77.6500015258789 30.969999313354492 AB 9.012541784760423 1.2259042792206511
61231.4066 lsst_hardware_i 13.412504335513631 31.520000457763672 31.229999542236328 AB 11.652353106083693 1.2259182647116864
61231.4177 lsst_hardware_y -7.631482567654985 48.79999923706055 29.989999771118164 AB 12.775493482148752 1.2253788439343694
61238.4212 lsst_hardware_z -50.80888422908199 43.34000015258789 30.93000030517578 AB 3.400569937584446 1.2324254553173672
61238.4334 lsst_hardware_u 1.6907705461630356 3.7100000381469727 28.540000915527344 AB 3.4293619007583107 1.2408365086416322
61242.4265 lsst_hardware_g -12.994096554338244 14.09000015258789 31.360000610351562 AB 7.778004400664476 1.2443313843401953
61242.4383 lsst_hardware_r -0.5357371596912957 28.489999771118164 31.5 AB 7.805123217683072 1.2567118653436495
61251.4183 lsst_hardware_z 122.97342226477161 96.12000274658203 31.709999084472656 AB 4.787128165159886 1.262372829559149
61253.4266 lsst_hardware_r -21.26283196759893 72.69000244140625 31.59000015258789 AB 8.601632716743115 1.282453999464719
61253.4377 lsst_hardware_i 112.98165910455265 69.01000213623047 31.280000686645508 AB 8.73486410040116 1.3021077181681002
61256.3998 lsst_hardware_i 58.360216309709834 41.959999084472656 31.25 AB 2.4788380988476746 1.2563801818792066
61256.411 lsst_hardware_z 21.218095956636404 48.869998931884766 30.93000030517578 AB 2.5739106359186437 1.2710669807005648
61260.3997 lsst_hardware_g -21.76143864896563 15.270000457763672 31.389999389648438 AB 1.7787284374180645 1.2705203124414748
61260.41 lsst_hardware_r 27.77792699236238 23.760000228881836 31.450000762939453 AB 1.8012724559097735 1.2866231827926955
61261.3997 lsst_hardware_i 66.7691511509647 31.8700008392334 31.219999313354492 AB 5.065842533442072 1.2745326736265556
61261.4105 lsst_hardware_r 5.778617769980033 23.010000228881836 31.440000534057617 AB 5.109446285989516 1.2922221259457551
61263.3966 lsst_hardware_u -0.8495615690989278 2.490000009536743 28.229999542236328 AB 7.686359807385564 1.2781486293529567
61263.4078 lsst_hardware_g 3.7651009746270687 13.149999618530273 31.31999969482422 AB 7.850553797685891 1.2972191012673007
61266.3716 lsst_hardware_g -4.6432389429238725 13.239999771118164 31.34000015258789 AB 4.393657335977486 1.255330667422139
61266.3818 lsst_hardware_r 17.844444953345636 22.84000015258789 31.450000762939453 AB 4.432303572852104 1.2683655953218211
61268.3961 lsst_hardware_z -7.356030037230004 44.459999084472656 30.920000076293945 AB 6.251010019243795 1.3008709264333376
61268.4073 lsst_hardware_r 8.224837843413813 22.8799991607666 31.43000030517578 AB 6.437028996722667 1.3238105905856385
61272.1517 lsst_hardware_y -22.330266570989554 73.16000366210938 30.65999984741211 AB 2.8139707996590664 1.5003843239984356
61272.166 lsst_hardware_g 9.245921503564082 26.5 31.479999542236328 AB 2.6502196388759587 1.4454429445737433
61276.3733 lsst_hardware_r 46.272891931696556 30.0 31.5 AB 4.162532359670163 1.2990660403120944
61276.3844 lsst_hardware_i 24.398777041729254 32.599998474121094 31.209999084472656 AB 5.028736468896107 1.3214969697519554
61278.3662 lsst_hardware_z 12.587837949220955 64.25 30.950000762939453 AB 3.038762081055798 1.296031595559766
61278.3769 lsst_hardware_r -125.89666280688934 78.08000183105469 31.59000015258789 AB 2.6715672312693353 1.3171243539536575
61281.3658 lsst_hardware_r -18.22516297371136 90.52999877929688 31.59000015258789 AB 9.18961736425561 1.3110855828209171
61281.3769 lsst_hardware_z 62.55818895768043 66.04000091552734 30.950000762939453 AB 9.985160881753352 1.335390631475573
61299.2979 lsst_hardware_r -9.584293667520964 22.780000686645508 31.440000534057617 AB 3.409289495132302 1.2775254166121541
61299.3093 lsst_hardware_i -3.8034270430258825 32.279998779296875 31.209999084472656 AB 3.450036223543763 1.2968435873486628
61303.2868 lsst_hardware_i -45.98990183764265 32.040000915527344 31.209999084472656 AB 8.813038745331912 1.2772519920770886
61303.3 lsst_hardware_z -75.70368926938062 44.849998474121094 30.920000076293945 AB 8.709098276209248 1.2998654143595894
61305.2849 lsst_hardware_r 6.151630075571193 56.029998779296875 31.579999923706055 AB 2.0045592948535376 1.282917948706264
61305.2969 lsst_hardware_z 29.85412384577222 52.959999084472656 30.940000534057617 AB 2.69051322471276 1.3043858555491725
61307.2822 lsst_hardware_y 154.38456256653757 54.5099983215332 29.969999313354492 AB 5.046905159590998 1.2875305479631782
61307.2942 lsst_hardware_r 137.71827787266668 75.75 31.579999923706055 AB 5.660562116726665 1.3098604921271813
61315.2486 lsst_hardware_g 0.811776937453685 33.720001220703125 31.59000015258789 AB 4.3048817018973144 1.269221405438878
61315.2606 lsst_hardware_i -74.40635819235169 39.119998931884766 31.25 AB 4.673666296809568 1.2879548871675282
61317.2496 lsst_hardware_z 63.059582697478014 43.959999084472656 30.93000030517578 AB 3.3415673230380696 1.2788648660965851
61317.2612 lsst_hardware_r -0.1282109374241563 22.68000030517578 31.450000762939453 AB 3.5811193714406975 1.2988011139507472
61326.2798 lsst_hardware_z -69.05885780812541 45.4900016784668 30.90999984741211 AB 7.812855482260455 1.4059484402124267
61326.2908 lsst_hardware_i 37.801485037767385 32.95000076293945 31.190000534057617 AB 8.065957528769975 1.442711139443078
61328.1829 lsst_hardware_r 11.070702000997265 22.3700008392334 31.450000762939453 AB 8.129292558908215 1.2372097035677616
61328.195 lsst_hardware_z -2.1230265905585077 43.5 30.93000030517578 AB 8.345135413238298 1.247528714356931
61330.1788 lsst_hardware_r -8.069758155033997 24.440000534057617 31.479999542236328 AB 8.112335796264588 1.2382094830218144
61330.19 lsst_hardware_y 61.03514717916466 49.560001373291016 29.979999542236328 AB 8.230489262627929 1.247989274090762
61337.2189 lsst_hardware_z 55.550321747903816 60.02000045776367 30.950000762939453 AB 2.3643912500005317 1.3238472844347882
61337.2291 lsst_hardware_r 3.511147384860498 76.81999969482422 31.579999923706055 AB 1.9502421464186765 1.3477831004966665
61340.2163 lsst_hardware_i -21.361169844845023 63.0 31.280000686645508 AB 4.12609036616052 1.3366019974608894
61340.2269 lsst_hardware_z -164.15394465500898 60.290000915527344 30.940000534057617 AB 4.15935494860168 1.3632759582441658
61358.1509 lsst_hardware_u -0.3777369880981462 2.5 28.229999542236328 AB 6.481760687833379 1.3019723180730243
61358.1621 lsst_hardware_g -9.508046453380166 13.1899995803833 31.309999465942383 AB 6.608243532917679 1.3250718087561557
61360.158 lsst_hardware_r 20.421371780136106 26.100000381469727 31.459999084472656 AB 7.745689344169507 1.3281170555123825
61360.1713 lsst_hardware_z 30.19088789179917 45.58000183105469 30.90999984741211 AB 7.5109066139605165 1.3606714880363255
61362.1556 lsst_hardware_r -3.926679404059905 38.06999969482422 31.530000686645508 AB 6.423096626515367 1.3351549397737588
61362.1682 lsst_hardware_y -2.12106140904844 51.459999084472656 29.940000534057617 AB 7.6857684892697185 1.3670069050696125
61363.0803 lsst_hardware_z -149.72948484916333 68.6500015258789 31.690000534057617 AB 5.826669555198008 1.2327444888375072
61365.0548 lsst_hardware_z -44.1177149217642 51.72999954223633 30.950000762939453 AB 4.72784569635445 1.2257831725057569
61365.0667 lsst_hardware_r -106.05324956352712 56.900001525878906 31.600000381469727 AB 4.732402762956272 1.2288763341876203
61367.0526 lsst_hardware_i 19.528988843675673 58.060001373291016 31.290000915527344 AB 8.362352758707116 1.2263312448609753
61367.0648 lsst_hardware_z 1.7313510237052498 56.4900016784668 30.950000762939453 AB 8.391912234357456 1.2303954599160554
61371.0567 lsst_hardware_g -6.0372158406410845 13.40999984741211 31.350000381469727 AB 4.4320000902536725 1.2317954669967155
61371.069 lsst_hardware_r -22.47292226298183 22.899999618530273 31.450000762939453 AB 4.502139252756244 1.2399171723371645
61375.1001 lsst_hardware_u -2.7347810874660157 2.5399999618530273 28.25 AB 11.492166079682015 1.293871434325814
61375.1119 lsst_hardware_g -16.367320841295424 13.4399995803833 31.31999969482422 AB 11.714384990998077 1.3169135491641244
