data/validation/pwv_sim_epoch_fit_seasonal/1120162.ecsv
# %ECSV 0.9
# ---
# datatype:
# - {name: time, datatype: float64}
# - {name: band, datatype: string}
# - {name: flux, datatype: float64}
# - {name: fluxerr, datatype: float64}
# - {name: zp, datatype: float64}
# - {name: zpsys, datatype: string}
# - {name: pwv, datatype: float64}
# - {name: airmass, datatype: float64}
# meta: {SNID: '1120162', alt: 1024.0, c: 0.053242359310388565, dec: -42.010422, lat: -30.244573, lon: -70.7499537, ra: 146.647064, t0: 61890.46484375,
#   x0: 6.056197450509054e-06, x1: 0.542293131351471, z: 0.5669719576835632}
# schema: astropy-2.0
time band flux fluxerr zp zpsys pwv airmass
[from data line 133]
62159.2816 lsst_hardware_g -13.806425569689326 12.779999732971191 31.3700008392334 AB 9.750665929527498 1.026385887318684
62161.264 lsst_hardware_r 28.585362587250064 21.579999923706055 31.489999771118164 AB 9.526174826667246 1.0224600227185945
62161.2767 lsst_hardware_i 36.032210761053875 29.68000030517578 31.25 AB 9.573809631130706 1.0266636483134206
62164.2663 lsst_hardware_z 13.936626992727458 52.47999954223633 30.979999542236328 AB 12.082515059651515 1.0256223524122727
62164.2789 lsst_hardware_r -7.41288268617302 63.720001220703125 31.649999618530273 AB 12.136403925763599 1.0333544808222397
62166.2628 lsst_hardware_z -121.86611749475352 63.77000045776367 31.0 AB 12.69703742422614 1.026541681594837
62166.2741 lsst_hardware_r -82.26029672323259 92.69999694824219 31.670000076293945 AB 12.883022701091171 1.0338813108613258
62168.2581 lsst_hardware_i -73.97372948572635 69.16000366210938 31.34000015258789 AB 10.662152007072498 1.026926696830991
62168.2713 lsst_hardware_z -48.068884880197494 61.93000030517578 30.989999771118164 AB 10.951837628485405 1.0361246573779948
62170.2657 lsst_hardware_r 48.18297269848215 60.72999954223633 31.649999618530273 AB 9.457324260187788 1.0360028036428628
62170.2782 lsst_hardware_z -16.4071134951179 52.529998779296875 30.979999542236328 AB 9.577791964548384 1.0491994410883383
62172.2426 lsst_hardware_y -31.559332324819344 47.869998931884766 30.059999465942383 AB 5.506862888338839 1.0248504134625631
62172.2543 lsst_hardware_g -39.36463064551891 34.470001220703125 31.690000534057617 AB 5.763376001934143 1.031292118087899
62174.2474 lsst_hardware_r 25.956576688256625 24.399999618530273 31.530000686645508 AB 6.057297528236866 1.0302986582401517
62174.2588 lsst_hardware_i -18.484724182051043 31.149999618530273 31.260000228881836 AB 4.564536399627623 1.0397577220108818
62176.2437 lsst_hardware_z -27.38791762103494 40.630001068115234 30.950000762939453 AB 5.50919472085198 1.0315234303358365
62176.2564 lsst_hardware_r -16.64921129127845 21.780000686645508 31.489999771118164 AB 5.4993466192991125 1.0429255868194816
62180.1945 lsst_hardware_g 3.3630509058370093 13.100000381469727 31.40999984741211 AB 4.163604885971984 1.0237533528330425
62180.2045 lsst_hardware_i 44.86234435998374 29.690000534057617 31.25 AB 4.158559147349458 1.0220101123985004
62182.1933 lsst_hardware_z -4.025238688177087 40.59000015258789 30.950000762939453 AB 3.9724517066527127 1.022685584824349
62182.2047 lsst_hardware_r 6.647307181320627 21.75 31.5 AB 3.972278047711851 1.022202276817241
62186.1938 lsst_hardware_r 17.68198784196991 21.899999618530273 31.5 AB 3.2904807980188946 1.022205901838737
62186.2054 lsst_hardware_i 3.0528771716540453 29.809999465942383 31.260000228881836 AB 3.2280663608241302 1.025271196069205
62188.1863 lsst_hardware_z -25.43532901965871 40.54999923706055 30.950000762939453 AB 6.279403765241635 1.022038373248964
62188.1985 lsst_hardware_r -2.1890809259928012 21.93000030517578 31.5 AB 6.276262320680979 1.024695889090746
62190.1853 lsst_hardware_z -20.12539583413718 42.61000061035156 30.959999084472656 AB 11.36599207938218 1.022550717871605
62190.1969 lsst_hardware_r 13.333792501396191 28.43000030517578 31.559999465942383 AB 11.231200937428609 1.0263678205277758
62192.1855 lsst_hardware_i -8.384319406429581 46.040000915527344 31.309999465942383 AB 9.686440885901717 1.0239637290522179
62192.197 lsst_hardware_z 50.68400648728028 48.459999084472656 30.969999313354492 AB 9.611964360963789 1.0294856509422123
62194.1846 lsst_hardware_r -68.39868983590361 85.2300033569336 31.65999984741211 AB 6.8305687076821995 1.0257264268021473
62194.1968 lsst_hardware_z -72.66101102231958 61.540000915527344 30.989999771118164 AB 6.875795210195115 1.0332161554070451
62196.1767 lsst_hardware_y -69.77889298022471 99.33999633789062 31.25 AB 3.94481148572334 1.0247150798484734
62196.196 lsst_hardware_r 1.5026973633808165 106.01000213623047 31.65999984741211 AB 4.021090275495763 1.0371654050801418
62199.1682 lsst_hardware_r -81.69681376954382 58.34000015258789 31.639999389648438 AB 6.631889667576129 1.0245992894596965
62199.18 lsst_hardware_i 174.8112325994601 50.290000915527344 31.309999465942383 AB 6.700123230952613 1.0308939220872828
62204.1566 lsst_hardware_i 26.48990020652951 29.75 31.25 AB 9.813314069079073 1.0254246676153682
62204.1689 lsst_hardware_z -3.749496848748357 40.58000183105469 30.950000762939453 AB 9.202911592984762 1.032758567274669
62206.1524 lsst_hardware_r 13.67233088860691 31.030000686645508 32.25 AB 7.783142103707504 1.0259876224238733
62206.1653 lsst_hardware_u 2.1966791432652584 2.75 28.530000686645508 AB 7.968410250046238 1.0342316669610656
62208.1621 lsst_hardware_g -2.6803692124819354 13.270000457763672 31.420000076293945 AB 14.506123852564778 1.036151703754627
62208.1735 lsst_hardware_r -19.405612595626867 22.030000686645508 31.5 AB 14.528663450574278 1.0480550730802063
62213.1436 lsst_hardware_r -7.954370057793568 22.040000915527344 31.510000228881836 AB 6.303982457554016 1.0322129366824704
62213.1563 lsst_hardware_g -17.389588344973827 13.420000076293945 31.440000534057617 AB 6.3962720345002815 1.0439484306349407
62216.1285 lsst_hardware_u 2.687776727066781 2.809999942779541 28.579999923706055 AB 5.298772018422056 1.027723682254157
62216.1408 lsst_hardware_r -4.235228442596807 22.079999923706055 31.510000228881836 AB 5.31060532140925 1.0366370696528835
62218.1173 lsst_hardware_i 14.869147837818096 32.130001068115234 31.270000457763672 AB 6.2523999502866126 1.0249835984076414
62218.1286 lsst_hardware_z 65.93271649768462 41.599998474121094 30.959999084472656 AB 7.636986289952203 1.031235489483576
62222.1122 lsst_hardware_y -2.101091889108826 50.959999084472656 30.06999969482422 AB 6.584247291172839 1.027771573626022
62222.1235 lsst_hardware_r -1.196691832056206 67.16999816894531 31.65999984741211 AB 6.655201396695666 1.0358290111588584
62224.1148 lsst_hardware_i -69.24896824063755 80.19999694824219 31.34000015258789 AB 7.107609714484881 1.0331578914870094
62224.1262 lsst_hardware_z 46.86400263323193 69.38999938964844 31.0 AB 6.869081334004655 1.0438804519534959
62226.1051 lsst_hardware_r 142.7080655432482 89.56999969482422 31.65999984741211 AB 5.262110320228472 1.0301031621980696
62226.1164 lsst_hardware_z -39.642169922304824 63.220001220703125 30.989999771118164 AB 5.260909142417638 1.0393630179290425
62228.1076 lsst_hardware_r 3.356445180318434 55.04999923706055 31.639999389648438 AB 8.96843426432944 1.0362541516325805
62228.1185 lsst_hardware_i 20.83535401370766 48.13999938964844 31.309999465942383 AB 9.006488368708807 1.0475909237797154
62230.0963 lsst_hardware_z 57.9083928991701 40.5099983215332 30.940000534057617 AB 6.189429438623482 1.0315715731039137
62230.1085 lsst_hardware_i -13.608553312836603 34.29999923706055 31.270000457763672 AB 6.254720260615706 1.0424533767692843
62232.1009 lsst_hardware_u -0.8047856441748936 2.5999999046325684 28.399999618530273 AB 10.019248616981352 1.0402403824518316
62232.1128 lsst_hardware_g 9.835122254106578 13.010000228881836 31.3799991607666 AB 10.25267154286881 1.0542592846138155
62236.0933 lsst_hardware_z -11.639132169711166 40.790000915527344 30.940000534057617 AB 5.314879518776218 1.0437363634555463
62236.1046 lsst_hardware_u -2.3318996785143846 2.609999895095825 28.399999618530273 AB 5.368083849090788 1.0580632401874028
62238.0372 lsst_hardware_z 20.650671733317292 40.5099983215332 30.950000762939453 AB 5.0311324376661615 1.023454640650855
62238.0494 lsst_hardware_r 23.87251774835893 21.65999984741211 31.489999771118164 AB 6.379524071831478 1.0220320525202624
62242.0361 lsst_hardware_u -1.041407283728741 2.630000114440918 28.450000762939453 AB 15.95724465160152 1.0219994973405826
62242.0479 lsst_hardware_r 7.42110970767452 21.600000381469727 31.489999771118164 AB 17.00695888397091 1.0236420053551232
62246.0351 lsst_hardware_r -9.666443235284467 23.739999771118164 31.510000228881836 AB 7.10463735205718 1.0231332592248472
62246.0465 lsst_hardware_z -10.81886528112224 40.95000076293945 30.950000762939453 AB 6.960502483536447 1.0276838156705224
62250.0282 lsst_hardware_i 39.568745153334724 47.70000076293945 31.309999465942383 AB 9.043560545656048 1.0243404680573942
62250.0401 lsst_hardware_z 59.030044280519014 49.43000030517578 30.969999313354492 AB 9.107250900236114 1.030465139198474
62257.0081 lsst_hardware_i 7.166040154001916 39.18000030517578 31.290000915527344 AB 10.90685214722616 1.0240053966444516
62257.0209 lsst_hardware_z 1.3590983953668865 65.05999755859375 31.709999084472656 AB 10.98157323375217 1.0304079975371496
62257.0339 lsst_hardware_i -45.991780594116406 42.95000076293945 31.299999237060547 AB 11.086125754440797 1.041537556786997
62259.0067 lsst_hardware_r 3.336937413367016 21.469999313354492 31.479999542236328 AB 14.052180142670819 1.0255568634265668
62259.018 lsst_hardware_u -1.054412129898875 2.559999942779541 28.3799991607666 AB 14.06752783990777 1.0322265750207487
62261.0029 lsst_hardware_g -5.192937412925449 12.970000267028809 31.40999984741211 AB 10.284577300304246 1.0263195642715257
62261.015 lsst_hardware_r -26.413619785608503 21.670000076293945 31.489999771118164 AB 10.439700043031733 1.0341456209045798
62263.9934 lsst_hardware_i 63.667186160008974 29.670000076293945 31.260000228881836 AB 10.07446722290097 1.0257129605967237
62264.0051 lsst_hardware_z 1.4256935377895465 40.619998931884766 30.950000762939453 AB 10.08353317470411 1.0327961599218958
62268.0151 lsst_hardware_r -0.8751024426729934 21.75 31.479999542236328 AB 10.701736341541096 1.055085905702563
62268.0262 lsst_hardware_i -27.479392808317254 30.09000015258789 31.25 AB 10.872413311656535 1.0722565459361952
62269.993 lsst_hardware_z 16.237410274191852 40.65999984741211 30.950000762939453 AB 7.535886952891111 1.036335588295821
62270.0043 lsst_hardware_i -9.167832775714714 29.889999389648438 31.25 AB 6.168816795572395 1.0481826253043447
62271.995 lsst_hardware_u -0.8228667657614276 2.619999885559082 28.420000076293945 AB 7.706999317017731 1.043743136107581
62272.0073 lsst_hardware_g -3.156007309087561 13.039999961853027 31.389999389648438 AB 5.549265250368061 1.0595255847957796
