data/validation/pwv_sim_epoch_fit_seasonal/11258416.ecsv
# %ECSV 0.9
# ---
# datatype:
# - {name: time, datatype: float64}
# - {name: band, datatype: string}
# - {name: flux, datatype: float64}
# - {name: fluxerr, datatype: float64}
# - {name: zp, datatype: float64}
# - {name: zpsys, datatype: string}
# - {name: pwv, datatype: float64}
# - {name: airmass, datatype: float64}
# meta: {SNID: '11258416', alt: 1024.0, c: -0.06870977580547333, dec: -24.460293, lat: -30.244573, lon: -70.7499537, ra: 243.28125, t0: 60497.01171875,
#   x0: 3.5820182426927998e-06, x1: -0.351370632648468, z: 0.7028916478157043}
# schema: astropy-2.0
time band flux fluxerr zp zpsys pwv airmass
60365.2954 lsst_hardware_i -74.63022243642952 70.43000030517578 31.25 AB 13.280263459664878 1.475584828851653
60365.3153 lsst_hardware_z 144.47984184009198 63.4900016784668 30.950000762939453 AB 11.953462142954182 1.3281624603282425
60369.2926 lsst_hardware_y -16.57754850504231 57.66999816894531 29.920000076293945 AB 5.831626363847601 1.4097404586255458
60369.3126 lsst_hardware_r -22.703761408279604 78.9000015258789 31.59000015258789 AB 5.2919546542251235 1.2794861349673898
60372.2942 lsst_hardware_i 86.14747817863257 57.54999923706055 31.260000228881836 AB 9.828167399255923 1.3409055732663788
60372.3141 lsst_hardware_z -85.12560707713382 57.0099983215332 30.950000762939453 AB 8.808607227435326 1.2294796883851387
60375.3016 lsst_hardware_r 9.164054504540863 26.8700008392334 31.489999771118164 AB 11.221392438136336 1.2508054289369621
60375.3222 lsst_hardware_g 13.300102658367528 18.170000076293945 31.479999542236328 AB 10.427148573236517 1.1605492958265766
60378.2912 lsst_hardware_r -2.3840184640382427 25.81999969482422 31.489999771118164 AB 11.918312152920727 1.2622990603352904
60378.3128 lsst_hardware_i -33.69671295370642 33.0099983215332 31.239999771118164 AB 10.013938827788763 1.1650888688526777
60381.3085 lsst_hardware_u -0.3997639354515521 2.890000104904175 28.469999313354492 AB 15.876944778081885 1.1507951131143517
60381.3283 lsst_hardware_g 15.386467826651156 16.030000686645508 31.479999542236328 AB 15.11388478281176 1.0905662330882482
60382.3052 lsst_hardware_g 4.563091759580836 15.850000381469727 31.440000534057617 AB 12.200255963570003 1.1528345556706618
60382.3129 lsst_hardware_r 13.34416613927217 25.100000381469727 31.5 AB 11.90688004214426 1.1267985276941723
60386.3492 lsst_hardware_g -5.397206936333467 15.960000038146973 31.479999542236328 AB 7.677114028657557 1.0266952896900778
60386.3678 lsst_hardware_r 20.75761541314869 24.799999237060547 31.530000686645508 AB 7.556355805578047 1.010241760162846
60388.2309 lsst_hardware_r -1.6156011421280663 25.84000015258789 31.43000030517578 AB 7.401865934312683 1.4905836851055094
60388.247 lsst_hardware_g 4.917228912469017 15.609999656677246 31.360000610351562 AB 6.781245108775436 1.3644356355685408
60394.2494 lsst_hardware_z 97.1328296223667 68.55000305175781 30.959999084472656 AB 8.147027643399083 1.2524896448804574
60394.2664 lsst_hardware_r 118.00279142940552 96.77999877929688 31.6200008392334 AB 8.346841259903144 1.175611445056781
60398.2622 lsst_hardware_z -15.479384730995397 113.58000183105469 31.729999542236328 AB 7.618132651108686 1.150398809721192
60400.2517 lsst_hardware_r 62.3791100238221 79.08999633789062 31.6200008392334 AB 5.495335147874895 1.1690544209065867
60400.2722 lsst_hardware_i -46.55156322817994 67.08000183105469 31.31999969482422 AB 5.08516624219067 1.1017982613442405
60402.2517 lsst_hardware_z -69.4518230499429 65.95999908447266 31.690000534057617 AB 6.806711992951232 1.1489091050639264
60402.2694 lsst_hardware_r -13.454581678740013 52.97999954223633 32.33000183105469 AB 6.548108593580895 1.0946353382783174
60404.2563 lsst_hardware_u -2.5622541031442125 2.7699999809265137 28.389999389648438 AB 7.7324542785712325 1.1161163797013904
60404.2745 lsst_hardware_g 1.7024252885183129 16.209999084472656 31.479999542236328 AB 7.291481099172662 1.0693411858387751
60419.1552 lsst_hardware_i 23.19432690066466 48.22999954223633 31.229999542236328 AB 9.215701700553849 1.4165834527604004
60419.1738 lsst_hardware_z 75.94760538661811 51.27000045776367 30.940000534057617 AB 4.2616770445990895 1.2924616997368852
60421.1537 lsst_hardware_r 62.72720349009808 75.33000183105469 31.56999969482422 AB 14.06695447934468 1.3870342376162577
60421.1736 lsst_hardware_z -7.316723220822251 58.66999816894531 30.950000762939453 AB 11.728652265132402 1.2633868977360265
60423.2994 lsst_hardware_z 23.046469591015143 105.0 31.75 AB 8.973804141055556 1.0082926001186017
60425.1512 lsst_hardware_r -218.27246435565237 163.42999267578125 31.59000015258789 AB 11.542799334555877 1.3300198956701348
60425.1695 lsst_hardware_i -62.25518691835734 125.98999786376953 31.309999465942383 AB 7.893187080756656 1.2290217077007302
60428.1327 lsst_hardware_z -211.65085365197336 107.3499984741211 31.700000762939453 AB 11.44705996041129 1.4008945951245266
60428.1505 lsst_hardware_r -52.63609899509706 131.72000122070312 32.349998474121094 AB 10.488329037631532 1.285216314386733
60431.1587 lsst_hardware_r -12.227572987453465 25.059999465942383 31.5 AB 9.000686903508447 1.203461278714861
60431.1779 lsst_hardware_i 18.768987819320614 35.54999923706055 31.270000457763672 AB 8.938361199793409 1.130722479417256
60442.1258 lsst_hardware_i -0.8557895108250644 33.099998474121094 31.229999542236328 AB 8.50115881901048 1.2163191785971998
60442.1551 lsst_hardware_z 25.019649300363824 42.720001220703125 30.940000534057617 AB 7.699518909195686 1.1086420315616539
60444.1606 lsst_hardware_i -18.5273204800451 32.189998626708984 31.25 AB 7.4316005328209345 1.0799782790657126
60444.1808 lsst_hardware_u 4.108012956738486 2.8499999046325684 28.479999542236328 AB 6.767575951786181 1.0405385398725662
60446.155 lsst_hardware_g -24.01446201313025 29.100000381469727 31.6299991607666 AB 8.853130277911138 1.0803087587444953
60446.1744 lsst_hardware_r 6.8800639171479245 30.969999313354492 31.559999465942383 AB 7.095459988409738 1.0420197750748745
60447.2055 lsst_hardware_y -78.7687413862498 47.61000061035156 30.049999237060547 AB 7.4018208142370945 1.0080791030626364
60447.223 lsst_hardware_r 22.977352998761503 33.040000915527344 31.579999923706055 AB 8.035851118918943 1.0052038801537349
60455.0523 lsst_hardware_i -215.10312699842513 122.02999877929688 31.270000457763672 AB 7.587676498783777 1.4534386550682457
60455.0756 lsst_hardware_z 249.35211713813456 98.56999969482422 30.969999313354492 AB 6.750128663348828 1.291952469180132
60459.0478 lsst_hardware_z -111.36385383600725 46.15999984741211 30.920000076293945 AB 15.377318515882394 1.4028480149508065
60459.0668 lsst_hardware_r -24.187455187640335 25.459999084472656 31.479999542236328 AB 13.93684732210248 1.2799602628555338
60461.0581 lsst_hardware_g -17.659086359931145 15.680000305175781 31.3799991607666 AB 9.60536617213576 1.2984318711489247
60461.0771 lsst_hardware_r 15.825847815821746 25.280000686645508 31.489999771118164 AB 8.834320958203808 1.2021119823382511
60463.0368 lsst_hardware_r 1.2938301515245187 25.581399397051655 31.450000762939453 AB 12.60343952136086 1.4034359416909972
60463.0548 lsst_hardware_i 7.938996061679041 33.460301412663256 31.219999313354492 AB 11.491129483216495 1.2860085594780926
60465.0577 lsst_hardware_r -11.859775730428995 25.418166640271366 31.479999542236328 AB 11.80545272067664 1.2416445299804522
60465.0782 lsst_hardware_g -19.880351915257265 15.845120949181979 31.440000534057617 AB 10.981966636168796 1.1542549805033244
60467.0435 lsst_hardware_u 1.3667392622571037 2.7176405310586973 28.239999771118164 AB 4.942009540151072 1.2881557513752304
60467.0633 lsst_hardware_r -1.7204064727390165 25.208206240576903 31.479999542236328 AB 4.538845769991348 1.1910636410132778
60468.1364 lsst_hardware_r 20.33422797416222 24.98690622351601 31.520000457763672 AB 3.1020404025961876 1.0155086433640945
60468.1554 lsst_hardware_i -21.269032829932115 31.6992348601158 31.260000228881836 AB 3.05100606367627 1.0057156566343395
60483.0691 lsst_hardware_z 380.3269791368383 93.23985406257198 31.0 AB 3.147544862159866 1.0491816207199554
60483.088 lsst_hardware_i 557.7625714427328 108.93241314232775 31.350000381469727 AB 3.2722109914995148 1.0225659348435983
60487.9517 lsst_hardware_z 707.6099735696448 82.78846645954553 30.93000030517578 AB 10.760393731154332 1.548480893819809
60487.9707 lsst_hardware_g 282.2794078060673 22.181008072853093 31.350000381469727 AB 8.883903624490365 1.3875318030752597
60491.9527 lsst_hardware_y 450.12550569308274 87.01622865227937 29.920000076293945 AB 13.264158110640757 1.4417563163739955
60491.9714 lsst_hardware_r 1083.3138513153299 41.52188336954434 31.459999084472656 AB 12.189053260206691 1.3106508881942678
60493.0761 lsst_hardware_r 1151.9579816588173 41.47769440163345 31.520000457763672 AB 6.3734573377248 1.0099899379689765
60493.098 lsst_hardware_i 1213.2576689954699 46.35922535079961 31.260000228881836 AB 6.511170430024424 1.0052756569437442
60493.9541 lsst_hardware_y 466.5531505871439 74.45119220763864 29.940000534057617 AB 12.2014467839423 1.389106309127809
60493.9733 lsst_hardware_g 246.1612708197982 21.675255278461698 31.3700008392334 AB 10.40839704178264 1.2686591756446446
60497.9566 lsst_hardware_y 278.9599641618436 72.65533510607969 29.979999542236328 AB 2.17302864057082 1.3012147548326651
60497.9753 lsst_hardware_u 1.693589646616659 2.8759379110425085 28.350000381469727 AB 1.719361439565951 1.2055119646387036
60499.9571 lsst_hardware_z 785.6005554998965 68.84004311072104 30.950000762939453 AB 9.11130573349573 1.2676746258153482
60499.976 lsst_hardware_r 968.6831253888564 40.2773944441588 31.5 AB 9.402223815493247 1.1795538596779886
60501.9588 lsst_hardware_y 257.31554108835826 69.03840853900964 29.989999771118164 AB 13.063463071703485 1.2312406288127695
60501.9782 lsst_hardware_z 733.8874911985221 50.97954317532529 30.940000534057617 AB 12.212559306891912 1.1505724310107577
60503.0644 lsst_hardware_y 306.43805636398395 50.02284682800459 30.059999465942383 AB 6.242869653464095 1.0050772223029192
60503.087 lsst_hardware_g 177.50745888966097 22.995065840175418 31.56999969482422 AB 6.989681299482373 1.0116289028583436
60504.9616 lsst_hardware_y 399.5263713318796 62.849164340991216 30.020000457763672 AB 7.684549402816694 1.1825719155890166
60504.9811 lsst_hardware_z 688.5863849281859 53.17735945103138 30.950000762939453 AB 7.320284653113794 1.114438879988906
60508.0463 lsst_hardware_z 830.2538776136823 75.03858040616903 31.0 AB 2.2024618663529876 1.0056903499328709
60508.0689 lsst_hardware_r 661.1832131420824 98.8298737892648 31.65999984741211 AB 2.19267220934619 1.0090530185670457
60511.9643 lsst_hardware_z 465.40675400991194 81.45506270701082 30.989999771118164 AB 5.930809960367633 1.1076999147768343
60511.9831 lsst_hardware_i 864.8622416502666 86.3068604322236 31.329999923706055 AB 5.782012253795111 1.062056437249982
60514.9664 lsst_hardware_y 242.81060839895244 55.82022235419944 30.040000915527344 AB 5.325750403473323 1.080785443443142
60514.9843 lsst_hardware_r 490.4065053432434 32.43107629080917 31.520000457763672 AB 5.1352031447986235 1.0447845532897624
60520.0029 lsst_hardware_u -0.30570753206472456 2.7868189030003845 28.450000762939453 AB 5.165449915936769 1.0096986315562997
60520.0242 lsst_hardware_g 55.55848172713045 16.517099943969214 31.469999313354492 AB 5.152824190872235 1.0052656525844061
60728.2945 lsst_hardware_r 29.44642189076181 39.04999923706055 31.479999542236328 AB 17.149462085630162 1.5404169662831368
60728.3127 lsst_hardware_i -15.806006665296609 41.709999084472656 31.229999542236328 AB 15.504191870386624 1.3873686826144045
60732.2914 lsst_hardware_g 3.9607364185515483 16.440000534057617 31.329999923706055 AB 9.508191490051093 1.4690515769765298
60732.3115 lsst_hardware_r 6.611468002166668 26.75 31.469999313354492 AB 8.687014641153 1.3221573701719553
60734.2937 lsst_hardware_i 31.186188410973518 35.290000915527344 31.209999084472656 AB 7.369448750721911 1.4067189216362512
60734.3143 lsst_hardware_z 50.644171802113625 45.619998931884766 30.93000030517578 AB 6.693164840215294 1.2739785563103105
60737.3197 lsst_hardware_u 1.078666876722683 2.75 28.329999923706055 AB 7.351783643667223 1.206892168376791
60737.3391 lsst_hardware_g 17.388952267812417 16.360000610351562 31.459999084472656 AB 6.7631436155862 1.132601922895981
60739.315 lsst_hardware_r -33.721803944439955 25.649999618530273 31.489999771118164 AB 11.67672812297384 1.2035382522133415
60739.3353 lsst_hardware_z 26.75251451201293 43.099998474121094 30.940000534057617 AB 10.903957446682067 1.12724733892317
60741.2941 lsst_hardware_i 49.654289242144564 33.90999984741211 31.219999313354492 AB 11.481499405592663 1.2799887854618353
60741.3148 lsst_hardware_r 8.550557190366062 25.579999923706055 31.489999771118164 AB 10.535524636592294 1.1813775102705109
60743.293 lsst_hardware_u -0.7847231872657435 2.700000047683716 28.270000457763672 AB 9.047038933119017 1.2565331851554191
60743.3135 lsst_hardware_g 7.857666352391583 16.25 31.440000534057617 AB 8.38866203808235 1.1650919497336596
60750.3216 lsst_hardware_i 69.40300504604124 73.95999908447266 31.31999969482422 AB 8.40137051130571 1.081837602056768
60750.3436 lsst_hardware_z -121.56222067437925 64.87999725341797 30.989999771118164 AB 7.799776999716494 1.038965932893746
60752.2426 lsst_hardware_i -243.5660903647559 85.62999725341797 31.270000457763672 AB 8.388181893971456 1.4217257447409248
60752.2961 lsst_hardware_z 5.113643032231152 100.87000274658203 31.729999542236328 AB 6.85243371725658 1.1394136543492817
60752.3511 lsst_hardware_r 113.0493989649344 90.44999694824219 31.65999984741211 AB 7.5710243192128575 1.0222480093452173
60759.3577 lsst_hardware_r 26.98852204481313 25.40999984741211 31.549999237060547 AB 6.654262012192538 1.0058085923455231
60759.3769 lsst_hardware_g -9.936860572770804 17.360000610351562 31.540000915527344 AB 7.459675079382829 1.007292849536323
60760.251 lsst_hardware_g 16.874044240475545 15.670000076293945 31.40999984741211 AB 8.76386548645137 1.2343472516128693
60760.269 lsst_hardware_r -36.75861372550449 25.100000381469727 31.5 AB 8.221509641106431 1.1579591043811874
60762.2531 lsst_hardware_i 34.87699271299934 32.81999969482422 31.25 AB 9.121762645197311 1.1996531469726144
60762.2723 lsst_hardware_z 9.814632693971257 42.900001525878906 30.950000762939453 AB 8.593930613612315 1.127911096370518
60764.2537 lsst_hardware_r 15.129510441788856 24.90999984741211 31.510000228881836 AB 7.912184396300827 1.1746262294863348
60764.2709 lsst_hardware_u 0.29272722328817385 2.890000104904175 28.510000228881836 AB 7.527366148891155 1.115371905744198
60771.2527 lsst_hardware_u 1.8779261563922691 2.819999933242798 28.459999084472656 AB 16.24503780132074 1.11267382200827
60771.2697 lsst_hardware_g -11.61063733804824 15.270000457763672 31.450000762939453 AB 15.613651948382522 1.0694282156426385
60773.2543 lsst_hardware_r 34.09294450622903 41.290000915527344 31.600000381469727 AB 9.449174833423207 1.0931167924832355
60773.2726 lsst_hardware_i -17.77422977843803 39.189998626708984 31.290000915527344 AB 9.112325238140626 1.0527177955337872
60775.2493 lsst_hardware_z 37.98076785480658 53.86000061035156 30.969999313354492 AB 5.319120903179948 1.0919229991473822
60775.2654 lsst_hardware_r -62.73705720417009 64.7300033569336 31.639999389648438 AB 4.391052317715689 1.0559644852222096
60778.2414 lsst_hardware_z -119.32442279524817 79.08999633789062 30.989999771118164 AB 13.342521255610631 1.0911747612472233
60778.2615 lsst_hardware_r -78.49564851592804 118.30999755859375 31.65999984741211 AB 12.454795833327944 1.048170265588056
60780.2362 lsst_hardware_i -105.12432882921075 113.30999755859375 31.34000015258789 AB 10.930883644415038 1.0905074966993156
60780.2539 lsst_hardware_z -76.3075582711492 92.63999938964844 31.0 AB 9.899720454244703 1.0519680278667507
60782.1536 lsst_hardware_z -24.260621913311137 87.62999725341797 30.950000762939453 AB 21.75119371587086 1.4802436573648023
60782.1708 lsst_hardware_r 32.257188193179445 112.5199966430664 31.59000015258789 AB 18.46929447250081 1.3490920105063837
60784.1427 lsst_hardware_i -15.449098380393897 57.9900016784668 31.229999542236328 AB 14.46031329451139 1.529949033964068
60784.1615 lsst_hardware_r 10.378952476940471 63.04999923706055 31.559999465942383 AB 13.073288189044339 1.3753393497495492
60790.1491 lsst_hardware_u -3.0878809784831653 2.6500000953674316 28.260000228881836 AB 19.027634893953778 1.3481549940805435
60790.1679 lsst_hardware_g 20.600402502745105 15.289999961853027 31.399999618530273 AB 15.731084660061228 1.2402142823778644
