data/validation/pwv_sim_epoch_fit_seasonal/11330758.ecsv
# %ECSV 0.9
# ---
# datatype:
# - {name: time, datatype: float64}
# - {name: band, datatype: string}
# - {name: flux, datatype: float64}
# - {name: fluxerr, datatype: float64}
# - {name: zp, datatype: float64}
# - {name: zpsys, datatype: string}
# - {name: pwv, datatype: float64}
# - {name: airmass, datatype: float64}
# meta: {SNID: '11330758', alt: 1024.0, c: -0.03708943352103233, dec: -49.117878, lat: -30.244573, lon: -70.7499537, ra: 152.671234, t0: 60402.55859375,
#   x0: 3.946965785511626e-06, x1: -0.056930527091026306, z: 0.6757464408874512}
# schema: astropy-2.0
time band flux fluxerr zp zpsys pwv airmass
[from data line 132]
60767.1089 lsst_hardware_u -6.32495870281596 2.640000104904175 28.43000030517578 AB 9.259370697488638 1.0613675719267373
60767.1202 lsst_hardware_g 9.404322375852347 13.09000015258789 31.389999389648438 AB 9.144886471818344 1.0679120052727011
60769.1037 lsst_hardware_r 22.431444415087853 23.350000381469727 31.489999771118164 AB 6.368897498416236 1.061482916402706
60769.1152 lsst_hardware_z 85.99195343717335 41.47999954223633 30.940000534057617 AB 6.409501538717246 1.0682502564528742
60771.1056 lsst_hardware_r -52.86656132514834 35.25 31.579999923706055 AB 10.30086359953475 1.0654228856612395
60771.1178 lsst_hardware_y 30.761659055425767 48.060001373291016 30.030000686645508 AB 10.462035232179648 1.0750507174700787
60773.0977 lsst_hardware_z -4.12288060081402 48.88999938964844 30.959999084472656 AB 7.941786782737436 1.0639646473546187
60773.1095 lsst_hardware_r -10.183660661224097 52.150001525878906 31.6200008392334 AB 7.943357335970543 1.0724604864046339
60775.0631 lsst_hardware_r 41.57528410986212 72.79000091552734 31.649999618530273 AB 5.953129533048518 1.058193046802385
60775.0742 lsst_hardware_i 26.96085713699214 59.75 31.31999969482422 AB 5.9478992265070305 1.0578744733671908
60778.0564 lsst_hardware_z -16.701949366313283 66.02999877929688 30.989999771118164 AB 8.03211947055944 1.0579714792623076
60778.0679 lsst_hardware_r -45.47795268988164 96.13999938964844 31.649999618530273 AB 8.076345151658622 1.0581288957540336
60780.0892 lsst_hardware_z -10.283102492177326 58.220001220703125 30.979999542236328 AB 11.116051634916436 1.0714438755562117
60780.1004 lsst_hardware_i -68.32319700061804 62.79999923706055 31.31999969482422 AB 11.240896930447683 1.08257301781169
60782.0517 lsst_hardware_r -32.207014429368684 43.20000076293945 31.6200008392334 AB 15.468259830293043 1.0576467388606199
60782.0627 lsst_hardware_z -6.171825395873046 48.16999816894531 30.969999313354492 AB 15.476630959295235 1.0594445576503164
60790.0279 lsst_hardware_u -0.7754144865910564 2.630000114440918 28.43000030517578 AB 13.88866523668951 1.057646800610954
60790.0396 lsst_hardware_g -16.90460369519076 12.9399995803833 31.389999389648438 AB 13.900000934769919 1.0590880364790978
60795.0216 lsst_hardware_u -1.068226487832587 2.680000066757202 28.469999313354492 AB 11.428051463554576 1.0581529132920904
60795.0335 lsst_hardware_g 15.837317684905383 12.989999771118164 31.399999618530273 AB 11.467981557507995 1.0618501442137032
60797.0189 lsst_hardware_r -0.08060723857757987 22.3799991607666 31.489999771118164 AB 9.287916403842576 1.0586933094543003
60797.0323 lsst_hardware_z 34.84652305013475 41.2400016784668 30.950000762939453 AB 9.341459580471186 1.0640485521182177
60800.0047 lsst_hardware_i 27.81503084077028 35.709999084472656 31.280000686645508 AB 10.664906213111408 1.0577640677521853
60800.0172 lsst_hardware_r 35.26423436979836 33.97999954223633 31.579999923706055 AB 10.694704067555671 1.0607194711188368
60804.0034 lsst_hardware_r -99.31937313316492 68.69999694824219 31.649999618530273 AB 9.619254168076017 1.0596907161262186
60804.0179 lsst_hardware_i -2.292301582702446 57.349998474121094 31.31999969482422 AB 9.691968449691686 1.0670252793289745
60805.9977 lsst_hardware_z 50.00706030264301 61.529998779296875 30.989999771118164 AB 7.956560149184507 1.0596149221504814
60806.0092 lsst_hardware_r 33.171244877201495 86.06999969482422 31.649999618530273 AB 7.748177364194875 1.0649195781735792
60808.0047 lsst_hardware_z -44.15899316833316 86.63999938964844 31.729999542236328 AB 7.561438481349166 1.0655165900583543
60809.9974 lsst_hardware_r 11.040888661344919 51.18000030517578 31.6299991607666 AB 6.9806661013552 1.0643963559880865
60810.01 lsst_hardware_z -2.4225292779081333 51.5 30.969999313354492 AB 6.334957114438066 1.073842882998881
60811.9994 lsst_hardware_r -7.052582025043178 21.760000228881836 31.489999771118164 AB 11.137649444623685 1.0694881356465993
60812.0122 lsst_hardware_u 5.3262406718593125 2.640000104904175 28.43000030517578 AB 9.92036394765145 1.0816511963856454
60813.9973 lsst_hardware_g 8.512042526927939 12.970000267028809 31.389999389648438 AB 10.24953579356198 1.072258029420813
60814.0095 lsst_hardware_r -2.099426542018336 21.860000610351562 31.479999542236328 AB 8.794594482170249 1.08485951671508
60817.9934 lsst_hardware_i -15.578218436055728 30.040000915527344 31.229999542236328 AB 2.0161437932273643 1.0790172829690656
60818.0047 lsst_hardware_z -30.99591400462418 41.52000045776367 30.940000534057617 AB 1.3418792213934985 1.0927355223077775
