data/validation/pwv_sim_epoch_fit_seasonal/11339350.ecsv
# %ECSV 0.9
# ---
# datatype:
# - {name: time, datatype: float64}
# - {name: band, datatype: string}
# - {name: flux, datatype: float64}
# - {name: fluxerr, datatype: float64}
# - {name: zp, datatype: float64}
# - {name: zpsys, datatype: string}
# - {name: pwv, datatype: float64}
# - {name: airmass, datatype: float64}
# meta: {SNID: '11339350', alt: 1024.0, c: -0.0194164477288723, dec: -54.532822, lat: -30.244573, lon: -70.7499537, ra: 163.743454, t0: 61878.234375,
#   x0: 1.9395030234201464e-05, x1: -0.34998834133148193, z: 0.34771519899368286}
# schema: astropy-2.0
time band flux fluxerr zp zpsys pwv airmass
[from data line 131]
62199.1879 lsst_hardware_i 35.140159178595674 54.150001525878906 31.309999465942383 AB 7.118426406562493 1.1007308499400794
62199.2 lsst_hardware_z -1.0210081430330984 53.540000915527344 30.959999084472656 AB 7.1403567554014895 1.0985164239079215
62202.1917 lsst_hardware_r -44.16467533507938 29.190000534057617 31.540000915527344 AB 10.353034823918675 1.0985235104163271
62202.2043 lsst_hardware_i -11.824129065757166 34.779998779296875 31.260000228881836 AB 10.355386201779202 1.0999109059485566
62204.1865 lsst_hardware_z 1.611392968203452 41.56999969482422 30.940000534057617 AB 9.861282855695281 1.0985155841217138
62204.1984 lsst_hardware_i -10.496796861023139 30.270000457763672 31.239999771118164 AB 9.836889664240434 1.0998003929049875
62206.1799 lsst_hardware_u -0.35235423073249494 2.690000057220459 28.450000762939453 AB 9.744059115824626 1.098572013396615
62206.1916 lsst_hardware_g 12.41996971221423 13.0 31.3700008392334 AB 9.758506267502206 1.0994880589828506
62208.19 lsst_hardware_r 5.207921326926808 22.079999923706055 31.479999542236328 AB 15.293815589182023 1.1005120233994403
62208.202 lsst_hardware_i 14.378430754664818 30.520000457763672 31.239999771118164 AB 15.294772597150551 1.1059926673765674
62211.1802 lsst_hardware_z 63.56020412715939 58.52000045776367 31.690000534057617 AB 8.627557665105606 1.1000445410536819
62211.193 lsst_hardware_u 3.0139553310361364 2.5899999141693115 28.3700008392334 AB 8.662170831900145 1.1055150224174608
62213.2038 lsst_hardware_r 17.180159540791987 22.270000457763672 31.489999771118164 AB 7.694601975197554 1.118293088150026
62213.2163 lsst_hardware_i 2.9239319533608423 30.81999969482422 31.239999771118164 AB 6.683104039701375 1.1327294982544702
62216.1512 lsst_hardware_r -11.439758489941905 22.260000228881836 31.5 AB 5.713640081340334 1.0986889027495235
62216.1652 lsst_hardware_i 21.74083916462925 30.649999618530273 31.25 AB 5.659346060344218 1.099702902180104
62218.1366 lsst_hardware_z 8.24396888913389 42.7400016784668 30.950000762939453 AB 8.178632747971152 1.1005606102051275
62218.1492 lsst_hardware_i -8.988333681997437 32.209999084472656 31.260000228881836 AB 8.242448044464671 1.0985048482183035
62222.1313 lsst_hardware_r -78.58578695658866 61.20000076293945 31.639999389648438 AB 7.584314421387877 1.0991760030996922
62222.1428 lsst_hardware_i -53.047518540770355 51.970001220703125 31.31999969482422 AB 7.581008649671772 1.0986969057495322
62224.1395 lsst_hardware_z 52.454416340803846 93.41999816894531 31.739999771118164 AB 7.247283277655308 1.0989612734010272
62226.1317 lsst_hardware_z 53.410414971225535 67.73999786376953 30.979999542236328 AB 5.577462710885434 1.0986826969143149
62226.1433 lsst_hardware_r 27.553347281424553 97.72000122070312 31.639999389648438 AB 5.5197392966573 1.1013596641207761
62230.1216 lsst_hardware_i 28.882268864462603 35.959999084472656 31.270000457763672 AB 6.592615021117763 1.0987691701862938
62230.1333 lsst_hardware_z -15.585121482278286 44.540000915527344 30.950000762939453 AB 6.572369612989735 1.1017144922384905
62232.1255 lsst_hardware_g -4.211191283348081 12.960000038146973 31.350000381469727 AB 12.704517344355505 1.1008636839266648
62232.1376 lsst_hardware_r 23.398039621548104 22.0 31.459999084472656 AB 12.846674002571591 1.1067086494289644
62236.1198 lsst_hardware_u -6.778412468217183 2.640000104904175 28.40999984741211 AB 5.579095943902708 1.102951422188344
62236.1316 lsst_hardware_g -10.082872064318906 13.1899995803833 31.3799991607666 AB 5.353540344336975 1.1101172305519906
62238.1115 lsst_hardware_r -7.53684459668146 21.989999771118164 31.469999313354492 AB 7.466379153742544 1.101736899092637
62238.1224 lsst_hardware_i 3.261983846493292 30.40999984741211 31.239999771118164 AB 7.560832022489028 1.1074761583138666
62242.1118 lsst_hardware_z -28.01891821970774 41.7599983215332 30.940000534057617 AB 17.683570605487887 1.1076923938041814
62242.1227 lsst_hardware_r 2.154238978925129 22.170000076293945 31.479999542236328 AB 17.7915587563522 1.1164615279991759
62244.1164 lsst_hardware_u 1.1350793128052403 2.6500000953674316 28.40999984741211 AB 12.607199360791498 1.1156813593620794
62244.128 lsst_hardware_g 7.964946807913957 13.329999923706055 31.399999618530273 AB 13.226252338632685 1.1281027212890018
62246.0935 lsst_hardware_g 7.564449969052528 14.399999618530273 31.43000030517578 AB 7.530206258007652 1.1034347078602529
62246.1045 lsst_hardware_r -29.84210929842441 22.34000015258789 31.479999542236328 AB 7.600966159205227 1.110278434006039
62248.0455 lsst_hardware_r 49.26502808041113 31.920000076293945 31.559999465942383 AB 10.36800703014161 1.10448737071622
62248.0554 lsst_hardware_i -71.95450655231735 34.83000183105469 31.260000228881836 AB 10.306340497653185 1.1003602082977884
62250.0964 lsst_hardware_z -152.53358246010492 68.98999786376953 31.700000762939453 AB 10.199590610176031 1.1125207908133046
62254.049 lsst_hardware_i 168.36252752743923 77.98999786376953 31.31999969482422 AB 1.7963819871877464 1.098592592307255
62254.06 lsst_hardware_z 72.39702885550523 68.45999908447266 30.979999542236328 AB 1.7605145830385824 1.0994054431964502
62257.0841 lsst_hardware_z -7.573483051872961 52.45000076293945 30.959999084472656 AB 10.882586949647592 1.1187636505017744
62257.0955 lsst_hardware_g 4.630069529329921 64.26000213623047 31.68000030517578 AB 11.00844765420063 1.131896458258282
62259.0262 lsst_hardware_u -1.7026579380362692 2.559999942779541 28.34000015258789 AB 15.050073083508416 1.1001247350338745
62259.038 lsst_hardware_g 0.5060441181146763 12.9399995803833 31.360000610351562 AB 14.969617352461603 1.0985262605460926
62261.0237 lsst_hardware_r 40.08742212437241 22.0 31.479999542236328 AB 10.999145127341631 1.0994106162017374
62261.0358 lsst_hardware_i 34.563783559644364 30.360000610351562 31.239999771118164 AB 11.073251114029377 1.098673061047191
62268.0913 lsst_hardware_z 40.986719644387534 42.47999954223633 30.93000030517578 AB 14.263120901818889 1.1750154521489438
62268.1015 lsst_hardware_r 16.25133792934991 22.3799991607666 31.459999084472656 AB 14.572160332288538 1.197613374157326
62270.017 lsst_hardware_i -34.820513938567785 30.3799991607666 31.25 AB 6.462107595907776 1.0995588898941353
62270.0304 lsst_hardware_u -1.881737260237239 2.630000114440918 28.40999984741211 AB 6.499151795590614 1.104702988003721
62272.0218 lsst_hardware_g -8.182282321779805 12.930000305175781 31.3700008392334 AB 5.7965585197349885 1.1031083343137464
62272.0348 lsst_hardware_r -24.034294843854138 21.93000030517578 31.459999084472656 AB 5.822621374419902 1.1112933246340113
62278.9968 lsst_hardware_z -59.46312834040613 69.56999969482422 31.709999084472656 AB 2.1019079828098524 1.100763541665459
62279.9984 lsst_hardware_z 68.51142488271732 53.68000030517578 30.969999313354492 AB 8.72115403799669 1.102408549866884
62280.0104 lsst_hardware_r 56.445741497706884 62.93000030517578 31.6299991607666 AB 8.304457610422318 1.1093564658250898
62281.9918 lsst_hardware_i 22.664078677427828 66.83999633789062 31.31999969482422 AB 6.358700424729484 1.1019323151771248
62282.0042 lsst_hardware_z 89.4581705317486 61.43000030517578 30.969999313354492 AB 6.2931448880080225 1.1088265153745083
62282.9904 lsst_hardware_i 81.10454552315309 70.97000122070312 31.31999969482422 AB 6.434880949681565 1.1024924528295086
62283.0024 lsst_hardware_z -22.470293172189244 63.959999084472656 30.979999542236328 AB 6.470863815246404 1.1094969891973774
62287.9898 lsst_hardware_i -22.10120415737766 30.299999237060547 31.229999542236328 AB 7.615430098170434 1.1102828543768113
62288.0022 lsst_hardware_r 11.718790989742468 21.940000534057617 31.469999313354492 AB 7.6270786433907025 1.1216292122633387
62290.9952 lsst_hardware_u 0.159106017689503 2.549999952316284 28.329999923706055 AB 12.127627143359325 1.1229284391999375
62291.0076 lsst_hardware_g 1.2756251199065918 12.920000076293945 31.350000381469727 AB 12.863314722040997 1.1386823300714959
