data/validation/pwv_sim_epoch_fit_seasonal/11443833.ecsv
# %ECSV 0.9
# ---
# datatype:
# - {name: time, datatype: float64}
# - {name: band, datatype: string}
# - {name: flux, datatype: float64}
# - {name: fluxerr, datatype: float64}
# - {name: zp, datatype: float64}
# - {name: zpsys, datatype: string}
# - {name: pwv, datatype: float64}
# - {name: airmass, datatype: float64}
# meta: {SNID: '11443833', alt: 1024.0, c: -0.03634941205382347, dec: -63.636005, lat: -30.244573, lon: -70.7499537, ra: 104.790207, t0: 61127.3203125,
#   x0: 3.4708252989525207e-06, x1: -0.42017772793769836, z: 0.7122194766998291}
# schema: astropy-2.0
time band flux fluxerr zp zpsys pwv airmass
61006.3476 lsst_hardware_r 1.0229989814979252 25.700000762939453 31.489999771118164 AB 4.803344805683734 1.2199487315485271
61009.3399 lsst_hardware_z 13.71392649437433 45.52000045776367 30.93000030517578 AB 7.470932382776989 1.2204414576128384
61009.3517 lsst_hardware_i -15.295310816648813 44.720001220703125 31.260000228881836 AB 7.589169920454641 1.2339444887195647
61011.3408 lsst_hardware_z -9.29243007302799 45.20000076293945 30.940000534057617 AB 8.206095042116559 1.227309036024106
61011.3527 lsst_hardware_g 4.879369244867607 31.549999237060547 31.59000015258789 AB 8.292062654781548 1.2427685795318162
61013.3368 lsst_hardware_y 47.13340355415847 52.939998626708984 29.989999771118164 AB 5.328637980287087 1.2290239056555132
61013.349 lsst_hardware_r -34.64292221971797 56.02000045776367 31.579999923706055 AB 5.391972279400514 1.2453550572176453
61017.2899 lsst_hardware_z 45.7757477203037 50.09000015258789 30.950000762939453 AB 7.717585130538796 1.2012273054264828
61017.3025 lsst_hardware_r 39.41431910225228 53.59000015258789 31.600000381469727 AB 6.644311074868091 1.207617425457623
61020.2843 lsst_hardware_z -5.160475666938907 45.2400016784668 30.940000534057617 AB 11.444281437996205 1.2022566906183638
61020.2982 lsst_hardware_r 5.559953126732276 33.77000045776367 31.540000915527344 AB 10.028645245055511 1.2103120015756106
61026.2879 lsst_hardware_g 15.570668117320986 18.190000534057617 32.08000183105469 AB 8.567880648349428 1.2152160340897533
61026.3007 lsst_hardware_r 42.472751828537724 31.489999771118164 32.20000076293945 AB 8.156062743998959 1.2283227024094818
61028.2867 lsst_hardware_i -56.085786480425796 31.489999771118164 31.219999313354492 AB 5.269800504416041 1.219155697956285
61028.2993 lsst_hardware_z -41.336573697316965 43.779998779296875 30.93000030517578 AB 5.9991646690394385 1.2332963754619874
61032.2251 lsst_hardware_r -25.50268731868037 22.219999313354492 31.459999084472656 AB 8.08655678822557 1.1987187649310995
61032.2383 lsst_hardware_u -2.2658952616030255 2.5799999237060547 28.329999923706055 AB 8.137471828964133 1.1985818505673134
61038.2215 lsst_hardware_y -49.668624711210896 48.77000045776367 30.0 AB 8.563839503645902 1.1985360209434102
61038.2341 lsst_hardware_g 5.187576416601372 12.90999984741211 31.34000015258789 AB 8.62865744060032 1.2018465687861197
61040.227 lsst_hardware_r 102.35768576186534 45.65999984741211 31.579999923706055 AB 7.969305415715476 1.2012217377854504
61040.2409 lsst_hardware_i -12.607249275759788 42.40999984741211 31.260000228881836 AB 8.026362573188448 1.2084407221591518
61042.2058 lsst_hardware_i 124.27196018973225 58.70000076293945 31.290000915527344 AB 5.549246860545172 1.1981963856078535
61042.2198 lsst_hardware_z 49.05204522252219 56.650001525878906 30.950000762939453 AB 6.523386917657218 1.2006233590780158
61043.2021 lsst_hardware_r 79.61217285901051 80.16000366210938 31.610000610351562 AB 4.53843832536867 1.1981884563048433
61043.2144 lsst_hardware_z -49.45003907257299 58.81999969482422 30.959999084472656 AB 4.120218720586904 1.199830728184888
61048.2047 lsst_hardware_z 54.068348936324035 48.400001525878906 30.950000762939453 AB 7.977497474414421 1.2010685748892536
61048.2177 lsst_hardware_r 10.273597707609497 44.81999969482422 31.579999923706055 AB 9.69155425205355 1.2075574559453695
61054.1905 lsst_hardware_u 2.631479043905505 2.490000009536743 28.260000228881836 AB 9.50967397015476 1.2019051633755726
61056.1591 lsst_hardware_g 25.84338734825151 12.760000228881836 31.31999969482422 AB 5.19592151653305 1.1988282676100097
61056.1719 lsst_hardware_r 6.585835293341749 22.139999389648438 31.450000762939453 AB 6.213067510796395 1.1985083932863416
61058.1841 lsst_hardware_z 29.813696853667366 42.5099983215332 30.93000030517578 AB 7.481011428116586 1.2039608542647797
61058.1963 lsst_hardware_r 59.62660508805546 21.93000030517578 31.440000534057617 AB 7.537209730800251 1.21177005318332
61060.1603 lsst_hardware_r 10.768474934459272 21.889999389648438 31.450000762939453 AB 8.942165672122554 1.1984407521440068
61060.1733 lsst_hardware_u 2.526058423426642 2.4800000190734863 28.260000228881836 AB 10.614859220448977 1.2015914897497073
61066.1617 lsst_hardware_y 67.59470393205667 48.33000183105469 29.989999771118164 AB 15.9278919311567 1.2036948370418818
61066.1743 lsst_hardware_g 25.753146797865313 12.680000305175781 31.31999969482422 AB 16.924260142907862 1.2116596568001141
61068.1142 lsst_hardware_z -22.98419674184728 46.7400016784668 30.940000534057617 AB 14.758376778085372 1.2024586937780888
61068.1261 lsst_hardware_r -0.2111878404860381 41.209999084472656 31.56999969482422 AB 14.256715639950611 1.1988828849292734
61070.1522 lsst_hardware_z -40.74436243012661 51.939998626708984 30.940000534057617 AB 14.45607391592935 1.2044219050972174
61070.1654 lsst_hardware_r 13.981487214703856 57.970001220703125 31.59000015258789 AB 14.578551326206554 1.2132784237081535
61075.1565 lsst_hardware_i 5.782638686841663 55.06999969482422 31.280000686645508 AB 12.476669004885865 1.2174438567448944
61075.1683 lsst_hardware_z -48.49969044514752 54.939998626708984 30.950000762939453 AB 11.150110928501812 1.2300516758324072
61077.1169 lsst_hardware_z -85.6937760462404 48.279998779296875 30.950000762939453 AB 5.17909038101844 1.1988635141246389
61077.1279 lsst_hardware_r 8.389423402614659 47.290000915527344 31.59000015258789 AB 4.725931655766791 1.2020173774735452
61079.0932 lsst_hardware_r 17.24194810499624 22.059999465942383 31.450000762939453 AB 10.255879835986603 1.1994713464566606
61079.105 lsst_hardware_u 3.9620050080956575 2.5 28.270000457763672 AB 10.069692027324637 1.198249814841672
61081.0901 lsst_hardware_g -14.518368802588581 18.1200008392334 32.09000015258789 AB 4.190455080372322 1.1989857168447273
61081.1027 lsst_hardware_r 21.14250522185419 31.299999237060547 32.209999084472656 AB 4.130129715871229 1.1984417021026192
61083.0864 lsst_hardware_i 20.506433353171012 30.81999969482422 31.229999542236328 AB 5.426930108463493 1.198703454969112
61083.0996 lsst_hardware_z -13.04640570990738 42.599998474121094 30.93000030517578 AB 5.409759744841352 1.1987280387424288
61085.0819 lsst_hardware_r -1.9165981297190289 21.940000534057617 31.450000762939453 AB 3.010829904239189 1.198578783534709
61085.0949 lsst_hardware_u 1.7912716441986716 2.5 28.270000457763672 AB 3.8230254933775845 1.1988477257305563
61089.0831 lsst_hardware_z -31.51462677001582 42.599998474121094 30.93000030517578 AB 5.567040704434366 1.198716821338819
61089.0955 lsst_hardware_r 5.628944533642449 22.049999237060547 31.459999084472656 AB 6.685937751776687 1.2021824600875268
61091.0799 lsst_hardware_u 3.600934557577545 2.5899999141693115 28.350000381469727 AB 3.9812087323472483 1.199099060995105
61091.0924 lsst_hardware_g -8.44078971465586 12.829999923706055 31.350000381469727 AB 3.8381975153328938 1.2032281455627132
61093.0814 lsst_hardware_r 38.55660501167247 21.95038184909994 31.440000534057617 AB 6.657011073629432 1.2009761994640866
61093.0939 lsst_hardware_i -16.76067633607551 30.960026825178257 31.219999313354492 AB 7.460648338090369 1.2070293379858075
61095.0784 lsst_hardware_z 58.323429239677395 44.274122374922094 30.93000030517578 AB 9.522125581191432 1.2018965507283732
61095.0911 lsst_hardware_r 43.46435243454698 26.445358597619485 31.489999771118164 AB 9.316097918060041 1.208770881945402
61098.0762 lsst_hardware_z -3.79919950367295 48.58137189003379 30.940000534057617 AB 9.371925100449388 1.2046950447264462
61098.0897 lsst_hardware_r -33.69016684185855 47.308934755483726 31.579999923706055 AB 7.9179215268407 1.2139396744868838
61100.0534 lsst_hardware_z 12.05381420253542 53.541445323993194 30.950000762939453 AB 4.431577842417916 1.198776720746038
61100.0663 lsst_hardware_i 60.530287854631695 53.083644941188595 31.280000686645508 AB 4.585321040647218 1.20254944679969
61102.0514 lsst_hardware_z -5.021906293315835 59.978176035527284 30.959999084472656 AB 7.524433785883143 1.1994315280366328
61102.0639 lsst_hardware_r -1.7111820693034736 81.46987968057599 31.610000610351562 AB 7.552998123075448 1.2039848230194656
61104.0514 lsst_hardware_y -15.845462299084556 52.75524210435634 30.0 AB 12.850684538223675 1.2009985549741753
61104.0653 lsst_hardware_g 177.20722200741406 79.71971874377334 31.670000076293945 AB 12.925162191972971 1.20795908336196
61108.0492 lsst_hardware_z 131.76232235324608 45.1429667978497 30.93000030517578 AB 12.915174479464975 1.2048674007119622
61108.0634 lsst_hardware_r 235.47906523337574 27.35060678265099 31.440000534057617 AB 13.057821033246496 1.214803448401451
61110.0484 lsst_hardware_u 4.72835030143338 3.980407972969685 28.299999237060547 AB 8.708515099280211 1.2076290655961466
61110.0618 lsst_hardware_r 411.2837564755991 29.487446669177228 31.450000762939453 AB 8.747920719704418 1.2183026592752628
61112.0498 lsst_hardware_i 571.8347529455484 39.09131837724941 31.219999313354492 AB 12.74627628965525 1.212583759916436
61112.0638 lsst_hardware_z 399.5900680447871 47.41869268641599 30.93000030517578 AB 12.754985227425017 1.2260479231744343
61115.0467 lsst_hardware_r 702.8783488198036 34.61930157120874 31.440000534057617 AB 9.462034430339786 1.2169558333591717
61115.06 lsst_hardware_u 6.106734915611375 3.2894674723796653 28.190000534057617 AB 9.602740446766155 1.2312258030728507
61117.0356 lsst_hardware_g 179.73589687479517 19.018802746710307 31.329999923706055 AB 9.282060281893532 1.212152828193736
61117.0497 lsst_hardware_r 808.6990132672648 36.277105080243146 31.450000762939453 AB 8.357031021534928 1.2255508170603808
61123.0279 lsst_hardware_r 1900.2138086269663 55.49744538861595 32.209999084472656 AB 5.73944783525561 1.219861389002255
61123.0416 lsst_hardware_i 2321.5897393380633 65.26441477440977 31.969999313354492 AB 5.870422016504452 1.2356181891190174
61363.3569 lsst_hardware_z -58.79321889116262 66.9000015258789 30.959999084472656 AB 7.018677545900418 1.2088662669480568
61369.3428 lsst_hardware_z 7.878735479891257 59.08000183105469 30.950000762939453 AB 6.714471952104123 1.210505444927278
61369.3557 lsst_hardware_i 19.145932670514718 73.06999969482422 31.290000915527344 AB 6.809686683332008 1.2219799048926465
61378.3329 lsst_hardware_r -13.15682516687624 23.459999084472656 31.459999084472656 AB 4.382465685177637 1.2238675406591586
61378.3452 lsst_hardware_g -2.9113591990401178 19.639999389648438 31.479999542236328 AB 5.4122722280456035 1.2389787626201303
61382.3092 lsst_hardware_z -66.10985149806612 42.790000915527344 30.93000030517578 AB 6.726000680830869 1.211964805243069
61382.3224 lsst_hardware_i -9.873532829707662 31.079999923706055 31.219999313354492 AB 6.759321800060564 1.2243299864260646
61384.288 lsst_hardware_r -19.116725485475783 22.329999923706055 31.469999313354492 AB 11.158090914535899 1.2024128790684985
61384.2994 lsst_hardware_u -4.483876980492879 2.619999885559082 28.360000610351562 AB 12.104695977466616 1.208777309513343
61391.2915 lsst_hardware_r 8.30563968436536 22.360000610351562 31.459999084472656 AB 8.581691507561635 1.2179090306988305
61391.3025 lsst_hardware_g -20.609520889789305 12.970000267028809 31.329999923706055 AB 8.119697856139842 1.2296982971587855
61393.2873 lsst_hardware_r 29.20485973920399 22.40999984741211 31.459999084472656 AB 5.28670696384216 1.219118405129058
61393.3005 lsst_hardware_i 84.78673416280128 31.479999542236328 31.219999313354492 AB 5.956551213278654 1.2340068807288467
61395.2187 lsst_hardware_z 107.495122168938 50.84000015258789 30.950000762939453 AB 7.094152988076967 1.202398811538469
61395.2316 lsst_hardware_i -81.32661545629657 46.779998779296875 31.280000686645508 AB 7.072245176127415 1.1986856230724432
61404.224 lsst_hardware_z -52.14523217689529 45.529998779296875 30.940000534057617 AB 10.773161369396394 1.1993611262072683
61404.2359 lsst_hardware_r 0.5636915370321597 33.41999816894531 31.540000915527344 AB 10.80554123100965 1.2035912373378241
61406.2292 lsst_hardware_u 0.039757964097212786 2.890000104904175 28.43000030517578 AB 8.467262579956325 1.2030078639858042
61406.2423 lsst_hardware_g -7.936231220518614 16.239999771118164 31.43000030517578 AB 8.522456940450521 1.2109426489052115
61408.2047 lsst_hardware_g 7.4833985445277085 12.869999885559082 31.34000015258789 AB 4.549169868739064 1.1982536201077476
61408.2173 lsst_hardware_r 41.7233630364222 22.18000030517578 31.450000762939453 AB 4.236603454518381 1.2005110384013549
61410.2063 lsst_hardware_i 72.65619068908809 31.15999984741211 31.219999313354492 AB 13.570143298905167 1.19909369081074
61410.2195 lsst_hardware_z 63.25420824635268 43.20000076293945 30.920000076293945 AB 13.96046496636121 1.2035921171102
61412.2055 lsst_hardware_r -30.374383719340273 22.219999313354492 31.450000762939453 AB 9.524460604642014 1.2002470701570405
61412.2185 lsst_hardware_u -1.4156268548063369 2.509999990463257 28.270000457763672 AB 10.488871262780272 1.205987037725771
61414.1862 lsst_hardware_g 32.383231532132 12.779999732971191 31.31999969482422 AB 9.009544325019592 1.1982237628726369
61414.1989 lsst_hardware_i -19.610741322740445 31.010000228881836 31.219999313354492 AB 9.032232686109959 1.1999246328194972
61416.1845 lsst_hardware_z 11.119290075981057 43.22999954223633 30.93000030517578 AB 8.204788600078754 1.1983625024457771
61416.1978 lsst_hardware_r 3.0990437715860533 22.299999237060547 31.459999084472656 AB 8.233691823456622 1.201326531156282
61419.1805 lsst_hardware_u -1.1707560982172989 2.559999942779541 28.309999465942383 AB 9.488154754479323 1.198882352887774
61419.1946 lsst_hardware_g 16.636032675281935 12.869999885559082 31.34000015258789 AB 9.537518202327123 1.2034470192837738
61423.1629 lsst_hardware_i 129.89370795641142 41.220001220703125 31.270000457763672 AB 5.330405834462925 1.1982479115348825
61423.176 lsst_hardware_z -43.07044053897952 47.2400016784668 30.950000762939453 AB 7.471045705272502 1.200425103948233
61425.1594 lsst_hardware_r -71.39571145638294 59.459999084472656 31.610000610351562 AB 8.786214609310557 1.198338053643011
61425.1718 lsst_hardware_z -120.52478008926516 52.130001068115234 30.959999084472656 AB 10.712260676798714 1.200836336237798
61427.159 lsst_hardware_z -54.39921401158197 59.099998474121094 30.959999084472656 AB 12.283580208105928 1.1989536817652988
61427.1723 lsst_hardware_i -44.35876718860895 63.66999816894531 31.290000915527344 AB 11.718984597999329 1.2032429383437908
61429.1647 lsst_hardware_z 5.690151278597421 56.209999084472656 30.959999084472656 AB 17.06052860110672 1.2022923608954703
61429.1778 lsst_hardware_r -59.516797755909835 72.0199966430664 31.610000610351562 AB 13.602395686199129 1.209729105716961
61433.1536 lsst_hardware_r -35.7260526582643 45.18000030517578 32.290000915527344 AB 14.299638284773941 1.2022227630614528
61433.1665 lsst_hardware_i 61.35546337187804 52.869998931884766 32.0 AB 14.30596482311127 1.2094658156779994
61435.1522 lsst_hardware_z -18.11250776441788 43.2599983215332 30.93000030517578 AB 14.452276920526224 1.204105554719952
61435.1649 lsst_hardware_r -12.139777231356117 22.329999923706055 31.459999084472656 AB 14.56140558256735 1.2123643887823283
61437.1562 lsst_hardware_u -3.739789418499763 4.369999885559082 29.479999542236328 AB 10.19051377231145 1.2099155562257582
61437.1687 lsst_hardware_r 77.2537818660301 31.3799991607666 32.20000076293945 AB 13.876378963988063 1.2207063086859964
61439.1536 lsst_hardware_i -46.58122942836785 31.209999084472656 31.219999313354492 AB 9.088822812032621 1.2120719885355151
61439.1663 lsst_hardware_z -76.5029872425002 43.34000015258789 30.93000030517578 AB 9.167453129416604 1.2239045609118335
61441.1527 lsst_hardware_r 13.048106742254229 22.43000030517578 31.459999084472656 AB 7.705122654900482 1.215894375082913
61441.1661 lsst_hardware_u 0.6727650740766692 2.559999942779541 28.299999237060547 AB 7.755452966576123 1.2299180049547265
61444.0938 lsst_hardware_r -8.58631592751847 22.239999771118164 31.469999313354492 AB 10.194661874738882 1.1995131044521368
61444.1061 lsst_hardware_u -0.8746442466983049 2.5999999046325684 28.350000381469727 AB 10.097488540130966 1.1982897623747224
61449.0863 lsst_hardware_i -7.443232159992906 31.940000534057617 31.229999542236328 AB 4.086063083358732 1.198493278263209
61449.098 lsst_hardware_z 42.66668637447665 43.20000076293945 30.93000030517578 AB 4.082901380288833 1.1988259209539214
61449.1505 lsst_hardware_r -74.30023745612928 22.1299991607666 31.450000762939453 AB 4.4983233915354335 1.237928693920978
61449.1632 lsst_hardware_g 9.810905681813166 12.829999923706055 31.31999969482422 AB 4.609710695296842 1.257193825990048
61451.0889 lsst_hardware_r 16.478797555207212 34.029998779296875 31.549999237060547 AB 1.7656494917396883 1.198404632402514
61451.1008 lsst_hardware_z 38.91285898028858 45.279998779296875 30.940000534057617 AB 1.796997346391651 1.2008669686863063
61453.0822 lsst_hardware_z 16.741360236506253 48.939998626708984 30.940000534057617 AB 1.341928291005398 1.198328582531982
61453.0939 lsst_hardware_i -7.414575310104948 44.130001068115234 31.270000457763672 AB 2.7837429095480313 1.2004066017887356
61455.0857 lsst_hardware_z -52.40893008233814 54.75 30.959999084472656 AB 3.9948453600094544 1.1996532612641004
61455.0975 lsst_hardware_r 59.74597551880761 68.5199966430664 31.610000610351562 AB 4.08987630629348 1.204085271725264
61457.0881 lsst_hardware_y 18.071657526978385 76.44999694824219 30.739999771118164 AB 5.470910024602984 1.2022656904962057
61459.0816 lsst_hardware_r 51.009253318766596 65.33000183105469 31.610000610351562 AB 8.59919631137323 1.2018443482003116
61459.0956 lsst_hardware_i 0.33594220190179686 55.33000183105469 31.290000915527344 AB 7.953596021076583 1.2095650861510259
61461.0837 lsst_hardware_z -32.03015645767667 47.38999938964844 30.940000534057617 AB 9.233017742597324 1.205472826007419
61461.0954 lsst_hardware_r 44.10080610893513 41.130001068115234 31.56999969482422 AB 9.282286811542578 1.2136087875456074
61465.0797 lsst_hardware_i 30.139208336869107 31.540000915527344 31.219999313354492 AB 4.680564846810832 1.2099172410006027
61465.0935 lsst_hardware_z -31.7425345164846 43.88999938964844 30.93000030517578 AB 5.021916310251367 1.2220261127269418
61467.0772 lsst_hardware_r -20.82517002494758 22.209999084472656 31.450000762939453 AB 7.633509010727337 1.212149108491836
61467.0882 lsst_hardware_u 1.4748952154706205 2.4800000190734863 28.239999771118164 AB 7.113180331994741 1.2221959333324297
61471.051 lsst_hardware_r 9.784101641770716 31.260000228881836 32.20000076293945 AB 7.754628343428402 1.2027652274989573
61471.0636 lsst_hardware_i -27.917380316324273 44.0099983215332 31.969999313354492 AB 7.754899928006885 1.2101274269971927
61473.049 lsst_hardware_z -68.96683200390594 43.209999084472656 30.920000076293945 AB 12.980102378843922 1.2044356266567204
61473.0621 lsst_hardware_r 20.46985634438371 22.25 31.440000534057617 AB 13.11399808907011 1.213182570009955
61475.0495 lsst_hardware_u 0.9986748137372221 2.490000009536743 28.260000228881836 AB 8.713260357424163 1.207938127184496
61475.0636 lsst_hardware_r 5.931797849577367 22.100000381469727 31.450000762939453 AB 8.670604962106188 1.2194229070644729
61480.0392 lsst_hardware_r -18.44810579663535 32.11000061035156 31.530000686645508 AB 9.802323554691416 1.2102630119381945
61480.0549 lsst_hardware_z -53.10919553258537 44.9900016784668 30.93000030517578 AB 9.539174730460187 1.224554143342593
61486.0306 lsst_hardware_i 25.70279388394919 65.4000015258789 31.299999237060547 AB 6.220270526689793 1.2166391693877545
61486.0448 lsst_hardware_z 20.92691970804396 61.0 30.959999084472656 AB 4.830072407612962 1.2318994450872511
