data/validation/pwv_sim_epoch_fit_seasonal/11442968.ecsv
# %ECSV 0.9
# ---
# datatype:
# - {name: time, datatype: float64}
# - {name: band, datatype: string}
# - {name: flux, datatype: float64}
# - {name: fluxerr, datatype: float64}
# - {name: zp, datatype: float64}
# - {name: zpsys, datatype: string}
# - {name: pwv, datatype: float64}
# - {name: airmass, datatype: float64}
# meta: {SNID: '11442968', alt: 1024.0, c: 0.013890748843550682, dec: -9.442778, lat: -30.244573, lon: -70.7499537, ra: 321.679688, t0: 62269.48046875,
#   x0: 9.765286524719663e-06, x1: 0.21441221237182617, z: 0.46486014127731323}
# schema: astropy-2.0
time band flux fluxerr zp zpsys pwv airmass
62276.4107 lsst_hardware_i 2295.1018071663148 58.255341380669094 31.260000228881836 AB 7.68067666110519 1.077233753310686
62276.4294 lsst_hardware_y 709.7943529320712 59.590867532621964 30.049999237060547 AB 6.429287081804023 1.0706556339390638
62278.4087 lsst_hardware_r 2890.333922126279 59.20363620541416 31.520000457763672 AB 4.429999975407954 1.074981794566356
62278.4288 lsst_hardware_y 629.7254534168718 58.487758192614955 30.040000915527344 AB 4.232931015677674 1.0711761321833
62281.3902 lsst_hardware_g 543.0378998433418 28.464311556127534 31.459999084472656 AB 8.488343960334127 1.0831113896049385
62281.4115 lsst_hardware_y 522.8805919827774 52.450496508475815 30.040000915527344 AB 8.42876184093713 1.070953603100704
62284.3968 lsst_hardware_i 1874.7764077740967 82.38468558874402 31.329999923706055 AB 10.019321266683026 1.0727707555605033
62284.418 lsst_hardware_z 1377.1303458565756 72.75701113806727 30.989999771118164 AB 9.433999667934513 1.0729090272967208
62287.4092 lsst_hardware_r 1986.7721880120987 98.84784462968385 31.649999618530273 AB 7.937698471310388 1.0726619555824848
62287.4309 lsst_hardware_y 380.16277202630977 65.53806889537769 30.049999237060547 AB 7.9004338893075845 1.0906426923094472
62290.3666 lsst_hardware_i 3250.900477922301 93.87141475531371 32.060001373291016 AB 11.462123867179658 1.0821661846875468
62290.3884 lsst_hardware_z 2211.196253248131 89.4321329010262 31.729999542236328 AB 11.518149356183102 1.0707751063215518
62301.3331 lsst_hardware_z 853.9128625455539 50.504049618325745 30.940000534057617 AB 13.328069129393612 1.0857381492578266
62301.3562 lsst_hardware_r 606.2691178632716 34.94892632123964 31.510000228881836 AB 12.811415621293019 1.0710766534679084
62303.3349 lsst_hardware_u 0.06719915726703782 3.1272003984479984 28.440000534057617 AB 7.154012774118555 1.07883321758621
62303.3561 lsst_hardware_g 55.660703835416314 18.16411821368238 31.459999084472656 AB 7.074208359795993 1.0706736327210251
62307.3293 lsst_hardware_z 885.9147371014166 50.10147682179464 30.950000762939453 AB 3.886308070915545 1.075124993682978
62307.3502 lsst_hardware_r 448.9699423670045 32.19706550006679 31.510000228881836 AB 3.963839288014864 1.071307915679693
62309.3311 lsst_hardware_z 669.4491763259934 49.594053317523915 30.940000534057617 AB 2.1437402275629927 1.0718701137814963
62309.3524 lsst_hardware_r 409.8007857109292 31.4832446528361 31.510000228881836 AB 2.232657037910444 1.0741674466733486
62311.3296 lsst_hardware_i 714.1555509714282 64.13466163996289 31.31999969482422 AB 3.6696568248709416 1.0709636144377475
62311.3516 lsst_hardware_z 616.7229711010353 61.5082754878465 30.969999313354492 AB 3.669645210483587 1.0770371893998527
62313.3358 lsst_hardware_r 489.98948823834854 110.16919736975669 31.649999618530273 AB 5.796990998210948 1.0718297121587939
62313.3563 lsst_hardware_z 588.3499779501063 77.15290336998169 30.989999771118164 AB 5.885684294353724 1.0863204677655451
62318.2846 lsst_hardware_y 570.5265660031331 79.38259195736059 30.799999237060547 AB 8.863553486074759 1.0881311314082858
62320.3309 lsst_hardware_r 227.08105580474586 43.17809104442857 31.600000381469727 AB 6.959869559120578 1.0800821807599892
62320.3461 lsst_hardware_i 442.85561266116997 45.668956143005516 31.280000686645508 AB 7.1427532711359465 1.0979982738766036
62324.3131 lsst_hardware_z 460.80516896579155 46.72736663643965 30.950000762939453 AB 1.586027825217759 1.0750908830487738
62324.3336 lsst_hardware_r 230.44791118317258 28.8207956524782 31.510000228881836 AB 1.7492564480633614 1.0956820845997337
62329.2886 lsst_hardware_i 380.91378692354897 36.65334476847399 31.25 AB 8.135267504461792 1.071017115233573
62329.3104 lsst_hardware_z 386.3637323647623 46.18578865200142 30.940000534057617 AB 8.330980788865118 1.083939818566462
62331.2549 lsst_hardware_z 393.21534622034824 46.105153450344666 30.950000762939453 AB 6.740846594081501 1.0819544310551745
62331.2739 lsst_hardware_r 221.25602501834243 28.296817675926672 31.510000228881836 AB 6.729024016459829 1.0711595059630419
62333.2488 lsst_hardware_u 4.493645456040856 3.9724277322902157 29.149999618530273 AB 3.091817808522771 1.0825692606872448
62333.2708 lsst_hardware_g 87.98312698089406 23.433669245016564 32.20000076293945 AB 3.517873530132253 1.0708084712372736
62335.2566 lsst_hardware_r 183.67009378450248 28.049227301237174 31.5 AB 2.0310222684392745 1.0731953862294714
62335.2744 lsst_hardware_i 295.6610595750174 36.12354270915728 31.25 AB 2.030789721454109 1.071468372205826
62344.2513 lsst_hardware_z -57.740058286389505 103.23999786376953 31.0 AB 2.1030268712400653 1.0718791392660882
62344.2702 lsst_hardware_r -80.50879066086408 152.5500030517578 31.649999618530273 AB 2.1125141637472478 1.0847312779189975
62346.2145 lsst_hardware_r 111.48911450282512 85.83000183105469 31.649999618530273 AB 4.485089344360234 1.0814393210963433
62346.2353 lsst_hardware_z -3.420537962489993 65.23999786376953 30.979999542236328 AB 4.447975066330664 1.07081211724046
62349.2156 lsst_hardware_g 40.1888356571497 32.08000183105469 31.649999618530273 AB 4.783859553052968 1.074581907016503
62349.2369 lsst_hardware_i 19.529153562076406 39.709999084472656 31.290000915527344 AB 4.81247486335649 1.0716615639897171
62350.1985 lsst_hardware_z 33.17150097884483 42.56999969482422 30.950000762939453 AB 2.0239190251137393 1.086667932946793
62350.2165 lsst_hardware_r -62.95403496203374 28.34000015258789 31.549999237060547 AB 1.91187954048583 1.0728339717479523
62353.1761 lsst_hardware_u 6.259055838154346 2.740000009536743 28.3799991607666 AB 1.8728593199947494 1.1071089576320934
62353.1948 lsst_hardware_g 13.755666041697435 15.779999732971191 31.459999084472656 AB 1.7492199317090464 1.0819917103352157
62355.189 lsst_hardware_r -41.99959915790099 24.989999771118164 31.530000686645508 AB 3.0487957909862122 1.0823166432516211
62355.207 lsst_hardware_i 14.319864511629264 32.15999984741211 31.260000228881836 AB 3.024041967310838 1.0714687494900808
62361.1679 lsst_hardware_r 2.500372088619931 25.020000457763672 31.520000457763672 AB 3.263044552361404 1.0873190777612143
62361.1862 lsst_hardware_u -1.7146141238718695 2.9700000286102295 28.559999465942383 AB 3.234396976322249 1.0729464177549342
62365.1681 lsst_hardware_z 57.0475435765997 44.5 30.959999084472656 AB 4.763942317797173 1.0769824949335178
62365.1868 lsst_hardware_r -6.652650020576734 33.279998779296875 31.579999923706055 AB 4.72824529540814 1.0706875161794516
62368.1519 lsst_hardware_y -97.92363714638773 105.58999633789062 31.549999237060547 AB 1.9694780400254757 1.0839174683684512
62370.1717 lsst_hardware_r -9.745928214141324 139.82000732421875 31.65999984741211 AB 2.6501332364448222 1.0706888033579065
62370.1906 lsst_hardware_i 317.62116693405653 113.0 31.34000015258789 AB 2.666835729926746 1.0771104560304585
62377.1199 lsst_hardware_g -20.361580897421835 26.459999084472656 31.610000610351562 AB 5.451431079705407 1.0927083861971518
62377.1361 lsst_hardware_i -1.586152207553707 39.849998474121094 31.280000686645508 AB 5.5975736423856075 1.0764564696895398
62379.1159 lsst_hardware_z -2.762581943436519 42.2599983215332 30.940000534057617 AB 3.6488943508920757 1.0907959795401874
62379.1318 lsst_hardware_r -5.271810957446746 24.510000228881836 31.510000228881836 AB 4.988026086116719 1.0757011184206855
62384.0961 lsst_hardware_g -28.173556167606783 15.369999885559082 31.440000534057617 AB 1.6472756985880488 1.0994665099870173
62384.1151 lsst_hardware_r 0.4010511886513949 24.350000381469727 31.5 AB 1.596221840180801 1.0778000271308583
62386.0967 lsst_hardware_i -9.218246938763198 31.860000610351562 31.239999771118164 AB 1.7989069664552542 1.090907802580506
62386.116 lsst_hardware_z 15.712505360695173 42.15999984741211 30.950000762939453 AB 1.682705280635349 1.0738387240812695
62388.0928 lsst_hardware_r -12.181224160607139 24.329999923706055 31.510000228881836 AB 2.8381885105933486 1.0889583747000955
62388.1119 lsst_hardware_u 4.0544775967026085 2.7799999713897705 28.440000534057617 AB 2.7030299871744345 1.0731987773323588
62391.0916 lsst_hardware_g -4.878802942764576 15.680000305175781 31.469999313354492 AB 3.2157652988404917 1.0814747936238411
62391.1103 lsst_hardware_i -44.62208773916304 31.799999237060547 31.260000228881836 AB 3.365743403849228 1.0711252776988553
62394.0877 lsst_hardware_z 19.424404528869996 44.540000915527344 30.950000762939453 AB 1.0956568326482579 1.0778719455467367
62394.1062 lsst_hardware_r 11.723945374977701 35.2400016784668 31.59000015258789 AB 1.1144088083309425 1.0706890072036805
62402.0659 lsst_hardware_r 105.75466993473457 106.52999877929688 31.649999618530273 AB 1.4602915930824325 1.0778385482217487
62402.0865 lsst_hardware_z 16.73703998408673 73.0 30.989999771118164 AB 1.3919350046522136 1.0707192343478567
62405.0629 lsst_hardware_g -11.756205957151355 15.210000038146973 31.450000762939453 AB 3.1691626798834442 1.074474548188883
62405.082 lsst_hardware_i 17.20569151807888 42.93000030517578 31.290000915527344 AB 3.1782203237634494 1.0711898630817154
62408.032 lsst_hardware_r 57.73947433894279 24.25 31.5 AB 3.755330070189158 1.0973010821629954
62408.0524 lsst_hardware_z 12.975712129272623 42.099998474121094 30.950000762939453 AB 3.646284464397919 1.0758381542813396
62410.0337 lsst_hardware_r -24.206257150043793 24.15999984741211 31.489999771118164 AB 6.614082400726437 1.0877977715926688
62410.0521 lsst_hardware_u 2.3790951923049226 2.700000047683716 28.3799991607666 AB 6.142847204112383 1.0730801299873147
62412.0352 lsst_hardware_g 17.10022004880874 15.260000228881836 31.450000762939453 AB 2.1206290786415902 1.0806212129470334
62412.0545 lsst_hardware_r -11.400146410194424 24.139999389648438 31.5 AB 3.0648712657889616 1.0708844394790222
62415.0261 lsst_hardware_i -53.60522898563147 31.899999618530273 31.25 AB 3.6791643169337673 1.0814445022218055
62415.0452 lsst_hardware_z 4.140397347908131 42.310001373291016 30.950000762939453 AB 4.0615029419517095 1.0710479134913053
62419.0296 lsst_hardware_g 7.924282923803563 15.470000267028809 31.450000762939453 AB 2.5734377950915186 1.0722657479547995
62419.048 lsst_hardware_i -15.77642135532304 31.739999771118164 31.25 AB 2.586043055901336 1.072379455069921
62421.0284 lsst_hardware_z 88.61916876897149 42.41999816894531 30.950000762939453 AB 6.495817876887232 1.0711217539593647
62421.0468 lsst_hardware_r 32.841877146131445 25.75 31.520000457763672 AB 5.7747373518190095 1.074286461852902
62424.0121 lsst_hardware_y 86.60401347520575 73.4000015258789 30.790000915527344 AB 7.233219029113004 1.0739081762988685
62426.0042 lsst_hardware_z -62.41836127903642 71.47000122070312 30.989999771118164 AB 7.581592065690428 1.075250612067884
62426.0229 lsst_hardware_r -171.4202199266216 89.44000244140625 31.649999618530273 AB 7.566613727226416 1.0708987678293744
62428.0056 lsst_hardware_y -125.50766244934516 58.7400016784668 30.049999237060547 AB 4.345276146250073 1.0720694468316585
62428.0236 lsst_hardware_z -35.65343968485342 69.12999725341797 30.989999771118164 AB 4.39111869657004 1.0724432034607498
62429.9994 lsst_hardware_y -58.368375216928975 67.69000244140625 30.059999465942383 AB 3.640894054173719 1.0723230082977444
62430.0179 lsst_hardware_z 37.94130116128985 65.63999938964844 30.979999542236328 AB 3.5748757330995535 1.0723554843813614
62643.4285 lsst_hardware_r 24.073237054178676 78.36000061035156 31.649999618530273 AB 4.224320280932918 1.071029862057786
62645.3924 lsst_hardware_z -15.531417216608531 50.27000045776367 30.959999084472656 AB 7.221761047736423 1.0844027800795133
62645.4145 lsst_hardware_y -34.573851020758255 50.220001220703125 30.040000915527344 AB 7.074689824278553 1.0710571998806853
62647.4055 lsst_hardware_u -4.402697813098853 3.8299999237060547 28.700000762939453 AB 5.972265451940455 1.071899273456219
62647.4249 lsst_hardware_y 30.3164578657165 49.400001525878906 30.040000915527344 AB 5.424639076033956 1.0732650021830246
62651.4052 lsst_hardware_r 25.90221271166537 24.950000762939453 31.510000228881836 AB 13.82298185658151 1.070836473657567
62651.4228 lsst_hardware_y 38.37534219835668 48.20000076293945 30.030000686645508 AB 13.720993520623683 1.0787580651864965
62653.365 lsst_hardware_i -7.736840259156455 45.63999938964844 32.0 AB 7.307762570363248 1.0908736483599415
62653.3847 lsst_hardware_z 4.618236013999877 42.59000015258789 30.950000762939453 AB 6.664790914291391 1.073638658802243
62656.3779 lsst_hardware_r -4.972605575761059 24.790000915527344 31.510000228881836 AB 12.49789385857032 1.0730108485572287
62656.3977 lsst_hardware_g -11.016425107906679 15.779999732971191 31.459999084472656 AB 12.466495601503325 1.0722253081474467
62673.3183 lsst_hardware_i 2.441550078299892 56.630001068115234 31.309999465942383 AB 3.237735552079036 1.082070590568385
62673.3476 lsst_hardware_z -50.92091937324666 55.849998474121094 30.969999313354492 AB 3.582168551428228 1.0712226529391131
62677.3495 lsst_hardware_r -1.2374891521940135 25.350000381469727 31.510000228881836 AB 3.901701805987365 1.0770247900222605
62677.371 lsst_hardware_u 4.1388062870527556 3.049999952316284 28.440000534057617 AB 3.9787945555185256 1.1017013859943308
62683.2968 lsst_hardware_z 32.266179587747736 42.08000183105469 30.940000534057617 AB 9.42069344544635 1.0772354644459965
62683.3189 lsst_hardware_r -10.480627676375677 24.100000381469727 31.5 AB 9.404292837093127 1.0709819880529698
62696.2593 lsst_hardware_z 0.0982681484468752 74.83999633789062 30.989999771118164 AB 6.7371247696361225 1.0787598206054396
62696.2802 lsst_hardware_r -45.90427129749833 110.72000122070312 31.649999618530273 AB 6.665991667206454 1.0707130333223231
62703.2082 lsst_hardware_z 83.06047750289632 46.61000061035156 30.950000762939453 AB 7.011272293434289 1.1260073276393399
62703.228 lsst_hardware_r 25.723023946564116 40.41999816894531 31.59000015258789 AB 6.175208828844467 1.091524487709844
62705.089 lsst_hardware_u 4.630908414494867 2.9200000762939453 28.40999984741211 AB 12.685963949356578 1.9665874432208004
62705.1129 lsst_hardware_r -28.66540737353142 36.470001220703125 32.150001525878906 AB 10.4981388540692 1.6277446087400884
62708.2313 lsst_hardware_i -57.46982500623979 31.739999771118164 31.25 AB 10.821918256171985 1.075416700404649
62708.2559 lsst_hardware_z -7.1513282861578595 42.0 30.940000534057617 AB 11.285593289870892 1.0722993561035243
62712.1898 lsst_hardware_u -0.9525362261411877 2.680000066757202 28.329999923706055 AB 5.386842021277037 1.1133289286508292
62712.2097 lsst_hardware_g -6.0978830829304425 15.479999542236328 31.440000534057617 AB 4.878867261681322 1.0841927248180714
62717.1862 lsst_hardware_r -30.89244778546168 35.0099983215332 32.2599983215332 AB 1.3575943290407533 1.0964552394998681
62717.2049 lsst_hardware_i -22.980567165832635 45.130001068115234 32.0 AB 1.3136251961561811 1.0765948882582193
62724.1768 lsst_hardware_z 104.28273596776462 69.72000122070312 30.989999771118164 AB 8.015508224127434 1.0843368320785662
62724.1984 lsst_hardware_r 68.52927258079751 97.37999725341797 31.65999984741211 AB 7.86681264235329 1.0711526217589666
62732.173 lsst_hardware_z 50.78692047584313 44.84000015258789 30.959999084472656 AB 2.5791027779662827 1.072057685946704
62732.1932 lsst_hardware_r -3.2932831165366783 36.88999938964844 31.59000015258789 AB 2.5909610250611452 1.073454367516011
62734.1627 lsst_hardware_u -0.26942132006270236 2.759999990463257 28.399999618530273 AB 1.915625522939526 1.0740821547179848
62734.182 lsst_hardware_g -23.615362686405643 15.6899995803833 31.450000762939453 AB 1.8693123624958459 1.071443845526851
62739.1444 lsst_hardware_z -41.51631085500434 59.959999084472656 31.700000762939453 AB 2.3562479825303075 1.0768957872624805
62739.1644 lsst_hardware_r -2.174955202487339 35.11000061035156 32.279998779296875 AB 2.343638085972219 1.0708063140293416
62743.1236 lsst_hardware_g 6.8726287649407976 15.510000228881836 31.450000762939453 AB 3.374801552218942 1.085756149672305
62743.1425 lsst_hardware_i 6.592708081641662 31.940000534057617 31.25 AB 4.39643273183821 1.0722134944731836
62746.0565 lsst_hardware_u 1.8401316855959313 2.880000114440918 28.3799991607666 AB 1.8600689925987683 1.2342859937616246
62746.0747 lsst_hardware_g 5.374863974178149 16.059999465942383 31.450000762939453 AB 1.5630538173765296 1.168201657233169
62750.1024 lsst_hardware_i -86.21118847575602 43.150001525878906 31.290000915527344 AB 1.426281009906498 1.088141148126262
62750.1219 lsst_hardware_z -29.91404996962466 47.75 30.959999084472656 AB 1.4003165789195668 1.072765509897523
62752.0982 lsst_hardware_r -138.96029404037085 89.30999755859375 31.649999618530273 AB 2.529788703124821 1.086678996187638
62752.12 lsst_hardware_z 108.90114428245344 67.47000122070312 30.979999542236328 AB 2.467513048978302 1.071589338004474
62761.091 lsst_hardware_r 14.370723006768289 24.31999969482422 31.510000228881836 AB 1.2752313975152603 1.073126000714104
62761.1082 lsst_hardware_i -23.390529467107832 31.889999389648438 31.260000228881836 AB 1.2357116982086223 1.0714263279255896
62763.0708 lsst_hardware_i -19.759647412700904 31.899999618530273 31.25 AB 6.042839373982464 1.0838363722859214
62763.0904 lsst_hardware_z 74.37020950988901 42.2400016784668 30.950000762939453 AB 5.960997201711649 1.0714794251129387
62766.0689 lsst_hardware_r 10.923605830006945 24.219999313354492 31.510000228881836 AB 2.7828335254143353 1.078199738633863
62766.088 lsst_hardware_u 0.6131355040761975 2.7899999618530273 28.459999084472656 AB 3.5189166033174786 1.0707185770021235
62770.1032 lsst_hardware_u 6.910612618158038 2.6500000953674316 28.34000015258789 AB 4.0244330653339215 1.0835845625562524
62770.1322 lsst_hardware_g -10.088289785571048 15.079999923706055 31.40999984741211 AB 3.1804231604410482 1.1312863980700907
62773.0347 lsst_hardware_g -23.793468230923217 15.130000114440918 31.440000534057617 AB 3.725356680130887 1.0944591921258386
62773.0553 lsst_hardware_r -26.024525088803014 24.15999984741211 31.5 AB 3.624964095780276 1.074567553898487
62775.0349 lsst_hardware_i 17.51753787676825 31.899999618530273 31.25 AB 6.620892575205227 1.0872488662670234
62775.0545 lsst_hardware_z -39.83657269269844 42.040000915527344 30.950000762939453 AB 6.162210403580298 1.072434807445231
62782.033 lsst_hardware_y 111.64525962697604 124.37999725341797 31.559999465942383 AB 4.917067847719283 1.0734198215836452
62784.0281 lsst_hardware_r -20.17018170611825 105.08000183105469 31.649999618530273 AB 2.5756027129805292 1.0731677970752205
62784.0463 lsst_hardware_i -139.00606747698734 83.80000305175781 31.329999923706055 AB 2.5934014144339055 1.071653477038804
62786.0271 lsst_hardware_z 47.54820903058193 60.52000045776367 30.979999542236328 AB 6.5651849654238 1.0716044993753586
62786.045 lsst_hardware_r -25.297767850171507 83.73999786376953 31.649999618530273 AB 5.694672200284101 1.0731166206565517
62788.002 lsst_hardware_y 94.02932165287889 50.439998626708984 30.040000915527344 AB 7.9359332072563715 1.084390782134781
62788.0193 lsst_hardware_u 2.133819308050366 2.9000000953674316 28.520000457763672 AB 7.805199732654929 1.0723269424907262
62790.0049 lsst_hardware_y 51.686504290605654 49.119998931884766 30.040000915527344 AB 8.411984510397039 1.0770671901149633
62790.0233 lsst_hardware_i 56.19996153713371 32.0 31.260000228881836 AB 8.356126947853873 1.0707149242853553
62792.0041 lsst_hardware_y -106.72818788913375 49.70000076293945 30.040000915527344 AB 5.675725833786775 1.0742021008996905
62792.0221 lsst_hardware_r 11.37898627502581 24.65999984741211 31.510000228881836 AB 5.647858884647034 1.0711241049366946
62794.997 lsst_hardware_y 124.48013145727923 67.0999984741211 30.059999465942383 AB 3.6253748184808927 1.0736549314355721
62795.0135 lsst_hardware_g -6.977572353181388 16.190000534057617 31.479999542236328 AB 3.5598266456849657 1.0710540504518666
62798.0015 lsst_hardware_y -69.29324435959124 59.09000015258789 30.049999237060547 AB 3.052339967824608 1.0707147129086294
62798.0191 lsst_hardware_r -24.19652923350697 25.0 31.510000228881836 AB 3.0398864329833395 1.0770191082314755
