data/validation/pwv_sim_epoch_fit_seasonal/11538282.ecsv
# %ECSV 0.9
# ---
# datatype:
# - {name: time, datatype: float64}
# - {name: band, datatype: string}
# - {name: flux, datatype: float64}
# - {name: fluxerr, datatype: float64}
# - {name: zp, datatype: float64}
# - {name: zpsys, datatype: string}
# - {name: pwv, datatype: float64}
# - {name: airmass, datatype: float64}
# meta: {SNID: '11538282', alt: 1024.0, c: -0.12631870806217194, dec: -41.610443, lat: -30.244573, lon: -70.7499537, ra: 58.710938, t0: 61004.015625,
#   x0: 9.761709215519325e-06, x1: -0.32245567440986633, z: 0.46433475613594055}
# schema: astropy-2.0
time band flux fluxerr zp zpsys pwv airmass
60919.3951 lsst_hardware_z -10.137080100615291 40.18000030517578 30.940000534057617 AB 0.7531678763231904 1.0242536849363424
60919.4055 lsst_hardware_y 32.288272684946335 47.060001373291016 30.049999237060547 AB 0.6629459988779134 1.0205711336157743
60938.4 lsst_hardware_u -10.418279150525656 8.680000305175781 29.190000534057617 AB 6.237827352867489 1.0396378921445815
60940.3921 lsst_hardware_g -16.442742272565756 15.399999618530273 31.459999084472656 AB 1.452013739996013 1.0371526714257235
60941.3833 lsst_hardware_z 86.0441812740167 41.0099983215332 30.950000762939453 AB 1.45453834571238 1.031709430697988
60941.3959 lsst_hardware_r 19.20672752221241 25.8799991607666 31.530000686645508 AB 1.5062495700650678 1.0441938094038599
60950.3696 lsst_hardware_r 48.423533593429745 21.600000381469727 31.489999771118164 AB 2.5530644447777373 1.0422089174488933
60950.3813 lsst_hardware_u -1.1423687189388019 3.7899999618530273 28.68000030517578 AB 2.211022301155537 1.0573994744885922
60952.373 lsst_hardware_g -3.415952020969683 13.399999618530273 31.399999618530273 AB 2.515877763755504 1.0533296059265245
60952.3842 lsst_hardware_i 71.81680395884216 35.52000045776367 31.270000457763672 AB 2.0612324755732527 1.070862832577613
60955.3665 lsst_hardware_z 29.314539755634378 61.220001220703125 30.979999542236328 AB 3.8006005529300313 1.0557223758138976
60955.3791 lsst_hardware_r -29.54252861126535 81.05999755859375 31.649999618530273 AB 4.189235524529415 1.0764169905861487
60957.3692 lsst_hardware_y 115.29587324444292 72.94999694824219 30.790000915527344 AB 3.044263780610685 1.0685376555320059
60963.3487 lsst_hardware_r -7.678221325767144 23.959999084472656 31.510000228881836 AB 6.224123475666827 1.0618049203605517
60963.3608 lsst_hardware_z -16.366065893979286 41.869998931884766 30.950000762939453 AB 6.381547815172777 1.083178785567776
60965.3491 lsst_hardware_g 1.6510311985966024 13.239999771118164 31.389999389648438 AB 5.242207192857239 1.071551226693811
60965.3607 lsst_hardware_i 16.95361845456192 30.68000030517578 31.239999771118164 AB 5.346466555173793 1.0942420293028405
60968.3365 lsst_hardware_z -18.88053773183255 40.970001220703125 30.950000762939453 AB 0.6817429949783375 1.064114976554451
60968.3471 lsst_hardware_r 44.09365369582443 21.760000228881836 31.479999542236328 AB 0.6592362307405273 1.0830825258621424
60970.3659 lsst_hardware_u -1.9798725982222816 4.230000019073486 28.690000534057617 AB 3.6682387352026082 1.1417161152234052
60972.2606 lsst_hardware_r 14.704394258368376 21.459999084472656 31.489999771118164 AB 3.013386499313727 1.0206220150088114
60974.334 lsst_hardware_z 44.63150722512639 41.279998779296875 30.940000534057617 AB 2.5954632521623773 1.089729506523513
60974.3457 lsst_hardware_r 7.843070936521521 21.93000030517578 31.469999313354492 AB 2.6634843347928103 1.1166088603099615
60976.3169 lsst_hardware_r 0.12730481008476516 21.637245224669336 31.469999313354492 AB 3.016586363637572 1.0678181818186097
60976.3281 lsst_hardware_u -3.4272184528821183 2.610831482280148 28.3700008392334 AB 3.179801349601224 1.0888176971098498
60979.214 lsst_hardware_r 81.60585174741614 64.92637445446351 32.790000915527344 AB 3.957962423005181 1.0369527995123065
60979.2205 lsst_hardware_z 99.87342381212268 62.35046634070554 31.709999084472656 AB 3.9251860608356437 1.0312024154394774
60982.2757 lsst_hardware_z 274.6461932982167 75.53419398952066 31.729999542236328 AB 5.501948269003458 1.0354984195113361
60991.2693 lsst_hardware_r 2063.787277302476 52.167772970591706 31.530000686645508 AB 4.334996537578077 1.0573162286775797
60991.2806 lsst_hardware_i 1112.3231520696327 47.30091131638662 31.25 AB 4.411732144103867 1.076032230269236
60995.2592 lsst_hardware_i 1683.2181806541842 50.63555004481214 31.239999771118164 AB 6.186765826281716 1.0585393975288906
60995.272 lsst_hardware_u 21.95584939273385 5.460087084284583 28.420000076293945 AB 6.323037079011697 1.0803993300318002
60999.2943 lsst_hardware_r 3351.287360626075 62.12887865319174 31.459999084472656 AB 5.63483579972154 1.1649443456113338
60999.3069 lsst_hardware_u 9.113505463771764 3.875071209581396 28.260000228881836 AB 5.897769207361427 1.2095506988025895
61001.2916 lsst_hardware_g 1514.4071995396046 41.94988878870937 31.34000015258789 AB 3.4407612699846424 1.17405411851093
61001.3039 lsst_hardware_r 3497.121220611454 62.94812684222614 31.450000762939453 AB 5.486455844548992 1.219212409899776
61004.1683 lsst_hardware_r 3562.076722832615 63.64722447527147 31.489999771118164 AB 6.038042747511641 1.0220401299142696
61004.1815 lsst_hardware_g 1547.4871969044173 40.99471118822067 31.389999389648438 AB 6.0515804239730455 1.0197287764719936
61006.1691 lsst_hardware_r 3514.349198131908 63.74995334386046 31.5 AB 3.609533272889766 1.0203627626542016
61006.182 lsst_hardware_i 2308.4895215707843 55.96586389899159 31.25 AB 3.6846649355363637 1.020211795718421
61011.236 lsst_hardware_z 1642.623207085263 65.37867638482078 30.959999084472656 AB 6.906034181198358 1.0961959017775171
61011.2462 lsst_hardware_r 3273.9884884576772 82.12351749489383 31.610000610351562 AB 7.0591209247888544 1.1204953848871197
61013.2685 lsst_hardware_i 2123.592301840263 82.23307814506849 31.299999237060547 AB 5.2896596316240405 1.2088808482418962
61013.2787 lsst_hardware_r 2995.940784124975 101.54961295197285 31.600000381469727 AB 5.455990537993329 1.2510392184033314
61015.2735 lsst_hardware_z 2760.8573782681287 98.31027031946897 31.700000762939453 AB 6.511425153897896 1.2521971449803646
61017.1305 lsst_hardware_z 1223.7142529272767 56.67754588186156 30.959999084472656 AB 3.784829776276227 1.0229269665611425
61017.1435 lsst_hardware_r 2503.12553328793 63.465057369371415 31.610000610351562 AB 3.773307292214518 1.0198127816795994
61020.128 lsst_hardware_u 11.449755870801757 3.3535976376508976 28.3799991607666 AB 9.795447813722713 1.021006139000181
61020.1406 lsst_hardware_r 1757.6354118520592 47.143209161727775 31.469999313354492 AB 9.765909735230345 1.0198407186671785
61022.1214 lsst_hardware_i 3008.065217099846 67.7634925878453 32.0 AB 12.072020011440488 1.0213214899694951
61022.135 lsst_hardware_z 1933.5119897153352 71.39050867081689 31.700000762939453 AB 10.505619340858155 1.0198310258404888
61026.1657 lsst_hardware_r 1197.3515898869666 39.709853835558675 31.479999542236328 AB 9.821770003450878 1.0464648226143634
61026.1788 lsst_hardware_i 1275.6753063525819 45.67547447807105 31.239999771118164 AB 9.109261380639813 1.0652030458748565
61028.1077 lsst_hardware_r 961.3688292575014 37.76615377498256 31.489999771118164 AB 3.1478159221839976 1.0206374241072134
61028.1202 lsst_hardware_i 1129.6782486264808 44.639577434095685 31.25 AB 3.145789578672106 1.0199804091884699
61030.1147 lsst_hardware_z 725.2570616878146 48.82611031785382 30.950000762939453 AB 3.1619270589026685 1.019976470613764
61030.1268 lsst_hardware_r 810.017188558025 35.762312257521856 31.479999542236328 AB 4.24290058488524 1.023310361142054
61032.1123 lsst_hardware_u 9.857164220704668 4.475181567779525 28.43000030517578 AB 4.344731804499342 1.0204490263444292
61032.1249 lsst_hardware_r 754.3035848236113 34.294208737047946 31.489999771118164 AB 4.3842874344588365 1.0250447962729619
61036.1023 lsst_hardware_r 632.2372308002844 36.23340591781222 31.549999237060547 AB 5.165976043061461 1.0206413203717826
61036.1136 lsst_hardware_z 663.0623416426605 48.842199907179214 30.950000762939453 AB 5.130632075608045 1.024845358423643
61038.0962 lsst_hardware_y 325.88309991163254 50.42297660194007 30.059999465942383 AB 7.653801492503689 1.0205068656671585
61038.1097 lsst_hardware_r 513.6383928690508 46.266764908859145 31.610000610351562 AB 7.6927425609499895 1.0256990081266653
61040.107 lsst_hardware_i 687.3472458046116 54.93255584558633 31.309999465942383 AB 7.6364569235541495 1.027372114025851
61040.1189 lsst_hardware_z 645.9978014417837 55.274209545942355 30.969999313354492 AB 7.693582482118349 1.0370107133196318
61042.0918 lsst_hardware_z 646.2709024912449 60.82421134562398 30.979999542236328 AB 5.169006498947119 1.0224015228100911
61042.104 lsst_hardware_r 372.45059842441793 77.74277058314043 31.649999618530273 AB 5.192796927678406 1.0290407585193768
61043.092 lsst_hardware_z 544.1527642720345 61.54783297081197 30.979999542236328 AB 4.330961564153211 1.0236259901094802
61043.1057 lsst_hardware_r 371.33970342582046 81.06365424498608 31.649999618530273 AB 4.397286095956566 1.0324691467378648
61045.0946 lsst_hardware_i 686.6129927525176 54.417704947148906 31.309999465942383 AB 10.744362622519988 1.0282014695065216
61045.1074 lsst_hardware_z 525.5522260133313 55.99883380431188 30.969999313354492 AB 10.865376248553735 1.0391854096872888
61048.0904 lsst_hardware_r 270.9728223450678 27.386764073416504 31.479999542236328 AB 6.008059204072648 1.0311314423465643
61048.1042 lsst_hardware_u 20.814554892882754 5.182132269386451 28.440000534057617 AB 6.159817208424185 1.0447451167612254
61056.0646 lsst_hardware_i 333.1114043571852 34.917290131629294 31.239999771118164 AB 3.4581905433977296 1.0282288094544652
61056.0786 lsst_hardware_z 368.07827825002454 44.37862748117101 30.940000534057617 AB 3.533268335905608 1.040497190872593
61297.3205 lsst_hardware_r -16.43329416342736 21.510000228881836 31.479999542236328 AB 1.720036107036025 1.066468600001669
61297.3371 lsst_hardware_y -25.75617760689963 46.630001068115234 30.049999237060547 AB 1.537858584264889 1.0432053708974607
61303.3962 lsst_hardware_g 13.254030588973391 18.5 31.540000915527344 AB 5.924927977977607 1.0351931471959652
61305.3894 lsst_hardware_z 27.46619449189764 41.56999969482422 30.950000762939453 AB 1.4475714074592663 1.033979576756619
61309.3796 lsst_hardware_r -2.097801384231281 73.91000366210938 31.649999618530273 AB 3.339398576211919 1.034991035553051
61309.3914 lsst_hardware_i -79.10792345218096 60.220001220703125 31.31999969482422 AB 3.4110985072906557 1.04784922402942
61313.3773 lsst_hardware_r 19.124250603458375 55.400001525878906 31.639999389648438 AB 3.276539191830897 1.043982536826692
61313.388 lsst_hardware_z -13.588809525332572 57.720001220703125 30.979999542236328 AB 3.364864946089859 1.058216823992408
61317.372 lsst_hardware_z 61.93018946256779 41.93000030517578 30.950000762939453 AB 2.473412441603688 1.0510251168286702
61317.3832 lsst_hardware_r 14.028558999773335 28.09000015258789 31.540000915527344 AB 2.0447907396444287 1.0679617372795296
61321.3647 lsst_hardware_r 47.340335408489686 21.709999084472656 31.479999542236328 AB 4.731192779221231 1.056069816790258
61321.3769 lsst_hardware_i 24.04719318780759 32.04999923706055 31.25 AB 4.381624012035411 1.0761254225220005
61323.3623 lsst_hardware_z 46.05131444220409 41.0099983215332 30.950000762939453 AB 3.1819550993748233 1.0606516997916078
61323.374 lsst_hardware_r -31.472997724178338 22.59000015258789 31.489999771118164 AB 3.242871857505258 1.080957285835086
61326.348 lsst_hardware_g 3.5145486339732113 12.960000038146973 31.389999389648438 AB 5.772778817554143 1.0517953571201863
61326.3597 lsst_hardware_i 39.29640735280923 30.270000457763672 31.239999771118164 AB 5.875656833669726 1.0697924683503377
61330.345 lsst_hardware_u -1.8627495498552749 2.6700000762939453 28.459999084472656 AB 5.209751399307876 1.063503960119985
61330.3557 lsst_hardware_g 9.97892820521319 13.100000381469727 31.389999389648438 AB 5.289631478380362 1.082535946186012
61332.3391 lsst_hardware_r -25.17172017016215 21.729999542236328 31.489999771118164 AB 4.053883258002102 1.0628025669847336
61332.3508 lsst_hardware_i 20.965241368160832 30.1299991607666 31.25 AB 4.125595091574024 1.0836392133014114
61334.3399 lsst_hardware_z -60.366572143503596 41.34000015258789 30.950000762939453 AB 2.6950021776397364 1.073385314204814
61334.3506 lsst_hardware_r -58.30665886459195 22.0 31.479999542236328 AB 2.7634178190839265 1.0945312680795827
61337.3327 lsst_hardware_z 1.0872147425741205 51.66999816894531 30.969999313354492 AB 3.392636134169068 1.0751784922757022
61337.3445 lsst_hardware_r -13.758642444783098 49.0099983215332 31.6200008392334 AB 3.907793289856531 1.0991355587445708
61340.3163 lsst_hardware_z 89.20957752816665 59.439998626708984 30.979999542236328 AB 3.320794732320375 1.0612958556472913
61340.327 lsst_hardware_i -54.36046404816589 64.88999938964844 31.31999969482422 AB 3.4241496938742224 1.0798327637572445
61348.1471 lsst_hardware_g -14.807525281847598 13.100000381469727 31.3799991607666 AB 5.833845807849537 1.1438913348724582
61355.2677 lsst_hardware_z 17.609643889806907 40.66999816894531 30.940000534057617 AB 1.7435831844912406 1.0502985901252828
61355.2796 lsst_hardware_r 0.5871078574792576 21.6299991607666 31.479999542236328 AB 1.8082275124094624 1.0682188819432654
61358.3017 lsst_hardware_g 14.036119959199597 13.0 31.3700008392334 AB 6.729541007029862 1.1357555636178778
61358.3128 lsst_hardware_i 40.2455242819175 30.809999465942383 31.229999542236328 AB 6.931498820060178 1.1696264619379975
61360.2611 lsst_hardware_g 6.340245476575493 12.75 31.360000610351562 AB 6.3204609685972 1.0603799504823916
61360.2733 lsst_hardware_r -3.9223798862059427 21.700000762939453 31.459999084472656 AB 6.438317413152469 1.0815816239558824
61362.2578 lsst_hardware_i -27.343767572221385 29.709999084472656 31.229999542236328 AB 4.2551241414945125 1.0637810353736281
61362.2699 lsst_hardware_r 32.78386499771117 21.6299991607666 31.469999313354492 AB 4.342626626141248 1.085656656535312
61363.2837 lsst_hardware_g 3.43062111877955 12.84000015258789 31.350000381469727 AB 5.97760931543946 1.123927670478548
61363.2967 lsst_hardware_r -2.729784440483428 22.010000228881836 31.450000762939453 AB 7.232050967338461 1.1616819480104124
61365.2909 lsst_hardware_i 21.876112458632633 40.27000045776367 31.260000228881836 AB 3.923611906016181 1.1606030090762596
61365.3033 lsst_hardware_z -5.7020121347280845 42.709999084472656 30.93000030517578 AB 5.038633716518861 1.2036151009898741
61367.2919 lsst_hardware_r -18.114677352515027 74.11000061035156 31.6200008392334 AB 7.65395236484748 1.1820775853046301
61367.3045 lsst_hardware_z -71.22827738119442 58.150001525878906 30.950000762939453 AB 7.853371561880519 1.2299720535443257
61371.1691 lsst_hardware_z 109.65253364417974 49.15999984741211 30.969999313354492 AB 3.609964588912106 1.020484689444969
61371.1818 lsst_hardware_g -98.48159590422864 59.41999816894531 31.729999542236328 AB 3.6505765094582934 1.0200702785770914
61373.2436 lsst_hardware_i 40.558616420159005 39.529998779296875 31.280000686645508 AB 5.560603088883722 1.0934230830563452
61373.2561 lsst_hardware_r 2.953316341340188 41.54999923706055 31.59000015258789 AB 5.517019617830074 1.1231526917289147
61380.2056 lsst_hardware_r 2.299436579388518 21.639999389648438 31.479999542236328 AB 5.506927953963396 1.0590246065314224
61380.2174 lsst_hardware_i -28.038104746800734 30.110000610351562 31.239999771118164 AB 5.7519078034531725 1.0791065716342587
61384.1723 lsst_hardware_u 2.1400787513342943 2.6700000762939453 28.479999542236328 AB 9.97540833861251 1.0327756980945777
61384.1859 lsst_hardware_g 4.488362276167717 12.869999885559082 31.399999618530273 AB 10.097063049354672 1.0469516084045343
61391.1232 lsst_hardware_r -40.23025588550595 29.280000686645508 31.56999969482422 AB 9.820115522438119 1.0197420064836544
61391.1352 lsst_hardware_g -24.344502900392513 24.479999542236328 31.6299991607666 AB 9.597990341767247 1.0220322832936228
61404.1028 lsst_hardware_r 32.798440519409894 21.40999984741211 31.489999771118164 AB 7.65300922366839 1.023254974250739
61404.1152 lsst_hardware_u -0.9251584942980937 2.609999895095825 28.43000030517578 AB 7.5912910927756725 1.0307601877560568
61406.0922 lsst_hardware_u -2.043894585096233 2.6500000953674316 28.469999313354492 AB 7.074678834515162 1.0213738621111799
61406.1057 lsst_hardware_g 6.260653166770942 12.819999694824219 31.399999618530273 AB 7.121424202539072 1.027850951371455
61410.0876 lsst_hardware_z 75.99351542863725 40.41999816894531 30.950000762939453 AB 10.67609420671018 1.0237911590631161
61410.0994 lsst_hardware_r 57.912522429862385 21.399999618530273 31.479999542236328 AB 10.808559382021576 1.0312198876117769
61414.0785 lsst_hardware_i -5.821647571596255 29.5 31.25 AB 8.732233451322568 1.0246895368354894
61414.0919 lsst_hardware_z -2.811848628796263 40.439998626708984 30.950000762939453 AB 6.80954893481296 1.0341000660308215
61416.0812 lsst_hardware_r -27.24870357435261 21.489999771118164 31.489999771118164 AB 6.3849253168156554 1.029826664002525
61416.0935 lsst_hardware_u -0.17134182036623988 2.680000066757202 28.489999771118164 AB 5.96236642537234 1.0410976820974962
61419.0693 lsst_hardware_g -2.221533580857366 16.969999313354492 31.520000457763672 AB 6.790482778992666 1.027265652432611
61421.0702 lsst_hardware_i 80.57368423238093 34.86000061035156 31.270000457763672 AB 3.4839374345441145 1.0318955748372054
61421.0834 lsst_hardware_z -22.770231458564684 43.18000030517578 30.950000762939453 AB 3.933753148034581 1.0451685547750464
