data/validation/pwv_sim_epoch_fit_seasonal/11596720.ecsv
# %ECSV 0.9
# ---
# datatype:
# - {name: time, datatype: float64}
# - {name: band, datatype: string}
# - {name: flux, datatype: float64}
# - {name: fluxerr, datatype: float64}
# - {name: zp, datatype: float64}
# - {name: zpsys, datatype: string}
# - {name: pwv, datatype: float64}
# - {name: airmass, datatype: float64}
# meta: {SNID: '11596720', alt: 1024.0, c: 0.0359373539686203, dec: -29.313198, lat: -30.244573, lon: -70.7499537, ra: 45.527344, t0: 62790.3046875,
#   x0: 9.546552844713752e-06, x1: 1.3219140768051147, z: 0.4691685140132904}
# schema: astropy-2.0
time band flux fluxerr zp zpsys pwv airmass
62707.3452 lsst_hardware_r 8.293695377759997 24.469999313354492 31.43000030517578 AB 7.462502956829681 1.3548685298730037
62707.3641 lsst_hardware_z -62.5643300364426 44.4900016784668 30.920000076293945 AB 6.862928114657933 1.2461812997593318
62711.2887 lsst_hardware_z 24.17689664473106 49.54999923706055 30.860000610351562 AB 7.516222907945784 1.7981753004515522
62711.32 lsst_hardware_u 0.7640639309250141 2.3299999237060547 28.010000228881836 AB 5.403320219166314 1.4603568159908957
62716.3793 lsst_hardware_z -8.893316869302891 41.689998626708984 30.940000534057617 AB 3.0081408619677306 1.0974610952089496
62716.3993 lsst_hardware_r 2.5689716560759583 22.06999969482422 31.479999542236328 AB 2.878137795639218 1.0520791259799749
62722.3586 lsst_hardware_r 10.722582797895443 22.239999771118164 31.479999542236328 AB 5.4405088485340665 1.10951541725993
62722.3763 lsst_hardware_z 13.807446610301701 41.02000045776367 30.950000762939453 AB 4.173147138468716 1.0653030476009315
62723.3729 lsst_hardware_g -4.085475025615533 13.229999542236328 31.399999618530273 AB 5.458669833058844 1.0667367683403273
62723.3933 lsst_hardware_r 26.9501196038972 21.81999969482422 31.489999771118164 AB 5.35954892327325 1.0306824852448557
62725.3517 lsst_hardware_i -59.98704643626755 58.59000015258789 31.309999465942383 AB 3.455887361616804 1.1058249783851968
62725.3688 lsst_hardware_z 99.03386695944491 54.65999984741211 30.969999313354492 AB 3.3074933846961083 1.0638447683165353
62731.3445 lsst_hardware_z -1.466055762840254 51.52000045776367 30.969999313354492 AB 4.277555342790497 1.0817386856926148
62731.3625 lsst_hardware_r 25.296085177634332 56.18000030517578 31.639999389648438 AB 4.387463220998972 1.0446341002378505
62733.3408 lsst_hardware_z 9.877999721334744 45.75 30.959999084472656 AB 2.8895998289108356 1.077538780202922
62733.3587 lsst_hardware_r -10.346693129887857 39.04999923706055 31.610000610351562 AB 2.730645294432948 1.0418333820804837
62735.3534 lsst_hardware_z -51.53085137846793 41.900001525878906 30.959999084472656 AB 1.9655265572918836 1.0415685002211998
62735.3721 lsst_hardware_i 33.78914239256357 31.940000534057617 31.270000457763672 AB 1.9644283277669539 1.016740993452812
62736.3279 lsst_hardware_r -15.407425304613158 23.329999923706055 31.5 AB 2.1953888148465417 1.0890725828093635
62736.3479 lsst_hardware_z -49.32183877685051 41.2400016784668 30.950000762939453 AB 2.110523901503669 1.0462813690012405
62738.3378 lsst_hardware_g 10.612035302766788 13.199999809265137 31.399999618530273 AB 2.0265541015882924 1.0548102025183046
62738.3553 lsst_hardware_r -24.085644888692684 21.780000686645508 31.489999771118164 AB 1.9715194627906976 1.0266993687231858
62740.3466 lsst_hardware_i 5.659416493222117 29.799999237060547 31.25 AB 2.7980313408269595 1.031088812489974
62740.3671 lsst_hardware_z -37.2549760620964 40.290000915527344 30.950000762939453 AB 2.75144718335287 1.0091498930323348
62744.2522 lsst_hardware_z 38.72596542367814 44.58000183105469 30.920000076293945 AB 6.286926996052384 1.3050185772812422
62744.2701 lsst_hardware_r 16.356328695127893 22.579999923706055 31.450000762939453 AB 5.986776091644657 1.2130439196902587
62747.2691 lsst_hardware_u -0.6666675316237131 2.5 28.260000228881836 AB 1.454452502206833 1.1824817091112465
62747.2874 lsst_hardware_g -5.286196088262489 13.079999923706055 31.360000610351562 AB 1.392962135608382 1.1182462956449413
62751.2567 lsst_hardware_r 27.46991192555162 43.810001373291016 31.579999923706055 AB 2.3793852832124167 1.1885041374687397
62751.2745 lsst_hardware_y -1.4515813897559267 49.099998474121094 30.020000457763672 AB 2.2381946983010943 1.1243442891666582
62753.2655 lsst_hardware_z 13.109775592431095 51.47999954223633 30.959999084472656 AB 4.883669496555146 1.135737092222127
62753.2834 lsst_hardware_r -23.609796687974583 58.810001373291016 31.6299991607666 AB 4.662395565511788 1.0842780384911135
62755.26 lsst_hardware_i -67.64235145097649 68.76000213623047 31.309999465942383 AB 3.1789185701444067 1.1358689507424036
62755.278 lsst_hardware_z 40.645937360293196 60.810001373291016 30.979999542236328 AB 3.022372829904367 1.0841296693624798
62757.2634 lsst_hardware_r 14.945345476132873 91.87000274658203 31.639999389648438 AB 3.8709746314889917 1.1085000734488673
62757.2809 lsst_hardware_z -4.250655482489578 63.849998474121094 30.989999771118164 AB 3.7172228304412727 1.0649796816353174
62758.2536 lsst_hardware_z -17.909478080956635 88.68000030517578 31.729999542236328 AB 2.3666465436101216 1.1300238151884388
62760.2636 lsst_hardware_z 38.832823663630265 54.15999984741211 30.969999313354492 AB 4.443505020780585 1.0859890071154181
62762.2456 lsst_hardware_r 88.40215964743116 42.56755502027152 31.600000381469727 AB 1.5418037144590793 1.120836286030627
62762.2629 lsst_hardware_y -94.97378689390322 48.915730385764505 30.040000915527344 AB 1.7547943829132124 1.0745832106019535
62764.2431 lsst_hardware_g 16.33706208108079 14.774742906104013 31.43000030517578 AB 6.501392702797454 1.1119510908122945
62764.2613 lsst_hardware_r 21.433503619900357 26.557112697866206 31.520000457763672 AB 7.355549419278385 1.0660216549678818
62765.2547 lsst_hardware_i 111.57343850017509 31.72051249637695 31.25 AB 4.172154909251003 1.0746052567291702
62765.2711 lsst_hardware_z 89.47945388250514 41.865617780688765 30.950000762939453 AB 4.055567501564956 1.0422274337460755
62767.2491 lsst_hardware_r 272.29015100591056 27.358226910534984 31.479999542236328 AB 2.133012760892426 1.0749266391193142
62767.2659 lsst_hardware_u 8.09274600940743 3.4247274148456497 28.440000534057617 AB 1.8181062304596054 1.0417951850595861
62771.2003 lsst_hardware_i 691.7974960985463 40.706816396999756 31.219999313354492 AB 4.721223755530261 1.1960034846182415
62771.2203 lsst_hardware_u -1.8287142859984586 2.9105920682457365 28.309999465942383 AB 3.8226212325444386 1.1230891878986697
62772.1984 lsst_hardware_g 344.0387169185556 23.24771922717796 31.350000381469727 AB 5.352901510936036 1.1925149564882547
62772.2179 lsst_hardware_r 1188.2322441394913 40.677297619356175 31.469999313354492 AB 4.169407644234239 1.1220653000856209
62774.2028 lsst_hardware_i 1166.5028044015999 45.810144463866344 31.229999542236328 AB 4.877415440091182 1.1542584905652904
62774.223 lsst_hardware_r 1527.8942175328018 45.57388548549731 31.479999542236328 AB 4.202480622161212 1.0920497946238452
62776.2018 lsst_hardware_u -4.8949993545783785 3.592347145811985 28.3700008392334 AB 5.168068063005206 1.1387590296744057
62781.1861 lsst_hardware_i 2299.111518597829 65.55583572974585 31.290000915527344 AB 5.254679748417812 1.1457464700830537
62783.1853 lsst_hardware_z 1900.8209780353332 71.50123224059016 30.969999313354492 AB 3.607884887608675 1.1301717304821373
62785.2187 lsst_hardware_r 11638.973128323998 206.3430454234925 32.849998474121094 AB 3.7391203410439013 1.0386445391788615
62785.255 lsst_hardware_z 1973.350888826171 80.79272009975523 31.0 AB 4.113827610277236 1.002964878572264
62787.2008 lsst_hardware_r 3889.917135392294 112.07010216908932 31.649999618530273 AB 7.064515286583631 1.0612160562691348
62787.2193 lsst_hardware_y 677.0601707407884 59.64562006115149 30.059999465942383 AB 5.988322142276471 1.0296732394405659
62791.1932 lsst_hardware_r 3767.976415090778 72.28753386688102 31.600000381469727 AB 6.888443334836402 1.0546226080382346
62791.2129 lsst_hardware_i 2634.206017729778 65.39177275774802 31.299999237060547 AB 5.37444799000647 1.0238018839901837
62796.1021 lsst_hardware_r 2962.24308375733 59.2638501727527 31.440000534057617 AB 5.931685256016225 1.3556588403647454
62796.1191 lsst_hardware_u 7.682881271256774 2.9554975152842733 28.299999237060547 AB 5.509250318831323 1.2563854774985912
62799.0966 lsst_hardware_g 634.5267604922685 28.974604599674908 31.31999969482422 AB 6.040223072099834 1.3382076077320975
62799.1151 lsst_hardware_r 2699.4284253072137 57.44980151471382 31.459999084472656 AB 5.606913294605404 1.2355472222576913
62801.101 lsst_hardware_i 2111.5191456356424 56.04326309490674 31.219999313354492 AB 5.406184888929239 1.2799743245827886
62801.1186 lsst_hardware_z 1654.5788004393219 59.698734856126414 30.940000534057617 AB 5.025316073333105 1.1951284807166402
62803.1051 lsst_hardware_r 2484.216730261496 54.60495593315981 31.479999542236328 AB 3.6031294098872038 1.231137611578771
62803.1233 lsst_hardware_g 506.393335202947 26.97061322533852 31.40999984741211 AB 3.4466226429063997 1.1554216033878382
62807.1105 lsst_hardware_r 2113.712540079468 54.35775842883419 31.530000686645508 AB 6.558328438583741 1.1623089833555589
62807.1278 lsst_hardware_i 1993.5576316805548 54.307714312557856 31.260000228881836 AB 4.3130140680709435 1.1059010430951137
62813.1467 lsst_hardware_z 2167.5928343422433 99.92036302893099 31.739999771118164 AB 6.114042457068631 1.0319349276325958
62817.1366 lsst_hardware_r 1270.719730629913 87.45043405949934 31.65999984741211 AB 4.47079765092265 1.0307710538555142
62817.156 lsst_hardware_i 1380.4272530609542 75.30274703218763 31.34000015258789 AB 4.344873167246983 1.009809381913421
62822.1213 lsst_hardware_i 1074.0530251203525 44.21459184735511 31.239999771118164 AB 3.2026999550344155 1.0331290177530372
62822.1388 lsst_hardware_u 3.913831892088764 2.900828058753466 28.389999389648438 AB 2.7657756415437467 1.012733665889325
62829.0179 lsst_hardware_y 272.46609340127003 82.23076386760599 29.969999313354492 AB 10.193848098828097 1.3182836579224901
62829.0366 lsst_hardware_g 76.32678897235485 16.513083097330092 31.3700008392334 AB 9.474016786088066 1.2195164489086159
62831.0198 lsst_hardware_y 480.03002612217887 81.17630446340391 29.989999771118164 AB 6.093332232229024 1.2760905198385388
62831.0356 lsst_hardware_i 756.9674462806645 42.4254320175606 31.229999542236328 AB 5.707815760342085 1.1997510794201451
62833.0216 lsst_hardware_y 320.7382786925355 75.9290617015493 30.0 AB 5.549080519353715 1.238772300335688
62833.0387 lsst_hardware_i 793.2351318760061 41.579906401523886 31.229999542236328 AB 5.1738000692713575 1.1653359016321543
62835.0234 lsst_hardware_y 365.9656782594563 75.87017871892769 30.0 AB 6.722747558796746 1.2052794691043425
62835.0395 lsst_hardware_g 74.71674126260837 19.705545422658464 31.479999542236328 AB 6.372952649538019 1.1428571910224194
62838.0339 lsst_hardware_z 1469.2124291754637 89.05413997399381 31.719999313354492 AB 7.606817499806325 1.134171304438017
62840.0303 lsst_hardware_y 306.18840261613826 67.79089228552714 30.040000915527344 AB 2.4519348829143763 1.1281476398517125
62840.05 lsst_hardware_r 230.21405279768132 63.77560714587211 31.639999389648438 AB 1.5042085871409208 1.0744347051006577
62844.0336 lsst_hardware_y 250.69379410772171 65.597413998966 30.049999237060547 AB 5.336991679324312 1.0876282207712986
62844.0544 lsst_hardware_z 690.4754491698594 69.52815474350281 30.989999771118164 AB 5.62671439265994 1.0439173270241076
62849.0386 lsst_hardware_y 126.72348505123516 55.52082698143796 30.049999237060547 AB 8.79158039187015 1.0476560546419245
62849.0615 lsst_hardware_r 245.776425891352 26.519041118208477 31.489999771118164 AB 8.027077851633253 1.0160858040042091
63066.3663 lsst_hardware_z 44.27580966191627 45.130001068115234 30.920000076293945 AB 2.8809519092179507 1.3290567011611507
63066.3861 lsst_hardware_r 19.93577128990226 23.200000762939453 31.459999084472656 AB 3.3176508427136766 1.222533705283713
63068.3799 lsst_hardware_u -0.9192019543409704 2.5999999046325684 28.299999237060547 AB 7.0993140612162495 1.2259748842924059
63068.3988 lsst_hardware_g -5.257111162706708 13.619999885559082 31.3700008392334 AB 6.645945061403658 1.1490223135206878
63070.3573 lsst_hardware_r -19.49286039655522 23.700000762939453 31.440000534057617 AB 5.93330259073253 1.3172919720405245
63070.377 lsst_hardware_i 6.12901516924472 31.989999771118164 31.229999542236328 AB 6.278777570348504 1.214228886162929
63084.3592 lsst_hardware_r -91.4032987085636 63.939998626708984 31.6200008392334 AB 2.9795058332104514 1.1351219124555658
63084.3776 lsst_hardware_i -47.1419370133128 53.2400016784668 31.309999465942383 AB 3.118954787287578 1.0825945113806241
63086.3654 lsst_hardware_z 59.342107799178486 48.709999084472656 30.959999084472656 AB 2.7555379296431486 1.1000151415741113
63086.3842 lsst_hardware_i -4.072913346312866 44.400001525878906 31.299999237060547 AB 1.478640624548428 1.0561718746774487
63092.2899 lsst_hardware_r 57.598324295055725 40.45000076293945 32.630001068115234 AB 4.974072991441749 1.3641612592229684
63092.3158 lsst_hardware_u 1.2767583774729716 4.380000114440918 29.459999084472656 AB 4.1347816860468685 1.2193998582590913
63096.3347 lsst_hardware_r -1.4709377522484357 22.350000381469727 31.489999771118164 AB 4.613436314443893 1.1095770187462763
63096.3536 lsst_hardware_g 8.786992267317059 13.34000015258789 31.40999984741211 AB 4.447295806780889 1.062823366087879
63101.3595 lsst_hardware_i 2.922233875454392 29.8799991607666 31.25 AB 2.0826180836841357 1.0293005355934772
63101.3775 lsst_hardware_z -12.867887692574849 40.36000061035156 30.950000762939453 AB 2.321143213447369 1.010071024128533
63107.2546 lsst_hardware_z -8.796040777057001 73.56999969482422 31.68000030517578 AB 8.036079347078177 1.3276192544322116
63111.2159 lsst_hardware_r 172.73229550598413 141.27000427246094 32.27000045776367 AB 3.3584540931123494 1.5424030432603661
63111.253 lsst_hardware_y 99.84038165320106 80.48999786376953 30.719999313354492 AB 3.7015922616862698 1.2737392005343744
63112.2806 lsst_hardware_z -47.17841310376535 62.029998779296875 30.969999313354492 AB 1.4778394460310331 1.1423649415339086
63112.3007 lsst_hardware_r 40.7759618001041 82.44999694824219 31.639999389648438 AB 1.6905983995200453 1.0837169227692598
63114.2638 lsst_hardware_i -21.063137942988583 57.36000061035156 31.290000915527344 AB 2.7491333867491554 1.1846308762205497
63114.2828 lsst_hardware_z -16.81949177363266 55.290000915527344 30.969999313354492 AB 2.6287294529965126 1.117736285024482
63117.2609 lsst_hardware_r -24.813257167144513 33.9900016784668 31.559999465942383 AB 3.285103054712135 1.1640014366948837
63117.278 lsst_hardware_z 50.179778483520785 44.83000183105469 30.950000762939453 AB 3.1084680892478764 1.1077604333137683
63122.2591 lsst_hardware_z 19.357739359357385 42.029998779296875 30.940000534057617 AB 4.006009152215042 1.123442622729154
63122.2768 lsst_hardware_r -21.63415814621099 21.940000534057617 31.469999313354492 AB 3.7892585292025647 1.0756026576092437
63124.2354 lsst_hardware_g 13.382308110758935 13.270000457763672 31.350000381469727 AB 1.019676709962319 1.1891273585566402
63124.2506 lsst_hardware_r 6.015151583777634 22.34000015258789 31.469999313354492 AB 2.721809855426549 1.1331431537995624
63129.199 lsst_hardware_i 29.937497073354496 32.040000915527344 31.200000762939453 AB 8.134111001252485 1.3008853706373171
63129.215 lsst_hardware_z -31.107112769056467 43.25 30.93000030517578 AB 7.069314354897355 1.2184271552735877
63133.2353 lsst_hardware_z -30.394149423071873 41.810001373291016 30.940000534057617 AB 4.190424545826963 1.1049726322827538
63133.2511 lsst_hardware_g 11.624956922086145 13.260000228881836 31.399999618530273 AB 4.172787692398046 1.0659596021027473
63143.181 lsst_hardware_g -56.30408967428244 71.1500015258789 31.649999618530273 AB 2.6686489948170276 1.1997522829988134
63143.1985 lsst_hardware_r 78.57243116379944 70.56999969482422 31.6200008392334 AB 2.522897800739362 1.1338866520176907
63145.2074 lsst_hardware_z -26.70731153214635 47.290000915527344 30.950000762939453 AB 5.204146503242597 1.0918171621193578
63145.2276 lsst_hardware_r 0.006110935634994512 44.91999816894531 31.6200008392334 AB 5.08398904239753 1.0478130755147423
63147.2082 lsst_hardware_u 0.18559934372945083 2.619999885559082 28.389999389648438 AB 4.363033621867393 1.0764063211841148
63147.2287 lsst_hardware_g 6.500194293902672 18.020000457763672 31.520000457763672 AB 3.415698308365283 1.0368929850843258
63149.207 lsst_hardware_r 1.7556821661337436 22.31999969482422 31.489999771118164 AB 3.6386876600434674 1.066855256072166
