data/validation/pwv_sim_epoch_fit_seasonal/11676306.ecsv
# %ECSV 0.9
# ---
# datatype:
# - {name: time, datatype: float64}
# - {name: band, datatype: string}
# - {name: flux, datatype: float64}
# - {name: fluxerr, datatype: float64}
# - {name: zp, datatype: float64}
# - {name: zpsys, datatype: string}
# - {name: pwv, datatype: float64}
# - {name: airmass, datatype: float64}
# meta: {SNID: '11676306', alt: 1024.0, c: -0.09153067320585251, dec: -12.329984, lat: -30.244573, lon: -70.7499537, ra: 247.324219, t0: 61489.04296875,
#   x0: 4.487436112962199e-06, x1: -0.814603865146637, z: 0.6408898830413818}
# schema: astropy-2.0
time band flux fluxerr zp zpsys pwv airmass
61485.301 lsst_hardware_z 950.984157741326 66.48044922648593 30.959999084472656 AB 4.7563360096032925 1.2085722296031505
61485.3193 lsst_hardware_y 301.36761552578196 56.0689571180758 30.020000457763672 AB 4.519506439845442 1.1449759807069106
61487.3814 lsst_hardware_z 1028.4390754421338 72.06657935339418 30.989999771118164 AB 6.704054487347815 1.050627564229415
61487.3999 lsst_hardware_y 425.66424583066623 59.24653796256987 30.059999465942383 AB 6.688945270099332 1.055996411587704
61492.3564 lsst_hardware_r 1689.6835144268914 79.54326223790426 31.649999618530273 AB 8.22979971668889 1.0536166581345152
61492.3749 lsst_hardware_i 1351.4089331070961 69.27363694106596 31.329999923706055 AB 8.325546186867903 1.0511942660789824
61494.3565 lsst_hardware_z 894.262576977507 54.48708285373285 30.969999313354492 AB 6.646611845936636 1.051554300666319
61494.3766 lsst_hardware_r 1465.3188519364937 53.29845376098298 31.600000381469727 AB 7.766895454562706 1.0536622213841058
61497.3488 lsst_hardware_u 1.8889821022609052 3.0187213808969955 28.510000228881836 AB 9.42639691814964 1.05142737784239
61497.3662 lsst_hardware_r 1178.244460117813 42.18394691149526 31.520000457763672 AB 9.512076514964463 1.0526963523307316
61499.3494 lsst_hardware_i 1071.0006367532862 44.84447133200733 31.25 AB 8.004151772012376 1.050597449949122
61499.3697 lsst_hardware_z 838.2860382726103 50.77285991171278 30.950000762939453 AB 8.050887137552857 1.0577499085862705
61501.3471 lsst_hardware_r 889.1501115215863 38.52986768739809 31.510000228881836 AB 19.055385905193283 1.0507036293816232
61501.3663 lsst_hardware_u 1.379150502373136 2.8696847252174096 28.510000228881836 AB 19.17057205742451 1.0593427182220212
61503.3236 lsst_hardware_u -1.978769740812594 2.899413399421995 28.5 AB 10.542042984157984 1.055074735072233
61503.3421 lsst_hardware_g 126.37940949160192 18.554711441362393 31.469999313354492 AB 9.74413041697959 1.0507500314853713
61511.32 lsst_hardware_r 444.7396387244501 31.60887324291298 31.520000457763672 AB 17.86789240877656 1.050722856090828
61511.3379 lsst_hardware_g 17.58584432885314 16.27187739010178 31.469999313354492 AB 18.15439876732974 1.0584729479829602
61513.2512 lsst_hardware_z 446.4616827921859 57.88910779299849 30.969999313354492 AB 14.321380927635884 1.12234328697603
61513.2686 lsst_hardware_r 505.9675682172125 64.78906783810422 31.639999389648438 AB 13.801495088775726 1.0861118722599874
61515.2999 lsst_hardware_i 421.61393297367874 83.32901897278917 31.34000015258789 AB 3.739803922139374 1.0513680933740772
61515.3172 lsst_hardware_z 537.3203438680326 73.23613195156865 30.989999771118164 AB 3.7030587938770276 1.0527530330851536
61520.2956 lsst_hardware_y 136.46404876425322 57.04427444312706 30.049999237060547 AB 13.472688228760894 1.0507409660750056
61520.314 lsst_hardware_r 173.1314767638553 84.85546857508184 31.649999618530273 AB 13.538866474419399 1.058999430909838
61524.2893 lsst_hardware_r 162.04244781685568 33.49470574074607 31.559999465942383 AB 11.19586384664028 1.0516251118131061
61524.307 lsst_hardware_g 82.9818514518814 26.938803597499174 31.610000610351562 AB 12.796469503257924 1.0624179030767082
61526.2846 lsst_hardware_r 176.27225771285586 27.39721442111728 31.520000457763672 AB 9.566631596765427 1.0518465027916652
61526.3014 lsst_hardware_i 253.23820186445786 35.4640127614036 31.25 AB 10.346664935718046 1.062285927691791
61533.2627 lsst_hardware_i 243.2701535408782 33.981246488084096 31.260000228881836 AB 9.775604602112248 1.0511402797970157
61533.2808 lsst_hardware_z 315.3660861246833 44.67930115349146 30.950000762939453 AB 9.866618738675168 1.060926746094104
61535.2477 lsst_hardware_r 76.62979710145919 26.25509102913922 31.520000457763672 AB 6.515573010086634 1.0508988725946182
61535.2671 lsst_hardware_g 87.80215081445537 17.19496039424465 31.479999542236328 AB 7.490073158293319 1.0549398814497633
61539.1161 lsst_hardware_z 203.4507152177059 51.049913921659495 30.920000076293945 AB 8.794811270986312 1.4198156278834921
61539.1414 lsst_hardware_i 67.65499039075057 40.85165858736367 31.25 AB 7.972831466535839 1.2633897316505132
61543.1999 lsst_hardware_y 74.28334384860172 56.61939792568867 30.049999237060547 AB 7.8658156614942945 1.0674921166444495
61543.2204 lsst_hardware_r 208.87903624396154 94.40113381756495 31.65999984741211 AB 8.401198477491048 1.0522762846783351
61547.1906 lsst_hardware_i 215.98167270260018 152.46046868847782 32.09000015258789 AB 5.622529398571871 1.0656971582009833
61547.2092 lsst_hardware_z 652.2631357207425 130.25343577604437 31.75 AB 4.999140848127419 1.0523768538616418
61553.1989 lsst_hardware_r 59.463433101768864 30.617546389830213 31.559999465942383 AB 7.92901263755682 1.0508498812807237
61553.2193 lsst_hardware_i 130.77797418766235 36.825853390399836 31.280000686645508 AB 7.440074359905303 1.0557415105048498
61557.1044 lsst_hardware_r 104.004545160186 37.49106955761582 32.25 AB 9.016776856138874 1.208683224683495
61557.1277 lsst_hardware_u 1.878912888246296 4.410848293680121 29.229999542236328 AB 8.072295045071517 1.1310487662983442
61560.1727 lsst_hardware_g 35.10545700326774 16.93517837893709 31.479999542236328 AB 12.088000096606919 1.0527629886874068
61560.1938 lsst_hardware_r 57.87304232876947 25.734809055700428 31.520000457763672 AB 12.085323963236819 1.0525451979826432
61562.1515 lsst_hardware_i 90.54799768961782 33.23053358843577 31.260000228881836 AB 6.011107858067492 1.0637716866022195
61562.174 lsst_hardware_z 171.3058046937613 43.404181682722744 30.959999084472656 AB 5.748762956642807 1.0508981091906506
61571.1148 lsst_hardware_z -25.876020181561117 63.959999084472656 30.979999542236328 AB 13.400131331523673 1.0788721332896112
61571.1342 lsst_hardware_r -29.30639225604506 83.70999908447266 31.649999618530273 AB 13.008084547733302 1.0575105317651956
61573.1157 lsst_hardware_z -92.52085750919277 103.11000061035156 31.0 AB 5.748811072523396 1.070209942138961
61573.1356 lsst_hardware_r -84.57483737131665 149.35000610351562 31.65999984741211 AB 5.483242810320193 1.0534568319539275
61575.1182 lsst_hardware_i 104.95141049220616 110.47000122070312 31.34000015258789 AB 3.865529946545306 1.0616671097350017
61575.1383 lsst_hardware_z -32.46962806983815 93.38999938964844 31.0 AB 3.9935368108247222 1.0509307396907164
61577.1088 lsst_hardware_r -74.54832218446803 91.73999786376953 31.65999984741211 AB 3.1967424365105273 1.0655808121701758
61577.1283 lsst_hardware_z -5.652944225924943 65.5199966430664 30.989999771118164 AB 3.0701745602626747 1.0520301177370672
61579.105 lsst_hardware_g -73.57152813368901 55.41999816894531 31.700000762939453 AB 3.404340848933721 1.0638565152917878
61579.1237 lsst_hardware_r -37.483312627920945 55.68000030517578 31.6299991607666 AB 3.365641197170932 1.0517628741159162
61581.1021 lsst_hardware_i 11.251332402807625 31.479999542236328 31.25 AB 5.5344564843177 1.0614098833615735
61581.1197 lsst_hardware_z -24.364854538551945 41.7400016784668 30.950000762939453 AB 5.551421570293933 1.0513724131739404
61583.9713 lsst_hardware_r -13.980100056376685 25.790000915527344 31.389999389648438 AB 10.33444341827532 1.622361604124854
61583.9885 lsst_hardware_i -23.98414744521224 34.33000183105469 31.190000534057617 AB 9.301134302880165 1.4572108994772695
61588.1646 lsst_hardware_r 14.45905379328124 34.2400016784668 32.25 AB 9.812340015377936 1.1147852778207679
61588.1933 lsst_hardware_u -1.0447107900335995 3.799999952316284 29.079999923706055 AB 9.787660846854836 1.2042769859452884
61590.0937 lsst_hardware_g -8.476596884787941 15.1899995803833 31.459999084472656 AB 9.296187837070274 1.0517536797703604
61590.1155 lsst_hardware_r 54.60517650340086 24.110000610351562 31.520000457763672 AB 9.362849241782094 1.0541671677070503
61595.0817 lsst_hardware_i -28.100412489595296 32.349998474121094 31.260000228881836 AB 2.96840199065384 1.05131998960646
61595.1026 lsst_hardware_z -76.15306493969214 42.09000015258789 30.950000762939453 AB 3.309228628472217 1.0545661658611272
61597.0475 lsst_hardware_r -64.31404763128934 39.11000061035156 31.59000015258789 AB 7.0874834382211125 1.073644229179139
61597.0598 lsst_hardware_g -41.06103339210765 35.400001525878906 31.65999984741211 AB 7.0400295183762145 1.0601921868946826
61599.0878 lsst_hardware_r 16.543656936176333 70.22000122070312 31.639999389648438 AB 7.258627265781978 1.0527378195477852
61599.1097 lsst_hardware_i -92.52880637172582 61.130001068115234 31.31999969482422 AB 7.477882682768352 1.0706141093970152
61606.041 lsst_hardware_i 60.805885501435206 65.37000274658203 31.329999923706055 AB 3.120577491464597 1.0559138816144586
61606.0611 lsst_hardware_z 21.240635594801955 60.040000915527344 30.989999771118164 AB 2.945077162658377 1.0507812550739015
61610.0543 lsst_hardware_g 13.89151371193877 15.210000038146973 31.469999313354492 AB 6.414635485380701 1.051579587767328
61610.0769 lsst_hardware_r -29.038096445463133 24.139999389648438 31.510000228881836 AB 6.510695712232905 1.0673271659398205
61616.0242 lsst_hardware_r 26.641107292331874 24.350000381469727 31.520000457763672 AB 5.389091840103309 1.0513591624327705
61616.0468 lsst_hardware_i -23.354531971315772 31.649999618530273 31.260000228881836 AB 5.0661679039829846 1.0554516466631219
61623.0034 lsst_hardware_i -27.194773811595894 32.0099983215332 31.260000228881836 AB 1.299514698048676 1.0518127867648912
61623.026 lsst_hardware_z 67.49573605235307 42.09000015258789 30.950000762939453 AB 1.23480712560819 1.0544894326286849
61624.9817 lsst_hardware_y -27.073401498392993 48.529998779296875 30.030000686645508 AB 3.474241912711209 1.0616476433036544
61625.0047 lsst_hardware_r 2.3362880907255112 31.25 31.56999969482422 AB 4.090102948273247 1.0506300920301175
61627.9919 lsst_hardware_y 42.03213327407034 78.5 30.809999465942383 AB 8.184003910132704 1.0512529107428008
61629.9809 lsst_hardware_z -45.23413849384803 64.4800033569336 30.989999771118164 AB 3.984279429966577 1.0530439213179508
61630.0008 lsst_hardware_i 79.84647958204178 69.5 31.329999923706055 AB 2.227845241298793 1.051904107636652
61845.3901 lsst_hardware_z 103.16898575923497 64.3499984741211 30.989999771118164 AB 8.071879432810501 1.0534950969473447
61845.4091 lsst_hardware_y -28.14251752105412 80.83000183105469 30.06999969482422 AB 8.08103863818665 1.051351572685724
61847.3897 lsst_hardware_r 38.16695307499458 54.2599983215332 31.6299991607666 AB 7.563749976902563 1.0516162637334117
61847.4095 lsst_hardware_y -6.4435571923322055 74.41000366210938 30.059999465942383 AB 7.510674665654495 1.0533905561927648
61849.3807 lsst_hardware_r 7.85177480677741 30.739999771118164 31.559999465942383 AB 5.9534023832536835 1.052829942806004
61849.3981 lsst_hardware_y -14.41067556852564 48.790000915527344 30.040000915527344 AB 5.987337495793728 1.05133230830443
61851.3766 lsst_hardware_g -25.96135439136453 16.799999237060547 31.489999771118164 AB 5.960798936289843 1.0523080477164521
61851.3977 lsst_hardware_z 79.15822140777806 42.84000015258789 30.950000762939453 AB 5.981316128473323 1.0530022672371055
61853.3809 lsst_hardware_i 9.091819207246784 31.649999618530273 31.25 AB 7.177036796422728 1.0505799306774102
61853.4006 lsst_hardware_y -63.527894600471036 48.869998931884766 30.040000915527344 AB 7.244786822873073 1.057864762046152
61855.332 lsst_hardware_u 0.2559150885632095 2.759999990463257 28.420000076293945 AB 6.940466669368747 1.0862583476683314
61855.3497 lsst_hardware_y -75.4348212340773 47.38999938964844 30.040000915527344 AB 7.971361994374958 1.0628482659166612
61857.2992 lsst_hardware_g -14.532225532048585 15.390000343322754 31.420000076293945 AB 8.63267325175395 1.1500008772318762
61857.3172 lsst_hardware_i -20.89694054563041 32.11000061035156 31.239999771118164 AB 8.090064537361995 1.103993523111626
61859.364 lsst_hardware_z 2.7636216985527753 41.709999084472656 30.940000534057617 AB 6.638021467852845 1.050583052376441
61859.3847 lsst_hardware_r 11.778592205086003 24.100000381469727 31.489999771118164 AB 7.814637550662108 1.0582248195353432
61861.3497 lsst_hardware_u 2.845069342471309 2.7799999713897705 28.450000762939453 AB 6.322999372885291 1.0521672972602198
61861.3677 lsst_hardware_g 17.420359062864364 15.270000457763672 31.450000762939453 AB 6.339044353832444 1.051992590770033
61863.3478 lsst_hardware_r -20.492870777326345 24.06999969482422 31.5 AB 6.133202382708667 1.0511808697065486
61863.3652 lsst_hardware_i 24.884834083519543 31.399999618530273 31.25 AB 6.051456639017258 1.0531140550824265
61865.3476 lsst_hardware_z -41.745998223148526 41.7400016784668 30.950000762939453 AB 8.082485983638206 1.0505831001262655
61865.3665 lsst_hardware_r 14.581939690909886 24.15999984741211 31.510000228881836 AB 8.12718045726311 1.0569077809499574
61867.3473 lsst_hardware_z 2.9125442442647804 41.880001068115234 30.950000762939453 AB 8.576612049272388 1.0509909992368491
61867.3675 lsst_hardware_r -0.999881342782708 24.010000228881836 31.5 AB 8.604549885216773 1.0621589785479393
61873.2447 lsst_hardware_y 52.12519942278665 89.75 30.770000457763672 AB 14.474741104694578 1.186178710247176
61873.263 lsst_hardware_r -15.281835012251609 165.38999938964844 32.38999938964844 AB 13.425888623349303 1.1288662580328592
61875.323 lsst_hardware_i 22.244892886565196 61.77000045776367 31.329999923706055 AB 10.36542483426392 1.0506740493906968
61875.3402 lsst_hardware_z 15.834618165847802 58.54999923706055 30.979999542236328 AB 10.441058739616988 1.0576169302455696
61877.3247 lsst_hardware_r 73.84762107070449 39.709999084472656 31.610000610351562 AB 14.537320699632687 1.0522217769201534
61877.3415 lsst_hardware_g -32.360999715071536 36.08000183105469 31.670000076293945 AB 15.651216834304837 1.0634125188214933
61879.275 lsst_hardware_z 43.53885082299925 42.529998779296875 30.950000762939453 AB 10.304482413886022 1.0733835847797941
61879.2919 lsst_hardware_r -15.88821305821577 26.969999313354492 31.540000915527344 AB 11.294435394027957 1.0565421322757678
61884.2971 lsst_hardware_g -25.62770639356234 15.119999885559082 31.459999084472656 AB 9.350301463988783 1.0505956701110992
61884.3126 lsst_hardware_r -33.38663253293799 23.979999542236328 31.510000228881836 AB 9.394742670811562 1.0555890641361305
61887.1899 lsst_hardware_r 7.463611344506619 34.90999984741211 32.209999084472656 AB 4.456056460494106 1.2565545182923106
61887.2091 lsst_hardware_g -38.21420128133813 21.229999542236328 32.150001525878906 AB 3.3884858353891087 1.1767618806699458
61890.2913 lsst_hardware_r 2.1708192092183753 23.940000534057617 31.5 AB 11.09757772704681 1.0530343237961928
61890.3116 lsst_hardware_i 10.434408869281928 31.520000457763672 31.25 AB 11.74002126024087 1.0695596283187752
61892.2303 lsst_hardware_z 57.07297555060421 42.400001525878906 30.950000762939453 AB 8.79303188800616 1.0874278096737597
61892.2478 lsst_hardware_i -5.409914568394692 31.670000076293945 31.260000228881836 AB 8.603801762353216 1.0637189102547737
61893.2228 lsst_hardware_r -2.658099582951689 24.399999618530273 31.520000457763672 AB 13.05246907805087 1.096139944409837
61893.2396 lsst_hardware_u 2.287261593403103 2.869999885559082 28.520000457763672 AB 12.675875473415152 1.069784409943046
61896.2739 lsst_hardware_i -31.951455989811745 46.099998474121094 31.309999465942383 AB 2.794351258851403 1.052618505343321
61896.2924 lsst_hardware_z -3.0789824545022113 47.959999084472656 30.969999313354492 AB 3.273293388140432 1.0663061774217548
61898.2662 lsst_hardware_r 60.91969712876672 95.83999633789062 31.65999984741211 AB 9.782119050143905 1.0518407580799898
61898.2833 lsst_hardware_z -138.8397580057328 67.5999984741211 30.989999771118164 AB 9.881917515455031 1.0625717758553797
61900.249 lsst_hardware_r -109.8007363454891 151.1699981689453 31.65999984741211 AB 6.5149925234187895 1.050805245712708
61900.2683 lsst_hardware_i -173.95777822398733 118.4000015258789 31.34000015258789 AB 7.492059896714568 1.0552197037626152
61907.1799 lsst_hardware_i -17.18422914013058 33.63999938964844 31.25 AB 7.540929124455584 1.1056810622109476
61911.2017 lsst_hardware_g 3.9989006632156974 22.079999923706055 32.220001220703125 AB 7.912084578158773 1.0585908678548557
61911.2213 lsst_hardware_r 57.46287774694563 24.65999984741211 31.530000686645508 AB 7.1756370190224725 1.050605712887624
61925.0893 lsst_hardware_z -85.59783684061826 56.33000183105469 30.950000762939453 AB 14.393138228067242 1.2416351585982308
61925.1082 lsst_hardware_r -85.59286400306712 64.22000122070312 31.610000610351562 AB 13.534211660198645 1.16701066281321
61948.1208 lsst_hardware_u 4.8127393739399 2.75 28.43000030517578 AB 8.194613069521484 1.050591419169421
61948.1435 lsst_hardware_g -4.65695883060309 15.010000228881836 31.440000534057617 AB 8.531599511876234 1.0596505148475905
61957.1034 lsst_hardware_i -196.21960983737642 107.06999969482422 31.34000015258789 AB 5.5248121110226425 1.0513772294121764
61957.1249 lsst_hardware_z -104.31690166683394 88.80000305175781 31.0 AB 5.6216992252544005 1.0652874128012635
61959.0839 lsst_hardware_r 13.665067853986505 157.1699981689453 32.40999984741211 AB 1.8466519860616433 1.0516241378482543
61959.1061 lsst_hardware_z 154.3794705075358 105.61000061035156 31.739999771118164 AB 1.7979080180268425 1.0545945945997708
61961.0799 lsst_hardware_g 63.74723506151846 75.44000244140625 31.729999542236328 AB 8.819969999884679 1.051258355750608
61961.101 lsst_hardware_i -96.01365251074837 58.369998931884766 31.31999969482422 AB 9.121159715833699 1.0547945088081527
61963.0807 lsst_hardware_z 2.0049737037092346 45.36000061035156 30.959999084472656 AB 8.619359084603962 1.0505861639707423
61963.1033 lsst_hardware_r -18.901702849722554 41.540000915527344 31.600000381469727 AB 7.787823052843229 1.0602890473578255
61975.0665 lsst_hardware_i 15.248090146283236 31.40999984741211 31.25 AB 6.448600664289869 1.0571476498835852
61975.0874 lsst_hardware_z 47.19216512122213 42.060001373291016 30.940000534057617 AB 6.3989025944378035 1.0803786354117348
61977.0561 lsst_hardware_r 10.925152995755626 23.969999313354492 31.5 AB 9.045257534199743 1.0541439127728705
61977.0809 lsst_hardware_u -3.18862752750887 2.609999895095825 28.309999465942383 AB 9.08858118738757 1.078806028415079
61980.033 lsst_hardware_z 51.18847299679768 62.130001068115234 31.700000762939453 AB 4.707507582555672 1.0506070596564574
61980.0563 lsst_hardware_g -21.75753459337489 38.689998626708984 32.369998931884766 AB 4.114140492285047 1.0597991994551899
61982.0242 lsst_hardware_r -30.893792430742963 63.029998779296875 31.639999389648438 AB 3.444467497262477 1.0509435537032727
61982.0479 lsst_hardware_z -40.5702167525366 55.70000076293945 30.969999313354492 AB 3.755760936840627 1.0575139903817055
61988.0195 lsst_hardware_g -34.0556783576905 99.16999816894531 31.719999313354492 AB 1.297637733463083 1.0515702864368583
61988.046 lsst_hardware_r -22.01038565571657 91.37999725341797 31.639999389648438 AB 1.8471278762957908 1.072041715784105
61989.0117 lsst_hardware_i -24.389543577632164 64.29000091552734 31.329999923706055 AB 3.619586564394836 1.050678248010112
61989.0304 lsst_hardware_z -106.68519378440035 59.400001525878906 30.979999542236328 AB 3.7044902194649225 1.0587282707816297
61990.9775 lsst_hardware_y 3.3007961371560097 48.97999954223633 30.040000915527344 AB 3.617698729602096 1.0637161804181405
61990.9955 lsst_hardware_r 0.6797451982071183 24.520000457763672 31.520000457763672 AB 3.58330996631284 1.0519294369878924
61992.9792 lsst_hardware_y -74.4424177609831 48.810001373291016 30.040000915527344 AB 8.171158094347621 1.057549743654646
61992.9977 lsst_hardware_g -10.36211918341408 15.680000305175781 31.469999313354492 AB 8.166583022154175 1.0506008454834432
61995.9798 lsst_hardware_y 128.77810940272911 68.52999877929688 30.799999237060547 AB 5.329060533845031 1.0526539326113642
61995.9993 lsst_hardware_z -119.82936567741277 59.72999954223633 31.709999084472656 AB 5.4685468744911825 1.0520651301626325
61999.9714 lsst_hardware_y -30.490555950388327 64.0999984741211 30.059999465942383 AB 3.5213746468287974 1.051784542063852
61999.9914 lsst_hardware_u 1.647929822239763 2.890000104904175 28.479999542236328 AB 3.529394810173448 1.0532362907112647
