data/validation/pwv_sim_epoch_fit_seasonal/11714598.ecsv
# %ECSV 0.9
# ---
# datatype:
# - {name: time, datatype: float64}
# - {name: band, datatype: string}
# - {name: flux, datatype: float64}
# - {name: fluxerr, datatype: float64}
# - {name: zp, datatype: float64}
# - {name: zpsys, datatype: string}
# - {name: pwv, datatype: float64}
# - {name: airmass, datatype: float64}
# meta: {SNID: '11714598', alt: 1024.0, c: 0.0509050190448761, dec: -0.895283, lat: -30.244573, lon: -70.7499537, ra: 180.878906, t0: 62284.4765625,
#   x0: 2.6481873120142585e-05, x1: -2.0380051136016846, z: 0.3042941391468048}
# schema: astropy-2.0
time band flux fluxerr zp zpsys pwv airmass
62154.358 lsst_hardware_u 3.9553497208445187 3.549999952316284 28.639999389648438 AB 7.696832543796204 1.1498822320574973
62156.3611 lsst_hardware_r -13.159300794706223 26.25 31.510000228881836 AB 11.030841313117381 1.1460912037317799
62158.3657 lsst_hardware_z -56.71875272574398 77.95999908447266 31.709999084472656 AB 10.231051723469289 1.1458655704624754
62160.3568 lsst_hardware_g -13.987682937497548 15.739999771118164 31.43000030517578 AB 8.216447621001445 1.1454288671106463
62160.3765 lsst_hardware_y 99.70503931067849 72.12999725341797 30.020000457763672 AB 8.738673357413036 1.1551960902546456
62162.3164 lsst_hardware_z -62.66380771482224 43.63999938964844 30.940000534057617 AB 14.37151618352849 1.1716546701066761
62162.3346 lsst_hardware_y 58.95586440058503 48.59000015258789 30.010000228881836 AB 16.097357793455753 1.1509279450983336
62163.3531 lsst_hardware_u -3.1446552333009437 2.940000057220459 28.5 AB 12.551915250556567 1.1461017410074326
62163.3716 lsst_hardware_y 101.60009092592823 56.459999084472656 30.030000686645508 AB 12.72844485301156 1.158570786705746
62165.3293 lsst_hardware_z 56.052464142713006 63.650001525878906 30.969999313354492 AB 12.720749720818057 1.149067315913291
62165.3465 lsst_hardware_r 66.30936967701294 73.37999725341797 31.6200008392334 AB 13.281753622469022 1.1458430818478613
62167.3226 lsst_hardware_i -89.48648982105406 90.12999725341797 31.31999969482422 AB 12.367425416540778 1.1498164202808459
62167.3404 lsst_hardware_r -23.080517457318578 112.81999969482422 31.639999389648438 AB 13.266520025121753 1.1457232119572582
62171.3255 lsst_hardware_r -38.48508832177847 65.02999877929688 31.6299991607666 AB 8.858210550375734 1.1453965476483898
62171.3442 lsst_hardware_i -110.23531878383147 57.4900016784668 31.309999465942383 AB 9.568906835443933 1.1531582110682084
62173.331 lsst_hardware_z 23.697943483345234 45.59000015258789 30.950000762939453 AB 3.799360278746083 1.1480164008901899
62173.3489 lsst_hardware_r -36.81190619324472 34.310001373291016 31.559999465942383 AB 5.164963370330851 1.1641540278732196
62175.3309 lsst_hardware_u -2.108925215088313 3.299999952316284 28.56999969482422 AB 9.390049179835016 1.1512821603083538
62175.3507 lsst_hardware_g 14.009422933046492 17.670000076293945 31.479999542236328 AB 9.580822918377361 1.1750804887625543
62177.2943 lsst_hardware_g 26.481980363854163 15.449999809265137 31.440000534057617 AB 3.3725934831887416 1.150466820122375
62177.3137 lsst_hardware_r 19.16963434825782 24.760000228881836 31.510000228881836 AB 3.3689294032108967 1.1458293985185295
62179.3023 lsst_hardware_r 8.501937579043322 24.65999984741211 31.5 AB 6.990074160640868 1.1454443524196545
62179.319 lsst_hardware_u 0.7769656072756279 2.799999952316284 28.43000030517578 AB 7.0027463357118656 1.1505847337378297
62181.1338 lsst_hardware_g -13.964196672543386 20.010000228881836 31.790000915527344 AB 4.188023629680182 2.2276721434470894
62183.2718 lsst_hardware_i -34.38652040788206 32.54999923706055 31.239999771118164 AB 5.234553009608708 1.1554879532633981
62183.2902 lsst_hardware_z 12.046428117244036 43.43000030517578 30.940000534057617 AB 5.176193148155381 1.1455556375246987
62185.3055 lsst_hardware_r -24.414893768079345 24.93000030517578 31.5 AB 5.672994541349975 1.1527547963119074
62185.3235 lsst_hardware_u -0.8091509882212929 2.799999952316284 28.40999984741211 AB 5.8027887787432855 1.1752483602518138
62187.2516 lsst_hardware_u 2.420872260626363 2.859999895095825 28.459999084472656 AB 3.166213848589484 1.1664793744035922
62187.2668 lsst_hardware_g 20.94645035703369 15.510000228881836 31.440000534057617 AB 3.140559216743699 1.1505987238482354
62191.2741 lsst_hardware_r 6.564209832139007 24.799999237060547 31.510000228881836 AB 11.33240337127724 1.1455936553782191
62191.2926 lsst_hardware_y 64.64870607199984 48.599998474121094 30.020000457763672 AB 11.46451593790176 1.155891373339115
62193.2683 lsst_hardware_z -15.316519340478727 57.150001525878906 30.959999084472656 AB 7.441582455724591 1.1455491061113119
62193.2867 lsst_hardware_r 68.89275061790265 63.189998626708984 31.610000610351562 AB 7.480659278332417 1.1554628824815163
62195.2717 lsst_hardware_i 117.7222729838851 102.4000015258789 31.31999969482422 AB 6.25912371942105 1.1483928296901198
62195.2893 lsst_hardware_z 7.506659884058026 87.62999725341797 30.979999542236328 AB 6.370296957537029 1.164765556764351
62197.2682 lsst_hardware_r -259.9163682536049 150.3699951171875 31.6299991607666 AB 3.971150484981802 1.1495032279955042
62197.2872 lsst_hardware_z -91.29412583714611 104.76000213623047 30.979999542236328 AB 3.991365927639364 1.1695739190191534
62198.2243 lsst_hardware_z -111.50712743437343 80.27999877929688 30.979999542236328 AB 6.065301522275975 1.1628076345168261
62198.2411 lsst_hardware_i -5.359573099481237 89.80000305175781 31.31999969482422 AB 5.971445673688533 1.1480421693490939
62201.2679 lsst_hardware_z 9.243187246085325 47.91999816894531 30.950000762939453 AB 9.017633963093443 1.1586073316036887
62201.2858 lsst_hardware_r -12.619849355964355 43.220001220703125 31.579999923706055 AB 9.248072090450547 1.1862966475900993
62203.237 lsst_hardware_r 23.672993622345718 28.200000762939453 31.530000686645508 AB 12.344595649379613 1.1454220879666817
62203.2558 lsst_hardware_y 161.45602397175804 48.619998931884766 30.010000228881836 AB 11.407769609977818 1.15229996060382
62205.234 lsst_hardware_g 1.1651413050313069 15.880000114440918 31.440000534057617 AB 11.547766404569778 1.1454128900805691
62205.2529 lsst_hardware_r 18.360920152032794 25.329999923706055 31.510000228881836 AB 10.912784984311962 1.15448664208537
62207.2386 lsst_hardware_i -3.2209767690762248 32.849998474121094 31.25 AB 8.496801753290544 1.1482164531473709
62207.2574 lsst_hardware_z 14.208856109855182 43.900001525878906 30.940000534057617 AB 9.314632452986924 1.1659443753934418
62209.2332 lsst_hardware_r 3.825252020160973 25.170000076293945 31.5 AB 12.85730464120208 1.1482470208265545
62209.2523 lsst_hardware_u 2.7481000786665035 2.7300000190734863 28.34000015258789 AB 12.690379774336062 1.166448805031122
62210.2285 lsst_hardware_g -6.128211514428319 15.920000076293945 31.440000534057617 AB 10.593317867541138 1.1473321637107265
62210.2477 lsst_hardware_i 45.22256735981779 32.849998474121094 31.239999771118164 AB 10.762013499096723 1.1639013139129986
62212.2346 lsst_hardware_z 41.91775522542415 44.06999969482422 30.940000534057617 AB 9.541445022773052 1.1552435176042573
62212.2523 lsst_hardware_r 32.3939974207686 25.530000686645508 31.489999771118164 AB 9.319337511278276 1.179662976111174
62215.2325 lsst_hardware_u -2.7773130930411787 2.9600000381469727 28.530000686645508 AB 5.69805610280139 1.1619200862156362
62215.2532 lsst_hardware_g -4.33057852471666 15.979999542236328 31.440000534057617 AB 5.974943266375125 1.1984241357976448
62217.1971 lsst_hardware_g 17.05673169327715 16.06999969482422 31.469999313354492 AB 5.462037561262964 1.1455815911064504
62217.2162 lsst_hardware_r -34.264984489847365 25.360000610351562 31.520000457763672 AB 6.673881824249204 1.1512482123336512
62219.1953 lsst_hardware_i 32.29784347032579 35.08000183105469 31.270000457763672 AB 6.846862849285088 1.1453913009552088
62219.2143 lsst_hardware_z -9.132796482097998 43.7400016784668 30.950000762939453 AB 6.845039642734388 1.154144663661843
62223.207 lsst_hardware_i 86.49301946593921 96.44000244140625 31.31999969482422 AB 8.323078751608534 1.1576982684915598
62223.2255 lsst_hardware_z 165.16255479491898 85.0999984741211 30.989999771118164 AB 9.098849981722307 1.1858269232011187
62225.1794 lsst_hardware_z 148.95734733390412 114.02999877929688 30.989999771118164 AB 7.783067391823259 1.1454109480240264
62225.197 lsst_hardware_r -155.2054253350814 170.44000244140625 31.639999389648438 AB 7.815809566087693 1.153341303406935
62229.1724 lsst_hardware_r -64.97831836677406 51.61000061035156 31.610000610351562 AB 7.200457002428686 1.1459613266464752
62229.1905 lsst_hardware_i 21.093957649658346 47.099998474121094 31.290000915527344 AB 7.233286545408027 1.1575727961284583
62233.1749 lsst_hardware_u -1.360109863571284 2.7699999809265137 28.3799991607666 AB 11.75868007454436 1.1531226629281777
62233.1936 lsst_hardware_r -5.793905530070524 25.200000762939453 31.489999771118164 AB 12.099825509011518 1.1772262310229387
62237.1565 lsst_hardware_r 10.651104918881897 24.940000534057617 31.489999771118164 AB 3.428570278508603 1.1481189714553715
62237.1738 lsst_hardware_u 1.5553726965730084 2.7100000381469727 28.329999923706055 AB 3.8292259205206376 1.1636626581809069
62241.1083 lsst_hardware_g 5.970154718248264 15.579999923706055 31.43000030517578 AB 12.069296075900061 1.1610581357436667
62241.1251 lsst_hardware_r 11.023610051151303 25.0 31.5 AB 12.121064492123184 1.1473934581714487
62243.1654 lsst_hardware_i -8.236442200912833 33.15999984741211 31.239999771118164 AB 17.208017104391303 1.175678690803323
62243.1825 lsst_hardware_z -17.978064752547038 44.880001068115234 30.940000534057617 AB 16.610187181717368 1.2126584625998273
62245.1269 lsst_hardware_z -70.80502621955425 43.4900016784668 30.950000762939453 AB 10.807786204950766 1.14562075524176
62245.1448 lsst_hardware_r -11.002226259463711 24.969999313354492 31.510000228881836 AB 11.006444039805597 1.1555321826567555
62247.1278 lsst_hardware_z 22.945371574980403 44.290000915527344 30.940000534057617 AB 8.437911709919428 1.147468784921388
62247.1446 lsst_hardware_r -12.25197411753706 26.809999465942383 31.510000228881836 AB 8.448823784331468 1.1612705359537445
62249.1237 lsst_hardware_i 35.02242983476993 47.150001525878906 31.290000915527344 AB 5.363646236876679 1.14810215377036
62249.141 lsst_hardware_z 24.904682923971585 51.13999938964844 30.959999084472656 AB 6.28295416944751 1.1636177737656284
62251.1273 lsst_hardware_r 185.09564599307546 103.05000305175781 31.6299991607666 AB 16.13331313602086 1.1544823167927911
62251.1435 lsst_hardware_z -187.74345989090253 78.58000183105469 30.979999542236328 AB 16.535945744381262 1.1755829527860893
62253.1254 lsst_hardware_y -94.04536952099177 69.56999969482422 30.020000457763672 AB 5.231422685351884 1.1580349054459067
62253.1429 lsst_hardware_r -28.9132332055018 142.91000366210938 31.6200008392334 AB 5.348874328119128 1.1844711558853946
62255.1223 lsst_hardware_i 34.40842127666518 84.81999969482422 31.309999465942383 AB 10.237758869062546 1.1607217024314596
62255.1396 lsst_hardware_z -19.504024178960314 73.88999938964844 30.969999313354492 AB 9.760522193009669 1.188821557566416
62258.1212 lsst_hardware_r 83.92420211738579 50.40999984741211 31.59000015258789 AB 10.418155430524198 1.1704148777446088
62258.1387 lsst_hardware_g -18.373972562589294 53.0099983215332 31.639999389648438 AB 9.01667628582374 1.2053842902487064
62260.1221 lsst_hardware_r -26.281835417867637 25.40701876910034 31.489999771118164 AB 13.960580454631565 1.1812480817896995
62260.1391 lsst_hardware_i -43.146121208512746 37.14799891507504 31.25 AB 12.322396550808039 1.2209055815982996
62263.0838 lsst_hardware_r -111.35711897515877 27.872583706128193 31.5 AB 7.652735995799367 1.147336731004403
62267.0812 lsst_hardware_i 351.04213118914777 37.228962579160104 31.25 AB 8.876002257957758 1.1524157651663152
62267.0974 lsst_hardware_z 378.52403782872756 47.71371040801496 30.940000534057617 AB 9.18261584002943 1.1716256255220963
62269.0384 lsst_hardware_r 839.473120219495 37.823599805548206 31.489999771118164 AB 8.169674879599683 1.1541669930327745
62269.0574 lsst_hardware_g 343.32498883473477 23.918777119675298 31.43000030517578 AB 8.412443013172357 1.1453941811773385
62271.0362 lsst_hardware_r 1696.0630224702513 47.61016278931064 31.489999771118164 AB 6.771804954702359 1.1514879972854049
62271.0569 lsst_hardware_i 1444.8339330492236 49.67733514798448 31.239999771118164 AB 7.447646638145553 1.1457917904839312
62276.039 lsst_hardware_z 3606.0405445910355 73.61857405341044 30.940000534057617 AB 7.998310038913698 1.1453837305269208
62276.0597 lsst_hardware_i 3798.449242605358 71.24467814858507 31.25 AB 8.129987267732899 1.1551011983519057
62278.0008 lsst_hardware_r 6929.191194741037 101.66472151645296 31.610000610351562 AB 5.285501943493213 1.1698980599818973
62278.0214 lsst_hardware_z 4324.79507748467 84.92921386155228 30.959999084472656 AB 5.329961802548803 1.1486986643423505
62280.9987 lsst_hardware_y 1381.9921013246035 67.55409891959705 30.020000457763672 AB 5.464491932480366 1.161525164994562
62281.0214 lsst_hardware_r 8570.842837862105 133.2471287405573 31.6299991607666 AB 5.449106795064255 1.1457331360521732
62283.9993 lsst_hardware_i 6621.900815648026 106.08229651603557 31.309999465942383 AB 7.432137836564633 1.1525821481121938
62289.9993 lsst_hardware_z 4354.904499598793 77.1548178825984 30.940000534057617 AB 10.501146958354918 1.1454338856896435
62290.0222 lsst_hardware_i 6032.590372272198 84.02243213925674 31.25 AB 10.30880521302844 1.1558036303498205
62302.9596 lsst_hardware_y 797.5119881014834 57.54824193751318 30.010000228881836 AB 10.476302923314275 1.1461097747246423
62302.9833 lsst_hardware_r 3199.539542890354 62.599401276885814 31.510000228881836 AB 10.506991340046486 1.1527459710958947
62304.9709 lsst_hardware_z 5282.114728410423 97.0039810698653 31.709999084472656 AB 7.702756748967313 1.1481657162612777
62306.9595 lsst_hardware_y 821.610321095464 65.5347236832209 30.020000457763672 AB 4.1064610257347605 1.1459891234608635
62306.9833 lsst_hardware_g 626.9165713911525 61.961001129546034 31.670000076293945 AB 4.2800784961282305 1.1645151786315016
62518.3548 lsst_hardware_i 10.89738662810486 33.47999954223633 31.239999771118164 AB 2.656637453724792 1.15505976248904
62520.3518 lsst_hardware_z 81.26410345808432 63.349998474121094 30.969999313354492 AB 7.112280660331453 1.152875427853268
62520.3715 lsst_hardware_y 5.61609683502246 69.87999725341797 30.030000686645508 AB 7.0596057126089065 1.1453890991496563
62522.3602 lsst_hardware_i 50.87994949766729 82.83999633789062 31.31999969482422 AB 12.873544685327898 1.1457748852162395
62524.363 lsst_hardware_z -129.13229022090223 117.25 31.729999542236328 AB 10.724389181781802 1.1456762739932023
62526.3539 lsst_hardware_r -31.015217906672234 68.93000030517578 31.6200008392334 AB 11.197608323669089 1.1453400944768928
62526.3742 lsst_hardware_y 38.41063507780755 66.25 30.020000457763672 AB 11.269711353396001 1.1548807535504015
62528.3142 lsst_hardware_r 0.9995231129676277 34.790000915527344 31.549999237060547 AB 13.827084376715613 1.17185301797127
62528.3318 lsst_hardware_y 77.35019886181104 49.5099983215332 30.010000228881836 AB 13.629380950495374 1.1514218932580362
62530.3318 lsst_hardware_u 4.238170010934281 3.0199999809265137 28.43000030517578 AB 12.70707087131507 1.1480391083990666
62530.3499 lsst_hardware_g -2.7833489905735163 17.049999237060547 31.459999084472656 AB 13.250041210770247 1.1464866029436707
62532.329 lsst_hardware_r -8.831186097378058 24.56999969482422 31.489999771118164 AB 12.333292558471012 1.146882953246171
62532.3458 lsst_hardware_z -2.8654913621298244 43.060001373291016 30.940000534057617 AB 13.21829511622329 1.1469651208986549
62534.3297 lsst_hardware_r -28.22718825285814 24.610000610351562 31.489999771118164 AB 9.547210224320105 1.1454361396904922
62534.3476 lsst_hardware_u 0.7772344212742118 2.740000009536743 28.3799991607666 AB 11.343748418061255 1.150948500209137
62536.3255 lsst_hardware_g -30.32119539848023 15.40999984741211 31.43000030517578 AB 8.857851611185941 1.1453501355986346
62536.3434 lsst_hardware_r -37.46542713418283 24.649999618530273 31.489999771118164 AB 9.574854980636582 1.1518853487552532
62540.3267 lsst_hardware_r -25.76262475034427 24.56999969482422 31.489999771118164 AB 9.357312590426359 1.1481834746320536
62540.3449 lsst_hardware_u -0.9659082022592216 2.6700000762939453 28.31999969482422 AB 9.528407625971898 1.1651150077102903
62542.3286 lsst_hardware_g -12.116948508528353 15.329999923706055 31.420000076293945 AB 3.3474409426296767 1.1531633263925039
