data/validation/pwv_sim_epoch_fit_seasonal/11764858.ecsv
# %ECSV 0.9
# ---
# datatype:
# - {name: time, datatype: float64}
# - {name: band, datatype: string}
# - {name: flux, datatype: float64}
# - {name: fluxerr, datatype: float64}
# - {name: zp, datatype: float64}
# - {name: zpsys, datatype: string}
# - {name: pwv, datatype: float64}
# - {name: airmass, datatype: float64}
# meta: {SNID: '11764858', alt: 1024.0, c: -0.025813337415456772, dec: -7.331168, lat: -30.244573, lon: -70.7499537, ra: 185.625, t0: 60812.33203125,
#   x0: 5.926299320887281e-06, x1: 0.9795460104942322, z: 0.5717660188674927}
# schema: astropy-2.0
time band flux fluxerr zp zpsys pwv airmass
[from data line 132]
61101.2952 lsst_hardware_z 47.5912350344639 73.43000030517578 30.989999771118164 AB 3.802706108835873 1.098915672631679
61103.2684 lsst_hardware_r 118.12567972546664 152.97999572753906 31.649999618530273 AB 6.351332596992223 1.0850641529008225
61103.2859 lsst_hardware_z -136.1963526113818 100.44000244140625 30.989999771118164 AB 6.412253344816422 1.0950353660618062
61105.2714 lsst_hardware_y 99.96976635925837 64.41000366210938 30.040000915527344 AB 8.458469301148446 1.0883259522836357
61105.2896 lsst_hardware_r 47.4348977445616 120.81999969482422 31.639999389648438 AB 8.608064694371635 1.1053339789248031
61107.2669 lsst_hardware_i 24.579471551053278 60.0 31.309999465942383 AB 10.779901981190495 1.08887898799904
61107.2861 lsst_hardware_z 17.21690443566605 58.09000015258789 30.969999313354492 AB 10.969296958371256 1.1080097937748743
61109.2663 lsst_hardware_r -20.516416017158726 41.84000015258789 31.600000381469727 AB 10.344779238328744 1.0922583928126643
61109.2847 lsst_hardware_z -85.72838214897894 47.189998626708984 30.950000762939453 AB 10.571109058033226 1.1140969655934172
61111.2389 lsst_hardware_u -0.7322004986781198 4.420000076293945 28.790000915527344 AB 8.025943993057798 1.0845870260888915
61111.2588 lsst_hardware_r -7.357306033000547 29.209999084472656 31.549999237060547 AB 8.714863210276405 1.0907213029131921
61114.2403 lsst_hardware_r 31.71119484679874 24.81999969482422 31.510000228881836 AB 9.929005395525152 1.0855524403351176
61114.2593 lsst_hardware_u -2.816259974999417 2.740000009536743 28.3700008392334 AB 9.556704598099978 1.0984717928850551
61118.2314 lsst_hardware_i 44.73223792588931 32.290000915527344 31.25 AB 7.298352074188488 1.0862259375187384
61118.2516 lsst_hardware_z -20.74966319035446 42.93000030517578 30.940000534057617 AB 6.250685481527309 1.1021544871624502
61120.2292 lsst_hardware_r -36.003204403290766 24.809999465942383 31.5 AB 6.173017840343728 1.0876606185082722
61120.2486 lsst_hardware_g 30.110011408567367 15.699999809265137 31.440000534057617 AB 6.296999184524353 1.1052699433102504
61122.2311 lsst_hardware_r -51.87623178887607 25.040000915527344 31.510000228881836 AB 7.093271488933123 1.092491084507033
61122.2491 lsst_hardware_i -6.089559557393601 32.61000061035156 31.25 AB 7.214337305432297 1.1139253154377051
61124.2174 lsst_hardware_z 2.2104526496743246 42.29999923706055 30.940000534057617 AB 7.665429114263979 1.087230652693924
61124.2359 lsst_hardware_i -20.050490307066113 32.130001068115234 31.239999771118164 AB 7.843639896027693 1.102990317599274
61128.2051 lsst_hardware_r 12.742067539396517 66.95999908447266 31.6299991607666 AB 7.13184655536766 1.0866195869021407
61128.2251 lsst_hardware_i 109.61361498356632 58.18000030517578 31.309999465942383 AB 7.419722562830318 1.1031404345569904
61130.2116 lsst_hardware_z 211.08445009051522 126.83999633789062 31.739999771118164 AB 4.109648505892706 1.0944955850395595
61133.18 lsst_hardware_r -179.65474803386635 143.8300018310547 31.649999618530273 AB 6.726817198876517 1.0845040625875726
61133.1985 lsst_hardware_z 64.88564272554417 96.4800033569336 30.989999771118164 AB 6.87048251121411 1.0905527795577594
61135.1798 lsst_hardware_r -37.386989918992725 83.12000274658203 31.639999389648438 AB 8.004370981854496 1.0848236066754116
61135.1987 lsst_hardware_i -89.69953856135022 68.05000305175781 31.31999969482422 AB 8.083488974510429 1.0951876764869444
61137.178 lsst_hardware_z 36.027957296384535 49.310001373291016 30.959999084472656 AB 11.123265309395139 1.0856997447007284
61137.1974 lsst_hardware_i -11.990816960409791 46.77000045776367 31.290000915527344 AB 11.221261930181482 1.0994500360251298
61139.1758 lsst_hardware_u 9.835639742008722 6.139999866485596 28.979999542236328 AB 8.68378590353639 1.0869338052428437
61139.1941 lsst_hardware_g -50.12071794350098 32.7599983215332 31.649999618530273 AB 8.790841551281341 1.101954440774847
61142.1621 lsst_hardware_r 19.054106922031423 24.799999237060547 31.520000457763672 AB 6.8361115918881685 1.0850970780774871
61142.1787 lsst_hardware_i -53.15591035243218 32.2599983215332 31.260000228881836 AB 7.113417930238459 1.0943719892674553
61146.005 lsst_hardware_z 31.817743834201863 48.81999969482422 30.889999389648438 AB 25.686686808838825 1.6464065896061633
61148.1533 lsst_hardware_g -4.932327897059138 15.520000457763672 31.459999084472656 AB 12.748865918305292 1.0879419074076484
61148.1708 lsst_hardware_r -7.376724870425763 24.700000762939453 31.520000457763672 AB 14.235470741958162 1.1035248637176869
61150.1487 lsst_hardware_i -41.202115954588294 32.130001068115234 31.25 AB 6.955041117796023 1.0884116458255928
61150.1664 lsst_hardware_z -19.209277890160916 42.97999954223633 30.950000762939453 AB 6.955999568050374 1.1048868906735385
61152.1501 lsst_hardware_i 5.844217944860015 32.119998931884766 31.25 AB 11.092022210855863 1.0932409038888098
61152.1677 lsst_hardware_u 2.938271921036342 2.7699999809265137 28.40999984741211 AB 10.309661157284758 1.114738731392632
61154.1511 lsst_hardware_g 26.084862933584677 21.079999923706055 31.549999237060547 AB 10.750675698280643 1.099579018788495
61154.1689 lsst_hardware_r 13.863018621390324 27.90999984741211 31.530000686645508 AB 8.929664503027647 1.1264872591179067
61156.1204 lsst_hardware_r 19.020490166365853 57.970001220703125 31.6299991607666 AB 10.628732570229287 1.0845645479825803
61156.1382 lsst_hardware_i 21.573391332434568 52.09000015258789 31.309999465942383 AB 9.598848164490928 1.092433402635538
61160.1197 lsst_hardware_z -153.52252369684612 99.62000274658203 31.0 AB 11.328638617816258 1.0875145068461418
61160.1375 lsst_hardware_r 16.42365288946195 148.1999969482422 31.639999389648438 AB 11.46970658660119 1.1028564025578067
61162.0759 lsst_hardware_i 77.59872264453385 94.05000305175781 31.329999923706055 AB 9.224573349635095 1.098163494004178
61162.095 lsst_hardware_z -14.959875683570344 80.2300033569336 30.989999771118164 AB 9.76170817886784 1.0854382704449044
61164.1177 lsst_hardware_i 3.8510640001812546 62.029998779296875 31.31999969482422 AB 12.956960354661861 1.0935528003259367
61164.1357 lsst_hardware_z -53.20585281956009 58.939998626708984 30.969999313354492 AB 11.255816906467876 1.1159842263006023
61167.1134 lsst_hardware_g 62.85763128214988 36.15999984741211 31.649999618530273 AB 7.280322676888038 1.0972190462888418
61167.1322 lsst_hardware_r -33.91891414806134 44.380001068115234 31.59000015258789 AB 6.870419001592715 1.1242095017332905
61169.0704 lsst_hardware_i -19.33496685715666 31.690000534057617 31.25 AB 9.6969239875643 1.087566478968655
61169.0823 lsst_hardware_r 19.256168066211313 24.1200008392334 31.5 AB 9.674490045392952 1.0844827701514816
61174.0444 lsst_hardware_g 9.157952223424306 15.3100004196167 31.450000762939453 AB 7.0066948328107514 1.0968526663761173
61174.064 lsst_hardware_r -0.46784648960772696 24.420000076293945 31.510000228881836 AB 6.907361281731368 1.085011066062471
61180.0391 lsst_hardware_g 11.096448415178694 15.329999923706055 31.450000762939453 AB 7.609810836209224 1.0882299739556056
61180.0595 lsst_hardware_r -6.1596530445483655 24.3799991607666 31.5 AB 7.850925856735131 1.0853814548481748
61183.0305 lsst_hardware_z 17.81052413484381 45.060001373291016 30.950000762939453 AB 1.3678289467782858 1.0884580478345383
61183.0518 lsst_hardware_g -12.175764465787022 29.34000015258789 31.6200008392334 AB 2.104096928005405 1.0855186214988033
61188.0291 lsst_hardware_z 16.409964104089596 75.47000122070312 30.989999771118164 AB 7.673705399983459 1.0845460250135621
61188.0483 lsst_hardware_r 37.419329654892834 104.22000122070312 31.649999618530273 AB 7.984079170475916 1.0905349729180012
61190.0 lsst_hardware_i 151.39169942940646 114.68000030517578 32.08000183105469 AB 10.427029989274594 1.0975821041341678
61190.0194 lsst_hardware_z 33.730927014621315 100.54000091552734 31.739999771118164 AB 10.355140539030629 1.0852169921432224
61196.9921 lsst_hardware_i 51.984812422475635 32.06999969482422 31.239999771118164 AB 4.680797520625852 1.0885575629362447
61197.0123 lsst_hardware_r -19.405836144084574 24.719999313354492 31.5 AB 4.797783182948158 1.0851848719300692
