data/validation/pwv_sim_epoch_fit_seasonal/12091870.ecsv
# %ECSV 0.9
# ---
# datatype:
# - {name: time, datatype: float64}
# - {name: band, datatype: string}
# - {name: flux, datatype: float64}
# - {name: fluxerr, datatype: float64}
# - {name: zp, datatype: float64}
# - {name: zpsys, datatype: string}
# - {name: pwv, datatype: float64}
# - {name: airmass, datatype: float64}
# meta: {SNID: '12091870', alt: 1024.0, c: 0.03985772654414177, dec: -27.784405, lat: -30.244573, lon: -70.7499537, ra: 109.335938, t0: 62101.39453125,
#   x0: 6.874756241742978e-05, x1: 0.2892901599407196, z: 0.19989903271198273}
# schema: astropy-2.0
time band flux fluxerr zp zpsys pwv airmass
62054.2426 lsst_hardware_i -6.950654669478035 47.209999084472656 31.100000381469727 AB 8.002332157228997 2.2228700436747215
62054.2613 lsst_hardware_z 94.68469758286065 55.70000076293945 30.8799991607666 AB 7.757177158036902 1.870701886986625
62055.253 lsst_hardware_u 0.7443034397034163 3.0399999618530273 28.0 AB 10.629955871767145 1.9618799191190026
62055.2723 lsst_hardware_g 16.23348865099127 27.229999542236328 31.40999984741211 AB 9.19025619712775 1.6830429808860494
62057.253 lsst_hardware_r 8.615028184918351 24.8700008392334 31.309999465942383 AB 10.825776611346988 1.872404827491256
62057.2718 lsst_hardware_i 17.75308139815892 34.91999816894531 31.149999618530273 AB 9.356452883756798 1.6258660904047613
62059.2603 lsst_hardware_z -63.64241913979203 49.060001373291016 30.8799991607666 AB 12.336330799217084 1.6961624436060716
62059.2787 lsst_hardware_u 0.3339161391832445 2.4000000953674316 28.06999969482422 AB 10.940557324207777 1.5027033993440695
62064.2602 lsst_hardware_g 13.444793420281641 13.529999732971191 31.25 AB 3.0822564109213166 1.548029838490676
62064.2792 lsst_hardware_r 21.915384587856632 23.43000030517578 31.43000030517578 AB 2.7439033754066324 1.3889665276673127
62065.2583 lsst_hardware_i 33.415325874303775 34.369998931884766 31.170000076293945 AB 4.4206065825107155 1.540012744299152
62065.2768 lsst_hardware_z -75.49161668366511 46.06999969482422 30.90999984741211 AB 3.8928897523445634 1.3866036517701026
62067.2598 lsst_hardware_i 8.941748066576368 33.08000183105469 31.18000030517578 AB 4.3711714856885875 1.476913442624715
62067.2773 lsst_hardware_u 1.9947928726935011 2.490000009536743 28.200000762939453 AB 3.9826544346240684 1.3459460745602534
62077.2513 lsst_hardware_z -54.399998187330624 87.8499984741211 31.700000762939453 AB 7.102865617714182 1.3375555114646
62079.2519 lsst_hardware_z 134.15536952150703 61.48090271788125 30.959999084472656 AB 4.45146142982796 1.300582809649774
62079.2681 lsst_hardware_r 181.30205034730383 78.95280442192932 31.610000610351562 AB 4.251239394860386 1.2168417311881186
62081.2481 lsst_hardware_i 523.0966174390272 60.13201984166923 31.280000686645508 AB 6.0000704398165725 1.2910318321284218
62081.2646 lsst_hardware_z 115.67756391475375 56.58754297973456 30.959999084472656 AB 6.143705300605999 1.208023457819766
62083.2907 lsst_hardware_g 1246.1468333719513 57.7071385683965 31.68000030517578 AB 8.527289446077889 1.097274956602628
62083.309 lsst_hardware_i 1283.265964480219 57.09640188297045 31.299999237060547 AB 8.440967101739338 1.0551208877174172
62086.2979 lsst_hardware_z 2565.276299076138 64.47632797320598 30.950000762939453 AB 3.907137327028191 1.0609052795478637
62086.3154 lsst_hardware_r 4701.031771203678 73.72807157867081 31.530000686645508 AB 3.7980009169647344 1.030898235774216
62088.2747 lsst_hardware_r 6965.278992348425 85.8485810807674 31.469999313354492 AB 6.1124998398896615 1.1037377825730699
62088.2911 lsst_hardware_u 116.81755208534807 10.324179394184531 28.389999389648438 AB 5.86832635599659 1.0636806880547236
62090.2712 lsst_hardware_i 7421.4932572155585 90.2573404309478 31.229999542236328 AB 6.44862611986126 1.0983278644869718
62090.2792 lsst_hardware_z 4952.443515551617 80.70398339377233 30.940000534057617 AB 6.302605375999524 1.0780364543841456
62091.2621 lsst_hardware_r 10857.741073350857 106.58864889938468 31.469999313354492 AB 4.495120505989178 1.1165689520155275
62091.2793 lsst_hardware_i 8570.69303630113 96.58824121271613 31.239999771118164 AB 4.317678729954439 1.0715172428227917
62096.2004 lsst_hardware_u 226.40511267971436 15.146807492024527 28.100000381469727 AB 4.927469116556192 1.3313885751302401
62096.216 lsst_hardware_g 13730.37189041408 118.10823291814233 31.31999969482422 AB 3.8834019075716286 1.2439491455570857
62098.1996 lsst_hardware_r 17353.718937080255 134.15046090905452 31.450000762939453 AB 10.15966791897462 1.3030783991844317
62098.2163 lsst_hardware_i 13418.208989871398 118.4464215416341 31.229999542236328 AB 9.206135941410619 1.216509176066357
62100.2136 lsst_hardware_z 13698.57072493937 130.2031766064755 31.690000534057617 AB 6.377134185583214 1.2041795472383254
62103.1826 lsst_hardware_r 20538.618843233584 153.21889044014222 31.56999969482422 AB 5.79217218837258 1.3232193546387523
62103.1985 lsst_hardware_z 6599.157815749861 94.08454149238568 30.950000762939453 AB 5.376742880831396 1.2360328461681371
62107.2028 lsst_hardware_i 14766.049632891441 139.14290685641515 31.309999465942383 AB 7.46635592449969 1.1700194772232781
62107.2203 lsst_hardware_z 6445.421608742247 99.87589142533857 30.979999542236328 AB 6.99873159928341 1.1109757572198558
62110.1342 lsst_hardware_z 5445.440596063134 95.33643643893318 30.920000076293945 AB 8.305049320711518 1.5520555635792341
62110.1543 lsst_hardware_r 17455.987596426578 151.73726653104185 31.559999465942383 AB 7.489847678470004 1.384061291410885
62112.1367 lsst_hardware_u 60.5171650267508 8.154601595260003 28.079999923706055 AB 5.472277234832187 1.4789938472519422
62112.1581 lsst_hardware_g 10725.806443131132 107.18130266737532 31.549999237060547 AB 4.894263944252609 1.3227740389871916
62114.1397 lsst_hardware_z 4191.006223711272 77.60750156192543 30.920000076293945 AB 10.455092913653473 1.4109437130436535
62114.163 lsst_hardware_u 77.62381935978668 8.117998389817364 28.31999969482422 AB 9.385426903789606 1.263690171507958
62116.1497 lsst_hardware_g 6326.681163314581 79.93211114519505 31.31999969482422 AB 15.32714270416019 1.3075349583404823
62116.1718 lsst_hardware_r 12077.505562871589 111.52181490900215 31.459999084472656 AB 15.189906645833224 1.196055641404191
62118.1221 lsst_hardware_r 10205.742792117957 103.93877670622155 31.40999984741211 AB 10.81292849909127 1.4638936560250622
62118.1432 lsst_hardware_i 8267.205373023315 95.77796185072413 31.219999313354492 AB 9.381471979371993 1.3137476515014694
62120.1272 lsst_hardware_z 3436.0482219803494 72.62705372216666 30.90999984741211 AB 14.087721047312293 1.3826238018414583
62120.1486 lsst_hardware_i 7915.620749094766 93.00531646838424 31.219999313354492 AB 12.771216365502037 1.253402036041769
62122.1297 lsst_hardware_u 28.63597847444665 6.019034420009927 28.260000228881836 AB 3.8790791564218443 1.32959011359789
62122.1508 lsst_hardware_g 3475.4092950617655 61.069112892884895 31.350000381469727 AB 3.5493274938363393 1.2163909731839517
62124.1311 lsst_hardware_r 8166.7656186428185 93.44267057138772 31.459999084472656 AB 3.8756534471398387 1.2887699549887235
62124.1531 lsst_hardware_i 7389.200182679993 91.78429406870704 31.239999771118164 AB 3.634498199462399 1.1830086091504268
62126.1516 lsst_hardware_u 20.617077360408487 5.508353862089511 28.450000762939453 AB 4.094369156383573 1.167429308477947
62126.1726 lsst_hardware_g 2712.860526083042 52.94780080729583 31.40999984741211 AB 4.141694559861518 1.0991758386041652
62128.1492 lsst_hardware_r 7145.694458260981 87.94762102022854 31.5 AB 7.256928110432801 1.1560220008654403
62128.1706 lsst_hardware_i 7022.822975585142 88.6167233138152 31.239999771118164 AB 7.1623238345099205 1.0900037540946728
62129.1554 lsst_hardware_z 3837.6290561777623 75.06352985945499 30.950000762939453 AB 7.147532032994683 1.1256842323009737
62129.1758 lsst_hardware_r 7162.765849793867 87.5086239656547 31.530000686645508 AB 7.095193175467617 1.0709590836041234
62131.1658 lsst_hardware_z 7765.251142289279 108.3556743622289 31.709999084472656 AB 5.284632469708886 1.0815313317387671
62133.1568 lsst_hardware_r 6499.835238795442 97.78293561352882 31.6299991607666 AB 7.764909634181532 1.090385765726817
62133.1792 lsst_hardware_z 3885.36646750982 78.87378971548537 30.969999313354492 AB 7.377738009961316 1.0430109577947257
62135.1286 lsst_hardware_i 6402.114125279399 104.47796476790391 31.309999465942383 AB 7.786978847592413 1.1614988772185961
62135.1511 lsst_hardware_r 6041.502461436956 113.87408524629963 31.639999389648438 AB 7.316546314515518 1.0910041102725843
62137.1545 lsst_hardware_z 3840.6378128337005 90.23641492023587 30.989999771118164 AB 7.4520419089699965 1.0697519586126603
62137.1761 lsst_hardware_r 5461.432951944673 122.96369103457117 31.65999984741211 AB 7.215169055598027 1.0309777706393308
62139.1416 lsst_hardware_r 5001.608984559432 103.2487458981246 31.639999389648438 AB 4.214090375763326 1.0873668883404273
62139.1623 lsst_hardware_i 5363.488604372778 95.93275732079695 31.31999969482422 AB 4.0048652026983715 1.0438851043134025
62141.1413 lsst_hardware_z 3185.7283666198623 71.8177416328566 30.959999084472656 AB 12.177531701464694 1.074899082131229
62141.1637 lsst_hardware_r 4485.399955996339 81.17035868830335 31.6299991607666 AB 11.736112961228155 1.0330858001565242
62143.0352 lsst_hardware_y 1258.7354529047159 94.97357378129473 29.8799991607666 AB 15.963533724830734 1.6460503767752148
62143.0568 lsst_hardware_z 2686.20985058353 68.82638898111828 30.90999984741211 AB 14.049363679444465 1.4397421340347383
62145.1225 lsst_hardware_r 3316.6224020115123 61.006695223721934 31.469999313354492 AB 7.220840582438549 1.094398390790929
62145.1399 lsst_hardware_z 2792.1678301133134 65.07413149979993 30.950000762939453 AB 6.750596579183153 1.0547807154973676
62149.1283 lsst_hardware_g 844.0179812094733 31.678016707095964 31.399999618530273 AB 5.261112676909078 1.0560948832871992
62149.1464 lsst_hardware_r 2892.1931383978067 57.840701965296496 31.5 AB 5.01923753902941 1.0268489236966878
62151.1247 lsst_hardware_i 3034.723228723979 62.45787279715595 31.25 AB 5.687001143072614 1.052531134780088
62151.1425 lsst_hardware_z 1939.9076248392178 59.75307801766014 30.959999084472656 AB 5.637126559229914 1.0248699883455392
62153.0338 lsst_hardware_y 617.2839336689993 84.59492478368838 29.940000534057617 AB 5.232424286058442 1.40656566829528
62153.05 lsst_hardware_i 2730.2808294585475 62.35609382144486 31.219999313354492 AB 3.6393287415832893 1.2997602648511748
62155.0347 lsst_hardware_y 758.9027632496858 80.33437110278919 29.969999313354492 AB 6.62409071002631 1.3614409022764997
62155.052 lsst_hardware_i 2546.1547822410143 60.616793498608075 31.229999542236328 AB 4.620845324151893 1.2587429376605537
62159.0333 lsst_hardware_y 546.6279063962218 82.6320198190654 29.979999542236328 AB 11.104234501590119 1.3016079670529905
62159.0501 lsst_hardware_i 2344.875521635449 60.658616774678414 31.25 AB 9.01951310746907 1.2149128646913967
62164.0326 lsst_hardware_y -10.217892833128385 75.18000030517578 30.0 AB 13.657022066197 1.232879940978304
62164.0502 lsst_hardware_r -14.787348996769648 81.80999755859375 31.6299991607666 AB 13.47799042451215 1.1585997098351373
62166.0316 lsst_hardware_y -126.71101989905513 75.37000274658203 30.010000228881836 AB 13.10022235335202 1.2121417861070585
62166.049 lsst_hardware_z 10.757418291704777 70.62000274658203 30.979999542236328 AB 12.798860826090182 1.1434275348834673
62168.0301 lsst_hardware_y -86.86831918366101 73.2699966430664 30.010000228881836 AB 10.144369680159596 1.1948609752838157
62168.0473 lsst_hardware_z 50.97621744267163 55.619998931884766 30.969999313354492 AB 9.18270011450329 1.1308511871065812
62170.0315 lsst_hardware_y 10.758904420018574 60.650001525878906 30.020000457763672 AB 8.150815635791986 1.1672787420131017
62170.051 lsst_hardware_r 18.810677363756188 22.579999923706055 31.489999771118164 AB 8.612217178544906 1.1032110649516473
62172.0292 lsst_hardware_y -13.917199865653465 65.69000244140625 30.030000686645508 AB 6.414254736038069 1.155513373453084
62172.0475 lsst_hardware_r -8.627323364166473 22.68000030517578 31.5 AB 6.48077387429332 1.0978160148436007
62174.029 lsst_hardware_z -107.62822413462942 54.5099983215332 30.959999084472656 AB 5.446557330957224 1.1371672548323042
62174.048 lsst_hardware_g -24.552920308664618 13.430000305175781 31.399999618530273 AB 6.7760577839360785 1.0824805757316314
62176.0286 lsst_hardware_y 43.911606697116 59.810001373291016 30.040000915527344 AB 6.171291738638937 1.1208981785988366
62176.047 lsst_hardware_i 58.73834657745468 30.350000381469727 31.25 AB 6.3641652063372245 1.0720098606968935
62178.0277 lsst_hardware_y 24.697515372902462 56.27000045776367 30.040000915527344 AB 0.584393817887399 1.10733077761697
62178.046 lsst_hardware_r -12.287714324256555 22.010000228881836 31.479999542236328 AB 1.0745784895296184 1.0623613341864877
62180.027 lsst_hardware_y 36.25162010564612 56.310001373291016 30.049999237060547 AB 3.5908605816700567 1.0942185622153766
62180.047 lsst_hardware_g 11.37380055701977 13.100000381469727 31.399999618530273 AB 2.5999594543491678 1.049781744690108
62182.0254 lsst_hardware_y -5.204306831699255 78.56999969482422 30.790000915527344 AB 2.3497589140255286 1.0843372930436217
62182.0443 lsst_hardware_z -55.72177179708626 57.81999969482422 31.700000762939453 AB 1.7927714270711408 1.0448908215480932
62186.0235 lsst_hardware_z -48.586016461890466 47.060001373291016 30.959999084472656 AB 6.515336989817893 1.0637284881335336
62186.0431 lsst_hardware_r -1.02137714010844 22.700000762939453 31.510000228881836 AB 3.0107562677193713 1.0298758647881319
62188.0218 lsst_hardware_y 61.30194480039073 54.709999084472656 30.059999465942383 AB 4.186694981167389 1.0561127530219814
62188.0402 lsst_hardware_z -37.90556862497428 41.7400016784668 30.959999084472656 AB 4.123087786610543 1.0264735885007887
62420.2389 lsst_hardware_z -1.6313774025376817 53.849998474121094 30.809999465942383 AB 8.140949164193202 2.261374767831445
62420.2581 lsst_hardware_r -32.58883852265136 24.950000762939453 31.31999969482422 AB 7.974753148088936 1.8888194567663523
62425.2409 lsst_hardware_r 20.645215553425714 41.93000030517578 31.40999984741211 AB 13.956092746526135 1.9470674544350375
62425.2581 lsst_hardware_y -55.916748741987945 53.619998931884766 29.850000381469727 AB 12.354540037323067 1.698082404021176
62427.2547 lsst_hardware_r -63.9575860815796 59.939998626708984 31.5 AB 8.550876664954743 1.6731976646032174
62427.2731 lsst_hardware_i 9.210452438078137 49.52000045776367 31.229999542236328 AB 7.683804283866019 1.4858698155893604
62429.2563 lsst_hardware_z -18.46826259558787 60.439998626708984 30.90999984741211 AB 2.0153015363697477 1.5943841268753225
62429.2747 lsst_hardware_r -12.785581259442047 72.33999633789062 31.559999465942383 AB 1.8379701665703843 1.4277344639334937
62433.257 lsst_hardware_z -19.626988899685692 62.95000076293945 30.93000030517578 AB 4.384040241272892 1.4834334224925194
62433.274 lsst_hardware_r 137.71887449330123 79.47000122070312 31.579999923706055 AB 4.015016474737519 1.3542132131331224
62435.2334 lsst_hardware_g -22.43957282944093 68.3499984741211 31.459999084472656 AB 2.223114822734251 1.666815237290458
62435.2512 lsst_hardware_i 25.919598857211174 58.09000015258789 31.229999542236328 AB 2.0809419015204087 1.4863870725145778
62437.2569 lsst_hardware_r 15.631801736705944 54.79999923706055 31.540000915527344 AB 3.099134323014749 1.3972652493303648
62437.2735 lsst_hardware_z -109.71633868214576 53.439998626708984 30.93000030517578 AB 2.886881068088257 1.2902261756819025
62438.2434 lsst_hardware_u 4.7363798107944275 6.900000095367432 28.760000228881836 AB 4.8288807312604725 1.4829955667483665
62438.2607 lsst_hardware_g 36.99565811091898 41.27000045776367 31.579999923706055 AB 3.552771677497013 1.3518918103108877
62440.2395 lsst_hardware_r -32.063243630441136 23.799999237060547 31.40999984741211 AB 5.619451012900292 1.469649815944672
62440.2578 lsst_hardware_i -46.69678667915336 34.939998626708984 31.219999313354492 AB 5.074170860091401 1.3353081210766846
62451.2799 lsst_hardware_r -1.9503174951773778 21.989999771118164 31.469999313354492 AB 1.8483621356044269 1.106417200940446
62451.2969 lsst_hardware_i 17.309460664498626 29.889999389648438 31.239999771118164 AB 2.1174713853636886 1.0644125596667335
62456.2633 lsst_hardware_g -38.93267885200609 30.780000686645508 31.6299991607666 AB 6.641323758685774 1.1150293302025456
62456.2803 lsst_hardware_r 23.123556389806687 24.649999618530273 31.510000228881836 AB 6.248689491956187 1.070817653681697
