data/validation/pwv_sim_epoch_fit_seasonal/1222799.ecsv
# %ECSV 0.9
# ---
# datatype:
# - {name: time, datatype: float64}
# - {name: band, datatype: string}
# - {name: flux, datatype: float64}
# - {name: fluxerr, datatype: float64}
# - {name: zp, datatype: float64}
# - {name: zpsys, datatype: string}
# - {name: pwv, datatype: float64}
# - {name: airmass, datatype: float64}
# meta: {SNID: '1222799', alt: 1024.0, c: 0.03534052520990372, dec: -15.713861, lat: -30.244573, lon: -70.7499537, ra: 46.230469, t0: 60554.86328125,
#   x0: 6.626538567435799e-06, x1: -0.14760272204875946, z: 0.546329140663147}
# schema: astropy-2.0
time band flux fluxerr zp zpsys pwv airmass
60535.3986 lsst_hardware_g 188.4120855148884 24.21976201295306 32.18000030517578 AB 3.592542980767013 1.0515272883849005
60535.4186 lsst_hardware_y 250.74844471213436 69.25725414390556 30.799999237060547 AB 4.2648978470962495 1.0359446625742363
60541.4149 lsst_hardware_r 1438.163905655961 84.42115324105534 31.649999618530273 AB 1.6869730883556382 1.0335261683906498
60543.3904 lsst_hardware_z 1935.5357067612892 97.0756328323721 31.739999771118164 AB 1.3294564572304022 1.0393144942517802
60543.4087 lsst_hardware_y 383.6261740482669 56.93216214538761 30.059999465942383 AB 1.3422731202009024 1.0335115458717246
60546.3923 lsst_hardware_z 2367.6062029978525 89.06338178700354 31.729999542236328 AB 2.306219626866332 1.0346431704200683
60546.4137 lsst_hardware_y 941.2573710891339 79.20859176155214 30.809999465942383 AB 2.301952628703973 1.0366821115532416
60549.3862 lsst_hardware_r 2243.7284348469325 55.27922568183763 31.559999465942383 AB 3.7425999177216904 1.0341292457265947
60549.4038 lsst_hardware_y 567.3982137514 52.2126105907267 30.049999237060547 AB 3.7393363486465767 1.035922896476104
60553.3172 lsst_hardware_i 1963.481034722822 53.39612197197886 31.239999771118164 AB 1.7644375438044502 1.110058221959173
60553.3336 lsst_hardware_z 1446.2400861473382 56.21544737327806 30.940000534057617 AB 0.8616858714622403 1.0747563098998942
60555.325 lsst_hardware_z 1523.7438613260563 56.69457445448234 30.940000534057617 AB 1.7289334836887633 1.080583427305477
60555.342 lsst_hardware_r 2157.054457145093 52.042517928241374 31.489999771118164 AB 1.0781473139235296 1.0539074427403914
60557.3589 lsst_hardware_u -0.28644296069100506 2.852958308833731 28.459999084472656 AB 1.329966229259801 1.035799243971557
60557.3767 lsst_hardware_r 2175.2715018199583 51.46053465395189 31.5 AB 1.0328610938726475 1.0342400806468433
60559.3454 lsst_hardware_i 1964.2263594044466 52.379724352564025 31.239999771118164 AB 2.429206143003312 1.0401967497873161
60559.3632 lsst_hardware_z 1488.8493262103052 55.83133384711208 30.940000534057617 AB 2.4254164442701582 1.0335581438651242
60566.3086 lsst_hardware_g 280.6825211434299 28.841570177355603 31.600000381469727 AB 1.6969304617752046 1.0582665804647362
60566.3283 lsst_hardware_r 1502.1472413169677 44.579048390413504 31.5 AB 1.6717285957516008 1.0388784644753604
60568.3437 lsst_hardware_i 1603.9506757509855 58.79040464993969 31.299999237060547 AB 4.301578497179795 1.0337226788056755
60568.3631 lsst_hardware_z 1248.9019872610195 57.99750603182921 30.969999313354492 AB 4.352872748077308 1.0427915788650197
60571.3418 lsst_hardware_z 1017.7889968906042 75.50663120638373 30.989999771118164 AB 5.377808074060771 1.0351892346603986
60571.3607 lsst_hardware_r 1306.1855103093637 104.42182908606036 31.65999984741211 AB 5.429415859854725 1.0481497798951531
60580.2679 lsst_hardware_r 527.2505359942198 32.09216841897721 31.489999771118164 AB 3.6289127036861495 1.0617582397284968
60580.2873 lsst_hardware_i 764.7481555725411 41.46950700654941 31.25 AB 3.5886390098272787 1.0407382695617804
60582.3069 lsst_hardware_z 770.6119476914586 49.37347885643908 30.940000534057617 AB 3.9103277664366987 1.0339311915485718
60582.325 lsst_hardware_r 507.5396575151915 30.951622071391515 31.489999771118164 AB 3.962986107189857 1.042891080839436
60586.2983 lsst_hardware_i 557.6096239592936 38.58701578425291 31.25 AB 2.7797596804709817 1.0344254090505094
60586.3173 lsst_hardware_z 774.7522039427862 49.06625776069293 30.950000762939453 AB 2.756024572652092 1.0457311981227155
60588.2887 lsst_hardware_r 323.6735229413481 28.597507209081456 31.5 AB 6.098256301749464 1.03367576270914
60588.3077 lsst_hardware_u -1.4098091109002786 2.9056619639725634 28.479999542236328 AB 5.948505402548488 1.0421500084762472
60590.2809 lsst_hardware_g 25.7842748277945 15.140774683958545 31.440000534057617 AB 3.8367695569459266 1.0335196795221138
60590.3012 lsst_hardware_r 256.01039503670455 28.06081210896537 31.510000228881836 AB 3.7915541063063865 1.041349658419771
60592.2821 lsst_hardware_i 363.3060032965114 36.83471863018325 31.260000228881836 AB 3.3233248980422094 1.034471188205437
60592.3002 lsst_hardware_z 762.7185320859869 48.5477300660496 30.959999084472656 AB 2.9175544175329646 1.0450629238051663
60596.2819 lsst_hardware_r 244.1444967130941 42.095240749660455 31.610000610351562 AB 6.009312857125521 1.0393138805128885
60596.301 lsst_hardware_i 410.111511182374 42.336990026683765 31.290000915527344 AB 5.317000351854926 1.0583903560191612
60599.2595 lsst_hardware_i 331.90894647082524 80.31850698558253 31.34000015258789 AB 6.240564222971135 1.0337765140204946
60599.2776 lsst_hardware_z 402.84399959959006 72.48146534521624 30.989999771118164 AB 6.322392777470631 1.0420953976381457
60601.2606 lsst_hardware_r 183.91739492139973 114.57467093487335 31.65999984741211 AB 3.7327545644624416 1.0354381593514599
60601.2776 lsst_hardware_z 508.9947812818676 80.11436313372786 31.0 AB 3.794105687911608 1.0469386556047484
60603.2424 lsst_hardware_y 220.26817373346938 53.03823501412024 30.059999465942383 AB 1.8709044679308997 1.033601289773587
60603.2597 lsst_hardware_r 190.43296696414407 72.29923846995428 31.649999618530273 AB 2.0710133548205563 1.037495209895858
60605.2425 lsst_hardware_i 247.33544092029138 44.75873860883568 31.299999237060547 AB 3.5169826174175673 1.0336972521066623
60605.2599 lsst_hardware_z 340.25188832695494 51.15368142839411 30.969999313354492 AB 3.7978080939054286 1.0410895974155372
60607.2429 lsst_hardware_r 126.8754401164916 28.00100774283898 31.530000686645508 AB 4.623603730171019 1.0349806887413648
60607.2604 lsst_hardware_g 50.1781405475286 19.5467259137384 31.549999237060547 AB 3.9753360540139986 1.0461410668457891
60609.1697 lsst_hardware_r 108.2086018442553 25.66728537154713 31.5 AB 2.727193083689784 1.097094100042823
60609.1885 lsst_hardware_i 179.62594347944923 34.10972462689734 31.260000228881836 AB 2.592364550112725 1.0620817549113246
60611.1805 lsst_hardware_i 151.8457059447019 34.043043772870256 31.260000228881836 AB 2.177178824478276 1.0659382249584402
60611.1977 lsst_hardware_z 392.5658653681498 45.20975824298953 30.959999084472656 AB 2.1454147595197033 1.0447600484631383
60615.2317 lsst_hardware_g 20.71837716471736 14.817902609797061 31.43000030517578 AB 4.443200574126671 1.0404403639214777
60615.2507 lsst_hardware_r 121.8973149928074 25.33710795640021 31.510000228881836 AB 3.3019494749076115 1.0605833431181118
60620.1737 lsst_hardware_z 257.7336018225727 44.21412326544732 30.950000762939453 AB 5.5640087460373495 1.0442469377447232
60620.1922 lsst_hardware_r 121.50198564205627 24.882259133743386 31.5 AB 5.6552867675511695 1.0341568560943828
60622.212 lsst_hardware_z 169.94171775184165 44.22514115700659 30.950000762939453 AB 8.352140995931213 1.0400308396067537
60622.2304 lsst_hardware_r 96.02887193760253 25.06486889071554 31.5 AB 8.386438965734945 1.0589160923924572
60624.2089 lsst_hardware_i 190.17213577786976 39.28357276971524 31.280000686645508 AB 2.454353794460536 1.0417460927252766
60624.226 lsst_hardware_z 162.32912073223187 46.79329874387505 30.950000762939453 AB 2.464017600184076 1.0604006312656558
60626.1974 lsst_hardware_r 116.39344416745834 61.160838514906885 31.639999389648438 AB 4.468854285776112 1.037760066363103
60626.2159 lsst_hardware_z 202.45223177841498 54.64107221988644 30.969999313354492 AB 7.039548660954601 1.054232349479638
60631.1915 lsst_hardware_r 10.498155177067384 90.6822691717721 31.649999618530273 AB 5.807116882792161 1.0431165720159086
60631.2113 lsst_hardware_i 173.35902385668325 73.41049376291123 31.31999969482422 AB 4.831650974346544 1.067060727550105
60633.1764 lsst_hardware_z 38.80680087551685 48.59000015258789 30.969999313354492 AB 5.197738986363437 1.0367830424928568
60633.1958 lsst_hardware_r -57.73231285988997 53.83000183105469 31.6299991607666 AB 5.439495597450219 1.0530263953635863
60640.1146 lsst_hardware_g 6.803425921186919 13.920000076293945 31.43000030517578 AB 3.997445812242333 1.0485791362692483
60640.1354 lsst_hardware_i 7.517008172659923 30.329999923706055 31.260000228881836 AB 3.724949131204519 1.0347080920012552
60642.0963 lsst_hardware_z 44.881541252649434 41.279998779296875 30.950000762939453 AB 5.336862685276583 1.0652420529494397
60642.1104 lsst_hardware_r -8.988740104433276 22.520000457763672 31.5 AB 5.254403949558947 1.0472851110305845
60644.1551 lsst_hardware_u 0.49150377046767796 2.690000057220459 28.440000534057617 AB 8.471035812826406 1.0423752025627242
60644.1747 lsst_hardware_g 16.349576113502746 13.869999885559082 31.40999984741211 AB 8.21305113329186 1.0653156668125727
60646.1573 lsst_hardware_r -48.15985688215713 22.68000030517578 31.5 AB 6.785559432384662 1.0495893476724842
60646.1755 lsst_hardware_i 17.94266572279172 30.780000686645508 31.25 AB 6.873731078710366 1.075855885700446
60648.1461 lsst_hardware_z -19.117876534192945 41.150001525878906 30.950000762939453 AB 2.705210413355708 1.0439789342422259
60648.1646 lsst_hardware_r -7.124749313071126 22.729999542236328 31.5 AB 2.7078456647380604 1.06660587483506
60650.1444 lsst_hardware_u 2.3717175734868827 2.7300000190734863 28.450000762939453 AB 4.780860156322855 1.0475153716745957
60650.1623 lsst_hardware_r -5.57920555573562 22.649999618530273 31.489999771118164 AB 4.794297766040977 1.0718304864835628
60652.1471 lsst_hardware_i -8.106145699738585 33.470001220703125 31.270000457763672 AB 5.799326315180793 1.0570335188749413
60652.1655 lsst_hardware_z -30.884741869869494 42.84000015258789 30.950000762939453 AB 5.979146223385661 1.0883212444162373
60654.08 lsst_hardware_z 16.84964827073666 48.84000015258789 30.969999313354492 AB 10.348452762486346 1.0450167728374997
60654.0986 lsst_hardware_r 39.925186571558754 49.970001220703125 31.639999389648438 AB 11.053047475909763 1.0343242461957902
60656.1312 lsst_hardware_y 77.67332761794844 74.75 30.799999237060547 AB 10.867414752039801 1.0509225322304585
60658.126 lsst_hardware_r -248.59489215739669 98.13999938964844 31.65999984741211 AB 8.275986359756084 1.0512186397998127
60658.1437 lsst_hardware_i -3.7458872842999176 78.61000061035156 31.329999923706055 AB 8.48835408179592 1.0776255824303378
60660.1161 lsst_hardware_z -28.301845516132268 59.81999969482422 30.989999771118164 AB 10.143887811266667 1.0465258456363626
60660.1339 lsst_hardware_r 3.724194484642564 82.93000030517578 31.649999618530273 AB 10.027767875242116 1.0699709640676607
60663.0796 lsst_hardware_i 44.35112539618831 30.270000457763672 31.260000228881836 AB 5.478973062729413 1.033524746565322
60663.0991 lsst_hardware_z 15.576179945324311 41.11000061035156 30.950000762939453 AB 3.4932074179439017 1.0393872803205262
60670.052 lsst_hardware_z 33.935299919606564 41.7599983215332 30.950000762939453 AB 6.508143574017845 1.0351747373974622
60670.0738 lsst_hardware_i -7.022881740390299 30.1200008392334 31.25 AB 6.647360468388728 1.0360599233772954
60672.053 lsst_hardware_y -73.55842755704903 47.869998931884766 30.059999465942383 AB 8.54186104746343 1.0336856111168475
60672.075 lsst_hardware_r -13.913949497739985 22.40999984741211 31.510000228881836 AB 8.629489914713794 1.039697580085999
60674.0357 lsst_hardware_y -116.56354216542069 76.16000366210938 30.079999923706055 AB 7.7836601981354105 1.0375446811697429
60674.057 lsst_hardware_r -8.993772232959492 22.65999984741211 31.510000228881836 AB 7.779340206706394 1.0341658448229354
60676.0378 lsst_hardware_y -31.594505687819478 66.22000122070312 30.06999969482422 AB 7.095387032665178 1.034505251729028
60676.0594 lsst_hardware_z 18.56601885625896 40.93000030517578 30.950000762939453 AB 7.145756534600755 1.036975477234051
60678.0379 lsst_hardware_y 1.0754177294141822 68.97000122070312 30.06999969482422 AB 5.838091044881821 1.0335648481688626
60678.0613 lsst_hardware_u 1.2630844183876417 2.700000047683716 28.389999389648438 AB 7.002436809751547 1.0416159475036986
60898.4096 lsst_hardware_z -3.391383229213158 58.220001220703125 30.989999771118164 AB 6.306913599587846 1.0464143350254977
60898.428 lsst_hardware_y 103.7821924302821 58.93000030517578 30.06999969482422 AB 5.142538566114002 1.0348027633665062
60900.4069 lsst_hardware_r -146.51844194343212 92.62999725341797 32.400001525878906 AB 4.624411076540207 1.0438851188578344
60900.4275 lsst_hardware_y 97.89059605571546 85.30999755859375 30.81999969482422 AB 4.856556059073653 1.033749693289411
60903.4073 lsst_hardware_z -36.40291554807806 62.849998474121094 31.719999313354492 AB 5.04632650819475 1.0378049374179434
60905.4079 lsst_hardware_g 49.40218135037333 16.479999542236328 31.489999771118164 AB 2.5177520127473216 1.0351179989368187
60905.429 lsst_hardware_y 63.44655113085506 72.55999755859375 30.06999969482422 AB 2.4011660116133124 1.0359155901261818
60911.4055 lsst_hardware_g 16.291816789705134 19.6200008392334 32.16999816894531 AB 3.9360987688714437 1.033888261496275
60913.3967 lsst_hardware_i -1.8116931486137473 30.270000457763672 31.25 AB 2.195443057789454 1.0335549899361887
60913.4141 lsst_hardware_y -48.684439059521466 49.150001525878906 30.049999237060547 AB 2.1165251451070817 1.0396357650955785
60931.3416 lsst_hardware_i -1.3605082321339916 41.380001068115234 31.299999237060547 AB 2.947758367993986 1.0339383963500477
60931.3617 lsst_hardware_z 23.599679511598072 46.43000030517578 30.959999084472656 AB 2.8484174750486084 1.037674854298218
60935.3409 lsst_hardware_r -0.3543584614190607 22.290000915527344 31.489999771118164 AB 1.2041520792750837 1.0340507335976312
60935.3583 lsst_hardware_i -6.798055179920476 30.43000030517578 31.25 AB 1.3248585075981645 1.0427851299468847
60937.3294 lsst_hardware_i 7.753351959350786 29.950000762939453 31.25 AB 5.7723149173294 1.0335389287966696
60937.3497 lsst_hardware_z 35.34080055264208 40.72999954223633 30.940000534057617 AB 5.163859665407758 1.0404015444072043
60939.3298 lsst_hardware_r -10.608228470968578 22.239999771118164 31.489999771118164 AB 3.1754659390181583 1.034016912738131
60939.3501 lsst_hardware_u 1.3248857267132117 2.6500000953674316 28.43000030517578 AB 2.4289142717779435 1.0451438346729305
60942.257 lsst_hardware_u 0.9075560668847008 2.609999895095825 28.350000381469727 AB 4.4573681188122425 1.0988663289043248
60942.2759 lsst_hardware_g 3.0031088050100316 13.699999809265137 31.40999984741211 AB 4.306644622409261 1.063084678355813
60944.2613 lsst_hardware_r -8.294980249969587 22.65999984741211 31.489999771118164 AB 3.4309423996120345 1.078460519576219
60944.2794 lsst_hardware_i 43.35622498746614 30.350000381469727 31.25 AB 3.353600072524186 1.0512852891924664
60946.2604 lsst_hardware_z 75.07151988078375 41.33000183105469 30.950000762939453 AB 3.660788051077246 1.0703537014016606
60946.2786 lsst_hardware_r -32.48736100592967 22.450000762939453 31.489999771118164 AB 3.4634071270728803 1.0463729077993822
60949.2999 lsst_hardware_z -59.57754275816725 40.66999816894531 30.940000534057617 AB 4.604241708776571 1.0336545032051931
60949.3186 lsst_hardware_r -32.36771914293366 22.389999389648438 31.489999771118164 AB 4.677208581982297 1.0416172330151356
60954.2868 lsst_hardware_r 108.16185586422104 95.9000015258789 31.65999984741211 AB 6.119137516495874 1.0337108495524305
60954.3047 lsst_hardware_z -57.84079789357457 66.26000213623047 30.989999771118164 AB 5.939784619939647 1.0414280038466799
60956.2799 lsst_hardware_y -58.187839649201266 58.290000915527344 30.059999465942383 AB 3.885934322886318 1.0335848008386341
60956.2989 lsst_hardware_r 134.19735040499162 104.6500015258789 31.65999984741211 AB 3.8814962328964295 1.0411738822143608
60960.2826 lsst_hardware_r 67.14626421712292 41.81999969482422 31.6200008392334 AB 5.663840137847761 1.0377134734055402
60960.3006 lsst_hardware_g -52.98852432316506 40.2400016784668 31.690000534057617 AB 5.557392908993012 1.0534842725923912
60962.2143 lsst_hardware_u 2.937213797301085 2.5799999237060547 28.329999923706055 AB 6.769594145327802 1.0745387532266353
60962.2326 lsst_hardware_r -15.532776604501768 22.729999542236328 31.489999771118164 AB 6.606877608478534 1.0487107315045292
