data/validation/pwv_sim_epoch_fit_seasonal/123635.ecsv
# %ECSV 0.9
# ---
# datatype:
# - {name: time, datatype: float64}
# - {name: band, datatype: string}
# - {name: flux, datatype: float64}
# - {name: fluxerr, datatype: float64}
# - {name: zp, datatype: float64}
# - {name: zpsys, datatype: string}
# - {name: pwv, datatype: float64}
# - {name: airmass, datatype: float64}
# meta: {SNID: '123635', alt: 1024.0, c: 0.022078465670347214, dec: -1.492246, lat: -30.244573, lon: -70.7499537, ra: 215.332031, t0: 62163.67578125,
#   x0: 1.165414744011835e-05, x1: -0.7220063805580139, z: 0.43172040581703186}
# schema: astropy-2.0
time band flux fluxerr zp zpsys pwv airmass
[from data line 134]
62590.1452 lsst_hardware_i 63.163461818702146 35.540000915527344 31.149999618530273 AB 10.425848313657513 1.6466198968661512
62593.3086 lsst_hardware_u -4.3424124444951575 2.6500000953674316 28.309999465942383 AB 10.388637276848787 1.1802922460702459
62593.3222 lsst_hardware_g 23.88938567922209 15.069999694824219 31.389999389648438 AB 10.675432956581572 1.212589170238143
62595.2594 lsst_hardware_g -10.605110248867518 15.220000267028809 31.420000076293945 AB 7.219116018739299 1.139140966558872
62595.279 lsst_hardware_r 7.295080615604928 24.399999618530273 31.489999771118164 AB 7.367138082983153 1.1465619219998424
62597.2458 lsst_hardware_i -23.451556811991253 32.2599983215332 31.239999771118164 AB 16.91072501026392 1.1411002278681956
62597.2647 lsst_hardware_r -25.268231117760198 24.420000076293945 31.489999771118164 AB 16.659778286613733 1.1410807045625844
62599.2474 lsst_hardware_u -0.10375206753604635 2.7200000286102295 28.3700008392334 AB 10.547381500559878 1.1392311251729585
62599.2655 lsst_hardware_g 0.3231715680619386 15.229999542236328 31.420000076293945 AB 9.864417491690276 1.1445963498030662
62601.2586 lsst_hardware_i 44.65014335722983 32.2400016784668 31.239999771118164 AB 4.594537443354553 1.1436309753216063
62601.2757 lsst_hardware_z -47.22040430520116 43.369998931884766 30.940000534057617 AB 4.800077027451733 1.1613089582544516
62603.2573 lsst_hardware_r 33.75479037998714 24.75 31.510000228881836 AB 6.7940738168516095 1.1466791252070228
62603.2752 lsst_hardware_u -1.9342337924653008 2.880000114440918 28.489999771118164 AB 6.838408999277605 1.1690587228442781
62605.2333 lsst_hardware_z 8.6318225243802 73.0199966430664 31.709999084472656 AB 7.512472454474257 1.1391019756345142
62607.1855 lsst_hardware_r -231.46461703801558 139.1999969482422 32.380001068115234 AB 20.094330802489523 1.1804224168765507
62607.2035 lsst_hardware_z 36.62634866828957 99.58999633789062 31.729999542236328 AB 19.64481509060517 1.1525490920290904
62609.2274 lsst_hardware_r -63.28888154062305 161.63999938964844 31.639999389648438 AB 13.54939795851601 1.139634372102194
62609.2459 lsst_hardware_y 120.96311839066638 75.48999786376953 30.030000686645508 AB 13.676930553743045 1.1513779272855347
62615.1446 lsst_hardware_i -33.15225285650864 33.2400016784668 31.229999542236328 AB 11.87204619759198 1.2287888835603527
62615.1687 lsst_hardware_z 21.55868765025971 45.29999923706055 30.940000534057617 AB 9.274647868437151 1.170979792953294
62617.2194 lsst_hardware_r -23.90699339402469 24.829999923706055 31.5 AB 6.780775670608587 1.1469512298052413
62617.2392 lsst_hardware_u 4.643219386739555 2.869999885559082 28.420000076293945 AB 6.979359891418551 1.17293595172571
62619.1886 lsst_hardware_u 0.3464682471979708 2.7200000286102295 28.360000610351562 AB 2.6150461848659226 1.1400746310042171
62619.2072 lsst_hardware_g 12.380752433655221 15.489999771118164 31.43000030517578 AB 2.617602086043734 1.142309441869402
62624.1871 lsst_hardware_r -19.945022443388797 24.639999389648438 31.5 AB 13.16265935110272 1.139788657910468
62624.2037 lsst_hardware_u -4.640878068507913 2.8399999141693115 28.459999084472656 AB 13.251810147888477 1.150097793955664
62626.1869 lsst_hardware_g 11.061267476780369 15.470000267028809 31.450000762939453 AB 10.58590260880306 1.1417064936155155
62626.2053 lsst_hardware_r -21.17566165532722 24.780000686645508 31.5 AB 10.587805631250966 1.1583398754172447
62628.1836 lsst_hardware_i 56.58257379418952 32.279998779296875 31.239999771118164 AB 7.312267634508728 1.142854317119326
62628.201 lsst_hardware_z 60.938683046085266 43.349998474121094 30.93000030517578 AB 7.409781972638131 1.1599230826744444
62630.086 lsst_hardware_g -8.857636131780653 17.889999389648438 31.43000030517578 AB 11.13040189973489 1.2942327790389407
62630.1009 lsst_hardware_i -21.60519738976939 33.58000183105469 31.229999542236328 AB 10.553065699927497 1.2375575443586908
62632.1868 lsst_hardware_z -21.447064624431157 44.79999923706055 30.940000534057617 AB 8.99524902362124 1.1556199030421155
62632.2075 lsst_hardware_r -10.701777922638657 24.649999618530273 31.489999771118164 AB 9.294787507149367 1.1918431578666482
62635.1087 lsst_hardware_r 0.1708049971287019 82.87999725341797 31.6200008392334 AB 7.229714414917261 1.181132889220268
62635.1271 lsst_hardware_y -19.477526518844012 55.599998474121094 30.030000686645508 AB 7.2019647315205635 1.152498756844347
62640.0526 lsst_hardware_i -1.3064564642434948 77.66000366210938 31.280000686645508 AB 10.761201986591608 1.3223398853025
62640.0634 lsst_hardware_z 11.469541440502416 69.55000305175781 30.959999084472656 AB 10.379210488018316 1.2745914351114247
62645.1055 lsst_hardware_g 7.472060988019053 14.890000343322754 31.40999984741211 AB 9.962159511439713 1.1469434341099163
62645.1244 lsst_hardware_i 17.448773398007393 32.040000915527344 31.239999771118164 AB 9.8996171193067 1.1391090579134744
62647.1095 lsst_hardware_z 9.159904984031796 43.13999938964844 30.940000534057617 AB 7.329131048175792 1.1410167693060391
62647.1277 lsst_hardware_r 63.29115664067237 24.239999771118164 31.5 AB 6.638270236996667 1.140890304545252
62651.077 lsst_hardware_r -47.89730425088195 24.280000686645508 31.489999771118164 AB 12.699116640195967 1.16058459515591
62651.0966 lsst_hardware_u -2.50429893341737 2.75 28.399999618530273 AB 13.892440604061665 1.1419226470904855
62653.0697 lsst_hardware_g -16.690695407664915 14.779999732971191 31.389999389648438 AB 8.505051753580055 1.163269593359209
62653.0877 lsst_hardware_r -2.4670132138860406 24.059999465942383 31.479999542236328 AB 8.50386850040009 1.1439155905838798
62656.0743 lsst_hardware_i -24.530726090238268 32.040000915527344 31.229999542236328 AB 13.183061096888048 1.1479586172157914
62656.0918 lsst_hardware_z -6.304319925299958 42.880001068115234 30.93000030517578 AB 13.211451778309835 1.1392374396542349
62658.0774 lsst_hardware_r -30.475488375454272 24.1200008392334 31.489999771118164 AB 4.780276460844457 1.141967620841963
62658.0982 lsst_hardware_u -0.21484457879938074 2.640000104904175 28.31999969482422 AB 5.819675565800518 1.1411128560393173
62673.0094 lsst_hardware_u 5.492923308298862 2.7100000381469727 28.360000610351562 AB 4.585822112885731 1.1726445907481413
62673.0235 lsst_hardware_g 23.663820447574384 15.020000457763672 31.420000076293945 AB 4.522907980109454 1.1523332433400186
62677.0407 lsst_hardware_r -20.430081811241404 24.239999771118164 31.489999771118164 AB 5.745854733739734 1.1394476600488632
62677.0623 lsst_hardware_z 54.11873543183997 43.18000030517578 30.93000030517578 AB 5.495574647207101 1.1536841917093061
62681.0048 lsst_hardware_u 0.05090490306480507 2.740000009536743 28.3799991607666 AB 5.079633649650676 1.1491083926367323
62681.0257 lsst_hardware_g 24.025204752928985 15.109999656677246 31.420000076293945 AB 5.156409704209617 1.1391184913570582
62689.0029 lsst_hardware_z 44.24374623780141 44.36000061035156 30.940000534057617 AB 3.4174487727972456 1.1391495909324152
62689.0254 lsst_hardware_g -24.126592987000535 23.200000762939453 31.559999465942383 AB 3.4479247439827976 1.1493082479942658
62695.9661 lsst_hardware_y 36.63053217609611 59.369998931884766 30.020000457763672 AB 9.956821522950525 1.1470772285037374
62695.9861 lsst_hardware_r 142.3075024689597 86.72000122070312 31.6299991607666 AB 9.866742968273808 1.1391494508196771
62697.9671 lsst_hardware_y -114.8676879482572 54.20000076293945 30.010000228881836 AB 4.852402434868927 1.1425482540309395
62697.9866 lsst_hardware_r -81.21564492884315 59.619998931884766 31.610000610351562 AB 4.867317047656231 1.1402429441643522
62702.9648 lsst_hardware_y -96.19519049192218 55.959999084472656 30.020000457763672 AB 6.244799281367225 1.1391461658823832
62702.9835 lsst_hardware_i 21.818457334240733 32.900001525878906 31.239999771118164 AB 6.241595693342524 1.1460880817742423
