data/validation/pwv_sim_epoch_fit_seasonal/12484050.ecsv
# %ECSV 0.9
# ---
# datatype:
# - {name: time, datatype: float64}
# - {name: band, datatype: string}
# - {name: flux, datatype: float64}
# - {name: fluxerr, datatype: float64}
# - {name: zp, datatype: float64}
# - {name: zpsys, datatype: string}
# - {name: pwv, datatype: float64}
# - {name: airmass, datatype: float64}
# meta: {SNID: '12484050', alt: 1024.0, c: 0.06950180232524872, dec: -28.801123, lat: -30.244573, lon: -70.7499537, ra: 243.28125, t0: 61139.203125,
#   x0: 7.439040056409553e-06, x1: 0.6819680333137512, z: 0.5206973552703857}
# schema: astropy-2.0
time band flux fluxerr zp zpsys pwv airmass
[from data line 132]
61500.2512 lsst_hardware_i 38.579616020613756 32.08000183105469 31.239999771118164 AB 7.653344863940492 1.119019134019957
61500.2695 lsst_hardware_z 27.44093421045431 42.040000915527344 30.940000534057617 AB 7.305203773059806 1.0709348768167881
61502.2583 lsst_hardware_r -14.244642558706259 24.219999313354492 31.510000228881836 AB 8.675443892396437 1.0844304865495547
61502.2777 lsst_hardware_g -5.0219504161288215 15.15999984741211 31.459999084472656 AB 8.352804902758516 1.0441006128448145
61504.2543 lsst_hardware_r -17.856470808528297 24.190000534057617 31.5 AB 5.595643235649921 1.0808659910469232
61504.2721 lsst_hardware_i 40.620853568117155 31.399999618530273 31.25 AB 5.391924992630238 1.0443395298528448
61510.2401 lsst_hardware_z 105.2711453859289 42.29999923706055 30.950000762939453 AB 10.782922882089666 1.0757105828102222
61510.2593 lsst_hardware_g -9.822411267713091 15.210000038146973 31.469999313354492 AB 9.720182642570714 1.0384440699302782
61517.1512 lsst_hardware_i -106.08669105938314 120.83999633789062 31.270000457763672 AB 13.909999296785703 1.3718286246490992
61517.1689 lsst_hardware_z 188.8984017350978 99.2300033569336 30.969999313354492 AB 11.560096079554855 1.2650575705356593
61519.1514 lsst_hardware_r 18.784989683448455 122.52999877929688 31.59000015258789 AB 12.68700336810578 1.3345375211892474
61519.17 lsst_hardware_z -31.727339242962973 87.30000305175781 30.969999313354492 AB 9.735596211461694 1.2321459936881995
61521.1475 lsst_hardware_g -63.614687112943784 63.52000045776367 31.610000610351562 AB 11.909143441566108 1.3248083033483509
61521.1666 lsst_hardware_i 14.104326083932573 60.36000061035156 31.290000915527344 AB 10.842379771268677 1.222457129953624
61523.1473 lsst_hardware_z -41.62273141946428 45.310001373291016 30.920000076293945 AB 2.6905611046023665 1.2936426498609344
61523.1669 lsst_hardware_r -16.123725181374784 31.420000076293945 31.530000686645508 AB 2.7349170792019653 1.1969002534800726
61525.1511 lsst_hardware_u -1.377858176495057 2.640000104904175 28.280000686645508 AB 12.949572448747977 1.2444033584382626
61525.1712 lsst_hardware_g 0.3176384204459076 15.149999618530273 31.40999984741211 AB 12.697566929430684 1.1583521727306938
61527.159 lsst_hardware_r 17.66154942562593 24.649999618530273 31.489999771118164 AB 8.850688437961109 1.1843554714252789
61527.1781 lsst_hardware_i -23.804842104291737 32.02000045776367 31.25 AB 8.775828675644943 1.1171572370498746
61531.156 lsst_hardware_u 2.8742406696754017 2.7899999618530273 28.420000076293945 AB 4.056341633878751 1.1540637205781454
61531.174 lsst_hardware_r -2.940919047345849 24.459999084472656 31.510000228881836 AB 3.5837303334516513 1.0976763490076016
61534.1525 lsst_hardware_i -23.041110349750245 32.400001525878906 31.239999771118164 AB 8.647181236963075 1.1377870048635625
61534.1734 lsst_hardware_z -72.4950062653374 42.2400016784668 30.940000534057617 AB 8.292320285249033 1.078465377194568
61536.1545 lsst_hardware_r 35.58193308483992 34.7599983215332 32.2599983215332 AB 8.656585861909837 1.1142471182790146
61536.1744 lsst_hardware_u 2.0478381982099902 4.119999885559082 29.290000915527344 AB 8.294455103932961 1.0640282781065047
61540.1539 lsst_hardware_y -39.07515815702028 49.13999938964844 30.040000915527344 AB 7.452147285418917 1.0860549845157519
61540.1752 lsst_hardware_r 25.966223692016438 43.959999084472656 31.6299991607666 AB 6.781608539705193 1.042001849914369
61542.1567 lsst_hardware_i 20.587176626576294 60.38999938964844 31.329999923706055 AB 8.339998513256795 1.066837033995113
61542.1772 lsst_hardware_z -24.749001662527363 56.91999816894531 30.979999542236328 AB 7.0132350418390486 1.0306003000498392
61546.1156 lsst_hardware_i -35.66575046555082 137.4499969482422 31.329999923706055 AB 8.183992779358288 1.152080068418919
61546.1455 lsst_hardware_z 108.7948178963236 108.9800033569336 31.0 AB 7.599373729294332 1.0674402120018727
61550.0769 lsst_hardware_r -50.43759370506149 43.5099983215332 31.559999465942383 AB 6.234124219541134 1.2752197367123281
61550.095 lsst_hardware_y -63.101021570982574 51.47999954223633 30.0 AB 6.782113332577388 1.189288052240577
61552.0534 lsst_hardware_u -7.237661091596046 2.609999895095825 28.200000762939453 AB 8.0162302103651 1.387511178934963
61552.074 lsst_hardware_g -2.2730063194795567 15.649999618530273 31.399999618530273 AB 7.295142455195385 1.2616078839923532
61554.0381 lsst_hardware_r 17.865022770569823 26.049999237060547 31.43000030517578 AB 13.826236200109422 1.4631711942546612
61554.0576 lsst_hardware_i 5.713263632367491 34.31999969482422 31.219999313354492 AB 12.783209819191462 1.323587680595513
61558.0444 lsst_hardware_u 0.7747134093990933 3.6600000858306885 28.940000534057617 AB 14.25860041885082 1.3378307767733473
61558.0562 lsst_hardware_r -1.3521282981148146 35.86000061035156 32.220001220703125 AB 13.397794300993986 1.2690810404698452
61563.0372 lsst_hardware_r 28.365881583020382 25.34000015258789 31.479999542236328 AB 6.1887028616560755 1.2987379654412934
61563.0605 lsst_hardware_u 1.8962404410116216 2.740000009536743 28.360000610351562 AB 4.5242376567254 1.1852086336303358
61572.0491 lsst_hardware_z -108.15627851967845 83.05999755859375 30.989999771118164 AB 9.922053809745009 1.1366119261978898
61572.0718 lsst_hardware_r -140.82216930932142 115.55000305175781 31.649999618530273 AB 9.300779646707825 1.0734662142375653
61574.0562 lsst_hardware_i 246.39158440117632 125.56999969482422 31.34000015258789 AB 6.083409111045249 1.0987493879069465
61574.0805 lsst_hardware_z -58.83187485853957 101.38999938964844 31.0 AB 5.89823568286696 1.0451687565622907
61576.047 lsst_hardware_r -70.53285830714817 118.51000213623047 31.639999389648438 AB 4.111534666751733 1.1092269784402158
61576.0716 lsst_hardware_z -41.564564787717735 78.56999969482422 30.989999771118164 AB 3.9663315194836057 1.0513336771912145
61580.0478 lsst_hardware_z 27.10063841476674 42.029998779296875 30.950000762939453 AB 3.6668173887370004 1.078475702569706
61580.0679 lsst_hardware_r 6.33205350047295 24.020000457763672 31.510000228881836 AB 3.5322213322700455 1.0388886271382487
61582.0515 lsst_hardware_u 1.695217396535127 2.8499999046325684 28.5 AB 4.14763601775039 1.058497952255475
61582.0694 lsst_hardware_g 8.081469263578777 15.300000190734863 31.469999313354492 AB 3.9521025326075208 1.0286576086954433
61584.952 lsst_hardware_z -26.93932740232874 80.41999816894531 30.940000534057617 AB 5.536710428541826 1.4754069360122117
61584.9713 lsst_hardware_u -4.902965782620576 2.799999952316284 28.280000686645508 AB 5.2022091738585905 1.3338997881688694
61588.9534 lsst_hardware_y -147.69309440864356 70.69000244140625 29.950000762939453 AB 10.013654961652989 1.380273605410618
61588.9718 lsst_hardware_z -64.235141057029 44.90999984741211 30.93000030517578 AB 9.25486479910162 1.2677896985070713
61590.9544 lsst_hardware_y 91.85224143893231 73.56999969482422 29.959999084472656 AB 7.327695808039383 1.3371707678903477
61590.9732 lsst_hardware_u -2.455509180946258 2.869999885559082 28.350000381469727 AB 6.042581253602033 1.2331798476738842
61595.9572 lsst_hardware_y 59.66931202989286 71.58000183105469 30.0 AB 8.957771413457099 1.2446247014043075
61595.9763 lsst_hardware_r -38.474794465890135 31.1200008392334 31.540000915527344 AB 9.253517400665185 1.1622101734067853
61597.9682 lsst_hardware_z -25.08728130032273 85.83000183105469 31.719999313354492 AB 12.441703598507207 1.1722342512961728
61599.9594 lsst_hardware_y -56.4313871696615 75.41000366210938 30.020000457763672 AB 10.225392391275193 1.1855069243247858
61599.9772 lsst_hardware_i 9.926867799395957 84.81999969482422 31.31999969482422 AB 9.722096665485601 1.1219961529700637
61606.9772 lsst_hardware_g -11.569574487498441 15.75 31.469999313354492 AB 5.795638680603641 1.0712825657308025
61606.9917 lsst_hardware_i -50.67766856534755 31.450000762939453 31.260000228881836 AB 5.73409336494384 1.0429416815103383
61607.9655 lsst_hardware_y 29.47970974553964 53.25 30.040000915527344 AB 5.750346819084375 1.0930486587836608
61607.9846 lsst_hardware_z 5.719934740592585 41.68000030517578 30.950000762939453 AB 5.606031808779653 1.0506384773599224
61610.9655 lsst_hardware_y -42.7648767437089 57.689998626708984 30.059999465942383 AB 5.264403656822765 1.0730359227807853
61610.9817 lsst_hardware_u 0.37857030223197163 3.0 28.579999923706055 AB 5.12944745405502 1.0414064468693573
61611.9668 lsst_hardware_z 72.33217837062988 48.290000915527344 30.959999084472656 AB 8.773651297533856 1.0642146098837197
61611.9851 lsst_hardware_r -35.8524816598856 24.139999389648438 31.510000228881836 AB 8.519964550521493 1.0319724504023127
