data/validation/pwv_sim_epoch_fit_seasonal/12683379.ecsv
# %ECSV 0.9
# ---
# datatype:
# - {name: time, datatype: float64}
# - {name: band, datatype: string}
# - {name: flux, datatype: float64}
# - {name: fluxerr, datatype: float64}
# - {name: zp, datatype: float64}
# - {name: zpsys, datatype: string}
# - {name: pwv, datatype: float64}
# - {name: airmass, datatype: float64}
# meta: {SNID: '12683379', alt: 1024.0, c: -0.0038627712056040764, dec: -5.529265, lat: -30.244573, lon: -70.7499537, ra: 265.078125,
#   t0: 61207.58984375, x0: 6.473098392463804e-05, x1: 0.20853787660598755, z: 0.20530928671360016}
# schema: astropy-2.0
time band flux fluxerr zp zpsys pwv airmass
[from data line 133]
61571.2033 lsst_hardware_r -10.090038765601587 68.98999786376953 31.6299991607666 AB 13.203601319512048 1.1007205240483835
61573.1526 lsst_hardware_r -27.026710019767215 114.69999694824219 31.639999389648438 AB 5.97149336041441 1.143088315546403
61573.1729 lsst_hardware_i 85.74115400470491 92.98999786376953 31.329999923706055 AB 5.7145328533784685 1.1130038667880122
61575.1531 lsst_hardware_z 19.098522510603843 98.6500015258789 30.989999771118164 AB 4.30259964083675 1.1322630633780921
61575.1724 lsst_hardware_i -172.4720410027757 118.0999984741211 31.329999923706055 AB 4.177535564495251 1.1084671481247308
61577.1686 lsst_hardware_z 113.41086523872853 105.83999633789062 31.729999542236328 AB 3.313527693830612 1.1071849281865977
61579.1418 lsst_hardware_r -1.6209322538202802 63.61000061035156 31.6200008392334 AB 3.901992798381963 1.1329005729496882
61579.1616 lsst_hardware_i 79.68226814665516 54.81999969482422 31.299999237060547 AB 3.7945050753104783 1.1083701110882076
61584.0074 lsst_hardware_i 11.092235817000589 36.97999954223633 31.100000381469727 AB 14.244455981128166 1.9662215652330117
61584.0363 lsst_hardware_z -87.95598603933341 48.599998474121094 30.889999389648438 AB 11.467040021394855 1.5809338264790702
61586.1039 lsst_hardware_z -2.2869496087625776 43.25 30.940000534057617 AB 4.147109692312041 1.1734888772813823
61586.1256 lsst_hardware_i -26.984126669565143 31.84000015258789 31.239999771118164 AB 3.6380923141097297 1.128178095700358
61588.2082 lsst_hardware_u -0.9859902348817737 2.7200000286102295 28.3799991607666 AB 9.507118271647148 1.1590277476813007
61588.2228 lsst_hardware_g 5.314742658533116 14.819999694824219 31.389999389648438 AB 9.994202504867301 1.1991244319193257
61590.1358 lsst_hardware_r -37.97763798957915 23.899999618530273 31.5 AB 9.703647924728406 1.1053564487801444
61590.1609 lsst_hardware_i 14.456958672313252 31.6299991607666 31.239999771118164 AB 9.582369734418059 1.1028479049826896
61597.0719 lsst_hardware_g 47.339212759423475 31.84000015258789 31.600000381469727 AB 7.792790848763253 1.1788207213740298
61597.0881 lsst_hardware_r -59.330819862971964 35.31999969482422 31.559999465942383 AB 8.41362639666751 1.1411014676930131
61606.0911 lsst_hardware_z -36.66229359718121 66.47000122070312 30.979999542236328 AB 3.5408057095937644 1.1060121434553758
61606.1113 lsst_hardware_i -136.1927762433427 74.7300033569336 31.31999969482422 AB 3.533764710050381 1.1010899595088433
61610.0996 lsst_hardware_r 0.1861217552771856 23.489999771118164 31.489999771118164 AB 6.524145624870879 1.1009667768028484
61610.1213 lsst_hardware_i 21.202686353241738 37.33000183105469 31.270000457763672 AB 6.594478808498265 1.1139322311652475
61616.0662 lsst_hardware_i -0.26264510075766995 31.530000686645508 31.25 AB 5.3017724419999785 1.1045359254166622
61616.0891 lsst_hardware_z 19.12028910736664 42.54999923706055 30.950000762939453 AB 5.733139154309504 1.1025267604441353
61618.0606 lsst_hardware_r 43.794647277444334 33.06999969482422 32.22999954223633 AB 4.171302289314103 1.1046149723440193
61618.0824 lsst_hardware_g 10.346773637855748 20.209999084472656 32.150001525878906 AB 4.175686515970547 1.1020792704960785
61621.0602 lsst_hardware_r 46.221165020871034 23.420000076293945 31.479999542236328 AB 1.5813072563699457 1.101444571420905
61621.0827 lsst_hardware_i -9.727884821117248 31.3799991607666 31.239999771118164 AB 1.5840488974068292 1.1064369481304976
61623.0561 lsst_hardware_z 2.318692695604932 42.43000030517578 30.940000534057617 AB 1.8772776196154732 1.1011502314686519
61623.0751 lsst_hardware_i -16.11346851397792 31.510000228881836 31.239999771118164 AB 1.9183738524732643 1.1050540624845993
61625.0569 lsst_hardware_z 31.29391930996479 61.34000015258789 31.700000762939453 AB 3.575344124631022 1.100783289603147
61625.0773 lsst_hardware_g -6.667016756501304 31.6200008392334 32.31999969482422 AB 3.737099139622579 1.1109093756309687
61628.0545 lsst_hardware_r -22.16288488944077 63.220001220703125 31.6299991607666 AB 8.899954217416564 1.1018885994077707
61628.076 lsst_hardware_i -30.32769865835571 55.9900016784668 31.309999465942383 AB 9.04537003415718 1.1183461477661416
61630.0176 lsst_hardware_i -68.60790684165889 76.7300033569336 31.31999969482422 AB 2.4386134952953804 1.1126753590701355
61630.0372 lsst_hardware_z 122.17775278579835 69.05999755859375 30.989999771118164 AB 2.3297703904215488 1.1011124334409383
61649.9776 lsst_hardware_y -63.79771103485368 61.08000183105469 30.040000915527344 AB 2.4784765893133924 1.1025251731821142
61649.9951 lsst_hardware_z 4.4525066457677385 42.56999969482422 30.940000534057617 AB 2.4746016689926527 1.1021088193257063
61651.979 lsst_hardware_y 114.15982284820272 59.45000076293945 30.040000915527344 AB 1.3719354473042245 1.1008509105751048
61651.997 lsst_hardware_u 3.7163990537460547 2.890000104904175 28.450000762939453 AB 1.3600549170198273 1.1057357048941685
61653.9806 lsst_hardware_y 3.4371651845253592 57.5099983215332 30.040000915527344 AB 0.7192431209194652 1.1011632369269688
61654.0 lsst_hardware_r -44.07413712748716 28.920000076293945 31.540000915527344 AB 1.0014671041526555 1.1127412268362837
