data/validation/pwv_sim_epoch_fit_seasonal/12703205.ecsv
# %ECSV 0.9
# ---
# datatype:
# - {name: time, datatype: float64}
# - {name: band, datatype: string}
# - {name: flux, datatype: float64}
# - {name: fluxerr, datatype: float64}
# - {name: zp, datatype: float64}
# - {name: zpsys, datatype: string}
# - {name: pwv, datatype: float64}
# - {name: airmass, datatype: float64}
# meta: {SNID: '12703205', alt: 1024.0, c: 0.015330253168940544, dec: -10.199918, lat: -30.244573, lon: -70.7499537, ra: 23.378906, t0: 62129.5078125,
#   x0: 8.016882007588108e-06, x1: 0.6540884375572205, z: 0.5046813488006592}
# schema: astropy-2.0
time band flux fluxerr zp zpsys pwv airmass
61975.4197 lsst_hardware_r -3.0448912366642853 23.690000534057617 31.5 AB 5.634367842276041 1.0659374760730334
61975.4383 lsst_hardware_y 5.346529022710321 58.709999084472656 30.049999237060547 AB 5.6474680922111435 1.0691743647003822
61977.4064 lsst_hardware_z -71.38462329959093 41.75 30.940000534057617 AB 7.121938977687669 1.0685579861496877
61977.4265 lsst_hardware_y -91.68321672968221 48.22999954223633 30.030000686645508 AB 6.433941332421206 1.0665758964062342
61980.4073 lsst_hardware_u -1.6509321858942998 2.640000104904175 28.350000381469727 AB 5.008976642666127 1.0657397112055589
61980.4264 lsst_hardware_y 82.22001056600251 48.709999084472656 30.030000686645508 AB 4.8656988071998875 1.070168359354814
61982.3713 lsst_hardware_g 17.94075554910847 14.720000267028809 31.420000076293945 AB 4.265460396910044 1.0881276522729706
61982.3904 lsst_hardware_r -24.743140166352628 23.59000015258789 31.489999771118164 AB 4.836424166497026 1.0698081105615542
61984.3755 lsst_hardware_i -11.00132427435332 31.309999465942383 31.239999771118164 AB 2.0317946683304093 1.0770181120224804
61984.3947 lsst_hardware_r -19.76978076121778 23.579999923706055 31.5 AB 2.01940104795072 1.066022020737667
61991.3353 lsst_hardware_z 4.179153135610257 66.22000122070312 30.979999542236328 AB 5.480994926010629 1.1064148826183013
61991.3597 lsst_hardware_r -112.30254909927848 88.12000274658203 31.649999618530273 AB 5.271268114226295 1.0740884563389856
61993.3509 lsst_hardware_z -8.654057711250914 88.33999633789062 31.729999542236328 AB 5.816059841709063 1.0770481188350116
61996.363 lsst_hardware_r 6.684029793111465 39.400001525878906 31.600000381469727 AB 3.7304207026530505 1.0658344864723002
61996.3838 lsst_hardware_z 46.001052155483364 46.029998779296875 30.959999084472656 AB 3.705126049878834 1.0708456791557324
62000.327 lsst_hardware_i -15.971625534101628 31.520000457763672 31.260000228881836 AB 3.6476964712625546 1.0820814213178744
62000.348 lsst_hardware_r 3.706069316627468 23.6299991607666 31.510000228881836 AB 4.413099350278636 1.0668034931476729
62010.2322 lsst_hardware_r 13.788086994175009 28.170000076293945 31.5 AB 5.085666305669448 1.2732203051830377
62010.2585 lsst_hardware_i -24.96817299713784 32.040000915527344 31.239999771118164 AB 4.267889060973017 1.1680046691223365
62012.3022 lsst_hardware_z -7.351322901230682 44.40999984741211 30.959999084472656 AB 3.3166842290226253 1.0742297098047189
62012.3204 lsst_hardware_r -7.104120746882008 23.360000610351562 31.5 AB 3.2174890583276334 1.06568779188329
62019.2633 lsst_hardware_z 99.45399516465501 82.08000183105469 30.989999771118164 AB 0.8907102494459269 1.0986250378611493
62019.2813 lsst_hardware_r -18.31335880703786 120.43000030517578 31.649999618530273 AB 0.8896633011831934 1.075771827307368
62022.2369 lsst_hardware_r 207.468463998097 86.05999755859375 31.6299991607666 AB 3.4412275670173553 1.1364688134139218
62022.256 lsst_hardware_i 7.7120157815176995 70.06999969482422 31.31999969482422 AB 4.717827891089553 1.0971692769975705
62029.2304 lsst_hardware_g -1.7779807419097882 14.670000076293945 31.440000534057617 AB 3.6967837567132573 1.1085916903375668
62029.2485 lsst_hardware_r 1.4621184205738469 23.600000381469727 31.510000228881836 AB 3.5683517841387187 1.0813187224665495
62034.2201 lsst_hardware_z 37.359942297896126 42.29999923706055 30.950000762939453 AB 3.6131135727580332 1.1024553212239727
62034.2393 lsst_hardware_i -51.45637529418952 31.360000610351562 31.25 AB 3.511946753419942 1.076733802785879
62036.2254 lsst_hardware_u 3.3676975104965257 2.75 28.43000030517578 AB 2.1363962311462044 1.0861190803996972
62036.2448 lsst_hardware_g 10.822229774019902 14.699999809265137 31.440000534057617 AB 2.0931147447561282 1.0688245505136547
62038.2108 lsst_hardware_r 18.70872429662457 23.639999389648438 31.479999542236328 AB 6.6752689832728835 1.0996695330953563
62038.2299 lsst_hardware_i -9.025183314255392 31.260000228881836 31.239999771118164 AB 6.48373897121412 1.0753509551028995
62040.219 lsst_hardware_z 33.35735381294686 61.310001373291016 31.700000762939453 AB 3.6409699903160497 1.0807272158849799
62042.2095 lsst_hardware_z 143.31025496291448 47.869998931884766 30.959999084472656 AB 5.018648337203006 1.085504326720213
62042.2278 lsst_hardware_r 5.453447624079135 46.5 31.610000610351562 AB 4.945419415448181 1.0691450264899833
62045.1818 lsst_hardware_r -15.888821151424148 93.01000213623047 31.639999389648438 AB 5.0748068145950995 1.1185379798535513
62045.2006 lsst_hardware_i -53.32518211684846 74.01000213623047 31.31999969482422 AB 4.88994479700256 1.0864129742285182
62047.1811 lsst_hardware_z -132.2725469140608 89.9000015258789 30.989999771118164 AB 2.4449137369859 1.1088882320595206
62047.2008 lsst_hardware_i -157.0342677519449 105.44000244140625 31.329999923706055 AB 2.383169316813958 1.07974144082789
62049.1934 lsst_hardware_z 56.931416967118096 117.69000244140625 31.739999771118164 AB 5.227090547161706 1.081877377038401
62051.1817 lsst_hardware_r -9.233663908653982 72.72000122070312 31.639999389648438 AB 4.29930451150366 1.0898110295322656
62051.2 lsst_hardware_i 0.6379181746587249 62.06999969482422 31.31999969482422 AB 4.498445978122238 1.0710585662195804
62053.1868 lsst_hardware_z -127.0566840790105 65.48999786376953 31.719999313354492 AB 3.7013373722477407 1.0773272646497098
62056.1705 lsst_hardware_g 18.599061464463727 14.760000228881836 31.43000030517578 AB 7.195877887885954 1.08649824669877
62056.1897 lsst_hardware_r 22.10526113522936 23.65999984741211 31.5 AB 7.130749862372449 1.0690779403856745
62058.1685 lsst_hardware_i 13.411320701321324 31.3700008392334 31.25 AB 7.1457508644530225 1.0822522512802437
62058.1869 lsst_hardware_z 13.600351263237515 41.900001525878906 30.950000762939453 AB 7.114512391780342 1.0678175492966293
62061.1027 lsst_hardware_g 3.4474056868103915 14.779999732971191 31.3700008392334 AB 10.663587619868593 1.2285593041120932
62061.1259 lsst_hardware_r 0.9603755026037609 24.059999465942383 31.479999542236328 AB 7.054906711920458 1.1484153197732643
62066.1469 lsst_hardware_r -14.521933777496525 23.809999465942383 31.510000228881836 AB 5.261266698565816 1.0819714899710342
62066.1652 lsst_hardware_i -16.655045257522033 31.329999923706055 31.260000228881836 AB 5.1628678273386575 1.0677561299495697
62068.1261 lsst_hardware_z -33.14624375851274 61.0 31.709999084472656 AB 4.857654458467376 1.1045353576808812
62069.1336 lsst_hardware_g -24.389917917660586 27.25 31.6299991607666 AB 2.8145091965042974 1.088363958431321
62069.1511 lsst_hardware_r 20.930690390624573 31.399999618530273 31.579999923706055 AB 2.7664807572220846 1.070895776989194
62074.135 lsst_hardware_i -116.78732193768582 76.56999969482422 31.34000015258789 AB 4.071575433739402 1.0725962681083778
62074.1524 lsst_hardware_z 31.146231943586816 68.45999908447266 30.989999771118164 AB 3.9804178750953003 1.0655649511699372
62078.1251 lsst_hardware_z 28.900139863325524 104.73999786376953 31.739999771118164 AB 5.466467214384796 1.0718563165460384
62080.1155 lsst_hardware_r -5.090094284910981 58.380001068115234 31.6299991607666 AB 3.717087600735027 1.0751054787734018
62080.1333 lsst_hardware_i 89.2614989776752 55.59000015258789 31.31999969482422 AB 2.6699681169921523 1.0658909945076627
62082.118 lsst_hardware_z 8.49446250270947 41.560001373291016 30.950000762939453 AB 5.988953275322267 1.0694559420218335
62082.1347 lsst_hardware_u 0.4816998348630129 2.759999990463257 28.469999313354492 AB 6.291177276451584 1.065608888538807
62084.091 lsst_hardware_r 38.244522993079116 23.520000457763672 31.510000228881836 AB 10.312476536067239 1.0906518228936655
62084.1092 lsst_hardware_g -9.298230136880239 14.510000228881836 31.440000534057617 AB 10.073008832420953 1.0715206899249767
62087.09 lsst_hardware_r -16.996336839113443 23.209999084472656 31.489999771118164 AB 3.5807441725556863 1.081469094701204
62087.1074 lsst_hardware_i 14.820683063088314 30.90999984741211 31.25 AB 3.6544299524259336 1.067948260699686
62089.0936 lsst_hardware_z 28.397249318475758 41.52000045776367 30.940000534057617 AB 4.506291377892752 1.0729265185458932
62089.1116 lsst_hardware_i -27.842935494225774 30.809999465942383 31.239999771118164 AB 4.475315732021246 1.0655513647669634
62092.0978 lsst_hardware_u 1.116619205033644 2.619999885559082 28.350000381469727 AB 5.828889905854058 1.066504213924658
62092.1183 lsst_hardware_g -7.899023584240014 14.34000015258789 31.420000076293945 AB 5.964798707276242 1.068880526951417
62094.0691 lsst_hardware_g -0.05738311808361081 14.390000343322754 31.43000030517578 AB 7.202875302213922 1.0835464914952548
62094.0888 lsst_hardware_r -15.238814417796368 23.139999389648438 31.5 AB 6.170759946599671 1.0677286791901612
62097.0703 lsst_hardware_i -44.88942151520803 32.220001220703125 31.25 AB 7.331547360331979 1.0740751342796908
62097.0911 lsst_hardware_z -59.285086830053736 42.2599983215332 30.950000762939453 AB 7.347425472987215 1.0655005580229684
62101.0603 lsst_hardware_r 8.861835491992355 60.451594304718945 31.639999389648438 AB 3.8557807559049326 1.0733360181605391
62101.0786 lsst_hardware_i 42.415508970479976 53.50360973773861 31.31999969482422 AB 3.936550157124527 1.0655644204072525
62104.0717 lsst_hardware_z 12.264851702658897 97.16972112818249 31.739999771118164 AB 5.248136510620262 1.0655033013136925
62106.06 lsst_hardware_r 194.8943408365874 99.38567976681469 31.65999984741211 AB 6.716808965625652 1.0663858433995352
62106.0784 lsst_hardware_i 272.341279928099 79.00883930161963 31.329999923706055 AB 6.680641326926149 1.0680766330452955
62113.0404 lsst_hardware_y 227.1298083420136 52.078352055915914 30.049999237060547 AB 5.2934760879575755 1.0665163373991084
62113.0614 lsst_hardware_i 847.861688970913 43.03835051362618 31.260000228881836 AB 5.714723321952588 1.0691051363094555
62115.0319 lsst_hardware_y 221.7615323672066 68.53333949910656 30.059999465942383 AB 10.34878193352945 1.0675450725737003
62115.0517 lsst_hardware_i 1166.8889545676234 45.61110501951874 31.260000228881836 AB 10.780288613923108 1.0672144219168864
62117.0322 lsst_hardware_y 517.4832243753051 68.66954711315064 30.049999237060547 AB 11.396019212863838 1.0658952637949621
62117.0513 lsst_hardware_g 666.3987043482849 30.27401072417385 31.440000534057617 AB 12.11160115603404 1.0695514973536482
62119.0338 lsst_hardware_y 348.85178382507144 67.15318167578332 30.059999465942383 AB 8.079215909835025 1.0656124413644479
62119.0528 lsst_hardware_i 1665.078363323818 50.87299691306516 31.25 AB 8.25786484820621 1.0744039531293035
62333.4164 lsst_hardware_r 32.80652869969884 24.149999618530273 31.5 AB 3.5429374019183726 1.0806031116058477
62333.4377 lsst_hardware_y 69.82244131386119 53.2400016784668 30.040000915527344 AB 3.0836522157618678 1.0663619662010435
62335.4202 lsst_hardware_g 17.50562494128388 15.239999771118164 31.459999084472656 AB 2.3334008806115483 1.072211777420585
62335.4394 lsst_hardware_z 11.647448271428896 51.880001068115234 30.969999313354492 AB 2.326070314933765 1.065538394381019
62344.4083 lsst_hardware_i 15.473733495110888 67.80000305175781 31.329999923706055 AB 3.102504778267266 1.0662139108542068
62344.4263 lsst_hardware_y -1.498381460277074 54.11000061035156 30.049999237060547 AB 3.300767175566629 1.068324687312535
62346.4094 lsst_hardware_r -83.45068956049398 79.16000366210938 31.649999618530273 AB 5.008050937100354 1.0655427525745433
62346.4275 lsst_hardware_y 8.586589604686719 55.619998931884766 30.040000915527344 AB 4.9303484497668055 1.0722810895534594
62350.3618 lsst_hardware_r 22.579642134291518 41.84000015258789 31.600000381469727 AB 1.5624351126839482 1.090958998731955
62350.3846 lsst_hardware_z -17.268006954321525 47.119998931884766 30.959999084472656 AB 2.00190891573686 1.0689199514479986
62353.3502 lsst_hardware_r 41.5270860660495 24.43000030517578 31.510000228881836 AB 2.2566191531774726 1.0961113069474389
62353.375 lsst_hardware_u 0.8142385917802232 2.9800000190734863 28.510000228881836 AB 1.6045204236848398 1.0696802824565599
62355.3599 lsst_hardware_g 7.577487636190401 14.399999618530273 31.420000076293945 AB 4.608546530302162 1.0769728989995315
62355.3817 lsst_hardware_r 12.118712732977237 23.3700008392334 31.5 AB 3.219889909391025 1.0656594106870843
62357.3736 lsst_hardware_i -5.338002635006316 31.15999984741211 31.25 AB 5.229501582561329 1.0660486357275158
62357.3939 lsst_hardware_z 26.612355502626333 41.790000915527344 30.940000534057617 AB 4.048684270799279 1.0699482745241224
62361.3603 lsst_hardware_r 21.23328447144984 23.450000762939453 31.5 AB 4.955736917794986 1.0666291748312198
62361.3775 lsst_hardware_u 1.1512817520609715 2.7799999713897705 28.479999542236328 AB 4.701594269637785 1.0673312757407003
62363.3589 lsst_hardware_g -2.5978073498316503 20.540000915527344 32.189998626708984 AB 5.9086358681965265 1.065771260497249
62363.3788 lsst_hardware_i 30.318720154477393 44.130001068115234 32.0099983215332 AB 5.267276918010445 1.0707298247751278
62365.3479 lsst_hardware_z 25.54950810858137 41.900001525878906 30.950000762939453 AB 4.74699528321338 1.0671002097815847
62365.3695 lsst_hardware_r 8.865979830409607 23.489999771118164 31.510000228881836 AB 4.737023172293902 1.0685818119318524
62368.3107 lsst_hardware_r 31.33708479025124 47.40999984741211 31.6200008392334 AB 2.6077618386293024 1.093859831639808
62368.3285 lsst_hardware_y 30.81018349600281 48.63999938964844 30.040000915527344 AB 2.5408092283277135 1.0734301767332968
62370.3324 lsst_hardware_z 5.101413507577921 80.37999725341797 31.729999542236328 AB 1.9575595946168083 1.0678083156236955
62370.3527 lsst_hardware_r 73.78485715127397 103.25 32.400001525878906 AB 2.085137787610993 1.0672490275682893
62377.2848 lsst_hardware_z -1.9241712230432295 58.93000030517578 30.969999313354492 AB 6.663932781317112 1.0959214090533569
62377.3027 lsst_hardware_i -66.11875847208097 59.81999969482422 31.31999969482422 AB 7.511040882425034 1.0744256170546842
62381.267 lsst_hardware_y -52.93122205272593 48.150001525878906 30.020000457763672 AB 3.238229608545975 1.1078445462011546
62381.2838 lsst_hardware_g -0.8997688179256479 17.030000686645508 31.479999542236328 AB 3.1496786268119537 1.0823637892824582
62384.2697 lsst_hardware_g -4.9434415522113335 14.539999961853027 31.420000076293945 AB 2.513028061574336 1.0899355478853563
62384.2863 lsst_hardware_r 54.173835859405976 23.510000228881836 31.5 AB 2.486334570509333 1.072312206947671
62386.2751 lsst_hardware_i 8.597399760127242 30.979999542236328 31.25 AB 2.1241113295572096 1.077135562655786
62386.2938 lsst_hardware_z 94.90300878926682 41.56999969482422 30.950000762939453 AB 1.9479183220235488 1.066184084304077
62388.2583 lsst_hardware_r 3.8333397393851185 23.420000076293945 31.489999771118164 AB 4.689642720131195 1.090614586077022
62388.2759 lsst_hardware_u 0.41570951236016207 2.619999885559082 28.350000381469727 AB 4.609340507131344 1.0719396528212428
62391.2453 lsst_hardware_u 0.021805314940362995 2.640000104904175 28.360000610351562 AB 3.3508414562839777 1.0979765571352667
62391.2633 lsst_hardware_g -6.701917901120396 14.300000190734863 31.420000076293945 AB 3.9636988722322535 1.0754360691595153
62394.2359 lsst_hardware_r -6.7017321926693 26.75 31.530000686645508 AB 1.0271135783743084 1.099987768004614
62394.2526 lsst_hardware_z -45.53837372367331 41.790000915527344 30.950000762939453 AB 2.6383892712430184 1.077773395115612
62400.128 lsst_hardware_r -220.8165482486563 114.19000244140625 31.549999237060547 AB 6.962135293205537 1.525613080575542
62400.1506 lsst_hardware_i -57.07811231098457 87.8499984741211 31.280000686645508 AB 6.0184987195582815 1.3520158866805083
62402.2364 lsst_hardware_z 32.1951295884063 86.56999969482422 31.0 AB 2.0870950925006713 1.072872734321798
62402.2574 lsst_hardware_r -164.1083286003705 129.4199981689453 31.65999984741211 AB 1.8351155833715533 1.0655853576143735
62405.2195 lsst_hardware_z 118.75682840601098 88.81999969482422 31.729999542236328 AB 3.3394978376727695 1.0809768572527307
