data/validation/pwv_sim_epoch_fit_seasonal/12739901.ecsv
# %ECSV 0.9
# ---
# datatype:
# - {name: time, datatype: float64}
# - {name: band, datatype: string}
# - {name: flux, datatype: float64}
# - {name: fluxerr, datatype: float64}
# - {name: zp, datatype: float64}
# - {name: zpsys, datatype: string}
# - {name: pwv, datatype: float64}
# - {name: airmass, datatype: float64}
# meta: {SNID: '12739901', alt: 1024.0, c: -0.08180529624223709, dec: -35.501846, lat: -30.244573, lon: -70.7499537, ra: 293.90625, t0: 62278.61328125,
#   x0: 3.701344196555304e-06, x1: 1.1032105684280396, z: 0.6931947469711304}
# schema: astropy-2.0
time band flux fluxerr zp zpsys pwv airmass
[from data line 132]
62642.2643 lsst_hardware_i -44.35674773491206 78.54000091552734 31.31999969482422 AB 6.661680312596227 1.117419118691008
62644.2504 lsst_hardware_z -58.7095727809216 49.540000915527344 30.950000762939453 AB 1.8679436843613109 1.143172389449862
62644.2705 lsst_hardware_r 13.49630338169389 46.790000915527344 31.610000610351562 AB 1.8200122379535821 1.0870071100658465
62646.2376 lsst_hardware_u 0.5344472913316637 2.990000009536743 28.469999313354492 AB 6.468163678303389 1.1683821673235892
62646.2563 lsst_hardware_g -28.82148425149476 18.579999923706055 31.520000457763672 AB 5.938984655952054 1.1092612357026623
62654.2583 lsst_hardware_i -82.86628953124581 44.060001373291016 32.0 AB 10.440026179900528 1.0555965871724973
62654.2787 lsst_hardware_z -21.096344214519547 58.2400016784668 31.700000762939453 AB 10.115452882007823 1.025786625856422
62655.2697 lsst_hardware_u 0.8557369514794981 2.740000009536743 28.450000762939453 AB 9.003199836527951 1.0335042285751839
62655.2892 lsst_hardware_r 15.339582869115944 23.549999237060547 31.510000228881836 AB 8.919161001448238 1.0134642452975045
62657.244 lsst_hardware_g -16.52999426205279 14.800000190734863 31.43000030517578 AB 8.586036997842942 1.067284502047104
62657.2637 lsst_hardware_i 8.294253236827048 31.079999923706055 31.260000228881836 AB 6.39143680972703 1.034227021895176
62675.1666 lsst_hardware_u -2.2172372759197296 2.6700000762939453 28.34000015258789 AB 3.9055686750531318 1.1404785151272103
62675.1873 lsst_hardware_g -23.046898999571333 14.829999923706055 31.43000030517578 AB 3.336386201117235 1.083652747615605
62676.1588 lsst_hardware_r -9.305790398725744 24.399999618530273 31.489999771118164 AB 4.131869735268002 1.1573864804672276
62676.179 lsst_hardware_i -53.11238585889412 31.8700008392334 31.25 AB 4.129833586061438 1.0971441893455227
62678.164 lsst_hardware_z 64.48038517609133 42.790000915527344 30.940000534057617 AB 6.79662513580968 1.1232698650265966
62678.1833 lsst_hardware_u -0.3429070517274345 2.7699999809265137 28.440000534057617 AB 6.558563829277592 1.0743084938551046
62682.1574 lsst_hardware_i -20.930954507313317 31.899999618530273 31.239999771118164 AB 3.5673456054278914 1.1109476880890505
62682.1765 lsst_hardware_z 67.72494354077284 41.970001220703125 30.950000762939453 AB 3.3038829911017644 1.0657687068070207
62686.16 lsst_hardware_i -17.399649766144204 31.610000610351562 31.25 AB 9.478263525841225 1.0774835383677026
62686.1806 lsst_hardware_u -3.9798170084702114 2.7899999618530273 28.469999313354492 AB 7.981851781971536 1.0397661870369608
62688.1591 lsst_hardware_g -0.1769299759610539 15.180000305175781 31.450000762939453 AB 5.203135919177841 1.0678210259634369
62688.1775 lsst_hardware_r -20.47695224534854 23.989999771118164 31.510000228881836 AB 5.076164492943248 1.036374947518017
62699.0805 lsst_hardware_z 18.12617508959724 71.4800033569336 30.959999084472656 AB 1.9654267728688708 1.2176108040490177
62699.1014 lsst_hardware_r -5.099939444319571 95.16999816894531 31.6299991607666 AB 1.9370387323903167 1.1394345484648922
62704.0558 lsst_hardware_g -27.992205021007635 15.130000114440918 31.3799991607666 AB 6.591364919299796 1.2694825383044577
62704.0753 lsst_hardware_i -13.194172041853983 32.529998779296875 31.239999771118164 AB 6.0900633176973935 1.1831108922189701
62707.0807 lsst_hardware_r 36.90133729224167 24.229999542236328 31.479999542236328 AB 5.33833093121276 1.1358150917473957
62707.1005 lsst_hardware_u -3.2478288385389984 2.6600000858306885 28.350000381469727 AB 5.751039708166513 1.0823449154354972
62709.0802 lsst_hardware_g -25.796320383590004 14.859999656677246 31.399999618530273 AB 3.8939831990900013 1.1208126067755635
62709.1007 lsst_hardware_r -39.02654751072787 23.90999984741211 31.5 AB 3.238547491948168 1.0700046779564432
62711.0713 lsst_hardware_r -10.413837244728265 24.229999542236328 31.489999771118164 AB 4.388639044843777 1.1310925373308705
62711.0822 lsst_hardware_i -54.30229585433489 31.719999313354492 31.239999771118164 AB 4.285013782296295 1.1003202385422308
62718.0564 lsst_hardware_z 55.251143180524956 43.029998779296875 30.940000534057617 AB 2.4608642587108736 1.118574663050397
62718.0749 lsst_hardware_r 13.05314481500666 25.739999771118164 31.510000228881836 AB 2.3596657133852483 1.0725753242660219
62719.0586 lsst_hardware_i -80.32873056941987 34.150001525878906 31.25 AB 1.8822476497981426 1.104929644730345
62719.077 lsst_hardware_z 46.12040814992223 42.84000015258789 30.950000762939453 AB 1.8570197818092082 1.0627736256061857
62722.0871 lsst_hardware_z 5.418427725051483 80.04000091552734 31.739999771118164 AB 3.9756018732190435 1.0330710800915661
62723.0805 lsst_hardware_r -117.41998821089116 84.83000183105469 31.65999984741211 AB 3.367075380048955 1.038419546661403
62723.1004 lsst_hardware_i -176.25616184471085 73.62999725341797 31.34000015258789 AB 3.792416301308077 1.0159165018237548
62725.0814 lsst_hardware_z 21.457931894164464 128.69000244140625 31.75 AB 3.398611048321415 1.0298821358549743
62730.984 lsst_hardware_y -16.182447989684224 50.439998626708984 29.969999313354492 AB 4.32858247465384 1.2598653786378557
62731.0029 lsst_hardware_i -54.09917928414354 32.5099983215332 31.239999771118164 AB 2.7655615851968363 1.178088002213775
62732.9842 lsst_hardware_y 26.727018812445387 49.880001068115234 29.989999771118164 AB 3.2356311656431607 1.233012829079642
62733.0037 lsst_hardware_r 14.242336064935962 23.860000610351562 31.479999542236328 AB 3.1682560697503788 1.1555597956598447
62737.9831 lsst_hardware_y -69.72868720824246 50.75 30.0 AB 5.643973701737593 1.1806858849929593
62738.0006 lsst_hardware_u -4.083735638441853 2.680000066757202 28.3700008392334 AB 4.908043534501375 1.1220308703209407
62743.983 lsst_hardware_y 2.7402847226232137 50.20000076293945 30.020000457763672 AB 3.199319168126672 1.1256290502688617
62744.0 lsst_hardware_u 1.5751991519583366 2.700000047683716 28.3799991607666 AB 2.810978105285167 1.0811454251096795
62746.9845 lsst_hardware_y -16.469838648620886 50.720001220703125 30.030000686645508 AB 3.204785857394568 1.0987837225352806
62747.0043 lsst_hardware_i 21.18200406322181 32.290000915527344 31.260000228881836 AB 1.8224748084464504 1.055742104820536
62747.9841 lsst_hardware_y -41.83727755134062 50.91999816894531 30.030000686645508 AB 1.3983975321048736 1.0929249957834104
62748.0014 lsst_hardware_r 43.108125657755416 30.190000534057617 31.559999465942383 AB 1.8727264637986203 1.0560487577811768
62752.9828 lsst_hardware_z 119.55289881303989 70.47000122070312 30.989999771118164 AB 3.0622009493450144 1.0654530833639762
62752.9993 lsst_hardware_i 47.89591729510776 75.41999816894531 31.34000015258789 AB 2.9917610023644206 1.0373950942980625
62754.985 lsst_hardware_y 62.556357923649045 61.86000061035156 30.059999465942383 AB 2.7304682307665393 1.0512583023998483
62755.0021 lsst_hardware_r 169.74712829802908 93.73999786376953 31.65999984741211 AB 2.0137049997833674 1.0267456977862932
