data/validation/pwv_sim_epoch_fit_seasonal/12879888.ecsv
# %ECSV 0.9
# ---
# datatype:
# - {name: time, datatype: float64}
# - {name: band, datatype: string}
# - {name: flux, datatype: float64}
# - {name: fluxerr, datatype: float64}
# - {name: zp, datatype: float64}
# - {name: zpsys, datatype: string}
# - {name: pwv, datatype: float64}
# - {name: airmass, datatype: float64}
# meta: {SNID: '12879888', alt: 1024.0, c: -0.038594793528318405, dec: -10.503271, lat: -30.244573, lon: -70.7499537, ra: 174.550781,
#   t0: 61096.74609375, x0: 7.607805850030998e-05, x1: 0.8183020949363708, z: 0.19089747965335846}
# schema: astropy-2.0
time band flux fluxerr zp zpsys pwv airmass
[from data line 132]
61452.2314 lsst_hardware_r 37.47868446511896 23.770000457763672 31.5 AB 4.453798967851194 1.101607461748965
61452.2495 lsst_hardware_u -2.6818356621126234 2.7699999809265137 28.459999084472656 AB 4.306861820175205 1.0756398152285414
61454.2722 lsst_hardware_z 29.565699622472945 49.70000076293945 30.969999313354492 AB 5.08273293958689 1.0614457428394883
61454.2901 lsst_hardware_r -61.70649612343266 43.970001220703125 31.610000610351562 AB 5.066512678142108 1.0682084499561688
61456.2649 lsst_hardware_i -8.807619270935291 86.77999877929688 31.34000015258789 AB 2.88871710854186 1.0614429941362704
61456.2821 lsst_hardware_z 90.62722632063269 75.38999938964844 30.989999771118164 AB 2.906382877959183 1.066497294829374
61458.2758 lsst_hardware_r 181.45396573331814 141.94000244140625 31.65999984741211 AB 9.856733559084738 1.0659865599817668
61458.2936 lsst_hardware_z -60.85590831503492 95.51000213623047 31.0 AB 12.119341509326283 1.0827849732484227
61460.2587 lsst_hardware_z -41.170221000552985 69.63999938964844 30.989999771118164 AB 10.489916417266448 1.0617055658780343
61460.2766 lsst_hardware_i -11.569052476790503 77.45999908447266 31.329999923706055 AB 10.589818268827585 1.0704535204435115
61462.2703 lsst_hardware_z 14.297985184594944 50.38999938964844 30.969999313354492 AB 6.925745214655188 1.0697646072914087
61462.2871 lsst_hardware_r 11.498722134702511 53.33000183105469 31.6299991607666 AB 7.0642063452203265 1.0889649449886816
61466.2445 lsst_hardware_g 2.5743963067034725 16.68000030517578 31.489999771118164 AB 3.4214153819176762 1.062111563095305
61466.2615 lsst_hardware_r -22.12348685895395 25.469999313354492 31.520000457763672 AB 3.7186570688107285 1.071556162369819
61468.2365 lsst_hardware_i 42.60475855680107 31.559999465942383 31.25 AB 5.907924042138322 1.0616533664629049
61468.2554 lsst_hardware_z -34.69491386280011 42.0 30.940000534057617 AB 6.230877593479465 1.0709962345912507
61470.2431 lsst_hardware_r 37.80653393142523 24.030000686645508 31.510000228881836 AB 8.414810114332724 1.0660204528101926
61470.2612 lsst_hardware_u 2.4755948401872687 2.7200000286102295 28.399999618530273 AB 8.428740207897615 1.0832579976092296
61472.2312 lsst_hardware_g 15.560548186363707 15.170000076293945 31.450000762939453 AB 11.458646329392812 1.0629952916602663
61472.2496 lsst_hardware_i -12.787827958605629 31.559999465942383 31.25 AB 11.606182229786388 1.0759333057084963
61474.2318 lsst_hardware_z -53.55770413980606 42.08000183105469 30.950000762939453 AB 10.747768855474092 1.0657975412622747
61474.2497 lsst_hardware_r -23.018752108406055 24.329999923706055 31.510000228881836 AB 10.92982415306458 1.082500204988156
61476.2323 lsst_hardware_u -1.2727710743307283 2.700000047683716 28.3799991607666 AB 7.917570227128245 1.0699419225848978
61476.2514 lsst_hardware_g 29.25601913802143 15.25 31.43000030517578 AB 8.713775887963667 1.0928648688917642
61477.2304 lsst_hardware_r 49.51016450966722 24.510000228881836 31.510000228881836 AB 14.95598283621821 1.0706296771178445
61477.2485 lsst_hardware_i 25.579048132824465 32.22999954223633 31.25 AB 15.187049693751387 1.092593503147582
61479.028 lsst_hardware_i 0.17427810221880813 56.83000183105469 31.84000015258789 AB 19.855140945084724 2.0993837969096005
61479.0412 lsst_hardware_z -90.78121102575012 52.209999084472656 30.860000610351562 AB 17.61218637530651 1.858949008861088
61481.2146 lsst_hardware_r -69.61433662491363 30.969999313354492 31.56999969482422 AB 8.816675263180201 1.066974285321175
61481.2364 lsst_hardware_z -14.337904351414755 42.61000061035156 30.950000762939453 AB 8.963731186722162 1.0907436343054364
61487.2517 lsst_hardware_z 66.21425860435225 102.58000183105469 30.989999771118164 AB 7.154545812296786 1.163277732203694
61487.2633 lsst_hardware_r 76.32716654146427 155.5 31.6200008392334 AB 7.349730069908302 1.2034598809990944
61489.2073 lsst_hardware_y 6.608629241056837 77.0199966430664 30.799999237060547 AB 7.452106589885306 1.0806680251193395
61492.181 lsst_hardware_r -11.81334301546817 41.5 31.610000610351562 AB 7.6125346070559825 1.0648887354829781
61492.1989 lsst_hardware_i 4.80902522363269 40.81999969482422 31.290000915527344 AB 7.789036881575549 1.0804101463254414
61494.1716 lsst_hardware_z 92.38339340507265 43.099998474121094 30.959999084472656 AB 7.222201207680618 1.06315678122829
61494.1902 lsst_hardware_r 6.5005334758360185 28.280000686645508 31.549999237060547 AB 7.311262928471308 1.07665028582576
61499.1713 lsst_hardware_i 35.76102554605594 31.420000076293945 31.25 AB 4.8858672494798725 1.0714621161140072
61499.1904 lsst_hardware_z 45.89051988573447 42.290000915527344 30.940000534057617 AB 5.035252273633402 1.0958111585708883
61501.1712 lsst_hardware_r 36.31811521413454 24.3799991607666 31.510000228881836 AB 14.899312780954288 1.0767733454472999
61501.1882 lsst_hardware_u -0.9846185459035586 2.7799999713897705 28.43000030517578 AB 15.157018392906272 1.1015274994844426
61503.1431 lsst_hardware_u 3.403174836883796 2.799999952316284 28.459999084472656 AB 8.008170677015642 1.0620211759187907
61503.1605 lsst_hardware_g -11.102377056234445 15.100000381469727 31.440000534057617 AB 7.966584925390532 1.0715696987545271
61505.1535 lsst_hardware_i 21.38434017292683 31.469999313354492 31.260000228881836 AB 5.1730498126223985 1.0702492629817728
61505.1698 lsst_hardware_z -47.57011509586942 42.20000076293945 30.950000762939453 AB 5.382033595304275 1.0891130378356038
61511.1326 lsst_hardware_z 39.94178566806528 55.310001373291016 30.979999542236328 AB 17.817439909736553 1.0669125694453025
61511.15 lsst_hardware_r 11.64365859928077 62.959999084472656 31.639999389648438 AB 18.106920413758942 1.084246731362811
61513.0805 lsst_hardware_z 90.9858472268773 84.26000213623047 31.0 AB 12.223362102520477 1.0783337271107938
61513.0988 lsst_hardware_r -41.96338556426633 115.4800033569336 31.65999984741211 AB 12.021745126323147 1.0638712501170926
61515.1194 lsst_hardware_i -26.66168199425101 108.63999938964844 31.34000015258789 AB 7.258406692860792 1.065532397660128
61515.1371 lsst_hardware_z 39.490038534175895 92.04000091552734 31.0 AB 6.985241106389364 1.081655503925058
61518.1185 lsst_hardware_r 80.51721954580415 77.12999725341797 31.639999389648438 AB 4.935222752009593 1.070663358717777
61518.1357 lsst_hardware_z 36.365707261977605 58.75 30.969999313354492 AB 5.864341163158007 1.0912432383993314
61522.112 lsst_hardware_i 39.44303169036366 32.150001525878906 31.25 AB 4.80219402917993 1.0747972312399126
61522.1308 lsst_hardware_z 11.752668009814391 44.209999084472656 30.950000762939453 AB 5.044941611782796 1.101415434210744
61526.0873 lsst_hardware_u 0.4120468169137609 2.75 28.43000030517578 AB 10.41533139579311 1.0644543907944175
61526.105 lsst_hardware_r -13.437813110176073 24.030000686645508 31.5 AB 10.468940159211561 1.0791238481870082
61528.0904 lsst_hardware_i 16.544016957467818 31.6299991607666 31.260000228881836 AB 14.129379415045458 1.0700022275687586
61528.1078 lsst_hardware_z -30.636531741481452 42.5 30.950000762939453 AB 14.33176671128573 1.0903242201137913
61530.0817 lsst_hardware_r 4.59730677899997 23.899999618530273 31.510000228881836 AB 9.635330108600671 1.067567459819475
61530.101 lsst_hardware_u -0.8499589213566635 2.8399999141693115 28.5 AB 10.095552196917765 1.088312788485152
61532.0831 lsst_hardware_g 3.958187510148452 15.09000015258789 31.450000762939453 AB 6.811165799258247 1.0732160717337504
61532.0994 lsst_hardware_r -11.653360663023435 24.18000030517578 31.510000228881836 AB 7.31665048686426 1.0943240333329733
61533.074 lsst_hardware_i 6.117109369179732 31.280000686645508 31.25 AB 10.967795709241349 1.0679103932921374
61533.0923 lsst_hardware_z -23.320256687509303 42.220001220703125 30.950000762939453 AB 11.217186438608866 1.0875689779531574
61537.0724 lsst_hardware_r 55.8268258135002 28.56999969482422 31.559999465942383 AB 12.336217854513256 1.076224022204021
61538.9605 lsst_hardware_z -5.344450088029143 59.68000030517578 30.959999084472656 AB 8.663312837619719 1.1905060928431999
61543.0036 lsst_hardware_y -5.2361032139899475 58.09000015258789 30.049999237060547 AB 7.733553120415481 1.0730489384862782
61543.0233 lsst_hardware_r -5.931022827136779 100.69000244140625 31.649999618530273 AB 7.6681053630428035 1.0618806111189238
61546.9942 lsst_hardware_i 50.96263572954511 55.83000183105469 31.31999969482422 AB 5.780455307833223 1.0716454037511842
61547.0134 lsst_hardware_z 2.113826947681366 55.540000915527344 30.969999313354492 AB 4.892264158275158 1.0617084709159708
61550.9923 lsst_hardware_r -5.347011952178091 24.440000534057617 31.510000228881836 AB 6.132364836089617 1.0652014653621205
61551.012 lsst_hardware_g 1.0934663964454199 15.369999885559082 31.450000762939453 AB 6.029395681163067 1.0620119212945751
61552.9956 lsst_hardware_r 30.88392917932421 24.280000686645508 31.520000457763672 AB 6.874318713427455 1.0619578594102583
61553.0151 lsst_hardware_i -53.51843156837621 31.790000915527344 31.260000228881836 AB 7.5024467403466 1.0652345222698567
61554.9929 lsst_hardware_z 38.37028320189736 42.279998779296875 30.950000762939453 AB 10.083596492630194 1.061542951113822
61555.0135 lsst_hardware_i 9.382555779840127 32.0099983215332 31.260000228881836 AB 10.230747093696197 1.067611919964123
61556.9562 lsst_hardware_y -146.5108823864919 55.5099983215332 30.049999237060547 AB 9.512623397524086 1.08349371904787
61556.9666 lsst_hardware_u 2.9253838659371274 3.1500000953674316 28.56999969482422 AB 7.378673249216487 1.0719103068931186
61559.9644 lsst_hardware_y 73.85521995255839 48.459999084472656 30.040000915527344 AB 11.525833535351758 1.0672068088288664
61559.9855 lsst_hardware_r 10.98317180622793 24.690000534057617 31.520000457763672 AB 11.46607587729999 1.0616736923425916
61561.9718 lsst_hardware_z -1.3146689478416647 61.310001373291016 31.700000762939453 AB 4.565794668081809 1.0618127135073974
