data/validation/pwv_sim_epoch_fit_seasonal/1294127.ecsv
# %ECSV 0.9
# ---
# datatype:
# - {name: time, datatype: float64}
# - {name: band, datatype: string}
# - {name: flux, datatype: float64}
# - {name: fluxerr, datatype: float64}
# - {name: zp, datatype: float64}
# - {name: zpsys, datatype: string}
# - {name: pwv, datatype: float64}
# - {name: airmass, datatype: float64}
# meta: {SNID: '1294127', alt: 1024.0, c: -0.013217631727457047, dec: -32.266235, lat: -30.244573, lon: -70.7499537, ra: 358.242188, t0: 61077.5859375,
#   x0: 0.000176266042920363, x1: -0.21022960543632507, z: 0.13028821349143982}
# schema: astropy-2.0
time band flux fluxerr zp zpsys pwv airmass
[from data line 132]
61281.1597 lsst_hardware_z 55.29799938730291 86.06999969482422 30.989999771118164 AB 5.970589172141657 1.148190225411857
61281.1779 lsst_hardware_r -140.5991987876066 126.0 31.649999618530273 AB 5.888405652547118 1.0936521874410372
61286.1693 lsst_hardware_i 15.086417381558983 31.040000915527344 31.25 AB 1.4284746221336915 1.0811539240368526
61286.1884 lsst_hardware_r -44.22409158573258 28.56999969482422 31.549999237060547 AB 1.3475929112921519 1.0429612986459738
61299.1639 lsst_hardware_z -38.14062966982982 41.02000045776367 30.950000762939453 AB 3.258721705817835 1.026908100572847
61299.1817 lsst_hardware_r 14.062496448425126 22.809999465942383 31.510000228881836 AB 3.0019333929672025 1.0092228586207117
61303.0782 lsst_hardware_z -69.08558505523732 48.060001373291016 30.940000534057617 AB 6.880915733921903 1.23505726946072
61303.0959 lsst_hardware_i -40.53055021586205 40.5 31.280000686645508 AB 4.618036348940688 1.1614049290015092
61305.077 lsst_hardware_z -22.62229783799759 55.61000061035156 30.950000762939453 AB 3.125152332061536 1.2155396079585903
61305.0942 lsst_hardware_r 8.38410730637784 63.5099983215332 31.610000610351562 AB 3.7301682341025244 1.1480973327493151
61307.0841 lsst_hardware_y -109.14986535139596 81.73999786376953 30.770000457763672 AB 4.301151018405336 1.164624130621025
61309.0713 lsst_hardware_r 56.347335686138464 125.86000061035156 31.6200008392334 AB 3.496144100385271 1.193223242452311
61309.089 lsst_hardware_i -313.5216121128406 97.18000030517578 31.31999969482422 AB 4.176554343612291 1.1292562778456918
61311.0837 lsst_hardware_z 1.159600699583311 67.43000030517578 30.979999542236328 AB 5.169958969066525 1.128750388967067
61311.1047 lsst_hardware_r -18.734203344673542 92.27999877929688 31.649999618530273 AB 4.9309311678156815 1.072757786971757
61313.1027 lsst_hardware_r 31.12858056349231 37.150001525878906 31.600000381469727 AB 4.077707204612988 1.0653013401118983
61313.1227 lsst_hardware_i 13.656857518817286 41.630001068115234 31.299999237060547 AB 3.944810414536645 1.0308513528546797
61315.0838 lsst_hardware_i 20.37303875580071 31.18000030517578 31.239999771118164 AB 4.95827155540207 1.0969627334960834
61315.1037 lsst_hardware_z -43.455916363670035 41.470001220703125 30.950000762939453 AB 4.777587425346436 1.052602524587031
61317.1055 lsst_hardware_u 0.15623171552361195 2.680000066757202 28.43000030517578 AB 2.1843069062858977 1.0401461458504275
61317.1266 lsst_hardware_g -11.224902735414577 14.119999885559082 31.450000762939453 AB 1.8325354475039917 1.0140378755901456
61319.1053 lsst_hardware_r -0.04238454285552937 22.809999465942383 31.510000228881836 AB 3.5645917238120126 1.032267500500607
61319.124 lsst_hardware_i 14.57602374326599 30.270000457763672 31.260000228881836 AB 3.4749772197738156 1.0115891183661225
61326.0068 lsst_hardware_y -60.175834366987225 50.459999084472656 29.969999313354492 AB 7.2936458453796105 1.2783534914346515
61326.0274 lsst_hardware_g -3.862995672029696 13.960000038146973 31.3799991607666 AB 6.785450275303151 1.1830616816847965
61328.0084 lsst_hardware_y 49.89220128425814 49.83000183105469 29.979999542236328 AB 8.316407367367818 1.2424137990465463
61328.0297 lsst_hardware_z -4.939706920067348 42.45000076293945 30.93000030517578 AB 7.827147304607575 1.1540209811437634
61330.0149 lsst_hardware_y 29.99755517137733 69.88999938964844 30.760000228881836 AB 8.419079835030168 1.1893875588090934
61332.0071 lsst_hardware_z -4.48245220451888 49.099998474121094 30.950000762939453 AB 4.885884240885212 1.199039038214642
61332.0261 lsst_hardware_r -35.89171470745342 38.869998931884766 31.59000015258789 AB 4.6265359224137885 1.1295713340583005
61334.0093 lsst_hardware_y -35.14028249234727 53.97999954223633 30.010000228881836 AB 3.8917408822285373 1.1686324655107965
61334.0294 lsst_hardware_z 1.950167951003355 54.880001068115234 30.969999313354492 AB 3.6534043801652323 1.1037475468777829
61337.0102 lsst_hardware_y -61.15716236325539 58.529998779296875 30.030000686645508 AB 3.2134131000065524 1.1367871583996463
61337.0298 lsst_hardware_z 50.43260890899205 68.04000091552734 30.979999542236328 AB 3.0986705634943865 1.081749193050929
61340.0087 lsst_hardware_y -12.595930056331524 54.119998931884766 30.040000915527344 AB 4.776864860521389 1.1160247323220076
61340.0269 lsst_hardware_i 20.336454924713912 54.75 31.31999969482422 AB 4.593741815407123 1.0697217609424332
61342.0106 lsst_hardware_y -54.18359915730309 50.72999954223633 30.040000915527344 AB 3.4018101192645602 1.0955910206969748
61342.0301 lsst_hardware_r 13.116478700861425 22.639999389648438 31.510000228881836 AB 3.290431373140693 1.0523767717933985
61343.0107 lsst_hardware_y 9.096561948475346 51.36000061035156 30.040000915527344 AB 4.943360540210355 1.0883664773690787
61343.0289 lsst_hardware_g -6.0240672056695885 13.960000038146973 31.440000534057617 AB 4.810322783620188 1.0496013056120144
