data/validation/pwv_sim_epoch_fit_seasonal/12997874.ecsv
# %ECSV 0.9
# ---
# datatype:
# - {name: time, datatype: float64}
# - {name: band, datatype: string}
# - {name: flux, datatype: float64}
# - {name: fluxerr, datatype: float64}
# - {name: zp, datatype: float64}
# - {name: zpsys, datatype: string}
# - {name: pwv, datatype: float64}
# - {name: airmass, datatype: float64}
# meta: {SNID: '12997874', alt: 1024.0, c: -0.11293942481279373, dec: -43.207821, lat: -30.244573, lon: -70.7499537, ra: 207.650604, t0: 61575.26171875,
#   x0: 5.1187581126034565e-06, x1: -1.0349162817001343, z: 0.6070291996002197}
# schema: astropy-2.0
time band flux fluxerr zp zpsys pwv airmass
[from data line 134]
61848.2931 lsst_hardware_y 20.229381462063152 47.34000015258789 30.040000915527344 AB 5.652199468259542 1.027672630592644
61848.3056 lsst_hardware_g 5.200058622316678 27.65999984741211 31.6299991607666 AB 5.678871758505 1.03252213791
61850.2911 lsst_hardware_r 14.043959354952976 23.700000762939453 31.510000228881836 AB 4.7228168174848975 1.0285999820287264
61850.3037 lsst_hardware_i -44.71047349962168 30.889999389648438 31.25 AB 4.09548265310118 1.034670031731472
61852.2905 lsst_hardware_z 33.21820136090668 40.7599983215332 30.950000762939453 AB 6.298211999952812 1.0304385242471812
61852.3032 lsst_hardware_r 16.56219554821952 22.360000610351562 31.489999771118164 AB 6.407312129299878 1.0382378949929671
61854.281 lsst_hardware_u 0.9072930102264156 2.640000104904175 28.420000076293945 AB 6.727935631510873 1.0288674344097168
61854.2936 lsst_hardware_r 2.0683343496622726 22.420000076293945 31.489999771118164 AB 6.322316395254277 1.0352149322942859
61856.2891 lsst_hardware_z 44.24017042563573 40.79999923706055 30.950000762939453 AB 7.184656368477534 1.0358750020633234
61856.3005 lsst_hardware_i 29.69181160236802 30.229999542236328 31.25 AB 7.236180567734398 1.0456530570043565
61858.2414 lsst_hardware_z -1.2868890016580687 40.790000915527344 30.940000534057617 AB 6.99812849852435 1.0300959469885487
61858.253 lsst_hardware_r -4.194708500825881 22.329999923706055 31.489999771118164 AB 8.197171449025657 1.0269892503555809
61860.2374 lsst_hardware_u -2.601669181668232 2.569999933242798 28.350000381469727 AB 3.8914588232916447 1.029509157598315
61860.2506 lsst_hardware_g 0.1487514542240417 13.770000457763672 31.40999984741211 AB 4.6468678518295725 1.0267619404142017
61862.2355 lsst_hardware_r -35.58714259307235 22.520000457763672 31.5 AB 8.752506665159355 1.0283154162203383
61862.2476 lsst_hardware_i 17.938340525255196 30.170000076293945 31.25 AB 8.76577486012425 1.026757948632383
61866.2266 lsst_hardware_z 6.338033304183323 45.43000030517578 30.969999313354492 AB 15.24072811176793 1.0277881656094905
61866.2393 lsst_hardware_r 74.25598825393953 37.880001068115234 31.610000610351562 AB 15.261882863628172 1.0269294289757729
61872.2121 lsst_hardware_r -104.4895005691951 118.73999786376953 31.670000076293945 AB 7.022669030018511 1.0273944329194629
61872.2235 lsst_hardware_z 58.94948882004819 80.01000213623047 31.0 AB 7.02206512926666 1.0269930719219977
61876.1044 lsst_hardware_r -15.356761566888293 33.2599983215332 32.22999954223633 AB 18.855960126319538 1.1844196059245942
61876.1159 lsst_hardware_i -46.524951252578035 51.68000030517578 32.0099983215332 AB 18.365839776438868 1.148558907033777
61878.2276 lsst_hardware_r -23.676365522731974 26.540000915527344 31.540000915527344 AB 12.29570148292956 1.0349045941359785
61878.2403 lsst_hardware_g -13.705101151335791 21.459999084472656 31.56999969482422 AB 12.414960026953922 1.0455216770188505
61880.2131 lsst_hardware_r 5.988125154088356 32.36000061035156 32.2599983215332 AB 2.8065901355398677 1.0300358328433314
61880.224 lsst_hardware_i 5.272530055641197 43.16999816894531 32.0 AB 2.815910394777925 1.0361818017642852
61883.2028 lsst_hardware_i -24.380183289531193 30.459999084472656 31.25 AB 4.222184512744472 1.0292153683458827
61883.2137 lsst_hardware_z -51.70426826903559 41.04999923706055 30.950000762939453 AB 4.698334482179851 1.0347424851094429
61885.2022 lsst_hardware_r 20.52132568191807 22.93000030517578 31.5 AB 13.007101652315345 1.0312865532063704
61885.2131 lsst_hardware_u 6.337855985681043 2.75 28.479999542236328 AB 13.185707780672022 1.0382447071395293
61888.186 lsst_hardware_g 19.82818098557605 14.0600004196167 31.420000076293945 AB 2.3263260514213977 1.0282104094680917
61888.1978 lsst_hardware_r 27.80407060361596 22.760000228881836 31.489999771118164 AB 2.293243401210257 1.0333416249680105
61889.1967 lsst_hardware_i 3.6503406350841727 30.459999084472656 31.25 AB 10.085205691185173 1.0343447086785245
61889.213 lsst_hardware_z -9.325534032705663 41.220001220703125 30.940000534057617 AB 10.931689138614969 1.048402142381815
61891.1952 lsst_hardware_r -11.171866899800943 23.079999923706055 31.510000228881836 AB 10.018652978992126 1.037082904877339
61891.2065 lsst_hardware_g 9.706467517088502 14.329999923706055 31.450000762939453 AB 10.068318967765103 1.0472832107934056
61895.1899 lsst_hardware_r -10.184923914127467 46.959999084472656 31.6299991607666 AB 9.62072247607971 1.0417110579914146
61895.2026 lsst_hardware_i 0.17722405143447545 43.61000061035156 31.299999237060547 AB 9.695428964938268 1.0554571048267574
61897.1314 lsst_hardware_z -35.98593074221996 62.56999969482422 30.989999771118164 AB 6.405134258834166 1.0317548741678746
61897.1455 lsst_hardware_i -4.065520071741447 67.79000091552734 31.329999923706055 AB 6.291854080850598 1.0271296861594272
61899.1385 lsst_hardware_z -106.32259901059716 88.68000030517578 31.0 AB 7.808080635728652 1.027379031016928
61899.1517 lsst_hardware_r 92.37126113914267 131.75 31.670000076293945 AB 7.807237471711126 1.027268088383043
61903.1315 lsst_hardware_y -39.50566462581836 71.16000366210938 30.799999237060547 AB 7.134938853738731 1.0268684710162834
61908.1295 lsst_hardware_r -10.698626861076786 22.75 31.489999771118164 AB 8.001956799455586 1.0277365527172546
61908.1416 lsst_hardware_i -4.4642545109256 30.34000015258789 31.239999771118164 AB 8.314208529590166 1.0324361765292644
61910.1276 lsst_hardware_z -34.989432834667106 41.08000183105469 30.950000762939453 AB 7.92111097595846 1.0287157111634364
61910.141 lsst_hardware_r 43.69266367953517 22.799999237060547 31.5 AB 7.97280975382066 1.0354298381585272
61926.087 lsst_hardware_r 147.15003301849043 91.41000366210938 31.65999984741211 AB 9.254820401305922 1.0298390654272467
61926.1017 lsst_hardware_z -30.804636236469246 68.75 30.989999771118164 AB 9.32135736875298 1.0386877929708955
61928.0867 lsst_hardware_r -28.453622072151987 119.73999786376953 31.65999984741211 AB 4.445688650895538 1.032280646492772
61928.0982 lsst_hardware_y 95.14234536630359 61.689998626708984 30.059999465942383 AB 4.3818055721833025 1.040314713243899
61944.0241 lsst_hardware_z -19.675786550988597 40.81999969482422 30.950000762939453 AB 3.3018067926432035 1.0267876415392982
61944.0388 lsst_hardware_u 1.0831886958701273 2.7200000286102295 28.489999771118164 AB 3.318049389419687 1.030236821388849
61950.0096 lsst_hardware_i 25.615262717163343 31.59000015258789 31.25 AB 4.645149812746828 1.026911769366112
61950.02 lsst_hardware_z 12.908321105679741 41.349998474121094 30.940000534057617 AB 4.819763973006267 1.02927761382537
61958.0035 lsst_hardware_r 47.51849652525318 91.13999938964844 31.65999984741211 AB 3.0948292274997686 1.0316097424999229
61958.0156 lsst_hardware_i 47.6956499656539 71.81999969482422 31.329999923706055 AB 3.119216791630099 1.0397389305433664
61962.0054 lsst_hardware_g -20.94970288619278 13.729999542236328 31.420000076293945 AB 5.272849538307435 1.0403517668480051
61962.0173 lsst_hardware_r -16.930898036727626 22.549999237060547 31.5 AB 5.383865181086012 1.0525640627734139
61963.9946 lsst_hardware_i -28.12901107141954 30.40999984741211 31.25 AB 6.100342572552352 1.03616627086906
61964.0064 lsst_hardware_z 44.692327454971824 41.310001373291016 30.950000762939453 AB 6.077962125821562 1.0464810822695154
61964.9996 lsst_hardware_i -75.51665238673431 30.440000534057617 31.25 AB 8.881092201342538 1.0424836781387021
61965.0107 lsst_hardware_u -4.5777273314928495 2.75 28.489999771118164 AB 7.3499176874878165 1.0545075591804614
