data/validation/pwv_sim_epoch_fit_seasonal/12997874.ecsv
# %ECSV 0.9
# ---
# datatype:
# - {name: time, datatype: float64}
# - {name: band, datatype: string}
# - {name: flux, datatype: float64}
# - {name: fluxerr, datatype: float64}
# - {name: zp, datatype: float64}
# - {name: zpsys, datatype: string}
# - {name: pwv, datatype: float64}
# - {name: airmass, datatype: float64}
# meta: {SNID: '12997874', alt: 1024.0, c: -0.11293942481279373, dec: -43.207821, lat: -30.244573, lon: -70.7499537, ra: 207.650604, t0: 61575.26171875,
#   x0: 5.1187581126034565e-06, x1: -1.0349162817001343, z: 0.6070291996002197}
# schema: astropy-2.0
time band flux fluxerr zp zpsys pwv airmass
61444.3743 lsst_hardware_r -4.0648896275385225 23.5 31.510000228881836 AB 8.36785778227571 1.0301331943669636
61444.3863 lsst_hardware_y 67.13668135562644 69.20999908447266 30.06999969482422 AB 6.842086446326768 1.0269291244236773
61451.3746 lsst_hardware_u 2.6043719973321044 2.9600000381469727 28.549999237060547 AB 4.170286442180399 1.026848000536879
61451.3854 lsst_hardware_y 38.32148677675066 51.369998931884766 30.059999465942383 AB 2.9819326873599876 1.0293174619813559
61453.3695 lsst_hardware_i 15.734800506780681 30.299999237060547 31.25 AB 4.106498764290219 1.026881411425441
61453.3804 lsst_hardware_y 16.354807950373743 47.869998931884766 30.049999237060547 AB 3.397323065774312 1.029491838113428
61457.3649 lsst_hardware_y -124.78631162746342 74.8499984741211 30.809999465942383 AB 5.907224323413412 1.0280138043791247
61459.3574 lsst_hardware_r 31.737970672356187 83.0 31.65999984741211 AB 10.092611007742294 1.0275340818633607
61459.3688 lsst_hardware_i 69.95159053571204 67.4800033569336 31.329999923706055 AB 10.128573785487733 1.0316331009867263
61463.3567 lsst_hardware_z -81.08551304231017 49.400001525878906 30.969999313354492 AB 5.361455636736561 1.031049160910877
61463.3676 lsst_hardware_r 11.880074328575635 50.20000076293945 31.6299991607666 AB 5.397002073605454 1.037885014154895
61467.35 lsst_hardware_r 7.126855619229117 23.549999237060547 31.510000228881836 AB 6.199889432341328 1.0333149053902213
61467.3621 lsst_hardware_u -2.139411006709042 2.9700000286102295 28.489999771118164 AB 6.201130965771385 1.0424989015026145
61469.3482 lsst_hardware_u -1.6794291974480653 2.690000057220459 28.450000762939453 AB 10.031494626521793 1.0356694844643601
61469.3596 lsst_hardware_g 28.344893794618013 13.850000381469727 31.420000076293945 AB 10.125854408984521 1.045366388566586
61471.2983 lsst_hardware_g 11.930663100326193 13.569999694824219 31.40999984741211 AB 9.26314540963514 1.0311861749566003
61471.3098 lsst_hardware_r -28.38570085613285 22.229999542236328 31.489999771118164 AB 9.163205258137475 1.0273419453775599
61473.3422 lsst_hardware_z -82.97087068627492 40.779998779296875 30.950000762939453 AB 7.093470744519189 1.0394125202607338
61473.3544 lsst_hardware_r 1.7274521667523908 22.510000228881836 31.489999771118164 AB 7.18780135511638 1.0516168771202006
61478.3399 lsst_hardware_i 19.412992081645523 30.309999465942383 31.25 AB 10.94914183027752 1.050630123329417
61478.3514 lsst_hardware_z -5.756898646536881 41.189998626708984 30.950000762939453 AB 11.141381410648213 1.065820925763546
61480.3376 lsst_hardware_r 8.174966130175045 22.479999542236328 31.489999771118164 AB 7.965031449927019 1.054412423871726
61480.3504 lsst_hardware_u 0.7153150163808621 2.640000104904175 28.399999618530273 AB 8.099098707719708 1.0727993519729397
61482.3118 lsst_hardware_g -4.190329833643706 13.770000457763672 31.440000534057617 AB 6.343505610484547 1.035054760766542
61482.3245 lsst_hardware_r 11.17273714814876 22.459999084472656 31.5 AB 6.464237757076947 1.0457675405107227
61486.2815 lsst_hardware_r -44.78828322432303 103.31999969482422 31.670000076293945 AB 5.390734218255387 1.0271489007298409
61486.2945 lsst_hardware_i -186.6430153381463 80.58000183105469 31.350000381469727 AB 5.958766846869998 1.0313448647441248
61488.2898 lsst_hardware_z 32.615155897078324 78.87000274658203 31.0 AB 6.31470349818137 1.0317300054213452
61488.3023 lsst_hardware_r 149.3280607013673 115.12000274658203 31.65999984741211 AB 6.284472785401736 1.040303391061361
61491.2361 lsst_hardware_r 27.623969204420227 66.30000305175781 31.649999618530273 AB 6.524735794016122 1.0356723482565273
61491.2483 lsst_hardware_z 5.477852673404298 55.720001220703125 30.989999771118164 AB 6.48415986366492 1.0292317243912572
61495.2401 lsst_hardware_z 47.506962263734884 41.47999954223633 30.959999084472656 AB 3.9416249908863463 1.02833941844152
61495.2517 lsst_hardware_r 40.9986266573322 25.850000381469727 31.540000915527344 AB 4.645406460522745 1.0267226125589004
61498.2324 lsst_hardware_u 0.383100892567389 2.6700000762939453 28.440000534057617 AB 7.368852597950532 1.0282000345973352
61498.244 lsst_hardware_g -4.316507372402507 13.869999885559082 31.43000030517578 AB 7.33934546352878 1.0267331813421159
61500.2233 lsst_hardware_r 20.789874591172048 22.479999542236328 31.489999771118164 AB 7.223249812216855 1.0293928761888216
61500.2355 lsst_hardware_i -8.584654248924412 30.1200008392334 31.239999771118164 AB 7.211045120570394 1.0267756116432436
61502.2297 lsst_hardware_z 40.275443415475884 40.93000030517578 30.950000762939453 AB 8.915154709189766 1.0267958202349132
61502.2417 lsst_hardware_r 12.589789413888973 22.579999923706055 31.5 AB 8.817134752191143 1.0279375986232597
61504.2264 lsst_hardware_u 3.9005662870968885 2.7200000286102295 28.469999313354492 AB 7.481382646117099 1.026722229567763
61504.2385 lsst_hardware_r 13.60338287308808 22.6200008392334 31.5 AB 7.61696335693581 1.028578055041746
61514.2114 lsst_hardware_i -2.5881296076076317 77.44000244140625 31.34000015258789 AB 9.229687551687537 1.0286448716495509
61514.2225 lsst_hardware_z -45.24847080738994 68.36000061035156 31.0 AB 9.303714648419957 1.0338226515023288
61517.1973 lsst_hardware_z -116.77010013370638 86.83999633789062 31.0 AB 9.428903466848435 1.0272255656224811
61517.21 lsst_hardware_r -121.94219677021397 125.47000122070312 31.670000076293945 AB 8.662563259193591 1.0314212485148744
61519.1965 lsst_hardware_z 55.05983831385128 61.13999938964844 30.989999771118164 AB 8.142091438582153 1.0282690542205857
61519.2083 lsst_hardware_r 226.54666230744 80.80999755859375 31.65999984741211 AB 8.169653298639899 1.0334901230634814
61521.1927 lsst_hardware_i -39.34328354988195 45.65999984741211 31.309999465942383 AB 6.593022327301368 1.0287799946376137
61521.2047 lsst_hardware_z 2.3207087041728918 48.58000183105469 30.969999313354492 AB 6.625415648199369 1.0346553678768438
61523.1857 lsst_hardware_r -11.522433755586345 29.84000015258789 31.56999969482422 AB 2.3219126545808235 1.0283049843139873
61523.1985 lsst_hardware_z 66.36636477595864 43.0099983215332 30.959999084472656 AB 2.3398365402811674 1.0341818962569405
61525.1905 lsst_hardware_g 13.692938327947555 14.119999885559082 31.420000076293945 AB 11.418630364978371 1.032667096592336
61525.2028 lsst_hardware_r 48.13144844091398 22.889999389648438 31.489999771118164 AB 11.375755090310859 1.0416483741729161
61527.1953 lsst_hardware_i 74.71542410391876 30.6299991607666 31.260000228881836 AB 8.157271637594699 1.039871456127822
61527.2067 lsst_hardware_z -52.280109031516346 41.25 30.950000762939453 AB 8.249684060864512 1.051316944165224
61529.189 lsst_hardware_r 3.4686536059989765 22.959999084472656 31.5 AB 9.541262468163808 1.0391739770552073
61529.2009 lsst_hardware_g 51.27966944381793 14.1899995803833 31.420000076293945 AB 9.614806386770443 1.0509229384284597
61531.1895 lsst_hardware_r -9.679962789890412 23.06999969482422 31.510000228881836 AB 3.3975967381241796 1.0445573082980673
61531.2014 lsst_hardware_i 13.288291829581624 30.8700008392334 31.260000228881836 AB 3.436093531722141 1.058345030304561
61534.1328 lsst_hardware_g 10.635420381314573 14.199999809265137 31.440000534057617 AB 7.817338368900224 1.028597153802661
61534.1445 lsst_hardware_i 20.053387693272906 30.469999313354492 31.25 AB 7.803144454388269 1.0267295334721407
61536.1343 lsst_hardware_z 26.447887795612825 40.959999084472656 30.950000762939453 AB 7.954774738382413 1.0270520303905302
61536.1458 lsst_hardware_r 5.408234663770648 22.959999084472656 31.510000228881836 AB 7.925309420388123 1.0272930970398422
61540.13 lsst_hardware_y -140.32322544237525 69.08000183105469 30.809999465942383 AB 7.1856574144558065 1.0267669561022825
61542.1254 lsst_hardware_r -77.66765138171968 82.51000213623047 31.65999984741211 AB 8.16574429227076 1.0268147491065658
61542.1381 lsst_hardware_i -2.531670035253218 68.0999984741211 31.34000015258789 AB 8.061937402857072 1.0297860326178603
61546.0911 lsst_hardware_z -49.26996243633334 78.9770345100124 31.0 AB 7.427920547187723 1.032468222284352
61546.1003 lsst_hardware_i -17.82561054157603 93.14302354826526 31.34000015258789 AB 7.297328817953591 1.028517099077321
61550.1049 lsst_hardware_y 45.79174894162197 48.50219028659038 30.049999237060547 AB 5.874206870332423 1.0269293208820995
61550.1165 lsst_hardware_g -83.00245160416777 47.192292502624014 31.709999084472656 AB 5.907255869952467 1.0298862478487334
61552.1091 lsst_hardware_r 51.19730331765986 23.622281033536787 31.510000228881836 AB 6.3525651324409935 1.0291443674977307
61552.1213 lsst_hardware_i 67.02687360065588 31.5754338550184 31.260000228881836 AB 6.378632210077042 1.0354922418956236
61561.1067 lsst_hardware_r 770.8013777691067 36.37826290725158 31.489999771118164 AB 9.364590235151466 1.0436991067318737
61561.1196 lsst_hardware_u 36.48744864300376 7.3602498570707855 28.43000030517578 AB 9.565772141440549 1.0585021503737986
61563.0874 lsst_hardware_u 90.00660796568988 9.084097955317135 29.25 AB 4.3298543794734075 1.0330493986337064
61563.0991 lsst_hardware_g 922.4303732163819 35.98347590067686 32.18000030517578 AB 4.336277479305282 1.041706633401333
61572.0893 lsst_hardware_r 2000.197294251883 103.76628564051794 31.65999984741211 AB 8.40833809297024 1.0581517184798164
61572.102 lsst_hardware_i 1430.4290624679668 86.76046418023644 31.329999923706055 AB 8.588814299640294 1.0775077530598578
61574.0313 lsst_hardware_r 2153.1478554039163 117.269464795355 31.670000076293945 AB 5.1810450246233675 1.0269663081513116
61574.045 lsst_hardware_i 1497.6603318560738 93.50384952826819 31.34000015258789 AB 5.8482017780221325 1.0279239122373094
61576.0239 lsst_hardware_z 1079.6304935083344 69.37779506068135 30.989999771118164 AB 3.707614936884267 1.02722984952464
61576.0358 lsst_hardware_r 2056.1043033863257 97.57569715020877 31.65999984741211 AB 3.6125663123183327 1.0271726790782258
61578.0227 lsst_hardware_u 5.885821782932356 6.189236476146744 28.989999771118164 AB 3.173867509471341 1.0267816060619548
61578.0347 lsst_hardware_g 416.77397493831484 46.08178934767119 31.700000762939453 AB 3.183123456808873 1.0280853066078073
61580.0241 lsst_hardware_r 1613.4430560386604 46.06144851593108 31.5 AB 4.1323883272735396 1.027063086187036
61580.0364 lsst_hardware_z 1046.1576000390555 51.687627878929206 30.950000762939453 AB 4.2072201427276985 1.030676174112616
61582.026 lsst_hardware_r 1492.389178332171 44.63075833606517 31.510000228881836 AB 4.193502846397633 1.028743849799076
61582.0404 lsst_hardware_u -1.541753982756719 2.793425600830416 28.530000686645508 AB 4.215632509632743 1.0362062702907193
61585.0169 lsst_hardware_g 211.50332559657645 19.357444050737328 31.420000076293945 AB 4.766907790224778 1.028459070167158
61585.0289 lsst_hardware_r 1178.2468225453524 41.58900938592546 31.489999771118164 AB 4.487892888209131 1.0339972862781193
61587.0141 lsst_hardware_i 1093.2143408366242 44.08725251912916 31.25 AB 8.418584056517211 1.0293555121987177
61587.0267 lsst_hardware_z 816.551454739435 50.292874778123625 30.940000534057617 AB 8.418386396016535 1.0361728593779969
61589.0128 lsst_hardware_r 944.1490385768919 38.12128935174924 31.5 AB 6.692066625378346 1.0311350732477533
61589.0248 lsst_hardware_u 6.81210098549681 2.7657328024343317 28.43000030517578 AB 6.784587679177471 1.038881331029625
61597.995 lsst_hardware_z 642.4866272638228 57.65455381600633 30.969999313354492 AB 10.972672868137803 1.0350276255946815
61598.0064 lsst_hardware_r 486.24952173280224 62.01031587035595 31.639999389648438 AB 10.066057844261772 1.044413555121612
61599.9929 lsst_hardware_i 677.6242262118012 68.8222428807218 31.329999923706055 AB 8.781078528506384 1.0374211627424548
61600.0048 lsst_hardware_z 591.7328709014895 64.57354901739893 30.979999542236328 AB 7.34680130568924 1.0484197368090247
61809.3683 lsst_hardware_r 16.96284003319847 22.920000076293945 31.5 AB 8.534462038556262 1.0336136820915485
61809.3804 lsst_hardware_y -103.53156115496 51.810001373291016 30.049999237060547 AB 6.8199866810223915 1.0282420365397031
61811.3743 lsst_hardware_r -15.926266835148928 69.56999969482422 31.649999618530273 AB 3.5131994476997446 1.0284290823408127
61811.3867 lsst_hardware_y -37.583857344286024 65.97000122070312 30.06999969482422 AB 3.8947670870260995 1.0267400053671616
61813.3718 lsst_hardware_r 12.325435548079088 79.79000091552734 31.65999984741211 AB 6.340479375785483 1.0276581283857722
61813.3828 lsst_hardware_z -60.63374178969951 62.970001220703125 30.989999771118164 AB 5.232989158387918 1.0268145382408105
61815.3789 lsst_hardware_z -3.94592581708357 59.439998626708984 30.979999542236328 AB 2.5848406583577526 1.0269529830583046
61815.3909 lsst_hardware_y 51.71355776719622 75.0 30.06999969482422 AB 2.6086271254451283 1.0301617634298068
61819.369 lsst_hardware_i -17.72906072659099 34.709999084472656 31.280000686645508 AB 5.354932290101347 1.027078837708255
61819.3804 lsst_hardware_y 33.711434655497925 49.029998779296875 30.049999237060547 AB 4.687550995700862 1.0303442127048736
61821.3722 lsst_hardware_r 37.74357932842762 23.81999969482422 31.520000457763672 AB 3.986439349330813 1.029245496621407
61821.3844 lsst_hardware_y 0.2793493685869821 48.83000183105469 30.059999465942383 AB 2.7963596424911805 1.035688756478215
61823.3566 lsst_hardware_u -1.4308377740720957 2.6600000858306885 28.43000030517578 AB 9.629828633633995 1.0269078788199493
61823.3688 lsst_hardware_g -4.090540166266455 13.960000038146973 31.420000076293945 AB 9.654696140628936 1.0300539998537304
61825.363 lsst_hardware_r -20.76740026761178 22.43000030517578 31.489999771118164 AB 10.333894734223076 1.0299135153081294
61825.3747 lsst_hardware_i -19.834097386824318 30.299999237060547 31.25 AB 10.381971554262327 1.0365559418516208
61827.3558 lsst_hardware_z -11.666780731011912 40.790000915527344 30.950000762939453 AB 6.962551723207339 1.0292400640389636
61827.367 lsst_hardware_r 35.06229901972739 22.5 31.5 AB 6.823741810697057 1.0349979994990228
61829.3565 lsst_hardware_u -2.10848967337095 2.5799999237060547 28.360000610351562 AB 4.900147712615022 1.0319902516958925
61829.3701 lsst_hardware_r 6.518030649109428 22.3799991607666 31.479999542236328 AB 4.939738728232648 1.0416994365737342
61831.3505 lsst_hardware_i -2.372157223032692 30.139999389648438 31.25 AB 3.301469136332841 1.0317091051040128
61831.3621 lsst_hardware_z 29.98164421868345 40.93000030517578 30.950000762939453 AB 3.3264005580982268 1.0395001744056958
61833.3419 lsst_hardware_z -39.09549775820236 40.849998474121094 30.940000534057617 AB 7.670038297996731 1.0302267693749807
61833.3537 lsst_hardware_r -42.826430029013586 22.299999237060547 31.479999542236328 AB 7.557311584668604 1.0371780712515668
61835.3374 lsst_hardware_u 0.3104822901506888 2.6500000953674316 28.420000076293945 AB 7.38540038157034 1.0306528111600683
61835.3491 lsst_hardware_g -14.094901575353221 13.6899995803833 31.40999984741211 AB 7.448012085560403 1.0378334962113012
61837.3452 lsst_hardware_r 30.328732812336114 22.329999923706055 31.489999771118164 AB 8.441177793537861 1.0390740475196727
61837.3566 lsst_hardware_i -28.80919984388816 30.280000686645508 31.239999771118164 AB 8.530299971602506 1.0502062138014883
61839.3441 lsst_hardware_z 56.97377830302796 70.7699966430664 31.719999313354492 AB 8.710810956872336 1.0428986479344537
61839.3569 lsst_hardware_r 84.7199630887597 65.69000244140625 32.369998931884766 AB 8.819621221428147 1.0572550013699757
61841.3336 lsst_hardware_z -87.66077883760556 67.91000366210938 30.989999771118164 AB 7.06743543409586 1.038526936423488
61841.3446 lsst_hardware_r -77.27684255617798 99.12999725341797 31.649999618530273 AB 7.1727617277111175 1.0489944393566888
61844.3323 lsst_hardware_i -17.785423448991594 71.9800033569336 31.329999923706055 AB 8.670877836257684 1.0446840766575523
61844.3447 lsst_hardware_z -24.269859778927387 67.13999938964844 30.979999542236328 AB 9.538676636893522 1.0591860647252
61846.2882 lsst_hardware_r -28.35388689573699 55.849998474121094 31.639999389648438 AB 8.111596757891654 1.0267843997331207
