data/validation/pwv_sim_epoch_fit_seasonal/13071399.ecsv
# %ECSV 0.9
# ---
# datatype:
# - {name: time, datatype: float64}
# - {name: band, datatype: string}
# - {name: flux, datatype: float64}
# - {name: fluxerr, datatype: float64}
# - {name: zp, datatype: float64}
# - {name: zpsys, datatype: string}
# - {name: pwv, datatype: float64}
# - {name: airmass, datatype: float64}
# meta: {SNID: '13071399', alt: 1024.0, c: 0.05125639587640762, dec: -38.111038, lat: -30.244573, lon: -70.7499537, ra: 83.320312, t0: 61396.62109375,
#   x0: 5.395692891659612e-06, x1: -0.8644750118255615, z: 0.5947818756103516}
# schema: astropy-2.0
time band flux fluxerr zp zpsys pwv airmass
61303.3195 lsst_hardware_z 15.96156277341434 42.7599983215332 30.93000030517578 AB 7.792909172957162 1.2032283849136123
61303.3361 lsst_hardware_i -9.027849493421561 30.530000686645508 31.229999542236328 AB 5.854521308836017 1.1442433907624388
61326.383 lsst_hardware_z 31.53025361105502 60.81999969482422 30.989999771118164 AB 5.683966027499124 1.0126732240102962
61330.2695 lsst_hardware_r -13.10931616276907 21.959999084472656 31.469999313354492 AB 6.787328743327266 1.1230481622625226
61330.2887 lsst_hardware_i 33.19741589207003 30.06999969482422 31.239999771118164 AB 6.522012650951111 1.0763433197834409
61332.3734 lsst_hardware_z -22.569628221744896 49.54999923706055 30.969999313354492 AB 3.9067322550621615 1.0161873468753184
61334.2509 lsst_hardware_r 4.684917603628753 41.099998474121094 31.59000015258789 AB 2.2673418233143208 1.146038577977838
61334.2697 lsst_hardware_z 14.472077395408423 45.08000183105469 30.959999084472656 AB 2.185362142390679 1.0942312321074916
61337.194 lsst_hardware_r 37.87741052873473 72.37000274658203 31.56999969482422 AB 3.114726324145735 1.3686592658006085
61337.2121 lsst_hardware_z 67.08765813395398 56.470001220703125 30.950000762939453 AB 1.9429109469720143 1.2678048593633773
61337.3629 lsst_hardware_r 24.906276716376443 22.68000030517578 31.5 AB 3.6321418570560473 1.018262365308676
61337.3737 lsst_hardware_i -44.85026193497926 48.56999969482422 31.309999465942383 AB 3.659955230002187 1.0275481437468121
61348.2867 lsst_hardware_r 21.43018798324184 30.43000030517578 32.25 AB 5.208637096137367 1.015493828653914
61348.3028 lsst_hardware_g -14.181623452352614 18.969999313354492 32.189998626708984 AB 5.755660479838551 1.0097649964629036
61355.3445 lsst_hardware_r 18.086425931113794 21.989999771118164 31.489999771118164 AB 2.5643365084131835 1.0539813022660023
61355.3566 lsst_hardware_i 64.94181030716562 38.040000915527344 31.290000915527344 AB 2.6667273914317713 1.0763783618291711
61362.3369 lsst_hardware_g -27.937278844844215 13.229999542236328 31.389999389648438 AB 3.968095901295036 1.0751704934866726
61362.3498 lsst_hardware_r -18.693007746790904 25.1299991607666 31.510000228881836 AB 4.040423865531424 1.1046451833221167
61363.3172 lsst_hardware_r -12.034314161229686 21.389999389648438 31.469999313354492 AB 6.575665695973506 1.0454989579416218
61363.3288 lsst_hardware_i -45.27738712211723 29.739999771118164 31.239999771118164 AB 6.676827643506046 1.0647149806260638
61367.3249 lsst_hardware_z -1.3271102026310486 51.6990826798212 30.959999084472656 AB 6.949289920452817 1.078593792219369
61367.3369 lsst_hardware_r 57.33025059996317 48.764277285012774 31.600000381469727 AB 7.30847239226237 1.1065618843639575
61369.3251 lsst_hardware_i -10.352076142890489 65.2291749705747 31.31999969482422 AB 7.351799988032365 1.0910952787225237
61369.3371 lsst_hardware_z -19.405272419098573 60.77368696370224 30.969999313354492 AB 6.252842345362433 1.1217537471123697
61371.3209 lsst_hardware_r -35.96686482299124 61.34424778643905 31.6299991607666 AB 4.1970309597573445 1.0940452159680274
61371.3328 lsst_hardware_z -48.880380481196845 52.921631172284926 30.959999084472656 AB 4.300170908244204 1.1250365382285836
61373.1342 lsst_hardware_r 40.59905650586036 22.94513630045988 31.469999313354492 AB 5.964318500479702 1.1809752162523819
61373.1521 lsst_hardware_u 1.690389851245282 2.816194994403872 28.420000076293945 AB 5.700092996549226 1.1230603874591654
61373.3107 lsst_hardware_y 42.56422278331423 48.97695029359277 30.030000686645508 AB 4.859552520815719 1.0832707358037716
61373.3223 lsst_hardware_r 72.22306198113455 44.23542658942775 31.600000381469727 AB 4.977991817139749 1.1112002270485692
61378.2939 lsst_hardware_i 366.7484661521408 35.64363498450954 31.239999771118164 AB 3.913364823615109 1.076579043635365
61378.305 lsst_hardware_z 246.80455539572085 45.056797573281834 30.940000534057617 AB 3.858285429984046 1.1018425787672945
61380.2924 lsst_hardware_r 595.8332411282362 31.812843956980423 31.479999542236328 AB 4.741428983391978 1.0850572649217867
61380.3044 lsst_hardware_u 15.239304748123635 4.451502022207814 28.3700008392334 AB 4.886778559724433 1.1144306863681714
61382.2195 lsst_hardware_u 8.660256779658663 4.578644861992989 28.520000457763672 AB 5.218415639971951 1.0097553482917863
61382.232 lsst_hardware_g 203.88469715866313 19.00012022861644 31.399999618530273 AB 5.2379350616646185 1.0135323261734943
61384.2094 lsst_hardware_r 1017.6164206412263 38.44258797267155 31.5 AB 9.409437533970145 1.0094518882102592
61384.2238 lsst_hardware_z 659.2973598270611 47.84687231200801 30.959999084472656 AB 9.452498998431002 1.0123338924494596
61386.2098 lsst_hardware_r 1327.4572288092882 41.20602253694461 31.489999771118164 AB 12.685285125075715 1.0099347259325686
61386.223 lsst_hardware_u 7.2572825144909086 3.537991221663769 28.469999313354492 AB 12.698743201176447 1.0144994468574524
61388.1328 lsst_hardware_i 1261.8023059095656 46.36531283590449 31.239999771118164 AB 7.690239611290021 1.0713997577639263
61388.1546 lsst_hardware_z 992.1293277390563 50.69595886218126 30.950000762939453 AB 7.399530395623678 1.0363850828983758
61391.2008 lsst_hardware_r 1629.8131189289347 45.87662683336083 31.5 AB 8.676422004696068 1.0109925140200302
61391.2135 lsst_hardware_i 1544.4125570428146 48.38857106701199 31.260000228881836 AB 8.59588548638175 1.0169436256465014
61395.0499 lsst_hardware_y 570.6543547751373 57.58084768742831 29.969999313354492 AB 5.6892954404023515 1.2871466466476766
61395.1787 lsst_hardware_z 6617.640666764722 136.99231907183946 32.720001220703125 AB 4.901260810287857 1.0094591810284954
61404.1808 lsst_hardware_g 220.61635616501883 23.828198903474863 31.549999237060547 AB 9.475465371743821 1.0188672442735291
61404.1948 lsst_hardware_r 1391.7116618408754 46.89430926152239 31.549999237060547 AB 9.596716420539476 1.0319049914558576
61408.1834 lsst_hardware_u 1.988117526936243 2.6661152029442796 28.459999084472656 AB 3.897268844643539 1.031364563584132
61408.1979 lsst_hardware_g 121.36817681805988 16.681343561495577 31.3799991607666 AB 3.975526654857564 1.050938887480521
61410.1737 lsst_hardware_r 920.1227867303936 37.15518857883987 31.479999542236328 AB 11.755659566383443 1.0268670505004553
61410.1878 lsst_hardware_i 1035.735866618758 44.10672790354436 31.239999771118164 AB 12.04853042707087 1.04395368153977
61414.046 lsst_hardware_y 398.1771210635633 53.953401495882495 30.030000686645508 AB 9.433501657226005 1.1072834857944722
61414.0628 lsst_hardware_i 926.0753383348573 42.45201946784689 31.25 AB 9.000861301461933 1.0694622072136533
61416.1072 lsst_hardware_u -1.9116976695573564 2.667934599620679 28.469999313354492 AB 5.855069144885191 1.0124622418961111
61416.1219 lsst_hardware_g 41.50433703707527 14.743867106950798 31.399999618530273 AB 5.822555770069308 1.0094583512602857
61419.105 lsst_hardware_r 416.0804092862036 31.065429300192587 31.5 AB 6.7731638910837395 1.0105177876094698
61419.1175 lsst_hardware_i 680.3243947842578 39.49442229818092 31.25 AB 6.767346741611744 1.0096499017721918
61421.0439 lsst_hardware_z 770.1433354794428 54.6777842603169 30.959999084472656 AB 3.548174720277298 1.0690493281944256
61421.0616 lsst_hardware_i 650.4604919352078 42.11443223188272 31.270000457763672 AB 3.5120703001259135 1.0401511328671444
61421.1106 lsst_hardware_z 1480.3368764710126 70.15152313876148 31.709999084472656 AB 3.8071946835235364 1.0095312385876132
61423.1072 lsst_hardware_z 623.2170072038169 52.71018092944669 30.969999313354492 AB 3.9464900230102504 1.009719847258603
61423.1211 lsst_hardware_r 470.67947694149814 48.893196571819146 31.639999389648438 AB 3.9601384131189366 1.0140550318466055
61427.0931 lsst_hardware_i 504.3220569608402 67.42161517556787 31.329999923706055 AB 11.323411865791526 1.009479160428652
61427.1061 lsst_hardware_z 513.5167129626984 63.76149526719872 30.979999542236328 AB 11.247959676699521 1.012227800970372
61431.0884 lsst_hardware_i 370.3207558449431 41.528708126607874 31.299999237060547 AB 13.796311484248418 1.0102130667857423
61431.103 lsst_hardware_r 220.47182658542656 39.92166595658566 31.610000610351562 AB 13.908836975446349 1.0161459916066349
61433.087 lsst_hardware_u 4.905137135621965 2.716105166500888 28.469999313354492 AB 12.43455218849932 1.0112680699820527
61433.0989 lsst_hardware_g 31.207114875375307 13.417175698575615 31.389999389648438 AB 12.462369374879392 1.0170041924987263
61435.0868 lsst_hardware_r 120.66218308617208 24.687265477886076 31.5 AB 12.79116208790306 1.0133151901267963
61435.0989 lsst_hardware_i 286.3267783694073 33.74764945412101 31.260000228881836 AB 12.76155073374425 1.0209785108867873
61437.0733 lsst_hardware_i 239.18438149131822 33.353105829102034 31.260000228881836 AB 8.189329634234948 1.0104981502588068
61437.0864 lsst_hardware_z 419.17847313317 45.198516385182884 30.950000762939453 AB 7.777259848469212 1.0160154827298222
61441.0732 lsst_hardware_g 14.762402187518042 13.637697107416313 31.40999984741211 AB 6.057829774477334 1.0147118550213399
61441.0854 lsst_hardware_r 106.23669177412428 24.058048962085074 31.5 AB 6.310098094404978 1.0234251112729056
61444.0721 lsst_hardware_i 151.0708840902761 32.200650727973304 31.25 AB 10.216445570239868 1.0192577950206296
61444.0864 lsst_hardware_r 82.62148964127276 23.743322981744875 31.489999771118164 AB 8.986561622994603 1.0328589713042606
61446.0582 lsst_hardware_u 4.473106734668729 3.494677278452129 28.5 AB 2.636425667919572 1.0140098722767585
61446.0718 lsst_hardware_g -10.007747629916677 13.421852538491601 31.389999389648438 AB 2.6610297206527957 1.0234729694818445
61449.0567 lsst_hardware_r 137.69099382825254 26.2394787428965 31.520000457763672 AB 2.519055465717219 1.0180058459152228
61449.0695 lsst_hardware_i 166.28802044278387 33.19921909570182 31.260000228881836 AB 2.550111127867289 1.0292389860893136
61453.0607 lsst_hardware_z 463.8514885457321 71.12338060655304 31.719999313354492 AB 1.2358214452408944 1.0315704885150148
61671.3351 lsst_hardware_g 11.191559753850772 28.209999084472656 31.610000610351562 AB 1.9825799061024998 1.1247616713894666
61671.3533 lsst_hardware_r 75.76256712180633 32.220001220703125 31.56999969482422 AB 1.933563088224058 1.0797001888639373
61694.2686 lsst_hardware_i 135.63254471657052 65.05999755859375 31.309999465942383 AB 8.28738801530459 1.1356345843219227
61694.2862 lsst_hardware_z 22.560274977626854 58.54999923706055 30.979999542236328 AB 7.930325534831521 1.089193284018476
61696.378 lsst_hardware_r -5.417841693455523 65.58999633789062 31.649999618530273 AB 6.107796438278928 1.0169350139351196
61698.3773 lsst_hardware_r -28.75227693389897 55.2400016784668 31.639999389648438 AB 1.3264429872308117 1.0203407594083167
61700.3661 lsst_hardware_i 21.7672502198714 37.34000015258789 31.290000915527344 AB 3.1577751006075063 1.0163149043126294
61702.2473 lsst_hardware_r -3.9344374061044576 21.899999618530273 31.459999084472656 AB 1.8858618352776901 1.1340119274081795
61705.1908 lsst_hardware_r 23.009597964210545 22.739999771118164 31.440000534057617 AB 3.3249613493371473 1.3422888542319855
61705.2099 lsst_hardware_u 0.5910834769956125 2.559999942779541 28.309999465942383 AB 3.8447888825111542 1.2427600428322623
61705.3564 lsst_hardware_g -2.140340609662246 14.069999694824219 31.440000534057617 AB 3.1038288096754196 1.0189851640431449
61705.3677 lsst_hardware_r -18.875187466588386 27.020000457763672 31.540000915527344 AB 3.172594600485017 1.0291164839114506
61707.3667 lsst_hardware_i 26.928276737457473 39.4900016784668 31.290000915527344 AB 3.72090688328725 1.0341597785678849
61711.1806 lsst_hardware_z 59.63522249739366 44.25 30.90999984741211 AB 4.666781637296765 1.3071302114128605
61711.1984 lsst_hardware_r 1.0067083678561404 22.190000534057617 31.440000534057617 AB 4.356107553834684 1.2213100312144962
61711.3565 lsst_hardware_u 5.037267616189753 3.930000066757202 28.709999084472656 AB 2.673228744741092 1.0350319406605304
61722.1928 lsst_hardware_z -28.45940154678586 59.779998779296875 30.969999313354492 AB 4.71707226309423 1.1337072073773442
61726.3263 lsst_hardware_z -143.01496948718392 51.119998931884766 30.969999313354492 AB 3.9573439828856016 1.0499718712883863
61726.3388 lsst_hardware_r 39.14833573130104 59.81999969482422 31.639999389648438 AB 3.419702233874683 1.0721189990201745
61728.3305 lsst_hardware_i 16.309226301307167 40.72999954223633 31.290000915527344 AB 6.697015150064584 1.0666159904542967
61728.3425 lsst_hardware_z 46.470506031012285 47.40999984741211 30.959999084472656 AB 6.333223407318872 1.0918723189446937
61729.328 lsst_hardware_r -19.08948858198234 34.91999816894531 31.579999923706055 AB 5.202588426590846 1.0670517043668464
61729.3396 lsst_hardware_z -68.21543270932605 44.529998779296875 30.950000762939453 AB 5.470758828503779 1.0914776454693784
61731.3217 lsst_hardware_g -40.35141082411293 18.25 31.510000228881836 AB 4.794625638007866 1.065472364001748
61731.3342 lsst_hardware_i -19.418068057450284 31.940000534057617 31.25 AB 5.266148280342574 1.0916182305079307
61734.2127 lsst_hardware_r -14.666799737779575 21.479999542236328 31.489999771118164 AB 6.393895880254308 1.0299030935053046
61734.2308 lsst_hardware_u -3.8951180471115188 2.630000114440918 28.459999084472656 AB 6.297407401975211 1.0150696310624343
61734.3188 lsst_hardware_z 39.279784925426824 41.13999938964844 30.940000534057617 AB 7.336175745506135 1.0758433414734032
61734.331 lsst_hardware_r -15.67654604873776 21.989999771118164 31.469999313354492 AB 7.4947107001923365 1.1037052794628284
61736.3249 lsst_hardware_u -1.483973092699937 2.640000104904175 28.40999984741211 AB 4.260449814916713 1.1021017434953257
61736.3365 lsst_hardware_g -4.9973313666675585 13.770000457763672 31.399999618530273 AB 4.461862929805282 1.1338434449550252
61738.3119 lsst_hardware_r 36.00564901723695 21.65999984741211 31.469999313354492 AB 4.874753301321566 1.0844030775592985
61738.3237 lsst_hardware_i 22.194090819892896 30.350000381469727 31.239999771118164 AB 4.987715090791731 1.1131015061929692
61740.3185 lsst_hardware_z -33.68025421269485 41.43000030517578 30.940000534057617 AB 7.7394166265419635 1.113798804548877
61740.3317 lsst_hardware_r -29.448008199779064 22.040000915527344 31.459999084472656 AB 8.0732080578758 1.152986012264399
61742.3031 lsst_hardware_r -3.2992784277118004 21.829999923706055 31.479999542236328 AB 6.68430366549539 1.0891616616078417
61742.3151 lsst_hardware_u 0.17706238827088833 2.5799999237060547 28.360000610351562 AB 6.872271128297158 1.1194112269349215
61746.2985 lsst_hardware_r -43.861901482647404 21.799999237060547 31.469999313354492 AB 4.610755081224715 1.104372474544842
61746.3104 lsst_hardware_z -12.824606689439843 41.95000076293945 30.940000534057617 AB 4.738321142815895 1.137470067091917
61748.2082 lsst_hardware_i 86.36862379366728 57.150001525878906 32.04999923706055 AB 6.114962925711073 1.0097362823168363
61748.2208 lsst_hardware_r -89.87463987822188 55.130001068115234 32.36000061035156 AB 5.40945758444808 1.010342433553686
61750.2135 lsst_hardware_z 81.6931073405941 72.19999694824219 31.729999542236328 AB 9.618731755208799 1.0099819840267064
61752.1564 lsst_hardware_r -52.18834746003386 86.06999969482422 31.65999984741211 AB 10.752104588118753 1.0384493517595859
61752.1803 lsst_hardware_z 84.10903660238995 60.20000076293945 30.989999771118164 AB 11.222006350382756 1.015857306049966
61752.2159 lsst_hardware_r 33.12553435667782 85.0199966430664 31.65999984741211 AB 11.000115170577342 1.0121796296913028
61752.2299 lsst_hardware_i 25.401883601374088 67.5 31.34000015258789 AB 11.050913692692582 1.0203747552173679
61754.2144 lsst_hardware_z -18.90836915700433 56.959999084472656 30.979999542236328 AB 8.175561958540744 1.0139377365392892
61754.2264 lsst_hardware_r 36.302915635872665 76.75 31.65999984741211 AB 8.250698614042593 1.0219692750672078
61756.0495 lsst_hardware_y -9.316530750417988 50.970001220703125 29.950000762939453 AB 14.796733300175111 1.354681393448662
