data/validation/pwv_sim_epoch_fit_seasonal/13070214.ecsv
# %ECSV 0.9
# ---
# datatype:
# - {name: time, datatype: float64}
# - {name: band, datatype: string}
# - {name: flux, datatype: float64}
# - {name: fluxerr, datatype: float64}
# - {name: zp, datatype: float64}
# - {name: zpsys, datatype: string}
# - {name: pwv, datatype: float64}
# - {name: airmass, datatype: float64}
# meta: {SNID: '13070214', alt: 1024.0, c: -0.017504313960671425, dec: -28.630989, lat: -30.244573, lon: -70.7499537, ra: 63.105469, t0: 61383.17578125,
#   x0: 1.8189450015613286e-05, x1: 0.5661147236824036, z: 0.3573136627674103}
# schema: astropy-2.0
time band flux fluxerr zp zpsys pwv airmass
[from data line 132]
61711.191 lsst_hardware_r 31.015600456178415 22.09000015258789 31.469999313354492 AB 3.7866164554369566 1.0716333537390565
61720.1307 lsst_hardware_i 37.71681258565539 55.34000015258789 31.290000915527344 AB 3.286083509422626 1.1814777718441847
61720.1497 lsst_hardware_z 27.08972573832544 53.650001525878906 30.959999084472656 AB 3.2892554049775167 1.1152538669679646
61724.1148 lsst_hardware_r 53.539464692120205 92.52999877929688 31.6200008392334 AB 5.049516955947974 1.2022659418923747
61724.1326 lsst_hardware_i 19.776174163187513 73.0199966430664 31.31999969482422 AB 4.74369174353132 1.134673515435681
61726.1173 lsst_hardware_z 65.7822777852875 50.459999084472656 30.950000762939453 AB 3.626242610658146 1.1697556808574663
61726.1352 lsst_hardware_u 13.9401811584272 8.779999732971191 29.1299991607666 AB 3.025906062159957 1.1097115841788256
61728.0998 lsst_hardware_r -25.44376254493627 22.950000762939453 31.459999084472656 AB 5.4147258357971815 1.2204949477734255
61728.1172 lsst_hardware_i 7.780997106604753 31.15999984741211 31.239999771118164 AB 5.162842062439584 1.1499815263257789
61729.1013 lsst_hardware_z -63.69373121613363 43.02000045776367 30.940000534057617 AB 6.944497227323131 1.2016087023860536
61729.1182 lsst_hardware_r 12.316533292093702 22.479999542236328 31.479999542236328 AB 6.564427981212635 1.1371569432750432
61731.1012 lsst_hardware_u -1.968428598582383 2.4800000190734863 28.239999771118164 AB 4.52886162475721 1.1793398614879878
61731.1171 lsst_hardware_g 28.173280830245687 13.210000038146973 31.360000610351562 AB 4.297494105745725 1.1230874443344985
61734.1074 lsst_hardware_r -7.471782015962762 22.540000915527344 31.479999542236328 AB 5.789515735064696 1.1278460497861387
61734.1248 lsst_hardware_z -26.128949348323495 41.5099983215332 30.950000762939453 AB 5.574078228646626 1.0795154892315215
61736.1057 lsst_hardware_r 1.4941524936472765 22.420000076293945 31.479999542236328 AB 4.256797794762648 1.1161955584554053
61736.1217 lsst_hardware_u 3.875231869471076 2.5999999046325684 28.3799991607666 AB 4.107853287972178 1.0739953692026842
61738.1276 lsst_hardware_u -2.4394114454517877 2.640000104904175 28.420000076293945 AB 5.3180020087587385 1.0505732929195455
61738.146 lsst_hardware_g 17.506212251635688 13.25 31.399999618530273 AB 5.192706140047977 1.0227902580358434
61740.1326 lsst_hardware_r 4.885565791681241 21.899999618530273 31.489999771118164 AB 8.393289457447104 1.0333169883594302
61740.1487 lsst_hardware_i 4.307565517046732 29.690000534057617 31.25 AB 8.238724062987623 1.0141632345395293
61742.1292 lsst_hardware_z 11.860467933179947 40.790000915527344 30.950000762939453 AB 6.65980986933948 1.0303769492521129
61742.1463 lsst_hardware_r 17.223217650227358 21.90999984741211 31.5 AB 6.543677645086074 1.0114832952972166
61744.0264 lsst_hardware_y -56.34336947731844 74.0 29.940000534057617 AB 3.0275135287647603 1.393027697284399
61744.0471 lsst_hardware_i -24.312723113462667 34.06999969482422 31.219999313354492 AB 1.8740289593663497 1.2649537356505904
61746.0276 lsst_hardware_y -119.72950420865928 72.83000183105469 29.959999084472656 AB 7.231251827208338 1.347354542054842
61746.0477 lsst_hardware_g -15.705356663951068 34.470001220703125 31.59000015258789 AB 5.530436913877234 1.2344036412870005
61748.0292 lsst_hardware_y 82.9630472599126 73.44999694824219 29.979999542236328 AB 6.516076615907235 1.3037368179085025
61748.0488 lsst_hardware_i 28.50638400941155 47.790000915527344 31.280000686645508 AB 6.480797117724814 1.2043106636009935
61750.0412 lsst_hardware_z -208.28286387787435 92.25 31.709999084472656 AB 11.750277143447978 1.2137984601597334
61752.0332 lsst_hardware_y -24.021574005260444 74.87999725341797 30.010000228881836 AB 13.05852723914143 1.225462391060534
61752.0547 lsst_hardware_r -79.56479724663555 91.25 31.639999389648438 AB 12.810336698041798 1.1395069114072571
61754.0342 lsst_hardware_y -89.3674909894159 66.68000030517578 30.0 AB 9.081151773055801 1.1966313157318096
61754.0555 lsst_hardware_z 22.362599292716407 52.720001220703125 30.959999084472656 AB 8.593560990063049 1.1193830384010177
61756.0371 lsst_hardware_y -59.30686902764141 58.72999954223633 30.020000457763672 AB 11.778962928560574 1.1632586218642655
61756.0594 lsst_hardware_u -1.1880949885621368 2.6600000858306885 28.389999389648438 AB 11.917922486921004 1.0928526549933675
61758.0369 lsst_hardware_y 29.866827109825028 60.68000030517578 30.020000457763672 AB 4.140996720457657 1.1443432352039786
61758.0577 lsst_hardware_r 5.016764027511385 22.1200008392334 31.479999542236328 AB 4.498460964404798 1.0833138987129372
61760.0387 lsst_hardware_y -82.1817785665773 60.7599983215332 30.040000915527344 AB 5.0429782262984855 1.12066182806633
61760.0611 lsst_hardware_r 14.633846726069134 21.93000030517578 31.489999771118164 AB 4.763947598408137 1.0632031687572185
61764.0411 lsst_hardware_z -74.5175031528725 48.47999954223633 30.959999084472656 AB 6.078755733968328 1.0838469704856917
61764.0621 lsst_hardware_g -22.814533330996206 13.140000343322754 31.40999984741211 AB 7.441550182986531 1.0410189111195893
61766.0424 lsst_hardware_y -126.14893105508054 56.119998931884766 30.049999237060547 AB 6.846044787764123 1.0681506865489914
61766.0665 lsst_hardware_i 17.54825808344995 29.739999771118164 31.25 AB 6.5072047046476635 1.0265753823149075
61768.0443 lsst_hardware_y -26.47631972681053 52.77000045776367 30.049999237060547 AB 8.641704251723583 1.0531599843670998
61768.0666 lsst_hardware_r 10.609107477658293 21.670000076293945 31.5 AB 8.415184554553944 1.0198987461585962
