data/validation/pwv_sim_epoch_fit_seasonal/13109192.ecsv
# %ECSV 0.9
# ---
# datatype:
# - {name: time, datatype: float64}
# - {name: band, datatype: string}
# - {name: flux, datatype: float64}
# - {name: fluxerr, datatype: float64}
# - {name: zp, datatype: float64}
# - {name: zpsys, datatype: string}
# - {name: pwv, datatype: float64}
# - {name: airmass, datatype: float64}
# meta: {SNID: '13109192', alt: 1024.0, c: -0.07894182950258255, dec: -36.238361, lat: -30.244573, lon: -70.7499537, ra: 86.835938, t0: 62790.84765625,
#   x0: 4.430280151595461e-06, x1: 1.0394561290740967, z: 0.644084095954895}
# schema: astropy-2.0
time band flux fluxerr zp zpsys pwv airmass
62755.3318 lsst_hardware_r 134.40205999506327 79.77999877929688 31.59000015258789 AB 3.1761340143099415 1.3092061064756562
62755.3504 lsst_hardware_z 42.29591588959744 57.689998626708984 30.959999084472656 AB 3.736030229478763 1.2177412742759983
62762.3058 lsst_hardware_g -4.472799155324075 41.21238218248234 31.559999465942383 AB 2.678265495464493 1.3497054403480269
62762.323 lsst_hardware_r 0.25378283263055246 43.3348355140463 31.559999465942383 AB 2.482217650636447 1.2555476229827853
62764.3122 lsst_hardware_i 54.951317509060345 36.82492518674853 31.229999542236328 AB 8.551202676901973 1.2823598115825994
62764.329 lsst_hardware_z 24.097711499977365 45.38431105892872 30.940000534057617 AB 7.853824697254504 1.204420400857112
62765.3187 lsst_hardware_r 89.90409877625171 27.57827082773108 31.489999771118164 AB 3.8076448413780097 1.237252588587493
62765.3351 lsst_hardware_g 60.611418688365674 20.29371687050358 31.510000228881836 AB 2.7339514140500873 1.1703559135488388
62772.2731 lsst_hardware_z 337.3705845308188 49.50615167767214 30.90999984741211 AB 4.798547780632569 1.3843628649501833
62772.2935 lsst_hardware_r 582.8631243949952 33.614292779144044 31.43000030517578 AB 4.781307925413142 1.266347998255445
62776.2929 lsst_hardware_r 2959.168322945496 67.19135961649133 32.650001525878906 AB 3.8785948287232417 1.2184705467480477
62776.3249 lsst_hardware_z 1653.8998469474168 82.90770486755879 32.13999938964844 AB 3.533726810259098 1.1082435178399643
62781.2844 lsst_hardware_z 790.8569793224036 54.87390460102967 30.950000762939453 AB 5.267147646630742 1.197079010597896
62781.3053 lsst_hardware_r 1591.146512320345 53.73956865205202 31.579999923706055 AB 5.160573446460494 1.1249615128167616
62785.3133 lsst_hardware_r 1825.8764621061002 90.03472009572653 31.649999618530273 AB 4.84990512013938 1.0768991625496838
62785.3338 lsst_hardware_y 410.75738554284067 54.8428895030817 30.059999465942383 AB 4.545191620847917 1.040089615754598
62787.266 lsst_hardware_y 440.43761553752546 56.51813453086164 30.0 AB 6.722657602620458 1.2052813487038412
62787.285 lsst_hardware_r 1848.9350964118455 88.24000758695931 31.6299991607666 AB 6.364799782051281 1.1368420663344752
62789.2707 lsst_hardware_i 1395.4284622123457 65.4686676326116 31.290000915527344 AB 7.396120243369421 1.166335193971132
62789.2899 lsst_hardware_z 946.9176191553694 60.94612306753085 30.969999313354492 AB 7.036778315186225 1.1069338233736392
62791.2559 lsst_hardware_z 922.5555153440242 58.19848860163132 30.950000762939453 AB 7.2675195422580305 1.2019216707382456
62791.2744 lsst_hardware_r 1747.0507554644992 63.42528792069923 31.600000381469727 AB 7.005133559357692 1.135844810186499
62794.2831 lsst_hardware_i 2529.9410664962365 68.72685451814117 32.0099983215332 AB 1.3101590425463507 1.0896803791624763
62794.3193 lsst_hardware_z 2834.132162011986 89.81807395761427 32.150001525878906 AB 1.2382189655217195 1.0271414064888902
62794.3445 lsst_hardware_y 434.03490931099867 51.0094474308773 30.059999465942383 AB 0.6842043238202138 1.0081596127016903
62796.2676 lsst_hardware_u 7.008902494557129 2.7308452857605108 28.399999618530273 AB 3.1126246775374673 1.1156360851388771
62796.2852 lsst_hardware_g 261.5620842448303 20.54718814716357 31.389999389648438 AB 3.053710049571687 1.0727946775241008
62799.2441 lsst_hardware_g 201.67539594227037 19.26433053810466 31.34000015258789 AB 5.155876892920735 1.1638548291017459
62799.2614 lsst_hardware_r 1222.1484275482765 40.975827620052726 31.469999313354492 AB 4.2185898598362055 1.1101552262726857
62801.248 lsst_hardware_i 1099.4141991152178 45.00612916554436 31.239999771118164 AB 3.457833986404955 1.1330659413139854
62801.2655 lsst_hardware_z 853.6183182052768 50.60785172116222 30.940000534057617 AB 3.5776244533940256 1.086130833119884
62809.1432 lsst_hardware_z 1330.7985141614515 82.64081432990258 31.639999389648438 AB 8.288176056655612 1.6251325601285513
62827.1936 lsst_hardware_z 878.8741485584079 65.01781431544909 31.700000762939453 AB 4.119665401103302 1.0882751026557396
62827.2079 lsst_hardware_u 1.172495393233189 4.0162734655783145 29.170000076293945 AB 3.919430272519065 1.058447278563252
62831.2055 lsst_hardware_r 168.3185548966443 25.252702410240225 31.469999313354492 AB 4.832629992456647 1.0441404376930967
62831.2214 lsst_hardware_i 194.06979455747194 33.793380378783816 31.239999771118164 AB 5.368702888850251 1.0237801084763614
62833.2136 lsst_hardware_z 323.46877201797145 44.40582913425242 30.950000762939453 AB 4.092291511866444 1.0262800029757508
62833.2304 lsst_hardware_i 256.9823026209137 33.468970119031496 31.25 AB 3.945614868855909 1.0119555960134745
62835.1364 lsst_hardware_r 149.87823412887113 26.218625084104485 31.479999542236328 AB 6.258369639439141 1.1993809197852652
62835.1543 lsst_hardware_z 350.84500802047154 45.5709936696311 30.940000534057617 AB 5.969290500842435 1.1357637826841906
62838.1312 lsst_hardware_z 320.46317850351164 48.93668183486791 30.940000534057617 AB 7.677784162265586 1.187567299069358
62838.1479 lsst_hardware_r 163.66797068458894 37.789092049287895 31.56999969482422 AB 7.308898097323915 1.1302776442625115
62840.145 lsst_hardware_i 193.23382203107377 46.79458260625742 31.290000915527344 AB 2.9115052977795206 1.1226884181669103
62840.1668 lsst_hardware_z 296.4422959288526 50.403105489220756 30.969999313354492 AB 2.569658225079015 1.0692429938953563
62842.1505 lsst_hardware_r 112.34749264363518 69.0531182067473 31.639999389648438 AB 4.985471232073206 1.0934249878436686
62842.1731 lsst_hardware_z 243.4970265788655 55.91179365895415 30.979999542236328 AB 4.2910252267923745 1.0478694082521063
62844.1321 lsst_hardware_i 151.30316536464414 72.67165860223085 31.31999969482422 AB 6.192700697579089 1.1285275155423418
62844.1544 lsst_hardware_z 253.78565057462347 64.61508732842923 30.979999542236328 AB 5.892179944448808 1.0722802446676427
62849.1583 lsst_hardware_z 221.25336253581727 51.237297198012676 30.969999313354492 AB 7.408007046347606 1.0412181800270714
62849.1798 lsst_hardware_g -117.36021510094876 56.202197528042866 31.729999542236328 AB 7.7280144730044595 1.01684400960585
62849.214 lsst_hardware_r 74.00107777048561 55.90898682238796 31.639999389648438 AB 7.8309356515458575 1.0059543736932002
62849.2271 lsst_hardware_z 200.9636899206188 51.40114915551221 30.969999313354492 AB 7.842768866610934 1.0105033166837116
62851.1538 lsst_hardware_r 137.8827184204698 31.39826344070388 31.559999465942383 AB 10.598453369344181 1.039819853916285
62851.1763 lsst_hardware_i 182.09516808796556 38.12188609444025 31.280000686645508 AB 10.447222287827847 1.015317445446949
62853.049 lsst_hardware_z 194.00149343100122 48.05054052235644 30.920000076293945 AB 5.692098247714915 1.404502682799313
62853.0698 lsst_hardware_g -8.544069810606986 13.306078597179201 31.34000015258789 AB 5.1972583890217905 1.279325141913056
62855.0508 lsst_hardware_y 33.16085476843469 52.10899186188771 29.940000534057617 AB 7.387894363926221 1.356510326174197
62855.0723 lsst_hardware_i 148.9748482314395 33.43629979557876 31.229999542236328 AB 6.446991893931578 1.2404024807949166
62863.0506 lsst_hardware_y 27.24849697517943 51.7150409833483 29.979999542236328 AB 7.688869051273028 1.239740253349408
62863.0712 lsst_hardware_z 158.84914369947865 44.23766459191006 30.940000534057617 AB 7.224968669238695 1.1574765570712424
62865.0608 lsst_hardware_y 104.61188993734463 70.76443687355271 30.75 AB 10.050379607099218 1.175036343740592
62866.0504 lsst_hardware_z 174.04248415212294 47.14784928846083 30.940000534057617 AB 9.056763631245726 1.204917665302415
62866.0718 lsst_hardware_r 142.05092181992646 29.097147400031936 31.540000915527344 AB 8.486208257158662 1.1292234404797301
62868.0504 lsst_hardware_y -14.222290736752822 51.52105642686717 30.010000228881836 AB 8.207410587611738 1.1833060247421767
62868.0725 lsst_hardware_z 171.74043964386115 46.68214404721101 30.950000762939453 AB 7.991328604408162 1.1115534965330354
62870.0516 lsst_hardware_y 69.58213260325864 52.25278039578159 30.010000228881836 AB 2.641127697338205 1.1591519408989246
62870.0749 lsst_hardware_z 137.0248987901667 51.17617752458475 30.959999084472656 AB 2.472758288533128 1.0913641348485614
62872.0497 lsst_hardware_y -17.413642163656952 55.58419490529638 30.020000457763672 AB 11.327956249924629 1.1471735332761912
62872.0719 lsst_hardware_i 221.89941338770913 61.33531357170498 31.31999969482422 AB 10.70071452800958 1.0855587577447836
62874.0478 lsst_hardware_y 117.0860289969617 59.41999816894531 30.030000686645508 AB 9.012389878351007 1.1358127071868687
62874.0668 lsst_hardware_r 114.45318035099068 91.7699966430664 31.649999618530273 AB 8.884187595702652 1.0847272788623945
62879.0464 lsst_hardware_y -39.013162062442156 52.119998931884766 30.030000686645508 AB 2.479738450190497 1.1011271981307715
62879.0645 lsst_hardware_g -11.347554642576654 12.9399995803833 31.389999389648438 AB 2.348174752457998 1.0610821294432886
62881.1508 lsst_hardware_g 11.838318760307455 22.8799991607666 31.610000610351562 AB 5.603652880868035 1.0181826169376984
62881.1637 lsst_hardware_r -26.400503017139297 31.329999923706055 31.579999923706055 AB 5.69516913344341 1.0317179632149425
62883.0433 lsst_hardware_y 3.3458755260751536 54.029998779296875 30.049999237060547 AB 3.01767409878305 1.082282470647557
62883.06 lsst_hardware_r -19.070296232906255 21.610000610351562 31.479999542236328 AB 2.9372208143256113 1.0497572603022272
62889.0934 lsst_hardware_g 10.06857459143683 12.630000114440918 31.3799991607666 AB 8.276128409236238 1.0059206607059208
62889.108 lsst_hardware_r -6.846637192626805 21.200000762939453 31.479999542236328 AB 8.547207084033014 1.0066294864943406
62891.0403 lsst_hardware_y -123.99010959592266 74.86000061035156 30.809999465942383 AB 6.980935089227282 1.0462901526350763
62891.0592 lsst_hardware_r -18.873365321476438 30.440000534057617 32.25 AB 7.279922378893326 1.0221499607647475
62891.0927 lsst_hardware_i -12.471762980815061 29.420000076293945 31.260000228881836 AB 8.049586826628603 1.0054966004928059
62891.109 lsst_hardware_r -13.241488315856108 21.350000381469727 31.489999771118164 AB 7.969184313249171 1.0088532852168461
62908.0676 lsst_hardware_g -19.07014607930728 33.459999084472656 31.68000030517578 AB 1.0299429603965777 1.0114006157740663
62908.095 lsst_hardware_r 64.15981399204365 47.619998931884766 31.6299991607666 AB 1.6655785046995792 1.0383905889647997
62910.0716 lsst_hardware_i 3.5443276828315424 29.440000534057617 31.25 AB 2.5384795026463567 1.0181748122119219
62910.0851 lsst_hardware_r -50.205120851535085 21.399999618530273 31.479999542236328 AB 3.5296326363470594 1.0324588444852942
63124.3462 lsst_hardware_u 0.034136509484511864 2.5899999141693115 28.329999923706055 AB 1.5978816282759498 1.192894086059124
63124.3653 lsst_hardware_g 12.295183248584324 13.149999618530273 31.3700008392334 AB 1.5229945499168123 1.1271700135071263
63126.3488 lsst_hardware_u 1.025018160082163 2.630000114440918 28.3799991607666 AB 1.4466435721638014 1.1628967621889705
63126.3662 lsst_hardware_g -17.88786702694995 13.170000076293945 31.389999389648438 AB 1.3126764030978904 1.1091477846201017
63129.304 lsst_hardware_r -5.475287909143597 22.809999465942383 31.440000534057617 AB 8.684007505264988 1.3317327803603374
63129.3208 lsst_hardware_g 28.453974063488758 13.140000343322754 31.34000015258789 AB 8.26917296124356 1.2433288502057727
63133.2975 lsst_hardware_i -61.42764714609528 32.439998626708984 31.209999084472656 AB 5.8726745377703615 1.3063935646829248
63133.3127 lsst_hardware_z 16.76995278537788 43.779998779296875 30.93000030517578 AB 5.465941421029375 1.2304443516304273
63137.2798 lsst_hardware_z 17.083713732535745 54.310001373291016 30.940000534057617 AB 4.644126956728263 1.345928693443925
63137.2994 lsst_hardware_r -46.01067476021535 58.91999816894531 31.59000015258789 AB 4.705290840859791 1.2412831975535854
63143.272 lsst_hardware_z 6.976169916801079 54.959999084472656 30.950000762939453 AB 3.5913636011936374 1.2965211556657184
63143.2925 lsst_hardware_r -86.53286105240487 61.66999816894531 31.610000610351562 AB 3.2393466896079737 1.2002025526522215
63145.2807 lsst_hardware_z 30.765273559390348 50.040000915527344 30.940000534057617 AB 7.278497974052257 1.2270578208573628
63145.302 lsst_hardware_r -8.309631746553492 47.7599983215332 31.600000381469727 AB 6.557928708538933 1.1457565736192883
63153.2685 lsst_hardware_i -7.12047691960658 31.170000076293945 31.219999313354492 AB 6.842174487441461 1.1871561529350383
63153.2865 lsst_hardware_z 71.92418753726888 42.09000015258789 30.940000534057617 AB 6.471806733530638 1.1260701611258668
63155.2684 lsst_hardware_r 30.4624235657992 22.200000762939453 31.469999313354492 AB 8.49532529729655 1.1672475991568132
63155.2866 lsst_hardware_g -9.983198479519492 12.84000015258789 31.360000610351562 AB 8.096556306571452 1.1103087294454943
63161.268 lsst_hardware_u -4.787664799459953 2.5299999713897705 28.329999923706055 AB 3.1902218437534997 1.1164380905524058
63161.2862 lsst_hardware_g 17.20051035797262 12.770000457763672 31.3700008392334 AB 2.9864479757734848 1.0721407200766415
63163.3054 lsst_hardware_r -15.683595648874713 21.299999237060547 31.469999313354492 AB 3.319149090813973 1.031485706990981
63163.3241 lsst_hardware_u -0.5167261002563678 2.5199999809265137 28.3700008392334 AB 3.197695233724913 1.013586106098847
63165.1744 lsst_hardware_i -71.59553000732255 47.709999084472656 31.219999313354492 AB 2.0073169365884818 1.566584497857816
63165.1943 lsst_hardware_z -173.0526545870253 51.25 30.93000030517578 AB 1.7381394534866483 1.405124861347801
63166.2429 lsst_hardware_r 41.53450194286525 55.630001068115234 31.610000610351562 AB 3.6292383696762927 1.1515907884103507
63166.2607 lsst_hardware_z -67.48132393263924 49.349998474121094 30.959999084472656 AB 3.61282471158194 1.0994597418082592
63168.1947 lsst_hardware_r -21.902710213359736 83.6500015258789 31.579999923706055 AB 2.7205325474567834 1.3488014613072798
63168.2139 lsst_hardware_z -20.741555650860786 60.150001525878906 30.950000762939453 AB 4.04316909479412 1.2453292899776551
63170.194 lsst_hardware_z 67.75640001328772 65.69000244140625 30.950000762939453 AB 4.494178504498993 1.3204579122958697
63170.2115 lsst_hardware_i -73.69841784573234 70.11000061035156 31.299999237060547 AB 4.7005403842749764 1.2312869095042946
63172.2027 lsst_hardware_z -3.2687603164669423 57.939998626708984 30.950000762939453 AB 4.397842889327787 1.2466424461279249
63172.2219 lsst_hardware_r -62.567165215286145 70.4800033569336 31.6200008392334 AB 5.197995939769638 1.1675642272615792
63186.2042 lsst_hardware_z 31.078572980155233 41.47999954223633 30.940000534057617 AB 6.128069157840289 1.1043555880050568
63186.2224 lsst_hardware_r 21.484506633840564 21.6200008392334 31.479999542236328 AB 8.054119661622007 1.0632501203459652
63189.2075 lsst_hardware_i 29.221006726450504 30.100000381469727 31.239999771118164 AB 5.808229632170782 1.076927620303606
63189.2257 lsst_hardware_z 3.185363439869372 40.709999084472656 30.940000534057617 AB 5.544595510002018 1.0435248764119434
63193.2088 lsst_hardware_y 74.85572309486552 47.65999984741211 30.030000686645508 AB 6.508924865404802 1.053224088253169
63193.2263 lsst_hardware_r -12.91770995391922 30.540000915527344 31.559999465942383 AB 6.353152079978255 1.028129045200926
63195.3267 lsst_hardware_r 18.40385800376765 21.700000762939453 31.479999542236328 AB 7.135540968010008 1.0692351791428796
63195.3379 lsst_hardware_i -2.4012901268711806 30.719999313354492 31.239999771118164 AB 6.091960737075524 1.0942986773981542
63197.2377 lsst_hardware_z -77.18125383556868 56.22999954223633 30.979999542236328 AB 3.828977202024641 1.0098179473922704
63197.2559 lsst_hardware_r -43.723173540306796 73.9800033569336 31.65999984741211 AB 4.40209580450594 1.005484699432234
63199.2043 lsst_hardware_r 41.24558827006637 92.79000091552734 31.65999984741211 AB 4.512044223890552 1.035109938951721
63199.222 lsst_hardware_i -74.02644620277673 71.3499984741211 31.34000015258789 AB 5.041321274629183 1.0163954182718855
63201.2114 lsst_hardware_z -148.28936602019766 58.52000045776367 30.979999542236328 AB 7.748945171442099 1.0208517264327375
63201.23 lsst_hardware_i 32.31224509171632 62.599998474121094 31.329999923706055 AB 7.7631172998926425 1.008371661745667
63204.1456 lsst_hardware_r 4.30213096129098 37.09000015258789 31.56999969482422 AB 3.6469841384939636 1.1310523779993167
63204.1671 lsst_hardware_z -3.7124221786824054 47.16999816894531 30.950000762939453 AB 3.9724298146493178 1.0757375437409296
63208.1551 lsst_hardware_i -52.38084170685573 29.969999313354492 31.239999771118164 AB 3.988861791255694 1.0780707543934307
63208.1762 lsst_hardware_z 60.067147069796164 40.56999969482422 30.950000762939453 AB 4.6386831383253755 1.0400051876745418
63208.2197 lsst_hardware_u -4.819941293501946 2.609999895095825 28.43000030517578 AB 4.963171695407986 1.0059123825312597
63208.2324 lsst_hardware_g -0.8434809638437629 15.050000190734863 31.459999084472656 AB 5.064183529384709 1.0061958135077904
63211.1381 lsst_hardware_z 20.332964691877578 41.439998626708984 30.940000534057617 AB 10.521349526980682 1.0988067702650772
63211.1594 lsst_hardware_r -22.978195183391353 21.649999618530273 31.489999771118164 AB 10.109585569308315 1.0536672008033958
63216.154 lsst_hardware_z 1.5330198379803042 40.790000915527344 30.950000762939453 AB 10.60978586550182 1.0405244673055114
63216.1755 lsst_hardware_i -61.932983617334685 29.600000381469727 31.260000228881836 AB 10.457271107697302 1.0164651999530545
63218.1361 lsst_hardware_r -3.0939902646217634 21.65999984741211 31.469999313354492 AB 3.092146574022473 1.0612257654302784
63218.1597 lsst_hardware_u 2.427638066489786 2.5299999713897705 28.360000610351562 AB 2.995828111436855 1.0262614141378428
63220.0516 lsst_hardware_y 17.231057980664904 51.33000183105469 29.93000030517578 AB 7.311124778198278 1.3557950446357492
63220.0742 lsst_hardware_r 10.011962682899549 26.950000762939453 31.489999771118164 AB 6.313133696019006 1.2348427767278087
63222.0605 lsst_hardware_z 29.478673280883275 67.3499984741211 31.690000534057617 AB 6.980544040221654 1.2745196348771555
63224.0513 lsst_hardware_y -100.39354804767252 53.29999923706055 29.959999084472656 AB 8.309054420824248 1.2941108536222583
63224.0734 lsst_hardware_i -81.18254536097398 47.9900016784668 31.280000686645508 AB 7.682135408865548 1.1920452182272172
63226.0498 lsst_hardware_y 60.97242023815216 55.7400016784668 29.979999542236328 AB 12.10930398511165 1.2733901871929807
63226.0706 lsst_hardware_r 14.5758041517019 76.0 31.6200008392334 AB 11.20362341630339 1.1817856508323505
63229.0529 lsst_hardware_y -24.225410347568854 57.20000076293945 29.989999771118164 AB 10.012721655401739 1.2203195192446674
63229.0764 lsst_hardware_g -25.718860917408808 97.80999755859375 31.690000534057617 AB 9.230182357645518 1.133929036565875
