data/validation/pwv_sim_epoch_fit_seasonal/13173537.ecsv
# %ECSV 0.9
# ---
# datatype:
# - {name: time, datatype: float64}
# - {name: band, datatype: string}
# - {name: flux, datatype: float64}
# - {name: fluxerr, datatype: float64}
# - {name: zp, datatype: float64}
# - {name: zpsys, datatype: string}
# - {name: pwv, datatype: float64}
# - {name: airmass, datatype: float64}
# meta: {SNID: '13173537', alt: 1024.0, c: -0.022424668073654175, dec: -26.276812, lat: -30.244573, lon: -70.7499537, ra: 170.683594,
#   t0: 61817.1796875, x0: 7.024470191861687e-06, x1: -0.002347022294998169, z: 0.5331065058708191}
# schema: astropy-2.0
time band flux fluxerr zp zpsys pwv airmass
[from data line 132]
62149.3085 lsst_hardware_i 15.138540235834853 30.6299991607666 31.260000228881836 AB 5.741823147961272 1.0402795811144618
62151.296 lsst_hardware_z 59.51683857755298 41.06999969482422 30.950000762939453 AB 6.290635395192994 1.0524737151067414
62151.3136 lsst_hardware_r -27.151065962447632 22.559999465942383 31.510000228881836 AB 6.147911109184385 1.0253639098014262
62153.2064 lsst_hardware_i 29.805146227470882 33.52000045776367 31.200000762939453 AB 4.257995469231479 1.397897396333387
62153.2251 lsst_hardware_z 62.12578711230847 44.619998931884766 30.920000076293945 AB 4.126792875803872 1.2784364547099976
62155.2055 lsst_hardware_i 10.747621200996212 33.2400016784668 31.200000762939453 AB 7.919963622424144 1.3655109693834733
62155.2225 lsst_hardware_u 1.3606344566911308 2.549999952316284 28.239999771118164 AB 7.576276610621312 1.2629934336443618
62157.2067 lsst_hardware_g 16.31174414525938 14.010000228881836 31.31999969482422 AB 15.204629458790329 1.3221416920687243
62157.2236 lsst_hardware_r -8.11634997589049 23.600000381469727 31.459999084472656 AB 14.517444027030134 1.2300052129402166
62159.2078 lsst_hardware_i -25.727376387976 45.7400016784668 31.969999313354492 AB 11.204784064205791 1.2835416807834374
62159.2265 lsst_hardware_r 13.426334444232827 32.790000915527344 32.220001220703125 AB 10.869752068514826 1.1924580593516245
62161.2056 lsst_hardware_z -5.321651412997511 47.220001220703125 30.940000534057617 AB 9.83515755698116 1.2657453179731875
62161.2232 lsst_hardware_g 21.343623399050895 20.809999465942383 31.530000686645508 AB 10.194750529474996 1.1835094647637563
62166.1993 lsst_hardware_z -98.9364180999689 69.44000244140625 30.969999313354492 AB 15.108799838863183 1.2287073426473536
62166.2169 lsst_hardware_r 41.93229099046749 98.4800033569336 31.6299991607666 AB 14.116525649915092 1.1551984983563905
62168.2156 lsst_hardware_z 186.25102436633708 104.41999816894531 31.739999771118164 AB 14.233671953881741 1.1405566655309065
62172.2013 lsst_hardware_r 41.24870239500899 43.77000045776367 31.59000015258789 AB 7.923730899798803 1.1523750581441219
62172.22 lsst_hardware_y -19.52233450738043 49.5 30.030000686645508 AB 5.806003862071954 1.094371172795658
62174.207 lsst_hardware_g -14.110813121365775 15.75 31.459999084472656 AB 5.616171967996506 1.1156479872857579
62174.2259 lsst_hardware_r -19.952489907354007 24.829999923706055 31.520000457763672 AB 6.2501166090646345 1.0671494736742828
62178.2171 lsst_hardware_u -5.661165440398439 2.640000104904175 28.399999618530273 AB 3.945955536208408 1.0626689655176484
62178.2348 lsst_hardware_r -8.73416429129008 22.43000030517578 31.5 AB 3.839404924722741 1.0320518591611687
62180.2141 lsst_hardware_i 6.673173485490881 30.610000610351562 31.25 AB 5.213039673941222 1.0576977561087177
62180.2322 lsst_hardware_z -106.13214299231917 40.9900016784668 30.950000762939453 AB 5.049723682499471 1.0281777553616298
62182.1007 lsst_hardware_u -0.5270298645551594 2.380000114440918 28.020000457763672 AB 2.44069923824849 1.6417259450101953
62182.1202 lsst_hardware_g 5.779581689441212 14.100000381469727 31.299999237060547 AB 2.167326974394707 1.452550890406965
62184.0994 lsst_hardware_r -7.166800843427268 24.59000015258789 31.3799991607666 AB 3.8080349104797184 1.5959911611398914
62184.1187 lsst_hardware_i 15.548358090985738 33.650001525878906 31.190000534057617 AB 3.3233230810587284 1.4209826108214765
62186.1254 lsst_hardware_u -1.4379649896619684 2.6700000762939453 28.309999465942383 AB 4.094591559603403 1.3354832223103077
62186.1437 lsst_hardware_g -6.3189525508768805 14.149999618530273 31.3799991607666 AB 3.8011762533938542 1.2334806663257505
62188.1041 lsst_hardware_g -28.184238477383104 20.1299991607666 31.40999984741211 AB 6.647408605279052 1.450238223826424
62188.1227 lsst_hardware_r 20.35163710059305 27.15999984741211 31.479999542236328 AB 6.040285085504778 1.3182159281645753
62190.0981 lsst_hardware_i -40.868962365030356 41.63999938964844 31.219999313354492 AB 9.566297575110971 1.4546736476123887
62190.1177 lsst_hardware_z 107.5212307643077 48.38999938964844 30.93000030517578 AB 8.670382650569817 1.3154050318828503
62192.1005 lsst_hardware_i 24.306073476587642 50.959999084472656 31.239999771118164 AB 10.619944673186485 1.3936478033117519
62192.1211 lsst_hardware_z 62.69596147090219 52.459999084472656 30.940000534057617 AB 9.620706791290623 1.2650086179008742
62194.1034 lsst_hardware_z -35.256322637861466 69.30999755859375 30.950000762939453 AB 8.958821401932115 1.3364892256639862
62194.1244 lsst_hardware_r 28.349618089204103 92.94999694824219 31.610000610351562 AB 7.9905326106587395 1.2214204540902995
62199.1015 lsst_hardware_z 14.90443726035755 61.25 30.950000762939453 AB 5.747126233323125 1.2676086240465667
62199.1211 lsst_hardware_g -77.6082475979963 69.05999755859375 31.670000076293945 AB 5.3000280749021 1.1768686743426446
62204.0985 lsst_hardware_u 3.385724349202534 2.6600000858306885 28.350000381469727 AB 12.468525201231818 1.2149598247241722
62204.1186 lsst_hardware_g -14.002875957287085 14.119999885559082 31.389999389648438 AB 11.694679129744088 1.1362054970483106
62206.0965 lsst_hardware_r -34.61740019902358 23.639999389648438 31.479999542236328 AB 9.029442562269692 1.199607089447282
62206.1161 lsst_hardware_z 9.669616519808402 42.27000045776367 30.940000534057617 AB 8.555468005628184 1.1265594529642367
62208.0999 lsst_hardware_r 47.09084934932361 23.420000076293945 31.479999542236328 AB 15.132772313499789 1.1638132174732314
62208.1215 lsst_hardware_u 3.4164248655160376 2.7699999809265137 28.469999313354492 AB 14.304347690204404 1.0949229913852232
62211.0926 lsst_hardware_g -5.025512482410449 14.170000076293945 31.389999389648438 AB 8.51596536821819 1.1604767705952563
62211.1142 lsst_hardware_r 14.096648700211773 23.149999618530273 31.489999771118164 AB 8.114735032061635 1.0925747860864847
62216.0861 lsst_hardware_r -5.5429627621532305 23.6299991607666 31.510000228881836 AB 5.563086901357531 1.1353238574199043
62216.1047 lsst_hardware_u -0.3547377919134466 2.9100000858306885 28.579999923706055 AB 5.30230638762178 1.082103344412608
62218.0782 lsst_hardware_g 13.303748721275877 24.729999542236328 31.579999923706055 AB 6.828727758849364 1.143585088564713
62218.0951 lsst_hardware_i 21.64082339062329 33.84000015258789 31.270000457763672 AB 6.664499897793937 1.0925409668514652
62220.0759 lsst_hardware_z 38.08194390531517 47.63999938964844 30.950000762939453 AB 11.684765444457737 1.1329399933219098
62220.0941 lsst_hardware_r 36.659712013052385 43.40999984741211 31.610000610351562 AB 9.67514094964404 1.0813233807928297
62222.0835 lsst_hardware_y 104.89076475953779 74.95999908447266 30.799999237060547 AB 7.02884357097384 1.09432408079929
62224.0767 lsst_hardware_r 45.278162829003094 130.17999267578125 31.65999984741211 AB 7.466498370809466 1.0979068283711597
62224.0953 lsst_hardware_i 72.92226305872792 102.16000366210938 31.350000381469727 AB 7.252827521528991 1.0550974100588912
62226.0775 lsst_hardware_z 121.30379680216764 78.54000091552734 30.989999771118164 AB 5.191795356214393 1.0818494178400486
62226.0939 lsst_hardware_r -142.50940603741043 113.83999633789062 31.65999984741211 AB 5.306202243730665 1.0476213709240927
62228.0772 lsst_hardware_z 16.64124151637286 52.619998931884766 30.969999313354492 AB 9.401725791383141 1.0698976718501438
62228.0963 lsst_hardware_r 5.950603525898148 59.939998626708984 31.649999618530273 AB 8.879468111452786 1.0349030432928905
62230.0686 lsst_hardware_i 70.1859427013872 30.93000030517578 31.239999771118164 AB 5.190578263286766 1.077032424253721
62230.085 lsst_hardware_z -15.121419064381065 41.189998626708984 30.940000534057617 AB 6.264794732999599 1.0441324554999332
62232.0712 lsst_hardware_r 20.450699899958618 23.149999618530273 31.5 AB 8.3493405172838 1.0595273649038799
62232.0893 lsst_hardware_u 1.7579683916753783 2.7100000381469727 28.450000762939453 AB 9.787793467890733 1.0293910746248482
62233.9761 lsst_hardware_y -168.84296607082862 84.38999938964844 29.93000030517578 AB 12.929275931723456 1.4702801343821723
62233.9935 lsst_hardware_r 13.280835659984355 24.06999969482422 31.450000762939453 AB 11.750851455087782 1.3408856569963805
62236.0631 lsst_hardware_i 34.62716505777494 30.770000457763672 31.25 AB 5.929639835104978 1.0540176572199222
62236.0821 lsst_hardware_z 6.3750741847930135 40.970001220703125 30.950000762939453 AB 5.801863220629535 1.0246568450049953
62237.9731 lsst_hardware_y 216.099442739423 85.0999984741211 29.950000762939453 AB 7.6309996836705425 1.40696007073898
62237.9911 lsst_hardware_i -29.622074479984523 32.79999923706055 31.219999313354492 AB 6.9634335104012575 1.2891865116376118
62241.971 lsst_hardware_y -85.31147015460957 68.69000244140625 29.979999542236328 AB 19.985601275897746 1.345152365868938
62241.9888 lsst_hardware_r 30.25372478649001 23.84000015258789 31.469999313354492 AB 18.464793181557656 1.2432808785696996
62243.9701 lsst_hardware_y 2.696026388912127 73.22000122070312 29.979999542236328 AB 14.79849067752809 1.31635746998115
62243.9888 lsst_hardware_g -1.2093554464013054 14.90999984741211 31.40999984741211 AB 13.716188505612468 1.217161106186216
62245.9687 lsst_hardware_y 275.60947284353756 71.91000366210938 29.979999542236328 AB 11.520289513381076 1.2923574288171722
62245.987 lsst_hardware_z -34.72981105957897 43.959999084472656 30.940000534057617 AB 10.666529782112423 1.2008251781123265
62247.9762 lsst_hardware_y 33.665457603344144 86.2300033569336 30.760000228881836 AB 11.170687623741452 1.2249568356763387
62249.967 lsst_hardware_z -52.34564675604219 72.66000366210938 30.969999313354492 AB 11.961965388365389 1.2430598969516216
62249.9863 lsst_hardware_r 59.55817310301884 61.540000915527344 31.6200008392334 AB 11.144671258766587 1.1597756964166699
62251.9668 lsst_hardware_y 115.78078962153656 73.58999633789062 30.010000228881836 AB 16.469334766219205 1.2178758238718632
62251.984 lsst_hardware_z -48.73054341632607 76.75 30.979999542236328 AB 15.480804850810538 1.1483424709450736
62253.965 lsst_hardware_y 0.18646410983807604 79.54000091552734 30.010000228881836 AB 1.2051058052627086 1.2015013013586329
62253.9838 lsst_hardware_z 6.614880798990872 79.47000122070312 30.979999542236328 AB 1.1644498999490385 1.1305338834456684
62256.9638 lsst_hardware_y 55.42628644973187 64.98999786376953 30.020000457763672 AB 13.457495720533233 1.1726643186243668
62256.9831 lsst_hardware_i -44.00278669412771 30.969999313354492 31.239999771118164 AB 12.524147507652392 1.1076454857745106
62260.9636 lsst_hardware_y 83.05067065500194 58.15999984741211 30.030000686645508 AB 11.787436786331789 1.1340889271275154
62260.9814 lsst_hardware_g 14.776363929129806 14.039999961853027 31.420000076293945 AB 11.17697684853413 1.0831453482443998
62263.9627 lsst_hardware_z -25.943304606494117 49.15999984741211 30.959999084472656 AB 10.900661804819967 1.1113768312206584
62263.9806 lsst_hardware_i 36.17053624197166 30.530000686645508 31.25 AB 10.473789810822465 1.0662064092590797
62267.9657 lsst_hardware_y -18.359718534666964 49.540000915527344 30.049999237060547 AB 12.516279345434947 1.0750354453820863
62267.995 lsst_hardware_r 21.215116232372704 22.469999313354492 31.510000228881836 AB 11.979113616266869 1.0243227924068306
62271.9604 lsst_hardware_y -80.95517229334742 54.66999816894531 30.049999237060547 AB 7.645394405181683 1.0627459556827472
62271.9809 lsst_hardware_u -2.356200992383648 2.740000009536743 28.489999771118164 AB 7.339007952736565 1.0283043229280093
