data/validation/pwv_sim_epoch_fit_seasonal/13294445.ecsv
# %ECSV 0.9
# ---
# datatype:
# - {name: time, datatype: float64}
# - {name: band, datatype: string}
# - {name: flux, datatype: float64}
# - {name: fluxerr, datatype: float64}
# - {name: zp, datatype: float64}
# - {name: zpsys, datatype: string}
# - {name: pwv, datatype: float64}
# - {name: airmass, datatype: float64}
# meta: {SNID: '13294445', alt: 1024.0, c: 0.12864889204502106, dec: -0.149208, lat: -30.244573, lon: -70.7499537, ra: 202.148438, t0: 61526.37109375,
#   x0: 3.6099639588222548e-06, x1: -0.7093340158462524, z: 0.7012431621551514}
# schema: astropy-2.0
time band flux fluxerr zp zpsys pwv airmass
[from data line 132]
61851.2672 lsst_hardware_i 11.802450018141311 32.40999984741211 31.229999542236328 AB 6.109037552286978 1.1549366768668075
61851.2864 lsst_hardware_z 11.981375710389802 43.75 30.940000534057617 AB 6.099404932738545 1.1689162385470573
61853.267 lsst_hardware_r 32.05688908891073 24.510000228881836 31.479999542236328 AB 7.084648009796994 1.1570550399799158
61853.2876 lsst_hardware_g 29.38531122537132 15.170000076293945 31.399999618530273 AB 7.206328078780974 1.1778895192515437
61855.2032 lsst_hardware_r 7.664046222826085 24.8799991607666 31.479999542236328 AB 8.891466920160026 1.2062223370028156
61855.2203 lsst_hardware_i -27.57857033810394 32.70000076293945 31.239999771118164 AB 7.665804100041857 1.1746708533986578
61857.1939 lsst_hardware_z -37.70068521726452 44.08000183105469 30.93000030517578 AB 8.761333277789474 1.2155012871517203
61857.2116 lsst_hardware_i 30.98235709703863 32.689998626708984 31.239999771118164 AB 9.045020518962433 1.1794775952745935
61861.2486 lsst_hardware_r 29.73873674479892 24.790000915527344 31.479999542236328 AB 4.874736953679747 1.159133742403949
61861.2667 lsst_hardware_i -23.34987909389021 32.84000015258789 31.229999542236328 AB 5.540529255907273 1.1793378577921234
61865.246 lsst_hardware_g 26.347805424700343 15.619999885559082 31.420000076293945 AB 8.218843586673314 1.1664552351225252
61865.2649 lsst_hardware_r -24.809857281844412 25.06999969482422 31.489999771118164 AB 8.267297420719204 1.1957329217123525
61867.2105 lsst_hardware_r -111.54311053799883 68.69000244140625 31.6200008392334 AB 10.0165178490883 1.155141167546565
61867.2286 lsst_hardware_i -9.691172635969773 58.75 31.299999237060547 AB 10.057383142024534 1.1569630226170027
61873.1145 lsst_hardware_r 120.5138109059472 85.83999633789062 31.59000015258789 AB 9.863258001693945 1.348729386256522
61873.1413 lsst_hardware_i -62.67921982486025 122.3499984741211 32.4900016784668 AB 10.47963432619042 1.2404380737254392
61873.166 lsst_hardware_r -17.071332599742988 84.37000274658203 31.6299991607666 AB 9.999612940035684 1.1825697770811885
61875.2043 lsst_hardware_z -86.8409644805111 70.5999984741211 31.709999084472656 AB 11.442771510922848 1.155835506153823
61877.1927 lsst_hardware_g -10.786293910668617 25.479999542236328 31.579999923706055 AB 15.793125513936046 1.1542291811347098
61877.209 lsst_hardware_r -18.068990104444953 33.61000061035156 31.559999465942383 AB 15.405371458603467 1.1623186553948595
61882.1984 lsst_hardware_g -8.544680934810879 15.520000457763672 31.43000030517578 AB 10.680927772819771 1.165213306367727
61882.2184 lsst_hardware_r -41.59955171002698 24.979999542236328 31.479999542236328 AB 9.990317348956694 1.1955622413335494
61884.1881 lsst_hardware_i -28.847892181473746 32.5 31.239999771118164 AB 9.199284107803466 1.1608295665861341
61884.2057 lsst_hardware_r -57.52863359330918 24.940000534057617 31.489999771118164 AB 9.355752196116644 1.1822272266690506
61886.1869 lsst_hardware_u 8.013879880746275 2.7699999809265137 28.399999618530273 AB 7.4590773413512785 1.1646316240269508
61887.0909 lsst_hardware_r -4.955273317313675 35.4900016784668 32.220001220703125 AB 5.731579287120212 1.2828782467954587
61887.1047 lsst_hardware_i -16.52265297525525 33.04999923706055 31.229999542236328 AB 5.449294670926873 1.2355276433345137
61890.1555 lsst_hardware_i 11.780788102563006 32.599998474121094 31.239999771118164 AB 12.027070866086612 1.1540910031029494
61890.1733 lsst_hardware_z -33.9154138225763 43.720001220703125 30.940000534057617 AB 12.865201277009337 1.1621418917377058
61893.1092 lsst_hardware_g -7.669050254304063 28.190000534057617 31.579999923706055 AB 15.60160076961321 1.1863433023810517
61893.129 lsst_hardware_r 32.32529264894275 32.630001068115234 31.549999237060547 AB 13.181584449387717 1.160989492404511
61894.1706 lsst_hardware_i -6.10603236959878 42.77000045776367 31.280000686645508 AB 10.689054786057515 1.1708793091008605
61894.1831 lsst_hardware_r 35.99474725204103 40.560001373291016 31.56999969482422 AB 10.868887745707514 1.1905782156705234
61896.1715 lsst_hardware_z -198.08366090509818 93.4000015258789 31.719999313354492 AB 3.850634631962929 1.1799094934772265
61900.1487 lsst_hardware_z 25.123545622523576 83.20999908447266 30.979999542236328 AB 8.157954442582023 1.1646594885608743
61900.1667 lsst_hardware_r -168.88215236679733 125.06999969482422 31.6200008392334 AB 7.498064265966095 1.1905468824969982
61909.0884 lsst_hardware_g -2.784605748278389 15.039999961853027 31.399999618530273 AB 9.294956907328531 1.1587434202302294
61909.1085 lsst_hardware_r 0.6520001058841243 24.34000015258789 31.479999542236328 AB 9.252070189418772 1.1548486787017127
61919.0799 lsst_hardware_u 9.601849797881357 2.7100000381469727 28.3700008392334 AB 11.118551703158465 1.1545444514066245
61925.002 lsst_hardware_z 84.12867187349772 104.56999969482422 31.719999313354492 AB 13.949042347105088 1.2324290101992421
61925.0155 lsst_hardware_r -23.14930558573207 94.43000030517578 31.6200008392334 AB 13.461380827133507 1.1986537300159967
61927.0385 lsst_hardware_i -45.68500061319269 85.44000244140625 31.309999465942383 AB 5.114435628396706 1.159254042929252
61927.0577 lsst_hardware_z -171.02428827688777 75.44000244140625 30.979999542236328 AB 4.806468083461693 1.1544759207674204
61942.9959 lsst_hardware_z -14.716607459318476 43.16999816894531 30.940000534057617 AB 5.928790940383469 1.1585326703242889
61943.0177 lsst_hardware_i -3.22082955968882 32.560001373291016 31.239999771118164 AB 3.572115677835713 1.1554947336449997
61945.9846 lsst_hardware_u 2.4523815672209675 2.7799999713897705 28.3799991607666 AB 5.835283570290343 1.160749972540598
61946.0 lsst_hardware_g 13.041533621380541 15.640000343322754 31.420000076293945 AB 5.886134440662686 1.1541440079730758
61948.0 lsst_hardware_r -26.028007227339263 25.510000228881836 31.5 AB 9.581641671096156 1.1544146591682114
61948.0204 lsst_hardware_i 78.73225261734137 33.18000030517578 31.239999771118164 AB 9.577846502145764 1.1676028894484656
61956.9616 lsst_hardware_y 61.207414838200194 58.5099983215332 30.010000228881836 AB 7.534565912403484 1.1563768218760144
61956.9846 lsst_hardware_z 25.379799203470796 62.060001373291016 30.969999313354492 AB 7.558123812454753 1.1579486473132425
61958.9626 lsst_hardware_y -23.119089556054835 56.4900016784668 30.010000228881836 AB 1.6369002588776478 1.1543725379955203
61958.9841 lsst_hardware_i 101.21251098029914 63.369998931884766 31.299999237060547 AB 1.634012644850937 1.1614827471988654
