data/validation/pwv_sim_epoch_fit_seasonal/13374551.ecsv
# %ECSV 0.9
# ---
# datatype:
# - {name: time, datatype: float64}
# - {name: band, datatype: string}
# - {name: flux, datatype: float64}
# - {name: fluxerr, datatype: float64}
# - {name: zp, datatype: float64}
# - {name: zpsys, datatype: string}
# - {name: pwv, datatype: float64}
# - {name: airmass, datatype: float64}
# meta: {SNID: '13374551', alt: 1024.0, c: -0.014747854322195053, dec: -46.768478, lat: -30.244573, lon: -70.7499537, ra: 275.259735,
#   t0: 61904.26171875, x0: 3.120498622071456e-06, x1: 0.8305350542068481, z: 0.7436803579330444}
# schema: astropy-2.0
time band flux fluxerr zp zpsys pwv airmass
61866.3984 lsst_hardware_r -0.965239004968432 23.5 31.5 AB 20.432764350614868 1.050811368138694
61866.412 lsst_hardware_y -5.177359748987112 53.11000061035156 30.059999465942383 AB 20.315972006372487 1.0445587855473617
61872.4034 lsst_hardware_z -23.12217388795839 61.99620832514291 30.989999771118164 AB 6.538072901259998 1.0431291773379598
61872.4154 lsst_hardware_y 172.32357225942664 62.512859599333375 30.06999969482422 AB 6.522144756457679 1.043960745331361
61878.4029 lsst_hardware_g 36.87494806195682 29.240206496902843 31.639999389648438 AB 13.563474403057443 1.0450188946175878
61878.4138 lsst_hardware_r 18.310249314931493 35.76503605498183 31.59000015258789 AB 13.60023896256626 1.050076357938458
61880.4051 lsst_hardware_z 127.2700432991256 43.587115383554895 30.950000762939453 AB 4.926774317433091 1.0482498547729981
61880.417 lsst_hardware_y 0.8850304206386497 52.471285355239054 30.049999237060547 AB 4.574930452817359 1.0563219701725604
61883.3906 lsst_hardware_i 398.8747731415751 36.00853377729887 31.25 AB 5.9553926877512735 1.0454782645710001
61883.4019 lsst_hardware_u 1.0058916271607408 2.953820413187241 28.479999542236328 AB 5.9104233780953495 1.0511779780819333
61885.385 lsst_hardware_g 61.94902314036166 16.231871197513634 31.420000076293945 AB 15.364313493428552 1.0454284527168443
61885.396 lsst_hardware_r 375.5519715896772 29.7488474981651 31.489999771118164 AB 15.387706944378 1.0508934228702749
61888.3785 lsst_hardware_i 674.536097269246 39.53228671911474 31.25 AB 5.253678553577246 1.0460632946659414
61888.3899 lsst_hardware_r 541.9313989481738 32.16165584857917 31.489999771118164 AB 5.284076393952626 1.0522904299417757
61889.366 lsst_hardware_u -5.589574627595336 3.837575909636443 29.200000762939453 AB 11.8837339900682 1.0434090953583646
61889.3751 lsst_hardware_g 189.89837333490377 25.341997256810878 32.18000030517578 AB 13.064167653040933 1.045802725987907
61895.3277 lsst_hardware_r 836.294635576974 36.7193067422518 31.5 AB 8.760339602697696 1.0463542778461818
61895.3409 lsst_hardware_i 1095.9902698704686 43.76288974590895 31.25 AB 6.965259687307073 1.0431069431502231
61897.3669 lsst_hardware_i 1057.184939231595 46.72644332306225 31.260000228881836 AB 6.262563528715136 1.0534169097922852
61897.3789 lsst_hardware_z 674.3082605314482 48.516158289801126 30.940000534057617 AB 7.402007058962941 1.0642203190304238
61899.3326 lsst_hardware_z 1355.5229479987431 99.31119765885188 31.739999771118164 AB 8.636683754000718 1.0429937711135235
61903.3233 lsst_hardware_r 911.2043264092952 92.13366372375552 31.65999984741211 AB 7.27448482360593 1.0430116601341932
61903.3354 lsst_hardware_i 1193.0656934170977 80.3498598893527 31.329999923706055 AB 6.426837743852784 1.0452692110031363
61908.3152 lsst_hardware_i 1087.524962043371 46.51772001716883 31.260000228881836 AB 8.30038986193293 1.0435819408370806
61908.3267 lsst_hardware_z 722.8378548755388 49.71629800205511 30.950000762939453 AB 8.246455919778976 1.0472798289485075
61910.3086 lsst_hardware_r 665.7913592620281 34.79099501733907 31.5 AB 7.3202399378744 1.0434009105048498
61910.3194 lsst_hardware_g 89.44135245466269 18.019636144891944 31.450000762939453 AB 7.381721226029409 1.0464589206166568
61926.2877 lsst_hardware_r 402.38638197654177 66.52249876094179 31.639999389648438 AB 6.522384934872363 1.053399270783287
61926.3001 lsst_hardware_z 407.5225201613136 57.66893975746345 30.969999313354492 AB 6.756087173020644 1.0646213635393127
61944.2098 lsst_hardware_g 38.344892554585584 15.197155188433497 31.440000534057617 AB 3.2324280495123365 1.0429991017517621
61944.2229 lsst_hardware_r 93.25332223793542 25.142724618557974 31.5 AB 3.2545716607745723 1.0450858958869378
61947.2009 lsst_hardware_i 182.5679810340956 33.57737543692761 31.25 AB 6.384885623149053 1.0430121221060453
61947.2134 lsst_hardware_z 199.38292638147672 43.51826666860008 30.950000762939453 AB 6.177888974550778 1.0446799460939622
61950.104 lsst_hardware_i 149.27526645725953 34.844769450220625 31.239999771118164 AB 4.541414244809867 1.1538634541121529
61950.1104 lsst_hardware_z 129.90433843934667 44.74861283638179 30.940000534057617 AB 4.475762811462804 1.137616574971483
61958.1552 lsst_hardware_i 246.0683994624318 110.14201861935301 31.34000015258789 AB 1.883833693306055 1.0465742740589195
61958.167 lsst_hardware_r 71.4495735747212 132.643381418066 31.65999984741211 AB 2.303623090426492 1.0433075590699694
61960.1819 lsst_hardware_z 114.91639895373054 75.83993659687167 31.0 AB 2.707206107591961 1.0460610925779956
61960.1944 lsst_hardware_r 3.4157477389263855 111.19365956655848 31.65999984741211 AB 2.7253197831161162 1.053060194403403
61962.1344 lsst_hardware_g 52.16322793295229 68.07146405787934 31.719999313354492 AB 7.879436672403983 1.052087859053407
61962.1469 lsst_hardware_r -7.773416088622108 66.01013360832981 31.649999618530273 AB 7.8303949416850775 1.0455396486138167
61964.128 lsst_hardware_i 29.48818460478465 39.06866976406652 31.280000686645508 AB 6.849254757838229 1.0527462387004394
61964.14 lsst_hardware_z 122.01916276924379 46.4740530456744 30.959999084472656 AB 6.8006095185916475 1.0460866818322792
61965.138 lsst_hardware_i 149.47013239760847 32.09164245335632 31.25 AB 7.8505801729753255 1.045802800542888
61965.1517 lsst_hardware_u -3.9040970376371624 3.6772633991423214 28.6299991607666 AB 7.848878457947945 1.0430172254808903
61974.1291 lsst_hardware_g -10.568905126894293 14.182225529762817 31.420000076293945 AB 6.0494787862299 1.0430135838327415
61974.1401 lsst_hardware_r 53.970171282373926 23.68716206101211 31.5 AB 6.059901659672072 1.0448106309779435
61976.1311 lsst_hardware_i 14.909895535321366 31.740903707217047 31.25 AB 5.75655667363485 1.0438945822168555
61976.1431 lsst_hardware_r 2.6361648681571137 23.627280689683403 31.489999771118164 AB 5.913010568499479 1.0483131935997658
61978.1139 lsst_hardware_z -29.95968998071014 41.95118923551005 30.950000762939453 AB 3.185090332908743 1.0431518557561386
61978.1264 lsst_hardware_u -1.5273227995860497 2.7199032530977987 28.43000030517578 AB 3.375810075960514 1.0440649719465507
61979.1136 lsst_hardware_g -5.327633544372742 15.996210483622887 31.459999084472656 AB 3.9634632576497633 1.0430166467499378
61979.1257 lsst_hardware_r 13.270463319834896 24.560162749302147 31.5 AB 3.8649879935099265 1.0445913495972774
61981.1103 lsst_hardware_i 77.01999797168034 38.61890364053151 31.280000686645508 AB 5.42372135112478 1.0430233367547654
61981.1223 lsst_hardware_z 56.79808879053323 45.313720595056346 30.950000762939453 AB 5.43521779156512 1.0452341906856
61983.1145 lsst_hardware_i 90.64485898127984 58.58080359288571 31.31999969482422 AB 4.227494348106269 1.0445135104858185
61983.1269 lsst_hardware_z 18.174727682127557 56.95712458300853 30.979999542236328 AB 4.241454577389778 1.049951624075364
61987.1126 lsst_hardware_z 223.47939722611767 114.0532673946399 31.739999771118164 AB 2.477648094769307 1.0480744901731418
61990.0513 lsst_hardware_r 83.66567381722028 76.76902174902963 31.649999618530273 AB 3.470622228069643 1.0572569744322633
61990.0634 lsst_hardware_g -88.48183870796922 83.73208452266896 31.729999542236328 AB 3.537031054765185 1.0487342522529703
61992.0544 lsst_hardware_r -19.523124445115002 22.8799991607666 31.5 AB 3.394165838021225 1.0508253368486764
61992.0659 lsst_hardware_i -70.07631917020124 39.939998626708984 31.299999237060547 AB 3.4863518468901065 1.0452261570649397
61994.0532 lsst_hardware_z 68.35144552953619 41.119998931884766 30.950000762939453 AB 3.459550355050228 1.048348592439463
61994.0642 lsst_hardware_i 0.632300883417452 30.559999465942383 31.25 AB 3.4456585367998525 1.04413895054541
61995.0467 lsst_hardware_u 1.898525028180343 2.819999933242798 28.540000915527344 AB 2.70455219672176 1.0505155163030049
61995.0572 lsst_hardware_g -14.56245642739255 14.220000267028809 31.450000762939453 AB 2.622389593710383 1.045401472477729
61997.0551 lsst_hardware_r 16.58957178487202 22.799999237060547 31.5 AB 3.8641636703242304 1.0443685595470893
61997.0662 lsst_hardware_i 34.25280937353549 30.56999969482422 31.25 AB 3.859157973168792 1.0430156684239977
62005.9732 lsst_hardware_i 31.77195252021847 41.84000015258789 31.290000915527344 AB 2.8548390020288115 1.1039593975362765
62005.975 lsst_hardware_z 0.2651080534232987 50.720001220703125 30.959999084472656 AB 2.861638886037951 1.1006303407838274
62006.0762 lsst_hardware_i -9.918634167819873 30.670000076293945 31.25 AB 2.711736955842989 1.059168813921683
62006.0795 lsst_hardware_u 0.21505077034770786 2.740000009536743 28.469999313354492 AB 2.72922425697918 1.0623683366987855
62011.0344 lsst_hardware_r 13.410181670956472 54.40999984741211 31.639999389648438 AB 5.164104306148923 1.0436750820834524
62011.0449 lsst_hardware_i -5.864965269125663 49.540000915527344 31.31999969482422 AB 5.863373131701553 1.0470309163752773
62013.0323 lsst_hardware_z 63.99170739222865 84.52999877929688 31.739999771118164 AB 2.933137240587155 1.0444405604464646
62020.976 lsst_hardware_y 69.34687664731999 74.47000122070312 30.06999969482422 AB 2.613409112159092 1.0503352316266696
62020.9794 lsst_hardware_u 3.2133558624643426 8.420000076293945 29.18000030517578 AB 2.6157349190484753 1.0483907491176254
62024.0104 lsst_hardware_r 8.139709658367709 23.360000610351562 31.510000228881836 AB 2.080160269476084 1.0474999258796898
62024.0213 lsst_hardware_i -26.081970183742524 31.06999969482422 31.25 AB 2.0558960994527093 1.0543056920270304
62234.4003 lsst_hardware_i -0.28651611045593744 31.90999984741211 31.260000228881836 AB 8.78099250894049 1.0459788575271578
62234.4129 lsst_hardware_y 42.128589590626255 54.150001525878906 30.049999237060547 AB 8.797303987933677 1.0430761190341094
62236.4073 lsst_hardware_g -26.947708287795933 16.25 31.5 AB 4.567847924867733 1.0430861103408713
62236.4177 lsst_hardware_z 10.37815543117845 55.65999984741211 30.979999542236328 AB 4.887545009008441 1.0437153451987986
62238.4054 lsst_hardware_i 7.579271612301237 31.1299991607666 31.260000228881836 AB 6.519210247703893 1.0429902004165896
62238.4182 lsst_hardware_y -37.385940603158325 62.060001373291016 30.059999465942383 AB 6.52840465426364 1.0453252542053224
62242.3964 lsst_hardware_r -45.255593380840324 23.25 31.510000228881836 AB 16.83519456576112 1.0430727735911476
62242.4078 lsst_hardware_y 67.73757081154704 47.7599983215332 30.049999237060547 AB 16.863622661044367 1.0455088834312336
62248.3858 lsst_hardware_r -3.0451628366182426 22.829999923706055 31.489999771118164 AB 6.354426805487872 1.0438912161465148
62248.3993 lsst_hardware_u 2.236567843035935 2.6700000762939453 28.389999389648438 AB 6.349213260359578 1.0491532631651306
62250.3712 lsst_hardware_g -9.304581402990715 14.149999618530273 31.420000076293945 AB 9.65730762747635 1.0429902667577124
62250.3824 lsst_hardware_r 2.269721603139538 22.920000076293945 31.489999771118164 AB 10.32788600952612 1.0443900335755807
62252.3887 lsst_hardware_i -76.17372241905748 43.279998779296875 32.0 AB 4.218417134150495 1.0493357436580075
62252.401 lsst_hardware_z 46.38157025559169 58.61000061035156 31.700000762939453 AB 4.246119314234529 1.058398732308885
62257.3767 lsst_hardware_z -37.757434274172404 68.62000274658203 30.989999771118164 AB 9.321395485071683 1.0503178071030461
62257.3893 lsst_hardware_i -86.52036584368362 76.08000183105469 31.329999923706055 AB 9.419518997522962 1.0602094261621304
62259.3269 lsst_hardware_z -76.68879112277973 56.7599983215332 30.979999542236328 AB 13.098382921987218 1.0483458838930089
62259.3397 lsst_hardware_r -13.954895252265745 67.25 31.649999618530273 AB 12.083798597300316 1.0437312543554582
62261.327 lsst_hardware_i 36.516499696148585 37.599998474121094 31.290000915527344 AB 8.710646083463924 1.045821357121374
62261.3388 lsst_hardware_r -10.94115383851261 36.29999923706055 31.600000381469727 AB 6.978030190867677 1.0431058135733235
62264.3254 lsst_hardware_u 0.3502473713402172 2.9100000858306885 28.530000686645508 AB 10.073813545412616 1.0438644158761492
62264.3372 lsst_hardware_g -31.312684313824963 15.470000267028809 31.469999313354492 AB 10.767480381872382 1.043141496314312
62266.3119 lsst_hardware_r 0.544156270747284 22.979999542236328 31.510000228881836 AB 7.115539333620472 1.0464028431794812
62266.3238 lsst_hardware_i 33.7174897003545 30.68000030517578 31.260000228881836 AB 7.09400527156932 1.0432360693484295
62270.3223 lsst_hardware_u 2.398399045072723 2.75 28.479999542236328 AB 7.075155440231962 1.043302431649701
62270.3352 lsst_hardware_g -6.1420941769599855 14.220000267028809 31.440000534057617 AB 8.36733804687204 1.047084318589106
62272.3041 lsst_hardware_g 0.9167853579915286 14.029999732971191 31.43000030517578 AB 3.8874614133362244 1.0437539034330041
62272.3164 lsst_hardware_r 3.766066408257679 22.809999465942383 31.5 AB 3.946610846998168 1.0432489682786592
62277.3001 lsst_hardware_i 33.1565732760983 30.549999237060547 31.25 AB 6.996656071908328 1.0430316147746947
62277.3122 lsst_hardware_r 40.37659686738401 22.969999313354492 31.5 AB 6.920119277794138 1.0454931678191248
62280.3075 lsst_hardware_r 112.96334327669956 38.029998779296875 31.600000381469727 AB 7.534917280401874 1.0469040311784745
62280.3204 lsst_hardware_i -26.84783126850843 38.439998626708984 31.280000686645508 AB 7.561051812784698 1.05488329248727
62283.301 lsst_hardware_z 114.71375739091596 107.58999633789062 31.75 AB 4.2155990525828235 1.0477008663531435
62285.295 lsst_hardware_r -228.29023714585776 128.2899932861328 31.65999984741211 AB 9.006574486353811 1.0474384966297656
62285.3078 lsst_hardware_z 37.610058053705906 87.29000091552734 31.0 AB 9.051898351242702 1.0557278252768625
62288.2865 lsst_hardware_i -23.885922693453203 52.06999969482422 31.309999465942383 AB 6.486314664619081 1.0472918283583619
62288.2984 lsst_hardware_r 57.31916161896641 59.91999816894531 31.639999389648438 AB 7.183961269298897 1.0547586652912784
62291.2786 lsst_hardware_z -32.75194716528569 42.849998474121094 30.950000762939453 AB 11.94515776206504 1.0474303669303144
62291.2914 lsst_hardware_g -13.758427171442898 25.579999923706055 31.610000610351562 AB 12.122754146197362 1.0557131538968354
62302.2277 lsst_hardware_r -11.456445689607069 23.280000686645508 31.5 AB 12.099424423505928 1.04305382961258
62302.24 lsst_hardware_g 4.39348795545637 14.470000267028809 31.440000534057617 AB 12.113654984400663 1.0442806021035054
62304.2305 lsst_hardware_r 9.922868613944797 23.350000381469727 31.510000228881836 AB 5.388990245087992 1.043451116434948
62304.2421 lsst_hardware_i 3.8317729904159914 30.959999084472656 31.25 AB 5.374847034040196 1.0469631427398036
62306.2307 lsst_hardware_z 10.346493835912497 41.47999954223633 30.959999084472656 AB 3.580645944684785 1.0447323316527943
62306.2439 lsst_hardware_i 11.377379349728486 31.049999237060547 31.260000228881836 AB 3.6299393393363504 1.0509378515738974
62308.2208 lsst_hardware_z 0.9559130078967333 45.95000076293945 30.959999084472656 AB 3.0214785049898194 1.0436585607748332
62308.2328 lsst_hardware_g -39.72336636065914 36.939998626708984 31.670000076293945 AB 3.011268086204556 1.0477316545696895
62314.1985 lsst_hardware_r -48.36462911094435 126.0 31.65999984741211 AB 7.744371977575495 1.043013060952943
62314.2112 lsst_hardware_z 45.79820037863293 82.3499984741211 31.0 AB 7.552375058808789 1.0455043688074854
62315.1925 lsst_hardware_r 179.4926804860375 94.13999938964844 31.65999984741211 AB 6.052067675557798 1.0430403301357727
62315.2056 lsst_hardware_i 61.34932608305672 75.3499984741211 31.34000015258789 AB 6.229785135426001 1.0445795076657753
62323.1862 lsst_hardware_z -98.48396248172438 41.4900016784668 30.950000762939453 AB 5.082342135682306 1.0453550723010467
62323.1982 lsst_hardware_i 10.958378115449698 31.0 31.25 AB 5.122455092754076 1.051407038742604
62330.1317 lsst_hardware_z -10.176020252965461 41.369998931884766 30.950000762939453 AB 6.845870698140379 1.0490951954854615
62330.1442 lsst_hardware_r 3.1109212773244583 23.239999771118164 31.510000228881836 AB 6.813282139894107 1.0441011631130346
