data/validation/pwv_sim_epoch_fit_seasonal/13385262.ecsv
# %ECSV 0.9
# ---
# datatype:
# - {name: time, datatype: float64}
# - {name: band, datatype: string}
# - {name: flux, datatype: float64}
# - {name: fluxerr, datatype: float64}
# - {name: zp, datatype: float64}
# - {name: zpsys, datatype: string}
# - {name: pwv, datatype: float64}
# - {name: airmass, datatype: float64}
# meta: {SNID: '13385262', alt: 1024.0, c: -0.014645014889538288, dec: -42.410164, lat: -30.244573, lon: -70.7499537, ra: 58.87352, t0: 62088.26171875,
#   x0: 6.307730325907861e-06, x1: 0.6636124849319458, z: 0.5573272109031677}
# schema: astropy-2.0
time band flux fluxerr zp zpsys pwv airmass
[from data line 133]
62461.2941 lsst_hardware_r 109.17932941017888 89.47000122070312 31.6200008392334 AB 4.902223970144349 1.1734826978203983
62466.1672 lsst_hardware_z 20.942371510808922 44.63999938964844 30.959999084472656 AB 4.7272317450606165 1.0245409070351523
62466.1805 lsst_hardware_r -14.502030441619711 41.31999969482422 31.6200008392334 AB 4.733234415630043 1.0226649799703895
62468.2405 lsst_hardware_g -40.27862030814781 29.6200008392334 31.6200008392334 AB 4.298226764407685 1.0844523185084796
62468.2525 lsst_hardware_r -35.40906493399691 33.02000045776367 31.559999465942383 AB 4.885931943499011 1.1101867628945457
62473.2345 lsst_hardware_i 43.34691508314511 30.40999984741211 31.239999771118164 AB 6.932429967608967 1.1002669026544065
62473.2462 lsst_hardware_z -40.47606723985283 42.279998779296875 30.940000534057617 AB 7.112557360063298 1.1285934834057068
62475.2352 lsst_hardware_r 27.071848930541506 21.850000381469727 31.459999084472656 AB 2.9794280480132906 1.1145340121624578
62475.2464 lsst_hardware_g -24.357906603599197 12.869999885559082 31.34000015258789 AB 2.993318912957391 1.1442350584698149
62477.2076 lsst_hardware_r 12.196948371316676 21.670000076293945 31.479999542236328 AB 4.360774843216833 1.069516393856211
62477.2177 lsst_hardware_u 1.2104322187910501 2.5799999237060547 28.3799991607666 AB 4.588019865510417 1.087938947676659
62481.1759 lsst_hardware_z -49.19254071646784 40.630001068115234 30.950000762939453 AB 10.521623967183938 1.0417449472459346
62481.1895 lsst_hardware_r -0.3070955218990122 21.489999771118164 31.469999313354492 AB 10.690198838441974 1.0584355285586113
62485.1761 lsst_hardware_r 37.78987733214645 43.61000061035156 31.6200008392334 AB 8.402669962261365 1.0549831099499178
62485.1864 lsst_hardware_i 48.52965768393094 41.290000915527344 31.290000915527344 AB 8.54006606796134 1.0705925847512296
62487.168 lsst_hardware_z -23.338259814015437 51.45000076293945 30.969999313354492 AB 9.005753036180822 1.0515109358713344
62487.1808 lsst_hardware_r -141.18734197010593 59.790000915527344 31.6299991607666 AB 9.184137506733542 1.0703603173971337
62491.1171 lsst_hardware_z 44.247885976502026 83.29000091552734 31.729999542236328 AB 3.171792783797291 1.023158962515255
62493.1126 lsst_hardware_r -13.369548043222306 63.56999969482422 31.649999618530273 AB 4.363478457868619 1.0233298447158554
62493.1249 lsst_hardware_z -56.540573083953305 52.2400016784668 30.979999542236328 AB 4.395597376541884 1.027689056589304
62497.1111 lsst_hardware_g -17.250650285138175 12.779999732971191 31.399999618530273 AB 5.1399979876134605 1.0263061923053882
62497.1238 lsst_hardware_r -22.419047069011416 21.479999542236328 31.489999771118164 AB 5.199523930573765 1.0341137491197465
62499.098 lsst_hardware_i 42.39943864687005 29.549999237060547 31.260000228881836 AB 7.677845314671908 1.023712708622921
62499.1115 lsst_hardware_z -18.27909096481082 40.47999954223633 30.950000762939453 AB 7.720217018862586 1.0293622691816782
62503.1021 lsst_hardware_g -5.491615145782919 12.6899995803833 31.3799991607666 AB 5.216717223648104 1.0303100229394369
62503.1158 lsst_hardware_i -12.296387504127178 29.610000610351562 31.239999771118164 AB 5.298462171912215 1.0417227175054735
62507.0916 lsst_hardware_r -13.305014770784089 21.40999984741211 31.479999542236328 AB 8.854612617648483 1.0305847744154508
62507.1039 lsst_hardware_u -1.4617729266940136 2.559999942779541 28.389999389648438 AB 8.921516669350739 1.040733756194432
62509.0894 lsst_hardware_g -23.536008115331693 12.869999885559082 31.389999389648438 AB 5.934153277345756 1.0328649241144852
62509.1011 lsst_hardware_r 6.467447488350925 21.540000915527344 31.479999542236328 AB 5.965303605476612 1.0434933420658796
62510.0788 lsst_hardware_i -1.7331698341556652 29.959999084472656 31.25 AB 8.770053416691171 1.027861087239655
62510.0912 lsst_hardware_z -15.475233780281027 40.720001220703125 30.940000534057617 AB 6.780668346037987 1.0365220844633298
62512.0704 lsst_hardware_r 4.586010347714766 28.3700008392334 31.56999969482422 AB 6.363837375997542 1.02642538322541
62512.0827 lsst_hardware_z 75.944698756929 42.09000015258789 30.959999084472656 AB 6.410840855640755 1.0340065896194766
62514.0696 lsst_hardware_z -48.1960518903076 44.79999923706055 30.969999313354492 AB 2.1741384111911626 1.0288126871837988
62514.0831 lsst_hardware_i -76.11000224686295 38.959999084472656 31.299999237060547 AB 2.306526242335174 1.0390927997905954
62519.0745 lsst_hardware_y -40.167802550180895 72.7300033569336 30.799999237060547 AB 4.072623577888143 1.0442624558687545
