data/validation/pwv_sim_epoch_fit_seasonal/13473485.ecsv
# %ECSV 0.9
# ---
# datatype:
# - {name: time, datatype: float64}
# - {name: band, datatype: string}
# - {name: flux, datatype: float64}
# - {name: fluxerr, datatype: float64}
# - {name: zp, datatype: float64}
# - {name: zpsys, datatype: string}
# - {name: pwv, datatype: float64}
# - {name: airmass, datatype: float64}
# meta: {SNID: '13473485', alt: 1024.0, c: -0.0035419047344475985, dec: -1.940072, lat: -30.244573, lon: -70.7499537, ra: 13.710938, t0: 61334.90234375,
#   x0: 3.2708750947215035e-06, x1: -0.5370355248451233, z: 0.7298434376716614}
# schema: astropy-2.0
time band flux fluxerr zp zpsys pwv airmass
61232.4133 lsst_hardware_r -36.010760037626355 25.84000015258789 31.510000228881836 AB 10.427729089468047 1.145002553608116
61232.4335 lsst_hardware_y 76.3916051221073 50.04999923706055 30.020000457763672 AB 10.477326769297251 1.1374180936109548
61234.4098 lsst_hardware_g 7.144889087098128 16.290000915527344 31.450000762939453 AB 7.021251908432734 1.1434642921284512
61234.4304 lsst_hardware_z -27.873176242974164 44.56999969482422 30.950000762939453 AB 7.319704240041461 1.1377189119799356
61236.4117 lsst_hardware_i 9.757827951759422 32.650001525878906 31.25 AB 5.380050859314157 1.1392378738621827
61236.4304 lsst_hardware_y -110.16364106685518 49.45000076293945 30.020000457763672 AB 5.221886049871883 1.139362024045649
61239.4134 lsst_hardware_r 4.410531534434435 25.299999237060547 31.489999771118164 AB 2.1209122968262752 1.1373708522997303
61239.4329 lsst_hardware_y -114.55052704990811 50.849998474121094 30.0 AB 2.4666017337002395 1.146456766767483
61247.3684 lsst_hardware_r -44.49209106608718 64.31999969482422 32.34000015258789 AB 8.256107720740081 1.1486492214543544
61247.3896 lsst_hardware_y -30.998363454295802 70.19000244140625 30.760000228881836 AB 7.664654589165668 1.13740005033065
61250.3714 lsst_hardware_z 73.41964344578247 63.29999923706055 30.969999313354492 AB 4.820733223673068 1.14019234240136
61250.3906 lsst_hardware_r 5.457521884557429 88.33000183105469 31.6299991607666 AB 5.3521645352209894 1.1387584117491467
61252.3706 lsst_hardware_i -28.249659718220034 79.19999694824219 31.309999465942383 AB 4.495111461876076 1.1383391200462776
61252.392 lsst_hardware_z 12.319112167278472 69.97000122070312 30.979999542236328 AB 5.122891704529098 1.142227804800245
61254.3697 lsst_hardware_r -34.50331220809008 96.33999633789062 31.639999389648438 AB 1.5988923358627962 1.137461941567083
61254.3886 lsst_hardware_z 71.72367881913037 71.95999908447266 30.979999542236328 AB 2.1682356009274733 1.1436847125771288
61259.361 lsst_hardware_z -60.92558040299784 44.310001373291016 30.940000534057617 AB 4.863049092285466 1.1375553432246706
61259.3824 lsst_hardware_r -6.281940377285667 29.209999084472656 31.530000686645508 AB 3.592583693251632 1.1505779262595635
61265.3251 lsst_hardware_g 15.008739741249094 15.369999885559082 31.440000534057617 AB 4.199042218901027 1.1435300160405846
61265.3444 lsst_hardware_r -29.482527854809184 24.65999984741211 31.5 AB 5.332748455750491 1.137531667182272
61267.321 lsst_hardware_i -28.912783935759837 32.20000076293945 31.239999771118164 AB 5.396314831269866 1.142560836601758
61267.3418 lsst_hardware_z -47.271960701982714 43.02000045776367 30.940000534057617 AB 6.339523781652337 1.1380529183470671
61269.319 lsst_hardware_r -40.55763460993785 24.690000534057617 31.5 AB 4.770308625898188 1.1404718488788925
61269.3379 lsst_hardware_u 0.7348600104384744 2.7799999713897705 28.40999984741211 AB 5.066853008954208 1.1384907333904524
61273.3227 lsst_hardware_g 15.571047623091719 15.079999923706055 31.420000076293945 AB 1.6331444923751515 1.137551306506955
61273.3434 lsst_hardware_i -35.11581128726083 32.09000015258789 31.239999771118164 AB 2.108917675877757 1.149743860366775
61275.3175 lsst_hardware_z -58.99679271662978 46.75 30.940000534057617 AB 2.275551514464076 1.1375861595387815
61275.3366 lsst_hardware_r 2.2116835975085167 34.65999984741211 31.559999465942383 AB 2.30572470131419 1.1483645893488121
61277.2774 lsst_hardware_r -19.164076150023202 65.1500015258789 31.610000610351562 AB 3.77756212887836 1.1598287162659995
61277.2969 lsst_hardware_y 92.47420894634122 51.83000183105469 30.020000457763672 AB 2.8271981161732587 1.1406124729047573
61279.2502 lsst_hardware_z 189.35952785428225 103.12000274658203 31.719999313354492 AB 3.1288515711474214 1.203404450441316
61279.2676 lsst_hardware_r -90.52141307754322 149.60000610351562 32.380001068115234 AB 3.0330754072697017 1.1665674643345005
61285.259 lsst_hardware_i -42.14466000250675 57.0099983215332 31.299999237060547 AB 3.370992794319427 1.1551418810312437
61285.2761 lsst_hardware_z 74.16828342756041 56.40999984741211 30.969999313354492 AB 3.3086036825297116 1.140078799435938
61287.2453 lsst_hardware_z -4.415430205709659 44.970001220703125 30.940000534057617 AB 1.9887511155491255 1.1673358142530574
61287.2641 lsst_hardware_r 22.2924904259334 30.31999969482422 31.540000915527344 AB 2.5337577038478893 1.1442530651127
61306.1839 lsst_hardware_z -41.31952309159778 57.66482844084001 30.959999084472656 AB 2.4188579236336167 1.1857146684478512
61306.2036 lsst_hardware_r 30.749729677774123 69.83547555771743 31.6200008392334 AB 2.1984088173378193 1.152759703214063
61310.1783 lsst_hardware_i 6.777566839632118 136.82830360603154 31.31999969482422 AB 4.688699797117407 1.1748673536314238
61310.1981 lsst_hardware_z 83.98847783733633 111.7166889122811 30.989999771118164 AB 4.533567359203478 1.1470126145992354
61312.1769 lsst_hardware_z 234.98825155937374 74.2171329301169 30.969999313354492 AB 4.683560649925164 1.167582013443202
61312.1967 lsst_hardware_r 117.00189832361012 99.49931008868388 31.6299991607666 AB 4.631197691491184 1.1435997262715318
61314.1757 lsst_hardware_i 287.51408884159235 46.367182349603645 31.280000686645508 AB 5.525556677337022 1.1608312347346685
61314.1943 lsst_hardware_r 139.60518219244454 49.10721765336541 31.600000381469727 AB 5.425381099220254 1.1415246119027107
61316.1767 lsst_hardware_u 8.069117944863146 3.853042082200907 28.3700008392334 AB 3.3423957097332173 1.1522853515513276
61316.1963 lsst_hardware_g 60.77762852975171 18.326417570236668 31.440000534057617 AB 3.232580560359302 1.1382325916758107
61318.1714 lsst_hardware_r 323.8159684925967 31.488384797379535 31.5 AB 7.350389182549713 1.1520986179545005
61318.19 lsst_hardware_i 460.1762048536178 38.8815604187235 31.239999771118164 AB 6.956107417604368 1.138479119083992
61320.173 lsst_hardware_z 395.83025934721144 47.46561850093052 30.940000534057617 AB 5.234391547527638 1.1450678802358722
61320.1911 lsst_hardware_r 539.8602358784036 33.40667318155901 31.5 AB 5.223931914421451 1.1373887865927137
61322.1391 lsst_hardware_i 722.9809164339337 42.45408555103567 31.229999542236328 AB 4.167147236522648 1.188180555012873
61322.1573 lsst_hardware_u -2.60931802399982 3.432114315034439 28.350000381469727 AB 4.070182145802581 1.1560280650800228
61324.1427 lsst_hardware_g 189.57218961239045 20.313326079514233 31.43000030517578 AB 5.22510988665881 1.170062675224146
61324.1617 lsst_hardware_r 694.4049637264347 36.70699036436166 31.5 AB 5.035879388219666 1.1453857592614858
61327.145 lsst_hardware_i 1001.6693298973114 45.214625690422075 31.239999771118164 AB 9.586825192705831 1.1542974625990325
61327.1621 lsst_hardware_r 785.8764341088787 38.08185297365684 31.5 AB 9.518923197085053 1.139763304380569
61331.1375 lsst_hardware_r 882.7713001613708 43.030304179985045 31.549999237060547 AB 7.016871544285435 1.1503068105385958
61331.1564 lsst_hardware_i 1190.8817338839344 48.6384878875508 31.260000228881836 AB 7.003049514734463 1.137967096966926
61333.1365 lsst_hardware_z 775.9839501054109 55.17373931551838 30.950000762939453 AB 3.815555014487967 1.1459270240728703
61333.1535 lsst_hardware_r 855.8671437852603 54.08771175852145 31.600000381469727 AB 3.8167909415564663 1.1375295871914761
61336.1089 lsst_hardware_i 1436.8670560841756 90.88943127032594 31.309999465942383 AB 6.276778775904548 1.1719153801166524
61336.1261 lsst_hardware_z 882.572864980881 79.06293946054696 30.979999542236328 AB 5.6083595076368145 1.1479797712860003
61341.11 lsst_hardware_i 1104.172146248803 74.04145366190262 31.309999465942383 AB 4.368903950199266 1.150518947559498
61341.1262 lsst_hardware_r 726.3991984387179 84.9057749026133 31.6299991607666 AB 3.2563369119630337 1.1388116149435026
61344.1042 lsst_hardware_u -4.347928272918754 2.903387966891153 28.510000228881836 AB 5.686214689231741 1.1480344617871474
61344.1208 lsst_hardware_g 54.59755847579875 17.269984018241363 31.450000762939453 AB 5.770176929864273 1.1379897307688722
61351.0715 lsst_hardware_i 686.7498752621678 41.499723107619985 31.239999771118164 AB 4.250413649132152 1.1657744512153556
61351.0955 lsst_hardware_z 534.3606335259111 48.90751979927767 30.940000534057617 AB 5.230650626721525 1.1402791759738304
61356.0867 lsst_hardware_i 419.57534719781154 39.01607298410793 31.239999771118164 AB 3.962361855752102 1.1383371383534888
61356.1053 lsst_hardware_u -1.992883748495922 2.6652297160390503 28.329999923706055 AB 3.9762099346527604 1.1405952051211514
61359.0572 lsst_hardware_r 212.44780816586447 30.0815373516082 31.510000228881836 AB 6.21644693696505 1.154829451414648
61359.0752 lsst_hardware_i 430.6666664203889 38.72254287724056 31.25 AB 6.09714155972709 1.1395461283483408
61364.0592 lsst_hardware_z 184.3283313115734 66.78815361267179 30.969999313354492 AB 7.444398182945281 1.1406999795100912
61364.08 lsst_hardware_r 193.97009537269503 80.80680975518163 31.6299991607666 AB 7.628706201422542 1.1390095358717016
61368.0641 lsst_hardware_i 149.56916711355987 85.90944598606652 31.31999969482422 AB 8.56508909969253 1.1376634773345253
61368.0832 lsst_hardware_z 133.91253397851253 76.00798614173755 30.979999542236328 AB 8.684093150574812 1.1488921966716292
61370.0289 lsst_hardware_y 98.27390383810508 55.564033144502716 30.010000228881836 AB 5.456873178899283 1.152698178897338
61370.0479 lsst_hardware_g 16.36484097612475 32.9212674118197 31.6200008392334 AB 4.931260949717515 1.138508761670967
61372.0303 lsst_hardware_y 221.36277314805773 54.16727469778094 30.020000457763672 AB 5.064143931820304 1.1456691209366674
61372.0493 lsst_hardware_i 187.83935814308367 34.91220995810888 31.239999771118164 AB 4.362604210744924 1.13737834641837
61374.0317 lsst_hardware_z 200.8570725202775 50.51794042224447 30.950000762939453 AB 6.359418959420803 1.1408052667361743
61374.0515 lsst_hardware_u -1.1349880306318862 2.882785630804604 28.450000762939453 AB 5.635139259430827 1.1385844844029258
61376.0292 lsst_hardware_y 249.68870533482948 59.157668414704254 30.030000686645508 AB 7.863880752418129 1.139362612636714
61376.0479 lsst_hardware_r 77.3942437960696 25.969109451739072 31.5 AB 7.138293274974409 1.1392711509774553
61379.0317 lsst_hardware_y 239.2203735896292 56.997753152225535 30.030000686645508 AB 2.4732944154546583 1.1374083308598106
61379.0514 lsst_hardware_z 200.78743805492303 45.17455865883867 30.950000762939453 AB 1.7895652967156392 1.1471572414839275
61597.3529 lsst_hardware_i -22.200252149982607 34.369998931884766 31.219999313354492 AB 12.142925649725418 1.2939801775748603
61597.375 lsst_hardware_y 1.6345359552608294 49.63999938964844 29.989999771118164 AB 11.055675502114852 1.214909395836797
61599.4368 lsst_hardware_r 0.1429503651962386 27.6200008392334 31.510000228881836 AB 7.329623950269124 1.1395264348875376
61606.4113 lsst_hardware_z 47.03189583973122 64.62999725341797 30.969999313354492 AB 5.307621629037409 1.1376725412340831
61606.434 lsst_hardware_y 51.36791056645751 59.189998626708984 30.020000457763672 AB 5.9726905340146 1.1526396553316156
61609.3419 lsst_hardware_r 129.7879249252725 128.10000610351562 32.369998931884766 AB 5.380292263715381 1.215885257336809
61609.3641 lsst_hardware_z -41.35671176102497 68.44999694824219 30.979999542236328 AB 5.173090021568007 1.1662047766074783
61610.3857 lsst_hardware_r -6.598151751947401 84.02999877929688 31.6299991607666 AB 6.091350060195029 1.1402751891042735
61610.4036 lsst_hardware_y -18.066553243356797 57.36000061035156 30.020000457763672 AB 6.0382721889992155 1.1383837845122715
61616.3719 lsst_hardware_g 30.223827947999833 15.739999771118164 31.440000534057617 AB 5.461729286010289 1.1391259634337367
61616.3935 lsst_hardware_r 26.163519580560163 25.170000076293945 31.5 AB 5.407869574703914 1.1411013697282744
61618.3645 lsst_hardware_i -47.223946309452266 32.459999084472656 31.239999771118164 AB 5.948720580379137 1.1399656174472956
61618.3867 lsst_hardware_z -12.695838819348964 43.400001525878906 30.940000534057617 AB 7.154905143463168 1.1403753715175722
61621.3676 lsst_hardware_r 6.011897735833083 24.75 31.5 AB 2.1194282034115495 1.1374391073765024
61621.3877 lsst_hardware_u -1.2282061013686627 2.8299999237060547 28.450000762939453 AB 2.3519281057708485 1.1470022461696407
61623.3592 lsst_hardware_g -25.75544220400549 15.399999618530273 31.43000030517578 AB 2.9858858315979777 1.1375525423574744
61623.3801 lsst_hardware_i 37.343913311611466 32.5099983215332 31.239999771118164 AB 3.2998435714268095 1.1451163347924151
61625.3278 lsst_hardware_r 6.34109853729199 24.579999923706055 31.479999542236328 AB 3.0067095214484927 1.1553898506911078
61625.3477 lsst_hardware_z -23.69229344722353 43.06999969482422 30.93000030517578 AB 2.900435712798318 1.1389890880810203
61628.3235 lsst_hardware_r -6.0369170992611245 24.420000076293945 31.489999771118164 AB 6.472939638953656 1.1507448247029146
61628.3469 lsst_hardware_u 0.8972189695041319 2.700000047683716 28.3700008392334 AB 6.142257775441209 1.1374551436002238
61630.3271 lsst_hardware_z 1.4210278052718717 49.29999923706055 30.959999084472656 AB 4.169569964631122 1.1426609933217653
61630.3464 lsst_hardware_r 36.862730866353594 42.459999084472656 31.600000381469727 AB 5.283874933932524 1.1377853001577862
61643.2585 lsst_hardware_r 20.608302428254113 24.56999969482422 31.479999542236328 AB 2.6349957991058184 1.1914970830232052
61643.2718 lsst_hardware_i 34.46129819894456 32.459999084472656 31.229999542236328 AB 2.5813747644713096 1.165362370627731
61648.2349 lsst_hardware_z -54.71790597149313 43.849998474121094 30.93000030517578 AB 5.067497428277299 1.217416799586138
61648.2508 lsst_hardware_r -5.752190428979029 24.43000030517578 31.479999542236328 AB 5.687116258148634 1.1786565879308408
61650.2593 lsst_hardware_u -4.290690494854817 2.700000047683716 28.350000381469727 AB 3.3690122509588956 1.1557173040080828
61650.2763 lsst_hardware_g 1.927244909027083 15.130000114440918 31.40999984741211 AB 3.318916540836193 1.1403905191282302
61652.2371 lsst_hardware_g 0.22816959416508728 15.130000114440918 31.399999618530273 AB 1.9562622703262318 1.1844171162419161
61652.2548 lsst_hardware_r 28.435826205668786 24.360000610351562 31.479999542236328 AB 2.5895263931774397 1.1544923732400532
61654.2385 lsst_hardware_i -64.78970727046023 32.599998474121094 31.239999771118164 AB 0.4822299352876031 1.1709346870601451
61654.2573 lsst_hardware_r -25.09405244588329 24.56999969482422 31.5 AB 0.9884360254418441 1.1460127831209785
61681.1752 lsst_hardware_u 0.6504632712154151 2.7799999713897705 28.389999389648438 AB 3.272198666947705 1.155029532985255
61681.1933 lsst_hardware_g 25.261123884332566 15.710000038146973 31.43000030517578 AB 3.208773124975594 1.139613990165526
61683.1716 lsst_hardware_r 11.029907604796499 25.1200008392334 31.5 AB 7.110507344857887 1.1527436927626946
61683.1897 lsst_hardware_i -64.05124435464668 32.75 31.25 AB 6.975600159033654 1.1388734953524333
61685.1802 lsst_hardware_z -101.07203971845219 63.290000915527344 31.690000534057617 AB 5.198167179661084 1.140678543584897
61687.1732 lsst_hardware_z -28.58259835535589 47.810001373291016 30.950000762939453 AB 3.7032181276318763 1.1415592255338707
61687.1909 lsst_hardware_r 10.560218426538983 42.97999954223633 31.59000015258789 AB 3.652016625107878 1.1378180366936996
61690.1393 lsst_hardware_r -172.09452020691668 88.75 31.6299991607666 AB 7.0716677957725365 1.1725855126332794
61690.1584 lsst_hardware_i 57.44035371071212 72.75 31.31999969482422 AB 6.928097509035436 1.1465614412967209
61691.1458 lsst_hardware_z -53.300792625875516 80.75 30.979999542236328 AB 6.74372576205722 1.1578039794647206
61691.164 lsst_hardware_i 129.52247112268705 92.37000274658203 31.31999969482422 AB 6.711845045948835 1.1405811874442957
61693.1469 lsst_hardware_z 44.40131702187681 146.9499969482422 31.739999771118164 AB 7.044561322689408 1.149819584769762
61697.1471 lsst_hardware_z 65.38704852716748 74.0 31.709999084472656 AB 4.32538206798806 1.140860401262896
61701.1368 lsst_hardware_g 9.086006405965174 15.510000228881836 31.440000534057617 AB 5.460172451536691 1.1405258475943916
61701.1557 lsst_hardware_r -12.031734532385673 24.760000228881836 31.5 AB 5.470072850686404 1.1385706342925976
61704.1086 lsst_hardware_r -23.456160474295544 24.59000015258789 31.5 AB 2.666465823382844 1.1602157395334383
61704.1259 lsst_hardware_i -5.276186688020812 32.22999954223633 31.25 AB 2.7722854454652817 1.1421115540230493
61706.1057 lsst_hardware_z -8.891679399549588 43.5099983215332 30.940000534057617 AB 4.332018446539746 1.1566442986487897
61706.1232 lsst_hardware_i 15.260156042060359 32.36000061035156 31.239999771118164 AB 4.270023212264709 1.140497652848354
61708.1105 lsst_hardware_u -1.0216241011086566 2.6600000858306885 28.329999923706055 AB 6.872774937927632 1.1454624896546053
61708.1284 lsst_hardware_g -19.776969291385218 15.109999656677246 31.420000076293945 AB 6.2927573064251225 1.1374679933887242
61712.0856 lsst_hardware_i 32.387726913856774 32.880001068115234 31.239999771118164 AB 4.653537052388009 1.1619318482865237
61712.1041 lsst_hardware_z -57.29243438750409 43.4900016784668 30.940000534057617 AB 4.645228830193754 1.1420821578906133
61725.0577 lsst_hardware_i -55.12553320082944 41.02000045776367 31.270000457763672 AB 6.892755551342363 1.151832148950163
61725.0748 lsst_hardware_z -37.46026816041491 52.540000915527344 30.959999084472656 AB 6.78547771887955 1.138948870175049
61727.0583 lsst_hardware_r 20.15309418027969 24.25 31.479999542236328 AB 7.528051546270871 1.145734958720169
61727.0785 lsst_hardware_u -0.27128036061174227 2.759999990463257 28.40999984741211 AB 7.431016393398438 1.1374585019743515
61730.0605 lsst_hardware_g 1.374412613787312 15.130000114440918 31.43000030517578 AB 4.429759784136657 1.1391950068501717
61730.0795 lsst_hardware_r 46.701128901880004 24.260000228881836 31.5 AB 4.392436155976339 1.1397083954271767
61735.0298 lsst_hardware_y 174.99158566680808 51.880001068115234 30.020000457763672 AB 5.49867800127347 1.1525210650332154
61735.0488 lsst_hardware_r -17.81956115701128 24.450000762939453 31.489999771118164 AB 4.966924532094905 1.1385065400584287
61739.032 lsst_hardware_y -57.193777301121905 51.959999084472656 30.020000457763672 AB 6.364617489947723 1.1410896115366742
61739.0511 lsst_hardware_z 67.32046894879288 43.290000915527344 30.940000534057617 AB 5.684449670626269 1.1383128251566996
61743.0295 lsst_hardware_y 12.089597178391525 60.400001525878906 30.020000457763672 AB 4.963367497933508 1.1378650843495646
61743.0486 lsst_hardware_r 11.373379975892854 27.540000915527344 31.520000457763672 AB 3.991583775365115 1.1422474675533987
