data/validation/pwv_sim_epoch_fit_seasonal/13481053.ecsv
# %ECSV 0.9
# ---
# datatype:
# - {name: time, datatype: float64}
# - {name: band, datatype: string}
# - {name: flux, datatype: float64}
# - {name: fluxerr, datatype: float64}
# - {name: zp, datatype: float64}
# - {name: zpsys, datatype: string}
# - {name: pwv, datatype: float64}
# - {name: airmass, datatype: float64}
# meta: {SNID: '13481053', alt: 1024.0, c: -0.10803922265768051, dec: 1.044512, lat: -30.244573, lon: -70.7499537, ra: 257.695312, t0: 60023.62109375,
#   x0: 4.6242954611535784e-05, x1: 1.0222561359405518, z: 0.23804868757724762}
# schema: astropy-2.0
time band flux fluxerr zp zpsys pwv airmass
60025.3834 lsst_hardware_u 509.2064406321645 43.557950947589504 29.389999389648438 AB 6.9050834120301285 1.1923303970697394
60025.4036 lsst_hardware_y 1154.2047246290042 159.05793789398538 30.030000686645508 AB 6.580474245206697 1.1724153481282256
60027.3864 lsst_hardware_r 13363.847815339079 152.71170378979352 31.6200008392334 AB 8.110147767735498 1.1815483344603
60027.4067 lsst_hardware_y 1195.4234436904114 158.95908332390718 30.030000686645508 AB 8.017296235541556 1.1698958464237177
60029.3321 lsst_hardware_u 342.58286070963976 39.87200753825669 29.290000915527344 AB 8.251790496891019 1.2994263550823082
60029.3504 lsst_hardware_z 3979.0197678790487 157.7870001364255 30.979999542236328 AB 9.28847350893474 1.238463134524632
60036.3931 lsst_hardware_z 2855.0870472664164 154.82589727370743 30.989999771118164 AB 12.282856673894454 1.1717022146089546
60036.4113 lsst_hardware_y 279.9282837814869 156.9875306794028 30.020000457763672 AB 12.530644354199536 1.1873636469551192
60038.3883 lsst_hardware_z 2495.702046629221 153.91612572509962 30.989999771118164 AB 9.70653352987248 1.1719917729885772
60038.4072 lsst_hardware_y 648.6890365562083 157.5059766275321 30.030000686645508 AB 9.85342568639368 1.1891894623023462
60040.3522 lsst_hardware_z 1944.2320641264196 152.7184100077464 30.989999771118164 AB 21.27342241446762 1.1802176096792192
60040.3699 lsst_hardware_r 8845.595028064385 136.58518907469005 31.6299991607666 AB 21.190734727253535 1.1700585134452033
60042.3567 lsst_hardware_i 5559.837052839589 137.60088979388615 31.31999969482422 AB 10.845980212789375 1.1726651759962432
60042.3737 lsst_hardware_r 7866.442071018736 133.62357166169824 31.6299991607666 AB 10.842287124987386 1.1706415711418603
60044.3531 lsst_hardware_z 2051.1535018647733 152.68233976251256 30.989999771118164 AB 5.5920329167509895 1.1717812178219893
60044.3709 lsst_hardware_r 7121.5444375785755 130.99841420722413 31.6299991607666 AB 5.580995115074434 1.171554996604447
60046.3625 lsst_hardware_i 5131.812235590612 136.35460855896028 31.31999969482422 AB 7.959848944823836 1.170566021297623
60046.38 lsst_hardware_z 2100.1293956379286 152.81994624069512 30.989999771118164 AB 7.332910348282391 1.1825367437965475
60051.2843 lsst_hardware_z 2220.7963855237153 151.80839020771592 30.979999542236328 AB 16.98301726099662 1.2560783931509751
60051.3018 lsst_hardware_r 4913.2229931959755 122.37610119193707 31.6200008392334 AB 16.806795392756356 1.211118719189769
60053.3286 lsst_hardware_u 101.5479674840807 37.58571436846297 29.399999618530273 AB 12.534424720865566 1.1717518396646058
60053.3469 lsst_hardware_g 1752.7108864631755 114.3001175394963 31.68000030517578 AB 12.864754195372928 1.1717956821143667
60056.3255 lsst_hardware_r 4099.547903762621 118.50819760732168 31.6299991607666 AB 8.136005368668448 1.170185231551321
60056.3423 lsst_hardware_z 2319.631285489744 153.07675374135187 30.989999771118164 AB 7.276674094419051 1.1736571120030728
60060.3254 lsst_hardware_g 1028.001743315263 111.92821819248672 31.68000030517578 AB 4.390285141447358 1.1708988242291443
60060.3433 lsst_hardware_r 3400.598970518306 115.34692524755452 31.6200008392334 AB 3.880305608358025 1.1842837199322525
60064.2991 lsst_hardware_z 1724.2659202929499 151.6236585438298 30.989999771118164 AB 12.859345240268512 1.1715342085608977
60064.3164 lsst_hardware_r 2680.6188288539815 112.52888795856423 31.6200008392334 AB 12.790372521542885 1.171601403457258
60066.2947 lsst_hardware_z 1918.8774952169872 151.46430695416018 30.989999771118164 AB 10.630774202300428 1.1711340557763397
60066.3127 lsst_hardware_g 808.6977724547522 110.45084241013026 31.68000030517578 AB 10.591447402439963 1.1723984284303701
60068.2438 lsst_hardware_r 2246.95944135631 109.79630976292866 31.610000610351562 AB 11.791025538431088 1.238813357683451
60068.2624 lsst_hardware_z 1643.4778591715947 150.56746889857308 30.979999542236328 AB 11.04936445597582 1.1980444681832214
60072.2913 lsst_hardware_z 1192.7378169412111 150.1907212693424 30.989999771118164 AB 10.885807559573953 1.1705169418896724
60072.3096 lsst_hardware_r 1794.8336251535675 109.38120811727816 31.6299991607666 AB 11.428823900109375 1.1831999275419287
60085.2897 lsst_hardware_r 1432.8466306892828 107.0465655248847 31.6200008392334 AB 7.134222274868375 1.2071442089456217
60085.3073 lsst_hardware_u -13.786716495740661 35.759818969039955 29.329999923706055 AB 8.408412390047866 1.250321544988588
60100.2019 lsst_hardware_z 83.05247278923355 145.8000030517578 30.989999771118164 AB 9.5701543081707 1.1711386059355984
60100.2206 lsst_hardware_r 50.78194393323935 99.94999694824219 31.6200008392334 AB 9.359121322738073 1.1727854794947619
60102.2057 lsst_hardware_z 218.97998137931773 206.3000030517578 31.739999771118164 AB 5.248562831284811 1.1699003264621766
60111.1609 lsst_hardware_g -95.14573518450804 106.8499984741211 31.68000030517578 AB 9.213492885490519 1.1778571236524602
60111.1807 lsst_hardware_r -35.9193552645031 100.30000305175781 31.6299991607666 AB 9.194030115753678 1.169872772077068
60121.1529 lsst_hardware_g -53.53575856890243 107.08999633789062 31.690000534057617 AB 7.074671766833996 1.1698506435442737
60121.1773 lsst_hardware_r -83.27858957071653 100.05000305175781 31.6299991607666 AB 7.252566396571444 1.1849630580134702
60123.1493 lsst_hardware_i -44.788893393592474 117.81999969482422 31.31999969482422 AB 7.258143919899688 1.1700078858547092
60123.1727 lsst_hardware_z -51.588790240636655 145.75999450683594 30.989999771118164 AB 6.952972828117526 1.1860250172342224
60125.1461 lsst_hardware_i 10.235979545598967 117.63999938964844 31.31999969482422 AB 3.747384788216409 1.1704176741520758
60125.1701 lsst_hardware_z 234.72846444807703 145.52999877929688 30.989999771118164 AB 3.6884433561816823 1.189820437477962
60128.1457 lsst_hardware_z -232.1204576319393 145.69000244140625 30.989999771118164 AB 7.242352441065456 1.1736742287811543
60128.1679 lsst_hardware_r 107.19837187448333 99.5999984741211 31.6200008392334 AB 7.974812042241515 1.1991296958486883
60132.1787 lsst_hardware_z -130.8565866227846 205.0 31.729999542236328 AB 2.7768688726458852 1.2495285162647187
60141.0651 lsst_hardware_g 60.02201385412583 106.4800033569336 31.68000030517578 AB 4.63703317619471 1.1948037042501187
60141.0978 lsst_hardware_r 28.177023362522938 100.2300033569336 31.6299991607666 AB 4.373464058643173 1.169844605762518
60143.0935 lsst_hardware_i -17.601335244445355 117.77999877929688 31.31999969482422 AB 2.8362196772458614 1.1698967457359528
60143.119 lsst_hardware_r -75.09149763555696 99.80000305175781 31.6200008392334 AB 2.8902229232622534 1.1871936427447147
60145.0866 lsst_hardware_u -42.3403736954874 36.810001373291016 29.389999389648438 AB 3.752659644734453 1.1698424621191208
60145.107 lsst_hardware_g -101.86552714024094 106.08999633789062 31.670000076293945 AB 3.8015852048691574 1.1797616235240997
60148.0558 lsst_hardware_g 152.57712892222884 106.08000183105469 31.670000076293945 AB 5.577800820848135 1.1818417912982717
60148.0767 lsst_hardware_r 90.49866237146436 99.81999969482422 31.6200008392334 AB 5.645763943092868 1.1699044606650737
60154.0608 lsst_hardware_i -164.52511491389717 166.33999633789062 32.06999969482422 AB 4.552571372508277 1.169875722088726
60154.0813 lsst_hardware_z -140.0121972462173 205.9499969482422 31.739999771118164 AB 4.575707517566551 1.1786984846899924
60159.0539 lsst_hardware_g 62.64509271510019 107.05000305175781 31.690000534057617 AB 1.8405524884203106 1.1705867002885164
60159.0747 lsst_hardware_r 110.74383413408705 100.01000213623047 31.6200008392334 AB 1.8945026206497635 1.186412245475195
60161.0504 lsst_hardware_i -16.105732010937377 117.52999877929688 31.309999465942383 AB 2.5766289578161157 1.171194980825507
60161.0725 lsst_hardware_r 30.161128079906298 99.56999969482422 31.610000610351562 AB 2.6198040445680313 1.190820020258196
60166.011 lsst_hardware_g 46.364351885100675 106.25 31.670000076293945 AB 3.768435683596088 1.1776361511237774
60166.0313 lsst_hardware_r 110.71575597393233 99.9000015258789 31.6200008392334 AB 3.7110963553027334 1.169954714786486
60169.01 lsst_hardware_i 49.92011896264664 166.7100067138672 32.06999969482422 AB 2.466540547623349 1.1726817183629235
60169.0311 lsst_hardware_z -106.31512209189422 206.52000427246094 31.739999771118164 AB 2.475904418367091 1.1722569745671765
60176.9813 lsst_hardware_y -130.25942840723295 155.8000030517578 30.030000686645508 AB 3.821679798523054 1.1773505232664985
60177.0047 lsst_hardware_g -247.14087634008897 106.58000183105469 31.68000030517578 AB 3.0598888640766475 1.1705772242068277
60179.9796 lsst_hardware_y 128.56709450865677 156.08999633789062 30.030000686645508 AB 3.0339335781278054 1.1728746798600278
60179.9999 lsst_hardware_i 45.5391840308016 117.7699966430664 31.31999969482422 AB 3.0331368128603695 1.1717362055926483
60181.9865 lsst_hardware_z 433.22958748535626 291.3999938964844 32.5 AB 2.9593949870146 1.1698754725319873
60392.3888 lsst_hardware_r -53.968661262029165 23.6200008392334 31.469999313354492 AB 7.977726091251593 1.1797879460590668
60392.4084 lsst_hardware_y 134.70774401971403 58.5 30.010000228881836 AB 7.986848581118265 1.1698057240744437
60395.337 lsst_hardware_r -101.11652450813973 94.1500015258789 31.59000015258789 AB 9.90509467861045 1.2735849492470106
60395.354 lsst_hardware_y 72.21544472905845 56.279998779296875 29.979999542236328 AB 9.525580855035553 1.224039944963609
60397.3987 lsst_hardware_z 159.56901872526632 93.68000030517578 31.719999313354492 AB 10.70229861287091 1.1699911026387555
60399.3917 lsst_hardware_z -9.228736642554324 61.06999969482422 30.959999084472656 AB 5.849161952827869 1.1698323905655736
60399.41 lsst_hardware_y 62.15382904742664 62.349998474121094 30.0 AB 5.8948916267112175 1.1789783253422434
60401.388 lsst_hardware_i -18.183418821724636 46.2599983215332 31.270000457763672 AB 12.362762443433217 1.1700236548854197
60401.4059 lsst_hardware_y -9.276513740822848 52.459999084472656 29.989999771118164 AB 12.38183466460351 1.1802996065872988
60405.2519 lsst_hardware_u -1.628504709517118 2.4100000858306885 28.040000915527344 AB 23.853619950604784 1.633809585657862
60405.2719 lsst_hardware_g 7.220864285691716 14.239999771118164 31.299999237060547 AB 21.388883685805315 1.4649920332743367
60406.2416 lsst_hardware_r -8.872642842017555 24.889999389648438 31.3799991607666 AB 14.85949233418784 1.7160418440020604
60406.2607 lsst_hardware_i 30.452711794490416 34.119998931884766 31.190000534057617 AB 12.232312860989403 1.5290391076236753
60413.3797 lsst_hardware_u -3.0367208335029687 2.7899999618530273 28.450000762939453 AB 7.97179733829408 1.1879587718193994
60413.3991 lsst_hardware_g -17.309101068096627 14.329999923706055 31.3799991607666 AB 8.227706464404676 1.2237237249058788
60415.3631 lsst_hardware_r 12.66752232910247 23.530000686645508 31.489999771118164 AB 20.086493233096824 1.176213572624212
60415.3822 lsst_hardware_i -21.97235766743889 32.029998779296875 31.239999771118164 AB 19.219983785760316 1.2001863216377362
60432.2946 lsst_hardware_g 10.995487179674681 22.530000686645508 31.549999237060547 AB 14.61677443424129 1.1705202784863127
60432.3136 lsst_hardware_r -16.44262558380006 28.739999771118164 31.530000686645508 AB 14.672967991902615 1.1740331115374654
60436.2914 lsst_hardware_i 35.6890721314319 31.649999618530273 31.229999542236328 AB 8.734478835417374 1.169900728022686
60436.3082 lsst_hardware_z -43.19510689639297 43.08000183105469 30.940000534057617 AB 8.175590711452163 1.1782653792446431
60443.2303 lsst_hardware_z 6.431556348300836 43.33000183105469 30.93000030517578 AB 8.158155756324206 1.2080489286000453
60443.25 lsst_hardware_i 4.4311663519619 31.709999084472656 31.229999542236328 AB 8.137703646628855 1.1793773400911385
60445.226 lsst_hardware_u -1.2551686095889656 2.640000104904175 28.31999969482422 AB 6.411424355397947 1.2057971392153615
60445.2466 lsst_hardware_g -9.425303029434476 14.40999984741211 31.399999618530273 AB 6.302216216538915 1.1775074673569423
60454.1736 lsst_hardware_i -143.13995149559605 110.61000061035156 31.290000915527344 AB 8.19330127397874 1.2818557161933337
60458.1904 lsst_hardware_z 72.56869804140335 52.7400016784668 30.959999084472656 AB 10.612863446628054 1.206007209844097
60458.2095 lsst_hardware_i -4.49279152902946 50.29999923706055 31.290000915527344 AB 10.500550495408053 1.17895402268803
60462.1916 lsst_hardware_r 44.664617060170464 33.70000076293945 32.220001220703125 AB 12.13326922104088 1.18668582532553
60462.213 lsst_hardware_i 11.097073408445707 31.90999984741211 31.229999542236328 AB 12.375211472746184 1.1704541258627095
60464.1849 lsst_hardware_z -1.6512186883715003 43.349998474121094 30.940000534057617 AB 13.640854476962812 1.188314001622884
60464.205 lsst_hardware_u -0.9847294245058164 2.680000066757202 28.360000610351562 AB 13.468423166582967 1.1712351295654504
60466.191 lsst_hardware_g 3.4548239823498847 14.579999923706055 31.399999618530273 AB 6.403478780210246 1.1761011595831234
60466.2099 lsst_hardware_r 5.236820902680902 23.899999618530273 31.479999542236328 AB 7.4268011274711805 1.169958825463133
60468.1823 lsst_hardware_i -47.379604757651215 31.950000762939453 31.229999542236328 AB 4.032692562508771 1.1788626248503287
60468.2035 lsst_hardware_z -39.85375664042785 43.08000183105469 30.940000534057617 AB 3.990614602494485 1.1698679637937612
60485.1079 lsst_hardware_i 50.47014787119153 70.38999938964844 31.290000915527344 AB 6.353796098841162 1.2249855914992118
60485.1269 lsst_hardware_z 77.16047891337472 63.95000076293945 30.959999084472656 AB 4.658195901486922 1.1892254024730933
60487.1176 lsst_hardware_r 65.98990477912514 44.75 31.59000015258789 AB 9.320168298435446 1.194893371594288
60487.1366 lsst_hardware_z -3.4980639224189147 49.72999954223633 30.950000762939453 AB 9.472969552328403 1.1740439831853757
60490.1231 lsst_hardware_g -4.340741929519545 20.190000534057617 32.130001068115234 AB 4.191025095196158 1.178081544679173
60490.1435 lsst_hardware_r 55.993345878810956 33.38999938964844 32.22999954223633 AB 3.75785555772819 1.1698818734171712
60493.1268 lsst_hardware_i -4.9999877868352645 31.93000030517578 31.229999542236328 AB 7.223542618747054 1.1709105960416675
60493.1476 lsst_hardware_z 34.391110852334776 43.5 30.940000534057617 AB 7.237522313768977 1.1744140491836486
60495.1 lsst_hardware_r 21.87042869523991 23.639999389648438 31.469999313354492 AB 4.398104953056919 1.1886770143397076
60495.1214 lsst_hardware_g 7.611145771005649 14.25 31.3799991607666 AB 4.266731086634848 1.1708921752565775
60497.1497 lsst_hardware_r -40.66345335595087 23.479999542236328 31.459999084472656 AB 2.1368315623081893 1.1871286457267718
60497.1705 lsst_hardware_i -26.898424428057638 32.279998779296875 31.209999084472656 AB 2.7872973162073205 1.2255447674954127
60499.0962 lsst_hardware_i -5.882204412975111 31.829999923706055 31.229999542236328 AB 3.705501962639983 1.1802841097754366
60499.1184 lsst_hardware_z -50.290091528249214 43.16999816894531 30.940000534057617 AB 3.677815476531424 1.1698506525572718
60503.0974 lsst_hardware_g -5.559202373289093 17.440000534057617 31.469999313354492 AB 8.15300608048958 1.171689496597305
60503.1186 lsst_hardware_r 5.0792768210186425 24.850000381469727 31.489999771118164 AB 8.20222594482102 1.173366927397981
60506.0986 lsst_hardware_i -27.0461880555728 43.97999954223633 31.270000457763672 AB 4.5430227536252525 1.1698268967748817
60506.118 lsst_hardware_z 12.09261216440027 49.33000183105469 30.940000534057617 AB 4.548559647021709 1.1791470245033595
60508.0989 lsst_hardware_r 107.84145097107515 75.56999969482422 31.6200008392334 AB 2.8737629494387846 1.170734498685002
60508.1195 lsst_hardware_z -47.0932233942695 62.040000915527344 30.959999084472656 AB 2.9016223783783857 1.1869194348425358
60511.0978 lsst_hardware_r -14.919682876082895 111.72000122070312 31.6200008392334 AB 6.628604689313293 1.174000889567546
60511.1174 lsst_hardware_i -114.84657758561929 86.6500015258789 31.299999237060547 AB 6.791513177912495 1.1957240255721988
60514.0529 lsst_hardware_i 47.10735143484759 61.63999938964844 31.290000915527344 AB 7.214908074732752 1.1827718155299594
60514.0734 lsst_hardware_z 57.84278911088865 58.619998931884766 30.959999084472656 AB 7.137118211430451 1.1700193789230249
60516.0496 lsst_hardware_r -3.6853491377679513 23.31999969482422 31.469999313354492 AB 10.030080090853213 1.1804723527877459
60516.072 lsst_hardware_u 1.302292877059638 2.5199999809265137 28.239999771118164 AB 9.84239629127516 1.1698569284399953
60520.0562 lsst_hardware_g 20.36309905178599 14.029999732971191 31.3700008392334 AB 5.616708800194852 1.1701476667072608
60520.0773 lsst_hardware_r 28.914687104790605 23.31999969482422 31.469999313354492 AB 5.649426566961736 1.1769638681170285
60529.0145 lsst_hardware_u -1.9379807378260858 3.7100000381469727 29.079999923706055 AB 4.546448964994882 1.1800784646984468
60529.0351 lsst_hardware_r 7.234318890403448 33.0099983215332 32.220001220703125 AB 4.518660305011325 1.1698292125503948
60535.0083 lsst_hardware_g 15.496682695723223 40.470001220703125 31.649999618530273 AB 3.6462563917824933 1.1724925425100465
60535.0275 lsst_hardware_r -71.56214752198849 44.45000076293945 31.600000381469727 AB 3.6341470909745124 1.1715496747177667
60539.0144 lsst_hardware_r -19.335287096566265 82.93000030517578 31.6200008392334 AB 2.71271112848018 1.1707859855330947
60539.0351 lsst_hardware_z -30.824552054726194 63.59000015258789 30.969999313354492 AB 2.7971549148935493 1.1872474171874148
60540.9773 lsst_hardware_y -62.390340723747144 59.27000045776367 30.010000228881836 AB 3.08386246911682 1.1849615635415254
60540.9955 lsst_hardware_r -123.27270589546436 89.33999633789062 31.6200008392334 AB 2.965071966658388 1.1710009412506386
60542.9788 lsst_hardware_y -83.43213377225817 51.380001068115234 30.010000228881836 AB 3.8978954410146347 1.1777305189891771
60542.9987 lsst_hardware_z -39.353185895447055 52.220001220703125 30.959999084472656 AB 3.882964967632178 1.1698907733457062
60545.9811 lsst_hardware_y -35.24944909607388 51.279998779296875 30.010000228881836 AB 5.830838261998043 1.171262644904945
60546.0008 lsst_hardware_u -3.5621712103365732 2.759999990463257 28.43000030517578 AB 5.05718880760618 1.1731575265571375
60548.9775 lsst_hardware_y -21.82606214733336 57.16999816894531 30.010000228881836 AB 4.79028609413138 1.1700747665196338
60548.9941 lsst_hardware_r 17.048604977168058 23.90999984741211 31.479999542236328 AB 4.760764143317716 1.1740478775136167
