data/validation/pwv_sim_epoch_fit_seasonal/13562825.ecsv
# %ECSV 0.9
# ---
# datatype:
# - {name: time, datatype: float64}
# - {name: band, datatype: string}
# - {name: flux, datatype: float64}
# - {name: fluxerr, datatype: float64}
# - {name: zp, datatype: float64}
# - {name: zpsys, datatype: string}
# - {name: pwv, datatype: float64}
# - {name: airmass, datatype: float64}
# meta: {SNID: '13562825', alt: 1024.0, c: -0.051591936498880386, dec: -12.941632, lat: -30.244573, lon: -70.7499537, ra: 149.238281,
#   t0: 60374.33984375, x0: 4.39210211709064e-05, x1: -1.007723093032837, z: 0.24380482733249664}
# schema: astropy-2.0
time band flux fluxerr zp zpsys pwv airmass
[from data line 133]
60711.2093 lsst_hardware_u -2.3787907726607376 2.8299999237060547 28.540000915527344 AB 5.677151432386957 1.0591041786680475
60711.2274 lsst_hardware_g 9.728253897505462 14.380000114440918 31.459999084472656 AB 5.598551085455868 1.0478291382099596
60714.2059 lsst_hardware_r -30.318763922030662 42.16999816894531 31.610000610351562 AB 9.507260693880625 1.0549166727684918
60714.2236 lsst_hardware_y -37.756445460558204 48.45000076293945 30.040000915527344 AB 7.523480730611695 1.0469272194276145
60716.1891 lsst_hardware_z 18.181133299263152 84.30999755859375 31.729999542236328 AB 3.4273363427941783 1.0662666212156522
60718.1891 lsst_hardware_i -18.763781046471944 98.83000183105469 31.34000015258789 AB 6.285425595530792 1.0601752381981544
60718.2058 lsst_hardware_z 26.216946340112354 82.06999969482422 31.0 AB 6.203472365665004 1.0486514395106221
60720.1869 lsst_hardware_r -1.0171239299421626 118.5199966430664 31.65999984741211 AB 1.337575368291832 1.0570932836869065
60720.2028 lsst_hardware_z 16.53391958808484 81.52999877929688 31.0 AB 1.632699774736928 1.0478338483711165
60722.1738 lsst_hardware_z 23.47802092428711 85.30000305175781 31.729999542236328 AB 4.452971407567639 1.0649644629068078
60724.1614 lsst_hardware_r 68.44424769900273 48.84000015258789 31.6200008392334 AB 6.1425624059559265 1.0741249252662497
60724.1787 lsst_hardware_z 17.920823641300515 48.54999923706055 30.969999313354492 AB 6.7335275082263655 1.0548331649136498
60727.1609 lsst_hardware_r 8.933402367982955 24.190000534057617 31.520000457763672 AB 5.4388133441001 1.0640867388799413
60727.178 lsst_hardware_y 14.609127766607871 47.38999938964844 30.049999237060547 AB 6.472042235126841 1.050059582238475
60731.1537 lsst_hardware_i 0.23720881125511997 30.829999923706055 31.25 AB 9.219570494072988 1.0600761359543511
60731.1709 lsst_hardware_z 42.09322773578689 41.279998779296875 30.950000762939453 AB 9.80412884097468 1.0484297651089085
60733.1506 lsst_hardware_r 19.6059686339089 23.3799991607666 31.5 AB 8.172393230285687 1.057812281045295
60733.1694 lsst_hardware_u -0.5984866233654443 2.7200000286102295 28.440000534057617 AB 6.9981260247812065 1.0473100905090102
60736.1527 lsst_hardware_g -1.4466432662313695 14.550000190734863 31.43000030517578 AB 3.5149951106547332 1.0504281242150866
60736.1716 lsst_hardware_i -10.379907112507622 31.059999465942383 31.25 AB 4.0765635782665255 1.0471073877134789
60738.1288 lsst_hardware_r 8.402485322605079 23.270000457763672 31.489999771118164 AB 5.6594449478680655 1.066545313374219
60738.1467 lsst_hardware_z 20.55529844732054 41.25 30.940000534057617 AB 5.75074149124373 1.0507155804824257
60744.1243 lsst_hardware_i -54.71109545983003 58.5099983215332 31.31999969482422 AB 11.778340359575878 1.054666559575193
60744.1433 lsst_hardware_z 59.829135532524866 56.65999984741211 30.979999542236328 AB 11.07931750745493 1.046765739374698
60751.1118 lsst_hardware_z 46.23574729837139 56.939998626708984 30.979999542236328 AB 8.050579934003878 1.0503953291006811
60751.1313 lsst_hardware_i -70.44136349302745 60.54999923706055 31.329999923706055 AB 8.529641759396325 1.0472242798522193
60753.1068 lsst_hardware_z 26.36012584515979 47.959999084472656 30.969999313354492 AB 8.528598423265592 1.0501583405591002
60753.1263 lsst_hardware_r -6.508590870213387 49.34000015258789 31.639999389648438 AB 7.475753183392574 1.0473176216577105
60757.0802 lsst_hardware_g -5.178279216041896 14.3100004196167 31.440000534057617 AB 6.35803582155095 1.0627131774049559
60757.0993 lsst_hardware_r -1.017935680040996 23.110000610351562 31.510000228881836 AB 6.396749561461731 1.048647469092087
60759.0945 lsst_hardware_z 21.0443879632776 41.560001373291016 30.950000762939453 AB 9.271747656925015 1.0484053737429386
60759.1136 lsst_hardware_r 0.9884927437409733 23.280000686645508 31.520000457763672 AB 9.419823195218143 1.0483457300497396
60761.0664 lsst_hardware_r 35.10791766196034 23.149999618530273 31.510000228881836 AB 6.815967424353672 1.0660498552244937
60761.0833 lsst_hardware_u -2.4443681451743036 2.8499999046325684 28.549999237060547 AB 6.55264524020128 1.0510438410759542
60763.066 lsst_hardware_g -6.916447185123469 14.239999771118164 31.450000762939453 AB 7.152036819872848 1.0603988563614977
60763.0837 lsst_hardware_i -22.05622855841256 30.799999237060547 31.260000228881836 AB 7.2129940073673735 1.0483621972119288
60766.0667 lsst_hardware_z -68.47406752968205 41.209999084472656 30.940000534057617 AB 5.474952617439641 1.052875503353777
60766.0832 lsst_hardware_r -1.1842087238367447 22.850000381469727 31.5 AB 5.44317485662466 1.0467643955047423
60772.0478 lsst_hardware_z 16.49614661603584 51.02000045776367 30.969999313354492 AB 11.382650625809822 1.0546978372742932
60772.0672 lsst_hardware_r 26.967770060681858 55.06999969482422 31.639999389648438 AB 11.3948180773725 1.0467405913441576
60774.0464 lsst_hardware_z 42.7037665225677 64.19999694824219 30.989999771118164 AB 8.040524179817385 1.0518739115407358
60774.0657 lsst_hardware_r 23.762967086370455 86.44000244140625 31.65999984741211 AB 8.030498634831327 1.0468191494087937
60777.041 lsst_hardware_i -7.359544166118635 84.1500015258789 31.34000015258789 AB 5.205070841493508 1.0502917453829173
60777.0582 lsst_hardware_z -5.517197917241678 72.98999786376953 30.989999771118164 AB 6.628918532499823 1.0468917454990245
60783.0152 lsst_hardware_r -18.388155320718454 23.110000610351562 31.510000228881836 AB 11.307781901802802 1.0568020468974582
60783.0338 lsst_hardware_i -30.340681043501665 30.809999465942383 31.260000228881836 AB 11.204229821430662 1.0471242823766975
60785.0143 lsst_hardware_z 18.89457271815323 41.189998626708984 30.950000762939453 AB 7.323902209622731 1.0532305891961504
60785.0341 lsst_hardware_r 6.000736799378257 22.719999313354492 31.5 AB 7.305573777577584 1.046718787531712
60790.9997 lsst_hardware_u -1.033800436713314 2.6500000953674316 28.40999984741211 AB 14.373084401154838 1.0520483385415633
60791.0177 lsst_hardware_r -36.17693857836006 22.75 31.5 AB 12.141932455742634 1.046718315150227
60793.0004 lsst_hardware_i 43.41812213734437 30.40999984741211 31.239999771118164 AB 1.5733175355744549 1.0488783570496365
60793.0182 lsst_hardware_z 31.210530795101583 41.040000915527344 30.950000762939453 AB 1.5713620283288425 1.0475746855525616
60795.9967 lsst_hardware_r 47.650498658588916 23.149999618530273 31.5 AB 11.838311571414685 1.0474528022840812
60796.0141 lsst_hardware_u -0.12992584887625727 2.7200000286102295 28.440000534057617 AB 11.208385219087884 1.0489177295836682
60798.9717 lsst_hardware_y 111.59663126299982 49.310001373291016 30.040000915527344 AB 11.492518503627743 1.0566375675656454
60798.9893 lsst_hardware_g -19.805095236932978 27.549999237060547 31.6299991607666 AB 11.479480600305825 1.0472784217407083
60800.9715 lsst_hardware_z -97.24401342836343 52.86000061035156 30.969999313354492 AB 7.184697895991397 1.0526258729750784
60800.9893 lsst_hardware_i -25.377313268315145 49.369998931884766 31.309999465942383 AB 7.22137304397759 1.0467022167860152
60804.9693 lsst_hardware_y -12.679037614853526 54.77000045776367 30.059999465942383 AB 8.1434292606158 1.0482627612300703
60804.9869 lsst_hardware_r -11.259804131418111 81.80999755859375 31.65999984741211 AB 8.164506007819254 1.047985539254568
60808.9579 lsst_hardware_y 50.09198018387597 62.66999816894531 30.06999969482422 AB 8.95183434212055 1.0484287732328723
60808.9811 lsst_hardware_z -22.07033599361712 53.380001068115234 30.979999542236328 AB 7.655158034944688 1.0500422525185893
60810.9564 lsst_hardware_y -77.13803315959973 65.69999694824219 30.06999969482422 AB 7.951151982911207 1.0473066363160177
60810.9776 lsst_hardware_r 5.751393817269537 23.25 31.510000228881836 AB 7.538397975380475 1.0510872804490343
60812.9653 lsst_hardware_z 122.03787693937765 71.9000015258789 31.709999084472656 AB 7.809283740254697 1.0480618793819354
