data/validation/pwv_sim_epoch_fit_seasonal/1372512.ecsv
# %ECSV 0.9
# ---
# datatype:
# - {name: time, datatype: float64}
# - {name: band, datatype: string}
# - {name: flux, datatype: float64}
# - {name: fluxerr, datatype: float64}
# - {name: zp, datatype: float64}
# - {name: zpsys, datatype: string}
# - {name: pwv, datatype: float64}
# - {name: airmass, datatype: float64}
# meta: {SNID: '1372512', alt: 1024.0, c: -0.09445345401763916, dec: -14.940303, lat: -30.244573, lon: -70.7499537, ra: 70.3125, t0: 60570.15625,
#   x0: 2.141061793881283e-05, x1: -0.05451551824808121, z: 0.3330099284648895}
# schema: astropy-2.0
time band flux fluxerr zp zpsys pwv airmass
[from data line 134]
61005.2439 lsst_hardware_z 3.9976808983773346 41.38999938964844 30.940000534057617 AB 5.54260602817094 1.0565394640051355
61007.1499 lsst_hardware_r -44.66328201503175 29.440000534057617 31.549999237060547 AB 4.6450386257030605 1.0947748896875877
61007.167 lsst_hardware_g -14.735591912726978 23.06999969482422 31.59000015258789 AB 3.576513857109034 1.064121944989299
61010.2178 lsst_hardware_r 76.8432913077278 51.43000030517578 31.6299991607666 AB 7.931416973250682 1.0444778947259579
61010.2361 lsst_hardware_i 59.697284263240114 44.58000183105469 31.299999237060547 AB 8.183188529157698 1.0642721458132005
61014.1928 lsst_hardware_r 163.24840007063798 106.30000305175781 31.65999984741211 AB 2.579885724462525 1.0377309923085605
61014.2103 lsst_hardware_z 76.76780237387659 73.8499984741211 30.989999771118164 AB 2.7429035565696998 1.047209528135802
61016.1945 lsst_hardware_g 139.68148921881317 72.5999984741211 31.729999542236328 AB 4.2539895094572255 1.040264796900202
61016.2134 lsst_hardware_r 65.3347882408286 70.23999786376953 31.649999618530273 AB 4.480689799145274 1.0559777993979713
61019.1957 lsst_hardware_i 6.7021900543934985 36.04999923706055 31.280000686645508 AB 10.14736195064725 1.0464074608806364
61019.2145 lsst_hardware_z -26.295300101799217 44.630001068115234 30.959999084472656 AB 10.040316790210952 1.0687251763636878
61021.1828 lsst_hardware_r -4.239667671576942 22.549999237060547 31.5 AB 13.224194439110784 1.0412751526858885
61021.2008 lsst_hardware_g 27.758367183623566 13.819999694824219 31.420000076293945 AB 13.427050733204341 1.0572480892286884
61025.1818 lsst_hardware_z 54.3313385716412 41.02000045776367 30.950000762939453 AB 10.792162436369983 1.0485736939200525
61025.2016 lsst_hardware_i -19.019809841824657 30.510000228881836 31.239999771118164 AB 11.053558601220388 1.0744043564525987
61029.1209 lsst_hardware_g 2.4263467842831306 13.680000305175781 31.40999984741211 AB 3.4515588233875736 1.0479115972332544
61029.1406 lsst_hardware_r -15.41840163204782 22.309999465942383 31.479999542236328 AB 3.187296689460114 1.0374470467768293
61031.1207 lsst_hardware_i -38.080266284123006 30.079999923706055 31.25 AB 4.156831332462771 1.0437306660014831
61031.1402 lsst_hardware_z 20.184854081341026 40.689998626708984 30.950000762939453 AB 3.6391435740914546 1.0370146253733574
61033.1215 lsst_hardware_r 31.35458735122468 22.450000762939453 31.5 AB 6.410535998667462 1.0400804735405957
61033.1404 lsst_hardware_g -5.167236390961918 13.710000038146973 31.43000030517578 AB 6.482487472330151 1.0376130407891397
61035.1153 lsst_hardware_r 13.096625835182278 23.84000015258789 31.5 AB 7.7742296344559625 1.0404366878209457
61035.1346 lsst_hardware_i -43.64488886334299 30.649999618530273 31.239999771118164 AB 7.220531710565914 1.0375445214018628
61037.1183 lsst_hardware_z 66.71528205896088 43.25 30.959999084472656 AB 5.515158521356797 1.037529037691915
61037.1391 lsst_hardware_i -6.5461889287274495 35.22999954223633 31.270000457763672 AB 6.433446057232612 1.0412634227130553
61039.129 lsst_hardware_z -118.07730448127454 100.68000030517578 32.47999954223633 AB 8.17934125765101 1.0390863338112655
61041.0955 lsst_hardware_y -11.112604533815064 53.52000045776367 30.049999237060547 AB 7.2204613297077564 1.04234152833418
61041.1161 lsst_hardware_r 53.85628473614668 79.77999877929688 31.649999618530273 AB 7.183984627816923 1.0372105312058135
61044.0919 lsst_hardware_i -14.620639839067444 68.52999877929688 31.329999923706055 AB 2.391716468910985 1.0398767256134718
61044.1124 lsst_hardware_z 34.49679714843237 62.2599983215332 30.979999542236328 AB 2.3876417013187448 1.0381050875298892
61047.0806 lsst_hardware_r 29.996683695240797 22.040000915527344 31.489999771118164 AB 10.090973418636247 1.0414607341782127
61047.1027 lsst_hardware_g -9.487871842652558 13.390000343322754 31.40999984741211 AB 9.122368130015348 1.037723530986019
61050.0799 lsst_hardware_r 14.152522859518422 22.18000030517578 31.5 AB 9.406053042104103 1.0382338984625008
61050.1014 lsst_hardware_i 2.7848524169279507 30.200000762939453 31.260000228881836 AB 8.81336376583781 1.0401294766921099
61055.0501 lsst_hardware_y -97.63838239391356 48.56999969482422 30.049999237060547 AB 6.229824508792754 1.0477336879907089
61055.0699 lsst_hardware_z 27.12926180041627 40.58000183105469 30.950000762939453 AB 6.189851587158135 1.0373908052387204
61057.051 lsst_hardware_y 9.757951197968096 47.849998474121094 30.049999237060547 AB 2.882968002814443 1.0428533198822438
61057.0725 lsst_hardware_u 3.1582615506234815 2.680000066757202 28.459999084472656 AB 2.9021348907892506 1.03721761643648
61061.0579 lsst_hardware_z 1.6756670452475984 58.45000076293945 31.700000762939453 AB 12.424226876001937 1.0370085728039427
61063.0342 lsst_hardware_y -56.06598474974388 71.58999633789062 30.06999969482422 AB 8.60822664593193 1.0431263859835922
61063.0539 lsst_hardware_g 19.378872126126303 14.1899995803833 31.420000076293945 AB 7.879379466844172 1.0370333596793961
61065.0341 lsst_hardware_y -8.727931907341887 68.45999908447266 30.06999969482422 AB 7.0370365863853115 1.0400842349627262
61065.0544 lsst_hardware_i 42.15889626737021 32.20000076293945 31.260000228881836 AB 7.042317191320898 1.0379244202388775
61067.0333 lsst_hardware_y -16.173140928547543 66.93000030517578 30.059999465942383 AB 11.342823871413694 1.038284346900824
61067.0515 lsst_hardware_i -61.21983559703513 41.439998626708984 31.290000915527344 AB 11.84114785416656 1.038697180190049
61069.0322 lsst_hardware_y -17.94543204863152 69.80999755859375 30.06999969482422 AB 13.354795975688747 1.0373059905774007
61069.0512 lsst_hardware_z 2.5712026540740855 53.9900016784668 30.969999313354492 AB 13.199872437672541 1.0409720384063936
61071.0312 lsst_hardware_y 81.97810035900126 73.62999725341797 30.06999969482422 AB 8.812406497235445 1.0370078741537174
61071.0482 lsst_hardware_i -78.48576654008569 64.2300033569336 31.329999923706055 AB 9.46913122059564 1.0423966557238618
