data/validation/pwv_sim_epoch_fit_seasonal/13724556.ecsv
# %ECSV 0.9
# ---
# datatype:
# - {name: time, datatype: float64}
# - {name: band, datatype: string}
# - {name: flux, datatype: float64}
# - {name: fluxerr, datatype: float64}
# - {name: zp, datatype: float64}
# - {name: zpsys, datatype: string}
# - {name: pwv, datatype: float64}
# - {name: airmass, datatype: float64}
# meta: {SNID: '13724556', alt: 1024.0, c: 0.06331795454025269, dec: -42.410164, lat: -30.244573, lon: -70.7499537, ra: 32.193676, t0: 61008.6640625,
#   x0: 1.0146027988912241e-05, x1: 0.33750179409980774, z: 0.45753857493400574}
# schema: astropy-2.0
time band flux fluxerr zp zpsys pwv airmass
[from data line 132]
61328.3049 lsst_hardware_g -25.860607312531847 13.210000038146973 31.3700008392334 AB 6.335751576645682 1.1232938201014742
61328.3164 lsst_hardware_r -29.84806196747026 22.360000610351562 31.469999313354492 AB 6.598947756115795 1.1555477041995068
61330.3046 lsst_hardware_i -4.942884782030567 30.899999618530273 31.239999771118164 AB 6.155348428432647 1.1370892584736796
61330.3148 lsst_hardware_r 32.10850879691301 22.579999923706055 31.469999313354492 AB 6.329238448984571 1.1676484547522499
61332.2977 lsst_hardware_z 4.605796456017152 42.2599983215332 30.950000762939453 AB 4.305907086853985 1.1331334439089433
61332.3096 lsst_hardware_g 31.342197653267213 13.40999984741211 31.389999389648438 AB 4.440261233638709 1.168489798325976
61334.2991 lsst_hardware_r 75.26029847886934 22.520000457763672 31.479999542236328 AB 2.660396755542246 1.1527681471259308
61334.3102 lsst_hardware_i -16.456628671702127 31.360000610351562 31.229999542236328 AB 2.7451832542286043 1.1889486068770267
61337.2914 lsst_hardware_z 109.71226189610928 61.779998779296875 30.969999313354492 AB 3.398883704961311 1.154250748798353
61337.3025 lsst_hardware_r -17.30140251367076 80.05000305175781 31.6200008392334 AB 3.6994539128067707 1.190683589573836
61340.2949 lsst_hardware_z -122.3000750257811 88.2300033569336 31.719999313354492 AB 3.7373041367787407 1.1927883624920994
61348.1015 lsst_hardware_z -1.2411060660904734 41.58000183105469 30.950000762939453 AB 4.844220704703533 1.0801941550950922
61355.2312 lsst_hardware_r -7.158396249797192 22.059999465942383 31.469999313354492 AB 2.6295773534937794 1.1233509520088338
61355.2425 lsst_hardware_i -53.377482066520066 30.850000381469727 31.239999771118164 AB 2.6572810860946876 1.1550048186444601
61358.2246 lsst_hardware_z 30.51346736101135 42.09000015258789 30.940000534057617 AB 8.143315844753344 1.1274926749397916
61358.2353 lsst_hardware_i -21.259025857788366 30.93000030517578 31.239999771118164 AB 8.266677469763907 1.1580412509300144
61360.1873 lsst_hardware_z -53.054958946799545 41.2599983215332 30.940000534057617 AB 5.886974132847894 1.0621833402624454
61360.1993 lsst_hardware_r 2.8784642423165034 21.729999542236328 31.469999313354492 AB 5.989501879605973 1.0826683721758952
61362.2198 lsst_hardware_g 45.68833209154169 20.93000030517578 31.530000686645508 AB 5.221235679739278 1.1443804229566321
61362.2327 lsst_hardware_r 6.0075893198075345 27.329999923706055 31.510000228881836 AB 5.36194836810866 1.1852883930607705
61363.1824 lsst_hardware_r -32.15568248311884 42.77000045776367 31.610000610351562 AB 5.704483538907883 1.0673392448257772
61363.1937 lsst_hardware_i 29.23298603581859 41.36000061035156 31.280000686645508 AB 5.762651400695775 1.0877202801156005
61365.177 lsst_hardware_z 36.85292968237347 52.810001373291016 30.969999313354492 AB 3.289489917224551 1.0674385886072095
61365.1888 lsst_hardware_r -117.74168478257822 61.959999084472656 31.639999389648438 AB 3.4280461579676547 1.0888447298999104
61369.1812 lsst_hardware_i -8.675677468310992 63.56999969482422 31.31999969482422 AB 6.509532177856572 1.0957271164858866
61369.1934 lsst_hardware_z -89.09973850164299 59.220001220703125 30.969999313354492 AB 6.683574143643568 1.124455173761602
61371.1369 lsst_hardware_r -42.32899731007033 47.61000061035156 31.6299991607666 AB 3.7353672791046204 1.0376020219735056
61371.1489 lsst_hardware_z -17.848446611077875 48.33000183105469 30.969999313354492 AB 3.78214918186112 1.0505969949614222
61373.163 lsst_hardware_u 5.2225910993729405 3.9700000286102295 28.739999771118164 AB 5.499281015788879 1.0811522689057071
61373.1742 lsst_hardware_g -2.0064414444304117 26.1299991607666 31.610000610351562 AB 4.862860481662954 1.1043589284623385
61375.1626 lsst_hardware_r -8.257125038142718 22.18000030517578 31.479999542236328 AB 8.868409127119502 1.0910936426082065
61375.1746 lsst_hardware_i -28.03541191460617 30.780000686645508 31.239999771118164 AB 8.65437990426673 1.1183175453744765
61378.1843 lsst_hardware_z -2.5832914653117065 42.38999938964844 30.940000534057617 AB 4.333577553429511 1.169472432166415
61378.1958 lsst_hardware_r 1.613301104250466 22.389999389648438 31.459999084472656 AB 4.397613985021735 1.2099916956013304
61382.0912 lsst_hardware_g -1.3037618068114643 12.949999809265137 31.389999389648438 AB 3.9216175181460327 1.0267582357199483
61382.1052 lsst_hardware_i 4.163594715222339 29.719999313354492 31.25 AB 3.9461852496906933 1.0361294224949855
61384.078 lsst_hardware_r 2.4088976117546173 21.709999084472656 31.489999771118164 AB 7.477709594652083 1.0238645740669707
61384.0909 lsst_hardware_z 40.45601895943899 40.720001220703125 30.950000762939453 AB 9.472201675808076 1.029587138674791
61386.0773 lsst_hardware_r 14.784456126904363 21.790000915527344 31.5 AB 13.925169015946656 1.0254552093925886
61386.0887 lsst_hardware_u -3.468910803558043 2.7200000286102295 28.510000228881836 AB 12.834279991604145 1.0317498251463066
61388.0822 lsst_hardware_g 12.820631306319981 14.380000114440918 31.440000534057617 AB 8.14513452773745 1.0310296870553735
61388.0949 lsst_hardware_r -44.042927063520146 22.34000015258789 31.479999542236328 AB 7.6985644721367965 1.0419070642475956
61391.074 lsst_hardware_i -29.556806877007883 35.08000183105469 31.280000686645508 AB 11.256298662091023 1.0310247532275327
61391.086 lsst_hardware_z 18.23139747173883 43.27000045776367 30.950000762939453 AB 10.034381058862728 1.041180914019423
61393.0758 lsst_hardware_r -10.939084687017884 46.2400016784668 31.6299991607666 AB 4.331796864559992 1.0366870562546349
61393.0883 lsst_hardware_z -60.44754381806179 47.279998779296875 30.969999313354492 AB 3.2472975717127257 1.049942632444703
