data/validation/pwv_sim_epoch_fit_seasonal/137795.ecsv
# %ECSV 0.9
# ---
# datatype:
# - {name: time, datatype: float64}
# - {name: band, datatype: string}
# - {name: flux, datatype: float64}
# - {name: fluxerr, datatype: float64}
# - {name: zp, datatype: float64}
# - {name: zpsys, datatype: string}
# - {name: pwv, datatype: float64}
# - {name: airmass, datatype: float64}
# meta: {SNID: '137795', alt: 1024.0, c: 0.00017998162365984172, dec: -18.839405, lat: -30.244573, lon: -70.7499537, ra: 191.425781, t0: 61834.6875,
#   x0: 1.0302068802169744e-05, x1: -0.34743908047676086, z: 0.45457953214645386}
# schema: astropy-2.0
time band flux fluxerr zp zpsys pwv airmass
61799.3698 lsst_hardware_u -1.3198552618669812 4.380000114440918 28.799999237060547 AB 11.83395859606606 1.019802536106237
61803.259 lsst_hardware_r 10.917687819221634 24.809999465942383 31.479999542236328 AB 11.175131046011181 1.2293197344492803
61805.3551 lsst_hardware_g -7.776922058937039 15.170000076293945 31.459999084472656 AB 8.490276393969161 1.0196488863854076
61805.3777 lsst_hardware_z -2.634312577382296 46.560001373291016 30.969999313354492 AB 7.8405477688097145 1.0268881528188085
61807.3574 lsst_hardware_i 42.86765330027552 31.107486435287566 31.25 AB 4.4433058949597735 1.0201792928253417
61807.376 lsst_hardware_y -61.66705395173445 49.72220099085321 30.049999237060547 AB 4.506727244874172 1.0297952421831453
61808.3638 lsst_hardware_r -7.242917164902006 23.94333870035943 31.510000228881836 AB 4.880658957175007 1.0234134948993598
61808.3825 lsst_hardware_y 74.04954890280416 56.7885971640815 30.049999237060547 AB 4.57328456604859 1.0390679868332149
61812.3453 lsst_hardware_z 72.16187507907911 69.42441778800625 30.989999771118164 AB 4.513029126768526 1.0205278142955658
61812.3618 lsst_hardware_r 170.64944409061752 99.93277701090162 31.65999984741211 AB 4.582356108385766 1.0293381498030587
61814.3424 lsst_hardware_y 181.54189711309076 83.83975368122461 30.81999969482422 AB 5.6985902605484275 1.021283239143664
61818.2816 lsst_hardware_z 584.1205037047093 51.29868633881699 30.959999084472656 AB 4.671967469843619 1.0469394890406019
61818.2981 lsst_hardware_r 1278.7639335756712 52.115058549426024 31.610000610351562 AB 5.090244321716402 1.0288518083307587
61820.308 lsst_hardware_r 1635.162826223668 47.948048635030254 31.549999237060547 AB 2.584414497126335 1.0206672359886793
61820.3251 lsst_hardware_z 772.3186813000423 50.12785850772122 30.959999084472656 AB 2.6443514028392254 1.0209850976213226
61822.3111 lsst_hardware_g 770.8029025347033 32.2074522198251 31.479999542236328 AB 6.624548204913992 1.0195926284064785
61822.3278 lsst_hardware_i 1364.349021938338 48.674583016589835 31.270000457763672 AB 6.633871117999895 1.0246283888638454
61824.3082 lsst_hardware_z 1199.220107095786 53.88701564940507 30.950000762939453 AB 11.22949898083507 1.0197510879799372
61824.325 lsst_hardware_r 2664.680813168079 56.41348576887797 31.510000228881836 AB 11.392046013781563 1.0263104516920327
61826.3008 lsst_hardware_u 16.945798896869594 4.301795461663823 28.489999771118164 AB 9.176490486368223 1.0196100540409136
61826.3188 lsst_hardware_g 1271.8031184083545 38.351230251234476 31.450000762939453 AB 9.232359147664862 1.0258176830738737
61828.299 lsst_hardware_r 3453.4489723885486 63.1323656000484 31.510000228881836 AB 6.216276876379437 1.0199814384082826
61828.3159 lsst_hardware_i 2204.49331124741 56.25292126677695 31.25 AB 6.231898595451557 1.0276030333006112
61830.2955 lsst_hardware_z 1848.880330936615 58.770485231625486 30.950000762939453 AB 4.196596135756737 1.0203662039364763
61830.3135 lsst_hardware_r 3695.4976519979723 65.01512139724558 31.510000228881836 AB 4.2475344154951244 1.030038254505325
61832.2267 lsst_hardware_r 3828.560013572279 65.74099164772225 31.5 AB 5.6213936889752665 1.0758305040940193
61832.2447 lsst_hardware_u 2.739620020045562 3.2164549481508984 28.360000610351562 AB 5.437565060490227 1.0451161342518935
61834.2822 lsst_hardware_g 1316.763451325569 39.097745251849844 31.440000534057617 AB 10.595556754381477 1.0199149798865568
61834.3007 lsst_hardware_i 2688.683645045159 59.000309833472365 31.25 AB 10.003905125704717 1.0285029258777982
61836.2769 lsst_hardware_z 1979.4148094823606 60.12277136869329 30.950000762939453 AB 9.88762758661865 1.0199388907559728
61836.2946 lsst_hardware_r 3776.9217529978164 65.1085883630173 31.5 AB 9.20033366852902 1.0280085293898118
61838.2861 lsst_hardware_y 1445.491717239121 77.242858452385 30.809999465942383 AB 8.078874147056432 1.0258562137146368
61840.2593 lsst_hardware_r 3948.1544981186544 124.8358624959955 31.65999984741211 AB 8.998057088822518 1.0196580109152484
61840.2788 lsst_hardware_i 2689.413993715079 98.61994938205042 31.34000015258789 AB 9.070387230637188 1.0247095346229171
61843.2307 lsst_hardware_z 1834.8152857408552 94.43411201522986 31.0 AB 11.520036831095721 1.0281769105193574
61843.258 lsst_hardware_r 3572.187341138586 137.9831643691549 31.670000076293945 AB 11.11114157456968 1.0199712284359765
61847.2404 lsst_hardware_z 1628.9691342354865 58.73365810825574 30.959999084472656 AB 6.015892414632251 1.0196427821410594
61847.2593 lsst_hardware_r 2663.187040044416 63.36575957466002 31.600000381469727 AB 6.49487085310145 1.024481442731182
61849.2412 lsst_hardware_u 2.6295790633887024 3.736277412656621 28.600000381469727 AB 5.056946239903663 1.019905458559706
61849.2602 lsst_hardware_g 529.0909702596183 29.859783972560397 31.559999465942383 AB 5.13512198757819 1.0288591964159077
61851.2393 lsst_hardware_r 1878.3243543648093 49.41493718926525 31.520000457763672 AB 5.896350164172007 1.020644817454968
61851.2581 lsst_hardware_i 1841.0034087838576 52.43993890840325 31.25 AB 5.392673178957468 1.0317450000396935
61853.2394 lsst_hardware_z 1139.3939641327947 53.36637262681435 30.950000762939453 AB 6.045282925449319 1.0226597934108468
61853.2581 lsst_hardware_r 1613.3159986950382 46.595247283547906 31.510000228881836 AB 6.352833725029978 1.037296132969939
61855.1755 lsst_hardware_u 1.4156942744000545 2.7775621331722755 28.389999389648438 AB 7.789463832792862 1.0545540963640236
61855.1923 lsst_hardware_r 1358.6182394073485 44.02054164179874 31.510000228881836 AB 7.600295524522962 1.033069936730055
61859.2257 lsst_hardware_r 921.5217916207221 39.552374741363145 31.510000228881836 AB 6.649227845021761 1.0240083950238852
61859.2434 lsst_hardware_u 3.264331236496991 3.2548971540117817 28.420000076293945 AB 6.676665156427287 1.0392235897728475
61861.2234 lsst_hardware_g 150.94782149043454 19.73764899003342 31.450000762939453 AB 4.354500934580087 1.0259161113394133
61861.24 lsst_hardware_r 854.4507630698793 37.71228032792876 31.5 AB 4.377341236371 1.0417280429250355
61863.2024 lsst_hardware_i 1138.6096708228677 45.230713186747444 31.25 AB 6.410615258680475 1.0198242536876017
61863.2209 lsst_hardware_z 893.0900673085849 50.54094648227457 30.940000534057617 AB 7.336190792172894 1.0280176272093626
61865.2053 lsst_hardware_r 642.77039762629 41.56765523056752 31.579999923706055 AB 7.53620608690217 1.0220778816110392
61865.2239 lsst_hardware_g 132.1252921907403 21.87001360228681 31.530000686645508 AB 7.363348702523368 1.035729843753302
61867.2017 lsst_hardware_r 634.015829790777 71.47061329488518 31.649999618530273 AB 10.304208109763604 1.022902477764789
61867.2199 lsst_hardware_i 979.8126755049706 64.97390682135158 31.31999969482422 AB 8.967212693788024 1.0373215628809438
61873.1046 lsst_hardware_r 472.190704878844 80.58842384166277 31.639999389648438 AB 7.935551529470385 1.0992210450490543
61873.1233 lsst_hardware_i 755.2551532761825 69.95835610496036 31.329999923706055 AB 7.56383512589478 1.0596203727657723
61875.196 lsst_hardware_z 1234.0065112402606 75.83389471374291 31.719999313354492 AB 10.247501130153495 1.0351011242579287
61882.161 lsst_hardware_u 12.358813838802503 5.711626217159073 29.209999084472656 AB 10.396478188638362 1.023023683998855
61882.1852 lsst_hardware_g 79.41895508327346 23.623333456910064 32.209999084472656 AB 9.662853117621397 1.0450281855427888
61884.162 lsst_hardware_r 260.2603735841132 28.801180043138263 31.510000228881836 AB 9.807278921370164 1.0268685175244483
61884.1801 lsst_hardware_i 446.31453568713914 37.99539817517169 31.25 AB 8.278755300784656 1.0455174027511667
61886.1447 lsst_hardware_z 438.5612104365856 45.623740601298344 30.950000762939453 AB 9.141952012077653 1.02091483160486
61886.163 lsst_hardware_u 6.70252212738132 3.8512080327537968 28.440000534057617 AB 9.17805391795939 1.0321698063382132
61890.1472 lsst_hardware_i 465.57125328058106 36.83838278936244 31.260000228881836 AB 10.70334182628634 1.0280307185598945
61890.1652 lsst_hardware_z 349.2314688719949 45.76511127378457 30.950000762939453 AB 10.923894290450441 1.047579227585092
61894.1371 lsst_hardware_r 207.8940083559602 44.825644769461164 31.6200008392334 AB 10.376267524052002 1.0286687619366686
61894.1623 lsst_hardware_i 342.9797389986948 45.55831075371685 31.299999237060547 AB 10.685764664480642 1.0602184113056106
61896.1424 lsst_hardware_z 738.358954248984 93.46338235876995 31.739999771118164 AB 3.667942105365744 1.0392488197858223
61898.1241 lsst_hardware_z 423.272958210734 98.81665963603915 31.0 AB 10.649659576982096 1.027100197098511
61898.1429 lsst_hardware_r 130.81879525017672 142.30617511222167 31.65999984741211 AB 10.258917552389843 1.0469351517899623
61900.1203 lsst_hardware_i 157.55238615350254 95.5391631400724 31.34000015258789 AB 7.575535468567157 1.028341598203642
61900.14 lsst_hardware_z 325.38599986141696 81.91441986955184 30.989999771118164 AB 7.454369692000838 1.050651119379963
61909.0788 lsst_hardware_g -0.5330032814537669 14.770000457763672 31.450000762939453 AB 8.282894552203723 1.0201446611631155
61909.0992 lsst_hardware_r -17.538585783603242 23.559999465942383 31.510000228881836 AB 8.276657568887009 1.031252111168561
61911.0506 lsst_hardware_r -22.81724409999153 23.649999618530273 31.520000457763672 AB 7.272437708624674 1.024431287311577
61911.0718 lsst_hardware_i -79.87826139437895 30.959999084472656 31.260000228881836 AB 7.200717908209369 1.0198835619011428
61919.0342 lsst_hardware_z -4.869287365705284 41.13999938964844 30.959999084472656 AB 9.65574340813934 1.0218078318254027
61919.0539 lsst_hardware_u 2.477461953587054 2.8399999141693115 28.530000686645508 AB 9.883563792572454 1.0207129807469228
61927.0063 lsst_hardware_r -197.15955363155945 144.3300018310547 32.40999984741211 AB 4.5182967258904005 1.024789459262962
61927.0278 lsst_hardware_i -113.34186440562691 117.58999633789062 32.09000015258789 AB 4.513388715901907 1.0198404088128283
61942.968 lsst_hardware_y 39.496087537128915 47.5099983215332 30.049999237060547 AB 5.491098403027761 1.0220750866501185
61942.988 lsst_hardware_z -78.04566592717151 41.150001525878906 30.950000762939453 AB 5.489373688185462 1.020614239692556
61947.9515 lsst_hardware_y -143.32582692782603 77.94000244140625 30.079999923706055 AB 7.845441203173487 1.0233851603156927
61947.9725 lsst_hardware_r 24.261714269887047 24.68000030517578 31.520000457763672 AB 7.756112502814398 1.0201831597879338
62162.3252 lsst_hardware_z 18.70719622978161 42.25 30.950000762939453 AB 13.015243189199083 1.0712575158812365
62162.3436 lsst_hardware_y 34.25385721750867 47.31999969482422 30.049999237060547 AB 14.580693903049971 1.0416579459347128
62163.3625 lsst_hardware_u -1.6263098252840709 3.4700000286102295 28.690000534057617 AB 11.253105185962974 1.0230095623602704
62167.3625 lsst_hardware_r -84.60621798540903 90.63999938964844 31.65999984741211 AB 11.727240980409352 1.0197600852529871
62167.3808 lsst_hardware_y 0.39253164711701516 71.51000213623047 30.079999923706055 AB 12.157879694446471 1.023354654602165
62169.3571 lsst_hardware_z -36.869140485389075 96.29000091552734 31.75 AB 10.032075001178002 1.0197529924198117
62171.3559 lsst_hardware_i -147.74173766864564 64.91999816894531 31.34000015258789 AB 8.475151009600536 1.0195874816057107
62171.3745 lsst_hardware_y -9.946274883055214 57.36000061035156 30.06999969482422 AB 8.525916939935257 1.0260651002810466
62173.3396 lsst_hardware_z 8.762961021834707 44.29999923706055 30.959999084472656 AB 4.453757763199926 1.0212112956606307
62173.3573 lsst_hardware_r -43.97754996985558 35.63999938964844 31.600000381469727 AB 4.4949261408341945 1.0206076384107767
62179.327 lsst_hardware_u -0.8273090095430569 2.8399999141693115 28.520000457763672 AB 6.241877740961381 1.0201924937556057
62179.344 lsst_hardware_g 9.068545870728862 15.029999732971191 31.469999313354492 AB 6.298567204254526 1.021582548739689
62181.1572 lsst_hardware_r -36.6395587923512 25.809999465942383 31.360000610351562 AB 3.5518879891073154 1.8066571663821545
62183.3007 lsst_hardware_z -70.61386107926913 41.31999969482422 30.950000762939453 AB 5.1642772465582265 1.0273761100579681
62183.3188 lsst_hardware_r -17.393099531880434 23.600000381469727 31.510000228881836 AB 5.183433980330399 1.0197587999863071
62185.3135 lsst_hardware_r 2.584849318194294 23.700000762939453 31.520000457763672 AB 5.032930511751979 1.0197407581302844
62185.3313 lsst_hardware_u -3.2353223685914814 2.880000114440918 28.559999465942383 AB 5.041166923919211 1.023171691479442
62187.2861 lsst_hardware_g 10.412615154591682 14.930000305175781 31.469999313354492 AB 2.787495187606402 1.030306851822732
62187.3025 lsst_hardware_i -2.36984377665063 31.09000015258789 31.270000457763672 AB 3.677123235687229 1.0208559788137783
62189.297 lsst_hardware_z 19.601073068399796 41.06999969482422 30.950000762939453 AB 11.362253040265198 1.0208672992152021
62189.3166 lsst_hardware_r 32.68820499661963 23.440000534057617 31.510000228881836 AB 11.416270508486383 1.021544495412857
62191.3004 lsst_hardware_y -5.956598877976542 47.029998779296875 30.059999465942383 AB 10.110538575483552 1.0195672440360561
62191.317 lsst_hardware_g -24.71660515171234 15.0 31.479999542236328 AB 10.163877934227381 1.0242747086795707
62195.3009 lsst_hardware_z -27.069492689087582 69.56999969482422 31.0 AB 5.349380033259693 1.0218003024229394
62195.3202 lsst_hardware_r 70.35334518413833 100.94000244140625 31.670000076293945 AB 5.464927436420996 1.0357597605157063
62197.2991 lsst_hardware_z 38.89747252495704 84.9000015258789 31.0 AB 3.542000011989758 1.0234529290603682
62197.3178 lsst_hardware_r 59.7163995143581 124.7300033569336 31.65999984741211 AB 3.4990357674557617 1.039188942196984
62198.2332 lsst_hardware_z -35.499797144854234 83.25 31.0 AB 5.525574028038065 1.0596217133798385
62198.2501 lsst_hardware_i 40.958630883488176 93.19000244140625 31.34000015258789 AB 6.102527334990796 1.036082739387232
62201.2762 lsst_hardware_z -83.07410647576904 47.15999984741211 30.969999313354492 AB 7.933463425837256 1.019736298696934
62201.2941 lsst_hardware_r -17.905906284712614 45.5 31.6299991607666 AB 7.372021385858275 1.0271015514954058
62203.2789 lsst_hardware_y -130.81474587740945 47.16999816894531 30.049999237060547 AB 10.115203364799099 1.0217377136160706
62203.297 lsst_hardware_g -9.476823672778242 22.15999984741211 31.579999923706055 AB 9.895237586119352 1.034345392277256
62205.2619 lsst_hardware_r -61.74422685232714 23.850000381469727 31.530000686645508 AB 9.671594987729929 1.0195651473466085
62205.2815 lsst_hardware_i -61.322189537449894 31.299999237060547 31.260000228881836 AB 9.693360368436716 1.0259424092754443
62209.2658 lsst_hardware_u -0.8140470132750693 2.7300000190734863 28.440000534057617 AB 11.14796608935271 1.023179418503442
62209.2851 lsst_hardware_r -0.6760640114945251 23.760000228881836 31.5 AB 11.308539475097808 1.0392604590520005
62212.2635 lsst_hardware_r -8.122404554766367 23.93000030517578 31.520000457763672 AB 8.110908939689029 1.0266973341378518
62212.2831 lsst_hardware_u 1.8398398424050084 2.809999942779541 28.489999771118164 AB 8.27346833374759 1.0472744726262773
62215.2432 lsst_hardware_u -4.697762385588436 2.940000057220459 28.600000381469727 AB 5.0435536775523895 1.0207556522065147
62215.2637 lsst_hardware_g 11.642472832860703 15.279999732971191 31.479999542236328 AB 5.148254531920685 1.0338033498393249
62221.2234 lsst_hardware_z 9.73454369460483 48.25 30.969999313354492 AB 6.652576742724567 1.019981868638061
62221.2414 lsst_hardware_r 41.11305611151898 44.41999816894531 31.6299991607666 AB 6.713911797051784 1.0285316545552485
62223.2166 lsst_hardware_i -47.260987258509104 74.80000305175781 31.350000381469727 AB 7.819043070384452 1.0197865060061453
62223.2348 lsst_hardware_z 27.227696954002568 66.55999755859375 31.0 AB 7.830075595145817 1.0276588846547279
62225.2193 lsst_hardware_r 86.43199668190705 156.77000427246094 31.670000076293945 AB 6.6158904867748305 1.0219169735518738
