data/validation/pwv_sim_epoch_fit_seasonal/14085179.ecsv
# %ECSV 0.9
# ---
# datatype:
# - {name: time, datatype: float64}
# - {name: band, datatype: string}
# - {name: flux, datatype: float64}
# - {name: fluxerr, datatype: float64}
# - {name: zp, datatype: float64}
# - {name: zpsys, datatype: string}
# - {name: pwv, datatype: float64}
# - {name: airmass, datatype: float64}
# meta: {SNID: '14085179', alt: 1024.0, c: -0.06120411306619644, dec: -0.74606, lat: -30.244573, lon: -70.7499537, ra: 341.367188, t0: 60548.3359375,
#   x0: 3.980245056023923e-06, x1: -0.5172213912010193, z: 0.6733390688896179}
# schema: astropy-2.0
time band flux fluxerr zp zpsys pwv airmass
60464.4177 lsst_hardware_z 66.1373016700552 63.36000061035156 31.700000762939453 AB 13.050173359321432 1.1669827288243677
60466.411 lsst_hardware_g -25.68525100403431 16.600000381469727 31.440000534057617 AB 5.170926292902878 1.168570913650395
60466.4305 lsst_hardware_y -4.961040239613163 50.529998779296875 30.010000228881836 AB 4.37789011195817 1.15207634525215
60485.358 lsst_hardware_z 59.630347910784295 95.81999969482422 31.719999313354492 AB 4.219844386413523 1.1700934130591831
60485.3799 lsst_hardware_i -79.60473763091818 105.83999633789062 32.06999969482422 AB 5.124260919215033 1.1516271379450662
60487.3853 lsst_hardware_z -50.0118188620752 100.19999694824219 31.719999313354492 AB 8.253917349028173 1.1506791383103194
60493.3727 lsst_hardware_z -5.086696324405203 43.43000030517578 30.93000030517578 AB 7.516267198215979 1.151609483773057
60493.3949 lsst_hardware_u -2.3462638850507083 2.7899999618530273 28.3700008392334 AB 7.581770864009435 1.1704177112732108
60495.3007 lsst_hardware_r -3.440261112832206 24.920000076293945 31.479999542236328 AB 5.507798018998634 1.2349322912552991
60495.3198 lsst_hardware_g -11.466674426632437 15.460000038146973 31.43000030517578 AB 5.271665650854816 1.1879809917418886
60499.3392 lsst_hardware_z 64.77101228396825 43.7599983215332 30.940000534057617 AB 2.418933589728508 1.1526049506330247
60499.3626 lsst_hardware_i 34.17709531819924 32.790000915527344 31.25 AB 2.4893122141179758 1.1545975019100074
60501.3387 lsst_hardware_u -3.366628757057681 2.759999990463257 28.399999618530273 AB 10.795793825506326 1.1509477332428026
60501.3597 lsst_hardware_g -27.966880510387274 15.279999732971191 31.420000076293945 AB 10.865128624280937 1.1563363028484241
60503.3372 lsst_hardware_r -24.776159172645233 24.690000534057617 31.5 AB 7.003043089813758 1.1504287191677014
60503.357 lsst_hardware_i 1.5313532450252647 32.380001068115234 31.239999771118164 AB 6.963674364598633 1.1585527447757265
60508.334 lsst_hardware_g 1.8773613291357685 24.3700008392334 31.549999237060547 AB 1.8019032445878354 1.1524804890233922
60508.3536 lsst_hardware_r -34.997571467539814 24.3700008392334 31.469999313354492 AB 1.8686069138858599 1.1699511096019157
60511.2953 lsst_hardware_r 202.56790179017963 90.02999877929688 31.6200008392334 AB 5.647696057628681 1.1604656203066934
60511.3151 lsst_hardware_i -43.82280427998048 71.3499984741211 31.309999465942383 AB 5.670547864504494 1.150445904748325
60516.2988 lsst_hardware_z -165.16671901155627 103.08946312961689 31.719999313354492 AB 9.839666225694895 1.150748428079085
60520.2842 lsst_hardware_r -27.757606130644383 26.368311962052363 31.510000228881836 AB 5.0960643079374774 1.1516963293391413
60520.3052 lsst_hardware_i -56.74866273218272 33.43178590929321 31.239999771118164 AB 5.109828748672177 1.154567869552545
60527.217 lsst_hardware_r 191.4329521693908 28.275935449467408 31.459999084472656 AB 2.731363939539088 1.2242778751857768
60527.2382 lsst_hardware_g 48.87851305182007 17.138094943749923 31.389999389648438 AB 2.661795227572076 1.1777854989256975
60529.2742 lsst_hardware_r 327.94925311544023 30.548760962169837 31.5 AB 3.4767518602274916 1.1515600972324012
60529.2934 lsst_hardware_i 348.504248569221 36.859419932049605 31.239999771118164 AB 3.0179090794599124 1.1662665513821637
60531.2556 lsst_hardware_z 284.5562711554683 46.62921704833635 30.940000534057617 AB 4.9627941482506674 1.1512600239519035
60531.2761 lsst_hardware_i 476.5231813546576 38.571515469296465 31.25 AB 4.757848225496506 1.1551680061903506
60535.2388 lsst_hardware_r 989.4589772895816 41.204876033479785 31.540000915527344 AB 2.840339129193785 1.153671457836631
60535.2588 lsst_hardware_i 739.9908530529733 42.01346169725187 31.239999771118164 AB 4.204434506443734 1.1518998647791052
60537.2364 lsst_hardware_z 1148.6738916420811 76.30804409666936 31.700000762939453 AB 5.16425312799713 1.1522206889774944
60539.2311 lsst_hardware_r 1355.5952785897143 84.2013813145088 31.6299991607666 AB 2.7790997486756797 1.1521574359684974
60539.2521 lsst_hardware_z 1293.896677575895 91.7214384751154 31.719999313354492 AB 3.4474337527733043 1.1538561635924371
60539.275 lsst_hardware_r 1304.6563348037296 82.84560821814134 31.6200008392334 AB 3.5372596547055926 1.179086551568531
60541.2134 lsst_hardware_r 1519.3864625683 146.25100814835446 31.639999389648438 AB 2.063805572660463 1.1604735894253781
60541.2332 lsst_hardware_i 1165.027295429673 115.80845369050988 31.329999923706055 AB 2.053954145796718 1.1504597530602148
60543.2099 lsst_hardware_z 929.5998859586681 108.37590138642157 30.989999771118164 AB 2.3052754188030784 1.158672461806783
60543.2307 lsst_hardware_i 1137.671526186367 126.88090900860223 31.31999969482422 AB 2.2852820013819524 1.1505027696167502
60546.2117 lsst_hardware_z 808.2590580869496 58.9198426461165 30.959999084472656 AB 3.887970039213887 1.1522756352325672
60546.2303 lsst_hardware_g 302.3795835115096 55.29275728337418 31.670000076293945 AB 3.887927765610439 1.1525192852776678
60553.1785 lsst_hardware_z 874.2792015195073 51.989965946530084 30.940000534057617 AB 1.821869873440241 1.1626482919210217
60553.1966 lsst_hardware_u -3.328614776811362 2.848732998312089 28.3799991607666 AB 1.7736919008815017 1.1510005846083724
60555.17 lsst_hardware_r 925.3483788684871 40.293559665260645 31.489999771118164 AB 1.6247846680957336 1.1661133981548328
60555.1903 lsst_hardware_g 152.647484137963 19.944438566957324 31.440000534057617 AB 1.4644320324570435 1.1512076245977414
60557.1665 lsst_hardware_r 950.3094231493006 39.12815863438599 31.489999771118164 AB 1.75447019083455 1.1638276556116418
60557.1863 lsst_hardware_i 1130.426657001799 45.89456376623333 31.239999771118164 AB 2.5104286564571074 1.150868882850141
60559.1514 lsst_hardware_z 787.3884587759253 51.640321071704946 30.940000534057617 AB 2.44791274551935 1.1768811276535336
60559.171 lsst_hardware_i 965.586223335528 45.26874183483134 31.25 AB 2.6923894345241295 1.1550362224467663
60568.1315 lsst_hardware_i 705.0145353351935 77.98545064928358 31.309999465942383 AB 3.7237630510384916 1.1699828924792999
60568.1504 lsst_hardware_z 521.3205266681894 71.37372849493813 30.979999542236328 AB 3.6700083792030798 1.1528218561970156
60571.1464 lsst_hardware_r 420.73213473746546 162.68194104937717 31.639999389648438 AB 8.616092470160389 1.1512683685409393
60571.1658 lsst_hardware_z 524.4796850094205 110.77400183697937 30.989999771118164 AB 8.55910232405719 1.1544902814442821
60582.1013 lsst_hardware_r 176.77185664615118 27.419782101301585 31.489999771118164 AB 4.446385156503071 1.1606330348481
60582.1219 lsst_hardware_g 49.95361862777031 16.896971168101686 31.43000030517578 AB 4.390094791810768 1.150444127833104
60584.101 lsst_hardware_r 149.70484649421658 27.289631447674193 31.5 AB 5.23044684325666 1.1562405518952692
60584.1206 lsst_hardware_i 278.7705662515461 35.8354932742679 31.239999771118164 AB 5.234519727553322 1.1507389574367552
60588.0708 lsst_hardware_r 119.3830953440316 26.72398936760504 31.489999771118164 AB 4.475149256915978 1.179196571945977
60588.0896 lsst_hardware_u 0.9969437025793789 2.878062338603373 28.3799991607666 AB 3.9607590635570644 1.156594849921829
60590.0687 lsst_hardware_g 29.383628640840513 16.467635594941072 31.43000030517578 AB 6.289081124847448 1.1738835510681191
60590.0874 lsst_hardware_r 87.64631478580385 26.673393335988454 31.489999771118164 AB 10.825368432186243 1.1543878681095423
60592.0708 lsst_hardware_i 137.68278997202526 36.02042468930531 31.25 AB 2.8050076172591196 1.1639840724500117
60592.0893 lsst_hardware_z 247.42244680011208 46.45542568382419 30.940000534057617 AB 3.6483622827446354 1.1512055585836345
60594.0711 lsst_hardware_r 80.49947276920064 39.78254906069646 31.56999969482422 AB 6.1490904716116725 1.1582934724015395
60594.091 lsst_hardware_g 11.465610904591795 35.55019512552245 31.6299991607666 AB 6.659934054926805 1.1504794958558384
60596.0686 lsst_hardware_r 102.13417990241825 74.2467780140349 31.6200008392334 AB 8.323034529611418 1.1559770180015858
60596.0878 lsst_hardware_i 81.98873392256932 64.33639628083951 31.299999237060547 AB 8.315489904397221 1.1507337698525821
60599.0693 lsst_hardware_z 320.3238480177597 92.05663997315668 30.989999771118164 AB 7.5207440985981915 1.1514574138556155
60599.0875 lsst_hardware_i -28.527276148242372 107.63544739223643 31.31999969482422 AB 7.958770736188134 1.1534450342301643
60601.0789 lsst_hardware_z 399.3022811129098 100.65255768567188 31.729999542236328 AB 4.345824395825057 1.1520255533688724
60603.0388 lsst_hardware_g 8.931850268005546 16.398732979170358 31.440000534057617 AB 3.8728510823877507 1.1662872161376483
60603.0562 lsst_hardware_r 84.60812501697069 25.911144674597114 31.5 AB 3.360187371910796 1.1522288459188328
60605.0386 lsst_hardware_i 105.394214176616 33.96940549688112 31.239999771118164 AB 4.533339262156441 1.160534851112049
60605.0564 lsst_hardware_z 142.378960834227 44.75208966134462 30.940000534057617 AB 5.041098509948031 1.15067302212912
60607.0389 lsst_hardware_r 51.46356104977783 25.883734135614304 31.5 AB 4.191483855506805 1.155740033687538
60607.0571 lsst_hardware_g 59.10464795261284 16.343554681654286 31.440000534057617 AB 4.386891089336512 1.1506348073711645
60609.0378 lsst_hardware_r 190.02642037172745 44.69695232139342 32.689998626708984 AB 4.928218763042289 1.1531368851809978
60609.0651 lsst_hardware_i 245.42161535570622 58.52448330448075 32.43000030517578 AB 3.376032511168822 1.156571603689175
60613.0374 lsst_hardware_u 2.36415773177894 3.256308583813039 28.510000228881836 AB 5.3676665781192465 1.1504402460739651
60613.0539 lsst_hardware_g 18.793537000896034 16.391189527147755 31.450000762939453 AB 4.849404496836998 1.156363841547451
60615.0128 lsst_hardware_y 34.44052092686182 51.92186505849598 30.010000228881836 AB 9.951132160376353 1.1591301293391207
60615.0326 lsst_hardware_r 71.51226241626576 25.71854416530428 31.489999771118164 AB 9.972001949787431 1.1504386190342477
60617.0215 lsst_hardware_z 79.64773815686537 66.37863112270107 31.700000762939453 AB 5.3571570505233135 1.1510866030346614
60622.0117 lsst_hardware_y -52.45913113197899 61.58393127010779 30.030000686645508 AB 9.692856692538104 1.1504874412508137
60622.0301 lsst_hardware_i 98.89006211959085 37.193823691636936 31.270000457763672 AB 10.007612113753993 1.1569493773126005
60624.0143 lsst_hardware_y 131.74677475491322 60.26072732593575 30.030000686645508 AB 7.730787186826134 1.1514142514821102
60624.0328 lsst_hardware_i 101.6022364478951 55.1798247297001 31.299999237060547 AB 7.356148225198326 1.1648383349922133
60831.4065 lsst_hardware_i -12.432987704147887 33.709999084472656 31.239999771118164 AB 5.410141601008964 1.1761177393497748
60831.4295 lsst_hardware_y 23.65954552395901 50.59000015258789 30.010000228881836 AB 5.072650578722066 1.1528751315277421
60843.3296 lsst_hardware_z 34.177608479751996 67.41999816894531 30.959999084472656 AB 4.989468896322682 1.3014591187017106
60843.3622 lsst_hardware_r 68.98114625718163 76.27999877929688 31.6200008392334 AB 3.959960956497614 1.1976895724864618
60845.3867 lsst_hardware_i -87.27020148127212 57.93000030517578 32.02000045776367 AB 3.3808565530637367 1.1555191864644137
60845.4083 lsst_hardware_z -28.56867145405201 67.41999816894531 31.700000762939453 AB 3.344956230495321 1.1514809594636637
60850.3457 lsst_hardware_g 15.283326658243732 15.729999542236328 31.40999984741211 AB 4.0709539174406775 1.1921965787116213
60850.372 lsst_hardware_r 21.45865457948509 25.15999984741211 31.5 AB 3.958274803715674 1.1562633311730304
60853.3336 lsst_hardware_i 8.56130161590286 32.939998626708984 31.239999771118164 AB 8.644118928494063 1.2005720734019532
60853.3601 lsst_hardware_r 21.072125919485938 24.950000762939453 31.5 AB 8.346926442173203 1.1592953391907226
60859.3711 lsst_hardware_u -0.9788188189158018 2.809999942779541 28.420000076293945 AB 7.492909779893641 1.151825030535869
60859.3937 lsst_hardware_g 14.450907275684639 15.539999961853027 31.43000030517578 AB 7.5678995834503215 1.1716526254857935
60862.3379 lsst_hardware_g -1.5682066360399745 15.520000457763672 31.440000534057617 AB 6.57745620642587 1.15728973456951
60862.3574 lsst_hardware_r 7.733517036588672 24.860000610351562 31.510000228881836 AB 6.545575949869556 1.1505839043525374
60869.3194 lsst_hardware_z 6.479691118779011 79.81999969482422 30.979999542236328 AB 7.05659618033871 1.1568190459571657
60869.3394 lsst_hardware_r 141.18940597488574 111.5 31.6299991607666 AB 6.993358612962958 1.1507281614133873
60876.2908 lsst_hardware_z -106.31931298906024 61.279998779296875 31.690000534057617 AB 3.2760399474043225 1.1661963621730012
60876.3125 lsst_hardware_u -1.237743883654878 3.940000057220459 29.15999984741211 AB 3.913176868141108 1.1509343729826789
60878.294 lsst_hardware_g 8.638092600760585 15.0600004196167 31.399999618530273 AB 5.551820215972428 1.157473202537773
60878.3163 lsst_hardware_r 5.480108652056554 24.3799991607666 31.479999542236328 AB 5.573163577806525 1.151004456383008
60880.2897 lsst_hardware_i -44.13468258259843 32.4900016784668 31.239999771118164 AB 6.826682222151599 1.1565747093861243
60880.3109 lsst_hardware_z 26.7043168579598 43.380001068115234 30.940000534057617 AB 5.946739953503965 1.1510190561316103
60882.2841 lsst_hardware_i -34.96544385251688 32.33000183105469 31.229999542236328 AB 12.313251886561584 1.1566807258167822
60882.3062 lsst_hardware_u -2.1848587452213684 2.6500000953674316 28.309999465942383 AB 9.639388753584148 1.1512008861764509
60885.2819 lsst_hardware_g -11.845199670117827 15.229999542236328 31.43000030517578 AB 4.835643220243384 1.1529907535153514
60885.3037 lsst_hardware_r 14.43614342775802 24.5 31.5 AB 4.267552641013556 1.1533926056793395
60887.2867 lsst_hardware_i -21.381533971348773 32.349998474121094 31.239999771118164 AB 4.112037712753171 1.1504885183734683
60887.3077 lsst_hardware_r -40.21889349439518 24.65999984741211 31.5 AB 3.935976864530368 1.1603420310616488
60889.2781 lsst_hardware_z -0.5705569808115534 43.18000030517578 30.940000534057617 AB 1.8092615306382518 1.150746720075212
60889.3005 lsst_hardware_g 3.329890735436316 15.149999618530273 31.420000076293945 AB 1.606609061020719 1.1587515766467502
60892.2597 lsst_hardware_z -37.15720340719149 71.44999694824219 31.700000762939453 AB 0.27962746813869854 1.1546901643717764
60892.2793 lsst_hardware_r 12.161499469912648 74.25 32.36000061035156 AB 0.4170627012848144 1.1513118047889974
60895.255 lsst_hardware_i 73.89010172462635 87.20999908447266 31.31999969482422 AB 3.686293590023981 1.1528073355646766
60895.2745 lsst_hardware_z 49.406927688077616 75.51000213623047 30.979999542236328 AB 3.5051445772799714 1.1525026010346244
60898.2503 lsst_hardware_z -150.34851987573072 100.37999725341797 30.989999771118164 AB 7.558044235867668 1.1514826487705456
60898.2699 lsst_hardware_r -131.02797973413993 144.63999938964844 31.6299991607666 AB 7.7343467892495505 1.1543370455206226
60900.2422 lsst_hardware_i -130.13386549042838 66.6500015258789 31.309999465942383 AB 4.0375535809528325 1.152434303111983
60900.2607 lsst_hardware_r 92.37728176155639 78.5999984741211 31.6299991607666 AB 3.9182994954120933 1.1524410280623805
60903.2309 lsst_hardware_u 1.4372066740074256 3.200000047683716 28.520000457763672 AB 5.153319803627324 1.1539651354480935
60903.2519 lsst_hardware_g 0.47402073332324723 21.18000030517578 31.540000915527344 AB 5.197931489723365 1.1521940645167796
60905.2476 lsst_hardware_r -14.753307040500648 24.809999465942383 31.5 AB 2.8740221631628455 1.1526826857604997
60905.2664 lsst_hardware_i 22.06923253025787 32.709999084472656 31.239999771118164 AB 3.4756180991920353 1.169323124097354
60907.1841 lsst_hardware_i 58.74008244429502 33.0 31.229999542236328 AB 2.6271246461742037 1.2053795118945647
60907.2016 lsst_hardware_z -17.001180305890244 43.779998779296875 30.940000534057617 AB 2.553778441306331 1.1722646046850267
60911.2174 lsst_hardware_g 29.98044353592108 15.489999771118164 31.420000076293945 AB 2.9690338129225227 1.1508626447144608
