data/validation/pwv_sim_epoch_fit_seasonal/14094185.ecsv
# %ECSV 0.9
# ---
# datatype:
# - {name: time, datatype: float64}
# - {name: band, datatype: string}
# - {name: flux, datatype: float64}
# - {name: fluxerr, datatype: float64}
# - {name: zp, datatype: float64}
# - {name: zpsys, datatype: string}
# - {name: pwv, datatype: float64}
# - {name: airmass, datatype: float64}
# meta: {SNID: '14094185', alt: 1024.0, c: -0.09912574291229248, dec: -37.92165, lat: -30.244573, lon: -70.7499537, ra: 232.910156, t0: 61950.3203125,
#   x0: 9.401531013453288e-06, x1: -1.4875891208648682, z: 0.47195833921432495}
# schema: astropy-2.0
time band flux fluxerr zp zpsys pwv airmass
61819.3245 lsst_hardware_z 60.737205160498974 48.38999938964844 30.950000762939453 AB 5.946195031798508 1.196899160990038
61819.3429 lsst_hardware_g -39.71971796330911 32.150001525878906 31.6299991607666 AB 5.913472063938218 1.1337540304722578
61823.3045 lsst_hardware_i -3.5492252973858314 33.15999984741211 31.229999542236328 AB 13.743881057826153 1.2347391121935274
61823.3231 lsst_hardware_r -3.8423072178076723 24.719999313354492 31.5 AB 12.933040335632839 1.1621287508150366
61833.3893 lsst_hardware_u -1.3594091519819158 3.259999990463257 28.540000915527344 AB 6.944673402044004 1.0098283044474772
61833.4013 lsst_hardware_y -11.450166937104292 67.94999694824219 30.06999969482422 AB 6.918185637743565 1.0097084365473268
61835.3841 lsst_hardware_r 21.032668969124124 23.420000076293945 31.510000228881836 AB 7.419723691657982 1.0097838852710956
61835.3967 lsst_hardware_y -7.960053092053407 51.630001068115234 30.059999465942383 AB 7.547468006985459 1.0098523301722175
61839.381 lsst_hardware_g 30.012566085507405 14.6899995803833 31.440000534057617 AB 9.362044655938025 1.009312321407772
61839.3951 lsst_hardware_y 19.885947561584906 48.2400016784668 30.049999237060547 AB 9.379166515801083 1.0127231337245628
61841.3761 lsst_hardware_i 22.131756544716918 66.87000274658203 31.34000015258789 AB 7.2798885591613125 1.0093433010969108
61841.3899 lsst_hardware_y 148.95983349482646 53.29999923706055 30.059999465942383 AB 7.357762109899688 1.0128380631701683
61844.3648 lsst_hardware_z 32.47280801408095 65.1500015258789 30.989999771118164 AB 9.124915566945742 1.0092816687253336
61844.3758 lsst_hardware_i 93.46585268755099 72.19000244140625 31.34000015258789 AB 9.80013016003292 1.0106960640132956
61848.3763 lsst_hardware_i 9.08593941726764 37.279998779296875 31.280000686645508 AB 6.388513267457771 1.0157157137301072
61848.3889 lsst_hardware_r -10.779145267096805 36.13999938964844 31.59000015258789 AB 6.433621928502194 1.0255507856273423
61850.3605 lsst_hardware_u -6.102226969630016 3.430000066757202 28.6299991607666 AB 5.892957769989095 1.0110157014778856
61850.3736 lsst_hardware_g -7.427856418152144 17.700000762939453 31.520000457763672 AB 5.915372406360192 1.0174796656822747
61852.2581 lsst_hardware_i 35.86370285413172 31.549999237060547 31.239999771118164 AB 6.877836883546777 1.1185596536275355
61852.2756 lsst_hardware_z -3.651624870951889 41.90999984741211 30.950000762939453 AB 6.619784459941591 1.0764752353754925
61854.3621 lsst_hardware_z -52.36791412857308 40.90999984741211 30.950000762939453 AB 6.739079815956314 1.0170916588036274
61854.3757 lsst_hardware_r 36.86051345445653 23.06999969482422 31.5 AB 7.626594187864294 1.0287672016003993
61858.323 lsst_hardware_g -10.129547878732259 14.449999809265137 31.450000762939453 AB 7.493825925795568 1.0095414153031885
61858.3335 lsst_hardware_r -38.26589792355735 23.110000610351562 31.510000228881836 AB 8.920934025891027 1.0097836918774155
61860.2633 lsst_hardware_g -24.166889744036656 14.369999885559082 31.420000076293945 AB 4.857016776211328 1.0583465220267643
61860.2814 lsst_hardware_r 15.139435261417407 23.06999969482422 31.489999771118164 AB 4.664923746889482 1.032291158860235
61862.3072 lsst_hardware_u 1.38456465752515 2.7200000286102295 28.459999084472656 AB 8.894936558363579 1.0104629068326765
61862.32 lsst_hardware_g -3.01722773768008 14.369999885559082 31.440000534057617 AB 8.884446440188542 1.0094432404395404
61866.3049 lsst_hardware_z -20.393721325000502 40.72999954223633 30.950000762939453 AB 16.845650237551432 1.0092806037806228
61866.3179 lsst_hardware_r -4.294363851450005 23.020000457763672 31.510000228881836 AB 16.941948518295593 1.0113690426705284
61872.3031 lsst_hardware_r 103.38731204054629 122.83000183105469 31.670000076293945 AB 6.7069002040502435 1.011942243453721
61872.315 lsst_hardware_z 78.88760274054351 85.02999877929688 31.010000228881836 AB 6.820920050421268 1.018503815204012
61876.1751 lsst_hardware_z -37.14750985836137 71.0999984741211 31.709999084472656 AB 20.03700933372052 1.173676741665902
61878.3163 lsst_hardware_i 21.661053180354713 33.88999938964844 31.270000457763672 AB 13.352035517802932 1.03581770715546
61878.3278 lsst_hardware_z -46.389457960572884 42.84000015258789 30.959999084472656 AB 13.546733892288518 1.0522211796486758
61880.2786 lsst_hardware_z -21.771602483319835 58.0099983215332 31.700000762939453 AB 3.6382382887363423 1.0110196018071025
61880.2922 lsst_hardware_r -11.405264939737236 33.7400016784668 32.27000045776367 AB 3.5802075809844482 1.0178273151341715
61885.147 lsst_hardware_r 76.56409267583318 23.93000030517578 31.469999313354492 AB 16.545359984097118 1.186614390444402
61885.1664 lsst_hardware_z -19.60051892305422 42.52000045776367 30.940000534057617 AB 15.605479403558318 1.1230464703786542
61888.2676 lsst_hardware_r -0.5077272384249826 23.079999923706055 31.489999771118164 AB 2.817777881642406 1.0160256784768291
61888.2802 lsst_hardware_u -1.4147637937809487 2.569999933242798 28.31999969482422 AB 2.8055474454715417 1.0260444150206782
61889.2824 lsst_hardware_g 27.02123529910387 25.200000762939453 32.630001068115234 AB 10.965358684595675 1.0312330364277784
61889.2958 lsst_hardware_r -40.378509712144854 40.459999084472656 32.689998626708984 AB 12.599674142865322 1.0491131552920792
61891.2797 lsst_hardware_i 65.18854947727986 30.889999389648438 31.260000228881836 AB 9.33547395099097 1.0344588565561494
61891.2905 lsst_hardware_z 13.844054574740541 41.52000045776367 30.950000762939453 AB 9.488942974951486 1.0493619605331979
61897.1586 lsst_hardware_i -43.44534056532831 61.25 31.31999969482422 AB 6.503787629716334 1.0649725936984338
61897.1779 lsst_hardware_z 2.8819151605435778 57.779998779296875 30.979999542236328 AB 6.609256622321847 1.0352575312343317
61899.1647 lsst_hardware_r -220.7159548445393 133.5 31.65999984741211 AB 7.947472049344127 1.0457200064926484
61899.2005 lsst_hardware_z -308.0002987850876 126.86000061035156 31.75 AB 7.72134944661073 1.0123704532071234
61899.229 lsst_hardware_r 97.93498343089044 138.17999267578125 31.670000076293945 AB 8.444726807344072 1.0117989285420672
61908.2188 lsst_hardware_u 4.632136903965412 2.819999933242798 28.450000762939453 AB 8.151403522305023 1.020073022438371
61908.2314 lsst_hardware_g 2.3577177042005104 17.6200008392334 31.520000457763672 AB 8.229984595624648 1.0322318569703626
61918.104 lsst_hardware_z -46.19394287580476 41.77000045776367 30.950000762939453 AB 8.067123167146022 1.060010709069319
61918.116 lsst_hardware_i 11.430717922008931 31.09000015258789 31.260000228881836 AB 7.959106412735411 1.0412000103872772
61947.0898 lsst_hardware_z 1477.0311891543977 55.878710937811945 30.950000762939453 AB 4.949955278435342 1.0096798120214343
61947.103 lsst_hardware_r 3484.25432709525 62.88367054223719 31.5 AB 4.898280476210014 1.0140492661868399
61950.0346 lsst_hardware_z 1686.2355264709004 57.38527538553282 30.940000534057617 AB 4.675203748477093 1.0335558479343623
61950.0438 lsst_hardware_r 3515.4310610308257 64.91348855209804 31.520000457763672 AB 3.5365744209909318 1.0239068966390417
61961.9691 lsst_hardware_y 503.4975066136852 53.100478552758474 30.030000686645508 AB 6.466127357207351 1.0899498284378173
61961.9908 lsst_hardware_g 515.6444618923106 26.4810428454402 31.450000762939453 AB 6.248099898759806 1.0485588250488451
61962.0815 lsst_hardware_z 1221.709234055753 59.606708599906135 30.969999313354492 AB 6.83017889787745 1.0294941439260608
61962.0933 lsst_hardware_r 2395.4470854980073 72.81629904773294 31.6299991607666 AB 7.5480168831816385 1.044358894927592
61964.9664 lsst_hardware_y 431.802149878242 53.27102642932054 30.040000915527344 AB 8.960120831174017 1.0778876611406043
61964.9884 lsst_hardware_i 1545.979267821342 50.11123193708855 31.25 AB 8.735471276396781 1.04020536365303
61974.0184 lsst_hardware_r 665.6570693512635 35.45896393946355 31.5 AB 4.264557459351505 1.0100998660209237
61974.0299 lsst_hardware_z 683.8328354203569 49.081205662663876 30.950000762939453 AB 4.270613947678617 1.0143775335433465
61976.0195 lsst_hardware_r 628.6546504211346 33.9303006727297 31.510000228881836 AB 5.217657732528472 1.012089305417394
61976.0305 lsst_hardware_u 13.744091881792485 4.3212300927037655 28.420000076293945 AB 5.279830236260998 1.0181257084224968
61978.0092 lsst_hardware_u 28.694188634646014 5.314942490274401 28.450000762939453 AB 4.497765592085345 1.0105067607471008
61978.0211 lsst_hardware_g 139.8096167733869 19.725633033798772 31.469999313354492 AB 4.660965988685512 1.0155716284313134
61981.0076 lsst_hardware_z 702.6747582157567 54.73754512813587 30.969999313354492 AB 5.184980510457946 1.0128233839936083
61981.0192 lsst_hardware_r 497.4574973005332 52.31600019363641 31.6299991607666 AB 5.227308418196743 1.0198631193438188
61983.0164 lsst_hardware_z 1430.0836288326477 91.25119295681728 31.729999542236328 AB 3.820653517311226 1.0220205574617636
62202.3901 lsst_hardware_z 0.17339549403550317 47.599998474121094 30.969999313354492 AB 9.023587554473757 1.0095756941680134
62202.4014 lsst_hardware_y 71.05805846531112 60.41999816894531 30.06999969482422 AB 9.067824827032563 1.0127875830639497
62211.2184 lsst_hardware_u -0.5080096321287485 2.5399999618530273 28.190000534057617 AB 11.316653942979427 1.3614292749303558
62211.2391 lsst_hardware_g -18.83558359351117 14.510000228881836 31.3700008392334 AB 10.462586830717045 1.2498112802481138
62213.3789 lsst_hardware_i -4.188580863032064 30.799999237060547 31.260000228881836 AB 7.237335352881259 1.016908156931457
62213.3921 lsst_hardware_z -17.936718728285772 41.4900016784668 30.950000762939453 AB 7.36110668754981 1.0280516305366167
62216.2608 lsst_hardware_u -0.7360176050877276 2.9200000762939453 28.559999465942383 AB 5.126227676559152 1.1206093948101383
62216.321 lsst_hardware_r 8.59697450801142 33.349998474121094 32.279998779296875 AB 4.008523484239728 1.0188139494826913
62216.3771 lsst_hardware_u 4.809760050577359 2.9800000190734863 28.649999618530273 AB 6.255172713686195 1.0216696959879454
62218.2501 lsst_hardware_i 34.03657602509841 31.920000076293945 31.25 AB 6.969421388663772 1.1358248677743992
62218.269 lsst_hardware_z -15.12465341814737 42.209999084472656 30.950000762939453 AB 6.664158951161007 1.0863410141268248
62220.3193 lsst_hardware_r 36.9096941943677 23.15999984741211 31.520000457763672 AB 6.228842844023251 1.0132730642194758
62220.3308 lsst_hardware_z -36.0482100709898 40.93000030517578 30.959999084472656 AB 6.171020958470744 1.0096978702451416
62224.3196 lsst_hardware_z 6.706203008959194 60.2599983215332 30.989999771118164 AB 7.522913111671468 1.0097418162504765
62224.3316 lsst_hardware_r -42.417358591941216 84.0 31.670000076293945 AB 7.502897991803824 1.0098113044150503
62230.3069 lsst_hardware_z 18.467724670714073 51.689998626708984 30.969999313354492 AB 6.9059189278258675 1.0093421408690249
62230.3198 lsst_hardware_i 22.756607998118707 50.369998931884766 31.309999465942383 AB 7.021438355984173 1.01088494627244
62236.1763 lsst_hardware_r 35.299680058977074 24.020000457763672 31.469999313354492 AB 6.029819621161722 1.2254070494164182
62236.1968 lsst_hardware_i 60.27543375645194 31.829999923706055 31.239999771118164 AB 5.6636880856473795 1.148782276254497
62236.3043 lsst_hardware_r -1.7317268574694509 23.15999984741211 31.510000228881836 AB 5.326024815911624 1.0111585392589346
62236.3163 lsst_hardware_i 36.37001642917489 30.579999923706055 31.260000228881836 AB 5.403513251578603 1.0170361851267837
62238.1656 lsst_hardware_z 74.40631505922931 44.29999923706055 30.93000030517578 AB 7.867609895383358 1.248826967521168
62238.1835 lsst_hardware_r -1.695424484204326 23.8799991607666 31.479999542236328 AB 7.6405244038854185 1.175465292905449
62242.2936 lsst_hardware_u -6.234245953137661 2.799999952316284 28.530000686645508 AB 17.23823983482782 1.0134378393557282
62242.3057 lsst_hardware_r 33.971386730855706 23.149999618530273 31.510000228881836 AB 17.418357068041626 1.021324978581129
62244.1731 lsst_hardware_i 22.459837698453395 31.940000534057617 31.239999771118164 AB 14.89739441202712 1.1548367761261333
62244.1924 lsst_hardware_z -19.021807073166258 42.25 30.950000762939453 AB 14.183934626664906 1.0995298160205353
62244.2847 lsst_hardware_g 15.22850727775015 14.40999984741211 31.450000762939453 AB 12.863411950259048 1.0119507493418596
62244.2965 lsst_hardware_i -16.986729164923272 30.6200008392334 31.260000228881836 AB 13.11930649218767 1.018441321418881
62248.2388 lsst_hardware_r 31.408457112058723 23.110000610351562 31.510000228881836 AB 8.508520668077884 1.0154173762524326
62248.2516 lsst_hardware_u 0.9440561568288022 2.7699999809265137 28.5 AB 8.557942031251079 1.0102237386382795
62254.2756 lsst_hardware_z -78.83160457624888 89.45999908447266 31.0 AB 2.8651291756984314 1.0236260006067992
62254.2875 lsst_hardware_r 47.97718307800987 135.2899932861328 31.65999984741211 AB 2.798500060783186 1.0364815039937725
62257.2721 lsst_hardware_i -3.075875946127651 76.73999786376953 31.34000015258789 AB 9.351433865838109 1.0281856166798664
62257.2833 lsst_hardware_z -136.22271587116887 66.80000305175781 30.989999771118164 AB 9.41171597324718 1.0417624425019707
62259.2196 lsst_hardware_r -64.09962751407363 51.95000076293945 31.639999389648438 AB 11.977446653170551 1.0107265607018552
62259.2316 lsst_hardware_z -44.0785112390422 48.959999084472656 30.969999313354492 AB 11.940333670274882 1.009326599346989
62261.2214 lsst_hardware_r 61.13601470385719 30.81999969482422 31.579999923706055 AB 9.298645240696944 1.0094056926505812
62261.2335 lsst_hardware_y -56.58242733954962 47.349998474121094 30.059999465942383 AB 9.241399933486791 1.010430782143756
62266.2022 lsst_hardware_i 2.385894687232205 30.950000762939453 31.270000457763672 AB 6.273867340262519 1.0102845958555118
62266.2143 lsst_hardware_z -23.59710028714974 41.06999969482422 30.959999084472656 AB 6.258654823973969 1.0094604554796724
62268.2092 lsst_hardware_r -0.8150789738177718 23.600000381469727 31.520000457763672 AB 11.332118281490466 1.0094978648158626
62268.2209 lsst_hardware_u 1.760456708560171 2.9100000858306885 28.579999923706055 AB 11.378473719505937 1.0126575787745995
62270.2132 lsst_hardware_g 13.621544732598954 15.029999732971191 31.479999542236328 AB 6.805766275853111 1.0117591093934102
62270.2259 lsst_hardware_i -27.46152572847708 31.059999465942383 31.270000457763672 AB 6.869415176343489 1.0187224364927532
62272.1997 lsst_hardware_r 0.5078227098060775 23.610000610351562 31.530000686645508 AB 5.445877526430418 1.0096800308565987
62272.2112 lsst_hardware_z 10.861467700900421 41.16999816894531 30.959999084472656 AB 5.335969433100029 1.0132068483821186
62280.0762 lsst_hardware_z -15.93657010645907 55.54999923706055 30.959999084472656 AB 9.547481906322862 1.150299024858176
62280.0956 lsst_hardware_r -91.73091858052334 64.54000091552734 31.6299991607666 AB 9.480961646565119 1.095917118681309
62280.189 lsst_hardware_i 36.98051208164131 54.4900016784668 31.329999923706055 AB 7.968761937536473 1.013042600699596
62280.2018 lsst_hardware_z 17.625430209248343 53.45000076293945 30.969999313354492 AB 8.0360258752897 1.0212041777345666
62282.183 lsst_hardware_r 135.84035780804905 125.27999877929688 31.670000076293945 AB 6.266365338021662 1.0128004748573483
62283.1814 lsst_hardware_z -156.93485626770607 94.37999725341797 31.010000228881836 AB 4.97640229721449 1.0133175111412116
62283.1946 lsst_hardware_i 81.34450299685012 120.33000183105469 31.350000381469727 AB 5.122339099741854 1.0220319770696142
62285.0721 lsst_hardware_r -97.96191496069545 117.2699966430664 31.639999389648438 AB 10.812088300920188 1.1214986698047726
62285.0905 lsst_hardware_z 35.586282846239264 79.2300033569336 30.989999771118164 AB 10.311126203526316 1.076805047884532
62288.1303 lsst_hardware_i -2.7399531403396016 43.099998474121094 31.309999465942383 AB 7.314514022467979 1.0150118908091927
62288.1435 lsst_hardware_r 84.25604799809221 47.90999984741211 31.639999389648438 AB 7.22008983521747 1.0099911174882221
62291.1381 lsst_hardware_u -1.2041803303618588 2.759999990463257 28.469999313354492 AB 10.977074317103815 1.009548600198084
62291.1502 lsst_hardware_g -29.907454377550412 14.819999694824219 31.459999084472656 AB 10.866513103094844 1.0101102092068024
62302.1131 lsst_hardware_g 3.8528984244039988 14.59000015258789 31.450000762939453 AB 12.540216815689634 1.0092932908661851
62304.1098 lsst_hardware_i 39.04788324383994 30.690000534057617 31.260000228881836 AB 5.45158797088958 1.009397556714627
62304.1227 lsst_hardware_z -109.39438146703962 40.93000030517578 30.950000762939453 AB 5.412463817881954 1.0127008001026008
62312.1011 lsst_hardware_z -154.81724629436675 121.05000305175781 31.75 AB 5.353112475234867 1.0128080363077399
62314.1006 lsst_hardware_r 110.39895617321926 94.5199966430664 31.65999984741211 AB 7.919696718118566 1.0153457330921238
62314.1149 lsst_hardware_i 44.89902114356469 75.02999877929688 31.34000015258789 AB 8.007416062181049 1.0265918028437242
62315.0874 lsst_hardware_i 71.88170049547587 59.40999984741211 31.329999923706055 AB 7.274956667079831 1.0107967163958222
62315.0987 lsst_hardware_z -17.352094686948003 55.900001525878906 30.979999542236328 AB 7.241149997510899 1.015838389157419
62325.0785 lsst_hardware_g -7.737341641831751 14.350000381469727 31.440000534057617 AB 1.928228072078306 1.0208566515900324
62325.0906 lsst_hardware_r 14.390958137399748 23.059999465942383 31.5 AB 1.8054920564250219 1.0327917188053666
62327.0769 lsst_hardware_i -20.96552549977224 30.6200008392334 31.260000228881836 AB 8.597431476968314 1.024194672235428
62327.0882 lsst_hardware_r 7.801625708637007 23.100000381469727 31.510000228881836 AB 8.969259890686377 1.036509232359726
62328.0343 lsst_hardware_z -19.255631899750615 40.77000045776367 30.950000762939453 AB 5.101288468774977 1.0099894675019543
62328.0469 lsst_hardware_u 0.2735022377687015 2.7200000286102295 28.459999084472656 AB 6.674784153535164 1.0096990954319027
62329.9671 lsst_hardware_y -10.860291769913768 49.880001068115234 30.030000686645508 AB 6.345381030829882 1.0779090382350087
62329.9867 lsst_hardware_z 42.097485530255064 41.2599983215332 30.950000762939453 AB 6.130008901233536 1.0435537922372313
62332.0231 lsst_hardware_r 54.10745609850691 23.209999084472656 31.510000228881836 AB 5.521160272042037 1.0100453276088794
62332.0357 lsst_hardware_i 75.84540200986918 30.510000228881836 31.25 AB 5.450137125966234 1.0096586005865569
62333.966 lsst_hardware_y -1.074044890014685 52.040000915527344 30.040000915527344 AB 1.9530784126857315 1.0590574311897325
62333.9851 lsst_hardware_i -14.027504528014148 32.22999954223633 31.260000228881836 AB 1.8637914591517224 1.0316188888293667
62334.0264 lsst_hardware_z 9.222316004675609 41.45000076293945 30.950000762939453 AB 1.5139702496061307 1.0093134997374205
62334.0395 lsst_hardware_i -18.111548237293192 32.06999969482422 31.260000228881836 AB 1.5182495178061581 1.0121663452041054
62348.0068 lsst_hardware_r 9.059053190155733 23.239999771118164 31.510000228881836 AB 3.295313571880541 1.0148013155379292
62348.0181 lsst_hardware_g -1.6640029029962549 14.569999694824219 31.450000762939453 AB 3.3450863339185526 1.022883979487364
62351.0001 lsst_hardware_r 2.4944135028408416 23.399999618530273 31.510000228881836 AB 2.1978871456812845 1.0156594943074326
62351.0111 lsst_hardware_i 22.483975652938756 30.81999969482422 31.25 AB 2.2470614598450944 1.0239514512850738
62351.9998 lsst_hardware_z -25.121494853991276 40.970001220703125 30.940000534057617 AB 8.987068526489285 1.0171928686298262
62352.0117 lsst_hardware_i -35.949770670502126 30.8700008392334 31.25 AB 0.467356174983623 1.027156428535435
