data/validation/pwv_sim_epoch_fit_seasonal/1415471.ecsv
# %ECSV 0.9
# ---
# datatype:
# - {name: time, datatype: float64}
# - {name: band, datatype: string}
# - {name: flux, datatype: float64}
# - {name: fluxerr, datatype: float64}
# - {name: zp, datatype: float64}
# - {name: zpsys, datatype: string}
# - {name: pwv, datatype: float64}
# - {name: airmass, datatype: float64}
# meta: {SNID: '1415471', alt: 1024.0, c: -0.03623111546039581, dec: -2.985506, lat: -30.244573, lon: -70.7499537, ra: 134.121094, t0: 59941.51171875,
#   x0: 5.446159014104586e-06, x1: 0.5161758661270142, z: 0.5920597910881042}
# schema: astropy-2.0
time band flux fluxerr zp zpsys pwv airmass
59920.3368 lsst_hardware_z 168.48521285260674 58.87378661708349 30.969999313354492 AB 4.932325272086374 1.1343242159688092
59922.3374 lsst_hardware_r 679.4528852274311 94.74130354530371 31.639999389648438 AB 8.331558500571576 1.129371054908828
59924.3463 lsst_hardware_z 1023.0239619944288 110.47683870497353 31.739999771118164 AB 9.498582246238264 1.12409257351939
59929.3322 lsst_hardware_i 1057.8656688784954 86.621521724189 31.31999969482422 AB 11.888794084376338 1.1241194237314298
59929.3507 lsst_hardware_y 324.82504730174355 79.82308388503593 30.040000915527344 AB 12.067773111065819 1.1301661232773885
59931.3056 lsst_hardware_i 1290.0645739464408 86.78065192250399 31.31999969482422 AB 7.92165121336578 1.1354628526426422
59931.327 lsst_hardware_y 298.774756270843 79.78086572266311 30.040000915527344 AB 7.842099074103177 1.1241003976448722
59933.3154 lsst_hardware_g 1517.6242313553737 130.26988159657424 32.45000076293945 AB 4.945720227616298 1.1253060813687372
59933.3345 lsst_hardware_y 427.53298004187207 80.84616506887035 30.040000915527344 AB 5.416703871217144 1.1269148137066596
59935.2851 lsst_hardware_r 2117.142809869982 96.14686924837788 31.6299991607666 AB 5.341442034183305 1.1472169317404006
59935.3059 lsst_hardware_i 1528.1236745114895 86.92906664924128 31.329999923706055 AB 6.822156475161926 1.126992713507982
59937.2911 lsst_hardware_z 1112.2700473586353 88.58426551067761 30.979999542236328 AB 6.243084623432531 1.1336462961518863
59937.3124 lsst_hardware_u 0.7631699296482125 22.832722212955474 29.389999389648438 AB 6.831048776005273 1.1240515771064652
59942.2912 lsst_hardware_i 1832.1977203081738 90.84255536556084 31.31999969482422 AB 8.079456944129099 1.1251811404545728
59942.3133 lsst_hardware_z 1423.244328910979 90.09224709685749 30.989999771118164 AB 7.893806162953056 1.1288423142197568
59944.2854 lsst_hardware_i 3069.6573883113665 124.8265592210354 32.06999969482422 AB 6.32093667222307 1.12528914438888
59944.306 lsst_hardware_u 35.05465669506884 31.965921313254224 30.15999984741211 AB 5.707226461660504 1.127724642514837
59946.2898 lsst_hardware_g 511.4018223792813 90.27551865396791 31.690000534057617 AB 5.4881371359354 1.1241575452551003
59946.3115 lsst_hardware_r 1860.9356811662267 97.93060730070025 31.6299991607666 AB 5.870362973111774 1.136602595716888
59948.2903 lsst_hardware_i 1573.9582187284802 87.59425129927818 31.31999969482422 AB 3.127900205160904 1.1255150817694939
59948.3122 lsst_hardware_r 1766.901281577041 95.89077918118429 31.6299991607666 AB 3.7606697821250035 1.1439879686042396
59950.2573 lsst_hardware_z 3312.9043474370987 153.1114832898919 32.16999816894531 AB 8.415608271404578 1.13214461050286
59952.2603 lsst_hardware_z 1138.858412872004 88.6173478808427 30.989999771118164 AB 10.026611849218936 1.1265856010358355
59952.2794 lsst_hardware_r 1559.2390510894058 96.32691063412946 31.639999389648438 AB 10.01712959175911 1.125520178849338
59954.2524 lsst_hardware_i 1219.6228151134378 84.8631712652945 31.31999969482422 AB 7.480269586878402 1.1278630309289308
59954.2706 lsst_hardware_z 1172.0189299911065 86.49215118929301 30.989999771118164 AB 7.504503688888347 1.1245650453509664
59956.2293 lsst_hardware_i 1064.0869864447473 86.5991101663529 31.31999969482422 AB 5.890335601959843 1.145032920631743
59956.248 lsst_hardware_z 1155.5703406000891 87.98963891530153 30.989999771118164 AB 5.768545095578724 1.127274433646729
59963.1947 lsst_hardware_r 801.2623684399254 91.79552670619913 31.6200008392334 AB 6.799149577019596 1.1722671684516546
59963.2148 lsst_hardware_i 913.7599913528927 84.73043892233174 31.31999969482422 AB 6.788301742437676 1.1391679379824906
59965.2023 lsst_hardware_z 618.4486380889246 85.22305347451582 30.979999542236328 AB 13.20793302200276 1.1485159149567616
59965.2214 lsst_hardware_u -3.3420880261861896 22.725241873678414 29.40999984741211 AB 13.347144249522524 1.1284362740549985
59967.1666 lsst_hardware_g 28.359662871908434 85.60306011048935 31.65999984741211 AB 9.332495191087405 1.2174937194843627
59967.182 lsst_hardware_r 734.8332881843208 88.99586106617208 31.6200008392334 AB 10.246472392062111 1.1761781969078333
59974.1754 lsst_hardware_i 404.86152068427367 81.29048083185863 31.31999969482422 AB 14.169947028493043 1.1521218821443242
59974.194 lsst_hardware_z 780.5194359227336 84.69090233486104 30.989999771118164 AB 13.907416027139744 1.1303625819595842
59978.176 lsst_hardware_i 525.6896966408141 80.76518607945893 31.31999969482422 AB 10.4117809142141 1.1367607221414802
59978.1945 lsst_hardware_r 204.86793121150097 87.82578197930832 31.639999389648438 AB 10.360535305793379 1.1247188680072422
59980.1818 lsst_hardware_z 1082.7869726076765 119.72708075003827 31.739999771118164 AB 7.680287147445318 1.1276298851042899
59984.1434 lsst_hardware_i 257.1487993426144 81.38115826889694 31.309999465942383 AB 6.497187687830843 1.1602120871126507
59984.1619 lsst_hardware_z 365.31829061137006 85.03372564702074 30.989999771118164 AB 6.352911071209887 1.134448405573194
59986.1672 lsst_hardware_z 1016.4443730583544 120.09459922739363 31.739999771118164 AB 3.0420872197634634 1.1266989702827641
59988.1598 lsst_hardware_r 165.8374304171164 88.746857193329 31.6299991607666 AB 4.173488732320134 1.127715937578079
59988.1759 lsst_hardware_z 360.50068879752627 84.7062597251155 30.989999771118164 AB 4.569702785546031 1.1242272674939495
59992.1255 lsst_hardware_u 15.719157074408374 22.629169730944543 29.3799991607666 AB 3.4225343389968974 1.1533392886256946
59992.1427 lsst_hardware_g -155.25780106084636 87.80555680585226 31.690000534057617 AB 3.3801537153265215 1.1320637617616036
59994.128 lsst_hardware_r 47.843875691241415 86.74928287727029 31.6299991607666 AB 3.453108000753016 1.1417749368741374
59994.1459 lsst_hardware_i 161.97853069836586 79.68338983187878 31.31999969482422 AB 3.475067719612001 1.1264401036019451
59996.1295 lsst_hardware_z 167.56467969717303 83.1285490078078 30.989999771118164 AB 5.800904485035562 1.1340966735162388
59996.1479 lsst_hardware_r 156.56565013113985 87.04019859194239 31.639999389648438 AB 5.717648964147243 1.1242305025359154
59998.1232 lsst_hardware_u 3.096570984018975 22.866832372492315 29.420000076293945 AB 7.474480574343079 1.1349044297514546
59998.1411 lsst_hardware_g 51.60164081585784 86.75291410871989 31.700000762939453 AB 8.579262453007278 1.1244486979268362
60000.1216 lsst_hardware_r -6.693948353903914 87.44556797726055 31.639999389648438 AB 8.622204369694638 1.1314486411252067
60000.1389 lsst_hardware_z 160.8558926109757 83.29045076203741 30.989999771118164 AB 9.816717374352738 1.1240516077503135
60002.1204 lsst_hardware_r 172.9677902195467 88.33377391360523 31.6299991607666 AB 7.498834832376122 1.128407920002426
60002.1371 lsst_hardware_y 58.93829445869292 78.76476844675898 30.040000915527344 AB 8.724840446390957 1.1241540275588284
60004.0949 lsst_hardware_z 558.0879402334151 118.17694995039497 31.729999542236328 AB 4.714259373688835 1.1498894746481045
60006.0886 lsst_hardware_r 33.85779224565299 88.12726516917537 31.6299991607666 AB 6.777674259833449 1.1511973265109892
60006.1076 lsst_hardware_i 266.8216640537876 80.56750533300621 31.31999969482422 AB 6.533880387684746 1.1296473699316643
60009.0844 lsst_hardware_z 200.98951727491846 84.3630343050782 30.979999542236328 AB 8.180321004323895 1.1452754812848465
60009.1029 lsst_hardware_r 89.53745299271893 90.01295567307689 31.6299991607666 AB 8.147812322271887 1.1274648047424198
60011.0954 lsst_hardware_z 530.1884670161071 117.83398426752785 31.729999542236328 AB 11.643586183571907 1.1286737176508008
60013.0845 lsst_hardware_r 17.74748101431591 86.74243524413647 31.639999389648438 AB 12.634493332168601 1.132799760804108
60013.1027 lsst_hardware_z 219.19885461866767 82.43576952225223 30.989999771118164 AB 12.569074237946856 1.1240955361934264
60015.0804 lsst_hardware_r 96.33549518544525 85.11244345388047 31.6299991607666 AB 8.789848973816543 1.1316430744764088
60015.0988 lsst_hardware_y -25.19826096390485 77.70109502484996 30.040000915527344 AB 8.950201849664044 1.1240206609591483
60017.078 lsst_hardware_g 39.92745871615274 86.38152022758598 31.690000534057617 AB 14.674603025788608 1.1293440924885574
60017.097 lsst_hardware_r 83.23186977690918 86.60734772242945 31.6299991607666 AB 14.491698918778743 1.1242590317128176
60019.0743 lsst_hardware_i 102.62626078325867 80.50150569145825 31.31999969482422 AB 8.781889027297298 1.1282095381242045
60019.0939 lsst_hardware_z 137.78722322653172 83.29416684214311 30.989999771118164 AB 8.38029187732939 1.1247204237457746
60020.0757 lsst_hardware_r 71.88198974211595 85.34182025292257 31.639999389648438 AB 9.188851616835473 1.1260847569651422
60020.0943 lsst_hardware_u 40.096828101628546 22.58881139829675 29.420000076293945 AB 8.62628449111105 1.1257059234126388
60025.0365 lsst_hardware_r -121.53918389923102 87.61000061035156 31.6299991607666 AB 5.94119913675176 1.1515439598304225
60025.0574 lsst_hardware_z 32.405611911876264 82.3499984741211 30.989999771118164 AB 4.413766563648454 1.128527875136502
60027.0374 lsst_hardware_r 34.210106355885564 86.23999786376953 31.639999389648438 AB 5.405259407190918 1.142398691153068
60027.0572 lsst_hardware_u 27.72062271246555 22.850000381469727 29.43000030517578 AB 4.631862760408346 1.1258325526615385
60036.028 lsst_hardware_r 23.752755097640044 86.25 31.639999389648438 AB 8.741552286173201 1.1281363184427258
60036.0467 lsst_hardware_z -133.6408376794201 81.43000030517578 30.989999771118164 AB 9.756317716681975 1.124539550477223
60038.0219 lsst_hardware_z 74.36919962070786 81.26000213623047 30.989999771118164 AB 5.75549643650521 1.1285287130402373
60038.0409 lsst_hardware_i -18.329167350501823 78.5 31.31999969482422 AB 5.734797327172146 1.1244700641514012
60040.0191 lsst_hardware_z 68.64893686337636 81.51000213623047 30.979999542236328 AB 9.128810238239057 1.1270136096591428
60040.0371 lsst_hardware_r -15.44039853849526 86.68000030517578 31.6299991607666 AB 9.111361398971233 1.1248594319717573
60042.0203 lsst_hardware_u 40.43053607781945 22.770000457763672 29.399999618530273 AB 8.513527497845626 1.12457845752818
60042.0396 lsst_hardware_g -71.94130836153525 87.81999969482422 31.690000534057617 AB 8.619516429083028 1.12839357605407
60044.0145 lsst_hardware_r -96.86072281868255 86.29000091552734 31.639999389648438 AB 6.383919376393792 1.1246554776664148
60044.0336 lsst_hardware_i 40.6436146497734 78.56999969482422 31.31999969482422 AB 6.428004856604143 1.1280664864834191
60046.0115 lsst_hardware_z 8.899302362993778 83.25 30.979999542236328 AB 5.607451517343947 1.1242071373841345
60046.028 lsst_hardware_r 15.974302645233404 89.36000061035156 31.6299991607666 AB 5.561431489487616 1.127984076292595
60050.981 lsst_hardware_y -82.76885475593015 77.4000015258789 30.049999237060547 AB 16.226313538414306 1.1325688237882534
60050.9996 lsst_hardware_u 11.199791681687772 22.579999923706055 29.43000030517578 AB 16.099182756535008 1.1240483684087734
60052.9788 lsst_hardware_y 56.95610256846653 77.41000366210938 30.049999237060547 AB 10.545303905097375 1.1299750585881387
60052.9966 lsst_hardware_i -88.09922792804645 77.43000030517578 31.329999923706055 AB 10.512298928945453 1.1240495709313834
60055.9767 lsst_hardware_y -18.442674876573445 77.66999816894531 30.040000915527344 AB 10.220312068101197 1.1263913669588579
60055.9947 lsst_hardware_r -19.510624996534812 86.19000244140625 31.639999389648438 AB 10.436077815322976 1.1252442520160628
60057.9708 lsst_hardware_y 160.46540029391073 78.20999908447266 30.040000915527344 AB 10.820850111481047 1.1265948979062161
60057.9888 lsst_hardware_g -25.21564604807454 87.83000183105469 31.690000534057617 AB 10.812634967055907 1.1251050917820304
60059.9691 lsst_hardware_z 21.79390276433539 81.33999633789062 30.989999771118164 AB 15.312910420888453 1.1251220000652795
60059.9872 lsst_hardware_i 91.401210855498 78.38999938964844 31.31999969482422 AB 15.391832836638642 1.1266163692459847
60061.9674 lsst_hardware_y -9.481407549867853 77.30999755859375 30.040000915527344 AB 1.158273466832188 1.1242644667140866
60061.9853 lsst_hardware_r 66.1679647310043 84.58999633789062 31.6299991607666 AB 1.2197223583001007 1.1285888117511917
60063.9673 lsst_hardware_y 78.6750659413069 78.2300033569336 30.040000915527344 AB 12.573073242830304 1.1241013180894326
60063.9854 lsst_hardware_r 61.98594688315308 87.63999938964844 31.6299991607666 AB 12.719357471798501 1.1327912250377172
60285.3391 lsst_hardware_g 110.52013947391367 87.77999877929688 31.690000534057617 AB 4.8954529885541636 1.132813372336958
60291.337 lsst_hardware_i 2.6610852347897107 78.41999816894531 31.31999969482422 AB 11.68238702169915 1.1247484295601398
60292.34 lsst_hardware_r 66.65090886514496 24.489999771118164 31.5 AB 9.551886032031641 1.1240157721854132
60294.3306 lsst_hardware_r -5.104971060287695 23.670000076293945 31.5 AB 11.902582229025423 1.12436507536665
60294.3491 lsst_hardware_y 74.67598499358631 57.09000015258789 30.030000686645508 AB 12.047637012341282 1.1285614155306736
60296.3014 lsst_hardware_z 115.43456441920195 60.29999923706055 31.690000534057617 AB 7.955852162954182 1.1408965816856071
60296.3205 lsst_hardware_y -98.67921247236845 48.13999938964844 30.020000457763672 AB 7.872255037302829 1.1256396988624566
60300.2715 lsst_hardware_r -14.574906452815535 23.690000534057617 31.479999542236328 AB 5.45993000573844 1.1729802901849595
60300.2911 lsst_hardware_u -0.22214615071236235 2.7300000190734863 28.420000076293945 AB 5.24948624422157 1.1401392722423682
60302.2757 lsst_hardware_g 15.871814357496797 62.22999954223633 32.40999984741211 AB 6.426294963263798 1.1544242448977955
60302.2976 lsst_hardware_r -4.93354144541457 41.220001220703125 31.59000015258789 AB 6.844846476348824 1.1290158032244981
60305.2732 lsst_hardware_i 54.5308062015316 117.86000061035156 32.06999969482422 AB 7.201661727572423 1.1456668354394566
60305.2923 lsst_hardware_z 11.717609878420154 71.5199966430664 30.979999542236328 AB 6.7394740583627195 1.1272851147215583
60307.2882 lsst_hardware_r 33.32225313931354 108.41999816894531 31.639999389648438 AB 8.09648073909336 1.1265975054396906
60307.3087 lsst_hardware_z -38.89101998406855 76.0999984741211 30.979999542236328 AB 7.837447914643926 1.1259892126490807
60309.288 lsst_hardware_r 90.59830018017747 85.0999984741211 31.6299991607666 AB 6.305924911735971 1.1247023519393538
60309.3079 lsst_hardware_i -33.172021895469925 71.55000305175781 31.309999465942383 AB 5.7332024724679505 1.1283980592030245
60311.282 lsst_hardware_z 37.40641333345905 51.40999984741211 30.950000762939453 AB 5.499719456641398 1.1248403579168387
60311.3048 lsst_hardware_i 64.0752166448486 49.0 31.290000915527344 AB 5.82731962515789 1.1299824753069403
60313.2537 lsst_hardware_r 9.232637380793859 32.470001220703125 31.549999237060547 AB 3.1258119912935123 1.1425099416868858
60313.281 lsst_hardware_z 8.724850375931384 62.939998626708984 31.690000534057617 AB 3.018316334140392 1.1240703869928836
60313.3107 lsst_hardware_g -4.624401037895283 28.860000610351562 31.600000381469727 AB 3.701766754662858 1.1411118232622868
60317.2573 lsst_hardware_i 2.769084564353436 31.299999237060547 31.239999771118164 AB 10.04440203496522 1.1285844983106987
60317.2777 lsst_hardware_z -23.99698624943548 42.25 30.940000534057617 AB 10.010246437543747 1.1247467907352524
60319.2599 lsst_hardware_r 38.975417059738874 23.280000686645508 31.479999542236328 AB 7.459535842572703 1.1249064418582793
60319.2788 lsst_hardware_g 23.744003789518672 14.220000267028809 31.389999389648438 AB 7.473201439116262 1.1273497419092282
60323.2236 lsst_hardware_z 8.447575577692422 43.040000915527344 30.940000534057617 AB 9.052624767043687 1.1463008980396576
60323.2428 lsst_hardware_i -33.614887404927615 31.809999465942383 31.25 AB 8.877027621344993 1.1274682894565036
60325.2316 lsst_hardware_u 0.729589644898929 2.7100000381469727 28.399999618530273 AB 5.7529237793252666 1.1313517756785185
