data/validation/pwv_sim_epoch_fit_seasonal/14155147.ecsv
# %ECSV 0.9
# ---
# datatype:
# - {name: time, datatype: float64}
# - {name: band, datatype: string}
# - {name: flux, datatype: float64}
# - {name: fluxerr, datatype: float64}
# - {name: zp, datatype: float64}
# - {name: zpsys, datatype: string}
# - {name: pwv, datatype: float64}
# - {name: airmass, datatype: float64}
# meta: {SNID: '14155147', alt: 1024.0, c: -0.07062920928001404, dec: -20.105511, lat: -30.244573, lon: -70.7499537, ra: 36.035156, t0: 62479.59765625,
#   x0: 2.7038317831752177e-06, x1: 0.9368323087692261, z: 0.7878953814506531}
# schema: astropy-2.0
time band flux fluxerr zp zpsys pwv airmass
[from data line 133]
62777.2538 lsst_hardware_r 28.634363445614422 22.59000015258789 31.510000228881836 AB 2.686557678107795 1.0181497011525245
62777.2729 lsst_hardware_u 0.47645629066949524 2.75 28.5 AB 2.715513116128406 1.0175542528585084
62779.197 lsst_hardware_z 51.69617060565074 44.189998626708984 30.950000762939453 AB 6.860768307485692 1.0832792064451093
62779.2155 lsst_hardware_r -53.931548755352836 33.599998474121094 31.59000015258789 AB 7.096862389918587 1.0483455244541091
62782.2312 lsst_hardware_y 97.3539757220653 71.12000274658203 30.809999465942383 AB 3.37895435990457 1.0226343586095217
62784.2068 lsst_hardware_r -16.204490288330447 102.19999694824219 31.65999984741211 AB 3.5789738367699924 1.0413074881496722
62784.2252 lsst_hardware_i -58.18922021022252 79.58000183105469 31.350000381469727 AB 2.676657502653291 1.0229915928351963
62788.1994 lsst_hardware_z -73.66657599228932 61.290000915527344 30.989999771118164 AB 8.547877965370807 1.03686050040888
62788.2166 lsst_hardware_r 52.194045768973396 79.66999816894531 31.65999984741211 AB 6.435599725610663 1.0215237659699465
62790.2467 lsst_hardware_i -20.17886137617076 48.38999938964844 31.31999969482422 AB 7.330022716343201 1.021677150511239
62790.2641 lsst_hardware_z 39.59928533553676 50.189998626708984 30.969999313354492 AB 7.565673085961322 1.037412037291586
62798.2071 lsst_hardware_z 25.081300097274 40.939998626708984 30.959999084472656 AB 2.3745358429729513 1.0163152304339058
62798.2237 lsst_hardware_r -1.9520075566039923 22.920000076293945 31.520000457763672 AB 1.6780182520117612 1.0210028913974818
62800.1664 lsst_hardware_u -1.8099750924287277 2.859999895095825 28.56999969482422 AB 2.467017705177719 1.0371430935448056
62800.1823 lsst_hardware_r -15.312672813627334 22.809999465942383 31.520000457763672 AB 1.2440084971985532 1.0224727374234683
62802.1683 lsst_hardware_i -14.633453786720578 30.350000381469727 31.260000228881836 AB 2.074607303510424 1.0292412618707707
62802.1849 lsst_hardware_z -34.21136242721695 40.77000045776367 30.959999084472656 AB 2.0791894554370303 1.0183785087854842
62804.1622 lsst_hardware_r 17.204667287477548 22.899999618530273 31.520000457763672 AB 5.75737841203354 1.0298503554303802
62804.178 lsst_hardware_u 1.6591797933647936 2.9600000381469727 28.65999984741211 AB 5.2214291396376655 1.0189479879601724
62808.1468 lsst_hardware_y -63.69700994706524 47.68000030517578 30.049999237060547 AB 4.05026134230484 1.0345274921278407
62808.1664 lsst_hardware_g -22.143250377804065 31.229999542236328 31.68000030517578 AB 4.0032362592371085 1.0192403273963344
62814.1256 lsst_hardware_z 53.86334148822772 75.3499984741211 31.0 AB 6.815981872490206 1.0403696668686875
62814.1427 lsst_hardware_r -75.24749734498121 109.66999816894531 31.670000076293945 AB 6.804006491767935 1.0233897107270167
62818.1279 lsst_hardware_r -103.10750481912056 62.97999954223633 31.649999618530273 AB 5.131667489630988 1.0263334979261978
62818.1473 lsst_hardware_z 54.58016915622435 53.09000015258789 30.979999542236328 AB 5.083673781413504 1.0167347562827007
62821.1773 lsst_hardware_z 30.904965266948746 43.459999084472656 30.950000762939453 AB 5.734210833570753 1.0348693076287228
62821.1961 lsst_hardware_r -93.75634089007809 36.16999816894531 31.59000015258789 AB 5.849525031372663 1.0628736315749365
62824.1066 lsst_hardware_r -18.640097768218556 22.309999465942383 31.489999771118164 AB 4.615503192265692 1.0308214834764247
62828.0931 lsst_hardware_g 12.73587353085538 13.569999694824219 31.420000076293945 AB 7.05866305502869 1.0335170474802693
62828.1136 lsst_hardware_r -0.06084902446718953 22.1299991607666 31.5 AB 7.0212218116203315 1.0184909246230303
62830.0917 lsst_hardware_i -6.2356714343662585 29.959999084472656 31.239999771118164 AB 5.325481472812004 1.02937691559138
62830.1111 lsst_hardware_z 27.4477631405188 40.439998626708984 30.950000762939453 AB 5.197677572042136 1.017506498711327
62832.0983 lsst_hardware_r 16.495712702509095 22.3700008392334 31.5 AB 3.8821846087396663 1.0204861953709068
62832.1171 lsst_hardware_u 2.088179101084758 2.740000009536743 28.510000228881836 AB 3.876006578570404 1.0164575043782886
62834.0978 lsst_hardware_g -11.439390307308248 14.0 31.43000030517578 AB 5.118773749692872 1.0182730467038188
62834.1171 lsst_hardware_i -47.40358490063017 30.1200008392334 31.260000228881836 AB 5.100968719086396 1.0174973757715058
62837.0749 lsst_hardware_r 13.981182570708159 33.90999984741211 31.59000015258789 AB 6.448402269176217 1.0272791231462863
62837.0923 lsst_hardware_z 24.486807301626467 43.25 30.959999084472656 AB 6.453485959774704 1.0174185653121084
62839.0752 lsst_hardware_r -23.508555583418953 55.939998626708984 31.639999389648438 AB 3.5631625170817602 1.022868527940856
62839.0946 lsst_hardware_y -11.753163018906184 49.630001068115234 30.059999465942383 AB 2.64240809580101 1.0163108060773114
62841.0771 lsst_hardware_z -44.40513436813788 59.0 30.989999771118164 AB 3.320814593128471 1.0188891901905257
62841.0964 lsst_hardware_r -103.9422207537573 75.54000091552734 31.65999984741211 AB 5.345832106526743 1.0170913444685983
62845.0589 lsst_hardware_r -83.87619339325597 120.41000366210938 32.40999984741211 AB 7.851106538423593 1.0228122118842617
62845.0802 lsst_hardware_z -39.61655414975358 62.77000045776367 30.989999771118164 AB 7.466012922847015 1.0163487093072423
62850.0459 lsst_hardware_y -24.292575382053396 48.18000030517578 30.059999465942383 AB 7.855913206041715 1.0223860386705415
62850.0643 lsst_hardware_g -2.6150744092366414 13.479999542236328 31.420000076293945 AB 7.806388467455966 1.0163138350094136
62852.0484 lsst_hardware_y 29.131655772283747 47.7599983215332 30.059999465942383 AB 11.122805781747928 1.0183621306734256
62852.0689 lsst_hardware_z -10.117987913466331 40.650001525878906 30.950000762939453 AB 11.121249964268022 1.0177770627132714
62854.0481 lsst_hardware_y 77.15411764846361 48.41999816894531 30.059999465942383 AB 4.1260479591460575 1.0168941365732735
62854.0674 lsst_hardware_u 2.3504268567917763 2.7799999713897705 28.530000686645508 AB 4.219317882198686 1.0192820104357256
62856.034 lsst_hardware_z 43.70952582812661 65.16999816894531 31.0 AB 4.589347388817242 1.0198549752927204
62856.0549 lsst_hardware_r -30.998279827864803 22.739999771118164 31.520000457763672 AB 4.5045842404253795 1.0169700841928877
62859.0338 lsst_hardware_y -16.481308465112075 71.76000213623047 30.079999923706055 AB 6.793750755498723 1.0170285562123837
62859.0563 lsst_hardware_z 49.2614893240468 41.130001068115234 30.950000762939453 AB 6.549773642920037 1.0205318857774737
