data/validation/pwv_sim_epoch_fit_seasonal/14223763.ecsv
# %ECSV 0.9
# ---
# datatype:
# - {name: time, datatype: float64}
# - {name: band, datatype: string}
# - {name: flux, datatype: float64}
# - {name: fluxerr, datatype: float64}
# - {name: zp, datatype: float64}
# - {name: zpsys, datatype: string}
# - {name: pwv, datatype: float64}
# - {name: airmass, datatype: float64}
# meta: {SNID: '14223763', alt: 1024.0, c: 0.05428973585367203, dec: -21.702768, lat: -30.244573, lon: -70.7499537, ra: 132.011719, t0: 61080.38671875,
#   x0: 1.0215408330534495e-05, x1: -0.4923589527606964, z: 0.4563060998916626}
# schema: astropy-2.0
time band flux fluxerr zp zpsys pwv airmass
[from data line 134]
61426.2216 lsst_hardware_r -146.07202897729132 84.52999877929688 31.65999984741211 AB 11.948870348596662 1.0120300686266428
61430.1839 lsst_hardware_r -10.258001122315003 74.02999877929688 31.65999984741211 AB 8.02613158348245 1.031106318535772
61430.2035 lsst_hardware_i -36.85578242257911 62.5099983215332 31.329999923706055 AB 7.847807616597836 1.0147808387661235
61432.1866 lsst_hardware_z 2.139592414662459 47.97999954223633 30.969999313354492 AB 11.141396137815281 1.0227093939613807
61432.2053 lsst_hardware_r -76.50004827411789 49.31999969482422 31.639999389648438 AB 11.252509877872985 1.0120073637802705
61434.1816 lsst_hardware_u -3.148731230925344 4.079999923706055 28.75 AB 9.82945308399669 1.0223040128961716
61434.199 lsst_hardware_r -16.74807716712377 30.8700008392334 31.579999923706055 AB 9.753091931267301 1.0122390477176282
61436.17 lsst_hardware_i 21.16288888904492 30.270000457763672 31.260000228881836 AB 10.496927919328622 1.0283040673323494
61436.1873 lsst_hardware_z 13.860190661332132 40.70000076293945 30.959999084472656 AB 10.478692185374499 1.0146888917763628
61440.1721 lsst_hardware_g -30.67790043114167 13.989999771118164 31.459999084472656 AB 9.13138240359753 1.0171125731500001
61440.1897 lsst_hardware_r -16.96551660025916 22.600000381469727 31.520000457763672 AB 9.17736270846639 1.0110011245900603
61442.1471 lsst_hardware_r -13.494099703844453 22.799999237060547 31.520000457763672 AB 4.069051193849777 1.0361289803123042
61442.1657 lsst_hardware_i 71.60395433849565 30.399999618530273 31.270000457763672 AB 3.9983072486875764 1.01772626387772
61443.1502 lsst_hardware_z -27.01739540213621 40.900001525878906 30.959999084472656 AB 5.111323338637283 1.0290564402330051
61443.169 lsst_hardware_r 19.97995926102425 22.40999984741211 31.510000228881836 AB 5.075028798371298 1.0142957526474061
61445.149 lsst_hardware_u -0.9869538974128708 2.7799999713897705 28.530000686645508 AB 5.738042620270867 1.024650467905512
61445.1671 lsst_hardware_r -11.441735935652734 22.479999542236328 31.510000228881836 AB 5.719482612962447 1.0128355964162201
61447.1545 lsst_hardware_z -26.00616160673568 40.790000915527344 30.959999084472656 AB 2.1959747662766773 1.0161845285870788
61447.1711 lsst_hardware_i -9.434082271152594 30.200000762939453 31.260000228881836 AB 2.729629699290593 1.0109739627002197
61452.1346 lsst_hardware_y 30.89354217625568 47.91999816894531 30.059999465942383 AB 3.5390399380016695 1.0205089332216948
61452.1527 lsst_hardware_r -39.89636176869022 40.04999923706055 31.6200008392334 AB 3.486026331723239 1.0115419170760025
61454.1316 lsst_hardware_i -139.30023892095588 57.599998474121094 31.329999923706055 AB 5.663682365865625 1.0186479075297696
61454.1491 lsst_hardware_z 74.92483467746632 54.68000030517578 30.979999542236328 AB 5.6251413060638 1.0112310593355345
61458.1163 lsst_hardware_r -37.32666793800487 95.63999938964844 31.670000076293945 AB 6.264452785511475 1.022100307637702
61458.1336 lsst_hardware_i 30.069020153952835 78.02999877929688 31.350000381469727 AB 6.486920470341233 1.0121974597762797
61460.1129 lsst_hardware_z -22.77937834914209 51.630001068115234 30.979999542236328 AB 7.9412122421102636 1.0203934779454242
61460.1304 lsst_hardware_i 30.854438039098277 51.939998626708984 31.329999923706055 AB 9.443267814225214 1.0116341752133855
61462.1169 lsst_hardware_z 55.26120223862614 43.84000015258789 30.959999084472656 AB 5.787137282076044 1.0143974201710857
61462.1336 lsst_hardware_g 61.852001261176426 34.959999084472656 31.690000534057617 AB 5.3690162656497415 1.0110189747951683
61464.1175 lsst_hardware_r -5.77253986912454 22.299999237060547 31.5 AB 5.164832885580751 1.0121169675839214
61464.1349 lsst_hardware_i 17.079649771864787 30.0 31.25 AB 6.115596065997808 1.01223659023412
61466.0976 lsst_hardware_i -29.94493696420274 30.059999465942383 31.260000228881836 AB 3.0328325125386444 1.019553735725676
61466.1157 lsst_hardware_z 62.719823099218544 40.529998779296875 30.950000762939453 AB 2.9908176939897877 1.0113224844419932
61470.0919 lsst_hardware_r -1.2639293461912064 22.200000762939453 31.489999771118164 AB 7.2546946084104835 1.0160636706457555
61470.1109 lsst_hardware_i -3.8534075853217407 29.979999542236328 31.25 AB 7.357838890854805 1.0109698943191832
61474.0749 lsst_hardware_u 1.0762655604282458 2.700000047683716 28.479999542236328 AB 10.272009361028978 1.0202124806107145
61474.0938 lsst_hardware_g -3.1135773171343977 13.510000228881836 31.43000030517578 AB 11.308697528634035 1.0113304890568755
61476.0752 lsst_hardware_r -36.1290957725808 22.100000381469727 31.489999771118164 AB 7.858651818894631 1.0162487804079576
61476.0937 lsst_hardware_i -26.170519894503602 29.809999465942383 31.25 AB 8.005005504861643 1.0109457594015967
61477.0733 lsst_hardware_z 10.935129097970194 40.61000061035156 30.950000762939453 AB 10.505591021428113 1.01576901343274
61477.092 lsst_hardware_u -5.279690879129928 2.7300000190734863 28.510000228881836 AB 13.25090040419751 1.0109788970929843
61481.0531 lsst_hardware_r -12.322200713739173 43.9900016784668 31.6299991607666 AB 8.31016731527185 1.0224437655282124
61481.072 lsst_hardware_i 1.8706269613063733 41.619998931884766 31.309999465942383 AB 8.226539156074244 1.011874434941472
61487.0863 lsst_hardware_z 111.04864503917604 128.64999389648438 32.5 AB 6.220121354202479 1.0196920252790949
61489.0489 lsst_hardware_r 73.16709255945761 54.560001373291016 31.649999618530273 AB 10.416308992148814 1.0122093475138132
61489.0693 lsst_hardware_i -78.27560167098888 49.43000030517578 31.31999969482422 AB 10.472663122267424 1.013124032336996
61492.0339 lsst_hardware_z -24.00172146239278 40.63999938964844 30.959999084472656 AB 7.116685746553889 1.0149295131993716
61492.0518 lsst_hardware_u 2.3436397190926272 2.819999933242798 28.579999923706055 AB 7.155101473707685 1.011024052805325
61494.0172 lsst_hardware_g -23.71773815562689 13.390000343322754 31.43000030517578 AB 6.108152656612281 1.0227985024467985
61494.0365 lsst_hardware_r -3.4153698890831974 21.940000534057617 31.5 AB 5.928907202805232 1.0118740248273805
61497.0205 lsst_hardware_i -61.70112332138336 29.81999969482422 31.260000228881836 AB 7.866058890971888 1.0148007513939823
61497.0373 lsst_hardware_z 14.858378463569428 40.5 30.959999084472656 AB 7.955683160113309 1.0109729532505634
61499.017 lsst_hardware_i -22.083777117346266 29.799999237060547 31.25 AB 5.170771913245199 1.0138768457343528
61499.0349 lsst_hardware_u -0.38884668006163553 2.6500000953674316 28.450000762939453 AB 5.157460597201487 1.0112667837649976
61501.0137 lsst_hardware_g -0.3663499636004254 13.170000076293945 31.399999618530273 AB 8.20534598069012 1.01300567662841
61501.0326 lsst_hardware_r 2.1385518936878865 21.770000457763672 31.489999771118164 AB 8.19631518863656 1.0118907640292052
61510.986 lsst_hardware_y 13.69136452066436 50.09000015258789 30.059999465942383 AB 15.05797934896118 1.0131525213766983
61511.0035 lsst_hardware_r -68.81789126646137 58.060001373291016 31.649999618530273 AB 15.835815328191547 1.0114961619114204
61512.9843 lsst_hardware_y -67.37185693089985 53.279998779296875 30.06999969482422 AB 11.389284747539296 1.0119535971513622
61513.0023 lsst_hardware_z 109.92321292094393 58.5099983215332 30.989999771118164 AB 10.8348660065347 1.0126042996761402
61514.9682 lsst_hardware_y 24.54764780727389 74.63999938964844 30.079999923706055 AB 9.157764765565812 1.0165505178974852
61514.9872 lsst_hardware_z 69.47819200028819 61.060001373291016 30.989999771118164 AB 9.255859473563307 1.01094325629628
61525.9604 lsst_hardware_y 49.26245425322593 70.48999786376953 30.079999923706055 AB 11.52119323997038 1.0111631771081604
61525.9789 lsst_hardware_r 28.792562442033713 22.34000015258789 31.5 AB 11.482242781711165 1.0190133814085165
