data/validation/pwv_sim_epoch_fit_seasonal/14404934.ecsv
# %ECSV 0.9
# ---
# datatype:
# - {name: time, datatype: float64}
# - {name: band, datatype: string}
# - {name: flux, datatype: float64}
# - {name: fluxerr, datatype: float64}
# - {name: zp, datatype: float64}
# - {name: zpsys, datatype: string}
# - {name: pwv, datatype: float64}
# - {name: airmass, datatype: float64}
# meta: {SNID: '14404934', alt: 1024.0, c: -0.014060902409255505, dec: -32.089951, lat: -30.244573, lon: -70.7499537, ra: 242.050781,
#   t0: 60732.09375, x0: 5.616635837442152e-06, x1: -1.9490870237350464, z: 0.5849349498748779}
# schema: astropy-2.0
time band flux fluxerr zp zpsys pwv airmass
60728.3109 lsst_hardware_r 1778.5717691323289 55.87964275304105 31.520000457763672 AB 14.851083504099527 1.3339396406349922
60728.3296 lsst_hardware_i 1561.8077289244436 55.1579666960156 31.25 AB 13.760744281927952 1.2330139810423473
60730.3119 lsst_hardware_z 1150.7194472727856 56.65335499297211 30.93000030517578 AB 12.835583905931147 1.2959127588945762
60730.3312 lsst_hardware_u -5.519721071880403 3.105270706174958 28.489999771118164 AB 11.919674398663009 1.2015296130367181
60732.3059 lsst_hardware_g 428.3433813293093 25.762170817976315 31.399999618530273 AB 8.557081940120819 1.2989549066620887
60732.3265 lsst_hardware_r 1857.0402827690152 50.226688079005775 31.5 AB 7.870234109683148 1.198330321730165
60734.3064 lsst_hardware_i 1542.9363796800023 52.127143076393295 31.229999542236328 AB 6.610750809022936 1.2666700151413943
60734.3275 lsst_hardware_z 1118.714168146288 56.333426700355275 30.950000762939453 AB 6.210929854941099 1.1725372578707003
60737.3302 lsst_hardware_u -0.9724382901877493 2.8103050267019785 28.3700008392334 AB 6.890115754130534 1.1343154717258155
60737.3502 lsst_hardware_g 276.3544647180243 22.976220030441095 31.469999313354492 AB 6.438573327985761 1.0790302208791474
60739.3246 lsst_hardware_r 1480.152706935216 45.320919331560276 31.510000228881836 AB 11.036562838067027 1.1347678352909292
60739.3456 lsst_hardware_z 1225.218260563786 54.005335628564495 30.950000762939453 AB 10.42098992733403 1.0770399642399544
60741.3046 lsst_hardware_i 2653.2677316263466 68.71993312780913 31.979999542236328 AB 10.623400791044329 1.187370156593769
60741.3257 lsst_hardware_r 2547.177818094642 61.1138821000444 32.25 AB 9.971920325363838 1.1145961615533482
60743.3019 lsst_hardware_u -2.3217815234866683 2.859592749855221 28.31999969482422 AB 8.470699724016635 1.176486072780088
60743.3227 lsst_hardware_g 143.34908346466167 19.42643674275949 31.440000534057617 AB 7.974384400141388 1.107553388908526
60752.2578 lsst_hardware_i 933.9818149786205 83.3389085826828 31.290000915527344 AB 7.9578015351043705 1.2638786915830964
60752.2752 lsst_hardware_z 776.7644389908393 75.41539104795906 30.969999313354492 AB 7.543906908379656 1.1848448104883826
60754.257 lsst_hardware_i 703.4423501787613 79.5578506737924 31.299999237060547 AB 6.175815667398575 1.2407049489182098
60754.2754 lsst_hardware_z 782.8813920470103 73.96810561239866 30.979999542236328 AB 5.796800695737029 1.163198694840385
60756.2582 lsst_hardware_g 45.66549164284813 42.36549645978107 31.639999389648438 AB 6.360838038689391 1.2102051062955461
60756.2762 lsst_hardware_r 262.15219132811325 50.29688189390986 31.610000610351562 AB 5.980136700908435 1.1413019134325941
60758.2563 lsst_hardware_i 448.0542305430935 40.22392267439891 31.239999771118164 AB 7.300749239378577 1.1950809034831522
60758.274 lsst_hardware_r 215.69304991516748 31.795362995671645 31.530000686645508 AB 6.917142612329291 1.1306985512791203
60760.262 lsst_hardware_g 58.09122425997948 17.402206004524558 31.440000534057617 AB 8.1828617408991 1.1525157381548028
60760.2806 lsst_hardware_r 226.43141892948586 28.164017394002236 31.510000228881836 AB 7.780656866821521 1.0958671643410594
60762.2643 lsst_hardware_i 290.7310564075872 37.15871228983238 31.25 AB 8.60736874046039 1.1268647707344892
60762.2843 lsst_hardware_z 670.7844110192148 48.40283422260301 30.950000762939453 AB 8.202407623506291 1.0736604071084634
60764.2619 lsst_hardware_r 204.9838121135901 27.238342593449367 31.510000228881836 AB 7.412440120093422 1.117565602587208
60764.2795 lsst_hardware_u -0.7282507469131397 3.258061823768397 28.520000457763672 AB 7.2490902040606 1.0721920136164464
60767.266 lsst_hardware_g 32.14618972595378 16.1941437836747 31.459999084472656 AB 8.567539333111991 1.0844986497610116
60767.2857 lsst_hardware_i 238.7563833866662 35.366481419480564 31.260000228881836 AB 8.249950826140235 1.0442975729291437
60771.2578 lsst_hardware_u -1.447036513536479 3.4912568125523578 28.450000762939453 AB 15.739554838165956 1.0780517012442437
60771.2752 lsst_hardware_g 35.05269432047974 15.677298420125886 31.450000762939453 AB 15.23650921567903 1.0435965216218515
60773.2592 lsst_hardware_r 164.34413870544319 41.477370640959315 31.600000381469727 AB 9.221894239780223 1.0631038376598332
60773.2779 lsst_hardware_i 199.64091983857574 40.769203693090596 31.290000915527344 AB 8.917228646621297 1.0311915173889907
60775.2529 lsst_hardware_z 322.8726185648519 55.90361058486911 30.969999313354492 AB 4.427940242962676 1.0648353289689803
60775.2693 lsst_hardware_r 65.85937835433626 65.18123604327613 31.649999618530273 AB 4.305904836924562 1.0356956913829374
60780.2368 lsst_hardware_i 221.89851802841375 104.03816437495566 31.34000015258789 AB 10.738572375421839 1.0700407588356702
60780.2545 lsst_hardware_z 251.50444240381142 86.14452433108313 31.0 AB 9.743523840477275 1.0374280068651272
60782.1686 lsst_hardware_z 190.782733402018 83.36310869488618 30.969999313354492 AB 17.85148817844059 1.3034882022933096
60782.1862 lsst_hardware_r 28.853144308575395 106.74769063162621 31.6200008392334 AB 16.594692601527697 1.2146753804292516
60790.1629 lsst_hardware_u 5.192461516273993 3.882658297509573 28.3700008392334 AB 17.11939915159435 1.2212004958871743
60790.1824 lsst_hardware_g 24.881638601920812 16.256076900733376 31.420000076293945 AB 14.485167723063915 1.1445824428062226
60792.1566 lsst_hardware_r 92.42690751415272 25.754973039129194 31.469999313354492 AB 5.58915332822511 1.2250199075561885
60792.1748 lsst_hardware_i 84.82432544547052 33.60889906607207 31.229999542236328 AB 4.0250804553806265 1.1519428920718124
60795.167 lsst_hardware_u 3.0136475696875142 3.260472935593686 28.3700008392334 AB 12.58621452556763 1.1505818196880546
60795.1872 lsst_hardware_g 42.49228130263732 16.861629609168016 31.43000030517578 AB 12.078503053710781 1.0903308156267726
60797.1616 lsst_hardware_r 42.694551780626135 25.619457210751413 31.489999771118164 AB 8.548799323567524 1.1503722064547668
60797.181 lsst_hardware_z 133.7037369135091 44.19820318238524 30.940000534057617 AB 8.65794587667195 1.0922096476185128
60802.1599 lsst_hardware_z 209.60866656262868 49.47294298575865 30.959999084472656 AB 6.832356813600099 1.1124597254165698
60802.1792 lsst_hardware_r 42.421452738155 46.523596305712466 31.6200008392334 AB 6.78867038468017 1.0648059579139157
60804.164 lsst_hardware_i 145.11820231874262 58.532324094872855 31.31999969482422 AB 8.2604950036824 1.0869072373266317
60804.1807 lsst_hardware_z 308.877880987148 56.58442222469315 30.979999542236328 AB 8.04702335116261 1.0512571874885834
60808.1562 lsst_hardware_z 146.96177306852513 110.1332506617345 31.0 AB 7.489757605584963 1.0794102115777284
60808.1767 lsst_hardware_i -220.3611721939245 130.93517162998614 31.350000381469727 AB 6.237863752498435 1.039528455588043
60810.1605 lsst_hardware_z 178.61257387144812 83.23708108672834 31.0 AB 7.378835092986888 1.0584665724205684
60810.18 lsst_hardware_r -29.322081168698602 115.72805103366895 31.65999984741211 AB 6.676143247813768 1.0270462921614945
60812.1698 lsst_hardware_y 4.720009215391016 72.13999938964844 30.809999465942383 AB 7.070719323432323 1.0334790728524867
60818.0581 lsst_hardware_r 31.491460953406204 25.360000610351562 31.43000030517578 AB 2.625339701447892 1.3800629234874398
60818.0793 lsst_hardware_g -13.869532943609308 15.430000305175781 31.3799991607666 AB 2.4365175621235258 1.255289831078581
60824.0772 lsst_hardware_g -3.6799319371127432 15.479999542236328 31.399999618530273 AB 11.43867912027902 1.1905989196231284
60824.0967 lsst_hardware_r -6.3045197518456515 24.709999084472656 31.489999771118164 AB 10.657191520819847 1.121730915811506
60826.0535 lsst_hardware_r -3.0664387841020133 25.639999389648438 31.479999542236328 AB 11.65192418639815 1.2757348427654405
60826.0741 lsst_hardware_i 17.46426455223137 32.900001525878906 31.239999771118164 AB 10.776237602269841 1.18115170737875
60828.0747 lsst_hardware_u -2.688601714776045 4.260000228881836 28.719999313354492 AB 12.368779787693729 1.158360446503775
60828.0833 lsst_hardware_g 9.07969387172478 21.5 31.559999465942383 AB 12.045635268971612 1.129393010443712
60830.0809 lsst_hardware_r 43.0017786441681 38.279998779296875 31.59000015258789 AB 12.855155335324548 1.1199740376507008
60830.1022 lsst_hardware_i 70.83632467503361 38.36000061035156 31.280000686645508 AB 12.453061857523808 1.065958643913872
60842.0767 lsst_hardware_z -38.05414281021391 41.84000015258789 30.950000762939453 AB 9.016829449390949 1.0517092726879873
60842.0941 lsst_hardware_i 12.793504932674992 37.880001068115234 31.290000915527344 AB 8.122154643679345 1.0252009648064808
60844.0536 lsst_hardware_g 2.124810511377095 15.09000015258789 31.450000762939453 AB 6.199877639500509 1.0898648141626728
60844.0739 lsst_hardware_r -7.536179912150549 23.920000076293945 31.520000457763672 AB 5.738821662271686 1.046975491779072
60849.0755 lsst_hardware_u -1.8463992213378329 2.7699999809265137 28.469999313354492 AB 3.073721074557381 1.024573691519127
60849.0914 lsst_hardware_g -6.957535218795944 15.079999923706055 31.469999313354492 AB 3.2296155513592613 1.009254859799769
60857.981 lsst_hardware_i 63.84069759200361 35.36000061035156 31.25 AB 11.203244977100026 1.204649997537637
60857.9952 lsst_hardware_z -30.171393387098586 44.11000061035156 30.940000534057617 AB 10.693585541632581 1.149847907702428
60860.9689 lsst_hardware_y 57.791125686025836 54.209999084472656 29.989999771118164 AB 5.987119242054944 1.2218610698071313
60860.9894 lsst_hardware_r 115.85066703283199 65.4800033569336 31.6200008392334 AB 5.594386340415588 1.1417114980439975
60862.9749 lsst_hardware_z -157.16845095645877 120.18000030517578 31.729999542236328 AB 4.736481839820203 1.1740675069269884
60864.9694 lsst_hardware_y -11.000657725097268 66.5999984741211 30.020000457763672 AB 3.557877081278076 1.1742168585076158
60864.9898 lsst_hardware_z -107.73373203757383 85.58000183105469 30.989999771118164 AB 3.434537090839961 1.1070224305687912
60869.9693 lsst_hardware_y -94.36008096817496 49.470001220703125 30.020000457763672 AB 9.5586457995201 1.1272652632254379
60869.99 lsst_hardware_i -40.53536464566576 31.540000915527344 31.25 AB 9.314773751289271 1.0723893335585162
60871.9688 lsst_hardware_y -27.97495148989623 49.279998779296875 30.020000457763672 AB 4.743194189829635 1.1123813766016966
60871.9886 lsst_hardware_g 7.006228200750819 15.010000228881836 31.440000534057617 AB 4.5651174497561895 1.0637166873218307
60874.9698 lsst_hardware_z 57.94791434485095 43.599998474121094 30.950000762939453 AB 2.2616193032665004 1.0877527711101405
60874.9898 lsst_hardware_u -1.3190787458571853 2.7699999809265137 28.459999084472656 AB 2.1752338139500726 1.0460369386631752
60880.9702 lsst_hardware_y 30.29503406842687 50.66999816894531 30.049999237060547 AB 5.161797631254871 1.0517288662035562
60880.9893 lsst_hardware_u -3.590861223413222 2.880000114440918 28.540000915527344 AB 5.029295728642962 1.0231677332154876
60882.969 lsst_hardware_y -1.1583991163420253 50.68000030517578 30.049999237060547 AB 4.562408050157114 1.0442682650850725
60882.9887 lsst_hardware_r 4.521476360623374 23.889999389648438 31.520000457763672 AB 4.458417047723835 1.017825975433491
61093.329 lsst_hardware_g 19.548353442017728 16.3799991607666 31.420000076293945 AB 13.812405211004494 1.2391975068749126
61093.3488 lsst_hardware_r -30.10151020805833 25.940000534057617 31.510000228881836 AB 10.843366436347793 1.1569959919278576
61095.3058 lsst_hardware_r -12.43393503948293 25.790000915527344 31.459999084472656 AB 13.232340590683528 1.3360714791976434
61095.3267 lsst_hardware_i 14.187640861182638 33.31999969482422 31.229999542236328 AB 12.1526156517368 1.2244243406562576
61098.3099 lsst_hardware_z -32.53670636158623 44.810001373291016 30.93000030517578 AB 7.772119758484989 1.2663331582052935
61098.3289 lsst_hardware_r -38.53820946154906 25.3700008392334 31.5 AB 7.12253116830428 1.1803995970010408
61102.3056 lsst_hardware_r 11.667959601920865 83.86000061035156 31.610000610351562 AB 7.438587487400079 1.2336477445001997
61102.3254 lsst_hardware_z 8.073640815188838 59.54999923706055 30.959999084472656 AB 6.975337212624204 1.1528530224980091
61104.3101 lsst_hardware_r -3.4095510017954185 86.98999786376953 31.6200008392334 AB 11.588014617141196 1.1900603810565382
61104.3309 lsst_hardware_y 46.69611542714629 54.150001525878906 30.030000686645508 AB 10.888118939415973 1.1174369025964488
61108.3126 lsst_hardware_i 41.98875856960285 68.55000305175781 31.309999465942383 AB 8.212481375023588 1.1406224131977205
61108.3325 lsst_hardware_z 19.560059092049684 64.58999633789062 30.979999542236328 AB 7.803631907958383 1.08383776499422
61110.3102 lsst_hardware_r 34.069654372601825 50.029998779296875 31.600000381469727 AB 9.067818787371483 1.1306859674393195
61110.3306 lsst_hardware_z 10.937979286466668 50.529998779296875 30.959999084472656 AB 8.484896183353806 1.075500989746054
61112.3084 lsst_hardware_g 21.93320143125833 21.81999969482422 31.549999237060547 AB 15.345620490628848 1.119403336600992
61112.3303 lsst_hardware_i -0.7291433586243017 34.099998474121094 31.260000228881836 AB 14.539306205951693 1.064312443017546
61115.309 lsst_hardware_z 4.57073994886328 42.709999084472656 30.950000762939453 AB 8.439850619818912 1.0948403593084368
61115.3276 lsst_hardware_r -4.926995978023561 24.479999542236328 31.520000457763672 AB 8.117412949489488 1.0535253665787963
61117.2656 lsst_hardware_r 8.42665432545824 25.049999237060547 31.479999542236328 AB 7.748523493300275 1.2292089513987206
61117.2842 lsst_hardware_u -4.015334200041989 2.759999990463257 28.3799991607666 AB 7.269273223860644 1.1537308047604449
61119.2588 lsst_hardware_g 4.451331642982091 21.440000534057617 32.130001068115234 AB 6.16506727983599 1.2354844248168315
61119.2766 lsst_hardware_r 31.948358026585595 34.72999954223633 32.2400016784668 AB 5.798638789387897 1.161392420346743
61121.259 lsst_hardware_i 15.306976863218726 32.939998626708984 31.229999542236328 AB 6.345659597370225 1.209791639553925
61121.2785 lsst_hardware_z -36.327838478935035 43.22999954223633 30.940000534057617 AB 5.9830047499895915 1.1360495110585003
61125.2635 lsst_hardware_i 26.339731497397903 32.41999816894531 31.239999771118164 AB 8.163210865678725 1.1497480092505246
61125.2822 lsst_hardware_z 13.407231941038315 42.54999923706055 30.950000762939453 AB 7.7641702134996855 1.0935451004929135
61127.2597 lsst_hardware_r -18.948705749120933 34.470001220703125 31.56999969482422 AB 8.791804957112715 1.1440710883724208
61127.2771 lsst_hardware_z -25.19397497402526 42.36000061035156 30.940000534057617 AB 8.359631901318838 1.0926195139614219
61129.2641 lsst_hardware_y -26.163512456053994 50.540000915527344 30.020000457763672 AB 7.402867952106914 1.1131853264991225
61129.2817 lsst_hardware_r 8.583087953722348 57.189998626708984 31.6299991607666 AB 7.2457605239916925 1.0689327320191615
61132.2566 lsst_hardware_i -89.38057515304378 114.87000274658203 32.08000183105469 AB 8.77845343928282 1.1111966378839013
61132.2765 lsst_hardware_z 64.84399407188131 98.13999938964844 31.739999771118164 AB 8.395079212202996 1.0626682547092399
61134.2655 lsst_hardware_r 171.01404185971217 109.61000061035156 31.649999618530273 AB 6.81541480677342 1.074548720701095
61134.2842 lsst_hardware_z -87.96008067975235 76.25 30.989999771118164 AB 6.726511964601813 1.0390307594060932
61136.2611 lsst_hardware_r -4.193967904731401 105.7300033569336 31.649999618530273 AB 15.6538638065573 1.0721824525039247
61136.2802 lsst_hardware_i -137.41267402812994 88.76000213623047 31.34000015258789 AB 15.137078618219531 1.0367862067273652
61138.2586 lsst_hardware_z -72.66595723331386 55.83000183105469 30.969999313354492 AB 9.17155064043822 1.065808737740126
61138.2772 lsst_hardware_i 105.99915830657102 55.189998626708984 31.31999969482422 AB 8.892999145372164 1.033168648895982
61140.2412 lsst_hardware_z -25.598042390074095 45.0 30.950000762939453 AB 5.298471902627115 1.0936710959048677
