data/validation/pwv_sim_epoch_fit_seasonal/14411.ecsv
# %ECSV 0.9
# ---
# datatype:
# - {name: time, datatype: float64}
# - {name: band, datatype: string}
# - {name: flux, datatype: float64}
# - {name: fluxerr, datatype: float64}
# - {name: zp, datatype: float64}
# - {name: zpsys, datatype: string}
# - {name: pwv, datatype: float64}
# - {name: airmass, datatype: float64}
# meta: {SNID: '14411', alt: 1024.0, c: 0.057429198175668716, dec: -8.385539, lat: -30.244573, lon: -70.7499537, ra: 304.277344, t0: 62261.828125,
#   x0: 2.357714198689769e-05, x1: -0.025283250957727432, z: 0.3198511302471161}
# schema: astropy-2.0
time band flux fluxerr zp zpsys pwv airmass
[from data line 133]
62712.1537 lsst_hardware_r 54.96567255528479 24.739999771118164 31.5 AB 6.104051754669214 1.1014664599935426
62712.1722 lsst_hardware_u -1.635102956064152 2.7200000286102295 28.3700008392334 AB 5.29421747563759 1.0829942672880413
62717.1456 lsst_hardware_g -7.334041441208045 15.390000343322754 31.440000534057617 AB 1.5563492161708967 1.0944149190771029
62717.1644 lsst_hardware_r -29.76743799530343 24.3799991607666 31.5 AB 1.4346930570829068 1.0800700555203815
62721.1202 lsst_hardware_r -30.371127512347584 45.66999816894531 31.610000610351562 AB 4.908883319976073 1.115655299994562
62721.1393 lsst_hardware_i 31.263200226862068 42.95000076293945 31.290000915527344 AB 4.182034953639803 1.0895444950863578
62724.1149 lsst_hardware_z -269.33372902790154 85.30999755859375 30.989999771118164 AB 8.318060618541482 1.1106667047490044
62724.1333 lsst_hardware_r -13.856045628764363 118.45999908447266 31.649999618530273 AB 8.923228042562789 1.0875464559944086
62730.1073 lsst_hardware_z -130.10366276410082 49.369998931884766 30.959999084472656 AB 4.459868151276975 1.0978136987758709
62730.1242 lsst_hardware_g -30.149629078682892 51.7599983215332 31.700000762939453 AB 4.4131402415836725 1.0823152033313728
62732.1369 lsst_hardware_r -33.581331348562394 24.219999313354492 31.510000228881836 AB 1.9564039459902534 1.0785027265657405
62732.1553 lsst_hardware_z 95.16748443951356 43.599998474121094 30.950000762939453 AB 2.045156687194983 1.0879939817502238
62737.0958 lsst_hardware_u 3.592614340456015 2.7799999713897705 28.450000762939453 AB 3.1323880291502477 1.0893683915317482
62739.085 lsst_hardware_r -42.26264187367052 24.219999313354492 31.510000228881836 AB 2.079836608964666 1.0950350696549664
62739.103 lsst_hardware_i 32.26314999258507 31.68000030517578 31.260000228881836 AB 2.046600243996426 1.0806178962448678
62741.0841 lsst_hardware_z -48.07701410205876 42.349998474121094 30.950000762939453 AB 3.822869590171146 1.0901201245676002
62741.1024 lsst_hardware_r -9.292303842046044 24.09000015258789 31.510000228881836 AB 3.7879890696630385 1.0789686162965288
62743.0802 lsst_hardware_u 1.858358426843476 2.7100000381469727 28.389999389648438 AB 4.544246134004537 1.0886377514534435
62743.098 lsst_hardware_g 23.18820731297301 14.949999809265137 31.43000030517578 AB 3.3626810115259747 1.0787331819796213
62745.0771 lsst_hardware_r -26.790382596571476 24.0 31.5 AB 1.3859416901335422 1.086586977760519
62745.0942 lsst_hardware_z -16.48058842296676 42.16999816894531 30.940000534057617 AB 1.1884564125269066 1.0784540948520025
62746.0212 lsst_hardware_r -3.740034932760738 35.5 32.2400016784668 AB 1.8896119999122432 1.1948226366817851
62746.0388 lsst_hardware_u -0.1235368978149055 3.0 28.489999771118164 AB 1.8728285425238926 1.1433629685738051
62750.0643 lsst_hardware_r -16.44714010236121 52.18000030517578 31.6200008392334 AB 0.6764272951372965 1.085903350053185
62750.0838 lsst_hardware_i 45.87113124825919 47.91999816894531 31.299999237060547 AB 1.4124728738558556 1.0782235678288974
62752.0599 lsst_hardware_z 54.313749625705746 78.44999694824219 30.989999771118164 AB 2.473108271025358 1.0850932084937588
62752.0785 lsst_hardware_r 28.583756269502413 104.80000305175781 31.649999618530273 AB 2.4558326824372343 1.0782230421940147
62754.0614 lsst_hardware_z -36.8278634226915 121.91000366210938 31.739999771118164 AB 3.3508117012139227 1.080907000391588
62761.0274 lsst_hardware_u -0.8748029345035448 2.7799999713897705 28.440000534057617 AB 1.860399380162236 1.0922644239907446
62761.0453 lsst_hardware_g -23.113245121321675 15.0600004196167 31.459999084472656 AB 0.4118144182397139 1.0796969672004735
62763.0313 lsst_hardware_r 27.68827536739305 24.18000030517578 31.510000228881836 AB 6.396011979932439 1.084069827107193
62763.0515 lsst_hardware_i -4.273191265783988 31.530000686645508 31.25 AB 5.947843601591533 1.0784033122173466
62770.0428 lsst_hardware_r -4.6966283863090545 34.029998779296875 32.25 AB 3.2234733175649617 1.0817932100225274
62770.0727 lsst_hardware_u -1.9204067185223737 3.8399999141693115 29.1299991607666 AB 3.2672421059222208 1.1163379536762192
62772.9969 lsst_hardware_z -38.22354285033669 43.2400016784668 30.940000534057617 AB 4.130175017085066 1.0899476646071888
62773.0162 lsst_hardware_g -13.243062000916618 15.229999542236328 31.440000534057617 AB 3.6885615135798484 1.078710748981507
62774.9962 lsst_hardware_y -79.81104957395927 50.220001220703125 30.040000915527344 AB 3.3349591885347505 1.085775415444757
62775.0153 lsst_hardware_i -35.49689773535249 32.04999923706055 31.260000228881836 AB 6.549595736734175 1.0782262884064329
62778.0032 lsst_hardware_y 100.47839763018897 49.4900016784668 30.040000915527344 AB 2.619538687681322 1.078591279583306
62778.0267 lsst_hardware_g -6.396295723053584 37.75 31.670000076293945 AB 2.6598852817267202 1.0855197721643532
62782.0004 lsst_hardware_y 18.44956107388024 87.4800033569336 30.809999465942383 AB 4.907750573914954 1.0785079824008985
