data/validation/pwv_sim_epoch_fit_seasonal/14544720.ecsv
# %ECSV 0.9
# ---
# datatype:
# - {name: time, datatype: float64}
# - {name: band, datatype: string}
# - {name: flux, datatype: float64}
# - {name: fluxerr, datatype: float64}
# - {name: zp, datatype: float64}
# - {name: zpsys, datatype: string}
# - {name: pwv, datatype: float64}
# - {name: airmass, datatype: float64}
# meta: {SNID: '14544720', alt: 1024.0, c: -0.008289347402751446, dec: -3.284369, lat: -30.244573, lon: -70.7499537, ra: 18.105469, t0: 60902.23046875,
#   x0: 4.798681907025742e-06, x1: 0.4669143557548523, z: 0.6238228678703308}
# schema: astropy-2.0
time band flux fluxerr zp zpsys pwv airmass
60869.4046 lsst_hardware_z 75.38226977927987 60.220001220703125 30.969999313354492 AB 7.030681290323607 1.1475852918180836
60869.4249 lsst_hardware_y 99.04612507014278 53.709999084472656 30.030000686645508 AB 7.238039217016708 1.1269230947427393
60871.4221 lsst_hardware_y 133.30130345727557 79.13266839260147 30.780000686645508 AB 5.162400540440461 1.125584724554128
60876.4079 lsst_hardware_r 114.20719470577887 38.714390740813535 32.27000045776367 AB 5.306263346246736 1.1258382572750245
60876.4284 lsst_hardware_z 73.9634291730191 63.391798993694756 31.700000762939453 AB 5.82629973462312 1.1253295049892553
60878.4079 lsst_hardware_z 124.51863012111728 44.39748877928771 30.940000534057617 AB 6.01131840972828 1.1239260371558906
60878.4285 lsst_hardware_y 80.58356870510312 49.59307866593687 30.020000457763672 AB 5.641694973623417 1.1283389947246834
60880.4077 lsst_hardware_u 2.0293827153742368 3.1845591119688295 28.459999084472656 AB 5.980201122426388 1.123306151195377
60880.4267 lsst_hardware_y 99.89627526554895 49.51268748198892 30.020000457763672 AB 5.8523182957577955 1.1310648985197866
60885.3674 lsst_hardware_z 531.7784936010117 47.787354233226644 30.940000534057617 AB 4.795058240477327 1.1389461587404826
60885.385 lsst_hardware_r 758.8677066489689 36.36334171067808 31.5 AB 5.288063672490233 1.1251199303170707
60887.3706 lsst_hardware_u 0.8511435531993401 3.333162769574406 28.440000534057617 AB 4.463826083970081 1.130416431174629
60887.3915 lsst_hardware_g 190.41198421834827 21.709570564705547 31.440000534057617 AB 5.067360055457093 1.123479365644067
60889.3632 lsst_hardware_r 1157.6342510443133 41.72294236522114 31.5 AB 1.615034273090737 1.1320333689888344
60889.3835 lsst_hardware_i 951.1530243503116 44.33867405749471 31.239999771118164 AB 2.1084552092778206 1.1233112462854664
60895.3699 lsst_hardware_i 2710.218317335689 107.74513591491473 32.06999969482422 AB 2.84642173395768 1.1235136111930846
60895.391 lsst_hardware_z 1981.688058207103 97.24216932889217 31.719999313354492 AB 1.590441110392064 1.13602936456576
60898.3305 lsst_hardware_z 1001.5389985678696 82.68360592079482 30.989999771118164 AB 6.403875905068262 1.1406636612857648
60898.3493 lsst_hardware_r 2025.5762925335057 116.1054293448149 31.639999389648438 AB 6.07612967504278 1.1252091990819961
60900.3524 lsst_hardware_y 496.96854058294826 61.77771529908101 30.030000686645508 AB 5.255491153649352 1.1233282363256067
60900.3745 lsst_hardware_r 1809.2245818772074 101.83803375099012 31.639999389648438 AB 5.274606548724586 1.1331867406311773
60903.313 lsst_hardware_r 1732.7619935462294 55.60391176269842 31.579999923706055 AB 5.50765359521631 1.14581652784445
60903.3334 lsst_hardware_i 1426.78352606071 54.281443845509294 31.270000457763672 AB 6.098552563726561 1.1262331604297373
60905.3273 lsst_hardware_z 1033.79767589301 53.563378303432394 30.940000534057617 AB 3.786949114872231 1.1265652580313048
60905.3465 lsst_hardware_r 1475.7382779234617 46.14162888877086 31.5 AB 4.496599347338081 1.1243606544575508
60907.2844 lsst_hardware_u 2.929980607880325 2.782239345226249 28.350000381469727 AB 1.7996874592929717 1.1788345803229072
60907.3025 lsst_hardware_r 1451.2077845940362 44.86216088242449 31.489999771118164 AB 2.6408809921775025 1.1452215924447107
60911.3314 lsst_hardware_r 1262.7293159330484 42.73657608223465 31.5 AB 3.517199121854184 1.124783857324651
60911.3516 lsst_hardware_u -1.9358645219518962 2.819578592092962 28.389999389648438 AB 3.659405809298497 1.1410089308211289
60913.2849 lsst_hardware_g 153.80648310362702 19.150278305448964 31.40999984741211 AB 2.5352964893580143 1.1469767341110715
60913.3035 lsst_hardware_r 1194.4045764440332 41.18394075778965 31.489999771118164 AB 3.0699584450595174 1.127693808641919
60931.2358 lsst_hardware_g 24.798204437553036 35.59284772652256 31.6299991607666 AB 2.657405944652439 1.1469166787449137
60931.2555 lsst_hardware_r 371.1230977250966 47.619071733236844 31.59000015258789 AB 4.017355139558072 1.1270195598994008
60937.2149 lsst_hardware_u 5.613594087684994 2.9379079040012663 28.43000030517578 AB 6.874569019903469 1.1540320664602097
60937.2338 lsst_hardware_g -5.924588039243476 16.086556731059442 31.440000534057617 AB 6.738755478018808 1.1306636708084463
60939.2141 lsst_hardware_r 178.7325786143145 28.192861832793003 31.489999771118164 AB 3.7023467353881228 1.1467107377828172
60939.2338 lsst_hardware_z 470.3165889635464 47.44689201639208 30.940000534057617 AB 3.651288347536565 1.1269408480052565
60942.2089 lsst_hardware_r 169.53466693087043 27.844506118808948 31.489999771118164 AB 4.328021049138936 1.1425609950207136
60942.229 lsst_hardware_u -1.0230304774037118 2.7811344047408153 28.360000610351562 AB 4.307981509665302 1.1252890316931567
60946.1828 lsst_hardware_r 108.4492707186346 27.745060776822353 31.5 AB 5.222047890206166 1.1681344893741077
60946.2018 lsst_hardware_i 245.8052881361494 35.726857581034096 31.239999771118164 AB 5.146490102882344 1.1378697601952132
60949.179 lsst_hardware_z 374.1007792050849 49.79666866852086 30.950000762939453 AB 5.503564647592145 1.159560631570715
60949.1966 lsst_hardware_r 121.11061702795163 39.543203516976355 31.579999923706055 AB 5.423144454347882 1.1346677381206993
60951.1835 lsst_hardware_z 511.67137200810504 78.83512629454087 31.709999084472656 AB 3.254877102012392 1.1436672881278702
60954.1736 lsst_hardware_r 391.51327998361865 145.9281073110256 31.6299991607666 AB 5.4053605829438895 1.1460533410247382
60954.1914 lsst_hardware_z 23.994815468475043 98.79680279379455 30.989999771118164 AB 5.487867208406921 1.1277984398697534
60956.1723 lsst_hardware_r 135.49459165821713 136.70026267519745 31.639999389648438 AB 4.560035487976475 1.1404840736914903
60956.1915 lsst_hardware_y 239.99205013052938 68.90490632345049 30.040000915527344 AB 4.523442777358992 1.1250013125040803
60958.1712 lsst_hardware_g 46.91870938034228 68.23116156007856 31.68000030517578 AB 3.884586611552764 1.135512017407999
60958.1898 lsst_hardware_r 71.77465320438667 70.18679437403189 31.6200008392334 AB 3.8414001869204775 1.1238736649855112
60960.1715 lsst_hardware_i 214.82274911061725 34.43101446351647 31.239999771118164 AB 6.955682623197206 1.1302701695154602
60960.1896 lsst_hardware_z 215.88479684956778 47.34280785179605 30.940000534057617 AB 6.9668564737902035 1.123324165396679
60962.1413 lsst_hardware_z 241.2694554894292 45.53984739852415 30.940000534057617 AB 9.704076013834557 1.16374432529196
60962.1573 lsst_hardware_r 102.07880423751364 26.329139642391603 31.5 AB 9.547054127154139 1.1388136135770346
60966.1418 lsst_hardware_r 35.68929096222945 26.195847178691842 31.489999771118164 AB 7.016375911423086 1.1446897644870033
60966.1592 lsst_hardware_z 117.04248396663986 44.946166129889924 30.940000534057617 AB 6.933456585678634 1.1274524232768823
60973.1399 lsst_hardware_i 83.20755072822632 33.98930747437483 31.239999771118164 AB 4.9491612338569775 1.127564215721815
60973.158 lsst_hardware_z 175.40218084768247 44.822337748408195 30.940000534057617 AB 4.937009199519099 1.1236862544663464
60975.1392 lsst_hardware_r 6.82962451421702 26.230139276109433 31.5 AB 3.9924601285583976 1.1251649023649781
60975.1568 lsst_hardware_u 2.2112490344298745 2.7270594678262405 28.350000381469727 AB 4.097215639625361 1.1248361399111944
60977.1091 lsst_hardware_z 146.97348681089179 46.16255515773821 30.940000534057617 AB 3.4143020686096417 1.1485653964821148
60977.1261 lsst_hardware_g -1.2072362554564773 24.915456659109577 31.56999969482422 AB 3.270837484325874 1.129497836313971
60990.0814 lsst_hardware_i -16.849920741769793 32.09000015258789 31.25 AB 3.9221259999101252 1.138167730676251
60990.0999 lsst_hardware_r 33.36791456363165 24.209999084472656 31.489999771118164 AB 2.2008575987411936 1.1245599823246466
60992.0858 lsst_hardware_u 0.8462968840739022 2.740000009536743 28.399999618530273 AB 3.7785545040677504 1.129022037519694
60992.1049 lsst_hardware_g -6.118255872141301 15.069999694824219 31.43000030517578 AB 3.832161330603932 1.123498960867375
60994.0885 lsst_hardware_r 32.22256283397797 24.510000228881836 31.5 AB 4.723827373786305 1.1247208032824536
60994.1065 lsst_hardware_i -2.203586026883854 32.310001373291016 31.239999771118164 AB 4.726928901827937 1.1254592623399848
60998.065 lsst_hardware_i 34.36591700205151 31.780000686645508 31.239999771118164 AB 5.324234236566686 1.1325748216478555
60998.0865 lsst_hardware_u 2.166407110921297 2.7699999809265137 28.43000030517578 AB 4.9957446291686045 1.1233334373305426
61005.0697 lsst_hardware_u 3.3781986457586255 3.3299999237060547 28.510000228881836 AB 4.9308198375981345 1.1235348255198543
61005.0892 lsst_hardware_g 14.748843701518606 18.06999969482422 31.479999542236328 AB 4.113588991798945 1.134522360413569
61007.0554 lsst_hardware_r 39.577546415184855 36.31999969482422 31.56999969482422 AB 4.307944512434714 1.1240070914338958
61007.0735 lsst_hardware_i -11.722472879518877 38.27000045776367 31.270000457763672 AB 4.337675135390143 1.1266688663351019
61010.0331 lsst_hardware_y -106.50444768267046 61.16999816894531 30.030000686645508 AB 8.538536407510811 1.1318064386405582
61010.0516 lsst_hardware_z -59.11574726500383 69.68000030517578 30.979999542236328 AB 9.339899159601222 1.1233491351803577
61012.0343 lsst_hardware_y 53.89974892406031 62.619998931884766 30.030000686645508 AB 7.564886222487456 1.1270334548220635
61012.0529 lsst_hardware_z -96.5222618448884 73.48999786376953 30.979999542236328 AB 7.452206005595879 1.1239668422742535
61016.0324 lsst_hardware_y -23.466043373648326 58.400001525878906 30.030000686645508 AB 6.093025897195614 1.1236734968471525
61016.0527 lsst_hardware_r -20.23255658942681 24.649999618530273 31.489999771118164 AB 5.061677754352891 1.129019741114792
61019.033 lsst_hardware_z -92.34807795887637 54.560001373291016 30.969999313354492 AB 8.138786820143338 1.1237925810546912
61019.0516 lsst_hardware_g 15.35279887626191 15.75 31.440000534057617 AB 8.311405510689434 1.1351536059761127
61234.4141 lsst_hardware_g -8.529500575555508 16.3700008392334 31.459999084472656 AB 6.948174249324415 1.1363747886372593
61234.4347 lsst_hardware_z -124.88404179771184 45.86000061035156 30.950000762939453 AB 7.200131563042475 1.1236744883279286
61236.4159 lsst_hardware_i -9.99306749910028 32.72999954223633 31.25 AB 5.3462959723752785 1.1297577204026898
61236.4347 lsst_hardware_y -40.58678817988404 51.08000183105469 30.020000457763672 AB 5.163409252283133 1.123416452612641
61243.4123 lsst_hardware_g -25.57135619049477 22.229999542236328 32.18000030517578 AB 6.025471755700268 1.1234216007644762
61243.433 lsst_hardware_y -168.3551002156964 72.1500015258789 30.770000457763672 AB 5.6562044160965765 1.1312408832193153
61247.3701 lsst_hardware_r 93.95751033473465 44.779998779296875 31.59000015258789 AB 8.23394913768201 1.1472156517297991
61247.3913 lsst_hardware_y -21.23692224282242 49.279998779296875 30.010000228881836 AB 7.604723597443229 1.1263476076193377
61250.3771 lsst_hardware_z -49.0028790576092 61.38999938964844 30.969999313354492 AB 5.311965852181501 1.1302055004641491
61250.3963 lsst_hardware_r 78.22740800851315 84.55000305175781 31.639999389648438 AB 5.280033949332622 1.1234114785814089
61252.3753 lsst_hardware_i -151.0691545127307 76.88999938964844 31.31999969482422 AB 5.039267547239603 1.1276682623193517
61252.3967 lsst_hardware_z 97.56050891645083 67.98999786376953 30.979999542236328 AB 5.033177794016741 1.124523059545725
61254.3735 lsst_hardware_r -85.06937631754215 91.63999938964844 31.6299991607666 AB 1.6041522401925083 1.1257208703105324
61254.3924 lsst_hardware_z -65.12734478584105 69.04000091552734 30.979999542236328 AB 2.1146625981425418 1.124920257900102
61259.3599 lsst_hardware_z 94.22195473673744 43.959999084472656 30.950000762939453 AB 4.817057149837077 1.125699820799317
61259.3814 lsst_hardware_r -32.456343079293106 29.020000457763672 31.540000915527344 AB 3.3905294970280644 1.1260476575981615
61265.3255 lsst_hardware_g 4.762062152566158 15.279999732971191 31.440000534057617 AB 4.138480098050011 1.1410201538599423
61265.3449 lsst_hardware_r 25.808981128096523 24.469999313354492 31.510000228881836 AB 5.263139202350978 1.1251232840740326
61269.3226 lsst_hardware_r -30.67610161693798 34.540000915527344 32.25 AB 4.7349542344806 1.1324029578636639
61269.3415 lsst_hardware_u -1.5216153326644457 3.950000047683716 29.190000534057617 AB 4.995008564588972 1.1234205374391841
61273.3218 lsst_hardware_g 10.617882412096062 14.899999618530273 31.420000076293945 AB 1.6438251503724903 1.12565063937856
61273.3425 lsst_hardware_i 64.61184597254218 31.709999084472656 31.239999771118164 AB 2.137772201602522 1.1257357565047508
61275.3161 lsst_hardware_z 32.20872327968515 46.38999938964844 30.950000762939453 AB 2.253113310408056 1.1257592424073228
61275.3352 lsst_hardware_r -6.644167570172044 34.54999923706055 31.56999969482422 AB 2.259985321153075 1.1249771375051605
61277.3237 lsst_hardware_y 36.555819869963365 72.05000305175781 30.780000686645508 AB 2.723034089320972 1.1235183974642988
61279.2802 lsst_hardware_r -110.34025695151503 98.9000015258789 31.6299991607666 AB 2.9929145144723583 1.151120967104753
61279.2975 lsst_hardware_i -51.290037696945866 77.19999694824219 31.31999969482422 AB 3.392406123975013 1.1305508078121573
61287.2458 lsst_hardware_z -36.009594162845026 44.779998779296875 30.940000534057617 AB 1.9033095383848344 1.1751242262100232
61287.2646 lsst_hardware_r 39.22294021128777 30.229999542236328 31.540000915527344 AB 2.540592132554886 1.1420958114429693
61298.2276 lsst_hardware_u -1.0740256437819902 2.8399999141693115 28.459999084472656 AB 1.019782552212782 1.1522966691669851
61298.2467 lsst_hardware_g -9.739836417446014 15.34000015258789 31.450000762939453 AB 1.0986601727147183 1.1297276840236141
61304.2321 lsst_hardware_z -12.051905148004753 66.81999969482422 31.709999084472656 AB 3.6679044590184393 1.128470246852294
61306.2176 lsst_hardware_r -15.062496657017798 65.44999694824219 31.6200008392334 AB 2.2309806259974203 1.1363228994893482
61306.237 lsst_hardware_i -36.06409074109172 55.45000076293945 31.299999237060547 AB 2.1968744924571597 1.1239125984601097
61308.2135 lsst_hardware_z -88.93186483515368 77.38999938964844 30.979999542236328 AB 6.828916629966704 1.1349056804086999
61308.2318 lsst_hardware_r 48.686910956130035 112.45999908447266 31.639999389648438 AB 6.731629761992741 1.1238582181214143
61310.1788 lsst_hardware_i 203.9204489929201 129.3000030517578 31.31999969482422 AB 4.717139123904759 1.185012340622532
61310.1986 lsst_hardware_z -1.4496296344836337 106.97000122070312 30.989999771118164 AB 4.579700122134752 1.146501470055073
61312.1783 lsst_hardware_z 75.48451068630013 71.54000091552734 30.969999313354492 AB 4.704565102575294 1.1734521145479844
61312.1982 lsst_hardware_r -34.44700632701523 96.16999816894531 31.639999389648438 AB 4.590992511358712 1.1397697396620434
61314.1809 lsst_hardware_i -43.72584999161418 44.709999084472656 31.280000686645508 AB 5.479620965931812 1.1574422487051108
61314.1996 lsst_hardware_r -51.62115806686493 49.27000045776367 31.610000610351562 AB 5.392289574926936 1.1325365345081515
61316.1806 lsst_hardware_u 6.490803461977624 2.7100000381469727 28.34000015258789 AB 3.3245640949005826 1.1489105269786601
61316.2002 lsst_hardware_g 10.82591484527452 15.680000305175781 31.450000762939453 AB 3.19537232580404 1.1279111633616568
61318.1709 lsst_hardware_r -12.759128047052524 24.889999389648438 31.489999771118164 AB 7.296136866721802 1.155823662054939
61318.1896 lsst_hardware_i -89.11883568022672 32.380001068115234 31.239999771118164 AB 7.042180032298434 1.1317284101725087
61320.1725 lsst_hardware_z 24.35660809214946 43.59000015258789 30.940000534057617 AB 5.2622288682508485 1.1447923571250416
61320.1906 lsst_hardware_r 21.29070385209452 25.0 31.5 AB 5.049023695267869 1.1271190464740848
61322.1698 lsst_hardware_u 0.21401351251035675 2.759999990463257 28.3799991607666 AB 3.670626178854445 1.1411273094884287
