data/validation/pwv_sim_epoch_fit_seasonal/14651665.ecsv
# %ECSV 0.9
# ---
# datatype:
# - {name: time, datatype: float64}
# - {name: band, datatype: string}
# - {name: flux, datatype: float64}
# - {name: fluxerr, datatype: float64}
# - {name: zp, datatype: float64}
# - {name: zpsys, datatype: string}
# - {name: pwv, datatype: float64}
# - {name: airmass, datatype: float64}
# meta: {SNID: '14651665', alt: 1024.0, c: -0.03616678714752197, dec: -49.507675, lat: -30.244573, lon: -70.7499537, ra: 173.156677, t0: 61807.796875,
#   x0: 2.5436996451191002e-06, x1: 0.9431904554367065, z: 0.8079320192337036}
# schema: astropy-2.0
time band flux fluxerr zp zpsys pwv airmass
[from data line 131]
62186.2693 lsst_hardware_u -2.3118767119933157 2.640000104904175 28.440000534057617 AB 2.6687470954845116 1.0608156992882884
62186.2808 lsst_hardware_g 14.282062936526367 13.149999618530273 31.399999618530273 AB 2.664680464902 1.0642049315680102
62188.2678 lsst_hardware_r 29.93616673478707 22.010000228881836 31.489999771118164 AB 5.5902566771329365 1.0616091173539364
62188.2786 lsst_hardware_i 20.410398451014473 30.260000228881836 31.25 AB 5.343970932184845 1.0657744920428476
62190.2659 lsst_hardware_z 33.383905286059 41.130001068115234 30.950000762939453 AB 11.322448238413578 1.0626584090237838
62190.2785 lsst_hardware_r 34.224061211301944 21.969999313354492 31.489999771118164 AB 11.413834103597877 1.0689445980955097
62192.2726 lsst_hardware_z 48.43508461990405 45.619998931884766 30.959999084472656 AB 9.44409016724922 1.0686583623169756
62192.2831 lsst_hardware_g 26.84597871961775 28.350000381469727 31.6200008392334 AB 9.529365536560068 1.0769064324743451
62194.2513 lsst_hardware_z -30.250384209416886 57.349998474121094 30.979999542236328 AB 6.307222677636479 1.0615837092071985
62194.2616 lsst_hardware_r 45.306314755459724 76.45999908447266 31.649999618530273 AB 6.319599466590761 1.0654601775751535
62196.2555 lsst_hardware_i -196.95572058340073 80.0 31.329999923706055 AB 4.146510811244901 1.0651424539214132
62196.2664 lsst_hardware_r 97.75735358924929 102.80999755859375 31.649999618530273 AB 4.151188373814636 1.072012147838849
62202.2536 lsst_hardware_z 54.899623604623095 43.380001068115234 30.950000762939453 AB 10.42545807939512 1.0749464866238323
62202.2651 lsst_hardware_r 13.218557634161458 32.40999984741211 31.56999969482422 AB 10.520087599159556 1.0866736493295717
62204.2462 lsst_hardware_u -0.32376273547183115 2.7799999713897705 28.469999313354492 AB 9.487602791018006 1.07331894236303
62204.2581 lsst_hardware_g 15.149330887370926 14.770000457763672 31.43000030517578 AB 8.332278636446574 1.0848967984696558
62206.2463 lsst_hardware_r -34.13966704137523 22.079999923706055 31.479999542236328 AB 9.219100893648948 1.0782574144618815
62206.2581 lsst_hardware_z -33.406937389667355 41.459999084472656 30.940000534057617 AB 9.581124394809454 1.0915032300537661
62208.192 lsst_hardware_r 3.5378391557751963 22.079999923706055 31.489999771118164 AB 14.687760813048083 1.0619449651542248
62208.2039 lsst_hardware_i 2.750212831297534 30.1200008392334 31.25 AB 14.651299537544116 1.0603821044759438
62211.1846 lsst_hardware_z 58.52533868758662 41.06999969482422 30.940000534057617 AB 8.353623902155817 1.0617326359780734
62211.1971 lsst_hardware_u 0.6469677597097765 2.640000104904175 28.420000076293945 AB 8.34338901557433 1.0604317977746327
62216.2067 lsst_hardware_z 33.30645107788187 41.5 30.959999084472656 AB 5.662691191085216 1.0684323002047578
62216.2179 lsst_hardware_r 2.941071197594796 22.40999984741211 31.5 AB 6.12204379270024 1.0772240463415772
62220.191 lsst_hardware_r -46.6137124360801 36.72999954223633 31.600000381469727 AB 7.400217870793781 1.0656740003543186
62220.2028 lsst_hardware_z -20.733209053381813 44.560001373291016 30.959999084472656 AB 7.377605351243599 1.0735616833192851
62222.1913 lsst_hardware_r 19.837176510309366 60.84000015258789 31.639999389648438 AB 7.228380161956574 1.069076143062022
62222.2016 lsst_hardware_y 13.955733192225683 50.61000061035156 30.040000915527344 AB 7.294788109166482 1.0773045351727764
62224.1916 lsst_hardware_z -17.311525307357794 70.13999938964844 30.989999771118164 AB 7.0664863616243645 1.0733359872853658
62224.2026 lsst_hardware_r 12.173779311753124 103.41999816894531 31.649999618530273 AB 7.112594790903871 1.0839065514940456
62230.1821 lsst_hardware_g 13.271320650041524 39.290000915527344 31.670000076293945 AB 4.939583847257038 1.0795724723542865
62230.1935 lsst_hardware_i 21.523473699823768 39.95000076293945 31.280000686645508 AB 4.9970220612338645 1.092722952380027
62234.1249 lsst_hardware_i 17.129953370080234 30.299999237060547 31.25 AB 7.909481592094327 1.061058211164989
62234.1365 lsst_hardware_r -17.225248210349353 22.280000686645508 31.489999771118164 AB 7.960475037085607 1.0606188844294993
62236.1212 lsst_hardware_u -1.3491156678162772 2.6600000858306885 28.440000534057617 AB 5.3680569597977525 1.0607760023313413
62236.1331 lsst_hardware_g -10.350572537753855 13.420000076293945 31.40999984741211 AB 5.169997353836918 1.0608931111346471
62238.1156 lsst_hardware_r 34.48038092370989 22.09000015258789 31.479999542236328 AB 7.140661719018654 1.0607962740411732
62238.1266 lsst_hardware_i -27.61918626640611 30.209999084472656 31.25 AB 6.682679447236178 1.060742769402568
62246.1157 lsst_hardware_r 10.612453512918659 22.209999084472656 31.489999771118164 AB 7.263629211875057 1.0636965554830211
62246.1283 lsst_hardware_z 4.603481609788551 41.15999984741211 30.950000762939453 AB 7.013635828656927 1.0708522163481535
62248.1018 lsst_hardware_r 2.3496689969809172 31.719999313354492 31.56999969482422 AB 9.681291938900218 1.0611573188418697
62248.1129 lsst_hardware_y -16.004297687932073 47.5 30.040000915527344 AB 9.724401116133562 1.064870906278314
62250.1069 lsst_hardware_z -15.20646185727427 48.779998779296875 30.959999084472656 AB 9.619901795278684 1.0646194992561626
62250.1184 lsst_hardware_r -12.89135105253376 51.47999954223633 31.6200008392334 AB 9.785441219574441 1.0716137786315985
62254.1078 lsst_hardware_r -49.52267779000363 111.13999938964844 31.649999618530273 AB 2.520836405070645 1.071860139637437
62254.1197 lsst_hardware_z -3.14677120991742 74.36000061035156 30.989999771118164 AB 2.496667944701614 1.082839935536337
62257.0877 lsst_hardware_z -134.58198489461458 51.77000045776367 30.969999313354492 AB 10.361579038688665 1.0645822499423494
62257.0991 lsst_hardware_g -18.319785332801217 64.18000030517578 31.709999084472656 AB 10.426887519638099 1.0714757333326814
62259.09 lsst_hardware_r 6.089668547019924 22.1200008392334 31.479999542236328 AB 14.210125824978961 1.0689127294252265
62259.102 lsst_hardware_z -31.850895581876124 44.060001373291016 30.950000762939453 AB 14.193312718455637 1.0786831371375312
62261.0908 lsst_hardware_r 12.562238466489083 22.139999389648438 31.479999542236328 AB 9.97407110909453 1.0735389120919756
62261.1026 lsst_hardware_u 2.562986179364988 2.5899999141693115 28.3700008392334 AB 10.049994935951995 1.0850782699149206
62264.0854 lsst_hardware_g 23.618145863056576 13.34000015258789 31.399999618530273 AB 11.115826232555504 1.0759333644468771
62264.0962 lsst_hardware_r -20.472947020001694 22.25 31.489999771118164 AB 11.220596832484569 1.087161789796005
62268.1091 lsst_hardware_r -3.919187958363125 22.31999969482422 31.479999542236328 AB 13.626766379775582 1.12364078773368
62268.1163 lsst_hardware_u -3.314420930944943 2.6500000953674316 28.399999618530273 AB 13.814936118242246 1.1380933752945417
62270.0796 lsst_hardware_g 4.095085319302988 13.270000457763672 31.399999618530273 AB 6.927401022248936 1.0869068835410585
62270.0914 lsst_hardware_i 24.451054026747993 30.520000457763672 31.239999771118164 AB 6.715377315880204 1.1028099380140846
62272.026 lsst_hardware_g -7.988469681816657 13.130000114440918 31.389999389648438 AB 5.582886794418298 1.0604780690318734
62272.039 lsst_hardware_r -22.502570137030965 21.920000076293945 31.479999542236328 AB 5.5736088533390875 1.0617914660835523
62279.0143 lsst_hardware_z -24.00436024893427 70.36000061035156 31.709999084472656 AB 1.403674318411135 1.0607110718472055
62280.017 lsst_hardware_r -24.625696740204546 66.3499984741211 31.639999389648438 AB 7.979068828225162 1.061752339085148
62280.0291 lsst_hardware_i -21.00710318368035 56.72999954223633 31.309999465942383 AB 7.937448695880075 1.0667419011150285
62282.0149 lsst_hardware_z -25.493778538907275 64.81999969482422 30.979999542236328 AB 6.046350143384626 1.0627675253125852
62282.0281 lsst_hardware_r -53.87883019179293 91.55999755859375 31.649999618530273 AB 6.070522888879288 1.0695229062346971
62284.9975 lsst_hardware_g -30.039439542013064 68.76000213623047 31.719999313354492 AB 9.335952394840257 1.0606626215451325
62285.011 lsst_hardware_r -103.77475937721431 73.02999877929688 31.639999389648438 AB 10.032705922480035 1.0644780819607582
62287.9945 lsst_hardware_i -0.9702764020248862 29.93000030517578 31.239999771118164 AB 7.277546298768297 1.0615889767725806
62288.0068 lsst_hardware_r -6.872887738719478 21.829999923706055 31.479999542236328 AB 7.25212182860509 1.066488504206631
62290.9989 lsst_hardware_u -2.3976529559493063 2.559999942779541 28.360000610351562 AB 11.519837892232864 1.066651656688228
62291.0113 lsst_hardware_g -12.154771718911514 13.050000190734863 31.3799991607666 AB 12.096992530028514 1.07560692323905
