data/validation/pwv_sim_epoch_fit_seasonal/14664251.ecsv
# %ECSV 0.9
# ---
# datatype:
# - {name: time, datatype: float64}
# - {name: band, datatype: string}
# - {name: flux, datatype: float64}
# - {name: fluxerr, datatype: float64}
# - {name: zp, datatype: float64}
# - {name: zpsys, datatype: string}
# - {name: pwv, datatype: float64}
# - {name: airmass, datatype: float64}
# meta: {SNID: '14664251', alt: 1024.0, c: -0.1131584495306015, dec: -5.829153, lat: -30.244573, lon: -70.7499537, ra: 332.226562, t0: 60528.59765625,
#   x0: 4.004861643614802e-06, x1: 0.45399022102355957, z: 0.6710906028747559}
# schema: astropy-2.0
time band flux fluxerr zp zpsys pwv airmass
[from data line 133]
60907.1798 lsst_hardware_i -4.320174949513458 32.400001525878906 31.25 AB 2.3806255180855644 1.1147860070641837
60907.1972 lsst_hardware_z -87.01987778485115 42.75 30.940000534057617 AB 2.410235316014958 1.1013183989101931
60911.1788 lsst_hardware_u -0.7439322137383261 2.759999990463257 28.389999389648438 AB 3.3058986855201997 1.1055284869647306
60911.2001 lsst_hardware_g -4.583392719754337 15.699999809265137 31.440000534057617 AB 3.279167740424809 1.0996538364938997
60931.1296 lsst_hardware_i 47.1855421638611 31.979999542236328 31.25 AB 4.0053090659992625 1.1022522369451015
60931.1472 lsst_hardware_z 16.24366383266122 42.54999923706055 30.950000762939453 AB 4.048908067109809 1.0999976636929525
60933.0943 lsst_hardware_z -17.716862296061677 61.189998626708984 31.690000534057617 AB 1.1720290104857862 1.1362375283429822
60933.1131 lsst_hardware_r -5.860888049416849 34.84000015258789 32.2599983215332 AB 1.1652221381000092 1.11026406679372
60937.0994 lsst_hardware_i -8.752936227383397 32.22999954223633 31.239999771118164 AB 6.142845184093598 1.1131031379730718
60937.1189 lsst_hardware_z 65.4528052593761 42.810001373291016 30.940000534057617 AB 6.169498847452448 1.1001246161648444
60939.0996 lsst_hardware_r 24.424597398786908 24.459999084472656 31.5 AB 4.159307710677562 1.107671827078279
60939.1193 lsst_hardware_u 0.44417737326167533 2.7799999713897705 28.43000030517578 AB 4.16536143737554 1.099330017781879
60942.0995 lsst_hardware_g -12.266025694891924 15.289999961853027 31.440000534057617 AB 4.053468291935793 1.1022847059288159
60942.118 lsst_hardware_r -65.21853498656847 24.31999969482422 31.5 AB 4.062979631964574 1.1002088589320747
60946.0713 lsst_hardware_z -25.587905058193442 43.119998931884766 30.940000534057617 AB 5.016198546909094 1.1171934402915578
60946.0909 lsst_hardware_r 10.607528287666844 26.479999542236328 31.520000457763672 AB 5.040865548536937 1.1012468201212815
60949.0711 lsst_hardware_z 26.358020356378297 48.689998626708984 30.959999084472656 AB 6.323490528985951 1.1087035204674236
60949.09 lsst_hardware_r 61.96252093693618 47.209999084472656 31.610000610351562 AB 6.928680298665584 1.0994414945518223
60951.0628 lsst_hardware_i 8.883446127897333 77.41999816894531 31.31999969482422 AB 3.1591551491794316 1.111400228383508
60951.0808 lsst_hardware_z -102.02835015363604 69.5199966430664 30.979999542236328 AB 3.2744250786291427 1.1000924168078143
60954.0659 lsst_hardware_r -23.702955067454603 130.16000366210938 31.649999618530273 AB 4.165404506176096 1.1027124815044047
60954.0846 lsst_hardware_z -82.12442344140565 87.9800033569336 30.989999771118164 AB 3.7700406399546367 1.1000458999041574
60956.0659 lsst_hardware_g 78.9690220101548 93.0999984741211 31.709999084472656 AB 5.995734364047408 1.1004376184357911
60956.0827 lsst_hardware_r -51.19735535566966 89.25 31.639999389648438 AB 5.321433681342095 1.1011761368520039
60958.0375 lsst_hardware_r -15.150074137687387 24.299999237060547 31.5 AB 2.6843935494879028 1.1184973122866262
60958.056 lsst_hardware_i -44.17666881020611 31.809999465942383 31.25 AB 2.672081096087283 1.1021921199315068
60962.0408 lsst_hardware_u -2.373575394033887 2.75 28.40999984741211 AB 7.978882225502153 1.104662090637816
60962.057 lsst_hardware_r -1.3366289106328553 24.389999389648438 31.510000228881836 AB 7.91515983580446 1.0993277549728417
60964.0398 lsst_hardware_i -4.614778961186151 31.969999313354492 31.239999771118164 AB 8.619000987125395 1.102103572294036
60964.0567 lsst_hardware_z 32.99485946970684 42.63999938964844 30.940000534057617 AB 9.017047952123876 1.0999082644699112
60966.032 lsst_hardware_r -29.90078253141759 24.299999237060547 31.489999771118164 AB 5.798421319722548 1.1033403500677184
60966.0506 lsst_hardware_u 1.0315090978305486 2.7300000190734863 28.389999389648438 AB 6.594259151293599 1.099776376133022
60969.0344 lsst_hardware_g 2.8820191732940543 15.390000343322754 31.450000762939453 AB 3.640264196551743 1.0995562414070912
60969.0517 lsst_hardware_r -38.717752004963266 24.489999771118164 31.5 AB 3.1704961429731533 1.1033569316071528
60973.0087 lsst_hardware_y 33.31936285130268 50.86000061035156 30.030000686645508 AB 4.003907682384966 1.1061282360342788
60973.0268 lsst_hardware_r -5.118740800641759 24.799999237060547 31.510000228881836 AB 3.9745218080247664 1.0993260734423693
60975.0093 lsst_hardware_y -34.17037242475459 50.959999084472656 30.020000457763672 AB 4.72339073695326 1.1023296610871298
60975.0267 lsst_hardware_r -3.601584682237217 26.31999969482422 31.510000228881836 AB 4.701953849734146 1.0999151272332206
60977.0047 lsst_hardware_y -65.2543420688054 60.22999954223633 30.040000915527344 AB 3.510701112397787 1.1019149756427455
60977.0221 lsst_hardware_z -69.72569580727689 45.95000076293945 30.950000762939453 AB 3.4606116680364276 1.100120271708094
