data/validation/pwv_sim_epoch_fit_seasonal/14669263.ecsv
# %ECSV 0.9
# ---
# datatype:
# - {name: time, datatype: float64}
# - {name: band, datatype: string}
# - {name: flux, datatype: float64}
# - {name: fluxerr, datatype: float64}
# - {name: zp, datatype: float64}
# - {name: zpsys, datatype: string}
# - {name: pwv, datatype: float64}
# - {name: airmass, datatype: float64}
# meta: {SNID: '14669263', alt: 1024.0, c: 0.037652455270290375, dec: -14.323464, lat: -30.244573, lon: -70.7499537, ra: 30.9375, t0: 62050.28125,
#   x0: 9.944258083763442e-05, x1: 0.5130277276039124, z: 0.16927728056907654}
# schema: astropy-2.0
time band flux fluxerr zp zpsys pwv airmass
[from data line 133]
62410.2153 lsst_hardware_r 8.70148241202052 23.360000610351562 31.5 AB 4.519755630080706 1.0696169673017493
62410.234 lsst_hardware_u 0.9741533113635884 2.75 28.459999084472656 AB 4.4233185734883955 1.0486146087805122
62419.2048 lsst_hardware_g 49.137100535870935 14.210000038146973 31.40999984741211 AB 3.5934159299774633 1.0525529964785878
62419.2222 lsst_hardware_i 15.580481304010991 30.5 31.239999771118164 AB 2.7168212487904153 1.0418591009039873
62421.181 lsst_hardware_r -4.252602938417014 23.3700008392334 31.489999771118164 AB 6.676330240408041 1.0763645056547788
62421.1995 lsst_hardware_z 0.09644919406935372 41.47999954223633 30.940000534057617 AB 6.43930012953893 1.052402505372313
62424.177 lsst_hardware_r 28.856678113474 34.150001525878906 31.59000015258789 AB 6.9646501310008775 1.069729182521126
62424.1948 lsst_hardware_y 39.604444782099286 47.72999954223633 30.049999237060547 AB 6.855929279180598 1.0493769304868263
62426.1807 lsst_hardware_z 30.620619550105573 48.689998626708984 30.969999313354492 AB 6.908617551779079 1.0577112863147353
62426.1972 lsst_hardware_r 44.54664853386396 50.65999984741211 31.6299991607666 AB 6.87189709484278 1.0442290127657765
62428.1674 lsst_hardware_i -78.23032999580796 65.43000030517578 31.329999923706055 AB 2.7654797723522138 1.0677871639443535
62428.1842 lsst_hardware_z -7.108403604942595 60.11000061035156 30.979999542236328 AB 2.7016612437534495 1.0491209282584524
62430.1658 lsst_hardware_r 86.54049587718545 120.0 31.65999984741211 AB 2.782028989421993 1.06251902842359
62430.183 lsst_hardware_z 26.498529090568436 79.9800033569336 30.989999771118164 AB 2.6930036987378076 1.0460975134291626
62434.1502 lsst_hardware_r 10.670161123759069 76.75 31.649999618530273 AB 4.694689774569602 1.068979284925053
62434.1702 lsst_hardware_z -31.20768928923869 59.560001373291016 30.979999542236328 AB 4.809501927726848 1.0473463956578075
62436.1674 lsst_hardware_y 91.20832194527131 48.630001068115234 30.049999237060547 AB 2.561319853078997 1.045614500321414
62436.1844 lsst_hardware_g -9.962354238029171 48.31999969482422 31.709999084472656 AB 2.573870764960926 1.04064855726183
62439.1476 lsst_hardware_g 10.047802943094997 14.4399995803833 31.43000030517578 AB 5.849545236445401 1.0551127771366164
62439.1639 lsst_hardware_r -11.026664181589407 23.219999313354492 31.5 AB 5.758438853375615 1.043195444452104
62441.1498 lsst_hardware_i 1.4715054469334092 30.540000915527344 31.239999771118164 AB 4.8442646455053255 1.0482774145429348
62441.1684 lsst_hardware_z -49.195944000529764 40.90999984741211 30.940000534057617 AB 4.624749266232752 1.0407116827587
62450.1268 lsst_hardware_z 90.65277243311651 41.15999984741211 30.950000762939453 AB 9.2471583370957 1.0471444752774217
62450.1442 lsst_hardware_r 18.219174168262533 22.809999465942383 31.5 AB 9.211113824547667 1.0406862303183444
62452.1158 lsst_hardware_z -100.67919189523373 41.93000030517578 30.950000762939453 AB 3.5038051131898036 1.0515358599046338
62452.1326 lsst_hardware_g -41.12887567441289 20.940000534057617 31.559999465942383 AB 4.422403460954669 1.0417093579512087
62455.1169 lsst_hardware_r -80.56018295040617 51.88999938964844 31.639999389648438 AB 4.388230633891519 1.0448168175932186
62455.1339 lsst_hardware_z -0.8300918038722374 49.2400016784668 30.969999313354492 AB 4.341798894583634 1.040699639161945
62457.1052 lsst_hardware_i -58.38361448716189 67.18000030517578 31.329999923706055 AB 3.2518150363728395 1.0489725923783353
62457.125 lsst_hardware_r -27.256736489868707 80.16999816894531 31.649999618530273 AB 2.809862156160265 1.0406896874667648
62459.1146 lsst_hardware_z 222.7762808546151 103.1500015258789 31.739999771118164 AB 4.648122509656192 1.0414210518469431
62462.0982 lsst_hardware_r 53.43312771401984 91.75 31.649999618530273 AB 3.998692294141243 1.044590463464331
62462.1166 lsst_hardware_i -138.96206288664908 73.51000213623047 31.329999923706055 AB 3.972323174801435 1.0408742706266316
62464.0976 lsst_hardware_z -22.22926592382204 48.20000076293945 30.969999313354492 AB 8.261503151284447 1.0424171203673176
62464.1166 lsst_hardware_r 6.403619737422247 52.279998779296875 31.639999389648438 AB 8.302932956618312 1.0421219508767021
62467.0724 lsst_hardware_i -68.82567420942961 30.350000381469727 31.25 AB 3.8552874862693964 1.0538371260873065
62467.0932 lsst_hardware_u 0.030369509515306158 2.690000057220459 28.450000762939453 AB 3.9712386510561193 1.0413177128894924
62478.041 lsst_hardware_y -82.90401703004103 48.869998931884766 30.049999237060547 AB 3.9155730346584177 1.0552209040581435
62478.0597 lsst_hardware_r 12.384782122702045 22.700000762939453 31.5 AB 3.046639607231818 1.0422988734970298
62480.043 lsst_hardware_y -89.08312340370604 48.97999954223633 30.049999237060547 AB 7.675486639587339 1.0485040659687623
62480.0632 lsst_hardware_z -46.58816050019218 41.2599983215332 30.950000762939453 AB 7.728513349973277 1.0406436288114826
62482.0419 lsst_hardware_y 92.78408368665905 50.93000030517578 30.049999237060547 AB 14.214174764723222 1.0455443004577583
62482.0616 lsst_hardware_z -32.297914817042745 43.16999816894531 30.959999084472656 AB 14.147030430726613 1.0408223190362136
62484.0441 lsst_hardware_y -97.93282247049464 51.33000183105469 30.059999465942383 AB 8.232094343018145 1.0420372586098918
62484.0628 lsst_hardware_r 23.115465597012427 49.720001220703125 31.6299991607666 AB 8.234919626978112 1.0423948894909
62486.0324 lsst_hardware_y -23.842104255729705 74.79000091552734 30.06999969482422 AB 10.346130843434649 1.0447301284481474
62486.0515 lsst_hardware_r 9.629728928996963 70.58999633789062 31.649999618530273 AB 10.412083002896154 1.0409288128098337
62488.043 lsst_hardware_z 12.094032722080495 97.0999984741211 31.739999771118164 AB 4.1847235475564215 1.0406524209029777
62490.0342 lsst_hardware_y 25.37703854867809 76.68000030517578 30.06999969482422 AB 5.045817112673666 1.040732302373171
62490.0534 lsst_hardware_i -14.945617569676696 70.04000091552734 31.329999923706055 AB 5.3974991204938165 1.0457736247021199
62492.0355 lsst_hardware_y 116.9362130505289 68.91999816894531 30.06999969482422 AB 4.702395017822666 1.0409862234373441
62492.0541 lsst_hardware_r 71.66833144595144 60.83000183105469 31.639999389648438 AB 5.742057101307854 1.0502482199685932
