data/validation/pwv_sim_epoch_fit_seasonal/14664251.ecsv
# %ECSV 0.9
# ---
# datatype:
# - {name: time, datatype: float64}
# - {name: band, datatype: string}
# - {name: flux, datatype: float64}
# - {name: fluxerr, datatype: float64}
# - {name: zp, datatype: float64}
# - {name: zpsys, datatype: string}
# - {name: pwv, datatype: float64}
# - {name: airmass, datatype: float64}
# meta: {SNID: '14664251', alt: 1024.0, c: -0.1131584495306015, dec: -5.829153, lat: -30.244573, lon: -70.7499537, ra: 332.226562, t0: 60528.59765625,
#   x0: 4.004861643614802e-06, x1: 0.45399022102355957, z: 0.6710906028747559}
# schema: astropy-2.0
time band flux fluxerr zp zpsys pwv airmass
60458.4136 lsst_hardware_z -80.46940262875657 61.09000015258789 30.969999313354492 AB 8.990411931347289 1.1093567421714021
60458.4367 lsst_hardware_y 191.08835251312792 72.37000274658203 30.049999237060547 AB 8.680540904102719 1.0992664716043679
60460.409 lsst_hardware_z 28.23117600164372 54.880001068115234 30.969999313354492 AB 8.203485021741873 1.108579056992145
60460.431 lsst_hardware_y -23.715145402699438 55.880001068115234 30.030000686645508 AB 7.94140767334681 1.0992582023734798
60462.4119 lsst_hardware_r -14.64387349795025 29.889999389648438 31.540000915527344 AB 8.459572901732837 1.102655487712786
60462.4303 lsst_hardware_y 9.631504147539605 52.0099983215332 30.020000457763672 AB 7.113031779421785 1.0998824992340444
60464.4125 lsst_hardware_z -22.240695676723643 61.16999816894531 31.700000762939453 AB 12.762275296960649 1.1001961462897112
60468.404 lsst_hardware_i -3.285551331112647 45.959999084472656 32.0 AB 3.2086627810183215 1.09964167848693
60468.4247 lsst_hardware_y -25.590661742057137 68.93000030517578 30.770000457763672 AB 1.8466290999990325 1.1047736165109205
60485.3196 lsst_hardware_i -32.554917830536965 82.73999786376953 31.31999969482422 AB 4.563460944190829 1.137287519060677
60485.3424 lsst_hardware_z 82.54598325335138 73.12000274658203 30.979999542236328 AB 3.9970283639302004 1.107184514834893
60487.3376 lsst_hardware_r -86.63824744507872 95.93000030517578 31.639999389648438 AB 7.967923233520525 1.1066560046556284
60487.3611 lsst_hardware_z 27.410155676914997 73.37999725341797 30.979999542236328 AB 7.917809360137036 1.0996957444634772
60493.3305 lsst_hardware_i 7.995498195221797 32.0 31.239999771118164 AB 7.063068591414917 1.1011669883978221
60493.3519 lsst_hardware_z 34.72731046687623 42.650001525878906 30.940000534057617 AB 7.182592164125784 1.1021316808540407
60495.296 lsst_hardware_r 4.867493790419087 24.53182552069576 31.5 AB 5.049520904928343 1.1307851091542196
60495.315 lsst_hardware_g -7.899546294869324 15.382267690249504 31.450000762939453 AB 4.979390819794164 1.107269472936216
60497.339 lsst_hardware_r 9.68561928142272 34.43622200390745 32.25 AB 1.724739759141887 1.1012491811058853
60497.3589 lsst_hardware_i 63.643268332377026 45.36796032788601 31.989999771118164 AB 1.7257458554672642 1.1177110462871631
60499.3338 lsst_hardware_z 108.47495342433214 42.84260947559406 30.950000762939453 AB 2.4450125367536164 1.1013569985376652
60499.3572 lsst_hardware_i 63.088813222669415 32.43371049235244 31.25 AB 2.556909727175259 1.1227648099422978
60501.3012 lsst_hardware_r 12.452722356028234 24.69475334378444 31.5 AB 9.46162326043648 1.1052975392583722
60501.3224 lsst_hardware_u 4.309466176699816 3.1123404241232495 28.40999984741211 AB 9.381094670317625 1.0996154924914632
60506.3 lsst_hardware_i 221.89399658286828 35.120902961881534 31.239999771118164 AB 3.2991153184825555 1.0997051061608518
60506.3185 lsst_hardware_z 134.09235038666702 44.21814345547259 30.940000534057617 AB 3.2023662265185444 1.103249733527289
60508.2946 lsst_hardware_r 412.49358006241494 47.32084353284729 31.600000381469727 AB 1.9794501758449512 1.099694542136084
60508.3135 lsst_hardware_g 141.27183868901682 34.36788192699733 31.639999389648438 AB 1.9863362563592064 1.1035201424217813
60511.2909 lsst_hardware_r 657.9173467504054 101.03629339679863 31.639999389648438 AB 5.255231926605024 1.0992675902811562
60511.3107 lsst_hardware_i 617.589612893852 80.6835292416389 31.31999969482422 AB 5.507926178970119 1.1073434215862725
60514.2507 lsst_hardware_i 933.5056541399553 117.70623444163422 31.31999969482422 AB 6.627803002035887 1.1208235065449639
60514.2736 lsst_hardware_z 546.5140395212574 100.40739064355196 30.989999771118164 AB 6.49896894477394 1.1010069789121917
60516.2516 lsst_hardware_r 1193.476090712382 91.177002465573 31.6299991607666 AB 11.845755029155796 1.1130438827194749
60516.2727 lsst_hardware_z 670.1991177748798 69.46581953584626 30.979999542236328 AB 11.68843469456872 1.0997084640188848
60520.253 lsst_hardware_g 381.3838756717884 25.581118253833118 31.43000030517578 AB 4.859821103704814 1.1029798431043776
60520.2708 lsst_hardware_r 1331.2740612401255 45.08320446549708 31.510000228881836 AB 4.843955714764229 1.099670227911439
60527.2118 lsst_hardware_r 1380.8806455994613 44.885009949067225 31.489999771118164 AB 2.534897001727495 1.1257453099711314
60527.2329 lsst_hardware_g 410.5606969813736 24.480064119942963 31.43000030517578 AB 2.4846466213749454 1.103551686153651
60529.2688 lsst_hardware_r 2826.278009789192 63.09567523747472 32.2599983215332 AB 3.4960197625079354 1.114446848105813
60529.288 lsst_hardware_i 2557.5083468403404 67.46399019643923 31.989999771118164 AB 3.609043717074142 1.144728797739796
60531.222 lsst_hardware_i 1112.6085345710935 47.169207579876655 31.239999771118164 AB 4.954893453834577 1.1035397447293045
60531.2421 lsst_hardware_z 931.7020931710415 51.146314882125935 30.950000762939453 AB 5.038605895173782 1.0999521683512103
60535.2049 lsst_hardware_g 285.94510744994864 29.868281096010456 31.600000381469727 AB 2.6043333248558365 1.1080304874411246
60535.2247 lsst_hardware_r 1203.7678960526412 45.429709012408125 31.549999237060547 AB 2.6591716309922444 1.0992855026838546
60537.1822 lsst_hardware_i 1165.938438992257 56.41992228958618 31.290000915527344 AB 5.5242933782901344 1.129365916036008
60537.2036 lsst_hardware_z 798.8485207473343 56.20687711029678 30.959999084472656 AB 5.408971514930483 1.1048300086667993
60539.2283 lsst_hardware_r 1202.6143272332358 87.82871561080825 31.639999389648438 AB 2.6729654208380174 1.1032015494430338
60539.2431 lsst_hardware_z 800.2557290296367 67.89059703740931 30.979999542236328 AB 2.8098955222937807 1.116329954230272
60543.1718 lsst_hardware_i 868.2046878335059 112.54097957724882 31.329999923706055 AB 2.7842341881541097 1.1204537461970328
60543.1981 lsst_hardware_z 1488.0070552633056 136.7822275264678 31.739999771118164 AB 2.7236266815353676 1.0998997199537073
60543.2244 lsst_hardware_i 969.2718226164046 113.51000644755962 31.329999923706055 AB 2.2113406253250507 1.108256243898288
60546.1746 lsst_hardware_r 763.7915865444411 53.57909607983901 31.610000610351562 AB 4.264965132031535 1.1082629186742838
60546.1951 lsst_hardware_z 559.4741718938324 55.71500104293161 30.959999084472656 AB 4.202174365664934 1.0992782609866414
60549.1521 lsst_hardware_g 93.0485418860588 18.485018889156688 31.469999313354492 AB 4.388260899609782 1.1251951024640467
60549.169 lsst_hardware_r 570.0765064660337 34.26646231615465 31.520000457763672 AB 4.756463043432611 1.106154196147119
60553.144 lsst_hardware_i 543.2581575315636 39.664011676639234 31.239999771118164 AB 1.4574731472298625 1.1211331901768173
60553.1615 lsst_hardware_z 519.7578847038193 48.290724367349 30.950000762939453 AB 1.43494835719741 1.1038064286133922
60555.134 lsst_hardware_z 374.94206388417507 48.08463481724582 30.940000534057617 AB 1.5789890757851215 1.1278493398465155
60555.1541 lsst_hardware_r 321.3080957879698 30.987700512424418 31.510000228881836 AB 1.5471077069113697 1.1050769335081212
60557.1326 lsst_hardware_u 4.95997166592895 3.0541434204828115 28.420000076293945 AB 1.7006438322572628 1.1217967231248436
60557.152 lsst_hardware_r 290.86177832076714 30.11418387754592 31.5 AB 1.7007888015386354 1.1029758764841995
60559.1196 lsst_hardware_i 374.6167066544396 37.985778410026015 31.25 AB 1.786058738633141 1.1336456608271286
60559.1396 lsst_hardware_z 332.95701762141636 47.329267302392175 30.950000762939453 AB 2.2563924932124544 1.1078396922609326
60568.0964 lsst_hardware_r 273.21537931643314 100.76784950338045 31.639999389648438 AB 4.072641682657339 1.1312893562937052
60568.1203 lsst_hardware_i 638.3844006505255 116.4080293261889 32.08000183105469 AB 3.9742515513266667 1.1039587642574074
60568.145 lsst_hardware_z 346.8551722303604 74.13162758735645 30.989999771118164 AB 3.522390442286935 1.1012058489850776
60571.1054 lsst_hardware_z 230.8674752830712 94.2514511625981 30.989999771118164 AB 6.174741554595538 1.109102183198733
60571.126 lsst_hardware_r 569.4624557727725 140.21923676563753 31.649999618530273 AB 8.17389051522424 1.0993061011666438
60573.1 lsst_hardware_z 322.92229922946467 61.2447054477015 30.969999313354492 AB 3.992568384696369 1.109046773526769
60577.1046 lsst_hardware_r 100.69635623221382 37.20657345497476 32.25 AB 5.529469355415176 1.1000635343510203
60580.0725 lsst_hardware_r 86.07776856176326 26.097067367657612 31.489999771118164 AB 5.031112217776836 1.1181905951497153
60580.092 lsst_hardware_i 148.16241392945165 33.91715280022519 31.239999771118164 AB 5.041971766181029 1.1015887625477203
60582.0705 lsst_hardware_z 130.43106616763168 44.83527450095029 30.940000534057617 AB 4.129107484394972 1.1140429843006423
60582.0887 lsst_hardware_r 90.95401984606322 25.981019017752025 31.489999771118164 AB 4.249132799239039 1.1007403145494155
60584.0685 lsst_hardware_u 10.916339046849176 3.359129375421358 28.469999313354492 AB 5.400540004883394 1.110422536215358
60584.0877 lsst_hardware_r 32.69821105751954 25.97602776878367 31.5 AB 4.966349135161335 1.0996012698242743
60586.0645 lsst_hardware_i 128.38361695073542 33.70242444029462 31.25 AB 2.5567306635936857 1.109050316769962
60586.0842 lsst_hardware_z 192.9807508103317 44.31482668750349 30.950000762939453 AB 2.3086573773714827 1.0993606558911821
60590.0643 lsst_hardware_g 30.15058840968827 16.290196813995234 31.459999084472656 AB 5.671330775593933 1.1017641137618543
60590.083 lsst_hardware_r 50.110712037231295 25.972791333943476 31.510000228881836 AB 5.248892285195858 1.1005120631504053
60592.067 lsst_hardware_i 89.70872955267536 34.752812951805964 31.260000228881836 AB 2.689233917465649 1.0994415034610177
60592.0855 lsst_hardware_z 169.6713817085482 44.8008435944547 30.950000762939453 AB 3.521298841456018 1.1043747346576815
60596.0368 lsst_hardware_z 131.6673931644073 68.9337782451242 30.979999542236328 AB 8.076980926290291 1.1094119054023535
60596.0541 lsst_hardware_r 159.46049187377506 84.5002049034626 31.639999389648438 AB 7.918208901905662 1.0997512363757864
60601.0329 lsst_hardware_r 30.089315361209884 85.12740372462616 31.639999389648438 AB 4.484283262271814 1.1024215182181534
60601.0521 lsst_hardware_z 207.20399138804999 64.86515984946033 30.979999542236328 AB 4.167475005474789 1.1002508099728834
60603.034 lsst_hardware_g -15.922346552354336 15.787456698385002 31.459999084472656 AB 3.670034563513903 1.0999654019223446
60603.0514 lsst_hardware_r 87.75799200342216 25.686195700403918 31.510000228881836 AB 3.151924013159429 1.1020713332728864
60609.0068 lsst_hardware_y 163.87439677228275 52.41416036285117 30.030000686645508 AB 4.7339923022883985 1.1049757372442115
60611.0028 lsst_hardware_y 110.16824161956406 65.59585641356303 30.049999237060547 AB 3.419862455720959 1.1040124144154608
60611.0214 lsst_hardware_z 73.20763403747226 44.08829419666012 30.950000762939453 AB 3.395336517303325 1.099526074256258
60613.0042 lsst_hardware_y -6.892448194638006 65.22000122070312 30.049999237060547 AB 5.092330671633555 1.100687489816037
60613.0203 lsst_hardware_u -1.1059054876840824 3.1600000858306885 28.59000015258789 AB 5.086986242234272 1.1005432943337707
60615.0079 lsst_hardware_y 126.1938744015824 56.70000076293945 30.040000915527344 AB 9.57044713132192 1.0992932611214434
60615.0276 lsst_hardware_r -30.78341129127488 24.899999618530273 31.5 AB 9.60925676072163 1.108078501005723
60617.0177 lsst_hardware_z 15.766905625593973 68.38999938964844 31.709999084472656 AB 5.226606294433552 1.1046793633439058
60825.4124 lsst_hardware_i -2.595155189508281 33.08000183105469 31.25 AB 14.285041513880806 1.106388391194935
60825.4317 lsst_hardware_y 15.972399915630355 53.97999954223633 30.030000686645508 AB 13.987024745689196 1.0993063815529684
60827.4112 lsst_hardware_g 5.182282480861294 16.350000381469727 31.469999313354492 AB 6.883748068480482 1.1034889633942369
60827.4317 lsst_hardware_y -12.28214918951547 52.029998779296875 30.030000686645508 AB 6.846485669490048 1.1001021401928253
60831.4007 lsst_hardware_i -32.64603196001188 32.43000030517578 31.25 AB 5.074930433874526 1.1032457464944623
60831.4237 lsst_hardware_y 34.29134497760402 48.77000045776367 30.030000686645508 AB 4.844553420057867 1.1010348681949698
60843.3198 lsst_hardware_z -85.03885020720824 64.97000122070312 30.969999313354492 AB 4.492119141134884 1.183434241352688
60843.3522 lsst_hardware_r -41.12473251914729 75.45999908447266 31.639999389648438 AB 3.6935467946262155 1.117563326664513
60845.3809 lsst_hardware_i 0.14381118516008942 38.310001373291016 31.280000686645508 AB 3.2133444056074754 1.0997385525280126
60845.4026 lsst_hardware_z -61.77882740693604 45.91999816894531 30.950000762939453 AB 3.250940793039582 1.1137172980608365
60859.3247 lsst_hardware_z 18.41483371385504 73.62999725341797 32.130001068115234 AB 7.066241048605553 1.1030086448731642
60859.347 lsst_hardware_u 7.915995643467437 4.75 29.59000015258789 AB 7.233252680720579 1.100951701783954
60862.3321 lsst_hardware_g -17.802425830072234 18.940000534057617 31.530000686645508 AB 5.620828612750642 1.0994106592069954
60862.3516 lsst_hardware_r -7.087920430435408 24.459999084472656 31.510000228881836 AB 6.313927073248236 1.1091009877767297
60876.2848 lsst_hardware_z -21.08402126947443 42.79999923706055 30.950000762939453 AB 3.125183549174229 1.1002876009297837
60876.3066 lsst_hardware_u -3.2238814791947408 2.819999933242798 28.459999084472656 AB 3.678846949988237 1.103930067513041
60878.2882 lsst_hardware_g -11.05222856271706 15.1899995803833 31.43000030517578 AB 5.401710321863984 1.0993983016005393
60878.3105 lsst_hardware_r 7.410677056082983 24.3700008392334 31.5 AB 5.408482046714955 1.1115984064772284
60880.2497 lsst_hardware_r -30.814108975412093 24.600000381469727 31.510000228881836 AB 7.038593377133125 1.1194878661541394
60880.2715 lsst_hardware_i 53.4014482968661 32.119998931884766 31.25 AB 6.516474561618209 1.1010813266790367
60882.2491 lsst_hardware_z 42.191306280407645 42.68000030517578 30.940000534057617 AB 11.197108481371414 1.1136045830069865
60882.2684 lsst_hardware_i -8.336750813720622 31.860000610351562 31.239999771118164 AB 11.58024240071774 1.1002954076820555
60885.2491 lsst_hardware_u -2.776861379978351 2.819999933242798 28.459999084472656 AB 4.552038611319815 1.1060270376576857
60885.2675 lsst_hardware_g 3.4842711694411337 15.399999618530273 31.450000762939453 AB 4.61678479088662 1.0993217217763205
60887.2537 lsst_hardware_r -43.570322464477336 24.450000762939453 31.5 AB 3.940852599989796 1.100617478527185
60887.274 lsst_hardware_i 1.6984409217384218 31.920000076293945 31.25 AB 3.94954230558637 1.1024798824591828
60889.2487 lsst_hardware_z 63.27960798072267 61.09000015258789 31.700000762939453 AB 1.9598481523244806 1.1004715655745527
60892.2543 lsst_hardware_z 30.360259640842077 50.540000915527344 30.959999084472656 AB 0.39852724102141085 1.1001442126194914
60892.274 lsst_hardware_r -105.15360155840342 54.709999084472656 31.6200008392334 AB 0.4380403544758522 1.113426022811908
60893.228 lsst_hardware_i -25.572542588188973 58.5 31.309999465942383 AB 2.5224408786037 1.1054852103007342
60893.2388 lsst_hardware_z 41.18761242626663 56.41999816894531 30.969999313354492 AB 2.4963072197702214 1.100179471031389
60895.2177 lsst_hardware_z -109.07570375712103 82.7699966430664 30.989999771118164 AB 3.4393243868438685 1.1094594796270543
60895.2382 lsst_hardware_i -17.036876470863803 96.58999633789062 31.329999923706055 AB 3.4080582178177 1.099373618650871
60898.225 lsst_hardware_z -112.34355658604805 139.1199951171875 31.739999771118164 AB 7.041412064520806 1.100220635081376
60900.2111 lsst_hardware_r -50.213755815964596 69.91000366210938 31.639999389648438 AB 3.867042919428861 1.104001975427553
60900.2297 lsst_hardware_i 97.49759647054302 59.869998931884766 31.31999969482422 AB 3.852391572284278 1.0995837226442924
60903.1955 lsst_hardware_z -55.70278571525689 42.869998931884766 30.950000762939453 AB 5.4166300915664625 1.1097946200002997
