data/validation/pwv_sim_epoch_fit_seasonal/14685061.ecsv
# %ECSV 0.9
# ---
# datatype:
# - {name: time, datatype: float64}
# - {name: band, datatype: string}
# - {name: flux, datatype: float64}
# - {name: fluxerr, datatype: float64}
# - {name: zp, datatype: float64}
# - {name: zpsys, datatype: string}
# - {name: pwv, datatype: float64}
# - {name: airmass, datatype: float64}
# meta: {SNID: '14685061', alt: 1024.0, c: -0.0684601441025734, dec: -17.739365, lat: -30.244573, lon: -70.7499537, ra: 352.265625, t0: 60880.11328125,
#   x0: 3.553576164530222e-06, x1: -0.1246870830655098, z: 0.705152690410614}
# schema: astropy-2.0
time band flux fluxerr zp zpsys pwv airmass
60843.3972 lsst_hardware_r -129.12698124755707 95.97000122070312 32.400001525878906 AB 3.8962153222723375 1.0530311681817128
60843.4251 lsst_hardware_y 83.71771399434341 75.0 30.81999969482422 AB 3.6801908562729784 1.027412299350342
60850.3835 lsst_hardware_r -7.254373799678954 34.15216915600975 32.2599983215332 AB 4.066683717328951 1.0458232524955373
60850.4073 lsst_hardware_y 25.148657133022375 66.34103770510448 30.799999237060547 AB 3.9834927645347076 1.0268939457447015
60853.3757 lsst_hardware_r 34.32031904330841 24.053832621338085 31.520000457763672 AB 7.512562557765952 1.0453472946798634
60853.3979 lsst_hardware_y 20.113471881492732 47.056846996007714 30.049999237060547 AB 7.379445035182816 1.0273724438150427
60859.3818 lsst_hardware_u 5.79694846409371 4.136548516067096 28.520000457763672 AB 6.644819111839539 1.0272581142211548
60859.4036 lsst_hardware_g 79.97223628173273 17.582869943781173 31.459999084472656 AB 6.669949146256174 1.0265935119805312
60862.3826 lsst_hardware_r 441.4970452265883 31.614523679488705 31.520000457763672 AB 5.101786625644507 1.0250040099741173
60862.403 lsst_hardware_i 485.7220168307227 37.63728994084771 31.260000228881836 AB 5.07311156545137 1.030212867823377
60864.3611 lsst_hardware_z 322.84853259985056 53.76888933821622 30.969999313354492 AB 1.629736181912909 1.030989202538847
60864.3844 lsst_hardware_r 612.163012354842 53.736268551740494 31.6299991607666 AB 1.4845080155050674 1.02521271789024
60869.3287 lsst_hardware_z 617.3831725048914 79.00633678606303 30.989999771118164 AB 6.402494892377455 1.049589326619255
60869.3489 lsst_hardware_r 970.0485469859852 111.22781551696929 31.65999984741211 AB 6.170867719701549 1.0300803004175745
60871.3328 lsst_hardware_i 1021.752861987832 82.44625374992785 31.329999923706055 AB 4.850213398875196 1.0384969361494496
60871.3533 lsst_hardware_r 1042.8928944699237 93.49003942346016 31.65999984741211 AB 3.7212491837441393 1.0258440203291908
60876.3386 lsst_hardware_u 4.513995012017481 3.0978699609132736 28.520000457763672 AB 2.700018065093174 1.0261351316268594
60876.3593 lsst_hardware_g 295.7147407277156 22.84499836083759 31.489999771118164 AB 2.9036939663493406 1.0274016687657994
60880.3213 lsst_hardware_z 750.2626763353347 49.389171205384464 30.950000762939453 AB 5.39050670894061 1.0287226543779788
60880.3433 lsst_hardware_r 1102.6118164730303 40.360709006812314 31.510000228881836 AB 5.1446999137916665 1.0257260411626903
60882.3201 lsst_hardware_u 3.6185830139865756 2.8148574113502143 28.43000030517578 AB 8.615862131819805 1.0268388048410702
60882.3412 lsst_hardware_g 168.044650786955 20.419752906219596 31.450000762939453 AB 7.369563844661691 1.0267353148184217
60885.3183 lsst_hardware_r 931.3115196532794 38.48878208427129 31.520000457763672 AB 3.7932071564569427 1.0251911233667412
60885.3387 lsst_hardware_z 715.7149577150999 49.280996382856486 30.950000762939453 AB 4.343890408300618 1.0293375900872301
60889.2902 lsst_hardware_z 690.4769411142472 48.83256707368165 30.950000762939453 AB 1.5779284366452582 1.0328446647980745
60889.3128 lsst_hardware_g 109.23494544175549 18.00208964944798 31.450000762939453 AB 1.381046147967452 1.0248951005322746
60895.2936 lsst_hardware_z 1117.6381580213936 108.04770017880834 31.75 AB 2.5722174269445772 1.0249239315757381
60898.2792 lsst_hardware_r 327.38289328189853 130.3646400782926 31.670000076293945 AB 6.750233950952667 1.0259493807968185
60898.3013 lsst_hardware_z 574.0260022742979 89.60066781484653 31.0 AB 5.77995965675151 1.0283405865410111
60900.272 lsst_hardware_r 475.56961710739506 76.16838272711747 31.65999984741211 AB 3.490014569299993 1.0264748733235274
60900.2923 lsst_hardware_y 217.8910844756638 54.80576530761146 30.059999465942383 AB 3.7848760666191077 1.0268247603415919
60903.2427 lsst_hardware_u 3.8862561244804055 4.854824213968713 29.389999389648438 AB 4.608645481845405 1.041325307991957
60903.263 lsst_hardware_g 98.15973054433755 32.37405025522734 32.349998474121094 AB 4.634259356751727 1.026755147169985
60905.2569 lsst_hardware_r 288.6799885320461 28.941972274094443 31.510000228881836 AB 3.074816326066027 1.0269927608770966
60905.2753 lsst_hardware_i 430.48104188808827 37.4512983622353 31.260000228881836 AB 3.0504450320408294 1.0257906791225992
60907.2248 lsst_hardware_z 403.4716476513425 46.21867896505264 30.950000762939453 AB 1.8674192333029642 1.0497999999829275
60907.2412 lsst_hardware_r 242.24402317961994 28.387550155580517 31.520000457763672 AB 1.8388782968031687 1.0327392503223674
60911.2461 lsst_hardware_r 190.19767946419688 27.240479117098594 31.510000228881836 AB 2.6624451936541105 1.0253977252663624
60911.2653 lsst_hardware_z 332.23686385780053 45.10180029462449 30.950000762939453 AB 2.957578598072886 1.028097192343056
60913.2153 lsst_hardware_r 161.4026333648283 27.044770929279558 31.520000457763672 AB 2.550292798029513 1.0414317558141344
60913.2328 lsst_hardware_u -3.440375298611043 3.0567660726012242 28.549999237060547 AB 2.5165801680045545 1.0279447891638183
60931.1732 lsst_hardware_z 401.3072254546372 61.08588779202423 31.700000762939453 AB 2.2183592367240035 1.0346824798153
60931.1904 lsst_hardware_u 10.316299130774395 5.765617933597704 29.459999084472656 AB 2.191419436931315 1.0256253214967153
60933.1545 lsst_hardware_g 26.45604883750536 16.549734332811255 31.479999542236328 AB 1.420187693878179 1.0488830826277415
60933.1717 lsst_hardware_r 53.11514947492358 25.425802573278045 31.530000686645508 AB 1.006742972344729 1.0316751211053077
60935.154 lsst_hardware_i 52.561222342046136 32.84192617346972 31.25 AB 0.6708682549024346 1.042800396221401
60935.1712 lsst_hardware_z 64.4046748019471 42.806321854914096 30.950000762939453 AB 0.8432702602789701 1.0286919918011224
60937.1486 lsst_hardware_z 86.81422894805745 42.86730097726527 30.950000762939453 AB 7.724816344684657 1.042731595813405
60937.1695 lsst_hardware_i 58.13426792648996 32.825153223512395 31.260000228881836 AB 6.28766242981027 1.0270042625050804
60939.1482 lsst_hardware_u 8.765708762878633 3.2034450831013737 28.469999313354492 AB 4.685272974079268 1.0374829437730886
60939.1671 lsst_hardware_g 19.25039279921947 16.128612947869517 31.469999313354492 AB 4.508212254810728 1.025992775332437
60942.1315 lsst_hardware_r 87.31770330147758 24.92054180957266 31.510000228881836 AB 3.6820419743627073 1.0468525053273743
60942.1503 lsst_hardware_i 31.50088995824031 32.42397238820227 31.260000228881836 AB 3.6308614979033575 1.0296665006461134
60944.1355 lsst_hardware_z 135.58205381020863 42.59703555371503 30.950000762939453 AB 2.9263217553035092 1.0365999841668723
60944.154 lsst_hardware_u 1.0381901072486208 3.0201236852334725 28.43000030517578 AB 2.9458830380464684 1.0258443545141505
60946.1365 lsst_hardware_g 18.32536969333183 18.062224674181692 31.520000457763672 AB 4.45346898490911 1.0314726181488356
60946.1548 lsst_hardware_r 42.5703253441119 25.86972514127257 31.530000686645508 AB 4.42910822664735 1.0249006656594584
60949.1302 lsst_hardware_i 46.79518777624663 41.62229052055545 31.290000915527344 AB 6.196111566817891 1.0302527199920672
60949.1501 lsst_hardware_z 78.21580424058742 46.85915913958392 30.959999084472656 AB 6.067758720730874 1.0249592433667016
60951.108 lsst_hardware_z 35.03284882764051 59.75352813299737 30.979999542236328 AB 3.6861572871803148 1.0455206449411216
60951.1271 lsst_hardware_i 27.697726862848512 62.9572745425324 31.329999923706055 AB 3.254688702195999 1.0289065683065453
60958.1039 lsst_hardware_z 162.06906358895043 66.45457452121396 31.709999084472656 AB 3.2432833418175586 1.0313599772580746
60960.0967 lsst_hardware_g 8.362494538928644 14.94870833984886 31.459999084472656 AB 5.963339535031027 1.0325831061206545
60960.1152 lsst_hardware_r 50.2091914687585 24.22581895075399 31.510000228881836 AB 5.935467435417689 1.0249911385256802
60962.1005 lsst_hardware_i 107.63376810849641 31.935082087647956 31.25 AB 7.403459610348039 1.0272951899744043
60962.1177 lsst_hardware_z 34.52780386151988 42.06785046856594 30.950000762939453 AB 7.3913957558721695 1.0253603813794439
60964.0777 lsst_hardware_z 124.33499305988963 42.30159027149848 30.950000762939453 AB 8.59093378701576 1.039687012830178
60964.0969 lsst_hardware_i 57.67907246897201 32.0329197000631 31.260000228881836 AB 7.926673231549388 1.0265938393476703
60966.0774 lsst_hardware_u 3.360663188516645 2.7699999809265137 28.469999313354492 AB 5.973306655999525 1.034876413028034
60966.0949 lsst_hardware_g -15.518146756426145 14.739999771118164 31.450000762939453 AB 8.877577932033713 1.0256080636982847
60969.0776 lsst_hardware_r -42.04703023808784 23.610000610351562 31.510000228881836 AB 3.014212681258301 1.0290927556364833
60969.0961 lsst_hardware_i -39.924639211947124 30.90999984741211 31.25 AB 2.6739954687997316 1.0250102419933922
60973.0688 lsst_hardware_g -18.06980602753001 14.920000076293945 31.450000762939453 AB 3.9157390163025436 1.0280228449205664
60973.0859 lsst_hardware_r -21.914670864838453 23.65999984741211 31.510000228881836 AB 4.658518282099921 1.0250892908130533
60975.0678 lsst_hardware_i -29.97476602633178 31.40999984741211 31.260000228881836 AB 3.0035094632197876 1.0262853030734411
60975.0852 lsst_hardware_z -50.1967096849952 41.31999969482422 30.950000762939453 AB 4.327759873519772 1.026062324302313
60977.0479 lsst_hardware_z 77.96131977399152 43.33000183105469 30.959999084472656 AB 2.4679803373573552 1.0344311578165652
60977.0651 lsst_hardware_i 3.555724344587038 35.150001525878906 31.280000686645508 AB 2.456203679451582 1.0255547722133826
60980.0502 lsst_hardware_z -144.2116235358163 90.08999633789062 31.739999771118164 AB 4.195940040321051 1.02778690516105
60994.0132 lsst_hardware_y -39.16535462234499 71.16999816894531 30.06999969482422 AB 5.738960662595023 1.0272602618009994
60994.0331 lsst_hardware_g 14.709110611412829 15.670000076293945 31.479999542236328 AB 5.720538272928642 1.025998165739664
60996.0146 lsst_hardware_y 28.17858480821754 68.13999938964844 30.06999969482422 AB 3.5885007203441712 1.0252859200983346
60996.0349 lsst_hardware_i 43.313731614421755 31.610000610351562 31.260000228881836 AB 3.601276502257024 1.0289361435020068
61218.3788 lsst_hardware_z 14.508842870949815 69.04000091552734 31.709999084472656 AB 7.496378625510206 1.0425634359339289
61219.4079 lsst_hardware_z 8.5995948704797 51.7599983215332 30.969999313354492 AB 5.312875097580699 1.0248931159529369
61219.4283 lsst_hardware_r 40.30487897416162 50.2599983215332 31.6299991607666 AB 5.244558387761862 1.0320547827671753
61221.3876 lsst_hardware_i 34.9868134612502 69.86000061035156 31.329999923706055 AB 4.180646115923404 1.028702292303987
61221.4068 lsst_hardware_z -6.9240022894475235 62.279998779296875 30.989999771118164 AB 4.171087845165499 1.0252151518165171
61224.3832 lsst_hardware_i 0.23226797532047713 74.69999694824219 31.34000015258789 AB 6.6454144422173655 1.0270061470560692
61224.4025 lsst_hardware_z 22.54747165681922 66.52999877929688 30.989999771118164 AB 6.667302708843579 1.026054587387439
61226.3793 lsst_hardware_z 52.13173236301353 63.63999938964844 30.989999771118164 AB 4.199988924488545 1.026452966209701
61226.3991 lsst_hardware_r -65.98222941880037 78.27999877929688 31.65999984741211 AB 4.108724651803305 1.0267105872649966
61232.365 lsst_hardware_i 15.017211634439432 31.030000686645508 31.260000228881836 AB 9.641933960886341 1.0258467880504671
61232.3853 lsst_hardware_r -4.776483383027759 23.799999237060547 31.510000228881836 AB 9.407764044288829 1.027740368620316
61234.3616 lsst_hardware_u -1.700745882297026 2.8299999237060547 28.520000457763672 AB 6.222769603540816 1.0253932116127897
61234.3842 lsst_hardware_g -19.561758686758075 14.899999618530273 31.459999084472656 AB 6.334195963201 1.0300063900267398
61239.3403 lsst_hardware_i 23.303359708086038 30.940000534057617 31.25 AB 1.591919464078819 1.0278184423192633
61239.3607 lsst_hardware_z -35.862515706683276 41.220001220703125 30.950000762939453 AB 1.6126042699840322 1.0258296882850078
61243.3422 lsst_hardware_i -9.463354671418786 30.610000610351562 31.25 AB 4.4214091492024465 1.0248978092727044
61243.3628 lsst_hardware_u -0.39693234520848075 2.6500000953674316 28.3799991607666 AB 4.546289457563312 1.0320747917283342
61250.3363 lsst_hardware_z 120.28773284626674 103.2699966430664 31.739999771118164 AB 4.32638009475923 1.0278064843425476
61252.299 lsst_hardware_z -52.25432773509872 87.69000244140625 31.0 AB 3.487340846402011 1.0310204773910205
61252.3198 lsst_hardware_r -52.733408658299 128.49000549316406 31.670000076293945 AB 3.463525065769603 1.0249642611401717
61257.2902 lsst_hardware_i 42.461921228967995 56.099998474121094 32.040000915527344 AB 0.3102794336693351 1.028266557313455
61257.3118 lsst_hardware_z -34.973483375288154 64.33999633789062 31.709999084472656 AB 1.6213400172449417 1.0258940262029688
61259.289 lsst_hardware_g 44.00511037323967 16.520000457763672 31.489999771118164 AB 4.330311557947415 1.0265253293172594
61259.3098 lsst_hardware_r 13.330817564546857 25.479999542236328 31.520000457763672 AB 4.293573685856397 1.027006941282825
61262.2846 lsst_hardware_i 10.51603371114455 30.81999969482422 31.25 AB 4.3299365499946845 1.0255045414162318
61262.3028 lsst_hardware_r -33.36093357439384 23.479999542236328 31.510000228881836 AB 5.037079236907037 1.0274860753873063
61265.2751 lsst_hardware_u -0.6003441507115088 2.859999895095825 28.530000686645508 AB 3.4877251060713665 1.025801501785696
61265.2959 lsst_hardware_g -0.7573909379877938 15.069999694824219 31.459999084472656 AB 3.7884043204193696 1.0280608739265589
61269.25 lsst_hardware_i 16.638633058001414 31.25 31.260000228881836 AB 3.5116205308935573 1.0328295679098698
61269.2692 lsst_hardware_z -6.975438513607484 41.40999984741211 30.959999084472656 AB 3.7201807821737742 1.024984373102018
61273.2551 lsst_hardware_i -4.352673205280602 34.13999938964844 31.270000457763672 AB 1.0817982522472602 1.0254011869642277
61273.2736 lsst_hardware_z 17.666818252909877 41.150001525878906 30.950000762939453 AB 1.0363301450628928 1.027850379432574
61275.2428 lsst_hardware_z -13.328137294920104 67.73999786376953 31.719999313354492 AB 2.103077705964695 1.0274787261451162
61275.2612 lsst_hardware_r 54.21893517742066 68.80999755859375 32.38999938964844 AB 1.9681168210704294 1.0255504734398
61277.2333 lsst_hardware_i -36.30052730670681 62.88999938964844 31.329999923706055 AB 3.495130952891135 1.029468384052763
61277.2512 lsst_hardware_r 29.372696518407796 76.38999938964844 31.65999984741211 AB 3.2999797045471673 1.0249445194783624
61279.2164 lsst_hardware_z -90.88892972909959 123.80000305175781 31.75 AB 2.9534260491962963 1.0382327334882693
61285.2001 lsst_hardware_g 64.07537444908341 45.290000915527344 31.700000762939453 AB 2.6140699944797823 1.0381532940745761
61285.218 lsst_hardware_r -50.348246751885675 47.83000183105469 31.6299991607666 AB 2.251096584324367 1.0265308383770628
61287.1973 lsst_hardware_i 23.177236786301997 31.190000534057617 31.25 AB 1.553556250720802 1.0357041671472014
61287.2171 lsst_hardware_z -87.83102924416026 41.279998779296875 30.950000762939453 AB 1.6949209682203354 1.0253605373381192
61298.1591 lsst_hardware_z -128.5145390640962 59.04999923706055 31.700000762939453 AB 1.4473955907172336 1.044045869716687
61298.177 lsst_hardware_i 63.869786554897765 44.40999984741211 32.0099983215332 AB 1.0100399183947453 1.0289031426771598
61300.158 lsst_hardware_z -34.392330315209776 41.84000015258789 30.950000762939453 AB 0.5729933074535057 1.0392865310523078
61300.1755 lsst_hardware_g 22.477159034923716 15.869999885559082 31.489999771118164 AB 0.8286048373023159 1.0270899749640032
61304.1536 lsst_hardware_i 65.57219202981625 46.18000030517578 31.309999465942383 AB 4.745165288769626 1.0334673393812446
61304.1731 lsst_hardware_z 3.105699221112943 48.86000061035156 30.969999313354492 AB 4.417880314356364 1.0250302353495047
61308.1343 lsst_hardware_r 20.154692616354108 136.99000549316406 31.670000076293945 AB 5.68544514478126 1.0412267526001941
61308.1535 lsst_hardware_i -1.803048276691638 107.69999694824219 31.350000381469727 AB 5.592495041865892 1.0271510423409866
61310.1308 lsst_hardware_z 120.72875093296926 83.23999786376953 31.0 AB 4.048736579280045 1.039181206582663
61310.1502 lsst_hardware_i -53.28151041247653 96.08999633789062 31.34000015258789 AB 3.9944128420447678 1.0263796086708468
61314.132 lsst_hardware_r 47.46449258537438 23.700000762939453 31.510000228881836 AB 6.050760161944548 1.0296245312441092
61314.1517 lsst_hardware_i -46.81467892794931 36.9900016784668 31.280000686645508 AB 5.994934043107726 1.0250670920104406
61316.1086 lsst_hardware_i 83.37970716720405 31.260000228881836 31.25 AB 3.667149580348192 1.0456656915736027
61316.1272 lsst_hardware_z -16.568512346606273 41.459999084472656 30.950000762939453 AB 3.2858919983245034 1.0292535625135484
61318.1104 lsst_hardware_r -10.983345559769052 23.540000915527344 31.510000228881836 AB 3.682510554068511 1.0377654090653827
61318.131 lsst_hardware_g 16.082303867359713 14.770000457763672 31.459999084472656 AB 4.289803139908708 1.0256552635768799
61322.0958 lsst_hardware_z -31.19730010733393 41.650001525878906 30.950000762939453 AB 6.136478942738604 1.0415228326332324
61322.1135 lsst_hardware_i 51.48035743794818 31.040000915527344 31.260000228881836 AB 5.899827189698539 1.0279041505946105
61324.0986 lsst_hardware_u 0.8705517707190475 2.8299999237060547 28.530000686645508 AB 4.341841557601071 1.0337717994288262
61324.1159 lsst_hardware_g -31.792368102098962 14.760000228881836 31.469999313354492 AB 4.306638098883148 1.0253900235436066
61329.0787 lsst_hardware_i -40.38976531825851 31.56999969482422 31.260000228881836 AB 8.546322955138397 1.0394036107113342
61329.0967 lsst_hardware_z -41.98454987809016 41.43000030517578 30.950000762939453 AB 8.009459448153603 1.02694154818615
61331.0762 lsst_hardware_r -28.790533500978587 31.260000228881836 31.56999969482422 AB 6.137804541979124 1.0365578487917908
61331.0947 lsst_hardware_g -40.33981226150141 26.3700008392334 31.639999389648438 AB 8.98968185232072 1.0258485538697204
61333.0768 lsst_hardware_r 39.07605943037604 52.72999954223633 31.639999389648438 AB 2.976081797858751 1.0317198201446278
61333.0925 lsst_hardware_i 45.1784828529852 48.02000045776367 31.31999969482422 AB 3.281654812329697 1.0251967548671344
61336.0788 lsst_hardware_z -123.91847854580095 73.2699966430664 31.0 AB 4.443763792418627 1.0265104625591654
61336.0968 lsst_hardware_i -56.9292712491843 80.91000366210938 31.34000015258789 AB 5.469187940598382 1.0260819750348735
61338.0756 lsst_hardware_z -27.254022522291585 104.63999938964844 31.75 AB 3.9235974331402734 1.0258441553409434
61341.0455 lsst_hardware_g 0.8399624606965518 15.020000457763672 31.479999542236328 AB 2.7436341760898597 1.039846191430684
61341.0639 lsst_hardware_r -34.679943751200646 46.029998779296875 31.639999389648438 AB 2.8343900585647415 1.0269529197696028
61344.0472 lsst_hardware_i 27.535106111463797 31.200000762939453 31.270000457763672 AB 4.153361842536554 1.0314213424617906
61344.0653 lsst_hardware_z 32.23812991080058 41.380001068115234 30.959999084472656 AB 4.283252078197069 1.024926218635762
61356.0231 lsst_hardware_y -52.76696540117136 48.29999923706055 30.049999237060547 AB 5.179387307477428 1.0268921551377117
61356.0406 lsst_hardware_z 38.94298760016517 41.25 30.950000762939453 AB 5.1680902290040125 1.0256691101967774
61357.0226 lsst_hardware_y 0.18879984718465295 49.040000915527344 30.049999237060547 AB 5.215577935020245 1.0261499085165748
61357.0401 lsst_hardware_u -2.6227664907902937 2.9200000762939453 28.510000228881836 AB 5.210373131329782 1.026270067230605
61359.0129 lsst_hardware_y -76.12900447780763 71.55000305175781 30.06999969482422 AB 5.738205679944159 1.0277076528959015
61359.0315 lsst_hardware_r -12.754608680310428 26.709999084472656 31.540000915527344 AB 5.724960959125885 1.0254732809324947
61361.0227 lsst_hardware_z 28.48608181622243 79.72000122070312 31.729999542236328 AB 3.587493131568649 1.0249980375910426
