data/validation/pwv_sim_epoch_fit_seasonal/14709277.ecsv
# %ECSV 0.9
# ---
# datatype:
# - {name: time, datatype: float64}
# - {name: band, datatype: string}
# - {name: flux, datatype: float64}
# - {name: fluxerr, datatype: float64}
# - {name: zp, datatype: float64}
# - {name: zpsys, datatype: string}
# - {name: pwv, datatype: float64}
# - {name: airmass, datatype: float64}
# meta: {SNID: '14709277', alt: 1024.0, c: -0.08383441716432571, dec: -56.064457, lat: -30.244573, lon: -70.7499537, ra: 274.180328, t0: 61940.76171875,
#   x0: 3.255254735310088e-06, x1: -0.45925372838974, z: 0.7307386994361877}
# schema: astropy-2.0
time band flux fluxerr zp zpsys pwv airmass
61872.402 lsst_hardware_z -121.88475546090788 62.52000045776367 30.979999542236328 AB 6.965920586504061 1.1108149555898679
61872.414 lsst_hardware_y -7.9245974706228655 59.689998626708984 30.040000915527344 AB 6.950718866980225 1.1119815809271247
61876.3788 lsst_hardware_z -5.36606460997876 72.55999755859375 31.719999313354492 AB 17.864176604954263 1.1131484020118974
61878.4202 lsst_hardware_r -23.0978988907141 37.84000015258789 31.579999923706055 AB 15.149434380669165 1.1234980073421295
61883.3887 lsst_hardware_i 15.84485909595103 30.780000686645508 31.239999771118164 AB 6.324369677690457 1.1133800265871352
61883.4 lsst_hardware_u 1.4867898293796655 2.700000047683716 28.40999984741211 AB 6.265767997906533 1.1188871424833096
61885.3812 lsst_hardware_g -10.80131488731822 13.510000228881836 31.3700008392334 AB 16.24327862422728 1.1127121078391744
61885.3922 lsst_hardware_r -30.042855160569392 22.6299991607666 31.469999313354492 AB 16.407603901572994 1.117493880577081
61891.3878 lsst_hardware_r -30.69933465177139 22.729999542236328 31.479999542236328 AB 9.99220973168831 1.1260413840471402
61891.3997 lsst_hardware_i 23.0253443702471 31.1200008392334 31.239999771118164 AB 10.125356771399044 1.1380854728909962
61897.365 lsst_hardware_i -91.38918351809022 40.220001220703125 31.270000457763672 AB 6.624130403192377 1.1210239301391736
61897.3769 lsst_hardware_z 23.583228681401685 42.349998474121094 30.940000534057617 AB 7.817690403463382 1.1311406969417452
61903.3036 lsst_hardware_y 18.183328086820826 54.34000015258789 30.030000686645508 AB 7.786300961961939 1.113681035823728
61903.3209 lsst_hardware_r 51.65176166704652 108.44000244140625 32.380001068115234 AB 7.63403703761504 1.1108093179505332
61903.3372 lsst_hardware_i -12.19574321331599 66.05999755859375 31.309999465942383 AB 6.89985623413608 1.1145878740224386
61908.3136 lsst_hardware_i -54.1735369492491 47.226126189455364 32.0 AB 8.880689856841032 1.111533541403796
61908.3252 lsst_hardware_z 32.38347163052885 42.99247657927288 30.940000534057617 AB 8.876592032126517 1.1153248980212367
61910.3044 lsst_hardware_r 26.207827057542705 23.356057050347143 31.479999542236328 AB 7.826947823456889 1.11099330354257
61910.3153 lsst_hardware_g 4.591121667699373 14.581892805209122 31.40999984741211 AB 8.050849931190447 1.1134953744602145
61918.2817 lsst_hardware_z 80.40865567817221 43.58320968253555 30.940000534057617 AB 8.497410327976718 1.1109178099067483
61918.2926 lsst_hardware_i 193.3892585933022 33.728184467981826 31.239999771118164 AB 8.784983319431038 1.1131974639194557
61926.2863 lsst_hardware_r 641.6824138824813 68.70863748483832 31.6200008392334 AB 6.942000171726918 1.1213655241859117
61926.2986 lsst_hardware_z 361.43573482245444 57.647408407559716 30.959999084472656 AB 7.235643920417343 1.1320286182058659
61928.286 lsst_hardware_y 135.65837838590568 61.16470279099713 30.030000686645508 AB 4.332710133034074 1.1253792553334652
61928.2987 lsst_hardware_r 901.1861091766499 115.44042345472168 31.639999389648438 AB 3.7392523682803507 1.1381075538823164
61944.2117 lsst_hardware_g 138.9205440602983 18.708961459259218 31.40999984741211 AB 3.411752015075234 1.1110182952755172
61944.2248 lsst_hardware_r 832.9226789825348 36.91425338518921 31.489999771118164 AB 3.448159944689392 1.114406661359351
61947.1817 lsst_hardware_r 718.6788388139838 35.5404842899045 31.489999771118164 AB 6.826225337301229 1.1143947983513556
61947.1941 lsst_hardware_i 1039.0101395123406 44.4266751562961 31.239999771118164 AB 6.786007207072803 1.111094098579265
61958.1565 lsst_hardware_i 626.4942273496193 99.4952391577077 31.31999969482422 AB 2.0028208483440597 1.112678249080033
61958.1683 lsst_hardware_r 439.2796833814255 120.54242956587804 31.639999389648438 AB 2.537452532348091 1.1108065952202355
61960.1838 lsst_hardware_z 465.9381005860741 75.38431379614215 30.989999771118164 AB 2.878283248924629 1.1156136623738424
61960.1964 lsst_hardware_r 304.60863517896786 107.6790241095799 31.639999389648438 AB 2.8583767223139374 1.1235757556265478
61962.132 lsst_hardware_g 48.72903863617648 66.92797853183677 31.690000534057617 AB 8.342082415032245 1.1189415740452802
61962.1445 lsst_hardware_r 320.59281176546665 66.75881059644952 31.6299991607666 AB 8.297907785794962 1.1130163353923315
61974.131 lsst_hardware_g 71.51505984307713 15.431484616837812 31.3799991607666 AB 6.444812350097388 1.1111745431202393
61974.142 lsst_hardware_r 100.70507567660957 25.240764999063146 31.479999542236328 AB 6.46155417296981 1.1140610643051396
61976.1123 lsst_hardware_r 73.37961368571013 24.815794376989103 31.469999313354492 AB 5.938007504637292 1.1115007496045346
61976.1247 lsst_hardware_i 209.09466658765515 33.9992623177248 31.239999771118164 AB 5.895725596803673 1.1110733582769659
61978.1119 lsst_hardware_z 171.13635370750129 44.08492586256027 30.940000534057617 AB 3.343033281173472 1.1108883300310608
61978.1244 lsst_hardware_u 1.9816978986612155 2.7066388197420532 28.3700008392334 AB 3.346282689638555 1.111968106880335
61979.1122 lsst_hardware_g 12.96129923062387 16.454141613440072 31.43000030517578 AB 4.221082833283714 1.1108112719167669
61979.1243 lsst_hardware_r 71.33036376168894 25.52335240905526 31.479999542236328 AB 4.228134863912214 1.1126670694505825
61981.1084 lsst_hardware_i 153.09720953127803 39.98410405870194 31.260000228881836 AB 5.776479896846515 1.1108615186243298
61981.1203 lsst_hardware_z 171.86279045538518 47.141993192699566 30.940000534057617 AB 5.788259280070978 1.1131267846290342
61983.1088 lsst_hardware_i 186.6767954473887 57.137701487291544 31.309999465942383 AB 4.468464752528084 1.111558396151265
61983.1213 lsst_hardware_z 126.44401894558843 56.720865491533516 30.969999313354492 AB 4.485390819602218 1.1157688605975669
61987.1139 lsst_hardware_z 371.1253311491327 106.55562039391755 31.729999542236328 AB 2.622711983733799 1.117632947613835
61990.0503 lsst_hardware_r 144.74163184965425 76.16464311924166 31.639999389648438 AB 3.8279606560958754 1.1225691073597668
61990.0625 lsst_hardware_g 26.631174977397336 83.42980846819535 31.709999084472656 AB 3.5686217719098687 1.115194303721834
61992.053 lsst_hardware_r 65.49830885780813 23.763216940526352 31.489999771118164 AB 3.615936087744498 1.1172365480442428
61992.0645 lsst_hardware_i 47.12731819596833 41.54169769779793 31.290000915527344 AB 3.7178162190498734 1.1124524892429304
61994.0519 lsst_hardware_z 35.56145675286246 43.198588444099165 30.940000534057617 AB 3.6796641856397874 1.115049753224178
61994.0628 lsst_hardware_i 1.9299323702249016 32.279025770000885 31.239999771118164 AB 3.6681911356108494 1.1115730713972272
61995.0453 lsst_hardware_u 0.011693957149159225 3.2527443311811743 28.469999313354492 AB 2.879263804771599 1.1169678226251365
61995.0558 lsst_hardware_g 75.54698664743948 15.526010761551957 31.40999984741211 AB 2.7945682613744025 1.1125980935102626
61997.0513 lsst_hardware_r 15.579105739962463 23.589645480336994 31.479999542236328 AB 4.115621509509045 1.112330137705147
61997.0624 lsst_hardware_i 54.038482034326094 32.25587117201069 31.239999771118164 AB 4.110020990787056 1.1108164839965018
62011.0302 lsst_hardware_r 70.69771460413095 51.50199325682399 31.6200008392334 AB 5.530817397470215 1.1112195283480264
62011.0407 lsst_hardware_i 202.7235440745756 48.11758854792785 31.299999237060547 AB 5.602156112635212 1.1139701953937586
62013.0347 lsst_hardware_z 121.89289661903526 80.24813327423436 31.719999313354492 AB 2.9384853215162314 1.1137657567338841
62024.0123 lsst_hardware_r 5.024556396656972 23.639238380269315 31.489999771118164 AB 2.241167621754781 1.117324946450244
62024.0232 lsst_hardware_i 86.39305392432233 32.180450216222 31.239999771118164 AB 2.2159603663744427 1.1248529778550471
62234.3989 lsst_hardware_i -23.356864246185108 31.93000030517578 31.239999771118164 AB 9.339198647475529 1.1130460806621083
62234.4115 lsst_hardware_y -61.0200730846463 52.88999938964844 30.030000686645508 AB 9.363510412522215 1.1107806254722072
62236.4054 lsst_hardware_g -4.4326217374289625 15.3100004196167 31.450000762939453 AB 4.86884507171479 1.110805370177145
62236.4157 lsst_hardware_z 56.2704828052152 51.459999084472656 30.969999313354492 AB 4.8750515296292924 1.1115873366943738
62238.4035 lsst_hardware_i 2.5436713182350004 31.270000457763672 31.25 AB 6.924122833866611 1.1107921446806146
62238.4164 lsst_hardware_y 107.58263370832204 56.540000915527344 30.030000686645508 AB 6.994588250607901 1.1132561277427822
62244.3869 lsst_hardware_u -2.361726586364215 2.6500000953674316 28.389999389648438 AB 14.355035957073834 1.110784314449871
62244.3982 lsst_hardware_g 3.667517933105796 13.739999771118164 31.399999618530273 AB 14.431316596872765 1.1126689743155562
62246.3837 lsst_hardware_r 18.84084571749976 22.75 31.479999542236328 AB 5.221322427134456 1.1109196653477564
62246.3946 lsst_hardware_z 97.12173926120902 42.529998779296875 30.940000534057617 AB 5.232367961858832 1.1132697791189003
62248.3839 lsst_hardware_r -16.343335972190047 22.6200008392334 31.469999313354492 AB 6.688520283265366 1.1117886109151207
62248.3974 lsst_hardware_u -0.4058371104064007 2.5899999141693115 28.329999923706055 AB 6.778414106371723 1.1169374428624879
62250.373 lsst_hardware_g 14.42076389284992 13.539999961853027 31.3799991607666 AB 10.239813383445531 1.1109401810133939
62250.3842 lsst_hardware_r -9.533474508555164 22.600000381469727 31.469999313354492 AB 10.995536099838906 1.1134532176508993
62252.3908 lsst_hardware_i -31.833926063470543 31.040000915527344 31.239999771118164 AB 4.483176939595518 1.1195114613494166
62252.4031 lsst_hardware_z -74.30865252064292 42.63999938964844 30.940000534057617 AB 4.54460143085581 1.1293507252225086
62259.3245 lsst_hardware_z 19.8536167522931 53.84000015258789 30.959999084472656 AB 13.91881191320584 1.1155277767583223
62259.3372 lsst_hardware_r 39.36566196299253 60.08000183105469 31.6200008392334 AB 12.860591419715591 1.1114022745292824
62261.3256 lsst_hardware_i 0.3095741672342331 37.5099983215332 31.280000686645508 AB 9.265873708106543 1.112917599988775
62261.3375 lsst_hardware_r 10.571795849393531 35.66999816894531 31.579999923706055 AB 7.442319989640498 1.1107940283045519
62264.3274 lsst_hardware_u 2.3151597644509807 2.859999895095825 28.479999542236328 AB 10.739999274621669 1.1109099091951766
62264.3392 lsst_hardware_g -4.332414608897472 15.15999984741211 31.440000534057617 AB 11.645085160542996 1.111578837094643
62266.3138 lsst_hardware_r -2.2439764930811434 22.719999313354492 31.489999771118164 AB 7.5641049248365775 1.1123683712994967
62266.3257 lsst_hardware_i -37.94731828452919 30.920000076293945 31.25 AB 7.553210249253568 1.1107662131255247
62268.3046 lsst_hardware_z 17.92761816447848 42.13999938964844 30.950000762939453 AB 9.9254929436254 1.1135660890949317
62268.3151 lsst_hardware_r -11.089859791816638 22.719999313354492 31.489999771118164 AB 9.909432126601311 1.111047441036144
62270.3253 lsst_hardware_u 4.082648683028549 2.680000066757202 28.420000076293945 AB 7.602864148453468 1.1121395719076959
62270.3382 lsst_hardware_g 23.24501200604542 13.670000076293945 31.399999618530273 AB 8.924435676016659 1.1174168208702067
62272.3027 lsst_hardware_g 4.829479001218729 13.699999809265137 31.389999389648438 AB 4.142443525416607 1.1112449937406228
62272.315 lsst_hardware_r 21.804080584414102 22.700000762939453 31.479999542236328 AB 4.114711293724513 1.111183174108699
62277.3021 lsst_hardware_i -4.959805445255702 30.959999084472656 31.239999771118164 AB 7.416240602307489 1.1112970109099407
62277.3141 lsst_hardware_r -16.99732261875263 22.829999923706055 31.479999542236328 AB 7.406312599074032 1.1149048019078778
62280.3099 lsst_hardware_r -1.6785518387811746 38.150001525878906 31.579999923706055 AB 8.01818253850349 1.11686814233361
62280.3228 lsst_hardware_i 7.383290789795003 39.15999984741211 31.260000228881836 AB 8.045606755695225 1.1258632958035766
62283.2752 lsst_hardware_i 9.147602660350694 87.58999633789062 31.31999969482422 AB 3.8883026386820743 1.1109436110520212
62283.289 lsst_hardware_z -101.89411731307956 75.44000244140625 30.979999542236328 AB 3.8918064374105046 1.1119446964030013
62285.2761 lsst_hardware_z 30.70158378622257 75.19999694824219 30.989999771118164 AB 9.224651215870875 1.1108461072799987
62285.29 lsst_hardware_r 29.290366180947682 113.94999694824219 31.649999618530273 AB 9.248138996595136 1.1139651887009316
62288.2843 lsst_hardware_i 1.449907710229064 72.86000061035156 32.04999923706055 AB 6.875065457585685 1.1150110890651648
62288.2963 lsst_hardware_r 1.8397696287619139 83.58000183105469 32.369998931884766 AB 7.697913047845671 1.1221447591611426
62291.2827 lsst_hardware_z 27.55044076301272 43.40999984741211 30.940000534057617 AB 12.77743137188269 1.118497111008442
62291.2955 lsst_hardware_g 33.36235476934561 25.540000915527344 31.579999923706055 AB 13.561306521254583 1.1282988972901602
62304.2291 lsst_hardware_r 20.0894475248848 23.059999465942383 31.479999542236328 AB 5.734030431444155 1.111425701459107
62304.2406 lsst_hardware_i -9.735301363568377 31.149999618530273 31.239999771118164 AB 5.663784430285615 1.1150096491416757
62306.226 lsst_hardware_z -79.54085834494434 42.25 30.950000762939453 AB 3.806794660227296 1.1119057521840023
62306.2391 lsst_hardware_i -13.7277502412044 31.270000457763672 31.25 AB 3.813732551279833 1.1169772189631115
62312.1914 lsst_hardware_i 203.30761130925188 94.11000061035156 31.329999923706055 AB 4.193428488004701 1.1116272390221882
62312.2037 lsst_hardware_z 54.92277008208984 82.51000213623047 30.989999771118164 AB 4.200061526516147 1.110955944148678
62314.1966 lsst_hardware_r 17.12452354359108 116.12999725341797 31.639999389648438 AB 8.23539619133092 1.1108398261765704
62314.2093 lsst_hardware_z -89.55515929497622 77.33999633789062 30.989999771118164 AB 8.060720095429799 1.1134103911915876
62315.1916 lsst_hardware_r -86.90863295341444 90.58000183105469 31.639999389648438 AB 6.50604202241777 1.1107831469853633
62315.2047 lsst_hardware_i 66.8206259210107 73.0 31.31999969482422 AB 6.481457667083712 1.1127921138439547
62323.1881 lsst_hardware_z -41.69234758039531 42.369998931884766 30.940000534057617 AB 5.407056766995224 1.1147421434893532
62323.2 lsst_hardware_i -53.46241350199598 31.290000915527344 31.239999771118164 AB 5.495918982871542 1.1216161189533758
62325.1297 lsst_hardware_z -71.4961439363224 42.380001068115234 30.940000534057617 AB 1.9087483588263183 1.125109554274247
62325.1424 lsst_hardware_r 0.6490965849083175 22.93000030517578 31.469999313354492 AB 1.8868043035683206 1.116507305232958
62328.1264 lsst_hardware_r 14.22179941845964 23.059999465942383 31.479999542236328 AB 8.350170684034616 1.1213299933797605
62328.1383 lsst_hardware_i -29.053556903776414 31.059999465942383 31.239999771118164 AB 8.351301568551088 1.114571911188614
62330.1298 lsst_hardware_z 50.16047408052376 42.2400016784668 30.940000534057617 AB 7.2778208544940926 1.1159734500489293
62330.1423 lsst_hardware_r -13.34465542504243 23.020000457763672 31.489999771118164 AB 7.2494732274801414 1.1116266545242877
62332.1276 lsst_hardware_u 0.5042762641345274 2.680000066757202 28.40999984741211 AB 7.716664864228859 1.1144807718412564
62332.1397 lsst_hardware_r -19.359012527245667 22.950000762939453 31.489999771118164 AB 7.766976828141237 1.111155483282008
62343.1041 lsst_hardware_z 13.861866985136365 70.6500015258789 30.979999542236328 AB 8.108170390794609 1.112257306860414
62343.1168 lsst_hardware_r 143.1642406207418 103.55000305175781 31.639999389648438 AB 8.178175472638742 1.1108255591210217
62345.119 lsst_hardware_y -76.268103761319 72.31999969482422 30.780000686645508 AB 4.224867421630618 1.1118072162185837
62347.1097 lsst_hardware_r -29.59081900956919 35.84000015258789 31.579999923706055 AB 5.77794464934596 1.1111432017973
62347.1216 lsst_hardware_i -59.693098558127765 39.79999923706055 31.280000686645508 AB 5.7945871661787915 1.1143436858036138
62348.109 lsst_hardware_z -16.01442280939852 42.119998931884766 30.940000534057617 AB 4.294094158114862 1.1114518333415535
62348.1222 lsst_hardware_r -21.04785736698204 22.690000534057617 31.469999313354492 AB 4.343240363644119 1.115844916582372
62351.1104 lsst_hardware_u -0.8720566472502311 2.6600000858306885 28.399999618530273 AB 1.9482345458234054 1.1142319392756108
62351.1201 lsst_hardware_r 19.06841419448586 22.739999771118164 31.479999542236328 AB 1.9497912332562004 1.1192831419381173
62352.1098 lsst_hardware_i 67.32754629330839 30.899999618530273 31.229999542236328 AB 1.9163808965619697 1.1151474521745532
62352.1209 lsst_hardware_z -36.56905962711364 42.36000061035156 30.940000534057617 AB 1.9166859399519522 1.1216889187727854
62354.0497 lsst_hardware_r -2.871350353360626 22.600000381469727 31.469999313354492 AB 1.9210091364123667 1.1258111758620433
62354.0613 lsst_hardware_z 29.795994356132802 41.95000076293945 30.940000534057617 AB 1.9207236022583998 1.1175660990642358
62358.0512 lsst_hardware_g 5.153228632065403 13.699999809265137 31.399999618530273 AB 3.709358213144221 1.1171083310176844
62358.063 lsst_hardware_r 4.741776894858645 22.729999542236328 31.489999771118164 AB 3.6044120218556417 1.1123011948327857
62362.0932 lsst_hardware_u 1.0103906274218617 2.640000104904175 28.3700008392334 AB 4.072585386217859 1.1214094684401392
62362.1051 lsst_hardware_r 4.725267808048537 22.760000228881836 31.469999313354492 AB 4.083465639018949 1.1316763895664523
62364.0465 lsst_hardware_g 8.535298796878592 24.639999389648438 31.59000015258789 AB 6.481572487598266 1.1123343894968707
62364.0585 lsst_hardware_i 29.401028038047052 34.290000915527344 31.260000228881836 AB 6.5026759917904915 1.1108090180714096
62367.0323 lsst_hardware_r -77.99980114706898 61.779998779296875 31.6299991607666 AB 2.65594572595717 1.1143828220799314
62367.0442 lsst_hardware_y 2.184666438376602 52.16999816894531 30.030000686645508 AB 2.6317833708469016 1.111160384566984
62371.0319 lsst_hardware_i -2.6018134312269963 73.91000366210938 31.31999969482422 AB 1.4581081836054837 1.1113629448212528
62371.0419 lsst_hardware_z -19.78504763138048 65.79000091552734 30.979999542236328 AB 2.427367181657485 1.1109231952665835
62380.0313 lsst_hardware_u 4.49115927023045 2.5799999237060547 28.329999923706055 AB 1.965585303191523 1.1142773827616343
62380.0428 lsst_hardware_g -22.16330941438836 13.649999618530273 31.3799991607666 AB 1.397128395549972 1.1205414213741254
62382.0139 lsst_hardware_g 4.054689705775153 13.579999923706055 31.3700008392334 AB 1.8518768475733849 1.111126108544031
62382.0256 lsst_hardware_r -5.39373687256321 22.690000534057617 31.469999313354492 AB 1.8676468233060333 1.1141815500707133
62385.0172 lsst_hardware_i -20.020121510892732 30.850000381469727 31.239999771118164 AB 0.9948910254488083 1.114099692551857
62385.0286 lsst_hardware_z -40.32267410613566 41.959999084472656 30.940000534057617 AB 1.0049813019081264 1.1201723595483482
62387.0166 lsst_hardware_r -1.3390553831646155 22.75 31.479999542236328 AB 2.679134950218597 1.1163062292577488
62387.0284 lsst_hardware_u 0.5112789598065556 2.640000104904175 28.3799991607666 AB 2.697703497107241 1.1240431237946837
62389.0145 lsst_hardware_g -5.069817087326003 13.710000038146973 31.3799991607666 AB 3.6045909709796558 1.1181649170653465
62389.0259 lsst_hardware_i -42.536830665216456 30.989999771118164 31.229999542236328 AB 3.6291886538777867 1.1265232894418387
62390.015 lsst_hardware_z 20.933112370889123 42.33000183105469 30.940000534057617 AB 2.1339991809775354 1.1202095438202286
62390.027 lsst_hardware_r 25.49491048945067 23.110000610351562 31.479999542236328 AB 2.2808314723326357 1.1300568814199683
