data/validation/pwv_sim_epoch_fit_seasonal/14845073.ecsv
# %ECSV 0.9
# ---
# datatype:
# - {name: time, datatype: float64}
# - {name: band, datatype: string}
# - {name: flux, datatype: float64}
# - {name: fluxerr, datatype: float64}
# - {name: zp, datatype: float64}
# - {name: zpsys, datatype: string}
# - {name: pwv, datatype: float64}
# - {name: airmass, datatype: float64}
# meta: {SNID: '14845073', alt: 1024.0, c: -0.022550007328391075, dec: -23.643314, lat: -30.244573, lon: -70.7499537, ra: 211.464844,
#   t0: 61900.88671875, x0: 0.0001045433115789009, x1: -1.0159589052200317, z: 0.16547654569149017}
# schema: astropy-2.0
time band flux fluxerr zp zpsys pwv airmass
[from data line 131]
62230.1657 lsst_hardware_g -105.26177873227499 44.47999954223633 31.65999984741211 AB 6.657247570082111 1.1284107977991036
62231.2509 lsst_hardware_g -34.943608654560016 32.900001525878906 31.670000076293945 AB 6.872870901944866 1.0066698909205143
62231.2695 lsst_hardware_r -22.269393087788124 36.5099983215332 31.600000381469727 AB 6.921664901516514 1.0147084980721712
62232.1506 lsst_hardware_r 13.05305870096801 24.290000915527344 31.479999542236328 AB 13.532312449094897 1.161721461913113
62232.1668 lsst_hardware_z 6.484373267562294 42.630001068115234 30.940000534057617 AB 15.272796875278386 1.1085720313042058
62233.2531 lsst_hardware_i -22.888114564956197 31.920000076293945 31.260000228881836 AB 8.06904348167945 1.0086304352099313
62233.2715 lsst_hardware_z 5.005719281714298 41.83000183105469 30.950000762939453 AB 8.168918500937805 1.0211148126172256
62234.147 lsst_hardware_r 13.292181129774487 24.360000610351562 31.5 AB 8.707822083934214 1.154883565508564
62234.1659 lsst_hardware_u 3.321664419142928 2.799999952316284 28.459999084472656 AB 8.25913136416226 1.0960296415847999
62235.2362 lsst_hardware_i -7.072704542879345 31.25 31.260000228881836 AB 7.394291041567309 1.0063911226160025
62235.2556 lsst_hardware_u 3.521683732224355 2.819999933242798 28.489999771118164 AB 5.34789265674568 1.0126666647880478
62236.1636 lsst_hardware_r 13.800683881106323 24.209999084472656 31.5 AB 5.228760105363195 1.087908474457917
62236.1834 lsst_hardware_i -25.102452691632102 31.469999313354492 31.260000228881836 AB 5.173749137909449 1.046787888297309
62237.2338 lsst_hardware_g -36.01210403948277 15.449999809265137 31.479999542236328 AB 2.8184283731231563 1.0065815618296987
62237.2512 lsst_hardware_r -27.008331014446647 24.200000762939453 31.520000457763672 AB 3.486126980897234 1.0133599091799528
62238.1575 lsst_hardware_z -26.398885823176347 42.099998474121094 30.950000762939453 AB 6.863941989921464 1.0895146015748356
62238.1751 lsst_hardware_r -30.825694572361456 24.1299991607666 31.520000457763672 AB 6.836117664154608 1.0517104098699397
62244.0526 lsst_hardware_z 41.7378839592239 48.060001373291016 30.899999618530273 AB 18.065305961545004 1.5853712998283978
62244.073 lsst_hardware_i -1.8947958657529964 34.15999984741211 31.209999084472656 AB 15.900936742591345 1.4035914591275598
62246.0495 lsst_hardware_z 55.56823077749554 47.88999938964844 30.899999618530273 AB 10.600346746756417 1.5610170940638746
62246.0686 lsst_hardware_g -31.61944727632854 17.690000534057617 31.40999984741211 AB 9.364677002771673 1.3956992899952814
62248.0622 lsst_hardware_i -75.04945430142874 38.290000915527344 31.219999313354492 AB 13.176322447553755 1.4026814996863584
62248.0807 lsst_hardware_r -18.961692818188624 33.86000061035156 31.530000686645508 AB 12.020504675702378 1.2825063669929273
62250.0595 lsst_hardware_z -33.83683523857782 75.75 31.68000030517578 AB 12.760049219177358 1.3824538699000386
62255.2043 lsst_hardware_z 63.94915196043646 142.25999450683594 31.760000228881836 AB 9.916559303637198 1.014949010146584
62260.1839 lsst_hardware_z 42.39157187601915 44.0 30.959999084472656 AB 9.20112070124634 1.0106679153390092
62260.2027 lsst_hardware_r -0.6943784137276157 36.90999984741211 31.600000381469727 AB 9.478773883598267 1.0263689541266632
62261.0447 lsst_hardware_i -7.6119692757594635 33.4900016784668 31.219999313354492 AB 11.571782392513834 1.2853489522758206
62261.0655 lsst_hardware_r 1.7592437995390227 24.889999389648438 31.489999771118164 AB 10.671009297566487 1.1848668175288726
62262.1798 lsst_hardware_u 0.16139545066766753 2.869999885559082 28.520000457763672 AB 3.294166537180226 1.0114112794535863
62262.1987 lsst_hardware_g -3.250268388964638 15.6899995803833 31.489999771118164 AB 3.353462267932128 1.0280912374223479
62264.0449 lsst_hardware_u -2.7583537820731703 2.809999942779541 28.420000076293945 AB 12.712142508856006 1.2408950485331083
62264.066 lsst_hardware_g 7.005066707801788 15.369999885559082 31.440000534057617 AB 11.79787131544569 1.151611047905807
62267.1572 lsst_hardware_u 1.8663744179611585 2.950000047683716 28.59000015258789 AB 7.767224127165622 1.0076181004301255
62267.1755 lsst_hardware_g 9.730765870911847 15.600000381469727 31.489999771118164 AB 7.934804531432975 1.018163735467613
62268.0437 lsst_hardware_i -30.200247507566502 46.099998474121094 31.979999542236328 AB 13.782087482846398 1.1961021898760484
62268.0698 lsst_hardware_z 45.999878444858176 60.11000061035156 31.700000762939453 AB 12.734157197213932 1.1049160257886572
62270.0452 lsst_hardware_u 1.209942690987183 2.7899999618530273 28.420000076293945 AB 7.456347360022371 1.1679437191002278
62270.0639 lsst_hardware_g 7.999721757636066 15.399999618530273 31.450000762939453 AB 7.020359673822508 1.1061491082703532
62276.1121 lsst_hardware_z -8.061898243377637 41.59000015258789 30.950000762939453 AB 8.218209786861168 1.0085755516704493
62276.1332 lsst_hardware_g -26.89944497912508 16.979999542236328 31.510000228881836 AB 7.759934925731809 1.0077837565885466
62278.1115 lsst_hardware_r -92.3556008347461 41.790000915527344 31.6299991607666 AB 4.703660571712544 1.007135944267817
62278.1323 lsst_hardware_z 15.014439062015404 45.619998931884766 30.959999084472656 AB 5.009538407851539 1.009478772363062
62281.0799 lsst_hardware_i -2.424019434984591 96.3499984741211 31.34000015258789 AB 4.982894220027244 1.0211197554616904
62281.1011 lsst_hardware_r 181.6186320895652 114.66000366210938 31.670000076293945 AB 5.748067902545878 1.0076963452235286
62282.9508 lsst_hardware_y 3.3126962901534305 95.31999969482422 29.920000076293945 AB 9.227849464836039 1.5379749108060066
62282.9692 lsst_hardware_i -12.933873257215748 118.47000122070312 31.280000686645508 AB 8.02364408925625 1.383864106460251
62287.951 lsst_hardware_y -45.93197010708437 74.76000213623047 29.93000030517578 AB 12.459632601286486 1.4177738172109935
62287.9698 lsst_hardware_i 10.302714964428535 33.470001220703125 31.209999084472656 AB 8.861405048169017 1.2920639195386172
62290.9507 lsst_hardware_z 48.469453676327866 66.80999755859375 30.940000534057617 AB 15.78119971718056 1.3604482514810827
62290.9717 lsst_hardware_u 0.23179359000860403 2.7100000381469727 28.270000457763672 AB 13.373791545789954 1.2383140320175883
62301.9537 lsst_hardware_y -79.16857039331792 64.12999725341797 30.010000228881836 AB 14.730778020099676 1.1842572068736188
62301.9721 lsst_hardware_r 14.278907504212073 24.270000457763672 31.489999771118164 AB 14.497196636739389 1.11910017009027
62305.955 lsst_hardware_y 26.370022489088445 62.2599983215332 30.030000686645508 AB 5.017434877955359 1.1388593957680317
62305.9733 lsst_hardware_z -8.467150361784034 44.83000183105469 30.959999084472656 AB 6.974964856707295 1.0858511491723057
62307.0398 lsst_hardware_r 28.302226849745026 48.5 31.639999389648438 AB 3.604896134715957 1.00639199740814
62307.0635 lsst_hardware_i -17.15920243154533 44.59000015258789 31.309999465942383 AB 3.812156638990593 1.015852719574627
62307.9568 lsst_hardware_y 10.303860928514268 61.79999923706055 30.040000915527344 AB 4.879844005109303 1.1158392511540163
62307.9783 lsst_hardware_r -3.2804425621728894 69.4800033569336 31.649999618530273 AB 5.775490750522392 1.0624848843518122
62309.0437 lsst_hardware_z -69.28067647344943 70.69999694824219 31.0 AB 2.982752111702472 1.0079702996459705
62309.0668 lsst_hardware_r -69.8708501645878 95.4000015258789 31.65999984741211 AB 3.0418340900312195 1.0240141693422722
62311.0161 lsst_hardware_i 159.78902018858588 82.27999877929688 31.34000015258789 AB 4.039247152412801 1.0087400018512334
62311.0377 lsst_hardware_z 0.5126371474936724 72.06999969482422 31.0 AB 4.0561576079873465 1.0078036171158928
62313.958 lsst_hardware_y 65.44234157958361 57.56999969482422 30.049999237060547 AB 8.230567982700821 1.0706894151769022
62313.977 lsst_hardware_i 41.873770164446896 56.619998931884766 31.31999969482422 AB 7.975974426774569 1.0365587974494483
62324.0215 lsst_hardware_r 22.956646173298097 24.440000534057617 31.520000457763672 AB 3.0589369090922442 1.0196456363640813
62324.0532 lsst_hardware_i -32.236959989420846 31.850000381469727 31.25 AB 3.3844338767923565 1.0671958829490298
62330.9558 lsst_hardware_y 173.49962509196254 65.6500015258789 30.079999923706055 AB 7.820000795512516 1.0114685861230295
62330.976 lsst_hardware_r -5.496914478090086 24.829999923706055 31.530000686645508 AB 8.589584631212269 1.0064740027979848
62334.9571 lsst_hardware_z -12.327143579850725 67.69999694824219 30.989999771118164 AB 2.806620505731979 1.0068894755832387
62334.9796 lsst_hardware_g 5.290518899954751 33.68000030517578 31.68000030517578 AB 2.042577727872352 1.010926863584746
