data/validation/pwv_sim_epoch_fit_seasonal/14874612.ecsv
# %ECSV 0.9
# ---
# datatype:
# - {name: time, datatype: float64}
# - {name: band, datatype: string}
# - {name: flux, datatype: float64}
# - {name: fluxerr, datatype: float64}
# - {name: zp, datatype: float64}
# - {name: zpsys, datatype: string}
# - {name: pwv, datatype: float64}
# - {name: airmass, datatype: float64}
# meta: {SNID: '14874612', alt: 1024.0, c: 0.02920474484562874, dec: -42.809296, lat: -30.244573, lon: -70.7499537, ra: 242.569717, t0: 62193.7421875,
#   x0: 2.7909262925325758e-05, x1: 0.580166757106781, z: 0.29729554057121277}
# schema: astropy-2.0
time band flux fluxerr zp zpsys pwv airmass
[from data line 133]
62623.281 lsst_hardware_u 3.2951746318726185 2.859999895095825 28.559999465942383 AB 8.217132294551515 1.0306198789102614
62623.2923 lsst_hardware_g -2.9113565457867283 14.470000267028809 31.459999084472656 AB 9.272993382697077 1.0386417319329646
62625.2745 lsst_hardware_r -3.307327538744286 23.290000915527344 31.510000228881836 AB 9.52322236490471 1.0300572214708008
62625.2868 lsst_hardware_i -13.860201603890005 30.90999984741211 31.260000228881836 AB 9.588598548000508 1.0386076090481298
62631.2733 lsst_hardware_u -1.1751635034409442 2.759999990463257 28.479999542236328 AB 7.392642903834371 1.0412173103992073
62631.2858 lsst_hardware_g -17.34843156487334 14.479999542236328 31.440000534057617 AB 7.492588005359089 1.0552940852618435
62633.2223 lsst_hardware_z 60.80768992297564 43.27000045776367 30.950000762939453 AB 11.535229429629014 1.026311617921528
62633.2344 lsst_hardware_g -9.429999775985426 22.90999984741211 31.59000015258789 AB 11.56475982359518 1.024881232151306
62637.219 lsst_hardware_r -103.169538539061 110.70999908447266 31.670000076293945 AB 5.411021237297483 1.0249602192163383
62637.2304 lsst_hardware_i -20.932770350063816 87.80000305175781 31.34000015258789 AB 5.418457594177479 1.0258020876870246
62639.217 lsst_hardware_z -16.488884684323377 123.62000274658203 31.75 AB 8.175254621339283 1.0248532808498605
62642.2091 lsst_hardware_z 28.395393341567328 53.099998474121094 30.979999542236328 AB 7.022506232236545 1.0248592268484242
62642.2216 lsst_hardware_r -51.13890174872942 62.619998931884766 31.649999618530273 AB 7.038575863278486 1.027204416599881
62644.2124 lsst_hardware_i 12.783303290398015 37.02000045776367 31.280000686645508 AB 1.9612458626877334 1.0260692484742033
62644.2261 lsst_hardware_z -12.072463704966948 44.150001525878906 30.959999084472656 AB 1.9630559660888134 1.0320557105395733
62646.2025 lsst_hardware_i 13.526771406729743 30.850000381469727 31.260000228881836 AB 6.558223887557061 1.0252030463587714
62646.2152 lsst_hardware_u 0.20572467232002503 2.809999942779541 28.510000228881836 AB 5.678957151060566 1.0290762256157397
62649.2327 lsst_hardware_u -4.465123318521126 3.930000066757202 29.219999313354492 AB 7.377388979560642 1.050349027166468
62649.2419 lsst_hardware_g -22.99995409336242 20.75 32.18000030517578 AB 7.454012071948039 1.0625819061935908
62655.1882 lsst_hardware_i 17.282895461404845 30.850000381469727 31.260000228881836 AB 9.814019712789365 1.0280048581832435
62655.2002 lsst_hardware_z -35.065079070569325 41.29999923706055 30.950000762939453 AB 9.900501555044801 1.0348595751065957
62675.1262 lsst_hardware_r -8.814549978677386 23.209999084472656 31.510000228881836 AB 3.5492126946666835 1.0257099038123498
62675.1394 lsst_hardware_u 0.8299200737372132 2.819999933242798 28.530000686645508 AB 3.5223736284015175 1.030838053380649
62678.1164 lsst_hardware_r -41.692671966365175 23.1299991607666 31.510000228881836 AB 5.063778322882499 1.0254022928549915
62678.1282 lsst_hardware_i -4.610964886984195 30.670000076293945 31.260000228881836 AB 6.2198111061703365 1.0292588294175635
62680.1121 lsst_hardware_z 8.142639597564322 41.040000915527344 30.950000762939453 AB 7.367781699902424 1.0256177762175607
62680.1241 lsst_hardware_r -36.537729095279694 23.010000228881836 31.5 AB 7.445974461094505 1.0299432133749922
62682.1094 lsst_hardware_u 2.4609792476402386 2.700000047683716 28.440000534057617 AB 3.764371060673294 1.026273462560963
62682.1212 lsst_hardware_r -3.365071532331229 23.010000228881836 31.5 AB 3.693839322932437 1.0313665567311006
62688.1049 lsst_hardware_r 31.02034421965517 23.260000228881836 31.5 AB 5.445707313567916 1.0314165182426054
62688.1163 lsst_hardware_u 2.711163553626668 2.6600000858306885 28.399999618530273 AB 5.491660264264494 1.0399558637036868
62694.0487 lsst_hardware_r 18.88633316910114 94.08000183105469 31.65999984741211 AB 8.40277220556036 1.0289423805496527
62694.0603 lsst_hardware_y 37.87387078319672 56.029998779296875 30.059999465942383 AB 8.317025911968013 1.025327062571089
62704.0274 lsst_hardware_u -0.1862544443076745 2.7100000381469727 28.459999084472656 AB 6.207229029466245 1.0266246068995237
62704.0388 lsst_hardware_g 15.50977776088184 14.199999809265137 31.440000534057617 AB 6.198681017052423 1.0248577046655978
62707.0297 lsst_hardware_r -48.64861011580213 22.81999969482422 31.489999771118164 AB 5.322163721927724 1.0248726597203395
62707.043 lsst_hardware_z 30.954085788549722 40.86000061035156 30.940000534057617 AB 4.8261127647979025 1.02683250314849
62709.0305 lsst_hardware_r -15.430481479365705 22.719999313354492 31.489999771118164 AB 4.672406725493437 1.0252126660435408
62709.0419 lsst_hardware_u -2.387734011384955 2.5799999237060547 28.34000015258789 AB 3.5843133896205095 1.0284973858308493
62716.0085 lsst_hardware_r -16.85417876478611 23.139999389648438 31.5 AB 2.2312681875682374 1.0249279685660255
62716.0204 lsst_hardware_i 26.745733973504837 30.59000015258789 31.25 AB 2.2273302353298976 1.0275243281546504
62718.0096 lsst_hardware_z -11.069873319121655 41.75 30.950000762939453 AB 0.8296073068150239 1.0258952681142093
62718.0203 lsst_hardware_r -2.8236344083802836 26.760000228881836 31.540000915527344 AB 0.9344863805612075 1.0299262092895594
62719.0105 lsst_hardware_z 42.6932505919792 43.400001525878906 30.950000762939453 AB 1.1650414277034387 1.02692060617315
62719.0229 lsst_hardware_g 21.161107491125478 27.75 31.639999389648438 AB 1.2427991091961 1.0330832162893597
62722.0083 lsst_hardware_r -29.269652829879064 71.37000274658203 31.649999618530273 AB 5.754413956566308 1.0293814656509301
62722.0208 lsst_hardware_z 15.36554284434978 57.59000015258789 30.979999542236328 AB 5.800598952030921 1.0376432936461502
62723.0117 lsst_hardware_r 19.3537083604839 80.61000061035156 31.65999984741211 AB 3.4154553299640313 1.0328997973681546
62723.0228 lsst_hardware_y 45.351706161607574 54.150001525878906 30.059999465942383 AB 3.45423619050501 1.041897101499861
62725.0019 lsst_hardware_z 3.010149027439553 60.880001068115234 30.989999771118164 AB 2.3017007679391437 1.0303047305009596
62725.0133 lsst_hardware_r 32.58536551340683 85.0999984741211 31.65999984741211 AB 2.306419934133276 1.0382263939380039
