data/validation/pwv_sim_epoch_fit_seasonal/15081733.ecsv
# %ECSV 0.9
# ---
# datatype:
# - {name: time, datatype: float64}
# - {name: band, datatype: string}
# - {name: flux, datatype: float64}
# - {name: fluxerr, datatype: float64}
# - {name: zp, datatype: float64}
# - {name: zpsys, datatype: string}
# - {name: pwv, datatype: float64}
# - {name: airmass, datatype: float64}
# meta: {SNID: '15081733', alt: 1024.0, c: 0.08895692229270935, dec: 2.686724, lat: -30.244573, lon: -70.7499537, ra: 277.207031, t0: 62688.96875,
#   x0: 1.080479043035239e-05, x1: 1.4912657737731934, z: 0.4454624354839325}
# schema: astropy-2.0
time band flux fluxerr zp zpsys pwv airmass
62603.3951 lsst_hardware_z -29.818527940398162 43.34000015258789 30.940000534057617 AB 7.492791458043193 1.197314071275678
62603.4125 lsst_hardware_y -61.61475998705365 53.099998474121094 30.010000228881836 AB 7.389322551390712 1.1918262179662438
62605.3893 lsst_hardware_u 2.0236313098409293 2.8499999046325684 28.5 AB 8.079105653041127 1.197569857778933
62605.4062 lsst_hardware_y -76.18988166118483 49.59000015258789 30.010000228881836 AB 8.057733876770927 1.191752098616517
62607.3521 lsst_hardware_r -7.750001144354035 56.90999984741211 31.59000015258789 AB 21.45501978891559 1.248128669056594
62607.3681 lsst_hardware_y 90.43774840346667 51.689998626708984 29.989999771118164 AB 20.77780415686222 1.2158406107267563
62615.3201 lsst_hardware_r -15.848064099932575 49.25 31.56999969482422 AB 11.3618663174628 1.2766141929733483
62615.3374 lsst_hardware_i 41.18798667931786 46.59000015258789 31.270000457763672 AB 11.375838462211973 1.2319179643405977
62617.3723 lsst_hardware_z -0.25391087350945063 44.20000076293945 30.93000030517578 AB 3.7884489149868226 1.1917108886400827
62617.3915 lsst_hardware_r -3.150484999450471 27.8799991607666 31.510000228881836 AB 4.825452580723714 1.20098373885066
62619.3647 lsst_hardware_u -4.957271200967606 2.569999933242798 28.219999313354492 AB 4.195120283655325 1.1917955351293537
62619.3829 lsst_hardware_g 17.123942470128917 14.699999809265137 31.3700008392334 AB 6.029847476451133 1.1982209994935018
62621.3604 lsst_hardware_r -23.2000232578638 23.3700008392334 31.469999313354492 AB 12.537128731533207 1.1917233945786543
62621.379 lsst_hardware_z 37.4361698586586 43.119998931884766 30.93000030517578 AB 13.717662949872945 1.1995333046598802
62624.3647 lsst_hardware_r -1.8266851581530419 23.34000015258789 31.469999313354492 AB 13.836188773852689 1.1950929625439595
62624.3844 lsst_hardware_u -3.9169819938669055 2.630000114440918 28.31999969482422 AB 13.513053851853483 1.2162234956066378
62626.3279 lsst_hardware_u -0.6106570619540829 2.609999895095825 28.309999465942383 AB 10.032072070199044 1.2010861502782453
62626.346 lsst_hardware_g -16.613972575198858 13.960000038146973 31.3700008392334 AB 7.971128462878321 1.1917662350120835
62630.228 lsst_hardware_u 1.3081932706510493 2.3299999237060547 27.979999542236328 AB 12.993292090364221 1.5501884559148413
62630.2543 lsst_hardware_g 8.12127370754774 13.989999771118164 31.309999465942383 AB 11.8685496390399 1.3777009941135727
62632.3443 lsst_hardware_r -26.14250539891684 32.88999938964844 32.220001220703125 AB 8.189157856069638 1.1959776342428914
62632.365 lsst_hardware_z -35.910559073070665 61.83000183105469 31.68000030517578 AB 8.301403314823766 1.2202562567725659
62635.289 lsst_hardware_r -63.938937797595024 48.7400016784668 31.579999923706055 AB 8.3575955938005 1.2202205487900863
62635.3077 lsst_hardware_y 19.28579109798053 50.220001220703125 30.0 AB 7.9878594934065035 1.197355741938393
62643.2951 lsst_hardware_z 76.29857663128256 54.689998626708984 30.950000762939453 AB 5.078031124918408 1.1925859851851592
62643.3191 lsst_hardware_r -21.69951345364807 59.72999954223633 31.59000015258789 AB 5.06569286615475 1.1996904360343248
62645.273 lsst_hardware_z 73.35258603550626 45.93000030517578 30.940000534057617 AB 8.181966605440417 1.2042486816705915
62645.2943 lsst_hardware_g 16.794531732764263 29.1200008392334 31.59000015258789 AB 8.543168523016542 1.1917651563111589
62651.2876 lsst_hardware_r 28.322554441741556 33.189998626708984 32.220001220703125 AB 13.896443881158827 1.1934424494296485
62651.3102 lsst_hardware_u 0.9613001141707324 3.7100000381469727 29.059999465942383 AB 15.603787861872503 1.2154770455399189
62653.225 lsst_hardware_u 3.95142065859873 2.5899999141693115 28.270000457763672 AB 8.638696052903674 1.251984935203431
62653.2504 lsst_hardware_g -4.901036551589479 14.130000114440918 31.3700008392334 AB 7.449432381271351 1.2051172662415333
62656.2427 lsst_hardware_r 32.140434768697126 23.549999237060547 31.459999084472656 AB 13.831732433135851 1.2045574495089062
62656.2672 lsst_hardware_i 36.73001546068394 32.0 31.229999542236328 AB 13.599004054339506 1.1917973843687562
62673.1524 lsst_hardware_i 1346.4603072393309 53.704228379097124 31.239999771118164 AB 3.85246120026288 1.3090252124576554
62673.1803 lsst_hardware_z 1053.1329356884062 57.69697171478694 30.940000534057617 AB 3.5902079652639465 1.2294180173833595
62677.2156 lsst_hardware_g 2053.9204168099063 49.77572038643837 32.13999938964844 AB 5.2207730298516175 1.1930695731983803
62677.2395 lsst_hardware_r 5494.802353952172 81.81792057931334 32.22999954223633 AB 5.321374051136929 1.215943495575518
62679.1914 lsst_hardware_i 2225.892283637414 57.316853796661306 31.219999313354492 AB 8.908334907193051 1.1948942466949455
62679.2094 lsst_hardware_r 3172.357378193908 60.72764028759467 31.459999084472656 AB 8.682129224052794 1.1928186330902695
62681.1706 lsst_hardware_z 3830.4653379066986 86.83421132964737 31.68000030517578 AB 6.936679417853159 1.2093058999930795
62681.19 lsst_hardware_u 4.526873255032114 5.018442625695005 29.049999237060547 AB 7.374218404361598 1.1930461744639376
62683.167 lsst_hardware_g 1363.45732984895 39.37249555210775 31.3799991607666 AB 9.125523650105931 1.2069202023681962
62683.1874 lsst_hardware_r 3757.55921773918 65.36844244250398 31.479999542236328 AB 8.917774150384322 1.1922290779154965
62687.1689 lsst_hardware_i 2835.5462655457195 62.155864632686246 31.229999542236328 AB 4.302987171136052 1.1952742142044588
62687.19 lsst_hardware_z 2323.023127315351 64.25317223881515 30.93000030517578 AB 4.297532044467017 1.193758901240838
62689.17 lsst_hardware_i 2990.0732983969683 62.2959551978127 31.219999313354492 AB 2.73633788517424 1.192477288716258
62689.191 lsst_hardware_u 0.19275525323936324 3.0126872307454513 28.25 AB 2.7011012910624768 1.1976505872284113
62696.1414 lsst_hardware_z 4577.028470722478 155.52415038549202 31.729999542236328 AB 9.012211235691476 1.1972117835130154
62698.1162 lsst_hardware_r 3898.008854408529 134.76286951139963 31.6200008392334 AB 4.622066383337284 1.2216377384266641
62698.1381 lsst_hardware_i 2959.0756774484576 108.10845493803811 31.309999465942383 AB 3.436870608935902 1.1957451888095685
62708.1148 lsst_hardware_i 3866.1034861063736 75.80637192796299 31.969999313354492 AB 8.863380628648741 1.1936409169279834
62708.1334 lsst_hardware_u -5.2791140050003 4.448948437370492 28.979999542236328 AB 11.026124289429381 1.1941111996133078
62710.0777 lsst_hardware_u 6.348683014859594 3.231819525447883 28.219999313354492 AB 5.524114986939893 1.23264866382682
62710.0945 lsst_hardware_g 301.81970286728847 22.17615043657878 31.350000381469727 AB 4.58077174002639 1.205466247375366
62712.0775 lsst_hardware_r 1494.8835606484577 45.56209653123538 31.459999084472656 AB 5.8679259489381375 1.2224845726954454
62712.0963 lsst_hardware_i 1726.8072530076533 51.490750382586405 31.229999542236328 AB 6.231184062085776 1.1983046273241877
62717.0774 lsst_hardware_z 1178.3263781000958 54.9749584835447 30.93000030517578 AB 1.736238258271085 1.2032143161961781
62717.0958 lsst_hardware_u 0.06348883493709531 2.905382389936776 28.280000686645508 AB 2.212083926714726 1.1920161264797122
62721.0796 lsst_hardware_z 1100.8467171527202 61.0970189051982 30.950000762939453 AB 3.945782797959949 1.193521717471249
62721.0976 lsst_hardware_r 885.8132438823616 60.98376685859229 31.600000381469727 AB 5.253483169996798 1.193973447726545
62724.0404 lsst_hardware_r 709.854622862201 110.24792227186457 31.610000610351562 AB 12.35981273059158 1.2307505830810634
62724.0594 lsst_hardware_i 1278.0256583356552 93.61739368368903 31.309999465942383 AB 9.730274063899563 1.2020598827087254
62730.0449 lsst_hardware_z 923.3231055345781 53.08551065471217 30.940000534057617 AB 4.6942634479883125 1.200246337882966
62730.0632 lsst_hardware_i 991.9222282220625 44.515499567193736 31.229999542236328 AB 4.663804996436008 1.191772997385692
62732.0588 lsst_hardware_u -2.225952356349278 3.2558660269187416 28.3700008392334 AB 3.06288790004821 1.1917851751160349
62732.0788 lsst_hardware_g 73.67160606665372 16.676219469649745 31.3799991607666 AB 3.0951799344763113 1.2023229060506193
62734.0517 lsst_hardware_r 431.42716685410494 30.976250238274 31.479999542236328 AB 3.633772503000034 1.1917915719908276
62734.0719 lsst_hardware_i 865.5521596091638 43.01796450522958 31.239999771118164 AB 3.8044577985321664 1.2009020828700019
62737.0154 lsst_hardware_i 758.8454181473284 41.93096778458241 31.229999542236328 AB 3.6183777667245725 1.2125253616502336
62737.0339 lsst_hardware_z 710.1627977756059 51.281789321180014 30.940000534057617 AB 3.5499316703907735 1.1944588392970301
62739.012 lsst_hardware_r 285.7526851380925 29.597435317261567 31.469999313354492 AB 2.743474311299136 1.209644758068402
62739.0302 lsst_hardware_g 107.91789750415896 16.41235040321944 31.3799991607666 AB 2.6567278130501575 1.193632624081841
62745.0141 lsst_hardware_u 3.166490671429498 3.132870434593906 28.360000610351562 AB 2.114112586716623 1.1935148212551503
62745.0307 lsst_hardware_g 35.69537378633794 16.258485189836417 31.389999389648438 AB 2.082865542484739 1.1933912581081392
62749.9841 lsst_hardware_y 140.02416646614387 60.35650996914738 30.0 AB 0.8283331317407664 1.2068962580001454
62750.0033 lsst_hardware_z 529.1695972847876 59.89463409038501 30.959999084472656 AB 1.0623539827954436 1.1925395503784213
62751.984 lsst_hardware_y 97.07297006812153 64.1988035240543 30.0 AB 2.9806511030556555 1.2010279452224357
62752.002 lsst_hardware_i 465.25445433692374 73.90612017499015 31.299999237060547 AB 2.8603845311524423 1.1918268879801843
62755.9842 lsst_hardware_y 72.50811720235649 60.901947513245894 30.010000228881836 AB 3.521107594790243 1.1934609405005907
62756.0033 lsst_hardware_g 15.804852374378632 90.25081687923874 31.670000076293945 AB 2.438499810206659 1.1946110521526805
62758.9843 lsst_hardware_y 95.29889786385553 58.277760976608306 30.010000228881836 AB 2.716457388692837 1.1917771521027365
62759.0022 lsst_hardware_i 390.9330992214789 38.07204078165286 31.239999771118164 AB 1.5564715714587853 1.1995927333015686
62969.3977 lsst_hardware_z 142.95398200266425 83.02999877929688 31.719999313354492 AB 13.430796481141488 1.1944236689791223
62971.3939 lsst_hardware_r -61.84472874779273 33.56999969482422 31.549999237060547 AB 11.423122309334547 1.1936386948102975
62971.4116 lsst_hardware_y 98.02400254655707 53.380001068115234 29.989999771118164 AB 11.194234319650727 1.193627259959203
62974.3958 lsst_hardware_z 31.70804425468152 43.75 30.940000534057617 AB 15.403035525970944 1.1917626378132842
62974.4143 lsst_hardware_y 46.07788592342509 52.72999954223633 30.0 AB 15.588787046322324 1.2012550621664337
62976.398 lsst_hardware_u -1.3900142760677539 2.7300000190734863 28.40999984741211 AB 5.610157545172773 1.1936505415261218
62976.4158 lsst_hardware_y 109.32322771202232 52.77000045776367 30.0 AB 5.68353974732634 1.2092637760268807
62982.2786 lsst_hardware_i 27.22942713589042 33.97999954223633 31.190000534057617 AB 8.936088097705715 1.4455985814377195
62985.3602 lsst_hardware_u 0.967446545394435 2.609999895095825 28.309999465942383 AB 13.556787347753303 1.1921897767268543
62985.3814 lsst_hardware_g -2.1662982655831557 14.050000190734863 31.3700008392334 AB 14.909151155039806 1.1986775329666994
62993.2076 lsst_hardware_i -253.7205736045116 130.08999633789062 31.940000534057617 AB 11.709029387367751 1.8350793105267609
62993.2276 lsst_hardware_z 27.065839017341528 78.41999816894531 30.920000076293945 AB 10.963283314996941 1.607755288898217
62996.2577 lsst_hardware_i -69.88467010439639 83.80999755859375 31.280000686645508 AB 9.594297100081594 1.3513094507157175
62996.2751 lsst_hardware_r -111.64299432279293 99.04000091552734 31.600000381469727 AB 9.110000923584478 1.2830987216316168
63001.3018 lsst_hardware_r 19.27965877230935 26.270000457763672 31.5 AB 8.718580338034702 1.2006307557541818
63001.322 lsst_hardware_i 40.40597397938498 33.2400016784668 31.229999542236328 AB 8.691982025493848 1.1917708444461401
63003.3087 lsst_hardware_z -23.483543112498758 43.2599983215332 30.93000030517578 AB 7.489798004561426 1.1928329359072187
63003.3319 lsst_hardware_r 24.416182548061986 23.450000762939453 31.469999313354492 AB 7.458804659751953 1.1983940648702123
63004.2604 lsst_hardware_i 11.290269423846135 32.33000183105469 31.219999313354492 AB 10.030421569724917 1.2614502382852186
63004.283 lsst_hardware_u 0.8304095758779503 2.5299999713897705 28.239999771118164 AB 9.609850791237024 1.2134799117639958
63008.3007 lsst_hardware_g -4.705536441922377 13.949999809265137 31.360000610351562 AB 5.053107653760224 1.1917706730566566
63008.3232 lsst_hardware_r 19.81340691388891 23.3700008392334 31.459999084472656 AB 5.103235749494216 1.2030258721108917
63014.2906 lsst_hardware_u -0.39991590137475885 2.700000047683716 28.389999389648438 AB 9.124149715071745 1.1924135455649076
63014.3111 lsst_hardware_g 20.336430340758213 14.170000076293945 31.3799991607666 AB 9.439310902445287 1.2080385093515005
63016.2961 lsst_hardware_r -21.795651209046508 33.189998626708984 32.220001220703125 AB 15.441525163467022 1.1981552376067988
63016.3164 lsst_hardware_i 69.86600321437243 45.470001220703125 31.979999542236328 AB 15.563947027557806 1.224896799041775
63018.2493 lsst_hardware_i -2.6907306162697493 42.97999954223633 31.270000457763672 AB 8.175025545461942 1.2072992338479533
63018.2718 lsst_hardware_z -1.6579856422742716 47.16999816894531 30.940000534057617 AB 7.349279187016551 1.191919966539045
63021.2554 lsst_hardware_i 67.13939108764028 78.3499984741211 31.299999237060547 AB 13.679046254318768 1.1946243617587837
63021.2762 lsst_hardware_z -70.2689483491001 69.66000366210938 30.959999084472656 AB 13.68538807944289 1.1941613908460016
63023.253 lsst_hardware_z 117.88226177131013 94.47000122070312 30.979999542236328 AB 6.9352697293188745 1.193233113753161
63023.2747 lsst_hardware_r 65.20541056503771 138.16000366210938 31.6200008392334 AB 6.947114891821802 1.1964719372791652
63037.2243 lsst_hardware_g 6.300350859023061 14.300000190734863 31.3700008392334 AB 3.933055270233204 1.1918349303736981
63037.2475 lsst_hardware_r 2.0513779177352047 23.8799991607666 31.469999313354492 AB 3.983234691481577 1.207040815600478
63043.2216 lsst_hardware_i -22.343835227531716 45.4900016784668 31.979999542236328 AB 7.152660074554518 1.1975655889978543
63043.2447 lsst_hardware_z -57.3734996400447 62.56999969482422 31.68000030517578 AB 7.358747333367439 1.2287789157354065
63047.1851 lsst_hardware_z -93.70086306015834 70.2699966430664 31.700000762939453 AB 3.702291290513967 1.1942875130690216
63049.1725 lsst_hardware_r -26.95367390250635 83.97000122070312 31.610000610351562 AB 9.718254952334508 1.199093726125065
63049.1952 lsst_hardware_i 155.032464455892 68.94000244140625 31.299999237060547 AB 9.72514805272028 1.1924771535548293
63052.1889 lsst_hardware_z -34.749824632727595 135.38999938964844 31.729999542236328 AB 4.295026398988294 1.1930628886078594
63064.1087 lsst_hardware_z 9.841569645688036 62.33000183105469 31.68000030517578 AB 2.0945806512351526 1.2321062654324426
63064.1338 lsst_hardware_i -34.71165796729203 45.310001373291016 31.969999313354492 AB 1.9156968387980897 1.197310524248806
63067.176 lsst_hardware_r 20.108903895908604 23.75 31.469999313354492 AB 4.221995735250817 1.2228217035868365
63067.1926 lsst_hardware_i 10.509522154588925 32.560001373291016 31.219999313354492 AB 4.319565400997473 1.2605735606023756
63069.1402 lsst_hardware_z -104.88434086359734 43.2599983215332 30.93000030517578 AB 6.125299387777666 1.1923884344515605
63069.1605 lsst_hardware_u -1.101555192055793 2.569999933242798 28.260000228881836 AB 6.186141736483897 1.2075232747382194
63072.1306 lsst_hardware_g 5.8186450451011 14.149999618530273 31.3700008392334 AB 6.724012397863871 1.1920950975735964
63072.1501 lsst_hardware_r 25.048892772203246 23.559999465942383 31.459999084472656 AB 6.7569201992331385 1.2048716475094756
63073.1181 lsst_hardware_i 12.493501829996733 33.16999816894531 31.229999542236328 AB 8.894740175431957 1.192710798909203
63073.1379 lsst_hardware_z -62.10046372746122 44.04999923706055 30.93000030517578 AB 10.983920670330857 1.1963100441464747
63079.0977 lsst_hardware_z -124.26461114282613 121.04000091552734 31.729999542236328 AB 4.79857064327821 1.1943179931003138
63081.0955 lsst_hardware_r -253.23062248511806 170.83999633789062 32.369998931884766 AB 2.1243567934844134 1.1929562226502393
63081.1182 lsst_hardware_i -75.70489249029046 133.94000244140625 32.060001373291016 AB 2.1070320625084977 1.1978579093285215
63085.0924 lsst_hardware_g 35.56166111296767 13.960000038146973 31.360000610351562 AB 3.3721159113923664 1.19180605356547
63085.1126 lsst_hardware_r 16.135080869695845 35.06999969482422 31.540000915527344 AB 3.33625490096225 1.2026874192365717
63093.0799 lsst_hardware_u -1.5052345981979016 2.690000057220459 28.3799991607666 AB 4.41906399828975 1.1943416211593918
63094.0478 lsst_hardware_r -13.490320965439313 23.290000915527344 31.469999313354492 AB 6.955179423969038 1.200756072504208
63094.0692 lsst_hardware_i 34.96093157336243 31.6299991607666 31.229999542236328 AB 6.910723565855274 1.1919150682744521
63099.0534 lsst_hardware_z 65.24905820186224 42.95000076293945 30.940000534057617 AB 3.652246371646233 1.191791930705248
63099.0715 lsst_hardware_u 0.9525972898523477 2.630000114440918 28.34000015258789 AB 3.708318259188637 1.1999088364952717
63100.0089 lsst_hardware_g -5.568876586671672 14.789999961853027 31.399999618530273 AB 3.7750459556265863 1.2352899069458725
63102.0133 lsst_hardware_r 18.648261938777782 26.389999389648438 31.5 AB 3.6460827526055968 1.2168143346571505
63102.0301 lsst_hardware_i -45.26049607923797 33.09000015258789 31.229999542236328 AB 3.5698967226806517 1.1972822993898218
63108.0104 lsst_hardware_z -10.33936259053078 70.18000030517578 30.969999313354492 AB 5.639985195790665 1.1999968501682265
63108.0266 lsst_hardware_i 105.05498737689642 78.18000030517578 31.299999237060547 AB 5.601942598116719 1.1919026804503656
63110.0217 lsst_hardware_z 31.09145775610359 95.2699966430664 31.709999084472656 AB 2.0269443986831264 1.1918528412484082
63113.0177 lsst_hardware_r 15.510209689127773 23.360000610351562 31.469999313354492 AB 2.135305945121156 1.1919649877403298
63113.0373 lsst_hardware_i 0.4932695542313009 31.719999313354492 31.229999542236328 AB 2.141596418603254 1.2039331501564252
63114.9915 lsst_hardware_z 1.5847090712219662 64.3499984741211 31.690000534057617 AB 0.7968714591087275 1.1998064628989624
63117.9836 lsst_hardware_y 75.38082923085497 54.970001220703125 30.0 AB 3.476594784195235 1.1995496538239403
63118.0011 lsst_hardware_g -5.035831433967332 14.100000381469727 31.3700008392334 AB 3.10115959887454 1.1917987249477817
63120.9847 lsst_hardware_y -40.83823194167952 54.4900016784668 30.0 AB 3.571534359282762 1.193561666241315
63121.0018 lsst_hardware_i 52.83154294477428 32.09000015258789 31.219999313354492 AB 2.552797131897334 1.1935930482278592
63122.9855 lsst_hardware_y 123.42933766057278 53.970001220703125 30.0 AB 3.057870930490006 1.1919200664548844
63123.0041 lsst_hardware_i -9.812422001125245 32.189998626708984 31.219999313354492 AB 1.6776601438318748 1.198328674165625
63124.9858 lsst_hardware_y 61.88681896989851 53.4900016784668 30.0 AB 3.198395022984233 1.192096542297331
63125.0053 lsst_hardware_g -19.79540392363996 14.359999656677246 31.389999389648438 AB 3.0760406593438834 1.2047943048543182
