data/validation/pwv_sim_epoch_fit_seasonal/15116338.ecsv
# %ECSV 0.9
# ---
# datatype:
# - {name: time, datatype: float64}
# - {name: band, datatype: string}
# - {name: flux, datatype: float64}
# - {name: fluxerr, datatype: float64}
# - {name: zp, datatype: float64}
# - {name: zpsys, datatype: string}
# - {name: pwv, datatype: float64}
# - {name: airmass, datatype: float64}
# meta: {SNID: '15116338', alt: 1024.0, c: -0.056487277150154114, dec: -52.60899, lat: -30.244573, lon: -70.7499537, ra: 208.432831, t0: 61802.953125,
#   x0: 6.701401391604911e-06, x1: -0.9046858549118042, z: 0.5435321927070618}
# schema: astropy-2.0
time band flux fluxerr zp zpsys pwv airmass
[from data line 133]
62252.2128 lsst_hardware_r -27.343716701958183 77.37000274658203 31.639999389648438 AB 6.516559306073492 1.0947600682189822
62254.1945 lsst_hardware_i -44.263284846111745 94.37999725341797 31.329999923706055 AB 2.4268171133076666 1.0867967368148979
62254.2079 lsst_hardware_z 83.71383639306661 81.56999969482422 30.989999771118164 AB 2.465850477931996 1.0952034101407933
62257.1892 lsst_hardware_i -68.26640523679897 62.939998626708984 31.31999969482422 AB 10.418914495618537 1.0882319953644568
62257.2014 lsst_hardware_z 118.75538991988374 59.040000915527344 30.969999313354492 AB 10.490694337975457 1.0965882583249607
62261.1907 lsst_hardware_i 16.093134692757754 33.220001220703125 31.260000228881836 AB 10.105705819371373 1.0967772758162984
62261.2032 lsst_hardware_r 84.230619250618 28.020000457763672 31.540000915527344 AB 10.221843298883597 1.1093817341961794
62264.135 lsst_hardware_i 0.7255318438156929 30.690000534057617 31.25 AB 10.733862357416756 1.0846667701512485
62264.1471 lsst_hardware_z 66.40698581803522 41.470001220703125 30.950000762939453 AB 10.628586333796584 1.0825061194476329
62266.1256 lsst_hardware_r 20.793939634296468 22.729999542236328 31.489999771118164 AB 7.5772106572973 1.0861437960648344
62266.1366 lsst_hardware_g -3.9705537052854494 13.800000190734863 31.40999984741211 AB 7.646691728887053 1.0829729817850187
62268.1709 lsst_hardware_i -8.850364583549416 30.940000534057617 31.25 AB 12.779015557735791 1.0962054949805526
62268.1834 lsst_hardware_z 32.22336422652153 42.11000061035156 30.950000762939453 AB 12.923324145892998 1.1085845289206948
62272.13 lsst_hardware_u 1.1998630569433202 2.759999990463257 28.479999542236328 AB 7.358671928764958 1.0826352697903425
62272.1429 lsst_hardware_g -16.36171021377304 13.920000076293945 31.420000076293945 AB 7.218617683555264 1.0857513248935486
62277.1096 lsst_hardware_g 10.494016959252948 25.950000762939453 31.610000610351562 AB 7.736066400213855 1.0826234641340469
62277.1229 lsst_hardware_r -48.86618382789652 30.350000381469727 31.559999465942383 AB 7.7283135056328405 1.0837122799335572
62280.1072 lsst_hardware_r 17.79180873184571 66.29000091552734 31.639999389648438 AB 9.4122196607987 1.0825694506918722
62280.1188 lsst_hardware_z -9.819090455255543 54.95000076293945 30.969999313354492 AB 9.41924110668642 1.084916045460311
62282.1039 lsst_hardware_r 83.31086568127186 104.02999877929688 31.649999618530273 AB 6.95961100170154 1.0827585440597651
62282.1164 lsst_hardware_i 37.36544770691312 81.44999694824219 31.329999923706055 AB 6.98099297684474 1.0860850972636027
62283.0997 lsst_hardware_z -63.676571630092546 78.4800033569336 30.989999771118164 AB 6.6985209035569815 1.082618398376806
62283.1117 lsst_hardware_i -68.94030101478658 92.23999786376953 31.329999923706055 AB 6.6167563796824895 1.0853072246608786
62285.109 lsst_hardware_z -83.56236158591936 92.73999786376953 31.729999542236328 AB 10.350380662290078 1.0864260168248454
62288.1001 lsst_hardware_r 1.82407495531277 35.25 31.59000015258789 AB 7.989518411976686 1.0861226769951993
62288.1117 lsst_hardware_i -14.013283258276095 39.439998626708984 31.280000686645508 AB 7.969302742263374 1.0926831913523822
62291.1059 lsst_hardware_z -16.638464727116162 41.689998626708984 30.940000534057617 AB 12.637239184296392 1.094457019836759
62291.1191 lsst_hardware_u -1.8187409398877956 2.619999885559082 28.3700008392334 AB 12.892532370959609 1.106892669753991
62302.0815 lsst_hardware_r -29.734954079966155 22.290000915527344 31.469999313354492 AB 14.869644649717904 1.0992160155030792
62302.0937 lsst_hardware_g -1.5978851996824932 13.420000076293945 31.3700008392334 AB 13.815915972788442 1.1123552730615673
62304.0774 lsst_hardware_r -2.2752373535073396 23.149999618530273 31.489999771118164 AB 6.606505594461342 1.100488167985898
62304.0898 lsst_hardware_i -20.694372617222083 31.139999389648438 31.239999771118164 AB 6.020143439917363 1.1143254863335632
62306.0174 lsst_hardware_g -2.636775041760495 26.6299991607666 31.6200008392334 AB 4.278173759585096 1.0857390473526742
62306.03 lsst_hardware_i 3.9922658366741497 34.70000076293945 31.270000457763672 AB 4.2238492405581285 1.082668123861448
62308.0225 lsst_hardware_z 39.69790845953468 50.93000030517578 30.969999313354492 AB 4.224763347413172 1.082902430129829
62308.0351 lsst_hardware_r 36.24017215086039 54.90999984741211 31.6299991607666 AB 4.2644252041628405 1.0830744677013364
62310.025 lsst_hardware_y -52.990336200564535 77.2699966430664 30.790000915527344 AB 3.4641990507593583 1.0825622033622995
62312.0193 lsst_hardware_r 99.6980751957283 100.3499984741211 31.649999618530273 AB 5.452806604005467 1.0825504474896699
62312.0314 lsst_hardware_i 107.60606385371587 79.11000061035156 31.329999923706055 AB 5.415911113456068 1.0849180916378791
62314.0167 lsst_hardware_z -61.76907768846845 60.119998931884766 30.979999542236328 AB 8.827975564286046 1.0827886133062732
62314.0288 lsst_hardware_r -105.73991546326555 82.5199966430664 31.649999618530273 AB 8.950830952161159 1.0860022994614773
62322.9987 lsst_hardware_g 29.04682160202744 13.380000114440918 31.389999389648438 AB 7.087972286210865 1.084091710654478
62323.0116 lsst_hardware_i 31.286850717786827 30.420000076293945 31.239999771118164 AB 6.228534110527768 1.089730117897201
62325.0011 lsst_hardware_z 3.2399226033328348 41.470001220703125 30.950000762939453 AB 0.8832186616531013 1.0870383528042322
62325.0128 lsst_hardware_r 10.943947493388887 22.31999969482422 31.479999542236328 AB 1.0477588048892 1.0942650703807202
62327.9945 lsst_hardware_r -19.419762768376902 22.399999618530273 31.489999771118164 AB 6.308274279172203 1.0878210517627527
62328.0061 lsst_hardware_i -4.110008206517697 30.610000610351562 31.239999771118164 AB 5.394105618467045 1.0954352245998398
62329.9972 lsst_hardware_z -67.6445904088547 41.56999969482422 30.940000534057617 AB 6.443476548857448 1.0928246966431492
62330.0085 lsst_hardware_r 13.40900519994301 22.420000076293945 31.479999542236328 AB 6.335225179656461 1.1025452801351703
62331.9944 lsst_hardware_u -0.2634737233488716 2.7200000286102295 28.420000076293945 AB 7.140411064373303 1.0948192371010892
62332.0054 lsst_hardware_r -18.361111540932534 22.729999542236328 31.479999542236328 AB 5.98668378652971 1.1049959306973347
