data/validation/pwv_sim_epoch_fit_seasonal/15212226.ecsv
# %ECSV 0.9
# ---
# datatype:
# - {name: time, datatype: float64}
# - {name: band, datatype: string}
# - {name: flux, datatype: float64}
# - {name: fluxerr, datatype: float64}
# - {name: zp, datatype: float64}
# - {name: zpsys, datatype: string}
# - {name: pwv, datatype: float64}
# - {name: airmass, datatype: float64}
# meta: {SNID: '15212226', alt: 1024.0, c: 0.07393644005060196, dec: -15.558919, lat: -30.244573, lon: -70.7499537, ra: 81.5625, t0: 61920.7109375,
#   x0: 0.0003283203806637834, x1: 0.4298730790615082, z: 0.09757494926452637}
# schema: astropy-2.0
time band flux fluxerr zp zpsys pwv airmass
61679.3687 lsst_hardware_i -20.433539677226854 30.149999618530273 31.239999771118164 AB 4.3788534310143 1.0476770246669387
61679.3886 lsst_hardware_y -21.013493666819123 57.290000915527344 30.059999465942383 AB 4.256438078958134 1.0350001407800935
61681.3719 lsst_hardware_r 15.703049949019146 22.31999969482422 31.489999771118164 AB 3.0171329245921097 1.0403906636524516
61681.3907 lsst_hardware_y -7.887339658608054 68.94000244140625 30.06999969482422 AB 2.7029701131148287 1.0339041615892497
61683.3704 lsst_hardware_g 4.421019821720704 13.5600004196167 31.40999984741211 AB 7.888597669108051 1.0379733775142173
61683.3886 lsst_hardware_y -21.993454230652972 66.91999816894531 30.06999969482422 AB 8.184196378642962 1.0340653492362784
61687.3687 lsst_hardware_r -21.204247424435902 22.450000762939453 31.5 AB 2.9578797185599504 1.0345251128742883
61691.3545 lsst_hardware_z -46.19091509338099 47.36000061035156 30.959999084472656 AB 5.647094179449895 1.0354041399797729
61691.3725 lsst_hardware_y -20.40192979187356 48.970001220703125 30.049999237060547 AB 5.692574508946453 1.0352645202982151
61693.2962 lsst_hardware_z 24.617648880631943 59.86000061035156 30.969999313354492 AB 6.279342274375087 1.1057126737762084
61693.3143 lsst_hardware_y -105.15543947292274 52.65999984741211 30.040000915527344 AB 6.052078060125653 1.068956972645018
61695.3527 lsst_hardware_r 88.882767582953 79.73999786376953 31.65999984741211 AB 5.05655100505633 1.0339009364731837
61695.3711 lsst_hardware_y -139.39263593797259 57.47999954223633 30.059999465942383 AB 5.093409679333765 1.0398427355348658
61697.362 lsst_hardware_z -91.20978678952346 81.30000305175781 31.739999771118164 AB 3.9903313951889348 1.0377075403578444
61701.3212 lsst_hardware_r -18.087288980179977 28.579999923706055 31.559999465942383 AB 3.2793092607007606 1.0380024565009924
61701.3386 lsst_hardware_g 2.9274033411012588 23.40999984741211 31.610000610351562 AB 3.409992725644452 1.0339838965946213
61704.3205 lsst_hardware_r 37.632467381837806 21.81999969482422 31.489999771118164 AB 1.3720050740435221 1.034954795607384
61704.3377 lsst_hardware_i 31.274093559008147 29.799999237060547 31.25 AB 2.47662316223391 1.035485800035083
61706.3224 lsst_hardware_z -32.98552506251272 40.68000030517578 30.950000762939453 AB 2.9487727491501023 1.0339013291395538
61706.3397 lsst_hardware_i -49.903256920095416 29.969999313354492 31.25 AB 3.524746391897999 1.0389819872948198
61708.2692 lsst_hardware_u -0.879506988901303 2.5199999809265137 28.299999237060547 AB 3.8234176742344252 1.076109674707128
61708.2864 lsst_hardware_g 18.14591649431208 13.239999771118164 31.3799991607666 AB 3.7457341678623126 1.0509916295908137
61710.2471 lsst_hardware_g 7.834615324114349 18.889999389648438 32.11000061035156 AB 5.466123832333338 1.11245163896005
61710.2695 lsst_hardware_r 31.95479790238976 22.18000030517578 31.469999313354492 AB 5.37945819826689 1.066365441707458
61721.2769 lsst_hardware_z -6.654668887279822 55.560001373291016 30.969999313354492 AB 4.240720567298984 1.0343220895851182
61721.2956 lsst_hardware_r 110.08528142645322 65.47000122070312 31.639999389648438 AB 3.8125348163147046 1.0372597954015566
61723.2698 lsst_hardware_z 28.777899643450375 67.16000366210938 30.989999771118164 AB 5.9492594327492485 1.0346538143911737
61723.2864 lsst_hardware_r 84.30714784281416 96.08000183105469 31.65999984741211 AB 6.035938058385021 1.0356791452271337
61725.2768 lsst_hardware_i 36.419522018377876 67.23999786376953 31.329999923706055 AB 6.097468577558205 1.034510336047201
61725.2942 lsst_hardware_z -10.09000318798022 62.41999816894531 30.989999771118164 AB 4.99981610663096 1.0435578505322918
61727.2662 lsst_hardware_z -32.406103580809884 52.040000915527344 30.969999313354492 AB 4.135616033579672 1.033904008394918
61727.2849 lsst_hardware_r -2.544883540258094 59.70000076293945 31.639999389648438 AB 4.162480839105429 1.0406202097763573
61730.2681 lsst_hardware_u -5.186766226792745 4.5 28.799999237060547 AB 3.509202419001183 1.035977883980134
61730.2879 lsst_hardware_g 68.49371599816135 24.25 31.600000381469727 AB 3.500955288935678 1.0507068694282136
61733.2495 lsst_hardware_r 0.3079667744886698 22.270000457763672 31.5 AB 7.918262451005913 1.0338956891113438
61733.2691 lsst_hardware_i -43.79678046562893 30.079999923706055 31.25 AB 9.038732081503356 1.0410287453502283
61735.255 lsst_hardware_z -13.679603095208472 40.93000030517578 30.950000762939453 AB 5.493208516928344 1.0361937594809503
61735.274 lsst_hardware_r 15.49061370701396 22.40999984741211 31.489999771118164 AB 5.64115877606524 1.0504299129908585
61737.2591 lsst_hardware_u 2.2761698128663386 2.690000057220459 28.440000534057617 AB 4.590607974047892 1.041702199019982
61737.278 lsst_hardware_r -23.25072461887474 22.6299991607666 31.489999771118164 AB 4.681845198778111 1.062586620493182
61739.2274 lsst_hardware_g 12.628483683899171 13.859999656677246 31.43000030517578 AB 5.666855601362204 1.0343808709249254
61739.2461 lsst_hardware_i 31.659555693275585 30.40999984741211 31.25 AB 5.700324979449708 1.0370826852450639
61741.2275 lsst_hardware_z 107.1837632202838 40.900001525878906 30.940000534057617 AB 6.513513977525895 1.0338911075437929
61741.2448 lsst_hardware_r -13.537074250390909 22.530000686645508 31.489999771118164 AB 6.548072270468021 1.0393765508679398
61743.2308 lsst_hardware_y 85.96228262059267 46.810001373291016 30.049999237060547 AB 4.543318389682575 1.035337182175567
61743.2494 lsst_hardware_g 21.97405082139565 13.670000076293945 31.40999984741211 AB 4.594481216970865 1.0475333372025855
61747.2237 lsst_hardware_z -8.894307046750608 43.380001068115234 30.959999084472656 AB 5.317851306133798 1.0368202975499703
61747.2429 lsst_hardware_r 23.38105662940216 22.520000457763672 31.489999771118164 AB 5.368895428053197 1.0523119223935495
61753.2193 lsst_hardware_r 57.75330059227159 109.22000122070312 31.65999984741211 AB 8.127914775548733 1.0448870031237325
61753.2371 lsst_hardware_z 87.2858933166624 74.5 30.989999771118164 AB 8.28354332733792 1.066836811677614
61755.197 lsst_hardware_y 41.62519281222161 51.18000030517578 30.059999465942383 AB 10.65646629521352 1.0350206343411048
61755.2166 lsst_hardware_g 15.521005898279387 73.13999938964844 31.729999542236328 AB 10.878500794967167 1.0474935672561074
61757.1598 lsst_hardware_r 44.1845518910742 36.06999969482422 31.59000015258789 AB 3.132574935890672 1.0439016726102346
61757.1773 lsst_hardware_i 27.06261796069315 40.36000061035156 31.290000915527344 AB 3.4564968723657863 1.0345695517407323
61759.1749 lsst_hardware_z 12.394251397864961 41.02000045776367 30.950000762939453 AB 3.9086653008108625 1.03406123613222
61759.1955 lsst_hardware_r 2.741833695545584 26.459999084472656 31.540000915527344 AB 3.891999135551334 1.0392752314607803
61763.1974 lsst_hardware_i 36.83426643343561 43.08000183105469 32.0 AB 6.7982159790115775 1.0502554457436617
61763.2242 lsst_hardware_z -24.915966743056632 59.47999954223633 31.700000762939453 AB 7.5909750820235455 1.094063187416317
61765.1753 lsst_hardware_r 19.296507831342737 22.40999984741211 31.5 AB 7.369061329288504 1.0371655635873434
61765.1947 lsst_hardware_u -3.99482942938146 2.7100000381469727 28.459999084472656 AB 7.385923693838694 1.0534264087437522
61771.1449 lsst_hardware_z 33.11554233397026 40.81999969482422 30.950000762939453 AB 7.199961034149499 1.033883716767387
61771.1662 lsst_hardware_r 22.7328936452071 22.34000015258789 31.489999771118164 AB 7.255547480092563 1.0416413306007057
61773.144 lsst_hardware_z 22.896781142364684 40.79999923706055 30.950000762939453 AB 3.9798074697604444 1.0341863105984395
61773.1646 lsst_hardware_r 13.478171606816726 22.25 31.489999771118164 AB 4.036321026037834 1.0447993337314014
61775.1243 lsst_hardware_i -1.2428157331049998 47.790000915527344 32.02000045776367 AB 10.807964499184504 1.0356755197736458
61775.146 lsst_hardware_z -14.541326746981516 59.529998779296875 31.700000762939453 AB 11.74559750719229 1.0362695758253377
61777.1193 lsst_hardware_r -17.256461503728374 46.52000045776367 31.6299991607666 AB 9.096215222094331 1.0355141556870913
61777.1399 lsst_hardware_z -84.59249834107592 47.349998474121094 30.959999084472656 AB 8.26582909539615 1.0360129216514569
61781.0965 lsst_hardware_r -82.14013548534406 99.41999816894531 31.65999984741211 AB 5.930003411869878 1.0420882895826198
61781.1184 lsst_hardware_i -61.9292443555539 80.30000305175781 31.34000015258789 AB 5.860554057600416 1.033880931040031
61784.0888 lsst_hardware_z 44.40219289495931 52.20000076293945 30.969999313354492 AB 7.0656008469249105 1.0417142982492005
61784.1074 lsst_hardware_r 5.442441130175698 66.43000030517578 31.649999618530273 AB 7.019341929578299 1.0339794652231609
61785.0885 lsst_hardware_u 7.147425482180453 5.800000190734863 28.979999542236328 AB 5.62829115588409 1.0399971339134777
61785.1095 lsst_hardware_r -6.770797213436339 45.75 31.6200008392334 AB 5.607625672150825 1.0339813777782714
61789.0886 lsst_hardware_r -15.514816849975794 22.030000686645508 31.479999542236328 AB 4.033890456616092 1.0348837088058387
61789.1103 lsst_hardware_u 3.78667956581039 2.5399999618530273 28.34000015258789 AB 4.018018957237012 1.0374212510885845
61791.0735 lsst_hardware_g 16.326313267484302 13.300000190734863 31.389999389648438 AB 12.430405682273122 1.0391143726038137
61791.0924 lsst_hardware_r -4.429507912151265 22.059999465942383 31.489999771118164 AB 13.089175794089087 1.03392736465592
61795.0746 lsst_hardware_r 7.577320228039111 21.950000762939453 31.479999542236328 AB 7.157246586331889 1.0343464687900603
61795.0944 lsst_hardware_g 11.246497491191931 13.239999771118164 31.3799991607666 AB 8.336615060596193 1.0376667986801338
61797.0654 lsst_hardware_r 20.310090102333636 22.030000686645508 31.489999771118164 AB 11.80215368904803 1.035276639390178
61797.0837 lsst_hardware_i 6.508494444422327 29.90999984741211 31.239999771118164 AB 11.743899328310345 1.0354346083856767
61799.0448 lsst_hardware_y -11.538313946548723 48.779998779296875 30.049999237060547 AB 13.243493069188249 1.044165025165959
61799.064 lsst_hardware_z -93.03593866783545 40.619998931884766 30.940000534057617 AB 13.10202653352956 1.034288861421169
61801.0424 lsst_hardware_y -30.996264653642026 49.619998931884766 30.049999237060547 AB 9.438289289889948 1.0416962959980076
61801.0604 lsst_hardware_u -1.5208203297352534 2.680000066757202 28.440000534057617 AB 9.412785176855971 1.034031108080401
61805.0502 lsst_hardware_z 85.74451044298493 63.45000076293945 31.700000762939453 AB 9.968698606560077 1.0339632938218672
61807.027 lsst_hardware_y -49.1369140320388 68.77999877929688 30.06999969482422 AB 5.3693487508566005 1.0409749420040095
61807.0443 lsst_hardware_z -24.230264345252483 50.290000915527344 30.969999313354492 AB 4.89806429498441 1.0340013288968566
61808.0275 lsst_hardware_y -58.587570203993295 72.44999694824219 30.06999969482422 AB 4.887824274728573 1.0388574441506
61808.0461 lsst_hardware_i 30.777522834116066 56.709999084472656 31.31999969482422 AB 6.501102972477128 1.0339315291601978
61810.0257 lsst_hardware_y 21.11637985736488 75.63999938964844 30.06999969482422 AB 5.758326684419983 1.0369135686230462
61810.0445 lsst_hardware_i -82.57801235243393 66.97000122070312 31.329999923706055 AB 6.14839254337251 1.034444373849898
61812.0244 lsst_hardware_y 0.49207213502991676 70.58000183105469 30.06999969482422 AB 0.5321376256788274 1.035287209491804
61812.0413 lsst_hardware_g 36.04465856929719 84.06999969482422 31.729999542236328 AB 0.5475095539260941 1.0349897049642611
61814.0229 lsst_hardware_y -187.65891653993285 71.26000213623047 30.06999969482422 AB 3.4278789954226507 1.0343109868009004
61814.0418 lsst_hardware_i 10.292853773356883 40.189998626708984 31.299999237060547 AB 2.5779479195819825 1.0372992333093125
62045.3775 lsst_hardware_z -10.773379715090588 41.689998626708984 30.950000762939453 AB 2.1808441843177904 1.0389919887174357
62047.3732 lsst_hardware_i 46.17467462729854 57.290000915527344 31.329999923706055 AB 2.4628865623906715 1.0383164259656226
62049.3729 lsst_hardware_r -31.1100668838273 76.86000061035156 31.65999984741211 AB 6.437243598592636 1.035898125024965
62051.3772 lsst_hardware_y 34.10770084990113 84.33000183105469 30.81999969482422 AB 4.226129498030684 1.0339154735243263
62053.3657 lsst_hardware_i 48.94650233382769 48.279998779296875 31.31999969482422 AB 3.104231268804133 1.0347437562680444
62053.3837 lsst_hardware_z 79.10420636562229 64.48999786376953 30.989999771118164 AB 3.314163892872126 1.0360809356381906
62056.3554 lsst_hardware_r -25.58681268275361 28.110000610351562 31.559999465942383 AB 5.659499250105848 1.035337383396438
62056.3729 lsst_hardware_y 154.42299681561357 49.619998931884766 30.049999237060547 AB 5.657924678060394 1.0351755829835447
62058.3513 lsst_hardware_r -61.34015282980804 22.510000228881836 31.489999771118164 AB 6.084735217887116 1.0349362543180263
62058.3704 lsst_hardware_y 109.66703656493048 48.970001220703125 30.049999237060547 AB 6.080196955875482 1.0362205798799322
62060.2985 lsst_hardware_z 25.930843089396795 41.790000915527344 30.940000534057617 AB 5.8975613231055 1.0896187202042493
62060.3155 lsst_hardware_y 90.36413764174121 47.2599983215332 30.030000686645508 AB 5.729935084842826 1.0599050609361769
62061.3052 lsst_hardware_u -3.1984992176245424 4.659999847412109 29.649999618530273 AB 6.607342863277089 1.0716347834693516
62066.3347 lsst_hardware_g -1.5472992700851944 13.4399995803833 31.420000076293945 AB 3.4082452910170273 1.0340027176063873
62066.3536 lsst_hardware_r 22.09608480988515 22.399999618530273 31.5 AB 3.4263039821509023 1.0387198490718121
62068.3035 lsst_hardware_i -10.760904400880268 30.09000015258789 31.25 AB 3.9708764124010365 1.048047264963103
62068.3208 lsst_hardware_z 47.05851163323107 40.70000076293945 30.950000762939453 AB 3.9316380158136592 1.035981998413823
62069.3234 lsst_hardware_r -47.62020780216286 22.1299991607666 31.5 AB 1.4368342940494028 1.0344379366803274
62069.3397 lsst_hardware_g 0.9265762223593869 13.399999618530273 31.420000076293945 AB 2.483702476983748 1.0359551520265446
62078.3174 lsst_hardware_r 174.64136759682182 91.01000213623047 31.65999984741211 AB 5.910402726538136 1.0369127590417782
62078.3365 lsst_hardware_z -43.93228698304097 64.29000091552734 30.989999771118164 AB 6.104008431828866 1.052415246867046
62080.2987 lsst_hardware_y 6.687689449940717 53.02000045776367 30.059999465942383 AB 3.4118626648011294 1.0338977772124636
62080.3174 lsst_hardware_r 161.49355411930367 78.3499984741211 31.65999984741211 AB 3.4319248905052095 1.0399772395470332
62082.2968 lsst_hardware_i -10.480634312007712 50.220001220703125 31.31999969482422 AB 6.235780524178393 1.034097541391036
62082.3155 lsst_hardware_z 75.68162784843322 51.4900016784668 30.979999542236328 AB 6.268030943936973 1.0425577485548898
62084.3024 lsst_hardware_r 73.0300928982421 36.63999938964844 31.600000381469727 AB 10.768577643698316 1.0375851658427067
62084.3204 lsst_hardware_g -32.933875930753736 34.0 31.670000076293945 AB 10.914496455977938 1.0527437664512898
62087.2746 lsst_hardware_u -2.2883082722427734 2.6500000953674316 28.420000076293945 AB 4.604666420982331 1.034369094941744
62087.2923 lsst_hardware_r 2.7192790708929 22.610000610351562 31.5 AB 4.213549380167413 1.0366710247673983
62089.2763 lsst_hardware_i 72.21337938974378 30.010000228881836 31.25 AB 4.727630508739224 1.033964534972492
62089.2941 lsst_hardware_z 48.21503111978776 40.79999923706055 30.940000534057617 AB 5.443613157546686 1.0408438159744273
62092.2711 lsst_hardware_z 17.871573895117425 40.720001220703125 30.940000534057617 AB 4.137324363612617 1.0343310909031542
62092.2912 lsst_hardware_r 10.235031119662722 22.190000534057617 31.479999542236328 AB 4.1803723001839295 1.0450930750459824
62094.2695 lsst_hardware_u 0.04389092893335139 2.6600000858306885 28.440000534057617 AB 4.567280234933908 1.0352731926559673
62094.2883 lsst_hardware_g -16.585565181798938 13.550000190734863 31.40999984741211 AB 4.5231126848821255 1.0475219959198208
