data/validation/pwv_sim_epoch_fit_seasonal/15228439.ecsv
# %ECSV 0.9
# ---
# datatype:
# - {name: time, datatype: float64}
# - {name: band, datatype: string}
# - {name: flux, datatype: float64}
# - {name: fluxerr, datatype: float64}
# - {name: zp, datatype: float64}
# - {name: zpsys, datatype: string}
# - {name: pwv, datatype: float64}
# - {name: airmass, datatype: float64}
# meta: {SNID: '15228439', alt: 1024.0, c: -0.03083520196378231, dec: -20.105511, lat: -30.244573, lon: -70.7499537, ra: 136.933594, t0: 61075.3125,
#   x0: 8.827605417744226e-06, x1: -1.3821837902069092, z: 0.4848754405975342}
# schema: astropy-2.0
time band flux fluxerr zp zpsys pwv airmass
[from data line 134]
61422.2253 lsst_hardware_u 4.079916369211431 2.7300000190734863 28.489999771118164 AB 3.289714805222058 1.0296446964701278
61422.2441 lsst_hardware_r 43.52250610605785 22.360000610351562 31.510000228881836 AB 3.326414346335799 1.0172520936806644
61426.2009 lsst_hardware_z -10.442330186332644 61.900001525878906 30.979999542236328 AB 12.031357036140685 1.0462049596644074
61426.221 lsst_hardware_r -16.473839175743688 84.77999877929688 31.65999984741211 AB 12.093730217776834 1.0238945280258087
61428.2103 lsst_hardware_y -105.27065474800555 82.77999877929688 30.81999969482422 AB 9.32211727425372 1.0283164709384993
61430.2006 lsst_hardware_r 67.38212950859293 79.4000015258789 31.65999984741211 AB 8.02769980084406 1.0326011899339536
61430.2207 lsst_hardware_i 92.19635023256727 65.44000244140625 31.329999923706055 AB 8.76818339561885 1.017820391071683
61432.1872 lsst_hardware_z 44.11790910196677 48.720001220703125 30.969999313354492 AB 11.297244232102079 1.0423735220614576
61432.2059 lsst_hardware_r 62.549278085402825 50.58000183105469 31.639999389648438 AB 11.316964752205019 1.0229562281664122
61434.1811 lsst_hardware_u 2.028554910738483 4.070000171661377 28.739999771118164 AB 10.020352700077181 1.04326148641245
61434.1985 lsst_hardware_r 42.81420282109328 31.209999084472656 31.579999923706055 AB 9.859806025036185 1.0243954311725907
61436.1846 lsst_hardware_i 45.263601253808424 30.3799991607666 31.260000228881836 AB 10.612435783045742 1.0321875001746577
61436.2023 lsst_hardware_z -28.79548028939256 41.0 30.959999084472656 AB 10.515822939101495 1.0186789633925695
61438.1876 lsst_hardware_r -26.94012222442234 22.690000534057617 31.510000228881836 AB 9.067792718121886 1.0243778488614874
61438.2074 lsst_hardware_u 0.32282900363859174 2.8399999141693115 28.56999969482422 AB 8.892506673405315 1.0156867381247414
61440.1726 lsst_hardware_g -6.1332901294425985 14.09000015258789 31.459999084472656 AB 9.230010463275764 1.0333643599726428
61440.1902 lsst_hardware_r -11.917903483057497 22.729999542236328 31.520000457763672 AB 9.190264931473852 1.0192436223111268
61442.168 lsst_hardware_i 18.15999175664131 30.469999313354492 31.260000228881836 AB 5.641748418506602 1.0324206027004075
61442.1855 lsst_hardware_z 47.27164488683169 40.900001525878906 30.959999084472656 AB 5.574507628198151 1.0188727673197442
61443.1702 lsst_hardware_r 15.78174043898075 22.610000610351562 31.510000228881836 AB 5.08368440208872 1.0275259023928691
61443.1878 lsst_hardware_g 0.7805273890036515 13.880000114440918 31.440000534057617 AB 5.143035560129129 1.016912616931118
61445.1684 lsst_hardware_r -32.04044834206761 22.690000534057617 31.510000228881836 AB 5.7495230121597345 1.0244443212258147
61445.1874 lsst_hardware_i -15.002550718331555 30.260000228881836 31.260000228881836 AB 5.743636205665555 1.0157937049458625
61447.1551 lsst_hardware_z 29.148298962057023 41.029998779296875 30.950000762939453 AB 2.195625721189549 1.0316174101125963
61447.1717 lsst_hardware_i -19.68171206279642 30.34000015258789 31.260000228881836 AB 2.751144703256163 1.0189424826874678
61450.1578 lsst_hardware_z 61.58853805987678 40.849998474121094 30.950000762939453 AB 1.7265451153100304 1.0222291979337066
61450.1745 lsst_hardware_g 25.915295019783464 13.979999542236328 31.440000534057617 AB 1.5411542472265403 1.015699196326806
61452.1545 lsst_hardware_r 84.28881822200171 39.22999954223633 31.610000610351562 AB 3.5883022993689018 1.0208541392230162
61452.1714 lsst_hardware_i -29.09837473845935 37.84000015258789 31.290000915527344 AB 4.208344663336324 1.0155271870985338
61454.1588 lsst_hardware_z -46.13256231338456 76.83999633789062 31.729999542236328 AB 5.6726967958429535 1.0166123290040947
61456.1313 lsst_hardware_r -157.84472639436987 111.19000244140625 31.670000076293945 AB 4.010885282331088 1.030810918101025
61456.1486 lsst_hardware_z -75.4984356550579 73.54000091552734 31.0 AB 3.968456813377909 1.0182710407025233
61460.128 lsst_hardware_z -16.96675357491748 52.619998931884766 30.979999542236328 AB 9.47076378496931 1.024013960747781
61460.1459 lsst_hardware_i 9.200930329230466 53.560001373291016 31.329999923706055 AB 9.518703504416994 1.015870171229135
61462.1173 lsst_hardware_z 4.752384614940391 44.0 30.959999084472656 AB 5.8843694529514945 1.0284662156692292
61462.1341 lsst_hardware_g -61.25004971522899 35.43000030517578 31.690000534057617 AB 5.434579607995692 1.017520990075958
61464.118 lsst_hardware_r 15.21952645192094 22.510000228881836 31.5 AB 5.2842116174254 1.0233283209732076
61464.1355 lsst_hardware_i 35.81484772059677 30.100000381469727 31.25 AB 6.118121807324855 1.0157930943590994
61468.1086 lsst_hardware_g -12.660899324614206 13.8100004196167 31.43000030517578 AB 4.6037517692043775 1.0222608569344682
61468.1264 lsst_hardware_r -25.908070606393228 22.479999542236328 31.5 AB 5.57901236727835 1.015596911519117
61470.0925 lsst_hardware_r 25.532292833736136 22.270000457763672 31.489999771118164 AB 7.32571027129734 1.0314027977235152
61470.1115 lsst_hardware_i 15.355753497427314 30.0 31.25 AB 7.369595594356299 1.0178062233251786
61472.0916 lsst_hardware_z 46.18818101825166 40.75 30.950000762939453 AB 10.586475595723558 1.0269988774974752
61472.1103 lsst_hardware_i -43.39593335979341 30.040000915527344 31.25 AB 10.49670034866924 1.0164408881646738
61474.0892 lsst_hardware_u -3.7970371963222593 2.700000047683716 28.459999084472656 AB 11.422303730530162 1.0244524856225994
61474.1083 lsst_hardware_g 2.2925575031041663 13.739999771118164 31.43000030517578 AB 11.366719151763535 1.0157774669811426
61476.0919 lsst_hardware_r -2.5829692702099836 22.170000076293945 31.489999771118164 AB 8.133531063239932 1.019239481609001
61476.1106 lsst_hardware_i 10.515833415555512 29.8799991607666 31.25 AB 8.029396895510262 1.0157364826704816
61477.089 lsst_hardware_z -3.623556574804992 40.70000076293945 30.950000762939453 AB 13.304478714880736 1.0193245390550085
61477.1078 lsst_hardware_u -8.547457615975155 2.7200000286102295 28.489999771118164 AB 13.339807283370416 1.0157278117275172
61487.1046 lsst_hardware_z 7.428167825638737 67.3499984741211 31.0 AB 6.27335903489317 1.0284195139169132
61487.13 lsst_hardware_r 162.41783529567394 100.22000122070312 31.65999984741211 AB 7.876360124148596 1.0641812453812731
61489.0483 lsst_hardware_r 40.44098752204315 55.91999816894531 31.649999618530273 AB 10.636403078466993 1.0244055743491276
61489.0685 lsst_hardware_i -81.16893333014657 51.15999984741211 31.329999923706055 AB 10.513256085099316 1.0156426951535373
61492.0334 lsst_hardware_z -92.20151900233542 40.90999984741211 30.959999084472656 AB 7.197345569968988 1.0304002247629187
61492.0512 lsst_hardware_u -0.8013635149671412 2.8299999237060547 28.579999923706055 AB 7.2274710814544285 1.0178939378845506
61494.0336 lsst_hardware_g -11.942110552836573 13.539999961853027 31.43000030517578 AB 6.137070221481618 1.0252372571803219
61494.0528 lsst_hardware_r -7.034113699727095 22.190000534057617 31.510000228881836 AB 5.133888246600424 1.0159074397151018
61497.0355 lsst_hardware_i 42.27760968919309 30.010000228881836 31.260000228881836 AB 7.89148085845353 1.018781417306189
61497.0526 lsst_hardware_z -22.934038542786382 40.56999969482422 30.959999084472656 AB 8.841320306356007 1.0156600007301708
61499.032 lsst_hardware_i 16.053336230736225 29.860000610351562 31.25 AB 5.191432315117614 1.0179279049250223
61499.0502 lsst_hardware_u -3.4682541602631654 2.700000047683716 28.479999542236328 AB 4.944473716328585 1.0161269454025474
61503.0143 lsst_hardware_i -41.215921043023116 29.850000381469727 31.25 AB 7.786264480203357 1.0214285188569412
61503.0331 lsst_hardware_r -24.660010896624676 22.059999465942383 31.489999771118164 AB 7.69540480923259 1.0155040161740922
61505.0097 lsst_hardware_u 1.9615787633163415 2.740000009536743 28.510000228881836 AB 5.815200640788287 1.020897207031914
61505.0268 lsst_hardware_g 10.368633645079672 13.609999656677246 31.43000030517578 AB 5.77279087372618 1.0155169755143907
61511.0055 lsst_hardware_r -80.15927249390383 58.619998931884766 31.649999618530273 AB 15.886573916176568 1.016063355065257
61511.024 lsst_hardware_i 63.42927707922351 52.560001373291016 31.329999923706055 AB 15.973153503140258 1.0181819449028344
61512.9837 lsst_hardware_y 88.39241096121714 53.970001220703125 30.06999969482422 AB 11.507084674658378 1.023693674768888
61513.0017 lsst_hardware_z -30.45619768034275 60.25 30.989999771118164 AB 10.868940464107444 1.0157888284212566
61517.9822 lsst_hardware_y -94.63808629631698 49.119998931884766 30.059999465942383 AB 6.617320625537544 1.0171625698935611
61518.0007 lsst_hardware_r 124.78885556309118 51.20000076293945 31.639999389648438 AB 6.208678910168625 1.016705061708836
61519.9796 lsst_hardware_y 104.3310164595214 46.970001220703125 30.049999237060547 AB 13.93133408687447 1.0163478514563073
61519.9981 lsst_hardware_r 9.568328558462973 22.139999389648438 31.5 AB 13.874398452737355 1.0176509362968629
61521.9768 lsst_hardware_z 13.108450186174352 41.29999923706055 30.950000762939453 AB 6.2664320359016745 1.0158349804905185
61521.9931 lsst_hardware_g -23.9379420141973 13.569999694824219 31.420000076293945 AB 6.156593382269385 1.0178290361263707
61525.9609 lsst_hardware_y 58.07558413899654 70.58999633789062 30.079999923706055 AB 11.525505870645086 1.0169863117131461
61525.9795 lsst_hardware_r 3.467836377402752 22.3799991607666 31.5 AB 11.51531178673454 1.016894364776926
61527.9599 lsst_hardware_y -91.8662152045548 64.75 30.079999923706055 AB 13.399512026392665 1.015916249039402
61527.9782 lsst_hardware_g -5.418219882955745 13.949999809265137 31.440000534057617 AB 13.428951714084537 1.0184507202834798
