data/validation/pwv_sim_epoch_fit_seasonal/15305427.ecsv
# %ECSV 0.9
# ---
# datatype:
# - {name: time, datatype: float64}
# - {name: band, datatype: string}
# - {name: flux, datatype: float64}
# - {name: fluxerr, datatype: float64}
# - {name: zp, datatype: float64}
# - {name: zpsys, datatype: string}
# - {name: pwv, datatype: float64}
# - {name: airmass, datatype: float64}
# meta: {SNID: '15305427', alt: 1024.0, c: -0.0686509758234024, dec: -10.199918, lat: -30.244573, lon: -70.7499537, ra: 58.535156, t0: 61783.078125,
#   x0: 2.865003466171468e-06, x1: 0.19208867847919464, z: 0.769745409488678}
# schema: astropy-2.0
time band flux fluxerr zp zpsys pwv airmass
61648.3817 lsst_hardware_r 10.70006999161256 22.8799991607666 31.479999542236328 AB 5.201546338095785 1.0898997041583625
61648.3984 lsst_hardware_y 24.76439236424393 47.5099983215332 30.030000686645508 AB 5.133511736691438 1.0719940979778517
61650.4105 lsst_hardware_z 37.6355771779 44.68000030517578 30.959999084472656 AB 2.2036877973724995 1.0650980170964233
61654.3923 lsst_hardware_g 36.23969835519724 13.859999656677246 31.40999984741211 AB 0.7924172764497027 1.0665104662849296
61654.4107 lsst_hardware_y 15.105727543297885 56.45000076293945 30.049999237060547 AB 0.7766764698356488 1.0668632827412758
61656.3774 lsst_hardware_i -13.810545281544401 30.450000762939453 31.25 AB 2.441164255713695 1.0713909395276258
61656.396 lsst_hardware_z 46.66207747818256 41.4900016784668 30.950000762939453 AB 2.425149868524617 1.0650636225404555
61673.3439 lsst_hardware_i -39.581201029591064 31.079999923706055 31.239999771118164 AB 6.3530099511246405 1.0655836885482457
61673.3623 lsst_hardware_z -71.8048978095534 41.7599983215332 30.940000534057617 AB 6.332348810909233 1.0683902161143743
61677.3412 lsst_hardware_r -19.030867832181187 22.450000762939453 31.489999771118164 AB 7.391463158340963 1.0652314017737319
61677.3598 lsst_hardware_u 4.715813790921395 2.630000114440918 28.389999389648438 AB 7.454250902264546 1.0740479663221894
61679.3208 lsst_hardware_g -10.463847762979283 13.579999923706055 31.399999618530273 AB 4.784094363076691 1.0677987567316474
61679.3399 lsst_hardware_i 14.073962165534805 30.360000610351562 31.239999771118164 AB 4.465907268122381 1.0660398085868308
61681.3263 lsst_hardware_z -11.908665540579388 41.36000061035156 30.940000534057617 AB 3.4707341248643333 1.0650779843079299
61681.3441 lsst_hardware_r -25.71827884517433 22.579999923706055 31.489999771118164 AB 3.1044321142641578 1.070493832504882
61683.323 lsst_hardware_u 1.6721987244098848 2.6500000953674316 28.420000076293945 AB 7.355213263786637 1.0650853656426205
61683.3417 lsst_hardware_g -0.4883015734501227 13.569999694824219 31.399999618530273 AB 8.152251459961287 1.07266466578438
61687.32 lsst_hardware_z 14.335599862421246 41.33000183105469 30.950000762939453 AB 2.881360682778272 1.0666438855299625
61687.3393 lsst_hardware_r 54.32238002799777 22.559999465942383 31.489999771118164 AB 3.100649086759309 1.0806793215542174
61691.2958 lsst_hardware_z -33.31585568275959 55.09000015258789 30.969999313354492 AB 5.566239247143045 1.0653939064632991
61691.3131 lsst_hardware_i 45.625994024438775 56.54999923706055 31.309999465942383 AB 5.687678092185375 1.0683593504926743
61693.2392 lsst_hardware_z 28.57813162702622 71.66999816894531 30.979999542236328 AB 7.209824146159019 1.1264176876616214
61693.2587 lsst_hardware_r 25.45993830458535 103.47000122070312 31.639999389648438 AB 6.890549540366228 1.0901043411431381
61695.3038 lsst_hardware_y -12.080852105267905 80.70999908447266 30.809999465942383 AB 5.784164130062383 1.0692274564167321
61697.2946 lsst_hardware_r -71.95501046351292 74.41000366210938 31.639999389648438 AB 4.056027004829623 1.067375527586743
61697.3121 lsst_hardware_i -139.1728650930446 63.349998474121094 31.31999969482422 AB 4.107004674387365 1.0807907037861488
61701.2786 lsst_hardware_z 10.194806849988902 42.18000030517578 30.950000762939453 AB 3.935639751263004 1.065726661743189
61701.2959 lsst_hardware_r 0.0433571309543423 27.1200008392334 31.540000915527344 AB 3.4024805214409053 1.0754580865874057
61704.2778 lsst_hardware_u -1.6761005444984978 2.8399999141693115 28.530000686645508 AB 1.4958365304269738 1.0684546645906956
61704.2946 lsst_hardware_r -65.08074056022207 23.149999618530273 31.5 AB 1.4619303963563635 1.082644085181212
61706.2549 lsst_hardware_g 0.20429261457302186 13.920000076293945 31.420000076293945 AB 2.376068959158856 1.0653823379257283
61706.2719 lsst_hardware_i 20.195780930360122 30.579999923706055 31.25 AB 2.3672035579841584 1.068232652519927
61710.1691 lsst_hardware_u -0.10732860877088103 2.619999885559082 28.31999969482422 AB 5.2829914111218015 1.1966005461203972
61710.201 lsst_hardware_g -9.155611636873923 14.020000457763672 31.389999389648438 AB 4.905761445277575 1.1089808104764316
61723.2247 lsst_hardware_r -31.579222142951284 114.62999725341797 31.65999984741211 AB 7.775021037638454 1.0678507124898302
61723.2434 lsst_hardware_z 74.777152210461 77.88999938964844 30.989999771118164 AB 7.766689078457445 1.083446896625158
61725.2152 lsst_hardware_z -148.5896168631991 92.08000183105469 31.739999771118164 AB 8.092066725667081 1.066288934729972
61730.2174 lsst_hardware_r -4.176391018522544 23.040000915527344 31.489999771118164 AB 3.540185308498468 1.0760714228318924
61730.2379 lsst_hardware_u -2.3217577872933526 3.2200000286102295 28.510000228881836 AB 3.6246704400538725 1.1039045043562883
61733.2154 lsst_hardware_g 14.988295983500537 14.180000305175781 31.43000030517578 AB 8.23956043786491 1.082609495832464
61733.2344 lsst_hardware_r 10.582398333698329 23.209999084472656 31.489999771118164 AB 8.388035210090978 1.112865099516865
61735.1914 lsst_hardware_r 22.53176343491273 22.969999313354492 31.5 AB 5.029124619393455 1.0676035846432947
61735.2102 lsst_hardware_i -2.154147471843903 30.90999984741211 31.25 AB 5.720156085278593 1.0829185154977932
61737.1958 lsst_hardware_z -53.43134013007418 41.650001525878906 30.940000534057617 AB 3.47336982563364 1.0738782858218556
61737.2153 lsst_hardware_r 2.03374641925002 23.139999389648438 31.479999542236328 AB 4.2230302562941215 1.0978890566211985
61741.1776 lsst_hardware_r -24.15424969959063 22.8799991607666 31.489999771118164 AB 6.774543742269946 1.0688772076790352
61741.1981 lsst_hardware_z 68.16951519328683 41.720001220703125 30.940000534057617 AB 6.908702818394503 1.0884132049459634
61745.1078 lsst_hardware_g -5.35230112064089 37.4900016784668 32.36000061035156 AB 5.80089641461695 1.1045469356003206
61745.1292 lsst_hardware_r -10.18171543273126 30.6299991607666 31.56999969482422 AB 5.757514499804948 1.0755678124053085
61747.1616 lsst_hardware_r 42.352892011920915 44.720001220703125 31.610000610351562 AB 3.955619295787126 1.0690862961586827
61747.1812 lsst_hardware_i 72.31896770001292 42.5 31.290000915527344 AB 4.852527740569554 1.0877058538682105
61753.1576 lsst_hardware_r -108.21155167294485 101.50785684480361 31.649999618530273 AB 7.723737590270418 1.0790357069391008
61753.1752 lsst_hardware_z 85.78333054654881 70.70494164667025 30.989999771118164 AB 8.390967734410095 1.1040747018960653
61755.1502 lsst_hardware_r 15.575426718272222 61.39560045482484 31.6299991607666 AB 10.977409976674473 1.0770718701202926
61755.1671 lsst_hardware_y -4.064301060592905 51.27133819984662 30.030000686645508 AB 11.314593978845902 1.099462619262685
61757.1102 lsst_hardware_g 13.506504902733784 14.672328848843186 31.420000076293945 AB 4.278763135869099 1.0668015298240014
61757.1304 lsst_hardware_r 15.629479626116288 23.468598872455114 31.489999771118164 AB 3.1847039633631713 1.0672004345253123
61759.1205 lsst_hardware_i 236.40938410911124 33.12712986983451 31.25 AB 3.589423616071741 1.065769723935526
61759.1422 lsst_hardware_z 53.509085412173775 42.731401363373266 30.940000534057617 AB 3.25160419176153 1.0800877567718088
61765.0892 lsst_hardware_r 286.3030204357065 28.937413813031593 31.489999771118164 AB 7.971212932575888 1.0665018975460367
61765.1157 lsst_hardware_z 238.76227678865948 44.54872621601569 30.950000762939453 AB 8.063618858944709 1.0711027928640304
61767.0829 lsst_hardware_r 420.8863211280366 30.784720787048535 31.5 AB 6.68952496491943 1.0667964541123187
61767.1093 lsst_hardware_u 6.252682394275785 3.432338296144034 28.489999771118164 AB 5.738103753990894 1.0704751733084188
61773.0529 lsst_hardware_y 504.80043538548097 71.55688038101438 30.790000915527344 AB 7.096878928139317 1.0754204714947797
61773.0786 lsst_hardware_r 1473.2864269164352 51.91396702168399 32.27000045776367 AB 7.320899416612691 1.0651550492786122
61775.0506 lsst_hardware_y 183.95860984795513 51.56387849725428 30.040000915527344 AB 11.31929821842019 1.072766736333241
61775.0715 lsst_hardware_g 230.8345323170265 33.76449559196051 31.639999389648438 AB 11.2793993006614 1.0650487985138954
61777.0506 lsst_hardware_y 140.7853308035531 53.848936618608285 30.040000915527344 AB 10.346085336851054 1.0691141943063425
61777.0725 lsst_hardware_z 633.9021819375613 57.22383339835951 30.969999313354492 AB 10.547614806006399 1.0660617349915518
61779.0604 lsst_hardware_y 938.4990424021771 112.06044492709067 31.549999237060547 AB 9.031380613089587 1.065042231147183
61784.0383 lsst_hardware_y 312.1484052181776 67.74654544470825 30.059999465942383 AB 6.716977930418196 1.0661869730822533
61784.0586 lsst_hardware_z 585.3996032068248 54.62981058981223 30.959999084472656 AB 6.955403918000111 1.0680492791278147
61785.0387 lsst_hardware_y 241.87958749030628 68.59275517490022 30.059999465942383 AB 6.243319010254577 1.0654431030896037
61785.0579 lsst_hardware_u -3.9232625940007253 2.925492026659015 28.489999771118164 AB 6.362800325742602 1.0691086828098129
61789.0378 lsst_hardware_y 261.63882528358846 63.00137002943946 30.049999237060547 AB 4.969635510046369 1.0655878874395859
61789.0575 lsst_hardware_r 557.0925757740941 33.09040241522259 31.479999542236328 AB 3.8822179746448526 1.0771969962943542
62014.3961 lsst_hardware_i 11.880352044468443 30.809999465942383 31.25 AB 0.6564581482167516 1.072206040370358
62014.4136 lsst_hardware_y -8.0210177731049 53.11000061035156 30.049999237060547 AB 0.6546135223674477 1.065133866902966
62019.3438 lsst_hardware_z -49.145159484724246 61.75 30.969999313354492 AB 1.0091193667906744 1.1325694352308353
62019.3634 lsst_hardware_y -36.01234668567452 53.540000915527344 30.030000686645508 AB 0.9607884564307333 1.0937730269585577
62022.3971 lsst_hardware_y 32.62990910476309 53.150001525878906 30.040000915527344 AB 3.8206951439826273 1.0653238313031004
62028.3194 lsst_hardware_r -10.274554042703663 23.389999389648438 31.5 AB 2.0310802650268465 1.1321517642290113
62028.3361 lsst_hardware_z 17.100208734719665 42.13999938964844 30.950000762939453 AB 1.4335911742682714 1.0981165639741641
62029.3745 lsst_hardware_z 4.754345412125261 41.810001373291016 30.950000762939453 AB 4.4392404155699525 1.0650768751369035
62029.3936 lsst_hardware_y -41.80311985588873 48.59000015258789 30.040000915527344 AB 4.513513991022274 1.072178475973301
62034.3386 lsst_hardware_u 1.2850967336647705 2.7300000190734863 28.459999084472656 AB 2.189361536276976 1.0745332693393757
62034.3583 lsst_hardware_g 1.7553299585665336 13.800000190734863 31.420000076293945 AB 2.224651307921041 1.0651909542365454
62036.3456 lsst_hardware_r -32.75322317713482 22.610000610351562 31.489999771118164 AB 1.8682744972682674 1.0668741775586066
62036.3649 lsst_hardware_z 33.57675129155527 41.40999984741211 30.950000762939453 AB 1.8973923027002348 1.066849762552845
62038.3387 lsst_hardware_r -27.238774979619254 22.5 31.479999542236328 AB 6.319834556702493 1.06744946485992
62038.3583 lsst_hardware_u -1.9995156264788754 2.5899999141693115 28.360000610351562 AB 6.216892355738392 1.0664537877586509
62040.3363 lsst_hardware_g 20.996888435508744 13.5 31.389999389648438 AB 5.197965009417164 1.0663221436169408
62040.3566 lsst_hardware_r 21.117598283347952 22.280000686645508 31.469999313354492 AB 5.190237632063779 1.0679501300542755
62042.2915 lsst_hardware_i -62.83658970804656 37.59000015258789 31.270000457763672 AB 5.07256673770777 1.1095661839681596
62042.3097 lsst_hardware_z -15.563605270155731 43.349998474121094 30.950000762939453 AB 6.410533221290483 1.0816118592768171
62045.3284 lsst_hardware_r 30.3889046581506 61.77000045776367 31.639999389648438 AB 3.384515876580532 1.0651784866890395
62045.3482 lsst_hardware_z 1.889205030204414 50.59000015258789 30.969999313354492 AB 2.617422897147771 1.0709586322206743
62047.3257 lsst_hardware_z 84.36855304547719 65.08999633789062 30.989999771118164 AB 2.833112014491006 1.0650797046958669
62047.345 lsst_hardware_i 3.2062122870685106 72.51000213623047 31.329999923706055 AB 2.571347335893993 1.0725864860513505
62049.3253 lsst_hardware_z 28.416914442548272 68.93000030517578 30.989999771118164 AB 6.102217133182087 1.065656779424925
62049.3439 lsst_hardware_r 75.11273782209113 97.88999938964844 31.649999618530273 AB 6.635392266121501 1.0763004486815086
62053.2916 lsst_hardware_g -104.84714901731468 54.06999969482422 31.709999084472656 AB 3.4353409940454465 1.0708112610666536
62053.3092 lsst_hardware_r -138.899974436557 56.470001220703125 31.639999389648438 AB 2.9557657801831247 1.065076853107886
62058.2903 lsst_hardware_r 16.083340503710428 22.75 31.489999771118164 AB 6.710403200189925 1.065538008816481
62058.3085 lsst_hardware_u 1.5325847980046374 2.700000047683716 28.440000534057617 AB 6.032525411112388 1.0684600444760797
62061.2513 lsst_hardware_z -10.434675844358246 72.66000366210938 32.13999938964844 AB 5.592707312650075 1.0899838847495762
62061.2737 lsst_hardware_r -31.629981164790266 32.220001220703125 32.25 AB 5.51044252118146 1.0684846616280887
62066.2877 lsst_hardware_u -1.4760513540557518 2.740000009536743 28.459999084472656 AB 3.9112462180630656 1.0690116072601477
62066.3068 lsst_hardware_g -33.66375658508601 14.069999694824219 31.420000076293945 AB 3.4204836212193146 1.0868166244241726
62078.2448 lsst_hardware_r -28.98736163633931 113.70999908447266 31.65999984741211 AB 5.917435501435804 1.0654047414436667
62078.263 lsst_hardware_z -7.72734850887703 76.5 30.989999771118164 AB 5.409944692654413 1.0747344807855799
62080.2377 lsst_hardware_r 21.81095446873985 84.02999877929688 31.649999618530273 AB 2.6629820777430786 1.0651928310972314
62080.2562 lsst_hardware_y -21.151224344376445 54.4900016784668 30.049999237060547 AB 3.3084909967270266 1.0736044337675588
62084.2345 lsst_hardware_i -27.53118408263655 35.27000045776367 31.270000457763672 AB 9.610915143765618 1.0670890241042017
62084.2523 lsst_hardware_z -21.34602590545346 44.439998626708984 30.950000762939453 AB 10.268504933155361 1.0803266631411341
62087.2294 lsst_hardware_r -29.762221251207656 22.989999771118164 31.489999771118164 AB 7.153554669784188 1.068492109004343
62087.2476 lsst_hardware_u -0.6877907129772227 2.609999895095825 28.350000381469727 AB 7.2453540167799355 1.0844173842715927
62092.2191 lsst_hardware_r 11.359932036054674 22.989999771118164 31.489999771118164 AB 4.841031244401557 1.0704325581871879
62092.239 lsst_hardware_z 25.45021236784537 41.79999923706055 30.940000534057617 AB 4.965961852334382 1.0912403125494439
62094.2196 lsst_hardware_r 10.461327016121402 23.139999389648438 31.489999771118164 AB 5.280923381257009 1.074978890520694
62094.2395 lsst_hardware_u -1.1335751495589133 2.6600000858306885 28.3700008392334 AB 5.419523145826473 1.1007087832563645
62097.2202 lsst_hardware_g -21.538019178634208 14.210000038146973 31.43000030517578 AB 6.705453310072788 1.0842937571873528
62097.239 lsst_hardware_r -3.288466322813231 23.260000228881836 31.489999771118164 AB 6.8770678315790335 1.1152906178737247
62102.0829 lsst_hardware_z -188.02817192160455 76.6500015258789 31.700000762939453 AB 4.797482039547897 1.2508644288758253
62106.1799 lsst_hardware_r -32.1790710434556 116.5999984741211 31.649999618530273 AB 6.761425650133455 1.0698176182273866
62106.1987 lsst_hardware_y -7.900168201102484 62.279998779296875 30.049999237060547 AB 6.897833365743349 1.0883010385352951
62108.1758 lsst_hardware_z -32.8299438184657 70.68000030517578 30.989999771118164 AB 3.8813009939232814 1.0706791091487409
62108.1937 lsst_hardware_r 129.1448753666923 102.62999725341797 31.649999618530273 AB 4.075797165185951 1.088936123393775
62111.1849 lsst_hardware_i 4.880461134137436 45.959999084472656 31.299999237060547 AB 4.397726711347581 1.0880973306427004
62111.2043 lsst_hardware_z -31.91228326261236 49.599998474121094 30.959999084472656 AB 4.5578544360804445 1.1229008218971284
62113.1607 lsst_hardware_z -60.275317045578255 41.93000030517578 30.950000762939453 AB 5.868719606294319 1.0697629614098285
62113.179 lsst_hardware_r 18.31974694812672 29.110000610351562 31.549999237060547 AB 6.575309011139752 1.087502007217712
62115.1576 lsst_hardware_u -2.3584403988169784 2.7200000286102295 28.450000762939453 AB 10.263732476277884 1.0712962712697094
62115.1762 lsst_hardware_g -8.84195820633027 14.029999732971191 31.40999984741211 AB 11.021430948448232 1.0912307869750726
62117.1617 lsst_hardware_r 17.138000434240027 23.049999237060547 31.510000228881836 AB 11.177448087655797 1.0797727986787118
62117.1805 lsst_hardware_z 9.933614995803508 42.16999816894531 30.950000762939453 AB 12.278251340175299 1.1075623249049564
62119.1491 lsst_hardware_r -6.208472340532071 22.739999771118164 31.489999771118164 AB 8.446149315051352 1.0730964200357136
62119.1668 lsst_hardware_u 1.698740289683089 2.630000114440918 28.3799991607666 AB 8.716133518611585 1.0934986471252517
62121.1084 lsst_hardware_g -9.280250437512972 13.970000267028809 31.43000030517578 AB 10.258302971164039 1.0692693650724154
62121.1272 lsst_hardware_r 8.19753163575631 22.780000686645508 31.5 AB 10.011727804096852 1.0653607665971643
62123.1099 lsst_hardware_i 13.932610666070785 30.81999969482422 31.260000228881836 AB 3.2831191453088784 1.0662362582869795
62123.1283 lsst_hardware_z -15.335330588723687 41.7400016784668 30.959999084472656 AB 3.488378179753327 1.067190265317012
62125.1051 lsst_hardware_r 8.541689103106007 22.600000381469727 31.489999771118164 AB 3.304740033337832 1.066045172044462
62125.125 lsst_hardware_u -2.126418623528667 2.7100000381469727 28.450000762939453 AB 4.379440179598521 1.068156141365493
62127.0847 lsst_hardware_z -5.576654029296867 41.90999984741211 30.950000762939453 AB 4.612100103345082 1.0744971895654716
62127.1038 lsst_hardware_g 3.329167191561844 17.010000228881836 31.5 AB 4.559894442728085 1.0652299741616253
62130.0832 lsst_hardware_r 30.289236930783606 42.93000030517578 31.610000610351562 AB 10.23423539873316 1.0696316261216727
62130.1024 lsst_hardware_z -1.6037918213173146 46.79999923706055 30.959999084472656 AB 8.039206608313785 1.0653247120508578
62132.0756 lsst_hardware_r -20.2461393779252 65.63999938964844 31.639999389648438 AB 6.642303386846454 1.0709937740803699
62132.0933 lsst_hardware_y 33.73578285904203 51.75 30.049999237060547 AB 5.6614665460200095 1.0650529653265615
62136.08 lsst_hardware_i -39.621987419311836 76.44000244140625 31.329999923706055 AB 7.283020810382505 1.0651487003420421
62136.0991 lsst_hardware_z 49.133260971950584 67.80000305175781 30.989999771118164 AB 7.361317997557602 1.0705084637456692
62140.0499 lsst_hardware_y -7.963992716034526 49.68000030517578 30.040000915527344 AB 2.433198573252419 1.073904258304058
62140.0711 lsst_hardware_g -8.884344734638745 13.65999984741211 31.40999984741211 AB 2.444027586292126 1.0650517861606368
62142.0497 lsst_hardware_y -196.816474397462 70.62999725341797 30.790000915527344 AB 10.566641182096784 1.0700757340767741
62142.0705 lsst_hardware_z -24.69426647896672 58.849998474121094 31.700000762939453 AB 10.4933685918236 1.065460833123631
62144.0492 lsst_hardware_y -6.188597873289878 49.90999984741211 30.040000915527344 AB 8.494309408846053 1.06745955499165
62144.0697 lsst_hardware_u 4.036040309273351 2.700000047683716 28.440000534057617 AB 9.003519544892022 1.0667045251930598
62148.0405 lsst_hardware_y 167.87700367171072 58.880001068115234 30.049999237060547 AB 5.513859417035912 1.0665964859261858
62148.0592 lsst_hardware_z 36.30940536652549 41.650001525878906 30.950000762939453 AB 4.238091033505658 1.066857403022192
62150.0393 lsst_hardware_y -75.05622680372767 62.04999923706055 30.049999237060547 AB 6.712497126887251 1.0654757344265477
62150.0585 lsst_hardware_u -1.9322633625093646 2.880000114440918 28.479999542236328 AB 7.03502766156474 1.0690719035885936
62152.0386 lsst_hardware_y 65.53638410316428 61.220001220703125 30.059999465942383 AB 2.90447408963604 1.0650477945189452
62152.058 lsst_hardware_i -14.494285534977056 30.90999984741211 31.260000228881836 AB 3.6252480709129746 1.0723206598869999
62154.0379 lsst_hardware_y 5.866751987694621 65.6500015258789 30.059999465942383 AB 7.976776876545933 1.065488128838033
62154.0585 lsst_hardware_r 8.344418506074502 22.770000457763672 31.489999771118164 AB 4.202308294689367 1.077514947356248
