data/validation/pwv_sim_epoch_fit_seasonal/15319165.ecsv
# %ECSV 0.9
# ---
# datatype:
# - {name: time, datatype: float64}
# - {name: band, datatype: string}
# - {name: flux, datatype: float64}
# - {name: fluxerr, datatype: float64}
# - {name: zp, datatype: float64}
# - {name: zpsys, datatype: string}
# - {name: pwv, datatype: float64}
# - {name: airmass, datatype: float64}
# meta: {SNID: '15319165', alt: 1024.0, c: -0.09359470009803772, dec: -19.78805, lat: -30.244573, lon: -70.7499537, ra: 183.339844, t0: 61102.5625,
#   x0: 1.2035807927375073e-05, x1: -0.6627090573310852, z: 0.42547765374183655}
# schema: astropy-2.0
time band flux fluxerr zp zpsys pwv airmass
[from data line 133]
61468.2606 lsst_hardware_z 12.02701829014017 40.63999938964844 30.940000534057617 AB 5.963389602470895 1.0165590628546166
61468.2797 lsst_hardware_r -14.859393046563245 23.010000228881836 31.5 AB 5.8660612936984755 1.0247290232681414
61470.2659 lsst_hardware_u 0.21469924342321936 2.690000057220459 28.43000030517578 AB 7.93020439810631 1.0196450489909397
61470.285 lsst_hardware_r -11.119417881894702 23.299999237060547 31.5 AB 8.071222797894572 1.0348606032004324
61472.2643 lsst_hardware_i -10.076485213141808 30.709999084472656 31.260000228881836 AB 10.114856435491305 1.021702670251647
61472.283 lsst_hardware_z 29.713860150566067 41.13999938964844 30.950000762939453 AB 10.286109153389036 1.0390009245847511
61474.2438 lsst_hardware_z 15.70805234400062 41.11000061035156 30.950000762939453 AB 10.257666434654421 1.016516344728411
61474.2615 lsst_hardware_r 13.490416538518334 23.5 31.510000228881836 AB 9.668471664728264 1.0234165143008032
61477.242 lsst_hardware_r -25.235323896609763 23.399999618530273 31.520000457763672 AB 14.31829085211099 1.017791502140419
61477.2601 lsst_hardware_i 27.635503163571272 30.790000915527344 31.260000228881836 AB 15.588534298447122 1.0289008821469243
61479.054 lsst_hardware_z 107.58354028341884 72.94000244140625 31.610000610351562 AB 17.575949610108356 1.832259537149715
61481.2584 lsst_hardware_z -24.444584599365953 41.540000915527344 30.950000762939453 AB 8.207820662204249 1.038964640785348
61481.2773 lsst_hardware_r 1.7840346420630153 23.829999923706055 31.5 AB 8.450052275685886 1.0696268703399856
61485.1554 lsst_hardware_i 152.51739421227904 95.06999969482422 31.34000015258789 AB 5.5469120444192095 1.0699717815950895
61485.175 lsst_hardware_z -118.08217953165533 80.75 31.0 AB 5.503015407494182 1.0383047938668268
61487.2724 lsst_hardware_r -198.64749651413126 157.52000427246094 31.649999618530273 AB 6.705295477984878 1.0954873483433523
61487.2853 lsst_hardware_z -139.75024914977723 107.54000091552734 30.989999771118164 AB 6.965905640435304 1.1319620248249553
61494.2035 lsst_hardware_r 38.781505721041945 28.469999313354492 31.56999969482422 AB 6.933228252595924 1.0212694747643323
61494.2202 lsst_hardware_g 70.52000895661915 24.639999389648438 31.6299991607666 AB 6.769964670677467 1.0356906686400693
61497.1854 lsst_hardware_u 1.8458632149437757 2.7899999618530273 28.479999542236328 AB 8.341402189319126 1.0172441694291618
61497.2035 lsst_hardware_r -31.132912066179145 24.049999237060547 31.520000457763672 AB 8.42239115624998 1.0271208727134122
61499.1839 lsst_hardware_i -73.82833045209831 30.969999313354492 31.25 AB 4.754153059170923 1.0184560966519025
61499.2028 lsst_hardware_z -44.417088294738434 41.34000015258789 30.950000762939453 AB 4.800536329911464 1.0315969334718607
61503.1815 lsst_hardware_g -16.651340140450678 15.010000228881836 31.450000762939453 AB 8.666165059855508 1.0228580772918865
61503.1992 lsst_hardware_r -7.928095383794431 23.90999984741211 31.510000228881836 AB 8.901249116171439 1.0400680564173053
61505.1645 lsst_hardware_i -7.3228882566165785 31.0 31.270000457763672 AB 4.956166456572761 1.0174843885388547
61505.1807 lsst_hardware_z -54.575250282474784 41.349998474121094 30.959999084472656 AB 5.057004285277031 1.0263166591686574
61511.1679 lsst_hardware_r -41.431125115770755 51.40999984741211 31.639999389648438 AB 17.570630087458223 1.0294888922771506
61511.1838 lsst_hardware_z 4.003145453203032 49.68000030517578 30.979999542236328 AB 17.877796683614378 1.0491664720430973
61513.1043 lsst_hardware_r -53.82526029587103 101.08999633789062 31.670000076293945 AB 11.659068206957734 1.0317759475183834
61513.123 lsst_hardware_i -1.0267973198593259 81.0199966430664 31.350000381469727 AB 11.510145769287083 1.0185969707333702
61515.1509 lsst_hardware_z 61.958666188629564 101.37000274658203 31.010000228881836 AB 6.517640436679994 1.024370148919594
61515.1686 lsst_hardware_i -3.115947346095713 120.70999908447266 31.350000381469727 AB 3.5183031205006876 1.0429494687880303
61518.1583 lsst_hardware_z 28.13788658815421 87.75 31.739999771118164 AB 5.674740357313806 1.0401393680637503
61520.1258 lsst_hardware_g 14.905727658508859 52.849998474121094 31.719999313354492 AB 14.418028314042392 1.0181803937485432
61520.1417 lsst_hardware_r 13.544316626159523 52.15999984741211 31.6299991607666 AB 14.320445403301472 1.0279922043933436
61522.1234 lsst_hardware_i 48.80467053860053 34.86000061035156 31.270000457763672 AB 4.553403368813112 1.0193996460095398
61522.1421 lsst_hardware_z -19.522539921021433 43.68000030517578 30.950000762939453 AB 4.687105399219522 1.0338252879447527
61524.1259 lsst_hardware_r -6.66920824054866 23.520000457763672 31.520000457763672 AB 8.49380072927632 1.0240589238660904
61524.1449 lsst_hardware_g 4.6105103829264555 14.729999542236328 31.450000762939453 AB 8.561869648546484 1.0441622791605212
61528.1123 lsst_hardware_z -6.873033702087275 41.2400016784668 30.959999084472656 AB 13.46609676442077 1.0222498113125917
61528.1306 lsst_hardware_i -50.78237851649775 31.020000457763672 31.260000228881836 AB 11.820857734823475 1.039630415762492
61530.1052 lsst_hardware_u 1.5945226966281285 2.8399999141693115 28.549999237060547 AB 9.480222167466568 1.0212638563082286
61530.123 lsst_hardware_g 5.72839262234291 14.470000267028809 31.440000534057617 AB 9.63198806764202 1.036979928690522
61532.1039 lsst_hardware_r 10.780151856023991 23.3799991607666 31.520000457763672 AB 6.7754537318966745 1.0239464609183428
61532.1227 lsst_hardware_i -16.445807526465142 31.030000686645508 31.260000228881836 AB 6.964631592132744 1.043664120500917
61533.1067 lsst_hardware_z -5.665300553520097 41.15999984741211 30.950000762939453 AB 10.590857107379193 1.0284382508622043
61533.1244 lsst_hardware_u 1.9274958662912207 2.809999942779541 28.510000228881836 AB 10.902502927548754 1.050202568155865
61535.1036 lsst_hardware_g 11.274835876602054 14.579999923706055 31.450000762939453 AB 7.820045188279893 1.0306824196223787
61535.122 lsst_hardware_r -5.020576505769204 23.469999313354492 31.510000228881836 AB 7.79765813330891 1.0551634821798255
61537.0836 lsst_hardware_r 45.61813804345489 26.579999923706055 31.559999465942383 AB 12.348441372823245 1.0199422955994908
61538.968 lsst_hardware_z -78.31497921008688 51.369998931884766 30.950000762939453 AB 8.644650020647275 1.1888127463645117
61541.0503 lsst_hardware_z 22.5103982408089 92.41000366210938 31.739999771118164 AB 5.167051227306987 1.017386409511621
61543.0284 lsst_hardware_r 131.59542498654517 109.52999877929688 31.670000076293945 AB 7.504621704699601 1.0262145798688624
61543.0467 lsst_hardware_i -66.36944338565759 91.70999908447266 31.350000381469727 AB 8.541802466956396 1.0169619573327175
61551.0052 lsst_hardware_r 22.79093440959964 23.209999084472656 31.510000228881836 AB 5.847112669245524 1.0273562825738507
61551.0244 lsst_hardware_g 2.968838504487115 14.4399995803833 31.450000762939453 AB 5.792466866231993 1.0170549337876518
61553.0089 lsst_hardware_r 14.248412969719029 23.489999771118164 31.520000457763672 AB 7.162469207107143 1.0208764548328537
61553.0283 lsst_hardware_i 0.1598571176728659 30.809999465942383 31.260000228881836 AB 7.203380197145816 1.0165292216822461
61556.9797 lsst_hardware_u -1.650650332577789 2.8399999141693115 28.530000686645508 AB 7.146163669513043 1.0367276468175022
61556.9919 lsst_hardware_g 14.603789692703879 14.75 31.459999084472656 AB 7.061229780396851 1.0248519274886576
61559.9906 lsst_hardware_r 24.549054361894115 23.530000686645508 31.520000457763672 AB 11.02075327944868 1.0204401184674703
61560.0099 lsst_hardware_i 54.82081460092681 30.799999237060547 31.260000228881836 AB 11.438970401363779 1.016609108064176
61561.9867 lsst_hardware_z 11.319967416908709 41.2400016784668 30.959999084472656 AB 4.384562390658433 1.0196656722461472
61562.0053 lsst_hardware_u 1.0752467434960802 2.7899999618530273 28.5 AB 4.500630302546525 1.0167277928906473
61570.9657 lsst_hardware_y -22.484336648228044 54.93000030517578 30.06999969482422 AB 13.193190314336317 1.018202586514929
61570.9846 lsst_hardware_z -100.71302602516418 62.95000076293945 30.989999771118164 AB 13.181926420233046 1.0175688768417037
61574.9498 lsst_hardware_y 32.33612046560555 73.91999816894531 30.079999923706055 AB 4.856733462340974 1.0203578827707982
61574.9701 lsst_hardware_i -43.18464822184613 62.81999969482422 31.329999923706055 AB 6.255199238844247 1.0167749087849796
61576.9512 lsst_hardware_y 185.60567623382235 72.20999908447266 30.079999923706055 AB 4.498745162160067 1.0176046058683306
61576.9706 lsst_hardware_g -14.224321804266877 15.619999885559082 31.479999542236328 AB 5.252745560301413 1.0183357575950267
61578.951 lsst_hardware_y 37.89638950942856 73.8499984741211 30.079999923706055 AB 5.210900779712947 1.0165627740372298
61578.9701 lsst_hardware_i 12.157671055308588 31.239999771118164 31.260000228881836 AB 8.744711965563232 1.0205452383372173
