data/validation/pwv_sim_epoch_fit_seasonal/15341199.ecsv
# %ECSV 0.9
# ---
# datatype:
# - {name: time, datatype: float64}
# - {name: band, datatype: string}
# - {name: flux, datatype: float64}
# - {name: fluxerr, datatype: float64}
# - {name: zp, datatype: float64}
# - {name: zpsys, datatype: string}
# - {name: pwv, datatype: float64}
# - {name: airmass, datatype: float64}
# meta: {SNID: '15341199', alt: 1024.0, c: -0.07956624776124954, dec: -4.630479, lat: -30.244573, lon: -70.7499537, ra: 150.46875, t0: 61856.12109375,
#   x0: 3.2213797954576018e-06, x1: -0.708782434463501, z: 0.7339261770248413}
# schema: astropy-2.0
time band flux fluxerr zp zpsys pwv airmass
61765.3359 lsst_hardware_z 17.182027041901325 42.7400016784668 30.950000762939453 AB 9.874351351327405 1.1136381821216799
61765.3555 lsst_hardware_y 188.36606688651742 64.47000122070312 30.040000915527344 AB 9.772993107611141 1.1078920909861005
61767.3385 lsst_hardware_u 1.2093796448607155 2.9200000762939453 28.450000762939453 AB 6.238391447337298 1.1093103160460307
61767.3575 lsst_hardware_y 129.51038641920294 71.63999938964844 30.049999237060547 AB 6.218678500333444 1.109949756128095
61769.3297 lsst_hardware_r -13.152565370532063 24.040000915527344 31.489999771118164 AB 10.337902315445618 1.1107663388251194
61769.3512 lsst_hardware_z -32.48735382823864 48.61000061035156 30.959999084472656 AB 9.719445461272507 1.109599626452108
61775.3321 lsst_hardware_i -7.403975483939369 31.579999923706055 31.239999771118164 AB 11.184366306495953 1.1086710861656197
61775.3523 lsst_hardware_y 23.13307140180925 51.689998626708984 30.020000457763672 AB 12.552999832748593 1.1231099429854696
61779.2935 lsst_hardware_y -33.42138805437675 48.31999969482422 30.020000457763672 AB 8.421020654492866 1.1169696899957378
61779.3158 lsst_hardware_g -22.078620456309572 14.800000190734863 31.440000534057617 AB 8.393543993986077 1.1077539502648635
61781.2938 lsst_hardware_r -42.71715893674197 86.26000213623047 31.639999389648438 AB 8.232949260254529 1.1125607108452065
61781.3144 lsst_hardware_i 17.20933017483509 67.95999908447266 31.31999969482422 AB 8.201645034028008 1.1083304100037847
61784.265 lsst_hardware_z -119.65913978145892 83.08000183105469 30.989999771118164 AB 7.953720125037789 1.1351106215267288
61784.2826 lsst_hardware_r 60.407224136146034 114.44000244140625 31.649999618530273 AB 7.953632953583761 1.1146827459941737
61785.2693 lsst_hardware_z -74.82114994062532 76.22000122070312 30.979999542236328 AB 6.2599100398811505 1.125275937422461
61785.2881 lsst_hardware_r 204.08599320516828 103.05000305175781 31.639999389648438 AB 6.213732665072469 1.1097932961372512
61787.264 lsst_hardware_i -39.64498341816373 50.5099983215332 31.299999237060547 AB 2.4578247531559314 1.1250771328579674
61787.2828 lsst_hardware_z 92.87339832917549 52.099998474121094 30.959999084472656 AB 2.4742261444706926 1.1097257983049105
61789.3163 lsst_hardware_r -23.290003626824625 31.639999389648438 31.540000915527344 AB 7.430159272793261 1.125781707998979
61789.3352 lsst_hardware_z 4.859337869646404 44.779998779296875 30.93000030517578 AB 7.158667164188114 1.1579544114827216
61791.2363 lsst_hardware_u 5.1137729721965 2.740000009536743 28.389999389648438 AB 13.60799187659391 1.1523082203280386
61791.2551 lsst_hardware_g 14.124350627029125 15.319999694824219 31.43000030517578 AB 13.288797141343567 1.1226806934393325
61795.2432 lsst_hardware_z 34.53230060745229 42.45000076293945 30.940000534057617 AB 9.68017031537386 1.1238152914407957
61795.2643 lsst_hardware_r 2.650819622865305 23.540000915527344 31.489999771118164 AB 10.326886313786112 1.1085801830785278
61797.2118 lsst_hardware_u -1.4568253380928051 2.5799999237060547 28.280000686645508 AB 12.74376116730449 1.1705036701976583
61797.2299 lsst_hardware_r 18.199548760882923 23.610000610351562 31.479999542236328 AB 12.399351172083286 1.1344934089574727
61799.2174 lsst_hardware_i -3.862052857536997 31.65999984741211 31.239999771118164 AB 12.09654369499167 1.1465465371817862
61799.2353 lsst_hardware_z 15.853827982265624 42.38999938964844 30.940000534057617 AB 11.915447065548046 1.1204432455947697
61801.215 lsst_hardware_r -9.982782434782468 24.079999923706055 31.489999771118164 AB 11.989744168308631 1.1410110552254122
61801.2336 lsst_hardware_u 1.9957535444667813 2.7300000190734863 28.399999618530273 AB 11.742162910531853 1.1168121467121794
61803.1302 lsst_hardware_g 20.010216572284467 14.789999961853027 31.309999465942383 AB 10.672982443151604 1.4859014469431657
61803.1406 lsst_hardware_r -40.76994291948125 24.979999542236328 31.450000762939453 AB 10.073349109360938 1.4084988617409435
61810.2124 lsst_hardware_z 10.629584309614563 73.19999694824219 30.979999542236328 AB 5.930047857514039 1.1140773129938335
61810.2307 lsst_hardware_i -54.32783782566598 83.4000015258789 31.31999969482422 AB 5.901173589081255 1.1077162287100342
61812.2002 lsst_hardware_z -37.02741222843399 145.0500030517578 31.739999771118164 AB 3.0240756209417494 1.1200280077562035
61816.2 lsst_hardware_z -120.91365484279973 70.81999969482422 31.709999084472656 AB 4.334783696648935 1.1114829991407524
61818.1618 lsst_hardware_r 5.932240225841931 28.649999618530273 31.530000686645508 AB 3.531895551571123 1.1538999896230675
61818.1784 lsst_hardware_g 20.241062000212874 22.809999465942383 31.559999465942383 AB 4.781188940378943 1.1262664851114466
61822.16 lsst_hardware_z -6.610971417326533 43.0113326836896 30.940000534057617 AB 5.689199874316263 1.1370819202497529
61822.1776 lsst_hardware_i -11.801081268388518 31.96339832782843 31.25 AB 6.789918566189673 1.1156619398931438
61824.1581 lsst_hardware_u 2.0887079658763077 2.7067063530369024 28.329999923706055 AB 9.180441163536218 1.1316065654107692
61824.176 lsst_hardware_g 0.49151414668155907 15.075197515607151 31.43000030517578 AB 12.234861999302233 1.1127997210134215
61828.1574 lsst_hardware_z 23.95159727410961 42.88935464385762 30.940000534057617 AB 8.691979332222143 1.1191269620139883
61828.1754 lsst_hardware_u -2.968805313312631 2.9656627776739923 28.3700008392334 AB 7.370564688940739 1.108272263580293
61832.1471 lsst_hardware_i 108.42572964431383 33.58463009753388 31.239999771118164 AB 5.505625136978529 1.1185179820160556
61832.164 lsst_hardware_z 96.74922641537943 43.69230364890733 30.940000534057617 AB 5.488982385886274 1.1083815206999392
61834.1254 lsst_hardware_z 123.08164333653342 44.99603222110444 30.940000534057617 AB 11.72344179061994 1.1401353552754623
61834.144 lsst_hardware_i 196.58224210519512 34.35531204673905 31.229999542236328 AB 11.483186296561772 1.1163627460504824
61836.1317 lsst_hardware_z 350.9739795724752 71.33656603810203 31.700000762939453 AB 9.691091095595421 1.1232791765396195
61838.1213 lsst_hardware_r 618.6426384696751 87.70795160613828 31.6299991607666 AB 11.600753756270544 1.1295768019737542
61838.1389 lsst_hardware_i 392.3447572845728 74.07752061802813 31.31999969482422 AB 10.557367179936934 1.112082216987739
61840.1281 lsst_hardware_z 646.8944153101174 144.81843858422278 31.739999771118164 AB 8.584637144571078 1.1159507510924924
61843.1009 lsst_hardware_i 733.2739220705939 73.41432719198122 31.309999465942383 AB 14.71264720752538 1.1400071446855173
61843.1176 lsst_hardware_z 496.41846634815414 65.47733343900802 30.969999313354492 AB 14.46140644470265 1.118005909911299
61845.1103 lsst_hardware_i 918.9879507027051 52.850137848572 31.280000686645508 AB 8.34249218141822 1.1198101340844822
61845.1307 lsst_hardware_z 568.86036678769 53.23443168139393 30.959999084472656 AB 9.487756120097695 1.1079512791083335
61849.1074 lsst_hardware_i 982.0948004278125 44.77466837654982 31.239999771118164 AB 5.701348820097242 1.1130193404995117
61849.1283 lsst_hardware_r 900.7038792142414 38.290674511995356 31.489999771118164 AB 5.143474172923961 1.1082088172203526
61851.0798 lsst_hardware_z 664.1755614414152 49.53553218368202 30.940000534057617 AB 4.465606832629487 1.1387496704397444
61851.0995 lsst_hardware_u 1.5669470551609217 2.8860344713355075 28.399999618530273 AB 5.8073004897963365 1.1147876548111508
61853.0775 lsst_hardware_g 203.1595646724441 19.932357833337708 31.40999984741211 AB 4.653870453708364 1.1337077840946077
61853.0972 lsst_hardware_r 932.7709572726998 38.59375974781724 31.489999771118164 AB 6.114729859710551 1.11254447518765
61855.0956 lsst_hardware_z 668.5152588212345 49.368329860216804 30.940000534057617 AB 9.021231779048048 1.1103851696898912
61855.1123 lsst_hardware_r 902.5860681984619 38.259299415050855 31.479999542236328 AB 9.000619735115652 1.1082914690149968
61859.0698 lsst_hardware_g 157.74972789528573 18.836052774878095 31.399999618530273 AB 5.639285406344928 1.122245852008906
61859.0883 lsst_hardware_r 794.2748035904443 36.88676343481474 31.479999542236328 AB 6.5586085197060395 1.108934540896022
61861.0656 lsst_hardware_i 1047.4279992972033 44.9877181573638 31.229999542236328 AB 5.828497330207356 1.1208648711937224
61861.0851 lsst_hardware_r 735.6804096821721 35.97520323855721 31.479999542236328 AB 5.486870723731138 1.1083094647989566
61863.0636 lsst_hardware_z 689.3622348094323 50.208536220409755 30.940000534057617 AB 6.72557483142137 1.117437147484383
61863.0815 lsst_hardware_g 62.56639631702092 23.517318043167897 31.540000915527344 AB 6.819747291985801 1.1079561824435729
61865.0555 lsst_hardware_r 773.8234895529024 57.709568826206386 31.610000610351562 AB 8.743950839372323 1.1200022423276712
61865.0762 lsst_hardware_i 983.7306823878583 56.97856649191075 31.299999237060547 AB 8.664122401234449 1.107932234469085
61867.058 lsst_hardware_z 732.294096843994 76.66034626338866 30.979999542236328 AB 12.105173220079314 1.113187617945558
61867.0769 lsst_hardware_r 540.8938609616614 100.0258452074776 31.639999389648438 AB 12.050372447625175 1.1078425270555243
61873.01 lsst_hardware_r 437.8198742589041 47.008890910035326 31.59000015258789 AB 7.526447455326897 1.1573214949246895
61873.0189 lsst_hardware_y 230.48693119059988 52.228823478864136 30.010000228881836 AB 7.564885456641104 1.1401485239850948
61875.047 lsst_hardware_g 70.1567280162213 22.93470842606879 32.189998626708984 AB 12.080246542718868 1.1082794993320062
61875.0658 lsst_hardware_r 649.207633513992 42.328594038066264 32.25 AB 12.115397440255308 1.1115043523170007
61877.0894 lsst_hardware_i 507.25746666615447 38.59493919512399 31.25 AB 16.296477206426843 1.1467240141502213
61877.1055 lsst_hardware_z 363.5608512900482 47.62696915838642 30.950000762939453 AB 16.827536612907 1.1838567119357684
61879.0136 lsst_hardware_z 457.470550251929 46.62233371079023 30.940000534057617 AB 10.33690316084759 1.1240855272330739
61879.03 lsst_hardware_r 226.77030495674157 28.343305683579803 31.489999771118164 AB 10.215081354369065 1.110415394706399
61882.0023 lsst_hardware_r 205.8004776943469 27.548030378594866 31.489999771118164 AB 10.539625940682981 1.1280169038029628
61882.015 lsst_hardware_z 363.5946475440974 46.07106785770333 30.940000534057617 AB 10.262789443331105 1.1146724713078209
61884.0088 lsst_hardware_r 134.71345588229823 27.081842048547653 31.489999771118164 AB 9.836544522428948 1.1152544810010145
61884.0267 lsst_hardware_u 0.7546417858575045 2.7138880778867986 28.360000610351562 AB 9.803591576689048 1.1077087390330738
61886.0074 lsst_hardware_g 31.706938028694804 15.902323043844232 31.40999984741211 AB 12.903232918287221 1.112347665369588
61886.0254 lsst_hardware_r 162.86904487912918 26.36908941621251 31.489999771118164 AB 12.851513575815646 1.1078891013634178
61894.0345 lsst_hardware_y 223.6136824743994 75.93395448821443 30.780000686645508 AB 12.502277041233524 1.1324526305465468
61896.0476 lsst_hardware_r 184.5674648870573 90.81390621095797 31.6299991607666 AB 4.2278828743023436 1.1683537788234017
61896.0666 lsst_hardware_i 184.22410221673613 78.6775649016808 31.299999237060547 AB 4.418431969205511 1.224564266951502
61897.9678 lsst_hardware_y 230.69051083755926 82.76803944580004 30.780000686645508 AB 10.982674261816587 1.1176493282829658
61897.9875 lsst_hardware_z 271.02283717224566 92.47572438069221 31.719999313354492 AB 10.85616421700356 1.1077718588779142
61899.9671 lsst_hardware_y 131.8327479029205 57.67786200453132 30.030000686645508 AB 8.657677760126374 1.1137425561364236
61899.9852 lsst_hardware_z 81.03448310037206 60.98804606652716 30.969999313354492 AB 8.62041290569645 1.107713735124738
61908.9577 lsst_hardware_y 101.08091456537207 61.10773687365957 30.040000915527344 AB 9.89408785304992 1.107753818217942
61908.9781 lsst_hardware_r 53.134806589231374 25.368394995651787 31.489999771118164 AB 10.627463105291078 1.114993025376586
61910.9583 lsst_hardware_y 56.900878076366844 55.931811105907855 30.030000686645508 AB 5.916362845493746 1.1080714531452889
61910.9772 lsst_hardware_g 42.91996052734962 17.227271301109703 31.43000030517578 AB 8.043141846592237 1.119045822134572
62130.3189 lsst_hardware_z -58.83595841241984 43.040000915527344 30.93000030517578 AB 9.691955685671754 1.1330319950516157
62130.3391 lsst_hardware_y -5.358066904926495 48.939998626708984 30.020000457763672 AB 9.80904271470331 1.1119472555351482
62134.3285 lsst_hardware_r -7.522328376044923 23.549999237060547 31.489999771118164 AB 10.36414237565738 1.1117541075900932
62134.3488 lsst_hardware_z 44.81333094697431 45.709999084472656 30.950000762939453 AB 9.79340646753779 1.108520200822931
62136.3278 lsst_hardware_z -14.037698166674025 64.80999755859375 30.979999542236328 AB 7.840716038762301 1.1094363484995529
62136.3494 lsst_hardware_y 40.74475546733945 56.290000915527344 30.030000686645508 AB 7.88845591615814 1.1109132207169063
62138.3231 lsst_hardware_z 30.722133728716084 75.0999984741211 30.979999542236328 AB 5.714916437571191 1.1091540878352626
62138.3448 lsst_hardware_y 82.66957535536355 60.349998474121094 30.040000915527344 AB 4.95489398128389 1.111378089259938
62140.3319 lsst_hardware_i -4.424542909289525 117.27999877929688 32.08000183105469 AB 3.6310647179501294 1.1083836135378906
62140.3524 lsst_hardware_y 211.31317008214802 89.52999877929688 30.780000686645508 AB 3.1064583555539325 1.1223767882048372
62142.295 lsst_hardware_z 36.518777013399756 53.77000045776367 30.969999313354492 AB 7.977893026482406 1.121540725372407
62142.3162 lsst_hardware_r -115.37921834875264 57.43000030517578 31.6200008392334 AB 8.082454416032766 1.1080709812909058
62144.2959 lsst_hardware_y -13.73735054858963 48.68000030517578 30.020000457763672 AB 9.799364828684917 1.1154655468053405
62144.3171 lsst_hardware_g -40.83825630776567 25.329999923706055 31.59000015258789 AB 9.696100730642819 1.1077459991594674
62146.2983 lsst_hardware_r 10.38799512584834 24.420000076293945 31.510000228881836 AB 7.985305581543618 1.1103810862189554
62146.3198 lsst_hardware_i -5.3669674993899665 31.84000015258789 31.25 AB 7.9444384704590165 1.1098167828347858
62148.2593 lsst_hardware_z -20.52365997532834 43.040000915527344 30.940000534057617 AB 6.729780991567478 1.1513247494234597
62148.2778 lsst_hardware_r 1.3875151904944825 23.75 31.489999771118164 AB 6.596352263899661 1.1224490175521609
62154.2384 lsst_hardware_z -38.38388679768229 43.16999816894531 30.940000534057617 AB 7.762262216935415 1.160914634368924
62154.2589 lsst_hardware_r 26.259107101332905 23.709999084472656 31.489999771118164 AB 8.341757854921886 1.1254395379009559
62156.2398 lsst_hardware_u -3.019471498632862 2.609999895095825 28.309999465942383 AB 11.473308391457962 1.1467574604155957
62156.2614 lsst_hardware_g 4.228637107149733 14.630000114440918 31.420000076293945 AB 13.332566761193311 1.116942202836633
62158.2341 lsst_hardware_r 5.053341580639381 24.030000686645508 31.479999542236328 AB 10.898501892913957 1.1472107255698902
62158.2532 lsst_hardware_i -15.542551059436615 31.8700008392334 31.239999771118164 AB 10.955524115057063 1.1195480582202264
62163.2846 lsst_hardware_z -40.64532167166808 49.0099983215332 30.959999084472656 AB 12.86377479771044 1.117269439520894
62163.3023 lsst_hardware_i 26.022036378518553 32.11000061035156 31.25 AB 13.477052256382466 1.1403835045170474
62167.209 lsst_hardware_y -23.429789278918083 73.66999816894531 30.030000686645508 AB 12.223912838242228 1.148216498050181
62167.2275 lsst_hardware_r 58.26724694780949 151.25 31.639999389648438 AB 11.776446858213001 1.1207124912650364
62169.2068 lsst_hardware_i -74.05320437757793 79.16999816894531 31.31999969482422 AB 10.074695405688233 1.1421909648759407
62169.2237 lsst_hardware_z 6.09853063049183 70.48999786376953 30.989999771118164 AB 11.600121350044954 1.1190097526511142
62171.2096 lsst_hardware_r 38.616625093680696 50.720001220703125 31.610000610351562 AB 8.515127429009976 1.129214922787518
62171.2268 lsst_hardware_z -48.5293661410966 50.040000915527344 30.959999084472656 AB 8.392530501396546 1.1121458342085866
