data/validation/pwv_sim_epoch_fit_seasonal/154141.ecsv
# %ECSV 0.9
# ---
# datatype:
# - {name: time, datatype: float64}
# - {name: band, datatype: string}
# - {name: flux, datatype: float64}
# - {name: fluxerr, datatype: float64}
# - {name: zp, datatype: float64}
# - {name: zpsys, datatype: string}
# - {name: pwv, datatype: float64}
# - {name: airmass, datatype: float64}
# meta: {SNID: '154141', alt: 1024.0, c: 0.07357438653707504, dec: -39.644398, lat: -30.244573, lon: -70.7499537, ra: 168.75, t0: 61825.84375,
#   x0: 2.620477097298086e-05, x1: -1.5580456256866455, z: 0.30567672848701477}
# schema: astropy-2.0
time band flux fluxerr zp zpsys pwv airmass
[from data line 133]
62206.1979 lsst_hardware_g 3.2530763534240847 13.5600004196167 31.420000076293945 AB 8.973445949463928 1.0141205796986978
62208.194 lsst_hardware_r 18.965299817585223 22.270000457763672 31.5 AB 14.045108823487283 1.0142154296382058
62208.206 lsst_hardware_i -14.495891511954744 30.030000686645508 31.260000228881836 AB 14.101292758180437 1.0171524332369486
62211.1865 lsst_hardware_z -37.24424692335321 40.540000915527344 30.950000762939453 AB 8.000547560759642 1.0142789153147294
62211.1992 lsst_hardware_u 4.443881884184763 2.690000057220459 28.469999313354492 AB 8.069893295646377 1.0177479721256597
62213.2003 lsst_hardware_r 16.1451863618444 22.510000228881836 31.520000457763672 AB 6.993181793772043 1.0212751798133688
62213.2129 lsst_hardware_i 45.76923378861446 30.34000015258789 31.260000228881836 AB 6.085536676226029 1.031446894275598
62216.2048 lsst_hardware_z 25.28230348516524 40.959999084472656 30.959999084472656 AB 5.4671500481025515 1.0315377449250098
62216.216 lsst_hardware_r 6.363167863997933 22.65999984741211 31.520000457763672 AB 5.942001774859764 1.0445026997087448
62218.187 lsst_hardware_u -3.037375568996845 2.869999885559082 28.610000610351562 AB 6.978883639072323 1.0214993616909138
62218.2 lsst_hardware_g 11.548156500724874 13.850000381469727 31.450000762939453 AB 7.122176698993335 1.032199521593237
62220.1835 lsst_hardware_r -36.57262687519594 38.880001068115234 31.6200008392334 AB 7.100830650844804 1.0228059994015033
62220.1953 lsst_hardware_z 21.01775027537705 44.560001373291016 30.969999313354492 AB 7.096984270387792 1.0329772726624429
62222.1852 lsst_hardware_r -21.495467813755845 66.12999725341797 31.649999618530273 AB 6.957123663214832 1.0285010096902625
62222.1955 lsst_hardware_y -91.09205270571843 51.029998779296875 30.059999465942383 AB 7.04056006650081 1.0392993258624432
62224.1849 lsst_hardware_z 36.05042577677589 76.31999969482422 31.0 AB 6.799706208453765 1.0335208929885393
62224.196 lsst_hardware_r -85.0641135495317 114.44000244140625 31.65999984741211 AB 6.8861421435925045 1.0470035188676539
62226.1873 lsst_hardware_i -146.8897808097234 87.88999938964844 31.34000015258789 AB 4.850384568077891 1.0426823620962518
62226.1993 lsst_hardware_z 49.218393269698495 74.83999633789062 30.989999771118164 AB 4.970301537144405 1.060349845254722
62228.1388 lsst_hardware_i 14.088640852178342 53.290000915527344 31.329999923706055 AB 8.5576166818692 1.0141759518688502
62228.1517 lsst_hardware_z -37.54684950285025 52.58000183105469 30.979999542236328 AB 8.49330189543718 1.0172837340324805
62234.127 lsst_hardware_i 5.138715719335252 30.020000457763672 31.260000228881836 AB 7.653339681355394 1.014762620174409
62234.1386 lsst_hardware_r 16.781396389231016 22.299999237060547 31.5 AB 7.551872731332322 1.0188023920853475
62236.1232 lsst_hardware_u -0.9267644992592824 2.7100000381469727 28.479999542236328 AB 5.148667844691224 1.0151158999785537
62236.1351 lsst_hardware_g 7.664383558786514 13.680000305175781 31.43000030517578 AB 4.952397438913024 1.0198512024120399
62238.1091 lsst_hardware_r -5.988386535681287 22.149999618530273 31.489999771118164 AB 6.948770581385722 1.0140983019559344
62238.12 lsst_hardware_i -5.9440906500115895 29.90999984741211 31.25 AB 6.998969648051135 1.0157173444346654
62246.1086 lsst_hardware_r 12.087890504287405 22.1200008392334 31.489999771118164 AB 6.9417068442985865 1.0203140801497306
62246.1212 lsst_hardware_z -19.369378229684248 40.779998779296875 30.950000762939453 AB 7.044095077101884 1.029913747657268
62248.0507 lsst_hardware_r 19.23411718882126 32.97999954223633 31.59000015258789 AB 9.629243932111772 1.0273019842224507
62248.0606 lsst_hardware_i -1.179826148883029 35.04999923706055 31.280000686645508 AB 9.541390153065787 1.0201967552061788
62250.1054 lsst_hardware_z -57.77885527201448 50.060001373291016 30.969999313354492 AB 9.334557006699782 1.0256627850455755
62250.1169 lsst_hardware_r -81.21795602280592 55.5099983215332 31.639999389648438 AB 9.36225579664264 1.036794661865187
62252.0528 lsst_hardware_z 42.544597705121745 64.36000061035156 30.989999771118164 AB 10.891095881464878 1.0185257534336023
62252.0637 lsst_hardware_r -117.80221280910324 86.91000366210938 31.65999984741211 AB 10.918150002055715 1.014792267130376
62259.0818 lsst_hardware_r 28.453625071293125 22.020000457763672 31.489999771118164 AB 13.36578014468139 1.0264590684213413
62259.0938 lsst_hardware_z 41.41564219780555 43.09000015258789 30.959999084472656 AB 13.75604099487301 1.0385052842271636
62261.0833 lsst_hardware_r -3.9540091357467406 22.010000228881836 31.489999771118164 AB 9.301474310647516 1.0329328582327264
62261.0956 lsst_hardware_u 1.76238696964627 2.630000114440918 28.40999984741211 AB 9.69416778430673 1.0478859730455687
62264.0257 lsst_hardware_z -31.716738590862803 40.56999969482422 30.959999084472656 AB 9.931469457978679 1.0161803674603014
62264.0381 lsst_hardware_u -1.0807886236470943 2.759999990463257 28.540000915527344 AB 9.887997058584384 1.0141015392630515
62270.0246 lsst_hardware_i 44.47415164701601 29.760000228881836 31.260000228881836 AB 5.970775113932363 1.014216170531366
62270.0376 lsst_hardware_u 2.3078002027511615 2.6600000858306885 28.459999084472656 AB 5.985151856311608 1.0175368677850405
62277.0172 lsst_hardware_i -37.88653488153263 35.08000183105469 31.280000686645508 AB 6.730019536318243 1.0170033300065744
62277.0303 lsst_hardware_r -33.035837364584175 32.810001373291016 31.579999923706055 AB 6.898481969110766 1.0245904279884794
62279.0112 lsst_hardware_z -6.985447217775557 73.08999633789062 31.719999313354492 AB 1.3753820662740035 1.0167930504736349
62280.0014 lsst_hardware_z -54.8024302469277 56.459999084472656 30.979999542236328 AB 7.644589006776548 1.0147684522269753
62280.0134 lsst_hardware_r -40.04540039225473 70.62000274658203 31.649999618530273 AB 7.650683596519212 1.019015518710554
62281.9979 lsst_hardware_i -52.94637026121222 69.72000122070312 31.34000015258789 AB 5.853268051738729 1.015193626363889
62282.0103 lsst_hardware_z 20.305344336790437 62.720001220703125 30.989999771118164 AB 5.788347813563519 1.020317783726686
62282.9977 lsst_hardware_i -21.19789159430724 72.19000244140625 31.34000015258789 AB 5.957558580069327 1.015896989723675
62283.0097 lsst_hardware_z 31.032185881046153 63.93000030517578 30.989999771118164 AB 5.937180051516592 1.0216260950729745
62285.0002 lsst_hardware_g -31.97930384417317 69.33000183105469 31.729999542236328 AB 9.597801603569692 1.0192536084075385
62285.0135 lsst_hardware_r -83.53632269284955 70.33000183105469 31.649999618530273 AB 9.695079294455564 1.028801170222726
62287.9976 lsst_hardware_i 45.09589314751252 29.719999313354492 31.239999771118164 AB 7.018175702109423 1.0226601469947827
62288.0099 lsst_hardware_r 28.03749991989027 21.93000030517578 31.489999771118164 AB 7.026254551307102 1.0332727281333973
62290.9923 lsst_hardware_u -5.664843538027163 2.5999999046325684 28.40999984741211 AB 11.0674732158918 1.0247660385085
62291.0048 lsst_hardware_g -8.92857320953198 13.229999542236328 31.389999389648438 AB 11.721723014431745 1.0366325902659073
