data/validation/pwv_sim_epoch_fit_seasonal/15502734.ecsv
# %ECSV 0.9
# ---
# datatype:
# - {name: time, datatype: float64}
# - {name: band, datatype: string}
# - {name: flux, datatype: float64}
# - {name: fluxerr, datatype: float64}
# - {name: zp, datatype: float64}
# - {name: zpsys, datatype: string}
# - {name: pwv, datatype: float64}
# - {name: airmass, datatype: float64}
# meta: {SNID: '15502734', alt: 1024.0, c: 0.054375339299440384, dec: -24.132875, lat: -30.244573, lon: -70.7499537, ra: 53.789062, t0: 62049.796875,
#   x0: 1.7673910892531177e-05, x1: -0.8471275568008423, z: 0.3619595170021057}
# schema: astropy-2.0
time band flux fluxerr zp zpsys pwv airmass
61978.3605 lsst_hardware_r 14.182048658759113 23.719999313354492 31.420000076293945 AB 3.5522084198873274 1.414377232684582
61978.3809 lsst_hardware_i 15.35052370679402 32.09000015258789 31.209999084472656 AB 3.769720521088589 1.2805482152823153
61979.3639 lsst_hardware_z 61.4845786785646 44.86000061035156 30.90999984741211 AB 4.282183875483474 1.369568403672753
61979.3838 lsst_hardware_r 9.31007933529605 23.139999389648438 31.450000762939453 AB 4.389234739748835 1.2504942278486708
61990.3636 lsst_hardware_r 31.990559294107825 75.48999786376953 31.610000610351562 AB 3.115039320915265 1.2038799307885082
61990.3835 lsst_hardware_z -50.44762876958866 56.59000015258789 30.969999313354492 AB 1.5803645709739953 1.1288318364099967
61992.3598 lsst_hardware_r 22.646331974376412 63.65999984741211 31.610000610351562 AB 6.127219040094162 1.1966835142269123
61992.3781 lsst_hardware_i -128.112121179265 53.130001068115234 31.299999237060547 AB 5.868926063321763 1.1286396275618775
61994.3586 lsst_hardware_z -2.209235843368063 51.09000015258789 30.950000762939453 AB 3.6570994999619977 1.1790439268032555
61994.3777 lsst_hardware_i -133.0091676428514 46.689998626708984 31.290000915527344 AB 3.3000968041219627 1.1131113261225947
61995.3573 lsst_hardware_z 87.70606048704225 69.13999938964844 31.700000762939453 AB 5.465999458995135 1.1733809214300828
62009.3053 lsst_hardware_z -25.744005447334466 61.90999984741211 31.68000030517578 AB 3.73347569035365 1.2335611741579835
62009.3233 lsst_hardware_r 5.845203608514027 31.969999313354492 32.220001220703125 AB 3.4770947578729037 1.1573919473655334
62011.331 lsst_hardware_r 3.436875179252699 22.450000762939453 31.479999542236328 AB 7.784194816553266 1.113964006471238
62011.3481 lsst_hardware_i 4.881137933564943 30.399999618530273 31.25 AB 7.542888965864249 1.0702928649683219
62016.3218 lsst_hardware_r 69.2072742975306 72.0199966430664 31.639999389648438 AB 1.7122429605654161 1.1012979325071015
62016.3396 lsst_hardware_z -43.347367648808266 54.5099983215332 30.979999542236328 AB 1.0726218628370972 1.059641257433428
62020.2368 lsst_hardware_z -195.75977128599348 95.5199966430664 31.68000030517578 AB 2.7813200452675413 1.4890622175073835
62027.2593 lsst_hardware_r -12.03656451745632 23.14965843530984 31.469999313354492 AB 2.4857230545929587 1.2186908259158156
62027.294 lsst_hardware_i 78.45014412955773 32.1796311445711 31.25 AB 1.7902759049225525 1.0953049280651896
62030.2559 lsst_hardware_u 2.406634337488935 3.00454473250687 28.389999389648438 AB 2.368476388097031 1.197359255894358
62030.2744 lsst_hardware_r 254.27260714145038 28.2529522852694 31.479999542236328 AB 2.251742546310827 1.1285044502058352
62031.2392 lsst_hardware_g 195.35350338240457 18.183593213165267 31.329999923706055 AB 1.738129748790661 1.2642476048906754
62031.2573 lsst_hardware_i 433.54287862216273 38.14511229013126 31.229999542236328 AB 1.9374928249876202 1.1801986751193625
62033.2461 lsst_hardware_z 740.2324734933898 50.619366759230424 30.93000030517578 AB 6.989455586236837 1.2043517853428254
62033.2633 lsst_hardware_r 1018.4715837701108 38.92529301764285 31.479999542236328 AB 7.852419315593909 1.1380317848686823
62038.3251 lsst_hardware_r 2855.0742084035523 57.61134027413168 31.479999542236328 AB 6.177012418925849 1.0079981101380302
62038.3448 lsst_hardware_u 18.606565517551463 4.990258325460089 28.389999389648438 AB 5.966329760718833 1.0069754870412588
62039.2296 lsst_hardware_i 2530.5033450516903 59.044382022525774 31.219999313354492 AB 3.678487035739305 1.2048761990631522
62039.247 lsst_hardware_z 1970.5245048068111 60.91068780997062 30.940000534057617 AB 3.5194733698354583 1.1377607876624771
62040.3218 lsst_hardware_g 2118.9670188615664 47.30775388707487 31.399999618530273 AB 4.346513885605603 1.0072838807142772
62040.3425 lsst_hardware_r 3851.4055343673126 64.83657608856555 31.479999542236328 AB 4.840890661872391 1.0079589107174607
62041.1821 lsst_hardware_i 2995.056907218078 69.66487641747187 31.219999313354492 AB 6.6520971912938744 1.4661615629631095
62041.2021 lsst_hardware_z 2399.4012348818865 67.98083295408523 30.93000030517578 AB 5.9936236563020815 1.3205450082736618
62042.2786 lsst_hardware_i 3535.4643948157795 71.17298127467903 31.280000686645508 AB 4.694880481943066 1.0419946323763034
62042.2966 lsst_hardware_z 2616.25745536952 66.34312990670877 30.950000762939453 AB 6.063405929061121 1.0194310413978962
62045.3251 lsst_hardware_r 6234.976795209571 101.15269229663522 31.649999618530273 AB 3.203723913366049 1.006827125507872
62045.345 lsst_hardware_z 2996.418221556737 73.98592579448106 30.969999313354492 AB 2.539633515946172 1.0180251934576765
62046.172 lsst_hardware_i 9016.224338663205 139.12756799454033 32.0099983215332 AB 4.157126386887345 1.436794834177654
62046.2054 lsst_hardware_r 12323.9260690941 165.62006725497844 32.36000061035156 AB 3.521677026257003 1.2282063565180144
62055.1979 lsst_hardware_z 3053.5705602284997 69.19223311315208 30.940000534057617 AB 7.1284375164072715 1.1567131409142046
62055.217 lsst_hardware_r 5128.961206542645 75.10710822276636 31.489999771118164 AB 6.032267235228611 1.0967758609506566
62058.2786 lsst_hardware_r 4360.292312318779 70.47772473699084 31.489999771118164 AB 6.433242970062329 1.0060850185156511
62058.2969 lsst_hardware_u 4.160432214948801 3.2793815222309193 28.450000762939453 AB 5.674400677005446 1.0094403481390144
62059.2044 lsst_hardware_r 4193.423674396738 69.10737521161057 31.489999771118164 AB 8.364439334573616 1.1013086681466249
62059.2235 lsst_hardware_i 4295.907698911211 71.01834618298616 31.25 AB 7.545266449261347 1.0571301505095168
62067.1886 lsst_hardware_g 720.7828065223803 30.358370135293097 31.40999984741211 AB 2.684616608393392 1.0856073900832586
62067.2066 lsst_hardware_i 3028.163063747483 62.0983751274742 31.25 AB 2.5182117921024423 1.048163076838232
62070.1899 lsst_hardware_z 1937.29125105732 61.06844285369488 30.959999084472656 AB 2.603307270376985 1.0642032786418132
62070.2085 lsst_hardware_r 2195.6269463529256 56.684476226425915 31.59000015258789 AB 3.205065514748462 1.032726120428053
62081.1076 lsst_hardware_i 1758.130568465934 59.964764318258425 31.260000228881836 AB 5.651829529033245 1.2390739978880252
62081.1254 lsst_hardware_z 1518.3279345938756 63.09733080462312 30.950000762939453 AB 5.229207383412449 1.1623043750637312
62086.1351 lsst_hardware_r 695.8301052862035 34.28418983222563 31.469999313354492 AB 4.6317908938109165 1.0896622240772231
62086.1529 lsst_hardware_z 1163.671918421512 53.98634753196077 30.940000534057617 AB 4.492814338365137 1.051360609601826
62090.1112 lsst_hardware_g 156.96161787743478 18.344495996341756 31.360000610351562 AB 6.512481786039117 1.1265482900991683
62090.1299 lsst_hardware_r 544.789477584863 32.55114025284681 31.479999542236328 AB 6.294417848396172 1.0758922324728162
62093.1193 lsst_hardware_z 873.0542570775697 50.751730690622324 30.940000534057617 AB 4.815707814118104 1.0815131804206624
62095.1467 lsst_hardware_i 916.5161504519707 42.84623646147922 31.25 AB 3.022057322130636 1.0247735917700915
62096.1014 lsst_hardware_z 624.0054666688557 50.28478283912461 30.940000534057617 AB 4.264937658815191 1.1068177315264336
62096.1188 lsst_hardware_r 484.2507321954602 31.442920978492285 31.5 AB 4.063992124393785 1.0644295768448888
62098.106 lsst_hardware_y 172.6607427118362 49.95127023614455 30.040000915527344 AB 8.592811110476474 1.080675498089548
62098.1225 lsst_hardware_g 141.9225688506272 24.059739175213643 31.56999969482422 AB 8.375104979880017 1.0472372015521862
62100.1078 lsst_hardware_r 385.3345004222845 43.05172915374713 31.59000015258789 AB 3.864020949539213 1.0645907793472749
62100.125 lsst_hardware_i 865.5703847781492 46.95401649206465 31.280000686645508 AB 5.381516425580101 1.0349070049192501
62103.0205 lsst_hardware_y 211.7165899917479 85.02560737075997 29.950000762939453 AB 8.691143915428276 1.4047049940082872
62103.0379 lsst_hardware_r 480.08711472188486 72.48262309188664 31.59000015258789 AB 7.957279862015129 1.2902999614099881
62105.0223 lsst_hardware_y 225.3024485193523 86.47766713642429 29.969999313354492 AB 10.150854251961983 1.3531465343652587
62105.0384 lsst_hardware_z 449.83855483046676 71.99555060054665 30.959999084472656 AB 9.452687157704847 1.2577031366277656
62108.1725 lsst_hardware_z 535.3984746137058 66.92306156074775 30.989999771118164 AB 3.668052599780245 1.0175844090381472
62108.1906 lsst_hardware_r 348.64746511846147 91.93824161782854 31.65999984741211 AB 3.915608882879076 1.0390134797459016
62112.0309 lsst_hardware_y 180.91364966748444 65.85764816593924 30.010000228881836 AB 4.357514245494532 1.2021834409125987
62112.0522 lsst_hardware_r 353.2865686663663 28.929023442241803 31.469999313354492 AB 3.2741000845710615 1.1231904235235202
62114.0324 lsst_hardware_z 450.6024969374743 59.12154385645802 30.959999084472656 AB 8.448681803844778 1.1733872856976881
62114.0536 lsst_hardware_g 57.83920390201698 16.106694589086597 31.40999984741211 AB 7.968446843757999 1.1030391644279665
62119.1454 lsst_hardware_r 28.92001677096132 21.899999618530273 31.489999771118164 AB 8.034618369607246 1.0202884571100672
62119.1634 lsst_hardware_u -2.839752233863383 2.609999895095825 28.399999618530273 AB 8.219579011610968 1.0434289431069899
62120.038 lsst_hardware_y 33.1433392712028 56.70000076293945 30.030000686645508 AB 10.8999303920966 1.1008845375520568
62120.061 lsst_hardware_g -7.353496563372507 13.239999771118164 31.389999389648438 AB 10.497589840794168 1.0497013081833628
62121.0841 lsst_hardware_u -2.5491465353117904 2.740000009536743 28.520000457763672 AB 9.826179898047423 1.0165890057467262
62121.1041 lsst_hardware_g 4.42058478785311 13.300000190734863 31.420000076293945 AB 9.721397748659907 1.0064426967812863
62123.0873 lsst_hardware_r 16.3164747716817 22.0 31.510000228881836 AB 3.090095418356105 1.010605718420112
62123.1054 lsst_hardware_i 27.982306529895745 29.790000915527344 31.260000228881836 AB 3.0844524119031735 1.005909037472567
62124.0411 lsst_hardware_y -43.627847365438335 53.65999984741211 30.049999237060547 AB 4.923438789324881 1.0670266474970531
62124.0625 lsst_hardware_u -0.035646360278652686 2.799999952316284 28.540000915527344 AB 5.669499107398356 1.0308180195269738
62126.0421 lsst_hardware_z 39.405701626515 47.63999938964844 30.969999313354492 AB 5.742417325745012 1.0542348679539217
62126.0636 lsst_hardware_r -32.70321980558588 23.049999237060547 31.520000457763672 AB 5.61843879373271 1.0230844540939685
62128.0416 lsst_hardware_y 10.384742642405707 52.97999954223633 30.049999237060547 AB 6.987980689141689 1.0455309993230122
62128.0616 lsst_hardware_z 40.19131481871157 41.720001220703125 30.950000762939453 AB 6.54143250625179 1.0196029261056132
62136.0548 lsst_hardware_y 34.910739564833825 53.56999969482422 30.06999969482422 AB 6.90381006415301 1.0091030519158983
62136.0766 lsst_hardware_i -20.06545170324129 68.66999816894531 31.34000015258789 AB 6.885403303151012 1.0068081030731273
62138.0557 lsst_hardware_y 85.96729895686555 49.56999969482422 30.059999465942383 AB 7.029309659312814 1.0068720864179928
62138.0782 lsst_hardware_r -89.20909237901391 63.189998626708984 31.649999618530273 AB 7.035524279015574 1.0093043629039185
62140.0352 lsst_hardware_y -48.448444111425914 81.69999694824219 30.079999923706055 AB 2.72943163447884 1.0142501351297828
62140.0566 lsst_hardware_g -2.6550881380420974 13.739999771118164 31.43000030517578 AB 2.2910053753349615 1.005929912331487
62146.035 lsst_hardware_z 50.55961398738603 71.5999984741211 31.0 AB 11.673285904773229 1.0066070052980638
62146.0562 lsst_hardware_r -30.98599497623268 22.239999771118164 31.5 AB 9.101585781594972 1.0092314671885005
62347.3641 lsst_hardware_z -149.94373082846167 76.62999725341797 31.690000534057617 AB 6.322256154820547 1.3191061977578775
62348.3598 lsst_hardware_r -47.35249123759555 52.439998626708984 31.56999969482422 AB 5.23635696885148 1.3289121822649894
62348.3795 lsst_hardware_i 4.579389018629793 46.939998626708984 31.280000686645508 AB 5.478642289156651 1.2215478905588968
62351.3611 lsst_hardware_z -20.486574539512215 46.279998779296875 30.93000030517578 AB 2.811361707081913 1.273117494433109
62351.3794 lsst_hardware_r 11.62612287914009 31.579999923706055 31.540000915527344 AB 3.297303015527384 1.1860802214127282
62362.3366 lsst_hardware_z 26.535663942971524 43.40999984741211 30.93000030517578 AB 4.354630924768015 1.244180264219433
62362.3549 lsst_hardware_r -3.856617239566523 22.6200008392334 31.469999313354492 AB 4.074991816928044 1.1642833762651554
62367.3454 lsst_hardware_y 25.807875583896152 48.040000915527344 30.010000228881836 AB 2.7021824409306983 1.1491313803660208
62367.3629 lsst_hardware_g 5.080094765802161 13.40999984741211 31.399999618530273 AB 2.574792879462352 1.095423475627463
62369.3439 lsst_hardware_r -3.1254357874018868 53.150001525878906 31.610000610351562 AB 2.0656259939909853 1.1355832842173381
62369.3626 lsst_hardware_i 66.97609663011225 43.880001068115234 31.299999237060547 AB 1.9981612672184685 1.0824275553729517
62371.3582 lsst_hardware_z -110.75323224210862 56.38999938964844 30.969999313354492 AB 2.1756488183960805 1.0799051050939619
62371.377 lsst_hardware_r -46.17218251336949 73.94999694824219 31.649999618530273 AB 2.3493326754001105 1.042911812104222
62378.308 lsst_hardware_z -90.02589883631867 101.37000274658203 32.45000076293945 AB 3.6101432355961967 1.1767409704510217
62381.3739 lsst_hardware_r 25.729932314961424 26.84000015258789 31.540000915527344 AB 2.1490786853360215 1.014673600253079
62381.3914 lsst_hardware_y 29.869312947997585 46.59000015258789 30.049999237060547 AB 2.3470857545790427 1.0064690199738606
62385.3305 lsst_hardware_i -12.510860584423895 30.149999618530273 31.25 AB 0.7402187654076057 1.0574553791537225
62385.3485 lsst_hardware_z 49.21651562628152 40.63999938964844 30.950000762939453 AB 0.9133307653442653 1.0291050877118482
62387.2588 lsst_hardware_i -21.760783223912227 32.150001525878906 31.200000762939453 AB 3.641046327515588 1.2957460240268999
62387.278 lsst_hardware_z -0.47704778396540104 43.13999938964844 30.93000030517578 AB 3.365131189786096 1.1992271041318907
62389.2601 lsst_hardware_i -1.1667836833305838 31.540000915527344 31.219999313354492 AB 4.310655416620526 1.2584630449456575
62389.2777 lsst_hardware_u 0.02146740852041056 2.5399999618530273 28.299999237060547 AB 4.078762412838188 1.177811843152812
62390.2557 lsst_hardware_g -10.031956414290864 13.350000381469727 31.31999969482422 AB 3.5138407429884717 1.2673145262040655
62390.2736 lsst_hardware_r 22.827010744810636 22.610000610351562 31.469999313354492 AB 3.3068160407199425 1.1833301272928762
62393.2558 lsst_hardware_i -44.356736297864686 31.959999084472656 31.219999313354492 AB 2.554407022658431 1.2255271178592309
62393.2739 lsst_hardware_r 42.24326273058839 22.56999969482422 31.469999313354492 AB 2.2911965285651914 1.1509694550731753
62404.2016 lsst_hardware_y -124.78914551087698 81.36000061035156 30.700000762939453 AB 8.485891542735276 1.3639623149940168
62414.2014 lsst_hardware_r -22.50904711867681 22.719999313354492 31.459999084472656 AB 7.716252231278844 1.2119767902530247
62414.2222 lsst_hardware_i 6.621254336721313 30.739999771118164 31.239999771118164 AB 7.674510676762523 1.1317946186695742
62416.1812 lsst_hardware_i -34.97140051978641 32.2599983215332 31.209999084472656 AB 5.787539884222658 1.2867156759735416
62416.1998 lsst_hardware_z 8.115208701321816 43.22999954223633 30.93000030517578 AB 5.370766390908004 1.1950527849229753
62418.2052 lsst_hardware_g -12.634624843281646 13.5 31.3700008392334 AB 3.7638912549783377 1.1525644345142845
62418.2257 lsst_hardware_r 9.16387523779202 22.3700008392334 31.479999542236328 AB 3.3431365529024424 1.0901532237727196
62420.1837 lsst_hardware_r 12.689100434568555 22.8700008392334 31.450000762939453 AB 4.702064790886104 1.2179937290211382
62420.2019 lsst_hardware_i 14.294749207423097 31.0 31.229999542236328 AB 4.452324136844994 1.1449487751187195
