data/validation/pwv_sim_epoch_fit_seasonal/15522966.ecsv
# %ECSV 0.9
# ---
# datatype:
# - {name: time, datatype: float64}
# - {name: band, datatype: string}
# - {name: flux, datatype: float64}
# - {name: fluxerr, datatype: float64}
# - {name: zp, datatype: float64}
# - {name: zpsys, datatype: string}
# - {name: pwv, datatype: float64}
# - {name: airmass, datatype: float64}
# meta: {SNID: '15522966', alt: 1024.0, c: -0.09648408740758896, dec: -5.379379, lat: -30.244573, lon: -70.7499537, ra: 211.113281, t0: 62690.69140625,
#   x0: 7.796016212630549e-06, x1: -1.175002098083496, z: 0.5102627873420715}
# schema: astropy-2.0
time band flux fluxerr zp zpsys pwv airmass
62547.377 lsst_hardware_z 55.581705789085 63.56999969482422 31.709999084472656 AB 3.146864403595246 1.1010722195924882
62551.3697 lsst_hardware_i 156.8618746024533 78.1500015258789 31.329999923706055 AB 3.507207225925778 1.100875927572831
62551.3866 lsst_hardware_y 26.902117932677026 60.279998779296875 30.040000915527344 AB 2.4097527559084404 1.1071687369209464
62553.3712 lsst_hardware_i 142.54879142564008 83.6500015258789 31.329999923706055 AB 6.282920583676404 1.102025096895664
62553.3882 lsst_hardware_y -41.24041322139483 62.20000076293945 30.040000915527344 AB 5.804368577792321 1.113369931801596
62555.3522 lsst_hardware_z 34.29665944545423 90.37999725341797 31.729999542236328 AB 10.801504269384992 1.1016322559291167
62558.3437 lsst_hardware_r -16.63560850996237 29.0 31.540000915527344 AB 7.289196250734546 1.1017111280158014
62558.3616 lsst_hardware_i -9.432662241665314 34.220001220703125 31.260000228881836 AB 7.42680563724113 1.103619234302865
62560.3448 lsst_hardware_z 54.66431881582984 42.66999816894531 30.950000762939453 AB 5.215365156319563 1.1008686345793273
62560.3626 lsst_hardware_u -2.4776452266740248 2.930000066757202 28.469999313354492 AB 5.256613262810449 1.1075881295428676
62562.3395 lsst_hardware_g 12.312468065401655 15.260000228881836 31.440000534057617 AB 3.5227830167268617 1.1008696927271442
62562.3584 lsst_hardware_r 7.03748470281523 24.389999389648438 31.5 AB 3.547418020266299 1.1085681313332183
62565.3373 lsst_hardware_i 4.540792682875068 31.829999923706055 31.239999771118164 AB 10.663133736396096 1.1016961827075678
62565.356 lsst_hardware_u -3.674274004159859 2.7200000286102295 28.389999389648438 AB 10.791783963642644 1.1139522731580138
62567.3426 lsst_hardware_g -9.335126884035883 15.100000381469727 31.43000030517578 AB 9.519645284051673 1.1069354981455435
62567.3613 lsst_hardware_r -9.65935917983608 24.280000686645508 31.489999771118164 AB 9.699913356949532 1.1278969019708758
62569.3088 lsst_hardware_r 18.286391465115976 24.149999618530273 31.489999771118164 AB 7.945115027264034 1.1034881982311158
62569.3267 lsst_hardware_i -3.1408437842842556 31.809999465942383 31.239999771118164 AB 7.932829238856295 1.1017818387300409
62573.3035 lsst_hardware_z -34.33150946832182 42.470001220703125 30.940000534057617 AB 15.200434257128924 1.1015206534388147
62573.3227 lsst_hardware_u -0.42703030699623334 2.75 28.40999984741211 AB 15.266484093546701 1.104685981551526
62576.304 lsst_hardware_g -61.480656622020945 29.43000030517578 31.6200008392334 AB 8.489620119133328 1.1010585401740247
62576.3229 lsst_hardware_r 6.191553434978369 24.34000015258789 31.5 AB 8.569791106987733 1.1109159909674062
62579.3064 lsst_hardware_i 69.62082171267753 90.33000183105469 31.31999969482422 AB 6.076018937285691 1.1047307158701256
62579.325 lsst_hardware_z -150.2789960112151 78.33999633789062 30.979999542236328 AB 6.175023599111883 1.1227315634748878
62581.2412 lsst_hardware_z -306.3504669605746 139.0800018310547 31.739999771118164 AB 6.511565737721029 1.1462846957127693
62595.2604 lsst_hardware_g 25.841248416940292 15.430000305175781 31.440000534057617 AB 7.0848222141104715 1.1035262138745834
62595.28 lsst_hardware_r -1.9615427759900332 24.56999969482422 31.489999771118164 AB 7.064633039184022 1.120955155104039
62597.2415 lsst_hardware_i 53.21165377495415 32.25 31.25 AB 16.373024559829993 1.1009542458699983
62597.2604 lsst_hardware_r 27.034200155899406 24.75 31.5 AB 16.15816887585493 1.106723895606502
62599.2421 lsst_hardware_u 0.9567177677452698 2.7899999618530273 28.420000076293945 AB 10.182673824873612 1.1011867443358507
62599.2602 lsst_hardware_g 5.807402527880886 15.579999923706055 31.440000534057617 AB 9.584336541464637 1.1110020044008042
62603.2282 lsst_hardware_z -12.646289296593023 43.04999923706055 30.950000762939453 AB 7.517190263217354 1.10088214740796
62603.2458 lsst_hardware_r 3.5486809254992373 25.06999969482422 31.520000457763672 AB 7.6182348503151625 1.108039733395333
62605.2348 lsst_hardware_z 91.74940717622898 72.38999938964844 31.719999313354492 AB 7.266689863538704 1.1043881349890379
62607.1806 lsst_hardware_r -31.081680454156228 103.66000366210938 31.639999389648438 AB 19.277418799630077 1.1277521186967927
62607.1985 lsst_hardware_z -35.53550503924732 73.43000030517578 30.989999771118164 AB 18.881983111102503 1.10744768980072
62609.223 lsst_hardware_r 52.11606747897262 169.36000061035156 31.649999618530273 AB 13.13039840579176 1.1039282347177588
62609.2414 lsst_hardware_y -43.21001703779481 77.76000213623047 30.040000915527344 AB 13.302503076522772 1.120462398000065
62617.1912 lsst_hardware_z 64.62689056284339 42.869998931884766 30.940000534057617 AB 7.067539590978243 1.1009629002082084
62617.2077 lsst_hardware_r 7.97595907554765 24.950000762939453 31.510000228881836 AB 7.100848611145717 1.1081368532901827
62621.1883 lsst_hardware_r 3.958028982944031 24.790000915527344 31.510000228881836 AB 12.215951204179074 1.1030287244459995
62621.2065 lsst_hardware_z -25.19216166791294 42.93000030517578 30.940000534057617 AB 12.272443560522204 1.1177852367440584
62624.183 lsst_hardware_r -11.92137632236909 35.09000015258789 32.2599983215332 AB 12.783050325423284 1.1044308088664532
62624.1997 lsst_hardware_u -0.7310763103926948 4.059999942779541 29.229999542236328 AB 12.972091806759133 1.119506225771745
62626.1814 lsst_hardware_g -6.192578984054725 15.59000015258789 31.450000762939453 AB 10.114404884425733 1.1068510488537682
62626.1999 lsst_hardware_r -48.16162815381958 24.829999923706055 31.510000228881836 AB 10.407696557074235 1.1274112069624909
62628.1822 lsst_hardware_i 98.79256826333477 32.279998779296875 31.25 AB 7.114453673914989 1.1121257338793198
62628.1995 lsst_hardware_z -49.25410694963848 43.150001525878906 30.940000534057617 AB 7.242974209162134 1.1357371224904036
62630.0593 lsst_hardware_z 3.42276564682245 45.709999084472656 30.920000076293945 AB 11.709940239028185 1.313497563757473
62630.0758 lsst_hardware_g 25.36939683046584 18.6200008392334 31.459999084472656 AB 11.027739781840811 1.2385732091207635
62632.1532 lsst_hardware_r 52.885400912157294 34.2400016784668 31.56999969482422 AB 8.528252301778158 1.1014144778223114
62632.1736 lsst_hardware_z 11.852929510678543 44.779998779296875 30.950000762939453 AB 8.690134849533862 1.1145127897058402
62635.1092 lsst_hardware_r -11.749334683371858 85.12999725341797 31.6299991607666 AB 6.8362874089308345 1.1205803861213257
62635.1275 lsst_hardware_y 20.17362851864642 55.959999084472656 30.040000915527344 AB 6.8493789252158335 1.1040262613178327
62640.0499 lsst_hardware_i 158.13711777035863 74.31999969482422 31.299999237060547 AB 10.016727699968037 1.2331568664425179
62640.0606 lsst_hardware_z -7.8962922252413525 66.87000274658203 30.969999313354492 AB 9.74605744485288 1.1962022024980674
62645.1035 lsst_hardware_g 6.282570101902621 15.1899995803833 31.43000030517578 AB 9.567644904970571 1.1025596248957752
62645.1224 lsst_hardware_i -38.7543408083908 31.770000457763672 31.239999771118164 AB 9.57205086709485 1.1028767201645533
62647.0784 lsst_hardware_r 22.941149767329296 24.399999618530273 31.5 AB 5.8393852353323545 1.1181028358249838
62647.0968 lsst_hardware_z 21.677548393535808 42.599998474121094 30.950000762939453 AB 7.076201513340826 1.1030568342849434
62651.0789 lsst_hardware_r -23.47226132825766 24.3799991607666 31.510000228881836 AB 12.140003528093828 1.1070585015588024
62651.0986 lsst_hardware_u -0.9625290778133251 2.809999942779541 28.459999084472656 AB 13.416931374600049 1.10098934246387
62653.0653 lsst_hardware_g -23.985539689095596 15.069999694824219 31.420000076293945 AB 8.248767010973301 1.1143468740901787
62653.0832 lsst_hardware_r 2.350224804716733 24.239999771118164 31.489999771118164 AB 8.109484235175449 1.1020317406018458
62656.0695 lsst_hardware_i 38.08476058050928 31.90999984741211 31.239999771118164 AB 12.675672700663064 1.1043771411723984
62656.0875 lsst_hardware_z 39.61116361644017 42.529998779296875 30.940000534057617 AB 12.88617118475746 1.1013821525433727
62658.0754 lsst_hardware_r -12.033998925428099 24.280000686645508 31.5 AB 4.659108003732069 1.1009234413356628
62658.0962 lsst_hardware_u 0.98528567597518 2.680000066757202 28.360000610351562 AB 5.653328659827318 1.1084958156524154
62673.009 lsst_hardware_u 52.62324311131774 7.612652576467457 28.420000076293945 AB 4.3940152781612865 1.1162238735326233
62673.023 lsst_hardware_g 106.98688831684889 18.834269736792116 31.450000762939453 AB 4.319952727954442 1.1044235531009696
62677.0036 lsst_hardware_g 451.9942026424969 26.43758023119909 31.440000534057617 AB 5.6575756949900295 1.1105625260073342
62677.0251 lsst_hardware_r 1193.6389379388122 42.424108667289374 31.5 AB 5.535176503268021 1.1008704262665119
62679.0016 lsst_hardware_i 1069.3658925046943 45.09066348051074 31.239999771118164 AB 9.146175192623982 1.1076874400658812
62679.0217 lsst_hardware_r 1559.3000572744056 46.95174498011559 31.489999771118164 AB 8.97386633136404 1.1009528071848482
62680.999 lsst_hardware_u 25.262676866598188 5.470522158842257 28.450000762939453 AB 4.396065684403003 1.1056966718260806
62681.0199 lsst_hardware_g 928.2051212592871 34.544898875856084 31.440000534057617 AB 5.018489284115882 1.1015322823687455
62686.9997 lsst_hardware_z 1523.5016112408036 56.41010350948665 30.950000762939453 AB 5.394612901670923 1.10094140850427
62687.0216 lsst_hardware_r 2742.977218226179 58.66934133287784 31.520000457763672 AB 4.21277692643318 1.1126270604190105
62688.9678 lsst_hardware_y 559.976538040991 53.90438229812164 30.020000457763672 AB 4.5428408691238635 1.1135096192472245
62688.9888 lsst_hardware_z 1418.1206061126734 57.887385226866485 30.950000762939453 AB 4.438697750932006 1.1011405980977016
62695.9671 lsst_hardware_y 500.351267223378 60.9951924920912 30.040000915527344 AB 9.380134307552757 1.1016659002353109
62695.9871 lsst_hardware_r 2831.247221328675 100.0744308080726 31.639999389648438 AB 9.4122335031054 1.1048303045805967
62697.9622 lsst_hardware_y 401.29636051137254 62.18059474950677 30.040000915527344 AB 4.722620584415332 1.1015286699771418
62697.9817 lsst_hardware_r 2559.5582036746964 75.57783859926427 31.6200008392334 AB 4.6382257485498855 1.1048655904120739
62699.9579 lsst_hardware_z 1417.1886385736896 75.52939003036028 30.979999542236328 AB 3.0657975145405953 1.1012863010982201
62699.9645 lsst_hardware_g 540.1593950124534 31.58924352694507 31.549999237060547 AB 2.155694859865675 1.1009677527403856
62909.3701 lsst_hardware_r 45.95280011808485 88.75 31.639999389648438 AB 6.828386180389278 1.108264366001294
62909.3864 lsst_hardware_y 133.2515427252152 68.16999816894531 30.049999237060547 AB 5.604702934379436 1.100976218120633
62911.3781 lsst_hardware_z 68.55139042226673 54.33000183105469 30.969999313354492 AB 2.784185141023985 1.1014479837895301
62913.3138 lsst_hardware_z 8.469608996344824 45.06999969482422 30.940000534057617 AB 6.038844283512514 1.1921124465709116
62913.3297 lsst_hardware_y 33.32448250624771 48.869998931884766 30.010000228881836 AB 5.933124960019364 1.1510573207913803
62915.2755 lsst_hardware_r -7.800969393616948 25.290000915527344 31.459999084472656 AB 6.352714899590901 1.3290893665130923
62920.3443 lsst_hardware_r -20.494350895490278 24.530000686645508 31.510000228881836 AB 10.866727440039812 1.1052969984274843
62920.3614 lsst_hardware_g -12.72859325808446 15.420000076293945 31.450000762939453 AB 10.849544196080462 1.1009549651008452
62922.3299 lsst_hardware_r -34.66829377681507 24.59000015258789 31.510000228881836 AB 10.01212750292796 1.11245861143644
62922.3475 lsst_hardware_i 11.868742615341299 32.130001068115234 31.25 AB 9.473580146003686 1.1015790867446147
62924.34 lsst_hardware_z -57.97395331950376 42.400001525878906 30.940000534057617 AB 5.731297014032063 1.1021725026984737
62924.3575 lsst_hardware_i 13.289406767651723 31.84000015258789 31.25 AB 5.733947742367301 1.1026822581475577
62926.3392 lsst_hardware_u -6.136076648559716 2.759999990463257 28.420000076293945 AB 4.59604386894062 1.101068605056647
62926.3566 lsst_hardware_g -6.395585003259883 15.25 31.440000534057617 AB 4.709655815820994 1.1049045902219676
62936.3115 lsst_hardware_r -43.34753207258758 127.58999633789062 31.649999618530273 AB 8.744862926739405 1.1011254354190707
62936.3301 lsst_hardware_i -28.279025847469725 104.66999816894531 31.329999923706055 AB 8.771215279606816 1.1053831480286167
62938.3024 lsst_hardware_z 87.9340406374441 71.18000030517578 30.979999542236328 AB 15.210767642584281 1.101970017393334
62938.3208 lsst_hardware_i -10.377913007507493 79.66000366210938 31.31999969482422 AB 15.287384995391422 1.1033242513318602
62940.3152 lsst_hardware_z 79.56543709994381 69.69999694824219 31.709999084472656 AB 9.157063363952188 1.1032606462592998
62942.3073 lsst_hardware_r -21.248249159260652 28.600000381469727 31.540000915527344 AB 8.956082240460608 1.1022870449797462
62942.326 lsst_hardware_i -19.971676335712367 34.040000915527344 31.260000228881836 AB 9.008731847986498 1.1161853361400476
62945.3061 lsst_hardware_z -4.2690965854487155 43.06999969482422 30.950000762939453 AB 5.304883729254172 1.1057408200491579
62945.3257 lsst_hardware_u 1.318732140856167 2.9200000762939453 28.530000686645508 AB 5.392799511596055 1.1266294244281514
62947.273 lsst_hardware_r -2.975716532832809 24.579999923706055 31.520000457763672 AB 5.8318367446966715 1.1039395664562182
62947.2932 lsst_hardware_g 21.297259744089295 15.449999809265137 31.469999313354492 AB 6.377315103671952 1.1021340694173545
62949.2741 lsst_hardware_r -38.201301955414834 24.469999313354492 31.520000457763672 AB 6.727763867575893 1.1014976179620486
62949.2946 lsst_hardware_i -5.457714139736215 32.0 31.260000228881836 AB 6.660076684364647 1.1053763410746005
62951.2322 lsst_hardware_i -26.101269194014037 32.349998474121094 31.25 AB 7.403969988534219 1.1385760035678163
62951.2497 lsst_hardware_u -0.7176264235248475 2.8499999046325684 28.479999542236328 AB 7.241241662429312 1.1134947070549186
62953.2847 lsst_hardware_g 9.058938378352405 15.529999732971191 31.469999313354492 AB 8.499453356215632 1.1060275903811292
62953.3029 lsst_hardware_r -9.146250944966532 24.770000457763672 31.510000228881836 AB 8.356554197405023 1.1252092725410399
62955.2807 lsst_hardware_i 43.628526961019595 32.33000183105469 31.25 AB 7.412344597235441 1.1070360826258936
62955.2985 lsst_hardware_r -6.506346074991209 24.709999084472656 31.510000228881836 AB 7.197322420299945 1.1267823749980754
62957.249 lsst_hardware_z 36.83824003662664 42.7599983215332 30.940000534057617 AB 4.669209464964166 1.1024854114275449
62957.268 lsst_hardware_u 2.1405428861178257 2.809999942779541 28.450000762939453 AB 5.104670065933583 1.1029175511559777
62959.2486 lsst_hardware_z -63.3160787153885 47.86000061035156 30.959999084472656 AB 7.919117442685085 1.1011391445315812
62959.2675 lsst_hardware_r 17.23548368470749 38.04999923706055 31.579999923706055 AB 6.631900093837959 1.1055009324617369
62961.2477 lsst_hardware_i 117.127823644524 65.41000366210938 31.31999969482422 AB 7.745109165896256 1.1008351493669926
62961.2687 lsst_hardware_z 100.1077772878997 60.9900016784668 30.969999313354492 AB 7.592856166858919 1.1106079229925283
62963.2446 lsst_hardware_i 97.19962227567389 116.86000061035156 31.329999923706055 AB 9.509565732527193 1.10101585981306
62963.2608 lsst_hardware_z 141.43696849744367 97.68000030517578 30.989999771118164 AB 8.868140475389524 1.1085175594236905
62964.2422 lsst_hardware_z 122.57467577612017 112.16999816894531 30.989999771118164 AB 10.224439326639118 1.1010595871892221
62964.2612 lsst_hardware_r 258.4566053553363 168.0 31.639999389648438 AB 9.620340003808579 1.1112466434270212
62967.2284 lsst_hardware_i 34.12034971530954 65.77999877929688 31.31999969482422 AB 3.08260595098146 1.1009306967790928
62967.2451 lsst_hardware_r 78.58251299762348 78.73999786376953 31.639999389648438 AB 3.0944448392336206 1.1051588711548646
62971.2292 lsst_hardware_r -31.530574729233575 27.200000762939453 31.530000686645508 AB 11.029042785692772 1.1026837418208901
