data/validation/pwv_sim_epoch_fit_seasonal/15560760.ecsv
# %ECSV 0.9
# ---
# datatype:
# - {name: time, datatype: float64}
# - {name: band, datatype: string}
# - {name: flux, datatype: float64}
# - {name: fluxerr, datatype: float64}
# - {name: zp, datatype: float64}
# - {name: zpsys, datatype: string}
# - {name: pwv, datatype: float64}
# - {name: airmass, datatype: float64}
# meta: {SNID: '15560760', alt: 1024.0, c: 0.14463703334331512, dec: -17.426323, lat: -30.244573, lon: -70.7499537, ra: 26.71875, t0: 61326.546875,
#   x0: 5.8079216576568825e-06, x1: 0.5640971660614014, z: 0.5768001079559326}
# schema: astropy-2.0
time band flux fluxerr zp zpsys pwv airmass
[from data line 133]
61701.165 lsst_hardware_r -2.3100370218097273 22.829999923706055 31.5 AB 5.0533172157639195 1.0327646057152395
61704.1464 lsst_hardware_i -58.226211179269875 30.68000030517578 31.260000228881836 AB 2.4753287198565914 1.0418050167746598
61704.1637 lsst_hardware_z -58.341712347892276 41.0 30.950000762939453 AB 2.5098512479862363 1.0289086832411463
61706.1448 lsst_hardware_i -39.09149878031068 30.549999237060547 31.260000228881836 AB 2.962603276723824 1.0379923889251355
61706.1631 lsst_hardware_u -4.430688696129602 2.7699999809265137 28.510000228881836 AB 2.90360419681622 1.0271881831843
61708.1407 lsst_hardware_g -15.74863903700976 14.149999618530273 31.420000076293945 AB 5.761376241044829 1.0367781610661921
61708.1563 lsst_hardware_r -53.607681663791936 22.959999084472656 31.510000228881836 AB 5.726701803554361 1.0275797243055231
61710.064 lsst_hardware_r -8.827030902542548 23.770000457763672 31.469999313354492 AB 5.033719392120309 1.2073682331686733
61710.0672 lsst_hardware_i 51.4901507571323 32.0 31.229999542236328 AB 4.817541866288056 1.1939385046559654
61712.1263 lsst_hardware_z 44.335030100416475 41.27000045776367 30.950000762939453 AB 4.0668033427536585 1.0400144939272846
61712.1449 lsst_hardware_u 3.1883596950884936 2.6500000953674316 28.399999618530273 AB 4.019554154640019 1.0277342137873187
61721.1138 lsst_hardware_z 172.87531792555362 69.0999984741211 30.989999771118164 AB 3.475679471817021 1.0306452916330002
61721.1334 lsst_hardware_r -47.24400898722896 97.12999725341797 31.65999984741211 AB 4.341420995440377 1.026340660860609
61723.0938 lsst_hardware_r 49.70042259200744 101.68000030517578 31.65999984741211 AB 3.003659895826274 1.0425754584610463
61723.1107 lsst_hardware_i -85.78118734828637 79.45999908447266 31.34000015258789 AB 3.0120806214753038 1.0294192144484835
61725.0955 lsst_hardware_z 76.80456749920738 52.27000045776367 30.979999542236328 AB 6.000681730833449 1.0357461670238641
61725.1136 lsst_hardware_i -23.972990878407803 55.20000076293945 31.31999969482422 AB 5.952383876275514 1.0266418471477528
61727.0929 lsst_hardware_u -4.013184613967169 2.680000066757202 28.440000534057617 AB 5.700820691075945 1.0335375176449277
61727.1125 lsst_hardware_g -2.0590562150263843 13.890000343322754 31.420000076293945 AB 5.746460202208976 1.0261536075373172
61730.093 lsst_hardware_r 47.112845165254505 22.6200008392334 31.5 AB 3.45412210918027 1.0287779923098348
61730.1131 lsst_hardware_i 6.242539462819706 30.350000381469727 31.260000228881836 AB 3.33982328358242 1.0271638577833062
61735.0726 lsst_hardware_r -10.281175406363507 22.440000534057617 31.489999771118164 AB 4.465758602049262 1.0324657680447802
61735.0946 lsst_hardware_g -6.639801465595016 13.8100004196167 31.420000076293945 AB 3.656534302948407 1.0262755615808035
61737.0617 lsst_hardware_r -30.793915856503162 22.75 31.5 AB 3.935680570779569 1.0366147245250215
61737.0814 lsst_hardware_i -29.548425329906593 30.399999618530273 31.25 AB 3.8926371968050897 1.0265393451491336
61741.0566 lsst_hardware_u 3.0806830945495993 2.7699999809265137 28.450000762939453 AB 6.487454808435181 1.0322123800215424
61741.0758 lsst_hardware_g -18.9582522478652 14.220000267028809 31.43000030517578 AB 6.457298816270824 1.0261353629161465
61743.0391 lsst_hardware_y 33.8881572441212 48.209999084472656 30.049999237060547 AB 4.647180029689515 1.0426699640317514
61743.0583 lsst_hardware_r 10.375078429623025 25.100000381469727 31.520000457763672 AB 3.589446301578814 1.0284455283641127
61749.04 lsst_hardware_y 22.880672861114125 54.75 30.059999465942383 AB 7.504452636099884 1.0292761810589552
61749.0564 lsst_hardware_i 14.219042336020692 61.66999816894531 31.329999923706055 AB 7.86024719761516 1.0262759103816887
61751.0438 lsst_hardware_y -124.23759351359718 54.72999954223633 30.059999465942383 AB 13.95032682208245 1.026438585982088
61751.0631 lsst_hardware_i 41.79415378968031 68.72000122070312 31.329999923706055 AB 13.983266615711093 1.0300559190962297
61753.0309 lsst_hardware_y 45.733498494529236 71.37000274658203 30.079999923706055 AB 8.54908311985945 1.0284817483890745
61753.0488 lsst_hardware_g 1.7793412328528182 68.05000305175781 31.729999542236328 AB 8.111711570173716 1.0267989329333818
61755.0323 lsst_hardware_y 131.37233826582715 70.06999969482422 30.06999969482422 AB 10.170714390945077 1.0265282839077974
61755.0526 lsst_hardware_i -31.57162812191331 30.850000381469727 31.260000228881836 AB 10.30659793680053 1.0302793828310026
61757.0321 lsst_hardware_z -61.611310986698165 65.9000015258789 30.989999771118164 AB 3.6553414296571898 1.0261327615009814
61757.0518 lsst_hardware_u 2.210331518581337 3.109999895095825 28.559999465942383 AB 4.180456556258015 1.033168132532022
