data/validation/pwv_sim_epoch_fit_seasonal/15602803.ecsv
# %ECSV 0.9
# ---
# datatype:
# - {name: time, datatype: float64}
# - {name: band, datatype: string}
# - {name: flux, datatype: float64}
# - {name: fluxerr, datatype: float64}
# - {name: zp, datatype: float64}
# - {name: zpsys, datatype: string}
# - {name: pwv, datatype: float64}
# - {name: airmass, datatype: float64}
# meta: {SNID: '15602803', alt: 1024.0, c: -0.11285136640071869, dec: -15.868921, lat: -30.244573, lon: -70.7499537, ra: 328.359375, t0: 61214.9140625,
#   x0: 1.7359759238142484e-05, x1: 0.6823535561561584, z: 0.36411333084106445}
# schema: astropy-2.0
time band flux fluxerr zp zpsys pwv airmass
61195.3567 lsst_hardware_z 403.705897007655 69.45508048144052 30.979999542236328 AB 12.897839547762675 1.0795881432797363
61195.3693 lsst_hardware_y 89.43189600437137 57.29918357433893 30.049999237060547 AB 12.71162021182765 1.058816393471963
61197.4356 lsst_hardware_i 1009.8653652955229 78.87575494644038 31.329999923706055 AB 4.002611903459674 1.053318921963072
61218.2949 lsst_hardware_i 4227.777509024693 83.639759786397 31.309999465942383 AB 7.29236739443809 1.0777163074615272
61219.3519 lsst_hardware_r 5763.126433647621 109.78903972466573 31.649999618530273 AB 5.259511835181286 1.0347259168170935
61219.374 lsst_hardware_z 2427.1819107003475 76.22326127852179 30.979999542236328 AB 5.307090430804577 1.0514815851810202
61221.3358 lsst_hardware_r 5592.9248221144935 131.91839469431352 31.65999984741211 AB 3.6327677691949996 1.0329166247355093
61221.3554 lsst_hardware_i 4364.249803504045 105.96437993193814 31.34000015258789 AB 3.70777997269258 1.039370203520626
61224.3304 lsst_hardware_z 2112.517509358515 96.45990703114575 31.0 AB 6.646012508077658 1.0330054154827881
61224.3506 lsst_hardware_i 3982.332029018958 114.3475309454188 31.34000015258789 AB 6.84960462471074 1.0418838079949408
61226.3034 lsst_hardware_r 4457.3930212171845 104.05088477181165 31.649999618530273 AB 4.6071819871974995 1.0394679874099295
61226.3215 lsst_hardware_z 1863.6960522677268 76.69826510379045 30.989999771118164 AB 4.591659192370005 1.0329360986153773
61236.2908 lsst_hardware_r 2244.8455307682802 52.895617882422194 31.510000228881836 AB 5.565495747406514 1.033278393577445
61236.3098 lsst_hardware_g 870.5616503472867 33.05025920343193 31.450000762939453 AB 4.871178284697119 1.0366047067984647
61239.2843 lsst_hardware_r 1917.8465502603128 49.40574198556857 31.510000228881836 AB 1.9472288999332383 1.0330583491400531
61239.3055 lsst_hardware_i 2054.432703017341 55.046180529194665 31.25 AB 1.8699639924693308 1.0388688847051837
61243.2624 lsst_hardware_i 1851.7457368019277 52.98119812158465 31.25 AB 5.089667889540645 1.0362932398067044
61243.283 lsst_hardware_z 1354.3774492534226 54.8101192889996 30.950000762939453 AB 5.071871741874179 1.0337221818790043
61245.2526 lsst_hardware_r 1409.315549717854 58.108711982502804 31.6200008392334 AB 6.148400060337392 1.0387565569078208
61245.2729 lsst_hardware_z 1336.7669518729087 58.14283207809236 30.959999084472656 AB 6.112405607188115 1.0329953424535585
61247.2535 lsst_hardware_y 266.52967764039255 53.41230263654185 30.049999237060547 AB 10.986042119454726 1.0353771788880428
61247.2742 lsst_hardware_r 1164.3627724959251 75.45916828669071 31.649999618530273 AB 10.853342712705144 1.034308390664404
61250.2456 lsst_hardware_i 1687.2795069153433 119.23843246590266 31.34000015258789 AB 4.295111423175579 1.035257644279656
61250.2659 lsst_hardware_z 1217.6861539554448 99.28446768153582 31.0 AB 4.320596115745621 1.0342746392098134
61252.2437 lsst_hardware_r 886.4471213359529 154.57189778360944 31.670000076293945 AB 3.3089060330835327 1.0340331353386039
61252.2642 lsst_hardware_z 1185.8162375361655 107.79440315212523 31.0 AB 3.7024219780445717 1.0356907952942995
61254.247 lsst_hardware_r 1638.8749582156452 131.94896005194087 32.40999984741211 AB 1.8351681379029963 1.0329276573562831
61254.2679 lsst_hardware_i 3054.6323765852403 116.5893707737663 32.08000183105469 AB 1.6144755906999793 1.041261264559806
61257.211 lsst_hardware_i 1191.8806723982045 50.341565487584816 31.270000457763672 AB 1.0916488277592138 1.0458910924639173
61257.2318 lsst_hardware_z 978.8983342070253 54.57455400104995 30.959999084472656 AB 1.0636992475198777 1.03359577069829
61259.211 lsst_hardware_r 640.4192803684899 35.14106158281792 31.520000457763672 AB 3.3056359758812817 1.041145189253947
61259.2291 lsst_hardware_u -0.47680865294172403 3.250296116744367 28.489999771118164 AB 3.2891295478854357 1.0331262321910069
61262.2218 lsst_hardware_g 188.5035714140149 21.338215539448502 31.469999313354492 AB 4.715018061744048 1.0330323846730673
61262.2414 lsst_hardware_r 514.9797092938632 34.19249856899612 31.520000457763672 AB 4.620366371259516 1.0380513078543059
61265.1976 lsst_hardware_i 894.1713882656713 43.41615554371002 31.260000228881836 AB 3.129516372541773 1.0390160599408278
61265.2169 lsst_hardware_z 727.7933028893052 49.51938484436468 30.959999084472656 AB 3.620408190215268 1.0329267304465815
61267.195 lsst_hardware_r 561.3341035283602 33.139783606518186 31.530000686645508 AB 3.63737987440161 1.037275629582208
61267.2176 lsst_hardware_g 152.03587702850064 21.08640948578478 31.479999542236328 AB 4.483048538276838 1.033754466935474
61269.196 lsst_hardware_r 530.7201217694036 32.80222523130904 31.530000686645508 AB 4.563362286246797 1.0344241836669847
61269.2163 lsst_hardware_i 695.8744314263738 42.02927125872771 31.260000228881836 AB 4.410788211947769 1.03507232758484
61273.1777 lsst_hardware_i 694.651396252936 46.18787809836216 31.280000686645508 AB 1.7834630790497739 1.0378021990397288
61273.1994 lsst_hardware_z 532.75613073809 50.25164330912255 30.959999084472656 AB 1.7663757747674984 1.03337116308551
61275.1722 lsst_hardware_r 386.4189168752552 62.152013183967384 31.649999618530273 AB 1.967890195486842 1.037825540381564
61275.1929 lsst_hardware_z 546.7688065995568 56.452103042818294 30.979999542236328 AB 1.945696170976657 1.0332044451597435
61277.171 lsst_hardware_y 137.0148866906812 58.80943812971857 30.059999465942383 AB 3.9913258166547028 1.0356320230031848
61277.1892 lsst_hardware_r 324.54161535395224 100.41254875716618 31.65999984741211 AB 3.926647203485789 1.0335095289048402
61279.1555 lsst_hardware_i 751.2915076449395 135.38263183322604 31.350000381469727 AB 2.076315228014039 1.0418474905360011
61279.1728 lsst_hardware_z 483.5857353400746 112.59829742326973 31.010000228881836 AB 2.3847043062714466 1.0333833480883463
61285.1533 lsst_hardware_r -48.86821438497463 34.81999969482422 31.59000015258789 AB 3.1962920015624787 1.0341198171676933
61285.1705 lsst_hardware_g 13.459110259084165 32.91999816894531 31.670000076293945 AB 2.592452029728777 1.0343260417177687
61287.1376 lsst_hardware_u -2.6430562379361433 2.8399999141693115 28.489999771118164 AB 1.454560215801157 1.0389715827151123
61287.1566 lsst_hardware_r -13.904425831940422 24.530000686645508 31.520000457763672 AB 1.4460905746018862 1.0329218390013473
61304.1 lsst_hardware_r 46.32933319315072 61.43000030517578 31.639999389648438 AB 3.7244505891417403 1.0345696080949278
61304.1208 lsst_hardware_i -0.7590807059595649 53.900001525878906 31.31999969482422 AB 3.78742013100051 1.0350970568466236
61306.0755 lsst_hardware_i -46.19759299945713 91.33999633789062 31.34000015258789 AB 1.4525077113174494 1.047607436940257
61306.0947 lsst_hardware_z 64.79100404532288 80.44999694824219 31.0 AB 1.3448693747611096 1.034514903662392
61308.0721 lsst_hardware_r 87.58015103589041 132.88999938964844 31.65999984741211 AB 4.657248217759551 1.0455544902550813
61308.0911 lsst_hardware_z 75.24933639094928 90.5199966430664 31.0 AB 5.172682297659432 1.0339505542178724
61310.0708 lsst_hardware_z -42.86996910872462 71.56999969482422 30.989999771118164 AB 2.9172968274248587 1.0418917240803067
61310.091 lsst_hardware_i -240.74923412443516 82.86000061035156 31.34000015258789 AB 3.3633065053896476 1.0330094206469356
61312.072 lsst_hardware_z 48.3539495589143 49.119998931884766 30.969999313354492 AB 3.502779063375703 1.03734819251008
61312.093 lsst_hardware_r 6.130523029541353 55.959999084472656 31.639999389648438 AB 3.830846231918642 1.0333855183325549
61314.062 lsst_hardware_u -2.0174776793591054 2.809999942779541 28.479999542236328 AB 5.976692844974497 1.040269118990725
61314.0807 lsst_hardware_g -8.084622003701138 15.319999694824219 31.459999084472656 AB 5.91613902801929 1.0329657248316768
61316.0572 lsst_hardware_r -6.110176992715977 24.34000015258789 31.520000457763672 AB 3.101715365833694 1.0397973066824318
61316.0775 lsst_hardware_i -50.07788850257461 31.540000915527344 31.260000228881836 AB 3.0925691032659817 1.0329222121799009
61318.0615 lsst_hardware_z 62.56224057169853 41.59000015258789 30.959999084472656 AB 2.933443313270981 1.0346634459835335
61318.0789 lsst_hardware_r -15.059744475168875 24.110000610351562 31.520000457763672 AB 2.9521084847635755 1.0338927684205095
61322.0377 lsst_hardware_g 10.324806913904881 15.460000038146973 31.479999542236328 AB 4.117058077898335 1.0421612651305747
61322.0541 lsst_hardware_i -25.619480896500445 31.43000030517578 31.260000228881836 AB 3.2001639808081896 1.033644696642643
61324.0398 lsst_hardware_z 29.393508925238006 41.81999969482422 30.959999084472656 AB 3.5445861563480072 1.0370351539928548
61324.0573 lsst_hardware_r -4.699017842547979 24.3700008392334 31.530000686645508 AB 3.2711756247324844 1.0330028288628899
61327.0279 lsst_hardware_u -0.3579040644990167 2.9600000381469727 28.549999237060547 AB 7.5651634061726964 1.039289763870319
61327.0459 lsst_hardware_g 3.1473528225487906 15.75 31.479999542236328 AB 7.4371116444187795 1.0329321728359415
61329.0298 lsst_hardware_r -7.740069712170216 26.139999389648438 31.540000915527344 AB 8.097572717693936 1.0352966461284838
61329.0479 lsst_hardware_i 5.804594234770638 32.290000915527344 31.260000228881836 AB 8.508360036128952 1.0336551432893357
61331.0298 lsst_hardware_z -26.276139247052814 44.45000076293945 30.959999084472656 AB 5.433546451662156 1.0335831180639445
61331.0469 lsst_hardware_r -63.97123130390721 34.97999954223633 31.59000015258789 AB 5.884471218452758 1.035026597992394
61333.0081 lsst_hardware_y 2.872745135845205 53.849998474121094 30.059999465942383 AB 3.0999873822280626 1.0418082893196503
61333.0255 lsst_hardware_z -65.15520437107692 58.5099983215332 30.989999771118164 AB 3.0930889116007894 1.0333546852420576
61336.0092 lsst_hardware_y -57.402245075366906 58.15999984741211 30.06999969482422 AB 4.117365838369777 1.0359456128744384
61336.0266 lsst_hardware_i -87.56420815536895 75.52999877929688 31.34000015258789 AB 4.051848079173502 1.033239341877726
61337.9997 lsst_hardware_y 6.048415005342383 70.37000274658203 30.06999969482422 AB 3.850870095412312 1.038110283168166
61338.0173 lsst_hardware_r 198.5204160998266 89.95999908447266 31.65999984741211 AB 3.740712213669535 1.0329179107191868
61551.4091 lsst_hardware_r -105.16819937088196 110.20999908447266 32.40999984741211 AB 5.810539215037856 1.0426855870985505
61551.4355 lsst_hardware_y 8.8557044932473 100.04000091552734 30.81999969482422 AB 5.244965206217144 1.0330835545040662
61553.4177 lsst_hardware_r -14.44060493216707 51.939998626708984 31.639999389648438 AB 9.094584788612902 1.0344845584552624
61553.4377 lsst_hardware_y -22.8830206565109 73.08000183105469 30.06999969482422 AB 9.098724998604649 1.0349162565592342
61557.3533 lsst_hardware_u 1.8111158890570778 2.809999942779541 28.399999618530273 AB 7.408570170078048 1.106513685244092
61557.3742 lsst_hardware_y 56.257405249886276 47.65999984741211 30.040000915527344 AB 7.106075336615965 1.0647134978073616
61560.4237 lsst_hardware_r 6.588804862842762 24.979999542236328 31.520000457763672 AB 11.578161790069057 1.0372992898480589
61571.347 lsst_hardware_r -34.43100863550362 37.68000030517578 31.600000381469727 AB 11.833759552217561 1.050023030365356
61571.377 lsst_hardware_g -5.026948307380317 15.460000038146973 31.459999084472656 AB 12.194323106102445 1.0329503421704127
61573.3502 lsst_hardware_r 64.76786244275766 72.12000274658203 31.649999618530273 AB 3.4549347104043124 1.0417412062126352
61575.3515 lsst_hardware_z 140.43557295786712 94.73999786376953 31.739999771118164 AB 2.661614201860306 1.037194597074916
61575.3767 lsst_hardware_i -28.186135580234968 107.94000244140625 32.09000015258789 AB 3.0263344934332936 1.0345853205287312
61579.3148 lsst_hardware_y -70.737724166495 87.01000213623047 30.799999237060547 AB 2.852843741637621 1.0637001273816633
61579.3389 lsst_hardware_r -143.83198710462293 151.07000732421875 32.40999984741211 AB 3.550543466345152 1.038170604194536
61584.2193 lsst_hardware_r -19.24911244563042 35.7599983215332 32.20000076293945 AB 8.290153075944035 1.3696506672081346
61584.2519 lsst_hardware_i -32.28744502691271 48.119998931884766 31.989999771118164 AB 6.920823394156291 1.1955816067297307
61586.3202 lsst_hardware_z 0.3266375837410287 41.5 30.950000762939453 AB 3.6573837733244283 1.0379237384390005
61586.3436 lsst_hardware_i 15.2609987932302 31.479999542236328 31.260000228881836 AB 3.627963452987671 1.0337059890742724
61590.342 lsst_hardware_r 5.414862845101966 24.040000915527344 31.510000228881836 AB 7.462160018236719 1.0374197161458643
61590.3626 lsst_hardware_i -0.029091044851307375 31.5 31.25 AB 7.649609772781932 1.0568678879223448
61595.2946 lsst_hardware_i 23.12614402697408 31.510000228881836 31.25 AB 1.7916850351931934 1.0385576476823308
61597.1905 lsst_hardware_r 101.48291508161246 46.209999084472656 32.2599983215332 AB 10.351117429427939 1.326032145368848
61597.2065 lsst_hardware_g 30.0381840614505 22.09000015258789 31.510000228881836 AB 9.686418930592959 1.2391082453027547
61599.3001 lsst_hardware_r 22.473295700285327 33.06999969482422 31.579999923706055 AB 6.301143185622893 1.0329742927250645
61599.3226 lsst_hardware_i -6.925108000493867 31.389999389648438 31.25 AB 6.349031417688164 1.0408248225718302
61606.2822 lsst_hardware_z -22.68563158877721 101.0 31.0 AB 2.8980890188047432 1.0329413159574945
61606.3023 lsst_hardware_i -94.09478083677209 115.83000183105469 31.350000381469727 AB 3.3439837284704037 1.039957620423077
61609.2304 lsst_hardware_r 42.861848055873985 78.66999816894531 31.649999618530273 AB 5.213451632616065 1.0676374550563634
61609.2509 lsst_hardware_z 30.013724941778186 61.630001068115234 30.979999542236328 AB 5.362128043158968 1.0425732609272016
61621.248 lsst_hardware_r -2.794541113783831 24.5 31.530000686645508 AB 1.624202143284875 1.0337006480731106
61621.2659 lsst_hardware_i 47.65095395954634 31.65999984741211 31.260000228881836 AB 1.0334779193708288 1.0435657213433829
61623.2099 lsst_hardware_i 27.62927425106092 31.829999923706055 31.25 AB 2.370911630156948 1.045029919628407
61623.2297 lsst_hardware_z -61.59867531028769 41.790000915527344 30.940000534057617 AB 2.3665107992665484 1.033636514202467
61625.2209 lsst_hardware_r -2.9782974738374053 24.760000228881836 31.520000457763672 AB 3.207176334934684 1.0345730112692528
61625.2412 lsst_hardware_u -1.052537937869813 2.890000104904175 28.510000228881836 AB 3.2083600212227927 1.0349548455557396
61628.2127 lsst_hardware_y -92.02997927100546 48.380001068115234 30.049999237060547 AB 6.655430011126779 1.0345764046520052
61628.2316 lsst_hardware_r 38.215534389685345 42.38999938964844 31.6200008392334 AB 6.651568894598842 1.034458615023148
61643.1769 lsst_hardware_z -0.19553829940106074 41.66999816894531 30.950000762939453 AB 2.187485785315049 1.0332951276877889
61643.1927 lsst_hardware_r -6.290575988384197 24.6200008392334 31.510000228881836 AB 2.2005905490069617 1.0352066560070383
61648.136 lsst_hardware_u -0.15575290563914707 2.809999942779541 28.450000762939453 AB 4.886722722520781 1.0509081123700603
61648.1528 lsst_hardware_r -43.68515466294241 24.649999618530273 31.520000457763672 AB 4.76720444847851 1.0368747441046566
61650.1543 lsst_hardware_i 40.88853589352085 31.549999237060547 31.260000228881836 AB 3.1750790503517923 1.034059290132484
61650.171 lsst_hardware_z -50.2504813039629 41.56999969482422 30.950000762939453 AB 2.5976183950444462 1.03428962573942
61652.1217 lsst_hardware_z -44.85075586919967 41.91999816894531 30.950000762939453 AB 1.0281051582840337 1.0550078586803835
61652.1411 lsst_hardware_r -14.989832277931274 24.420000076293945 31.520000457763672 AB 1.4522157014110793 1.0372969295793424
61654.1233 lsst_hardware_y 21.441198022781467 47.5099983215332 30.049999237060547 AB 1.365466266985294 1.0469359915546754
61654.1428 lsst_hardware_g -9.624325263592386 17.389999389648438 31.520000457763672 AB 0.7030161894477461 1.0342275681467394
61679.0582 lsst_hardware_u 1.327997361809523 2.7699999809265137 28.450000762939453 AB 5.981031212923137 1.0439314427955584
61679.0778 lsst_hardware_g 26.840878356329057 15.260000228881836 31.469999313354492 AB 5.943439280262937 1.0334319321174723
61681.0606 lsst_hardware_r 22.29174394095508 24.270000457763672 31.520000457763672 AB 2.9662555603919505 1.0380596886760982
61681.0787 lsst_hardware_z 64.87896439796512 41.52000045776367 30.950000762939453 AB 2.9785465808312557 1.0329622267494007
61683.0616 lsst_hardware_r -0.06081363337674915 25.59000015258789 31.530000686645508 AB 2.913949782488999 1.0349058064953658
61683.0794 lsst_hardware_u -0.22390188325996233 3.390000104904175 28.65999984741211 AB 2.9051653538852076 1.0338666739805011
61685.038 lsst_hardware_z 33.150924365975314 44.369998931884766 30.959999084472656 AB 4.071512778747543 1.0476039569657902
61685.0559 lsst_hardware_g 21.4867704181952 29.850000381469727 31.65999984741211 AB 4.752442168503424 1.0349958443949545
61687.0363 lsst_hardware_r 103.08994422553036 63.040000915527344 31.649999618530273 AB 4.117460666397928 1.0439808991879513
61687.0537 lsst_hardware_i -19.49787639373746 55.7400016784668 31.31999969482422 AB 3.4802452100911885 1.0339409417969758
61690.0386 lsst_hardware_z 91.54049274816481 75.58999633789062 30.989999771118164 AB 6.4141058934475375 1.0366231746985919
61690.0567 lsst_hardware_r 214.71672272338904 104.94999694824219 31.65999984741211 AB 5.607566966857947 1.0331767787853363
61691.0394 lsst_hardware_z -7.902874228721641 102.58000183105469 31.739999771118164 AB 5.96804051565863 1.0350399784354196
61695.0272 lsst_hardware_r 121.35134310580706 50.2599983215332 31.6299991607666 AB 7.347306572269589 1.0355611800239026
61695.0456 lsst_hardware_y -47.661133738374986 50.349998474121094 30.059999465942383 AB 6.769007371258283 1.0336203452917745
61701.009 lsst_hardware_y -81.47940229829072 48.77000045776367 30.049999237060547 AB 4.098713853085764 1.0364027696025702
61701.0259 lsst_hardware_i -53.54657971339632 31.75 31.260000228881836 AB 4.0959350704457655 1.0330878543277042
61703.9995 lsst_hardware_y -99.59962665104302 71.44000244140625 30.06999969482422 AB 3.8648580174468363 1.037081757812786
61704.0171 lsst_hardware_r -6.544863894317134 25.079999923706055 31.540000915527344 AB 3.9541880040795427 1.0330319388882614
61708.0014 lsst_hardware_y -25.14283100468145 72.80000305175781 30.079999923706055 AB 4.731362495989236 1.0330485799103135
61708.0189 lsst_hardware_z -56.20311085503387 42.09000015258789 30.950000762939453 AB 4.7501254039668925 1.0369188832060452
