data/validation/pwv_sim_epoch_fit_seasonal/15662176.ecsv
# %ECSV 0.9
# ---
# datatype:
# - {name: time, datatype: float64}
# - {name: band, datatype: string}
# - {name: flux, datatype: float64}
# - {name: fluxerr, datatype: float64}
# - {name: zp, datatype: float64}
# - {name: zpsys, datatype: string}
# - {name: pwv, datatype: float64}
# - {name: airmass, datatype: float64}
# meta: {SNID: '15662176', alt: 1024.0, c: 0.04386867582798004, dec: -38.873585, lat: -30.244573, lon: -70.7499537, ra: 23.554688, t0: 62309.6796875,
#   x0: 0.00013738372723008443, x1: -0.05510653555393219, z: 0.14613471925258636}
# schema: astropy-2.0
time band flux fluxerr zp zpsys pwv airmass
62343.4346 lsst_hardware_r 11806.011592516646 136.5495017069744 31.65999984741211 AB 6.137040608725009 1.0151139563420095
62345.4381 lsst_hardware_y 3403.446716732473 87.9175529810712 30.079999923706055 AB 3.67377355217972 1.0204926533832555
62347.437 lsst_hardware_i 8442.357665907508 108.28595283395732 31.329999923706055 AB 3.844533320940847 1.0239346557903535
62351.4281 lsst_hardware_z 5776.666264924554 86.77965509472354 30.959999084472656 AB 2.2034078125842655 1.0257154841729843
62352.4315 lsst_hardware_i 6287.0739661977605 86.47019094245157 31.270000457763672 AB 1.5121799029808598 1.0318525438286317
62354.4325 lsst_hardware_r 6543.871077675713 85.66466013693835 31.549999237060547 AB 3.009120000785829 1.0395393830443904
62356.4265 lsst_hardware_g 2040.3985610119973 47.66626871296493 31.489999771118164 AB 1.940221689299389 1.0388479507225
62358.361 lsst_hardware_i 4674.182457731605 75.05466001558834 31.260000228881836 AB 5.185522199816883 1.014283070868828
62358.3731 lsst_hardware_z 4088.6136004585455 74.37857234239972 30.950000762939453 AB 5.181038433529479 1.0111809579955071
62360.2352 lsst_hardware_i 12817.064926392713 125.96692852779833 32.400001525878906 AB 3.577287190888406 1.320560072927704
62360.2613 lsst_hardware_z 3830.15333494751 74.12619772749761 30.940000534057617 AB 3.4636805631071956 1.1982289770896664
62362.4133 lsst_hardware_r 5010.829249840466 73.99332498157798 31.489999771118164 AB 3.5687966473998745 1.0430503134297455
62362.4245 lsst_hardware_i 4152.470424296998 72.41085421011938 31.260000228881836 AB 4.51597840928165 1.0604207285414018
62367.3867 lsst_hardware_g -12.683304184131027 13.279999732971191 31.40999984741211 AB 1.9563775979614668 1.027869140785359
62367.3984 lsst_hardware_r 11.752088158378804 22.040000915527344 31.489999771118164 AB 1.967132024304715 1.0413615798330942
62369.3849 lsst_hardware_i -24.57248998060423 40.93000030517578 31.299999237060547 AB 1.1348110160344236 1.0316463782131122
62369.3956 lsst_hardware_z 5.524229253403212 40.790000915527344 30.950000762939453 AB 1.1495171833127917 1.045015621193447
62375.3266 lsst_hardware_r -27.720168464732282 72.08999633789062 31.65999984741211 AB 3.040814758180742 1.0111893005090313
62375.3366 lsst_hardware_i 26.190279795259258 58.279998779296875 31.329999923706055 AB 2.747250371483091 1.011630184662977
62378.2488 lsst_hardware_r -42.37412154251142 74.98999786376953 32.79999923706055 AB 3.036479204323501 1.0880838047026402
62378.2678 lsst_hardware_z 30.14777213915691 46.06999969482422 30.959999084472656 AB 2.9246537133269586 1.0521283256864677
62382.3739 lsst_hardware_i 19.116060012483022 31.030000686645508 31.25 AB 1.0968194495492574 1.0676373616637806
62382.3864 lsst_hardware_z -19.97436743102926 42.0099983215332 30.940000534057617 AB 1.252806837613846 1.0938360049014952
62385.38 lsst_hardware_r -35.58788898273505 22.260000228881836 31.479999542236328 AB 0.7693774526833048 1.0980648706231753
62385.3906 lsst_hardware_g 3.127611420369628 13.420000076293945 31.3799991607666 AB 0.842235294093662 1.1257321819028676
62387.3778 lsst_hardware_r 12.534567280648576 22.18000030517578 31.469999313354492 AB 2.4874074366767553 1.1060879433825341
62387.389 lsst_hardware_i -30.871790230364965 30.68000030517578 31.239999771118164 AB 2.5765971152009506 1.1369848268887037
62389.362 lsst_hardware_i -21.114602105544563 30.450000762939453 31.239999771118164 AB 3.866541323181657 1.0820544747709862
62389.3726 lsst_hardware_z 83.10811882117885 41.84000015258789 30.940000534057617 AB 3.999045252564459 1.1067468411156252
62390.3577 lsst_hardware_r -17.91955258665521 22.209999084472656 31.479999542236328 AB 3.3837019910436283 1.0787572766345255
62390.3692 lsst_hardware_u 6.797439412912726 2.5899999141693115 28.360000610351562 AB 3.310751294076595 1.1050571742578754
62393.3565 lsst_hardware_g 47.97489040692008 13.59000015258789 31.389999389648438 AB 1.603466947317305 1.0941432598547107
62393.3677 lsst_hardware_r 27.143134572169505 22.709999084472656 31.479999542236328 AB 1.6648654378951606 1.1227596523964218
62395.3536 lsst_hardware_i 38.81666134694501 30.989999771118164 31.239999771118164 AB 4.515669647190871 1.1002423456639367
62395.3655 lsst_hardware_z -21.048091501589635 42.77000045776367 30.940000534057617 AB 4.662148072106674 1.1320701929475683
62399.343 lsst_hardware_z 37.69772130805776 56.20000076293945 30.969999313354492 AB 5.662018546464825 1.1010245107369616
62399.355 lsst_hardware_r -8.418101177746363 57.400001525878906 31.610000610351562 AB 5.782124572471311 1.1333054826482383
62404.1594 lsst_hardware_r 13.318503873888284 79.87999725341797 31.6299991607666 AB 6.158168214733325 1.1359139599237564
62404.1772 lsst_hardware_y -89.88754460697454 53.06999969482422 30.030000686645508 AB 6.762866277030029 1.0894669797873586
62409.0805 lsst_hardware_r 29.676307229894395 23.719999313354492 31.420000076293945 AB 5.399551498737169 1.4565498029637904
62409.0998 lsst_hardware_z -41.81039566539979 45.04999923706055 30.920000076293945 AB 5.137426041295305 1.3297336718767225
62411.3173 lsst_hardware_g -32.55920496121303 17.270000457763672 31.469999313354492 AB 3.557680888244 1.119295544516003
62411.3292 lsst_hardware_i 50.61655965609705 32.63999938964844 31.239999771118164 AB 3.667422467368978 1.1549118146336317
62413.2874 lsst_hardware_z 97.8152748175429 41.15999984741211 30.950000762939453 AB 2.9098179937793014 1.064210658783568
62413.299 lsst_hardware_r -6.899484895227337 22.290000915527344 31.479999542236328 AB 2.87901793998476 1.0875504542392143
62414.3113 lsst_hardware_u 2.859650583999229 2.619999885559082 28.360000610351562 AB 7.775646152325712 1.1253829822933779
62414.3236 lsst_hardware_g 15.133910093561832 13.5600004196167 31.3700008392334 AB 8.031565618140835 1.1635312908827227
62416.3087 lsst_hardware_r 8.72794229308671 22.600000381469727 31.469999313354492 AB 5.262371044683419 1.133643051418229
62416.3197 lsst_hardware_i -41.95226118885691 31.329999923706055 31.219999313354492 AB 5.584136405945901 1.1688814692881457
62418.2737 lsst_hardware_i 46.80860502051004 30.360000610351562 31.25 AB 2.746414414148887 1.0641236308090356
62418.2851 lsst_hardware_z 24.707478803886318 41.599998474121094 30.940000534057617 AB 2.8059087502815445 1.0869997741276645
62422.2482 lsst_hardware_i -7.287501368678188 29.979999542236328 31.25 AB 6.054195918365944 1.0413133674520214
62422.2595 lsst_hardware_z -30.08118866298736 40.970001220703125 30.950000762939453 AB 5.877566346650376 1.0583852965156346
62423.218 lsst_hardware_z 36.19293345441761 58.099998474121094 31.700000762939453 AB 6.400953680607631 1.016024393747243
62423.2305 lsst_hardware_r 34.20767532214278 31.139999389648438 32.2400016784668 AB 6.456232713602601 1.0247988434289843
62425.2942 lsst_hardware_g 0.8391546777703225 13.460000038146973 31.360000610351562 AB 8.219275678425424 1.1656893601510683
62425.3053 lsst_hardware_r -40.36008406965564 22.950000762939453 31.459999084472656 AB 8.512023737949301 1.2068371754458826
62427.2907 lsst_hardware_i 154.23789506286028 48.31999969482422 31.290000915527344 AB 6.030128509488916 1.172492418722325
62427.3018 lsst_hardware_z -104.54060116036126 51.2599983215332 30.950000762939453 AB 7.456849647009507 1.214800376922619
62429.2415 lsst_hardware_i -105.66011454249382 68.51000213623047 31.329999923706055 AB 1.1853187149819515 1.0602925516051747
62429.2527 lsst_hardware_z -21.708980768787377 62.66999816894531 30.979999542236328 AB 1.3663987212957729 1.0818675544701288
62435.2764 lsst_hardware_i -5.72895183608725 50.31999969482422 31.290000915527344 AB 1.6807203796060084 1.2005145568614346
62435.2879 lsst_hardware_z -64.4904175835696 52.79999923706055 30.950000762939453 AB 1.7491449005048898 1.2493892146463499
62437.2336 lsst_hardware_z -64.29064882958245 45.91999816894531 30.959999084472656 AB 2.933357910478681 1.087839017422012
62437.2444 lsst_hardware_r -12.302079620124937 41.63999938964844 31.59000015258789 AB 2.9948433786400046 1.114153042648811
62438.2749 lsst_hardware_g 27.352839703821342 34.72999954223633 31.610000610351562 AB 3.220822232053174 1.2279934798447938
62438.2855 lsst_hardware_r 14.08935628454196 37.13999938964844 31.540000915527344 AB 3.335221953874734 1.277128835487065
62440.273 lsst_hardware_i 0.1871127761284317 33.400001525878906 31.229999542236328 AB 4.726053643807797 1.2436983273178412
62440.2831 lsst_hardware_z 89.46100685549278 45.209999084472656 30.93000030517578 AB 4.912321269076337 1.2927161234411413
62442.2258 lsst_hardware_i 4.183567168966246 30.649999618530273 31.229999542236328 AB 4.921350954252293 1.101527828157863
62442.2369 lsst_hardware_z 32.47903309082097 42.45000076293945 30.93000030517578 AB 5.0431976630621556 1.1312691034233069
62451.1818 lsst_hardware_i -14.717652853184951 29.979999542236328 31.239999771118164 AB 0.7927862615309346 1.0609384563808701
62451.1933 lsst_hardware_z 14.367327687559904 41.2599983215332 30.940000534057617 AB 0.771040317365745 1.083302167005383
62454.1791 lsst_hardware_i 39.95475566755461 39.16999816894531 31.290000915527344 AB 4.301641320829607 1.0710369294122464
62456.116 lsst_hardware_z -88.63096880397443 71.55999755859375 31.719999313354492 AB 5.856827657056778 1.0117457732513941
62458.2034 lsst_hardware_r 100.87330700232117 73.1500015258789 31.6200008392334 AB 6.405749138086092 1.1633244496123176
62458.2159 lsst_hardware_y -23.509966622722256 53.4900016784668 29.989999771118164 AB 5.5254906541535735 1.209674490537781
62460.0814 lsst_hardware_i 16.945767994352433 67.54000091552734 31.34000015258789 AB 6.607253024871303 1.0147831400509966
62460.0941 lsst_hardware_z 87.76954460691107 61.13999938964844 30.989999771118164 AB 5.850040489513032 1.0112429541076977
62461.0837 lsst_hardware_r -75.15048872878872 83.5 31.65999984741211 AB 3.323665847090428 1.012849564860521
62461.0953 lsst_hardware_z 59.784713727753406 59.47999954223633 30.979999542236328 AB 3.2803338891046296 1.01104450272912
62463.0851 lsst_hardware_r -27.732290992494583 58.41999816894531 31.649999618530273 AB 6.921588204420347 1.0113366751052524
62463.0981 lsst_hardware_i -32.541209165947805 53.400001525878906 31.329999923706055 AB 6.910731508733533 1.012005346327398
62465.0285 lsst_hardware_i -6.638977085088162 34.02000045776367 31.270000457763672 AB 6.622640810519729 1.0549526061466143
62468.1538 lsst_hardware_i -2.054978144905524 30.6200008392334 31.239999771118164 AB 4.672931175859956 1.0990822052199034
62468.1644 lsst_hardware_r -2.966877245736164 22.440000534057617 31.479999542236328 AB 4.813871485750218 1.126930507783898
62473.1102 lsst_hardware_i 14.195127736338133 30.110000610351562 31.25 AB 6.833270126149511 1.043014447149443
62473.1227 lsst_hardware_z 41.110937421442365 41.290000915527344 30.940000534057617 AB 6.961935543135406 1.062653636920566
62479.0834 lsst_hardware_z 67.56373658697346 40.790000915527344 30.959999084472656 AB 6.416926629433742 1.0304177646622852
62479.0961 lsst_hardware_i 38.31060632314566 30.190000534057617 31.260000228881836 AB 6.392962593790005 1.046225774288627
62481.0738 lsst_hardware_z 26.239534421039302 41.220001220703125 30.950000762939453 AB 10.23718541091007 1.026318548079475
62481.0863 lsst_hardware_g 17.585790194550864 18.479999542236328 31.530000686645508 AB 11.082302574342576 1.040266199093433
