data/validation/pwv_sim_epoch_fit_seasonal/15666751.ecsv
# %ECSV 0.9
# ---
# datatype:
# - {name: time, datatype: float64}
# - {name: band, datatype: string}
# - {name: flux, datatype: float64}
# - {name: fluxerr, datatype: float64}
# - {name: zp, datatype: float64}
# - {name: zpsys, datatype: string}
# - {name: pwv, datatype: float64}
# - {name: airmass, datatype: float64}
# meta: {SNID: '15666751', alt: 1024.0, c: 0.004732766654342413, dec: -46.768478, lat: -30.244573, lon: -70.7499537, ra: 87.85714, t0: 59893.234375,
#   x0: 2.5218568315624398e-06, x1: 0.8263881206512451, z: 0.8110242486000061}
# schema: astropy-2.0
time band flux fluxerr zp zpsys pwv airmass
59877.3732 lsst_hardware_z 458.4739567158961 62.10710613501205 30.979999542236328 AB 3.8614040109926293 1.0515806130153627
59879.371 lsst_hardware_u 2.316704912394477 12.879505030625872 29.34000015258789 AB 3.2428458108591207 1.0538985410656876
59881.3542 lsst_hardware_g 94.59816132570974 16.695916308649885 31.440000534057617 AB 3.7672778611718414 1.0470477657509287
59881.3649 lsst_hardware_i 687.3778887462215 45.70837689902498 31.290000915527344 AB 3.73227483412434 1.0534221942208128
59883.3577 lsst_hardware_z 514.4250045250545 48.543345750306365 30.959999084472656 AB 5.000488757168508 1.0521806958797493
59883.3681 lsst_hardware_r 598.9280184240005 41.37355416690563 31.59000015258789 AB 4.942874430268248 1.0608164889510872
59885.3671 lsst_hardware_u 10.626340794396677 13.7535088201583 29.3700008392334 AB 2.7559894555789244 1.0654255167986137
59887.3483 lsst_hardware_g 121.81629253508308 16.7399144435277 31.399999618530273 AB 6.108924110837991 1.0532627777306882
59887.3604 lsst_hardware_r 649.3676228579767 35.71351527771486 31.530000686645508 AB 6.171719204589419 1.0640895180326584
59896.3571 lsst_hardware_i 957.9523690616222 59.70607857887325 31.309999465942383 AB 4.57758955389757 1.093177469139077
59898.2882 lsst_hardware_r 1031.7473374268163 58.526176682419 32.34000015258789 AB 4.791175594654564 1.0430716098669055
59898.3036 lsst_hardware_z 645.4938108512998 49.910700930303044 30.950000762939453 AB 5.4418651651505385 1.045373342860448
59899.3372 lsst_hardware_z 658.027505372345 49.20908760670853 30.950000762939453 AB 4.2987064779844015 1.075528079225487
59899.3493 lsst_hardware_g 76.64418764940169 31.270018725237303 31.6299991607666 AB 4.357763865393749 1.0938391111076828
59901.3389 lsst_hardware_r 427.5766094321773 31.275847784972665 31.510000228881836 AB 3.9596609275343213 1.0858302360697407
59901.3512 lsst_hardware_z 626.8570098002717 55.85724637779112 30.959999084472656 AB 4.052158036386902 1.1071974233034307
59903.3399 lsst_hardware_r 354.95755043661563 28.914640589666174 31.479999542236328 AB 5.494080199545411 1.096458653803405
59903.3522 lsst_hardware_u -5.229267034966065 7.12757031945743 29.040000915527344 AB 5.604734199267702 1.1203866465302985
59905.3251 lsst_hardware_u 2.53684978583169 2.5422567421220417 28.329999923706055 AB 4.866777404465144 1.081506089881143
59905.3378 lsst_hardware_g 23.277900446139842 14.50781152999068 31.3700008392334 AB 5.326478129513 1.1025051755783701
59909.3221 lsst_hardware_z 435.27329880153997 46.3978373568518 30.940000534057617 AB 5.738846770022145 1.0940166683654087
59909.335 lsst_hardware_r 270.4104428803559 26.949531151291904 31.469999313354492 AB 5.705063799739008 1.118639960733139
59911.3211 lsst_hardware_u 2.43852719603152 2.6089022592478095 28.389999389648438 AB 3.8586462532622283 1.1019193983757345
59911.3322 lsst_hardware_g 40.28319605155117 13.739481828356647 31.360000610351562 AB 3.9386229375470734 1.1244106021450464
59913.3179 lsst_hardware_r 188.06340189336183 25.895439236495683 31.469999313354492 AB 6.434396023370153 1.1061681940408454
59913.3294 lsst_hardware_z 512.1975736415834 46.76258623436783 30.940000534057617 AB 6.562137058430228 1.1304284338381099
59917.3067 lsst_hardware_z 350.9929860255715 45.641566940178095 30.940000534057617 AB 4.010696605213989 1.1056365555378131
59917.3198 lsst_hardware_g 1.9795386042692429 13.654020370904968 31.350000381469727 AB 4.085363138269686 1.1335111597511267
59919.3112 lsst_hardware_r 164.40927246118798 59.147397473946924 31.6200008392334 AB 4.8912016286097035 1.1262913196960573
59919.3233 lsst_hardware_i 375.45541434491895 53.56627410132959 31.290000915527344 AB 5.072144131487569 1.1561101217135035
59921.2209 lsst_hardware_r 202.74334858631963 118.91510790245675 32.40999984741211 AB 5.379533157936253 1.043556383693026
59921.2346 lsst_hardware_i 308.3256010482943 67.38909476392257 31.329999923706055 AB 5.2843841283402595 1.0437258795855333
59923.2202 lsst_hardware_z 326.8613387845088 56.990824980313995 30.979999542236328 AB 9.73360253649143 1.043072248954252
59923.2347 lsst_hardware_i 239.801667996318 59.88751009390278 31.329999923706055 AB 9.736079690547925 1.0451670747743889
59928.214 lsst_hardware_r 103.6970989359148 65.6997557600646 31.639999389648438 AB 8.41942981570496 1.0434784150813803
59928.2269 lsst_hardware_i 156.73437869206697 66.53703673191362 31.329999923706055 AB 8.446553392764601 1.047546244777849
59930.2155 lsst_hardware_z 260.6701951769986 77.71265864179149 31.0 AB 8.858270303122 1.0451414209056238
59930.2269 lsst_hardware_u 45.32167790980442 22.454286891490586 29.489999771118164 AB 8.90602920206809 1.0505696605144292
59932.2032 lsst_hardware_r 62.25997763834959 66.47094966488712 31.649999618530273 AB 5.410889080745449 1.0434987941783838
59932.2145 lsst_hardware_g 11.882553980637084 72.04898122030896 31.729999542236328 AB 5.4133329994405806 1.0468638560125518
59936.2009 lsst_hardware_z 141.32343806522104 77.35642157271445 31.0 AB 6.118892500307334 1.045770868695085
59936.2135 lsst_hardware_i 163.5981072102011 66.15956836054886 31.329999923706055 AB 7.120009077961134 1.0525551153759787
59938.2037 lsst_hardware_u 28.973081627430453 22.300035625823295 29.469999313354492 AB 7.071028704621774 1.049750027284732
59938.2159 lsst_hardware_g 74.14201985077078 70.95510471745679 31.719999313354492 AB 6.97518995105282 1.058919342306626
59941.1931 lsst_hardware_r 40.521753472807696 66.0984822382816 31.649999618530273 AB 6.413196202937981 1.0484075258532222
59941.2049 lsst_hardware_i 232.07232375328493 66.58689088471216 31.329999923706055 AB 6.391997675800115 1.0564557827918377
59945.1803 lsst_hardware_r -27.587218632645452 66.10210825019298 31.649999618530273 AB 7.335185911808719 1.0474669594752257
59945.1936 lsst_hardware_z 122.21952854123398 78.06295602537334 31.0 AB 7.391342175474005 1.0561421482765796
59949.1836 lsst_hardware_z 108.92639713370443 76.78308393268492 30.989999771118164 AB 11.861552690863547 1.0569203351106926
59949.1973 lsst_hardware_i 207.80712829658458 65.45653423620547 31.31999969482422 AB 12.278359680482621 1.0712075681284166
59951.1907 lsst_hardware_z 141.7710394338272 108.44526552008753 31.739999771118164 AB 8.528250406947395 1.0698202475785985
59953.1281 lsst_hardware_g 23.299484933158432 71.24120259764847 31.729999542236328 AB 6.6869313024413435 1.0448330160064598
59953.1405 lsst_hardware_r -4.625824801409783 65.23879060267285 31.639999389648438 AB 6.675574781797271 1.0430585596558235
59957.1544 lsst_hardware_g -41.83873378713223 70.98087394800518 31.719999313354492 AB 5.235805883109319 1.0513666431946422
59957.1675 lsst_hardware_r 150.81466813047243 64.95246090705886 31.639999389648438 AB 5.627604805882401 1.062279897920292
59962.1041 lsst_hardware_u -9.282319771729728 22.867515319498636 29.5 AB 4.099797760267584 1.0446675398821772
59962.1166 lsst_hardware_r -4.459103317425392 66.17030179438973 31.649999618530273 AB 4.093562910795694 1.0430788408193947
59964.1013 lsst_hardware_i 93.23224973675657 65.66673004909181 31.329999923706055 AB 8.006396102560435 1.0439947975694894
59964.1139 lsst_hardware_z 110.47018036714732 76.73090221734944 31.0 AB 7.949699788308913 1.0432676887544505
59966.1027 lsst_hardware_r 88.68595188680408 92.56336967719743 32.38999938964844 AB 11.62660994463668 1.0430961035896988
59966.1162 lsst_hardware_u 12.785656066664618 31.706644617697556 30.219999313354492 AB 11.69918696217576 1.044842358844261
59968.0968 lsst_hardware_g 142.83184302405448 71.76149784174865 31.719999313354492 AB 13.544802246582236 1.0431181496414867
59968.1099 lsst_hardware_r -90.57035076429221 65.6991371116772 31.639999389648438 AB 13.568896891827864 1.044598317253789
59973.0908 lsst_hardware_i 41.60745601802586 65.40984619348784 31.329999923706055 AB 12.150989668787602 1.0434512381955863
59973.1023 lsst_hardware_z 180.66207466815706 76.5287798493055 30.989999771118164 AB 11.989735081900834 1.0467727502969124
59975.0933 lsst_hardware_r 125.10791115048885 65.33482111420132 31.649999618530273 AB 9.299864157107027 1.0453886062713398
59975.1057 lsst_hardware_z 68.68550369029754 76.59936126610721 31.0 AB 9.345517561771336 1.051673081710267
59977.0927 lsst_hardware_r 121.65621789101179 65.34219784870092 31.649999618530273 AB 6.269413950245564 1.047375294486242
59977.1059 lsst_hardware_i 47.760214346152445 65.44018732477375 31.329999923706055 AB 6.461168702186307 1.0558902958768308
59979.0846 lsst_hardware_z 42.53821620277475 76.66713744378734 31.0 AB 10.971119608342264 1.0462219800226258
59979.0966 lsst_hardware_i -45.046205186574156 65.60301022040447 31.329999923706055 AB 11.04866010791297 1.0529385893593897
59985.0692 lsst_hardware_g 28.881319819639074 70.94999694824219 31.719999313354492 AB 2.7212449067658877 1.0466326564484183
59985.0822 lsst_hardware_r 0.4731804540910615 64.77999877929688 31.639999389648438 AB 2.741483404041144 1.0544166938619786
59987.069 lsst_hardware_i -58.509016670460774 64.94000244140625 31.329999923706055 AB 2.138368467477659 1.0492485120106276
59987.0799 lsst_hardware_z 45.56679070833919 76.05000305175781 30.989999771118164 AB 2.093541540008737 1.0569883238010573
59989.0674 lsst_hardware_r 74.38008473932786 64.66000366210938 31.639999389648438 AB 2.6502829106606063 1.0516300154727514
59989.0801 lsst_hardware_g -81.37858191451112 70.68000030517578 31.719999313354492 AB 2.6946283594002733 1.0622713637583314
59993.0533 lsst_hardware_z -138.44677513732574 77.16000366210938 30.989999771118164 AB 4.666540202486324 1.0496435319556867
59993.0654 lsst_hardware_i 17.107095995082194 65.62000274658203 31.31999969482422 AB 4.825684188762798 1.0586510103319053
59995.0564 lsst_hardware_u 14.415326529222595 22.389999389648438 29.479999542236328 AB 3.5405207079343235 1.0556114215665842
59995.0687 lsst_hardware_g -71.23473274530778 70.91000366210938 31.719999313354492 AB 3.5668627081673043 1.0676565851336406
59997.0539 lsst_hardware_r 72.20319721760812 65.33000183105469 31.649999618530273 AB 5.871577631898506 1.0581325701745372
59997.0667 lsst_hardware_i 39.03642076549995 65.11000061035156 31.329999923706055 AB 5.916915039731178 1.07180781446086
59999.0537 lsst_hardware_z -84.86625190771404 76.06999969482422 30.989999771118164 AB 8.4199374563804 1.0632017244174632
59999.0656 lsst_hardware_u 64.55847896533447 22.040000915527344 29.450000762939453 AB 8.538431293539306 1.077529214971991
60001.0516 lsst_hardware_g -73.80556077743417 70.81999969482422 31.719999313354492 AB 6.903889249356549 1.0668418537174023
60001.0623 lsst_hardware_r 104.98473787778283 64.80000305175781 31.639999389648438 AB 6.932224466358987 1.0805712043581328
60233.3343 lsst_hardware_r 32.133985399510536 64.93000030517578 31.639999389648438 AB 7.768990811193439 1.0620508963707553
60233.3438 lsst_hardware_y -7.586356353891044 80.79000091552734 30.06999969482422 AB 7.701669798370443 1.0537241480873503
60247.3582 lsst_hardware_r 63.985183941854444 65.6500015258789 31.639999389648438 AB 5.102956047835123 1.0502790987586907
60247.3685 lsst_hardware_y 71.44544400913347 81.86000061035156 30.059999465942383 AB 5.129952659670341 1.0580130605673268
60249.3665 lsst_hardware_z 56.469590685529006 75.05000305175781 30.989999771118164 AB 5.393383554089396 1.0612544502594532
60261.3526 lsst_hardware_z 112.86771266516521 75.86000061035156 30.989999771118164 AB 4.535789269501435 1.0848575148293313
60263.3495 lsst_hardware_u 5.706943955601264 21.979999542236328 29.440000534057617 AB 5.972492762712193 1.0885466760712759
60263.3603 lsst_hardware_g 114.84863974058398 70.2300033569336 31.700000762939453 AB 6.05371447708539 1.1076400659453334
60265.3409 lsst_hardware_g 60.557242091876304 70.38999938964844 31.709999084472656 AB 3.4432987873013152 1.0836787077451397
60265.354 lsst_hardware_r -112.18465769446172 64.41000366210938 31.6299991607666 AB 3.519455904126793 1.1060225441802152
60270.3162 lsst_hardware_z 19.561264517978124 76.01000213623047 30.989999771118164 AB 4.809917753125667 1.0688706118057039
60270.3286 lsst_hardware_u -1.944618262366833 21.979999542236328 29.440000534057617 AB 4.885824708871782 1.0857388241937294
60272.3275 lsst_hardware_z -66.00560271410572 75.83999633789062 30.989999771118164 AB 10.263230942713626 1.0927630901527396
60272.3397 lsst_hardware_r -77.67655041303551 64.27999877929688 31.6200008392334 AB 9.365592876001156 1.115615589755917
60274.3228 lsst_hardware_i 34.382306617930055 64.7699966430664 31.31999969482422 AB 5.680667743162633 1.0940491256011593
60274.3353 lsst_hardware_z -146.95206309920587 75.83999633789062 30.989999771118164 AB 5.700957539910321 1.1178348117471217
60276.3226 lsst_hardware_i -39.499682051625705 64.80999755859375 31.31999969482422 AB 3.882637783153905 1.1034400672093
60276.3351 lsst_hardware_z -6.67754050270555 75.80999755859375 30.979999542236328 AB 4.333936679543729 1.129413658671924
60280.3164 lsst_hardware_i 19.512754199551136 64.44000244140625 31.309999465942383 AB 7.293670519918268 1.112631524445953
60280.328 lsst_hardware_r -64.0651805349761 64.08000183105469 31.6200008392334 AB 7.413711183690527 1.1384400251360722
60282.32 lsst_hardware_z -100.16737059389636 105.81999969482422 31.739999771118164 AB 3.9708943576633184 1.1323843225275623
60284.3069 lsst_hardware_g -8.695691496605734 70.12999725341797 31.700000762939453 AB 4.888314951634285 1.115544260984547
60284.3191 lsst_hardware_r -104.45735141149696 64.29000091552734 31.6200008392334 AB 5.00536665035392 1.1434304169855567
60290.2176 lsst_hardware_r -134.11732802431183 66.01000213623047 31.649999618530273 AB 13.095378880341023 1.043040930333813
60290.2297 lsst_hardware_u -35.19411124978531 22.600000381469727 29.479999542236328 AB 13.07463524254385 1.0450929413327885
60295.2108 lsst_hardware_i 4.836453000243845 29.600000381469727 31.25 AB 8.854084486644268 1.0437444874034936
60295.2239 lsst_hardware_z 24.01932231364081 40.68000030517578 30.950000762939453 AB 8.797146606063631 1.048444295971353
60297.2119 lsst_hardware_r -21.341341032209563 21.31999969482422 31.479999542236328 AB 5.346916623803066 1.0455449010174798
60297.2264 lsst_hardware_g 10.046553391589425 12.649999618530273 31.3799991607666 AB 5.457061909810126 1.0534868551757002
60301.1967 lsst_hardware_z -94.09661282084197 48.09000015258789 30.969999313354492 AB 6.133738814939772 1.0442480177520101
60301.2084 lsst_hardware_r 114.33323613341928 50.790000915527344 31.6299991607666 AB 7.065813410801879 1.0489238687402567
60303.1994 lsst_hardware_i -57.92862060188377 57.27000045776367 31.31999969482422 AB 6.9453047967319925 1.047136113689616
60303.2117 lsst_hardware_z -62.486073109517804 54.54999923706055 30.979999542236328 AB 6.930723492695323 1.0547708549441202
60304.2003 lsst_hardware_r -195.03450632420447 112.51000213623047 32.400001525878906 AB 7.452974770122751 1.048976040833542
60304.2167 lsst_hardware_z 76.07487888950253 57.95000076293945 30.979999542236328 AB 7.80198527904736 1.061639036473991
60306.1908 lsst_hardware_y -20.481084921974073 51.70000076293945 30.049999237060547 AB 6.3057051714411125 1.0469520865761792
60306.2054 lsst_hardware_r 95.97207229828491 76.93000030517578 31.649999618530273 AB 6.426722647267523 1.0563028594329156
60308.1994 lsst_hardware_i -52.41204919053572 48.529998779296875 31.309999465942383 AB 9.819476482394796 1.0558576862790103
60308.2124 lsst_hardware_z 102.36919417134627 50.06999969482422 30.969999313354492 AB 9.607296567351513 1.0688332311192732
60310.1965 lsst_hardware_r -13.344004570042426 43.15999984741211 31.610000610351562 AB 7.407691614779689 1.0580474319756572
60310.2096 lsst_hardware_g 48.471547508949705 44.63999938964844 31.690000534057617 AB 7.543581201940057 1.0720727870309592
60312.1344 lsst_hardware_r -11.01636389289853 21.389999389648438 31.479999542236328 AB 4.0765587546076025 1.0495774342450064
60312.1484 lsst_hardware_u 0.030134191034455502 2.5899999141693115 28.40999984741211 AB 4.001848119731353 1.0439830743445777
60314.1318 lsst_hardware_g -1.3882707040080469 12.670000076293945 31.3799991607666 AB 11.892161762221438 1.0480214820526064
60314.1443 lsst_hardware_i 11.382351527993995 29.579999923706055 31.239999771118164 AB 11.843237263755167 1.043709908899087
60316.1821 lsst_hardware_r 14.252692336009252 21.350000381469727 31.469999313354492 AB 8.439637298233928 1.0598675901711803
60316.1956 lsst_hardware_u -4.682424357651157 2.5199999809265137 28.34000015258789 AB 8.62493226994685 1.0751486754205806
60320.159 lsst_hardware_i 43.98610270489753 29.700000762939453 31.25 AB 5.099339843437401 1.0503815527962101
60320.1726 lsst_hardware_z 10.45194256750952 40.9900016784668 30.940000534057617 AB 7.256046541007938 1.0612392561926587
60324.1487 lsst_hardware_r 61.379277157826444 21.260000228881836 31.469999313354492 AB 5.799297768347001 1.0507719159305442
60324.1626 lsst_hardware_i 27.8375769216522 29.639999389648438 31.239999771118164 AB 5.860991333978879 1.062158632471707
60326.156 lsst_hardware_z -29.06165361244744 40.650001525878906 30.940000534057617 AB 1.5213391321467258 1.0610292680321232
60326.1691 lsst_hardware_i 69.11155705993585 29.700000762939453 31.229999542236328 AB 3.3201664743543224 1.0762290030321908
60334.1014 lsst_hardware_z 18.548089266468544 56.970001220703125 30.969999313354492 AB 8.144835954244757 1.0433180129263138
60334.1153 lsst_hardware_r -134.4681033071731 78.86000061035156 31.649999618530273 AB 8.189223089420492 1.0474049761044202
60336.0989 lsst_hardware_z 5.655244401639616 54.540000915527344 30.969999313354492 AB 11.77515010278271 1.043772908295359
60336.1117 lsst_hardware_r 48.97268544122987 71.9000015258789 31.649999618530273 AB 11.839164394234539 1.0483321482498116
60338.0901 lsst_hardware_i 17.408921121889975 41.310001373291016 31.290000915527344 AB 11.968478918921708 1.0432774510915017
60338.1018 lsst_hardware_z -36.23764505143129 47.029998779296875 30.959999084472656 AB 12.047820833604336 1.0462718917589524
60340.0891 lsst_hardware_r 16.55743003832221 21.31999969482422 31.479999542236328 AB 9.284163541586896 1.0440051211560113
60340.1016 lsst_hardware_u 2.3115782811488073 2.5999999046325684 28.420000076293945 AB 9.326551783872087 1.0487716832511655
60344.0873 lsst_hardware_g 2.130289763320853 12.5600004196167 31.360000610351562 AB 10.972241721004405 1.0470861948058217
60344.1004 lsst_hardware_r -27.895752900187492 21.3700008392334 31.469999313354492 AB 11.063295960558486 1.0553055716658082
60348.0367 lsst_hardware_y -134.73155541168944 48.54999923706055 30.040000915527344 AB 7.226684779905386 1.0492464290243755
60348.0512 lsst_hardware_z -56.28800530633245 40.54999923706055 30.940000534057617 AB 10.373962081984923 1.0437719149791567
60350.0713 lsst_hardware_u 4.116621355507241 2.5999999046325684 28.420000076293945 AB 2.7228886085502735 1.0472648494424128
60350.0841 lsst_hardware_r 3.7504103942185325 21.440000534057617 31.479999542236328 AB 3.6243332673154036 1.055374889778812
60352.0651 lsst_hardware_i -59.10543890925251 29.600000381469727 31.25 AB 2.148297269055816 1.046928493691918
60352.0773 lsst_hardware_z -51.93494679009398 40.810001373291016 30.950000762939453 AB 2.1761240521127454 1.0543236686593287
60356.0558 lsst_hardware_g 3.8375793296822867 21.920000076293945 31.579999923706055 AB 2.514451640681747 1.0476881836173946
60359.0551 lsst_hardware_i 34.22860423280405 41.54999923706055 31.299999237060547 AB 3.070333338467649 1.0520845248889812
60359.067 lsst_hardware_z 29.780120657736823 46.470001220703125 30.959999084472656 AB 3.1046443914716186 1.0621431376912824
60367.0533 lsst_hardware_u -34.12058390447379 14.079999923706055 30.0 AB 8.433629824131724 1.0712772085273705
60367.0665 lsst_hardware_g 2.1992421823607198 57.790000915527344 31.700000762939453 AB 8.495019956335284 1.090153346979183
