data/validation/pwv_sim_epoch_fit_seasonal/15712912.ecsv
# %ECSV 0.9
# ---
# datatype:
# - {name: time, datatype: float64}
# - {name: band, datatype: string}
# - {name: flux, datatype: float64}
# - {name: fluxerr, datatype: float64}
# - {name: zp, datatype: float64}
# - {name: zpsys, datatype: string}
# - {name: pwv, datatype: float64}
# - {name: airmass, datatype: float64}
# meta: {SNID: '15712912', alt: 1024.0, c: -0.09473294019699097, dec: -12.024699, lat: -30.244573, lon: -70.7499537, ra: 36.035156, t0: 61651.53515625,
#   x0: 2.2979564923221004e-06, x1: -0.2089991271495819, z: 0.8416528105735779}
# schema: astropy-2.0
time band flux fluxerr zp zpsys pwv airmass
61616.4189 lsst_hardware_r 24.480758925377756 23.680859278680888 31.5 AB 3.9855883426630188 1.0639584470536623
61616.4376 lsst_hardware_z -10.800612995398183 55.89420400411655 30.979999542236328 AB 3.967247331462984 1.0539976969880405
61618.4139 lsst_hardware_z 50.72522302435865 41.586114509055676 30.950000762939453 AB 6.6720256890882546 1.0635535104816558
61618.4346 lsst_hardware_y -72.5637315150233 56.37478422576406 30.049999237060547 AB 7.073889302600952 1.0536682053946778
61623.4069 lsst_hardware_i 21.794192301816217 31.566522653637133 31.25 AB 3.0636073290629517 1.0586065407957677
61623.4276 lsst_hardware_y -59.571254934658995 50.78550248898783 30.049999237060547 AB 2.976229381191593 1.0539055882406492
61625.4081 lsst_hardware_r -2.0349878954674994 23.747614260228712 31.510000228881836 AB 1.4774788902475273 1.0553420644625195
61625.428 lsst_hardware_y 105.13840948386833 51.479249964845096 30.049999237060547 AB 1.9255508860261301 1.0554819400839943
61630.3965 lsst_hardware_i 297.00924289446135 34.73574153849907 31.260000228881836 AB 4.736806550809923 1.054674433801263
61630.4167 lsst_hardware_z 211.52723415104686 44.16511228950171 30.950000762939453 AB 4.913675378201729 1.0564771830147772
61650.3659 lsst_hardware_i 887.3155126716852 42.0746265352882 31.25 AB 2.257051262639958 1.0585303142878586
61650.3844 lsst_hardware_z 525.8383923618884 48.064008264865244 30.950000762939453 AB 2.221915243178163 1.076509323245234
61652.2998 lsst_hardware_z 557.3346505777743 47.898863490522025 30.940000534057617 AB 2.533002083857126 1.0912624759921559
61652.3178 lsst_hardware_r 564.0782679514616 32.38054007689863 31.489999771118164 AB 2.481601157437049 1.0666289583883588
61654.3488 lsst_hardware_u 0.03954646476162319 2.728489682532416 28.399999618530273 AB 0.9400771090512955 1.0554757960905263
61654.3662 lsst_hardware_g 86.00002238939356 16.245079148920937 31.40999984741211 AB 0.9403038944152217 1.0678193179694009
61673.2527 lsst_hardware_r 159.4246005604427 26.18530355605876 31.489999771118164 AB 6.338050527262335 1.0756131569388774
61673.272 lsst_hardware_i 307.2736720131506 36.08060452277965 31.25 AB 6.381276061045144 1.0576700653667799
61677.2917 lsst_hardware_z 295.33624333355885 44.50729692529512 30.950000762939453 AB 6.425090296793309 1.058237716675046
61677.3117 lsst_hardware_r 116.32347195615343 25.368184562694093 31.5 AB 6.554479762006362 1.077891697191544
61679.2148 lsst_hardware_i 270.92317469444794 34.733922521597044 31.239999771118164 AB 4.701176612091263 1.1138909162638024
61679.2327 lsst_hardware_u 5.545930852776336 2.6546896422573867 28.3700008392334 AB 4.547243263405376 1.0806400467544213
61681.2169 lsst_hardware_g 14.89264888383271 14.849450438778968 31.43000030517578 AB 3.6072127976198485 1.0980860875554057
61681.2357 lsst_hardware_r 84.80208295765654 24.715866340835888 31.489999771118164 AB 3.4851707471453954 1.0697270556000809
61683.2149 lsst_hardware_i 159.3559767869103 33.56218785954316 31.239999771118164 AB 7.36505703744366 1.0917260755892029
61683.2342 lsst_hardware_r 96.18471759856472 24.598028988792024 31.489999771118164 AB 7.113851850278171 1.0656125602714352
61685.2135 lsst_hardware_z 217.25740605172723 44.94135733792808 30.950000762939453 AB 4.403936202409754 1.08493603836838
61685.2336 lsst_hardware_g 22.373845928812486 15.19269049047061 31.420000076293945 AB 4.2549109622368855 1.0614059151200337
61687.2149 lsst_hardware_r 58.72603613674045 39.23846181479561 31.59000015258789 AB 3.282963102838075 1.0750595506633074
61687.2334 lsst_hardware_i 118.03037474390374 39.695691833318946 31.280000686645508 AB 3.2860422517795693 1.0578808054020497
61690.2014 lsst_hardware_z 142.85615265415436 56.29018302822904 30.969999313354492 AB 6.588994123300076 1.0825291549782539
61690.2197 lsst_hardware_r 62.86561922926587 67.93296560069871 31.639999389648438 AB 5.838791321156784 1.0615984220285062
61691.2176 lsst_hardware_z 430.37659821815606 90.89628832334078 31.729999542236328 AB 6.173914256574337 1.0611138796747643
61693.1976 lsst_hardware_r 54.480996643041586 125.270426950145 31.649999618530273 AB 7.050266309713168 1.0762669921199968
61693.2139 lsst_hardware_z 210.4045846993148 83.42051597176525 30.989999771118164 AB 6.790051230437384 1.0598415031900184
61697.1804 lsst_hardware_z 127.81562994406667 56.03672435737136 30.969999313354492 AB 2.8039502032926165 1.0854701090236174
61697.1977 lsst_hardware_g -6.45584038499729 64.61629333017672 31.709999084472656 AB 2.7569470929404245 1.064013286440241
61704.168 lsst_hardware_z 8.785268084676593 42.78674903394194 30.950000762939453 AB 1.367920138850599 1.0756908038147137
61704.185 lsst_hardware_r 27.93031669018201 24.019513068225287 31.510000228881836 AB 1.3739848477878238 1.0590839011728639
61708.1724 lsst_hardware_r 70.94122871817774 24.08746855712433 31.510000228881836 AB 5.451297395909694 1.0602199149257103
61710.081 lsst_hardware_i 75.72181897349802 33.929863160185576 31.219999313354492 AB 5.34240003532541 1.2961746951861082
61712.1496 lsst_hardware_u 5.156775797203678 3.9295603691489407 29.1299991607666 AB 4.192289937510207 1.0713977052523158
61712.1702 lsst_hardware_g 44.51654715778677 22.27398433018286 32.18000030517578 AB 3.849859647749791 1.0554789986975013
61721.1274 lsst_hardware_z 115.65399245332922 74.81752781185405 30.989999771118164 AB 4.6104432540126306 1.0687165632852644
61721.1472 lsst_hardware_r 56.299697979053555 106.34314902053637 31.65999984741211 AB 4.609330381548512 1.0549276124994595
61727.1064 lsst_hardware_u 0.7321384822007663 2.6611905597271615 28.3700008392334 AB 5.870155056009691 1.0741363322982052
61727.1261 lsst_hardware_g 47.409519631716655 14.915692619448677 31.420000076293945 AB 4.881335354099107 1.056852038776532
61730.106 lsst_hardware_r 34.93053519160568 23.49871159276158 31.5 AB 3.5448621969021192 1.0654830769165788
61730.1262 lsst_hardware_i 59.6492933280921 31.612614600455757 31.25 AB 3.078273006709839 1.0540226011675533
61733.0962 lsst_hardware_z 29.41724553919422 42.07054045990221 30.950000762939453 AB 8.452263559698007 1.0670702638173923
61733.1157 lsst_hardware_u -4.359172603662871 2.6343301168422 28.3799991607666 AB 8.375943199531033 1.0545505119436418
61735.1017 lsst_hardware_g 8.445573132738415 14.493762983712523 31.420000076293945 AB 3.837018826306228 1.0582446774461343
61735.1191 lsst_hardware_r -15.314327544161623 23.13910283968282 31.489999771118164 AB 3.727120736236038 1.0536030349783854
61739.1427 lsst_hardware_i 31.019446238141228 31.248181395066204 31.239999771118164 AB 5.68705977002472 1.0782689045883405
61739.1617 lsst_hardware_u -0.8399342756763492 2.6658264767473074 28.389999389648438 AB 5.810755648697349 1.112638707266127
61741.0692 lsst_hardware_u 3.0034972929883677 2.7065098795943507 28.399999618530273 AB 6.704259695019101 1.0728532077163264
61741.0884 lsst_hardware_g -13.546244174752482 14.370680756342626 31.420000076293945 AB 6.702140330732097 1.0565921854067077
61743.0742 lsst_hardware_r 39.812643874526835 25.21682510666307 31.520000457763672 AB 3.6628729305079175 1.062215446256589
61743.0928 lsst_hardware_i 57.524335921141095 32.00840232290836 31.25 AB 2.739650095152918 1.0537115750588146
61749.0619 lsst_hardware_i 18.8380822408564 68.5999984741211 31.329999923706055 AB 7.710437102058143 1.0592229739982795
61749.0777 lsst_hardware_z -118.05481204369715 62.4900016784668 30.989999771118164 AB 7.751615438056429 1.0536022886345344
61751.1136 lsst_hardware_i -55.032080288817845 78.2300033569336 31.329999923706055 AB 13.6361084466709 1.0836642474174836
61751.1321 lsst_hardware_z 50.077937235079524 70.0199966430664 30.979999542236328 AB 13.20240244978843 1.1199787171894704
61753.1118 lsst_hardware_g 17.365189199993193 94.80000305175781 31.719999313354492 AB 8.045713209598949 1.089626762165375
61753.1306 lsst_hardware_r 43.32806335528863 89.55999755859375 31.639999389648438 AB 8.101430861724632 1.129867279624139
61755.0449 lsst_hardware_y -12.021749194553994 49.959999084472656 30.040000915527344 AB 10.59618165164245 1.0596325264841957
61755.065 lsst_hardware_i -115.49549347340074 30.84000015258789 31.260000228881836 AB 10.531050248133768 1.053632999151408
61757.045 lsst_hardware_z 42.04737918599597 42.810001373291016 30.950000762939453 AB 4.230036214389477 1.056452600996373
61757.0646 lsst_hardware_u 0.9135860070401395 2.6600000858306885 28.40999984741211 AB 4.2567582057964595 1.054501320566411
61759.0471 lsst_hardware_y -5.954999946036123 49.31999969482422 30.040000915527344 AB 5.58224817486662 1.0540001274234827
61759.0691 lsst_hardware_r -6.999118848281061 22.760000228881836 31.489999771118164 AB 5.705459342178938 1.0590179753467437
61984.4153 lsst_hardware_r 32.65472183642886 33.13999938964844 32.25 AB 1.9612634046060005 1.0608113610056795
61984.4363 lsst_hardware_y -29.981014720491437 91.08999633789062 30.809999465942383 AB 1.2840170497881762 1.0536244938086785
61991.3815 lsst_hardware_r 12.482534797498495 77.33000183105469 31.649999618530273 AB 4.155180520262239 1.0759141688923457
61991.4053 lsst_hardware_y -29.990245558781208 52.52000045776367 30.049999237060547 AB 3.9981308064522993 1.0556585477342808
61993.3829 lsst_hardware_z -38.92291884196599 57.15999984741211 30.979999542236328 AB 6.441299603181031 1.0677957014722381
61993.408 lsst_hardware_y -47.47750798236025 52.13999938964844 30.049999237060547 AB 6.335700043000798 1.0536962679270667
61996.4026 lsst_hardware_z 11.876713754820614 64.41999816894531 31.709999084472656 AB 3.7023355858665608 1.0535957842534323
61996.423 lsst_hardware_y 0.7967914219840743 74.30999755859375 30.799999237060547 AB 4.395784925911439 1.0617196850217834
62000.3954 lsst_hardware_u -2.7676847562115463 2.799999952316284 28.510000228881836 AB 2.563468568898833 1.0539133488689185
62000.4151 lsst_hardware_y -75.52097359584246 47.880001068115234 30.040000915527344 AB 2.5946901350186122 1.0642699487361003
62010.2682 lsst_hardware_i 0.8788074203744524 45.619998931884766 31.979999542236328 AB 4.5571990095215025 1.2501460340677129
62010.294 lsst_hardware_z -74.74059561282776 60.369998931884766 31.690000534057617 AB 3.530267389665204 1.1516122621644769
62014.308 lsst_hardware_g 29.836629721074495 55.939998626708984 31.690000534057617 AB 1.72696808885905 1.0924991863729558
62014.3254 lsst_hardware_i -55.29891092287898 44.70000076293945 31.290000915527344 AB 1.6558953686447702 1.0679750845820306
62022.2739 lsst_hardware_i 7.59282543381888 69.19000244140625 31.31999969482422 AB 4.806330720641708 1.1177513303817925
62022.2926 lsst_hardware_r 64.15793810105481 81.41000366210938 31.639999389648438 AB 3.974330419788234 1.0819411306138569
62029.2553 lsst_hardware_r 1.8481230804355924 23.229999542236328 31.5 AB 4.459156909914718 1.1165571095688303
62029.2742 lsst_hardware_i 37.10968795416229 30.899999618530273 31.25 AB 4.319936412991307 1.080884840615006
62032.2618 lsst_hardware_i -13.713151302450976 43.59000015258789 32.0 AB 6.03727124721899 1.0874537303047378
62032.286 lsst_hardware_z -22.429335132422224 58.400001525878906 31.700000762939453 AB 5.893941441586663 1.0595849782627709
62034.2468 lsst_hardware_i -14.961347405666391 31.09000015258789 31.239999771118164 AB 3.603382721070486 1.1052191149382944
62034.2663 lsst_hardware_u -0.11456412277261228 2.75 28.469999313354492 AB 4.133273170791946 1.0731128959217515
62036.2533 lsst_hardware_g 13.156747689403359 14.229999542236328 31.43000030517578 AB 1.8520247554038838 1.0835834746391662
62036.272 lsst_hardware_r -13.474432155239006 23.040000915527344 31.5 AB 1.8546767170891296 1.06183781512749
62038.2463 lsst_hardware_i -16.31178464437597 31.059999465942383 31.239999771118164 AB 6.548673412594631 1.0860154913090954
62038.2652 lsst_hardware_r 1.1743136879860039 22.940000534057617 31.479999542236328 AB 6.263328324274103 1.0629322569833013
62042.245 lsst_hardware_r -49.433354341852876 43.90999984741211 31.610000610351562 AB 4.934703187114354 1.0724507071387566
62042.2643 lsst_hardware_i 8.884840782364266 40.40999984741211 31.290000915527344 AB 4.819009178680205 1.0564141422024564
62045.2198 lsst_hardware_i -25.047223378984473 65.69000244140625 31.31999969482422 AB 3.668335771381911 1.0991268228858637
62045.2392 lsst_hardware_z -57.730101675714614 60.220001220703125 30.979999542236328 AB 3.5561196539696063 1.069670523076936
62047.2187 lsst_hardware_i 142.41643228406076 91.58000183105469 31.329999923706055 AB 2.8591291635948703 1.0910971525883224
62047.2376 lsst_hardware_z 50.72398777253143 77.62999725341797 30.989999771118164 AB 2.789906995494402 1.0656634818542827
62049.2196 lsst_hardware_z 39.604902646665806 78.73999786376953 30.989999771118164 AB 5.188933297900788 1.080877648500559
62049.2374 lsst_hardware_r 221.85538798070914 114.37999725341797 31.65999984741211 AB 5.084303847309479 1.0611459261116207
62051.2163 lsst_hardware_i -126.63030255069319 64.2699966430664 31.31999969482422 AB 3.4453586433111933 1.0777972815366972
62051.2339 lsst_hardware_r 70.55546397684238 76.7699966430664 31.649999618530273 AB 3.5819082991424787 1.0597361831785725
62053.2123 lsst_hardware_z -6.7559800237089895 48.66999816894531 30.969999313354492 AB 2.8426880265478514 1.0758249122800836
62053.2312 lsst_hardware_g -1.5907792101430362 47.13999938964844 31.700000762939453 AB 2.794004009962329 1.0580008873319842
62058.2035 lsst_hardware_z -12.829802680130102 41.810001373291016 30.950000762939453 AB 7.072753947211915 1.0699002542172118
62058.2206 lsst_hardware_r -11.200770184171665 23.239999771118164 31.5 AB 6.758620802413486 1.0564196533758021
62061.1935 lsst_hardware_r -13.528431699718285 23.329999923706055 31.510000228881836 AB 6.243669367686517 1.0719972588026985
62061.2183 lsst_hardware_z 27.39332214917844 41.41999816894531 30.950000762939453 AB 5.356585110431407 1.0543594082697252
62066.1819 lsst_hardware_i -22.601270282223123 31.190000534057617 31.260000228881836 AB 3.504099938600793 1.069627575885468
62066.2 lsst_hardware_r 8.703387212063888 23.459999084472656 31.510000228881836 AB 3.4843879204018835 1.0558751273945102
62068.1499 lsst_hardware_z 25.179896385870997 43.11000061035156 30.950000762939453 AB 4.8891968837137565 1.1140717886289513
62068.1659 lsst_hardware_g 8.869177332177337 18.3700008392334 31.530000686645508 AB 4.743495762278891 1.0836290267727418
62069.1774 lsst_hardware_r -29.52081142140848 29.93000030517578 31.56999969482422 AB 1.3396970409805695 1.0657892131909392
62069.1942 lsst_hardware_i 19.331016098919335 33.560001373291016 31.270000457763672 AB 1.2638820895024745 1.0549933969139493
62074.1682 lsst_hardware_z 56.27097584200912 61.689998626708984 30.989999771118164 AB 3.591251978276852 1.061872258508827
62076.1164 lsst_hardware_i -39.56698981063832 98.69000244140625 31.31999969482422 AB 6.20416388527802 1.1439761312743737
62078.1514 lsst_hardware_z -99.81122157081114 76.1500015258789 30.989999771118164 AB 5.442753714868046 1.0672066107584406
62078.1711 lsst_hardware_r -12.587970819059732 112.66999816894531 31.65999984741211 AB 4.858334448879402 1.0545549053352297
62082.1923 lsst_hardware_u 12.799270901036703 8.850000381469727 29.219999313354492 AB 5.516447874232923 1.0652597999870683
62082.2108 lsst_hardware_g -33.96952737262159 46.77000045776367 31.690000534057617 AB 5.221204090779048 1.0896804947884424
62084.1266 lsst_hardware_g 12.288479574129495 14.34000015258789 31.440000534057617 AB 9.495166688072109 1.0772416164662226
62084.1454 lsst_hardware_r -25.827379115141586 23.079999923706055 31.5 AB 9.350692225509354 1.0586887827500246
62087.1238 lsst_hardware_i 26.494758343030938 30.860000610351562 31.25 AB 3.6424991914558995 1.070483696548918
62087.1427 lsst_hardware_z -15.336677758173519 41.349998474121094 30.940000534057617 AB 5.279276093019702 1.0558552186039403
62089.128 lsst_hardware_i 15.300051207353677 30.959999084472656 31.25 AB 4.450921555879075 1.0612803995976359
62089.1464 lsst_hardware_u -1.5338473731469562 2.7300000190734863 28.450000762939453 AB 4.395832676934384 1.053651168967973
62092.1077 lsst_hardware_u -0.5282729944263076 2.5999999046325684 28.350000381469727 AB 5.968569992575931 1.0734033707142927
62092.1283 lsst_hardware_g 13.70895179016731 14.029999732971191 31.40999984741211 AB 4.901960480205197 1.05617247082277
62094.1076 lsst_hardware_r -13.348690587974916 23.100000381469727 31.5 AB 6.1491821847401935 1.0673192868676569
62094.1279 lsst_hardware_i -4.349249092608958 30.75 31.25 AB 5.655232525940586 1.0544249582238507
62097.1202 lsst_hardware_z -32.04554110655239 58.91999816894531 31.700000762939453 AB 7.2496709976404174 1.0543059076735746
62099.1074 lsst_hardware_g 51.07053199059847 29.25 31.639999389648438 AB 5.42593819648908 1.0570181067528526
62099.1273 lsst_hardware_r 23.399638526928243 32.869998931884766 31.56999969482422 AB 8.0967492755648 1.0543328700520465
62104.144 lsst_hardware_z 25.41006931929878 66.41000366210938 30.979999542236328 AB 5.663646109203006 1.0791494515701436
62104.1633 lsst_hardware_r 74.95276665252615 91.5999984741211 31.639999389648438 AB 5.896029880270392 1.114719455550483
62108.0813 lsst_hardware_z -2.762521497068786 85.9800033569336 31.739999771118164 AB 3.6833793668089907 1.0578343959819672
62111.0767 lsst_hardware_g -6.9712152821749696 14.09000015258789 31.43000030517578 AB 4.885799882773497 1.056046662222738
62111.0963 lsst_hardware_r -6.1218526454829565 22.950000762939453 31.5 AB 6.033487640674776 1.0548055315863467
62113.07 lsst_hardware_i 14.213362320106105 30.56999969482422 31.260000228881836 AB 5.702864073198293 1.0566077210718179
62113.0885 lsst_hardware_z 6.631465092358917 41.27000045776367 30.959999084472656 AB 6.505468456589213 1.0542000415799495
62117.115 lsst_hardware_g 10.45510936196998 14.039999961853027 31.40999984741211 AB 13.169301521168341 1.0892722515441142
62117.1348 lsst_hardware_r 9.321944994725213 23.260000228881836 31.479999542236328 AB 11.704506378276864 1.131927376126859
62119.0431 lsst_hardware_y 2.6286375686173695 50.560001373291016 30.040000915527344 AB 8.17467941102003 1.0637259545958337
62119.0622 lsst_hardware_i 2.6114849309726536 30.81999969482422 31.260000228881836 AB 8.088847429297008 1.0538998606407566
62121.0441 lsst_hardware_z 6.558381733331022 43.61000061035156 30.950000762939453 AB 11.549405846827865 1.0588499515771492
62121.0624 lsst_hardware_u 1.368484414022541 2.799999952316284 28.5 AB 11.496497094940072 1.053620940905012
62123.0364 lsst_hardware_y -34.08383816407048 61.59000015258789 30.059999465942383 AB 3.9332179616910694 1.060357106854052
62123.0564 lsst_hardware_r 12.769757972814627 23.09000015258789 31.510000228881836 AB 4.2544196058371355 1.05359574191129
62127.0367 lsst_hardware_y 34.878196573247834 65.95999908447266 30.059999465942383 AB 5.790376744929757 1.0547134325919412
62127.0559 lsst_hardware_z 25.90251664652856 42.34000015258789 30.950000762939453 AB 5.15125322051878 1.055999430210408
