data/validation/pwv_sim_epoch_fit_seasonal/15740809.ecsv
# %ECSV 0.9
# ---
# datatype:
# - {name: time, datatype: float64}
# - {name: band, datatype: string}
# - {name: flux, datatype: float64}
# - {name: fluxerr, datatype: float64}
# - {name: zp, datatype: float64}
# - {name: zpsys, datatype: string}
# - {name: pwv, datatype: float64}
# - {name: airmass, datatype: float64}
# meta: {SNID: '15740809', alt: 1024.0, c: -0.11529748141765594, dec: -29.82786, lat: -30.244573, lon: -70.7499537, ra: 245.742188, t0: 62644.8984375,
#   x0: 5.240384696707325e-06, x1: 0.03892480954527855, z: 0.6010579466819763}
# schema: astropy-2.0
time band flux fluxerr zp zpsys pwv airmass
62554.3175 lsst_hardware_z 0.9830662329879019 61.61000061035156 30.940000534057617 AB 15.375980277793746 1.3729779692645545
62554.3357 lsst_hardware_r -24.38457693827209 71.80000305175781 31.600000381469727 AB 11.826959885041033 1.2638341403121427
62559.2974 lsst_hardware_g -82.3239949897354 20.360000610351562 31.420000076293945 AB 8.71181648608999 1.419440567998369
62559.3164 lsst_hardware_r -13.678832945471292 29.8700008392334 31.5 AB 7.811617987876798 1.2946002631549218
62563.3048 lsst_hardware_i 45.9934356751352 34.22999954223633 31.219999313354492 AB 7.836973102962769 1.2984795133730047
62563.3284 lsst_hardware_u 1.3283231180825317 2.799999952316284 28.360000610351562 AB 7.143997685953118 1.1843006649182508
62566.295 lsst_hardware_g -39.68789491909476 15.869999885559082 31.3799991607666 AB 9.411098044943195 1.3078235193083927
62566.3145 lsst_hardware_r 35.72490908376663 25.420000076293945 31.489999771118164 AB 8.61448946976943 1.2083727689394625
62568.3219 lsst_hardware_r -47.43496302828649 25.399999618530273 31.5 AB 11.276180319085352 1.1569268453234252
62568.3427 lsst_hardware_u -1.6171834118313886 2.8399999141693115 28.440000534057617 AB 8.878013532438043 1.0925777352783594
62572.306 lsst_hardware_r -0.3440169322548938 35.9900016784668 32.25 AB 8.849325781427263 1.1756776645977498
62572.3288 lsst_hardware_i 34.097162779436715 46.029998779296875 32.0 AB 8.3001892511359 1.1005289380981265
62575.3063 lsst_hardware_z 33.77858414960006 43.52000045776367 30.940000534057617 AB 9.499677940622439 1.144539510918366
62575.3275 lsst_hardware_r -41.68427546838378 24.93000030517578 31.5 AB 8.986690825257972 1.0827338343684303
62578.3336 lsst_hardware_i 56.71867780380542 56.15999984741211 31.31999969482422 AB 7.790958968922688 1.0520858808173619
62578.3506 lsst_hardware_z 7.5519488024665264 52.56999969482422 30.969999313354492 AB 7.66507056085354 1.0255303958060835
62580.331 lsst_hardware_r 24.330861242555237 90.4800033569336 31.649999618530273 AB 5.012370950767062 1.0468975425419422
62580.3484 lsst_hardware_z -71.30726184955705 63.099998474121094 30.989999771118164 AB 5.300934751487863 1.021571545863937
62582.2547 lsst_hardware_i 132.3806467002505 79.31999969482422 31.290000915527344 AB 6.81529512094465 1.2884573439728992
62582.2732 lsst_hardware_r -73.24523261444072 94.86000061035156 31.6200008392334 AB 6.299539559608448 1.1980866412340323
62584.2487 lsst_hardware_z -129.61339738474297 105.12000274658203 31.709999084472656 AB 7.66905573671241 1.2914854309768689
62589.251 lsst_hardware_r -2.321331960876103 24.979999542236328 31.489999771118164 AB 9.649053623370708 1.2115077686446993
62589.2702 lsst_hardware_u -1.997635727477955 2.819999933242798 28.440000534057617 AB 9.071978247006047 1.1373738595212095
62591.2452 lsst_hardware_g 4.701925767147928 15.270000457763672 31.389999389648438 AB 4.555402846844274 1.2130219496756667
62591.263 lsst_hardware_i -30.64668421925036 32.310001373291016 31.239999771118164 AB 5.2357317743148535 1.143235280160438
62594.2568 lsst_hardware_z -31.293727843231363 42.959999084472656 30.93000030517578 AB 6.765557283484789 1.1365431579496517
62594.2747 lsst_hardware_r 28.246638340708536 24.229999542236328 31.489999771118164 AB 6.499770892546795 1.0850130861441942
62596.2547 lsst_hardware_u 0.3554420095642091 3.8499999046325684 29.1200008392334 AB 7.848419801724839 1.1257056514235282
62596.2738 lsst_hardware_g 1.5419921519793733 21.6299991607666 32.20000076293945 AB 7.438993296961828 1.0741711537777316
62598.2549 lsst_hardware_r 25.068423284501357 24.360000610351562 31.5 AB 8.869643326412998 1.1087054158016247
62598.2738 lsst_hardware_i -28.280817179519012 31.549999237060547 31.260000228881836 AB 8.498434210269858 1.0623042762837323
62600.2296 lsst_hardware_i -6.064664438219748 32.689998626708984 31.229999542236328 AB 8.691756505633773 1.1755148100667803
62600.2475 lsst_hardware_z -11.814854864890508 42.900001525878906 30.940000534057617 AB 8.351748214416189 1.1143588615570434
62602.247 lsst_hardware_u 0.09789093022659189 2.819999933242798 28.469999313354492 AB 3.080702092879526 1.1002507474569736
62602.266 lsst_hardware_r 5.577031098628385 24.040000915527344 31.520000457763672 AB 3.614147175381221 1.0560476795698512
62606.2667 lsst_hardware_z 93.04383822773951 70.31999969482422 31.729999542236328 AB 9.735684728388375 1.0359315522864838
62608.2434 lsst_hardware_y -16.350909643348814 55.72999954223633 30.059999465942383 AB 14.135756801568382 1.0688932400238227
62608.2607 lsst_hardware_r -229.92308699815518 96.7300033569336 31.65999984741211 AB 14.008681369343872 1.0367585382877347
62614.1191 lsst_hardware_r 12.489681804893738 57.07354452922541 32.189998626708984 AB 7.712143081340735 1.68848233855298
62614.1449 lsst_hardware_z -14.457323123288166 78.43205148637873 31.68000030517578 AB 7.762954108878487 1.4375175424986784
62618.1487 lsst_hardware_u -0.8113770009951876 2.6442990880057087 28.229999542236328 AB 6.009722157165819 1.3341349715288102
62618.1664 lsst_hardware_g -9.964865039093768 15.191988566602566 31.3799991607666 AB 5.517407600241028 1.2366247889968687
62620.1486 lsst_hardware_r 61.35326362479941 25.87588644261432 31.459999084472656 AB 10.577207158986019 1.3018501688034734
62620.1668 lsst_hardware_z 136.50974395728517 44.673576392457825 30.93000030517578 AB 11.818265182393707 1.209586529081798
62623.1628 lsst_hardware_g 118.15011534668162 17.70063778999962 31.43000030517578 AB 8.943312184434896 1.1916471931292334
62623.1828 lsst_hardware_r 287.1464688797802 29.19268021876221 31.520000457763672 AB 8.786548874365359 1.1200903657805288
62625.1594 lsst_hardware_i 352.3710582928508 37.52876302278502 31.239999771118164 AB 11.944316270071317 1.1832303794153332
62625.1798 lsst_hardware_z 318.18928421629397 45.51661862639401 30.950000762939453 AB 10.180898808338137 1.1127273412031846
62627.1537 lsst_hardware_r 620.7577943097813 35.37207415068235 31.5 AB 4.102153508572585 1.1841959658127696
62627.1748 lsst_hardware_u 23.839194059617462 5.450719899495807 28.520000457763672 AB 3.6205108919462385 1.1113816305984918
62631.1593 lsst_hardware_g 889.8517596261772 38.541872957016736 32.22999954223633 AB 7.904193810037194 1.1252188827385945
62631.1784 lsst_hardware_i 1659.418604745506 60.141509404470014 32.0 AB 6.754670137036038 1.0738175195330106
62633.1546 lsst_hardware_z 817.4373600581474 52.534523639779934 30.950000762939453 AB 14.605195273524481 1.1228503544965223
62633.1742 lsst_hardware_r 1530.6844517283612 54.621650718979566 31.600000381469727 AB 12.475131666837298 1.0709799685366022
62637.1646 lsst_hardware_y 789.1926512656067 90.46902699458846 30.809999465942383 AB 7.145154681678258 1.0680749925899704
62639.1517 lsst_hardware_r 2217.907522613614 173.91997511074845 31.649999618530273 AB 8.408335761597002 1.0853666918287082
62639.1711 lsst_hardware_i 1552.735723167062 136.5548997217437 31.34000015258789 AB 7.638361977957285 1.0448480921903132
62642.1466 lsst_hardware_z 1063.5968925970253 62.13383118116226 30.969999313354492 AB 7.675224863263864 1.077905324522697
62642.1686 lsst_hardware_r 2174.0325257359523 76.67821578288905 31.649999618530273 AB 7.858409164011474 1.0356477949386027
62644.1581 lsst_hardware_u 4.990620756203424 3.8649669461775735 28.600000381469727 AB 1.9551794019722903 1.0437365017869757
62644.1771 lsst_hardware_r 2001.6313508581434 55.73416458422473 31.579999923706055 AB 2.0355668494699426 1.0177834247349713
62649.0192 lsst_hardware_r 1600.8415799090708 47.54063013980238 31.3799991607666 AB 12.23850154438036 1.7425075168193012
62649.0507 lsst_hardware_u 0.7770310053451277 2.8089982887164378 28.200000762939453 AB 10.5120283324261 1.4269721718225477
62652.052 lsst_hardware_z 1972.4450226064293 78.19847337906259 31.670000076293945 AB 12.464512750840953 1.3591225330761045
62652.0795 lsst_hardware_u 2.2253851391632424 3.950810507755919 29.040000915527344 AB 11.087950191779486 1.2092867479310159
62654.0584 lsst_hardware_g 245.56656713463786 22.23038110660538 31.3700008392334 AB 13.578798687611537 1.2869374422567503
62654.0794 lsst_hardware_r 1358.8679516185614 45.02885152653103 31.479999542236328 AB 12.654648615589673 1.18655870750954
62655.053 lsst_hardware_i 1096.3990734447145 47.61769981102184 31.209999084472656 AB 11.695027135338677 1.3020878041961172
62655.0727 lsst_hardware_z 924.7915966162129 53.58235653435027 30.93000030517578 AB 10.796737026609797 1.2032136657966508
62657.0398 lsst_hardware_i 932.054450744606 47.11189015761163 31.209999084472656 AB 13.655072736167845 1.3495822036141376
62657.0588 lsst_hardware_u 3.0395009088376397 2.7156589448075477 28.260000228881836 AB 11.812039618880352 1.2420651544564054
62676.0661 lsst_hardware_r 261.5484673682367 30.054023807473378 31.510000228881836 AB 3.5767055233757543 1.0519722127575748
62676.0865 lsst_hardware_u 10.199574055930011 3.4214376028192746 28.510000228881836 AB 3.8451721716945437 1.0213392815161597
62678.0511 lsst_hardware_u -2.8029605069247285 3.20222755766992 28.440000534057617 AB 4.087339818509148 1.0715036116245644
62678.0714 lsst_hardware_g 38.351108528907886 16.928762021765177 31.459999084472656 AB 4.131909203011146 1.0340113120648513
62680.0481 lsst_hardware_r 246.83495549115895 28.772125578252968 31.5 AB 7.508183791828365 1.0661247840722323
62680.0679 lsst_hardware_i 384.2721650090363 36.41331441104407 31.260000228881836 AB 7.219283209788493 1.031178861561036
62682.049 lsst_hardware_z 390.9189436584469 46.73147606062737 30.950000762939453 AB 3.35789496865366 1.0533195562368487
62682.0682 lsst_hardware_r 230.70663154415246 28.21823908225666 31.510000228881836 AB 3.2431450208544392 1.023612315893037
62685.9695 lsst_hardware_y 100.13171767513298 51.70351951234392 29.959999084472656 AB 10.652265902763995 1.2955283458990547
62685.9901 lsst_hardware_z 359.3998927796158 47.79831726346404 30.93000030517578 AB 9.817756989018866 1.194519648256341
62687.9548 lsst_hardware_y 146.02249234581294 76.54142357020793 29.969999313354492 AB 7.657881409744192 1.351907742915384
62687.9758 lsst_hardware_u -1.1982566533872012 3.9638424684214786 28.479999542236328 AB 8.03058945110978 1.2341146097036262
62706.966 lsst_hardware_y 131.6563576239593 57.11187180837647 30.040000915527344 AB 5.330801292522389 1.0854449979683825
62706.985 lsst_hardware_g 6.02909531937565 16.066641888156667 31.450000762939453 AB 5.124103909077938 1.0455932340656926
62708.9709 lsst_hardware_y 125.73480834423674 50.87762145891367 30.040000915527344 AB 4.656699918012309 1.0619612127735165
62708.9905 lsst_hardware_i 100.01862987399834 33.10198784931159 31.25 AB 4.448506822471337 1.0287150595401227
62921.3067 lsst_hardware_g 9.165628898540431 16.600000381469727 31.3700008392334 AB 14.058254114239354 1.4163774232269764
62921.3266 lsst_hardware_r 15.680557656867238 26.68000030517578 31.479999542236328 AB 12.75307787207824 1.2872578307364944
62923.3319 lsst_hardware_r -17.778191296478305 26.1200008392334 31.5 AB 8.036810273681976 1.2318838555613083
62923.35 lsst_hardware_u 4.078546147559908 2.8299999237060547 28.399999618530273 AB 7.8647503891404735 1.1565809395794815
62925.3148 lsst_hardware_g -7.973497143125381 16.43000030517578 31.399999618530273 AB 6.769134332514101 1.2921894306603228
62925.3354 lsst_hardware_r 5.17097091312376 26.030000686645508 31.5 AB 5.660497783835365 1.1920601840234526
62927.294 lsst_hardware_r -29.821044267032846 26.479999542236328 31.459999084472656 AB 4.743322716175633 1.38947571327005
62927.3136 lsst_hardware_i -26.85580686341777 34.15999984741211 31.229999542236328 AB 4.4279413609745335 1.2689025989658365
62929.331 lsst_hardware_r 31.868698729057925 25.43000030517578 31.489999771118164 AB 8.408116197285057 1.1662551074672387
62929.3527 lsst_hardware_u -1.2944349465674905 2.7699999809265137 28.389999389648438 AB 8.11486960878195 1.0968633945571264
62943.3392 lsst_hardware_r -1.3448152665735587 26.65999984741211 31.549999237060547 AB 7.799846887699778 1.0433879857801964
62943.3559 lsst_hardware_i 18.880384812763133 32.540000915527344 31.270000457763672 AB 7.61544639539678 1.0200510860123604
62946.2438 lsst_hardware_u 4.237317600505529 3.799999952316284 29.020000457763672 AB 7.840797177071275 1.37775385293819
62946.2622 lsst_hardware_g 32.16002837865974 22.149999618530273 32.15999984741211 AB 5.801464436768995 1.2664187812200385
62950.2575 lsst_hardware_r 23.29610981862785 25.34000015258789 31.489999771118164 AB 8.143897219442563 1.235171469076223
62950.2757 lsst_hardware_u -1.9932611987587532 2.9100000858306885 28.5 AB 7.570322075175155 1.158722766608442
62952.2676 lsst_hardware_r 4.3041433556032755 24.979999542236328 31.5 AB 8.170180602669312 1.1685598001434057
62952.2858 lsst_hardware_i -58.5360509934913 32.29999923706055 31.25 AB 7.670358782149077 1.1082331633952278
62954.2535 lsst_hardware_z -56.31698059008398 44.08000183105469 30.940000534057617 AB 9.588733237535811 1.2036318631187863
62954.2737 lsst_hardware_r -3.9857432350196698 24.81999969482422 31.520000457763672 AB 8.961659114240657 1.1282816548727652
62956.2659 lsst_hardware_u 2.790920064975151 2.7799999713897705 28.43000030517578 AB 5.1480204835618775 1.1358641918609498
62956.2843 lsst_hardware_r -19.53991399329482 24.34000015258789 31.510000228881836 AB 4.934066192679244 1.0832792563102793
62958.2612 lsst_hardware_i -23.898476279269453 32.15999984741211 31.260000228881836 AB 8.953625730790524 1.1333703456696864
62958.2786 lsst_hardware_z -3.1635831768030567 42.16999816894531 30.950000762939453 AB 8.562545380053606 1.0838665038042539
62960.2605 lsst_hardware_r 4.60277442291562 52.470001220703125 31.610000610351562 AB 7.091018647120302 1.1184130983984077
62960.2801 lsst_hardware_z 142.10923825632491 48.150001525878906 30.959999084472656 AB 6.86414443215277 1.0677953485329692
62962.2618 lsst_hardware_y 28.616596365498093 52.77000045776367 30.030000686645508 AB 16.045978637100415 1.0990396326781107
62962.2825 lsst_hardware_r -201.616697145373 78.01000213623047 31.649999618530273 AB 15.358639234049464 1.051961591373251
62965.2509 lsst_hardware_i 56.7584890220878 95.47000122070312 31.329999923706055 AB 5.8193475100767325 1.1065502015738224
62965.2698 lsst_hardware_z 24.407898876821985 81.13999938964844 31.0 AB 5.5689611511990655 1.0607545049902982
62970.2491 lsst_hardware_r -18.373774817089668 38.83000183105469 31.600000381469727 AB 7.093755700520789 1.076088645693746
62970.2679 lsst_hardware_i -46.728180784165396 39.04999923706055 31.299999237060547 AB 7.328445703153779 1.039422126537661
62972.2294 lsst_hardware_z 32.23866996495131 43.060001373291016 30.950000762939453 AB 18.232809940870087 1.1134540421905397
62972.2468 lsst_hardware_i -49.26107805230202 31.979999542236328 31.260000228881836 AB 17.4504752793283 1.0689691076951406
62975.2463 lsst_hardware_r 17.659319860320593 24.139999389648438 31.520000457763672 AB 9.469097684691883 1.0532922897321337
62975.2647 lsst_hardware_i -10.95562944573568 31.209999084472656 31.260000228881836 AB 9.871815940564383 1.0245787172355354
62977.1452 lsst_hardware_g -26.23978784422061 15.050000190734863 31.309999465942383 AB 10.767682973184035 1.4857099652547823
62977.1619 lsst_hardware_r -2.528399378475765 25.100000381469727 31.459999084472656 AB 9.82437280843173 1.3592104051510419
62979.1572 lsst_hardware_i -70.40071202467885 33.650001525878906 31.209999084472656 AB 7.4134958305445275 1.3541868354268933
62979.1759 lsst_hardware_z -3.6666393251238314 44.33000183105469 30.93000030517578 AB 5.09575036100793 1.2470226839892153
62984.157 lsst_hardware_r -2.4836722957454525 24.700000762939453 31.469999313354492 AB 2.6472775858545083 1.2741589535638258
62984.1758 lsst_hardware_u 4.786397050527046 2.740000009536743 28.389999389648438 AB 2.7150533995672674 1.1860012666014055
62995.1546 lsst_hardware_r 232.92370908964872 130.25999450683594 31.6299991607666 AB 8.758208875786885 1.1523959047088006
62995.1741 lsst_hardware_i -110.28411644194622 104.1500015258789 31.329999923706055 AB 8.338582484343068 1.092677009392412
62997.1539 lsst_hardware_z 15.129700840549729 55.81999969482422 30.969999313354492 AB 8.842080301466671 1.1360761019486922
