data/validation/pwv_sim_epoch_fit_seasonal/15794754.ecsv
# %ECSV 0.9
# ---
# datatype:
# - {name: time, datatype: float64}
# - {name: band, datatype: string}
# - {name: flux, datatype: float64}
# - {name: fluxerr, datatype: float64}
# - {name: zp, datatype: float64}
# - {name: zpsys, datatype: string}
# - {name: pwv, datatype: float64}
# - {name: airmass, datatype: float64}
# meta: {SNID: '15794754', alt: 1024.0, c: 0.01865723729133606, dec: -12.177298, lat: -30.244573, lon: -70.7499537, ra: 133.945312, t0: 61815.33203125,
#   x0: 3.3177758482869463e-06, x1: 1.537227749824524, z: 0.7252923250198364}
# schema: astropy-2.0
time band flux fluxerr zp zpsys pwv airmass
[from data line 132]
62160.1886 lsst_hardware_i -6.864873450966989 34.22999954223633 31.260000228881836 AB 12.363828136970445 1.077066697957504
62160.2082 lsst_hardware_z 1.0825013009282178 41.380001068115234 30.950000762939453 AB 11.998503041709471 1.056826456991439
62162.1854 lsst_hardware_r 43.77705755224152 50.400001525878906 31.6299991607666 AB 14.998392488170108 1.0739474774926703
62162.2034 lsst_hardware_z -51.231363724045615 48.15999984741211 30.969999313354492 AB 14.741940275473283 1.0564038941446774
62163.1782 lsst_hardware_z 44.57832127326971 54.59000015258789 30.969999313354492 AB 11.853246764633939 1.0803177875167642
62163.197 lsst_hardware_i -92.50027909980838 55.02000045776367 31.31999969482422 AB 11.733234025092173 1.058956139448752
62165.1853 lsst_hardware_z -31.364189330898135 75.08000183105469 31.0 AB 10.276367369458727 1.064485683005925
62165.2032 lsst_hardware_r -292.4125554792089 109.83999633789062 31.65999984741211 AB 10.135182238072927 1.052604954449172
62167.1859 lsst_hardware_y -206.29146572143242 89.72000122070312 30.809999465942383 AB 10.944128867316554 1.0590921630925199
62169.1697 lsst_hardware_r -52.49303924433847 79.66000366210938 31.649999618530273 AB 9.241284052376033 1.0696343283740923
62169.1878 lsst_hardware_i 79.67099968691298 65.87000274658203 31.329999923706055 AB 9.455662122781545 1.0544368132457815
62171.1712 lsst_hardware_z 46.29147200819558 46.90999984741211 30.969999313354492 AB 9.477977443030172 1.0622855718042028
62171.1899 lsst_hardware_r 1.5558130648796922 44.08000183105469 31.6200008392334 AB 9.469405406999075 1.0517763482074889
62175.1496 lsst_hardware_g -11.190437248210516 14.279999732971191 31.43000030517578 AB 9.249720123927998 1.0743516574276337
62175.1683 lsst_hardware_i 23.98019071151658 30.81999969482422 31.25 AB 9.594467064754156 1.0561553294779462
62177.146 lsst_hardware_z -8.010343185675339 42.119998931884766 30.950000762939453 AB 3.7393874711779342 1.0719184380616082
62177.165 lsst_hardware_r 0.20050798617077392 23.389999389648438 31.510000228881836 AB 3.6911757786356096 1.0549230576266388
62183.1364 lsst_hardware_z -34.782093984639886 41.83000183105469 30.950000762939453 AB 3.7638351004639956 1.0642323563988678
62183.1552 lsst_hardware_r 26.684506345438898 23.229999542236328 31.5 AB 3.6228105977260165 1.052250445908561
62187.1171 lsst_hardware_i -29.86322835593706 30.75 31.25 AB 3.422547812652085 1.073993194524856
62187.1339 lsst_hardware_z -33.540107228003706 41.2400016784668 30.950000762939453 AB 4.093483849690385 1.0572014074613598
62189.1264 lsst_hardware_r 7.619555434636484 30.25 31.559999465942383 AB 6.916527421652124 1.058652156375325
62189.1443 lsst_hardware_z -64.3451863829452 42.90999984741211 30.950000762939453 AB 6.810823063613242 1.0512557304438728
62191.1185 lsst_hardware_y 25.33660738260565 49.58000183105469 30.049999237060547 AB 8.231116550215722 1.0605969999204194
62191.1367 lsst_hardware_r -79.03101710402132 51.83000183105469 31.6299991607666 AB 9.891202873361374 1.0515098731425983
62195.1207 lsst_hardware_r 52.25617745920056 133.1199951171875 31.65999984741211 AB 5.508218172526912 1.0527939932199757
62195.1386 lsst_hardware_z -155.7375633821305 88.9800033569336 31.0 AB 6.323887230697169 1.052519372654175
62197.0897 lsst_hardware_z -11.45686023234222 66.91999816894531 30.979999542236328 AB 3.1256837398597264 1.0741181236631363
62197.1079 lsst_hardware_r 90.785321158586 94.12999725341797 31.649999618530273 AB 3.131735880062177 1.0563534562836217
62198.0915 lsst_hardware_i -17.00000798031173 55.25 31.309999465942383 AB 6.189125976127172 1.0684723307945052
62198.1102 lsst_hardware_z -10.601619190083126 53.9900016784668 30.969999313354492 AB 6.160429398160178 1.0536952703600748
62201.0903 lsst_hardware_r 20.254293427665772 22.770000457763672 31.489999771118164 AB 7.752927852643705 1.0613664122447346
62201.109 lsst_hardware_u 5.660971863728893 2.8499999046325684 28.43000030517578 AB 7.619700143081904 1.0515733015569837
62203.0884 lsst_hardware_g 0.9151582817475624 14.0 31.43000030517578 AB 10.925185013003908 1.058479562696673
62203.108 lsst_hardware_r 16.693707809357164 22.719999313354492 31.5 AB 10.833775167303873 1.0511679779396879
62205.0751 lsst_hardware_i -57.73120815621107 30.719999313354492 31.25 AB 10.769912832571281 1.0654840554581635
62205.0933 lsst_hardware_z 42.714077363928524 41.2599983215332 30.950000762939453 AB 11.783391400174542 1.0528248685992723
62207.078 lsst_hardware_r -0.5642572198126795 22.6200008392334 31.5 AB 8.173091400855192 1.0580966729627401
62207.0964 lsst_hardware_g 23.810925718755083 13.829999923706055 31.420000076293945 AB 8.291718154926976 1.0511813076732843
62209.0749 lsst_hardware_r 8.534475658352234 22.6200008392334 31.489999771118164 AB 13.722409985281717 1.056497820671876
62209.0941 lsst_hardware_i -7.682714506136738 30.43000030517578 31.239999771118164 AB 13.70055938639924 1.0512610309916743
62210.0729 lsst_hardware_z -33.26238007555157 41.310001373291016 30.950000762939453 AB 10.134873453244255 1.0560459990876583
62210.0918 lsst_hardware_i 22.51922421321511 30.549999237060547 31.25 AB 9.406510677559773 1.0513004389561074
62212.0726 lsst_hardware_u -2.448561585385529 2.6600000858306885 28.420000076293945 AB 8.5791170302601 1.053427926112508
62212.0912 lsst_hardware_g -6.189429917815249 13.800000190734863 31.40999984741211 AB 8.078619452017007 1.0522232603677777
62215.0439 lsst_hardware_g -6.680718236301968 14.270000457763672 31.440000534057617 AB 4.07403087122671 1.069861048116287
62215.0638 lsst_hardware_r 17.208611799743487 22.81999969482422 31.510000228881836 AB 3.9421829679646665 1.05368397219295
62219.0419 lsst_hardware_r 33.72172756812713 40.70000076293945 31.6200008392334 AB 4.3754501993477755 1.060715199841885
62219.0624 lsst_hardware_g -46.27945611808767 37.439998626708984 31.690000534057617 AB 4.370128291894026 1.0512486619771138
62221.037 lsst_hardware_r 79.73808134066033 71.69000244140625 31.649999618530273 AB 7.85570118008425 1.0602439958724468
62221.0558 lsst_hardware_i -44.15728797360002 59.939998626708984 31.329999923706055 AB 7.283225159086672 1.0513623634235953
62223.0315 lsst_hardware_z -121.78272260600917 71.51000213623047 31.0 AB 7.389064570450864 1.0602761616373746
62223.0503 lsst_hardware_i 35.0685482991933 80.52999877929688 31.34000015258789 AB 7.497561102528436 1.0513670257708587
62225.0419 lsst_hardware_z -184.62871271920704 95.62999725341797 31.739999771118164 AB 5.185803860158133 1.0518871927298443
62227.0177 lsst_hardware_r -40.994134535478885 51.88999938964844 31.6299991607666 AB 3.865848713276882 1.0628249761575006
62227.0365 lsst_hardware_i -4.209067418155814 51.77000045776367 31.309999465942383 AB 3.9774818712575803 1.051872850297315
62229.0155 lsst_hardware_z 1.798404323266407 41.16999816894531 30.940000534057617 AB 6.725711523840726 1.0599600526126987
62229.0344 lsst_hardware_u 4.665860066134458 2.5999999046325684 28.3799991607666 AB 6.67793008143319 1.0513114108050117
62231.015 lsst_hardware_g -13.244963009846472 13.59000015258789 31.399999618530273 AB 8.131008283417202 1.0563866809688454
62231.0351 lsst_hardware_r 19.625191973101646 22.309999465942383 31.479999542236328 AB 8.036667109614832 1.0513693236021604
62233.0161 lsst_hardware_i 9.064824422481102 30.290000915527344 31.25 AB 11.265113120097256 1.0530931667354835
62233.0345 lsst_hardware_z 10.157490341155844 41.029998779296875 30.940000534057617 AB 11.211654294596114 1.0524081002436854
62235.0137 lsst_hardware_i 49.68410276135684 30.469999313354492 31.239999771118164 AB 8.479816122465982 1.0521081233027127
62235.034 lsst_hardware_u -6.256529259722657 2.630000114440918 28.389999389648438 AB 8.50196068129625 1.0543759758536926
62244.9799 lsst_hardware_y 32.88119449838333 48.880001068115234 30.049999237060547 AB 9.838934031778791 1.054614064664149
62244.997 lsst_hardware_r -6.429649025841309 24.299999237060547 31.520000457763672 AB 9.711293217462558 1.0513850470005965
62246.979 lsst_hardware_y 88.02656110248256 50.29999923706055 30.049999237060547 AB 7.598222332525199 1.0526891184009974
62246.9968 lsst_hardware_z -47.93901601653799 43.29999923706055 30.959999084472656 AB 7.594406025684797 1.052573570508744
62248.9687 lsst_hardware_y 41.59734937885109 66.66999816894531 30.059999465942383 AB 6.898986139113215 1.0547564488388148
62248.987 lsst_hardware_z 35.88066413860937 51.900001525878906 30.969999313354492 AB 6.882543691114686 1.0515192031648022
62250.9665 lsst_hardware_y 118.00368964805297 99.83999633789062 30.809999465942383 AB 14.402988608172718 1.0532670910026058
62250.9848 lsst_hardware_r 30.982560883859406 106.55000305175781 32.400001525878906 AB 14.372461315971853 1.0522466278944165
62252.9651 lsst_hardware_y 43.10676768412336 73.38999938964844 30.059999465942383 AB 6.4327840913976315 1.0519679626161293
62252.9842 lsst_hardware_r 60.08256652611782 82.61000061035156 31.649999618530273 AB 6.35338313353154 1.0540660528463772
62254.9653 lsst_hardware_z 0.733228397776725 66.20999908447266 30.989999771118164 AB 11.003130715589917 1.0511792036166119
62254.9853 lsst_hardware_g 56.041052763503075 81.56999969482422 31.719999313354492 AB 11.055456346181176 1.0579299698899858
62257.9634 lsst_hardware_y -38.319835813622774 62.540000915527344 30.059999465942383 AB 9.704343968935843 1.051695394364841
62257.9826 lsst_hardware_i 10.140418523375432 31.059999465942383 31.25 AB 9.822494170206978 1.062427260982872
