data/validation/pwv_sim_epoch_fit_seasonal/15897659.ecsv
# %ECSV 0.9
# ---
# datatype:
# - {name: time, datatype: float64}
# - {name: band, datatype: string}
# - {name: flux, datatype: float64}
# - {name: fluxerr, datatype: float64}
# - {name: zp, datatype: float64}
# - {name: zpsys, datatype: string}
# - {name: pwv, datatype: float64}
# - {name: airmass, datatype: float64}
# meta: {SNID: '15897659', alt: 1024.0, c: -0.014339379034936428, dec: -26.276812, lat: -30.244573, lon: -70.7499537, ra: 320.800781,
#   t0: 62351.94921875, x0: 7.1500812424065935e-06, x1: 0.752269446849823, z: 0.5291339755058289}
# schema: astropy-2.0
time band flux fluxerr zp zpsys pwv airmass
[from data line 133]
62716.201 lsst_hardware_r 30.684832018057527 24.1200008392334 31.520000457763672 AB 2.286873440159609 1.0098800795582288
62719.048 lsst_hardware_i -27.830264222387637 37.81999969482422 31.18000030517578 AB 2.812532130305544 1.6433141281364558
62719.0661 lsst_hardware_z 1.6807422277204271 47.70000076293945 30.90999984741211 AB 2.4949415121006946 1.465170703005204
62722.0767 lsst_hardware_z -103.14999301032366 77.44000244140625 31.690000534057617 AB 5.380813166319938 1.3280493211813915
62725.0738 lsst_hardware_z 206.53766337461062 140.63999938964844 31.719999313354492 AB 4.277244027006297 1.296134553638272
62731.0746 lsst_hardware_g -8.231356893805152 15.460000038146973 31.420000076293945 AB 3.4892510478139123 1.208573028539961
62731.0925 lsst_hardware_r -22.68811808651854 24.780000686645508 31.510000228881836 AB 2.96129626675437 1.138814100790041
62733.0511 lsst_hardware_r 14.50994819703877 25.06999969482422 31.459999084472656 AB 2.976336554566884 1.301130734236536
62733.071 lsst_hardware_i -86.71761161930512 32.86000061035156 31.229999542236328 AB 2.6780751483835186 1.2003922673163485
62736.0717 lsst_hardware_u 0.6938405191374951 2.7100000381469727 28.360000610351562 AB 2.474871379944514 1.1643713855300646
62736.0908 lsst_hardware_g -10.066244252352368 15.390000343322754 31.450000762939453 AB 2.5500300469902655 1.1021199554793153
62738.0733 lsst_hardware_i -45.94215429295115 32.029998779296875 31.239999771118164 AB 4.779417866939591 1.1391093051157934
62738.0932 lsst_hardware_r 26.09221199425701 24.06999969482422 31.510000228881836 AB 4.129968081720782 1.0817098171088144
62740.0591 lsst_hardware_z -35.3864302524063 43.220001220703125 30.940000534057617 AB 1.8892782241823556 1.170798321121063
62740.077 lsst_hardware_u 2.3360727817188724 2.869999885559082 28.510000228881836 AB 1.8290484754406429 1.110308665787521
62744.0762 lsst_hardware_z 131.45266493384494 41.83000183105469 30.940000534057617 AB 4.224982411692423 1.0832130956160468
62744.095 lsst_hardware_r -1.5228276585180645 23.90999984741211 31.510000228881836 AB 3.4496269289431023 1.044497455271428
62747.0652 lsst_hardware_i -13.962213896728015 32.439998626708984 31.25 AB 1.584969605655052 1.0902628413792275
62747.0833 lsst_hardware_u -0.008761260242742113 3.359999895095825 28.600000381469727 AB 1.5501627537561908 1.0506610022634448
62748.0824 lsst_hardware_r -17.140600103014723 28.579999923706055 31.549999237060547 AB 1.629385700302536 1.0473874225211715
62748.0993 lsst_hardware_z -71.6081491595827 42.150001525878906 30.950000762939453 AB 0.9700062008338933 1.0229435284301538
62751.0632 lsst_hardware_i 14.571753404317016 56.34000015258789 31.31999969482422 AB 2.2948925427857723 1.0690493211734962
62751.0805 lsst_hardware_r 64.22673925118396 64.69999694824219 31.649999618530273 AB 2.2522162332456594 1.0370911281252018
62753.0802 lsst_hardware_z 73.30168148507784 79.0199966430664 31.0 AB 2.6595860739188617 1.0297164898698568
62753.0973 lsst_hardware_r -120.41237966042597 110.66000366210938 31.670000076293945 AB 2.611143980697212 1.01180986077133
62754.9772 lsst_hardware_y 35.84058478888803 91.54000091552734 29.969999313354492 AB 3.6041574035683692 1.3915665650843123
62754.994 lsst_hardware_r -71.94217843747236 128.2100067138672 31.610000610351562 AB 3.250048125761098 1.2840964542716828
62756.978 lsst_hardware_y 133.88154162149797 71.36000061035156 29.959999084472656 AB 3.6156021813391175 1.3482249207939283
62756.9958 lsst_hardware_r -85.58869839990419 61.689998626708984 31.59000015258789 AB 3.34460655663012 1.245547549252442
62759.9795 lsst_hardware_y -36.96100422259972 76.44000244140625 29.979999542236328 AB 3.3613972891204327 1.288879328650268
62759.996 lsst_hardware_u -7.63151336278137 3.1500000953674316 28.489999771118164 AB 3.2006864307070115 1.2059858442754376
62761.9813 lsst_hardware_y -13.857168031582024 69.69000244140625 30.0 AB 1.9434863089808336 1.2498304237818865
62762.0 lsst_hardware_r -4.63668092184648 24.43000030517578 31.5 AB 0.9336498744391113 1.1670623430488891
62763.9893 lsst_hardware_z -139.85954423642673 79.72000122070312 31.700000762939453 AB 7.32844647159566 1.1879151379055508
62764.9834 lsst_hardware_y 52.605169438976304 65.54000091552734 30.010000228881836 AB 4.135719651616448 1.2013709953861138
62765.0014 lsst_hardware_g -5.206002624294487 15.399999618530273 31.450000762939453 AB 4.418831683363741 1.1330337649650617
62766.9846 lsst_hardware_y 119.5791778892689 64.73999786376953 30.020000457763672 AB 1.3231030873231973 1.173830921771498
62767.0023 lsst_hardware_i -17.745947345279845 31.709999084472656 31.239999771118164 AB 1.6697685188700744 1.1131790125800496
62770.9882 lsst_hardware_y -148.37301061083554 58.119998931884766 30.030000686645508 AB 2.4178505339687044 1.1228408052488401
62771.0074 lsst_hardware_i 34.28123582035617 31.440000534057617 31.239999771118164 AB 3.334092138538252 1.071682041691239
62773.9914 lsst_hardware_y -32.193871229659464 53.709999084472656 30.049999237060547 AB 9.003920056571786 1.0904590113324193
62774.0107 lsst_hardware_i 37.22824117615799 31.3700008392334 31.260000228881836 AB 3.5339032464276006 1.0486359781684276
