data/validation/pwv_sim_epoch_fit_seasonal/16101273.ecsv
# %ECSV 0.9
# ---
# datatype:
# - {name: time, datatype: float64}
# - {name: band, datatype: string}
# - {name: flux, datatype: float64}
# - {name: fluxerr, datatype: float64}
# - {name: zp, datatype: float64}
# - {name: zpsys, datatype: string}
# - {name: pwv, datatype: float64}
# - {name: airmass, datatype: float64}
# meta: {SNID: '16101273', alt: 1024.0, c: -0.1415415108203888, dec: -1.044512, lat: -30.244573, lon: -70.7499537, ra: 216.5625, t0: 62621.40625,
#   x0: 9.582825792666421e-06, x1: -0.31140559911727905, z: 0.46783044934272766}
# schema: astropy-2.0
time band flux fluxerr zp zpsys pwv airmass
[from data line 132]
62964.2471 lsst_hardware_z 194.69868310081986 101.86000061035156 30.989999771118164 AB 10.586638542583868 1.1450378782042616
62964.2661 lsst_hardware_r 74.32104620102893 153.2899932861328 31.639999389648438 AB 9.871941507190963 1.1473331792068993
62969.2516 lsst_hardware_z 13.921668007239221 48.36000061035156 30.950000762939453 AB 13.639695755361418 1.1468836208384392
62969.269 lsst_hardware_r -64.62834181330311 44.45000076293945 31.59000015258789 AB 13.81692938418187 1.1627720337617025
62971.257 lsst_hardware_i 26.49998259859201 34.209999084472656 31.25 AB 10.845963723861088 1.1551367215132058
62971.2747 lsst_hardware_z 16.396318242705597 44.33000183105469 30.940000534057617 AB 10.995034230943816 1.180653686478325
62974.2271 lsst_hardware_z -32.00099543395927 43.459999084472656 30.940000534057617 AB 13.599592788382562 1.1440005710401515
62974.2442 lsst_hardware_r -3.5322466273447075 24.6200008392334 31.5 AB 13.667182021605392 1.15096905314795
62982.1346 lsst_hardware_r 7.229715714473242 25.09000015258789 31.469999313354492 AB 11.102032892110168 1.264084510260001
62985.2173 lsst_hardware_g 24.84389610765369 15.279999732971191 31.420000076293945 AB 12.097660620380573 1.1536964162102397
62985.2357 lsst_hardware_r -9.202073416656246 24.690000534057617 31.489999771118164 AB 12.329799535835868 1.1792080657838435
62989.1446 lsst_hardware_r 47.560901023287954 67.36000061035156 31.610000610351562 AB 13.41127082419026 1.182886447856961
62989.1616 lsst_hardware_i 96.32084919947934 57.630001068115234 31.299999237060547 AB 13.102502320127556 1.1571071064712815
62994.1936 lsst_hardware_r -140.0665313605642 128.55999755859375 31.639999389648438 AB 10.162740067305666 1.1545397647205595
62994.214 lsst_hardware_z -38.33610345186667 87.45999908447266 30.979999542236328 AB 10.604231284238669 1.1847310319513638
62996.1021 lsst_hardware_r 27.428576735788354 69.26000213623047 31.59000015258789 AB 9.316743151390614 1.243932461215821
62996.1155 lsst_hardware_y -8.091629170205572 53.58000183105469 30.0 AB 9.092390418346032 1.2050482645831526
63001.1093 lsst_hardware_r -11.209025252225322 24.59000015258789 31.489999771118164 AB 7.847422324997924 1.187998383942497
63001.1283 lsst_hardware_i 24.027113161709295 32.38999938964844 31.25 AB 8.077407688245534 1.1577054912982552
63004.0795 lsst_hardware_u -2.1371928342619104 2.609999895095825 28.25 AB 10.460381532389878 1.2464706306470301
63004.1021 lsst_hardware_g 25.13730462001487 14.84000015258789 31.3799991607666 AB 10.07829821853941 1.1859611930500022
63008.1237 lsst_hardware_r -40.809958415833336 34.2400016784668 32.2400016784668 AB 5.360416806764392 1.1462862941259153
63008.1457 lsst_hardware_z -61.079212538973934 61.15999984741211 31.690000534057617 AB 5.671740719200402 1.1471967474110485
63014.1208 lsst_hardware_g -2.039738589980216 17.31999969482422 31.469999313354492 AB 8.78269589053899 1.144263076776195
63014.1418 lsst_hardware_r 28.38617561001069 25.059999465942383 31.489999771118164 AB 8.320635492482012 1.157492591289144
63016.0848 lsst_hardware_r -41.171736716224515 40.09000015258789 31.579999923706055 AB 14.043830255222334 1.160727068411516
63016.1087 lsst_hardware_i -120.11762444135786 40.209999084472656 31.280000686645508 AB 13.846725454358962 1.1442392690307996
63018.0821 lsst_hardware_z 1.8037253459492444 60.900001525878906 30.969999313354492 AB 8.507765364231735 1.1574666043578943
63018.1038 lsst_hardware_r -103.38194947726012 73.54000091552734 31.6299991607666 AB 8.492759365101216 1.1441655332901504
63021.0992 lsst_hardware_z -67.4967833077639 127.3499984741211 31.739999771118164 AB 13.17820966180693 1.1440245673275204
63023.0827 lsst_hardware_r 179.01578083442485 102.62999725341797 31.6299991607666 AB 4.77246953523261 1.1463097362448225
63023.104 lsst_hardware_z 49.8124109557565 70.7300033569336 30.979999542236328 AB 5.848750591432033 1.1468138414572615
63033.0467 lsst_hardware_i 54.775531985435535 32.209999084472656 31.239999771118164 AB 9.880134505227206 1.1520007584943355
63033.066 lsst_hardware_r 37.30725735604355 24.079999923706055 31.489999771118164 AB 9.952348928741813 1.144013900654269
63037.0295 lsst_hardware_r 4.8555982776653455 24.290000915527344 31.489999771118164 AB 4.160569414461167 1.1582876989033764
63037.0522 lsst_hardware_i -39.44285571557424 32.06999969482422 31.239999771118164 AB 4.336285533224642 1.144138663119896
63043.0043 lsst_hardware_i 11.151286595675073 33.7599983215332 31.25 AB 4.7637390594712175 1.1703080848719365
63043.0238 lsst_hardware_z 44.40709095867969 43.7400016784668 30.950000762939453 AB 4.688179093149382 1.1486881149500283
63045.036 lsst_hardware_z 19.220996664607497 48.130001068115234 30.950000762939453 AB 8.28149598192755 1.1442481494890853
63045.0569 lsst_hardware_g 38.537309564187666 37.66999816894531 31.639999389648438 AB 8.026466430181449 1.1572183434518177
63056.9992 lsst_hardware_r -20.035502971110336 24.719999313354492 31.5 AB 9.215146166945354 1.144028077833067
63057.0181 lsst_hardware_i 6.9640393436788 32.5099983215332 31.239999771118164 AB 9.414638624552705 1.1514147463246849
63066.9665 lsst_hardware_y 61.53305632668536 53.02000045776367 30.020000457763672 AB 3.5782084632576283 1.144874058367992
63066.9925 lsst_hardware_r 18.44238983561311 24.920000076293945 31.5 AB 3.461347679709223 1.1528858708923801
63068.9664 lsst_hardware_z 91.23378603160552 48.459999084472656 30.950000762939453 AB 6.265481073565414 1.1440318454471237
63068.9888 lsst_hardware_g -11.031749939750455 15.789999961853027 31.420000076293945 AB 6.122937639923754 1.154545123807119
