data/validation/pwv_sim_epoch_fit_seasonal/16270703.ecsv
# %ECSV 0.9
# ---
# datatype:
# - {name: time, datatype: float64}
# - {name: band, datatype: string}
# - {name: flux, datatype: float64}
# - {name: fluxerr, datatype: float64}
# - {name: zp, datatype: float64}
# - {name: zpsys, datatype: string}
# - {name: pwv, datatype: float64}
# - {name: airmass, datatype: float64}
# meta: {SNID: '16270703', alt: 1024.0, c: -0.04931522160768509, dec: -61.566963, lat: -30.244573, lon: -70.7499537, ra: 107.240257, t0: 60661.984375,
#   x0: 2.0099038726488262e-05, x1: 0.24809038639068604, z: 0.3423139750957489}
# schema: astropy-2.0
time band flux fluxerr zp zpsys pwv airmass
60643.3375 lsst_hardware_r 838.0918431484237 36.938667546260966 31.459999084472656 AB 7.221000288976455 1.1837705391764681
60643.3492 lsst_hardware_i 727.5419185833455 46.64158236364403 31.25 AB 7.346955621119999 1.1943032708404226
60645.3412 lsst_hardware_z 826.5667911894534 53.91326072080739 30.950000762939453 AB 7.915257172269866 1.191742714234933
60645.3525 lsst_hardware_r 1545.9018513071585 51.86126653431468 31.549999237060547 AB 8.065525748048195 1.2043490739208893
60647.3363 lsst_hardware_r 2226.260445534019 52.16188185665971 31.459999084472656 AB 5.201595355965931 1.1922972240140826
60647.3487 lsst_hardware_u 35.663916913640364 9.120214877641809 28.959999084472656 AB 5.216367661836813 1.2064685055516489
60651.3329 lsst_hardware_z 1939.136146622177 61.843570464861614 30.940000534057617 AB 6.6412686155268705 1.2004462159775782
60651.3447 lsst_hardware_r 3854.474199064664 67.78042687076636 31.489999771118164 AB 7.5601651753420915 1.2160471570440479
60653.3095 lsst_hardware_u 45.67865059889794 7.207777702277377 28.350000381469727 AB 11.915376797204255 1.1832548954522597
60653.3222 lsst_hardware_g 3253.2612807810424 58.972124052761274 31.350000381469727 AB 11.960026630885796 1.1946288399226686
60655.2773 lsst_hardware_g 3659.4122661252095 61.72086567793373 31.329999923706055 AB 14.33142311802094 1.1714900165953621
60655.2903 lsst_hardware_r 5196.594543353322 75.54866996826789 31.459999084472656 AB 14.298940015938387 1.1751829009941896
60657.2875 lsst_hardware_i 4451.32573606856 80.8666536577087 31.280000686645508 AB 9.411294957589194 1.1764118696986492
60657.3004 lsst_hardware_z 2925.2608493084595 71.53529358239625 30.950000762939453 AB 8.568624359407885 1.184657038491309
60659.2878 lsst_hardware_r 6660.658342265548 114.01638553554965 31.6200008392334 AB 12.375086631395913 1.1796228830907793
60659.3007 lsst_hardware_z 3015.4341007991857 78.13700640797579 30.959999084472656 AB 12.587280736983894 1.1895922819565485
60661.2861 lsst_hardware_z 2934.9828521434347 76.40898365756522 30.959999084472656 AB 6.173089120290092 1.1821311988299676
60661.299 lsst_hardware_i 4989.372764146529 88.89486335579589 31.290000915527344 AB 8.331695475678575 1.1932395148306212
60664.293 lsst_hardware_z 2995.4362423395405 72.3281772530675 30.950000762939453 AB 7.138266547451273 1.1955226597264539
60664.3049 lsst_hardware_r 6594.087510778972 93.51915242700635 31.579999923706055 AB 7.2607736937618865 1.2099608988354762
60666.2891 lsst_hardware_y 746.3447297934761 54.56212399416165 30.0 AB 8.02137152771573 1.1972196310023475
60666.301 lsst_hardware_g 3954.778044329775 69.67289206793728 31.600000381469727 AB 8.213722349564302 1.212118994967431
60667.2911 lsst_hardware_r 5893.592089662835 82.07848115537446 31.530000686645508 AB 6.623488587678513 1.2027216925497408
60667.3034 lsst_hardware_i 4506.719247508206 75.89298204750888 31.25 AB 7.384765476494885 1.2196480183591432
60669.2929 lsst_hardware_z 2763.115872903524 66.51017214320292 30.93000030517578 AB 10.344937610755341 1.2122500227438193
60669.3046 lsst_hardware_r 5417.847805302568 75.87810502291472 31.469999313354492 AB 10.491446207512785 1.2304516750733343
60671.2245 lsst_hardware_z 2467.372051160728 65.06798381175052 30.940000534057617 AB 7.011476760924947 1.171182087013987
60671.2363 lsst_hardware_r 4812.623928118045 72.71330722590109 31.469999313354492 AB 7.094276335184843 1.1719619496449731
60673.2239 lsst_hardware_u 14.383589762843474 4.252112787891701 28.329999923706055 AB 10.508149116402288 1.1711288858461573
60673.2376 lsst_hardware_g 1998.6233077042245 46.36112279444678 31.350000381469727 AB 10.543236402602385 1.1738183480964444
60679.225 lsst_hardware_g 1173.998391480971 36.91143158256423 31.34000015258789 AB 3.055812017229289 1.1753123143189572
60679.2373 lsst_hardware_r 3121.3903119516 59.515285650173595 31.459999084472656 AB 3.0992692761180463 1.1824006903229018
60681.2071 lsst_hardware_r 2681.2033792777893 56.172912451150715 31.459999084472656 AB 7.93844092794392 1.1716391303880038
60681.2204 lsst_hardware_i 2855.8516366980066 61.21416987803291 31.229999542236328 AB 8.248895035141324 1.1756982732937729
60683.2046 lsst_hardware_z 1561.7842919906848 58.03300377193441 30.940000534057617 AB 7.922907461525101 1.1722011335293834
60683.2181 lsst_hardware_r 2361.924783759175 52.96383083784868 31.459999084472656 AB 9.500734090691326 1.1772539996519733
60685.1921 lsst_hardware_z 3307.240220927541 88.74158964328628 31.700000762939453 AB 8.963163668395888 1.171196088905774
60687.1801 lsst_hardware_r 2077.2535585811816 83.0239531691139 31.6200008392334 AB 7.33596644320124 1.1712559515488943
60687.1936 lsst_hardware_z 1667.5033714597341 67.61544569018477 30.959999084472656 AB 7.37912933705159 1.1721896699136782
60689.179 lsst_hardware_r 1844.798400078518 91.39935366344766 31.6299991607666 AB 9.293766657666064 1.1711141435681272
60689.191 lsst_hardware_y 588.6499043958682 56.557998031996455 30.020000457763672 AB 9.292219533137336 1.1729144864481007
60691.1847 lsst_hardware_z 1647.333232915277 66.87655803827906 30.959999084472656 AB 6.084480282895564 1.1726858018493906
60691.1966 lsst_hardware_r 1613.8440503765864 78.13845215663234 31.6200008392334 AB 6.098588251293783 1.177447292459462
60693.1651 lsst_hardware_r 1356.3008895898104 61.99046169606197 31.600000381469727 AB 5.236305163364154 1.1711709155366035
60693.1825 lsst_hardware_i 4180.49634509825 90.8163768795673 32.029998779296875 AB 7.279910541015042 1.1736743133622702
60693.2009 lsst_hardware_z 1468.609188397843 63.19898814126335 30.950000762939453 AB 7.39046412264472 1.1837685131975821
60696.1633 lsst_hardware_z 1588.3303156145068 57.52267492185957 30.93000030517578 AB 13.94273876350201 1.1713060154296964
60696.177 lsst_hardware_r 1056.4849907724088 43.5474715879146 31.510000228881836 AB 13.508735864587399 1.174672683877165
60698.16 lsst_hardware_u 3.422642671938038 3.0140393372999887 28.31999969482422 AB 8.910103488515137 1.1715598906708191
60698.1726 lsst_hardware_g 268.85162007508774 20.89226411630605 31.34000015258789 AB 10.215644961504399 1.1751125339153834
60702.1751 lsst_hardware_u 4.636569208381719 2.8965808301804206 28.34000015258789 AB 13.030453527504795 1.182866151734277
60702.187 lsst_hardware_g 215.22572430564398 19.691769334458066 31.329999923706055 AB 13.211531317152243 1.1932380163612935
60706.156 lsst_hardware_i 1260.0924728513462 46.44675806172945 31.239999771118164 AB 10.702364909046937 1.1776585811484517
60706.1679 lsst_hardware_z 1040.5161566467707 52.7563993851502 30.940000534057617 AB 12.214474158893882 1.185756155605649
60708.1548 lsst_hardware_r 1163.5375182955784 46.70665947756163 32.220001220703125 AB 8.446577892421393 1.1801841403411197
60708.1665 lsst_hardware_u 7.987236086024089 3.8794591460746175 29.18000030517578 AB 8.520182878175957 1.1892775914634348
60710.1571 lsst_hardware_g 172.91037578177475 18.457780652154764 31.360000610351562 AB 12.16960108822973 1.1858609065487324
60710.1683 lsst_hardware_i 1074.6936000733629 44.61489195600224 31.229999542236328 AB 10.846440725267483 1.1965515568843579
60712.1515 lsst_hardware_z 787.7744852106997 52.23994353049442 30.940000534057617 AB 4.664541843268691 1.1857497377287696
60712.1634 lsst_hardware_r 665.8072364112779 36.56869052335414 31.520000457763672 AB 4.720637606778935 1.1971691804672053
60715.1564 lsst_hardware_y 594.091888615833 75.1383994524983 30.760000228881836 AB 6.711625494576539 1.1985045526029534
60719.0964 lsst_hardware_r 490.23452920419976 83.32210974557415 31.6200008392334 AB 4.014675005159263 1.1711420668492556
60719.1092 lsst_hardware_i 812.7297681739583 69.79483750658062 31.299999237060547 AB 4.017268358800497 1.172982147686164
60721.0809 lsst_hardware_z 545.237470980036 58.35551817748239 30.959999084472656 AB 2.0185449382697116 1.1722663339900654
60721.0936 lsst_hardware_r 518.2784844382967 67.0196008612686 31.610000610351562 AB 1.7540058096855247 1.1712241787450046
60723.0897 lsst_hardware_u 6.631662338807772 8.45586498605512 29.610000610351562 AB 2.8024475978913532 1.1713469583662919
60723.1011 lsst_hardware_g 390.12083589418063 56.665839805294304 32.380001068115234 AB 2.8099905877781315 1.1738864074269146
60728.0836 lsst_hardware_r 432.061111582499 29.9169888735528 31.469999313354492 AB 7.159677625394378 1.1727083453412028
60728.0958 lsst_hardware_u -0.438435843235276 3.157823281149375 28.3700008392334 AB 7.200812163567871 1.1776135023619725
60730.0807 lsst_hardware_g 17.935427754457013 12.850000381469727 31.360000610351562 AB 9.286379034749878 1.173460979076266
60730.0936 lsst_hardware_r -43.076862017089454 22.049999237060547 31.469999313354492 AB 9.096403671966263 1.1795001789788029
60734.0811 lsst_hardware_r 2.238454074798707 21.979999542236328 31.450000762939453 AB 6.585701316570722 1.1785611184676559
60734.0925 lsst_hardware_u -2.949749550528301 2.5299999713897705 28.299999237060547 AB 6.055549328199666 1.1866645753869618
60737.0533 lsst_hardware_u 2.305027283138351 2.5299999713897705 28.309999465942383 AB 7.375518282463467 1.1715695200153764
60737.0652 lsst_hardware_g 5.847429245750379 12.699999809265137 31.31999969482422 AB 7.390229716023229 1.174777207172949
60739.0738 lsst_hardware_z -46.89629450972846 42.689998626708984 30.940000534057617 AB 12.654990395335357 1.1827093827416222
60739.0859 lsst_hardware_r -0.3614236310323633 22.90999984741211 31.469999313354492 AB 12.34315443224373 1.1932093800805965
60741.0478 lsst_hardware_r -39.30882854073647 31.530000686645508 31.530000686645508 AB 7.631149200827621 1.1726398403156533
60741.0601 lsst_hardware_y -24.0875820884063 48.61000061035156 29.989999771118164 AB 7.624023487962325 1.177515983519679
60743.0465 lsst_hardware_z -60.22008903374527 47.47999954223633 30.950000762939453 AB 12.64563108318311 1.173908058500602
60743.0592 lsst_hardware_r 87.17692491443142 44.77000045776367 31.59000015258789 AB 12.659030669532768 1.1802008175831162
60750.0429 lsst_hardware_i -6.2968761212085305 58.349998474121094 31.299999237060547 AB 9.200476960959186 1.1820994403682157
60750.0552 lsst_hardware_z -76.78784484395501 56.5099983215332 30.959999084472656 AB 9.29167458661403 1.1925526491691538
60752.033 lsst_hardware_r 6.290975906391176 37.91999816894531 31.56999969482422 AB 9.152327757758854 1.1791957428021458
60752.046 lsst_hardware_u -2.8672603681385636 6.429999828338623 28.959999084472656 AB 8.167233282790974 1.1889988765163473
60754.0299 lsst_hardware_g 14.841296526483617 12.890000343322754 31.350000381469727 AB 5.690119410870117 1.180686003085513
60754.0424 lsst_hardware_i 42.741213289520694 31.110000610351562 31.229999542236328 AB 4.453722469809056 1.1907287594178029
60756.0305 lsst_hardware_z -49.52526708169169 43.06999969482422 30.950000762939453 AB 6.213874615712131 1.1851000538548246
60756.0426 lsst_hardware_r 22.36950556068555 22.3799991607666 31.479999542236328 AB 4.688274176968598 1.196497025172752
60758.0309 lsst_hardware_u 2.1100210523698055 2.700000047683716 28.450000762939453 AB 5.556386218745011 1.1901866164174812
60758.0452 lsst_hardware_g 28.056740256942973 12.979999542236328 31.3700008392334 AB 4.992575785171391 1.2060575625980208
60993.2298 lsst_hardware_r 9.332809008689809 22.93000030517578 31.43000030517578 AB 9.56763811378381 1.3342125385279333
60993.2374 lsst_hardware_i 13.33167539049789 32.2599983215332 31.200000762939453 AB 9.486995663304906 1.3118987296280034
61006.3481 lsst_hardware_r -7.617139091387836 25.670000076293945 31.5 AB 4.687405457763739 1.1874364680846068
61009.3404 lsst_hardware_z -18.966566913308885 45.0099983215332 30.940000534057617 AB 7.283606027283406 1.187867250983975
61009.3522 lsst_hardware_i 67.83989739180213 44.91999816894531 31.280000686645508 AB 7.325407863738432 1.1999030079834039
61011.3412 lsst_hardware_z -26.565190917581027 44.650001525878906 30.950000762939453 AB 7.929168530833409 1.1938372463331817
61011.3531 lsst_hardware_g 36.4835541951335 32.2599983215332 31.610000610351562 AB 8.005012804255712 1.2078024675425802
61015.3366 lsst_hardware_i -5.512653290784826 58.689998626708984 31.290000915527344 AB 5.071688686128827 1.2008260177882861
61015.349 lsst_hardware_z 78.42920674084162 68.30000305175781 30.959999084472656 AB 5.177337309526378 1.2174092785907369
61020.2848 lsst_hardware_z -37.308145624697445 44.720001220703125 30.940000534057617 AB 11.094053361103295 1.1729809009411967
61020.2986 lsst_hardware_r -5.240870520831751 33.59000015258789 31.549999237060547 AB 9.78376636025416 1.1791577161414062
61022.2828 lsst_hardware_i 24.110916234062948 32.16999816894531 31.239999771118164 AB 12.263164553515294 1.1741265310465119
61022.2961 lsst_hardware_z 9.794244751248295 43.18000030517578 30.940000534057617 AB 11.81464749456332 1.1810513814728165
61024.2866 lsst_hardware_r 4.822535679130711 22.290000915527344 31.459999084472656 AB 9.617845421506635 1.1785231519745696
61024.3001 lsst_hardware_u -2.305887545800322 2.5799999237060547 28.299999237060547 AB 9.819737430343116 1.188463377933564
61026.2872 lsst_hardware_g -10.875100950899386 12.789999961853027 31.34000015258789 AB 8.384261528743696 1.1824640756989913
61026.3 lsst_hardware_r 17.644566200533074 22.09000015258789 31.459999084472656 AB 7.877771434815876 1.19360173254786
61028.2862 lsst_hardware_i 15.53535968225183 30.84000015258789 31.229999542236328 AB 5.150109173750667 1.185909659490108
61028.2989 lsst_hardware_z -8.406648277982853 42.790000915527344 30.93000030517578 AB 5.882814107845175 1.1982918470623327
61030.2931 lsst_hardware_r -1.2345536932567802 31.25 32.20000076293945 AB 7.348198229274243 1.1979130383275494
61030.3062 lsst_hardware_g 10.52133892126071 18.15999984741211 32.08000183105469 AB 7.414789730997415 1.214709580504696
61032.2923 lsst_hardware_r -0.03919508355824384 22.049999237060547 31.459999084472656 AB 8.131375878972284 1.2034003076768585
61032.3049 lsst_hardware_i -8.16732809388301 30.989999771118164 31.219999313354492 AB 8.277896108989827 1.2209586433771469
61040.2265 lsst_hardware_r 25.227670856561073 45.630001068115234 31.59000015258789 AB 7.831374852465943 1.1720836906121468
61040.2404 lsst_hardware_i -27.895760350937355 42.209999084472656 31.270000457763672 AB 7.874202761631659 1.1771575076564087
61042.2307 lsst_hardware_z 41.654211089628255 56.18000030517578 30.959999084472656 AB 6.4523566407031545 1.1751499467040716
61042.2433 lsst_hardware_r 128.19843727164363 72.56999969482422 31.610000610351562 AB 6.5840074823796355 1.1823310455608103
61043.2258 lsst_hardware_z -89.27485578368638 58.439998626708984 30.959999084472656 AB 4.017799279032633 1.1742800757073293
61043.2387 lsst_hardware_r 49.18961888824938 79.93000030517578 31.6200008392334 AB 4.1578388125022805 1.1810364472382544
61045.2034 lsst_hardware_z -6.520704489565142 54.970001220703125 30.959999084472656 AB 13.460379331426955 1.1711212196451894
61045.2148 lsst_hardware_i 60.70521066841624 56.349998474121094 31.299999237060547 AB 13.619638724872454 1.1725400305516296
61048.2052 lsst_hardware_z 7.923475693394032 47.84000015258789 30.950000762939453 AB 7.857326202583236 1.1722103837957984
61048.2182 lsst_hardware_r 5.9834947544510735 44.7400016784668 31.59000015258789 AB 9.46411874690779 1.1769828064802639
61054.1893 lsst_hardware_u 0.9122498257147091 3.549999952316284 29.049999237060547 AB 9.29753498422887 1.1723276222627572
61054.2026 lsst_hardware_g -5.9262709621818255 12.729999542236328 31.34000015258789 AB 9.346205327717712 1.1774005199946727
61056.1824 lsst_hardware_r -10.689158881028789 21.93000030517578 31.459999084472656 AB 6.055537403576091 1.1720205939083739
61056.194 lsst_hardware_i -0.7837956271009355 30.68000030517578 31.229999542236328 AB 6.053543221093052 1.1758448445769052
61058.1841 lsst_hardware_z -1.7909402161035692 42.5099983215332 30.93000030517578 AB 7.295002348843307 1.1740253766713118
61058.1963 lsst_hardware_r 8.857043970088624 21.93000030517578 31.440000534057617 AB 7.34028795694917 1.1801106040111204
61060.1603 lsst_hardware_r -3.671379153285967 21.889999389648438 31.450000762939453 AB 8.738895343157383 1.171198196496326
