data/validation/pwv_sim_epoch_fit_seasonal/1628557.ecsv
# %ECSV 0.9
# ---
# datatype:
# - {name: time, datatype: float64}
# - {name: band, datatype: string}
# - {name: flux, datatype: float64}
# - {name: fluxerr, datatype: float64}
# - {name: zp, datatype: float64}
# - {name: zpsys, datatype: string}
# - {name: pwv, datatype: float64}
# - {name: airmass, datatype: float64}
# meta: {SNID: '1628557', alt: 1024.0, c: -0.022012459114193916, dec: -16.334824, lat: -30.244573, lon: -70.7499537, ra: 287.753906, t0: 62312.92578125,
#   x0: 6.203963063642999e-06, x1: 1.0754027366638184, z: 0.5610570311546326}
# schema: astropy-2.0
time band flux fluxerr zp zpsys pwv airmass
[from data line 132]
62705.0056 lsst_hardware_z -86.36336920842352 49.16999816894531 30.8799991607666 AB 7.002736724392504 1.6580738480438437
62710.1177 lsst_hardware_g -24.21179339086495 15.300000190734863 31.440000534057617 AB 3.9753994075807206 1.0461577388370318
62710.1373 lsst_hardware_r -13.841942940772322 24.190000534057617 31.510000228881836 AB 3.8194094415106723 1.0322728220299113
62712.119 lsst_hardware_i -10.492376118669593 31.540000915527344 31.25 AB 5.406925884277194 1.0397934392840757
62712.1382 lsst_hardware_r 31.37702137859216 24.209999084472656 31.510000228881836 AB 5.730753001339131 1.0307109714638725
62717.1077 lsst_hardware_u 4.458176066098963 2.7300000190734863 28.420000076293945 AB 1.8981926205345696 1.0379727248309336
62717.1256 lsst_hardware_g -13.87187487906148 15.25 31.459999084472656 AB 1.4673015003088292 1.0305892890667807
62721.0865 lsst_hardware_z 103.12872809141335 49.560001373291016 30.969999313354492 AB 4.608678522241962 1.047426936873173
62721.1046 lsst_hardware_r 84.398334532076 51.220001220703125 31.639999389648438 AB 4.5467437073558585 1.0333508425808768
62724.0823 lsst_hardware_i -225.6276966687745 106.66000366210938 31.34000015258789 AB 8.428928720368438 1.0432918478021656
62724.1004 lsst_hardware_z -182.76142809387713 91.08999633789062 31.0 AB 7.721702274847835 1.0318303300391307
62732.0912 lsst_hardware_g 18.623272343670397 21.549999237060547 32.220001220703125 AB 2.2475351972441335 1.0307036483712158
62732.1133 lsst_hardware_r 37.764007189769934 34.0099983215332 32.2599983215332 AB 2.2892452787607445 1.042263662219863
62734.06 lsst_hardware_r -41.65686091231783 24.09000015258789 31.520000457763672 AB 3.3204539340675416 1.03894053005868
62734.0803 lsst_hardware_i 15.492447956543842 31.309999465942383 31.260000228881836 AB 3.1332440099687764 1.030502881094812
62737.0589 lsst_hardware_z 31.62455886697147 41.540000915527344 30.950000762939453 AB 2.6727124070519785 1.0343314268777006
62737.0789 lsst_hardware_u 1.45976507643833 2.7799999713897705 28.469999313354492 AB 2.662851915040588 1.0309144076812187
62739.0525 lsst_hardware_g 15.537310047435556 15.25 31.479999542236328 AB 2.0727807557075355 1.0348381206727586
62739.07 lsst_hardware_r 18.393290680732093 24.059999465942383 31.520000457763672 AB 2.0651309253975674 1.0305044537912014
62741.0408 lsst_hardware_i 59.453686099556 31.420000076293945 31.260000228881836 AB 3.6460515718986777 1.0390078096125417
62741.0578 lsst_hardware_z 24.231224513301527 41.66999816894531 30.950000762939453 AB 3.6081508196077836 1.0309002341736524
62743.0432 lsst_hardware_i -45.23022432862419 31.420000076293945 31.260000228881836 AB 4.300332144272128 1.0339822419504996
62743.061 lsst_hardware_u -5.007415381025066 2.819999933242798 28.489999771118164 AB 4.290215393288021 1.030682376765814
62745.0213 lsst_hardware_u -2.8560148683287343 2.819999933242798 28.469999313354492 AB 1.8428258549709045 1.047060144869832
62745.038 lsst_hardware_g 1.880286149778957 15.449999809265137 31.469999313354492 AB 1.8330218158730138 1.033853252043437
62750.0286 lsst_hardware_z -8.08484100486023 56.029998779296875 30.979999542236328 AB 0.925958912602702 1.0320924160535412
62750.0491 lsst_hardware_r 23.096425590057795 62.95000076293945 31.649999618530273 AB 0.6823143111730774 1.0325058933262206
62752.0133 lsst_hardware_i -1.6091558668110315 82.9800033569336 31.34000015258789 AB 2.4891451475035646 1.0371438114598186
62752.0317 lsst_hardware_z 38.49935246230654 75.87000274658203 31.0 AB 2.4731429168301804 1.0304762153459086
62754.0138 lsst_hardware_i -9.22800943353133 78.81999969482422 31.34000015258789 AB 3.318432561923375 1.0336722755446086
62754.0319 lsst_hardware_z 70.41730204461071 69.83999633789062 30.989999771118164 AB 3.3047959327266785 1.030815949072576
62756.0163 lsst_hardware_g 15.400973014953443 92.54000091552734 31.739999771118164 AB 2.151698859053152 1.031000890777744
62756.035 lsst_hardware_r 289.3465511117379 86.9800033569336 31.65999984741211 AB 2.073129751195495 1.0334644821512937
62758.9923 lsst_hardware_y 15.947962335194905 48.040000915527344 30.059999465942383 AB 2.3137949685431844 1.038507616042722
62759.0102 lsst_hardware_i 10.986180093997143 31.799999237060547 31.270000457763672 AB 1.3306787578940853 1.0306683724733947
62760.9932 lsst_hardware_z -75.3355452368161 42.2400016784668 30.950000762939453 AB 6.383743503222866 1.0344188457196621
62761.0121 lsst_hardware_u -1.7509515375443077 2.8499999046325684 28.489999771118164 AB 1.7354664608554164 1.0307150472786437
62762.981 lsst_hardware_y 14.432168939694591 72.9800033569336 30.079999923706055 AB 6.298741640785889 1.0387963454746543
62763.0008 lsst_hardware_r -13.599591785202662 24.81999969482422 31.530000686645508 AB 6.080084133389913 1.0305227344728665
62765.9821 lsst_hardware_y -93.06721454186152 67.33999633789062 30.06999969482422 AB 2.054056729937485 1.0331844221511002
62766.0018 lsst_hardware_z 65.38510994060032 42.099998474121094 30.950000762939453 AB 2.6497476695656146 1.031364645954829
