data/validation/pwv_sim_epoch_fit_seasonal/16304921.ecsv
# %ECSV 0.9
# ---
# datatype:
# - {name: time, datatype: float64}
# - {name: band, datatype: string}
# - {name: flux, datatype: float64}
# - {name: fluxerr, datatype: float64}
# - {name: zp, datatype: float64}
# - {name: zpsys, datatype: string}
# - {name: pwv, datatype: float64}
# - {name: airmass, datatype: float64}
# meta: {SNID: '16304921', alt: 1024.0, c: 0.05017345771193504, dec: -45.783966, lat: -30.244573, lon: -70.7499537, ra: 60.826271, t0: 60277.17578125,
#   x0: 2.9616410574355346e-05, x1: 0.43701690435409546, z: 0.2897678017616272}
# schema: astropy-2.0
time band flux fluxerr zp zpsys pwv airmass
[from data line 133]
60632.2556 lsst_hardware_r 5.049387263179969 60.9900016784668 31.6299991607666 AB 5.716701797265201 1.0704431789656146
60632.2675 lsst_hardware_i -25.733784513782986 51.380001068115234 31.299999237060547 AB 5.662932448898445 1.0886067760281517
60634.2969 lsst_hardware_i -61.02045283619858 42.529998779296875 31.270000457763672 AB 4.891846076473051 1.169179272579601
60634.3089 lsst_hardware_z -23.342206056433366 48.43000030517578 30.940000534057617 AB 4.972088798728836 1.2079904758816415
60636.2659 lsst_hardware_u 1.9992216618915049 6.460000038146973 29.0 AB 6.824819758845985 1.1059503741447672
60636.2786 lsst_hardware_g -7.828547500987366 30.649999618530273 31.6200008392334 AB 6.71190177381451 1.1343420270096196
60641.2439 lsst_hardware_g -8.208207430265348 12.850000381469727 31.3700008392334 AB 4.18453046883037 1.090289335286704
60641.2564 lsst_hardware_r -44.60566711266867 21.899999618530273 31.469999313354492 AB 4.934372908762103 1.114608743790852
60645.2378 lsst_hardware_r -40.50765966399466 21.780000686645508 31.469999313354492 AB 6.924070815129197 1.0990588595443171
60645.2494 lsst_hardware_g -9.632041152993786 12.829999923706055 31.360000610351562 AB 7.077029281198795 1.123337981142666
60647.2664 lsst_hardware_r 9.92147096091044 22.06999969482422 31.450000762939453 AB 5.146527401207312 1.1845620840588207
60647.2784 lsst_hardware_i -48.23000109241318 31.31999969482422 31.219999313354492 AB 5.339531198454444 1.22611608522045
60649.2654 lsst_hardware_z -38.340402717181455 43.13999938964844 30.93000030517578 AB 6.203989963248146 1.1992248640299252
60649.277 lsst_hardware_i 20.069868820759318 31.530000686645508 31.219999313354492 AB 6.346259513497809 1.2417674498104243
60653.1267 lsst_hardware_r 46.7350796928071 33.220001220703125 31.59000015258789 AB 7.828161828209595 1.0436621404599051
60653.1397 lsst_hardware_y 25.401356772636248 47.47999954223633 30.049999237060547 AB 7.695735212026081 1.0385607573584454
60655.1233 lsst_hardware_z 54.16113648643072 47.599998474121094 30.969999313354492 AB 13.100798659267985 1.0425591802695466
60655.1371 lsst_hardware_r 1.657520544892008 48.75 31.6299991607666 AB 12.23879310010794 1.0380288878771269
60657.1321 lsst_hardware_i -31.499202885911615 55.369998931884766 31.31999969482422 AB 7.408725940013486 1.0379637757015598
60657.1445 lsst_hardware_z -93.67552449701218 53.349998474121094 30.979999542236328 AB 7.441090512011362 1.0382434089593082
60661.1653 lsst_hardware_i 52.589567264633544 54.380001068115234 31.31999969482422 AB 3.201321825133504 1.057268801475218
60661.1781 lsst_hardware_z 48.0600822836676 53.18000030517578 30.979999542236328 AB 3.591790650400461 1.0727633979990425
60664.126 lsst_hardware_z -42.258233783558104 40.4900016784668 30.950000762939453 AB 4.294149473409017 1.0383628275684536
60664.1392 lsst_hardware_r 38.86934737754713 21.420000076293945 31.479999542236328 AB 4.356075943550032 1.0432465437791958
60666.1086 lsst_hardware_r -14.010094187592696 21.350000381469727 31.479999542236328 AB 4.459054915284392 1.0378342640019034
60666.1217 lsst_hardware_u 0.4234264263339871 2.609999895095825 28.43000030517578 AB 4.414444386680483 1.0386113371533288
60667.1131 lsst_hardware_g 4.526600578592999 12.800000190734863 31.399999618530273 AB 6.382473346748639 1.0377161770179073
60667.1256 lsst_hardware_r 6.732660430888356 21.459999084472656 31.479999542236328 AB 6.529592447778712 1.0406968877202394
60669.1103 lsst_hardware_i 33.80534362515123 29.56999969482422 31.25 AB 7.749198071395461 1.038012801883636
60669.1223 lsst_hardware_z 15.165792469731217 40.61000061035156 30.950000762939453 AB 7.8113188477611875 1.0416249158031758
60671.111 lsst_hardware_r 18.54502392903186 30.360000610351562 32.2400016784668 AB 5.560795024431594 1.039400939146173
60671.1247 lsst_hardware_u -3.0827301997061993 2.7100000381469727 28.510000228881836 AB 5.557238165882401 1.046035543835312
60677.1062 lsst_hardware_u -3.854581159271565 2.549999952316284 28.3799991607666 AB 5.263928648052686 1.0446893868623541
60677.1184 lsst_hardware_g 25.406892926169586 12.699999809265137 31.3700008392334 AB 5.306689707090459 1.0541172383354933
60679.1036 lsst_hardware_r -22.8693543570993 21.68000030517578 31.479999542236328 AB 2.4070442916426082 1.0465409963663515
60679.1167 lsst_hardware_i 19.401620693910296 29.799999237060547 31.239999771118164 AB 2.43304376065836 1.0578451133297218
60681.0925 lsst_hardware_i -5.266113924977254 31.959999084472656 31.260000228881836 AB 8.970325658492646 1.0431015533733066
60681.1052 lsst_hardware_z -24.593860287477142 41.869998931884766 30.950000762939453 AB 9.038613292652597 1.0520515583560257
60683.0864 lsst_hardware_r 16.8908008654749 38.13999938964844 31.600000381469727 AB 6.1717826554349084 1.0427657111007391
60683.0982 lsst_hardware_z 87.87289318497699 44.540000915527344 30.959999084472656 AB 6.106879968850261 1.0507364020733414
60685.078 lsst_hardware_z 68.2339845838301 48.54999923706055 30.969999313354492 AB 9.451001633676727 1.041356186911161
60685.092 lsst_hardware_i -15.417306544380287 46.40999984741211 31.299999237060547 AB 8.90193814287647 1.0501283641472776
60687.069 lsst_hardware_z -52.50697398953089 53.58000183105469 30.979999542236328 AB 4.012940410481087 1.0399586421719693
60687.0818 lsst_hardware_r 40.74588419405486 68.6500015258789 31.649999618530273 AB 4.014921967462584 1.0465746412414818
60689.0675 lsst_hardware_y -40.806385346078194 51.040000915527344 30.059999465942383 AB 6.772479822223997 1.0415460843118876
60689.0801 lsst_hardware_g 7.153890255558383 84.22000122070312 31.729999542236328 AB 6.955419990000307 1.0493467422680876
