data/validation/pwv_sim_epoch_fit_seasonal/16461551.ecsv
# %ECSV 0.9
# ---
# datatype:
# - {name: time, datatype: float64}
# - {name: band, datatype: string}
# - {name: flux, datatype: float64}
# - {name: fluxerr, datatype: float64}
# - {name: zp, datatype: float64}
# - {name: zpsys, datatype: string}
# - {name: pwv, datatype: float64}
# - {name: airmass, datatype: float64}
# meta: {SNID: '16461551', alt: 1024.0, c: 0.1177707239985466, dec: -25.778666, lat: -30.244573, lon: -70.7499537, ra: 90.0, t0: 59926.3671875,
#   x0: 1.092836498361572e-05, x1: -0.5532503128051758, z: 0.44358280301094055}
# schema: astropy-2.0
time band flux fluxerr zp zpsys pwv airmass
[from data line 132]
60276.2167 lsst_hardware_z -25.6742840254334 110.95999908447266 31.75 AB 3.9872746373804446 1.034849373833492
60278.2099 lsst_hardware_r 100.5902213631374 71.47000122070312 31.649999618530273 AB 5.680991712211096 1.0368349893008453
60278.2263 lsst_hardware_z -54.966922068958844 78.7300033569336 31.0 AB 5.571583184672572 1.0168359626486019
60280.21 lsst_hardware_r 78.01019065906893 71.16000366210938 31.649999618530273 AB 6.482759974335825 1.0290095197358453
60280.2277 lsst_hardware_y -79.05180160843815 82.47000122070312 30.079999923706055 AB 6.370277303985197 1.011155127616698
60284.141 lsst_hardware_r 52.709049035424826 70.06999969482422 31.6200008392334 AB 6.37852088798729 1.1740329261894515
60284.1612 lsst_hardware_g 11.127156026467528 74.86000061035156 31.700000762939453 AB 5.956818243095857 1.1060845312590952
60286.1399 lsst_hardware_r -25.025371654542024 69.94000244140625 31.610000610351562 AB 4.282613428147115 1.1574630886884092
60286.1611 lsst_hardware_i 17.42289850574578 68.79000091552734 31.31999969482422 AB 4.0386564377416425 1.0915287669572007
60287.1444 lsst_hardware_u -11.916409556018646 22.280000686645508 29.40999984741211 AB 6.221269999655701 1.1323753184666365
60287.1661 lsst_hardware_g -3.681492548837039 76.29000091552734 31.719999313354492 AB 5.898953903876865 1.0728134041574504
60290.1239 lsst_hardware_g 227.3266745001042 73.01000213623047 31.670000076293945 AB 14.571218321045652 1.1768698837803402
60290.1458 lsst_hardware_r -145.08174935604018 69.7300033569336 31.6299991607666 AB 12.94678089411618 1.10331695744991
60293.1286 lsst_hardware_i -9.377173459627642 30.950000762939453 31.229999542236328 AB 8.894280534067033 1.13047780716598
60293.1499 lsst_hardware_r 3.434073102400307 22.25 31.479999542236328 AB 8.442548450502041 1.0724028569547013
60295.1497 lsst_hardware_g -10.197743441413877 13.319999694824219 31.389999389648438 AB 9.97149365452753 1.0611546784761743
60295.1714 lsst_hardware_r -38.41367095309516 21.959999084472656 31.489999771118164 AB 8.680148504811479 1.02602228189261
60297.1518 lsst_hardware_i -5.045563780274038 31.68000030517578 31.260000228881836 AB 3.592250473694605 1.0469218138272072
60297.175 lsst_hardware_z 58.88678148360019 40.880001068115234 30.950000762939453 AB 5.386379024678838 1.0162979291846865
60303.0343 lsst_hardware_y -26.901910587062236 84.55999755859375 29.90999984741211 AB 8.606762810638134 1.5124791864753773
60303.0544 lsst_hardware_z -52.35624475462628 65.7699966430664 30.950000762939453 AB 9.72285968985721 1.3541587311778844
60304.0346 lsst_hardware_y -67.76402586951822 86.91999816894531 29.93000030517578 AB 13.933491828474246 1.4852093831982354
60304.0549 lsst_hardware_z 56.579106677025045 70.94999694824219 30.959999084472656 AB 12.809872604593323 1.3330772541658635
60306.0356 lsst_hardware_y -24.69600528956803 82.51000213623047 29.920000076293945 AB 8.28766181445766 1.4313750974885744
60306.0573 lsst_hardware_r 70.98453977907022 64.94000244140625 31.579999923706055 AB 8.015777922651417 1.2859536774307085
60308.048 lsst_hardware_z 80.15840220431257 80.4800033569336 31.690000534057617 AB 11.168271267819321 1.308257974969492
60310.0376 lsst_hardware_y -28.99288422730329 73.6500015258789 29.969999313354492 AB 9.181541507464129 1.3389558346308614
60310.0583 lsst_hardware_g -20.307771999055625 13.859999656677246 31.360000610351562 AB 8.437607789352036 1.224459236999607
60316.0399 lsst_hardware_y 26.948478477971836 65.19000244140625 30.0 AB 11.993241140286342 1.2340947331347067
60316.0612 lsst_hardware_g -3.676106596977866 13.489999771118164 31.3700008392334 AB 11.148167190237574 1.1459581312402118
60318.0413 lsst_hardware_y -44.03001529328673 62.209999084472656 30.0 AB 8.29320819389802 1.202495146529443
60318.0643 lsst_hardware_i 33.88136821391525 30.790000915527344 31.239999771118164 AB 9.494451665338483 1.118035621255694
60324.0382 lsst_hardware_y -128.9285187018324 69.37999725341797 30.030000686645508 AB 6.754504800764475 1.1500291942277765
60324.0541 lsst_hardware_z -6.583137945146234 42.220001220703125 30.940000534057617 AB 6.574083227158927 1.1001729105780147
60326.0387 lsst_hardware_y 71.66560177424685 63.290000915527344 30.030000686645508 AB 4.111760663975774 1.1298115031990426
60326.0561 lsst_hardware_z 18.725631886689158 42.220001220703125 30.940000534057617 AB 3.018942162403817 1.0809926281993871
60328.0383 lsst_hardware_y 6.602020279255578 60.810001373291016 30.030000686645508 AB 5.423205607786982 1.1141093128831558
60328.0555 lsst_hardware_r 16.506418535407864 37.310001373291016 31.59000015258789 AB 3.8740459547989685 1.069809031356291
60330.0386 lsst_hardware_y -75.40361426184064 60.209999084472656 30.040000915527344 AB 13.267005305161232 1.097769789084195
60330.0558 lsst_hardware_r 75.91677683887822 55.220001220703125 31.6299991607666 AB 12.608812627726099 1.0578232707569
60332.0471 lsst_hardware_z 152.16317945677713 88.2699966430664 31.729999542236328 AB 7.817453939613193 1.0643956620073618
60334.0382 lsst_hardware_y 8.962781992348301 63.41999816894531 30.049999237060547 AB 7.2170623238113905 1.0718409391799095
60334.0552 lsst_hardware_i -39.316774975551795 66.69999694824219 31.329999923706055 AB 7.116983640201995 1.039595424065732
60338.0369 lsst_hardware_y -108.23212025009641 54.880001068115234 30.049999237060547 AB 13.529291298774794 1.0522080649226098
60338.0541 lsst_hardware_g 2.073687609051324 13.15999984741211 31.389999389648438 AB 12.959644857740798 1.0258835445992505
