data/validation/pwv_sim_epoch_fit_seasonal/16476504.ecsv
# %ECSV 0.9
# ---
# datatype:
# - {name: time, datatype: float64}
# - {name: band, datatype: string}
# - {name: flux, datatype: float64}
# - {name: fluxerr, datatype: float64}
# - {name: zp, datatype: float64}
# - {name: zpsys, datatype: string}
# - {name: pwv, datatype: float64}
# - {name: airmass, datatype: float64}
# meta: {SNID: '16476504', alt: 1024.0, c: 0.025542931631207466, dec: -7.933337, lat: -30.244573, lon: -70.7499537, ra: 304.804688, t0: 61946.625,
#   x0: 4.78439721368815e-06, x1: -0.8455995917320251, z: 0.62486332654953}
# schema: astropy-2.0
time band flux fluxerr zp zpsys pwv airmass
[from data line 132]
62361.152 lsst_hardware_r -7.212275172744731 24.350000381469727 31.510000228881836 AB 3.5242967855467824 1.0817362754901112
62363.1252 lsst_hardware_z 23.333189348853136 42.529998779296875 30.950000762939453 AB 3.676860423596322 1.0893594322187459
62363.147 lsst_hardware_g 14.814190713734856 15.930000305175781 31.469999313354492 AB 3.602302751678051 1.0817725981015167
62365.122 lsst_hardware_r -31.23545207179468 35.27000045776367 31.59000015258789 AB 4.426867746902542 1.0876824930964477
62365.1418 lsst_hardware_z 23.9860951203386 44.790000915527344 30.959999084472656 AB 4.587901828808935 1.0817971772716188
62368.1055 lsst_hardware_r 205.55771608758525 84.30000305175781 31.639999389648438 AB 2.299261604112873 1.094886478148987
62368.125 lsst_hardware_y -98.2907348854852 55.189998626708984 30.040000915527344 AB 1.9483748431263397 1.082430468403522
62370.1385 lsst_hardware_z 70.03797255100986 102.41000366210938 31.0 AB 2.182731560873234 1.0849465135646927
62370.1563 lsst_hardware_r 274.772552158923 147.7899932861328 31.649999618530273 AB 2.2110328802431995 1.1005639025600795
62372.0986 lsst_hardware_r -114.32763216972644 132.33999633789062 31.649999618530273 AB 3.1490214147639524 1.0910424997016726
62373.0652 lsst_hardware_z 151.9269236430608 75.0199966430664 30.979999542236328 AB 4.770633315594354 1.138372204401206
62379.0787 lsst_hardware_r 2.729781919818707 23.969999313354492 31.5 AB 4.254609251594898 1.091741922787101
62379.0942 lsst_hardware_z -71.81350031454627 42.189998626708984 30.940000534057617 AB 3.6278935442777094 1.082630123628084
62381.0851 lsst_hardware_r 18.27750276331118 23.81999969482422 31.5 AB 3.1635344698185537 1.0838971458948905
62381.102 lsst_hardware_u 0.15241250881917914 2.7200000286102295 28.40999984741211 AB 3.1648079641945017 1.0824790665355724
62384.0593 lsst_hardware_u -5.3285616322639475 2.75 28.420000076293945 AB 1.300605575894864 1.0976346375088522
62384.0779 lsst_hardware_g 16.86289104347625 15.069999694824219 31.450000762939453 AB 1.2830441729599251 1.0834996534496202
62386.0581 lsst_hardware_r 26.786656403198542 23.899999618530273 31.5 AB 2.298130433200471 1.0931332328526102
62386.0766 lsst_hardware_i 48.65837862276797 31.56999969482422 31.25 AB 2.3499461418487155 1.082259506531493
62388.0572 lsst_hardware_z -4.180392663546606 42.27000045776367 30.940000534057617 AB 2.8256353326730537 1.0891566231554877
62388.0745 lsst_hardware_r -5.955086565707187 23.860000610351562 31.5 AB 2.7635407414697446 1.0817617724959856
62391.0543 lsst_hardware_u -1.8969473251888453 2.9800000190734863 28.540000915527344 AB 3.1447539650599374 1.0856145559885864
62391.0734 lsst_hardware_g 10.106108241006577 15.569999694824219 31.469999313354492 AB 3.078007085291078 1.082185843470538
62399.9974 lsst_hardware_r 31.86839090504345 107.19999694824219 31.639999389648438 AB 3.851356435159021 1.1258532818979547
62400.0061 lsst_hardware_i 64.07458697115294 85.51000213623047 31.329999923706055 AB 4.3309751991918315 1.110506461331239
62405.0269 lsst_hardware_u 0.0442564983348458 2.799999952316284 28.459999084472656 AB 3.635496703518263 1.0818857365891072
62405.0454 lsst_hardware_g -20.86958424490289 15.029999732971191 31.440000534057617 AB 3.203054417372749 1.0863335314134006
62407.9961 lsst_hardware_y 2.322065731463956 49.27000045776367 30.030000686645508 AB 4.157454206668947 1.0950755186800265
62408.0146 lsst_hardware_r -1.21716680039377 24.1200008392334 31.5 AB 3.6946087983178835 1.0827485671677033
62409.9974 lsst_hardware_y 14.301108232359757 48.75 30.030000686645508 AB 2.9991420267561417 1.0889471806692792
62410.0166 lsst_hardware_r -7.262364592824653 24.18000030517578 31.5 AB 6.5894126378007485 1.0816797304261214
62411.9973 lsst_hardware_z -69.66995089279088 44.290000915527344 30.959999084472656 AB 2.6916736568858055 1.0854252262459951
62412.0159 lsst_hardware_g -4.328419480781526 15.300000190734863 31.440000534057617 AB 2.227164693677484 1.0821547687629758
62414.9915 lsst_hardware_y -10.597619587862672 60.34000015258789 30.040000915527344 AB 3.6168090927283107 1.0842295556517545
62415.0097 lsst_hardware_i 31.132502098751647 32.0 31.25 AB 3.6850611817946395 1.082620922037336
62416.9924 lsst_hardware_y -31.56490229586166 61.15999984741211 30.049999237060547 AB 4.805183407210505 1.0821672713484618
62417.0118 lsst_hardware_r 34.232930388376545 24.6200008392334 31.510000228881836 AB 4.942462246345083 1.0858378088307619
62418.9934 lsst_hardware_y -93.05483358010517 61.66999816894531 30.049999237060547 AB 3.2007309539518443 1.081723926195458
62419.0124 lsst_hardware_g 8.951095918987887 15.75 31.450000762939453 AB 2.616210985682279 1.0900879107009496
