data/validation/pwv_sim_epoch_fit_seasonal/1664531.ecsv
# %ECSV 0.9
# ---
# datatype:
# - {name: time, datatype: float64}
# - {name: band, datatype: string}
# - {name: flux, datatype: float64}
# - {name: fluxerr, datatype: float64}
# - {name: zp, datatype: float64}
# - {name: zpsys, datatype: string}
# - {name: pwv, datatype: float64}
# - {name: airmass, datatype: float64}
# meta: {SNID: '1664531', alt: 1024.0, c: -0.15532951056957245, dec: -37.356377, lat: -30.244573, lon: -70.7499537, ra: 227.8125, t0: 62068.23046875,
#   x0: 0.0002632591699091242, x1: -0.796464204788208, z: 0.10797806084156036}
# schema: astropy-2.0
time band flux fluxerr zp zpsys pwv airmass
[from data line 132]
62261.158 lsst_hardware_r 28.489413861590567 23.940000534057617 31.520000457763672 AB 8.931531308238586 1.0468171675427362
62261.1772 lsst_hardware_i -12.904094033104093 32.9900016784668 31.280000686645508 AB 9.500936916071959 1.0232565337718857
62264.0591 lsst_hardware_u 2.873137349729182 2.640000104904175 28.260000228881836 AB 13.965671631809025 1.3655242453368825
62264.1476 lsst_hardware_g 1.1776999168620959 21.149999618530273 32.189998626708984 AB 10.280109986167616 1.0502768682231245
62264.2261 lsst_hardware_r 11.571498392854108 23.6200008392334 31.520000457763672 AB 9.04925125865546 1.0160562816736132
62266.1895 lsst_hardware_r -10.557871180905506 23.479999542236328 31.520000457763672 AB 6.349391139253767 1.008693784037349
62266.2014 lsst_hardware_i 55.02347314655452 30.850000381469727 31.270000457763672 AB 6.35915723117274 1.0083230281986375
62277.1937 lsst_hardware_r -8.891157287002219 23.559999465942383 31.520000457763672 AB 7.634971302871083 1.0182790290019432
62277.2051 lsst_hardware_y 22.13789628895698 47.13999938964844 30.049999237060547 AB 7.725186444881179 1.0288816574758508
62279.0476 lsst_hardware_z 110.01766935848092 50.630001068115234 30.940000534057617 AB 2.3361411151618494 1.213369692777969
62279.0695 lsst_hardware_r 17.245377927809784 50.06999969482422 31.610000610351562 AB 2.168607318108409 1.1350003409499698
62280.0753 lsst_hardware_z -26.335379030264427 55.95000076293945 30.969999313354492 AB 9.218947500195178 1.1107165662885756
62280.0946 lsst_hardware_r -40.34862354977202 66.44000244140625 31.639999389648438 AB 9.253219305840215 1.0666740155438394
62283.1299 lsst_hardware_i -152.3774913816462 118.4000015258789 31.350000381469727 AB 5.4135082152039695 1.0137023060740613
62283.1425 lsst_hardware_z -121.27673017946228 93.05999755859375 31.010000228881836 AB 5.3480603259051795 1.0088141962849309
62285.1288 lsst_hardware_z 79.54820905428666 74.9800033569336 31.0 AB 9.194936501233947 1.0115070772506325
62285.1408 lsst_hardware_r 64.99064067172867 110.2300033569336 31.670000076293945 AB 9.17011562320358 1.0082128130325985
62288.1312 lsst_hardware_i -56.47063250499127 60.060001373291016 32.060001373291016 AB 7.241939095726716 1.0083925405978253
62288.1444 lsst_hardware_r -105.480536211368 66.06999969482422 32.38999938964844 AB 7.187151207776441 1.0088645715576139
62291.1283 lsst_hardware_u -3.7105394835196237 2.759999990463257 28.479999542236328 AB 10.81797281244853 1.0080030574164878
62291.1405 lsst_hardware_g 13.336030570565434 14.619999885559082 31.450000762939453 AB 10.850638527232384 1.0100585855884525
62301.9655 lsst_hardware_y 78.2770017026789 50.95000076293945 29.959999084472656 AB 16.876852093735415 1.3058199334899607
62301.9843 lsst_hardware_r -6.673698860055249 23.950000762939453 31.469999313354492 AB 15.752813640478573 1.2154636177422125
62302.1125 lsst_hardware_g -12.296889340305848 14.399999618530273 31.450000762939453 AB 12.533978878778349 1.0108047482885765
62302.1261 lsst_hardware_r -2.34938121053034 23.040000915527344 31.5 AB 12.624512359485363 1.0187905064816531
62303.9651 lsst_hardware_y -7.043791352651148 50.619998931884766 29.979999542236328 AB 9.11874743224484 1.2791061063606173
62303.9837 lsst_hardware_z 34.48082300041055 43.83000183105469 30.940000534057617 AB 8.516343952604487 1.1957378570823105
62304.0981 lsst_hardware_i -17.240770061639775 30.84000015258789 31.270000457763672 AB 5.464209299042768 1.008389259338919
62304.1116 lsst_hardware_z -52.370581872024296 40.959999084472656 30.959999084472656 AB 5.408030873071825 1.0128979315882924
62306.0977 lsst_hardware_i 7.7645389830809854 34.31999969482422 31.280000686645508 AB 3.661145752930757 1.0094839051301028
62306.1102 lsst_hardware_z 49.67924390236608 42.72999954223633 30.959999084472656 AB 3.6820812581015145 1.0152564301651221
62307.967 lsst_hardware_y -14.866488213623898 53.25 29.989999771118164 AB 6.313737464940166 1.2193390237429607
62307.9892 lsst_hardware_r -12.117962525300129 57.790000915527344 31.6200008392334 AB 5.860215369074504 1.1384216866686208
62309.9659 lsst_hardware_y 23.569237256393645 62.16999816894531 30.010000228881836 AB 10.126063762243977 1.2013481877560361
62309.9861 lsst_hardware_r -72.38584334796045 106.19000244140625 31.639999389648438 AB 10.500081546516121 1.1312609741178805
62310.0451 lsst_hardware_y -0.39705373734016186 59.08000183105469 30.06999969482422 AB 3.0651692176216354 1.021723072540545
62310.0578 lsst_hardware_r 135.29842146939845 96.22000122070312 31.670000076293945 AB 3.0384734180494624 1.0128244726831541
62312.032 lsst_hardware_z -13.952976854662602 167.0 32.5 AB 5.157715531823236 1.0293471657443924
62313.9641 lsst_hardware_y -44.21031652795679 55.43000030517578 30.020000457763672 AB 8.90373875079307 1.1671421940216065
62313.9836 lsst_hardware_i 31.68979497614853 63.689998626708984 31.31999969482422 AB 8.426436305003087 1.1077213494153881
62322.9653 lsst_hardware_y 90.76075834654344 49.470001220703125 30.030000686645508 AB 7.154572129790208 1.0921065657196236
62322.9846 lsst_hardware_g -4.547472729847599 14.630000114440918 31.450000762939453 AB 6.8756648159702785 1.0533919489268357
62323.0358 lsst_hardware_z 5.57377288042239 40.77000045776367 30.950000762939453 AB 5.756280111655399 1.0083699941587623
62323.0491 lsst_hardware_i 42.69408104316918 30.510000228881836 31.260000228881836 AB 6.26324191403966 1.0089255908996233
62324.9664 lsst_hardware_y 2.2584244412869907 49.16999816894531 30.040000915527344 AB 1.5382034378908127 1.0774247755480437
62324.987 lsst_hardware_z 78.93765507365404 41.439998626708984 30.950000762939453 AB 1.4814449253470792 1.0413155520246196
62327.0248 lsst_hardware_g -1.9065384346245684 14.329999923706055 31.450000762939453 AB 8.247382092112398 1.0083812392287894
62327.0374 lsst_hardware_r 5.082391735989849 22.90999984741211 31.5 AB 8.260301762371537 1.008758343918448
62332.0237 lsst_hardware_r -10.429125421299569 23.1200008392334 31.510000228881836 AB 5.481121580177554 1.0087489680249475
62332.0363 lsst_hardware_i -33.00595891214327 30.489999771118164 31.25 AB 5.437883896099422 1.0135220979310553
