data/validation/pwv_sim_epoch_fit_seasonal/16691713.ecsv
# %ECSV 0.9
# ---
# datatype:
# - {name: time, datatype: float64}
# - {name: band, datatype: string}
# - {name: flux, datatype: float64}
# - {name: fluxerr, datatype: float64}
# - {name: zp, datatype: float64}
# - {name: zpsys, datatype: string}
# - {name: pwv, datatype: float64}
# - {name: airmass, datatype: float64}
# meta: {SNID: '16691713', alt: 1024.0, c: 0.038624249398708344, dec: -8.084014, lat: -30.244573, lon: -70.7499537, ra: 339.785156, t0: 60612.95703125,
#   x0: 3.2059883297743167e-06, x1: -0.3843536972999573, z: 0.735950767993927}
# schema: astropy-2.0
time band flux fluxerr zp zpsys pwv airmass
60464.4197 lsst_hardware_z -80.78550901873429 62.41999816894531 31.700000762939453 AB 12.192212436788306 1.0891414498515495
60466.4134 lsst_hardware_g 31.92840976896242 16.559999465942383 31.459999084472656 AB 4.842382329959737 1.0898493559307454
60466.4329 lsst_hardware_y 2.8184998713216642 51.7400016784668 30.030000686645508 AB 4.107060492896115 1.0808053928673986
60468.4126 lsst_hardware_i -12.068605067118105 32.869998931884766 31.260000228881836 AB 3.1698035697596265 1.0862932041671098
60468.4332 lsst_hardware_y -8.251886885825817 51.59000015258789 30.040000915527344 AB 1.6950696447581355 1.081039314259015
60485.353 lsst_hardware_z -74.84746769248325 70.27999877929688 30.979999542236328 AB 3.962023080786909 1.0987053582936914
60485.3748 lsst_hardware_i 67.17139106220097 78.9000015258789 31.329999923706055 AB 3.9182621704039415 1.0820441396614189
60487.3834 lsst_hardware_z 130.03305427420923 103.08000183105469 31.729999542236328 AB 7.763481502549576 1.0814531084868022
60490.3693 lsst_hardware_r 1.6284661438024122 36.400001525878906 31.59000015258789 AB 3.850700225025248 1.080746625042169
60490.3914 lsst_hardware_i -9.173817758451126 38.310001373291016 31.280000686645508 AB 4.410950486846492 1.0905597050057259
60493.3388 lsst_hardware_i 37.34694676028599 32.0099983215332 31.25 AB 7.122963995611578 1.0906391051311297
60493.3602 lsst_hardware_z -31.30586958801968 42.310001373291016 30.940000534057617 AB 7.053863501840226 1.0807620181315445
60495.3026 lsst_hardware_r -45.856585139423046 24.889999389648438 31.5 AB 5.060090326269157 1.1388904628109342
60495.3217 lsst_hardware_g 22.824416608094925 15.630000114440918 31.459999084472656 AB 4.88542687522819 1.1039265337765267
60497.3482 lsst_hardware_r -19.35058786807528 24.43000030517578 31.5 AB 1.699054299551215 1.080823345770493
60497.3681 lsst_hardware_i -14.35213770233135 31.81999969482422 31.239999771118164 AB 1.6885827749213005 1.0871871069350576
60499.3331 lsst_hardware_z 91.55964068912239 60.209999084472656 31.700000762939453 AB 1.8947030806104546 1.0834097477998095
60499.3565 lsst_hardware_i -10.664100648021833 45.400001525878906 32.0099983215332 AB 2.34259835779289 1.0835330054548282
60503.3348 lsst_hardware_r -32.61587229915717 24.540000915527344 31.520000457763672 AB 6.505535267884728 1.0807733859593633
60503.3546 lsst_hardware_i 39.64218991553164 31.940000534057617 31.25 AB 6.587800265935559 1.089432820561565
60506.3005 lsst_hardware_i -37.812444097132555 31.690000534057617 31.239999771118164 AB 3.220931221890922 1.0933235647966468
60506.319 lsst_hardware_z -36.985712613032064 42.04999923706055 30.940000534057617 AB 3.0955548871284653 1.081605481176962
60511.2978 lsst_hardware_r 130.3532214402942 91.6500015258789 31.639999389648438 AB 5.269262586495188 1.0847125904985184
60511.3176 lsst_hardware_i 141.7874697291948 72.97000122070312 31.31999969482422 AB 5.336697327928219 1.081397634838545
60516.2934 lsst_hardware_z -13.12127933068516 98.83000183105469 31.729999542236328 AB 9.027493121792359 1.0812232260211228
60520.2817 lsst_hardware_r 7.556459002570452 25.8799991607666 31.520000457763672 AB 4.785675816066402 1.0813864684366516
60520.3027 lsst_hardware_i 33.512868465046424 32.970001220703125 31.25 AB 4.806129062828203 1.0854562843042634
60527.221 lsst_hardware_r -29.254592243583282 34.75 32.2400016784668 AB 2.5521373194479304 1.126522762943249
60527.2422 lsst_hardware_g 7.529581324629476 21.760000228881836 32.18000030517578 AB 2.5054646566601186 1.0943283060319366
60531.2531 lsst_hardware_z 75.79073476129514 42.58000183105469 30.950000762939453 AB 4.666879119251738 1.0811094270577954
60531.2737 lsst_hardware_i -35.572318379272446 32.2599983215332 31.260000228881836 AB 4.639608939875273 1.0861143418681507
60535.2368 lsst_hardware_r 11.446364698200627 28.799999237060547 31.549999237060547 AB 2.70266852438425 1.0825830259900862
60535.2568 lsst_hardware_i 12.26201157963971 32.25 31.25 AB 3.921512004911064 1.0829166737759237
60537.1908 lsst_hardware_i -85.49095289827417 44.65999984741211 31.290000915527344 AB 5.533873160109666 1.132539915090236
60537.2123 lsst_hardware_z -19.194340812989882 48.36000061035156 30.959999084472656 AB 4.897395815897359 1.097209771680824
60539.234 lsst_hardware_r 39.69789326251041 78.16999816894531 31.649999618530273 AB 2.6925510345341075 1.0808032251012738
60539.2488 lsst_hardware_z 11.440865097506038 60.13999938964844 30.989999771118164 AB 2.6529213433690897 1.0843002765813718
60543.2118 lsst_hardware_z 50.77661606583679 102.77999877929688 31.0 AB 2.1505415913975856 1.0839878647780496
60543.2326 lsst_hardware_i 34.63976715177349 120.4000015258789 31.34000015258789 AB 2.1431836890067077 1.0820516773847397
60546.2145 lsst_hardware_z -6.623370767949702 50.029998779296875 30.969999313354492 AB 3.649240198150515 1.0808293606922248
60546.2332 lsst_hardware_g -78.315372163774 50.400001525878906 31.690000534057617 AB 3.677889937246231 1.0864188471582346
60549.1781 lsst_hardware_r -51.54257959763211 25.06999969482422 31.520000457763672 AB 4.725388903640214 1.098927652009352
60549.1955 lsst_hardware_i -14.558168946202958 32.22999954223633 31.260000228881836 AB 4.660973183493469 1.0839472519752253
60553.1502 lsst_hardware_i 51.44093174219272 32.58000183105469 31.239999771118164 AB 1.4639986002299419 1.1261527694076476
60553.1677 lsst_hardware_z 25.53206727793408 42.869998931884766 30.950000762939453 AB 1.7040053454305313 1.0982954208382412
60555.1651 lsst_hardware_r 19.909595986294534 25.049999237060547 31.510000228881836 AB 1.5330403039810292 1.095028788557878
60555.1854 lsst_hardware_g 11.778253031259077 15.869999885559082 31.459999084472656 AB 1.4213625883081233 1.0815695028343362
60559.1499 lsst_hardware_z -25.017194404198694 42.90999984741211 30.950000762939453 AB 2.2377653357980964 1.1000444074219473
60559.1695 lsst_hardware_i -23.849436410708886 32.369998931884766 31.260000228881836 AB 2.4548133532670486 1.083324516004876
60566.1211 lsst_hardware_y -12.232137002507029 50.310001373291016 30.030000686645508 AB 1.3430797637523502 1.1143578209937326
60566.1385 lsst_hardware_r 8.63640461837208 49.779998779296875 31.6200008392334 AB 1.8427428640403127 1.0915645359108697
60568.1344 lsst_hardware_i -172.98090432925852 77.30000305175781 31.329999923706055 AB 3.483234366662808 1.0903279528368555
60568.1533 lsst_hardware_z 88.69460400557723 69.1500015258789 30.989999771118164 AB 3.4540529928298973 1.0809397813002326
60571.1135 lsst_hardware_z -197.67136459183843 145.57000732421875 31.75 AB 6.129403149030291 1.1049278600584211
60571.1341 lsst_hardware_r -212.24426769123897 219.10000610351562 32.400001525878906 AB 8.048691450218541 1.084656215917868
60580.1035 lsst_hardware_i 5.560741153663242 31.955904457831174 31.25 AB 4.996126832615166 1.0887575271743364
60580.1254 lsst_hardware_z -34.31011646608036 42.22080373603223 30.940000534057617 AB 4.665420740120341 1.0808341804981418
60582.0998 lsst_hardware_r -19.523651066323602 24.55877441093822 31.5 AB 4.201192710495616 1.0874059041014505
60582.1204 lsst_hardware_g -19.69684816850938 15.442201093516525 31.450000762939453 AB 4.159738652493799 1.0808727172908406
60586.0723 lsst_hardware_i 21.683287370423916 32.36101676965644 31.25 AB 2.563501273895251 1.1052750534184757
60586.0921 lsst_hardware_z 59.53778778709575 42.48814590822345 30.950000762939453 AB 2.279046462566972 1.0852602202699866
60590.0717 lsst_hardware_g 35.464203976530946 16.667517763106012 31.459999084472656 AB 6.057318512787068 1.0927870309908567
60590.0904 lsst_hardware_r 96.62564408401543 26.388054044563866 31.510000228881836 AB 9.964500922715652 1.0814326767892541
60594.0663 lsst_hardware_r 261.6884625157592 43.33155550610554 31.600000381469727 AB 5.8187364172206815 1.0879532098262417
60594.0862 lsst_hardware_g 153.33567725253195 37.595087414086144 31.670000076293945 AB 6.247894873608338 1.080779266311572
60599.0674 lsst_hardware_z 434.9571192408718 86.41193751421662 30.989999771118164 AB 7.049069887826288 1.0811180523748813
60599.0856 lsst_hardware_i 877.5496999231411 102.05120843736756 31.329999923706055 AB 7.458264108118279 1.0846412082338726
60601.0399 lsst_hardware_r 651.9037746236472 95.64107340682294 31.639999389648438 AB 4.46431975880353 1.0945984452135662
60601.059 lsst_hardware_z 446.2977247093757 70.26500000544864 30.979999542236328 AB 4.091035221135388 1.0817836242838634
60603.0407 lsst_hardware_g 109.9754314946371 19.646857809818464 31.469999313354492 AB 3.6241010802218376 1.0887545804792222
60603.0581 lsst_hardware_r 716.45765247506 36.34017667255609 31.520000457763672 AB 3.1132544405384843 1.0808972972965833
60605.0405 lsst_hardware_i 953.0167205158332 44.9017697162623 31.25 AB 4.251664790426119 1.0850927813247706
60605.0584 lsst_hardware_z 578.8188520396162 49.123994395922395 30.950000762939453 AB 4.717032035979482 1.080958358288051
60607.0327 lsst_hardware_r 813.768471071838 37.61327357938971 31.520000457763672 AB 3.9202951623740505 1.086581405439164
60607.0508 lsst_hardware_g 135.86692064305927 19.499106008353785 31.459999084472656 AB 4.110844194460639 1.0807819453920136
60609.034 lsst_hardware_r 787.7115867865817 37.55901264520023 31.510000228881836 AB 4.636628355627881 1.0828816151405105
60609.0618 lsst_hardware_i 1147.5413201111835 46.2365267157751 31.25 AB 3.169323660160719 1.0868426234368953
60611.038 lsst_hardware_z 787.9464275397171 50.281389527689086 30.959999084472656 AB 3.4293025710096305 1.0807761017994424
60611.054 lsst_hardware_i 1133.3354651119678 46.85079342497284 31.260000228881836 AB 2.5934569370678724 1.085317637133661
60613.0104 lsst_hardware_y 256.66606613936017 54.69627958615988 30.040000915527344 AB 5.073116886061562 1.091344925473069
60613.0266 lsst_hardware_u -0.5643517089911264 3.0376832682710484 28.56999969482422 AB 5.06064317429387 1.0816807041346306
60617.0171 lsst_hardware_z 1400.6799786048364 78.96570325440264 31.709999084472656 AB 5.0757901677792026 1.0813357835064343
60622.0098 lsst_hardware_y 261.5454889753672 68.38215630932163 30.059999465942383 AB 9.289290621091789 1.0807784317729416
60622.0282 lsst_hardware_i 933.8498972209322 47.24012447436494 31.280000686645508 AB 9.543878076932511 1.088241513903365
60843.3331 lsst_hardware_z -189.7697125648154 92.98999786376953 31.719999313354492 AB 4.474572326370597 1.1844020716100914
60843.3657 lsst_hardware_r 165.39353598196152 106.52999877929688 32.38999938964844 AB 3.689856523408983 1.1085088694398764
60845.39 lsst_hardware_i 36.151195934993034 39.41999816894531 31.280000686645508 AB 3.138380681157655 1.0818271910229766
60845.4117 lsst_hardware_z -7.569105168420728 46.41999816894531 30.959999084472656 AB 3.174380818171321 1.084949297011009
60850.3381 lsst_hardware_g -28.750484606292368 15.75 31.43000030517578 AB 3.84650240364242 1.1231483768574115
60850.3652 lsst_hardware_r -18.564394673888483 24.920000076293945 31.510000228881836 AB 3.7076615858836814 1.0875299804601086
60853.3297 lsst_hardware_i -17.93035742625761 45.7400016784668 32.0 AB 7.551407036477474 1.1235540896410983
60853.3564 lsst_hardware_r 24.644975449032618 35.040000915527344 32.27000045776367 AB 7.833516284144998 1.0879883727979163
60859.3332 lsst_hardware_z -16.213096022975435 42.77000045776367 30.940000534057617 AB 7.034633894530289 1.0941467069468511
60859.3555 lsst_hardware_u -0.061429241778630544 2.799999952316284 28.440000534057617 AB 7.049720655968198 1.0810382451168408
60862.3394 lsst_hardware_g -3.094714774444803 15.579999923706055 31.459999084472656 AB 6.169175920277645 1.0833886179730103
60862.3589 lsst_hardware_r 18.6931404258267 24.700000762939453 31.520000457763672 AB 6.1376065278925385 1.0820885980064519
60864.3341 lsst_hardware_i -56.95136613258898 52.86000061035156 31.309999465942383 AB 1.6814886360428576 1.0833170639167986
60864.3544 lsst_hardware_z -24.499998028624614 52.459999084472656 30.969999313354492 AB 1.6939811704831165 1.0824160833757932
60871.3206 lsst_hardware_i 101.27029922786035 113.87999725341797 32.08000183105469 AB 5.058848029244758 1.0814318402233383
60871.3411 lsst_hardware_r 91.28360947741928 134.88999938964844 32.400001525878906 AB 3.9158854129184344 1.0851837087206413
60876.2934 lsst_hardware_z 36.81799247789036 42.52000045776367 30.950000762939453 AB 3.485087309688785 1.0881546513742206
60876.3151 lsst_hardware_u 4.757150574734386 2.8399999141693115 28.459999084472656 AB 3.490298886316342 1.0809225414420385
60878.2965 lsst_hardware_g 44.572839817756666 15.229999542236328 31.43000030517578 AB 5.1883535029724115 1.0830505172680118
60878.3187 lsst_hardware_r -19.423022824636245 24.31999969482422 31.5 AB 5.176203765714985 1.0834544773867054
60880.2844 lsst_hardware_i -6.912677458942817 31.969999313354492 31.25 AB 6.417633787956104 1.0867521654926795
60880.3056 lsst_hardware_z 11.549791274624079 42.470001220703125 30.950000762939453 AB 5.57796125275966 1.0811050010194128
60882.2811 lsst_hardware_i -4.284373228834167 31.639999389648438 31.25 AB 11.592293337754603 1.0853529746352852
60882.3033 lsst_hardware_u 2.058609839766573 2.740000009536743 28.40999984741211 AB 9.332289170677873 1.0817954989193828
60885.2789 lsst_hardware_g -15.50617260247392 15.449999809265137 31.459999084472656 AB 4.516374846180558 1.0824578204475253
60885.3008 lsst_hardware_r 35.45796890389029 24.479999542236328 31.510000228881836 AB 4.010960766406931 1.0840434503802514
60887.2542 lsst_hardware_r -14.092199052993847 24.469999313354492 31.5 AB 3.9221965112176123 1.0969644836295938
60887.2745 lsst_hardware_i -6.101755063953946 31.90999984741211 31.25 AB 3.8710164334985966 1.0820955367588325
60892.2621 lsst_hardware_z -4.326479734459924 49.880001068115234 30.959999084472656 AB 0.3700406990943446 1.0817267695815187
60892.2818 lsst_hardware_r -117.39276873498923 52.95000076293945 31.6299991607666 AB 0.4046411830002465 1.0841022987280549
60895.2569 lsst_hardware_i -114.73401782933412 89.41999816894531 31.329999923706055 AB 3.4140987591916696 1.0810952372361207
60895.2765 lsst_hardware_z 21.856485563092708 76.81999969482422 30.989999771118164 AB 3.3458483956837948 1.085756260261379
60898.2444 lsst_hardware_z -109.63867326061235 97.43000030517578 31.0 AB 6.951538788496837 1.0821199857560455
60898.264 lsst_hardware_r 117.10883602780817 142.52999877929688 31.65999984741211 AB 7.202275822402026 1.0834155650260653
60900.2397 lsst_hardware_i -36.061654751581116 63.33000183105469 31.31999969482422 AB 3.789304571791866 1.0818856736022457
60900.2582 lsst_hardware_r 61.52671013429523 74.66000366210938 31.639999389648438 AB 3.6830945456941944 1.0832631016747631
60903.2022 lsst_hardware_z -30.67826656864124 42.939998626708984 30.950000762939453 AB 5.421164962808336 1.1080562008805297
60903.2203 lsst_hardware_u -2.514278160985909 2.8399999141693115 28.459999084472656 AB 4.870424752320131 1.0876946574328918
60905.2147 lsst_hardware_g -19.63494422630621 15.779999732971191 31.459999084472656 AB 2.6243164145885323 1.0877995500885107
60905.234 lsst_hardware_r -2.6335685469079086 24.979999542236328 31.520000457763672 AB 2.6925743638624464 1.0808125896083842
60907.1864 lsst_hardware_i -20.48408517048176 32.36000061035156 31.25 AB 2.3636736269882355 1.1159932138754651
60907.2039 lsst_hardware_z 43.563205929969826 42.4900016784668 30.950000762939453 AB 2.3126036556749856 1.0923966252597948
60911.2209 lsst_hardware_g 1.6546522561487442 15.899999618530273 31.459999084472656 AB 2.764917924096843 1.0811018276039361
60911.2401 lsst_hardware_r -25.146549154540583 25.0 31.510000228881836 AB 2.7962577776448083 1.091435510400003
60913.1831 lsst_hardware_i 4.22668075098178 32.369998931884766 31.25 AB 2.3842739723698774 1.0971006429862544
60913.2019 lsst_hardware_r 24.445509703547216 24.989999771118164 31.510000228881836 AB 2.2920127727635475 1.0826701808046988
60931.1364 lsst_hardware_i -2.3790198177896094 32.349998474121094 31.25 AB 3.8996977310892382 1.094395995628411
60931.1541 lsst_hardware_z -32.19421787332852 42.650001525878906 30.950000762939453 AB 3.9599100859356025 1.0821890464866142
60935.1206 lsst_hardware_r -28.737394006300466 24.989999771118164 31.510000228881836 AB 1.161465306345121 1.1000460675712542
60935.1391 lsst_hardware_i -21.81175970264271 32.16999816894531 31.25 AB 0.604079284611472 1.083874314494268
60937.1066 lsst_hardware_i -13.141796748467687 32.33000183105469 31.239999771118164 AB 6.151737373462203 1.1124299047852084
60937.1263 lsst_hardware_z -30.04253905752033 42.560001373291016 30.950000762939453 AB 8.089362190751284 1.0885967152134686
60939.108 lsst_hardware_r -9.787225549397709 24.799999237060547 31.5 AB 4.052884949144935 1.1022259856258645
60939.1278 lsst_hardware_u -0.8286767329690177 2.799999952316284 28.440000534057617 AB 4.820291545337598 1.0840642180001347
60942.1072 lsst_hardware_g 27.298796354163947 15.640000343322754 31.450000762939453 AB 4.042965446165002 1.0935307522422275
60942.1258 lsst_hardware_r 14.927013308502216 24.670000076293945 31.510000228881836 AB 3.7897352010366427 1.0816740578084274
60944.1089 lsst_hardware_i 1.4489100181725174 32.11000061035156 31.239999771118164 AB 3.9490658817080724 1.0872978749194375
60944.1291 lsst_hardware_z -9.54061870017797 42.59000015258789 30.940000534057617 AB 3.061831352076905 1.08090068913031
60946.1026 lsst_hardware_r 24.511226899448165 26.670000076293945 31.530000686645508 AB 4.983756498769392 1.0879189039007624
60946.1218 lsst_hardware_g -3.929910886375512 18.610000610351562 31.510000228881836 AB 4.955425859976594 1.0808104531110911
60949.1004 lsst_hardware_r 62.19396566666488 44.560001373291016 31.610000610351562 AB 6.8656876727085985 1.0841130069017209
60949.1176 lsst_hardware_i 16.219976420728642 42.93000030517578 31.290000915527344 AB 6.851058322137599 1.0811770103320777
60951.0695 lsst_hardware_i 102.07421346608875 73.33999633789062 31.31999969482422 AB 3.1830080559822056 1.110609928814447
60951.0876 lsst_hardware_z 30.598958982356905 66.87000274658203 30.979999542236328 AB 3.88982461416707 1.0889766557019935
60954.0728 lsst_hardware_r 206.11703042036484 138.9499969482422 31.649999618530273 AB 4.132479442846274 1.095252629682988
60954.0915 lsst_hardware_z 48.90931739007506 93.5199966430664 31.0 AB 3.7179947236180344 1.0821231308129133
60956.0726 lsst_hardware_g -125.31611761130739 96.66000366210938 31.719999313354492 AB 5.760132821077462 1.0901084067132332
60956.0895 lsst_hardware_r 47.663628012305075 92.66999816894531 31.649999618530273 AB 9.649362967644366 1.081241881855626
60958.0728 lsst_hardware_i -26.76778213471898 31.719999313354492 31.25 AB 2.6645002326314007 1.0858521629957927
60958.0902 lsst_hardware_z -51.78312778461374 46.13999938964844 30.950000762939453 AB 3.4387288090812147 1.0808514251393968
60960.0642 lsst_hardware_r 39.07776677919367 24.489999771118164 31.510000228881836 AB 5.9035790324672925 1.0880501979666335
60960.0827 lsst_hardware_g -11.86023683521753 15.369999885559082 31.450000762939453 AB 5.7710964181671764 1.080813999500576
60966.0388 lsst_hardware_r -29.718786501373966 24.350000381469727 31.489999771118164 AB 5.789459870867714 1.0966270749212743
60966.0575 lsst_hardware_u -2.126979903882712 2.75 28.40999984741211 AB 6.08538615883466 1.0825520918230538
60969.0406 lsst_hardware_g 3.612356570355787 15.489999771118164 31.459999084472656 AB 3.640540785045906 1.0873236452922215
60969.0579 lsst_hardware_r 12.582260742294203 24.520000457763672 31.510000228881836 AB 3.1932794436574916 1.0808189012213567
60975.0363 lsst_hardware_r -7.384416935348427 25.950000762939453 31.520000457763672 AB 4.640443152013692 1.081520311998193
60975.0537 lsst_hardware_i -16.885298549563043 32.56999969482422 31.25 AB 3.162868463142463 1.0833905619760857
60977.0115 lsst_hardware_y 23.756462726150783 50.29999923706055 30.040000915527344 AB 3.42280393449639 1.0936640540514613
60977.0289 lsst_hardware_z 48.69769183749503 44.95000076293945 30.950000762939453 AB 3.3428343880502456 1.082056880033673
60980.0144 lsst_hardware_y 54.36654115771548 58.369998931884766 30.040000915527344 AB 4.550193829926606 1.0848431605960276
60980.0347 lsst_hardware_z 13.501410465361133 68.41999816894531 30.979999542236328 AB 4.538294925529829 1.0815335247717481
