data/validation/pwv_sim_epoch_fit_seasonal/16732071.ecsv
# %ECSV 0.9
# ---
# datatype:
# - {name: time, datatype: float64}
# - {name: band, datatype: string}
# - {name: flux, datatype: float64}
# - {name: fluxerr, datatype: float64}
# - {name: zp, datatype: float64}
# - {name: zpsys, datatype: string}
# - {name: pwv, datatype: float64}
# - {name: airmass, datatype: float64}
# meta: {SNID: '16732071', alt: 1024.0, c: -0.09735213965177536, dec: -13.86195, lat: -30.244573, lon: -70.7499537, ra: 239.589844, t0: 62705.5390625,
#   x0: 1.2163863786021362e-05, x1: 0.6833287477493286, z: 0.4234362244606018}
# schema: astropy-2.0
time band flux fluxerr zp zpsys pwv airmass
62567.3888 lsst_hardware_r 20.400729147564878 24.8799991607666 31.510000228881836 AB 9.333751270035705 1.04630647224075
62569.3856 lsst_hardware_r -27.662600056284578 24.969999313354492 31.520000457763672 AB 7.937629223565329 1.0451124718321698
62569.4048 lsst_hardware_y 34.31383689013758 71.63999938964844 30.06999969482422 AB 7.908140492869001 1.0424651321999596
62573.3873 lsst_hardware_g 55.640843424612086 15.979999542236328 31.479999542236328 AB 14.750435172826458 1.0418690819692402
62573.406 lsst_hardware_z 111.90837587019111 57.70000076293945 30.979999542236328 AB 14.851579351393015 1.0476811920469125
62576.3766 lsst_hardware_i -0.7367504410095479 44.70000076293945 32.0 AB 8.008876773409764 1.0420536201686814
62576.3949 lsst_hardware_y 13.428221813208125 48.380001068115234 30.049999237060547 AB 8.030531528071753 1.0459372038211847
62577.3808 lsst_hardware_r -6.933978563447062 24.40999984741211 31.510000228881836 AB 9.39519100642458 1.0420960927006226
62577.3989 lsst_hardware_y -38.258002258493235 49.099998474121094 30.049999237060547 AB 9.568874852665786 1.0504473272100907
62579.3597 lsst_hardware_z -102.77851665912179 85.87999725341797 31.729999542236328 AB 6.79703310454057 1.0444654670707305
62581.3088 lsst_hardware_r 125.10103792009535 104.80000305175781 31.649999618530273 AB 4.340093033472025 1.1043493723847393
62581.3278 lsst_hardware_z -80.54556339457814 72.01000213623047 30.989999771118164 AB 4.251614598093536 1.0691178973014277
62590.1623 lsst_hardware_i -41.56798654575714 37.349998474121094 31.09000015258789 AB 13.328093911097433 2.0875160140592905
62590.1793 lsst_hardware_z 117.53100405276408 50.279998779296875 30.8700008392334 AB 12.15877342417362 1.7919418480046672
62593.3467 lsst_hardware_g -26.42757765571993 15.09000015258789 31.440000534057617 AB 9.482330765354392 1.0450192787342056
62593.3658 lsst_hardware_i -21.46980954264067 31.5 31.239999771118164 AB 9.476946030078864 1.0610006284549738
62595.3388 lsst_hardware_z -4.558535575503781 41.56999969482422 30.940000534057617 AB 7.977228189715601 1.0439576238504102
62595.3585 lsst_hardware_r 11.185910017103314 24.1299991607666 31.510000228881836 AB 8.096005715551135 1.0588550504252072
62597.3237 lsst_hardware_u 4.09089112318131 2.880000114440918 28.530000686645508 AB 17.47414640504766 1.0418797325888864
62597.3439 lsst_hardware_g 5.198687103772059 15.210000038146973 31.469999313354492 AB 19.185924137662642 1.0501326840537994
62599.3131 lsst_hardware_r 25.27432952637246 23.950000762939453 31.510000228881836 AB 10.344078144847073 1.0421457466536104
62599.3306 lsst_hardware_i -17.800104292654993 31.290000915527344 31.25 AB 10.378132244214747 1.0451554413972906
62601.3216 lsst_hardware_r -59.09387748579216 24.079999923706055 31.510000228881836 AB 5.571524154203546 1.0436497432245073
62601.338 lsst_hardware_g 10.40772213022114 15.170000076293945 31.450000762939453 AB 4.977637129547134 1.0545282833636562
62603.2976 lsst_hardware_u -0.9611954966026738 2.930000066757202 28.56999969482422 AB 6.930939060790242 1.0431876972893444
62603.3128 lsst_hardware_r 18.576559801018366 24.219999313354492 31.530000686645508 AB 6.903630844174365 1.0426476638360378
62605.2979 lsst_hardware_i 32.356639349808965 32.689998626708984 31.270000457763672 AB 7.6213597792772445 1.0419997419542775
62605.315 lsst_hardware_z 62.38645125795861 41.939998626708984 30.959999084472656 AB 7.731834541842763 1.0455489576528414
62607.2589 lsst_hardware_r 41.97909389113605 75.58999633789062 31.649999618530273 AB 17.651807563048674 1.0661879417159141
62607.2757 lsst_hardware_z -68.7233461072906 57.63999938964844 30.979999542236328 AB 17.33324454963869 1.048804631886165
62613.3014 lsst_hardware_i -24.98305254379193 62.04999923706055 31.329999923706055 AB 7.161371934464443 1.051081986467384
62613.3188 lsst_hardware_z -50.01730783041034 59.15999984741211 30.979999542236328 AB 7.431594544158858 1.0712980458640418
62615.205 lsst_hardware_z -5.826326828838416 45.970001220703125 30.950000762939453 AB 8.94586473179119 1.1323401626671266
62615.2297 lsst_hardware_r -53.42653293012121 37.310001373291016 31.59000015258789 AB 8.718841589602127 1.0773312232302146
62617.2667 lsst_hardware_u -1.9290784831183134 3.1500000953674316 28.579999923706055 AB 6.127843832133347 1.0418845247187531
62617.2863 lsst_hardware_r -15.236382223887718 26.3700008392334 31.540000915527344 AB 6.370202645168897 1.047960514120788
62619.2623 lsst_hardware_i -29.126095821644554 31.34000015258789 31.25 AB 2.9012233473766313 1.0418566006858088
62619.2792 lsst_hardware_z 47.036152218698334 41.75 30.940000534057617 AB 2.9292647146778825 1.0469137650742968
62621.2629 lsst_hardware_r -4.839265051697219 24.280000686645508 31.520000457763672 AB 11.014810673362739 1.0424768761463883
62621.2798 lsst_hardware_u 5.746165243764466 2.809999942779541 28.469999313354492 AB 11.128875674814942 1.051282417798502
62626.2503 lsst_hardware_i -20.772846070446327 31.59000015258789 31.260000228881836 AB 9.379266261795365 1.0427199846353936
62626.2688 lsst_hardware_z 34.66033094068103 41.90999984741211 30.950000762939453 AB 9.550081722212797 1.0536277275168575
62630.1202 lsst_hardware_i -34.72450229758267 34.16999816894531 31.209999084472656 AB 11.383575659198012 1.3180519867848581
62630.1349 lsst_hardware_z 15.494802059872832 44.59000015258789 30.93000030517578 AB 9.425200027220892 1.2401578983185386
62632.2354 lsst_hardware_r 7.931502077866464 24.6200008392334 31.530000686645508 AB 7.841383602944417 1.0431302045909696
62632.2543 lsst_hardware_z -2.2326509164674286 42.0 30.950000762939453 AB 8.338089505574006 1.055454367794178
62635.1828 lsst_hardware_y 113.06229917965253 50.95000076293945 30.040000915527344 AB 6.315359477165756 1.0657185769570163
62635.2019 lsst_hardware_r -47.145590373718655 63.380001068115234 31.639999389648438 AB 6.183499198083253 1.0470450750268059
62643.1561 lsst_hardware_z 58.12708080328758 47.08000183105469 30.959999084472656 AB 5.264275440503174 1.0727546875547758
62643.1771 lsst_hardware_r -28.615822424597077 44.959999084472656 31.6200008392334 AB 5.547006054926772 1.0490295598178379
62645.1507 lsst_hardware_i -45.36045677239665 32.0099983215332 31.25 AB 8.073560714605048 1.0726608566791471
62645.1701 lsst_hardware_z 51.822439974999476 42.040000915527344 30.950000762939453 AB 8.255903922841995 1.0501913063316648
62647.1555 lsst_hardware_r -26.821427480893444 24.739999771118164 31.520000457763672 AB 6.156850176600589 1.058939402597225
62647.1776 lsst_hardware_u -4.394476671934061 2.930000066757202 28.549999237060547 AB 6.427878785839721 1.0431481314247992
62653.1349 lsst_hardware_i -33.830709179396116 31.8799991607666 31.260000228881836 AB 7.599228670101932 1.0640693587073884
62653.1562 lsst_hardware_z -8.789239096091015 41.81999969482422 30.950000762939453 AB 7.505865104348894 1.0451425069875462
62656.143 lsst_hardware_r 36.7583788979167 24.450000762939453 31.510000228881836 AB 11.266146520626398 1.0480542520835794
62656.1644 lsst_hardware_g -18.04488045774522 15.550000190734863 31.459999084472656 AB 11.190857570045422 1.0420116300983084
62658.1564 lsst_hardware_r 3.1343054879437107 24.40999984741211 31.510000228881836 AB 5.9188068515735095 1.0418600337217652
62658.1783 lsst_hardware_i -2.194741135953462 31.6299991607666 31.25 AB 5.694065423003978 1.0508887277152834
62673.0412 lsst_hardware_g -5.544519449135927 15.329999923706055 31.440000534057617 AB 4.523911750744238 1.1485410444914075
62673.0538 lsst_hardware_i -1.0305769675775356 32.060001373291016 31.25 AB 3.753289403168984 1.1134053406018938
62677.0909 lsst_hardware_z 10.681125930739736 58.80141132715038 31.700000762939453 AB 5.373468594698659 1.0450322210652392
62677.1126 lsst_hardware_r 19.332116680336572 33.84981196761468 32.25 AB 5.397272859596128 1.0431528526471063
62681.0741 lsst_hardware_r 69.98122437957953 25.71169845585397 31.5 AB 3.6141595095785544 1.048494200632109
62681.0973 lsst_hardware_i 160.09963995014823 32.55734252038472 31.25 AB 4.10645785577038 1.0421600175375298
62683.0805 lsst_hardware_z 116.20071998628826 43.003863170574256 30.950000762939453 AB 8.372031810195455 1.0428106884196393
62683.1017 lsst_hardware_r 241.0347596864481 28.481361860858968 31.5 AB 8.885036269905713 1.0453803753124615
62687.0791 lsst_hardware_u 1.031002032806582 3.539213652108689 28.520000457763672 AB 4.3932156839380445 1.0419516998825307
62687.1 lsst_hardware_r 1051.7013791601742 40.378338596767975 31.520000457763672 AB 3.8910153043943927 1.0516257579444304
62689.0537 lsst_hardware_g 861.1911030722304 35.86003535905344 31.549999237060547 AB 3.3114033217569503 1.0475256988738888
62689.0732 lsst_hardware_i 937.2754160199913 45.56638703710746 31.260000228881836 AB 3.304968289377657 1.0419193850496686
62696.0401 lsst_hardware_z 1498.6389021440593 84.96427628872385 30.989999771118164 AB 7.306529148917645 1.0445359755421937
62696.0604 lsst_hardware_r 3883.672857831265 129.4901741272651 31.65999984741211 AB 7.474204063426662 1.0430577378368917
62698.0442 lsst_hardware_y 2257.917956395561 115.1560662478189 31.559999465942383 AB 4.037157977170842 1.0419816691626897
62703.0083 lsst_hardware_i 2771.9021884653744 61.12034629219529 31.25 AB 5.8922257596449645 1.0531077749175553
62703.0268 lsst_hardware_z 1956.2882466477597 60.054136604845134 30.940000534057617 AB 5.8224183317239095 1.0425877785672897
62707.9972 lsst_hardware_g 1869.3146240737321 46.36701988531083 31.450000762939453 AB 8.629468332566203 1.0509003632181946
62708.0165 lsst_hardware_i 2989.6875229469856 61.538646376256175 31.25 AB 9.549266180362938 1.0420223166714127
62710.0012 lsst_hardware_z 2126.8726838048788 60.809535536694625 30.950000762939453 AB 4.7017874561634745 1.0448416569252166
62710.0199 lsst_hardware_r 4087.8997527153956 68.57102037026448 31.510000228881836 AB 4.691172564066936 1.0424827920148747
62711.9993 lsst_hardware_u -2.7731967479542816 3.7212882341905456 28.389999389648438 AB 5.5133174748760965 1.0434149178878225
62712.0167 lsst_hardware_g 1519.8969344765999 42.10144598708375 31.459999084472656 AB 5.34513679025412 1.0430552815404666
62723.9681 lsst_hardware_y 337.53691191403414 75.4679905861939 30.06999969482422 AB 8.061621311992257 1.042934287912579
62723.9854 lsst_hardware_z 1279.6237351932102 70.32403114993197 30.979999542236328 AB 8.085767278976565 1.0435267831162889
62931.3926 lsst_hardware_z -5.213458424426164 69.69999694824219 31.719999313354492 AB 7.770688819370485 1.046087792600918
62933.3897 lsst_hardware_r 123.42265429893948 60.189998626708984 31.639999389648438 AB 8.888500467630301 1.0447840690720307
62938.3863 lsst_hardware_z -43.604104904894506 68.27999877929688 30.989999771118164 AB 14.776368843323132 1.041959066612673
62938.4051 lsst_hardware_y 62.791183006889426 71.26000213623047 30.06999969482422 AB 14.824379878821844 1.0466730909970707
62940.3773 lsst_hardware_r -25.509473498060242 63.0 31.639999389648438 AB 10.090911432627802 1.0425033764789327
62940.3953 lsst_hardware_y -45.18599943738146 53.290000915527344 30.049999237060547 AB 10.104024923520457 1.0444426180107116
62942.3782 lsst_hardware_r -13.262482029930846 31.40999984741211 31.579999923706055 AB 9.436374777120474 1.041849121572259
62942.3974 lsst_hardware_y 7.283623303825342 49.130001068115234 30.049999237060547 AB 9.482691496553679 1.048776939711018
62945.352 lsst_hardware_u -3.8982774750820073 3.0199999809265137 28.6200008392334 AB 5.441485976365708 1.047513984156664
62945.371 lsst_hardware_g 12.09489290799601 15.869999885559082 31.5 AB 5.361506131162774 1.0418783776064466
62947.3515 lsst_hardware_r -13.028455282914004 24.56999969482422 31.540000915527344 AB 6.495266772449906 1.0447730154202761
62947.37 lsst_hardware_i 24.440510334927993 31.81999969482422 31.270000457763672 AB 6.464588162990661 1.0424513270786961
62949.3526 lsst_hardware_z -13.874012276039839 41.970001220703125 30.950000762939453 AB 7.089210207755547 1.0425309129052276
62949.3724 lsst_hardware_r -10.884813904138449 24.360000610351562 31.520000457763672 AB 7.107485375250997 1.0452184375369113
62951.299 lsst_hardware_g -7.021084403288886 15.449999809265137 31.459999084472656 AB 6.990701701092738 1.0973839727527714
62951.3158 lsst_hardware_i -0.9420742622245063 31.770000457763672 31.260000228881836 AB 6.74639172465547 1.0677486243189875
62953.3525 lsst_hardware_z -47.70717230708442 42.0 30.959999084472656 AB 8.330621962205148 1.0422397050175338
62953.3709 lsst_hardware_r 5.625393455024692 24.329999923706055 31.520000457763672 AB 8.255811559350093 1.0515282992325938
62955.3238 lsst_hardware_r 2.1800058646228173 24.31999969482422 31.530000686645508 AB 6.724658340207553 1.0481075966658038
62955.3422 lsst_hardware_u 2.465297101066475 2.950000047683716 28.59000015258789 AB 6.484975086450948 1.0418467485663325
62957.3201 lsst_hardware_g 5.703468154550728 15.319999694824219 31.469999313354492 AB 5.336069134641026 1.046972361276826
62957.339 lsst_hardware_r 4.5725919005948334 24.1200008392334 31.520000457763672 AB 6.304425568508649 1.0419246487639795
62963.3108 lsst_hardware_z 8.98931044116189 69.4000015258789 30.989999771118164 AB 8.761459962952038 1.0435589391003828
62963.3289 lsst_hardware_i 54.91055908194398 79.27999877929688 31.34000015258789 AB 8.733277244429074 1.0431115074764987
62967.304 lsst_hardware_y -192.21575164146554 85.80999755859375 30.809999465942383 AB 3.734017203009361 1.0424149455882827
62969.2928 lsst_hardware_r -26.217363989391306 52.849998474121094 31.639999389648438 AB 12.711207462694377 1.0441774738147547
62969.3107 lsst_hardware_i -3.709164145958171 48.310001373291016 31.31999969482422 AB 12.705374938939835 1.042620625220736
62971.2986 lsst_hardware_z -4.592238732082959 42.81999969482422 30.959999084472656 AB 10.297081859435442 1.0418456882112048
62971.3158 lsst_hardware_r -33.13074385141528 29.6299991607666 31.559999465942383 AB 10.338028107071949 1.0471540245198225
62974.2858 lsst_hardware_u -0.4660436224016056 2.9100000858306885 28.559999465942383 AB 13.249796317887679 1.0422447006263538
62974.3037 lsst_hardware_r -18.083976548611357 24.260000228881836 31.530000686645508 AB 13.460206106656086 1.0449997300838667
62976.2872 lsst_hardware_i 76.91072618174157 31.520000457763672 31.270000457763672 AB 3.7476474639221187 1.0419296966559803
62976.3049 lsst_hardware_z 75.37393314149931 41.83000183105469 30.959999084472656 AB 3.7244175721401995 1.049008587388391
62982.1763 lsst_hardware_u 2.0269467706717292 2.759999990463257 28.389999389648438 AB 7.7998785220515945 1.2167664482426697
62985.263 lsst_hardware_r 18.483535753046244 24.219999313354492 31.520000457763672 AB 11.065889345532298 1.041961285801398
62985.283 lsst_hardware_i -37.10581596543704 31.530000686645508 31.260000228881836 AB 11.161686238072162 1.0510804659530724
62994.269 lsst_hardware_r -234.9688234574682 230.72000122070312 32.40999984741211 AB 9.876112259307849 1.0619475547642847
62994.292 lsst_hardware_z -128.97140933508183 154.47999572753906 31.75 AB 10.606808540453601 1.101319545265663
63001.1918 lsst_hardware_z -20.84561265066843 42.150001525878906 30.950000762939453 AB 6.861467775313595 1.0532204267721086
63001.2118 lsst_hardware_r 18.884051524279197 24.68000030517578 31.520000457763672 AB 6.73774111261054 1.0422948145119875
63008.2045 lsst_hardware_r -22.688395094780603 24.75 31.520000457763672 AB 5.502269028141108 1.0426888436879114
63008.2252 lsst_hardware_u -0.09912300700257351 2.8299999237060547 28.459999084472656 AB 5.049844732306482 1.0556798855036253
63014.17 lsst_hardware_r -3.08031597739122 24.68000030517578 31.520000457763672 AB 7.932779236838381 1.044153111201963
63014.191 lsst_hardware_i -37.441191900131074 31.8799991607666 31.260000228881836 AB 7.907684768907109 1.0435514145392746
63016.1784 lsst_hardware_z -33.674156679706996 44.02000045776367 30.959999084472656 AB 12.92037638695032 1.0419658376572838
63016.2015 lsst_hardware_r 7.121134643653914 30.219999313354492 31.56999969482422 AB 13.067857512508517 1.053859476815203
63018.1587 lsst_hardware_z -13.010072580795855 52.04999923706055 30.979999542236328 AB 7.497108170667969 1.0443109305847569
63018.1801 lsst_hardware_r -58.562332393911866 57.869998931884766 31.639999389648438 AB 7.769298376723093 1.0435592178271447
63023.1329 lsst_hardware_z 127.21597741235706 90.04000091552734 31.0 AB 5.943212200964672 1.0521753033486188
63023.1545 lsst_hardware_r -95.4777788874556 135.24000549316406 31.65999984741211 AB 5.906734835360473 1.0419359385006723
63037.1165 lsst_hardware_z -29.19513947728111 58.88999938964844 31.700000762939453 AB 3.940626382344514 1.0419195017766842
63037.1438 lsst_hardware_r -8.06038490693466 34.310001373291016 32.27000045776367 AB 3.141601722355223 1.0535217043444745
63045.074 lsst_hardware_g 35.22222575511769 45.0 32.40999984741211 AB 7.364040328263834 1.0511798341679406
63047.0687 lsst_hardware_z 0.052155844902930334 79.62999725341797 31.729999542236328 AB 3.3655399578992604 1.0510469614780582
63047.0921 lsst_hardware_r 22.663843252217816 93.1500015258789 32.400001525878906 AB 3.772066659398797 1.0418634606819832
63049.0716 lsst_hardware_y -123.40842626865812 64.05999755859375 30.059999465942383 AB 8.922154665279956 1.0454629038508223
63052.0484 lsst_hardware_z -158.88054485688744 70.66000366210938 30.989999771118164 AB 4.487985148103321 1.0573648599607304
63052.0703 lsst_hardware_r -25.693531468826567 104.22000122070312 31.65999984741211 AB 4.433789352980821 1.0427947206258563
63057.0451 lsst_hardware_i 27.329489607717715 31.440000534057617 31.25 AB 8.785051733968562 1.048252135944065
63057.0656 lsst_hardware_z 1.4686674644719244 41.790000915527344 30.950000762939453 AB 8.726885336028754 1.041902120487758
63061.9691 lsst_hardware_r 16.769193093952218 25.610000610351562 31.489999771118164 AB 7.626043105947616 1.1727863292499219
63067.029 lsst_hardware_r -34.174504790399276 34.369998931884766 32.27000045776367 AB 3.053921414157089 1.0428872216814191
63067.055 lsst_hardware_u -0.5383598515011665 4.059999942779541 29.270000457763672 AB 2.9347757208410123 1.0480094229881012
63069.0199 lsst_hardware_g -2.64712185818716 15.4399995803833 31.469999313354492 AB 6.311304171291426 1.0441255953056747
63069.0424 lsst_hardware_r 17.64908799951559 24.25 31.510000228881836 AB 5.408541856033748 1.0441536451044497
63072.0174 lsst_hardware_i -12.692019117379019 32.349998474121094 31.260000228881836 AB 5.399464124620716 1.0424011309155472
63072.0393 lsst_hardware_z -30.107218412314495 42.18000030517578 30.950000762939453 AB 5.41062810218216 1.046711868872899
63073.0134 lsst_hardware_r 25.01397298167679 29.100000381469727 31.549999237060547 AB 9.547683271985091 1.0426839633772929
63073.0329 lsst_hardware_z -21.865682170487933 42.849998474121094 30.950000762939453 AB 9.578128482579114 1.0447727683429933
63078.9781 lsst_hardware_y -19.54175312026072 55.970001220703125 30.049999237060547 AB 4.775665485375704 1.0539012050041092
63078.9995 lsst_hardware_z 111.24207662388542 65.47000122070312 30.989999771118164 AB 4.732913735682445 1.042185937099775
63080.9891 lsst_hardware_y -85.54483381854016 75.86000061035156 30.809999465942383 AB 4.113767412645932 1.043397213217602
63082.971 lsst_hardware_z 10.42850663161814 47.380001068115234 30.959999084472656 AB 1.281160272856448 1.0505619293615809
63082.9815 lsst_hardware_r 14.003519354324125 24.899999618530273 31.510000228881836 AB 1.231369187298288 1.0441968940420134
63084.9797 lsst_hardware_y 56.8370190278841 48.150001525878906 30.049999237060547 AB 3.3227740308195117 1.0429297020776873
63085.0007 lsst_hardware_z -41.11177276433864 41.93000030517578 30.950000762939453 AB 3.6785431648275524 1.0450406718260092
