data/validation/pwv_sim_epoch_fit_seasonal/16754427.ecsv
# %ECSV 0.9
# ---
# datatype:
# - {name: time, datatype: float64}
# - {name: band, datatype: string}
# - {name: flux, datatype: float64}
# - {name: fluxerr, datatype: float64}
# - {name: zp, datatype: float64}
# - {name: zpsys, datatype: string}
# - {name: pwv, datatype: float64}
# - {name: airmass, datatype: float64}
# meta: {SNID: '16754427', alt: 1024.0, c: 0.1410217583179474, dec: -1.044512, lat: -30.244573, lon: -70.7499537, ra: 315.0, t0: 63103.92578125,
#   x0: 5.149836328002354e-06, x1: 0.2947966456413269, z: 0.6061335802078247}
# schema: astropy-2.0
time band flux fluxerr zp zpsys pwv airmass
63001.3919 lsst_hardware_z 4.474967092286041 45.630001068115234 30.940000534057617 AB 8.92090858948602 1.1730320301756765
63001.4126 lsst_hardware_y -83.85008734751116 49.439998626708984 30.010000228881836 AB 8.766656788699207 1.1507819360329754
63003.3995 lsst_hardware_u -1.8116461305394689 2.9200000762939453 28.459999084472656 AB 8.417157675714018 1.1566266501988849
63003.419 lsst_hardware_y 34.33497116767549 49.279998779296875 30.010000228881836 AB 7.684928414575032 1.1470042409813481
63004.3813 lsst_hardware_i -19.401268731432353 32.84000015258789 31.239999771118164 AB 9.265188664310747 1.1769802673158978
63004.3964 lsst_hardware_y -14.485973971633927 48.95000076293945 30.010000228881836 AB 9.283601045812361 1.1569791931470443
63014.3692 lsst_hardware_r -8.25541553660462 24.559999465942383 31.5 AB 10.559498450246625 1.1568883539026378
63014.3906 lsst_hardware_i 42.46655443258081 32.290000915527344 31.25 AB 10.671199883133093 1.146988629909329
63016.3756 lsst_hardware_z 51.14845955842779 43.130001068115234 30.940000534057617 AB 14.848235056365944 1.1488218384391145
63016.395 lsst_hardware_r -54.38084262724308 24.309999465942383 31.489999771118164 AB 14.8290091042302 1.1494167867065574
63018.37 lsst_hardware_u 0.0602841727425086 2.700000047683716 28.360000610351562 AB 7.695966573116305 1.1488803602383106
63018.3895 lsst_hardware_r -4.536068196313973 24.25 31.489999771118164 AB 7.180679825555232 1.1493991824066638
63021.3714 lsst_hardware_i -98.12862403813648 60.70000076293945 31.299999237060547 AB 13.685893034318402 1.1469907001608077
63021.3918 lsst_hardware_z -95.41859657591242 56.279998779296875 30.959999084472656 AB 13.470543384827657 1.156840791362918
63033.3167 lsst_hardware_u -1.900162702228709 3.7799999713897705 29.100000381469727 AB 7.495446424232252 1.1575085204589997
63033.3383 lsst_hardware_g -15.67583801115625 20.809999465942383 32.15999984741211 AB 7.582489040443552 1.1469937662812166
63037.3522 lsst_hardware_z -43.58429958271561 42.9900016784668 30.940000534057617 AB 4.2962011199501955 1.161135437824377
63037.3714 lsst_hardware_r 15.916516725019815 24.18000030517578 31.489999771118164 AB 4.4115926074137874 1.1923223263280507
63043.3065 lsst_hardware_r 3.7139128274673583 23.809999465942383 31.479999542236328 AB 6.350494123859601 1.1474377312963413
63043.3244 lsst_hardware_u 2.6784257171767685 2.6700000762939453 28.350000381469727 AB 6.341886943725194 1.151116942834943
63045.2885 lsst_hardware_g 20.286552284367225 14.739999771118164 31.420000076293945 AB 6.663053949468436 1.1535092531828326
63045.3076 lsst_hardware_i -31.770126807914927 31.889999389648438 31.25 AB 6.216542767786559 1.1471047055824626
63047.2893 lsst_hardware_z 15.997544875417736 44.66999816894531 30.940000534057617 AB 4.005816188905954 1.1495825485321405
63047.3083 lsst_hardware_r -12.133211859613528 23.8799991607666 31.489999771118164 AB 4.036906867966556 1.1485615955520467
63062.2151 lsst_hardware_r -9.515462349403998 24.329999923706055 31.489999771118164 AB 6.800152904811674 1.1919636993534923
63062.242 lsst_hardware_u -2.4219715651225493 2.75 28.40999984741211 AB 6.558134493348826 1.1535856628582977
63065.2556 lsst_hardware_z -14.963813130359226 42.83000183105469 30.940000534057617 AB 2.153420444675094 1.1475218853457583
63065.2779 lsst_hardware_r -0.14332161001415733 24.149999618530273 31.489999771118164 AB 2.1926475790137143 1.1637227310112594
63067.2602 lsst_hardware_u -2.7506490947338476 3.809999942779541 29.110000610351562 AB 3.246093005767575 1.1519819030345686
63067.2756 lsst_hardware_g -31.998575145445017 20.920000076293945 32.150001525878906 AB 3.327983671055572 1.1679184667680549
63069.2237 lsst_hardware_g -17.551848272530897 14.9399995803833 31.420000076293945 AB 5.814162103201701 1.15297448876143
63069.2446 lsst_hardware_r 24.3864535557277 24.18000030517578 31.489999771118164 AB 5.808965859593939 1.147506713337733
63072.2114 lsst_hardware_i -18.944216547778673 32.3220468905873 31.239999771118164 AB 6.3393918035110755 1.156401277546712
63072.2334 lsst_hardware_z -51.983325068077974 43.30020094264644 30.940000534057617 AB 6.267341520170786 1.1470769197292023
63073.1975 lsst_hardware_r -28.85058720614355 24.380681152286428 31.489999771118164 AB 12.74498811487152 1.1697657818214084
63073.2166 lsst_hardware_u 1.4566442807518345 2.792802266831714 28.43000030517578 AB 11.5706910119882 1.15049212123907
63077.1787 lsst_hardware_z 65.32292826417384 52.20134412312923 30.959999084472656 AB 5.727328825280208 1.182904698772181
63077.1969 lsst_hardware_i 105.45351441484627 49.2606216517322 31.290000915527344 AB 5.651811820507903 1.1572096274586205
63085.1739 lsst_hardware_i 973.9688013408719 77.271374079806 32.040000915527344 AB 3.2750880939826295 1.1583664562541722
63085.1957 lsst_hardware_z 847.1658090230924 78.63181244604418 31.709999084472656 AB 3.2284962103639723 1.147026128741345
63094.1719 lsst_hardware_u -0.0017147939981552599 2.9743541322898164 28.3700008392334 AB 5.602067050649398 1.14702437564484
63094.195 lsst_hardware_g 268.2250433933285 22.342689521048086 31.43000030517578 AB 5.676501184582036 1.1594160916221479
63099.1392 lsst_hardware_g 606.4696713752306 31.802920679202785 32.15999984741211 AB 2.0209577746274854 1.155053024172691
63099.1609 lsst_hardware_r 3105.1156178018705 65.49194421545877 32.2400016784668 AB 2.0139310672915296 1.1472122285910165
63102.119 lsst_hardware_r 1623.071064917364 47.6502908355102 31.5 AB 3.288680852023947 1.168789285481849
63102.1366 lsst_hardware_z 1202.8350406832708 56.242614292696715 30.940000534057617 AB 3.1346910570737414 1.1509789084170154
63108.1096 lsst_hardware_z 1404.0073673270185 92.36793716148634 30.979999542236328 AB 3.643159663747662 1.1599648694571876
63108.127 lsst_hardware_i 1615.4020478001723 105.18129200844497 31.31999969482422 AB 4.733814991548459 1.1479625717116948
63113.0934 lsst_hardware_r 1393.8021436317051 68.90308088038931 31.610000610351562 AB 1.1230825748377025 1.1629123218614574
63113.113 lsst_hardware_y 580.9866680965289 56.38198668993831 30.020000457763672 AB 1.0565087112880565 1.1480670592643918
63115.0913 lsst_hardware_g 139.32676094897434 18.15578120585524 31.43000030517578 AB 1.518022571745346 1.1590907903374084
63115.1106 lsst_hardware_r 1151.7791790316996 41.01380209387017 31.5 AB 1.518792779485075 1.147341098761152
63118.087 lsst_hardware_i 1125.774199305235 45.97459928269766 31.229999542236328 AB 2.993091287966092 1.1553363180517597
63118.1081 lsst_hardware_z 1082.3256447074214 53.96694425090227 30.940000534057617 AB 2.979824938375774 1.1471159778169282
63123.0592 lsst_hardware_u 1.8925403888145225 2.639340954182574 28.299999237060547 AB 1.3487360712350045 1.172474127414008
63123.0771 lsst_hardware_g 70.52240082567779 16.388427835354026 31.399999618530273 AB 1.3546304522810322 1.1523866033866714
63125.0606 lsst_hardware_r 663.141816841521 34.07188381932161 31.489999771118164 AB 3.0789260961228004 1.1629560325298585
63125.079 lsst_hardware_z 818.9136256867992 51.689717981163156 30.940000534057617 AB 3.0272069632471434 1.1484819335745453
63128.0631 lsst_hardware_r 428.91343118473503 32.1856621207246 31.489999771118164 AB 6.312104069134509 1.152632562270625
63128.0822 lsst_hardware_u 0.2676068973464973 2.8583935276742745 28.450000762939453 AB 6.408548061085641 1.147285942608201
63135.0282 lsst_hardware_z 745.4181258504182 67.26096111563712 30.959999084472656 AB 3.8599603941725094 1.1698031298633729
63135.0473 lsst_hardware_r 218.13492983259573 76.5437522337536 31.6200008392334 AB 3.4061032601498296 1.1505162169058705
63136.0407 lsst_hardware_z 1407.3640203107038 113.44547178432764 31.729999542236328 AB 3.5909458281429676 1.153038369306315
63142.033 lsst_hardware_g 13.82877622594069 15.097419432051183 31.40999984741211 AB 2.233416158042286 1.1483351427442234
63142.0527 lsst_hardware_r 298.3533969494708 48.023903396099286 31.59000015258789 AB 3.3871761243799012 1.1503399980913231
63144.0147 lsst_hardware_i 320.42182282669546 36.46164364302304 31.229999542236328 AB 3.1312769349447804 1.1565196435622458
63144.0277 lsst_hardware_z 432.47988849693 48.48519073073611 30.940000534057617 AB 3.132222443056086 1.1482806133465624
63145.9974 lsst_hardware_y 189.33304370879821 52.920438174928876 30.010000228881836 AB 7.125659277929384 1.1709402442332983
63146.0166 lsst_hardware_r 143.8243459102072 26.85617193249428 31.489999771118164 AB 4.469713402018721 1.150900369586892
63147.9982 lsst_hardware_y 335.27712172207976 53.77571624192952 30.010000228881836 AB 5.314816826940051 1.1624708720340793
63148.0167 lsst_hardware_g 12.182891138354154 15.132057486110769 31.40999984741211 AB 4.424427218705612 1.1483070902430121
63149.9996 lsst_hardware_y 209.99838705484424 53.09655523996793 30.020000457763672 AB 2.5904101997022617 1.1553585726237845
63150.0181 lsst_hardware_z 413.02589649511145 47.368221709415266 30.940000534057617 AB 3.9072024943386263 1.147040560036643
63152.0006 lsst_hardware_y 277.619923396675 52.20336580219381 30.010000228881836 AB 6.503044395626301 1.150675819804707
63152.0192 lsst_hardware_u 5.47974009918328 2.793797053589906 28.350000381469727 AB 6.481723953907566 1.1478172399340474
63153.9976 lsst_hardware_z 467.9238060861759 54.73968916188501 30.959999084472656 AB 7.75153380206197 1.1493970643626883
63154.0154 lsst_hardware_r 84.91020862507088 26.27776842634937 31.489999771118164 AB 7.71768363357588 1.148322425330571
63155.9992 lsst_hardware_y 209.37111549174222 56.507132246166485 30.020000457763672 AB 7.5757231979757655 1.1472574252361079
63156.0179 lsst_hardware_z 379.54596875387017 46.84971443225216 30.940000534057617 AB 8.143872805969895 1.152489193731327
63157.9992 lsst_hardware_y 216.10093112019527 58.68322422944001 30.020000457763672 AB 5.90972594817947 1.1471483561655393
63158.0161 lsst_hardware_u 2.808657523404078 2.960301556324578 28.3799991607666 AB 4.733803898408551 1.1553847533030905
