data/validation/pwv_sim_epoch_fit_seasonal/16775754.ecsv
# %ECSV 0.9
# ---
# datatype:
# - {name: time, datatype: float64}
# - {name: band, datatype: string}
# - {name: flux, datatype: float64}
# - {name: fluxerr, datatype: float64}
# - {name: zp, datatype: float64}
# - {name: zpsys, datatype: string}
# - {name: pwv, datatype: float64}
# - {name: airmass, datatype: float64}
# meta: {SNID: '16775754', alt: 1024.0, c: -0.08033689856529236, dec: -40.423901, lat: -30.244573, lon: -70.7499537, ra: 161.015625, t0: 62986.859375,
#   x0: 1.1745456202906527e-05, x1: 0.8893296718597412, z: 0.42978620529174805}
# schema: astropy-2.0
time band flux fluxerr zp zpsys pwv airmass
62868.346 lsst_hardware_i -16.950086587978625 30.790000915527344 31.25 AB 4.56642066210862 1.0199733442279695
62868.3603 lsst_hardware_y -9.551046272222067 66.29000091552734 30.06999969482422 AB 4.519768069262358 1.0165539009474134
62870.3474 lsst_hardware_r 3.2043587633558857 22.770000457763672 31.510000228881836 AB 2.8175994461797425 1.0176431408324145
62870.3602 lsst_hardware_y 31.426930828778218 66.30000305175781 30.06999969482422 AB 2.8195463533487906 1.016693898259728
62874.3356 lsst_hardware_z -24.66830655100956 56.2400016784668 30.989999771118164 AB 8.860573946170492 1.0178717916336004
62874.3504 lsst_hardware_y 0.4821635152537099 52.36000061035156 30.06999969482422 AB 8.880922695811268 1.0168219253276012
62879.3597 lsst_hardware_y 21.689408126953655 83.2300033569336 30.81999969482422 AB 4.305247469597153 1.0269334824514191
62883.3341 lsst_hardware_z -7.443378293413173 42.189998626708984 30.959999084472656 AB 2.3432617395006448 1.018809451956802
62883.346 lsst_hardware_r 6.219553947622153 29.350000381469727 31.579999923706055 AB 2.3573570109993245 1.0249378308692716
62889.3356 lsst_hardware_r -15.622429371178733 21.920000076293945 31.5 AB 9.794459589676654 1.029505672282397
62889.3477 lsst_hardware_u -4.141601785901012 2.759999990463257 28.510000228881836 AB 9.773140893596674 1.0418849064360476
62891.3286 lsst_hardware_g -1.271066391988759 13.229999542236328 31.420000076293945 AB 10.076696034542605 1.0282342892390413
62891.3419 lsst_hardware_r -17.939225266096848 21.969999313354492 31.5 AB 9.946126009673108 1.0414791633165557
62893.2839 lsst_hardware_r -9.206266073466491 21.75 31.5 AB 11.733554517324553 1.0178308915097634
62893.2949 lsst_hardware_i -9.956127071379365 29.719999313354492 31.260000228881836 AB 12.051746966487503 1.0165389518222654
62895.2839 lsst_hardware_z 8.623460196228352 40.4900016784668 30.959999084472656 AB 11.41643479640825 1.0167825789462281
62895.2959 lsst_hardware_r -10.157558052942179 21.84000015258789 31.5 AB 11.24879010490098 1.0172995799141742
62897.2869 lsst_hardware_u -0.3648667660599403 2.819999933242798 28.59000015258789 AB 11.770511914275398 1.016744478630187
62897.2985 lsst_hardware_r -53.09155487682546 21.93000030517578 31.510000228881836 AB 10.950427470586456 1.0198302650138726
62906.2389 lsst_hardware_z -81.22007775564207 66.7300033569336 31.0 AB 5.4689171921670425 1.0215910072541126
62906.2509 lsst_hardware_i -67.99000182468569 76.75 31.34000015258789 AB 5.36950140607466 1.0172560722580306
62910.2763 lsst_hardware_y 42.43843221261097 48.86000061035156 30.059999465942383 AB 5.4584890472632175 1.027899513011714
62910.2875 lsst_hardware_r -38.814424922781164 49.65999984741211 31.6299991607666 AB 5.504425413340156 1.03857083270569
62912.2566 lsst_hardware_r 7.899422827915838 29.270000457763672 31.559999465942383 AB 3.420241483763938 1.0194460458313017
62912.2679 lsst_hardware_i 5.0755557222834975 33.220001220703125 31.270000457763672 AB 3.3837618780239005 1.0256932034021888
62917.2525 lsst_hardware_u -4.3472804582218805 2.7699999809265137 28.549999237060547 AB 2.7681908375913493 1.0244969791233713
62917.2628 lsst_hardware_r -14.858037905414823 21.989999771118164 31.5 AB 2.8427704006380026 1.0327957858811998
62919.2532 lsst_hardware_i -4.345457483740199 29.8799991607666 31.260000228881836 AB 9.659471025307292 1.0290995090707014
62919.2649 lsst_hardware_z 113.84408559524044 40.75 30.950000762939453 AB 9.721113460778195 1.0408322985923817
62921.2457 lsst_hardware_r -21.445683383989476 22.059999465942383 31.5 AB 8.61831956500725 1.0274582218654327
62921.2591 lsst_hardware_u -1.2054767918621383 2.6600000858306885 28.440000534057617 AB 10.293205677434813 1.0404358911809308
62923.1928 lsst_hardware_r 2.5753833779662347 22.0 31.5 AB 7.068563757031905 1.021431849576519
62923.2054 lsst_hardware_u -0.08497098265249671 2.700000047683716 28.489999771118164 AB 7.068271394292033 1.017090638793
62925.1878 lsst_hardware_g 9.34475240549863 13.270000457763672 31.399999618530273 AB 6.197392107410418 1.0211974636309649
62925.1998 lsst_hardware_r 1.6959843248319533 21.889999389648438 31.489999771118164 AB 6.198472563306932 1.017115694785746
62927.1924 lsst_hardware_i -40.28930481425049 31.399999618530273 31.260000228881836 AB 3.958034337390157 1.0175113444735724
62927.2045 lsst_hardware_z 77.13150103534336 40.5099983215332 30.950000762939453 AB 3.941756323339585 1.0167026885064703
62932.1853 lsst_hardware_z -54.18187017759222 61.27000045776367 30.989999771118164 AB 9.583265915995792 1.016585406963652
62932.1968 lsst_hardware_i -141.71704222709985 67.29000091552734 31.34000015258789 AB 9.58223133294558 1.0177532151011848
62937.1851 lsst_hardware_y 39.38815437010714 72.95999908447266 30.809999465942383 AB 8.108438114267344 1.0183068629773253
62939.1866 lsst_hardware_r 52.057016431509886 45.90999984741211 31.6299991607666 AB 11.358441404159178 1.0211211762627859
62939.1998 lsst_hardware_i -42.801959320147525 42.7400016784668 31.299999237060547 AB 11.49987909283279 1.0301320457591894
62941.1695 lsst_hardware_i 34.1936047258016 31.889999389648438 31.270000457763672 AB 8.047400745646282 1.0171561928350217
62941.1816 lsst_hardware_z 14.504056051006703 41.72999954223633 30.950000762939453 AB 8.004868034152706 1.021354773097634
62943.1514 lsst_hardware_r 46.115899624480605 22.219999313354492 31.510000228881836 AB 6.285030743677203 1.016995265967185
62943.1623 lsst_hardware_u -2.7819091621167136 2.7899999618530273 28.559999465942383 AB 6.267535562992423 1.016879299585032
62946.1494 lsst_hardware_g 14.117325639734675 13.640000343322754 31.450000762939453 AB 5.2080615789509075 1.0165377187282187
62946.1611 lsst_hardware_i 12.828807952487882 30.079999923706055 31.260000228881836 AB 5.208309602216038 1.0184912446279482
62948.1442 lsst_hardware_z 50.13572155265392 40.72999954223633 30.959999084472656 AB 7.626093945397719 1.0165414483334876
62948.1574 lsst_hardware_r 1.9992579239044332 22.31999969482422 31.520000457763672 AB 7.586566019304037 1.0191061683567864
62950.1451 lsst_hardware_u 4.4334133747504705 2.859999895095825 28.610000610351562 AB 8.62984374627495 1.017190446284176
62950.1583 lsst_hardware_g 33.72694639188876 13.640000343322754 31.450000762939453 AB 8.759320450082681 1.0220314392488983
62954.1316 lsst_hardware_z 35.405283976653315 40.709999084472656 30.959999084472656 AB 6.639685249102036 1.016797128499546
62954.1441 lsst_hardware_r -6.893715138125146 22.329999923706055 31.520000457763672 AB 6.663124984376879 1.0203866744834424
62956.1247 lsst_hardware_z 39.419767556187615 42.09000015258789 30.959999084472656 AB 5.270511106727034 1.0166554136107444
62956.1363 lsst_hardware_r -36.53397811813381 27.920000076293945 31.559999465942383 AB 5.125507131430415 1.0193928264579029
62958.1244 lsst_hardware_i 15.585499638454635 41.459999084472656 31.299999237060547 AB 8.686092477882106 1.0174245444965766
62958.1365 lsst_hardware_z 92.90474886060782 46.09000015258789 30.959999084472656 AB 8.579659466117496 1.0220572358231574
62960.1192 lsst_hardware_r 94.5474684740224 67.66618627897431 31.649999618530273 AB 6.104897159231308 1.0174828598718848
62960.1311 lsst_hardware_z 116.53916803978197 54.770080758737556 30.979999542236328 AB 6.115256241884676 1.0220911027287507
62962.1238 lsst_hardware_y 56.07092913687039 57.44580682398593 30.06999969482422 AB 9.584974766612838 1.0211265731476744
62962.1358 lsst_hardware_r 100.98630240891204 102.69997466848733 31.65999984741211 AB 11.861079030495079 1.0291162232003157
62965.1185 lsst_hardware_i 309.8657604374483 73.90945000856286 31.34000015258789 AB 7.288683490866237 1.022686051756172
62965.1302 lsst_hardware_z 150.07370718946848 65.41079923424964 30.989999771118164 AB 7.066460309247259 1.0313741967813266
62968.058 lsst_hardware_i 681.3806856414217 39.3035687230014 31.239999771118164 AB 6.442848882846342 1.0295791431179486
62968.0717 lsst_hardware_z 439.0682231591114 45.44405551343559 30.940000534057617 AB 6.555636722673421 1.020570829403506
62973.1193 lsst_hardware_r 2400.5516648124644 52.47770780981397 31.489999771118164 AB 14.844316292208608 1.0430605552618213
62973.1307 lsst_hardware_u 1.0417968098146382 2.751280708885308 28.459999084472656 AB 15.510584003321524 1.0590802988429664
62979.0988 lsst_hardware_r 3784.391293263896 64.83283476398012 31.489999771118164 AB 4.759349017977726 1.0382524035728025
62979.1106 lsst_hardware_g 1999.132237421923 46.89851463652962 31.399999618530273 AB 4.965522407970016 1.053412337941133
62984.0862 lsst_hardware_r 4285.561475708482 69.69424619820654 31.510000228881836 AB 2.43037239310927 1.0394350530084553
62984.0984 lsst_hardware_i 2781.2900973105698 60.4150899587935 31.25 AB 2.474799809599259 1.0555768008527444
62995.0305 lsst_hardware_r 4130.976431546229 87.71350702695963 31.649999618530273 AB 9.271835572224123 1.0196767343324826
62995.0435 lsst_hardware_i 2714.5954402928664 74.92647638156659 31.329999923706055 AB 9.156010852829635 1.0273608197964916
63002.0185 lsst_hardware_i 2013.6853435737046 54.501249099836166 31.25 AB 5.386152727608438 1.0233025035828704
63002.031 lsst_hardware_z 1425.582222326271 55.36617237054282 30.950000762939453 AB 5.437671311089206 1.0330903982310642
63010.003 lsst_hardware_u 8.229277890126516 3.752594321454544 28.3799991607666 AB 7.636383027277308 1.0277193554346535
63010.0163 lsst_hardware_g 369.88861833705323 23.176504807311286 31.389999389648438 AB 7.751497266463958 1.040702251035626
63012.9884 lsst_hardware_r 1294.9499659716755 42.82620069510268 31.510000228881836 AB 5.9489194356752275 1.023264623990959
63013.0012 lsst_hardware_i 1369.8834239947025 48.141794617857535 31.25 AB 6.0555096665494705 1.0333193407362264
63014.9921 lsst_hardware_z 1116.2764078357625 53.17425934683385 30.959999084472656 AB 9.104840259336248 1.029988433986944
63015.0043 lsst_hardware_r 1107.6434852856557 47.36089127654821 31.579999923706055 AB 9.831940269271842 1.0426788556415336
