data/validation/pwv_sim_epoch_fit_seasonal/16822716.ecsv
# %ECSV 0.9
# ---
# datatype:
# - {name: time, datatype: float64}
# - {name: band, datatype: string}
# - {name: flux, datatype: float64}
# - {name: fluxerr, datatype: float64}
# - {name: zp, datatype: float64}
# - {name: zpsys, datatype: string}
# - {name: pwv, datatype: float64}
# - {name: airmass, datatype: float64}
# meta: {SNID: '16822716', alt: 1024.0, c: -0.033319730311632156, dec: -34.953865, lat: -30.244573, lon: -70.7499537, ra: 331.699219,
#   t0: 61176.48828125, x0: 6.835109529947336e-06, x1: -0.10366006940603256, z: 0.5391411781311035}
# schema: astropy-2.0
time band flux fluxerr zp zpsys pwv airmass
[from data line 132]
61605.1572 lsst_hardware_z 66.29012955756508 96.19000244140625 30.959999084472656 AB 3.740782805749639 1.3373471271225545
61605.1762 lsst_hardware_r 46.18148304338578 140.24000549316406 31.610000610351562 AB 3.9311285729780545 1.2362363498974462
61608.2026 lsst_hardware_z -37.06739632883519 93.9800033569336 31.729999542236328 AB 6.023009327278587 1.1104368228758459
61612.16 lsst_hardware_i -22.898152128552077 32.65999984741211 31.219999313354492 AB 11.016276621995676 1.2230341894007486
61612.1792 lsst_hardware_z -22.882984198407023 43.310001373291016 30.940000534057617 AB 12.322685730253392 1.1485935340684523
61617.1613 lsst_hardware_r 26.875639322333846 23.84000015258789 31.479999542236328 AB 4.304268394887902 1.1633157824021356
61617.1812 lsst_hardware_g -3.6098185594032834 14.600000381469727 31.420000076293945 AB 4.009406536023279 1.101863699353701
61619.1672 lsst_hardware_r 17.972086921898626 23.579999923706055 31.479999542236328 AB 2.127499352596587 1.1259589058461166
61619.186 lsst_hardware_i 5.456693115793798 31.030000686645508 31.239999771118164 AB 2.005901225636316 1.0769939466501914
61624.1603 lsst_hardware_u -1.0059152647312348 2.75 28.43000030517578 AB 2.996425084136661 1.1066447436182885
61624.1807 lsst_hardware_g -2.952791124649219 14.710000038146973 31.440000534057617 AB 2.981859006939259 1.0597769246318893
61626.1657 lsst_hardware_r -52.96781899325356 30.0 31.559999465942383 AB 4.688958247296756 1.0796588181664186
61626.1843 lsst_hardware_i -59.825206721843244 33.439998626708984 31.270000457763672 AB 3.9512403693537306 1.0439438215778587
61627.1656 lsst_hardware_z -100.23763490370442 63.099998474121094 31.709999084472656 AB 4.621423303820168 1.0738339331934401
61629.1688 lsst_hardware_z -34.21110407741591 50.2400016784668 30.969999313354492 AB 2.8620354316158307 1.0564914845388818
61629.1878 lsst_hardware_r -30.943766992720125 54.16999816894531 31.639999389648438 AB 2.8015011017483746 1.0276024215491906
61631.1586 lsst_hardware_i -15.867602506794208 69.4000015258789 31.329999923706055 AB 3.290427905138553 1.0656393507047375
61631.1765 lsst_hardware_z 18.9889970908761 62.779998779296875 30.989999771118164 AB 2.468537957240891 1.0352072509834247
61649.0867 lsst_hardware_g 22.98472389598333 14.520000457763672 31.40999984741211 AB 1.2376748804244009 1.1217597103544419
61649.1046 lsst_hardware_i -15.660181817486418 31.1299991607666 31.239999771118164 AB 1.1328918438425115 1.0758706969060459
61651.0658 lsst_hardware_r -11.515410111832505 23.579999923706055 31.469999313354492 AB 1.7326950369079273 1.173051646989852
61651.0824 lsst_hardware_z -59.50740030243181 42.16999816894531 30.940000534057617 AB 1.6155748499298104 1.1183673607817006
61653.0854 lsst_hardware_u 0.6382899965108968 2.950000047683716 28.510000228881836 AB 1.6243438329855044 1.095432505104308
61653.1038 lsst_hardware_g 15.30118466812243 15.270000457763672 31.469999313354492 AB 1.573081936398224 1.0555235538347125
61655.0643 lsst_hardware_g 32.7216297559968 24.110000610351562 31.579999923706055 AB 2.4384480437906877 1.1403498256230806
61655.0824 lsst_hardware_r 4.515508309728893 29.200000762939453 31.549999237060547 AB 2.348233230665165 1.0893303992568644
61670.9955 lsst_hardware_y -110.13886051039826 49.900001525878906 29.989999771118164 AB 1.3783054543542304 1.2385551484389576
61671.0135 lsst_hardware_g -6.340445828389304 14.229999542236328 31.399999618530273 AB 1.7469171269526595 1.1646114179684397
61685.9976 lsst_hardware_y -68.33693236684357 51.880001068115234 30.040000915527344 AB 4.876082727907726 1.0897085953309877
61686.0179 lsst_hardware_z -22.996301192974148 47.380001068115234 30.969999313354492 AB 4.7685882115772955 1.048156547220051
61687.999 lsst_hardware_y 25.93608470106535 55.7599983215332 30.049999237060547 AB 3.228868702353903 1.0739328814055868
61688.0185 lsst_hardware_z -107.68936793622149 59.709999084472656 30.979999542236328 AB 2.4926527801657534 1.038605325069064
61688.9987 lsst_hardware_y -6.2608857201200365 58.47999954223633 30.049999237060547 AB 2.468795709497746 1.068781287707816
61689.0173 lsst_hardware_r 30.146016537200712 82.43000030517578 31.649999618530273 AB 3.538227413842196 1.0363876431875207
61692.0002 lsst_hardware_y -200.00860832664117 57.66999816894531 30.059999465942383 AB 7.606188858481311 1.0503972185025114
61692.0198 lsst_hardware_r 35.07660689360179 92.94000244140625 31.65999984741211 AB 7.472172987366752 1.0230014358060584
61694.0003 lsst_hardware_z 112.75393409651168 59.68000030517578 30.989999771118164 AB 8.149774975521183 1.0413384412101816
61694.0199 lsst_hardware_g -113.27546650748255 78.06999969482422 31.739999771118164 AB 7.9473908829542514 1.0174505307143804
