data/validation/pwv_sim_epoch_fit_seasonal/17101628.ecsv
# %ECSV 0.9
# ---
# datatype:
# - {name: time, datatype: float64}
# - {name: band, datatype: string}
# - {name: flux, datatype: float64}
# - {name: fluxerr, datatype: float64}
# - {name: zp, datatype: float64}
# - {name: zpsys, datatype: string}
# - {name: pwv, datatype: float64}
# - {name: airmass, datatype: float64}
# meta: {SNID: '17101628', alt: 1024.0, c: 0.11501224339008331, dec: -10.199918, lat: -30.244573, lon: -70.7499537, ra: 24.082031, t0: 61010.96484375,
#   x0: 3.856899176595208e-06, x1: 0.6855190396308899, z: 0.682365894317627}
# schema: astropy-2.0
time band flux fluxerr zp zpsys pwv airmass
60876.4175 lsst_hardware_r -28.093981472928274 25.360000610351562 31.530000686645508 AB 5.571203791897348 1.0714540275461277
60876.438 lsst_hardware_z -14.26024353064732 49.41999816894531 30.969999313354492 AB 5.533559189711032 1.0655291368047046
60878.4152 lsst_hardware_z 45.804595286064966 42.2599983215332 30.950000762939453 AB 5.697924927529123 1.0694805363482
60878.4359 lsst_hardware_y 124.80964881466409 53.77000045776367 30.040000915527344 AB 5.330500293724176 1.0661000587448353
60880.4062 lsst_hardware_u -1.471313849379969 2.809999942779541 28.479999542236328 AB 5.745755208492925 1.0717193207727536
60880.4252 lsst_hardware_y -42.3122138145025 47.93000030517578 30.040000915527344 AB 5.602676702253341 1.0654008466371934
60882.4046 lsst_hardware_i -17.81053883374825 31.06999969482422 31.25 AB 7.200425018913067 1.0693038825191115
60882.4236 lsst_hardware_y -37.66678688885111 47.79999923706055 30.040000915527344 AB 6.48974855582068 1.065815167649972
60885.3952 lsst_hardware_r -16.111046798844836 23.56999969482422 31.5 AB 5.028995604927894 1.0699990648782751
60885.4185 lsst_hardware_y 30.58651130765355 47.470001220703125 30.040000915527344 AB 4.880220308025307 1.0665594029340657
60887.4039 lsst_hardware_g -6.044358041807538 14.869999885559082 31.440000534057617 AB 4.753558362331006 1.065422120806352
60887.4229 lsst_hardware_y 150.53836957858485 48.0099983215332 30.030000686645508 AB 3.731516096931152 1.0714024300898173
60893.3379 lsst_hardware_z -20.031093049682024 50.08000183105469 30.959999084472656 AB 2.9228621695531034 1.1170885417745473
60893.3587 lsst_hardware_r -7.673270927252677 47.38999938964844 31.610000610351562 AB 2.8372872330300254 1.0830374016719249
60898.3609 lsst_hardware_r 63.726408684510425 99.3499984741211 31.649999618530273 AB 5.774319057042365 1.0693183438967342
60898.38 lsst_hardware_z -15.544034033219496 70.08000183105469 30.989999771118164 AB 6.395716643521558 1.0658343478816061
60900.35 lsst_hardware_y -0.7752505454883559 79.02999877929688 30.799999237060547 AB 5.0426143041364 1.0728966604545531
60900.3721 lsst_hardware_r -89.50149074297981 119.04000091552734 32.400001525878906 AB 4.978899990559161 1.065499159801511
60903.3456 lsst_hardware_i -31.003340952719938 37.68000030517578 31.280000686645508 AB 5.782015971198108 1.0702812311713659
60903.3648 lsst_hardware_z -34.990063467584335 44.880001068115234 30.959999084472656 AB 5.773396812972653 1.0655955727155135
60907.291 lsst_hardware_u -2.316927043650661 2.6500000953674316 28.360000610351562 AB 1.769380247491023 1.137255649164021
60907.3091 lsst_hardware_r 17.98585395533913 23.34000015258789 31.489999771118164 AB 2.573434313408341 1.0992884721949343
60911.3387 lsst_hardware_r 39.53568662037495 23.25 31.5 AB 3.4307198433366684 1.0654133723257684
60911.3588 lsst_hardware_u 0.2916768801713582 2.7100000381469727 28.420000076293945 AB 3.442470329022489 1.0724206632468813
60913.2924 lsst_hardware_g -6.678212864321205 14.1899995803833 31.40999984741211 AB 2.991711264066469 1.0998264557563986
60913.3111 lsst_hardware_r -0.8145663667563449 23.040000915527344 31.489999771118164 AB 2.910408668616416 1.075737818745672
60933.2356 lsst_hardware_i 28.908239427664782 31.399999618530273 31.25 AB 1.055362137037836 1.103646679257045
60933.2534 lsst_hardware_z -21.300798652333935 41.86000061035156 30.950000762939453 AB 2.6097899137190725 1.0787227529835408
60937.2221 lsst_hardware_u -0.9364528218401327 2.809999942779541 28.479999542236328 AB 6.590238482550541 1.1084103519454083
60937.2411 lsst_hardware_g -14.473809073408757 14.6899995803833 31.440000534057617 AB 6.474942126723963 1.0801771884652476
60939.2218 lsst_hardware_r 8.668729023462578 23.65999984741211 31.489999771118164 AB 3.583699168347547 1.0991818326390594
60939.2416 lsst_hardware_z 51.2587170014068 41.900001525878906 30.940000534057617 AB 3.473325734066525 1.0744459890904903
60942.2177 lsst_hardware_r -0.5267633575367844 23.709999084472656 31.489999771118164 AB 4.224054558962185 1.092710500723166
60942.2379 lsst_hardware_u -4.9213236299675165 2.700000047683716 28.399999618530273 AB 4.106470880837339 1.0710670007400467
60946.2124 lsst_hardware_i -19.00715903603034 31.360000610351562 31.25 AB 4.061051139934901 1.084996408309447
60946.2319 lsst_hardware_z -51.510083383754065 41.790000915527344 30.950000762939453 AB 4.027396736002972 1.0682749962872604
60949.2068 lsst_hardware_r -110.13885164015898 36.68000030517578 31.59000015258789 AB 5.14194735406658 1.0818888757176193
60949.2265 lsst_hardware_z 22.623636776645533 44.68000030517578 30.959999084472656 AB 4.499915631994981 1.0671104002517593
60951.1859 lsst_hardware_z -22.25413008901255 72.19999694824219 31.709999084472656 AB 3.191324828946475 1.104646877447566
60956.1796 lsst_hardware_r -69.07585920102422 128.22000122070312 31.649999618530273 AB 4.44384550043965 1.0925250154737924
60956.1988 lsst_hardware_y -6.287801689699615 64.27999877929688 30.059999465942383 AB 4.400960649300726 1.0716624957712806
60958.1784 lsst_hardware_g -48.42043920000895 66.05999755859375 31.700000762939453 AB 3.704866743706738 1.0865774006374243
60958.1971 lsst_hardware_r -27.537847895218142 67.47000122070312 31.639999389648438 AB 3.6845015906348313 1.0693145759799259
60960.1787 lsst_hardware_i 7.463627301514325 31.239999771118164 31.239999771118164 AB 6.634701491038349 1.0797496188085998
60960.197 lsst_hardware_z -37.8874222955383 44.0 30.950000762939453 AB 6.522443464999877 1.0669209593783877
60962.1669 lsst_hardware_r 9.504951220119121 23.700000762939453 31.489999771118164 AB 8.95967972275827 1.0873397721794018
60962.1856 lsst_hardware_u -1.950364812029576 2.7200000286102295 28.420000076293945 AB 8.573161736301707 1.0696396427076365
60964.1693 lsst_hardware_g 4.779096176389787 14.880000114440918 31.450000762939453 AB 8.177144604416567 1.0781744542198213
60964.1869 lsst_hardware_i -15.75996384700612 31.34000015258789 31.260000228881836 AB 8.101579574674405 1.0666522743800235
60971.0851 lsst_hardware_g -5.134863747318505 15.050000190734863 31.399999618530273 AB 6.644878932221588 1.2449810639935526
60971.1035 lsst_hardware_r -13.617408591619611 24.399999618530273 31.489999771118164 AB 6.24920156712518 1.1741469719656505
60973.1455 lsst_hardware_i -6.091250422819334 31.43000030517578 31.25 AB 4.73368236379849 1.0774081210398094
60973.1638 lsst_hardware_z -31.358204054833394 41.90999984741211 30.950000762939453 AB 4.680411524166368 1.0662339260763236
60975.1448 lsst_hardware_r 11.372017502422239 24.09000015258789 31.5 AB 3.854689226550658 1.0732313391788375
60975.1625 lsst_hardware_u -3.6392967244984114 2.7100000381469727 28.389999389648438 AB 4.048930676087763 1.0655080726546746
60977.1353 lsst_hardware_g -14.622000388120421 23.920000076293945 31.59000015258789 AB 3.064513513743053 1.0767161142155914
60977.1523 lsst_hardware_i -5.392279427466134 33.83000183105469 31.260000228881836 AB 3.0488003900609972 1.0663869849810341
60980.1251 lsst_hardware_r -63.62247615603086 59.72152214923179 31.6299991607666 AB 4.9814052884082995 1.0786932196639887
60980.1442 lsst_hardware_z 98.26402957055208 52.485734706266925 30.969999313354492 AB 4.932454754132389 1.0663614212803783
60994.0961 lsst_hardware_r 607.3498988082537 32.92647837405489 31.510000228881836 AB 4.497955671744943 1.070941826605939
60994.1142 lsst_hardware_i 666.1577072896735 39.469453309235696 31.25 AB 4.474728463042018 1.065411538819528
60996.0953 lsst_hardware_z 556.3061190255723 47.5773644535229 30.950000762939453 AB 3.3117482205916 1.0683058776101935
60996.1155 lsst_hardware_r 666.6312400464224 34.6777874337701 31.489999771118164 AB 3.306385090027115 1.0665758354926176
61000.0665 lsst_hardware_g 162.7601498398803 18.85778228431157 31.40999984741211 AB 4.185304092655279 1.083106515244038
61000.0863 lsst_hardware_r 951.3419156281002 38.12246113949379 31.489999771118164 AB 3.569600895476473 1.0674643826183643
61003.0381 lsst_hardware_i 1183.518743869542 46.36658304968062 31.239999771118164 AB 8.5941035185992 1.1159724085961824
61003.0498 lsst_hardware_r 1021.4237446346232 40.07146949154132 31.5 AB 8.303321269315433 1.0947509803966906
61007.0539 lsst_hardware_r 1124.8625689268904 48.72213337715589 31.579999923706055 AB 4.078195540291301 1.0762303501825508
61007.072 lsst_hardware_i 1355.525011817315 51.50884011795459 31.280000686645508 AB 4.057847810622297 1.0659845386923723
61010.0629 lsst_hardware_z 1113.9945241321439 71.1050878643187 30.979999542236328 AB 8.884598154239326 1.066194426285744
61010.0822 lsst_hardware_r 1164.8639229966152 87.44232045061396 31.649999618530273 AB 8.874860195047221 1.0685307454806623
61016.0403 lsst_hardware_y 409.2524882185444 53.24274320708791 30.040000915527344 AB 5.685343803328301 1.0684895403351493
61016.0606 lsst_hardware_r 902.4606218101635 37.79247623517101 31.489999771118164 AB 4.920497920299866 1.0664855963803554
61019.0305 lsst_hardware_z 756.9574978631217 67.16040760863851 30.979999542236328 AB 7.737918365730119 1.0693271191197262
61019.0492 lsst_hardware_g 103.44816312193339 17.499803607221487 31.450000762939453 AB 8.141436698639358 1.0657493223917291
61021.032 lsst_hardware_y 396.3020747338591 67.18565962447947 30.059999465942383 AB 14.207233735514919 1.0664223285847012
61021.0505 lsst_hardware_i 1064.5312163073902 44.95507156228568 31.25 AB 14.51436030114818 1.0677623306529558
61023.0324 lsst_hardware_y 397.93136803028017 70.31424873550372 30.059999465942383 AB 8.90233536171289 1.065424904661055
61023.0504 lsst_hardware_r 695.1846775197602 35.462161858738426 31.510000228881836 AB 8.457872954512224 1.0706168296850915
61243.4194 lsst_hardware_g -38.298402202640794 14.779999732971191 31.43000030517578 AB 5.338923345819922 1.0677846691639845
61243.44 lsst_hardware_y -142.6718571038985 63.439998626708984 30.049999237060547 AB 5.3357909172301525 1.0671581834460304
61245.4137 lsst_hardware_z 16.14585114305178 42.0099983215332 30.950000762939453 AB 5.724150433438009 1.067888705459262
61245.4332 lsst_hardware_y 26.865421769096 51.459999084472656 30.040000915527344 AB 5.575305498563214 1.066703858143472
61247.4123 lsst_hardware_y 50.56077117944074 67.18000030517578 30.780000686645508 AB 7.138915269710644 1.0664382327465172
61250.4076 lsst_hardware_r 115.26075851219183 80.77999877929688 31.649999618530273 AB 5.008787476054322 1.0656994629902812
61250.4271 lsst_hardware_z -34.54090535284378 60.33000183105469 30.979999542236328 AB 4.896600526442671 1.0701782376664126
61252.4089 lsst_hardware_z -18.757857119798583 63.70000076293945 30.979999542236328 AB 4.752559742745099 1.0655963548755827
61252.4293 lsst_hardware_y 147.77717471706896 58.22999954223633 30.040000915527344 AB 3.750080241151201 1.0759860099422425
61254.376 lsst_hardware_r 42.182277111562314 83.16000366210938 31.639999389648438 AB 2.020798978070887 1.076993592860661
61254.3949 lsst_hardware_z 17.467013640540955 63.189998626708984 30.979999542236328 AB 2.001806624337629 1.0660193259985598
61259.3672 lsst_hardware_z 14.06471450510132 42.91999816894531 30.950000762939453 AB 4.605695713876995 1.0728385077747484
61259.3886 lsst_hardware_r -12.017540752603738 28.1299991607666 31.540000915527344 AB 3.394026797014579 1.065489118748854
61262.3594 lsst_hardware_u 2.482796909031548 2.7300000190734863 28.440000534057617 AB 5.4757041381168285 1.07254586147496
61262.3803 lsst_hardware_g -17.324046863863913 14.5 31.440000534057617 AB 5.540510756438398 1.065482837776615
61267.3587 lsst_hardware_z -2.2907590711211827 41.70000076293945 30.940000534057617 AB 5.928512838559604 1.0661834077078687
61267.378 lsst_hardware_r 66.60639890433202 23.399999618530273 31.5 AB 5.249595058421797 1.068692374394557
61269.354 lsst_hardware_u -1.8752255474222035 2.799999952316284 28.5 AB 4.739755271809387 1.0660118688353977
61269.3752 lsst_hardware_r 26.243638143425397 23.389999389648438 31.510000228881836 AB 4.110774650250381 1.0701658705500505
61275.3223 lsst_hardware_z -79.63228309955751 45.2400016784668 30.950000762939453 AB 2.1692498552675605 1.073797469813164
61275.3413 lsst_hardware_r -4.631409347270274 29.829999923706055 31.559999465942383 AB 2.141290119625076 1.065495166507696
61279.2787 lsst_hardware_r 130.76476631992594 95.66000366210938 31.639999389648438 AB 2.919024766232665 1.1227018331664096
61279.296 lsst_hardware_i -59.50631398939261 73.5 31.329999923706055 AB 3.285689367957166 1.0910474407960415
61306.2243 lsst_hardware_r 65.21649673927746 63.060001373291016 31.6299991607666 AB 2.1414528362336958 1.0882287640723447
61306.2438 lsst_hardware_i -65.91903635337232 53.459999084472656 31.309999465942383 AB 2.1199135394758586 1.0695830168899387
61308.2202 lsst_hardware_z 34.01316021295583 72.19999694824219 30.989999771118164 AB 6.5669693267184215 1.0864221675139045
61308.2386 lsst_hardware_r -152.31804346804157 103.98999786376953 31.649999618530273 AB 6.50796741526278 1.0694366173658894
61310.217 lsst_hardware_z -170.97720154694645 131.3699951171875 31.75 AB 3.6755453650650645 1.0835923835688424
61312.2088 lsst_hardware_r -74.82645727231899 91.55999755859375 31.639999389648438 AB 5.011294617602963 1.0870487239919904
61312.227 lsst_hardware_z 9.941444519533276 67.20999908447266 30.989999771118164 AB 4.946504738487692 1.0698229554800238
61316.183 lsst_hardware_u -3.6713125361939385 2.7200000286102295 28.399999618530273 AB 3.1407408931199248 1.1115043859100833
61316.2027 lsst_hardware_g -9.169889586364784 14.90999984741211 31.450000762939453 AB 3.067291746507345 1.081174390732233
61318.1788 lsst_hardware_r 16.158926606253452 23.780000686645508 31.489999771118164 AB 6.872390468369871 1.1090463370150412
61318.1975 lsst_hardware_i 23.261924825022692 31.309999465942383 31.239999771118164 AB 6.600600837183312 1.0808844165691365
61322.1766 lsst_hardware_u 0.41185915283468477 2.7200000286102295 28.40999984741211 AB 3.5789057439178653 1.094020504560179
61322.1939 lsst_hardware_g -13.494532906570893 14.760000228881836 31.440000534057617 AB 3.4277718128368577 1.073863349886373
61324.1794 lsst_hardware_r -4.497682630843183 23.950000762939453 31.510000228881836 AB 4.212277463457387 1.0828476769813336
61324.1987 lsst_hardware_z 13.087272140380042 41.939998626708984 30.950000762939453 AB 4.122922632091968 1.0676076040116151
61327.173 lsst_hardware_r -2.7626763094493376 24.059999465942383 31.5 AB 8.896085722470279 1.0808025419112648
61327.1908 lsst_hardware_u 0.10116411836878453 2.75 28.43000030517578 AB 8.801451526682184 1.0674895726721871
61329.171 lsst_hardware_g -4.672807764963883 15.09000015258789 31.459999084472656 AB 8.174513642046923 1.0772239101333643
61329.189 lsst_hardware_r 22.519958075708676 24.059999465942383 31.510000228881836 AB 8.085769054755024 1.066290412398888
61331.1717 lsst_hardware_i 37.88197713725129 33.900001525878906 31.270000457763672 AB 6.271121208495702 1.0720476167010338
61331.1894 lsst_hardware_z 104.4945214900613 42.869998931884766 30.950000762939453 AB 6.191649269183111 1.0654438343208292
61333.1432 lsst_hardware_z -45.400036221408264 46.47999954223633 30.959999084472656 AB 3.6779105302632424 1.0994152641281116
61333.1602 lsst_hardware_r -35.651057553070366 41.61000061035156 31.610000610351562 AB 3.623746531457478 1.0771068655874143
61336.1517 lsst_hardware_z 74.21238694942802 90.13999938964844 31.729999542236328 AB 5.089479006255216 1.0774044398098752
61338.144 lsst_hardware_r -20.828242677293947 136.19000244140625 31.65999984741211 AB 4.731970431691527 1.0796806643526387
61338.1601 lsst_hardware_z 168.6893630443773 90.05000305175781 31.0 AB 4.678220007715409 1.067761718133462
61341.1346 lsst_hardware_r -135.4532925167656 80.0 31.649999618530273 AB 3.140197838732146 1.0809941210242908
61341.1504 lsst_hardware_y 74.07914472323813 53.779998779296875 30.049999237060547 AB 3.0819293480997225 1.0684449118046442
61344.1336 lsst_hardware_g 7.047704369801619 14.90999984741211 31.469999313354492 AB 4.070109877190368 1.0740493144714873
61344.1495 lsst_hardware_r 35.633443805805136 23.84000015258789 31.520000457763672 AB 3.905657861798112 1.0659546566041076
61351.109 lsst_hardware_z 59.60717516537883 59.22999954223633 31.700000762939453 AB 4.9247334877410065 1.0791571135621798
61351.1211 lsst_hardware_r -21.540947210689588 33.13999938964844 32.2599983215332 AB 4.915882107880931 1.0694837610966408
61356.0931 lsst_hardware_i -14.15944406298081 31.18000030517578 31.25 AB 3.746578382838105 1.0816017656811092
61356.1117 lsst_hardware_u 3.1617840281889977 2.6600000858306885 28.3799991607666 AB 3.7156224942159195 1.0674519973806809
61357.0907 lsst_hardware_g 18.195938617134555 14.529999732971191 31.43000030517578 AB 3.7385295374087857 1.0812290188206264
61357.1087 lsst_hardware_r 24.43681467448991 23.280000686645508 31.5 AB 3.754874444934771 1.0675597256197273
61359.0953 lsst_hardware_i -55.940656947080804 31.670000076293945 31.260000228881836 AB 4.502422800404689 1.0720054286677831
61359.1139 lsst_hardware_r -27.737525834259305 24.700000762939453 31.520000457763672 AB 4.474786142690865 1.0654252720692536
61361.0963 lsst_hardware_z 59.03167101921523 43.779998779296875 30.950000762939453 AB 3.311422265506791 1.0682007308086423
61361.117 lsst_hardware_g 17.838674051003228 26.950000762939453 31.6200008392334 AB 3.3072939598213282 1.0668690192972026
61364.0676 lsst_hardware_z 21.51445188162664 57.189998626708984 30.969999313354492 AB 7.136992293347822 1.0860246959190192
61364.0885 lsst_hardware_r 152.4268440750552 67.80000305175781 31.639999389648438 AB 6.169249802385644 1.0680217789345183
61370.069 lsst_hardware_g 48.2615501657827 47.34000015258789 31.690000534057617 AB 4.632456089288633 1.0696042690576386
61370.0892 lsst_hardware_r -50.76625054598051 60.119998931884766 31.6299991607666 AB 3.86510968670326 1.0659920992977645
61372.0599 lsst_hardware_i -0.6153717877920879 30.899999618530273 31.239999771118164 AB 4.135877992507883 1.071933820952367
61372.0789 lsst_hardware_r -17.6038568886281 23.229999542236328 31.5 AB 4.037267060374918 1.0654293790575367
61374.0646 lsst_hardware_u 4.5763463294740685 2.7799999713897705 28.479999542236328 AB 5.294398758506138 1.0667201447652521
61374.0849 lsst_hardware_g 12.090245605199145 14.550000190734863 31.440000534057617 AB 5.363360701359573 1.068221218528092
61376.0622 lsst_hardware_r -3.3143296548430197 23.100000381469727 31.5 AB 6.708626771021571 1.0659329650476868
61376.0812 lsst_hardware_i -0.33340263499533956 30.8700008392334 31.25 AB 6.691671141487187 1.0690993702282818
61379.0385 lsst_hardware_y 10.665971213862845 50.13999938964844 30.049999237060547 AB 2.3493535073187024 1.0736629632044745
61379.0582 lsst_hardware_z 47.185608478281274 41.52000045776367 30.950000762939453 AB 1.585372753014294 1.0654386781014487
61381.0396 lsst_hardware_y 1.8451573996579491 50.06999969482422 30.040000915527344 AB 5.789176286511527 1.0692480558730668
61381.0593 lsst_hardware_u -0.5164079391998074 2.75 28.450000762939453 AB 4.835193010939961 1.0660184117155858
61383.0308 lsst_hardware_y -76.45485238804426 62.189998626708984 30.049999237060547 AB 5.266066855008985 1.0712823330188028
61383.0498 lsst_hardware_r -6.18250132519652 23.639999389648438 31.5 AB 5.708408993920338 1.0654655000162394
61385.0314 lsst_hardware_y 8.82285892069162 68.77999877929688 30.059999465942383 AB 10.329897920909861 1.0679104642727035
61385.0494 lsst_hardware_r -35.16668514103105 23.68000030517578 31.510000228881836 AB 10.595750095006167 1.0662568859861299
