data/validation/pwv_sim_epoch_fit_seasonal/17140130.ecsv
# %ECSV 0.9
# ---
# datatype:
# - {name: time, datatype: float64}
# - {name: band, datatype: string}
# - {name: flux, datatype: float64}
# - {name: fluxerr, datatype: float64}
# - {name: zp, datatype: float64}
# - {name: zpsys, datatype: string}
# - {name: pwv, datatype: float64}
# - {name: airmass, datatype: float64}
# meta: {SNID: '17140130', alt: 1024.0, c: 0.02425406314432621, dec: -5.979157, lat: -30.244573, lon: -70.7499537, ra: 155.566406, t0: 60338.45703125,
#   x0: 3.4242180006869863e-06, x1: 0.14841219782829285, z: 0.7163492441177368}
# schema: astropy-2.0
time band flux fluxerr zp zpsys pwv airmass
[from data line 133]
60744.1228 lsst_hardware_i 14.108810140126405 60.06999969482422 31.309999465942383 AB 12.585402786370798 1.129123864979362
60744.1418 lsst_hardware_z -29.028377918749246 57.630001068115234 30.969999313354492 AB 11.645268497801625 1.1047593679728323
60751.1216 lsst_hardware_z -56.38926904637118 60.189998626708984 30.979999542236328 AB 8.433727073024489 1.1057242032634154
60751.1411 lsst_hardware_i 39.108094914054305 64.69000244140625 31.31999969482422 AB 8.884708682250706 1.0959192494938423
60753.1166 lsst_hardware_z -55.57162709992548 49.68000030517578 30.969999313354492 AB 9.018393515608087 1.1053081624685637
60753.1362 lsst_hardware_r 41.522504663041964 51.599998474121094 31.6299991607666 AB 7.764781692526476 1.0958692671690744
60755.1537 lsst_hardware_u -4.892979647085966 6.400000095367432 29.049999237060547 AB 5.742560344818748 1.1049582961248294
60755.1725 lsst_hardware_g 4.24039829400387 34.599998474121094 31.649999618530273 AB 5.98462577629881 1.1291746747733604
60757.1542 lsst_hardware_r -18.71402301957231 24.200000762939453 31.510000228881836 AB 8.32981424952746 1.1109381501103728
60757.1735 lsst_hardware_i -57.01829723744829 32.290000915527344 31.25 AB 7.831917067211417 1.1412629606136984
60761.1355 lsst_hardware_u 4.384450261199426 2.9000000953674316 28.549999237060547 AB 7.613717081674953 1.1034372582137613
60761.1533 lsst_hardware_r -0.677582382574663 24.049999237060547 31.5 AB 7.759233688139089 1.1245266214694332
60763.1371 lsst_hardware_i 49.36496405137661 31.979999542236328 31.25 AB 7.273244938329074 1.1101365970484645
60763.1556 lsst_hardware_z 29.845164929123943 43.25 30.950000762939453 AB 7.50518172786759 1.1382409981094368
60766.1358 lsst_hardware_r -0.9469576123141629 23.979999542236328 31.5 AB 5.408150848144888 1.118773448106148
60766.1534 lsst_hardware_u 1.2210304323915935 2.75 28.420000076293945 AB 5.7319740839452455 1.150844749821741
60768.0626 lsst_hardware_u 2.8899055535737683 2.740000009536743 28.3799991607666 AB 6.905416804499411 1.1206453756084307
60768.0816 lsst_hardware_g -8.083002916439662 14.5600004196167 31.40999984741211 AB 6.6787675695995645 1.1007445520559644
60770.0616 lsst_hardware_r 12.964584615280275 33.59000015258789 31.559999465942383 AB 8.702241437789898 1.1145526634947642
60770.0814 lsst_hardware_i -1.2873860641187123 36.43000030517578 31.270000457763672 AB 8.593675679359919 1.0979526867714255
60772.0582 lsst_hardware_z 80.7206493199952 54.119998931884766 30.969999313354492 AB 12.05597543391016 1.1120380734759094
60772.0777 lsst_hardware_r 33.78615630935677 60.04999923706055 31.6299991607666 AB 11.919691575578213 1.0972743786779064
60774.0569 lsst_hardware_z -22.766550692150346 71.29000091552734 30.979999542236328 AB 8.514685389679014 1.1075293170758342
60774.0763 lsst_hardware_r -27.388199237084873 94.83999633789062 31.649999618530273 AB 8.418064968532216 1.0961973654656068
60777.0491 lsst_hardware_i -173.05627344999564 95.62999725341797 31.329999923706055 AB 6.942345416500304 1.10714383486162
60777.0664 lsst_hardware_z 100.77105374645474 81.66999816894531 30.989999771118164 AB 7.0717670421923895 1.0965680015804604
60781.0395 lsst_hardware_g 70.26851145404446 56.16999816894531 31.700000762939453 AB 17.382752955414325 1.1058903375303355
60781.0568 lsst_hardware_r 66.13117544886268 59.0099983215332 31.6299991607666 AB 18.221388043574404 1.0962706200541117
60785.0863 lsst_hardware_r 18.645682998072353 23.75 31.5 AB 7.652248955616566 1.122250042376305
60785.1037 lsst_hardware_g -6.612505606256646 14.680000305175781 31.420000076293945 AB 7.904900580229617 1.1558843730991568
60791.008 lsst_hardware_u 1.10324839619609 2.7300000190734863 28.40999984741211 AB 12.877467947137577 1.1101265471670325
60791.026 lsst_hardware_r -13.961046467292245 23.799999237060547 31.5 AB 12.727660451407509 1.0972121078799577
60793.0086 lsst_hardware_i -10.517060102927267 31.829999923706055 31.239999771118164 AB 1.656372270177616 1.1042481801184107
60793.0265 lsst_hardware_z -13.537804285048047 42.4900016784668 30.940000534057617 AB 1.6438616595824778 1.095907773054985
60796.0049 lsst_hardware_r 18.316767799880804 24.149999618530273 31.5 AB 11.757445947462228 1.1009016321224327
60796.0223 lsst_hardware_u -2.479400188588585 2.740000009536743 28.40999984741211 AB 11.68137753305606 1.0958482941670633
60799.0429 lsst_hardware_g -3.747287279454417 29.979999542236328 31.6200008392334 AB 12.228771666737915 1.115017780080656
60799.0613 lsst_hardware_r -21.667547826642384 35.900001525878906 31.56999969482422 AB 12.539113741119769 1.1464507260562997
60803.043 lsst_hardware_r 16.316848488227784 84.7300033569336 31.639999389648438 AB 11.577612526588817 1.1319158409570296
60803.0608 lsst_hardware_z 75.77364908165332 67.12999725341797 30.969999313354492 AB 11.97174791261916 1.1717478626425724
60804.9668 lsst_hardware_y -8.077424682314284 57.400001525878906 30.040000915527344 AB 8.653170355287543 1.1135924786419997
60804.9844 lsst_hardware_r 24.774622977803848 88.12000274658203 31.639999389648438 AB 8.557347815933053 1.0985982303919677
60806.9664 lsst_hardware_y -43.16657659413144 56.529998779296875 30.040000915527344 AB 12.840080206125803 1.1079222451213213
60806.9861 lsst_hardware_z -43.377615740210274 63.470001220703125 30.979999542236328 AB 12.813654104662842 1.096214740753107
60808.9683 lsst_hardware_y -39.49262104643495 52.060001373291016 30.030000686645508 AB 8.024751234698059 1.1016452525554778
60808.9915 lsst_hardware_z -43.9333836256086 55.650001525878906 30.969999313354492 AB 7.926704234563812 1.096615757606277
60812.976 lsst_hardware_z -21.99255076207795 61.130001068115234 31.690000534057617 AB 8.13528181414487 1.0958576373954743
60815.9576 lsst_hardware_y 26.015509055750208 57.02000045776367 30.040000915527344 AB 5.985187358507142 1.0972599655048538
60815.9775 lsst_hardware_g -4.739858015398942 15.4399995803833 31.450000762939453 AB 7.903580107375652 1.0984822942843158
