data/validation/pwv_sim_epoch_fit_seasonal/17403876.ecsv
# %ECSV 0.9
# ---
# datatype:
# - {name: time, datatype: float64}
# - {name: band, datatype: string}
# - {name: flux, datatype: float64}
# - {name: fluxerr, datatype: float64}
# - {name: zp, datatype: float64}
# - {name: zpsys, datatype: string}
# - {name: pwv, datatype: float64}
# - {name: airmass, datatype: float64}
# meta: {SNID: '17403876', alt: 1024.0, c: -0.059230923652648926, dec: -20.264481, lat: -30.244573, lon: -70.7499537, ra: 333.984375,
#   t0: 62447.49609375, x0: 6.400139387665928e-06, x1: 0.9661669731140137, z: 0.5537244081497192}
# schema: astropy-2.0
time band flux fluxerr zp zpsys pwv airmass
62284.4109 lsst_hardware_i -19.20933090646009 65.06999969482422 31.34000015258789 AB 9.60355875411689 1.031420766203104
62284.4322 lsst_hardware_z 139.65186474116265 67.0 31.0 AB 8.948704345519328 1.0172257369440094
62287.4238 lsst_hardware_r -1.7345113617982495 80.5 31.65999984741211 AB 7.343484024159459 1.0172909157960093
62290.4128 lsst_hardware_z -0.6377938688464861 51.63999938964844 30.979999542236328 AB 10.944165724758024 1.018298741545282
62290.4344 lsst_hardware_y 127.51179464704732 59.689998626708984 30.06999969482422 AB 10.907007580877757 1.0173182049071408
62301.3822 lsst_hardware_r 21.177053933301586 34.40999984741211 32.27000045776367 AB 12.629855691574399 1.018536749320516
62301.4048 lsst_hardware_u 2.8679313285799837 3.9600000381469727 29.219999313354492 AB 12.61648490687178 1.017458460231595
62303.3808 lsst_hardware_g -13.922351711005504 15.430000305175781 31.469999313354492 AB 7.119621907728983 1.0170888439612833
62303.4 lsst_hardware_r -4.348973597645272 24.18000030517578 31.520000457763672 AB 7.12378141959532 1.0176830599421887
62309.3671 lsst_hardware_r 7.8730432808413315 23.93000030517578 31.520000457763672 AB 2.1075792693348347 1.016435625432814
62309.3872 lsst_hardware_i 15.692270959589624 31.18000030517578 31.260000228881836 AB 2.140226428159321 1.019155441980629
62311.3446 lsst_hardware_i -47.02335087037028 55.38999938964844 31.31999969482422 AB 3.496917907544704 1.0247128248525421
62311.3684 lsst_hardware_z -37.21479052413846 52.779998779296875 30.979999542236328 AB 3.4761518478700784 1.0158493576806447
62311.3875 lsst_hardware_i 0.9502065023872956 49.91999816894531 31.31999969482422 AB 3.9874889353344547 1.0224330603421679
62313.3483 lsst_hardware_r -164.78015669173774 100.25 31.670000076293945 AB 5.5114995061482785 1.019044005944009
62313.3686 lsst_hardware_z -33.602270550005336 68.04000091552734 30.989999771118164 AB 5.494159892105565 1.0165271624975605
62318.3168 lsst_hardware_y -87.88004327192061 52.97999954223633 30.059999465942383 AB 9.03087343387369 1.0327785040310709
62318.3369 lsst_hardware_r -19.151003780205542 70.18000030517578 31.65999984741211 AB 8.765053521669671 1.0180873689410335
62320.3514 lsst_hardware_i -40.47262073862859 40.20000076293945 31.299999237060547 AB 6.691843142848451 1.0169974381228408
62320.3674 lsst_hardware_z -34.7857644013688 45.95000076293945 30.969999313354492 AB 6.6984750985510955 1.0257608971403998
62324.3507 lsst_hardware_r -48.466950459690885 24.079999923706055 31.520000457763672 AB 1.6073030560355703 1.0215909254464042
62324.3702 lsst_hardware_g -11.511104837305565 15.600000381469727 31.479999542236328 AB 1.6481246140882724 1.0403732440326439
62326.3066 lsst_hardware_u -1.054852748602341 2.7799999713897705 28.469999313354492 AB 1.7537150763296392 1.0225743885304637
62326.3268 lsst_hardware_r 12.221300348869537 23.90999984741211 31.520000457763672 AB 1.7582521674504334 1.0158414063267436
62329.3019 lsst_hardware_i -5.077131661225238 31.06999969482422 31.25 AB 7.784176243105598 1.0204294834746597
62329.3238 lsst_hardware_z 39.00590882077624 41.13999938964844 30.950000762939453 AB 7.771387764119291 1.0163105184114156
62331.2954 lsst_hardware_r 1.5286247143916565 23.940000534057617 31.510000228881836 AB 6.178734018456075 1.021025203413381
62331.315 lsst_hardware_u 1.8172454857516824 2.7699999809265137 28.459999084472656 AB 6.193980510007501 1.0159062670177958
62333.2966 lsst_hardware_g -1.0181746970301646 15.140000343322754 31.469999313354492 AB 2.99788751806708 1.0178432044139023
62333.3194 lsst_hardware_r 9.51659919270975 23.850000381469727 31.520000457763672 AB 3.005644495003676 1.0181722544050393
62335.2808 lsst_hardware_i -3.9558749032985863 31.149999618530273 31.25 AB 1.9405073589110475 1.02342936346559
62335.3038 lsst_hardware_z -13.703693965628993 41.290000915527344 30.950000762939453 AB 1.82860099872907 1.015889443738372
62344.263 lsst_hardware_z -33.40016234317101 133.10000610351562 31.760000228881836 AB 1.978072631985137 1.019362345779509
62344.282 lsst_hardware_r 59.513293089653175 189.8000030517578 32.41999816894531 AB 2.066897532571333 1.016173811490331
62346.2591 lsst_hardware_z -74.30180046258016 63.970001220703125 30.989999771118164 AB 4.271350854695521 1.0186456189901476
62346.2806 lsst_hardware_r -58.673468358140504 87.19000244140625 31.65999984741211 AB 4.247799249146174 1.017051237849001
62349.2435 lsst_hardware_i 2.881211845224748 39.22999954223633 31.299999237060547 AB 4.577638796710229 1.0227836739503007
62349.2626 lsst_hardware_z -7.1156636909176525 45.22999954223633 30.959999084472656 AB 4.4881135904635 1.0158699842606382
62350.2213 lsst_hardware_r 7.660358246564964 28.209999084472656 31.559999465942383 AB 1.8665938203046137 1.0427898437455942
62350.2395 lsst_hardware_z 80.03168058294922 42.81999969482422 30.959999084472656 AB 1.8183984750896864 1.0236808829553499
62355.2211 lsst_hardware_i -38.42873211875234 31.639999389648438 31.270000457763672 AB 3.2845031721309996 1.0275311034353196
62355.2404 lsst_hardware_z 8.788880878559345 41.5 30.959999084472656 AB 3.2211862210863567 1.0166816058136843
62357.2228 lsst_hardware_z 17.602879980582898 41.54999923706055 30.950000762939453 AB 3.3923547883263936 1.022024489968033
62357.2426 lsst_hardware_r 33.68282255643499 24.360000610351562 31.520000457763672 AB 3.3980120059837176 1.0158481333284657
62361.2107 lsst_hardware_u -3.3797283426013394 2.990000009536743 28.600000381469727 AB 3.5941521209393037 1.0228093685086237
62361.2319 lsst_hardware_r -30.011157712439406 24.579999923706055 31.540000915527344 AB 3.5615805233736726 1.0158529730101746
62363.2157 lsst_hardware_i -0.3644957754923229 31.530000686645508 31.270000457763672 AB 4.40438961221647 1.017493364904467
62363.2354 lsst_hardware_z -131.37637225139886 41.52000045776367 30.959999084472656 AB 4.409841210271739 1.0174208744762914
62370.205 lsst_hardware_i -37.427514841878214 96.88999938964844 31.350000381469727 AB 2.539368560803591 1.015882875371486
62370.2252 lsst_hardware_z -109.40494452022325 80.7699966430664 31.0 AB 2.03487002858807 1.021649317729723
62373.1379 lsst_hardware_z 16.295250483612858 92.29000091552734 31.0 AB 3.8498746885252433 1.0796059137760077
62373.16 lsst_hardware_r 355.39622667510196 190.91000366210938 32.40999984741211 AB 3.6454557459535026 1.0407658201237635
62373.1881 lsst_hardware_i -27.878146562686137 103.91000366210938 31.350000381469727 AB 3.867872530048399 1.017593404380005
62377.1562 lsst_hardware_i 32.26614844373204 42.209999084472656 31.299999237060547 AB 5.3677639203686685 1.03226229237859
62377.1752 lsst_hardware_z 27.309603297016885 47.7599983215332 30.969999313354492 AB 5.4906085275302186 1.0183351467575867
62379.1494 lsst_hardware_r -8.918777812504615 24.450000762939453 31.520000457763672 AB 4.839190865278431 1.0337206348501347
62379.1667 lsst_hardware_u 2.430993053591877 2.75 28.43000030517578 AB 3.976952105500858 1.0197313091027842
62384.1353 lsst_hardware_r 49.99823934271329 24.229999542236328 31.510000228881836 AB 1.6149392983464004 1.034223053696473
62384.1532 lsst_hardware_i -59.18263687246436 31.34000015258789 31.260000228881836 AB 1.5152060157469753 1.0196541155766994
62386.138 lsst_hardware_z 56.77375528927237 41.540000915527344 30.950000762939453 AB 2.0731732901390165 1.02619640645416
62386.1584 lsst_hardware_r -4.213870197381028 24.229999542236328 31.520000457763672 AB 2.0971281154737254 1.016173526577214
62388.1246 lsst_hardware_u 1.9448820738948385 3.9200000762939453 29.209999084472656 AB 2.6383556870166327 1.0339734893598822
62388.1433 lsst_hardware_r -0.1821722815765018 34.02000045776367 32.2599983215332 AB 3.3672033006535873 1.019155033365527
62391.125 lsst_hardware_i -28.292389970302075 31.350000381469727 31.270000457763672 AB 3.5897959852389922 1.0256559957825693
62391.144 lsst_hardware_z -10.24507873594849 41.34000015258789 30.959999084472656 AB 3.5044340388746704 1.0162934934748555
62394.1199 lsst_hardware_r 56.53218743022736 33.2400016784668 31.59000015258789 AB 1.0459792084749857 1.0232961439507442
62394.1383 lsst_hardware_z 14.209385735808977 43.38999938964844 30.959999084472656 AB 1.415070018560962 1.0159650725578284
62398.0903 lsst_hardware_r -99.90194887521042 103.8499984741211 31.65999984741211 AB 5.841619452365757 1.042711867501551
62402.1015 lsst_hardware_z -97.51102671049728 72.13999938964844 31.0 AB 1.327370040468919 1.0210538772837838
62402.1235 lsst_hardware_r 157.9718618002114 110.63999938964844 31.670000076293945 AB 1.320998041122875 1.0161523393252885
62405.0749 lsst_hardware_g -63.50651269888829 33.04999923706055 31.670000076293945 AB 3.045307228270419 1.037848591043741
62405.0941 lsst_hardware_i -58.58677460883976 43.88999938964844 31.299999237060547 AB 3.8323366677579154 1.0205956505347311
62408.0732 lsst_hardware_z 7.712152804521824 41.38999938964844 30.950000762939453 AB 3.4894743590404067 1.030559468115891
62408.0895 lsst_hardware_r 3.4974529322980374 23.809999465942383 31.510000228881836 AB 3.7936117297101823 1.0187839216839014
62410.0744 lsst_hardware_u -2.3066621630018327 2.75 28.459999084472656 AB 5.850004210531169 1.0246387570991071
62410.0937 lsst_hardware_g -20.136462199652215 15.010000228881836 31.469999313354492 AB 6.4426696281175495 1.0160603960758723
62412.0743 lsst_hardware_r 8.540811701366842 23.709999084472656 31.5 AB 2.964448568382417 1.0209914132540214
62412.0924 lsst_hardware_i -18.761973151903348 30.979999542236328 31.260000228881836 AB 3.5964323457699763 1.0158456865936532
62415.0605 lsst_hardware_z 11.530330938605383 41.400001525878906 30.950000762939453 AB 3.8884634975166543 1.024830598278121
62415.0791 lsst_hardware_r -10.149821235659875 23.959999084472656 31.530000686645508 AB 3.8532204047358594 1.0161892852365078
62417.0609 lsst_hardware_u 1.818568655993472 2.7564134467375094 28.43000030517578 AB 5.547773090346542 1.0208433324762363
62417.0801 lsst_hardware_r 0.6302844727584663 23.817495558871265 31.510000228881836 AB 5.353789553621939 1.0158993460383188
62419.0624 lsst_hardware_i -19.933540597243198 31.331819721953106 31.25 AB 2.465536464371558 1.0176252862508142
62419.079 lsst_hardware_z 12.48577996178527 41.334913628901674 30.950000762939453 AB 2.475995814003748 1.0164881891222188
62421.0624 lsst_hardware_r 45.18401932762181 25.92212698556516 31.530000686645508 AB 5.44407607877263 1.01623882624664
62421.0816 lsst_hardware_u 13.224679061177504 3.769853839857129 28.600000381469727 AB 5.440239514449451 1.0192486209740372
62424.041 lsst_hardware_y -15.447457755354636 49.6355636876198 30.059999465942383 AB 6.88788189621034 1.0213095607873974
62424.0586 lsst_hardware_g 2.3398438814597413 44.84156786737724 31.709999084472656 AB 5.9970376763323205 1.0158444441995969
62426.0436 lsst_hardware_r 474.4726230391601 85.79737042499498 31.65999984741211 AB 6.6187866290503 1.0175182498732174
62426.0622 lsst_hardware_i 445.57402512379826 71.62620537973207 31.34000015258789 AB 6.617315078367772 1.0170574944978066
62428.0299 lsst_hardware_z 373.1403119958611 71.673339869084 30.989999771118164 AB 4.167213492098298 1.0214175804808117
62428.0478 lsst_hardware_r 724.9777009197927 99.38881256236884 31.670000076293945 AB 3.832857387986711 1.015842230179601
62431.0053 lsst_hardware_i 926.2418305794096 77.5238433702953 31.329999923706055 AB 4.2967539192697135 1.036153029042976
62434.0116 lsst_hardware_y 332.59836785318475 51.27486871780118 30.059999465942383 AB 3.689566613732249 1.0226543947149025
62434.0285 lsst_hardware_r 1561.0845430028623 45.91956480157438 31.520000457763672 AB 3.6690182279392682 1.0160201858880145
62436.0123 lsst_hardware_y 414.82112121547476 51.8497812572269 30.049999237060547 AB 4.360652405066 1.0191218178785495
62436.0281 lsst_hardware_g 739.4365930663585 30.918791897814174 31.469999313354492 AB 4.343864372833131 1.0158907928903662
62441.0025 lsst_hardware_y 423.3365652455309 70.67014090692483 30.06999969482422 AB 4.272754347513768 1.0175647410130682
62441.0211 lsst_hardware_r 2182.609767513264 53.29891779601312 31.510000228881836 AB 4.269688909285076 1.0170163542630788
62651.4162 lsst_hardware_r -0.421193963962985 25.06999969482422 31.530000686645508 AB 13.213873167540026 1.0227917798822206
62651.4339 lsst_hardware_y 108.36988915537312 54.86000061035156 30.06999969482422 AB 12.919102474775654 1.0159721983938073
62653.4155 lsst_hardware_z -37.33208645813421 59.65999984741211 31.700000762939453 AB 6.335913996516482 1.01992015612104
62656.4047 lsst_hardware_g -23.137971170872945 15.890000343322754 31.479999542236328 AB 11.85896034790141 1.0213996251583972
62656.4251 lsst_hardware_y 52.1685682296021 48.0 30.049999237060547 AB 11.34186400979888 1.015931924919274
62673.3554 lsst_hardware_z 24.271208733262263 53.08000183105469 30.979999542236328 AB 3.427576585995844 1.0233099226737854
62673.3838 lsst_hardware_i -4.418698800452996 53.08000183105469 31.31999969482422 AB 3.0705475510693807 1.016737599691848
62677.3874 lsst_hardware_u -2.5458746681069875 3.140000104904175 28.510000228881836 AB 4.548673045365164 1.0238033676147793
62677.4078 lsst_hardware_g 25.570503218530472 17.469999313354492 31.5 AB 4.572119170447992 1.046151778918346
62679.3226 lsst_hardware_g -10.386717521455921 15.1899995803833 31.459999084472656 AB 7.082490144541741 1.039707889686104
62679.3429 lsst_hardware_r 30.809259405698885 23.920000076293945 31.510000228881836 AB 7.349855558486605 1.0208132720120284
62681.3412 lsst_hardware_i 31.64928808156694 31.010000228881836 31.25 AB 2.122841590551373 1.0188824528684293
62681.3629 lsst_hardware_z -35.79789697559275 41.20000076293945 30.950000762939453 AB 2.136677792763064 1.0169813387733213
62683.3418 lsst_hardware_r 36.60654240610747 33.7400016784668 32.2599983215332 AB 8.774235468983667 1.0167721732410409
62683.3629 lsst_hardware_g 7.723165481819774 21.31999969482422 32.209999084472656 AB 8.796815539600212 1.0189755055716805
62687.325 lsst_hardware_r 1.6519554818251319 23.709999084472656 31.520000457763672 AB 4.584610421136868 1.018802315808193
62687.3455 lsst_hardware_i 7.6998429249030345 30.93000030517578 31.260000228881836 AB 4.650817590012799 1.016720306787029
62689.3279 lsst_hardware_z 26.545043399985317 41.310001373291016 30.959999084472656 AB 1.5083035192528 1.016262898991183
62689.3494 lsst_hardware_i -14.9274073682894 31.110000610351562 31.260000228881836 AB 1.6231679029044574 1.0204324620103462
62696.304 lsst_hardware_r 19.99400092673268 98.37000274658203 31.65999984741211 AB 6.151649450973175 1.0174322019389168
62703.2427 lsst_hardware_r 39.60797807656832 41.5 31.600000381469727 AB 5.991114046314632 1.0622699590090807
62703.266 lsst_hardware_z -5.066477172118686 45.93000030517578 30.959999084472656 AB 4.82818724622472 1.0296105870538927
62705.1259 lsst_hardware_r -21.214876435011277 25.610000610351562 31.360000610351562 AB 9.800732629927214 1.6897814879184854
62708.2474 lsst_hardware_i -61.00759781179544 31.1299991607666 31.25 AB 10.42401973412434 1.0348561473380937
62708.2714 lsst_hardware_z -84.0761235446562 41.04999923706055 30.940000534057617 AB 10.658081702717388 1.0173808421837904
62712.2346 lsst_hardware_g -21.172790860879854 21.450000762939453 32.20000076293945 AB 4.666858143447696 1.0370795874328214
62712.2572 lsst_hardware_r -8.989038954614886 33.849998474121094 32.2599983215332 AB 4.48475247982395 1.0186060066980995
62717.2153 lsst_hardware_i -18.201320508237302 31.450000762939453 31.25 AB 1.53766029277093 1.0445470429239263
62717.2366 lsst_hardware_z -36.32948355353803 41.310001373291016 30.940000534057617 AB 1.5957984033174313 1.0224015397655726
62721.218 lsst_hardware_r -27.24769387306337 55.470001220703125 32.36000061035156 AB 3.1884218553159256 1.0285231791341696
62721.2394 lsst_hardware_g -6.9267507338461245 45.900001525878906 32.43000030517578 AB 3.1510643744826545 1.0164723788653725
62724.1919 lsst_hardware_z -120.09864071863845 64.31999969482422 30.989999771118164 AB 7.845871317811138 1.051020940095263
62724.2139 lsst_hardware_r 21.562433493524917 88.16999816894531 31.65999984741211 AB 6.669382656170021 1.025007580353999
