data/validation/pwv_sim_epoch_fit_seasonal/17444357.ecsv
# %ECSV 0.9
# ---
# datatype:
# - {name: time, datatype: float64}
# - {name: band, datatype: string}
# - {name: flux, datatype: float64}
# - {name: fluxerr, datatype: float64}
# - {name: zp, datatype: float64}
# - {name: zpsys, datatype: string}
# - {name: pwv, datatype: float64}
# - {name: airmass, datatype: float64}
# meta: {SNID: '17444357', alt: 1024.0, c: 0.04218364879488945, dec: 4.031936, lat: -30.244573, lon: -70.7499537, ra: 320.273438, t0: 60072.359375,
#   x0: 2.523319996803764e-05, x1: 1.3627382516860962, z: 0.3104759156703949}
# schema: astropy-2.0
time band flux fluxerr zp zpsys pwv airmass
60082.383 lsst_hardware_i 5854.96277967982 121.0191276007574 31.290000915527344 AB 10.003169142107577 1.2740726596893408
60082.4025 lsst_hardware_y 530.181397570596 129.56862009560683 30.010000228881836 AB 9.631344737088009 1.233522635385247
60085.4316 lsst_hardware_i 5194.772449847016 119.64179320618557 31.309999465942383 AB 7.727748049747275 1.2131472605568325
60100.3634 lsst_hardware_i 3420.240899957097 111.77308440255231 31.309999465942383 AB 6.339538421595931 1.221000899753711
60100.3847 lsst_hardware_z 2183.943308262653 127.91084884151017 30.979999542236328 AB 5.573707243835957 1.2116754877904257
60111.3212 lsst_hardware_u -37.25389710603994 30.71591286316895 29.329999923706055 AB 8.015432794464495 1.2369017853423085
60118.3322 lsst_hardware_r 1111.3927302905772 91.81121224280278 31.610000610351562 AB 3.1639910753931004 1.2116381447766216
60118.3527 lsst_hardware_i 2154.3207532779597 105.65169532330384 31.309999465942383 AB 4.2390489504066435 1.2208363310265196
60121.3057 lsst_hardware_r 1030.0248910576934 91.0841172411936 31.610000610351562 AB 6.750984576146459 1.2213818434711965
60121.3272 lsst_hardware_g 240.94588578091293 95.68825129870045 31.65999984741211 AB 6.670276811724058 1.2116760784240115
60128.3098 lsst_hardware_z 2072.4076054313623 174.71381750848244 31.729999542236328 AB 7.805120248637879 1.2119124654994053
60130.2618 lsst_hardware_r 866.7925377681034 89.84900118691019 31.600000381469727 AB 4.978865642089568 1.2508403162373039
60130.282 lsst_hardware_i 1451.9769772486807 102.29305971062112 31.309999465942383 AB 4.89638727324447 1.2205369189641389
60137.2799 lsst_hardware_i 1083.7491418843515 101.64933757266357 31.309999465942383 AB 9.184385093369913 1.2116869447485374
60137.3025 lsst_hardware_z 731.2945238833688 122.34100820193588 30.979999542236328 AB 9.297513741179724 1.2225527601814234
60141.281 lsst_hardware_u 1.8750794636763766 30.770000457763672 29.34000015258789 AB 3.9626674047735957 1.2142385183923996
60141.3078 lsst_hardware_g -83.91198508585946 93.06999969482422 31.639999389648438 AB 3.4820738997651626 1.2468634160052985
60143.2687 lsst_hardware_r -151.11848283108074 85.61000061035156 31.610000610351562 AB 2.2778646578972173 1.2118987317564447
60143.2873 lsst_hardware_i 37.81370254718031 95.7300033569336 31.299999237060547 AB 2.2994056310960818 1.2238475815290064
60151.2257 lsst_hardware_i 116.04709533168692 95.87000274658203 31.309999465942383 AB 12.309732508074212 1.2195904070086736
60151.2468 lsst_hardware_z -225.81945417227053 119.36000061035156 30.979999542236328 AB 12.246893936183794 1.211893814757564
60159.1767 lsst_hardware_z -79.14533389046302 172.60000610351562 31.729999542236328 AB 2.812100860969395 1.264149634061315
60163.2095 lsst_hardware_z -35.292534137067726 169.02000427246094 31.729999542236328 AB 3.820770074802166 1.2116607002543867
60166.2074 lsst_hardware_g 118.2391496194405 94.38999938964844 31.670000076293945 AB 5.023862561389681 1.2122245382587107
60166.2286 lsst_hardware_r 4.931600339897409 85.70999908447266 31.610000610351562 AB 5.760199161613749 1.22890802957251
60177.1902 lsst_hardware_u 30.786473359932483 30.739999771118164 29.34000015258789 AB 2.095802776284194 1.2195535503544919
60177.2099 lsst_hardware_g -219.50518028272677 93.2699966430664 31.639999389648438 AB 1.8064991485311335 1.247654088194164
60180.1749 lsst_hardware_r -187.76219024552458 85.94000244140625 31.6200008392334 AB 3.6295237251436556 1.214462947933075
60180.1929 lsst_hardware_i -61.37229025213981 95.94000244140625 31.309999465942383 AB 3.6766765973751117 1.2324744166853272
60182.1551 lsst_hardware_z -81.4870560325698 168.83999633789062 31.729999542236328 AB 2.6219265063417616 1.2119845175693813
60184.1128 lsst_hardware_r 144.47292564806708 85.16000366210938 31.600000381469727 AB 4.422555982095516 1.254181065464875
60184.1315 lsst_hardware_z 30.12048849877922 119.13999938964844 30.979999542236328 AB 4.772613338010418 1.223747009746261
60194.1203 lsst_hardware_r 32.427968005231705 121.3499984741211 32.36000061035156 AB 2.0072525609090324 1.2124751198484036
60194.1437 lsst_hardware_u 5.341736458861026 43.70000076293945 30.100000381469727 AB 2.513667735160364 1.2194870758813168
60196.0946 lsst_hardware_i -77.60683722390125 95.76000213623047 31.299999237060547 AB 3.1339092238227697 1.2288233788352254
60196.1126 lsst_hardware_z -200.03052740067278 119.31999969482422 30.979999542236328 AB 3.1204834391395146 1.2132517259484894
60199.095 lsst_hardware_r -12.633967094102625 85.5 31.610000610351562 AB 3.550590846778483 1.2192963072728307
60199.1136 lsst_hardware_g -23.530295054662776 93.83999633789062 31.649999618530273 AB 3.5365804797345612 1.2116763956264023
60201.093 lsst_hardware_r -24.737073280701356 85.80999755859375 31.610000610351562 AB 1.4857080046675628 1.2165469843746677
60201.1117 lsst_hardware_i 70.28450326216195 96.06999969482422 31.309999465942383 AB 1.548594420035885 1.2122069824155657
60209.0713 lsst_hardware_g 198.33721647680738 133.32000732421875 32.41999816894531 AB 3.0776135023877993 1.2164480246592093
60209.0938 lsst_hardware_r 230.12939316616192 121.37000274658203 32.369998931884766 AB 3.982843352059504 1.2135415454172773
60218.0322 lsst_hardware_u 26.750678017100842 30.40999984741211 29.31999969482422 AB 7.512250241121863 1.2320887146141972
60218.0515 lsst_hardware_r -48.63435973411906 85.55999755859375 31.610000610351562 AB 6.959138335409566 1.2136973523371766
60223.0351 lsst_hardware_r -84.73257652780698 85.80999755859375 31.610000610351562 AB 4.154159565662874 1.2151402785675334
60223.0542 lsst_hardware_u -35.502678152434704 31.1200008392334 29.3700008392334 AB 4.5796482594136245 1.2129911957128194
60228.9991 lsst_hardware_y -174.2547040682753 127.69999694824219 30.020000457763672 AB 6.5187212893150175 1.2368316647974609
60229.0188 lsst_hardware_r -54.42822270098104 85.87000274658203 31.610000610351562 AB 7.467947908749275 1.2150907759111664
60238.0008 lsst_hardware_y -227.21332036865633 131.07000732421875 30.020000457763672 AB 4.009297974919883 1.2123059945330494
60238.0187 lsst_hardware_z -82.89894635970148 122.38999938964844 30.979999542236328 AB 4.061636251385172 1.2157554257077094
60240.0026 lsst_hardware_y 92.35930048504878 128.10000610351562 30.020000457763672 AB 4.79493758630633 1.2117608254501717
60240.02 lsst_hardware_r -6.858655044077182 85.80000305175781 31.610000610351562 AB 4.767926138186437 1.2212925558879193
60447.4018 lsst_hardware_g 15.842463744230765 15.449999809265137 31.399999618530273 AB 9.79137640469808 1.235764796554238
60447.4238 lsst_hardware_y -20.662239953666873 50.849998474121094 30.0 AB 9.985112313603517 1.2135527848327075
60458.4092 lsst_hardware_z -5.573409905771536 61.970001220703125 30.959999084472656 AB 9.883571542522077 1.2127577662712834
60458.4323 lsst_hardware_y 5.034288879459322 62.630001068115234 30.0 AB 9.771155467273156 1.2342512169186821
60460.3632 lsst_hardware_r -35.0585230846299 50.400001525878906 31.579999923706055 AB 8.82769269579462 1.2410064708239767
60460.3852 lsst_hardware_z -28.054034702811432 51.66999816894531 30.950000762939453 AB 8.992312680429466 1.215177389247225
60462.3635 lsst_hardware_g -14.112141536951853 29.479999542236328 32.25 AB 10.780990456972171 1.2317378083219022
60462.3877 lsst_hardware_r 15.285789548192142 40.0099983215332 32.2599983215332 AB 9.272564503472635 1.2120207180541156
60464.365 lsst_hardware_i -12.02945188908595 32.63999938964844 31.229999542236328 AB 14.790322438016418 1.222947117414951
60464.3869 lsst_hardware_z 38.99058875998989 44.08000183105469 30.93000030517578 AB 14.072161140190426 1.211654997433323
60466.3685 lsst_hardware_r -13.135487125617466 34.15999984741211 32.220001220703125 AB 6.595844512582507 1.2153758084729145
60466.3911 lsst_hardware_g 9.646122342911312 20.719999313354492 32.130001068115234 AB 5.3466870581158314 1.2143741662071768
60485.3154 lsst_hardware_i -106.6752170111099 85.38999938964844 31.299999237060547 AB 4.8839965382797965 1.2161850686731337
60485.3381 lsst_hardware_z 27.242828910200487 74.77999877929688 30.969999313354492 AB 4.39983229771591 1.2138305532011613
60487.2875 lsst_hardware_z -23.56488445151395 67.22000122070312 30.959999084472656 AB 8.961537633189955 1.244658004609716
60487.3108 lsst_hardware_r -24.734024724538813 83.01000213623047 31.610000610351562 AB 8.175669705055176 1.215622586433005
60490.2907 lsst_hardware_y -36.71027505906351 49.84000015258789 29.989999771118164 AB 4.2763388252053085 1.2268352754724994
60490.3127 lsst_hardware_g -14.311568277775429 27.670000076293945 31.579999923706055 AB 4.271339111202295 1.2118133516426115
60493.2922 lsst_hardware_r -5.362042170913532 23.829999923706055 31.459999084472656 AB 7.798336114928055 1.2171587505740877
60493.3138 lsst_hardware_i 18.491879814626802 32.209999084472656 31.229999542236328 AB 7.787232894206661 1.2128386814775196
60495.2603 lsst_hardware_z -61.05987205462144 44.220001220703125 30.93000030517578 AB 5.065786248791914 1.2555909322628704
60495.2804 lsst_hardware_r 17.335214886102214 23.889999389648438 31.469999313354492 AB 4.872383156388564 1.2229365797252993
60497.3048 lsst_hardware_u -1.6063633927367786 2.619999885559082 28.299999237060547 AB 1.7943018681808673 1.2135961232200658
60497.3237 lsst_hardware_r -23.163937974017017 23.93000030517578 31.469999313354492 AB 1.8232025495892366 1.231131089700683
60499.2964 lsst_hardware_i -12.365010343756516 32.290000915527344 31.229999542236328 AB 2.1291851759985065 1.2125200318898102
60499.3166 lsst_hardware_z 3.0675808637310076 44.040000915527344 30.940000534057617 AB 2.1091448452415276 1.228866680078575
60501.2967 lsst_hardware_r -6.263552618475132 23.860000610351562 31.469999313354492 AB 10.418396637194945 1.2150442168284021
60501.3179 lsst_hardware_u 5.845490523192073 2.619999885559082 28.290000915527344 AB 10.595425861086493 1.2391586294470132
60503.2579 lsst_hardware_u -0.5752363398203921 2.680000066757202 28.34000015258789 AB 7.626272601341405 1.2236625022209024
60503.2779 lsst_hardware_g -6.197721130422556 14.489999771118164 31.389999389648438 AB 7.551225712176973 1.2117505823231303
60506.2576 lsst_hardware_r -13.651958976781247 23.809999465942383 31.459999084472656 AB 3.9439656665007714 1.2165224140964748
60506.2789 lsst_hardware_i -17.668262911467348 32.220001220703125 31.219999313354492 AB 3.902418547333448 1.2130614073153398
60508.2614 lsst_hardware_z 98.12105559268956 50.150001525878906 30.940000534057617 AB 2.2700664941449866 1.2122106590307866
60508.2807 lsst_hardware_r 4.632641480865309 48.310001373291016 31.579999923706055 AB 2.2958826026024823 1.2171139437723004
60516.2465 lsst_hardware_r -34.28473290251575 105.18000030517578 32.349998474121094 AB 12.272996856647067 1.2118187017497657
60516.2675 lsst_hardware_z -100.9265462237082 86.16999816894531 31.700000762939453 AB 13.109363052574842 1.2254795325228882
60520.2118 lsst_hardware_u 3.9229603592035796 2.5899999141693115 28.260000228881836 AB 5.504978774201698 1.2233286164892663
60520.2328 lsst_hardware_g -5.162003884014658 14.640000343322754 31.3799991607666 AB 5.452605714251583 1.2116901587225741
60529.2139 lsst_hardware_u 1.3666216543220042 2.7100000381469727 28.360000610351562 AB 3.758367939140782 1.2123767545615425
60529.2469 lsst_hardware_r -22.761991089935822 24.440000534057617 31.469999313354492 AB 3.8729347176831075 1.2493337798977766
60535.164 lsst_hardware_y -8.179003560014278 50.349998474121094 29.989999771118164 AB 3.673543269837168 1.2320780133051794
60535.1838 lsst_hardware_g -46.13055583507486 29.649999618530273 31.59000015258789 AB 2.8517438083569466 1.2135080035561476
60537.1492 lsst_hardware_r 39.69959191774277 51.70000076293945 31.579999923706055 AB 6.578807671271457 1.248153234075217
60537.1677 lsst_hardware_i 19.03472229541079 46.970001220703125 31.280000686645508 AB 5.951196118589945 1.2209460160209151
60539.1928 lsst_hardware_z 0.48179958930628175 92.13999938964844 31.719999313354492 AB 3.7587549431325704 1.2149838195666105
60539.2151 lsst_hardware_r 103.31630504915609 122.04000091552734 32.36000061035156 AB 3.0958875112151216 1.2408366778417321
60543.1683 lsst_hardware_i 148.09853756326288 96.8499984741211 31.309999465942383 AB 3.02479100223034 1.2118149109192426
60543.1892 lsst_hardware_z -4.190143049962553 83.94999694824219 30.969999313354492 AB 3.0207314762536885 1.2205797600863446
60546.1712 lsst_hardware_r 19.4472363490338 43.31999969482422 31.56999969482422 AB 4.637585275793413 1.2137098340207833
60546.1916 lsst_hardware_z -2.869920843738744 50.45000076293945 30.940000534057617 AB 4.7709121798806855 1.233643901020691
60549.1135 lsst_hardware_u -4.262278468675903 3.8499999046325684 29.110000610351562 AB 4.404692420433111 1.2542430127947735
60549.1326 lsst_hardware_g 26.910328611257864 21.06999969482422 32.150001525878906 AB 4.77113330498572 1.2233675140989027
60553.114 lsst_hardware_r -26.26535956238215 24.270000457763672 31.469999313354492 AB 1.316811150729922 1.2333541842615565
60553.1315 lsst_hardware_i 1.8182687158503092 32.459999084472656 31.229999542236328 AB 1.5796530955939247 1.2151177658414805
60557.0922 lsst_hardware_r -5.984918860645005 24.1299991607666 31.469999313354492 AB 1.875236722026161 1.253081671918584
60557.1123 lsst_hardware_u 2.6813045121620194 2.640000104904175 28.309999465942383 AB 1.8067530951276665 1.221742203399752
60568.0931 lsst_hardware_r -36.202468437959624 102.19000244140625 31.6200008392334 AB 4.369631067368039 1.213786407602233
60568.111 lsst_hardware_i 164.88380631387187 81.5199966430664 31.299999237060547 AB 4.369177932798975 1.213660536888604
60571.0688 lsst_hardware_i -90.11884438554242 94.73999786376953 31.309999465942383 AB 6.820595488469385 1.227829970921696
60571.0899 lsst_hardware_z 145.2547140157203 81.45999908447266 30.979999542236328 AB 6.718841738975272 1.2121309289148967
60577.0684 lsst_hardware_z -82.81951635325453 43.369998931884766 30.93000030517578 AB 5.447338108443357 1.2138464179847406
60577.0879 lsst_hardware_r -12.535415761037298 23.829999923706055 31.469999313354492 AB 6.111933772353709 1.2143718999311957
60582.0666 lsst_hardware_z 13.043006327726177 43.63999938964844 30.93000030517578 AB 4.493877421135066 1.2118865803770795
60582.0853 lsst_hardware_r 14.641279769054627 23.829999923706055 31.459999084472656 AB 4.747068916322857 1.2232349201373078
60584.0307 lsst_hardware_r 1.838216536857343 24.100000381469727 31.479999542236328 AB 6.140089063503813 1.2313835945257996
60584.0493 lsst_hardware_u -1.7454490699369563 2.7699999809265137 28.420000076293945 AB 5.889252258973883 1.2138408324778192
60586.0307 lsst_hardware_g 28.354927806802994 14.449999809265137 31.3799991607666 AB 2.9719134019693363 1.224353227946719
60586.049 lsst_hardware_i 1.2047429417415596 32.33000183105469 31.229999542236328 AB 2.8238397308479217 1.2121217903196115
60593.9986 lsst_hardware_y -8.237707355310585 57.439998626708984 30.0 AB 6.4729108237658535 1.2388938846386628
60594.0189 lsst_hardware_z 18.27577237027385 48.75 30.950000762939453 AB 7.339306183339001 1.2155194076414377
60599.0019 lsst_hardware_y 35.327499558341174 62.029998779296875 30.010000228881836 AB 8.633167961692093 1.2178831884264216
60599.0207 lsst_hardware_i 85.67105207374188 81.93000030517578 31.309999465942383 AB 8.569385395007494 1.2119628599387955
60603.0019 lsst_hardware_y 119.3699583535671 55.43000030517578 30.0 AB 4.014239144422497 1.2122727434334095
60603.02 lsst_hardware_g 9.955215942247213 14.869999885559082 31.40999984741211 AB 4.016774267194598 1.2162215181251306
60607.0047 lsst_hardware_y -22.756881124058097 54.15999984741211 30.0 AB 4.37375095410801 1.2137507851000444
60607.0215 lsst_hardware_r 12.033939320282265 24.34000015258789 31.479999542236328 AB 4.445471609418076 1.2286247797742214
