data/validation/pwv_sim_epoch_fit_seasonal/17574471.ecsv
# %ECSV 0.9
# ---
# datatype:
# - {name: time, datatype: float64}
# - {name: band, datatype: string}
# - {name: flux, datatype: float64}
# - {name: fluxerr, datatype: float64}
# - {name: zp, datatype: float64}
# - {name: zpsys, datatype: string}
# - {name: pwv, datatype: float64}
# - {name: airmass, datatype: float64}
# meta: {SNID: '17574471', alt: 1024.0, c: -0.14921586215496063, dec: -18.209957, lat: -30.244573, lon: -70.7499537, ra: 236.425781, t0: 60814.42578125,
#   x0: 4.410908622661985e-06, x1: 1.0267174243927002, z: 0.6446207761764526}
# schema: astropy-2.0
time band flux fluxerr zp zpsys pwv airmass
60738.3881 lsst_hardware_z 8.540452064844816 42.40999984741211 30.950000762939453 AB 7.103973314791502 1.0260297259131976
60740.3853 lsst_hardware_u -1.930172864313145 2.9000000953674316 28.469999313354492 AB 7.673997026563078 1.0247823229071225
60740.4027 lsst_hardware_y -117.71259648140273 65.41999816894531 30.06999969482422 AB 7.531171735637216 1.0225970651600396
60742.386 lsst_hardware_r -16.961481671269006 25.020000457763672 31.530000686645508 AB 8.732390120306341 1.0228275397137643
60742.4035 lsst_hardware_z -31.04950297227452 60.68000030517578 30.989999771118164 AB 8.741165729185672 1.0243353523390957
60749.2585 lsst_hardware_z -79.56258395642757 73.02999877929688 30.959999084472656 AB 11.246177104138676 1.2926640349584686
60751.3795 lsst_hardware_z -12.668626655412336 69.97000122070312 30.989999771118164 AB 9.315296619140922 1.0245596809437998
60751.4007 lsst_hardware_i -75.98904673217517 80.05999755859375 31.34000015258789 AB 9.424691268418636 1.0410189177192897
60753.3538 lsst_hardware_z 72.05970506822165 72.69000244140625 31.0 AB 6.671667401164082 1.0233665100466431
60753.3731 lsst_hardware_r -29.0196386985759 95.80000305175781 31.670000076293945 AB 6.705913805771192 1.0241945484186705
60757.3411 lsst_hardware_r 34.540079739226435 32.150001525878906 31.59000015258789 AB 6.147928091381713 1.0239293985729763
60757.3608 lsst_hardware_i 0.7599715684059187 35.40999984741211 31.290000915527344 AB 6.155331848654138 1.0237132507844526
60759.3418 lsst_hardware_r 2.5334325864788805 25.229999542236328 31.540000915527344 AB 6.778270110950089 1.0224406231163874
60759.3612 lsst_hardware_g 13.242404758275876 17.079999923706055 31.530000686645508 AB 6.812136573203305 1.0262075231419356
60763.3222 lsst_hardware_i 13.173319502573587 31.559999465942383 31.270000457763672 AB 7.600063620205772 1.0249119329595124
60763.3397 lsst_hardware_z 20.419003232055267 41.63999938964844 30.959999084472656 AB 9.006196799691727 1.022559954549169
60766.3222 lsst_hardware_r 8.410748816462439 24.15999984741211 31.520000457763672 AB 5.132153442554298 1.0225110627702403
60766.3395 lsst_hardware_u 2.6719458484435687 2.8299999237060547 28.5 AB 6.222526276756262 1.0249590309267569
60768.3237 lsst_hardware_g 29.39330421606314 15.270000457763672 31.459999084472656 AB 5.890144837066699 1.022269214729114
60768.3422 lsst_hardware_r 34.57930857391894 24.100000381469727 31.510000228881836 AB 5.887210013167494 1.0296825558666598
60770.3129 lsst_hardware_i 50.22412652040528 31.190000534057617 31.25 AB 7.052897551994412 1.0223072259739459
60770.3318 lsst_hardware_z 15.402678299717472 41.47999954223633 30.940000534057617 AB 7.077523080538344 1.026546244185682
60772.309 lsst_hardware_r 7.290008017952349 24.139999389648438 31.520000457763672 AB 8.567787239118287 1.0221955127650295
60772.3281 lsst_hardware_g 4.032186567142776 15.420000076293945 31.479999542236328 AB 8.606805448313947 1.0275657925975035
60777.2934 lsst_hardware_z 120.99199373657007 71.97000122070312 31.0 AB 6.782508316606598 1.0223474117807736
60777.3104 lsst_hardware_i 4.574470757661182 83.16000366210938 31.34000015258789 AB 6.817242671173186 1.0253805627093608
60779.3031 lsst_hardware_z -217.73696710622883 128.13999938964844 31.75 AB 7.458481031665158 1.0245752662124101
60785.2677 lsst_hardware_r 37.87244452366965 40.58338340747086 31.610000610351562 AB 3.674127253169539 1.0230300725812578
60785.2849 lsst_hardware_g 9.510971568001198 37.70980217962773 31.690000534057617 AB 3.675350162514042 1.023893254792072
60791.2607 lsst_hardware_r 299.94085723328345 29.188013391172067 31.530000686645508 AB 6.151908685336351 1.0222513601422982
60791.2783 lsst_hardware_i 199.11629817753337 34.7443071536408 31.260000228881836 AB 6.317904085999685 1.0289047843115453
60793.2489 lsst_hardware_z 276.9978056507311 44.302924284781554 30.950000762939453 AB 2.2309838858455353 1.0224490769227934
60793.2672 lsst_hardware_i 294.8749887029963 36.660592203972186 31.260000228881836 AB 2.783507680791257 1.0256107887955994
60799.2461 lsst_hardware_r 1064.3357397018663 40.884670822373764 31.530000686645508 AB 9.728734227433945 1.02370013441722
60799.2654 lsst_hardware_i 813.5376334459424 41.91249932505014 31.260000228881836 AB 9.567938091308536 1.036425862932862
60801.2247 lsst_hardware_i 926.0932296906735 47.285439158829355 31.290000915527344 AB 2.372038644387635 1.0228713429873373
60801.2443 lsst_hardware_z 588.2908616560079 48.12508666020282 30.950000762939453 AB 2.4546385907756885 1.0251153020570845
60803.2267 lsst_hardware_r 1724.525841583348 70.55188902453146 31.649999618530273 AB 9.174595808244705 1.022182141189316
60803.2462 lsst_hardware_z 677.5490036579375 57.32336732019838 30.979999542236328 AB 9.222334201251886 1.0293645340013824
60805.2236 lsst_hardware_r 1909.9003794055113 107.85933306206434 31.670000076293945 AB 6.338623349849339 1.0223586048144095
60805.243 lsst_hardware_i 1182.785677869683 86.65916447606698 31.34000015258789 AB 6.392511650242297 1.0310502661681125
60807.2112 lsst_hardware_z 654.3316804003318 108.7580687512379 31.010000228881836 AB 11.494369135711874 1.0223805684296132
60807.2312 lsst_hardware_i 1463.7736155558048 129.55338768644185 31.350000381469727 AB 11.53969037863462 1.0267770329115444
60809.2022 lsst_hardware_z 1783.0328980147347 145.61347144872025 31.760000228881836 AB 6.038394198385266 1.0230231594045436
60811.19 lsst_hardware_r 2151.3311593000394 92.8172940424172 31.65999984741211 AB 5.535280052454894 1.025431651066116
60811.2104 lsst_hardware_i 1333.2425041260726 76.52145389324046 31.34000015258789 AB 5.400724169214154 1.0228967143939178
60816.1662 lsst_hardware_r 1642.5935688288232 47.6165613681735 31.530000686645508 AB 7.387521390815482 1.0320289722789064
60816.1861 lsst_hardware_g 447.3637536166826 26.631227271353342 31.5 AB 7.756553034025428 1.022448908752734
60822.1553 lsst_hardware_r 1365.859567785219 44.58379317666132 31.530000686645508 AB 5.557805339457806 1.0280175114602268
60822.1776 lsst_hardware_i 1126.1810264988071 46.585834203621516 31.270000457763672 AB 5.078306350626155 1.0224091706514566
60825.153 lsst_hardware_z 882.5071412284935 50.071482870321574 30.950000762939453 AB 12.32347101576086 1.024877693767727
60825.1752 lsst_hardware_i 1121.3418670563613 45.30073871994388 31.260000228881836 AB 12.694232562965746 1.0237284324972376
60827.1615 lsst_hardware_u 1.828589978389812 3.042133863869123 28.549999237060547 AB 7.329478860869805 1.0221949970995667
60827.1832 lsst_hardware_g 215.54334768268868 21.507894394338308 31.489999771118164 AB 7.689082372696497 1.0312610478401953
60841.0893 lsst_hardware_i 632.8517771147832 53.02461148676877 31.299999237060547 AB 12.918678726068721 1.040535253299491
60841.1105 lsst_hardware_z 493.0818895731982 54.904277534693705 30.969999313354492 AB 12.708331964139987 1.0243904612087082
60843.1363 lsst_hardware_z 501.432968216569 48.724211963308996 30.959999084472656 AB 5.41469697081221 1.028888454043364
60843.1609 lsst_hardware_r 912.7090621875457 57.37794394990449 32.34000015258789 AB 5.506195867165953 1.0566486024114703
60843.1738 lsst_hardware_g 49.8145216783284 35.37376167820094 31.65999984741211 AB 5.531374778335587 1.0806280499483434
60845.1056 lsst_hardware_u 5.7235078168427584 3.2299424532166343 28.520000457763672 AB 3.7534252137821182 1.0226620022565542
60845.1271 lsst_hardware_r 380.090577943017 30.719843023290025 31.530000686645508 AB 3.90101869807831 1.0265838679153447
60850.0765 lsst_hardware_r 265.5824042807805 28.885462938323485 31.510000228881836 AB 3.5006615302579895 1.0296063324288205
60850.0938 lsst_hardware_u -3.503266771406304 3.2549509234459357 28.520000457763672 AB 3.866639837651762 1.0223796503574198
60853.0661 lsst_hardware_g 39.61230362630945 16.799618162555266 31.489999771118164 AB 7.740426337319596 1.0312776574125961
60853.0861 lsst_hardware_r 222.73222367178803 28.318458669008148 31.530000686645508 AB 7.974128676541475 1.022324189300189
60862.0451 lsst_hardware_z 333.6355790114516 72.91005981961197 31.0 AB 6.397571640040801 1.0286587479966987
60862.0648 lsst_hardware_r 144.77739818353237 95.62373236723508 31.670000076293945 AB 6.358379440071153 1.0221653307726313
60864.0302 lsst_hardware_z 430.93149530975876 81.61562781097157 31.0 AB 0.8826310438119186 1.0365602393563342
60864.0504 lsst_hardware_r 8.454288116004662 116.79136850066767 31.670000076293945 AB 1.9276907928747902 1.0234620615209649
60866.0281 lsst_hardware_i 18.21403002873891 86.2752517913537 31.34000015258789 AB 8.448844096682054 1.0333818752248438
60866.0485 lsst_hardware_z 248.44923932274395 75.36399689959208 31.0 AB 8.57721793999031 1.022619128463816
60869.0314 lsst_hardware_r 105.34376921094263 55.11524345933666 31.639999389648438 AB 5.956358758387482 1.0255438633586897
60869.0508 lsst_hardware_z 154.71792426632422 54.135216379857205 30.979999542236328 AB 6.347738803867603 1.022646747662799
60871.008 lsst_hardware_u 0.5374665566218748 3.25027400043744 28.469999313354492 AB 5.557859730692665 1.0398402963612152
60871.0284 lsst_hardware_g 30.204581995636527 15.460716084951025 31.459999084472656 AB 5.591607405398951 1.0244635458842162
60876.0081 lsst_hardware_r 67.911959436002 26.1651359774424 31.510000228881836 AB 2.983201727803282 1.027863234571017
60876.0257 lsst_hardware_i 106.6060081529725 33.314782035479496 31.260000228881836 AB 3.0120010437700913 1.0221722999219767
60877.9953 lsst_hardware_z 107.27538887718045 43.398016732736494 30.950000762939453 AB 5.641567200117493 1.033411790587848
60878.014 lsst_hardware_r 112.40266802614377 26.082188764763824 31.520000457763672 AB 6.153624508288155 1.0229756057277533
60879.9951 lsst_hardware_u 4.827156016515055 3.2206935949299957 28.549999237060547 AB 5.800117577011485 1.0292412593774076
60880.0138 lsst_hardware_r 82.63686012250254 26.278065630399244 31.530000686645508 AB 6.3976755329683215 1.0222106198820284
60882.0014 lsst_hardware_i 103.13191152688287 33.21742648007013 31.260000228881836 AB 9.360863254105816 1.0234179942535513
60882.0181 lsst_hardware_z 147.39874597212747 43.09902122737527 30.950000762939453 AB 9.366320203831334 1.0232874091477997
60884.9777 lsst_hardware_y 38.99982996324743 48.56758581712149 30.049999237060547 AB 4.569928499904212 1.032110778590456
60884.9988 lsst_hardware_r 172.78568742956386 37.92626977897475 32.290000915527344 AB 4.526818158499067 1.0223166572942788
60885.0195 lsst_hardware_u 3.9716249962266206 3.202464827749642 28.59000015258789 AB 4.555011573660384 1.0275234770269306
60888.9778 lsst_hardware_z 134.722654736907 54.67840020782114 30.979999542236328 AB 3.96917680836359 1.025075254500443
60888.9966 lsst_hardware_i 83.34334879853846 51.99134282631932 31.309999465942383 AB 4.055955725854707 1.0227247049854273
60892.9654 lsst_hardware_y 74.63311999845388 75.29421548693078 30.06999969482422 AB 0.8958416494312045 1.0257728810280968
60892.9864 lsst_hardware_r 125.4755290139149 83.57048918201303 31.65999984741211 AB 0.7992061660076188 1.0228747858459286
60894.9662 lsst_hardware_y 172.50713107921052 105.48485489387993 30.829999923706055 AB 3.379983400068063 1.0233329330343575
60894.9866 lsst_hardware_z 122.4018038927506 87.9233392650719 31.739999771118164 AB 3.443738017803953 1.0246678952057386
61103.3862 lsst_hardware_r -63.15074744223096 85.31999969482422 31.65999984741211 AB 7.084860935206053 1.0274739406909497
61105.3894 lsst_hardware_r 12.644579417165652 85.91000366210938 31.65999984741211 AB 7.512375060229157 1.0235308225027238
61107.3941 lsst_hardware_z -30.377916519830343 106.01000213623047 31.75 AB 8.711527368751954 1.0221798027283018
61109.3732 lsst_hardware_i -35.094360628313964 55.83000183105469 31.31999969482422 AB 8.61320944857547 1.0256262739432565
61109.3924 lsst_hardware_y -5.116525055120915 52.5099983215332 30.059999465942383 AB 9.489285185032385 1.0225706480036334
61111.3746 lsst_hardware_r 6.620050023766962 34.619998931884766 31.59000015258789 AB 6.9966501253829945 1.0230890331395466
61111.3938 lsst_hardware_y 18.065487550852776 49.2400016784668 30.049999237060547 AB 7.431918733826809 1.0245269828821075
61116.3553 lsst_hardware_r -20.185650328034576 24.399999618530273 31.510000228881836 AB 9.014036978759007 1.0250601166095683
61116.3759 lsst_hardware_u 3.0099115212327976 2.799999952316284 28.459999084472656 AB 9.296450958062804 1.0231245780912261
61118.3577 lsst_hardware_g 7.964772277142503 15.550000190734863 31.469999313354492 AB 6.663182577274222 1.022614028997203
61118.3769 lsst_hardware_r 16.05659083534956 24.350000381469727 31.510000228881836 AB 6.454842831154122 1.0255006351460236
61120.3533 lsst_hardware_i -27.954233629170695 31.479999542236328 31.260000228881836 AB 5.953615990731068 1.0224456799824375
61120.3737 lsst_hardware_z 11.364836884209248 41.58000183105469 30.950000762939453 AB 6.052656436167605 1.0266715277971992
61122.3407 lsst_hardware_r 49.38050921527867 24.270000457763672 31.520000457763672 AB 6.1899667521345565 1.0243201641791422
61122.3606 lsst_hardware_u -1.732737068192551 2.8499999046325684 28.510000228881836 AB 6.213451027702373 1.0234220346225986
61124.3462 lsst_hardware_i 16.87196229863883 31.309999465942383 31.25 AB 6.786607775605977 1.0221564538905004
61124.3638 lsst_hardware_z -5.162985979299433 41.5 30.950000762939453 AB 6.801132670313728 1.0272579806132909
61126.3224 lsst_hardware_z 51.56921375073012 41.47999954223633 30.950000762939453 AB 7.126017301372707 1.0280998811718964
61126.3399 lsst_hardware_r -8.896504537959748 24.219999313354492 31.520000457763672 AB 7.961993247531535 1.0221771348373123
61128.3236 lsst_hardware_y 13.429880510021126 46.97999954223633 30.049999237060547 AB 7.593349104413184 1.0246051955759254
61128.3415 lsst_hardware_g 19.06532328794426 15.399999618530273 31.469999313354492 AB 9.055156103329097 1.022748112757769
61130.3223 lsst_hardware_r 91.76175366754286 72.94999694824219 31.649999618530273 AB 4.1538443101769476 1.0231983685467612
61130.3402 lsst_hardware_i 6.8774069267749445 58.72999954223633 31.31999969482422 AB 4.281355911205702 1.0238804044495153
61135.3079 lsst_hardware_z -1.5665155976352625 85.41999816894531 31.0 AB 7.058443813761778 1.0234078314864112
61135.3269 lsst_hardware_r -137.90335288926144 119.58000183105469 31.65999984741211 AB 6.998035179675362 1.0240028065079314
61137.3112 lsst_hardware_i 24.716569872627645 70.66000366210938 31.34000015258789 AB 8.566591286311237 1.0221544524339505
61137.3297 lsst_hardware_z 107.94016335387005 62.58000183105469 30.989999771118164 AB 8.632573905317306 1.0281157512436498
61139.3125 lsst_hardware_r 11.786969430910043 44.2400016784668 31.6200008392334 AB 8.081488317609741 1.0229732047607267
61146.1298 lsst_hardware_i 105.38441477192166 50.400001525878906 31.920000076293945 AB 27.366351084948715 1.6387036577813603
61146.1574 lsst_hardware_z -36.26432389630753 46.29999923706055 30.920000076293945 AB 23.135847593739342 1.3853800954334936
61148.295 lsst_hardware_r 12.691518694611103 24.190000534057617 31.520000457763672 AB 13.227591230377934 1.025500663922209
61148.3154 lsst_hardware_g 8.80302952740704 15.369999885559082 31.459999084472656 AB 13.433232034951802 1.0426155127056569
61150.281 lsst_hardware_r 33.77815743883567 24.280000686645508 31.530000686645508 AB 3.6691426754170924 1.0226625192782346
61150.299 lsst_hardware_i 12.14120949844817 31.510000228881836 31.270000457763672 AB 3.701266690363288 1.0315921561806864
61152.2636 lsst_hardware_i 43.91610013307986 31.450000762939453 31.270000457763672 AB 8.6858311627578 1.0228652988527092
61152.281 lsst_hardware_z -23.333562884303703 41.52000045776367 30.959999084472656 AB 8.655760159618755 1.0241887070622493
61154.2646 lsst_hardware_r -10.285441728519107 24.3700008392334 31.520000457763672 AB 8.636170272081516 1.0221529497078372
61154.2837 lsst_hardware_u -1.2978431377186797 2.819999933242798 28.479999542236328 AB 8.719655743933957 1.0283825620867975
61156.2628 lsst_hardware_g -1.9426917076053287 17.93000030517578 31.540000915527344 AB 5.989866897403337 1.022379670988408
