data/validation/pwv_sim_epoch_fit_seasonal/17590483.ecsv
# %ECSV 0.9
# ---
# datatype:
# - {name: time, datatype: float64}
# - {name: band, datatype: string}
# - {name: flux, datatype: float64}
# - {name: fluxerr, datatype: float64}
# - {name: zp, datatype: float64}
# - {name: zpsys, datatype: string}
# - {name: pwv, datatype: float64}
# - {name: airmass, datatype: float64}
# meta: {SNID: '17590483', alt: 1024.0, c: 0.04243231937289238, dec: -53.18726, lat: -30.244573, lon: -70.7499537, ra: 346.136353, t0: 62751.2578125,
#   x0: 4.994177778579315e-06, x1: 0.8884696960449219, z: 0.6137493848800659}
# schema: astropy-2.0
time band flux fluxerr zp zpsys pwv airmass
62675.4035 lsst_hardware_z -134.9290774742777 43.2400016784668 30.950000762939453 AB 3.566916791029306 1.084553830952001
62675.4179 lsst_hardware_r 9.263497461623789 29.09000015258789 31.549999237060547 AB 3.1339958888933994 1.0866209380735097
62678.3976 lsst_hardware_r 2.586479363762314 22.540000915527344 31.479999542236328 AB 5.856544124707417 1.0845452082791514
62678.411 lsst_hardware_i -5.265401509831289 30.489999771118164 31.239999771118164 AB 5.870082137932633 1.0870522477653024
62680.4012 lsst_hardware_z -68.53789422339894 41.56999969482422 30.940000534057617 AB 5.624151609439993 1.0857610211438393
62680.4141 lsst_hardware_r 3.4934797055812616 22.110000610351562 31.469999313354492 AB 5.665141705104524 1.0909538861452368
62688.428 lsst_hardware_r 10.149312113018265 22.6299991607666 31.479999542236328 AB 5.9551498473489 1.12749559281464
62688.4394 lsst_hardware_u 5.0217189653546175 6.119999885559082 28.950000762939453 AB 6.057153649441657 1.146536749846958
62697.3985 lsst_hardware_z 5.630277916807726 68.30000305175781 30.979999542236328 AB 5.336005068431095 1.1204210117440618
62697.4098 lsst_hardware_r 75.8525108959463 96.94999694824219 31.6299991607666 AB 5.391955434147283 1.1376633472195976
62707.3893 lsst_hardware_z -16.689754038531774 42.66999816894531 30.93000030517578 AB 7.120397922880396 1.1498422160485096
62707.4018 lsst_hardware_r 13.050083429903514 23.610000610351562 31.469999313354492 AB 7.282305799394027 1.1759880176655675
62722.3329 lsst_hardware_z 46.03778719016348 42.2963852369152 30.940000534057617 AB 5.037106387276837 1.124144999950196
62722.3445 lsst_hardware_r -6.220346987532934 22.94339941390078 31.469999313354492 AB 5.650675940990218 1.142781975392386
62723.2415 lsst_hardware_i -26.948409354100903 53.651497502278175 31.299999237060547 AB 4.980188569071326 1.09725994361252
62723.2527 lsst_hardware_r 91.91815771161345 62.556583030181166 31.6299991607666 AB 4.559456836240385 1.0899317124820143
62725.2342 lsst_hardware_z 221.3832004239494 97.08501084462938 31.729999542236328 AB 2.993957700404659 1.0987672764345193
62731.3187 lsst_hardware_i 434.2687042173431 49.24265303869385 31.280000686645508 AB 3.8339224265094747 1.1406240019366232
62731.3299 lsst_hardware_z 343.7995380746815 52.56501932372159 30.950000762939453 AB 3.869842382575682 1.1620275902938346
62733.3145 lsst_hardware_r 731.1434905578548 43.55630424558029 31.56999969482422 AB 2.790819606689217 1.1428417717810062
62733.3254 lsst_hardware_z 516.2344176539905 49.83012144752765 30.950000762939453 AB 2.792547900748992 1.164046644747693
62735.3043 lsst_hardware_g 220.60656055282678 22.353479634768767 31.479999542236328 AB 2.0927631982771357 1.13475027695656
62735.3155 lsst_hardware_i 785.876001711242 42.80457515393604 31.239999771118164 AB 2.100012340868324 1.1549634763474124
62736.1072 lsst_hardware_g 202.88145462401573 19.3474459444485 31.31999969482422 AB 3.0587452923378917 1.3249925459553353
62736.1181 lsst_hardware_r 932.8895962936261 38.21849337101909 31.450000762939453 AB 3.038380041666905 1.2818816756320663
62740.3026 lsst_hardware_g 280.3796523492893 22.27320003529182 31.3700008392334 AB 3.4913463667288025 1.1564578889462744
62740.3132 lsst_hardware_r 1360.9179963145202 43.205250484919546 31.469999313354492 AB 3.5541173388109555 1.1794637186319543
62742.2901 lsst_hardware_i 1238.4194013746353 47.32073974087297 31.239999771118164 AB 6.945785550125613 1.1431510121997388
62742.3008 lsst_hardware_z 906.1376815177957 52.2007174281985 30.93000030517578 AB 8.143760705523388 1.1639902386493164
62744.2941 lsst_hardware_r 1530.061097995433 45.471219154605755 31.459999084472656 AB 6.942227394909805 1.1613931233641899
62744.3042 lsst_hardware_u 1.9665275505060429 2.957935168879708 28.260000228881836 AB 7.0171792414730625 1.1840342936763795
62747.2496 lsst_hardware_i 1457.2386831471244 49.12854501390193 31.239999771118164 AB 0.8310405425197672 1.1055971740839476
62747.2609 lsst_hardware_u 0.8072453698122746 2.841691340267306 28.329999923706055 AB 1.4423362318514366 1.1189575111337755
62751.2409 lsst_hardware_i 1547.6131764838676 60.803717765170916 31.290000915527344 AB 2.0550716075608113 1.107954860757143
62751.2511 lsst_hardware_r 1819.6469175755678 65.80337772941195 31.610000610351562 AB 2.1382377533796038 1.1204739319019759
62755.2357 lsst_hardware_r 1785.0298676379964 111.5638954824643 31.639999389648438 AB 2.4833982142140276 1.1146311553922923
62755.2484 lsst_hardware_i 1605.164821674676 90.55790066903296 31.31999969482422 AB 2.5422622586616863 1.1326630691296289
62757.2396 lsst_hardware_z 1233.9620721451179 71.28519825984145 30.979999542236328 AB 2.648456603177683 1.1274825896880445
62757.2513 lsst_hardware_r 1555.857591292729 96.62868166831343 31.639999389648438 AB 4.070185198583746 1.1470695721701494
62760.1415 lsst_hardware_z 1077.6096356527103 57.47710716170473 30.959999084472656 AB 3.4890841268545727 1.0964779238511162
62760.1535 lsst_hardware_g 189.34036542110363 48.31769512498631 31.690000534057617 AB 3.4728072888069614 1.0890526176157302
62762.2181 lsst_hardware_i 1312.7889325868011 50.788807067713485 31.270000457763672 AB 1.5370204540328083 1.116547336303185
62762.2292 lsst_hardware_r 1232.848448406041 50.70914800826066 31.579999923706055 AB 1.5577911144774703 1.1325271642875103
62764.2169 lsst_hardware_u 4.046750962506641 2.674904432319489 28.399999618530273 AB 6.520407296285308 1.1222732007376146
62764.2286 lsst_hardware_g 102.86410807402345 17.22965828037736 31.3799991607666 AB 6.618929898759918 1.1406376021070432
62767.2238 lsst_hardware_z 936.4019676427112 52.064639225737444 30.93000030517578 AB 2.272019896678534 1.1467125992656275
62767.236 lsst_hardware_r 860.4197700790216 37.65905743858625 31.459999084472656 AB 2.3137412020067516 1.1715145326615235
62771.1793 lsst_hardware_z 927.8351154500957 50.38053694883649 30.940000534057617 AB 4.371461455346374 1.1009851291641792
62771.191 lsst_hardware_i 884.1003525407664 41.924837461865586 31.229999542236328 AB 4.428705671315523 1.1133928613044977
62774.1833 lsst_hardware_r 622.6506900163271 32.66667047203866 31.469999313354492 AB 4.684258566888214 1.1139955766594378
62774.1945 lsst_hardware_i 732.8430257985322 40.843293781821906 31.239999771118164 AB 4.769113111567987 1.1294970659748922
62780.1811 lsst_hardware_z 631.5206117762149 56.388013668719125 30.959999084472656 AB 5.347309547417 1.1342262270478312
62783.0799 lsst_hardware_i 411.7926619315053 68.9673745149703 31.31999969482422 AB 3.4423239183991026 1.095583678675717
62783.0921 lsst_hardware_z 660.5510454611986 64.54853081088415 30.979999542236328 AB 6.213308282963341 1.088430985891366
62787.1592 lsst_hardware_r 232.94719243863412 75.82909887330567 31.6299991607666 AB 6.693168085792602 1.12980752608671
62787.1703 lsst_hardware_i 435.61607315539146 62.83629067136667 31.299999237060547 AB 7.339598155199883 1.1487866888714795
62789.164 lsst_hardware_z 1077.462349096198 76.73582558638502 31.709999084472656 AB 7.095106514736243 1.14722466047063
62793.163 lsst_hardware_i 309.6260113218859 35.709690325113066 31.239999771118164 AB 4.488747976289132 1.1671211586815216
62793.1742 lsst_hardware_z 463.3457281276054 47.97466873596671 30.93000030517578 AB 3.072136882654605 1.1934490965314581
62796.1594 lsst_hardware_g 11.257374581412565 13.90987731696906 31.3799991607666 AB 4.45529037812482 1.1774023198004282
62796.1715 lsst_hardware_r 151.80793914906303 25.740814225965654 31.469999313354492 AB 3.37081945265058 1.207962534546257
62799.139 lsst_hardware_r 92.13817568435455 25.24970732736536 31.479999542236328 AB 5.047462020347572 1.1515779273375342
62799.1501 lsst_hardware_i 214.64328734996323 34.80293672855652 31.239999771118164 AB 5.148231845858015 1.1748589333313588
62801.1412 lsst_hardware_z 348.1550942421613 46.591012776944545 30.940000534057617 AB 4.208809414866375 1.1672223937692743
62801.1523 lsst_hardware_u 2.3896538177783815 2.748847934885637 28.420000076293945 AB 4.289960295750809 1.193313016898352
62819.0539 lsst_hardware_r 65.36014117893858 24.246414673705665 31.479999542236328 AB 4.193152518881619 1.1065673431251082
62819.0656 lsst_hardware_i 49.900183647962876 33.03338237053912 31.239999771118164 AB 4.262950203213658 1.1207475777443674
63031.4222 lsst_hardware_i 23.18232125624545 31.209999084472656 31.239999771118164 AB 13.770106569956043 1.0852430602479313
63031.4357 lsst_hardware_z -17.143880949402835 46.709999084472656 30.959999084472656 AB 13.732401016311204 1.084879208114318
63036.428 lsst_hardware_r -22.56351795782037 22.450000762939453 31.489999771118164 AB 2.83052772457275 1.086123259516953
63036.4404 lsst_hardware_y 1.4937589787118493 62.150001525878906 30.049999237060547 AB 2.8551984692280667 1.0915062641203401
63040.251 lsst_hardware_r 20.99695509080777 32.970001220703125 32.15999984741211 AB 5.452873988239147 1.439449334745694
63040.2743 lsst_hardware_u 0.5423841541650809 3.509999990463257 28.950000762939453 AB 5.015642302891237 1.3255160577597034
63040.3382 lsst_hardware_r 29.3336155775608 38.77000045776367 32.65999984741211 AB 3.949429549745638 1.1414536270941662
63040.3656 lsst_hardware_y 172.3975193327319 82.79000091552734 31.219999313354492 AB 3.784380718266259 1.1040422196094903
63044.4192 lsst_hardware_i -14.065999585139807 42.93000030517578 31.989999771118164 AB 7.808074702607631 1.0918857086571991
63044.4353 lsst_hardware_z -108.03291485704744 62.959999084472656 31.700000762939453 AB 7.904154421453563 1.10488378092684
63046.3968 lsst_hardware_r -0.0527049951989471 22.100000381469727 31.479999542236328 AB 2.52871562117239 1.0852080485683189
63046.4099 lsst_hardware_u -0.5571813389483803 2.5899999141693115 28.3700008392334 AB 2.5291328891128244 1.0897520527595652
63048.4162 lsst_hardware_g -1.297959345939187 13.180000305175781 31.3700008392334 AB 10.645289616627535 1.097452537796653
63048.428 lsst_hardware_r 27.84019845405623 22.440000534057617 31.469999313354492 AB 10.338158365535968 1.1087289563725231
63061.3155 lsst_hardware_r 10.282753564627857 22.549999237060547 31.479999542236328 AB 6.674975925149146 1.0975419780735487
63061.3275 lsst_hardware_u 1.6508982408090829 2.690000057220459 28.40999984741211 AB 6.643817640746755 1.0896863442261366
63063.3562 lsst_hardware_i -24.978208859135346 30.5 31.239999771118164 AB 1.636847237384656 1.0867035600893982
63063.3684 lsst_hardware_z 17.009836125496037 41.790000915527344 30.940000534057617 AB 1.6702273012099598 1.0925444325167357
63066.4097 lsst_hardware_r -18.82651970762795 22.809999465942383 31.469999313354492 AB 3.1440744648548233 1.1562639772680932
63066.4212 lsst_hardware_u 0.05316493766742648 2.680000066757202 28.350000381469727 AB 3.6637206688272856 1.1813690185658317
63068.4036 lsst_hardware_g 1.0866475520036978 13.539999961853027 31.3700008392334 AB 6.59818208084802 1.1549922683205147
63068.4148 lsst_hardware_r 17.000802545832773 22.850000381469727 31.459999084472656 AB 6.938723977665036 1.1791526854728585
63070.3384 lsst_hardware_g 0.42818443771218934 13.539999961853027 31.399999618530273 AB 4.9008068204006 1.08715559376653
63070.3513 lsst_hardware_r 31.391362700166564 22.469999313354492 31.479999542236328 AB 4.869510444804494 1.0938623238048282
63078.2203 lsst_hardware_r 37.236255931445776 89.22000122070312 32.369998931884766 AB 3.742072713671073 1.1693977230222103
63078.2355 lsst_hardware_i -8.908726180458368 74.87999725341797 32.04999923706055 AB 3.646864848286544 1.139645265089545
63080.3753 lsst_hardware_i -77.63197579392056 75.9800033569336 31.309999465942383 AB 2.1507273504317204 1.1641284711403088
63080.3874 lsst_hardware_z 22.065920394202315 68.41000366210938 30.969999313354492 AB 2.237963125829872 1.1922026773487733
63082.3318 lsst_hardware_z -39.930333197026094 67.91999816894531 30.979999542236328 AB 2.024045746161917 1.105130082534489
63082.343 lsst_hardware_r 55.37350609719175 97.62999725341797 31.639999389648438 AB 2.1088069480533402 1.118236119162178
63084.2354 lsst_hardware_z 107.23840944823792 53.790000915527344 30.959999084472656 AB 2.5079679085871973 1.1153960011506325
63084.2472 lsst_hardware_r -20.248095448769977 64.37999725341797 31.6299991607666 AB 2.522785901387422 1.1023753119455635
63086.341 lsst_hardware_i -35.42882111003074 40.560001373291016 31.270000457763672 AB 2.865180301743919 1.1311410587224315
63086.3523 lsst_hardware_z -17.07958332664237 46.79999923706055 30.940000534057617 AB 2.8505312889964936 1.1507998744434775
63089.2351 lsst_hardware_r 8.481157757397712 22.530000686645508 31.479999542236328 AB 7.128207170966907 1.1009380927152348
63089.247 lsst_hardware_z -9.390645971596113 41.650001525878906 30.940000534057617 AB 7.09035729408273 1.0919441417991884
63092.0661 lsst_hardware_r 51.807462287927365 34.75 32.09000015258789 AB 5.804733207678774 1.7567475849826057
63092.0712 lsst_hardware_i 30.16813248539395 49.63999938964844 31.889999389648438 AB 5.742687306814494 1.70951471513418
63096.3112 lsst_hardware_z -19.187939420384456 42.25 30.940000534057617 AB 3.784637550767137 1.1273028671582803
63096.323 lsst_hardware_r -20.80919506404932 22.809999465942383 31.479999542236328 AB 3.8050399952469114 1.147046497926569
63101.3116 lsst_hardware_u 2.2639846713485063 2.5899999141693115 28.329999923706055 AB 2.311594074795917 1.1512878267432143
63101.3237 lsst_hardware_r 5.150661622403093 22.809999465942383 31.459999084472656 AB 2.3760993671901365 1.1768208513055278
63107.2877 lsst_hardware_z -56.56886883733498 54.310001373291016 30.959999084472656 AB 6.863926684658544 1.1377302643226495
63107.2979 lsst_hardware_i 42.471680748334926 54.47999954223633 31.299999237060547 AB 8.075956038673278 1.1565442927188023
63112.2539 lsst_hardware_z -12.472953307107746 83.80999755859375 31.729999542236328 AB 1.4541086324748818 1.1094419881547928
63114.2452 lsst_hardware_r 14.70273583692591 52.029998779296875 31.610000610351562 AB 1.915105397716711 1.105931894735348
63114.2566 lsst_hardware_i -33.52159119956425 46.349998474121094 31.290000915527344 AB 2.5917300601082953 1.1195378229409483
63117.2436 lsst_hardware_z 82.46123994853615 43.33000183105469 30.950000762939453 AB 2.6747828486498486 1.1133717501057334
63117.2544 lsst_hardware_r 45.43497745885322 29.780000686645508 31.540000915527344 AB 3.164375318520026 1.1281195431443944
63122.2366 lsst_hardware_r -16.11464267895802 22.43000030517578 31.479999542236328 AB 2.615926686142546 1.1220732139587701
63122.2479 lsst_hardware_z -18.737604027860108 42.2400016784668 30.940000534057617 AB 2.6995900918643616 1.1397087356590325
63124.1902 lsst_hardware_r 1.4034151723664559 22.25 31.479999542236328 AB 1.1453253357381123 1.086904233203428
63124.202 lsst_hardware_u 2.0939912092908948 2.609999895095825 28.3799991607666 AB 1.0726205701698739 1.0926525332800074
63126.1395 lsst_hardware_z -48.41921213532513 41.95000076293945 30.950000762939453 AB 0.7557934943168853 1.0964122257981894
63126.1505 lsst_hardware_u -0.07703442220894005 2.7200000286102295 28.469999313354492 AB 0.6035703065742003 1.0894770876790618
63133.2144 lsst_hardware_i -0.029729924163718873 33.880001068115234 31.25 AB 4.396560948617277 1.133913587160456
63133.226 lsst_hardware_z 47.69757568580123 44.029998779296875 30.940000534057617 AB 4.448851255081727 1.154745956501449
63137.2266 lsst_hardware_z -25.272748330912002 59.939998626708984 30.959999084472656 AB 4.4402542798548295 1.1796114978582677
63137.2382 lsst_hardware_r 8.590801183216222 76.70999908447266 31.600000381469727 AB 4.5143646479063815 1.2092048164033273
63141.0556 lsst_hardware_i -30.150266715231837 61.4900016784668 31.299999237060547 AB 5.5745904238866 1.1542192502482738
63141.0628 lsst_hardware_z -11.162721066722623 58.150001525878906 30.969999313354492 AB 5.500428820254247 1.1408719357541304
63143.2153 lsst_hardware_r 3.005226450554473 55.099998474121094 31.59000015258789 AB 3.1296816531955622 1.1919947896768408
63143.2269 lsst_hardware_i 80.30370173523701 48.290000915527344 31.270000457763672 AB 3.1886265961883873 1.2237277457548346
63145.1813 lsst_hardware_i 9.380824885682339 37.540000915527344 31.260000228881836 AB 5.3880831928662305 1.1333788794416337
63145.1933 lsst_hardware_z 27.404225772698922 46.15999984741211 30.940000534057617 AB 5.455084123220909 1.1548817874926698
63147.1828 lsst_hardware_i 44.11624843216976 30.940000534057617 31.229999542236328 AB 4.513530509935288 1.14532387649024
63147.1947 lsst_hardware_u 2.228779590722701 2.559999942779541 28.309999465942383 AB 4.8774340505705 1.1691811547512185
63149.0816 lsst_hardware_r 3.2251648532721613 22.170000076293945 31.479999542236328 AB 2.639497151300035 1.0929594829398794
63149.0932 lsst_hardware_u -5.835986399557023 2.559999942779541 28.34000015258789 AB 3.449158233219057 1.0871480037462173
63151.1603 lsst_hardware_r -29.384589316479786 22.270000457763672 31.469999313354492 AB 6.818072472921608 1.1262405318263427
63151.1709 lsst_hardware_i -50.11739067189097 30.8700008392334 31.229999542236328 AB 7.010027172993862 1.1435607133758339
63153.1595 lsst_hardware_z 55.067480564617654 42.04999923706055 30.940000534057617 AB 9.513460131692042 1.133454344522539
63153.1706 lsst_hardware_u -2.732943133213888 2.559999942779541 28.31999969482422 AB 9.233729336119906 1.1532071107930444
63155.1565 lsst_hardware_g -17.68195117242936 13.350000381469727 31.3700008392334 AB 8.888279329470038 1.1375177513319517
63155.1673 lsst_hardware_r -14.02186472587713 22.59000015258789 31.469999313354492 AB 8.772051544548434 1.1574917918517589
63157.1591 lsst_hardware_i -20.15381586360753 31.170000076293945 31.229999542236328 AB 7.043489110532879 1.152089162619194
63157.17 lsst_hardware_z 41.99798797195921 43.150001525878906 30.940000534057617 AB 6.818233401581486 1.1750172452173977
63159.1582 lsst_hardware_i 52.73960000691993 30.979999542236328 31.229999542236328 AB 3.8800243234024148 1.1612203681370512
63159.1698 lsst_hardware_u -2.637733156201255 2.5799999237060547 28.31999969482422 AB 2.5580485070828187 1.1874886686651385
63161.1407 lsst_hardware_z -43.19228609559079 43.15999984741211 30.940000534057617 AB 4.277381488453153 1.1385098452097826
63161.1518 lsst_hardware_g -20.594879344103553 17.020000457763672 31.469999313354492 AB 4.351678125581753 1.1592882119431909
63163.1569 lsst_hardware_i 45.412914360314815 41.83000183105469 31.270000457763672 AB 3.4085175861253454 1.1826917370316952
63163.1676 lsst_hardware_r 28.15284957980285 42.349998474121094 31.579999923706055 AB 2.7373139180889274 1.2103082909752074
63166.1437 lsst_hardware_z -122.43130053160591 56.900001525878906 30.959999084472656 AB 4.211212577891563 1.1711367539907012
63166.1543 lsst_hardware_r -4.787454592793912 70.94999694824219 31.6200008392334 AB 4.370634313258274 1.1966144594820738
63168.1431 lsst_hardware_i -122.10912023453692 67.19000244140625 31.299999237060547 AB 3.373422491924361 1.1823432999325134
63168.1541 lsst_hardware_z 72.30488854535193 62.0 30.959999084472656 AB 3.4913596343440325 1.2107362042576406
63170.1414 lsst_hardware_i -28.33277762735472 63.08000183105469 31.299999237060547 AB 4.330158814262153 1.1915681932479065
63170.1521 lsst_hardware_z -55.24322443898019 59.66999816894531 30.959999084472656 AB 4.5485255233777035 1.220589165001193
63183.0476 lsst_hardware_i -15.35465949439402 30.799999237060547 31.239999771118164 AB 4.76751367884071 1.0974939408013469
63183.0594 lsst_hardware_z -86.15231643780132 42.08000183105469 30.940000534057617 AB 4.8608386232681955 1.108767934139643
