data/validation/pwv_sim_epoch_fit_seasonal/17719554.ecsv
# %ECSV 0.9
# ---
# datatype:
# - {name: time, datatype: float64}
# - {name: band, datatype: string}
# - {name: flux, datatype: float64}
# - {name: fluxerr, datatype: float64}
# - {name: zp, datatype: float64}
# - {name: zpsys, datatype: string}
# - {name: pwv, datatype: float64}
# - {name: airmass, datatype: float64}
# meta: {SNID: '17719554', alt: 1024.0, c: -0.029096627607941628, dec: -54.916332, lat: -30.244573, lon: -70.7499537, ra: 184.523804,
#   t0: 60098.37109375, x0: 2.631646860023029e-05, x1: 0.20077672600746155, z: 0.3048756718635559}
# schema: astropy-2.0
time band flux fluxerr zp zpsys pwv airmass
59966.3587 lsst_hardware_z 181.13200306945384 80.76000213623047 30.989999771118164 AB 9.867875840424036 1.1038509805273282
59966.3718 lsst_hardware_y 75.19285880460247 85.91000366210938 30.059999465942383 AB 9.837096806574097 1.1015580306348254
59968.3575 lsst_hardware_u -19.439686157988838 23.030000686645508 29.420000076293945 AB 7.7347664406247 1.1026563068748496
59968.3707 lsst_hardware_y 66.49564115640203 85.69999694824219 30.049999237060547 AB 7.8896762977316515 1.101704938242189
59973.3576 lsst_hardware_i 3.1998551673445395 68.2300033569336 31.31999969482422 AB 12.776728001195039 1.1017586663864651
59973.3686 lsst_hardware_z -99.89040820961783 81.20999908447266 30.989999771118164 AB 12.712665044699332 1.1042888308400014
59975.3648 lsst_hardware_r 26.119948909289043 65.87999725341797 31.639999389648438 AB 12.819885465877967 1.1049244099011393
59975.3774 lsst_hardware_y -7.78329957349792 85.79000091552734 30.049999237060547 AB 13.172093140214024 1.1119209150755744
59979.3391 lsst_hardware_i 105.22820968869507 96.12999725341797 32.08000183105469 AB 9.221930890618557 1.1016083726947454
59979.3515 lsst_hardware_z -405.9435136777764 114.38999938964844 31.739999771118164 AB 9.199223466905085 1.1040393007446994
59983.3467 lsst_hardware_r 0.28740691684254904 64.66999816894531 31.6299991607666 AB 8.882522608250335 1.1066035931459481
59983.359 lsst_hardware_z 74.24986128890473 79.12999725341797 30.979999542236328 AB 9.026748399447817 1.114516578627381
59985.3411 lsst_hardware_y -46.24276628177908 84.22000122070312 30.049999237060547 AB 3.7637909511001792 1.1065362817748035
59985.3526 lsst_hardware_r 78.31958080443538 64.75 31.6299991607666 AB 3.8080180379763013 1.1137812336871311
59989.3007 lsst_hardware_z -43.70628697785853 80.37000274658203 30.989999771118164 AB 2.873989139600666 1.1025533783634707
59989.3121 lsst_hardware_r -69.84631063791846 65.68000030517578 31.639999389648438 AB 2.8679134473464742 1.1016312857924997
59991.2962 lsst_hardware_u 22.625387231418767 23.31999969482422 29.440000534057617 AB 5.449230855770106 1.1023579337014962
59991.3072 lsst_hardware_r 195.86377157742993 66.05000305175781 31.6299991607666 AB 5.6880941710386335 1.1016677435111462
59993.2941 lsst_hardware_i 48.776829018762534 66.38999938964844 31.31999969482422 AB 5.423821117087332 1.10184278660992
59993.3052 lsst_hardware_z 52.78825827515569 78.94999694824219 30.989999771118164 AB 5.428419464915627 1.1020493254663084
59995.2914 lsst_hardware_r -35.90425467329203 64.86000061035156 31.6299991607666 AB 3.0353341927073707 1.1016214103704465
59995.3033 lsst_hardware_u 16.94068104210778 22.75 29.43000030517578 AB 3.97997333913367 1.102740246354284
59997.2857 lsst_hardware_g -22.044811237428355 72.29000091552734 31.709999084472656 AB 10.335540420018091 1.1016350906009478
59997.2983 lsst_hardware_r 25.82252762919443 65.83000183105469 31.6299991607666 AB 12.337892185679015 1.1028529965522373
59999.2714 lsst_hardware_r -5.949563686591592 65.7300033569336 31.6299991607666 AB 10.889245623800988 1.1030435194287873
59999.283 lsst_hardware_i 48.1800299797304 67.80000305175781 31.31999969482422 AB 10.898567212348206 1.1015793616079317
60001.2723 lsst_hardware_z -89.40596186643816 78.98999786376953 30.989999771118164 AB 7.139768790659266 1.101844511020232
60001.2842 lsst_hardware_r 22.305501495915617 64.5999984741211 31.6299991607666 AB 7.136871413900167 1.1021911529536177
60003.2719 lsst_hardware_u -35.579547134629436 23.149999618530273 29.440000534057617 AB 6.04694520275555 1.1015809817990436
60003.284 lsst_hardware_r 31.519777652440286 65.80000305175781 31.6299991607666 AB 6.028557399522623 1.1034240687329777
60005.2739 lsst_hardware_i 87.0037258640079 67.97000122070312 31.31999969482422 AB 3.868357723831775 1.102305582398872
60005.2863 lsst_hardware_z 11.691252165612601 81.01000213623047 30.989999771118164 AB 3.8032604947692117 1.1064566994091634
60008.2706 lsst_hardware_r 41.394718143918524 65.48999786376953 31.6299991607666 AB 11.368664809342578 1.1035038802869166
60008.2825 lsst_hardware_z 21.262371437059404 80.18000030517578 30.979999542236328 AB 11.525822224580008 1.1088207630111602
60014.2754 lsst_hardware_r 68.1947011662263 65.9000015258789 31.6299991607666 AB 9.834842939191162 1.1153777078753961
60014.2884 lsst_hardware_z 192.69608040577694 81.05999755859375 30.989999771118164 AB 9.919298282576547 1.1282079464567252
60016.2461 lsst_hardware_z -59.44711567957127 80.44000244140625 30.989999771118164 AB 15.13908828642861 1.1027890651536325
60016.2582 lsst_hardware_r -57.070475969790806 65.68000030517578 31.639999389648438 AB 16.813996074887882 1.1074468302595863
60021.2298 lsst_hardware_r 39.143352698714466 64.91000366210938 31.6299991607666 AB 6.5032381998190285 1.1022437626811912
60021.242 lsst_hardware_u -8.422555042762115 22.729999542236328 29.43000030517578 AB 6.526439826517568 1.1061762417826386
60023.2266 lsst_hardware_g 31.083584039805665 72.79000091552734 31.709999084472656 AB 5.426959577113385 1.1027043740959839
60023.2391 lsst_hardware_r 106.10780460924664 66.2300033569336 31.639999389648438 AB 5.450362186472319 1.1074595522650246
60026.2166 lsst_hardware_i -64.6618023945112 67.98999786376953 31.329999923706055 AB 7.138134554027064 1.1023294809709
60026.2292 lsst_hardware_z 11.668121281476541 80.87000274658203 30.989999771118164 AB 7.1114915750836065 1.106588590225398
60028.2232 lsst_hardware_r 111.17258904403916 65.7300033569336 31.639999389648438 AB 7.821747857856882 1.1063292585370412
60028.2351 lsst_hardware_g -62.55095906923231 71.97000122070312 31.700000762939453 AB 7.900113292167664 1.113737776151436
60030.2008 lsst_hardware_r 136.43171452740253 64.81999969482422 31.639999389648438 AB 7.475807503272148 1.1017056791185729
60030.2127 lsst_hardware_i -57.31927726804245 66.55999755859375 31.31999969482422 AB 6.956677640102424 1.1042345460480039
60032.2039 lsst_hardware_z -32.5917075269661 79.43000030517578 30.989999771118164 AB 7.219973623415903 1.1031843165044164
60032.216 lsst_hardware_i -47.5131217793254 66.69999694824219 31.31999969482422 AB 7.401252298042908 1.108276068488294
60037.1503 lsst_hardware_z -14.886691866499994 78.93000030517578 30.989999771118164 AB 6.913725230501794 1.1113080539283575
60037.1619 lsst_hardware_r 4.941401616619901 64.66000366210938 31.6299991607666 AB 6.946000025910194 1.1049952316115486
60039.1519 lsst_hardware_y -135.81320504594237 118.94999694824219 30.799999237060547 AB 7.76207918828924 1.1070760466324865
60041.1448 lsst_hardware_r 29.625589296078804 65.87999725341797 31.6299991607666 AB 11.282637536278207 1.1079513128914769
60041.1564 lsst_hardware_i -32.85671677376654 68.04000091552734 31.31999969482422 AB 11.261117444354916 1.1031658938435571
60043.1488 lsst_hardware_z -48.33507988529893 80.6500015258789 30.989999771118164 AB 7.567691834205946 1.1038056934372733
60043.1621 lsst_hardware_r -51.77463214466931 65.73999786376953 31.6299991607666 AB 7.576340361398363 1.1016125570917286
60045.1393 lsst_hardware_z -90.26058101357597 80.7699966430664 30.989999771118164 AB 3.2906086138525086 1.1053129003843276
60045.1503 lsst_hardware_r -8.178269489686071 65.8499984741211 31.6299991607666 AB 3.340838235155446 1.1021322012883945
60050.1323 lsst_hardware_i 141.53722460898743 66.83999633789062 31.31999969482422 AB 18.42087298469241 1.1030462865085275
60050.1449 lsst_hardware_z -42.6886041141665 79.5 30.989999771118164 AB 18.397555712499994 1.1016500426646703
60052.1341 lsst_hardware_r 45.991924983574684 66.13999938964844 31.639999389648438 AB 12.92094383851752 1.1017802147561981
60052.1456 lsst_hardware_u -11.90822031503889 23.389999389648438 29.450000762939453 AB 13.005126573147427 1.1023473488950437
60054.1319 lsst_hardware_g 108.2386100725478 72.30000305175781 31.709999084472656 AB 7.197996738335296 1.1016217842570089
60054.1434 lsst_hardware_r 39.535775277084944 65.8499984741211 31.6299991607666 AB 7.014419325859639 1.1030840147078993
60057.1372 lsst_hardware_r 5.548088099367463 65.75 31.6299991607666 AB 6.0386782171084965 1.103660461867586
60057.1486 lsst_hardware_g -14.300576977785076 72.1500015258789 31.700000762939453 AB 6.070910529424798 1.108791476083247
60059.126 lsst_hardware_r 124.33182008969064 65.9000015258789 31.6299991607666 AB 15.508669488341205 1.1022639089547048
60059.139 lsst_hardware_i -57.20739071962687 67.94999694824219 31.31999969482422 AB 15.507318049887452 1.1065655960958418
60061.1132 lsst_hardware_i -28.81964199100611 67.51000213623047 31.31999969482422 AB 4.891212530451718 1.101624443795432
60061.1249 lsst_hardware_z 28.02838915350395 80.33999633789062 30.989999771118164 AB 4.892111263599057 1.1032556269040374
60063.1083 lsst_hardware_r -20.93376296354803 66.0 31.6299991607666 AB 9.699754347524776 1.1016293185653594
60063.1204 lsst_hardware_z -41.4635696601851 81.12000274658203 30.989999771118164 AB 9.728960961225878 1.1035364154367027
60065.1094 lsst_hardware_y -134.18131356283084 85.76000213623047 30.049999237060547 AB 10.71514772342164 1.102230255461011
60065.1208 lsst_hardware_r -3.366011234735092 65.7300033569336 31.6299991607666 AB 10.747261940268288 1.105723303981785
60067.0998 lsst_hardware_i 7.081752466928355 67.91000366210938 31.31999969482422 AB 14.513130844531435 1.1017331545229967
60067.1113 lsst_hardware_z -106.89578823708112 80.8499984741211 30.989999771118164 AB 14.623088691508714 1.104129318295735
60069.1106 lsst_hardware_r -61.25008674617587 65.98999786376953 31.6299991607666 AB 10.233745000142699 1.1060518778862682
60069.122 lsst_hardware_z 40.1778702762332 81.05000305175781 30.989999771118164 AB 10.298001129535885 1.112896375670292
60071.1065 lsst_hardware_r 85.27608613980473 65.69000244140625 31.639999389648438 AB 7.357638904710651 1.1067031030287144
60071.1184 lsst_hardware_i -87.9661916413353 67.5999984741211 31.31999969482422 AB 7.392672455030275 1.114319245586204
60073.0839 lsst_hardware_i -33.54424312393085 66.41417858224814 31.31999969482422 AB 9.338631909130779 1.1017734673349735
60073.0956 lsst_hardware_z -28.025250800299595 78.95929395274979 30.989999771118164 AB 9.392338862572618 1.104374719280311
60078.0872 lsst_hardware_r 324.23250507924564 69.50254216293202 31.6299991607666 AB 6.847000653464099 1.1066157720284242
60078.0995 lsst_hardware_u -19.150817869760644 23.449019938038127 29.43000030517578 AB 6.80880646908175 1.1144925473180893
60087.0799 lsst_hardware_i 3138.6171139144412 88.03179142829167 31.309999465942383 AB 2.1923785703628713 1.1187507588174723
60087.0918 lsst_hardware_z 2361.191880037748 92.91429409643136 30.979999542236328 AB 2.90851829084149 1.1314990433151555
60094.0164 lsst_hardware_i 5715.039308012568 100.73982653257991 31.31999969482422 AB 10.684109959438352 1.1021742676770074
60094.0284 lsst_hardware_z 3941.319074030243 100.0891501285851 30.989999771118164 AB 10.642962814966914 1.1019746307462503
60096.0197 lsst_hardware_r 8786.85471138433 114.7915904883324 31.639999389648438 AB 7.491495641085159 1.1016905354536999
60096.0318 lsst_hardware_z 3687.76856964816 100.73607845377994 30.989999771118164 AB 7.507436578264957 1.1040347909213173
60101.0198 lsst_hardware_g 6352.875095133316 107.38165033674662 31.700000762939453 AB 4.883381754743075 1.1046292376421787
60101.0308 lsst_hardware_i 6360.387099748891 103.23837149813819 31.31999969482422 AB 4.889495028336967 1.110260569948031
60119.0031 lsst_hardware_g 1594.9005854553827 82.30589222583441 31.690000534057617 AB 4.601287153655461 1.1299127395556414
60119.0148 lsst_hardware_r 3654.0734572069073 89.42897576184679 31.6200008392334 AB 4.6532677473058435 1.1457017720807199
60330.3568 lsst_hardware_r 16.075820339641457 22.8700008392334 31.479999542236328 AB 12.457037469970533 1.1060141587472727
60330.3705 lsst_hardware_y -110.75775435988443 60.91999816894531 30.040000915527344 AB 12.37029931840584 1.1019656725723077
60334.3669 lsst_hardware_i -59.32958101460103 54.869998931884766 31.299999237060547 AB 10.520721864362844 1.1016462685196695
60336.3571 lsst_hardware_z 48.438388425974296 56.380001068115234 30.969999313354492 AB 12.090806264081992 1.1016847269433394
60336.3681 lsst_hardware_y -160.4197420697296 55.470001220703125 30.030000686645508 AB 12.075479493094925 1.1024646899461275
60338.3582 lsst_hardware_i 29.503592130854692 53.599998474121094 31.299999237060547 AB 12.751541724906138 1.1018037204700004
60338.3697 lsst_hardware_y -6.323677223457492 53.689998626708984 30.030000686645508 AB 12.71729351580211 1.1044910052082604
60340.3603 lsst_hardware_r -38.66286693582264 55.279998779296875 31.6200008392334 AB 12.835443030360437 1.103214671520433
60340.3719 lsst_hardware_y 1.4082543625062998 55.43000030517578 30.030000686645508 AB 12.772112439328595 1.1080490838052568
60346.3359 lsst_hardware_r -3.0295447004677136 22.739999771118164 31.479999542236328 AB 4.860173388399717 1.101767840952047
60346.3487 lsst_hardware_i -4.474409942878507 30.700000762939453 31.229999542236328 AB 4.856133046300622 1.104817452945428
60350.3601 lsst_hardware_u -1.5269832451848226 2.5899999141693115 28.34000015258789 AB 3.827773159153888 1.1196684357899438
60350.3732 lsst_hardware_r -24.044023396937583 22.719999313354492 31.469999313354492 AB 3.872336008847109 1.1342519065164394
60352.3494 lsst_hardware_z 39.662724607784384 41.7400016784668 30.940000534057617 AB 6.903050483554489 1.115073845071266
60352.3608 lsst_hardware_i 77.75106645455757 30.56999969482422 31.229999542236328 AB 6.971440028197918 1.1259694788335488
60354.3334 lsst_hardware_r 3.7377756909622875 22.139999389648438 31.469999313354492 AB 2.6991339926189175 1.1079051791149994
60354.3451 lsst_hardware_u -2.535237768132474 2.549999952316284 28.31999969482422 AB 2.725352806520693 1.1160330903033318
60356.2887 lsst_hardware_u 1.7449098733480182 2.640000104904175 28.40999984741211 AB 5.01601217009931 1.1048079373222663
60356.2997 lsst_hardware_g 13.266754781614736 13.170000076293945 31.3799991607666 AB 5.6848391497285595 1.1019621651656173
60359.2895 lsst_hardware_r 5.749448720236987 22.270000457763672 31.489999771118164 AB 2.781758246052869 1.1022684900486868
60359.3005 lsst_hardware_i 21.30675493829563 30.559999465942383 31.25 AB 2.791651465438033 1.101786468845795
60363.3345 lsst_hardware_z -81.07132811837943 56.900001525878906 30.969999313354492 AB 11.129426598209129 1.1302735204680903
60363.3405 lsst_hardware_r 1.1365611981278783 72.08999633789062 31.6299991607666 AB 11.16581804868728 1.1379564196172043
60365.2772 lsst_hardware_z -18.96795365951797 62.220001220703125 30.979999542236328 AB 9.700979375547746 1.1017580210729976
60365.2893 lsst_hardware_i -83.96168382749927 69.66999816894531 31.31999969482422 AB 9.73656344502761 1.1025645120348335
60367.2806 lsst_hardware_z 57.92333292458083 59.61000061035156 30.969999313354492 AB 6.605065922106155 1.1020075505432658
60367.2927 lsst_hardware_r 60.508348829503866 78.93000030517578 31.6299991607666 AB 6.796417893124074 1.1053782049482108
60369.2806 lsst_hardware_y -88.59828516676315 73.16000366210938 30.780000686645508 AB 4.27624056150383 1.1030952242749406
60372.2724 lsst_hardware_r -21.242885828144246 36.86000061035156 31.579999923706055 AB 6.368076660454914 1.103095199212688
60372.2857 lsst_hardware_i 27.69842716568182 37.880001068115234 31.270000457763672 AB 6.428470832474721 1.1087393640004692
60375.2768 lsst_hardware_z -6.938190685980198 41.7599983215332 30.940000534057617 AB 10.733741029045069 1.108332765551267
60375.2884 lsst_hardware_r 48.94333977046063 22.700000762939453 31.479999542236328 AB 10.806795960584862 1.1165871787484007
60381.2597 lsst_hardware_z -0.25138316311589487 42.0099983215332 30.940000534057617 AB 16.91743729737754 1.107935554753142
60381.2728 lsst_hardware_r 19.713499474334757 22.270000457763672 31.479999542236328 AB 16.853628479329096 1.1172688698896736
60386.2335 lsst_hardware_r 27.643335545056733 22.049999237060547 31.469999313354492 AB 6.507311149140416 1.1029340930746467
60386.248 lsst_hardware_i -33.359809019219014 30.440000534057617 31.239999771118164 AB 6.543461326278406 1.1090612417421026
60390.2264 lsst_hardware_z -3.6370771774165442 48.97999954223633 30.959999084472656 AB 6.440348451719747 1.1040597345805525
60390.239 lsst_hardware_r 51.35257710545769 51.5 31.6200008392334 AB 6.422392861724838 1.1102602368464747
60394.208 lsst_hardware_r 20.469251910696023 100.69000244140625 31.639999389648438 AB 8.142092678582774 1.1021942574170664
60394.2196 lsst_hardware_z -18.810870486656352 68.29000091552734 30.979999542236328 AB 7.20074669745302 1.1056667268420952
60398.2122 lsst_hardware_i -20.760100573838375 59.5099983215332 31.309999465942383 AB 7.280560206594863 1.1073656773364728
60398.2233 lsst_hardware_z -24.548529756569636 57.150001525878906 30.969999313354492 AB 7.3191206126075254 1.114700062839978
60402.2039 lsst_hardware_r 21.746617294855305 28.510000228881836 31.520000457763672 AB 7.120152549719424 1.108827743415608
60402.2166 lsst_hardware_i -18.997025814771074 34.29999923706055 31.239999771118164 AB 8.024341955060823 1.1182972552520134
60404.1883 lsst_hardware_i -6.0370326313654115 30.56999969482422 31.239999771118164 AB 8.166481518158415 1.1041132329607954
60404.2009 lsst_hardware_z 93.60783515578395 41.939998626708984 30.940000534057617 AB 8.192639088026773 1.1103519166975895
60414.1397 lsst_hardware_z 32.992911174973244 41.7599983215332 30.940000534057617 AB 11.678344353004618 1.102250528834792
60414.1507 lsst_hardware_r -28.98673077820179 22.459999084472656 31.489999771118164 AB 11.650379446277805 1.1018643864701583
60416.139 lsst_hardware_y -105.85471668868283 48.310001373291016 30.030000686645508 AB 16.120891718220093 1.1017307596113692
60416.1504 lsst_hardware_g -2.430859403377171 20.68000030517578 31.559999465942383 AB 16.13661449093797 1.102679683677598
60419.1363 lsst_hardware_r -48.2867500711746 52.02000045776367 31.6200008392334 AB 7.158779993215741 1.1018027898444092
60419.1473 lsst_hardware_i -24.907524988845616 46.369998931884766 31.290000915527344 AB 7.042192396420088 1.1041091844188324
60421.1333 lsst_hardware_z -6.640497622103602 57.68000030517578 30.979999542236328 AB 11.224844906227627 1.1020686685380945
60421.1447 lsst_hardware_r -109.5875549267 75.51000213623047 31.639999389648438 AB 11.263502404269367 1.1051859298699276
60425.1278 lsst_hardware_z -88.55757237423389 70.8499984741211 30.979999542236328 AB 9.476920702273379 1.103164756589327
60425.1408 lsst_hardware_r -117.3629275798749 103.69000244140625 31.639999389648438 AB 9.896712751178102 1.1086683440453438
60428.172 lsst_hardware_r -18.755093158405227 82.68000030517578 32.36000061035156 AB 11.229292080402372 1.1513286480248501
60428.1825 lsst_hardware_z -4.031146097337428 52.529998779296875 30.950000762939453 AB 11.461364610827403 1.1698453263637114
60431.114 lsst_hardware_u 3.6786363536378768 2.7799999713897705 28.510000228881836 AB 9.842064342347891 1.1039376745167517
60431.1265 lsst_hardware_g -11.485366643612622 13.670000076293945 31.420000076293945 AB 8.288633681076464 1.1099362158295492
60444.0923 lsst_hardware_g -14.582607950732063 23.110000610351562 32.209999084472656 AB 7.387270500536071 1.110784226830414
60444.1049 lsst_hardware_i 24.221508235064725 44.720001220703125 31.989999771118164 AB 7.366502772553176 1.121133756143393
60446.0396 lsst_hardware_r 36.87798786229236 34.189998626708984 31.56999969482422 AB 10.056227410120721 1.1063260716874763
60446.052 lsst_hardware_z 35.30781486534604 44.130001068115234 30.950000762939453 AB 9.758506116789317 1.1023239080641596
60463.0178 lsst_hardware_g -13.195255132026126 13.109999656677246 31.3700008392334 AB 9.954135329290583 1.1019846298398173
60463.0302 lsst_hardware_r -14.652671251631286 22.040000915527344 31.479999542236328 AB 9.884445889462224 1.1052821196808151
60465.0101 lsst_hardware_i -28.096931465588433 30.270000457763672 31.229999542236328 AB 11.155906854477353 1.1017816882878833
60465.0232 lsst_hardware_z -18.54881971019733 41.65999984741211 30.940000534057617 AB 11.2057986581302 1.1046725806516364
60467.0186 lsst_hardware_r 18.817099548257637 21.989999771118164 31.469999313354492 AB 5.274661138005998 1.1050074833901637
60467.0311 lsst_hardware_u -3.2848168467371215 2.509999990463257 28.299999237060547 AB 5.3075130540048585 1.1118897478755312
60482.9987 lsst_hardware_z -61.39714170336154 88.63999938964844 31.729999542236328 AB 9.621263910533333 1.1214356738164981
