data/validation/pwv_sim_epoch_fit_seasonal/17736989.ecsv
# %ECSV 0.9
# ---
# datatype:
# - {name: time, datatype: float64}
# - {name: band, datatype: string}
# - {name: flux, datatype: float64}
# - {name: fluxerr, datatype: float64}
# - {name: zp, datatype: float64}
# - {name: zpsys, datatype: string}
# - {name: pwv, datatype: float64}
# - {name: airmass, datatype: float64}
# meta: {SNID: '17736989', alt: 1024.0, c: 0.05124937370419502, dec: -60.623394, lat: -30.244573, lon: -70.7499537, ra: 275.94339, t0: 62319.5390625,
#   x0: 6.2060047363572435e-06, x1: 0.8938078880310059, z: 0.5612186789512634}
# schema: astropy-2.0
time band flux fluxerr zp zpsys pwv airmass
[from data line 131]
62676.212 lsst_hardware_r 2.835043252800833 23.06999969482422 31.469999313354492 AB 4.699630782550041 1.1590671117765934
62676.2247 lsst_hardware_u -2.6479247995159376 2.619999885559082 28.329999923706055 AB 4.756632442179584 1.1619491349677058
62678.1964 lsst_hardware_u 0.42542552398287253 2.5999999046325684 28.329999923706055 AB 7.104736776056375 1.159389160583612
62678.209 lsst_hardware_g 9.475286499950268 13.869999885559082 31.3799991607666 AB 6.871413012389275 1.1593408153179543
62680.2167 lsst_hardware_i -10.64294761708634 31.510000228881836 31.229999542236328 AB 7.009624212037585 1.16313352892023
62680.2298 lsst_hardware_z -6.2289129966058585 43.060001373291016 30.93000030517578 AB 7.066706627712335 1.170856868148872
62682.1902 lsst_hardware_z -55.68480242326451 42.779998779296875 30.940000534057617 AB 3.592753646620273 1.1589527892323461
62682.2039 lsst_hardware_r -9.86010389974295 23.139999389648438 31.479999542236328 AB 3.597656064511686 1.1605342143586084
62686.1943 lsst_hardware_u -0.49866795407966086 2.619999885559082 28.34000015258789 AB 8.92075831389892 1.160914638891098
62686.207 lsst_hardware_g 17.154962565354506 13.829999923706055 31.3700008392334 AB 8.9566075102494 1.1665793657251855
62694.1257 lsst_hardware_r -62.74905486517153 79.20999908447266 31.6200008392334 AB 6.272457471143712 1.171691931097829
62694.1371 lsst_hardware_i 13.229717060858812 65.3499984741211 31.309999465942383 AB 6.2317832245483595 1.1644565352628513
62695.0146 lsst_hardware_z 123.84854822485427 104.5199966430664 31.690000534057617 AB 8.160455285856507 1.4194564769275027
62697.1235 lsst_hardware_z -50.863298905937285 75.77999877929688 30.969999313354492 AB 7.428309101520077 1.1675142006318393
62697.1359 lsst_hardware_r 119.57405368819731 112.33999633789062 31.6299991607666 AB 8.027175035362514 1.1615070229145585
62699.1317 lsst_hardware_i -127.72694954767196 62.099998474121094 31.299999237060547 AB 1.8577524233621128 1.1610952646013204
62699.1437 lsst_hardware_z -88.73600684367878 58.630001068115234 30.959999084472656 AB 1.8543482272448153 1.1589676420280095
62707.1109 lsst_hardware_u -5.757744352234545 2.490000009536743 28.25 AB 6.203817070221618 1.160785306431168
62707.1227 lsst_hardware_g 5.723506315430514 13.510000228881836 31.350000381469727 AB 6.163079573170452 1.1589456056358391
62709.1124 lsst_hardware_r -31.331715355346084 22.670000076293945 31.459999084472656 AB 3.5044304277981726 1.1593197643926247
62709.1243 lsst_hardware_i -39.411549522718666 31.1200008392334 31.219999313354492 AB 3.515350088055782 1.1593525272541467
62716.1099 lsst_hardware_g 1.8593005613992122 13.4399995803833 31.350000381469727 AB 2.052203720546481 1.1602565204503072
62716.1219 lsst_hardware_r -19.027274034063925 22.770000457763672 31.459999084472656 AB 2.078054515756134 1.1648287644372948
62719.1104 lsst_hardware_i 39.07083025807558 34.5 31.239999771118164 AB 2.2865435879529574 1.163240760362705
62719.122 lsst_hardware_z 3.768911395185797 44.38999938964844 30.940000534057617 AB 2.2852577550344035 1.1699271783452578
62722.0496 lsst_hardware_r -11.104099648279828 62.79999923706055 31.610000610351562 AB 4.602778477488777 1.1714388489897205
62722.0616 lsst_hardware_z 25.14685198564992 55.66999816894531 30.959999084472656 AB 4.514399791213602 1.1640051030202672
62723.0515 lsst_hardware_y 55.08005559995182 53.849998474121094 30.020000457763672 AB 3.8567250378878395 1.1681735689498225
62723.0636 lsst_hardware_r 84.58320833278988 73.20999908447266 31.6200008392334 AB 3.7328913985082823 1.1619895403919078
62731.0529 lsst_hardware_r 45.54685644217012 22.799999237060547 31.479999542236328 AB 3.3435016976480907 1.159260917994137
62731.065 lsst_hardware_g 10.122571234171762 13.65999984741211 31.399999618530273 AB 3.361328029134356 1.1594784508914646
62733.0916 lsst_hardware_i -39.55367902652402 31.1299991607666 31.229999542236328 AB 2.4700774397696597 1.1762273522712665
62733.1039 lsst_hardware_z -31.14706813946386 42.779998779296875 30.93000030517578 AB 2.497100329923182 1.1890953952015153
62738.0313 lsst_hardware_g 10.430875414036116 13.489999771118164 31.3700008392334 AB 5.017714808719866 1.1596290290547413
62738.0428 lsst_hardware_r 0.3993599166304454 22.729999542236328 31.469999313354492 AB 4.837454638765151 1.159111352911919
62742.0327 lsst_hardware_r 6.335562341450853 22.6299991607666 31.469999313354492 AB 5.7626287531758615 1.1591910994570502
62742.0432 lsst_hardware_g 10.453663255555144 13.600000381469727 31.3799991607666 AB 6.5045610972408054 1.1615287673644297
62744.0308 lsst_hardware_r 0.8619652576774577 22.579999923706055 31.459999084472656 AB 3.0606536277326475 1.1597045637130334
62744.0413 lsst_hardware_i 11.296276213103656 31.110000610351562 31.229999542236328 AB 3.1359331407530133 1.1628923884127367
62747.0186 lsst_hardware_i -1.2977377509197496 32.560001373291016 31.229999542236328 AB 2.0724611897143843 1.1591486495722494
62747.031 lsst_hardware_z 5.7863693459077625 43.56999969482422 30.93000030517578 AB 2.0210014289400458 1.162051612231938
62748.0129 lsst_hardware_r 41.16372743976756 30.280000686645508 31.530000686645508 AB 2.067024403786658 1.1589707899000044
62748.0236 lsst_hardware_z 46.528186275879875 44.2400016784668 30.940000534057617 AB 2.0857961457619862 1.1605486970438093
62751.0157 lsst_hardware_y -78.9709340422481 51.599998474121094 30.010000228881836 AB 2.9677282982580198 1.1606289785913257
62751.0272 lsst_hardware_r -61.25578258345613 58.130001068115234 31.600000381469727 AB 3.0210564454859217 1.165306247053393
62753.0114 lsst_hardware_i -0.204523596015201 59.900001525878906 31.299999237060547 AB 3.0502420158331116 1.160964989533029
62753.023 lsst_hardware_z -86.65629560201715 57.81999969482422 30.959999084472656 AB 3.0383176151066946 1.1660050331408212
62757.0176 lsst_hardware_r -25.752638162328022 61.56999969482422 31.6200008392334 AB 2.563148690485925 1.1694975013623992
62757.0289 lsst_hardware_i -68.41233714577001 56.83000183105469 31.299999237060547 AB 2.6387224249650902 1.1788782241094968
