data/validation/pwv_sim_epoch_fit_seasonal/17846929.ecsv
# %ECSV 0.9
# ---
# datatype:
# - {name: time, datatype: float64}
# - {name: band, datatype: string}
# - {name: flux, datatype: float64}
# - {name: fluxerr, datatype: float64}
# - {name: zp, datatype: float64}
# - {name: zpsys, datatype: string}
# - {name: pwv, datatype: float64}
# - {name: airmass, datatype: float64}
# meta: {SNID: '17846929', alt: 1024.0, c: 0.021649429574608803, dec: -46.768478, lat: -30.244573, lon: -70.7499537, ra: 277.207794, t0: 61650.9140625,
#   x0: 0.0001691757912293366, x1: 0.44624030590057373, z: 0.13278450071811676}
# schema: astropy-2.0
time band flux fluxerr zp zpsys pwv airmass
61510.4007 lsst_hardware_g 27.915991463791094 14.65999984741211 31.450000762939453 AB 9.839421068917886 1.0430481698499525
61510.4127 lsst_hardware_y 3.774673120280491 50.41999816894531 30.049999237060547 AB 9.796533545581156 1.0441282755748633
61512.3985 lsst_hardware_i 22.59236759254961 30.93000030517578 31.260000228881836 AB 15.253543987612515 1.04297736667436
61512.4106 lsst_hardware_y 37.443380103642795 48.93000030517578 30.049999237060547 AB 15.213931586458616 1.0450923294836763
61517.399 lsst_hardware_z -71.97807341081271 65.9000015258789 30.989999771118164 AB 6.324354345895045 1.0458231999495713
61517.4132 lsst_hardware_r 57.666594711438194 93.43000030517578 31.65999984741211 AB 6.386606253869236 1.0538954214305671
61519.3881 lsst_hardware_i 54.66082392266887 75.25 31.34000015258789 AB 10.310954541974002 1.0441208619502291
61519.3983 lsst_hardware_z -70.71964850267578 67.43000030517578 30.989999771118164 AB 10.37015603923845 1.0479403824104743
61521.3773 lsst_hardware_i -51.3743184683782 56.959999084472656 31.31999969482422 AB 4.194143035806792 1.0431894132090018
61521.3893 lsst_hardware_z -3.3997924470782945 56.779998779296875 30.979999542236328 AB 4.201369337982435 1.0463096825939444
61523.3803 lsst_hardware_g 9.944237094441062 40.68000030517578 31.690000534057617 AB 5.280579262891734 1.045003976956707
61523.3934 lsst_hardware_r 3.74311160442408 43.880001068115234 31.610000610351562 AB 5.303418714025109 1.051465891820066
61525.3831 lsst_hardware_i -20.83771074980375 32.72999954223633 31.260000228881836 AB 12.004751220338383 1.0485567280804493
61525.3954 lsst_hardware_r -45.97331372045977 27.56999969482422 31.549999237060547 AB 12.085902413086183 1.0571684765215192
61527.3325 lsst_hardware_i 14.687078800437781 30.790000915527344 31.25 AB 9.548699541529889 1.0505390430024082
61527.344 lsst_hardware_z 1.3219143909300268 41.400001525878906 30.950000762939453 AB 9.394809085917313 1.0450578810219764
61529.3817 lsst_hardware_r -16.7623107266565 22.790000915527344 31.489999771118164 AB 9.386227766440632 1.0548693826073985
61529.3956 lsst_hardware_i -33.646894762289655 30.65999984741211 31.239999771118164 AB 9.511995447292357 1.068483406667805
61531.3264 lsst_hardware_r -21.95009531804963 22.81999969482422 31.5 AB 3.1644232545346123 1.0478222697134478
61531.3381 lsst_hardware_i 36.24960419446897 30.610000610351562 31.25 AB 3.183924475066715 1.0437385592744517
61534.3334 lsst_hardware_z -25.698493020050076 58.349998474121094 31.709999084472656 AB 8.070474087971924 1.0432023380800888
61534.3468 lsst_hardware_i 49.43442205491807 43.400001525878906 32.0099983215332 AB 8.096253548355694 1.0440379829595867
61536.3226 lsst_hardware_u -1.1109419937198304 2.7200000286102295 28.459999084472656 AB 7.923007777414475 1.0441496807346435
61536.3355 lsst_hardware_g -12.178442457819779 14.010000228881836 31.43000030517578 AB 7.111136919158756 1.0431093064151373
61540.323 lsst_hardware_r -21.078699191954595 22.8700008392334 31.5 AB 7.533651322969236 1.043008628404989
61540.3351 lsst_hardware_i 6.3922207271278 30.479999542236328 31.25 AB 7.991153037146133 1.0454151016674902
61542.3092 lsst_hardware_i 81.73306347620507 47.470001220703125 31.309999465942383 AB 6.573554213723551 1.0435317304038154
61542.3212 lsst_hardware_z 31.80108043053862 48.52000045776367 30.969999313354492 AB 6.551136664960127 1.0433407652428932
61544.2918 lsst_hardware_r 26.209322969127648 95.30999755859375 31.65999984741211 AB 7.680234457860452 1.0473880137547922
61544.3041 lsst_hardware_z -154.74658414449985 66.11000061035156 30.989999771118164 AB 7.589696841466138 1.0434724467541263
61546.3086 lsst_hardware_z -44.89788215218115 82.62000274658203 31.0 AB 6.895716549473988 1.0431459873646454
61546.3221 lsst_hardware_i 27.67565701417568 96.91999816894531 31.34000015258789 AB 6.993934285840741 1.0467610994299283
61550.3082 lsst_hardware_r -75.40903784396464 74.2699966430664 31.649999618530273 AB 7.632586847720465 1.0455598421534884
61550.3214 lsst_hardware_i -16.045553896803263 62.33000183105469 31.329999923706055 AB 7.684300435243468 1.0526438952388313
61552.3038 lsst_hardware_z 55.717199203312646 65.91999816894531 31.719999313354492 AB 4.204067490358268 1.045961392525693
61554.3116 lsst_hardware_g 28.32158449151657 23.31999969482422 31.600000381469727 AB 9.051479105301203 1.053457114654955
61554.3234 lsst_hardware_r 44.86317851586826 28.829999923706055 31.559999465942383 AB 9.127362992040036 1.0640742609705385
61558.2955 lsst_hardware_r -24.293952293062087 23.040000915527344 31.5 AB 9.968074097335894 1.0499801547363576
61558.3054 lsst_hardware_i 2.2815067491995102 30.829999923706055 31.25 AB 10.026081727019767 1.0572503974080083
61559.2745 lsst_hardware_z 29.961754813979294 41.310001373291016 30.950000762939453 AB 9.171336802937025 1.0433038984078218
61559.2877 lsst_hardware_i -2.101228919349474 30.809999465942383 31.260000228881836 AB 9.145724938202045 1.0472603845416042
61561.292 lsst_hardware_u 1.6842896611447638 2.6600000858306885 28.389999389648438 AB 6.667168707342052 1.0530988323080164
61561.3045 lsst_hardware_g -17.171645504438725 14.180000305175781 31.40999984741211 AB 6.738078809792444 1.06429929075856
61572.2741 lsst_hardware_i 106.99029685951703 65.80999755859375 31.329999923706055 AB 7.021805309861653 1.063909895433584
61572.2853 lsst_hardware_z -30.832723265051854 61.02000045776367 30.979999542236328 AB 7.1116837483241 1.0775278406551667
61574.2481 lsst_hardware_z -120.95693195527979 88.91000366210938 31.0 AB 5.658780722698846 1.0479223560553417
61574.2604 lsst_hardware_r -102.62531004354729 133.97999572753906 31.65999984741211 AB 5.350020930002105 1.0561336309802143
61578.218 lsst_hardware_i 85.70206783147728 69.05999755859375 31.329999923706055 AB 2.5926708164825363 1.0429785383101051
61578.2305 lsst_hardware_z -15.83815718242946 62.95000076293945 30.989999771118164 AB 2.5980098047883207 1.0451263043063979
61580.2186 lsst_hardware_r -46.37546784263932 54.13999938964844 31.6299991607666 AB 4.273389295019397 1.0435202380902846
61580.2307 lsst_hardware_z -92.03433415043722 49.72999954223633 30.969999313354492 AB 4.2658014231239045 1.0474221860674449
61582.2138 lsst_hardware_g 4.993915008287713 30.68000030517578 31.649999618530273 AB 6.218681918040663 1.043636482105764
61582.2264 lsst_hardware_r 22.778549731830275 35.09000015258789 31.579999923706055 AB 6.17618992041957 1.047996027220552
61585.2185 lsst_hardware_i -31.636265285532644 30.93000030517578 31.25 AB 2.8810032036282736 1.0481457204565632
61585.2289 lsst_hardware_z -23.70213267489035 41.540000915527344 30.950000762939453 AB 2.965098071596842 1.054944759818533
61587.1927 lsst_hardware_z -29.688904282393835 41.34000015258789 30.950000762939453 AB 7.780705123365734 1.0429783121322238
61587.2052 lsst_hardware_r 27.4480669390801 23.31999969482422 31.5 AB 7.794988694716563 1.0448929785927186
61589.1937 lsst_hardware_u -0.20491797231528625 2.7899999618530273 28.489999771118164 AB 6.950803706729798 1.0434683740634205
61589.2051 lsst_hardware_r -1.293555510628444 23.450000762939453 31.510000228881836 AB 6.967420333429648 1.0469452041216603
61593.1784 lsst_hardware_r 17.005874128462693 23.290000915527344 31.510000228881836 AB 2.3047284797490737 1.0430208838811086
61593.1911 lsst_hardware_u 1.6529423549735733 2.869999885559082 28.559999465942383 AB 2.399131207495718 1.045676830231949
61598.1815 lsst_hardware_i 10.859380498510939 40.720001220703125 31.290000915527344 AB 6.12912003827679 1.047399502418386
61598.1944 lsst_hardware_z 59.48866194832341 46.06999969482422 30.950000762939453 AB 6.142340609819226 1.0557477844309713
61600.1309 lsst_hardware_i 36.47184625080917 61.31999969482422 31.31999969482422 AB 7.913505893359806 1.052059766685327
61600.143 lsst_hardware_z -18.809671921442167 58.310001373291016 30.979999542236328 AB 7.849864808515231 1.0456610723448234
61605.1266 lsst_hardware_r -102.4472746509492 125.12999725341797 31.65999984741211 AB 2.9234823572028685 1.0467801004486013
61605.138 lsst_hardware_z 92.50252275103098 82.86000061035156 31.0 AB 2.9145156273560615 1.0434138109213502
61611.123 lsst_hardware_u 2.931717862458546 2.7200000286102295 28.450000762939453 AB 5.541136995258791 1.0432339254935123
61611.1357 lsst_hardware_g 12.719330170160683 14.270000457763672 31.440000534057617 AB 5.828889547955993 1.0438555780723484
61612.125 lsst_hardware_r 17.996517074509452 23.010000228881836 31.5 AB 9.386852569102157 1.0429836187891286
61612.1367 lsst_hardware_i -11.837308575545224 30.639999389648438 31.25 AB 9.700313889970229 1.0448233253715353
61617.1119 lsst_hardware_i 22.628612371125683 30.65999984741211 31.260000228881836 AB 4.0579356178745085 1.042992362373503
61617.1234 lsst_hardware_z -105.43770442742138 41.20000076293945 30.950000762939453 AB 4.028742545983513 1.0449338726452415
61619.1196 lsst_hardware_r 31.652721608014144 22.8700008392334 31.489999771118164 AB 1.6340223099858933 1.0454954795964126
61619.1314 lsst_hardware_u -3.9729663457076576 2.6700000762939453 28.40999984741211 AB 1.9495662837275785 1.0515459998530627
61622.1045 lsst_hardware_g 7.756839985073342 14.050000190734863 31.420000076293945 AB 2.4567021361174604 1.043628774901307
61622.1171 lsst_hardware_i -60.81900662323936 30.559999465942383 31.25 AB 2.4873347860557646 1.04796072721971
61624.1047 lsst_hardware_z -25.16447147547668 41.36000061035156 30.950000762939453 AB 3.005094616455635 1.045068550323643
61624.1157 lsst_hardware_r -6.176486551510503 23.549999237060547 31.5 AB 2.9403103007131333 1.0502358497606143
61629.0991 lsst_hardware_i -85.23899109708339 68.04222421108504 31.329999923706055 AB 2.8474920281377587 1.0485425413542746
61629.1099 lsst_hardware_z 41.27339513591989 62.76093670773117 30.989999771118164 AB 2.872851024511176 1.0558717394834336
61631.0525 lsst_hardware_z 111.6476733048933 72.98654153436675 30.989999771118164 AB 3.462486712625478 1.0482854110279982
61631.0644 lsst_hardware_r 892.5619223409304 103.45047720259292 31.65999984741211 AB 3.462595730836457 1.0438937988653776
61649.0315 lsst_hardware_i 27353.112606351035 167.42665216678424 31.25 AB 1.8067685994461242 1.0437715768030758
61649.0429 lsst_hardware_u 946.5280831444906 31.09986805111072 28.360000610351562 AB 1.3267721367585699 1.047727404652727
61651.0352 lsst_hardware_g 40508.4522488214 202.38508518408054 31.43000030517578 AB 1.8373693705102685 1.0466856133929847
61651.0462 lsst_hardware_r 44463.352886226145 212.04840801278888 31.489999771118164 AB 1.475612143846283 1.0530684345022536
61653.0275 lsst_hardware_i 28152.88487710428 170.49284853265345 31.260000228881836 AB 1.463037481708832 1.045773753901953
61653.0402 lsst_hardware_r 46117.09680172176 215.0809927039826 31.520000457763672 AB 1.4640170077129286 1.0526816521394418
61655.0212 lsst_hardware_z 23880.19889328253 165.99356604036325 31.709999084472656 AB 2.6562666175542136 1.0454655584194483
61872.4034 lsst_hardware_z 43.01714892171812 61.939998626708984 30.989999771118164 AB 6.543068436318491 1.0439261994046494
61872.4154 lsst_hardware_y 80.67801098965913 62.4900016784668 30.06999969482422 AB 6.51678010083511 1.0431020569564
61878.4183 lsst_hardware_r 1.9380525784028881 37.25 31.600000381469727 AB 14.16024196319425 1.0495157903865886
61880.4051 lsst_hardware_z -24.981530162893314 41.970001220703125 30.950000762939453 AB 4.915199888778115 1.0457872103783223
61880.417 lsst_hardware_y 90.2555466551959 51.970001220703125 30.049999237060547 AB 4.556941663365134 1.0521684745705688
61885.385 lsst_hardware_g 8.119162529477123 14.079999923706055 31.420000076293945 AB 15.341336488721222 1.0438650366560143
61885.396 lsst_hardware_r -13.991230660197287 22.899999618530273 31.489999771118164 AB 15.342265545770784 1.047790032150984
61891.3869 lsst_hardware_r -37.547730106905014 22.8700008392334 31.5 AB 9.358956591634954 1.0521198296824126
61891.3988 lsst_hardware_i 10.570821337692408 30.799999237060547 31.25 AB 9.444057765686608 1.0622440498297776
61897.3674 lsst_hardware_i 0.3273252365972023 32.11000061035156 31.260000228881836 AB 6.290850237885585 1.0500939344632283
61897.3793 lsst_hardware_z -41.58667527816697 41.130001068115234 30.940000534057617 AB 7.33985290276174 1.0592182556839222
61899.3326 lsst_hardware_z -8.93799811493268 92.2699966430664 31.739999771118164 AB 8.639955364412417 1.0433888613331153
61903.3233 lsst_hardware_r 168.42686667604184 86.79000091552734 31.65999984741211 AB 7.27568159716255 1.043183252872973
61903.3354 lsst_hardware_i -52.97071766759271 72.51000213623047 31.329999923706055 AB 6.417616187885786 1.0437694052022095
61908.3365 lsst_hardware_z 98.20058743908226 60.11000061035156 31.700000762939453 AB 7.365483397544137 1.0495754802879476
61910.3086 lsst_hardware_r -3.2723672144718137 23.31999969482422 31.5 AB 7.317176199610658 1.0429642161722779
61910.3194 lsst_hardware_g -12.596741102860435 14.989999771118164 31.450000762939453 AB 7.368091542207287 1.044526728410515
61918.2803 lsst_hardware_z -73.92964497997184 41.400001525878906 30.950000762939453 AB 7.9791359040091185 1.0434562329516512
61918.2916 lsst_hardware_i 8.357217815656705 30.75 31.260000228881836 AB 8.016336720990864 1.0432957426130143
61926.2877 lsst_hardware_r 71.84896735461874 63.880001068115234 31.639999389648438 AB 6.499969121780191 1.049778999762627
61926.3001 lsst_hardware_z 131.57528181702867 53.81999969482422 30.969999313354492 AB 6.721649945656411 1.059194759794555
61928.2851 lsst_hardware_y -53.18498091252955 59.599998474121094 30.049999237060547 AB 4.022671268867718 1.0515871215235106
61928.2978 lsst_hardware_r 78.0511536207586 112.36000061035156 31.649999618530273 AB 3.44012752025282 1.0622595399883157
61944.2103 lsst_hardware_g 10.296284338600618 14.449999809265137 31.440000534057617 AB 3.198199014163508 1.0433162476541757
61944.2234 lsst_hardware_r -4.271614808791497 23.309999465942383 31.5 AB 3.2239185356246125 1.0437615655604637
61950.1044 lsst_hardware_i -32.41332476085124 32.79999923706055 31.239999771118164 AB 4.565379650697044 1.1676162789506508
61950.1109 lsst_hardware_z 51.4196707182117 43.18000030517578 30.940000534057617 AB 4.535696385231717 1.149878662753606
61958.1616 lsst_hardware_i -129.6056279664925 103.31999969482422 31.34000015258789 AB 1.8830272794339435 1.0461262663521909
61958.1735 lsst_hardware_r -1.941927939421257 127.33999633789062 31.65999984741211 AB 2.3470979761003234 1.0431546560444922
61960.1819 lsst_hardware_z 28.51524545282093 75.0199966430664 31.0 AB 2.702561102659617 1.0442662684155752
61960.1944 lsst_hardware_r -52.28380579335903 111.01000213623047 31.65999984741211 AB 2.7161238614244474 1.0495069016322793
61962.1905 lsst_hardware_i -16.00342948191367 56.22999954223633 31.31999969482422 AB 8.199882805504927 1.0504477668704941
61962.202 lsst_hardware_z -61.49678384973256 54.81999969482422 30.979999542236328 AB 8.288204351849593 1.0593759556707758
61964.129 lsst_hardware_i 60.07931117034533 38.11000061035156 31.290000915527344 AB 6.88362725046411 1.0561085086693003
61964.141 lsst_hardware_z -14.941427246822187 45.33000183105469 30.959999084472656 AB 6.8240832125871105 1.0480584451205022
61965.1385 lsst_hardware_i -33.86422458452099 30.799999237060547 31.25 AB 7.871959814736952 1.0479412235899295
61965.1522 lsst_hardware_u -0.22565459996670628 3.640000104904175 28.639999389648438 AB 7.828332891544832 1.0434299089030172
61976.1311 lsst_hardware_i -24.686967644172743 30.579999923706055 31.25 AB 5.752094192273839 1.0430853553855906
61976.1431 lsst_hardware_r -16.050183582981965 22.90999984741211 31.489999771118164 AB 5.8990383255172665 1.0458360651568595
61979.1136 lsst_hardware_g 6.864124370554424 15.920000076293945 31.459999084472656 AB 3.965268504145865 1.043491711617333
61979.1257 lsst_hardware_r -1.6052888000760492 23.860000610351562 31.5 AB 3.86056573970206 1.0433961458654215
61987.1126 lsst_hardware_z 151.0307953537554 113.44999694824219 31.739999771118164 AB 2.471946101698668 1.0456624795679645
61990.1097 lsst_hardware_r 9.539716318110765 80.69999694824219 31.65999984741211 AB 4.611167565726449 1.0479926285741927
61990.1211 lsst_hardware_i 114.93178862028007 64.56999969482422 31.329999923706055 AB 4.644231710050077 1.0555072068295628
61997.0551 lsst_hardware_r 3.045831874767515 22.799999237060547 31.5 AB 3.8707132142056007 1.0461387065420542
61997.0662 lsst_hardware_i -28.388549108992354 30.56999969482422 31.25 AB 3.860022996023746 1.0432494583847962
62006.076 lsst_hardware_i -29.475718892219266 43.38999938964844 32.0 AB 2.673412439526299 1.0543926008780513
62006.0795 lsst_hardware_u 2.1685702729270555 2.740000009536743 28.469999313354492 AB 2.7161080885941784 1.0572627826368932
62011.0344 lsst_hardware_r -75.57441167157029 54.40999984741211 31.639999389648438 AB 5.160873734271114 1.043022177500225
62011.0449 lsst_hardware_i -34.344140462376004 49.540000915527344 31.31999969482422 AB 5.851562490850771 1.0449218733662091
62024.0165 lsst_hardware_r 20.245694975969933 23.18000030517578 31.510000228881836 AB 2.084717320506951 1.0478160354380488
62024.0274 lsst_hardware_i -12.997485379431945 30.889999389648438 31.25 AB 2.0608642221218036 1.0548249377462848
