data/validation/pwv_sim_epoch_fit_seasonal/17879941.ecsv
# %ECSV 0.9
# ---
# datatype:
# - {name: time, datatype: float64}
# - {name: band, datatype: string}
# - {name: flux, datatype: float64}
# - {name: fluxerr, datatype: float64}
# - {name: zp, datatype: float64}
# - {name: zpsys, datatype: string}
# - {name: pwv, datatype: float64}
# - {name: airmass, datatype: float64}
# meta: {SNID: '17879941', alt: 1024.0, c: -0.012950272299349308, dec: -11.567418, lat: -30.244573, lon: -70.7499537, ra: 317.460938,
#   t0: 62028.03515625, x0: 5.6962175465343706e-05, x1: -0.06695352494716644, z: 0.21734380722045898}
# schema: astropy-2.0
time band flux fluxerr zp zpsys pwv airmass
[from data line 132]
62373.0942 lsst_hardware_r -49.11936392298062 125.30000305175781 31.639999389648438 AB 4.210023545950677 1.1235718030292707
62373.1136 lsst_hardware_z 48.46463815145688 84.22000122070312 30.989999771118164 AB 4.2198531083960855 1.0854927610022085
62377.1204 lsst_hardware_g -25.069958795889665 26.31999969482422 31.6200008392334 AB 5.307261562206082 1.0648954744753534
62377.1366 lsst_hardware_i 21.64268141080446 39.400001525878906 31.280000686645508 AB 5.495617760813913 1.056849569387291
62379.1076 lsst_hardware_z 54.3286407544992 42.2599983215332 30.950000762939453 AB 3.5786593731618725 1.0718827994694107
62379.1235 lsst_hardware_r -14.876676045208837 24.3799991607666 31.510000228881836 AB 3.5224986753154965 1.0593980978392472
62386.0863 lsst_hardware_i 21.955749110838845 31.700000762939453 31.25 AB 1.6717367477071063 1.074380943256495
62386.1056 lsst_hardware_z 46.50221203943727 41.779998779296875 30.950000762939453 AB 1.737037132451042 1.0588461642493399
62388.0831 lsst_hardware_r 20.580300445909106 24.200000762939453 31.510000228881836 AB 2.7343447053318344 1.0718016745274062
62388.102 lsst_hardware_u -2.6403512418482706 2.759999990463257 28.440000534057617 AB 2.745436331609044 1.0581075275985525
62391.0909 lsst_hardware_g 11.05623180409438 22.030000686645508 32.220001220703125 AB 3.28733341405078 1.0593195566099392
62391.1095 lsst_hardware_i 44.54358585590339 44.849998474121094 32.0099983215332 AB 3.287468281102805 1.0570637559816094
62394.0603 lsst_hardware_r 26.37239361414058 36.0099983215332 31.59000015258789 AB 1.266538962033424 1.0796666579812766
62394.0788 lsst_hardware_z -45.31310522416815 44.619998931884766 30.959999084472656 AB 1.2634858023675057 1.061455448642542
62402.0654 lsst_hardware_r 57.58086437381478 101.54000091552734 31.649999618530273 AB 1.4471068620031315 1.0575689612691965
62402.086 lsst_hardware_z 59.63222230692823 70.2300033569336 30.989999771118164 AB 1.3771682993583598 1.0593602302756613
62405.0352 lsst_hardware_u -2.194675262702253 2.869999885559082 28.520000457763672 AB 3.5827887364585784 1.0734679493024462
62405.0538 lsst_hardware_g 21.217712709296215 15.270000457763672 31.459999084472656 AB 3.1012588511658064 1.0588114889606715
62408.033 lsst_hardware_r -23.622613419032575 24.200000762939453 31.5 AB 3.6355617146416748 1.0672686492575312
62408.0535 lsst_hardware_z 15.357351532164344 41.93000030517578 30.950000762939453 AB 3.5806460553608 1.0566014032442237
62410.0343 lsst_hardware_r 31.717471854999648 24.15999984741211 31.5 AB 6.4620097289956675 1.06197177101779
62410.0527 lsst_hardware_u 0.3332789659248777 2.7200000286102295 28.399999618530273 AB 6.040999815017275 1.0563958756697167
62412.0249 lsst_hardware_g -2.603092522505991 15.350000381469727 31.450000762939453 AB 2.1082966139408477 1.0648410862107378
62412.0441 lsst_hardware_r -35.351342716784686 24.18000030517578 31.5 AB 3.1217935655828177 1.0564445230400925
62415.0251 lsst_hardware_i -14.328438172564889 31.75 31.260000228881836 AB 3.621187550405334 1.0594463283807296
62415.0442 lsst_hardware_z 18.497765574686703 41.97999954223633 30.950000762939453 AB 3.9900880153483462 1.0571169732013395
62417.028 lsst_hardware_r 10.1867814552712 24.399999618530273 31.510000228881836 AB 4.841711465978015 1.0567384658653012
62417.0453 lsst_hardware_u 1.460770996575678 2.7200000286102295 28.399999618530273 AB 5.920922921858496 1.0594833894351787
62419.0027 lsst_hardware_y 64.05305508899892 48.650001525878906 30.040000915527344 AB 2.5620262592508367 1.0675109413545154
62419.0218 lsst_hardware_g -7.659474389196089 15.65999984741211 31.469999313354492 AB 2.536491792216573 1.0568715800902388
62424.0131 lsst_hardware_y 96.47956946649312 73.31999969482422 30.799999237060547 AB 7.05259700009948 1.0563710166784468
62425.995 lsst_hardware_z 9.06377659667203 82.33000183105469 31.0 AB 6.89224878292104 1.059476652426954
62426.0136 lsst_hardware_r 56.77706141995725 87.88999938964844 31.649999618530273 AB 7.500217528092389 1.0569889646166608
62427.9962 lsst_hardware_y 14.88704066826265 75.08000183105469 30.06999969482422 AB 5.432912131688693 1.0570896257785605
62428.0143 lsst_hardware_z -26.734301482120063 65.3499984741211 30.989999771118164 AB 4.3093821698777734 1.0590330951983062
62429.9983 lsst_hardware_y -64.94071680253705 69.58000183105469 30.059999465942383 AB 3.5872852611640584 1.05640440584965
62430.0168 lsst_hardware_z 68.65787185550289 63.9900016784668 30.979999542236328 AB 3.541966368283848 1.063813295775296
