data/validation/pwv_sim_epoch_fit_seasonal/17916376.ecsv
# %ECSV 0.9
# ---
# datatype:
# - {name: time, datatype: float64}
# - {name: band, datatype: string}
# - {name: flux, datatype: float64}
# - {name: fluxerr, datatype: float64}
# - {name: zp, datatype: float64}
# - {name: zpsys, datatype: string}
# - {name: pwv, datatype: float64}
# - {name: airmass, datatype: float64}
# meta: {SNID: '17916376', alt: 1024.0, c: -0.010350247845053673, dec: -18.839405, lat: -30.244573, lon: -70.7499537, ra: 142.558594,
#   t0: 62958.9453125, x0: 1.2871490079708102e-05, x1: 0.3666454255580902, z: 0.4138522148132324}
# schema: astropy-2.0
time band flux fluxerr zp zpsys pwv airmass
62854.3313 lsst_hardware_g -49.57428221450688 21.579999923706055 31.600000381469727 AB 4.957095123376931 1.0250403480927432
62854.3497 lsst_hardware_y 104.61237924746588 57.720001220703125 30.06999969482422 AB 5.308681174496061 1.0196583343036163
62856.3255 lsst_hardware_i 26.988559787771003 30.549999237060547 31.260000228881836 AB 6.118166690737798 1.0252478744426874
62856.3451 lsst_hardware_z -36.55321887369768 44.540000915527344 30.969999313354492 AB 6.509678802632656 1.0196865292344386
62859.3206 lsst_hardware_r -9.353144132918938 22.290000915527344 31.489999771118164 AB 6.192759595532135 1.0233992776377232
62859.3411 lsst_hardware_y 18.298304891740123 47.59000015258789 30.049999237060547 AB 6.119650268243336 1.0201825878182178
62862.3199 lsst_hardware_r 8.79459346289948 22.299999237060547 31.489999771118164 AB 6.112132686965622 1.0205740081482284
62862.3399 lsst_hardware_y 25.960599769961373 47.220001220703125 30.049999237060547 AB 6.517631483003301 1.0223334744525001
62864.3221 lsst_hardware_z 38.990338682891775 40.7400016784668 30.950000762939453 AB 7.109859398420758 1.019651418374275
62864.3431 lsst_hardware_y -107.06764368184176 48.0 30.059999465942383 AB 7.033868654816745 1.0273170548161374
62871.2809 lsst_hardware_i 67.26260516984256 41.119998931884766 31.290000915527344 AB 10.701068018145785 1.0277300654492223
62871.3047 lsst_hardware_z -44.52353251585373 40.58000183105469 30.950000762939453 AB 10.222123311245817 1.019714031746802
62873.285 lsst_hardware_r -199.47019381278105 110.94999694824219 32.40999984741211 AB 9.806201479752218 1.0221891744008567
62873.3054 lsst_hardware_z 44.698610971531615 81.69000244140625 31.739999771118164 AB 8.454137814807858 1.0207640289144777
62880.2417 lsst_hardware_i 36.77269940298492 52.540000915527344 31.31999969482422 AB 8.209804966878414 1.0424487292081028
62880.2617 lsst_hardware_z -9.014415539977946 52.47999954223633 30.979999542236328 AB 7.354800858055069 1.0242266484468008
62882.2398 lsst_hardware_r 17.55633434728966 34.689998626708984 31.59000015258789 AB 5.252001484494957 1.0381501254190466
62882.259 lsst_hardware_z 12.996404683901213 43.61000061035156 30.959999084472656 AB 4.724381003512778 1.0228146792623463
62884.2277 lsst_hardware_g -11.329277403127218 14.899999618530273 31.469999313354492 AB 6.945931404125177 1.04654684407491
62884.2457 lsst_hardware_r -42.458159267528664 23.65999984741211 31.530000686645508 AB 6.841845950915813 1.0275099045228033
62886.2507 lsst_hardware_i -9.615628043773246 29.959999084472656 31.25 AB 12.124347729004242 1.0217146962644024
62886.2699 lsst_hardware_z 4.237602028603012 40.5 30.950000762939453 AB 12.101518715645343 1.0207586165799354
62888.2314 lsst_hardware_r -12.844706087165084 22.360000610351562 31.479999542236328 AB 9.786829340615892 1.0301925621700938
62888.2507 lsst_hardware_g 33.6708192771963 13.6899995803833 31.40999984741211 AB 9.984113086842859 1.0201750429335346
62890.2061 lsst_hardware_u -2.3271207357074317 2.6700000762939453 28.43000030517578 AB 12.099215376153639 1.0543212875887336
62890.2241 lsst_hardware_r -2.3747441936834064 22.399999618530273 31.5 AB 10.427600505118162 1.0318227295782787
62892.2053 lsst_hardware_i 26.1169937901686 30.3799991607666 31.260000228881836 AB 14.606876414646472 1.0473256592043474
62892.224 lsst_hardware_z -26.476059855595476 40.849998474121094 30.959999084472656 AB 14.480739980980008 1.0274035957983616
62894.2044 lsst_hardware_u -6.636204928493511 2.619999885559082 28.389999389648438 AB 11.058443079976355 1.0412846591314786
62894.222 lsst_hardware_g 3.5353546302021215 13.829999923706055 31.43000030517578 AB 10.346529114444794 1.0250854472699598
62896.2024 lsst_hardware_r -23.414636026878675 22.829999923706055 31.510000228881836 AB 12.720965818859003 1.0372184613199888
62896.22 lsst_hardware_i -35.11683918714346 30.450000762939453 31.260000228881836 AB 12.48827073582347 1.0231814563980384
62898.1815 lsst_hardware_i 11.182662558943756 36.470001220703125 31.280000686645508 AB 11.976234510268956 1.0588598656353791
62898.1994 lsst_hardware_z -18.047325220230455 43.40999984741211 30.959999084472656 AB 11.467438262743793 1.0345938526473792
62907.1727 lsst_hardware_r -78.06977682125556 92.47000122070312 31.65999984741211 AB 3.3364009721192125 1.03684704162818
62907.1907 lsst_hardware_z 72.11503077216373 66.62000274658203 30.989999771118164 AB 3.3023712434061965 1.022828177804942
62909.1667 lsst_hardware_r -45.30522432626695 56.5 31.639999389648438 AB 6.222592896795176 1.0374446310095413
62909.1841 lsst_hardware_i -24.663925066671972 49.88999938964844 31.31999969482422 AB 6.065915995143317 1.0233802713659852
62911.1682 lsst_hardware_z -0.5633841345981112 43.220001220703125 30.959999084472656 AB 1.4338159902315726 1.0305337735254618
62911.185 lsst_hardware_i 78.7671585684087 35.939998626708984 31.280000686645508 AB 1.2345623705925934 1.020861938196895
62915.0945 lsst_hardware_r -30.583858548658373 23.290000915527344 31.469999313354492 AB 6.369800209381894 1.1653494711639196
62915.1061 lsst_hardware_i -35.46079468704044 31.1200008392334 31.229999542236328 AB 6.292160212354586 1.1265169120677958
62920.1549 lsst_hardware_g -5.4523168195640235 14.289999961853027 31.459999084472656 AB 7.991177484509996 1.0229689230338197
62920.1724 lsst_hardware_r -56.4473937500902 22.940000534057617 31.510000228881836 AB 11.201221715893181 1.019838092494068
62922.1321 lsst_hardware_r 16.08261364094045 22.81999969482422 31.510000228881836 AB 8.978723419175074 1.0364550144783886
62922.1496 lsst_hardware_i 28.86756958306376 30.420000076293945 31.260000228881836 AB 8.862937143747844 1.0228924811250217
62924.1267 lsst_hardware_z -18.33331573412156 41.06999969482422 30.950000762939453 AB 8.00558366284565 1.0363885899211147
62924.1444 lsst_hardware_i 39.26616151210634 30.420000076293945 31.260000228881836 AB 7.959200432082796 1.0227705515398093
62926.1309 lsst_hardware_z 9.632347265622142 41.869998931884766 30.950000762939453 AB 4.168086922878972 1.0275926177126942
62926.1494 lsst_hardware_g -31.280286102467738 17.860000610351562 31.530000686645508 AB 4.1716766446696205 1.019803612614803
62928.11 lsst_hardware_r 22.961092459182993 43.56999969482422 31.6200008392334 AB 6.1510864558877945 1.0432643242686217
62928.1293 lsst_hardware_i -75.76325238493875 41.11000061035156 31.299999237060547 AB 5.056055658951932 1.0249973460954176
62936.1111 lsst_hardware_i 75.99048243029964 70.88482818811995 31.34000015258789 AB 7.763699801289151 1.023020134574917
62936.1293 lsst_hardware_z 80.3426111145071 63.73944062239323 30.989999771118164 AB 7.769671989728691 1.0199096862337478
62938.0882 lsst_hardware_z 210.1120554670385 49.40903263971206 30.969999313354492 AB 13.497626643818238 1.0366840740259784
62938.108 lsst_hardware_i 305.0652809472454 49.10238867275515 31.309999465942383 AB 13.242593480769296 1.0219824800424095
62940.0878 lsst_hardware_u 4.892378517367927 3.4135391692834274 28.450000762939453 AB 9.348978634523112 1.0316114355336141
62940.1072 lsst_hardware_g 297.07417666451084 22.48942381040486 31.43000030517578 AB 9.00923769607783 1.020491338049246
62945.0824 lsst_hardware_z 1064.2414872712295 52.18352074351374 30.959999084472656 AB 3.8390287644021277 1.0252903314525401
62945.1012 lsst_hardware_u 7.808905546910668 4.208410864687571 28.59000015258789 AB 5.158768209333129 1.0196369560389922
62947.0675 lsst_hardware_g 1363.4081736732721 39.8349886151955 31.459999084472656 AB 4.027940137930074 1.0327168971703462
62947.0869 lsst_hardware_r 2890.4770231799557 57.65731887678672 31.520000457763672 AB 5.391184884677779 1.0207999655411093
62949.0653 lsst_hardware_i 2281.3620680924837 56.71459095097358 31.260000228881836 AB 4.353891838548553 1.0297960394713914
62949.0844 lsst_hardware_z 1675.562935578901 57.182666341677034 30.959999084472656 AB 5.605198561002617 1.020116214693512
62951.0565 lsst_hardware_i 2690.2949591525085 59.35442167568457 31.260000228881836 AB 7.250966702307078 1.032790898736898
62951.0752 lsst_hardware_u 22.646838306071675 4.947280309855464 28.520000457763672 AB 7.104060301694979 1.021028393043033
62953.0576 lsst_hardware_g 2070.235037978605 48.303733456161744 31.459999084472656 AB 7.290256339617885 1.0272789581424733
62953.0758 lsst_hardware_r 4286.2099838800805 68.99741220896328 31.510000228881836 AB 7.156780019888867 1.0197869766510101
62955.0556 lsst_hardware_i 3243.29768629388 64.4458597525009 31.270000457763672 AB 5.166409138289428 1.0249794937584107
62955.0749 lsst_hardware_r 4694.048654009765 73.87104333443203 31.559999465942383 AB 5.066232953645287 1.0196705149733896
62957.0515 lsst_hardware_z 2341.221396776498 65.88519627656324 30.969999313354492 AB 5.32578167425478 1.0241887835105346
62957.0709 lsst_hardware_g 2716.9057445352387 64.30769158519097 31.700000762939453 AB 5.3028634658737115 1.0197814357449444
62961.0305 lsst_hardware_i 3510.107539766871 93.29654194471703 31.329999923706055 AB 7.921180795616335 1.0315716484605353
62961.0487 lsst_hardware_z 2424.632185575426 81.82530857101516 30.989999771118164 AB 7.9816491645639625 1.0207909065935643
62963.0285 lsst_hardware_i 3656.0723204424403 100.61887943717291 31.34000015258789 AB 10.983418639079632 1.0286347178609216
62963.0481 lsst_hardware_z 2521.7577881013085 85.76363730969632 30.989999771118164 AB 11.019255121628106 1.0198292569762246
62964.0286 lsst_hardware_g 1849.4814096966581 109.38058053935862 31.739999771118164 AB 7.89713421181282 1.0265461792964723
62964.0477 lsst_hardware_r 4688.277514061736 116.80966992008936 31.670000076293945 AB 7.6655675825867995 1.01965117377615
62967.0238 lsst_hardware_i 3129.65508189238 62.756006494165646 31.260000228881836 AB 1.8179873957737225 1.0244106287229842
62967.0411 lsst_hardware_r 4058.3029239127054 73.45570326670072 31.600000381469727 AB 1.7449346160205255 1.0196345633154609
62969.0212 lsst_hardware_u 5.03992872907076 3.2245752728911623 28.520000457763672 AB 6.749978408049321 1.0229177356392227
62969.0393 lsst_hardware_g 1089.5234491008423 35.434350197116665 31.43000030517578 AB 6.7081057069552115 1.0199210450866334
62971.0058 lsst_hardware_r 3094.4956374985168 59.8188878188868 31.489999771118164 AB 11.722159148299495 1.0293204968541694
62971.0228 lsst_hardware_i 2718.023283112258 59.17327684118702 31.25 AB 11.550502031971755 1.0204299783087885
62974.0047 lsst_hardware_z 1716.5464528009425 56.95089436373097 30.959999084472656 AB 10.961103853842474 1.0244022293310724
62974.0227 lsst_hardware_r 2671.7203622500624 56.25151834386016 31.510000228881836 AB 10.91030478796855 1.019654653081173
62976.0026 lsst_hardware_u 4.887610263133776 3.4317375109074715 28.540000915527344 AB 7.100461103360394 1.022679116140054
62976.021 lsst_hardware_g 579.7955313668139 28.534941052198764 31.440000534057617 AB 7.1051311377768895 1.0200461040523854
62977.9998 lsst_hardware_r 2016.5174388787343 50.515287369241136 31.510000228881836 AB 9.306165152246932 1.0215890172069741
62978.0176 lsst_hardware_z 1487.660688908118 55.12932923229938 30.950000762939453 AB 9.51922083289885 1.020463194521942
62984.9754 lsst_hardware_z 1135.2338478624429 55.95587883308395 30.959999084472656 AB 10.839458416952844 1.0239911593172588
62984.9929 lsst_hardware_g 362.6487597242089 32.5106929065118 31.6299991607666 AB 10.789244591859973 1.0196649322091111
62993.9578 lsst_hardware_y 381.85154039316876 73.9597374757945 30.079999923706055 AB 10.410681089005521 1.0210220427937025
62993.9764 lsst_hardware_z 954.0318254641769 61.18566331460572 30.979999542236328 AB 10.034586967649629 1.0211587823252675
62995.9564 lsst_hardware_y 409.0902491545921 67.83298179265336 30.079999923706055 AB 8.893860688056924 1.0200551310995438
62995.9706 lsst_hardware_u 2.2053176844394313 3.8972579262978786 28.68000030517578 AB 7.914342041740189 1.0210517180304284
63217.3146 lsst_hardware_z 7.1365701308222675 40.90999984741211 30.940000534057617 AB 6.956478464948874 1.0481754571060946
63217.3334 lsst_hardware_y 0.9081076757016627 46.93000030517578 30.049999237060547 AB 7.4153493813782125 1.0277684520274133
63219.3203 lsst_hardware_u -1.128633647429052 2.6600000858306885 28.440000534057617 AB 5.072895637961176 1.0345107004203338
63219.3409 lsst_hardware_y 11.25979967338311 48.06999969482422 30.059999465942383 AB 5.355227437713012 1.020983274324913
63223.3186 lsst_hardware_r -12.861189899318797 22.239999771118164 31.5 AB 6.976115252631457 1.0266290136564897
63223.3406 lsst_hardware_y -52.54874349967127 47.43000030517578 30.049999237060547 AB 6.170955488582471 1.019683647696113
63225.318 lsst_hardware_g 15.368284888667159 13.59000015258789 31.420000076293945 AB 6.851357305351291 1.0236728838226579
63225.34 lsst_hardware_y -21.052598410318833 47.45000076293945 30.059999465942383 AB 6.533353039277944 1.0203581195186544
63227.3224 lsst_hardware_i 8.394089406714508 55.380001068115234 31.329999923706055 AB 6.110344738968621 1.020161904245196
63227.343 lsst_hardware_z 108.10233094559335 52.31999969482422 30.979999542236328 AB 6.498433058206009 1.023442439772585
63230.3185 lsst_hardware_r 76.84991790356113 95.11000061035156 31.65999984741211 AB 9.507670885863435 1.019662269244997
63230.3408 lsst_hardware_y -29.83026821913229 55.16999816894531 30.059999465942383 AB 9.108322730703678 1.0271096440204408
