data/validation/pwv_sim_epoch_fit_seasonal/18008493.ecsv
# %ECSV 0.9
# ---
# datatype:
# - {name: time, datatype: float64}
# - {name: band, datatype: string}
# - {name: flux, datatype: float64}
# - {name: fluxerr, datatype: float64}
# - {name: zp, datatype: float64}
# - {name: zpsys, datatype: string}
# - {name: pwv, datatype: float64}
# - {name: airmass, datatype: float64}
# meta: {SNID: '18008493', alt: 1024.0, c: -0.05103592574596405, dec: -22.185358, lat: -30.244573, lon: -70.7499537, ra: 326.601562, t0: 63031.2109375,
#   x0: 4.2874980576725154e-06, x1: 0.8845497965812683, z: 0.6530088186264038}
# schema: astropy-2.0
time band flux fluxerr zp zpsys pwv airmass
63012.4091 lsst_hardware_g 128.77307424076082 19.680009935177093 31.489999771118164 AB 5.662040392313405 1.0160378739646019
63012.4292 lsst_hardware_y 186.51820556263775 51.457676029242656 30.059999465942383 AB 5.053941447610993 1.0103841358678514
63016.4029 lsst_hardware_r 1006.0170323606355 39.770928489344286 31.540000915527344 AB 13.090471433378369 1.0135212413738979
63016.4214 lsst_hardware_y 349.77631638194174 49.35857607943054 30.059999465942383 AB 12.851887518893415 1.0106863415298375
63021.4039 lsst_hardware_z 840.0932350589627 58.397064260553364 30.969999313354492 AB 11.80403700551835 1.010360096338128
63021.4233 lsst_hardware_y 374.81830191116904 52.2518555757017 30.059999465942383 AB 11.381028064109003 1.0169350010373055
63034.4111 lsst_hardware_i 1244.8210650551734 47.494903475170354 31.260000228881836 AB 3.8540595682790997 1.0416377211565133
63034.4261 lsst_hardware_z 958.5489051607353 52.029286953554184 30.950000762939453 AB 3.8431552764248833 1.0681612812298307
63037.3638 lsst_hardware_z 944.7819875507824 50.70493737913612 30.950000762939453 AB 3.7394058293326116 1.010650224143949
63037.3827 lsst_hardware_r 1170.3280128206088 42.853159920122984 31.520000457763672 AB 3.8807460844792816 1.0191257908688343
63045.3189 lsst_hardware_i 977.1008280281806 44.08059223193015 31.270000457763672 AB 5.514411100551548 1.0161067073063474
63045.3384 lsst_hardware_z 807.7024129135556 49.78754868548957 30.959999084472656 AB 5.0874293197323475 1.0103628061630514
63047.319 lsst_hardware_r 842.3917520163037 37.246576216937534 31.520000457763672 AB 3.5986307552949164 1.0131993398451231
63047.3391 lsst_hardware_u 0.9957977499693812 2.846480541712743 28.479999542236328 AB 3.567911388495175 1.0111216857627903
63049.3205 lsst_hardware_y 322.75572161115514 51.70274493715917 30.059999465942383 AB 7.9544029699749705 1.0109922749530955
63049.341 lsst_hardware_r 770.6364455182028 58.5295898625846 31.639999389648438 AB 7.016826547347789 1.0136504859653954
63062.2571 lsst_hardware_u 2.361357658076629 3.0162229708065347 28.520000457763672 AB 5.52091877590858 1.0295899624054416
63062.2803 lsst_hardware_r 323.00246441053355 29.36235010312451 31.520000457763672 AB 5.385756203365856 1.012312617520954
63065.2909 lsst_hardware_r 221.71809786873615 28.422102325235187 31.520000457763672 AB 1.8987213671311025 1.0113478807570015
63065.3131 lsst_hardware_u -0.5477481897943308 2.962429713552992 28.489999771118164 AB 1.845258559134774 1.0251436439637633
63069.2722 lsst_hardware_r 439.5035415153077 39.314427556666026 32.279998779296875 AB 4.9546172925724985 1.0103559717035988
63069.2935 lsst_hardware_i 599.4606856415082 50.383664541702984 32.0099983215332 AB 4.912851416224391 1.0177856673346573
63072.2601 lsst_hardware_z 398.00116591077773 45.11668783731499 30.959999084472656 AB 5.988137565469019 1.010599274100307
63072.2796 lsst_hardware_r 181.43155607585268 27.18710767995262 31.520000457763672 AB 6.032225474246056 1.0143308347479496
63077.3054 lsst_hardware_i 279.5512249368832 43.80719541401361 31.290000915527344 AB 4.724444424912574 1.061553628786108
63077.3243 lsst_hardware_z 315.52262010448214 49.60473363740604 30.959999084472656 AB 4.918838330996596 1.1057917902538292
63083.1226 lsst_hardware_r 108.06455473716049 111.74957589480891 31.610000610351562 AB 2.9508487510865815 1.248948399161928
63083.1491 lsst_hardware_i -72.93601112474913 88.92718689720843 31.31999969482422 AB 2.295616750043522 1.1388870927948678
63084.1507 lsst_hardware_z 124.47666030594817 62.710545102110856 30.969999313354492 AB 2.347412375952499 1.1249580076449675
63084.1711 lsst_hardware_r 190.7166078990667 75.44060453273545 31.639999389648438 AB 1.7167596556282285 1.0718025007824121
63085.2248 lsst_hardware_z 461.18754132576663 75.36029192311345 31.729999542236328 AB 3.1910615810186016 1.0105758200206698
63085.2477 lsst_hardware_r 249.43460304520994 82.56746446478599 32.400001525878906 AB 3.23428641799552 1.0163786994172272
63086.159 lsst_hardware_i 128.77388563203044 39.70882535222884 31.280000686645508 AB 4.15989297387128 1.0869853603008308
63086.1781 lsst_hardware_z 249.2045401809494 47.66060919247919 30.959999084472656 AB 3.4341069719478003 1.048288867323996
63099.1872 lsst_hardware_r 103.60690789784613 25.818652182279575 31.530000686645508 AB 1.7242625467363544 1.010507450714923
63099.2074 lsst_hardware_i 143.04110795859626 33.220586428052876 31.260000228881836 AB 1.7482461648379162 1.0151434229196514
63100.1519 lsst_hardware_z 71.63008101907909 43.50616821977072 30.959999084472656 AB 2.068413293584365 1.0312846735504562
63100.1744 lsst_hardware_r 40.5307854129567 25.95896676555997 31.540000915527344 AB 2.5281638208120576 1.0131567542661197
63102.1587 lsst_hardware_z 198.0948919104806 43.11821326287967 30.950000762939453 AB 2.812432330564773 1.0192741979033335
63102.1762 lsst_hardware_r 64.81227730118724 25.67477273196318 31.530000686645508 AB 3.0124395587044615 1.0109140273624413
63108.1375 lsst_hardware_i 288.1136027829322 92.34277522094048 31.34000015258789 AB 4.195828947739786 1.0233729140828747
63108.1553 lsst_hardware_z 355.2334731670817 79.69182714138987 31.0 AB 4.17654331658911 1.0121068640131934
63113.1303 lsst_hardware_y 138.72146267477126 72.32173524162368 30.809999465942383 AB 1.4252876703886315 1.0180626217061655
63115.1227 lsst_hardware_r 22.697886293006064 24.079999923706055 31.520000457763672 AB 1.334658247902751 1.0196663255130203
63115.14 lsst_hardware_i 44.50791667449675 36.529998779296875 31.290000915527344 AB 0.6096667501887413 1.0110559704622575
63117.0588 lsst_hardware_z -46.27209648313382 42.880001068115234 30.950000762939453 AB 2.577813824133778 1.1306200983042887
63117.0756 lsst_hardware_r 42.763818413072144 24.260000228881836 31.510000228881836 AB 2.4395397281133544 1.083998990496936
63118.0967 lsst_hardware_i 24.44051061573493 31.200000762939453 31.25 AB 2.701161869326161 1.0391748663732345
63118.1181 lsst_hardware_z 23.302799475023807 41.119998931884766 30.950000762939453 AB 2.6379187332464444 1.0170615858809064
63121.0964 lsst_hardware_r -36.44207862730924 23.860000610351562 31.5 AB 3.2438768709477106 1.0291487534729544
63121.1143 lsst_hardware_u -2.7010818924310507 2.690000057220459 28.399999618530273 AB 3.0826996026705364 1.014463053120703
63123.0995 lsst_hardware_g -7.468406795288922 15.180000305175781 31.469999313354492 AB 1.2943279007149797 1.0207633286400737
63123.1165 lsst_hardware_i -54.965396085356126 31.030000686645508 31.260000228881836 AB 1.2681102329690426 1.0114538249005325
63125.9862 lsst_hardware_z 73.57421709684454 87.55000305175781 31.690000534057617 AB 8.061717604762261 1.3612784067929409
63128.0926 lsst_hardware_u -3.853183253218936 2.9000000953674316 28.559999465942383 AB 5.662035894818946 1.0159155313670358
63128.1123 lsst_hardware_g -15.058637431230812 15.199999809265137 31.479999542236328 AB 5.642631895462786 1.010379353371709
63132.9836 lsst_hardware_y -28.798680427999383 71.45999908447266 29.989999771118164 AB 3.1588949649564455 1.2617914779136037
63133.0017 lsst_hardware_i -6.287708233710632 38.689998626708984 31.260000228881836 AB 3.3593027714276924 1.1785648829707727
63136.0582 lsst_hardware_z -85.10434243626388 72.25 31.0 AB 2.87327382444014 1.0261692230143358
63136.0762 lsst_hardware_i 41.2692399592966 80.52999877929688 31.34000015258789 AB 2.836720999737011 1.0131146427632183
63142.0635 lsst_hardware_r 47.661325232962895 48.599998474121094 31.639999389648438 AB 2.963482514327108 1.0117727942393677
63142.0824 lsst_hardware_i 6.166730444323729 49.91999816894531 31.31999969482422 AB 2.968223602574245 1.0118369192346592
63146.0404 lsst_hardware_r 21.50446900328929 24.059999465942383 31.520000457763672 AB 3.937633593549908 1.017914759211523
63146.0589 lsst_hardware_u -2.2137553163348875 2.8499999046325684 28.520000457763672 AB 4.805949091083599 1.0105023320192597
63150.0251 lsst_hardware_z -32.541207044038636 41.310001373291016 30.950000762939453 AB 3.5011267657065033 1.021332195363624
63150.0436 lsst_hardware_r 4.055294954402465 24.110000610351562 31.520000457763672 AB 3.05328011723426 1.0112431388499425
63152.0262 lsst_hardware_u -0.4223325022992814 2.809999942779541 28.479999542236328 AB 5.772935029988141 1.0164512773990917
63152.0451 lsst_hardware_g 15.716190850090355 15.3100004196167 31.459999084472656 AB 4.846344399321131 1.0103567198027674
63156.0281 lsst_hardware_z 44.55029427820309 41.2599983215332 30.950000762939453 AB 7.129706183106287 1.011042922612033
63156.0468 lsst_hardware_r 18.485544338189253 24.309999465942383 31.530000686645508 AB 6.613527887789023 1.0127655579677108
63158.0081 lsst_hardware_y -62.68814129198539 48.2400016784668 30.049999237060547 AB 4.1224175231329045 1.0175877376392575
63158.0252 lsst_hardware_u -4.353852259216918 2.869999885559082 28.520000457763672 AB 4.126814758586423 1.0106072630308371
63160.0104 lsst_hardware_y 41.7627318854346 47.54999923706055 30.059999465942383 AB 3.378438713402424 1.013227645727009
63160.0286 lsst_hardware_i -35.78465761361808 32.15999984741211 31.270000457763672 AB 3.338317334748481 1.0107435034814625
63161.9955 lsst_hardware_y 71.05251993398943 74.2699966430664 30.079999923706055 AB 3.8779555268785653 1.0187942798901866
63162.0128 lsst_hardware_r -42.05949175493868 40.310001373291016 31.610000610351562 AB 4.021849405027679 1.0108323983732779
63164.0052 lsst_hardware_y -28.267815164844407 98.48999786376953 30.829999923706055 AB 3.649303108528675 1.011284144339719
63166.9985 lsst_hardware_z -17.51571635642216 78.19000244140625 31.0 AB 4.1954550199341805 1.0109530168515088
63167.0166 lsst_hardware_i -0.33346039223004365 68.45999908447266 31.34000015258789 AB 3.6291809565225326 1.0127004808453377
