data/validation/pwv_sim_epoch_fit_seasonal/18153780.ecsv
# %ECSV 0.9
# ---
# datatype:
# - {name: time, datatype: float64}
# - {name: band, datatype: string}
# - {name: flux, datatype: float64}
# - {name: fluxerr, datatype: float64}
# - {name: zp, datatype: float64}
# - {name: zpsys, datatype: string}
# - {name: pwv, datatype: float64}
# - {name: airmass, datatype: float64}
# meta: {SNID: '18153780', alt: 1024.0, c: -0.15160152316093445, dec: -58.730057, lat: -30.244573, lon: -70.7499537, ra: 122.218933, t0: 61809.01171875,
#   x0: 2.099144128239609e-06, x1: 0.9274389147758484, z: 0.8721259832382202}
# schema: astropy-2.0
time band flux fluxerr zp zpsys pwv airmass
[from data line 131]
62172.177 lsst_hardware_i -57.97046532906121 51.5099983215332 32.02000045776367 AB 7.670332785639252 1.1420983897616515
62172.1893 lsst_hardware_r -54.11026613646865 49.130001068115234 32.31999969482422 AB 7.828762785930968 1.148754627429316
62174.1811 lsst_hardware_u -1.224115697540175 2.609999895095825 28.389999389648438 AB 5.636764053550488 1.1469659280802702
62174.193 lsst_hardware_g -0.5541387539243693 12.789999961853027 31.360000610351562 AB 5.713802151278048 1.1560550634856952
62176.1544 lsst_hardware_g -9.948641404255717 12.829999923706055 31.3799991607666 AB 6.378678631025179 1.1390497555402106
62176.1669 lsst_hardware_r -18.701087171972212 21.809999465942383 31.469999313354492 AB 6.489044220410866 1.1424373627483815
62178.1721 lsst_hardware_z -15.052300261564275 42.18000030517578 30.940000534057617 AB 3.100163722144832 1.1482087859795673
62178.1812 lsst_hardware_r -7.489880412969024 21.829999923706055 31.450000762939453 AB 3.1192351545468253 1.1552722794617871
62180.1462 lsst_hardware_i -24.463226505623005 30.600000381469727 31.229999542236328 AB 4.214664737222502 1.1394835382825284
62180.158 lsst_hardware_u 1.1038806391134226 2.490000009536743 28.270000457763672 AB 4.152671524136432 1.1433304643716227
62182.168 lsst_hardware_r 26.235671036927986 22.06999969482422 31.469999313354492 AB 4.465272635155277 1.153320525653537
62182.1788 lsst_hardware_z -12.626071767019733 42.779998779296875 30.940000534057617 AB 4.493519805039239 1.1637223252000792
62184.1439 lsst_hardware_i 8.239160369260638 30.40999984741211 31.229999542236328 AB 3.620075783096256 1.1419797423016116
62184.1558 lsst_hardware_r 28.94091280131478 21.790000915527344 31.459999084472656 AB 3.3749570040424426 1.1482700325632984
62188.1475 lsst_hardware_r -2.598288066537703 21.959999084472656 31.469999313354492 AB 5.754387224341057 1.1501107043986125
62188.1594 lsst_hardware_i -35.031259348938235 30.739999771118164 31.229999542236328 AB 5.833612643508278 1.1605330192655727
62190.1411 lsst_hardware_z 40.46611770920585 45.59000015258789 30.950000762939453 AB 8.769912982531363 1.1494364799018792
62190.1541 lsst_hardware_r -24.172101466736404 34.77000045776367 31.559999465942383 AB 9.02038178510044 1.1607002232645487
62192.1512 lsst_hardware_z 89.96449826715978 70.37999725341797 31.700000762939453 AB 10.122160608295863 1.1634110176672607
62194.1466 lsst_hardware_r -3.676241567412256 75.80000305175781 31.6200008392334 AB 9.058142713934958 1.16436052624654
62194.1569 lsst_hardware_z -11.422536936584601 57.90999984741211 30.959999084472656 AB 9.160646472278232 1.1771583747466245
62196.141 lsst_hardware_r -20.5432352560159 88.45999908447266 31.6200008392334 AB 4.747252738533617 1.1642081431865177
62196.1527 lsst_hardware_y 37.754669490465744 54.7599983215332 30.010000228881836 AB 4.8117453531580745 1.178915926291333
62199.084 lsst_hardware_z 46.10857729747975 68.33000183105469 31.700000762939453 AB 5.166047077371007 1.1387737412919667
62199.141 lsst_hardware_g 34.38782671426511 55.86000061035156 31.649999618530273 AB 6.2497388042380555 1.1741376092128357
62199.1523 lsst_hardware_r 2.4399270875259553 54.5099983215332 31.59000015258789 AB 6.4601816938394 1.1907071594948666
62200.1646 lsst_hardware_r 135.89694371679323 44.810001373291016 31.56999969482422 AB 12.50041301419722 1.2182154234812739
62200.1915 lsst_hardware_i 4.184095299702949 43.7599983215332 31.25 AB 15.068340602540198 1.2847810660116696
62202.1441 lsst_hardware_r -4.024927344931071 21.889999389648438 31.450000762939453 AB 10.165577526963105 1.1906972213133944
62202.1558 lsst_hardware_u 0.03165274457525305 3.0 28.420000076293945 AB 10.321862314412641 1.21154543720792
62204.0739 lsst_hardware_i 63.1848578863386 30.700000762939453 31.229999542236328 AB 12.194511915397825 1.138751657417465
62204.0879 lsst_hardware_u 1.9065116358900742 2.5799999237060547 28.360000610351562 AB 11.700745302146942 1.1414804450657958
62208.0743 lsst_hardware_i 61.89915645304304 43.0099983215332 31.979999542236328 AB 11.93173908391065 1.14061076242275
62208.0868 lsst_hardware_r 10.525302412232314 30.8700008392334 32.209999084472656 AB 14.950791982936831 1.1461156390837002
62211.0657 lsst_hardware_u 2.4322952417152073 2.5199999809265137 28.309999465942383 AB 8.879507654275919 1.1404941971497986
62211.0796 lsst_hardware_g 2.0214720697376083 12.699999809265137 31.34000015258789 AB 8.92915485346908 1.146711381958983
62213.0577 lsst_hardware_r -27.03816794722986 30.90999984741211 32.22999954223633 AB 7.805093748751513 1.1398457464405276
62213.0706 lsst_hardware_i -59.51314717859097 43.15999984741211 31.989999771118164 AB 7.951662261024558 1.144700534229379
62216.0611 lsst_hardware_z 27.94387017691848 42.5099983215332 30.950000762939453 AB 4.4711692722937535 1.1440335885098838
62216.0745 lsst_hardware_r 9.206587089124524 22.600000381469727 31.479999542236328 AB 4.5743418326584635 1.1528079215369111
62220.0531 lsst_hardware_r 10.603256909892403 41.36000061035156 31.59000015258789 AB 11.803746276956756 1.1455869700388412
62220.064 lsst_hardware_z 0.7208917446723041 46.4900016784668 30.950000762939453 AB 11.914806963957826 1.153157431102166
62222.0514 lsst_hardware_r -44.47391519436864 59.060001373291016 31.6200008392334 AB 7.331128942566774 1.1478803145981378
62222.0624 lsst_hardware_y -35.406091823790696 51.09000015258789 30.020000457763672 AB 7.262887801488334 1.1565261430998288
62224.0358 lsst_hardware_z 68.57230749807769 85.41000366210938 31.729999542236328 AB 7.426010697817033 1.1424631842795436
62226.0274 lsst_hardware_r -56.30295831787197 79.5999984741211 31.6200008392334 AB 6.823523650353821 1.141343756854365
62226.0416 lsst_hardware_i 6.67483376138062 64.5199966430664 31.299999237060547 AB 6.873027798175698 1.1486314631233412
62228.0257 lsst_hardware_z 53.18462625589811 46.93000030517578 30.950000762939453 AB 8.921576380081897 1.1428150785758193
62228.0387 lsst_hardware_r -75.94544564779697 40.43000030517578 31.579999923706055 AB 9.043341766605673 1.1504548087446789
62232.0211 lsst_hardware_r 39.7782475663485 21.809999465942383 31.469999313354492 AB 9.282876873073924 1.1460341818609783
62232.0352 lsst_hardware_z 42.90223957916055 42.040000915527344 30.940000534057617 AB 9.368705208487299 1.156630272652753
62234.0159 lsst_hardware_r -16.521668398252455 30.739999771118164 32.20000076293945 AB 8.69622460621187 1.1461880968152087
62234.0269 lsst_hardware_u -2.3534556537226328 2.509999990463257 28.299999237060547 AB 8.853966874532304 1.1541125623983017
62236.0129 lsst_hardware_g 23.58056109643698 12.630000114440918 31.329999923706055 AB 6.52301506434419 1.1477109288896261
62236.0256 lsst_hardware_r 3.192038735414718 21.729999542236328 31.450000762939453 AB 6.571216665924703 1.1578726339676142
62238.0129 lsst_hardware_i -30.825986586293453 30.469999313354492 31.239999771118164 AB 5.737869156256912 1.1516044468152358
62238.0232 lsst_hardware_z -71.02932350862774 42.08000183105469 30.940000534057617 AB 5.769725874906557 1.1609106388141965
62244.0105 lsst_hardware_g 4.542980712472349 13.149999618530273 31.3700008392334 AB 12.464189106854576 1.1648774866219231
62244.0227 lsst_hardware_i -35.90534494237008 31.18000030517578 31.229999542236328 AB 12.631081437179853 1.1804749006710145
