data/validation/pwv_sim_epoch_fit_seasonal/18151655.ecsv
# %ECSV 0.9
# ---
# datatype:
# - {name: time, datatype: float64}
# - {name: band, datatype: string}
# - {name: flux, datatype: float64}
# - {name: fluxerr, datatype: float64}
# - {name: zp, datatype: float64}
# - {name: zpsys, datatype: string}
# - {name: pwv, datatype: float64}
# - {name: airmass, datatype: float64}
# meta: {SNID: '18151655', alt: 1024.0, c: 0.05855109915137291, dec: -57.780128, lat: -30.244573, lon: -70.7499537, ra: 248.534485, t0: 60443.69140625,
#   x0: 2.199026760041838e-05, x1: -0.29281705617904663, z: 0.3296049237251282}
# schema: astropy-2.0
time band flux fluxerr zp zpsys pwv airmass
60386.4065 lsst_hardware_i 87.6907807909752 41.599998474121094 31.280000686645508 AB 8.067507060736007 1.1285988963363072
60388.3706 lsst_hardware_r -5.066503728507602 22.75 31.469999313354492 AB 5.901773228944641 1.1354658941085054
60388.3826 lsst_hardware_y -6.254408462776113 47.790000915527344 30.020000457763672 AB 6.416356662059537 1.130170854049942
60390.3922 lsst_hardware_r -14.801189349228963 22.979999542236328 31.479999542236328 AB 6.354002369825445 1.1282966118841242
60390.4038 lsst_hardware_y 13.704999528827702 52.630001068115234 30.020000457763672 AB 6.428873263089317 1.1304507232441212
60394.3732 lsst_hardware_z 35.26525629010584 86.01000213623047 31.719999313354492 AB 8.464859478809046 1.128647930507873
60396.356 lsst_hardware_r -70.92894596985471 87.16999816894531 31.6299991607666 AB 8.958550369920822 1.1318684794273397
60398.3766 lsst_hardware_z -41.45902516651881 86.2699966430664 31.719999313354492 AB 8.322736919171959 1.1290680454696516
60400.3845 lsst_hardware_z 23.51630413675309 51.540000915527344 30.959999084472656 AB 7.584951754348033 1.1337745522193974
60400.3973 lsst_hardware_r 70.45578418146563 57.790000915527344 31.6200008392334 AB 7.674246984578038 1.1422560072305281
60402.3721 lsst_hardware_i 39.774347109677485 38.310001373291016 31.270000457763672 AB 6.522406353472618 1.130808007536996
60402.3841 lsst_hardware_z 71.16645048500929 45.709999084472656 30.950000762939453 AB 7.098807868766032 1.1366579636154357
60404.3772 lsst_hardware_i -22.487748931696988 31.799999237060547 31.239999771118164 AB 9.225344518069374 1.1357764872969374
60404.3886 lsst_hardware_u -1.8768723621366359 3.2300000190734863 28.510000228881836 AB 9.288922931478934 1.144132154762642
60414.317 lsst_hardware_u 3.9703392273080387 3.7699999809265137 29.149999618530273 AB 11.020383519805007 1.1289063224549278
60414.3291 lsst_hardware_g -25.74785571382202 19.139999389648438 32.13999938964844 AB 11.11682443212136 1.1284970492458999
60416.3233 lsst_hardware_r -63.53064555306262 22.719999313354492 31.489999771118164 AB 15.596773351423591 1.1284632975616236
60416.3344 lsst_hardware_i 1.656652590090642 31.010000228881836 31.25 AB 16.631694322904256 1.1309974378618364
60419.3146 lsst_hardware_z 19.663503635302966 42.1777366170062 30.940000534057617 AB 4.018577677543114 1.1284177402718467
60419.326 lsst_hardware_u 2.9067237122135503 2.657897092221527 28.3799991607666 AB 4.0251491542449855 1.1309246043301295
60431.3066 lsst_hardware_r 3383.9614687732346 68.32182414046954 31.56999969482422 AB 10.28532661613825 1.1377573690418419
60431.3188 lsst_hardware_i 2409.9133664234073 61.92097910405869 31.270000457763672 AB 10.361806464516448 1.147741079366022
60434.2877 lsst_hardware_i 3494.522160451356 66.63179343680258 31.239999771118164 AB 10.263402172932567 1.1319512708649573
60434.2998 lsst_hardware_z 2968.345109873074 66.95665181846852 30.940000534057617 AB 9.49289146860348 1.1387142648118103
60442.2545 lsst_hardware_r 13813.74878552497 121.32977177748174 32.22999954223633 AB 7.953163988263815 1.1287487919761139
60442.2658 lsst_hardware_i 10706.965002494157 111.2657654232849 31.979999542236328 AB 7.933891411248237 1.1319307684577202
60444.2852 lsst_hardware_z 3858.055420714588 73.74407500405657 30.940000534057617 AB 8.246541853240544 1.1496242084467352
60444.2968 lsst_hardware_i 5475.45986120238 79.7741842346969 31.229999542236328 AB 8.444603417328334 1.163115111885818
60446.2173 lsst_hardware_z 3811.5630661875916 73.5926464278997 30.940000534057617 AB 7.832586912607379 1.1328589691361894
60446.234 lsst_hardware_r 13175.149954845945 119.56300983478917 32.220001220703125 AB 7.816323794173482 1.1283851298070906
60446.25 lsst_hardware_u 21.667003868973083 5.297656534266032 28.329999923706055 AB 7.2332362483800186 1.1301931638093778
60448.2131 lsst_hardware_y 1829.4438087969472 80.21750584081482 30.770000457763672 AB 8.947390889791938 1.13229446846266
60461.213 lsst_hardware_g 1090.3206362465276 36.52473908157355 31.40999984741211 AB 7.746724165356331 1.1315694077354366
60461.2266 lsst_hardware_r 3346.392203827147 63.19109095309219 31.5 AB 7.794448854967485 1.1390952145802742
60463.1898 lsst_hardware_r 2793.2831858550176 58.07840091022968 31.479999542236328 AB 10.739071661462761 1.1282907818305066
60463.2021 lsst_hardware_i 3302.4137429487605 64.3581831137527 31.239999771118164 AB 10.790569454661956 1.1297842586809712
60465.1888 lsst_hardware_z 2119.002108798425 61.726315501676524 30.940000534057617 AB 9.19479511880758 1.1284264821608812
60465.2006 lsst_hardware_r 2522.0231149355614 54.68883442313883 31.479999542236328 AB 9.13437738284177 1.1310171654965457
60483.1362 lsst_hardware_z 3079.950910622988 131.77700027023343 31.739999771118164 AB 3.900788471724252 1.1282922761513492
60484.1294 lsst_hardware_r 728.4522205569295 113.8620062852705 31.639999389648438 AB 3.9891704720236003 1.1284782099076662
60484.1421 lsst_hardware_z 1619.4560510883439 83.78497776924527 30.979999542236328 AB 4.056840798377706 1.1291742532537186
60486.1298 lsst_hardware_r 728.1388999488166 70.03939753820545 31.6200008392334 AB 6.842786781214325 1.128334863750404
60486.1417 lsst_hardware_y 639.6419656618517 55.283477079086374 30.020000457763672 AB 6.866090983163157 1.1304998737405378
60492.1073 lsst_hardware_z 1050.923635687446 51.857288827382085 30.940000534057617 AB 9.883844568793416 1.1285074674169455
60492.1199 lsst_hardware_r 585.7111939204784 33.31907687093611 31.479999542236328 AB 9.911124471011606 1.1291082998095512
60494.1036 lsst_hardware_u 5.457186058833459 3.2756254405928975 28.3700008392334 AB 10.037700801391773 1.1283703792700754
60494.1163 lsst_hardware_g 154.1331866959319 18.412578714362006 31.389999389648438 AB 10.019892110864408 1.1295110033665405
60496.1061 lsst_hardware_r 544.3470595472306 32.507081967590295 31.479999542236328 AB 5.97637669520436 1.1286475141237657
60496.1176 lsst_hardware_z 725.9384021390367 50.810063990674394 30.940000534057617 AB 5.956270205605361 1.1316536172777982
60498.1038 lsst_hardware_r 514.8553665438169 32.08041135011962 31.469999313354492 AB 1.9414149350697079 1.129167275147106
60498.1155 lsst_hardware_u -0.23957730771077954 3.5249030537902732 28.31999969482422 AB 1.9400886888999869 1.1331190629222156
60500.1055 lsst_hardware_g 129.46263317239624 17.867985187725893 31.399999618530273 AB 9.760421867426748 1.1312059340266658
60500.1192 lsst_hardware_r 449.60517186907913 31.967849172847323 31.479999542236328 AB 9.906989707295516 1.1384727312451484
60505.1028 lsst_hardware_r 518.9107433271383 40.8600209430191 31.559999465942383 AB 7.306353862554071 1.1366597050709646
60505.1154 lsst_hardware_z 548.2150376678576 51.27301970837963 30.950000762939453 AB 7.313663919346169 1.1464920578988116
60507.0456 lsst_hardware_i 739.5402382989032 58.306210065706615 31.290000915527344 AB 1.8724060410748926 1.1355944856412974
60507.0578 lsst_hardware_z 608.4413982974414 57.219768710477894 30.950000762939453 AB 1.8669159176344763 1.1302084053887862
60510.0266 lsst_hardware_i 863.4450164009523 83.45866566906034 31.31999969482422 AB 3.397224852845629 1.143333470780445
60510.0346 lsst_hardware_r 603.3245665268221 99.498413145302 31.6299991607666 AB 3.3502106816611157 1.1373352998736388
60512.0471 lsst_hardware_z 155.88548802705242 104.47000122070312 31.729999542236328 AB 5.842366699630667 1.1294326190606052
60515.045 lsst_hardware_r 16.01476213276884 41.0 31.579999923706055 AB 5.303817690339166 1.1284718490083332
60515.0581 lsst_hardware_i -53.53154653098889 44.599998474121094 31.280000686645508 AB 5.30783217310515 1.1293259942776914
60522.0232 lsst_hardware_g -6.6977074265314664 13.40999984741211 31.360000610351562 AB 4.142664825759588 1.1287915056565634
60522.0346 lsst_hardware_r 15.04636262496539 22.520000457763672 31.469999313354492 AB 4.139601651285832 1.128597519378166
60524.0371 lsst_hardware_i -23.311128753583493 30.950000762939453 31.229999542236328 AB 2.457365415428429 1.1302562278704922
60524.0476 lsst_hardware_r 25.132724799382686 22.600000381469727 31.469999313354492 AB 1.79436239188775 1.1347148346676328
60526.0258 lsst_hardware_u 1.5189134685883887 2.5899999141693115 28.34000015258789 AB 0.8225893858373841 1.1288966868765564
60526.038 lsst_hardware_g -0.729573844962047 13.449999809265137 31.3700008392334 AB 0.8540164894531567 1.132647863996229
60528.0236 lsst_hardware_r -0.03419902602922523 22.610000610351562 31.469999313354492 AB 4.047775735962422 1.1295592956501808
60528.0357 lsst_hardware_i -40.564013508134636 31.059999465942383 31.229999542236328 AB 3.987817782103677 1.1341916331352893
60532.0048 lsst_hardware_i -0.6376923956477331 31.770000457763672 31.239999771118164 AB 11.38935511570691 1.1283851107848526
60532.0168 lsst_hardware_u 0.017784111508046638 3.240000009536743 28.530000686645508 AB 11.344555975153433 1.1307523834595135
60534.0061 lsst_hardware_g 15.411036395479279 28.31999969482422 31.610000610351562 AB 2.385188631131691 1.129306118507804
60534.0171 lsst_hardware_r -79.8326287183364 33.34000015258789 31.559999465942383 AB 2.454548977612686 1.1330866601789662
60536.0084 lsst_hardware_i -13.156307695488406 48.97999954223633 31.290000915527344 AB 4.567738021041725 1.1316786673376835
60536.0201 lsst_hardware_r -27.365817745060028 55.13999938964844 31.610000610351562 AB 4.599553947332883 1.1379401156192188
60538.0125 lsst_hardware_z 89.04486636854068 85.69000244140625 31.719999313354492 AB 4.546209676228818 1.1365524190572045
60540.0075 lsst_hardware_r -70.40296254630377 88.52999877929688 31.6299991607666 AB 2.620802491337766 1.1368431859475563
60540.0194 lsst_hardware_i -37.63498832643171 71.05999755859375 31.31999969482422 AB 2.663551546609574 1.1461065174739993
60542.0077 lsst_hardware_z 115.89027408677357 60.41999816894531 30.969999313354492 AB 3.0022618309071953 1.1408214683624553
60542.0184 lsst_hardware_r -61.74812264263902 82.69000244140625 31.6299991607666 AB 3.092098909071503 1.1504770838663658
60750.3905 lsst_hardware_r 9.606459621257867 112.98999786376953 32.380001068115234 AB 8.691165392236167 1.130509080439157
60750.4062 lsst_hardware_y 21.62939929408928 92.7699966430664 30.790000915527344 AB 8.64184840675717 1.1283013913729305
60752.3926 lsst_hardware_i -12.753333448170869 61.529998779296875 31.309999465942383 AB 8.064774994483562 1.1287298802636196
60752.4063 lsst_hardware_y 65.01084761149701 62.2400016784668 30.040000915527344 AB 8.097562778548628 1.1288948527183367
60754.3886 lsst_hardware_i -77.41799460953685 51.209999084472656 31.299999237060547 AB 6.329229667074004 1.1285402080964257
60754.4017 lsst_hardware_y -91.34404270095683 56.38999938964844 30.030000686645508 AB 6.436344701814824 1.1290512282449112
60760.3743 lsst_hardware_u -3.3648815751645724 2.819999933242798 28.469999313354492 AB 8.462682479656882 1.128357663954251
60760.3879 lsst_hardware_g 9.242752803879043 14.420000076293945 31.420000076293945 AB 7.2482391369849575 1.1296250505703933
60762.3725 lsst_hardware_r -16.85321997788757 22.81999969482422 31.489999771118164 AB 9.020947597006758 1.128276610982251
60762.3834 lsst_hardware_i -8.339291516116644 31.219999313354492 31.239999771118164 AB 8.354036953653424 1.1298782016775553
60764.3753 lsst_hardware_z 27.316318864451684 42.27000045776367 30.940000534057617 AB 8.2377828053813 1.1292368478932557
60764.3871 lsst_hardware_r 27.328798470562553 22.75 31.479999542236328 AB 8.32840056836665 1.133372724205017
60767.3783 lsst_hardware_u -1.9319094847818843 2.5799999237060547 28.329999923706055 AB 11.984673013429987 1.133079189766869
60767.3909 lsst_hardware_g -0.9238581052363748 13.5600004196167 31.3700008392334 AB 11.965294663828429 1.1409554290272905
60769.3734 lsst_hardware_r 7.876396550077371 22.59000015258789 31.469999313354492 AB 8.714324621175319 1.1333495410554606
60769.3848 lsst_hardware_z -78.27975959449732 42.29999923706055 30.93000030517578 AB 9.350853569299314 1.1404638970585785
60771.3669 lsst_hardware_r -32.322675026289936 22.59000015258789 31.469999313354492 AB 20.448045163763197 1.1328556877431297
60771.3794 lsst_hardware_u 3.4255330348007695 2.5799999237060547 28.329999923706055 AB 21.96053002934053 1.140510518272684
60775.3223 lsst_hardware_r 23.44774762812591 56.810001373291016 31.6200008392334 AB 5.89953764483461 1.1305044830574182
60775.3338 lsst_hardware_i 8.543402012081303 48.040000915527344 31.299999237060547 AB 5.3370368996210225 1.1283376109135352
60778.3207 lsst_hardware_z 20.87829703393676 66.86000061035156 30.979999542236328 AB 13.755863612387243 1.1288869361298208
60778.3318 lsst_hardware_r 159.24226811793613 96.9000015258789 31.639999389648438 AB 13.749275180544736 1.1284465749262151
60782.3212 lsst_hardware_r -7.953149733693515 75.12000274658203 31.639999389648438 AB 15.684432121468072 1.1284778934413577
60782.3333 lsst_hardware_z -61.96451882596012 59.880001068115234 30.979999542236328 AB 15.640522948753803 1.1313558298022581
60790.2999 lsst_hardware_u 1.9705122951999894 2.6600000858306885 28.389999389648438 AB 14.39685828082288 1.1285383895866647
60790.3139 lsst_hardware_g 0.07506795626257462 13.5 31.3700008392334 AB 14.531905736763933 1.1323562911764105
60792.2908 lsst_hardware_r -20.857516076439758 22.579999923706055 31.469999313354492 AB 3.041225928351442 1.128295289541422
60792.3019 lsst_hardware_i -41.38836801574221 30.8799991607666 31.239999771118164 AB 2.2664096199148807 1.1300031344099455
60794.2548 lsst_hardware_z 29.635825387178752 42.41999816894531 30.940000534057617 AB 12.140911969316655 1.138441743102504
60794.2671 lsst_hardware_r 28.723918756514973 22.639999389648438 31.469999313354492 AB 12.041203998789687 1.1317186962841879
60800.2782 lsst_hardware_i 39.05198190656003 31.040000915527344 31.239999771118164 AB 10.21388497193344 1.1295213401577826
60800.2905 lsst_hardware_r 2.225636357808743 22.8799991607666 31.489999771118164 AB 10.294030507244834 1.1342451067592647
60802.2663 lsst_hardware_z -14.593083300505782 45.47999954223633 30.950000762939453 AB 8.303220474708255 1.128461602977474
60802.2793 lsst_hardware_g -17.93097234716269 19.049999237060547 31.520000457763672 AB 8.360821351580643 1.1315992896502192
60804.2814 lsst_hardware_r -67.38740937337516 61.4900016784668 31.6299991607666 AB 9.793802113238717 1.135250042104864
60804.2936 lsst_hardware_i 17.258774931874452 52.7599983215332 31.299999237060547 AB 9.49262739051394 1.1440231461586865
60806.2776 lsst_hardware_z 160.5581798909476 69.02999877929688 30.979999542236328 AB 8.976249731391691 1.136234143214138
60806.2894 lsst_hardware_r -70.64491188553194 98.55999755859375 31.6299991607666 AB 9.046579433532894 1.1451366371560625
60808.279 lsst_hardware_z 164.05050027135871 117.83000183105469 31.739999771118164 AB 8.027880852607908 1.140999292091613
60810.2776 lsst_hardware_r -71.7229350879858 89.88999938964844 31.6299991607666 AB 8.174148415736173 1.1443578910452434
60810.2898 lsst_hardware_z -43.88554536541875 70.6500015258789 30.969999313354492 AB 8.25859796336554 1.1569094296232458
60812.2154 lsst_hardware_r 45.260966478752486 67.93000030517578 31.6200008392334 AB 7.858079004700797 1.1328321486834403
60812.2288 lsst_hardware_i 15.41752771166167 57.970001220703125 31.299999237060547 AB 7.857675595165449 1.128760141040847
60814.2781 lsst_hardware_z -38.316015860040714 47.15999984741211 30.950000762939453 AB 8.646380697698715 1.155997642163496
60814.2894 lsst_hardware_r 24.275399298086345 42.459999084472656 31.579999923706055 AB 8.864924837294645 1.1708023117712096
60823.1064 lsst_hardware_z -154.78966626235206 62.119998931884766 31.68000030517578 AB 9.454019725651468 1.249705185148948
60823.117 lsst_hardware_i 28.396651224713573 45.25 31.979999542236328 AB 9.281293657359827 1.2236379245036444
60824.2181 lsst_hardware_g -20.782927230518876 14.0 31.399999618530273 AB 10.074663625595907 1.1311797176835856
60824.2306 lsst_hardware_r 5.723672708695991 23.110000610351562 31.489999771118164 AB 10.131942425902068 1.137610961402231
60826.192 lsst_hardware_r -28.211653998554212 23.1299991607666 31.489999771118164 AB 8.760060529527294 1.128582907694833
