data/validation/pwv_sim_epoch_fit_seasonal/18228879.ecsv
# %ECSV 0.9
# ---
# datatype:
# - {name: time, datatype: float64}
# - {name: band, datatype: string}
# - {name: flux, datatype: float64}
# - {name: fluxerr, datatype: float64}
# - {name: zp, datatype: float64}
# - {name: zpsys, datatype: string}
# - {name: pwv, datatype: float64}
# - {name: airmass, datatype: float64}
# meta: {SNID: '18228879', alt: 1024.0, c: -0.0795140191912651, dec: -24.132875, lat: -30.244573, lon: -70.7499537, ra: 37.96875, t0: 60179.95703125,
#   x0: 3.0449334681946327e-05, x1: 0.1689847707748413, z: 0.2860428988933563}
# schema: astropy-2.0
time band flux fluxerr zp zpsys pwv airmass
[from data line 133]
60581.2077 lsst_hardware_i -16.03750034501244 30.709999084472656 31.239999771118164 AB 4.415106105923179 1.0994246372914593
60581.2273 lsst_hardware_z 49.03209295227754 41.040000915527344 30.940000534057617 AB 4.874097646185226 1.054885325437796
60583.205 lsst_hardware_r 57.24764223112686 22.65999984741211 31.479999542236328 AB 5.2411442661357475 1.0921325830664903
60583.2262 lsst_hardware_g -15.977788373974839 13.720000267028809 31.40999984741211 AB 4.418969211630042 1.0471284243905492
60587.2138 lsst_hardware_z 2.523684559903527 41.119998931884766 30.950000762939453 AB 7.083570509347516 1.0496770327509286
60587.2343 lsst_hardware_i 1.1538486618566168 30.079999923706055 31.25 AB 6.869209073210591 1.0215070187561446
60589.2055 lsst_hardware_u 2.039862754805795 2.7300000190734863 28.479999542236328 AB 4.814754936666268 1.0548071061616024
60589.2252 lsst_hardware_g 14.680959478369347 13.819999694824219 31.43000030517578 AB 4.143965652237863 1.0254168022858927
60592.2165 lsst_hardware_r 11.894561041062902 22.68000030517578 31.510000228881836 AB 2.7043653072993727 1.0260001165852821
60592.2345 lsst_hardware_i -39.01476861811087 30.25 31.260000228881836 AB 2.6749761293905254 1.0106962705506555
60593.2133 lsst_hardware_z -56.431986148466024 58.849998474121094 31.709999084472656 AB 3.6955667305274837 1.026546314035412
60594.2198 lsst_hardware_z 45.82758158623909 42.38999938964844 30.959999084472656 AB 5.594596774987731 1.017199413634133
60594.2372 lsst_hardware_r -1.4707000882953167 27.559999465942383 31.559999465942383 AB 5.539917887383997 1.0072577977061814
60597.0969 lsst_hardware_z -45.47029800824703 58.279998779296875 30.920000076293945 AB 8.835788405379587 1.425127162157998
60597.1169 lsst_hardware_r 104.29958757426073 64.62999725341797 31.56999969482422 AB 8.001935276788634 1.290634722062683
60598.1045 lsst_hardware_z 89.49957536202528 91.20999908447266 31.700000762939453 AB 10.522344117597145 1.3504035058518613
60600.0939 lsst_hardware_r -121.48411522515192 122.55999755859375 31.579999923706055 AB 11.710717378496234 1.3860477427501756
60600.1132 lsst_hardware_z 55.33216075955943 81.23999786376953 30.969999313354492 AB 10.919445801793948 1.2657781068538152
60602.0953 lsst_hardware_r -74.75498893480749 91.25 31.579999923706055 AB 4.389217821752813 1.3390947515072267
60602.1134 lsst_hardware_y -5.160349181269347 57.029998779296875 29.989999771118164 AB 4.037844575462678 1.2368005438281833
60604.0984 lsst_hardware_g 15.784146662043497 13.960000038146973 31.350000381469727 AB 5.606152672392792 1.287143306713992
60604.1176 lsst_hardware_r -35.24876524972201 23.260000228881836 31.469999313354492 AB 5.204715604455739 1.1928301614489853
60606.1027 lsst_hardware_i 10.730309411073215 32.08000183105469 31.229999542236328 AB 3.830725031906428 1.23571775222788
60606.1219 lsst_hardware_z 54.02374165531558 42.81999969482422 30.950000762939453 AB 3.579375402283424 1.15463722654304
60608.1032 lsst_hardware_r 7.725966292126258 23.360000610351562 31.479999542236328 AB 2.7608841470881655 1.207911979183972
60608.1214 lsst_hardware_u -0.2105781912780725 2.740000009536743 28.450000762939453 AB 2.5841238892578247 1.1373784723845541
60609.1154 lsst_hardware_u -1.4723250026342618 2.7799999713897705 28.469999313354492 AB 4.860487602271142 1.1485988819860913
60609.1203 lsst_hardware_r -2.9837784537176524 23.1200008392334 31.5 AB 4.813083156261568 1.132001839895316
60614.1112 lsst_hardware_u 0.3420552584249206 2.8499999046325684 28.540000915527344 AB 6.040869017044708 1.1177307563724692
60614.1285 lsst_hardware_g -19.629497067606348 13.989999771118164 31.440000534057617 AB 4.946064823013979 1.0726276408025401
60616.1101 lsst_hardware_r 11.614737321747976 22.979999542236328 31.5 AB 4.44815897582782 1.1050411500069113
60616.1291 lsst_hardware_i 13.406109408511755 30.639999389648438 31.260000228881836 AB 4.142429402960058 1.0599418490238257
60617.1487 lsst_hardware_r -12.78699923501878 22.530000686645508 31.510000228881836 AB 5.229913227736459 1.0254731819091096
60617.1662 lsst_hardware_i -26.21193229607173 30.100000381469727 31.260000228881836 AB 5.154659690076095 1.0107175862894304
60623.1405 lsst_hardware_z -28.757962778114916 42.310001373291016 30.959999084472656 AB 8.964620286098878 1.0173003558828135
60623.1618 lsst_hardware_i -21.458878743282376 33.66999816894531 31.280000686645508 AB 8.888553356548595 1.0063842420563154
60624.1314 lsst_hardware_g -27.140797484973223 36.209999084472656 31.68000030517578 AB 2.628258294352144 1.023465067894137
60624.1501 lsst_hardware_i 13.250086841857671 37.91999816894531 31.290000915527344 AB 2.7369347702154982 1.0091942368051248
60625.1531 lsst_hardware_z 30.65572736246549 67.41999816894531 31.719999313354492 AB 4.237216645641594 1.0071026728668024
60628.0103 lsst_hardware_z -131.85997163510956 99.62999725341797 30.950000762939453 AB 8.029334502527815 1.4407346925001956
60628.0294 lsst_hardware_r 124.2528888497112 100.33999633789062 31.59000015258789 AB 7.31476481640879 1.307375302307177
60631.1758 lsst_hardware_r 71.59451255790093 82.72000122070312 31.65999984741211 AB 5.873160958022752 1.0208127271660756
60631.196 lsst_hardware_i 83.0957725556845 66.79000091552734 31.329999923706055 AB 5.921482169805172 1.0479572019832903
60634.0159 lsst_hardware_y -77.29934013121554 77.66999816894531 29.969999313354492 AB 5.848830956213297 1.2904916887225764
60634.0339 lsst_hardware_i -5.845111181484063 32.41999816894531 31.219999313354492 AB 5.421357095608846 1.2004776562464228
60645.0262 lsst_hardware_y -36.935798760366524 65.58000183105469 30.040000915527344 AB 7.741761731042671 1.1188055876067255
60645.0422 lsst_hardware_r 13.185867552606277 22.889999389648438 31.5 AB 6.773524692445033 1.0763586035984833
60647.0314 lsst_hardware_y -13.0321869913305 57.27000045776367 30.040000915527344 AB 4.724986373524177 1.089208477068736
60647.0539 lsst_hardware_r -18.52978616422882 22.1200008392334 31.489999771118164 AB 3.593113187686859 1.0430945967738752
60649.0331 lsst_hardware_y -92.02142705621986 54.959999084472656 30.049999237060547 AB 3.4835831329374933 1.0722566458536378
60649.0542 lsst_hardware_z 50.17535625640374 40.84000015258789 30.950000762939453 AB 3.5363565759356455 1.0344761082153733
