data/validation/pwv_sim_epoch_fit_seasonal/18257873.ecsv
# %ECSV 0.9
# ---
# datatype:
# - {name: time, datatype: float64}
# - {name: band, datatype: string}
# - {name: flux, datatype: float64}
# - {name: fluxerr, datatype: float64}
# - {name: zp, datatype: float64}
# - {name: zpsys, datatype: string}
# - {name: pwv, datatype: float64}
# - {name: airmass, datatype: float64}
# meta: {SNID: '18257873', alt: 1024.0, c: 0.023473819717764854, dec: -34.409527, lat: -30.244573, lon: -70.7499537, ra: 59.414062, t0: 61037.24609375,
#   x0: 6.293102675840289e-06, x1: 0.7689341306686401, z: 0.5579656362533569}
# schema: astropy-2.0
time band flux fluxerr zp zpsys pwv airmass
60888.3573 lsst_hardware_z 80.48687727864613 45.18000030517578 30.920000076293945 AB 7.153648392766703 1.3746001715484457
60888.376 lsst_hardware_r 20.099366956560257 23.0 31.459999084472656 AB 7.9587020580034835 1.2656633451196933
60890.3823 lsst_hardware_r -37.136045371213385 22.559999465942383 31.459999084472656 AB 3.289202216131856 1.2107492820117263
60890.4037 lsst_hardware_i 7.26075037178379 30.549999237060547 31.229999542236328 AB 3.0816913551751854 1.1320036813426664
60894.3778 lsst_hardware_z 19.359344980840586 75.31999969482422 31.709999084472656 AB 3.578200732748915 1.1844751535954037
60896.3625 lsst_hardware_r -13.21943484208105 82.54000091552734 31.610000610351562 AB 6.006280946875725 1.2257716218113723
60896.3805 lsst_hardware_i 28.150734580334024 63.029998779296875 31.309999465942383 AB 4.552371799351764 1.1544476245186215
60897.3782 lsst_hardware_z -17.853161480586987 83.18000030517578 31.719999313354492 AB 5.995409884294686 1.1529634392874395
60899.3643 lsst_hardware_z 41.0568539216136 54.439998626708984 30.959999084472656 AB 3.688309150669981 1.1838895227508297
60899.3839 lsst_hardware_r -42.088498347001554 62.90999984741211 31.6299991607666 AB 3.4601940949179224 1.1176337515884762
60902.3827 lsst_hardware_z 6.299580845595367 64.70999908447266 31.709999084472656 AB 5.399692725215619 1.0984287625459812
60902.414 lsst_hardware_i -32.20210022550969 54.650001525878906 32.04999923706055 AB 5.111891822728749 1.0360892793423806
60904.342 lsst_hardware_u 0.6781874565077289 3.859999895095825 28.649999618530273 AB 5.404913221708709 1.2197953558359484
60904.3594 lsst_hardware_g 25.852256769294087 20.09000015258789 31.540000915527344 AB 5.165111948799497 1.1518982936662572
60906.3628 lsst_hardware_i -50.45781879735845 30.68000030517578 31.239999771118164 AB 2.607920457635226 1.1234983123899736
60906.3807 lsst_hardware_r 17.411809670306916 22.270000457763672 31.489999771118164 AB 1.997299783834337 1.0769049876892542
60910.3569 lsst_hardware_r 23.510372738232377 21.989999771118164 31.469999313354492 AB 2.224743046352085 1.1090443900060243
60910.3755 lsst_hardware_i -17.18729149858523 29.90999984741211 31.239999771118164 AB 2.434551226686462 1.064750153809955
60912.3381 lsst_hardware_i 34.59195372115653 30.969999313354492 31.229999542236328 AB 2.214719490111241 1.1500555576327358
60912.3554 lsst_hardware_z -2.5751897236973336 41.7599983215332 30.940000534057617 AB 2.141384344241531 1.098427465627869
60919.2994 lsst_hardware_i -16.90919030365489 31.420000076293945 31.219999313354492 AB 1.946286169945426 1.2271665636478095
60919.3161 lsst_hardware_u 1.4392205018512307 2.5199999809265137 28.290000915527344 AB 1.8512073050349096 1.1600860442017293
60920.2655 lsst_hardware_z -41.58615159507725 48.88999938964844 30.920000076293945 AB 4.083391143736722 1.4051183931649318
60920.2734 lsst_hardware_r -1.2334860879913607 35.75 31.510000228881836 AB 3.9513125486770413 1.352147334648658
60932.3282 lsst_hardware_r 23.552829334000982 31.34000015258789 31.56999969482422 AB 1.696967925453405 1.0419369169790356
60932.3449 lsst_hardware_i 61.017831447776466 34.2599983215332 31.280000686645508 AB 1.507915698154035 1.0203557222199402
60934.2697 lsst_hardware_r -1.843987404630561 22.399999618530273 31.459999084472656 AB 4.82547518937338 1.180207530419056
60934.2874 lsst_hardware_i 46.02084721607458 30.6299991607666 31.239999771118164 AB 4.54250042323492 1.1204062541894395
60938.2543 lsst_hardware_r 1.6415910097671007 22.290000915527344 31.450000762939453 AB 8.266159381326341 1.1979941132357015
60938.2714 lsst_hardware_u 2.9993262459863193 2.5399999618530273 28.31999969482422 AB 7.838195907466758 1.1359704213719939
60940.2607 lsst_hardware_g -9.081728667777824 12.890000343322754 31.34000015258789 AB 1.826882824103776 1.1533351162271313
60940.2781 lsst_hardware_i 7.803374526758755 30.25 31.229999542236328 AB 1.810055304864655 1.100672122143299
60941.2519 lsst_hardware_z 16.146920578692583 42.470001220703125 30.93000030517578 AB 2.011194414712506 1.1752207331783244
60941.2689 lsst_hardware_r 30.33460396470285 21.850000381469727 31.459999084472656 AB 1.9620541857514582 1.1186169816142864
60943.2597 lsst_hardware_u 2.1269141563665936 2.569999933242798 28.34000015258789 AB 6.596445722468308 1.1298508231463564
60943.277 lsst_hardware_g 12.723720164403733 12.859999656677246 31.3700008392334 AB 6.538032803114436 1.0830534737351358
60945.1963 lsst_hardware_z -1.1933860579968238 45.61000061035156 30.90999984741211 AB 5.619371968741208 1.4119025047088463
60945.215 lsst_hardware_u -2.0794758636500816 2.4200000762939453 28.149999618530273 AB 4.275671938126436 1.2940895696508585
60947.2076 lsst_hardware_r -29.29885776616987 24.969999313354492 31.459999084472656 AB 5.269962000426701 1.3048766920831374
60947.2275 lsst_hardware_i 23.56839395188102 31.110000610351562 31.219999313354492 AB 5.554719749360301 1.2072853182700067
60950.2189 lsst_hardware_z 39.39578927668353 47.380001068115234 30.940000534057617 AB 4.012755879845039 1.2090255739213736
60950.2391 lsst_hardware_r -4.469987538355253 41.34000015258789 31.59000015258789 AB 3.8329326856587667 1.134507232694618
60952.2284 lsst_hardware_z 15.55320908760763 72.91000366210938 31.709999084472656 AB 3.020564022645868 1.1517513988037191
60955.1962 lsst_hardware_z 58.2404628644242 67.66000366210938 30.959999084472656 AB 5.627497069237433 1.250207624379324
60955.2159 lsst_hardware_r 93.30607393694548 94.83999633789062 31.6299991607666 AB 4.799702693445116 1.1669827235609085
60957.2146 lsst_hardware_r -71.80308530142534 74.81999969482422 31.6299991607666 AB 3.527365983038626 1.152263285598766
60957.2344 lsst_hardware_y -133.86297386768086 52.09000015258789 30.040000915527344 AB 3.3102309045802683 1.093688624861509
60959.2118 lsst_hardware_g -12.630085914293943 48.619998931884766 31.670000076293945 AB 4.115944816427746 1.1433180045632627
60959.2317 lsst_hardware_r 35.101231125433216 49.36000061035156 31.6200008392334 AB 3.912816232831681 1.0868933980088002
60963.1908 lsst_hardware_z -30.593202999741866 42.75 30.940000534057617 AB 7.857136761304982 1.1791600942428688
60963.21 lsst_hardware_r -4.59055305661214 22.139999389648438 31.479999542236328 AB 7.029084423419937 1.1152556203860702
60965.2105 lsst_hardware_g -15.359629001094236 13.149999618530273 31.3799991607666 AB 5.733561547690611 1.0989623935388588
60965.2311 lsst_hardware_i -5.152612445293619 29.989999771118164 31.25 AB 5.487136373931985 1.0537493636626458
60968.1887 lsst_hardware_r -14.96189880112899 22.09000015258789 31.459999084472656 AB 2.458543600440359 1.1385221010799331
60968.2073 lsst_hardware_z -119.0226360778737 41.13999938964844 30.940000534057617 AB 2.3404631738938217 1.0864819375909425
60970.1663 lsst_hardware_u -2.486515501196671 2.5399999618530273 28.290000915527344 AB 4.52751422566971 1.2006136901802467
60970.1845 lsst_hardware_g 5.871122345473756 13.119999885559082 31.360000610351562 AB 3.1312150003015016 1.134498188515037
60974.1896 lsst_hardware_i 46.219324293551644 30.360000610351562 31.239999771118164 AB 1.3631902257785342 1.0896804362738082
60974.2082 lsst_hardware_z -11.162833186082183 40.95000076293945 30.950000762939453 AB 1.304364069776081 1.0507766405281789
60976.1867 lsst_hardware_r -13.14278425789672 23.280000686645508 31.5 AB 2.2790354122739407 1.0835350613027697
60976.2042 lsst_hardware_z 11.62508064970737 40.880001068115234 30.950000762939453 AB 2.199248425948917 1.0482594975922226
60979.1553 lsst_hardware_r 33.495838579909 39.09000015258789 31.56999969482422 AB 4.185327034157111 1.1496571993289688
60979.1705 lsst_hardware_z 21.709397261299618 45.02000045776367 30.950000762939453 AB 3.684566579809094 1.1036593020245902
60981.1631 lsst_hardware_y -131.28246479334473 70.91000366210938 30.770000457763672 AB 4.324867937359044 1.1089404967587293
60982.1291 lsst_hardware_z 89.65033170236046 79.9000015258789 31.700000762939453 AB 4.766323718726899 1.2195804645127997
60997.1265 lsst_hardware_g -16.367317231601245 13.140000343322754 31.3799991607666 AB 5.181985024224272 1.0904276972430442
60997.1455 lsst_hardware_r -8.200900528605878 21.780000686645508 31.479999542236328 AB 4.89347724347584 1.0506096813860426
60999.1067 lsst_hardware_r 7.458299321016858 22.190000534057617 31.469999313354492 AB 6.4974424386624285 1.130186543514077
60999.1243 lsst_hardware_u -1.2808251422985346 2.609999895095825 28.389999389648438 AB 6.244300793924965 1.0826077025905103
61004.11 lsst_hardware_i -50.82527074156055 30.290000915527344 31.239999771118164 AB 5.531221330342203 1.0841280537715021
61004.1267 lsst_hardware_z -11.446246462167272 40.709999084472656 30.940000534057617 AB 8.059082138144925 1.0500660780661806
61006.1121 lsst_hardware_r -33.67479197688698 25.572012332334268 31.530000686645508 AB 4.0699640575495115 1.06741489871261
61006.1287 lsst_hardware_z 46.01024411940931 41.36148792741868 30.950000762939453 AB 3.737090096846037 1.0380805824572326
61009.1365 lsst_hardware_z 33.7498178679691 65.00816332230852 31.709999084472656 AB 5.34451022987679 1.0185354671259783
61011.0361 lsst_hardware_y 3.6702354116162335 56.20150280428606 29.979999542236328 AB 8.995126420864443 1.287040552420152
61011.0524 lsst_hardware_z -8.45374358225919 56.46574409909752 30.950000762939453 AB 7.589629555191982 1.2088284710029835
61013.0416 lsst_hardware_y 6.196270030558903 56.952104568961964 30.0 AB 5.485670151900003 1.2324579087622485
61013.0656 lsst_hardware_i 156.04464295756793 71.8976857369656 31.31999969482422 AB 3.932619820156282 1.1392843861203077
61015.0421 lsst_hardware_z 268.0637102407583 55.93892149895082 30.950000762939453 AB 3.9469628815650024 1.2061923390832003
61015.0656 lsst_hardware_u 9.937321743868656 10.330931427996106 29.200000762939453 AB 3.830623804444131 1.1223352699985245
61020.0421 lsst_hardware_y 246.4693279584108 52.13670005370754 30.020000457763672 AB 11.54645430063289 1.153953058228352
61020.0641 lsst_hardware_z 552.4467275400362 46.88431139381349 30.940000534057617 AB 10.847987814615447 1.0894470890414547
61022.0419 lsst_hardware_y 188.8921356451534 53.633350486843035 30.030000686645508 AB 12.79671210769238 1.1364753203989681
61022.0625 lsst_hardware_u -6.266429436089443 2.9116931300875115 28.489999771118164 AB 12.099319160691302 1.080296353633152
61024.0431 lsst_hardware_y 221.2201523520432 52.64499693436746 30.020000457763672 AB 8.578421467230331 1.1162626820390937
61024.0644 lsst_hardware_r 1422.870449451898 42.99830384920724 31.479999542236328 AB 8.17121520514871 1.0644639514868899
61026.0442 lsst_hardware_y 376.43018115980954 53.20883292329829 30.030000686645508 AB 11.99961782744295 1.0983129218290089
61026.0658 lsst_hardware_r 1658.976219255181 45.75793596280457 31.479999542236328 AB 11.466384449300664 1.051519723293783
61028.0438 lsst_hardware_z 1088.864562164691 56.10011777893866 30.950000762939453 AB 4.501379051411777 1.0857161243155937
61028.0655 lsst_hardware_g 618.8780671130462 27.69244113153143 31.40999984741211 AB 4.3420286442377884 1.0428794630091116
61030.0458 lsst_hardware_y 860.7508277002576 75.34747817242814 30.790000915527344 AB 4.773776857396174 1.0690152889460895
61030.0701 lsst_hardware_i 3320.8975714612366 71.14406228739836 32.0 AB 4.489541108500018 1.028610304376225
61034.0449 lsst_hardware_y 546.2954890563202 55.47608494153059 30.049999237060547 AB 7.512521341282181 1.0498702205174382
61034.0667 lsst_hardware_g 606.0997446465939 29.08351790705564 31.459999084472656 AB 7.2445194302473555 1.0200675063711317
61036.0456 lsst_hardware_y 565.6652804617424 54.463368517708865 30.049999237060547 AB 6.530588028631072 1.0398611565831093
61036.0674 lsst_hardware_z 1438.9493013395029 55.32068010386825 30.950000762939453 AB 6.501361795392969 1.014371696437644
61256.3739 lsst_hardware_r -2.3507838925139115 46.95000076293945 31.56999969482422 AB 2.286885204350579 1.2392802769240854
61256.3938 lsst_hardware_i 0.5356592682517411 43.25 31.270000457763672 AB 2.369403830649029 1.1580663883915094
61258.3713 lsst_hardware_z 55.38373006332634 45.15999984741211 30.940000534057617 AB 3.200174386693479 1.226120454671831
61258.3896 lsst_hardware_i -20.388662447295225 35.20000076293945 31.25 AB 3.331529510773426 1.153676568530318
61260.3743 lsst_hardware_u 1.0243637791745552 2.809999942779541 28.3700008392334 AB 2.9797274937855525 1.1902246829580796
61260.3939 lsst_hardware_g 11.031412235558278 15.729999542236328 31.450000762939453 AB 1.5712972658949527 1.1223551899249662
61263.3693 lsst_hardware_z -14.396209305204687 42.70000076293945 30.93000030517578 AB 6.360078550887951 1.1777923242385093
61263.389 lsst_hardware_u 0.880211544936163 2.5899999141693115 28.360000610351562 AB 6.714515866375962 1.1128109603694658
61266.3462 lsst_hardware_r -26.421165744999044 22.790000915527344 31.459999084472656 AB 4.344066517957731 1.2411618622736373
61266.3642 lsst_hardware_g 1.8765974445021762 13.329999923706055 31.3799991607666 AB 4.082019034932355 1.1662911528378157
61268.3688 lsst_hardware_i 60.72282839105354 30.709999084472656 31.239999771118164 AB 6.186904437728686 1.1323031547819704
61268.3875 lsst_hardware_z -4.5902330625571865 41.25 30.940000534057617 AB 5.191816063721929 1.0816283466087353
61272.3281 lsst_hardware_u -2.3064534899706253 2.640000104904175 28.350000381469727 AB 3.0541248111188475 1.2493863003145216
61272.351 lsst_hardware_g 10.195308321268325 13.239999771118164 31.3700008392334 AB 3.0638015472506774 1.1549892739070158
61274.3656 lsst_hardware_z 45.89940129730793 41.58000183105469 30.950000762939453 AB 2.0581950107595883 1.0950272724058994
61274.3841 lsst_hardware_g 8.739795041492304 13.010000228881836 31.389999389648438 AB 1.3017800096419365 1.0547846128091316
61276.3441 lsst_hardware_z 66.32328545156763 47.45000076293945 30.950000762939453 AB 3.66119364478827 1.1414477458420171
61276.3631 lsst_hardware_r 23.783876661292528 36.7599983215332 31.59000015258789 AB 3.507520608793635 1.0876876064171284
61278.3393 lsst_hardware_i 5.07906940077002 56.380001068115234 31.299999237060547 AB 2.707740061044109 1.1393015684617571
61278.357 lsst_hardware_z -28.16416471255358 53.599998474121094 30.969999313354492 AB 2.5284979651739015 1.089243810385081
61297.2242 lsst_hardware_r 16.218397040072805 23.139999389648438 31.420000076293945 AB 1.8085976307751372 1.4754025539973927
61297.2367 lsst_hardware_i -41.96466096734999 32.220001220703125 31.209999084472656 AB 1.6946246113482353 1.382426603411205
61297.2858 lsst_hardware_z 58.58331938312579 42.33000183105469 30.940000534057617 AB 2.384280535853472 1.1446377992573202
61297.3095 lsst_hardware_r -42.954523841970904 21.75 31.469999313354492 AB 1.7766583860868985 1.0789423397288858
61303.2613 lsst_hardware_z -58.665340965313405 44.38999938964844 30.940000534057617 AB 8.095472845092097 1.1732569340713184
61303.2787 lsst_hardware_i -69.96706773564786 33.810001373291016 31.25 AB 7.699998018074867 1.1159417417499806
61305.2571 lsst_hardware_z -77.61816396975738 48.56999969482422 30.950000762939453 AB 1.841108332921541 1.1685866917945202
61305.2768 lsst_hardware_r -40.68916731519535 46.54999923706055 31.610000610351562 AB 1.7612819291834756 1.1059855128310678
61307.2661 lsst_hardware_y 26.96304629505533 71.93000030517578 30.760000228881836 AB 4.382376848894645 1.1208363815670728
61309.254 lsst_hardware_r 60.545537149516846 87.86000061035156 31.6299991607666 AB 3.6118163826098 1.1414747587916143
61309.2713 lsst_hardware_i 18.407309755284494 67.19000244140625 31.31999969482422 AB 3.4721760973160394 1.091879275885547
61313.2184 lsst_hardware_z 41.51110318368515 54.709999084472656 30.950000762939453 AB 4.5867801505749535 1.2387496186820481
61313.2408 lsst_hardware_r -112.5576801940326 61.0099983215332 31.610000610351562 AB 4.433912050443791 1.149053981326264
61317.2204 lsst_hardware_r -16.468739392269097 22.31999969482422 31.459999084472656 AB 3.096169505006267 1.1834756342000128
61317.2414 lsst_hardware_z 14.647841384443696 41.90999984741211 30.940000534057617 AB 2.925411238076708 1.113311393407348
