data/validation/pwv_sim_epoch_fit_seasonal/18297101.ecsv
# %ECSV 0.9
# ---
# datatype:
# - {name: time, datatype: float64}
# - {name: band, datatype: string}
# - {name: flux, datatype: float64}
# - {name: fluxerr, datatype: float64}
# - {name: zp, datatype: float64}
# - {name: zpsys, datatype: string}
# - {name: pwv, datatype: float64}
# - {name: airmass, datatype: float64}
# meta: {SNID: '18297101', alt: 1024.0, c: 0.026141032576560974, dec: 3.284369, lat: -30.244573, lon: -70.7499537, ra: 2.636719, t0: 60933.9765625,
#   x0: 8.745864585707108e-06, x1: 0.07644645869731903, z: 0.4868111312389374}
# schema: astropy-2.0
time band flux fluxerr zp zpsys pwv airmass
60853.3853 lsst_hardware_r 14.608215247401908 26.6200008392334 31.489999771118164 AB 9.150104572056366 1.2756166556069053
60853.4063 lsst_hardware_y 126.7732857880225 49.54999923706055 29.989999771118164 AB 8.830258252541412 1.2279597069310824
60859.4144 lsst_hardware_g 8.076409298510812 16.3799991607666 31.43000030517578 AB 7.806699932016287 1.2031285213217142
60859.4355 lsst_hardware_z 16.054252669991328 47.2599983215332 30.940000534057617 AB 8.441365805726281 1.2059094008180402
60862.4119 lsst_hardware_i -27.749847978139115 33.630001068115234 31.239999771118164 AB 5.9108068241269525 1.2017091672798592
60862.4306 lsst_hardware_y 40.57110549488772 50.47999954223633 29.989999771118164 AB 6.319344033183484 1.2083453383399392
60864.3708 lsst_hardware_z -59.19712073536715 53.2400016784668 30.950000762939453 AB 1.9380001631604615 1.2378773597663766
60864.3937 lsst_hardware_r -66.57559971611023 48.06999969482422 31.59000015258789 AB 1.9117931120522227 1.2071306153447343
60869.3617 lsst_hardware_r 87.43392474609782 90.12000274658203 31.600000381469727 AB 7.373023903320325 1.2295203841001099
60869.3829 lsst_hardware_z 100.34083324477386 66.44999694824219 30.959999084472656 AB 7.390801444671589 1.205218477687382
60871.3672 lsst_hardware_r 75.08951650612286 94.2300033569336 31.6200008392334 AB 4.395998553815608 1.2140288742931808
60871.39 lsst_hardware_y 45.65557697770491 59.540000915527344 30.0 AB 5.764085681116106 1.2016021849314378
60876.3709 lsst_hardware_g 7.160674888278799 17.709999084472656 31.459999084472656 AB 3.50896192104974 1.2022139344061238
60876.3917 lsst_hardware_r -77.94275884495613 26.81999969482422 31.5 AB 5.7630647740584555 1.2078098656729448
60878.3728 lsst_hardware_i 32.92220443575028 33.06999969482422 31.229999542236328 AB 5.296877710430149 1.2017418990615176
60878.3918 lsst_hardware_z 19.92419984969174 44.31999969482422 30.93000030517578 AB 6.482498014941549 1.2129855480079617
60882.3284 lsst_hardware_u -3.8091009348759615 2.640000104904175 28.260000228881836 AB 10.222499768601121 1.2259153863848482
60882.3494 lsst_hardware_g -17.10988609027464 15.539999961853027 31.40999984741211 AB 8.571812780825042 1.2041317822848439
60885.3277 lsst_hardware_r 2.6781347450725144 24.989999771118164 31.489999771118164 AB 4.497416213227445 1.215517895466877
60885.3481 lsst_hardware_z 17.804277932555117 43.66999816894531 30.940000534057617 AB 5.076365958919461 1.2018623164059097
60887.3299 lsst_hardware_r 57.85720429852931 35.27000045776367 32.2400016784668 AB 4.0947610167091 1.2079237985326015
60887.3495 lsst_hardware_u 8.1048950327751 3.819999933242798 29.079999923706055 AB 4.7420447681619375 1.201937673579403
60889.3239 lsst_hardware_g -0.1871572360184164 15.399999618530273 31.40999984741211 AB 1.625649295881608 1.2083617164630387
60889.3451 lsst_hardware_r 1.0724955389541404 24.889999389648438 31.489999771118164 AB 1.7295047480157861 1.2021580732269135
60893.2879 lsst_hardware_r -56.148397143223264 84.68000030517578 32.34000015258789 AB 1.556413514879635 1.2456290635291196
60893.312 lsst_hardware_z -162.13410210368173 74.76000213623047 31.700000762939453 AB 3.3744603732791547 1.2091950692591333
60898.2886 lsst_hardware_r -43.7143602952293 129.47999572753906 31.6200008392334 AB 8.274226085328397 1.2201623720299941
60898.3097 lsst_hardware_z 24.200065728463592 90.0 30.979999542236328 AB 6.743456045063015 1.2025422418824852
60900.2814 lsst_hardware_r -279.193896777374 103.63999938964844 31.610000610351562 AB 4.156995072387273 1.2226456095256686
60900.3008 lsst_hardware_y 7.723875292126713 61.880001068115234 30.010000228881836 AB 4.351219144580245 1.2038787636023918
60905.2862 lsst_hardware_i -2.8873601522359156 33.04588012553963 31.229999542236328 AB 3.5900795555528857 1.204354216170491
60905.3057 lsst_hardware_z 46.75271005284158 44.34603281782055 30.93000030517578 AB 4.021298613416619 1.203621255138168
60911.293 lsst_hardware_z 145.09278848811758 45.61408705513012 30.93000030517578 AB 3.7459124811707047 1.2056041242872455
60911.3147 lsst_hardware_r 198.8644816999997 28.16201432840803 31.469999313354492 AB 3.8205111306765906 1.2314298567854047
60913.2226 lsst_hardware_r 417.58492194924094 31.899023649916053 31.479999542236328 AB 3.1336708191164706 1.27247055459521
60913.2404 lsst_hardware_u 4.678217855044101 3.2452337233200166 28.3799991607666 AB 3.039988849503197 1.231595752668412
60935.1944 lsst_hardware_z 1927.9675879480837 61.53242936644974 30.93000030517578 AB 0.9768669198259732 1.2119936970545573
60935.2129 lsst_hardware_r 3160.4678848391923 60.810690771406726 31.489999771118164 AB 2.1234450323819236 1.2017232780882419
60937.179 lsst_hardware_i 2222.4803344509587 57.455634275221115 31.229999542236328 AB 7.492922354849233 1.2247506403076929
60937.1981 lsst_hardware_u 3.883681336374758 3.058696983435384 28.389999389648438 AB 7.377671643367805 1.2047636894660634
60939.1777 lsst_hardware_g 695.4810694102322 30.92163452447121 31.40999984741211 AB 5.39429843601422 1.2187750646213782
60939.198 lsst_hardware_r 2812.585892546849 58.3268421535669 31.479999542236328 AB 5.355889087944565 1.2024896919500585
60942.175 lsst_hardware_i 2095.21382877096 55.87049841717744 31.229999542236328 AB 4.485478179852295 1.2122913999600797
60942.1941 lsst_hardware_r 2449.047884919519 56.09516000693228 31.489999771118164 AB 4.500357085784683 1.2016974861906373
60944.1425 lsst_hardware_z 1613.4111743240626 59.69418263800944 30.93000030517578 AB 3.5303304776236444 1.2602322028642234
60944.1611 lsst_hardware_u -1.216548760452492 2.7591431051796445 28.329999923706055 AB 3.4376121151846344 1.2229143063623744
60946.1445 lsst_hardware_g 444.55687771110814 27.43144212952697 31.450000762939453 AB 5.372054338149806 1.2428597990629613
60946.1629 lsst_hardware_r 2112.2229339175597 52.87400238660417 31.5 AB 5.238294858989376 1.2135514558066143
60949.1392 lsst_hardware_i 1811.3240358397388 58.054537720841616 31.260000228881836 AB 7.234464359367358 1.237012999606844
60949.1593 lsst_hardware_z 1284.2342509707407 58.98760270210244 30.950000762939453 AB 7.192846629384887 1.2090511213421857
60951.1389 lsst_hardware_i 1631.945948805212 70.3558573050932 31.290000915527344 AB 3.8305895561888 1.2277530628810256
60951.1572 lsst_hardware_z 1259.9730730416634 66.32337053957687 30.959999084472656 AB 3.8503495872314115 1.2064388492030116
60956.1395 lsst_hardware_i 1439.488653490806 113.91686067269282 31.309999465942383 AB 5.991026238101388 1.209656664039855
60956.1568 lsst_hardware_r 1157.0836548396974 138.03307724190987 31.6200008392334 AB 5.970389344334518 1.2016482528599712
60958.135 lsst_hardware_z 917.0190333634455 62.07004602486719 30.950000762939453 AB 3.7497529914086556 1.2088178566759045
60958.1543 lsst_hardware_g 329.1609650221352 63.71096005827384 31.649999618530273 AB 3.7786592352986883 1.2017680640212096
60962.1069 lsst_hardware_i 961.3354668931606 45.44435630734704 31.229999542236328 AB 8.87135223666589 1.2311063331481946
60962.1242 lsst_hardware_z 810.5272822296578 52.480083403545954 30.93000030517578 AB 8.733981478089406 1.208716154273704
60964.1073 lsst_hardware_i 896.8487793958788 44.45944628986621 31.229999542236328 AB 9.509194570853445 1.2217380604951544
60964.1257 lsst_hardware_u -1.9445999435218928 3.234988459979982 28.399999618530273 AB 9.431922364791134 1.2040751955051716
60966.1044 lsst_hardware_g 71.2865532053794 17.889350277502103 31.40999984741211 AB 10.641214353362496 1.218227172680121
60966.1222 lsst_hardware_r 452.89178296385336 33.67224524345274 31.489999771118164 AB 10.528254727571747 1.2032061935090905
60969.1057 lsst_hardware_i 681.8028937873614 42.184218077441194 31.229999542236328 AB 3.223903788645096 1.2082087902482401
60971.0524 lsst_hardware_u 8.023878173074728 4.305368703687604 29.06999969482422 AB 5.679334735587859 1.3109434440735075
60971.0669 lsst_hardware_g 69.43468779501355 17.331599458917715 31.420000076293945 AB 5.459118742220976 1.2651491870732277
60975.0752 lsst_hardware_i 522.7507197096116 40.76804826383767 31.229999542236328 AB 3.5620968743452455 1.2248248514897684
60975.0926 lsst_hardware_z 694.5041458778746 50.94373467665059 30.93000030517578 AB 5.108648113934147 1.2058178081669897
60977.075 lsst_hardware_i 485.58686059724386 42.38434266544128 31.239999771118164 AB 2.8000438551133575 1.2174103717884164
60977.0917 lsst_hardware_z 629.7856061772846 51.533912203469775 30.940000534057617 AB 3.492251513137073 1.203394732300852
60980.0823 lsst_hardware_z 570.5643979760856 66.23417322419488 30.959999084472656 AB 5.066561371796879 1.203935375476486
60980.1018 lsst_hardware_r 345.48339807615235 76.80179834841141 31.610000610351562 AB 6.529454454877533 1.204048458832584
60990.05 lsst_hardware_r 231.82072470272894 28.306780592324696 31.479999542236328 AB 4.224309864739011 1.2069456756397174
60990.0675 lsst_hardware_i 316.89533484704265 37.25119513499315 31.229999542236328 AB 4.205645104266116 1.2018418091826153
60992.053 lsst_hardware_z 348.73906784924566 47.83862717956121 30.940000534057617 AB 5.269397031930412 1.2025782009313137
60992.0704 lsst_hardware_u 1.246711673204643 3.1245895276844897 28.350000381469727 AB 5.242525294867224 1.2047627932592433
60994.0562 lsst_hardware_g 15.556979487752365 16.515815854350496 31.420000076293945 AB 6.34245128355838 1.2017908637723127
60994.0736 lsst_hardware_r 170.68810654683264 28.320898729090782 31.489999771118164 AB 6.522030367510266 1.2114851616069504
60998.0239 lsst_hardware_y 221.54124474210647 55.275475975487694 29.989999771118164 AB 6.756222012491186 1.2105032272740424
60998.0429 lsst_hardware_i 214.57267677164825 36.538612968080436 31.229999542236328 AB 5.667918291944298 1.2016363291637855
61000.0242 lsst_hardware_y 213.35245844888505 57.78568248028582 30.0 AB 5.453701552887706 1.2059041576313336
61000.044 lsst_hardware_g 48.82591103586837 16.294845538964424 31.399999618530273 AB 4.649185362879149 1.2027384200954985
61005.0275 lsst_hardware_z 329.0802732213409 54.45729742828373 30.950000762939453 AB 5.882578207482101 1.201997999077002
61005.05 lsst_hardware_u 0.48442015540322175 3.6118260101622544 28.549999237060547 AB 5.363492839090458 1.2189756452478313
61007.0259 lsst_hardware_y 175.25379024137163 65.41177046694614 30.010000228881836 AB 5.336041798424175 1.2030983142831124
61007.041 lsst_hardware_r 181.5547859273103 42.61905166854885 31.559999465942383 AB 5.424956900496632 1.214587910107832
61218.3874 lsst_hardware_z 81.86874198343466 75.05000305175781 31.690000534057617 AB 9.141594418086463 1.2716823321358814
61219.4386 lsst_hardware_r 41.05516583048193 52.04999923706055 31.59000015258789 AB 6.118977890478639 1.2017632518124501
61221.4198 lsst_hardware_z -0.8447813596677368 87.08999633789062 31.709999084472656 AB 5.547462917138411 1.2048788236319399
61221.4392 lsst_hardware_y -11.026601990339147 65.48999786376953 30.0 AB 5.566085965337949 1.2032612427321046
61224.4142 lsst_hardware_z -34.79665125716183 62.61000061035156 30.959999084472656 AB 7.7627247537553234 1.2035854184333026
61224.4337 lsst_hardware_y 94.89748070639108 57.84000015258789 30.0 AB 8.431590253330413 1.2045128933329161
61226.4116 lsst_hardware_r 8.586670785415293 83.18000030517578 31.610000610351562 AB 4.81238129450765 1.2025441575547
61226.4313 lsst_hardware_y -61.89743280729805 58.150001525878906 29.989999771118164 AB 6.361217526978319 1.2063754081126743
61232.3738 lsst_hardware_i -43.121115454101655 33.5099983215332 31.239999771118164 AB 11.460443209072928 1.2204078385353887
61232.3927 lsst_hardware_r 7.697004180625553 25.809999465942383 31.5 AB 10.972014780740773 1.203445673627491
61234.371 lsst_hardware_u -0.08420367762188294 2.7699999809265137 28.360000610351562 AB 7.367154772020555 1.2169069659763059
61234.3927 lsst_hardware_g 7.2125104645663365 15.970000267028809 31.43000030517578 AB 7.352233734582516 1.2019018174943492
61236.3757 lsst_hardware_r -30.993057124988976 25.450000762939453 31.479999542236328 AB 5.744936922313484 1.2069195214944295
61236.3958 lsst_hardware_i -10.976734236857746 33.40999984741211 31.229999542236328 AB 5.754024293131844 1.202450089991504
61239.3723 lsst_hardware_z 85.954946927159 43.779998779296875 30.93000030517578 AB 1.8778904082384644 1.2040331747628539
61239.3938 lsst_hardware_r -37.81931689420147 25.18000030517578 31.479999542236328 AB 2.2017388075344635 1.2051115531113648
61243.3728 lsst_hardware_u 0.6248348193043397 2.6700000762939453 28.290000915527344 AB 5.296945697871785 1.2017573238762276
61243.393 lsst_hardware_g 4.45242655486019 15.579999923706055 31.399999618530273 AB 6.45797123046388 1.2136192117385727
61245.3714 lsst_hardware_r -39.59265386793978 25.15999984741211 31.479999542236328 AB 6.147201249742568 1.2025041568353032
61245.3918 lsst_hardware_z 2.207997266636306 44.7599983215332 30.93000030517578 AB 6.5134657321312215 1.2187801341874391
61247.3275 lsst_hardware_i -64.51039111896029 50.380001068115234 31.270000457763672 AB 10.66927042638588 1.2286124397035791
61247.3474 lsst_hardware_r 63.2525416259675 52.470001220703125 31.579999923706055 AB 8.611068212017312 1.2057505081004403
61250.3454 lsst_hardware_z 12.43473951948289 96.33000183105469 31.709999084472656 AB 5.071092354214363 1.2027732191677343
61252.3307 lsst_hardware_r 189.3186145767795 110.97000122070312 31.610000610351562 AB 4.090449790131016 1.2079288680375084
61252.3512 lsst_hardware_i -96.7924689610806 87.70999908447266 31.299999237060547 AB 4.736985416829856 1.2022297069066088
61254.332 lsst_hardware_z -38.28690695745218 86.12999725341797 30.979999542236328 AB 1.631468454454185 1.203739636832896
61254.3519 lsst_hardware_r 199.46852604139784 116.2300033569336 31.6200008392334 AB 1.7000794990368002 1.2045910479712802
61257.3242 lsst_hardware_z -44.557346691047265 53.38999938964844 30.950000762939453 AB 1.960814738002037 1.203569148646134
61257.3441 lsst_hardware_g 26.436737788300604 48.16999816894531 31.6299991607666 AB 2.4849123551384955 1.2048059903701795
61259.321 lsst_hardware_r 38.67731662111481 27.90999984741211 31.510000228881836 AB 4.986491248140256 1.2027234076557534
61259.3416 lsst_hardware_z 44.95108182707741 45.0099983215332 30.93000030517578 AB 5.168988466178853 1.2066738307164082
61262.3279 lsst_hardware_r -13.777077704980494 24.90999984741211 31.479999542236328 AB 5.853287234147438 1.2035546060618447
61262.3463 lsst_hardware_u -2.368509806369917 2.680000066757202 28.299999237060547 AB 6.234313644098394 1.220022239549588
61265.284 lsst_hardware_u -0.05688811888786042 2.7300000190734863 28.350000381469727 AB 4.148092067888856 1.2200270787908403
61265.3048 lsst_hardware_g -31.133763167098373 15.25 31.399999618530273 AB 4.433046509716811 1.2026713265645175
61269.2816 lsst_hardware_z -80.23685932672916 62.470001220703125 31.690000534057617 AB 4.196531001363982 1.210246864128041
61269.3023 lsst_hardware_r 8.913730698386798 35.16999816894531 32.2400016784668 AB 5.0230111551221945 1.201821068338843
61273.2841 lsst_hardware_z -24.259290287107817 44.029998779296875 30.93000030517578 AB 1.2270024339352679 1.2023541733809582
61273.3043 lsst_hardware_g 10.53855624264534 15.199999809265137 31.389999389648438 AB 1.7615301581210632 1.2073544606724218
61275.28 lsst_hardware_r 11.265044001581414 47.0 31.579999923706055 AB 2.2843092002255805 1.202057112905936
61275.3004 lsst_hardware_z -8.776767517714125 48.790000915527344 30.940000534057617 AB 2.4371223894662 1.208590324555579
61277.2755 lsst_hardware_r 68.48779903655874 67.70999908447266 31.600000381469727 AB 3.9338281588186503 1.2019028899537583
61277.295 lsst_hardware_y 45.76015123168103 52.900001525878906 29.989999771118164 AB 3.0151586035698146 1.2086418774331165
61279.2258 lsst_hardware_z -139.21379279678868 112.30000305175781 31.719999313354492 AB 3.6407861979872673 1.2585537355489775
61285.2274 lsst_hardware_r 61.418948864954146 61.459999084472656 31.59000015258789 AB 2.677193465721624 1.2228815647923368
61285.2449 lsst_hardware_i -39.730473551964764 55.40999984741211 31.290000915527344 AB 2.637685605011194 1.2050187406302328
