data/validation/pwv_sim_epoch_fit_seasonal/18505383.ecsv
# %ECSV 0.9
# ---
# datatype:
# - {name: time, datatype: float64}
# - {name: band, datatype: string}
# - {name: flux, datatype: float64}
# - {name: fluxerr, datatype: float64}
# - {name: zp, datatype: float64}
# - {name: zpsys, datatype: string}
# - {name: pwv, datatype: float64}
# - {name: airmass, datatype: float64}
# meta: {SNID: '18505383', alt: 1024.0, c: -0.10317278653383255, dec: -42.609806, lat: -30.244573, lon: -70.7499537, ra: 186.964279, t0: 60787.25,
#   x0: 5.094836444267876e-06, x1: 0.7616021037101746, z: 0.6080479025840759}
# schema: astropy-2.0
time band flux fluxerr zp zpsys pwv airmass
[from data line 133]
61115.2714 lsst_hardware_r -24.22651462904161 22.190000534057617 31.479999542236328 AB 7.85205575112566 1.0430467257074505
61117.2348 lsst_hardware_i -14.0642985705785 30.06999969482422 31.25 AB 6.046580919830947 1.0248442237001605
61117.2468 lsst_hardware_r -26.988954744587808 22.280000686645508 31.5 AB 6.069581239379465 1.028742582945672
61119.2208 lsst_hardware_u 0.7644629520805222 2.5799999237060547 28.3700008392334 AB 5.034655852634535 1.0243971417945195
61119.2335 lsst_hardware_g 10.436090471332072 13.59000015258789 31.40999984741211 AB 5.061622545581319 1.0257619912009965
61121.2207 lsst_hardware_r 5.799690836199736 22.31999969482422 31.489999771118164 AB 5.914511377209074 1.0244534718029803
61121.2328 lsst_hardware_i 14.954730415839414 30.06999969482422 31.25 AB 5.989178639415651 1.0273767946964163
61123.2236 lsst_hardware_z -14.421336452450376 40.7400016784668 30.940000534057617 AB 6.059388786910436 1.0260585533672828
61123.2363 lsst_hardware_r 41.85334064557912 22.299999237060547 31.489999771118164 AB 6.108457756180202 1.0320665278520278
61127.2124 lsst_hardware_r 1.7978457335442208 40.54999923706055 31.610000610351562 AB 7.8531667814189 1.0259765859973167
61127.2244 lsst_hardware_z 66.9066778533518 44.88999938964844 30.959999084472656 AB 7.922910843078205 1.0314499448548262
61129.2174 lsst_hardware_r 95.54054573757132 66.72000122070312 31.649999618530273 AB 6.718377451523325 1.0305313608021953
61129.2295 lsst_hardware_y 28.237329916494122 50.5099983215332 30.049999237060547 AB 6.6695145156604285 1.0395128609196094
61132.1984 lsst_hardware_z 100.20072097548551 82.41999816894531 31.0 AB 8.412188218640546 1.025876612029335
61132.2099 lsst_hardware_r 69.48104184488531 123.83999633789062 31.65999984741211 AB 8.784440228057548 1.0309367504810878
61134.2083 lsst_hardware_i 119.19006227143105 82.45999908447266 31.34000015258789 AB 4.680955400650741 1.0334375539575542
61134.2198 lsst_hardware_z 50.906761134165954 71.86000061035156 30.989999771118164 AB 5.738332108267618 1.0433331105941124
61136.153 lsst_hardware_i 53.131866511509024 55.939998626708984 31.31999969482422 AB 11.903064156792663 1.0317742952188846
61136.1638 lsst_hardware_z 71.27434455311203 54.439998626708984 30.979999542236328 AB 11.86867956603263 1.0265247851610855
61138.1954 lsst_hardware_z -19.150360186742457 65.4000015258789 31.719999313354492 AB 8.733340179268376 1.0321063832107593
61140.1913 lsst_hardware_z -6.899297264743829 41.970001220703125 30.950000762939453 AB 5.081729134171417 1.0330117497299263
61140.2027 lsst_hardware_r -12.975080678273928 27.969999313354492 31.540000915527344 AB 5.128067645775159 1.0426080402104625
61147.1451 lsst_hardware_i -27.794681432466383 30.31999969482422 31.260000228881836 AB 14.97897838322464 1.0243670819201678
61147.1567 lsst_hardware_r -1.0690530997151475 22.639999389648438 31.510000228881836 AB 14.972802374630103 1.0256749126339295
61151.1329 lsst_hardware_r -7.072162174819047 22.610000610351562 31.510000228881836 AB 7.475350324956278 1.024441595855321
61151.145 lsst_hardware_i -12.117847067661897 30.290000915527344 31.260000228881836 AB 7.391635637222058 1.0254766422339148
61153.1293 lsst_hardware_z -33.042616310391494 40.68000030517578 30.950000762939453 AB 5.49794003371706 1.0243495335073007
61153.1413 lsst_hardware_r -2.4976046930887903 22.65999984741211 31.510000228881836 AB 5.553473174723096 1.0259510760619057
61155.1368 lsst_hardware_z -6.077439855820739 62.380001068115234 31.709999084472656 AB 14.39111853393706 1.0262449556816722
61157.1151 lsst_hardware_z 27.97665551560531 51.34000015258789 30.969999313354492 AB 4.566530826722777 1.0245750116048409
61157.127 lsst_hardware_r -43.3151392438221 59.04999923706055 31.649999618530273 AB 4.594225971095628 1.0251155011741826
61159.1146 lsst_hardware_i 87.33665259119392 73.91000366210938 31.34000015258789 AB 9.026790737480475 1.0243457388839938
61159.1255 lsst_hardware_r 14.623935912285623 91.38999938964844 31.65999984741211 AB 8.373968560259799 1.0261273241135678
61161.1165 lsst_hardware_z 240.11453341510156 163.77999877929688 32.5099983215332 AB 10.017952422645031 1.0252040684951422
61163.1143 lsst_hardware_r 112.7636491380756 102.66999816894531 31.65999984741211 AB 13.55146805061577 1.0260433882729851
61163.1263 lsst_hardware_i -28.451650107672524 80.73999786376953 31.34000015258789 AB 11.688828277979855 1.0315795850304346
61166.0999 lsst_hardware_z -0.15509379781314578 48.5 30.969999313354492 AB 3.64490577534555 1.024689453066646
61166.1125 lsst_hardware_r 2.4730643929817533 52.15999984741211 31.639999389648438 AB 3.5997874434167003 1.0285106981190573
61168.1083 lsst_hardware_u -3.750379325698132 2.619999885559082 28.399999618530273 AB 10.682683348076429 1.0291271970787477
61168.1201 lsst_hardware_g 11.563965853218686 21.8799991607666 31.579999923706055 AB 10.70448923534225 1.036988753100838
61170.1007 lsst_hardware_r -15.970605498960692 22.3799991607666 31.489999771118164 AB 7.690247196369378 1.0281079139531895
61170.1123 lsst_hardware_z -30.493322344997335 40.779998779296875 30.950000762939453 AB 7.669772340462495 1.035126842629394
61177.0947 lsst_hardware_r 24.11566778398509 22.239999771118164 31.489999771118164 AB 8.817492018141497 1.036315686447846
61177.1073 lsst_hardware_i 27.00173704737528 30.1200008392334 31.239999771118164 AB 8.979590804589215 1.048711334842536
61178.0856 lsst_hardware_z -37.52499797615043 40.560001373291016 30.940000534057617 AB 8.862679595376814 1.0317438411381623
61178.0969 lsst_hardware_r -9.317785510575442 22.209999084472656 31.479999542236328 AB 8.78568192312611 1.040628781166181
61182.0388 lsst_hardware_i 14.936466442401237 31.200000762939453 31.25 AB 4.6715295444474245 1.026333843525615
61182.0514 lsst_hardware_z 36.41423625979516 41.209999084472656 30.950000762939453 AB 5.087576118258968 1.0243441848843562
61185.0313 lsst_hardware_z -3.4655289929385207 48.34000015258789 30.969999313354492 AB 4.84121346246898 1.0261156130710005
61185.0439 lsst_hardware_r -43.55911338629129 49.09000015258789 31.639999389648438 AB 4.9640332537454395 1.0243568414662483
61187.0769 lsst_hardware_r -93.54597710887639 77.7300033569336 31.649999618530273 AB 6.056514573368518 1.0452478697638723
61187.0886 lsst_hardware_y -9.197665719261956 53.58000183105469 30.049999237060547 AB 6.562162696766178 1.0598378514292617
61196.0203 lsst_hardware_i -23.573266170684956 29.860000610351562 31.25 AB 10.34954361104021 1.025079429268711
61196.0325 lsst_hardware_z -23.9717057135831 40.68000030517578 30.950000762939453 AB 10.495085322466652 1.0294682176105139
61198.0174 lsst_hardware_i 1.6866732836853204 29.770000457763672 31.239999771118164 AB 4.809460733815708 1.0256718407254706
61198.029 lsst_hardware_u 1.06146696823062 2.5199999809265137 28.329999923706055 AB 4.743520056278957 1.030546585957228
