data/validation/pwv_sim_epoch_fit_seasonal/18532753.ecsv
# %ECSV 0.9
# ---
# datatype:
# - {name: time, datatype: float64}
# - {name: band, datatype: string}
# - {name: flux, datatype: float64}
# - {name: fluxerr, datatype: float64}
# - {name: zp, datatype: float64}
# - {name: zpsys, datatype: string}
# - {name: pwv, datatype: float64}
# - {name: airmass, datatype: float64}
# meta: {SNID: '18532753', alt: 1024.0, c: 0.12170830368995667, dec: -28.630989, lat: -30.244573, lon: -70.7499537, ra: 325.371094, t0: 62369.9609375,
#   x0: 1.1792813699053526e-05, x1: 0.32662299275398254, z: 0.42953014373779297}
# schema: astropy-2.0
time band flux fluxerr zp zpsys pwv airmass
[from data line 133]
62723.172 lsst_hardware_y -81.92106349743439 73.29000091552734 30.809999465942383 AB 4.3219130231741305 1.030662883109888
62725.1512 lsst_hardware_r 43.76925374130907 130.5399932861328 31.65999984741211 AB 3.295331934946982 1.0563089865200284
62725.1696 lsst_hardware_i 85.01282022938096 103.56999969482422 31.350000381469727 AB 2.7845927230831498 1.026546424902393
62731.0741 lsst_hardware_g 1.7687249416147894 15.260000228881836 31.40999984741211 AB 3.652893993588398 1.2630302519178462
62731.092 lsst_hardware_r 32.12625183422079 24.639999389648438 31.5 AB 3.0969043532107743 1.1806726470494289
62733.0497 lsst_hardware_r -29.685219791325093 25.139999389648438 31.440000534057617 AB 3.1431757252845656 1.3779814665864578
62733.0696 lsst_hardware_i -57.81742173763005 33.130001068115234 31.219999313354492 AB 2.79848120775178 1.2580270657459114
62736.0698 lsst_hardware_u -2.935302994372662 2.6600000858306885 28.309999465942383 AB 2.6018806944014266 1.2172541260355783
62736.0889 lsst_hardware_g 11.46947486496026 15.079999923706055 31.43000030517578 AB 2.7170172594787223 1.1416038905372783
62738.0724 lsst_hardware_i -37.48866037950268 32.29999923706055 31.239999771118164 AB 4.954745360856316 1.1826343974197076
62738.0922 lsst_hardware_r 9.530551213670456 24.100000381469727 31.5 AB 4.320092647390373 1.1137129794767655
62740.0566 lsst_hardware_z -13.125469745116728 44.38999938964844 30.93000030517578 AB 1.9829363594388958 1.2278243711697523
62740.0745 lsst_hardware_u -2.833281199168764 2.8299999237060547 28.459999084472656 AB 1.8983680845684066 1.153789354478367
62742.0744 lsst_hardware_r 4.638732080586131 24.309999465942383 31.5 AB 6.3575720962043665 1.1352807314650655
62742.0938 lsst_hardware_i -52.36796579972261 31.709999084472656 31.260000228881836 AB 5.391254935678593 1.0801953387454606
62744.0738 lsst_hardware_z -26.55809681551863 42.65999984741211 30.940000534057617 AB 4.307478776997878 1.119795175995982
62744.0924 lsst_hardware_r 9.42063071759119 23.850000381469727 31.5 AB 3.5552162400177516 1.0707945103210939
62747.0638 lsst_hardware_i 12.01551468026224 32.650001525878906 31.25 AB 1.6299801670657303 1.125417836869319
62747.0817 lsst_hardware_u -0.27833709636521325 3.3399999141693115 28.56999969482422 AB 1.4775250331754333 1.076520971348221
62748.0808 lsst_hardware_r -0.30834844325038124 28.18000030517578 31.540000915527344 AB 1.6989077808169726 1.0723171349570624
62748.0976 lsst_hardware_z 8.747057971348784 42.15999984741211 30.950000762939453 AB 0.9941497246179675 1.0399055696840664
62753.0792 lsst_hardware_z 18.92255380717881 77.43000030517578 31.0 AB 2.673394630043921 1.0479790788098475
62753.0963 lsst_hardware_r -81.57794358145941 109.29000091552734 31.670000076293945 AB 2.5975079297553667 1.0226409172265223
62756.977 lsst_hardware_y -19.678421227151283 71.83999633789062 29.950000762939453 AB 3.761951059870267 1.430943727603753
62756.9948 lsst_hardware_r -32.62091350058778 61.65999984741211 31.59000015258789 AB 3.4536621365977576 1.3094453598474909
62758.1388 lsst_hardware_i 24.940967312977513 58.779998779296875 31.329999923706055 AB 1.6988826186952704 1.00545430185161
62761.9794 lsst_hardware_y -150.04585744754053 82.80999755859375 29.969999313354492 AB 2.0789477555216753 1.3199668289022173
62761.9981 lsst_hardware_r 45.4968468255599 24.549999237060547 31.479999542236328 AB 1.8078698832573676 1.22050287477248
62766.9837 lsst_hardware_y 43.85077351429959 68.16999816894531 30.010000228881836 AB 1.3947109221553455 1.2239674613037288
62767.0013 lsst_hardware_i 18.788585596506515 31.899999618530273 31.239999771118164 AB 1.727875885534489 1.1519172570229925
62770.9867 lsst_hardware_y -14.604143773460882 61.4900016784668 30.010000228881836 AB 2.5678173056882367 1.165423890630062
62771.0059 lsst_hardware_i 2.8904750619145227 31.520000457763672 31.229999542236328 AB 3.4427636374651858 1.1027724327892114
62771.9886 lsst_hardware_y 94.00300119238445 58.869998931884766 30.030000686645508 AB 4.936336452895171 1.1485416855984611
62772.0079 lsst_hardware_g 3.0434653504849476 14.6899995803833 31.43000030517578 AB 5.158728723958797 1.0901025689846948
62773.9894 lsst_hardware_y -47.2776445295513 56.56999969482422 30.030000686645508 AB 10.873097078096293 1.1275637330798447
62774.0087 lsst_hardware_i 52.53089891895065 31.510000228881836 31.25 AB 3.653123942674142 1.0748433814416178
62776.0224 lsst_hardware_i 62.0348607405029 31.729999542236328 31.260000228881836 AB 5.178737735636864 1.0379098593343195
62779.9937 lsst_hardware_y -110.75479962503864 62.66999816894531 30.059999465942383 AB 3.5803546302949454 1.071695075169419
62780.012 lsst_hardware_r -22.28604684111879 72.04000091552734 31.65999984741211 AB 3.549631568231016 1.037095316000523
62782.9967 lsst_hardware_y -90.78624773187774 59.650001525878906 30.059999465942383 AB 4.773436621122371 1.0490300976754643
62783.0172 lsst_hardware_z 89.97259001909843 66.80000305175781 31.0 AB 4.056316683901951 1.0194311846951372
