data/validation/pwv_sim_epoch_fit_seasonal/18600590.ecsv
# %ECSV 0.9
# ---
# datatype:
# - {name: time, datatype: float64}
# - {name: band, datatype: string}
# - {name: flux, datatype: float64}
# - {name: fluxerr, datatype: float64}
# - {name: zp, datatype: float64}
# - {name: zpsys, datatype: string}
# - {name: pwv, datatype: float64}
# - {name: airmass, datatype: float64}
# meta: {SNID: '18600590', alt: 1024.0, c: 0.008574830368161201, dec: -23.969482, lat: -30.244573, lon: -70.7499537, ra: 134.472656, t0: 62873.140625,
#   x0: 1.3291582457895495e-05, x1: 0.15096153318881989, z: 0.40834707021713257}
# schema: astropy-2.0
time band flux fluxerr zp zpsys pwv airmass
62822.2791 lsst_hardware_z -20.61948891164994 54.0 30.920000076293945 AB 5.532662370162812 1.3775406349479276
62822.2961 lsst_hardware_g 36.49266916593757 45.529998779296875 31.600000381469727 AB 4.826067978155544 1.2717749464801489
62829.2617 lsst_hardware_r -12.956933046997362 23.770000457763672 31.43000030517578 AB 12.132053683736038 1.3655815045946202
62829.2784 lsst_hardware_i 41.028910616749364 32.36000061035156 31.219999313354492 AB 11.18604813079066 1.264186413477978
62833.2649 lsst_hardware_u 2.460386034753708 2.569999933242798 28.260000228881836 AB 5.63776240728627 1.2781867952811359
62833.2827 lsst_hardware_g 5.505350171760125 13.760000228881836 31.3700008392334 AB 5.254220439308809 1.1919963185878761
62836.2546 lsst_hardware_g -11.33119118843228 13.680000305175781 31.350000381469727 AB 9.976987891178506 1.2900582371008251
62836.279 lsst_hardware_r -10.154214051479892 22.75 31.469999313354492 AB 9.050114818290737 1.1737517192054996
62842.2344 lsst_hardware_i -9.996799524640428 53.959999084472656 31.270000457763672 AB 5.526752495722416 1.3125599657352804
62842.2558 lsst_hardware_z 18.767793926256985 52.81999969482422 30.959999084472656 AB 5.514947009710813 1.2019717778478591
62844.2386 lsst_hardware_z 7.032064677487803 61.34000015258789 30.959999084472656 AB 6.696808775367429 1.2581088893060874
62844.2613 lsst_hardware_i 34.37564502858236 64.12000274658203 31.309999465942383 AB 7.882311873386935 1.158028189038061
62849.2463 lsst_hardware_z 72.63963578269922 59.77101410982662 30.959999084472656 AB 9.01354010350384 1.1630374327102504
62849.269 lsst_hardware_r 181.03444137332085 72.22377459643047 31.639999389648438 AB 8.621493633368459 1.0918120222083783
62851.2546 lsst_hardware_y 147.4800294987161 103.0048183152176 31.530000686645508 AB 11.707993065537872 1.1167030216070786
62865.1258 lsst_hardware_r 3478.191042346054 64.4750239808842 31.3799991607666 AB 13.47838464765489 1.7248284751509906
62865.1475 lsst_hardware_i 2587.824851088882 60.36325940323822 31.190000534057617 AB 11.630253601076035 1.4905485647312076
62866.1416 lsst_hardware_z 3957.2934072019207 91.33011585573057 31.649999618530273 AB 10.218272911736337 1.5195587644785284
62872.1319 lsst_hardware_i 3443.8642259644666 83.87592257091485 31.25 AB 11.730721518932937 1.4601346177412138
62872.1525 lsst_hardware_z 2502.1783279365013 75.05312308317147 30.950000762939453 AB 10.616943069479822 1.3125161416095683
62875.2612 lsst_hardware_z 2673.669402184332 86.50397987692863 31.0 AB 7.992511337129241 1.0068459976647732
62875.2833 lsst_hardware_r 5116.637242147242 124.48526133401701 31.670000076293945 AB 7.980062628268831 1.0088787325820818
62883.1183 lsst_hardware_r 3407.5527543993912 62.68121062950596 31.459999084472656 AB 2.779667641952536 1.338631178402352
62883.1353 lsst_hardware_i 2949.8173795535813 62.87857505722213 31.229999542236328 AB 1.9821511271156051 1.2418844841740824
62889.126 lsst_hardware_r 2402.8650283096895 54.226786248452996 31.459999084472656 AB 9.298908707208668 1.208487529094863
62889.1448 lsst_hardware_z 1683.5097791087817 58.049921494334995 30.940000534057617 AB 8.821397349879176 1.1358022338900302
62891.1276 lsst_hardware_r 2219.032275285106 51.627947263385785 31.479999542236328 AB 9.215808926423374 1.1786429116796744
62891.1457 lsst_hardware_u 1.539401182071826 3.1505460276826858 28.389999389648438 AB 8.719353371433673 1.1157677919425448
62893.1123 lsst_hardware_g 390.2390480354778 25.014362963030955 31.350000381469727 AB 13.836516602588521 1.221156442920851
62893.1301 lsst_hardware_r 1871.6098534158484 48.75044293704774 31.479999542236328 AB 12.635988221038351 1.1487262019125775
62895.1179 lsst_hardware_i 1840.1928077609753 53.19212763482781 31.239999771118164 AB 13.496406964793199 1.173804745589946
62895.1357 lsst_hardware_z 1420.5735470027153 55.548437475330644 30.940000534057617 AB 11.114785296113004 1.1130367811048472
62897.1171 lsst_hardware_r 1579.0502603291927 51.61752448087368 31.56999969482422 AB 10.274651631523636 1.1561765135199746
62897.1366 lsst_hardware_z 1404.7555751481439 56.47925948328191 30.959999084472656 AB 9.958777120258393 1.0953139647966266
62906.1185 lsst_hardware_z 1282.9276523124413 79.69697033765368 30.989999771118164 AB 6.4198175244259845 1.0792027666299424
62906.137 lsst_hardware_i 1502.6599498463245 88.9680083611588 31.34000015258789 AB 5.8401602939496815 1.0428857667767288
62908.1045 lsst_hardware_r 749.4403111958553 68.59480516123146 31.639999389648438 AB 1.8373281827245085 1.1008557116384112
62908.1289 lsst_hardware_z 1151.3822360981671 63.0899516420135 30.979999542236328 AB 2.2972951874256875 1.0472398666277256
62910.1159 lsst_hardware_u 0.14967649444207562 4.600157441633102 28.760000228881836 AB 3.631908214948051 1.0611599079490748
62910.1359 lsst_hardware_g 139.6654316059837 33.17172588149183 31.65999984741211 AB 3.818639076291004 1.028936093308455
62912.0192 lsst_hardware_z 1017.5169459339339 77.46356716836948 30.93000030517578 AB 3.202649191272174 1.490297436608754
62912.038 lsst_hardware_u 0.6242866189979003 3.1456156056008835 28.25 AB 2.942875703562838 1.3459298895782632
62914.0187 lsst_hardware_y 357.0734218705864 84.54166371484193 29.940000534057617 AB 2.056559633012802 1.4478565911501236
62914.0368 lsst_hardware_r 490.95425247468677 32.53203506042292 31.450000762939453 AB 1.867491543002303 1.3187723483803826
62921.0137 lsst_hardware_y 154.90182861198926 76.80165131603574 29.959999084472656 AB 10.10680986779429 1.3441247289017242
62921.0328 lsst_hardware_r 347.5819109350197 30.44432442211122 31.459999084472656 AB 9.22657501381458 1.235688219615573
62923.0131 lsst_hardware_y 103.53137855619676 76.00814171306617 29.959999084472656 AB 8.967685706450268 1.313417407850356
62923.0328 lsst_hardware_r 361.95605223477276 30.42767814724676 31.469999313354492 AB 8.246853788412992 1.2101180677307855
62927.0107 lsst_hardware_y 281.84066891138644 71.19331340518703 30.0 AB 3.0887950396289945 1.2648628335909067
62927.0301 lsst_hardware_i 616.4026543010951 45.727216296539986 31.270000457763672 AB 2.8857926275678945 1.175475612043949
62929.0095 lsst_hardware_y 158.98904944678662 67.46618483902726 29.989999771118164 AB 4.677353791992936 1.24287523259334
62929.0298 lsst_hardware_r 299.1635022379101 59.64480254064257 31.610000610351562 AB 4.335204786027047 1.1559004895419402
62932.0078 lsst_hardware_y 95.60165183866013 73.23931784944267 30.010000228881836 AB 7.851239321269898 1.212031850761437
62932.0281 lsst_hardware_z 404.1648600403607 75.00719854832428 30.979999542236328 AB 7.336026029317446 1.1334583845366537
62935.0053 lsst_hardware_y 75.41354324882688 69.33416534485525 30.010000228881836 AB 12.293570118421457 1.1874212513164792
62935.0279 lsst_hardware_z 441.98266850978945 71.40111505674092 30.979999542236328 AB 11.456897544870852 1.1089108770644476
62936.0901 lsst_hardware_r 390.11686342407756 81.96171115725879 31.65999984741211 AB 7.586778897663401 1.0083438194661618
62936.1093 lsst_hardware_i 581.4979139795538 68.13435566124674 31.34000015258789 AB 7.5883229413640585 1.0064533721248448
62937.004 lsst_hardware_y 164.64289802055296 59.36747747034967 30.020000457763672 AB 8.65142591394812 1.1707596387637715
62937.0247 lsst_hardware_u -7.548165127008926 5.313926271918112 28.889999389648438 AB 8.066028190623426 1.102544006008442
62939.0037 lsst_hardware_z 463.7042113615138 52.548995084663346 30.950000762939453 AB 15.894804129049815 1.1515540166546792
62939.0249 lsst_hardware_r 274.2321074826385 27.816624750893048 31.479999542236328 AB 15.056387685009408 1.0876600681462312
62940.0712 lsst_hardware_u -1.0476662252689666 2.8086237335395987 28.469999313354492 AB 9.702140937779193 1.0125910283128103
62940.0901 lsst_hardware_g 50.107166544239135 15.339400400345085 31.420000076293945 AB 9.042448464690674 1.00583408950953
62942.9988 lsst_hardware_y 72.55437321714605 60.39514536637145 30.030000686645508 AB 7.354896812595273 1.1310585625274665
62943.0166 lsst_hardware_u 3.2980057502124347 2.9943870190366226 28.459999084472656 AB 8.380840476965957 1.0812592538983303
62945.9968 lsst_hardware_y -28.927909199317426 58.959999084472656 30.040000915527344 AB 4.48151143079142 1.1119915878064954
62946.0153 lsst_hardware_i 5.049670274014193 30.600000381469727 31.260000228881836 AB 3.8891375155183936 1.065857812684908
62949.9938 lsst_hardware_y 8.081931616773975 57.150001525878906 30.040000915527344 AB 9.77383893321785 1.0903434776012646
62950.0109 lsst_hardware_g -16.357092550133128 13.5 31.420000076293945 AB 8.916503567989103 1.0530888824836548
62951.9932 lsst_hardware_z 33.994406958974736 46.15999984741211 30.959999084472656 AB 6.578781825737508 1.0784888238913948
62952.0114 lsst_hardware_i 41.6245214820206 30.260000228881836 31.260000228881836 AB 5.707313772713592 1.0428761918711642
62955.0361 lsst_hardware_r 10.260370515913042 27.68000030517578 31.559999465942383 AB 6.03341838235433 1.0092703884834595
62955.0536 lsst_hardware_i 14.04239507435443 32.439998626708984 31.270000457763672 AB 4.937443447588379 1.0058965972473013
62955.9901 lsst_hardware_y -106.77925808934597 54.529998779296875 30.059999465942383 AB 9.479619052832158 1.0615474863193906
62956.0084 lsst_hardware_r -42.157752872122295 33.47999954223633 31.59000015258789 AB 6.144292260939928 1.0313541352815658
62959.032 lsst_hardware_z 79.70667480228083 54.33000183105469 30.979999542236328 AB 6.241131730634933 1.0067965366405385
62959.0509 lsst_hardware_r 70.14224439115489 65.5999984741211 31.649999618530273 AB 6.24174260892022 1.007667208930899
62963.012 lsst_hardware_i 9.025875195380149 72.87999725341797 31.34000015258789 AB 10.765649655071867 1.0104163735832687
62963.0313 lsst_hardware_z -43.409758975904836 64.38999938964844 30.989999771118164 AB 10.744607059894424 1.0058609866967259
62977.9808 lsst_hardware_y 41.6633420136614 47.29999923706055 30.059999465942383 AB 9.326180480816417 1.0066305600060892
62977.9978 lsst_hardware_r -23.572333394287934 22.15999984741211 31.510000228881836 AB 9.123586577469942 1.0072685355049478
63186.2716 lsst_hardware_r 7.335087508253229 24.059999465942383 31.43000030517578 AB 8.683360737848249 1.4620606129435312
63186.2888 lsst_hardware_i 87.19102049937914 32.70000076293945 31.219999313354492 AB 7.905172051211646 1.335163965918447
63187.2811 lsst_hardware_z 18.24601253975862 45.41999816894531 30.920000076293945 AB 5.479983984291425 1.3683425821194621
63187.2976 lsst_hardware_r -17.04983178470214 23.43000030517578 31.459999084472656 AB 4.745105339623233 1.2673892466943448
63193.2589 lsst_hardware_i 16.9299683171489 32.91999816894531 31.190000534057617 AB 8.796804402364 1.4106485571462475
63193.2755 lsst_hardware_r -2.4769033110467897 23.25 31.440000534057617 AB 7.772290478106498 1.2994968196131915
63195.2707 lsst_hardware_z 77.16260822733322 71.66999816894531 31.690000534057617 AB 8.516699288195495 1.295643907940593
63197.2899 lsst_hardware_i -93.39991027724261 56.83000183105469 31.290000915527344 AB 5.164162942352794 1.1765479164670032
63197.3068 lsst_hardware_z 16.060438103525023 53.439998626708984 30.959999084472656 AB 4.306572468404811 1.117791828798951
63201.2734 lsst_hardware_z 7.547789902696977 86.38999938964844 31.709999084472656 AB 9.223936796981576 1.1996666294237135
63206.2251 lsst_hardware_r -26.037684427658107 47.61000061035156 31.530000686645508 AB 7.484579759949999 1.3979416809769207
63206.2459 lsst_hardware_i 1.6884648164009806 46.56999969482422 31.260000228881836 AB 6.792991458936191 1.2664631011767111
63208.2398 lsst_hardware_g 8.245657412476158 17.420000076293945 31.420000076293945 AB 6.534936404317185 1.269906024935632
63208.2645 lsst_hardware_r -0.43081573776014886 28.079999923706055 31.510000228881836 AB 7.340430171217505 1.158832316668553
63211.2457 lsst_hardware_i 3.7907309370669138 31.719999313354492 31.229999542236328 AB 11.448495552838018 1.2013952238182035
63211.2668 lsst_hardware_z 14.537812098322371 42.290000915527344 30.940000534057617 AB 10.696626297858103 1.1232412367802271
63212.3008 lsst_hardware_u 3.8913524346655626 2.700000047683716 28.469999313354492 AB 10.924580009181968 1.0397265367303556
63212.3196 lsst_hardware_y -135.51560059985638 46.619998931884766 30.049999237060547 AB 10.707710277022894 1.0173435363198897
63213.2395 lsst_hardware_r -34.40834181267678 22.760000228881836 31.469999313354492 AB 13.095565960950086 1.204633056843939
63213.2641 lsst_hardware_u -6.3119734727617525 2.690000057220459 28.440000534057617 AB 11.769449743166179 1.1148479438444803
63217.2931 lsst_hardware_z 39.10541152097859 40.70000076293945 30.950000762939453 AB 6.879004249743277 1.0312963156918071
63217.3179 lsst_hardware_y -39.76061948864577 46.45000076293945 30.049999237060547 AB 6.712566436704296 1.0093325970534048
63218.2488 lsst_hardware_z -23.996167671005335 42.279998779296875 30.940000534057617 AB 5.304936590111384 1.1198149289569055
63218.2703 lsst_hardware_r -8.468517114826499 22.25 31.489999771118164 AB 5.75915358254752 1.0650635401086523
63221.2985 lsst_hardware_i -54.53157946670924 29.84000015258789 31.260000228881836 AB 6.112558445750031 1.0145325221161876
63221.3221 lsst_hardware_y 45.236730007880304 46.56999969482422 30.059999465942383 AB 6.070766840932957 1.0057876859201365
63222.246 lsst_hardware_r 20.864515106807563 22.31999969482422 31.479999542236328 AB 5.2386571391468495 1.0966416452055368
63222.2682 lsst_hardware_i -10.27647163992341 30.110000610351562 31.25 AB 4.865297859688044 1.0483296400965405
63226.2517 lsst_hardware_z -20.120012794802047 52.29999923706055 30.969999313354492 AB 8.468429114879083 1.0585536393598853
63226.2735 lsst_hardware_r -22.142008226764766 60.61000061035156 31.649999618530273 AB 8.201768379468783 1.0252210474335979
