data/validation/pwv_sim_epoch_fit_seasonal/18633488.ecsv
# %ECSV 0.9
# ---
# datatype:
# - {name: time, datatype: float64}
# - {name: band, datatype: string}
# - {name: flux, datatype: float64}
# - {name: fluxerr, datatype: float64}
# - {name: zp, datatype: float64}
# - {name: zpsys, datatype: string}
# - {name: pwv, datatype: float64}
# - {name: airmass, datatype: float64}
# meta: {SNID: '18633488', alt: 1024.0, c: -0.02054646797478199, dec: -64.386185, lat: -30.244573, lon: -70.7499537, ra: 313.057556, t0: 60913.59375,
#   x0: 1.2652388922031731e-05, x1: 0.32552996277809143, z: 0.41683465242385864}
# schema: astropy-2.0
time band flux fluxerr zp zpsys pwv airmass
[from data line 132]
61258.2022 lsst_hardware_i -49.8484637821943 31.520000457763672 31.219999313354492 AB 1.9351992687141066 1.2076126481836078
61261.1901 lsst_hardware_r -4.795130224457395 22.90999984741211 31.459999084472656 AB 4.563823087946808 1.207041282186408
61261.202 lsst_hardware_i -18.892017765388456 31.68000030517578 31.219999313354492 AB 4.568686068118258 1.2098206553406987
61263.1921 lsst_hardware_z -6.926899265887925 43.47999954223633 30.93000030517578 AB 8.951105568821907 1.2084249308207373
61263.2033 lsst_hardware_u 3.1888277332214185 2.5899999141693115 28.309999465942383 AB 9.056934623437458 1.2127792833928417
61266.2313 lsst_hardware_g -9.6841125695719 13.470000267028809 31.34000015258789 AB 3.0580563182677127 1.2461517189354985
61266.243 lsst_hardware_r -24.950781408582095 23.049999237060547 31.450000762939453 AB 3.0863432792855052 1.263600114344117
61274.1317 lsst_hardware_i 11.699911536242396 48.099998474121094 31.280000686645508 AB 2.4515774001662436 1.2103566527604264
61274.1432 lsst_hardware_z -71.03455613020841 51.58000183105469 30.950000762939453 AB 2.431047154591168 1.2072738725001662
61276.134 lsst_hardware_r 63.72504208075868 75.76000213623047 31.610000610351562 AB 3.3276333181485565 1.2079619995094133
61276.1445 lsst_hardware_z 110.01576409591672 60.529998779296875 30.959999084472656 AB 3.3392280856504457 1.2068045123420474
61280.1343 lsst_hardware_z -36.136619865426674 69.23999786376953 30.969999313354492 AB 4.7065858105971605 1.2068168745120924
61280.1442 lsst_hardware_i -0.611994453199339 78.27999877929688 31.309999465942383 AB 4.711472904582861 1.208069975534067
61281.1355 lsst_hardware_z -62.738096266566885 90.55999755859375 31.709999084472656 AB 6.276717041631607 1.2070609695445398
61286.1169 lsst_hardware_g -2.6164705926453555 13.199999809265137 31.329999923706055 AB 0.6396114083576561 1.2068139780333134
61286.1279 lsst_hardware_r 12.422675896492521 22.709999084472656 31.450000762939453 AB 1.6913330703795562 1.2080950502711116
61296.0964 lsst_hardware_r 15.06376114163412 22.729999542236328 31.459999084472656 AB 3.322505467275374 1.2073057657246546
61296.1079 lsst_hardware_i 21.289483724449962 31.65999984741211 31.229999542236328 AB 3.202136989550517 1.2104089924590877
61296.9917 lsst_hardware_r 21.641629835540797 23.739999771118164 31.450000762939453 AB 3.2146207393444715 1.310485421665092
61296.9953 lsst_hardware_i 36.07389150732006 32.34000015258789 31.209999084472656 AB 3.18377668882323 1.3024244994163345
61299.0614 lsst_hardware_r -4.530179904595705 24.190000534057617 31.479999542236328 AB 3.2154001565600643 1.2112255737919941
61299.0725 lsst_hardware_u 5.006419212323849 2.9800000190734863 28.440000534057617 AB 3.14165334569298 1.207708871998743
61303.1462 lsst_hardware_i -4.302012124801614 46.16999816894531 31.260000228881836 AB 8.974030349653695 1.27079411614016
61303.1579 lsst_hardware_z -1.4852708550967408 51.5099983215332 30.940000534057617 AB 9.163811349034244 1.2930756119143736
61307.0458 lsst_hardware_r -64.56565767874167 77.7699966430664 31.610000610351562 AB 3.6386538020022137 1.2089220229255928
61307.0577 lsst_hardware_y -34.28920433708373 54.150001525878906 30.0 AB 3.6397295146171404 1.2068735610777201
61309.0409 lsst_hardware_z 0.6896295685169821 62.439998626708984 30.959999084472656 AB 3.9186923943062717 1.208757903803428
61309.0525 lsst_hardware_r 100.92029552286958 87.23999786376953 31.610000610351562 AB 3.5035285667797886 1.2068648180432016
61311.0532 lsst_hardware_i -33.721731498261775 58.150001525878906 31.290000915527344 AB 5.414412672570153 1.2070474858966214
61311.0652 lsst_hardware_z 5.299901237619905 57.11000061035156 30.950000762939453 AB 5.432756604802351 1.2097659867065302
61315.054 lsst_hardware_g -20.76545210646132 13.380000114440918 31.350000381469727 AB 5.862362174676726 1.2096697806916896
61315.0664 lsst_hardware_i 20.664790100535498 31.479999542236328 31.219999313354492 AB 5.856097879138307 1.2157147351336277
61317.0305 lsst_hardware_r -13.824878298064332 22.770000457763672 31.459999084472656 AB 2.913597559796605 1.20687506791713
61317.0413 lsst_hardware_z -67.4466941876317 43.130001068115234 30.93000030517578 AB 2.921828365213492 1.2076997927308455
61321.0294 lsst_hardware_g -17.439933432432614 13.4399995803833 31.350000381469727 AB 5.536497122725224 1.2075239089912433
61321.0403 lsst_hardware_r 13.451192020006177 22.809999465942383 31.459999084472656 AB 5.476277309997138 1.2106952545176892
61323.0793 lsst_hardware_i 2.3576666357758804 31.969999313354492 31.219999313354492 AB 3.0399529951358093 1.2512669253491704
61323.0913 lsst_hardware_z -20.08939913359496 44.209999084472656 30.93000030517578 AB 4.040434469470129 1.2703105647044222
61325.0758 lsst_hardware_r -8.455267680359377 23.059999465942383 31.450000762939453 AB 6.669371919949837 1.2541324616375156
61325.0881 lsst_hardware_u 0.6663205806503566 2.569999933242798 28.270000457763672 AB 7.359493851182695 1.27431606444443
61326.0777 lsst_hardware_g -5.316866035770692 13.619999885559082 31.34000015258789 AB 5.9863372907852765 1.2612772801233134
61326.088 lsst_hardware_i -45.576107501125335 32.22999954223633 31.219999313354492 AB 6.668820229802345 1.279144572705926
61328.081 lsst_hardware_z 76.78907698432593 44.34000015258789 30.920000076293945 AB 7.561225621303001 1.276299829173972
61328.0922 lsst_hardware_r 37.612514908904686 23.940000534057617 31.459999084472656 AB 8.050610900355487 1.2984856290895945
