data/validation/pwv_sim_epoch_fit_seasonal/18656282.ecsv
# %ECSV 0.9
# ---
# datatype:
# - {name: time, datatype: float64}
# - {name: band, datatype: string}
# - {name: flux, datatype: float64}
# - {name: fluxerr, datatype: float64}
# - {name: zp, datatype: float64}
# - {name: zpsys, datatype: string}
# - {name: pwv, datatype: float64}
# - {name: airmass, datatype: float64}
# meta: {SNID: '18656282', alt: 1024.0, c: -0.08506377786397934, dec: 1.342993, lat: -30.244573, lon: -70.7499537, ra: 38.671875, t0: 61746.33203125,
#   x0: 3.894910356746262e-05, x1: -1.7369245290756226, z: 0.2569544315338135}
# schema: astropy-2.0
time band flux fluxerr zp zpsys pwv airmass
61621.4104 lsst_hardware_u -3.2811603527078277 2.819999933242798 28.389999389648438 AB 2.3791463032256477 1.1913601919006749
61621.4288 lsst_hardware_y -21.182589624197274 53.040000915527344 30.010000228881836 AB 1.7423953064564677 1.1767640520867635
61623.402 lsst_hardware_i 9.58044513048668 32.77000045776367 31.239999771118164 AB 3.4379300184952784 1.195247427915846
61623.4226 lsst_hardware_y 66.90714394843094 49.34000015258789 30.010000228881836 AB 3.3255185125898326 1.1770358114404789
61625.4047 lsst_hardware_r 22.92092481171543 25.31999969482422 31.5 AB 1.659749292385143 1.1855352088465307
61625.4245 lsst_hardware_y -44.80810505873024 51.06999969482422 30.0 AB 2.222477026848767 1.1754991326774153
61628.4014 lsst_hardware_g 3.8389140211487165 15.529999732971191 31.399999618530273 AB 7.150810467250318 1.1813012886426737
61628.4201 lsst_hardware_y 109.13330111467434 49.599998474121094 30.0 AB 5.76490140410323 1.1757106874445744
61648.2985 lsst_hardware_u -4.627514489303764 2.619999885559082 28.25 AB 7.628706982576295 1.2794477119624148
61648.3152 lsst_hardware_r -36.50007153982823 24.489999771118164 31.469999313354492 AB 7.348231115219751 1.2303957662890455
61652.304 lsst_hardware_z 5.827741684155423 44.77000045776367 30.93000030517578 AB 2.8535271658165122 1.2310740963436329
61652.3221 lsst_hardware_r 22.919290028893904 24.68000030517578 31.479999542236328 AB 2.7677156905353284 1.1962896043807925
61654.3517 lsst_hardware_u -4.389102232486594 2.6700000762939453 28.34000015258789 AB 1.0290265811007369 1.1762544268631017
61654.3691 lsst_hardware_g 5.411429151704858 14.75 31.399999618530273 AB 1.060462678594677 1.1881934774170049
61656.3454 lsst_hardware_r 11.34974798310236 24.219999313354492 31.479999542236328 AB 3.4520895860295764 1.1760468723698307
61656.3638 lsst_hardware_i -37.00873803992077 32.529998779296875 31.239999771118164 AB 3.515999176378972 1.1883728626787873
61673.2591 lsst_hardware_r -3.1214666409223644 24.229999542236328 31.479999542236328 AB 7.072889976211487 1.2052638414447294
61673.2784 lsst_hardware_i -18.972308751513108 32.2599983215332 31.229999542236328 AB 7.119066223047847 1.1814243490055156
61677.2967 lsst_hardware_z -51.37324152906447 43.47999954223633 30.940000534057617 AB 7.165880545077351 1.1797953865065713
61677.3167 lsst_hardware_r 19.844293846741845 24.309999465942383 31.479999542236328 AB 7.300970483509297 1.2024986384762293
61679.2864 lsst_hardware_u -0.9008333178738905 2.640000104904175 28.309999465942383 AB 5.597467305508531 1.1772575656565383
61679.3061 lsst_hardware_g -14.403639783238932 14.920000076293945 31.389999389648438 AB 5.364751755319869 1.194733521339144
61683.2107 lsst_hardware_i 62.3472507729344 33.130001068115234 31.209999084472656 AB 8.442369333614035 1.2544382367924793
61683.2299 lsst_hardware_r -36.68295043105546 24.420000076293945 31.469999313354492 AB 8.157882593282473 1.2086498070174971
61685.2102 lsst_hardware_z 33.29275276754731 45.20000076293945 30.93000030517578 AB 5.017304000812758 1.2404995984290326
61685.2302 lsst_hardware_g 10.919266513305498 16.93000030517578 31.440000534057617 AB 4.847328597812393 1.1989682195970053
61687.2111 lsst_hardware_r -1.759440127821848 39.880001068115234 31.559999465942383 AB 3.6913276635839085 1.2248287560626823
61687.2295 lsst_hardware_i -19.632110199458893 39.709999084472656 31.260000228881836 AB 3.7139478755451973 1.1922786117322037
61690.2054 lsst_hardware_z -9.248382420426752 57.060001373291016 30.959999084472656 AB 7.517621418314512 1.219337384026254
61690.2237 lsst_hardware_r -67.13440053198573 68.73999786376953 31.610000610351562 AB 6.541454188543859 1.1893553070079743
61691.2225 lsst_hardware_z -33.348953438097915 92.91000366210938 31.719999313354492 AB 6.889073980850936 1.1876348662540404
61693.2014 lsst_hardware_r 395.9067622140276 137.72000122070312 31.6200008392334 AB 7.8546176717920755 1.2108865886628588
61693.2177 lsst_hardware_z -122.9528957554343 91.9000015258789 30.979999542236328 AB 7.518397735702902 1.1869280222653638
61697.254 lsst_hardware_g -157.2537190953799 75.13999938964844 31.65999984741211 AB 4.320923213233039 1.1908837519245858
61697.273 lsst_hardware_r -66.38213173927262 77.4000015258789 31.600000381469727 AB 4.499446916681456 1.2236733523747518
61706.1719 lsst_hardware_u -2.889026462694235 2.759999990463257 28.3700008392334 AB 2.426539938687355 1.2004650092450635
61706.1886 lsst_hardware_g -23.738806032789366 15.520000457763672 31.420000076293945 AB 2.3722447953597436 1.1812007279799555
61708.1757 lsst_hardware_r -38.39856899581099 25.010000228881836 31.489999771118164 AB 6.122440765196499 1.188054482250291
61710.0753 lsst_hardware_i -55.72887550427289 50.25 31.920000076293945 AB 6.838076441856124 1.604240807473188
61710.0924 lsst_hardware_r 18.606410146146455 25.469999313354492 31.420000076293945 AB 7.985324179924346 1.4653091239251175
61712.1572 lsst_hardware_u -2.999221636500376 2.700000047683716 28.31999969482422 AB 4.675134126934697 1.1978820840247761
61712.1775 lsst_hardware_g 15.447393995803052 15.380000114440918 31.40999984741211 AB 4.247753058349528 1.17796812488874
61721.1236 lsst_hardware_z -67.79030177023854 86.7300033569336 30.969999313354492 AB 4.02790917559517 1.213499789288294
61721.1433 lsst_hardware_r -186.59788665021648 122.5199966430664 31.6200008392334 AB 5.176301115054163 1.1848697806469972
61723.1212 lsst_hardware_i 45.39031835399623 111.68914058610345 31.309999465942383 AB 3.5962644508700476 1.2077120143971698
61723.1391 lsst_hardware_z -26.723846509741918 94.6611616312177 30.979999542236328 AB 5.910058137392752 1.1837082760074944
61725.1231 lsst_hardware_i -51.83241584747428 72.48290679476193 31.299999237060547 AB 6.907526212059305 1.1958495930853377
61725.1414 lsst_hardware_z 41.046956845044505 66.4904767656249 30.969999313354492 AB 6.996942835039445 1.178267106658238
61727.1816 lsst_hardware_g -478.63339918465977 49.07942080330325 31.6299991607666 AB 6.8707843570773255 1.2048723116315556
61727.2015 lsst_hardware_r 64.5817613897241 52.385818890279246 31.579999923706055 AB 6.9766593642625425 1.2502787050846118
61730.1021 lsst_hardware_r 771.2501256946473 37.686826639094136 31.479999542236328 AB 4.017373818250113 1.207687905681456
61730.1222 lsst_hardware_i 726.0246945682832 42.4239014088501 31.239999771118164 AB 3.991135422950838 1.181858283372847
61733.1027 lsst_hardware_z 1464.0281170443454 57.62516724124498 30.93000030517578 AB 9.50665732676012 1.1938537393896302
61733.1222 lsst_hardware_u -1.4834031040961644 3.190499516050274 28.31999969482422 AB 9.398546944876955 1.177074427428797
61735.107 lsst_hardware_g 3439.906155690599 60.417231629347455 31.389999389648438 AB 4.2730514202511465 1.1831245279883191
61735.1245 lsst_hardware_r 3802.9503151103127 65.82904777352773 31.479999542236328 AB 4.247465938869588 1.175497953562031
61739.147 lsst_hardware_i 5871.589250136834 81.75125777713939 31.229999542236328 AB 6.285419172444827 1.2018009889951156
61739.166 lsst_hardware_u 116.9864628114612 12.041412720026656 28.309999465942383 AB 6.544385161039251 1.2426441015929464
61741.145 lsst_hardware_g 7902.469935388935 90.43798033335109 31.389999389648438 AB 7.8470712526304 1.2077372131074902
61741.164 lsst_hardware_r 8644.197460863794 96.10041879940384 31.469999313354492 AB 8.098094802034518 1.2523795348147708
61743.0698 lsst_hardware_r 10093.078922354813 103.25442068497946 31.5 AB 4.157555139668696 1.2021846186993819
61743.0884 lsst_hardware_i 7439.230320563765 91.58661991497283 31.239999771118164 AB 3.0695569307771997 1.1805988195296921
61747.0703 lsst_hardware_z 4581.149189696934 85.89739963910573 30.959999084472656 AB 3.626494045800025 1.18687417633776
61747.0917 lsst_hardware_r 11749.20041538923 123.34313500964521 31.600000381469727 AB 4.495682059263304 1.1754953743661405
61751.1179 lsst_hardware_i 8342.622634360478 133.17488939257916 31.309999465942383 AB 15.059431177107136 1.2081049719575465
61751.1364 lsst_hardware_z 4103.416562985524 106.55165965026406 30.969999313354492 AB 14.882189099106524 1.251515593914808
61753.1162 lsst_hardware_g 7293.184248686233 133.3220987874512 31.65999984741211 AB 8.96987051042125 1.2153335455085414
61753.1349 lsst_hardware_r 10535.743525123342 141.91580565720858 31.600000381469727 AB 9.010520749751818 1.263526134934523
61755.0404 lsst_hardware_y 1014.4561910569162 60.70122542456404 30.0 AB 11.8565643223599 1.1969728680322953
61755.0606 lsst_hardware_i 6539.978016343889 86.21355712192656 31.239999771118164 AB 11.78421795797081 1.1777164601149244
61757.04 lsst_hardware_z 2741.9873853028616 73.21849653365348 30.950000762939453 AB 4.281305525952111 1.1902434044905423
61757.0596 lsst_hardware_u 34.854229276522844 6.423479986859706 28.34000015258789 AB 4.7524733319452155 1.1761364429735113
61759.0422 lsst_hardware_y 751.9199807215921 58.49759182586086 30.0 AB 6.44169008734574 1.182503916906393
61759.0643 lsst_hardware_r 7004.427508554615 86.82155212121384 31.479999542236328 AB 6.196385788488883 1.1760637320978806
61765.0437 lsst_hardware_y 1708.766564913229 86.31869843614622 30.770000457763672 AB 11.186326577594148 1.17549734166233
61765.0696 lsst_hardware_r 9323.00783976761 102.6467688438143 32.22999954223633 AB 11.431848008073251 1.1924633486920229
61767.0432 lsst_hardware_y 883.7172775843994 63.290165288829314 30.010000228881836 AB 7.399384948786068 1.1762481372593367
61767.0654 lsst_hardware_r 4111.571028792481 68.14258195032107 31.489999771118164 AB 7.491187551747102 1.1941319157940633
61991.39 lsst_hardware_r -195.3473355454929 79.5199966430664 31.6200008392334 AB 4.798893091732513 1.2021275279891064
61991.4139 lsst_hardware_y -9.988309123021454 54.459999084472656 30.010000228881836 AB 4.459132486136163 1.1775878044373669
61993.3901 lsst_hardware_z 21.47961501652066 108.70999908447266 32.150001525878906 AB 7.208529024171152 1.1938603882363616
61993.4152 lsst_hardware_y 280.5866744580833 95.91000366210938 31.200000762939453 AB 7.075904915168097 1.1756924341892658
62000.3999 lsst_hardware_u 3.526330437065803 2.8399999141693115 28.440000534057617 AB 2.8482407543710773 1.1755826185751161
62000.4196 lsst_hardware_y -17.570569156578077 51.59000015258789 30.010000228881836 AB 2.7428314166804153 1.186046520852041
62010.2754 lsst_hardware_i 17.924672939575498 34.47999954223633 31.200000762939453 AB 5.208482179502885 1.4332642211070126
62010.3013 lsst_hardware_z 17.720986274632974 45.40999984741211 30.93000030517578 AB 4.009619162848716 1.302106244700817
62012.3426 lsst_hardware_r 28.515169623629998 34.72999954223633 32.2400016784668 AB 3.1118395891422503 1.1884810652357416
62012.3619 lsst_hardware_u -2.054477086891998 3.9100000858306885 29.149999618530273 AB 3.0628799123245445 1.1759201096715681
62014.3118 lsst_hardware_g 180.33610865004994 57.08000183105469 31.639999389648438 AB 1.9145645476753121 1.2338099227809325
62014.3292 lsst_hardware_i -40.36598482448706 46.22999954223633 31.270000457763672 AB 1.8302585185689835 1.1989901857641556
62022.3513 lsst_hardware_r 46.459811581209024 93.48999786376953 31.6200008392334 AB 5.222022580697712 1.179407343378238
62022.3718 lsst_hardware_y 80.4997348012955 58.630001068115234 30.0 AB 5.283059697721473 1.2022209313457926
62032.2555 lsst_hardware_i 5.607571381739405 33.16999816894531 31.219999313354492 AB 6.991598539804456 1.253255395886974
62032.2795 lsst_hardware_z -45.4468347397684 44.119998931884766 30.93000030517578 AB 6.6363972908947915 1.1998548708903307
62036.2601 lsst_hardware_g 3.321837005860628 14.800000190734863 31.389999389648438 AB 2.1108184884177623 1.2149761061499016
62036.2789 lsst_hardware_r 15.010315025391 24.200000762939453 31.479999542236328 AB 2.082744049840865 1.1865233857808317
62040.2493 lsst_hardware_z 33.08067900019938 45.16999816894531 30.93000030517578 AB 4.086770443027927 1.2147341057251344
62040.2675 lsst_hardware_g -7.640766055524695 14.670000076293945 31.3799991607666 AB 4.511483065759044 1.1870241358776645
62042.2498 lsst_hardware_r -35.56019754151404 45.220001220703125 31.579999923706055 AB 5.562688697205055 1.2037411975053587
62042.2693 lsst_hardware_i 49.8049497691996 41.5 31.260000228881836 AB 5.387356030272249 1.180660975295148
62047.2148 lsst_hardware_i 16.710174902171868 99.9000015258789 31.299999237060547 AB 3.2822170212020843 1.2525155585583718
62047.2337 lsst_hardware_z 7.608813412884918 84.7300033569336 30.969999313354492 AB 3.1647227182487527 1.208024703978959
62049.2158 lsst_hardware_z 50.65226312775431 99.72000122070312 30.979999542236328 AB 5.849458963128227 1.2349315193094828
62049.2335 lsst_hardware_r -192.8152211847996 143.6999969482422 31.6200008392334 AB 5.746647783772244 1.1992169832579809
62051.213 lsst_hardware_i 58.35888250965698 79.73999786376953 31.299999237060547 AB 3.891048678464334 1.2284289434772957
62051.2305 lsst_hardware_r 187.29064893107878 94.7300033569336 31.6200008392334 AB 3.7910384555480783 1.1955968847983427
62053.2085 lsst_hardware_z -35.87599441659897 53.060001373291016 30.950000762939453 AB 3.21628070588113 1.2261840281666525
62053.2273 lsst_hardware_g 12.074299517315442 51.560001373291016 31.649999618530273 AB 3.149514482617073 1.1925461880413932
62056.2103 lsst_hardware_r -3.0969372145701457 24.3700008392334 31.479999542236328 AB 7.026879389138292 1.2059344231463112
62056.2263 lsst_hardware_i 10.502907746844336 32.290000915527344 31.239999771118164 AB 6.882668972106492 1.1845566471412698
62058.2063 lsst_hardware_z 57.30065154159 43.599998474121094 30.940000534057617 AB 7.97635496421787 1.2034331569430998
62058.2234 lsst_hardware_r 20.38960932850551 24.350000381469727 31.489999771118164 AB 7.553907369408076 1.1823301564263697
62061.2001 lsst_hardware_r 27.443392078576835 24.68000030517578 31.489999771118164 AB 7.004399147434119 1.2002054742005002
62061.2251 lsst_hardware_z 62.772482558485585 43.63999938964844 30.940000534057617 AB 5.895316103320867 1.176709801061928
62066.1785 lsst_hardware_i 22.784297053412047 32.75 31.239999771118164 AB 3.9531486228037163 1.2143606254772834
62066.1965 lsst_hardware_r 14.433112707633914 24.5 31.489999771118164 AB 3.8305712045103912 1.1870378693867005
62068.1556 lsst_hardware_z -38.42603984582601 45.099998474121094 30.940000534057617 AB 5.506091811289626 1.2580799660213244
62068.1716 lsst_hardware_g -26.859340840917056 18.670000076293945 31.489999771118164 AB 5.591231409335353 1.2172933871334999
62069.174 lsst_hardware_r 59.105965573923896 31.829999923706055 31.549999237060547 AB 1.4846545710814683 1.2073634354145852
62069.1908 lsst_hardware_i 3.715686420825121 35.439998626708984 31.260000228881836 AB 1.5182128764502545 1.184561412054815
62074.1721 lsst_hardware_z -16.55742231786579 66.05000305175781 30.969999313354492 AB 4.02364936387622 1.1899007434204405
62076.1197 lsst_hardware_i -139.95355449058954 118.47000122070312 31.290000915527344 AB 7.417004815680881 1.307729323951724
62078.1568 lsst_hardware_z -133.77645826319167 134.19000244140625 31.729999542236328 AB 6.097401671486465 1.1955689551934245
62078.1766 lsst_hardware_r 28.612453252124183 197.6199951171875 32.380001068115234 AB 5.450259087013346 1.1775008829785423
62080.1543 lsst_hardware_i -29.194931188197913 71.68000030517578 31.299999237060547 AB 2.9966473639014914 1.1916283383642476
62080.1713 lsst_hardware_r 207.36020326036083 85.26000213623047 31.6200008392334 AB 3.6264901666531757 1.1774318722899921
62082.1961 lsst_hardware_u 7.300864370921915 9.460000038146973 29.1299991607666 AB 6.167392447741596 1.1864362906250365
62082.2146 lsst_hardware_g 57.29682015660001 50.02000045776367 31.639999389648438 AB 5.798452851616724 1.2142085334763841
62084.2023 lsst_hardware_r -9.854899662336612 26.0 31.5 AB 10.674854120142149 1.201852524222264
62084.2209 lsst_hardware_i 26.150381724606927 36.68000030517578 31.239999771118164 AB 11.193178485330135 1.2416171364758317
62087.1204 lsst_hardware_i -35.52589816149626 32.79999923706055 31.229999542236328 AB 4.228687237905324 1.2158970349083214
62087.1392 lsst_hardware_z 37.46467113172645 43.70000076293945 30.940000534057617 AB 5.934975770982145 1.186995154196429
62089.1241 lsst_hardware_i -15.639595253069391 32.630001068115234 31.229999542236328 AB 5.03790345379255 1.1995008223315595
62089.1424 lsst_hardware_u 3.2843535432836997 2.700000047683716 28.350000381469727 AB 4.942880534868842 1.1797085546336663
62092.185 lsst_hardware_g -2.030107253182325 14.880000114440918 31.389999389648438 AB 7.006206032740997 1.2097742660428155
62092.2045 lsst_hardware_r -48.10009144380185 24.360000610351562 31.459999084472656 AB 6.915480770889753 1.257131570785267
62094.1031 lsst_hardware_r 5.839753913783082 24.43000030517578 31.479999542236328 AB 6.9728803392857355 1.2122883149057666
62094.1234 lsst_hardware_i -42.65138524847112 32.40999984741211 31.239999771118164 AB 6.81320254930848 1.1837724870660205
62097.1153 lsst_hardware_z -6.988729607310628 62.2400016784668 31.690000534057617 AB 8.076619749747792 1.1836910196383577
62099.1034 lsst_hardware_g 28.73046015150454 30.399999618530273 31.600000381469727 AB 6.151799231812592 1.190421214612348
62099.1233 lsst_hardware_r -47.50049447380644 34.630001068115234 31.559999465942383 AB 6.013339123793634 1.1761457383588088
62101.1006 lsst_hardware_i -86.84597640260448 49.9900016784668 31.290000915527344 AB 4.541466701902729 1.18738916318785
62101.1201 lsst_hardware_z -66.0020363746226 52.40999984741211 30.959999084472656 AB 4.490494490670239 1.1757273059880184
62104.1474 lsst_hardware_z -96.26064174365543 79.3499984741211 30.979999542236328 AB 6.329743996955392 1.2013748985917707
62104.1667 lsst_hardware_r 414.3889387430537 108.5199966430664 31.610000610351562 AB 5.589707284725321 1.2427094897120512
62108.0768 lsst_hardware_z -61.01376005357259 96.87000274658203 31.719999313354492 AB 4.138594262275026 1.192964956697172
62111.0712 lsst_hardware_g 4.257626968437473 14.850000381469727 31.40999984741211 AB 5.446348184965677 1.189743473314549
62111.0907 lsst_hardware_r 29.166555024963223 24.18000030517578 31.489999771118164 AB 6.68653864823973 1.1761031862522977
62113.0775 lsst_hardware_i 19.090446280287008 32.18000030517578 31.25 AB 6.365936802347801 1.179313968571331
62113.0959 lsst_hardware_z 31.68494821295535 43.33000183105469 30.950000762939453 AB 7.3256525181574705 1.1763392241121158
62115.0733 lsst_hardware_i 11.45314463131228 32.470001220703125 31.239999771118164 AB 11.708158941488637 1.1785946186318337
62115.0918 lsst_hardware_u -2.8158924074774347 2.7799999713897705 28.40999984741211 AB 12.504511482850889 1.1767567564146233
62117.1185 lsst_hardware_g 11.864752325855347 14.770000457763672 31.389999389648438 AB 14.531391646244407 1.2131396949695132
62117.1382 lsst_hardware_r -2.3069092754447396 24.450000762939453 31.469999313354492 AB 13.044468800843367 1.2631829051817587
62119.1172 lsst_hardware_i 24.850398422040286 32.59000015258789 31.229999542236328 AB 9.49580037931848 1.221792785219994
62119.1349 lsst_hardware_r 10.881238404917557 24.389999389648438 31.459999084472656 AB 9.998755502873026 1.2701558820815169
62121.0407 lsst_hardware_z -58.0809411130889 48.54999923706055 30.950000762939453 AB 12.091198924083885 1.1937601781166214
62121.0591 lsst_hardware_u 0.3043700357175677 2.8399999141693115 28.43000030517578 AB 12.84310858170804 1.1775286363327004
62127.0401 lsst_hardware_y -23.13805388969591 60.38999938964844 30.020000457763672 AB 6.568438886935324 1.178829663843382
62127.0594 lsst_hardware_z -126.9566865114807 44.099998474121094 30.940000534057617 AB 5.760439446782692 1.1768808458422824
62130.0414 lsst_hardware_y -0.47110101092440726 62.900001525878906 30.010000228881836 AB 11.128801029364777 1.175660366507928
62130.0606 lsst_hardware_r -46.71755335320988 55.38999938964844 31.600000381469727 AB 11.216052082933755 1.1823483550332066
62134.0526 lsst_hardware_z -105.06875106098586 101.72000122070312 31.729999542236328 AB 9.942665946548612 1.1849202653497748
