data/validation/pwv_sim_epoch_fit_seasonal/18656282.ecsv
# %ECSV 0.9
# ---
# datatype:
# - {name: time, datatype: float64}
# - {name: band, datatype: string}
# - {name: flux, datatype: float64}
# - {name: fluxerr, datatype: float64}
# - {name: zp, datatype: float64}
# - {name: zpsys, datatype: string}
# - {name: pwv, datatype: float64}
# - {name: airmass, datatype: float64}
# meta: {SNID: '18656282', alt: 1024.0, c: -0.08506377786397934, dec: 1.342993, lat: -30.244573, lon: -70.7499537, ra: 38.671875, t0: 61746.33203125,
#   x0: 3.894910356746262e-05, x1: -1.7369245290756226, z: 0.2569544315338135}
# schema: astropy-2.0
time band flux fluxerr zp zpsys pwv airmass
61621.4104 lsst_hardware_u 4.779033781746429 2.819999933242798 28.389999389648438 AB 2.3791463032256477 1.1913601919006749
61621.4288 lsst_hardware_y -34.727090505300666 53.040000915527344 30.010000228881836 AB 1.7423953064564677 1.1767640520867635
61623.402 lsst_hardware_i -32.091866755530724 32.77000045776367 31.239999771118164 AB 3.4379300184952784 1.195247427915846
61623.4226 lsst_hardware_y 21.957936273438435 49.34000015258789 30.010000228881836 AB 3.3255185125898326 1.1770358114404789
61625.4047 lsst_hardware_r 13.50037377298951 25.31999969482422 31.5 AB 1.659749292385143 1.1855352088465307
61625.4245 lsst_hardware_y 39.543182369170474 51.06999969482422 30.0 AB 2.222477026848767 1.1754991326774153
61628.4014 lsst_hardware_g -21.481640374121913 15.529999732971191 31.399999618530273 AB 7.150810467250318 1.1813012886426737
61628.4201 lsst_hardware_y 112.56911874368832 49.599998474121094 30.0 AB 5.76490140410323 1.1757106874445744
61648.2985 lsst_hardware_u 1.6509806650524996 2.619999885559082 28.25 AB 7.628706982576295 1.2794477119624148
61648.3152 lsst_hardware_r -4.279143395497885 24.489999771118164 31.469999313354492 AB 7.348231115219751 1.2303957662890455
61652.304 lsst_hardware_z -4.680178047807551 44.77000045776367 30.93000030517578 AB 2.8535271658165122 1.2310740963436329
61652.3221 lsst_hardware_r -10.739581504023326 24.68000030517578 31.479999542236328 AB 2.7677156905353284 1.1962896043807925
61654.3517 lsst_hardware_u -3.858527359769082 2.6700000762939453 28.34000015258789 AB 1.0290265811007369 1.1762544268631017
61654.3691 lsst_hardware_g 2.636503262490261 14.75 31.399999618530273 AB 1.060462678594677 1.1881934774170049
61656.3454 lsst_hardware_r 28.743875403085855 24.219999313354492 31.479999542236328 AB 3.4520895860295764 1.1760468723698307
61656.3638 lsst_hardware_i -88.6896324763158 32.529998779296875 31.239999771118164 AB 3.515999176378972 1.1883728626787873
61673.2591 lsst_hardware_r -4.322221265788335 24.229999542236328 31.479999542236328 AB 7.072889976211487 1.2052638414447294
61673.2784 lsst_hardware_i 1.1839530769154172 32.2599983215332 31.229999542236328 AB 7.119066223047847 1.1814243490055156
61677.2967 lsst_hardware_z 9.194036886821278 43.47999954223633 30.940000534057617 AB 7.165880545077351 1.1797953865065713
61677.3167 lsst_hardware_r -21.80761089225661 24.309999465942383 31.479999542236328 AB 7.300970483509297 1.2024986384762293
61679.2864 lsst_hardware_u 2.239617581139397 2.640000104904175 28.309999465942383 AB 5.597467305508531 1.1772575656565383
61679.3061 lsst_hardware_g -26.71975002905042 14.920000076293945 31.389999389648438 AB 5.364751755319869 1.194733521339144
61683.2107 lsst_hardware_i 6.737972887151869 33.130001068115234 31.209999084472656 AB 8.442369333614035 1.2544382367924793
61683.2299 lsst_hardware_r 17.783786315222038 24.420000076293945 31.469999313354492 AB 8.157882593282473 1.2086498070174971
61685.2102 lsst_hardware_z -5.944322756598544 45.20000076293945 30.93000030517578 AB 5.017304000812758 1.2404995984290326
61685.2302 lsst_hardware_g -6.047490702887567 16.93000030517578 31.440000534057617 AB 4.847328597812393 1.1989682195970053
61687.2111 lsst_hardware_r -59.712906516975856 39.880001068115234 31.559999465942383 AB 3.6913276635839085 1.2248287560626823
61687.2295 lsst_hardware_i -24.109447432291393 39.709999084472656 31.260000228881836 AB 3.7139478755451973 1.1922786117322037
61690.2054 lsst_hardware_z -13.643484009704206 57.060001373291016 30.959999084472656 AB 7.517621418314512 1.219337384026254
61690.2237 lsst_hardware_r 50.877365842219106 68.73999786376953 31.610000610351562 AB 6.541454188543859 1.1893553070079743
61691.2225 lsst_hardware_z -51.20182281425112 92.91000366210938 31.719999313354492 AB 6.889073980850936 1.1876348662540404
61693.2014 lsst_hardware_r 83.10464486719111 137.72000122070312 31.6200008392334 AB 7.8546176717920755 1.2108865886628588
61693.2177 lsst_hardware_z 35.70977894075506 91.9000015258789 30.979999542236328 AB 7.518397735702902 1.1869280222653638
61697.254 lsst_hardware_g -0.6533361939607627 75.13999938964844 31.65999984741211 AB 4.320923213233039 1.1908837519245858
61697.273 lsst_hardware_r -66.42422138627623 77.4000015258789 31.600000381469727 AB 4.499446916681456 1.2236733523747518
61706.1719 lsst_hardware_u -2.5463955080954426 2.759999990463257 28.3700008392334 AB 2.426539938687355 1.2004650092450635
61706.1886 lsst_hardware_g 2.9344607880196647 15.520000457763672 31.420000076293945 AB 2.3722447953597436 1.1812007279799555
61708.1757 lsst_hardware_r -50.27713640370786 25.010000228881836 31.489999771118164 AB 6.122440765196499 1.188054482250291
61710.0753 lsst_hardware_i 59.61828119928263 50.25 31.920000076293945 AB 6.838076441856124 1.604240807473188
61710.0924 lsst_hardware_r 14.851648634310889 25.469999313354492 31.420000076293945 AB 7.985324179924346 1.4653091239251175
61712.1572 lsst_hardware_u -0.2215991558485589 2.700000047683716 28.31999969482422 AB 4.675134126934697 1.1978820840247761
61712.1775 lsst_hardware_g 10.520306715961752 15.380000114440918 31.40999984741211 AB 4.247753058349528 1.17796812488874
61721.1236 lsst_hardware_z -133.2635804116039 86.7300033569336 30.969999313354492 AB 4.02790917559517 1.213499789288294
61721.1433 lsst_hardware_r -240.1370112721644 122.5199966430664 31.6200008392334 AB 5.176301115054163 1.1848697806469972
61723.1212 lsst_hardware_i -82.59467967378451 111.68914058610345 31.309999465942383 AB 3.5962644508700476 1.2077120143971698
61723.1391 lsst_hardware_z -44.935490543450314 94.6611616312177 30.979999542236328 AB 5.910058137392752 1.1837082760074944
61725.1231 lsst_hardware_i -149.41558600686193 72.48290679476193 31.299999237060547 AB 6.907526212059305 1.1958495930853377
61725.1414 lsst_hardware_z -106.38869944975531 66.4904767656249 30.969999313354492 AB 6.996942835039445 1.178267106658238
61727.1816 lsst_hardware_g -610.6889777479279 49.07942080330325 31.6299991607666 AB 6.8707843570773255 1.2048723116315556
61727.2015 lsst_hardware_r 81.74461705831179 52.385818890279246 31.579999923706055 AB 6.9766593642625425 1.2502787050846118
61730.1021 lsst_hardware_r 833.5136402538119 37.686826639094136 31.479999542236328 AB 4.017373818250113 1.207687905681456
61730.1222 lsst_hardware_i 705.91298735283 42.4239014088501 31.239999771118164 AB 3.991135422950838 1.181858283372847
61733.1027 lsst_hardware_z 1434.2512933638907 57.62516724124498 30.93000030517578 AB 9.50665732676012 1.1938537393896302
61733.1222 lsst_hardware_u -7.338852202783795 3.190499516050274 28.31999969482422 AB 9.398546944876955 1.177074427428797
61735.107 lsst_hardware_g 3440.081064091875 60.417231629347455 31.389999389648438 AB 4.2730514202511465 1.1831245279883191
61735.1245 lsst_hardware_r 3824.438309892851 65.82904777352773 31.479999542236328 AB 4.247465938869588 1.175497953562031
61739.147 lsst_hardware_i 5823.129584756302 81.75125777713939 31.229999542236328 AB 6.285419172444827 1.2018009889951156
61739.166 lsst_hardware_u 126.74881240348464 12.041412720026656 28.309999465942383 AB 6.544385161039251 1.2426441015929464
61741.145 lsst_hardware_g 7874.877937450072 90.43798033335109 31.389999389648438 AB 7.8470712526304 1.2077372131074902
61741.164 lsst_hardware_r 8477.601563195714 96.10041879940384 31.469999313354492 AB 8.098094802034518 1.2523795348147708
61743.0698 lsst_hardware_r 9966.420006580456 103.25442068497946 31.5 AB 4.157555139668696 1.2021846186993819
61743.0884 lsst_hardware_i 7482.2527841809115 91.58661991497283 31.239999771118164 AB 3.0695569307771997 1.1805988195296921
61747.0703 lsst_hardware_z 4577.27144261853 85.89739963910573 30.959999084472656 AB 3.626494045800025 1.18687417633776
61747.0917 lsst_hardware_r 11983.243625978726 123.34313500964521 31.600000381469727 AB 4.495682059263304 1.1754953743661405
61751.1179 lsst_hardware_i 8244.69501981385 133.17488939257916 31.309999465942383 AB 15.059431177107136 1.2081049719575465
61751.1364 lsst_hardware_z 4254.653270571024 106.55165965026406 30.969999313354492 AB 14.882189099106524 1.251515593914808
61753.1162 lsst_hardware_g 7212.527271700587 133.3220987874512 31.65999984741211 AB 8.96987051042125 1.2153335455085414
61753.1349 lsst_hardware_r 10103.740198869085 141.91580565720858 31.600000381469727 AB 9.010520749751818 1.263526134934523
61755.0404 lsst_hardware_y 969.8966218957379 60.70122542456404 30.0 AB 11.8565643223599 1.1969728680322953
61755.0606 lsst_hardware_i 6680.831060429463 86.21355712192656 31.239999771118164 AB 11.78421795797081 1.1777164601149244
61757.04 lsst_hardware_z 2939.6749795788787 73.21849653365348 30.950000762939453 AB 4.281305525952111 1.1902434044905423
61757.0596 lsst_hardware_u 39.306706572572814 6.423479986859706 28.34000015258789 AB 4.7524733319452155 1.1761364429735113
61759.0422 lsst_hardware_y 716.6924635228373 58.49759182586086 30.0 AB 6.44169008734574 1.182503916906393
61759.0643 lsst_hardware_r 6933.226786196985 86.82155212121384 31.479999542236328 AB 6.196385788488883 1.1760637320978806
61765.0437 lsst_hardware_y 1552.760304812769 86.31869843614622 30.770000457763672 AB 11.186326577594148 1.17549734166233
61765.0696 lsst_hardware_r 9577.291905906843 102.6467688438143 32.22999954223633 AB 11.431848008073251 1.1924633486920229
61767.0432 lsst_hardware_y 1086.5322256559148 63.290165288829314 30.010000228881836 AB 7.399384948786068 1.1762481372593367
61767.0654 lsst_hardware_r 4054.176711515903 68.14258195032107 31.489999771118164 AB 7.491187551747102 1.1941319157940633
61991.39 lsst_hardware_r -6.476252436571769 79.5199966430664 31.6200008392334 AB 4.798893091732513 1.2021275279891064
61991.4139 lsst_hardware_y 55.716093767611184 54.459999084472656 30.010000228881836 AB 4.459132486136163 1.1775878044373669
61993.3901 lsst_hardware_z -69.8582677158346 108.70999908447266 32.150001525878906 AB 7.208529024171152 1.1938603882363616
61993.4152 lsst_hardware_y 22.85599718919308 95.91000366210938 31.200000762939453 AB 7.075904915168097 1.1756924341892658
62000.3999 lsst_hardware_u -2.210297586540883 2.8399999141693115 28.440000534057617 AB 2.8482407543710773 1.1755826185751161
62000.4196 lsst_hardware_y -1.6832233199167899 51.59000015258789 30.010000228881836 AB 2.7428314166804153 1.186046520852041
62010.2754 lsst_hardware_i 4.110638929203318 34.47999954223633 31.200000762939453 AB 5.208482179502885 1.4332642211070126
62010.3013 lsst_hardware_z -41.76725783632873 45.40999984741211 30.93000030517578 AB 4.009619162848716 1.302106244700817
62012.3426 lsst_hardware_r 14.593942099038184 34.72999954223633 32.2400016784668 AB 3.1118395891422503 1.1884810652357416
62012.3619 lsst_hardware_u 1.9267441824502172 3.9100000858306885 29.149999618530273 AB 3.0628799123245445 1.1759201096715681
62014.3118 lsst_hardware_g 19.91532876409307 57.08000183105469 31.639999389648438 AB 1.9145645476753121 1.2338099227809325
62014.3292 lsst_hardware_i -2.586278729179518 46.22999954223633 31.270000457763672 AB 1.8302585185689835 1.1989901857641556
62022.3513 lsst_hardware_r 53.926416230267904 93.48999786376953 31.6200008392334 AB 5.222022580697712 1.179407343378238
62022.3718 lsst_hardware_y -69.32070681762087 58.630001068115234 30.0 AB 5.283059697721473 1.2022209313457926
62032.2555 lsst_hardware_i -47.26110121730228 33.16999816894531 31.219999313354492 AB 6.991598539804456 1.253255395886974
62032.2795 lsst_hardware_z 5.195099522241133 44.119998931884766 30.93000030517578 AB 6.6363972908947915 1.1998548708903307
62036.2601 lsst_hardware_g -26.958280928002313 14.800000190734863 31.389999389648438 AB 2.1108184884177623 1.2149761061499016
62036.2789 lsst_hardware_r -23.195210332234964 24.200000762939453 31.479999542236328 AB 2.082744049840865 1.1865233857808317
62040.2493 lsst_hardware_z 42.66817046547482 45.16999816894531 30.93000030517578 AB 4.086770443027927 1.2147341057251344
62040.2675 lsst_hardware_g -16.17818703844611 14.670000076293945 31.3799991607666 AB 4.511483065759044 1.1870241358776645
62042.2498 lsst_hardware_r 33.63215715212154 45.220001220703125 31.579999923706055 AB 5.562688697205055 1.2037411975053587
62042.2693 lsst_hardware_i -39.34263748086225 41.5 31.260000228881836 AB 5.387356030272249 1.180660975295148
62047.2148 lsst_hardware_i 115.6738017958185 99.9000015258789 31.299999237060547 AB 3.2822170212020843 1.2525155585583718
62047.2337 lsst_hardware_z 95.08611071577279 84.7300033569336 30.969999313354492 AB 3.1647227182487527 1.208024703978959
62049.2158 lsst_hardware_z 3.897059530828505 99.72000122070312 30.979999542236328 AB 5.849458963128227 1.2349315193094828
62049.2335 lsst_hardware_r 170.35955745482008 143.6999969482422 31.6200008392334 AB 5.746647783772244 1.1992169832579809
62051.213 lsst_hardware_i -13.663581617886495 79.73999786376953 31.299999237060547 AB 3.891048678464334 1.2284289434772957
62051.2305 lsst_hardware_r -134.02424131993052 94.7300033569336 31.6200008392334 AB 3.7910384555480783 1.1955968847983427
62053.2085 lsst_hardware_z -46.636545558207644 53.060001373291016 30.950000762939453 AB 3.21628070588113 1.2261840281666525
62053.2273 lsst_hardware_g 6.755519000410281 51.560001373291016 31.649999618530273 AB 3.149514482617073 1.1925461880413932
62056.2103 lsst_hardware_r -25.3948572428612 24.3700008392334 31.479999542236328 AB 7.026879389138292 1.2059344231463112
62056.2263 lsst_hardware_i -63.18052082940853 32.290000915527344 31.239999771118164 AB 6.882668972106492 1.1845566471412698
62058.2063 lsst_hardware_z 2.545803127033004 43.599998474121094 30.940000534057617 AB 7.97635496421787 1.2034331569430998
62058.2234 lsst_hardware_r 31.309715571987887 24.350000381469727 31.489999771118164 AB 7.553907369408076 1.1823301564263697
62061.2001 lsst_hardware_r 23.765063530174746 24.68000030517578 31.489999771118164 AB 7.004399147434119 1.2002054742005002
62061.2251 lsst_hardware_z 25.21313677929852 43.63999938964844 30.940000534057617 AB 5.895316103320867 1.176709801061928
62066.1785 lsst_hardware_i 24.402875173589788 32.75 31.239999771118164 AB 3.9531486228037163 1.2143606254772834
62066.1965 lsst_hardware_r 48.2553768659201 24.5 31.489999771118164 AB 3.8305712045103912 1.1870378693867005
62068.1556 lsst_hardware_z 57.042374032495395 45.099998474121094 30.940000534057617 AB 5.506091811289626 1.2580799660213244
62068.1716 lsst_hardware_g 15.8177483323929 18.670000076293945 31.489999771118164 AB 5.591231409335353 1.2172933871334999
62069.174 lsst_hardware_r 43.30636948309577 31.829999923706055 31.549999237060547 AB 1.4846545710814683 1.2073634354145852
62069.1908 lsst_hardware_i 11.059163732878591 35.439998626708984 31.260000228881836 AB 1.5182128764502545 1.184561412054815
62074.1721 lsst_hardware_z -103.00719533026302 66.05000305175781 30.969999313354492 AB 4.02364936387622 1.1899007434204405
62076.1197 lsst_hardware_i 59.74130994263504 118.47000122070312 31.290000915527344 AB 7.417004815680881 1.307729323951724
62078.1568 lsst_hardware_z -38.122840300696964 134.19000244140625 31.729999542236328 AB 6.097401671486465 1.1955689551934245
62078.1766 lsst_hardware_r -74.31991770872683 197.6199951171875 32.380001068115234 AB 5.450259087013346 1.1775008829785423
62080.1543 lsst_hardware_i 120.62867699416138 71.68000030517578 31.299999237060547 AB 2.9966473639014914 1.1916283383642476
62080.1713 lsst_hardware_r 4.527327367831108 85.26000213623047 31.6200008392334 AB 3.6264901666531757 1.1774318722899921
62082.1961 lsst_hardware_u 6.171720284823947 9.460000038146973 29.1299991607666 AB 6.167392447741596 1.1864362906250365
62082.2146 lsst_hardware_g -18.898876505661015 50.02000045776367 31.639999389648438 AB 5.798452851616724 1.2142085334763841
62084.2023 lsst_hardware_r 14.68795422583715 26.0 31.5 AB 10.674854120142149 1.201852524222264
62084.2209 lsst_hardware_i -33.07696089732784 36.68000030517578 31.239999771118164 AB 11.193178485330135 1.2416171364758317
62087.1204 lsst_hardware_i -36.91191269928327 32.79999923706055 31.229999542236328 AB 4.228687237905324 1.2158970349083214
62087.1392 lsst_hardware_z -5.898919040839932 43.70000076293945 30.940000534057617 AB 5.934975770982145 1.186995154196429
62089.1241 lsst_hardware_i 0.3789749763009835 32.630001068115234 31.229999542236328 AB 5.03790345379255 1.1995008223315595
62089.1424 lsst_hardware_u -1.8291476283939432 2.700000047683716 28.350000381469727 AB 4.942880534868842 1.1797085546336663
62092.185 lsst_hardware_g 11.71951768765605 14.880000114440918 31.389999389648438 AB 7.006206032740997 1.2097742660428155
62092.2045 lsst_hardware_r -6.640605552843265 24.360000610351562 31.459999084472656 AB 6.915480770889753 1.257131570785267
62094.1031 lsst_hardware_r 9.725237970429445 24.43000030517578 31.479999542236328 AB 6.9728803392857355 1.2122883149057666
62094.1234 lsst_hardware_i -15.975457841361933 32.40999984741211 31.239999771118164 AB 6.81320254930848 1.1837724870660205
62097.1153 lsst_hardware_z 149.04245922788053 62.2400016784668 31.690000534057617 AB 8.076619749747792 1.1836910196383577
62099.1034 lsst_hardware_g 25.718045885659723 30.399999618530273 31.600000381469727 AB 6.151799231812592 1.190421214612348
62099.1233 lsst_hardware_r -34.59841855639683 34.630001068115234 31.559999465942383 AB 6.013339123793634 1.1761457383588088
62101.1006 lsst_hardware_i -3.726993855560495 49.9900016784668 31.290000915527344 AB 4.541466701902729 1.18738916318785
62101.1201 lsst_hardware_z -18.093533221081067 52.40999984741211 30.959999084472656 AB 4.490494490670239 1.1757273059880184
62104.1474 lsst_hardware_z -65.22813303719788 79.3499984741211 30.979999542236328 AB 6.329743996955392 1.2013748985917707
62104.1667 lsst_hardware_r -141.14952582501755 108.5199966430664 31.610000610351562 AB 5.589707284725321 1.2427094897120512
62108.0768 lsst_hardware_z -111.2783535611466 96.87000274658203 31.719999313354492 AB 4.138594262275026 1.192964956697172
62111.0712 lsst_hardware_g 6.3368620664697595 14.850000381469727 31.40999984741211 AB 5.446348184965677 1.189743473314549
62111.0907 lsst_hardware_r -27.341789220480614 24.18000030517578 31.489999771118164 AB 6.68653864823973 1.1761031862522977
62113.0775 lsst_hardware_i -51.81566550106186 32.18000030517578 31.25 AB 6.365936802347801 1.179313968571331
62113.0959 lsst_hardware_z 8.092486169794938 43.33000183105469 30.950000762939453 AB 7.3256525181574705 1.1763392241121158
62115.0733 lsst_hardware_i -10.296544507184727 32.470001220703125 31.239999771118164 AB 11.708158941488637 1.1785946186318337
62115.0918 lsst_hardware_u -0.9035038421364753 2.7799999713897705 28.40999984741211 AB 12.504511482850889 1.1767567564146233
62117.1185 lsst_hardware_g -17.8973639757874 14.770000457763672 31.389999389648438 AB 14.531391646244407 1.2131396949695132
62117.1382 lsst_hardware_r 1.071466847238933 24.450000762939453 31.469999313354492 AB 13.044468800843367 1.2631829051817587
62119.1172 lsst_hardware_i -13.345678700864779 32.59000015258789 31.229999542236328 AB 9.49580037931848 1.221792785219994
62119.1349 lsst_hardware_r -15.698213812559372 24.389999389648438 31.459999084472656 AB 9.998755502873026 1.2701558820815169
62121.0407 lsst_hardware_z -6.882557405914277 48.54999923706055 30.950000762939453 AB 12.091198924083885 1.1937601781166214
62121.0591 lsst_hardware_u 5.100042628814178 2.8399999141693115 28.43000030517578 AB 12.84310858170804 1.1775286363327004
62127.0401 lsst_hardware_y 122.58454173206125 60.38999938964844 30.020000457763672 AB 6.568438886935324 1.178829663843382
62127.0594 lsst_hardware_z 8.794214983340456 44.099998474121094 30.940000534057617 AB 5.760439446782692 1.1768808458422824
62130.0414 lsst_hardware_y -130.6428246572226 62.900001525878906 30.010000228881836 AB 11.128801029364777 1.175660366507928
62130.0606 lsst_hardware_r -18.499306866152228 55.38999938964844 31.600000381469727 AB 11.216052082933755 1.1823483550332066
62134.0526 lsst_hardware_z 66.2171736575226 101.72000122070312 31.729999542236328 AB 9.942665946548612 1.1849202653497748
