data/validation/pwv_sim_epoch_fit_seasonal/18670415.ecsv
# %ECSV 0.9
# ---
# datatype:
# - {name: time, datatype: float64}
# - {name: band, datatype: string}
# - {name: flux, datatype: float64}
# - {name: fluxerr, datatype: float64}
# - {name: zp, datatype: float64}
# - {name: zpsys, datatype: string}
# - {name: pwv, datatype: float64}
# - {name: airmass, datatype: float64}
# meta: {SNID: '18670415', alt: 1024.0, c: -0.031766097992658615, dec: 4.480799, lat: -30.244573, lon: -70.7499537, ra: 314.824219, t0: 62342.8203125,
#   x0: 1.8037194666256673e-05, x1: -1.2674453258514404, z: 0.3586879372596741}
# schema: astropy-2.0
time band flux fluxerr zp zpsys pwv airmass
62276.4058 lsst_hardware_i 0.6462783595066923 32.599998474121094 31.239999771118164 AB 8.751880710506766 1.2188541580233412
62276.4245 lsst_hardware_y -31.14922928967124 51.25 30.0 AB 7.370236281371768 1.223749659293519
62278.4038 lsst_hardware_r -3.4875266774317035 24.1299991607666 31.479999542236328 AB 5.070249848839058 1.2184195407335734
62278.4239 lsst_hardware_y -1.5180985134964926 50.7400016784668 29.989999771118164 AB 4.744043456581785 1.227966382204086
62281.3565 lsst_hardware_y -109.12811901118629 51.040000915527344 29.979999542236328 AB 9.305739151890215 1.2598732986143022
62281.3774 lsst_hardware_g -11.339804991324998 14.640000343322754 31.3799991607666 AB 9.627962696178022 1.2275867265304121
62284.3632 lsst_hardware_r -38.38024407920352 91.81999969482422 31.610000610351562 AB 11.191939732657211 1.2344051175724513
62284.3826 lsst_hardware_i -39.5902398246279 72.13999938964844 31.299999237060547 AB 11.366179272700737 1.2191982915511375
62287.3719 lsst_hardware_z 97.75524366983075 68.05000305175781 30.969999313354492 AB 8.669015598739055 1.220071626769421
62287.3938 lsst_hardware_r -70.0505493061439 87.69999694824219 31.610000610351562 AB 9.052235988513985 1.2232751335829708
62301.3273 lsst_hardware_z 45.92567853630201 43.95000076293945 30.93000030517578 AB 15.027017435572963 1.2237483151246356
62301.3503 lsst_hardware_r 2.4698523694093506 23.790000915527344 31.469999313354492 AB 14.61740969140224 1.2202783839217148
62305.3305 lsst_hardware_r 30.433702182881994 23.760000228881836 31.469999313354492 AB 5.700732589873403 1.2184306897939008
62305.35 lsst_hardware_i -4.577426626653778 32.31999969482422 31.219999313354492 AB 5.402340074268599 1.2278045623337723
62307.3343 lsst_hardware_z -5.029444649818326 43.900001525878906 30.93000030517578 AB 4.515672650514164 1.2204520677065307
62307.3551 lsst_hardware_r 3.550611148021583 23.8700008392334 31.459999084472656 AB 4.592425863419979 1.2411961793026969
62313.2992 lsst_hardware_z -41.0158208864571 76.81999969482422 30.969999313354492 AB 6.777888021687534 1.2208744560229952
62313.3207 lsst_hardware_r 24.941720294502723 113.38999938964844 31.6200008392334 AB 6.756398110609764 1.2219191181474132
62318.2798 lsst_hardware_y -0.21915926993502763 77.9036768354088 30.75 AB 9.936377663017865 1.224596704833358
62320.3265 lsst_hardware_r -76.30211996814475 40.73716737873664 31.549999237060547 AB 8.063358087623728 1.2532743187250308
62320.3417 lsst_hardware_i -32.601444505583 41.340222655045494 31.239999771118164 AB 8.479284224203916 1.2899192552222887
62329.251 lsst_hardware_g 921.7926348536448 33.34487087475827 31.3700008392334 AB 9.270895538255077 1.2236652124935208
62329.2719 lsst_hardware_i 1241.9531006710401 48.55249327581698 31.229999542236328 AB 9.255573469098147 1.2195502638481395
62331.2495 lsst_hardware_z 1534.5854950078972 58.0237289060533 30.93000030517578 AB 7.921350674916532 1.2211743075410892
62331.2685 lsst_hardware_r 2544.234508779332 56.309299045122444 31.479999542236328 AB 7.610711070905329 1.2203497267546426
62335.2517 lsst_hardware_r 4329.393927493804 69.55534673818799 31.469999313354492 AB 2.284760107406476 1.2186470481321767
62335.2696 lsst_hardware_i 3165.3804439695878 64.54398998673508 31.219999313354492 AB 2.3203398854565767 1.2293734215850114
62346.2101 lsst_hardware_r 6060.147719414956 114.47219733052319 31.610000610351562 AB 5.04931613804961 1.2204276840274597
62346.2309 lsst_hardware_z 2789.3385458799326 84.13525016977235 30.959999084472656 AB 5.064282151017939 1.2221249610307539
62361.164 lsst_hardware_r 2281.375104886838 52.613016162350505 31.479999542236328 AB 4.0354512871188355 1.2234201264571278
62361.1823 lsst_hardware_u 1.6924837588212556 3.1615963719971503 28.420000076293945 AB 3.687330149631767 1.2189521155809997
62363.1701 lsst_hardware_g 535.6455808696217 27.475700108577836 31.399999618530273 AB 4.382953808518278 1.2186155167335342
62363.1885 lsst_hardware_i 2360.9023913530596 58.12868733982173 31.229999542236328 AB 4.360018123528428 1.225010945500846
62368.1098 lsst_hardware_r 1405.301186764179 84.0333891287677 31.59000015258789 AB 2.6925212139920394 1.2821529590438283
62368.1293 lsst_hardware_y 537.7842096409137 57.95045103458516 29.979999542236328 AB 2.2886137685234305 1.240945516347258
62370.1418 lsst_hardware_z 1462.6770680831937 100.59688164828216 30.979999542236328 AB 2.461783492340297 1.221880378379599
62370.1597 lsst_hardware_r 1146.0377962428206 139.33527398410894 31.6200008392334 AB 2.4436617170659214 1.2194934959989627
62377.1161 lsst_hardware_g 196.25623108893103 24.058222389719884 31.479999542236328 AB 6.132722066826881 1.2268920327746624
62377.1323 lsst_hardware_i 1382.000822137382 54.7467037574913 31.260000228881836 AB 6.3365933986830925 1.2185756535929024
62384.0912 lsst_hardware_g 200.72472286352584 19.582525956694703 31.3799991607666 AB 1.8258203506246944 1.2331763498337553
62384.1101 lsst_hardware_r 448.42597539622864 32.254504784992015 31.469999313354492 AB 1.8059344680963654 1.21912767873292
62391.0587 lsst_hardware_u 1.3023771638859256 4.030114379651975 28.360000610351562 AB 3.590718911288372 1.2547283694551838
62391.0778 lsst_hardware_g 100.50626532402545 18.567156835350293 31.389999389648438 AB 3.461169076598311 1.2269660842864238
62394.0553 lsst_hardware_r 408.7859570851524 40.71550484858146 31.549999237060547 AB 1.4619109560827666 1.245858353312602
62394.0738 lsst_hardware_z 533.1117804142632 51.44526424486848 30.940000534057617 AB 1.4567848767833318 1.2235035359322497
62412.0308 lsst_hardware_g -13.54332645150061 14.199999809265137 31.360000610351562 AB 2.3515827931472515 1.2200697616748508
62412.05 lsst_hardware_r 5.9355732556681104 23.6299991607666 31.450000762939453 AB 3.665227450765509 1.2217424835885031
62415.0296 lsst_hardware_i -41.2077182630441 32.20000076293945 31.229999542236328 AB 4.159076072356932 1.2185090668298342
62415.0486 lsst_hardware_z -32.547981720531666 43.79999923706055 30.93000030517578 AB 4.658664077464419 1.2268520843938497
62424.0076 lsst_hardware_y 74.20358205009101 77.69999694824219 30.75 AB 8.168422981032393 1.2185613596767315
62635.3777 lsst_hardware_g 24.333277962480434 14.75 31.360000610351562 AB 10.41698187979768 1.2831165707701604
62635.3996 lsst_hardware_y -46.95445276474378 49.459999084472656 29.979999542236328 AB 10.058930209216124 1.237895215983935
62640.3762 lsst_hardware_r 69.99309588016823 83.4800033569336 31.600000381469727 AB 11.967904276288525 1.2545301791229881
62640.3982 lsst_hardware_y -124.14604753780793 54.93000030517578 29.989999771118164 AB 11.702681274926663 1.22438598816977
62645.3977 lsst_hardware_z 18.96554057184088 50.029998779296875 30.940000534057617 AB 8.121054508700992 1.2185846809434788
62645.4189 lsst_hardware_y 67.76128437056994 51.54999923706055 29.989999771118164 AB 7.522750642293228 1.227803271143011
62647.3731 lsst_hardware_r 34.218618339256956 27.43000030517578 31.5 AB 7.098633511332434 1.2299993088728496
62647.3921 lsst_hardware_u 2.989372182901262 3.5399999618530273 28.530000686645508 AB 6.759581306253397 1.2186012810985487
62651.3682 lsst_hardware_g -1.1971440069758408 14.550000190734863 31.389999389648438 AB 15.07117773965104 1.224369942021003
62651.3899 lsst_hardware_r -14.270454045703929 24.0 31.469999313354492 AB 15.74529919791788 1.2195495380142811
62656.3722 lsst_hardware_r 35.46884937517643 23.920000076293945 31.469999313354492 AB 14.71745372128658 1.2186349028141574
62656.3928 lsst_hardware_g 12.280457438935118 14.510000228881836 31.3799991607666 AB 14.390440387440407 1.2320846240236654
62673.258 lsst_hardware_z 4.277767802383021 56.849998474121094 30.940000534057617 AB 4.2995829311470075 1.3355852857488568
62673.2842 lsst_hardware_i -23.592666609374586 53.70000076293945 31.280000686645508 AB 4.12078953379386 1.2584484757349383
62681.2904 lsst_hardware_r 3.325655020954522 23.729999542236328 31.469999313354492 AB 3.2465049114586537 1.2216387249138867
62681.3113 lsst_hardware_i -1.120253435260177 32.09000015258789 31.219999313354492 AB 2.3539813758854864 1.2209446970360407
62687.291 lsst_hardware_u 2.923246021555596 2.630000114440918 28.309999465942383 AB 4.823691083386223 1.2193868338031322
62687.3127 lsst_hardware_r 12.921431422331995 23.84000015258789 31.469999313354492 AB 5.540676887434853 1.2380709206044027
62689.2514 lsst_hardware_g -3.5339584757841735 14.3100004196167 31.360000610351562 AB 1.9494602819286473 1.2390637385139707
62689.2744 lsst_hardware_i -44.25612706103558 32.27000045776367 31.229999542236328 AB 1.9450510610929599 1.219212950956684
62696.2529 lsst_hardware_z 71.48276108745794 77.56999969482422 30.969999313354492 AB 7.621968426028471 1.220002949344293
62696.2738 lsst_hardware_r -39.58585348830442 113.76000213623047 31.6200008392334 AB 7.616761663924193 1.2229867796923881
62703.2125 lsst_hardware_z 60.54396967877634 47.7400016784668 30.93000030517578 AB 7.068489296995656 1.2400858415781852
62703.2324 lsst_hardware_r 32.547707065350906 40.630001068115234 31.559999465942383 AB 6.86270384564018 1.2205968096115571
62708.1952 lsst_hardware_g -28.090835141316038 14.5600004196167 31.360000610351562 AB 13.512138693543777 1.2459804381797772
62708.2173 lsst_hardware_i -15.708079281690688 32.31999969482422 31.219999313354492 AB 12.397018363052059 1.2213209559186307
62712.1861 lsst_hardware_u -2.8455704855230004 2.559999942779541 28.229999542236328 AB 6.080200552600906 1.2429499775337878
62712.206 lsst_hardware_g -15.294794548588003 14.59000015258789 31.3700008392334 AB 5.940910506978819 1.2215298667582644
62724.1464 lsst_hardware_r 77.98308069303803 101.30999755859375 31.610000610351562 AB 10.330452463406491 1.2555241204917953
62724.1645 lsst_hardware_z 103.10090451133898 72.69000244140625 30.969999313354492 AB 10.101549821169266 1.2283510787364842
62739.1154 lsst_hardware_i -17.770746931610898 32.61000061035156 31.229999542236328 AB 2.333247275656734 1.2383444187474926
62739.1325 lsst_hardware_z -76.23049884657236 43.90999984741211 30.940000534057617 AB 2.683877902684521 1.2214250163916207
62743.1188 lsst_hardware_g -8.187752406345163 14.539999961853027 31.3700008392334 AB 3.8247329214977706 1.2231317305717206
62743.1377 lsst_hardware_i 40.67929974995853 32.33000183105469 31.229999542236328 AB 5.00921932649918 1.2193073270855423
62745.1148 lsst_hardware_z -48.179409458915345 43.720001220703125 30.93000030517578 AB 1.3224053116732686 1.2221860551508952
62745.1331 lsst_hardware_r -6.8321468379887165 23.969999313354492 31.469999313354492 AB 1.5854364666311704 1.219566512793208
62746.0251 lsst_hardware_r 1.3859337294392857 25.530000686645508 31.420000076293945 AB 2.416788787577824 1.5180834092825526
62746.0409 lsst_hardware_u -6.1409220259937705 2.7699999809265137 28.25 AB 2.218465960804683 1.4180031708568637
62754.0922 lsst_hardware_z 39.331313338181836 96.44000244140625 30.979999542236328 AB 4.278073492390843 1.2210856264851842
62754.1102 lsst_hardware_i 27.68354836007339 113.18000030517578 31.309999465942383 AB 4.2815143119344645 1.2201812464249073
62756.0589 lsst_hardware_r -59.47685268129861 120.58999633789062 31.610000610351562 AB 3.521244331122024 1.255793270728254
62756.0768 lsst_hardware_z -95.01880544896942 81.80999755859375 30.979999542236328 AB 3.553493795244089 1.2286968892934467
62761.0592 lsst_hardware_g -12.151359127875939 14.449999809265137 31.389999389648438 AB 0.4609968393024709 1.2331614069591912
62761.0781 lsst_hardware_r -7.809819008172945 23.799999237060547 31.469999313354492 AB 0.4493693829289867 1.219179876813891
62770.0503 lsst_hardware_r 60.90015606396476 23.649999618530273 31.459999084472656 AB 3.634854138877614 1.220261565716235
62770.0801 lsst_hardware_u 1.3746731344065908 2.5999999046325684 28.280000686645508 AB 3.636105034320617 1.230492397401224
62773.0303 lsst_hardware_g -0.8308986289623393 14.239999771118164 31.3700008392334 AB 4.210530887911739 1.2287840330489765
62773.0509 lsst_hardware_r -4.506559581692341 23.729999542236328 31.469999313354492 AB 4.116813247373175 1.2185629108428038
62775.0295 lsst_hardware_i 6.244181651855811 32.470001220703125 31.229999542236328 AB 7.441625972169496 1.2245558618017722
62775.0491 lsst_hardware_z 15.53035982266329 43.93000030517578 30.93000030517578 AB 6.967477397573827 1.2190139495375707
62783.9971 lsst_hardware_z -99.73444179981163 77.4000015258789 30.969999313354492 AB 3.759263547367639 1.2323097377112255
62784.0156 lsst_hardware_r -26.512966764550356 106.27999877929688 31.6200008392334 AB 2.9258621127320565 1.219109213638357
62785.9983 lsst_hardware_y 50.65287067482024 57.34000015258789 30.0 AB 6.419506012319173 1.2255058487701644
62786.0159 lsst_hardware_z 7.623110760501276 61.5 30.959999084472656 AB 7.390111585351425 1.2185854704181167
62787.9981 lsst_hardware_y -59.2056314114437 56.33000183105469 30.0 AB 8.593651731182053 1.221773837736793
62788.0155 lsst_hardware_u -0.2773929465670246 2.7699999809265137 28.3799991607666 AB 8.817611559109633 1.2195163799839568
62789.9999 lsst_hardware_y 0.3828505160370393 55.189998626708984 30.0 AB 8.626779373706412 1.2189594763026275
62790.0183 lsst_hardware_i 8.385675432016074 32.43000030517578 31.239999771118164 AB 9.55079472229364 1.2238463236144799
