data/validation/pwv_sim_epoch_fit_seasonal/18719498.ecsv
# %ECSV 0.9
# ---
# datatype:
# - {name: time, datatype: float64}
# - {name: band, datatype: string}
# - {name: flux, datatype: float64}
# - {name: fluxerr, datatype: float64}
# - {name: zp, datatype: float64}
# - {name: zpsys, datatype: string}
# - {name: pwv, datatype: float64}
# - {name: airmass, datatype: float64}
# meta: {SNID: '18719498', alt: 1024.0, c: -0.0854540690779686, dec: -18.681826, lat: -30.244573, lon: -70.7499537, ra: 241.171875, t0: 61154.9453125,
#   x0: 0.00013481236004633592, x1: -0.49963364005088806, z: 0.14726124703884125}
# schema: astropy-2.0
time band flux fluxerr zp zpsys pwv airmass
[from data line 133]
61541.2304 lsst_hardware_z 22.554697155470564 50.33000183105469 30.969999313354492 AB 5.403000736480006 1.0228758533076716
61547.1778 lsst_hardware_i 134.42441479761462 107.11000061035156 31.350000381469727 AB 5.434928436700702 1.0304321368936182
61547.1967 lsst_hardware_z -26.75319581045582 92.05000305175781 31.010000228881836 AB 5.385503212819052 1.0209162199271427
61551.1601 lsst_hardware_z -85.71308044439797 47.2400016784668 30.959999084472656 AB 6.0526829537156175 1.0368917805588471
61551.1809 lsst_hardware_r 49.22997836486581 45.77000045776367 31.6200008392334 AB 6.292822845088688 1.0221982584003066
61553.1729 lsst_hardware_u -0.3652307912521519 2.930000066757202 28.540000915527344 AB 7.7410866343619915 1.0231863199138942
61553.1936 lsst_hardware_r 11.950225781637613 28.889999389648438 31.56999969482422 AB 7.758538879383759 1.021510023398695
61557.0885 lsst_hardware_r -41.395612461158805 25.25 31.5 AB 8.588587608929384 1.1597840667441552
61557.1115 lsst_hardware_u 3.1108070257118134 2.880000114440918 28.489999771118164 AB 8.034698584613686 1.091769895545057
61560.1582 lsst_hardware_g 5.1309443178222045 15.90999984741211 31.489999771118164 AB 11.03611758127678 1.021610489503494
61560.1793 lsst_hardware_r 26.700614770426068 24.799999237060547 31.530000686645508 AB 11.736643178436623 1.0232024042924566
61562.1491 lsst_hardware_i -25.21269969059276 31.780000686645508 31.270000457763672 AB 5.75206636221819 1.0228623387958016
61562.1715 lsst_hardware_z -96.12252790240296 41.7400016784668 30.959999084472656 AB 5.594944923927804 1.0222811847118225
61571.1011 lsst_hardware_z 3.2102568935240097 67.87000274658203 30.989999771118164 AB 12.922596381525471 1.04196980734625
61571.1202 lsst_hardware_r -77.20634760674339 90.31999969482422 31.65999984741211 AB 12.717372828907752 1.0249402192611732
61573.1026 lsst_hardware_z -61.84810844329149 102.23999786376953 31.010000228881836 AB 5.579779747348148 1.0342501848652732
61573.1221 lsst_hardware_r 271.40480414993124 150.1699981689453 31.670000076293945 AB 5.4848693113512486 1.0217873435723819
61575.1044 lsst_hardware_i -181.95311124788083 149.0399932861328 32.099998474121094 AB 3.7164339531215758 1.0280591848192464
61575.1243 lsst_hardware_z 24.523871551904886 126.41999816894531 31.760000228881836 AB 3.722911179880661 1.0204649297280894
61577.1078 lsst_hardware_r 44.08154454026567 86.69000244140625 31.65999984741211 AB 3.0690121356179496 1.0230040452059832
61577.1273 lsst_hardware_z 88.37800028378557 62.540000915527344 30.989999771118164 AB 3.0455538992597373 1.0213125081353915
61579.1028 lsst_hardware_g -51.886367962561366 53.20000076293945 31.719999313354492 AB 3.2730081172184087 1.0228150366307527
61579.1214 lsst_hardware_r -60.47583648095291 53.900001525878906 31.6299991607666 AB 3.2678681791062534 1.021208805970704
61581.0769 lsst_hardware_r -10.345906580917497 24.09000015258789 31.510000228881836 AB 4.897696505929929 1.038307506027155
61581.0972 lsst_hardware_i -37.478424704217936 31.239999771118164 31.260000228881836 AB 5.3937706837676815 1.0228712697179458
61583.0793 lsst_hardware_z 7.194122131413506 41.59000015258789 30.950000762939453 AB 7.790338071936394 1.0306043222564352
61588.1442 lsst_hardware_r 40.28131889270014 34.290000915527344 32.2599983215332 AB 9.321801435906599 1.0719642865577965
61588.1734 lsst_hardware_u 1.6938857267544916 2.6700000762939453 28.31999969482422 AB 9.49142817969371 1.1496748544582516
61590.0786 lsst_hardware_g 5.633471228637805 15.319999694824219 31.469999313354492 AB 8.585493050838387 1.0210493014019986
61590.1004 lsst_hardware_r -46.79379361894417 24.1299991607666 31.520000457763672 AB 9.068800742188847 1.0246653570068005
61595.056 lsst_hardware_r -9.471694807010397 37.25 32.290000915527344 AB 2.932889888182324 1.0242325434546269
61595.0759 lsst_hardware_i 0.5026212580305749 45.720001220703125 32.02000045776367 AB 2.894366048202472 1.0208503829301228
61597.0269 lsst_hardware_z -1.0269688330872728 46.18000030517578 30.959999084472656 AB 5.185330243875212 1.046132530707953
61597.0424 lsst_hardware_r 40.48965977738456 41.09000015258789 31.610000610351562 AB 6.815609708007927 1.0295223747651923
61599.0591 lsst_hardware_z 53.39272125914614 63.810001373291016 30.989999771118164 AB 6.340753742904796 1.0204528313242156
61599.0831 lsst_hardware_r -18.92164728268265 78.05999755859375 31.65999984741211 AB 6.433130696982949 1.0294930835595533
61610.0237 lsst_hardware_u -2.129093173110527 2.930000066757202 28.559999465942383 AB 6.355047175552767 1.0211098241475176
61610.0471 lsst_hardware_g 12.89279514715253 15.630000114440918 31.479999542236328 AB 6.254936125354274 1.0253993648121762
61616.0088 lsst_hardware_r -11.130415908890498 24.600000381469727 31.530000686645508 AB 5.216446682650188 1.0208310533562013
61616.0318 lsst_hardware_i -44.07931255698219 31.770000457763672 31.260000228881836 AB 5.249021360859355 1.0260511871884583
61618.0082 lsst_hardware_z -67.59497305037608 58.849998474121094 31.700000762939453 AB 3.748410228217234 1.020438356138993
61618.029 lsst_hardware_r -12.094397560306856 34.77000045776367 32.27000045776367 AB 3.792244761840072 1.0278246672406746
61622.9778 lsst_hardware_y -45.139447754219965 48.290000915527344 30.049999237060547 AB 0.8153545349285759 1.025173346515393
61622.9963 lsst_hardware_i -14.388701110088444 32.189998626708984 31.270000457763672 AB 0.9388533625275512 1.020492785356034
61624.9846 lsst_hardware_y -54.4164967274886 67.48999786376953 30.799999237060547 AB 3.4012985530183326 1.0207723555388268
61625.0076 lsst_hardware_r -4.742326635062546 46.119998931884766 32.34000015258789 AB 3.962833933047851 1.026286412218884
61627.9772 lsst_hardware_y -164.5990717548368 96.23999786376953 30.829999923706055 AB 7.95352528127519 1.0206641361918756
61629.967 lsst_hardware_z 67.63238570657158 83.87000274658203 31.0 AB 3.8443937641835726 1.021630019714478
61629.9869 lsst_hardware_i -64.6523643967759 67.9000015258789 31.34000015258789 AB 4.204586546430905 1.0226819879433042
