data/validation/pwv_sim_epoch_fit_seasonal/18748216.ecsv
# %ECSV 0.9
# ---
# datatype:
# - {name: time, datatype: float64}
# - {name: band, datatype: string}
# - {name: flux, datatype: float64}
# - {name: fluxerr, datatype: float64}
# - {name: zp, datatype: float64}
# - {name: zpsys, datatype: string}
# - {name: pwv, datatype: float64}
# - {name: airmass, datatype: float64}
# meta: {SNID: '18748216', alt: 1024.0, c: -0.061643049120903015, dec: -0.895283, lat: -30.244573, lon: -70.7499537, ra: 186.503906, t0: 61079.53125,
#   x0: 3.678484107520743e-05, x1: 1.0127301216125488, z: 0.263390451669693}
# schema: astropy-2.0
time band flux fluxerr zp zpsys pwv airmass
61063.3568 lsst_hardware_r 2877.733574810351 58.946576296504745 31.489999771118164 AB 10.884663056464742 1.1528226289051013
61063.3759 lsst_hardware_y 551.5148508009511 75.71271165812446 30.030000686645508 AB 14.536519312623948 1.145645215165224
61065.3602 lsst_hardware_z 2069.4583331616464 61.80392710251633 30.940000534057617 AB 11.002928566565567 1.1474332388875343
61067.317 lsst_hardware_g 4708.329078485144 69.99736728502295 31.399999618530273 AB 14.129098648063849 1.196570007457987
61067.3331 lsst_hardware_y 777.6966956061472 54.99299742251782 30.0 AB 13.77397244013591 1.1670550264187232
61071.3646 lsst_hardware_y 2334.9140905003815 85.00438630454248 30.770000457763672 AB 13.280832024636469 1.1487366871779843
61072.3526 lsst_hardware_r 10235.676728865226 127.77547161341721 31.6299991607666 AB 13.492317887388518 1.1457471032089435
61072.3716 lsst_hardware_z 4000.266683713431 86.36098052134628 30.969999313354492 AB 13.557940479545268 1.156097477080206
61074.3319 lsst_hardware_i 7402.524259112794 122.63149683329503 31.31999969482422 AB 10.729465600188163 1.1492572408085007
61074.3503 lsst_hardware_z 4061.164997574974 98.42644238780683 30.979999542236328 AB 12.271447073542099 1.1463285449362017
61076.3313 lsst_hardware_r 11505.868597844676 158.22689269804414 31.6299991607666 AB 7.496768960813514 1.1469964750326676
61076.3499 lsst_hardware_z 3860.0723549318104 104.8768456875264 30.979999542236328 AB 7.971859064700628 1.1482003093849658
61080.2806 lsst_hardware_z 3923.1681664146668 77.61869171785604 30.940000534057617 AB 6.324719590926564 1.1986391934667153
61080.2985 lsst_hardware_r 11117.063530966789 113.20166922863021 31.579999923706055 AB 6.339034593942808 1.1657994655527084
61082.3312 lsst_hardware_g 8579.448049552193 94.557772662677 31.530000686645508 AB 4.385154784805178 1.1471954963519337
61082.348 lsst_hardware_r 10528.696391545982 105.53930913092087 31.520000457763672 AB 5.200236883420137 1.1600550740996447
61084.304 lsst_hardware_r 9899.858193821974 101.92441871781581 31.489999771118164 AB 6.552750998016193 1.1496054382484548
61084.3203 lsst_hardware_i 7652.047227218466 92.17958342154719 31.239999771118164 AB 6.531051645792928 1.1457985343496364
61086.3037 lsst_hardware_z 3781.070470491146 73.89053563514716 30.940000534057617 AB 4.585052362200543 1.1470995172815053
61086.3205 lsst_hardware_r 9411.656729025075 100.19097992577159 31.5 AB 4.511193203408501 1.1472781273901032
61088.3048 lsst_hardware_u 75.83937971056767 8.507643124459664 28.350000381469727 AB 5.662973856909652 1.1456552411308276
61088.321 lsst_hardware_r 8733.335747863744 97.09481654169858 31.489999771118164 AB 5.663455036523552 1.1504072794075932
61090.3033 lsst_hardware_i 6370.161494515655 85.38162985288862 31.25 AB 2.8905603388354995 1.1457216867390914
61090.3218 lsst_hardware_z 3035.8573859598746 70.27822543961344 30.940000534057617 AB 2.975773829651924 1.15545335563258
61092.3029 lsst_hardware_r 7839.408731785121 91.01224734547277 31.5 AB 7.436269192331762 1.1468349866081582
61092.3209 lsst_hardware_u 28.497742014512966 6.941118073285435 28.420000076293945 AB 7.517199473966889 1.1602854677162862
61094.3077 lsst_hardware_g 3841.951418693223 63.899442567036196 31.399999618530273 AB 12.739797301942833 1.152662049485893
61094.3256 lsst_hardware_r 6936.781810502413 86.5093117568667 31.479999542236328 AB 12.864435650090417 1.1746733917810728
61096.2562 lsst_hardware_r 6343.439053675652 83.10788983065245 31.489999771118164 AB 10.290144483532657 1.163933771348778
61096.2736 lsst_hardware_i 4709.247294578868 74.7997873119694 31.239999771118164 AB 10.111388710284913 1.1483037545039934
61097.149 lsst_hardware_z 2185.563760523557 68.81276591452395 30.889999389648438 AB 9.198053856431986 1.7016101852616754
61099.283 lsst_hardware_z 2089.870512350138 66.71938520546259 30.950000762939453 AB 6.291488621625841 1.1465823810027957
61099.3005 lsst_hardware_r 5904.071524239591 86.48770621313231 31.579999923706055 AB 6.118263006340169 1.158816801238727
61101.2757 lsst_hardware_i 4422.304302844389 107.93312276340113 31.31999969482422 AB 3.957895254266095 1.146108664362769
61101.2932 lsst_hardware_z 2044.4975473179709 88.28687511802863 30.979999542236328 AB 3.969960525231489 1.156860765001891
61105.2734 lsst_hardware_y 698.9836392826746 68.20460492230137 30.020000457763672 AB 8.941685719866582 1.1496494127307488
61105.2916 lsst_hardware_r 4483.6691094693315 137.21373217894114 31.6200008392334 AB 9.104322258559288 1.1684441734156645
61107.2699 lsst_hardware_i 3951.8941899890287 85.63316717216168 31.299999237060547 AB 11.394178583997752 1.1509271296967425
61107.289 lsst_hardware_z 2126.9379504707877 73.42722672478565 30.959999084472656 AB 11.611238901210902 1.1728524142637273
61109.2682 lsst_hardware_r 3407.1048916919317 71.47726154935862 31.579999923706055 AB 10.91449837793371 1.1538744452831917
61109.2866 lsst_hardware_z 2145.610782921387 65.12925796498027 30.940000534057617 AB 11.163568187280909 1.1780265063347228
61111.2364 lsst_hardware_u 23.76277217118449 5.982947979970144 28.739999771118164 AB 8.486028000153969 1.146760540561347
61111.2563 lsst_hardware_r 2894.2786625968743 61.78705479171412 31.540000915527344 AB 9.183445970816852 1.1492236229279005
61113.2392 lsst_hardware_i 3352.7075787915596 66.2376869966533 31.25 AB 12.74362625384479 1.1456146340899793
61113.2578 lsst_hardware_z 2153.734998956173 62.88718619690559 30.940000534057617 AB 12.552317949593355 1.154333433432092
61114.2372 lsst_hardware_r 2578.3365121560114 55.4174586512616 31.489999771118164 AB 10.632879095981028 1.1456609305011343
61114.2563 lsst_hardware_u 7.836515397972993 4.04326738548017 28.31999969482422 AB 10.05259170456581 1.1554703108696334
61118.2363 lsst_hardware_i 2766.4701863373207 62.5672160438211 31.239999771118164 AB 7.779203032912545 1.1487305128341028
61118.2565 lsst_hardware_z 1952.2478105791129 61.750296031801696 30.93000030517578 AB 6.582771093795843 1.169023458319276
61120.2311 lsst_hardware_r 1768.6112366307261 49.258963691110594 31.489999771118164 AB 6.545788590985272 1.1488710577850685
61120.2505 lsst_hardware_g 438.4680225635946 27.222977776476665 31.420000076293945 AB 5.326532199433485 1.168227261636869
61122.233 lsst_hardware_r 1554.7293325213373 47.70298444695603 31.5 AB 7.479628265291079 1.1541300413209874
61122.251 lsst_hardware_i 2391.3417580292244 59.13239980082161 31.239999771118164 AB 7.212677430385418 1.1778363883923715
61124.2155 lsst_hardware_z 1570.7814809160682 57.62925847541663 30.93000030517578 AB 8.062596587524974 1.1468163225306665
61124.2339 lsst_hardware_i 2205.3406145443378 57.027546131663996 31.229999542236328 AB 8.287473651881903 1.160710595501688
61126.2104 lsst_hardware_z 1470.3222455070327 58.535720491107504 30.940000534057617 AB 7.225714322576084 1.1469387813612832
61126.2281 lsst_hardware_g 356.8441248949818 25.60151747643913 31.43000030517578 AB 7.309955544946796 1.160310403959809
61130.2141 lsst_hardware_z 2456.4091761401237 143.44069632190434 31.729999542236328 AB 4.338701035245082 1.1569355233754273
61133.1775 lsst_hardware_r 1359.2628235310276 144.25301441163518 31.6299991607666 AB 7.116909450200294 1.1464093830863875
61133.1961 lsst_hardware_z 906.7819410320876 99.27449769589415 30.979999542236328 AB 7.140786220184018 1.1491448696787927
61135.1778 lsst_hardware_r 1324.445365730858 89.18195923701207 31.6299991607666 AB 8.448053701922472 1.1455894186327733
61135.1967 lsst_hardware_i 1538.3759977101558 78.18904936805437 31.309999465942383 AB 8.506747707845701 1.1534312500751216
61137.1765 lsst_hardware_z 879.9233318597859 57.76588462649093 30.950000762939453 AB 11.6285725520749 1.1459261956665434
61137.196 lsst_hardware_i 1545.2525195545297 60.52784272310711 31.280000686645508 AB 11.807503988201562 1.1579957817095896
61139.1733 lsst_hardware_u 3.496538718491818 6.133406488546826 28.90999984741211 AB 9.156871187468935 1.1464360308577966
61139.1916 lsst_hardware_g 440.6768685202286 39.02466385839491 31.6200008392334 AB 9.244867600240518 1.1591583725459869
61142.1894 lsst_hardware_i 1328.573276022124 48.72301253695389 31.25 AB 7.583821484295536 1.1667417668146978
61146.0015 lsst_hardware_z 33.14816959729754 51.650001525878906 30.850000381469727 AB 29.5838413515722 1.8861732392150807
61148.1586 lsst_hardware_g 0.5283849772779522 15.630000114440918 31.440000534057617 AB 13.47922416240187 1.1513815804562972
61148.176 lsst_hardware_r 24.94945409644055 25.06999969482422 31.5 AB 15.108131851125401 1.1711730117151473
61150.1506 lsst_hardware_i 33.89028880778631 32.619998931884766 31.239999771118164 AB 7.2749184237671605 1.1496848680442748
61150.1684 lsst_hardware_z 17.39034084901225 43.849998474121094 30.940000534057617 AB 3.6894583194782804 1.1679505060737956
61154.1531 lsst_hardware_g 0.8308939578672948 21.1299991607666 31.530000686645508 AB 11.08031541497897 1.1620575329681408
61154.1709 lsst_hardware_r -4.358652112667909 28.290000915527344 31.510000228881836 AB 9.442511825848776 1.1920482027266877
61156.1486 lsst_hardware_i 33.856520533306224 53.86000061035156 31.299999237060547 AB 10.418254096975788 1.1632708906851037
61156.1665 lsst_hardware_r -29.320832311858968 60.2400016784668 31.600000381469727 AB 10.406847842874656 1.1943589720208099
61158.1346 lsst_hardware_z 6.108731492513132 118.5 31.729999542236328 AB 2.4077991621450696 1.1540356251044788
61160.1183 lsst_hardware_z -152.5792927937666 98.25 30.989999771118164 AB 11.957920271626753 1.1472077777739484
61160.136 lsst_hardware_r 141.1507728878566 146.1699981689453 31.6299991607666 AB 12.119837443371537 1.1611820305026623
61162.074 lsst_hardware_i 10.893544319899759 92.58000183105469 31.31999969482422 AB 9.799793550569515 1.1666420893535137
61162.0931 lsst_hardware_z -67.70067587271207 78.94999694824219 30.979999542236328 AB 10.20155752313354 1.1484468340691634
61164.1128 lsst_hardware_i 20.986037021693466 61.56999969482422 31.309999465942383 AB 13.503289815215345 1.1499501652301762
61164.1309 lsst_hardware_z -30.994501799728226 58.81999969482422 30.969999313354492 AB 11.781484385023088 1.169020338029528
61169.0709 lsst_hardware_i -0.4191818532794811 32.279998779296875 31.239999771118164 AB 10.261533744462527 1.1502349720568896
61169.0827 lsst_hardware_r -2.193154576332909 24.479999542236328 31.489999771118164 AB 10.206109893808444 1.1457347745516753
61171.1138 lsst_hardware_u -2.2095324102657212 2.75 28.3799991607666 AB 9.187081235890858 1.172120596566882
61171.1302 lsst_hardware_g 6.30588247801076 15.260000228881836 31.399999618530273 AB 9.311421478233886 1.2052449895782138
61174.0775 lsst_hardware_r 36.071515866326436 24.709999084472656 31.5 AB 7.334508889682862 1.1463752562805347
61174.097 lsst_hardware_i 61.95571935417011 32.619998931884766 31.239999771118164 AB 7.0853619019478 1.1602666870001856
61176.0387 lsst_hardware_i -32.715802028594595 32.52000045776367 31.229999542236328 AB 6.092425688644357 1.1627321319994957
61176.0565 lsst_hardware_z -1.4117945547302755 43.369998931884766 30.93000030517578 AB 5.79779844942795 1.1476811895735042
61180.0426 lsst_hardware_g -24.843527814867205 15.399999618530273 31.43000030517578 AB 8.254925563742038 1.149177572678706
61180.0629 lsst_hardware_r 58.64559524672018 24.670000076293945 31.489999771118164 AB 8.217695541415384 1.1469219178528929
61181.013 lsst_hardware_i 13.721206564891618 33.290000915527344 31.239999771118164 AB 7.8382610583711125 1.1815731763137158
61181.0277 lsst_hardware_r -29.665430566217793 25.799999237060547 31.5 AB 7.70662863703521 1.159545403353005
61186.0327 lsst_hardware_r 50.54296870927755 92.36000061035156 31.6299991607666 AB 6.525613260948609 1.1464367049466848
61186.0511 lsst_hardware_i 181.54601103025027 79.69999694824219 31.31999969482422 AB 5.977133502757915 1.1489884186318893
61187.9996 lsst_hardware_i -84.80468256181945 81.19000244140625 31.309999465942383 AB 7.5444780902004265 1.1717302411493293
61188.0183 lsst_hardware_z 101.3056618577747 72.5199966430664 30.979999542236328 AB 8.156577158602984 1.1507180416326999
61189.9974 lsst_hardware_i -141.15640254013766 81.38999938964844 31.309999465942383 AB 11.128847462860204 1.166851634375906
61190.0168 lsst_hardware_z -62.92912530550778 71.41000366210938 30.979999542236328 AB 11.02811020711556 1.1483727078973849
61196.9941 lsst_hardware_i -17.099676331836292 32.7599983215332 31.229999542236328 AB 4.947005223311514 1.1504663310026777
61197.0143 lsst_hardware_r 14.311421323820339 25.139999389648438 31.489999771118164 AB 5.061287220060885 1.1462762412141287
61428.356 lsst_hardware_i -102.32727562219968 79.6500015258789 31.31999969482422 AB 10.858764407451462 1.1540214046922217
61428.3758 lsst_hardware_y -66.320313900833 76.11000061035156 30.030000686645508 AB 14.164120034927171 1.1455473359154975
61430.3626 lsst_hardware_z -88.32373202427432 109.4800033569336 31.729999542236328 AB 11.100439786529687 1.1467396473687694
61436.3597 lsst_hardware_g -14.48809359490477 20.81999969482422 31.540000915527344 AB 13.205577822354407 1.1464004475747152
61436.3791 lsst_hardware_y 112.66304816256431 63.29999923706055 30.030000686645508 AB 13.761682658311344 1.1604257740126211
61438.3648 lsst_hardware_z 22.955289267209164 44.040000915527344 30.950000762939453 AB 11.359224416111752 1.1518759231467577
61438.3838 lsst_hardware_y -146.59998091289722 78.62999725341797 30.020000457763672 AB 11.255508325820701 1.1748964849499879
61440.3339 lsst_hardware_r -11.874312969804627 24.829999923706055 31.510000228881836 AB 9.508311013446427 1.1472382979544504
61440.3506 lsst_hardware_u -1.0606946001358093 2.869999885559082 28.479999542236328 AB 9.521082794606146 1.146980218600909
61442.3265 lsst_hardware_g -6.924906700319596 15.529999732971191 31.450000762939453 AB 3.848661440607976 1.148083060812323
61442.3454 lsst_hardware_r -15.010884304786291 24.790000915527344 31.5 AB 5.025142681583086 1.1470746086931145
61447.3341 lsst_hardware_i 7.338981527916558 32.45000076293945 31.239999771118164 AB 5.142799235261495 1.1480743911734557
61447.352 lsst_hardware_z -7.468650937479777 43.58000183105469 30.940000534057617 AB 5.155689384952716 1.1640752731887019
61450.3105 lsst_hardware_z -15.937331903975897 43.41999816894531 30.940000534057617 AB 2.9178400774360247 1.1460487342639532
61450.3276 lsst_hardware_r 21.19790592828312 24.649999618530273 31.489999771118164 AB 3.04701235667789 1.1489488524426432
61452.2618 lsst_hardware_u 2.802398248391326 2.7300000190734863 28.360000610351562 AB 5.43614163452388 1.19945757390297
61452.2781 lsst_hardware_g -0.757819075375308 15.329999923706055 31.420000076293945 AB 5.314802439298024 1.16855929626546
61454.3044 lsst_hardware_r 30.94653135238131 40.41999816894531 31.579999923706055 AB 5.630279211657116 1.145529849777652
61454.3218 lsst_hardware_i 4.080485607433975 32.40999984741211 31.239999771118164 AB 5.6988952774404344 1.1523978115242868
61456.3049 lsst_hardware_z -44.980693618732786 72.31999969482422 30.979999542236328 AB 4.149929060251283 1.1463364652413655
61456.3231 lsst_hardware_r -82.9618554713732 102.55999755859375 31.6299991607666 AB 4.226792998420006 1.158819190793696
61458.304 lsst_hardware_z 39.97252030841429 99.7699966430664 30.989999771118164 AB 12.7963052070819 1.1480368022502545
61458.3202 lsst_hardware_r -38.964922732772656 146.88999938964844 31.6299991607666 AB 12.98474529889241 1.1618159310048013
61460.2969 lsst_hardware_i -156.10946351232238 88.05999755859375 31.31999969482422 AB 11.364550635523072 1.1473163247600355
61460.3154 lsst_hardware_z 96.99720406764885 78.55999755859375 30.979999542236328 AB 11.528541619495266 1.162639712866153
61462.2766 lsst_hardware_z -23.772559025025465 53.25 30.959999084472656 AB 7.442855130724509 1.1463185251520152
61462.2933 lsst_hardware_r 21.211686152661517 57.810001373291016 31.6200008392334 AB 7.480911206142904 1.148142099474534
61464.273 lsst_hardware_y 63.36849225597781 49.310001373291016 30.010000228881836 AB 6.289266800037069 1.1458990252413352
61464.2927 lsst_hardware_g 25.55065669563229 29.639999389648438 31.600000381469727 AB 6.070900280573022 1.1510452254961412
