data/validation/pwv_sim_epoch_fit_seasonal/18904133.ecsv
# %ECSV 0.9
# ---
# datatype:
# - {name: time, datatype: float64}
# - {name: band, datatype: string}
# - {name: flux, datatype: float64}
# - {name: fluxerr, datatype: float64}
# - {name: zp, datatype: float64}
# - {name: zpsys, datatype: string}
# - {name: pwv, datatype: float64}
# - {name: airmass, datatype: float64}
# meta: {SNID: '18904133', alt: 1024.0, c: -0.022932395339012146, dec: -35.685333, lat: -30.244573, lon: -70.7499537, ra: 320.097656,
#   t0: 62774.01953125, x0: 1.4985223307909546e-05, x1: 0.7838241457939148, z: 0.3879859745502472}
# schema: astropy-2.0
time band flux fluxerr zp zpsys pwv airmass
[from data line 132]
63076.159 lsst_hardware_z -8.41910935405445 46.59000015258789 30.959999084472656 AB 4.55387896108272 1.0912722168901798
63076.1792 lsst_hardware_r -11.928584198636427 42.369998931884766 31.6200008392334 AB 4.358008487671626 1.0498695465361663
63078.2977 lsst_hardware_y -12.753189224050772 73.69999694824219 30.790000915527344 AB 3.6378057264480654 1.0727562164838371
63080.1589 lsst_hardware_r -28.740279933588432 129.14999389648438 31.649999618530273 AB 1.9807565665974975 1.0672179776926172
63080.1782 lsst_hardware_i 54.07336582737879 101.22000122070312 31.34000015258789 AB 1.9216237118783634 1.0348000602468301
63084.0795 lsst_hardware_i 43.087750654833286 49.47999954223633 31.260000228881836 AB 2.296209759247525 1.3151258644029353
63084.0975 lsst_hardware_z 27.413454378436356 54.650001525878906 30.950000762939453 AB 2.447029097556282 1.2243307692910017
63086.0869 lsst_hardware_i -41.65069409324841 32.68000030517578 31.229999542236328 AB 5.490878598378714 1.2479269541769804
63086.1068 lsst_hardware_u -0.5491981951771752 2.640000104904175 28.31999969482422 AB 5.128083128377631 1.1654734382676435
63092.0862 lsst_hardware_i 8.127961229209387 32.40999984741211 31.229999542236328 AB 4.257129256199588 1.1810322754454987
63092.1014 lsst_hardware_r -6.705651448631438 23.989999771118164 31.489999771118164 AB 4.027593202640953 1.1292317390582112
63095.0685 lsst_hardware_z 40.87404521400402 44.09000015258789 30.93000030517578 AB 4.772024715238874 1.219790750710742
63095.0875 lsst_hardware_u 0.2906633727113205 2.7300000190734863 28.389999389648438 AB 4.589322932930933 1.1473307332327332
63096.0836 lsst_hardware_r 2.3211869049287728 24.139999389648438 31.489999771118164 AB 2.995222913387922 1.1512339438408463
63096.1009 lsst_hardware_i 43.0216698411548 31.700000762939453 31.25 AB 2.8838130847946255 1.1000272423641608
63107.089 lsst_hardware_z 41.06094380449676 88.63999938964844 31.739999771118164 AB 5.280957605658879 1.059777100321196
63109.0818 lsst_hardware_r 112.55246783726486 124.01000213623047 31.65999984741211 AB 4.123501156301884 1.0631005237001314
63109.101 lsst_hardware_z 141.96568139728691 84.16000366210938 31.0 AB 3.430618936753545 1.0321790001264302
63112.0905 lsst_hardware_g 79.87926663824278 84.23999786376953 31.729999542236328 AB 0.555410976020302 1.0352487903453904
63112.1085 lsst_hardware_r 87.75840594371918 80.13999938964844 31.65999984741211 AB 0.5779400193480837 1.015711809047599
63114.085 lsst_hardware_i 51.44469743449678 30.729999542236328 31.260000228881836 AB 1.5522632531191354 1.0353023031030248
63114.1041 lsst_hardware_z 29.52615327650582 44.93000030517578 30.959999084472656 AB 1.514012591075576 1.0148671150098822
63116.9897 lsst_hardware_y -19.314324282484538 50.75 29.969999313354492 AB 3.2802096930366136 1.3133972744891345
63117.0064 lsst_hardware_r -50.62162008536998 23.889999389648438 31.469999313354492 AB 2.9490607793640016 1.2287753247350006
63121.9906 lsst_hardware_y -56.745973149333594 51.33000183105469 29.989999771118164 AB 3.254636733354642 1.2385640693957347
63122.008 lsst_hardware_u -2.455202978241467 2.7100000381469727 28.3799991607666 AB 2.4887568340599477 1.1672887242024377
63123.9908 lsst_hardware_y 51.29072075724836 50.2599983215332 30.0 AB 2.867656138632859 1.213394698997964
63124.0076 lsst_hardware_r 2.4526310185258957 23.579999923706055 31.489999771118164 AB 1.47240510660873 1.1497176782474094
63125.9986 lsst_hardware_z 36.09887013507082 62.099998474121094 31.690000534057617 AB 7.753713554104736 1.1618661203423595
63131.0111 lsst_hardware_z 1.8018193702635763 42.369998931884766 30.950000762939453 AB 2.8172302076394025 1.0858470640352293
63131.0269 lsst_hardware_r 13.511130738310221 25.170000076293945 31.530000686645508 AB 2.7272546355971454 1.0535364288940814
63136.9956 lsst_hardware_y -18.608847241488014 57.58000183105469 30.040000915527344 AB 4.633846348065486 1.0837927802597012
63137.0176 lsst_hardware_z -8.137975530972952 66.20999908447266 30.989999771118164 AB 4.935311094095713 1.041937599034985
63141.009 lsst_hardware_g -74.5391896305869 45.54999923706055 31.700000762939453 AB 5.173552098098368 1.0385009480801661
63141.0281 lsst_hardware_r -62.06187980038365 59.130001068115234 31.649999618530273 AB 5.059123709996651 1.0167219527383533
63144.9952 lsst_hardware_y 89.77808762606782 50.97999954223633 30.049999237060547 AB 3.4577052087037883 1.04278619010921
63145.0138 lsst_hardware_z 9.543201449530807 40.970001220703125 30.950000762939453 AB 3.4777112614296337 1.0197569919156388
