data/validation/pwv_sim_epoch_fit_seasonal/18969354.ecsv
# %ECSV 0.9
# ---
# datatype:
# - {name: time, datatype: float64}
# - {name: band, datatype: string}
# - {name: flux, datatype: float64}
# - {name: fluxerr, datatype: float64}
# - {name: zp, datatype: float64}
# - {name: zpsys, datatype: string}
# - {name: pwv, datatype: float64}
# - {name: airmass, datatype: float64}
# meta: {SNID: '18969354', alt: 1024.0, c: 0.03732586279511452, dec: -38.873585, lat: -30.244573, lon: -70.7499537, ra: 320.625, t0: 61206.33984375,
#   x0: 1.345221648875233e-05, x1: 0.7771971821784973, z: 0.40626367926597595}
# schema: astropy-2.0
time band flux fluxerr zp zpsys pwv airmass
61178.4155 lsst_hardware_u 0.530278590536727 2.8650528238316144 28.469999313354492 AB 7.9669135631717936 1.0150658578746556
61178.4294 lsst_hardware_y 6.5424362658932855 54.363658756345146 30.059999465942383 AB 8.307555614919101 1.01126666036753
61185.4077 lsst_hardware_r 474.0498085925595 31.871136342681446 31.510000228881836 AB 7.922291139908853 1.0115715437210708
61185.4213 lsst_hardware_y 172.06193649082513 48.2284903129283 30.059999465942383 AB 8.592011271019302 1.0120154618397232
61187.4085 lsst_hardware_g 377.78286567288256 23.661217736479443 31.450000762939453 AB 5.020851851937966 1.0111472866655542
61187.4207 lsst_hardware_y 252.43066882171655 49.075807630353324 30.059999465942383 AB 4.313045190639458 1.0134034752442334
61194.2964 lsst_hardware_i 2196.712015555853 87.2887523522557 31.31999969482422 AB 10.87724366219551 1.1387399143839523
61194.3137 lsst_hardware_z 1531.6096602132682 76.01327663957962 30.979999542236328 AB 10.360443293942122 1.0927873104914825
61196.2705 lsst_hardware_z 1888.4964370921014 82.35247431277512 30.969999313354492 AB 7.498610808592704 1.2107063722281453
61196.2925 lsst_hardware_r 3951.567997611998 107.67765478335441 31.6299991607666 AB 7.2569556187073765 1.1340765148784773
61196.4208 lsst_hardware_z 3960.038293376831 110.08851767920575 31.739999771118164 AB 4.534939679141276 1.0306681088957446
61196.4339 lsst_hardware_r 8139.39595532678 149.00900925891258 32.400001525878906 AB 4.607293886692831 1.0471122469756433
61198.3835 lsst_hardware_i 3085.841258654456 72.2961294942729 31.309999465942383 AB 1.1243736499007067 1.0115822311297875
61198.398 lsst_hardware_z 2136.1351257819983 67.20833779708046 30.959999084472656 AB 1.12425180310911 1.0167323564179154
61220.0744 lsst_hardware_z 1649.0687287546098 101.58088924777971 30.75 AB 10.06398571492559 2.9358184699318848
61220.0824 lsst_hardware_r 2456.8392474328607 136.10135761663378 31.260000228881836 AB 9.256226552067208 2.6701937262564654
61222.3416 lsst_hardware_i 2617.7336226874777 115.26429058340787 31.34000015258789 AB 8.81435978770315 1.022982682622505
61222.3536 lsst_hardware_r 3240.852595070657 140.59761475750278 31.65999984741211 AB 8.902854362482346 1.0348746764611287
61225.3458 lsst_hardware_r 2514.0749416628396 95.65168865621122 31.649999618530273 AB 7.615654382641264 1.0353334986427958
61225.358 lsst_hardware_i 2461.6727545279127 83.42837664323162 31.329999923706055 AB 7.724471183095609 1.0520577729028036
61231.2935 lsst_hardware_z 1484.9203223000989 54.879402472655 30.950000762939453 AB 8.016223359419172 1.0115959314456533
61231.3057 lsst_hardware_r 1556.4494223057789 45.3691499146403 31.510000228881836 AB 8.050774127742702 1.0155715407967416
61233.2973 lsst_hardware_u 2.2198888220491924 2.7331014148430794 28.469999313354492 AB 7.810473163593522 1.014237398150908
61233.3095 lsst_hardware_g 275.2497831212893 22.33074795914986 31.440000534057617 AB 7.881475449207857 1.021357509616569
61235.2793 lsst_hardware_g 260.9466565141235 21.40923965973615 31.450000762939453 AB 6.3143407703715 1.011224850121552
61235.2912 lsst_hardware_r 1150.2226452015943 41.256774039465945 31.510000228881836 AB 6.345733030825729 1.0139788328727246
61238.2405 lsst_hardware_z 1232.804955340467 53.89993620940389 30.940000534057617 AB 1.7498887846229714 1.0220318025637913
61238.2521 lsst_hardware_u -2.8060025401334263 3.155453180203608 28.389999389648438 AB 1.903403383185193 1.0148778369422518
61242.2348 lsst_hardware_g 168.20884583335308 19.05678621271653 31.440000534057617 AB 5.660796145697659 1.0183424841599242
61242.2467 lsst_hardware_r 738.0961471045069 35.950539079202564 31.5 AB 5.59686758447382 1.0127938446434515
61244.2275 lsst_hardware_i 1264.262323824765 52.16237025367374 31.290000915527344 AB 4.994795654306382 1.0195541241695003
61244.2393 lsst_hardware_z 1156.472091602026 55.23460911653908 30.959999084472656 AB 4.950183695933595 1.0134300836168753
61246.2283 lsst_hardware_i 1095.8074115030538 61.83326322612433 31.309999465942383 AB 5.499398569899209 1.0158205624380898
61246.2405 lsst_hardware_z 1093.7275885010815 60.77969956178456 30.969999313354492 AB 5.481524194528491 1.011677976196833
61248.2309 lsst_hardware_z 1037.537102945521 74.23274281772564 30.989999771118164 AB 2.28464737139685 1.0126234932689
61248.2422 lsst_hardware_r 768.1265284543381 97.82614120482648 31.65999984741211 AB 2.318569110662168 1.0111509422861615
61249.2135 lsst_hardware_r 650.1467412317426 126.02923527350849 31.670000076293945 AB 2.615263993818392 1.0197948893813187
61249.2255 lsst_hardware_i 1044.8284103983665 103.20443112912653 31.350000381469727 AB 2.614533685240329 1.0134833550694171
61256.2191 lsst_hardware_i 909.4253463747287 49.789692643917626 31.290000915527344 AB 1.5799103224986792 1.0111426063991547
61256.2312 lsst_hardware_z 752.3829898997598 53.009764272467 30.959999084472656 AB 1.5174263388184006 1.0130245377369016
61258.1569 lsst_hardware_i 777.3331933348057 41.078894471479096 31.239999771118164 AB 2.2138950038961407 1.057256448852025
61258.1765 lsst_hardware_z 737.3819984354008 48.57334392170037 30.940000534057617 AB 1.6664801387261787 1.0306530776021308
61258.2067 lsst_hardware_i 742.1000296428464 40.833791252359624 31.25 AB 1.6447970049427574 1.0118714272179374
61258.2185 lsst_hardware_u -0.5005239204064192 3.0609629522333295 28.420000076293945 AB 2.2893416097839627 1.0114166599443177
61260.2078 lsst_hardware_g 114.53561714772076 17.63108252390411 31.450000762939453 AB 3.310584588488544 1.0111485418784207
61260.2205 lsst_hardware_r 321.79521280763265 30.129765322951894 31.510000228881836 AB 3.1405991557372985 1.0130965018507414
61261.2078 lsst_hardware_i 614.9609843817008 39.95207642359757 31.260000228881836 AB 3.816332832572968 1.011194638673284
61261.2195 lsst_hardware_r 338.0091172366519 30.000648894451107 31.510000228881836 AB 3.378678431550452 1.0137048999551312
61263.1968 lsst_hardware_z 684.9183130988548 47.25249456540988 30.950000762939453 AB 7.478077308468095 1.0113140286208868
61263.2081 lsst_hardware_u -3.2743691695978496 3.2886978835608964 28.479999542236328 AB 7.416746944314856 1.011961060748596
61266.237 lsst_hardware_g 77.73103417609673 17.14279184862818 31.450000762939453 AB 2.635395367092237 1.039193756739841
61266.2486 lsst_hardware_r 323.91802093353255 29.70749886365869 31.510000228881836 AB 2.552155286131857 1.0561370933713456
61274.1539 lsst_hardware_z 800.2647514086586 74.44896859301555 31.719999313354492 AB 2.0577558674767107 1.0148393231021096
61276.2267 lsst_hardware_r 180.27086990258817 83.96287028476182 31.649999618530273 AB 2.7167523073289357 1.065532346971736
61276.238 lsst_hardware_i 571.3626553945242 72.64015050023329 31.329999923706055 AB 2.815334362990764 1.088472593462503
61278.2283 lsst_hardware_z 84.97664117508343 87.08999633789062 31.0 AB 2.6884247835373585 1.079327447388702
61278.239 lsst_hardware_r 13.723703443644544 127.8499984741211 31.649999618530273 AB 2.721951162456325 1.1037174410176354
61281.1403 lsst_hardware_z -111.65998366238098 99.55000305175781 31.75 AB 5.2664145401369575 1.012772026949415
61286.1339 lsst_hardware_r 8.520878435046557 22.920000076293945 31.510000228881836 AB 1.4158566606175145 1.0113261861553675
61286.1462 lsst_hardware_i -30.14906277848144 30.399999618530273 31.260000228881836 AB 1.417030665326614 1.0121647609475815
61296.113 lsst_hardware_i 38.26389055967618 30.34000015258789 31.260000228881836 AB 2.5895515112004355 1.0112472952066525
61296.1251 lsst_hardware_z 20.106192222507154 40.77000045776367 30.950000762939453 AB 3.6611315885372004 1.0141638749410526
61297.0272 lsst_hardware_z 22.072208637357875 42.400001525878906 30.950000762939453 AB 1.5477452256107915 1.1055323040077083
61297.0319 lsst_hardware_r -10.450289629509022 23.360000610351562 31.5 AB 1.531809957216547 1.0941499694403907
61303.1515 lsst_hardware_i 8.479882558295706 46.939998626708984 31.299999237060547 AB 7.526783657479831 1.0628673423995012
61303.1632 lsst_hardware_z 86.24286641212171 50.209999084472656 30.959999084472656 AB 7.718455255613146 1.0860865744295065
61305.1407 lsst_hardware_r -3.197875807011555 84.33999633789062 31.649999618530273 AB 3.567965944644806 1.0538444259067066
61305.1524 lsst_hardware_z -89.94906259468702 66.18000030517578 30.979999542236328 AB 3.6430610351364687 1.0748870797776702
61307.1394 lsst_hardware_y -1.9241809755923553 58.040000915527344 30.049999237060547 AB 3.7187931116916966 1.0607948402657688
61307.1511 lsst_hardware_r 95.41235519181222 101.3499984741211 31.649999618530273 AB 3.7945993949009993 1.083526299555312
61309.1364 lsst_hardware_i -102.68789786666885 78.76000213623047 31.329999923706055 AB 3.0989627013762804 1.065179663625976
61309.1492 lsst_hardware_z -57.58839971523407 69.41999816894531 30.979999542236328 AB 3.168773698240485 1.0914260728727272
61311.1571 lsst_hardware_r -39.87709992851006 76.4000015258789 31.6299991607666 AB 4.853766693223439 1.125489368682396
61311.1696 lsst_hardware_z 18.480696516268715 58.279998779296875 30.959999084472656 AB 5.282556377216212 1.1643066677673715
61313.0556 lsst_hardware_r 16.86947495205707 22.809999465942383 31.510000228881836 AB 3.768371381669972 1.01207351178442
61313.0676 lsst_hardware_u 1.4204560919857252 2.7899999618530273 28.520000457763672 AB 3.7604980886386694 1.0113396921484543
61315.0593 lsst_hardware_g 22.010931923116157 14.050000190734863 31.43000030517578 AB 4.908917891256287 1.0111577097186468
61315.0717 lsst_hardware_i -9.879436817471532 30.31999969482422 31.260000228881836 AB 4.891020593904945 1.013577990654908
61317.0566 lsst_hardware_z 1.1090963965923974 40.779998779296875 30.950000762939453 AB 2.396856840291054 1.0113320001229842
61317.0693 lsst_hardware_r 19.42179856742392 22.979999542236328 31.510000228881836 AB 2.3716510583786916 1.0148271537779683
61319.0584 lsst_hardware_u 2.759649345844957 2.8299999237060547 28.549999237060547 AB 3.827068492563005 1.0127868984619266
61319.0708 lsst_hardware_g 17.24413506840654 14.390000343322754 31.450000762939453 AB 3.8658239915049775 1.0186400803245368
61321.0456 lsst_hardware_r -19.36969449815015 22.920000076293945 31.5 AB 5.5880745781255055 1.0113246906389477
61321.0576 lsst_hardware_i 22.513028995495464 30.479999542236328 31.25 AB 5.388947724280905 1.0144856408653042
61326.1316 lsst_hardware_z -12.904844786719616 43.130001068115234 30.940000534057617 AB 6.856615710584474 1.174580849778925
61326.1431 lsst_hardware_i 4.534577035282394 32.22999954223633 31.229999542236328 AB 7.21220875177483 1.2188790229040989
61328.0857 lsst_hardware_z -29.8913313823983 41.65999984741211 30.940000534057617 AB 6.617626885098217 1.0673591750158415
61328.0969 lsst_hardware_r 17.048568367608826 23.780000686645508 31.5 AB 6.760937340165491 1.090473764542821
61330.079 lsst_hardware_y -48.4626319148984 47.869998931884766 30.040000915527344 AB 6.9611615681917645 1.0650763587695846
61330.0898 lsst_hardware_g -17.10150305622525 22.700000762939453 31.579999923706055 AB 7.476678252336965 1.0868054731211356
61332.0744 lsst_hardware_r 16.093681004913797 48.31999969482422 31.6200008392334 AB 4.048322621848258 1.0666579892451058
61332.0855 lsst_hardware_i -57.58129512677196 46.34000015258789 31.299999237060547 AB 4.581720996943299 1.0893945186811624
61334.0776 lsst_hardware_z -112.291058496722 58.41999816894531 30.979999542236328 AB 3.175081476713867 1.0840155263621976
61334.0878 lsst_hardware_r 47.07224452683864 70.47000122070312 31.639999389648438 AB 3.0263039575124093 1.1080289089290285
61542.4192 lsst_hardware_r -22.035956696726352 23.520000457763672 31.520000457763672 AB 6.80003374888248 1.014930410280967
61542.431 lsst_hardware_z 35.93240324627773 52.47999954223633 30.979999542236328 AB 6.776721787600156 1.0114510130746501
61544.4015 lsst_hardware_z 10.605515309492137 53.16999816894531 30.979999542236328 AB 9.765426032512536 1.0226380116252622
61544.4154 lsst_hardware_y 10.81013236004697 50.189998626708984 30.06999969482422 AB 9.688225551083038 1.0142083801186117
61546.3963 lsst_hardware_i -79.36135595182533 69.41999816894531 31.34000015258789 AB 7.300148665199049 1.0224297850418835
61546.4065 lsst_hardware_y -18.487241337899448 53.63999938964844 30.06999969482422 AB 7.208546461201029 1.0157889750160423
61550.4199 lsst_hardware_y 79.62405095324893 78.45999908447266 30.81999969482422 AB 8.587408734630372 1.0116024307731046
61552.4113 lsst_hardware_i 58.53601477390215 49.970001220703125 31.31999969482422 AB 5.0278424811928515 1.0112313920339604
61552.4235 lsst_hardware_z -70.51373630524749 51.5099983215332 30.979999542236328 AB 4.3229843147506255 1.0141898685631598
61554.4191 lsst_hardware_r -4.295760833900051 31.979999542236328 31.59000015258789 AB 8.086685341218868 1.014640569789041
61554.431 lsst_hardware_y -5.0503170426322574 53.83000183105469 30.059999465942383 AB 8.125158139611626 1.0218610890766697
61558.3791 lsst_hardware_u -4.118246409793856 2.6600000858306885 28.420000076293945 AB 7.754040284927359 1.0134675578260828
61558.3892 lsst_hardware_r 32.464199295083645 22.770000457763672 31.5 AB 7.63391441292689 1.0112484319680606
61559.3907 lsst_hardware_i -22.642890812453775 30.43000030517578 31.260000228881836 AB 10.891425906110141 1.0111492764229257
61559.4028 lsst_hardware_z 48.30226806730979 40.810001373291016 30.950000762939453 AB 10.894712680633342 1.0135716447335377
61561.4005 lsst_hardware_r -4.7788133567454105 22.8700008392334 31.510000228881836 AB 4.668393153956368 1.0148680769470366
61561.4128 lsst_hardware_u -0.022215818434394623 2.8299999237060547 28.540000915527344 AB 4.703859363208446 1.0225781224366188
61563.3957 lsst_hardware_g 10.076014842995614 14.100000381469727 31.440000534057617 AB 1.13158028613996 1.0151737016805389
61563.4082 lsst_hardware_r -11.332475988739757 22.770000457763672 31.5 AB 1.1406137051141665 1.0232778454971114
61572.3658 lsst_hardware_r -92.2501299893547 48.40999984741211 31.639999389648438 AB 6.700052559175854 1.0130489599963493
61572.3781 lsst_hardware_i 67.30915213172668 43.63999938964844 31.309999465942383 AB 7.134029053041662 1.0191470075773803
61574.3609 lsst_hardware_i -42.2690513579793 74.8499984741211 31.34000015258789 AB 4.480779063831017 1.0132351323039095
61574.3718 lsst_hardware_z 48.21482550344251 65.26000213623047 30.989999771118164 AB 4.4971846851425665 1.018595651680983
61576.35 lsst_hardware_r 79.08694388864559 114.68000030517578 31.670000076293945 AB 3.7436263721998806 1.0117909114053731
61576.362 lsst_hardware_z -47.88814892614988 76.94000244140625 31.0 AB 3.759436446805913 1.0160639045421387
61578.3711 lsst_hardware_i 112.47960801960481 117.12999725341797 32.09000015258789 AB 2.1524214818066256 1.026673733272946
61578.3858 lsst_hardware_z -24.32889179917086 102.9800033569336 31.739999771118164 AB 2.191765871930642 1.0436980342526867
61582.324 lsst_hardware_y 0.2075017405062422 47.869998931884766 30.059999465942383 AB 5.5972853748657165 1.0112225542499074
61582.3367 lsst_hardware_g -30.86114184170755 38.810001373291016 31.700000762939453 AB 5.519859724168662 1.012508662336043
61585.2465 lsst_hardware_z -48.30445207296222 41.790000915527344 30.940000534057617 AB 3.0110739387898637 1.0858542873384922
61585.2656 lsst_hardware_u -1.8919217021779047 2.7100000381469727 28.440000534057617 AB 2.713560199946858 1.050444285278954
61587.3466 lsst_hardware_i 42.19587819496007 30.479999542236328 31.25 AB 8.843998006388313 1.0267402197734197
61587.3569 lsst_hardware_z 57.06067170069816 41.209999084472656 30.950000762939453 AB 8.939267051042785 1.0380012832144432
61589.3467 lsst_hardware_r -33.71846852552412 22.90999984741211 31.5 AB 6.78767226595804 1.0324241031193309
61589.3594 lsst_hardware_u -2.097874092974787 2.700000047683716 28.43000030517578 AB 6.8348292546530995 1.0489302109657668
61591.3438 lsst_hardware_g -14.038718218299834 14.170000076293945 31.43000030517578 AB 4.725345402444727 1.035351753384033
61591.3556 lsst_hardware_i -61.71429442078499 30.649999618530273 31.25 AB 4.738243235271541 1.051463104209973
