data/validation/pwv_sim_epoch_fit_seasonal/19071899.ecsv
# %ECSV 0.9
# ---
# datatype:
# - {name: time, datatype: float64}
# - {name: band, datatype: string}
# - {name: flux, datatype: float64}
# - {name: fluxerr, datatype: float64}
# - {name: zp, datatype: float64}
# - {name: zpsys, datatype: string}
# - {name: pwv, datatype: float64}
# - {name: airmass, datatype: float64}
# meta: {SNID: '19071899', alt: 1024.0, c: -0.08827542513608932, dec: -13.401351, lat: -30.244573, lon: -70.7499537, ra: 36.914062, t0: 62718.5390625,
#   x0: 3.3572078551826635e-06, x1: 0.7661349773406982, z: 0.721372127532959}
# schema: astropy-2.0
time band flux fluxerr zp zpsys pwv airmass
62717.4103 lsst_hardware_r 1943.74563270921 55.69913007385899 32.2400016784668 AB 2.041491239675492 1.0531293472658438
62717.4315 lsst_hardware_z 1461.118076186715 77.30132305515605 31.709999084472656 AB 1.5323441946048273 1.0456118693994045
62721.4068 lsst_hardware_z 730.3693020778205 49.24176092916324 30.950000762939453 AB 1.4680565444831537 1.048611817487967
62721.4286 lsst_hardware_y 313.6301422759584 55.61306555583988 30.049999237060547 AB 1.8906461363416096 1.04706265627189
62724.3919 lsst_hardware_z 754.5955997256502 54.00054471867271 30.959999084472656 AB 6.326178747869581 1.0526087766837906
62724.4116 lsst_hardware_y 325.4882433262237 49.83175748351418 30.049999237060547 AB 6.289966749300363 1.0455976199867618
62730.3846 lsst_hardware_i 944.1951813170252 68.54897788242698 31.329999923706055 AB 4.052034537825154 1.0476013024647604
62730.4047 lsst_hardware_y 408.5226969611084 54.74644119883585 30.059999465942383 AB 3.9980388974492063 1.0472924420299166
62732.3743 lsst_hardware_z 542.6374914191114 57.480630502273236 30.979999542236328 AB 2.4690765196222237 1.0498890271594445
62732.3953 lsst_hardware_r 615.6544886119945 61.7526114922881 31.639999389648438 AB 1.9915958592361238 1.0461893849955648
62734.3653 lsst_hardware_y 190.93741392073235 50.447189052613254 30.040000915527344 AB 1.9182667099129982 1.0521139228920873
62734.3847 lsst_hardware_g 50.26811016149319 31.847328649903776 31.649999618530273 AB 1.1501644957657744 1.045604087059795
62737.3643 lsst_hardware_r 454.137518776209 31.73598404946427 31.510000228881836 AB 3.370026730937349 1.0480839904431305
62737.3848 lsst_hardware_i 644.0080381364476 40.43575314173995 31.260000228881836 AB 3.9998162231532475 1.0470266279359315
62739.3262 lsst_hardware_z 543.4420878345306 47.04260958682724 30.950000762939453 AB 2.9660251176406596 1.0824250779054776
62739.3431 lsst_hardware_r 398.83141769894 30.4025027403915 31.489999771118164 AB 2.4501387797884213 1.0594431160803204
62741.3126 lsst_hardware_u 5.627345025195267 2.7418764908361206 28.399999618530273 AB 3.36365449737264 1.0977984651999477
62741.3302 lsst_hardware_r 282.6873122858706 29.46652441498181 31.489999771118164 AB 3.2928706403951886 1.0681312560075218
62743.3162 lsst_hardware_i 483.2706266164931 37.646436685329995 31.239999771118164 AB 3.2457618770939787 1.0808697800784721
62743.3318 lsst_hardware_z 375.4343208159142 45.66261560283609 30.940000534057617 AB 3.202023450396372 1.059833992683946
62746.2533 lsst_hardware_g 81.74278216621632 22.137053198096027 32.119998931884766 AB 3.6267951274676427 1.2486455753725927
62746.276 lsst_hardware_r 558.5628100735727 39.642040017053766 32.2400016784668 AB 3.3728690097484413 1.1583317531046105
62749.2889 lsst_hardware_r 201.59470642575 26.912689608139015 31.489999771118164 AB 2.592735381608939 1.1017289156978496
62749.3061 lsst_hardware_i 398.38676039146105 35.94814161145885 31.25 AB 2.0171741723345855 1.0712081279822556
62750.3665 lsst_hardware_z 389.67396325288365 45.20453459370086 30.950000762939453 AB 0.9333182549760778 1.058083992415015
62750.3845 lsst_hardware_r 168.2547435725482 26.77381742015645 31.5 AB 0.8078717785987186 1.0819711320518555
62754.2761 lsst_hardware_z 246.52072411627768 60.315423384534846 30.969999313354492 AB 3.8405233561960204 1.0999112237315571
62754.2951 lsst_hardware_i 312.9030427605402 63.79079807324062 31.31999969482422 AB 3.109620285790236 1.0676196907039033
62759.281 lsst_hardware_y 217.56377085698185 81.00234540549194 30.799999237060547 AB 2.673367777266177 1.0682076893707881
62763.2635 lsst_hardware_i 174.07862643085693 39.5303089879977 31.270000457763672 AB 5.997241809620087 1.0777683187383869
62763.2836 lsst_hardware_z 159.933471708675 46.705878208852475 30.950000762939453 AB 5.896815071185238 1.053990807665206
62766.2576 lsst_hardware_r 89.72936101917686 24.420368751301066 31.5 AB 1.7359667378280441 1.0742368427149611
62766.276 lsst_hardware_u 2.4365209178977087 2.836355294357975 28.510000228881836 AB 1.6550968815247387 1.053530796642516
62769.2297 lsst_hardware_z 189.09930647420185 43.83404599232563 30.940000534057617 AB 6.756834272612749 1.112144559725578
62769.2484 lsst_hardware_r 64.3410228580106 24.147805261801746 31.489999771118164 AB 6.394622637784098 1.0757660996398364
62770.2619 lsst_hardware_u -1.9988039463922314 2.6610779160683125 28.389999389648438 AB 3.3698664565286127 1.0561637452554515
62770.2755 lsst_hardware_g 7.2660243918727 14.474006102219997 31.40999984741211 AB 3.338058062609685 1.0475625490694132
62775.2856 lsst_hardware_z 161.8679334981342 42.51276736768228 30.950000762939453 AB 4.979541374404652 1.0488765401590034
62775.3041 lsst_hardware_r 20.989775808012826 23.916633126708657 31.5 AB 4.755118878070229 1.0644199846449791
62777.2522 lsst_hardware_r 31.32847426882331 23.964749277802436 31.510000228881836 AB 2.7391286788920506 1.0494745896138125
62777.2714 lsst_hardware_u 5.3969850979123315 2.9300225043854597 28.469999313354492 AB 2.8367322875304546 1.0459927313902855
62779.195 lsst_hardware_z 115.17976142607743 46.13777174462817 30.940000534057617 AB 6.914693369272188 1.1310839753444146
62779.2135 lsst_hardware_r 59.576081439111405 34.92305371996488 31.579999923706055 AB 7.338498008653231 1.0886633218424036
62782.2296 lsst_hardware_y 300.54473177910404 72.82745267571042 30.799999237060547 AB 3.412729348333629 1.0557554055173153
62784.2088 lsst_hardware_r 234.46614204535732 107.10887225134863 31.65999984741211 AB 2.813156400684599 1.0737238170552752
62784.2273 lsst_hardware_i 263.58087745804715 83.90909613588381 31.34000015258789 AB 2.7814799083732336 1.0531919380437151
62786.2015 lsst_hardware_z 278.03374980545647 82.89653461076138 30.989999771118164 AB 6.636360659725174 1.0765157337070508
62786.2197 lsst_hardware_r 242.16944866398055 121.87578114178159 31.65999984741211 AB 5.801867900484402 1.0548850728153458
62788.2008 lsst_hardware_z 161.0527180056077 65.83987102008369 30.979999542236328 AB 8.83149011593033 1.0695761312741103
62788.2181 lsst_hardware_r 80.47518659825873 86.60670814666192 31.649999618530273 AB 6.627312760591444 1.0519544064430864
62790.2492 lsst_hardware_i 142.18963298588892 52.31626533805774 31.309999465942383 AB 7.547109508377298 1.0514955776213581
62790.2665 lsst_hardware_z 87.79022690078466 53.20409923151744 30.969999313354492 AB 7.782066129563716 1.0686593071438415
62792.176 lsst_hardware_z 22.190375629090713 42.79711796198623 30.950000762939453 AB 6.362281720975016 1.0924872739353815
62792.1937 lsst_hardware_r 50.77226257172216 30.37422554757274 31.56999969482422 AB 6.218582927883735 1.0646739211671397
62795.1774 lsst_hardware_u -0.2654089525445975 2.8804671954839844 28.559999465942383 AB 2.7507785907564113 1.0757835708865298
62795.1944 lsst_hardware_g 4.05727124467451 14.425109478668256 31.450000762939453 AB 2.718965893570027 1.0554991822865012
62798.2057 lsst_hardware_z 115.53090042535108 42.224829449804346 30.959999084472656 AB 2.4288068525547177 1.0458476471457088
62798.2223 lsst_hardware_r 39.984430421964085 24.096104004688122 31.510000228881836 AB 1.7438721422746446 1.0486302719642802
62802.1708 lsst_hardware_i 44.04065107102317 32.19605058196465 31.260000228881836 AB 2.1403290431944235 1.0597437084639825
62802.1874 lsst_hardware_z 110.62305626354085 42.478642793274915 30.959999084472656 AB 2.14354137377292 1.047844895114463
62804.1642 lsst_hardware_r 50.49776892671141 24.069400468432228 31.520000457763672 AB 5.861193300549773 1.060945479328405
62804.1801 lsst_hardware_u -3.7200615179824505 2.9951005454033512 28.6299991607666 AB 5.425038484681819 1.0486543462658156
62808.1488 lsst_hardware_y 5.5440387789243895 48.18000030517578 30.049999237060547 AB 4.167996717034241 1.0661655995142443
62808.1686 lsst_hardware_g -17.212554468877908 31.34000015258789 31.65999984741211 AB 3.791373150613774 1.0489343341025796
62814.1235 lsst_hardware_z 60.28195986423162 82.16000366210938 31.0 AB 6.891948948334818 1.0789743950426154
62814.1405 lsst_hardware_r -36.55560820863559 120.2300033569336 31.65999984741211 AB 7.045407613714403 1.0573133659060643
62818.1258 lsst_hardware_r -47.20846237208635 65.4000015258789 31.649999618530273 AB 5.30565562721627 1.061131125443254
62818.145 lsst_hardware_z 66.06043679300974 54.81999969482422 30.979999542236328 AB 5.236746336049821 1.0473492672099642
62821.1799 lsst_hardware_z 40.82583214070386 44.439998626708984 30.950000762939453 AB 5.885156326053805 1.0661193187501232
62821.1985 lsst_hardware_r 31.048793422485424 37.47999954223633 31.579999923706055 AB 6.058926859174828 1.096638345552005
62828.1082 lsst_hardware_g -1.1695200459740145 14.010000228881836 31.420000076293945 AB 7.21542596305582 1.0524250237828898
62828.129 lsst_hardware_r 21.75444395444595 22.790000915527344 31.5 AB 6.901151151163137 1.045628962297445
62830.0937 lsst_hardware_i -33.48438183971024 30.530000686645508 31.239999771118164 AB 5.473069557591696 1.060415511279637
62830.1133 lsst_hardware_z -17.405147194364517 41.11000061035156 30.940000534057617 AB 5.350877296136752 1.0469847470795388
62832.1003 lsst_hardware_r 18.256789050917092 22.90999984741211 31.5 AB 4.01926124880117 1.0504439722446703
62832.1192 lsst_hardware_u -3.5413223465543333 2.759999990463257 28.489999771118164 AB 4.000371723672253 1.045712122251275
62834.1 lsst_hardware_g 20.82407983989365 14.3100004196167 31.43000030517578 AB 5.239242881864826 1.047848576372965
62834.1193 lsst_hardware_i 52.95693620908763 30.530000686645508 31.260000228881836 AB 5.250526217933635 1.0468077990198148
62837.0729 lsst_hardware_r 34.20599158094157 34.77000045776367 31.59000015258789 AB 6.65573366182934 1.0622546675260958
62837.0902 lsst_hardware_z 73.82932617505611 44.0 30.959999084472656 AB 6.625268747295993 1.0485508819017504
62839.0738 lsst_hardware_r -69.35850107748526 57.93000030517578 31.639999389648438 AB 3.6759072232032386 1.0558906232870275
62839.093 lsst_hardware_y -34.880441750816836 50.369998931884766 30.049999237060547 AB 2.7194716713131672 1.0459506428127565
62841.0745 lsst_hardware_z 96.38158332955203 64.26000213623047 30.989999771118164 AB 3.5684860125811446 1.051203656495255
62841.0936 lsst_hardware_r -113.30725257665021 82.88999938964844 31.649999618530273 AB 5.442336403036392 1.0456312535854382
62845.061 lsst_hardware_r 55.48621564760155 92.1500015258789 31.65999984741211 AB 7.805280753645153 1.0529889718239667
62845.0823 lsst_hardware_z -47.38167419551767 65.44999694824219 30.989999771118164 AB 7.898719442959892 1.0456109577001511
62850.0437 lsst_hardware_y 86.68557511419176 49.310001373291016 30.049999237060547 AB 8.113348341155984 1.0559445923238677
62850.0622 lsst_hardware_g -20.473065420121554 13.90999984741211 31.420000076293945 AB 8.028856322593233 1.0460835902082348
62852.0463 lsst_hardware_y -33.9417136124336 48.400001525878906 30.049999237060547 AB 11.45638457320009 1.0500810791200816
62852.0668 lsst_hardware_z -32.8494513266122 41.16999816894531 30.950000762939453 AB 11.416912591524618 1.0460077043931026
62854.0449 lsst_hardware_y -48.70994429732336 50.130001068115234 30.049999237060547 AB 4.33210531622197 1.048047735870962
62854.064 lsst_hardware_u 4.974737765421513 2.8299999237060547 28.530000686645508 AB 4.289512898470745 1.0466055626378905
62856.0361 lsst_hardware_z -76.23570049162925 57.650001525878906 30.989999771118164 AB 4.723531848264787 1.0496737440588415
62856.0569 lsst_hardware_r 20.02918464747593 23.049999237060547 31.510000228881836 AB 4.66398551751698 1.0462058137095065
62859.0365 lsst_hardware_y -188.81559377238224 65.43000030517578 30.059999465942383 AB 6.973546487618054 1.0463197110632505
62859.0589 lsst_hardware_z 1.6758958147851164 41.310001373291016 30.950000762939453 AB 6.7806831304173985 1.0502916868676266
63083.3669 lsst_hardware_r 48.61772464276717 76.87999725341797 31.6299991607666 AB 2.321582864252387 1.118835115302355
63083.3899 lsst_hardware_z 2.1598404360569 58.27000045776367 30.979999542236328 AB 1.5755191621370446 1.073424740001393
63088.3593 lsst_hardware_z 123.35270001526995 64.75 31.709999084472656 AB 5.649824770349037 1.1045420772582468
63088.3868 lsst_hardware_y -55.37642046334891 68.2699966430664 30.799999237060547 AB 5.512838165480035 1.0601611856692374
63091.4085 lsst_hardware_i -53.132905443332504 31.06999969482422 31.260000228881836 AB 4.661111386890618 1.0456783818038402
63091.4289 lsst_hardware_y -12.010164317014505 57.9900016784668 30.059999465942383 AB 4.898667915361153 1.0546866474869714
63100.293 lsst_hardware_z -5.336221937849172 43.939998626708984 30.93000030517578 AB 2.2014778803614528 1.2087730297113675
63108.3401 lsst_hardware_i 39.8439884690503 50.15999984741211 31.309999465942383 AB 2.7580390727852766 1.0530886112200368
63108.3607 lsst_hardware_z 11.63321357768185 49.04999923706055 30.969999313354492 AB 2.733260548403433 1.0456237752117188
63118.2706 lsst_hardware_i 8.075235634294504 32.9900016784668 31.25 AB 4.819129057770025 1.1207276878534944
63118.2884 lsst_hardware_z -17.96902761960339 42.68000030517578 30.950000762939453 AB 4.656540152771556 1.0829163145980363
63121.2721 lsst_hardware_r 13.571590415956365 22.809999465942383 31.489999771118164 AB 4.004131065216206 1.0983261585122628
63121.2897 lsst_hardware_u -2.283851287352095 2.690000057220459 28.440000534057617 AB 3.942669114877501 1.0684740148719514
63123.2724 lsst_hardware_g -7.280330464751672 19.739999771118164 32.15999984741211 AB 2.237575447136566 1.0870811888922587
63123.2884 lsst_hardware_i -13.961471916378713 30.540000915527344 31.25 AB 2.141142487881397 1.0633053242251598
63125.2715 lsst_hardware_z -58.59950270578875 41.59000015258789 30.940000534057617 AB 4.345996224684423 1.0792143592461938
63125.289 lsst_hardware_r -9.794137827116149 22.760000228881836 31.5 AB 4.2621659497709325 1.0569974249247014
63132.3092 lsst_hardware_i 89.69516646023322 43.34000015258789 32.0 AB 2.073522028013463 1.0494417687122763
63132.3664 lsst_hardware_z 84.7544644654877 60.779998779296875 31.690000534057617 AB 2.0004491520630796 1.1466082262493769
63136.2442 lsst_hardware_z 41.787572093781115 49.150001525878906 30.959999084472656 AB 3.656896115666978 1.0749253720361487
63136.2627 lsst_hardware_i 42.836643174224506 45.790000915527344 31.299999237060547 AB 4.021894791712794 1.0538175793823643
63139.2238 lsst_hardware_y 11.7080330684033 84.30000305175781 30.790000915527344 AB 4.184571675575294 1.0965858688611827
63144.2026 lsst_hardware_i 2.634958104762103 52.66999816894531 31.299999237060547 AB 7.002928150440824 1.1133431081780083
63144.2183 lsst_hardware_z 59.863000598145156 52.7400016784668 30.969999313354492 AB 7.332400507424058 1.081408542851045
63146.2226 lsst_hardware_r -23.4564259109842 33.41999816894531 31.56999969482422 AB 4.367456102838048 1.0669681032991973
63146.2419 lsst_hardware_z -29.735839944415503 44.72999954223633 30.959999084472656 AB 4.224375928971713 1.0495343922912437
63148.2049 lsst_hardware_g -4.124412235339018 14.289999961853027 31.43000030517578 AB 3.539068242209032 1.0857147690589115
63148.2232 lsst_hardware_i 25.076515563789208 30.75 31.25 AB 3.254030316462763 1.059944728489678
63150.2046 lsst_hardware_z 39.58115516935141 41.630001068115234 30.940000534057617 AB 4.171937099887411 1.0770458499773876
63150.2224 lsst_hardware_r 28.54333169667212 23.049999237060547 31.489999771118164 AB 3.7998707112170567 1.055519642004738
63152.2043 lsst_hardware_u -1.0935797678653958 2.7100000381469727 28.440000534057617 AB 6.976323242540097 1.0694961279380801
63152.2223 lsst_hardware_g 0.25380927792032804 14.260000228881836 31.43000030517578 AB 6.119643712266129 1.0514550635318984
63154.201 lsst_hardware_r 7.182344051693101 23.15999984741211 31.489999771118164 AB 7.045635335239733 1.066658559029027
63154.2189 lsst_hardware_i -46.23521817387625 30.68000030517578 31.239999771118164 AB 6.729553810709776 1.0501800578510887
63156.2485 lsst_hardware_z 1.098721869795782 41.4900016784668 30.950000762939453 AB 5.512116047651668 1.0524326582629107
63156.2656 lsst_hardware_r 24.645529105210002 23.350000381469727 31.5 AB 6.45494813249809 1.0702208932392483
