data/validation/pwv_sim_epoch_fit_seasonal/19077482.ecsv
# %ECSV 0.9
# ---
# datatype:
# - {name: time, datatype: float64}
# - {name: band, datatype: string}
# - {name: flux, datatype: float64}
# - {name: fluxerr, datatype: float64}
# - {name: zp, datatype: float64}
# - {name: zpsys, datatype: string}
# - {name: pwv, datatype: float64}
# - {name: airmass, datatype: float64}
# meta: {SNID: '19077482', alt: 1024.0, c: -0.0705932229757309, dec: -56.064457, lat: -30.244573, lon: -70.7499537, ra: 330.245911, t0: 62000.88671875,
#   x0: 2.6889198391311536e-06, x1: 0.15976063907146454, z: 0.789832353591919}
# schema: astropy-2.0
time band flux fluxerr zp zpsys pwv airmass
61918.373 lsst_hardware_i -28.720114889253587 31.079999923706055 31.239999771118164 AB 10.416645232817343 1.1537195329161893
61928.427 lsst_hardware_y -102.4912671234381 76.9800033569336 30.780000686645508 AB 1.0297176583441958 1.1148152201488948
61947.3156 lsst_hardware_r 15.381541694023857 22.399999618530273 31.459999084472656 AB 6.254448941218258 1.1273001185769937
61947.328 lsst_hardware_i 53.1065074561179 30.719999313354492 31.229999542236328 AB 6.160787042881101 1.1176706756958033
61950.1628 lsst_hardware_i 34.757222079610806 48.29999923706055 31.90999984741211 AB 8.09170650456359 1.6305705802648733
61950.179 lsst_hardware_z -91.42719306452733 65.87999725341797 31.649999618530273 AB 8.913892098113637 1.521250162516727
61954.3555 lsst_hardware_g -0.5484459799884542 13.40999984741211 31.3700008392334 AB 7.2682970067093375 1.1145557993803852
61954.368 lsst_hardware_i 72.36465697933323 30.670000076293945 31.229999542236328 AB 7.320460889521279 1.1225548613411966
61958.3786 lsst_hardware_r -71.61766074073384 103.54000091552734 31.6299991607666 AB 1.6150773603244055 1.1455126380928464
61958.3898 lsst_hardware_y -36.21370538475438 58.220001220703125 30.010000228881836 AB 1.794052083982876 1.1623272329011183
61962.3056 lsst_hardware_r -50.69550956461914 74.12000274658203 31.6299991607666 AB 9.515080810409613 1.1102454199597194
61962.3177 lsst_hardware_i 142.7955222901026 61.20000076293945 31.309999465942383 AB 9.461992392440257 1.1098134935272856
61964.2933 lsst_hardware_z -32.35901333476476 49.52000045776367 30.959999084472656 AB 6.783357286231107 1.1120257846280504
61964.306 lsst_hardware_r -42.60045874584669 51.20000076293945 31.6200008392334 AB 6.768585344044573 1.1096041547614055
61965.3099 lsst_hardware_z 73.45103167641689 65.32179541011647 31.700000762939453 AB 6.735451337981376 1.1098580989464677
61974.379 lsst_hardware_z 39.755655855204516 44.21412278290581 30.920000076293945 AB 6.3563131883147435 1.2333375092534065
61974.3901 lsst_hardware_r 35.61221250937936 23.803066548503406 31.450000762939453 AB 6.526536232958452 1.2655683988672584
61976.2424 lsst_hardware_r 61.87626726375221 24.139582228216028 31.469999313354492 AB 6.0937889756883985 1.1221930805558489
61976.2548 lsst_hardware_i 124.04556212107981 32.98215406741085 31.229999542236328 AB 6.590464930956777 1.1143836542030399
61978.2393 lsst_hardware_z 171.00214929538703 43.71387034391905 30.93000030517578 AB 2.5424142438823973 1.1204175881964293
61978.2502 lsst_hardware_u 1.3533396448621646 2.8468429863042286 28.229999542236328 AB 2.1717063593334007 1.1139812050953581
61979.2426 lsst_hardware_g 84.20759598567668 15.672458584235896 31.3799991607666 AB 2.8414937293186506 1.1165004830328686
61979.2538 lsst_hardware_r 175.86631176647663 25.88902413459006 31.469999313354492 AB 2.8111334677927085 1.1115592992458319
61981.2351 lsst_hardware_i 325.3023172568565 36.68695071352275 31.239999771118164 AB 5.029770659668475 1.117726813259661
61981.2483 lsst_hardware_z 210.5918559120049 44.470111745669506 30.940000534057617 AB 5.002074625843141 1.1115721390762536
61992.2186 lsst_hardware_i 914.182603139398 60.58201074999643 31.299999237060547 AB 5.199761475576987 1.111475760290063
61992.2286 lsst_hardware_z 591.771652644062 57.51852276005253 30.969999313354492 AB 5.201266470920414 1.1096626958067979
61994.2142 lsst_hardware_i 991.3838883303575 51.160777483660425 31.270000457763672 AB 3.0281287483357415 1.1111719460592286
61994.2253 lsst_hardware_z 550.0038959861316 52.19187451525043 30.950000762939453 AB 3.0250012864930276 1.1095832320928114
61995.2035 lsst_hardware_g 129.82359794677825 28.85418172702392 31.600000381469727 AB 3.305596297479303 1.1141207608625894
61995.2149 lsst_hardware_r 756.7683252092843 43.10834377710538 31.56999969482422 AB 3.898229918545385 1.110369555948269
61997.2983 lsst_hardware_r 770.0142601249079 37.76500472069044 31.510000228881836 AB 5.605244617733896 1.1904522921809273
61997.3094 lsst_hardware_u 4.563048295445403 4.068541149327559 28.6299991607666 AB 5.727127868419731 1.2157786304315874
62009.0887 lsst_hardware_r 926.8188276865255 49.818830739454434 32.27000045776367 AB 1.7914487033082762 1.2268095896649727
62009.0935 lsst_hardware_z 1051.6522774318705 71.04789117955256 31.690000534057617 AB 1.744863769612411 1.2146632576487373
62011.1488 lsst_hardware_r 477.6639523033266 46.45330317268246 31.59000015258789 AB 5.8277711098786185 1.1207252134381958
62011.1597 lsst_hardware_i 760.2142673265059 49.384276959074974 31.280000686645508 AB 5.793747915766384 1.1141822914935353
62013.2261 lsst_hardware_z 1018.2945050603192 83.04229181865246 31.709999084472656 AB 4.698331065604855 1.1424513229434299
62016.1354 lsst_hardware_r 544.6827637999662 102.04546159936032 31.639999389648438 AB 1.568761720657173 1.120544086183695
62016.1475 lsst_hardware_z 504.9269031730797 73.05729243475174 30.979999542236328 AB 1.558942937597778 1.1135306697126985
62020.2096 lsst_hardware_i 553.4807489135526 65.22744801649992 31.309999465942383 AB 2.146088143254664 1.1459044993795482
62020.2214 lsst_hardware_z 394.3669675762068 61.21453799506371 30.959999084472656 AB 2.1460608267406087 1.163807389772695
62027.0135 lsst_hardware_z 189.20308455342757 48.33293520374517 30.920000076293945 AB 1.830693503886163 1.307638217061545
62027.0182 lsst_hardware_r 167.2198693234386 26.223971429319555 31.440000534057617 AB 1.8074783167012338 1.2910559405008815
62030.1143 lsst_hardware_r 109.04379521690814 24.945661173792047 31.479999542236328 AB 1.2737807424771843 1.1116631934346335
62030.1259 lsst_hardware_i 327.2324831222423 34.75111511189868 31.239999771118164 AB 0.7464108472909686 1.109629604495989
62031.199 lsst_hardware_i 306.8816644720559 34.97486523111229 31.219999313354492 AB 1.4337125969907982 1.1775067527129957
62031.2111 lsst_hardware_u 0.766744503052433 2.553114259000494 28.239999771118164 AB 1.680641620960819 1.2028209847635134
62033.2001 lsst_hardware_g 29.987254449369747 14.013390461029342 31.329999923706055 AB 7.446436034763598 1.1906677382097213
62033.2123 lsst_hardware_r 73.1600140684904 24.85518237285013 31.440000534057617 AB 7.120412201833633 1.2187617165231732
62035.1446 lsst_hardware_g 25.78568171657744 14.22440777732198 31.399999618530273 AB 3.79683825308534 1.1208654342547832
62035.1563 lsst_hardware_r 136.817141845402 24.51640748806601 31.479999542236328 AB 3.8359091090861157 1.1312029221722892
62037.1466 lsst_hardware_i 165.97684481577448 33.511874564219795 31.229999542236328 AB 3.9524157752010924 1.1270611972437885
62037.1587 lsst_hardware_z 209.76820539851815 44.54373272133146 30.940000534057617 AB 4.012900853018047 1.1401096251205811
62039.2053 lsst_hardware_r 65.83249350087198 28.161254417162734 31.489999771118164 AB 4.195865037630203 1.2438027828256215
62039.2175 lsst_hardware_i 192.18151502411564 36.20650040037465 31.219999313354492 AB 3.845400522002535 1.2812307381172374
62041.1617 lsst_hardware_r 28.561842750967013 50.14440706176975 31.600000381469727 AB 5.017654520854388 1.159927841461234
62041.1743 lsst_hardware_i 216.41408114798648 47.92998559050837 31.280000686645508 AB 5.344771429129278 1.1825805688127349
62043.0716 lsst_hardware_i 197.11863490180042 59.038848414281134 31.299999237060547 AB 4.131434932760962 1.1145456407790015
62043.0831 lsst_hardware_z 180.7276690515869 57.66103405701189 30.969999313354492 AB 4.136131045363049 1.110544661230094
62048.0772 lsst_hardware_i 128.9889579896198 65.5940971697262 31.31999969482422 AB 3.1124984641476994 1.1096251209082708
62048.0898 lsst_hardware_z 45.24563161215503 60.62438256382171 30.969999313354492 AB 3.9318442738871333 1.1111613039103543
62050.074 lsst_hardware_r 11.150985149059064 53.40621040328186 31.6200008392334 AB 4.965294662588258 1.1096250433182318
62050.0872 lsst_hardware_g 11.313637171538044 61.86893882278774 31.700000762939453 AB 9.238982437221441 1.1120362419171628
62052.0498 lsst_hardware_u 0.48147829084681365 2.7898238108936955 28.43000030517578 AB 3.7941098917217126 1.1132951560216293
62052.0625 lsst_hardware_r -0.832425967463907 23.171112944138173 31.479999542236328 AB 3.2187059495575103 1.1098986032956932
62057.1361 lsst_hardware_r 30.35420649720971 23.38946596394392 31.469999313354492 AB 9.922910706497499 1.1939490682826974
62057.1472 lsst_hardware_i 49.87780803236571 32.85666461864321 31.229999542236328 AB 10.143579789397144 1.219864482008857
62059.1373 lsst_hardware_z 74.2045661052995 44.370393737677205 30.940000534057617 AB 9.42327090718178 1.2090158332746859
62059.1489 lsst_hardware_u 1.270003789650648 2.785411806988576 28.34000015258789 AB 9.617219727187367 1.2388003083539725
62064.1421 lsst_hardware_g 20.26609680569477 14.752429674277769 31.360000610351562 AB 3.3392245205488047 1.2586598268182452
62064.1527 lsst_hardware_r 18.018611625239366 23.7915551179363 31.450000762939453 AB 3.409518848283661 1.2929536777715818
62065.081 lsst_hardware_u 3.7242629468742683 2.807928056380745 28.399999618530273 AB 4.468280358792822 1.1386087723076928
62065.0926 lsst_hardware_r 56.691625638376415 23.227449157287907 31.469999313354492 AB 5.036856482569644 1.1543597744621032
62067.0838 lsst_hardware_i 69.66288416075862 33.371313718013425 31.239999771118164 AB 3.5633066039605716 1.1494537432130876
62067.0955 lsst_hardware_z 116.05140977043094 44.19014740144262 30.940000534057617 AB 3.620854388683229 1.1680175447365255
62077.0845 lsst_hardware_i 42.911148663722635 63.58717815576952 31.299999237060547 AB 4.810392278588922 1.2005970745229013
62077.0961 lsst_hardware_z 1.5810853955443396 59.963488265934615 30.959999084472656 AB 5.030048300883817 1.2289392379387512
62283.412 lsst_hardware_i -44.195939753857985 65.11000061035156 31.31999969482422 AB 5.5004496194114925 1.1152574248604
62283.4246 lsst_hardware_y 41.552575020750815 54.06999969482422 30.030000686645508 AB 4.732390119176902 1.1105638296689708
62285.417 lsst_hardware_z -44.77551625128718 62.9900016784668 30.979999542236328 AB 8.78652285720164 1.111092925796869
62285.4305 lsst_hardware_y -48.71577228571006 60.84000015258789 30.040000915527344 AB 8.845105306048561 1.1095678828411037
62288.4187 lsst_hardware_i 68.88955477039593 52.709999084472656 31.299999237060547 AB 6.9222181440209605 1.1095520968175978
62288.433 lsst_hardware_y 89.02633357472477 57.119998931884766 30.030000686645508 AB 6.98056026359176 1.1114214486473093
62291.4223 lsst_hardware_z 34.2837182224639 63.84000015258789 31.700000762939453 AB 12.395508613816691 1.1107418334313968
62302.4015 lsst_hardware_g 31.677943967015572 13.350000381469727 31.3799991607666 AB 13.180943127506225 1.1139766566898237
62302.4147 lsst_hardware_r -17.69058023812232 22.450000762939453 31.479999542236328 AB 13.342701351312648 1.1221784147445262
62306.3989 lsst_hardware_i -74.53937372439532 30.780000686645508 31.239999771118164 AB 3.274662892954026 1.1186504986178636
62306.4133 lsst_hardware_u -5.649098561008638 2.7100000381469727 28.440000534057617 AB 3.2832768513657355 1.1307672191369522
62308.3896 lsst_hardware_g 25.118403941453735 13.329999923706055 31.3700008392334 AB 3.376202953797197 1.1162846598767007
62308.4027 lsst_hardware_r -4.343304156284064 22.399999618530273 31.469999313354492 AB 3.3983685839903113 1.1258468060262365
62310.3272 lsst_hardware_y -66.89235451449058 50.18000030517578 30.020000457763672 AB 2.9298838496576423 1.122560861937883
62310.3401 lsst_hardware_r -31.160567001928992 47.22999954223633 31.610000610351562 AB 3.8366928713076334 1.1143458818784877
62310.3949 lsst_hardware_i 7.009340675479576 30.790000915527344 31.229999542236328 AB 3.696173542129782 1.1238270581892895
62310.4102 lsst_hardware_r -18.92579574061481 22.3799991607666 31.459999084472656 AB 3.7503631542771054 1.1395527777409988
62312.3245 lsst_hardware_i -89.93482467682284 72.4000015258789 31.31999969482422 AB 4.50723871687934 1.120460403599438
62312.3385 lsst_hardware_z -59.10016838840275 64.48999786376953 30.979999542236328 AB 4.018784064818603 1.1126715144161146
62314.3327 lsst_hardware_r 36.143496954538605 105.01000213623047 31.639999389648438 AB 7.508648931747473 1.1128045841789511
62314.3471 lsst_hardware_z -36.41884737464678 71.91999816894531 30.989999771118164 AB 7.988958833772796 1.1095776158017772
62315.3271 lsst_hardware_r 255.13061903758233 91.30999755859375 31.639999389648438 AB 6.029456164886235 1.1140387389507571
62315.3385 lsst_hardware_i 142.7714929596731 72.7300033569336 31.31999969482422 AB 5.623106727040292 1.1102984948248182
62323.4019 lsst_hardware_i 8.372593316008643 31.809999465942383 31.239999771118164 AB 5.823820057947364 1.1830620377737557
62323.4135 lsst_hardware_u 1.178470964372713 3.130000114440918 28.459999084472656 AB 5.977829967318481 1.2082933500845872
62327.2936 lsst_hardware_g -22.50228607092454 13.489999771118164 31.3799991607666 AB 8.809071146038558 1.1143904968738965
62327.3062 lsst_hardware_r -15.072418557816343 22.600000381469727 31.479999542236328 AB 8.81602413759369 1.1102139747205966
62330.2998 lsst_hardware_r -19.4409394881168 22.510000228881836 31.469999313354492 AB 6.770559151977516 1.1099277298323798
62330.3103 lsst_hardware_g 1.6258752222586161 13.449999809265137 31.3700008392334 AB 6.7696144610762605 1.1097728624715182
62332.3365 lsst_hardware_r -1.0989893399784327 22.649999618530273 31.469999313354492 AB 4.16960407181781 1.1252473544237245
62332.3489 lsst_hardware_i -1.5887742216508944 31.0 31.229999542236328 AB 4.283638918134532 1.1380549729369105
62334.3836 lsst_hardware_i -18.381523130893886 31.799999237060547 31.219999313354492 AB 2.779786378310103 1.2086027731783058
62334.3947 lsst_hardware_u 0.7210250470470289 2.5799999237060547 28.270000457763672 AB 2.8449997987215156 1.236956434226746
62343.2359 lsst_hardware_z -5.378026990336007 75.68000030517578 30.979999542236328 AB 11.410450979402142 1.1235458709993185
62343.2489 lsst_hardware_r -48.641686977347824 112.43000030517578 31.639999389648438 AB 11.362302339535184 1.1148985091452068
62347.2365 lsst_hardware_r 53.07563370945523 52.939998626708984 31.6200008392334 AB 5.0205447974930895 1.115676621665131
62347.2485 lsst_hardware_i 76.15978099504876 47.150001525878906 31.299999237060547 AB 4.999031783347195 1.1108959518549322
62348.2346 lsst_hardware_z 61.08166394068024 46.869998931884766 30.950000762939453 AB 3.5687518035896724 1.1152349386217726
62348.2466 lsst_hardware_r -102.1308683533711 43.459999084472656 31.600000381469727 AB 3.5542171614395053 1.1106928629498454
62351.2123 lsst_hardware_r 6.21205797976218 22.84000015258789 31.489999771118164 AB 2.522712708120152 1.125039114666338
62351.225 lsst_hardware_u 0.5521806353576454 2.640000104904175 28.3799991607666 AB 2.4551924051691016 1.115996547804137
62352.2136 lsst_hardware_g 7.13377450666388 13.710000038146973 31.389999389648438 AB 1.783098060639389 1.1217392779907034
62352.2268 lsst_hardware_i -5.5461557657857705 30.860000610351562 31.239999771118164 AB 1.6961075695209284 1.113723164664905
62354.2171 lsst_hardware_z -7.8023839783988285 41.810001373291016 30.940000534057617 AB 2.522070205426146 1.1158368346096639
62354.2291 lsst_hardware_r 5.249207265519298 22.700000762939453 31.479999542236328 AB 2.5280193670353235 1.110973134271731
62356.2139 lsst_hardware_u -0.06137376723025952 2.6600000858306885 28.389999389648438 AB 3.455437107268417 1.1146571313769087
62356.2254 lsst_hardware_g 8.579837945760767 13.699999809265137 31.389999389648438 AB 3.4427041356917494 1.1105497211908868
62362.2948 lsst_hardware_r -7.068537656051772 23.079999923706055 31.469999313354492 AB 3.9689860680834124 1.1818320798262534
62362.3059 lsst_hardware_i 1.26992509069953 31.809999465942383 31.229999542236328 AB 4.046419141711225 1.2056669240833962
62364.2876 lsst_hardware_z 14.880891811049697 43.41999816894531 30.940000534057617 AB 5.345423314307932 1.1784442932777628
62367.2348 lsst_hardware_y -11.29907572872463 71.70999908447266 30.770000457763672 AB 2.6662524837087815 1.1203526088838638
62369.2289 lsst_hardware_r -100.94632205126324 80.19000244140625 31.6299991607666 AB 1.525118792120076 1.1200382806267388
