data/validation/pwv_sim_epoch_fit_seasonal/1910724.ecsv
# %ECSV 0.9
# ---
# datatype:
# - {name: time, datatype: float64}
# - {name: band, datatype: string}
# - {name: flux, datatype: float64}
# - {name: fluxerr, datatype: float64}
# - {name: zp, datatype: float64}
# - {name: zpsys, datatype: string}
# - {name: pwv, datatype: float64}
# - {name: airmass, datatype: float64}
# meta: {SNID: '1910724', alt: 1024.0, c: -0.04389660805463791, dec: -28.801123, lat: -30.244573, lon: -70.7499537, ra: 117.070312, t0: 59885.4453125,
#   x0: 1.168456496046134e-05, x1: -0.3876505196094513, z: 0.4310273230075836}
# schema: astropy-2.0
time band flux fluxerr zp zpsys pwv airmass
59875.2359 lsst_hardware_g 1016.434990349517 34.06062190039597 31.06999969482422 AB 7.359439501366274 2.0697291714452013
59875.2547 lsst_hardware_r 2624.1536156094057 55.93381603746367 31.360000610351562 AB 6.503139435041524 1.7659577556120905
59879.2526 lsst_hardware_u 7.67409029818194 3.622189244422072 27.989999771118164 AB 5.43423360712861 1.6562735773022281
59879.2699 lsst_hardware_r 3569.7766846617333 63.803981893103845 31.40999984741211 AB 4.87985501058457 1.4837271676847705
59881.2525 lsst_hardware_i 2501.231931068513 60.33364536957938 31.170000076293945 AB 4.156433016589072 1.5973993145998235
59881.269 lsst_hardware_z 1893.7203320141446 63.09630260022821 30.90999984741211 AB 3.8089122007459704 1.4457818184649727
59883.2345 lsst_hardware_z 1948.3376831733501 64.76950149252802 30.8799991607666 AB 6.668762886877137 1.7442274333593681
59883.2526 lsst_hardware_r 3883.6090903573863 66.83371519315192 31.40999984741211 AB 5.858423701886605 1.541690447864896
59885.2525 lsst_hardware_y 1307.4633533692854 81.01212422908223 30.649999618530273 AB 4.6285301747389935 1.4925927683775682
59887.2434 lsst_hardware_r 4119.087659100758 84.41914996876896 31.520000457763672 AB 8.461113564392233 1.5254640660572845
59887.2609 lsst_hardware_i 2989.3118725897234 71.09980343415879 31.25 AB 7.071156161907112 1.383449481419831
59896.2981 lsst_hardware_g 1051.684053583199 63.715981460811896 31.690000534057617 AB 4.479046342604303 1.100164898398355
59896.3174 lsst_hardware_r 3282.9594725824127 78.85159154675114 31.6299991607666 AB 4.253023479127758 1.0552753499479581
59899.2834 lsst_hardware_z 1436.9640520797257 58.65082751154733 30.940000534057617 AB 6.561129242472091 1.1189902241598193
59899.2989 lsst_hardware_i 2152.739682436566 59.13502205017468 31.270000457763672 AB 5.151215793987555 1.0773221361472634
59901.2862 lsst_hardware_u 3.800178203140744 3.2896533853284664 28.350000381469727 AB 4.381751774822263 1.0954379437055657
59901.3029 lsst_hardware_g 558.2908256701985 28.180706268614703 31.459999084472656 AB 4.8284235979634555 1.0569332939723475
59903.2637 lsst_hardware_g 452.41450810525066 24.344976552113927 31.3700008392334 AB 5.05034110251637 1.1476961126824436
59903.2799 lsst_hardware_r 1822.157329790846 47.97012321301993 31.479999542236328 AB 4.775401185232293 1.0976882333643811
59905.2664 lsst_hardware_i 1662.2964792267799 50.690081221552155 31.229999542236328 AB 3.6346628340994953 1.1208869759758346
59905.2831 lsst_hardware_z 1216.2000450660537 53.76097848123276 30.940000534057617 AB 3.433049071454697 1.0759660691980872
59911.2657 lsst_hardware_z 1047.6790723149652 52.13882958376582 30.950000762939453 AB 4.760218759751248 1.0783550765879137
59911.2821 lsst_hardware_i 1296.0341927940342 47.01712835432518 31.25 AB 4.610873465850535 1.0449374249817325
59913.2692 lsst_hardware_z 1001.6594056127938 51.4698919891495 30.950000762939453 AB 6.433778905696707 1.0587968247670052
59913.2857 lsst_hardware_g 195.0185474621632 18.885833930557936 31.40999984741211 AB 6.228027844926905 1.030789117002136
59915.2087 lsst_hardware_y 809.6523175386236 74.63884724835734 30.729999542236328 AB 7.813781905908118 1.2402828422076377
59917.2249 lsst_hardware_r 668.8598398301448 58.24904723736195 31.600000381469727 AB 5.01941932475776 1.1497266963884236
59917.2468 lsst_hardware_i 1197.6286127960443 55.16542329262662 31.290000915527344 AB 4.722502953785549 1.0844486948241687
59919.2321 lsst_hardware_z 887.4955140209738 62.16157133535614 30.969999313354492 AB 5.920566977909306 1.1091877622424524
59919.2534 lsst_hardware_r 738.0129270650912 73.78639719365361 31.639999389648438 AB 5.414405178446872 1.0576387247908574
59921.1447 lsst_hardware_r 602.6451850437128 99.68816180803923 31.530000686645508 AB 5.856431738002123 1.5828193886492223
59921.1663 lsst_hardware_z 800.4437422858035 73.08415822760146 30.950000762939453 AB 5.1657283970325905 1.3961428100088082
59923.1189 lsst_hardware_z 648.4506506255534 77.38305676599121 30.8799991607666 AB 16.860981793142987 1.832715412298151
59923.1412 lsst_hardware_g 167.63113271026742 89.48138944419765 31.520000457763672 AB 11.68800921429327 1.5630556609851474
59928.1445 lsst_hardware_u 29.922821387349934 18.04284372490868 29.059999465942383 AB 11.155366359522853 1.4160453110642648
59928.1674 lsst_hardware_g 193.48018208155545 68.63795941378145 31.6200008392334 AB 10.120046400162128 1.2699886446613389
59930.1227 lsst_hardware_g 129.62371914719336 65.45491446471436 31.5 AB 15.033661796949707 1.5570184401104432
59930.1445 lsst_hardware_r 243.3127575500548 68.1219705606863 31.559999465942383 AB 12.908028394893678 1.3764648343468893
59932.1309 lsst_hardware_i 632.5212370953852 66.09505013918137 31.25 AB 5.069842325636197 1.436724711480325
59932.1528 lsst_hardware_z 598.6809293062418 73.75806761139926 30.959999084472656 AB 4.623704101442833 1.2901860066809439
59934.1507 lsst_hardware_u 21.89617766159186 19.75265489898517 29.260000228881836 AB 5.2648100720264335 1.2716932541127604
59934.1721 lsst_hardware_r 335.8221629602835 68.35926897605223 31.6200008392334 AB 5.642572297165493 1.1734172252527713
59936.1491 lsst_hardware_i 393.8347035675542 66.92518945616256 31.280000686645508 AB 5.9803879488620115 1.2515635749275225
59936.1715 lsst_hardware_z 525.5892771683572 74.17361876276088 30.969999313354492 AB 6.732079587793543 1.1551764553717483
59938.1536 lsst_hardware_r 333.2710782958023 68.25734648488204 31.600000381469727 AB 7.704840553689711 1.2046813202031563
59938.1764 lsst_hardware_u 9.761357879989362 20.839085527175182 29.389999389648438 AB 7.605055891689967 1.12058780329408
59941.1294 lsst_hardware_u 35.93307175727109 19.615797170272554 29.270000457763672 AB 7.939227084229628 1.2836260443377898
59941.1506 lsst_hardware_g 114.24653298095538 70.5159900726098 31.68000030517578 AB 7.246054096488346 1.1828843972555763
59945.1353 lsst_hardware_z 367.25710984654427 73.32757141030879 30.969999313354492 AB 8.36827812909053 1.201157500861657
59945.1564 lsst_hardware_r 329.64492982988577 68.3192750798145 31.6299991607666 AB 7.826121810125987 1.123335593097319
59947.1375 lsst_hardware_z 168.3398056379011 73.8849964705843 30.979999542236328 AB 4.562841037946843 1.1699592404991905
59947.1589 lsst_hardware_r 265.4584126955773 69.0912385370178 31.6299991607666 AB 4.197799508254857 1.1000522820374363
59949.1376 lsst_hardware_i 402.57358090729963 66.4704547150788 31.299999237060547 AB 13.051236429526798 1.1494835678639073
59949.1589 lsst_hardware_z 374.49752120219154 73.74205788225609 30.989999771118164 AB 12.360388773712952 1.0857685149080245
59951.14 lsst_hardware_r 151.07460394414667 68.56481573223557 31.6299991607666 AB 8.98488250109662 1.1233911604271842
59951.1613 lsst_hardware_z 422.7339594564546 73.82965086961413 30.989999771118164 AB 8.519698635313992 1.0674530532050608
59953.1602 lsst_hardware_r 270.5874547431546 69.71235381932928 31.639999389648438 AB 6.773600706716031 1.0583751104243797
59953.1839 lsst_hardware_i 332.0605146502652 67.71450671775406 31.329999923706055 AB 7.688572839102626 1.0213300795832394
59957.1225 lsst_hardware_r 24.377983542077175 66.73999786376953 31.6299991607666 AB 3.2800513154679094 1.126907231608306
59957.139 lsst_hardware_g 36.136790524860885 70.7699966430664 31.709999084472656 AB 5.331854588564509 1.0810004572341372
59962.1252 lsst_hardware_r -16.46486862752509 67.95999908447266 31.639999389648438 AB 4.730130076081065 1.081357964469581
59962.1422 lsst_hardware_i 84.14257209645424 64.98999786376953 31.329999923706055 AB 4.531074678697592 1.0460751884329982
59966.1271 lsst_hardware_u -3.0692108807934027 21.1299991607666 29.459999084472656 AB 10.81442584310228 1.0537038309602005
59966.1437 lsst_hardware_g 58.54529176429154 72.05999755859375 31.729999542236328 AB 10.516422688175808 1.0271197839751733
59973.03 lsst_hardware_z 36.07009196189188 70.26000213623047 30.950000762939453 AB 17.497499723193354 1.3567108415285225
59973.0473 lsst_hardware_r 49.45830868209018 65.68000030517578 31.59000015258789 AB 15.92074364543225 1.255513141693306
59975.03 lsst_hardware_y -58.28597772825752 70.95999908447266 29.979999542236328 AB 11.365960161123757 1.3218794527377893
59975.0481 lsst_hardware_z 7.687356951281455 70.94000244140625 30.969999313354492 AB 11.19849709114598 1.2248834663544854
59977.0299 lsst_hardware_y 125.05774156662382 71.56999969482422 29.989999771118164 AB 8.722442987193192 1.2903658445475505
59977.0488 lsst_hardware_z -43.20653836772712 71.70999908447266 30.979999542236328 AB 8.022676729861583 1.1974144372927735
59979.0273 lsst_hardware_y 96.80205144111605 70.95999908447266 29.979999542236328 AB 11.62777525318748 1.2745560948358523
59979.044 lsst_hardware_i 18.025755889452736 63.52000045776367 31.299999237060547 AB 11.571340145320537 1.1946150621056175
59985.0264 lsst_hardware_y 26.560262909635426 71.7699966430664 30.010000228881836 AB 2.9994746367262524 1.199789854690501
59985.0448 lsst_hardware_g 165.06976529329145 69.13999938964844 31.690000534057617 AB 2.940349184998728 1.1309035326918184
59987.026 lsst_hardware_z 70.91944508763284 71.54000091552734 30.979999542236328 AB 3.1271680917057587 1.178877139371359
59987.0462 lsst_hardware_i 34.11930738864977 64.18000030517578 31.31999969482422 AB 2.284104189334914 1.1098659812123561
59989.0251 lsst_hardware_y -214.50062348013597 72.75 30.030000686645508 AB 2.9661008986333295 1.1613550895197062
59989.0445 lsst_hardware_r -33.24052309689702 66.44999694824219 31.639999389648438 AB 2.7973266763225384 1.0992900221335624
59991.0227 lsst_hardware_y -76.5598535225514 72.62999725341797 30.030000686645508 AB 3.167246777598022 1.150262130959877
59991.0419 lsst_hardware_r 32.013635242802785 66.43000030517578 31.6299991607666 AB 2.620024792789488 1.0916769969956202
59993.0222 lsst_hardware_y 210.06050844918488 72.68000030517578 30.030000686645508 AB 3.9884961326833306 1.133363807534927
59993.0391 lsst_hardware_z 91.65624735239196 71.54000091552734 30.989999771118164 AB 3.8360998536459343 1.0849210050377378
59995.0207 lsst_hardware_y 63.8679383765548 73.16000366210938 30.049999237060547 AB 4.146908789164567 1.1207861592336668
59995.0398 lsst_hardware_u -13.339063962429444 21.0 29.459999084472656 AB 3.9606171420022744 1.07043706540602
59999.0292 lsst_hardware_z 76.64274840012459 102.08000183105469 31.739999771118164 AB 8.000991185839833 1.0697227335837733
60001.0164 lsst_hardware_y -33.71318216636038 73.2699966430664 30.049999237060547 AB 7.387290724439272 1.0870590166928835
60001.0355 lsst_hardware_g -0.5355955807934633 71.16999816894531 31.719999313354492 AB 7.3635574303227225 1.0464429502714638
60003.0171 lsst_hardware_y -100.79809816223786 73.80999755859375 30.059999465942383 AB 5.361768213369588 1.0723536426739178
60003.0369 lsst_hardware_i -34.15536221205574 64.97000122070312 31.329999923706055 AB 5.1762461782614455 1.035249235652289
60005.0146 lsst_hardware_y 89.6183943110148 73.58999633789062 30.059999465942383 AB 2.5971976562756702 1.065844939479089
60005.0335 lsst_hardware_i 8.628226539745825 64.56999969482422 31.329999923706055 AB 2.5129230255269914 1.0322131959445437
60010.0118 lsst_hardware_y -85.52993583756897 73.95999908447266 30.06999969482422 AB 6.737904015351108 1.0449197868183007
60010.0319 lsst_hardware_i 138.9696200096043 64.11000061035156 31.329999923706055 AB 6.529382203721653 1.0173546593520806
60243.2454 lsst_hardware_z 40.31683158164193 97.5999984741211 31.649999618530273 AB 2.2879482281360177 1.7904903311355298
60247.2375 lsst_hardware_r -49.888610346767315 62.529998779296875 31.459999084472656 AB 9.273265018844711 1.7496726450650397
60247.2548 lsst_hardware_y -48.23264985834697 68.16999816894531 29.8799991607666 AB 5.482085242361034 1.5534387198529425
60251.2447 lsst_hardware_i 58.733384616389245 61.209999084472656 31.219999313354492 AB 7.096100009515173 1.5454862266175966
60251.2611 lsst_hardware_z -54.500964337300104 69.91000366210938 30.940000534057617 AB 7.459441643882828 1.4067119219052056
60261.2939 lsst_hardware_r 83.18831445203546 67.0 31.6299991607666 AB 4.546677314322789 1.1141086288464699
60261.3125 lsst_hardware_i -55.70427790089206 64.43000030517578 31.31999969482422 AB 4.266780874478922 1.0666952186197305
60265.2847 lsst_hardware_r -15.733107134972464 66.91000366210938 31.6299991607666 AB 4.444788892814227 1.109071502823203
60265.3019 lsst_hardware_u 23.74613778239712 20.989999771118164 29.459999084472656 AB 4.032703789770331 1.0660068172800239
60268.2679 lsst_hardware_y -5.80416386798922 73.12000274658203 30.040000915527344 AB 4.9792332853024135 1.1357308386926803
60268.2843 lsst_hardware_g -70.39644422199888 71.37000274658203 31.709999084472656 AB 4.760346549615572 1.0879755946174055
60270.2574 lsst_hardware_r -45.06338277259621 66.30999755859375 31.610000610351562 AB 3.4331652213361017 1.153100723691033
60270.274 lsst_hardware_i -80.98418633639602 64.02999877929688 31.31999969482422 AB 3.3917982969534846 1.1007566952466956
60274.2655 lsst_hardware_z 30.973324758265104 71.47000122070312 30.979999542236328 AB 5.826065065740767 1.0942337192275053
60274.2817 lsst_hardware_r 41.39240613290391 67.18000030517578 31.639999389648438 AB 5.710040494770078 1.0570234162847236
60276.2669 lsst_hardware_i 40.00861902422983 63.900001525878906 31.31999969482422 AB 4.744830628758189 1.0771465672550056
60276.2836 lsst_hardware_z 61.987533007498335 71.6500015258789 30.989999771118164 AB 4.593435891968982 1.0435476553573213
60278.2045 lsst_hardware_r 101.7107810932503 65.62000274658203 31.59000015258789 AB 5.817469995093667 1.295073462843648
60278.2208 lsst_hardware_z -12.290947138227502 71.41000366210938 30.969999313354492 AB 6.656210159732989 1.2123876311707729
60280.2031 lsst_hardware_r 29.36517118856031 65.44999694824219 31.579999923706055 AB 8.078405081627185 1.2725571815947678
60280.2205 lsst_hardware_y -42.76535668281211 71.97000122070312 30.010000228881836 AB 7.497876158896786 1.1901390728407597
60282.2327 lsst_hardware_g 72.63970373208423 70.12999725341797 31.690000534057617 AB 4.927449992573252 1.1259525832786637
60282.2535 lsst_hardware_r -40.59682127339562 67.1500015258789 31.639999389648438 AB 4.685599754285622 1.0703418307208457
60290.117 lsst_hardware_g -49.689655042126795 61.34000015258789 31.40999984741211 AB 22.244935511807974 1.7916346256287443
60290.1388 lsst_hardware_r 117.51762644961345 62.95000076293945 31.520000457763672 AB 18.128940658567178 1.539961547574866
60293.1223 lsst_hardware_i 0.058898405217451946 48.04999923706055 31.90999984741211 AB 12.642084224548064 1.624929727227532
60293.1435 lsst_hardware_r 3.5311568537068303 32.790000915527344 32.16999816894531 AB 11.250073988245305 1.4289590215590464
60295.1431 lsst_hardware_g -4.022792779221589 13.300000190734863 31.280000686645508 AB 13.044639440993718 1.3911932499570996
60295.1647 lsst_hardware_r 34.65410500436196 22.610000610351562 31.450000762939453 AB 11.832218767158054 1.2590815394688004
60297.1451 lsst_hardware_i -44.241434767959504 34.560001373291016 31.229999542236328 AB 4.678743700969289 1.3406142409648159
60297.1681 lsst_hardware_z 16.713596698641624 43.939998626708984 30.940000534057617 AB 6.217564486371907 1.2161098878025636
60301.1602 lsst_hardware_r -15.810003759676478 52.65999984741211 31.600000381469727 AB 5.759985559938 1.2027114445665752
60301.1822 lsst_hardware_z -22.27302051954046 48.83000183105469 30.959999084472656 AB 6.4156981620211235 1.1216582351504047
60303.1501 lsst_hardware_z -13.12875025311296 58.47999954223633 30.959999084472656 AB 7.764584812291055 1.2235399956336361
60303.1724 lsst_hardware_i 25.347371345936747 60.119998931884766 31.309999465942383 AB 7.577368512548619 1.1355407074690407
60304.1268 lsst_hardware_r 88.8877723921392 90.86000061035156 31.59000015258789 AB 9.286366724832662 1.3354473089818677
60304.1509 lsst_hardware_z 37.72309417187468 63.75 30.969999313354492 AB 8.374728882154576 1.2075597681633072
60308.1589 lsst_hardware_r -34.8665006118653 67.62000274658203 31.6299991607666 AB 8.980431487272961 1.1350393689677656
