data/validation/pwv_sim_epoch_fit_seasonal/19277442.ecsv
# %ECSV 0.9
# ---
# datatype:
# - {name: time, datatype: float64}
# - {name: band, datatype: string}
# - {name: flux, datatype: float64}
# - {name: fluxerr, datatype: float64}
# - {name: zp, datatype: float64}
# - {name: zpsys, datatype: string}
# - {name: pwv, datatype: float64}
# - {name: airmass, datatype: float64}
# meta: {SNID: '19277442', alt: 1024.0, c: 0.07006630301475525, dec: -64.386185, lat: -30.244573, lon: -70.7499537, ra: 140.827332, t0: 60056.73046875,
#   x0: 1.1574562462359562e-05, x1: 0.873062014579773, z: 0.43286624550819397}
# schema: astropy-2.0
time band flux fluxerr zp zpsys pwv airmass
59932.3369 lsst_hardware_r 19.112728871747002 60.52000045776367 31.610000610351562 AB 6.303779946353532 1.2100934117648674
59932.3479 lsst_hardware_y 93.00445163746683 77.20999908447266 30.020000457763672 AB 6.3322006424034925 1.2097434838699914
59934.339 lsst_hardware_r 50.92998126849717 60.18000030517578 31.610000610351562 AB 7.739462416603641 1.2095744966169635
59934.352 lsst_hardware_y 29.345934867161116 76.29000091552734 30.020000457763672 AB 7.703152430840086 1.2115684855047708
59936.3367 lsst_hardware_z 63.90376125480665 73.93000030517578 30.969999313354492 AB 7.316823845111702 1.2097256288418357
59936.3498 lsst_hardware_y -59.712798462144676 77.6500015258789 30.010000228881836 AB 7.345809451204842 1.2126466930949087
59938.3371 lsst_hardware_u 23.981797170742464 20.299999237060547 29.299999237060547 AB 7.794589274060252 1.2105749212285968
59938.3497 lsst_hardware_y 26.31986727253758 77.23999786376953 30.0 AB 7.787042790037569 1.2149220360461142
59941.3349 lsst_hardware_r -158.30120964658803 60.310001373291016 31.600000381469727 AB 6.81364991704181 1.2122134767161563
59941.3482 lsst_hardware_y 73.02932415668795 76.9000015258789 30.010000228881836 AB 6.858554678883476 1.2186486636253961
59943.3137 lsst_hardware_i 16.954174200921486 62.34000015258789 31.290000915527344 AB 11.297703702907821 1.2095826665735252
59943.326 lsst_hardware_z -96.83063455118487 74.5 30.969999313354492 AB 11.29265327656432 1.2111815748343984
59945.3205 lsst_hardware_r 45.092254236191685 60.439998626708984 31.600000381469727 AB 8.60799963684832 1.2111737589581653
59945.3325 lsst_hardware_g -12.482781196843032 65.98999786376953 31.649999618530273 AB 8.64042610093444 1.215892807016712
59947.3209 lsst_hardware_r 25.899893216005516 60.099998474121094 31.600000381469727 AB 5.742455345808007 1.2130880054519182
59947.3325 lsst_hardware_i 16.834950171985543 61.15999984741211 31.290000915527344 AB 5.50378772776093 1.2190906071531888
59949.32 lsst_hardware_z 71.87804935533903 73.29000091552734 30.969999313354492 AB 12.162314834519927 1.215097392552276
59949.3325 lsst_hardware_i -82.68585459105664 61.43000030517578 31.290000915527344 AB 12.240937470027164 1.222952324832871
59953.3304 lsst_hardware_r -129.2201191695462 60.27000045776367 31.600000381469727 AB 9.249091586129657 1.2306142480713567
59953.3425 lsst_hardware_i 173.10407966029155 61.38999938964844 31.290000915527344 AB 9.082361591044672 1.2440455105987578
59955.3311 lsst_hardware_z 220.7742177720123 104.43000030517578 31.719999313354492 AB 9.15398587523207 1.2370251182746042
59957.2714 lsst_hardware_r 43.740753357515004 60.36000061035156 31.600000381469727 AB 5.647322401483398 1.2097948589296053
59957.2833 lsst_hardware_z -26.528736926429524 73.19999694824219 30.969999313354492 AB 5.48178256871187 1.2102401078953242
59962.2679 lsst_hardware_r -71.10178409471432 61.06999969482422 31.600000381469727 AB 8.914402840533468 1.2099904317075518
59962.28 lsst_hardware_i 77.79335322512124 62.540000915527344 31.299999237060547 AB 8.857468503730425 1.21313027352042
59973.2553 lsst_hardware_z 84.72865468692495 74.58000183105469 30.969999313354492 AB 13.64641507739333 1.2155448075529047
59973.2671 lsst_hardware_u 17.869432542211694 20.6200008392334 29.309999465942383 AB 13.714746343960325 1.2230839715479747
59975.2618 lsst_hardware_g -16.41033825330601 66.04000091552734 31.649999618530273 AB 14.090885697594926 1.223211403560163
59975.2728 lsst_hardware_r -26.184285167185017 60.43000030517578 31.600000381469727 AB 14.138066642385684 1.2331053509367171
59977.2408 lsst_hardware_r -38.02831539162021 60.4900016784668 31.600000381469727 AB 12.706730874046889 1.213873904299359
59977.2529 lsst_hardware_i 73.14823786500801 61.79999923706055 31.290000915527344 AB 11.114332894499741 1.220684557331098
59979.1929 lsst_hardware_i 62.324336244233834 61.38999938964844 31.299999237060547 AB 10.874210360240633 1.2151992356529577
59979.2045 lsst_hardware_z -67.01520169473312 73.01000213623047 30.969999313354492 AB 10.769053503572446 1.2109584508683577
59983.1986 lsst_hardware_r -51.48883199875941 60.380001068115234 31.600000381469727 AB 10.998016887871483 1.2100359652185522
59983.2101 lsst_hardware_z -63.65460733827917 73.63999938964844 30.969999313354492 AB 8.5988241868083 1.209965879944883
59985.2359 lsst_hardware_r 91.63914260605975 60.2400016784668 31.600000381469727 AB 5.319126206000097 1.2243356441477953
59985.2479 lsst_hardware_i -44.66215535435639 61.369998931884766 31.290000915527344 AB 5.355733716770012 1.235653399239409
59987.191 lsst_hardware_i 67.63227264608715 61.58000183105469 31.299999237060547 AB 7.19142840313184 1.2097277789276604
59987.2034 lsst_hardware_z -69.05314467675777 73.29000091552734 30.979999542236328 AB 7.252278584904283 1.2106636110796754
59991.1919 lsst_hardware_r 38.49023706731818 60.27000045776367 31.600000381469727 AB 5.072216111513086 1.2105527712441657
59991.2018 lsst_hardware_i -8.889727137868249 61.41999816894531 31.290000915527344 AB 5.059572170600643 1.2135691794364847
59993.185 lsst_hardware_z 61.381787376340476 73.19999694824219 30.969999313354492 AB 7.862075042189106 1.2102948032926435
59993.1971 lsst_hardware_i 31.710657943401735 61.5 31.299999237060547 AB 7.791370925233538 1.2138927981979346
59995.1873 lsst_hardware_u 2.6589273881065596 20.3700008392334 29.309999465942383 AB 4.364059959914553 1.2122388777540425
59995.1987 lsst_hardware_g -24.934531095928286 65.9000015258789 31.649999618530273 AB 4.382907959422111 1.2174744331728087
59997.1851 lsst_hardware_r -71.06637054184436 60.900001525878906 31.600000381469727 AB 9.730236445476748 1.2134481766058467
59997.1961 lsst_hardware_i 11.954236240692326 62.349998474121094 31.290000915527344 AB 9.7560588599784 1.2192406486054177
59999.167 lsst_hardware_i 29.605815163223852 61.63999938964844 31.299999237060547 AB 11.580300872659603 1.2100627871117662
59999.1783 lsst_hardware_z -56.67064950824004 73.25 30.969999313354492 AB 11.831095074855462 1.2129273037015422
60001.1643 lsst_hardware_r -87.91675825395457 60.2599983215332 31.600000381469727 AB 6.527674616650444 1.2105098964581258
60001.1751 lsst_hardware_g 8.032501803827198 65.80999755859375 31.65999984741211 AB 8.431313592895457 1.2138372578311916
60003.1611 lsst_hardware_r -27.02510577121111 60.34000015258789 31.600000381469727 AB 7.279319460634141 1.2109997439085245
60003.1738 lsst_hardware_i 7.259017765426454 61.630001068115234 31.290000915527344 AB 7.481236856516173 1.215802306042715
60005.1602 lsst_hardware_z -11.353552726091008 72.93000030517578 30.969999313354492 AB 4.054713534359672 1.2123224719650196
60005.1718 lsst_hardware_i 11.747761687227577 61.18000030517578 31.290000915527344 AB 4.730770799431052 1.2177277417613472
60008.1677 lsst_hardware_z -131.29004151465907 103.33000183105469 31.719999313354492 AB 14.3581968617317 1.220347071569683
60010.1404 lsst_hardware_y -54.8345532911836 77.93000030517578 30.0 AB 10.38642024461356 1.2106560751370832
60010.1512 lsst_hardware_r 94.60708777326558 60.630001068115234 31.59000015258789 AB 10.442130385991174 1.2141423829455364
60014.1435 lsst_hardware_r -139.74820271529418 60.36000061035156 31.600000381469727 AB 9.235933773506446 1.2156809986187846
60014.1557 lsst_hardware_z 69.86592212789719 73.18000030517578 30.969999313354492 AB 9.310560017746694 1.2235710554249202
60016.1391 lsst_hardware_r 56.47759901631032 60.36000061035156 31.600000381469727 AB 17.027344330904338 1.2162388807788813
60016.1513 lsst_hardware_i -8.386064401800242 61.56999969482422 31.290000915527344 AB 17.141845880704302 1.22441756290745
60021.126 lsst_hardware_u -9.613838614487761 20.65999984741211 29.329999923706055 AB 7.464112866998627 1.216545166163903
60021.1383 lsst_hardware_g -100.8869106220764 66.38999938964844 31.65999984741211 AB 7.485404629846798 1.224956777784527
60023.1191 lsst_hardware_r -55.98202510086203 60.709999084472656 31.600000381469727 AB 6.25824371194094 1.2157831397650742
60023.1318 lsst_hardware_i 56.303360386447885 62.08000183105469 31.299999237060547 AB 5.80445945854002 1.224117563882537
60026.1124 lsst_hardware_z -61.594009664461986 73.27999877929688 30.979999542236328 AB 7.421135041138582 1.2165795149407512
60026.1256 lsst_hardware_u -27.773507084422636 20.450000762939453 29.329999923706055 AB 9.19194341845522 1.2257558899126841
60037.0481 lsst_hardware_r 972.5516657811737 67.0607432735168 31.600000381469727 AB 7.522379374104024 1.2106021925735706
60037.0608 lsst_hardware_z 427.5435931437541 76.06384171680814 30.969999313354492 AB 7.305398700677974 1.2098536332013372
60039.043 lsst_hardware_y 264.3167179175998 78.6807925195146 30.0 AB 9.450739466420139 1.2105339552440804
60039.0545 lsst_hardware_r 1352.9565834830635 70.69168169115119 31.59000015258789 AB 9.464241263581771 1.20979691468513
60041.0408 lsst_hardware_i 1438.5462835776607 71.45899776412054 31.290000915527344 AB 12.936291404061322 1.2100358316995548
60041.0527 lsst_hardware_z 867.3912695853097 79.50665930612374 30.969999313354492 AB 13.146010113954375 1.2101638694609453
60043.0401 lsst_hardware_r 2555.0888310147284 78.25000405797347 31.600000381469727 AB 9.752774262981072 1.2097214416994633
60043.0532 lsst_hardware_g 974.114460283135 73.62846249537083 31.65999984741211 AB 9.292913583981505 1.2113818002930614
60050.033 lsst_hardware_z 2056.3944160661076 85.88965145006138 30.969999313354492 AB 18.932156489629072 1.2111089792656602
60050.0446 lsst_hardware_i 2944.3459801335753 81.11336356279573 31.299999237060547 AB 20.221017139796018 1.2154183960407334
60052.029 lsst_hardware_u -10.891676232645704 21.006627252702447 29.329999923706055 AB 12.962957761004876 1.211491379533166
60052.0409 lsst_hardware_g 1903.3465866030044 79.41461470725692 31.65999984741211 AB 13.014747832107872 1.2163315730941937
60059.0037 lsst_hardware_r 4437.017266505116 89.98200966796392 31.600000381469727 AB 15.900593600013789 1.2101982875202357
60059.0151 lsst_hardware_i 3176.271642239344 83.29361341327674 31.299999237060547 AB 15.939495670236957 1.2132360838968608
60061.0052 lsst_hardware_z 2446.4932449065714 87.7628286276368 30.969999313354492 AB 5.643074778041532 1.2117186604007941
60061.016 lsst_hardware_i 3108.769023919028 83.46555545235623 31.299999237060547 AB 5.648073228436193 1.2161650590567792
60063.0071 lsst_hardware_z 4792.173720726493 122.69391757766779 31.719999313354492 AB 10.398622251639898 1.2144730942964639
60065.0024 lsst_hardware_r 3849.7446758610517 86.0455733119777 31.59000015258789 AB 12.972520884453889 1.2148261351738436
60065.0141 lsst_hardware_i 3002.3943992350455 81.86161982104912 31.290000915527344 AB 13.056309002850934 1.221852544172967
60067.0079 lsst_hardware_z 4459.634880657737 121.90729554598153 31.719999313354492 AB 16.688924044578087 1.221319513434509
60069.0047 lsst_hardware_g 781.5080449980222 71.81108209561769 31.649999618530273 AB 12.330824396483955 1.2229927494653068
60069.016 lsst_hardware_r 3255.2997341413743 82.69984479306693 31.600000381469727 AB 12.38534511603975 1.2330883712974114
60070.9994 lsst_hardware_i 2500.078758183956 79.38274359199372 31.299999237060547 AB 4.551628131733504 1.223117556001479
60071.0107 lsst_hardware_z 1841.2376804506305 84.2562217540325 30.969999313354492 AB 7.94709487969193 1.2332549471899332
60072.9992 lsst_hardware_i 2329.3248892152787 77.76614179065403 31.290000915527344 AB 10.805881005778193 1.2274760703269436
60073.0125 lsst_hardware_u 5.622952803906443 20.182831541317896 29.290000915527344 AB 11.29610260693714 1.2413299568062792
60293.3363 lsst_hardware_u -1.320916743769657 3.1700000762939453 28.5 AB 10.139747645180261 1.2136052750078599
60293.3477 lsst_hardware_y 22.046697375089806 57.88999938964844 30.0 AB 10.111719947372633 1.2102798816563667
60297.3367 lsst_hardware_z 79.78413201943701 43.88999938964844 30.93000030517578 AB 6.356079074321909 1.210297507011471
60297.3488 lsst_hardware_y 33.68222737454483 56.95000076293945 29.989999771118164 AB 6.313690556885167 1.2098282875994029
60306.3233 lsst_hardware_y 41.122216533523435 74.68000030517578 30.739999771118164 AB 7.600947612617796 1.2097640637621832
60310.3172 lsst_hardware_z -49.17298189085084 49.099998474121094 30.940000534057617 AB 8.601630041189305 1.2103669448373287
60310.3298 lsst_hardware_r 72.82892322524903 47.779998779296875 31.579999923706055 AB 8.633602588331064 1.2143122994275652
60312.3224 lsst_hardware_z -54.965431738877285 46.380001068115234 30.940000534057617 AB 5.599713061501684 1.2134818372554417
60312.3337 lsst_hardware_r 33.784765794677 37.0099983215332 31.549999237060547 AB 6.634981667302343 1.21949761839863
60316.3215 lsst_hardware_r -8.199336671083351 23.31999969482422 31.459999084472656 AB 10.081226633812411 1.2186801213469627
60316.3334 lsst_hardware_u 0.8066335102851729 2.7899999618530273 28.329999923706055 AB 8.411630717946794 1.2277512450934929
60318.2985 lsst_hardware_u -2.815182414088821 2.5799999237060547 28.31999969482422 AB 9.128204247675077 1.2110387061592143
60318.3114 lsst_hardware_g 13.015811846181375 13.119999885559082 31.34000015258789 AB 9.075442811244615 1.2160039496978021
60320.2735 lsst_hardware_r -8.57570538315405 22.360000610351562 31.450000762939453 AB 7.413703753903579 1.210400612882217
60320.2854 lsst_hardware_i 25.427493424461456 31.299999237060547 31.219999313354492 AB 7.421365981719633 1.2098080717904092
60322.2703 lsst_hardware_z 4.028489261724367 43.31999969482422 30.93000030517578 AB 5.633412782952202 1.2100553717006126
60322.2829 lsst_hardware_r 3.509128395820113 22.420000076293945 31.459999084472656 AB 5.563010022425479 1.2101392261095234
60324.2629 lsst_hardware_u 3.1928610413545138 2.5299999713897705 28.290000915527344 AB 6.7368082912139595 1.2103500343539273
60324.2749 lsst_hardware_r 7.643983648822798 22.209999084472656 31.450000762939453 AB 6.709418024313937 1.2098487751963583
60326.2662 lsst_hardware_i 21.06192824063776 31.280000686645508 31.219999313354492 AB 2.657767943600473 1.2096800805312222
60326.2782 lsst_hardware_z -22.09897894121491 43.290000915527344 30.93000030517578 AB 2.630871655265491 1.2114527959779697
60328.2676 lsst_hardware_r 9.82205000086027 22.25 31.440000534057617 AB 7.802496675757086 1.210314892826849
60328.2799 lsst_hardware_u -1.3845731365937013 2.4100000858306885 28.18000030517578 AB 7.746151031611515 1.2140034006287084
60330.2712 lsst_hardware_g 0.2909855565630995 12.789999961853027 31.309999465942383 AB 14.35794758287423 1.212715704453248
60330.2828 lsst_hardware_r 18.315381074561802 22.1200008392334 31.440000534057617 AB 14.440318430318428 1.2184037713140086
60332.2694 lsst_hardware_i 27.38650684190116 49.81999969482422 31.280000686645508 AB 11.534851068732248 1.2141948493402366
60332.2819 lsst_hardware_z -8.565547284366923 51.279998779296875 30.950000762939453 AB 11.603856097843035 1.2214585366150563
60334.2557 lsst_hardware_z 128.8300355437284 58.290000915527344 30.959999084472656 AB 11.281531304870006 1.2112878534988014
60334.2682 lsst_hardware_r -3.1461892148294477 79.1500015258789 31.610000610351562 AB 11.328079442356682 1.2162856850889388
60336.256 lsst_hardware_r -39.700978678675305 77.44000244140625 31.610000610351562 AB 13.966211043434305 1.2131696359012323
60336.2669 lsst_hardware_i -15.872761943725353 61.33000183105469 31.290000915527344 AB 14.021301585024379 1.2187137405497068
60338.2581 lsst_hardware_z 54.402405749493454 53.040000915527344 30.950000762939453 AB 13.657193302329933 1.2167396941783106
60338.2699 lsst_hardware_i 4.1098225661069065 52.22999954223633 31.280000686645508 AB 13.731764144578788 1.2248382904933768
60350.2488 lsst_hardware_r -2.363156201547492 22.25 31.440000534057617 AB 5.337714653773653 1.2359635660173485
60350.261 lsst_hardware_i -45.98227223799422 31.34000015258789 31.209999084472656 AB 4.284649089056233 1.2509924347609158
60354.1865 lsst_hardware_r 10.23703587588672 22.270000457763672 31.459999084472656 AB 1.749542652101891 1.2097794067779948
60354.1975 lsst_hardware_u -1.2875101606769885 2.5899999141693115 28.34000015258789 AB 1.4639119644727425 1.210511547248866
