data/validation/pwv_sim_epoch_fit_seasonal/19446622.ecsv
# %ECSV 0.9
# ---
# datatype:
# - {name: time, datatype: float64}
# - {name: band, datatype: string}
# - {name: flux, datatype: float64}
# - {name: fluxerr, datatype: float64}
# - {name: zp, datatype: float64}
# - {name: zpsys, datatype: string}
# - {name: pwv, datatype: float64}
# - {name: airmass, datatype: float64}
# meta: {SNID: '19446622', alt: 1024.0, c: 0.030149292200803757, dec: -26.777105, lat: -30.244573, lon: -70.7499537, ra: 254.53125, t0: 60760.18359375,
#   x0: 1.3451213178508062e-05, x1: -0.9051535129547119, z: 0.40641510486602783}
# schema: astropy-2.0
time band flux fluxerr zp zpsys pwv airmass
60734.2904 lsst_hardware_i 32.02701611942361 37.25942897742371 31.15999984741211 AB 9.42892308186853 1.7242773084794631
60734.311 lsst_hardware_z 22.081272823510307 48.2548512371087 30.90999984741211 AB 7.905038048672065 1.5021449973723418
60737.3169 lsst_hardware_u 0.24938121179487663 3.0425507082907335 28.200000762939453 AB 8.448933064531351 1.3884853023058918
60737.3362 lsst_hardware_g -45.76196993694621 17.882050694791193 31.43000030517578 AB 7.512847576485332 1.2682765589700071
60739.3121 lsst_hardware_r 101.4654860692472 28.958410979756728 31.459999084472656 AB 13.45819510512909 1.3837575294451983
60739.3325 lsst_hardware_z 87.61740845755928 46.5094543726503 30.93000030517578 AB 12.21539161297482 1.2589726136774928
60741.2918 lsst_hardware_i 386.6981992585397 40.67356758215188 31.18000030517578 AB 13.437927752938766 1.5029557938641005
60741.3124 lsst_hardware_r 435.2058298989989 33.47318422372219 31.459999084472656 AB 12.039012312465402 1.3444900769607344
60743.2898 lsst_hardware_u 10.43443837593399 4.007383643435895 28.06999969482422 AB 11.36169661572752 1.4725807291462463
60743.3103 lsst_hardware_g 253.6817135963025 22.930311331164408 31.3799991607666 AB 9.526628971532595 1.3231429127128604
60752.3286 lsst_hardware_z 1956.0669965738114 77.22582474489377 30.979999542236328 AB 6.781877854881821 1.128181965434483
60752.3469 lsst_hardware_r 4265.627066048262 105.47116160074654 31.649999618530273 AB 7.991275312714087 1.0775721834835608
60754.3328 lsst_hardware_i 3225.0792193974157 91.36726788202559 31.329999923706055 AB 5.249211464109201 1.0995223789787
60754.3498 lsst_hardware_z 2295.091821644657 81.55418906235394 30.989999771118164 AB 5.492450242037886 1.0593641973841668
60756.3372 lsst_hardware_r 5130.070395820393 87.91631019319135 31.6299991607666 AB 6.666758666204288 1.0747347321858653
60756.3544 lsst_hardware_z 2445.509775969777 70.27354767575655 30.979999542236328 AB 6.460060923008491 1.041105708784612
60758.3336 lsst_hardware_g 2157.663653792469 51.57849665152107 31.579999923706055 AB 7.279598891360243 1.0705292487294475
60758.3507 lsst_hardware_r 5062.933569069965 76.30346443064268 31.56999969482422 AB 7.060440873084262 1.0383001283947444
60760.3376 lsst_hardware_z 2545.145108671492 65.2477600401764 30.959999084472656 AB 7.884818306285589 1.0513091075047452
60760.356 lsst_hardware_u 13.034885618940056 4.066337135098235 28.600000381469727 AB 7.676553516602699 1.0235404688803598
60764.2499 lsst_hardware_r 4278.5629474892685 69.74799512424998 31.459999084472656 AB 8.738519586458048 1.3425974986875608
60764.267 lsst_hardware_u 1.8933986646085252 3.4925684557660777 28.3799991607666 AB 8.416885924211426 1.2449173087134524
60767.2547 lsst_hardware_g 1136.1067600932727 37.426670604974035 31.40999984741211 AB 10.002461880226319 1.2661344152185212
60767.2735 lsst_hardware_i 3381.9465793586937 65.74081466503714 31.25 AB 9.314270640977348 1.1790216001237148
60769.2488 lsst_hardware_z 2230.6549187504816 64.05170061087279 30.920000076293945 AB 6.976665444969767 1.2684846263581395
60769.266 lsst_hardware_r 3447.0093093173205 63.701368321514074 31.479999542236328 AB 7.572895622454915 1.187315418085905
60771.2498 lsst_hardware_u -2.014135575918731 2.8897489767225895 28.350000381469727 AB 18.3899382240225 1.2354954689852446
60771.2668 lsst_hardware_g 851.9930847434135 32.95829628107702 31.420000076293945 AB 16.974942141859476 1.162667269990375
60773.2509 lsst_hardware_r 2946.0303657901986 69.7270418400918 31.579999923706055 AB 10.442218592015266 1.2051378968828028
60773.2691 lsst_hardware_i 2690.778875129329 65.77628348919988 31.280000686645508 AB 9.788779338453228 1.1352599986608556
60775.2469 lsst_hardware_z 1694.9920206272595 67.83619246221663 30.950000762939453 AB 5.942762554262308 1.1987821182616274
60775.2629 lsst_hardware_r 2709.4509075805217 81.84244402191447 31.6200008392334 AB 4.7386485279197865 1.1377307389963474
60778.2381 lsst_hardware_z 1564.8217503366002 82.80281241165746 30.969999313354492 AB 14.687045055964933 1.2014188474991254
60778.258 lsst_hardware_r 2246.4984399372006 115.92899067597727 31.639999389648438 AB 13.403619610891539 1.126962264881613
60780.2326 lsst_hardware_i 3998.8474580969114 153.59261951402323 32.060001373291016 AB 12.043155662532358 1.2015919578155208
60780.2502 lsst_hardware_z 2963.895749018448 128.1133536242586 31.739999771118164 AB 10.588865038814617 1.1345617742220742
60782.2393 lsst_hardware_r 1597.0590371753292 117.82837495174225 31.639999389648438 AB 15.312771236838353 1.1533596211527397
60782.2585 lsst_hardware_z 1457.058485298359 88.10770961092713 30.989999771118164 AB 14.7571448588504 1.0937700013971539
60784.2526 lsst_hardware_r 1396.2536010276774 75.66488865372351 31.639999389648438 AB 10.802620241616228 1.094934141659865
60784.271 lsst_hardware_i 1716.2833311808065 70.94373386804791 31.31999969482422 AB 10.281475773555725 1.0533219724982814
60790.2405 lsst_hardware_i 1413.4920070393343 48.2348749960787 31.260000228881836 AB 13.766445504104054 1.083972086937327
60790.2619 lsst_hardware_z 1150.9598614369825 53.2378846459823 30.959999084472656 AB 14.142213526360996 1.040582767072574
60792.2342 lsst_hardware_r 662.6228539684242 35.69824919980701 31.5 AB 3.068657769574322 1.0860583151917615
60792.2532 lsst_hardware_g 136.1481698255115 19.253574520840917 31.450000762939453 AB 2.809223379958747 1.046005974913273
60795.1526 lsst_hardware_u 3.4901433696115447 3.025878240498953 28.149999618530273 AB 14.989464811311557 1.4334383486001296
60795.1721 lsst_hardware_g 115.79398849761573 18.44266514307822 31.360000610351562 AB 14.311863504885713 1.3004972175968965
60804.1555 lsst_hardware_i 816.5749675516487 63.09182049848866 31.280000686645508 AB 9.550199387731382 1.2566051825962345
60804.1719 lsst_hardware_z 523.1933555475171 60.778464102000456 30.959999084472656 AB 9.003662723714847 1.1813763195916962
60808.1485 lsst_hardware_z 763.6110037663634 110.31834455731341 30.979999542236328 AB 8.611808234555667 1.2368844861120971
60808.1685 lsst_hardware_i 382.22595544242284 132.36303106859106 31.329999923706055 AB 6.857013990576995 1.1526976337403891
60810.1538 lsst_hardware_z 408.0705840850237 99.68437057536303 30.979999542236328 AB 8.261432988417996 1.1884104035125826
60810.1728 lsst_hardware_r 510.3116506802447 138.48498681656204 31.639999389648438 AB 7.311336454415047 1.1201822894039037
60812.1637 lsst_hardware_y 454.02777205578525 79.2001003006464 30.780000686645508 AB 8.939171228084769 1.131719731360629
60818.1589 lsst_hardware_z 406.33400547075985 47.1620152266617 30.940000534057617 AB 2.067263829440825 1.0972737948198803
60818.1789 lsst_hardware_r 273.13721668387683 29.681785547396217 31.510000228881836 AB 2.1039235759267356 1.0519617879633678
60819.1435 lsst_hardware_u 3.3299425812454917 3.479909805978302 28.3799991607666 AB 8.542394418985761 1.1353024966534038
60819.1622 lsst_hardware_r 311.80895734528303 29.83823080913775 31.510000228881836 AB 8.120576089815275 1.081829933364988
60824.1538 lsst_hardware_r 240.38540443188407 29.45547846603499 31.520000457763672 AB 9.723632465393802 1.0696673167900543
60824.1749 lsst_hardware_u -1.8203816813924891 3.326904403295556 28.510000228881836 AB 9.07974367770726 1.0317890542849157
60826.1566 lsst_hardware_g 60.45077367203966 17.38627711395432 31.479999542236328 AB 8.625207452006453 1.0528175101625146
60826.1752 lsst_hardware_r 252.83673983356857 29.290392820864316 31.530000686645508 AB 8.041031765439872 1.024270016615486
60842.0684 lsst_hardware_z 20.14351739673219 44.029998779296875 30.940000534057617 AB 10.154407711205595 1.1803676395577687
60842.0851 lsst_hardware_i -6.617287910673921 36.11000061035156 31.270000457763672 AB 8.920294190602272 1.1212033924839238
60844.0466 lsst_hardware_g -4.633147619079371 15.670000076293945 31.399999618530273 AB 7.084880562857181 1.2549977378702164
60844.0666 lsst_hardware_r 13.886068027592025 25.1200008392334 31.5 AB 6.570284250378731 1.1660466606209294
60847.0447 lsst_hardware_i 67.72044426726973 33.20000076293945 31.229999542236328 AB 4.151383363602041 1.2240552450543567
60847.0658 lsst_hardware_r 9.151220072196857 24.920000076293945 31.5 AB 3.858627659759257 1.1394987551891493
60849.0709 lsst_hardware_u 0.2903174197652392 2.799999952316284 28.420000076293945 AB 3.319793904948969 1.106597968316323
60849.0864 lsst_hardware_g 0.8673199947237085 15.710000038146973 31.459999084472656 AB 3.416923590020983 1.067788621881557
60851.0696 lsst_hardware_i -18.67702901400987 32.06999969482422 31.25 AB 5.188448930500512 1.0951293188751374
60851.09 lsst_hardware_z -17.00028900607443 41.84000015258789 30.950000762939453 AB 5.556361648161271 1.0497565932668187
60862.9618 lsst_hardware_z 95.85556374154591 134.91000366210938 31.700000762939453 AB 5.974390785696176 1.4757959082803551
60864.9543 lsst_hardware_y 66.76806403482233 101.8499984741211 29.920000076293945 AB 3.9666221690039505 1.493597729079902
60864.974 lsst_hardware_z 50.51151960565866 108.05000305175781 30.959999084472656 AB 4.14875241952117 1.3435441650046065
60871.9578 lsst_hardware_y -93.5566009335867 73.0 29.959999084472656 AB 4.804386160034519 1.325012845496906
60871.9772 lsst_hardware_g 28.821216351895746 15.380000114440918 31.389999389648438 AB 5.23597874962762 1.2205078670460652
60874.9608 lsst_hardware_z -45.28087725978213 60.310001373291016 30.950000762939453 AB 2.6427661556014317 1.2610121224390132
60874.9802 lsst_hardware_u -2.190767579296268 2.880000114440918 28.43000030517578 AB 2.4528481907696076 1.1728166031491927
60876.9614 lsst_hardware_y 57.63001806111007 65.31999969482422 30.0 AB 6.779916879773416 1.2306238286132773
60876.9793 lsst_hardware_r 16.911119094462414 24.579999923706055 31.489999771118164 AB 6.308476113080007 1.1556102057299884
60878.9635 lsst_hardware_y 110.71003121044521 62.779998779296875 30.010000228881836 AB 3.941814108270173 1.196422736221218
60878.9817 lsst_hardware_z -25.063031411753606 43.13999938964844 30.940000534057617 AB 3.8420625548201515 1.1286905272679646
60880.9657 lsst_hardware_y 109.65508397893012 56.290000915527344 30.020000457763672 AB 5.727976356926381 1.1655652900209688
60880.9846 lsst_hardware_u 3.2707025113983677 2.890000104904175 28.489999771118164 AB 5.422423289303114 1.103557815437433
60882.9654 lsst_hardware_y 17.22469914999938 60.88999938964844 30.030000686645508 AB 5.003623639355614 1.1467433856429978
60882.9849 lsst_hardware_r -13.93686938184047 24.440000534057617 31.510000228881836 AB 4.724490455569067 1.088174385159862
60883.9818 lsst_hardware_u -2.8570200142894415 3.0199999809265137 28.520000457763672 AB 4.482528171612967 1.0891157557220355
60884.0009 lsst_hardware_g 8.09302652069996 15.739999771118164 31.489999771118164 AB 4.7157816591445485 1.0479514798098997
60887.9697 lsst_hardware_y -31.380077043756703 53.619998931884766 30.030000686645508 AB 5.111479357353773 1.0921575493793896
60887.9893 lsst_hardware_i -4.668630984647653 36.959999084472656 31.280000686645508 AB 4.817847151657911 1.0491637023844467
60889.9697 lsst_hardware_y 61.69792378315787 58.0099983215332 30.049999237060547 AB 4.289828691796544 1.0785690643135795
60889.9887 lsst_hardware_r -105.8666115280298 61.290000915527344 31.649999618530273 AB 3.9961688285473382 1.0408496688350422
60890.9701 lsst_hardware_y -33.697792963280264 66.16000366210938 30.059999465942383 AB 9.675796707823816 1.0713586079379733
60890.9909 lsst_hardware_z -59.379102915134006 67.77999877929688 30.989999771118164 AB 8.972748769312053 1.0333002431012728
60893.9712 lsst_hardware_y 60.983176417218424 63.72999954223633 30.059999465942383 AB 3.284266383350922 1.0523122022912277
60893.9898 lsst_hardware_z -117.67503166179402 70.0999984741211 30.989999771118164 AB 3.1926621852134716 1.0239455372717996
61100.3128 lsst_hardware_g 6.238260597425956 60.88999938964844 31.549999237060547 AB 6.098785529411369 1.468702114247169
61100.3328 lsst_hardware_i 7.0924488928194815 51.41999816894531 31.260000228881836 AB 5.494599764696618 1.3234153020023165
61102.2908 lsst_hardware_r 60.46219324724379 91.37000274658203 31.5 AB 9.490253206773938 1.6298109263869376
61102.3102 lsst_hardware_z -90.8625494602917 64.86000061035156 30.93000030517578 AB 8.775962786894459 1.445019188555462
61104.2968 lsst_hardware_r -0.04702713110138674 86.12999725341797 31.530000686645508 AB 14.727212576455777 1.5135622113142142
61104.3171 lsst_hardware_y -84.11104218174057 56.060001373291016 29.940000534057617 AB 13.17103932558225 1.354139652041569
61106.2954 lsst_hardware_z -62.349381590632795 65.13999938964844 30.93000030517578 AB 13.201177251334546 1.4774129580692248
61106.3155 lsst_hardware_r -67.50951771849644 77.55999755859375 31.579999923706055 AB 11.93003997529399 1.3291536348602506
61108.3014 lsst_hardware_i -94.46639041752843 68.16999816894531 31.260000228881836 AB 9.987961242938919 1.387216839297072
61108.3209 lsst_hardware_z -28.91386607757489 63.77000045776367 30.950000762939453 AB 9.117117893424728 1.266266374086768
61112.2986 lsst_hardware_g -22.37183716318695 23.780000686645508 31.5 AB 18.4878448416346 1.3324332780767625
61112.3201 lsst_hardware_i -25.59773464492356 36.63999938964844 31.25 AB 16.694719446694148 1.216284383410639
61115.3018 lsst_hardware_z 7.112546709152766 45.65999984741211 30.93000030517578 AB 9.778850708417746 1.266212123021451
61115.3202 lsst_hardware_r -17.977806257746572 25.979999542236328 31.5 AB 9.162619395602247 1.1806865261447193
61117.3405 lsst_hardware_r 15.616306443367959 25.239999771118164 31.510000228881836 AB 8.125770429856543 1.095375651920135
61117.3572 lsst_hardware_i 15.879512915609654 32.15999984741211 31.260000228881836 AB 7.830128020411286 1.0569113883257566
61119.3354 lsst_hardware_z -6.207709517387238 42.66999816894531 30.940000534057617 AB 5.656687896474322 1.0944191725411652
61119.3527 lsst_hardware_u 4.35728031948051 2.799999952316284 28.420000076293945 AB 5.419779294902771 1.0550475559476113
61121.3358 lsst_hardware_g 8.082289586278499 16.040000915527344 31.450000762939453 AB 6.6985242250259995 1.0796670387276508
61121.3506 lsst_hardware_r 26.951715766324554 24.979999542236328 31.510000228881836 AB 6.528547993224023 1.048804850511916
61123.3346 lsst_hardware_i -45.935515353618236 32.099998474121094 31.25 AB 7.275136689291461 1.069873042542862
61123.3528 lsst_hardware_z 13.828989242978109 41.779998779296875 30.950000762939453 AB 7.045849032334061 1.0361542694608914
61125.3394 lsst_hardware_u -0.022743568006750446 2.7899999618530273 28.420000076293945 AB 7.869813407158848 1.0493084542878464
61125.3579 lsst_hardware_g 40.53429315013923 15.960000038146973 31.479999542236328 AB 7.666098115864498 1.0221464154485997
61127.3374 lsst_hardware_r -37.175552295469686 24.81999969482422 31.520000457763672 AB 8.262944762386661 1.043290128982625
61127.3557 lsst_hardware_z 62.40292408152384 41.59000015258789 30.950000762939453 AB 8.051288963690768 1.0185917805031965
61132.2445 lsst_hardware_i -104.35561971417586 78.08000183105469 31.280000686645508 AB 11.358193400300681 1.329272848595711
61132.2639 lsst_hardware_z -10.41435787212177 67.72000122070312 30.959999084472656 AB 9.667087749294609 1.2236819935815961
61138.2515 lsst_hardware_z -28.380377144612815 64.37999725341797 30.969999313354492 AB 10.42930563492095 1.2055955419958906
61138.2696 lsst_hardware_i 85.16245204363523 64.54000091552734 31.309999465942383 AB 9.811950220365715 1.1359382038569898
61140.2358 lsst_hardware_z -12.30145008656561 48.810001373291016 30.940000534057617 AB 6.229471258254189 1.2544243371433084
61140.2536 lsst_hardware_g -54.26272364581664 34.150001525878906 31.6200008392334 AB 4.713108453597356 1.1741187760674334
61147.2452 lsst_hardware_r -44.645602662898995 24.56999969482422 31.5 AB 15.142049862719585 1.1353698972296613
61147.2647 lsst_hardware_i -58.13829981152794 31.84000015258789 31.260000228881836 AB 14.492928128537184 1.0799499350623833
61149.2434 lsst_hardware_z -63.551429266160035 42.63999938964844 30.940000534057617 AB 10.087419496858919 1.123560466342176
