data/validation/pwv_sim_epoch_fit_seasonal/19493846.ecsv
# %ECSV 0.9
# ---
# datatype:
# - {name: time, datatype: float64}
# - {name: band, datatype: string}
# - {name: flux, datatype: float64}
# - {name: fluxerr, datatype: float64}
# - {name: zp, datatype: float64}
# - {name: zpsys, datatype: string}
# - {name: pwv, datatype: float64}
# - {name: airmass, datatype: float64}
# meta: {SNID: '19493846', alt: 1024.0, c: -0.007310823071748018, dec: -40.423901, lat: -30.244573, lon: -70.7499537, ra: 310.078125,
#   t0: 63121.78125, x0: 4.81559529861786e-06, x1: -0.44563260674476624, z: 0.6230486035346985}
# schema: astropy-2.0
time band flux fluxerr zp zpsys pwv airmass
62995.4178 lsst_hardware_z 23.453157121220507 88.0 31.739999771118164 AB 7.520874707380157 1.0172050007727262
62999.3797 lsst_hardware_r -14.771018420613444 46.939998626708984 31.6299991607666 AB 6.744536559232336 1.0353909363267655
62999.3894 lsst_hardware_y -29.612738947658336 49.13999938964844 30.059999465942383 AB 6.695629433832618 1.0265171862989826
63002.4189 lsst_hardware_g -11.822398534170565 17.200000762939453 31.530000686645508 AB 3.817099187044072 1.016808520789577
63002.43 lsst_hardware_y 7.822256212026868 57.790000915527344 30.06999969482422 AB 3.7794964220392293 1.0213015011815607
63005.4109 lsst_hardware_z -44.537119318228356 41.040000915527344 30.959999084472656 AB 9.693951364682786 1.0168569338560243
63005.423 lsst_hardware_y -66.00068192916194 48.5 30.059999465942383 AB 9.083903206715105 1.0219838225476856
63010.3959 lsst_hardware_r -35.67669381792576 22.989999771118164 31.510000228881836 AB 6.724359422618083 1.0165320366769908
63010.4089 lsst_hardware_u 4.146461914229756 2.7100000381469727 28.450000762939453 AB 6.731095719451652 1.021720661726148
63013.3915 lsst_hardware_g 19.61048179401984 14.220000267028809 31.440000534057617 AB 5.033146584249536 1.0175681747282357
63013.4043 lsst_hardware_r 29.93105375931022 22.989999771118164 31.510000228881836 AB 5.074554746298094 1.0239731112945758
63015.3878 lsst_hardware_i -12.598694305807935 30.469999313354492 31.260000228881836 AB 8.300729880989959 1.0181821381159233
63015.4006 lsst_hardware_z -36.377767099050885 40.97999954223633 30.950000762939453 AB 8.354940290375042 1.0252089441530208
63019.3272 lsst_hardware_i -46.71769880995387 40.130001068115234 31.299999237060547 AB 9.813174130019513 1.0332376025290297
63019.3408 lsst_hardware_z 30.526360080997257 44.310001373291016 30.959999084472656 AB 8.978076744856942 1.0223659227394504
63022.3442 lsst_hardware_i -80.90014013264364 75.68000030517578 31.34000015258789 AB 5.261316929155132 1.01717098678693
63022.3572 lsst_hardware_r 18.10765267456249 96.19000244140625 31.65999984741211 AB 5.368766052454415 1.0156896205179409
63031.3713 lsst_hardware_g -20.06818728180567 16.68000030517578 31.5 AB 12.390751733725855 1.0386212685436593
63031.385 lsst_hardware_r -49.74094623235171 24.43000030517578 31.510000228881836 AB 13.108484361804773 1.0571358356294172
63040.1774 lsst_hardware_r -11.070251636457735 24.079999923706055 31.450000762939453 AB 3.957431122073421 1.2810329763125097
63040.1869 lsst_hardware_i -3.4606245455764264 32.560001373291016 31.219999313354492 AB 3.82935781559115 1.2371390746040554
63044.3118 lsst_hardware_i 43.14190440541861 30.520000457763672 31.260000228881836 AB 6.9290438995403765 1.0195017876172112
63044.324 lsst_hardware_u -0.9646448392994509 2.75 28.479999542236328 AB 6.990414641048622 1.0271713527365076
63046.2998 lsst_hardware_g -9.783881620038253 14.329999923706055 31.450000762939453 AB 1.997037430516272 1.0170804331634478
63046.3128 lsst_hardware_r 9.938809564026025 23.06999969482422 31.510000228881836 AB 2.024353396798869 1.0230465681864953
63048.3267 lsst_hardware_i 23.18281095529214 39.25 31.290000915527344 AB 9.13301710068591 1.0407403681483758
63048.3392 lsst_hardware_r 19.963302677291367 23.299999237060547 31.5 AB 9.152917799646184 1.0581000115193462
63051.2313 lsst_hardware_i -17.22039198769184 91.27999877929688 31.34000015258789 AB 7.5936537745257935 1.0427978267681672
63051.2434 lsst_hardware_z -17.047710503215935 77.44000244140625 31.0 AB 7.472978108181 1.0298796115737565
63053.2413 lsst_hardware_r -105.58746070997086 118.12000274658203 31.65999984741211 AB 4.4991508552467385 1.0270470678542485
63053.2538 lsst_hardware_z -125.2799200450218 80.41999816894531 31.0 AB 4.524311365138416 1.019295140839187
63061.2266 lsst_hardware_r 41.99579100997066 23.389999389648438 31.510000228881836 AB 6.709146426218036 1.0220865445552423
63061.2394 lsst_hardware_i -3.3999142308356616 30.729999542236328 31.260000228881836 AB 6.681571664175523 1.0167240675894786
63066.2242 lsst_hardware_r -50.17612366610476 23.43000030517578 31.520000457763672 AB 2.569114406123015 1.017135363691065
63066.2368 lsst_hardware_u -5.324988039337225 2.809999942779541 28.520000457763672 AB 2.555521277642885 1.0156743394732095
63068.2206 lsst_hardware_g 3.5871169072097637 14.5600004196167 31.450000762939453 AB 5.621140781965901 1.0166496764622046
63068.2326 lsst_hardware_r -21.153772554781117 23.280000686645508 31.510000228881836 AB 5.65238903804474 1.0157641736033438
63070.2053 lsst_hardware_i 47.151265942675074 30.799999237060547 31.260000228881836 AB 5.373946313842103 1.0202888342078194
63070.217 lsst_hardware_z -42.43333391065272 41.0099983215332 30.950000762939453 AB 4.956289308381539 1.0162578036460208
63071.1168 lsst_hardware_z 18.97190376151938 43.5 30.940000534057617 AB 6.997972071028024 1.1801959812847667
63071.1219 lsst_hardware_r 3.807404914603834 24.059999465942383 31.489999771118164 AB 6.873023149508856 1.1628169100229284
63080.1973 lsst_hardware_i -101.8438264833818 102.7699966430664 31.350000381469727 AB 1.8682483331023103 1.0156283409091114
63080.2096 lsst_hardware_z 4.640971822186793 87.51000213623047 31.0 AB 1.8184201767688337 1.0179149191223587
63082.1922 lsst_hardware_r -34.51982646920682 108.6500015258789 31.670000076293945 AB 1.2258743857990808 1.0156374364534309
63082.2043 lsst_hardware_z -12.881896352260478 74.29000091552734 31.0 AB 1.251596754295498 1.0179721466413159
63084.1945 lsst_hardware_r 58.32818209646847 61.90999984741211 31.649999618530273 AB 1.6493924576684067 1.0166791397175303
63084.2069 lsst_hardware_i -61.55466600457852 52.90999984741211 31.31999969482422 AB 1.640914803901699 1.0217402265888536
63086.1905 lsst_hardware_z 21.93251945314918 44.18000030517578 30.959999084472656 AB 3.350102908596848 1.0170575784441247
63086.2015 lsst_hardware_i 35.498757745729975 38.47999954223633 31.290000915527344 AB 3.354574468566216 1.021775607858329
63089.1841 lsst_hardware_u -0.9893123659702893 2.7899999618530273 28.5 AB 7.583329730305726 1.0176006615935937
63089.195 lsst_hardware_g 18.779795584387877 14.59000015258789 31.450000762939453 AB 7.661428134826639 1.022796564813097
63092.0437 lsst_hardware_u -5.047850156874741 2.662877111042018 28.280000686645508 AB 4.176334753895937 1.2424945344428222
63092.0498 lsst_hardware_g -11.755950014744172 14.671317793595009 31.3799991607666 AB 4.092562282118899 1.2167570334826519
63095.1438 lsst_hardware_r -24.382237031463163 23.278918577173886 31.5 AB 4.338653675854365 1.0175078977144383
63095.1542 lsst_hardware_i 12.491382318440666 30.74425859209727 31.25 AB 4.267760033472038 1.0156496985892522
63107.1122 lsst_hardware_z 541.854318633678 68.27783815204876 30.989999771118164 AB 5.082555457822315 1.0171552899147425
63107.1221 lsst_hardware_i 714.1426950844011 76.65594192386673 31.34000015258789 AB 5.0643624129494516 1.0156316151443658
63109.1193 lsst_hardware_z 694.1656959687118 82.80862462424369 31.0 AB 3.383716613292456 1.0156736044701955
63109.1312 lsst_hardware_r 1040.7685103258261 122.55065232523305 31.670000076293945 AB 4.702396239624561 1.018202000640468
63112.1156 lsst_hardware_r 1394.9319314372501 83.25258798394452 31.65999984741211 AB 0.6549266824341612 1.0161779401616153
63112.1276 lsst_hardware_i 1154.7823961759973 69.37825639029303 31.329999923706055 AB 1.4282910622749407 1.0202079016249577
63114.1144 lsst_hardware_z 890.2242145637869 54.15978006164979 30.959999084472656 AB 1.5199768504957551 1.0171605066891067
63114.1264 lsst_hardware_r 1747.1353705614895 57.547567267736696 31.610000610351562 AB 1.5952378616303027 1.0225883728399376
63117.1104 lsst_hardware_u 1.2434000633274218 2.9786376826517476 28.479999542236328 AB 2.377771230496117 1.0186082666697631
63117.1232 lsst_hardware_r 1590.468209552675 45.93733501515548 31.5 AB 2.388574069928776 1.0260197894883059
63119.0644 lsst_hardware_u -0.37976521739756564 2.891827225163858 28.469999313354492 AB 3.1762001002063185 1.0245806774859092
63119.0753 lsst_hardware_g 374.18054271955333 23.682526766687502 31.43000030517578 AB 3.157596044057514 1.018579369050811
63122.0662 lsst_hardware_r 1620.6943971404228 46.15795958588866 31.510000228881836 AB 2.488033018167512 1.018954855397773
63122.0772 lsst_hardware_z 1098.0735362536554 52.30523276753204 30.950000762939453 AB 2.5321874681255894 1.0159227555166594
63124.0542 lsst_hardware_r 1582.7420379254643 45.48705539722209 31.510000228881836 AB 1.2017422313152375 1.022324314177238
63124.0652 lsst_hardware_u 2.1508019415368365 2.8610462568466417 28.489999771118164 AB 1.2113848645290464 1.017329300465292
63126.0892 lsst_hardware_r 1446.0420679769923 44.47592222080014 31.510000228881836 AB 1.069429661384271 1.0201236833544187
63126.1011 lsst_hardware_i 1354.7520477616736 47.855025587606804 31.260000228881836 AB 1.3149605859656703 1.0279822170407347
63130.9941 lsst_hardware_i 1262.5607869094515 47.41212501194871 31.260000228881836 AB 2.0926024362724487 1.0717554091024066
63131.0001 lsst_hardware_z 1068.0748510804863 52.67606610319131 30.950000762939453 AB 2.7210852400479544 1.061265694246472
63133.0512 lsst_hardware_z 1011.409813412408 54.38151013456508 30.959999084472656 AB 3.0876930054321967 1.015632807005821
63133.0632 lsst_hardware_g 83.83313905253343 36.196112437407365 31.670000076293945 AB 3.0792247968715065 1.0173650209927885
63137.0474 lsst_hardware_r 987.1395420182525 89.56815473809071 31.65999984741211 AB 4.562277543854205 1.0161917499072013
63137.0606 lsst_hardware_z 878.4567343561154 69.72343995121567 30.989999771118164 AB 4.569643527282379 1.0208642339642287
63143.0358 lsst_hardware_r 550.188402672458 32.39168015001829 31.510000228881836 AB 2.450257071109034 1.0173373764206952
63143.0492 lsst_hardware_i 686.3297177212078 40.199858912956934 31.260000228881836 AB 2.3514959252786083 1.0238734072332507
63145.0336 lsst_hardware_z 686.3678784356298 48.09386754599729 30.950000762939453 AB 3.4645955180179935 1.018474466970853
63145.0457 lsst_hardware_r 407.13552776390304 31.237523284736046 31.510000228881836 AB 3.880903313601559 1.0252474410711834
63147.038 lsst_hardware_u -1.2737360275574672 2.712088864810915 28.399999618530273 AB 4.688235001927189 1.023687974655208
63147.0502 lsst_hardware_g 22.85696909755662 15.549108848509885 31.420000076293945 AB 5.010854432018826 1.0339119843215379
63151.0712 lsst_hardware_r 321.41103481483754 28.477002172179823 31.489999771118164 AB 5.8414457938611575 1.0819996839752086
63151.0828 lsst_hardware_u -1.887858805031027 2.9324123607466044 28.40999984741211 AB 6.0161799778484815 1.1080371381195884
63155.074 lsst_hardware_i 398.32213006833564 36.50648510683283 31.239999771118164 AB 9.16254638994913 1.113355711849301
63155.0852 lsst_hardware_z 456.6014625124247 47.677107296959335 30.940000534057617 AB 8.85327902477693 1.1444752477412328
