data/validation/pwv_sim_epoch_fit_seasonal/1951205.ecsv
# %ECSV 0.9
# ---
# datatype:
# - {name: time, datatype: float64}
# - {name: band, datatype: string}
# - {name: flux, datatype: float64}
# - {name: fluxerr, datatype: float64}
# - {name: zp, datatype: float64}
# - {name: zpsys, datatype: string}
# - {name: pwv, datatype: float64}
# - {name: airmass, datatype: float64}
# meta: {SNID: '1951205', alt: 1024.0, c: -0.051513951271772385, dec: -3.732834, lat: -30.244573, lon: -70.7499537, ra: 310.078125, t0: 62650.796875,
#   x0: 3.518088597337781e-06, x1: 0.15404102206230164, z: 0.7081237435340881}
# schema: astropy-2.0
time band flux fluxerr zp zpsys pwv airmass
62630.3378 lsst_hardware_i 713.9650567548997 53.83510924855916 31.969999313354492 AB 10.16595792687432 1.3166207449408218
62630.3663 lsst_hardware_y 16.470469338402413 70.66919202577408 30.75 AB 9.358162011929677 1.2042416692742073
62632.4274 lsst_hardware_r 366.02171378585734 35.52425462630857 31.540000915527344 AB 7.522483449599302 1.119167365855732
62640.372 lsst_hardware_r 1106.0979992088085 94.19803991769265 31.639999389648438 AB 9.413705428460164 1.1360062866202931
62643.3884 lsst_hardware_z 738.3985281777276 69.9241626986924 30.979999542236328 AB 4.6027427047409555 1.1188905367655424
62643.4086 lsst_hardware_r 1122.3331863715644 85.83130019850822 31.6299991607666 AB 4.714641961311768 1.1244078133345499
62651.3658 lsst_hardware_g 198.213677816241 20.61717035926855 31.440000534057617 AB 13.69317692290094 1.1190283510951464
62651.3875 lsst_hardware_r 1010.195688861544 40.028615140319886 31.5 AB 14.511852131063907 1.1249497776018533
62653.355 lsst_hardware_i 3594.6010219804352 80.67136151829581 32.439998626708984 AB 7.508143287062606 1.1206741559872626
62653.377 lsst_hardware_z 2249.9817507508237 87.36281198572688 32.130001068115234 AB 7.008024098484055 1.1217624744131984
62656.3389 lsst_hardware_z 789.0740780120738 50.01705144606461 30.940000534057617 AB 13.437060113700257 1.1253819190704026
62656.3582 lsst_hardware_r 813.8669026432094 37.908178397868646 31.489999771118164 AB 13.437179702857787 1.1186463289092685
62673.2623 lsst_hardware_z 508.32225154589895 57.815193805084476 30.959999084472656 AB 3.8172576890918526 1.1696821477223387
62673.2885 lsst_hardware_i 573.1726234227187 55.86123066949601 31.299999237060547 AB 3.6522491595033544 1.128805179880499
62677.3112 lsst_hardware_z 361.51451149455283 46.999529577639386 30.940000534057617 AB 4.507928174744984 1.1216309294602793
62677.3326 lsst_hardware_r 200.71817905977207 29.39007420138841 31.5 AB 4.5930305213756935 1.142734414009544
62679.2661 lsst_hardware_u -4.507711136535014 2.695641080842063 28.290000915527344 AB 8.167843435297163 1.1353162352727373
62679.2888 lsst_hardware_g 56.85354279806955 15.800884014578383 31.40999984741211 AB 8.011662698562645 1.119155713153657
62681.288 lsst_hardware_r 184.58020462195367 27.475176488288703 31.489999771118164 AB 3.0641544302580113 1.1186107256577573
62681.3088 lsst_hardware_i 328.0919188042391 36.44695002578808 31.239999771118164 AB 2.176215346104719 1.1275727181890645
62689.2538 lsst_hardware_g 14.364618585647356 15.50329451391398 31.420000076293945 AB 1.78452433969382 1.1221071094281354
62689.2768 lsst_hardware_i 177.83620373587206 34.9881037813006 31.239999771118164 AB 1.7760926708187674 1.120857851686837
62696.25 lsst_hardware_z 138.84543534204477 85.29841673127744 30.989999771118164 AB 6.936267331627433 1.1187527954237795
62696.2709 lsst_hardware_r 131.84253768895599 126.6890516056597 31.639999389648438 AB 7.081108041678771 1.1304902082105401
62698.2 lsst_hardware_r 61.55116005258758 159.39383871346118 31.639999389648438 AB 3.5880997770796106 1.1574515409934227
62700.0645 lsst_hardware_z 245.02518500715794 102.42440924382184 31.579999923706055 AB 5.000443857160628 2.2976461282710803
62700.0817 lsst_hardware_r -60.40018048826291 81.67482138644957 31.43000030517578 AB 4.220117936863143 1.9407302537885227
62705.0532 lsst_hardware_r 36.216648871989264 26.664037556093202 31.270000457763672 AB 10.687536283864656 2.2397910479632532
62705.0752 lsst_hardware_u -5.564377712957592 2.4128397308879435 27.809999465942383 AB 8.668830536355026 1.8283850327139521
62708.1908 lsst_hardware_g 40.018942375333566 15.807114966501087 31.399999618530273 AB 12.291043341148264 1.130947514425328
62708.213 lsst_hardware_i 29.03464891498883 33.3666809555664 31.229999542236328 AB 11.23964680373412 1.118678922464766
62710.1802 lsst_hardware_z 245.60845713363628 62.377398637717874 31.690000534057617 AB 3.7029902283059983 1.1369037415804524
62710.1974 lsst_hardware_r 85.51104198960283 35.80922204753782 32.25 AB 3.642929805150187 1.1216204659859461
62712.1818 lsst_hardware_u 0.5044538805094629 2.9131020678430843 28.329999923706055 AB 5.478903546761122 1.1290306623586877
62712.2021 lsst_hardware_g -7.627155936364616 16.06121614033885 31.43000030517578 AB 5.440414299384283 1.1186787229495263
62717.1519 lsst_hardware_g 2.7748176022409066 15.588644834803002 31.40999984741211 AB 1.5284196051690593 1.1506295647445866
62717.1708 lsst_hardware_r 52.248362341198494 25.15951595001659 31.489999771118164 AB 1.363065755018972 1.1266558107334113
62721.151 lsst_hardware_i 21.36636535613683 43.01388649619297 31.280000686645508 AB 4.376083789072938 1.1358583982712247
62721.1683 lsst_hardware_z 74.79915799747656 48.29867234978734 30.950000762939453 AB 3.695461377952307 1.1211674597483803
62724.1445 lsst_hardware_r 182.3996018522782 106.36841774665632 31.6299991607666 AB 9.32273744037597 1.1338311234089233
62724.1626 lsst_hardware_z 132.37885530254437 75.55249189150302 30.979999542236328 AB 9.20527900884241 1.120136165592895
62730.1134 lsst_hardware_z 31.800747417514295 52.56402242630609 30.959999084472656 AB 4.698890942753377 1.156009826619846
62730.1305 lsst_hardware_g 32.64559083196488 56.45911445860494 31.68000030517578 AB 4.832094399253035 1.1311965039218965
62732.1442 lsst_hardware_r 49.62513579369171 24.967671197182746 31.5 AB 2.100086946572835 1.11915105066498
62732.1626 lsst_hardware_z 131.80936390840455 45.82994181215701 30.950000762939453 AB 2.081121825623728 1.1225036815661964
62739.1125 lsst_hardware_i -36.677794653238834 31.950000762939453 31.25 AB 2.137975582620781 1.1252503066425164
62739.1295 lsst_hardware_z 77.20229613171897 42.79999923706055 30.950000762939453 AB 2.409534035586654 1.1186323284989108
62741.1138 lsst_hardware_r -46.75781926454528 34.099998474121094 32.25 AB 3.9355097346613825 1.121121375366456
62741.1325 lsst_hardware_u -0.10037279899921027 3.9000000953674316 29.18000030517578 AB 4.3678783121527465 1.1199687979878836
62743.0865 lsst_hardware_u -5.322751725681677 2.700000047683716 28.3700008392334 AB 3.5998310486120566 1.1418066921296335
62743.1044 lsst_hardware_g 11.124756064330862 14.899999618530273 31.420000076293945 AB 3.4990311216024046 1.123284469214255
62745.0829 lsst_hardware_r -11.760778481877127 23.989999771118164 31.479999542236328 AB 1.444124365848598 1.139198816078305
62745.1 lsst_hardware_z -68.90400661588718 42.779998779296875 30.940000534057617 AB 1.1226356851872827 1.1226356851872827
62752.0909 lsst_hardware_r 44.6232200843113 94.95999908447266 31.6299991607666 AB 2.6240379031509287 1.118913184486119
62752.1127 lsst_hardware_z 25.320211168081016 71.43000030517578 30.979999542236328 AB 2.6077270952432103 1.1257185820172577
62754.0687 lsst_hardware_z -45.863314271833 131.50999450683594 31.739999771118164 AB 3.49552342633458 1.127588202043413
62756.0613 lsst_hardware_r -57.50150812242249 110.45999908447266 31.649999618530273 AB 3.314376349934161 1.1293876703546664
62756.0793 lsst_hardware_z -36.204658097041275 75.30000305175781 30.989999771118164 AB 3.2415474569134974 1.119029069444549
62761.0559 lsst_hardware_g -16.599655962506347 14.920000076293945 31.440000534057617 AB 0.3968458689720345 1.1228838546698074
62761.0747 lsst_hardware_r 4.86158501111157 23.969999313354492 31.5 AB 0.24862815754869436 1.1191064855868733
62763.0299 lsst_hardware_r 10.255507065491543 23.920000076293945 31.489999771118164 AB 6.754201017919078 1.1447798335456063
62763.05 lsst_hardware_i 33.95724663182539 31.670000076293945 31.239999771118164 AB 6.28966577584685 1.1231546028297947
62766.0302 lsst_hardware_z -44.59911384098911 42.709999084472656 30.940000534057617 AB 2.9273837730444763 1.13340018314953
62766.0495 lsst_hardware_r -5.579162435116902 23.829999923706055 31.489999771118164 AB 2.87520038354185 1.1196263175787373
62770.0502 lsst_hardware_r 37.01214419791528 33.70000076293945 32.2400016784668 AB 3.2731520761907102 1.119122002287499
62770.0799 lsst_hardware_u -0.02354607449192442 3.7699999809265137 29.09000015258789 AB 3.353973226620309 1.1446030975583343
62775.0271 lsst_hardware_i 4.083010790095056 32.02000045776367 31.25 AB 6.812749548465741 1.1190915442430498
62775.0467 lsst_hardware_z 13.937976777319786 42.84000015258789 30.940000534057617 AB 6.4593651523069395 1.1234329791245938
62782.0065 lsst_hardware_y -3.2544916680380003 84.08999633789062 30.790000915527344 AB 5.091469774752367 1.1194348979832611
62783.9943 lsst_hardware_z -126.27466811494142 74.62000274658203 30.989999771118164 AB 3.396576646798972 1.1221860565950184
62784.0128 lsst_hardware_r -125.16841967472014 95.08999633789062 31.639999389648438 AB 2.6863367510536755 1.1193069796056982
62785.9955 lsst_hardware_y 20.26542515853253 60.619998931884766 30.040000915527344 AB 5.885815253980317 1.1194551384111757
62786.013 lsst_hardware_z -53.87594080327899 57.59000015258789 30.969999313354492 AB 6.90703288753118 1.1213625923421024
62787.9957 lsst_hardware_y -13.928949992656385 60.400001525878906 30.040000915527344 AB 7.939325574800501 1.1186350142964057
62788.0131 lsst_hardware_u -0.9387531146650068 2.930000066757202 28.489999771118164 AB 8.237279473403033 1.1247352071552186
62789.9985 lsst_hardware_y -50.12325095050287 56.20000076293945 30.030000686645508 AB 7.923313168992644 1.119902921412355
62790.0169 lsst_hardware_i -45.411801117645844 32.310001373291016 31.25 AB 8.846080381540318 1.1333863397233102
63001.3867 lsst_hardware_z 44.28561515827355 44.33000183105469 30.940000534057617 AB 8.635689087197138 1.1324256261213677
63001.4074 lsst_hardware_y -33.94581722596078 48.61000061035156 30.030000686645508 AB 8.517340183554081 1.1190706776592214
63004.3756 lsst_hardware_i -14.460270345904487 32.29999923706055 31.25 AB 9.084386596768761 1.135832282666762
63004.3907 lsst_hardware_y 59.49314692956881 48.29999923706055 30.020000457763672 AB 8.88257843160393 1.1222934339122217
63012.3586 lsst_hardware_u -0.6944338172992817 2.740000009536743 28.399999618530273 AB 6.449122969815967 1.130383939321816
63012.381 lsst_hardware_g -2.9382554074498066 15.069999694824219 31.43000030517578 AB 6.209995111508177 1.1186492935345582
63018.3656 lsst_hardware_u -3.206115563242184 2.700000047683716 28.3799991607666 AB 7.467902845983205 1.1186333231616026
63018.3855 lsst_hardware_r 8.67737577606717 24.059999465942383 31.489999771118164 AB 7.0016806795017805 1.127212537954082
63021.3362 lsst_hardware_z 8.115309896066055 58.59000015258789 30.969999313354492 AB 13.523087186447363 1.1282872793331704
63021.3562 lsst_hardware_i 15.385454440543214 62.58000183105469 31.309999465942383 AB 13.398792905129392 1.1186635696204879
63033.3159 lsst_hardware_u 1.4296037522196807 2.690000057220459 28.3799991607666 AB 7.256398812301538 1.1202612377313377
63033.3376 lsst_hardware_g -6.018443682149206 14.710000038146973 31.420000076293945 AB 7.467599330576477 1.1222722167983885
63037.3207 lsst_hardware_i 17.14137421791264 31.739999771118164 31.25 AB 4.047344807121543 1.119700702818575
63037.34 lsst_hardware_z 4.709248196405429 42.84000015258789 30.940000534057617 AB 4.19449781847728 1.1336480590479134
63043.3031 lsst_hardware_r -57.099941745889325 23.889999389648438 31.489999771118164 AB 6.210438375309029 1.1193676665521395
63043.3211 lsst_hardware_u -2.7705338063963176 2.690000057220459 28.3700008392334 AB 6.223862327303006 1.1308916738989745
63045.2875 lsst_hardware_g -7.453688606387025 14.779999732971191 31.43000030517578 AB 6.490477926141424 1.1190479183002455
63045.3066 lsst_hardware_i 1.7387865688745199 31.850000381469727 31.25 AB 6.0744175933158 1.123331963627528
63047.2888 lsst_hardware_z 23.26312839853417 44.63999938964844 30.950000762939453 AB 3.9041452417477447 1.118773113501121
63047.3079 lsst_hardware_r 16.39920231277978 23.93000030517578 31.489999771118164 AB 4.004994452435019 1.1286443433662658
63049.2605 lsst_hardware_r 56.5841655250295 64.61000061035156 31.6299991607666 AB 9.326897228854248 1.1276284997859147
63049.28 lsst_hardware_y 96.48689038481002 51.47999954223633 30.030000686645508 AB 9.28306134097608 1.1186657570969365
63062.2142 lsst_hardware_r 5.334497433945457 24.270000457763672 31.5 AB 6.467695805277023 1.1398494590002097
63062.241 lsst_hardware_u -2.1457176506908406 2.7899999618530273 28.440000534057617 AB 6.4281333503134315 1.1190715247898038
63065.2194 lsst_hardware_r 17.841157064798345 24.200000762939453 31.489999771118164 AB 2.323021028961211 1.1254946845742302
63065.2394 lsst_hardware_z 19.372998993122774 42.59000015258789 30.940000534057617 AB 2.3113493222576005 1.1187557222931268
63067.2404 lsst_hardware_r -8.82790488791724 34.290000915527344 32.25 AB 3.284208767001297 1.1202531325757694
63067.2501 lsst_hardware_u 3.1461894588023593 3.9000000953674316 29.170000076293945 AB 3.193026586875994 1.1258908980521842
63069.2185 lsst_hardware_g 25.194533290215574 15.0600004196167 31.43000030517578 AB 5.670927716715473 1.1199620256177492
63069.2394 lsst_hardware_r 2.0702745597607315 24.260000228881836 31.489999771118164 AB 5.704839144005671 1.1223370340361345
63072.2061 lsst_hardware_i -16.892281280134632 32.029998779296875 31.25 AB 6.610223014756573 1.1217552101746338
63072.2281 lsst_hardware_z -18.17892612590357 42.72999954223633 30.950000762939453 AB 6.133269059261026 1.1207947479119238
63073.1921 lsst_hardware_r 49.90827727126462 24.420000076293945 31.5 AB 12.216167861005985 1.1303678420510292
63073.2113 lsst_hardware_u 5.412403821301578 2.8299999237060547 28.469999313354492 AB 11.26325300251808 1.1190144061317473
63077.1773 lsst_hardware_z 35.99046835329812 51.86000061035156 30.969999313354492 AB 5.489984149061785 1.1346458921280944
63077.1955 lsst_hardware_i 59.83662128170612 50.02000045776367 31.299999237060547 AB 5.468301493802624 1.120381395032039
63081.184 lsst_hardware_r 268.74192203196174 168.63999938964844 31.639999389648438 AB 2.516055532802909 1.1206126412661883
63083.0782 lsst_hardware_z 35.54242584388325 114.2300033569336 31.690000534057617 AB 3.1634642650724367 1.437938302305653
63083.0934 lsst_hardware_r -32.18111742557058 105.06999969482422 31.579999923706055 AB 3.162550472600807 1.3422439580961194
63099.1399 lsst_hardware_g 4.32050170107869 15.09000015258789 31.43000030517578 AB 1.9903137240226882 1.1190968366728637
63099.1616 lsst_hardware_r 29.188343820689234 24.299999237060547 31.5 AB 2.007432215153674 1.1250320652832098
63100.0907 lsst_hardware_i -23.669207181459143 46.189998626708984 31.989999771118164 AB 3.2440750055242673 1.1766684822358606
63100.1172 lsst_hardware_z -78.20785212135702 61.0 31.700000762939453 AB 3.156608863080955 1.1316038225778653
63102.1148 lsst_hardware_r 16.85944153010989 25.65999984741211 31.510000228881836 AB 3.1571097961907526 1.1285468440360154
63102.1323 lsst_hardware_z 50.102778445526994 42.9900016784668 30.940000534057617 AB 3.091212739617955 1.1189910369657754
63110.0841 lsst_hardware_r 37.27792642643507 138.1199951171875 31.639999389648438 AB 1.169684064322707 1.1385633332148348
63110.1016 lsst_hardware_z 69.16590652971199 91.83000183105469 30.989999771118164 AB 1.1543305951059297 1.1221619524684994
63115.0908 lsst_hardware_g -5.074794523362915 15.020000457763672 31.450000762939453 AB 1.4621406679263917 1.1207721504386265
63115.1101 lsst_hardware_r -0.3753194288865756 24.049999237060547 31.5 AB 1.4776424585036465 1.1205579816761728
63118.0555 lsst_hardware_r 4.38802954314521 23.93000030517578 31.489999771118164 AB 2.9702432379631647 1.148659969563491
63118.0724 lsst_hardware_i 41.4703292118759 31.579999923706055 31.239999771118164 AB 2.90772412299967 1.1273889976089189
63125.0553 lsst_hardware_r -0.19411615046044706 23.899999618530273 31.489999771118164 AB 2.986728091005829 1.1257220017610134
63125.0737 lsst_hardware_z -16.460719209630913 42.459999084472656 30.940000534057617 AB 2.951235961668712 1.1186692633780329
63128.0611 lsst_hardware_r -14.647907541502581 23.969999313354492 31.5 AB 6.251178934477178 1.1190295698326709
63128.0802 lsst_hardware_u -0.6996844344182349 2.809999942779541 28.469999313354492 AB 6.243356459519981 1.1234952015332795
63135.0243 lsst_hardware_z -12.09642558231873 65.79000091552734 30.969999313354492 AB 3.711230982183045 1.1289201699968656
63135.0434 lsst_hardware_r -170.77641288057552 80.6500015258789 31.6299991607666 AB 3.318152379117713 1.1188240340950404
63136.0344 lsst_hardware_z 171.29065445220166 108.47000122070312 31.739999771118164 AB 3.4791915187155595 1.1203922881222284
63141.9975 lsst_hardware_z -56.511408995216826 44.529998779296875 30.940000534057617 AB 2.8430991535200487 1.1375430062096754
63142.0179 lsst_hardware_g 4.322045780601294 15.0600004196167 31.440000534057617 AB 2.260855665751444 1.1204372672424048
63143.9929 lsst_hardware_y 7.545151248272836 54.459999084472656 30.020000457763672 AB 3.6546094747590323 1.1364424383808096
63144.0064 lsst_hardware_i 22.04872247720682 32.09000015258789 31.239999771118164 AB 3.1246850912199458 1.1235832762387434
63145.9984 lsst_hardware_y -7.572646136650331 50.58000183105469 30.020000457763672 AB 6.701926086001919 1.1253811487346321
63146.0176 lsst_hardware_r 24.636702652522857 24.06999969482422 31.489999771118164 AB 4.321983581942273 1.1187187873879914
63147.9937 lsst_hardware_y -29.844896134146104 56.630001068115234 30.030000686645508 AB 5.128207178747626 1.1248123952653761
63148.0123 lsst_hardware_g -15.506939358517084 15.199999809265137 31.43000030517578 AB 4.332840962145989 1.1187299153488224
63150.0 lsst_hardware_y -166.60743779792475 50.900001525878906 30.020000457763672 AB 3.917318144548963 1.119233755585418
63150.0186 lsst_hardware_z 25.78076392033509 42.70000076293945 30.940000534057617 AB 3.918104853235474 1.122558930351105
63151.9963 lsst_hardware_y -61.73325450990304 55.459999084472656 30.030000686645508 AB 5.560992855411259 1.1189120433424686
63152.0149 lsst_hardware_u -2.4394124174251792 2.7799999713897705 28.399999618530273 AB 6.444680014002495 1.123647461250544
63153.9962 lsst_hardware_z 77.81946938599457 54.34000015258789 30.969999313354492 AB 7.541224520044765 1.1187515513918211
63154.0139 lsst_hardware_r -14.110919157655003 24.3700008392334 31.5 AB 7.513430847788935 1.1270146271683403
