data/validation/pwv_sim_epoch_fit_seasonal/19536137.ecsv
# %ECSV 0.9
# ---
# datatype:
# - {name: time, datatype: float64}
# - {name: band, datatype: string}
# - {name: flux, datatype: float64}
# - {name: fluxerr, datatype: float64}
# - {name: zp, datatype: float64}
# - {name: zpsys, datatype: string}
# - {name: pwv, datatype: float64}
# - {name: airmass, datatype: float64}
# meta: {SNID: '19536137', alt: 1024.0, c: -0.0527631975710392, dec: -17.426323, lat: -30.244573, lon: -70.7499537, ra: 164.53125, t0: 61902.9609375,
#   x0: 5.48858628254014e-06, x1: -0.7939086556434631, z: 0.5902418494224548}
# schema: astropy-2.0
time band flux fluxerr zp zpsys pwv airmass
61777.3426 lsst_hardware_r 28.33778814567728 23.139999389648438 31.510000228881836 AB 7.074297588140355 1.0294878857347107
61777.3634 lsst_hardware_y 37.4202221276411 66.69999694824219 30.06999969482422 AB 7.022236381728521 1.0253061503734409
61779.34 lsst_hardware_g 11.425071419227553 14.640000343322754 31.450000762939453 AB 7.506635800295106 1.0280246234312662
61779.3621 lsst_hardware_y -141.8299080100415 59.31999969482422 30.06999969482422 AB 7.518184666410755 1.0262565805588564
61784.3413 lsst_hardware_r -0.025370611825313825 90.29000091552734 31.65999984741211 AB 7.052602579367296 1.0249882636421803
61784.3612 lsst_hardware_y -47.26047339409017 60.45000076293945 30.059999465942383 AB 7.08770257430011 1.032916748337438
61785.3456 lsst_hardware_r -0.6148323001667001 83.08000183105469 31.65999984741211 AB 5.491469807197253 1.0262191685047994
61785.3653 lsst_hardware_y 73.11380080076097 65.87000274658203 30.06999969482422 AB 5.556668040663803 1.038856082135756
61789.3263 lsst_hardware_r -36.743768091326416 33.20000076293945 31.579999923706055 AB 6.76463752733057 1.0249450798985713
61789.345 lsst_hardware_z -32.77790915724219 43.540000915527344 30.950000762939453 AB 6.390237353425851 1.0311269395588163
61791.3208 lsst_hardware_g -14.926926079469679 16.510000228881836 31.489999771118164 AB 12.371588569593746 1.0249441671508077
61791.34 lsst_hardware_r -2.1934277608330253 24.389999389648438 31.510000228881836 AB 11.55616609082013 1.0314321751892321
61793.3159 lsst_hardware_i -40.74601916896471 30.309999465942383 31.25 AB 9.24771984807156 1.0249525558723815
61793.3355 lsst_hardware_z -2.4125644064494707 41.029998779296875 30.950000762939453 AB 9.651883352215904 1.032093816902287
61795.3184 lsst_hardware_r -5.537952347898805 22.719999313354492 31.489999771118164 AB 10.057215372335298 1.0262464665648263
61795.3359 lsst_hardware_g -3.8074987881208773 14.039999961853027 31.40999984741211 AB 10.080760631600292 1.0368486121471114
61797.2948 lsst_hardware_r 15.241557809337882 22.729999542236328 31.489999771118164 AB 12.12945452086052 1.0264700581828368
61797.3117 lsst_hardware_i 42.915261336216055 30.3799991607666 31.25 AB 12.102210458601409 1.0259008583160278
61799.301 lsst_hardware_z -5.121344440330556 40.95000076293945 30.950000762939453 AB 11.353537637917036 1.025026721049418
61799.3185 lsst_hardware_i -10.99964322773539 30.489999771118164 31.25 AB 11.426339149651188 1.0316615237293034
61801.2956 lsst_hardware_u -1.9165052021940903 2.690000057220459 28.440000534057617 AB 11.042914699445095 1.0250309516111755
61801.3131 lsst_hardware_g -0.37864068112133614 14.15999984741211 31.43000030517578 AB 11.115820318746888 1.0317024682689642
61805.2855 lsst_hardware_z 50.568548978982435 40.939998626708984 30.950000762939453 AB 8.194954389851556 1.0251060937363192
61805.3046 lsst_hardware_u -1.497390773794506 2.7100000381469727 28.450000762939453 AB 8.02617353888375 1.0334683455829798
61807.2863 lsst_hardware_g 1.5056145115871713 14.229999542236328 31.43000030517578 AB 3.9908352458572054 1.026449394510639
61807.3054 lsst_hardware_r -5.146077056168944 23.010000228881836 31.489999771118164 AB 3.4822519714764044 1.0390129707523572
61808.2918 lsst_hardware_i -8.240081379711015 30.440000534057617 31.239999771118164 AB 3.8457843967014784 1.0302818020766453
61808.3101 lsst_hardware_z 38.06583113083889 41.380001068115234 30.940000534057617 AB 3.9468392629109106 1.0474626493925245
61810.2445 lsst_hardware_i -42.88724209210011 67.58000183105469 31.329999923706055 AB 5.532286960131636 1.035104208581441
61810.2616 lsst_hardware_z -16.209207583566883 61.18000030517578 30.989999771118164 AB 5.428774067180358 1.0258131327144568
61812.2665 lsst_hardware_z 98.94627471792518 79.77999877929688 31.0 AB 3.7745632092102728 1.0251161822003683
61812.2838 lsst_hardware_r -26.747015923799708 121.11000061035156 31.670000076293945 AB 3.8088619662598227 1.0322119149755653
61814.2675 lsst_hardware_i -72.64260862805014 83.80999755859375 31.34000015258789 AB 5.441056125699071 1.0265498004589153
61814.285 lsst_hardware_r -9.071677154512756 102.9000015258789 31.65999984741211 AB 5.500787123494687 1.0377538278508402
61816.2733 lsst_hardware_z -89.38692458564742 72.87000274658203 31.729999542236328 AB 3.4842194686942127 1.0325142891374168
61818.2183 lsst_hardware_r 20.3084960519585 32.970001220703125 31.579999923706055 AB 4.700509894647078 1.0391311804237862
61818.234 lsst_hardware_i 10.742244549121137 35.790000915527344 31.290000915527344 AB 4.737631941019178 1.0277973621909486
61820.2379 lsst_hardware_i 19.017981237393172 31.479999542236328 31.270000457763672 AB 2.6823052027206447 1.0251500870325414
61820.2562 lsst_hardware_z -27.54676746617725 41.70000076293945 30.959999084472656 AB 2.59272898017398 1.0286906186836753
61822.2435 lsst_hardware_i 24.764486091499204 30.6299991607666 31.260000228881836 AB 5.70764277210678 1.0259086496102778
61822.2617 lsst_hardware_u -0.6746908166168996 2.7899999618530273 28.510000228881836 AB 5.449746209150497 1.0364018147354352
61824.241 lsst_hardware_g -10.38772294726555 14.300000190734863 31.43000030517578 AB 11.990931704012937 1.0268259958336088
61824.2577 lsst_hardware_r -6.604531614927509 23.079999923706055 31.5 AB 11.087533679241252 1.0377537177357072
61828.231 lsst_hardware_u 3.1750313492897444 2.630000114440918 28.3700008392334 AB 5.972838191539743 1.0271727234726835
61828.2483 lsst_hardware_g -4.397241106303586 14.4399995803833 31.43000030517578 AB 6.100622845066619 1.0392441284556226
61830.2256 lsst_hardware_r -5.837786748271552 23.309999465942383 31.520000457763672 AB 3.646033113378556 1.0271962567625175
61830.2437 lsst_hardware_i 11.915149189448158 30.950000762939453 31.260000228881836 AB 3.682909038669826 1.0401249344325232
61832.1761 lsst_hardware_z -22.20343201952499 41.119998931884766 30.950000762939453 AB 5.732237403406074 1.0434106763879087
61832.1946 lsst_hardware_r 20.02691604900562 23.020000457763672 31.5 AB 5.617056901957193 1.0283412333666884
61834.2308 lsst_hardware_u -2.016708373101317 2.609999895095825 28.350000381469727 AB 11.303512371328923 1.0381385779467778
61834.25 lsst_hardware_g 5.346983000803858 14.430000305175781 31.420000076293945 AB 11.06210114150393 1.0636635712984548
61838.2051 lsst_hardware_i 56.17427266714419 58.65999984741211 31.31999969482422 AB 9.22068803965873 1.0277564227745404
61838.2236 lsst_hardware_r 71.7500582132537 68.97000122070312 31.639999389648438 AB 9.1752518645631 1.0419910129536258
61843.1704 lsst_hardware_z -109.6504653798697 68.70999908447266 30.989999771118164 AB 11.439438142671118 1.026096617721767
61843.1874 lsst_hardware_r 32.27530649387005 96.33999633789062 31.65999984741211 AB 11.426536135894818 1.0262510843473802
61845.1978 lsst_hardware_z 159.63693814343046 69.9000015258789 31.709999084472656 AB 8.21568753986377 1.03542772124522
61847.1871 lsst_hardware_r 0.08788737853395652 33.66999816894531 31.59000015258789 AB 7.090121282726287 1.0314153884436348
61847.2072 lsst_hardware_z -19.892799568705833 43.810001373291016 30.950000762939453 AB 7.2547202079297 1.052272911269598
61849.1886 lsst_hardware_r 9.169750507416602 23.309999465942383 31.489999771118164 AB 5.485087543768456 1.0369602288337119
61849.2082 lsst_hardware_u -0.5606924880129666 2.7899999618530273 28.420000076293945 AB 5.551946533593752 1.062234668417172
61853.1653 lsst_hardware_r -27.236357289471865 23.290000915527344 31.5 AB 5.552754682677722 1.028287904199578
61853.1857 lsst_hardware_i 47.88368309745515 30.93000030517578 31.25 AB 6.212579915302014 1.045536842023213
61855.1048 lsst_hardware_z 16.037072292698927 41.2599983215332 30.940000534057617 AB 8.564635574667648 1.0545632672126637
61855.1217 lsst_hardware_r 2.6608905386989457 23.059999465942383 31.489999771118164 AB 8.409524667408258 1.0350396521867022
61861.1523 lsst_hardware_r 17.966107175575758 23.110000610351562 31.489999771118164 AB 5.132407493485337 1.0339257641992594
61861.1698 lsst_hardware_u 0.6097014760329674 2.5899999141693115 28.329999923706055 AB 5.596466194426118 1.0534524601273154
61865.1359 lsst_hardware_i 38.4423375101234 41.45000076293945 31.299999237060547 AB 7.256589345271079 1.030107082869058
61865.154 lsst_hardware_z 41.4737239415849 46.63999938964844 30.959999084472656 AB 7.365495812608145 1.0468547880054215
61867.135 lsst_hardware_r -12.83302467401552 79.36000061035156 31.649999618530273 AB 10.43818996253688 1.0332113596281722
61867.1519 lsst_hardware_z -65.16086819669415 62.790000915527344 30.979999542236328 AB 10.64197444367026 1.0513014795511981
61870.1594 lsst_hardware_z 129.83007046786358 89.37999725341797 31.0 AB 5.191722871994745 1.0780155465105368
61870.1762 lsst_hardware_r -83.61535135824127 135.8000030517578 31.649999618530273 AB 5.525874265655986 1.118560291283557
61877.1177 lsst_hardware_z -0.2566479074143657 41.519402117504335 30.959999084472656 AB 14.823387099064185 1.042640031351595
61877.1346 lsst_hardware_r -8.773722764391648 23.644325422064906 31.510000228881836 AB 15.629343058919176 1.0671650130131218
61882.0794 lsst_hardware_z 127.87038559984741 42.84608510793828 30.950000762939453 AB 9.6325403608105 1.0258296443887647
61882.0952 lsst_hardware_r 196.35014446466292 26.84183960465237 31.5 AB 9.37253472857279 1.0341156375769904
61884.0903 lsst_hardware_u 28.220407766796246 5.695556090336042 28.40999984741211 AB 9.469952823384029 1.0345717838405013
61884.1081 lsst_hardware_g 82.3899249552239 17.342365147318805 31.420000076293945 AB 9.650174257175355 1.0550674309490358
61886.077 lsst_hardware_r 540.2084052445941 32.63281241520814 31.5 AB 11.029040974526772 1.0292124836251189
61886.0947 lsst_hardware_i 483.31793520505545 37.34406631236231 31.25 AB 10.235699247192636 1.0444591068563913
61894.0661 lsst_hardware_y 249.91317032194448 51.76855485994027 30.049999237060547 AB 11.312462205839108 1.0373012995542783
61894.0923 lsst_hardware_r 1733.1363687214423 64.27743198636813 31.6299991607666 AB 12.652479049197819 1.074885655356199
61896.0579 lsst_hardware_r 1856.7275427958193 99.66679157906098 31.65999984741211 AB 3.742281810423482 1.0348753681403369
61896.0767 lsst_hardware_i 1331.7945203117702 85.66112126715608 31.329999923706055 AB 3.832308015133873 1.057139813838593
61898.0552 lsst_hardware_z 1090.9549329950771 78.2678774296429 30.989999771118164 AB 10.616300874599478 1.0373221712470586
61898.0732 lsst_hardware_r 2132.536538533212 113.29907773748933 31.649999618530273 AB 10.873867444481387 1.0602444856163387
61900.0505 lsst_hardware_z 1090.5019950946435 71.4869970410721 30.989999771118164 AB 7.515966095020132 1.0380451757503117
61900.0681 lsst_hardware_r 1996.3065966020451 103.2756831751844 31.649999618530273 AB 7.787043904852924 1.0608329003273964
61908.9938 lsst_hardware_r 4732.64807254161 79.52632308610653 32.689998626708984 AB 9.880742034505937 1.0252923144656987
61909.0173 lsst_hardware_u 4.845222209619274 4.76507968166239 29.6299991607666 AB 8.366126913108554 1.0310730728504505
61910.9918 lsst_hardware_g 250.04391024210372 21.049918276969645 31.440000534057617 AB 7.304039655719958 1.0249485571963126
61911.0142 lsst_hardware_r 1380.533086391058 44.64123698827438 31.510000228881836 AB 6.94588437259895 1.0327172899416108
61918.9668 lsst_hardware_z 853.516042425187 51.136107138517396 30.959999084472656 AB 9.067527472158865 1.0252454953397638
61918.9869 lsst_hardware_i 937.5905309452379 43.90751714464195 31.270000457763672 AB 9.071516807156264 1.029216792280039
61926.9514 lsst_hardware_y 263.9528270570077 72.93923862105196 30.06999969482422 AB 5.015684705347318 1.0250036863788796
61926.9714 lsst_hardware_r 464.7158317856964 81.18182636286558 31.649999618530273 AB 4.443570844343085 1.0333885684518802
62140.3418 lsst_hardware_i -64.67229299929495 68.69000244140625 31.34000015258789 AB 2.8500623079765717 1.034223825810241
62140.3623 lsst_hardware_y 116.85843618250055 75.31999969482422 30.079999923706055 AB 2.805046034869924 1.0250487976867986
62142.3424 lsst_hardware_r -68.84053799501821 59.54999923706055 31.649999618530273 AB 7.9299962912291075 1.0299811180295388
62142.3646 lsst_hardware_y 86.34520556006593 75.12999725341797 30.079999923706055 AB 7.872248560676738 1.0253661427126957
62144.3426 lsst_hardware_g 10.631559379047593 27.5 31.639999389648438 AB 8.963906590968461 1.0271856292171653
62144.3638 lsst_hardware_y 46.13493047787569 70.44000244140625 30.06999969482422 AB 8.991227912009725 1.0265521287878359
62148.3369 lsst_hardware_r 4.1448940267443435 22.93000030517578 31.5 AB 5.519056958309211 1.025592844086201
62148.3566 lsst_hardware_y 47.9016928377294 50.209999084472656 30.049999237060547 AB 5.520560753205009 1.0280373842095012
62150.3436 lsst_hardware_r -28.80985340326638 23.059999465942383 31.510000228881836 AB 7.071147914268164 1.0255224066522197
62150.3639 lsst_hardware_y -10.138023634639001 54.540000915527344 30.059999465942383 AB 7.098826144262476 1.0368295244784531
62152.3431 lsst_hardware_z 18.945714025957813 41.130001068115234 30.950000762939453 AB 4.614790949277295 1.0269544431297237
62152.3633 lsst_hardware_y -59.251010168082026 54.09000015258789 30.059999465942383 AB 4.598487998824872 1.0417174353601613
62154.3261 lsst_hardware_r -9.63666528313335 22.81999969482422 31.520000457763672 AB 7.475570933582824 1.0249283199428063
62154.3446 lsst_hardware_u -1.8617087105414996 2.8499999046325684 28.549999237060547 AB 6.890746435126629 1.0304048302348883
62156.3286 lsst_hardware_g -11.843725421693202 14.25 31.43000030517578 AB 11.268192068868284 1.0258343625167494
62156.3488 lsst_hardware_r 14.786914046178817 23.18000030517578 31.5 AB 10.052305014119735 1.0380323228128663
62158.322 lsst_hardware_i -35.6444539661999 30.540000915527344 31.260000228881836 AB 9.599338627982318 1.0255703662374314
62158.3428 lsst_hardware_z -1.9935618856014623 41.20000076293945 30.950000762939453 AB 9.28906309366707 1.0375170528491284
62160.3077 lsst_hardware_r 27.364614059523635 22.940000534057617 31.489999771118164 AB 8.127309253360917 1.0250429454026064
62160.3291 lsst_hardware_g 33.034911800975706 14.1899995803833 31.420000076293945 AB 8.1719126506043 1.0309610358423391
62162.2766 lsst_hardware_i -52.920334007187535 30.6200008392334 31.260000228881836 AB 13.259973776022774 1.0388436724702832
62162.2947 lsst_hardware_z -32.74937970615132 41.0 30.950000762939453 AB 12.440718536270438 1.0267160630742296
62163.2928 lsst_hardware_z 33.114608823956985 45.709999084472656 30.969999313354492 AB 12.105436397833845 1.0264353521240692
62163.3104 lsst_hardware_i -11.717931241108905 30.59000015258789 31.260000228881836 AB 12.139837349497627 1.0260751690001984
62165.309 lsst_hardware_z 30.49560962193526 86.0199966430664 31.739999771118164 AB 11.36781097852864 1.0275058506375596
62167.2936 lsst_hardware_r -103.37516096708272 109.7300033569336 31.670000076293945 AB 10.975037403913126 1.0250099142088889
62167.3109 lsst_hardware_i 103.61084004110661 85.37000274658203 31.34000015258789 AB 11.10660007142965 1.0315647778047832
62169.289 lsst_hardware_z -139.3407359945969 99.95999908447266 31.75 AB 9.326789690610722 1.0250909150531102
62171.2843 lsst_hardware_z 11.728313536943977 51.810001373291016 30.979999542236328 AB 8.186005627168056 1.02518360164494
62171.3034 lsst_hardware_r -109.65463943773051 57.2400016784668 31.649999618530273 AB 8.079347295526986 1.0341013017580272
62173.2892 lsst_hardware_i 11.35869652946053 34.27000045776367 31.280000686645508 AB 3.80317020750565 1.0284397532465253
62173.3084 lsst_hardware_z -7.406022945216649 43.150001525878906 30.959999084472656 AB 3.542117925806084 1.0444874090103076
62175.2229 lsst_hardware_z 26.674217761700632 41.31999969482422 30.950000762939453 AB 7.563809586329654 1.063203877661425
62175.2413 lsst_hardware_i -50.052450867126765 30.700000762939453 31.25 AB 7.428071813864767 1.0386490534418318
62183.2309 lsst_hardware_r 0.08577877858655672 22.940000534057617 31.5 AB 4.11602248325426 1.0297135488784188
62183.2486 lsst_hardware_i -35.21939906196231 30.459999084472656 31.25 AB 3.920102661043082 1.0249304297125517
