data/validation/pwv_sim_epoch_fit_seasonal/19739903.ecsv
# %ECSV 0.9
# ---
# datatype:
# - {name: time, datatype: float64}
# - {name: band, datatype: string}
# - {name: flux, datatype: float64}
# - {name: fluxerr, datatype: float64}
# - {name: zp, datatype: float64}
# - {name: zpsys, datatype: string}
# - {name: pwv, datatype: float64}
# - {name: airmass, datatype: float64}
# meta: {SNID: '19739903', alt: 1024.0, c: -0.07734399288892746, dec: -25.613083, lat: -30.244573, lon: -70.7499537, ra: 196.699219, t0: 60421.87890625,
#   x0: 3.046332163595132e-06, x1: 1.1398720741271973, z: 0.7504964470863342}
# schema: astropy-2.0
time band flux fluxerr zp zpsys pwv airmass
60322.2894 lsst_hardware_r 33.04760596960296 25.729999542236328 31.450000762939453 AB 6.431112868577438 1.4184192475909656
60322.306 lsst_hardware_g -11.341784585289785 15.640000343322754 31.399999618530273 AB 7.201624122207087 1.3058643275179826
60324.2811 lsst_hardware_r 3.561052356555796 25.59000015258789 31.43000030517578 AB 7.938275828207689 1.4407905792620888
60324.298 lsst_hardware_i -2.01560773455738 33.75 31.209999084472656 AB 7.91239136415951 1.3212643173014127
60326.285 lsst_hardware_z 65.8594472959361 45.90999984741211 30.920000076293945 AB 2.8830521244826866 1.3707062398491376
60326.3025 lsst_hardware_i -21.209496149880955 33.220001220703125 31.219999313354492 AB 3.409420288440829 1.2641528692772817
60328.2881 lsst_hardware_u -0.6561368718365216 2.5299999713897705 28.149999618530273 AB 8.544901437842084 1.31500483807973
60328.3066 lsst_hardware_g 21.997811734131417 15.449999809265137 31.389999389648438 AB 8.031682710670779 1.216921622828906
60330.2914 lsst_hardware_r 3.752727586649245 24.809999465942383 31.459999084472656 AB 14.998275017887545 1.26510782920943
60330.3087 lsst_hardware_i -5.870145461155593 32.45000076293945 31.229999542236328 AB 14.187997017623664 1.1841586627403633
60332.2985 lsst_hardware_z 64.91117280341028 73.33000183105469 31.700000762939453 AB 10.853330519998545 1.2042530396669677
60334.3044 lsst_hardware_z 46.54081413726626 58.689998626708984 30.959999084472656 AB 11.352746310876014 1.1584435011097973
60334.3215 lsst_hardware_r -169.70015263220515 76.30999755859375 31.6299991607666 AB 10.812196291306664 1.1032853358476187
60336.2994 lsst_hardware_z -119.05001766851974 88.11000061035156 31.709999084472656 AB 13.743761133221687 1.1567524239609819
60336.3173 lsst_hardware_r 60.4011582437846 118.04000091552734 32.38999938964844 AB 12.993060866165385 1.0998020032305218
60338.3115 lsst_hardware_z 140.43021769801356 85.95999908447266 31.729999542236328 AB 12.179434068000322 1.100733621654219
60340.3033 lsst_hardware_r 165.21368255570596 74.5199966430664 31.639999389648438 AB 11.875617460169023 1.1084463852683724
60340.3213 lsst_hardware_z -11.52056108389937 60.08000183105469 30.979999542236328 AB 11.416284792772203 1.0639594401465242
60346.3046 lsst_hardware_g 8.96677533786287 15.4399995803833 31.450000762939453 AB 3.5337639959410865 1.0646272489090036
60346.322 lsst_hardware_r 1.2715184093548695 24.1200008392334 31.510000228881836 AB 3.525931816147915 1.0339976000433768
60350.2066 lsst_hardware_u -0.16556470301996978 2.5199999809265137 28.149999618530273 AB 4.725875384658008 1.4699456872964254
60350.2254 lsst_hardware_r -31.490959544489908 24.559999465942383 31.450000762939453 AB 5.768890925319005 1.331384935453259
60352.2023 lsst_hardware_z 26.187161583459975 66.38999938964844 31.65999984741211 AB 8.734567381456664 1.460141655208415
60352.2235 lsst_hardware_i -35.93456964893783 46.93000030517578 31.969999313354492 AB 7.69287015678744 1.3094247075382877
60354.2041 lsst_hardware_u -2.1968601591951282 2.5799999237060547 28.200000762939453 AB 1.84371979696852 1.4027794549595638
60354.2241 lsst_hardware_g -1.564149136289528 14.65999984741211 31.3700008392334 AB 2.854253422377727 1.2746944945490406
60356.2046 lsst_hardware_r 1.244675033857262 24.559999465942383 31.440000534057617 AB 5.677527172708073 1.360375505620711
60356.2229 lsst_hardware_i -7.224313882281216 32.689998626708984 31.219999313354492 AB 4.951560198344571 1.252133063179813
60359.2152 lsst_hardware_z -2.669073767496116 68.37000274658203 31.690000534057617 AB 3.2605922942477776 1.249628166809522
60362.2089 lsst_hardware_z 149.47728182658562 57.029998779296875 30.959999084472656 AB 10.045187358662703 1.2401465874892228
60362.2281 lsst_hardware_r -3.2196519042208296 69.73999786376953 31.6200008392334 AB 9.379087491959027 1.1579120360443242
60363.1655 lsst_hardware_r -112.63170003172904 91.22000122070312 31.540000915527344 AB 11.74645355512732 1.5200353990653581
60363.1821 lsst_hardware_z -24.303889687313216 65.72000122070312 30.940000534057617 AB 15.224882471894226 1.3839963461512235
60365.2108 lsst_hardware_i 59.869892815701974 86.16000366210938 31.299999237060547 AB 10.173653665950585 1.193915642182847
60365.231 lsst_hardware_z -19.590564661446773 73.41000366210938 30.979999542236328 AB 9.592433958424035 1.1205023605673943
60369.2107 lsst_hardware_i -30.556757775113034 79.41999816894531 31.309999465942383 AB 4.063196379557948 1.1516996540697133
60369.2305 lsst_hardware_r 26.36030391125486 90.63999938964844 31.639999389648438 AB 3.8341032242601547 1.0910419419284292
60375.2149 lsst_hardware_r -10.377236795319682 23.3799991607666 31.489999771118164 AB 10.551957977739928 1.0890376425151511
60375.2358 lsst_hardware_i 65.38721543206424 30.760000228881836 31.25 AB 10.131898385305243 1.0449834603104677
60381.2166 lsst_hardware_r 28.316830557860733 23.329999923706055 31.510000228881836 AB 14.52090721732637 1.049906527812087
60381.2399 lsst_hardware_z -51.2821055185325 40.900001525878906 30.950000762939453 AB 14.119187583254273 1.0178191741100255
60382.1915 lsst_hardware_g -10.27031337010302 14.630000114440918 31.40999984741211 AB 12.27337412487991 1.1003809593078404
60382.2111 lsst_hardware_r -34.3977133159927 23.530000686645508 31.5 AB 11.901652833147285 1.055040917771167
60386.1709 lsst_hardware_z 44.14029256482655 42.619998931884766 30.940000534057617 AB 7.743593401832429 1.129215224474288
60386.1877 lsst_hardware_g 10.682716532180141 14.670000076293945 31.440000534057617 AB 7.447937724597361 1.0819986525164966
60388.1478 lsst_hardware_r -35.3134845296635 40.89058150874186 31.56999969482422 AB 5.785439275800469 1.1947832672415652
60388.165 lsst_hardware_i 56.05893547842805 39.40853603387114 31.270000457763672 AB 5.211102316281541 1.1306362152921547
60390.1722 lsst_hardware_z 7.582480651034514 50.7574816383526 30.959999084472656 AB 5.160665694175702 1.0935544469381673
60390.1895 lsst_hardware_r -28.02015268898345 55.664812683625435 31.6299991607666 AB 5.081317247763478 1.0545798507983697
60396.1718 lsst_hardware_r 212.2747612209336 136.49706410424915 31.65999984741211 AB 7.569301049122209 1.0571157370404836
60396.1862 lsst_hardware_i 175.80027398130593 106.76949990686172 31.34000015258789 AB 7.413032954779371 1.032983364965308
60398.1564 lsst_hardware_z 134.96187310247385 64.55718008596412 30.969999313354492 AB 6.911024842852458 1.0784995073115746
60398.1748 lsst_hardware_r 332.0968760867467 82.70231587183093 31.649999618530273 AB 7.063549251816706 1.0420007255648809
60400.065 lsst_hardware_r 257.4807126485432 29.477866520026353 31.40999984741211 AB 7.879008913479264 1.5151940218229352
60400.0814 lsst_hardware_g 60.24050387029248 19.856137121967308 31.40999984741211 AB 7.18490788487003 1.381713054782698
60404.0627 lsst_hardware_z 358.3780167320333 50.25706126309586 30.90999984741211 AB 11.248974632324508 1.4406524678800685
60404.08 lsst_hardware_i 567.6926429547972 40.54013820348796 31.209999084472656 AB 10.286260761164435 1.3186950251482117
60414.0587 lsst_hardware_z 631.7285978539536 50.69097960905023 30.93000030517578 AB 13.989723651118505 1.283460885423716
60414.0767 lsst_hardware_g 233.08862789689186 23.005727867219143 31.459999084472656 AB 13.028292852607837 1.1952562250098933
60419.0651 lsst_hardware_z 1243.3191713128826 85.12789011586395 31.709999084472656 AB 8.04077798627396 1.1866555469707372
60427.051 lsst_hardware_i 1100.2188402417241 67.4021097565403 31.299999237060547 AB 1.8778569626089268 1.1565532514528392
60427.0692 lsst_hardware_z 680.1687606035798 62.42441578316135 30.969999313354492 AB 1.814177346167787 1.0988354610343956
60428.0302 lsst_hardware_u 0.40242491460988883 3.7981523873633436 28.530000686645508 AB 10.570433753663144 1.2328114708182225
60428.0474 lsst_hardware_g 117.53767371845566 36.45500904123611 31.6200008392334 AB 9.845841494239734 1.159755562511674
60431.0552 lsst_hardware_i 965.3426625125697 44.27610757924567 31.25 AB 9.30236512532056 1.107424419681019
60431.0735 lsst_hardware_r 594.9303814250424 34.85120604271905 31.520000457763672 AB 8.92583687098052 1.062599627497681
60434.0522 lsst_hardware_u -2.592401333127356 2.906727663095729 28.5 AB 9.841489478557701 1.0931951656270704
60434.0722 lsst_hardware_g 108.63023620913062 17.677801916600014 31.469999313354492 AB 9.448178898377229 1.0493507097025967
60437.0733 lsst_hardware_i 839.334711185639 41.48703771318671 31.25 AB 10.567898838092393 1.0343446058620334
60441.9796 lsst_hardware_r 284.14453502793634 31.107089478634208 31.450000762939453 AB 10.094666520914318 1.2985999255051717
60443.9539 lsst_hardware_y 219.7436646331275 81.23079128339745 29.920000076293945 AB 10.9814668927839 1.437302067028127
60443.9737 lsst_hardware_z 341.9030704784926 50.1184279496867 30.920000076293945 AB 8.488398044616687 1.3011697988784872
60445.9537 lsst_hardware_y 100.02950468608651 76.70936136433382 29.940000534057617 AB 13.324975931856894 1.3969188333853237
60445.9725 lsst_hardware_z 369.1409161441795 52.23099614049752 30.93000030517578 AB 13.282710737336021 1.276938159713134
60454.9549 lsst_hardware_y 43.15791610292073 69.76988451338035 30.0 AB 8.720143748156474 1.2405216765008038
60454.9764 lsst_hardware_g 33.4935696836437 62.15870614911356 31.68000030517578 AB 6.607925772356205 1.1498710740759264
60458.9549 lsst_hardware_y 203.26117800102153 89.60848310554223 30.770000457763672 AB 11.479056423997514 1.190732314650022
60458.9772 lsst_hardware_g 22.943923210415093 21.50394524056936 32.16999816894531 AB 10.657648400794647 1.1119090663322533
60460.9544 lsst_hardware_y 189.8310695969048 63.67025793311697 30.020000457763672 AB 10.296569638581492 1.170729919111021
60460.9732 lsst_hardware_i 225.09220542197153 34.63505317940636 31.239999771118164 AB 7.611890509788207 1.107667419934256
60462.9542 lsst_hardware_z 182.43343397415987 55.22993327499998 30.959999084472656 AB 10.93580878757151 1.1511377671127905
60462.973 lsst_hardware_u -1.8727509853104798 2.751901318352653 28.3700008392334 AB 10.045188514388025 1.0932348603567654
60464.9545 lsst_hardware_y 116.34805172879565 61.8626077937841 30.030000686645508 AB 13.943112787199995 1.1314706473423675
60464.9722 lsst_hardware_r 77.7510631213955 25.004810497330624 31.489999771118164 AB 12.824306917319403 1.0815050740567616
60466.9568 lsst_hardware_y 158.7400658467631 55.76078033022966 30.030000686645508 AB 5.031797782314924 1.1077155272019645
60466.9776 lsst_hardware_z 139.23211500341054 43.37491885673639 30.940000534057617 AB 4.683834402126221 1.0577765135786408
60689.2833 lsst_hardware_i -82.22003704149668 67.61000061035156 31.25 AB 10.050719609433116 1.428792192117297
60689.3021 lsst_hardware_r 116.25255739171781 82.5999984741211 31.59000015258789 AB 10.798773008906302 1.300743556842484
60691.2954 lsst_hardware_z -64.71819356574858 87.4800033569336 31.700000762939453 AB 7.527388711883119 1.3080873597850584
60696.2964 lsst_hardware_z -9.659101070515245 55.939998626708984 30.950000762939453 AB 14.671418981408104 1.2295859018947455
60696.313 lsst_hardware_r 146.39448716553076 55.56999969482422 31.610000610351562 AB 13.982898454595608 1.1594923881251762
60698.29 lsst_hardware_z -55.019131680645906 47.16999816894531 30.93000030517578 AB 11.724070868302617 1.2341127229792228
60698.3081 lsst_hardware_g -34.63465615767407 26.559999465942383 31.579999923706055 AB 10.445100851006622 1.1574267054387584
60702.3015 lsst_hardware_u -1.2471552754098088 2.809999942779541 28.450000762939453 AB 13.513624567713169 1.1420929572397527
60702.3204 lsst_hardware_g -0.19898524477547871 15.119999885559082 31.450000762939453 AB 12.857461455104847 1.0863624279083735
60704.3026 lsst_hardware_r -9.044330298933563 23.920000076293945 31.5 AB 12.397649984204165 1.1207421790095973
60704.3203 lsst_hardware_i -19.512369500017574 31.3700008392334 31.260000228881836 AB 11.861158391979076 1.0735861206516109
60712.3096 lsst_hardware_r -17.132355269821563 23.93000030517578 31.510000228881836 AB 3.491178640522715 1.0508476606284407
60712.3281 lsst_hardware_u 2.6746261554130415 2.880000114440918 28.549999237060547 AB 3.496942069020259 1.023470277023563
60715.1924 lsst_hardware_r 29.883464634518905 60.86000061035156 31.5 AB 9.134843359083268 1.6140249765740065
60715.2126 lsst_hardware_i 9.910023678833486 51.54999923706055 31.239999771118164 AB 7.612167117972288 1.4265680505945066
60717.213 lsst_hardware_z -165.96202747193163 124.98999786376953 32.439998626708984 AB 5.125495771606988 1.3827465492970852
60719.2214 lsst_hardware_r -94.89110033879629 101.55000305175781 31.59000015258789 AB 6.484242363784127 1.2937434883846888
60719.2399 lsst_hardware_i 26.617979463590235 77.76000213623047 31.299999237060547 AB 5.935998517046163 1.2008898476726888
60721.2086 lsst_hardware_z 68.59334585542406 74.54000091552734 30.959999084472656 AB 4.1704174376913485 1.3384955268206205
60721.2285 lsst_hardware_r -211.56879964217518 99.58000183105469 31.6200008392334 AB 3.9298929543102474 1.227899688895607
60723.2213 lsst_hardware_z 54.75309721540587 104.51000213623047 31.719999313354492 AB 5.637460940539073 1.236285293977846
60725.2103 lsst_hardware_r -4.034343939359531 62.45000076293945 31.59000015258789 AB 3.3217813669520266 1.264517222454218
60725.2301 lsst_hardware_z 48.270250869165075 56.459999084472656 30.959999084472656 AB 3.0731401670535416 1.1737008912998885
60730.2129 lsst_hardware_g -24.597944223792407 14.760000228881836 31.399999618530273 AB 9.978187090946035 1.1880208466419853
60730.233 lsst_hardware_r 2.2385473496535537 23.899999618530273 31.5 AB 9.310109444336623 1.1165208903683663
60732.209 lsst_hardware_i -58.19952302701 31.979999542236328 31.229999542236328 AB 6.542082517409359 1.181627836613268
60732.2278 lsst_hardware_z -55.00549258197685 42.290000915527344 30.940000534057617 AB 6.193643682978748 1.1157372953995401
60734.2132 lsst_hardware_r -21.204105895374916 23.950000762939453 31.489999771118164 AB 6.0549343324684415 1.145321752673728
60734.2316 lsst_hardware_u 1.6834268492528404 2.7699999809265137 28.450000762939453 AB 5.76880015408716 1.0899953054486893
60737.2125 lsst_hardware_g 11.211764929717171 14.430000305175781 31.399999618530273 AB 5.827927769923778 1.1207553403699573
60737.2329 lsst_hardware_i 7.869397560199411 31.020000457763672 31.25 AB 5.568896952496717 1.0676225106233919
60739.2097 lsst_hardware_z -30.547950603674618 42.29999923706055 30.940000534057617 AB 12.115916789658126 1.1127259759983583
60739.2299 lsst_hardware_r 2.9127704628696858 23.43000030517578 31.510000228881836 AB 11.54847021960362 1.0624411987031626
60741.2109 lsst_hardware_u 0.5576232335999031 2.690000057220459 28.399999618530273 AB 10.588680187275214 1.0941262367053486
60741.2304 lsst_hardware_g 6.200886504057689 14.479999542236328 31.43000030517578 AB 10.17595975611882 1.0508917285446036
60743.2058 lsst_hardware_r 37.66942958003841 38.58000183105469 31.59000015258789 AB 9.917954304305644 1.0931786394142402
60743.2268 lsst_hardware_i 47.08473659356127 37.43000030517578 31.280000686645508 AB 9.250909902339313 1.0475693010104028
60750.0863 lsst_hardware_r 88.50512934712089 157.08999633789062 31.489999771118164 AB 12.571559491290241 1.740891731622541
60750.1077 lsst_hardware_z 255.04956935379212 104.7300033569336 30.940000534057617 AB 10.84413464134402 1.5055199363236458
60754.1629 lsst_hardware_g -75.95754195724173 55.209999084472656 31.68000030517578 AB 5.369802515982321 1.1308418481587992
60754.1798 lsst_hardware_i -51.56983531852513 51.84000015258789 31.309999465942383 AB 5.62335878916632 1.0829771380195399
60758.1705 lsst_hardware_u 3.0745912924849543 2.9100000858306885 28.56999969482422 AB 6.387335674855516 1.0790785445547182
60758.1865 lsst_hardware_g 13.162765670540418 14.899999618530273 31.479999542236328 AB 6.229149243679234 1.0464321941420744
60760.171 lsst_hardware_i -16.625767806390296 31.559999465942383 31.260000228881836 AB 7.861716331198887 1.0657064296053873
60760.1896 lsst_hardware_z 24.44494379505542 41.61000061035156 30.959999084472656 AB 7.618999095046005 1.0330145881697592
