data/validation/pwv_sim_epoch_fit_seasonal/19755500.ecsv
# %ECSV 0.9
# ---
# datatype:
# - {name: time, datatype: float64}
# - {name: band, datatype: string}
# - {name: flux, datatype: float64}
# - {name: fluxerr, datatype: float64}
# - {name: zp, datatype: float64}
# - {name: zpsys, datatype: string}
# - {name: pwv, datatype: float64}
# - {name: airmass, datatype: float64}
# meta: {SNID: '19755500', alt: 1024.0, c: -0.0010625501163303852, dec: -29.313198, lat: -30.244573, lon: -70.7499537, ra: 193.183594,
#   t0: 60426.94140625, x0: 1.975744562082292e-05, x1: -1.7104310989379883, z: 0.3450855612754822}
# schema: astropy-2.0
time band flux fluxerr zp zpsys pwv airmass
[from data line 133]
60767.0853 lsst_hardware_u 4.698994250244544 2.690000057220459 28.34000015258789 AB 10.911122239980536 1.2519454876440606
60769.0627 lsst_hardware_g -23.16577269821103 19.700000762939453 31.43000030517578 AB 6.572437148688632 1.3506858094305203
60769.0805 lsst_hardware_r 22.017620430692585 26.670000076293945 31.479999542236328 AB 6.064136913691496 1.2486211901904247
60773.0708 lsst_hardware_z -9.326063399411206 74.02999877929688 31.700000762939453 AB 9.331420322140326 1.2425602417461985
60775.0804 lsst_hardware_i 133.10476086768134 71.97000122070312 31.309999465942383 AB 6.64511955886186 1.176231446829252
60775.0992 lsst_hardware_z -4.874490444956738 64.83000183105469 30.979999542236328 AB 5.614414742397504 1.1121323358991426
60778.0787 lsst_hardware_r -49.60647919223893 154.44000244140625 31.6299991607666 AB 8.780648435676921 1.1519633229995523
60778.0954 lsst_hardware_z -62.76500674860368 101.70999908447266 30.989999771118164 AB 7.9679879499689905 1.0997154026594425
60780.0644 lsst_hardware_z -151.35098579875742 110.58000183105469 31.729999542236328 AB 12.92320266270318 1.1856149231837778
60782.0753 lsst_hardware_z -82.62378259361401 56.040000915527344 30.969999313354492 AB 16.479593290445813 1.1267134973384028
60782.0944 lsst_hardware_r 18.922589379681344 64.58999633789062 31.639999389648438 AB 15.275325885471121 1.0748188773903125
60790.0706 lsst_hardware_r -23.35565227531947 23.520000457763672 31.5 AB 14.708655185251047 1.0793956875447959
60790.0888 lsst_hardware_i -2.874470499289019 30.940000534057617 31.260000228881836 AB 13.975150437274234 1.0426623056906914
60794.0745 lsst_hardware_z -98.9416827562686 58.5099983215332 31.690000534057617 AB 8.888703599511793 1.0485259043148543
60795.0537 lsst_hardware_g 11.555070623958537 14.59000015258789 31.440000534057617 AB 11.486842655687294 1.0873487356392142
60795.0737 lsst_hardware_i -33.8818728387492 30.950000762939453 31.260000228881836 AB 11.04321889707666 1.0451243070807663
60797.0499 lsst_hardware_z -9.19933183089311 42.150001525878906 30.940000534057617 AB 9.099094706630698 1.0832255603131782
60797.0694 lsst_hardware_r 33.130546227021746 23.530000686645508 31.510000228881836 AB 8.762411255982688 1.0431441971407962
60799.958 lsst_hardware_y -100.01981221187005 85.55999755859375 29.920000076293945 AB 16.978320721776154 1.504214584862704
60799.977 lsst_hardware_i 39.385198588016976 39.68000030517578 31.229999542236328 AB 14.023112688834935 1.3576447563979992
60801.9661 lsst_hardware_z 26.16395223708422 97.06999969482422 31.690000534057617 AB 5.07444344549552 1.3952917223304668
60805.9559 lsst_hardware_y -35.22764911537054 139.88999938964844 30.700000762939453 AB 12.684313178488525 1.3901124985557671
60805.9739 lsst_hardware_z -105.92759857327074 97.9000015258789 30.969999313354492 AB 9.617795414887988 1.2777161564371609
60807.9558 lsst_hardware_y -85.8623121365733 87.0 29.959999084472656 AB 10.951860185340617 1.3533903386411492
60807.974 lsst_hardware_z -130.94744634510195 81.83000183105469 30.969999313354492 AB 9.695832868914732 1.2486852521730438
60809.963 lsst_hardware_y -48.35561360385706 91.30999755859375 30.729999542236328 AB 8.39764267735625 1.2775966343156118
60809.9914 lsst_hardware_r -15.301639549937509 55.7400016784668 31.6200008392334 AB 7.473754059985217 1.1516982833345166
60813.9555 lsst_hardware_z 29.53968820880252 60.400001525878906 30.950000762939453 AB 11.24482771074042 1.2594542890506641
60813.9763 lsst_hardware_g 2.4878731022332845 14.430000305175781 31.40999984741211 AB 11.235720871637108 1.167024291621805
60817.9549 lsst_hardware_y 66.82932294373644 67.1500015258789 30.010000228881836 AB 3.133806087864207 1.2100026723630017
60817.9743 lsst_hardware_i -29.752846777768607 31.610000610351562 31.239999771118164 AB 2.161324458553121 1.1354475747588513
60822.9571 lsst_hardware_y 194.450723826329 56.38999938964844 30.020000457763672 AB 7.644833519190913 1.147485236848022
60822.9772 lsst_hardware_g 21.53237438319586 14.270000457763672 31.40999984741211 AB 6.967925756985562 1.087464027621625
60823.9551 lsst_hardware_y -87.40663844930867 61.439998626708984 30.030000686645508 AB 10.88658289098279 1.1449517501471822
60823.9749 lsst_hardware_z 47.59029216034399 42.060001373291016 30.940000534057617 AB 9.597378905359946 1.0863829872779178
60825.9559 lsst_hardware_y -57.222546748209034 57.849998474121094 30.040000915527344 AB 10.744773592172363 1.124381142247313
60825.9765 lsst_hardware_u -5.283801046685148 2.9700000286102295 28.520000457763672 AB 9.716798733489311 1.069768753285617
60829.956 lsst_hardware_y -70.16150657927635 57.119998931884766 30.040000915527344 AB 12.676660593944987 1.0928155684435334
60829.9766 lsst_hardware_z -1.129771748306381 47.84000015258789 30.959999084472656 AB 11.316371923519808 1.047812215140723
