data/validation/pwv_sim_epoch_fit_seasonal/197513.ecsv
# %ECSV 0.9
# ---
# datatype:
# - {name: time, datatype: float64}
# - {name: band, datatype: string}
# - {name: flux, datatype: float64}
# - {name: fluxerr, datatype: float64}
# - {name: zp, datatype: float64}
# - {name: zpsys, datatype: string}
# - {name: pwv, datatype: float64}
# - {name: airmass, datatype: float64}
# meta: {SNID: '197513', alt: 1024.0, c: 0.054010748863220215, dec: -40.033035, lat: -30.244573, lon: -70.7499537, ra: 312.539062, t0: 62418.9375,
#   x0: 3.590440100894464e-06, x1: -0.27097180485725403, z: 0.702759861946106}
# schema: astropy-2.0
time band flux fluxerr zp zpsys pwv airmass
62270.4213 lsst_hardware_z 94.47055664998186 42.40999984741211 30.959999084472656 AB 7.902467269522382 1.014437390182584
62270.4333 lsst_hardware_y -74.77581789532061 76.36000061035156 30.079999923706055 AB 7.925195408405286 1.0166915566528414
62272.4064 lsst_hardware_u -1.3402308752500778 2.759999990463257 28.479999542236328 AB 4.451541780643146 1.0154064280665072
62272.4196 lsst_hardware_y 123.80808553623544 47.29999923706055 30.059999465942383 AB 3.7800125423280546 1.0147230662596285
62277.4079 lsst_hardware_r 6.68746906280289 23.010000228881836 31.510000228881836 AB 7.209699965252716 1.0150218168735345
62277.4217 lsst_hardware_y 64.7015133530039 48.20000076293945 30.059999465942383 AB 6.427322666749061 1.0201019998014256
62280.408 lsst_hardware_r 26.936443893922892 23.0 31.5 AB 6.7907851878915295 1.017447713313419
62280.4204 lsst_hardware_g 26.893251496384888 15.210000038146973 31.469999313354492 AB 6.266674101175135 1.024608131647032
62283.392 lsst_hardware_z 101.6338159317743 86.63999938964844 31.739999771118164 AB 5.005511429118715 1.015110815071765
62283.4036 lsst_hardware_i -53.63267165438651 67.69999694824219 31.34000015258789 AB 5.091584160267004 1.0191831377204632
62285.4027 lsst_hardware_z -83.58580728118679 96.97000122070312 31.75 AB 8.295466102272032 1.0217978816618742
62288.3917 lsst_hardware_r -8.960043543988652 74.25 31.65999984741211 AB 6.374717398977272 1.0201180027167982
62288.4035 lsst_hardware_i -91.05566218072742 64.2699966430664 31.329999923706055 AB 6.4006905927165585 1.0286640476857383
62291.3956 lsst_hardware_z -98.88208530617675 61.47999954223633 31.709999084472656 AB 12.010886226691577 1.0289239266435428
62302.3684 lsst_hardware_r 62.16715690936426 32.45000076293945 32.2599983215332 AB 11.621608129975918 1.0315876111200548
62302.3819 lsst_hardware_g 25.84060961410127 20.0 32.18000030517578 AB 12.440849703131672 1.047562285544937
62308.325 lsst_hardware_z -7.235720214323438 40.810001373291016 30.950000762939453 AB 3.046117508484009 1.015372502828003
62308.3375 lsst_hardware_r 10.344175383790327 22.850000381469727 31.5 AB 3.4691692424900786 1.0203438948500232
62310.3143 lsst_hardware_y 4.2034666832001495 69.87999725341797 30.809999465942383 AB 2.7004106166983446 1.014556274276226
62312.3035 lsst_hardware_r 137.3562806364182 102.37000274658203 31.670000076293945 AB 4.06928684497312 1.0144895944587493
62312.3156 lsst_hardware_i -40.452531126359155 80.25 31.34000015258789 AB 4.087457361175564 1.0157486867424623
62314.305 lsst_hardware_z -147.31285639903092 85.58000183105469 31.010000228881836 AB 6.800714028362156 1.0147290403405187
62314.3168 lsst_hardware_r 138.0452318291223 128.11000061035156 31.670000076293945 AB 6.911648260884501 1.0181407175199972
62315.2948 lsst_hardware_z 43.7264195328954 78.31999969482422 31.0 AB 5.499563303625077 1.014523591752522
62315.3088 lsst_hardware_r 40.85085579633547 112.44999694824219 31.670000076293945 AB 5.497360166230225 1.0161479050333229
62323.2406 lsst_hardware_u -1.2723978422788849 2.799999952316284 28.510000228881836 AB 4.487969943449585 1.031282588207964
62323.2531 lsst_hardware_g 12.659491670886686 14.380000114440918 31.440000534057617 AB 4.592363430472029 1.0213574239318028
62325.2421 lsst_hardware_r -31.590065379951465 23.290000915527344 31.510000228881836 AB 1.6267484816855804 1.0252078031735519
62325.2536 lsst_hardware_z -37.115235733261336 41.0099983215332 30.950000762939453 AB 1.6305159745010167 1.018170978509247
62327.2332 lsst_hardware_r -0.8002758142405729 23.170000076293945 31.5 AB 9.92945607501217 1.0280358995387864
62327.2458 lsst_hardware_u 1.5133447273462812 2.7200000286102295 28.450000762939453 AB 9.805369954407624 1.0193045449676787
62328.2271 lsst_hardware_g -13.127663879540991 14.619999885559082 31.440000534057617 AB 8.558430335485308 1.03113618499823
62328.2379 lsst_hardware_r -2.014606614687718 23.299999237060547 31.5 AB 8.485483397789448 1.0223473973240298
62330.2304 lsst_hardware_i -52.5708627723552 30.68000030517578 31.25 AB 6.926033606681193 1.023753489359656
62330.2433 lsst_hardware_z 19.218087815848595 41.029998779296875 30.950000762939453 AB 6.984128297276285 1.0168099044855923
62332.2311 lsst_hardware_r -17.401796254447294 23.219999313354492 31.5 AB 5.902877758106162 1.019862257537599
62332.2425 lsst_hardware_u -1.6600444283512368 2.7300000190734863 28.459999084472656 AB 5.887785221791115 1.0154271724848145
62334.3175 lsst_hardware_i -12.899421469797229 31.34000015258789 31.25 AB 1.9571203111498792 1.0880950580892583
62334.3297 lsst_hardware_z -21.687950913780934 42.43000030517578 30.940000534057617 AB 1.9954773582638377 1.1172885544587767
62343.2148 lsst_hardware_r 55.1624122850624 134.82000732421875 31.670000076293945 AB 10.295221313127856 1.014957491312452
62343.227 lsst_hardware_z -3.4846868809631197 89.3499984741211 31.0 AB 10.317136346121355 1.0149001225813707
62345.2132 lsst_hardware_r 10.770612883448708 83.0 31.65999984741211 AB 2.5971294390079107 1.014503687112465
62345.2258 lsst_hardware_y -72.60556196992641 53.650001525878906 30.059999465942383 AB 2.6302394790326735 1.015830637842106
62347.2101 lsst_hardware_z -42.10456553021069 48.880001068115234 30.969999313354492 AB 4.564913066683854 1.0144251259297452
62347.2228 lsst_hardware_r 39.13870459803067 52.66999816894531 31.639999389648438 AB 4.574669334749111 1.0165931854998025
62348.2099 lsst_hardware_i -0.7865086930473794 40.38999938964844 31.299999237060547 AB 3.246426447876506 1.0145082649614081
62348.2212 lsst_hardware_z -32.98966552308408 45.61000061035156 30.959999084472656 AB 3.254396449724729 1.0169988905389777
62351.2072 lsst_hardware_r -6.5952410364285 23.440000534057617 31.520000457763672 AB 2.3265261506764703 1.0152852501315603
62351.2199 lsst_hardware_u -2.0348305525770356 2.809999942779541 28.510000228881836 AB 2.2671238390051993 1.020231233333173
62352.1943 lsst_hardware_u -5.837572294174475 2.7699999809265137 28.489999771118164 AB 1.249345655546364 1.0144909911054518
62352.2046 lsst_hardware_g -8.972059298123163 14.529999732971191 31.450000762939453 AB 1.2452822259453948 1.015313677900852
62354.1977 lsst_hardware_r 15.203639822539781 23.420000076293945 31.510000228881836 AB 1.6330922564590853 1.0150260049468598
62354.2094 lsst_hardware_z -60.91184151224859 41.060001373291016 30.950000762939453 AB 2.327401673816065 1.0190024841576468
62356.1949 lsst_hardware_r 32.06603291441201 23.360000610351562 31.520000457763672 AB 3.340231247227601 1.0156022744756366
62356.207 lsst_hardware_u -1.9373394109283526 2.799999952316284 28.510000228881836 AB 3.345394561059665 1.0206634478977927
62362.2324 lsst_hardware_r -34.860756753170364 23.360000610351562 31.5 AB 2.6409608846274133 1.0707321648600905
62362.2435 lsst_hardware_u 0.6724787921698404 2.680000066757202 28.389999389648438 AB 2.7042245359140953 1.0934996101553156
62364.2255 lsst_hardware_g 11.618372761757147 14.59000015258789 31.440000534057617 AB 4.721255134115987 1.0680968574438068
62364.2363 lsst_hardware_i 65.96995692228269 31.309999465942383 31.25 AB 4.824920664654099 1.089638813155849
62366.1344 lsst_hardware_z -68.19931714122667 46.790000915527344 30.969999313354492 AB 2.7653518613000236 1.022185261692961
62366.145 lsst_hardware_r -44.17192653879206 45.41999816894531 31.6299991607666 AB 2.7467589539726673 1.0168159997430901
62367.1304 lsst_hardware_i 10.617593332203125 52.029998779296875 31.31999969482422 AB 1.893131456989529 1.023037804371537
62367.1424 lsst_hardware_r 20.576270772006556 60.0099983215332 31.649999618530273 AB 1.8609419921838994 1.0167692895418108
62369.1374 lsst_hardware_z 81.83812837974342 100.55999755859375 31.75 AB 1.8066816486897066 1.0166078863488923
62371.1394 lsst_hardware_r 122.19871802364719 125.16000366210938 31.670000076293945 AB 2.2268020744791217 1.0147966312376369
62371.1507 lsst_hardware_i 45.34182422384366 100.0199966430664 31.350000381469727 AB 2.21930703235032 1.0149269965016705
62376.0236 lsst_hardware_i -20.347179522451768 31.90999984741211 31.229999542236328 AB 4.1738655411929155 1.1906619715284312
62376.0312 lsst_hardware_z -17.308092103134 42.939998626708984 30.940000534057617 AB 4.121413570458565 1.1639671180396043
62380.1177 lsst_hardware_i -39.70712786563644 30.299999237060547 31.25 AB 1.049334239773375 1.0145029710989768
62380.1281 lsst_hardware_r 3.493800661037291 22.739999771118164 31.489999771118164 AB 1.3198974990008512 1.0153057684621931
62382.1115 lsst_hardware_u 0.9017658645544656 2.6600000858306885 28.420000076293945 AB 0.6143145962471369 1.0145575495400612
62382.1236 lsst_hardware_g -6.751704423967105 14.029999732971191 31.43000030517578 AB 0.5245202760972849 1.0155281240992933
62385.1138 lsst_hardware_r 20.13587316623726 22.982660612305445 31.510000228881836 AB 1.3302120134530309 1.015170704746653
62385.1254 lsst_hardware_i 34.91435796942847 30.591281525024474 31.260000228881836 AB 0.6620567362846149 1.019332927305027
62387.103 lsst_hardware_i 23.76820930212092 30.307387005723676 31.25 AB 2.3456623229856257 1.0144866963103694
62387.115 lsst_hardware_z -33.32154659249366 40.90933767011262 30.950000762939453 AB 2.3413890675181794 1.0171108025708862
62389.1001 lsst_hardware_i 5.729541550740592 30.504342462534513 31.260000228881836 AB 3.5697807630437066 1.0147188070050333
62389.1121 lsst_hardware_u 4.147417461558545 2.7889084287804566 28.5 AB 3.576780412375056 1.0181796927648126
62390.0983 lsst_hardware_g -13.728592917582601 14.211058709917785 31.440000534057617 AB 2.6515419212017455 1.014847161497055
62390.1101 lsst_hardware_r 15.164560170881288 23.039261194372845 31.510000228881836 AB 2.7051829304206194 1.0185176695860765
62396.0401 lsst_hardware_z 163.31360535164043 56.650003835353964 30.979999542236328 AB 1.6818790818631748 1.0324610692837168
62396.0446 lsst_hardware_r 67.6666538993852 66.38126036158584 31.649999618530273 AB 0.296213231456008 1.0282206472294173
62401.1436 lsst_hardware_z 591.6196254398862 99.08756246141606 31.729999542236328 AB 3.7684906024009632 1.1091679681344966
62403.0497 lsst_hardware_z 365.50164713750706 58.518715297868 30.979999542236328 AB 3.0520360276235947 1.0152021380275145
62403.0606 lsst_hardware_g 90.746011372056 80.49569610480134 31.739999771118164 AB 3.091941380878166 1.0145828977450915
62411.0521 lsst_hardware_i 1086.3866054462128 44.69936000383306 31.260000228881836 AB 4.951832548883116 1.0182146813104644
62411.0632 lsst_hardware_u -3.6600002245955516 2.9777059546281137 28.5 AB 4.98134952618208 1.02496903830907
62414.032 lsst_hardware_r 1018.4822618671802 38.728604042014105 31.5 AB 2.8077917087570716 1.0147422149465382
62414.0431 lsst_hardware_i 1223.4842554447594 45.86955843939632 31.25 AB 2.8976685109818203 1.0178567452661391
62416.0377 lsst_hardware_z 899.1672928390819 49.71211049945642 30.950000762939453 AB 3.952950620460819 1.0178835124142704
62416.0504 lsst_hardware_u 1.2038162697586472 2.781092427647039 28.450000762939453 AB 4.559446031138715 1.0256317694603192
62418.037 lsst_hardware_g 124.90076575469453 18.831298900305615 31.450000762939453 AB 3.9422926094196953 1.0202620624790533
62418.0477 lsst_hardware_r 975.3176118468118 38.74353816673876 31.510000228881836 AB 3.200934849211701 1.0279174210690907
62420.0808 lsst_hardware_i 1200.5135394527006 46.766386317087644 31.239999771118164 AB 3.2862640595045587 1.084098546131116
62420.0924 lsst_hardware_z 843.4660072758955 51.11281729061899 30.940000534057617 AB 4.66572262708119 1.1108863397812356
62427.079 lsst_hardware_z 1687.2162919936902 91.40542929454313 31.719999313354492 AB 6.628503504464432 1.1260198478701984
62633.4159 lsst_hardware_r 8.337063075796738 23.579999923706055 31.510000228881836 AB 10.736255256848171 1.015945234969413
62633.4282 lsst_hardware_y -21.362075552827825 56.779998779296875 30.06999969482422 AB 10.173582371849516 1.0144501467642275
62639.4138 lsst_hardware_z 77.27255017566526 89.29000091552734 31.739999771118164 AB 7.997688695829626 1.014591766216546
62644.3948 lsst_hardware_z -48.07515359098702 48.4900016784668 30.969999313354492 AB 1.9866331407467213 1.014450965487634
62644.4072 lsst_hardware_r -37.36301934236406 49.209999084472656 31.6299991607666 AB 2.0261650182995776 1.0159610655020446
62646.3809 lsst_hardware_z -29.62504797211372 42.040000915527344 30.950000762939453 AB 8.012338825544786 1.0158059619082263
62646.3953 lsst_hardware_g 14.996873064812764 22.479999542236328 31.600000381469727 AB 8.019506548877668 1.0146564736465622
62649.3522 lsst_hardware_r 1.5128054913887352 23.18000030517578 31.510000228881836 AB 9.258090836146572 1.0272500234281912
62649.3679 lsst_hardware_z 66.37988871364635 40.939998626708984 30.950000762939453 AB 9.242640284028527 1.0174450363117358
62650.3679 lsst_hardware_r 6.168992913117612 32.47999954223633 32.27000045776367 AB 8.656824299677986 1.0164369737983194
62650.3833 lsst_hardware_u 2.779310138510289 2.75 28.489999771118164 AB 8.227812202552316 1.0145476317909103
62655.3918 lsst_hardware_r -21.43949068237743 22.809999465942383 31.5 AB 11.019795033615422 1.023146096617188
62655.4036 lsst_hardware_u 0.11292020493057917 2.609999895095825 28.3700008392334 AB 11.15696651778389 1.033323543316971
62675.3147 lsst_hardware_z 10.12827534431874 42.119998931884766 30.959999084472656 AB 2.6478931929791023 1.0145184647430316
62675.329 lsst_hardware_g 23.995172031383365 24.190000534057617 31.6299991607666 AB 2.7208018529427203 1.018391211332272
62676.3084 lsst_hardware_r -26.788556907509374 25.399999618530273 31.540000915527344 AB 3.492133565642913 1.0144178839921316
62676.3209 lsst_hardware_i -49.21417777790675 31.65999984741211 31.270000457763672 AB 3.4985551334305955 1.0162832631606669
62678.3119 lsst_hardware_z -17.310320500159193 40.86000061035156 30.950000762939453 AB 5.593761308642593 1.0153245356926484
62678.3243 lsst_hardware_u -5.056827099582587 2.7100000381469727 28.459999084472656 AB 5.6438436443888405 1.020186842597326
62680.3019 lsst_hardware_g -41.40688465146299 14.149999618530273 31.420000076293945 AB 5.48455299935526 1.0145932662061994
62680.3135 lsst_hardware_r -44.73873091958989 22.850000381469727 31.489999771118164 AB 5.506951207361828 1.0175759060137133
62682.3374 lsst_hardware_i -16.54835624382875 30.899999618530273 31.25 AB 3.694311380070943 1.0419229237767067
62682.3489 lsst_hardware_z 16.75999660617598 41.779998779296875 30.950000762939453 AB 3.820285244480765 1.05844622584432
62686.247 lsst_hardware_i -30.79500810026528 30.739999771118164 31.260000228881836 AB 7.478491767254688 1.031042063500187
62686.2589 lsst_hardware_z -7.807228500204798 41.040000915527344 30.950000762939453 AB 7.134655967975762 1.0215715876253728
62688.2431 lsst_hardware_r 43.92496062554364 23.010000228881836 31.489999771118164 AB 4.4818881111906 1.0295696109017805
62688.2559 lsst_hardware_u -0.615555721807285 2.6500000953674316 28.389999389648438 AB 4.577922792170621 1.0201120386623979
62695.0302 lsst_hardware_z 23.76595701754567 81.61000061035156 30.81999969482422 AB 13.792656281677786 2.4052763381406357
62695.0411 lsst_hardware_r -57.269205142148856 104.37999725341797 31.389999389648438 AB 12.38862340861533 2.1712841167170644
62697.2276 lsst_hardware_r -318.4625217797569 134.5399932861328 31.670000076293945 AB 5.832735764466502 1.0223901427636288
62697.2389 lsst_hardware_z -34.19811164270783 88.12999725341797 31.0 AB 5.761131782270926 1.0166703145183988
62699.22 lsst_hardware_z -1.5188265842562636 68.97000122070312 30.989999771118164 AB 1.7433149127517735 1.0238732847015115
62699.2322 lsst_hardware_r 56.97864742887403 96.33999633789062 31.65999984741211 AB 1.7348781032247966 1.0171261109389076
62704.2165 lsst_hardware_i -49.57281486164512 32.68000030517578 31.270000457763672 AB 5.136940567471866 1.0179718736629906
62704.2285 lsst_hardware_z -52.2549303645829 41.939998626708984 30.950000762939453 AB 5.1407239346940585 1.01464994270089
62707.2161 lsst_hardware_r -7.984771557965552 23.229999542236328 31.5 AB 5.4873072740492335 1.0153688807973786
62707.2286 lsst_hardware_u -4.718969632849644 2.630000114440918 28.3700008392334 AB 5.483357309884782 1.0146379811971655
