data/validation/pwv_sim_epoch_fit_seasonal/19812004.ecsv
# %ECSV 0.9
# ---
# datatype:
# - {name: time, datatype: float64}
# - {name: band, datatype: string}
# - {name: flux, datatype: float64}
# - {name: fluxerr, datatype: float64}
# - {name: zp, datatype: float64}
# - {name: zpsys, datatype: string}
# - {name: pwv, datatype: float64}
# - {name: airmass, datatype: float64}
# meta: {SNID: '19812004', alt: 1024.0, c: -0.04901939257979393, dec: -17.582775, lat: -30.244573, lon: -70.7499537, ra: 214.277344, t0: 60068.22265625,
#   x0: 5.7113639856757165e-06, x1: 1.3956738710403442, z: 0.5803396701812744}
# schema: astropy-2.0
time band flux fluxerr zp zpsys pwv airmass
59990.3777 lsst_hardware_r 114.27830844537085 100.72000122070312 31.65999984741211 AB 3.023674221352092 1.0268888508582685
59992.3793 lsst_hardware_g 103.09110534411828 107.19000244140625 31.739999771118164 AB 3.382111993535637 1.0248824222835264
59994.3704 lsst_hardware_i -156.06626132632235 116.63999938964844 31.350000381469727 AB 3.1991561487334597 1.0256445040021778
59994.3867 lsst_hardware_y -222.35016826903515 155.0500030517578 30.09000015258789 AB 2.1768978426161554 1.0256291366860566
59996.3655 lsst_hardware_r -82.26719129795678 99.55999755859375 31.670000076293945 AB 5.916662296805493 1.025492129149504
59996.3829 lsst_hardware_y 26.65765778433186 153.77999877929688 30.09000015258789 AB 5.352514618853715 1.0261394930224075
59998.3692 lsst_hardware_g 38.92742756388922 107.33000183105469 31.75 AB 10.092714668519873 1.0245370691828057
59998.3863 lsst_hardware_y -200.87026845637385 153.69000244140625 30.09000015258789 AB 9.99568676170862 1.0304831713101672
60000.3454 lsst_hardware_r 2.4290916700551612 100.73999786376953 31.65999984741211 AB 8.85242415825997 1.0293516463092989
60000.3641 lsst_hardware_z -132.964886584165 143.19000244140625 31.010000228881836 AB 8.811199526765101 1.02455808450757
60002.3462 lsst_hardware_r -223.29619762464216 101.83000183105469 31.65999984741211 AB 5.337290409936978 1.0264020019109572
60002.364 lsst_hardware_u 6.900330932801098 39.66999816894531 29.549999237060547 AB 5.332084186888062 1.0254008051707812
60004.3474 lsst_hardware_g 160.34903406580162 107.23999786376953 31.739999771118164 AB 4.353065231432581 1.0247529725785378
60004.3638 lsst_hardware_r -61.14526382485398 99.43000030517578 31.65999984741211 AB 4.363845331816288 1.0271899564887614
60006.3379 lsst_hardware_i 52.10784682942477 115.23999786376953 31.350000381469727 AB 6.085733607249421 1.0255702068165522
60006.3548 lsst_hardware_z -2.4854473133224744 141.6699981689453 31.010000228881836 AB 6.06705482953162 1.0258800861568516
60009.3349 lsst_hardware_r 70.16977354581691 100.61000061035156 31.65999984741211 AB 7.345256738297635 1.0246216897363634
60009.3535 lsst_hardware_z 136.88040882788968 143.00999450683594 31.010000228881836 AB 7.373105044256684 1.0288292812749158
60011.3365 lsst_hardware_z 0.20946680227031514 143.0399932861328 31.010000228881836 AB 8.355069987737675 1.024816164820184
60011.355 lsst_hardware_i 139.8232870309867 116.37000274658203 31.34000015258789 AB 8.372355844377905 1.0334965861471406
60015.314 lsst_hardware_r 11.076468427799256 100.66000366210938 31.65999984741211 AB 7.688918019922094 1.0253941481525977
60015.332 lsst_hardware_y 458.2897719917306 155.0399932861328 30.09000015258789 AB 7.663697811153554 1.0264797496856946
60017.316 lsst_hardware_g 145.30529422851083 107.2699966430664 31.739999771118164 AB 10.836756492287897 1.0244940433259917
60017.3355 lsst_hardware_r -157.40992666017044 99.51000213623047 31.65999984741211 AB 10.736258235015942 1.0311922619234495
60022.3002 lsst_hardware_g -101.97893415198389 109.95999908447266 31.75 AB 5.635060114930234 1.0245563845327699
60022.3203 lsst_hardware_i 108.45332927884971 119.41000366210938 31.350000381469727 AB 5.665964011160746 1.0301752747564992
60027.2797 lsst_hardware_r -153.83906845400372 99.66000366210938 31.670000076293945 AB 6.261066251091976 1.0258157206671543
60027.3 lsst_hardware_u -42.035877235042015 38.439998626708984 29.559999465942383 AB 6.160618859284113 1.0267698098806854
60029.2377 lsst_hardware_r -105.20125075115318 100.27999877929688 31.649999618530273 AB 6.903352274663737 1.0607079129817947
60029.255 lsst_hardware_i -36.3547864170318 116.44000244140625 31.350000381469727 AB 7.370499516588069 1.0380985234631084
60031.2757 lsst_hardware_z 99.02022269427493 147.49000549316406 31.010000228881836 AB 7.834397668065091 1.0245506976545455
60031.2945 lsst_hardware_r -237.44158411063526 102.0999984741211 31.670000076293945 AB 7.698754602028648 1.0294287665397837
60036.2787 lsst_hardware_z -94.3428514069697 143.2100067138672 31.010000228881836 AB 8.123183962799859 1.0282511345316276
60036.2972 lsst_hardware_r -206.10198672492072 100.51000213623047 31.65999984741211 AB 9.189230253966258 1.043776035511
60038.2746 lsst_hardware_i 112.61233464396929 116.43165537783592 31.34000015258789 AB 6.575593186171778 1.0289772215435036
60038.2932 lsst_hardware_z -83.48813044362585 142.8613261777057 31.010000228881836 AB 7.209651478345497 1.0455336411773815
60040.2519 lsst_hardware_z 184.99550045552988 143.23560388013695 31.010000228881836 AB 14.95785371210219 1.0245105282261775
60040.2695 lsst_hardware_r 66.7597295490207 100.68805704483277 31.65999984741211 AB 15.026033603485429 1.029180383800372
60042.2623 lsst_hardware_y -183.19516172338453 217.26872319180575 30.84000015258789 AB 8.908167773642473 1.028241215864525
60044.2508 lsst_hardware_i 309.5721830134239 117.44837622368713 31.350000381469727 AB 4.139949758984334 1.0257979993353707
60046.2533 lsst_hardware_r 467.80188431250656 102.898093047625 31.65999984741211 AB 5.99815177118728 1.0292838732196106
60046.2706 lsst_hardware_z 378.98202692843495 143.87401414561742 31.010000228881836 AB 6.2117761173270685 1.0446104628482415
60051.1894 lsst_hardware_u -19.940269801324597 38.83852837505689 29.540000915527344 AB 14.292231142530358 1.0440922765205054
60051.2073 lsst_hardware_r 1410.980963773634 106.47943241003347 31.65999984741211 AB 14.05041082284366 1.0287061005132636
60053.2169 lsst_hardware_i 1313.5285157513363 121.04718961777145 31.350000381469727 AB 9.215332289602348 1.0244949738301665
60053.2353 lsst_hardware_z 955.9132203836826 145.47850191775078 31.010000228881836 AB 9.241791465665592 1.029946019929856
60056.2133 lsst_hardware_r 1984.8143172697507 108.73508937371162 31.670000076293945 AB 8.600658976324842 1.024762274518916
60056.2319 lsst_hardware_u 3.9650860528428744 38.29244983958891 29.549999237060547 AB 8.667330462426394 1.0333011996216492
60058.2157 lsst_hardware_g 919.7068757021651 111.87930710644058 31.739999771118164 AB 8.288471886856108 1.026902439108298
60058.2343 lsst_hardware_r 1941.8737303795176 110.53277005042183 31.65999984741211 AB 8.397390175805734 1.0405902859380491
60060.2127 lsst_hardware_i 1661.62731531586 126.01201020268147 31.350000381469727 AB 6.082229264744404 1.0280113690094668
60060.2321 lsst_hardware_z 938.0871462923649 150.6499745879555 31.010000228881836 AB 6.187525734123107 1.044278765850149
60062.1916 lsst_hardware_z 1097.796694843599 147.07400852061932 31.010000228881836 AB 2.331291267244979 1.02451824532849
60062.2096 lsst_hardware_r 2248.343525521448 111.81109988044166 31.65999984741211 AB 2.2034174952290915 1.0292736168301255
60064.198 lsst_hardware_z 1058.1716928854057 146.9476361148751 31.010000228881836 AB 11.351663042175906 1.026394180897028
60064.2161 lsst_hardware_r 2392.6557511597434 111.77701028031278 31.65999984741211 AB 10.278754023726629 1.0387038904303998
60066.1946 lsst_hardware_i 1953.4760054047226 122.7494080770442 31.350000381469727 AB 8.140160383484394 1.027214383681544
60066.2125 lsst_hardware_z 1000.9227680008514 145.6788551205702 31.010000228881836 AB 8.221019230092036 1.0406353455812705
60068.149 lsst_hardware_r 2268.697319966178 112.64618489962558 31.65999984741211 AB 10.461790658311585 1.0376272876025012
60068.1671 lsst_hardware_z 1403.7593361753025 151.25919836786747 31.010000228881836 AB 9.446807128059772 1.0260183147041486
60070.1768 lsst_hardware_y 394.9715682007564 155.08951330717707 30.09000015258789 AB 3.3510553867176145 1.0250488055215747
60070.1962 lsst_hardware_r 2270.393087232274 110.2107610777438 31.65999984741211 AB 3.3759138149717893 1.0353975816506025
60077.1481 lsst_hardware_r 1873.7965762441586 109.86607744693839 31.65999984741211 AB 7.100194991862617 1.0247440002688244
60077.1728 lsst_hardware_g 632.1487958604399 110.0873024266737 31.739999771118164 AB 6.199735396542048 1.031970603652412
60080.1238 lsst_hardware_u 64.03151040159966 54.21829041777818 30.309999465942383 AB 5.478619961305287 1.031366709582953
60080.1442 lsst_hardware_r 1617.7016294796226 107.99203780129199 31.670000076293945 AB 6.731413661718323 1.0244903221548318
60085.1306 lsst_hardware_g 359.16824217023134 153.69690639026632 32.4900016784668 AB 7.345857355540114 1.0244911063826607
60085.1557 lsst_hardware_r 2565.270493517471 150.7858606790733 32.40999984741211 AB 7.396648145960826 1.0358000484470895
60091.1042 lsst_hardware_r 865.0388205252342 105.166253193206 31.65999984741211 AB 6.2609581400850445 1.0260501704498945
60091.1258 lsst_hardware_i 1015.8755759296472 120.39884118158545 31.350000381469727 AB 5.457736096603935 1.0269841491445655
60095.0843 lsst_hardware_z 921.3949247810754 144.17640609120002 31.010000228881836 AB 9.04618423116174 1.0303953486782027
60095.1044 lsst_hardware_r 836.8958832828163 102.99545187047124 31.670000076293945 AB 9.077333203938238 1.024529706990772
60100.0712 lsst_hardware_z 822.5736530028885 145.15079040917678 31.010000228881836 AB 9.805787369201962 1.0300467311853738
60100.0924 lsst_hardware_r 550.4174078673034 103.02905310737555 31.65999984741211 AB 9.272800525931396 1.0246660187962315
60102.066 lsst_hardware_i 437.5338040630016 118.76991592807013 31.350000381469727 AB 3.9480664066848434 1.029885589326945
60102.0849 lsst_hardware_z 562.0515068645198 145.35134078056353 31.010000228881836 AB 4.285871905372011 1.0245112124395248
60121.016 lsst_hardware_i 327.18190651161666 116.36924782641468 31.350000381469727 AB 4.195089363993935 1.0287965414846567
60121.0393 lsst_hardware_z 639.3182356469595 143.20844393097286 31.010000228881836 AB 4.17270604946874 1.025444861634751
60123.0143 lsst_hardware_r 181.90201534976168 100.27888298429528 31.65999984741211 AB 7.417851194590345 1.0269883396029322
60123.0393 lsst_hardware_z 475.9917158963539 142.95967660189376 31.010000228881836 AB 7.4205448065581665 1.0273612654017652
60125.0221 lsst_hardware_z 619.1531079886304 144.4140179288998 31.010000228881836 AB 3.6047441728800367 1.0245116307744881
60125.0436 lsst_hardware_i 222.8006236578767 117.39647648658278 31.350000381469727 AB 3.215960683322998 1.033378717361874
60127.999 lsst_hardware_z 35.029573423385266 142.79762945966925 31.010000228881836 AB 7.502354953976633 1.027719856709128
60128.0217 lsst_hardware_r 43.15691530017531 100.19536929717546 31.65999984741211 AB 6.6695428007870765 1.0258730723113185
60132.0212 lsst_hardware_r 398.8994618837458 175.41621475344112 32.849998474121094 AB 3.092933788567393 1.0309779295224644
60132.0529 lsst_hardware_i 830.0468911377161 202.23120865895015 32.529998779296875 AB 3.392953842416339 1.0708954789320024
60133.9997 lsst_hardware_z 283.9032173268273 148.11634959270577 31.010000228881836 AB 3.0902695903528397 1.0246818205094572
60134.0259 lsst_hardware_r 115.96187043352617 102.35936770960389 31.65999984741211 AB 2.5624911650971813 1.0396556101418075
60138.9729 lsst_hardware_y -90.76657192438716 155.13859208862056 30.079999923706055 AB 8.680707054957855 1.0261287349727557
60138.9942 lsst_hardware_i 76.64456561212025 117.13911270703102 31.350000381469727 AB 8.566323230406496 1.0267677370738633
60142.9588 lsst_hardware_y 257.24624795733007 219.47671085409934 30.84000015258789 AB 2.095838235223008 1.027371683932847
60142.9785 lsst_hardware_g -108.81631322958951 152.93027701478803 32.4900016784668 AB 2.084369670566536 1.0252679146908688
60355.3721 lsst_hardware_i -33.759236397875384 32.040000915527344 31.270000457763672 AB 4.181500905631234 1.030116623916052
60355.389 lsst_hardware_y -27.333130036406256 61.93000030517578 30.06999969482422 AB 2.969517759585618 1.0245015558342654
60357.3295 lsst_hardware_u -4.386792549744672 2.7899999618530273 28.420000076293945 AB 5.336815718387883 1.0790165221164398
60357.3466 lsst_hardware_z 0.5465905136549956 42.0 30.950000762939453 AB 4.345043859367323 1.0499079036770138
60361.368 lsst_hardware_z 35.338145452264776 41.630001068115234 30.959999084472656 AB 5.909021142714274 1.0250560710165708
60361.386 lsst_hardware_y 6.655542875989752 50.13999938964844 30.059999465942383 AB 5.35337062521698 1.0270255396099721
60366.3477 lsst_hardware_z -1.3947344747081363 68.88999938964844 30.989999771118164 AB 6.902155480925897 1.027144682603653
60366.3653 lsst_hardware_r 162.37063065760853 98.22000122070312 31.65999984741211 AB 6.733512884335167 1.0249268060938646
60368.3454 lsst_hardware_i -47.470911233402845 83.13999938964844 31.34000015258789 AB 4.874853638162803 1.0259609887746612
60368.3635 lsst_hardware_r 37.58924889677555 97.93000030517578 31.65999984741211 AB 4.887432378962596 1.025801737635134
60370.3567 lsst_hardware_z 62.94681597056654 94.79000091552734 31.739999771118164 AB 3.2813683344981714 1.0254276045306785
60371.3371 lsst_hardware_r -60.439284748229724 62.540000915527344 31.649999618530273 AB 6.102965505062421 1.025995882050281
60371.3547 lsst_hardware_i 14.77309866777971 56.13999938964844 31.31999969482422 AB 6.139382414924428 1.025623524043506
60383.2428 lsst_hardware_i -38.11965603556486 31.90999984741211 31.239999771118164 AB 10.210151450443337 1.1170232974611165
60383.2609 lsst_hardware_r -13.644174748347712 24.110000610351562 31.5 AB 9.345786149939732 1.074228293096521
60385.3262 lsst_hardware_u 3.292127185592978 2.75 28.43000030517578 AB 8.3640531643286 1.0299923852384214
60385.3467 lsst_hardware_g 1.0711558454912575 15.329999923706055 31.459999084472656 AB 9.243076105328127 1.0502699915152027
60389.1692 lsst_hardware_z 78.09313960327673 52.130001068115234 30.920000076293945 AB 7.340386217693576 1.3849785316402974
60389.186 lsst_hardware_r -30.810005000718714 48.5 31.559999465942383 AB 6.780287456254761 1.2792995200480681
60395.2431 lsst_hardware_r -140.45232705634282 140.02000427246094 31.65999984741211 AB 6.612285775927926 1.0495691707822106
60395.2603 lsst_hardware_y -68.42546484915313 67.94000244140625 30.06999969482422 AB 7.258657342284734 1.0318532027177256
60399.2757 lsst_hardware_i -125.88392552096502 64.08000183105469 31.329999923706055 AB 4.674061312953623 1.025013445823163
60399.2948 lsst_hardware_z 72.98560110171287 60.119998931884766 30.979999542236328 AB 4.20053860241269 1.0350403127095058
60405.1293 lsst_hardware_r -39.033921431516774 43.880001068115234 32.63999938964844 AB 15.7442296871629 1.3586080758651162
60405.1493 lsst_hardware_z 73.86330284989499 77.2699966430664 32.119998931884766 AB 14.415650984132265 1.243103607479176
60415.2367 lsst_hardware_i -7.363796584276101 31.709999084472656 31.270000457763672 AB 16.69865914934947 1.026294032226344
60415.2544 lsst_hardware_z -40.07104194551761 41.849998474121094 30.959999084472656 AB 17.138436678510224 1.0380640023325391
60420.1278 lsst_hardware_z -9.540608028239507 58.290000915527344 30.969999313354492 AB 8.54002726973055 1.1613554456694837
60420.148 lsst_hardware_i -75.54681689758141 59.310001373291016 31.309999465942383 AB 7.962193204594382 1.1005865235461167
60423.2256 lsst_hardware_z 35.79182971374807 103.47000122070312 31.0 AB 8.309026198879286 1.0321130611613298
60423.2437 lsst_hardware_r -72.01653487262818 157.38999938964844 31.65999984741211 AB 8.472622422708971 1.0513025444370558
60429.1935 lsst_hardware_g 28.909132689410004 49.41999816894531 31.719999313354492 AB 11.289716959174182 1.0249557680558805
60429.212 lsst_hardware_r 33.02473756469037 49.970001220703125 31.639999389648438 AB 10.169070383073072 1.0342829925826964
60432.1902 lsst_hardware_i -17.387702741508324 32.029998779296875 31.270000457763672 AB 11.86667730303531 1.0262628472745232
60432.2097 lsst_hardware_z 92.69981074535217 42.47999954223633 30.959999084472656 AB 12.285575260598042 1.0397992941881953
60436.1781 lsst_hardware_r 29.912320673762075 24.559999465942383 31.520000457763672 AB 6.540876033967388 1.025872258990332
60436.195 lsst_hardware_u -3.237921506059381 2.8299999237060547 28.469999313354492 AB 6.62976075097847 1.0361159748351432
60443.1221 lsst_hardware_u -2.042765421882878 2.859999895095825 28.5 AB 6.378536482632354 1.0378917094916233
60443.1425 lsst_hardware_g 8.612961407569767 15.609999656677246 31.469999313354492 AB 6.358944438634515 1.0254156802786252
60445.1211 lsst_hardware_r 35.51471995371713 29.299999237060547 31.549999237060547 AB 5.398015388059851 1.0339044987663684
60445.139 lsst_hardware_z 90.28067931975328 42.459999084472656 30.950000762939453 AB 6.813816646587125 1.0249808802357376
60447.1205 lsst_hardware_r -22.97098048408233 45.79999923706055 31.6200008392334 AB 8.708011193471233 1.0303712858094856
60447.1404 lsst_hardware_y 43.582005739008316 48.720001220703125 30.049999237060547 AB 8.108910399494174 1.0244991029051391
60449.1091 lsst_hardware_z 1.4800703204165797 60.83000183105469 30.979999542236328 AB 8.457095253581805 1.0348024211087943
60449.1309 lsst_hardware_r 11.55868163110621 77.16000366210938 31.65999984741211 AB 7.8893215299884885 1.0245872116868167
60458.0814 lsst_hardware_u -3.1229856574454185 4.519999980926514 28.81999969482422 AB 10.045417678506688 1.0376425656963835
60458.1005 lsst_hardware_g -13.728748391987553 32.369998931884766 31.670000076293945 AB 9.819031591399211 1.0257005736341194
60460.079 lsst_hardware_r -21.217782848373766 24.219999313354492 31.520000457763672 AB 9.472828587094751 1.0348576907928173
60460.0981 lsst_hardware_z -25.005619595198496 41.599998474121094 30.950000762939453 AB 8.927488114533467 1.024969932782258
60464.0816 lsst_hardware_g 1.1896852226783174 15.220000267028809 31.459999084472656 AB 11.797549726489686 1.0265433740691436
60464.1019 lsst_hardware_r -37.546492539240575 24.0 31.510000228881836 AB 11.962929330370942 1.0259508873706535
60466.0692 lsst_hardware_i -19.25827012688201 31.209999084472656 31.25 AB 4.433147148762661 1.030006307798016
60466.0884 lsst_hardware_z -43.768489236439486 41.31999969482422 30.950000762939453 AB 5.224916472076645 1.0244934258973815
60485.0246 lsst_hardware_z -27.677632727994194 50.9900016784668 30.969999313354492 AB 5.181692642491414 1.026416502309293
60485.044 lsst_hardware_g 43.58423490713649 68.12999725341797 31.729999542236328 AB 4.874238386196625 1.025777531687615
60487.0076 lsst_hardware_g 0.3764400656062024 15.539999961853027 31.469999313354492 AB 8.453818532996062 1.032969028958463
60487.0268 lsst_hardware_r -25.382934969104877 24.40999984741211 31.520000457763672 AB 8.409568920729146 1.0246200329855797
60490.0109 lsst_hardware_i -12.056420328683656 31.610000610351562 31.260000228881836 AB 3.5581331315786198 1.026433904970125
60490.0322 lsst_hardware_r -28.32078898757372 24.399999618530273 31.510000228881836 AB 3.6775673379536418 1.0263933402047563
60493.01 lsst_hardware_u -3.431636634795013 2.8299999237060547 28.489999771118164 AB 6.859798452727424 1.024666169995134
60493.0303 lsst_hardware_g -7.367230506005381 15.510000228881836 31.469999313354492 AB 6.677889381439419 1.029373555868783
60497.007 lsst_hardware_z -27.79666967197061 58.81999969482422 31.700000762939453 AB 3.0744448120203423 1.024814937340114
60497.0289 lsst_hardware_r -7.307784931829452 34.810001373291016 32.27000045776367 AB 3.1096061841255107 1.0365353947085036
60498.9983 lsst_hardware_u 0.9643212120231326 2.940000057220459 28.549999237060547 AB 3.0952524340573397 1.0244939790011005
60499.0207 lsst_hardware_g -6.556633101813058 15.930000305175781 31.489999771118164 AB 2.52744750107619 1.0341438220442019
60500.9735 lsst_hardware_y -25.596214253037843 47.959999084472656 30.049999237060547 AB 6.06464486748614 1.0300883002099601
60500.9967 lsst_hardware_r -10.568007539773665 25.489999771118164 31.540000915527344 AB 5.9204379506710785 1.0249178482941363
60502.975 lsst_hardware_y -36.59423312722545 47.880001068115234 30.059999465942383 AB 6.056853338331753 1.026585311581653
60502.9975 lsst_hardware_r 29.300124886683463 29.1200008392334 31.56999969482422 AB 6.056817400707492 1.0266952312194866
60507.9585 lsst_hardware_y -30.738887332725806 76.08999633789062 30.06999969482422 AB 2.087490812384713 1.027814284778293
60507.982 lsst_hardware_i -31.17557087653992 70.72000122070312 31.329999923706055 AB 2.01717632277603 1.0260306829989978
60510.9594 lsst_hardware_y 87.68059744570478 76.76000213623047 30.079999923706055 AB 5.556175868985207 1.0248725778993863
60510.9809 lsst_hardware_r 57.07195188861671 83.08999633789062 31.65999984741211 AB 5.648068956947479 1.0292295979373405
